사용일자,호선명,지하철역,승차총승객수,하차총승객수,승하차총승객수
20211201,분당선,도곡,6798,7055,13853
20211201,3호선,대청,10497,9634,20131
20211201,3호선,학여울,1784,1899,3683
20211201,3호선,대치,10281,10558,20839
20211201,3호선,도곡,5460,5339,10799
20211201,3호선,매봉,12741,12317,25058
20211201,3호선,양재,40152,43654,83806
20211201,3호선,일원,10123,9889,20012
20211201,3호선,남부터미널,28642,29365,58007
20211201,3호선,고속터미널,37630,35814,73444
20211201,3호선,잠원,4793,4777,9570
20211201,3호선,신사,29337,30842,60179
20211201,3호선,압구정,31951,34268,66219
20211201,3호선,옥수,8824,9187,18011
20211201,3호선,금호,7923,7460,15383
20211201,3호선,교대,14499,9419,23918
20211201,3호선,수서,17109,17021,34130
20211201,3호선,가락시장,8843,8708,17551
20211201,3호선,경찰병원,7619,7700,15319
20211201,4호선,숙대입구,12961,12799,25760
20211201,4호선,서울역,11163,16007,27170
20211201,4호선,회현,23287,24568,47855
20211201,4호선,명동,18693,19325,38018
20211201,4호선,충무로,26116,27201,53317
20211201,4호선,동대문역사문화공원,15010,14053,29063
20211201,4호선,동대문,19433,20262,39695
20211201,4호선,혜화,31535,31892,63427
20211201,4호선,한성대입구,13675,13314,26989
20211201,4호선,성신여대입구,20122,19322,39444
20211201,4호선,길음,20475,19875,40350
20211201,4호선,미아사거리,27515,26471,53986
20211201,4호선,미아,15374,14935,30309
20211201,4호선,수유,33453,33658,67111
20211201,3호선,오금,6281,5598,11879
20211201,3호선,약수,13251,13018,26269
20211201,3호선,동대입구,7686,8216,15902
20211201,3호선,충무로,3,0,3
20211201,3호선,을지로3가,10783,11032,21815
20211201,2호선,아현,10566,10053,20619
20211201,2호선,이대,13407,14032,27439
20211201,2호선,신촌,30749,31965,62714
20211201,2호선,홍대입구,48820,51577,100397
20211201,2호선,합정,30006,31389,61395
20211201,분당선,매탄권선,5045,4952,9997
20211201,분당선,수원시청,12397,13328,25725
20211201,분당선,매교,3128,2694,5822
20211201,수인선,고색,4692,4420,9112
20211201,수인선,오목천,3252,3012,6264
20211201,수인선,어천,700,762,1462
20211201,수인선,야목,317,248,565
20211201,수인선,사리,4599,4006,8605
20211201,수인선,달월,96,61,157
20211201,수인선,월곶,2578,2398,4976
20211201,2호선,충정로,10106,10724,20830
20211201,4호선,삼각지,4924,5475,10399
20211201,2호선,용답,2762,2751,5513
20211201,2호선,신설동,3283,3259,6542
20211201,3호선,종로3가,9771,11204,20975
20211201,3호선,안국,21258,21897,43155
20211201,3호선,경복궁,20890,20496,41386
20211201,3호선,독립문,6786,7095,13881
20211201,3호선,무악재,3918,4063,7981
20211201,3호선,홍제,17405,16515,33920
20211201,3호선,녹번,15742,14163,29905
20211201,3호선,불광,16375,17512,33887
20211201,3호선,연신내,35987,34400,70387
20211201,3호선,구파발,20876,19624,40500
20211201,3호선,지축,4472,4205,8677
20211201,2호선,용두,2335,2375,4710
20211201,2호선,신정네거리,10382,10698,21080
20211201,2호선,양천구청,6856,7189,14045
20211201,2호선,도림천,1467,1525,2992
20211201,2호선,신답,1645,1965,3610
20211201,4호선,신용산,17120,17962,35082
20211201,4호선,이촌,7141,7910,15051
20211201,4호선,동작,1365,1558,2923
20211201,5호선,둔촌동,8710,8619,17329
20211201,5호선,상일동,15751,14299,30050
20211201,5호선,고덕,9799,9651,19450
20211201,5호선,명일,8881,9188,18069
20211201,5호선,굽은다리,9598,9201,18799
20211201,5호선,길동,8149,8418,16567
20211201,5호선,강동,18834,17862,36696
20211201,5호선,천호,17463,17645,35108
20211201,5호선,광나루,13480,12434,25914
20211201,5호선,아차산,14260,13752,28012
20211201,5호선,군자,11286,12509,23795
20211201,5호선,장한평,18894,18836,37730
20211201,5호선,답십리,16084,14545,30629
20211201,5호선,마장,5683,5352,11035
20211201,5호선,왕십리,4727,5225,9952
20211201,5호선,올림픽공원,4316,3719,8035
20211201,5호선,행당,8385,7443,15828
20211201,5호선,방이,7142,7476,14618
20211201,5호선,개롱,6687,6860,13547
20211201,6호선,디지털미디어시티,14248,15506,29754
20211201,6호선,증산,10107,9909,20016
20211201,6호선,새절,12692,11742,24434
20211201,6호선,구산,7825,5888,13713
20211201,6호선,독바위,2662,2830,5492
20211201,6호선,불광,4292,4217,8509
20211201,6호선,역촌,3926,4535,8461
20211201,6호선,응암,17518,17365,34883
20211201,5호선,하남검단산,5150,4926,10076
20211201,5호선,하남시청,6100,5986,12086
20211201,5호선,하남풍산,4222,4232,8454
20211201,5호선,미사,16010,15707,31717
20211201,5호선,강일,3694,3738,7432
20211201,5호선,마천,7014,6856,13870
20211201,5호선,거여,9606,8992,18598
20211201,5호선,오금,3760,3803,7563
20211201,수인선,인천논현,5438,5732,11170
20211201,5호선,신금호,6680,6974,13654
20211201,5호선,동대문역사문화공원,3031,3532,6563
20211201,5호선,우장산,14454,14288,28742
20211201,5호선,발산,20597,21186,41783
20211201,5호선,마곡,11208,11026,22234
20211201,5호선,송정,6687,6323,13010
20211201,5호선,김포공항,6790,6463,13253
20211201,5호선,개화산,5614,5322,10936
20211201,5호선,방화,6842,6616,13458
20211201,4호선,쌍문,29754,27195,56949
20211201,4호선,창동,25004,26276,51280
20211201,4호선,노원,18042,20629,38671
20211201,4호선,상계,19142,17570,36712
20211201,4호선,당고개,12912,11344,24256
20211201,4호선,남태령,1240,1127,2367
20211201,4호선,사당,24764,20887,45651
20211201,4호선,총신대입구,18732,20313,39045
20211201,5호선,화곡,28267,26338,54605
20211201,5호선,청구,4126,3838,7964
20211201,5호선,까치산,28953,27782,56735
20211201,5호선,목동,16618,18173,34791
20211201,5호선,을지로4가,5892,6138,12030
20211201,5호선,종로3가,11986,11848,23834
20211201,5호선,광화문,32337,34314,66651
20211201,5호선,서대문,20099,20573,40672
20211201,5호선,충정로,5087,5187,10274
20211201,5호선,애오개,6927,7053,13980
20211201,5호선,공덕,14689,15560,30249
20211201,5호선,마포,15194,15589,30783
20211201,5호선,여의나루,8536,9519,18055
20211201,5호선,여의도,30292,31699,61991
20211201,5호선,신길,4147,4580,8727
20211201,5호선,영등포시장,9756,10134,19890
20211201,5호선,영등포구청,3816,4012,7828
20211201,5호선,양평,7666,7571,15237
20211201,5호선,오목교,21455,23069,44524
20211201,5호선,신정,14118,11344,25462
20211201,6호선,월드컵경기장,3335,3589,6924
20211201,수인선,호구포,3958,4147,8105
20211201,수인선,원인재,4481,4501,8982
20211201,분당선,신갈,4729,4614,9343
20211201,분당선,구성,5064,5355,10419
20211201,분당선,죽전,13256,14648,27904
20211201,분당선,보정,2614,2262,4876
20211201,분당선,이매,5756,5313,11069
20211201,분당선,오리,12030,9839,21869
20211201,분당선,기흥,9858,9251,19109
20211201,분당선,미금,15707,16579,32286
20211201,분당선,수내,13334,13557,26891
20211201,분당선,서현,24394,25083,49477
20211201,분당선,야탑,26387,27648,54035
20211201,중앙선,지평,62,63,125
20211201,2호선,잠실새내,20691,20676,41367
20211201,2호선,잠실,66957,66848,133805
20211201,분당선,정자,17707,19003,36710
20211201,분당선,상갈,5430,5177,10607
20211201,분당선,청명,4429,4282,8711
20211201,분당선,영통,8480,8685,17165
20211201,중앙선,구리,13369,13225,26594
20211201,중앙선,도농,10459,9461,19920
20211201,중앙선,양정,707,619,1326
20211201,중앙선,덕소,5508,4480,9988
20211201,중앙선,도심,2488,1892,4380
20211201,중앙선,팔당,703,748,1451
20211201,중앙선,운길산,569,511,1080
20211201,중앙선,양수,1607,1623,3230
20211201,중앙선,신원,170,135,305
20211201,중앙선,국수,718,659,1377
20211201,중앙선,아신,458,481,939
20211201,중앙선,오빈,286,290,576
20211201,중앙선,양평,2415,2467,4882
20211201,중앙선,원덕,291,268,559
20211201,중앙선,용문,1447,1446,2893
20211201,2호선,잠실나루,14654,14253,28907
20211201,2호선,강변,28841,27365,56206
20211201,2호선,구의,23613,23241,46854
20211201,2호선,건대입구,32304,35487,67791
20211201,1호선,동묘앞,7129,7507,14636
20211201,1호선,서울역,42122,40739,82861
20211201,분당선,모란,19356,19410,38766
20211201,분당선,태평,13477,12800,26277
20211201,분당선,가천대,8955,10005,18960
20211201,분당선,선정릉,8480,9095,17575
20211201,분당선,강남구청,10500,12163,22663
20211201,분당선,압구정로데오,18111,20109,38220
20211201,분당선,서울숲,10612,10790,21402
20211201,분당선,수원,7886,6646,14532
20211201,분당선,복정,1,0,1
20211201,분당선,수서,13399,13817,27216
20211201,분당선,대모산입구,4436,4130,8566
20211201,분당선,개포동,4062,4254,8316
20211201,분당선,구룡,2139,2073,4212
20211201,1호선,시청,23286,23342,46628
20211201,중앙선,양원,2113,2070,4183
20211201,1호선,종각,36061,35299,71360
20211201,1호선,종로5가,21285,21092,42377
20211201,2호선,성수,37177,40069,77246
20211201,2호선,뚝섬,21683,23646,45329
20211201,2호선,한양대,8488,9175,17663
20211201,2호선,왕십리,16335,13267,29602
20211201,2호선,상왕십리,14367,14090,28457
20211201,2호선,신당,13431,14104,27535
20211201,2호선,동대문역사문화공원,12271,13537,25808
20211201,2호선,을지로4가,12759,12396,25155
20211201,2호선,을지로3가,22769,22642,45411
20211201,2호선,을지로입구,40547,41378,81925
20211201,2호선,시청,24680,23881,48561
20211201,1호선,청량리,18469,18467,36936
20211201,1호선,제기동,15112,15323,30435
20211201,1호선,신설동,13529,13234,26763
20211201,1호선,동대문,10342,9659,20001
20211201,1호선,종로3가,23461,21750,45211
20211201,중앙선,망우,7372,7338,14710
20211201,중앙선,상봉,5684,5504,11188
20211201,중앙선,중랑,5549,5270,10819
20211201,우이신설선,북한산우이,2454,2145,4599
20211201,우이신설선,솔밭공원,2440,2367,4807
20211201,우이신설선,4.19민주묘지,2835,2682,5517
20211201,우이신설선,가오리,4108,4023,8131
20211201,우이신설선,화계,3372,3158,6530
20211201,우이신설선,삼양,1988,2114,4102
20211201,우이신설선,삼양사거리,2414,2395,4809
20211201,우이신설선,솔샘,5813,5478,11291
20211201,우이신설선,북한산보국문,5835,5591,11426
20211201,우이신설선,정릉,4603,4253,8856
20211201,우이신설선,성신여대입구,3285,3591,6876
20211201,우이신설선,보문,1455,1467,2922
20211201,우이신설선,신설동,2083,2044,4127
20211201,일산선,원흥,10731,10157,20888
20211201,일산선,삼송,19078,18398,37476
20211201,안산선,수리산,4316,3522,7838
20211201,일산선,원당,11162,10405,21567
20211201,안산선,오이도,8005,7769,15774
20211201,안산선,신길온천,1660,1490,3150
20211201,수인선,연수,4340,4310,8650
20211201,수인선,송도,2497,2288,4785
20211201,수인선,인하대,5803,5641,11444
20211201,수인선,숭의,3971,3631,7602
20211201,수인선,신포,1728,1728,3456
20211201,수인선,인천,978,1611,2589
20211201,안산선,산본,15729,16829,32558
20211201,안산선,대야미,4924,4454,9378
20211201,안산선,반월,4310,4120,8430
20211201,안산선,상록수,15894,15969,31863
20211201,안산선,한대앞,9131,9267,18398
20211201,안산선,중앙,17182,18169,35351
20211201,안산선,고잔,8712,8266,16978
20211201,안산선,초지,4913,5260,10173
20211201,안산선,안산,11143,10207,21350
20211201,안산선,정왕,9126,9563,18689
20211201,수인선,남동인더스파크,2379,2606,4985
20211201,일산선,화정,16623,17118,33741
20211201,일산선,백석,9570,9552,19122
20211201,2호선,역삼,55742,61488,117230
20211201,2호선,선릉,58807,52652,111459
20211201,2호선,삼성,55448,55982,111430
20211201,2호선,종합운동장,6822,7592,14414
20211201,경의선,계양,1,0,1
20211201,일산선,대화,13167,10245,23412
20211201,장항선,봉명,1116,1091,2207
20211201,장항선,쌍용,2420,2262,4682
20211201,장항선,아산,3022,2715,5737
20211201,장항선,탕정,358,297,655
20211201,장항선,배방,947,889,1836
20211201,장항선,온양온천,3033,3065,6098
20211201,장항선,신창,2032,1959,3991
20211201,중앙선,회기,23969,23168,47137
20211201,분당선,망포,14561,13737,28298
20211201,2호선,강남,82909,82231,165140
20211201,일산선,대곡,1939,1591,3530
20211201,2호선,교대,34614,39259,73873
20211201,2호선,방배,17935,18708,36643
20211201,일산선,마두,7584,7767,15351
20211201,일산선,정발산,6894,6939,13833
20211201,일산선,주엽,9017,8998,18015
20211201,2호선,당산,18312,21501,39813
20211201,2호선,영등포구청,23500,23726,47226
20211201,2호선,문래,21773,22343,44116
20211201,2호선,신도림,46920,46071,92991
20211201,2호선,대림,23709,24141,47850
20211201,2호선,구로디지털단지,61490,61375,122865
20211201,2호선,신대방,26028,25320,51348
20211201,2호선,신림,62969,60818,123787
20211201,2호선,봉천,24005,22228,46233
20211201,2호선,서울대입구,46902,46492,93394
20211201,2호선,낙성대,27109,26163,53272
20211201,2호선,사당,36148,39582,75730
20211201,2호선,서초,22409,21943,44352
20211201,6호선,마포구청,14828,13527,28355
20211201,수인선,소래포구,4439,4154,8593
20211201,6호선,합정,12796,12437,25233
20211201,경원선,덕계,3034,2685,5719
20211201,경원선,양주,7616,6972,14588
20211201,경원선,녹양,4457,4170,8627
20211201,경원선,가능,6499,6232,12731
20211201,경원선,의정부,17532,18094,35626
20211201,경원선,회룡,12220,12026,24246
20211201,경원선,망월사,7955,7993,15948
20211201,경원선,도봉산,6978,4428,11406
20211201,경원선,도봉,5932,5740,11672
20211201,경원선,방학,9391,9291,18682
20211201,경원선,녹천,4593,3898,8491
20211201,경원선,월계,7124,6574,13698
20211201,경원선,광운대,7831,7768,15599
20211201,경원선,석계,7878,8973,16851
20211201,경원선,신이문,8362,7788,16150
20211201,경원선,덕정,5635,5478,11113
20211201,경원선,외대앞,8016,8084,16100
20211201,경원선,지행,6187,6255,12442
20211201,경원선,보산,1455,1266,2721
20211201,경의선,능곡,3803,3488,7291
20211201,경의선,행신,7750,7719,15469
20211201,경의선,강매,3244,2778,6022
20211201,경의선,화전,1848,1673,3521
20211201,경의선,수색,2818,2887,5705
20211201,경의선,디지털미디어시티,2474,2291,4765
20211201,경의선,가좌,5256,4998,10254
20211201,경의선,홍대입구,1452,1770,3222
20211201,경의선,서강대,2077,2076,4153
20211201,경의선,공덕,3535,3142,6677
20211201,경의선,효창공원앞,3035,3478,6513
20211201,경의선,신촌,859,1029,1888
20211201,경의선,서울역,4254,5483,9737
20211201,경원선,소요산,1947,1596,3543
20211201,경원선,동두천,2005,2196,4201
20211201,경원선,동두천중앙,2902,2836,5738
20211201,경의선,곡산,547,582,1129
20211201,경원선,청량리,13512,14149,27661
20211201,경원선,응봉,1851,1500,3351
20211201,경부선,병점,14315,14264,28579
20211201,경부선,세류,2991,2766,5757
20211201,경부선,독산,18903,19804,38707
20211201,경부선,수원,32915,34624,67539
20211201,경부선,화서,7864,7531,15395
20211201,경부선,성균관대,14290,14025,28315
20211201,경부선,의왕,9106,9114,18220
20211201,경부선,군포,7807,7685,15492
20211201,경부선,금정,26272,26903,53175
20211201,경부선,명학,9548,9486,19034
20211201,경부선,안양,24218,23932,48150
20211201,경부선,관악,7266,6658,13924
20211201,경부선,석수,9861,8781,18642
20211201,경부선,금천구청,11885,11656,23541
20211201,경부선,가산디지털단지,18564,21516,40080
20211201,경부선,세마,2722,2563,5285
20211201,경원선,왕십리,13612,15733,29345
20211201,경부선,오산대,3798,3487,7285
20211201,경부선,진위,1610,1380,2990
20211201,경원선,옥수,51,26,77
20211201,경원선,한남,4004,3852,7856
20211201,경원선,서빙고,1853,1856,3709
20211201,경원선,이촌,3530,2724,6254
20211201,경부선,광명,3094,2704,5798
20211201,경부선,서동탄,1503,1313,2816
20211201,경부선,당정,6198,5947,12145
20211201,경부선,천안,4919,5040,9959
20211201,경부선,두정,5354,5339,10693
20211201,경부선,직산,712,666,1378
20211201,경부선,성환,4778,4729,9507
20211201,경부선,평택,11103,11083,22186
20211201,경부선,평택지제,3118,3041,6159
20211201,경부선,서정리,7110,6610,13720
20211201,경부선,송탄,4030,3947,7977
20211201,경부선,오산,9613,9555,19168
20211201,경부선,구로,18588,19180,37768
20211201,경의선,백마,6835,6574,13409
20211201,경의선,일산,9206,9187,18393
20211201,공항철도 1호선,마곡나루,8809,8396,17205
20211201,공항철도 1호선,디지털미디어시티,14368,13147,27515
20211201,공항철도 1호선,홍대입구,8326,8764,17090
20211201,공항철도 1호선,공덕,2259,2930,5189
20211201,공항철도 1호선,서울역,7045,6483,13528
20211201,경춘선,춘천,1212,1104,2316
20211201,경춘선,남춘천,2069,2029,4098
20211201,경춘선,김유정,203,211,414
20211201,경춘선,강촌,345,371,716
20211201,경춘선,백양리,83,90,173
20211201,경춘선,굴봉산,95,102,197
20211201,경춘선,가평,1288,1309,2597
20211201,경춘선,상천,190,174,364
20211201,경춘선,청평,1394,1353,2747
20211201,경춘선,대성리,378,360,738
20211201,공항철도 1호선,김포공항,10525,6656,17181
20211201,경춘선,마석,3718,3645,7363
20211201,공항철도 1호선,계양,10077,9437,19514
20211201,공항철도 1호선,청라국제도시,6876,6390,13266
20211201,6호선,망원,13528,14535,28063
20211201,분당선,선릉,14350,21496,35846
20211201,과천선,범계,25829,25857,51686
20211201,과천선,평촌,18523,18149,36672
20211201,과천선,인덕원,24301,25346,49647
20211201,과천선,정부과천청사,10938,10831,21769
20211201,과천선,과천,6038,5591,11629
20211201,과천선,대공원,2028,2090,4118
20211201,과천선,경마공원,1565,1524,3089
20211201,과천선,선바위,8426,7387,15813
20211201,공항철도 1호선,영종,2839,2872,5711
20211201,공항철도 1호선,인천공항2터미널,2304,2066,4370
20211201,공항철도 1호선,인천공항1터미널,3949,4048,7997
20211201,공항철도 1호선,공항화물청사,2311,2670,4981
20211201,공항철도 1호선,운서,6453,6332,12785
20211201,공항철도 1호선,검암,6770,6648,13418
20211201,경의선,풍산,5603,5161,10764
20211201,경춘선,천마산,1588,1387,2975
20211201,경춘선,금곡,1423,1382,2805
20211201,경인선,부평,27638,29505,57143
20211201,경인선,송내,27080,27101,54181
20211201,경인선,부천,31708,31549,63257
20211201,경인선,역곡,27514,27217,54731
20211201,경인선,오류동,11934,11092,23026
20211201,경인선,개봉,20951,21064,42015
20211201,경의선,임진강,4,3,7
20211201,경의선,문산,4734,4620,9354
20211201,경의선,파주,1417,957,2374
20211201,경의선,월롱,2925,2639,5564
20211201,경의선,금촌,6274,6357,12631
20211201,경의선,금릉,4722,4510,9232
20211201,경의선,운정,7015,6611,13626
20211201,경의선,야당,7115,6951,14066
20211201,경의선,탄현,7796,7394,15190
20211201,경인선,백운,6821,6668,13489
20211201,경춘선,평내호평,6079,5954,12033
20211201,경인선,동암,14338,14480,28818
20211201,경인선,제물포,10787,10327,21114
20211201,경춘선,사릉,3442,3218,6660
20211201,경춘선,퇴계원,3610,3273,6883
20211201,경춘선,별내,3361,3119,6480
20211201,경춘선,갈매,3173,2748,5921
20211201,경춘선,신내,2151,2010,4161
20211201,경인선,도화,4201,3872,8073
20211201,경인선,중동,9457,8801,18258
20211201,경인선,온수,6897,6727,13624
20211201,경인선,도원,2903,2979,5882
20211201,경인선,간석,5838,5514,11352
20211201,경인선,부개,8438,7984,16422
20211201,경인선,소사,8627,6299,14926
20211201,경인선,구일,6565,6603,13168
20211201,경인선,인천,2980,2234,5214
20211201,경인선,동인천,13621,12802,26423
20211201,경인선,주안,18577,16851,35428
20211201,경부선,신길,8972,7636,16608
20211201,분당선,한티,14208,15352,29560
20211201,7호선,면목,16610,16331,32941
20211201,7호선,내방,14730,15208,29938
20211201,7호선,고속터미널,14437,12875,27312
20211201,7호선,반포,5753,5630,11383
20211201,7호선,논현,20595,22673,43268
20211201,7호선,학동,25569,27016,52585
20211201,7호선,강남구청,16901,18644,35545
20211201,7호선,이수,15749,15299,31048
20211201,7호선,청담,19783,22564,42347
20211201,7호선,건대입구,12153,12570,24723
20211201,7호선,어린이대공원,12401,12350,24751
20211201,7호선,군자,15017,12100,27117
20211201,7호선,중곡,11019,10360,21379
20211201,7호선,용마산,6189,5930,12119
20211201,7호선,사가정,16363,16412,32775
20211201,7호선,뚝섬유원지,7107,6903,14010
20211201,7호선,남성,11182,10384,21566
20211201,7호선,숭실대입구,13368,13437,26805
20211201,7호선,상도,10553,10132,20685
20211201,7호선,부천시청,12991,13045,26036
20211201,7호선,신중동,14428,14394,28822
20211201,7호선,춘의,10460,10239,20699
20211201,7호선,부천종합운동장,4990,4345,9335
20211201,7호선,까치울,7860,7514,15374
20211201,7호선,온수,11352,10467,21819
20211201,7호선,천왕,11890,11178,23068
20211201,7호선,광명사거리,22454,22211,44665
20211201,7호선,철산,21221,21845,43066
20211201,7호선,가산디지털단지,48278,48141,96419
20211201,7호선,남구로,16559,17303,33862
20211201,7호선,대림,7919,8076,15995
20211201,7호선,신풍,11697,11281,22978
20211201,7호선,보라매,10319,10229,20548
20211201,7호선,신대방삼거리,16646,15963,32609
20211201,경부선,신도림,3919,3898,7817
20211201,7호선,상봉,16878,15841,32719
20211201,7호선,중화,11016,11037,22053
20211201,7호선,먹골,10084,9907,19991
20211201,6호선,창신,3685,3128,6813
20211201,6호선,동묘앞,7501,7703,15204
20211201,6호선,신당,9285,9533,18818
20211201,6호선,청구,3776,3999,7775
20211201,6호선,약수,3598,3515,7113
20211201,6호선,버티고개,1880,1956,3836
20211201,6호선,한강진,8787,9874,18661
20211201,6호선,이태원,9014,9279,18293
20211201,6호선,녹사평,4547,4503,9050
20211201,6호선,삼각지,6092,5534,11626
20211201,6호선,효창공원앞,7116,6593,13709
20211201,6호선,공덕,18707,18333,37040
20211201,6호선,대흥,8228,8379,16607
20211201,6호선,광흥창,9397,9192,18589
20211201,6호선,상수,7887,8855,16742
20211201,6호선,보문,7193,6638,13831
20211201,7호선,상동,13311,13818,27129
20211201,6호선,안암,10638,10715,21353
20211201,6호선,월곡,11657,11415,23072
20211201,7호선,태릉입구,8531,8004,16535
20211201,7호선,공릉,12237,12083,24320
20211201,7호선,하계,18258,17066,35324
20211201,7호선,중계,14558,13418,27976
20211201,7호선,노원,19181,19895,39076
20211201,7호선,마들,13115,12567,25682
20211201,7호선,수락산,12494,12117,24611
20211201,7호선,도봉산,9196,10477,19673
20211201,7호선,장암,2287,847,3134
20211201,6호선,봉화산,8984,8373,17357
20211201,6호선,화랑대,12015,9329,21344
20211201,6호선,태릉입구,5434,6001,11435
20211201,6호선,석계,12375,12954,25329
20211201,6호선,돌곶이,9349,8641,17990
20211201,6호선,상월곡,6358,5666,12024
20211201,6호선,고려대,7776,7559,15335
20211201,7호선,삼산체육관,5806,5328,11134
20211201,7호선,장승배기,9388,9261,18649
20211201,7호선,부평구청,7593,6735,14328
20211201,7호선,굴포천,9238,9856,19094
20211201,9호선2~3단계,한성백제,2645,2399,5044
20211201,9호선2~3단계,송파나루,4953,5164,10117
20211201,9호선2~3단계,석촌,8189,7397,15586
20211201,9호선2~3단계,석촌고분,6171,6126,12297
20211201,9호선2~3단계,삼전,7102,6787,13889
20211201,9호선2~3단계,종합운동장,4342,4203,8545
20211201,9호선2~3단계,봉은사,16979,17406,34385
20211201,9호선2~3단계,삼성중앙,7049,7513,14562
20211201,9호선2~3단계,선정릉,9827,10856,20683
20211201,9호선2~3단계,언주,10860,11060,21920
20211201,9호선,신논현,31011,30911,61922
20211201,9호선,사평,3494,3497,6991
20211201,9호선,고속터미널,11503,14355,25858
20211201,9호선,신반포,3321,3264,6585
20211201,9호선2~3단계,둔촌오륜,1331,1161,2492
20211201,9호선,구반포,1700,1750,3450
20211201,9호선2~3단계,중앙보훈병원,10683,9307,19990
20211201,경강선,이매,1110,910,2020
20211201,경부선,영등포,34963,36325,71288
20211201,경부선,대방,12938,13415,26353
20211201,경부선,노량진,7728,7977,15705
20211201,경부선,용산,31447,32071,63518
20211201,경부선,남영,9432,9793,19225
20211201,경부선,서울역,5249,1732,6981
20211201,경강선,여주,2314,2258,4572
20211201,경강선,세종대왕릉,274,253,527
20211201,경강선,부발,1999,1865,3864
20211201,경강선,이천,2470,2557,5027
20211201,경강선,신둔도예촌,1523,1409,2932
20211201,경강선,곤지암,2171,2103,4274
20211201,경강선,초월,3127,2919,6046
20211201,경강선,경기광주,7505,7078,14583
20211201,경강선,삼동,2444,2253,4697
20211201,경강선,판교,4947,4923,9870
20211201,9호선,동작,1747,1450,3197
20211201,9호선2~3단계,올림픽공원,5631,5473,11104
20211201,9호선,노들,4543,3903,8446
20211201,8호선,신흥,4217,4530,8747
20211201,8호선,단대오거리,10435,10164,20599
20211201,8호선,남한산성입구,14080,12848,26928
20211201,8호선,산성,5948,5948,11896
20211201,8호선,복정,11574,9941,21515
20211201,8호선,장지,17884,17029,34913
20211201,8호선,문정,23172,24274,47446
20211201,8호선,가락시장,7799,8659,16458
20211201,8호선,송파,7768,7757,15525
20211201,8호선,석촌,7810,8876,16686
20211201,8호선,잠실,13942,16606,30548
20211201,8호선,몽촌토성,6210,6455,12665
20211201,8호선,강동구청,10820,11065,21885
20211201,8호선,천호,14852,17038,31890
20211201,9호선,흑석,7835,8228,16063
20211201,8호선,수진,5192,4813,10005
20211201,8호선,모란,4226,3229,7455
20211201,8호선,암사,19116,16885,36001
20211201,9호선,노량진,26059,25126,51185
20211201,9호선,개화,2570,1715,4285
20211201,9호선,샛강,6126,6336,12462
20211201,9호선,여의도,28204,27213,55417
20211201,9호선,국회의사당,17617,17917,35534
20211201,9호선,당산,18216,18543,36759
20211201,9호선,신목동,4179,3689,7868
20211201,9호선,염창,17377,16902,34279
20211201,9호선,선유도,8982,8676,17658
20211201,9호선,증미,7613,7625,15238
20211201,9호선,가양,20726,19928,40654
20211201,9호선,양천향교,9849,10102,19951
20211201,9호선,마곡나루,11636,11744,23380
20211201,9호선,신방화,7079,6884,13963
20211201,9호선,공항시장,2912,3200,6112
20211201,9호선,김포공항,6920,10825,17745
20211201,9호선,등촌,11868,11488,23356
20211202,6호선,청구,3855,4075,7930
20211202,6호선,안암,10320,10224,20544
20211202,6호선,보문,7145,6570,13715
20211202,6호선,창신,3643,3045,6688
20211202,6호선,동묘앞,7415,7608,15023
20211202,6호선,신당,8394,8866,17260
20211202,6호선,약수,3580,3565,7145
20211202,6호선,대흥,8236,8351,16587
20211202,6호선,한강진,7946,9300,17246
20211202,6호선,이태원,9122,9507,18629
20211202,6호선,녹사평,4438,4587,9025
20211202,6호선,삼각지,6223,5716,11939
20211202,6호선,효창공원앞,6962,6259,13221
20211202,6호선,공덕,18606,18008,36614
20211202,6호선,고려대,7743,7378,15121
20211202,6호선,버티고개,1931,2006,3937
20211202,6호선,월곡,11532,11416,22948
20211202,7호선,수락산,12457,12133,24590
20211202,6호선,돌곶이,9224,8482,17706
20211202,7호선,면목,16389,15983,32372
20211202,7호선,상봉,16737,15622,32359
20211202,7호선,중화,10908,10736,21644
20211202,7호선,먹골,9896,9720,19616
20211202,7호선,태릉입구,8478,7957,16435
20211202,7호선,공릉,12146,12007,24153
20211202,7호선,하계,17871,16831,34702
20211202,7호선,노원,18870,19688,38558
20211202,7호선,마들,13072,12517,25589
20211202,7호선,도봉산,9070,10391,19461
20211202,7호선,장암,2271,840,3111
20211202,6호선,봉화산,8995,8272,17267
20211202,6호선,화랑대,11839,9227,21066
20211202,6호선,태릉입구,5455,5834,11289
20211202,6호선,석계,12150,12583,24733
20211202,6호선,상월곡,6243,5600,11843
20211202,6호선,광흥창,9236,9037,18273
20211202,9호선,구반포,1615,1740,3355
20211202,6호선,합정,12504,12706,25210
20211202,5호선,개롱,6541,6790,13331
20211202,5호선,오금,3897,3882,7779
20211202,5호선,방이,7149,7363,14512
20211202,5호선,올림픽공원,4204,3671,7875
20211202,5호선,둔촌동,8568,8510,17078
20211202,5호선,상일동,15860,14168,30028
20211202,5호선,고덕,9809,9575,19384
20211202,5호선,명일,8751,8970,17721
20211202,5호선,굽은다리,9559,8900,18459
20211202,5호선,길동,7926,8408,16334
20211202,5호선,강동,18702,17628,36330
20211202,5호선,천호,17146,17253,34399
20211202,5호선,광나루,13381,12280,25661
20211202,5호선,아차산,14471,13703,28174
20211202,5호선,군자,11155,12229,23384
20211202,5호선,거여,9477,8901,18378
20211202,6호선,상수,7685,8632,16317
20211202,5호선,마천,6951,6801,13752
20211202,5호선,미사,15793,15512,31305
20211202,6호선,망원,13376,14467,27843
20211202,6호선,마포구청,14870,13193,28063
20211202,6호선,월드컵경기장,3583,3838,7421
20211202,6호선,디지털미디어시티,13952,15397,29349
20211202,6호선,증산,10105,9880,19985
20211202,6호선,새절,13061,11871,24932
20211202,6호선,구산,7705,5820,13525
20211202,6호선,연신내,1,0,1
20211202,6호선,독바위,2668,2756,5424
20211202,6호선,불광,4204,4135,8339
20211202,6호선,역촌,3930,4498,8428
20211202,6호선,응암,17510,17308,34818
20211202,5호선,하남검단산,5176,4939,10115
20211202,5호선,하남시청,5976,5963,11939
20211202,5호선,하남풍산,4237,4243,8480
20211202,5호선,강일,3775,3821,7596
20211202,7호선,사가정,16099,16033,32132
20211202,9호선,동작,1802,1482,3284
20211202,7호선,중곡,10851,10013,20864
20211202,9호선,개화,2538,1763,4301
20211202,8호선,모란,4143,3278,7421
20211202,8호선,수진,5296,4753,10049
20211202,8호선,신흥,4213,4587,8800
20211202,8호선,단대오거리,10244,10051,20295
20211202,8호선,남한산성입구,13984,12637,26621
20211202,8호선,산성,5818,5843,11661
20211202,8호선,복정,11550,9992,21542
20211202,8호선,장지,17403,16659,34062
20211202,8호선,문정,22795,24038,46833
20211202,8호선,가락시장,7729,8553,16282
20211202,8호선,송파,7593,7620,15213
20211202,8호선,석촌,7705,8767,16472
20211202,8호선,잠실,13688,16244,29932
20211202,8호선,몽촌토성,6592,6628,13220
20211202,9호선,김포공항,6952,11019,17971
20211202,8호선,강동구청,10724,11089,21813
20211202,9호선,공항시장,2838,3111,5949
20211202,9호선,마곡나루,11808,11628,23436
20211202,5호선,장한평,19157,18964,38121
20211202,9호선,흑석,7822,8224,16046
20211202,9호선,노들,4355,3647,8002
20211202,9호선,노량진,25752,24879,50631
20211202,9호선,샛강,5977,6372,12349
20211202,9호선,여의도,28057,27137,55194
20211202,9호선,국회의사당,17811,18281,36092
20211202,9호선,당산,18209,18040,36249
20211202,9호선,선유도,8996,8598,17594
20211202,9호선,신목동,4137,3655,7792
20211202,9호선,염창,17287,16702,33989
20211202,9호선,등촌,11829,11535,23364
20211202,9호선,증미,7460,7296,14756
20211202,9호선,가양,20369,19666,40035
20211202,9호선,양천향교,9724,10025,19749
20211202,9호선,신방화,6849,6668,13517
20211202,7호선,용마산,6162,5946,12108
20211202,8호선,천호,14919,16761,31680
20211202,7호선,부평구청,7674,6722,14396
20211202,7호선,상도,10667,10305,20972
20211202,7호선,숭실대입구,13058,13137,26195
20211202,7호선,남성,11117,10302,21419
20211202,7호선,이수,15506,15232,30738
20211202,7호선,내방,14923,15109,30032
20211202,7호선,고속터미널,14714,12760,27474
20211202,7호선,반포,5849,5614,11463
20211202,7호선,논현,20526,22764,43290
20211202,7호선,학동,25235,26999,52234
20211202,7호선,강남구청,16859,18699,35558
20211202,7호선,청담,19599,22431,42030
20211202,7호선,뚝섬유원지,7280,7093,14373
20211202,7호선,건대입구,11542,11872,23414
20211202,7호선,어린이대공원,12353,12372,24725
20211202,7호선,군자,14729,11883,26612
20211202,7호선,장승배기,9223,8913,18136
20211202,8호선,암사,19156,16798,35954
20211202,7호선,신대방삼거리,16628,15827,32455
20211202,7호선,신풍,11632,11073,22705
20211202,7호선,굴포천,9047,9559,18606
20211202,7호선,삼산체육관,5313,4830,10143
20211202,7호선,상동,13103,13632,26735
20211202,7호선,부천시청,12612,12660,25272
20211202,7호선,신중동,14341,14338,28679
20211202,7호선,춘의,10263,10111,20374
20211202,7호선,부천종합운동장,5011,4463,9474
20211202,7호선,까치울,7777,7360,15137
20211202,7호선,온수,11064,10402,21466
20211202,7호선,천왕,11612,10953,22565
20211202,7호선,광명사거리,22211,21863,44074
20211202,7호선,철산,20918,21509,42427
20211202,7호선,가산디지털단지,47624,47670,95294
20211202,7호선,남구로,16195,17032,33227
20211202,7호선,대림,7850,7855,15705
20211202,7호선,보라매,10269,10189,20458
20211202,5호선,답십리,16034,14423,30457
20211202,3호선,압구정,31383,34024,65407
20211202,5호선,왕십리,4680,5330,10010
20211202,2호선,용답,2775,2811,5586
20211202,2호선,충정로,10067,10621,20688
20211202,2호선,이대,13123,13824,26947
20211202,2호선,신촌,30506,31803,62309
20211202,2호선,홍대입구,47933,50681,98614
20211202,2호선,합정,30360,31868,62228
20211202,2호선,신답,1689,1901,3590
20211202,2호선,영등포구청,23656,23866,47522
20211202,2호선,신도림,46770,46386,93156
20211202,2호선,대림,23615,23924,47539
20211202,2호선,구로디지털단지,61046,61304,122350
20211202,2호선,신대방,25971,25213,51184
20211202,2호선,신림,62641,60331,122972
20211202,2호선,봉천,23719,21641,45360
20211202,2호선,문래,21750,22195,43945
20211202,2호선,신설동,3166,3285,6451
20211202,2호선,도림천,1403,1455,2858
20211202,2호선,양천구청,6785,7019,13804
20211202,3호선,충무로,1,0,1
20211202,3호선,을지로3가,10584,10968,21552
20211202,3호선,종로3가,9759,10985,20744
20211202,3호선,안국,21007,21787,42794
20211202,3호선,경복궁,20543,20452,40995
20211202,3호선,독립문,6795,7054,13849
20211202,3호선,무악재,3981,4034,8015
20211202,3호선,홍제,17251,16298,33549
20211202,3호선,녹번,15604,14077,29681
20211202,3호선,불광,15974,17031,33005
20211202,3호선,연신내,35801,33829,69630
20211202,3호선,구파발,20489,19393,39882
20211202,3호선,지축,4474,4182,8656
20211202,2호선,용두,2500,2570,5070
20211202,2호선,신정네거리,10124,10446,20570
20211202,2호선,서울대입구,46743,45696,92439
20211202,2호선,낙성대,26730,25869,52599
20211202,2호선,사당,36677,39828,76505
20211202,2호선,방배,17210,18188,35398
20211202,2호선,동대문역사문화공원,12111,13324,25435
20211202,2호선,을지로4가,12798,12909,25707
20211202,2호선,을지로3가,22258,22441,44699
20211202,2호선,을지로입구,39116,40809,79925
20211202,2호선,시청,24233,23353,47586
20211202,1호선,청량리,18790,18649,37439
20211202,1호선,제기동,15682,15874,31556
20211202,1호선,신설동,13551,13253,26804
20211202,1호선,동대문,10483,9773,20256
20211202,1호선,종로5가,22073,21845,43918
20211202,1호선,종로3가,23381,21737,45118
20211202,1호선,동묘앞,7200,7465,14665
20211202,2호선,아현,10365,9915,20280
20211202,1호선,종각,35251,34648,69899
20211202,1호선,시청,22746,23310,46056
20211202,2호선,신당,13568,14017,27585
20211202,3호선,동대입구,7584,7909,15493
20211202,2호선,상왕십리,14134,13894,28028
20211202,2호선,한양대,8405,9039,17444
20211202,2호선,서초,21999,21493,43492
20211202,2호선,교대,33964,38767,72731
20211202,2호선,강남,81786,81332,163118
20211202,2호선,역삼,54374,60859,115233
20211202,2호선,선릉,58153,52380,110533
20211202,2호선,삼성,53743,55358,109101
20211202,2호선,종합운동장,6764,7232,13996
20211202,2호선,잠실새내,20668,20532,41200
20211202,2호선,잠실,65691,65969,131660
20211202,2호선,잠실나루,14326,13786,28112
20211202,2호선,강변,29030,27426,56456
20211202,2호선,구의,23638,23098,46736
20211202,2호선,건대입구,32195,34901,67096
20211202,2호선,성수,36685,40359,77044
20211202,2호선,뚝섬,21704,23429,45133
20211202,2호선,왕십리,16187,13345,29532
20211202,3호선,약수,12920,12516,25436
20211202,3호선,금호,7976,7305,15281
20211202,3호선,옥수,8814,9032,17846
20211202,5호선,목동,16449,17994,34443
20211202,5호선,신정,14035,11319,25354
20211202,5호선,까치산,28931,27459,56390
20211202,5호선,화곡,28334,26250,54584
20211202,5호선,우장산,14563,14241,28804
20211202,5호선,발산,20486,21081,41567
20211202,5호선,마곡,10868,10724,21592
20211202,5호선,송정,6619,6172,12791
20211202,5호선,김포공항,6988,6645,13633
20211202,5호선,개화산,5607,5364,10971
20211202,5호선,방화,6763,6549,13312
20211202,4호선,쌍문,29147,26549,55696
20211202,4호선,창동,24648,26230,50878
20211202,4호선,노원,18215,20481,38696
20211202,4호선,상계,18829,17393,36222
20211202,5호선,오목교,21401,23211,44612
20211202,4호선,당고개,12576,11330,23906
20211202,5호선,양평,7722,7601,15323
20211202,5호선,영등포시장,9864,10092,19956
20211202,5호선,행당,8320,7239,15559
20211202,5호선,신금호,6504,6693,13197
20211202,5호선,청구,4045,3716,7761
20211202,5호선,동대문역사문화공원,3053,3543,6596
20211202,5호선,을지로4가,6078,6310,12388
20211202,5호선,종로3가,11754,11790,23544
20211202,5호선,광화문,31172,33167,64339
20211202,5호선,서대문,19952,20483,40435
20211202,5호선,충정로,5102,5168,10270
20211202,5호선,애오개,7000,7078,14078
20211202,5호선,공덕,14598,15596,30194
20211202,5호선,마포,14992,15517,30509
20211202,5호선,여의나루,8539,9391,17930
20211202,5호선,여의도,29740,31190,60930
20211202,5호선,신길,4202,4438,8640
20211202,5호선,영등포구청,3778,4054,7832
20211202,5호선,마장,5674,5324,10998
20211202,4호선,남태령,1273,1073,2346
20211202,4호선,총신대입구,18583,20097,38680
20211202,3호선,경찰병원,7467,7443,14910
20211202,3호선,가락시장,8840,8613,17453
20211202,3호선,수서,16825,17020,33845
20211202,3호선,일원,10316,10008,20324
20211202,3호선,대청,10378,9479,19857
20211202,3호선,학여울,1964,1984,3948
20211202,3호선,대치,10327,10517,20844
20211202,3호선,도곡,5339,5321,10660
20211202,3호선,매봉,12929,12448,25377
20211202,3호선,양재,39953,43685,83638
20211202,3호선,남부터미널,29617,29825,59442
20211202,3호선,교대,14396,9315,23711
20211202,3호선,고속터미널,37648,35078,72726
20211202,3호선,잠원,4704,4636,9340
20211202,3호선,신사,29672,32105,61777
20211202,3호선,오금,6248,5600,11848
20211202,4호선,사당,24598,20975,45573
20211202,4호선,수유,33262,32933,66195
20211202,4호선,미아사거리,27059,26155,53214
20211202,4호선,동작,1401,1635,3036
20211202,4호선,이촌,7230,7777,15007
20211202,4호선,신용산,16736,18049,34785
20211202,4호선,삼각지,4996,5562,10558
20211202,4호선,숙대입구,13142,12636,25778
20211202,4호선,서울역,11158,16009,27167
20211202,4호선,회현,23377,25029,48406
20211202,4호선,명동,18042,18929,36971
20211202,4호선,충무로,26265,27360,53625
20211202,4호선,동대문역사문화공원,14676,13824,28500
20211202,4호선,동대문,19364,20146,39510
20211202,4호선,혜화,31494,31915,63409
20211202,4호선,한성대입구,13567,13244,26811
20211202,4호선,성신여대입구,20009,19291,39300
20211202,4호선,길음,20366,19632,39998
20211202,4호선,미아,14938,14475,29413
20211202,9호선,신반포,3341,3290,6631
20211202,경춘선,마석,3707,3641,7348
20211202,9호선,사평,3569,3509,7078
20211202,분당선,이매,5586,5308,10894
20211202,분당선,오리,12033,9932,21965
20211202,분당선,미금,15333,16244,31577
20211202,분당선,정자,17638,18887,36525
20211202,분당선,수내,13304,13443,26747
20211202,분당선,서현,23913,24370,48283
20211202,분당선,보정,2608,2198,4806
20211202,분당선,야탑,25812,26865,52677
20211202,분당선,태평,13426,12752,26178
20211202,분당선,가천대,8618,9439,18057
20211202,분당선,선정릉,8276,8959,17235
20211202,분당선,강남구청,10568,12240,22808
20211202,분당선,압구정로데오,17965,20453,38418
20211202,분당선,서울숲,10461,10799,21260
20211202,분당선,모란,19439,19491,38930
20211202,분당선,죽전,13251,14610,27861
20211202,분당선,구성,5031,5300,10331
20211202,분당선,신갈,4624,4545,9169
20211202,수인선,월곶,2654,2408,5062
20211202,수인선,달월,113,65,178
20211202,수인선,사리,4542,3936,8478
20211202,수인선,야목,307,223,530
20211202,수인선,어천,733,708,1441
20211202,수인선,오목천,3331,3123,6454
20211202,수인선,고색,4672,4410,9082
20211202,분당선,매교,3119,2958,6077
20211202,분당선,수원시청,12261,13274,25535
20211202,분당선,매탄권선,5013,4897,9910
20211202,분당선,망포,14617,13555,28172
20211202,분당선,영통,8468,8592,17060
20211202,분당선,청명,4347,4142,8489
20211202,분당선,상갈,5448,5251,10699
20211202,분당선,기흥,9873,9324,19197
20211202,분당선,수원,7858,6802,14660
20211202,분당선,수서,13563,14081,27644
20211202,분당선,대모산입구,4553,4215,8768
20211202,분당선,개포동,3824,3996,7820
20211202,공항철도 1호선,계양,10041,9433,19474
20211202,공항철도 1호선,김포공항,11101,6533,17634
20211202,공항철도 1호선,마곡나루,8740,8552,17292
20211202,공항철도 1호선,디지털미디어시티,14605,13245,27850
20211202,공항철도 1호선,홍대입구,8538,8794,17332
20211202,공항철도 1호선,공덕,2254,2990,5244
20211202,공항철도 1호선,서울역,7177,6776,13953
20211202,경춘선,춘천,1361,1128,2489
20211202,경춘선,남춘천,2496,2371,4867
20211202,경춘선,김유정,247,273,520
20211202,경춘선,강촌,376,380,756
20211202,경춘선,백양리,88,117,205
20211202,경춘선,굴봉산,94,94,188
20211202,경춘선,가평,1312,1362,2674
20211202,경춘선,상천,181,171,352
20211202,공항철도 1호선,검암,6796,6645,13441
20211202,수인선,인천논현,5286,5718,11004
20211202,공항철도 1호선,청라국제도시,6817,6421,13238
20211202,공항철도 1호선,공항화물청사,2309,2516,4825
20211202,분당선,구룡,2288,2115,4403
20211202,분당선,도곡,6839,6993,13832
20211202,분당선,한티,13943,15130,29073
20211202,분당선,선릉,14336,21473,35809
20211202,과천선,범계,25374,25161,50535
20211202,과천선,평촌,18424,18187,36611
20211202,과천선,인덕원,24213,25114,49327
20211202,과천선,정부과천청사,10660,10597,21257
20211202,과천선,과천,5828,5340,11168
20211202,과천선,대공원,1998,2100,4098
20211202,과천선,경마공원,1615,1598,3213
20211202,과천선,선바위,8400,7296,15696
20211202,공항철도 1호선,영종,2750,2790,5540
20211202,공항철도 1호선,인천공항2터미널,2440,2166,4606
20211202,공항철도 1호선,인천공항1터미널,4011,3814,7825
20211202,공항철도 1호선,운서,6397,6239,12636
20211202,수인선,호구포,3983,4098,8081
20211202,수인선,남동인더스파크,2270,2602,4872
20211202,수인선,원인재,4335,4455,8790
20211202,중앙선,상봉,5760,5643,11403
20211202,중앙선,중랑,5512,5163,10675
20211202,중앙선,회기,23853,22970,46823
20211202,장항선,신창,2063,1772,3835
20211202,장항선,온양온천,2981,3176,6157
20211202,장항선,배방,897,902,1799
20211202,장항선,탕정,365,298,663
20211202,장항선,아산,2962,2703,5665
20211202,장항선,쌍용,2516,2227,4743
20211202,장항선,봉명,1149,1120,2269
20211202,일산선,대화,13792,11212,25004
20211202,일산선,주엽,8803,8757,17560
20211202,중앙선,지평,52,56,108
20211202,일산선,정발산,6769,6708,13477
20211202,일산선,마두,7315,7611,14926
20211202,중앙선,망우,7423,7310,14733
20211202,일산선,백석,9525,9480,19005
20211202,중앙선,양원,2038,2014,4052
20211202,중앙선,도농,10672,9453,20125
20211202,9호선,고속터미널,11414,14301,25715
20211202,2호선,당산,18516,21725,40241
20211202,중앙선,용문,1401,1394,2795
20211202,중앙선,원덕,287,297,584
20211202,중앙선,양평,2507,2520,5027
20211202,중앙선,오빈,275,278,553
20211202,중앙선,아신,464,496,960
20211202,중앙선,국수,675,646,1321
20211202,중앙선,신원,198,147,345
20211202,중앙선,양수,1549,1586,3135
20211202,중앙선,운길산,602,553,1155
20211202,중앙선,팔당,724,789,1513
20211202,중앙선,도심,2376,1825,4201
20211202,중앙선,덕소,5474,4393,9867
20211202,중앙선,양정,655,571,1226
20211202,중앙선,구리,13087,13204,26291
20211202,경춘선,청평,1345,1378,2723
20211202,일산선,대곡,1922,1511,3433
20211202,일산선,원당,10971,10271,21242
20211202,안산선,안산,11182,10171,21353
20211202,안산선,초지,4888,5303,10191
20211202,안산선,고잔,8790,8241,17031
20211202,안산선,중앙,17290,18092,35382
20211202,안산선,한대앞,9353,9446,18799
20211202,안산선,상록수,15848,15979,31827
20211202,안산선,반월,4279,4069,8348
20211202,안산선,대야미,4880,4440,9320
20211202,안산선,산본,15733,16771,32504
20211202,수인선,인천,900,1501,2401
20211202,수인선,신포,1738,1759,3497
20211202,수인선,숭의,3936,3676,7612
20211202,수인선,인하대,5922,5530,11452
20211202,수인선,송도,2413,2254,4667
20211202,수인선,연수,4236,4252,8488
20211202,안산선,신길온천,1659,1521,3180
20211202,일산선,화정,16781,16984,33765
20211202,안산선,정왕,9274,9354,18628
20211202,안산선,수리산,4335,3532,7867
20211202,일산선,삼송,19026,18287,37313
20211202,일산선,원흥,10626,9898,20524
20211202,우이신설선,신설동,2113,2033,4146
20211202,우이신설선,보문,1481,1461,2942
20211202,우이신설선,성신여대입구,3051,3305,6356
20211202,우이신설선,정릉,4537,4223,8760
20211202,우이신설선,북한산보국문,5952,5635,11587
20211202,우이신설선,솔샘,5751,5429,11180
20211202,우이신설선,삼양사거리,2365,2426,4791
20211202,우이신설선,삼양,1937,2087,4024
20211202,우이신설선,화계,3437,3262,6699
20211202,우이신설선,가오리,4096,4082,8178
20211202,우이신설선,4.19민주묘지,2851,2780,5631
20211202,우이신설선,솔밭공원,2466,2266,4732
20211202,우이신설선,북한산우이,2512,2220,4732
20211202,안산선,오이도,8128,7872,16000
20211202,경춘선,대성리,418,433,851
20211202,수인선,소래포구,4694,4372,9066
20211202,경춘선,천마산,1636,1470,3106
20211202,경부선,진위,1597,1434,3031
20211202,경부선,오산,9590,9487,19077
20211202,경부선,오산대,3716,3498,7214
20211202,경부선,세마,2752,2583,5335
20211202,경부선,병점,14168,14171,28339
20211202,경부선,세류,3039,2638,5677
20211202,경부선,독산,18557,19337,37894
20211202,경부선,수원,32417,34203,66620
20211202,경부선,화서,7897,7661,15558
20211202,경부선,성균관대,14130,13943,28073
20211202,경부선,의왕,9269,9141,18410
20211202,경부선,군포,7667,7724,15391
20211202,경부선,금정,26666,27031,53697
20211202,경부선,명학,9533,9470,19003
20211202,경부선,안양,23830,23771,47601
20211202,경부선,송탄,4175,3959,8134
20211202,경부선,관악,7199,6619,13818
20211202,경부선,서정리,7371,6705,14076
20211202,경부선,평택,11232,11072,22304
20211202,경원선,외대앞,8142,8075,16217
20211202,경원선,청량리,13910,14255,28165
20211202,경원선,왕십리,13587,15524,29111
20211202,경원선,응봉,1884,1570,3454
20211202,경원선,옥수,55,35,90
20211202,경원선,한남,4132,3954,8086
20211202,경원선,서빙고,1875,1749,3624
20211202,경원선,이촌,3509,2700,6209
20211202,경부선,광명,3254,2798,6052
20211202,경부선,서동탄,1458,1245,2703
20211202,경부선,당정,6234,5867,12101
20211202,경부선,천안,5079,5151,10230
20211202,경부선,두정,5276,5322,10598
20211202,경부선,직산,719,730,1449
20211202,경부선,성환,4830,4555,9385
20211202,경부선,평택지제,3187,3060,6247
20211202,경원선,신이문,8432,7847,16279
20211202,경부선,석수,9896,8749,18645
20211202,경부선,가산디지털단지,18583,21664,40247
20211202,경강선,판교,4629,4686,9315
20211202,9호선2~3단계,중앙보훈병원,10756,9448,20204
20211202,9호선2~3단계,둔촌오륜,1328,1155,2483
20211202,9호선2~3단계,올림픽공원,5516,5615,11131
20211202,9호선2~3단계,한성백제,2549,2357,4906
20211202,9호선2~3단계,송파나루,4896,5059,9955
20211202,9호선2~3단계,석촌,8267,7340,15607
20211202,9호선2~3단계,석촌고분,6173,6134,12307
20211202,9호선2~3단계,삼전,6907,6618,13525
20211202,9호선2~3단계,종합운동장,3977,4098,8075
20211202,9호선2~3단계,봉은사,16686,17326,34012
20211202,9호선2~3단계,삼성중앙,7072,7451,14523
20211202,9호선2~3단계,선정릉,9823,10829,20652
20211202,9호선2~3단계,언주,10859,11165,22024
20211202,9호선,신논현,30939,31946,62885
20211202,경강선,이매,1127,910,2037
20211202,경부선,금천구청,11873,11701,23574
20211202,경강선,삼동,2394,2206,4600
20211202,경강선,초월,3035,2941,5976
20211202,경부선,구로,18469,19062,37531
20211202,경부선,신길,9059,7668,16727
20211202,경부선,신도림,3869,3980,7849
20211202,경부선,영등포,34950,36336,71286
20211202,경부선,대방,12755,13231,25986
20211202,경부선,노량진,7846,8048,15894
20211202,경부선,용산,32195,32764,64959
20211202,경부선,남영,9187,9606,18793
20211202,경부선,서울역,5550,1848,7398
20211202,경강선,여주,2422,2288,4710
20211202,경강선,세종대왕릉,304,299,603
20211202,경강선,부발,1972,1813,3785
20211202,경강선,이천,2499,2557,5056
20211202,경강선,신둔도예촌,1540,1350,2890
20211202,경강선,곤지암,2083,2095,4178
20211202,경강선,경기광주,7473,6962,14435
20211202,경원선,석계,7873,8911,16784
20211202,7호선,중계,14172,12854,27026
20211202,경춘선,평내호평,6014,5914,11928
20211202,경인선,동암,14237,14364,28601
20211202,경인선,백운,6707,6664,13371
20211202,경인선,부평,27279,29295,56574
20211202,경인선,송내,26772,26840,53612
20211202,경인선,부천,31302,31450,62752
20211202,경인선,역곡,27281,26731,54012
20211202,경원선,광운대,7922,7778,15700
20211202,경인선,오류동,11967,11036,23003
20211202,경의선,임진강,8,6,14
20211202,경의선,문산,4712,4796,9508
20211202,경의선,파주,1515,1080,2595
20211202,경의선,월롱,2798,2517,5315
20211202,경의선,금촌,6064,5947,12011
20211202,경의선,금릉,4757,4648,9405
20211202,경인선,개봉,20907,21021,41928
20211202,경인선,제물포,10450,10031,20481
20211202,경인선,동인천,13369,12630,25999
20211202,경인선,인천,3099,2364,5463
20211202,경춘선,금곡,1475,1432,2907
20211202,경춘선,사릉,3471,3293,6764
20211202,경춘선,퇴계원,3545,3262,6807
20211202,경춘선,별내,3250,3076,6326
20211202,경춘선,갈매,3112,2642,5754
20211202,경춘선,신내,2069,1990,4059
20211202,경인선,도화,4174,3843,8017
20211202,경인선,중동,9112,8654,17766
20211202,경인선,온수,6811,6530,13341
20211202,경인선,도원,3030,3014,6044
20211202,경인선,간석,5804,5549,11353
20211202,1호선,서울역,42962,40963,83925
20211202,경인선,부개,8340,7712,16052
20211202,경인선,소사,8620,5438,14058
20211202,경인선,구일,6331,6340,12671
20211202,경의선,운정,6972,6604,13576
20211202,경의선,야당,7042,6859,13901
20211202,경인선,주안,18354,16582,34936
20211202,경의선,일산,9268,9214,18482
20211202,경원선,동두천중앙,3006,2882,5888
20211202,경원선,지행,6480,6404,12884
20211202,경원선,덕정,6065,5781,11846
20211202,경원선,덕계,3059,2697,5756
20211202,경원선,양주,7472,7068,14540
20211202,경원선,가능,6541,6307,12848
20211202,경원선,의정부,17468,17971,35439
20211202,경원선,회룡,12078,11977,24055
20211202,경원선,망월사,8052,8173,16225
20211202,경원선,도봉산,7148,4490,11638
20211202,경원선,도봉,5853,5755,11608
20211202,경원선,방학,9317,9017,18334
20211202,경원선,녹천,4693,3946,8639
20211202,경원선,월계,7296,6758,14054
20211202,경의선,탄현,7787,7392,15179
20211202,경원선,보산,1556,1342,2898
20211202,경원선,동두천,2033,2230,4263
20211202,경원선,녹양,4542,4228,8770
20211202,경의선,서울역,4434,5533,9967
20211202,경원선,소요산,1987,1726,3713
20211202,경의선,백마,6907,6605,13512
20211202,경의선,곡산,567,589,1156
20211202,경의선,능곡,3703,3402,7105
20211202,경의선,행신,7794,7713,15507
20211202,경의선,강매,3291,2775,6066
20211202,경의선,화전,1676,1568,3244
20211202,경의선,수색,2801,2861,5662
20211202,경의선,풍산,5477,5130,10607
20211202,경의선,가좌,5206,4928,10134
20211202,경의선,홍대입구,1511,1841,3352
20211202,경의선,서강대,2087,2031,4118
20211202,경의선,공덕,3565,3207,6772
20211202,경의선,효창공원앞,2894,3390,6284
20211202,경의선,신촌,875,1061,1936
20211202,경의선,디지털미디어시티,2480,2350,4830
20211203,경부선,병점,15364,14938,30302
20211203,경부선,세마,2958,2688,5646
20211203,경부선,오산대,3751,3416,7167
20211203,경부선,오산,10793,10400,21193
20211203,경부선,진위,1883,1493,3376
20211203,경부선,송탄,4679,4318,8997
20211203,경부선,서정리,7701,6431,14132
20211203,경부선,성환,4128,3631,7759
20211203,경부선,평택,12864,12278,25142
20211203,경부선,직산,881,768,1649
20211203,경부선,두정,6105,5617,11722
20211203,경부선,천안,5500,5535,11035
20211203,경부선,당정,6343,5836,12179
20211203,경부선,세류,3192,2802,5994
20211203,경부선,평택지제,3772,3493,7265
20211203,경부선,독산,18757,19196,37953
20211203,경부선,노량진,8423,8839,17262
20211203,경부선,화서,8080,7687,15767
20211203,경부선,대방,13091,13254,26345
20211203,경부선,영등포,39409,42143,81552
20211203,경부선,신도림,3993,4112,8105
20211203,경부선,신길,9293,8363,17656
20211203,경부선,구로,19051,19742,38793
20211203,경부선,가산디지털단지,18338,21139,39477
20211203,경부선,금천구청,12343,12236,24579
20211203,경부선,석수,10015,8684,18699
20211203,경부선,관악,7378,6788,14166
20211203,경부선,안양,24017,23989,48006
20211203,경부선,명학,9407,9303,18710
20211203,경부선,금정,27451,27605,55056
20211203,경부선,군포,7950,7886,15836
20211203,경부선,의왕,9434,9345,18779
20211203,경부선,성균관대,15177,14567,29744
20211203,경부선,수원,36017,39456,75473
20211203,경부선,서동탄,1552,1328,2880
20211203,경의선,가좌,5417,5201,10618
20211203,경원선,이촌,3669,2839,6508
20211203,경원선,양주,7795,7177,14972
20211203,경원선,덕계,3123,2771,5894
20211203,경원선,덕정,5983,5663,11646
20211203,경원선,지행,6807,6550,13357
20211203,경원선,동두천중앙,3141,3061,6202
20211203,경원선,보산,1893,1560,3453
20211203,경원선,동두천,2106,2318,4424
20211203,경원선,소요산,2274,1938,4212
20211203,경의선,서울역,4367,5853,10220
20211203,경의선,신촌,825,1056,1881
20211203,경의선,효창공원앞,3025,3382,6407
20211203,경의선,공덕,3661,3396,7057
20211203,경의선,서강대,2206,2183,4389
20211203,경부선,용산,37971,40016,77987
20211203,경의선,홍대입구,1701,2190,3891
20211203,경원선,녹양,4566,4297,8863
20211203,경원선,가능,6696,6299,12995
20211203,경원선,의정부,18548,19714,38262
20211203,경원선,회룡,12316,12103,24419
20211203,경원선,서빙고,1979,1889,3868
20211203,경원선,한남,4117,4003,8120
20211203,경원선,옥수,60,35,95
20211203,경원선,응봉,1928,1551,3479
20211203,경원선,왕십리,14747,16719,31466
20211203,경원선,청량리,16477,16949,33426
20211203,경원선,외대앞,8675,8434,17109
20211203,경부선,광명,3751,3402,7153
20211203,경원선,신이문,8481,7754,16235
20211203,경원선,광운대,8256,7959,16215
20211203,경원선,월계,7161,6623,13784
20211203,경원선,녹천,4721,3949,8670
20211203,경원선,방학,9716,9374,19090
20211203,경원선,도봉,6028,5860,11888
20211203,경원선,도봉산,7394,4571,11965
20211203,경원선,망월사,7796,7815,15611
20211203,경원선,석계,8012,9290,17302
20211203,경부선,남영,9399,9854,19253
20211203,9호선,국회의사당,16280,16480,32760
20211203,경강선,여주,2196,2302,4498
20211203,8호선,산성,5895,5629,11524
20211203,8호선,남한산성입구,14198,12399,26597
20211203,8호선,단대오거리,10762,10094,20856
20211203,8호선,수진,5484,4781,10265
20211203,8호선,모란,4267,3602,7869
20211203,9호선,개화,2657,1812,4469
20211203,8호선,복정,12002,10069,22071
20211203,9호선,김포공항,8133,12672,20805
20211203,9호선,신방화,7330,6712,14042
20211203,9호선,마곡나루,12204,11951,24155
20211203,9호선,양천향교,10253,10031,20284
20211203,9호선,가양,20968,19934,40902
20211203,9호선,증미,7715,7394,15109
20211203,9호선,등촌,12194,11595,23789
20211203,9호선,공항시장,3213,3310,6523
20211203,8호선,장지,18017,16750,34767
20211203,8호선,문정,22591,23375,45966
20211203,8호선,가락시장,7936,9205,17141
20211203,7호선,부천종합운동장,5421,4562,9983
20211203,7호선,춘의,10334,9909,20243
20211203,7호선,신중동,14797,14916,29713
20211203,7호선,부천시청,13373,13327,26700
20211203,7호선,상동,13580,14520,28100
20211203,7호선,삼산체육관,5470,4905,10375
20211203,7호선,굴포천,9354,9916,19270
20211203,7호선,부평구청,7617,6745,14362
20211203,8호선,암사,19531,16859,36390
20211203,8호선,천호,15609,18067,33676
20211203,8호선,강동구청,11030,11140,22170
20211203,8호선,몽촌토성,6611,6782,13393
20211203,8호선,잠실,14430,17604,32034
20211203,8호선,석촌,8031,9330,17361
20211203,8호선,송파,7888,7741,15629
20211203,9호선,염창,17689,16546,34235
20211203,9호선,신목동,4251,3573,7824
20211203,9호선,선유도,9005,8485,17490
20211203,9호선,당산,19252,18738,37990
20211203,9호선2~3단계,송파나루,5169,5608,10777
20211203,9호선2~3단계,한성백제,2724,2379,5103
20211203,9호선2~3단계,올림픽공원,8085,7753,15838
20211203,9호선2~3단계,둔촌오륜,1359,1183,2542
20211203,9호선2~3단계,중앙보훈병원,10741,9137,19878
20211203,경강선,판교,4731,4853,9584
20211203,경강선,이매,1106,909,2015
20211203,경강선,삼동,2454,2154,4608
20211203,경강선,경기광주,7810,7222,15032
20211203,경강선,초월,3336,2958,6294
20211203,경강선,곤지암,2227,2129,4356
20211203,경강선,신둔도예촌,1577,1353,2930
20211203,경강선,이천,2762,2852,5614
20211203,경강선,부발,2848,1940,4788
20211203,경강선,세종대왕릉,330,298,628
20211203,9호선2~3단계,석촌,8731,7468,16199
20211203,경부선,서울역,7997,2588,10585
20211203,9호선2~3단계,석촌고분,6456,6109,12565
20211203,9호선2~3단계,종합운동장,4464,4220,8684
20211203,9호선,여의도,28400,27335,55735
20211203,9호선,샛강,6119,6562,12681
20211203,9호선,노량진,26950,25478,52428
20211203,9호선,노들,4530,3733,8263
20211203,9호선,흑석,8023,8339,16362
20211203,9호선,동작,1812,1485,3297
20211203,9호선,구반포,1726,1811,3537
20211203,9호선,신반포,3448,3413,6861
20211203,9호선,고속터미널,12866,17492,30358
20211203,9호선,사평,3707,3589,7296
20211203,9호선,신논현,33967,35725,69692
20211203,9호선2~3단계,언주,11146,11397,22543
20211203,9호선2~3단계,선정릉,9876,10720,20596
20211203,9호선2~3단계,삼성중앙,7100,7449,14549
20211203,9호선2~3단계,봉은사,16782,17202,33984
20211203,9호선2~3단계,삼전,7234,6811,14045
20211203,경의선,디지털미디어시티,2533,2402,4935
20211203,일산선,대화,14586,11785,26371
20211203,경의선,강매,3183,2689,5872
20211203,분당선,정자,18418,19966,38384
20211203,분당선,미금,16064,17275,33339
20211203,분당선,오리,12195,10113,22308
20211203,분당선,이매,5937,5595,11532
20211203,분당선,보정,2533,2157,4690
20211203,분당선,죽전,14203,15296,29499
20211203,분당선,구성,5193,5425,10618
20211203,분당선,신갈,4877,4719,9596
20211203,분당선,기흥,10325,9576,19901
20211203,분당선,상갈,5756,5445,11201
20211203,분당선,청명,4800,4348,9148
20211203,중앙선,상봉,5925,5912,11837
20211203,분당선,영통,9269,9369,18638
20211203,분당선,망포,15783,14318,30101
20211203,분당선,매탄권선,5426,5128,10554
20211203,분당선,수내,13924,13968,27892
20211203,분당선,수원시청,13542,16023,29565
20211203,분당선,서현,25963,26691,52654
20211203,분당선,모란,20333,20886,41219
20211203,과천선,범계,26725,26829,53554
20211203,분당선,선릉,13872,21314,35186
20211203,분당선,한티,14749,15777,30526
20211203,분당선,도곡,7338,7292,14630
20211203,분당선,구룡,2216,2079,4295
20211203,분당선,개포동,3979,4137,8116
20211203,분당선,대모산입구,4495,4038,8533
20211203,분당선,수서,14740,15555,30295
20211203,분당선,수원,8556,7595,16151
20211203,분당선,서울숲,11545,11826,23371
20211203,분당선,압구정로데오,19877,23630,43507
20211203,분당선,강남구청,11053,12499,23552
20211203,분당선,선정릉,8247,8907,17154
20211203,분당선,가천대,8491,9033,17524
20211203,분당선,태평,13942,13056,26998
20211203,분당선,야탑,27229,28388,55617
20211203,과천선,평촌,18345,18141,36486
20211203,분당선,매교,3255,3248,6503
20211203,수인선,오목천,3469,2911,6380
20211203,안산선,상록수,16478,16264,32742
20211203,안산선,한대앞,9915,9669,19584
20211203,안산선,중앙,18151,19666,37817
20211203,안산선,고잔,8882,8521,17403
20211203,안산선,초지,4804,5070,9874
20211203,중앙선,중랑,5755,5310,11065
20211203,중앙선,회기,25125,23610,48735
20211203,장항선,신창,2026,1641,3667
20211203,장항선,온양온천,3351,3677,7028
20211203,장항선,배방,1050,976,2026
20211203,장항선,탕정,400,325,725
20211203,장항선,아산,3567,3331,6898
20211203,장항선,쌍용,2175,1911,4086
20211203,장항선,봉명,1211,1181,2392
20211203,7호선,까치울,7786,7435,15221
20211203,안산선,반월,4365,4163,8528
20211203,수인선,고색,4917,4482,9399
20211203,안산선,대야미,5102,4310,9412
20211203,수인선,인천,990,1612,2602
20211203,수인선,어천,853,710,1563
20211203,수인선,야목,323,259,582
20211203,수인선,사리,4607,4036,8643
20211203,수인선,달월,96,61,157
20211203,수인선,월곶,2538,2424,4962
20211203,수인선,소래포구,5015,4823,9838
20211203,수인선,인천논현,5513,5922,11435
20211203,수인선,호구포,4054,4189,8243
20211203,수인선,남동인더스파크,2289,2533,4822
20211203,수인선,원인재,4547,4627,9174
20211203,수인선,연수,4480,4495,8975
20211203,수인선,송도,2572,2356,4928
20211203,수인선,인하대,6010,5548,11558
20211203,수인선,숭의,4009,3566,7575
20211203,수인선,신포,1775,1918,3693
20211203,안산선,산본,16087,16715,32802
20211203,경의선,화전,1816,1624,3440
20211203,과천선,인덕원,25242,25667,50909
20211203,과천선,과천,6038,5447,11485
20211203,경인선,부천,32337,33391,65728
20211203,경인선,송내,27029,26731,53760
20211203,경인선,부평,28630,32253,60883
20211203,경인선,백운,7097,6901,13998
20211203,경인선,동암,14744,14956,29700
20211203,경인선,주안,19174,17332,36506
20211203,경인선,제물포,11067,10294,21361
20211203,경인선,동인천,13594,12765,26359
20211203,경인선,인천,3219,2429,5648
20211203,경인선,구일,6560,6476,13036
20211203,경인선,소사,8655,5331,13986
20211203,경인선,부개,8539,7748,16287
20211203,경인선,간석,5975,5644,11619
20211203,경인선,도원,3112,3145,6257
20211203,경인선,온수,7072,6531,13603
20211203,경인선,역곡,27798,26937,54735
20211203,경인선,중동,9427,8959,18386
20211203,경인선,오류동,12036,11017,23053
20211203,경의선,계양,2,0,2
20211203,경의선,행신,8158,8351,16509
20211203,경의선,능곡,3856,3495,7351
20211203,경의선,곡산,595,599,1194
20211203,경의선,백마,7134,6753,13887
20211203,경의선,풍산,5727,5344,11071
20211203,경의선,일산,10346,10121,20467
20211203,경의선,탄현,7924,7516,15440
20211203,경의선,야당,7333,7387,14720
20211203,경의선,운정,7280,6768,14048
20211203,경의선,금릉,4959,4832,9791
20211203,경의선,금촌,6504,6391,12895
20211203,경의선,월롱,2882,2174,5056
20211203,경의선,파주,1432,851,2283
20211203,경의선,문산,5142,4878,10020
20211203,경의선,임진강,11,5,16
20211203,경인선,개봉,21416,21007,42423
20211203,과천선,정부과천청사,10865,10576,21441
20211203,경인선,도화,4156,3796,7952
20211203,경춘선,갈매,3186,2706,5892
20211203,공항철도 1호선,홍대입구,9657,10518,20175
20211203,공항철도 1호선,디지털미디어시티,14439,12977,27416
20211203,공항철도 1호선,마곡나루,8653,7945,16598
20211203,공항철도 1호선,김포공항,13554,7376,20930
20211203,공항철도 1호선,계양,10316,9521,19837
20211203,공항철도 1호선,검암,7021,6736,13757
20211203,공항철도 1호선,청라국제도시,7054,6541,13595
20211203,공항철도 1호선,운서,6764,6653,13417
20211203,공항철도 1호선,공항화물청사,2299,2473,4772
20211203,공항철도 1호선,인천공항1터미널,3836,4006,7842
20211203,공항철도 1호선,인천공항2터미널,2333,2160,4493
20211203,공항철도 1호선,영종,2937,3084,6021
20211203,과천선,선바위,8865,7623,16488
20211203,과천선,경마공원,4714,4713,9427
20211203,과천선,대공원,2180,2289,4469
20211203,공항철도 1호선,공덕,2366,3312,5678
20211203,경춘선,신내,2124,2040,4164
20211203,공항철도 1호선,서울역,8954,8817,17771
20211203,경춘선,남춘천,2601,2420,5021
20211203,경춘선,별내,3471,3303,6774
20211203,경춘선,퇴계원,3652,3329,6981
20211203,경춘선,사릉,3531,3397,6928
20211203,경춘선,금곡,1511,1451,2962
20211203,경춘선,평내호평,6226,6274,12500
20211203,경춘선,천마산,1698,1525,3223
20211203,경춘선,마석,4128,4041,8169
20211203,경춘선,대성리,520,484,1004
20211203,경춘선,청평,1506,1587,3093
20211203,경춘선,상천,199,186,385
20211203,경춘선,가평,1429,1547,2976
20211203,경춘선,굴봉산,105,119,224
20211203,경춘선,백양리,118,136,254
20211203,경춘선,강촌,310,381,691
20211203,경춘선,김유정,240,292,532
20211203,경춘선,춘천,1532,1228,2760
20211203,7호선,온수,11222,10233,21455
20211203,경의선,수색,2786,2828,5614
20211203,7호선,광명사거리,23341,22899,46240
20211203,2호선,이대,14031,14228,28259
20211203,2호선,아현,10806,10214,21020
20211203,2호선,충정로,9997,10944,20941
20211203,2호선,용답,2795,2714,5509
20211203,2호선,신답,1635,1815,3450
20211203,2호선,신설동,3552,3522,7074
20211203,2호선,신촌,33710,34782,68492
20211203,2호선,도림천,1412,1476,2888
20211203,2호선,신정네거리,10697,10869,21566
20211203,2호선,용두,2553,2568,5121
20211203,3호선,지축,4616,4128,8744
20211203,3호선,구파발,21064,19689,40753
20211203,3호선,연신내,36953,34976,71929
20211203,3호선,불광,16247,17141,33388
20211203,2호선,양천구청,6890,7151,14041
20211203,2호선,홍대입구,53534,60330,113864
20211203,2호선,합정,32591,36101,68692
20211203,2호선,당산,18936,22055,40991
20211203,2호선,교대,34599,39700,74299
20211203,2호선,서초,21911,21127,43038
20211203,2호선,방배,17436,18077,35513
20211203,2호선,사당,38964,43624,82588
20211203,2호선,낙성대,28401,25756,54157
20211203,2호선,서울대입구,49757,47688,97445
20211203,2호선,봉천,24199,21720,45919
20211203,2호선,신림,64535,61565,126100
20211203,2호선,신대방,26622,25192,51814
20211203,2호선,구로디지털단지,61798,61382,123180
20211203,2호선,대림,23857,24156,48013
20211203,우이신설선,가오리,4103,3985,8088
20211203,2호선,신도림,48521,48498,97019
20211203,2호선,문래,21869,22446,44315
20211203,2호선,영등포구청,24098,24656,48754
20211203,3호선,녹번,15849,13929,29778
20211203,3호선,홍제,17589,16444,34033
20211203,3호선,무악재,3959,3978,7937
20211203,3호선,독립문,7123,7261,14384
20211203,3호선,학여울,3921,4049,7970
20211203,3호선,대청,10549,9526,20075
20211203,3호선,일원,10302,9539,19841
20211203,3호선,수서,18871,18657,37528
20211203,3호선,가락시장,9344,9035,18379
20211203,3호선,경찰병원,7484,7231,14715
20211203,3호선,오금,6393,5697,12090
20211203,4호선,수유,34954,34920,69874
20211203,4호선,미아,15226,14352,29578
20211203,4호선,미아사거리,28105,27308,55413
20211203,4호선,길음,20692,19482,40174
20211203,4호선,성신여대입구,20853,19976,40829
20211203,4호선,한성대입구,14113,13682,27795
20211203,4호선,혜화,32287,32709,64996
20211203,4호선,동대문,19681,20641,40322
20211203,3호선,대치,10832,10892,21724
20211203,2호선,강남,86804,90089,176893
20211203,3호선,도곡,5522,5446,10968
20211203,3호선,양재,42408,44999,87407
20211203,3호선,경복궁,21113,21023,42136
20211203,3호선,안국,21520,22392,43912
20211203,3호선,종로3가,10023,11943,21966
20211203,3호선,을지로3가,11023,11710,22733
20211203,3호선,충무로,2,0,2
20211203,3호선,동대입구,7544,8144,15688
20211203,3호선,약수,13520,13343,26863
20211203,3호선,금호,8297,7583,15880
20211203,3호선,옥수,9245,9443,18688
20211203,3호선,압구정,34056,37237,71293
20211203,3호선,신사,32061,35415,67476
20211203,3호선,잠원,5015,4832,9847
20211203,3호선,고속터미널,44064,47021,91085
20211203,3호선,교대,14739,9673,24412
20211203,3호선,남부터미널,31211,31636,62847
20211203,3호선,매봉,12837,12354,25191
20211203,2호선,역삼,52758,58395,111153
20211203,2호선,선릉,57702,51466,109168
20211203,2호선,삼성,55353,56186,111539
20211203,안산선,오이도,8549,8489,17038
20211203,안산선,수리산,4384,3412,7796
20211203,우이신설선,북한산우이,2585,2251,4836
20211203,우이신설선,화계,3397,3080,6477
20211203,중앙선,망우,7844,7867,15711
20211203,중앙선,양원,2087,2100,4187
20211203,중앙선,구리,13852,14080,27932
20211203,중앙선,도농,10893,9739,20632
20211203,중앙선,양정,722,624,1346
20211203,중앙선,덕소,5668,5783,11451
20211203,중앙선,도심,2478,1902,4380
20211203,중앙선,팔당,774,805,1579
20211203,중앙선,운길산,572,543,1115
20211203,중앙선,양수,1741,1761,3502
20211203,중앙선,신원,211,211,422
20211203,안산선,정왕,9560,9373,18933
20211203,중앙선,국수,755,724,1479
20211203,안산선,신길온천,1693,1565,3258
20211203,우이신설선,삼양,2000,2152,4152
20211203,일산선,정발산,7458,7823,15281
20211203,일산선,마두,7871,8120,15991
20211203,일산선,백석,9930,9859,19789
20211203,일산선,대곡,1986,1528,3514
20211203,일산선,화정,17101,17804,34905
20211203,일산선,원당,11421,10537,21958
20211203,일산선,삼송,19508,18649,38157
20211203,일산선,원흥,11062,10259,21321
20211203,우이신설선,신설동,2065,2072,4137
20211203,우이신설선,보문,1514,1604,3118
20211203,우이신설선,성신여대입구,3303,3656,6959
20211203,우이신설선,정릉,4706,4234,8940
20211203,우이신설선,북한산보국문,6150,5511,11661
20211203,우이신설선,솔샘,5846,5293,11139
20211203,우이신설선,삼양사거리,2466,2423,4889
20211203,안산선,안산,11814,10576,22390
20211203,4호선,동대문역사문화공원,15513,14484,29997
20211203,중앙선,아신,506,531,1037
20211203,중앙선,양평,3341,3503,6844
20211203,2호선,을지로4가,13273,13461,26734
20211203,2호선,동대문역사문화공원,12556,14273,26829
20211203,2호선,신당,14384,14831,29215
20211203,2호선,상왕십리,14989,14363,29352
20211203,2호선,왕십리,17159,14690,31849
20211203,2호선,한양대,8068,8393,16461
20211203,2호선,뚝섬,22738,24223,46961
20211203,2호선,성수,37400,41090,78490
20211203,2호선,건대입구,34943,39401,74344
20211203,2호선,구의,24166,23400,47566
20211203,2호선,강변,31830,30682,62512
20211203,2호선,잠실나루,14462,13644,28106
20211203,2호선,잠실,70018,69692,139710
20211203,2호선,잠실새내,21900,22437,44337
20211203,2호선,종합운동장,6882,7574,14456
20211203,2호선,을지로3가,22925,23692,46617
20211203,중앙선,오빈,277,284,561
20211203,2호선,을지로입구,40695,41828,82523
20211203,우이신설선,4.19민주묘지,2920,2669,5589
20211203,중앙선,원덕,361,383,744
20211203,중앙선,용문,1620,1629,3249
20211203,중앙선,지평,63,71,134
20211203,1호선,서울역,48018,47289,95307
20211203,1호선,동묘앞,7650,7823,15473
20211203,1호선,시청,22600,23837,46437
20211203,1호선,종각,36268,36876,73144
20211203,1호선,종로3가,24642,23562,48204
20211203,1호선,종로5가,22020,22067,44087
20211203,1호선,동대문,10856,9967,20823
20211203,1호선,신설동,14085,13730,27815
20211203,1호선,제기동,16257,16435,32692
20211203,1호선,청량리,19426,19385,38811
20211203,우이신설선,솔밭공원,2468,2306,4774
20211203,2호선,시청,24084,23886,47970
20211203,8호선,신흥,4388,4656,9044
20211203,4호선,충무로,26204,27683,53887
20211203,일산선,주엽,9077,8956,18033
20211203,4호선,명동,19106,20433,39539
20211203,6호선,청구,3862,4027,7889
20211203,6호선,신당,9392,9274,18666
20211203,6호선,동묘앞,7854,8026,15880
20211203,6호선,창신,3704,2966,6670
20211203,6호선,보문,7493,6614,14107
20211203,6호선,안암,11187,10898,22085
20211203,6호선,고려대,7773,7398,15171
20211203,6호선,월곡,11928,11602,23530
20211203,6호선,상월곡,6480,5523,12003
20211203,6호선,돌곶이,9311,8368,17679
20211203,6호선,석계,12426,12824,25250
20211203,6호선,태릉입구,5555,5916,11471
20211203,6호선,화랑대,12052,9296,21348
20211203,6호선,봉화산,8977,8291,17268
20211203,7호선,장암,2305,876,3181
20211203,6호선,약수,3704,3724,7428
20211203,7호선,수락산,12662,12213,24875
20211203,6호선,버티고개,1960,1929,3889
20211203,6호선,이태원,10491,12971,23462
20211203,6호선,구산,7882,5785,13667
20211203,6호선,새절,13065,12092,25157
20211203,6호선,증산,10228,9693,19921
20211203,6호선,디지털미디어시티,13825,15006,28831
20211203,6호선,월드컵경기장,3506,3832,7338
20211203,6호선,마포구청,15031,13437,28468
20211203,6호선,망원,14312,15757,30069
20211203,6호선,합정,13664,13877,27541
20211203,6호선,상수,8473,10261,18734
20211203,6호선,광흥창,9135,8929,18064
20211203,6호선,대흥,8419,8669,17088
20211203,6호선,공덕,19445,19449,38894
20211203,6호선,효창공원앞,7138,6487,13625
20211203,6호선,삼각지,6499,5639,12138
20211203,6호선,녹사평,4716,5005,9721
20211203,6호선,한강진,10232,11949,22181
20211203,6호선,연신내,1,0,1
20211203,7호선,마들,13256,12461,25717
20211203,7호선,중계,14593,12921,27514
20211203,7호선,고속터미널,17065,14187,31252
20211203,7호선,내방,14885,15217,30102
20211203,7호선,이수,16578,16126,32704
20211203,7호선,남성,11473,10277,21750
20211203,7호선,숭실대입구,13090,12879,25969
20211203,7호선,상도,10960,10176,21136
20211203,7호선,장승배기,9680,9355,19035
20211203,7호선,신대방삼거리,17068,15841,32909
20211203,7호선,보라매,10266,10128,20394
20211203,7호선,신풍,11876,11268,23144
20211203,7호선,대림,7976,8139,16115
20211203,7호선,남구로,15753,16726,32479
20211203,7호선,가산디지털단지,47231,46592,93823
20211203,7호선,철산,21793,22725,44518
20211203,7호선,천왕,11846,10934,22780
20211203,7호선,반포,6066,5778,11844
20211203,7호선,노원,19809,21316,41125
20211203,7호선,논현,20724,23593,44317
20211203,7호선,강남구청,16753,18816,35569
20211203,7호선,하계,18094,16716,34810
20211203,7호선,공릉,12685,12167,24852
20211203,7호선,태릉입구,8635,8174,16809
20211203,7호선,먹골,10335,9788,20123
20211203,7호선,중화,11306,10797,22103
20211203,7호선,상봉,17254,16433,33687
20211203,7호선,면목,16901,16264,33165
20211203,7호선,사가정,16520,16244,32764
20211203,7호선,용마산,6292,5768,12060
20211203,7호선,중곡,11110,10148,21258
20211203,7호선,군자,15375,12099,27474
20211203,7호선,어린이대공원,12804,12481,25285
20211203,7호선,건대입구,12194,13091,25285
20211203,7호선,뚝섬유원지,7430,7190,14620
20211203,7호선,청담,19342,22379,41721
20211203,7호선,학동,24614,26530,51144
20211203,6호선,독바위,2708,2753,5461
20211203,7호선,도봉산,9099,10315,19414
20211203,6호선,역촌,3972,4608,8580
20211203,5호선,발산,19760,20875,40635
20211203,5호선,우장산,14596,14595,29191
20211203,5호선,화곡,28790,26780,55570
20211203,5호선,까치산,29562,27757,57319
20211203,5호선,신정,14216,11160,25376
20211203,5호선,목동,17223,18485,35708
20211203,5호선,오목교,21786,23904,45690
20211203,5호선,양평,7714,7531,15245
20211203,5호선,영등포구청,3722,4144,7866
20211203,5호선,영등포시장,10122,11296,21418
20211203,5호선,신길,4297,5334,9631
20211203,5호선,여의도,28978,28489,57467
20211203,5호선,여의나루,8543,9055,17598
20211203,5호선,마포,14861,15376,30237
20211203,5호선,공덕,14716,15623,30339
20211203,5호선,송정,6777,6711,13488
20211203,5호선,애오개,6990,6884,13874
20211203,5호선,김포공항,7791,7257,15048
20211203,5호선,방화,6510,6573,13083
20211203,6호선,불광,4271,4221,8492
20211203,4호선,서울역,11180,18781,29961
20211203,4호선,숙대입구,13463,13466,26929
20211203,4호선,삼각지,5232,5982,11214
20211203,4호선,신용산,17587,18778,36365
20211203,4호선,이촌,7375,7944,15319
20211203,4호선,동작,1422,1614,3036
20211203,4호선,총신대입구,19460,21496,40956
20211203,4호선,사당,26298,23050,49348
20211203,4호선,남태령,1397,1105,2502
20211203,4호선,당고개,12976,11457,24433
20211203,4호선,상계,19244,17444,36688
20211203,4호선,노원,19237,21988,41225
20211203,4호선,창동,25726,27376,53102
20211203,4호선,쌍문,29967,26697,56664
20211203,5호선,개화산,5642,5593,11235
20211203,5호선,충정로,4970,5092,10062
20211203,5호선,마곡,10551,10726,21277
20211203,4호선,회현,23970,25836,49806
20211203,5호선,고덕,10017,9585,19602
20211203,5호선,상일동,15975,14309,30284
20211203,5호선,둔촌동,8855,8769,17624
20211203,5호선,올림픽공원,4696,4190,8886
20211203,5호선,방이,7177,7407,14584
20211203,5호선,오금,3882,3721,7603
20211203,5호선,개롱,6664,6764,13428
20211203,5호선,거여,9550,8889,18439
20211203,5호선,마천,6977,6822,13799
20211203,5호선,강일,3908,3763,7671
20211203,5호선,미사,16325,16050,32375
20211203,5호선,하남풍산,4248,4336,8584
20211203,5호선,하남시청,6249,6148,12397
20211203,5호선,하남검단산,5295,5094,10389
20211203,5호선,서대문,19345,17701,37046
20211203,5호선,명일,8954,9049,18003
20211203,5호선,굽은다리,9601,9228,18829
20211203,6호선,응암,17892,17163,35055
20211203,5호선,강동,19107,17711,36818
20211203,5호선,길동,8257,8813,17070
20211203,5호선,종로3가,12418,12966,25384
20211203,5호선,을지로4가,6028,6017,12045
20211203,5호선,동대문역사문화공원,2956,3350,6306
20211203,5호선,청구,3958,3802,7760
20211203,5호선,신금호,6705,6870,13575
20211203,5호선,행당,8257,7405,15662
20211203,5호선,왕십리,4803,5476,10279
20211203,5호선,광화문,30722,30963,61685
20211203,5호선,답십리,16234,14532,30766
20211203,5호선,장한평,19104,18628,37732
20211203,5호선,군자,11444,13089,24533
20211203,5호선,아차산,15032,14204,29236
20211203,5호선,광나루,13775,12324,26099
20211203,5호선,천호,18584,18844,37428
20211203,5호선,마장,5812,5399,11211
20211206,6호선,녹사평,4255,4191,8446
20211206,6호선,삼각지,5495,4893,10388
20211206,6호선,효창공원앞,7077,6395,13472
20211206,6호선,공덕,18185,17546,35731
20211206,6호선,대흥,7903,8221,16124
20211206,6호선,새절,12769,11773,24542
20211206,6호선,광흥창,8815,8500,17315
20211206,6호선,망원,12622,13589,26211
20211206,6호선,합정,11667,11819,23486
20211206,6호선,마포구청,14453,12853,27306
20211206,6호선,월드컵경기장,3680,3893,7573
20211206,6호선,디지털미디어시티,13938,14881,28819
20211206,6호선,증산,9826,9733,19559
20211206,6호선,이태원,8429,8664,17093
20211206,6호선,상수,7231,7923,15154
20211206,6호선,한강진,6402,7371,13773
20211206,6호선,고려대,7610,7201,14811
20211206,6호선,약수,3606,3535,7141
20211206,6호선,구산,7516,5647,13163
20211206,7호선,장암,2360,837,3197
20211206,6호선,봉화산,8762,8199,16961
20211206,6호선,화랑대,11612,9060,20672
20211206,6호선,태릉입구,5254,5812,11066
20211206,6호선,석계,12050,12568,24618
20211206,6호선,돌곶이,9333,8782,18115
20211206,6호선,상월곡,6188,5486,11674
20211206,6호선,월곡,11414,11442,22856
20211206,6호선,안암,10267,10568,20835
20211206,6호선,보문,7009,6491,13500
20211206,6호선,창신,3533,3008,6541
20211206,6호선,동묘앞,7605,7728,15333
20211206,6호선,신당,7631,8205,15836
20211206,6호선,청구,3694,3924,7618
20211206,6호선,버티고개,1923,2004,3927
20211206,6호선,독바위,2687,2836,5523
20211206,5호선,광화문,29159,30769,59928
20211206,6호선,역촌,3884,4614,8498
20211206,5호선,천호,16926,17025,33951
20211206,5호선,광나루,12715,11809,24524
20211206,5호선,아차산,13720,13334,27054
20211206,5호선,군자,10729,11763,22492
20211206,5호선,장한평,18142,18097,36239
20211206,5호선,답십리,15716,14320,30036
20211206,5호선,마장,5525,5239,10764
20211206,5호선,왕십리,4512,4999,9511
20211206,5호선,행당,7965,7031,14996
20211206,5호선,신금호,6562,6762,13324
20211206,5호선,청구,3956,3668,7624
20211206,5호선,동대문역사문화공원,2986,3429,6415
20211206,5호선,을지로4가,6016,6215,12231
20211206,5호선,종로3가,10900,10813,21713
20211206,7호선,도봉산,9330,10652,19982
20211206,5호선,강동,18116,17493,35609
20211206,6호선,불광,4016,4079,8095
20211206,5호선,길동,7905,8329,16234
20211206,5호선,명일,8389,8648,17037
20211206,6호선,응암,17441,17289,34730
20211206,5호선,하남검단산,5200,4981,10181
20211206,5호선,하남시청,6162,5949,12111
20211206,5호선,하남풍산,4196,4208,8404
20211206,5호선,미사,15487,15251,30738
20211206,5호선,강일,3805,3866,7671
20211206,5호선,마천,6874,6649,13523
20211206,5호선,거여,9490,8974,18464
20211206,5호선,개롱,6598,6807,13405
20211206,5호선,오금,3723,3777,7500
20211206,5호선,방이,6793,7107,13900
20211206,5호선,올림픽공원,4286,3885,8171
20211206,5호선,둔촌동,8442,8280,16722
20211206,5호선,상일동,15527,14045,29572
20211206,5호선,고덕,9705,9630,19335
20211206,5호선,굽은다리,9475,8951,18426
20211206,7호선,수락산,12350,12055,24405
20211206,9호선,염창,16903,16384,33287
20211206,7호선,노원,18888,19930,38818
20211206,8호선,가락시장,7334,8069,15403
20211206,8호선,송파,7553,7432,14985
20211206,8호선,잠실,13069,15630,28699
20211206,8호선,몽촌토성,6262,6352,12614
20211206,8호선,강동구청,10357,10887,21244
20211206,8호선,천호,14414,16290,30704
20211206,8호선,암사,18754,16530,35284
20211206,7호선,부평구청,7390,6608,13998
20211206,7호선,굴포천,9115,9581,18696
20211206,7호선,삼산체육관,5334,4869,10203
20211206,7호선,상동,12662,13272,25934
20211206,7호선,부천시청,12643,12611,25254
20211206,7호선,신중동,13977,13872,27849
20211206,7호선,춘의,10113,10107,20220
20211206,7호선,부천종합운동장,5377,4721,10098
20211206,8호선,문정,22202,23403,45605
20211206,7호선,까치울,7653,7294,14947
20211206,8호선,장지,16503,15866,32369
20211206,8호선,산성,5739,5800,11539
20211206,5호선,서대문,18532,19220,37752
20211206,9호선,등촌,11527,11379,22906
20211206,9호선,증미,7164,7137,14301
20211206,9호선,가양,20230,19615,39845
20211206,9호선,양천향교,9668,9868,19536
20211206,9호선,마곡나루,11295,11292,22587
20211206,9호선,신방화,6736,6439,13175
20211206,9호선,공항시장,2849,3144,5993
20211206,9호선,김포공항,6779,10184,16963
20211206,9호선,개화,2536,1761,4297
20211206,8호선,모란,4047,3293,7340
20211206,8호선,수진,5311,4761,10072
20211206,8호선,신흥,4147,4434,8581
20211206,8호선,단대오거리,10263,10119,20382
20211206,8호선,남한산성입구,13691,12541,26232
20211206,8호선,복정,11301,9763,21064
20211206,7호선,마들,12872,12248,25120
20211206,7호선,온수,10929,10021,20950
20211206,7호선,광명사거리,22352,21893,44245
20211206,7호선,뚝섬유원지,6962,6877,13839
20211206,7호선,건대입구,11336,11758,23094
20211206,7호선,어린이대공원,11609,11531,23140
20211206,7호선,군자,14428,11744,26172
20211206,7호선,중곡,10930,10156,21086
20211206,7호선,용마산,5991,5802,11793
20211206,7호선,사가정,15985,16203,32188
20211206,7호선,면목,16723,16190,32913
20211206,7호선,상봉,16411,15379,31790
20211206,7호선,중화,10856,10655,21511
20211206,7호선,먹골,9954,9657,19611
20211206,7호선,태릉입구,8054,7636,15690
20211206,7호선,공릉,11592,11596,23188
20211206,7호선,하계,17355,16211,33566
20211206,7호선,중계,14446,13307,27753
20211206,7호선,청담,18917,21314,40231
20211206,7호선,천왕,11637,11108,22745
20211206,7호선,강남구청,16140,17724,33864
20211206,7호선,논현,20530,22309,42839
20211206,7호선,철산,20849,21283,42132
20211206,7호선,가산디지털단지,47348,47588,94936
20211206,7호선,남구로,16675,17277,33952
20211206,7호선,대림,8039,8063,16102
20211206,7호선,신풍,11450,11187,22637
20211206,7호선,보라매,10101,10097,20198
20211206,7호선,신대방삼거리,16291,15723,32014
20211206,7호선,장승배기,9358,9222,18580
20211206,7호선,상도,10230,9994,20224
20211206,7호선,숭실대입구,12528,12850,25378
20211206,7호선,남성,11100,10437,21537
20211206,7호선,이수,15099,14700,29799
20211206,7호선,내방,14509,14788,29297
20211206,7호선,고속터미널,15136,12856,27992
20211206,7호선,반포,5682,5472,11154
20211206,7호선,학동,24336,25773,50109
20211206,5호선,충정로,4882,4965,9847
20211206,3호선,홍제,16786,15875,32661
20211206,5호선,공덕,13829,14578,28407
20211206,2호선,신대방,25497,24823,50320
20211206,2호선,신림,60675,58814,119489
20211206,2호선,봉천,23399,21795,45194
20211206,2호선,서울대입구,44860,44458,89318
20211206,2호선,낙성대,25975,25379,51354
20211206,2호선,사당,34064,37716,71780
20211206,2호선,방배,17170,17850,35020
20211206,2호선,서초,21083,20788,41871
20211206,2호선,교대,32887,37188,70075
20211206,2호선,강남,78293,77940,156233
20211206,2호선,역삼,51992,58431,110423
20211206,2호선,선릉,56565,50778,107343
20211206,2호선,삼성,50147,51000,101147
20211206,2호선,종합운동장,6797,7401,14198
20211206,2호선,잠실새내,19919,19742,39661
20211206,2호선,구로디지털단지,59982,60466,120448
20211206,2호선,잠실,62087,62457,124544
20211206,2호선,대림,23707,24140,47847
20211206,2호선,문래,21081,21411,42492
20211206,2호선,용두,2293,2370,4663
20211206,2호선,신정네거리,9959,10319,20278
20211206,2호선,양천구청,6700,7103,13803
20211206,2호선,도림천,1434,1474,2908
20211206,2호선,신설동,2909,3007,5916
20211206,2호선,신답,1635,1899,3534
20211206,2호선,용답,2744,2757,5501
20211206,2호선,충정로,9911,10428,20339
20211206,2호선,아현,10334,10001,20335
20211206,2호선,이대,12398,13087,25485
20211206,2호선,신촌,28554,29574,58128
20211206,2호선,홍대입구,45174,46894,92068
20211206,2호선,합정,28069,29663,57732
20211206,2호선,당산,17920,21004,38924
20211206,2호선,영등포구청,23227,23382,46609
20211206,2호선,신도림,45173,44218,89391
20211206,3호선,지축,4448,4241,8689
20211206,2호선,잠실나루,14215,13848,28063
20211206,2호선,구의,22885,22634,45519
20211206,1호선,시청,21625,21827,43452
20211206,1호선,동묘앞,7331,7630,14961
20211206,1호선,서울역,41699,39707,81406
20211206,안산선,안산,11576,10446,22022
20211206,우이신설선,삼양사거리,2464,2518,4982
20211206,우이신설선,삼양,2071,2187,4258
20211206,우이신설선,화계,3372,3162,6534
20211206,우이신설선,가오리,4076,4142,8218
20211206,우이신설선,4.19민주묘지,2945,2828,5773
20211206,우이신설선,솔밭공원,2455,2285,4740
20211206,우이신설선,북한산우이,2716,2451,5167
20211206,3호선,충무로,2,0,2
20211206,8호선,석촌,7354,8407,15761
20211206,일산선,지축,1,0,1
20211206,9호선,신목동,3937,3493,7430
20211206,1호선,종각,33847,33523,67370
20211206,2호선,강변,28482,27130,55612
20211206,1호선,종로3가,23401,21320,44721
20211206,1호선,동대문,10243,9632,19875
20211206,2호선,건대입구,30674,32936,63610
20211206,2호선,성수,35761,38866,74627
20211206,2호선,뚝섬,20360,22182,42542
20211206,2호선,한양대,8345,9058,17403
20211206,2호선,왕십리,14877,12322,27199
20211206,2호선,상왕십리,14021,13632,27653
20211206,2호선,신당,13045,13392,26437
20211206,2호선,동대문역사문화공원,11109,12463,23572
20211206,2호선,을지로4가,12895,12771,25666
20211206,2호선,을지로3가,21282,21246,42528
20211206,2호선,을지로입구,37545,38633,76178
20211206,2호선,시청,22871,22160,45031
20211206,1호선,청량리,18409,18538,36947
20211206,1호선,제기동,16146,16432,32578
20211206,1호선,신설동,13070,12915,25985
20211206,1호선,종로5가,20896,21079,41975
20211206,5호선,애오개,6622,6561,13183
20211206,3호선,구파발,20372,19232,39604
20211206,3호선,녹번,15472,14081,29553
20211206,4호선,쌍문,28960,26547,55507
20211206,4호선,창동,24418,25647,50065
20211206,4호선,노원,17875,20000,37875
20211206,4호선,상계,18595,17077,35672
20211206,4호선,당고개,12589,11168,23757
20211206,4호선,남태령,1211,1077,2288
20211206,4호선,사당,22971,19814,42785
20211206,4호선,총신대입구,17998,19548,37546
20211206,4호선,동작,1504,1641,3145
20211206,4호선,이촌,6684,7437,14121
20211206,4호선,신용산,15500,16587,32087
20211206,4호선,삼각지,4519,4942,9461
20211206,4호선,숙대입구,12406,12112,24518
20211206,4호선,서울역,10677,14723,25400
20211206,4호선,회현,22655,24516,47171
20211206,5호선,방화,6698,6450,13148
20211206,4호선,명동,18105,18631,36736
20211206,5호선,개화산,5461,5121,10582
20211206,5호선,송정,6530,5966,12496
20211206,5호선,마포,14251,14811,29062
20211206,5호선,여의나루,8598,9589,18187
20211206,5호선,여의도,27965,29798,57763
20211206,5호선,신길,4031,4242,8273
20211206,5호선,영등포시장,9645,9929,19574
20211206,5호선,영등포구청,3817,4062,7879
20211206,5호선,양평,7672,7500,15172
20211206,5호선,오목교,20537,22118,42655
20211206,5호선,목동,16213,17685,33898
20211206,5호선,신정,13697,11154,24851
20211206,5호선,까치산,28365,26971,55336
20211206,5호선,화곡,28064,26371,54435
20211206,5호선,우장산,14482,14175,28657
20211206,5호선,발산,19957,20470,40427
20211206,5호선,마곡,10577,10494,21071
20211206,5호선,김포공항,6504,6074,12578
20211206,3호선,연신내,35622,33839,69461
20211206,4호선,충무로,24630,26095,50725
20211206,4호선,동대문,19321,19951,39272
20211206,3호선,교대,13782,9137,22919
20211206,3호선,고속터미널,36227,34423,70650
20211206,3호선,잠원,4718,4671,9389
20211206,3호선,신사,28301,30325,58626
20211206,3호선,압구정,30237,32429,62666
20211206,3호선,옥수,8589,8868,17457
20211206,3호선,금호,7716,7318,15034
20211206,3호선,약수,12554,12430,24984
20211206,3호선,동대입구,7179,7524,14703
20211206,3호선,을지로3가,10211,10576,20787
20211206,3호선,종로3가,9483,10792,20275
20211206,3호선,안국,19182,19811,38993
20211206,3호선,경복궁,18649,18444,37093
20211206,3호선,독립문,6577,6744,13321
20211206,3호선,무악재,3794,3909,7703
20211206,3호선,남부터미널,27423,28569,55992
20211206,4호선,동대문역사문화공원,13912,12857,26769
20211206,3호선,양재,38492,42191,80683
20211206,3호선,도곡,5354,5315,10669
20211206,4호선,혜화,28276,28638,56914
20211206,4호선,한성대입구,13015,12864,25879
20211206,4호선,성신여대입구,18829,18270,37099
20211206,4호선,길음,19710,19290,39000
20211206,4호선,미아사거리,26870,25882,52752
20211206,4호선,미아,14793,14443,29236
20211206,4호선,수유,32759,32869,65628
20211206,3호선,오금,6220,5648,11868
20211206,3호선,경찰병원,7506,7560,15066
20211206,3호선,가락시장,8592,8421,17013
20211206,3호선,수서,16516,16857,33373
20211206,3호선,일원,10339,9916,20255
20211206,3호선,대청,10011,9126,19137
20211206,3호선,학여울,1707,1720,3427
20211206,3호선,대치,10133,10248,20381
20211206,3호선,매봉,12158,11772,23930
20211206,9호선,선유도,8805,8370,17175
20211206,9호선,당산,17238,17492,34730
20211206,9호선,국회의사당,15720,16608,32328
20211206,분당선,가천대,10410,11546,21956
20211206,분당선,선정릉,7997,8644,16641
20211206,분당선,강남구청,10253,11725,21978
20211206,분당선,압구정로데오,16309,17876,34185
20211206,분당선,서울숲,9993,10075,20068
20211206,분당선,수원,7850,6756,14606
20211206,분당선,태평,13295,12798,26093
20211206,분당선,수서,13291,13530,26821
20211206,분당선,개포동,3683,3824,7507
20211206,분당선,구룡,2215,2123,4338
20211206,분당선,도곡,6865,6931,13796
20211206,분당선,한티,13041,14120,27161
20211206,분당선,선릉,13760,20923,34683
20211206,과천선,범계,24545,24385,48930
20211206,분당선,대모산입구,4413,4006,8419
20211206,분당선,모란,19232,19325,38557
20211206,분당선,야탑,25672,26493,52165
20211206,분당선,서현,24275,24485,48760
20211206,분당선,매탄권선,5016,4883,9899
20211206,분당선,망포,14155,13637,27792
20211206,분당선,영통,8213,8335,16548
20211206,분당선,청명,4305,4139,8444
20211206,분당선,상갈,5367,5035,10402
20211206,분당선,기흥,9848,9230,19078
20211206,분당선,신갈,4604,4617,9221
20211206,분당선,구성,5072,5313,10385
20211206,분당선,죽전,12879,14080,26959
20211206,분당선,보정,2447,2166,4613
20211206,분당선,이매,5433,5111,10544
20211206,분당선,오리,11532,9737,21269
20211206,분당선,미금,15336,16327,31663
20211206,분당선,정자,16850,18128,34978
20211206,분당선,수내,12930,12800,25730
20211206,과천선,평촌,17973,17734,35707
20211206,과천선,인덕원,23358,24406,47764
20211206,과천선,정부과천청사,10423,10377,20800
20211206,과천선,과천,5722,5192,10914
20211206,경춘선,김유정,231,238,469
20211206,경춘선,강촌,390,381,771
20211206,경춘선,백양리,139,129,268
20211206,경춘선,굴봉산,89,111,200
20211206,경춘선,가평,1406,1322,2728
20211206,경춘선,상천,253,234,487
20211206,경춘선,청평,1473,1378,2851
20211206,경춘선,대성리,436,329,765
20211206,경춘선,마석,3902,3794,7696
20211206,경춘선,천마산,1661,1573,3234
20211206,경춘선,평내호평,6338,5914,12252
20211206,경춘선,금곡,1546,1545,3091
20211206,경춘선,사릉,3576,3300,6876
20211206,경춘선,퇴계원,3599,3210,6809
20211206,경춘선,별내,3509,3265,6774
20211206,경춘선,남춘천,2113,2281,4394
20211206,분당선,수원시청,12335,12869,25204
20211206,경춘선,춘천,1286,1278,2564
20211206,공항철도 1호선,공덕,2154,2724,4878
20211206,과천선,대공원,1964,2047,4011
20211206,과천선,경마공원,897,838,1735
20211206,과천선,선바위,8274,7069,15343
20211206,공항철도 1호선,영종,2859,2775,5634
20211206,공항철도 1호선,인천공항2터미널,2370,2036,4406
20211206,공항철도 1호선,인천공항1터미널,3424,3512,6936
20211206,공항철도 1호선,공항화물청사,2281,2474,4755
20211206,공항철도 1호선,운서,6344,6362,12706
20211206,공항철도 1호선,청라국제도시,6677,6277,12954
20211206,공항철도 1호선,검암,6724,6652,13376
20211206,공항철도 1호선,계양,10019,9435,19454
20211206,공항철도 1호선,김포공항,11212,6547,17759
20211206,공항철도 1호선,마곡나루,8287,8070,16357
20211206,공항철도 1호선,디지털미디어시티,13699,12562,26261
20211206,공항철도 1호선,홍대입구,8132,8114,16246
20211206,공항철도 1호선,서울역,7158,6751,13909
20211206,수인선,고색,4543,4272,8815
20211206,수인선,오목천,3299,3122,6421
20211206,수인선,어천,705,713,1418
20211206,중앙선,도농,10734,9618,20352
20211206,중앙선,구리,13499,13320,26819
20211206,중앙선,양원,2096,2074,4170
20211206,중앙선,망우,7465,7331,14796
20211206,중앙선,상봉,5719,5816,11535
20211206,중앙선,중랑,5406,5087,10493
20211206,중앙선,회기,23110,22504,45614
20211206,장항선,신창,2535,2659,5194
20211206,장항선,온양온천,3261,3445,6706
20211206,장항선,배방,1005,960,1965
20211206,장항선,탕정,353,345,698
20211206,장항선,아산,3391,2874,6265
20211206,안산선,초지,4871,5165,10036
20211206,장항선,쌍용,2633,2564,5197
20211206,장항선,봉명,1164,1102,2266
20211206,중앙선,양정,729,626,1355
20211206,일산선,대화,12946,10083,23029
20211206,중앙선,덕소,5570,5531,11101
20211206,중앙선,팔당,771,737,1508
20211206,3호선,불광,15792,16867,32659
20211206,안산선,신길온천,1741,1581,3322
20211206,안산선,정왕,9114,9655,18769
20211206,안산선,오이도,8193,7743,15936
20211206,안산선,수리산,4367,3528,7895
20211206,중앙선,지평,56,78,134
20211206,중앙선,용문,1592,1565,3157
20211206,중앙선,원덕,338,324,662
20211206,중앙선,양평,2604,2599,5203
20211206,중앙선,오빈,272,253,525
20211206,중앙선,아신,540,538,1078
20211206,중앙선,국수,715,737,1452
20211206,중앙선,신원,192,179,371
20211206,중앙선,양수,1806,1721,3527
20211206,중앙선,운길산,637,622,1259
20211206,중앙선,도심,2409,1822,4231
20211206,경춘선,갈매,3198,2740,5938
20211206,일산선,주엽,8893,8710,17603
20211206,일산선,마두,7575,7821,15396
20211206,수인선,인천,927,1482,2409
20211206,수인선,신포,1650,1624,3274
20211206,수인선,숭의,3852,3685,7537
20211206,수인선,인하대,6154,5943,12097
20211206,수인선,송도,2513,2367,4880
20211206,수인선,연수,4389,4298,8687
20211206,수인선,원인재,4386,4516,8902
20211206,수인선,남동인더스파크,2265,2541,4806
20211206,수인선,호구포,3830,4023,7853
20211206,수인선,인천논현,5390,5722,11112
20211206,수인선,소래포구,5047,4674,9721
20211206,수인선,월곶,2495,2396,4891
20211206,수인선,달월,86,62,148
20211206,수인선,사리,4483,3945,8428
20211206,수인선,야목,350,242,592
20211206,안산선,산본,15560,16663,32223
20211206,일산선,정발산,6688,6668,13356
20211206,안산선,대야미,4852,4514,9366
20211206,안산선,상록수,16045,16156,32201
20211206,일산선,백석,9642,9562,19204
20211206,일산선,대곡,1889,1464,3353
20211206,일산선,화정,16627,17005,33632
20211206,일산선,원당,10993,10393,21386
20211206,일산선,삼송,19037,18478,37515
20211206,일산선,원흥,10562,9903,20465
20211206,우이신설선,신설동,2048,1962,4010
20211206,우이신설선,보문,1419,1424,2843
20211206,우이신설선,성신여대입구,3118,3355,6473
20211206,우이신설선,정릉,4497,4080,8577
20211206,우이신설선,북한산보국문,5716,5556,11272
20211206,우이신설선,솔샘,5759,5396,11155
20211206,안산선,고잔,8639,8100,16739
20211206,안산선,중앙,17049,17672,34721
20211206,안산선,한대앞,9481,9544,19025
20211206,안산선,반월,4361,4153,8514
20211206,경춘선,신내,2111,1993,4104
20211206,분당선,매교,3078,3096,6174
20211206,경인선,중동,9512,8917,18429
20211206,경부선,의왕,9163,9186,18349
20211206,경부선,군포,7885,7976,15861
20211206,경부선,금정,25940,26791,52731
20211206,경부선,명학,9374,9200,18574
20211206,경부선,안양,22443,22235,44678
20211206,경부선,관악,7204,6622,13826
20211206,경부선,석수,9723,8562,18285
20211206,경부선,금천구청,11905,11677,23582
20211206,경부선,가산디지털단지,18658,21591,40249
20211206,경부선,구로,18596,18648,37244
20211206,경부선,신길,8890,7491,16381
20211206,경부선,신도림,4102,4112,8214
20211206,경부선,영등포,33937,34841,68778
20211206,경부선,대방,12697,13061,25758
20211206,경부선,노량진,7604,7789,15393
20211206,경부선,성균관대,13815,13520,27335
20211206,경부선,용산,30400,30534,60934
20211206,경부선,화서,7825,7510,15335
20211206,경부선,독산,18601,19189,37790
20211206,경부선,당정,6285,5953,12238
20211206,경부선,천안,5067,5252,10319
20211206,경부선,두정,5095,5488,10583
20211206,경부선,직산,765,717,1482
20211206,경부선,성환,4863,5068,9931
20211206,경부선,평택,11648,11754,23402
20211206,경부선,평택지제,3380,3162,6542
20211206,경부선,서정리,7169,7000,14169
20211206,경부선,송탄,4174,4012,8186
20211206,경부선,진위,1629,1477,3106
20211206,경부선,오산,9788,9793,19581
20211206,경부선,오산대,3634,3360,6994
20211206,경부선,세마,2798,2620,5418
20211206,경부선,병점,14456,14531,28987
20211206,경부선,세류,2966,2673,5639
20211206,경부선,수원,32775,34062,66837
20211206,경부선,서동탄,1434,1208,2642
20211206,경부선,남영,8926,9255,18181
20211206,경강선,여주,2319,2331,4650
20211206,9호선2~3단계,봉은사,14974,15358,30332
20211206,9호선2~3단계,삼성중앙,6793,7167,13960
20211206,9호선2~3단계,선정릉,9374,10560,19934
20211206,9호선2~3단계,언주,10410,10728,21138
20211206,9호선,신논현,29921,29999,59920
20211206,9호선,사평,3362,3282,6644
20211206,9호선,고속터미널,11226,14063,25289
20211206,9호선,신반포,3095,3085,6180
20211206,9호선,구반포,1605,1687,3292
20211206,9호선,동작,1751,1442,3193
20211206,9호선,흑석,7656,8045,15701
20211206,9호선,노들,4381,3657,8038
20211206,9호선,노량진,25053,24549,49602
20211206,9호선,샛강,5699,6248,11947
20211206,경인선,도화,4117,3810,7927
20211206,9호선2~3단계,종합운동장,3789,3953,7742
20211206,경부선,서울역,5932,1816,7748
20211206,9호선2~3단계,삼전,6674,6437,13111
20211206,9호선2~3단계,석촌,7961,7133,15094
20211206,경강선,세종대왕릉,311,301,612
20211206,경강선,부발,1885,1910,3795
20211206,경강선,이천,2408,2547,4955
20211206,경강선,신둔도예촌,1448,1380,2828
20211206,경강선,곤지암,2157,2088,4245
20211206,경강선,초월,3091,3081,6172
20211206,경강선,경기광주,7594,7153,14747
20211206,경강선,삼동,2386,2258,4644
20211206,경강선,이매,1130,968,2098
20211206,경강선,판교,4628,4616,9244
20211206,9호선2~3단계,중앙보훈병원,10717,9432,20149
20211206,9호선2~3단계,둔촌오륜,1156,1100,2256
20211206,9호선2~3단계,올림픽공원,6120,5960,12080
20211206,9호선2~3단계,한성백제,2542,2340,4882
20211206,9호선2~3단계,송파나루,4455,4872,9327
20211206,9호선2~3단계,석촌고분,5967,5986,11953
20211206,경부선,광명,3418,2854,6272
20211206,9호선,여의도,26483,25596,52079
20211206,경의선,임진강,3,1,4
20211206,경의선,문산,4883,4845,9728
20211206,경의선,파주,1622,1154,2776
20211206,경의선,월롱,2515,2498,5013
20211206,경의선,금촌,6692,6698,13390
20211206,경의선,금릉,4696,4524,9220
20211206,경의선,운정,7128,6618,13746
20211206,경원선,이촌,3623,2782,6405
20211206,경의선,야당,7027,6743,13770
20211206,경의선,일산,9195,9135,18330
20211206,경의선,백마,6830,6429,13259
20211206,경의선,곡산,601,604,1205
20211206,경의선,능곡,3768,3432,7200
20211206,경의선,행신,7644,7834,15478
20211206,경의선,강매,3183,2681,5864
20211206,경의선,탄현,7643,7210,14853
20211206,경인선,개봉,21114,21034,42148
20211206,경인선,오류동,11976,11405,23381
20211206,경인선,역곡,26746,26314,53060
20211206,경인선,온수,6734,6350,13084
20211206,경인선,도원,2945,2977,5922
20211206,경인선,간석,5701,5332,11033
20211206,경인선,부개,8546,7914,16460
20211206,경인선,소사,8734,5451,14185
20211206,경인선,구일,6415,6393,12808
20211206,경인선,인천,3133,2320,5453
20211206,경인선,동인천,13007,12214,25221
20211206,경인선,제물포,10938,10461,21399
20211206,경인선,주안,18396,16672,35068
20211206,경인선,동암,14353,14282,28635
20211206,경인선,백운,6851,6681,13532
20211206,경인선,부평,26902,28808,55710
20211206,경인선,송내,26823,26833,53656
20211206,경인선,부천,31195,31013,62208
20211206,경의선,화전,1682,1525,3207
20211206,경의선,수색,2950,2939,5889
20211206,경의선,풍산,5357,5016,10373
20211206,경의선,가좌,5295,5005,10300
20211206,경원선,도봉산,7441,4680,12121
20211206,경원선,도봉,5913,5716,11629
20211206,경원선,방학,9427,9245,18672
20211206,경원선,녹천,4706,4004,8710
20211206,경원선,월계,7003,6608,13611
20211206,경의선,디지털미디어시티,2387,2283,4670
20211206,경원선,석계,7675,8879,16554
20211206,경원선,신이문,8426,7820,16246
20211206,경원선,외대앞,7127,7120,14247
20211206,경원선,청량리,13800,14314,28114
20211206,경원선,왕십리,13058,14559,27617
20211206,경원선,응봉,1860,1578,3438
20211206,경원선,옥수,43,49,92
20211206,경원선,한남,4073,3922,7995
20211206,경원선,서빙고,1851,1716,3567
20211206,경원선,망월사,7717,7787,15504
20211206,경원선,회룡,12167,11914,24081
20211206,경원선,광운대,8030,7861,15891
20211206,경원선,가능,6545,6256,12801
20211206,경원선,의정부,17375,17633,35008
20211206,경의선,서강대,2083,2055,4138
20211206,경의선,공덕,3494,3133,6627
20211206,경의선,효창공원앞,2902,3236,6138
20211206,경의선,신촌,824,1071,1895
20211206,경의선,서울역,4429,5452,9881
20211206,경원선,소요산,2362,1963,4325
20211206,경의선,홍대입구,1408,1735,3143
20211206,경원선,보산,1559,1411,2970
20211206,경원선,동두천중앙,3103,2951,6054
20211206,경원선,지행,6546,6485,13031
20211206,경원선,덕정,5887,5872,11759
20211206,경원선,덕계,3007,2654,5661
20211206,경원선,양주,7632,7137,14769
20211206,경원선,녹양,4432,4241,8673
20211206,경원선,동두천,2031,2267,4298
20211207,경부선,석수,9779,8717,18496
20211207,경부선,관악,7393,6731,14124
20211207,경부선,안양,22553,22504,45057
20211207,경부선,명학,9446,9464,18910
20211207,경부선,금정,26597,26914,53511
20211207,경부선,군포,7889,7776,15665
20211207,경부선,의왕,9259,9230,18489
20211207,경부선,독산,18702,19509,38211
20211207,경부선,화서,8079,7807,15886
20211207,경부선,수원,32772,34645,67417
20211207,경부선,세류,3005,2808,5813
20211207,경부선,병점,14703,14771,29474
20211207,경부선,세마,2750,2543,5293
20211207,경부선,오산대,3830,3595,7425
20211207,경부선,금천구청,11971,11773,23744
20211207,경부선,성균관대,13841,13583,27424
20211207,경부선,가산디지털단지,18649,21719,40368
20211207,경원선,지행,6464,6442,12906
20211207,경부선,신길,9028,7561,16589
20211207,경강선,경기광주,7567,7037,14604
20211207,경강선,초월,3127,3063,6190
20211207,경강선,곤지암,2171,2202,4373
20211207,경강선,신둔도예촌,1474,1344,2818
20211207,경강선,이천,2461,2509,4970
20211207,경강선,부발,1928,1853,3781
20211207,경강선,세종대왕릉,278,257,535
20211207,경강선,여주,2394,2338,4732
20211207,경부선,서울역,4986,1651,6637
20211207,경부선,남영,9338,9646,18984
20211207,경부선,용산,29583,29830,59413
20211207,경부선,노량진,7641,7915,15556
20211207,경부선,대방,12898,13253,26151
20211207,경부선,영등포,34117,35255,69372
20211207,경부선,신도림,4106,4020,8126
20211207,경부선,구로,18566,19018,37584
20211207,경부선,오산,9681,9527,19208
20211207,경원선,덕정,6132,5983,12115
20211207,경부선,송탄,4112,3899,8011
20211207,경원선,석계,7865,8958,16823
20211207,경원선,광운대,8251,7964,16215
20211207,경원선,월계,7150,6806,13956
20211207,경원선,녹천,4794,4017,8811
20211207,경원선,방학,9596,9353,18949
20211207,경원선,도봉,6069,5834,11903
20211207,경원선,도봉산,7647,4881,12528
20211207,경원선,망월사,7865,8054,15919
20211207,경원선,회룡,12498,12296,24794
20211207,경원선,의정부,17623,17906,35529
20211207,경원선,가능,6797,6549,13346
20211207,경원선,녹양,4581,4322,8903
20211207,경원선,양주,7596,7079,14675
20211207,경원선,덕계,3194,2892,6086
20211207,경강선,삼동,2379,2222,4601
20211207,경원선,신이문,8285,7621,15906
20211207,경부선,진위,1638,1421,3059
20211207,경원선,외대앞,6980,6951,13931
20211207,경원선,왕십리,12962,14417,27379
20211207,경부선,서정리,7425,7029,14454
20211207,경부선,평택지제,3146,3021,6167
20211207,경부선,평택,11293,11252,22545
20211207,경부선,성환,4331,4436,8767
20211207,경부선,직산,763,767,1530
20211207,경부선,두정,5200,5273,10473
20211207,경부선,천안,4932,5112,10044
20211207,경부선,당정,6217,5984,12201
20211207,경부선,서동탄,1486,1219,2705
20211207,경부선,광명,3158,2685,5843
20211207,경원선,이촌,3546,2756,6302
20211207,경원선,서빙고,2033,1863,3896
20211207,경원선,한남,4030,3839,7869
20211207,경원선,옥수,38,31,69
20211207,경원선,응봉,1942,1602,3544
20211207,경원선,청량리,13572,14124,27696
20211207,경강선,이매,1136,998,2134
20211207,9호선,공항시장,2875,3199,6074
20211207,9호선2~3단계,중앙보훈병원,10902,9638,20540
20211207,8호선,천호,14585,16844,31429
20211207,8호선,강동구청,10698,11161,21859
20211207,8호선,몽촌토성,6278,6463,12741
20211207,8호선,잠실,13269,15794,29063
20211207,8호선,석촌,7627,8841,16468
20211207,8호선,송파,7551,7446,14997
20211207,8호선,암사,19259,16873,36132
20211207,8호선,가락시장,7501,8407,15908
20211207,8호선,장지,17244,16390,33634
20211207,8호선,복정,11754,10169,21923
20211207,8호선,산성,5775,5886,11661
20211207,8호선,남한산성입구,14316,13222,27538
20211207,8호선,단대오거리,10387,9992,20379
20211207,8호선,신흥,4034,4374,8408
20211207,8호선,문정,22540,23815,46355
20211207,7호선,부평구청,7614,6706,14320
20211207,7호선,굴포천,9225,9508,18733
20211207,7호선,삼산체육관,5379,4817,10196
20211207,7호선,보라매,10181,10223,20404
20211207,7호선,신풍,11750,11173,22923
20211207,7호선,대림,7833,7875,15708
20211207,7호선,남구로,16307,17154,33461
20211207,7호선,가산디지털단지,47925,48152,96077
20211207,7호선,철산,20819,21406,42225
20211207,7호선,광명사거리,22503,22063,44566
20211207,7호선,천왕,11731,11172,22903
20211207,7호선,온수,11015,10040,21055
20211207,7호선,까치울,7885,7573,15458
20211207,7호선,부천종합운동장,5156,4490,9646
20211207,7호선,춘의,10336,10144,20480
20211207,7호선,신중동,14174,14142,28316
20211207,7호선,부천시청,12617,12736,25353
20211207,7호선,상동,12820,13601,26421
20211207,8호선,수진,5200,4782,9982
20211207,8호선,모란,4140,3254,7394
20211207,9호선,개화,2519,1741,4260
20211207,9호선,김포공항,6423,9685,16108
20211207,9호선,고속터미널,11263,13800,25063
20211207,9호선,사평,3452,3362,6814
20211207,9호선,신논현,30688,30729,61417
20211207,9호선2~3단계,언주,10430,10839,21269
20211207,9호선2~3단계,선정릉,9817,10715,20532
20211207,9호선2~3단계,삼성중앙,6788,7217,14005
20211207,9호선2~3단계,봉은사,15116,15432,30548
20211207,9호선2~3단계,종합운동장,4062,4034,8096
20211207,9호선2~3단계,삼전,6782,6597,13379
20211207,9호선2~3단계,석촌고분,5946,5899,11845
20211207,9호선2~3단계,석촌,8183,7276,15459
20211207,9호선2~3단계,송파나루,4597,4914,9511
20211207,9호선2~3단계,한성백제,2496,2291,4787
20211207,9호선2~3단계,올림픽공원,6154,5995,12149
20211207,9호선2~3단계,둔촌오륜,1144,1134,2278
20211207,9호선,신반포,3248,3179,6427
20211207,경강선,판교,4718,4697,9415
20211207,9호선,구반포,1659,1727,3386
20211207,9호선,흑석,7658,7966,15624
20211207,9호선,신방화,6878,6598,13476
20211207,9호선,마곡나루,11657,11562,23219
20211207,9호선,양천향교,9914,10110,20024
20211207,9호선,가양,20429,19829,40258
20211207,9호선,증미,7307,7229,14536
20211207,9호선,등촌,11756,11419,23175
20211207,9호선,염창,17203,16554,33757
20211207,9호선,신목동,4172,3734,7906
20211207,9호선,선유도,8922,8572,17494
20211207,9호선,당산,17602,17732,35334
20211207,9호선,국회의사당,16226,17118,33344
20211207,9호선,여의도,27267,26291,53558
20211207,9호선,샛강,5740,6194,11934
20211207,9호선,노량진,25334,24707,50041
20211207,9호선,노들,4432,3675,8107
20211207,9호선,동작,1880,1451,3331
20211207,경원선,동두천중앙,3117,3006,6123
20211207,안산선,안산,11422,10261,21683
20211207,경원선,동두천,2186,2491,4677
20211207,분당선,수원,7644,6674,14318
20211207,분당선,서울숲,10207,10413,20620
20211207,분당선,압구정로데오,17680,19773,37453
20211207,분당선,강남구청,10448,11935,22383
20211207,분당선,선정릉,8281,8828,17109
20211207,분당선,가천대,10049,10846,20895
20211207,분당선,태평,13560,12924,26484
20211207,분당선,모란,19513,19763,39276
20211207,분당선,야탑,25634,26777,52411
20211207,분당선,서현,23867,24745,48612
20211207,분당선,수내,13223,13137,26360
20211207,분당선,정자,17310,18651,35961
20211207,분당선,미금,15561,16377,31938
20211207,분당선,오리,11734,9820,21554
20211207,분당선,이매,5621,5209,10830
20211207,분당선,수서,13268,13431,26699
20211207,분당선,보정,2549,2225,4774
20211207,분당선,대모산입구,4430,4132,8562
20211207,분당선,구룡,2127,2065,4192
20211207,공항철도 1호선,공항화물청사,2336,2535,4871
20211207,공항철도 1호선,인천공항1터미널,3635,3671,7306
20211207,공항철도 1호선,인천공항2터미널,2077,1919,3996
20211207,공항철도 1호선,영종,2851,2775,5626
20211207,과천선,선바위,8429,7284,15713
20211207,과천선,경마공원,1342,1372,2714
20211207,과천선,대공원,2332,2389,4721
20211207,과천선,과천,5804,5309,11113
20211207,과천선,정부과천청사,10605,10595,21200
20211207,과천선,인덕원,24032,25206,49238
20211207,과천선,평촌,18404,18048,36452
20211207,과천선,범계,25300,24861,50161
20211207,분당선,선릉,14122,21378,35500
20211207,분당선,한티,13215,14459,27674
20211207,분당선,도곡,6897,6759,13656
20211207,분당선,개포동,3792,3859,7651
20211207,공항철도 1호선,운서,6445,6408,12853
20211207,분당선,죽전,13008,14266,27274
20211207,분당선,신갈,4792,4629,9421
20211207,수인선,원인재,4452,4675,9127
20211207,수인선,연수,4371,4267,8638
20211207,수인선,송도,2554,2328,4882
20211207,수인선,인하대,6107,5751,11858
20211207,수인선,숭의,3992,3751,7743
20211207,수인선,신포,1740,1776,3516
20211207,수인선,인천,894,1478,2372
20211207,안산선,산본,15725,16861,32586
20211207,안산선,대야미,4964,4453,9417
20211207,안산선,반월,4246,4130,8376
20211207,안산선,상록수,16306,16549,32855
20211207,안산선,한대앞,9505,9556,19061
20211207,안산선,중앙,17034,17881,34915
20211207,안산선,고잔,9023,8424,17447
20211207,7호선,신대방삼거리,16816,16044,32860
20211207,수인선,남동인더스파크,2228,2471,4699
20211207,분당선,구성,5205,5393,10598
20211207,수인선,호구포,4032,4120,8152
20211207,수인선,소래포구,5167,4749,9916
20211207,분당선,기흥,9821,9082,18903
20211207,분당선,상갈,5431,5288,10719
20211207,분당선,청명,4469,4298,8767
20211207,분당선,영통,8211,8374,16585
20211207,분당선,망포,14316,13647,27963
20211207,분당선,매탄권선,4900,4759,9659
20211207,분당선,수원시청,12443,13427,25870
20211207,분당선,매교,3098,3058,6156
20211207,수인선,고색,4560,4381,8941
20211207,수인선,오목천,3569,3293,6862
20211207,수인선,어천,740,698,1438
20211207,수인선,야목,332,270,602
20211207,수인선,사리,4486,4025,8511
20211207,수인선,달월,97,53,150
20211207,수인선,월곶,2490,2407,4897
20211207,수인선,인천논현,5274,5764,11038
20211207,경원선,보산,1477,1338,2815
20211207,공항철도 1호선,청라국제도시,6882,6483,13365
20211207,공항철도 1호선,계양,10095,9540,19635
20211207,경의선,야당,7020,6902,13922
20211207,경의선,운정,7101,6722,13823
20211207,경의선,금릉,4767,4622,9389
20211207,경의선,금촌,6211,6042,12253
20211207,경의선,월롱,2626,2424,5050
20211207,경의선,파주,1574,1094,2668
20211207,경의선,문산,4757,4851,9608
20211207,경의선,임진강,10,5,15
20211207,경인선,개봉,21133,20989,42122
20211207,경인선,오류동,11969,11148,23117
20211207,경인선,역곡,27102,26755,53857
20211207,경인선,부천,31263,31371,62634
20211207,경인선,송내,26679,26794,53473
20211207,경인선,부평,26748,28547,55295
20211207,경인선,백운,6991,6825,13816
20211207,경의선,탄현,7615,7286,14901
20211207,경인선,동암,14282,14592,28874
20211207,경의선,일산,9205,9119,18324
20211207,경의선,백마,6855,6584,13439
20211207,경원선,소요산,2502,2131,4633
20211207,경의선,서울역,4274,5337,9611
20211207,경의선,신촌,883,1018,1901
20211207,경의선,효창공원앞,2973,3382,6355
20211207,경의선,공덕,3397,3176,6573
20211207,경의선,서강대,2113,2071,4184
20211207,경의선,홍대입구,1477,1751,3228
20211207,경의선,가좌,5131,4824,9955
20211207,경의선,디지털미디어시티,2378,2250,4628
20211207,경의선,수색,2885,2994,5879
20211207,경의선,화전,1629,1477,3106
20211207,경의선,강매,3266,2820,6086
20211207,경의선,행신,7715,7654,15369
20211207,경의선,능곡,3770,3399,7169
20211207,경의선,곡산,565,627,1192
20211207,경의선,풍산,5405,5013,10418
20211207,공항철도 1호선,검암,6840,6788,13628
20211207,경인선,주안,18452,16646,35098
20211207,경인선,동인천,13196,12241,25437
20211207,경춘선,청평,1440,1410,2850
20211207,경춘선,상천,237,218,455
20211207,경춘선,가평,1438,1402,2840
20211207,경춘선,굴봉산,120,116,236
20211207,경춘선,백양리,142,144,286
20211207,경춘선,강촌,380,389,769
20211207,경춘선,김유정,356,335,691
20211207,경춘선,남춘천,2504,2556,5060
20211207,경춘선,춘천,1257,1204,2461
20211207,공항철도 1호선,서울역,6686,6371,13057
20211207,공항철도 1호선,공덕,2217,2862,5079
20211207,공항철도 1호선,홍대입구,8351,8562,16913
20211207,공항철도 1호선,디지털미디어시티,14118,12977,27095
20211207,공항철도 1호선,마곡나루,8721,8305,17026
20211207,공항철도 1호선,김포공항,10699,6166,16865
20211207,경춘선,대성리,456,481,937
20211207,경인선,제물포,10501,10025,20526
20211207,경춘선,마석,3846,3799,7645
20211207,경춘선,평내호평,6248,6072,12320
20211207,경인선,인천,3218,2463,5681
20211207,경인선,구일,6516,6517,13033
20211207,경인선,소사,9039,5596,14635
20211207,경인선,부개,8527,7866,16393
20211207,경인선,간석,5751,5474,11225
20211207,경인선,도원,3034,3025,6059
20211207,경인선,온수,6563,6341,12904
20211207,경인선,중동,9551,8925,18476
20211207,경인선,도화,4110,3838,7948
20211207,경춘선,신내,2164,2099,4263
20211207,경춘선,갈매,3191,2732,5923
20211207,경춘선,별내,3382,3152,6534
20211207,경춘선,퇴계원,3675,3297,6972
20211207,경춘선,사릉,3593,3406,6999
20211207,경춘선,금곡,1536,1485,3021
20211207,경춘선,천마산,1677,1551,3228
20211207,7호선,장승배기,9458,9205,18663
20211207,안산선,초지,5005,5443,10448
20211207,7호선,숭실대입구,12849,13090,25939
20211207,2호선,낙성대,26590,25944,52534
20211207,2호선,서울대입구,45994,45516,91510
20211207,2호선,봉천,23465,21685,45150
20211207,2호선,신림,61579,59549,121128
20211207,2호선,신대방,26236,25446,51682
20211207,2호선,구로디지털단지,60708,61331,122039
20211207,2호선,사당,35979,39173,75152
20211207,2호선,대림,23970,24291,48261
20211207,2호선,문래,21641,22097,43738
20211207,2호선,영등포구청,23540,23780,47320
20211207,2호선,당산,18419,21368,39787
20211207,2호선,합정,28875,30160,59035
20211207,2호선,홍대입구,45950,48061,94011
20211207,2호선,신촌,29295,29996,59291
20211207,2호선,신도림,45981,45386,91367
20211207,2호선,방배,17344,18331,35675
20211207,2호선,서초,21917,21396,43313
20211207,2호선,교대,33832,38145,71977
20211207,2호선,왕십리,15316,12521,27837
20211207,2호선,한양대,8618,9248,17866
20211207,2호선,뚝섬,21033,22802,43835
20211207,2호선,성수,36555,40036,76591
20211207,2호선,건대입구,31044,33783,64827
20211207,2호선,구의,23465,23021,46486
20211207,2호선,강변,28138,26609,54747
20211207,2호선,잠실나루,14551,14086,28637
20211207,2호선,잠실,64932,65178,130110
20211207,2호선,잠실새내,20195,20043,40238
20211207,2호선,종합운동장,7321,7875,15196
20211207,2호선,삼성,50782,51815,102597
20211207,2호선,선릉,58182,52113,110295
20211207,2호선,역삼,52896,59701,112597
20211207,2호선,강남,79747,79154,158901
20211207,2호선,이대,12596,13299,25895
20211207,2호선,충정로,10253,10705,20958
20211207,2호선,용답,2831,2760,5591
20211207,2호선,신답,1683,1918,3601
20211207,3호선,금호,7881,7338,15219
20211207,3호선,옥수,8778,9062,17840
20211207,3호선,압구정,31499,33925,65424
20211207,3호선,신사,29326,31680,61006
20211207,3호선,잠원,4890,4699,9589
20211207,3호선,고속터미널,35045,33957,69002
20211207,3호선,교대,14026,9295,23321
20211207,3호선,남부터미널,28043,29194,57237
20211207,3호선,양재,39441,43275,82716
20211207,3호선,매봉,12541,12018,24559
20211207,3호선,도곡,5377,5454,10831
20211207,3호선,대치,9976,10113,20089
20211207,3호선,학여울,1706,1780,3486
20211207,3호선,대청,10185,9423,19608
20211207,3호선,일원,10247,9887,20134
20211207,3호선,약수,12809,12531,25340
20211207,2호선,상왕십리,14056,13730,27786
20211207,3호선,동대입구,7240,7570,14810
20211207,3호선,종로3가,9663,10998,20661
20211207,2호선,신설동,2974,3059,6033
20211207,2호선,도림천,1445,1492,2937
20211207,2호선,양천구청,6759,7096,13855
20211207,2호선,신정네거리,10297,10526,20823
20211207,2호선,용두,2329,2411,4740
20211207,3호선,지축,4494,4295,8789
20211207,3호선,구파발,20609,19185,39794
20211207,3호선,연신내,35891,34117,70008
20211207,3호선,불광,15935,17043,32978
20211207,3호선,녹번,15631,14134,29765
20211207,3호선,홍제,17020,16172,33192
20211207,3호선,무악재,3854,3882,7736
20211207,3호선,독립문,6960,7139,14099
20211207,3호선,경복궁,19882,19405,39287
20211207,3호선,안국,19576,20652,40228
20211207,3호선,을지로3가,10422,10838,21260
20211207,2호선,동대문역사문화공원,11524,12806,24330
20211207,2호선,을지로4가,13348,13192,26540
20211207,2호선,을지로3가,21985,22141,44126
20211207,일산선,지축,1,0,1
20211207,일산선,삼송,19271,18698,37969
20211207,일산선,원당,11095,10495,21590
20211207,일산선,화정,16947,17351,34298
20211207,일산선,대곡,1965,1526,3491
20211207,일산선,백석,9841,9649,19490
20211207,일산선,마두,7406,7704,15110
20211207,일산선,정발산,6786,6912,13698
20211207,일산선,주엽,8867,8746,17613
20211207,일산선,대화,12723,9973,22696
20211207,장항선,봉명,1178,1144,2322
20211207,장항선,쌍용,2616,2456,5072
20211207,장항선,아산,3179,2774,5953
20211207,장항선,탕정,383,327,710
20211207,장항선,배방,982,988,1970
20211207,일산선,원흥,10723,10037,20760
20211207,장항선,온양온천,3171,3255,6426
20211207,우이신설선,신설동,2140,2084,4224
20211207,우이신설선,성신여대입구,3260,3529,6789
20211207,7호선,상도,10554,10058,20612
20211207,안산선,신길온천,1695,1567,3262
20211207,안산선,정왕,9048,9465,18513
20211207,안산선,오이도,8310,8074,16384
20211207,안산선,수리산,4370,3623,7993
20211207,우이신설선,북한산우이,2460,2251,4711
20211207,우이신설선,솔밭공원,2467,2308,4775
20211207,우이신설선,4.19민주묘지,2860,2723,5583
20211207,우이신설선,가오리,4098,4049,8147
20211207,우이신설선,화계,3400,3178,6578
20211207,우이신설선,삼양,2109,2213,4322
20211207,우이신설선,삼양사거리,2449,2460,4909
20211207,우이신설선,솔샘,5759,5402,11161
20211207,우이신설선,북한산보국문,5800,5525,11325
20211207,우이신설선,정릉,4528,4124,8652
20211207,우이신설선,보문,1440,1484,2924
20211207,3호선,수서,16530,16733,33263
20211207,장항선,신창,2352,2288,4640
20211207,중앙선,중랑,5599,5333,10932
20211207,3호선,충무로,1,0,1
20211207,5호선,강일,3876,3852,7728
20211207,중앙선,용문,1596,1558,3154
20211207,1호선,서울역,40546,38681,79227
20211207,1호선,동묘앞,7646,7915,15561
20211207,1호선,시청,22564,22787,45351
20211207,1호선,종각,34014,33760,67774
20211207,1호선,종로3가,23698,21795,45493
20211207,1호선,종로5가,21466,21433,42899
20211207,1호선,동대문,10459,9861,20320
20211207,1호선,신설동,13382,13013,26395
20211207,1호선,제기동,16776,16929,33705
20211207,1호선,청량리,18765,18889,37654
20211207,2호선,시청,23642,23319,46961
20211207,2호선,을지로입구,38382,39576,77958
20211207,2호선,아현,10013,9708,19721
20211207,중앙선,회기,23230,22307,45537
20211207,중앙선,지평,58,61,119
20211207,중앙선,양평,2602,2606,5208
20211207,중앙선,상봉,5708,5617,11325
20211207,중앙선,망우,7534,7499,15033
20211207,중앙선,양원,2089,1980,4069
20211207,중앙선,구리,13391,13405,26796
20211207,중앙선,도농,10664,9530,20194
20211207,중앙선,양정,741,636,1377
20211207,중앙선,덕소,5567,5473,11040
20211207,중앙선,도심,2418,1896,4314
20211207,중앙선,팔당,780,822,1602
20211207,중앙선,운길산,636,577,1213
20211207,중앙선,양수,1769,1763,3532
20211207,중앙선,신원,185,180,365
20211207,중앙선,국수,675,688,1363
20211207,중앙선,아신,519,498,1017
20211207,중앙선,오빈,273,267,540
20211207,중앙선,원덕,343,323,666
20211207,3호선,가락시장,8832,8677,17509
20211207,2호선,신당,13473,14101,27574
20211207,3호선,오금,6291,5586,11877
20211207,6호선,대흥,7890,8171,16061
20211207,6호선,공덕,18625,17875,36500
20211207,6호선,효창공원앞,7128,6415,13543
20211207,6호선,삼각지,6002,5381,11383
20211207,6호선,녹사평,4377,4416,8793
20211207,6호선,이태원,8563,8824,17387
20211207,6호선,한강진,7659,8791,16450
20211207,6호선,버티고개,1892,1938,3830
20211207,6호선,약수,3640,3619,7259
20211207,6호선,청구,3713,3999,7712
20211207,6호선,신당,8571,8923,17494
20211207,6호선,동묘앞,7496,7736,15232
20211207,6호선,창신,3601,2912,6513
20211207,6호선,보문,7058,6715,13773
20211207,6호선,고려대,7507,7210,14717
20211207,6호선,광흥창,8957,8711,17668
20211207,6호선,월곡,11547,11426,22973
20211207,6호선,상수,7570,8337,15907
20211207,6호선,망원,13080,14091,27171
20211207,5호선,마천,6939,6837,13776
20211207,5호선,미사,15608,15557,31165
20211207,5호선,하남풍산,4334,4242,8576
20211207,5호선,하남시청,6093,6021,12114
20211207,5호선,하남검단산,5329,5083,10412
20211207,6호선,응암,17625,17423,35048
20211207,6호선,역촌,3942,4599,8541
20211207,6호선,불광,4086,4077,8163
20211207,6호선,독바위,2678,2853,5531
20211207,6호선,구산,7685,5769,13454
20211207,6호선,새절,12924,11939,24863
20211207,6호선,증산,9993,9850,19843
20211207,6호선,디지털미디어시티,14013,15259,29272
20211207,6호선,월드컵경기장,3794,4045,7839
20211207,6호선,마포구청,14456,12933,27389
20211207,6호선,합정,11924,12075,23999
20211207,5호선,거여,9473,9086,18559
20211207,6호선,상월곡,6325,5586,11911
20211207,6호선,석계,12228,12700,24928
20211207,7호선,중곡,10822,10117,20939
20211207,7호선,군자,14735,11899,26634
20211207,7호선,어린이대공원,11654,11741,23395
20211207,7호선,건대입구,11669,11883,23552
20211207,7호선,뚝섬유원지,7289,7217,14506
20211207,7호선,청담,19457,21899,41356
20211207,7호선,강남구청,16737,18476,35213
20211207,7호선,학동,25088,26546,51634
20211207,7호선,논현,20621,22615,43236
20211207,7호선,반포,5697,5471,11168
20211207,7호선,고속터미널,14717,13031,27748
20211207,7호선,내방,14745,15139,29884
20211207,7호선,이수,15477,15115,30592
20211207,3호선,경찰병원,7481,7445,14926
20211207,7호선,남성,11168,10457,21625
20211207,7호선,용마산,6172,5925,12097
20211207,6호선,돌곶이,9296,8683,17979
20211207,7호선,사가정,16076,16112,32188
20211207,7호선,상봉,16828,15574,32402
20211207,6호선,태릉입구,5216,5776,10992
20211207,6호선,화랑대,11825,9286,21111
20211207,6호선,봉화산,9118,8392,17510
20211207,6호선,신내,1,0,1
20211207,7호선,장암,2368,877,3245
20211207,7호선,도봉산,9304,10922,20226
20211207,7호선,수락산,12587,12135,24722
20211207,7호선,마들,12921,12347,25268
20211207,7호선,노원,19044,20223,39267
20211207,7호선,중계,14508,13397,27905
20211207,7호선,하계,17565,16484,34049
20211207,7호선,공릉,11810,11831,23641
20211207,7호선,태릉입구,8131,7902,16033
20211207,7호선,먹골,9965,9677,19642
20211207,7호선,중화,10999,10745,21744
20211207,7호선,면목,16759,16379,33138
20211207,5호선,개롱,6640,6850,13490
20211207,6호선,안암,9820,9866,19686
20211207,4호선,미아,14948,14403,29351
20211207,4호선,사당,23885,20046,43931
20211207,4호선,당고개,12782,11407,24189
20211207,4호선,상계,18934,17405,36339
20211207,4호선,노원,18251,20687,38938
20211207,4호선,창동,25150,26304,51454
20211207,4호선,쌍문,29193,26795,55988
20211207,5호선,방화,6791,6476,13267
20211207,5호선,개화산,5572,5228,10800
20211207,5호선,김포공항,6426,5955,12381
20211207,5호선,송정,6544,6150,12694
20211207,5호선,마곡,10670,10670,21340
20211207,5호선,발산,20349,20929,41278
20211207,5호선,우장산,14518,14318,28836
20211207,5호선,화곡,28333,26334,54667
20211207,5호선,까치산,28819,27582,56401
20211207,4호선,총신대입구,18334,19890,38224
20211207,5호선,신정,13998,11155,25153
20211207,4호선,동작,1466,1725,3191
20211207,4호선,신용산,15865,16660,32525
20211207,4호선,수유,33179,33126,66305
20211207,5호선,오금,3864,3839,7703
20211207,4호선,미아사거리,27133,26181,53314
20211207,4호선,길음,19993,19364,39357
20211207,4호선,성신여대입구,19638,18791,38429
20211207,4호선,한성대입구,13558,13167,26725
20211207,4호선,혜화,30575,30937,61512
20211207,4호선,동대문,19321,19885,39206
20211207,4호선,동대문역사문화공원,14027,12885,26912
20211207,4호선,충무로,25768,26815,52583
20211207,4호선,명동,18151,19079,37230
20211207,4호선,회현,23742,25367,49109
20211207,4호선,서울역,10791,14906,25697
20211207,4호선,숙대입구,12632,12522,25154
20211207,4호선,삼각지,4692,5097,9789
20211207,4호선,이촌,7081,7856,14937
20211207,5호선,목동,16234,17913,34147
20211207,4호선,남태령,1335,1163,2498
20211207,5호선,양평,7611,7459,15070
20211207,5호선,마장,5645,5291,10936
20211207,5호선,답십리,15867,14515,30382
20211207,5호선,장한평,18518,18341,36859
20211207,5호선,군자,10969,12063,23032
20211207,5호선,아차산,14261,13720,27981
20211207,5호선,광나루,13110,12070,25180
20211207,5호선,천호,17139,17230,34369
20211207,5호선,왕십리,4498,5148,9646
20211207,5호선,강동,18593,17591,36184
20211207,5호선,굽은다리,9523,9032,18555
20211207,5호선,명일,8675,8886,17561
20211207,5호선,고덕,9646,9489,19135
20211207,5호선,상일동,15644,13947,29591
20211207,5호선,둔촌동,8587,8533,17120
20211207,5호선,오목교,21168,22772,43940
20211207,5호선,방이,7151,7460,14611
20211207,5호선,길동,8026,8410,16436
20211207,5호선,행당,8154,7248,15402
20211207,5호선,올림픽공원,4368,3846,8214
20211207,5호선,청구,4056,3719,7775
20211207,5호선,신금호,6532,6731,13263
20211207,5호선,영등포구청,3902,4111,8013
20211207,5호선,영등포시장,9846,10061,19907
20211207,5호선,신길,4132,4529,8661
20211207,5호선,여의도,28512,30385,58897
20211207,5호선,마포,14611,14897,29508
20211207,5호선,공덕,14110,15060,29170
20211207,5호선,여의나루,8686,9465,18151
20211207,5호선,충정로,4908,5006,9914
20211207,5호선,서대문,19053,19738,38791
20211207,5호선,광화문,30615,32163,62778
20211207,5호선,종로3가,11111,11245,22356
20211207,5호선,을지로4가,6311,6426,12737
20211207,5호선,동대문역사문화공원,3056,3544,6600
20211207,5호선,애오개,6850,6870,13720
20211208,7호선,신중동,14308,14287,28595
20211208,7호선,굴포천,9294,9745,19039
20211208,7호선,삼산체육관,5380,4881,10261
20211208,7호선,상동,12973,13528,26501
20211208,7호선,부천시청,12465,12615,25080
20211208,7호선,부평구청,7514,6700,14214
20211208,7호선,춘의,10184,10123,20307
20211208,7호선,가산디지털단지,47278,47360,94638
20211208,7호선,까치울,7972,7589,15561
20211208,7호선,온수,10995,10119,21114
20211208,7호선,천왕,11827,11164,22991
20211208,7호선,광명사거리,22318,22010,44328
20211208,7호선,철산,20798,21379,42177
20211208,8호선,암사,19181,16868,36049
20211208,7호선,남구로,16195,17113,33308
20211208,7호선,부천종합운동장,5072,4539,9611
20211208,8호선,천호,14646,16545,31191
20211208,8호선,장지,17257,16483,33740
20211208,8호선,몽촌토성,6175,6366,12541
20211208,7호선,대림,7659,7674,15333
20211208,9호선,김포공항,6334,9609,15943
20211208,9호선,개화,2519,1736,4255
20211208,8호선,모란,4110,3228,7338
20211208,8호선,수진,5172,4644,9816
20211208,8호선,신흥,4144,4423,8567
20211208,8호선,단대오거리,10524,10151,20675
20211208,8호선,남한산성입구,14903,13635,28538
20211208,8호선,산성,5821,5857,11678
20211208,8호선,복정,11638,10067,21705
20211208,8호선,문정,22822,23946,46768
20211208,8호선,가락시장,7464,8385,15849
20211208,8호선,송파,7467,7419,14886
20211208,8호선,석촌,7676,8748,16424
20211208,8호선,잠실,13249,16026,29275
20211208,8호선,강동구청,10506,10915,21421
20211208,7호선,신풍,11644,11081,22725
20211208,6호선,봉화산,8976,8321,17297
20211208,7호선,신대방삼거리,16716,15906,32622
20211208,7호선,면목,16376,15946,32322
20211208,7호선,상봉,16606,15753,32359
20211208,7호선,중화,10900,10660,21560
20211208,7호선,먹골,9939,9657,19596
20211208,7호선,태릉입구,8229,7861,16090
20211208,7호선,공릉,11673,11781,23454
20211208,7호선,하계,18267,17174,35441
20211208,7호선,중계,14717,13397,28114
20211208,7호선,노원,18712,19859,38571
20211208,7호선,마들,12953,12222,25175
20211208,7호선,수락산,12725,12226,24951
20211208,7호선,도봉산,9373,10764,20137
20211208,7호선,장암,2338,915,3253
20211208,6호선,신내,1,0,1
20211208,9호선,공항시장,2905,3212,6117
20211208,7호선,사가정,16000,15917,31917
20211208,7호선,보라매,10278,10102,20380
20211208,7호선,용마산,6186,5846,12032
20211208,7호선,군자,14809,11998,26807
20211208,7호선,장승배기,9413,9186,18599
20211208,7호선,상도,10384,10002,20386
20211208,7호선,숭실대입구,13974,14132,28106
20211208,7호선,남성,11228,10455,21683
20211208,7호선,이수,15503,15196,30699
20211208,7호선,내방,14636,15036,29672
20211208,7호선,고속터미널,14308,12733,27041
20211208,7호선,반포,5796,5716,11512
20211208,7호선,논현,20468,22196,42664
20211208,7호선,학동,25121,26993,52114
20211208,7호선,강남구청,16919,18602,35521
20211208,7호선,청담,19351,21806,41157
20211208,7호선,뚝섬유원지,7466,7256,14722
20211208,7호선,건대입구,11164,11685,22849
20211208,7호선,어린이대공원,11772,11661,23433
20211208,7호선,중곡,11067,10294,21361
20211208,9호선,신방화,6858,6718,13576
20211208,경부선,송탄,4106,4022,8128
20211208,9호선,양천향교,9683,9928,19611
20211208,경부선,가산디지털단지,18659,21422,40081
20211208,경부선,구로,18879,19282,38161
20211208,경부선,신길,9119,7709,16828
20211208,경부선,신도림,4167,4188,8355
20211208,경부선,영등포,33821,35025,68846
20211208,경부선,대방,12974,13367,26341
20211208,경부선,노량진,7915,8028,15943
20211208,경부선,용산,30193,30448,60641
20211208,경부선,남영,9190,9637,18827
20211208,경부선,서울역,5072,1667,6739
20211208,경강선,여주,2286,2244,4530
20211208,경강선,세종대왕릉,267,285,552
20211208,경강선,부발,1930,1874,3804
20211208,경강선,이천,2522,2591,5113
20211208,경강선,신둔도예촌,1456,1354,2810
20211208,경부선,금천구청,11981,11867,23848
20211208,경강선,곤지암,2162,2134,4296
20211208,경부선,석수,9965,8736,18701
20211208,경부선,안양,22949,22734,45683
20211208,6호선,태릉입구,5342,5852,11194
20211208,경부선,진위,1649,1460,3109
20211208,경부선,오산,10088,9874,19962
20211208,경부선,오산대,3768,3502,7270
20211208,경부선,세마,2854,2696,5550
20211208,경부선,병점,14627,14718,29345
20211208,경부선,세류,3021,2750,5771
20211208,경부선,독산,18793,19431,38224
20211208,경부선,수원,32913,34685,67598
20211208,경부선,화서,7947,7667,15614
20211208,경부선,성균관대,13873,13600,27473
20211208,경부선,의왕,9245,9230,18475
20211208,경부선,군포,7934,7836,15770
20211208,경부선,금정,26632,27080,53712
20211208,경부선,명학,9371,9275,18646
20211208,경부선,관악,7307,6737,14044
20211208,9호선,마곡나루,11657,11589,23246
20211208,경강선,초월,3207,3021,6228
20211208,경강선,삼동,2427,2186,4613
20211208,9호선,구반포,1639,1722,3361
20211208,9호선,동작,1804,1398,3202
20211208,9호선,흑석,7636,7951,15587
20211208,9호선,노들,4465,3768,8233
20211208,9호선,노량진,25308,24349,49657
20211208,9호선,샛강,5788,6188,11976
20211208,9호선,여의도,27236,26303,53539
20211208,9호선,국회의사당,16577,17309,33886
20211208,9호선,당산,17740,17808,35548
20211208,9호선,선유도,8795,8428,17223
20211208,9호선,신목동,4136,3690,7826
20211208,9호선,염창,17112,16635,33747
20211208,9호선,등촌,11701,11503,23204
20211208,9호선,증미,7323,7242,14565
20211208,9호선,가양,20331,19788,40119
20211208,9호선,신반포,3254,3204,6458
20211208,경강선,경기광주,7446,7079,14525
20211208,9호선,고속터미널,11236,14122,25358
20211208,9호선,신논현,30231,30347,60578
20211208,경강선,이매,1242,965,2207
20211208,경강선,판교,4757,4688,9445
20211208,9호선2~3단계,중앙보훈병원,10701,9544,20245
20211208,9호선2~3단계,둔촌오륜,1126,1031,2157
20211208,9호선2~3단계,올림픽공원,5843,5744,11587
20211208,9호선2~3단계,한성백제,2611,2345,4956
20211208,9호선2~3단계,송파나루,4738,4946,9684
20211208,9호선2~3단계,석촌,8319,7359,15678
20211208,9호선2~3단계,석촌고분,6206,6159,12365
20211208,9호선2~3단계,삼전,6830,6578,13408
20211208,9호선2~3단계,종합운동장,3925,3880,7805
20211208,9호선2~3단계,봉은사,15174,15798,30972
20211208,9호선2~3단계,삼성중앙,6677,7174,13851
20211208,9호선2~3단계,선정릉,9720,10687,20407
20211208,9호선2~3단계,언주,10551,10898,21449
20211208,9호선,사평,3455,3396,6851
20211208,6호선,석계,12406,12798,25204
20211208,3호선,지축,4530,4385,8915
20211208,6호선,상월곡,6204,5489,11693
20211208,4호선,동작,1571,1674,3245
20211208,4호선,이촌,7186,7916,15102
20211208,4호선,신용산,15919,16913,32832
20211208,4호선,삼각지,4864,5270,10134
20211208,4호선,숙대입구,12818,12504,25322
20211208,4호선,서울역,10659,15182,25841
20211208,4호선,회현,23119,24691,47810
20211208,4호선,명동,18738,19783,38521
20211208,4호선,충무로,25804,26877,52681
20211208,4호선,동대문역사문화공원,14568,13303,27871
20211208,4호선,동대문,19041,19589,38630
20211208,4호선,혜화,31093,31443,62536
20211208,4호선,한성대입구,13550,13311,26861
20211208,4호선,성신여대입구,19340,18611,37951
20211208,4호선,길음,20135,19555,39690
20211208,4호선,총신대입구,18672,20217,38889
20211208,4호선,미아사거리,27097,26205,53302
20211208,4호선,사당,23938,20068,44006
20211208,4호선,당고개,12768,11548,24316
20211208,5호선,목동,16432,17989,34421
20211208,5호선,신정,13827,11062,24889
20211208,5호선,까치산,28915,27602,56517
20211208,5호선,화곡,28275,26356,54631
20211208,5호선,우장산,14318,13935,28253
20211208,5호선,발산,20290,20951,41241
20211208,5호선,마곡,10683,10523,21206
20211208,5호선,송정,6554,6046,12600
20211208,5호선,김포공항,6442,5908,12350
20211208,5호선,개화산,5496,5309,10805
20211208,5호선,방화,6777,6516,13293
20211208,4호선,쌍문,29235,26844,56079
20211208,4호선,창동,24595,26120,50715
20211208,4호선,노원,18058,20347,38405
20211208,4호선,상계,19043,17396,36439
20211208,4호선,남태령,1292,1154,2446
20211208,5호선,오목교,20673,22325,42998
20211208,4호선,미아,15143,14500,29643
20211208,3호선,오금,6231,5579,11810
20211208,3호선,약수,12901,12527,25428
20211208,3호선,동대입구,7573,8008,15581
20211208,3호선,충무로,1,0,1
20211208,3호선,을지로3가,10440,10753,21193
20211208,3호선,종로3가,9645,11022,20667
20211208,3호선,안국,19856,20660,40516
20211208,3호선,경복궁,19389,19301,38690
20211208,3호선,독립문,6817,7035,13852
20211208,3호선,무악재,3844,3964,7808
20211208,3호선,홍제,17151,16060,33211
20211208,3호선,녹번,15463,13923,29386
20211208,3호선,불광,16037,16962,32999
20211208,3호선,연신내,35903,33944,69847
20211208,3호선,구파발,20385,19302,39687
20211208,경부선,서정리,7271,6806,14077
20211208,3호선,금호,7918,7337,15255
20211208,4호선,수유,33098,33073,66171
20211208,3호선,옥수,8714,8966,17680
20211208,3호선,신사,29034,30902,59936
20211208,3호선,경찰병원,7511,7498,15009
20211208,3호선,가락시장,8894,8579,17473
20211208,3호선,수서,16679,16690,33369
20211208,3호선,일원,10102,9963,20065
20211208,3호선,대청,10342,9291,19633
20211208,3호선,학여울,1732,1804,3536
20211208,3호선,대치,9710,9976,19686
20211208,3호선,도곡,5297,5430,10727
20211208,3호선,매봉,12642,12002,24644
20211208,3호선,양재,39607,43185,82792
20211208,3호선,남부터미널,28040,28697,56737
20211208,5호선,오금,3850,3804,7654
20211208,3호선,교대,14357,9320,23677
20211208,3호선,고속터미널,34890,33431,68321
20211208,3호선,잠원,4749,4695,9444
20211208,3호선,압구정,31021,33611,64632
20211208,6호선,돌곶이,9382,8767,18149
20211208,5호선,양평,7549,7455,15004
20211208,5호선,영등포시장,9716,9957,19673
20211208,6호선,합정,12250,12396,24646
20211208,6호선,망원,13180,14140,27320
20211208,6호선,마포구청,14682,13088,27770
20211208,6호선,월드컵경기장,3772,4048,7820
20211208,6호선,디지털미디어시티,13888,15146,29034
20211208,6호선,증산,10180,9925,20105
20211208,6호선,새절,12831,11872,24703
20211208,6호선,구산,7612,5761,13373
20211208,6호선,연신내,2,0,2
20211208,6호선,독바위,2650,2782,5432
20211208,6호선,불광,4147,4177,8324
20211208,6호선,역촌,3834,4611,8445
20211208,6호선,응암,17681,17334,35015
20211208,5호선,하남검단산,5212,4963,10175
20211208,5호선,하남시청,6091,6038,12129
20211208,6호선,상수,7922,8896,16818
20211208,5호선,하남풍산,4120,4161,8281
20211208,6호선,광흥창,9016,8721,17737
20211208,6호선,공덕,18293,17818,36111
20211208,6호선,월곡,11259,11291,22550
20211208,6호선,고려대,7728,7339,15067
20211208,6호선,안암,9953,10060,20013
20211208,6호선,보문,7158,6550,13708
20211208,6호선,창신,3539,2968,6507
20211208,6호선,동묘앞,7484,7620,15104
20211208,6호선,신당,8875,9166,18041
20211208,6호선,청구,3813,4052,7865
20211208,6호선,약수,3648,3654,7302
20211208,6호선,버티고개,1906,2045,3951
20211208,6호선,한강진,8337,9519,17856
20211208,6호선,이태원,8530,8846,17376
20211208,6호선,녹사평,4370,4482,8852
20211208,6호선,삼각지,6088,5497,11585
20211208,6호선,효창공원앞,7079,6376,13455
20211208,6호선,대흥,8031,8266,16297
20211208,5호선,영등포구청,3852,4045,7897
20211208,5호선,미사,15709,15710,31419
20211208,5호선,마천,7050,6864,13914
20211208,5호선,행당,8066,7134,15200
20211208,5호선,신금호,6615,6730,13345
20211208,5호선,청구,4132,3740,7872
20211208,5호선,동대문역사문화공원,3058,3537,6595
20211208,5호선,을지로4가,6245,6240,12485
20211208,5호선,종로3가,11193,11363,22556
20211208,5호선,광화문,29856,32028,61884
20211208,5호선,서대문,19162,19682,38844
20211208,5호선,충정로,4999,5088,10087
20211208,5호선,애오개,6810,6687,13497
20211208,5호선,공덕,14097,15133,29230
20211208,5호선,마포,14551,15204,29755
20211208,5호선,여의나루,8874,9716,18590
20211208,5호선,여의도,28419,30194,58613
20211208,5호선,신길,4153,4365,8518
20211208,5호선,왕십리,4598,5107,9705
20211208,5호선,강일,3924,3856,7780
20211208,5호선,마장,5635,5211,10846
20211208,5호선,장한평,18775,18798,37573
20211208,5호선,거여,9434,8826,18260
20211208,5호선,개롱,6600,6846,13446
20211208,5호선,방이,6914,7224,14138
20211208,5호선,올림픽공원,4257,3695,7952
20211208,5호선,둔촌동,8516,8436,16952
20211208,5호선,상일동,15685,14110,29795
20211208,5호선,고덕,10030,9763,19793
20211208,5호선,명일,8687,8986,17673
20211208,5호선,굽은다리,9412,8938,18350
20211208,5호선,길동,7929,8221,16150
20211208,5호선,강동,18378,17433,35811
20211208,5호선,천호,17096,17330,34426
20211208,5호선,광나루,13062,11994,25056
20211208,5호선,아차산,14238,13783,28021
20211208,5호선,군자,10995,12220,23215
20211208,5호선,답십리,16173,14492,30665
20211208,경부선,평택지제,3263,3044,6307
20211208,6호선,화랑대,11678,9071,20749
20211208,경부선,성환,4741,4701,9442
20211208,일산선,원흥,10532,9912,20444
20211208,우이신설선,신설동,2159,2089,4248
20211208,우이신설선,보문,1422,1490,2912
20211208,우이신설선,성신여대입구,3086,3543,6629
20211208,우이신설선,정릉,4528,4123,8651
20211208,우이신설선,북한산보국문,5770,5536,11306
20211208,우이신설선,솔샘,5874,5465,11339
20211208,우이신설선,삼양사거리,2475,2477,4952
20211208,우이신설선,삼양,2110,2237,4347
20211208,우이신설선,화계,3373,3238,6611
20211208,우이신설선,가오리,4157,4054,8211
20211208,우이신설선,4.19민주묘지,2934,2761,5695
20211208,우이신설선,솔밭공원,2440,2299,4739
20211208,우이신설선,북한산우이,2588,2293,4881
20211208,안산선,수리산,4329,3576,7905
20211208,일산선,삼송,19095,18577,37672
20211208,안산선,오이도,8228,7829,16057
20211208,일산선,원당,10993,10362,21355
20211208,일산선,대곡,1937,1514,3451
20211208,중앙선,상봉,5783,5828,11611
20211208,중앙선,중랑,5582,5226,10808
20211208,중앙선,회기,23206,22269,45475
20211208,장항선,신창,2595,2420,5015
20211208,장항선,온양온천,3139,3241,6380
20211208,장항선,배방,958,925,1883
20211208,장항선,탕정,356,307,663
20211208,장항선,아산,3062,2736,5798
20211208,장항선,쌍용,2577,2454,5031
20211208,장항선,봉명,1174,1107,2281
20211208,일산선,대화,12669,9997,22666
20211208,일산선,주엽,8815,8708,17523
20211208,일산선,정발산,6985,6968,13953
20211208,일산선,마두,7467,7636,15103
20211208,일산선,백석,9424,9397,18821
20211208,일산선,화정,16667,16900,33567
20211208,중앙선,망우,7580,7378,14958
20211208,안산선,정왕,9264,9536,18800
20211208,안산선,안산,11311,10343,21654
20211208,수인선,월곶,2597,2464,5061
20211208,수인선,달월,100,58,158
20211208,수인선,사리,4552,4021,8573
20211208,수인선,야목,310,250,560
20211208,수인선,어천,745,740,1485
20211208,수인선,오목천,3480,3229,6709
20211208,수인선,고색,4686,4389,9075
20211208,분당선,매교,3146,3140,6286
20211208,분당선,수원시청,12333,13480,25813
20211208,분당선,매탄권선,5019,4913,9932
20211208,분당선,망포,14618,13889,28507
20211208,분당선,영통,8265,8392,16657
20211208,분당선,청명,4294,4129,8423
20211208,분당선,상갈,5485,5208,10693
20211208,분당선,기흥,9771,9081,18852
20211208,수인선,소래포구,5255,4850,10105
20211208,안산선,신길온천,1730,1656,3386
20211208,수인선,인천논현,5424,5909,11333
20211208,수인선,남동인더스파크,2347,2555,4902
20211208,안산선,초지,4918,5185,10103
20211208,안산선,고잔,8995,8552,17547
20211208,안산선,중앙,17085,17799,34884
20211208,안산선,한대앞,9267,9431,18698
20211208,안산선,상록수,16067,16394,32461
20211208,안산선,반월,4410,4179,8589
20211208,안산선,대야미,5010,4484,9494
20211208,안산선,산본,15464,15323,30787
20211208,수인선,인천,974,1530,2504
20211208,수인선,신포,1772,1792,3564
20211208,수인선,숭의,4019,3698,7717
20211208,수인선,인하대,6046,5782,11828
20211208,수인선,송도,2504,2277,4781
20211208,수인선,연수,4343,4247,8590
20211208,수인선,원인재,4315,4568,8883
20211208,수인선,호구포,3924,4089,8013
20211208,2호선,아현,9936,9571,19507
20211208,중앙선,양원,2049,2021,4070
20211208,중앙선,도농,10613,9519,20132
20211208,2호선,봉천,23473,21635,45108
20211208,2호선,서울대입구,46241,45765,92006
20211208,2호선,낙성대,26717,25883,52600
20211208,2호선,사당,35637,39430,75067
20211208,2호선,방배,16991,17783,34774
20211208,2호선,서초,22195,22128,44323
20211208,2호선,교대,34068,38668,72736
20211208,2호선,강남,79046,78696,157742
20211208,2호선,역삼,52711,59357,112068
20211208,2호선,선릉,57143,51077,108220
20211208,2호선,삼성,51041,52022,103063
20211208,2호선,종합운동장,6866,7298,14164
20211208,2호선,잠실새내,20180,19965,40145
20211208,2호선,잠실,66129,66091,132220
20211208,2호선,잠실나루,14612,14145,28757
20211208,2호선,신림,61681,59653,121334
20211208,2호선,강변,28031,26511,54542
20211208,2호선,신대방,25933,25241,51174
20211208,2호선,대림,24060,24353,48413
20211208,2호선,용두,2364,2423,4787
20211208,2호선,양천구청,6713,7121,13834
20211208,2호선,도림천,1355,1416,2771
20211208,2호선,신설동,2972,3036,6008
20211208,2호선,신답,1649,1895,3544
20211208,2호선,용답,2736,2740,5476
20211208,2호선,충정로,10211,10659,20870
20211208,2호선,이대,12613,13088,25701
20211208,2호선,신촌,29158,30434,59592
20211208,2호선,홍대입구,47889,50668,98557
20211208,2호선,합정,29293,30913,60206
20211208,2호선,당산,18496,21754,40250
20211208,2호선,영등포구청,23366,23531,46897
20211208,2호선,문래,21463,22047,43510
20211208,2호선,신도림,46175,45500,91675
20211208,2호선,구로디지털단지,60565,60850,121415
20211208,중앙선,구리,13417,13323,26740
20211208,2호선,구의,23581,23089,46670
20211208,2호선,성수,36570,40024,76594
20211208,1호선,서울역,41184,39072,80256
20211208,중앙선,덕소,5493,5452,10945
20211208,중앙선,도심,2393,1886,4279
20211208,중앙선,팔당,808,867,1675
20211208,중앙선,운길산,695,608,1303
20211208,중앙선,양수,1717,1765,3482
20211208,중앙선,신원,205,176,381
20211208,중앙선,국수,774,718,1492
20211208,중앙선,아신,509,533,1042
20211208,중앙선,오빈,282,278,560
20211208,중앙선,양평,3381,3337,6718
20211208,중앙선,원덕,311,289,600
20211208,중앙선,용문,1547,1598,3145
20211208,중앙선,지평,63,71,134
20211208,중앙선,양정,739,633,1372
20211208,1호선,동묘앞,7410,7695,15105
20211208,2호선,건대입구,31370,33870,65240
20211208,1호선,시청,22122,22241,44363
20211208,1호선,종로3가,23726,21774,45500
20211208,2호선,뚝섬,21076,23206,44282
20211208,2호선,한양대,8363,8850,17213
20211208,2호선,왕십리,15321,13014,28335
20211208,2호선,상왕십리,14104,13873,27977
20211208,2호선,신당,13411,13982,27393
20211208,2호선,동대문역사문화공원,11746,13264,25010
20211208,2호선,을지로4가,12926,12778,25704
20211208,2호선,을지로3가,21803,22058,43861
20211208,2호선,을지로입구,38853,40326,79179
20211208,2호선,시청,23444,22700,46144
20211208,1호선,청량리,18616,18395,37011
20211208,1호선,제기동,16079,16255,32334
20211208,1호선,신설동,13546,13422,26968
20211208,1호선,동대문,10509,9686,20195
20211208,1호선,종로5가,20921,21055,41976
20211208,1호선,종각,34226,33676,67902
20211208,분당선,신갈,4751,4645,9396
20211208,2호선,신정네거리,10063,10370,20433
20211208,경부선,평택,11202,11286,22488
20211208,경의선,일산,10269,10030,20299
20211208,경의선,풍산,5511,5148,10659
20211208,경의선,백마,7038,6670,13708
20211208,경의선,곡산,607,658,1265
20211208,경의선,능곡,3826,3591,7417
20211208,경의선,행신,7710,7701,15411
20211208,경의선,강매,3220,2746,5966
20211208,경의선,화전,1762,1606,3368
20211208,경의선,수색,2899,2917,5816
20211208,경의선,디지털미디어시티,2456,2319,4775
20211208,경의선,가좌,5307,4979,10286
20211208,경의선,홍대입구,1653,1861,3514
20211208,경의선,서강대,2040,1993,4033
20211208,경의선,공덕,3505,3168,6673
20211208,경의선,효창공원앞,3065,3361,6426
20211208,경의선,탄현,7758,7430,15188
20211208,경의선,신촌,792,1007,1799
20211208,경의선,야당,7158,7071,14229
20211208,경의선,금릉,4799,4621,9420
20211208,경인선,주안,18507,16593,35100
20211208,경인선,동암,14493,14750,29243
20211208,경인선,백운,6913,6861,13774
20211208,경인선,부평,27104,29173,56277
20211208,경인선,송내,26702,26913,53615
20211208,경인선,부천,31626,31791,63417
20211208,경인선,역곡,26981,26479,53460
20211208,경인선,오류동,11860,11199,23059
20211208,경인선,개봉,21211,21175,42386
20211208,경의선,계양,2,0,2
20211208,경의선,임진강,21,6,27
20211208,경의선,문산,4850,4784,9634
20211208,경의선,파주,1576,1127,2703
20211208,경의선,월롱,2568,2447,5015
20211208,경의선,금촌,6182,6119,12301
20211208,경의선,운정,7086,6661,13747
20211208,경인선,제물포,10919,10332,21251
20211208,경의선,서울역,4187,5349,9536
20211208,경원선,동두천,2208,2376,4584
20211208,경원선,신이문,8279,7700,15979
20211208,경원선,외대앞,6737,6694,13431
20211208,경원선,청량리,13683,14281,27964
20211208,경원선,왕십리,13260,14629,27889
20211208,경원선,응봉,1882,1603,3485
20211208,경원선,옥수,53,36,89
20211208,경원선,한남,3945,3838,7783
20211208,경원선,서빙고,1949,1909,3858
20211208,경원선,이촌,3719,2839,6558
20211208,경부선,광명,3085,2604,5689
20211208,경부선,서동탄,1435,1213,2648
20211208,경부선,당정,6310,5980,12290
20211208,경부선,천안,4745,4985,9730
20211208,경부선,두정,5217,5114,10331
20211208,분당선,구성,5168,5430,10598
20211208,경원선,석계,7876,9068,16944
20211208,경원선,소요산,2440,2022,4462
20211208,경원선,광운대,8490,8171,16661
20211208,경원선,녹천,4677,3982,8659
20211208,경원선,보산,1434,1341,2775
20211208,경원선,동두천중앙,3018,2891,5909
20211208,경원선,지행,6386,6460,12846
20211208,경원선,덕정,6253,5899,12152
20211208,경원선,덕계,3118,2760,5878
20211208,경원선,양주,7625,7115,14740
20211208,경원선,녹양,4498,4274,8772
20211208,경원선,가능,6659,6334,12993
20211208,경원선,의정부,17284,17881,35165
20211208,경원선,회룡,12234,11929,24163
20211208,경원선,망월사,7670,7884,15554
20211208,경원선,도봉산,7566,4792,12358
20211208,경원선,도봉,6045,5954,11999
20211208,경원선,방학,9608,9329,18937
20211208,경원선,창동,1,0,1
20211208,경원선,월계,7380,6822,14202
20211208,경인선,동인천,13633,12926,26559
20211208,경부선,직산,775,760,1535
20211208,경인선,구일,6488,6606,13094
20211208,분당선,개포동,3771,3967,7738
20211208,분당선,구룡,2128,2031,4159
20211208,분당선,도곡,6844,6800,13644
20211208,분당선,한티,13247,14341,27588
20211208,분당선,선릉,13643,20929,34572
20211208,과천선,범계,25256,25140,50396
20211208,과천선,평촌,17974,17745,35719
20211208,과천선,인덕원,23891,24898,48789
20211208,과천선,정부과천청사,10581,10381,20962
20211208,과천선,과천,5827,5378,11205
20211208,과천선,대공원,2336,2479,4815
20211208,과천선,경마공원,1578,1588,3166
20211208,과천선,선바위,8218,7280,15498
20211208,공항철도 1호선,영종,2822,2764,5586
20211208,공항철도 1호선,인천공항2터미널,1945,1890,3835
20211208,분당선,수서,13103,13302,26405
20211208,공항철도 1호선,인천공항1터미널,3519,3521,7040
20211208,분당선,수원,7893,6700,14593
20211208,분당선,압구정로데오,17487,19719,37206
20211208,경인선,인천,3239,2450,5689
20211208,분당선,죽전,13394,14699,28093
20211208,분당선,보정,2557,2174,4731
20211208,분당선,이매,5438,5100,10538
20211208,분당선,오리,11833,9806,21639
20211208,분당선,미금,15433,16585,32018
20211208,분당선,정자,17197,18439,35636
20211208,분당선,수내,13060,13128,26188
20211208,분당선,서현,23943,24596,48539
20211208,분당선,야탑,26277,27280,53557
20211208,분당선,모란,19516,19615,39131
20211208,분당선,태평,13301,12742,26043
20211208,분당선,가천대,9818,10643,20461
20211208,분당선,선정릉,8171,8754,16925
20211208,분당선,강남구청,10452,11983,22435
20211208,분당선,서울숲,10458,10672,21130
20211208,공항철도 1호선,공항화물청사,2320,2558,4878
20211208,분당선,대모산입구,4336,4081,8417
20211208,공항철도 1호선,청라국제도시,6729,6371,13100
20211208,경춘선,천마산,1641,1543,3184
20211208,경춘선,평내호평,6218,6012,12230
20211208,경춘선,금곡,1543,1463,3006
20211208,경춘선,사릉,3558,3343,6901
20211208,경춘선,퇴계원,3562,3339,6901
20211208,경춘선,별내,3323,3114,6437
20211208,경춘선,갈매,3214,2687,5901
20211208,경춘선,신내,2036,1972,4008
20211208,경인선,도화,4193,3911,8104
20211208,경인선,중동,9482,8980,18462
20211208,경인선,온수,6776,6485,13261
20211208,경인선,도원,2962,2953,5915
20211208,경인선,간석,5775,5559,11334
20211208,공항철도 1호선,운서,6400,6355,12755
20211208,경인선,소사,8919,8036,16955
20211208,경춘선,마석,3990,4011,8001
20211208,경춘선,대성리,494,434,928
20211208,경인선,부개,8447,7845,16292
20211208,경춘선,상천,258,242,500
20211208,경춘선,청평,1448,1355,2803
20211208,공항철도 1호선,김포공항,10419,6114,16533
20211208,공항철도 1호선,마곡나루,8704,8299,17003
20211208,공항철도 1호선,디지털미디어시티,14023,12978,27001
20211208,공항철도 1호선,홍대입구,8494,8572,17066
20211208,공항철도 1호선,공덕,2141,2817,4958
20211208,공항철도 1호선,서울역,6913,6345,13258
20211208,공항철도 1호선,계양,10183,9472,19655
20211208,경춘선,남춘천,2123,2178,4301
20211208,경춘선,김유정,249,269,518
20211208,경춘선,강촌,389,371,760
20211208,경춘선,백양리,106,136,242
20211208,경춘선,굴봉산,105,125,230
20211208,경춘선,가평,1416,1339,2755
20211208,경춘선,춘천,1204,1125,2329
20211208,공항철도 1호선,검암,6779,6725,13504
20211209,경원선,동두천,2100,2375,4475
20211209,경원선,소요산,2334,1954,4288
20211209,경의선,서울역,4213,5366,9579
20211209,경의선,신촌,857,1017,1874
20211209,경의선,효창공원앞,2932,3366,6298
20211209,경의선,공덕,3499,3146,6645
20211209,경의선,디지털미디어시티,2465,2267,4732
20211209,경의선,홍대입구,1697,1847,3544
20211209,경의선,가좌,5240,4894,10134
20211209,경의선,수색,2864,2937,5801
20211209,경의선,화전,1601,1498,3099
20211209,경의선,강매,3227,2814,6041
20211209,경원선,보산,1380,1303,2683
20211209,경의선,행신,7769,7753,15522
20211209,경의선,서강대,2073,1993,4066
20211209,경원선,동두천중앙,3120,3028,6148
20211209,경원선,회룡,12064,11923,23987
20211209,경원선,덕정,5659,5596,11255
20211209,경의선,능곡,3668,3416,7084
20211209,경원선,신이문,8268,7578,15846
20211209,경원선,석계,7739,8908,16647
20211209,경원선,광운대,8427,8208,16635
20211209,경원선,월계,7206,6805,14011
20211209,경원선,녹천,4545,3905,8450
20211209,경원선,방학,9382,9162,18544
20211209,경원선,도봉,5923,5742,11665
20211209,경원선,도봉산,7471,4801,12272
20211209,경원선,망월사,7437,7607,15044
20211209,경원선,의정부,17154,17521,34675
20211209,경원선,가능,6481,6228,12709
20211209,경원선,녹양,4416,4197,8613
20211209,경원선,양주,7490,6967,14457
20211209,경원선,덕계,3098,2753,5851
20211209,경원선,지행,6210,6236,12446
20211209,경의선,곡산,575,630,1205
20211209,경춘선,퇴계원,3601,3277,6878
20211209,경의선,풍산,5540,5107,10647
20211209,경인선,제물포,10520,9999,20519
20211209,경인선,동인천,13421,12607,26028
20211209,경인선,인천,3176,2373,5549
20211209,경인선,구일,6150,6157,12307
20211209,경인선,소사,8611,8507,17118
20211209,경인선,부개,8364,7846,16210
20211209,경인선,간석,5703,5457,11160
20211209,경인선,도원,2963,2972,5935
20211209,경인선,온수,6745,6503,13248
20211209,경인선,중동,9186,8585,17771
20211209,경인선,도화,4098,3746,7844
20211209,경춘선,신내,2126,1972,4098
20211209,경춘선,갈매,3142,2664,5806
20211209,경춘선,별내,3355,3139,6494
20211209,경춘선,사릉,3442,3303,6745
20211209,경인선,주안,18467,16570,35037
20211209,경의선,백마,6733,6441,13174
20211209,경인선,동암,14268,14433,28701
20211209,경인선,부평,27152,28954,56106
20211209,경의선,일산,9350,9185,18535
20211209,경의선,탄현,7675,7279,14954
20211209,경의선,야당,7028,6872,13900
20211209,경의선,운정,7033,6709,13742
20211209,경의선,금릉,4736,4633,9369
20211209,경의선,금촌,6160,6231,12391
20211209,경의선,월롱,2479,2290,4769
20211209,경의선,파주,1385,967,2352
20211209,경의선,문산,5097,5100,10197
20211209,경의선,임진강,11,10,21
20211209,경인선,개봉,20940,20653,41593
20211209,경인선,오류동,11863,10943,22806
20211209,경인선,역곡,26494,25897,52391
20211209,경인선,부천,30914,31042,61956
20211209,경인선,송내,26344,26318,52662
20211209,경인선,백운,6865,6831,13696
20211209,경원선,외대앞,6630,6587,13217
20211209,경부선,금천구청,11884,11775,23659
20211209,경원선,왕십리,13117,14621,27738
20211209,경강선,이매,1116,949,2065
20211209,경강선,삼동,2419,2180,4599
20211209,경강선,경기광주,7453,6948,14401
20211209,경강선,초월,3079,2982,6061
20211209,경강선,곤지암,2193,2188,4381
20211209,경강선,신둔도예촌,1554,1390,2944
20211209,경강선,이천,2427,2442,4869
20211209,경강선,부발,1939,1880,3819
20211209,경강선,세종대왕릉,304,276,580
20211209,경강선,여주,2306,2125,4431
20211209,경부선,서울역,5186,1773,6959
20211209,경부선,남영,9066,9495,18561
20211209,경부선,용산,30777,31308,62085
20211209,경부선,노량진,7826,8014,15840
20211209,경부선,대방,12638,13086,25724
20211209,경강선,판교,4646,4736,9382
20211209,경부선,영등포,34332,35649,69981
20211209,9호선2~3단계,중앙보훈병원,10577,9257,19834
20211209,9호선2~3단계,올림픽공원,5900,5795,11695
20211209,9호선,신반포,3177,3207,6384
20211209,경춘선,금곡,1475,1449,2924
20211209,9호선,고속터미널,11250,13843,25093
20211209,9호선,사평,3433,3324,6757
20211209,9호선,신논현,30333,30737,61070
20211209,9호선2~3단계,언주,10518,10809,21327
20211209,9호선2~3단계,선정릉,9629,10656,20285
20211209,9호선2~3단계,삼성중앙,6686,7080,13766
20211209,9호선2~3단계,봉은사,16503,17078,33581
20211209,9호선2~3단계,종합운동장,4018,3978,7996
20211209,9호선2~3단계,삼전,6700,6451,13151
20211209,9호선2~3단계,석촌고분,6063,5979,12042
20211209,9호선2~3단계,석촌,8255,7301,15556
20211209,9호선2~3단계,송파나루,4767,4970,9737
20211209,9호선2~3단계,한성백제,2574,2314,4888
20211209,9호선2~3단계,둔촌오륜,1107,1092,2199
20211209,경원선,청량리,13904,14156,28060
20211209,경부선,신도림,4121,4189,8310
20211209,경부선,구로,18275,18778,37053
20211209,경부선,서정리,7197,6723,13920
20211209,경부선,평택지제,3156,3130,6286
20211209,경부선,평택,11408,11192,22600
20211209,경부선,성환,4990,4797,9787
20211209,경부선,직산,780,735,1515
20211209,경부선,두정,5360,5437,10797
20211209,경부선,천안,5103,5279,10382
20211209,경부선,당정,6175,5896,12071
20211209,경부선,서동탄,1496,1270,2766
20211209,경부선,광명,3151,2804,5955
20211209,경원선,이촌,3530,2638,6168
20211209,경원선,서빙고,1957,1861,3818
20211209,경원선,한남,4059,3885,7944
20211209,경원선,옥수,48,38,86
20211209,경원선,응봉,1867,1575,3442
20211209,경부선,송탄,4178,3927,8105
20211209,경부선,신길,8968,7528,16496
20211209,경부선,진위,1679,1419,3098
20211209,경부선,오산대,3664,3355,7019
20211209,경부선,가산디지털단지,18458,21166,39624
20211209,경부선,석수,9682,8590,18272
20211209,경부선,관악,7189,6632,13821
20211209,경부선,안양,22214,22136,44350
20211209,경부선,명학,9505,9348,18853
20211209,경부선,금정,26521,26934,53455
20211209,경부선,군포,7771,7701,15472
20211209,경부선,의왕,9251,9103,18354
20211209,경부선,성균관대,13930,13593,27523
20211209,경부선,화서,7969,7640,15609
20211209,경부선,수원,33241,35127,68368
20211209,경부선,독산,18461,19224,37685
20211209,경부선,세류,3034,2729,5763
20211209,경부선,병점,14306,14390,28696
20211209,경부선,세마,2811,2627,5438
20211209,경부선,오산,9611,9674,19285
20211209,경춘선,평내호평,6000,5881,11881
20211209,수인선,월곶,2601,2431,5032
20211209,경춘선,마석,3667,3591,7258
20211209,안산선,수리산,4259,3503,7762
20211209,우이신설선,북한산우이,2527,2292,4819
20211209,우이신설선,솔밭공원,2374,2278,4652
20211209,우이신설선,4.19민주묘지,2836,2722,5558
20211209,우이신설선,가오리,4030,3962,7992
20211209,우이신설선,화계,3337,3108,6445
20211209,안산선,오이도,8166,7842,16008
20211209,우이신설선,삼양,1983,2078,4061
20211209,우이신설선,솔샘,5704,5341,11045
20211209,우이신설선,북한산보국문,5647,5369,11016
20211209,우이신설선,정릉,4398,4103,8501
20211209,우이신설선,성신여대입구,3099,3284,6383
20211209,우이신설선,보문,1437,1432,2869
20211209,우이신설선,신설동,2102,2093,4195
20211209,우이신설선,삼양사거리,2277,2371,4648
20211209,안산선,정왕,9059,9368,18427
20211209,안산선,신길온천,1630,1528,3158
20211209,안산선,안산,11028,9943,20971
20211209,수인선,원인재,4327,4461,8788
20211209,수인선,연수,4312,4373,8685
20211209,수인선,송도,2485,2297,4782
20211209,수인선,인하대,6089,5782,11871
20211209,수인선,숭의,3845,3596,7441
20211209,수인선,신포,1777,1792,3569
20211209,수인선,인천,928,1516,2444
20211209,안산선,산본,15596,13925,29521
20211209,안산선,대야미,4930,4390,9320
20211209,안산선,반월,4190,4063,8253
20211209,안산선,상록수,15901,15960,31861
20211209,안산선,한대앞,9347,9520,18867
20211209,안산선,중앙,16984,17771,34755
20211209,안산선,고잔,8849,8320,17169
20211209,안산선,초지,4872,5266,10138
20211209,일산선,원흥,10457,9786,20243
20211209,일산선,삼송,19125,18331,37456
20211209,일산선,원당,10788,10239,21027
20211209,일산선,화정,16555,17067,33622
20211209,중앙선,도농,10482,9427,19909
20211209,중앙선,양정,717,594,1311
20211209,중앙선,덕소,5430,5360,10790
20211209,중앙선,도심,2294,1842,4136
20211209,중앙선,팔당,775,812,1587
20211209,중앙선,운길산,640,583,1223
20211209,중앙선,양수,1603,1654,3257
20211209,중앙선,신원,186,197,383
20211209,중앙선,국수,692,713,1405
20211209,중앙선,아신,499,448,947
20211209,중앙선,오빈,277,276,553
20211209,중앙선,양평,2495,2512,5007
20211209,중앙선,원덕,310,289,599
20211209,중앙선,용문,1538,1563,3101
20211209,9호선,구반포,1573,1652,3225
20211209,중앙선,구리,13192,13181,26373
20211209,수인선,남동인더스파크,2281,2549,4830
20211209,중앙선,양원,2092,2072,4164
20211209,중앙선,상봉,5637,5523,11160
20211209,일산선,대곡,1955,1519,3474
20211209,일산선,백석,9656,9537,19193
20211209,일산선,마두,7329,7581,14910
20211209,일산선,정발산,6872,6991,13863
20211209,일산선,주엽,8637,8491,17128
20211209,일산선,대화,12401,9769,22170
20211209,장항선,봉명,1210,1102,2312
20211209,장항선,쌍용,2792,2512,5304
20211209,장항선,아산,3114,2901,6015
20211209,장항선,탕정,408,355,763
20211209,장항선,배방,1045,993,2038
20211209,장항선,온양온천,3992,4107,8099
20211209,장항선,신창,2754,2405,5159
20211209,중앙선,회기,23176,22178,45354
20211209,중앙선,중랑,5442,5084,10526
20211209,중앙선,망우,7406,7361,14767
20211209,수인선,호구포,3992,4080,8072
20211209,수인선,인천논현,5328,5745,11073
20211209,수인선,소래포구,4760,4443,9203
20211209,공항철도 1호선,운서,6535,6444,12979
20211209,공항철도 1호선,공항화물청사,2333,2575,4908
20211209,공항철도 1호선,인천공항1터미널,3573,3622,7195
20211209,공항철도 1호선,인천공항2터미널,2284,2210,4494
20211209,공항철도 1호선,영종,2756,2826,5582
20211209,과천선,선바위,8232,7257,15489
20211209,과천선,경마공원,1499,1424,2923
20211209,과천선,대공원,2455,2535,4990
20211209,과천선,과천,5711,5303,11014
20211209,과천선,정부과천청사,10548,10374,20922
20211209,과천선,인덕원,23865,24644,48509
20211209,과천선,평촌,18148,18018,36166
20211209,과천선,범계,24900,24622,49522
20211209,분당선,선릉,13838,20900,34738
20211209,분당선,한티,13203,14213,27416
20211209,공항철도 1호선,청라국제도시,6739,6344,13083
20211209,분당선,도곡,6849,6608,13457
20211209,공항철도 1호선,검암,6873,6693,13566
20211209,공항철도 1호선,김포공항,10712,6516,17228
20211209,경춘선,대성리,455,398,853
20211209,경춘선,청평,1339,1329,2668
20211209,경춘선,상천,240,211,451
20211209,경춘선,가평,1325,1354,2679
20211209,경춘선,굴봉산,128,115,243
20211209,경춘선,백양리,140,137,277
20211209,경춘선,강촌,354,342,696
20211209,경춘선,김유정,457,469,926
20211209,경춘선,남춘천,2417,2317,4734
20211209,경춘선,춘천,1484,1213,2697
20211209,공항철도 1호선,서울역,7378,6701,14079
20211209,공항철도 1호선,공덕,2141,2908,5049
20211209,공항철도 1호선,홍대입구,8713,9039,17752
20211209,공항철도 1호선,디지털미디어시티,13938,12776,26714
20211209,공항철도 1호선,마곡나루,8681,8320,17001
20211209,공항철도 1호선,계양,10047,9242,19289
20211209,경춘선,천마산,1659,1480,3139
20211209,분당선,구룡,2172,2141,4313
20211209,분당선,대모산입구,4403,4145,8548
20211209,분당선,신갈,4826,4658,9484
20211209,분당선,기흥,9951,9267,19218
20211209,분당선,상갈,5421,5093,10514
20211209,분당선,청명,4417,4195,8612
20211209,분당선,영통,8347,8516,16863
20211209,분당선,망포,14438,13658,28096
20211209,분당선,매탄권선,5025,4830,9855
20211209,분당선,수원시청,12490,13378,25868
20211209,분당선,매교,3144,3173,6317
20211209,수인선,고색,4548,4338,8886
20211209,수인선,오목천,3451,3214,6665
20211209,수인선,어천,748,721,1469
20211209,수인선,야목,348,240,588
20211209,수인선,사리,4567,3987,8554
20211209,수인선,달월,102,63,165
20211209,분당선,구성,5167,5367,10534
20211209,분당선,개포동,3702,3817,7519
20211209,분당선,죽전,13259,14556,27815
20211209,분당선,이매,5514,5116,10630
20211209,분당선,수서,13553,14034,27587
20211209,분당선,수원,7875,6613,14488
20211209,분당선,서울숲,10498,10842,21340
20211209,분당선,압구정로데오,17873,20332,38205
20211209,분당선,강남구청,10288,11922,22210
20211209,분당선,선정릉,7955,8640,16595
20211209,분당선,가천대,9997,10879,20876
20211209,분당선,태평,13529,12815,26344
20211209,분당선,모란,24285,25295,49580
20211209,분당선,야탑,25822,26801,52623
20211209,분당선,서현,24071,24360,48431
20211209,분당선,수내,12880,12874,25754
20211209,분당선,정자,17258,18276,35534
20211209,분당선,미금,15139,16309,31448
20211209,분당선,오리,12006,9920,21926
20211209,분당선,보정,2597,2218,4815
20211209,9호선,동작,1808,1439,3247
20211209,중앙선,지평,59,51,110
20211209,9호선,노들,4369,3594,7963
20211209,4호선,수유,32560,32485,65045
20211209,4호선,미아,14708,14283,28991
20211209,4호선,미아사거리,26719,25774,52493
20211209,4호선,길음,19933,19200,39133
20211209,4호선,성신여대입구,19616,18641,38257
20211209,4호선,한성대입구,13303,13097,26400
20211209,3호선,오금,6212,5583,11795
20211209,4호선,혜화,30747,31221,61968
20211209,4호선,동대문역사문화공원,14241,13380,27621
20211209,4호선,충무로,25766,26925,52691
20211209,4호선,명동,17996,19057,37053
20211209,4호선,회현,23237,24991,48228
20211209,4호선,서울역,10556,15096,25652
20211209,4호선,숙대입구,12661,12310,24971
20211209,4호선,동대문,18503,19426,37929
20211209,3호선,경찰병원,7423,7472,14895
20211209,3호선,가락시장,8813,8489,17302
20211209,3호선,수서,16666,17013,33679
20211209,3호선,금호,7803,7240,15043
20211209,3호선,옥수,8648,8933,17581
20211209,3호선,압구정,30134,32751,62885
20211209,3호선,신사,29122,31345,60467
20211209,3호선,잠원,4876,4747,9623
20211209,3호선,고속터미널,35534,34542,70076
20211209,3호선,교대,14454,9347,23801
20211209,3호선,남부터미널,28070,28814,56884
20211209,3호선,양재,39313,43293,82606
20211209,3호선,매봉,12622,12261,24883
20211209,3호선,도곡,5071,5322,10393
20211209,3호선,대치,9917,10075,19992
20211209,3호선,학여울,1758,1887,3645
20211209,3호선,대청,10221,9237,19458
20211209,3호선,일원,10401,9983,20384
20211209,4호선,삼각지,4824,5329,10153
20211209,4호선,신용산,16113,17152,33265
20211209,4호선,이촌,7192,7964,15156
20211209,4호선,동작,1484,1668,3152
20211209,5호선,오목교,20973,22476,43449
20211209,5호선,양평,7557,7425,14982
20211209,5호선,영등포구청,3777,3965,7742
20211209,5호선,영등포시장,9598,9854,19452
20211209,5호선,신길,4020,4238,8258
20211209,5호선,여의도,28055,30104,58159
20211209,5호선,여의나루,8479,9414,17893
20211209,5호선,마포,14630,15024,29654
20211209,5호선,공덕,14015,14988,29003
20211209,5호선,애오개,6857,6769,13626
20211209,5호선,충정로,4837,4921,9758
20211209,5호선,서대문,18595,19277,37872
20211209,5호선,광화문,29623,31682,61305
20211209,5호선,종로3가,11101,11297,22398
20211209,5호선,을지로4가,6211,6274,12485
20211209,5호선,목동,16328,17849,34177
20211209,3호선,약수,12634,12266,24900
20211209,5호선,신정,13855,11087,24942
20211209,5호선,화곡,27845,25643,53488
20211209,4호선,총신대입구,18042,19480,37522
20211209,4호선,사당,23967,20284,44251
20211209,4호선,남태령,1282,1129,2411
20211209,4호선,당고개,12454,11304,23758
20211209,4호선,상계,18475,17032,35507
20211209,4호선,노원,17944,20205,38149
20211209,4호선,창동,24405,25651,50056
20211209,4호선,쌍문,28827,26059,54886
20211209,5호선,방화,6934,6463,13397
20211209,5호선,개화산,5495,5227,10722
20211209,5호선,김포공항,6663,6282,12945
20211209,5호선,송정,6540,6139,12679
20211209,5호선,마곡,10689,10766,21455
20211209,5호선,발산,19722,20421,40143
20211209,5호선,우장산,14299,13861,28160
20211209,5호선,까치산,28705,27247,55952
20211209,3호선,동대입구,7331,7763,15094
20211209,3호선,충무로,1,0,1
20211209,3호선,을지로3가,10142,10775,20917
20211209,2호선,한양대,7868,8495,16363
20211209,2호선,뚝섬,21127,22885,44012
20211209,2호선,성수,36095,39866,75961
20211209,2호선,건대입구,30871,33268,64139
20211209,2호선,구의,23104,22792,45896
20211209,2호선,강변,28409,26716,55125
20211209,2호선,잠실나루,14160,13605,27765
20211209,2호선,잠실,64625,64680,129305
20211209,2호선,잠실새내,20172,19967,40139
20211209,2호선,종합운동장,6701,7088,13789
20211209,2호선,삼성,53125,54204,107329
20211209,2호선,선릉,56839,51424,108263
20211209,2호선,역삼,51763,58646,110409
20211209,2호선,강남,78207,78310,156517
20211209,2호선,교대,33330,38415,71745
20211209,2호선,왕십리,15127,12762,27889
20211209,2호선,서초,21434,20952,42386
20211209,2호선,상왕십리,14028,13738,27766
20211209,2호선,동대문역사문화공원,11596,12989,24585
20211209,7호선,태릉입구,8259,7818,16077
20211209,1호선,서울역,41261,39338,80599
20211209,1호선,동묘앞,7156,7687,14843
20211209,1호선,시청,21885,22107,43992
20211209,1호선,종각,33226,33129,66355
20211209,1호선,종로3가,23146,21378,44524
20211209,1호선,종로5가,21068,20992,42060
20211209,1호선,동대문,10260,9524,19784
20211209,1호선,신설동,13439,13077,26516
20211209,1호선,제기동,16179,16314,32493
20211209,1호선,청량리,18378,18663,37041
20211209,2호선,시청,23135,22354,45489
20211209,2호선,을지로입구,38344,39710,78054
20211209,2호선,을지로3가,21540,21905,43445
20211209,2호선,을지로4가,12886,12623,25509
20211209,2호선,신당,13358,13757,27115
20211209,5호선,동대문역사문화공원,2967,3422,6389
20211209,2호선,방배,17317,18004,35321
20211209,2호선,낙성대,26509,25306,51815
20211209,2호선,도림천,1386,1414,2800
20211209,2호선,양천구청,6703,7019,13722
20211209,2호선,신정네거리,9946,10249,20195
20211209,2호선,용두,2387,2413,4800
20211209,3호선,지축,4553,4249,8802
20211209,3호선,구파발,20079,18832,38911
20211209,3호선,연신내,35358,33374,68732
20211209,3호선,불광,15726,16522,32248
20211209,3호선,녹번,15491,13974,29465
20211209,3호선,홍제,16588,15544,32132
20211209,3호선,무악재,3878,3819,7697
20211209,3호선,독립문,6630,6895,13525
20211209,3호선,경복궁,19140,19146,38286
20211209,3호선,안국,19212,19857,39069
20211209,3호선,종로3가,9422,10817,20239
20211209,2호선,신설동,3016,3013,6029
20211209,2호선,사당,35603,39152,74755
20211209,2호선,신답,1622,1790,3412
20211209,2호선,충정로,9901,10667,20568
20211209,2호선,서울대입구,45995,45088,91083
20211209,2호선,봉천,23356,21410,44766
20211209,2호선,신림,62194,59553,121747
20211209,2호선,신대방,25787,24959,50746
20211209,2호선,구로디지털단지,59870,59754,119624
20211209,2호선,대림,23424,23700,47124
20211209,2호선,신도림,46306,45428,91734
20211209,2호선,문래,21341,21756,43097
20211209,2호선,영등포구청,23308,23653,46961
20211209,2호선,당산,18114,21216,39330
20211209,2호선,합정,29541,31216,60757
20211209,2호선,홍대입구,48595,51293,99888
20211209,2호선,신촌,28591,29761,58352
20211209,2호선,이대,12115,12778,24893
20211209,2호선,아현,9932,9343,19275
20211209,2호선,용답,2647,2595,5242
20211209,5호선,청구,4003,3592,7595
20211209,9호선,흑석,7497,7873,15370
20211209,5호선,행당,8086,7064,15150
20211209,7호선,보라매,9787,9739,19526
20211209,7호선,신풍,11609,11008,22617
20211209,7호선,대림,7391,7474,14865
20211209,7호선,남구로,15968,17019,32987
20211209,7호선,가산디지털단지,46354,46397,92751
20211209,7호선,철산,21832,22656,44488
20211209,7호선,신대방삼거리,16327,15664,31991
20211209,7호선,광명사거리,22241,21720,43961
20211209,7호선,온수,11187,10176,21363
20211209,7호선,까치울,7742,7440,15182
20211209,7호선,부천종합운동장,4876,4274,9150
20211209,7호선,춘의,10153,9937,20090
20211209,7호선,신중동,13972,13951,27923
20211209,7호선,부천시청,12738,12574,25312
20211209,7호선,천왕,11647,10985,22632
20211209,7호선,장승배기,9350,9063,18413
20211209,7호선,상도,10350,9947,20297
20211209,7호선,숭실대입구,13606,13648,27254
20211209,7호선,용마산,5915,5764,11679
20211209,7호선,중곡,11053,10395,21448
20211209,7호선,군자,14537,11781,26318
20211209,7호선,어린이대공원,11523,11524,23047
20211209,7호선,건대입구,11183,11600,22783
20211209,7호선,뚝섬유원지,7341,7105,14446
20211209,7호선,청담,19210,22120,41330
20211209,7호선,강남구청,16812,18538,35350
20211209,7호선,학동,25020,26743,51763
20211209,7호선,논현,20541,22529,43070
20211209,7호선,반포,5770,5514,11284
20211209,7호선,고속터미널,14309,12558,26867
20211209,7호선,내방,14604,14878,29482
20211209,7호선,이수,15204,14936,30140
20211209,7호선,남성,11256,10326,21582
20211209,7호선,삼산체육관,5316,4794,10110
20211209,7호선,굴포천,9072,9490,18562
20211209,7호선,부평구청,7527,6822,14349
20211209,8호선,암사,18977,16512,35489
20211209,9호선,신방화,6774,6578,13352
20211209,9호선,마곡나루,11626,11614,23240
20211209,9호선,양천향교,9869,9958,19827
20211209,9호선,가양,19813,19101,38914
20211209,9호선,증미,7304,7199,14503
20211209,9호선,등촌,11537,11345,22882
20211209,9호선,염창,17163,16522,33685
20211209,9호선,신목동,4041,3430,7471
20211209,9호선,선유도,8770,8269,17039
20211209,9호선,당산,17752,17804,35556
20211209,9호선,국회의사당,16332,17020,33352
20211209,9호선,여의도,26899,26290,53189
20211209,9호선,샛강,5689,6077,11766
20211209,9호선,노량진,25120,24229,49349
20211209,5호선,신금호,6537,6746,13283
20211209,9호선,공항시장,2969,3177,6146
20211209,7호선,사가정,15982,15856,31838
20211209,9호선,김포공항,6777,10871,17648
20211209,8호선,모란,5572,4384,9956
20211209,8호선,천호,14831,16646,31477
20211209,8호선,강동구청,10575,10994,21569
20211209,8호선,몽촌토성,6338,6609,12947
20211209,8호선,잠실,12977,16009,28986
20211209,8호선,석촌,7738,8882,16620
20211209,8호선,송파,7545,7439,14984
20211209,8호선,가락시장,7499,8306,15805
20211209,8호선,문정,22220,23443,45663
20211209,8호선,장지,16938,16228,33166
20211209,8호선,복정,11564,9965,21529
20211209,8호선,산성,5725,5830,11555
20211209,8호선,남한산성입구,15035,13681,28716
20211209,8호선,단대오거리,10593,10260,20853
20211209,8호선,신흥,4136,4448,8584
20211209,8호선,수진,5337,4763,10100
20211209,9호선,개화,2483,1764,4247
20211209,7호선,면목,15942,15402,31344
20211209,7호선,상동,12753,13409,26162
20211209,7호선,중화,10748,10515,21263
20211209,5호선,마천,6946,6791,13737
20211209,5호선,강일,3823,3824,7647
20211209,5호선,미사,15835,15412,31247
20211209,5호선,하남풍산,4279,4188,8467
20211209,5호선,하남시청,6212,6300,12512
20211209,5호선,하남검단산,5174,5052,10226
20211209,6호선,응암,17519,17243,34762
20211209,6호선,역촌,3826,4562,8388
20211209,6호선,불광,4130,4083,8213
20211209,6호선,독바위,2684,2844,5528
20211209,6호선,구산,7560,5479,13039
20211209,6호선,새절,12708,11654,24362
20211209,6호선,증산,10006,9919,19925
20211209,6호선,디지털미디어시티,13759,14846,28605
20211209,6호선,월드컵경기장,3709,4007,7716
20211209,5호선,개롱,6562,6846,13408
20211209,6호선,마포구청,14292,12816,27108
20211209,5호선,오금,3823,3868,7691
20211209,5호선,올림픽공원,4275,3591,7866
20211209,7호선,상봉,16834,15590,32424
20211209,5호선,마장,5569,5247,10816
20211209,5호선,답십리,15871,14358,30229
20211209,5호선,장한평,18732,18697,37429
20211209,5호선,군자,11040,12171,23211
20211209,5호선,아차산,14448,13721,28169
20211209,5호선,광나루,13819,12961,26780
20211209,5호선,천호,16957,17167,34124
20211209,5호선,강동,18191,17142,35333
20211209,5호선,길동,7868,8217,16085
20211209,5호선,굽은다리,9418,8972,18390
20211209,5호선,명일,8587,8722,17309
20211209,5호선,고덕,9487,9469,18956
20211209,5호선,상일동,15403,13852,29255
20211209,5호선,둔촌동,8410,8462,16872
20211209,5호선,방이,7067,7276,14343
20211209,6호선,망원,13262,14288,27550
20211209,5호선,거여,9468,8855,18323
20211209,5호선,왕십리,4626,5253,9879
20211209,6호선,상월곡,6184,5466,11650
20211209,6호선,돌곶이,9201,8414,17615
20211209,6호선,석계,12157,12498,24655
20211209,6호선,태릉입구,5320,5776,11096
20211209,6호선,화랑대,11536,8968,20504
20211209,6호선,봉화산,8789,8222,17011
20211209,7호선,장암,2295,833,3128
20211209,7호선,도봉산,9229,10774,20003
20211209,7호선,수락산,12331,12121,24452
20211209,7호선,마들,12854,12254,25108
20211209,7호선,노원,18206,19142,37348
20211209,7호선,중계,14403,13121,27524
20211209,7호선,하계,17669,16408,34077
20211209,7호선,공릉,11740,11562,23302
20211209,6호선,합정,12351,12205,24556
20211209,6호선,월곡,11313,11178,22491
20211209,6호선,고려대,7586,7247,14833
20211209,7호선,먹골,9845,9539,19384
20211209,6호선,보문,7137,6574,13711
20211209,6호선,안암,9967,9925,19892
20211209,6호선,광흥창,8721,8507,17228
20211209,6호선,대흥,7816,7975,15791
20211209,6호선,공덕,18249,17947,36196
20211209,6호선,효창공원앞,7020,6274,13294
20211209,6호선,삼각지,6109,5444,11553
20211209,6호선,녹사평,4510,4657,9167
20211209,6호선,이태원,8775,9242,18017
20211209,6호선,상수,8220,9359,17579
20211209,6호선,버티고개,1969,1936,3905
20211209,6호선,약수,3565,3556,7121
20211209,6호선,청구,3776,4007,7783
20211209,6호선,신당,8542,8899,17441
20211209,6호선,동묘앞,7401,7572,14973
20211209,6호선,창신,3608,2940,6548
20211209,6호선,한강진,7602,8913,16515
20211210,경의선,서울역,4290,5525,9815
20211210,경의선,신촌,832,1074,1906
20211210,경의선,효창공원앞,2852,3321,6173
20211210,경의선,공덕,3418,3180,6598
20211210,경의선,서강대,2079,2020,4099
20211210,경의선,곡산,543,631,1174
20211210,경의선,홍대입구,1767,2027,3794
20211210,경의선,수색,2710,2775,5485
20211210,경의선,디지털미디어시티,2485,2338,4823
20211210,경의선,화전,1635,1487,3122
20211210,경의선,강매,3166,2678,5844
20211210,경의선,행신,7900,7951,15851
20211210,경의선,능곡,3759,3414,7173
20211210,경원선,소요산,2167,1797,3964
20211210,경의선,가좌,5354,4954,10308
20211210,경원선,동두천,2144,2302,4446
20211210,경원선,의정부,17999,18985,36984
20211210,경원선,동두천중앙,3116,3084,6200
20211210,경의선,백마,6900,6401,13301
20211210,경원선,월계,7080,6541,13621
20211210,경원선,녹천,4616,3840,8456
20211210,경원선,창동,1,0,1
20211210,경원선,방학,9517,9210,18727
20211210,경원선,도봉,5951,5637,11588
20211210,경원선,도봉산,6835,4255,11090
20211210,경원선,망월사,7261,7343,14604
20211210,경원선,회룡,11865,11785,23650
20211210,경원선,가능,6632,6314,12946
20211210,경원선,녹양,4569,4152,8721
20211210,경원선,양주,7578,7011,14589
20211210,경원선,덕계,3018,2661,5679
20211210,경원선,덕정,6254,5747,12001
20211210,경원선,지행,6639,6481,13120
20211210,경원선,보산,1686,1418,3104
20211210,경의선,풍산,5375,5068,10443
20211210,경춘선,금곡,1462,1428,2890
20211210,경의선,탄현,7671,7218,14889
20211210,경인선,인천,3005,2189,5194
20211210,경인선,구일,6233,6158,12391
20211210,경인선,소사,8525,8252,16777
20211210,경인선,부개,8451,7696,16147
20211210,경인선,간석,5934,5546,11480
20211210,경인선,도원,3047,3088,6135
20211210,경인선,온수,6784,6225,13009
20211210,경인선,중동,9263,8678,17941
20211210,경인선,도화,4263,3798,8061
20211210,경춘선,신내,2082,1908,3990
20211210,경춘선,갈매,3134,2655,5789
20211210,경춘선,별내,3383,3162,6545
20211210,경춘선,퇴계원,3547,3217,6764
20211210,경춘선,사릉,3367,3263,6630
20211210,경원선,광운대,8331,7934,16265
20211210,경인선,동인천,13471,12696,26167
20211210,경의선,일산,9139,9067,18206
20211210,경인선,제물포,10936,10190,21126
20211210,경인선,동암,14767,14955,29722
20211210,경의선,야당,7107,7190,14297
20211210,경의선,운정,6940,6661,13601
20211210,경의선,금릉,4921,4687,9608
20211210,경의선,금촌,6584,6368,12952
20211210,경의선,월롱,2826,2083,4909
20211210,경의선,파주,1529,940,2469
20211210,경의선,문산,4969,4780,9749
20211210,경의선,임진강,12,10,22
20211210,경인선,개봉,21354,20916,42270
20211210,경인선,오류동,11941,10854,22795
20211210,경인선,역곡,27112,26345,53457
20211210,경인선,부천,31629,32398,64027
20211210,경인선,송내,26493,26443,52936
20211210,경인선,부평,28433,31882,60315
20211210,경인선,백운,6982,6780,13762
20211210,경인선,주안,19038,17212,36250
20211210,경원선,석계,7940,9108,17048
20211210,2호선,을지로입구,38350,39608,77958
20211210,경원선,외대앞,6910,6683,13593
20211210,경강선,초월,3188,2974,6162
20211210,경강선,곤지암,2273,2109,4382
20211210,경강선,신둔도예촌,1508,1367,2875
20211210,경강선,이천,2709,2786,5495
20211210,경강선,부발,2727,1815,4542
20211210,경강선,세종대왕릉,347,311,658
20211210,경강선,여주,2070,2197,4267
20211210,경부선,서울역,7303,2638,9941
20211210,경부선,남영,9332,9770,19102
20211210,경부선,용산,35253,37147,72400
20211210,경부선,노량진,8417,8731,17148
20211210,경부선,대방,12694,12849,25543
20211210,경부선,영등포,37427,40148,77575
20211210,경부선,신도림,4089,4125,8214
20211210,경부선,신길,9218,7630,16848
20211210,경강선,경기광주,7625,7070,14695
20211210,경부선,구로,18605,19152,37757
20211210,경강선,삼동,2447,2145,4592
20211210,경강선,판교,4530,4754,9284
20211210,경춘선,평내호평,5977,5952,11929
20211210,2호선,시청,22509,22039,44548
20211210,1호선,청량리,18567,18598,37165
20211210,1호선,제기동,15196,15012,30208
20211210,1호선,신설동,13554,13326,26880
20211210,1호선,동대문,10385,9594,19979
20211210,1호선,종로5가,21315,21370,42685
20211210,1호선,종로3가,23509,22349,45858
20211210,1호선,종각,33157,33340,66497
20211210,1호선,시청,21340,21933,43273
20211210,1호선,동묘앞,6746,7112,13858
20211210,1호선,서울역,45002,44956,89958
20211210,9호선2~3단계,둔촌오륜,1281,1148,2429
20211210,5호선,개롱,6678,6730,13408
20211210,9호선2~3단계,중앙보훈병원,10403,9059,19462
20211210,경강선,이매,1122,952,2074
20211210,경원선,신이문,8323,7585,15908
20211210,경부선,가산디지털단지,18206,20606,38812
20211210,경부선,석수,9666,8159,17825
20211210,경부선,평택,12706,12156,24862
20211210,경부선,성환,4020,3503,7523
20211210,경부선,직산,858,779,1637
20211210,경부선,두정,5951,5607,11558
20211210,경부선,천안,5313,5545,10858
20211210,경부선,당정,6212,5877,12089
20211210,경부선,서동탄,1472,1308,2780
20211210,경부선,광명,3626,3369,6995
20211210,경원선,이촌,3577,2731,6308
20211210,경원선,서빙고,1917,1782,3699
20211210,경원선,한남,3987,3933,7920
20211210,경원선,옥수,59,26,85
20211210,경원선,응봉,1851,1600,3451
20211210,경원선,왕십리,13697,15510,29207
20211210,경원선,청량리,15675,16010,31685
20211210,경부선,평택지제,3844,3550,7394
20211210,경부선,금천구청,11916,11689,23605
20211210,경부선,서정리,7786,6451,14237
20211210,경부선,진위,1843,1457,3300
20211210,경부선,관악,7069,6503,13572
20211210,경부선,안양,22378,22119,44497
20211210,경부선,명학,9121,8859,17980
20211210,경부선,금정,26822,27083,53905
20211210,경부선,군포,7763,7521,15284
20211210,경부선,의왕,9165,9011,18176
20211210,경부선,성균관대,14427,13882,28309
20211210,경부선,화서,7804,7448,15252
20211210,경부선,수원,34825,38745,73570
20211210,경부선,독산,18235,18850,37085
20211210,경부선,세류,3067,2753,5820
20211210,경부선,병점,15230,14692,29922
20211210,경부선,세마,3019,2658,5677
20211210,경부선,오산대,3676,3247,6923
20211210,경부선,오산,10001,9740,19741
20211210,경부선,송탄,4591,4189,8780
20211210,경춘선,천마산,1631,1487,3118
20211210,수인선,월곶,2537,2418,4955
20211210,경춘선,대성리,366,393,759
20211210,안산선,수리산,4278,3292,7570
20211210,우이신설선,북한산우이,2354,2037,4391
20211210,우이신설선,솔밭공원,2357,2219,4576
20211210,우이신설선,4.19민주묘지,2730,2575,5305
20211210,우이신설선,가오리,4013,3872,7885
20211210,우이신설선,화계,3221,2947,6168
20211210,우이신설선,삼양,1994,2081,4075
20211210,우이신설선,삼양사거리,2362,2384,4746
20211210,우이신설선,솔샘,5807,5179,10986
20211210,우이신설선,북한산보국문,5872,5420,11292
20211210,우이신설선,정릉,4505,4023,8528
20211210,우이신설선,성신여대입구,3144,3506,6650
20211210,우이신설선,보문,1512,1446,2958
20211210,우이신설선,신설동,1993,2059,4052
20211210,일산선,원흥,10801,10041,20842
20211210,안산선,오이도,8318,8183,16501
20211210,일산선,삼송,19074,18094,37168
20211210,안산선,정왕,10055,9777,19832
20211210,안산선,안산,11593,10398,21991
20211210,수인선,원인재,4489,4606,9095
20211210,수인선,연수,4539,4497,9036
20211210,수인선,송도,2460,2347,4807
20211210,수인선,인하대,6039,5685,11724
20211210,수인선,숭의,3923,3564,7487
20211210,수인선,신포,1769,1848,3617
20211210,수인선,인천,950,1506,2456
20211210,안산선,산본,15803,14397,30200
20211210,안산선,대야미,5025,4308,9333
20211210,안산선,반월,4315,4057,8372
20211210,안산선,상록수,15941,16007,31948
20211210,안산선,한대앞,9699,9486,19185
20211210,안산선,중앙,17838,19255,37093
20211210,안산선,고잔,8654,8354,17008
20211210,안산선,초지,4794,5069,9863
20211210,안산선,신길온천,1729,1564,3293
20211210,수인선,남동인더스파크,2299,2585,4884
20211210,일산선,원당,10839,10003,20842
20211210,일산선,대곡,1942,1536,3478
20211210,중앙선,양정,727,645,1372
20211210,중앙선,덕소,5384,5571,10955
20211210,중앙선,도심,2357,1809,4166
20211210,중앙선,팔당,775,819,1594
20211210,중앙선,운길산,553,543,1096
20211210,중앙선,양수,1770,1738,3508
20211210,중앙선,신원,179,165,344
20211210,중앙선,국수,700,705,1405
20211210,중앙선,아신,505,514,1019
20211210,중앙선,오빈,287,271,558
20211210,중앙선,양평,2677,2801,5478
20211210,중앙선,원덕,328,353,681
20211210,중앙선,용문,2283,2382,4665
20211210,2호선,을지로3가,21568,22408,43976
20211210,5호선,거여,9447,8809,18256
20211210,중앙선,도농,10624,9474,20098
20211210,일산선,화정,16678,17084,33762
20211210,중앙선,구리,13446,13646,27092
20211210,중앙선,망우,7627,7521,15148
20211210,일산선,백석,9760,9776,19536
20211210,일산선,마두,7359,7574,14933
20211210,일산선,정발산,7172,7624,14796
20211210,일산선,주엽,8699,8694,17393
20211210,일산선,대화,12898,10415,23313
20211210,장항선,봉명,1209,1080,2289
20211210,장항선,쌍용,2376,2104,4480
20211210,장항선,아산,3368,3509,6877
20211210,장항선,탕정,368,340,708
20211210,장항선,배방,1089,1000,2089
20211210,장항선,온양온천,3275,3492,6767
20211210,장항선,신창,2665,1892,4557
20211210,중앙선,회기,24025,22612,46637
20211210,중앙선,중랑,5516,5111,10627
20211210,중앙선,상봉,5860,5660,11520
20211210,중앙선,양원,2146,2073,4219
20211210,경춘선,마석,3724,3621,7345
20211210,수인선,호구포,4108,4151,8259
20211210,수인선,소래포구,4586,4437,9023
20211210,공항철도 1호선,공항화물청사,2305,2443,4748
20211210,공항철도 1호선,인천공항1터미널,3699,3963,7662
20211210,공항철도 1호선,인천공항2터미널,2215,2071,4286
20211210,공항철도 1호선,영종,2807,2963,5770
20211210,과천선,선바위,8342,7171,15513
20211210,과천선,경마공원,4759,4740,9499
20211210,과천선,대공원,1846,1987,3833
20211210,과천선,과천,5813,5268,11081
20211210,과천선,정부과천청사,10577,10216,20793
20211210,과천선,인덕원,24381,24838,49219
20211210,과천선,평촌,17622,17407,35029
20211210,과천선,범계,25559,25777,51336
20211210,분당선,선릉,13363,20507,33870
20211210,분당선,한티,13688,14666,28354
20211210,분당선,도곡,6837,6750,13587
20211210,공항철도 1호선,운서,6765,6554,13319
20211210,분당선,구룡,2223,2086,4309
20211210,공항철도 1호선,청라국제도시,6807,6385,13192
20211210,공항철도 1호선,계양,10136,9250,19386
20211210,경춘선,청평,1428,1483,2911
20211210,경춘선,상천,201,195,396
20211210,경춘선,가평,1380,1560,2940
20211210,경춘선,굴봉산,102,134,236
20211210,경춘선,백양리,176,181,357
20211210,경춘선,강촌,297,351,648
20211210,경춘선,김유정,458,488,946
20211210,경춘선,남춘천,2438,2471,4909
20211210,경춘선,춘천,1484,1191,2675
20211210,공항철도 1호선,서울역,8299,8380,16679
20211210,공항철도 1호선,공덕,2257,3033,5290
20211210,공항철도 1호선,홍대입구,9322,9891,19213
20211210,공항철도 1호선,디지털미디어시티,13625,12396,26021
20211210,공항철도 1호선,마곡나루,7831,7499,15330
20211210,공항철도 1호선,김포공항,13066,7046,20112
20211210,공항철도 1호선,검암,6870,6739,13609
20211210,수인선,인천논현,5585,5946,11531
20211210,분당선,개포동,3717,3990,7707
20211210,분당선,수서,14426,15296,29722
20211210,분당선,신갈,4692,4551,9243
20211210,분당선,기흥,9716,9061,18777
20211210,분당선,상갈,5593,5140,10733
20211210,분당선,청명,4610,4225,8835
20211210,분당선,영통,9023,9218,18241
20211210,분당선,망포,15707,14102,29809
20211210,분당선,매탄권선,5337,5000,10337
20211210,분당선,수원시청,13197,15343,28540
20211210,분당선,매교,3211,3243,6454
20211210,수인선,고색,4750,4303,9053
20211210,수인선,오목천,3531,3001,6532
20211210,수인선,어천,792,716,1508
20211210,수인선,야목,326,248,574
20211210,수인선,사리,4713,3944,8657
20211210,수인선,달월,92,53,145
20211210,분당선,구성,5113,5286,10399
20211210,분당선,대모산입구,4497,4070,8567
20211210,분당선,죽전,13683,14726,28409
20211210,분당선,이매,5958,5366,11324
20211210,분당선,복정,2,0,2
20211210,분당선,수원,8292,7288,15580
20211210,분당선,서울숲,10356,10631,20987
20211210,분당선,압구정로데오,19053,23128,42181
20211210,분당선,강남구청,10352,11990,22342
20211210,분당선,선정릉,8028,8587,16615
20211210,분당선,가천대,9597,10036,19633
20211210,분당선,태평,13497,12557,26054
20211210,분당선,모란,19813,20085,39898
20211210,분당선,야탑,26173,27549,53722
20211210,분당선,서현,25132,24498,49630
20211210,분당선,수내,13182,13056,26238
20211210,분당선,정자,17588,18903,36491
20211210,분당선,미금,15490,16470,31960
20211210,분당선,오리,11807,9725,21532
20211210,분당선,보정,2647,2256,4903
20211210,중앙선,지평,60,73,133
20211210,2호선,을지로4가,12871,12853,25724
20211210,2호선,신당,13631,14069,27700
20211210,7호선,먹골,10066,9638,19704
20211210,7호선,태릉입구,8471,8056,16527
20211210,7호선,공릉,11940,11558,23498
20211210,7호선,하계,17324,15921,33245
20211210,7호선,중계,14392,12586,26978
20211210,7호선,노원,19090,20658,39748
20211210,7호선,중화,10873,10312,21185
20211210,7호선,마들,12776,11891,24667
20211210,7호선,도봉산,8913,10133,19046
20211210,7호선,장암,2304,923,3227
20211210,6호선,봉화산,8822,8127,16949
20211210,6호선,화랑대,11668,9068,20736
20211210,6호선,태릉입구,5399,5788,11187
20211210,6호선,석계,12206,12504,24710
20211210,7호선,수락산,12358,11901,24259
20211210,7호선,상봉,16829,15890,32719
20211210,7호선,면목,16124,15429,31553
20211210,7호선,사가정,16068,15887,31955
20211210,7호선,남성,11308,10175,21483
20211210,7호선,이수,15977,15579,31556
20211210,7호선,내방,14529,14925,29454
20211210,7호선,고속터미널,16041,13811,29852
20211210,7호선,반포,5990,5721,11711
20211210,7호선,논현,20237,23078,43315
20211210,7호선,학동,24275,26235,50510
20211210,7호선,강남구청,16697,18610,35307
20211210,7호선,청담,18951,21858,40809
20211210,7호선,뚝섬유원지,7132,6897,14029
20211210,7호선,건대입구,11646,12330,23976
20211210,7호선,어린이대공원,12029,11833,23862
20211210,7호선,군자,14937,11840,26777
20211210,7호선,중곡,11305,10277,21582
20211210,7호선,용마산,5980,5511,11491
20211210,6호선,돌곶이,9510,8486,17996
20211210,6호선,상월곡,6208,5307,11515
20211210,6호선,월곡,11560,11289,22849
20211210,6호선,고려대,7979,7539,15518
20211210,6호선,마포구청,14514,12724,27238
20211210,6호선,월드컵경기장,3363,3610,6973
20211210,6호선,디지털미디어시티,13653,14579,28232
20211210,6호선,증산,9982,9561,19543
20211210,6호선,새절,12546,11584,24130
20211210,6호선,구산,7762,5612,13374
20211210,6호선,독바위,2641,2648,5289
20211210,6호선,불광,4050,4002,8052
20211210,6호선,역촌,3867,4505,8372
20211210,6호선,응암,17402,16673,34075
20211210,5호선,하남검단산,5220,4860,10080
20211210,5호선,하남시청,6219,6091,12310
20211210,5호선,하남풍산,4281,4200,8481
20211210,5호선,미사,15751,15598,31349
20211210,5호선,강일,3689,3518,7207
20211210,6호선,망원,13987,15291,29278
20211210,7호선,숭실대입구,13311,12892,26203
20211210,6호선,합정,12846,13480,26326
20211210,6호선,광흥창,8686,8409,17095
20211210,6호선,안암,10384,10004,20388
20211210,6호선,보문,7419,6495,13914
20211210,6호선,창신,3552,2878,6430
20211210,6호선,동묘앞,7608,7663,15271
20211210,6호선,신당,8795,9062,17857
20211210,6호선,청구,3899,4029,7928
20211210,6호선,약수,3658,3632,7290
20211210,6호선,버티고개,1979,1951,3930
20211210,6호선,한강진,9092,10846,19938
20211210,6호선,이태원,9827,12104,21931
20211210,6호선,녹사평,4799,5207,10006
20211210,6호선,삼각지,6299,5533,11832
20211210,6호선,효창공원앞,7082,6262,13344
20211210,6호선,공덕,18354,18006,36360
20211210,6호선,대흥,8055,8149,16204
20211210,6호선,상수,8671,10351,19022
20211210,7호선,장승배기,9485,9053,18538
20211210,7호선,신대방삼거리,16605,15470,32075
20211210,7호선,보라매,9990,9649,19639
20211210,9호선,흑석,7768,7962,15730
20211210,9호선,노들,4413,3590,8003
20211210,9호선,노량진,26148,25006,51154
20211210,9호선,샛강,5720,5945,11665
20211210,9호선,여의도,26957,25500,52457
20211210,9호선,국회의사당,15531,16025,31556
20211210,9호선,당산,18180,17939,36119
20211210,9호선,선유도,8651,8239,16890
20211210,9호선,신목동,3978,3466,7444
20211210,9호선,염창,17016,15993,33009
20211210,9호선,등촌,11624,11024,22648
20211210,9호선,증미,7371,7051,14422
20211210,9호선,가양,20104,19139,39243
20211210,9호선,양천향교,9614,9391,19005
20211210,9호선,마곡나루,11897,11716,23613
20211210,9호선,동작,1803,1455,3258
20211210,9호선,신방화,7046,6645,13691
20211210,9호선,구반포,1590,1705,3295
20211210,9호선,고속터미널,12204,16345,28549
20211210,2호선,동대문역사문화공원,12369,14200,26569
20211210,2호선,아현,10058,9364,19422
20211210,9호선2~3단계,올림픽공원,6996,6726,13722
20211210,9호선2~3단계,한성백제,2534,2203,4737
20211210,9호선2~3단계,송파나루,4947,5463,10410
20211210,9호선2~3단계,석촌,8446,7383,15829
20211210,9호선2~3단계,석촌고분,6236,5967,12203
20211210,9호선2~3단계,삼전,6960,6551,13511
20211210,9호선2~3단계,종합운동장,4096,4042,8138
20211210,9호선2~3단계,봉은사,16173,16752,32925
20211210,9호선2~3단계,삼성중앙,6864,7164,14028
20211210,9호선2~3단계,선정릉,9607,10511,20118
20211210,9호선2~3단계,언주,10585,10815,21400
20211210,9호선,신논현,32301,33948,66249
20211210,9호선,사평,3631,3442,7073
20211210,9호선,신반포,3454,3353,6807
20211210,5호선,마천,6934,6551,13485
20211210,9호선,공항시장,3039,3186,6225
20211210,9호선,개화,2477,1649,4126
20211210,7호선,삼산체육관,5761,5192,10953
20211210,7호선,상동,12890,13798,26688
20211210,7호선,부천시청,12977,12885,25862
20211210,7호선,신중동,14247,14449,28696
20211210,7호선,춘의,10184,9907,20091
20211210,7호선,부천종합운동장,5044,4280,9324
20211210,7호선,까치울,7726,7290,15016
20211210,7호선,온수,10941,10123,21064
20211210,7호선,천왕,11435,10493,21928
20211210,7호선,광명사거리,22639,21831,44470
20211210,7호선,철산,21661,22585,44246
20211210,7호선,가산디지털단지,45360,45116,90476
20211210,7호선,남구로,15648,16638,32286
20211210,7호선,대림,7626,7738,15364
20211210,7호선,신풍,11583,10938,22521
20211210,7호선,굴포천,9184,9671,18855
20211210,9호선,김포공항,7562,12262,19824
20211210,7호선,부평구청,7442,6479,13921
20211210,8호선,천호,14803,17453,32256
20211210,8호선,모란,4145,3400,7545
20211210,8호선,수진,5164,4681,9845
20211210,8호선,신흥,4166,4394,8560
20211210,8호선,단대오거리,10600,9994,20594
20211210,8호선,남한산성입구,14404,12661,27065
20211210,8호선,산성,5669,5433,11102
20211210,8호선,복정,11635,9776,21411
20211210,8호선,장지,17316,16316,33632
20211210,8호선,문정,22210,23150,45360
20211210,8호선,가락시장,7789,8725,16514
20211210,8호선,송파,7728,7593,15321
20211210,8호선,석촌,7866,9094,16960
20211210,8호선,잠실,13558,16817,30375
20211210,8호선,몽촌토성,6118,6275,12393
20211210,8호선,강동구청,10547,10703,21250
20211210,8호선,암사,18990,16321,35311
20211210,5호선,오금,3899,3863,7762
20211210,7호선,상도,10452,9937,20389
20211210,5호선,올림픽공원,4486,3934,8420
20211210,3호선,안국,19786,20544,40330
20211210,3호선,경복궁,19375,19291,38666
20211210,3호선,독립문,6858,7038,13896
20211210,3호선,무악재,3878,3718,7596
20211210,3호선,홍제,16857,15636,32493
20211210,3호선,녹번,15365,13599,28964
20211210,3호선,불광,15702,16534,32236
20211210,3호선,연신내,36161,33891,70052
20211210,3호선,구파발,19991,18650,38641
20211210,3호선,지축,4492,4217,8709
20211210,2호선,용두,2430,2412,4842
20211210,2호선,신정네거리,9992,10466,20458
20211210,2호선,양천구청,6695,6865,13560
20211210,2호선,도림천,1411,1392,2803
20211210,2호선,신설동,3365,3381,6746
20211210,3호선,종로3가,9595,11625,21220
20211210,2호선,신답,1618,1796,3414
20211210,3호선,을지로3가,10489,11128,21617
20211210,3호선,약수,13161,12859,26020
20211210,3호선,일원,10073,9327,19400
20211210,3호선,대청,10266,9207,19473
20211210,3호선,학여울,1768,1827,3595
20211210,3호선,대치,10074,9993,20067
20211210,3호선,도곡,5345,5443,10788
20211210,3호선,매봉,12535,12004,24539
20211210,3호선,양재,40213,42845,83058
20211210,3호선,남부터미널,29824,30054,59878
20211210,3호선,교대,14393,9310,23703
20211210,3호선,고속터미널,40938,43841,84779
20211210,3호선,잠원,4878,4743,9621
20211210,3호선,신사,30910,34332,65242
20211210,3호선,압구정,32539,35891,68430
20211210,3호선,옥수,8878,9132,18010
20211210,3호선,금호,8096,7371,15467
20211210,3호선,동대입구,7999,8291,16290
20211210,3호선,수서,18185,18193,36378
20211210,2호선,용답,2657,2597,5254
20211210,2호선,이대,13124,13343,26467
20211210,2호선,역삼,50027,56183,106210
20211210,2호선,선릉,55133,49791,104924
20211210,2호선,삼성,53125,54472,107597
20211210,2호선,종합운동장,6882,7425,14307
20211210,2호선,잠실새내,20851,21363,42214
20211210,2호선,잠실,66496,66189,132685
20211210,2호선,잠실나루,14332,13567,27899
20211210,2호선,강변,30642,29489,60131
20211210,2호선,구의,23690,22855,46545
20211210,2호선,건대입구,32980,37329,70309
20211210,2호선,성수,36011,39811,75822
20211210,2호선,뚝섬,22515,24200,46715
20211210,2호선,한양대,7689,8264,15953
20211210,2호선,왕십리,16282,13732,30014
20211210,5호선,방이,6979,7419,14398
20211210,2호선,강남,82338,84517,166855
20211210,2호선,충정로,9780,10431,20211
20211210,2호선,교대,33374,38462,71836
20211210,2호선,방배,17038,17681,34719
20211210,2호선,신촌,30936,32148,63084
20211210,2호선,홍대입구,51414,58398,109812
20211210,2호선,합정,30672,34211,64883
20211210,2호선,당산,18054,21410,39464
20211210,2호선,영등포구청,23118,23489,46607
20211210,2호선,문래,21333,21993,43326
20211210,2호선,신도림,46750,47289,94039
20211210,2호선,대림,23390,23681,47071
20211210,2호선,구로디지털단지,60260,59731,119991
20211210,2호선,신대방,25948,24513,50461
20211210,2호선,신림,63457,60506,123963
20211210,2호선,봉천,23489,20849,44338
20211210,2호선,서울대입구,48195,46311,94506
20211210,2호선,낙성대,27418,25246,52664
20211210,2호선,사당,36823,41523,78346
20211210,2호선,서초,21351,20578,41929
20211210,3호선,가락시장,8996,8725,17721
20211210,2호선,상왕십리,14412,13673,28085
20211210,5호선,동대문역사문화공원,2855,3470,6325
20211210,5호선,을지로4가,6108,6311,12419
20211210,5호선,종로3가,11711,12312,24023
20211210,5호선,광화문,28526,30800,59326
20211210,5호선,서대문,18272,18792,37064
20211210,5호선,충정로,4672,4706,9378
20211210,5호선,애오개,6780,6634,13414
20211210,3호선,경찰병원,7411,7289,14700
20211210,5호선,공덕,14037,15040,29077
20211210,5호선,여의나루,8533,9379,17912
20211210,5호선,신길,4014,4140,8154
20211210,5호선,영등포시장,9794,9893,19687
20211210,5호선,영등포구청,3821,3873,7694
20211210,5호선,양평,7549,7163,14712
20211210,5호선,오목교,21617,23385,45002
20211210,5호선,마포,14239,14923,29162
20211210,5호선,청구,3916,3670,7586
20211210,5호선,신금호,6567,6563,13130
20211210,5호선,행당,8115,7003,15118
20211210,5호선,둔촌동,8616,8580,17196
20211210,5호선,상일동,15427,13657,29084
20211210,5호선,고덕,9857,9535,19392
20211210,5호선,명일,8638,8743,17381
20211210,5호선,굽은다리,9497,8925,18422
20211210,5호선,길동,8091,8481,16572
20211210,5호선,강동,18366,16820,35186
20211210,5호선,천호,17923,18217,36140
20211210,5호선,광나루,13556,12343,25899
20211210,5호선,아차산,14414,13736,28150
20211210,5호선,군자,11204,12476,23680
20211210,5호선,장한평,18750,18249,36999
20211210,5호선,답십리,16087,14206,30293
20211210,5호선,마장,5606,5308,10914
20211210,5호선,왕십리,4549,5261,9810
20211210,5호선,목동,16849,18039,34888
20211210,5호선,신정,13982,10766,24748
20211210,5호선,여의도,27603,29648,57251
20211210,5호선,화곡,28400,25880,54280
20211210,4호선,숙대입구,13097,12875,25972
20211210,4호선,서울역,10609,17640,28249
20211210,4호선,회현,22669,24697,47366
20211210,4호선,명동,18718,20085,38803
20211210,4호선,충무로,25475,27082,52557
20211210,5호선,까치산,28929,27226,56155
20211210,4호선,동대문,18552,19482,38034
20211210,4호선,혜화,30856,31435,62291
20211210,4호선,한성대입구,13623,13224,26847
20211210,4호선,성신여대입구,19952,19062,39014
20211210,4호선,길음,19820,18593,38413
20211210,4호선,미아사거리,27480,26428,53908
20211210,4호선,미아,14888,14018,28906
20211210,4호선,수유,33745,33578,67323
20211210,3호선,오금,6279,5694,11973
20211210,4호선,삼각지,4969,5869,10838
20211210,4호선,신용산,16235,17363,33598
20211210,4호선,동대문역사문화공원,15143,14039,29182
20211210,4호선,동작,1408,1585,2993
20211210,4호선,이촌,7137,7822,14959
20211210,5호선,발산,19313,20568,39881
20211210,5호선,마곡,10436,10290,20726
20211210,5호선,송정,6590,6147,12737
20211210,5호선,김포공항,7436,7021,14457
20211210,5호선,개화산,5619,5151,10770
20211210,5호선,방화,6690,6323,13013
20211210,5호선,우장산,14369,13899,28268
20211210,4호선,창동,25472,26829,52301
20211210,4호선,노원,18311,21329,39640
20211210,4호선,상계,18794,17176,35970
20211210,4호선,당고개,12782,11286,24068
20211210,4호선,남태령,1317,1041,2358
20211210,4호선,사당,25545,21977,47522
20211210,4호선,총신대입구,18456,20006,38462
20211210,4호선,쌍문,29267,26340,55607
20211213,6호선,안암,10004,10195,20199
20211213,6호선,보문,6742,6222,12964
20211213,6호선,창신,3420,2834,6254
20211213,6호선,동묘앞,7007,7248,14255
20211213,6호선,신당,7735,8303,16038
20211213,6호선,청구,3621,3791,7412
20211213,6호선,약수,3492,3495,6987
20211213,6호선,녹사평,4082,3995,8077
20211213,6호선,한강진,6295,7171,13466
20211213,6호선,이태원,8185,8310,16495
20211213,6호선,삼각지,5355,4798,10153
20211213,6호선,효창공원앞,6616,6033,12649
20211213,6호선,공덕,17558,17075,34633
20211213,6호선,대흥,7388,7605,14993
20211213,6호선,고려대,7497,7222,14719
20211213,6호선,버티고개,1839,1907,3746
20211213,6호선,월곡,10974,10825,21799
20211213,5호선,답십리,15337,13955,29292
20211213,6호선,돌곶이,8991,8415,17406
20211213,7호선,중화,10354,10218,20572
20211213,7호선,먹골,9715,9560,19275
20211213,7호선,태릉입구,7683,7381,15064
20211213,7호선,공릉,11778,11726,23504
20211213,7호선,하계,16610,15757,32367
20211213,7호선,중계,13686,12618,26304
20211213,7호선,노원,18387,19300,37687
20211213,7호선,마들,12178,11699,23877
20211213,7호선,수락산,11661,11361,23022
20211213,7호선,도봉산,8818,9949,18767
20211213,7호선,장암,2215,786,3001
20211213,6호선,봉화산,8341,7760,16101
20211213,6호선,화랑대,11197,8754,19951
20211213,6호선,태릉입구,4934,5327,10261
20211213,6호선,석계,11410,12098,23508
20211213,6호선,상월곡,5852,5281,11133
20211213,6호선,광흥창,8483,8286,16769
20211213,5호선,장한평,17691,17750,35441
20211213,6호선,합정,11191,11190,22381
20211213,5호선,오금,3708,3726,7434
20211213,5호선,방이,6674,6919,13593
20211213,5호선,올림픽공원,4035,3554,7589
20211213,5호선,둔촌동,8097,7895,15992
20211213,5호선,상일동,14755,13360,28115
20211213,5호선,고덕,9107,9103,18210
20211213,5호선,명일,8183,8585,16768
20211213,5호선,굽은다리,8981,8523,17504
20211213,5호선,길동,7548,7923,15471
20211213,5호선,강동,17620,16792,34412
20211213,5호선,천호,16204,16133,32337
20211213,5호선,광나루,12147,11139,23286
20211213,5호선,아차산,13129,12769,25898
20211213,5호선,군자,10311,11239,21550
20211213,7호선,상봉,15898,14736,30634
20211213,5호선,개롱,6263,6522,12785
20211213,6호선,상수,7502,8304,15806
20211213,5호선,거여,8997,8635,17632
20211213,5호선,강일,3916,3977,7893
20211213,6호선,망원,12454,13233,25687
20211213,6호선,마포구청,13741,12603,26344
20211213,6호선,월드컵경기장,3128,3432,6560
20211213,6호선,디지털미디어시티,13127,14270,27397
20211213,6호선,증산,9576,9500,19076
20211213,6호선,새절,12128,11319,23447
20211213,6호선,구산,7231,5531,12762
20211213,6호선,독바위,2524,2663,5187
20211213,6호선,불광,3860,3826,7686
20211213,6호선,역촌,3741,4403,8144
20211213,6호선,응암,16591,16601,33192
20211213,5호선,하남검단산,5013,4727,9740
20211213,5호선,하남시청,5683,5634,11317
20211213,5호선,하남풍산,4035,4056,8091
20211213,5호선,미사,15010,14809,29819
20211213,5호선,마천,6668,6435,13103
20211213,7호선,면목,15840,15478,31318
20211213,7호선,부평구청,7257,6345,13602
20211213,7호선,용마산,5831,5687,11518
20211213,9호선,개화,2420,1638,4058
20211213,8호선,모란,3863,3032,6895
20211213,8호선,수진,5080,4638,9718
20211213,8호선,신흥,3989,4325,8314
20211213,8호선,단대오거리,10044,9818,19862
20211213,8호선,남한산성입구,14159,13107,27266
20211213,9호선,김포공항,6696,10168,16864
20211213,8호선,산성,5193,5261,10454
20211213,8호선,장지,16106,15802,31908
20211213,8호선,문정,21665,22812,44477
20211213,8호선,가락시장,7178,7904,15082
20211213,8호선,송파,7194,7182,14376
20211213,8호선,석촌,7219,8262,15481
20211213,8호선,잠실,12820,15262,28082
20211213,8호선,복정,10949,9575,20524
20211213,9호선,공항시장,2806,3044,5850
20211213,9호선,신방화,6642,6418,13060
20211213,9호선,마곡나루,10859,10892,21751
20211213,9호선,동작,1737,1367,3104
20211213,9호선,흑석,7141,7566,14707
20211213,9호선,노들,4179,3579,7758
20211213,9호선,노량진,23858,23224,47082
20211213,9호선,샛강,5576,6121,11697
20211213,9호선,여의도,25840,25173,51013
20211213,9호선,국회의사당,15507,16061,31568
20211213,9호선,당산,16463,16925,33388
20211213,9호선,선유도,8486,8050,16536
20211213,9호선,신목동,3828,3415,7243
20211213,9호선,염창,16246,15778,32024
20211213,9호선,등촌,10951,10860,21811
20211213,9호선,증미,6990,6950,13940
20211213,9호선,가양,19331,18770,38101
20211213,9호선,양천향교,9124,9390,18514
20211213,8호선,몽촌토성,5907,6116,12023
20211213,8호선,강동구청,10105,10455,20560
20211213,8호선,천호,13733,15638,29371
20211213,8호선,암사,18208,16214,34422
20211213,7호선,상도,9716,9483,19199
20211213,7호선,숭실대입구,13209,13555,26764
20211213,7호선,남성,10570,10019,20589
20211213,7호선,이수,14353,14148,28501
20211213,7호선,내방,14211,14255,28466
20211213,7호선,고속터미널,14765,12304,27069
20211213,7호선,반포,5498,5401,10899
20211213,7호선,논현,19525,21476,41001
20211213,7호선,학동,23974,25355,49329
20211213,7호선,청담,18648,20635,39283
20211213,7호선,뚝섬유원지,6567,6417,12984
20211213,7호선,건대입구,11218,11836,23054
20211213,7호선,어린이대공원,11227,11013,22240
20211213,7호선,군자,13881,11518,25399
20211213,7호선,중곡,10530,9952,20482
20211213,7호선,장승배기,9101,8999,18100
20211213,7호선,사가정,15224,15536,30760
20211213,7호선,신대방삼거리,15665,15218,30883
20211213,7호선,신풍,11040,10582,21622
20211213,7호선,굴포천,9078,9468,18546
20211213,7호선,삼산체육관,5117,4672,9789
20211213,7호선,상동,12106,12769,24875
20211213,7호선,부천시청,12084,12104,24188
20211213,7호선,신중동,13648,13541,27189
20211213,7호선,춘의,9826,9719,19545
20211213,7호선,부천종합운동장,4878,4262,9140
20211213,7호선,까치울,7265,6887,14152
20211213,7호선,온수,10581,9763,20344
20211213,7호선,천왕,11138,10676,21814
20211213,7호선,광명사거리,20968,20610,41578
20211213,7호선,철산,20253,20650,40903
20211213,7호선,가산디지털단지,46371,45975,92346
20211213,7호선,남구로,15895,16548,32443
20211213,7호선,대림,7776,7776,15552
20211213,7호선,보라매,9527,9510,19037
20211213,5호선,마장,5283,4927,10210
20211213,1호선,서울역,39836,37215,77051
20211213,5호선,행당,7672,6896,14568
20211213,2호선,충정로,9562,10045,19607
20211213,2호선,아현,9377,9059,18436
20211213,2호선,이대,11553,12409,23962
20211213,2호선,신촌,27531,28103,55634
20211213,2호선,홍대입구,45234,46929,92163
20211213,2호선,합정,26897,28091,54988
20211213,2호선,용답,2542,2558,5100
20211213,2호선,당산,16823,19832,36655
20211213,2호선,문래,20210,20547,40757
20211213,2호선,신도림,43844,42646,86490
20211213,2호선,대림,22721,23174,45895
20211213,2호선,구로디지털단지,58256,58916,117172
20211213,2호선,신대방,24749,24170,48919
20211213,2호선,신림,58787,56771,115558
20211213,2호선,영등포구청,22312,22739,45051
20211213,2호선,신답,1535,1790,3325
20211213,2호선,신설동,2939,2994,5933
20211213,2호선,도림천,1384,1463,2847
20211213,3호선,을지로3가,10071,10378,20449
20211213,3호선,종로3가,9155,10353,19508
20211213,3호선,안국,18030,18101,36131
20211213,3호선,경복궁,17534,17401,34935
20211213,3호선,독립문,5981,6327,12308
20211213,3호선,무악재,3727,3764,7491
20211213,3호선,홍제,15878,15058,30936
20211213,3호선,녹번,14452,13246,27698
20211213,3호선,불광,15010,15808,30818
20211213,3호선,연신내,34042,32062,66104
20211213,3호선,구파발,19537,18260,37797
20211213,3호선,지축,4180,4137,8317
20211213,2호선,용두,2284,2237,4521
20211213,2호선,신정네거리,9665,9845,19510
20211213,2호선,양천구청,6400,6771,13171
20211213,2호선,봉천,22260,20785,43045
20211213,2호선,서울대입구,43795,43166,86961
20211213,2호선,낙성대,25195,24869,50064
20211213,2호선,사당,32619,35860,68479
20211213,2호선,신당,12552,12886,25438
20211213,2호선,동대문역사문화공원,10659,12003,22662
20211213,2호선,을지로4가,12296,12205,24501
20211213,2호선,을지로3가,21082,20895,41977
20211213,2호선,을지로입구,36576,37308,73884
20211213,2호선,시청,22156,21334,43490
20211213,1호선,청량리,17067,16930,33997
20211213,1호선,제기동,14173,14308,28481
20211213,1호선,신설동,12602,12315,24917
20211213,1호선,동대문,9848,9215,19063
20211213,1호선,종로5가,19363,19256,38619
20211213,1호선,종로3가,21520,19797,41317
20211213,1호선,종각,31931,31657,63588
20211213,1호선,시청,20363,20737,41100
20211213,1호선,동묘앞,6034,6352,12386
20211213,2호선,상왕십리,13507,13253,26760
20211213,3호선,동대입구,6750,7263,14013
20211213,2호선,왕십리,14388,11910,26298
20211213,2호선,뚝섬,19489,21075,40564
20211213,2호선,방배,16539,17331,33870
20211213,2호선,서초,20277,19902,40179
20211213,2호선,교대,31903,36103,68006
20211213,2호선,강남,75815,75233,151048
20211213,2호선,역삼,50853,56560,107413
20211213,2호선,선릉,55017,49015,104032
20211213,2호선,삼성,48723,49441,98164
20211213,2호선,종합운동장,6352,6994,13346
20211213,2호선,잠실새내,19089,18984,38073
20211213,2호선,잠실,60824,61067,121891
20211213,2호선,잠실나루,13498,13268,26766
20211213,2호선,강변,27392,26338,53730
20211213,2호선,구의,22395,22238,44633
20211213,2호선,건대입구,29758,31605,61363
20211213,2호선,성수,34497,37355,71852
20211213,2호선,한양대,7806,8479,16285
20211213,3호선,약수,12155,11938,24093
20211213,3호선,금호,7380,7093,14473
20211213,3호선,옥수,8120,8456,16576
20211213,5호선,신정,13294,10764,24058
20211213,5호선,까치산,27362,26384,53746
20211213,5호선,화곡,26919,25190,52109
20211213,5호선,우장산,13430,13272,26702
20211213,5호선,발산,18966,19387,38353
20211213,5호선,마곡,10347,10209,20556
20211213,5호선,송정,6260,5793,12053
20211213,5호선,김포공항,6879,6192,13071
20211213,5호선,개화산,5331,4971,10302
20211213,5호선,방화,6378,6227,12605
20211213,4호선,쌍문,27883,25647,53530
20211213,4호선,창동,23440,24612,48052
20211213,4호선,노원,16818,18949,35767
20211213,4호선,상계,17769,16450,34219
20211213,4호선,당고개,11902,10597,22499
20211213,5호선,목동,15641,17133,32774
20211213,4호선,남태령,1107,1054,2161
20211213,5호선,오목교,20110,21569,41679
20211213,5호선,영등포구청,3702,3874,7576
20211213,5호선,신금호,6131,6401,12532
20211213,5호선,청구,3856,3545,7401
20211213,5호선,동대문역사문화공원,2977,3389,6366
20211213,5호선,을지로4가,5807,5912,11719
20211213,5호선,종로3가,10318,10224,20542
20211213,5호선,광화문,27912,29123,57035
20211213,5호선,서대문,18072,18504,36576
20211213,5호선,충정로,4778,4868,9646
20211213,5호선,애오개,6333,6349,12682
20211213,5호선,공덕,13475,14255,27730
20211213,5호선,마포,13829,14247,28076
20211213,5호선,여의나루,7723,8652,16375
20211213,5호선,여의도,27522,29005,56527
20211213,5호선,신길,3968,4237,8205
20211213,5호선,영등포시장,9150,9368,18518
20211213,5호선,양평,7343,7431,14774
20211213,5호선,왕십리,4276,4771,9047
20211213,4호선,사당,22314,18734,41048
20211213,4호선,동작,1217,1348,2565
20211213,3호선,가락시장,8209,8072,16281
20211213,3호선,수서,15987,16277,32264
20211213,3호선,일원,9538,9278,18816
20211213,3호선,대청,9879,8989,18868
20211213,3호선,학여울,1618,1728,3346
20211213,3호선,대치,9605,9669,19274
20211213,3호선,도곡,5160,5190,10350
20211213,3호선,매봉,11769,11375,23144
20211213,3호선,양재,36876,40369,77245
20211213,3호선,남부터미널,26889,27337,54226
20211213,3호선,교대,13222,8871,22093
20211213,3호선,고속터미널,34879,33352,68231
20211213,3호선,잠원,4487,4499,8986
20211213,3호선,신사,27931,29766,57697
20211213,3호선,압구정,29570,31650,61220
20211213,3호선,경찰병원,7244,7336,14580
20211213,4호선,총신대입구,17152,18656,35808
20211213,3호선,오금,5892,5260,11152
20211213,4호선,미아,14260,13718,27978
20211213,4호선,이촌,6313,7045,13358
20211213,4호선,신용산,14936,15840,30776
20211213,4호선,삼각지,4428,4680,9108
20211213,4호선,숙대입구,11925,11636,23561
20211213,4호선,서울역,9967,14363,24330
20211213,4호선,회현,21613,22783,44396
20211213,4호선,명동,17513,17868,35381
20211213,4호선,충무로,24733,25827,50560
20211213,4호선,동대문역사문화공원,13494,12454,25948
20211213,4호선,동대문,17747,18291,36038
20211213,4호선,혜화,27558,27944,55502
20211213,4호선,한성대입구,12078,12147,24225
20211213,4호선,성신여대입구,17755,17500,35255
20211213,4호선,길음,18961,19325,38286
20211213,4호선,미아사거리,25616,24845,50461
20211213,4호선,수유,31359,31477,62836
20211213,9호선,신반포,3027,3002,6029
20211213,9호선,구반포,1499,1591,3090
20211213,9호선,사평,3213,3190,6403
20211213,분당선,보정,2337,2065,4402
20211213,분당선,이매,5258,4928,10186
20211213,분당선,오리,11029,9144,20173
20211213,분당선,미금,14373,15269,29642
20211213,분당선,정자,16202,17375,33577
20211213,분당선,수내,12487,12364,24851
20211213,분당선,죽전,12000,13261,25261
20211213,분당선,서현,22926,23198,46124
20211213,분당선,모란,18165,18588,36753
20211213,분당선,태평,12742,12309,25051
20211213,분당선,가천대,7637,8692,16329
20211213,분당선,선정릉,7836,8443,16279
20211213,분당선,강남구청,9779,11145,20924
20211213,분당선,압구정로데오,15646,17352,32998
20211213,분당선,야탑,24022,25050,49072
20211213,분당선,구성,4704,4959,9663
20211213,분당선,신갈,4561,4421,8982
20211213,분당선,기흥,9074,8607,17681
20211213,수인선,소래포구,4123,3694,7817
20211213,수인선,월곶,2356,2195,4551
20211213,수인선,달월,108,54,162
20211213,수인선,사리,4207,3674,7881
20211213,수인선,야목,311,228,539
20211213,수인선,어천,626,679,1305
20211213,수인선,오목천,3110,2919,6029
20211213,수인선,고색,4384,4199,8583
20211213,분당선,매교,2934,2991,5925
20211213,분당선,수원시청,11902,12588,24490
20211213,분당선,매탄권선,4782,4619,9401
20211213,분당선,망포,13541,12899,26440
20211213,분당선,영통,7851,8127,15978
20211213,분당선,청명,4158,3906,8064
20211213,분당선,상갈,5107,4875,9982
20211213,분당선,서울숲,9152,9236,18388
20211213,분당선,수원,7396,6335,13731
20211213,분당선,복정,1,0,1
20211213,분당선,수서,13080,13215,26295
20211213,공항철도 1호선,청라국제도시,6436,5982,12418
20211213,공항철도 1호선,검암,6438,6294,12732
20211213,공항철도 1호선,계양,9552,9149,18701
20211213,공항철도 1호선,김포공항,11442,6454,17896
20211213,공항철도 1호선,마곡나루,8084,7865,15949
20211213,공항철도 1호선,디지털미디어시티,13399,12334,25733
20211213,공항철도 1호선,홍대입구,7860,8134,15994
20211213,공항철도 1호선,공덕,2103,2668,4771
20211213,공항철도 1호선,서울역,7122,6410,13532
20211213,경춘선,춘천,1248,1123,2371
20211213,경춘선,남춘천,2292,2395,4687
20211213,경춘선,김유정,403,383,786
20211213,경춘선,강촌,535,466,1001
20211213,경춘선,백양리,126,135,261
20211213,경춘선,굴봉산,87,105,192
20211213,공항철도 1호선,운서,6097,6128,12225
20211213,수인선,인천논현,5123,5443,10566
20211213,공항철도 1호선,공항화물청사,2168,2438,4606
20211213,공항철도 1호선,인천공항2터미널,2058,1900,3958
20211213,분당선,대모산입구,4274,3959,8233
20211213,분당선,개포동,3503,3640,7143
20211213,분당선,구룡,2032,1987,4019
20211213,분당선,도곡,6409,6540,12949
20211213,분당선,한티,12343,13423,25766
20211213,분당선,선릉,13313,20219,33532
20211213,과천선,범계,23568,23487,47055
20211213,과천선,평촌,17633,17367,35000
20211213,과천선,인덕원,22530,23490,46020
20211213,과천선,정부과천청사,10256,10019,20275
20211213,과천선,과천,5421,5062,10483
20211213,과천선,대공원,1728,1764,3492
20211213,과천선,경마공원,878,851,1729
20211213,과천선,선바위,7891,6824,14715
20211213,공항철도 1호선,영종,2659,2566,5225
20211213,공항철도 1호선,인천공항1터미널,3217,3295,6512
20211213,수인선,호구포,3713,3979,7692
20211213,수인선,남동인더스파크,2162,2511,4673
20211213,수인선,원인재,4106,4197,8303
20211213,중앙선,상봉,5288,5321,10609
20211213,중앙선,중랑,5139,4853,9992
20211213,중앙선,회기,22150,21667,43817
20211213,장항선,신창,1420,1518,2938
20211213,장항선,온양온천,2961,3021,5982
20211213,장항선,배방,905,928,1833
20211213,장항선,탕정,325,270,595
20211213,장항선,아산,2913,2568,5481
20211213,장항선,쌍용,2006,1946,3952
20211213,장항선,봉명,1132,1078,2210
20211213,일산선,대화,12279,9538,21817
20211213,일산선,주엽,8391,8303,16694
20211213,일산선,정발산,6401,6470,12871
20211213,일산선,마두,7121,7194,14315
20211213,일산선,백석,9199,9142,18341
20211213,중앙선,망우,6925,6901,13826
20211213,일산선,대곡,1820,1415,3235
20211213,중앙선,양원,1998,1962,3960
20211213,중앙선,도농,10132,9017,19149
20211213,7호선,강남구청,15745,17212,32957
20211213,중앙선,지평,52,54,106
20211213,중앙선,용문,1388,1310,2698
20211213,중앙선,원덕,272,272,544
20211213,중앙선,양평,2851,2823,5674
20211213,중앙선,오빈,269,265,534
20211213,중앙선,아신,447,467,914
20211213,중앙선,국수,706,674,1380
20211213,중앙선,신원,174,155,329
20211213,중앙선,양수,1497,1470,2967
20211213,중앙선,운길산,461,459,920
20211213,중앙선,팔당,700,700,1400
20211213,중앙선,도심,2321,1725,4046
20211213,중앙선,덕소,5242,5205,10447
20211213,중앙선,양정,687,587,1274
20211213,중앙선,구리,12725,12659,25384
20211213,경춘선,가평,1277,1240,2517
20211213,일산선,화정,15815,16184,31999
20211213,일산선,삼송,18194,17685,35879
20211213,안산선,안산,11271,10044,21315
20211213,안산선,초지,4616,4840,9456
20211213,안산선,고잔,8342,7729,16071
20211213,안산선,중앙,15933,16677,32610
20211213,안산선,한대앞,9018,9100,18118
20211213,안산선,상록수,14981,15075,30056
20211213,안산선,반월,4091,3940,8031
20211213,안산선,대야미,4635,4208,8843
20211213,안산선,산본,14986,16072,31058
20211213,수인선,인천,834,1394,2228
20211213,수인선,신포,1590,1518,3108
20211213,수인선,숭의,3656,3390,7046
20211213,수인선,인하대,5454,5181,10635
20211213,수인선,송도,2289,2135,4424
20211213,수인선,연수,4166,4039,8205
20211213,안산선,신길온천,1625,1486,3111
20211213,일산선,원당,10487,9892,20379
20211213,안산선,정왕,9136,9631,18767
20211213,안산선,수리산,4124,3400,7524
20211213,일산선,지축,1,0,1
20211213,일산선,원흥,10036,9533,19569
20211213,우이신설선,신설동,1921,1854,3775
20211213,우이신설선,보문,1375,1352,2727
20211213,우이신설선,성신여대입구,2971,3123,6094
20211213,우이신설선,정릉,4156,3877,8033
20211213,우이신설선,북한산보국문,5306,5202,10508
20211213,우이신설선,솔샘,5600,5222,10822
20211213,우이신설선,삼양사거리,2277,2262,4539
20211213,우이신설선,삼양,1954,2097,4051
20211213,우이신설선,화계,3169,3006,6175
20211213,우이신설선,가오리,3814,3781,7595
20211213,우이신설선,4.19민주묘지,2599,2509,5108
20211213,우이신설선,솔밭공원,2237,2213,4450
20211213,우이신설선,북한산우이,2205,1917,4122
20211213,안산선,오이도,7651,7280,14931
20211213,경춘선,상천,192,171,363
20211213,9호선,고속터미널,10820,13506,24326
20211213,경춘선,대성리,380,328,708
20211213,경부선,진위,1546,1395,2941
20211213,경부선,오산,9059,9131,18190
20211213,경부선,오산대,3123,2843,5966
20211213,경부선,세마,2592,2464,5056
20211213,경부선,병점,13309,13261,26570
20211213,경부선,세류,2800,2512,5312
20211213,경부선,독산,17994,18970,36964
20211213,경부선,수원,30313,31914,62227
20211213,경부선,화서,7525,7228,14753
20211213,경부선,성균관대,13772,13576,27348
20211213,경부선,의왕,8879,8935,17814
20211213,경부선,군포,7447,7493,14940
20211213,경부선,금정,24837,25795,50632
20211213,경부선,명학,8812,8704,17516
20211213,경부선,안양,23642,23638,47280
20211213,경부선,송탄,4018,3946,7964
20211213,경춘선,청평,1353,1311,2664
20211213,경부선,서정리,6234,6254,12488
20211213,경부선,평택,10743,10590,21333
20211213,경원선,외대앞,6245,6242,12487
20211213,경원선,청량리,13061,13426,26487
20211213,경원선,왕십리,12313,13844,26157
20211213,경원선,응봉,1700,1442,3142
20211213,경원선,옥수,51,38,89
20211213,경원선,한남,3954,3739,7693
20211213,경원선,서빙고,1797,1649,3446
20211213,경원선,이촌,3413,2657,6070
20211213,경부선,광명,3292,2709,6001
20211213,경부선,서동탄,1362,1197,2559
20211213,경부선,당정,5918,5621,11539
20211213,경부선,천안,4484,4756,9240
20211213,경부선,두정,4688,5028,9716
20211213,경부선,직산,727,686,1413
20211213,경부선,성환,3400,3631,7031
20211213,경부선,평택지제,3282,3055,6337
20211213,경원선,신이문,8022,7512,15534
20211213,경부선,석수,9289,8016,17305
20211213,경부선,가산디지털단지,17707,20775,38482
20211213,경강선,판교,4426,4365,8791
20211213,9호선2~3단계,중앙보훈병원,10192,9042,19234
20211213,9호선2~3단계,둔촌오륜,1183,1109,2292
20211213,9호선2~3단계,올림픽공원,5435,5333,10768
20211213,9호선2~3단계,한성백제,2460,2305,4765
20211213,9호선2~3단계,송파나루,4408,4775,9183
20211213,9호선2~3단계,석촌,7715,6953,14668
20211213,9호선2~3단계,석촌고분,5835,5817,11652
20211213,9호선2~3단계,삼전,6620,6440,13060
20211213,9호선2~3단계,종합운동장,3818,3870,7688
20211213,9호선2~3단계,봉은사,14720,14978,29698
20211213,9호선2~3단계,삼성중앙,6571,6951,13522
20211213,9호선2~3단계,선정릉,9219,10110,19329
20211213,9호선2~3단계,언주,10217,10531,20748
20211213,9호선,신논현,29125,29275,58400
20211213,경강선,이매,1109,891,2000
20211213,경부선,금천구청,11290,11084,22374
20211213,경강선,삼동,2301,2068,4369
20211213,경강선,초월,2995,2858,5853
20211213,경부선,구로,17760,17822,35582
20211213,경부선,신길,8626,7228,15854
20211213,경부선,신도림,3835,3850,7685
20211213,경부선,영등포,32952,33787,66739
20211213,경부선,대방,12156,12534,24690
20211213,경부선,노량진,6972,7314,14286
20211213,경부선,용산,29407,29486,58893
20211213,경부선,남영,8536,8957,17493
20211213,경부선,서울역,5695,1837,7532
20211213,경강선,여주,1910,1908,3818
20211213,경강선,세종대왕릉,299,271,570
20211213,경강선,부발,1831,1835,3666
20211213,경강선,이천,2322,2452,4774
20211213,경강선,신둔도예촌,1313,1253,2566
20211213,경강선,곤지암,2116,2102,4218
20211213,경강선,경기광주,7189,6870,14059
20211213,경원선,석계,7404,8510,15914
20211213,경부선,관악,6739,6161,12900
20211213,경원선,월계,6696,6289,12985
20211213,경인선,제물포,10433,9132,19565
20211213,경인선,주안,17520,15767,33287
20211213,경인선,동암,13757,13597,27354
20211213,경인선,백운,6539,6377,12916
20211213,경인선,부평,26282,27815,54097
20211213,경인선,송내,25293,25142,50435
20211213,경인선,부천,30211,29961,60172
20211213,경인선,역곡,25755,25452,51207
20211213,경인선,오류동,11210,10597,21807
20211213,경인선,개봉,19769,19925,39694
20211213,경의선,임진강,10,5,15
20211213,경의선,문산,4513,4473,8986
20211213,경의선,파주,1688,1176,2864
20211213,경의선,월롱,2617,2645,5262
20211213,경의선,금촌,5894,5843,11737
20211213,경인선,인천,2648,1866,4514
20211213,경의선,금릉,4544,4377,8921
20211213,경인선,구일,5736,5948,11684
20211213,경인선,부개,8045,7594,15639
20211213,경원선,광운대,8630,8398,17028
20211213,경춘선,마석,3892,3831,7723
20211213,경춘선,천마산,1538,1442,2980
20211213,경춘선,평내호평,5900,5705,11605
20211213,경춘선,금곡,1458,1368,2826
20211213,경춘선,사릉,3338,3179,6517
20211213,경춘선,퇴계원,3509,3136,6645
20211213,경춘선,별내,3273,3000,6273
20211213,경춘선,갈매,2895,2483,5378
20211213,경춘선,신내,2060,1874,3934
20211213,경인선,도화,4017,3720,7737
20211213,경인선,중동,8866,8418,17284
20211213,경인선,온수,6337,6029,12366
20211213,경인선,도원,2946,2948,5894
20211213,경인선,간석,5461,5207,10668
20211213,경인선,소사,8392,7962,16354
20211213,경의선,운정,6674,6384,13058
20211213,경인선,동인천,12079,11315,23394
20211213,경의선,탄현,7242,6803,14045
20211213,경원선,보산,1438,1333,2771
20211213,경원선,동두천중앙,2852,2736,5588
20211213,경원선,지행,6128,6178,12306
20211213,경원선,덕정,5591,5473,11064
20211213,경원선,덕계,2871,2526,5397
20211213,경원선,양주,7108,6586,13694
20211213,경원선,녹양,4212,3990,8202
20211213,경원선,가능,6252,5996,12248
20211213,경원선,의정부,16590,16704,33294
20211213,경원선,회룡,11378,11114,22492
20211213,경원선,망월사,7092,7380,14472
20211213,경원선,도봉산,6173,3873,10046
20211213,경원선,도봉,5590,5313,10903
20211213,경원선,방학,8927,8752,17679
20211213,경의선,야당,6724,6453,13177
20211213,경원선,동두천,2044,2195,4239
20211213,경원선,소요산,1894,1564,3458
20211213,경원선,녹천,4389,3705,8094
20211213,경의선,신촌,758,941,1699
20211213,경의선,서울역,4066,5038,9104
20211213,경의선,풍산,5192,4803,9995
20211213,경의선,백마,6537,6245,12782
20211213,경의선,곡산,504,553,1057
20211213,경의선,능곡,3660,3324,6984
20211213,경의선,행신,7378,7471,14849
20211213,경의선,강매,3105,2657,5762
20211213,경의선,화전,2204,2014,4218
20211213,경의선,일산,9430,9300,18730
20211213,경의선,디지털미디어시티,2247,2197,4444
20211213,경의선,가좌,4946,4766,9712
20211213,경의선,홍대입구,1492,1647,3139
20211213,경의선,서강대,1998,1882,3880
20211213,경의선,공덕,3281,2883,6164
20211213,경의선,효창공원앞,2810,3184,5994
20211213,경의선,수색,2703,2833,5536
20211214,6호선,월곡,11106,11015,22121
20211214,6호선,고려대,7404,7232,14636
20211214,6호선,안암,10215,10233,20448
20211214,6호선,보문,7181,6632,13813
20211214,6호선,창신,3470,2933,6403
20211214,6호선,삼각지,5720,5287,11007
20211214,6호선,동묘앞,7081,7288,14369
20211214,6호선,약수,3475,3461,6936
20211214,6호선,청구,3680,3965,7645
20211214,6호선,버티고개,1837,1891,3728
20211214,6호선,한강진,7346,8557,15903
20211214,6호선,이태원,8412,8577,16989
20211214,6호선,녹사평,4320,4364,8684
20211214,6호선,상월곡,6001,5377,11378
20211214,6호선,신당,8508,8853,17361
20211214,6호선,돌곶이,9173,8487,17660
20211214,7호선,노원,18482,19212,37694
20211214,6호선,태릉입구,5173,5711,10884
20211214,6호선,효창공원앞,6781,6143,12924
20211214,7호선,사가정,15808,15686,31494
20211214,7호선,면목,16294,15997,32291
20211214,7호선,상봉,16300,15166,31466
20211214,7호선,중화,10678,10486,21164
20211214,7호선,태릉입구,8219,7708,15927
20211214,7호선,공릉,12198,12104,24302
20211214,7호선,하계,17262,16214,33476
20211214,7호선,중계,14169,13019,27188
20211214,7호선,마들,12555,11947,24502
20211214,7호선,수락산,12266,11919,24185
20211214,7호선,도봉산,9563,10583,20146
20211214,7호선,장암,2234,825,3059
20211214,6호선,봉화산,8789,8126,16915
20211214,6호선,화랑대,11511,9256,20767
20211214,6호선,석계,11934,12496,24430
20211214,6호선,공덕,17988,17345,35333
20211214,5호선,아차산,13534,13035,26569
20211214,6호선,광흥창,8957,8762,17719
20211214,5호선,마천,6967,6661,13628
20211214,5호선,거여,9119,8780,17899
20211214,5호선,개롱,6308,6572,12880
20211214,5호선,오금,3848,3752,7600
20211214,5호선,방이,6890,7131,14021
20211214,5호선,올림픽공원,4059,3662,7721
20211214,5호선,둔촌동,8317,8281,16598
20211214,5호선,상일동,15240,13956,29196
20211214,5호선,고덕,9396,9377,18773
20211214,5호선,명일,8449,8713,17162
20211214,5호선,굽은다리,9156,8621,17777
20211214,5호선,길동,7795,8080,15875
20211214,5호선,강동,18085,17460,35545
20211214,5호선,천호,16685,16792,33477
20211214,5호선,광나루,12794,11634,24428
20211214,5호선,강일,4076,4008,8084
20211214,6호선,대흥,7585,7764,15349
20211214,5호선,미사,15483,15270,30753
20211214,5호선,하남시청,6151,6083,12234
20211214,6호선,상수,8287,9090,17377
20211214,6호선,합정,11704,11803,23507
20211214,6호선,망원,12806,13971,26777
20211214,6호선,마포구청,14265,12938,27203
20211214,6호선,월드컵경기장,3740,3958,7698
20211214,6호선,디지털미디어시티,13657,14804,28461
20211214,6호선,증산,9770,9601,19371
20211214,6호선,새절,12420,11681,24101
20211214,6호선,구산,7451,5614,13065
20211214,6호선,연신내,1,0,1
20211214,6호선,독바위,2656,2854,5510
20211214,6호선,불광,4016,4130,8146
20211214,6호선,역촌,3815,4469,8284
20211214,6호선,응암,17309,17080,34389
20211214,5호선,하남검단산,5092,4893,9985
20211214,5호선,하남풍산,4162,4192,8354
20211214,7호선,용마산,6096,5870,11966
20211214,9호선,신반포,3139,3078,6217
20211214,7호선,군자,14365,11824,26189
20211214,9호선,공항시장,2882,3106,5988
20211214,9호선,김포공항,6389,9665,16054
20211214,9호선,개화,2415,1694,4109
20211214,8호선,모란,5299,3982,9281
20211214,8호선,수진,5026,4680,9706
20211214,8호선,신흥,4133,4373,8506
20211214,8호선,단대오거리,10508,10116,20624
20211214,8호선,남한산성입구,14695,13587,28282
20211214,8호선,산성,5542,5534,11076
20211214,8호선,복정,11300,9847,21147
20211214,8호선,장지,16647,16224,32871
20211214,8호선,문정,22289,23314,45603
20211214,8호선,가락시장,7283,8189,15472
20211214,8호선,송파,7375,7518,14893
20211214,8호선,석촌,7629,8696,16325
20211214,9호선,신방화,6838,6716,13554
20211214,8호선,잠실,13375,15623,28998
20211214,9호선,마곡나루,11396,11352,22748
20211214,9호선,가양,19783,19288,39071
20211214,5호선,군자,10850,11959,22809
20211214,9호선,구반포,1583,1675,3258
20211214,9호선,동작,1805,1418,3223
20211214,9호선,흑석,7494,7848,15342
20211214,9호선,노들,4254,3653,7907
20211214,9호선,노량진,24471,23635,48106
20211214,9호선,샛강,6051,6437,12488
20211214,9호선,여의도,26778,25540,52318
20211214,9호선,국회의사당,16259,16707,32966
20211214,9호선,당산,17514,17717,35231
20211214,9호선,선유도,8683,8343,17026
20211214,9호선,신목동,3938,3479,7417
20211214,9호선,염창,16714,16306,33020
20211214,9호선,등촌,11437,11194,22631
20211214,9호선,증미,7256,7165,14421
20211214,9호선,양천향교,9392,9623,19015
20211214,7호선,중곡,10854,10153,21007
20211214,8호선,몽촌토성,6119,6341,12460
20211214,8호선,천호,14486,16361,30847
20211214,7호선,신대방삼거리,16095,15455,31550
20211214,7호선,장승배기,9241,9291,18532
20211214,7호선,상도,10198,9742,19940
20211214,7호선,숭실대입구,13982,14131,28113
20211214,7호선,남성,10968,10260,21228
20211214,7호선,이수,14872,14716,29588
20211214,7호선,내방,14439,14766,29205
20211214,7호선,고속터미널,14224,12346,26570
20211214,7호선,논현,20020,22141,42161
20211214,7호선,학동,24848,26371,51219
20211214,7호선,강남구청,16674,18341,35015
20211214,7호선,청담,19237,21552,40789
20211214,7호선,뚝섬유원지,6892,6783,13675
20211214,7호선,건대입구,11251,11740,22991
20211214,7호선,어린이대공원,12050,11962,24012
20211214,7호선,보라매,9749,9733,19482
20211214,8호선,강동구청,10522,10956,21478
20211214,7호선,신풍,11475,10990,22465
20211214,7호선,남구로,16046,16868,32914
20211214,8호선,암사,18581,16432,35013
20211214,7호선,부평구청,7499,6728,14227
20211214,7호선,굴포천,9035,9507,18542
20211214,7호선,삼산체육관,5648,5171,10819
20211214,7호선,상동,12699,13119,25818
20211214,7호선,부천시청,12350,12359,24709
20211214,7호선,신중동,14063,14044,28107
20211214,7호선,춘의,10085,9944,20029
20211214,7호선,부천종합운동장,4874,4259,9133
20211214,7호선,까치울,7608,7216,14824
20211214,7호선,온수,10820,9919,20739
20211214,7호선,천왕,11490,10877,22367
20211214,7호선,광명사거리,21572,21324,42896
20211214,7호선,철산,20550,21246,41796
20211214,7호선,가산디지털단지,46757,46317,93074
20211214,7호선,대림,7721,7698,15419
20211214,5호선,장한평,18413,18334,36747
20211214,3호선,신사,29463,31195,60658
20211214,5호선,마장,5445,5211,10656
20211214,2호선,신답,1632,1881,3513
20211214,2호선,용답,2565,2581,5146
20211214,2호선,충정로,9677,10344,20021
20211214,2호선,아현,9907,9535,19442
20211214,2호선,이대,12101,12681,24782
20211214,2호선,신촌,28240,29233,57473
20211214,2호선,신설동,2917,2877,5794
20211214,2호선,홍대입구,47142,49205,96347
20211214,2호선,당산,17620,20689,38309
20211214,2호선,영등포구청,22846,23174,46020
20211214,2호선,문래,21217,21573,42790
20211214,2호선,신도림,44245,43823,88068
20211214,2호선,대림,23290,23822,47112
20211214,2호선,구로디지털단지,59535,59789,119324
20211214,2호선,합정,28061,29486,57547
20211214,2호선,도림천,1366,1476,2842
20211214,2호선,양천구청,6650,7055,13705
20211214,2호선,신정네거리,9918,10222,20140
20211214,3호선,동대입구,7797,8158,15955
20211214,3호선,충무로,1,0,1
20211214,3호선,을지로3가,10539,10660,21199
20211214,3호선,종로3가,9580,10630,20210
20211214,3호선,안국,18576,19179,37755
20211214,3호선,경복궁,18391,18153,36544
20211214,3호선,독립문,6556,6772,13328
20211214,3호선,무악재,3824,3971,7795
20211214,3호선,홍제,16588,15825,32413
20211214,3호선,녹번,15138,13771,28909
20211214,3호선,불광,15428,16446,31874
20211214,3호선,연신내,35149,33169,68318
20211214,3호선,구파발,19827,18630,38457
20211214,3호선,지축,4515,4312,8827
20211214,2호선,용두,2288,2381,4669
20211214,2호선,신대방,25566,24895,50461
20211214,2호선,신림,60055,58487,118542
20211214,2호선,봉천,23131,21310,44441
20211214,2호선,서울대입구,45382,44765,90147
20211214,2호선,왕십리,14980,12666,27646
20211214,2호선,상왕십리,14020,13519,27539
20211214,2호선,신당,13144,13648,26792
20211214,2호선,동대문역사문화공원,10883,12075,22958
20211214,2호선,을지로4가,12964,12525,25489
20211214,2호선,을지로3가,21736,21731,43467
20211214,2호선,을지로입구,38341,38900,77241
20211214,2호선,시청,23115,22078,45193
20211214,1호선,청량리,17945,18089,36034
20211214,1호선,동대문,10153,9497,19650
20211214,1호선,제기동,15504,15763,31267
20211214,1호선,신설동,12670,12494,25164
20211214,1호선,종로5가,21037,20768,41805
20211214,7호선,반포,5627,5400,11027
20211214,9호선,고속터미널,10849,13148,23997
20211214,2호선,한양대,8358,9025,17383
20211214,3호선,약수,12525,12182,24707
20211214,2호선,뚝섬,20591,22272,42863
20211214,2호선,건대입구,30400,32818,63218
20211214,2호선,낙성대,26443,25617,52060
20211214,2호선,사당,34330,37684,72014
20211214,2호선,방배,16955,17690,34645
20211214,2호선,서초,21217,20529,41746
20211214,2호선,교대,32810,37379,70189
20211214,2호선,강남,78104,77810,155914
20211214,2호선,역삼,53135,58514,111649
20211214,2호선,선릉,56242,50363,106605
20211214,2호선,삼성,50293,51159,101452
20211214,2호선,종합운동장,6795,7277,14072
20211214,2호선,잠실새내,19753,19831,39584
20211214,2호선,잠실,63628,63168,126796
20211214,2호선,잠실나루,14181,13828,28009
20211214,2호선,강변,27073,25556,52629
20211214,2호선,구의,23001,22772,45773
20211214,2호선,성수,36071,39102,75173
20211214,3호선,금호,7580,7179,14759
20211214,3호선,옥수,8340,8794,17134
20211214,3호선,압구정,31112,33437,64549
20211214,5호선,오목교,20814,22238,43052
20211214,5호선,목동,16260,17674,33934
20211214,5호선,신정,13675,11125,24800
20211214,5호선,까치산,28107,27023,55130
20211214,5호선,화곡,27523,25636,53159
20211214,5호선,우장산,13915,13839,27754
20211214,5호선,발산,19604,20027,39631
20211214,5호선,마곡,10687,10651,21338
20211214,5호선,송정,6367,5928,12295
20211214,5호선,김포공항,6604,5887,12491
20211214,5호선,개화산,5414,5143,10557
20211214,5호선,방화,6522,6286,12808
20211214,4호선,쌍문,28327,25989,54316
20211214,4호선,창동,24563,25901,50464
20211214,4호선,노원,17664,19901,37565
20211214,5호선,양평,7497,7568,15065
20211214,4호선,상계,18231,16928,35159
20211214,5호선,영등포구청,3859,3957,7816
20211214,5호선,신길,4060,4342,8402
20211214,5호선,왕십리,4509,4863,9372
20211214,5호선,행당,8000,7163,15163
20211214,5호선,신금호,6290,6558,12848
20211214,5호선,청구,3994,3590,7584
20211214,5호선,동대문역사문화공원,3063,3432,6495
20211214,5호선,을지로4가,6042,6173,12215
20211214,5호선,종로3가,10807,10791,21598
20211214,5호선,광화문,29230,30611,59841
20211214,5호선,서대문,19132,19408,38540
20211214,5호선,충정로,4798,4795,9593
20211214,5호선,애오개,6699,6773,13472
20211214,5호선,공덕,13618,14589,28207
20211214,5호선,마포,14415,14909,29324
20211214,5호선,여의나루,7860,9034,16894
20211214,5호선,여의도,28560,29728,58288
20211214,5호선,영등포시장,9565,9840,19405
20211214,5호선,답십리,15889,14477,30366
20211214,4호선,당고개,12344,11000,23344
20211214,4호선,사당,23700,19835,43535
20211214,3호선,오금,6142,5514,11656
20211214,3호선,경찰병원,7213,7335,14548
20211214,3호선,가락시장,8491,8358,16849
20211214,3호선,수서,16202,16316,32518
20211214,3호선,일원,9834,9569,19403
20211214,3호선,대청,9978,9216,19194
20211214,3호선,학여울,1724,1819,3543
20211214,3호선,대치,9895,10105,20000
20211214,3호선,도곡,5228,5382,10610
20211214,3호선,매봉,12533,11955,24488
20211214,3호선,양재,38510,41984,80494
20211214,3호선,남부터미널,27494,28149,55643
20211214,3호선,교대,13703,9138,22841
20211214,3호선,고속터미널,34390,33094,67484
20211214,3호선,잠원,4686,4638,9324
20211214,4호선,수유,32261,32139,64400
20211214,4호선,남태령,1178,1103,2281
20211214,4호선,미아,14663,14092,28755
20211214,4호선,길음,19476,18934,38410
20211214,4호선,총신대입구,17943,19237,37180
20211214,4호선,동작,1293,1406,2699
20211214,4호선,이촌,7235,7899,15134
20211214,4호선,신용산,15896,16569,32465
20211214,4호선,삼각지,4663,5217,9880
20211214,4호선,숙대입구,12478,12200,24678
20211214,4호선,서울역,10643,14504,25147
20211214,4호선,회현,22915,24236,47151
20211214,4호선,명동,17522,18485,36007
20211214,4호선,충무로,25055,26271,51326
20211214,4호선,동대문역사문화공원,13499,12626,26125
20211214,4호선,동대문,18256,18969,37225
20211214,4호선,혜화,29844,30399,60243
20211214,4호선,한성대입구,12550,12509,25059
20211214,4호선,성신여대입구,18552,18138,36690
20211214,4호선,미아사거리,26322,25534,51856
20211214,9호선,사평,3332,3339,6671
20211214,9호선,신논현,30336,30294,60630
20211214,분당선,구룡,2054,1988,4042
20211214,중앙선,덕소,5376,5337,10713
20211214,중앙선,양정,708,622,1330
20211214,중앙선,도농,10339,9287,19626
20211214,중앙선,구리,12809,12941,25750
20211214,중앙선,양원,2052,2018,4070
20211214,중앙선,망우,7259,7242,14501
20211214,중앙선,도심,2322,1821,4143
20211214,중앙선,상봉,5644,5435,11079
20211214,중앙선,회기,22682,22098,44780
20211214,장항선,신창,1353,1307,2660
20211214,장항선,온양온천,3763,3922,7685
20211214,장항선,배방,956,894,1850
20211214,장항선,탕정,343,304,647
20211214,장항선,아산,2901,2529,5430
20211214,중앙선,중랑,5323,5019,10342
20211214,중앙선,팔당,718,743,1461
20211214,중앙선,운길산,583,511,1094
20211214,중앙선,양수,1573,1632,3205
20211214,분당선,도곡,6696,6584,13280
20211214,분당선,한티,13149,14156,27305
20211214,경의선,공덕,3421,3209,6630
20211214,분당선,선릉,13592,20658,34250
20211214,경의선,서강대,1970,2002,3972
20211214,경의선,홍대입구,1507,1762,3269
20211214,중앙선,지평,60,72,132
20211214,중앙선,용문,1412,1329,2741
20211214,경의선,가좌,5135,4927,10062
20211214,중앙선,원덕,318,275,593
20211214,중앙선,양평,2458,2503,4961
20211214,중앙선,오빈,259,259,518
20211214,중앙선,아신,460,438,898
20211214,중앙선,국수,655,622,1277
20211214,중앙선,신원,184,169,353
20211214,장항선,쌍용,2075,1976,4051
20211214,장항선,봉명,1239,1183,2422
20211214,일산선,대화,12474,9900,22374
20211214,일산선,주엽,8633,8677,17310
20211214,우이신설선,삼양,1996,2160,4156
20211214,우이신설선,화계,3262,3069,6331
20211214,우이신설선,가오리,3942,3949,7891
20211214,우이신설선,4.19민주묘지,2678,2599,5277
20211214,우이신설선,솔밭공원,2324,2278,4602
20211214,우이신설선,북한산우이,2413,2124,4537
20211214,안산선,수리산,4248,3506,7754
20211214,안산선,오이도,7778,7476,15254
20211214,안산선,정왕,9201,9466,18667
20211214,안산선,신길온천,1658,1562,3220
20211214,안산선,안산,10937,9817,20754
20211214,안산선,초지,4525,4712,9237
20211214,안산선,고잔,8458,8082,16540
20211214,안산선,중앙,16311,17212,33523
20211214,안산선,한대앞,9197,9159,18356
20211214,우이신설선,삼양사거리,2357,2466,4823
20211214,분당선,개포동,3685,3814,7499
20211214,우이신설선,솔샘,5593,5196,10789
20211214,우이신설선,정릉,4420,4015,8435
20211214,일산선,마두,7321,7499,14820
20211214,일산선,백석,9551,9444,18995
20211214,일산선,대곡,1888,1500,3388
20211214,일산선,화정,16390,16744,33134
20211214,일산선,원당,10805,10249,21054
20211214,과천선,범계,24392,24276,48668
20211214,과천선,평촌,17751,17521,35272
20211214,과천선,인덕원,23497,24536,48033
20211214,과천선,정부과천청사,10626,10443,21069
20211214,과천선,과천,5714,5372,11086
20211214,일산선,삼송,18575,18078,36653
20211214,일산선,원흥,10338,9821,20159
20211214,우이신설선,신설동,2023,2012,4035
20211214,우이신설선,보문,1389,1470,2859
20211214,우이신설선,성신여대입구,3096,3341,6437
20211214,우이신설선,북한산보국문,5579,5417,10996
20211214,분당선,대모산입구,4464,4140,8604
20211214,분당선,수서,13026,13342,26368
20211214,분당선,수원,7435,6428,13863
20211214,경인선,오류동,11390,10781,22171
20211214,경인선,역곡,26472,25942,52414
20211214,경인선,부천,30460,30075,60535
20211214,경인선,송내,25902,26099,52001
20211214,경인선,부평,26200,27856,54056
20211214,경인선,백운,6689,6621,13310
20211214,경인선,동암,13881,13999,27880
20211214,경인선,주안,17428,15815,33243
20211214,경인선,제물포,10720,10338,21058
20211214,경인선,동인천,12807,12044,24851
20211214,경인선,인천,2879,2177,5056
20211214,경인선,구일,6154,6222,12376
20211214,경인선,소사,8354,8169,16523
20211214,경인선,부개,8274,7770,16044
20211214,경인선,간석,5628,5429,11057
20211214,경인선,개봉,20477,20538,41015
20211214,경인선,도원,2830,2883,5713
20211214,경의선,임진강,3,12,15
20211214,경의선,파주,1601,1154,2755
20211214,9호선2~3단계,언주,10519,10756,21275
20211214,경의선,화전,2819,2508,5327
20211214,경의선,강매,3192,2702,5894
20211214,경의선,행신,7673,7742,15415
20211214,경의선,능곡,3724,3518,7242
20211214,경의선,곡산,548,574,1122
20211214,경의선,백마,6753,6536,13289
20211214,경의선,풍산,5350,4913,10263
20211214,경의선,일산,9011,8938,17949
20211214,경의선,탄현,7648,7225,14873
20211214,경의선,야당,6897,6704,13601
20211214,경의선,운정,6843,6507,13350
20211214,경의선,금릉,4660,4546,9206
20211214,경의선,금촌,6124,5974,12098
20211214,경의선,월롱,2815,2630,5445
20211214,경의선,문산,4995,4932,9927
20211214,안산선,상록수,15077,15338,30415
20211214,경인선,온수,6469,6338,12807
20211214,경인선,도화,4025,3752,7777
20211214,공항철도 1호선,서울역,6721,6130,12851
20211214,공항철도 1호선,공덕,2118,2808,4926
20211214,공항철도 1호선,홍대입구,8236,8374,16610
20211214,공항철도 1호선,디지털미디어시티,13796,12745,26541
20211214,공항철도 1호선,마곡나루,8504,8197,16701
20211214,공항철도 1호선,김포공항,10600,5871,16471
20211214,공항철도 1호선,계양,9851,9343,19194
20211214,공항철도 1호선,검암,6579,6497,13076
20211214,공항철도 1호선,청라국제도시,6593,6170,12763
20211214,분당선,가천대,7828,8775,16603
20211214,공항철도 1호선,운서,6064,6111,12175
20211214,분당선,선정릉,8144,8639,16783
20211214,분당선,강남구청,10435,11906,22341
20211214,분당선,압구정로데오,17412,19479,36891
20211214,분당선,서울숲,9703,9972,19675
20211214,경춘선,춘천,1312,1166,2478
20211214,경인선,중동,8878,8444,17322
20211214,경춘선,남춘천,2157,2239,4396
20211214,경춘선,강촌,528,492,1020
20211214,경춘선,신내,2047,1984,4031
20211214,경춘선,갈매,3057,2695,5752
20211214,경춘선,별내,3301,3030,6331
20211214,경춘선,퇴계원,3516,3195,6711
20211214,경춘선,사릉,3387,3133,6520
20211214,경춘선,금곡,1481,1427,2908
20211214,경춘선,평내호평,5847,5760,11607
20211214,경춘선,천마산,1584,1485,3069
20211214,경춘선,마석,3675,3578,7253
20211214,경춘선,대성리,391,322,713
20211214,경춘선,청평,1318,1289,2607
20211214,경춘선,상천,180,177,357
20211214,경춘선,가평,1316,1275,2591
20211214,경춘선,굴봉산,90,106,196
20211214,경춘선,백양리,177,174,351
20211214,경춘선,김유정,458,476,934
20211214,안산선,반월,4083,3931,8014
20211214,일산선,정발산,6798,6687,13485
20211214,안산선,산본,15106,16127,31233
20211214,경부선,평택지제,3195,3021,6216
20211214,경부선,서정리,6422,5993,12415
20211214,경부선,송탄,3826,3769,7595
20211214,경부선,진위,1558,1344,2902
20211214,경부선,오산,9017,8966,17983
20211214,경부선,오산대,3209,2933,6142
20211214,경부선,세마,2643,2498,5141
20211214,경부선,병점,13533,13696,27229
20211214,경부선,세류,2877,2571,5448
20211214,경부선,독산,18732,19268,38000
20211214,경부선,수원,30524,31728,62252
20211214,경부선,화서,7559,7251,14810
20211214,경부선,성균관대,14266,14042,28308
20211214,경부선,의왕,9059,8994,18053
20211214,안산선,대야미,4803,4270,9073
20211214,경부선,평택,10535,10473,21008
20211214,경부선,금정,25872,26346,52218
20211214,경부선,성환,3558,3563,7121
20211214,경부선,두정,4837,4929,9766
20211214,경원선,광운대,8793,8578,17371
20211214,경원선,석계,7654,8665,16319
20211214,경원선,신이문,8027,7543,15570
20211214,경원선,외대앞,6485,6513,12998
20211214,경원선,청량리,13210,13616,26826
20211214,경원선,왕십리,12788,14288,27076
20211214,경원선,응봉,1827,1560,3387
20211214,경원선,옥수,57,27,84
20211214,경원선,한남,4026,3790,7816
20211214,경원선,서빙고,1919,1798,3717
20211214,경원선,이촌,3419,2769,6188
20211214,경부선,광명,3029,2696,5725
20211214,경부선,서동탄,1413,1155,2568
20211214,경부선,당정,5938,5739,11677
20211214,경부선,천안,4631,4725,9356
20211214,경부선,직산,705,695,1400
20211214,경부선,명학,9155,9080,18235
20211214,경부선,안양,23749,23349,47098
20211214,경부선,관악,6971,6461,13432
20211214,경강선,삼동,2375,2172,4547
20211214,경강선,이매,1124,932,2056
20211214,경강선,판교,4596,4567,9163
20211214,9호선2~3단계,중앙보훈병원,10515,9350,19865
20211214,9호선2~3단계,둔촌오륜,1213,1133,2346
20211214,9호선2~3단계,올림픽공원,5631,5535,11166
20211214,9호선2~3단계,한성백제,2484,2214,4698
20211214,9호선2~3단계,송파나루,4774,5076,9850
20211214,9호선2~3단계,석촌,8037,7073,15110
20211214,9호선2~3단계,석촌고분,5957,6019,11976
20211214,9호선2~3단계,삼전,6791,6654,13445
20211214,9호선2~3단계,종합운동장,3878,3867,7745
20211214,9호선2~3단계,봉은사,14993,15315,30308
20211214,9호선2~3단계,삼성중앙,6791,7131,13922
20211214,9호선2~3단계,선정릉,9665,10589,20254
20211214,경강선,경기광주,7331,6888,14219
20211214,경강선,초월,2980,2833,5813
20211214,경강선,곤지암,2238,2115,4353
20211214,경강선,신둔도예촌,1367,1284,2651
20211214,경부선,석수,9573,8370,17943
20211214,경부선,금천구청,11775,11744,23519
20211214,경부선,가산디지털단지,18127,20951,39078
20211214,경부선,구로,18384,18546,36930
20211214,경부선,신길,8751,7504,16255
20211214,경부선,신도림,3920,3875,7795
20211214,경부선,영등포,33296,34401,67697
20211214,경원선,월계,7062,6584,13646
20211214,경부선,대방,12498,13054,25552
20211214,경부선,용산,29797,30440,60237
20211214,경부선,남영,9130,9420,18550
20211214,경부선,서울역,5119,1727,6846
20211214,경강선,여주,1892,1886,3778
20211214,경강선,세종대왕릉,298,280,578
20211214,경강선,부발,1900,1885,3785
20211214,경강선,이천,2397,2490,4887
20211214,경부선,노량진,7456,7666,15122
20211214,경원선,녹천,4500,3795,8295
20211214,경부선,군포,7571,7611,15182
20211214,과천선,대공원,2192,2288,4480
20211214,분당선,수원시청,12072,12902,24974
20211214,분당선,매탄권선,4904,4746,9650
20211214,분당선,망포,13926,13220,27146
20211214,분당선,영통,7935,7935,15870
20211214,분당선,청명,4214,4066,8280
20211214,분당선,상갈,5125,4889,10014
20211214,수인선,고색,4448,4153,8601
20211214,분당선,기흥,9273,8798,18071
20211214,분당선,구성,5004,5337,10341
20211214,분당선,죽전,12536,13869,26405
20211214,분당선,보정,2480,2147,4627
20211214,분당선,이매,5535,5173,10708
20211214,분당선,오리,11563,9488,21051
20211214,분당선,미금,15102,16155,31257
20211214,분당선,신갈,4578,4483,9061
20211214,수인선,오목천,3322,3056,6378
20211214,수인선,어천,678,716,1394
20211214,수인선,야목,320,209,529
20211214,경원선,방학,9188,8989,18177
20211214,수인선,인천,910,1455,2365
20211214,수인선,신포,1723,1719,3442
20211214,수인선,숭의,3876,3595,7471
20211214,수인선,인하대,5484,5197,10681
20211214,수인선,송도,2367,2154,4521
20211214,수인선,연수,4222,4204,8426
20211214,수인선,원인재,4141,4411,8552
20211214,수인선,남동인더스파크,2273,2595,4868
20211214,수인선,호구포,3851,4014,7865
20211214,수인선,인천논현,5164,5487,10651
20211214,수인선,소래포구,4685,4374,9059
20211214,수인선,월곶,2357,2183,4540
20211214,수인선,달월,94,52,146
20211214,수인선,사리,4307,3822,8129
20211214,분당선,정자,16940,18175,35115
20211214,분당선,수내,12847,12814,25661
20211214,분당선,매교,3018,3026,6044
20211214,분당선,야탑,24915,25950,50865
20211214,경의선,서울역,4137,5287,9424
20211214,경원선,소요산,2158,1861,4019
20211214,경원선,동두천,2071,2237,4308
20211214,경원선,보산,1395,1276,2671
20211214,경원선,동두천중앙,3006,2977,5983
20211214,경원선,지행,6316,6269,12585
20211214,경원선,덕정,5857,5567,11424
20211214,경의선,신촌,789,1019,1808
20211214,경원선,덕계,2968,2683,5651
20211214,경원선,녹양,4449,4169,8618
20211214,경원선,가능,6407,6176,12583
20211214,경원선,의정부,16727,17049,33776
20211214,경원선,회룡,11864,11730,23594
20211214,경원선,망월사,7464,7627,15091
20211214,분당선,서현,23790,24271,48061
20211214,경원선,도봉,5756,5632,11388
20211214,경원선,양주,7366,6902,14268
20211214,경의선,효창공원앞,2831,3277,6108
20211214,경원선,도봉산,6518,4333,10851
20211214,과천선,선바위,8087,7163,15250
20211214,분당선,모란,23279,23843,47122
20211214,분당선,태평,13415,12935,26350
20211214,경의선,디지털미디어시티,2395,2254,4649
20211214,과천선,경마공원,1307,1272,2579
20211214,공항철도 1호선,공항화물청사,2329,2540,4869
20211214,공항철도 1호선,영종,2612,2573,5185
20211214,공항철도 1호선,인천공항2터미널,2001,2033,4034
20211214,7호선,먹골,9896,9662,19558
20211214,경의선,수색,2767,2908,5675
20211214,공항철도 1호선,인천공항1터미널,3416,3656,7072
20211214,1호선,서울역,40101,38003,78104
20211214,1호선,동묘앞,6770,6921,13691
20211214,1호선,시청,21792,21846,43638
20211214,1호선,종각,32626,32280,64906
20211214,1호선,종로3가,22239,20894,43133
20211215,경의선,수색,2741,2878,5619
20211215,경의선,디지털미디어시티,2476,2251,4727
20211215,경의선,야당,7201,7127,14328
20211215,경의선,홍대입구,1652,1974,3626
20211215,경의선,서강대,2129,1986,4115
20211215,경의선,가좌,5239,4998,10237
20211215,경의선,화전,2469,2191,4660
20211215,경의선,탄현,7555,7131,14686
20211215,경의선,행신,7727,7924,15651
20211215,경의선,능곡,3799,3474,7273
20211215,경의선,곡산,618,625,1243
20211215,경의선,백마,6803,6487,13290
20211215,경의선,풍산,5470,5023,10493
20211215,경의선,일산,9184,9015,18199
20211215,경의선,공덕,3413,3131,6544
20211215,경의선,강매,3211,2772,5983
20211215,경의선,효창공원앞,2911,3350,6261
20211215,경원선,덕계,3021,2710,5731
20211215,경의선,서울역,4153,5203,9356
20211215,경원선,방학,9354,9176,18530
20211215,경원선,도봉,5889,5692,11581
20211215,경원선,도봉산,6248,4219,10467
20211215,경원선,망월사,7350,7501,14851
20211215,경원선,회룡,11985,11825,23810
20211215,경원선,의정부,17832,18201,36033
20211215,경원선,가능,6360,6098,12458
20211215,경원선,녹양,4437,4145,8582
20211215,경원선,양주,7410,7031,14441
20211215,경원선,덕정,5562,5330,10892
20211215,경원선,지행,6469,6447,12916
20211215,경원선,동두천중앙,3159,3109,6268
20211215,경원선,보산,1410,1277,2687
20211215,경원선,동두천,2134,2251,4385
20211215,경원선,소요산,1922,1596,3518
20211215,경의선,신촌,775,1030,1805
20211215,경의선,운정,6896,6501,13397
20211215,경춘선,대성리,346,317,663
20211215,경의선,금촌,6274,6298,12572
20211215,경인선,간석,5699,5383,11082
20211215,경인선,도원,2923,2962,5885
20211215,경인선,온수,6718,6333,13051
20211215,경인선,중동,9144,8617,17761
20211215,경인선,도화,4127,3850,7977
20211215,경춘선,신내,2066,1967,4033
20211215,경춘선,갈매,3028,2695,5723
20211215,경춘선,별내,3320,3068,6388
20211215,경춘선,퇴계원,3532,3225,6757
20211215,경춘선,사릉,3369,3264,6633
20211215,경춘선,금곡,1414,1373,2787
20211215,경춘선,평내호평,5988,5808,11796
20211215,경춘선,천마산,1576,1493,3069
20211215,경춘선,마석,3696,3482,7178
20211215,경원선,녹천,4472,3759,8231
20211215,경인선,부개,8480,7926,16406
20211215,경의선,금릉,4835,4706,9541
20211215,경인선,소사,8536,8363,16899
20211215,경인선,인천,3042,2272,5314
20211215,경의선,월롱,2836,2642,5478
20211215,경의선,파주,1567,1088,2655
20211215,경의선,문산,4794,4796,9590
20211215,경의선,임진강,7,12,19
20211215,경인선,개봉,20574,20439,41013
20211215,경인선,오류동,11703,10772,22475
20211215,경인선,역곡,26616,26224,52840
20211215,경인선,부천,31323,31493,62816
20211215,경인선,송내,26398,26017,52415
20211215,경인선,부평,27389,29503,56892
20211215,경인선,백운,6799,6574,13373
20211215,경인선,동암,14208,14293,28501
20211215,경인선,주안,18303,16484,34787
20211215,경인선,제물포,10890,10279,21169
20211215,경인선,동인천,13340,12660,26000
20211215,경인선,구일,7207,7157,14364
20211215,경원선,월계,6731,6273,13004
20211215,9호선2~3단계,언주,10481,10802,21283
20211215,경원선,석계,7661,8745,16406
20211215,경강선,신둔도예촌,1382,1298,2680
20211215,경강선,이천,2420,2481,4901
20211215,경강선,부발,1866,1778,3644
20211215,경강선,세종대왕릉,277,269,546
20211215,경강선,여주,2040,1982,4022
20211215,경부선,서울역,4953,1714,6667
20211215,경부선,남영,9194,9538,18732
20211215,경부선,용산,32480,33279,65759
20211215,경부선,노량진,7915,8009,15924
20211215,경부선,대방,12679,13001,25680
20211215,경부선,영등포,35366,37033,72399
20211215,경부선,신도림,4081,3995,8076
20211215,경부선,신길,8851,7396,16247
20211215,경부선,구로,19020,19586,38606
20211215,경부선,가산디지털단지,18346,21262,39608
20211215,경강선,곤지암,2115,2036,4151
20211215,경부선,금천구청,11699,11566,23265
20211215,경강선,초월,2991,2852,5843
20211215,경강선,삼동,2371,2147,4518
20211215,1호선,종각,32320,32048,64368
20211215,9호선2~3단계,선정릉,9568,10597,20165
20211215,9호선2~3단계,삼성중앙,6754,7236,13990
20211215,9호선2~3단계,봉은사,15998,16530,32528
20211215,9호선2~3단계,종합운동장,3825,3843,7668
20211215,9호선2~3단계,삼전,6827,6502,13329
20211215,9호선2~3단계,석촌고분,6009,5907,11916
20211215,9호선2~3단계,석촌,8091,7090,15181
20211215,9호선2~3단계,송파나루,4689,5072,9761
20211215,9호선2~3단계,한성백제,2547,2291,4838
20211215,9호선2~3단계,올림픽공원,5654,5437,11091
20211215,9호선2~3단계,둔촌오륜,1178,1069,2247
20211215,9호선2~3단계,중앙보훈병원,10378,9073,19451
20211215,경강선,판교,4639,4618,9257
20211215,경강선,이매,1091,907,1998
20211215,경강선,경기광주,7251,6893,14144
20211215,경원선,광운대,7865,7575,15440
20211215,경부선,석수,9707,8345,18052
20211215,경부선,안양,24616,24284,48900
20211215,경부선,직산,727,726,1453
20211215,경부선,두정,5177,5245,10422
20211215,경부선,천안,4459,4669,9128
20211215,경부선,당정,6076,5740,11816
20211215,경부선,서동탄,1383,1177,2560
20211215,경부선,광명,3000,2658,5658
20211215,경원선,이촌,3586,2716,6302
20211215,경원선,서빙고,1995,1810,3805
20211215,경원선,한남,3989,3801,7790
20211215,경원선,옥수,58,36,94
20211215,경원선,응봉,1830,1508,3338
20211215,경원선,왕십리,13958,15434,29392
20211215,경원선,청량리,13536,14270,27806
20211215,경원선,외대앞,6989,6860,13849
20211215,경원선,신이문,8253,7468,15721
20211215,경부선,성환,3569,3613,7182
20211215,경부선,관악,7035,6404,13439
20211215,경부선,평택,10860,10738,21598
20211215,경부선,서정리,6463,5958,12421
20211215,경부선,명학,9084,9011,18095
20211215,경부선,금정,26063,26444,52507
20211215,경부선,군포,7761,7713,15474
20211215,경부선,의왕,9117,9115,18232
20211215,경부선,성균관대,14416,13847,28263
20211215,경부선,화서,7726,7419,15145
20211215,경부선,수원,31899,33452,65351
20211215,경부선,독산,18414,19271,37685
20211215,경부선,세류,2929,2648,5577
20211215,경부선,병점,13474,13538,27012
20211215,경부선,세마,2628,2497,5125
20211215,경부선,오산대,3099,2873,5972
20211215,경부선,오산,8976,8780,17756
20211215,경부선,진위,1527,1334,2861
20211215,경부선,송탄,4072,3842,7914
20211215,경부선,평택지제,3116,3040,6156
20211215,경춘선,상천,193,173,366
20211215,1호선,동묘앞,6666,6839,13505
20211215,경춘선,굴봉산,108,116,224
20211215,우이신설선,4.19민주묘지,2698,2603,5301
20211215,우이신설선,가오리,4031,3885,7916
20211215,우이신설선,화계,3349,3021,6370
20211215,우이신설선,삼양,1992,2100,4092
20211215,우이신설선,삼양사거리,2332,2360,4692
20211215,우이신설선,솔샘,5716,5299,11015
20211215,우이신설선,북한산보국문,5732,5520,11252
20211215,우이신설선,정릉,4438,4050,8488
20211215,우이신설선,성신여대입구,3127,3557,6684
20211215,우이신설선,보문,1452,1444,2896
20211215,우이신설선,신설동,1996,1935,3931
20211215,일산선,원흥,10395,9786,20181
20211215,일산선,지축,1,0,1
20211215,일산선,삼송,19003,18381,37384
20211215,일산선,원당,11089,10389,21478
20211215,우이신설선,솔밭공원,2381,2335,4716
20211215,일산선,화정,16698,17085,33783
20211215,우이신설선,북한산우이,2315,2063,4378
20211215,안산선,오이도,7922,7765,15687
20211215,수인선,인하대,5693,5400,11093
20211215,수인선,숭의,3780,3682,7462
20211215,수인선,신포,1776,1728,3504
20211215,수인선,인천,888,1436,2324
20211215,안산선,산본,15460,16507,31967
20211215,안산선,대야미,4927,4362,9289
20211215,안산선,반월,4233,4056,8289
20211215,안산선,상록수,15155,15370,30525
20211215,안산선,한대앞,9392,9562,18954
20211215,안산선,중앙,17517,18196,35713
20211215,안산선,고잔,8673,8184,16857
20211215,안산선,초지,4588,4824,9412
20211215,안산선,안산,11281,10068,21349
20211215,안산선,신길온천,1706,1569,3275
20211215,안산선,정왕,9030,9372,18402
20211215,안산선,수리산,4197,3381,7578
20211215,수인선,송도,2452,2188,4640
20211215,일산선,대곡,1899,1539,3438
20211215,일산선,마두,7398,7739,15137
20211215,중앙선,도심,2332,1798,4130
20211215,중앙선,팔당,805,796,1601
20211215,중앙선,운길산,570,515,1085
20211215,중앙선,양수,1566,1598,3164
20211215,중앙선,신원,154,177,331
20211215,중앙선,국수,659,625,1284
20211215,중앙선,아신,455,466,921
20211215,중앙선,오빈,277,278,555
20211215,중앙선,양평,2477,2484,4961
20211215,중앙선,원덕,269,286,555
20211215,중앙선,용문,2109,2107,4216
20211215,중앙선,지평,74,79,153
20211215,5호선,신길,4030,4280,8310
20211215,1호선,서울역,39927,37858,77785
20211215,1호선,시청,21716,21844,43560
20211215,중앙선,덕소,5374,5376,10750
20211215,일산선,백석,9873,9950,19823
20211215,중앙선,양정,659,591,1250
20211215,중앙선,구리,13318,13348,26666
20211215,일산선,정발산,6971,7168,14139
20211215,일산선,주엽,8641,8482,17123
20211215,일산선,대화,12591,9702,22293
20211215,장항선,봉명,1183,1128,2311
20211215,장항선,쌍용,1936,1798,3734
20211215,장항선,아산,2925,2657,5582
20211215,장항선,탕정,352,280,632
20211215,장항선,배방,881,840,1721
20211215,장항선,온양온천,2953,3040,5993
20211215,장항선,신창,1544,1405,2949
20211215,중앙선,회기,23656,22966,46622
20211215,중앙선,중랑,5453,5186,10639
20211215,중앙선,상봉,5688,5571,11259
20211215,중앙선,망우,7311,7361,14672
20211215,중앙선,양원,2017,1945,3962
20211215,중앙선,도농,10345,9281,19626
20211215,경춘선,가평,1306,1378,2684
20211215,수인선,연수,4317,4340,8657
20211215,수인선,남동인더스파크,2327,2597,4924
20211215,과천선,선바위,8226,7108,15334
20211215,과천선,경마공원,1567,1522,3089
20211215,과천선,대공원,1903,2014,3917
20211215,과천선,과천,5836,5310,11146
20211215,과천선,정부과천청사,10605,10484,21089
20211215,과천선,인덕원,23742,24605,48347
20211215,과천선,평촌,17849,17623,35472
20211215,과천선,범계,25465,25337,50802
20211215,분당선,선릉,13403,20317,33720
20211215,분당선,한티,13084,14006,27090
20211215,분당선,도곡,6662,6600,13262
20211215,분당선,구룡,2044,1972,4016
20211215,분당선,개포동,3709,3830,7539
20211215,분당선,대모산입구,4370,3998,8368
20211215,분당선,수서,13075,13204,26279
20211215,공항철도 1호선,영종,2766,2777,5543
20211215,분당선,복정,2,0,2
20211215,공항철도 1호선,인천공항2터미널,2090,2092,4182
20211215,공항철도 1호선,공항화물청사,2294,2481,4775
20211215,경춘선,백양리,201,176,377
20211215,경춘선,강촌,472,453,925
20211215,경춘선,김유정,244,254,498
20211215,경춘선,남춘천,2107,2041,4148
20211215,경춘선,춘천,1090,1001,2091
20211215,공항철도 1호선,서울역,6960,6252,13212
20211215,공항철도 1호선,공덕,2122,2791,4913
20211215,공항철도 1호선,홍대입구,8804,8928,17732
20211215,공항철도 1호선,디지털미디어시티,13792,12590,26382
20211215,공항철도 1호선,마곡나루,8468,8185,16653
20211215,공항철도 1호선,김포공항,10761,6206,16967
20211215,공항철도 1호선,계양,9889,9325,19214
20211215,공항철도 1호선,검암,6669,6512,13181
20211215,공항철도 1호선,청라국제도시,6614,6182,12796
20211215,공항철도 1호선,운서,6339,6201,12540
20211215,공항철도 1호선,인천공항1터미널,3535,3943,7478
20211215,수인선,원인재,4376,4507,8883
20211215,분당선,수원,7729,6748,14477
20211215,분당선,압구정로데오,17782,20199,37981
20211215,분당선,영통,8130,8431,16561
20211215,분당선,망포,14155,13422,27577
20211215,분당선,매탄권선,4979,4749,9728
20211215,분당선,수원시청,12417,13403,25820
20211215,분당선,매교,2975,3003,5978
20211215,수인선,고색,4478,4236,8714
20211215,수인선,오목천,3216,2878,6094
20211215,수인선,어천,701,662,1363
20211215,수인선,야목,290,211,501
20211215,수인선,사리,4531,4026,8557
20211215,수인선,달월,92,65,157
20211215,수인선,월곶,2578,2397,4975
20211215,수인선,소래포구,4655,4409,9064
20211215,수인선,인천논현,5385,5758,11143
20211215,수인선,호구포,4051,4156,8207
20211215,분당선,청명,4314,4041,8355
20211215,분당선,서울숲,10312,10512,20824
20211215,분당선,상갈,5215,4895,10110
20211215,분당선,신갈,4653,4446,9099
20211215,분당선,강남구청,10045,11704,21749
20211215,분당선,선정릉,8108,8730,16838
20211215,분당선,가천대,7468,8288,15756
20211215,분당선,태평,13215,12532,25747
20211215,분당선,모란,19023,19204,38227
20211215,분당선,야탑,24982,26241,51223
20211215,분당선,서현,23958,24538,48496
20211215,분당선,수내,12937,12791,25728
20211215,분당선,정자,17034,18189,35223
20211215,분당선,미금,15120,16210,31330
20211215,분당선,오리,11599,9732,21331
20211215,분당선,이매,5353,4960,10313
20211215,분당선,보정,2488,2138,4626
20211215,분당선,죽전,12911,14181,27092
20211215,분당선,구성,4939,5150,10089
20211215,분당선,기흥,9472,8915,18387
20211215,9호선,신논현,30396,30828,61224
20211215,1호선,종로3가,22953,21315,44268
20211215,9호선,고속터미널,11350,13928,25278
20211215,4호선,한성대입구,12798,12528,25326
20211215,4호선,혜화,31078,31632,62710
20211215,4호선,동대문,18164,18936,37100
20211215,4호선,동대문역사문화공원,14582,13499,28081
20211215,4호선,충무로,25562,26838,52400
20211215,4호선,명동,19731,20901,40632
20211215,4호선,회현,22496,24459,46955
20211215,4호선,서울역,10445,14796,25241
20211215,4호선,숙대입구,12529,12242,24771
20211215,4호선,삼각지,4778,5276,10054
20211215,4호선,신용산,16385,17607,33992
20211215,4호선,이촌,6992,7745,14737
20211215,4호선,동작,1275,1455,2730
20211215,4호선,총신대입구,18081,19605,37686
20211215,4호선,사당,23592,19968,43560
20211215,4호선,성신여대입구,19307,18393,37700
20211215,4호선,남태령,1182,1070,2252
20211215,4호선,길음,19861,19108,38969
20211215,4호선,미아,14631,14033,28664
20211215,3호선,고속터미널,34655,33575,68230
20211215,3호선,교대,13842,9017,22859
20211215,3호선,남부터미널,27214,27803,55017
20211215,3호선,양재,38325,41579,79904
20211215,3호선,매봉,12473,12124,24597
20211215,3호선,도곡,5159,5209,10368
20211215,3호선,대치,9876,9794,19670
20211215,3호선,학여울,1772,1907,3679
20211215,3호선,대청,10208,9227,19435
20211215,3호선,일원,9600,9239,18839
20211215,3호선,수서,16110,16301,32411
20211215,3호선,가락시장,8650,8431,17081
20211215,3호선,경찰병원,7282,7421,14703
20211215,3호선,오금,6201,5465,11666
20211215,4호선,수유,32936,32841,65777
20211215,4호선,미아사거리,26885,25782,52667
20211215,3호선,신사,28673,30800,59473
20211215,4호선,당고개,12438,11116,23554
20211215,4호선,노원,17914,20547,38461
20211215,5호선,마포,14174,14680,28854
20211215,5호선,공덕,13733,14708,28441
20211215,5호선,애오개,6782,6677,13459
20211215,5호선,충정로,4907,5071,9978
20211215,5호선,서대문,18510,19288,37798
20211215,5호선,광화문,29714,31704,61418
20211215,5호선,종로3가,11145,11345,22490
20211215,5호선,을지로4가,6081,6138,12219
20211215,5호선,동대문역사문화공원,2955,3461,6416
20211215,5호선,청구,4026,3555,7581
20211215,5호선,신금호,6369,6517,12886
20211215,5호선,행당,8119,7065,15184
20211215,5호선,왕십리,4640,5482,10122
20211215,5호선,마장,5561,5160,10721
20211215,5호선,답십리,15861,14266,30127
20211215,5호선,여의나루,8401,9299,17700
20211215,4호선,상계,18494,16776,35270
20211215,5호선,여의도,28200,30033,58233
20211215,5호선,영등포구청,3846,3919,7765
20211215,4호선,창동,24614,25771,50385
20211215,4호선,쌍문,28799,26361,55160
20211215,5호선,방화,6616,6395,13011
20211215,5호선,개화산,5506,5115,10621
20211215,5호선,김포공항,7064,6553,13617
20211215,5호선,송정,6406,5949,12355
20211215,5호선,마곡,10662,10543,21205
20211215,5호선,발산,19852,20746,40598
20211215,5호선,우장산,13842,13647,27489
20211215,5호선,화곡,27926,25898,53824
20211215,5호선,까치산,28532,27086,55618
20211215,5호선,신정,13744,10897,24641
20211215,5호선,목동,16156,17644,33800
20211215,5호선,오목교,21431,23279,44710
20211215,5호선,양평,7521,7416,14937
20211215,5호선,영등포시장,9679,9931,19610
20211215,5호선,장한평,18782,18601,37383
20211215,3호선,압구정,31177,33465,64642
20211215,3호선,금호,7762,7217,14979
20211215,2호선,구의,23223,22539,45762
20211215,2호선,강변,28418,26948,55366
20211215,2호선,잠실나루,14170,13605,27775
20211215,2호선,잠실,67113,67431,134544
20211215,2호선,잠실새내,19996,19805,39801
20211215,2호선,종합운동장,7067,7432,14499
20211215,2호선,삼성,51970,53207,105177
20211215,2호선,선릉,55571,49822,105393
20211215,2호선,역삼,51190,57709,108899
20211215,2호선,강남,79022,78962,157984
20211215,2호선,교대,32965,37576,70541
20211215,2호선,서초,20939,20456,41395
20211215,2호선,방배,16994,17869,34863
20211215,2호선,사당,34995,38410,73405
20211215,2호선,낙성대,26540,25406,51946
20211215,2호선,건대입구,31883,34954,66837
20211215,2호선,서울대입구,45793,45300,91093
20211215,2호선,성수,36137,39798,75935
20211215,2호선,한양대,9493,10424,19917
20211215,9호선,사평,3542,3364,6906
20211215,경춘선,청평,1362,1303,2665
20211215,1호선,종로5가,20193,20192,40385
20211215,1호선,동대문,10196,9405,19601
20211215,1호선,신설동,13028,12751,25779
20211215,1호선,제기동,15159,15310,30469
20211215,1호선,청량리,18143,18192,36335
20211215,2호선,시청,23120,22359,45479
20211215,2호선,을지로입구,39237,40267,79504
20211215,2호선,을지로3가,21776,21946,43722
20211215,2호선,을지로4가,12612,12471,25083
20211215,2호선,동대문역사문화공원,11378,13053,24431
20211215,2호선,신당,13436,13971,27407
20211215,2호선,상왕십리,13967,13533,27500
20211215,2호선,왕십리,16015,13388,29403
20211215,2호선,뚝섬,21265,22869,44134
20211215,3호선,옥수,8552,8866,17418
20211215,2호선,봉천,23294,21154,44448
20211215,2호선,신대방,25667,24691,50358
20211215,3호선,지축,4353,4242,8595
20211215,3호선,구파발,20091,19394,39485
20211215,3호선,연신내,35581,33231,68812
20211215,3호선,불광,15744,17010,32754
20211215,3호선,녹번,15676,14028,29704
20211215,3호선,홍제,16894,15679,32573
20211215,3호선,무악재,3892,3858,7750
20211215,3호선,독립문,6614,6825,13439
20211215,3호선,경복궁,18780,18516,37296
20211215,3호선,안국,18725,19593,38318
20211215,3호선,종로3가,9811,11141,20952
20211215,3호선,을지로3가,10137,10652,20789
20211215,3호선,충무로,1,0,1
20211215,3호선,동대입구,8264,8728,16992
20211215,3호선,약수,12603,12345,24948
20211215,2호선,용두,2381,2433,4814
20211215,2호선,신림,61971,59660,121631
20211215,2호선,신정네거리,10001,10290,20291
20211215,2호선,도림천,1335,1385,2720
20211215,2호선,구로디지털단지,59600,59955,119555
20211215,2호선,대림,23560,23960,47520
20211215,2호선,신도림,46370,46201,92571
20211215,2호선,문래,21148,21691,42839
20211215,2호선,영등포구청,22909,23292,46201
20211215,2호선,당산,18042,21065,39107
20211215,2호선,합정,29232,31244,60476
20211215,2호선,홍대입구,49565,52210,101775
20211215,2호선,신촌,29049,30129,59178
20211215,2호선,이대,12303,13097,25400
20211215,2호선,아현,10044,9527,19571
20211215,2호선,충정로,10102,10608,20710
20211215,2호선,용답,2709,2715,5424
20211215,2호선,신답,1652,1876,3528
20211215,2호선,신설동,2909,3013,5922
20211215,2호선,양천구청,6603,6957,13560
20211215,5호선,군자,11097,12164,23261
20211215,3호선,잠원,4638,4490,9128
20211215,5호선,광나루,12797,11439,24236
20211215,7호선,가산디지털단지,45946,46401,92347
20211215,7호선,철산,20757,21313,42070
20211215,7호선,광명사거리,22266,21671,43937
20211215,7호선,천왕,11621,10967,22588
20211215,7호선,온수,10751,10075,20826
20211215,7호선,까치울,7780,7193,14973
20211215,7호선,부천종합운동장,5044,4416,9460
20211215,7호선,춘의,10137,9961,20098
20211215,7호선,신중동,14034,14033,28067
20211215,7호선,부천시청,12857,12868,25725
20211215,7호선,상동,12989,13782,26771
20211215,7호선,삼산체육관,5529,4933,10462
20211215,7호선,굴포천,9260,9493,18753
20211215,7호선,부평구청,7366,6681,14047
20211215,8호선,암사,18807,16406,35213
20211215,7호선,남구로,15882,16775,32657
20211215,8호선,천호,14621,16827,31448
20211215,7호선,대림,7605,7481,15086
20211215,7호선,보라매,9638,9617,19255
20211215,7호선,건대입구,11857,12455,24312
20211215,7호선,뚝섬유원지,6993,6630,13623
20211215,7호선,청담,19091,21865,40956
20211215,7호선,강남구청,16695,18369,35064
20211215,7호선,학동,24733,26433,51166
20211215,7호선,논현,20016,21814,41830
20211215,7호선,반포,5564,5400,10964
20211215,7호선,고속터미널,14338,12384,26722
20211215,7호선,내방,14545,14746,29291
20211215,7호선,이수,15589,15416,31005
20211215,7호선,남성,10785,9952,20737
20211215,7호선,숭실대입구,12579,12691,25270
20211215,7호선,상도,10191,9726,19917
20211215,7호선,장승배기,9159,8869,18028
20211215,7호선,신대방삼거리,16123,15280,31403
20211215,7호선,신풍,11453,10842,22295
20211215,7호선,어린이대공원,11620,11604,23224
20211215,8호선,강동구청,10565,10977,21542
20211215,8호선,잠실,14016,17130,31146
20211215,9호선,증미,7116,7082,14198
20211215,9호선,등촌,11411,11056,22467
20211215,9호선,염창,16836,16229,33065
20211215,9호선,신목동,4043,3624,7667
20211215,9호선,선유도,8661,8302,16963
20211215,9호선,당산,17467,17303,34770
20211215,9호선,국회의사당,16032,16861,32893
20211215,9호선,여의도,26818,26323,53141
20211215,9호선,샛강,5826,6203,12029
20211215,9호선,노량진,24858,23873,48731
20211215,9호선,노들,4286,3603,7889
20211215,9호선,흑석,7595,7836,15431
20211215,9호선,동작,1746,1346,3092
20211215,9호선,구반포,1606,1716,3322
20211215,5호선,아차산,13544,13016,26560
20211215,9호선,가양,20241,19749,39990
20211215,8호선,몽촌토성,6055,6330,12385
20211215,9호선,양천향교,9527,9552,19079
20211215,9호선,신방화,6821,6558,13379
20211215,8호선,석촌,7574,8787,16361
20211215,8호선,송파,7502,7521,15023
20211215,8호선,가락시장,7379,8258,15637
20211215,8호선,문정,22105,23296,45401
20211215,8호선,장지,17658,17190,34848
20211215,8호선,복정,11336,9879,21215
20211215,8호선,산성,5460,5472,10932
20211215,8호선,남한산성입구,14104,12807,26911
20211215,8호선,단대오거리,10629,10072,20701
20211215,8호선,신흥,4184,4660,8844
20211215,8호선,수진,5073,4517,9590
20211215,8호선,모란,4056,3236,7292
20211215,9호선,개화,2434,1686,4120
20211215,9호선,김포공항,6806,10607,17413
20211215,9호선,공항시장,2907,3110,6017
20211215,9호선,마곡나루,11261,11370,22631
20211215,7호선,군자,14531,11669,26200
20211215,9호선,신반포,3264,3186,6450
20211215,7호선,용마산,5973,5719,11692
20211215,6호선,응암,17646,17263,34909
20211215,6호선,역촌,3772,4422,8194
20211215,6호선,불광,4276,4175,8451
20211215,6호선,독바위,2639,2694,5333
20211215,6호선,연신내,14,0,14
20211215,6호선,구산,7622,5570,13192
20211215,6호선,새절,12619,11807,24426
20211215,6호선,증산,10051,9745,19796
20211215,6호선,디지털미디어시티,13780,15061,28841
20211215,6호선,월드컵경기장,4165,4608,8773
20211215,6호선,마포구청,14321,12857,27178
20211215,6호선,망원,13376,14333,27709
20211215,6호선,합정,12559,12412,24971
20211215,6호선,상수,7543,8476,16019
20211215,6호선,광흥창,8950,8680,17630
20211215,5호선,하남검단산,5186,5028,10214
20211215,6호선,대흥,7583,7720,15303
20211215,5호선,하남시청,5976,5818,11794
20211215,5호선,미사,15759,15521,31280
20211215,7호선,중곡,11037,10148,21185
20211215,5호선,강동,17974,17100,35074
20211215,5호선,길동,7872,8035,15907
20211215,5호선,굽은다리,9850,9518,19368
20211215,5호선,명일,8530,8854,17384
20211215,5호선,고덕,9406,9279,18685
20211215,5호선,상일동,15675,13964,29639
20211215,5호선,둔촌동,8285,8201,16486
20211215,5호선,올림픽공원,4173,3606,7779
20211215,5호선,방이,6869,7212,14081
20211215,5호선,오금,3772,3721,7493
20211215,5호선,개롱,6490,6602,13092
20211215,5호선,거여,9422,8776,18198
20211215,5호선,마천,6773,6580,13353
20211215,5호선,강일,3932,3850,7782
20211215,5호선,하남풍산,4059,4162,8221
20211215,6호선,공덕,18014,17498,35512
20211215,5호선,천호,17068,17254,34322
20211215,6호선,삼각지,6005,5407,11412
20211215,6호선,신내,1,0,1
20211215,7호선,장암,2212,832,3044
20211215,7호선,도봉산,9413,10389,19802
20211215,7호선,수락산,12227,11876,24103
20211215,7호선,마들,12747,12053,24800
20211215,7호선,중계,14344,12995,27339
20211215,7호선,하계,17725,16618,34343
20211215,7호선,공릉,12278,11876,24154
20211215,7호선,태릉입구,8161,7832,15993
20211215,7호선,먹골,9933,9553,19486
20211215,7호선,중화,10694,10565,21259
20211215,7호선,상봉,16631,15492,32123
20211215,7호선,면목,16271,15774,32045
20211215,7호선,사가정,15900,15819,31719
20211215,6호선,효창공원앞,6914,6056,12970
20211215,6호선,봉화산,8774,8216,16990
20211215,6호선,화랑대,11674,8965,20639
20211215,7호선,노원,18683,20051,38734
20211215,6호선,석계,11981,12323,24304
20211215,6호선,태릉입구,5209,5790,10999
20211215,6호선,이태원,8608,8965,17573
20211215,6호선,한강진,8804,9808,18612
20211215,6호선,버티고개,1811,1822,3633
20211215,6호선,약수,3510,3412,6922
20211215,6호선,신당,8727,8941,17668
20211215,6호선,동묘앞,7130,7386,14516
20211215,6호선,청구,3656,3932,7588
20211215,6호선,보문,7024,6560,13584
20211215,6호선,녹사평,4528,4625,9153
20211215,6호선,안암,10563,10615,21178
20211215,6호선,고려대,7557,7242,14799
20211215,6호선,월곡,11164,10974,22138
20211215,6호선,상월곡,6141,5318,11459
20211215,6호선,돌곶이,9273,8583,17856
20211215,6호선,창신,3487,2821,6308
20211216,5호선,답십리,15717,14193,29910
20211216,5호선,광나루,12727,11668,24395
20211216,5호선,아차산,13515,13081,26596
20211216,5호선,군자,11052,12079,23131
20211216,5호선,장한평,18533,18135,36668
20211216,5호선,마장,5633,5339,10972
20211216,5호선,광화문,29000,30715,59715
20211216,5호선,행당,8064,6986,15050
20211216,5호선,신금호,6437,6678,13115
20211216,5호선,청구,3978,3587,7565
20211216,5호선,동대문역사문화공원,2910,3367,6277
20211216,5호선,을지로4가,6026,6050,12076
20211216,5호선,종로3가,11201,11503,22704
20211216,5호선,천호,17039,17155,34194
20211216,5호선,왕십리,4499,5355,9854
20211216,5호선,강동,18087,17157,35244
20211216,5호선,하남검단산,5237,5005,10242
20211216,5호선,굽은다리,9823,9430,19253
20211216,4호선,회현,22933,24784,47717
20211216,5호선,하남시청,6189,5978,12167
20211216,5호선,하남풍산,4231,4186,8417
20211216,5호선,미사,15674,15419,31093
20211216,5호선,강일,3855,3754,7609
20211216,5호선,마천,6676,6489,13165
20211216,5호선,거여,9101,8553,17654
20211216,5호선,개롱,6360,6580,12940
20211216,5호선,오금,3753,3848,7601
20211216,5호선,방이,6944,7008,13952
20211216,5호선,올림픽공원,4132,3525,7657
20211216,5호선,둔촌동,8334,8362,16696
20211216,5호선,상일동,15394,13577,28971
20211216,5호선,고덕,9534,9311,18845
20211216,5호선,명일,8341,8470,16811
20211216,5호선,길동,7872,8090,15962
20211216,5호선,서대문,18579,19090,37669
20211216,5호선,마곡,10492,10575,21067
20211216,5호선,애오개,6736,6793,13529
20211216,4호선,쌍문,28861,26163,55024
20211216,4호선,창동,24679,25841,50520
20211216,4호선,노원,18003,20483,38486
20211216,4호선,상계,18302,16838,35140
20211216,4호선,당고개,12682,11220,23902
20211216,4호선,남태령,1192,1087,2279
20211216,4호선,사당,23993,20373,44366
20211216,4호선,총신대입구,18372,19709,38081
20211216,4호선,동작,1333,1474,2807
20211216,4호선,이촌,6952,7630,14582
20211216,4호선,신용산,16390,17500,33890
20211216,4호선,삼각지,4891,5536,10427
20211216,4호선,숙대입구,12633,12328,24961
20211216,4호선,서울역,10282,15258,25540
20211216,6호선,응암,17218,16842,34060
20211216,5호선,방화,6721,6403,13124
20211216,5호선,충정로,4878,4989,9867
20211216,5호선,개화산,5441,5137,10578
20211216,5호선,송정,6411,5829,12240
20211216,5호선,공덕,13814,14836,28650
20211216,5호선,마포,14055,14704,28759
20211216,5호선,여의나루,8029,9235,17264
20211216,5호선,여의도,28185,30137,58322
20211216,5호선,신길,3999,4170,8169
20211216,5호선,영등포시장,9814,10134,19948
20211216,5호선,영등포구청,3816,3946,7762
20211216,5호선,양평,7449,7350,14799
20211216,5호선,오목교,21271,23056,44327
20211216,5호선,목동,16291,17531,33822
20211216,5호선,신정,13819,10890,24709
20211216,5호선,까치산,28369,27002,55371
20211216,5호선,화곡,28030,25667,53697
20211216,5호선,우장산,13584,13388,26972
20211216,5호선,발산,19711,20328,40039
20211216,5호선,김포공항,7245,6890,14135
20211216,6호선,역촌,3832,4529,8361
20211216,7호선,장암,2251,797,3048
20211216,6호선,독바위,2554,2662,5216
20211216,7호선,청담,19211,22259,41470
20211216,7호선,뚝섬유원지,7268,6978,14246
20211216,7호선,건대입구,11744,12279,24023
20211216,7호선,어린이대공원,11714,11688,23402
20211216,7호선,군자,14795,11709,26504
20211216,7호선,중곡,10762,9982,20744
20211216,7호선,용마산,5896,5626,11522
20211216,7호선,사가정,15726,15686,31412
20211216,7호선,면목,16171,15644,31815
20211216,7호선,상봉,16647,15571,32218
20211216,7호선,중화,10653,10391,21044
20211216,7호선,먹골,9910,9626,19536
20211216,7호선,태릉입구,8368,7848,16216
20211216,7호선,공릉,11797,11580,23377
20211216,7호선,하계,17213,15879,33092
20211216,7호선,강남구청,16360,18371,34731
20211216,7호선,노원,18692,19755,38447
20211216,7호선,학동,24583,26443,51026
20211216,7호선,반포,5708,5495,11203
20211216,4호선,명동,20118,21406,41524
20211216,7호선,철산,20871,21275,42146
20211216,7호선,가산디지털단지,45403,45713,91116
20211216,7호선,남구로,15712,16623,32335
20211216,7호선,대림,7395,7562,14957
20211216,7호선,신풍,11515,10934,22449
20211216,7호선,보라매,9514,9428,18942
20211216,7호선,신대방삼거리,16193,15363,31556
20211216,7호선,장승배기,9189,9048,18237
20211216,7호선,상도,10117,9806,19923
20211216,7호선,숭실대입구,12241,12275,24516
20211216,7호선,남성,10960,10141,21101
20211216,7호선,이수,15219,14960,30179
20211216,7호선,내방,14255,14558,28813
20211216,7호선,고속터미널,14373,12370,26743
20211216,7호선,논현,19824,22181,42005
20211216,6호선,불광,4074,3983,8057
20211216,7호선,마들,12781,11966,24747
20211216,7호선,도봉산,9434,10486,19920
20211216,6호선,녹사평,4502,4530,9032
20211216,6호선,삼각지,5960,5482,11442
20211216,6호선,효창공원앞,6939,6194,13133
20211216,6호선,공덕,17938,17438,35376
20211216,6호선,대흥,7463,7566,15029
20211216,6호선,광흥창,8745,8414,17159
20211216,6호선,상수,7869,9213,17082
20211216,6호선,합정,12586,12511,25097
20211216,6호선,망원,13379,14525,27904
20211216,6호선,마포구청,14128,12712,26840
20211216,6호선,월드컵경기장,3952,4344,8296
20211216,6호선,디지털미디어시티,13638,14776,28414
20211216,6호선,증산,9841,9667,19508
20211216,6호선,새절,12663,11763,24426
20211216,6호선,구산,7650,5637,13287
20211216,6호선,이태원,8792,9400,18192
20211216,7호선,수락산,12122,11813,23935
20211216,6호선,한강진,7631,8919,16550
20211216,6호선,약수,3598,3586,7184
20211216,6호선,신내,1,0,1
20211216,6호선,봉화산,8714,8114,16828
20211216,6호선,화랑대,11606,9037,20643
20211216,6호선,태릉입구,5293,5794,11087
20211216,6호선,석계,11962,12286,24248
20211216,6호선,돌곶이,9162,8339,17501
20211216,6호선,상월곡,6051,5324,11375
20211216,6호선,월곡,11287,11052,22339
20211216,6호선,고려대,7711,7413,15124
20211216,6호선,안암,11176,10971,22147
20211216,6호선,보문,7124,6562,13686
20211216,6호선,창신,3567,2828,6395
20211216,6호선,동묘앞,7315,7458,14773
20211216,6호선,신당,8300,8453,16753
20211216,6호선,청구,3664,3893,7557
20211216,6호선,버티고개,1858,1933,3791
20211216,4호선,충무로,25839,27202,53041
20211216,7호선,광명사거리,22023,21713,43736
20211216,4호선,동대문,18325,19068,37393
20211216,우이신설선,화계,3347,3151,6498
20211216,우이신설선,삼양,2047,2059,4106
20211216,우이신설선,삼양사거리,2342,2359,4701
20211216,우이신설선,솔샘,5663,5252,10915
20211216,우이신설선,북한산보국문,5917,5450,11367
20211216,우이신설선,정릉,4563,4043,8606
20211216,우이신설선,성신여대입구,3191,3517,6708
20211216,우이신설선,보문,1390,1451,2841
20211216,우이신설선,신설동,1986,1968,3954
20211216,일산선,원흥,10481,9884,20365
20211216,일산선,지축,1,0,1
20211216,일산선,삼송,18982,18296,37278
20211216,일산선,원당,10891,10247,21138
20211216,일산선,화정,16515,16947,33462
20211216,일산선,대곡,1974,1509,3483
20211216,우이신설선,가오리,3919,3858,7777
20211216,일산선,백석,9825,9654,19479
20211216,우이신설선,4.19민주묘지,2781,2656,5437
20211216,우이신설선,북한산우이,2437,2191,4628
20211216,수인선,신포,1785,1838,3623
20211216,수인선,인천,949,1550,2499
20211216,안산선,산본,15538,16572,32110
20211216,안산선,대야미,4922,4405,9327
20211216,안산선,반월,4194,3997,8191
20211216,안산선,상록수,15076,15352,30428
20211216,안산선,한대앞,9353,9413,18766
20211216,안산선,중앙,17291,18188,35479
20211216,안산선,고잔,8676,8226,16902
20211216,안산선,초지,4532,4671,9203
20211216,안산선,안산,11175,9964,21139
20211216,안산선,신길온천,1694,1568,3262
20211216,안산선,정왕,8976,9218,18194
20211216,안산선,오이도,8062,7854,15916
20211216,안산선,수리산,4290,3491,7781
20211216,우이신설선,솔밭공원,2422,2285,4707
20211216,수인선,숭의,3982,3660,7642
20211216,일산선,마두,7359,7443,14802
20211216,일산선,주엽,8711,8482,17193
20211216,중앙선,운길산,591,522,1113
20211216,중앙선,양수,1568,1644,3212
20211216,중앙선,신원,182,152,334
20211216,중앙선,국수,694,652,1346
20211216,중앙선,아신,462,450,912
20211216,중앙선,오빈,253,264,517
20211216,중앙선,양평,2549,2583,5132
20211216,중앙선,원덕,318,291,609
20211216,중앙선,용문,1497,1436,2933
20211216,중앙선,지평,70,87,157
20211216,분당선,야탑,25040,26238,51278
20211216,분당선,모란,19243,19419,38662
20211216,과천선,경마공원,1466,1462,2928
20211216,과천선,대공원,2191,2215,4406
20211216,과천선,과천,5796,5254,11050
20211216,중앙선,팔당,822,864,1686
20211216,일산선,정발산,6822,7017,13839
20211216,중앙선,도심,2399,1821,4220
20211216,중앙선,양정,707,564,1271
20211216,일산선,대화,12471,9838,22309
20211216,장항선,봉명,1110,1079,2189
20211216,장항선,쌍용,1977,1800,3777
20211216,장항선,아산,2857,2681,5538
20211216,장항선,탕정,330,305,635
20211216,장항선,배방,977,885,1862
20211216,장항선,온양온천,3107,3173,6280
20211216,장항선,신창,1408,1231,2639
20211216,중앙선,회기,24079,22941,47020
20211216,중앙선,중랑,5471,5183,10654
20211216,중앙선,상봉,5706,5619,11325
20211216,중앙선,망우,7482,7397,14879
20211216,중앙선,양원,2005,2000,4005
20211216,중앙선,구리,13088,13220,26308
20211216,중앙선,도농,10249,9169,19418
20211216,중앙선,덕소,5538,5522,11060
20211216,4호선,동대문역사문화공원,14456,13267,27723
20211216,수인선,인하대,5698,5318,11016
20211216,수인선,연수,4309,4213,8522
20211216,분당선,수원,7975,6924,14899
20211216,1호선,시청,21497,21782,43279
20211216,1호선,동묘앞,6875,7193,14068
20211216,1호선,서울역,41469,39908,81377
20211216,분당선,태평,13158,12564,25722
20211216,분당선,가천대,7403,8105,15508
20211216,분당선,선정릉,8004,8595,16599
20211216,분당선,강남구청,10276,11782,22058
20211216,분당선,압구정로데오,18162,21021,39183
20211216,분당선,서울숲,10054,10240,20294
20211216,1호선,종각,32516,32512,65028
20211216,1호선,종로3가,23798,21765,45563
20211216,1호선,종로5가,20778,20764,41542
20211216,1호선,동대문,10283,9518,19801
20211216,1호선,신설동,12980,12965,25945
20211216,7호선,중계,14263,12860,27123
20211216,1호선,제기동,16124,16351,32475
20211216,2호선,상왕십리,14064,13401,27465
20211216,3호선,도곡,5206,5416,10622
20211216,4호선,혜화,31517,32114,63631
20211216,4호선,한성대입구,12873,12422,25295
20211216,4호선,성신여대입구,19214,18383,37597
20211216,4호선,길음,19767,19021,38788
20211216,4호선,미아사거리,26629,25545,52174
20211216,4호선,미아,14391,13898,28289
20211216,4호선,수유,32575,32694,65269
20211216,3호선,오금,6242,5384,11626
20211216,3호선,경찰병원,7232,7209,14441
20211216,3호선,가락시장,8621,8415,17036
20211216,3호선,수서,16423,16629,33052
20211216,3호선,일원,9990,9533,19523
20211216,3호선,대청,9857,9015,18872
20211216,3호선,학여울,1809,1875,3684
20211216,3호선,대치,9875,9750,19625
20211216,3호선,매봉,12393,12131,24524
20211216,수인선,송도,2362,2237,4599
20211216,1호선,청량리,18788,18893,37681
20211216,2호선,을지로입구,38884,40320,79204
20211216,분당선,매탄권선,5104,4819,9923
20211216,분당선,수원시청,12502,13465,25967
20211216,분당선,매교,3036,3012,6048
20211216,수인선,고색,4527,4333,8860
20211216,수인선,오목천,3098,2867,5965
20211216,수인선,어천,720,723,1443
20211216,수인선,야목,307,241,548
20211216,수인선,사리,4520,3919,8439
20211216,수인선,달월,94,58,152
20211216,수인선,월곶,2591,2479,5070
20211216,수인선,소래포구,5000,4711,9711
20211216,수인선,인천논현,5257,5527,10784
20211216,수인선,호구포,4014,4169,8183
20211216,수인선,남동인더스파크,2292,2560,4852
20211216,수인선,원인재,4309,4486,8795
20211216,분당선,망포,14529,13776,28305
20211216,2호선,시청,22922,22421,45343
20211216,분당선,영통,8298,8338,16636
20211216,분당선,상갈,5212,4939,10151
20211216,2호선,을지로3가,21716,22079,43795
20211216,2호선,을지로4가,12903,12801,25704
20211216,2호선,동대문역사문화공원,11405,12696,24101
20211216,2호선,신당,13131,13665,26796
20211216,분당선,서현,24461,25157,49618
20211216,분당선,수내,13083,12949,26032
20211216,분당선,정자,17276,18334,35610
20211216,분당선,미금,15151,15912,31063
20211216,분당선,오리,11594,9865,21459
20211216,분당선,이매,5414,5021,10435
20211216,분당선,보정,2488,2138,4626
20211216,분당선,죽전,13184,14535,27719
20211216,분당선,구성,5036,5120,10156
20211216,분당선,신갈,4635,4487,9122
20211216,분당선,기흥,9645,9025,18670
20211216,분당선,청명,4214,4040,8254
20211216,7호선,천왕,11432,10793,22225
20211216,7호선,온수,10663,9753,20416
20211216,7호선,까치울,7668,7182,14850
20211216,경춘선,굴봉산,116,104,220
20211216,경춘선,가평,1394,1498,2892
20211216,경춘선,상천,193,175,368
20211216,경춘선,청평,1344,1385,2729
20211216,경춘선,대성리,403,406,809
20211216,경춘선,마석,3691,3609,7300
20211216,경춘선,백양리,157,181,338
20211216,경춘선,천마산,1568,1479,3047
20211216,경춘선,금곡,1491,1420,2911
20211216,경춘선,사릉,3380,3187,6567
20211216,경춘선,퇴계원,3643,3332,6975
20211216,경춘선,별내,3338,3091,6429
20211216,경춘선,갈매,3109,2648,5757
20211216,경춘선,신내,2157,1988,4145
20211216,경춘선,평내호평,6023,5845,11868
20211216,경춘선,강촌,542,532,1074
20211216,경춘선,김유정,238,254,492
20211216,경춘선,남춘천,2269,2110,4379
20211216,3호선,양재,38379,41947,80326
20211216,공항철도 1호선,인천공항2터미널,2124,2237,4361
20211216,공항철도 1호선,인천공항1터미널,3558,3804,7362
20211216,공항철도 1호선,공항화물청사,2240,2483,4723
20211216,공항철도 1호선,운서,6285,6321,12606
20211216,공항철도 1호선,청라국제도시,6645,6220,12865
20211216,공항철도 1호선,검암,6432,6369,12801
20211216,공항철도 1호선,계양,9947,9327,19274
20211216,공항철도 1호선,김포공항,11050,6577,17627
20211216,공항철도 1호선,마곡나루,8405,8200,16605
20211216,공항철도 1호선,디지털미디어시티,13698,12700,26398
20211216,공항철도 1호선,홍대입구,8963,9317,18280
20211216,공항철도 1호선,공덕,2240,2779,5019
20211216,공항철도 1호선,서울역,7213,6652,13865
20211216,경춘선,춘천,1120,1030,2150
20211216,경인선,도화,4125,3873,7998
20211216,경인선,중동,9121,8631,17752
20211216,경인선,온수,6551,6290,12841
20211216,경인선,도원,2885,2875,5760
20211216,경의선,월롱,2880,2684,5564
20211216,경의선,금촌,6674,6584,13258
20211216,경의선,금릉,4761,4581,9342
20211216,경의선,운정,6917,6539,13456
20211216,경의선,야당,7157,7137,14294
20211216,경의선,탄현,7651,7196,14847
20211216,경의선,일산,9143,8927,18070
20211216,경의선,풍산,5478,5048,10526
20211216,경의선,백마,6765,6493,13258
20211216,경의선,곡산,590,590,1180
20211216,경의선,능곡,3841,3489,7330
20211216,경의선,행신,7867,7848,15715
20211216,경의선,강매,3137,2698,5835
20211216,경의선,화전,2284,2071,4355
20211216,경의선,수색,2724,2881,5605
20211216,경의선,파주,1576,1103,2679
20211216,공항철도 1호선,영종,2756,2704,5460
20211216,경의선,문산,4861,4880,9741
20211216,경인선,개봉,20774,20562,41336
20211216,경인선,간석,5811,5500,11311
20211216,경인선,부개,8414,7791,16205
20211216,경인선,소사,8728,8305,17033
20211216,경인선,구일,6560,6565,13125
20211216,경인선,인천,3227,2422,5649
20211216,경인선,동인천,13519,12552,26071
20211216,경인선,제물포,10850,10210,21060
20211216,경인선,주안,17929,16261,34190
20211216,경인선,동암,14059,14271,28330
20211216,경인선,백운,6793,6639,13432
20211216,경인선,부평,27451,29965,57416
20211216,경인선,송내,25942,25575,51517
20211216,경인선,부천,31551,31401,62952
20211216,경인선,역곡,26789,26128,52917
20211216,경인선,오류동,11522,10582,22104
20211216,경의선,임진강,13,3,16
20211216,3호선,남부터미널,27471,28187,55658
20211216,3호선,교대,14187,9224,23411
20211216,3호선,고속터미널,35627,34846,70473
20211216,2호선,잠실새내,20150,20069,40219
20211216,2호선,종합운동장,7639,8110,15749
20211216,2호선,삼성,52217,54100,106317
20211216,2호선,선릉,55475,49970,105445
20211216,2호선,역삼,51028,57684,108712
20211216,2호선,강남,80021,80494,160515
20211216,2호선,교대,33358,37905,71263
20211216,2호선,서초,21410,20862,42272
20211216,2호선,방배,17005,17781,34786
20211216,2호선,사당,35442,38944,74386
20211216,2호선,낙성대,27027,25561,52588
20211216,2호선,서울대입구,46644,45651,92295
20211216,2호선,봉천,23059,21077,44136
20211216,2호선,신림,61742,59419,121161
20211216,2호선,신대방,25665,24798,50463
20211216,2호선,잠실,67970,67860,135830
20211216,2호선,구로디지털단지,59922,60046,119968
20211216,2호선,잠실나루,14106,13716,27822
20211216,2호선,구의,23366,22752,46118
20211216,과천선,인덕원,23793,24394,48187
20211216,과천선,평촌,17949,17695,35644
20211216,과천선,범계,25144,24928,50072
20211216,분당선,선릉,13428,20541,33969
20211216,분당선,한티,13279,14164,27443
20211216,분당선,도곡,6786,6563,13349
20211216,분당선,구룡,2035,1955,3990
20211216,분당선,개포동,3503,3666,7169
20211216,분당선,대모산입구,4323,4001,8324
20211216,과천선,선바위,8108,7144,15252
20211216,2호선,왕십리,16145,13536,29681
20211216,2호선,한양대,9505,10309,19814
20211216,2호선,뚝섬,21273,22807,44080
20211216,2호선,성수,36412,40205,76617
20211216,2호선,건대입구,32520,35756,68276
20211216,2호선,강변,28458,27035,55493
20211216,경의선,디지털미디어시티,2458,2216,4674
20211216,2호선,대림,23314,23635,46949
20211216,2호선,문래,21187,21766,42953
20211216,3호선,녹번,15469,13909,29378
20211216,3호선,홍제,16718,15717,32435
20211216,3호선,무악재,3876,3827,7703
20211216,3호선,독립문,6592,6712,13304
20211216,3호선,경복궁,18928,18836,37764
20211216,3호선,안국,18901,19825,38726
20211216,3호선,종로3가,9581,11093,20674
20211216,3호선,을지로3가,10394,10661,21055
20211216,3호선,동대입구,7030,7481,14511
20211216,3호선,약수,12602,12334,24936
20211216,3호선,금호,7814,7132,14946
20211216,3호선,옥수,8469,8786,17255
20211216,3호선,압구정,30783,33380,64163
20211216,3호선,신사,29760,32096,61856
20211216,3호선,잠원,4630,4570,9200
20211216,3호선,불광,15546,16509,32055
20211216,2호선,신도림,46851,46665,93516
20211216,3호선,연신내,35529,33311,68840
20211216,3호선,지축,4521,4293,8814
20211216,2호선,영등포구청,22961,23256,46217
20211216,2호선,당산,17928,21033,38961
20211216,2호선,합정,29747,31931,61678
20211216,2호선,홍대입구,50662,54024,104686
20211216,2호선,신촌,29719,31019,60738
20211216,2호선,이대,12316,12812,25128
20211216,2호선,아현,10092,9579,19671
20211216,2호선,충정로,9811,10393,20204
20211216,2호선,용답,2726,2772,5498
20211216,2호선,신답,1610,1824,3434
20211216,2호선,신설동,3030,2970,6000
20211216,2호선,도림천,1390,1447,2837
20211216,2호선,양천구청,6716,7090,13806
20211216,2호선,신정네거리,9962,10101,20063
20211216,2호선,용두,2348,2447,4795
20211216,3호선,구파발,20016,18962,38978
20211216,경의선,가좌,5177,4810,9987
20211216,과천선,정부과천청사,10537,10416,20953
20211216,경의선,서강대,2052,1988,4040
20211216,9호선2~3단계,선정릉,9620,10610,20230
20211216,9호선2~3단계,언주,10315,10764,21079
20211216,9호선,신논현,30967,31550,62517
20211216,9호선,사평,3373,3333,6706
20211216,9호선,고속터미널,11332,13852,25184
20211216,9호선,신반포,3178,3150,6328
20211216,9호선,구반포,1513,1604,3117
20211216,9호선,동작,1821,1456,3277
20211216,9호선,흑석,7501,7651,15152
20211216,9호선,노들,4291,3499,7790
20211216,9호선,노량진,25132,24082,49214
20211216,9호선,샛강,5651,6067,11718
20211216,9호선,여의도,27136,26210,53346
20211216,9호선,국회의사당,15677,16459,32136
20211216,9호선,당산,17633,17652,35285
20211216,9호선2~3단계,삼성중앙,6558,7086,13644
20211216,9호선,신목동,4101,3548,7649
20211216,9호선2~3단계,봉은사,16123,17060,33183
20211216,9호선2~3단계,삼전,6702,6367,13069
20211216,경강선,이천,2457,2539,4996
20211216,경강선,신둔도예촌,1343,1266,2609
20211216,경강선,곤지암,2145,2074,4219
20211216,경강선,초월,2993,2855,5848
20211216,경강선,경기광주,7342,6881,14223
20211216,경강선,삼동,2346,2096,4442
20211216,경강선,이매,1107,874,1981
20211216,경강선,판교,4631,4720,9351
20211216,9호선2~3단계,중앙보훈병원,10428,9220,19648
20211216,9호선2~3단계,둔촌오륜,1126,1097,2223
20211216,9호선2~3단계,올림픽공원,5610,5464,11074
20211216,9호선2~3단계,한성백제,2509,2335,4844
20211216,9호선2~3단계,송파나루,4895,5093,9988
20211216,9호선2~3단계,석촌,8143,7044,15187
20211216,9호선2~3단계,석촌고분,5887,5825,11712
20211216,9호선2~3단계,종합운동장,3944,3895,7839
20211216,경강선,부발,1922,1732,3654
20211216,9호선,염창,16752,15951,32703
20211216,9호선,증미,7087,6981,14068
20211216,8호선,잠실,14277,17370,31647
20211216,8호선,몽촌토성,6000,6201,12201
20211216,8호선,강동구청,10455,10704,21159
20211216,8호선,천호,14678,16755,31433
20211216,8호선,암사,18794,16170,34964
20211216,7호선,부평구청,7485,6713,14198
20211216,7호선,굴포천,9253,9580,18833
20211216,7호선,삼산체육관,5516,4927,10443
20211216,7호선,상동,12931,13669,26600
20211216,7호선,부천시청,12775,12823,25598
20211216,분당선,수서,13140,13605,26745
20211216,7호선,신중동,14262,14254,28516
20211216,7호선,춘의,10045,9925,19970
20211216,7호선,부천종합운동장,5108,4463,9571
20211216,경의선,홍대입구,1615,2043,3658
20211216,8호선,석촌,7603,8663,16266
20211216,9호선,등촌,11468,10940,22408
20211216,8호선,송파,7516,7364,14880
20211216,8호선,문정,22279,23402,45681
20211216,9호선,가양,20000,19043,39043
20211216,9호선,양천향교,9489,9565,19054
20211216,9호선,마곡나루,11532,11397,22929
20211216,9호선,신방화,6810,6422,13232
20211216,9호선,공항시장,2883,3140,6023
20211216,9호선,김포공항,7308,11299,18607
20211216,9호선,개화,2399,1678,4077
20211216,8호선,모란,4193,3255,7448
20211216,8호선,수진,5080,4644,9724
20211216,8호선,신흥,4098,4496,8594
20211216,8호선,단대오거리,10168,9809,19977
20211216,8호선,남한산성입구,13490,12150,25640
20211216,8호선,산성,5492,5466,10958
20211216,8호선,복정,11425,9960,21385
20211216,8호선,장지,17083,16425,33508
20211216,8호선,가락시장,7512,8439,15951
20211216,경강선,세종대왕릉,290,300,590
20211216,9호선,선유도,8551,8084,16635
20211216,경부선,서울역,5509,1788,7297
20211216,경원선,창동,1,0,1
20211216,경원선,녹천,4561,3721,8282
20211216,경원선,월계,6630,6273,12903
20211216,경원선,광운대,7938,7603,15541
20211216,경원선,석계,7970,8910,16880
20211216,경원선,신이문,8291,7687,15978
20211216,경원선,외대앞,7169,7076,14245
20211216,경원선,청량리,14145,14689,28834
20211216,경원선,왕십리,14401,15477,29878
20211216,경원선,응봉,1782,1463,3245
20211216,경원선,옥수,43,39,82
20211216,경원선,한남,4088,3866,7954
20211216,경원선,서빙고,2022,1855,3877
20211216,경원선,이촌,3613,2655,6268
20211216,경부선,광명,3134,2770,5904
20211216,경원선,도봉,5880,5767,11647
20211216,경부선,서동탄,1370,1229,2599
20211216,경원선,도봉산,6561,4458,11019
20211216,경원선,회룡,11982,11715,23697
20211216,경강선,여주,2013,1982,3995
20211216,경의선,효창공원앞,2882,3371,6253
20211216,경의선,신촌,774,1033,1807
20211216,경의선,서울역,4146,5348,9494
20211216,경원선,소요산,2258,2018,4276
20211216,경원선,동두천,2253,2435,4688
20211216,경원선,보산,1390,1300,2690
20211216,경원선,동두천중앙,3031,2868,5899
20211216,경원선,지행,6545,6567,13112
20211216,경원선,덕정,5702,5456,11158
20211216,경원선,덕계,3048,2692,5740
20211216,경원선,양주,7595,6987,14582
20211216,경원선,녹양,4409,4154,8563
20211216,경원선,가능,6527,6338,12865
20211216,경원선,의정부,17707,18277,35984
20211216,경원선,망월사,7416,7508,14924
20211216,경부선,당정,6162,5850,12012
20211216,경원선,방학,9370,9104,18474
20211216,경의선,공덕,3405,3227,6632
20211216,경부선,금정,26148,26510,52658
20211216,경부선,명학,9261,8998,18259
20211216,경부선,안양,24709,24532,49241
20211216,경부선,관악,7170,6467,13637
20211216,경부선,석수,9658,8452,18110
20211216,경부선,금천구청,11772,11588,23360
20211216,경부선,가산디지털단지,18259,20914,39173
20211216,경부선,구로,18499,19131,37630
20211216,경부선,신길,8889,7411,16300
20211216,경부선,신도림,4020,4114,8134
20211216,경부선,영등포,35746,37234,72980
20211216,경부선,대방,12694,12990,25684
20211216,경부선,노량진,7956,8117,16073
20211216,경부선,용산,32955,33754,66709
20211216,경부선,천안,4727,4832,9559
20211216,경부선,군포,7759,7706,15465
20211216,경부선,의왕,9333,9237,18570
20211216,경부선,남영,9016,9454,18470
20211216,경부선,화서,7847,7444,15291
20211216,경부선,성균관대,14325,13979,28304
20211216,경부선,직산,718,722,1440
20211216,경부선,성환,3556,3520,7076
20211216,경부선,평택,11005,10672,21677
20211216,경부선,평택지제,3202,3116,6318
20211216,경부선,서정리,6449,5981,12430
20211216,경부선,송탄,4077,3873,7950
20211216,경부선,진위,1571,1397,2968
20211216,경부선,두정,5179,5236,10415
20211216,경부선,오산대,3229,2982,6211
20211216,경부선,세마,2720,2527,5247
20211216,경부선,병점,13714,13605,27319
20211216,경부선,세류,2939,2620,5559
20211216,경부선,독산,18514,19212,37726
20211216,경부선,수원,32414,34253,66667
20211216,경부선,오산,9115,8911,18026
20211217,6호선,신당,9378,9405,18783
20211217,6호선,청구,3662,3912,7574
20211217,6호선,약수,3640,3660,7300
20211217,6호선,버티고개,1989,1982,3971
20211217,6호선,한강진,9376,11143,20519
20211217,6호선,합정,13394,13319,26713
20211217,6호선,이태원,10203,12653,22856
20211217,6호선,효창공원앞,6945,6242,13187
20211217,6호선,삼각지,6206,5531,11737
20211217,6호선,공덕,17983,17661,35644
20211217,6호선,대흥,7677,7961,15638
20211217,6호선,광흥창,8846,8550,17396
20211217,6호선,상수,9014,10618,19632
20211217,6호선,동묘앞,7495,7560,15055
20211217,6호선,녹사평,4655,4938,9593
20211217,6호선,창신,3532,2867,6399
20211217,6호선,화랑대,11734,9003,20737
20211217,6호선,안암,10886,10536,21422
20211217,6호선,망원,13949,15321,29270
20211217,7호선,하계,17233,15861,33094
20211217,7호선,중계,14027,12365,26392
20211217,7호선,노원,19664,20651,40315
20211217,7호선,마들,12711,12060,24771
20211217,7호선,수락산,12155,11607,23762
20211217,7호선,도봉산,9529,9988,19517
20211217,7호선,장암,2132,891,3023
20211217,6호선,봉화산,8659,7984,16643
20211217,6호선,태릉입구,5422,5701,11123
20211217,6호선,석계,12090,12350,24440
20211217,6호선,돌곶이,9113,8398,17511
20211217,6호선,상월곡,6108,5394,11502
20211217,6호선,월곡,11167,10755,21922
20211217,6호선,고려대,7705,7369,15074
20211217,6호선,보문,7228,6424,13652
20211217,6호선,마포구청,14359,12961,27320
20211217,5호선,행당,8016,6955,14971
20211217,6호선,디지털미디어시티,13256,14490,27746
20211217,5호선,상일동,15314,13799,29113
20211217,5호선,고덕,9641,9280,18921
20211217,5호선,명일,8314,8596,16910
20211217,5호선,굽은다리,9858,9520,19378
20211217,5호선,길동,8174,8468,16642
20211217,5호선,강동,18423,16982,35405
20211217,5호선,천호,17793,18093,35886
20211217,5호선,광나루,12972,11589,24561
20211217,5호선,아차산,13723,13386,27109
20211217,5호선,군자,11387,12459,23846
20211217,5호선,장한평,18331,18135,36466
20211217,5호선,답십리,15861,14394,30255
20211217,5호선,마장,5626,5338,10964
20211217,5호선,왕십리,4703,5564,10267
20211217,7호선,공릉,12141,11896,24037
20211217,5호선,둔촌동,8336,8458,16794
20211217,6호선,월드컵경기장,3801,4009,7810
20211217,5호선,올림픽공원,4690,4372,9062
20211217,5호선,오금,3700,3648,7348
20211217,6호선,증산,9717,9440,19157
20211217,6호선,새절,12632,11604,24236
20211217,6호선,구산,7581,5683,13264
20211217,6호선,독바위,2695,2749,5444
20211217,6호선,불광,4192,3941,8133
20211217,6호선,역촌,3982,4526,8508
20211217,6호선,응암,17106,16687,33793
20211217,5호선,하남검단산,5173,4997,10170
20211217,5호선,하남시청,6090,5817,11907
20211217,5호선,하남풍산,4109,4163,8272
20211217,5호선,미사,15556,15258,30814
20211217,5호선,강일,3651,3537,7188
20211217,5호선,마천,6705,6395,13100
20211217,5호선,거여,9148,8487,17635
20211217,5호선,개롱,6382,6578,12960
20211217,5호선,방이,6751,7181,13932
20211217,7호선,태릉입구,8557,7917,16474
20211217,9호선,여의도,27116,25541,52657
20211217,7호선,중화,10756,10303,21059
20211217,8호선,남한산성입구,13630,12052,25682
20211217,8호선,산성,5496,5405,10901
20211217,8호선,복정,11445,9729,21174
20211217,8호선,장지,17298,16463,33761
20211217,8호선,문정,21626,22367,43993
20211217,8호선,가락시장,7588,8646,16234
20211217,8호선,송파,7640,7719,15359
20211217,8호선,석촌,7781,8918,16699
20211217,8호선,잠실,15279,18374,33653
20211217,8호선,몽촌토성,6388,6468,12856
20211217,8호선,강동구청,10643,10818,21461
20211217,8호선,천호,14949,17427,32376
20211217,8호선,암사,18720,16096,34816
20211217,7호선,부평구청,7398,6497,13895
20211217,7호선,굴포천,9360,9815,19175
20211217,8호선,단대오거리,10637,10036,20673
20211217,7호선,삼산체육관,5217,4736,9953
20211217,8호선,신흥,4337,4684,9021
20211217,8호선,모란,4295,3424,7719
20211217,5호선,신금호,6555,6607,13162
20211217,9호선,국회의사당,15989,16518,32507
20211217,9호선,당산,18537,18145,36682
20211217,9호선,선유도,8822,8345,17167
20211217,9호선,신목동,3928,3428,7356
20211217,9호선,염창,17189,16194,33383
20211217,9호선,등촌,11673,11154,22827
20211217,9호선,증미,7195,7115,14310
20211217,9호선,가양,19832,18841,38673
20211217,9호선,양천향교,9337,9275,18612
20211217,9호선,마곡나루,11342,11382,22724
20211217,9호선,신방화,6971,6653,13624
20211217,9호선,공항시장,2974,3227,6201
20211217,9호선,김포공항,8080,13147,21227
20211217,9호선,개화,2279,1602,3881
20211217,8호선,수진,5164,4646,9810
20211217,7호선,먹골,9877,9488,19365
20211217,7호선,상동,13383,14142,27525
20211217,7호선,신중동,14425,14509,28934
20211217,7호선,고속터미널,16843,13703,30546
20211217,7호선,반포,5800,5459,11259
20211217,7호선,논현,19793,22404,42197
20211217,7호선,학동,23851,25669,49520
20211217,7호선,강남구청,16176,18352,34528
20211217,7호선,청담,18422,21459,39881
20211217,7호선,뚝섬유원지,6778,6547,13325
20211217,7호선,건대입구,12539,13363,25902
20211217,7호선,어린이대공원,12402,12164,24566
20211217,7호선,군자,14798,11883,26681
20211217,7호선,중곡,10678,9933,20611
20211217,7호선,용마산,6090,5660,11750
20211217,7호선,사가정,15799,15704,31503
20211217,7호선,면목,15899,15417,31316
20211217,7호선,상봉,16849,15801,32650
20211217,7호선,내방,14096,14696,28792
20211217,7호선,부천시청,13084,13155,26239
20211217,7호선,이수,16010,15483,31493
20211217,7호선,숭실대입구,12379,12046,24425
20211217,7호선,춘의,10131,9821,19952
20211217,7호선,부천종합운동장,5049,4358,9407
20211217,7호선,까치울,7465,6979,14444
20211217,7호선,온수,10289,9557,19846
20211217,7호선,천왕,11428,10591,22019
20211217,7호선,광명사거리,21870,21357,43227
20211217,7호선,철산,21155,21694,42849
20211217,7호선,가산디지털단지,45066,43851,88917
20211217,7호선,남구로,15226,16243,31469
20211217,7호선,대림,7592,7767,15359
20211217,7호선,신풍,11218,10707,21925
20211217,7호선,보라매,9671,9338,19009
20211217,7호선,신대방삼거리,16318,15228,31546
20211217,7호선,장승배기,9281,8961,18242
20211217,7호선,상도,10524,9902,20426
20211217,7호선,남성,11146,10214,21360
20211217,5호선,청구,3895,3691,7586
20211217,3호선,을지로3가,10631,11005,21636
20211217,5호선,을지로4가,5709,5916,11625
20211217,2호선,합정,31302,34606,65908
20211217,2호선,당산,17254,20428,37682
20211217,2호선,영등포구청,22816,23178,45994
20211217,2호선,문래,20833,21421,42254
20211217,2호선,신도림,47785,48352,96137
20211217,2호선,대림,22492,23091,45583
20211217,2호선,구로디지털단지,59333,58877,118210
20211217,2호선,신대방,25656,24330,49986
20211217,2호선,신림,63615,61185,124800
20211217,2호선,봉천,23082,20725,43807
20211217,2호선,서울대입구,48346,46112,94458
20211217,2호선,낙성대,27308,25239,52547
20211217,2호선,사당,36607,40500,77107
20211217,2호선,방배,16821,17312,34133
20211217,2호선,서초,20784,19972,40756
20211217,2호선,홍대입구,56318,62093,118411
20211217,2호선,교대,33948,38743,72691
20211217,2호선,신촌,33084,33785,66869
20211217,2호선,아현,10084,9553,19637
20211217,3호선,무악재,3837,3811,7648
20211217,3호선,홍제,16535,15576,32111
20211217,3호선,녹번,15315,13601,28916
20211217,3호선,불광,15529,16373,31902
20211217,3호선,연신내,35477,33483,68960
20211217,3호선,구파발,20188,19083,39271
20211217,3호선,지축,4272,3963,8235
20211217,2호선,용두,2423,2355,4778
20211217,2호선,신정네거리,9958,10278,20236
20211217,2호선,양천구청,6680,6929,13609
20211217,2호선,도림천,1448,1504,2952
20211217,2호선,신설동,3554,3350,6904
20211217,2호선,신답,1582,1753,3335
20211217,2호선,용답,2686,2577,5263
20211217,2호선,충정로,9688,10260,19948
20211217,2호선,이대,13042,13447,26489
20211217,3호선,독립문,6521,6807,13328
20211217,2호선,강남,84979,86793,171772
20211217,2호선,선릉,54615,49230,103845
20211217,1호선,청량리,18009,18129,36138
20211217,1호선,제기동,14272,14210,28482
20211217,1호선,신설동,13114,12749,25863
20211217,1호선,동대문,10177,9289,19466
20211217,1호선,종로5가,20736,20396,41132
20211217,1호선,종로3가,22460,21559,44019
20211217,1호선,종각,33381,32988,66369
20211217,1호선,시청,21369,21333,42702
20211217,1호선,동묘앞,6445,6722,13167
20211217,1호선,서울역,45469,44594,90063
20211217,5호선,송정,6509,6038,12547
20211217,중앙선,양평,2483,2644,5127
20211217,중앙선,원덕,295,332,627
20211217,중앙선,용문,1387,1446,2833
20211217,9호선,샛강,5819,6073,11892
20211217,2호선,시청,23355,22143,45498
20211217,2호선,역삼,50976,55823,106799
20211217,2호선,을지로입구,39270,40249,79519
20211217,2호선,을지로4가,12805,12528,25333
20211217,2호선,삼성,55461,56305,111766
20211217,2호선,종합운동장,6846,7284,14130
20211217,2호선,잠실새내,21406,22039,43445
20211217,2호선,잠실,70720,70810,141530
20211217,2호선,잠실나루,13665,13182,26847
20211217,2호선,강변,31357,29724,61081
20211217,2호선,구의,23540,22796,46336
20211217,2호선,건대입구,34926,39387,74313
20211217,2호선,성수,36289,39897,76186
20211217,2호선,뚝섬,22699,24252,46951
20211217,2호선,한양대,8529,8884,17413
20211217,2호선,왕십리,16912,14641,31553
20211217,2호선,상왕십리,14368,13769,28137
20211217,2호선,신당,13514,14212,27726
20211217,2호선,동대문역사문화공원,12086,13611,25697
20211217,2호선,을지로3가,22089,22476,44565
20211217,5호선,동대문역사문화공원,2812,3462,6274
20211217,3호선,경복궁,19434,19124,38558
20211217,3호선,종로3가,10230,12066,22296
20211217,5호선,발산,19262,20362,39624
20211217,5호선,마곡,10463,10245,20708
20211217,5호선,김포공항,7968,7508,15476
20211217,5호선,개화산,5415,5049,10464
20211217,5호선,방화,6629,6314,12943
20211217,4호선,쌍문,29232,26060,55292
20211217,4호선,창동,24821,26042,50863
20211217,4호선,노원,18269,21295,39564
20211217,4호선,상계,18367,16981,35348
20211217,4호선,당고개,12236,10832,23068
20211217,4호선,남태령,1272,1042,2314
20211217,4호선,사당,25829,21729,47558
20211217,4호선,총신대입구,18501,20205,38706
20211217,4호선,동작,1410,1528,2938
20211217,4호선,이촌,6942,7556,14498
20211217,5호선,우장산,14048,13554,27602
20211217,4호선,신용산,16994,18149,35143
20211217,5호선,화곡,27706,25290,52996
20211217,5호선,신정,13681,10873,24554
20211217,5호선,종로3가,11926,12515,24441
20211217,5호선,광화문,29279,30729,60008
20211217,5호선,서대문,18481,18661,37142
20211217,5호선,충정로,4895,4784,9679
20211217,5호선,애오개,6720,6726,13446
20211217,5호선,공덕,13433,14550,27983
20211217,5호선,마포,14232,14721,28953
20211217,5호선,여의나루,7773,8915,16688
20211217,5호선,여의도,28113,29338,57451
20211217,5호선,신길,4069,4251,8320
20211217,5호선,영등포시장,9727,10078,19805
20211217,5호선,영등포구청,3672,3742,7414
20211217,5호선,양평,7405,7262,14667
20211217,5호선,오목교,22220,23858,46078
20211217,5호선,목동,16771,18007,34778
20211217,5호선,까치산,28163,26759,54922
20211217,3호선,안국,19305,19849,39154
20211217,4호선,삼각지,4995,5901,10896
20211217,4호선,서울역,10495,17670,28165
20211217,3호선,대치,9923,10053,19976
20211217,3호선,도곡,5250,5387,10637
20211217,3호선,매봉,12299,12039,24338
20211217,3호선,양재,39845,41632,81477
20211217,3호선,남부터미널,29220,29873,59093
20211217,3호선,교대,14000,9205,23205
20211217,3호선,고속터미널,43210,45043,88253
20211217,3호선,잠원,4851,4738,9589
20211217,3호선,신사,31771,34690,66461
20211217,3호선,압구정,32980,36100,69080
20211217,3호선,옥수,8648,8865,17513
20211217,3호선,금호,7784,7081,14865
20211217,3호선,약수,12815,12533,25348
20211217,3호선,동대입구,7059,7333,14392
20211217,3호선,충무로,1,0,1
20211217,3호선,학여울,1663,1744,3407
20211217,4호선,숙대입구,12796,12670,25466
20211217,3호선,대청,9825,8858,18683
20211217,3호선,수서,17955,17900,35855
20211217,4호선,회현,23686,25216,48902
20211217,4호선,명동,19884,21806,41690
20211217,4호선,충무로,25389,26883,52272
20211217,4호선,동대문역사문화공원,14626,13684,28310
20211217,4호선,동대문,18072,18926,36998
20211217,4호선,혜화,31876,32022,63898
20211217,4호선,한성대입구,13269,12926,26195
20211217,4호선,성신여대입구,20388,19557,39945
20211217,4호선,길음,20098,18799,38897
20211217,4호선,미아사거리,27269,26062,53331
20211217,4호선,미아,14404,13482,27886
20211217,4호선,수유,33725,33667,67392
20211217,3호선,오금,6041,5308,11349
20211217,3호선,경찰병원,7304,7195,14499
20211217,3호선,가락시장,8852,8561,17413
20211217,3호선,일원,9701,9113,18814
20211217,9호선,노량진,25919,24644,50563
20211217,중앙선,지평,48,58,106
20211217,9호선,흑석,7803,8093,15896
20211217,분당선,서현,25812,26280,52092
20211217,분당선,야탑,25766,27005,52771
20211217,분당선,모란,19691,20160,39851
20211217,분당선,태평,13485,12689,26174
20211217,분당선,가천대,7356,7988,15344
20211217,분당선,선정릉,7958,8393,16351
20211217,분당선,강남구청,10530,11846,22376
20211217,분당선,압구정로데오,20289,24291,44580
20211217,분당선,서울숲,10107,10175,20282
20211217,분당선,수원,8410,7391,15801
20211217,분당선,수서,14293,14984,29277
20211217,분당선,대모산입구,4306,4028,8334
20211217,분당선,개포동,3733,3812,7545
20211217,분당선,구룡,2147,1930,4077
20211217,분당선,도곡,6813,6682,13495
20211217,분당선,수내,13195,13173,26368
20211217,분당선,한티,13859,14769,28628
20211217,분당선,정자,17513,18728,36241
20211217,분당선,오리,11832,9651,21483
20211217,수인선,어천,803,697,1500
20211217,수인선,오목천,3177,2747,5924
20211217,수인선,고색,4592,4294,8886
20211217,분당선,매교,3071,3018,6089
20211217,분당선,수원시청,13191,15380,28571
20211217,분당선,매탄권선,5302,4838,10140
20211217,분당선,영통,8907,9191,18098
20211217,분당선,청명,4562,4137,8699
20211217,분당선,상갈,5341,5035,10376
20211217,분당선,기흥,9841,9310,19151
20211217,분당선,신갈,4602,4450,9052
20211217,분당선,구성,5094,5148,10242
20211217,분당선,죽전,13528,14751,28279
20211217,분당선,보정,2490,2088,4578
20211217,분당선,이매,5592,5178,10770
20211217,분당선,미금,15499,16296,31795
20211217,수인선,야목,327,243,570
20211217,분당선,선릉,13122,19833,32955
20211217,과천선,평촌,17504,17459,34963
20211217,공항철도 1호선,서울역,8784,8536,17320
20211217,경춘선,춘천,1269,1089,2358
20211217,경춘선,남춘천,2792,2602,5394
20211217,경춘선,김유정,247,277,524
20211217,경춘선,강촌,421,432,853
20211217,경춘선,백양리,186,214,400
20211217,경춘선,굴봉산,125,112,237
20211217,경춘선,가평,1471,1580,3051
20211217,경춘선,상천,187,188,375
20211217,경춘선,청평,1381,1468,2849
20211217,경춘선,대성리,419,388,807
20211217,경춘선,마석,3633,3606,7239
20211217,경춘선,천마산,1540,1371,2911
20211217,경춘선,평내호평,5794,5765,11559
20211217,경춘선,금곡,1461,1319,2780
20211217,공항철도 1호선,공덕,2211,3137,5348
20211217,과천선,범계,25673,25690,51363
20211217,공항철도 1호선,홍대입구,9838,10835,20673
20211217,공항철도 1호선,마곡나루,7451,6897,14348
20211217,과천선,인덕원,23845,24378,48223
20211217,과천선,정부과천청사,10414,10175,20589
20211217,과천선,과천,6035,5547,11582
20211217,과천선,대공원,1717,1679,3396
20211217,과천선,경마공원,4764,4793,9557
20211217,과천선,선바위,8228,6984,15212
20211217,공항철도 1호선,영종,2764,2896,5660
20211217,공항철도 1호선,인천공항2터미널,2192,2108,4300
20211217,공항철도 1호선,인천공항1터미널,3853,4362,8215
20211217,공항철도 1호선,공항화물청사,2236,2359,4595
20211217,공항철도 1호선,운서,6381,6245,12626
20211217,공항철도 1호선,청라국제도시,6670,6252,12922
20211217,공항철도 1호선,검암,6572,6449,13021
20211217,공항철도 1호선,계양,9872,9148,19020
20211217,공항철도 1호선,김포공항,13118,6558,19676
20211217,공항철도 1호선,디지털미디어시티,13286,11951,25237
20211217,경춘선,사릉,3232,3079,6311
20211217,수인선,사리,4574,3875,8449
20211217,수인선,월곶,2469,2296,4765
20211217,장항선,온양온천,3152,3270,6422
20211217,장항선,배방,1053,935,1988
20211217,장항선,탕정,390,290,680
20211217,장항선,아산,3402,3473,6875
20211217,장항선,쌍용,2029,1719,3748
20211217,장항선,봉명,1125,1036,2161
20211217,일산선,대화,12208,9822,22030
20211217,일산선,주엽,8424,8413,16837
20211217,일산선,정발산,7293,7736,15029
20211217,일산선,마두,7318,7512,14830
20211217,일산선,백석,9880,9876,19756
20211217,일산선,대곡,1819,1376,3195
20211217,일산선,화정,16652,16918,33570
20211217,일산선,원당,10721,9840,20561
20211217,일산선,삼송,18844,18094,36938
20211217,장항선,신창,1578,1133,2711
20211217,일산선,원흥,10613,9819,20432
20211217,중앙선,회기,24580,23094,47674
20211217,중앙선,상봉,5595,5551,11146
20211217,분당선,망포,15313,13997,29310
20211217,중앙선,오빈,242,241,483
20211217,중앙선,아신,478,480,958
20211217,중앙선,국수,707,660,1367
20211217,중앙선,신원,167,164,331
20211217,중앙선,양수,1525,1575,3100
20211217,중앙선,운길산,512,448,960
20211217,중앙선,팔당,782,829,1611
20211217,중앙선,도심,2293,1756,4049
20211217,중앙선,덕소,5319,5297,10616
20211217,중앙선,양정,640,535,1175
20211217,중앙선,도농,10184,9156,19340
20211217,중앙선,구리,13122,13219,26341
20211217,중앙선,양원,2002,1917,3919
20211217,중앙선,망우,7492,7473,14965
20211217,중앙선,중랑,5475,5107,10582
20211217,수인선,달월,95,50,145
20211217,우이신설선,신설동,1906,1946,3852
20211217,우이신설선,성신여대입구,3437,3633,7070
20211217,안산선,상록수,15165,15062,30227
20211217,안산선,반월,4149,3943,8092
20211217,안산선,대야미,4827,4159,8986
20211217,안산선,산본,15654,16838,32492
20211217,수인선,인천,930,1525,2455
20211217,수인선,신포,1686,1718,3404
20211217,수인선,숭의,3729,3446,7175
20211217,수인선,인하대,5650,5117,10767
20211217,수인선,송도,2227,2009,4236
20211217,수인선,연수,4313,4312,8625
20211217,수인선,원인재,4264,4445,8709
20211217,수인선,남동인더스파크,2300,2503,4803
20211217,수인선,호구포,3807,4004,7811
20211217,수인선,인천논현,5241,5654,10895
20211217,수인선,소래포구,4383,4214,8597
20211217,안산선,한대앞,9325,9132,18457
20211217,우이신설선,보문,1497,1492,2989
20211217,안산선,중앙,17177,18613,35790
20211217,안산선,초지,4429,4580,9009
20211217,우이신설선,정릉,4639,4454,9093
20211217,우이신설선,북한산보국문,5765,5898,11663
20211217,우이신설선,솔샘,5498,5400,10898
20211217,우이신설선,삼양사거리,2328,2381,4709
20211217,우이신설선,삼양,1945,2060,4005
20211217,우이신설선,화계,3206,3037,6243
20211217,우이신설선,가오리,3890,3780,7670
20211217,우이신설선,4.19민주묘지,2543,2524,5067
20211217,우이신설선,솔밭공원,2183,2176,4359
20211217,우이신설선,북한산우이,2290,2075,4365
20211217,안산선,수리산,4172,3262,7434
20211217,안산선,오이도,8163,7962,16125
20211217,안산선,정왕,8838,8820,17658
20211217,안산선,신길온천,1628,1477,3105
20211217,안산선,안산,11015,10106,21121
20211217,안산선,고잔,8685,8287,16972
20211217,경춘선,퇴계원,3496,3173,6669
20211217,9호선,노들,4407,3693,8100
20211217,경춘선,갈매,2924,2552,5476
20211217,경부선,세류,2978,2705,5683
20211217,경부선,독산,18082,18664,36746
20211217,경부선,수원,35868,39581,75449
20211217,경부선,화서,7537,7237,14774
20211217,경부선,성균관대,14263,13808,28071
20211217,경부선,의왕,8863,8663,17526
20211217,경부선,군포,7361,7196,14557
20211217,경부선,금정,25895,26030,51925
20211217,경부선,명학,8688,8403,17091
20211217,경부선,안양,23754,23837,47591
20211217,경부선,관악,6752,6184,12936
20211217,경부선,석수,9362,8170,17532
20211217,경부선,금천구청,11701,11289,22990
20211217,경부선,가산디지털단지,16824,20132,36956
20211217,경부선,구로,18460,19447,37907
20211217,경부선,병점,14749,14221,28970
20211217,경부선,신도림,3767,3777,7544
20211217,경부선,세마,2734,2471,5205
20211217,경부선,오산,9749,9456,19205
20211217,경원선,한남,3884,3890,7774
20211217,경원선,서빙고,1892,1807,3699
20211217,경원선,이촌,3603,2807,6410
20211217,경부선,광명,3596,3247,6843
20211217,경부선,서동탄,1386,1275,2661
20211217,경부선,당정,6003,5473,11476
20211217,경부선,천안,5306,5408,10714
20211217,경부선,두정,5847,5449,11296
20211217,경부선,직산,856,724,1580
20211217,경부선,성환,3491,3158,6649
20211217,경부선,평택,12537,11732,24269
20211217,경부선,평택지제,3720,3436,7156
20211217,경부선,서정리,7451,6165,13616
20211217,경부선,송탄,4439,4045,8484
20211217,경부선,진위,1793,1390,3183
20211217,경부선,오산대,3363,3044,6407
20211217,경원선,옥수,60,31,91
20211217,경부선,영등포,39455,42222,81677
20211217,경부선,노량진,8217,8689,16906
20211217,9호선2~3단계,석촌,8316,7106,15422
20211217,9호선2~3단계,석촌고분,6045,5873,11918
20211217,9호선2~3단계,삼전,6999,6627,13626
20211217,9호선2~3단계,종합운동장,4317,4049,8366
20211217,9호선2~3단계,봉은사,18020,18659,36679
20211217,9호선2~3단계,삼성중앙,6635,7054,13689
20211217,9호선2~3단계,선정릉,9327,10414,19741
20211217,9호선2~3단계,언주,11308,11231,22539
20211217,9호선,신논현,33552,34729,68281
20211217,9호선,사평,3697,3628,7325
20211217,9호선,고속터미널,12639,16804,29443
20211217,9호선,신반포,3290,3254,6544
20211217,9호선,구반포,1568,1629,3197
20211217,9호선,동작,1711,1384,3095
20211217,경춘선,별내,3201,3052,6253
20211217,9호선2~3단계,송파나루,5263,5714,10977
20211217,경부선,대방,12150,12371,24521
20211217,9호선2~3단계,한성백제,2513,2292,4805
20211217,9호선2~3단계,둔촌오륜,1226,1086,2312
20211217,경부선,용산,38499,39796,78295
20211217,경부선,남영,8929,9517,18446
20211217,경부선,서울역,7441,2581,10022
20211217,경강선,여주,2052,2030,4082
20211217,경강선,세종대왕릉,314,298,612
20211217,경강선,부발,2588,1893,4481
20211217,경강선,이천,2795,2840,5635
20211217,경강선,신둔도예촌,1513,1287,2800
20211217,경강선,곤지암,2176,1985,4161
20211217,경강선,초월,3196,2904,6100
20211217,경강선,경기광주,7604,7004,14608
20211217,경강선,삼동,2303,2068,4371
20211217,경강선,이매,1047,911,1958
20211217,경강선,판교,4647,4704,9351
20211217,9호선2~3단계,중앙보훈병원,9973,8520,18493
20211217,9호선2~3단계,올림픽공원,8403,8407,16810
20211217,경원선,응봉,1774,1491,3265
20211217,경부선,신길,8553,7206,15759
20211217,경원선,청량리,16315,16558,32873
20211217,경인선,개봉,20818,20329,41147
20211217,경의선,검암,1,0,1
20211217,경의선,계양,2,0,2
20211217,경의선,임진강,6,12,18
20211217,경의선,문산,5017,4861,9878
20211217,경의선,파주,1319,791,2110
20211217,경의선,월롱,2939,2134,5073
20211217,경의선,금촌,6238,6091,12329
20211217,경의선,금릉,4739,4434,9173
20211217,경의선,운정,6719,6428,13147
20211217,경의선,야당,7201,7101,14302
20211217,경의선,탄현,7415,7066,14481
20211217,경의선,일산,8783,8683,17466
20211217,경의선,풍산,5303,4913,10216
20211217,경의선,백마,6554,6280,12834
20211217,경인선,역곡,26570,25696,52266
20211217,경의선,곡산,540,555,1095
20211217,경인선,부천,31428,31910,63338
20211217,경인선,부평,28616,31948,60564
20211217,경원선,왕십리,14687,16356,31043
20211217,경인선,도화,4003,3691,7694
20211217,경인선,중동,8911,8313,17224
20211217,경인선,온수,6325,6074,12399
20211217,경인선,도원,2810,2784,5594
20211217,경인선,간석,5557,5261,10818
20211217,경인선,부개,8285,7650,15935
20211217,경인선,소사,8110,7793,15903
20211217,경인선,구일,10165,10494,20659
20211217,경인선,인천,2949,2156,5105
20211217,경인선,동인천,12873,12466,25339
20211217,경인선,제물포,10629,9970,20599
20211217,경인선,주안,18338,16342,34680
20211217,경인선,동암,14058,14049,28107
20211217,경인선,백운,6552,6355,12907
20211217,경인선,송내,25543,25219,50762
20211217,경의선,능곡,3623,3409,7032
20211217,경인선,오류동,11372,10463,21835
20211217,경춘선,신내,1999,1871,3870
20211217,경원선,녹양,4431,4134,8565
20211217,경원선,가능,6324,6015,12339
20211217,경원선,의정부,18197,19148,37345
20211217,경원선,회룡,11415,11509,22924
20211217,경원선,망월사,6921,7107,14028
20211217,경원선,도봉산,6200,4029,10229
20211217,경원선,도봉,5589,5482,11071
20211217,경원선,방학,8854,8809,17663
20211217,경원선,창동,1,0,1
20211217,경원선,녹천,4388,3702,8090
20211217,경원선,월계,6333,5860,12193
20211217,경원선,광운대,7494,7294,14788
20211217,경원선,석계,7745,8738,16483
20211217,경원선,신이문,7993,7589,15582
20211217,경의선,행신,7910,7919,15829
20211217,경원선,양주,7461,7073,14534
20211217,경원선,덕계,2850,2484,5334
20211217,경원선,외대앞,7595,7551,15146
20211217,경원선,지행,6605,6426,13031
20211217,경원선,덕정,5408,5160,10568
20211217,경의선,화전,1591,1379,2970
20211217,경의선,수색,2533,2629,5162
20211217,경의선,디지털미디어시티,2513,2195,4708
20211217,경의선,가좌,5185,4896,10081
20211217,경의선,홍대입구,1580,2106,3686
20211217,경의선,서강대,2145,2107,4252
20211217,경의선,공덕,3546,3165,6711
20211217,경의선,강매,2969,2497,5466
20211217,경의선,신촌,765,982,1747
20211217,경의선,서울역,3979,5281,9260
20211217,경원선,소요산,2028,1701,3729
20211217,경원선,동두천,2207,2335,4542
20211217,경원선,보산,1767,1444,3211
20211217,경원선,동두천중앙,2880,2894,5774
20211217,경의선,효창공원앞,2931,3388,6319
20211220,경강선,판교,4518,4401,8919
20211220,경강선,이매,1111,942,2053
20211220,경강선,삼동,2309,2157,4466
20211220,경강선,경기광주,7250,6870,14120
20211220,경강선,초월,3005,2966,5971
20211220,경부선,용산,32073,32329,64402
20211220,경강선,곤지암,2121,2053,4174
20211220,경강선,부발,1756,1892,3648
20211220,경강선,이천,2397,2565,4962
20211220,경강선,세종대왕릉,296,288,584
20211220,경강선,여주,1888,1890,3778
20211220,경부선,서울역,5844,1894,7738
20211220,경부선,남영,8555,9016,17571
20211220,9호선2~3단계,중앙보훈병원,10894,9228,20122
20211220,경강선,신둔도예촌,1301,1235,2536
20211220,9호선2~3단계,둔촌오륜,1179,1105,2284
20211220,9호선2~3단계,삼성중앙,6443,6808,13251
20211220,9호선2~3단계,한성백제,2373,2211,4584
20211220,경부선,노량진,7582,7665,15247
20211220,9호선,동작,1723,1369,3092
20211220,9호선,구반포,1501,1560,3061
20211220,9호선,신반포,3087,2950,6037
20211220,9호선,고속터미널,11319,14318,25637
20211220,9호선,사평,3429,3325,6754
20211220,9호선,신논현,30564,30058,60622
20211220,9호선2~3단계,언주,10587,10862,21449
20211220,9호선2~3단계,선정릉,9487,10313,19800
20211220,9호선2~3단계,봉은사,14932,15183,30115
20211220,9호선2~3단계,종합운동장,4016,3976,7992
20211220,9호선2~3단계,삼전,6649,6488,13137
20211220,9호선2~3단계,석촌고분,5805,5779,11584
20211220,9호선2~3단계,석촌,7903,6972,14875
20211220,9호선2~3단계,송파나루,4628,4850,9478
20211220,9호선2~3단계,올림픽공원,6405,5576,11981
20211220,경부선,대방,12539,12873,25412
20211220,경원선,서빙고,1858,1684,3542
20211220,경부선,신도림,3952,3943,7895
20211220,경부선,오산,9123,9058,18181
20211220,경부선,진위,1602,1455,3057
20211220,경부선,송탄,4076,3972,8048
20211220,경부선,서정리,6176,6130,12306
20211220,경부선,평택지제,3351,3216,6567
20211220,경부선,평택,10857,10775,21632
20211220,경부선,성환,2922,3125,6047
20211220,경부선,직산,758,755,1513
20211220,경부선,두정,4795,5127,9922
20211220,경부선,천안,4482,4680,9162
20211220,경부선,당정,5948,5685,11633
20211220,경부선,서동탄,1373,1209,2582
20211220,경부선,광명,3304,2666,5970
20211220,경원선,이촌,3613,2809,6422
20211220,9호선,흑석,7438,7900,15338
20211220,경부선,오산대,3165,2883,6048
20211220,경부선,영등포,35052,35943,70995
20211220,경부선,세마,2702,2553,5255
20211220,경부선,세류,2866,2571,5437
20211220,경부선,신길,8815,7506,16321
20211220,경부선,구로,18025,17995,36020
20211220,경부선,가산디지털단지,17936,20789,38725
20211220,경부선,금천구청,11651,11508,23159
20211220,경부선,석수,9361,8381,17742
20211220,경부선,관악,6863,6350,13213
20211220,경부선,안양,20880,20753,41633
20211220,경부선,명학,8794,8780,17574
20211220,경부선,금정,25139,25861,51000
20211220,경부선,군포,7619,7661,15280
20211220,경부선,의왕,8805,8972,17777
20211220,경부선,성균관대,13445,13505,26950
20211220,경부선,화서,7586,7251,14837
20211220,경부선,수원,31749,32093,63842
20211220,경부선,독산,18381,19335,37716
20211220,경부선,병점,13431,13533,26964
20211220,9호선,노들,4277,3626,7903
20211220,7호선,면목,16145,15858,32003
20211220,9호선,샛강,5644,6041,11685
20211220,7호선,장승배기,9126,9070,18196
20211220,7호선,신대방삼거리,15999,15432,31431
20211220,7호선,보라매,9451,9608,19059
20211220,7호선,신풍,11118,10612,21730
20211220,7호선,대림,7599,7414,15013
20211220,7호선,남구로,16016,16612,32628
20211220,7호선,가산디지털단지,46247,45971,92218
20211220,7호선,철산,20121,20552,40673
20211220,7호선,광명사거리,21636,21306,42942
20211220,7호선,천왕,11209,10750,21959
20211220,7호선,온수,10272,9313,19585
20211220,7호선,까치울,7412,7057,14469
20211220,7호선,부천종합운동장,4974,4437,9411
20211220,7호선,춘의,9984,10032,20016
20211220,7호선,신중동,13952,13953,27905
20211220,7호선,상도,10075,9878,19953
20211220,7호선,부천시청,12513,12402,24915
20211220,7호선,숭실대입구,11353,11698,23051
20211220,7호선,이수,14792,14649,29441
20211220,경원선,한남,3964,3744,7708
20211220,7호선,사가정,15667,15574,31241
20211220,7호선,용마산,6020,5648,11668
20211220,7호선,중곡,10674,10074,20748
20211220,7호선,군자,15143,11877,27020
20211220,7호선,어린이대공원,11380,11282,22662
20211220,7호선,건대입구,11764,12083,23847
20211220,7호선,뚝섬유원지,7012,6720,13732
20211220,7호선,청담,18976,20772,39748
20211220,7호선,강남구청,15535,16896,32431
20211220,7호선,학동,24233,25274,49507
20211220,7호선,논현,20221,21504,41725
20211220,7호선,반포,5509,5323,10832
20211220,7호선,고속터미널,15144,12389,27533
20211220,7호선,내방,13974,14042,28016
20211220,7호선,남성,10479,10002,20481
20211220,9호선,노량진,24377,23992,48369
20211220,7호선,상동,12722,13247,25969
20211220,7호선,굴포천,8899,9327,18226
20211220,9호선,개화,2463,1752,4215
20211220,9호선,김포공항,7230,11428,18658
20211220,9호선,공항시장,2867,3042,5909
20211220,9호선,신방화,6721,6589,13310
20211220,9호선,마곡나루,11161,11145,22306
20211220,9호선,양천향교,9158,9549,18707
20211220,9호선,가양,20132,19674,39806
20211220,9호선,증미,7072,7057,14129
20211220,9호선,등촌,11412,11195,22607
20211220,9호선,염창,16625,16305,32930
20211220,9호선,신목동,3931,3582,7513
20211220,9호선,선유도,8496,8199,16695
20211220,9호선,당산,16871,17271,34142
20211220,9호선,국회의사당,15473,16065,31538
20211220,9호선,여의도,26559,26096,52655
20211220,8호선,남위례,3189,3614,6803
20211220,7호선,삼산체육관,5185,4683,9868
20211220,8호선,모란,4172,3091,7263
20211220,8호선,신흥,4120,4519,8639
20211220,7호선,부평구청,7220,6528,13748
20211220,8호선,암사,19491,16400,35891
20211220,8호선,천호,16053,16653,32706
20211220,8호선,강동구청,10424,10559,20983
20211220,8호선,몽촌토성,6057,6071,12128
20211220,8호선,잠실,13476,15846,29322
20211220,8호선,석촌,7379,8411,15790
20211220,8호선,송파,7523,7330,14853
20211220,8호선,가락시장,7255,7982,15237
20211220,8호선,문정,21874,22933,44807
20211220,8호선,장지,16290,15947,32237
20211220,8호선,복정,9276,7788,17064
20211220,8호선,산성,5183,5129,10312
20211220,8호선,남한산성입구,13395,12231,25626
20211220,8호선,단대오거리,10090,10097,20187
20211220,8호선,수진,5052,4776,9828
20211220,경원선,옥수,50,38,88
20211220,경춘선,퇴계원,3598,3339,6937
20211220,경원선,왕십리,13662,14735,28397
20211220,공항철도 1호선,청라국제도시,6647,6267,12914
20211220,공항철도 1호선,운서,6270,6317,12587
20211220,공항철도 1호선,공항화물청사,2293,2429,4722
20211220,공항철도 1호선,인천공항1터미널,3613,3963,7576
20211220,공항철도 1호선,인천공항2터미널,2198,2077,4275
20211220,공항철도 1호선,영종,2836,2802,5638
20211220,과천선,선바위,7949,6849,14798
20211220,과천선,경마공원,947,892,1839
20211220,과천선,대공원,1882,1985,3867
20211220,과천선,과천,5679,5291,10970
20211220,과천선,정부과천청사,10313,10263,20576
20211220,과천선,인덕원,22650,23789,46439
20211220,과천선,평촌,17709,17652,35361
20211220,과천선,범계,24462,24008,48470
20211220,분당선,선릉,13271,20076,33347
20211220,공항철도 1호선,검암,6460,6408,12868
20211220,분당선,한티,13176,14149,27325
20211220,공항철도 1호선,계양,9750,9170,18920
20211220,공항철도 1호선,마곡나루,8563,8469,17032
20211220,경춘선,마석,3639,3561,7200
20211220,경춘선,대성리,414,367,781
20211220,경춘선,청평,1368,1315,2683
20211220,경춘선,상천,244,224,468
20211220,경춘선,가평,1488,1447,2935
20211220,경춘선,굴봉산,121,129,250
20211220,경춘선,백양리,228,231,459
20211220,경춘선,강촌,309,317,626
20211220,경춘선,김유정,256,251,507
20211220,경춘선,남춘천,2137,2244,4381
20211220,경춘선,춘천,1403,1299,2702
20211220,공항철도 1호선,서울역,7495,6719,14214
20211220,공항철도 1호선,공덕,2186,2799,4985
20211220,공항철도 1호선,홍대입구,9021,8936,17957
20211220,공항철도 1호선,디지털미디어시티,13312,12091,25403
20211220,공항철도 1호선,김포공항,11916,6749,18665
20211220,경춘선,천마산,1621,1531,3152
20211220,분당선,도곡,6615,6702,13317
20211220,분당선,개포동,3587,3758,7345
20211220,분당선,구성,4961,5227,10188
20211220,분당선,신갈,4519,4392,8911
20211220,분당선,기흥,9318,8948,18266
20211220,분당선,상갈,5085,4937,10022
20211220,분당선,청명,4152,4049,8201
20211220,분당선,영통,7984,8053,16037
20211220,분당선,망포,14088,13674,27762
20211220,분당선,매탄권선,4809,4636,9445
20211220,분당선,수원시청,12217,12926,25143
20211220,분당선,매교,3052,3022,6074
20211220,수인선,고색,4580,4354,8934
20211220,수인선,오목천,2770,2617,5387
20211220,수인선,어천,677,702,1379
20211220,수인선,야목,294,186,480
20211220,7호선,상봉,16134,15192,31326
20211220,분당선,죽전,12815,14042,26857
20211220,분당선,구룡,1767,1743,3510
20211220,분당선,보정,2420,2111,4531
20211220,분당선,오리,11637,9697,21334
20211220,분당선,대모산입구,4292,3945,8237
20211220,분당선,수서,12961,13442,26403
20211220,분당선,수원,7725,6563,14288
20211220,분당선,서울숲,9905,9849,19754
20211220,분당선,압구정로데오,17506,18756,36262
20211220,분당선,강남구청,9881,11373,21254
20211220,분당선,선정릉,7959,8404,16363
20211220,분당선,가천대,6461,7359,13820
20211220,분당선,태평,13074,12640,25714
20211220,분당선,모란,18809,19059,37868
20211220,분당선,야탑,24780,25767,50547
20211220,분당선,서현,24040,24129,48169
20211220,분당선,수내,12820,12842,25662
20211220,분당선,정자,16423,17434,33857
20211220,분당선,미금,14890,15823,30713
20211220,분당선,이매,5463,5075,10538
20211220,경원선,응봉,1790,1491,3281
20211220,경춘선,평내호평,6053,5746,11799
20211220,경춘선,사릉,3327,3211,6538
20211220,경원선,동두천중앙,3147,3002,6149
20211220,경원선,보산,1562,1373,2935
20211220,경원선,동두천,2087,2187,4274
20211220,경원선,소요산,2287,1895,4182
20211220,경의선,서울역,4120,5095,9215
20211220,경의선,신촌,813,995,1808
20211220,경의선,효창공원앞,2786,3320,6106
20211220,경의선,공덕,3499,3258,6757
20211220,경의선,서강대,2132,1983,4115
20211220,경의선,홍대입구,1599,1806,3405
20211220,경의선,가좌,5090,4857,9947
20211220,경의선,디지털미디어시티,2347,2250,4597
20211220,경의선,수색,2685,2804,5489
20211220,경의선,화전,2025,1787,3812
20211220,경의선,강매,3105,2692,5797
20211220,경원선,지행,6361,6295,12656
20211220,경의선,행신,7519,7482,15001
20211220,경원선,덕정,5298,5348,10646
20211220,경원선,양주,7388,6829,14217
20211220,경원선,청량리,14382,14868,29250
20211220,경원선,외대앞,7295,7275,14570
20211220,경원선,신이문,8145,7564,15709
20211220,경원선,석계,7664,8769,16433
20211220,경원선,광운대,7597,7223,14820
20211220,경원선,월계,6584,6238,12822
20211220,경원선,녹천,4433,3818,8251
20211220,경원선,방학,9323,9156,18479
20211220,경원선,도봉,5773,5581,11354
20211220,경원선,도봉산,6345,4304,10649
20211220,경원선,망월사,7434,7513,14947
20211220,경원선,회룡,11968,11738,23706
20211220,경원선,의정부,17561,17955,35516
20211220,경원선,가능,6475,6290,12765
20211220,경원선,녹양,4349,4093,8442
20211220,경원선,덕계,3001,2666,5667
20211220,경춘선,금곡,1521,1461,2982
20211220,경의선,능곡,3599,3336,6935
20211220,경의선,백마,6638,6487,13125
20211220,경인선,주안,17899,16185,34084
20211220,경인선,제물포,10122,9723,19845
20211220,경인선,동인천,13031,12249,25280
20211220,경인선,인천,3168,2310,5478
20211220,경인선,구일,6326,6337,12663
20211220,경인선,소사,8324,8109,16433
20211220,경인선,부개,8348,7884,16232
20211220,경인선,간석,5708,5371,11079
20211220,경인선,도원,2884,2868,5752
20211220,경인선,온수,6264,6036,12300
20211220,경인선,중동,9063,8570,17633
20211220,경인선,도화,4019,3736,7755
20211220,경춘선,신내,1994,1810,3804
20211220,경춘선,갈매,3060,2665,5725
20211220,경춘선,별내,3408,3158,6566
20211220,경인선,동암,14134,14190,28324
20211220,경의선,곡산,568,594,1162
20211220,경인선,백운,6782,6731,13513
20211220,경인선,송내,25486,25331,50817
20211220,경의선,풍산,5289,4883,10172
20211220,경의선,일산,8966,8809,17775
20211220,경의선,탄현,7484,7075,14559
20211220,경의선,야당,6969,6567,13536
20211220,경의선,운정,6789,6552,13341
20211220,경의선,금릉,4643,4503,9146
20211220,경의선,금촌,6082,6073,12155
20211220,경의선,월롱,2220,2263,4483
20211220,경의선,파주,1146,742,1888
20211220,경의선,문산,4784,4907,9691
20211220,경의선,임진강,4,4,8
20211220,경인선,개봉,20694,20903,41597
20211220,경인선,오류동,11341,10927,22268
20211220,경인선,역곡,25927,25706,51633
20211220,경인선,부천,30414,30442,60856
20211220,경인선,부평,27521,29144,56665
20211220,수인선,사리,4321,3858,8179
20211220,7호선,먹골,9711,9533,19244
20211220,7호선,태릉입구,8000,7577,15577
20211220,2호선,왕십리,16161,12902,29063
20211220,2호선,한양대,8317,9074,17391
20211220,2호선,뚝섬,20489,21981,42470
20211220,2호선,성수,36204,38925,75129
20211220,2호선,건대입구,31841,33886,65727
20211220,2호선,구의,22578,22582,45160
20211220,2호선,상왕십리,14088,13582,27670
20211220,2호선,강변,29717,27712,57429
20211220,2호선,잠실,65777,65065,130842
20211220,2호선,잠실새내,20137,19854,39991
20211220,2호선,종합운동장,6733,7248,13981
20211220,2호선,삼성,49469,49767,99236
20211220,2호선,선릉,55246,49124,104370
20211220,2호선,역삼,50081,55755,105836
20211220,2호선,잠실나루,14036,13680,27716
20211220,2호선,신당,13028,13418,26446
20211220,2호선,동대문역사문화공원,10961,12654,23615
20211220,2호선,을지로4가,12894,13310,26204
20211220,수인선,원인재,4246,4283,8529
20211220,수인선,남동인더스파크,2217,2647,4864
20211220,1호선,서울역,40739,38818,79557
20211220,1호선,동묘앞,6974,7193,14167
20211220,1호선,시청,20609,20869,41478
20211220,1호선,종각,31998,31987,63985
20211220,1호선,종로3가,23509,21537,45046
20211220,1호선,종로5가,20637,20736,41373
20211220,1호선,동대문,10469,9772,20241
20211220,1호선,신설동,12954,12533,25487
20211220,1호선,제기동,16028,16345,32373
20211220,1호선,청량리,19385,19102,38487
20211220,2호선,시청,21885,21815,43700
20211220,2호선,을지로입구,37864,38475,76339
20211220,2호선,을지로3가,21500,21368,42868
20211220,2호선,강남,78545,76894,155439
20211220,2호선,교대,32118,36456,68574
20211220,2호선,서초,20427,19970,40397
20211220,2호선,방배,15434,16189,31623
20211220,2호선,신답,1713,1919,3632
20211220,2호선,신설동,2950,3087,6037
20211220,2호선,도림천,1387,1425,2812
20211220,2호선,양천구청,6641,7047,13688
20211220,2호선,신정네거리,9851,10291,20142
20211220,2호선,용두,2390,2451,4841
20211220,3호선,지축,4387,4309,8696
20211220,3호선,구파발,19835,18856,38691
20211220,3호선,연신내,34741,33010,67751
20211220,3호선,불광,15663,16664,32327
20211220,3호선,녹번,15013,13840,28853
20211220,3호선,홍제,16378,15766,32144
20211220,3호선,무악재,3733,3788,7521
20211220,3호선,독립문,6501,6658,13159
20211220,3호선,경복궁,17787,17960,35747
20211220,2호선,용답,2770,2733,5503
20211220,수인선,송도,2343,2198,4541
20211220,2호선,충정로,9697,10704,20401
20211220,2호선,이대,12279,13136,25415
20211220,2호선,사당,33314,36257,69571
20211220,2호선,낙성대,25629,25497,51126
20211220,2호선,서울대입구,44604,44483,89087
20211220,2호선,봉천,22600,21272,43872
20211220,2호선,신림,59661,58324,117985
20211220,2호선,신대방,25061,24665,49726
20211220,2호선,구로디지털단지,58557,58797,117354
20211220,2호선,대림,23302,23829,47131
20211220,2호선,신도림,44487,43536,88023
20211220,2호선,문래,20823,21402,42225
20211220,2호선,영등포구청,22852,23632,46484
20211220,2호선,당산,17443,20375,37818
20211220,2호선,합정,27847,29199,57046
20211220,2호선,홍대입구,49021,50090,99111
20211220,2호선,신촌,29012,30171,59183
20211220,2호선,아현,9812,9547,19359
20211220,수인선,인하대,5617,5352,10969
20211220,수인선,숭의,3927,3710,7637
20211220,수인선,신포,1734,1718,3452
20211220,중앙선,도심,2380,1847,4227
20211220,중앙선,덕소,5399,5315,10714
20211220,중앙선,양정,692,585,1277
20211220,중앙선,도농,10415,9258,19673
20211220,중앙선,구리,13245,13076,26321
20211220,중앙선,양원,1980,2006,3986
20211220,중앙선,망우,7487,7347,14834
20211220,중앙선,상봉,5664,5489,11153
20211220,중앙선,중랑,5289,5008,10297
20211220,중앙선,회기,23147,22698,45845
20211220,장항선,신창,1000,1135,2135
20211220,장항선,온양온천,3076,3164,6240
20211220,장항선,배방,915,897,1812
20211220,장항선,탕정,327,311,638
20211220,장항선,아산,2937,2549,5486
20211220,중앙선,팔당,781,829,1610
20211220,장항선,쌍용,1789,1642,3431
20211220,중앙선,운길산,540,507,1047
20211220,중앙선,신원,186,155,341
20211220,7호선,중화,10561,10561,21122
20211220,수인선,달월,95,49,144
20211220,수인선,월곶,2450,2311,4761
20211220,수인선,소래포구,4745,4398,9143
20211220,수인선,인천논현,5398,5681,11079
20211220,수인선,호구포,3926,4117,8043
20211220,일산선,화정,16406,16701,33107
20211220,일산선,원당,10649,10124,20773
20211220,중앙선,지평,50,64,114
20211220,중앙선,용문,2378,2340,4718
20211220,중앙선,원덕,317,306,623
20211220,중앙선,양평,2474,2509,4983
20211220,중앙선,오빈,266,274,540
20211220,중앙선,아신,496,485,981
20211220,중앙선,국수,710,705,1415
20211220,중앙선,양수,1667,1698,3365
20211220,3호선,안국,18171,18804,36975
20211220,장항선,봉명,1146,1103,2249
20211220,일산선,주엽,8605,8578,17183
20211220,우이신설선,북한산우이,2440,2184,4624
20211220,안산선,수리산,4157,3472,7629
20211220,안산선,오이도,7862,7485,15347
20211220,안산선,정왕,8565,9044,17609
20211220,안산선,신길온천,1686,1521,3207
20211220,안산선,안산,11342,10118,21460
20211220,안산선,초지,4347,4549,8896
20211220,안산선,고잔,8592,8027,16619
20211220,안산선,중앙,16727,17222,33949
20211220,안산선,한대앞,9105,9196,18301
20211220,안산선,상록수,14941,15271,30212
20211220,안산선,반월,4214,4075,8289
20211220,안산선,대야미,4750,4327,9077
20211220,안산선,산본,15236,16503,31739
20211220,수인선,인천,918,1533,2451
20211220,우이신설선,솔밭공원,2342,2288,4630
20211220,일산선,대화,12246,9586,21832
20211220,우이신설선,4.19민주묘지,2693,2615,5308
20211220,우이신설선,화계,3215,3040,6255
20211220,일산선,정발산,6659,6494,13153
20211220,일산선,마두,7478,7551,15029
20211220,일산선,백석,9565,9628,19193
20211220,일산선,대곡,1905,1464,3369
20211220,일산선,삼송,18541,18250,36791
20211220,일산선,지축,3,0,3
20211220,일산선,원흥,10110,9658,19768
20211220,우이신설선,신설동,2080,1992,4072
20211220,우이신설선,보문,1454,1423,2877
20211220,우이신설선,성신여대입구,3057,3345,6402
20211220,우이신설선,정릉,4416,4116,8532
20211220,우이신설선,북한산보국문,5812,5608,11420
20211220,우이신설선,솔샘,5591,5411,11002
20211220,우이신설선,삼양사거리,2415,2432,4847
20211220,우이신설선,삼양,1960,2067,4027
20211220,우이신설선,가오리,3926,3970,7896
20211220,3호선,종로3가,9622,10980,20602
20211220,수인선,연수,4226,4180,8406
20211220,3호선,동대입구,6774,7125,13899
20211220,5호선,거여,7611,8867,16478
20211220,5호선,마천,6626,6421,13047
20211220,5호선,강일,3438,4504,7942
20211220,5호선,미사,14982,15060,30042
20211220,5호선,하남풍산,3761,4032,7793
20211220,5호선,하남시청,5923,5821,11744
20211220,5호선,하남검단산,5242,4990,10232
20211220,6호선,응암,17048,17021,34069
20211220,6호선,역촌,3714,4431,8145
20211220,6호선,불광,3981,3989,7970
20211220,6호선,독바위,2571,2738,5309
20211220,6호선,구산,7305,5480,12785
20211220,6호선,새절,12512,11657,24169
20211220,6호선,증산,9823,9882,19705
20211220,6호선,디지털미디어시티,13430,14631,28061
20211220,5호선,개롱,6257,6753,13010
20211220,6호선,월드컵경기장,3496,3791,7287
20211220,5호선,오금,3772,3743,7515
20211220,5호선,올림픽공원,4062,4067,8129
20211220,5호선,왕십리,4454,4935,9389
20211220,5호선,마장,5423,5266,10689
20211220,5호선,답십리,15644,15086,30730
20211220,5호선,장한평,17847,17696,35543
20211220,5호선,군자,10699,11964,22663
20211220,5호선,아차산,13357,13247,26604
20211220,5호선,광나루,11265,11714,22979
20211220,5호선,천호,16904,16855,33759
20211220,5호선,강동,18141,18417,36558
20211220,5호선,길동,7197,9308,16505
20211220,5호선,굽은다리,9003,9640,18643
20211220,5호선,명일,7678,9703,17381
20211220,5호선,고덕,9414,9747,19161
20211220,5호선,상일동,14627,15071,29698
20211220,5호선,둔촌동,7876,8113,15989
20211220,5호선,방이,6451,7282,13733
20211220,5호선,행당,6778,7131,13909
20211220,6호선,마포구청,13932,12694,26626
20211220,6호선,합정,11821,11478,23299
20211220,6호선,상월곡,6062,5339,11401
20211220,6호선,돌곶이,8960,8587,17547
20211220,6호선,석계,11613,12141,23754
20211220,6호선,태릉입구,5156,5693,10849
20211220,6호선,화랑대,11380,9031,20411
20211220,6호선,봉화산,8533,8077,16610
20211220,6호선,신내,1,0,1
20211220,7호선,장암,2246,805,3051
20211220,7호선,도봉산,9110,9943,19053
20211220,7호선,수락산,12025,11769,23794
20211220,7호선,마들,12458,11958,24416
20211220,7호선,노원,18824,19734,38558
20211220,7호선,중계,13780,12723,26503
20211220,7호선,하계,16818,15931,32749
20211220,3호선,을지로3가,10264,10611,20875
20211220,6호선,월곡,11005,10944,21949
20211220,6호선,망원,12686,13514,26200
20211220,6호선,고려대,7571,7297,14868
20211220,6호선,보문,6804,6328,13132
20211220,6호선,상수,7359,8104,15463
20211220,6호선,광흥창,8723,8486,17209
20211220,6호선,대흥,7480,7665,15145
20211220,6호선,공덕,17949,17825,35774
20211220,6호선,효창공원앞,6584,6034,12618
20211220,6호선,삼각지,5484,4767,10251
20211220,6호선,녹사평,4389,4250,8639
20211220,6호선,이태원,8383,8314,16697
20211220,6호선,한강진,6337,7199,13536
20211220,6호선,버티고개,1907,1973,3880
20211220,6호선,약수,3407,3501,6908
20211220,6호선,청구,3626,3880,7506
20211220,6호선,신당,7661,8031,15692
20211220,6호선,동묘앞,7423,7689,15112
20211220,6호선,창신,3382,2763,6145
20211220,6호선,안암,10680,10751,21431
20211220,5호선,신금호,6150,6544,12694
20211220,7호선,공릉,11588,11497,23085
20211220,5호선,동대문역사문화공원,2869,3047,5916
20211220,3호선,오금,6771,5562,12333
20211220,4호선,수유,32437,32426,64863
20211220,4호선,미아,14608,14268,28876
20211220,4호선,미아사거리,26305,25435,51740
20211220,4호선,길음,19261,18993,38254
20211220,4호선,성신여대입구,18790,18368,37158
20211220,4호선,한성대입구,12651,12240,24891
20211220,4호선,혜화,28216,28056,56272
20211220,4호선,동대문,18692,19340,38032
20211220,4호선,동대문역사문화공원,13932,12653,26585
20211220,4호선,충무로,24843,25999,50842
20211220,4호선,명동,19477,19954,39431
20211220,4호선,회현,23051,24815,47866
20211220,4호선,서울역,10355,14711,25066
20211220,4호선,숙대입구,12251,11875,24126
20211220,3호선,경찰병원,7253,7211,14464
20211220,4호선,삼각지,4483,4886,9369
20211220,3호선,가락시장,8570,8310,16880
20211220,3호선,일원,9909,9899,19808
20211220,5호선,청구,3935,3592,7527
20211220,3호선,금호,7631,7233,14864
20211220,3호선,옥수,8542,8959,17501
20211220,3호선,압구정,31327,33092,64419
20211220,3호선,신사,29902,31144,61046
20211220,3호선,잠원,4633,4635,9268
20211220,3호선,고속터미널,36599,34347,70946
20211220,3호선,교대,13630,8820,22450
20211220,3호선,남부터미널,27083,27713,54796
20211220,3호선,양재,36956,40598,77554
20211220,3호선,매봉,12098,11437,23535
20211220,3호선,도곡,5346,5269,10615
20211220,3호선,대치,10030,9997,20027
20211220,3호선,학여울,1673,1674,3347
20211220,3호선,대청,9712,9004,18716
20211220,3호선,수서,16391,16503,32894
20211220,4호선,신용산,15881,16749,32630
20211220,3호선,약수,12405,12111,24516
20211220,4호선,동작,1373,1538,2911
20211220,5호선,오목교,20932,22237,43169
20211220,5호선,양평,7316,7224,14540
20211220,5호선,영등포구청,3772,3751,7523
20211220,5호선,영등포시장,9694,9828,19522
20211220,5호선,신길,3915,4248,8163
20211220,5호선,여의나루,8612,8780,17392
20211220,5호선,마포,13858,13936,27794
20211220,5호선,공덕,13121,14214,27335
20211220,5호선,애오개,6444,6923,13367
20211220,5호선,충정로,4776,5065,9841
20211220,5호선,서대문,17735,16475,34210
20211220,5호선,광화문,28052,25723,53775
20211220,5호선,종로3가,10997,10609,21606
20211220,5호선,을지로4가,6033,5153,11186
20211220,4호선,이촌,6597,7402,13999
20211220,5호선,목동,15891,17450,33341
20211220,5호선,신정,13465,10938,24403
20211220,5호선,여의도,27578,27169,54747
20211220,5호선,화곡,27393,26084,53477
20211220,5호선,까치산,27886,27142,55028
20211220,4호선,사당,22561,18633,41194
20211220,4호선,남태령,1085,999,2084
20211220,4호선,당고개,12211,10992,23203
20211220,4호선,상계,18305,17049,35354
20211220,4호선,창동,24214,25520,49734
20211220,4호선,쌍문,28367,26212,54579
20211220,4호선,노원,17648,19575,37223
20211220,5호선,개화산,5437,5169,10606
20211220,4호선,총신대입구,17697,19175,36872
20211220,5호선,김포공항,7221,6383,13604
20211220,5호선,송정,6402,5927,12329
20211220,5호선,마곡,10561,10272,20833
20211220,5호선,발산,19870,19597,39467
20211220,5호선,우장산,13808,13812,27620
20211220,5호선,방화,6486,6408,12894
20211221,경의선,서울역,4170,5259,9429
20211221,경원선,동두천중앙,3082,2984,6066
20211221,경원선,보산,1568,1449,3017
20211221,경원선,동두천,2050,2307,4357
20211221,경원선,소요산,2452,2101,4553
20211221,경의선,신촌,862,1082,1944
20211221,경의선,화전,2056,1891,3947
20211221,경의선,공덕,3602,3208,6810
20211221,경의선,서강대,2078,2078,4156
20211221,경의선,홍대입구,1726,1885,3611
20211221,경의선,가좌,5210,5002,10212
20211221,경의선,디지털미디어시티,2393,2318,4711
20211221,경의선,수색,2755,2868,5623
20211221,경원선,지행,6469,6306,12775
20211221,경의선,효창공원앞,2942,3392,6334
20211221,경원선,덕정,5300,5259,10559
20211221,경원선,청량리,14348,14909,29257
20211221,경원선,양주,7511,7003,14514
20211221,경춘선,갈매,3090,2671,5761
20211221,경원선,외대앞,7747,7608,15355
20211221,경원선,신이문,8303,7774,16077
20211221,경원선,석계,7877,8966,16843
20211221,경원선,광운대,7980,7721,15701
20211221,경원선,월계,6565,6303,12868
20211221,경원선,녹천,4514,3950,8464
20211221,경원선,방학,9455,9292,18747
20211221,경원선,도봉,5959,5849,11808
20211221,경원선,도봉산,6705,4666,11371
20211221,경원선,망월사,7434,7590,15024
20211221,경원선,회룡,12037,11980,24017
20211221,경원선,의정부,18062,18343,36405
20211221,경원선,가능,6629,6476,13105
20211221,경원선,녹양,4398,4136,8534
20211221,경원선,덕계,3142,2777,5919
20211221,경의선,강매,3226,2822,6048
20211221,경인선,역곡,25992,25896,51888
20211221,경의선,능곡,3713,3429,7142
20211221,경인선,동암,14351,14451,28802
20211221,경인선,주안,17818,16310,34128
20211221,경인선,제물포,10065,9704,19769
20211221,경인선,동인천,13152,12470,25622
20211221,경인선,인천,3216,2567,5783
20211221,경인선,구일,7002,6999,14001
20211221,경인선,소사,8267,8153,16420
20211221,경인선,부개,8430,7995,16425
20211221,경인선,간석,5666,5508,11174
20211221,경인선,도원,2880,2960,5840
20211221,경인선,온수,6486,6308,12794
20211221,경인선,중동,9189,8737,17926
20211221,경인선,도화,4087,3733,7820
20211221,경춘선,신내,2108,1930,4038
20211221,경원선,왕십리,13829,15500,29329
20211221,경인선,백운,6919,6853,13772
20211221,경의선,행신,7661,7729,15390
20211221,경인선,부평,27697,29143,56840
20211221,경인선,부천,30633,30600,61233
20211221,경의선,곡산,581,611,1192
20211221,경의선,백마,6831,6611,13442
20211221,경의선,풍산,5374,5070,10444
20211221,경의선,일산,9217,9234,18451
20211221,경의선,탄현,7620,7219,14839
20211221,경의선,야당,6976,6812,13788
20211221,경의선,운정,6974,6624,13598
20211221,경의선,금릉,4674,4570,9244
20211221,경의선,금촌,6262,6272,12534
20211221,경의선,월롱,2307,2196,4503
20211221,경의선,파주,1154,730,1884
20211221,경의선,문산,4947,4938,9885
20211221,경의선,임진강,11,10,21
20211221,경인선,개봉,20966,21025,41991
20211221,경인선,오류동,11617,10917,22534
20211221,경인선,송내,25932,26049,51981
20211221,경원선,응봉,1797,1534,3331
20211221,경부선,신도림,3940,3989,7929
20211221,경원선,한남,4108,3837,7945
20211221,9호선2~3단계,둔촌오륜,1196,1085,2281
20211221,9호선2~3단계,중앙보훈병원,10545,9409,19954
20211221,경강선,판교,4775,4666,9441
20211221,경강선,이매,1051,979,2030
20211221,경강선,삼동,2318,2113,4431
20211221,경강선,경기광주,7530,7171,14701
20211221,경강선,초월,3060,3024,6084
20211221,경강선,곤지암,2125,2101,4226
20211221,경강선,신둔도예촌,1314,1243,2557
20211221,경강선,이천,2409,2423,4832
20211221,경강선,부발,1782,1732,3514
20211221,경강선,세종대왕릉,266,268,534
20211221,경강선,여주,1766,1795,3561
20211221,경부선,서울역,5387,1754,7141
20211221,경부선,남영,9008,9326,18334
20211221,9호선2~3단계,올림픽공원,5974,5883,11857
20211221,경부선,용산,32557,32781,65338
20211221,9호선2~3단계,한성백제,2562,2317,4879
20211221,9호선2~3단계,석촌,8188,7410,15598
20211221,경춘선,별내,3432,3246,6678
20211221,9호선,흑석,7826,8169,15995
20211221,9호선,동작,1815,1520,3335
20211221,9호선,구반포,1565,1613,3178
20211221,9호선,신반포,3209,3201,6410
20211221,9호선,고속터미널,11670,14646,26316
20211221,9호선,사평,3588,3537,7125
20211221,9호선,신논현,31782,31311,63093
20211221,9호선2~3단계,언주,10863,11181,22044
20211221,9호선2~3단계,선정릉,9810,10645,20455
20211221,9호선2~3단계,삼성중앙,6729,7153,13882
20211221,9호선2~3단계,봉은사,15993,16159,32152
20211221,9호선2~3단계,종합운동장,4092,4069,8161
20211221,9호선2~3단계,삼전,6735,6606,13341
20211221,9호선2~3단계,석촌고분,5918,5941,11859
20211221,9호선2~3단계,송파나루,4981,5197,10178
20211221,경원선,옥수,57,33,90
20211221,경부선,노량진,7839,8021,15860
20211221,경부선,영등포,36396,36910,73306
20211221,경부선,오산,9003,8977,17980
20211221,경부선,진위,1645,1438,3083
20211221,경부선,송탄,4074,4021,8095
20211221,경부선,서정리,6269,5931,12200
20211221,경부선,평택지제,3201,3135,6336
20211221,경부선,평택,10669,10479,21148
20211221,경부선,성환,2989,2970,5959
20211221,경부선,직산,682,708,1390
20211221,경부선,두정,4966,5012,9978
20211221,경부선,천안,4495,4589,9084
20211221,경부선,당정,6030,5817,11847
20211221,경부선,서동탄,1388,1208,2596
20211221,경부선,광명,3047,2666,5713
20211221,경원선,이촌,3526,2795,6321
20211221,경원선,서빙고,2081,1922,4003
20211221,경부선,오산대,3168,2971,6139
20211221,경부선,대방,12778,13121,25899
20211221,경부선,세마,2690,2577,5267
20211221,경부선,세류,2890,2624,5514
20211221,경부선,신길,8861,7507,16368
20211221,경부선,구로,18286,18499,36785
20211221,경부선,가산디지털단지,18180,20947,39127
20211221,경부선,금천구청,11648,11673,23321
20211221,경부선,석수,9550,8582,18132
20211221,경부선,관악,7184,6732,13916
20211221,경부선,안양,21314,21335,42649
20211221,경부선,명학,8928,8832,17760
20211221,경부선,금정,25854,26524,52378
20211221,경부선,군포,7688,7850,15538
20211221,경부선,의왕,9037,9023,18060
20211221,경부선,성균관대,13674,13548,27222
20211221,경부선,화서,7827,7641,15468
20211221,경부선,수원,31825,33542,65367
20211221,경부선,독산,18582,19350,37932
20211221,경부선,병점,13537,13332,26869
20211221,경춘선,퇴계원,3650,3415,7065
20211221,9호선,노들,4290,3681,7971
20211221,경춘선,금곡,1494,1432,2926
20211221,안산선,오이도,8094,7787,15881
20211221,안산선,수리산,4241,3515,7756
20211221,우이신설선,북한산우이,2656,2383,5039
20211221,우이신설선,솔밭공원,2401,2315,4716
20211221,우이신설선,4.19민주묘지,2805,2735,5540
20211221,우이신설선,가오리,3937,3976,7913
20211221,우이신설선,화계,3332,3097,6429
20211221,우이신설선,삼양,1925,2130,4055
20211221,우이신설선,삼양사거리,2432,2430,4862
20211221,우이신설선,솔샘,5721,5455,11176
20211221,우이신설선,북한산보국문,5858,5709,11567
20211221,우이신설선,정릉,4550,4192,8742
20211221,우이신설선,성신여대입구,3223,3569,6792
20211221,우이신설선,보문,1503,1505,3008
20211221,우이신설선,신설동,2077,2030,4107
20211221,안산선,정왕,8933,9256,18189
20211221,일산선,원흥,10404,9943,20347
20211221,안산선,신길온천,1710,1593,3303
20211221,안산선,초지,4381,4516,8897
20211221,수인선,소래포구,5077,4732,9809
20211221,수인선,인천논현,5451,5667,11118
20211221,수인선,호구포,3976,4155,8131
20211221,수인선,남동인더스파크,2308,2546,4854
20211221,수인선,원인재,4181,4486,8667
20211221,수인선,연수,4397,4299,8696
20211221,수인선,송도,2426,2259,4685
20211221,수인선,인하대,5640,5303,10943
20211221,수인선,숭의,4039,3741,7780
20211221,수인선,신포,1735,1770,3505
20211221,수인선,인천,985,1471,2456
20211221,안산선,산본,15705,16747,32452
20211221,안산선,한대앞,9492,9452,18944
20211221,안산선,중앙,17006,17442,34448
20211221,안산선,고잔,8778,8370,17148
20211221,안산선,안산,11241,10167,21408
20211221,수인선,월곶,2503,2279,4782
20211221,일산선,삼송,18924,18597,37521
20211221,일산선,화정,16802,17167,33969
20211221,중앙선,도농,10442,9471,19913
20211221,중앙선,양정,724,611,1335
20211221,중앙선,덕소,5471,5470,10941
20211221,중앙선,도심,2367,1879,4246
20211221,중앙선,팔당,821,809,1630
20211221,중앙선,운길산,628,588,1216
20211221,중앙선,양수,1692,1705,3397
20211221,중앙선,신원,194,170,364
20211221,중앙선,국수,638,646,1284
20211221,중앙선,아신,493,480,973
20211221,중앙선,오빈,276,273,549
20211221,중앙선,양평,2459,2464,4923
20211221,중앙선,원덕,293,292,585
20211221,중앙선,용문,1559,1458,3017
20211221,중앙선,지평,48,83,131
20211221,중앙선,구리,13089,13354,26443
20211221,일산선,원당,11044,10474,21518
20211221,중앙선,양원,1974,2000,3974
20211221,중앙선,상봉,5650,5659,11309
20211221,일산선,대곡,1848,1460,3308
20211221,일산선,백석,9760,9837,19597
20211221,일산선,마두,7545,7746,15291
20211221,일산선,정발산,6908,6903,13811
20211221,일산선,주엽,8743,8773,17516
20211221,일산선,대화,12651,10144,22795
20211221,장항선,봉명,1167,1111,2278
20211221,장항선,쌍용,1737,1600,3337
20211221,장항선,아산,2602,2289,4891
20211221,장항선,탕정,304,306,610
20211221,장항선,배방,892,892,1784
20211221,장항선,온양온천,3012,3130,6142
20211221,장항선,신창,955,954,1909
20211221,중앙선,회기,24501,23503,48004
20211221,중앙선,중랑,5501,5211,10712
20211221,중앙선,망우,7420,7483,14903
20211221,경춘선,사릉,3301,3175,6476
20211221,수인선,달월,98,54,152
20211221,수인선,야목,306,251,557
20211221,공항철도 1호선,계양,9804,9375,19179
20211221,공항철도 1호선,검암,6643,6480,13123
20211221,공항철도 1호선,청라국제도시,6795,6393,13188
20211221,공항철도 1호선,운서,6261,6414,12675
20211221,공항철도 1호선,공항화물청사,2290,2482,4772
20211221,공항철도 1호선,인천공항1터미널,3846,4585,8431
20211221,공항철도 1호선,인천공항2터미널,2230,2361,4591
20211221,공항철도 1호선,영종,2773,2791,5564
20211221,과천선,선바위,8142,7141,15283
20211221,과천선,경마공원,1391,1362,2753
20211221,과천선,대공원,2141,2232,4373
20211221,과천선,과천,5897,5552,11449
20211221,과천선,정부과천청사,10469,10472,20941
20211221,과천선,인덕원,23801,24692,48493
20211221,과천선,평촌,17799,17578,35377
20211221,공항철도 1호선,김포공항,11335,6039,17374
20211221,과천선,범계,25326,25193,50519
20211221,공항철도 1호선,마곡나루,8610,8329,16939
20211221,공항철도 1호선,홍대입구,9455,9459,18914
20211221,경춘선,평내호평,5989,5907,11896
20211221,경춘선,천마산,1602,1524,3126
20211221,경춘선,마석,3694,3648,7342
20211221,경춘선,대성리,405,395,800
20211221,경춘선,청평,1456,1382,2838
20211221,경춘선,상천,174,183,357
20211221,경춘선,가평,1469,1507,2976
20211221,경춘선,굴봉산,120,115,235
20211221,경춘선,백양리,234,207,441
20211221,경춘선,강촌,331,344,675
20211221,경춘선,김유정,260,269,529
20211221,경춘선,남춘천,2089,2150,4239
20211221,경춘선,춘천,1478,1370,2848
20211221,공항철도 1호선,서울역,7203,6339,13542
20211221,공항철도 1호선,공덕,2197,2843,5040
20211221,공항철도 1호선,디지털미디어시티,13913,12674,26587
20211221,수인선,사리,4293,3911,8204
20211221,분당선,한티,13907,14936,28843
20211221,분당선,구룡,1831,1879,3710
20211221,분당선,보정,2503,2211,4714
20211221,분당선,죽전,12966,14245,27211
20211221,분당선,구성,5029,5316,10345
20211221,분당선,신갈,4619,4596,9215
20211221,분당선,기흥,9514,9001,18515
20211221,분당선,상갈,5202,5031,10233
20211221,분당선,청명,4141,3947,8088
20211221,분당선,영통,8218,8280,16498
20211221,분당선,망포,14237,13581,27818
20211221,분당선,매탄권선,5103,4837,9940
20211221,분당선,수원시청,12652,13429,26081
20211221,분당선,매교,3073,3119,6192
20211221,수인선,고색,4601,4261,8862
20211221,수인선,오목천,2754,2577,5331
20211221,수인선,어천,661,659,1320
20211221,분당선,이매,5566,5259,10825
20211221,분당선,도곡,6923,6995,13918
20211221,분당선,오리,11925,9794,21719
20211221,분당선,정자,17135,18312,35447
20211221,분당선,개포동,3639,3785,7424
20211221,분당선,대모산입구,4331,4023,8354
20211221,분당선,수서,13245,13462,26707
20211221,분당선,복정,1,0,1
20211221,분당선,수원,7757,6670,14427
20211221,분당선,서울숲,10049,10405,20454
20211221,분당선,압구정로데오,19820,21120,40940
20211221,분당선,강남구청,10299,11774,22073
20211221,분당선,선정릉,8036,8640,16676
20211221,분당선,가천대,6551,7446,13997
20211221,분당선,태평,13189,12814,26003
20211221,분당선,모란,19203,19460,38663
20211221,분당선,야탑,25458,26560,52018
20211221,분당선,서현,24986,25327,50313
20211221,분당선,수내,13559,13454,27013
20211221,분당선,미금,15250,16314,31564
20211221,9호선,노량진,25335,24446,49781
20211221,9호선,여의도,27280,26097,53377
20211221,분당선,선릉,13758,20370,34128
20211221,3호선,가락시장,8750,8636,17386
20211221,3호선,경찰병원,7271,7296,14567
20211221,3호선,오금,6190,5619,11809
20211221,4호선,수유,33227,33286,66513
20211221,4호선,미아,14693,14394,29087
20211221,4호선,미아사거리,26885,26284,53169
20211221,3호선,수서,16303,16460,32763
20211221,4호선,길음,19681,19452,39133
20211221,4호선,한성대입구,13162,12727,25889
20211221,4호선,혜화,31093,31113,62206
20211221,4호선,동대문,18851,19427,38278
20211221,4호선,동대문역사문화공원,14220,12930,27150
20211221,4호선,충무로,25679,26504,52183
20211221,4호선,명동,20010,21050,41060
20211221,4호선,성신여대입구,19729,18900,38629
20211221,3호선,일원,10177,9805,19982
20211221,3호선,대청,9679,9153,18832
20211221,3호선,학여울,1707,1807,3514
20211221,3호선,충무로,1,0,1
20211221,3호선,동대입구,7601,7905,15506
20211221,3호선,약수,12889,12580,25469
20211221,3호선,금호,7910,7414,15324
20211221,3호선,옥수,8807,9206,18013
20211221,3호선,압구정,32994,34545,67539
20211221,3호선,신사,31563,32537,64100
20211221,3호선,잠원,4803,4743,9546
20211221,3호선,고속터미널,38136,36319,74455
20211221,3호선,교대,14223,9148,23371
20211221,3호선,남부터미널,28181,29243,57424
20211221,3호선,양재,38250,41747,79997
20211221,3호선,매봉,12658,12129,24787
20211221,3호선,도곡,5430,5479,10909
20211221,3호선,대치,10225,10305,20530
20211221,4호선,회현,24888,26473,51361
20211221,4호선,서울역,10554,14841,25395
20211221,4호선,숙대입구,12525,12330,24855
20211221,4호선,삼각지,4716,5231,9947
20211221,5호선,까치산,28440,27647,56087
20211221,5호선,신정,13631,11116,24747
20211221,5호선,목동,16376,17945,34321
20211221,5호선,오목교,21494,22977,44471
20211221,5호선,양평,7463,7531,14994
20211221,5호선,영등포구청,3909,3996,7905
20211221,5호선,영등포시장,9872,10258,20130
20211221,5호선,신길,4096,4463,8559
20211221,5호선,여의도,29035,29731,58766
20211221,5호선,여의나루,8691,9495,18186
20211221,5호선,마포,14310,14486,28796
20211221,5호선,공덕,13813,14672,28485
20211221,5호선,애오개,6678,6824,13502
20211221,5호선,충정로,4821,4841,9662
20211221,5호선,서대문,18781,19215,37996
20211221,5호선,화곡,27547,26161,53708
20211221,3호선,종로3가,10059,11279,21338
20211221,5호선,우장산,14348,14152,28500
20211221,5호선,마곡,10909,10719,21628
20211221,4호선,신용산,16315,17069,33384
20211221,4호선,이촌,7033,7828,14861
20211221,4호선,동작,1412,1627,3039
20211221,4호선,총신대입구,18421,19708,38129
20211221,4호선,사당,23823,19586,43409
20211221,4호선,남태령,1128,1014,2142
20211221,4호선,당고개,12622,11476,24098
20211221,4호선,상계,18790,17335,36125
20211221,4호선,노원,18158,20253,38411
20211221,4호선,창동,24632,26063,50695
20211221,4호선,쌍문,28822,26613,55435
20211221,5호선,방화,6597,6404,13001
20211221,5호선,개화산,5499,5266,10765
20211221,5호선,김포공항,6963,6406,13369
20211221,5호선,송정,6436,5870,12306
20211221,5호선,발산,19982,20367,40349
20211221,3호선,안국,19002,19456,38458
20211221,3호선,경복궁,18747,18274,37021
20211221,3호선,독립문,6676,6896,13572
20211221,2호선,을지로4가,13197,12937,26134
20211221,2호선,동대문역사문화공원,11444,12736,24180
20211221,2호선,신당,13378,14068,27446
20211221,2호선,상왕십리,13898,13731,27629
20211221,2호선,왕십리,16209,13431,29640
20211221,2호선,한양대,8425,9079,17504
20211221,2호선,뚝섬,21866,23298,45164
20211221,2호선,성수,37614,40564,78178
20211221,2호선,건대입구,33079,35253,68332
20211221,2호선,구의,23385,23210,46595
20211221,2호선,강변,28878,27448,56326
20211221,2호선,잠실나루,14335,13872,28207
20211221,2호선,잠실,68680,68816,137496
20211221,2호선,잠실새내,20587,20537,41124
20211221,2호선,종합운동장,7072,7423,14495
20211221,2호선,을지로3가,22152,22307,44459
20211221,2호선,삼성,52016,52033,104049
20211221,2호선,을지로입구,40011,40269,80280
20211221,1호선,청량리,19414,19585,38999
20211221,9호선,샛강,5756,6089,11845
20211221,안산선,대야미,4904,4375,9279
20211221,안산선,반월,4151,4002,8153
20211221,안산선,상록수,15092,15409,30501
20211221,2호선,아현,9891,9677,19568
20211221,8호선,석촌,7562,8776,16338
20211221,1호선,서울역,40891,38987,79878
20211221,1호선,동묘앞,7445,7691,15136
20211221,1호선,시청,22069,21729,43798
20211221,1호선,종각,33227,32314,65541
20211221,1호선,종로3가,23734,21736,45470
20211221,1호선,종로5가,21708,21380,43088
20211221,1호선,동대문,10710,9912,20622
20211221,1호선,신설동,13055,12787,25842
20211221,1호선,제기동,16521,16942,33463
20211221,2호선,시청,23366,22102,45468
20211221,5호선,광화문,29622,30660,60282
20211221,2호선,선릉,57333,50888,108221
20211221,2호선,강남,82030,80306,162336
20211221,2호선,충정로,9802,10453,20255
20211221,2호선,용답,2816,2782,5598
20211221,2호선,신답,1655,1849,3504
20211221,2호선,신설동,3067,3022,6089
20211221,2호선,도림천,1427,1491,2918
20211221,2호선,양천구청,6747,7130,13877
20211221,2호선,신정네거리,10234,10503,20737
20211221,2호선,용두,2475,2415,4890
20211221,3호선,지축,4541,4310,8851
20211221,3호선,구파발,20368,19539,39907
20211221,3호선,연신내,35613,33654,69267
20211221,3호선,불광,15741,17028,32769
20211221,3호선,녹번,15384,14230,29614
20211221,3호선,홍제,16781,16495,33276
20211221,3호선,무악재,3804,3942,7746
20211221,2호선,이대,13240,13938,27178
20211221,2호선,역삼,52658,58451,111109
20211221,2호선,신촌,31558,32269,63827
20211221,2호선,합정,29611,30826,60437
20211221,2호선,교대,33806,38199,72005
20211221,2호선,서초,21541,20985,42526
20211221,2호선,방배,15855,16751,32606
20211221,2호선,사당,34843,38037,72880
20211221,2호선,낙성대,26657,26242,52899
20211221,2호선,서울대입구,46206,45680,91886
20211221,2호선,봉천,23287,21842,45129
20211221,2호선,신림,60870,59739,120609
20211221,2호선,신대방,25526,25010,50536
20211221,2호선,구로디지털단지,59636,59776,119412
20211221,2호선,대림,23670,24176,47846
20211221,2호선,신도림,46610,45883,92493
20211221,2호선,문래,21375,21651,43026
20211221,2호선,영등포구청,23196,23589,46785
20211221,2호선,당산,18093,21133,39226
20211221,2호선,홍대입구,52505,53638,106143
20211221,5호선,종로3가,11660,11461,23121
20211221,3호선,을지로3가,10535,10707,21242
20211221,5호선,동대문역사문화공원,2891,3332,6223
20211221,7호선,숭실대입구,11695,12092,23787
20211221,7호선,상도,10586,10289,20875
20211221,7호선,장승배기,9271,9318,18589
20211221,7호선,신대방삼거리,16370,15980,32350
20211221,7호선,보라매,9830,9786,19616
20211221,7호선,신풍,11555,10896,22451
20211221,7호선,대림,7550,7674,15224
20211221,7호선,남구로,15973,16968,32941
20211221,7호선,가산디지털단지,46972,46793,93765
20211221,7호선,철산,20903,21295,42198
20211221,7호선,광명사거리,22161,21849,44010
20211221,7호선,천왕,11487,10907,22394
20211221,7호선,온수,10431,9420,19851
20211221,7호선,까치울,7574,7278,14852
20211221,7호선,춘의,10237,10069,20306
20211221,7호선,남성,10881,10275,21156
20211221,7호선,신중동,13994,13988,27982
20211221,7호선,이수,15255,14753,30008
20211221,7호선,고속터미널,14765,12706,27471
20211221,7호선,중화,11019,10849,21868
20211221,7호선,상봉,16853,15710,32563
20211221,7호선,면목,16034,15969,32003
20211221,7호선,사가정,15787,15712,31499
20211221,7호선,용마산,6089,5918,12007
20211221,7호선,중곡,11186,10540,21726
20211221,7호선,군자,14951,12165,27116
20211221,7호선,어린이대공원,11812,11753,23565
20211221,7호선,건대입구,11773,12143,23916
20211221,7호선,뚝섬유원지,7529,7391,14920
20211221,7호선,청담,19572,21781,41353
20211221,7호선,강남구청,16851,18415,35266
20211221,7호선,학동,24925,26424,51349
20211221,7호선,논현,20636,22432,43068
20211221,7호선,반포,5768,5575,11343
20211221,7호선,내방,14561,14915,29476
20211221,7호선,먹골,10091,9834,19925
20211221,7호선,부천시청,12618,12634,25252
20211221,7호선,삼산체육관,5805,5305,11110
20211221,9호선,개화,2460,1798,4258
20211221,9호선,김포공항,7112,10780,17892
20211221,9호선,공항시장,2795,3115,5910
20211221,9호선,신방화,6816,6696,13512
20211221,9호선,마곡나루,11504,11424,22928
20211221,9호선,양천향교,9565,9750,19315
20211221,9호선,가양,19973,19500,39473
20211221,9호선,증미,7292,7292,14584
20211221,9호선,등촌,11399,11212,22611
20211221,9호선,염창,17092,16773,33865
20211221,9호선,신목동,4095,3727,7822
20211221,9호선,선유도,8754,8344,17098
20211221,9호선,당산,17720,18002,35722
20211221,5호선,을지로4가,6165,6390,12555
20211221,9호선,국회의사당,16367,16836,33203
20211221,8호선,남위례,3131,3641,6772
20211221,7호선,상동,13147,13649,26796
20211221,8호선,모란,4281,3208,7489
20211221,8호선,신흥,4092,4498,8590
20211221,7호선,굴포천,8973,9516,18489
20211221,7호선,부평구청,7307,6598,13905
20211221,8호선,암사,18767,16631,35398
20211221,8호선,천호,14595,16673,31268
20211221,8호선,강동구청,10539,10996,21535
20211221,8호선,몽촌토성,6137,6208,12345
20211221,8호선,잠실,14186,16532,30718
20211221,8호선,송파,7563,7737,15300
20211221,8호선,가락시장,7493,8328,15821
20211221,8호선,문정,22414,23616,46030
20211221,8호선,장지,17161,16614,33775
20211221,8호선,복정,9672,8261,17933
20211221,8호선,산성,5309,5253,10562
20211221,8호선,남한산성입구,13530,12193,25723
20211221,8호선,단대오거리,10280,10052,20332
20211221,8호선,수진,5089,4596,9685
20211221,7호선,태릉입구,8371,7924,16295
20211221,7호선,부천종합운동장,4870,4306,9176
20211221,7호선,하계,17489,16527,34016
20211221,5호선,오금,3834,3763,7597
20211221,5호선,개롱,6444,6779,13223
20211221,5호선,거여,9208,8853,18061
20211221,5호선,마천,6811,6763,13574
20211221,5호선,강일,3850,3904,7754
20211221,5호선,미사,15518,15626,31144
20211221,5호선,하남풍산,4164,4116,8280
20211221,5호선,하남시청,5970,5981,11951
20211221,5호선,하남검단산,5148,5015,10163
20211221,6호선,응암,17358,17392,34750
20211221,6호선,역촌,3744,4479,8223
20211221,6호선,불광,4158,4087,8245
20211221,6호선,독바위,2631,2768,5399
20211221,6호선,구산,7568,5753,13321
20211221,6호선,새절,12731,11872,24603
20211221,5호선,방이,7024,7232,14256
20211221,5호선,올림픽공원,4019,3703,7722
20211221,5호선,둔촌동,8561,8550,17111
20211221,5호선,상일동,15245,13876,29121
20211221,5호선,청구,4072,3607,7679
20211221,7호선,공릉,11814,11769,23583
20211221,5호선,행당,8032,7247,15279
20211221,5호선,왕십리,4560,5139,9699
20211221,5호선,마장,5600,5329,10929
20211221,5호선,답십리,16194,14829,31023
20211221,5호선,장한평,18305,18293,36598
20211221,6호선,증산,10138,10056,20194
20211221,5호선,군자,11098,12094,23192
20211221,5호선,광나루,12829,11843,24672
20211221,5호선,천호,17565,17165,34730
20211221,5호선,강동,18249,17527,35776
20211221,5호선,길동,7913,8326,16239
20211221,5호선,굽은다리,9638,9218,18856
20211221,5호선,명일,8374,8658,17032
20211221,5호선,고덕,9381,9505,18886
20211221,5호선,아차산,14161,13810,27971
20211221,6호선,디지털미디어시티,13723,15137,28860
20211221,5호선,신금호,6421,6678,13099
20211221,6호선,마포구청,14293,12919,27212
20211221,6호선,안암,11334,11184,22518
20211221,6호선,고려대,7757,7576,15333
20211221,6호선,월곡,11382,11439,22821
20211221,6호선,상월곡,6163,5581,11744
20211221,6호선,돌곶이,9171,8611,17782
20211221,6호선,석계,11932,12494,24426
20211221,6호선,태릉입구,5359,5887,11246
20211221,6호선,화랑대,11718,9154,20872
20211221,6호선,봉화산,8878,8362,17240
20211221,7호선,장암,2212,793,3005
20211221,7호선,도봉산,9442,10361,19803
20211221,7호선,수락산,12289,12078,24367
20211221,7호선,마들,12609,12055,24664
20211221,7호선,노원,19084,20008,39092
20211221,6호선,월드컵경기장,3821,4050,7871
20211221,6호선,보문,7165,6740,13905
20211221,6호선,창신,3465,2837,6302
20211221,7호선,중계,14121,13107,27228
20211221,6호선,신당,8606,8908,17514
20211221,6호선,동묘앞,7622,7821,15443
20211221,6호선,망원,13396,14590,27986
20211221,6호선,합정,12655,12285,24940
20211221,6호선,상수,7945,8821,16766
20211221,6호선,광흥창,9046,8770,17816
20211221,6호선,공덕,18153,17497,35650
20211221,6호선,효창공원앞,6751,6134,12885
20211221,6호선,대흥,7800,8018,15818
20211221,6호선,녹사평,4554,4350,8904
20211221,6호선,이태원,8748,9004,17752
20211221,6호선,한강진,7820,8886,16706
20211221,6호선,버티고개,1865,1997,3862
20211221,6호선,약수,3720,3715,7435
20211221,6호선,청구,3645,4010,7655
20211221,6호선,삼각지,6023,5369,11392
20211222,경강선,부발,1774,1730,3504
20211222,경강선,초월,3037,2935,5972
20211222,경강선,곤지암,2293,2174,4467
20211222,경강선,신둔도예촌,1330,1287,2617
20211222,경강선,이천,2403,2499,4902
20211222,경강선,세종대왕릉,277,260,537
20211222,경부선,신도림,4127,4113,8240
20211222,경부선,서울역,5372,1920,7292
20211222,경부선,남영,9219,9505,18724
20211222,경부선,용산,33066,33330,66396
20211222,경부선,노량진,7999,8133,16132
20211222,경부선,대방,12712,13150,25862
20211222,경부선,영등포,36672,37635,74307
20211222,9호선,사평,3564,3534,7098
20211222,경강선,여주,1827,1871,3698
20211222,경강선,경기광주,7591,7171,14762
20211222,9호선2~3단계,송파나루,5033,5468,10501
20211222,경강선,이매,1065,918,1983
20211222,경부선,신길,8997,7610,16607
20211222,9호선,신논현,32166,31681,63847
20211222,9호선2~3단계,언주,10997,11133,22130
20211222,9호선2~3단계,선정릉,9915,10728,20643
20211222,9호선2~3단계,삼성중앙,6731,7117,13848
20211222,9호선2~3단계,봉은사,18670,19188,37858
20211222,9호선2~3단계,종합운동장,4056,4085,8141
20211222,9호선2~3단계,삼전,6886,6768,13654
20211222,9호선2~3단계,석촌고분,6085,6080,12165
20211222,9호선2~3단계,석촌,8230,7500,15730
20211222,9호선2~3단계,한성백제,2541,2348,4889
20211222,9호선2~3단계,올림픽공원,6219,6068,12287
20211222,9호선2~3단계,둔촌오륜,1156,1039,2195
20211222,9호선2~3단계,중앙보훈병원,10574,9404,19978
20211222,경강선,판교,4648,4562,9210
20211222,경강선,삼동,2358,2150,4508
20211222,경부선,구로,18642,18981,37623
20211222,경부선,오산,9077,9072,18149
20211222,경부선,금천구청,11777,11807,23584
20211222,경부선,평택,10734,10675,21409
20211222,경부선,성환,2841,2833,5674
20211222,경부선,직산,693,678,1371
20211222,경부선,두정,5174,4966,10140
20211222,경부선,천안,4456,4603,9059
20211222,경부선,당정,6068,5816,11884
20211222,경부선,서동탄,1408,1226,2634
20211222,경부선,광명,3133,2696,5829
20211222,경원선,이촌,3620,2807,6427
20211222,경원선,서빙고,2081,1950,4031
20211222,경원선,한남,4102,3940,8042
20211222,경원선,옥수,61,27,88
20211222,경원선,응봉,1821,1579,3400
20211222,경원선,왕십리,14488,15979,30467
20211222,9호선,고속터미널,12101,15238,27339
20211222,경부선,평택지제,3259,3110,6369
20211222,경부선,가산디지털단지,18149,20897,39046
20211222,경부선,서정리,6532,6161,12693
20211222,경부선,진위,1618,1467,3085
20211222,경부선,석수,9713,8598,18311
20211222,경부선,관악,7543,6949,14492
20211222,경부선,안양,21004,20922,41926
20211222,경부선,명학,8898,8719,17617
20211222,경부선,금정,26254,26718,52972
20211222,경부선,군포,7814,7750,15564
20211222,경부선,의왕,9104,9144,18248
20211222,경부선,성균관대,13669,13629,27298
20211222,경부선,화서,7784,7526,15310
20211222,경부선,수원,32469,34324,66793
20211222,경부선,독산,18743,19477,38220
20211222,경부선,세류,2925,2683,5608
20211222,경부선,병점,13561,13549,27110
20211222,경부선,세마,2808,2638,5446
20211222,경부선,오산대,3231,2959,6190
20211222,경부선,송탄,4196,4070,8266
20211222,9호선,신반포,3303,3260,6563
20211222,7호선,군자,15023,12039,27062
20211222,9호선,동작,1828,1442,3270
20211222,7호선,대림,7466,7538,15004
20211222,7호선,남구로,16179,16970,33149
20211222,7호선,가산디지털단지,46676,46345,93021
20211222,7호선,철산,20996,21594,42590
20211222,7호선,광명사거리,22594,22648,45242
20211222,7호선,천왕,11683,11034,22717
20211222,7호선,온수,10497,9737,20234
20211222,7호선,까치울,7659,7344,15003
20211222,7호선,부천종합운동장,4973,4342,9315
20211222,7호선,춘의,10368,10255,20623
20211222,7호선,신중동,14290,14321,28611
20211222,7호선,부천시청,13132,13014,26146
20211222,7호선,상동,13148,13818,26966
20211222,7호선,삼산체육관,5381,4840,10221
20211222,7호선,굴포천,9272,9674,18946
20211222,7호선,신풍,11516,11050,22566
20211222,7호선,부평구청,7377,6675,14052
20211222,7호선,보라매,9790,9596,19386
20211222,7호선,장승배기,9305,9236,18541
20211222,경원선,청량리,14712,15227,29939
20211222,7호선,어린이대공원,12069,11920,23989
20211222,7호선,건대입구,12253,12691,24944
20211222,7호선,뚝섬유원지,7713,7578,15291
20211222,7호선,청담,19857,22016,41873
20211222,7호선,강남구청,17090,18475,35565
20211222,7호선,학동,25372,26692,52064
20211222,7호선,논현,20966,22503,43469
20211222,7호선,반포,5966,5695,11661
20211222,7호선,고속터미널,15009,12900,27909
20211222,7호선,내방,14734,15200,29934
20211222,7호선,이수,15588,15222,30810
20211222,7호선,남성,11105,10406,21511
20211222,7호선,숭실대입구,11774,12009,23783
20211222,7호선,상도,10646,10501,21147
20211222,7호선,신대방삼거리,16388,15733,32121
20211222,9호선,구반포,1582,1692,3274
20211222,8호선,암사,18803,16920,35723
20211222,8호선,강동구청,10766,11286,22052
20211222,9호선,마곡나루,11614,11362,22976
20211222,9호선,양천향교,9432,9787,19219
20211222,9호선,가양,20166,19766,39932
20211222,9호선,증미,7335,7283,14618
20211222,9호선,등촌,11404,11509,22913
20211222,9호선,염창,17172,16999,34171
20211222,9호선,신목동,4053,3713,7766
20211222,9호선,선유도,8955,8679,17634
20211222,9호선,당산,18222,18109,36331
20211222,9호선,국회의사당,16729,17062,33791
20211222,9호선,여의도,27847,26400,54247
20211222,9호선,샛강,5810,6124,11934
20211222,9호선,노량진,25808,24896,50704
20211222,9호선,노들,4551,3782,8333
20211222,9호선,흑석,8070,8483,16553
20211222,9호선,신방화,6815,6641,13456
20211222,8호선,천호,14699,16836,31535
20211222,9호선,공항시장,2835,3152,5987
20211222,9호선,개화,2573,1807,4380
20211222,8호선,몽촌토성,6265,6485,12750
20211222,8호선,잠실,14588,17040,31628
20211222,8호선,석촌,7896,9011,16907
20211222,8호선,송파,7675,7695,15370
20211222,8호선,가락시장,7656,8538,16194
20211222,8호선,문정,22646,23767,46413
20211222,8호선,장지,17579,17219,34798
20211222,8호선,복정,9678,8016,17694
20211222,8호선,산성,5428,5414,10842
20211222,8호선,남한산성입구,13582,12256,25838
20211222,8호선,단대오거리,10086,10107,20193
20211222,8호선,신흥,4270,4711,8981
20211222,8호선,수진,5112,4775,9887
20211222,8호선,모란,4249,3254,7503
20211222,8호선,남위례,3203,3680,6883
20211222,9호선,김포공항,7412,11253,18665
20211222,경원선,외대앞,7442,7394,14836
20211222,수인선,달월,102,61,163
20211222,경원선,석계,7938,9054,16992
20211222,공항철도 1호선,공항화물청사,2231,2457,4688
20211222,공항철도 1호선,인천공항1터미널,3943,4511,8454
20211222,공항철도 1호선,인천공항2터미널,2177,2171,4348
20211222,공항철도 1호선,영종,2901,2888,5789
20211222,과천선,선바위,8248,7412,15660
20211222,과천선,경마공원,1536,1535,3071
20211222,과천선,대공원,2087,2224,4311
20211222,과천선,과천,6021,5568,11589
20211222,과천선,정부과천청사,10730,10691,21421
20211222,과천선,인덕원,23979,25019,48998
20211222,과천선,평촌,17850,17634,35484
20211222,과천선,범계,25507,25285,50792
20211222,분당선,선릉,13632,20414,34046
20211222,분당선,한티,13985,15004,28989
20211222,분당선,도곡,6902,6958,13860
20211222,공항철도 1호선,운서,6409,6439,12848
20211222,분당선,구룡,2148,2039,4187
20211222,공항철도 1호선,청라국제도시,6657,6484,13141
20211222,공항철도 1호선,계양,10048,9473,19521
20211222,경춘선,청평,1452,1402,2854
20211222,경춘선,상천,220,186,406
20211222,경춘선,가평,1481,1475,2956
20211222,경춘선,굴봉산,107,117,224
20211222,경춘선,백양리,304,274,578
20211222,경춘선,강촌,392,381,773
20211222,경춘선,김유정,304,305,609
20211222,경춘선,남춘천,2605,2530,5135
20211222,경춘선,춘천,1378,1229,2607
20211222,공항철도 1호선,서울역,7542,6606,14148
20211222,공항철도 1호선,공덕,2302,3020,5322
20211222,공항철도 1호선,홍대입구,10015,10277,20292
20211222,공항철도 1호선,디지털미디어시티,13748,12854,26602
20211222,공항철도 1호선,마곡나루,8723,8371,17094
20211222,공항철도 1호선,김포공항,11397,6532,17929
20211222,공항철도 1호선,검암,6599,6519,13118
20211222,경춘선,대성리,430,397,827
20211222,분당선,개포동,3904,4104,8008
20211222,분당선,수서,13143,13610,26753
20211222,분당선,신갈,4647,4519,9166
20211222,분당선,기흥,9616,9289,18905
20211222,분당선,상갈,5361,5171,10532
20211222,분당선,청명,4153,4131,8284
20211222,분당선,영통,8543,8582,17125
20211222,분당선,망포,14534,13886,28420
20211222,분당선,매탄권선,4989,4833,9822
20211222,분당선,수원시청,12804,13619,26423
20211222,분당선,매교,3140,3162,6302
20211222,수인선,고색,4608,4229,8837
20211222,수인선,오목천,2784,2616,5400
20211222,수인선,어천,628,645,1273
20211222,수인선,야목,294,239,533
20211222,수인선,사리,4373,3905,8278
20211222,7호선,중곡,11366,10623,21989
20211222,분당선,구성,5055,5325,10380
20211222,분당선,대모산입구,4328,4051,8379
20211222,분당선,죽전,13521,14678,28199
20211222,분당선,이매,5724,5331,11055
20211222,분당선,복정,1,0,1
20211222,분당선,수원,7852,6831,14683
20211222,분당선,서울숲,10500,10772,21272
20211222,분당선,압구정로데오,20135,21500,41635
20211222,분당선,강남구청,10583,12147,22730
20211222,분당선,선정릉,8213,8812,17025
20211222,분당선,가천대,6591,7474,14065
20211222,분당선,태평,13435,12956,26391
20211222,분당선,모란,19499,19452,38951
20211222,분당선,야탑,25839,27119,52958
20211222,분당선,서현,25207,25491,50698
20211222,분당선,수내,13501,13485,26986
20211222,분당선,정자,17351,18471,35822
20211222,분당선,미금,15720,16825,32545
20211222,분당선,오리,11806,9701,21507
20211222,분당선,보정,2540,2218,4758
20211222,경원선,신이문,8483,7876,16359
20211222,경춘선,마석,3719,3652,7371
20211222,일산선,원흥,10625,10085,20710
20211222,경원선,소요산,2498,2064,4562
20211222,경의선,서울역,4224,5391,9615
20211222,경의선,신촌,895,1052,1947
20211222,경의선,효창공원앞,2904,3372,6276
20211222,경의선,공덕,3654,3234,6888
20211222,경의선,서강대,2155,2091,4246
20211222,경의선,홍대입구,1766,2137,3903
20211222,경의선,가좌,5300,5047,10347
20211222,경의선,디지털미디어시티,2462,2278,4740
20211222,경의선,수색,2776,2867,5643
20211222,경의선,화전,2152,1983,4135
20211222,경의선,강매,3190,2809,5999
20211222,경의선,행신,7726,7848,15574
20211222,경의선,능곡,3849,3472,7321
20211222,경의선,곡산,599,614,1213
20211222,경원선,동두천,2052,2234,4286
20211222,경의선,백마,6912,6771,13683
20211222,경원선,보산,1531,1377,2908
20211222,경원선,지행,6395,6431,12826
20211222,경원선,광운대,7470,7225,14695
20211222,경원선,월계,6545,6280,12825
20211222,경원선,녹천,4598,3843,8441
20211222,경원선,창동,1,0,1
20211222,경원선,방학,9525,9340,18865
20211222,경원선,도봉,5979,5998,11977
20211222,경원선,도봉산,7112,4816,11928
20211222,경원선,망월사,7468,7719,15187
20211222,경원선,회룡,12570,12370,24940
20211222,경원선,의정부,18346,18714,37060
20211222,경원선,가능,6549,6407,12956
20211222,경원선,녹양,4459,4238,8697
20211222,경원선,양주,7486,7078,14564
20211222,경원선,덕계,3100,2754,5854
20211222,경원선,덕정,5346,5278,10624
20211222,경원선,동두천중앙,3069,3019,6088
20211222,경춘선,천마산,1674,1556,3230
20211222,경의선,풍산,5425,5195,10620
20211222,경의선,탄현,7709,7403,15112
20211222,경인선,인천,3168,2385,5553
20211222,경인선,구일,6148,6189,12337
20211222,경인선,소사,8436,8298,16734
20211222,경인선,부개,8542,8100,16642
20211222,경인선,간석,5801,5549,11350
20211222,경인선,도원,3020,2974,5994
20211222,경인선,온수,6638,6390,13028
20211222,경인선,중동,9403,8996,18399
20211222,경인선,도화,4138,3834,7972
20211222,경춘선,신내,2072,1931,4003
20211222,경춘선,갈매,3092,2690,5782
20211222,경춘선,별내,3306,3093,6399
20211222,경춘선,퇴계원,3587,3296,6883
20211222,경춘선,사릉,3284,3191,6475
20211222,경춘선,금곡,1505,1429,2934
20211222,경인선,동인천,13733,13247,26980
20211222,경의선,일산,9297,9276,18573
20211222,경인선,제물포,10310,9895,20205
20211222,경인선,동암,14666,14586,29252
20211222,경의선,야당,7154,6904,14058
20211222,경의선,운정,6932,6624,13556
20211222,경의선,금릉,4815,4664,9479
20211222,경의선,금촌,6038,6190,12228
20211222,경의선,월롱,2362,2117,4479
20211222,경의선,파주,1111,742,1853
20211222,경의선,문산,5083,5000,10083
20211222,경의선,임진강,6,8,14
20211222,경인선,개봉,21117,21347,42464
20211222,경인선,오류동,11732,11053,22785
20211222,경인선,역곡,26225,26204,52429
20211222,경인선,부천,31245,31550,62795
20211222,경인선,송내,26281,26194,52475
20211222,경인선,부평,28350,30180,58530
20211222,경인선,백운,6972,6882,13854
20211222,경인선,주안,18648,16858,35506
20211222,7호선,용마산,6029,5906,11935
20211222,경춘선,평내호평,6025,5818,11843
20211222,7호선,면목,15607,15420,31027
20211222,2호선,뚝섬,22311,23915,46226
20211222,2호선,성수,38401,41359,79760
20211222,2호선,건대입구,34388,36672,71060
20211222,2호선,구의,23712,23559,47271
20211222,2호선,강변,29627,28060,57687
20211222,2호선,잠실나루,14579,14143,28722
20211222,2호선,한양대,6920,7333,14253
20211222,2호선,잠실,70872,70953,141825
20211222,2호선,종합운동장,7218,7624,14842
20211222,2호선,삼성,55850,55100,110950
20211222,2호선,선릉,57183,50583,107766
20211222,2호선,역삼,53290,58702,111992
20211222,2호선,강남,83330,81439,164769
20211222,2호선,교대,34204,38630,72834
20211222,2호선,잠실새내,20888,20831,41719
20211222,2호선,왕십리,15853,13675,29528
20211222,2호선,상왕십리,14298,13921,28219
20211222,2호선,신당,13921,14715,28636
20211222,1호선,서울역,42060,39925,81985
20211222,1호선,동묘앞,7352,7731,15083
20211222,1호선,시청,22159,21998,44157
20211222,1호선,종각,34914,34015,68929
20211222,1호선,종로3가,24242,21967,46209
20211222,1호선,종로5가,22083,22057,44140
20211222,1호선,동대문,10827,10012,20839
20211222,1호선,신설동,13348,13131,26479
20211222,1호선,제기동,16358,16610,32968
20211222,1호선,청량리,19157,19205,38362
20211222,2호선,시청,23662,22441,46103
20211222,2호선,을지로입구,41096,40979,82075
20211222,2호선,을지로3가,22546,22755,45301
20211222,2호선,을지로4가,13227,12982,26209
20211222,2호선,동대문역사문화공원,12361,13905,26266
20211222,2호선,서초,21661,21039,42700
20211222,2호선,방배,16203,16914,33117
20211222,2호선,사당,35572,38539,74111
20211222,2호선,낙성대,27030,26349,53379
20211222,2호선,도림천,1443,1470,2913
20211222,2호선,양천구청,6830,7245,14075
20211222,2호선,신정네거리,10102,10462,20564
20211222,2호선,용두,2412,2469,4881
20211222,3호선,지축,4486,4409,8895
20211222,3호선,구파발,21311,20284,41595
20211222,3호선,연신내,36561,34492,71053
20211222,3호선,불광,16348,17525,33873
20211222,3호선,녹번,15764,14425,30189
20211222,3호선,홍제,16839,16218,33057
20211222,3호선,무악재,3990,3949,7939
20211222,3호선,독립문,6783,7033,13816
20211222,3호선,경복궁,19629,19336,38965
20211222,3호선,안국,20447,20923,41370
20211222,3호선,종로3가,10080,11565,21645
20211222,2호선,신설동,3222,3222,6444
20211222,3호선,일원,10098,9897,19995
20211222,2호선,신답,1664,1969,3633
20211222,2호선,충정로,10109,10614,20723
20211222,2호선,서울대입구,47034,46458,93492
20211222,2호선,봉천,23636,22062,45698
20211222,2호선,신림,62375,61077,123452
20211222,2호선,신대방,25904,25553,51457
20211222,2호선,구로디지털단지,59972,60213,120185
20211222,2호선,대림,23832,24410,48242
20211222,2호선,신도림,46670,45912,92582
20211222,2호선,문래,21405,21783,43188
20211222,2호선,영등포구청,23148,23633,46781
20211222,2호선,당산,18484,21481,39965
20211222,2호선,합정,30784,32180,62964
20211222,2호선,홍대입구,54900,56569,111469
20211222,2호선,신촌,32120,33166,65286
20211222,2호선,이대,13248,13895,27143
20211222,2호선,아현,9992,9803,19795
20211222,2호선,용답,2774,2792,5566
20211222,우이신설선,신설동,2217,2101,4318
20211222,우이신설선,보문,1573,1553,3126
20211222,우이신설선,성신여대입구,3263,3576,6839
20211222,중앙선,팔당,800,810,1610
20211222,중앙선,도심,2357,1898,4255
20211222,중앙선,덕소,5541,5567,11108
20211222,중앙선,양정,729,596,1325
20211222,중앙선,도농,10521,9610,20131
20211222,중앙선,구리,13431,13660,27091
20211222,중앙선,양원,2059,2048,4107
20211222,중앙선,망우,7623,7571,15194
20211222,중앙선,상봉,5820,5648,11468
20211222,중앙선,중랑,5486,5313,10799
20211222,중앙선,회기,24509,23501,48010
20211222,장항선,신창,940,989,1929
20211222,장항선,온양온천,3072,3241,6313
20211222,장항선,배방,925,891,1816
20211222,장항선,탕정,337,288,625
20211222,중앙선,운길산,715,645,1360
20211222,장항선,아산,2708,2325,5033
20211222,중앙선,양수,1638,1687,3325
20211222,중앙선,국수,682,671,1353
20211222,7호선,사가정,15887,16024,31911
20211222,수인선,소래포구,4967,4663,9630
20211222,수인선,인천논현,5339,5757,11096
20211222,수인선,호구포,3962,4066,8028
20211222,수인선,남동인더스파크,2276,2561,4837
20211222,일산선,대곡,1931,1527,3458
20211222,일산선,화정,17102,17427,34529
20211222,일산선,원당,11292,10890,22182
20211222,일산선,삼송,19156,18989,38145
20211222,중앙선,지평,51,59,110
20211222,중앙선,용문,1541,1515,3056
20211222,중앙선,원덕,326,295,621
20211222,중앙선,양평,2487,2486,4973
20211222,중앙선,오빈,289,276,565
20211222,중앙선,아신,492,527,1019
20211222,중앙선,신원,194,160,354
20211222,3호선,을지로3가,10738,11048,21786
20211222,장항선,쌍용,1749,1634,3383
20211222,일산선,대화,12805,10349,23154
20211222,안산선,안산,11143,10165,21308
20211222,안산선,신길온천,1706,1525,3231
20211222,안산선,정왕,7775,7894,15669
20211222,안산선,오이도,8150,7973,16123
20211222,안산선,수리산,4164,3499,7663
20211222,우이신설선,북한산우이,3839,3513,7352
20211222,우이신설선,솔밭공원,2500,2437,4937
20211222,우이신설선,4.19민주묘지,2998,2787,5785
20211222,우이신설선,가오리,4117,4117,8234
20211222,우이신설선,화계,3539,3294,6833
20211222,우이신설선,삼양,2032,2201,4233
20211222,우이신설선,삼양사거리,2420,2509,4929
20211222,우이신설선,솔샘,5737,5406,11143
20211222,우이신설선,북한산보국문,6146,5790,11936
20211222,우이신설선,정릉,4640,4333,8973
20211222,안산선,초지,4328,4467,8795
20211222,장항선,봉명,1101,1102,2203
20211222,안산선,고잔,8843,8357,17200
20211222,안산선,한대앞,8760,8756,17516
20211222,일산선,주엽,8907,8889,17796
20211222,일산선,정발산,7174,7095,14269
20211222,일산선,마두,7493,7743,15236
20211222,일산선,백석,9792,9693,19485
20211222,수인선,원인재,4427,4550,8977
20211222,수인선,연수,4368,4249,8617
20211222,수인선,송도,2428,2323,4751
20211222,수인선,인하대,5561,5350,10911
20211222,수인선,숭의,3909,3643,7552
20211222,수인선,신포,1733,1746,3479
20211222,수인선,인천,966,1547,2513
20211222,안산선,산본,15573,16780,32353
20211222,안산선,대야미,4956,4428,9384
20211222,안산선,반월,4258,4121,8379
20211222,안산선,상록수,15217,15717,30934
20211222,안산선,중앙,17169,17685,34854
20211222,3호선,동대입구,7229,7460,14689
20211222,수인선,월곶,2646,2458,5104
20211222,3호선,금호,7919,7544,15463
20211222,5호선,미사,16011,15982,31993
20211222,5호선,하남풍산,4125,4086,8211
20211222,5호선,하남시청,6238,6119,12357
20211222,5호선,하남검단산,5439,5277,10716
20211222,6호선,응암,17449,17510,34959
20211222,6호선,역촌,3767,4569,8336
20211222,6호선,불광,4356,4321,8677
20211222,6호선,독바위,2676,2877,5553
20211222,6호선,구산,7664,5817,13481
20211222,6호선,새절,12580,11723,24303
20211222,6호선,증산,10045,10226,20271
20211222,6호선,디지털미디어시티,14055,15035,29090
20211222,6호선,월드컵경기장,3707,4018,7725
20211222,6호선,마포구청,14559,13155,27714
20211222,7호선,상봉,16871,15833,32704
20211222,5호선,강일,3819,3888,7707
20211222,6호선,합정,12984,12710,25694
20211222,5호선,마천,6884,6786,13670
20211222,5호선,개롱,6526,6823,13349
20211222,5호선,장한평,18937,19011,37948
20211222,5호선,군자,11348,12354,23702
20211222,5호선,아차산,14583,14091,28674
20211222,5호선,광나루,13067,12031,25098
20211222,5호선,천호,18124,17951,36075
20211222,5호선,강동,18299,17340,35639
20211222,5호선,길동,8100,8556,16656
20211222,5호선,굽은다리,9664,9302,18966
20211222,5호선,명일,8685,9112,17797
20211222,5호선,고덕,9602,9637,19239
20211222,5호선,상일동,15527,14159,29686
20211222,5호선,둔촌동,8778,8788,17566
20211222,5호선,올림픽공원,4168,3647,7815
20211222,5호선,방이,7057,7246,14303
20211222,5호선,오금,3725,3667,7392
20211222,5호선,거여,9389,8875,18264
20211222,5호선,답십리,16584,15199,31783
20211222,6호선,상수,8241,8996,17237
20211222,6호선,대흥,7892,8060,15952
20211222,6호선,태릉입구,5391,5914,11305
20211222,6호선,화랑대,11668,9269,20937
20211222,6호선,봉화산,9073,8560,17633
20211222,7호선,장암,2307,869,3176
20211222,7호선,도봉산,9365,10544,19909
20211222,7호선,수락산,12540,12277,24817
20211222,7호선,마들,12843,12413,25256
20211222,7호선,노원,19439,20147,39586
20211222,7호선,중계,14235,13061,27296
20211222,7호선,하계,18233,17432,35665
20211222,7호선,공릉,11895,11839,23734
20211222,7호선,태릉입구,8312,7799,16111
20211222,7호선,먹골,10079,10054,20133
20211222,7호선,중화,10952,10920,21872
20211222,3호선,약수,12946,12787,25733
20211222,6호선,석계,12342,12570,24912
20211222,6호선,광흥창,9022,8854,17876
20211222,6호선,돌곶이,9365,9069,18434
20211222,6호선,월곡,11399,11525,22924
20211222,6호선,공덕,18539,17848,36387
20211222,6호선,효창공원앞,6958,6276,13234
20211222,6호선,삼각지,6366,5755,12121
20211222,6호선,녹사평,4815,4817,9632
20211222,6호선,이태원,9416,9398,18814
20211222,6호선,한강진,9282,10457,19739
20211222,6호선,버티고개,1959,2028,3987
20211222,6호선,약수,3636,3568,7204
20211222,6호선,청구,3730,3979,7709
20211222,6호선,신당,8593,8934,17527
20211222,6호선,동묘앞,7620,7774,15394
20211222,6호선,창신,3579,2931,6510
20211222,6호선,보문,7453,6910,14363
20211222,6호선,안암,10581,10201,20782
20211222,6호선,고려대,7867,7610,15477
20211222,6호선,상월곡,6203,5576,11779
20211222,5호선,마장,5568,5211,10779
20211222,6호선,망원,14189,15290,29479
20211222,5호선,행당,8321,7289,15610
20211222,4호선,미아,14953,14410,29363
20211222,4호선,길음,20195,19838,40033
20211222,4호선,성신여대입구,20130,19461,39591
20211222,4호선,한성대입구,13836,13306,27142
20211222,4호선,혜화,32575,32681,65256
20211222,4호선,동대문,18825,19343,38168
20211222,4호선,동대문역사문화공원,15156,13940,29096
20211222,4호선,충무로,25755,26859,52614
20211222,4호선,명동,21149,22661,43810
20211222,4호선,회현,24842,26644,51486
20211222,4호선,서울역,10934,15733,26667
20211222,4호선,숙대입구,12982,12615,25597
20211222,4호선,삼각지,4927,5469,10396
20211222,4호선,신용산,16645,17395,34040
20211222,4호선,이촌,7187,7961,15148
20211222,4호선,수유,33869,34002,67871
20211222,4호선,동작,1404,1596,3000
20211222,3호선,오금,6072,5521,11593
20211222,3호선,가락시장,8676,8492,17168
20211222,3호선,옥수,9107,9537,18644
20211222,5호선,왕십리,4671,5272,9943
20211222,3호선,압구정,33855,35464,69319
20211222,3호선,신사,31936,33073,65009
20211222,3호선,잠원,4854,4867,9721
20211222,3호선,고속터미널,39288,37505,76793
20211222,3호선,교대,14484,9257,23741
20211222,3호선,남부터미널,28801,29474,58275
20211222,3호선,양재,39012,42611,81623
20211222,3호선,매봉,12817,12224,25041
20211222,3호선,도곡,5379,5451,10830
20211222,3호선,대치,10476,10565,21041
20211222,3호선,학여울,1781,1858,3639
20211222,3호선,대청,9931,9319,19250
20211222,3호선,수서,16679,16940,33619
20211222,3호선,경찰병원,7355,7241,14596
20211222,4호선,총신대입구,19139,20732,39871
20211222,4호선,미아사거리,27331,26645,53976
20211222,4호선,남태령,1250,1105,2355
20211222,5호선,영등포시장,9896,10251,20147
20211222,5호선,신길,4109,4526,8635
20211222,5호선,여의도,29052,29993,59045
20211222,5호선,여의나루,9138,10019,19157
20211222,5호선,마포,14750,14902,29652
20211222,5호선,공덕,14047,14921,28968
20211222,5호선,애오개,6870,6811,13681
20211222,5호선,충정로,4783,4961,9744
20211222,5호선,서대문,18786,19214,38000
20211222,5호선,광화문,31373,32537,63910
20211222,5호선,종로3가,12112,11992,24104
20211222,5호선,을지로4가,6236,6258,12494
20211222,5호선,동대문역사문화공원,2861,3412,6273
20211222,5호선,청구,4092,3693,7785
20211222,4호선,사당,24316,20240,44556
20211222,5호선,영등포구청,3887,4057,7944
20211222,5호선,양평,7681,7607,15288
20211222,5호선,신금호,6504,6723,13227
20211222,5호선,목동,16651,18241,34892
20211222,5호선,오목교,21826,23506,45332
20211222,4호선,상계,18903,17843,36746
20211222,4호선,노원,18712,20679,39391
20211222,4호선,창동,25010,26383,51393
20211222,4호선,쌍문,29284,27035,56319
20211222,5호선,방화,6772,6636,13408
20211222,5호선,개화산,5581,5331,10912
20211222,5호선,김포공항,7197,6612,13809
20211222,4호선,당고개,13109,11929,25038
20211222,5호선,마곡,10800,10806,21606
20211222,5호선,발산,20380,20561,40941
20211222,5호선,우장산,14306,14070,28376
20211222,5호선,화곡,28055,26456,54511
20211222,5호선,까치산,28796,28062,56858
20211222,5호선,신정,13893,11385,25278
20211222,5호선,송정,6456,6092,12548
20211223,6호선,마포구청,14449,13114,27563
20211223,6호선,월드컵경기장,3827,4116,7943
20211223,6호선,디지털미디어시티,13611,15046,28657
20211223,6호선,증산,10128,10017,20145
20211223,6호선,새절,12796,11742,24538
20211223,5호선,하남풍산,4251,4273,8524
20211223,6호선,구산,7688,5721,13409
20211223,6호선,불광,4210,4252,8462
20211223,6호선,독바위,2721,2836,5557
20211223,6호선,역촌,3783,4523,8306
20211223,6호선,응암,17557,17432,34989
20211223,5호선,하남검단산,5511,5325,10836
20211223,5호선,하남시청,6087,6086,12173
20211223,6호선,망원,14297,15448,29745
20211223,6호선,연신내,1,0,1
20211223,6호선,합정,13371,12948,26319
20211223,6호선,한강진,9503,10570,20073
20211223,6호선,광흥창,8891,8689,17580
20211223,5호선,미사,15986,15956,31942
20211223,6호선,안암,10269,9916,20185
20211223,6호선,보문,7357,6835,14192
20211223,6호선,창신,3509,2858,6367
20211223,6호선,동묘앞,7700,7877,15577
20211223,6호선,신당,8561,8823,17384
20211223,6호선,청구,3677,3940,7617
20211223,6호선,약수,3571,3533,7104
20211223,6호선,버티고개,1911,2020,3931
20211223,6호선,이태원,9658,9896,19554
20211223,6호선,녹사평,4979,4947,9926
20211223,6호선,삼각지,6166,5389,11555
20211223,6호선,효창공원앞,6962,6217,13179
20211223,6호선,공덕,18312,17756,36068
20211223,6호선,대흥,7844,8023,15867
20211223,6호선,상수,8336,9323,17659
20211223,5호선,강일,3896,3936,7832
20211223,5호선,신길,4132,4439,8571
20211223,5호선,거여,9322,8906,18228
20211223,5호선,행당,8084,7258,15342
20211223,5호선,신금호,6488,6742,13230
20211223,5호선,청구,3948,3599,7547
20211223,5호선,동대문역사문화공원,2911,3365,6276
20211223,5호선,을지로4가,6275,6298,12573
20211223,5호선,종로3가,12205,12134,24339
20211223,5호선,광화문,30263,31640,61903
20211223,5호선,서대문,18575,19009,37584
20211223,5호선,충정로,4654,4722,9376
20211223,5호선,애오개,6658,6807,13465
20211223,5호선,공덕,13882,14725,28607
20211223,5호선,마포,14476,14846,29322
20211223,5호선,여의나루,9009,9947,18956
20211223,5호선,여의도,28779,29866,58645
20211223,5호선,영등포시장,10093,10438,20531
20211223,5호선,왕십리,4652,5312,9964
20211223,5호선,마천,6785,6697,13482
20211223,5호선,마장,5661,5291,10952
20211223,5호선,장한평,18798,18752,37550
20211223,5호선,개롱,6437,6640,13077
20211223,5호선,오금,3841,3810,7651
20211223,5호선,방이,7041,7349,14390
20211223,5호선,올림픽공원,4014,3686,7700
20211223,5호선,둔촌동,8693,8730,17423
20211223,5호선,상일동,15501,14048,29549
20211223,5호선,고덕,9410,9342,18752
20211223,5호선,명일,8588,8751,17339
20211223,5호선,굽은다리,9683,9151,18834
20211223,5호선,길동,8011,8267,16278
20211223,5호선,강동,18407,17354,35761
20211223,5호선,천호,18262,18008,36270
20211223,5호선,광나루,13092,12301,25393
20211223,5호선,아차산,14685,14109,28794
20211223,5호선,군자,11340,12341,23681
20211223,5호선,답십리,16206,14825,31031
20211223,6호선,고려대,7668,7446,15114
20211223,8호선,신흥,4239,4662,8901
20211223,6호선,상월곡,6191,5413,11604
20211223,7호선,상동,13261,13763,27024
20211223,7호선,부천시청,13121,13156,26277
20211223,7호선,신중동,14408,14327,28735
20211223,7호선,춘의,10100,9965,20065
20211223,7호선,부천종합운동장,4971,4357,9328
20211223,7호선,까치울,7558,7335,14893
20211223,7호선,온수,10246,9279,19525
20211223,7호선,천왕,11388,10969,22357
20211223,7호선,광명사거리,22153,21890,44043
20211223,7호선,철산,21031,21410,42441
20211223,7호선,가산디지털단지,46077,46145,92222
20211223,7호선,남구로,15886,16857,32743
20211223,7호선,대림,7352,7504,14856
20211223,7호선,신풍,11488,11003,22491
20211223,7호선,보라매,9772,9715,19487
20211223,7호선,삼산체육관,5291,4705,9996
20211223,7호선,신대방삼거리,16369,15776,32145
20211223,7호선,굴포천,9321,9807,19128
20211223,8호선,암사,18719,16594,35313
20211223,8호선,수진,5247,4826,10073
20211223,5호선,영등포구청,3865,3969,7834
20211223,8호선,단대오거리,10290,10085,20375
20211223,8호선,남한산성입구,13308,12047,25355
20211223,8호선,산성,5323,5308,10631
20211223,8호선,복정,9511,8110,17621
20211223,8호선,장지,17606,17113,34719
20211223,8호선,문정,22513,23603,46116
20211223,8호선,가락시장,7926,8720,16646
20211223,8호선,송파,7588,7649,15237
20211223,8호선,석촌,7900,9150,17050
20211223,8호선,잠실,15082,17532,32614
20211223,8호선,몽촌토성,6348,6374,12722
20211223,8호선,강동구청,10686,11060,21746
20211223,8호선,천호,15016,17439,32455
20211223,7호선,부평구청,7464,6617,14081
20211223,6호선,월곡,11426,11466,22892
20211223,7호선,장승배기,9208,9055,18263
20211223,7호선,숭실대입구,11831,11834,23665
20211223,7호선,먹골,10072,9823,19895
20211223,7호선,태릉입구,8206,7725,15931
20211223,7호선,공릉,12056,11996,24052
20211223,7호선,하계,17632,16774,34406
20211223,7호선,중계,14119,12969,27088
20211223,7호선,노원,19563,20116,39679
20211223,7호선,마들,12865,12166,25031
20211223,7호선,수락산,12309,12089,24398
20211223,7호선,도봉산,8941,10369,19310
20211223,7호선,장암,2228,839,3067
20211223,6호선,봉화산,8892,8377,17269
20211223,6호선,화랑대,11563,9075,20638
20211223,6호선,태릉입구,5513,5977,11490
20211223,6호선,석계,11839,12397,24236
20211223,6호선,돌곶이,9364,8853,18217
20211223,7호선,중화,10837,10610,21447
20211223,7호선,상도,10721,10489,21210
20211223,7호선,상봉,17203,16297,33500
20211223,7호선,사가정,15907,15891,31798
20211223,7호선,남성,10978,10360,21338
20211223,7호선,이수,15598,15226,30824
20211223,7호선,내방,14578,14845,29423
20211223,7호선,고속터미널,15375,13404,28779
20211223,7호선,반포,5956,5678,11634
20211223,7호선,논현,20972,22517,43489
20211223,7호선,학동,25158,26514,51672
20211223,7호선,강남구청,17059,18606,35665
20211223,7호선,청담,19802,22276,42078
20211223,7호선,뚝섬유원지,7498,7211,14709
20211223,7호선,건대입구,12446,12739,25185
20211223,7호선,어린이대공원,11872,11614,23486
20211223,7호선,군자,14986,12234,27220
20211223,7호선,중곡,11297,10620,21917
20211223,7호선,용마산,5999,5908,11907
20211223,7호선,면목,15215,14902,30117
20211223,5호선,양평,7522,7528,15050
20211223,2호선,양천구청,6791,7206,13997
20211223,5호선,목동,16606,17968,34574
20211223,2호선,교대,34142,38603,72745
20211223,2호선,강남,84423,83257,167680
20211223,2호선,역삼,52133,57819,109952
20211223,2호선,선릉,57433,50853,108286
20211223,2호선,삼성,60111,59968,120079
20211223,2호선,종합운동장,7417,7844,15261
20211223,2호선,잠실새내,21196,20967,42163
20211223,2호선,잠실,72168,72132,144300
20211223,2호선,잠실나루,14636,14191,28827
20211223,2호선,강변,30281,28682,58963
20211223,2호선,구의,23835,23558,47393
20211223,2호선,건대입구,35092,37405,72497
20211223,2호선,성수,38020,41222,79242
20211223,2호선,뚝섬,22341,23939,46280
20211223,2호선,한양대,6801,7098,13899
20211223,2호선,서초,21492,20689,42181
20211223,2호선,왕십리,16166,13809,29975
20211223,2호선,방배,16099,17021,33120
20211223,2호선,낙성대,27233,26275,53508
20211223,2호선,아현,10100,9894,19994
20211223,2호선,이대,12896,13562,26458
20211223,2호선,신촌,32511,33517,66028
20211223,2호선,홍대입구,56666,58667,115333
20211223,2호선,합정,31612,33068,64680
20211223,2호선,당산,18538,21305,39843
20211223,2호선,영등포구청,23284,23768,47052
20211223,2호선,문래,21330,21791,43121
20211223,2호선,신도림,46789,46302,93091
20211223,2호선,대림,23579,23976,47555
20211223,2호선,구로디지털단지,60201,60191,120392
20211223,2호선,신대방,25795,25210,51005
20211223,2호선,신림,62711,60506,123217
20211223,2호선,봉천,23572,21621,45193
20211223,2호선,서울대입구,47089,46479,93568
20211223,2호선,사당,36074,39548,75622
20211223,2호선,충정로,9886,10361,20247
20211223,2호선,상왕십리,14392,14025,28417
20211223,2호선,동대문역사문화공원,12534,14228,26762
20211223,중앙선,국수,709,700,1409
20211223,중앙선,신원,205,183,388
20211223,중앙선,양수,1712,1727,3439
20211223,중앙선,운길산,635,572,1207
20211223,중앙선,팔당,891,925,1816
20211223,중앙선,도심,2349,1861,4210
20211223,중앙선,덕소,5542,5538,11080
20211223,중앙선,양정,700,605,1305
20211223,중앙선,도농,10746,9667,20413
20211223,중앙선,구리,13431,13619,27050
20211223,중앙선,양원,2032,2059,4091
20211223,중앙선,망우,7640,7511,15151
20211223,중앙선,상봉,5858,5922,11780
20211223,8호선,모란,4345,3342,7687
20211223,중앙선,지평,59,57,116
20211223,중앙선,아신,503,485,988
20211223,2호선,신당,13751,14203,27954
20211223,중앙선,오빈,268,301,569
20211223,중앙선,원덕,313,291,604
20211223,2호선,을지로4가,13338,13341,26679
20211223,2호선,을지로3가,22718,22663,45381
20211223,2호선,을지로입구,43090,42591,85681
20211223,2호선,시청,23228,22185,45413
20211223,1호선,청량리,19718,19624,39342
20211223,1호선,제기동,17096,17401,34497
20211223,1호선,신설동,13616,12870,26486
20211223,1호선,동대문,10843,9937,20780
20211223,1호선,종로5가,21939,21802,43741
20211223,1호선,종로3가,24716,22758,47474
20211223,1호선,종각,32684,31692,64376
20211223,1호선,시청,22071,21935,44006
20211223,1호선,동묘앞,7409,7713,15122
20211223,1호선,서울역,42979,41439,84418
20211223,중앙선,용문,1564,1547,3111
20211223,중앙선,양평,3402,3290,6692
20211223,5호선,오목교,21994,23772,45766
20211223,2호선,용답,2749,2681,5430
20211223,2호선,신설동,3109,3184,6293
20211223,4호선,이촌,7180,8009,15189
20211223,4호선,신용산,16191,17149,33340
20211223,4호선,삼각지,4889,5521,10410
20211223,4호선,숙대입구,12751,12379,25130
20211223,4호선,서울역,10835,16501,27336
20211223,4호선,회현,26488,28951,55439
20211223,4호선,명동,22978,24396,47374
20211223,4호선,충무로,26096,27179,53275
20211223,4호선,동대문역사문화공원,15168,14096,29264
20211223,4호선,동대문,19270,19920,39190
20211223,4호선,혜화,33357,33532,66889
20211223,4호선,한성대입구,13359,12905,26264
20211223,4호선,성신여대입구,20155,19273,39428
20211223,4호선,길음,20008,19477,39485
20211223,4호선,미아사거리,27583,26981,54564
20211223,4호선,동작,1472,1635,3107
20211223,4호선,미아,14771,14309,29080
20211223,4호선,총신대입구,18452,19935,38387
20211223,4호선,남태령,1150,1016,2166
20211223,5호선,신정,13945,11387,25332
20211223,5호선,까치산,28593,27551,56144
20211223,5호선,화곡,28205,26320,54525
20211223,5호선,우장산,14361,14207,28568
20211223,5호선,발산,20430,20773,41203
20211223,5호선,마곡,10868,10725,21593
20211223,5호선,송정,6364,6085,12449
20211223,5호선,김포공항,7545,6822,14367
20211223,5호선,개화산,5466,5207,10673
20211223,5호선,방화,6650,6361,13011
20211223,4호선,쌍문,29195,26782,55977
20211223,4호선,창동,25375,26747,52122
20211223,4호선,노원,18559,20906,39465
20211223,4호선,상계,18808,17539,36347
20211223,4호선,당고개,12445,11507,23952
20211223,4호선,사당,24786,20244,45030
20211223,2호선,신답,1663,1937,3600
20211223,4호선,수유,33612,34010,67622
20211223,3호선,경찰병원,7311,7354,14665
20211223,3호선,을지로3가,10708,11115,21823
20211223,3호선,종로3가,10218,11698,21916
20211223,3호선,안국,19657,20444,40101
20211223,3호선,경복궁,19171,18864,38035
20211223,3호선,독립문,6670,6892,13562
20211223,3호선,무악재,3882,3916,7798
20211223,3호선,홍제,16900,16093,32993
20211223,3호선,녹번,15404,13972,29376
20211223,3호선,불광,16126,17292,33418
20211223,3호선,연신내,36049,34019,70068
20211223,3호선,구파발,20568,19772,40340
20211223,3호선,지축,4436,4356,8792
20211223,2호선,용두,2452,2573,5025
20211223,2호선,신정네거리,9926,10374,20300
20211223,2호선,도림천,1361,1457,2818
20211223,3호선,동대입구,7380,7641,15021
20211223,3호선,오금,6136,5635,11771
20211223,3호선,약수,13070,12600,25670
20211223,3호선,옥수,9006,9379,18385
20211223,3호선,가락시장,9062,8750,17812
20211223,3호선,수서,16896,17392,34288
20211223,3호선,일원,10280,9835,20115
20211223,3호선,대청,9751,9097,18848
20211223,3호선,학여울,1696,1728,3424
20211223,3호선,대치,10481,10529,21010
20211223,3호선,도곡,5405,5545,10950
20211223,3호선,매봉,12787,12223,25010
20211223,3호선,양재,39231,42793,82024
20211223,3호선,남부터미널,29575,30299,59874
20211223,3호선,교대,14539,9251,23790
20211223,3호선,고속터미널,42040,41215,83255
20211223,3호선,잠원,4873,4735,9608
20211223,3호선,신사,32579,33921,66500
20211223,3호선,압구정,33505,35650,69155
20211223,3호선,금호,7853,7554,15407
20211223,8호선,남위례,3298,3745,7043
20211223,경부선,진위,1645,1410,3055
20211223,9호선,김포공항,7649,11983,19632
20211223,분당선,구룡,2077,1978,4055
20211223,분당선,도곡,7076,6940,14016
20211223,분당선,한티,14102,15058,29160
20211223,분당선,선릉,13895,20669,34564
20211223,과천선,범계,26032,25601,51633
20211223,과천선,평촌,18277,18141,36418
20211223,분당선,개포동,3758,3822,7580
20211223,과천선,인덕원,24220,24969,49189
20211223,과천선,과천,5919,5589,11508
20211223,과천선,대공원,2515,2569,5084
20211223,과천선,경마공원,1363,1419,2782
20211223,과천선,선바위,8033,7135,15168
20211223,공항철도 1호선,영종,2874,2961,5835
20211223,공항철도 1호선,인천공항2터미널,2284,2359,4643
20211223,과천선,정부과천청사,10883,10677,21560
20211223,분당선,대모산입구,4234,4107,8341
20211223,분당선,수서,13462,14301,27763
20211223,분당선,복정,1,0,1
20211223,분당선,이매,5700,5309,11009
20211223,분당선,오리,12113,9906,22019
20211223,분당선,미금,15425,16469,31894
20211223,분당선,정자,17352,18489,35841
20211223,분당선,수내,13624,13381,27005
20211223,분당선,서현,25631,25923,51554
20211223,분당선,야탑,26129,27310,53439
20211223,분당선,모란,19620,19864,39484
20211223,분당선,태평,13547,13078,26625
20211223,분당선,가천대,6541,7460,14001
20211223,분당선,선정릉,8120,8728,16848
20211223,분당선,강남구청,10461,11819,22280
20211223,분당선,압구정로데오,21244,23038,44282
20211223,분당선,서울숲,10730,10901,21631
20211223,분당선,수원,8035,6856,14891
20211223,공항철도 1호선,인천공항1터미널,3724,4119,7843
20211223,공항철도 1호선,공항화물청사,2278,2510,4788
20211223,공항철도 1호선,운서,6432,6459,12891
20211223,공항철도 1호선,청라국제도시,6749,6434,13183
20211223,경춘선,천마산,1659,1542,3201
20211223,경춘선,평내호평,6036,5912,11948
20211223,경춘선,금곡,1487,1431,2918
20211223,경춘선,사릉,3196,3058,6254
20211223,경춘선,퇴계원,3608,3271,6879
20211223,경춘선,별내,3376,3159,6535
20211223,경춘선,갈매,3073,2725,5798
20211223,경춘선,신내,2065,1916,3981
20211223,경인선,도화,4075,3853,7928
20211223,경인선,중동,9180,8711,17891
20211223,경인선,온수,6582,6247,12829
20211223,경인선,도원,2871,2896,5767
20211223,경인선,간석,5805,5592,11397
20211223,경인선,부개,8486,7952,16438
20211223,경인선,소사,8334,8190,16524
20211223,경춘선,마석,3926,3927,7853
20211223,9호선,개화,2471,1731,4202
20211223,경춘선,대성리,448,404,852
20211223,경춘선,상천,194,203,397
20211223,공항철도 1호선,검암,6770,6626,13396
20211223,공항철도 1호선,계양,10072,9297,19369
20211223,공항철도 1호선,김포공항,12052,6785,18837
20211223,공항철도 1호선,마곡나루,8668,8317,16985
20211223,공항철도 1호선,디지털미디어시티,13788,12609,26397
20211223,공항철도 1호선,홍대입구,10467,10457,20924
20211223,공항철도 1호선,공덕,2267,2983,5250
20211223,공항철도 1호선,서울역,7739,6995,14734
20211223,경춘선,춘천,1213,1036,2249
20211223,경춘선,남춘천,2113,2057,4170
20211223,경춘선,김유정,314,309,623
20211223,경춘선,강촌,312,316,628
20211223,경춘선,백양리,327,269,596
20211223,경춘선,굴봉산,90,134,224
20211223,경춘선,가평,1562,1631,3193
20211223,경춘선,청평,1519,1585,3104
20211223,분당선,죽전,13275,14776,28051
20211223,분당선,구성,5212,5497,10709
20211223,분당선,신갈,4648,4612,9260
20211223,일산선,원흥,10555,9895,20450
20211223,우이신설선,신설동,2102,2064,4166
20211223,우이신설선,보문,1499,1464,2963
20211223,우이신설선,성신여대입구,3322,3668,6990
20211223,우이신설선,정릉,4595,4244,8839
20211223,우이신설선,북한산보국문,6021,5681,11702
20211223,우이신설선,솔샘,5792,5394,11186
20211223,우이신설선,삼양사거리,2399,2427,4826
20211223,우이신설선,삼양,1968,2152,4120
20211223,우이신설선,화계,3274,3062,6336
20211223,우이신설선,가오리,4000,3957,7957
20211223,우이신설선,4.19민주묘지,2798,2610,5408
20211223,우이신설선,솔밭공원,2417,2364,4781
20211223,우이신설선,북한산우이,2663,2405,5068
20211223,안산선,수리산,4203,3411,7614
20211223,일산선,삼송,19338,19097,38435
20211223,안산선,오이도,8080,7890,15970
20211223,일산선,원당,10896,10287,21183
20211223,일산선,대곡,1871,1458,3329
20211223,경인선,동암,14585,14616,29201
20211223,중앙선,중랑,5575,5324,10899
20211223,중앙선,회기,24648,23515,48163
20211223,장항선,신창,1008,936,1944
20211223,장항선,온양온천,3120,3207,6327
20211223,장항선,배방,954,885,1839
20211223,장항선,탕정,364,326,690
20211223,장항선,아산,2557,2522,5079
20211223,장항선,쌍용,1765,1602,3367
20211223,장항선,봉명,1121,1096,2217
20211223,일산선,대화,12781,10273,23054
20211223,일산선,주엽,8912,8866,17778
20211223,일산선,정발산,7328,7322,14650
20211223,일산선,마두,7576,7909,15485
20211223,일산선,백석,10119,10082,20201
20211223,일산선,화정,16937,17335,34272
20211223,경인선,구일,6149,6183,12332
20211223,안산선,정왕,7342,7714,15056
20211223,안산선,안산,11141,9905,21046
20211223,수인선,월곶,2617,2481,5098
20211223,수인선,달월,83,59,142
20211223,수인선,사리,4399,3876,8275
20211223,수인선,야목,332,246,578
20211223,수인선,어천,667,645,1312
20211223,수인선,오목천,2711,2524,5235
20211223,수인선,고색,4594,4283,8877
20211223,분당선,매교,3158,3166,6324
20211223,분당선,수원시청,12842,13782,26624
20211223,분당선,매탄권선,5086,4922,10008
20211223,분당선,망포,14527,13737,28264
20211223,분당선,영통,8453,8438,16891
20211223,분당선,청명,4183,4056,8239
20211223,분당선,상갈,5266,5069,10335
20211223,분당선,기흥,9662,9019,18681
20211223,수인선,소래포구,5039,4742,9781
20211223,안산선,신길온천,1725,1601,3326
20211223,수인선,인천논현,5337,5703,11040
20211223,수인선,남동인더스파크,2111,2449,4560
20211223,안산선,초지,4323,4450,8773
20211223,안산선,고잔,8901,8412,17313
20211223,안산선,중앙,17312,18064,35376
20211223,안산선,한대앞,8762,8788,17550
20211223,안산선,상록수,15198,15446,30644
20211223,안산선,반월,4288,4186,8474
20211223,안산선,대야미,4860,4364,9224
20211223,안산선,산본,15628,16872,32500
20211223,수인선,인천,993,1571,2564
20211223,수인선,신포,1733,1751,3484
20211223,수인선,숭의,3999,3702,7701
20211223,수인선,인하대,5671,5293,10964
20211223,수인선,송도,2395,2278,4673
20211223,수인선,연수,4354,4365,8719
20211223,수인선,원인재,4290,4409,8699
20211223,수인선,호구포,3913,4078,7991
20211223,경인선,인천,3320,2583,5903
20211223,분당선,보정,2711,2323,5034
20211223,경인선,제물포,10355,9878,20233
20211223,경부선,영등포,37777,39167,76944
20211223,경부선,대방,12896,13175,26071
20211223,경부선,노량진,8226,8154,16380
20211223,경부선,용산,34140,34743,68883
20211223,경부선,남영,9114,9462,18576
20211223,경부선,서울역,5736,1978,7714
20211223,경강선,여주,1847,1857,3704
20211223,경강선,세종대왕릉,300,292,592
20211223,경강선,부발,1986,1791,3777
20211223,경강선,이천,2474,2494,4968
20211223,경강선,신둔도예촌,1311,1261,2572
20211223,경강선,곤지암,2332,2271,4603
20211223,경강선,초월,3025,2971,5996
20211223,경강선,경기광주,7511,7144,14655
20211223,경강선,삼동,2314,2151,4465
20211223,경부선,신도림,4167,3992,8159
20211223,경강선,판교,4779,4703,9482
20211223,경부선,신길,8789,7561,16350
20211223,경부선,가산디지털단지,18083,20711,38794
20211223,경부선,세마,2713,2586,5299
20211223,경부선,병점,13890,13883,27773
20211223,경부선,세류,2979,2649,5628
20211223,경부선,독산,18504,19333,37837
20211223,경부선,수원,32973,34894,67867
20211223,경부선,화서,7801,7549,15350
20211223,경부선,성균관대,14074,13859,27933
20211223,경부선,의왕,9012,9058,18070
20211223,경부선,군포,7678,7691,15369
20211223,경부선,금정,26087,26555,52642
20211223,경부선,명학,8839,8758,17597
20211223,경부선,안양,20826,20794,41620
20211223,경부선,관악,7125,6525,13650
20211223,경부선,석수,9675,8673,18348
20211223,경부선,금천구청,11779,11710,23489
20211223,경부선,구로,18543,18753,37296
20211223,경부선,오산대,3333,3068,6401
20211223,9호선2~3단계,중앙보훈병원,10533,9322,19855
20211223,9호선2~3단계,올림픽공원,6160,5881,12041
20211223,9호선,샛강,5912,6303,12215
20211223,9호선,여의도,27589,26446,54035
20211223,9호선,국회의사당,15980,16657,32637
20211223,9호선,당산,18090,17990,36080
20211223,9호선,선유도,8738,8538,17276
20211223,9호선,신목동,4161,3621,7782
20211223,9호선,염창,17364,16928,34292
20211223,9호선,등촌,11499,11272,22771
20211223,9호선,증미,7286,7308,14594
20211223,9호선,가양,20429,19875,40304
20211223,9호선,양천향교,9496,9671,19167
20211223,9호선,마곡나루,11803,11743,23546
20211223,9호선,신방화,6903,6696,13599
20211223,9호선,공항시장,2997,3157,6154
20211223,경인선,동인천,13787,13094,26881
20211223,9호선,노량진,25893,24900,50793
20211223,9호선2~3단계,둔촌오륜,1152,1055,2207
20211223,9호선,노들,4376,3793,8169
20211223,9호선,동작,1780,1468,3248
20211223,9호선2~3단계,한성백제,2515,2291,4806
20211223,9호선2~3단계,송파나루,5178,5546,10724
20211223,9호선2~3단계,석촌,8348,7341,15689
20211223,9호선2~3단계,석촌고분,6149,6116,12265
20211223,9호선2~3단계,삼전,6851,6673,13524
20211223,9호선2~3단계,종합운동장,4213,4104,8317
20211223,9호선2~3단계,봉은사,19958,21023,40981
20211223,9호선2~3단계,삼성중앙,6855,7155,14010
20211223,9호선2~3단계,선정릉,9848,10757,20605
20211223,9호선2~3단계,언주,11029,11191,22220
20211223,9호선,신논현,33405,33074,66479
20211223,9호선,사평,3561,3435,6996
20211223,9호선,고속터미널,12320,16100,28420
20211223,9호선,신반포,3283,3196,6479
20211223,9호선,구반포,1587,1599,3186
20211223,9호선,흑석,8253,8594,16847
20211223,경부선,오산,9457,9394,18851
20211223,경강선,이매,1115,996,2111
20211223,경부선,서정리,6380,5911,12291
20211223,경의선,백마,6976,6703,13679
20211223,경의선,곡산,578,626,1204
20211223,경의선,능곡,3724,3444,7168
20211223,경의선,행신,7788,7826,15614
20211223,경의선,강매,3195,2807,6002
20211223,경의선,화전,1831,1690,3521
20211223,경의선,수색,2686,2832,5518
20211223,경의선,디지털미디어시티,2428,2302,4730
20211223,경의선,가좌,5320,5115,10435
20211223,경의선,홍대입구,1792,2089,3881
20211223,경의선,서강대,2168,2094,4262
20211223,경의선,공덕,3637,3150,6787
20211223,경의선,효창공원앞,2966,3419,6385
20211223,경의선,신촌,793,1027,1820
20211223,경의선,서울역,4272,5342,9614
20211223,경의선,풍산,5661,5424,11085
20211223,경원선,소요산,2436,2116,4552
20211223,경의선,일산,10102,10112,20214
20211223,경의선,야당,7356,7088,14444
20211223,경부선,송탄,4224,4078,8302
20211223,경인선,백운,6774,6695,13469
20211223,경인선,부평,28989,30989,59978
20211223,경인선,송내,26107,26143,52250
20211223,경인선,부천,31548,31598,63146
20211223,경인선,역곡,26347,26011,52358
20211223,경인선,오류동,11886,11199,23085
20211223,경인선,개봉,21219,21128,42347
20211223,경의선,임진강,5,8,13
20211223,경의선,문산,4943,4922,9865
20211223,경의선,파주,1161,796,1957
20211223,경의선,월롱,2381,2060,4441
20211223,경의선,금촌,6271,6201,12472
20211223,경의선,금릉,4782,4689,9471
20211223,경의선,운정,6868,6570,13438
20211223,경의선,탄현,7653,7368,15021
20211223,경원선,동두천,1959,2179,4138
20211223,경인선,주안,18488,16688,35176
20211223,경원선,동두천중앙,2968,2875,5843
20211223,경원선,왕십리,14472,16205,30677
20211223,경원선,응봉,1881,1552,3433
20211223,경원선,옥수,54,32,86
20211223,경원선,한남,4283,4052,8335
20211223,경원선,서빙고,2057,1998,4055
20211223,경원선,이촌,3559,2759,6318
20211223,경부선,광명,3132,2791,5923
20211223,경부선,서동탄,1436,1272,2708
20211223,경부선,당정,6049,5764,11813
20211223,경부선,천안,4403,4656,9059
20211223,경부선,두정,4758,4581,9339
20211223,경부선,직산,692,685,1377
20211223,경부선,성환,2979,2922,5901
20211223,경부선,평택,11260,10674,21934
20211223,경원선,보산,1754,1420,3174
20211223,경원선,청량리,14948,15668,30616
20211223,경원선,외대앞,7330,7205,14535
20211223,경부선,평택지제,3250,3317,6567
20211223,경원선,석계,7879,8862,16741
20211223,경원선,지행,6327,6270,12597
20211223,경원선,덕정,5170,5084,10254
20211223,경원선,덕계,3082,2635,5717
20211223,경원선,양주,7415,7003,14418
20211223,경원선,신이문,8404,7850,16254
20211223,경원선,가능,6447,6332,12779
20211223,경원선,의정부,18029,18593,36622
20211223,경원선,녹양,4596,4351,8947
20211223,경원선,망월사,7269,7389,14658
20211223,경원선,도봉산,7417,4741,12158
20211223,경원선,도봉,5969,5905,11874
20211223,경원선,방학,9463,9270,18733
20211223,경원선,녹천,4483,3926,8409
20211223,경원선,월계,6493,6184,12677
20211223,경원선,광운대,7483,7192,14675
20211223,경원선,회룡,12171,11950,24121
20211224,장항선,봉명,1145,1107,2252
20211224,일산선,대화,12725,10581,23306
20211224,일산선,주엽,8608,8718,17326
20211224,일산선,정발산,7788,7947,15735
20211224,일산선,마두,7414,7585,14999
20211224,일산선,대곡,1752,1431,3183
20211224,우이신설선,정릉,4681,4240,8921
20211224,일산선,원당,11020,10336,21356
20211224,일산선,삼송,18934,18927,37861
20211224,일산선,원흥,10233,9684,19917
20211224,우이신설선,신설동,2062,1970,4032
20211224,우이신설선,보문,1614,1613,3227
20211224,우이신설선,성신여대입구,3538,3920,7458
20211224,장항선,온양온천,4233,4288,8521
20211224,일산선,화정,16748,17422,34170
20211224,중앙선,오빈,262,270,532
20211224,중앙선,양정,672,580,1252
20211224,중앙선,국수,552,573,1125
20211224,우이신설선,북한산보국문,6102,5875,11977
20211224,장항선,신창,1260,1067,2327
20211224,중앙선,회기,25077,23733,48810
20211224,중앙선,중랑,5571,5225,10796
20211224,중앙선,상봉,5945,5976,11921
20211224,중앙선,망우,7644,7707,15351
20211224,중앙선,양원,2091,2039,4130
20211224,중앙선,구리,13404,13777,27181
20211224,중앙선,도농,10314,9564,19878
20211224,중앙선,덕소,5336,5425,10761
20211224,중앙선,도심,2340,1848,4188
20211224,중앙선,팔당,832,931,1763
20211224,중앙선,운길산,562,511,1073
20211224,중앙선,양수,1566,1589,3155
20211224,중앙선,신원,155,161,316
20211224,중앙선,아신,486,491,977
20211224,우이신설선,솔샘,5699,5208,10907
20211224,안산선,반월,4277,4056,8333
20211224,우이신설선,삼양,2024,2242,4266
20211224,수인선,숭의,4001,3697,7698
20211224,수인선,인하대,5637,5374,11011
20211224,수인선,송도,2428,2367,4795
20211224,수인선,연수,4541,4492,9033
20211224,수인선,원인재,4378,4742,9120
20211224,수인선,남동인더스파크,2147,2364,4511
20211224,수인선,호구포,3980,4159,8139
20211224,수인선,인천논현,5575,5974,11549
20211224,수인선,소래포구,4658,4607,9265
20211224,수인선,월곶,2568,2348,4916
20211224,수인선,달월,82,66,148
20211224,수인선,사리,4518,3965,8483
20211224,수인선,야목,332,244,576
20211224,수인선,어천,832,724,1556
20211224,장항선,배방,1089,1026,2115
20211224,수인선,신포,1765,1868,3633
20211224,우이신설선,삼양사거리,2391,2452,4843
20211224,수인선,인천,1053,1672,2725
20211224,안산선,대야미,4981,4334,9315
20211224,우이신설선,화계,3249,3058,6307
20211224,우이신설선,가오리,4028,4019,8047
20211224,우이신설선,4.19민주묘지,2674,2519,5193
20211224,우이신설선,솔밭공원,2445,2272,4717
20211224,우이신설선,북한산우이,2394,2181,4575
20211224,안산선,수리산,4177,3287,7464
20211224,안산선,오이도,8398,8465,16863
20211224,안산선,정왕,8070,8271,16341
20211224,안산선,신길온천,1743,1692,3435
20211224,안산선,안산,11720,10684,22404
20211224,안산선,초지,4312,4428,8740
20211224,안산선,고잔,8510,8167,16677
20211224,안산선,중앙,17885,19028,36913
20211224,안산선,한대앞,8765,8868,17633
20211224,안산선,상록수,15453,15591,31044
20211224,안산선,산본,15836,17458,33294
20211224,장항선,탕정,415,352,767
20211224,수인선,오목천,3018,2509,5527
20211224,장항선,쌍용,1935,1761,3696
20211224,9호선,신논현,33906,32594,66500
20211224,9호선2~3단계,언주,11097,10831,21928
20211224,9호선2~3단계,선정릉,9207,9898,19105
20211224,9호선2~3단계,삼성중앙,6431,6546,12977
20211224,9호선2~3단계,봉은사,19812,20661,40473
20211224,9호선2~3단계,종합운동장,4278,3988,8266
20211224,9호선2~3단계,삼전,6934,6785,13719
20211224,9호선2~3단계,석촌고분,6269,6081,12350
20211224,9호선2~3단계,석촌,8581,7666,16247
20211224,9호선2~3단계,송파나루,5699,6015,11714
20211224,9호선2~3단계,한성백제,2589,2377,4966
20211224,9호선2~3단계,올림픽공원,7582,7539,15121
20211224,9호선2~3단계,둔촌오륜,1097,992,2089
20211224,9호선2~3단계,중앙보훈병원,9701,8400,18101
20211224,경강선,판교,5038,4993,10031
20211224,9호선,사평,3769,3702,7471
20211224,경강선,이매,1116,1045,2161
20211224,9호선,고속터미널,13376,18857,32233
20211224,9호선,구반포,1546,1608,3154
20211224,9호선,양천향교,9425,9422,18847
20211224,9호선,가양,20070,19718,39788
20211224,9호선,증미,7591,7506,15097
20211224,9호선,등촌,11522,11358,22880
20211224,9호선,염창,16873,16401,33274
20211224,9호선,신목동,3764,3397,7161
20211224,9호선,선유도,8478,8000,16478
20211224,9호선,당산,17878,17844,35722
20211224,9호선,국회의사당,15047,14805,29852
20211224,9호선,여의도,27092,24776,51868
20211224,9호선,샛강,5506,5425,10931
20211224,9호선,노량진,26711,25324,52035
20211224,9호선,노들,4444,3804,8248
20211224,9호선,흑석,8056,8240,16296
20211224,9호선,동작,1802,1337,3139
20211224,9호선,신반포,3449,3360,6809
20211224,장항선,아산,3282,3513,6795
20211224,경강선,삼동,2339,2156,4495
20211224,경강선,초월,3231,3028,6259
20211224,경부선,안양,21207,21286,42493
20211224,경부선,명학,8386,8053,16439
20211224,경부선,금정,25717,26172,51889
20211224,경부선,군포,7620,7393,15013
20211224,경부선,의왕,8783,8651,17434
20211224,경부선,성균관대,13835,13571,27406
20211224,경부선,화서,7547,7382,14929
20211224,경부선,수원,37809,42057,79866
20211224,경부선,독산,18045,18625,36670
20211224,3호선,수서,17064,17745,34809
20211224,3호선,지축,4280,4155,8435
20211224,중앙선,양평,2537,2692,5229
20211224,중앙선,원덕,288,300,588
20211224,중앙선,용문,1437,1669,3106
20211224,중앙선,지평,64,69,133
20211224,경부선,관악,6948,6550,13498
20211224,경강선,경기광주,7572,7332,14904
20211224,경부선,석수,9484,8306,17790
20211224,경부선,가산디지털단지,16641,19475,36116
20211224,경강선,곤지암,2408,2182,4590
20211224,경강선,신둔도예촌,1438,1304,2742
20211224,경강선,이천,3027,3061,6088
20211224,경강선,부발,3121,1916,5037
20211224,경강선,세종대왕릉,330,293,623
20211224,경강선,여주,2076,2204,4280
20211224,경부선,서울역,6919,2860,9779
20211224,경부선,남영,8717,9054,17771
20211224,경부선,용산,39912,41885,81797
20211224,경부선,노량진,8874,8871,17745
20211224,경부선,대방,12340,12676,25016
20211224,경부선,영등포,44817,46312,91129
20211224,경부선,신도림,3871,3823,7694
20211224,경부선,신길,8814,7595,16409
20211224,경부선,구로,18541,18789,37330
20211224,경부선,금천구청,11576,11753,23329
20211224,수인선,고색,4622,4290,8912
20211224,9호선,마곡나루,11161,11079,22240
20211224,분당선,수원시청,13659,15677,29336
20211224,경의선,문산,5433,5140,10573
20211224,경의선,파주,1207,755,1962
20211224,경의선,월롱,2978,2006,4984
20211224,경의선,금촌,6496,6414,12910
20211224,경의선,금릉,4739,4623,9362
20211224,경의선,운정,6827,6816,13643
20211224,경의선,야당,7136,7156,14292
20211224,경의선,탄현,7528,7398,14926
20211224,경의선,일산,8750,8903,17653
20211224,경의선,풍산,5484,5273,10757
20211224,경의선,백마,6531,6371,12902
20211224,경의선,곡산,506,552,1058
20211224,경의선,능곡,3652,3344,6996
20211224,경의선,행신,7822,8078,15900
20211224,경의선,강매,2983,2593,5576
20211224,경의선,임진강,7,6,13
20211224,경의선,화전,1865,1617,3482
20211224,경의선,계양,1,0,1
20211224,경인선,오류동,12034,11371,23405
20211224,경인선,도원,2903,2918,5821
20211224,경인선,간석,5939,5675,11614
20211224,경인선,부개,8385,7956,16341
20211224,경인선,소사,8134,7833,15967
20211224,경인선,구일,6064,6140,12204
20211224,경인선,인천,3412,2673,6085
20211224,경인선,동인천,13828,13306,27134
20211224,경인선,제물포,10475,10110,20585
20211224,경인선,주안,19161,17327,36488
20211224,경인선,동암,14640,14927,29567
20211224,경인선,백운,6748,6704,13452
20211224,경인선,부평,31138,34098,65236
20211224,경인선,송내,25571,25490,51061
20211224,경인선,부천,32627,33681,66308
20211224,경인선,역곡,26176,26183,52359
20211224,경인선,개봉,21042,21258,42300
20211224,경인선,온수,6732,6282,13014
20211224,경의선,수색,2535,2517,5052
20211224,경의선,가좌,5269,5157,10426
20211224,경원선,도봉,5727,5578,11305
20211224,경원선,방학,9406,9252,18658
20211224,경원선,녹천,4519,3667,8186
20211224,경원선,월계,6432,6117,12549
20211224,경원선,광운대,7505,7090,14595
20211224,경원선,석계,7902,8991,16893
20211224,경원선,신이문,8416,7684,16100
20211224,경원선,외대앞,7571,7569,15140
20211224,경원선,청량리,17498,18954,36452
20211224,경원선,왕십리,15396,17531,32927
20211224,경원선,응봉,1856,1520,3376
20211224,경원선,옥수,51,30,81
20211224,경원선,한남,4209,4069,8278
20211224,경원선,서빙고,2078,1891,3969
20211224,경원선,이촌,3630,2883,6513
20211224,경원선,도봉산,6525,4313,10838
20211224,경의선,디지털미디어시티,2450,2288,4738
20211224,경원선,망월사,7192,7452,14644
20211224,경원선,의정부,19571,20920,40491
20211224,경의선,홍대입구,1790,2294,4084
20211224,경의선,서강대,2098,2117,4215
20211224,경의선,공덕,3404,2974,6378
20211224,경의선,효창공원앞,2883,3339,6222
20211224,경의선,신촌,828,1049,1877
20211224,경의선,서울역,4106,5338,9444
20211224,경원선,동두천,2020,2239,4259
20211224,경원선,보산,1754,1538,3292
20211224,경원선,동두천중앙,3049,3072,6121
20211224,경원선,지행,6538,6494,13032
20211224,경원선,덕정,5540,5112,10652
20211224,경원선,덕계,2999,2661,5660
20211224,경원선,양주,7611,7161,14772
20211224,경원선,녹양,4423,4147,8570
20211224,경원선,가능,6440,6177,12617
20211224,경원선,회룡,11981,11954,23935
20211224,분당선,매교,2970,3042,6012
20211224,경인선,중동,9052,8671,17723
20211224,경춘선,신내,2011,1858,3869
20211224,분당선,가천대,6655,7206,13861
20211224,분당선,선정릉,7900,8148,16048
20211224,분당선,강남구청,10416,11426,21842
20211224,분당선,압구정로데오,23741,25131,48872
20211224,분당선,서울숲,10491,10601,21092
20211224,분당선,수원,8969,7803,16772
20211224,분당선,수서,13495,14838,28333
20211224,분당선,대모산입구,4400,4001,8401
20211224,분당선,개포동,3709,3897,7606
20211224,분당선,구룡,2142,1862,4004
20211224,분당선,도곡,7055,7069,14124
20211224,분당선,한티,14567,15568,30135
20211224,분당선,선릉,12641,18331,30972
20211224,과천선,범계,26322,26206,52528
20211224,과천선,평촌,16916,16839,33755
20211224,분당선,태평,13903,13679,27582
20211224,과천선,인덕원,23258,24061,47319
20211224,분당선,모란,24115,24566,48681
20211224,분당선,서현,27513,28232,55745
20211224,분당선,매탄권선,5494,5039,10533
20211224,분당선,망포,15416,13958,29374
20211224,분당선,영통,9281,9284,18565
20211224,분당선,청명,4342,3999,8341
20211224,분당선,상갈,5412,5182,10594
20211224,분당선,기흥,9765,9503,19268
20211224,분당선,신갈,4506,4483,8989
20211224,분당선,구성,4887,5325,10212
20211224,분당선,죽전,14263,15607,29870
20211224,분당선,보정,2522,2210,4732
20211224,분당선,이매,5958,5759,11717
20211224,분당선,오리,12099,9902,22001
20211224,분당선,미금,15555,16376,31931
20211224,분당선,정자,16799,17928,34727
20211224,분당선,수내,13230,13249,26479
20211224,분당선,야탑,26311,27456,53767
20211224,경인선,도화,4155,3909,8064
20211224,과천선,정부과천청사,9974,9713,19687
20211224,과천선,대공원,1878,2000,3878
20211224,경춘선,강촌,319,330,649
20211224,경춘선,백양리,298,262,560
20211224,경춘선,굴봉산,103,110,213
20211224,경춘선,가평,1701,1866,3567
20211224,경춘선,상천,205,199,404
20211224,경춘선,청평,1594,1651,3245
20211224,경춘선,대성리,416,367,783
20211224,경춘선,마석,3609,3610,7219
20211224,경춘선,천마산,1615,1530,3145
20211224,경춘선,평내호평,5867,5917,11784
20211224,경춘선,금곡,1443,1360,2803
20211224,경춘선,사릉,3152,3059,6211
20211224,경춘선,퇴계원,3441,3240,6681
20211224,경춘선,별내,3328,3268,6596
20211224,경춘선,갈매,2915,2550,5465
20211224,경춘선,김유정,245,289,534
20211224,과천선,과천,5855,5510,11365
20211224,경춘선,남춘천,2318,2616,4934
20211224,공항철도 1호선,서울역,8579,8721,17300
20211224,과천선,경마공원,5104,5115,10219
20211224,과천선,선바위,8014,7006,15020
20211224,공항철도 1호선,영종,2980,3233,6213
20211224,공항철도 1호선,인천공항2터미널,2170,2188,4358
20211224,공항철도 1호선,인천공항1터미널,3813,4319,8132
20211224,공항철도 1호선,공항화물청사,2232,2310,4542
20211224,공항철도 1호선,운서,6732,6937,13669
20211224,공항철도 1호선,청라국제도시,6583,6363,12946
20211224,공항철도 1호선,검암,6641,6682,13323
20211224,공항철도 1호선,계양,9903,9182,19085
20211224,공항철도 1호선,김포공항,13333,7357,20690
20211224,공항철도 1호선,마곡나루,7682,7023,14705
20211224,공항철도 1호선,디지털미디어시티,12610,11239,23849
20211224,공항철도 1호선,홍대입구,11332,11596,22928
20211224,공항철도 1호선,공덕,2220,2864,5084
20211224,경춘선,춘천,1314,1261,2575
20211224,9호선,신방화,6950,6764,13714
20211224,5호선,영등포구청,3816,3861,7677
20211224,9호선,김포공항,8377,14222,22599
20211224,4호선,동대문,18888,19251,38139
20211224,4호선,동대문역사문화공원,16267,15017,31284
20211224,4호선,충무로,25351,26452,51803
20211224,4호선,명동,32788,35594,68382
20211224,4호선,회현,33183,34411,67594
20211224,4호선,서울역,10394,18450,28844
20211224,4호선,혜화,35963,35801,71764
20211224,4호선,숙대입구,12796,12451,25247
20211224,4호선,신용산,16379,17098,33477
20211224,4호선,이촌,7225,8110,15335
20211224,4호선,동작,1222,1329,2551
20211224,4호선,총신대입구,18362,20160,38522
20211224,4호선,사당,24601,19856,44457
20211224,4호선,남태령,1284,1003,2287
20211224,4호선,삼각지,4869,5651,10520
20211224,4호선,한성대입구,13722,13286,27008
20211224,4호선,성신여대입구,20878,20464,41342
20211224,4호선,길음,19843,19169,39012
20211224,1호선,제기동,16326,16276,32602
20211224,1호선,신설동,13709,13184,26893
20211224,1호선,동대문,11200,10600,21800
20211224,1호선,종로5가,22163,21658,43821
20211224,1호선,종로3가,24177,22726,46903
20211224,1호선,종각,31785,30208,61993
20211224,1호선,시청,22856,21657,44513
20211224,1호선,동묘앞,7107,7547,14654
20211224,1호선,서울역,45246,45633,90879
20211224,3호선,가락시장,8902,8622,17524
20211224,3호선,경찰병원,6929,6802,13731
20211224,3호선,오금,5832,5213,11045
20211224,4호선,수유,34735,35188,69923
20211224,4호선,미아,14941,14198,29139
20211224,4호선,미아사거리,28615,28508,57123
20211224,4호선,당고개,12522,11468,23990
20211224,4호선,상계,18695,17573,36268
20211224,3호선,일원,10787,10143,20930
20211224,3호선,대청,9540,8773,18313
20211224,5호선,발산,19626,20449,40075
20211224,5호선,우장산,14489,14261,28750
20211224,5호선,화곡,28513,26690,55203
20211224,5호선,까치산,28856,28311,57167
20211224,5호선,신정,13762,11130,24892
20211224,3호선,옥수,9056,9463,18519
20211224,3호선,금호,7995,7532,15527
20211224,3호선,약수,13014,12602,25616
20211224,3호선,동대입구,8618,8996,17614
20211224,3호선,을지로3가,11066,11070,22136
20211224,3호선,종로3가,10596,12512,23108
20211224,3호선,안국,20038,20373,40411
20211224,5호선,목동,16336,17356,33692
20211224,5호선,오목교,22953,25499,48452
20211224,5호선,양평,7388,7142,14530
20211224,5호선,마곡,10836,10482,21318
20211224,1호선,청량리,20471,20335,40806
20211224,5호선,송정,6633,6295,12928
20211224,5호선,개화산,5480,5171,10651
20211224,3호선,학여울,1676,1742,3418
20211224,3호선,대치,10363,10417,20780
20211224,3호선,도곡,5412,5436,10848
20211224,3호선,매봉,12430,11641,24071
20211224,3호선,양재,37884,38933,76817
20211224,3호선,남부터미널,30416,31572,61988
20211224,3호선,교대,13200,8165,21365
20211224,3호선,고속터미널,49707,53209,102916
20211224,3호선,잠원,4972,4808,9780
20211224,3호선,신사,33883,34440,68323
20211224,3호선,압구정,35490,36510,72000
20211224,4호선,노원,19349,21694,41043
20211224,4호선,창동,25478,27254,52732
20211224,4호선,쌍문,29318,26952,56270
20211224,5호선,방화,6500,6298,12798
20211224,5호선,김포공항,8631,8300,16931
20211224,2호선,을지로입구,47984,45340,93324
20211224,2호선,을지로3가,22811,22689,45500
20211224,2호선,을지로4가,12595,12581,25176
20211224,3호선,독립문,6907,6787,13694
20211224,3호선,무악재,3797,3802,7599
20211224,3호선,홍제,16786,16442,33228
20211224,3호선,녹번,15171,13734,28905
20211224,3호선,불광,15918,17311,33229
20211224,3호선,연신내,36873,34769,71642
20211224,3호선,구파발,20308,19799,40107
20211224,2호선,용두,2540,2554,5094
20211224,2호선,신정네거리,10052,10547,20599
20211224,2호선,양천구청,6398,6738,13136
20211224,2호선,도림천,1327,1368,2695
20211224,2호선,신설동,3655,3546,7201
20211224,2호선,신답,1638,1817,3455
20211224,2호선,용답,2797,2677,5474
20211224,2호선,충정로,9358,10075,19433
20211224,일산선,백석,10095,10413,20508
20211224,2호선,아현,10082,9774,19856
20211224,경원선,소요산,2316,1914,4230
20211224,경부선,병점,14827,14710,29537
20211224,3호선,경복궁,19383,19151,38534
20211224,경부선,서동탄,1352,1305,2657
20211224,경부선,당정,5843,5639,11482
20211224,경부선,천안,5494,5774,11268
20211224,경부선,두정,5644,5414,11058
20211224,경부선,직산,888,768,1656
20211224,경부선,성환,3336,2963,6299
20211224,경부선,평택,12830,12598,25428
20211224,경부선,평택지제,4269,3674,7943
20211224,경부선,서정리,8457,6465,14922
20211224,경부선,송탄,5140,4706,9846
20211224,경부선,진위,1957,1470,3427
20211224,경부선,오산,10696,10083,20779
20211224,경부선,오산대,3445,3186,6631
20211224,경부선,세마,2923,2734,5657
20211224,경부선,세류,3087,2890,5977
20211224,9호선,공항시장,2979,3160,6139
20211224,2호선,이대,13463,13948,27411
20211224,2호선,홍대입구,63438,66279,129717
20211224,2호선,삼성,60601,58644,119245
20211224,2호선,종합운동장,7197,7545,14742
20211224,2호선,잠실새내,21718,22091,43809
20211224,2호선,잠실,77126,77081,154207
20211224,2호선,잠실나루,13711,13031,26742
20211224,2호선,강변,31922,32075,63997
20211224,2호선,구의,23573,23128,46701
20211224,2호선,건대입구,37485,40587,78072
20211224,2호선,성수,37837,40198,78035
20211224,2호선,뚝섬,22416,23345,45761
20211224,2호선,한양대,6486,6364,12850
20211224,2호선,왕십리,16622,14204,30826
20211224,2호선,상왕십리,14525,14254,28779
20211224,2호선,신당,13763,14503,28266
20211224,2호선,동대문역사문화공원,12611,14766,27377
20211224,2호선,선릉,52149,45817,97966
20211224,2호선,신촌,35109,35635,70744
20211224,2호선,역삼,47240,50320,97560
20211224,2호선,교대,31687,35399,67086
20211224,2호선,합정,32531,34407,66938
20211224,2호선,당산,17444,20117,37561
20211224,2호선,영등포구청,22684,22780,45464
20211224,2호선,문래,20691,21330,42021
20211224,2호선,신도림,47082,46989,94071
20211224,2호선,대림,23088,23817,46905
20211224,2호선,구로디지털단지,58047,57745,115792
20211224,2호선,신대방,26100,25345,51445
20211224,2호선,신림,63853,62655,126508
20211224,2호선,봉천,23432,21645,45077
20211224,2호선,서울대입구,48860,46987,95847
20211224,2호선,낙성대,27487,25824,53311
20211224,2호선,사당,34370,37402,71772
20211224,2호선,방배,15202,15842,31044
20211224,2호선,서초,21460,20340,41800
20211224,2호선,강남,82610,80472,163082
20211224,5호선,영등포시장,10261,10533,20794
20211224,2호선,시청,23713,20856,44569
20211224,5호선,여의도,28289,28239,56528
20211224,7호선,건대입구,13883,14111,27994
20211224,7호선,뚝섬유원지,6920,6831,13751
20211224,7호선,청담,18389,20575,38964
20211224,7호선,강남구청,16046,17293,33339
20211224,7호선,학동,22976,23799,46775
20211224,7호선,논현,19630,21243,40873
20211224,7호선,반포,6032,5659,11691
20211224,7호선,고속터미널,16328,14115,30443
20211224,7호선,내방,14299,14669,28968
20211224,7호선,이수,15578,15136,30714
20211224,7호선,남성,10874,10052,20926
20211224,7호선,숭실대입구,11410,11234,22644
20211224,7호선,상도,10647,10135,20782
20211224,7호선,장승배기,9358,9173,18531
20211224,7호선,신대방삼거리,16384,15451,31835
20211224,7호선,어린이대공원,12156,11842,23998
20211224,7호선,보라매,9584,9314,18898
20211224,7호선,군자,14833,12030,26863
20211224,7호선,용마산,5872,5694,11566
20211224,6호선,봉화산,8561,8156,16717
20211224,7호선,장암,2039,884,2923
20211224,7호선,도봉산,8602,9595,18197
20211224,7호선,수락산,12356,12009,24365
20211224,7호선,마들,12718,12085,24803
20211224,7호선,노원,21103,21875,42978
20211224,7호선,중계,13517,12262,25779
20211224,7호선,하계,17360,16218,33578
20211224,7호선,공릉,12142,12037,24179
20211224,7호선,태릉입구,8176,7588,15764
20211224,7호선,먹골,10094,9957,20051
20211224,7호선,중화,10881,10731,21612
20211224,7호선,상봉,17211,16751,33962
20211224,7호선,면목,15207,14995,30202
20211224,7호선,사가정,15896,15929,31825
20211224,7호선,중곡,11144,10457,21601
20211224,6호선,화랑대,11183,8896,20079
20211224,7호선,신풍,11206,10770,21976
20211224,7호선,남구로,15297,16152,31449
20211224,8호선,석촌,8294,9716,18010
20211224,8호선,송파,7659,7880,15539
20211224,8호선,가락시장,7807,8699,16506
20211224,8호선,문정,20861,21466,42327
20211224,8호선,장지,17698,16947,34645
20211224,8호선,복정,9317,7737,17054
20211224,8호선,산성,5311,5240,10551
20211224,8호선,남한산성입구,13581,11987,25568
20211224,8호선,단대오거리,10507,10117,20624
20211224,8호선,신흥,4521,5051,9572
20211224,8호선,수진,5476,4943,10419
20211224,8호선,모란,5506,4155,9661
20211224,경부선,광명,3387,3393,6780
20211224,8호선,남위례,3352,3880,7232
20211224,5호선,신길,4033,4331,8364
20211224,8호선,잠실,16938,19639,36577
20211224,7호선,대림,7743,8030,15773
20211224,8호선,몽촌토성,6072,6086,12158
20211224,8호선,천호,15841,18870,34711
20211224,7호선,가산디지털단지,44056,42277,86333
20211224,7호선,철산,20899,21770,42669
20211224,7호선,광명사거리,22662,22265,44927
20211224,7호선,천왕,11372,10927,22299
20211224,7호선,온수,10057,9227,19284
20211224,7호선,까치울,7479,7353,14832
20211224,7호선,부천종합운동장,4729,4134,8863
20211224,7호선,춘의,9997,9692,19689
20211224,7호선,신중동,14337,14422,28759
20211224,7호선,부천시청,13753,14026,27779
20211224,7호선,상동,13592,14126,27718
20211224,7호선,삼산체육관,5359,4848,10207
20211224,7호선,굴포천,9257,9713,18970
20211224,7호선,부평구청,7118,6558,13676
20211224,8호선,암사,18583,16658,35241
20211224,8호선,강동구청,10514,10908,21422
20211224,6호선,태릉입구,5553,5885,11438
20211224,9호선,개화,2393,1718,4111
20211224,5호선,아차산,14877,14302,29179
20211224,5호선,광나루,13148,11933,25081
20211224,5호선,천호,19989,19591,39580
20211224,5호선,강동,18119,16895,35014
20211224,5호선,길동,8285,8748,17033
20211224,5호선,굽은다리,9697,9352,19049
20211224,5호선,명일,8335,8802,17137
20211224,6호선,석계,11900,12382,24282
20211224,5호선,고덕,9581,9646,19227
20211224,5호선,둔촌동,8560,8771,17331
20211224,5호선,방이,6911,7194,14105
20211224,5호선,오금,3620,3544,7164
20211224,5호선,개롱,6333,6553,12886
20211224,5호선,거여,9227,8742,17969
20211224,5호선,마천,6607,6473,13080
20211224,5호선,상일동,14853,13805,28658
20211224,5호선,군자,11480,12432,23912
20211224,5호선,장한평,18237,18373,36610
20211224,5호선,답십리,16117,15030,31147
20211224,5호선,여의나루,8693,9999,18692
20211224,5호선,마포,13771,13914,27685
20211224,5호선,공덕,12914,13947,26861
20211224,5호선,애오개,6482,6479,12961
20211224,5호선,충정로,4235,4159,8394
20211224,5호선,서대문,17717,17433,35150
20211224,5호선,광화문,29977,30698,60675
20211224,5호선,종로3가,13439,13584,27023
20211224,5호선,을지로4가,5648,5876,11524
20211224,5호선,동대문역사문화공원,2785,3419,6204
20211224,5호선,청구,3963,3540,7503
20211224,5호선,신금호,6346,6527,12873
20211224,5호선,행당,7983,7228,15211
20211224,5호선,왕십리,4838,5455,10293
20211224,5호선,마장,5789,5287,11076
20211224,5호선,강일,3793,3605,7398
20211224,5호선,미사,15402,16047,31449
20211224,5호선,올림픽공원,4374,3890,8264
20211224,5호선,하남시청,6422,6406,12828
20211224,6호선,녹사평,5439,5784,11223
20211224,6호선,이태원,12318,13396,25714
20211224,6호선,한강진,11063,12441,23504
20211224,6호선,버티고개,1962,2032,3994
20211224,6호선,약수,3548,3654,7202
20211224,5호선,하남풍산,4238,4324,8562
20211224,6호선,신당,9156,9100,18256
20211224,6호선,동묘앞,8086,8245,16331
20211224,6호선,창신,3438,2740,6178
20211224,6호선,보문,7712,6963,14675
20211224,6호선,안암,10029,9414,19443
20211224,6호선,고려대,7681,7194,14875
20211224,6호선,월곡,11446,11374,22820
20211224,6호선,상월곡,6021,5330,11351
20211224,6호선,돌곶이,9165,8470,17635
20211224,6호선,삼각지,6217,5302,11519
20211224,6호선,효창공원앞,6905,6213,13118
20211224,6호선,청구,3629,4003,7632
20211224,6호선,대흥,7973,8172,16145
20211224,6호선,공덕,17706,16987,34693
20211224,6호선,응암,17406,17678,35084
20211224,6호선,역촌,3990,4484,8474
20211224,6호선,불광,4467,4318,8785
20211224,6호선,독바위,2680,2800,5480
20211224,6호선,구산,7624,5779,13403
20211224,6호선,새절,12387,11571,23958
20211224,5호선,하남검단산,5635,5411,11046
20211224,6호선,디지털미디어시티,12859,14033,26892
20211224,6호선,월드컵경기장,3690,4110,7800
20211224,6호선,마포구청,14410,13044,27454
20211224,6호선,망원,15627,16801,32428
20211224,6호선,합정,13894,13417,27311
20211224,6호선,상수,9812,10783,20595
20211224,6호선,광흥창,8831,8678,17509
20211224,6호선,증산,10124,10003,20127
20211227,4호선,수유,30972,30903,61875
20211227,3호선,오금,5737,5069,10806
20211227,3호선,경찰병원,6801,6958,13759
20211227,3호선,가락시장,8034,7911,15945
20211227,3호선,수서,15810,16031,31841
20211227,3호선,일원,9344,9023,18367
20211227,3호선,대청,9298,8737,18035
20211227,3호선,매봉,11578,11087,22665
20211227,3호선,대치,9700,9893,19593
20211227,3호선,도곡,5062,5128,10190
20211227,3호선,양재,34690,37809,72499
20211227,3호선,남부터미널,26181,26733,52914
20211227,3호선,교대,12852,8393,21245
20211227,3호선,고속터미널,37547,35591,73138
20211227,4호선,미아,13664,13177,26841
20211227,3호선,학여울,1474,1569,3043
20211227,4호선,미아사거리,25071,24507,49578
20211227,2호선,영등포구청,21226,21561,42787
20211227,4호선,성신여대입구,17996,17505,35501
20211227,8호선,암사,17399,15721,33120
20211227,8호선,천호,13339,15442,28781
20211227,8호선,강동구청,9725,10208,19933
20211227,4호선,이촌,6494,7059,13553
20211227,4호선,신용산,14937,15681,30618
20211227,4호선,삼각지,4402,4806,9208
20211227,4호선,숙대입구,11255,11127,22382
20211227,4호선,서울역,9644,14569,24213
20211227,4호선,회현,22398,23564,45962
20211227,4호선,명동,17904,18474,36378
20211227,4호선,충무로,23714,24627,48341
20211227,4호선,동대문역사문화공원,13807,12582,26389
20211227,4호선,동대문,17243,17802,35045
20211227,4호선,혜화,26910,26809,53719
20211227,4호선,한성대입구,11929,11751,23680
20211227,4호선,길음,17986,17880,35866
20211227,3호선,잠원,4406,4380,8786
20211227,2호선,당산,16374,18873,35247
20211227,3호선,압구정,29991,31899,61890
20211227,3호선,지축,4009,4004,8013
20211227,2호선,용두,2164,2266,4430
20211227,2호선,신정네거리,9289,9599,18888
20211227,2호선,양천구청,6085,6515,12600
20211227,2호선,도림천,1392,1402,2794
20211227,2호선,신설동,2991,3122,6113
20211227,2호선,신답,1469,1753,3222
20211227,2호선,용답,2446,2499,4945
20211227,2호선,충정로,9027,9651,18678
20211227,2호선,아현,9025,8845,17870
20211227,2호선,이대,11425,12477,23902
20211227,2호선,신촌,29270,29945,59215
20211227,2호선,홍대입구,48673,49387,98060
20211227,2호선,합정,27638,28572,56210
20211227,경부선,독산,17186,18199,35385
20211227,3호선,구파발,18663,17571,36234
20211227,3호선,신사,29079,30261,59340
20211227,3호선,연신내,33240,31615,64855
20211227,3호선,녹번,13995,12766,26761
20211227,3호선,옥수,7630,8216,15846
20211227,3호선,금호,7002,6790,13792
20211227,3호선,약수,11756,11520,23276
20211227,3호선,동대입구,6252,6474,12726
20211227,3호선,충무로,1,0,1
20211227,8호선,몽촌토성,5341,5475,10816
20211227,경부선,병점,12488,12311,24799
20211227,경부선,세류,2589,2354,4943
20211227,3호선,을지로3가,9937,10032,19969
20211227,3호선,종로3가,9615,10785,20400
20211227,3호선,안국,17325,17694,35019
20211227,3호선,경복궁,16778,16231,33009
20211227,3호선,독립문,5933,6036,11969
20211227,3호선,무악재,3522,3568,7090
20211227,3호선,홍제,15229,14841,30070
20211227,3호선,불광,14422,15522,29944
20211227,경부선,수원,29595,31271,60866
20211227,9호선2~3단계,석촌,7582,6897,14479
20211227,경부선,성균관대,12497,12477,24974
20211227,9호선,여의도,24570,23330,47900
20211227,9호선,샛강,5343,5636,10979
20211227,9호선,노량진,23183,22811,45994
20211227,9호선,노들,3972,3446,7418
20211227,9호선,흑석,7153,7572,14725
20211227,9호선,동작,1564,1203,2767
20211227,9호선,국회의사당,14879,15365,30244
20211227,9호선,구반포,1435,1467,2902
20211227,9호선,고속터미널,10837,13999,24836
20211227,9호선,사평,3207,3159,6366
20211227,9호선,신논현,29520,29421,58941
20211227,9호선2~3단계,언주,10188,10485,20673
20211227,9호선2~3단계,선정릉,8832,9571,18403
20211227,9호선2~3단계,삼성중앙,6364,6662,13026
20211227,9호선,신반포,2808,2810,5618
20211227,9호선,당산,16175,16334,32509
20211227,9호선,선유도,8181,8009,16190
20211227,9호선,신목동,3542,3210,6752
20211227,8호선,단대오거리,9499,9379,18878
20211227,8호선,신흥,3930,4297,8227
20211227,8호선,수진,4900,4558,9458
20211227,8호선,모란,3808,2910,6718
20211227,8호선,남위례,2995,3362,6357
20211227,9호선,개화,2255,1606,3861
20211227,9호선,김포공항,7098,11589,18687
20211227,9호선,공항시장,2725,3044,5769
20211227,9호선,신방화,6273,6158,12431
20211227,9호선,마곡나루,10515,10317,20832
20211227,9호선,양천향교,8842,9057,17899
20211227,9호선,가양,18455,18212,36667
20211227,9호선,증미,6936,7031,13967
20211227,9호선,등촌,10515,10522,21037
20211227,9호선,염창,15687,15334,31021
20211227,9호선2~3단계,봉은사,14446,14620,29066
20211227,9호선2~3단계,종합운동장,3845,3827,7672
20211227,9호선2~3단계,삼전,6287,6278,12565
20211227,9호선2~3단계,석촌고분,5612,5694,11306
20211227,경부선,노량진,7068,7220,14288
20211227,경부선,대방,11427,12089,23516
20211227,경부선,영등포,34130,34610,68740
20211227,경부선,신도림,3698,3531,7229
20211227,경부선,신길,8073,6853,14926
20211227,경부선,구로,16857,16822,33679
20211227,경부선,가산디지털단지,16648,19319,35967
20211227,경부선,금천구청,10709,10582,21291
20211227,경부선,석수,8767,7963,16730
20211227,경부선,관악,6317,5917,12234
20211227,경부선,안양,19058,19036,38094
20211227,경부선,명학,8196,8127,16323
20211227,경부선,금정,23715,24387,48102
20211227,경부선,군포,7025,7217,14242
20211227,경부선,의왕,8166,8246,16412
20211227,경부선,용산,31949,32009,63958
20211227,경부선,화서,7022,6722,13744
20211227,경부선,남영,8449,8698,17147
20211227,경강선,여주,1689,1611,3300
20211227,9호선2~3단계,송파나루,4668,5009,9677
20211227,9호선2~3단계,한성백제,2242,2023,4265
20211227,9호선2~3단계,올림픽공원,5264,5206,10470
20211227,9호선2~3단계,둔촌오륜,1073,1001,2074
20211227,9호선2~3단계,중앙보훈병원,9139,8163,17302
20211227,경강선,판교,4199,4072,8271
20211227,경강선,이매,999,869,1868
20211227,경강선,삼동,2135,2072,4207
20211227,경강선,경기광주,6911,6665,13576
20211227,경강선,초월,2867,2810,5677
20211227,경강선,곤지암,2114,2083,4197
20211227,경강선,신둔도예촌,1213,1153,2366
20211227,경강선,이천,2336,2415,4751
20211227,경강선,부발,1748,1756,3504
20211227,경강선,세종대왕릉,261,242,503
20211227,경부선,서울역,6274,1997,8271
20211227,2호선,문래,19476,19974,39450
20211227,7호선,노원,18167,18638,36805
20211227,2호선,대림,21909,22362,44271
20211227,5호선,방이,6368,6673,13041
20211227,5호선,오금,3469,3423,6892
20211227,5호선,개롱,5818,6164,11982
20211227,5호선,거여,8422,8089,16511
20211227,5호선,마천,6164,6077,12241
20211227,5호선,강일,3427,3402,6829
20211227,5호선,미사,14337,14149,28486
20211227,5호선,하남풍산,3805,3827,7632
20211227,5호선,하남시청,5757,5678,11435
20211227,5호선,하남검단산,4897,4732,9629
20211227,6호선,응암,16033,16077,32110
20211227,6호선,역촌,3543,4214,7757
20211227,6호선,불광,3785,3773,7558
20211227,6호선,독바위,2432,2622,5054
20211227,6호선,구산,7036,5381,12417
20211227,5호선,올림픽공원,3871,3346,7217
20211227,6호선,새절,11286,10773,22059
20211227,5호선,둔촌동,7933,8003,15936
20211227,5호선,고덕,8755,8570,17325
20211227,5호선,마장,5104,4808,9912
20211227,5호선,답십리,15073,13972,29045
20211227,5호선,장한평,17041,17048,34089
20211227,5호선,군자,10320,11219,21539
20211227,5호선,아차산,12939,12513,25452
20211227,4호선,남태령,1055,942,1997
20211227,4호선,사당,21826,18311,40137
20211227,4호선,총신대입구,16669,18164,34833
20211227,4호선,동작,1051,1197,2248
20211227,5호선,광나루,11595,10577,22172
20211227,5호선,천호,16150,15894,32044
20211227,5호선,강동,17059,16515,33574
20211227,5호선,길동,7363,7839,15202
20211227,5호선,굽은다리,8915,8683,17598
20211227,5호선,명일,7630,7876,15506
20211227,5호선,상일동,14131,13201,27332
20211227,5호선,왕십리,4280,4805,9085
20211227,6호선,증산,9202,9097,18299
20211227,6호선,월드컵경기장,3087,3271,6358
20211227,6호선,안암,9125,9240,18365
20211227,6호선,고려대,7029,6795,13824
20211227,6호선,월곡,10410,10449,20859
20211227,6호선,상월곡,5700,5138,10838
20211227,6호선,돌곶이,8423,8091,16514
20211227,6호선,석계,11131,11542,22673
20211227,6호선,태릉입구,4866,5334,10200
20211227,6호선,화랑대,10497,8257,18754
20211227,6호선,봉화산,8152,7606,15758
20211227,6호선,신내,1,0,1
20211227,7호선,장암,2044,709,2753
20211227,7호선,도봉산,8092,9173,17265
20211227,7호선,수락산,11269,11071,22340
20211227,7호선,마들,11830,11530,23360
20211227,8호선,남한산성입구,12176,11152,23328
20211227,6호선,보문,6728,6246,12974
20211227,6호선,디지털미디어시티,12414,13544,25958
20211227,6호선,창신,3241,2728,5969
20211227,6호선,신당,7180,7843,15023
20211227,6호선,마포구청,13217,11942,25159
20211227,6호선,망원,12213,13070,25283
20211227,6호선,합정,11955,11514,23469
20211227,6호선,상수,7050,7879,14929
20211227,6호선,광흥창,8169,7950,16119
20211227,6호선,대흥,7101,7414,14515
20211227,6호선,공덕,16726,16112,32838
20211227,6호선,효창공원앞,6194,5614,11808
20211227,6호선,삼각지,5101,4621,9722
20211227,6호선,녹사평,3961,3964,7925
20211227,6호선,이태원,8221,8180,16401
20211227,6호선,한강진,6274,7082,13356
20211227,6호선,버티고개,1766,1857,3623
20211227,6호선,약수,3296,3289,6585
20211227,6호선,청구,3392,3558,6950
20211227,6호선,동묘앞,6993,7223,14216
20211227,2호선,신도림,42552,41686,84238
20211227,5호선,행당,7270,6595,13865
20211227,5호선,청구,3662,3413,7075
20211227,2호선,구의,21467,21754,43221
20211227,2호선,건대입구,31054,33147,64201
20211227,2호선,성수,35008,37529,72537
20211227,2호선,뚝섬,19602,20885,40487
20211227,2호선,한양대,6422,6806,13228
20211227,2호선,왕십리,14416,12349,26765
20211227,2호선,상왕십리,12996,12874,25870
20211227,2호선,신당,12234,12475,24709
20211227,2호선,동대문역사문화공원,10421,11630,22051
20211227,2호선,을지로4가,12087,12130,24217
20211227,2호선,을지로3가,20105,20080,40185
20211227,2호선,을지로입구,36159,36070,72229
20211227,2호선,시청,20783,19561,40344
20211227,1호선,청량리,16901,16766,33667
20211227,1호선,제기동,14080,14206,28286
20211227,2호선,강변,27371,26285,53656
20211227,1호선,신설동,12362,12069,24431
20211227,2호선,잠실나루,12686,12327,25013
20211227,2호선,잠실새내,19504,19315,38819
20211227,2호선,구로디지털단지,55203,55605,110808
20211227,2호선,신대방,23730,23474,47204
20211227,2호선,신림,57212,56248,113460
20211227,2호선,봉천,21474,20465,41939
20211227,2호선,서울대입구,42765,42828,85593
20211227,2호선,낙성대,24171,24154,48325
20211227,2호선,사당,31563,34524,66087
20211227,2호선,방배,14283,15003,29286
20211227,2호선,서초,19012,18431,37443
20211227,2호선,교대,30398,34287,64685
20211227,2호선,강남,78234,76148,154382
20211227,2호선,역삼,48175,52525,100700
20211227,2호선,선릉,52511,46301,98812
20211227,2호선,삼성,47361,47081,94442
20211227,2호선,종합운동장,6002,6571,12573
20211227,2호선,잠실,63457,63078,126535
20211227,5호선,신금호,5729,6017,11746
20211227,1호선,종로5가,19639,19268,38907
20211227,1호선,종각,30035,29001,59036
20211227,5호선,양평,6938,7074,14012
20211227,5호선,영등포구청,3542,3553,7095
20211227,5호선,영등포시장,9097,9505,18602
20211227,5호선,신길,3852,4230,8082
20211227,5호선,여의도,26735,27409,54144
20211227,5호선,여의나루,6692,7870,14562
20211227,5호선,마포,13816,13891,27707
20211227,5호선,공덕,12789,13640,26429
20211227,5호선,애오개,6036,6116,12152
20211227,5호선,충정로,4514,4633,9147
20211227,5호선,서대문,17394,17669,35063
20211227,5호선,광화문,26811,27477,54288
20211227,5호선,종로3가,10939,10650,21589
20211227,5호선,을지로4가,5719,5403,11122
20211227,5호선,동대문역사문화공원,2859,3249,6108
20211227,5호선,오목교,19960,21454,41414
20211227,1호선,종로3가,21299,19724,41023
20211227,5호선,목동,15034,16571,31605
20211227,5호선,까치산,26538,25807,52345
20211227,1호선,시청,19450,19355,38805
20211227,1호선,동묘앞,5992,6196,12188
20211227,1호선,서울역,40321,38102,78423
20211227,4호선,당고개,11764,10545,22309
20211227,4호선,상계,17354,16129,33483
20211227,4호선,노원,16774,18635,35409
20211227,4호선,창동,22555,24093,46648
20211227,4호선,쌍문,27207,25267,52474
20211227,5호선,방화,6130,5923,12053
20211227,5호선,개화산,5113,4802,9915
20211227,5호선,김포공항,7069,6845,13914
20211227,5호선,마곡,10041,9863,19904
20211227,5호선,발산,17808,18105,35913
20211227,5호선,우장산,13102,12940,26042
20211227,5호선,화곡,25974,24769,50743
20211227,5호선,신정,12778,10456,23234
20211227,1호선,동대문,9691,9177,18868
20211227,7호선,중계,12821,11930,24751
20211227,8호선,산성,4753,4783,9536
20211227,수인선,원인재,3920,3974,7894
20211227,수인선,남동인더스파크,2025,2327,4352
20211227,수인선,호구포,3639,3777,7416
20211227,수인선,인천논현,5026,5263,10289
20211227,수인선,소래포구,4009,3682,7691
20211227,수인선,월곶,2150,2098,4248
20211227,수인선,연수,3989,3975,7964
20211227,수인선,달월,60,45,105
20211227,수인선,야목,266,210,476
20211227,수인선,어천,557,589,1146
20211227,수인선,오목천,2363,2218,4581
20211227,수인선,고색,4211,3979,8190
20211227,분당선,매교,2496,2543,5039
20211227,분당선,수원시청,11759,12403,24162
20211227,수인선,사리,4009,3546,7555
20211227,수인선,송도,2114,1918,4032
20211227,수인선,인하대,5059,4836,9895
20211227,수인선,숭의,3601,3424,7025
20211227,안산선,수리산,3834,3114,6948
20211227,안산선,오이도,7211,7015,14226
20211227,안산선,정왕,6852,7364,14216
20211227,안산선,신길온천,1509,1378,2887
20211227,안산선,안산,10485,9394,19879
20211227,안산선,초지,4011,4184,8195
20211227,안산선,고잔,7888,7317,15205
20211227,안산선,중앙,15810,16112,31922
20211227,안산선,한대앞,7761,7845,15606
20211227,안산선,상록수,13971,14218,28189
20211227,안산선,반월,3830,3689,7519
20211227,안산선,대야미,4433,4073,8506
20211227,안산선,산본,14072,15337,29409
20211227,수인선,인천,890,1433,2323
20211227,수인선,신포,1538,1498,3036
20211227,분당선,매탄권선,4530,4317,8847
20211227,분당선,망포,13022,12535,25557
20211227,분당선,영통,7455,7528,14983
20211227,분당선,청명,3791,3653,7444
20211227,분당선,서울숲,8895,8994,17889
20211227,분당선,수원,7269,6139,13408
20211227,분당선,수서,12794,13272,26066
20211227,분당선,대모산입구,3967,3712,7679
20211227,분당선,개포동,3412,3566,6978
20211227,분당선,구룡,1903,1819,3722
20211227,분당선,도곡,6412,6502,12914
20211227,분당선,한티,12826,13990,26816
20211227,분당선,선릉,12665,19129,31794
20211227,과천선,범계,23229,22969,46198
20211227,과천선,평촌,16552,16215,32767
20211227,과천선,인덕원,21599,22677,44276
20211227,과천선,정부과천청사,9635,9518,19153
20211227,과천선,과천,5365,5011,10376
20211227,과천선,대공원,1274,1345,2619
20211227,분당선,압구정로데오,17481,18442,35923
20211227,우이신설선,북한산우이,2139,1881,4020
20211227,분당선,강남구청,9341,10497,19838
20211227,분당선,가천대,5927,6933,12860
20211227,분당선,상갈,4645,4496,9141
20211227,분당선,기흥,8875,8412,17287
20211227,분당선,신갈,4113,4109,8222
20211227,분당선,구성,4486,4775,9261
20211227,분당선,죽전,11769,12955,24724
20211227,분당선,보정,2144,1831,3975
20211227,분당선,이매,5102,4673,9775
20211227,분당선,오리,10688,8813,19501
20211227,분당선,미금,14141,14764,28905
20211227,분당선,정자,15292,16074,31366
20211227,분당선,수내,12247,12052,24299
20211227,분당선,서현,22980,22913,45893
20211227,분당선,야탑,23386,24529,47915
20211227,분당선,모란,17904,17913,35817
20211227,분당선,태평,12589,12310,24899
20211227,분당선,선정릉,7668,8148,15816
20211227,우이신설선,솔밭공원,2276,2163,4439
20211227,우이신설선,4.19민주묘지,2429,2401,4830
20211227,우이신설선,가오리,3705,3827,7532
20211227,7호선,고속터미널,14840,12020,26860
20211227,7호선,내방,13338,13444,26782
20211227,7호선,이수,13815,13475,27290
20211227,7호선,남성,10074,9546,19620
20211227,7호선,숭실대입구,10769,11037,21806
20211227,7호선,부평구청,6664,6109,12773
20211227,7호선,굴포천,8635,9034,17669
20211227,7호선,삼산체육관,4998,4521,9519
20211227,7호선,상동,12058,12606,24664
20211227,7호선,부천시청,11957,11814,23771
20211227,7호선,신중동,13341,13225,26566
20211227,7호선,춘의,9643,9621,19264
20211227,7호선,부천종합운동장,4426,3881,8307
20211227,7호선,까치울,6973,6669,13642
20211227,7호선,온수,9711,8744,18455
20211227,7호선,반포,5257,5183,10440
20211227,7호선,천왕,10612,10165,20777
20211227,7호선,논현,19137,20611,39748
20211227,7호선,강남구청,15254,16375,31629
20211227,7호선,하계,15962,15233,31195
20211227,7호선,공릉,10778,10718,21496
20211227,7호선,태릉입구,7506,7195,14701
20211227,7호선,먹골,9364,9246,18610
20211227,7호선,중화,10149,10140,20289
20211227,7호선,상봉,15591,14581,30172
20211227,7호선,면목,14125,14080,28205
20211227,7호선,사가정,14697,14876,29573
20211227,7호선,용마산,5568,5419,10987
20211227,7호선,중곡,10272,9756,20028
20211227,7호선,군자,13836,11426,25262
20211227,7호선,어린이대공원,10693,10590,21283
20211227,7호선,건대입구,11387,11762,23149
20211227,7호선,뚝섬유원지,6122,6077,12199
20211227,7호선,청담,17831,19639,37470
20211227,7호선,학동,22856,24052,46908
20211227,과천선,경마공원,856,808,1664
20211227,7호선,광명사거리,20436,20300,40736
20211227,7호선,가산디지털단지,44126,43370,87496
20211227,일산선,백석,9046,9041,18087
20211227,일산선,대곡,1698,1337,3035
20211227,일산선,화정,15235,15680,30915
20211227,일산선,원당,10040,9476,19516
20211227,일산선,삼송,17324,17093,34417
20211227,일산선,원흥,9517,9074,18591
20211227,우이신설선,신설동,1938,1805,3743
20211227,우이신설선,보문,1399,1386,2785
20211227,우이신설선,성신여대입구,2926,3221,6147
20211227,우이신설선,정릉,4096,3816,7912
20211227,우이신설선,북한산보국문,5343,5208,10551
20211227,우이신설선,솔샘,5355,5105,10460
20211227,우이신설선,삼양사거리,2241,2240,4481
20211227,우이신설선,삼양,1820,1960,3780
20211227,우이신설선,화계,3018,2852,5870
20211227,일산선,마두,6863,7087,13950
20211227,7호선,철산,19564,20249,39813
20211227,일산선,정발산,6351,6273,12624
20211227,일산선,대화,11531,9104,20635
20211227,7호선,남구로,15300,15802,31102
20211227,7호선,대림,7386,7323,14709
20211227,7호선,신풍,10488,9997,20485
20211227,7호선,보라매,9172,9053,18225
20211227,7호선,신대방삼거리,15274,14861,30135
20211227,7호선,장승배기,8495,8617,17112
20211227,7호선,상도,9682,9629,19311
20211227,8호선,잠실,13493,15653,29146
20211227,장항선,신창,837,927,1764
20211227,장항선,온양온천,2914,3005,5919
20211227,장항선,배방,827,832,1659
20211227,장항선,탕정,329,330,659
20211227,장항선,아산,2682,2320,5002
20211227,장항선,쌍용,1560,1522,3082
20211227,장항선,봉명,1072,1009,2081
20211227,일산선,주엽,8000,8024,16024
20211227,과천선,선바위,7141,6267,13408
20211227,5호선,송정,5958,5698,11656
20211227,공항철도 1호선,인천공항2터미널,2079,1923,4002
20211227,경의선,효창공원앞,2642,3096,5738
20211227,경의선,신촌,734,930,1664
20211227,경의선,서울역,3890,4802,8692
20211227,경원선,소요산,1766,1494,3260
20211227,경원선,동두천,1836,2029,3865
20211227,경원선,보산,1384,1528,2912
20211227,경원선,동두천중앙,2800,2677,5477
20211227,경원선,지행,5795,5757,11552
20211227,경원선,덕정,4819,4735,9554
20211227,경원선,덕계,2623,2407,5030
20211227,경원선,양주,6644,6240,12884
20211227,경원선,녹양,4009,3799,7808
20211227,경원선,가능,5927,5758,11685
20211227,경원선,의정부,16476,16860,33336
20211227,경원선,회룡,10816,10654,21470
20211227,경의선,공덕,3299,2904,6203
20211227,경원선,도봉산,5998,3667,9665
20211227,경의선,서강대,1925,1856,3781
20211227,경의선,가좌,4670,4585,9255
20211227,경의선,금촌,5605,5666,11271
20211227,경의선,금릉,4294,4153,8447
20211227,경의선,운정,6208,5960,12168
20211227,경의선,야당,6543,6277,12820
20211227,경의선,탄현,6987,6793,13780
20211227,경의선,일산,8439,8112,16551
20211227,경의선,풍산,4742,4491,9233
20211227,경의선,백마,6310,5881,12191
20211227,경의선,곡산,423,465,888
20211227,경의선,능곡,3358,3089,6447
20211227,경의선,행신,7024,7093,14117
20211227,경의선,강매,2949,2546,5495
20211227,경의선,화전,1402,1251,2653
20211227,경의선,수색,2435,2550,4985
20211227,경의선,디지털미디어시티,2206,2076,4282
20211227,경의선,홍대입구,1371,1520,2891
20211227,경의선,월롱,2036,2081,4117
20211227,경원선,도봉,5337,5162,10499
20211227,경원선,녹천,4108,3442,7550
20211227,경부선,평택,10142,10342,20484
20211227,경부선,평택지제,3247,3074,6321
20211227,경부선,서정리,5800,5776,11576
20211227,경부선,송탄,3817,3648,7465
20211227,경부선,진위,1488,1374,2862
20211227,경부선,오산,8444,8487,16931
20211227,경부선,오산대,2855,2660,5515
20211227,경부선,세마,2435,2306,4741
20211227,8호선,석촌,7064,8024,15088
20211227,8호선,송파,7014,7146,14160
20211227,8호선,가락시장,6992,7660,14652
20211227,8호선,문정,20393,21446,41839
20211227,8호선,장지,15402,15496,30898
20211227,8호선,복정,8641,7369,16010
20211227,공항철도 1호선,영종,2780,2777,5557
20211227,경부선,성환,2711,2941,5652
20211227,경원선,방학,8538,8374,16912
20211227,경부선,직산,669,644,1313
20211227,경부선,천안,4060,4169,8229
20211227,경원선,월계,5612,5315,10927
20211227,경원선,광운대,6777,6552,13329
20211227,경원선,석계,6964,8027,14991
20211227,경원선,신이문,7673,7182,14855
20211227,경원선,외대앞,6514,6709,13223
20211227,경원선,청량리,13405,13426,26831
20211227,경원선,왕십리,12536,14016,26552
20211227,경원선,응봉,1586,1413,2999
20211227,경원선,옥수,47,36,83
20211227,경원선,한남,3669,3474,7143
20211227,경원선,서빙고,1623,1555,3178
20211227,경원선,이촌,3165,2481,5646
20211227,경부선,광명,3196,2637,5833
20211227,경부선,서동탄,1259,1080,2339
20211227,경부선,당정,5416,5220,10636
20211227,경부선,두정,4280,4368,8648
20211227,경의선,파주,994,614,1608
20211227,경원선,망월사,6599,6730,13329
20211227,경의선,임진강,1,6,7
20211227,경춘선,강촌,245,264,509
20211227,경춘선,백양리,249,214,463
20211227,경춘선,굴봉산,101,139,240
20211227,경춘선,가평,1357,1431,2788
20211227,경춘선,상천,156,148,304
20211227,경춘선,청평,1346,1323,2669
20211227,경춘선,대성리,372,339,711
20211227,중앙선,회기,21521,21194,42715
20211227,중앙선,중랑,4947,4719,9666
20211227,중앙선,상봉,5214,5123,10337
20211227,중앙선,망우,6727,6674,13401
20211227,중앙선,양원,1955,1953,3908
20211227,중앙선,구리,12219,12042,24261
20211227,중앙선,도농,9537,8647,18184
20211227,중앙선,양정,602,506,1108
20211227,경춘선,남춘천,2187,2127,4314
20211227,중앙선,덕소,4984,4951,9935
20211227,경춘선,춘천,974,856,1830
20211227,공항철도 1호선,공덕,2123,2704,4827
20211227,경의선,문산,4503,4393,8896
20211227,공항철도 1호선,공항화물청사,2103,2314,4417
20211227,공항철도 1호선,운서,5959,6090,12049
20211227,공항철도 1호선,청라국제도시,6182,5743,11925
20211227,공항철도 1호선,검암,6198,6009,12207
20211227,공항철도 1호선,계양,9153,8691,17844
20211227,중앙선,오빈,250,240,490
20211227,중앙선,양평,2232,2211,4443
20211227,중앙선,원덕,270,220,490
20211227,중앙선,용문,1342,1254,2596
20211227,중앙선,지평,54,53,107
20211227,공항철도 1호선,김포공항,11459,6917,18376
20211227,공항철도 1호선,마곡나루,6843,6646,13489
20211227,공항철도 1호선,디지털미디어시티,12644,11444,24088
20211227,공항철도 1호선,홍대입구,8890,8925,17815
20211227,공항철도 1호선,서울역,7288,6731,14019
20211227,중앙선,도심,2175,1735,3910
20211227,경춘선,김유정,196,189,385
20211227,공항철도 1호선,인천공항1터미널,3467,3664,7131
20211227,경인선,부개,7693,7315,15008
20211227,경인선,소사,7525,7248,14773
20211227,경인선,구일,5521,5538,11059
20211227,경인선,인천,2660,1919,4579
20211227,경인선,동인천,12009,11398,23407
20211227,경인선,제물포,9509,9161,18670
20211227,경인선,주안,16610,14921,31531
20211227,경인선,동암,13308,13315,26623
20211227,경인선,백운,6097,6067,12164
20211227,경인선,부평,26600,27859,54459
20211227,경인선,송내,23814,23672,47486
20211227,경인선,부천,28571,28418,56989
20211227,경인선,역곡,24187,24106,48293
20211227,경인선,오류동,10826,10338,21164
20211227,중앙선,팔당,664,649,1313
20211227,경인선,간석,5292,5051,10343
20211227,경인선,도원,2598,2613,5211
20211227,경인선,개봉,19190,19426,38616
20211227,경인선,중동,8551,8036,16587
20211227,경인선,온수,5969,5709,11678
20211227,중앙선,양수,1384,1439,2823
20211227,중앙선,신원,122,108,230
20211227,중앙선,국수,582,569,1151
20211227,중앙선,아신,424,414,838
20211227,경춘선,마석,3243,3316,6559
20211227,경춘선,천마산,1472,1344,2816
20211227,경춘선,평내호평,5503,5165,10668
20211227,중앙선,운길산,510,445,955
20211227,경춘선,사릉,2992,2798,5790
20211227,경춘선,퇴계원,3202,2947,6149
20211227,경춘선,별내,3003,2896,5899
20211227,경춘선,갈매,2799,2431,5230
20211227,경춘선,신내,1917,1770,3687
20211227,경인선,도화,3779,3444,7223
20211227,경춘선,금곡,1372,1262,2634
20211228,분당선,보정,2301,2039,4340
20211228,분당선,이매,5560,5129,10689
20211228,분당선,오리,11403,9379,20782
20211228,분당선,미금,15068,15849,30917
20211228,분당선,정자,16279,17230,33509
20211228,분당선,압구정로데오,19749,21183,40932
20211228,분당선,수내,12866,13073,25939
20211228,분당선,모란,18698,18857,37555
20211228,분당선,야탑,24707,25766,50473
20211228,분당선,태평,12944,12446,25390
20211228,분당선,가천대,11315,11663,22978
20211228,분당선,선정릉,7723,8188,15911
20211228,분당선,강남구청,9925,11187,21112
20211228,분당선,죽전,12466,13858,26324
20211228,분당선,서현,23996,24256,48252
20211228,분당선,구성,4752,5107,9859
20211228,분당선,매교,2632,2603,5235
20211228,분당선,기흥,9023,8697,17720
20211228,분당선,서울숲,9738,9876,19614
20211228,수인선,소래포구,4503,4107,8610
20211228,수인선,월곶,2339,2220,4559
20211228,수인선,달월,99,46,145
20211228,수인선,사리,4152,3716,7868
20211228,수인선,야목,296,225,521
20211228,수인선,어천,612,623,1235
20211228,수인선,오목천,2490,2350,4840
20211228,수인선,고색,4292,4004,8296
20211228,분당선,수원시청,12163,12795,24958
20211228,분당선,매탄권선,4744,4632,9376
20211228,분당선,망포,13589,12923,26512
20211228,분당선,영통,7777,7821,15598
20211228,분당선,청명,3898,3763,7661
20211228,분당선,상갈,5038,4872,9910
20211228,분당선,신갈,4350,4280,8630
20211228,분당선,수원,7542,6465,14007
20211228,중앙선,국수,625,635,1260
20211228,분당선,대모산입구,4229,3988,8217
20211228,장항선,온양온천,2990,3042,6032
20211228,장항선,배방,928,890,1818
20211228,장항선,탕정,348,327,675
20211228,장항선,아산,2483,2205,4688
20211228,장항선,쌍용,1698,1583,3281
20211228,장항선,봉명,1103,1059,2162
20211228,일산선,대화,12050,9850,21900
20211228,일산선,주엽,8472,8435,16907
20211228,중앙선,지평,61,63,124
20211228,중앙선,용문,1370,1409,2779
20211228,중앙선,원덕,312,282,594
20211228,중앙선,양평,2969,2931,5900
20211228,중앙선,오빈,263,279,542
20211228,중앙선,아신,473,449,922
20211228,수인선,인천논현,5253,5536,10789
20211228,장항선,신창,833,816,1649
20211228,분당선,수서,13130,13584,26714
20211228,중앙선,회기,22486,22004,44490
20211228,중앙선,상봉,5511,5575,11086
20211228,분당선,개포동,3541,3680,7221
20211228,분당선,구룡,2024,1960,3984
20211228,분당선,도곡,6666,6632,13298
20211228,분당선,한티,13701,14766,28467
20211228,분당선,선릉,13343,19934,33277
20211228,과천선,범계,24566,24132,48698
20211228,과천선,평촌,17203,16961,34164
20211228,과천선,인덕원,22881,23818,46699
20211228,과천선,정부과천청사,10206,10314,20520
20211228,중앙선,덕소,5184,5205,10389
20211228,중앙선,양정,680,549,1229
20211228,중앙선,도농,9981,9074,19055
20211228,중앙선,구리,12686,12897,25583
20211228,중앙선,양원,2003,2039,4042
20211228,중앙선,망우,7149,7119,14268
20211228,중앙선,중랑,5268,5047,10315
20211228,수인선,호구포,3787,3921,7708
20211228,3호선,종로3가,10033,11415,21448
20211228,수인선,원인재,4140,4280,8420
20211228,2호선,아현,9533,9275,18808
20211228,2호선,이대,12059,12729,24788
20211228,2호선,신촌,30538,31328,61866
20211228,2호선,홍대입구,51165,52459,103624
20211228,2호선,합정,29496,30284,59780
20211228,2호선,당산,17400,20181,37581
20211228,2호선,영등포구청,21998,22779,44777
20211228,2호선,문래,20935,21261,42196
20211228,2호선,신도림,43938,42978,86916
20211228,2호선,대림,22639,23111,45750
20211228,2호선,구로디지털단지,57913,58215,116128
20211228,2호선,신대방,24933,24563,49496
20211228,6호선,효창공원앞,6671,6072,12743
20211228,일산선,정발산,6692,6640,13332
20211228,일산선,마두,7231,7417,14648
20211228,2호선,충정로,9446,9963,19409
20211228,일산선,백석,9563,9549,19112
20211228,2호선,용답,2637,2662,5299
20211228,2호선,신설동,3008,3107,6115
20211228,중앙선,신원,171,144,315
20211228,3호선,안국,18696,19446,38142
20211228,3호선,경복궁,17912,17664,35576
20211228,3호선,독립문,6467,6686,13153
20211228,3호선,무악재,3763,3832,7595
20211228,3호선,홍제,16087,15308,31395
20211228,3호선,녹번,14750,13531,28281
20211228,3호선,불광,15570,16683,32253
20211228,3호선,연신내,35032,33186,68218
20211228,3호선,구파발,19526,18786,38312
20211228,3호선,지축,4234,4202,8436
20211228,2호선,용두,2349,2474,4823
20211228,2호선,신정네거리,9803,10062,19865
20211228,2호선,양천구청,6425,6784,13209
20211228,2호선,도림천,1379,1436,2815
20211228,2호선,신답,1552,1815,3367
20211228,수인선,남동인더스파크,2155,2415,4570
20211228,일산선,대곡,1814,1389,3203
20211228,일산선,원당,10602,10038,20640
20211228,안산선,안산,10597,9682,20279
20211228,안산선,초지,4234,4294,8528
20211228,안산선,고잔,8383,7844,16227
20211228,안산선,중앙,16325,16775,33100
20211228,안산선,한대앞,8149,8278,16427
20211228,안산선,상록수,14560,15026,29586
20211228,안산선,반월,4039,3840,7879
20211228,안산선,대야미,4705,4316,9021
20211228,안산선,산본,14961,16116,31077
20211228,수인선,인천,869,1443,2312
20211228,수인선,신포,1684,1739,3423
20211228,수인선,숭의,3854,3601,7455
20211228,수인선,인하대,5324,5089,10413
20211228,수인선,송도,2239,2127,4366
20211228,수인선,연수,4253,4270,8523
20211228,안산선,신길온천,1593,1423,3016
20211228,일산선,화정,16187,16750,32937
20211228,안산선,정왕,6870,7226,14096
20211228,안산선,수리산,4029,3203,7232
20211228,일산선,삼송,18191,17761,35952
20211228,일산선,원흥,9998,9515,19513
20211228,우이신설선,신설동,2066,1912,3978
20211228,우이신설선,보문,1459,1456,2915
20211228,우이신설선,성신여대입구,3189,3464,6653
20211228,우이신설선,정릉,4303,3982,8285
20211228,우이신설선,북한산보국문,5658,5457,11115
20211228,우이신설선,솔샘,5536,5244,10780
20211228,우이신설선,삼양사거리,2332,2451,4783
20211228,우이신설선,삼양,1923,2047,3970
20211228,우이신설선,화계,3206,3004,6210
20211228,우이신설선,가오리,3909,3923,7832
20211228,우이신설선,4.19민주묘지,2631,2465,5096
20211228,우이신설선,솔밭공원,2360,2319,4679
20211228,우이신설선,북한산우이,2310,2125,4435
20211228,안산선,오이도,7647,7320,14967
20211228,중앙선,양수,1571,1540,3111
20211228,경의선,화전,1492,1368,2860
20211228,과천선,과천,5681,5312,10993
20211228,경원선,도봉,5649,5512,11161
20211228,경원선,방학,9203,9083,18286
20211228,경원선,녹천,4345,3691,8036
20211228,경원선,월계,5967,5760,11727
20211228,경원선,광운대,7026,6799,13825
20211228,경원선,석계,7594,8644,16238
20211228,경원선,신이문,7898,7334,15232
20211228,경원선,외대앞,6764,6761,13525
20211228,경원선,청량리,13948,14246,28194
20211228,경원선,왕십리,13342,14703,28045
20211228,경원선,응봉,1715,1486,3201
20211228,경원선,옥수,36,28,64
20211228,경원선,한남,3887,3642,7529
20211228,경원선,서빙고,1889,1807,3696
20211228,경원선,이촌,3398,2687,6085
20211228,경원선,도봉산,6764,4214,10978
20211228,경부선,광명,3056,2614,5670
20211228,경원선,망월사,6850,7047,13897
20211228,경원선,의정부,17190,17593,34783
20211228,경의선,서강대,1974,1892,3866
20211228,경의선,공덕,3347,3004,6351
20211228,경의선,효창공원앞,2787,3292,6079
20211228,경의선,신촌,818,943,1761
20211228,경의선,서울역,4001,4937,8938
20211228,경원선,소요산,2075,1833,3908
20211228,경원선,동두천,1921,2028,3949
20211228,경원선,보산,1406,1256,2662
20211228,경원선,동두천중앙,2940,2852,5792
20211228,경원선,지행,6067,6108,12175
20211228,경원선,덕정,5051,4904,9955
20211228,경원선,덕계,2718,2453,5171
20211228,경원선,양주,6953,6528,13481
20211228,경원선,녹양,4333,4011,8344
20211228,경원선,가능,6214,6066,12280
20211228,경원선,회룡,11690,11626,23316
20211228,경의선,홍대입구,1630,1720,3350
20211228,경부선,서동탄,1336,1188,2524
20211228,경부선,천안,4012,4196,8208
20211228,경부선,금정,25248,25717,50965
20211228,경부선,명학,8485,8443,16928
20211228,경부선,안양,19909,20043,39952
20211228,경부선,관악,6802,6307,13109
20211228,경부선,석수,9237,8313,17550
20211228,경부선,금천구청,11152,11153,22305
20211228,경부선,가산디지털단지,17126,19917,37043
20211228,경부선,구로,17458,17671,35129
20211228,경부선,신길,8413,7319,15732
20211228,경부선,신도림,3881,3726,7607
20211228,경부선,영등포,35666,36074,71740
20211228,경부선,대방,12288,12584,24872
20211228,경부선,노량진,7650,7786,15436
20211228,경부선,용산,31902,31618,63520
20211228,3호선,을지로3가,10340,10599,20939
20211228,경부선,군포,7395,7445,14840
20211228,경부선,당정,5787,5470,11257
20211228,경부선,의왕,8640,8624,17264
20211228,경부선,화서,7405,7188,14593
20211228,경부선,두정,4220,4227,8447
20211228,경부선,직산,691,685,1376
20211228,경부선,성환,2772,2826,5598
20211228,경부선,평택,10142,10047,20189
20211228,경부선,평택지제,3062,2967,6029
20211228,경부선,서정리,6035,5718,11753
20211228,경부선,송탄,3826,3850,7676
20211228,경부선,진위,1488,1331,2819
20211228,경부선,오산,8676,8766,17442
20211228,경부선,오산대,3023,2735,5758
20211228,경부선,세마,2507,2460,4967
20211228,경부선,병점,13132,12941,26073
20211228,경부선,세류,2649,2495,5144
20211228,경부선,독산,18017,18872,36889
20211228,경부선,수원,30073,32018,62091
20211228,경부선,성균관대,12962,12959,25921
20211228,중앙선,운길산,535,525,1060
20211228,경의선,가좌,4899,4587,9486
20211228,경의선,수색,2621,2715,5336
20211228,경춘선,김유정,270,259,529
20211228,경춘선,강촌,299,288,587
20211228,경춘선,백양리,256,194,450
20211228,경춘선,굴봉산,127,121,248
20211228,경춘선,가평,1420,1419,2839
20211228,경춘선,상천,182,159,341
20211228,경춘선,청평,1479,1294,2773
20211228,경춘선,대성리,409,410,819
20211228,경춘선,마석,3690,3580,7270
20211228,경춘선,천마산,1519,1428,2947
20211228,경춘선,평내호평,5692,5551,11243
20211228,경춘선,금곡,1406,1320,2726
20211228,경춘선,사릉,3061,2983,6044
20211228,경춘선,퇴계원,3358,3021,6379
20211228,경춘선,별내,3253,3048,6301
20211228,경춘선,남춘천,1884,1935,3819
20211228,경춘선,갈매,2848,2496,5344
20211228,경춘선,춘천,1023,920,1943
20211228,공항철도 1호선,공덕,2199,2923,5122
20211228,과천선,대공원,1959,2041,4000
20211228,과천선,경마공원,1182,1162,2344
20211228,과천선,선바위,7661,6763,14424
20211228,공항철도 1호선,영종,2788,2808,5596
20211228,공항철도 1호선,인천공항2터미널,2169,2155,4324
20211228,공항철도 1호선,인천공항1터미널,3672,4065,7737
20211228,공항철도 1호선,공항화물청사,2212,2441,4653
20211228,공항철도 1호선,운서,6287,6359,12646
20211228,공항철도 1호선,청라국제도시,6485,6066,12551
20211228,공항철도 1호선,검암,6264,6189,12453
20211228,공항철도 1호선,계양,9411,8988,18399
20211228,공항철도 1호선,김포공항,10921,6635,17556
20211228,공항철도 1호선,마곡나루,7455,7185,14640
20211228,공항철도 1호선,디지털미디어시티,13166,12105,25271
20211228,공항철도 1호선,홍대입구,9267,9249,18516
20211228,공항철도 1호선,서울역,7187,6599,13786
20211228,경의선,디지털미디어시티,2340,2160,4500
20211228,경춘선,신내,1980,1876,3856
20211228,경인선,중동,8809,8260,17069
20211228,경의선,문산,4743,4682,9425
20211228,경의선,파주,1057,681,1738
20211228,경의선,월롱,2181,2055,4236
20211228,경의선,금촌,5919,5925,11844
20211228,경의선,금릉,4545,4450,8995
20211228,경의선,운정,6623,6388,13011
20211228,경의선,야당,6944,6557,13501
20211228,경의선,탄현,7349,7186,14535
20211228,경의선,일산,9589,9641,19230
20211228,경의선,풍산,5202,4949,10151
20211228,경의선,백마,6581,6351,12932
20211228,경의선,곡산,517,539,1056
20211228,경의선,능곡,3557,3297,6854
20211228,경의선,행신,7437,7500,14937
20211228,경의선,강매,3017,2636,5653
20211228,경의선,임진강,30,7,37
20211228,경인선,도화,4049,3823,7872
20211228,경인선,개봉,20290,20557,40847
20211228,경인선,역곡,25393,25299,50692
20211228,경인선,온수,6247,6020,12267
20211228,경인선,도원,2721,2681,5402
20211228,경인선,간석,5553,5332,10885
20211228,경인선,부개,8003,7548,15551
20211228,경인선,소사,7804,7657,15461
20211228,경인선,구일,5649,5713,11362
20211228,경인선,인천,2985,2196,5181
20211228,경인선,동인천,12801,12252,25053
20211228,경인선,제물포,9864,9459,19323
20211228,경인선,주안,17004,15356,32360
20211228,경인선,동암,13899,13971,27870
20211228,경인선,백운,6552,6491,13043
20211228,경인선,부평,27247,28858,56105
20211228,경인선,송내,25184,25178,50362
20211228,경인선,부천,29566,29772,59338
20211228,경인선,오류동,11053,10532,21585
20211228,경부선,서울역,5383,1807,7190
20211228,3호선,충무로,1,0,1
20211228,3호선,약수,12269,11952,24221
20211228,7호선,논현,20548,21931,42479
20211228,7호선,학동,23891,25130,49021
20211228,7호선,강남구청,16092,17638,33730
20211228,7호선,청담,18784,20759,39543
20211228,7호선,뚝섬유원지,6649,6550,13199
20211228,7호선,건대입구,11760,12072,23832
20211228,7호선,반포,5483,5331,10814
20211228,7호선,어린이대공원,11251,11141,22392
20211228,7호선,중곡,10657,10101,20758
20211228,7호선,용마산,5833,5763,11596
20211228,7호선,사가정,15481,15430,30911
20211228,7호선,면목,14756,14607,29363
20211228,7호선,상봉,16449,15490,31939
20211228,7호선,중화,10508,10558,21066
20211228,7호선,군자,14672,11837,26509
20211228,7호선,고속터미널,14754,12525,27279
20211228,7호선,내방,14075,14266,28341
20211228,7호선,이수,14883,14484,29367
20211228,7호선,까치울,7295,6928,14223
20211228,7호선,온수,10034,9196,19230
20211228,7호선,천왕,11034,10644,21678
20211228,7호선,광명사거리,21275,20918,42193
20211228,7호선,철산,20197,20704,40901
20211228,7호선,가산디지털단지,45380,45087,90467
20211228,7호선,남구로,15260,16210,31470
20211228,7호선,대림,7386,7433,14819
20211228,7호선,신풍,11118,10697,21815
20211228,7호선,보라매,9526,9516,19042
20211228,7호선,신대방삼거리,15872,15315,31187
20211228,7호선,장승배기,8900,8883,17783
20211228,7호선,상도,10071,9818,19889
20211228,7호선,숭실대입구,11308,11550,22858
20211228,7호선,남성,10620,9907,20527
20211228,7호선,먹골,9718,9608,19326
20211228,7호선,태릉입구,7939,7462,15401
20211228,7호선,공릉,11323,11319,22642
20211228,7호선,하계,16727,15808,32535
20211228,6호선,청구,3573,3876,7449
20211228,6호선,약수,3459,3413,6872
20211228,6호선,버티고개,1809,1906,3715
20211228,6호선,한강진,7871,8710,16581
20211228,6호선,이태원,8735,8685,17420
20211228,6호선,녹사평,4472,4359,8831
20211228,6호선,삼각지,5868,5263,11131
20211228,6호선,공덕,17532,16955,34487
20211228,6호선,대흥,7390,7602,14992
20211228,6호선,광흥창,8638,8542,17180
20211228,6호선,상수,7698,8484,16182
20211228,6호선,합정,12433,11926,24359
20211228,6호선,망원,13244,14268,27512
20211228,6호선,마포구청,13897,12745,26642
20211228,6호선,월드컵경기장,3323,3685,7008
20211228,6호선,신당,8133,8554,16687
20211228,7호선,부천종합운동장,4646,4072,8718
20211228,6호선,동묘앞,7302,7500,14802
20211228,6호선,보문,7068,6638,13706
20211228,7호선,중계,13445,12361,25806
20211228,7호선,노원,19200,19794,38994
20211228,7호선,마들,12411,11839,24250
20211228,7호선,수락산,11708,11699,23407
20211228,7호선,도봉산,8612,9870,18482
20211228,7호선,장암,2147,805,2952
20211228,6호선,봉화산,8659,8156,16815
20211228,6호선,화랑대,11137,8706,19843
20211228,6호선,태릉입구,5159,5635,10794
20211228,6호선,석계,11815,12137,23952
20211228,6호선,돌곶이,8809,8307,17116
20211228,6호선,상월곡,5891,5366,11257
20211228,6호선,월곡,10789,10917,21706
20211228,6호선,고려대,7321,7070,14391
20211228,6호선,안암,9854,9819,19673
20211228,6호선,창신,3305,2745,6050
20211228,7호선,신중동,13899,13815,27714
20211228,7호선,부천시청,12568,12582,25150
20211228,7호선,상동,12704,13380,26084
20211228,9호선2~3단계,석촌고분,5984,5992,11976
20211228,9호선2~3단계,삼전,6521,6378,12899
20211228,9호선2~3단계,종합운동장,3897,3873,7770
20211228,9호선2~3단계,봉은사,14712,14897,29609
20211228,9호선2~3단계,삼성중앙,6665,7079,13744
20211228,9호선2~3단계,선정릉,9277,10171,19448
20211228,9호선2~3단계,언주,10822,10946,21768
20211228,9호선,신논현,31570,30670,62240
20211228,9호선,사평,3377,3351,6728
20211228,9호선,고속터미널,10990,14123,25113
20211228,9호선,신반포,3059,2967,6026
20211228,9호선,구반포,1424,1539,2963
20211228,9호선,동작,1637,1299,2936
20211228,9호선,흑석,7496,7944,15440
20211228,9호선,노들,4093,3552,7645
20211228,9호선2~3단계,석촌,8018,7122,15140
20211228,9호선,노량진,24756,23903,48659
20211228,9호선2~3단계,송파나루,4976,5281,10257
20211228,9호선2~3단계,올림픽공원,5527,5520,11047
20211228,3호선,동대입구,6789,6980,13769
20211228,경부선,남영,8773,9095,17868
20211228,경강선,여주,1761,1775,3536
20211228,경강선,세종대왕릉,275,276,551
20211228,경강선,부발,1760,1688,3448
20211228,경강선,이천,2379,2509,4888
20211228,경강선,신둔도예촌,1287,1211,2498
20211228,경강선,곤지암,2230,2143,4373
20211228,경강선,초월,2957,2856,5813
20211228,경강선,경기광주,7123,6887,14010
20211228,경강선,삼동,2253,2073,4326
20211228,경강선,이매,1051,935,1986
20211228,경강선,판교,4442,4283,8725
20211228,9호선2~3단계,중앙보훈병원,10011,8916,18927
20211228,9호선2~3단계,둔촌오륜,1113,1056,2169
20211228,9호선2~3단계,한성백제,2380,2203,4583
20211228,6호선,디지털미디어시티,13031,14373,27404
20211228,9호선,샛강,5673,6059,11732
20211228,9호선,국회의사당,15715,15981,31696
20211228,8호선,산성,5068,5130,10198
20211228,8호선,복정,9156,7641,16797
20211228,8호선,장지,16624,16014,32638
20211228,8호선,문정,21310,22377,43687
20211228,8호선,가락시장,7551,8135,15686
20211228,8호선,송파,7248,7314,14562
20211228,8호선,석촌,7517,8680,16197
20211228,8호선,잠실,13675,15930,29605
20211228,8호선,몽촌토성,5528,5615,11143
20211228,8호선,강동구청,9977,10554,20531
20211228,8호선,천호,14337,16467,30804
20211228,8호선,암사,17755,15953,33708
20211228,7호선,부평구청,7049,6465,13514
20211228,7호선,굴포천,9000,9351,18351
20211228,7호선,삼산체육관,5170,4693,9863
20211228,8호선,남한산성입구,12735,11581,24316
20211228,9호선,여의도,25926,24456,50382
20211228,8호선,단대오거리,9811,9833,19644
20211228,8호선,수진,5060,4622,9682
20211228,9호선,당산,17464,17569,35033
20211228,9호선,선유도,8575,8330,16905
20211228,9호선,신목동,3779,3376,7155
20211228,9호선,염창,16419,16291,32710
20211228,9호선,등촌,11057,10900,21957
20211228,9호선,증미,7111,7195,14306
20211228,9호선,가양,19515,18987,38502
20211228,9호선,양천향교,9107,9456,18563
20211228,9호선,마곡나루,11395,11236,22631
20211228,9호선,신방화,6492,6347,12839
20211228,9호선,공항시장,2855,3113,5968
20211228,9호선,김포공항,7054,10997,18051
20211228,9호선,개화,2317,1623,3940
20211228,8호선,남위례,3306,3630,6936
20211228,8호선,모란,4135,3128,7263
20211228,8호선,신흥,4158,4407,8565
20211228,6호선,증산,9662,9705,19367
20211228,7호선,춘의,10007,9848,19855
20211228,6호선,구산,7334,5643,12977
20211228,3호선,대치,10160,10381,20541
20211228,3호선,도곡,5030,5133,10163
20211228,3호선,매봉,12291,11670,23961
20211228,3호선,양재,36807,39789,76596
20211228,3호선,남부터미널,27199,27990,55189
20211228,3호선,교대,13571,8825,22396
20211228,중앙선,도심,2307,1856,4163
20211228,1호선,서울역,40338,37856,78194
20211228,1호선,동묘앞,6896,7129,14025
20211228,1호선,시청,20538,20689,41227
20211228,1호선,종각,32110,30841,62951
20211228,1호선,종로3가,23372,21412,44784
20211228,1호선,종로5가,21492,21129,42621
20211228,1호선,동대문,10338,9755,20093
20211228,1호선,제기동,16306,16779,33085
20211228,3호선,학여울,1555,1659,3214
20211228,1호선,청량리,18595,18514,37109
20211228,3호선,대청,9633,8880,18513
20211228,3호선,수서,16006,16264,32270
20211228,4호선,회현,24242,25751,49993
20211228,4호선,명동,19304,20046,39350
20211228,4호선,충무로,24839,25867,50706
20211228,4호선,동대문역사문화공원,14237,13038,27275
20211228,4호선,동대문,18318,18911,37229
20211228,4호선,혜화,30281,29976,60257
20211228,4호선,한성대입구,12619,12321,24940
20211228,4호선,성신여대입구,18878,18433,37311
20211228,4호선,길음,18824,18268,37092
20211228,4호선,미아사거리,26329,25718,52047
20211228,4호선,미아,13837,13648,27485
20211228,4호선,수유,32287,32483,64770
20211228,3호선,오금,6044,5327,11371
20211228,3호선,경찰병원,6992,7034,14026
20211228,3호선,가락시장,8489,8370,16859
20211228,3호선,일원,9632,9353,18985
20211228,4호선,서울역,10007,15020,25027
20211228,2호선,시청,22288,21086,43374
20211228,2호선,을지로3가,21566,21548,43114
20211228,2호선,교대,32539,36529,69068
20211228,2호선,서초,20400,19753,40153
20211228,2호선,방배,15314,15857,31171
20211228,2호선,사당,34390,37375,71765
20211228,2호선,낙성대,25605,24897,50502
20211228,2호선,서울대입구,44899,44424,89323
20211228,2호선,봉천,22606,21235,43841
20211228,2호선,신림,59839,58796,118635
20211228,3호선,고속터미널,37597,36565,74162
20211228,3호선,잠원,4686,4626,9312
20211228,3호선,신사,31066,32180,63246
20211228,3호선,압구정,32389,34000,66389
20211228,3호선,옥수,8117,8582,16699
20211228,6호선,새절,12038,11310,23348
20211228,3호선,금호,7484,7167,14651
20211228,2호선,강남,81429,78765,160194
20211228,2호선,을지로입구,38610,39061,77671
20211228,2호선,역삼,50794,55762,106556
20211228,2호선,삼성,48494,48467,96961
20211228,2호선,을지로4가,12780,12689,25469
20211228,2호선,동대문역사문화공원,11162,12267,23429
20211228,2호선,신당,13273,13635,26908
20211228,2호선,상왕십리,13595,13472,27067
20211228,2호선,왕십리,15141,13041,28182
20211228,2호선,한양대,6623,7034,13657
20211228,2호선,뚝섬,20776,22224,43000
20211228,2호선,성수,37368,40002,77370
20211228,2호선,건대입구,32500,34615,67115
20211228,2호선,구의,22773,22545,45318
20211228,2호선,강변,27423,26342,53765
20211228,2호선,잠실나루,13187,12668,25855
20211228,2호선,잠실,65536,65145,130681
20211228,2호선,잠실새내,20401,20237,40638
20211228,2호선,종합운동장,6517,6902,13419
20211228,2호선,선릉,55497,49125,104622
20211228,4호선,숙대입구,12053,11853,23906
20211228,1호선,신설동,12733,12530,25263
20211228,6호선,불광,4058,4084,8142
20211228,5호선,명일,8076,8403,16479
20211228,5호선,길동,7713,8089,15802
20211228,5호선,강동,17499,16944,34443
20211228,5호선,천호,17322,16922,34244
20211228,5호선,광나루,12556,11436,23992
20211228,5호선,아차산,13916,13593,27509
20211228,5호선,군자,11009,12044,23053
20211228,5호선,장한평,17618,17741,35359
20211228,5호선,답십리,15584,14427,30011
20211228,5호선,마장,5487,5268,10755
20211228,5호선,왕십리,4585,5140,9725
20211228,5호선,행당,7668,6864,14532
20211228,5호선,신금호,6145,6454,12599
20211228,5호선,청구,3824,3452,7276
20211228,5호선,동대문역사문화공원,2802,3214,6016
20211228,5호선,고덕,9063,8791,17854
20211228,5호선,을지로4가,6103,6083,12186
20211228,5호선,상일동,14618,13534,28152
20211228,5호선,올림픽공원,4124,3553,7677
20211228,6호선,독바위,2547,2764,5311
20211228,4호선,삼각지,4646,5076,9722
20211228,6호선,역촌,3670,4257,7927
20211228,6호선,응암,16808,16643,33451
20211228,5호선,하남검단산,5097,4905,10002
20211228,5호선,하남시청,5992,5953,11945
20211228,5호선,하남풍산,4014,4066,8080
20211228,5호선,미사,15083,14975,30058
20211228,5호선,강일,3700,3598,7298
20211228,5호선,마천,6679,6560,13239
20211228,중앙선,팔당,787,781,1568
20211228,5호선,거여,8981,8590,17571
20211228,5호선,개롱,6110,6346,12456
20211228,5호선,오금,3650,3651,7301
20211228,5호선,방이,6832,7090,13922
20211228,5호선,둔촌동,8416,8438,16854
20211228,5호선,종로3가,11826,11552,23378
20211228,5호선,굽은다리,8985,8773,17758
20211228,5호선,서대문,18129,18362,36491
20211228,5호선,송정,6421,6009,12430
20211228,5호선,김포공항,6815,6596,13411
20211228,5호선,개화산,5368,5047,10415
20211228,5호선,방화,6416,6278,12694
20211228,4호선,쌍문,28211,26256,54467
20211228,4호선,창동,24045,25789,49834
20211228,4호선,노원,17774,19410,37184
20211228,4호선,상계,18329,17038,35367
20211228,4호선,당고개,12184,11188,23372
20211228,4호선,남태령,1078,1024,2102
20211228,4호선,사당,23269,19606,42875
20211228,4호선,총신대입구,17666,19238,36904
20211228,4호선,동작,1165,1313,2478
20211228,5호선,광화문,29255,29976,59231
20211228,4호선,신용산,15481,16391,31872
20211228,5호선,마곡,10321,10291,20612
20211228,5호선,발산,18787,19123,37910
20211228,4호선,이촌,7053,7860,14913
20211228,5호선,화곡,27163,25760,52923
20211228,5호선,우장산,13779,13578,27357
20211228,5호선,애오개,6516,6575,13091
20211228,5호선,공덕,13666,14454,28120
20211228,5호선,마포,14073,14439,28512
20211228,5호선,여의나루,7283,8300,15583
20211228,5호선,여의도,27556,28772,56328
20211228,5호선,신길,3919,4297,8216
20211228,5호선,충정로,4622,4674,9296
20211228,5호선,영등포구청,3569,3708,7277
20211228,5호선,양평,7398,7487,14885
20211228,5호선,오목교,20853,22258,43111
20211228,5호선,목동,15979,17152,33131
20211228,5호선,신정,13185,10958,24143
20211228,5호선,까치산,27732,27003,54735
20211228,5호선,영등포시장,9705,10061,19766
20211229,장항선,탕정,353,332,685
20211229,장항선,배방,903,872,1775
20211229,장항선,온양온천,3796,3897,7693
20211229,장항선,신창,823,833,1656
20211229,중앙선,회기,22845,22196,45041
20211229,중앙선,중랑,5450,5141,10591
20211229,중앙선,양원,2197,2182,4379
20211229,중앙선,망우,7510,7459,14969
20211229,중앙선,구리,13148,13304,26452
20211229,중앙선,도농,10209,9178,19387
20211229,중앙선,양정,667,606,1273
20211229,중앙선,덕소,5485,5396,10881
20211229,장항선,아산,2611,2458,5069
20211229,중앙선,도심,2318,1817,4135
20211229,중앙선,상봉,5704,5718,11422
20211229,장항선,쌍용,1874,1733,3607
20211229,일산선,화정,16855,17175,34030
20211229,일산선,대화,12218,9847,22065
20211229,중앙선,팔당,749,842,1591
20211229,우이신설선,보문,1438,1396,2834
20211229,우이신설선,삼양,1914,2057,3971
20211229,우이신설선,화계,3300,3010,6310
20211229,우이신설선,가오리,4021,3954,7975
20211229,우이신설선,4.19민주묘지,2655,2560,5215
20211229,우이신설선,신설동,2011,1979,3990
20211229,일산선,원흥,10251,9832,20083
20211229,일산선,삼송,18812,18522,37334
20211229,일산선,원당,10910,10327,21237
20211229,일산선,대곡,1820,1401,3221
20211229,일산선,백석,9873,9901,19774
20211229,일산선,마두,7631,7816,15447
20211229,일산선,정발산,7106,7034,14140
20211229,일산선,주엽,8785,8810,17595
20211229,장항선,봉명,1075,1065,2140
20211229,중앙선,운길산,600,552,1152
20211229,2호선,잠실,70754,69929,140683
20211229,중앙선,신원,175,159,334
20211229,2호선,을지로입구,39640,39932,79572
20211229,2호선,을지로3가,22075,21885,43960
20211229,2호선,을지로4가,13233,13019,26252
20211229,2호선,동대문역사문화공원,11803,13218,25021
20211229,2호선,신당,13606,14182,27788
20211229,2호선,상왕십리,13984,13488,27472
20211229,2호선,왕십리,15643,13457,29100
20211229,2호선,한양대,6695,7009,13704
20211229,2호선,뚝섬,21904,23274,45178
20211229,2호선,성수,37604,40850,78454
20211229,2호선,건대입구,34037,36193,70230
20211229,2호선,구의,23324,23065,46389
20211229,2호선,강변,28958,28300,57258
20211229,2호선,잠실나루,13868,13448,27316
20211229,우이신설선,성신여대입구,3295,3519,6814
20211229,2호선,시청,23031,21869,44900
20211229,중앙선,양수,1634,1617,3251
20211229,1호선,청량리,19331,19323,38654
20211229,1호선,신설동,13372,13003,26375
20211229,중앙선,국수,648,632,1280
20211229,중앙선,아신,475,475,950
20211229,중앙선,오빈,289,288,577
20211229,중앙선,양평,2458,2499,4957
20211229,중앙선,원덕,280,263,543
20211229,중앙선,용문,1423,1402,2825
20211229,중앙선,지평,59,58,117
20211229,7호선,반포,5626,5440,11066
20211229,1호선,서울역,41530,40060,81590
20211229,1호선,동묘앞,7353,7526,14879
20211229,1호선,시청,21168,21356,42524
20211229,1호선,종각,32427,31434,63861
20211229,1호선,종로3가,24322,22146,46468
20211229,1호선,종로5가,22393,22018,44411
20211229,1호선,동대문,10883,10080,20963
20211229,1호선,제기동,17192,17686,34878
20211229,우이신설선,정릉,4485,4214,8699
20211229,과천선,정부과천청사,10477,10369,20846
20211229,우이신설선,솔샘,5644,5363,11007
20211229,분당선,야탑,25546,26492,52038
20211229,분당선,서현,24705,24986,49691
20211229,분당선,수내,13253,13188,26441
20211229,분당선,정자,16890,17636,34526
20211229,분당선,미금,15522,16508,32030
20211229,분당선,오리,12111,9870,21981
20211229,분당선,이매,5842,5575,11417
20211229,분당선,보정,2313,2030,4343
20211229,분당선,죽전,12921,14395,27316
20211229,분당선,구성,4851,5096,9947
20211229,분당선,신갈,4449,4438,8887
20211229,분당선,기흥,9391,8855,18246
20211229,분당선,상갈,5139,4970,10109
20211229,분당선,청명,4006,3843,7849
20211229,분당선,영통,8189,8184,16373
20211229,분당선,모란,23394,24429,47823
20211229,분당선,망포,13823,13256,27079
20211229,분당선,태평,13450,13034,26484
20211229,분당선,선정릉,7635,8359,15994
20211229,6호선,역촌,3761,4466,8227
20211229,과천선,인덕원,23622,24586,48208
20211229,과천선,평촌,17519,17297,34816
20211229,과천선,범계,25402,24462,49864
20211229,분당선,선릉,13197,19894,33091
20211229,분당선,한티,13740,15043,28783
20211229,분당선,도곡,6362,6375,12737
20211229,분당선,구룡,1966,1906,3872
20211229,분당선,개포동,3595,3806,7401
20211229,분당선,대모산입구,4262,3946,8208
20211229,분당선,수서,13136,13789,26925
20211229,분당선,수원,7614,6506,14120
20211229,분당선,서울숲,10244,10185,20429
20211229,분당선,압구정로데오,20578,21907,42485
20211229,분당선,강남구청,9862,11378,21240
20211229,분당선,가천대,6267,7194,13461
20211229,우이신설선,북한산보국문,5816,5538,11354
20211229,분당선,매탄권선,4852,4731,9583
20211229,분당선,매교,2647,2623,5270
20211229,안산선,대야미,4841,4407,9248
20211229,안산선,반월,4073,3936,8009
20211229,안산선,상록수,14686,15052,29738
20211229,안산선,한대앞,8230,8357,16587
20211229,안산선,중앙,16669,17299,33968
20211229,안산선,고잔,8225,7921,16146
20211229,안산선,초지,4252,4394,8646
20211229,안산선,안산,10816,9642,20458
20211229,안산선,신길온천,1675,1531,3206
20211229,안산선,정왕,7048,7563,14611
20211229,안산선,오이도,7964,7745,15709
20211229,안산선,수리산,4081,3347,7428
20211229,우이신설선,북한산우이,2419,2141,4560
20211229,우이신설선,솔밭공원,2463,2313,4776
20211229,우이신설선,삼양사거리,2360,2365,4725
20211229,안산선,산본,15287,16417,31704
20211229,분당선,수원시청,12766,13326,26092
20211229,수인선,인천,1022,1606,2628
20211229,수인선,숭의,3943,3691,7634
20211229,수인선,고색,4477,4137,8614
20211229,수인선,오목천,2642,2526,5168
20211229,수인선,어천,636,631,1267
20211229,수인선,야목,302,251,553
20211229,수인선,사리,4362,3824,8186
20211229,수인선,달월,111,70,181
20211229,수인선,월곶,2609,2468,5077
20211229,수인선,소래포구,4813,4442,9255
20211229,수인선,인천논현,5410,5757,11167
20211229,수인선,호구포,4001,4018,8019
20211229,수인선,남동인더스파크,2205,2480,4685
20211229,수인선,원인재,4332,4488,8820
20211229,수인선,연수,4337,4377,8714
20211229,수인선,송도,2396,2224,4620
20211229,수인선,인하대,5555,5214,10769
20211229,수인선,신포,1796,1764,3560
20211229,2호선,잠실새내,20629,20607,41236
20211229,6호선,응암,17184,17100,34284
20211229,2호선,삼성,49325,49369,98694
20211229,5호선,마곡,10367,10348,20715
20211229,5호선,발산,19119,19576,38695
20211229,5호선,우장산,13990,13916,27906
20211229,5호선,화곡,27898,26273,54171
20211229,5호선,까치산,28336,27374,55710
20211229,5호선,신정,13569,11099,24668
20211229,5호선,목동,16175,17516,33691
20211229,5호선,오목교,21497,22939,44436
20211229,5호선,양평,7574,7524,15098
20211229,5호선,영등포구청,3823,3877,7700
20211229,5호선,영등포시장,9812,10067,19879
20211229,5호선,신길,4061,4410,8471
20211229,5호선,여의도,27990,28957,56947
20211229,5호선,여의나루,7659,8726,16385
20211229,5호선,마포,14331,14689,29020
20211229,5호선,송정,6423,6123,12546
20211229,5호선,공덕,13705,14749,28454
20211229,5호선,김포공항,7406,7354,14760
20211229,5호선,방화,6596,6399,12995
20211229,4호선,회현,25383,26125,51508
20211229,4호선,서울역,10269,15323,25592
20211229,4호선,숙대입구,12507,11949,24456
20211229,4호선,삼각지,4800,5459,10259
20211229,4호선,신용산,16151,16685,32836
20211229,4호선,이촌,7452,8142,15594
20211229,4호선,동작,1300,1446,2746
20211229,4호선,총신대입구,18455,19910,38365
20211229,4호선,사당,24147,20232,44379
20211229,4호선,남태령,1082,944,2026
20211229,4호선,당고개,12291,11310,23601
20211229,4호선,상계,18647,17522,36169
20211229,4호선,노원,18267,20729,38996
20211229,4호선,창동,25129,27123,52252
20211229,4호선,쌍문,29063,27945,57008
20211229,5호선,개화산,5504,5269,10773
20211229,4호선,명동,20420,20749,41169
20211229,5호선,애오개,6616,6742,13358
20211229,5호선,서대문,18323,18709,37032
20211229,5호선,고덕,9760,9607,19367
20211229,5호선,상일동,15133,13833,28966
20211229,5호선,둔촌동,8509,8509,17018
20211229,5호선,올림픽공원,4205,3556,7761
20211229,5호선,방이,6966,7235,14201
20211229,5호선,오금,3673,3655,7328
20211229,5호선,개롱,6407,6652,13059
20211229,5호선,거여,9139,8698,17837
20211229,5호선,마천,6707,6636,13343
20211229,5호선,강일,3780,3749,7529
20211229,5호선,미사,15575,15478,31053
20211229,5호선,하남풍산,4198,4221,8419
20211229,5호선,하남시청,6409,6222,12631
20211229,5호선,하남검단산,5457,5268,10725
20211229,과천선,과천,5978,5528,11506
20211229,5호선,명일,8390,8777,17167
20211229,5호선,충정로,4695,4771,9466
20211229,5호선,굽은다리,9545,9223,18768
20211229,5호선,강동,18111,17151,35262
20211229,5호선,광화문,29914,30762,60676
20211229,5호선,종로3가,12492,12091,24583
20211229,5호선,을지로4가,6116,6317,12433
20211229,5호선,동대문역사문화공원,2663,3118,5781
20211229,5호선,청구,3950,3655,7605
20211229,5호선,신금호,6277,6536,12813
20211229,5호선,행당,7996,7195,15191
20211229,5호선,왕십리,4683,5281,9964
20211229,5호선,마장,5765,5488,11253
20211229,5호선,답십리,16300,14853,31153
20211229,5호선,장한평,18633,18560,37193
20211229,5호선,군자,11091,12280,23371
20211229,5호선,아차산,14151,13656,27807
20211229,5호선,광나루,12846,11712,24558
20211229,5호선,천호,18106,17752,35858
20211229,5호선,길동,7984,8282,16266
20211229,2호선,종합운동장,6731,7223,13954
20211229,4호선,충무로,25531,26692,52223
20211229,4호선,동대문,18914,19294,38208
20211229,2호선,홍대입구,54292,55675,109967
20211229,2호선,신촌,31883,32300,64183
20211229,2호선,이대,12253,12999,25252
20211229,2호선,아현,9874,9472,19346
20211229,2호선,충정로,9602,10194,19796
20211229,2호선,용답,2713,2663,5376
20211229,2호선,신답,1617,1880,3497
20211229,2호선,신설동,3068,3142,6210
20211229,2호선,도림천,1434,1535,2969
20211229,2호선,양천구청,6584,7015,13599
20211229,2호선,신정네거리,9978,10411,20389
20211229,2호선,용두,2400,2544,4944
20211229,3호선,지축,4305,4200,8505
20211229,3호선,구파발,19937,18939,38876
20211229,3호선,연신내,36001,34194,70195
20211229,2호선,합정,30501,31611,62112
20211229,3호선,불광,16084,17185,33269
20211229,2호선,당산,18144,21024,39168
20211229,2호선,문래,21249,21571,42820
20211229,2호선,선릉,55224,48670,103894
20211229,2호선,역삼,50295,55539,105834
20211229,2호선,강남,81818,78259,160077
20211229,2호선,교대,32691,36821,69512
20211229,2호선,서초,20344,19792,40136
20211229,2호선,방배,15689,16319,32008
20211229,2호선,사당,35679,38510,74189
20211229,2호선,낙성대,26151,25395,51546
20211229,2호선,서울대입구,45826,45233,91059
20211229,2호선,봉천,22888,21512,44400
20211229,2호선,신림,61614,60037,121651
20211229,2호선,신대방,25215,24931,50146
20211229,2호선,구로디지털단지,58946,58716,117662
20211229,2호선,대림,23000,23637,46637
20211229,2호선,신도림,46274,45518,91792
20211229,2호선,영등포구청,23144,23603,46747
20211229,4호선,동대문역사문화공원,14980,13565,28545
20211229,3호선,녹번,15232,13807,29039
20211229,3호선,무악재,3759,3832,7591
20211229,3호선,대치,10397,10515,20912
20211229,3호선,학여울,1628,1743,3371
20211229,3호선,대청,10008,9326,19334
20211229,3호선,일원,9907,9514,19421
20211229,3호선,수서,16276,16738,33014
20211229,3호선,가락시장,8792,8627,17419
20211229,3호선,경찰병원,7168,7172,14340
20211229,3호선,오금,5986,5448,11434
20211229,4호선,수유,33477,34605,68082
20211229,4호선,미아,14169,14045,28214
20211229,4호선,미아사거리,27332,26863,54195
20211229,4호선,길음,19319,19372,38691
20211229,4호선,성신여대입구,19569,18852,38421
20211229,4호선,한성대입구,12924,12526,25450
20211229,4호선,혜화,32175,32061,64236
20211229,3호선,도곡,4770,4868,9638
20211229,3호선,홍제,16526,15834,32360
20211229,3호선,매봉,12471,11936,24407
20211229,3호선,남부터미널,27853,28802,56655
20211229,3호선,독립문,6625,6807,13432
20211229,3호선,경복궁,19287,19054,38341
20211229,3호선,안국,19559,20070,39629
20211229,3호선,종로3가,10425,11701,22126
20211229,3호선,을지로3가,10841,10949,21790
20211229,3호선,충무로,2,0,2
20211229,3호선,동대입구,7460,7849,15309
20211229,3호선,약수,12947,12684,25631
20211229,3호선,금호,7765,7396,15161
20211229,3호선,옥수,8493,8924,17417
20211229,3호선,압구정,32838,34485,67323
20211229,3호선,신사,31515,32349,63864
20211229,3호선,잠원,4794,4689,9483
20211229,3호선,고속터미널,39390,38753,78143
20211229,3호선,교대,13672,8835,22507
20211229,3호선,양재,37826,40827,78653
20211229,과천선,대공원,2213,2330,4543
20211229,경강선,세종대왕릉,288,272,560
20211229,과천선,선바위,7715,6771,14486
20211229,8호선,장지,17137,16573,33710
20211229,8호선,복정,9305,7791,17096
20211229,8호선,산성,5281,5237,10518
20211229,8호선,남한산성입구,13144,11905,25049
20211229,8호선,단대오거리,10168,9981,20149
20211229,8호선,신흥,4369,4589,8958
20211229,8호선,문정,21379,22541,43920
20211229,8호선,수진,5238,4881,10119
20211229,8호선,남위례,3455,3751,7206
20211229,9호선,개화,2395,1681,4076
20211229,9호선,김포공항,7295,11708,19003
20211229,9호선,공항시장,2994,3171,6165
20211229,9호선,신방화,6677,6656,13333
20211229,9호선,마곡나루,11563,11311,22874
20211229,8호선,모란,5603,4230,9833
20211229,8호선,가락시장,7954,8569,16523
20211229,8호선,송파,7488,7741,15229
20211229,8호선,석촌,7901,8941,16842
20211229,7호선,온수,10127,9391,19518
20211229,7호선,까치울,7567,7329,14896
20211229,7호선,부천종합운동장,4666,4141,8807
20211229,7호선,춘의,10180,9953,20133
20211229,7호선,신중동,14255,14246,28501
20211229,7호선,부천시청,12937,12798,25735
20211229,7호선,상동,13282,13767,27049
20211229,7호선,삼산체육관,5579,5172,10751
20211229,7호선,굴포천,9202,9581,18783
20211229,7호선,부평구청,7144,6480,13624
20211229,8호선,암사,18388,16449,34837
20211229,8호선,천호,14948,17147,32095
20211229,8호선,강동구청,10217,10798,21015
20211229,8호선,몽촌토성,5590,5744,11334
20211229,8호선,잠실,14618,16980,31598
20211229,9호선,양천향교,9327,9525,18852
20211229,9호선,가양,19912,19623,39535
20211229,9호선,증미,7232,7206,14438
20211229,9호선,등촌,11437,11243,22680
20211229,9호선2~3단계,봉은사,15432,15544,30976
20211229,9호선2~3단계,종합운동장,4098,4086,8184
20211229,9호선2~3단계,삼전,6627,6507,13134
20211229,9호선2~3단계,석촌고분,6086,6116,12202
20211229,9호선2~3단계,석촌,8126,7289,15415
20211229,9호선2~3단계,송파나루,5183,5410,10593
20211229,9호선2~3단계,한성백제,2341,2099,4440
20211229,9호선2~3단계,올림픽공원,5646,5662,11308
20211229,9호선2~3단계,둔촌오륜,1155,1091,2246
20211229,9호선2~3단계,중앙보훈병원,9966,8856,18822
20211229,경강선,판교,4522,4520,9042
20211229,경강선,이매,1118,922,2040
20211229,경강선,삼동,2353,2093,4446
20211229,경강선,경기광주,7484,6977,14461
20211229,경강선,초월,3036,2860,5896
20211229,9호선2~3단계,삼성중앙,6586,6990,13576
20211229,과천선,경마공원,1263,1283,2546
20211229,9호선2~3단계,선정릉,9260,10104,19364
20211229,9호선,신논현,31329,30874,62203
20211229,9호선,염창,16866,16282,33148
20211229,9호선,신목동,4011,3611,7622
20211229,9호선,선유도,8816,8469,17285
20211229,9호선,당산,17754,17882,35636
20211229,9호선,국회의사당,16768,16819,33587
20211229,9호선,여의도,26023,24887,50910
20211229,9호선,샛강,5844,6104,11948
20211229,9호선,노량진,25367,24300,49667
20211229,9호선,노들,4318,3803,8121
20211229,9호선,흑석,7876,8237,16113
20211229,9호선,동작,1762,1370,3132
20211229,9호선,구반포,1968,2000,3968
20211229,9호선,신반포,3197,3136,6333
20211229,9호선,고속터미널,11656,15065,26721
20211229,9호선,사평,3360,3318,6678
20211229,9호선2~3단계,언주,10373,10640,21013
20211229,7호선,광명사거리,22033,21750,43783
20211229,7호선,철산,20846,21317,42163
20211229,7호선,가산디지털단지,45353,45014,90367
20211229,6호선,한강진,9363,10534,19897
20211229,6호선,버티고개,1944,1975,3919
20211229,6호선,약수,3631,3636,7267
20211229,6호선,청구,3768,3935,7703
20211229,6호선,신당,8825,8969,17794
20211229,6호선,동묘앞,7628,7827,15455
20211229,6호선,창신,3445,2856,6301
20211229,6호선,보문,7286,6722,14008
20211229,6호선,안암,9788,9690,19478
20211229,6호선,고려대,7739,7193,14932
20211229,6호선,월곡,11163,11168,22331
20211229,6호선,상월곡,6118,5504,11622
20211229,6호선,돌곶이,8967,8479,17446
20211229,6호선,석계,11955,12361,24316
20211229,6호선,태릉입구,5244,5725,10969
20211229,6호선,이태원,9453,9508,18961
20211229,6호선,화랑대,11303,8893,20196
20211229,6호선,녹사평,4808,4761,9569
20211229,6호선,효창공원앞,6693,6140,12833
20211229,6호선,불광,4298,4196,8494
20211229,6호선,독바위,2564,2799,5363
20211229,6호선,연신내,1,0,1
20211229,6호선,구산,7676,5839,13515
20211229,6호선,새절,12292,11471,23763
20211229,6호선,증산,9762,9883,19645
20211229,6호선,디지털미디어시티,13327,14593,27920
20211229,6호선,월드컵경기장,3532,3866,7398
20211229,6호선,마포구청,14114,12849,26963
20211229,6호선,망원,13922,15113,29035
20211229,6호선,합정,13151,12701,25852
20211229,6호선,상수,8083,8918,17001
20211229,6호선,광흥창,8859,8664,17523
20211229,6호선,대흥,7585,7721,15306
20211229,6호선,공덕,18000,17245,35245
20211229,6호선,삼각지,6109,5506,11615
20211229,경강선,곤지암,2189,2110,4299
20211229,6호선,봉화산,8741,8172,16913
20211229,7호선,도봉산,8546,9898,18444
20211229,7호선,강남구청,16380,17800,34180
20211229,7호선,학동,23995,25512,49507
20211229,7호선,논현,20050,21787,41837
20211229,7호선,고속터미널,14612,12897,27509
20211229,7호선,내방,14214,14673,28887
20211229,7호선,이수,15642,15044,30686
20211229,7호선,남성,10750,10231,20981
20211229,7호선,숭실대입구,11359,11425,22784
20211229,7호선,상도,10400,10041,20441
20211229,7호선,장승배기,8976,8905,17881
20211229,7호선,신대방삼거리,16045,15460,31505
20211229,7호선,보라매,9795,9598,19393
20211229,7호선,신풍,11352,10884,22236
20211229,7호선,대림,7490,7487,14977
20211229,7호선,남구로,15520,16274,31794
20211229,7호선,청담,18838,21072,39910
20211229,7호선,장암,2183,840,3023
20211229,7호선,뚝섬유원지,6943,6818,13761
20211229,7호선,어린이대공원,11367,11327,22694
20211229,7호선,수락산,12425,12066,24491
20211229,7호선,마들,12582,12099,24681
20211229,7호선,노원,19703,20209,39912
20211229,7호선,중계,13858,12595,26453
20211229,7호선,하계,17663,16705,34368
20211229,7호선,공릉,11476,11391,22867
20211229,7호선,태릉입구,8138,7603,15741
20211229,7호선,먹골,10025,9810,19835
20211229,7호선,중화,10931,10664,21595
20211229,7호선,상봉,17060,15996,33056
20211229,7호선,면목,14984,14912,29896
20211229,7호선,사가정,15656,15690,31346
20211229,7호선,용마산,5935,5802,11737
20211229,7호선,중곡,11088,10229,21317
20211229,7호선,군자,14974,12193,27167
20211229,7호선,건대입구,12055,12569,24624
20211229,경강선,신둔도예촌,1249,1229,2478
20211229,7호선,천왕,11405,10738,22143
20211229,경강선,부발,1828,1693,3521
20211229,경인선,개봉,21035,21050,42085
20211229,경인선,오류동,11511,10893,22404
20211229,경인선,역곡,26022,25575,51597
20211229,경인선,부천,31257,31363,62620
20211229,경인선,송내,25763,25773,51536
20211229,경인선,부평,28535,30261,58796
20211229,경인선,백운,6734,6644,13378
20211229,경인선,동암,14285,14576,28861
20211229,경인선,주안,18097,16193,34290
20211229,경인선,제물포,10291,9783,20074
20211229,경인선,동인천,13835,13204,27039
20211229,경인선,인천,3249,2332,5581
20211229,경인선,구일,5915,5996,11911
20211229,경인선,소사,8195,8001,16196
20211229,경인선,부개,8462,8074,16536
20211229,경의선,임진강,7,15,22
20211229,경인선,도원,2876,2915,5791
20211229,경의선,문산,5102,4907,10009
20211229,경의선,월롱,2593,2131,4724
20211229,경의선,디지털미디어시티,2427,2262,4689
20211229,경의선,수색,2596,2723,5319
20211229,경의선,화전,1506,1391,2897
20211229,경의선,강매,2978,2700,5678
20211229,경의선,행신,7609,7839,15448
20211229,경의선,능곡,3649,3374,7023
20211229,경의선,곡산,520,561,1081
20211229,경의선,백마,6611,6429,13040
20211229,경의선,풍산,5533,5053,10586
20211229,경의선,일산,9108,9076,18184
20211229,경의선,탄현,7688,7278,14966
20211229,경의선,야당,7191,6897,14088
20211229,경의선,운정,6867,6540,13407
20211229,경의선,금릉,4744,4615,9359
20211229,경의선,금촌,6142,6312,12454
20211229,경의선,파주,1089,683,1772
20211229,경의선,가좌,5116,4971,10087
20211229,경인선,온수,6408,6140,12548
20211229,경인선,도화,4161,3889,8050
20211229,공항철도 1호선,서울역,7240,6799,14039
20211229,공항철도 1호선,공덕,2273,2963,5236
20211229,공항철도 1호선,홍대입구,10160,10084,20244
20211229,공항철도 1호선,디지털미디어시티,13187,11940,25127
20211229,공항철도 1호선,마곡나루,7279,7127,14406
20211229,공항철도 1호선,김포공항,11344,6982,18326
20211229,공항철도 1호선,계양,9762,9089,18851
20211229,공항철도 1호선,검암,6547,6496,13043
20211229,공항철도 1호선,청라국제도시,6605,6173,12778
20211229,공항철도 1호선,운서,6350,6336,12686
20211229,공항철도 1호선,공항화물청사,2200,2432,4632
20211229,공항철도 1호선,인천공항1터미널,3793,4015,7808
20211229,공항철도 1호선,인천공항2터미널,2140,2027,4167
20211229,공항철도 1호선,영종,2889,2971,5860
20211229,경강선,이천,2436,2543,4979
20211229,경춘선,춘천,1142,969,2111
20211229,경인선,중동,9060,8553,17613
20211229,경춘선,남춘천,1996,2077,4073
20211229,경춘선,강촌,349,345,694
20211229,경춘선,신내,2044,1964,4008
20211229,경춘선,갈매,2953,2618,5571
20211229,경춘선,별내,3272,3100,6372
20211229,경춘선,퇴계원,3496,3220,6716
20211229,경춘선,사릉,3170,2997,6167
20211229,경춘선,금곡,1411,1342,2753
20211229,경춘선,평내호평,5932,5738,11670
20211229,경춘선,천마산,1548,1463,3011
20211229,경춘선,마석,3593,3524,7117
20211229,경춘선,대성리,431,353,784
20211229,경춘선,청평,1392,1362,2754
20211229,경춘선,상천,193,190,383
20211229,경춘선,가평,1485,1494,2979
20211229,경춘선,굴봉산,103,115,218
20211229,경춘선,백양리,254,224,478
20211229,경춘선,김유정,299,293,592
20211229,경의선,홍대입구,1810,2082,3892
20211229,경인선,간석,5780,5551,11331
20211229,경의선,공덕,3602,3116,6718
20211229,경부선,성균관대,13306,13265,26571
20211229,경부선,화서,7465,7189,14654
20211229,경부선,수원,31703,33739,65442
20211229,경부선,독산,18378,19086,37464
20211229,경부선,세류,2840,2653,5493
20211229,경부선,병점,13280,13151,26431
20211229,경부선,세마,2671,2580,5251
20211229,경부선,오산대,3128,2850,5978
20211229,경부선,오산,8970,8916,17886
20211229,경부선,진위,1524,1328,2852
20211229,경부선,송탄,3932,3824,7756
20211229,경부선,서정리,6496,5801,12297
20211229,경부선,평택지제,3179,3176,6355
20211229,경부선,평택,10761,10519,21280
20211229,경부선,성환,2877,2897,5774
20211229,경부선,의왕,8781,8805,17586
20211229,경부선,직산,730,675,1405
20211229,경부선,군포,7404,7385,14789
20211229,경부선,명학,8522,8521,17043
20211229,경의선,서강대,2003,1985,3988
20211229,경부선,서울역,5474,1937,7411
20211229,경부선,남영,9068,9542,18610
20211229,경부선,용산,33045,33961,67006
20211229,경부선,노량진,7989,8130,16119
20211229,경부선,대방,12425,12989,25414
20211229,경부선,영등포,36949,37972,74921
20211229,경부선,신도림,4059,4007,8066
20211229,경부선,신길,8639,7345,15984
20211229,경부선,구로,18169,18452,36621
20211229,경부선,가산디지털단지,17237,20110,37347
20211229,경부선,금천구청,11505,11329,22834
20211229,경부선,석수,9372,8568,17940
20211229,경부선,관악,6953,6398,13351
20211229,경부선,안양,20811,20728,41539
20211229,경부선,금정,25624,26107,51731
20211229,경부선,두정,4437,4538,8975
20211229,경강선,여주,1756,1770,3526
20211229,경부선,당정,5874,5599,11473
20211229,경원선,회룡,11973,11823,23796
20211229,경원선,의정부,17933,18227,36160
20211229,경원선,가능,6475,6259,12734
20211229,경원선,녹양,4383,4223,8606
20211229,경원선,양주,7185,6863,14048
20211229,경원선,덕계,2921,2575,5496
20211229,경원선,덕정,5067,4965,10032
20211229,경원선,지행,6281,6154,12435
20211229,경원선,동두천중앙,3020,2893,5913
20211229,경원선,보산,1628,1316,2944
20211229,경원선,동두천,1953,2189,4142
20211229,경원선,소요산,2229,1760,3989
20211229,경의선,서울역,4052,5130,9182
20211229,경의선,신촌,780,997,1777
20211229,경부선,천안,4380,4476,8856
20211229,경원선,망월사,6946,7223,14169
20211229,경원선,도봉산,7184,4560,11744
20211229,경의선,효창공원앞,2830,3294,6124
20211229,경원선,방학,9486,9258,18744
20211229,경부선,서동탄,1303,1166,2469
20211229,경부선,광명,3045,2673,5718
20211229,경원선,이촌,3552,2789,6341
20211229,경원선,서빙고,2046,1909,3955
20211229,경원선,도봉,5793,5626,11419
20211229,경원선,옥수,47,28,75
20211229,경원선,응봉,1758,1490,3248
20211229,경원선,한남,3985,3715,7700
20211229,경원선,청량리,14098,14835,28933
20211229,경원선,외대앞,6896,6889,13785
20211229,경원선,신이문,8299,7693,15992
20211229,경원선,석계,7712,8883,16595
20211229,경원선,광운대,7278,7059,14337
20211229,경원선,월계,6226,5824,12050
20211229,경원선,녹천,4474,3832,8306
20211229,경원선,왕십리,13633,15429,29062
20211230,경인선,동암,14208,14436,28644
20211230,경인선,주안,17706,15716,33422
20211230,경인선,제물포,9849,9473,19322
20211230,경인선,동인천,13450,12912,26362
20211230,경인선,인천,3103,2293,5396
20211230,경인선,구일,5820,5855,11675
20211230,경춘선,신내,1951,1823,3774
20211230,경인선,부개,8060,7653,15713
20211230,경인선,간석,5684,5463,11147
20211230,경인선,도원,2791,2788,5579
20211230,경인선,온수,6303,5851,12154
20211230,경인선,중동,8720,8336,17056
20211230,경인선,도화,3899,3724,7623
20211230,경의선,백마,6545,6349,12894
20211230,경인선,소사,7934,7782,15716
20211230,경인선,백운,6460,6476,12936
20211230,경의선,파주,1073,740,1813
20211230,경인선,송내,25368,25132,50500
20211230,경춘선,갈매,2833,2511,5344
20211230,경의선,풍산,5296,5020,10316
20211230,경의선,일산,8728,8728,17456
20211230,경의선,탄현,7329,6983,14312
20211230,경의선,야당,6945,6694,13639
20211230,경의선,운정,6537,6278,12815
20211230,경의선,금릉,4549,4405,8954
20211230,경의선,금촌,5962,6001,11963
20211230,경의선,월롱,2377,1853,4230
20211230,경의선,문산,4641,4719,9360
20211230,경의선,임진강,9,7,16
20211230,경인선,개봉,20390,20630,41020
20211230,경인선,오류동,11512,10842,22354
20211230,경인선,역곡,25639,25553,51192
20211230,경인선,부천,31014,31369,62383
20211230,경인선,부평,28869,30550,59419
20211230,경춘선,별내,3176,2967,6143
20211230,3호선,대청,9393,8774,18167
20211230,경춘선,사릉,3083,2958,6041
20211230,3호선,오금,5866,5226,11092
20211230,4호선,수유,32731,32998,65729
20211230,4호선,미아,13997,13620,27617
20211230,4호선,미아사거리,26872,26237,53109
20211230,4호선,길음,18723,18413,37136
20211230,수인선,호구포,3779,3865,7644
20211230,수인선,남동인더스파크,1973,2249,4222
20211230,수인선,원인재,4211,4400,8611
20211230,수인선,연수,4267,4228,8495
20211230,수인선,송도,2310,2203,4513
20211230,수인선,인하대,5345,4990,10335
20211230,수인선,숭의,3811,3639,7450
20211230,수인선,신포,1712,1745,3457
20211230,수인선,인천,982,1600,2582
20211230,경의선,곡산,543,571,1114
20211230,3호선,경찰병원,6875,6920,13795
20211230,경춘선,퇴계원,3408,3178,6586
20211230,3호선,가락시장,8543,8481,17024
20211230,3호선,일원,9794,9520,19314
20211230,경춘선,금곡,1371,1336,2707
20211230,경춘선,평내호평,5666,5474,11140
20211230,경춘선,천마산,1520,1417,2937
20211230,경춘선,마석,3465,3488,6953
20211230,경춘선,대성리,406,341,747
20211230,경춘선,청평,1372,1363,2735
20211230,수인선,인천논현,5204,5550,10754
20211230,3호선,고속터미널,40408,42420,82828
20211230,3호선,교대,13626,8675,22301
20211230,3호선,남부터미널,27381,28701,56082
20211230,3호선,양재,35813,38556,74369
20211230,3호선,매봉,11876,11391,23267
20211230,3호선,도곡,4734,4718,9452
20211230,3호선,대치,10309,10494,20803
20211230,3호선,학여울,1539,1594,3133
20211230,3호선,수서,15916,16817,32733
20211230,경의선,능곡,3524,3267,6791
20211230,분당선,선정릉,7359,7900,15259
20211230,경의선,강매,3003,2537,5540
20211230,경강선,부발,2073,1692,3765
20211230,경강선,세종대왕릉,279,269,548
20211230,경강선,여주,1655,1713,3368
20211230,경부선,서울역,5596,2225,7821
20211230,경부선,남영,8774,9127,17901
20211230,경부선,용산,33747,36255,70002
20211230,경부선,노량진,8003,8074,16077
20211230,경부선,대방,12073,12462,24535
20211230,경부선,영등포,37591,38721,76312
20211230,경부선,신도림,3912,3695,7607
20211230,경부선,신길,8229,7042,15271
20211230,경부선,구로,17625,18165,35790
20211230,경부선,가산디지털단지,16243,19058,35301
20211230,경부선,금천구청,11001,10997,21998
20211230,경부선,석수,9135,8229,17364
20211230,경강선,이천,2427,2489,4916
20211230,경부선,관악,6588,6157,12745
20211230,경강선,신둔도예촌,1250,1223,2473
20211230,경강선,초월,2982,2791,5773
20211230,분당선,가천대,6277,6983,13260
20211230,분당선,태평,13148,12814,25962
20211230,분당선,모란,19493,19313,38806
20211230,분당선,야탑,24627,25889,50516
20211230,분당선,서현,24813,24790,49603
20211230,분당선,수내,12881,12953,25834
20211230,분당선,정자,16019,16894,32913
20211230,분당선,미금,15056,15755,30811
20211230,분당선,오리,11418,9357,20775
20211230,분당선,이매,5354,5005,10359
20211230,분당선,보정,2293,2009,4302
20211230,분당선,죽전,12665,13852,26517
20211230,경강선,이매,1044,886,1930
20211230,경강선,삼동,2213,2078,4291
20211230,경강선,경기광주,7159,6827,13986
20211230,경강선,곤지암,2064,2020,4084
20211230,경의선,행신,7388,7554,14942
20211230,경부선,안양,20285,20187,40472
20211230,경부선,금정,25140,25490,50630
20211230,분당선,영통,8214,8104,16318
20211230,분당선,망포,13582,12647,26229
20211230,분당선,매탄권선,4778,4629,9407
20211230,분당선,수원시청,12526,13140,25666
20211230,분당선,매교,2672,2685,5357
20211230,수인선,고색,4202,3932,8134
20211230,수인선,오목천,2599,2400,4999
20211230,수인선,어천,705,677,1382
20211230,수인선,야목,330,236,566
20211230,수인선,사리,4256,3824,8080
20211230,수인선,달월,112,72,184
20211230,수인선,월곶,2628,2502,5130
20211230,수인선,소래포구,4697,4429,9126
20211230,경의선,수색,2470,2528,4998
20211230,경의선,화전,1418,1335,2753
20211230,분당선,청명,3909,3827,7736
20211230,경부선,명학,8131,8040,16171
20211230,분당선,상갈,4945,4745,9690
20211230,분당선,신갈,4269,4163,8432
20211230,경부선,군포,7298,7219,14517
20211230,경부선,의왕,8536,8469,17005
20211230,경부선,성균관대,13066,12819,25885
20211230,경부선,화서,7301,6915,14216
20211230,경부선,수원,31779,34805,66584
20211230,경부선,독산,17351,18179,35530
20211230,경부선,세류,2771,2496,5267
20211230,경부선,병점,13251,13020,26271
20211230,경부선,세마,2702,2397,5099
20211230,경부선,오산대,3083,2749,5832
20211230,경부선,오산,9002,8744,17746
20211230,경부선,진위,1456,1289,2745
20211230,경부선,송탄,4156,3903,8059
20211230,경부선,서정리,6507,5721,12228
20211230,분당선,구성,4724,4962,9686
20211230,분당선,기흥,9106,8650,17756
20211230,안산선,대야미,4617,4135,8752
20211230,중앙선,상봉,5508,5481,10989
20211230,안산선,상록수,14864,15009,29873
20211230,9호선,선유도,8351,8158,16509
20211230,9호선,신목동,3753,3277,7030
20211230,9호선,염창,16433,15795,32228
20211230,9호선,등촌,11255,10990,22245
20211230,9호선,증미,7193,7089,14282
20211230,우이신설선,정릉,4419,4091,8510
20211230,우이신설선,성신여대입구,3306,3621,6927
20211230,우이신설선,보문,1422,1423,2845
20211230,우이신설선,신설동,2056,1949,4005
20211230,일산선,원흥,10087,9529,19616
20211230,4호선,명동,20127,20960,41087
20211230,4호선,회현,25142,26574,51716
20211230,4호선,서울역,9785,16257,26042
20211230,4호선,숙대입구,12199,11948,24147
20211230,4호선,삼각지,4756,5336,10092
20211230,9호선,당산,17458,17254,34712
20211230,4호선,신용산,16178,16997,33175
20211230,9호선,국회의사당,15597,15656,31253
20211230,우이신설선,솔샘,5563,5077,10640
20211230,9호선2~3단계,둔촌오륜,1086,988,2074
20211230,9호선2~3단계,중앙보훈병원,9732,8581,18313
20211230,경강선,판교,4315,4306,8621
20211230,경춘선,굴봉산,104,115,219
20211230,경춘선,가평,1398,1458,2856
20211230,안산선,정왕,7266,7596,14862
20211230,안산선,오이도,7721,7648,15369
20211230,안산선,수리산,4048,3265,7313
20211230,우이신설선,북한산우이,2397,2128,4525
20211230,우이신설선,솔밭공원,2359,2243,4602
20211230,우이신설선,4.19민주묘지,2559,2412,4971
20211230,우이신설선,가오리,3833,3890,7723
20211230,우이신설선,화계,3229,3080,6309
20211230,우이신설선,삼양,1903,2075,3978
20211230,우이신설선,삼양사거리,2334,2374,4708
20211230,우이신설선,북한산보국문,5698,5534,11232
20211230,9호선2~3단계,올림픽공원,5440,5538,10978
20211230,4호선,이촌,7080,7797,14877
20211230,4호선,총신대입구,18306,19691,37997
20211230,일산선,마두,7053,7461,14514
20211230,일산선,정발산,6885,6885,13770
20211230,일산선,주엽,8422,8458,16880
20211230,일산선,대화,11954,9599,21553
20211230,장항선,봉명,1117,1079,2196
20211230,장항선,쌍용,1727,1593,3320
20211230,장항선,아산,2711,2703,5414
20211230,장항선,탕정,379,337,716
20211230,장항선,배방,954,901,1855
20211230,장항선,온양온천,3233,3265,6498
20211230,장항선,신창,874,836,1710
20211230,중앙선,회기,22836,21715,44551
20211230,중앙선,중랑,5342,5044,10386
20211230,경원선,덕계,2841,2489,5330
20211230,분당선,강남구청,9643,10994,20637
20211230,일산선,백석,9676,9837,19513
20211230,4호선,동작,1123,1277,2400
20211230,일산선,대곡,1770,1455,3225
20211230,일산선,원당,10598,9933,20531
20211230,4호선,사당,24118,19729,43847
20211230,4호선,남태령,1107,861,1968
20211230,4호선,당고개,12347,11297,23644
20211230,4호선,상계,18630,17369,35999
20211230,4호선,노원,18482,20435,38917
20211230,4호선,창동,24522,26200,50722
20211230,4호선,쌍문,28654,26284,54938
20211230,5호선,방화,6498,6279,12777
20211230,5호선,개화산,5302,5123,10425
20211230,5호선,김포공항,7319,7389,14708
20211230,5호선,송정,6204,5961,12165
20211230,5호선,마곡,10107,10041,20148
20211230,5호선,발산,18266,18645,36911
20211230,5호선,우장산,13616,13476,27092
20211230,일산선,삼송,18409,18181,36590
20211230,일산선,화정,16302,16710,33012
20211230,안산선,반월,4040,3783,7823
20211230,9호선2~3단계,한성백제,2330,2152,4482
20211230,9호선2~3단계,석촌,8143,7024,15167
20211230,경원선,동두천중앙,3044,3027,6071
20211230,경원선,지행,6065,6126,12191
20211230,경원선,덕정,4787,4641,9428
20211230,4호선,동대문,18924,19452,38376
20211230,4호선,동대문역사문화공원,15057,13595,28652
20211230,4호선,충무로,24776,25655,50431
20211230,안산선,신길온천,1607,1487,3094
20211230,분당선,선릉,12573,19033,31606
20211230,과천선,범계,25108,24213,49321
20211230,과천선,평촌,16723,16788,33511
20211230,과천선,인덕원,22769,23617,46386
20211230,과천선,정부과천청사,10067,9993,20060
20211230,과천선,과천,5772,5468,11240
20211230,과천선,대공원,2111,2223,4334
20211230,과천선,경마공원,1188,1184,2372
20211230,경원선,보산,1557,1368,2925
20211230,과천선,선바위,7464,6716,14180
20211230,경원선,동두천,1883,2117,4000
20211230,경의선,서울역,3857,4838,8695
20211230,안산선,한대앞,8112,8146,16258
20211230,안산선,중앙,16674,17417,34091
20211230,안산선,고잔,8222,7819,16041
20211230,안산선,초지,4186,4280,8466
20211230,안산선,안산,10610,9680,20290
20211230,4호선,성신여대입구,19257,18304,37561
20211230,4호선,한성대입구,12821,12548,25369
20211230,4호선,혜화,32544,32116,64660
20211230,경의선,디지털미디어시티,2327,2184,4511
20211230,경의선,가좌,4925,4690,9615
20211230,경의선,홍대입구,1693,2036,3729
20211230,경의선,서강대,2044,1958,4002
20211230,경의선,공덕,3533,3031,6564
20211230,경의선,효창공원앞,2787,3268,6055
20211230,경의선,신촌,758,869,1627
20211230,경원선,소요산,2064,1856,3920
20211230,9호선2~3단계,송파나루,5223,5440,10663
20211230,공항철도 1호선,영종,3003,2918,5921
20211230,9호선,샛강,5649,5779,11428
20211230,공항철도 1호선,운서,6363,6159,12522
20211230,공항철도 1호선,청라국제도시,6310,6106,12416
20211230,공항철도 1호선,검암,6308,6189,12497
20211230,공항철도 1호선,계양,9592,8985,18577
20211230,공항철도 1호선,김포공항,11606,6870,18476
20211230,공항철도 1호선,마곡나루,6316,6671,12987
20211230,공항철도 1호선,디지털미디어시티,12693,11316,24009
20211230,공항철도 1호선,홍대입구,10268,10607,20875
20211230,공항철도 1호선,공덕,2225,2812,5037
20211230,공항철도 1호선,서울역,6972,7210,14182
20211230,경춘선,춘천,1063,958,2021
20211230,경춘선,남춘천,2008,2029,4037
20211230,경춘선,김유정,265,255,520
20211230,경춘선,강촌,298,321,619
20211230,경춘선,백양리,242,176,418
20211230,공항철도 1호선,공항화물청사,2235,2408,4643
20211230,9호선,여의도,25429,24116,49545
20211230,공항철도 1호선,인천공항1터미널,3561,3663,7224
20211230,9호선2~3단계,석촌고분,5882,5832,11714
20211230,9호선,노량진,25023,24089,49112
20211230,9호선,노들,4236,3721,7957
20211230,9호선,흑석,7683,7876,15559
20211230,9호선,동작,1659,1332,2991
20211230,9호선,구반포,1403,1542,2945
20211230,9호선,신반포,2981,2920,5901
20211230,9호선,고속터미널,11478,15682,27160
20211230,9호선,사평,3289,3254,6543
20211230,9호선,신논현,31531,30943,62474
20211230,9호선2~3단계,언주,9849,10028,19877
20211230,9호선2~3단계,선정릉,8858,9655,18513
20211230,9호선2~3단계,삼성중앙,6395,6673,13068
20211230,9호선2~3단계,봉은사,15148,15455,30603
20211230,9호선2~3단계,종합운동장,3853,3753,7606
20211230,9호선2~3단계,삼전,6598,6504,13102
20211230,공항철도 1호선,인천공항2터미널,2134,2125,4259
20211230,분당선,압구정로데오,20571,21781,42352
20211230,안산선,산본,15278,16316,31594
20211230,분당선,수원,7798,6526,14324
20211230,중앙선,국수,648,622,1270
20211230,중앙선,신원,158,150,308
20211230,중앙선,양수,1453,1551,3004
20211230,중앙선,운길산,557,528,1085
20211230,중앙선,팔당,756,785,1541
20211230,중앙선,도심,2236,1787,4023
20211230,중앙선,아신,425,426,851
20211230,중앙선,덕소,5286,5387,10673
20211230,중앙선,도농,9956,9088,19044
20211230,중앙선,구리,12857,12949,25806
20211230,중앙선,양원,2047,2032,4079
20211230,중앙선,망우,7408,7473,14881
20211230,3호선,독립문,6423,6591,13014
20211230,3호선,무악재,3713,3717,7430
20211230,중앙선,양정,646,573,1219
20211230,중앙선,오빈,260,257,517
20211230,중앙선,양평,2520,2474,4994
20211230,중앙선,원덕,322,319,641
20211230,8호선,몽촌토성,5596,5706,11302
20211230,8호선,강동구청,10144,10562,20706
20211230,8호선,천호,14568,16734,31302
20211230,8호선,암사,18271,16233,34504
20211230,7호선,부평구청,6983,6450,13433
20211230,7호선,굴포천,9182,9576,18758
20211230,7호선,삼산체육관,5105,4620,9725
20211230,7호선,상동,13049,13511,26560
20211230,7호선,부천시청,12584,12606,25190
20211230,7호선,신중동,14069,13868,27937
20211230,7호선,춘의,9701,9625,19326
20211230,7호선,부천종합운동장,4684,4066,8750
20211230,7호선,까치울,7376,7078,14454
20211230,중앙선,지평,67,58,125
20211230,중앙선,용문,2108,2223,4331
20211230,3호선,홍제,16378,15655,32033
20211230,3호선,녹번,14743,13179,27922
20211230,3호선,불광,15602,16663,32265
20211230,3호선,연신내,35447,33435,68882
20211230,2호선,대림,22251,22958,45209
20211230,2호선,구로디지털단지,57471,57488,114959
20211230,2호선,신대방,24800,24145,48945
20211230,2호선,신림,61046,59100,120146
20211230,2호선,봉천,22562,20961,43523
20211230,2호선,서울대입구,45431,43829,89260
20211230,2호선,낙성대,25866,24760,50626
20211230,2호선,사당,34806,37733,72539
20211230,2호선,방배,14792,15635,30427
20211230,2호선,서초,20068,19171,39239
20211230,2호선,교대,31593,35696,67289
20211230,2호선,강남,81608,78734,160342
20211230,2호선,역삼,48178,52725,100903
20211230,6호선,봉화산,8219,7811,16030
20211230,6호선,화랑대,10864,8592,19456
20211230,2호선,신도림,45681,44939,90620
20211230,분당선,서울숲,9928,10134,20062
20211230,2호선,문래,20569,20922,41491
20211230,2호선,당산,17450,20363,37813
20211230,3호선,구파발,19337,18402,37739
20211230,3호선,지축,4156,4007,8163
20211230,2호선,용두,2416,2523,4939
20211230,2호선,신정네거리,9777,10098,19875
20211230,2호선,양천구청,6396,6755,13151
20211230,2호선,도림천,1288,1328,2616
20211230,2호선,신설동,3142,3102,6244
20211230,2호선,신답,1601,1823,3424
20211230,2호선,용답,2591,2551,5142
20211230,2호선,충정로,8996,9462,18458
20211230,2호선,아현,9328,9222,18550
20211230,2호선,이대,11976,12550,24526
20211230,2호선,신촌,32324,32799,65123
20211230,2호선,홍대입구,55979,56487,112466
20211230,2호선,합정,30711,31997,62708
20211230,2호선,영등포구청,22543,22998,45541
20211230,8호선,석촌,7739,8996,16735
20211230,8호선,송파,7244,7473,14717
20211230,3호선,경복궁,18671,18361,37032
20211230,8호선,모란,4356,3275,7631
20211230,8호선,수진,5210,4758,9968
20211230,8호선,신흥,4235,4586,8821
20211230,8호선,단대오거리,9896,9653,19549
20211230,8호선,남한산성입구,12792,11556,24348
20211230,8호선,산성,4991,5049,10040
20211230,경원선,양주,7111,6668,13779
20211230,경춘선,상천,182,178,360
20211230,경원선,녹양,4162,4014,8176
20211230,경원선,가능,6111,5996,12107
20211230,경원선,의정부,17819,18172,35991
20211230,경원선,회룡,11746,11632,23378
20211230,경원선,망월사,6869,7077,13946
20211230,경원선,도봉산,6439,4226,10665
20211230,경원선,도봉,5645,5479,11124
20211230,8호선,남위례,3286,3675,6961
20211230,경원선,방학,9015,8866,17881
20211230,9호선,개화,2325,1643,3968
20211230,9호선,공항시장,2885,3164,6049
20211230,7호선,온수,9780,8873,18653
20211230,7호선,천왕,10972,10291,21263
20211230,7호선,광명사거리,21693,21483,43176
20211230,5호선,화곡,27420,25695,53115
20211230,5호선,까치산,27847,26685,54532
20211230,5호선,신정,13294,10866,24160
20211230,5호선,목동,15699,16974,32673
20211230,5호선,오목교,20957,22571,43528
20211230,5호선,양평,7301,7233,14534
20211230,5호선,영등포구청,3610,3779,7389
20211230,5호선,영등포시장,9801,10056,19857
20211230,9호선,가양,19449,19000,38449
20211230,9호선,양천향교,9029,9314,18343
20211230,9호선,마곡나루,11162,10832,21994
20211230,9호선,신방화,6630,6393,13023
20211230,9호선,김포공항,7249,12021,19270
20211230,6호선,태릉입구,5231,5578,10809
20211230,경원선,녹천,4381,3627,8008
20211230,경원선,광운대,7185,6793,13978
20211230,3호선,잠원,4657,4615,9272
20211230,3호선,신사,31035,32303,63338
20211230,3호선,압구정,31936,33756,65692
20211230,3호선,옥수,8466,8817,17283
20211230,3호선,금호,7657,7210,14867
20211230,3호선,약수,12514,12020,24534
20211230,3호선,동대입구,6655,6946,13601
20211230,3호선,충무로,1,0,1
20211230,8호선,복정,8956,7531,16487
20211230,8호선,장지,16444,16204,32648
20211230,8호선,문정,20238,21028,41266
20211230,8호선,가락시장,7698,8439,16137
20211230,3호선,을지로3가,10417,10520,20937
20211230,3호선,종로3가,10362,11706,22068
20211230,3호선,안국,16586,17413,33999
20211230,경부선,평택지제,3323,3211,6534
20211230,경원선,월계,6154,5896,12050
20211230,경부선,평택,10811,10735,21546
20211230,경부선,직산,776,693,1469
20211230,경원선,석계,7695,8609,16304
20211230,경원선,신이문,8096,7570,15666
20211230,경원선,외대앞,6882,6775,13657
20211230,경원선,청량리,14301,15378,29679
20211230,경원선,왕십리,13979,15312,29291
20211230,경원선,응봉,1637,1467,3104
20211230,경원선,옥수,47,29,76
20211230,경원선,한남,4009,3833,7842
20211230,경원선,서빙고,1929,1807,3736
20211230,경원선,이촌,3434,2720,6154
20211230,경부선,광명,3094,2850,5944
20211230,경부선,서동탄,1286,1147,2433
20211230,경부선,당정,5706,5423,11129
20211230,경부선,천안,4418,4560,8978
20211230,경부선,두정,4550,4393,8943
20211230,경부선,성환,2833,2798,5631
20211230,6호선,석계,11750,12269,24019
20211230,8호선,잠실,15274,17403,32677
20211230,6호선,상월곡,5893,5237,11130
20211230,7호선,공릉,11293,11125,22418
20211230,7호선,태릉입구,8155,7750,15905
20211230,7호선,먹골,9852,9709,19561
20211230,7호선,중화,10479,10323,20802
20211230,7호선,상봉,16740,15920,32660
20211230,7호선,면목,15002,14584,29586
20211230,7호선,사가정,15622,15637,31259
20211230,7호선,용마산,5813,5667,11480
20211230,7호선,중곡,10151,9802,19953
20211230,7호선,군자,14604,11620,26224
20211230,7호선,어린이대공원,13566,13727,27293
20211230,7호선,건대입구,16676,16746,33422
20211230,7호선,뚝섬유원지,6660,6559,13219
20211230,7호선,청담,18411,20451,38862
20211230,7호선,강남구청,15884,17177,33061
20211230,7호선,하계,16970,15978,32948
20211230,7호선,학동,22890,24400,47290
20211230,7호선,중계,13342,12276,25618
20211230,7호선,마들,12507,12051,24558
20211230,2호선,잠실,70773,70150,140923
20211230,2호선,잠실나루,13361,12941,26302
20211230,2호선,강변,29170,29052,58222
20211230,2호선,구의,23043,22860,45903
20211230,2호선,건대입구,37570,38548,76118
20211230,2호선,성수,36781,39485,76266
20211230,2호선,뚝섬,21433,22614,44047
20211230,2호선,한양대,6499,6695,13194
20211230,2호선,왕십리,15869,13349,29218
20211230,2호선,상왕십리,13545,13353,26898
20211230,2호선,신당,13127,13844,26971
20211230,2호선,동대문역사문화공원,11978,13164,25142
20211230,7호선,장암,2148,851,2999
20211230,7호선,도봉산,8793,9935,18728
20211230,7호선,수락산,12189,11927,24116
20211230,7호선,노원,19824,20207,40031
20211230,2호선,잠실새내,20819,20729,41548
20211230,7호선,논현,19467,21280,40747
20211230,7호선,고속터미널,14419,12968,27387
20211230,1호선,동대문,10676,9840,20516
20211230,1호선,신설동,13192,12795,25987
20211230,1호선,제기동,16715,17083,33798
20211230,1호선,청량리,19037,19291,38328
20211230,2호선,시청,22549,21161,43710
20211230,2호선,을지로입구,39266,39319,78585
20211230,2호선,을지로3가,21515,21594,43109
20211230,2호선,을지로4가,12948,12874,25822
20211230,분당선,한티,13912,14659,28571
20211230,분당선,도곡,5983,6029,12012
20211230,분당선,구룡,1740,1725,3465
20211230,분당선,개포동,3256,3391,6647
20211230,분당선,대모산입구,4090,3793,7883
20211230,분당선,수서,12831,13863,26694
20211230,6호선,돌곶이,8903,8265,17168
20211230,7호선,철산,20420,21096,41516
20211230,7호선,반포,5675,5431,11106
20211230,7호선,가산디지털단지,43047,42726,85773
20211230,7호선,대림,7739,7832,15571
20211230,7호선,내방,13851,14137,27988
20211230,7호선,이수,15353,14656,30009
20211230,7호선,남성,10595,9840,20435
20211230,7호선,숭실대입구,11189,11220,22409
20211230,7호선,상도,10225,9851,20076
20211230,7호선,장승배기,8831,8753,17584
20211230,7호선,신대방삼거리,15858,15191,31049
20211230,1호선,서울역,40241,40830,81071
20211230,1호선,동묘앞,6984,7271,14255
20211230,1호선,시청,20730,20494,41224
20211230,1호선,종각,31401,30073,61474
20211230,1호선,종로3가,24096,22260,46356
20211230,1호선,종로5가,22423,21929,44352
20211230,7호선,보라매,9086,8972,18058
20211230,7호선,신풍,11048,10610,21658
20211230,7호선,남구로,15010,16049,31059
20211230,2호선,종합운동장,6457,7029,13486
20211230,분당선,복정,3,0,3
20211230,2호선,선릉,52877,46819,99696
20211230,6호선,합정,13471,12670,26141
20211230,6호선,망원,14090,15216,29306
20211230,6호선,마포구청,13558,12301,25859
20211230,6호선,월드컵경기장,3561,3846,7407
20211230,6호선,디지털미디어시티,12641,13822,26463
20211230,6호선,증산,9657,9643,19300
20211230,6호선,새절,11988,11349,23337
20211230,6호선,구산,7435,5733,13168
20211230,6호선,독바위,2544,2672,5216
20211230,6호선,불광,4306,4172,8478
20211230,6호선,역촌,3755,4456,8211
20211230,6호선,응암,16959,16848,33807
20211230,5호선,하남검단산,5259,5040,10299
20211230,5호선,하남시청,6119,6045,12164
20211230,5호선,하남풍산,4044,4044,8088
20211230,2호선,삼성,48561,48539,97100
20211230,5호선,미사,15513,15184,30697
20211230,6호선,광흥창,8377,8264,16641
20211230,6호선,공덕,17312,16595,33907
20211230,6호선,월곡,10880,10859,21739
20211230,6호선,고려대,7394,7022,14416
20211230,6호선,안암,9432,9112,18544
20211230,6호선,보문,6942,6321,13263
20211230,6호선,창신,3355,2807,6162
20211230,6호선,동묘앞,7621,7629,15250
20211230,6호선,신당,8510,8718,17228
20211230,6호선,청구,3531,3709,7240
20211230,6호선,약수,3525,3543,7068
20211230,6호선,버티고개,1918,2022,3940
20211230,6호선,한강진,8009,9201,17210
20211230,6호선,이태원,9339,9385,18724
20211230,6호선,녹사평,4704,4647,9351
20211230,6호선,삼각지,6023,5326,11349
20211230,6호선,효창공원앞,6566,6063,12629
20211230,6호선,대흥,7324,7634,14958
20211230,5호선,강일,3617,3598,7215
20211230,6호선,상수,8413,9306,17719
20211230,5호선,거여,8839,8392,17231
20211230,5호선,행당,7596,6748,14344
20211230,5호선,신금호,6174,6548,12722
20211230,5호선,청구,3800,3492,7292
20211230,5호선,동대문역사문화공원,2657,3127,5784
20211230,5호선,을지로4가,6033,6148,12181
20211230,5호선,광화문,29496,30375,59871
20211230,5호선,서대문,17805,17974,35779
20211230,5호선,충정로,4467,4540,9007
20211230,5호선,애오개,6459,6579,13038
20211230,5호선,공덕,13117,14242,27359
20211230,5호선,마포,14019,14302,28321
20211230,5호선,여의나루,6972,8189,15161
20211230,5호선,여의도,27436,28129,55565
20211230,5호선,신길,3957,4324,8281
20211230,5호선,마천,6537,6483,13020
20211230,5호선,왕십리,4576,5328,9904
20211230,5호선,마장,5628,5347,10975
20211230,5호선,종로3가,12326,12056,24382
20211230,5호선,장한평,18080,18189,36269
20211230,5호선,답십리,15428,14064,29492
20211230,5호선,오금,3643,3605,7248
20211230,5호선,방이,6800,6962,13762
20211230,5호선,올림픽공원,4013,3522,7535
20211230,5호선,둔촌동,8533,8446,16979
20211230,5호선,상일동,14604,13379,27983
20211230,5호선,고덕,8840,9035,17875
20211230,5호선,명일,8182,8486,16668
20211230,5호선,개롱,6034,6364,12398
20211230,5호선,길동,7821,8137,15958
20211230,5호선,강동,17426,16550,33976
20211230,5호선,천호,18043,17598,35641
20211230,5호선,광나루,12905,11750,24655
20211230,5호선,아차산,14574,14095,28669
20211230,5호선,군자,11233,12186,23419
20211230,5호선,굽은다리,9355,9125,18480
20211231,수인선,인천논현,5078,5410,10488
20211231,수인선,호구포,3511,3544,7055
20211231,수인선,남동인더스파크,1703,1847,3550
20211231,수인선,원인재,4166,4269,8435
20211231,수인선,연수,4288,4414,8702
20211231,수인선,송도,2126,2112,4238
20211231,수인선,인하대,5165,4626,9791
20211231,수인선,인천,1072,1764,2836
20211231,수인선,신포,1674,1709,3383
20211231,안산선,산본,14447,15185,29632
20211231,안산선,대야미,4329,3847,8176
20211231,안산선,반월,3964,3675,7639
20211231,안산선,상록수,13950,14495,28445
20211231,수인선,소래포구,4480,4523,9003
20211231,수인선,숭의,3526,3348,6874
20211231,수인선,월곶,2436,2235,4671
20211231,분당선,보정,2023,1799,3822
20211231,수인선,사리,4405,3775,8180
20211231,분당선,죽전,12070,13148,25218
20211231,분당선,구성,4196,4626,8822
20211231,분당선,신갈,3889,3817,7706
20211231,분당선,기흥,8396,7966,16362
20211231,분당선,상갈,4688,4441,9129
20211231,분당선,청명,3750,3408,7158
20211231,분당선,영통,7971,7745,15716
20211231,분당선,망포,13021,11604,24625
20211231,분당선,매탄권선,4871,4328,9199
20211231,분당선,수원시청,12190,13675,25865
20211231,분당선,매교,2389,2422,4811
20211231,수인선,고색,3640,3469,7109
20211231,수인선,오목천,2741,2325,5066
20211231,수인선,어천,847,678,1525
20211231,수인선,야목,286,231,517
20211231,수인선,달월,88,58,146
20211231,안산선,한대앞,7884,7963,15847
20211231,경부선,오산대,3066,2845,5911
20211231,안산선,고잔,7556,7270,14826
20211231,일산선,원흥,9432,8842,18274
20211231,일산선,지축,1,0,1
20211231,경인선,도원,2701,2751,5452
20211231,경인선,간석,5450,5169,10619
20211231,경인선,부개,7745,7274,15019
20211231,경인선,소사,7618,7352,14970
20211231,경인선,구일,5213,5242,10455
20211231,경부선,성균관대,12341,11758,24099
20211231,경부선,화서,6342,6207,12549
20211231,경부선,수원,34093,38417,72510
20211231,경부선,독산,15250,15454,30704
20211231,경부선,세류,2780,2726,5506
20211231,경부선,병점,13641,13069,26710
20211231,경부선,세마,2498,2286,4784
20211231,분당선,이매,5054,4781,9835
20211231,우이신설선,신설동,1853,1786,3639
20211231,안산선,중앙,16262,17577,33839
20211231,우이신설선,보문,1402,1435,2837
20211231,우이신설선,정릉,4185,3779,7964
20211231,안산선,초지,3908,4122,8030
20211231,안산선,안산,11077,10990,22067
20211231,안산선,신길온천,1526,1491,3017
20211231,안산선,정왕,7525,7763,15288
20211231,안산선,오이도,7797,8099,15896
20211231,안산선,수리산,3608,2735,6343
20211231,우이신설선,북한산우이,2156,1926,4082
20211231,우이신설선,솔밭공원,2214,2034,4248
20211231,우이신설선,4.19민주묘지,2333,2226,4559
20211231,우이신설선,가오리,3655,3606,7261
20211231,우이신설선,화계,2971,2812,5783
20211231,우이신설선,삼양,1785,1979,3764
20211231,우이신설선,삼양사거리,2219,2260,4479
20211231,우이신설선,솔샘,5181,4729,9910
20211231,우이신설선,북한산보국문,5570,5192,10762
20211231,우이신설선,성신여대입구,3346,3600,6946
20211231,분당선,오리,10072,8309,18381
20211231,공항철도 1호선,김포공항,12795,7407,20202
20211231,분당선,정자,14291,15003,29294
20211231,경춘선,평내호평,5312,5388,10700
20211231,경춘선,천마산,1454,1339,2793
20211231,경춘선,마석,3285,3392,6677
20211231,경춘선,대성리,393,421,814
20211231,경춘선,청평,1377,1598,2975
20211231,경춘선,상천,189,192,381
20211231,경춘선,금곡,1309,1206,2515
20211231,경춘선,가평,1383,1867,3250
20211231,경춘선,백양리,236,254,490
20211231,경춘선,강촌,335,370,705
20211231,경춘선,김유정,240,261,501
20211231,경춘선,남춘천,2285,2589,4874
20211231,경춘선,춘천,1154,1169,2323
20211231,공항철도 1호선,서울역,7776,8677,16453
20211231,경춘선,굴봉산,103,122,225
20211231,경춘선,사릉,2784,2762,5546
20211231,경춘선,퇴계원,3209,2920,6129
20211231,경춘선,별내,2890,2790,5680
20211231,경부선,구로,16471,16987,33458
20211231,경부선,가산디지털단지,13481,16010,29491
20211231,경부선,금천구청,10422,10439,20861
20211231,경부선,석수,8176,7307,15483
20211231,경부선,관악,6071,5693,11764
20211231,경부선,안양,19204,19701,38905
20211231,경부선,명학,6947,6563,13510
20211231,경부선,금정,22705,23172,45877
20211231,경부선,군포,6621,6514,13135
20211231,경부선,의왕,7593,7364,14957
20211231,경인선,온수,5937,5665,11602
20211231,경인선,중동,8298,7931,16229
20211231,경인선,도화,3707,3501,7208
20211231,경춘선,신내,1740,1705,3445
20211231,경춘선,갈매,2574,2215,4789
20211231,공항철도 1호선,공덕,2027,2594,4621
20211231,공항철도 1호선,홍대입구,9995,9956,19951
20211231,공항철도 1호선,디지털미디어시티,10831,9688,20519
20211231,공항철도 1호선,마곡나루,4868,5066,9934
20211231,분당선,구룡,1779,1565,3344
20211231,분당선,개포동,2882,3154,6036
20211231,분당선,대모산입구,3698,3368,7066
20211231,분당선,수서,11993,13705,25698
20211231,분당선,수원,7978,6804,14782
20211231,분당선,서울숲,8545,8503,17048
20211231,분당선,압구정로데오,19150,20297,39447
20211231,분당선,강남구청,8311,9154,17465
20211231,분당선,선정릉,5780,6037,11817
20211231,분당선,가천대,5899,6151,12050
20211231,분당선,태평,12882,12744,25626
20211231,분당선,모란,18339,18511,36850
20211231,분당선,야탑,22948,24335,47283
20211231,분당선,서현,23685,23747,47432
20211231,분당선,수내,11256,11389,22645
20211231,분당선,도곡,5760,5600,11360
20211231,분당선,미금,13945,14413,28358
20211231,분당선,한티,13154,13873,27027
20211231,과천선,범계,23438,23082,46520
20211231,공항철도 1호선,계양,8718,8290,17008
20211231,공항철도 1호선,검암,5820,5807,11627
20211231,공항철도 1호선,청라국제도시,6003,5697,11700
20211231,공항철도 1호선,운서,6347,6248,12595
20211231,공항철도 1호선,공항화물청사,2072,2205,4277
20211231,공항철도 1호선,인천공항1터미널,3713,4119,7832
20211231,공항철도 1호선,인천공항2터미널,2154,1989,4143
20211231,공항철도 1호선,영종,2881,3210,6091
20211231,과천선,선바위,6528,5892,12420
20211231,과천선,경마공원,1090,1059,2149
20211231,과천선,대공원,1745,1790,3535
20211231,과천선,과천,5322,5011,10333
20211231,과천선,정부과천청사,8829,8939,17768
20211231,과천선,인덕원,19775,20668,40443
20211231,과천선,평촌,13940,13516,27456
20211231,분당선,선릉,10099,14935,25034
20211231,경부선,오산,10055,9593,19648
20211231,6호선,돌곶이,8265,7811,16076
20211231,경부선,송탄,4957,4190,9147
20211231,중앙선,지평,45,46,91
20211231,중앙선,중랑,5117,4851,9968
20211231,중앙선,회기,22155,19894,42049
20211231,장항선,신창,1134,962,2096
20211231,장항선,온양온천,3534,3717,7251
20211231,장항선,배방,1079,983,2062
20211231,장항선,탕정,387,342,729
20211231,장항선,아산,3092,3464,6556
20211231,장항선,쌍용,1786,1575,3361
20211231,장항선,봉명,1009,908,1917
20211231,일산선,대화,11335,9945,21280
20211231,일산선,주엽,7700,7802,15502
20211231,일산선,정발산,6782,7102,13884
20211231,일산선,마두,6525,6667,13192
20211231,일산선,백석,9199,9541,18740
20211231,중앙선,용문,1344,1711,3055
20211231,일산선,대곡,1552,1267,2819
20211231,중앙선,원덕,253,273,526
20211231,중앙선,오빈,228,243,471
20211231,경인선,인천,3232,2767,5999
20211231,중앙선,상봉,5508,5271,10779
20211231,중앙선,망우,7009,6982,13991
20211231,중앙선,양원,1752,1750,3502
20211231,중앙선,구리,12316,12683,24999
20211231,중앙선,도농,8953,8307,17260
20211231,중앙선,양정,624,529,1153
20211231,중앙선,덕소,4891,4968,9859
20211231,중앙선,도심,2013,1556,3569
20211231,중앙선,팔당,733,853,1586
20211231,중앙선,운길산,479,464,943
20211231,중앙선,양수,1360,1534,2894
20211231,중앙선,신원,132,120,252
20211231,중앙선,국수,552,580,1132
20211231,중앙선,아신,446,510,956
20211231,중앙선,양평,2334,2758,5092
20211231,경인선,동인천,12791,12671,25462
20211231,일산선,화정,15446,15796,31242
20211231,일산선,삼송,17490,17380,34870
20211231,6호선,녹사평,4805,4917,9722
20211231,6호선,이태원,10599,11522,22121
20211231,6호선,한강진,8524,9874,18398
20211231,6호선,버티고개,1738,1783,3521
20211231,6호선,약수,3275,3142,6417
20211231,6호선,청구,3250,3360,6610
20211231,6호선,신당,7541,6917,14458
20211231,6호선,동묘앞,7182,7008,14190
20211231,6호선,창신,3056,2450,5506
20211231,6호선,보문,6619,5719,12338
20211231,6호선,안암,8747,7758,16505
20211231,6호선,고려대,7019,6379,13398
20211231,6호선,월곡,10214,9924,20138
20211231,6호선,상월곡,5619,4842,10461
20211231,경부선,신길,7758,6393,14151
20211231,6호선,삼각지,5315,4632,9947
20211231,일산선,원당,9771,9319,19090
20211231,6호선,효창공원앞,6117,5393,11510
20211231,6호선,대흥,6823,6961,13784
20211231,5호선,하남검단산,4977,4806,9783
20211231,6호선,응암,16013,15873,31886
20211231,6호선,역촌,3628,4022,7650
20211231,6호선,불광,4160,3977,8137
20211231,6호선,독바위,2461,2310,4771
20211231,6호선,구산,6866,5187,12053
20211231,6호선,새절,11450,10373,21823
20211231,6호선,증산,9139,8900,18039
20211231,6호선,디지털미디어시티,11209,12056,23265
20211231,6호선,월드컵경기장,3530,3826,7356
20211231,6호선,마포구청,12769,11297,24066
20211231,6호선,망원,13775,14832,28607
20211231,6호선,합정,12607,12009,24616
20211231,6호선,상수,8212,8917,17129
20211231,6호선,광흥창,7548,7375,14923
20211231,6호선,공덕,15869,15002,30871
20211231,경부선,진위,1610,1276,2886
20211231,경인선,제물포,9283,8979,18262
20211231,경인선,동암,13644,14439,28083
20211231,경원선,석계,7275,8149,15424
20211231,경원선,광운대,6769,6459,13228
20211231,경원선,월계,5765,5427,11192
20211231,경원선,녹천,4075,3305,7380
20211231,경원선,방학,8682,8524,17206
20211231,경원선,도봉,5337,5088,10425
20211231,경원선,도봉산,6208,4116,10324
20211231,경원선,망월사,6459,6575,13034
20211231,경원선,회룡,10806,10875,21681
20211231,경원선,의정부,18310,19303,37613
20211231,경원선,가능,5899,5670,11569
20211231,경원선,녹양,4064,3937,8001
20211231,경원선,양주,6869,6711,13580
20211231,경원선,덕계,2690,2365,5055
20211231,경원선,덕정,4978,4652,9630
20211231,경원선,신이문,7773,7094,14867
20211231,경원선,지행,6088,6158,12246
20211231,경원선,외대앞,6852,6517,13369
20211231,경원선,왕십리,13743,15185,28928
20211231,경부선,서정리,8287,5868,14155
20211231,경부선,평택지제,4046,3421,7467
20211231,경부선,평택,12984,12671,25655
20211231,경부선,성환,3317,2970,6287
20211231,경부선,직산,773,704,1477
20211231,경부선,두정,5043,4767,9810
20211231,경부선,천안,5354,5943,11297
20211231,경부선,당정,5053,4781,9834
20211231,경부선,서동탄,1115,1018,2133
20211231,경부선,광명,2897,3040,5937
20211231,경원선,이촌,3199,2531,5730
20211231,경원선,서빙고,1834,1744,3578
20211231,경원선,한남,3598,3342,6940
20211231,경원선,옥수,39,30,69
20211231,경원선,응봉,1510,1295,2805
20211231,경원선,청량리,15331,17470,32801
20211231,경인선,주안,17346,15636,32982
20211231,경원선,동두천중앙,2798,2879,5677
20211231,경원선,동두천,1869,2066,3935
20211231,경의선,야당,6714,6679,13393
20211231,경의선,운정,6185,5923,12108
20211231,경의선,금릉,4440,4279,8719
20211231,경의선,금촌,6216,6283,12499
20211231,경의선,월롱,2452,1656,4108
20211231,경의선,파주,1058,674,1732
20211231,경의선,문산,4732,4830,9562
20211231,경의선,임진강,7,5,12
20211231,경인선,개봉,19088,19211,38299
20211231,경인선,오류동,11017,10187,21204
20211231,경인선,역곡,24688,24374,49062
20211231,경인선,부천,31499,32363,63862
20211231,경인선,송내,23339,23495,46834
20211231,경인선,부평,29585,32797,62382
20211231,경인선,백운,6104,6126,12230
20211231,경의선,탄현,6713,6645,13358
20211231,경원선,보산,1512,1471,2983
20211231,경의선,일산,7796,8089,15885
20211231,경의선,백마,5701,5690,11391
20211231,경원선,소요산,2118,1845,3963
20211231,경의선,서울역,3321,4497,7818
20211231,경의선,신촌,736,867,1603
20211231,경의선,효창공원앞,2521,3030,5551
20211231,경의선,공덕,3185,2681,5866
20211231,경의선,서강대,1945,1835,3780
20211231,경의선,홍대입구,1629,1827,3456
20211231,경의선,가좌,4639,4421,9060
20211231,경의선,디지털미디어시티,2316,2124,4440
20211231,경의선,수색,2102,2121,4223
20211231,경의선,화전,1250,1048,2298
20211231,경의선,강매,2565,2265,4830
20211231,경의선,행신,6884,7061,13945
20211231,경의선,능곡,3350,2989,6339
20211231,경의선,곡산,481,495,976
20211231,경의선,풍산,4852,4723,9575
20211231,경부선,신도림,3484,3227,6711
20211231,5호선,충정로,3953,3810,7763
20211231,경부선,대방,11106,11070,22176
20211231,9호선,사평,3142,3072,6214
20211231,9호선,신논현,29473,28058,57531
20211231,9호선2~3단계,언주,8595,8242,16837
20211231,9호선2~3단계,선정릉,7239,7620,14859
20211231,9호선2~3단계,삼성중앙,5308,5423,10731
20211231,9호선2~3단계,봉은사,13774,13893,27667
20211231,9호선,고속터미널,11380,18452,29832
20211231,9호선2~3단계,종합운동장,3584,3548,7132
20211231,9호선2~3단계,석촌고분,5534,5349,10883
20211231,9호선2~3단계,석촌,7414,6447,13861
20211231,9호선2~3단계,송파나루,5099,5268,10367
20211231,9호선2~3단계,한성백제,2099,1841,3940
20211231,9호선2~3단계,올림픽공원,7233,7385,14618
20211231,9호선2~3단계,둔촌오륜,734,778,1512
20211231,9호선2~3단계,삼전,6300,5821,12121
20211231,9호선,신반포,2793,2661,5454
20211231,9호선,구반포,1279,1300,2579
20211231,9호선,동작,1600,1253,2853
20211231,9호선,마곡나루,9848,9500,19348
20211231,9호선,양천향교,8401,8104,16505
20211231,9호선,가양,18070,17105,35175
20211231,9호선,증미,6584,6382,12966
20211231,9호선,등촌,10485,10080,20565
20211231,9호선,염창,15093,14448,29541
20211231,9호선,신목동,3330,2921,6251
20211231,9호선,선유도,7272,6757,14029
20211231,9호선,당산,15894,15285,31179
20211231,9호선,국회의사당,12611,12669,25280
20211231,9호선,여의도,22564,20654,43218
20211231,9호선,샛강,4709,4732,9441
20211231,9호선,노량진,24999,22318,47317
20211231,9호선,노들,3927,3273,7200
20211231,9호선,흑석,7066,7056,14122
20211231,9호선2~3단계,중앙보훈병원,7979,7096,15075
20211231,경강선,판교,4154,4177,8331
20211231,경강선,이매,940,837,1777
20211231,경강선,삼동,2004,1890,3894
20211231,5호선,굽은다리,8960,8677,17637
20211231,5호선,길동,7595,7929,15524
20211231,5호선,강동,16234,14733,30967
20211231,5호선,천호,17990,17434,35424
20211231,5호선,광나루,11586,10704,22290
20211231,5호선,아차산,13241,12693,25934
20211231,5호선,군자,10554,11191,21745
20211231,5호선,장한평,17080,16709,33789
20211231,5호선,답십리,14625,13487,28112
20211231,5호선,마장,5392,4863,10255
20211231,5호선,왕십리,4356,5001,9357
20211231,5호선,행당,7150,6318,13468
20211231,5호선,신금호,5536,5739,11275
20211231,5호선,청구,3397,3178,6575
20211231,5호선,동대문역사문화공원,2372,2943,5315
20211231,5호선,명일,7443,7870,15313
20211231,9호선,신방화,6125,5937,12062
20211231,5호선,고덕,8164,8404,16568
20211231,5호선,둔촌동,7565,7776,15341
20211231,경강선,경기광주,6860,6649,13509
20211231,경강선,초월,2915,2704,5619
20211231,경강선,곤지암,2260,2099,4359
20211231,경강선,신둔도예촌,1286,1292,2578
20211231,경강선,이천,2863,3110,5973
20211231,5호선,하남시청,5690,5650,11340
20211231,5호선,하남풍산,3596,3773,7369
20211231,5호선,미사,14157,14009,28166
20211231,5호선,강일,3342,3110,6452
20211231,5호선,마천,5922,5890,11812
20211231,5호선,거여,8184,7559,15743
20211231,5호선,개롱,5476,5810,11286
20211231,5호선,오금,3074,3081,6155
20211231,5호선,방이,5946,6258,12204
20211231,5호선,올림픽공원,4021,3497,7518
20211231,5호선,상일동,13318,12272,25590
20211231,9호선,공항시장,2837,3079,5916
20211231,9호선,김포공항,7809,13928,21737
20211231,9호선,개화,2062,1501,3563
20211231,7호선,군자,13526,10540,24066
20211231,7호선,어린이대공원,11334,10696,22030
20211231,7호선,건대입구,12761,12612,25373
20211231,7호선,뚝섬유원지,6312,6145,12457
20211231,7호선,청담,15740,17537,33277
20211231,7호선,강남구청,13217,14276,27493
20211231,7호선,학동,18767,19442,38209
20211231,7호선,논현,16593,17867,34460
20211231,7호선,반포,5247,4959,10206
20211231,7호선,고속터미널,14742,13506,28248
20211231,7호선,내방,12379,12330,24709
20211231,7호선,이수,14250,13321,27571
20211231,7호선,남성,9778,8860,18638
20211231,7호선,숭실대입구,10071,9542,19613
20211231,7호선,상도,9493,8549,18042
20211231,7호선,중곡,9542,9237,18779
20211231,7호선,장승배기,8517,8213,16730
20211231,7호선,용마산,5432,5184,10616
20211231,7호선,면목,14124,14023,28147
20211231,6호선,석계,11189,11335,22524
20211231,6호선,화랑대,10069,7913,17982
20211231,6호선,봉화산,7783,7378,15161
20211231,7호선,장암,1860,863,2723
20211231,7호선,도봉산,7678,8790,16468
20211231,7호선,수락산,11311,11164,22475
20211231,7호선,마들,11673,10960,22633
20211231,7호선,노원,19500,20661,40161
20211231,7호선,중계,12308,10932,23240
20211231,7호선,하계,15838,14995,30833
20211231,7호선,공릉,10669,10249,20918
20211231,7호선,태릉입구,7628,7015,14643
20211231,7호선,먹골,9336,9213,18549
20211231,7호선,중화,9955,9641,19596
20211231,7호선,상봉,15902,14943,30845
20211231,7호선,사가정,14811,14924,29735
20211231,5호선,을지로4가,5318,5571,10889
20211231,7호선,신대방삼거리,15103,14000,29103
20211231,7호선,신풍,10269,9886,20155
20211231,8호선,몽촌토성,5266,5141,10407
20211231,8호선,잠실,15261,17791,33052
20211231,8호선,석촌,7487,8466,15953
20211231,8호선,송파,6978,7100,14078
20211231,8호선,가락시장,7236,7386,14622
20211231,8호선,문정,16176,16248,32424
20211231,8호선,장지,15123,14597,29720
20211231,8호선,복정,7829,6660,14489
20211231,8호선,산성,4646,4629,9275
20211231,8호선,남한산성입구,11880,10434,22314
20211231,8호선,단대오거리,9328,9142,18470
20211231,8호선,신흥,4272,4665,8937
20211231,8호선,수진,5038,4583,9621
20211231,8호선,모란,4263,3339,7602
20211231,8호선,남위례,3015,3348,6363
20211231,8호선,강동구청,9268,9545,18813
20211231,7호선,보라매,8456,8019,16475
20211231,8호선,천호,14059,16754,30813
20211231,7호선,부평구청,6289,5790,12079
20211231,7호선,대림,8294,8733,17027
20211231,7호선,남구로,13881,14400,28281
20211231,7호선,가산디지털단지,36036,34412,70448
20211231,7호선,철산,18981,19608,38589
20211231,7호선,광명사거리,21303,21166,42469
20211231,7호선,천왕,9986,9369,19355
20211231,7호선,온수,8781,7971,16752
20211231,7호선,까치울,6795,6562,13357
20211231,7호선,부천종합운동장,4178,3800,7978
20211231,7호선,춘의,8697,8499,17196
20211231,7호선,신중동,12975,12904,25879
20211231,7호선,부천시청,12184,12165,24349
20211231,7호선,상동,12249,13080,25329
20211231,7호선,삼산체육관,4625,4238,8863
20211231,7호선,굴포천,8551,9077,17628
20211231,8호선,암사,16604,14948,31552
20211231,경부선,영등포,40181,41751,81932
20211231,5호선,종로3가,11633,12009,23642
20211231,5호선,서대문,14920,15411,30331
20211231,2호선,문래,18491,18664,37155
20211231,2호선,신도림,42577,42095,84672
20211231,2호선,대림,21670,22468,44138
20211231,2호선,구로디지털단지,51946,50673,102619
20211231,2호선,신대방,24115,22895,47010
20211231,2호선,신림,59887,55833,115720
20211231,2호선,영등포구청,20306,20335,40641
20211231,2호선,봉천,21601,19076,40677
20211231,2호선,낙성대,25169,22021,47190
20211231,2호선,사당,30643,33622,64265
20211231,2호선,방배,12880,13394,26274
20211231,2호선,서초,17741,17523,35264
20211231,2호선,교대,27012,30013,57025
20211231,2호선,강남,72823,69903,142726
20211231,2호선,서울대입구,44615,39937,84552
20211231,2호선,당산,15749,18062,33811
20211231,2호선,합정,28581,29912,58493
20211231,2호선,홍대입구,55450,57298,112748
20211231,3호선,불광,14704,15645,30349
20211231,3호선,연신내,34131,32020,66151
20211231,3호선,구파발,18240,17442,35682
20211231,3호선,지축,3639,3619,7258
20211231,2호선,용두,2353,2235,4588
20211231,2호선,신정네거리,9208,9540,18748
20211231,2호선,양천구청,5684,6039,11723
20211231,2호선,도림천,1201,1219,2420
20211231,2호선,신설동,3158,3059,6217
20211231,2호선,신답,1483,1653,3136
20211231,2호선,용답,2520,2454,4974
20211231,2호선,충정로,8362,8565,16927
20211231,2호선,아현,9115,8937,18052
20211231,2호선,이대,11527,11555,23082
20211231,2호선,신촌,31593,31171,62764
20211231,2호선,역삼,39099,41667,80766
20211231,2호선,선릉,43555,38325,81880
20211231,2호선,삼성,43359,43405,86764
20211231,2호선,종합운동장,6775,7415,14190
20211231,1호선,신설동,12563,11566,24129
20211231,1호선,동대문,10213,9254,19467
20211231,1호선,종로5가,21139,20492,41631
20211231,1호선,종로3가,22394,21035,43429
20211231,1호선,종각,28696,27420,56116
20211231,1호선,시청,18819,18910,37729
20211231,1호선,동묘앞,7134,7192,14326
20211231,1호선,서울역,39146,43677,82823
20211231,경강선,부발,3161,2193,5354
20211231,경강선,세종대왕릉,306,321,627
20211231,경강선,여주,1856,2108,3964
20211231,경부선,서울역,6055,2928,8983
20211231,경부선,남영,7804,8111,15915
20211231,경부선,용산,35937,40806,76743
20211231,경부선,노량진,8471,8327,16798
20211231,1호선,제기동,15366,15304,30670
20211231,3호선,녹번,13758,12334,26092
20211231,1호선,청량리,18272,18562,36834
20211231,2호선,을지로입구,36999,37110,74109
20211231,2호선,잠실새내,19609,19645,39254
20211231,2호선,잠실,67434,68719,136153
20211231,2호선,잠실나루,12169,11434,23603
20211231,2호선,강변,28876,33075,61951
20211231,2호선,구의,21492,20634,42126
20211231,2호선,건대입구,34649,36505,71154
20211231,2호선,성수,31665,33613,65278
20211231,2호선,뚝섬,18287,19144,37431
20211231,2호선,한양대,5705,5435,11140
20211231,2호선,왕십리,14716,12206,26922
20211231,2호선,상왕십리,12680,11969,24649
20211231,2호선,신당,12774,13032,25806
20211231,2호선,동대문역사문화공원,11386,12729,24115
20211231,2호선,을지로4가,11892,11847,23739
20211231,2호선,을지로3가,19226,19446,38672
20211231,2호선,시청,19627,18407,38034
20211231,3호선,홍제,15375,14827,30202
20211231,3호선,무악재,3342,3323,6665
20211231,3호선,독립문,5936,6029,11965
20211231,5호선,개화산,4970,4679,9649
20211231,5호선,방화,6026,5713,11739
20211231,4호선,쌍문,27270,24922,52192
20211231,4호선,창동,23575,25175,48750
20211231,4호선,노원,18418,20653,39071
20211231,4호선,상계,17242,16309,33551
20211231,4호선,당고개,11448,10486,21934
20211231,4호선,남태령,1095,871,1966
20211231,4호선,사당,21902,18134,40036
20211231,4호선,총신대입구,16559,17983,34542
20211231,4호선,동작,933,1120,2053
20211231,4호선,이촌,6495,7204,13699
20211231,4호선,신용산,14355,15841,30196
20211231,4호선,삼각지,4248,4713,8961
20211231,4호선,숙대입구,11037,10740,21777
20211231,5호선,김포공항,7997,8260,16257
20211231,4호선,서울역,8446,16939,25385
20211231,5호선,송정,6114,5700,11814
20211231,5호선,발산,16422,17025,33447
20211231,5호선,애오개,6034,6324,12358
20211231,5호선,공덕,11429,12260,23689
20211231,5호선,마포,11927,12303,24230
20211231,5호선,여의나루,6067,7797,13864
20211231,5호선,여의도,23739,24227,47966
20211231,5호선,신길,3578,3631,7209
20211231,5호선,영등포시장,9001,9035,18036
20211231,5호선,영등포구청,3233,3247,6480
20211231,5호선,양평,6433,6055,12488
20211231,5호선,오목교,20401,21951,42352
20211231,5호선,목동,14964,15569,30533
20211231,5호선,신정,12418,9883,22301
20211231,5호선,까치산,26729,25564,52293
20211231,5호선,화곡,26359,23939,50298
20211231,5호선,우장산,12750,12627,25377
20211231,5호선,마곡,9003,8914,17917
20211231,5호선,광화문,24883,25965,50848
20211231,4호선,회현,24018,25160,49178
20211231,4호선,충무로,22434,22929,45363
20211231,3호선,양재,31853,32861,64714
20211231,3호선,남부터미널,25507,27835,53342
20211231,3호선,교대,11113,7027,18140
20211231,3호선,고속터미널,42987,53395,96382
20211231,3호선,잠원,4204,4027,8231
20211231,3호선,신사,28464,28921,57385
20211231,3호선,압구정,30462,31608,62070
20211231,3호선,옥수,7818,8116,15934
20211231,3호선,금호,7113,6733,13846
20211231,3호선,약수,11781,11236,23017
20211231,3호선,동대입구,6332,6670,13002
20211231,3호선,을지로3가,9551,9790,19341
20211231,3호선,종로3가,9670,11171,20841
20211231,3호선,안국,14289,15027,29316
20211231,3호선,경복궁,16306,15654,31960
20211231,3호선,매봉,10145,9670,19815
20211231,4호선,명동,20754,22617,43371
20211231,3호선,도곡,4227,4265,8492
20211231,3호선,학여울,1339,1366,2705
20211231,4호선,동대문역사문화공원,14481,12864,27345
20211231,4호선,동대문,15967,16170,32137
20211231,4호선,혜화,30211,29590,59801
20211231,4호선,한성대입구,11983,11446,23429
20211231,4호선,성신여대입구,18845,17859,36704
20211231,4호선,길음,18005,17131,35136
20211231,4호선,미아사거리,26652,25903,52555
20211231,4호선,미아,13586,13175,26761
20211231,4호선,수유,32077,31996,64073
20211231,3호선,오금,5121,4652,9773
20211231,3호선,경찰병원,6180,5939,12119
20211231,3호선,가락시장,7676,7509,15185
20211231,3호선,수서,15597,16306,31903
20211231,3호선,일원,8764,8215,16979
20211231,3호선,대청,8775,7994,16769
20211231,3호선,대치,9590,9726,19316
20211231,6호선,태릉입구,4954,5290,10244
