사용일자,호선명,지하철역,승차총승객수,하차총승객수,승하차총승객수
20210401,3호선,동대입구,8395,9328,17723
20210401,경의선,야당,6934,6800,13734
20210401,경의선,탄현,7870,7489,15359
20210401,경의선,일산,9651,9591,19242
20210401,경의선,풍산,5801,5361,11162
20210401,경의선,백마,7117,6745,13862
20210401,경의선,곡산,687,675,1362
20210401,경의선,운정,6668,6380,13048
20210401,경의선,능곡,3882,3509,7391
20210401,경의선,강매,3320,2893,6213
20210401,경의선,화전,2187,2020,4207
20210401,경의선,수색,2797,2975,5772
20210401,경의선,디지털미디어시티,2574,2415,4989
20210401,경의선,가좌,5548,5146,10694
20210401,경의선,홍대입구,1637,1772,3409
20210401,경의선,행신,7807,7763,15570
20210401,경의선,금릉,4569,4613,9182
20210401,경의선,금촌,6676,6759,13435
20210401,경의선,월롱,2871,2574,5445
20210401,5호선,명일,8874,8965,17839
20210401,5호선,굽은다리,9336,8917,18253
20210401,5호선,길동,8105,8376,16481
20210401,경인선,동암,15515,15615,31130
20210401,경인선,백운,7425,7314,14739
20210401,경인선,부평,29786,31553,61339
20210401,경인선,송내,28471,28669,57140
20210401,경인선,부천,32973,33006,65979
20210401,경인선,역곡,29619,29296,58915
20210401,경인선,오류동,12384,11475,23859
20210401,경인선,개봉,21770,22162,43932
20210401,경의선,계양,1,0,1
20210401,경의선,임진강,21,28,49
20210401,경의선,문산,5114,5044,10158
20210401,경의선,파주,1612,1184,2796
20210401,경의선,서강대,2008,1962,3970
20210401,경의선,공덕,3518,3126,6644
20210401,경의선,효창공원앞,2921,3393,6314
20210401,경의선,신촌,848,1058,1906
20210401,경원선,광운대,9079,8804,17883
20210401,경원선,석계,8149,9333,17482
20210401,경원선,신이문,8640,8008,16648
20210401,경원선,외대앞,7305,7263,14568
20210401,경원선,청량리,13865,15012,28877
20210401,경원선,왕십리,13444,15307,28751
20210401,경원선,응봉,2164,2052,4216
20210401,경원선,옥수,60,39,99
20210401,경원선,한남,4139,3887,8026
20210401,경원선,서빙고,1954,1771,3725
20210401,경원선,이촌,3988,2952,6940
20210401,경부선,광명,3015,2618,5633
20210401,경부선,서동탄,1519,1347,2866
20210401,경부선,당정,6507,6285,12792
20210401,경부선,천안,4942,4945,9887
20210401,경원선,월계,7172,6632,13804
20210401,5호선,고덕,9465,9366,18831
20210401,경원선,녹천,4841,4131,8972
20210401,경원선,도봉,6199,5934,12133
20210401,경의선,서울역,4182,5461,9643
20210401,경원선,소요산,3220,2850,6070
20210401,경원선,동두천,2238,2564,4802
20210401,경원선,보산,1517,1373,2890
20210401,경원선,동두천중앙,3081,2993,6074
20210401,경원선,지행,6350,6507,12857
20210401,경원선,덕정,6018,5926,11944
20210401,경원선,덕계,2896,2628,5524
20210401,경원선,양주,7906,7279,15185
20210401,경원선,녹양,4547,4349,8896
20210401,경원선,가능,6555,6409,12964
20210401,경원선,의정부,17729,18096,35825
20210401,경원선,회룡,12906,12854,25760
20210401,경원선,망월사,7945,8095,16040
20210401,경원선,도봉산,8527,5442,13969
20210401,경원선,방학,9659,9482,19141
20210401,경부선,두정,5779,5801,11580
20210401,3호선,신사,29610,30965,60575
20210401,3호선,고속터미널,37060,35823,72883
20210401,5호선,양평,7772,7770,15542
20210401,5호선,오목교,23004,25025,48029
20210401,5호선,목동,17493,19091,36584
20210401,5호선,신정,14605,11493,26098
20210401,5호선,까치산,29632,28668,58300
20210401,5호선,화곡,29126,27225,56351
20210401,5호선,영등포구청,4164,4189,8353
20210401,5호선,우장산,14862,14653,29515
20210401,5호선,마곡,10285,10257,20542
20210401,5호선,송정,7002,6499,13501
20210401,5호선,김포공항,6895,6887,13782
20210401,5호선,개화산,5444,5209,10653
20210401,5호선,방화,6916,6574,13490
20210401,4호선,쌍문,29798,27671,57469
20210401,5호선,발산,19871,20390,40261
20210401,5호선,영등포시장,9945,10343,20288
20210401,5호선,신길,4197,4513,8710
20210401,5호선,여의도,30178,32274,62452
20210401,5호선,강일,3000,3260,6260
20210401,5호선,마천,6251,6194,12445
20210401,5호선,거여,8413,7936,16349
20210401,5호선,개롱,6475,6779,13254
20210401,5호선,오금,3918,3870,7788
20210401,5호선,방이,6817,7096,13913
20210401,5호선,올림픽공원,4431,3994,8425
20210401,5호선,둔촌동,8570,8478,17048
20210401,5호선,상일동,16484,14620,31104
20210401,5호선,서대문,19139,19672,38811
20210401,5호선,충정로,5181,5312,10493
20210401,5호선,애오개,7102,7166,14268
20210401,5호선,공덕,15544,16384,31928
20210401,5호선,마포,14979,15178,30157
20210401,5호선,여의나루,18763,19779,38542
20210401,4호선,창동,26135,27656,53791
20210401,4호선,노원,18671,20926,39597
20210401,4호선,상계,19187,17606,36793
20210401,4호선,당고개,13101,11912,25013
20210401,4호선,미아,15537,14927,30464
20210401,4호선,수유,34033,34223,68256
20210401,3호선,오금,6289,5730,12019
20210401,3호선,경찰병원,7481,7435,14916
20210401,3호선,가락시장,9249,9124,18373
20210401,3호선,수서,16712,16946,33658
20210401,3호선,일원,10137,10008,20145
20210401,3호선,대청,10107,9232,19339
20210401,3호선,학여울,2773,2964,5737
20210401,3호선,대치,10727,10755,21482
20210401,3호선,도곡,5737,6074,11811
20210401,3호선,매봉,13136,12715,25851
20210401,3호선,양재,39944,43161,83105
20210401,3호선,남부터미널,28720,29356,58076
20210401,3호선,교대,14450,9387,23837
20210401,4호선,미아사거리,28077,27170,55247
20210401,3호선,잠원,4980,4903,9883
20210401,4호선,길음,20878,20444,41322
20210401,4호선,한성대입구,14202,13648,27850
20210401,4호선,남태령,1257,1171,2428
20210401,4호선,사당,24331,20229,44560
20210401,4호선,총신대입구,18874,20509,39383
20210401,4호선,동작,3228,3512,6740
20210401,4호선,이촌,7675,8672,16347
20210401,4호선,신용산,15469,16326,31795
20210401,4호선,삼각지,5124,5608,10732
20210401,4호선,숙대입구,13353,12962,26315
20210401,4호선,서울역,11173,14866,26039
20210401,4호선,회현,24348,25865,50213
20210401,4호선,명동,17299,17842,35141
20210401,4호선,충무로,27423,28238,55661
20210401,4호선,동대문역사문화공원,14619,13697,28316
20210401,4호선,동대문,20550,20874,41424
20210401,4호선,혜화,31315,31402,62717
20210401,4호선,성신여대입구,20254,19089,39343
20210401,경부선,성환,4447,4312,8759
20210401,경부선,평택,11528,11161,22689
20210401,5호선,강동,18554,17825,36379
20210401,2호선,건대입구,34033,35589,69622
20210401,2호선,구의,23498,23121,46619
20210401,2호선,강변,29372,28528,57900
20210401,2호선,잠실나루,15062,14656,29718
20210401,2호선,잠실,65893,65267,131160
20210401,2호선,잠실새내,20420,20258,40678
20210401,2호선,성수,35692,38879,74571
20210401,2호선,종합운동장,7331,7616,14947
20210401,2호선,선릉,55920,50233,106153
20210401,2호선,역삼,49792,55407,105199
20210401,2호선,강남,82104,80714,162818
20210401,2호선,교대,34310,38730,73040
20210401,2호선,서초,21424,21159,42583
20210401,2호선,방배,18587,19627,38214
20210401,2호선,삼성,49509,50812,100321
20210401,2호선,뚝섬,24061,25324,49385
20210401,2호선,한양대,8432,9069,17501
20210401,8호선,복정,12008,10106,22114
20210401,9호선,증미,7592,7547,15139
20210401,9호선,가양,20627,20107,40734
20210401,9호선,양천향교,9855,10018,19873
20210401,9호선,마곡나루,11506,11537,23043
20210401,9호선,신방화,6973,6614,13587
20210401,9호선,공항시장,2816,3062,5878
20210401,9호선,김포공항,7136,11505,18641
20210401,9호선,개화,2693,1872,4565
20210401,8호선,모란,4164,3188,7352
20210401,8호선,수진,5003,4576,9579
20210401,8호선,신흥,4409,4755,9164
20210401,8호선,단대오거리,10544,10070,20614
20210401,8호선,남한산성입구,13861,12746,26607
20210401,1호선,청량리,20302,20027,40329
20210401,8호선,산성,6829,6771,13600
20210401,2호선,사당,36371,39769,76140
20210401,2호선,낙성대,27648,26751,54399
20210401,2호선,서울대입구,47131,45992,93123
20210401,2호선,봉천,24432,22573,47005
20210401,2호선,용두,2307,2473,4780
20210401,3호선,지축,4088,3893,7981
20210401,3호선,구파발,20763,19605,40368
20210401,3호선,연신내,37593,35361,72954
20210401,3호선,불광,16497,17617,34114
20210401,3호선,녹번,15076,13627,28703
20210401,3호선,홍제,17906,16942,34848
20210401,3호선,무악재,3976,4029,8005
20210401,3호선,독립문,7391,7609,15000
20210401,7호선,먹골,9997,9772,19769
20210401,3호선,경복궁,19936,19827,39763
20210401,3호선,안국,19972,21500,41472
20210401,3호선,종로3가,9829,11498,21327
20210401,3호선,을지로3가,10266,10795,21061
20210401,3호선,충무로,1,0,1
20210401,2호선,신정네거리,10479,10699,21178
20210401,9호선,등촌,11438,11120,22558
20210401,2호선,양천구청,6954,7271,14225
20210401,2호선,신설동,3197,3273,6470
20210401,2호선,신림,62308,60029,122337
20210401,2호선,신대방,26753,26128,52881
20210401,2호선,구로디지털단지,62882,63151,126033
20210401,2호선,대림,24897,25088,49985
20210401,2호선,신도림,48999,48114,97113
20210401,2호선,문래,21627,22110,43737
20210401,2호선,영등포구청,23615,23915,47530
20210401,2호선,당산,19896,23136,43032
20210401,2호선,합정,30140,31757,61897
20210401,2호선,홍대입구,48622,50877,99499
20210401,2호선,신촌,31224,32471,63695
20210401,2호선,이대,11639,12052,23691
20210401,2호선,아현,10947,10419,21366
20210401,2호선,충정로,10271,10886,21157
20210401,2호선,신답,1594,1799,3393
20210401,2호선,도림천,1592,1687,3279
20210401,9호선,염창,17386,17084,34470
20210401,9호선,신목동,4286,3900,8186
20210401,9호선,선유도,8299,8206,16505
20210401,경부선,금정,26962,27495,54457
20210401,경부선,명학,9163,9075,18238
20210401,경부선,안양,24968,24817,49785
20210401,경부선,관악,7516,6920,14436
20210401,경부선,석수,10246,9189,19435
20210401,경부선,금천구청,12401,12449,24850
20210401,경부선,가산디지털단지,18464,21614,40078
20210401,경부선,구로,18889,19371,38260
20210401,경부선,신길,9911,8243,18154
20210401,경부선,신도림,4306,4127,8433
20210401,경부선,영등포,35976,36983,72959
20210401,경부선,대방,13640,13856,27496
20210401,경부선,노량진,8463,8597,17060
20210401,경부선,용산,29837,30294,60131
20210401,경부선,남영,9780,10324,20104
20210401,경부선,군포,7845,7677,15522
20210401,경부선,서울역,4498,1525,6023
20210401,경부선,의왕,9068,9093,18161
20210401,경부선,화서,7726,7565,15291
20210401,3호선,압구정,30607,32666,63273
20210401,3호선,옥수,9451,9834,19285
20210401,3호선,금호,8263,7861,16124
20210401,3호선,약수,13026,12698,25724
20210401,경부선,지제,2747,2648,5395
20210401,경부선,서정리,6626,6229,12855
20210401,경부선,송탄,4153,3791,7944
20210401,경부선,진위,1584,1406,2990
20210401,경부선,오산,9545,9306,18851
20210401,경부선,오산대,3740,3397,7137
20210401,경부선,세마,2632,2456,5088
20210401,경부선,병점,13795,13892,27687
20210401,경부선,세류,2888,2747,5635
20210401,경부선,독산,16888,18030,34918
20210401,경부선,수원,33456,35054,68510
20210401,경부선,성균관대,15190,14940,30130
20210401,5호선,미사,14852,14414,29266
20210401,경강선,여주,1871,1819,3690
20210401,경강선,부발,1615,1610,3225
20210401,9호선2~3단계,선정릉,9675,10452,20127
20210401,9호선2~3단계,언주,9826,10096,19922
20210401,9호선,신논현,30814,30439,61253
20210401,9호선,사평,3306,3174,6480
20210401,9호선,고속터미널,11594,14322,25916
20210401,9호선,신반포,3348,3364,6712
20210401,9호선,구반포,2777,2760,5537
20210401,9호선,동작,2041,1773,3814
20210401,9호선,흑석,8004,8247,16251
20210401,9호선,노들,4535,3857,8392
20210401,9호선,노량진,25802,25371,51173
20210401,9호선,샛강,6152,6516,12668
20210401,9호선,여의도,28307,27539,55846
20210401,9호선,국회의사당,16242,16646,32888
20210401,9호선,당산,18169,18312,36481
20210401,9호선2~3단계,삼성중앙,6828,7040,13868
20210401,경강선,세종대왕릉,306,311,617
20210401,9호선2~3단계,봉은사,15015,15309,30324
20210401,9호선2~3단계,삼전,6449,6109,12558
20210401,경강선,이천,2354,2443,4797
20210401,경강선,신둔도예촌,1471,1278,2749
20210401,경강선,곤지암,2067,2063,4130
20210401,경강선,초월,3015,2874,5889
20210401,경강선,경기광주,6968,6691,13659
20210401,경강선,삼동,2385,2157,4542
20210401,경강선,이매,1190,1029,2219
20210401,경강선,판교,4260,4217,8477
20210401,9호선2~3단계,중앙보훈병원,10042,8822,18864
20210401,9호선2~3단계,둔촌오륜,1217,1013,2230
20210401,9호선2~3단계,올림픽공원,5929,6006,11935
20210401,9호선2~3단계,한성백제,2591,2356,4947
20210401,9호선2~3단계,송파나루,4581,4921,9502
20210401,9호선2~3단계,석촌,8142,7124,15266
20210401,9호선2~3단계,석촌고분,5895,5790,11685
20210401,9호선2~3단계,종합운동장,4107,4127,8234
20210401,5호선,하남풍산,3933,3894,7827
20210401,경부선,직산,707,692,1399
20210401,5호선,하남검단산,5189,5210,10399
20210401,분당선,오리,12078,10191,22269
20210401,분당선,미금,15187,16109,31296
20210401,분당선,정자,17162,18376,35538
20210401,분당선,수내,13016,13309,26325
20210401,분당선,서현,23920,24393,48313
20210401,분당선,야탑,25436,26310,51746
20210401,분당선,이매,5685,5162,10847
20210401,분당선,모란,19510,19499,39009
20210401,분당선,가천대,8740,9773,18513
20210401,분당선,선정릉,8054,8776,16830
20210401,분당선,강남구청,9963,11231,21194
20210401,분당선,압구정로데오,18135,19987,38122
20210401,분당선,서울숲,13933,15400,29333
20210401,분당선,수원,8109,6806,14915
20210401,분당선,태평,13405,13004,26409
20210401,분당선,보정,2556,2284,4840
20210401,분당선,죽전,13387,14617,28004
20210401,분당선,구성,5121,5240,10361
20210401,수인선,달월,95,84,179
20210401,수인선,사리,4159,3751,7910
20210401,수인선,야목,285,214,499
20210401,수인선,어천,692,690,1382
20210401,수인선,오목천,2910,2676,5586
20210401,수인선,고색,3696,3570,7266
20210401,분당선,매교,3045,3117,6162
20210401,분당선,수원시청,12002,12861,24863
20210401,분당선,매탄권선,4953,4769,9722
20210401,분당선,망포,13880,13197,27077
20210401,분당선,영통,8218,8378,16596
20210401,분당선,청명,4224,4006,8230
20210401,분당선,상갈,5424,5225,10649
20210401,분당선,기흥,9429,9063,18492
20210401,분당선,신갈,4621,4596,9217
20210401,분당선,수서,13123,13451,26574
20210401,분당선,대모산입구,3542,3288,6830
20210401,분당선,개포동,3854,3960,7814
20210401,분당선,구룡,1937,1960,3897
20210401,공항철도 1호선,김포공항,10876,6801,17677
20210401,공항철도 1호선,마곡나루,8428,8174,16602
20210401,공항철도 1호선,디지털미디어시티,14736,13105,27841
20210401,공항철도 1호선,홍대입구,8974,8905,17879
20210401,공항철도 1호선,공덕,2168,2782,4950
20210401,공항철도 1호선,서울역,6705,6216,12921
20210401,경춘선,춘천,1434,1223,2657
20210401,경춘선,남춘천,2241,2097,4338
20210401,경춘선,김유정,298,319,617
20210401,경춘선,강촌,437,424,861
20210401,경춘선,백양리,85,87,172
20210401,경춘선,굴봉산,142,128,270
20210401,경춘선,가평,1344,1450,2794
20210401,경춘선,상천,336,320,656
20210401,경춘선,청평,1455,1519,2974
20210401,공항철도 1호선,계양,9514,8590,18104
20210401,수인선,소래포구,5603,5290,10893
20210401,공항철도 1호선,검암,7228,7073,14301
20210401,공항철도 1호선,운서,6049,6072,12121
20210401,분당선,도곡,7242,7028,14270
20210401,분당선,한티,13527,14420,27947
20210401,분당선,선릉,13645,20147,33792
20210401,과천선,범계,25549,25223,50772
20210401,과천선,평촌,18400,17981,36381
20210401,과천선,인덕원,24463,25033,49496
20210401,과천선,정부과천청사,10103,10015,20118
20210401,과천선,과천,5685,5293,10978
20210401,과천선,대공원,5569,5763,11332
20210401,과천선,경마공원,1478,1448,2926
20210401,과천선,선바위,8874,7786,16660
20210401,공항철도 1호선,영종,2860,2965,5825
20210401,공항철도 1호선,인천공항2터미널,1889,1785,3674
20210401,공항철도 1호선,인천공항1터미널,3100,3333,6433
20210401,공항철도 1호선,공항화물청사,2350,2572,4922
20210401,공항철도 1호선,청라국제도시,6651,6225,12876
20210401,수인선,인천논현,5619,6051,11670
20210401,수인선,호구포,3866,4193,8059
20210401,수인선,남동인더스파크,2295,2656,4951
20210401,중앙선,망우,7669,7467,15136
20210401,중앙선,상봉,5880,6058,11938
20210401,중앙선,중랑,5602,5306,10908
20210401,중앙선,회기,25149,24425,49574
20210401,장항선,신창,1617,1469,3086
20210401,장항선,온양온천,3151,3174,6325
20210401,장항선,배방,942,910,1852
20210401,장항선,아산,2672,2416,5088
20210401,장항선,쌍용,2177,1978,4155
20210401,장항선,봉명,1224,1147,2371
20210401,일산선,대화,13110,10389,23499
20210401,일산선,주엽,8874,8926,17800
20210401,일산선,정발산,7516,7693,15209
20210401,일산선,마두,7551,7824,15375
20210401,일산선,백석,10029,9889,19918
20210401,중앙선,양원,1972,1940,3912
20210401,일산선,대곡,1977,1501,3478
20210401,중앙선,구리,13507,13646,27153
20210401,중앙선,양정,851,751,1602
20210401,5호선,하남시청,4890,4975,9865
20210401,2호선,시청,24312,23538,47850
20210401,2호선,을지로입구,37818,39073,76891
20210401,2호선,을지로3가,21370,21065,42435
20210401,2호선,을지로4가,12908,12727,25635
20210401,2호선,동대문역사문화공원,11830,13122,24952
20210401,2호선,신당,13765,14214,27979
20210401,2호선,상왕십리,14190,13783,27973
20210401,2호선,왕십리,16263,12913,29176
20210401,중앙선,신원,265,244,509
20210401,중앙선,양수,1990,1990,3980
20210401,중앙선,운길산,1071,1010,2081
20210401,중앙선,팔당,974,972,1946
20210401,중앙선,도심,2612,2019,4631
20210401,중앙선,덕소,5817,5704,11521
20210401,중앙선,도농,10189,9346,19535
20210401,경춘선,대성리,676,631,1307
20210401,일산선,화정,17175,17782,34957
20210401,일산선,삼송,18462,18022,36484
20210401,안산선,초지,5266,5773,11039
20210401,안산선,고잔,8822,8640,17462
20210401,안산선,중앙,17730,18325,36055
20210401,안산선,한대앞,9023,9062,18085
20210401,안산선,상록수,16485,16582,33067
20210401,안산선,반월,4517,4297,8814
20210401,안산선,대야미,5217,4684,9901
20210401,안산선,산본,16441,17328,33769
20210401,수인선,인천,1021,1726,2747
20210401,수인선,신포,1909,1890,3799
20210401,수인선,숭의,4062,3832,7894
20210401,수인선,인하대,6212,5809,12021
20210401,수인선,송도,2639,2478,5117
20210401,수인선,연수,4492,4378,8870
20210401,수인선,원인재,4646,4770,9416
20210401,안산선,안산,11484,10427,21911
20210401,일산선,원당,11490,10999,22489
20210401,안산선,신길온천,1714,1613,3327
20210401,안산선,오이도,8629,8416,17045
20210401,일산선,원흥,10097,9615,19712
20210401,우이신설선,신설동,2166,2117,4283
20210401,우이신설선,보문,1480,1461,2941
20210401,우이신설선,성신여대입구,3103,3466,6569
20210401,우이신설선,정릉,4586,4202,8788
20210401,우이신설선,북한산보국문,5999,5717,11716
20210401,우이신설선,솔샘,5670,5332,11002
20210401,우이신설선,삼양사거리,2300,2348,4648
20210401,우이신설선,삼양,2031,2196,4227
20210401,우이신설선,화계,3278,3115,6393
20210401,우이신설선,가오리,4007,3943,7950
20210401,우이신설선,4.19민주묘지,3107,2986,6093
20210401,우이신설선,솔밭공원,2474,2338,4812
20210401,우이신설선,북한산우이,2788,2621,5409
20210401,안산선,수리산,4373,3604,7977
20210401,안산선,정왕,9882,10206,20088
20210401,경춘선,마석,4018,3976,7994
20210401,수인선,월곶,2647,2446,5093
20210401,6호선,역촌,3753,4330,8083
20210401,7호선,어린이대공원,14357,14720,29077
20210401,7호선,군자,14853,11787,26640
20210401,7호선,중곡,10071,9210,19281
20210401,7호선,용마산,6319,6156,12475
20210401,7호선,사가정,16886,16681,33567
20210401,7호선,면목,15764,15332,31096
20210401,7호선,상봉,17352,15970,33322
20210401,7호선,중화,11083,10906,21989
20210401,7호선,태릉입구,8466,8116,16582
20210401,7호선,공릉,12234,12237,24471
20210401,7호선,하계,17914,16850,34764
20210401,7호선,중계,14687,13310,27997
20210401,7호선,노원,18931,20302,39233
20210401,7호선,마들,12677,11937,24614
20210401,7호선,도봉산,9370,11044,20414
20210401,7호선,건대입구,11998,12571,24569
20210401,7호선,장암,2337,1007,3344
20210401,7호선,뚝섬유원지,11685,11390,23075
20210401,7호선,강남구청,16711,18299,35010
20210401,5호선,행당,8538,7530,16068
20210401,5호선,신금호,6525,6712,13237
20210401,5호선,청구,4084,3777,7861
20210401,5호선,동대문역사문화공원,2791,3297,6088
20210401,5호선,을지로4가,6357,6563,12920
20210401,5호선,종로3가,12174,12045,24219
20210401,5호선,광화문,31400,32737,64137
20210401,7호선,숭실대입구,12932,13098,26030
20210401,7호선,남성,11552,10681,22233
20210401,7호선,이수,15432,14897,30329
20210401,7호선,내방,14390,14694,29084
20210401,7호선,고속터미널,14629,12845,27474
20210401,7호선,반포,5803,5686,11489
20210401,7호선,논현,20633,22320,42953
20210401,7호선,학동,24591,26526,51117
20210401,7호선,청담,19438,21995,41433
20210401,5호선,왕십리,4696,5148,9844
20210401,6호선,봉화산,9089,8434,17523
20210401,6호선,태릉입구,5395,6163,11558
20210401,6호선,대흥,7875,8262,16137
20210401,6호선,광흥창,8959,8618,17577
20210401,6호선,상수,7499,8273,15772
20210401,6호선,합정,12890,12736,25626
20210401,6호선,망원,14155,15223,29378
20210401,6호선,마포구청,14345,12900,27245
20210401,6호선,월드컵경기장,5084,5134,10218
20210401,6호선,디지털미디어시티,14226,15455,29681
20210401,6호선,증산,10610,10613,21223
20210401,6호선,새절,13762,13049,26811
20210401,6호선,구산,7774,5781,13555
20210401,6호선,독바위,2809,3039,5848
20210401,6호선,불광,4522,4595,9117
20210401,경춘선,천마산,1738,1567,3305
20210401,6호선,응암,18569,18458,37027
20210401,6호선,공덕,19374,18567,37941
20210401,6호선,화랑대,11675,9030,20705
20210401,6호선,효창공원앞,7003,6409,13412
20210401,6호선,녹사평,4959,4800,9759
20210401,6호선,석계,12289,12706,24995
20210401,6호선,돌곶이,9363,8763,18126
20210401,6호선,상월곡,6359,5592,11951
20210401,6호선,월곡,11440,11354,22794
20210401,6호선,고려대,8193,7813,16006
20210401,6호선,안암,10449,10423,20872
20210401,6호선,보문,7181,6749,13930
20210401,6호선,창신,3705,2996,6701
20210401,6호선,동묘앞,7990,8151,16141
20210401,6호선,신당,7853,8623,16476
20210401,6호선,청구,3915,4133,8048
20210401,6호선,약수,3484,3481,6965
20210401,6호선,버티고개,2283,2224,4507
20210401,6호선,한강진,7736,8954,16690
20210401,6호선,이태원,8989,9443,18432
20210401,6호선,삼각지,6271,5411,11682
20210401,5호선,마장,5650,5173,10823
20210401,7호선,수락산,12900,12782,25682
20210401,경춘선,금곡,1678,1570,3248
20210401,1호선,제기동,17600,18110,35710
20210401,1호선,동대문,11071,10368,21439
20210401,1호선,종로5가,22426,22446,44872
20210401,1호선,종로3가,25724,23189,48913
20210401,1호선,종각,34502,33300,67802
20210401,중앙선,지평,81,83,164
20210401,중앙선,용문,1755,1819,3574
20210401,중앙선,원덕,427,421,848
20210401,중앙선,양평,2607,2700,5307
20210401,중앙선,오빈,309,316,625
20210401,중앙선,아신,525,564,1089
20210401,중앙선,국수,778,776,1554
20210401,1호선,시청,21816,22115,43931
20210401,1호선,동묘앞,8727,9137,17864
20210401,1호선,서울역,41201,38888,80089
20210401,경인선,주안,19221,17366,36587
20210401,8호선,장지,17468,16698,34166
20210401,경인선,제물포,10812,10394,21206
20210401,경인선,인천,3744,2893,6637
20210401,경춘선,평내호평,6533,6425,12958
20210401,5호선,답십리,16410,15065,31475
20210401,경춘선,사릉,3509,3432,6941
20210401,경춘선,퇴계원,3757,3463,7220
20210401,경춘선,별내,2955,2818,5773
20210401,경춘선,갈매,3201,2748,5949
20210401,경춘선,신내,1720,1718,3438
20210401,경인선,도화,4261,3966,8227
20210401,경인선,중동,9300,8908,18208
20210401,경인선,온수,7013,6950,13963
20210401,경인선,도원,3361,3441,6802
20210401,경인선,간석,6097,5779,11876
20210401,경인선,부개,8773,8318,17091
20210401,경인선,소사,9647,9026,18673
20210401,경인선,구일,7273,7397,14670
20210401,경인선,동인천,14327,13603,27930
20210401,8호선,문정,22195,23511,45706
20210401,1호선,신설동,14174,13873,28047
20210401,8호선,송파,7943,7815,15758
20210401,7호선,철산,21859,22191,44050
20210401,7호선,가산디지털단지,47745,48594,96339
20210401,7호선,남구로,16040,17261,33301
20210401,7호선,대림,7540,7479,15019
20210401,7호선,신풍,11837,11293,23130
20210401,7호선,보라매,10045,10085,20130
20210401,7호선,신대방삼거리,16411,15857,32268
20210401,7호선,장승배기,9832,9488,19320
20210401,7호선,상도,10704,10362,21066
20210401,2호선,용답,2815,2861,5676
20210401,5호선,천호,17892,17591,35483
20210401,5호선,광나루,13417,12186,25603
20210401,5호선,아차산,15559,15418,30977
20210401,8호선,가락시장,7793,8619,16412
20210401,5호선,장한평,18723,18912,37635
20210401,7호선,광명사거리,22331,21898,44229
20210401,7호선,천왕,11582,11046,22628
20210401,5호선,군자,11313,12396,23709
20210401,7호선,까치울,8021,7585,15606
20210401,7호선,온수,11351,10363,21714
20210401,8호선,잠실,13362,15579,28941
20210401,8호선,몽촌토성,6318,6374,12692
20210401,8호선,강동구청,10725,10997,21722
20210401,8호선,천호,14948,17062,32010
20210401,8호선,암사,19155,16987,36142
20210401,7호선,부평구청,12058,9986,22044
20210401,8호선,석촌,7579,8968,16547
20210401,7호선,삼산체육관,5426,4927,10353
20210401,7호선,상동,12344,12941,25285
20210401,7호선,부천시청,12611,12356,24967
20210401,7호선,신중동,14301,14237,28538
20210401,7호선,춘의,9803,9678,19481
20210401,7호선,부천종합운동장,5126,4578,9704
20210401,7호선,굴포천,8662,9258,17920
20210402,5호선,마천,6526,6397,12923
20210402,5호선,거여,8433,7883,16316
20210402,5호선,개롱,6634,6934,13568
20210402,5호선,오금,3999,3905,7904
20210402,5호선,방이,6925,7147,14072
20210402,5호선,올림픽공원,4574,4133,8707
20210402,5호선,고덕,9523,9522,19045
20210402,5호선,상일동,16682,14713,31395
20210402,5호선,명일,9215,9510,18725
20210402,5호선,굽은다리,9658,9017,18675
20210402,5호선,길동,8339,8604,16943
20210402,5호선,강동,19254,18124,37378
20210402,5호선,강일,2982,3248,6230
20210402,5호선,천호,18887,18943,37830
20210402,5호선,둔촌동,9002,8945,17947
20210402,5호선,미사,15185,15008,30193
20210402,6호선,구산,7857,5693,13550
20210402,5호선,하남시청,5082,4967,10049
20210402,5호선,광나루,13888,12639,26527
20210402,6호선,광흥창,9235,8845,18080
20210402,6호선,상수,8238,9620,17858
20210402,6호선,합정,13976,13717,27693
20210402,6호선,망원,14715,16142,30857
20210402,6호선,마포구청,14648,13097,27745
20210402,6호선,월드컵경기장,5046,5103,10149
20210402,6호선,디지털미디어시티,14254,15339,29593
20210402,6호선,증산,10716,10669,21385
20210402,6호선,새절,13964,13411,27375
20210402,6호선,독바위,2892,3046,5938
20210402,6호선,불광,4577,4508,9085
20210402,6호선,역촌,3720,4357,8077
20210402,6호선,응암,18905,19094,37999
20210402,5호선,하남검단산,5256,5104,10360
20210402,5호선,하남풍산,4066,3992,8058
20210402,5호선,아차산,16262,16046,32308
20210402,4호선,쌍문,30543,27975,58518
20210402,5호선,장한평,19125,18938,38063
20210402,5호선,영등포구청,4215,4186,8401
20210402,5호선,양평,8003,7909,15912
20210402,5호선,오목교,23946,26396,50342
20210402,5호선,목동,17908,19471,37379
20210402,5호선,신정,14784,11513,26297
20210402,5호선,까치산,30050,28897,58947
20210402,5호선,화곡,29727,27670,57397
20210402,5호선,우장산,15369,15030,30399
20210402,5호선,발산,19730,20341,40071
20210402,5호선,마곡,10255,9963,20218
20210402,5호선,송정,7134,6718,13852
20210402,5호선,김포공항,7765,7477,15242
20210402,5호선,개화산,5670,5446,11116
20210402,5호선,방화,7037,6658,13695
20210402,6호선,대흥,8173,8362,16535
20210402,5호선,영등포시장,10126,10443,20569
20210402,5호선,군자,11623,12948,24571
20210402,5호선,신길,4321,4691,9012
20210402,5호선,여의나루,19474,20804,40278
20210402,5호선,답십리,16707,15120,31827
20210402,5호선,마장,5892,5419,11311
20210402,5호선,왕십리,4713,5295,10008
20210402,5호선,행당,8418,7415,15833
20210402,5호선,신금호,6610,6652,13262
20210402,5호선,청구,4194,3826,8020
20210402,5호선,동대문역사문화공원,2740,3273,6013
20210402,5호선,을지로4가,6144,6460,12604
20210402,5호선,종로3가,12694,13068,25762
20210402,5호선,광화문,31488,32590,64078
20210402,5호선,서대문,19212,19363,38575
20210402,5호선,충정로,5158,5160,10318
20210402,5호선,애오개,7243,7029,14272
20210402,5호선,공덕,15370,16552,31922
20210402,5호선,마포,14882,15390,30272
20210402,5호선,여의도,30218,32327,62545
20210402,6호선,공덕,19495,18966,38461
20210402,8호선,강동구청,10696,11032,21728
20210402,6호선,삼각지,6189,5340,11529
20210402,7호선,신풍,12087,11601,23688
20210402,7호선,보라매,10283,9911,20194
20210402,7호선,신대방삼거리,16867,15885,32752
20210402,7호선,장승배기,9928,9501,19429
20210402,7호선,상도,10928,10519,21447
20210402,7호선,숭실대입구,13119,12922,26041
20210402,7호선,남성,11627,10469,22096
20210402,7호선,이수,16153,15708,31861
20210402,7호선,내방,14605,14845,29450
20210402,7호선,고속터미널,17057,14335,31392
20210402,7호선,논현,21349,23243,44592
20210402,7호선,학동,24332,26250,50582
20210402,7호선,강남구청,16532,18523,35055
20210402,7호선,청담,20033,22486,42519
20210402,7호선,뚝섬유원지,12348,12020,24368
20210402,7호선,대림,7739,7947,15686
20210402,7호선,건대입구,12573,13563,26136
20210402,7호선,남구로,16250,17200,33450
20210402,7호선,철산,22357,23468,45825
20210402,4호선,창동,26604,28468,55072
20210402,8호선,천호,15427,18078,33505
20210402,8호선,암사,19569,17129,36698
20210402,7호선,부평구청,12155,9932,22087
20210402,7호선,굴포천,8751,9338,18089
20210402,7호선,삼산체육관,5251,4721,9972
20210402,7호선,상동,12918,13614,26532
20210402,7호선,부천시청,13045,13048,26093
20210402,7호선,신중동,14858,15044,29902
20210402,7호선,춘의,9982,9788,19770
20210402,7호선,부천종합운동장,5108,4530,9638
20210402,7호선,까치울,8106,7763,15869
20210402,7호선,온수,11032,10297,21329
20210402,7호선,천왕,11895,11084,22979
20210402,7호선,광명사거리,23073,22687,45760
20210402,7호선,가산디지털단지,48346,47786,96132
20210402,6호선,효창공원앞,7251,6541,13792
20210402,7호선,어린이대공원,14949,15033,29982
20210402,7호선,중곡,10273,9476,19749
20210402,6호선,돌곶이,9418,8694,18112
20210402,6호선,상월곡,6415,5529,11944
20210402,6호선,월곡,11779,11507,23286
20210402,6호선,고려대,8552,7973,16525
20210402,6호선,안암,11287,11044,22331
20210402,6호선,보문,7536,6908,14444
20210402,6호선,창신,3716,3109,6825
20210402,6호선,동묘앞,8230,8287,16517
20210402,6호선,신당,8433,8738,17171
20210402,6호선,청구,3877,4174,8051
20210402,6호선,약수,3536,3743,7279
20210402,6호선,버티고개,2307,2211,4518
20210402,6호선,한강진,8190,9641,17831
20210402,6호선,이태원,10556,11216,21772
20210402,6호선,녹사평,5475,5284,10759
20210402,6호선,석계,12686,12814,25500
20210402,7호선,군자,15510,12119,27629
20210402,6호선,태릉입구,5598,6280,11878
20210402,6호선,봉화산,8973,8338,17311
20210402,7호선,용마산,6296,6046,12342
20210402,7호선,사가정,16924,17034,33958
20210402,7호선,면목,16186,15653,31839
20210402,7호선,상봉,17912,16632,34544
20210402,7호선,중화,11486,11224,22710
20210402,7호선,먹골,10243,10015,20258
20210402,7호선,태릉입구,8532,8006,16538
20210402,7호선,공릉,12702,12459,25161
20210402,7호선,하계,18188,16851,35039
20210402,7호선,중계,14722,13146,27868
20210402,7호선,노원,20177,21786,41963
20210402,7호선,마들,12845,12177,25022
20210402,7호선,수락산,13308,12920,26228
20210402,7호선,도봉산,9539,11179,20718
20210402,7호선,장암,2372,979,3351
20210402,6호선,화랑대,11847,9065,20912
20210402,4호선,노원,19739,22448,42187
20210402,일산선,정발산,8136,8457,16593
20210402,4호선,당고개,13141,12062,25203
20210402,2호선,한양대,8310,8628,16938
20210402,2호선,왕십리,17066,14170,31236
20210402,2호선,상왕십리,14657,13983,28640
20210402,2호선,신당,14211,14664,28875
20210402,2호선,동대문역사문화공원,12021,13459,25480
20210402,2호선,을지로4가,13037,13025,26062
20210402,2호선,을지로3가,21431,21632,43063
20210402,2호선,을지로입구,39143,39751,78894
20210402,2호선,시청,24155,23536,47691
20210402,1호선,청량리,21469,21130,42599
20210402,1호선,제기동,18181,18742,36923
20210402,1호선,신설동,14427,13996,28423
20210402,1호선,동대문,11462,10891,22353
20210402,1호선,종로5가,22980,23000,45980
20210402,1호선,종로3가,27031,24477,51508
20210402,2호선,뚝섬,25090,26337,51427
20210402,1호선,종각,34335,33481,67816
20210402,2호선,성수,36424,40056,76480
20210402,2호선,구의,23728,23202,46930
20210402,2호선,서울대입구,49373,47822,97195
20210402,2호선,낙성대,29244,26938,56182
20210402,2호선,사당,38339,41835,80174
20210402,2호선,방배,18643,19164,37807
20210402,2호선,서초,21746,20712,42458
20210402,2호선,교대,34747,39405,74152
20210402,2호선,강남,87966,87694,175660
20210402,2호선,역삼,49615,54951,104566
20210402,2호선,선릉,54841,49083,103924
20210402,2호선,삼성,50046,51315,101361
20210402,2호선,종합운동장,7681,7966,15647
20210402,2호선,잠실새내,21621,22013,43634
20210402,2호선,잠실,70414,69576,139990
20210402,2호선,잠실나루,15270,14915,30185
20210402,2호선,강변,32700,32041,64741
20210402,2호선,건대입구,37411,39561,76972
20210402,2호선,봉천,25019,22537,47556
20210402,1호선,시청,22440,22166,44606
20210402,1호선,서울역,45734,44788,90522
20210402,장항선,온양온천,3677,3861,7538
20210402,장항선,배방,1215,1085,2300
20210402,장항선,아산,3520,3462,6982
20210402,장항선,쌍용,2246,1932,4178
20210402,장항선,봉명,1268,1189,2457
20210402,일산선,대화,13274,10590,23864
20210402,중앙선,지평,72,103,175
20210402,중앙선,용문,1787,1839,3626
20210402,중앙선,원덕,465,446,911
20210402,중앙선,양평,2779,3038,5817
20210402,중앙선,오빈,315,310,625
20210402,중앙선,아신,558,578,1136
20210402,7호선,반포,6159,5867,12026
20210402,일산선,주엽,9093,9154,18247
20210402,8호선,몽촌토성,6390,6581,12971
20210402,장항선,신창,2239,1675,3914
20210402,1호선,동묘앞,9141,9580,18721
20210402,중앙선,회기,26583,25218,51801
20210402,중앙선,상봉,6204,6535,12739
20210402,경의선,계양,1,0,1
20210402,공항철도 1호선,영종,3126,3283,6409
20210402,경원선,덕계,3095,2766,5861
20210402,중앙선,국수,808,840,1648
20210402,중앙선,신원,292,255,547
20210402,중앙선,양수,2108,2092,4200
20210402,중앙선,운길산,1056,1021,2077
20210402,중앙선,팔당,1029,1025,2054
20210402,중앙선,도심,2529,1931,4460
20210402,중앙선,덕소,5845,5948,11793
20210402,중앙선,양정,886,804,1690
20210402,중앙선,도농,10452,9669,20121
20210402,중앙선,구리,14048,14485,28533
20210402,중앙선,양원,1827,1766,3593
20210402,중앙선,망우,7737,7646,15383
20210402,중앙선,중랑,5731,5457,11188
20210402,4호선,상계,19401,17969,37370
20210402,2호선,신림,64584,61983,126567
20210402,2호선,구로디지털단지,63720,63423,127143
20210402,4호선,미아,15547,15033,30580
20210402,4호선,수유,35149,35293,70442
20210402,3호선,오금,6474,5599,12073
20210402,3호선,경찰병원,7558,7446,15004
20210402,3호선,가락시장,9589,9570,19159
20210402,3호선,수서,18355,18806,37161
20210402,3호선,일원,10100,9590,19690
20210402,3호선,대청,10176,9423,19599
20210402,3호선,학여울,2802,2840,5642
20210402,3호선,대치,11389,11588,22977
20210402,3호선,도곡,6118,6384,12502
20210402,3호선,매봉,13553,13106,26659
20210402,3호선,양재,41510,43559,85069
20210402,3호선,남부터미널,30885,31419,62304
20210402,3호선,고속터미널,44426,46753,91179
20210402,4호선,미아사거리,28917,28027,56944
20210402,3호선,잠원,5263,5035,10298
20210402,4호선,길음,21183,20130,41313
20210402,4호선,한성대입구,14332,13636,27968
20210402,4호선,남태령,1321,1190,2511
20210402,4호선,사당,26425,22027,48452
20210402,4호선,총신대입구,19881,21618,41499
20210402,4호선,동작,3227,3384,6611
20210402,4호선,이촌,7585,8590,16175
20210402,4호선,신용산,15456,16423,31879
20210402,4호선,삼각지,5003,5728,10731
20210402,4호선,숙대입구,13548,13294,26842
20210402,4호선,서울역,11122,17070,28192
20210402,4호선,회현,24765,26160,50925
20210402,4호선,명동,17971,18710,36681
20210402,4호선,충무로,28037,28914,56951
20210402,4호선,동대문역사문화공원,14735,14009,28744
20210402,4호선,동대문,21142,21793,42935
20210402,4호선,혜화,32158,31843,64001
20210402,4호선,성신여대입구,21052,19954,41006
20210402,2호선,신대방,27363,26496,53859
20210402,3호선,신사,32059,34038,66097
20210402,3호선,옥수,9693,9984,19677
20210402,2호선,도림천,1738,1819,3557
20210402,2호선,신설동,3328,3348,6676
20210402,2호선,신답,1650,1813,3463
20210402,2호선,용답,2795,2741,5536
20210402,2호선,충정로,10190,10697,20887
20210402,2호선,아현,11049,10517,21566
20210402,2호선,이대,12610,12933,25543
20210402,2호선,신촌,34003,35190,69193
20210402,2호선,홍대입구,54379,58913,113292
20210402,2호선,합정,32271,34731,67002
20210402,2호선,당산,19972,23190,43162
20210402,2호선,영등포구청,23579,23915,47494
20210402,2호선,문래,22143,22676,44819
20210402,2호선,신도림,50858,50919,101777
20210402,2호선,대림,25294,26129,51423
20210402,2호선,양천구청,6984,7441,14425
20210402,3호선,압구정,33428,35872,69300
20210402,2호선,신정네거리,10994,11163,22157
20210402,3호선,지축,4191,3877,8068
20210402,3호선,금호,8589,8086,16675
20210402,3호선,약수,13754,13287,27041
20210402,3호선,동대입구,8764,9487,18251
20210402,3호선,충무로,3,0,3
20210402,3호선,을지로3가,10717,11284,22001
20210402,3호선,종로3가,10050,12157,22207
20210402,3호선,안국,20453,21810,42263
20210402,3호선,경복궁,20616,20471,41087
20210402,3호선,독립문,7710,7886,15596
20210402,3호선,무악재,4067,4074,8141
20210402,3호선,홍제,18311,17397,35708
20210402,3호선,녹번,15081,13770,28851
20210402,3호선,불광,16894,17886,34780
20210402,3호선,연신내,38519,36345,74864
20210402,3호선,구파발,21160,19897,41057
20210402,2호선,용두,2469,2548,5017
20210402,8호선,잠실,14363,16554,30917
20210402,경의선,월롱,2542,2045,4587
20210402,8호선,송파,8018,7979,15997
20210402,공항철도 1호선,인천공항2터미널,1875,1867,3742
20210402,공항철도 1호선,인천공항1터미널,3064,3244,6308
20210402,공항철도 1호선,공항화물청사,2324,2467,4791
20210402,공항철도 1호선,운서,6287,6229,12516
20210402,공항철도 1호선,청라국제도시,6924,6475,13399
20210402,공항철도 1호선,검암,7358,7189,14547
20210402,과천선,선바위,9090,7794,16884
20210402,공항철도 1호선,계양,9571,8715,18286
20210402,공항철도 1호선,마곡나루,8295,7891,16186
20210402,공항철도 1호선,디지털미디어시티,14306,12597,26903
20210402,공항철도 1호선,홍대입구,10087,9949,20036
20210402,공항철도 1호선,공덕,2261,3027,5288
20210402,공항철도 1호선,서울역,8187,7905,16092
20210402,경춘선,춘천,1768,1369,3137
20210402,공항철도 1호선,김포공항,12885,6987,19872
20210402,과천선,경마공원,1368,1382,2750
20210402,과천선,대공원,6291,6542,12833
20210402,과천선,과천,5859,5387,11246
20210402,분당선,압구정로데오,19925,22535,42460
20210402,분당선,서울숲,15134,16617,31751
20210402,분당선,수원,8792,7558,16350
20210402,분당선,복정,1,0,1
20210402,분당선,수서,14654,15799,30453
20210402,분당선,대모산입구,3599,3286,6885
20210402,분당선,개포동,4036,4212,8248
20210402,분당선,구룡,2090,2016,4106
20210402,분당선,도곡,7506,7392,14898
20210402,분당선,한티,14247,15264,29511
20210402,분당선,선릉,13355,19713,33068
20210402,과천선,범계,26823,26890,53713
20210402,과천선,평촌,18432,18145,36577
20210402,과천선,인덕원,24961,25325,50286
20210402,과천선,정부과천청사,10400,10188,20588
20210402,경춘선,남춘천,3302,3181,6483
20210402,경춘선,김유정,344,367,711
20210402,경춘선,강촌,415,451,866
20210402,경춘선,백양리,74,90,164
20210402,경인선,부개,8821,8291,17112
20210402,경인선,소사,9755,9359,19114
20210402,경인선,구일,7326,7555,14881
20210402,경인선,인천,3855,2978,6833
20210402,경인선,동인천,14698,13890,28588
20210402,경인선,제물포,11508,10909,22417
20210402,경인선,주안,20376,18283,38659
20210402,경인선,동암,15893,16108,32001
20210402,경인선,백운,7450,7436,14886
20210402,경인선,부평,31581,34472,66053
20210402,경인선,송내,29079,29196,58275
20210402,경인선,부천,34389,35196,69585
20210402,경인선,역곡,29451,28872,58323
20210402,경인선,오류동,12662,11960,24622
20210402,경인선,개봉,22421,22827,45248
20210402,경인선,간석,6104,5906,12010
20210402,분당선,선정릉,8393,8772,17165
20210402,경인선,도원,3296,3459,6755
20210402,경인선,중동,9526,8999,18525
20210402,경춘선,굴봉산,185,197,382
20210402,경춘선,가평,1543,1722,3265
20210402,경춘선,상천,374,338,712
20210402,경춘선,청평,1670,1743,3413
20210402,경춘선,대성리,768,774,1542
20210402,경춘선,마석,4070,4069,8139
20210402,경춘선,천마산,1830,1752,3582
20210402,경춘선,평내호평,6661,6674,13335
20210402,경춘선,금곡,1607,1565,3172
20210402,경춘선,사릉,3706,3527,7233
20210402,경춘선,퇴계원,3779,3583,7362
20210402,경춘선,별내,2949,2979,5928
20210402,경춘선,갈매,3197,2772,5969
20210402,경춘선,신내,1757,1788,3545
20210402,경인선,도화,4437,4154,8591
20210402,경인선,온수,7022,6857,13879
20210402,분당선,가천대,8253,8817,17070
20210402,분당선,태평,13850,13346,27196
20210402,분당선,모란,20615,20338,40953
20210402,우이신설선,4.19민주묘지,3203,3099,6302
20210402,우이신설선,솔밭공원,2468,2234,4702
20210402,우이신설선,북한산우이,2944,2651,5595
20210402,안산선,수리산,4464,3532,7996
20210402,안산선,오이도,9019,8926,17945
20210402,안산선,정왕,10086,9755,19841
20210402,안산선,신길온천,1778,1689,3467
20210402,안산선,안산,12155,11069,23224
20210402,안산선,초지,5002,5370,10372
20210402,안산선,고잔,9262,8929,18191
20210402,안산선,중앙,18711,19940,38651
20210402,안산선,한대앞,9759,9651,19410
20210402,안산선,상록수,16833,16887,33720
20210402,안산선,반월,4563,4287,8850
20210402,안산선,대야미,5421,4677,10098
20210402,우이신설선,가오리,4121,3979,8100
20210402,안산선,산본,16652,17990,34642
20210402,우이신설선,화계,3435,3169,6604
20210402,우이신설선,삼양사거리,2421,2447,4868
20210402,8호선,석촌,8088,9456,17544
20210402,3호선,교대,14715,9540,24255
20210402,일산선,마두,7923,8125,16048
20210402,일산선,백석,10092,10293,20385
20210402,일산선,대곡,2063,1563,3626
20210402,일산선,화정,17502,18132,35634
20210402,일산선,원당,11825,11200,23025
20210402,일산선,삼송,19070,18506,37576
20210402,일산선,원흥,10254,9661,19915
20210402,우이신설선,신설동,2203,2195,4398
20210402,우이신설선,보문,1513,1498,3011
20210402,우이신설선,성신여대입구,3221,3589,6810
20210402,우이신설선,정릉,4763,4312,9075
20210402,우이신설선,북한산보국문,6235,5716,11951
20210402,우이신설선,솔샘,5713,5382,11095
20210402,우이신설선,삼양,2154,2293,4447
20210402,경의선,임진강,21,10,31
20210402,수인선,인천,1092,1880,2972
20210402,수인선,숭의,4049,3778,7827
20210402,분당선,영통,8850,9054,17904
20210402,분당선,청명,4408,4081,8489
20210402,분당선,상갈,5650,5219,10869
20210402,분당선,기흥,9763,9258,19021
20210402,분당선,신갈,4614,4632,9246
20210402,분당선,구성,5254,5254,10508
20210402,분당선,죽전,14447,15496,29943
20210402,분당선,보정,2540,2304,4844
20210402,분당선,이매,5874,5421,11295
20210402,분당선,오리,12218,10148,22366
20210402,분당선,미금,16091,17078,33169
20210402,분당선,정자,18058,19254,37312
20210402,분당선,수내,13578,13629,27207
20210402,분당선,서현,25093,25858,50951
20210402,분당선,야탑,26375,27501,53876
20210402,분당선,망포,15051,13893,28944
20210402,수인선,신포,1886,2033,3919
20210402,분당선,매탄권선,5267,4814,10081
20210402,분당선,매교,3162,3198,6360
20210402,수인선,인하대,6528,5937,12465
20210402,수인선,송도,2848,2581,5429
20210402,수인선,연수,4805,4632,9437
20210402,수인선,원인재,4854,5222,10076
20210402,수인선,남동인더스파크,2454,2610,5064
20210402,수인선,호구포,4044,4281,8325
20210402,수인선,인천논현,5735,6230,11965
20210402,수인선,소래포구,5528,5373,10901
20210402,수인선,월곶,2607,2539,5146
20210402,수인선,달월,107,76,183
20210402,수인선,사리,4243,3782,8025
20210402,수인선,야목,307,250,557
20210402,수인선,어천,780,741,1521
20210402,수인선,오목천,3065,2706,5771
20210402,수인선,고색,3893,3740,7633
20210402,분당선,수원시청,12983,14529,27512
20210402,경의선,문산,5353,5218,10571
20210402,분당선,강남구청,10199,11362,21561
20210402,8호선,문정,22525,23494,46019
20210402,경강선,곤지암,2252,2204,4456
20210402,경강선,초월,3238,2961,6199
20210402,경강선,경기광주,7255,6832,14087
20210402,경강선,삼동,2431,2170,4601
20210402,경강선,이매,1166,1060,2226
20210402,경강선,판교,4380,4365,8745
20210402,9호선2~3단계,중앙보훈병원,9779,8567,18346
20210402,9호선2~3단계,둔촌오륜,1236,999,2235
20210402,9호선2~3단계,올림픽공원,6231,6275,12506
20210402,9호선2~3단계,한성백제,2559,2279,4838
20210402,9호선2~3단계,송파나루,4768,5221,9989
20210402,9호선2~3단계,석촌,8337,7357,15694
20210402,9호선2~3단계,석촌고분,5955,6025,11980
20210402,9호선2~3단계,삼전,6709,6372,13081
20210402,9호선2~3단계,봉은사,15240,15253,30493
20210402,경강선,신둔도예촌,1551,1321,2872
20210402,9호선2~3단계,삼성중앙,7007,7163,14170
20210402,경강선,이천,2738,2862,5600
20210402,경강선,세종대왕릉,324,325,649
20210402,경부선,안양,25191,25423,50614
20210402,경부선,관악,7709,7145,14854
20210402,경부선,석수,10421,9253,19674
20210402,경부선,금천구청,12604,12603,25207
20210402,경부선,가산디지털단지,18789,21678,40467
20210402,경부선,구로,19224,19974,39198
20210402,경부선,신길,9959,8582,18541
20210402,경부선,신도림,4350,4424,8774
20210402,경부선,영등포,40231,42576,82807
20210402,경부선,대방,13875,13774,27649
20210402,경부선,노량진,9392,9345,18737
20210402,경부선,용산,35005,35994,70999
20210402,경부선,남영,10055,10485,20540
20210402,경부선,서울역,6268,2128,8396
20210402,경강선,여주,2016,2158,4174
20210402,경강선,부발,2439,1842,4281
20210402,경부선,명학,9184,9105,18289
20210402,9호선2~3단계,선정릉,9851,10663,20514
20210402,9호선,신논현,33583,33694,67277
20210402,9호선,마곡나루,11631,11731,23362
20210402,9호선,신방화,7034,6660,13694
20210402,9호선,공항시장,2946,3217,6163
20210402,9호선,김포공항,8215,12589,20804
20210402,9호선,개화,2653,1845,4498
20210402,8호선,모란,4447,3484,7931
20210402,8호선,수진,5148,4810,9958
20210402,8호선,신흥,4605,4995,9600
20210402,8호선,단대오거리,10881,10282,21163
20210402,8호선,남한산성입구,14345,12636,26981
20210402,8호선,산성,6843,6770,13613
20210402,8호선,복정,11802,10107,21909
20210402,8호선,장지,17977,17042,35019
20210402,경의선,파주,1329,943,2272
20210402,8호선,가락시장,8195,9355,17550
20210402,9호선,양천향교,10026,10053,20079
20210402,9호선2~3단계,언주,10077,10254,20331
20210402,9호선,가양,20950,20247,41197
20210402,9호선,등촌,11660,11535,23195
20210402,9호선,사평,3518,3307,6825
20210402,9호선,고속터미널,13229,17706,30935
20210402,9호선,신반포,3482,3439,6921
20210402,9호선,구반포,2898,2963,5861
20210402,9호선,동작,2007,1700,3707
20210402,9호선,흑석,8306,8467,16773
20210402,9호선,노들,4702,3935,8637
20210402,9호선,노량진,27207,26496,53703
20210402,9호선,샛강,6342,6601,12943
20210402,9호선,여의도,28764,27410,56174
20210402,9호선,국회의사당,16347,16536,32883
20210402,9호선,당산,18687,18760,37447
20210402,9호선,선유도,8548,8469,17017
20210402,9호선,신목동,4326,3961,8287
20210402,9호선,염창,17590,17024,34614
20210402,9호선,증미,7785,7638,15423
20210402,경부선,금정,27783,28245,56028
20210402,9호선2~3단계,종합운동장,4347,4238,8585
20210402,경의선,금릉,4825,4806,9631
20210402,경의선,효창공원앞,3005,3429,6434
20210402,경의선,서울역,4552,5521,10073
20210402,경원선,소요산,3259,2608,5867
20210402,경원선,동두천,2236,2598,4834
20210402,경원선,보산,1900,1666,3566
20210402,경원선,동두천중앙,3207,3146,6353
20210402,경원선,지행,7015,6773,13788
20210402,경원선,덕정,6182,5740,11922
20210402,경원선,양주,8140,7376,15516
20210402,경원선,녹양,4781,4492,9273
20210402,경원선,가능,6774,6478,13252
20210402,경원선,의정부,18761,19594,38355
20210402,경원선,회룡,12931,13097,26028
20210402,경원선,망월사,7850,7906,15756
20210402,경원선,도봉산,8413,5396,13809
20210402,경의선,공덕,3675,3367,7042
20210402,경원선,도봉,6183,5899,12082
20210402,경의선,서강대,2091,2043,4134
20210402,경의선,가좌,5650,5299,10949
20210402,경의선,금촌,6651,6559,13210
20210402,경부선,군포,7924,7840,15764
20210402,경의선,운정,6712,6427,13139
20210402,경의선,야당,6969,6864,13833
20210402,경의선,탄현,7941,7789,15730
20210402,경의선,일산,9729,9927,19656
20210402,경의선,풍산,5855,5564,11419
20210402,경의선,백마,7229,7050,14279
20210402,경의선,곡산,655,661,1316
20210402,경의선,능곡,4072,3597,7669
20210402,경의선,행신,8290,8255,16545
20210402,경의선,강매,3359,2932,6291
20210402,경의선,화전,1898,1722,3620
20210402,경의선,수색,2707,2779,5486
20210402,경의선,디지털미디어시티,2627,2545,5172
20210402,경의선,홍대입구,1760,1973,3733
20210402,경원선,방학,9821,9650,19471
20210402,경의선,신촌,863,1103,1966
20210402,경원선,월계,7018,6494,13512
20210402,경부선,평택,13427,12538,25965
20210402,경부선,지제,3395,3291,6686
20210402,경부선,서정리,7367,6302,13669
20210402,경부선,송탄,4604,4160,8764
20210402,경부선,진위,1868,1563,3431
20210402,경부선,오산,10338,10066,20404
20210402,경부선,오산대,3824,3488,7312
20210402,경부선,세마,2829,2649,5478
20210402,경부선,병점,15382,15064,30446
20210402,경부선,세류,3210,2907,6117
20210402,경부선,독산,17262,18130,35392
20210402,경부선,수원,37592,40883,78475
20210402,경부선,화서,7787,7788,15575
20210402,경원선,녹천,4742,3906,8648
20210402,경부선,의왕,9299,9198,18497
20210402,경부선,성환,4101,3566,7667
20210402,경부선,직산,785,770,1555
20210402,경부선,성균관대,15931,15586,31517
20210402,경부선,천안,5937,5886,11823
20210402,경부선,두정,6720,6430,13150
20210402,경원선,석계,8331,9590,17921
20210402,경원선,신이문,8930,8054,16984
20210402,경원선,외대앞,7864,7732,15596
20210402,경원선,청량리,16095,17142,33237
20210402,경원선,왕십리,14647,16111,30758
20210402,경원선,응봉,2093,1951,4044
20210402,경원선,광운대,8925,8390,17315
20210402,경원선,한남,4278,3934,8212
20210402,경원선,서빙고,1979,1790,3769
20210402,경원선,이촌,4277,3220,7497
20210402,경부선,광명,3465,3285,6750
20210402,경부선,서동탄,1622,1549,3171
20210402,경부선,당정,6491,6147,12638
20210402,경원선,옥수,71,21,92
20210405,6호선,약수,3498,3599,7097
20210405,6호선,청구,3825,4084,7909
20210405,6호선,신당,7548,8340,15888
20210405,6호선,동묘앞,7864,8133,15997
20210405,6호선,창신,3671,3085,6756
20210405,6호선,보문,7024,6556,13580
20210405,6호선,월곡,11288,11416,22704
20210405,6호선,고려대,7786,7655,15441
20210405,6호선,상월곡,6296,5641,11937
20210405,6호선,돌곶이,8991,8482,17473
20210405,6호선,석계,12105,12674,24779
20210405,6호선,태릉입구,5259,5932,11191
20210405,6호선,버티고개,2301,2206,4507
20210405,6호선,화랑대,11537,8991,20528
20210405,6호선,안암,9843,10027,19870
20210405,6호선,한강진,6463,7438,13901
20210405,6호선,광흥창,8787,8540,17327
20210405,6호선,녹사평,4556,4423,8979
20210405,6호선,봉화산,8905,8292,17197
20210405,6호선,구산,7667,5854,13521
20210405,6호선,새절,13207,12483,25690
20210405,6호선,증산,10101,10092,20193
20210405,6호선,디지털미디어시티,14202,15318,29520
20210405,6호선,월드컵경기장,4806,4858,9664
20210405,6호선,마포구청,14084,12849,26933
20210405,6호선,망원,13163,14197,27360
20210405,6호선,합정,12023,11890,23913
20210405,6호선,상수,6912,7572,14484
20210405,6호선,대흥,7879,8203,16082
20210405,6호선,공덕,18783,18123,36906
20210405,6호선,효창공원앞,6874,6307,13181
20210405,6호선,삼각지,5547,4856,10403
20210405,중앙선,아신,563,591,1154
20210405,6호선,이태원,8510,8593,17103
20210405,7호선,장암,2493,960,3453
20210405,7호선,남구로,16553,17480,34033
20210405,7호선,수락산,12821,12614,25435
20210405,7호선,학동,24728,26218,50946
20210405,7호선,논현,20947,22427,43374
20210405,7호선,반포,5742,5552,11294
20210405,7호선,고속터미널,15157,12680,27837
20210405,7호선,내방,14296,14494,28790
20210405,7호선,이수,14889,14537,29426
20210405,7호선,남성,11160,10469,21629
20210405,7호선,숭실대입구,12282,12665,24947
20210405,7호선,상도,10323,10159,20482
20210405,7호선,장승배기,9852,9606,19458
20210405,7호선,신대방삼거리,16387,15956,32343
20210405,7호선,보라매,9940,10030,19970
20210405,7호선,신풍,11747,11291,23038
20210405,7호선,대림,7908,7846,15754
20210405,6호선,연신내,2,0,2
20210405,7호선,강남구청,16179,17602,33781
20210405,7호선,도봉산,9579,11071,20650
20210405,7호선,청담,19721,21723,41444
20210405,7호선,건대입구,11482,12262,23744
20210405,7호선,마들,12533,11788,24321
20210405,7호선,노원,19020,20459,39479
20210405,7호선,중계,14626,13414,28040
20210405,7호선,하계,17432,16726,34158
20210405,7호선,공릉,11579,11683,23262
20210405,7호선,태릉입구,8218,7785,16003
20210405,7호선,먹골,9919,9718,19637
20210405,7호선,중화,11065,10965,22030
20210405,7호선,상봉,17114,15936,33050
20210405,7호선,면목,15922,15398,31320
20210405,7호선,사가정,16406,16399,32805
20210405,7호선,용마산,6144,5919,12063
20210405,7호선,중곡,10080,9353,19433
20210405,7호선,군자,14498,11715,26213
20210405,7호선,어린이대공원,13197,13399,26596
20210405,7호선,뚝섬유원지,9765,9614,19379
20210405,6호선,독바위,2746,2940,5686
20210405,경의선,운정,6726,6371,13097
20210405,6호선,역촌,3708,4346,8054
20210405,경인선,인천,3374,2565,5939
20210405,경인선,구일,6441,6669,13110
20210405,2호선,성수,34902,37909,72811
20210405,2호선,뚝섬,21749,23347,45096
20210405,2호선,한양대,8098,8840,16938
20210405,2호선,왕십리,15533,12344,27877
20210405,2호선,상왕십리,13881,13758,27639
20210405,2호선,신당,13533,13906,27439
20210405,2호선,동대문역사문화공원,11195,12665,23860
20210405,2호선,을지로4가,12940,12777,25717
20210405,2호선,을지로3가,20675,20553,41228
20210405,2호선,을지로입구,37264,37751,75015
20210405,2호선,시청,22600,22153,44753
20210405,1호선,청량리,20102,20012,40114
20210405,1호선,제기동,18265,18638,36903
20210405,경인선,동인천,13988,13253,27241
20210405,1호선,신설동,13814,13864,27678
20210405,경인선,제물포,11131,10757,21888
20210405,경인선,동암,15429,15348,30777
20210405,7호선,철산,22168,22166,44334
20210405,경의선,금릉,4676,4500,9176
20210405,경의선,금촌,6430,6349,12779
20210405,경의선,월롱,2862,2674,5536
20210405,경의선,파주,1760,1313,3073
20210405,경의선,문산,5238,5067,10305
20210405,경의선,임진강,13,10,23
20210405,경의선,검암,1,0,1
20210405,경인선,개봉,21639,22094,43733
20210405,경인선,오류동,12365,11763,24128
20210405,경인선,역곡,27971,27710,55681
20210405,경인선,부천,33022,33066,66088
20210405,경인선,송내,28294,28189,56483
20210405,경인선,부평,29826,31534,61360
20210405,경인선,백운,7381,7428,14809
20210405,경인선,주안,19245,17379,36624
20210405,6호선,불광,4332,4357,8689
20210405,1호선,동대문,11044,10722,21766
20210405,1호선,종로3가,25447,22883,48330
20210405,경춘선,상천,373,340,713
20210405,1호선,시청,20654,20728,41382
20210405,1호선,동묘앞,8275,8551,16826
20210405,5호선,올림픽공원,4388,3949,8337
20210405,5호선,방이,6718,6976,13694
20210405,5호선,오금,3917,3827,7744
20210405,5호선,개롱,6512,6772,13284
20210405,5호선,거여,8264,7988,16252
20210405,5호선,마천,6333,6245,12578
20210405,5호선,강일,2919,3184,6103
20210405,5호선,미사,14425,14221,28646
20210405,5호선,하남풍산,3875,3779,7654
20210405,5호선,하남시청,4866,4855,9721
20210405,5호선,하남검단산,4804,4588,9392
20210405,6호선,응암,18046,17779,35825
20210405,경춘선,청평,1614,1606,3220
20210405,1호선,종로5가,22214,22379,44593
20210405,경춘선,대성리,821,739,1560
20210405,경춘선,천마산,1726,1632,3358
20210405,1호선,종각,33816,32911,66727
20210405,경인선,소사,9643,9269,18912
20210405,경인선,부개,8695,8172,16867
20210405,경인선,간석,6119,5800,11919
20210405,경인선,도원,3392,3380,6772
20210405,경인선,온수,7196,6936,14132
20210405,경인선,중동,9461,8946,18407
20210405,경인선,도화,4340,4001,8341
20210405,경춘선,신내,1681,1703,3384
20210405,경춘선,갈매,3133,2744,5877
20210405,경춘선,별내,2983,2762,5745
20210405,경춘선,퇴계원,3762,3382,7144
20210405,경춘선,사릉,3702,3479,7181
20210405,경춘선,금곡,1652,1544,3196
20210405,경춘선,평내호평,6720,6543,13263
20210405,경춘선,마석,4204,4060,8264
20210405,7호선,광명사거리,22356,21939,44295
20210405,과천선,인덕원,23821,24481,48302
20210405,7호선,온수,11393,10397,21790
20210405,3호선,지축,4118,4089,8207
20210405,2호선,용두,2359,2409,4768
20210405,2호선,신정네거리,10610,10793,21403
20210405,2호선,양천구청,6840,7213,14053
20210405,2호선,도림천,1446,1521,2967
20210405,2호선,신설동,3249,3252,6501
20210405,2호선,신답,1550,1838,3388
20210405,2호선,용답,2703,2854,5557
20210405,2호선,충정로,10218,10711,20929
20210405,2호선,아현,10283,9911,20194
20210405,2호선,이대,11582,12171,23753
20210405,2호선,신촌,29933,31266,61199
20210405,2호선,홍대입구,45405,46827,92232
20210405,2호선,합정,28254,29330,57584
20210405,2호선,당산,18708,22096,40804
20210405,3호선,구파발,20359,19282,39641
20210405,2호선,영등포구청,23223,23675,46898
20210405,3호선,연신내,37431,35225,72656
20210405,분당선,선릉,13418,19947,33365
20210405,우이신설선,가오리,4000,4027,8027
20210405,우이신설선,4.19민주묘지,2932,2897,5829
20210405,우이신설선,솔밭공원,2433,2391,4824
20210405,우이신설선,북한산우이,2833,2606,5439
20210405,안산선,수리산,4383,3630,8013
20210405,안산선,오이도,8645,8254,16899
20210405,안산선,정왕,9815,10612,20427
20210405,안산선,신길온천,1759,1613,3372
20210405,안산선,안산,11994,11005,22999
20210405,안산선,초지,5345,5645,10990
20210405,분당선,대모산입구,3501,3211,6712
20210405,분당선,개포동,3721,3832,7553
20210405,분당선,구룡,2027,1997,4024
20210405,분당선,도곡,6757,6919,13676
20210405,분당선,한티,13110,13999,27109
20210405,3호선,불광,16542,17676,34218
20210405,우이신설선,화계,3270,3124,6394
20210405,2호선,문래,21299,21659,42958
20210405,2호선,대림,25342,25712,51054
20210405,2호선,구의,22878,22946,45824
20210405,2호선,건대입구,32408,33896,66304
20210405,중앙선,망우,7687,7528,15215
20210405,중앙선,상봉,5802,6111,11913
20210405,중앙선,중랑,5500,5257,10757
20210405,중앙선,회기,23985,23792,47777
20210405,장항선,신창,1409,1626,3035
20210405,장항선,온양온천,3317,3378,6695
20210405,장항선,배방,967,917,1884
20210405,장항선,아산,2793,2482,5275
20210405,장항선,쌍용,2009,2065,4074
20210405,장항선,봉명,1191,1180,2371
20210405,과천선,범계,25254,24669,49923
20210405,과천선,평촌,18055,17830,35885
20210405,9호선,개화,2753,1828,4581
20210405,2호선,강변,29477,29071,58548
20210405,2호선,신도림,47112,45661,92773
20210405,2호선,잠실나루,14352,14246,28598
20210405,2호선,잠실새내,20320,19774,40094
20210405,2호선,구로디지털단지,62296,62693,124989
20210405,2호선,신대방,26401,25687,52088
20210405,2호선,신림,61982,59950,121932
20210405,2호선,봉천,24394,22833,47227
20210405,2호선,서울대입구,46147,45514,91661
20210405,2호선,낙성대,26544,26269,52813
20210405,2호선,사당,34399,38341,72740
20210405,2호선,방배,18232,19197,37429
20210405,2호선,서초,20887,20515,41402
20210405,2호선,교대,33255,37523,70778
20210405,2호선,강남,81771,80369,162140
20210405,2호선,역삼,50479,55687,106166
20210405,2호선,선릉,56217,50252,106469
20210405,2호선,삼성,47978,48741,96719
20210405,2호선,종합운동장,6744,7467,14211
20210405,2호선,잠실,61384,61325,122709
20210405,7호선,천왕,11784,11096,22880
20210405,우이신설선,삼양,1985,2082,4067
20210405,우이신설선,솔샘,5671,5324,10995
20210405,8호선,산성,6513,6660,13173
20210405,8호선,남한산성입구,13766,12856,26622
20210405,8호선,단대오거리,10594,10164,20758
20210405,8호선,신흥,4314,4682,8996
20210405,8호선,수진,5055,4654,9709
20210405,3호선,종로3가,9489,11004,20493
20210405,7호선,춘의,9749,9643,19392
20210405,경의선,계양,2,0,2
20210405,8호선,모란,4148,3220,7368
20210405,중앙선,국수,889,840,1729
20210405,중앙선,신원,295,260,555
20210405,중앙선,양수,1933,1947,3880
20210405,중앙선,운길산,1036,1010,2046
20210405,중앙선,팔당,994,999,1993
20210405,중앙선,도심,2624,2067,4691
20210405,8호선,복정,11358,9703,21061
20210405,중앙선,덕소,5869,5864,11733
20210405,8호선,장지,16473,15901,32374
20210405,8호선,가락시장,7757,8510,16267
20210405,7호선,까치울,7845,7479,15324
20210405,7호선,부천종합운동장,4926,4269,9195
20210405,7호선,신중동,14137,14008,28145
20210405,7호선,부천시청,12539,12463,25002
20210405,7호선,상동,12014,12452,24466
20210405,7호선,삼산체육관,5110,4588,9698
20210405,7호선,굴포천,8493,9000,17493
20210405,7호선,부평구청,11847,9806,21653
20210405,8호선,암사,18977,16712,35689
20210405,8호선,천호,14399,16793,31192
20210405,8호선,강동구청,10412,10796,21208
20210405,8호선,몽촌토성,5941,6112,12053
20210405,8호선,잠실,12841,14710,27551
20210405,8호선,석촌,7352,8554,15906
20210405,8호선,송파,7632,7584,15216
20210405,8호선,문정,22429,23623,46052
20210405,우이신설선,삼양사거리,2373,2532,4905
20210405,중앙선,양정,896,801,1697
20210405,중앙선,구리,13863,13860,27723
20210405,공항철도 1호선,디지털미디어시티,14107,12828,26935
20210405,공항철도 1호선,홍대입구,7893,7838,15731
20210405,공항철도 1호선,공덕,2048,2694,4742
20210405,공항철도 1호선,서울역,6409,5931,12340
20210405,경춘선,춘천,1346,1428,2774
20210405,경춘선,남춘천,2127,2346,4473
20210405,경춘선,김유정,281,282,563
20210405,경춘선,강촌,485,496,981
20210405,경춘선,백양리,102,85,187
20210405,경춘선,굴봉산,191,203,394
20210405,경춘선,가평,1564,1501,3065
20210405,우이신설선,보문,1456,1469,2925
20210405,우이신설선,성신여대입구,3090,3330,6420
20210405,우이신설선,정릉,4450,4178,8628
20210405,우이신설선,북한산보국문,5860,5773,11633
20210405,공항철도 1호선,마곡나루,8174,7991,16165
20210405,중앙선,도농,10322,9389,19711
20210405,우이신설선,신설동,2261,2173,4434
20210405,일산선,삼송,18811,18411,37222
20210405,중앙선,양원,1918,1970,3888
20210405,공항철도 1호선,공항화물청사,2280,2425,4705
20210405,공항철도 1호선,운서,5968,5881,11849
20210405,공항철도 1호선,청라국제도시,6487,6068,12555
20210405,공항철도 1호선,검암,6951,6815,13766
20210405,공항철도 1호선,계양,9381,8548,17929
20210405,공항철도 1호선,김포공항,11504,6580,18084
20210405,일산선,대화,13113,10127,23240
20210405,일산선,주엽,9089,9071,18160
20210405,일산선,정발산,7438,7394,14832
20210405,일산선,마두,7591,7760,15351
20210405,일산선,백석,9951,10046,19997
20210405,일산선,대곡,1884,1456,3340
20210405,일산선,화정,16987,17597,34584
20210405,일산선,원당,11419,10968,22387
20210405,일산선,원흥,10152,9701,19853
20210405,9호선,김포공항,7472,10630,18102
20210405,7호선,가산디지털단지,48782,48975,97757
20210405,9호선,신방화,6666,6586,13252
20210405,3호선,약수,12655,12467,25122
20210405,3호선,금호,8206,7819,16025
20210405,3호선,옥수,9041,9416,18457
20210405,3호선,압구정,30484,32469,62953
20210405,3호선,신사,29369,30666,60035
20210405,3호선,잠원,4928,4806,9734
20210405,3호선,동대입구,8010,8813,16823
20210405,3호선,고속터미널,36439,34498,70937
20210405,3호선,남부터미널,28243,29287,57530
20210405,3호선,양재,38009,41690,79699
20210405,3호선,매봉,12563,12126,24689
20210405,3호선,도곡,5567,5581,11148
20210405,3호선,대치,10749,10898,21647
20210405,3호선,학여울,1764,1816,3580
20210405,3호선,교대,13821,9110,22931
20210405,3호선,충무로,3,0,3
20210405,3호선,을지로3가,10169,10587,20756
20210405,3호선,안국,18546,19072,37618
20210405,4호선,동작,2829,3131,5960
20210405,4호선,이촌,6800,7681,14481
20210405,4호선,신용산,15108,15873,30981
20210405,4호선,삼각지,4788,5268,10056
20210405,4호선,숙대입구,13079,12821,25900
20210405,중앙선,원덕,501,413,914
20210405,중앙선,양평,2705,2733,5438
20210405,중앙선,오빈,315,298,613
20210405,수인선,남동인더스파크,2361,2692,5053
20210405,수인선,호구포,3951,4139,8090
20210405,3호선,녹번,14742,13728,28470
20210405,3호선,홍제,17806,17154,34960
20210405,3호선,무악재,3894,3979,7873
20210405,3호선,독립문,6981,7266,14247
20210405,3호선,경복궁,18224,17740,35964
20210405,3호선,대청,10191,9215,19406
20210405,3호선,일원,10113,9964,20077
20210405,3호선,수서,16365,16907,33272
20210405,3호선,가락시장,9049,8962,18011
20210405,수인선,사리,3999,3675,7674
20210405,수인선,야목,280,217,497
20210405,수인선,어천,668,702,1370
20210405,수인선,오목천,2813,2658,5471
20210405,경원선,녹양,4727,4396,9123
20210405,경원선,가능,6552,6383,12935
20210405,경원선,의정부,17778,18024,35802
20210405,경원선,회룡,12432,12470,24902
20210405,경원선,망월사,7902,8121,16023
20210405,경원선,도봉산,8258,5364,13622
20210405,경원선,도봉,5948,5706,11654
20210405,경원선,방학,9643,9396,19039
20210405,경원선,녹천,4839,4133,8972
20210405,경원선,월계,6966,6486,13452
20210405,경원선,광운대,8845,8619,17464
20210405,수인선,달월,90,70,160
20210405,4호선,총신대입구,18777,20424,39201
20210405,수인선,월곶,2587,2377,4964
20210405,수인선,인천논현,5691,6014,11705
20210405,3호선,경찰병원,7534,7627,15161
20210405,3호선,오금,6217,5568,11785
20210405,4호선,수유,33785,33765,67550
20210405,4호선,미아,15131,14871,30002
20210405,4호선,미아사거리,27592,26859,54451
20210405,4호선,길음,20468,20044,40512
20210405,4호선,성신여대입구,19433,18644,38077
20210405,4호선,한성대입구,13541,13342,26883
20210405,4호선,혜화,28359,28391,56750
20210405,4호선,동대문,20796,21280,42076
20210405,4호선,동대문역사문화공원,14382,13134,27516
20210405,4호선,충무로,26657,27469,54126
20210405,4호선,명동,17110,17673,34783
20210405,4호선,회현,24392,25627,50019
20210405,4호선,서울역,10700,14194,24894
20210405,수인선,소래포구,5209,4947,10156
20210405,4호선,사당,23697,19959,43656
20210405,4호선,남태령,1242,1104,2346
20210405,4호선,당고개,12998,11732,24730
20210405,공항철도 1호선,인천공항2터미널,1777,1573,3350
20210405,공항철도 1호선,인천공항1터미널,2746,2797,5543
20210405,중앙선,지평,64,79,143
20210405,중앙선,용문,3238,3160,6398
20210405,5호선,둔촌동,8512,8501,17013
20210405,5호선,상일동,16131,14473,30604
20210405,5호선,고덕,9294,9182,18476
20210405,5호선,명일,8986,9167,18153
20210405,5호선,굽은다리,9146,8775,17921
20210405,5호선,길동,8161,8370,16531
20210405,5호선,강동,18570,17437,36007
20210405,5호선,천호,17515,17474,34989
20210405,5호선,광나루,13051,12036,25087
20210405,5호선,아차산,14684,14476,29160
20210405,5호선,군자,10904,12004,22908
20210405,공항철도 1호선,영종,2983,2968,5951
20210405,5호선,장한평,18592,18424,37016
20210405,수인선,원인재,4655,4755,9410
20210405,수인선,송도,2682,2454,5136
20210405,과천선,과천,5431,5070,10501
20210405,과천선,대공원,4908,4987,9895
20210405,과천선,경마공원,947,929,1876
20210405,과천선,선바위,8586,7579,16165
20210405,안산선,고잔,8954,8620,17574
20210405,안산선,중앙,17905,18435,36340
20210405,안산선,한대앞,8773,8711,17484
20210405,안산선,상록수,16597,16506,33103
20210405,안산선,반월,4437,4257,8694
20210405,안산선,대야미,5286,4744,10030
20210405,안산선,산본,16120,17070,33190
20210405,수인선,인천,1024,1597,2621
20210405,수인선,신포,1841,1819,3660
20210405,수인선,숭의,4040,3733,7773
20210405,수인선,인하대,6132,5835,11967
20210405,수인선,연수,4668,4477,9145
20210405,경원선,석계,8091,9314,17405
20210405,5호선,답십리,16122,14859,30981
20210405,5호선,왕십리,4527,4898,9425
20210405,5호선,목동,16901,18784,35685
20210405,5호선,신정,14317,11246,25563
20210405,5호선,까치산,29258,28329,57587
20210405,5호선,화곡,28734,26914,55648
20210405,5호선,우장산,14619,14382,29001
20210405,5호선,발산,19829,20116,39945
20210405,5호선,마곡,10257,10103,20360
20210405,5호선,송정,6954,6614,13568
20210405,5호선,김포공항,7069,6856,13925
20210405,5호선,개화산,5510,5215,10725
20210405,5호선,방화,6759,6454,13213
20210405,4호선,쌍문,29459,27227,56686
20210405,4호선,창동,25483,26923,52406
20210405,4호선,노원,18414,20465,38879
20210405,4호선,상계,19251,17725,36976
20210405,5호선,오목교,22119,23954,46073
20210405,5호선,마장,5508,5160,10668
20210405,5호선,양평,7697,7664,15361
20210405,5호선,영등포시장,9878,10223,20101
20210405,5호선,행당,8146,7279,15425
20210405,5호선,신금호,6436,6627,13063
20210405,5호선,청구,4119,3744,7863
20210405,5호선,동대문역사문화공원,2861,3349,6210
20210405,5호선,을지로4가,6159,6354,12513
20210405,5호선,종로3가,11463,11155,22618
20210405,5호선,광화문,29440,30916,60356
20210405,5호선,서대문,19508,19853,39361
20210405,5호선,충정로,5178,5296,10474
20210405,5호선,애오개,6851,6892,13743
20210405,5호선,공덕,14658,15783,30441
20210405,5호선,마포,14678,14983,29661
20210405,5호선,여의나루,14413,15748,30161
20210405,5호선,여의도,29877,31134,61011
20210405,5호선,신길,4199,4604,8803
20210405,5호선,영등포구청,4139,4180,8319
20210405,경원선,신이문,8578,7861,16439
20210405,과천선,정부과천청사,10236,10074,20310
20210405,경원선,청량리,14194,15008,29202
20210405,경부선,신길,9824,8406,18230
20210405,경부선,신도림,4255,4154,8409
20210405,경부선,영등포,35659,36616,72275
20210405,경부선,대방,13423,13752,27175
20210405,경부선,노량진,8227,8434,16661
20210405,경부선,용산,29504,30140,59644
20210405,경부선,남영,9660,10440,20100
20210405,경부선,서울역,4938,1484,6422
20210405,경강선,여주,1899,1928,3827
20210405,경강선,세종대왕릉,339,324,663
20210405,경강선,부발,1706,1773,3479
20210405,경강선,이천,2380,2567,4947
20210405,경강선,신둔도예촌,1378,1284,2662
20210405,경강선,곤지암,2214,2129,4343
20210405,경강선,초월,2991,2900,5891
20210405,경부선,구로,19309,19510,38819
20210405,경원선,외대앞,7093,7216,14309
20210405,경부선,가산디지털단지,18459,21632,40091
20210405,경부선,석수,10115,8989,19104
20210405,경의선,일산,9555,9562,19117
20210405,경의선,탄현,7783,7278,15061
20210405,경의선,야당,6754,6435,13189
20210405,경부선,병점,13639,13585,27224
20210405,경부선,세류,3074,2846,5920
20210405,경부선,독산,17030,18098,35128
20210405,경부선,수원,33253,34502,67755
20210405,경부선,화서,7631,7316,14947
20210405,경부선,성균관대,14659,14793,29452
20210405,경부선,의왕,9061,9141,18202
20210405,경부선,군포,7698,7699,15397
20210405,경부선,금정,26466,27323,53789
20210405,경부선,명학,9272,9285,18557
20210405,경부선,안양,24738,24765,49503
20210405,경부선,관악,7351,6799,14150
20210405,경부선,금천구청,12358,12190,24548
20210405,경의선,풍산,5598,5178,10776
20210405,경강선,삼동,2419,2263,4682
20210405,경강선,판교,4413,4275,8688
20210405,9호선,흑석,7707,8152,15859
20210405,9호선,노들,4307,3742,8049
20210405,9호선,노량진,25007,25006,50013
20210405,9호선,샛강,6227,6192,12419
20210405,9호선,여의도,27295,26465,53760
20210405,9호선,국회의사당,16035,16504,32539
20210405,9호선,당산,17376,17607,34983
20210405,9호선,선유도,8062,7904,15966
20210405,9호선,신목동,3997,3596,7593
20210405,9호선,염창,16860,16809,33669
20210405,9호선,등촌,11356,11156,22512
20210405,9호선,증미,7398,7344,14742
20210405,9호선,가양,20329,19818,40147
20210405,9호선,양천향교,9577,9911,19488
20210405,9호선,마곡나루,10969,10968,21937
20210405,9호선,동작,1778,1508,3286
20210405,경강선,이매,1137,1114,2251
20210405,9호선,구반포,2780,2775,5555
20210405,9호선,고속터미널,11182,13759,24941
20210405,9호선2~3단계,중앙보훈병원,10199,8969,19168
20210405,9호선2~3단계,둔촌오륜,1254,1090,2344
20210405,9호선2~3단계,올림픽공원,5753,5755,11508
20210405,9호선2~3단계,한성백제,2440,2222,4662
20210405,9호선2~3단계,송파나루,4391,4657,9048
20210405,9호선2~3단계,석촌,7931,6987,14918
20210405,9호선2~3단계,석촌고분,5750,5711,11461
20210405,9호선2~3단계,삼전,6430,6165,12595
20210405,9호선2~3단계,종합운동장,3963,4023,7986
20210405,9호선2~3단계,봉은사,14617,14676,29293
20210405,9호선2~3단계,삼성중앙,6909,7219,14128
20210405,9호선2~3단계,선정릉,9417,10385,19802
20210405,9호선2~3단계,언주,9638,10130,19768
20210405,9호선,신논현,30187,29920,60107
20210405,9호선,사평,3232,3164,6396
20210405,9호선,신반포,3200,3124,6324
20210405,경의선,백마,7162,6933,14095
20210405,경강선,경기광주,6974,6676,13650
20210405,경의선,능곡,3877,3500,7377
20210405,경부선,오산,9660,9844,19504
20210405,경부선,오산대,3581,3311,6892
20210405,경부선,세마,2674,2423,5097
20210405,수인선,고색,3758,3622,7380
20210405,분당선,매교,3041,3123,6164
20210405,분당선,수원시청,11756,12401,24157
20210405,분당선,매탄권선,4756,4606,9362
20210405,분당선,망포,13666,12925,26591
20210405,분당선,영통,7776,8045,15821
20210405,분당선,청명,4145,3960,8105
20210405,분당선,상갈,5377,5068,10445
20210405,분당선,기흥,9340,8889,18229
20210405,분당선,신갈,4481,4477,8958
20210405,분당선,구성,4979,5055,10034
20210405,분당선,죽전,12873,14407,27280
20210405,경부선,송탄,4073,3940,8013
20210405,분당선,보정,2558,2288,4846
20210405,경부선,서정리,6532,6410,12942
20210405,경부선,평택,11589,11742,23331
20210405,경의선,곡산,679,676,1355
20210405,9호선,공항시장,2851,3147,5998
20210405,경원선,왕십리,12795,14523,27318
20210405,경원선,응봉,1936,1730,3666
20210405,경원선,옥수,43,51,94
20210405,경원선,한남,4160,3956,8116
20210405,경원선,서빙고,1868,1707,3575
20210405,경원선,이촌,3844,2990,6834
20210405,경부선,광명,3186,2682,5868
20210405,경부선,서동탄,1540,1380,2920
20210405,경부선,당정,6257,5927,12184
20210405,경부선,천안,4903,4931,9834
20210405,경부선,두정,5176,5638,10814
20210405,경부선,직산,732,709,1441
20210405,경부선,성환,4154,4308,8462
20210405,경부선,지제,2871,2718,5589
20210405,분당선,이매,5623,5089,10712
20210405,경부선,진위,1657,1436,3093
20210405,분당선,미금,15149,15987,31136
20210405,경원선,보산,1516,1343,2859
20210405,경원선,동두천,2262,2638,4900
20210405,경원선,소요산,3205,2617,5822
20210405,경의선,서울역,4231,5427,9658
20210405,경의선,신촌,804,1045,1849
20210405,경의선,효창공원앞,2987,3378,6365
20210405,경의선,공덕,3485,3143,6628
20210405,경의선,서강대,1981,1872,3853
20210405,경의선,홍대입구,1471,1618,3089
20210405,경의선,가좌,5507,5073,10580
20210405,경의선,디지털미디어시티,2532,2386,4918
20210405,경의선,수색,2847,2907,5754
20210405,경의선,화전,1964,1813,3777
20210405,경의선,강매,3308,2888,6196
20210405,분당선,오리,11502,9797,21299
20210405,경원선,동두천중앙,3369,3279,6648
20210405,경원선,지행,6384,6353,12737
20210405,경의선,행신,7829,7809,15638
20210405,경원선,덕계,3070,2721,5791
20210405,경원선,덕정,6005,5881,11886
20210405,분당선,수내,13065,12982,26047
20210405,분당선,서현,23516,23748,47264
20210405,분당선,야탑,25100,26158,51258
20210405,분당선,모란,19336,19402,38738
20210405,분당선,태평,13291,12916,26207
20210405,분당선,가천대,8164,9392,17556
20210405,분당선,선정릉,8312,8877,17189
20210405,분당선,정자,16656,17813,34469
20210405,분당선,압구정로데오,16638,18234,34872
20210405,분당선,서울숲,11135,11552,22687
20210405,분당선,수원,7866,6642,14508
20210405,분당선,수서,13090,13357,26447
20210405,1호선,서울역,40877,37981,78858
20210405,경원선,양주,8150,7506,15656
20210405,분당선,강남구청,9600,10902,20502
20210406,경원선,외대앞,7039,7258,14297
20210406,경원선,청량리,13793,14701,28494
20210406,경원선,왕십리,13327,14845,28172
20210406,경원선,응봉,1991,1769,3760
20210406,경원선,옥수,55,34,89
20210406,경부선,직산,736,730,1466
20210406,경원선,한남,4162,3946,8108
20210406,경부선,광명,2938,2633,5571
20210406,경원선,이촌,3863,3024,6887
20210406,경부선,서동탄,1635,1417,3052
20210406,경부선,당정,6473,6294,12767
20210406,경부선,천안,4742,4804,9546
20210406,경부선,두정,5561,5704,11265
20210406,경원선,신이문,8707,7945,16652
20210406,경원선,서빙고,1920,1779,3699
20210406,경원선,석계,8025,9246,17271
20210406,경원선,의정부,17777,18341,36118
20210406,경원선,월계,7175,6764,13939
20210406,경부선,성환,4135,4171,8306
20210406,경원선,보산,1461,1374,2835
20210406,경원선,동두천중앙,3210,3106,6316
20210406,경원선,지행,6369,6297,12666
20210406,경원선,덕정,6109,5952,12061
20210406,경원선,덕계,3108,2865,5973
20210406,경원선,양주,7965,7406,15371
20210406,경원선,녹양,4794,4500,9294
20210406,경원선,가능,6591,6328,12919
20210406,경원선,회룡,12870,12856,25726
20210406,경원선,망월사,7761,7866,15627
20210406,경원선,도봉산,8600,5512,14112
20210406,경원선,도봉,6136,5953,12089
20210406,경원선,방학,9643,9533,19176
20210406,경원선,녹천,4807,3977,8784
20210406,경원선,광운대,9033,8816,17849
20210406,경부선,평택,11339,11091,22430
20210406,경강선,곤지암,2216,2164,4380
20210406,경부선,서정리,6491,6158,12649
20210406,경부선,가산디지털단지,18640,21890,40530
20210406,경부선,구로,19107,19479,38586
20210406,경부선,신길,9830,8265,18095
20210406,경부선,신도림,4292,4327,8619
20210406,경부선,영등포,35485,36392,71877
20210406,경부선,대방,13511,13824,27335
20210406,경부선,노량진,8288,8579,16867
20210406,경부선,용산,28819,29092,57911
20210406,경부선,남영,9940,10281,20221
20210406,경부선,서울역,4304,1407,5711
20210406,경강선,여주,1827,1830,3657
20210406,경강선,세종대왕릉,311,333,644
20210406,경강선,부발,1711,1723,3434
20210406,경강선,이천,2289,2407,4696
20210406,경강선,신둔도예촌,1416,1294,2710
20210406,경부선,금천구청,12185,12199,24384
20210406,경부선,지제,2710,2592,5302
20210406,경부선,석수,10180,9002,19182
20210406,경부선,안양,24388,24467,48855
20210406,경부선,송탄,4118,3785,7903
20210406,경부선,진위,1643,1471,3114
20210406,경부선,오산,9548,9407,18955
20210406,경부선,오산대,3851,3577,7428
20210406,경부선,세마,2712,2477,5189
20210406,경부선,병점,13731,13823,27554
20210406,경부선,세류,3014,2886,5900
20210406,경부선,독산,17193,18290,35483
20210406,경부선,수원,32742,34567,67309
20210406,경부선,화서,7675,7408,15083
20210406,경부선,성균관대,14938,14773,29711
20210406,경부선,의왕,9280,9261,18541
20210406,경부선,군포,7871,7876,15747
20210406,경부선,금정,27016,27328,54344
20210406,경부선,명학,9456,9318,18774
20210406,경부선,관악,7483,6984,14467
20210406,경원선,동두천,2360,2683,5043
20210406,4호선,서울역,11174,14227,25401
20210406,경의선,서울역,4290,5361,9651
20210406,5호선,답십리,16265,14867,31132
20210406,5호선,마장,5738,5255,10993
20210406,5호선,왕십리,4610,4936,9546
20210406,5호선,행당,8354,7468,15822
20210406,5호선,신금호,6502,6758,13260
20210406,5호선,청구,4133,3832,7965
20210406,5호선,동대문역사문화공원,2859,3338,6197
20210406,5호선,을지로4가,6298,6381,12679
20210406,5호선,종로3가,11913,11910,23823
20210406,5호선,광화문,30693,32328,63021
20210406,5호선,서대문,19744,20282,40026
20210406,5호선,충정로,5258,5400,10658
20210406,5호선,애오개,7181,7238,14419
20210406,5호선,공덕,15141,16118,31259
20210406,5호선,마포,15151,15475,30626
20210406,5호선,장한평,18785,18621,37406
20210406,5호선,여의나루,13922,15088,29010
20210406,5호선,군자,11235,12369,23604
20210406,5호선,광나루,13249,12333,25582
20210406,경강선,초월,3071,2943,6014
20210406,4호선,숙대입구,12943,12850,25793
20210406,4호선,삼각지,4953,5356,10309
20210406,4호선,신용산,15317,16081,31398
20210406,4호선,이촌,7365,8238,15603
20210406,4호선,동작,2810,3121,5931
20210406,4호선,총신대입구,18992,20573,39565
20210406,4호선,사당,24513,20289,44802
20210406,4호선,남태령,1223,1110,2333
20210406,4호선,당고개,13018,11899,24917
20210406,5호선,명일,9084,9364,18448
20210406,5호선,굽은다리,9249,8749,17998
20210406,5호선,길동,8084,8318,16402
20210406,5호선,강동,18897,18130,37027
20210406,5호선,천호,17934,17756,35690
20210406,5호선,아차산,15372,15038,30410
20210406,경원선,소요산,3438,2853,6291
20210406,5호선,여의도,30113,31660,61773
20210406,5호선,영등포시장,10051,10354,20405
20210406,경의선,풍산,5716,5336,11052
20210406,경의선,백마,7222,6915,14137
20210406,경의선,곡산,692,708,1400
20210406,경의선,능곡,3935,3546,7481
20210406,경의선,행신,7842,7895,15737
20210406,경의선,강매,3374,2961,6335
20210406,경의선,화전,2177,2024,4201
20210406,경의선,수색,2728,2928,5656
20210406,경의선,디지털미디어시티,2585,2392,4977
20210406,경의선,가좌,5533,5089,10622
20210406,경의선,홍대입구,1591,1680,3271
20210406,경의선,서강대,2081,2006,4087
20210406,경의선,공덕,3583,3220,6803
20210406,경의선,효창공원앞,2957,3398,6355
20210406,경의선,신촌,846,1074,1920
20210406,경의선,일산,9693,9666,19359
20210406,5호선,신길,4232,4612,8844
20210406,4호선,상계,19442,18119,37561
20210406,4호선,창동,25561,27386,52947
20210406,5호선,영등포구청,4211,4227,8438
20210406,5호선,양평,7663,7627,15290
20210406,5호선,오목교,22344,24094,46438
20210406,5호선,목동,17463,19031,36494
20210406,5호선,신정,14513,11530,26043
20210406,5호선,까치산,29627,28572,58199
20210406,5호선,화곡,28891,27233,56124
20210406,5호선,우장산,14840,14742,29582
20210406,5호선,발산,20262,20575,40837
20210406,5호선,마곡,10389,10315,20704
20210406,5호선,송정,6911,6530,13441
20210406,5호선,김포공항,6651,6315,12966
20210406,5호선,개화산,5528,5304,10832
20210406,5호선,방화,6873,6623,13496
20210406,4호선,쌍문,29774,27621,57395
20210406,6호선,구산,7749,5870,13619
20210406,경강선,경기광주,7055,6704,13759
20210406,7호선,신풍,12100,11427,23527
20210406,경강선,이매,1173,1130,2303
20210406,7호선,먹골,10205,9904,20109
20210406,7호선,태릉입구,8300,7959,16259
20210406,7호선,공릉,11831,11891,23722
20210406,7호선,하계,17856,16775,34631
20210406,7호선,중계,14750,13602,28352
20210406,7호선,노원,19508,20735,40243
20210406,7호선,중화,11276,11023,22299
20210406,7호선,마들,12613,12081,24694
20210406,7호선,도봉산,9637,11375,21012
20210406,7호선,장암,2381,971,3352
20210406,6호선,봉화산,8925,8407,17332
20210406,6호선,화랑대,11543,9091,20634
20210406,6호선,태릉입구,5277,6031,11308
20210406,6호선,석계,12323,12766,25089
20210406,7호선,수락산,12894,12798,25692
20210406,7호선,상봉,17264,16179,33443
20210406,7호선,면목,16141,15724,31865
20210406,7호선,사가정,16792,16595,33387
20210406,7호선,숭실대입구,12465,12857,25322
20210406,7호선,남성,11389,10630,22019
20210406,7호선,이수,15333,14920,30253
20210406,7호선,내방,14617,14990,29607
20210406,7호선,고속터미널,14748,12955,27703
20210406,7호선,논현,20963,22638,43601
20210406,7호선,학동,25135,26713,51848
20210406,7호선,강남구청,16866,18566,35432
20210406,7호선,청담,20038,22288,42326
20210406,7호선,뚝섬유원지,9970,9940,19910
20210406,7호선,건대입구,11765,12219,23984
20210406,7호선,어린이대공원,13333,13500,26833
20210406,7호선,군자,14990,11967,26957
20210406,7호선,중곡,10120,9283,19403
20210406,7호선,용마산,6171,6092,12263
20210406,6호선,돌곶이,8964,8378,17342
20210406,6호선,상월곡,6254,5673,11927
20210406,6호선,월곡,11259,11227,22486
20210406,6호선,고려대,7981,7669,15650
20210406,6호선,마포구청,14408,13105,27513
20210406,6호선,월드컵경기장,4771,4985,9756
20210406,6호선,디지털미디어시티,14419,15717,30136
20210406,6호선,증산,10150,10221,20371
20210406,6호선,새절,13323,12689,26012
20210406,6호선,연신내,1,0,1
20210406,6호선,독바위,2818,2929,5747
20210406,6호선,불광,4201,4400,8601
20210406,6호선,역촌,3652,4109,7761
20210406,6호선,응암,18141,17986,36127
20210406,5호선,하남검단산,4733,4648,9381
20210406,5호선,하남시청,4853,4934,9787
20210406,5호선,하남풍산,3696,3675,7371
20210406,5호선,미사,14482,14372,28854
20210406,4호선,회현,24799,26181,50980
20210406,6호선,망원,13589,14636,28225
20210406,7호선,상도,10563,10320,20883
20210406,6호선,합정,12363,12343,24706
20210406,6호선,광흥창,8975,8607,17582
20210406,6호선,안암,9976,10093,20069
20210406,6호선,보문,7048,6608,13656
20210406,6호선,창신,3804,2998,6802
20210406,6호선,동묘앞,7868,8265,16133
20210406,6호선,신당,8162,8640,16802
20210406,6호선,청구,3931,4133,8064
20210406,6호선,약수,3546,3601,7147
20210406,6호선,버티고개,2274,2282,4556
20210406,6호선,한강진,7461,8558,16019
20210406,6호선,이태원,8740,8844,17584
20210406,6호선,녹사평,4629,4533,9162
20210406,6호선,삼각지,6055,5276,11331
20210406,6호선,효창공원앞,7047,6413,13460
20210406,6호선,공덕,19093,18382,37475
20210406,6호선,대흥,7949,8259,16208
20210406,6호선,상수,7534,8333,15867
20210406,7호선,장승배기,9805,9489,19294
20210406,7호선,신대방삼거리,16656,16225,32881
20210406,7호선,보라매,10097,10173,20270
20210406,9호선,동작,1827,1454,3281
20210406,9호선,흑석,7857,8164,16021
20210406,9호선,노들,4467,3899,8366
20210406,9호선,노량진,25202,24916,50118
20210406,9호선,샛강,5995,6166,12161
20210406,9호선,여의도,27965,26793,54758
20210406,9호선,국회의사당,16228,16693,32921
20210406,9호선,당산,18106,18444,36550
20210406,9호선,선유도,8225,8030,16255
20210406,9호선,신목동,4099,3749,7848
20210406,9호선,염창,17223,17078,34301
20210406,9호선,등촌,11310,11084,22394
20210406,9호선,증미,7473,7461,14934
20210406,9호선,가양,20433,19949,40382
20210406,9호선,양천향교,9773,9948,19721
20210406,9호선,구반포,2687,2808,5495
20210406,9호선,마곡나루,11425,11419,22844
20210406,9호선,신반포,3186,3173,6359
20210406,9호선,사평,3282,3129,6411
20210406,경강선,판교,4391,4289,8680
20210406,9호선2~3단계,중앙보훈병원,10162,9076,19238
20210406,9호선2~3단계,둔촌오륜,1248,1070,2318
20210406,9호선2~3단계,올림픽공원,5756,5763,11519
20210406,9호선2~3단계,한성백제,2480,2255,4735
20210406,9호선2~3단계,송파나루,4625,4821,9446
20210406,9호선2~3단계,석촌,8030,7158,15188
20210406,9호선2~3단계,석촌고분,5742,5759,11501
20210406,9호선2~3단계,삼전,6477,6233,12710
20210406,9호선2~3단계,종합운동장,4229,4226,8455
20210406,9호선2~3단계,봉은사,14930,14966,29896
20210406,9호선2~3단계,삼성중앙,6954,7318,14272
20210406,9호선2~3단계,선정릉,9631,10630,20261
20210406,9호선2~3단계,언주,10027,10438,20465
20210406,9호선,신논현,30934,30536,61470
20210406,9호선,고속터미널,11223,13929,25152
20210406,경강선,삼동,2398,2233,4631
20210406,9호선,신방화,6729,6562,13291
20210406,9호선,김포공항,6948,10151,17099
20210406,7호선,굴포천,8700,9300,18000
20210406,7호선,삼산체육관,5196,4727,9923
20210406,7호선,상동,12432,12940,25372
20210406,7호선,부천시청,12652,12379,25031
20210406,7호선,신중동,14551,14464,29015
20210406,7호선,춘의,9790,9654,19444
20210406,7호선,부천종합운동장,4863,4339,9202
20210406,7호선,까치울,8015,7639,15654
20210406,7호선,온수,11534,10581,22115
20210406,7호선,천왕,11839,11318,23157
20210406,7호선,광명사거리,22760,22182,44942
20210406,7호선,철산,21751,22242,43993
20210406,7호선,가산디지털단지,49081,49132,98213
20210406,7호선,남구로,16446,17402,33848
20210406,7호선,대림,7819,7729,15548
20210406,7호선,부평구청,12022,10066,22088
20210406,9호선,공항시장,2872,3103,5975
20210406,8호선,암사,19360,17024,36384
20210406,8호선,강동구청,10456,11070,21526
20210406,9호선,개화,2682,1823,4505
20210406,8호선,모란,4158,3235,7393
20210406,8호선,수진,4924,4514,9438
20210406,8호선,신흥,4252,4557,8809
20210406,8호선,단대오거리,10618,10064,20682
20210406,8호선,남한산성입구,14150,13079,27229
20210406,8호선,산성,6560,6644,13204
20210406,8호선,복정,11718,10007,21725
20210406,8호선,장지,16980,16191,33171
20210406,8호선,문정,22527,23864,46391
20210406,8호선,가락시장,7893,8731,16624
20210406,8호선,송파,7877,7780,15657
20210406,8호선,석촌,7690,8847,16537
20210406,8호선,잠실,12898,14981,27879
20210406,8호선,몽촌토성,6022,6123,12145
20210406,8호선,천호,14806,16887,31693
20210406,4호선,명동,17272,17889,35161
20210406,중앙선,팔당,1005,1033,2038
20210406,5호선,고덕,9728,9604,19332
20210406,분당선,청명,4212,3986,8198
20210406,분당선,상갈,5534,5269,10803
20210406,분당선,기흥,9583,9104,18687
20210406,분당선,신갈,4547,4525,9072
20210406,분당선,구성,4964,5206,10170
20210406,분당선,죽전,13233,14603,27836
20210406,분당선,영통,8024,8373,16397
20210406,분당선,보정,2550,2276,4826
20210406,분당선,오리,11807,9945,21752
20210406,분당선,미금,15395,16194,31589
20210406,분당선,정자,17160,18280,35440
20210406,분당선,수내,13288,13363,26651
20210406,분당선,서현,23456,23898,47354
20210406,분당선,야탑,25375,26274,51649
20210406,분당선,이매,5771,5178,10949
20210406,분당선,망포,13955,13330,27285
20210406,분당선,매탄권선,4870,4723,9593
20210406,분당선,수원시청,11896,12599,24495
20210406,수인선,송도,2725,2451,5176
20210406,수인선,연수,4549,4330,8879
20210406,수인선,원인재,4406,4639,9045
20210406,수인선,남동인더스파크,2466,2722,5188
20210406,수인선,호구포,3935,4051,7986
20210406,수인선,인천논현,5643,6107,11750
20210406,수인선,소래포구,5688,5402,11090
20210406,수인선,월곶,2595,2398,4993
20210406,수인선,달월,98,84,182
20210406,수인선,사리,4049,3635,7684
20210406,수인선,야목,239,198,437
20210406,수인선,어천,695,665,1360
20210406,수인선,오목천,2946,2688,5634
20210406,수인선,고색,3758,3616,7374
20210406,분당선,매교,3150,3200,6350
20210406,분당선,모란,19498,19444,38942
20210406,분당선,태평,13515,13154,26669
20210406,분당선,가천대,8415,9582,17997
20210406,분당선,선정릉,8509,8898,17407
20210406,공항철도 1호선,영종,2957,3034,5991
20210406,공항철도 1호선,인천공항2터미널,1779,1669,3448
20210406,공항철도 1호선,인천공항1터미널,2867,3080,5947
20210406,공항철도 1호선,공항화물청사,2312,2517,4829
20210406,공항철도 1호선,운서,6001,5967,11968
20210406,공항철도 1호선,청라국제도시,6649,6149,12798
20210406,공항철도 1호선,검암,6998,6894,13892
20210406,공항철도 1호선,계양,9423,8659,18082
20210406,공항철도 1호선,김포공항,10481,6127,16608
20210406,공항철도 1호선,마곡나루,8715,8327,17042
20210406,공항철도 1호선,디지털미디어시티,14297,12900,27197
20210406,공항철도 1호선,홍대입구,8223,8247,16470
20210406,공항철도 1호선,공덕,2186,2839,5025
20210406,공항철도 1호선,서울역,6245,5692,11937
20210406,경춘선,춘천,1394,1348,2742
20210406,과천선,선바위,8764,7663,16427
20210406,수인선,인하대,5932,5717,11649
20210406,과천선,경마공원,1426,1311,2737
20210406,과천선,과천,5597,5270,10867
20210406,분당선,강남구청,9956,11440,21396
20210406,분당선,압구정로데오,18104,19965,38069
20210406,분당선,서울숲,11088,11467,22555
20210406,분당선,수원,7888,6598,14486
20210406,분당선,수서,13038,13213,26251
20210406,분당선,대모산입구,3566,3323,6889
20210406,분당선,개포동,3788,4001,7789
20210406,분당선,구룡,2056,2079,4135
20210406,분당선,도곡,6708,6927,13635
20210406,분당선,한티,13471,14310,27781
20210406,분당선,선릉,13583,20194,33777
20210406,과천선,범계,25759,25359,51118
20210406,과천선,평촌,18529,18296,36825
20210406,과천선,인덕원,24329,24798,49127
20210406,과천선,정부과천청사,10088,9988,20076
20210406,과천선,대공원,5315,5534,10849
20210406,수인선,숭의,4077,3831,7908
20210406,수인선,신포,1893,1901,3794
20210406,수인선,인천,979,1647,2626
20210406,일산선,정발산,7625,7577,15202
20210406,일산선,마두,7856,8051,15907
20210406,일산선,백석,9948,9887,19835
20210406,일산선,대곡,1998,1598,3596
20210406,일산선,화정,17302,17891,35193
20210406,1호선,제기동,18509,18943,37452
20210406,1호선,신설동,13948,13726,27674
20210406,1호선,동대문,11420,10675,22095
20210406,1호선,종로5가,22852,22471,45323
20210406,1호선,종로3가,25208,22915,48123
20210406,1호선,종각,34657,33500,68157
20210406,1호선,시청,22047,22182,44229
20210406,1호선,동묘앞,8688,9024,17712
20210406,1호선,서울역,40131,38017,78148
20210406,7호선,반포,5669,5588,11257
20210406,일산선,주엽,9035,9019,18054
20210406,중앙선,지평,68,94,162
20210406,일산선,대화,13204,10370,23574
20210406,장항선,쌍용,2191,2148,4339
20210406,중앙선,운길산,1146,1103,2249
20210406,중앙선,도심,2544,2063,4607
20210406,중앙선,덕소,5908,5844,11752
20210406,중앙선,양정,896,782,1678
20210406,중앙선,도농,10182,9252,19434
20210406,중앙선,구리,13684,13750,27434
20210406,중앙선,양원,1952,2014,3966
20210406,중앙선,망우,7605,7545,15150
20210406,중앙선,상봉,5995,6076,12071
20210406,중앙선,중랑,5513,5343,10856
20210406,중앙선,회기,24152,23552,47704
20210406,장항선,신창,1630,1671,3301
20210406,장항선,온양온천,3352,3296,6648
20210406,장항선,배방,932,897,1829
20210406,장항선,아산,2582,2395,4977
20210406,장항선,봉명,1243,1257,2500
20210406,경춘선,남춘천,2050,2138,4188
20210406,중앙선,용문,1860,1775,3635
20210406,중앙선,양평,2627,2768,5395
20210406,우이신설선,솔밭공원,2419,2417,4836
20210406,우이신설선,북한산우이,2862,2680,5542
20210406,안산선,수리산,4375,3563,7938
20210406,안산선,오이도,8674,8333,17007
20210406,안산선,정왕,9778,10181,19959
20210406,안산선,신길온천,1786,1624,3410
20210406,안산선,안산,11768,10718,22486
20210406,안산선,초지,5322,5803,11125
20210406,안산선,고잔,9156,8886,18042
20210406,안산선,중앙,17678,18438,36116
20210406,안산선,한대앞,8721,8755,17476
20210406,안산선,상록수,17026,17069,34095
20210406,안산선,반월,4519,4323,8842
20210406,안산선,대야미,5229,4746,9975
20210406,안산선,산본,16107,17315,33422
20210406,우이신설선,4.19민주묘지,3042,2890,5932
20210406,중앙선,원덕,522,430,952
20210406,우이신설선,가오리,3995,4026,8021
20210406,우이신설선,삼양,2028,2163,4191
20210406,중앙선,오빈,343,344,687
20210406,중앙선,아신,592,578,1170
20210406,중앙선,국수,819,794,1613
20210406,중앙선,신원,312,275,587
20210406,중앙선,양수,2080,2007,4087
20210406,일산선,원당,11515,11066,22581
20210406,일산선,삼송,18836,18299,37135
20210406,일산선,원흥,10270,9774,20044
20210406,우이신설선,신설동,2261,2202,4463
20210406,우이신설선,보문,1453,1429,2882
20210406,우이신설선,성신여대입구,3171,3410,6581
20210406,우이신설선,정릉,4501,4258,8759
20210406,우이신설선,북한산보국문,5987,5738,11725
20210406,우이신설선,솔샘,5714,5366,11080
20210406,우이신설선,삼양사거리,2381,2421,4802
20210406,우이신설선,화계,3264,3097,6361
20210406,경춘선,김유정,339,365,704
20210406,4호선,충무로,26951,27735,54686
20210406,경춘선,백양리,93,91,184
20210406,3호선,지축,4169,4091,8260
20210406,3호선,구파발,20995,19838,40833
20210406,3호선,연신내,37843,35455,73298
20210406,3호선,불광,16624,17714,34338
20210406,3호선,녹번,15183,14121,29304
20210406,3호선,홍제,18347,17551,35898
20210406,2호선,용두,2298,2466,4764
20210406,3호선,무악재,4051,4070,8121
20210406,3호선,경복궁,19011,18627,37638
20210406,3호선,안국,19594,20501,40095
20210406,3호선,종로3가,9804,11304,21108
20210406,3호선,을지로3가,10493,10824,21317
20210406,3호선,충무로,1,0,1
20210406,3호선,동대입구,8601,9326,17927
20210406,3호선,독립문,7382,7763,15145
20210406,2호선,신정네거리,10552,10969,21521
20210406,2호선,양천구청,6938,7304,14242
20210406,2호선,도림천,1467,1518,2985
20210406,2호선,구로디지털단지,62962,63489,126451
20210406,2호선,대림,25083,25614,50697
20210406,2호선,신도림,48688,47573,96261
20210406,2호선,문래,21953,22346,44299
20210406,2호선,영등포구청,23311,23868,47179
20210406,2호선,당산,19704,22858,42562
20210406,2호선,합정,29565,30683,60248
20210406,2호선,홍대입구,46664,48801,95465
20210406,2호선,신촌,31591,32596,64187
20210406,2호선,이대,11802,12385,24187
20210406,2호선,아현,10967,10481,21448
20210406,2호선,충정로,10187,10767,20954
20210406,2호선,용답,2669,2720,5389
20210406,2호선,신답,1606,1827,3433
20210406,2호선,신설동,3139,3230,6369
20210406,3호선,금호,8287,7856,16143
20210406,3호선,옥수,9272,9570,18842
20210406,3호선,압구정,31455,33476,64931
20210406,3호선,신사,30239,31324,61563
20210406,4호선,성신여대입구,19663,18786,38449
20210406,4호선,한성대입구,13872,13486,27358
20210406,4호선,혜화,30576,30594,61170
20210406,4호선,동대문,20874,21518,42392
20210406,4호선,동대문역사문화공원,14170,13261,27431
20210406,5호선,강일,3030,3219,6249
20210406,5호선,마천,6369,6327,12696
20210406,5호선,거여,8486,8038,16524
20210406,5호선,개롱,6761,6957,13718
20210406,5호선,오금,3932,3869,7801
20210406,5호선,방이,6908,7175,14083
20210406,5호선,올림픽공원,4323,3792,8115
20210406,5호선,둔촌동,8592,8652,17244
20210406,5호선,상일동,16417,14742,31159
20210406,경춘선,강촌,508,491,999
20210406,4호선,길음,20779,20184,40963
20210406,2호선,신대방,26630,26087,52717
20210406,4호선,미아사거리,27796,27022,54818
20210406,4호선,수유,34576,34449,69025
20210406,3호선,잠원,4944,4854,9798
20210406,3호선,고속터미널,36429,34381,70810
20210406,3호선,교대,14308,9387,23695
20210406,3호선,남부터미널,28185,28925,57110
20210406,3호선,양재,39536,42593,82129
20210406,3호선,매봉,12891,12424,25315
20210406,3호선,도곡,5505,5656,11161
20210406,3호선,대치,10868,11018,21886
20210406,3호선,학여울,1812,1939,3751
20210406,3호선,대청,10201,9380,19581
20210406,3호선,일원,10257,10018,20275
20210406,3호선,수서,16192,16487,32679
20210406,3호선,가락시장,9232,9141,18373
20210406,3호선,경찰병원,7512,7529,15041
20210406,3호선,오금,6194,5641,11835
20210406,4호선,미아,15355,15207,30562
20210406,2호선,신림,62427,60453,122880
20210406,3호선,약수,12961,12630,25591
20210406,2호선,서울대입구,46631,46045,92676
20210406,경인선,소사,9750,9359,19109
20210406,경인선,구일,7297,7689,14986
20210406,경인선,인천,3598,2735,6333
20210406,경인선,동인천,13981,13277,27258
20210406,경인선,제물포,10927,10564,21491
20210406,경인선,주안,19036,17294,36330
20210406,경인선,동암,15428,15510,30938
20210406,경인선,백운,7326,7230,14556
20210406,경인선,부평,29526,30930,60456
20210406,경인선,송내,28468,28326,56794
20210406,경인선,부천,32899,32693,65592
20210406,경인선,역곡,29209,29051,58260
20210406,경인선,오류동,12225,11639,23864
20210406,경인선,개봉,22020,22432,44452
20210406,경의선,임진강,24,12,36
20210406,경인선,간석,6057,5815,11872
20210406,경의선,문산,5044,5005,10049
20210406,경인선,도원,3318,3435,6753
20210406,경인선,중동,9289,9005,18294
20210406,2호선,봉천,24509,22818,47327
20210406,경춘선,가평,1538,1507,3045
20210406,경춘선,상천,355,330,685
20210406,경춘선,청평,1616,1573,3189
20210406,경춘선,대성리,850,849,1699
20210406,경춘선,마석,4104,3904,8008
20210406,경춘선,천마산,1782,1730,3512
20210406,경춘선,평내호평,6453,6351,12804
20210406,경춘선,금곡,1573,1530,3103
20210406,경춘선,사릉,3664,3469,7133
20210406,경춘선,퇴계원,3740,3490,7230
20210406,경춘선,별내,2873,2799,5672
20210406,경춘선,갈매,3229,2785,6014
20210406,경춘선,신내,1749,1804,3553
20210406,경인선,도화,4394,4146,8540
20210406,경인선,온수,7227,7005,14232
20210406,경의선,파주,1639,1227,2866
20210406,경인선,부개,8811,8126,16937
20210406,경춘선,굴봉산,201,195,396
20210406,2호선,구의,23517,23100,46617
20210406,2호선,강변,28814,27940,56754
20210406,2호선,잠실나루,14831,14545,29376
20210406,2호선,잠실,63387,62675,126062
20210406,2호선,잠실새내,20641,20371,41012
20210406,2호선,종합운동장,8492,9116,17608
20210406,2호선,삼성,50046,50940,100986
20210406,2호선,선릉,57056,51218,108274
20210406,2호선,역삼,51602,56868,108470
20210406,2호선,강남,83390,81634,165024
20210406,2호선,교대,34964,39311,74275
20210406,2호선,서초,22160,22048,44208
20210406,2호선,방배,18993,19706,38699
20210406,2호선,사당,35962,39868,75830
20210406,경의선,월롱,2860,2637,5497
20210406,2호선,건대입구,33505,35375,68880
20210406,2호선,성수,35453,38813,74266
20210406,2호선,낙성대,27013,26552,53565
20210406,2호선,한양대,8516,9358,17874
20210406,2호선,뚝섬,22325,23910,46235
20210406,경의선,금릉,4611,4441,9052
20210406,경의선,운정,6825,6415,13240
20210406,경의선,야당,6813,6698,13511
20210406,경의선,탄현,7823,7578,15401
20210406,4호선,노원,18709,20985,39694
20210406,1호선,청량리,20740,20328,41068
20210406,2호선,시청,23726,22985,46711
20210406,경의선,금촌,6686,6722,13408
20210406,2호선,을지로3가,21236,21028,42264
20210406,2호선,을지로4가,13091,13198,26289
20210406,2호선,동대문역사문화공원,11500,12721,24221
20210406,2호선,신당,13778,14316,28094
20210406,2호선,상왕십리,14001,13883,27884
20210406,2호선,왕십리,15608,12578,28186
20210406,2호선,을지로입구,38600,39517,78117
20210407,6호선,창신,3582,3110,6692
20210407,6호선,동묘앞,7882,8012,15894
20210407,6호선,신당,7916,8387,16303
20210407,6호선,청구,3853,4190,8043
20210407,6호선,약수,3478,3530,7008
20210407,6호선,광흥창,8874,8659,17533
20210407,6호선,버티고개,2203,2145,4348
20210407,6호선,녹사평,4717,4639,9356
20210407,6호선,이태원,9049,9264,18313
20210407,6호선,삼각지,6032,5242,11274
20210407,6호선,효창공원앞,7072,6403,13475
20210407,6호선,공덕,18571,17919,36490
20210407,6호선,대흥,7797,8159,15956
20210407,6호선,보문,6998,6470,13468
20210407,6호선,한강진,7817,8694,16511
20210407,6호선,안암,10007,10046,20053
20210407,7호선,수락산,12956,12846,25802
20210407,6호선,상월곡,6153,5504,11657
20210407,6호선,상수,7410,8309,15719
20210407,7호선,중화,11337,11053,22390
20210407,7호선,먹골,10145,10027,20172
20210407,7호선,태릉입구,8470,7836,16306
20210407,7호선,공릉,11831,11957,23788
20210407,7호선,하계,18251,17477,35728
20210407,7호선,중계,14323,13172,27495
20210407,7호선,노원,18996,20242,39238
20210407,7호선,마들,12495,11960,24455
20210407,7호선,도봉산,9577,11178,20755
20210407,6호선,봉화산,8789,8217,17006
20210407,6호선,화랑대,11421,8892,20313
20210407,6호선,태릉입구,5307,5974,11281
20210407,6호선,석계,12181,12692,24873
20210407,6호선,돌곶이,8900,8430,17330
20210407,6호선,월곡,11172,11113,22285
20210407,6호선,합정,12500,12285,24785
20210407,5호선,마장,5584,5173,10757
20210407,6호선,마포구청,13834,12680,26514
20210407,5호선,올림픽공원,4418,3847,8265
20210407,5호선,둔촌동,8484,8358,16842
20210407,5호선,상일동,16227,14606,30833
20210407,5호선,고덕,9411,9201,18612
20210407,5호선,명일,9166,9451,18617
20210407,5호선,굽은다리,9275,8842,18117
20210407,5호선,길동,8032,8256,16288
20210407,5호선,강동,18849,18146,36995
20210407,5호선,천호,18026,17860,35886
20210407,5호선,광나루,13247,12195,25442
20210407,5호선,아차산,15397,15159,30556
20210407,5호선,군자,11454,12328,23782
20210407,5호선,장한평,18577,18503,37080
20210407,5호선,답십리,16084,14926,31010
20210407,7호선,상봉,17148,15890,33038
20210407,5호선,방이,6798,7088,13886
20210407,6호선,망원,13615,14690,28305
20210407,5호선,오금,3979,3872,7851
20210407,5호선,거여,8144,7804,15948
20210407,6호선,월드컵경기장,5023,5183,10206
20210407,6호선,디지털미디어시티,13974,15282,29256
20210407,6호선,증산,10116,10084,20200
20210407,6호선,새절,13113,12393,25506
20210407,6호선,구산,7522,5713,13235
20210407,6호선,독바위,2714,2877,5591
20210407,6호선,불광,4446,4496,8942
20210407,6호선,역촌,3520,4147,7667
20210407,6호선,응암,17959,17500,35459
20210407,5호선,하남검단산,4746,4661,9407
20210407,5호선,하남시청,4740,4797,9537
20210407,5호선,하남풍산,3768,3682,7450
20210407,5호선,미사,14670,14258,28928
20210407,5호선,강일,2998,3250,6248
20210407,5호선,마천,6171,6174,12345
20210407,5호선,개롱,6416,6704,13120
20210407,7호선,면목,15739,15453,31192
20210407,9호선,동작,1743,1407,3150
20210407,7호선,용마산,6254,6185,12439
20210407,9호선,개화,2597,1826,4423
20210407,8호선,모란,4169,3197,7366
20210407,8호선,수진,5053,4662,9715
20210407,8호선,신흥,4313,4566,8879
20210407,8호선,단대오거리,10769,10358,21127
20210407,8호선,남한산성입구,13987,13009,26996
20210407,8호선,산성,6588,6794,13382
20210407,8호선,복정,11785,10144,21929
20210407,8호선,장지,17153,16295,33448
20210407,8호선,문정,22622,23773,46395
20210407,8호선,가락시장,7675,8477,16152
20210407,8호선,송파,7706,7787,15493
20210407,8호선,석촌,7667,9007,16674
20210407,8호선,잠실,12813,14953,27766
20210407,8호선,몽촌토성,6003,6101,12104
20210407,9호선,김포공항,6952,10613,17565
20210407,8호선,강동구청,10319,10653,20972
20210407,9호선,공항시장,2752,3063,5815
20210407,9호선,마곡나루,11305,11270,22575
20210407,5호선,왕십리,4506,4986,9492
20210407,9호선,흑석,7813,8127,15940
20210407,9호선,노들,4478,3922,8400
20210407,9호선,노량진,25331,25008,50339
20210407,9호선,샛강,6034,6306,12340
20210407,9호선,여의도,27866,26558,54424
20210407,9호선,국회의사당,16202,16588,32790
20210407,9호선,당산,17647,17947,35594
20210407,9호선,선유도,8196,7797,15993
20210407,9호선,신목동,4034,3669,7703
20210407,9호선,염창,17253,17109,34362
20210407,9호선,등촌,11197,10841,22038
20210407,9호선,증미,7460,7455,14915
20210407,9호선,가양,20169,19679,39848
20210407,9호선,양천향교,9827,10132,19959
20210407,9호선,신방화,6838,6704,13542
20210407,7호선,사가정,16457,16377,32834
20210407,8호선,천호,14871,16798,31669
20210407,7호선,부평구청,11980,9953,21933
20210407,7호선,숭실대입구,12164,12444,24608
20210407,7호선,남성,11107,10349,21456
20210407,7호선,이수,15411,14825,30236
20210407,7호선,내방,14450,14757,29207
20210407,7호선,고속터미널,14359,12553,26912
20210407,7호선,반포,5749,5693,11442
20210407,7호선,논현,21141,22322,43463
20210407,7호선,학동,25016,26711,51727
20210407,7호선,강남구청,16486,18096,34582
20210407,7호선,청담,20012,22203,42215
20210407,7호선,뚝섬유원지,10160,10080,20240
20210407,7호선,건대입구,11574,11960,23534
20210407,7호선,어린이대공원,13443,13531,26974
20210407,7호선,군자,14640,11923,26563
20210407,7호선,중곡,10054,9230,19284
20210407,7호선,상도,10192,10039,20231
20210407,8호선,암사,19046,17045,36091
20210407,7호선,장승배기,9708,9591,19299
20210407,7호선,신풍,11956,11562,23518
20210407,7호선,굴포천,8756,9307,18063
20210407,7호선,삼산체육관,5124,4695,9819
20210407,7호선,상동,12633,13180,25813
20210407,7호선,부천시청,12670,12506,25176
20210407,7호선,신중동,14429,14439,28868
20210407,7호선,춘의,9883,9712,19595
20210407,7호선,부천종합운동장,4768,4303,9071
20210407,7호선,까치울,8174,7865,16039
20210407,7호선,온수,11299,10352,21651
20210407,7호선,천왕,11685,10964,22649
20210407,7호선,광명사거리,22294,22023,44317
20210407,7호선,철산,21836,22365,44201
20210407,7호선,가산디지털단지,48431,48634,97065
20210407,7호선,남구로,16411,17423,33834
20210407,7호선,대림,7683,7562,15245
20210407,7호선,신대방삼거리,16322,15741,32063
20210407,5호선,행당,8282,7628,15910
20210407,3호선,약수,12928,12627,25555
20210407,5호선,청구,4087,3748,7835
20210407,2호선,이대,11800,12474,24274
20210407,2호선,신촌,30760,31859,62619
20210407,2호선,홍대입구,47732,49434,97166
20210407,2호선,합정,29394,30648,60042
20210407,2호선,당산,19256,22513,41769
20210407,2호선,영등포구청,23109,23366,46475
20210407,2호선,문래,21652,22134,43786
20210407,2호선,신도림,48345,46955,95300
20210407,2호선,대림,24855,25468,50323
20210407,2호선,구로디지털단지,62302,62490,124792
20210407,2호선,신대방,26286,25861,52147
20210407,2호선,신림,62180,60505,122685
20210407,2호선,봉천,24381,22824,47205
20210407,2호선,서울대입구,46151,45389,91540
20210407,2호선,낙성대,26911,26321,53232
20210407,2호선,아현,10711,10295,21006
20210407,2호선,사당,36222,39468,75690
20210407,2호선,충정로,10081,10767,20848
20210407,2호선,신답,1600,1855,3455
20210407,3호선,안국,19567,20486,40053
20210407,3호선,경복궁,19659,19156,38815
20210407,3호선,독립문,7403,7669,15072
20210407,3호선,무악재,3882,4082,7964
20210407,3호선,홍제,18060,17277,35337
20210407,3호선,녹번,14872,13668,28540
20210407,3호선,불광,16270,17297,33567
20210407,3호선,연신내,36975,34920,71895
20210407,3호선,구파발,20541,19448,39989
20210407,3호선,지축,3986,3943,7929
20210407,2호선,용두,2283,2422,4705
20210407,2호선,신정네거리,10471,10912,21383
20210407,2호선,양천구청,6845,7306,14151
20210407,2호선,도림천,1403,1472,2875
20210407,2호선,신설동,3306,3320,6626
20210407,2호선,용답,2629,2643,5272
20210407,3호선,종로3가,9855,11371,21226
20210407,2호선,방배,18736,19595,38331
20210407,2호선,교대,34386,38790,73176
20210407,2호선,을지로3가,20966,20745,41711
20210407,2호선,을지로입구,38255,38868,77123
20210407,2호선,시청,23621,22822,46443
20210407,1호선,청량리,19805,19424,39229
20210407,1호선,제기동,17306,17780,35086
20210407,1호선,신설동,14044,13785,27829
20210407,1호선,동대문,10908,10370,21278
20210407,1호선,종로5가,22071,21787,43858
20210407,1호선,종로3가,25278,22962,48240
20210407,1호선,종각,34198,33120,67318
20210407,1호선,시청,20969,21301,42270
20210407,1호선,동묘앞,8666,9066,17732
20210407,1호선,서울역,40190,37629,77819
20210407,9호선,구반포,2699,2778,5477
20210407,6호선,고려대,7758,7550,15308
20210407,2호선,을지로4가,12663,12655,25318
20210407,2호선,서초,21731,21427,43158
20210407,2호선,동대문역사문화공원,11727,12880,24607
20210407,2호선,상왕십리,14020,13632,27652
20210407,2호선,강남,82911,80823,163734
20210407,2호선,역삼,50895,55952,106847
20210407,2호선,선릉,55916,50100,106016
20210407,2호선,삼성,50736,51453,102189
20210407,2호선,종합운동장,8307,8956,17263
20210407,2호선,잠실새내,19921,19808,39729
20210407,2호선,잠실,64291,63685,127976
20210407,2호선,잠실나루,14367,14136,28503
20210407,2호선,강변,28763,27881,56644
20210407,2호선,구의,23287,23101,46388
20210407,2호선,건대입구,33067,34652,67719
20210407,2호선,성수,35284,38510,73794
20210407,2호선,뚝섬,22159,23766,45925
20210407,2호선,한양대,8098,8774,16872
20210407,2호선,왕십리,15531,12707,28238
20210407,2호선,신당,13585,14097,27682
20210407,5호선,신금호,6415,6577,12992
20210407,3호선,을지로3가,10384,10708,21092
20210407,3호선,동대입구,8274,9167,17441
20210407,5호선,화곡,28984,27007,55991
20210407,5호선,우장산,14194,14118,28312
20210407,5호선,발산,20402,20869,41271
20210407,5호선,마곡,10193,10182,20375
20210407,5호선,송정,6841,6478,13319
20210407,5호선,김포공항,6674,6587,13261
20210407,5호선,개화산,5493,5269,10762
20210407,5호선,방화,6852,6386,13238
20210407,4호선,쌍문,29557,27454,57011
20210407,4호선,창동,25370,26904,52274
20210407,4호선,노원,18852,21078,39930
20210407,4호선,상계,19142,17604,36746
20210407,4호선,당고개,12855,11695,24550
20210407,4호선,남태령,1190,1066,2256
20210407,4호선,사당,24264,20356,44620
20210407,5호선,까치산,29540,28668,58208
20210407,4호선,총신대입구,19038,20604,39642
20210407,5호선,신정,14486,11670,26156
20210407,5호선,오목교,21919,23732,45651
20210407,5호선,동대문역사문화공원,2909,3307,6216
20210407,5호선,을지로4가,6165,6198,12363
20210407,5호선,종로3가,11921,11813,23734
20210407,5호선,광화문,30479,31628,62107
20210407,5호선,서대문,19070,19504,38574
20210407,5호선,충정로,5178,5169,10347
20210407,5호선,애오개,7068,7130,14198
20210407,5호선,공덕,14981,15804,30785
20210407,5호선,마포,14661,15143,29804
20210407,5호선,여의나루,14619,15921,30540
20210407,5호선,여의도,29971,31151,61122
20210407,5호선,신길,4145,4581,8726
20210407,5호선,영등포시장,9817,10118,19935
20210407,5호선,영등포구청,4109,4162,8271
20210407,5호선,양평,7669,7585,15254
20210407,5호선,목동,17315,18981,36296
20210407,3호선,충무로,1,0,1
20210407,4호선,동작,2904,2946,5850
20210407,4호선,신용산,15562,16412,31974
20210407,3호선,일원,9824,9768,19592
20210407,3호선,대청,10136,9158,19294
20210407,3호선,학여울,1935,2061,3996
20210407,3호선,대치,10615,10603,21218
20210407,3호선,도곡,5322,5339,10661
20210407,3호선,매봉,12747,12134,24881
20210407,3호선,양재,38737,41700,80437
20210407,3호선,남부터미널,27667,28575,56242
20210407,3호선,교대,14433,9269,23702
20210407,3호선,고속터미널,36230,34403,70633
20210407,3호선,잠원,4911,4870,9781
20210407,3호선,신사,29452,30690,60142
20210407,3호선,압구정,30354,32302,62656
20210407,3호선,옥수,9415,9708,19123
20210407,3호선,금호,8233,7782,16015
20210407,3호선,수서,16316,16542,32858
20210407,4호선,이촌,7314,8129,15443
20210407,3호선,가락시장,9059,8858,17917
20210407,3호선,오금,6209,5632,11841
20210407,4호선,삼각지,4968,5528,10496
20210407,4호선,숙대입구,12930,12705,25635
20210407,4호선,서울역,10984,14467,25451
20210407,4호선,회현,24454,25658,50112
20210407,4호선,명동,16882,17387,34269
20210407,4호선,충무로,26962,27634,54596
20210407,4호선,동대문역사문화공원,14353,13419,27772
20210407,4호선,동대문,20694,21428,42122
20210407,4호선,혜화,31345,31228,62573
20210407,4호선,한성대입구,13858,13511,27369
20210407,4호선,성신여대입구,19524,18606,38130
20210407,4호선,길음,20500,20056,40556
20210407,4호선,미아사거리,27544,26882,54426
20210407,4호선,미아,15276,14913,30189
20210407,4호선,수유,33878,33693,67571
20210407,3호선,경찰병원,7546,7634,15180
20210407,7호선,장암,2341,931,3272
20210407,9호선,신반포,3180,3146,6326
20210407,9호선,사평,3271,3153,6424
20210407,분당선,이매,5877,5339,11216
20210407,분당선,오리,11951,9972,21923
20210407,분당선,미금,15488,16389,31877
20210407,분당선,정자,17243,18215,35458
20210407,분당선,수내,12977,13246,26223
20210407,분당선,서현,23608,23858,47466
20210407,분당선,보정,2484,2283,4767
20210407,분당선,야탑,25406,26321,51727
20210407,분당선,태평,13338,12915,26253
20210407,분당선,가천대,8322,9470,17792
20210407,분당선,선정릉,8171,8651,16822
20210407,분당선,강남구청,9691,11063,20754
20210407,분당선,압구정로데오,18100,19668,37768
20210407,분당선,서울숲,11073,11557,22630
20210407,분당선,모란,19549,19607,39156
20210407,분당선,죽전,13299,14472,27771
20210407,분당선,구성,4979,5275,10254
20210407,분당선,신갈,4541,4556,9097
20210407,수인선,월곶,2607,2389,4996
20210407,수인선,달월,107,84,191
20210407,수인선,사리,4074,3774,7848
20210407,수인선,야목,276,238,514
20210407,수인선,어천,772,739,1511
20210407,수인선,오목천,2920,2662,5582
20210407,수인선,고색,3757,3600,7357
20210407,분당선,매교,3036,3145,6181
20210407,분당선,수원시청,11929,12762,24691
20210407,분당선,매탄권선,4941,4742,9683
20210407,분당선,망포,13990,13333,27323
20210407,분당선,영통,8061,8458,16519
20210407,분당선,청명,4276,4088,8364
20210407,분당선,상갈,5387,5133,10520
20210407,분당선,기흥,9576,9026,18602
20210407,분당선,수원,7962,6655,14617
20210407,분당선,복정,1,0,1
20210407,분당선,수서,12975,13250,26225
20210407,분당선,대모산입구,3356,3218,6574
20210407,공항철도 1호선,검암,6909,6855,13764
20210407,공항철도 1호선,계양,9331,8494,17825
20210407,공항철도 1호선,김포공항,10606,6434,17040
20210407,공항철도 1호선,마곡나루,8545,8209,16754
20210407,공항철도 1호선,디지털미디어시티,14129,12710,26839
20210407,공항철도 1호선,홍대입구,8416,8315,16731
20210407,공항철도 1호선,공덕,2140,2829,4969
20210407,공항철도 1호선,서울역,6379,5668,12047
20210407,경춘선,춘천,1348,1246,2594
20210407,경춘선,남춘천,2643,2689,5332
20210407,경춘선,김유정,313,316,629
20210407,경춘선,강촌,571,590,1161
20210407,경춘선,백양리,103,94,197
20210407,경춘선,굴봉산,179,184,363
20210407,경춘선,가평,1566,1544,3110
20210407,공항철도 1호선,청라국제도시,6666,6317,12983
20210407,수인선,인천논현,5635,6039,11674
20210407,공항철도 1호선,운서,6055,6105,12160
20210407,공항철도 1호선,인천공항1터미널,3026,3219,6245
20210407,분당선,개포동,3860,3987,7847
20210407,분당선,구룡,2042,2048,4090
20210407,분당선,도곡,6630,6574,13204
20210407,분당선,한티,13219,14115,27334
20210407,분당선,선릉,13295,19847,33142
20210407,과천선,범계,25635,25368,51003
20210407,과천선,평촌,18405,17942,36347
20210407,과천선,인덕원,24214,24837,49051
20210407,과천선,정부과천청사,9876,9924,19800
20210407,과천선,과천,5724,5279,11003
20210407,과천선,대공원,5031,5259,10290
20210407,과천선,경마공원,1421,1424,2845
20210407,과천선,선바위,8773,7710,16483
20210407,공항철도 1호선,영종,2941,3001,5942
20210407,공항철도 1호선,인천공항2터미널,1783,1728,3511
20210407,공항철도 1호선,공항화물청사,2354,2570,4924
20210407,수인선,호구포,4021,4151,8172
20210407,수인선,남동인더스파크,2489,2728,5217
20210407,수인선,원인재,4498,4646,9144
20210407,중앙선,망우,7589,7556,15145
20210407,중앙선,상봉,5801,5832,11633
20210407,중앙선,중랑,5653,5261,10914
20210407,중앙선,회기,23921,23557,47478
20210407,장항선,신창,1678,1651,3329
20210407,장항선,온양온천,3144,3126,6270
20210407,장항선,배방,938,912,1850
20210407,장항선,아산,2677,2537,5214
20210407,장항선,쌍용,2162,2008,4170
20210407,장항선,봉명,1266,1228,2494
20210407,일산선,대화,13121,10291,23412
20210407,일산선,주엽,9029,9084,18113
20210407,일산선,정발산,7535,7581,15116
20210407,일산선,마두,7842,8031,15873
20210407,일산선,백석,9874,9855,19729
20210407,중앙선,양원,1756,1760,3516
20210407,일산선,대곡,1946,1542,3488
20210407,중앙선,구리,13537,13700,27237
20210407,중앙선,양정,851,738,1589
20210407,9호선,고속터미널,11464,14057,25521
20210407,7호선,보라매,10013,9938,19951
20210407,중앙선,지평,78,92,170
20210407,중앙선,용문,1844,1827,3671
20210407,중앙선,원덕,486,437,923
20210407,중앙선,양평,2583,2715,5298
20210407,중앙선,오빈,328,322,650
20210407,중앙선,아신,561,593,1154
20210407,중앙선,국수,804,774,1578
20210407,중앙선,신원,266,236,502
20210407,중앙선,양수,1892,1962,3854
20210407,중앙선,운길산,988,939,1927
20210407,중앙선,팔당,971,1016,1987
20210407,중앙선,도심,2453,1976,4429
20210407,중앙선,덕소,5662,5658,11320
20210407,중앙선,도농,10018,9142,19160
20210407,경춘선,상천,419,389,808
20210407,일산선,화정,17349,17734,35083
20210407,일산선,삼송,18827,18344,37171
20210407,안산선,안산,11722,10769,22491
20210407,안산선,초지,5269,5759,11028
20210407,안산선,고잔,9083,8722,17805
20210407,안산선,중앙,17824,18604,36428
20210407,안산선,한대앞,8702,8615,17317
20210407,안산선,상록수,16677,16726,33403
20210407,안산선,반월,4549,4322,8871
20210407,안산선,대야미,5275,4846,10121
20210407,안산선,산본,16247,17245,33492
20210407,수인선,인천,1041,1722,2763
20210407,수인선,신포,1920,1846,3766
20210407,수인선,숭의,4225,3950,8175
20210407,수인선,인하대,6041,5646,11687
20210407,수인선,송도,2689,2468,5157
20210407,수인선,연수,4625,4454,9079
20210407,안산선,신길온천,1815,1634,3449
20210407,일산선,원당,11385,11008,22393
20210407,안산선,정왕,9667,10055,19722
20210407,안산선,수리산,4396,3588,7984
20210407,일산선,지축,1,0,1
20210407,일산선,원흥,10203,9854,20057
20210407,우이신설선,신설동,2146,2071,4217
20210407,우이신설선,보문,1462,1438,2900
20210407,우이신설선,성신여대입구,3065,3369,6434
20210407,우이신설선,정릉,4517,4220,8737
20210407,우이신설선,북한산보국문,5954,5789,11743
20210407,우이신설선,솔샘,5599,5324,10923
20210407,우이신설선,삼양사거리,2347,2412,4759
20210407,우이신설선,삼양,2003,2150,4153
20210407,우이신설선,화계,3248,3083,6331
20210407,우이신설선,가오리,3921,3923,7844
20210407,우이신설선,4.19민주묘지,3060,2908,5968
20210407,우이신설선,솔밭공원,2292,2240,4532
20210407,우이신설선,북한산우이,2817,2658,5475
20210407,안산선,오이도,8659,8421,17080
20210407,경춘선,청평,1545,1557,3102
20210407,수인선,소래포구,5463,5197,10660
20210407,경춘선,마석,4030,3897,7927
20210407,경부선,진위,1652,1424,3076
20210407,경부선,오산,9616,9446,19062
20210407,경부선,오산대,3806,3542,7348
20210407,경부선,세마,2625,2425,5050
20210407,경부선,병점,13650,13848,27498
20210407,경부선,세류,2997,2783,5780
20210407,경부선,독산,17123,18230,35353
20210407,경부선,수원,33051,34648,67699
20210407,경부선,화서,7756,7498,15254
20210407,경부선,성균관대,14919,14739,29658
20210407,경부선,의왕,9198,9181,18379
20210407,경부선,군포,7905,7846,15751
20210407,경부선,금정,27002,27304,54306
20210407,경부선,명학,9385,9336,18721
20210407,경부선,안양,24651,24693,49344
20210407,경부선,송탄,4036,3779,7815
20210407,경부선,관악,7459,6960,14419
20210407,경부선,서정리,6673,6351,13024
20210407,경부선,평택,11004,11131,22135
20210407,경원선,외대앞,7054,7172,14226
20210407,경원선,청량리,13724,14470,28194
20210407,경원선,왕십리,13262,14951,28213
20210407,경원선,응봉,1913,1680,3593
20210407,경원선,옥수,59,33,92
20210407,경원선,한남,4227,3914,8141
20210407,경원선,서빙고,1853,1690,3543
20210407,경원선,이촌,3948,3029,6977
20210407,경부선,광명,2910,2520,5430
20210407,경부선,서동탄,1585,1358,2943
20210407,경부선,당정,6516,6266,12782
20210407,경부선,천안,4682,4804,9486
20210407,경부선,두정,5441,5438,10879
20210407,경부선,직산,739,742,1481
20210407,경부선,성환,4108,4082,8190
20210407,경부선,지제,2728,2577,5305
20210407,경원선,신이문,8471,7886,16357
20210407,경부선,석수,10066,9009,19075
20210407,경부선,가산디지털단지,18605,21706,40311
20210407,경강선,판교,4478,4304,8782
20210407,9호선2~3단계,중앙보훈병원,10188,9001,19189
20210407,9호선2~3단계,둔촌오륜,1254,1101,2355
20210407,9호선2~3단계,올림픽공원,5615,5796,11411
20210407,9호선2~3단계,한성백제,2517,2274,4791
20210407,9호선2~3단계,송파나루,4499,4784,9283
20210407,9호선2~3단계,석촌,8190,7196,15386
20210407,9호선2~3단계,석촌고분,5672,5663,11335
20210407,9호선2~3단계,삼전,6568,6340,12908
20210407,9호선2~3단계,종합운동장,4180,4025,8205
20210407,9호선2~3단계,봉은사,15489,15669,31158
20210407,9호선2~3단계,삼성중앙,6957,7184,14141
20210407,9호선2~3단계,선정릉,9625,10476,20101
20210407,9호선2~3단계,언주,9964,10105,20069
20210407,경춘선,대성리,794,732,1526
20210407,경강선,이매,1164,1075,2239
20210407,경부선,금천구청,12073,12135,24208
20210407,경강선,삼동,2423,2172,4595
20210407,경강선,초월,3160,2921,6081
20210407,경부선,구로,19122,19819,38941
20210407,경부선,신길,9797,8231,18028
20210407,경부선,신도림,4408,4368,8776
20210407,경부선,영등포,35599,36700,72299
20210407,경부선,대방,13398,13622,27020
20210407,경부선,노량진,8571,8714,17285
20210407,경부선,용산,28676,29188,57864
20210407,경부선,남영,9423,9955,19378
20210407,경부선,서울역,4112,1392,5504
20210407,경강선,여주,1710,1823,3533
20210407,경강선,세종대왕릉,320,282,602
20210407,경강선,부발,1774,1748,3522
20210407,경강선,이천,2313,2473,4786
20210407,경강선,신둔도예촌,1417,1280,2697
20210407,경강선,곤지암,2219,2192,4411
20210407,경강선,경기광주,7031,6718,13749
20210407,경원선,석계,8119,9353,17472
20210407,9호선,신논현,30638,30353,60991
20210407,경원선,월계,7035,6592,13627
20210407,경인선,주안,19429,17513,36942
20210407,경인선,동암,15572,15503,31075
20210407,경인선,백운,7297,7264,14561
20210407,경인선,부평,30028,32035,62063
20210407,경인선,송내,28094,28347,56441
20210407,경인선,부천,33414,33511,66925
20210407,경인선,역곡,29032,28822,57854
20210407,경인선,오류동,12245,11685,23930
20210407,경인선,개봉,21837,22258,44095
20210407,경의선,임진강,17,15,32
20210407,경의선,문산,4986,4938,9924
20210407,경의선,파주,1681,1318,2999
20210407,경의선,월롱,2706,2414,5120
20210407,경의선,금촌,6233,6176,12409
20210407,경의선,금릉,4651,4528,9179
20210407,경인선,제물포,11093,10728,21821
20210407,경의선,운정,6638,6337,12975
20210407,경인선,동인천,14329,13508,27837
20210407,경인선,구일,7001,7450,14451
20210407,경원선,광운대,8813,8448,17261
20210407,경춘선,평내호평,6581,6490,13071
20210407,경춘선,금곡,1620,1568,3188
20210407,경춘선,사릉,3616,3449,7065
20210407,경춘선,퇴계원,3824,3526,7350
20210407,경춘선,별내,2892,2819,5711
20210407,경춘선,갈매,3105,2748,5853
20210407,경춘선,신내,1679,1734,3413
20210407,경인선,도화,4404,4074,8478
20210407,경인선,중동,9379,8850,18229
20210407,경인선,온수,7252,7097,14349
20210407,경인선,도원,4001,4140,8141
20210407,경인선,간석,6125,5921,12046
20210407,경인선,부개,8636,8244,16880
20210407,경인선,소사,9738,9334,19072
20210407,경인선,인천,3684,2904,6588
20210407,경의선,야당,6732,6452,13184
20210407,경춘선,천마산,1778,1677,3455
20210407,경의선,일산,9566,9417,18983
20210407,경원선,동두천중앙,3202,2998,6200
20210407,경원선,지행,6301,6318,12619
20210407,경원선,덕정,6230,5895,12125
20210407,경원선,덕계,3069,2762,5831
20210407,경원선,양주,7723,7248,14971
20210407,경원선,가능,6482,6476,12958
20210407,경원선,보산,1412,1331,2743
20210407,경원선,의정부,17637,18236,35873
20210407,경원선,망월사,7813,7971,15784
20210407,경원선,도봉산,8307,5390,13697
20210407,경원선,도봉,6008,5860,11868
20210407,경원선,방학,9517,9366,18883
20210407,경원선,녹천,4691,4046,8737
20210407,경의선,탄현,7571,7383,14954
20210407,경원선,회룡,12618,12653,25271
20210407,경원선,동두천,2344,2637,4981
20210407,경원선,녹양,4718,4459,9177
20210407,경의선,서울역,4326,5287,9613
20210407,경원선,소요산,3291,2747,6038
20210407,경의선,백마,7125,6815,13940
20210407,경의선,곡산,618,622,1240
20210407,경의선,능곡,3905,3560,7465
20210407,경의선,행신,7747,7764,15511
20210407,경의선,화전,2126,1914,4040
20210407,경의선,수색,2735,2941,5676
20210407,경의선,강매,3315,2789,6104
20210407,경의선,풍산,5576,5307,10883
20210407,경의선,가좌,5407,5055,10462
20210407,경의선,홍대입구,1579,1707,3286
20210407,경의선,서강대,1995,1955,3950
20210407,경의선,공덕,3539,3103,6642
20210407,경의선,효창공원앞,2937,3306,6243
20210407,경의선,신촌,827,1064,1891
20210407,경의선,디지털미디어시티,2367,2325,4692
20210408,일산선,화정,16993,17621,34614
20210408,우이신설선,신설동,2279,2177,4456
20210408,일산선,원흥,9992,9709,19701
20210408,일산선,삼송,18517,18245,36762
20210408,일산선,원당,11344,10823,22167
20210408,일산선,대곡,1928,1522,3450
20210408,장항선,아산,2653,2486,5139
20210408,일산선,마두,7471,7688,15159
20210408,일산선,정발산,7315,7374,14689
20210408,일산선,주엽,8802,8929,17731
20210408,일산선,대화,13175,10262,23437
20210408,장항선,봉명,1229,1218,2447
20210408,장항선,쌍용,2242,1969,4211
20210408,우이신설선,보문,1464,1460,2924
20210408,일산선,백석,9758,9820,19578
20210408,우이신설선,성신여대입구,3140,3446,6586
20210408,안산선,고잔,8951,8654,17605
20210408,우이신설선,북한산보국문,5954,5720,11674
20210408,경의선,가좌,5535,5106,10641
20210408,안산선,초지,5332,5740,11072
20210408,안산선,안산,11570,10648,22218
20210408,안산선,신길온천,1809,1652,3461
20210408,안산선,정왕,9775,9828,19603
20210408,안산선,오이도,8513,8330,16843
20210408,안산선,수리산,4367,3645,8012
20210408,우이신설선,북한산우이,2848,2612,5460
20210408,우이신설선,솔밭공원,2444,2343,4787
20210408,우이신설선,4.19민주묘지,2972,2968,5940
20210408,우이신설선,가오리,4023,3950,7973
20210408,우이신설선,화계,3312,3122,6434
20210408,우이신설선,삼양,1945,2073,4018
20210408,우이신설선,삼양사거리,2375,2393,4768
20210408,우이신설선,솔샘,5677,5395,11072
20210408,우이신설선,정릉,4561,4185,8746
20210408,장항선,배방,932,887,1819
20210408,경원선,망월사,7690,7990,15680
20210408,장항선,신창,1741,1415,3156
20210408,경원선,양주,7863,7342,15205
20210408,경원선,덕계,3187,2795,5982
20210408,경원선,덕정,5902,5654,11556
20210408,경원선,지행,6313,6379,12692
20210408,경원선,동두천중앙,3149,3052,6201
20210408,경원선,보산,1436,1339,2775
20210408,경원선,동두천,2195,2580,4775
20210408,경원선,소요산,3228,2931,6159
20210408,경의선,서울역,4208,5436,9644
20210408,경의선,신촌,782,1023,1805
20210408,경의선,효창공원앞,3012,3387,6399
20210408,경의선,공덕,3494,3150,6644
20210408,경의선,서강대,1977,1895,3872
20210408,경의선,홍대입구,1566,1758,3324
20210408,경원선,신이문,8677,7939,16616
20210408,경원선,녹양,4656,4404,9060
20210408,장항선,온양온천,3109,3259,6368
20210408,경원선,가능,6447,6227,12674
20210408,경원선,회룡,12554,12538,25092
20210408,중앙선,회기,24141,23195,47336
20210408,중앙선,중랑,5500,5255,10755
20210408,중앙선,상봉,6030,5918,11948
20210408,중앙선,망우,7808,7657,15465
20210408,중앙선,양원,1913,1972,3885
20210408,중앙선,구리,13702,13909,27611
20210408,중앙선,도농,10143,9245,19388
20210408,중앙선,양정,893,774,1667
20210408,경원선,석계,8063,9283,17346
20210408,경원선,광운대,8798,8585,17383
20210408,경원선,월계,7251,6719,13970
20210408,경원선,녹천,4770,4063,8833
20210408,경원선,방학,9672,9475,19147
20210408,경원선,도봉,6108,5880,11988
20210408,경원선,도봉산,8546,5453,13999
20210408,경원선,의정부,17394,18045,35439
20210408,안산선,중앙,17514,18217,35731
20210408,2호선,종합운동장,8436,8878,17314
20210408,안산선,상록수,16544,16630,33174
20210408,2호선,당산,19489,22731,42220
20210408,2호선,영등포구청,23693,24086,47779
20210408,2호선,문래,21825,22358,44183
20210408,2호선,신도림,48925,47551,96476
20210408,2호선,대림,24974,25588,50562
20210408,2호선,구로디지털단지,62801,62902,125703
20210408,2호선,합정,30001,31121,61122
20210408,2호선,신대방,26480,25735,52215
20210408,2호선,봉천,24427,22457,46884
20210408,2호선,서울대입구,46231,45362,91593
20210408,2호선,낙성대,26896,26110,53006
20210408,2호선,사당,36522,39707,76229
20210408,2호선,방배,18723,19559,38282
20210408,2호선,서초,21804,21500,43304
20210408,2호선,신림,62143,60316,122459
20210408,2호선,홍대입구,47669,49731,97400
20210408,2호선,신촌,30455,31371,61826
20210408,2호선,이대,11644,12117,23761
20210408,경의선,디지털미디어시티,2513,2457,4970
20210408,3호선,녹번,14867,13656,28523
20210408,3호선,불광,16443,17466,33909
20210408,3호선,연신내,36951,34625,71576
20210408,3호선,구파발,20457,19302,39759
20210408,3호선,지축,4125,3965,8090
20210408,2호선,용두,2318,2426,4744
20210408,2호선,신정네거리,10576,10937,21513
20210408,2호선,양천구청,6876,7245,14121
20210408,2호선,도림천,1446,1529,2975
20210408,2호선,신설동,3264,3212,6476
20210408,2호선,신답,1593,1808,3401
20210408,2호선,용답,2582,2674,5256
20210408,2호선,충정로,10129,10604,20733
20210408,2호선,아현,10603,10216,20819
20210408,2호선,교대,34531,39126,73657
20210408,2호선,강남,82303,80708,163011
20210408,2호선,역삼,51095,56240,107335
20210408,2호선,선릉,56143,50351,106494
20210408,1호선,제기동,17947,18308,36255
20210408,1호선,신설동,13971,13763,27734
20210408,1호선,동대문,10907,10297,21204
20210408,1호선,종로5가,22780,22656,45436
20210408,1호선,종로3가,24817,22702,47519
20210408,1호선,종각,34234,33246,67480
20210408,1호선,시청,21633,21823,43456
20210408,1호선,동묘앞,8642,8985,17627
20210408,1호선,서울역,40529,38593,79122
20210408,수인선,숭의,4072,3800,7872
20210408,수인선,신포,1845,1921,3766
20210408,수인선,인천,996,1599,2595
20210408,안산선,산본,16234,17197,33431
20210408,안산선,대야미,5272,4763,10035
20210408,안산선,반월,4425,4342,8767
20210408,1호선,청량리,20427,20323,40750
20210408,안산선,한대앞,8660,8582,17242
20210408,2호선,시청,23853,22928,46781
20210408,2호선,을지로3가,21341,21004,42345
20210408,2호선,삼성,52340,52959,105299
20210408,2호선,잠실새내,20228,20307,40535
20210408,2호선,잠실,64347,63579,127926
20210408,2호선,잠실나루,14521,14159,28680
20210408,2호선,강변,28850,28245,57095
20210408,2호선,구의,23377,23179,46556
20210408,2호선,건대입구,32854,34654,67508
20210408,2호선,성수,35284,38751,74035
20210408,2호선,뚝섬,22623,24034,46657
20210408,2호선,한양대,8547,9191,17738
20210408,2호선,왕십리,16004,12890,28894
20210408,2호선,상왕십리,14126,13647,27773
20210408,2호선,신당,13690,14266,27956
20210408,2호선,동대문역사문화공원,11580,12913,24493
20210408,2호선,을지로4가,12975,12913,25888
20210408,2호선,을지로입구,38025,38984,77009
20210408,경의선,수색,2721,2883,5604
20210408,3호선,홍제,17995,17179,35174
20210408,경의선,행신,7940,7851,15791
20210408,분당선,오리,11682,9781,21463
20210408,분당선,이매,5613,5286,10899
20210408,분당선,보정,2505,2289,4794
20210408,분당선,죽전,13236,14341,27577
20210408,분당선,구성,5036,5211,10247
20210408,분당선,신갈,4429,4446,8875
20210408,분당선,미금,15263,16296,31559
20210408,분당선,기흥,9474,9039,18513
20210408,분당선,청명,4315,4106,8421
20210408,분당선,영통,8069,8284,16353
20210408,분당선,망포,13826,13075,26901
20210408,분당선,매탄권선,4830,4819,9649
20210408,분당선,수원시청,11819,12691,24510
20210408,분당선,매교,3068,3130,6198
20210408,분당선,상갈,5427,5150,10577
20210408,분당선,정자,17024,18234,35258
20210408,분당선,수내,13132,13325,26457
20210408,분당선,서현,23412,23660,47072
20210408,분당선,한티,13293,14270,27563
20210408,분당선,도곡,6476,6595,13071
20210408,분당선,구룡,2037,2023,4060
20210408,분당선,개포동,3761,3922,7683
20210408,분당선,대모산입구,3462,3218,6680
20210408,분당선,수서,13422,13961,27383
20210408,분당선,수원,8054,6825,14879
20210408,분당선,서울숲,11003,11401,22404
20210408,분당선,압구정로데오,18364,20109,38473
20210408,분당선,강남구청,9992,11181,21173
20210408,분당선,선정릉,8233,8733,16966
20210408,분당선,가천대,8553,9657,18210
20210408,분당선,태평,13312,12779,26091
20210408,분당선,모란,19383,19205,38588
20210408,분당선,야탑,25089,26099,51188
20210408,수인선,고색,3832,3726,7558
20210408,수인선,오목천,2970,2703,5673
20210408,수인선,어천,689,685,1374
20210408,수인선,야목,273,216,489
20210408,경부선,지제,2739,2633,5372
20210408,경부선,서정리,6684,6111,12795
20210408,경부선,송탄,3994,3754,7748
20210408,경부선,진위,1535,1409,2944
20210408,경부선,오산,9857,9845,19702
20210408,중앙선,지평,82,80,162
20210408,중앙선,용문,1994,1947,3941
20210408,중앙선,원덕,464,416,880
20210408,중앙선,양평,4031,4184,8215
20210408,중앙선,오빈,325,338,663
20210408,중앙선,아신,590,611,1201
20210408,중앙선,국수,890,878,1768
20210408,중앙선,신원,301,275,576
20210408,중앙선,양수,2079,2079,4158
20210408,중앙선,운길산,1141,1105,2246
20210408,경부선,평택,11182,10943,22125
20210408,분당선,선릉,13426,19981,33407
20210408,경부선,성환,4268,4180,8448
20210408,경부선,두정,5649,5577,11226
20210408,수인선,사리,4124,3678,7802
20210408,수인선,달월,87,83,170
20210408,수인선,월곶,2612,2402,5014
20210408,경원선,외대앞,7087,7151,14238
20210408,경원선,청량리,14009,14937,28946
20210408,경원선,왕십리,13040,14715,27755
20210408,경원선,응봉,1944,1673,3617
20210408,경원선,옥수,47,40,87
20210408,경원선,한남,4178,4036,8214
20210408,경원선,서빙고,1881,1777,3658
20210408,경원선,이촌,3848,2975,6823
20210408,경부선,광명,3109,2775,5884
20210408,경부선,서동탄,1544,1348,2892
20210408,경부선,당정,6454,6227,12681
20210408,경부선,천안,4604,4681,9285
20210408,경부선,직산,719,721,1440
20210408,과천선,범계,25456,25079,50535
20210408,과천선,평촌,18335,18139,36474
20210408,과천선,인덕원,24408,24902,49310
20210408,경인선,부평,29409,31425,60834
20210408,경인선,백운,7191,7119,14310
20210408,경인선,동암,15355,15460,30815
20210408,경인선,주안,19104,17279,36383
20210408,경인선,제물포,10911,10527,21438
20210408,경인선,동인천,14078,13314,27392
20210408,경인선,인천,3663,2775,6438
20210408,경인선,구일,7352,7633,14985
20210408,경인선,소사,9574,9200,18774
20210408,경인선,부개,8640,8126,16766
20210408,경인선,간석,6108,5858,11966
20210408,경인선,도원,3278,3344,6622
20210408,경인선,온수,6999,6859,13858
20210408,경인선,중동,9438,8910,18348
20210408,경인선,도화,4241,3981,8222
20210408,경인선,송내,28247,28103,56350
20210408,경춘선,신내,1743,1771,3514
20210408,경인선,부천,32762,32777,65539
20210408,경인선,오류동,12509,11602,24111
20210408,경의선,능곡,3992,3615,7607
20210408,경의선,곡산,674,667,1341
20210408,경의선,백마,7228,6934,14162
20210408,경의선,풍산,5738,5427,11165
20210408,경의선,일산,10813,10874,21687
20210408,경의선,탄현,7808,7564,15372
20210408,경의선,야당,6932,6803,13735
20210408,경의선,운정,6803,6493,13296
20210408,경의선,금릉,4603,4542,9145
20210408,경의선,금촌,6138,6246,12384
20210408,경의선,월롱,2980,2568,5548
20210408,경의선,파주,1606,1155,2761
20210408,경의선,문산,5074,5195,10269
20210408,경의선,임진강,30,18,48
20210408,경인선,개봉,21925,22145,44070
20210408,경인선,역곡,28740,28619,57359
20210408,경의선,강매,3324,2953,6277
20210408,경춘선,갈매,3239,2789,6028
20210408,경춘선,퇴계원,3708,3501,7209
20210408,공항철도 1호선,마곡나루,8354,8078,16432
20210408,공항철도 1호선,김포공항,11042,6829,17871
20210408,공항철도 1호선,계양,9355,8664,18019
20210408,공항철도 1호선,검암,7125,7010,14135
20210408,공항철도 1호선,청라국제도시,6691,6272,12963
20210408,공항철도 1호선,운서,6122,6153,12275
20210408,공항철도 1호선,공항화물청사,2372,2514,4886
20210408,공항철도 1호선,인천공항1터미널,2965,3132,6097
20210408,공항철도 1호선,인천공항2터미널,1846,1747,3593
20210408,공항철도 1호선,영종,2873,2972,5845
20210408,과천선,선바위,8922,7694,16616
20210408,과천선,경마공원,1355,1321,2676
20210408,과천선,대공원,4426,4540,8966
20210408,과천선,과천,5618,5178,10796
20210408,과천선,정부과천청사,9931,9964,19895
20210408,공항철도 1호선,디지털미디어시티,14716,12954,27670
20210408,경춘선,별내,2919,2833,5752
20210408,공항철도 1호선,홍대입구,8457,8524,16981
20210408,공항철도 1호선,서울역,6810,6179,12989
20210408,경춘선,사릉,3658,3572,7230
20210408,경춘선,금곡,1617,1576,3193
20210408,경춘선,평내호평,6538,6590,13128
20210408,경춘선,천마산,1764,1619,3383
20210408,경춘선,마석,4439,4388,8827
20210408,경춘선,대성리,711,691,1402
20210408,경춘선,청평,1694,1735,3429
20210408,경춘선,상천,389,378,767
20210408,경춘선,가평,1590,1589,3179
20210408,경춘선,굴봉산,198,197,395
20210408,경춘선,백양리,92,108,200
20210408,경춘선,강촌,521,500,1021
20210408,경춘선,김유정,370,439,809
20210408,경춘선,남춘천,2152,2189,4341
20210408,경춘선,춘천,1481,1184,2665
20210408,공항철도 1호선,공덕,2212,2850,5062
20210408,3호선,무악재,4064,4050,8114
20210408,경의선,화전,1938,1790,3728
20210408,3호선,경복궁,19605,19126,38731
20210408,7호선,부평구청,11973,9806,21779
20210408,7호선,굴포천,8775,9467,18242
20210408,7호선,삼산체육관,5087,4536,9623
20210408,7호선,상동,12505,12899,25404
20210408,7호선,부천시청,12532,12485,25017
20210408,7호선,신중동,14225,14309,28534
20210408,8호선,암사,19024,16969,35993
20210408,7호선,춘의,9765,9645,19410
20210408,7호선,까치울,7976,7600,15576
20210408,7호선,온수,11357,10535,21892
20210408,수인선,소래포구,5699,5485,11184
20210408,수인선,인천논현,5623,5950,11573
20210408,수인선,호구포,3957,4076,8033
20210408,수인선,남동인더스파크,2337,2606,4943
20210408,7호선,부천종합운동장,4751,4199,8950
20210408,8호선,천호,14647,16887,31534
20210408,8호선,강동구청,10490,10812,21302
20210408,8호선,몽촌토성,5944,6153,12097
20210408,9호선,김포공항,7459,11668,19127
20210408,9호선,개화,2648,1845,4493
20210408,8호선,모란,4181,3373,7554
20210408,8호선,수진,4949,4547,9496
20210408,8호선,신흥,4338,4606,8944
20210408,8호선,단대오거리,10651,10252,20903
20210408,8호선,남한산성입구,13903,12762,26665
20210408,8호선,산성,6710,6594,13304
20210408,8호선,복정,11504,9898,21402
20210408,8호선,장지,17063,16336,33399
20210408,8호선,문정,22335,23521,45856
20210408,8호선,가락시장,7959,8782,16741
20210408,8호선,송파,7910,7845,15755
20210408,8호선,석촌,7533,8785,16318
20210408,8호선,잠실,13136,15192,28328
20210408,수인선,원인재,4391,4480,8871
20210408,수인선,연수,4508,4332,8840
20210408,수인선,송도,2615,2363,4978
20210408,수인선,인하대,5972,5745,11717
20210408,7호선,강남구청,16763,18373,35136
20210408,7호선,청담,20037,22491,42528
20210408,7호선,뚝섬유원지,9915,9846,19761
20210408,7호선,건대입구,11717,12175,23892
20210408,7호선,어린이대공원,13059,13040,26099
20210408,7호선,군자,14822,11879,26701
20210408,7호선,중곡,9999,9191,19190
20210408,7호선,용마산,6226,6116,12342
20210408,7호선,사가정,16595,16477,33072
20210408,7호선,면목,15947,15577,31524
20210408,7호선,상봉,17148,16130,33278
20210408,7호선,중화,11012,10811,21823
20210408,7호선,먹골,10154,10010,20164
20210408,7호선,태릉입구,8359,7835,16194
20210408,7호선,공릉,12026,11878,23904
20210408,7호선,학동,24722,26574,51296
20210408,9호선,신방화,6860,6653,13513
20210408,7호선,논현,21070,22660,43730
20210408,7호선,고속터미널,14428,13018,27446
20210408,7호선,천왕,11577,11000,22577
20210408,7호선,광명사거리,22411,22175,44586
20210408,7호선,철산,21664,22061,43725
20210408,7호선,가산디지털단지,48314,48867,97181
20210408,7호선,남구로,16072,17262,33334
20210408,7호선,대림,7537,7407,14944
20210408,7호선,신풍,11935,11386,23321
20210408,7호선,보라매,9963,9929,19892
20210408,7호선,신대방삼거리,16332,15862,32194
20210408,7호선,장승배기,9754,9460,19214
20210408,7호선,상도,10535,10291,20826
20210408,7호선,숭실대입구,12593,12879,25472
20210408,7호선,남성,11273,10484,21757
20210408,7호선,이수,15392,14874,30266
20210408,7호선,내방,14469,14825,29294
20210408,7호선,반포,5897,5640,11537
20210408,7호선,하계,17966,17008,34974
20210408,9호선,마곡나루,11532,11402,22934
20210408,9호선,가양,20223,19831,40054
20210408,경부선,가산디지털단지,19027,21895,40922
20210408,경부선,구로,19081,19487,38568
20210408,경부선,신길,9769,8316,18085
20210408,경부선,신도림,4298,4320,8618
20210408,경부선,영등포,35861,37028,72889
20210408,경부선,대방,13340,13745,27085
20210408,경부선,금천구청,12151,12179,24330
20210408,경부선,노량진,8684,8771,17455
20210408,경부선,남영,9820,10295,20115
20210408,경부선,서울역,4451,1540,5991
20210408,경강선,여주,1807,1847,3654
20210408,경강선,세종대왕릉,323,308,631
20210408,경강선,부발,1786,1701,3487
20210408,경강선,이천,2280,2501,4781
20210408,경부선,용산,29597,30149,59746
20210408,경부선,석수,10232,9145,19377
20210408,경부선,관악,7529,7031,14560
20210408,경부선,안양,24720,24801,49521
20210408,중앙선,팔당,997,1016,2013
20210408,중앙선,도심,2580,2011,4591
20210408,중앙선,덕소,5705,5775,11480
20210408,경부선,오산대,3642,3422,7064
20210408,경부선,세마,2662,2538,5200
20210408,경부선,병점,13880,13971,27851
20210408,경부선,세류,2977,2769,5746
20210408,경부선,독산,17030,18077,35107
20210408,경부선,수원,33233,34932,68165
20210408,경부선,화서,7594,7374,14968
20210408,경부선,성균관대,14963,14600,29563
20210408,경부선,의왕,9219,9163,18382
20210408,경부선,군포,7821,7809,15630
20210408,경부선,금정,26832,27491,54323
20210408,경부선,명학,9222,9262,18484
20210408,경강선,신둔도예촌,1462,1302,2764
20210408,경강선,곤지암,2182,2115,4297
20210408,경강선,초월,3030,2840,5870
20210408,경강선,경기광주,6955,6657,13612
20210408,9호선,신반포,3200,3215,6415
20210408,9호선,구반포,2892,2969,5861
20210408,9호선,동작,1820,1489,3309
20210408,9호선,흑석,7753,8064,15817
20210408,9호선,노들,4428,3787,8215
20210408,9호선,노량진,25644,25251,50895
20210408,9호선,샛강,5993,6182,12175
20210408,9호선,여의도,27909,26918,54827
20210408,9호선,국회의사당,15663,16039,31702
20210408,9호선,당산,18006,18200,36206
20210408,9호선,선유도,8086,7998,16084
20210408,9호선,신목동,4022,3612,7634
20210408,9호선,염창,17312,17282,34594
20210408,9호선,등촌,11234,10961,22195
20210408,9호선,증미,7355,7222,14577
20210408,9호선,고속터미널,11576,14348,25924
20210408,9호선,양천향교,9702,10076,19778
20210408,9호선,사평,3260,3167,6427
20210408,9호선2~3단계,언주,9869,10225,20094
20210408,경강선,삼동,2403,2239,4642
20210408,경강선,이매,1182,1053,2235
20210408,경강선,판교,4393,4280,8673
20210408,9호선2~3단계,중앙보훈병원,9913,8729,18642
20210408,9호선2~3단계,둔촌오륜,1263,1101,2364
20210408,9호선2~3단계,올림픽공원,5750,5658,11408
20210408,9호선2~3단계,한성백제,2510,2241,4751
20210408,9호선2~3단계,송파나루,4532,4729,9261
20210408,9호선2~3단계,석촌,7935,7083,15018
20210408,9호선2~3단계,석촌고분,5814,5837,11651
20210408,9호선2~3단계,삼전,6511,6340,12851
20210408,9호선2~3단계,종합운동장,4086,4011,8097
20210408,9호선2~3단계,봉은사,16263,16595,32858
20210408,9호선2~3단계,삼성중앙,6922,7189,14111
20210408,9호선2~3단계,선정릉,9581,10491,20072
20210408,9호선,신논현,31151,30769,61920
20210408,7호선,중계,14523,13323,27846
20210408,9호선,공항시장,2833,3086,5919
20210408,7호선,노원,18948,20271,39219
20210408,5호선,김포공항,7066,7010,14076
20210408,5호선,개화산,5365,5130,10495
20210408,5호선,방화,6904,6519,13423
20210408,4호선,쌍문,29363,27237,56600
20210408,4호선,창동,25421,27024,52445
20210408,4호선,노원,18334,20405,38739
20210408,4호선,상계,19185,17687,36872
20210408,4호선,당고개,12977,11806,24783
20210408,4호선,남태령,1287,1181,2468
20210408,4호선,사당,24113,20563,44676
20210408,4호선,총신대입구,18963,20510,39473
20210408,4호선,동작,2849,3075,5924
20210408,4호선,이촌,7187,8166,15353
20210408,4호선,신용산,15492,16320,31812
20210408,4호선,삼각지,5137,5551,10688
20210408,5호선,송정,6923,6566,13489
20210408,4호선,숙대입구,13004,12795,25799
20210408,5호선,마곡,10272,10120,20392
20210408,5호선,우장산,14758,14563,29321
20210408,5호선,충정로,5213,5288,10501
20210408,5호선,애오개,7073,7159,14232
20210408,5호선,공덕,15247,16179,31426
20210408,5호선,마포,15000,15455,30455
20210408,5호선,여의나루,13086,14747,27833
20210408,5호선,여의도,30262,31154,61416
20210408,5호선,신길,4150,4619,8769
20210408,5호선,영등포시장,9782,10187,19969
20210408,5호선,영등포구청,4138,4228,8366
20210408,5호선,양평,7715,7611,15326
20210408,5호선,오목교,22372,24201,46573
20210408,5호선,목동,17410,18918,36328
20210408,5호선,신정,14263,11351,25614
20210408,5호선,까치산,29309,28349,57658
20210408,5호선,화곡,28777,26941,55718
20210408,5호선,발산,20003,20471,40474
20210408,5호선,서대문,19335,19734,39069
20210408,4호선,서울역,11040,14752,25792
20210408,4호선,명동,16711,17263,33974
20210408,3호선,매봉,12476,12110,24586
20210408,3호선,양재,39313,42284,81597
20210408,3호선,남부터미널,28563,29288,57851
20210408,3호선,교대,14698,9548,24246
20210408,3호선,고속터미널,36619,34945,71564
20210408,3호선,잠원,4902,4772,9674
20210408,3호선,신사,30171,31209,61380
20210408,3호선,압구정,31079,32960,64039
20210408,3호선,옥수,9368,9681,19049
20210408,3호선,금호,8292,7820,16112
20210408,3호선,약수,13025,12714,25739
20210408,3호선,동대입구,8072,8744,16816
20210408,3호선,을지로3가,10278,10660,20938
20210408,3호선,종로3가,9934,11360,21294
20210408,3호선,독립문,7277,7640,14917
20210408,3호선,도곡,5530,5531,11061
20210408,4호선,회현,24284,25674,49958
20210408,3호선,대치,10619,10700,21319
20210408,3호선,대청,10044,9296,19340
20210408,4호선,충무로,27089,28017,55106
20210408,4호선,동대문역사문화공원,14224,13115,27339
20210408,4호선,동대문,20722,21190,41912
20210408,4호선,혜화,30763,31005,61768
20210408,4호선,한성대입구,14236,13686,27922
20210408,4호선,성신여대입구,19856,18780,38636
20210408,4호선,길음,20527,20136,40663
20210408,4호선,미아사거리,27780,26781,54561
20210408,4호선,미아,15228,15017,30245
20210408,4호선,수유,33362,33285,66647
20210408,3호선,오금,6211,5704,11915
20210408,3호선,경찰병원,7547,7646,15193
20210408,3호선,가락시장,9170,9039,18209
20210408,3호선,수서,16718,17149,33867
20210408,3호선,일원,9918,9614,19532
20210408,3호선,학여울,1829,1844,3673
20210408,5호선,광화문,30321,31652,61973
20210408,3호선,안국,19429,20272,39701
20210408,6호선,약수,3491,3552,7043
20210408,6호선,버티고개,2308,2241,4549
20210408,6호선,한강진,8068,9068,17136
20210408,6호선,이태원,9107,9334,18441
20210408,6호선,녹사평,4830,4725,9555
20210408,6호선,삼각지,5967,5366,11333
20210408,6호선,효창공원앞,7080,6563,13643
20210408,5호선,종로3가,11719,11573,23292
20210408,6호선,공덕,19018,18335,37353
20210408,6호선,광흥창,8908,8709,17617
20210408,6호선,합정,12698,12499,25197
20210408,6호선,망원,13839,15055,28894
20210408,6호선,마포구청,14376,12915,27291
20210408,6호선,월드컵경기장,4815,4991,9806
20210408,6호선,디지털미디어시티,14060,15317,29377
20210408,6호선,대흥,7934,8270,16204
20210408,6호선,청구,3961,4213,8174
20210408,6호선,신당,8327,8533,16860
20210408,6호선,동묘앞,7957,8091,16048
20210408,7호선,마들,12587,11913,24500
20210408,7호선,수락산,12931,12683,25614
20210408,7호선,도봉산,9404,11165,20569
20210408,7호선,장암,2406,1002,3408
20210408,6호선,봉화산,8972,8275,17247
20210408,6호선,화랑대,11398,8824,20222
20210408,6호선,태릉입구,5400,5972,11372
20210408,6호선,석계,12246,12753,24999
20210408,6호선,돌곶이,8928,8279,17207
20210408,6호선,상월곡,6336,5649,11985
20210408,6호선,월곡,11307,11286,22593
20210408,6호선,고려대,8039,7796,15835
20210408,6호선,안암,10050,10003,20053
20210408,6호선,보문,7200,6690,13890
20210408,6호선,창신,3754,3089,6843
20210408,6호선,증산,10140,10018,20158
20210408,6호선,새절,12980,12262,25242
20210408,6호선,상수,7567,8475,16042
20210408,6호선,독바위,2849,2961,5810
20210408,5호선,길동,8000,8221,16221
20210408,5호선,강동,18847,17938,36785
20210408,5호선,천호,17884,17695,35579
20210408,5호선,광나루,13525,12384,25909
20210408,5호선,아차산,15395,14977,30372
20210408,6호선,구산,7659,5889,13548
20210408,5호선,장한평,18800,18732,37532
20210408,5호선,답십리,16336,14808,31144
20210408,5호선,마장,5678,5228,10906
20210408,5호선,왕십리,4703,5030,9733
20210408,5호선,행당,8224,7406,15630
20210408,5호선,신금호,6558,6748,13306
20210408,5호선,청구,4155,3795,7950
20210408,5호선,동대문역사문화공원,2871,3350,6221
20210408,5호선,을지로4가,6247,6288,12535
20210408,5호선,굽은다리,9302,8738,18040
20210408,5호선,명일,8872,9059,17931
20210408,5호선,군자,11217,12190,23407
20210408,5호선,상일동,16165,14443,30608
20210408,5호선,고덕,9514,9368,18882
20210408,6호선,역촌,3602,4131,7733
20210408,6호선,응암,17986,17637,35623
20210408,5호선,하남검단산,4763,4686,9449
20210408,5호선,하남시청,4845,4807,9652
20210408,5호선,하남풍산,3809,3745,7554
20210408,5호선,미사,14605,14398,29003
20210408,6호선,불광,4274,4352,8626
20210408,5호선,마천,6332,6269,12601
20210408,5호선,거여,8461,8050,16511
20210408,5호선,개롱,6643,6753,13396
20210408,5호선,오금,3904,3894,7798
20210408,5호선,방이,6887,7069,13956
20210408,5호선,올림픽공원,4192,3780,7972
20210408,5호선,둔촌동,8664,8733,17397
20210408,5호선,강일,3004,3221,6225
20210409,3호선,충무로,2,0,2
20210409,3호선,동대입구,7850,8519,16369
20210409,3호선,약수,13476,12952,26428
20210409,3호선,금호,8501,8025,16526
20210409,3호선,옥수,9596,9764,19360
20210409,3호선,압구정,33069,35049,68118
20210409,3호선,신사,32460,34382,66842
20210409,3호선,남부터미널,30673,31894,62567
20210409,3호선,고속터미널,43870,47015,90885
20210409,3호선,교대,14962,9690,24652
20210409,3호선,양재,40969,42681,83650
20210409,3호선,매봉,12798,12255,25053
20210409,3호선,도곡,5541,5739,11280
20210409,3호선,대치,11286,11317,22603
20210409,3호선,을지로3가,10680,11366,22046
20210409,3호선,잠원,5211,5031,10242
20210409,3호선,종로3가,10111,12382,22493
20210409,5호선,마곡,9584,9639,19223
20210409,3호선,경복궁,20458,20138,40596
20210409,2호선,당산,19897,23296,43193
20210409,2호선,합정,31797,34113,65910
20210409,2호선,홍대입구,53281,56951,110232
20210409,2호선,신촌,33556,34547,68103
20210409,2호선,이대,12790,13018,25808
20210409,2호선,아현,10887,10261,21148
20210409,2호선,충정로,10011,10611,20622
20210409,2호선,용답,2758,2794,5552
20210409,2호선,신답,1667,1840,3507
20210409,2호선,신설동,3280,3319,6599
20210409,2호선,도림천,1411,1436,2847
20210409,2호선,양천구청,6919,7269,14188
20210409,2호선,신정네거리,10788,11014,21802
20210409,2호선,용두,2425,2457,4882
20210409,3호선,독립문,7584,7805,15389
20210409,3호선,안국,19747,20495,40242
20210409,3호선,학여울,1860,1797,3657
20210409,5호선,송정,7089,6624,13713
20210409,3호선,일원,10032,9581,19613
20210409,4호선,신용산,15899,16734,32633
20210409,4호선,이촌,7605,8387,15992
20210409,4호선,동작,2944,3108,6052
20210409,4호선,총신대입구,19732,21394,41126
20210409,4호선,사당,25610,21656,47266
20210409,4호선,남태령,1301,1109,2410
20210409,4호선,당고개,13056,12058,25114
20210409,4호선,상계,19445,17895,37340
20210409,4호선,노원,19535,22192,41727
20210409,4호선,창동,26392,28239,54631
20210409,4호선,쌍문,30092,27246,57338
20210409,5호선,방화,6905,6494,13399
20210409,5호선,개화산,5556,5246,10802
20210409,5호선,김포공항,7921,7851,15772
20210409,2호선,영등포구청,23549,23873,47422
20210409,4호선,삼각지,5195,5813,11008
20210409,3호선,대청,10285,9466,19751
20210409,4호선,숙대입구,13447,13102,26549
20210409,4호선,회현,24440,26027,50467
20210409,3호선,수서,18089,18645,36734
20210409,3호선,가락시장,9665,9520,19185
20210409,3호선,경찰병원,7811,7708,15519
20210409,3호선,오금,6380,5705,12085
20210409,4호선,수유,35135,34893,70028
20210409,4호선,미아,15648,14963,30611
20210409,4호선,미아사거리,28528,27882,56410
20210409,4호선,길음,20873,20038,40911
20210409,4호선,성신여대입구,20681,19612,40293
20210409,4호선,한성대입구,14323,13923,28246
20210409,4호선,혜화,31916,31123,63039
20210409,4호선,동대문,20843,21527,42370
20210409,4호선,동대문역사문화공원,14529,13514,28043
20210409,4호선,충무로,26896,27649,54545
20210409,4호선,명동,16986,17772,34758
20210409,4호선,서울역,10521,16101,26622
20210409,2호선,문래,21814,22610,44424
20210409,중앙선,망우,7855,7766,15621
20210409,2호선,대림,24944,25501,50445
20210409,일산선,삼송,19047,18394,37441
20210409,일산선,원당,11707,11146,22853
20210409,일산선,화정,17714,18245,35959
20210409,일산선,대곡,1964,1520,3484
20210409,일산선,백석,10047,10180,20227
20210409,일산선,마두,7661,8001,15662
20210409,일산선,원흥,10290,9662,19952
20210409,일산선,정발산,7832,8008,15840
20210409,일산선,대화,13088,10366,23454
20210409,장항선,봉명,1234,1163,2397
20210409,장항선,쌍용,2299,1996,4295
20210409,장항선,아산,3346,3294,6640
20210409,장항선,배방,1157,1099,2256
20210409,장항선,온양온천,4681,4934,9615
20210409,일산선,주엽,9101,9261,18362
20210409,우이신설선,신설동,2256,2191,4447
20210409,우이신설선,보문,1429,1464,2893
20210409,우이신설선,성신여대입구,3210,3619,6829
20210409,안산선,안산,12152,11225,23377
20210409,안산선,신길온천,1780,1642,3422
20210409,안산선,정왕,9720,9593,19313
20210409,안산선,오이도,9013,9065,18078
20210409,안산선,수리산,4336,3575,7911
20210409,우이신설선,북한산우이,2809,2712,5521
20210409,우이신설선,솔밭공원,2456,2334,4790
20210409,우이신설선,4.19민주묘지,3081,2915,5996
20210409,우이신설선,가오리,4073,3903,7976
20210409,우이신설선,화계,3478,3148,6626
20210409,우이신설선,삼양,2060,2160,4220
20210409,우이신설선,삼양사거리,2404,2528,4932
20210409,우이신설선,솔샘,5730,5241,10971
20210409,우이신설선,북한산보국문,6140,5735,11875
20210409,우이신설선,정릉,4629,4236,8865
20210409,장항선,신창,1687,1286,2973
20210409,중앙선,회기,25286,23985,49271
20210409,중앙선,중랑,5627,5424,11051
20210409,중앙선,상봉,6426,6291,12717
20210409,3호선,연신내,38489,36315,74804
20210409,3호선,불광,16826,17824,34650
20210409,3호선,녹번,15199,13525,28724
20210409,3호선,홍제,18252,17217,35469
20210409,3호선,무악재,4048,4010,8058
20210409,1호선,서울역,44358,43789,88147
20210409,2호선,서초,21636,21174,42810
20210409,2호선,방배,18687,19357,38044
20210409,2호선,사당,38214,41884,80098
20210409,2호선,낙성대,28217,26277,54494
20210409,2호선,서울대입구,48883,47194,96077
20210409,2호선,봉천,24728,22557,47285
20210409,2호선,신림,63902,61708,125610
20210409,2호선,신대방,26971,25927,52898
20210409,2호선,구로디지털단지,63564,63365,126929
20210409,3호선,구파발,20791,19714,40505
20210409,2호선,신도림,50503,49847,100350
20210409,3호선,지축,4142,3974,8116
20210409,중앙선,용문,1916,2114,4030
20210409,중앙선,양원,1940,1890,3830
20210409,중앙선,구리,13953,14306,28259
20210409,중앙선,도농,10324,9519,19843
20210409,중앙선,양정,872,718,1590
20210409,중앙선,덕소,5833,5884,11717
20210409,중앙선,도심,2501,1998,4499
20210409,중앙선,팔당,1068,1093,2161
20210409,중앙선,운길산,1042,1029,2071
20210409,중앙선,양수,1957,2034,3991
20210409,중앙선,신원,316,282,598
20210409,중앙선,국수,881,917,1798
20210409,중앙선,아신,673,685,1358
20210409,중앙선,오빈,337,348,685
20210409,중앙선,양평,2799,3181,5980
20210409,중앙선,원덕,477,468,945
20210409,중앙선,지평,74,101,175
20210409,5호선,발산,18564,19529,38093
20210409,7호선,남성,11477,10501,21978
20210409,5호선,화곡,29305,27065,56370
20210409,1호선,제기동,18354,18731,37085
20210409,1호선,청량리,21690,21437,43127
20210409,2호선,시청,23785,22876,46661
20210409,2호선,을지로입구,38838,39572,78410
20210409,2호선,을지로3가,21803,21594,43397
20210409,2호선,을지로4가,13199,13439,26638
20210409,1호선,신설동,14442,14025,28467
20210409,2호선,동대문역사문화공원,12040,13503,25543
20210409,2호선,상왕십리,14559,13917,28476
20210409,2호선,왕십리,16928,13619,30547
20210409,2호선,한양대,8518,8981,17499
20210409,2호선,뚝섬,23469,25187,48656
20210409,2호선,성수,35426,39321,74747
20210409,2호선,건대입구,36200,39130,75330
20210409,2호선,신당,14278,14883,29161
20210409,1호선,동대문,11287,10647,21934
20210409,1호선,종로5가,23071,23116,46187
20210409,1호선,종로3가,26140,24058,50198
20210409,6호선,보문,7379,6794,14173
20210409,6호선,안암,11047,10793,21840
20210409,6호선,고려대,8423,7847,16270
20210409,6호선,월곡,11837,11539,23376
20210409,6호선,상월곡,6403,5653,12056
20210409,6호선,돌곶이,9170,8451,17621
20210409,6호선,석계,12608,12768,25376
20210409,6호선,태릉입구,5450,6022,11472
20210409,6호선,화랑대,11503,9006,20509
20210409,6호선,봉화산,9009,8407,17416
20210409,7호선,장암,2431,1027,3458
20210409,7호선,도봉산,9444,11179,20623
20210409,1호선,동묘앞,8977,9305,18282
20210409,1호선,시청,21445,21605,43050
20210409,1호선,종각,34889,33550,68439
20210409,2호선,구의,23838,23265,47103
20210409,2호선,강변,32145,32520,64665
20210409,7호선,수락산,13164,12962,26126
20210409,7호선,마들,12930,12119,25049
20210409,2호선,삼성,52418,52969,105387
20210409,2호선,선릉,55863,50087,105950
20210409,2호선,역삼,50153,55103,105256
20210409,2호선,강남,88811,87764,176575
20210409,2호선,교대,34883,39512,74395
20210409,7호선,뚝섬유원지,11526,11318,22844
20210409,7호선,청담,20261,22779,43040
20210409,7호선,강남구청,17006,18730,35736
20210409,7호선,학동,24361,26273,50634
20210409,7호선,논현,21512,23289,44801
20210409,7호선,반포,6232,5851,12083
20210409,7호선,고속터미널,16351,14229,30580
20210409,7호선,내방,14695,14910,29605
20210409,7호선,이수,16164,15760,31924
20210409,안산선,초지,5058,5394,10452
20210409,2호선,종합운동장,8628,9235,17863
20210409,6호선,창신,3698,2985,6683
20210409,2호선,잠실새내,21563,22114,43677
20210409,2호선,잠실나루,14719,14171,28890
20210409,7호선,노원,20222,21767,41989
20210409,7호선,중계,14998,13412,28410
20210409,7호선,하계,18145,16913,35058
20210409,7호선,공릉,12440,12143,24583
20210409,7호선,태릉입구,8626,8073,16699
20210409,7호선,먹골,10403,10059,20462
20210409,7호선,중화,11550,11241,22791
20210409,7호선,상봉,17940,16796,34736
20210409,7호선,면목,16380,15864,32244
20210409,7호선,사가정,16896,16964,33860
20210409,7호선,용마산,6341,5960,12301
20210409,7호선,중곡,10061,9284,19345
20210409,7호선,군자,15223,12062,27285
20210409,7호선,어린이대공원,13513,13211,26724
20210409,7호선,건대입구,12354,12733,25087
20210409,2호선,잠실,68594,67836,136430
20210409,6호선,동묘앞,8064,8292,16356
20210409,6호선,신당,8403,8836,17239
20210409,6호선,청구,3922,4165,8087
20210409,5호선,청구,4170,3838,8008
20210409,5호선,신금호,6577,6594,13171
20210409,5호선,행당,8487,7443,15930
20210409,5호선,왕십리,4800,5256,10056
20210409,5호선,마장,5800,5368,11168
20210409,5호선,답십리,16253,14964,31217
20210409,5호선,장한평,18815,18842,37657
20210409,5호선,군자,11590,12891,24481
20210409,5호선,아차산,15371,14951,30322
20210409,5호선,광나루,13609,12282,25891
20210409,5호선,천호,18814,18621,37435
20210409,5호선,강동,19029,17979,37008
20210409,5호선,길동,8472,8693,17165
20210409,5호선,굽은다리,9438,9201,18639
20210409,5호선,명일,9042,9305,18347
20210409,5호선,동대문역사문화공원,2789,3342,6131
20210409,5호선,고덕,9518,9353,18871
20210409,5호선,을지로4가,6256,6218,12474
20210409,5호선,광화문,29538,31163,60701
20210409,5호선,까치산,29748,28333,58081
20210409,5호선,신정,14392,11271,25663
20210409,5호선,목동,17446,18883,36329
20210409,5호선,오목교,22830,24978,47808
20210409,5호선,양평,7563,7418,14981
20210409,5호선,영등포구청,4149,4224,8373
20210409,5호선,영등포시장,10163,10392,20555
20210409,5호선,신길,4201,4423,8624
20210409,5호선,여의도,29230,30968,60198
20210409,5호선,여의나루,14000,15414,29414
20210409,5호선,마포,14773,15282,30055
20210409,5호선,공덕,14511,15643,30154
20210409,5호선,애오개,7051,6941,13992
20210409,5호선,충정로,4953,5015,9968
20210409,5호선,서대문,18751,19061,37812
20210409,5호선,종로3가,12671,13008,25679
20210409,5호선,우장산,14987,14676,29663
20210409,5호선,상일동,16384,14483,30867
20210409,5호선,올림픽공원,4443,3908,8351
20210409,6호선,월드컵경기장,4986,5092,10078
20210409,6호선,마포구청,14604,12948,27552
20210409,6호선,망원,14937,16249,31186
20210409,6호선,합정,13799,13628,27427
20210409,6호선,상수,8416,9816,18232
20210409,6호선,광흥창,9098,8792,17890
20210409,6호선,대흥,8272,8467,16739
20210409,6호선,공덕,18830,18360,37190
20210409,6호선,효창공원앞,7154,6555,13709
20210409,6호선,삼각지,6304,5423,11727
20210409,6호선,녹사평,5526,5490,11016
20210409,6호선,이태원,10931,11551,22482
20210409,6호선,한강진,8481,9793,18274
20210409,6호선,버티고개,2324,2308,4632
20210409,6호선,약수,3593,3687,7280
20210409,6호선,디지털미디어시티,13829,14770,28599
20210409,5호선,둔촌동,9036,8780,17816
20210409,6호선,증산,10374,10147,20521
20210409,6호선,구산,7978,5699,13677
20210409,5호선,방이,6987,7219,14206
20210409,5호선,오금,3995,3939,7934
20210409,5호선,개롱,6715,6941,13656
20210409,5호선,거여,8644,8165,16809
20210409,5호선,마천,6549,6360,12909
20210409,5호선,강일,3133,3172,6305
20210409,5호선,미사,15386,15058,30444
20210409,5호선,하남풍산,4028,3899,7927
20210409,5호선,하남시청,5235,5321,10556
20210409,5호선,하남검단산,5115,5078,10193
20210409,6호선,응암,18449,17933,36382
20210409,6호선,역촌,3640,4186,7826
20210409,6호선,불광,4348,4421,8769
20210409,6호선,독바위,2813,2949,5762
20210409,6호선,연신내,2,0,2
20210409,6호선,새절,13124,12379,25503
20210409,안산선,고잔,9165,8678,17843
20210409,안산선,중앙,18458,19929,38387
20210409,안산선,한대앞,9030,8886,17916
20210409,경부선,신길,9816,8282,18098
20210409,경부선,구로,19625,20102,39727
20210409,경부선,가산디지털단지,18808,21348,40156
20210409,경부선,금천구청,12382,12341,24723
20210409,경부선,석수,10304,9017,19321
20210409,경부선,관악,7582,6980,14562
20210409,경부선,신도림,4425,4405,8830
20210409,경부선,안양,24672,25054,49726
20210409,경부선,금정,27344,27727,55071
20210409,경부선,군포,7983,7840,15823
20210409,경부선,의왕,9361,9207,18568
20210409,경부선,성균관대,14765,14466,29231
20210409,경부선,화서,7739,7543,15282
20210409,경부선,수원,36884,40204,77088
20210409,경부선,명학,9197,8915,18112
20210409,경부선,영등포,39582,41810,81392
20210409,경부선,대방,13150,13412,26562
20210409,경부선,노량진,9250,9225,18475
20210409,9호선2~3단계,중앙보훈병원,9973,8781,18754
20210409,경강선,판교,4491,4420,8911
20210409,경강선,이매,1177,1071,2248
20210409,경강선,삼동,2494,2211,4705
20210409,경강선,경기광주,7334,6946,14280
20210409,경강선,초월,3287,3010,6297
20210409,경강선,곤지암,2268,2238,4506
20210409,경강선,신둔도예촌,1611,1390,3001
20210409,경강선,이천,2650,2807,5457
20210409,경강선,부발,2446,1802,4248
20210409,경강선,세종대왕릉,365,363,728
20210409,경강선,여주,2099,2292,4391
20210409,경부선,서울역,6268,2198,8466
20210409,경부선,남영,9836,10172,20008
20210409,경부선,용산,34585,35984,70569
20210409,경부선,독산,16997,17823,34820
20210409,경부선,세류,3266,3098,6364
20210409,경부선,병점,15100,14797,29897
20210409,경부선,세마,2869,2593,5462
20210409,경원선,왕십리,14093,15853,29946
20210409,경원선,청량리,15860,17238,33098
20210409,경원선,외대앞,7543,7329,14872
20210409,경원선,신이문,8702,7927,16629
20210409,경원선,석계,8564,9669,18233
20210409,경원선,광운대,8843,8346,17189
20210409,경원선,월계,7092,6565,13657
20210409,경원선,녹천,4868,4007,8875
20210409,경원선,방학,9912,9620,19532
20210409,경원선,도봉,6162,5844,12006
20210409,경원선,도봉산,8686,5626,14312
20210409,경원선,망월사,7681,7784,15465
20210409,경원선,회룡,12798,12933,25731
20210409,경원선,의정부,18678,19338,38016
20210409,경원선,가능,6662,6382,13044
20210409,경원선,응봉,1974,1772,3746
20210409,9호선2~3단계,둔촌오륜,1275,1103,2378
20210409,경원선,옥수,63,26,89
20210409,경원선,서빙고,1950,1782,3732
20210409,경부선,오산대,3774,3502,7276
20210409,경부선,오산,10025,9829,19854
20210409,경부선,진위,1841,1502,3343
20210409,경부선,송탄,4706,4280,8986
20210409,경부선,서정리,7013,5969,12982
20210409,경부선,지제,3391,3248,6639
20210409,경부선,평택,13143,12511,25654
20210409,경부선,성환,4158,3733,7891
20210409,경부선,직산,874,774,1648
20210409,경부선,두정,6352,6372,12724
20210409,경부선,천안,5790,5793,11583
20210409,경부선,당정,6404,6215,12619
20210409,경부선,서동탄,1618,1426,3044
20210409,경부선,광명,3442,3389,6831
20210409,경원선,이촌,4117,3079,7196
20210409,경원선,한남,4182,3974,8156
20210409,9호선2~3단계,올림픽공원,6081,5984,12065
20210409,9호선2~3단계,한성백제,2596,2269,4865
20210409,9호선2~3단계,송파나루,4788,5177,9965
20210409,7호선,삼산체육관,5258,4729,9987
20210409,7호선,굴포천,8747,9360,18107
20210409,7호선,부평구청,11980,9952,21932
20210409,8호선,암사,19520,17442,36962
20210409,8호선,천호,15481,18293,33774
20210409,8호선,강동구청,10772,11025,21797
20210409,8호선,몽촌토성,6103,6265,12368
20210409,8호선,잠실,13941,16332,30273
20210409,8호선,석촌,8020,9414,17434
20210409,8호선,송파,8031,8110,16141
20210409,8호선,가락시장,8020,9012,17032
20210409,8호선,문정,22215,23379,45594
20210409,8호선,장지,17901,16910,34811
20210409,8호선,복정,11934,10164,22098
20210409,8호선,산성,6724,6758,13482
20210409,7호선,상동,12723,13489,26212
20210409,8호선,남한산성입구,14512,13027,27539
20210409,7호선,부천시청,12920,12847,25767
20210409,7호선,춘의,9851,9608,19459
20210409,7호선,숭실대입구,12704,12681,25385
20210409,7호선,상도,10867,10269,21136
20210409,7호선,장승배기,9801,9400,19201
20210409,7호선,신대방삼거리,16794,16133,32927
20210409,7호선,보라매,9643,9393,19036
20210409,7호선,신풍,11918,11427,23345
20210409,7호선,대림,7569,7673,15242
20210409,7호선,남구로,16148,17102,33250
20210409,7호선,가산디지털단지,47147,47138,94285
20210409,7호선,철산,22192,23111,45303
20210409,7호선,광명사거리,23120,22606,45726
20210409,7호선,천왕,11680,10932,22612
20210409,7호선,온수,11344,10296,21640
20210409,7호선,까치울,8191,7888,16079
20210409,7호선,부천종합운동장,4841,4177,9018
20210409,7호선,신중동,14785,15004,29789
20210409,경원선,녹양,4707,4597,9304
20210409,8호선,단대오거리,11228,10518,21746
20210409,8호선,수진,5370,4893,10263
20210409,9호선,흑석,8173,8307,16480
20210409,9호선,동작,1828,1463,3291
20210409,9호선,구반포,2835,2960,5795
20210409,9호선,신반포,3361,3305,6666
20210409,9호선,고속터미널,13017,17730,30747
20210409,9호선,사평,3382,3200,6582
20210409,9호선,신논현,33605,33282,66887
20210409,9호선2~3단계,언주,10222,10421,20643
20210409,9호선2~3단계,선정릉,9728,10474,20202
20210409,9호선2~3단계,삼성중앙,6913,7163,14076
20210409,9호선2~3단계,봉은사,16284,16283,32567
20210409,9호선2~3단계,종합운동장,4245,4224,8469
20210409,9호선2~3단계,삼전,6762,6518,13280
20210409,9호선2~3단계,석촌고분,5942,5897,11839
20210409,9호선2~3단계,석촌,8357,7476,15833
20210409,9호선,노들,4525,3820,8345
20210409,8호선,신흥,4699,5012,9711
20210409,9호선,노량진,26999,26244,53243
20210409,9호선,여의도,27563,26164,53727
20210409,8호선,모란,6727,5260,11987
20210409,9호선,개화,2651,1761,4412
20210409,9호선,김포공항,8481,13744,22225
20210409,9호선,공항시장,2893,3119,6012
20210409,9호선,신방화,6935,6626,13561
20210409,9호선,마곡나루,11246,11438,22684
20210409,9호선,양천향교,9996,10046,20042
20210409,9호선,가양,20327,19613,39940
20210409,9호선,증미,7462,7413,14875
20210409,9호선,등촌,11576,11102,22678
20210409,9호선,염창,17402,16857,34259
20210409,9호선,신목동,3978,3589,7567
20210409,9호선,선유도,8205,7821,16026
20210409,9호선,당산,18606,18297,36903
20210409,9호선,국회의사당,15431,15898,31329
20210409,9호선,샛강,6028,6185,12213
20210409,경원선,양주,7921,7575,15496
20210409,경의선,화전,1960,1774,3734
20210409,경원선,덕정,5870,5620,11490
20210409,분당선,개포동,3957,4101,8058
20210409,분당선,대모산입구,3609,3386,6995
20210409,분당선,수서,14693,15830,30523
20210409,분당선,수원,8856,7634,16490
20210409,분당선,서울숲,12475,12742,25217
20210409,분당선,압구정로데오,20063,22765,42828
20210409,분당선,구룡,2183,2011,4194
20210409,분당선,강남구청,10370,11650,22020
20210409,분당선,가천대,8247,8760,17007
20210409,분당선,태평,14122,13851,27973
20210409,분당선,모란,27331,28314,55645
20210409,분당선,야탑,26486,27660,54146
20210409,분당선,서현,25050,25505,50555
20210409,분당선,수내,13657,13694,27351
20210409,분당선,선정릉,8436,8902,17338
20210409,분당선,도곡,7054,6952,14006
20210409,분당선,한티,14278,14996,29274
20210409,분당선,선릉,13385,19879,33264
20210409,공항철도 1호선,검암,7264,7193,14457
20210409,공항철도 1호선,청라국제도시,6870,6347,13217
20210409,공항철도 1호선,운서,6348,6553,12901
20210409,공항철도 1호선,공항화물청사,2268,2496,4764
20210409,공항철도 1호선,인천공항1터미널,3086,3236,6322
20210409,공항철도 1호선,인천공항2터미널,1940,1802,3742
20210409,공항철도 1호선,영종,3069,3191,6260
20210409,과천선,선바위,8697,7543,16240
20210409,과천선,경마공원,1384,1380,2764
20210409,과천선,대공원,4520,4736,9256
20210409,과천선,과천,5889,5340,11229
20210409,과천선,정부과천청사,9829,9903,19732
20210409,과천선,인덕원,25005,25100,50105
20210409,과천선,평촌,18186,17948,36134
20210409,과천선,범계,26366,26184,52550
20210409,분당선,미금,16141,17084,33225
20210409,분당선,오리,12420,10319,22739
20210409,분당선,이매,6019,5501,11520
20210409,분당선,보정,2577,2301,4878
20210409,수인선,인천논현,5817,6230,12047
20210409,수인선,호구포,4113,4312,8425
20210409,수인선,남동인더스파크,2336,2680,5016
20210409,수인선,원인재,4507,4828,9335
20210409,수인선,연수,4690,4616,9306
20210409,수인선,송도,2697,2472,5169
20210409,수인선,인하대,6166,5717,11883
20210409,수인선,숭의,4100,3750,7850
20210409,수인선,신포,1936,2023,3959
20210409,수인선,인천,1118,1809,2927
20210409,안산선,산본,16729,18076,34805
20210409,안산선,대야미,5476,4753,10229
20210409,안산선,반월,4579,4286,8865
20210409,안산선,상록수,16705,16722,33427
20210409,경원선,덕계,2986,2679,5665
20210409,수인선,소래포구,5761,5557,11318
20210409,공항철도 1호선,계양,9439,8534,17973
20210409,수인선,월곶,2652,2496,5148
20210409,수인선,사리,4144,3829,7973
20210409,분당선,죽전,14398,15362,29760
20210409,분당선,구성,5153,5247,10400
20210409,분당선,신갈,4689,4704,9393
20210409,분당선,기흥,9884,9321,19205
20210409,분당선,상갈,5600,5290,10890
20210409,분당선,청명,4544,4222,8766
20210409,분당선,영통,8749,9040,17789
20210409,분당선,망포,14987,13648,28635
20210409,분당선,매탄권선,5171,4862,10033
20210409,분당선,수원시청,12851,14291,27142
20210409,분당선,매교,3072,3088,6160
20210409,수인선,고색,4038,3804,7842
20210409,수인선,오목천,3102,2707,5809
20210409,수인선,어천,857,746,1603
20210409,수인선,야목,265,270,535
20210409,수인선,달월,114,90,204
20210409,공항철도 1호선,김포공항,13497,7381,20878
20210409,분당선,정자,17743,19033,36776
20210409,공항철도 1호선,디지털미디어시티,13590,12084,25674
20210409,경의선,일산,9616,9625,19241
20210409,경의선,탄현,7806,7578,15384
20210409,경의선,야당,7051,6896,13947
20210409,경의선,운정,6817,6424,13241
20210409,경의선,금릉,4783,4780,9563
20210409,경의선,금촌,6665,6396,13061
20210409,경의선,월롱,2036,1930,3966
20210409,경의선,파주,1349,898,2247
20210409,경의선,문산,5817,5708,11525
20210409,경의선,임진강,22,12,34
20210409,경인선,개봉,22184,22772,44956
20210409,경인선,오류동,12445,11647,24092
20210409,경인선,역곡,29284,28870,58154
20210409,경인선,부천,33979,34879,68858
20210409,경인선,송내,28551,28441,56992
20210409,경의선,백마,7155,6855,14010
20210409,경인선,부평,31415,34402,65817
20210409,경의선,곡산,641,649,1290
20210409,경의선,행신,8025,8190,16215
20210409,공항철도 1호선,마곡나루,5288,5624,10912
20210409,경원선,동두천중앙,3223,3205,6428
20210409,경원선,보산,1785,1500,3285
20210409,경원선,동두천,2222,2602,4824
20210409,경원선,소요산,3236,2808,6044
20210409,경의선,서울역,4196,5494,9690
20210409,경의선,신촌,817,1085,1902
20210409,경의선,효창공원앞,3042,3373,6415
20210409,경의선,공덕,3461,3142,6603
20210409,경의선,서강대,2171,2066,4237
20210409,경의선,홍대입구,1769,2007,3776
20210409,경의선,가좌,5680,5233,10913
20210409,경의선,디지털미디어시티,2585,2454,5039
20210409,경의선,수색,2665,2719,5384
20210409,경의선,강매,3246,2921,6167
20210409,경의선,능곡,3979,3567,7546
20210409,경인선,백운,7493,7366,14859
20210409,경의선,풍산,5708,5347,11055
20210409,경원선,지행,6881,6661,13542
20210409,경춘선,천마산,1759,1656,3415
20210409,경춘선,마석,4058,4129,8187
20210409,경춘선,대성리,710,701,1411
20210409,경춘선,청평,1765,1916,3681
20210409,경춘선,상천,416,417,833
20210409,경춘선,가평,1723,1834,3557
20210409,경춘선,굴봉산,209,197,406
20210409,경춘선,백양리,102,108,210
20210409,경춘선,강촌,468,532,1000
20210409,경춘선,김유정,319,393,712
20210409,경춘선,남춘천,2514,2537,5051
20210409,경춘선,춘천,1699,1409,3108
20210409,공항철도 1호선,서울역,8096,7876,15972
20210409,공항철도 1호선,공덕,2198,2902,5100
20210409,경인선,동암,15675,15837,31512
20210409,경춘선,평내호평,6629,6782,13411
20210409,경춘선,금곡,1617,1550,3167
20210409,공항철도 1호선,홍대입구,9687,9584,19271
20210409,경춘선,퇴계원,3684,3455,7139
20210409,경춘선,사릉,3621,3462,7083
20210409,경인선,제물포,11211,10647,21858
20210409,경인선,동인천,14507,13645,28152
20210409,경인선,인천,3726,2897,6623
20210409,경인선,구일,6745,6872,13617
20210409,경인선,소사,9700,9082,18782
20210409,경인선,부개,8771,8215,16986
20210409,경인선,간석,6162,5863,12025
20210409,경인선,주안,19817,17894,37711
20210409,경인선,온수,7154,6933,14087
20210409,경인선,중동,9459,8955,18414
20210409,경인선,도화,4297,3963,8260
20210409,경춘선,신내,1751,1752,3503
20210409,경춘선,갈매,3245,2786,6031
20210409,경춘선,별내,2938,2858,5796
20210409,경인선,도원,3449,3533,6982
20210412,우이신설선,북한산우이,3025,2767,5792
20210412,우이신설선,솔밭공원,2234,2262,4496
20210412,우이신설선,4.19민주묘지,2591,2668,5259
20210412,우이신설선,가오리,3832,3958,7790
20210412,우이신설선,화계,3160,3093,6253
20210412,일산선,원흥,9318,8971,18289
20210412,우이신설선,삼양,1882,2096,3978
20210412,우이신설선,북한산보국문,5369,5393,10762
20210412,우이신설선,솔샘,5365,5167,10532
20210412,우이신설선,정릉,4080,3986,8066
20210412,우이신설선,성신여대입구,2896,3108,6004
20210412,우이신설선,보문,1423,1469,2892
20210412,우이신설선,신설동,2113,2094,4207
20210412,안산선,수리산,4044,3321,7365
20210412,우이신설선,삼양사거리,2279,2405,4684
20210412,안산선,오이도,8000,7390,15390
20210412,안산선,반월,4062,3883,7945
20210412,안산선,신길온천,1642,1417,3059
20210412,일산선,삼송,17440,17192,34632
20210412,수인선,연수,4308,4161,8469
20210412,수인선,송도,2356,2128,4484
20210412,수인선,인하대,5307,5080,10387
20210412,수인선,숭의,3707,3520,7227
20210412,수인선,신포,1514,1468,2982
20210412,수인선,인천,837,1347,2184
20210412,안산선,산본,14873,15763,30636
20210412,안산선,대야미,4603,4221,8824
20210412,안산선,상록수,15658,15646,31304
20210412,안산선,한대앞,8195,8316,16511
20210412,안산선,중앙,16195,16506,32701
20210412,안산선,고잔,8437,7962,16399
20210412,안산선,초지,4925,5268,10193
20210412,안산선,안산,11461,10670,22131
20210412,안산선,정왕,9566,10148,19714
20210412,일산선,원당,10515,10178,20693
20210412,7호선,숭실대입구,11614,12069,23683
20210412,일산선,대곡,1684,1234,2918
20210412,중앙선,덕소,5333,5319,10652
20210412,중앙선,도심,2381,1810,4191
20210412,중앙선,팔당,715,685,1400
20210412,중앙선,운길산,647,584,1231
20210412,중앙선,양수,1574,1569,3143
20210412,7호선,철산,20667,21537,42204
20210412,7호선,가산디지털단지,49082,47965,97047
20210412,7호선,남구로,16624,17863,34487
20210412,7호선,대림,8055,7888,15943
20210412,7호선,신풍,11593,11296,22889
20210412,7호선,보라매,9144,9115,18259
20210412,7호선,신대방삼거리,15752,15462,31214
20210412,7호선,장승배기,9418,9488,18906
20210412,7호선,상도,10050,9910,19960
20210412,수인선,원인재,4051,4156,8207
20210412,중앙선,양정,796,676,1472
20210412,일산선,화정,15926,16387,32313
20210412,중앙선,도농,9615,8886,18501
20210412,중앙선,양원,1772,1800,3572
20210412,일산선,백석,9451,9648,19099
20210412,일산선,마두,7135,7457,14592
20210412,일산선,정발산,6357,6174,12531
20210412,일산선,주엽,8546,8595,17141
20210412,일산선,대화,12583,9874,22457
20210412,장항선,봉명,1161,1090,2251
20210412,장항선,쌍용,1876,1941,3817
20210412,장항선,아산,2509,2268,4777
20210412,장항선,배방,882,836,1718
20210412,장항선,온양온천,3086,3071,6157
20210412,장항선,신창,1268,1478,2746
20210412,중앙선,회기,22214,22154,44368
20210412,중앙선,중랑,5184,5058,10242
20210412,중앙선,상봉,5404,5382,10786
20210412,중앙선,망우,7041,7129,14170
20210412,중앙선,구리,12983,13122,26105
20210412,수인선,남동인더스파크,2330,2657,4987
20210412,경인선,간석,5725,5449,11174
20210412,수인선,인천논현,5226,5520,10746
20210412,경의선,월롱,1798,1907,3705
20210412,경의선,금촌,5770,5656,11426
20210412,경의선,금릉,4281,4119,8400
20210412,경의선,운정,6257,5815,12072
20210412,경의선,야당,6127,5693,11820
20210412,경의선,탄현,7254,6976,14230
20210412,경의선,일산,8890,9043,17933
20210412,경의선,풍산,5120,4816,9936
20210412,경의선,백마,6642,6422,13064
20210412,경의선,곡산,564,498,1062
20210412,경의선,능곡,3505,3201,6706
20210412,경의선,행신,7305,7320,14625
20210412,경의선,강매,3095,2673,5768
20210412,경의선,화전,1719,1596,3315
20210412,경의선,수색,2697,2801,5498
20210412,경의선,파주,1548,1211,2759
20210412,경의선,디지털미디어시티,2305,2309,4614
20210412,경의선,문산,4413,4295,8708
20210412,경인선,개봉,20551,21910,42461
20210412,7호선,남성,10782,10431,21213
20210412,경인선,부개,8263,7832,16095
20210412,경인선,소사,9149,8787,17936
20210412,경인선,구일,6069,6350,12419
20210412,경인선,인천,2736,1955,4691
20210412,경인선,동인천,12591,11845,24436
20210412,경인선,제물포,10147,9916,20063
20210412,경인선,주안,17900,16389,34289
20210412,경인선,동암,14352,14224,28576
20210412,경인선,백운,6865,6914,13779
20210412,경인선,부평,27503,28429,55932
20210412,경인선,송내,26839,26572,53411
20210412,경인선,부천,31143,30958,62101
20210412,경인선,역곡,27286,27313,54599
20210412,경인선,오류동,11450,11088,22538
20210412,경의선,임진강,5,8,13
20210412,수인선,호구포,3751,4006,7757
20210412,경의선,가좌,5126,5053,10179
20210412,경의선,서강대,1917,1876,3793
20210412,경원선,방학,8929,8806,17735
20210412,경원선,녹천,4604,3972,8576
20210412,경원선,월계,6424,6145,12569
20210412,경원선,광운대,8547,8411,16958
20210412,경원선,석계,7492,8659,16151
20210412,경원선,신이문,8194,7788,15982
20210412,분당선,매교,2865,2880,5745
20210412,수인선,고색,3500,3389,6889
20210412,수인선,오목천,2662,2466,5128
20210412,수인선,어천,605,609,1214
20210412,수인선,야목,220,177,397
20210412,수인선,사리,3659,3257,6916
20210412,수인선,달월,89,57,146
20210412,수인선,월곶,2310,2233,4543
20210412,수인선,소래포구,4511,4203,8714
20210412,경원선,도봉,5658,5685,11343
20210412,경의선,홍대입구,1244,1419,2663
20210412,경원선,도봉산,6625,3953,10578
20210412,경원선,회룡,11715,11484,23199
20210412,경의선,공덕,3329,2959,6288
20210412,경의선,효창공원앞,2775,3219,5994
20210412,경의선,신촌,770,1015,1785
20210412,경의선,서울역,3986,5118,9104
20210412,경원선,소요산,2122,1742,3864
20210412,경원선,동두천,2077,2425,4502
20210412,경원선,보산,1396,1254,2650
20210412,경원선,동두천중앙,2908,2794,5702
20210412,경원선,지행,5794,5647,11441
20210412,경원선,덕정,5485,5387,10872
20210412,경원선,덕계,2969,2673,5642
20210412,경원선,양주,7217,6729,13946
20210412,경원선,녹양,4278,4052,8330
20210412,경원선,가능,6173,5960,12133
20210412,경원선,의정부,16692,16792,33484
20210412,경원선,망월사,7225,7530,14755
20210412,7호선,이수,14514,14356,28870
20210412,9호선,노량진,24250,23743,47993
20210412,7호선,고속터미널,14766,12244,27010
20210412,8호선,복정,10863,9360,20223
20210412,8호선,장지,16085,15584,31669
20210412,8호선,문정,22625,23192,45817
20210412,8호선,가락시장,7516,8272,15788
20210412,8호선,송파,7463,7892,15355
20210412,8호선,석촌,7137,8196,15333
20210412,8호선,산성,6119,6197,12316
20210412,8호선,잠실,12590,14010,26600
20210412,8호선,강동구청,10177,10806,20983
20210412,경부선,성균관대,13829,13808,27637
20210412,경부선,의왕,8369,8416,16785
20210412,경부선,군포,7431,7595,15026
20210412,경부선,금정,25069,25957,51026
20210412,경부선,명학,8946,8956,17902
20210412,8호선,몽촌토성,5438,5666,11104
20210412,8호선,남한산성입구,13016,12114,25130
20210412,8호선,단대오거리,10022,9958,19980
20210412,8호선,신흥,4303,4671,8974
20210412,9호선,신목동,3768,3550,7318
20210412,9호선,염창,16157,16235,32392
20210412,9호선,등촌,10857,11299,22156
20210412,9호선,증미,7373,7401,14774
20210412,9호선,가양,19299,19023,38322
20210412,9호선,양천향교,9505,10054,19559
20210412,9호선,마곡나루,10610,10366,20976
20210412,4호선,미아,14637,14404,29041
20210412,경부선,화서,7132,6794,13926
20210412,9호선,신방화,6558,6660,13218
20210412,9호선,공항시장,2775,3108,5883
20210412,9호선,김포공항,7318,8981,16299
20210412,9호선,개화,2461,1714,4175
20210412,8호선,모란,4019,3001,7020
20210412,8호선,수진,4999,4689,9688
20210412,경부선,안양,23606,23434,47040
20210412,경부선,관악,6995,6605,13600
20210412,경부선,석수,9557,8444,18001
20210412,경부선,금천구청,11394,11185,22579
20210412,5호선,개롱,6341,6726,13067
20210412,5호선,오금,3864,3713,7577
20210412,5호선,방이,6484,6908,13392
20210412,5호선,올림픽공원,4029,3573,7602
20210412,5호선,둔촌동,8305,8343,16648
20210412,5호선,상일동,15453,14349,29802
20210412,5호선,고덕,9065,8945,18010
20210412,5호선,명일,8457,8965,17422
20210412,5호선,굽은다리,9076,8939,18015
20210412,5호선,길동,7804,8076,15880
20210412,5호선,강동,18112,17473,35585
20210412,5호선,천호,16322,16348,32670
20210412,5호선,광나루,12165,11085,23250
20210412,5호선,아차산,13277,13471,26748
20210412,경인선,도원,3052,3062,6114
20210412,5호선,거여,8005,7830,15835
20210412,9호선,선유도,8290,7853,16143
20210412,5호선,마천,6086,6027,12113
20210412,5호선,미사,13818,13677,27495
20210412,경부선,가산디지털단지,17833,21064,38897
20210412,경부선,구로,18690,18819,37509
20210412,6호선,월드컵경기장,3683,3752,7435
20210412,6호선,디지털미디어시티,13480,14991,28471
20210412,6호선,증산,9584,9738,19322
20210412,6호선,새절,12563,12016,24579
20210412,6호선,구산,7345,5883,13228
20210412,6호선,연신내,2,0,2
20210412,6호선,독바위,2605,2894,5499
20210412,6호선,불광,4016,4094,8110
20210412,6호선,역촌,3569,4242,7811
20210412,6호선,응암,16890,17130,34020
20210412,5호선,하남검단산,4172,4143,8315
20210412,5호선,하남시청,4402,4569,8971
20210412,5호선,하남풍산,3580,3607,7187
20210412,5호선,강일,2753,2862,5615
20210412,9호선,당산,16845,17342,34187
20210412,9호선,국회의사당,16425,15546,31971
20210412,9호선,여의도,26657,24654,51311
20210412,7호선,중계,13935,13187,27122
20210412,7호선,노원,18607,19016,37623
20210412,7호선,마들,11922,11752,23674
20210412,7호선,수락산,12161,12141,24302
20210412,7호선,도봉산,8693,10000,18693
20210412,6호선,봉화산,8647,8301,16948
20210412,6호선,화랑대,10774,8686,19460
20210412,6호선,태릉입구,5001,5476,10477
20210412,6호선,석계,11674,12475,24149
20210412,6호선,돌곶이,8735,8410,17145
20210412,6호선,상월곡,6112,5598,11710
20210412,6호선,월곡,10855,10895,21750
20210412,6호선,고려대,7526,7474,15000
20210412,6호선,안암,9142,9173,18315
20210412,6호선,보문,6683,6362,13045
20210412,7호선,하계,16888,16180,33068
20210412,6호선,창신,3719,3196,6915
20210412,7호선,공릉,11140,11337,22477
20210412,7호선,먹골,9609,9520,19129
20210412,7호선,반포,5299,5313,10612
20210412,7호선,논현,20056,21821,41877
20210412,7호선,학동,24446,25723,50169
20210412,7호선,강남구청,15561,16966,32527
20210412,7호선,청담,18899,21204,40103
20210412,7호선,뚝섬유원지,6696,6631,13327
20210412,7호선,건대입구,11017,11579,22596
20210412,7호선,어린이대공원,11868,11953,23821
20210412,7호선,군자,13915,11595,25510
20210412,7호선,중곡,9590,9176,18766
20210412,7호선,용마산,5902,5792,11694
20210412,7호선,사가정,15662,15894,31556
20210412,7호선,면목,15348,15279,30627
20210412,7호선,상봉,16302,15029,31331
20210412,7호선,중화,10748,10681,21429
20210412,7호선,태릉입구,7892,7403,15295
20210412,7호선,내방,14005,14346,28351
20210412,6호선,동묘앞,7243,7634,14877
20210412,6호선,청구,3718,4058,7776
20210412,9호선2~3단계,삼전,6350,6526,12876
20210412,9호선2~3단계,종합운동장,3950,3851,7801
20210412,9호선2~3단계,봉은사,14748,14644,29392
20210412,9호선2~3단계,삼성중앙,6911,7009,13920
20210412,9호선2~3단계,선정릉,8972,9888,18860
20210412,9호선2~3단계,언주,10185,10169,20354
20210412,9호선,신논현,28660,28497,57157
20210412,9호선,사평,3134,3273,6407
20210412,9호선,고속터미널,10333,12939,23272
20210412,9호선,신반포,3134,3058,6192
20210412,9호선,구반포,2646,2848,5494
20210412,9호선,동작,1606,1333,2939
20210412,9호선,흑석,7265,7657,14922
20210412,9호선,노들,4176,3789,7965
20210412,9호선,샛강,5979,5964,11943
20210412,9호선2~3단계,석촌고분,5578,5867,11445
20210412,6호선,신당,7680,8232,15912
20210412,9호선2~3단계,석촌,7369,6548,13917
20210412,7호선,광명사거리,21495,21254,42749
20210412,6호선,약수,3419,3472,6891
20210412,6호선,버티고개,2159,2158,4317
20210412,6호선,한강진,5666,6358,12024
20210412,6호선,이태원,8164,8181,16345
20210412,6호선,녹사평,4212,4042,8254
20210412,6호선,삼각지,5307,4727,10034
20210412,6호선,효창공원앞,6654,6158,12812
20210412,6호선,공덕,18295,17708,36003
20210412,6호선,대흥,7801,8195,15996
20210412,6호선,광흥창,8648,8618,17266
20210412,6호선,상수,6909,7454,14363
20210412,6호선,합정,11573,11176,22749
20210412,6호선,망원,12536,13557,26093
20210412,6호선,마포구청,13664,12724,26388
20210412,9호선2~3단계,한성백제,2237,2189,4426
20210412,9호선2~3단계,송파나루,4259,4607,8866
20210412,경인선,온수,6838,6821,13659
20210412,8호선,천호,13921,15578,29499
20210412,경인선,도화,4001,3719,7720
20210412,2호선,충정로,10024,10601,20625
20210412,2호선,용답,2463,2690,5153
20210412,2호선,신답,1519,1860,3379
20210412,2호선,신설동,3544,3263,6807
20210412,2호선,도림천,1487,1567,3054
20210412,2호선,양천구청,6448,7154,13602
20210412,2호선,아현,9890,9908,19798
20210412,2호선,신정네거리,10124,10596,20720
20210412,3호선,지축,3824,3756,7580
20210412,3호선,구파발,19439,18456,37895
20210412,3호선,연신내,34962,33203,68165
20210412,8호선,암사,18389,16633,35022
20210412,7호선,부평구청,11467,9462,20929
20210412,3호선,불광,15615,16484,32099
20210412,2호선,용두,2187,2315,4502
20210412,2호선,이대,11083,11833,22916
20210412,2호선,신촌,28403,29556,57959
20210412,2호선,홍대입구,40959,41208,82167
20210412,2호선,서초,21864,20538,42402
20210412,2호선,방배,15998,16835,32833
20210412,2호선,사당,32011,35365,67376
20210412,2호선,낙성대,25249,25153,50402
20210412,2호선,서울대입구,43344,42769,86113
20210412,2호선,봉천,23436,22262,45698
20210412,2호선,신림,58768,58226,116994
20210412,2호선,신대방,25061,24749,49810
20210412,2호선,구로디지털단지,60449,60921,121370
20210412,2호선,대림,24060,24445,48505
20210412,2호선,신도림,45289,43656,88945
20210412,2호선,문래,21059,21276,42335
20210412,2호선,영등포구청,23060,23118,46178
20210412,2호선,당산,17315,20585,37900
20210412,2호선,합정,26647,27393,54040
20210412,3호선,녹번,14098,13295,27393
20210412,7호선,굴포천,8341,9042,17383
20210412,3호선,홍제,16674,16388,33062
20210412,3호선,무악재,3832,4044,7876
20210412,경부선,서울역,4995,1562,6557
20210412,경강선,여주,1678,1639,3317
20210412,경강선,세종대왕릉,253,215,468
20210412,경강선,부발,1555,1604,3159
20210412,경강선,이천,2200,2344,4544
20210412,경강선,신둔도예촌,1290,1167,2457
20210412,경강선,곤지암,1981,1988,3969
20210412,경강선,초월,2868,2754,5622
20210412,경강선,경기광주,6565,6358,12923
20210412,경강선,삼동,2228,2141,4369
20210412,경강선,이매,1064,1009,2073
20210412,경강선,판교,4238,4062,8300
20210412,9호선2~3단계,중앙보훈병원,9853,8643,18496
20210412,9호선2~3단계,둔촌오륜,1288,1088,2376
20210412,9호선2~3단계,올림픽공원,5162,4950,10112
20210412,경부선,남영,9420,9682,19102
20210412,2호선,교대,32758,36726,69484
20210412,경부선,용산,28343,28554,56897
20210412,경부선,대방,12458,13022,25480
20210412,3호선,독립문,6480,6972,13452
20210412,3호선,경복궁,16722,16264,32986
20210412,3호선,안국,18002,17855,35857
20210412,3호선,종로3가,9805,10623,20428
20210412,3호선,을지로3가,10498,10212,20710
20210412,3호선,충무로,1,0,1
20210412,3호선,동대입구,6921,7124,14045
20210412,3호선,약수,12191,12138,24329
20210412,3호선,금호,7742,7500,15242
20210412,3호선,옥수,8521,8943,17464
20210412,3호선,압구정,29293,31089,60382
20210412,3호선,신사,27837,28580,56417
20210412,3호선,잠원,4487,4558,9045
20210412,경부선,신도림,3668,3827,7495
20210412,경부선,영등포,33774,34469,68243
20210412,경부선,노량진,7439,7811,15250
20210412,2호선,역삼,52266,54950,107216
20210412,2호선,선릉,55244,48922,104166
20210412,2호선,삼성,48633,48338,96971
20210412,5호선,여의도,29970,29026,58996
20210412,5호선,신길,3968,4625,8593
20210412,5호선,영등포시장,9294,9762,19056
20210412,5호선,영등포구청,3877,3918,7795
20210412,5호선,양평,7494,7641,15135
20210412,5호선,오목교,20982,22474,43456
20210412,5호선,목동,16260,18096,34356
20210412,5호선,신정,13998,11305,25303
20210412,5호선,까치산,28071,27434,55505
20210412,5호선,화곡,27542,26193,53735
20210412,5호선,우장산,13963,14036,27999
20210412,5호선,발산,19506,19490,38996
20210412,5호선,마곡,10270,9997,20267
20210412,5호선,송정,6462,6387,12849
20210412,5호선,김포공항,6905,5985,12890
20210412,5호선,여의나루,8382,10185,18567
20210412,5호선,개화산,5145,4872,10017
20210412,5호선,마포,14566,14890,29456
20210412,5호선,애오개,6802,7017,13819
20210412,경인선,중동,8977,8590,17567
20210412,5호선,군자,10493,11511,22004
20210412,5호선,장한평,17965,17901,35866
20210412,5호선,답십리,15298,14556,29854
20210412,5호선,마장,5462,5231,10693
20210412,5호선,왕십리,4267,4558,8825
20210412,5호선,행당,7995,7418,15413
20210412,5호선,신금호,6202,6497,12699
20210412,5호선,청구,3871,3659,7530
20210412,5호선,동대문역사문화공원,2980,3230,6210
20210412,5호선,을지로4가,5787,5863,11650
20210412,5호선,종로3가,10391,10185,20576
20210412,5호선,광화문,29367,29471,58838
20210412,5호선,서대문,19636,19346,38982
20210412,5호선,충정로,5230,5278,10508
20210412,5호선,공덕,14356,15414,29770
20210412,7호선,삼산체육관,4760,4409,9169
20210412,5호선,방화,6434,6302,12736
20210412,4호선,창동,23899,25481,49380
20210412,2호선,을지로4가,12345,12046,24391
20210412,2호선,동대문역사문화공원,10511,11519,22030
20210412,2호선,신당,12898,13448,26346
20210412,2호선,상왕십리,13773,13652,27425
20210412,2호선,왕십리,14621,11966,26587
20210412,2호선,한양대,8101,8430,16531
20210412,2호선,뚝섬,20010,21178,41188
20210412,2호선,성수,33620,35737,69357
20210412,2호선,건대입구,29337,30980,60317
20210412,2호선,구의,22347,22531,44878
20210412,2호선,강변,27853,27032,54885
20210412,2호선,잠실나루,13559,13812,27371
20210412,2호선,잠실,56727,56459,113186
20210412,2호선,잠실새내,19444,19214,38658
20210412,2호선,종합운동장,6432,7313,13745
20210412,2호선,을지로3가,20863,19804,40667
20210412,4호선,쌍문,28315,26638,54953
20210412,2호선,을지로입구,36059,36222,72281
20210412,1호선,청량리,17859,17956,35815
20210412,4호선,노원,17498,18991,36489
20210412,4호선,상계,18400,17522,35922
20210412,4호선,당고개,12419,11286,23705
20210412,4호선,남태령,1159,1092,2251
20210412,4호선,사당,22109,18713,40822
20210412,경부선,신길,8983,8005,16988
20210412,1호선,서울역,39422,36523,75945
20210412,1호선,동묘앞,5963,6399,12362
20210412,1호선,시청,19910,19976,39886
20210412,1호선,종각,34335,32288,66623
20210412,1호선,종로3가,21829,20573,42402
20210412,1호선,종로5가,21477,20625,42102
20210412,1호선,동대문,10138,9766,19904
20210412,1호선,신설동,13150,13310,26460
20210412,1호선,제기동,15172,15452,30624
20210412,2호선,시청,23266,21674,44940
20210412,4호선,총신대입구,17767,19225,36992
20210412,2호선,강남,78755,76766,155521
20210412,4호선,이촌,6381,7156,13537
20210412,분당선,선정릉,8164,8490,16654
20210412,분당선,강남구청,9620,10671,20291
20210412,분당선,압구정로데오,15882,16889,32771
20210412,분당선,서울숲,9104,9151,18255
20210412,분당선,수원,7257,6057,13314
20210412,분당선,수서,12888,13004,25892
20210412,분당선,대모산입구,3300,3171,6471
20210412,분당선,개포동,3594,3803,7397
20210412,분당선,구룡,1962,1959,3921
20210412,분당선,도곡,6455,6596,13051
20210412,분당선,한티,12632,13926,26558
20210412,분당선,선릉,13478,19649,33127
20210412,과천선,범계,23683,23156,46839
20210412,과천선,평촌,17363,17192,34555
20210412,과천선,인덕원,22558,23500,46058
20210412,분당선,가천대,8459,9752,18211
20210412,과천선,정부과천청사,9671,9613,19284
20210412,4호선,미아사거리,26561,26068,52629
20210412,분당선,태평,12895,12526,25421
20210412,분당선,청명,4003,3898,7901
20210412,분당선,상갈,5114,4968,10082
20210412,분당선,기흥,8973,8479,17452
20210412,분당선,신갈,4165,4174,8339
20210412,분당선,구성,4620,4739,9359
20210412,분당선,죽전,11985,13373,25358
20210412,분당선,보정,2392,2117,4509
20210412,분당선,이매,5396,4922,10318
20210412,분당선,오리,11124,9332,20456
20210412,분당선,미금,14407,15467,29874
20210412,분당선,정자,15854,16981,32835
20210412,분당선,수내,12228,12315,24543
20210412,분당선,서현,21954,22392,44346
20210412,분당선,야탑,23937,24635,48572
20210412,분당선,모란,18385,18470,36855
20210412,4호선,길음,19575,19461,39036
20210412,분당선,영통,7200,7493,14693
20210412,과천선,과천,5220,4974,10194
20210412,과천선,경마공원,871,860,1731
20210412,경춘선,백양리,72,71,143
20210412,경춘선,굴봉산,139,119,258
20210412,경춘선,가평,1323,1208,2531
20210412,경춘선,상천,251,238,489
20210412,경춘선,청평,1363,1248,2611
20210412,경춘선,대성리,415,396,811
20210412,경춘선,마석,3678,3587,7265
20210412,경춘선,천마산,1556,1452,3008
20210412,경춘선,평내호평,6095,5895,11990
20210412,경춘선,금곡,1441,1361,2802
20210412,경춘선,사릉,3460,3212,6672
20210412,경춘선,퇴계원,3445,3171,6616
20210412,경춘선,별내,2679,2541,5220
20210412,경춘선,갈매,3045,2637,5682
20210412,4호선,동작,2118,2200,4318
20210412,경춘선,강촌,318,336,654
20210412,과천선,대공원,1409,1523,2932
20210412,경춘선,김유정,194,187,381
20210412,경춘선,춘천,1135,1198,2333
20210412,과천선,선바위,8094,7047,15141
20210412,공항철도 1호선,영종,2721,2693,5414
20210412,공항철도 1호선,인천공항2터미널,1692,1596,3288
20210412,공항철도 1호선,인천공항1터미널,2667,2677,5344
20210412,공항철도 1호선,공항화물청사,2156,2407,4563
20210412,공항철도 1호선,운서,5390,5350,10740
20210412,공항철도 1호선,청라국제도시,6190,5848,12038
20210412,공항철도 1호선,검암,6739,6173,12912
20210412,공항철도 1호선,계양,9004,8294,17298
20210412,공항철도 1호선,김포공항,11228,6555,17783
20210412,공항철도 1호선,마곡나루,7744,7432,15176
20210412,공항철도 1호선,디지털미디어시티,14014,12514,26528
20210412,공항철도 1호선,홍대입구,6671,7079,13750
20210412,공항철도 1호선,공덕,1981,2640,4621
20210412,공항철도 1호선,서울역,6333,6128,12461
20210412,경춘선,남춘천,2135,2294,4429
20210412,분당선,망포,12979,12526,25505
20210412,경춘선,신내,1657,1604,3261
20210412,7호선,부천시청,11717,11532,23249
20210412,7호선,신중동,13604,13484,27088
20210412,7호선,춘의,9557,9572,19129
20210412,7호선,부천종합운동장,4480,3753,8233
20210412,7호선,까치울,7239,6962,14201
20210412,7호선,온수,10832,10080,20912
20210412,7호선,천왕,11412,10801,22213
20210412,분당선,매탄권선,4565,4548,9113
20210412,경부선,수원,30373,31847,62220
20210412,경부선,세류,2867,2668,5535
20210412,경부선,세마,2488,2315,4803
20210412,경부선,오산대,3266,3042,6308
20210412,경부선,오산,9184,9166,18350
20210412,경부선,진위,1472,1308,2780
20210412,경부선,송탄,3934,3678,7612
20210412,경부선,독산,16828,17762,34590
20210412,7호선,상동,11887,12212,24099
20210412,4호선,성신여대입구,18001,17486,35487
20210412,4호선,한성대입구,13448,13452,26900
20210412,4호선,신용산,15254,15641,30895
20210412,4호선,삼각지,4728,5043,9771
20210412,4호선,숙대입구,12432,12221,24653
20210412,4호선,서울역,10655,13672,24327
20210412,경원선,외대앞,6341,6475,12816
20210412,경원선,청량리,12983,13562,26545
20210412,경원선,왕십리,12061,13589,25650
20210412,경원선,응봉,1684,1537,3221
20210412,경원선,옥수,47,37,84
20210412,4호선,회현,22840,23086,45926
20210412,4호선,명동,15577,16075,31652
20210412,4호선,충무로,25509,25973,51482
20210412,4호선,동대문역사문화공원,13643,12585,26228
20210412,4호선,동대문,19744,19930,39674
20210412,4호선,혜화,27116,27162,54278
20210412,경부선,서정리,6204,6191,12395
20210412,경부선,지제,2806,2598,5404
20210412,경부선,병점,12722,12914,25636
20210412,경부선,성환,3689,3872,7561
20210412,3호선,수서,16248,16666,32914
20210412,3호선,가락시장,8629,8439,17068
20210412,3호선,경찰병원,7662,7751,15413
20210412,3호선,오금,6097,5409,11506
20210412,중앙선,지평,71,72,143
20210412,경부선,평택,10657,10535,21192
20210412,중앙선,원덕,325,320,645
20210412,중앙선,양평,2320,2351,4671
20210412,중앙선,오빈,286,272,558
20210412,중앙선,아신,471,490,961
20210412,중앙선,국수,729,722,1451
20210412,중앙선,신원,185,167,352
20210412,7호선,장암,2271,773,3044
20210412,4호선,수유,31965,32387,64352
20210412,분당선,수원시청,11011,11635,22646
20210412,3호선,일원,9806,9656,19462
20210412,3호선,대청,9647,9015,18662
20210412,중앙선,용문,1534,1375,2909
20210412,3호선,대치,10224,10471,20695
20210412,3호선,학여울,1632,1754,3386
20210412,경부선,두정,4734,5081,9815
20210412,경부선,천안,4353,4446,8799
20210412,경부선,당정,5947,5795,11742
20210412,경부선,서동탄,1445,1209,2654
20210412,경부선,광명,3140,2646,5786
20210412,경원선,이촌,3392,2796,6188
20210412,경부선,직산,667,677,1344
20210412,경원선,한남,3930,3731,7661
20210412,3호선,고속터미널,34656,32323,66979
20210412,3호선,교대,13545,8970,22515
20210412,3호선,남부터미널,27522,28077,55599
20210412,3호선,양재,37676,40550,78226
20210412,3호선,매봉,12170,11608,23778
20210412,3호선,도곡,5390,5386,10776
20210412,경원선,서빙고,1732,1664,3396
20210413,경원선,보산,1442,1325,2767
20210413,경원선,동두천,2268,2595,4863
20210413,경원선,소요산,2715,2261,4976
20210413,경의선,서울역,4087,5107,9194
20210413,경의선,신촌,863,1077,1940
20210413,경의선,효창공원앞,2942,3351,6293
20210413,경의선,공덕,3440,3060,6500
20210413,경의선,디지털미디어시티,2476,2355,4831
20210413,경의선,홍대입구,1369,1447,2816
20210413,경의선,가좌,5358,5069,10427
20210413,경의선,수색,2743,2857,5600
20210413,경의선,화전,2060,1898,3958
20210413,경의선,강매,3260,2799,6059
20210413,경의선,행신,7747,7683,15430
20210413,경원선,동두천중앙,2931,2877,5808
20210413,경의선,서강대,2010,1956,3966
20210413,경원선,지행,6200,6127,12327
20210413,경춘선,퇴계원,3623,3310,6933
20210413,경원선,덕계,2992,2699,5691
20210413,경원선,신이문,8324,7875,16199
20210413,경원선,석계,7874,9031,16905
20210413,경원선,광운대,8939,8668,17607
20210413,경원선,월계,7013,6465,13478
20210413,경원선,녹천,4718,4002,8720
20210413,경원선,창동,1,0,1
20210413,경원선,방학,9329,9282,18611
20210413,경원선,도봉,6016,5833,11849
20210413,경원선,도봉산,7692,4801,12493
20210413,경원선,망월사,7669,7766,15435
20210413,경원선,회룡,12182,12201,24383
20210413,경원선,의정부,17267,17765,35032
20210413,경원선,가능,6356,6154,12510
20210413,경원선,녹양,4565,4313,8878
20210413,경원선,양주,7666,7121,14787
20210413,경원선,덕정,5788,5700,11488
20210413,경의선,능곡,3834,3440,7274
20210413,경춘선,별내,2770,2675,5445
20210413,경의선,백마,6858,6701,13559
20210413,경인선,주안,18324,16733,35057
20210413,경인선,제물포,10666,10267,20933
20210413,경인선,동인천,13463,12695,26158
20210413,경인선,인천,3199,2431,5630
20210413,경인선,구일,7019,7243,14262
20210413,경인선,소사,9413,9097,18510
20210413,경인선,부개,8473,7963,16436
20210413,경인선,간석,5975,5704,11679
20210413,경인선,도원,3271,3283,6554
20210413,경인선,온수,7040,7003,14043
20210413,경인선,중동,9159,8805,17964
20210413,경인선,도화,4237,3963,8200
20210413,경춘선,신내,1688,1775,3463
20210413,경춘선,갈매,3087,2737,5824
20210413,경원선,외대앞,6740,6840,13580
20210413,경인선,동암,15089,15008,30097
20210413,경의선,곡산,603,628,1231
20210413,경인선,백운,7157,7240,14397
20210413,경인선,송내,27679,27783,55462
20210413,경의선,풍산,5439,5232,10671
20210413,경의선,일산,10190,10191,20381
20210413,경의선,탄현,7510,7231,14741
20210413,경의선,야당,6649,6503,13152
20210413,경의선,운정,6482,6191,12673
20210413,경의선,금릉,4460,4465,8925
20210413,경의선,금촌,6019,6009,12028
20210413,경의선,월롱,2072,1962,4034
20210413,경의선,파주,1750,1373,3123
20210413,경의선,문산,4805,4861,9666
20210413,경의선,임진강,17,8,25
20210413,경인선,개봉,21539,22222,43761
20210413,경인선,오류동,12010,11192,23202
20210413,경인선,역곡,28282,28343,56625
20210413,경인선,부천,32546,32331,64877
20210413,경인선,부평,28581,30236,58817
20210413,경원선,청량리,13164,14047,27211
20210413,경부선,구로,18757,19258,38015
20210413,경원선,응봉,1872,1607,3479
20210413,경강선,이매,1114,1060,2174
20210413,경강선,삼동,2414,2214,4628
20210413,경강선,경기광주,6801,6597,13398
20210413,경강선,초월,2996,2882,5878
20210413,경강선,곤지암,2125,2072,4197
20210413,경강선,신둔도예촌,1365,1252,2617
20210413,경강선,판교,4295,4177,8472
20210413,경강선,이천,2232,2352,4584
20210413,경강선,세종대왕릉,259,275,534
20210413,경강선,여주,1774,1775,3549
20210413,경부선,서울역,4033,1402,5435
20210413,경부선,남영,9760,10106,19866
20210413,경부선,용산,28395,28965,57360
20210413,경부선,노량진,8037,8339,16376
20210413,경강선,부발,1688,1720,3408
20210413,9호선2~3단계,중앙보훈병원,10174,9078,19252
20210413,9호선2~3단계,둔촌오륜,1187,1042,2229
20210413,9호선2~3단계,올림픽공원,5359,5369,10728
20210413,9호선,구반포,2729,2797,5526
20210413,9호선,신반포,3129,3113,6242
20210413,9호선,고속터미널,10655,13283,23938
20210413,9호선,사평,3251,3245,6496
20210413,9호선,신논현,30113,29873,59986
20210413,9호선2~3단계,언주,9973,10240,20213
20210413,9호선2~3단계,선정릉,9509,10396,19905
20210413,9호선2~3단계,삼성중앙,6828,7024,13852
20210413,9호선2~3단계,봉은사,14725,14904,29629
20210413,9호선2~3단계,종합운동장,4104,3959,8063
20210413,9호선2~3단계,삼전,6441,6361,12802
20210413,9호선2~3단계,석촌고분,5843,5794,11637
20210413,9호선2~3단계,석촌,7794,6823,14617
20210413,9호선2~3단계,송파나루,4521,4807,9328
20210413,9호선2~3단계,한성백제,2470,2177,4647
20210413,경부선,대방,12899,13544,26443
20210413,경부선,영등포,34596,35514,70110
20210413,경부선,신도림,4089,3986,8075
20210413,경부선,신길,9412,8145,17557
20210413,경부선,송탄,3861,3621,7482
20210413,경부선,서정리,6470,6162,12632
20210413,경부선,지제,2755,2628,5383
20210413,경부선,평택,10758,10735,21493
20210413,경부선,성환,3818,3855,7673
20210413,경부선,직산,709,691,1400
20210413,경부선,두정,4983,5104,10087
20210413,경부선,천안,4522,4701,9223
20210413,경부선,당정,6225,6061,12286
20210413,경부선,서동탄,1465,1233,2698
20210413,경부선,광명,2910,2558,5468
20210413,경원선,이촌,3793,2869,6662
20210413,경원선,서빙고,1812,1704,3516
20210413,경원선,한남,4163,3953,8116
20210413,경원선,옥수,48,34,82
20210413,경부선,진위,1561,1377,2938
20210413,경원선,왕십리,12902,14447,27349
20210413,경부선,오산,9597,9544,19141
20210413,경부선,세마,2543,2436,4979
20210413,경부선,가산디지털단지,18469,21680,40149
20210413,경부선,금천구청,11935,11798,23733
20210413,경부선,석수,10001,8984,18985
20210413,경부선,관악,7181,6765,13946
20210413,경부선,안양,24873,24890,49763
20210413,경부선,명학,9315,9231,18546
20210413,경부선,금정,26193,26775,52968
20210413,경부선,군포,7910,7705,15615
20210413,경부선,의왕,8824,8859,17683
20210413,경부선,성균관대,14442,14247,28689
20210413,경부선,화서,7496,7267,14763
20210413,경부선,수원,31201,33119,64320
20210413,경부선,독산,16934,18268,35202
20210413,경부선,세류,2961,2770,5731
20210413,경부선,병점,13396,13406,26802
20210413,경부선,오산대,3743,3389,7132
20210413,경춘선,사릉,3563,3425,6988
20210413,중앙선,망우,7525,7586,15111
20210413,경춘선,평내호평,6432,6211,12643
20210413,안산선,신길온천,1726,1561,3287
20210413,안산선,정왕,8396,8869,17265
20210413,안산선,오이도,8232,8071,16303
20210413,안산선,수리산,4363,3564,7927
20210413,우이신설선,북한산우이,2731,2546,5277
20210413,우이신설선,솔밭공원,2370,2287,4657
20210413,안산선,안산,11608,10424,22032
20210413,우이신설선,4.19민주묘지,2966,2888,5854
20210413,우이신설선,화계,3275,3115,6390
20210413,우이신설선,삼양,1946,2083,4029
20210413,우이신설선,삼양사거리,2377,2460,4837
20210413,우이신설선,솔샘,5497,5180,10677
20210413,우이신설선,북한산보국문,5802,5685,11487
20210413,우이신설선,정릉,4381,4083,8464
20210413,우이신설선,가오리,3981,3983,7964
20210413,안산선,초지,5239,5589,10828
20210413,안산선,고잔,8714,8352,17066
20210413,안산선,중앙,17072,17730,34802
20210413,수인선,인천논현,5524,5841,11365
20210413,수인선,호구포,3982,4240,8222
20210413,수인선,남동인더스파크,2377,2681,5058
20210413,수인선,원인재,4322,4468,8790
20210413,수인선,연수,4446,4341,8787
20210413,수인선,송도,2614,2316,4930
20210413,수인선,인하대,5798,5334,11132
20210413,수인선,숭의,3865,3668,7533
20210413,수인선,신포,1795,1818,3613
20210413,수인선,인천,936,1546,2482
20210413,안산선,산본,15553,16689,32242
20210413,안산선,대야미,4880,4476,9356
20210413,안산선,반월,4288,4104,8392
20210413,안산선,상록수,16244,16607,32851
20210413,안산선,한대앞,8790,8738,17528
20210413,우이신설선,성신여대입구,3104,3359,6463
20210413,우이신설선,보문,1436,1517,2953
20210413,우이신설선,신설동,2172,2110,4282
20210413,일산선,원흥,9897,9570,19467
20210413,중앙선,용문,1605,1597,3202
20210413,중앙선,원덕,356,351,707
20210413,중앙선,양평,3420,3440,6860
20210413,중앙선,오빈,287,273,560
20210413,중앙선,아신,591,576,1167
20210413,중앙선,국수,771,791,1562
20210413,중앙선,신원,256,220,476
20210413,중앙선,양수,1746,1827,3573
20210413,중앙선,운길산,807,749,1556
20210413,중앙선,팔당,914,924,1838
20210413,중앙선,도심,2496,1976,4472
20210413,중앙선,덕소,5547,5579,11126
20210413,중앙선,양정,817,728,1545
20210413,중앙선,도농,9721,9107,18828
20210413,중앙선,구리,13359,13673,27032
20210413,중앙선,지평,59,68,127
20210413,수인선,소래포구,5165,4914,10079
20210413,일산선,백석,9696,9766,19462
20210413,일산선,정발산,6920,6896,13816
20210413,일산선,삼송,18055,17743,35798
20210413,일산선,원당,11142,10657,21799
20210413,일산선,화정,16907,17471,34378
20210413,일산선,대곡,1850,1467,3317
20210413,중앙선,상봉,5819,5857,11676
20210413,중앙선,중랑,5356,5165,10521
20210413,중앙선,회기,23368,22544,45912
20210413,장항선,신창,1438,1502,2940
20210413,장항선,온양온천,3135,3183,6318
20210413,장항선,배방,909,879,1788
20210413,장항선,아산,2396,2202,4598
20210413,장항선,쌍용,2030,1939,3969
20210413,장항선,봉명,1260,1244,2504
20210413,일산선,대화,12755,10044,22799
20210413,일산선,주엽,8751,8809,17560
20210413,일산선,마두,7506,7702,15208
20210413,수인선,월곶,2530,2405,4935
20210413,수인선,달월,95,71,166
20210413,수인선,사리,3977,3581,7558
20210413,공항철도 1호선,검암,6941,6751,13692
20210413,공항철도 1호선,청라국제도시,6424,6008,12432
20210413,공항철도 1호선,운서,5766,5754,11520
20210413,공항철도 1호선,공항화물청사,2300,2463,4763
20210413,공항철도 1호선,인천공항1터미널,2901,2977,5878
20210413,공항철도 1호선,인천공항2터미널,1678,1657,3335
20210413,공항철도 1호선,영종,2793,2831,5624
20210413,과천선,선바위,8509,7296,15805
20210413,과천선,경마공원,1197,1176,2373
20210413,과천선,대공원,2737,2861,5598
20210413,과천선,과천,5452,5072,10524
20210413,과천선,정부과천청사,10177,10064,20241
20210413,과천선,인덕원,23826,24459,48285
20210413,과천선,평촌,17979,17605,35584
20210413,과천선,범계,24876,24518,49394
20210413,공항철도 1호선,계양,9187,8492,17679
20210413,분당선,선릉,13520,19972,33492
20210413,공항철도 1호선,김포공항,10619,6585,17204
20210413,공항철도 1호선,디지털미디어시티,14272,12947,27219
20210413,경춘선,천마산,1649,1540,3189
20210413,경춘선,마석,4015,4095,8110
20210413,경춘선,대성리,488,445,933
20210413,경춘선,청평,1412,1412,2824
20210413,경춘선,상천,309,295,604
20210413,경춘선,가평,1380,1418,2798
20210413,경춘선,굴봉산,189,207,396
20210413,경춘선,백양리,84,66,150
20210413,경춘선,강촌,391,396,787
20210413,경춘선,김유정,256,272,528
20210413,경춘선,남춘천,1905,2001,3906
20210413,경춘선,춘천,1160,1168,2328
20210413,공항철도 1호선,서울역,6041,5472,11513
20210413,공항철도 1호선,공덕,2114,2687,4801
20210413,공항철도 1호선,홍대입구,7362,7624,14986
20210413,공항철도 1호선,마곡나루,8272,8116,16388
20210413,경춘선,금곡,1574,1575,3149
20210413,분당선,한티,13176,14151,27327
20210413,분당선,구룡,1958,1913,3871
20210413,분당선,죽전,12746,13859,26605
20210413,분당선,구성,4810,5013,9823
20210413,분당선,신갈,4492,4419,8911
20210413,분당선,기흥,9424,8754,18178
20210413,분당선,상갈,5326,5178,10504
20210413,분당선,청명,4103,3922,8025
20210413,분당선,영통,7724,7869,15593
20210413,분당선,망포,13443,12934,26377
20210413,분당선,매탄권선,4736,4606,9342
20210413,분당선,수원시청,11797,12505,24302
20210413,분당선,매교,2921,3019,5940
20210413,수인선,고색,3706,3581,7287
20210413,수인선,오목천,2862,2659,5521
20210413,수인선,어천,647,679,1326
20210413,수인선,야목,241,205,446
20210413,분당선,보정,2475,2171,4646
20210413,분당선,도곡,6466,6507,12973
20210413,분당선,이매,5540,5120,10660
20210413,분당선,미금,14914,15827,30741
20210413,분당선,개포동,3585,3814,7399
20210413,분당선,대모산입구,3375,3221,6596
20210413,분당선,수서,12757,13211,25968
20210413,분당선,수원,7800,6470,14270
20210413,분당선,서울숲,10954,11051,22005
20210413,분당선,압구정로데오,17759,19406,37165
20210413,분당선,강남구청,10002,11281,21283
20210413,분당선,선정릉,8407,8900,17307
20210413,분당선,가천대,8670,9797,18467
20210413,분당선,태평,13247,12832,26079
20210413,분당선,모란,19036,19034,38070
20210413,분당선,야탑,24794,25523,50317
20210413,분당선,서현,22676,23001,45677
20210413,분당선,수내,12774,12802,25576
20210413,분당선,정자,16788,17732,34520
20210413,분당선,오리,11601,9785,21386
20210413,9호선,흑석,7426,7722,15148
20210413,9호선,동작,1813,1440,3253
20210413,9호선,노량진,25038,24617,49655
20210413,4호선,수유,33566,33272,66838
20210413,4호선,미아,14957,14748,29705
20210413,4호선,미아사거리,27316,26571,53887
20210413,4호선,길음,20212,20003,40215
20210413,4호선,성신여대입구,19333,18443,37776
20210413,4호선,한성대입구,13948,13689,27637
20210413,3호선,오금,6181,5580,11761
20210413,4호선,혜화,30022,29764,59786
20210413,4호선,동대문역사문화공원,13947,12911,26858
20210413,4호선,충무로,26341,26960,53301
20210413,4호선,명동,16649,16904,33553
20210413,4호선,회현,23850,24926,48776
20210413,4호선,서울역,10721,13802,24523
20210413,4호선,숙대입구,13047,12592,25639
20210413,4호선,동대문,20211,20861,41072
20210413,3호선,경찰병원,7577,7586,15163
20210413,3호선,가락시장,9012,8890,17902
20210413,3호선,수서,16085,16476,32561
20210413,3호선,금호,8142,7767,15909
20210413,3호선,옥수,8909,9339,18248
20210413,3호선,압구정,30860,32770,63630
20210413,3호선,신사,29676,30722,60398
20210413,3호선,잠원,4631,4563,9194
20210413,3호선,고속터미널,34721,33333,68054
20210413,3호선,교대,14531,9378,23909
20210413,3호선,남부터미널,27860,28591,56451
20210413,3호선,양재,38733,41780,80513
20210413,3호선,매봉,12738,12005,24743
20210413,3호선,도곡,5368,5513,10881
20210413,3호선,대치,10673,10866,21539
20210413,3호선,학여울,1796,1819,3615
20210413,3호선,대청,9786,9039,18825
20210413,3호선,일원,10028,9888,19916
20210413,4호선,삼각지,5059,5534,10593
20210413,4호선,신용산,15658,16211,31869
20210413,4호선,이촌,6971,7917,14888
20210413,4호선,동작,2460,2692,5152
20210413,5호선,오목교,21934,23607,45541
20210413,5호선,양평,7678,7699,15377
20210413,5호선,영등포구청,4069,4141,8210
20210413,5호선,영등포시장,9652,10101,19753
20210413,5호선,신길,4051,4552,8603
20210413,5호선,여의도,28952,29537,58489
20210413,5호선,여의나루,9862,11251,21113
20210413,5호선,마포,14769,15093,29862
20210413,5호선,공덕,15136,15954,31090
20210413,5호선,애오개,7159,7224,14383
20210413,5호선,충정로,5272,5345,10617
20210413,5호선,서대문,19470,19874,39344
20210413,5호선,광화문,29829,31087,60916
20210413,5호선,종로3가,11310,11204,22514
20210413,5호선,을지로4가,6134,6261,12395
20210413,5호선,목동,17220,18709,35929
20210413,3호선,약수,12761,12445,25206
20210413,5호선,신정,14160,11393,25553
20210413,5호선,화곡,28160,26639,54799
20210413,4호선,총신대입구,18630,20337,38967
20210413,4호선,사당,23242,19666,42908
20210413,4호선,남태령,1232,1152,2384
20210413,4호선,당고개,12765,11675,24440
20210413,4호선,상계,19136,17687,36823
20210413,4호선,노원,18433,20302,38735
20210413,4호선,창동,25296,26879,52175
20210413,4호선,쌍문,29081,26874,55955
20210413,5호선,방화,6765,6479,13244
20210413,5호선,개화산,5535,5143,10678
20210413,5호선,김포공항,6927,6366,13293
20210413,5호선,송정,6735,6313,13048
20210413,5호선,마곡,10420,10244,20664
20210413,5호선,발산,19964,20282,40246
20210413,5호선,우장산,14514,14321,28835
20210413,5호선,까치산,29384,28349,57733
20210413,3호선,동대입구,7621,8139,15760
20210413,3호선,충무로,2,0,2
20210413,3호선,을지로3가,10278,10660,20938
20210413,2호선,한양대,8875,9390,18265
20210413,2호선,뚝섬,21809,23654,45463
20210413,2호선,성수,34977,38153,73130
20210413,2호선,건대입구,31239,33123,64362
20210413,2호선,구의,23126,23017,46143
20210413,2호선,강변,27225,26656,53881
20210413,2호선,잠실나루,14366,13942,28308
20210413,2호선,잠실,60505,60160,120665
20210413,2호선,잠실새내,20140,19893,40033
20210413,2호선,종합운동장,7476,8183,15659
20210413,2호선,삼성,49896,50173,100069
20210413,2호선,선릉,56621,50633,107254
20210413,2호선,역삼,52353,57035,109388
20210413,2호선,강남,81433,79809,161242
20210413,2호선,교대,34819,39172,73991
20210413,2호선,왕십리,15526,12411,27937
20210413,2호선,서초,22405,21358,43763
20210413,2호선,상왕십리,13928,13592,27520
20210413,2호선,동대문역사문화공원,11237,12475,23712
20210413,중앙선,양원,1892,1892,3784
20210413,1호선,서울역,39550,37340,76890
20210413,1호선,동묘앞,8180,8642,16822
20210413,1호선,시청,21403,21206,42609
20210413,1호선,종각,34396,33312,67708
20210413,1호선,종로3가,23865,21997,45862
20210413,1호선,종로5가,22286,21802,44088
20210413,1호선,동대문,10792,10254,21046
20210413,1호선,신설동,13711,13545,27256
20210413,1호선,제기동,17084,17416,34500
20210413,1호선,청량리,19922,19949,39871
20210413,2호선,시청,23707,22946,46653
20210413,2호선,을지로입구,37520,38480,76000
20210413,2호선,을지로3가,21368,20787,42155
20210413,2호선,을지로4가,12818,12663,25481
20210413,2호선,신당,13658,14190,27848
20210413,5호선,동대문역사문화공원,2972,3390,6362
20210413,2호선,방배,16736,17547,34283
20210413,2호선,낙성대,26554,25810,52364
20210413,2호선,도림천,1434,1588,3022
20210413,2호선,양천구청,6844,7262,14106
20210413,2호선,신정네거리,10501,10839,21340
20210413,2호선,용두,2333,2412,4745
20210413,3호선,지축,3988,3887,7875
20210413,3호선,구파발,20085,19233,39318
20210413,3호선,연신내,36731,34699,71430
20210413,3호선,불광,16235,17210,33445
20210413,3호선,녹번,14877,13735,28612
20210413,3호선,홍제,17561,16724,34285
20210413,3호선,무악재,3894,4008,7902
20210413,3호선,독립문,7066,7350,14416
20210413,3호선,경복궁,18208,17664,35872
20210413,3호선,안국,19172,19541,38713
20210413,3호선,종로3가,9707,11030,20737
20210413,2호선,신설동,3136,3144,6280
20210413,2호선,사당,35185,38145,73330
20210413,2호선,신답,1610,1837,3447
20210413,2호선,충정로,10143,10751,20894
20210413,2호선,서울대입구,45513,44668,90181
20210413,2호선,봉천,24096,22674,46770
20210413,2호선,신림,61180,59658,120838
20210413,2호선,신대방,26213,25731,51944
20210413,2호선,구로디지털단지,61686,62312,123998
20210413,2호선,대림,24723,25290,50013
20210413,2호선,신도림,46432,45169,91601
20210413,2호선,문래,21478,21916,43394
20210413,2호선,영등포구청,23404,23888,47292
20210413,2호선,당산,19102,22247,41349
20210413,2호선,합정,28635,29756,58391
20210413,2호선,홍대입구,44399,45553,89952
20210413,2호선,신촌,30089,30990,61079
20210413,2호선,이대,11567,11951,23518
20210413,2호선,아현,10682,10347,21029
20210413,2호선,용답,2679,2752,5431
20210413,5호선,청구,4007,3722,7729
20210413,9호선,노들,4359,3803,8162
20210413,5호선,행당,8257,7538,15795
20210413,7호선,장승배기,9670,9398,19068
20210413,7호선,신대방삼거리,16346,15875,32221
20210413,7호선,보라매,9779,9681,19460
20210413,7호선,신풍,11851,11232,23083
20210413,7호선,대림,8045,7808,15853
20210413,7호선,남구로,16403,17382,33785
20210413,7호선,가산디지털단지,48842,48859,97701
20210413,7호선,철산,21268,21725,42993
20210413,7호선,광명사거리,22090,21785,43875
20210413,7호선,천왕,11803,11137,22940
20210413,7호선,온수,11400,10325,21725
20210413,7호선,까치울,7721,7464,15185
20210413,7호선,부천종합운동장,4694,4079,8773
20210413,7호선,춘의,9674,9704,19378
20210413,7호선,신중동,14259,14067,28326
20210413,7호선,상도,10431,10134,20565
20210413,5호선,신금호,6421,6718,13139
20210413,7호선,숭실대입구,12302,12642,24944
20210413,7호선,이수,15102,14769,29871
20210413,7호선,면목,15788,15562,31350
20210413,7호선,사가정,16534,16433,32967
20210413,7호선,용마산,6140,5861,12001
20210413,7호선,중곡,10054,9291,19345
20210413,7호선,군자,14661,11800,26461
20210413,7호선,어린이대공원,12612,12699,25311
20210413,7호선,건대입구,11467,11667,23134
20210413,7호선,뚝섬유원지,7750,7765,15515
20210413,7호선,청담,19571,22066,41637
20210413,7호선,강남구청,16638,18395,35033
20210413,7호선,학동,25009,26619,51628
20210413,7호선,논현,20716,22299,43015
20210413,7호선,반포,5529,5359,10888
20210413,7호선,고속터미널,13875,12424,26299
20210413,7호선,내방,14311,14815,29126
20210413,7호선,남성,11330,10456,21786
20210413,7호선,상봉,17017,15849,32866
20210413,7호선,상동,12169,12664,24833
20210413,7호선,굴포천,8544,8990,17534
20210413,9호선,김포공항,7062,9856,16918
20210413,9호선,공항시장,2915,3170,6085
20210413,9호선,신방화,6805,6680,13485
20210413,9호선,마곡나루,11191,11088,22279
20210413,9호선,양천향교,9621,9898,19519
20210413,9호선,가양,19967,19584,39551
20210413,9호선,증미,7413,7520,14933
20210413,9호선,등촌,11170,11107,22277
20210413,9호선,염창,16916,17161,34077
20210413,9호선,신목동,4013,3524,7537
20210413,9호선,선유도,8179,7917,16096
20210413,9호선,당산,17559,17937,35496
20210413,9호선,국회의사당,16167,16221,32388
20210413,9호선,여의도,26383,25256,51639
20210413,9호선,샛강,5830,6036,11866
20210413,9호선,개화,2603,1830,4433
20210413,7호선,삼산체육관,5069,4694,9763
20210413,8호선,모란,3990,3112,7102
20210413,8호선,신흥,4293,4641,8934
20210413,7호선,부평구청,11901,9887,21788
20210413,8호선,암사,18962,16899,35861
20210413,8호선,천호,14579,16615,31194
20210413,8호선,강동구청,10465,10943,21408
20210413,8호선,몽촌토성,5733,5989,11722
20210413,8호선,잠실,12624,14537,27161
20210413,8호선,석촌,7409,8491,15900
20210413,8호선,송파,7661,7786,15447
20210413,8호선,가락시장,7635,8467,16102
20210413,8호선,문정,22334,23756,46090
20210413,8호선,장지,16977,16167,33144
20210413,8호선,복정,11376,9858,21234
20210413,8호선,산성,6335,6435,12770
20210413,8호선,남한산성입구,13898,12862,26760
20210413,8호선,단대오거리,10386,10001,20387
20210413,8호선,수진,4924,4602,9526
20210413,7호선,중화,11099,10929,22028
20210413,7호선,부천시청,12235,12088,24323
20210413,7호선,태릉입구,8003,7568,15571
20210413,5호선,거여,8324,8049,16373
20210413,5호선,마천,6352,6366,12718
20210413,5호선,강일,2944,3147,6091
20210413,5호선,미사,14451,14213,28664
20210413,5호선,하남풍산,3787,3755,7542
20210413,5호선,하남시청,4671,4801,9472
20210413,5호선,하남검단산,4447,4379,8826
20210413,6호선,응암,17844,17747,35591
20210413,6호선,역촌,3579,4071,7650
20210413,6호선,불광,4285,4358,8643
20210413,6호선,독바위,2732,2921,5653
20210413,6호선,연신내,4,0,4
20210413,6호선,구산,7582,5767,13349
20210413,6호선,새절,13003,12195,25198
20210413,6호선,증산,9939,9948,19887
20210413,5호선,오금,3836,3741,7577
20210413,6호선,디지털미디어시티,14056,15475,29531
20210413,5호선,방이,6760,7020,13780
20210413,5호선,둔촌동,8457,8418,16875
20210413,7호선,먹골,9858,9688,19546
20210413,5호선,왕십리,4624,4900,9524
20210413,5호선,마장,5560,5124,10684
20210413,5호선,답십리,16087,14866,30953
20210413,5호선,장한평,18606,18482,37088
20210413,5호선,군자,11110,11988,23098
20210413,5호선,아차산,14614,14520,29134
20210413,5호선,광나루,12861,11609,24470
20210413,5호선,천호,17463,17154,34617
20210413,5호선,강동,18649,17870,36519
20210413,5호선,길동,8012,8272,16284
20210413,5호선,굽은다리,9243,8782,18025
20210413,5호선,명일,8720,9028,17748
20210413,5호선,고덕,9345,9202,18547
20210413,5호선,상일동,15927,14485,30412
20210413,5호선,올림픽공원,4246,3673,7919
20210413,6호선,월드컵경기장,4413,4597,9010
20210413,5호선,개롱,6372,6789,13161
20210413,6호선,망원,13443,14624,28067
20210413,6호선,월곡,11071,11177,22248
20210413,6호선,상월곡,6273,5647,11920
20210413,6호선,돌곶이,9084,8542,17626
20210413,6호선,석계,12245,12507,24752
20210413,6호선,태릉입구,5213,5865,11078
20210413,6호선,화랑대,11298,8738,20036
20210413,6호선,봉화산,8922,8361,17283
20210413,7호선,장암,2328,951,3279
20210413,7호선,도봉산,9290,10829,20119
20210413,7호선,수락산,12644,12483,25127
20210413,7호선,마들,12497,11882,24379
20210413,7호선,노원,18800,19842,38642
20210413,7호선,중계,14445,13350,27795
20210413,7호선,하계,17537,16648,34185
20210413,6호선,마포구청,14260,12952,27212
20210413,6호선,고려대,7740,7540,15280
20210413,6호선,안암,9583,9714,19297
20210413,7호선,공릉,11738,11630,23368
20210413,6호선,창신,3761,3096,6857
20210413,6호선,보문,6982,6583,13565
20210413,6호선,상수,7288,7877,15165
20210413,6호선,광흥창,8991,8923,17914
20210413,6호선,대흥,7938,8362,16300
20210413,6호선,공덕,18819,18263,37082
20210413,6호선,효창공원앞,6875,6378,13253
20210413,6호선,삼각지,5846,5188,11034
20210413,6호선,녹사평,4451,4348,8799
20210413,6호선,합정,12309,11914,24223
20210413,6호선,한강진,6997,8020,15017
20210413,6호선,버티고개,2216,2215,4431
20210413,6호선,약수,3523,3586,7109
20210413,6호선,청구,3828,4141,7969
20210413,6호선,신당,8243,8589,16832
20210413,6호선,동묘앞,7854,8165,16019
20210413,6호선,이태원,8800,8913,17713
20210414,6호선,이태원,8847,8976,17823
20210414,6호선,녹사평,4732,4627,9359
20210414,6호선,삼각지,6051,5336,11387
20210414,6호선,효창공원앞,7067,6482,13549
20210414,6호선,공덕,18886,18141,37027
20210414,6호선,증산,10141,10000,20141
20210414,6호선,대흥,8100,8327,16427
20210414,6호선,합정,12797,12510,25307
20210414,6호선,상수,7302,7957,15259
20210414,6호선,망원,13630,14688,28318
20210414,6호선,마포구청,14064,12930,26994
20210414,6호선,월드컵경기장,5638,5909,11547
20210414,6호선,디지털미디어시티,14119,15438,29557
20210414,6호선,한강진,8193,9001,17194
20210414,6호선,광흥창,9073,8796,17869
20210414,6호선,버티고개,2258,2193,4451
20210414,6호선,월곡,11170,11267,22437
20210414,6호선,청구,3872,4106,7978
20210414,6호선,새절,12887,12324,25211
20210414,7호선,도봉산,9418,11260,20678
20210414,7호선,장암,2393,892,3285
20210414,6호선,봉화산,8847,8256,17103
20210414,6호선,화랑대,11437,8992,20429
20210414,6호선,태릉입구,5264,5979,11243
20210414,6호선,석계,12240,12636,24876
20210414,6호선,돌곶이,9042,8580,17622
20210414,6호선,상월곡,6283,5622,11905
20210414,6호선,고려대,7600,7345,14945
20210414,6호선,안암,9599,9688,19287
20210414,6호선,보문,7045,6661,13706
20210414,6호선,창신,3709,3160,6869
20210414,6호선,동묘앞,8010,8042,16052
20210414,6호선,신당,8112,8617,16729
20210414,6호선,약수,3615,3553,7168
20210414,6호선,구산,7604,5785,13389
20210414,5호선,광화문,30548,31483,62031
20210414,6호선,불광,4362,4498,8860
20210414,5호선,강동,18816,17848,36664
20210414,5호선,천호,17768,17662,35430
20210414,5호선,광나루,12973,11844,24817
20210414,5호선,아차산,15078,14897,29975
20210414,5호선,군자,11320,12333,23653
20210414,5호선,장한평,18644,18575,37219
20210414,5호선,답십리,16222,14855,31077
20210414,5호선,마장,5572,5226,10798
20210414,5호선,왕십리,4554,4959,9513
20210414,5호선,행당,8240,7397,15637
20210414,5호선,신금호,6383,6699,13082
20210414,5호선,청구,4077,3747,7824
20210414,5호선,동대문역사문화공원,2878,3298,6176
20210414,5호선,을지로4가,6136,6382,12518
20210414,5호선,종로3가,11701,11457,23158
20210414,5호선,길동,8013,8298,16311
20210414,6호선,독바위,2753,2963,5716
20210414,5호선,굽은다리,9392,8934,18326
20210414,5호선,고덕,9380,9333,18713
20210414,6호선,역촌,3687,4165,7852
20210414,6호선,응암,18053,17867,35920
20210414,5호선,하남검단산,4693,4600,9293
20210414,5호선,하남시청,5073,5090,10163
20210414,5호선,하남풍산,3728,3651,7379
20210414,5호선,미사,14670,14524,29194
20210414,5호선,강일,2960,3105,6065
20210414,5호선,마천,6459,6379,12838
20210414,5호선,거여,8440,8178,16618
20210414,5호선,개롱,6662,6904,13566
20210414,5호선,오금,3779,3783,7562
20210414,5호선,방이,6945,7140,14085
20210414,5호선,올림픽공원,4465,3874,8339
20210414,5호선,둔촌동,8600,8675,17275
20210414,5호선,상일동,16159,14524,30683
20210414,5호선,명일,8870,9229,18099
20210414,7호선,수락산,12835,12742,25577
20210414,9호선,등촌,11300,11092,22392
20210414,7호선,노원,18890,20134,39024
20210414,8호선,송파,7815,7931,15746
20210414,8호선,석촌,7643,8789,16432
20210414,8호선,잠실,12337,14313,26650
20210414,8호선,몽촌토성,5860,5951,11811
20210414,8호선,강동구청,10575,11073,21648
20210414,8호선,천호,14849,16951,31800
20210414,8호선,암사,19092,16981,36073
20210414,7호선,부평구청,11919,9985,21904
20210414,7호선,굴포천,8577,9193,17770
20210414,7호선,삼산체육관,5253,4897,10150
20210414,7호선,상동,12461,12978,25439
20210414,7호선,부천시청,12387,12404,24791
20210414,7호선,신중동,14389,14257,28646
20210414,7호선,춘의,9911,9649,19560
20210414,7호선,부천종합운동장,4729,4201,8930
20210414,8호선,가락시장,7936,8630,16566
20210414,7호선,까치울,7861,7574,15435
20210414,8호선,문정,22714,23868,46582
20210414,8호선,복정,11478,10057,21535
20210414,5호선,서대문,19309,19665,38974
20210414,9호선,증미,7405,7317,14722
20210414,9호선,가양,20159,19931,40090
20210414,9호선,양천향교,9761,10002,19763
20210414,9호선,마곡나루,11395,11364,22759
20210414,9호선,신방화,6936,6744,13680
20210414,9호선,공항시장,2918,3117,6035
20210414,9호선,김포공항,6805,10705,17510
20210414,9호선,개화,2656,1779,4435
20210414,8호선,모란,5911,4640,10551
20210414,8호선,수진,5175,4738,9913
20210414,8호선,신흥,4433,4851,9284
20210414,8호선,단대오거리,10935,10459,21394
20210414,8호선,남한산성입구,14237,13073,27310
20210414,8호선,산성,6573,6637,13210
20210414,8호선,장지,17127,16320,33447
20210414,7호선,마들,12577,12057,24634
20210414,7호선,온수,11078,10298,21376
20210414,7호선,광명사거리,22458,22238,44696
20210414,7호선,뚝섬유원지,8330,8256,16586
20210414,7호선,건대입구,11495,11725,23220
20210414,7호선,어린이대공원,12604,12620,25224
20210414,7호선,군자,14759,12018,26777
20210414,7호선,중곡,10085,9314,19399
20210414,7호선,용마산,6105,5905,12010
20210414,7호선,사가정,16475,16610,33085
20210414,7호선,면목,16010,15556,31566
20210414,7호선,상봉,17040,15901,32941
20210414,7호선,중화,11024,10794,21818
20210414,7호선,먹골,9929,9778,19707
20210414,7호선,태릉입구,8406,7948,16354
20210414,7호선,공릉,11838,11604,23442
20210414,7호선,하계,18022,17054,35076
20210414,7호선,중계,14655,13549,28204
20210414,7호선,청담,19799,22192,41991
20210414,7호선,천왕,11763,11157,22920
20210414,7호선,강남구청,16903,18429,35332
20210414,7호선,논현,20843,22286,43129
20210414,7호선,철산,21703,22130,43833
20210414,7호선,가산디지털단지,48610,48460,97070
20210414,7호선,남구로,16307,17415,33722
20210414,7호선,대림,7682,7623,15305
20210414,7호선,신풍,12012,11443,23455
20210414,7호선,보라매,10000,9830,19830
20210414,7호선,신대방삼거리,16285,15883,32168
20210414,7호선,장승배기,9664,9446,19110
20210414,7호선,상도,10345,10170,20515
20210414,7호선,숭실대입구,12484,12741,25225
20210414,7호선,남성,11207,10506,21713
20210414,7호선,이수,15244,14937,30181
20210414,7호선,내방,14452,14820,29272
20210414,7호선,고속터미널,13970,12300,26270
20210414,7호선,반포,5798,5586,11384
20210414,7호선,학동,24925,26578,51503
20210414,5호선,충정로,5112,5318,10430
20210414,3호선,무악재,3986,3975,7961
20210414,5호선,공덕,15171,16000,31171
20210414,2호선,구로디지털단지,62403,62836,125239
20210414,2호선,신대방,26435,25874,52309
20210414,2호선,신림,62177,60459,122636
20210414,2호선,봉천,24406,22960,47366
20210414,2호선,서울대입구,46417,45325,91742
20210414,2호선,낙성대,26851,26397,53248
20210414,2호선,대림,24982,25388,50370
20210414,2호선,사당,35731,39154,74885
20210414,2호선,서초,22198,21374,43572
20210414,2호선,교대,34419,38930,73349
20210414,2호선,강남,82094,80122,162216
20210414,2호선,역삼,52047,56694,108741
20210414,2호선,선릉,57098,51083,108181
20210414,2호선,삼성,48694,49284,97978
20210414,2호선,방배,16633,17474,34107
20210414,2호선,신도림,48243,46974,95217
20210414,2호선,문래,21806,22119,43925
20210414,2호선,영등포구청,23683,24005,47688
20210414,3호선,구파발,20180,19131,39311
20210414,3호선,지축,4099,3929,8028
20210414,2호선,용두,2314,2411,4725
20210414,2호선,신정네거리,10462,10910,21372
20210414,2호선,양천구청,6795,7263,14058
20210414,2호선,도림천,1426,1515,2941
20210414,2호선,신설동,3228,3180,6408
20210414,2호선,신답,1572,1863,3435
20210414,2호선,충정로,10457,10900,21357
20210414,2호선,아현,10664,10351,21015
20210414,2호선,이대,11535,12010,23545
20210414,2호선,신촌,30208,31274,61482
20210414,2호선,홍대입구,46197,47683,93880
20210414,2호선,합정,29074,30426,59500
20210414,2호선,당산,19281,22564,41845
20210414,2호선,종합운동장,7607,8541,16148
20210414,2호선,잠실새내,20108,19895,40003
20210414,2호선,잠실,60530,60223,120753
20210414,2호선,잠실나루,14175,13773,27948
20210414,1호선,종로3가,24745,22701,47446
20210414,1호선,종각,35003,33811,68814
20210414,1호선,시청,21163,21359,42522
20210414,1호선,동묘앞,8531,8897,17428
20210414,1호선,서울역,39909,37916,77825
20210414,장항선,신창,1529,1464,2993
20210414,2호선,용답,2676,2822,5498
20210414,분당선,복정,1,0,1
20210414,중앙선,아신,604,564,1168
20210414,중앙선,오빈,366,367,733
20210414,중앙선,양평,2517,2633,5150
20210414,중앙선,원덕,429,405,834
20210414,중앙선,용문,1981,1892,3873
20210414,중앙선,지평,66,87,153
20210414,9호선,염창,16980,16957,33937
20210414,1호선,종로5가,22331,21983,44314
20210414,3호선,연신내,37045,35122,72167
20210414,1호선,동대문,10928,10260,21188
20210414,1호선,제기동,17123,17592,34715
20210414,2호선,강변,28109,27716,55825
20210414,2호선,구의,23423,23127,46550
20210414,2호선,건대입구,32240,33697,65937
20210414,2호선,성수,35416,38586,74002
20210414,2호선,뚝섬,22574,23959,46533
20210414,2호선,한양대,8259,8948,17207
20210414,2호선,왕십리,15861,12602,28463
20210414,2호선,상왕십리,14299,13851,28150
20210414,2호선,신당,13643,14244,27887
20210414,2호선,동대문역사문화공원,11401,12602,24003
20210414,2호선,을지로4가,12831,12733,25564
20210414,2호선,을지로3가,21690,21241,42931
20210414,2호선,을지로입구,38227,38774,77001
20210414,2호선,시청,24064,23209,47273
20210414,1호선,청량리,19857,19916,39773
20210414,1호선,신설동,13939,13783,27722
20210414,3호선,불광,16541,17745,34286
20210414,3호선,녹번,14875,13614,28489
20210414,3호선,홍제,17647,16713,34360
20210414,4호선,쌍문,29361,27163,56524
20210414,4호선,창동,25183,26738,51921
20210414,4호선,노원,18300,20553,38853
20210414,4호선,상계,19243,17933,37176
20210414,4호선,당고개,12900,11802,24702
20210414,4호선,남태령,1272,1142,2414
20210414,4호선,사당,24065,20218,44283
20210414,4호선,총신대입구,18990,20584,39574
20210414,4호선,동작,2656,2821,5477
20210414,4호선,이촌,7158,7934,15092
20210414,4호선,신용산,15501,16244,31745
20210414,4호선,삼각지,5082,5453,10535
20210414,4호선,숙대입구,13182,12930,26112
20210414,4호선,서울역,10872,14194,25066
20210414,4호선,회현,24115,25189,49304
20210414,5호선,방화,6864,6619,13483
20210414,4호선,명동,16907,17429,34336
20210414,5호선,개화산,5473,5265,10738
20210414,5호선,송정,6806,6400,13206
20210414,5호선,마포,14977,15312,30289
20210414,5호선,여의나루,10767,12373,23140
20210414,5호선,여의도,29651,30409,60060
20210414,5호선,신길,4226,4628,8854
20210414,5호선,영등포시장,9620,10122,19742
20210414,5호선,영등포구청,4268,4261,8529
20210414,5호선,양평,7704,7609,15313
20210414,5호선,오목교,22058,23641,45699
20210414,5호선,목동,17322,18823,36145
20210414,5호선,신정,14352,11454,25806
20210414,5호선,까치산,29432,28431,57863
20210414,5호선,화곡,28565,26985,55550
20210414,5호선,우장산,14582,14356,28938
20210414,5호선,발산,20005,20371,40376
20210414,5호선,마곡,10467,10267,20734
20210414,5호선,김포공항,6579,6582,13161
20210414,5호선,애오개,7122,7207,14329
20210414,4호선,충무로,26332,27218,53550
20210414,4호선,동대문,20343,21042,41385
20210414,3호선,교대,14651,9507,24158
20210414,3호선,고속터미널,34968,33441,68409
20210414,3호선,잠원,4799,4739,9538
20210414,3호선,신사,29442,30454,59896
20210414,3호선,압구정,30885,32598,63483
20210414,3호선,옥수,9109,9634,18743
20210414,3호선,금호,8294,7806,16100
20210414,3호선,약수,12880,12642,25522
20210414,3호선,동대입구,7858,8393,16251
20210414,3호선,충무로,2,0,2
20210414,3호선,을지로3가,10482,10870,21352
20210414,3호선,종로3가,9903,11192,21095
20210414,3호선,안국,19734,20315,40049
20210414,3호선,경복궁,18986,18823,37809
20210414,3호선,독립문,7206,7488,14694
20210414,3호선,남부터미널,27841,28743,56584
20210414,4호선,동대문역사문화공원,14166,13254,27420
20210414,3호선,양재,39046,41969,81015
20210414,3호선,도곡,5432,5482,10914
20210414,4호선,혜화,30632,30262,60894
20210414,4호선,한성대입구,13924,13701,27625
20210414,4호선,성신여대입구,19498,18530,38028
20210414,4호선,길음,20498,20019,40517
20210414,4호선,미아사거리,27467,26746,54213
20210414,4호선,미아,15391,15039,30430
20210414,4호선,수유,33476,33445,66921
20210414,3호선,오금,6175,5507,11682
20210414,3호선,경찰병원,7636,7730,15366
20210414,3호선,가락시장,9025,8916,17941
20210414,3호선,수서,16244,16646,32890
20210414,3호선,일원,10071,9879,19950
20210414,3호선,대청,9803,8977,18780
20210414,3호선,학여울,1754,1812,3566
20210414,3호선,대치,10399,10419,20818
20210414,3호선,매봉,12718,12243,24961
20210414,9호선,신목동,3892,3661,7553
20210414,9호선,선유도,8212,7958,16170
20210414,9호선,당산,17856,18032,35888
20210414,분당선,모란,25243,25905,51148
20210414,분당선,야탑,25410,26239,51649
20210414,분당선,서현,23610,23944,47554
20210414,분당선,수내,12693,12749,25442
20210414,분당선,정자,17147,18170,35317
20210414,분당선,미금,15431,16467,31898
20210414,분당선,태평,13745,13386,27131
20210414,분당선,오리,11798,9819,21617
20210414,분당선,보정,2510,2221,4731
20210414,분당선,죽전,12964,14428,27392
20210414,분당선,구성,4818,5138,9956
20210414,분당선,신갈,4463,4536,8999
20210414,분당선,기흥,9494,8895,18389
20210414,분당선,상갈,5303,5190,10493
20210414,분당선,이매,5750,5271,11021
20210414,분당선,가천대,8660,9817,18477
20210414,분당선,선정릉,8270,8818,17088
20210414,분당선,강남구청,10044,11341,21385
20210414,과천선,과천,5629,5211,10840
20210414,과천선,정부과천청사,10149,10064,20213
20210414,과천선,인덕원,23967,24775,48742
20210414,과천선,평촌,18003,17601,35604
20210414,과천선,범계,25250,25009,50259
20210414,분당선,선릉,13534,20198,33732
20210414,분당선,한티,13198,14158,27356
20210414,분당선,도곡,6619,6657,13276
20210414,분당선,구룡,1967,1992,3959
20210414,분당선,개포동,3892,4089,7981
20210414,분당선,대모산입구,3537,3344,6881
20210414,분당선,수서,13116,13384,26500
20210414,분당선,수원,7820,6412,14232
20210414,분당선,서울숲,11436,11961,23397
20210414,분당선,압구정로데오,17948,19551,37499
20210414,분당선,청명,4187,3979,8166
20210414,분당선,영통,8060,8171,16231
20210414,분당선,망포,13656,13163,26819
20210414,분당선,매탄권선,4809,4704,9513
20210414,수인선,인천,947,1611,2558
20210414,안산선,산본,16114,17268,33382
20210414,안산선,대야미,5174,4607,9781
20210414,안산선,반월,4348,4175,8523
20210414,안산선,상록수,16276,16441,32717
20210414,안산선,한대앞,8917,8906,17823
20210414,안산선,중앙,17074,17712,34786
20210414,안산선,고잔,8938,8570,17508
20210414,안산선,초지,5004,5421,10425
20210414,안산선,안산,11758,10515,22273
20210414,안산선,신길온천,1739,1580,3319
20210414,안산선,정왕,9440,9992,19432
20210414,안산선,오이도,8465,8197,16662
20210414,안산선,수리산,4624,3892,8516
20210414,우이신설선,북한산우이,3168,2912,6080
20210414,수인선,신포,1850,1866,3716
20210414,과천선,대공원,2997,3167,6164
20210414,수인선,숭의,4099,3838,7937
20210414,수인선,송도,2580,2455,5035
20210414,분당선,수원시청,11786,12545,24331
20210414,분당선,매교,2966,3008,5974
20210414,수인선,고색,3851,3706,7557
20210414,수인선,오목천,2928,2651,5579
20210414,수인선,어천,692,721,1413
20210414,수인선,야목,283,232,515
20210414,수인선,사리,4058,3610,7668
20210414,수인선,달월,95,66,161
20210414,수인선,월곶,2531,2427,4958
20210414,수인선,소래포구,5307,5002,10309
20210414,수인선,인천논현,5579,5973,11552
20210414,수인선,호구포,3977,4115,8092
20210414,수인선,남동인더스파크,2384,2699,5083
20210414,수인선,원인재,4362,4537,8899
20210414,수인선,연수,4634,4520,9154
20210414,수인선,인하대,5725,5391,11116
20210414,과천선,선바위,8651,7485,16136
20210414,공항철도 1호선,영종,2907,2888,5795
20210414,공항철도 1호선,인천공항2터미널,1835,1737,3572
20210414,경의선,문산,5295,5280,10575
20210414,경의선,임진강,15,10,25
20210414,경인선,개봉,21821,22493,44314
20210414,경인선,오류동,12227,9970,22197
20210414,경인선,역곡,28807,28597,57404
20210414,경인선,부천,33113,33365,66478
20210414,경인선,송내,27966,27990,55956
20210414,경인선,부평,29185,31320,60505
20210414,경인선,백운,7225,7097,14322
20210414,경인선,동암,15545,15332,30877
20210414,경인선,주안,18876,17160,36036
20210414,경인선,제물포,10964,10621,21585
20210414,경인선,동인천,14098,13253,27351
20210414,경인선,인천,3328,2563,5891
20210414,경인선,구일,7063,7363,14426
20210414,경의선,파주,1743,1325,3068
20210414,경인선,소사,9523,9159,18682
20210414,경의선,월롱,2216,2025,4241
20210414,경의선,금릉,4628,4440,9068
20210414,경의선,홍대입구,1531,1643,3174
20210414,경의선,가좌,5304,5049,10353
20210414,경의선,디지털미디어시티,2532,2354,4886
20210414,경의선,수색,2731,2936,5667
20210414,경의선,화전,1977,1828,3805
20210414,경의선,강매,3292,2857,6149
20210414,경의선,행신,7563,7573,15136
20210414,경의선,능곡,3825,3537,7362
20210414,경의선,곡산,643,666,1309
20210414,경의선,백마,6894,6694,13588
20210414,경의선,풍산,5409,5153,10562
20210414,경의선,일산,9408,9420,18828
20210414,경의선,탄현,7453,7183,14636
20210414,경의선,야당,6608,6451,13059
20210414,경의선,운정,6624,6310,12934
20210414,경의선,금촌,6109,6002,12111
20210414,우이신설선,솔밭공원,2383,2351,4734
20210414,경인선,부개,8660,8120,16780
20210414,경인선,도원,3610,3620,7230
20210414,경춘선,김유정,340,365,705
20210414,경춘선,남춘천,2074,2118,4192
20210414,경춘선,춘천,1345,1289,2634
20210414,공항철도 1호선,서울역,6214,5786,12000
20210414,공항철도 1호선,공덕,2179,2869,5048
20210414,공항철도 1호선,홍대입구,7991,8058,16049
20210414,공항철도 1호선,디지털미디어시티,14379,12964,27343
20210414,공항철도 1호선,마곡나루,8431,8122,16553
20210414,공항철도 1호선,김포공항,10258,6605,16863
20210414,공항철도 1호선,계양,9383,8408,17791
20210414,공항철도 1호선,검암,6968,6845,13813
20210414,공항철도 1호선,청라국제도시,6490,6131,12621
20210414,공항철도 1호선,운서,5916,6026,11942
20210414,공항철도 1호선,공항화물청사,2293,2443,4736
20210414,공항철도 1호선,인천공항1터미널,3005,3196,6201
20210414,경춘선,강촌,528,550,1078
20210414,경인선,간석,6147,5831,11978
20210414,경춘선,백양리,121,118,239
20210414,경춘선,가평,1556,1537,3093
20210414,경인선,온수,6974,6758,13732
20210414,경인선,중동,9348,8927,18275
20210414,경인선,도화,4354,4040,8394
20210414,경춘선,신내,1713,1808,3521
20210414,경춘선,갈매,3110,2768,5878
20210414,경춘선,별내,2843,2748,5591
20210414,경춘선,퇴계원,3615,3418,7033
20210414,경춘선,사릉,3593,3382,6975
20210414,경춘선,금곡,1576,1480,3056
20210414,경춘선,평내호평,6315,6194,12509
20210414,경춘선,천마산,1755,1668,3423
20210414,경춘선,마석,4044,3913,7957
20210414,경춘선,대성리,533,507,1040
20210414,경춘선,청평,1667,1640,3307
20210414,경춘선,상천,379,365,744
20210414,경춘선,굴봉산,328,332,660
20210414,우이신설선,4.19민주묘지,2940,2893,5833
20210414,과천선,경마공원,1356,1366,2722
20210414,우이신설선,화계,3252,3087,6339
20210414,경부선,군포,7807,7752,15559
20210414,경부선,금정,26575,26951,53526
20210414,경부선,명학,9400,9300,18700
20210414,경부선,안양,25353,25458,50811
20210414,경부선,관악,7409,6915,14324
20210414,경부선,석수,10114,8987,19101
20210414,경부선,금천구청,12064,12025,24089
20210414,경부선,가산디지털단지,18515,21643,40158
20210414,경부선,구로,19501,19609,39110
20210414,경부선,신길,9662,8320,17982
20210414,경부선,신도림,4196,4221,8417
20210414,경부선,영등포,34827,35682,70509
20210414,경부선,대방,13146,13706,26852
20210414,경부선,노량진,8264,8406,16670
20210414,경부선,용산,28345,26355,54700
20210414,경부선,의왕,9007,8990,17997
20210414,경부선,남영,9750,10031,19781
20210414,경부선,성균관대,14749,14415,29164
20210414,경부선,수원,31685,33444,65129
20210414,경부선,천안,4645,4683,9328
20210414,경부선,두정,4900,4974,9874
20210414,경부선,직산,732,749,1481
20210414,경부선,성환,2985,3089,6074
20210414,경부선,평택,11132,11088,22220
20210414,경부선,지제,2741,2602,5343
20210414,경부선,서정리,6447,6017,12464
20210414,경부선,송탄,3924,3711,7635
20210414,경부선,진위,1556,1409,2965
20210414,경부선,오산,9622,9407,19029
20210414,경부선,오산대,3706,3444,7150
20210414,경부선,세마,2609,2456,5065
20210414,경부선,병점,13520,13645,27165
20210414,경부선,세류,2952,2809,5761
20210414,경부선,독산,17019,18106,35125
20210414,경부선,화서,7489,7277,14766
20210414,경부선,당정,6352,6043,12395
20210414,경부선,서울역,4115,1370,5485
20210414,경강선,세종대왕릉,299,284,583
20210414,9호선2~3단계,삼성중앙,6698,7152,13850
20210414,9호선2~3단계,선정릉,9648,10399,20047
20210414,9호선2~3단계,언주,9718,10056,19774
20210414,9호선,신논현,30451,29934,60385
20210414,9호선,사평,3217,3201,6418
20210414,9호선,고속터미널,10871,13548,24419
20210414,9호선,신반포,3230,3197,6427
20210414,9호선,구반포,2686,2638,5324
20210414,9호선,동작,1889,1472,3361
20210414,9호선,흑석,7542,7942,15484
20210414,9호선,노들,4323,3781,8104
20210414,9호선,노량진,25779,25122,50901
20210414,9호선,샛강,6047,6181,12228
20210414,9호선,여의도,27402,26142,53544
20210414,우이신설선,가오리,4026,4011,8037
20210414,9호선2~3단계,봉은사,15100,15244,30344
20210414,경강선,여주,1813,1831,3644
20210414,9호선2~3단계,종합운동장,4187,4083,8270
20210414,9호선2~3단계,석촌고분,5914,5858,11772
20210414,경강선,부발,1773,1743,3516
20210414,경강선,이천,2309,2464,4773
20210414,경강선,신둔도예촌,1366,1275,2641
20210414,경강선,곤지암,2171,2154,4325
20210414,경강선,초월,3017,2891,5908
20210414,경강선,경기광주,6996,6546,13542
20210414,경강선,삼동,2403,2229,4632
20210414,경강선,이매,1124,1103,2227
20210414,경강선,판교,4374,4208,8582
20210414,9호선2~3단계,중앙보훈병원,10203,9121,19324
20210414,9호선2~3단계,둔촌오륜,1246,1076,2322
20210414,9호선2~3단계,올림픽공원,5629,5594,11223
20210414,9호선2~3단계,한성백제,2415,2176,4591
20210414,9호선2~3단계,송파나루,4505,4903,9408
20210414,9호선2~3단계,석촌,7922,7066,14988
20210414,9호선2~3단계,삼전,6490,6285,12775
20210414,경부선,서동탄,1543,1284,2827
20210414,9호선,국회의사당,16267,16357,32624
20210414,장항선,봉명,1291,1267,2558
20210414,장항선,쌍용,2108,1990,4098
20210414,장항선,아산,2447,2314,4761
20210414,장항선,배방,921,881,1802
20210414,장항선,온양온천,4059,4093,8152
20210414,중앙선,회기,23832,23085,46917
20210414,중앙선,중랑,5502,5252,10754
20210414,경부선,광명,2992,2623,5615
20210414,중앙선,상봉,5869,5897,11766
20210414,중앙선,양원,1876,1985,3861
20210414,중앙선,도농,9861,9153,19014
20210414,중앙선,양정,869,707,1576
20210414,중앙선,덕소,5589,5524,11113
20210414,중앙선,도심,2478,1917,4395
20210414,중앙선,팔당,974,999,1973
20210414,중앙선,망우,7712,7596,15308
20210414,일산선,대화,12708,9974,22682
20210414,일산선,주엽,8972,9028,18000
20210414,일산선,정발산,7146,6976,14122
20210414,우이신설선,삼양,1967,2143,4110
20210414,우이신설선,삼양사거리,2405,2490,4895
20210414,우이신설선,솔샘,5656,5370,11026
20210414,우이신설선,북한산보국문,5990,5716,11706
20210414,우이신설선,정릉,4416,4205,8621
20210414,우이신설선,성신여대입구,3141,3382,6523
20210414,우이신설선,보문,1482,1457,2939
20210414,우이신설선,신설동,2273,2171,4444
20210414,일산선,원흥,9890,9567,19457
20210414,일산선,삼송,18116,17859,35975
20210414,일산선,원당,11358,10769,22127
20210414,일산선,화정,16756,17158,33914
20210414,일산선,대곡,1830,1476,3306
20210414,일산선,백석,9479,9551,19030
20210414,일산선,마두,7481,7801,15282
20210414,중앙선,운길산,1065,1014,2079
20210414,중앙선,양수,1906,1957,3863
20210414,중앙선,구리,13507,13873,27380
20210414,중앙선,국수,827,789,1616
20210414,경원선,도봉,5999,5769,11768
20210414,경원선,방학,9604,9430,19034
20210414,경원선,녹천,4815,4090,8905
20210414,경원선,월계,7177,6705,13882
20210414,경원선,광운대,8741,8554,17295
20210414,중앙선,신원,268,284,552
20210414,경원선,신이문,8572,8010,16582
20210414,경원선,외대앞,6836,6974,13810
20210414,경원선,청량리,13405,14329,27734
20210414,경원선,왕십리,13049,14562,27611
20210414,경원선,응봉,1880,1634,3514
20210414,경원선,옥수,57,25,82
20210414,경원선,한남,4188,3834,8022
20210414,경원선,서빙고,1858,1744,3602
20210414,경원선,이촌,3806,3016,6822
20210414,경원선,도봉산,8307,5505,13812
20210414,경원선,망월사,7548,7802,15350
20210414,경원선,석계,8119,9072,17191
20210414,경원선,의정부,17444,17835,35279
20210414,경원선,회룡,12653,12503,25156
20210414,경의선,공덕,3490,3064,6554
20210414,경의선,효창공원앞,2914,3339,6253
20210414,경의선,신촌,860,1053,1913
20210414,경의선,서울역,4141,5360,9501
20210414,경원선,소요산,2976,2474,5450
20210414,경원선,동두천,2351,2756,5107
20210414,경의선,서강대,2023,1945,3968
20210414,경원선,동두천중앙,3078,2986,6064
20210414,경원선,지행,6297,6285,12582
20210414,경원선,덕정,5849,5624,11473
20210414,경원선,덕계,3110,2811,5921
20210414,경원선,양주,7856,7350,15206
20210414,경원선,녹양,4567,4448,9015
20210414,경원선,가능,6663,6402,13065
20210414,경원선,보산,1448,1298,2746
20210415,6호선,안암,9575,9578,19153
20210415,6호선,보문,7116,6644,13760
20210415,6호선,창신,3613,3024,6637
20210415,6호선,동묘앞,7872,8037,15909
20210415,6호선,신당,8082,8603,16685
20210415,6호선,청구,3935,4137,8072
20210415,6호선,약수,3555,3588,7143
20210415,6호선,녹사평,4895,4725,9620
20210415,6호선,한강진,7270,8268,15538
20210415,6호선,이태원,9055,9335,18390
20210415,6호선,삼각지,5782,5208,10990
20210415,6호선,효창공원앞,7063,6429,13492
20210415,6호선,공덕,18859,18182,37041
20210415,6호선,대흥,7973,8241,16214
20210415,6호선,고려대,7759,7474,15233
20210415,6호선,버티고개,2143,2166,4309
20210415,6호선,월곡,11209,11097,22306
20210415,5호선,장한평,18646,18395,37041
20210415,6호선,돌곶이,9044,8443,17487
20210415,7호선,상봉,16984,16076,33060
20210415,7호선,중화,11176,10961,22137
20210415,7호선,먹골,9926,9852,19778
20210415,7호선,공릉,11464,11502,22966
20210415,7호선,하계,17566,16764,34330
20210415,7호선,중계,14545,13395,27940
20210415,7호선,노원,18843,20131,38974
20210415,7호선,마들,12555,11971,24526
20210415,7호선,수락산,12810,12660,25470
20210415,7호선,도봉산,9437,11340,20777
20210415,7호선,장암,2370,966,3336
20210415,6호선,봉화산,8866,8299,17165
20210415,6호선,화랑대,11311,8914,20225
20210415,6호선,태릉입구,5263,5767,11030
20210415,6호선,석계,12197,12578,24775
20210415,6호선,상월곡,6257,5650,11907
20210415,6호선,광흥창,8856,8654,17510
20210415,5호선,군자,11271,12406,23677
20210415,6호선,합정,12449,12153,24602
20210415,5호선,개롱,6553,6813,13366
20210415,5호선,오금,3844,3812,7656
20210415,5호선,방이,6820,7082,13902
20210415,5호선,올림픽공원,4383,3769,8152
20210415,5호선,둔촌동,8658,8608,17266
20210415,5호선,상일동,16014,14449,30463
20210415,5호선,고덕,9349,9325,18674
20210415,5호선,명일,8717,9064,17781
20210415,5호선,굽은다리,9404,8869,18273
20210415,5호선,길동,7990,8117,16107
20210415,5호선,강동,18704,17740,36444
20210415,5호선,천호,17757,17601,35358
20210415,5호선,광나루,13075,11936,25011
20210415,5호선,아차산,15141,14944,30085
20210415,7호선,면목,15869,15492,31361
20210415,5호선,거여,8351,8076,16427
20210415,6호선,상수,7308,8061,15369
20210415,5호선,마천,6339,6274,12613
20210415,5호선,미사,14461,14220,28681
20210415,6호선,망원,13645,14697,28342
20210415,6호선,마포구청,14125,12777,26902
20210415,6호선,월드컵경기장,4705,4918,9623
20210415,6호선,디지털미디어시티,13767,15153,28920
20210415,6호선,증산,10244,10092,20336
20210415,6호선,새절,13100,12372,25472
20210415,6호선,구산,7720,5828,13548
20210415,6호선,연신내,1,0,1
20210415,6호선,독바위,2867,2970,5837
20210415,6호선,불광,4164,4304,8468
20210415,6호선,역촌,3653,4185,7838
20210415,6호선,응암,17830,17728,35558
20210415,5호선,하남검단산,4742,4624,9366
20210415,5호선,하남시청,4792,4820,9612
20210415,5호선,하남풍산,3852,3833,7685
20210415,5호선,강일,3027,3157,6184
20210415,7호선,사가정,16603,16482,33085
20210415,7호선,부평구청,12019,9982,22001
20210415,7호선,중곡,10134,9243,19377
20210415,9호선,개화,2579,1793,4372
20210415,8호선,모란,4096,3197,7293
20210415,8호선,수진,4902,4458,9360
20210415,8호선,신흥,4458,4831,9289
20210415,8호선,단대오거리,10524,10130,20654
20210415,8호선,남한산성입구,13974,12844,26818
20210415,9호선,김포공항,7160,11464,18624
20210415,8호선,산성,6560,6561,13121
20210415,8호선,장지,16985,16239,33224
20210415,8호선,문정,22505,23550,46055
20210415,8호선,가락시장,7907,8922,16829
20210415,8호선,송파,7711,7676,15387
20210415,8호선,석촌,7441,8626,16067
20210415,8호선,잠실,12916,14893,27809
20210415,8호선,복정,11697,10142,21839
20210415,9호선,공항시장,2812,3165,5977
20210415,9호선,신방화,6829,6632,13461
20210415,9호선,마곡나루,11409,11344,22753
20210415,9호선,동작,1832,1514,3346
20210415,9호선,흑석,7575,7901,15476
20210415,9호선,노들,4382,3802,8184
20210415,9호선,노량진,25718,25359,51077
20210415,9호선,샛강,5958,6186,12144
20210415,9호선,여의도,27182,26015,53197
20210415,9호선,국회의사당,15603,15962,31565
20210415,9호선,당산,17601,17918,35519
20210415,9호선,선유도,8141,7951,16092
20210415,9호선,신목동,4057,3580,7637
20210415,9호선,염창,17069,16899,33968
20210415,9호선,등촌,11306,11109,22415
20210415,9호선,증미,7474,7405,14879
20210415,9호선,가양,20268,20068,40336
20210415,9호선,양천향교,9687,9860,19547
20210415,8호선,몽촌토성,5814,5888,11702
20210415,8호선,강동구청,10474,10987,21461
20210415,8호선,천호,14475,16699,31174
20210415,8호선,암사,19003,16926,35929
20210415,7호선,상도,10519,10289,20808
20210415,7호선,숭실대입구,12625,12790,25415
20210415,7호선,남성,11272,10466,21738
20210415,7호선,이수,15279,14737,30016
20210415,7호선,내방,14282,14569,28851
20210415,7호선,고속터미널,14354,12888,27242
20210415,7호선,반포,5774,5645,11419
20210415,7호선,논현,20524,22228,42752
20210415,7호선,학동,24695,26392,51087
20210415,7호선,강남구청,16796,18364,35160
20210415,7호선,청담,19507,21938,41445
20210415,7호선,뚝섬유원지,8906,8638,17544
20210415,7호선,건대입구,11482,11763,23245
20210415,7호선,어린이대공원,12569,12580,25149
20210415,7호선,군자,14769,11744,26513
20210415,7호선,장승배기,9784,9458,19242
20210415,7호선,용마산,6167,5983,12150
20210415,7호선,신대방삼거리,16153,15814,31967
20210415,7호선,신풍,11888,11290,23178
20210415,7호선,굴포천,8715,9168,17883
20210415,7호선,삼산체육관,5190,4679,9869
20210415,7호선,상동,12385,12913,25298
20210415,7호선,부천시청,12335,12413,24748
20210415,7호선,신중동,14517,14438,28955
20210415,7호선,춘의,9806,9623,19429
20210415,7호선,부천종합운동장,4739,4217,8956
20210415,7호선,까치울,8074,7724,15798
20210415,7호선,온수,11075,10266,21341
20210415,7호선,천왕,11540,11049,22589
20210415,7호선,광명사거리,22491,22059,44550
20210415,7호선,철산,21203,21769,42972
20210415,7호선,가산디지털단지,48060,48235,96295
20210415,7호선,남구로,16387,17316,33703
20210415,7호선,대림,7626,7682,15308
20210415,7호선,보라매,9921,9703,19624
20210415,5호선,답십리,16230,14868,31098
20210415,1호선,동묘앞,8561,9098,17659
20210415,5호선,왕십리,4663,4982,9645
20210415,2호선,용답,2630,2785,5415
20210415,2호선,충정로,10103,10755,20858
20210415,2호선,아현,10278,9949,20227
20210415,2호선,이대,11644,12066,23710
20210415,2호선,신촌,30009,31071,61080
20210415,2호선,홍대입구,46469,48220,94689
20210415,2호선,합정,29311,30588,59899
20210415,2호선,당산,19419,22585,42004
20210415,2호선,영등포구청,23651,23971,47622
20210415,2호선,문래,21688,22230,43918
20210415,2호선,신도림,48428,47225,95653
20210415,2호선,대림,24687,25271,49958
20210415,2호선,구로디지털단지,62283,62508,124791
20210415,2호선,신대방,26799,25973,52772
20210415,2호선,신림,61814,59755,121569
20210415,2호선,신답,1613,1853,3466
20210415,2호선,봉천,24260,22533,46793
20210415,2호선,신설동,3324,3227,6551
20210415,2호선,양천구청,6765,7237,14002
20210415,3호선,동대입구,8090,8599,16689
20210415,3호선,을지로3가,10333,10746,21079
20210415,3호선,종로3가,10018,11496,21514
20210415,3호선,안국,19016,19886,38902
20210415,3호선,경복궁,19026,18765,37791
20210415,3호선,독립문,7205,7537,14742
20210415,3호선,무악재,3917,4031,7948
20210415,3호선,홍제,17805,16816,34621
20210415,3호선,녹번,15011,13707,28718
20210415,3호선,불광,16389,17499,33888
20210415,3호선,연신내,37312,35024,72336
20210415,3호선,구파발,20732,19709,40441
20210415,3호선,지축,4099,3926,8025
20210415,2호선,용두,2350,2448,4798
20210415,2호선,신정네거리,10563,10815,21378
20210415,2호선,도림천,1438,1518,2956
20210415,3호선,약수,12995,12643,25638
20210415,2호선,서울대입구,46075,45219,91294
20210415,2호선,사당,35569,39114,74683
20210415,2호선,신당,13665,14147,27812
20210415,2호선,동대문역사문화공원,11479,12792,24271
20210415,2호선,을지로4가,13078,12931,26009
20210415,2호선,을지로3가,21296,20902,42198
20210415,2호선,을지로입구,37615,39009,76624
20210415,2호선,시청,23845,23128,46973
20210415,1호선,청량리,20581,20355,40936
20210415,1호선,제기동,17871,18266,36137
20210415,1호선,신설동,14028,13642,27670
20210415,1호선,동대문,10880,10425,21305
20210415,1호선,종로5가,22556,22181,44737
20210415,1호선,종로3가,25023,22755,47778
20210415,1호선,종각,34083,32925,67008
20210415,1호선,시청,21373,21632,43005
20210415,9호선,구반포,2735,2803,5538
20210415,2호선,상왕십리,14056,13674,27730
20210415,2호선,낙성대,27011,26308,53319
20210415,2호선,왕십리,15254,12583,27837
20210415,2호선,뚝섬,22719,24360,47079
20210415,2호선,방배,16941,17645,34586
20210415,2호선,서초,21969,21281,43250
20210415,2호선,교대,34271,38544,72815
20210415,2호선,강남,81157,79418,160575
20210415,2호선,역삼,51361,56845,108206
20210415,2호선,선릉,56464,50734,107198
20210415,2호선,삼성,49071,50145,99216
20210415,2호선,종합운동장,7624,8128,15752
20210415,2호선,잠실새내,20390,20175,40565
20210415,2호선,잠실,62007,61788,123795
20210415,2호선,잠실나루,14596,14117,28713
20210415,2호선,강변,28647,27822,56469
20210415,2호선,구의,23341,23016,46357
20210415,2호선,건대입구,32142,33722,65864
20210415,2호선,성수,35075,38312,73387
20210415,2호선,한양대,8664,9405,18069
20210415,5호선,마장,5649,5253,10902
20210415,3호선,금호,8292,7735,16027
20210415,3호선,압구정,30442,32587,63029
20210415,5호선,목동,16987,18715,35702
20210415,5호선,신정,14259,11424,25683
20210415,5호선,까치산,29588,28662,58250
20210415,5호선,화곡,28646,26906,55552
20210415,5호선,우장산,14627,14361,28988
20210415,5호선,발산,19925,20260,40185
20210415,5호선,마곡,10324,10250,20574
20210415,5호선,송정,6915,6537,13452
20210415,5호선,김포공항,6942,6957,13899
20210415,5호선,개화산,5479,5165,10644
20210415,5호선,방화,6782,6458,13240
20210415,4호선,쌍문,29355,27191,56546
20210415,4호선,창동,25531,27159,52690
20210415,4호선,노원,18479,20676,39155
20210415,4호선,상계,19394,17942,37336
20210415,5호선,오목교,22212,24030,46242
20210415,4호선,당고개,13002,11951,24953
20210415,5호선,양평,7551,7528,15079
20210415,5호선,영등포시장,9621,9965,19586
20210415,5호선,행당,8283,7333,15616
20210415,5호선,신금호,6484,6639,13123
20210415,5호선,청구,4056,3790,7846
20210415,5호선,동대문역사문화공원,2764,3245,6009
20210415,5호선,을지로4가,6271,6340,12611
20210415,5호선,종로3가,11577,11545,23122
20210415,5호선,광화문,30011,31331,61342
20210415,5호선,서대문,19331,19658,38989
20210415,5호선,충정로,5120,5157,10277
20210415,5호선,애오개,7010,7040,14050
20210415,5호선,공덕,14931,15855,30786
20210415,5호선,마포,14614,14979,29593
20210415,5호선,여의나루,11148,12488,23636
20210415,5호선,여의도,29063,30322,59385
20210415,5호선,신길,4171,4441,8612
20210415,5호선,영등포구청,4169,4260,8429
20210415,3호선,옥수,9199,9583,18782
20210415,4호선,남태령,1194,1110,2304
20210415,4호선,총신대입구,18959,20401,39360
20210415,3호선,경찰병원,7496,7673,15169
20210415,3호선,가락시장,9099,8959,18058
20210415,3호선,수서,16457,16978,33435
20210415,3호선,일원,10102,9920,20022
20210415,3호선,대청,9856,9008,18864
20210415,3호선,학여울,1916,1970,3886
20210415,3호선,대치,10526,10552,21078
20210415,3호선,도곡,5441,5492,10933
20210415,3호선,매봉,12532,12136,24668
20210415,3호선,양재,39048,42162,81210
20210415,3호선,남부터미널,28254,28796,57050
20210415,3호선,교대,14529,9457,23986
20210415,3호선,고속터미널,36065,34739,70804
20210415,3호선,잠원,4763,4717,9480
20210415,3호선,신사,29416,30592,60008
20210415,3호선,오금,6139,5549,11688
20210415,4호선,사당,23850,20151,44001
20210415,4호선,수유,33687,33527,67214
20210415,4호선,미아사거리,27657,26936,54593
20210415,4호선,동작,2825,2868,5693
20210415,4호선,이촌,6985,7907,14892
20210415,4호선,신용산,15604,16402,32006
20210415,4호선,삼각지,5157,5501,10658
20210415,4호선,숙대입구,13187,12640,25827
20210415,4호선,서울역,10876,14637,25513
20210415,4호선,회현,23885,25037,48922
20210415,4호선,명동,16811,17353,34164
20210415,4호선,충무로,26532,27235,53767
20210415,4호선,동대문역사문화공원,14087,13022,27109
20210415,4호선,동대문,20431,20949,41380
20210415,4호선,혜화,30291,30275,60566
20210415,4호선,한성대입구,13983,13689,27672
20210415,4호선,성신여대입구,19549,18634,38183
20210415,4호선,길음,20332,19804,40136
20210415,4호선,미아,15495,15200,30695
20210415,9호선,신반포,3182,3211,6393
20210415,1호선,서울역,40937,38661,79598
20210415,9호선,사평,3287,3200,6487
20210415,분당선,선릉,13671,20051,33722
20210415,분당선,한티,13138,14155,27293
20210415,분당선,도곡,6605,6501,13106
20210415,분당선,구룡,1974,1957,3931
20210415,분당선,개포동,3741,3965,7706
20210415,분당선,대모산입구,3478,3192,6670
20210415,과천선,범계,24902,24580,49482
20210415,분당선,수서,13292,13503,26795
20210415,분당선,수원,7918,6619,14537
20210415,분당선,서울숲,12095,12574,24669
20210415,분당선,압구정로데오,18193,19977,38170
20210415,분당선,강남구청,9793,11181,20974
20210415,분당선,선정릉,8270,8791,17061
20210415,분당선,가천대,8725,9709,18434
20210415,분당선,복정,1,0,1
20210415,과천선,평촌,18150,17992,36142
20210415,과천선,인덕원,24109,24613,48722
20210415,과천선,정부과천청사,10182,10082,20264
20210415,공항철도 1호선,디지털미디어시티,14299,12871,27170
20210415,공항철도 1호선,마곡나루,8504,8251,16755
20210415,공항철도 1호선,김포공항,11080,6935,18015
20210415,공항철도 1호선,계양,9415,8514,17929
20210415,공항철도 1호선,검암,7117,6911,14028
20210415,공항철도 1호선,청라국제도시,6553,6213,12766
20210415,공항철도 1호선,운서,6074,6124,12198
20210415,공항철도 1호선,공항화물청사,2382,2530,4912
20210415,공항철도 1호선,인천공항1터미널,2973,3175,6148
20210415,공항철도 1호선,인천공항2터미널,1746,1607,3353
20210415,공항철도 1호선,영종,2935,2981,5916
20210415,과천선,선바위,8427,7225,15652
20210415,과천선,경마공원,1307,1326,2633
20210415,과천선,대공원,3351,3444,6795
20210415,과천선,과천,5561,5192,10753
20210415,분당선,태평,13327,12941,26268
20210415,분당선,모란,19580,19399,38979
20210415,분당선,야탑,24973,25766,50739
20210415,분당선,서현,23067,23026,46093
20210415,수인선,어천,728,705,1433
20210415,수인선,야목,256,213,469
20210415,수인선,사리,4079,3728,7807
20210415,수인선,달월,110,83,193
20210415,수인선,월곶,2527,2370,4897
20210415,수인선,소래포구,5685,5479,11164
20210415,수인선,인천논현,5458,5809,11267
20210415,수인선,호구포,3996,4102,8098
20210415,수인선,남동인더스파크,2327,2641,4968
20210415,수인선,원인재,4328,4608,8936
20210415,수인선,연수,4571,4394,8965
20210415,수인선,송도,2670,2397,5067
20210415,수인선,인하대,5849,5537,11386
20210415,수인선,숭의,4066,3805,7871
20210415,수인선,신포,1868,1836,3704
20210415,수인선,오목천,2912,2677,5589
20210415,공항철도 1호선,공덕,2162,2810,4972
20210415,수인선,고색,3826,3573,7399
20210415,분당선,수원시청,11697,12466,24163
20210415,분당선,수내,12750,12921,25671
20210415,분당선,정자,16653,17678,34331
20210415,분당선,미금,15187,16109,31296
20210415,분당선,오리,11511,9706,21217
20210415,분당선,이매,5639,5291,10930
20210415,분당선,보정,2530,2240,4770
20210415,분당선,죽전,12905,14273,27178
20210415,분당선,구성,4925,5161,10086
20210415,분당선,신갈,4518,4531,9049
20210415,분당선,기흥,9552,8816,18368
20210415,분당선,상갈,5341,5220,10561
20210415,분당선,청명,4173,3977,8150
20210415,분당선,영통,7818,8134,15952
20210415,분당선,망포,13745,13079,26824
20210415,분당선,매탄권선,4816,4717,9533
20210415,분당선,매교,2979,3043,6022
20210415,공항철도 1호선,서울역,6653,6152,12805
20210415,경춘선,춘천,1419,1276,2695
20210415,경춘선,남춘천,2176,2159,4335
20210415,안산선,신길온천,1768,1654,3422
20210415,안산선,안산,11797,10686,22483
20210415,경의선,백마,6816,6503,13319
20210415,경의선,풍산,5615,5276,10891
20210415,경의선,일산,9432,9374,18806
20210415,경의선,탄현,7586,7286,14872
20210415,경의선,야당,6701,6541,13242
20210415,경의선,운정,6682,6333,13015
20210415,경의선,금릉,4462,4511,8973
20210415,경의선,금촌,6064,5969,12033
20210415,경의선,월롱,2133,1986,4119
20210415,경의선,파주,1603,1250,2853
20210415,경의선,문산,5041,5172,10213
20210415,경의선,임진강,20,16,36
20210415,경인선,개봉,21884,22355,44239
20210415,안산선,정왕,9731,9807,19538
20210415,경인선,오류동,12361,11718,24079
20210415,안산선,오이도,8474,8374,16848
20210415,우이신설선,북한산우이,2882,2679,5561
20210415,9호선,고속터미널,11218,13957,25175
20210415,일산선,원흥,10131,9675,19806
20210415,경원선,창동,1,0,1
20210415,우이신설선,신설동,2235,2178,4413
20210415,우이신설선,보문,1452,1510,2962
20210415,우이신설선,성신여대입구,3010,3291,6301
20210415,우이신설선,정릉,4423,4119,8542
20210415,우이신설선,북한산보국문,5937,5668,11605
20210415,우이신설선,솔샘,5649,5315,10964
20210415,우이신설선,삼양사거리,2368,2436,4804
20210415,우이신설선,삼양,2025,2211,4236
20210415,우이신설선,화계,3350,3152,6502
20210415,우이신설선,가오리,4076,4104,8180
20210415,우이신설선,4.19민주묘지,3070,2998,6068
20210415,우이신설선,솔밭공원,2443,2346,4789
20210415,안산선,수리산,4495,3861,8356
20210415,수인선,인천,993,1691,2684
20210415,경인선,역곡,28909,28516,57425
20210415,경인선,송내,28071,28106,56177
20210415,경춘선,퇴계원,3774,3451,7225
20210415,경춘선,사릉,3598,3406,7004
20210415,경춘선,금곡,1634,1590,3224
20210415,경춘선,평내호평,6432,6341,12773
20210415,경춘선,천마산,1740,1648,3388
20210415,안산선,초지,5082,5495,10577
20210415,경춘선,마석,4058,4079,8137
20210415,경춘선,대성리,623,551,1174
20210415,경춘선,청평,1555,1606,3161
20210415,경춘선,상천,435,422,857
20210415,경춘선,가평,1606,1569,3175
20210415,경춘선,굴봉산,279,281,560
20210415,경춘선,백양리,116,120,236
20210415,경춘선,강촌,512,510,1022
20210415,경춘선,김유정,298,316,614
20210415,경춘선,별내,2908,2815,5723
20210415,경인선,부천,32741,32903,65644
20210415,경춘선,갈매,3174,2803,5977
20210415,경인선,도화,4297,3978,8275
20210415,3호선,충무로,2,0,2
20210415,경인선,부평,29201,31187,60388
20210415,경인선,백운,7300,7171,14471
20210415,경인선,동암,15432,15733,31165
20210415,경인선,주안,18780,16876,35656
20210415,경인선,제물포,10884,10549,21433
20210415,경인선,동인천,13896,13093,26989
20210415,경인선,인천,3509,2756,6265
20210415,경인선,구일,7200,7424,14624
20210415,경인선,소사,9534,9054,18588
20210415,경인선,부개,8657,8145,16802
20210415,경인선,간석,6091,5811,11902
20210415,경인선,도원,3306,3318,6624
20210415,경인선,온수,7082,6848,13930
20210415,경인선,중동,9302,8732,18034
20210415,경춘선,신내,1729,1769,3498
20210415,안산선,산본,15904,16883,32787
20210415,공항철도 1호선,홍대입구,8234,8220,16454
20210415,안산선,반월,4433,4242,8675
20210415,경부선,진위,1587,1428,3015
20210415,경부선,오산,9332,9169,18501
20210415,경부선,오산대,3612,3320,6932
20210415,경부선,세마,2708,2558,5266
20210415,경부선,병점,13692,13684,27376
20210415,경부선,세류,2949,2809,5758
20210415,경부선,독산,16896,17847,34743
20210415,경부선,수원,32651,34522,67173
20210415,경부선,화서,7504,7264,14768
20210415,경부선,성균관대,15044,14789,29833
20210415,경부선,의왕,9161,9029,18190
20210415,경부선,군포,7818,7716,15534
20210415,경부선,금정,26575,27336,53911
20210415,경부선,명학,9240,9263,18503
20210415,경부선,안양,25249,25117,50366
20210415,경부선,송탄,4055,3794,7849
20210415,경부선,관악,7401,6954,14355
20210415,경부선,서정리,6551,6033,12584
20210415,경부선,평택,10910,10830,21740
20210415,경원선,외대앞,6989,6965,13954
20210415,경원선,청량리,13873,14834,28707
20210415,경원선,왕십리,13360,14818,28178
20210415,경원선,응봉,1975,1699,3674
20210415,경원선,옥수,43,32,75
20210415,경원선,한남,4367,4103,8470
20210415,경원선,서빙고,1918,1756,3674
20210415,경원선,이촌,3793,3011,6804
20210415,경부선,광명,3007,2661,5668
20210415,경부선,서동탄,1602,1368,2970
20210415,경부선,당정,6282,5965,12247
20210415,경부선,천안,4659,4747,9406
20210415,경부선,두정,5269,5220,10489
20210415,경부선,직산,751,788,1539
20210415,경부선,성환,4160,4008,8168
20210415,경부선,지제,2723,2645,5368
20210415,경원선,신이문,8532,7945,16477
20210415,경부선,석수,10133,9079,19212
20210415,경부선,가산디지털단지,18531,21714,40245
20210415,경강선,판교,4437,4210,8647
20210415,9호선2~3단계,중앙보훈병원,10071,8903,18974
20210415,9호선2~3단계,둔촌오륜,1262,1103,2365
20210415,9호선2~3단계,올림픽공원,5645,5603,11248
20210415,9호선2~3단계,한성백제,2467,2151,4618
20210415,9호선2~3단계,송파나루,4492,4783,9275
20210415,9호선2~3단계,석촌,7966,6962,14928
20210415,9호선2~3단계,석촌고분,5813,5855,11668
20210415,9호선2~3단계,삼전,6446,6133,12579
20210415,9호선2~3단계,종합운동장,4036,4069,8105
20210415,9호선2~3단계,봉은사,15153,15359,30512
20210415,9호선2~3단계,삼성중앙,6682,7094,13776
20210415,9호선2~3단계,선정릉,9553,10474,20027
20210415,9호선2~3단계,언주,9814,10122,19936
20210415,안산선,대야미,5299,4729,10028
20210415,경강선,이매,1113,1077,2190
20210415,경부선,금천구청,12052,12081,24133
20210415,경강선,삼동,2361,2178,4539
20210415,경강선,초월,2927,2854,5781
20210415,경부선,구로,19167,19487,38654
20210415,경부선,신길,9724,8124,17848
20210415,경부선,신도림,4299,4335,8634
20210415,경부선,영등포,35708,36498,72206
20210415,경부선,대방,13127,13545,26672
20210415,경부선,노량진,8644,8710,17354
20210415,경부선,용산,29205,29637,58842
20210415,경부선,남영,9789,10161,19950
20210415,경부선,서울역,4506,1504,6010
20210415,경강선,여주,1783,1851,3634
20210415,경강선,세종대왕릉,320,317,637
20210415,경강선,부발,1737,1714,3451
20210415,경강선,이천,2368,2470,4838
20210415,경강선,신둔도예촌,1413,1270,2683
20210415,경강선,곤지암,2223,2195,4418
20210415,경강선,경기광주,6892,6707,13599
20210415,경원선,석계,8060,9322,17382
20210415,9호선,신논현,30382,30158,60540
20210415,경원선,월계,7113,6727,13840
20210415,중앙선,도농,10070,9287,19357
20210415,중앙선,양정,897,750,1647
20210415,중앙선,덕소,5753,5769,11522
20210415,중앙선,도심,2617,2086,4703
20210415,중앙선,팔당,1124,1063,2187
20210415,중앙선,운길산,1075,1056,2131
20210415,중앙선,양수,2004,1994,3998
20210415,중앙선,신원,329,316,645
20210415,중앙선,국수,892,904,1796
20210415,중앙선,아신,634,618,1252
20210415,중앙선,오빈,342,362,704
20210415,중앙선,양평,2600,2718,5318
20210415,중앙선,원덕,487,483,970
20210415,중앙선,용문,3871,3766,7637
20210415,중앙선,지평,105,105,210
20210415,중앙선,구리,13489,13883,27372
20210415,안산선,고잔,8719,8481,17200
20210415,중앙선,양원,1982,1990,3972
20210415,중앙선,상봉,6098,6072,12170
20210415,경원선,광운대,8532,8234,16766
20210415,일산선,대곡,1941,1532,3473
20210415,일산선,백석,9824,9907,19731
20210415,일산선,마두,7301,7785,15086
20210415,일산선,정발산,7213,7115,14328
20210415,일산선,주엽,8852,8917,17769
20210415,일산선,대화,12632,9964,22596
20210415,장항선,봉명,1225,1207,2432
20210415,장항선,쌍용,2091,1900,3991
20210415,장항선,아산,2525,2405,4930
20210415,장항선,배방,929,890,1819
20210415,장항선,온양온천,3176,3258,6434
20210415,장항선,신창,1456,1304,2760
20210415,중앙선,회기,23441,22617,46058
20210415,중앙선,중랑,5607,5295,10902
20210415,중앙선,망우,7941,7853,15794
20210415,안산선,중앙,17357,17795,35152
20210415,안산선,상록수,16403,16542,32945
20210415,일산선,화정,17060,17505,34565
20210415,경원선,보산,1471,1374,2845
20210415,경원선,동두천중앙,3382,3311,6693
20210415,경원선,지행,6268,6336,12604
20210415,경원선,덕정,5912,5823,11735
20210415,경원선,덕계,3142,2917,6059
20210415,경원선,녹양,4629,4386,9015
20210415,경원선,가능,6633,6397,13030
20210415,경원선,의정부,17856,18159,36015
20210415,경원선,회룡,12616,10891,23507
20210415,경원선,망월사,7712,7849,15561
20210415,경원선,도봉산,8297,5447,13744
20210415,경원선,도봉,6171,5933,12104
20210415,경원선,방학,9524,9366,18890
20210415,경원선,녹천,4818,4176,8994
20210415,안산선,한대앞,8849,8837,17686
20210415,경원선,동두천,2306,2769,5075
20210415,경원선,소요산,3413,2841,6254
20210415,경원선,양주,7913,7463,15376
20210415,경의선,신촌,802,1035,1837
20210415,경의선,서울역,4187,5423,9610
20210415,일산선,삼송,18385,18035,36420
20210415,경의선,곡산,611,643,1254
20210415,7호선,태릉입구,8299,7676,15975
20210415,경의선,능곡,3953,3588,7541
20210415,경의선,강매,3323,2843,6166
20210415,경의선,화전,1917,1712,3629
20210415,경의선,행신,7789,7746,15535
20210415,경의선,디지털미디어시티,2469,2314,4783
20210415,일산선,원당,11262,10788,22050
20210415,경의선,가좌,5510,5182,10692
20210415,경의선,홍대입구,1445,1639,3084
20210415,경의선,서강대,2101,1971,4072
20210415,경의선,공덕,3516,3131,6647
20210415,경의선,효창공원앞,2867,3344,6211
20210415,경의선,수색,2716,2860,5576
20210416,경원선,이촌,3819,2907,6726
20210416,경부선,천안,5248,5375,10623
20210416,경부선,당정,6197,5865,12062
20210416,경부선,서동탄,1533,1367,2900
20210416,경부선,광명,3188,3112,6300
20210416,경원선,서빙고,1853,1664,3517
20210416,경원선,석계,7930,8901,16831
20210416,경원선,옥수,53,26,79
20210416,경원선,응봉,1829,1552,3381
20210416,경원선,왕십리,13558,15411,28969
20210416,경원선,청량리,14945,16168,31113
20210416,경원선,외대앞,6970,6943,13913
20210416,경원선,신이문,8445,7708,16153
20210416,경부선,두정,5837,5736,11573
20210416,경원선,한남,4013,3851,7864
20210416,경부선,직산,780,753,1533
20210416,경부선,군포,7783,7476,15259
20210416,경부선,평택,12552,11828,24380
20210416,경의선,탄현,7379,7113,14492
20210416,경부선,의왕,8661,8614,17275
20210416,경부선,성균관대,14398,14036,28434
20210416,경부선,화서,7235,7069,14304
20210416,경부선,수원,34821,38150,72971
20210416,경부선,독산,16663,17371,34034
20210416,경부선,세류,3073,2815,5888
20210416,경부선,병점,14382,14075,28457
20210416,경부선,세마,2726,2406,5132
20210416,경부선,오산대,3407,3240,6647
20210416,경부선,오산,9950,9627,19577
20210416,경부선,진위,1720,1376,3096
20210416,경부선,송탄,4550,3835,8385
20210416,경부선,서정리,7005,5790,12795
20210416,경부선,지제,3354,3044,6398
20210416,경부선,성환,3924,3502,7426
20210416,경원선,광운대,8456,8056,16512
20210416,경원선,동두천,2127,2385,4512
20210416,경원선,녹천,4656,3876,8532
20210416,경의선,공덕,3566,3154,6720
20210416,경의선,서강대,2064,1971,4035
20210416,경의선,홍대입구,1559,1827,3386
20210416,경의선,가좌,5321,4872,10193
20210416,경의선,디지털미디어시티,2420,2359,4779
20210416,경의선,수색,2563,2680,5243
20210416,경의선,화전,1861,1678,3539
20210416,경의선,강매,3108,2684,5792
20210416,경의선,행신,7745,7798,15543
20210416,경의선,능곡,3639,3296,6935
20210416,경의선,곡산,532,563,1095
20210416,경의선,백마,6733,6453,13186
20210416,경의선,풍산,5350,5120,10470
20210416,경의선,일산,8976,9168,18144
20210416,경부선,금정,25984,26403,52387
20210416,경의선,효창공원앞,2898,3262,6160
20210416,경원선,월계,6667,6250,12917
20210416,경의선,신촌,820,1051,1871
20210416,경원선,소요산,2248,1842,4090
20210416,경원선,창동,1,0,1
20210416,경원선,방학,9382,9235,18617
20210416,경원선,도봉,5820,5672,11492
20210416,경원선,도봉산,6893,4149,11042
20210416,경원선,망월사,7348,7432,14780
20210416,경원선,회룡,12141,10761,22902
20210416,경원선,의정부,17840,18615,36455
20210416,경원선,가능,6301,6041,12342
20210416,경원선,녹양,4449,4284,8733
20210416,경원선,양주,7463,6952,14415
20210416,경원선,덕계,2865,2568,5433
20210416,경원선,덕정,5643,5247,10890
20210416,경원선,지행,6584,6352,12936
20210416,경원선,동두천중앙,2927,2875,5802
20210416,경원선,보산,1888,1519,3407
20210416,경의선,서울역,4103,5241,9344
20210416,경부선,명학,9094,8902,17996
20210416,9호선2~3단계,선정릉,9486,10165,19651
20210416,경부선,관악,7141,6636,13777
20210416,9호선,가양,20254,19666,39920
20210416,9호선,증미,7316,7228,14544
20210416,9호선,염창,17045,16718,33763
20210416,9호선,신목동,3928,3609,7537
20210416,9호선,선유도,8062,7750,15812
20210416,9호선,당산,18319,18032,36351
20210416,9호선,국회의사당,15574,15660,31234
20210416,9호선,여의도,27402,25560,52962
20210416,9호선,샛강,5772,5994,11766
20210416,9호선,노량진,26264,25628,51892
20210416,9호선,노들,4281,3660,7941
20210416,9호선,흑석,7508,7787,15295
20210416,9호선,동작,1680,1351,3031
20210416,9호선,구반포,2687,2786,5473
20210416,9호선,신반포,3193,3120,6313
20210416,9호선,양천향교,9912,9854,19766
20210416,9호선,고속터미널,11973,16463,28436
20210416,9호선,마곡나루,11484,11322,22806
20210416,9호선,공항시장,2853,3179,6032
20210416,경의선,야당,6727,6732,13459
20210416,8호선,석촌,7416,8682,16098
20210416,8호선,송파,7732,7799,15531
20210416,8호선,가락시장,7965,8784,16749
20210416,8호선,문정,21847,22840,44687
20210416,8호선,장지,17207,16285,33492
20210416,8호선,복정,11319,9575,20894
20210416,8호선,산성,6231,6144,12375
20210416,8호선,남한산성입구,13336,11992,25328
20210416,8호선,단대오거리,10563,10023,20586
20210416,8호선,신흥,4424,4710,9134
20210416,8호선,수진,5054,4634,9688
20210416,8호선,모란,4180,3270,7450
20210416,9호선,개화,2562,1750,4312
20210416,9호선,김포공항,8225,13076,21301
20210416,9호선,신방화,6822,6617,13439
20210416,경부선,안양,24053,24396,48449
20210416,9호선,사평,3359,3186,6545
20210416,9호선2~3단계,언주,9826,9959,19785
20210416,경강선,부발,2285,1697,3982
20210416,경강선,세종대왕릉,285,274,559
20210416,경강선,여주,1930,2037,3967
20210416,경부선,서울역,5791,2085,7876
20210416,경부선,남영,9367,9709,19076
20210416,경부선,용산,33652,35103,68755
20210416,경부선,노량진,8711,8525,17236
20210416,경부선,대방,12781,12952,25733
20210416,경부선,영등포,37732,39890,77622
20210416,경부선,신도림,3991,4030,8021
20210416,경부선,신길,9462,8020,17482
20210416,경부선,구로,18854,19374,38228
20210416,경부선,가산디지털단지,18385,20916,39301
20210416,경부선,금천구청,11678,11887,23565
20210416,경부선,석수,9760,8556,18316
20210416,경강선,이천,2502,2613,5115
20210416,9호선,신논현,32217,32337,64554
20210416,경강선,신둔도예촌,1455,1239,2694
20210416,경강선,초월,3024,2829,5853
20210416,9호선2~3단계,삼성중앙,6597,6897,13494
20210416,9호선2~3단계,봉은사,14994,14922,29916
20210416,9호선2~3단계,종합운동장,4084,4088,8172
20210416,9호선2~3단계,삼전,6565,6310,12875
20210416,9호선2~3단계,석촌고분,5841,5631,11472
20210416,9호선2~3단계,석촌,7958,7060,15018
20210416,9호선2~3단계,송파나루,4565,4864,9429
20210416,9호선2~3단계,한성백제,2348,2127,4475
20210416,9호선2~3단계,올림픽공원,5632,5424,11056
20210416,9호선2~3단계,둔촌오륜,1232,1046,2278
20210416,9호선2~3단계,중앙보훈병원,9810,8602,18412
20210416,경강선,판교,4379,4272,8651
20210416,경강선,이매,1115,1058,2173
20210416,경강선,삼동,2315,2077,4392
20210416,경강선,경기광주,6979,6654,13633
20210416,경강선,곤지암,2099,2090,4189
20210416,경의선,운정,6448,6239,12687
20210416,8호선,잠실,13649,15819,29468
20210416,경의선,금촌,6518,6315,12833
20210416,분당선,영통,8396,8509,16905
20210416,분당선,망포,14685,13496,28181
20210416,분당선,매탄권선,4973,4677,9650
20210416,분당선,수원시청,12339,13789,26128
20210416,분당선,매교,2967,3069,6036
20210416,수인선,고색,3910,3680,7590
20210416,수인선,오목천,2944,2525,5469
20210416,수인선,어천,705,675,1380
20210416,수인선,야목,239,211,450
20210416,수인선,사리,3926,3614,7540
20210416,수인선,달월,100,60,160
20210416,수인선,월곶,2402,2302,4704
20210416,수인선,소래포구,4784,4688,9472
20210416,수인선,인천논현,5464,5873,11337
20210416,수인선,호구포,3931,4065,7996
20210416,분당선,청명,4215,3880,8095
20210416,수인선,남동인더스파크,2330,2610,4940
20210416,분당선,상갈,5320,5039,10359
20210416,분당선,신갈,4378,4406,8784
20210416,분당선,강남구청,9805,11082,20887
20210416,분당선,선정릉,8220,8681,16901
20210416,분당선,가천대,8120,8705,16825
20210416,분당선,태평,13298,12882,26180
20210416,분당선,모란,19647,19553,39200
20210416,분당선,야탑,25097,26525,51622
20210416,분당선,서현,23748,24108,47856
20210416,분당선,수내,12760,12759,25519
20210416,분당선,정자,16601,17587,34188
20210416,분당선,미금,15305,16018,31323
20210416,분당선,오리,11431,9467,20898
20210416,분당선,이매,5682,5199,10881
20210416,분당선,보정,2358,2140,4498
20210416,분당선,죽전,13168,14264,27432
20210416,분당선,구성,4666,4928,9594
20210416,분당선,기흥,9145,8927,18072
20210416,분당선,압구정로데오,19387,21732,41119
20210416,수인선,원인재,4312,4618,8930
20210416,수인선,송도,2523,2311,4834
20210416,중앙선,도농,9609,8834,18443
20210416,중앙선,양정,754,710,1464
20210416,중앙선,덕소,5476,5462,10938
20210416,중앙선,도심,2419,1858,4277
20210416,중앙선,팔당,801,843,1644
20210416,중앙선,운길산,659,684,1343
20210416,중앙선,양수,1694,1821,3515
20210416,중앙선,신원,202,202,404
20210416,중앙선,국수,740,745,1485
20210416,중앙선,아신,550,556,1106
20210416,중앙선,오빈,259,289,548
20210416,중앙선,양평,2584,2754,5338
20210416,중앙선,원덕,334,380,714
20210416,중앙선,용문,1547,1725,3272
20210416,중앙선,지평,54,81,135
20210416,중앙선,구리,13297,13600,26897
20210416,수인선,연수,4461,4508,8969
20210416,중앙선,양원,1853,1785,3638
20210416,중앙선,상봉,5997,5951,11948
20210416,수인선,인하대,5778,5389,11167
20210416,수인선,숭의,3905,3596,7501
20210416,수인선,신포,1770,1836,3606
20210416,수인선,인천,930,1493,2423
20210416,안산선,산본,15532,16840,32372
20210416,안산선,대야미,4873,4345,9218
20210416,안산선,반월,4234,4015,8249
20210416,안산선,상록수,15713,15918,31631
20210416,안산선,한대앞,9033,8855,17888
20210416,안산선,중앙,16977,18174,35151
20210416,안산선,고잔,8855,8360,17215
20210416,안산선,초지,4653,4897,9550
20210416,안산선,안산,11623,10591,22214
20210416,안산선,신길온천,1619,1581,3200
20210416,중앙선,중랑,5272,5124,10396
20210416,중앙선,망우,7439,7328,14767
20210416,경의선,금릉,4420,4404,8824
20210416,분당선,서울숲,10781,10784,21565
20210416,분당선,수서,14048,15238,29286
20210416,경인선,부개,8411,7807,16218
20210416,경인선,간석,5907,5644,11551
20210416,경인선,도원,3194,3262,6456
20210416,경인선,온수,6761,6493,13254
20210416,경인선,중동,9129,8562,17691
20210416,경인선,도화,4164,3841,8005
20210416,경춘선,신내,1555,1536,3091
20210416,경춘선,갈매,3089,2685,5774
20210416,경춘선,별내,2749,2718,5467
20210416,경춘선,퇴계원,3592,3297,6889
20210416,경춘선,사릉,3371,3323,6694
20210416,경춘선,금곡,1492,1401,2893
20210416,경춘선,평내호평,6129,6259,12388
20210416,경춘선,천마산,1665,1524,3189
20210416,경춘선,마석,3725,3745,7470
20210416,경인선,소사,9122,8616,17738
20210416,경춘선,대성리,409,431,840
20210416,경인선,구일,6338,6433,12771
20210416,경인선,동인천,13497,12947,26444
20210416,경의선,월롱,2413,1841,4254
20210416,경의선,파주,1226,844,2070
20210416,경의선,문산,4982,4696,9678
20210416,경의선,임진강,10,1,11
20210416,경의선,계양,1,0,1
20210416,경인선,개봉,21369,21703,43072
20210416,경인선,오류동,11921,11154,23075
20210416,경인선,역곡,27869,27745,55614
20210416,경인선,부천,32689,33502,66191
20210416,경인선,송내,27290,27433,54723
20210416,경인선,부평,29971,32729,62700
20210416,경인선,백운,7041,6979,14020
20210416,경인선,동암,15052,15239,30291
20210416,경인선,주안,18964,17268,36232
20210416,경인선,제물포,10757,10148,20905
20210416,경인선,인천,2994,2294,5288
20210416,분당선,수원,8250,7032,15282
20210416,경춘선,청평,1396,1573,2969
20210416,경춘선,가평,1327,1470,2797
20210416,공항철도 1호선,영종,2852,2975,5827
20210416,과천선,선바위,8284,7218,15502
20210416,과천선,경마공원,1206,1189,2395
20210416,과천선,대공원,1931,2036,3967
20210416,과천선,과천,5485,4999,10484
20210416,과천선,정부과천청사,9823,9791,19614
20210416,과천선,인덕원,23711,24158,47869
20210416,과천선,평촌,17427,17285,34712
20210416,과천선,범계,25218,25093,50311
20210416,분당선,선릉,13163,19711,32874
20210416,분당선,한티,13665,14601,28266
20210416,분당선,도곡,6676,6665,13341
20210416,분당선,구룡,1986,1906,3892
20210416,분당선,개포동,3773,3969,7742
20210416,분당선,대모산입구,3379,3124,6503
20210416,공항철도 1호선,인천공항2터미널,1781,1744,3525
20210416,경춘선,상천,259,263,522
20210416,공항철도 1호선,인천공항1터미널,3017,3184,6201
20210416,공항철도 1호선,운서,5989,5910,11899
20210416,경춘선,굴봉산,129,127,256
20210416,경춘선,백양리,76,92,168
20210416,경춘선,강촌,308,368,676
20210416,경춘선,김유정,210,236,446
20210416,경춘선,남춘천,2228,2227,4455
20210416,경춘선,춘천,1264,1108,2372
20210416,공항철도 1호선,서울역,7773,7623,15396
20210416,공항철도 1호선,공덕,2192,2907,5099
20210416,공항철도 1호선,홍대입구,8892,9118,18010
20210416,공항철도 1호선,디지털미디어시티,14077,12310,26387
20210416,공항철도 1호선,마곡나루,7879,7686,15565
20210416,공항철도 1호선,김포공항,13075,7306,20381
20210416,공항철도 1호선,계양,8970,8304,17274
20210416,공항철도 1호선,검암,6936,6772,13708
20210416,공항철도 1호선,청라국제도시,6548,6157,12705
20210416,공항철도 1호선,공항화물청사,2262,2484,4746
20210416,8호선,몽촌토성,5576,5953,11529
20210416,우이신설선,삼양사거리,2239,2391,4630
20210416,8호선,천호,14723,17226,31949
20210416,3호선,연신내,36921,34864,71785
20210416,3호선,불광,15905,17042,32947
20210416,3호선,녹번,14710,13439,28149
20210416,3호선,홍제,17328,16609,33937
20210416,3호선,무악재,3873,3785,7658
20210416,3호선,독립문,6990,6951,13941
20210416,3호선,구파발,19920,18672,38592
20210416,3호선,경복궁,18656,18186,36842
20210416,3호선,종로3가,9776,11372,21148
20210416,3호선,을지로3가,10325,10861,21186
20210416,3호선,충무로,2,0,2
20210416,3호선,동대입구,7079,7516,14595
20210416,3호선,약수,12903,12480,25383
20210416,3호선,금호,8220,7765,15985
20210416,3호선,안국,18627,19137,37764
20210416,3호선,지축,3882,3789,7671
20210416,2호선,용두,2312,2365,4677
20210416,2호선,신정네거리,10513,10777,21290
20210416,2호선,신도림,49125,48348,97473
20210416,2호선,문래,21319,21935,43254
20210416,2호선,영등포구청,22937,23431,46368
20210416,2호선,당산,18625,22281,40906
20210416,2호선,합정,30175,31973,62148
20210416,2호선,홍대입구,49337,52868,102205
20210416,2호선,신촌,31438,32493,63931
20210416,2호선,이대,12060,12250,24310
20210416,2호선,아현,10293,9888,20181
20210416,2호선,충정로,10032,10550,20582
20210416,2호선,용답,2644,2679,5323
20210416,2호선,신답,1563,1799,3362
20210416,2호선,신설동,3217,3210,6427
20210416,2호선,도림천,1420,1454,2874
20210416,2호선,양천구청,6756,7182,13938
20210416,3호선,옥수,8967,9372,18339
20210416,3호선,압구정,32747,34822,67569
20210416,3호선,신사,30509,32162,62671
20210416,3호선,잠원,4735,4619,9354
20210416,4호선,한성대입구,13910,13400,27310
20210416,4호선,혜화,30682,30252,60934
20210416,4호선,동대문,19684,20459,40143
20210416,4호선,동대문역사문화공원,13810,12906,26716
20210416,4호선,충무로,25857,26562,52419
20210416,4호선,명동,16494,17122,33616
20210416,4호선,회현,22544,23817,46361
20210416,4호선,서울역,10616,16005,26621
20210416,4호선,숙대입구,12603,12582,25185
20210416,4호선,삼각지,5103,5613,10716
20210416,4호선,신용산,15566,16225,31791
20210416,4호선,이촌,7125,7860,14985
20210416,4호선,동작,2427,2565,4992
20210416,4호선,총신대입구,18616,20205,38821
20210416,4호선,사당,24719,20713,45432
20210416,4호선,성신여대입구,19665,18648,38313
20210416,2호선,대림,24221,24860,49081
20210416,4호선,길음,19807,19011,38818
20210416,4호선,미아,14950,14550,29500
20210416,3호선,고속터미널,40859,44027,84886
20210416,3호선,교대,14202,9105,23307
20210416,3호선,남부터미널,29367,30322,59689
20210416,3호선,양재,40116,41885,82001
20210416,3호선,매봉,12471,11929,24400
20210416,3호선,도곡,5516,5573,11089
20210416,3호선,대치,10876,11004,21880
20210416,3호선,학여울,1824,1825,3649
20210416,3호선,대청,9997,9162,19159
20210416,3호선,일원,9990,9507,19497
20210416,3호선,수서,17761,18285,36046
20210416,3호선,가락시장,9131,8996,18127
20210416,3호선,경찰병원,7569,7560,15129
20210416,3호선,오금,6165,5457,11622
20210416,4호선,수유,33588,33715,67303
20210416,4호선,미아사거리,27681,27069,54750
20210416,2호선,신대방,25925,25159,51084
20210416,2호선,신림,62364,60140,122504
20210416,2호선,봉천,24151,22051,46202
20210416,장항선,쌍용,2004,1785,3789
20210416,장항선,아산,3057,3080,6137
20210416,장항선,배방,1036,951,1987
20210416,장항선,온양온천,3296,3439,6735
20210416,장항선,신창,1692,1389,3081
20210416,중앙선,회기,23750,22312,46062
20210416,안산선,정왕,9364,9481,18845
20210416,안산선,오이도,8259,8063,16322
20210416,안산선,수리산,4077,3204,7281
20210416,우이신설선,북한산우이,2248,2088,4336
20210416,우이신설선,솔밭공원,2258,2178,4436
20210416,우이신설선,4.19민주묘지,2750,2638,5388
20210416,우이신설선,가오리,3994,3845,7839
20210416,우이신설선,화계,3224,2917,6141
20210416,우이신설선,삼양,1942,2087,4029
20210416,장항선,봉명,1145,1080,2225
20210416,1호선,서울역,42996,42247,85243
20210416,일산선,대화,12493,9926,22419
20210416,일산선,정발산,6963,7150,14113
20210416,9호선,등촌,11135,10894,22029
20210416,8호선,강동구청,10512,10775,21287
20210416,우이신설선,솔샘,5507,5072,10579
20210416,우이신설선,북한산보국문,5780,5443,11223
20210416,우이신설선,정릉,4361,4077,8438
20210416,우이신설선,성신여대입구,3060,3334,6394
20210416,우이신설선,보문,1376,1422,2798
20210416,우이신설선,신설동,2059,2013,4072
20210416,일산선,원흥,9924,9339,19263
20210416,일산선,삼송,17921,17527,35448
20210416,일산선,원당,10777,10455,21232
20210416,일산선,화정,16471,17143,33614
20210416,일산선,대곡,1831,1392,3223
20210416,일산선,백석,9757,10019,19776
20210416,일산선,마두,7357,7522,14879
20210416,일산선,주엽,8671,8739,17410
20210416,4호선,남태령,1262,1080,2342
20210416,1호선,동묘앞,7332,7583,14915
20210416,1호선,종각,33478,32486,65964
20210416,2호선,강변,30363,30451,60814
20210416,2호선,잠실나루,14190,13719,27909
20210416,2호선,잠실,64112,63859,127971
20210416,2호선,잠실새내,20549,21017,41566
20210416,2호선,종합운동장,8007,8678,16685
20210416,2호선,삼성,48731,49856,98587
20210416,2호선,선릉,55010,49288,104298
20210416,2호선,역삼,49771,54605,104376
20210416,2호선,강남,84596,83259,167855
20210416,2호선,교대,34230,38613,72843
20210416,2호선,서초,21419,20593,42012
20210416,2호선,방배,16733,17334,34067
20210416,2호선,사당,36274,39204,75478
20210416,2호선,낙성대,27155,25583,52738
20210416,2호선,서울대입구,47077,45242,92319
20210416,2호선,구의,23361,22969,46330
20210416,1호선,시청,20530,20906,41436
20210416,2호선,건대입구,33339,35972,69311
20210416,2호선,뚝섬,21880,23245,45125
20210416,1호선,종로3가,24351,22686,47037
20210416,1호선,종로5가,21723,21785,43508
20210416,1호선,동대문,10624,9929,20553
20210416,1호선,신설동,13696,13294,26990
20210416,1호선,제기동,15864,16045,31909
20210416,1호선,청량리,19616,19628,39244
20210416,2호선,시청,22797,22155,44952
20210416,2호선,을지로입구,37228,37765,74993
20210416,2호선,을지로3가,21018,20851,41869
20210416,2호선,을지로4가,12486,12816,25302
20210416,2호선,동대문역사문화공원,11393,12832,24225
20210416,2호선,신당,13693,14222,27915
20210416,2호선,상왕십리,14225,13559,27784
20210416,2호선,왕십리,16448,13367,29815
20210416,2호선,한양대,8061,8484,16545
20210416,2호선,성수,34651,38184,72835
20210416,4호선,당고개,12390,11455,23845
20210416,2호선,구로디지털단지,61722,61797,123519
20210416,4호선,노원,18881,21336,40217
20210416,6호선,봉화산,8666,8061,16727
20210416,7호선,장암,2211,898,3109
20210416,7호선,도봉산,8810,10091,18901
20210416,7호선,수락산,12384,12296,24680
20210416,7호선,마들,12314,11598,23912
20210416,7호선,노원,19754,21160,40914
20210416,7호선,중계,14400,12890,27290
20210416,7호선,하계,17201,16046,33247
20210416,7호선,공릉,11525,11481,23006
20210416,7호선,태릉입구,8142,7776,15918
20210416,7호선,먹골,9835,9677,19512
20210416,7호선,중화,11053,10681,21734
20210416,7호선,상봉,17040,16313,33353
20210416,7호선,면목,15530,15043,30573
20210416,7호선,사가정,16126,16127,32253
20210416,6호선,화랑대,11080,8552,19632
20210416,7호선,중곡,9847,9198,19045
20210416,6호선,태릉입구,5300,5827,11127
20210416,6호선,돌곶이,8875,8200,17075
20210416,6호선,삼각지,5871,5123,10994
20210416,6호선,녹사평,5054,4913,9967
20210416,6호선,이태원,9789,10384,20173
20210416,6호선,한강진,7680,8656,16336
20210416,6호선,버티고개,2206,2139,4345
20210416,6호선,약수,3549,3609,7158
20210416,6호선,청구,3835,4060,7895
20210416,6호선,신당,8112,8431,16543
20210416,6호선,동묘앞,7645,7753,15398
20210416,6호선,창신,3586,2916,6502
20210416,6호선,보문,7005,6426,13431
20210416,6호선,안암,9629,9484,19113
20210416,6호선,고려대,7922,7392,15314
20210416,6호선,월곡,11198,11110,22308
20210416,6호선,상월곡,6182,5437,11619
20210416,6호선,석계,12120,12265,24385
20210416,6호선,효창공원앞,6832,6257,13089
20210416,7호선,군자,14700,11637,26337
20210416,7호선,건대입구,11684,12177,23861
20210416,7호선,철산,21422,22234,43656
20210416,7호선,광명사거리,22318,21847,44165
20210416,7호선,천왕,11441,10691,22132
20210416,7호선,온수,10895,9888,20783
20210416,7호선,까치울,7688,7404,15092
20210416,7호선,부천종합운동장,4453,3866,8319
20210416,7호선,춘의,9773,9523,19296
20210416,7호선,신중동,14292,14278,28570
20210416,7호선,부천시청,12575,12596,25171
20210416,7호선,상동,12248,13042,25290
20210416,7호선,삼산체육관,5193,4680,9873
20210416,7호선,굴포천,8517,9150,17667
20210416,7호선,부평구청,11758,9708,21466
20210416,8호선,암사,18798,16813,35611
20210416,4호선,상계,18848,17412,36260
20210416,7호선,가산디지털단지,47014,46865,93879
20210416,7호선,어린이대공원,12388,12204,24592
20210416,7호선,남구로,15930,16997,32927
20210416,7호선,신풍,11724,11128,22852
20210416,7호선,뚝섬유원지,7739,7685,15424
20210416,7호선,청담,19088,21638,40726
20210416,7호선,강남구청,16516,18216,34732
20210416,7호선,학동,24123,25807,49930
20210416,7호선,논현,20779,22525,43304
20210416,7호선,반포,5845,5515,11360
20210416,7호선,고속터미널,15955,13745,29700
20210416,7호선,내방,14251,14390,28641
20210416,7호선,이수,15695,15390,31085
20210416,7호선,남성,10990,10022,21012
20210416,7호선,숭실대입구,12319,12168,24487
20210416,7호선,상도,10438,9943,20381
20210416,7호선,장승배기,9625,9256,18881
20210416,7호선,신대방삼거리,16175,15563,31738
20210416,7호선,보라매,9856,9591,19447
20210416,7호선,대림,7730,7712,15442
20210416,6호선,공덕,18913,18235,37148
20210416,7호선,용마산,6097,5791,11888
20210416,4호선,창동,25119,26822,51941
20210416,5호선,마포,14484,14801,29285
20210416,5호선,공덕,14663,15947,30610
20210416,5호선,애오개,7039,6806,13845
20210416,5호선,충정로,4771,4805,9576
20210416,5호선,서대문,18798,18992,37790
20210416,5호선,광화문,29042,30750,59792
20210416,5호선,종로3가,11698,11911,23609
20210416,5호선,을지로4가,5819,5723,11542
20210416,5호선,동대문역사문화공원,2769,3258,6027
20210416,5호선,청구,4004,3696,7700
20210416,5호선,신금호,6167,6385,12552
20210416,5호선,행당,8106,7251,15357
20210416,5호선,왕십리,4701,5140,9841
20210416,5호선,마장,5615,5175,10790
20210416,5호선,답십리,15899,14608,30507
20210416,5호선,여의도,28565,29956,58521
20210416,5호선,장한평,18584,18018,36602
20210416,5호선,신길,4063,4341,8404
20210416,5호선,영등포구청,3987,4032,8019
20210416,6호선,대흥,7963,8253,16216
20210416,4호선,쌍문,29289,26579,55868
20210416,5호선,방화,6727,6360,13087
20210416,5호선,개화산,5349,5068,10417
20210416,5호선,김포공항,7559,7569,15128
20210416,5호선,송정,6741,6300,13041
20210416,5호선,마곡,10069,9970,20039
20210416,5호선,발산,19461,19811,39272
20210416,5호선,우장산,14508,14156,28664
20210416,5호선,화곡,28324,26403,54727
20210416,5호선,까치산,29164,27986,57150
20210416,5호선,신정,14280,11064,25344
20210416,5호선,목동,16921,18488,35409
20210416,5호선,오목교,22255,24311,46566
20210416,5호선,양평,7524,7274,14798
20210416,5호선,영등포시장,9489,9804,19293
20210416,5호선,군자,11035,12214,23249
20210416,5호선,여의나루,10269,11678,21947
20210416,6호선,광흥창,8808,8510,17318
20210416,5호선,하남시청,4810,4942,9752
20210416,5호선,하남검단산,4376,4240,8616
20210416,6호선,응암,17469,17113,34582
20210416,6호선,역촌,3650,4095,7745
20210416,6호선,불광,4141,4238,8379
20210416,6호선,구산,7725,5595,13320
20210416,6호선,새절,12863,12055,24918
20210416,6호선,증산,9912,9738,19650
20210416,6호선,디지털미디어시티,13365,14533,27898
20210416,6호선,월드컵경기장,4076,4342,8418
20210416,6호선,마포구청,14022,12559,26581
20210416,6호선,망원,13846,14902,28748
20210416,6호선,합정,12742,12777,25519
20210416,6호선,상수,7966,8938,16904
20210416,5호선,아차산,14355,13879,28234
20210416,5호선,하남풍산,3748,3816,7564
20210416,5호선,미사,14550,14583,29133
20210416,6호선,독바위,2699,2683,5382
20210416,5호선,광나루,12530,11160,23690
20210416,5호선,강일,2968,2969,5937
20210416,5호선,천호,17627,17899,35526
20210416,5호선,강동,18680,17349,36029
20210416,5호선,길동,7968,8501,16469
20210416,5호선,굽은다리,9409,8828,18237
20210416,5호선,고덕,9169,8938,18107
20210416,5호선,상일동,15763,14224,29987
20210416,5호선,명일,8611,8828,17439
20210416,5호선,올림픽공원,4205,3594,7799
20210416,5호선,방이,6774,7117,13891
20210416,5호선,오금,3713,3706,7419
20210416,5호선,개롱,6467,6565,13032
20210416,5호선,거여,8170,7839,16009
20210416,5호선,마천,6232,6098,12330
20210416,5호선,둔촌동,8521,8499,17020
20210419,3호선,경찰병원,7637,7766,15403
20210419,3호선,학여울,1782,1776,3558
20210419,3호선,가락시장,8796,8663,17459
20210419,3호선,수서,16174,16513,32687
20210419,3호선,일원,9851,9733,19584
20210419,3호선,대청,9618,8913,18531
20210419,3호선,대치,10318,10411,20729
20210419,3호선,신사,28480,29706,58186
20210419,3호선,매봉,12316,11744,24060
20210419,3호선,양재,38195,41753,79948
20210419,3호선,남부터미널,27798,28432,56230
20210419,3호선,교대,13937,9162,23099
20210419,3호선,고속터미널,30886,28665,59551
20210419,3호선,잠원,4634,4690,9324
20210419,3호선,오금,6132,5516,11648
20210419,3호선,도곡,5651,5637,11288
20210419,4호선,수유,33153,32958,66111
20210419,4호선,동작,2646,2889,5535
20210419,4호선,미아사거리,26111,25356,51467
20210419,3호선,압구정,27928,29820,57748
20210419,4호선,이촌,6708,7551,14259
20210419,4호선,신용산,14980,15821,30801
20210419,4호선,삼각지,4855,5224,10079
20210419,4호선,숙대입구,12383,12031,24414
20210419,4호선,서울역,10573,13758,24331
20210419,4호선,회현,23696,24964,48660
20210419,4호선,명동,16821,17125,33946
20210419,4호선,충무로,25504,26216,51720
20210419,4호선,동대문역사문화공원,13777,12798,26575
20210419,4호선,동대문,20515,21151,41666
20210419,4호선,혜화,27667,27831,55498
20210419,4호선,한성대입구,12768,12621,25389
20210419,4호선,성신여대입구,18646,17666,36312
20210419,4호선,길음,19734,19392,39126
20210419,4호선,미아,15009,14836,29845
20210419,3호선,옥수,8660,9093,17753
20210419,2호선,신대방,26017,25373,51390
20210419,3호선,약수,12506,12275,24781
20210419,2호선,신답,1506,1802,3308
20210419,2호선,용답,2633,2687,5320
20210419,2호선,충정로,9831,10360,20191
20210419,2호선,아현,10083,9936,20019
20210419,2호선,이대,11588,12156,23744
20210419,2호선,신촌,27471,28464,55935
20210419,2호선,홍대입구,42295,43633,85928
20210419,2호선,합정,27306,28704,56010
20210419,2호선,당산,18425,21494,39919
20210419,2호선,영등포구청,23229,23424,46653
20210419,2호선,문래,21174,21481,42655
20210419,2호선,신도림,45351,43696,89047
20210419,2호선,대림,25046,25490,50536
20210419,2호선,구로디지털단지,61638,61818,123456
20210419,4호선,총신대입구,18375,20171,38546
20210419,2호선,신설동,3188,3099,6287
20210419,3호선,금호,7921,7610,15531
20210419,2호선,도림천,1409,1490,2899
20210419,2호선,신정네거리,10423,10672,21095
20210419,3호선,동대입구,7284,7789,15073
20210419,3호선,충무로,1,0,1
20210419,3호선,을지로3가,10221,10507,20728
20210419,3호선,종로3가,9879,11041,20920
20210419,3호선,안국,18167,18617,36784
20210419,3호선,경복궁,17696,17479,35175
20210419,3호선,독립문,7134,7230,14364
20210419,3호선,무악재,3783,3858,7641
20210419,3호선,홍제,17047,16415,33462
20210419,3호선,녹번,14628,13629,28257
20210419,3호선,불광,16128,17023,33151
20210419,3호선,연신내,36938,34701,71639
20210419,3호선,구파발,20150,19206,39356
20210419,3호선,지축,3985,3878,7863
20210419,2호선,용두,2313,2354,4667
20210419,2호선,양천구청,6729,7095,13824
20210419,4호선,사당,22830,19206,42036
20210419,경강선,삼동,2299,2109,4408
20210419,4호선,당고개,12625,11511,24136
20210419,경부선,가산디지털단지,18792,21831,40623
20210419,경부선,구로,19214,19430,38644
20210419,경부선,신길,9520,8117,17637
20210419,경부선,신도림,4208,4202,8410
20210419,경부선,영등포,32345,32971,65316
20210419,경부선,대방,12873,13297,26170
20210419,경부선,노량진,8171,8477,16648
20210419,경부선,용산,28863,29245,58108
20210419,장항선,쌍용,2031,2002,4033
20210419,장항선,아산,2552,2293,4845
20210419,장항선,배방,951,896,1847
20210419,장항선,온양온천,4240,4331,8571
20210419,장항선,신창,1206,1341,2547
20210419,중앙선,회기,22362,22041,44403
20210419,중앙선,중랑,5406,5211,10617
20210419,경부선,금천구청,11978,11924,23902
20210419,중앙선,상봉,5890,5957,11847
20210419,경부선,석수,9966,8943,18909
20210419,경부선,안양,25211,25296,50507
20210419,2호선,신림,59788,58388,118176
20210419,경강선,경기광주,6653,6516,13169
20210419,경강선,초월,3010,2945,5955
20210419,경강선,곤지암,2160,2146,4306
20210419,경강선,신둔도예촌,1414,1304,2718
20210419,경강선,이천,2279,2450,4729
20210419,경강선,부발,1656,1681,3337
20210419,경강선,세종대왕릉,296,276,572
20210419,경강선,여주,1799,1788,3587
20210419,경부선,서울역,4915,1502,6417
20210419,경부선,남영,9212,9669,18881
20210419,경부선,의왕,8928,8893,17821
20210419,경부선,군포,7739,7785,15524
20210419,경부선,금정,25720,26437,52157
20210419,경부선,명학,9216,9294,18510
20210419,경부선,관악,7322,6771,14093
20210419,4호선,남태령,1144,1045,2189
20210419,중앙선,망우,7752,7683,15435
20210419,중앙선,구리,13131,13097,26228
20210419,5호선,목동,16532,18373,34905
20210419,5호선,신정,14012,11184,25196
20210419,5호선,까치산,28825,28106,56931
20210419,5호선,화곡,27997,26387,54384
20210419,5호선,우장산,14284,14083,28367
20210419,5호선,발산,19397,19636,39033
20210419,5호선,마곡,10114,10020,20134
20210419,5호선,송정,6771,6389,13160
20210419,5호선,김포공항,6820,6423,13243
20210419,5호선,개화산,5438,5168,10606
20210419,5호선,방화,6723,6394,13117
20210419,4호선,쌍문,28497,26448,54945
20210419,4호선,창동,24717,26251,50968
20210419,4호선,노원,17575,19575,37150
20210419,4호선,상계,19051,17662,36713
20210419,5호선,오목교,20151,21878,42029
20210419,중앙선,양원,1878,1910,3788
20210419,5호선,영등포구청,4094,4277,8371
20210419,5호선,신길,4053,4396,8449
20210419,중앙선,도농,10095,9122,19217
20210419,중앙선,양정,837,727,1564
20210419,중앙선,덕소,5540,5503,11043
20210419,중앙선,도심,2515,1955,4470
20210419,중앙선,팔당,935,981,1916
20210419,중앙선,운길산,1039,990,2029
20210419,중앙선,양수,1942,1934,3876
20210419,중앙선,신원,283,292,575
20210419,중앙선,국수,833,844,1677
20210419,중앙선,아신,628,584,1212
20210419,중앙선,오빈,316,306,622
20210419,경원선,서빙고,1791,1660,3451
20210419,경원선,이촌,3754,2951,6705
20210419,5호선,여의나루,9824,10312,20136
20210419,5호선,여의도,27446,28835,56281
20210419,5호선,영등포시장,9440,9899,19339
20210419,2호선,봉천,23922,22544,46466
20210419,6호선,증산,9929,9798,19727
20210419,2호선,낙성대,25868,25823,51691
20210419,9호선,염창,16514,16536,33050
20210419,9호선,신목동,3987,3547,7534
20210419,9호선,선유도,7919,7740,15659
20210419,9호선,당산,17049,17304,34353
20210419,9호선,국회의사당,15059,15457,30516
20210419,9호선,여의도,25066,24310,49376
20210419,9호선,샛강,5665,6032,11697
20210419,9호선,노량진,24766,24649,49415
20210419,9호선,노들,4250,3630,7880
20210419,9호선,흑석,7237,7690,14927
20210419,9호선,동작,1730,1408,3138
20210419,9호선,구반포,2672,2733,5405
20210419,9호선,신반포,3133,3091,6224
20210419,9호선,고속터미널,10421,12749,23170
20210419,9호선,사평,3141,3103,6244
20210419,9호선,등촌,11116,11014,22130
20210419,9호선,신논현,29485,29358,58843
20210419,9호선,증미,7241,7367,14608
20210419,9호선,양천향교,9542,9878,19420
20210419,8호선,송파,7532,7492,15024
20210419,8호선,가락시장,7820,8508,16328
20210419,8호선,문정,22137,23250,45387
20210419,8호선,장지,16407,15987,32394
20210419,8호선,복정,11231,9725,20956
20210419,8호선,산성,6402,6396,12798
20210419,8호선,남한산성입구,14045,13077,27122
20210419,8호선,신흥,4460,4781,9241
20210419,8호선,수진,5187,4858,10045
20210419,8호선,모란,6054,4798,10852
20210419,9호선,개화,2766,1918,4684
20210419,9호선,김포공항,7438,10113,17551
20210419,9호선,공항시장,2889,3149,6038
20210419,9호선,신방화,6652,6591,13243
20210419,9호선,마곡나루,10977,11010,21987
20210419,9호선,가양,20007,19633,39640
20210419,8호선,석촌,7246,8339,15585
20210419,9호선2~3단계,언주,9498,9821,19319
20210419,9호선2~3단계,삼성중앙,6748,6990,13738
20210419,6호선,버티고개,2167,2153,4320
20210419,6호선,한강진,6468,7312,13780
20210419,6호선,이태원,8572,8442,17014
20210419,6호선,녹사평,4501,4292,8793
20210419,6호선,삼각지,5444,4804,10248
20210419,6호선,효창공원앞,6735,6210,12945
20210419,6호선,대흥,7617,7936,15553
20210419,6호선,광흥창,8709,8429,17138
20210419,6호선,상수,6727,7360,14087
20210419,6호선,합정,11808,11434,23242
20210419,6호선,망원,13020,14094,27114
20210419,6호선,마포구청,13670,12411,26081
20210419,6호선,월드컵경기장,4561,4707,9268
20210419,6호선,디지털미디어시티,13829,15187,29016
20210419,8호선,천호,13821,15765,29586
20210419,6호선,약수,3454,3610,7064
20210419,9호선2~3단계,선정릉,9373,10270,19643
20210419,6호선,청구,3777,4068,7845
20210419,6호선,동묘앞,7890,8122,16012
20210419,9호선2~3단계,봉은사,14346,14307,28653
20210419,9호선2~3단계,종합운동장,3946,3992,7938
20210419,9호선2~3단계,삼전,6348,6107,12455
20210419,9호선2~3단계,석촌고분,5506,5548,11054
20210419,9호선2~3단계,석촌,7670,6906,14576
20210419,9호선2~3단계,송파나루,4315,4625,8940
20210419,6호선,화랑대,11199,8848,20047
20210419,6호선,석계,11906,12312,24218
20210419,6호선,돌곶이,9508,8671,18179
20210419,6호선,상월곡,6172,5620,11792
20210419,6호선,월곡,11053,11045,22098
20210419,6호선,고려대,7543,7383,14926
20210419,6호선,안암,9130,9316,18446
20210419,6호선,보문,6937,6469,13406
20210419,6호선,창신,3543,2952,6495
20210419,6호선,신당,7569,7980,15549
20210419,2호선,서울대입구,44754,44324,89078
20210419,8호선,잠실,11812,13590,25402
20210419,6호선,봉화산,8739,8072,16811
20210419,2호선,신당,13279,13747,27026
20210419,2호선,동대문역사문화공원,11052,12132,23184
20210419,2호선,을지로4가,12824,12738,25562
20210419,2호선,을지로3가,20851,20508,41359
20210419,2호선,을지로입구,33419,34343,67762
20210419,2호선,시청,22264,21733,43997
20210419,1호선,청량리,20230,20116,40346
20210419,1호선,제기동,17489,18003,35492
20210419,1호선,신설동,13714,13610,27324
20210419,1호선,동대문,10706,10359,21065
20210419,1호선,종로5가,21903,21996,43899
20210419,1호선,종로3가,23946,22138,46084
20210419,1호선,종각,33622,32687,66309
20210419,1호선,시청,19984,20173,40157
20210419,1호선,동묘앞,8029,8474,16503
20210419,2호선,상왕십리,13692,13306,26998
20210419,1호선,서울역,40111,37225,77336
20210419,2호선,왕십리,14865,11909,26774
20210419,2호선,뚝섬,21450,22819,44269
20210419,2호선,사당,33457,37033,70490
20210419,2호선,방배,16057,16881,32938
20210419,2호선,서초,21032,20798,41830
20210419,2호선,교대,33232,37458,70690
20210419,2호선,강남,78579,77409,155988
20210419,2호선,역삼,50429,55578,106007
20210419,2호선,선릉,55497,49437,104934
20210419,2호선,삼성,47390,48166,95556
20210419,2호선,종합운동장,6605,7339,13944
20210419,2호선,잠실새내,19458,19146,38604
20210419,2호선,잠실,55955,55692,111647
20210419,2호선,잠실나루,13991,13897,27888
20210419,2호선,강변,28723,28045,56768
20210419,2호선,구의,22639,22554,45193
20210419,2호선,건대입구,30125,31986,62111
20210419,2호선,한양대,8801,9724,18525
20210419,8호선,몽촌토성,5686,5852,11538
20210419,경부선,광명,3146,2668,5814
20210419,경부선,당정,6118,5909,12027
20210419,경부선,성균관대,14272,14501,28773
20210419,7호선,면목,16429,15973,32402
20210419,7호선,상봉,16676,15459,32135
20210419,7호선,중화,10873,10936,21809
20210419,7호선,먹골,9614,9462,19076
20210419,7호선,태릉입구,8057,7652,15709
20210419,7호선,공릉,11627,11601,23228
20210419,7호선,하계,17004,16215,33219
20210419,7호선,중계,14434,13263,27697
20210419,7호선,노원,17912,19332,37244
20210419,7호선,마들,12244,11694,23938
20210419,7호선,수락산,12776,12513,25289
20210419,7호선,도봉산,9408,10829,20237
20210419,7호선,장암,2376,926,3302
20210419,6호선,신내,1,0,1
20210419,경부선,화서,7543,7286,14829
20210419,경부선,서동탄,1539,1274,2813
20210419,경부선,수원,31405,32279,63684
20210419,7호선,사가정,16328,16467,32795
20210419,경부선,천안,4568,4696,9264
20210419,경부선,두정,4758,5011,9769
20210419,경부선,직산,770,784,1554
20210419,경부선,성환,3015,3168,6183
20210419,경부선,평택,10949,10833,21782
20210419,경부선,지제,2775,2651,5426
20210419,경부선,서정리,6496,6425,12921
20210419,경부선,송탄,3946,3689,7635
20210419,경부선,진위,1575,1419,2994
20210419,경부선,오산,9352,9515,18867
20210419,경부선,오산대,3439,3244,6683
20210419,경부선,세마,2626,2395,5021
20210419,경부선,병점,13223,13370,26593
20210419,경부선,세류,3023,2773,5796
20210419,경부선,독산,16908,17865,34773
20210419,경원선,한남,4167,3956,8123
20210419,경강선,이매,1066,968,2034
20210419,경강선,판교,3830,3623,7453
20210419,9호선2~3단계,중앙보훈병원,10174,8942,19116
20210419,경의선,일산,9337,9382,18719
20210419,경의선,풍산,5441,5039,10480
20210419,경의선,백마,6860,6568,13428
20210419,경의선,곡산,619,643,1262
20210419,경의선,능곡,3928,3485,7413
20210419,경의선,행신,7560,7705,15265
20210419,경의선,탄현,7474,7130,14604
20210419,경의선,강매,3221,2821,6042
20210419,경의선,수색,2785,2820,5605
20210419,경의선,디지털미디어시티,2398,2297,4695
20210419,경의선,가좌,5488,4994,10482
20210419,경의선,홍대입구,1356,1546,2902
20210419,경의선,서강대,1948,1885,3833
20210419,경의선,공덕,3410,3089,6499
20210419,경의선,화전,1724,1602,3326
20210419,경의선,야당,6572,6269,12841
20210419,경의선,운정,6693,6238,12931
20210419,경의선,금릉,4688,4662,9350
20210419,분당선,신갈,4413,4428,8841
20210419,분당선,기흥,9173,8623,17796
20210419,분당선,상갈,5157,5035,10192
20210419,분당선,미금,15357,16303,31660
20210419,8호선,강동구청,10370,10655,21025
20210419,5호선,답십리,15707,14450,30157
20210419,5호선,마장,5473,5204,10677
20210419,경인선,오류동,12181,11733,23914
20210419,경인선,개봉,21179,21801,42980
20210419,경의선,김포공항,1,0,1
20210419,경의선,임진강,24,19,43
20210419,경의선,문산,5393,5202,10595
20210419,경의선,파주,1859,1419,3278
20210419,경의선,월롱,2058,2016,4074
20210419,경의선,금촌,6397,6291,12688
20210419,경의선,효창공원앞,2889,3155,6044
20210419,경의선,신촌,856,1077,1933
20210419,경의선,서울역,4263,5376,9639
20210419,경원선,소요산,3317,2674,5991
20210419,경원선,동두천중앙,3159,2965,6124
20210419,경원선,지행,6066,6019,12085
20210419,경원선,덕정,5870,5753,11623
20210419,경원선,덕계,3077,2826,5903
20210419,경원선,양주,7637,7052,14689
20210419,경원선,녹양,4603,4372,8975
20210419,경원선,가능,6450,6236,12686
20210419,경원선,의정부,16654,16787,33441
20210419,경원선,회룡,12344,10883,23227
20210419,경원선,망월사,7620,7815,15435
20210419,경원선,도봉산,8075,5363,13438
20210419,경원선,도봉,6121,5809,11930
20210419,경원선,방학,9449,9297,18746
20210419,경원선,녹천,4710,3982,8692
20210419,경원선,월계,6414,6112,12526
20210419,우이신설선,삼양사거리,2404,2511,4915
20210419,분당선,구성,4815,5078,9893
20210419,우이신설선,삼양,2008,2112,4120
20210419,5호선,양평,7669,7601,15270
20210419,경원선,동두천,2153,2587,4740
20210419,경원선,보산,1425,1305,2730
20210419,5호선,왕십리,4380,4724,9104
20210419,5호선,행당,8054,7354,15408
20210419,5호선,신금호,6381,6579,12960
20210419,5호선,청구,4046,3679,7725
20210419,5호선,동대문역사문화공원,2960,3323,6283
20210419,5호선,을지로4가,6053,6142,12195
20210419,5호선,종로3가,10978,10789,21767
20210419,5호선,광화문,28996,30154,59150
20210419,5호선,서대문,19269,19582,38851
20210419,5호선,충정로,4958,4908,9866
20210419,5호선,애오개,6790,6904,13694
20210419,5호선,공덕,14363,15301,29664
20210419,5호선,마포,14417,14784,29201
20210419,6호선,태릉입구,5193,5813,11006
20210419,분당선,죽전,11635,12960,24595
20210419,5호선,장한평,18338,17940,36278
20210419,5호선,군자,10645,11692,22337
20210419,분당선,도곡,6299,6410,12709
20210419,분당선,한티,11987,12888,24875
20210419,분당선,선릉,13180,19813,32993
20210419,과천선,범계,23582,23138,46720
20210419,과천선,평촌,17850,17712,35562
20210419,과천선,인덕원,23267,24027,47294
20210419,과천선,정부과천청사,10079,9838,19917
20210419,과천선,과천,5372,5010,10382
20210419,과천선,대공원,3094,3240,6334
20210419,과천선,경마공원,945,902,1847
20210419,과천선,선바위,8308,7299,15607
20210419,공항철도 1호선,영종,2931,2897,5828
20210419,공항철도 1호선,인천공항2터미널,1741,1629,3370
20210419,공항철도 1호선,인천공항1터미널,2775,2879,5654
20210419,공항철도 1호선,공항화물청사,2222,2443,4665
20210419,분당선,구룡,1997,1959,3956
20210419,공항철도 1호선,운서,5925,5929,11854
20210419,분당선,개포동,3613,3833,7446
20210419,분당선,수서,13226,13312,26538
20210419,6호선,구산,7553,5768,13321
20210419,6호선,연신내,2,0,2
20210419,분당선,정자,16234,17149,33383
20210419,분당선,수내,11917,11810,23727
20210419,분당선,서현,21999,22121,44120
20210419,분당선,야탑,24756,25771,50527
20210419,분당선,모란,25043,26144,51187
20210419,분당선,태평,13354,12963,26317
20210419,분당선,가천대,8663,9889,18552
20210419,분당선,선정릉,8231,8782,17013
20210419,분당선,강남구청,9497,10667,20164
20210419,분당선,압구정로데오,15280,16642,31922
20210419,분당선,서울숲,11475,11785,23260
20210419,분당선,수원,7421,6256,13677
20210419,분당선,복정,1,0,1
20210419,분당선,대모산입구,3574,3319,6893
20210419,경원선,광운대,9003,8650,17653
20210419,공항철도 1호선,청라국제도시,6322,5872,12194
20210419,공항철도 1호선,계양,9062,8380,17442
20210419,5호선,거여,8178,7867,16045
20210419,5호선,개롱,6358,6681,13039
20210419,5호선,오금,3875,3838,7713
20210419,5호선,방이,6612,6901,13513
20210419,5호선,올림픽공원,4411,3895,8306
20210419,5호선,둔촌동,8397,8346,16743
20210419,5호선,상일동,15801,14330,30131
20210419,5호선,고덕,9052,9101,18153
20210419,5호선,명일,8513,8947,17460
20210419,5호선,굽은다리,9124,8650,17774
20210419,5호선,길동,7930,8137,16067
20210419,5호선,강동,18164,17335,35499
20210419,5호선,천호,15695,16017,31712
20210419,5호선,광나루,12572,11732,24304
20210419,5호선,아차산,14288,14153,28441
20210419,5호선,마천,6325,6322,12647
20210419,공항철도 1호선,검암,6792,6611,13403
20210419,5호선,강일,2983,3168,6151
20210419,5호선,하남풍산,3699,3745,7444
20210419,공항철도 1호선,김포공항,12019,6740,18759
20210419,공항철도 1호선,마곡나루,8145,8047,16192
20210419,공항철도 1호선,디지털미디어시티,14064,12586,26650
20210419,공항철도 1호선,홍대입구,7557,7566,15123
20210419,공항철도 1호선,공덕,2118,2664,4782
20210419,공항철도 1호선,서울역,6428,5885,12313
20210419,6호선,독바위,2783,2868,5651
20210419,분당선,오리,11590,9762,21352
20210419,분당선,이매,5536,5074,10610
20210419,분당선,보정,2423,2209,4632
20210419,6호선,불광,4096,4416,8512
20210419,6호선,역촌,3583,4105,7688
20210419,6호선,응암,17528,17341,34869
20210419,5호선,하남검단산,4574,4464,9038
20210419,5호선,하남시청,5107,5139,10246
20210419,5호선,미사,14303,14124,28427
20210419,경원선,석계,7923,9197,17120
20210419,6호선,새절,12910,12038,24948
20210419,경원선,외대앞,6549,6550,13099
20210419,경춘선,갈매,3159,2752,5911
20210419,경춘선,신내,1720,1769,3489
20210419,경인선,도화,4260,3941,8201
20210419,경인선,중동,9303,8776,18079
20210419,경인선,온수,6970,6734,13704
20210419,경인선,도원,3309,3314,6623
20210419,경인선,간석,6013,5659,11672
20210419,경인선,부개,8600,8070,16670
20210419,경인선,소사,9444,9027,18471
20210419,경인선,구일,6468,6587,13055
20210419,경인선,인천,3323,2471,5794
20210419,경인선,동인천,13686,12927,26613
20210419,경인선,제물포,10948,10745,21693
20210419,경인선,주안,18801,16999,35800
20210419,경인선,동암,14975,14959,29934
20210419,경춘선,별내,2941,2793,5734
20210419,경원선,신이문,8366,7818,16184
20210419,경춘선,퇴계원,3706,3442,7148
20210419,경춘선,금곡,1622,1519,3141
20210419,일산선,삼송,18145,17902,36047
20210419,일산선,원당,11183,10761,21944
20210419,일산선,화정,16639,17142,33781
20210419,일산선,대곡,1919,1471,3390
20210419,일산선,백석,9639,9761,19400
20210419,일산선,마두,7432,7654,15086
20210419,일산선,정발산,6491,6356,12847
20210419,일산선,주엽,8927,8878,17805
20210419,일산선,대화,12620,9938,22558
20210419,장항선,봉명,1250,1190,2440
20210419,경춘선,청평,1641,1544,3185
20210419,경춘선,대성리,599,510,1109
20210419,경춘선,마석,4109,4019,8128
20210419,경춘선,천마산,1726,1631,3357
20210419,경춘선,평내호평,6672,6555,13227
20210419,경춘선,사릉,3737,3513,7250
20210419,일산선,원흥,9913,9537,19450
20210419,경인선,부평,28981,30348,59329
20210419,경인선,부천,32213,32101,64314
20210419,7호선,내방,14054,14427,28481
20210419,7호선,고속터미널,14919,12571,27490
20210419,7호선,반포,5567,5400,10967
20210419,7호선,논현,20617,22035,42652
20210419,7호선,학동,24260,25769,50029
20210419,7호선,강남구청,15878,17240,33118
20210419,7호선,청담,19184,21271,40455
20210419,7호선,뚝섬유원지,8451,8342,16793
20210419,7호선,건대입구,10649,11079,21728
20210419,7호선,어린이대공원,11932,11985,23917
20210419,7호선,군자,14228,11478,25706
20210419,7호선,중곡,9912,9146,19058
20210419,7호선,용마산,6134,5883,12017
20210419,9호선2~3단계,올림픽공원,5542,5581,11123
20210419,9호선2~3단계,둔촌오륜,1176,1041,2217
20210419,7호선,이수,14680,14416,29096
20210419,경인선,송내,27438,27331,54769
20210419,7호선,남성,11201,10569,21770
20210419,7호선,상도,10168,9865,20033
20210419,경인선,역곡,27843,27608,55451
20210419,8호선,단대오거리,10768,10414,21182
20210419,6호선,공덕,18561,17968,36529
20210419,2호선,성수,34461,37232,71693
20210419,7호선,온수,11014,10120,21134
20210419,7호선,천왕,11609,10992,22601
20210419,7호선,광명사거리,22030,21624,43654
20210419,7호선,철산,21084,21675,42759
20210419,7호선,가산디지털단지,48164,48328,96492
20210419,7호선,남구로,16449,17377,33826
20210419,7호선,대림,7835,7902,15737
20210419,7호선,신풍,11729,11191,22920
20210419,7호선,보라매,9782,9921,19703
20210419,7호선,신대방삼거리,16183,15784,31967
20210419,7호선,장승배기,9625,9352,18977
20210419,7호선,숭실대입구,12298,12648,24946
20210419,우이신설선,신설동,2128,2132,4260
20210419,경인선,백운,7234,7307,14541
20210419,수인선,호구포,3846,4041,7887
20210419,분당선,수원시청,11361,12122,23483
20210419,분당선,매교,3151,3213,6364
20210419,수인선,고색,3802,3618,7420
20210419,수인선,오목천,2839,2665,5504
20210419,수인선,어천,689,730,1419
20210419,우이신설선,솔샘,5541,5340,10881
20210419,우이신설선,북한산보국문,5638,5588,11226
20210419,우이신설선,정릉,4324,4032,8356
20210419,우이신설선,성신여대입구,3015,3278,6293
20210419,우이신설선,보문,1510,1497,3007
20210419,수인선,야목,259,210,469
20210419,수인선,사리,4020,3589,7609
20210419,수인선,달월,108,77,185
20210419,수인선,월곶,2601,2427,5028
20210419,수인선,소래포구,5234,4979,10213
20210419,분당선,망포,13368,12714,26082
20210419,경춘선,춘천,1423,1382,2805
20210419,분당선,영통,7512,7748,15260
20210419,7호선,까치울,7786,7384,15170
20210419,수인선,인천논현,5493,5870,11363
20210419,경원선,청량리,13128,13765,26893
20210419,경원선,왕십리,12505,14214,26719
20210419,경원선,응봉,1897,1692,3589
20210419,경원선,옥수,49,25,74
20210419,9호선2~3단계,한성백제,2292,2118,4410
20210419,8호선,암사,18620,16694,35314
20210419,7호선,부평구청,11560,9559,21119
20210419,7호선,굴포천,8266,8865,17131
20210419,7호선,삼산체육관,5057,4545,9602
20210419,7호선,상동,11921,12528,24449
20210419,7호선,부천시청,11582,11321,22903
20210419,7호선,신중동,13584,13436,27020
20210419,7호선,춘의,9708,9552,19260
20210419,7호선,부천종합운동장,4706,4134,8840
20210419,분당선,청명,4160,3900,8060
20210419,경춘선,남춘천,2128,2274,4402
20210419,분당선,매탄권선,4802,4662,9464
20210419,경춘선,강촌,537,566,1103
20210419,안산선,고잔,8833,8315,17148
20210419,안산선,중앙,16503,17153,33656
20210419,안산선,한대앞,9004,9066,18070
20210419,안산선,상록수,16226,16237,32463
20210419,안산선,반월,4459,4283,8742
20210419,안산선,대야미,4994,4574,9568
20210419,안산선,산본,15693,16782,32475
20210419,수인선,인천,979,1630,2609
20210419,수인선,신포,1847,1841,3688
20210419,수인선,숭의,3986,3667,7653
20210419,수인선,인하대,6140,5918,12058
20210419,수인선,송도,2667,2356,5023
20210419,수인선,연수,4424,4311,8735
20210419,수인선,원인재,4336,4443,8779
20210419,경춘선,김유정,347,335,682
20210419,안산선,초지,5012,5389,10401
20210419,안산선,안산,11756,10731,22487
20210419,수인선,남동인더스파크,2364,2640,5004
20210419,안산선,정왕,9373,9978,19351
20210419,안산선,신길온천,1700,1563,3263
20210419,경춘선,굴봉산,260,261,521
20210419,경춘선,가평,1556,1506,3062
20210419,경춘선,상천,416,400,816
20210419,중앙선,지평,100,94,194
20210419,중앙선,용문,1955,1874,3829
20210419,중앙선,원덕,475,437,912
20210419,중앙선,양평,2584,2693,5277
20210419,경춘선,백양리,143,139,282
20210419,우이신설선,가오리,4075,4045,8120
20210419,우이신설선,4.19민주묘지,2986,2994,5980
20210419,우이신설선,솔밭공원,2372,2341,4713
20210419,우이신설선,북한산우이,2708,2552,5260
20210419,안산선,수리산,4503,3888,8391
20210419,안산선,오이도,8404,8050,16454
20210419,우이신설선,화계,3207,3047,6254
20210420,우이신설선,화계,3367,3180,6547
20210420,우이신설선,가오리,4070,4077,8147
20210420,우이신설선,4.19민주묘지,3055,3014,6069
20210420,우이신설선,솔밭공원,2461,2352,4813
20210420,우이신설선,북한산우이,2960,2726,5686
20210420,안산선,한대앞,9706,9896,19602
20210420,안산선,수리산,4656,4054,8710
20210420,안산선,신길온천,1713,1630,3343
20210420,안산선,정왕,10230,10682,20912
20210420,안산선,안산,11991,10744,22735
20210420,안산선,초지,5655,6205,11860
20210420,안산선,고잔,9045,8535,17580
20210420,안산선,중앙,17055,17697,34752
20210420,우이신설선,삼양,1979,2182,4161
20210420,안산선,오이도,8686,8419,17105
20210420,우이신설선,삼양사거리,2397,2497,4894
20210420,일산선,원당,11383,10992,22375
20210420,우이신설선,북한산보국문,5836,5563,11399
20210420,안산선,상록수,16903,17028,33931
20210420,중앙선,구리,13652,13829,27481
20210420,중앙선,양원,1936,1953,3889
20210420,중앙선,망우,7789,7728,15517
20210420,중앙선,상봉,6051,6076,12127
20210420,중앙선,중랑,5658,5473,11131
20210420,중앙선,회기,23199,22458,45657
20210420,장항선,신창,1378,1434,2812
20210420,일산선,화정,17115,17649,34764
20210420,일산선,삼송,18391,17995,36386
20210420,일산선,원흥,10035,9749,19784
20210420,우이신설선,신설동,2187,2159,4346
20210420,우이신설선,보문,1496,1459,2955
20210420,우이신설선,성신여대입구,3028,3240,6268
20210420,우이신설선,정릉,4466,4153,8619
20210420,우이신설선,솔샘,5568,5368,10936
20210420,안산선,반월,4586,4380,8966
20210420,분당선,수내,12716,12939,25655
20210420,안산선,산본,16003,17066,33069
20210420,분당선,수원시청,11883,12639,24522
20210420,분당선,매탄권선,4766,4786,9552
20210420,분당선,망포,13680,13117,26797
20210420,분당선,영통,7810,8110,15920
20210420,분당선,청명,4154,3983,8137
20210420,분당선,상갈,5477,5297,10774
20210420,분당선,기흥,9486,8827,18313
20210420,분당선,신갈,4555,4574,9129
20210420,분당선,구성,4883,5009,9892
20210420,분당선,죽전,12784,14263,27047
20210420,분당선,보정,2532,2257,4789
20210420,분당선,이매,5548,5181,10729
20210420,분당선,오리,11741,9913,21654
20210420,분당선,미금,15248,15342,30590
20210420,분당선,정자,16388,17586,33974
20210420,분당선,매교,3217,3176,6393
20210420,안산선,대야미,5223,4737,9960
20210420,수인선,고색,3893,3688,7581
20210420,수인선,어천,688,737,1425
20210420,수인선,인천,1021,1647,2668
20210420,수인선,신포,1932,1931,3863
20210420,수인선,숭의,4128,3837,7965
20210420,수인선,인하대,6284,5937,12221
20210420,수인선,송도,2682,2487,5169
20210420,수인선,연수,4537,4475,9012
20210420,수인선,원인재,4469,4590,9059
20210420,수인선,남동인더스파크,2457,2736,5193
20210420,수인선,호구포,3954,4157,8111
20210420,수인선,인천논현,5614,6023,11637
20210420,수인선,소래포구,5883,5596,11479
20210420,수인선,월곶,2611,2449,5060
20210420,수인선,달월,109,74,183
20210420,수인선,사리,4185,3916,8101
20210420,수인선,야목,226,197,423
20210420,수인선,오목천,3125,2724,5849
20210420,중앙선,도농,10210,9297,19507
20210420,5호선,답십리,16058,14733,30791
20210420,중앙선,덕소,5800,5758,11558
20210420,1호선,청량리,20635,20559,41194
20210420,1호선,신설동,13747,13540,27287
20210420,1호선,동대문,11029,10602,21631
20210420,1호선,종로5가,22584,22550,45134
20210420,1호선,종로3가,24452,22264,46716
20210420,1호선,종각,34044,33299,67343
20210420,1호선,시청,21232,21372,42604
20210420,1호선,동묘앞,8780,9184,17964
20210420,1호선,서울역,39441,37340,76781
20210420,4호선,창동,25438,26934,52372
20210420,4호선,노원,18303,20449,38752
20210420,4호선,상계,19543,18338,37881
20210420,4호선,당고개,12974,11962,24936
20210420,4호선,남태령,1226,1107,2333
20210420,4호선,사당,23481,19832,43313
20210420,2호선,시청,23317,22771,46088
20210420,4호선,총신대입구,19028,20718,39746
20210420,2호선,을지로입구,37514,38458,75972
20210420,2호선,을지로4가,13167,12842,26009
20210420,분당선,서현,23163,23301,46464
20210420,5호선,마장,5659,5230,10889
20210420,5호선,왕십리,4522,4869,9391
20210420,5호선,행당,8365,7520,15885
20210420,5호선,신금호,6415,6728,13143
20210420,5호선,청구,4111,3704,7815
20210420,5호선,동대문역사문화공원,2863,3316,6179
20210420,5호선,을지로4가,6236,6389,12625
20210420,5호선,종로3가,11213,11209,22422
20210420,5호선,광화문,29744,31145,60889
20210420,5호선,서대문,19302,19778,39080
20210420,2호선,왕십리,15541,12132,27673
20210420,2호선,상왕십리,14219,13781,28000
20210420,2호선,신당,13735,14098,27833
20210420,2호선,동대문역사문화공원,11191,12526,23717
20210420,2호선,을지로3가,21180,20978,42158
20210420,중앙선,양정,905,762,1667
20210420,4호선,동작,2760,2960,5720
20210420,4호선,신용산,15484,16052,31536
20210420,3호선,일원,10129,9919,20048
20210420,3호선,대청,9914,9076,18990
20210420,3호선,학여울,1825,1877,3702
20210420,중앙선,지평,96,105,201
20210420,중앙선,용문,4135,4045,8180
20210420,중앙선,원덕,499,490,989
20210420,중앙선,양평,2681,2695,5376
20210420,중앙선,오빈,338,348,686
20210420,중앙선,아신,635,614,1249
20210420,중앙선,국수,808,802,1610
20210420,중앙선,신원,310,254,564
20210420,중앙선,양수,2021,2084,4105
20210420,중앙선,운길산,1057,1004,2061
20210420,중앙선,팔당,1022,1098,2120
20210420,중앙선,도심,2618,2092,4710
20210420,3호선,수서,16461,16520,32981
20210420,4호선,이촌,7327,8158,15485
20210420,3호선,가락시장,9164,8931,18095
20210420,3호선,오금,6271,5699,11970
20210420,4호선,삼각지,4968,5349,10317
20210420,4호선,숙대입구,12798,12668,25466
20210420,4호선,서울역,10673,14006,24679
20210420,4호선,회현,24197,25561,49758
20210420,4호선,명동,16923,17199,34122
20210420,4호선,충무로,25965,26710,52675
20210420,4호선,동대문역사문화공원,13937,12723,26660
20210420,4호선,동대문,20636,21143,41779
20210420,4호선,혜화,30123,30066,60189
20210420,4호선,한성대입구,13330,13126,26456
20210420,4호선,성신여대입구,18799,17865,36664
20210420,4호선,길음,20216,19680,39896
20210420,4호선,미아사거리,27606,26875,54481
20210420,4호선,미아,15403,15148,30551
20210420,4호선,수유,33809,33726,67535
20210420,3호선,경찰병원,7685,7870,15555
20210420,분당선,야탑,24889,25992,50881
20210420,경부선,천안,4603,4664,9267
20210420,분당선,태평,13405,13012,26417
20210420,경부선,석수,10316,9199,19515
20210420,경부선,금천구청,12205,12049,24254
20210420,경부선,가산디지털단지,18884,22076,40960
20210420,경부선,구로,19043,19366,38409
20210420,경부선,신길,9715,8263,17978
20210420,경부선,신도림,4416,4324,8740
20210420,경부선,관악,7504,6960,14464
20210420,경부선,영등포,35450,36077,71527
20210420,경부선,노량진,8280,8548,16828
20210420,경부선,용산,28841,29236,58077
20210420,경부선,남영,9811,10165,19976
20210420,경부선,서울역,4277,1466,5743
20210420,경강선,여주,1910,1896,3806
20210420,경강선,세종대왕릉,274,296,570
20210420,경부선,대방,13172,13516,26688
20210420,경부선,안양,25531,25588,51119
20210420,경부선,명학,9465,9428,18893
20210420,경부선,금정,26628,26936,53564
20210420,경부선,지제,2746,2690,5436
20210420,경부선,서정리,6588,6289,12877
20210420,경부선,송탄,4048,3812,7860
20210420,경부선,진위,1617,1446,3063
20210420,경부선,오산,9470,9398,18868
20210420,경부선,오산대,4007,3730,7737
20210420,경부선,세마,2623,2420,5043
20210420,경부선,병점,13787,14098,27885
20210420,경부선,세류,2949,2749,5698
20210420,경부선,독산,17045,17993,35038
20210420,경부선,수원,32162,33760,65922
20210420,경부선,화서,7713,7347,15060
20210420,경부선,성균관대,15221,15043,30264
20210420,경부선,의왕,9436,9452,18888
20210420,경부선,군포,7774,7857,15631
20210420,경강선,부발,1696,1761,3457
20210420,경강선,이천,2398,2488,4886
20210420,경강선,신둔도예촌,1432,1290,2722
20210420,경강선,곤지암,2223,2213,4436
20210420,9호선,사평,3191,3151,6342
20210420,9호선,고속터미널,10893,13448,24341
20210420,9호선,신반포,3136,3100,6236
20210420,9호선,구반포,2728,2805,5533
20210420,9호선,동작,1816,1480,3296
20210420,9호선,흑석,7363,7734,15097
20210420,9호선,노들,4393,3737,8130
20210420,9호선,노량진,25511,25202,50713
20210420,9호선,샛강,5838,6150,11988
20210420,9호선,국회의사당,15654,15986,31640
20210420,3호선,대치,10623,10695,21318
20210420,9호선,당산,17511,17699,35210
20210420,9호선,신목동,3996,3592,7588
20210420,9호선,등촌,11123,11077,22200
20210420,5호선,장한평,18739,18375,37114
20210420,9호선,신논현,29931,29711,59642
20210420,경부선,평택,11067,10905,21972
20210420,9호선2~3단계,언주,9768,9984,19752
20210420,9호선2~3단계,삼성중앙,6751,7068,13819
20210420,경강선,초월,3034,2896,5930
20210420,경강선,경기광주,6925,6739,13664
20210420,경강선,삼동,2353,2194,4547
20210420,경강선,이매,1196,1092,2288
20210420,경강선,판교,4334,4185,8519
20210420,9호선2~3단계,중앙보훈병원,10256,9126,19382
20210420,9호선2~3단계,둔촌오륜,1276,1094,2370
20210420,9호선2~3단계,올림픽공원,5458,5446,10904
20210420,9호선2~3단계,한성백제,2378,2206,4584
20210420,9호선2~3단계,송파나루,4367,4618,8985
20210420,9호선2~3단계,석촌,7865,7122,14987
20210420,9호선2~3단계,석촌고분,5732,5688,11420
20210420,9호선2~3단계,삼전,6560,6230,12790
20210420,9호선2~3단계,종합운동장,3940,3961,7901
20210420,9호선2~3단계,봉은사,14844,14974,29818
20210420,9호선2~3단계,선정릉,9675,10566,20241
20210420,경부선,성환,2976,3109,6085
20210420,경부선,직산,728,757,1485
20210420,경부선,두정,4923,5020,9943
20210420,과천선,대공원,3296,3384,6680
20210420,과천선,경마공원,1329,1305,2634
20210420,과천선,선바위,8603,7461,16064
20210420,공항철도 1호선,영종,2868,2908,5776
20210420,공항철도 1호선,인천공항2터미널,1801,1732,3533
20210420,공항철도 1호선,인천공항1터미널,2958,3059,6017
20210420,공항철도 1호선,공항화물청사,2377,2543,4920
20210420,공항철도 1호선,운서,6025,6073,12098
20210420,공항철도 1호선,청라국제도시,6576,6127,12703
20210420,공항철도 1호선,검암,7009,6833,13842
20210420,공항철도 1호선,계양,9387,8718,18105
20210420,공항철도 1호선,김포공항,10826,6259,17085
20210420,공항철도 1호선,마곡나루,8502,8340,16842
20210420,공항철도 1호선,디지털미디어시티,14658,13049,27707
20210420,공항철도 1호선,홍대입구,7630,7840,15470
20210420,과천선,과천,5576,5201,10777
20210420,공항철도 1호선,공덕,2174,2827,5001
20210420,과천선,정부과천청사,10229,10090,20319
20210420,과천선,평촌,18131,17844,35975
20210420,분당선,가천대,11197,12318,23515
20210420,분당선,선정릉,8321,8831,17152
20210420,분당선,강남구청,9764,11364,21128
20210420,분당선,압구정로데오,17908,19405,37313
20210420,분당선,서울숲,11480,11882,23362
20210420,분당선,수원,7746,6419,14165
20210420,분당선,복정,1,0,1
20210420,분당선,수서,12848,13269,26117
20210420,분당선,대모산입구,3547,3251,6798
20210420,분당선,개포동,3712,3867,7579
20210420,분당선,구룡,2026,1966,3992
20210420,분당선,도곡,6265,6269,12534
20210420,분당선,한티,13255,14240,27495
20210420,분당선,선릉,13413,19962,33375
20210420,과천선,범계,25262,24967,50229
20210420,과천선,인덕원,23989,24809,48798
20210420,분당선,모란,19242,19406,38648
20210420,공항철도 1호선,서울역,6289,5656,11945
20210420,경춘선,남춘천,2315,2384,4699
20210420,경인선,온수,6949,6775,13724
20210420,경인선,도원,3418,3446,6864
20210420,경인선,간석,6083,5797,11880
20210420,경인선,부개,8761,8169,16930
20210420,경인선,소사,9742,9241,18983
20210420,경인선,구일,6713,6949,13662
20210420,경인선,인천,3565,2851,6416
20210420,경원선,응봉,1921,1701,3622
20210420,경원선,옥수,60,46,106
20210420,경원선,한남,4184,3861,8045
20210420,경원선,서빙고,1878,1720,3598
20210420,경원선,이촌,3867,2941,6808
20210420,경부선,광명,2924,2569,5493
20210420,경부선,서동탄,1590,1335,2925
20210420,경부선,당정,6424,6113,12537
20210420,경인선,중동,9407,9055,18462
20210420,경춘선,춘천,1902,1769,3671
20210420,경인선,도화,4295,3979,8274
20210420,경춘선,갈매,3199,2777,5976
20210420,경춘선,김유정,354,378,732
20210420,경춘선,강촌,649,623,1272
20210420,경춘선,백양리,125,126,251
20210420,경춘선,굴봉산,264,256,520
20210420,경춘선,가평,1595,1608,3203
20210420,경춘선,상천,490,444,934
20210420,경춘선,청평,1681,1629,3310
20210420,경춘선,대성리,651,526,1177
20210420,경춘선,마석,4248,4119,8367
20210420,경춘선,천마산,1707,1669,3376
20210420,경춘선,평내호평,6480,6466,12946
20210420,경춘선,금곡,1697,1651,3348
20210420,경춘선,사릉,3741,3537,7278
20210420,경춘선,퇴계원,3744,3554,7298
20210420,경춘선,별내,2973,2819,5792
20210420,경춘선,신내,1757,1811,3568
20210420,5호선,군자,11034,12146,23180
20210420,9호선,선유도,8049,7830,15879
20210420,5호선,광나루,13005,11852,24857
20210420,5호선,하남검단산,4596,4587,9183
20210420,5호선,하남시청,4944,4916,9860
20210420,5호선,하남풍산,3840,3713,7553
20210420,5호선,미사,14547,14326,28873
20210420,5호선,강일,3043,3176,6219
20210420,5호선,마천,6402,6467,12869
20210420,6호선,응암,17948,17600,35548
20210420,5호선,거여,8424,8086,16510
20210420,5호선,오금,3930,3738,7668
20210420,5호선,방이,6879,7151,14030
20210420,5호선,올림픽공원,4340,3822,8162
20210420,5호선,둔촌동,8507,8480,16987
20210420,5호선,상일동,16151,14717,30868
20210420,5호선,고덕,9235,9186,18421
20210420,5호선,개롱,6538,6799,13337
20210420,6호선,역촌,3672,4235,7907
20210420,6호선,불광,4253,4254,8507
20210420,6호선,독바위,2841,2977,5818
20210420,6호선,삼각지,5903,5223,11126
20210420,6호선,효창공원앞,6960,6369,13329
20210420,6호선,공덕,18922,18251,37173
20210420,6호선,대흥,7802,8143,15945
20210420,6호선,광흥창,8964,8748,17712
20210420,6호선,상수,6918,7706,14624
20210420,6호선,합정,12152,11842,23994
20210420,6호선,망원,13556,14539,28095
20210420,6호선,마포구청,14116,12830,26946
20210420,6호선,월드컵경기장,4833,4989,9822
20210420,6호선,디지털미디어시티,14123,15384,29507
20210420,6호선,증산,10142,10098,20240
20210420,6호선,새절,13173,12390,25563
20210420,6호선,구산,7546,5763,13309
20210420,6호선,연신내,1,0,1
20210420,5호선,명일,8790,8919,17709
20210420,5호선,굽은다리,9400,8974,18374
20210420,5호선,길동,7901,8218,16119
20210420,5호선,충정로,4949,5042,9991
20210420,5호선,개화산,5532,5233,10765
20210420,5호선,방화,6892,6622,13514
20210420,4호선,쌍문,29586,27207,56793
20210420,7호선,남성,11612,10776,22388
20210420,7호선,숭실대입구,13021,13277,26298
20210420,7호선,상도,10370,10152,20522
20210420,7호선,장승배기,9788,9630,19418
20210420,7호선,신대방삼거리,16294,15826,32120
20210420,7호선,보라매,9967,9961,19928
20210420,7호선,신풍,12079,11529,23608
20210420,7호선,대림,7713,7653,15366
20210420,7호선,남구로,16725,17654,34379
20210420,7호선,가산디지털단지,48570,48524,97094
20210420,7호선,철산,21429,22137,43566
20210420,7호선,광명사거리,22484,22177,44661
20210420,5호선,김포공항,6879,6257,13136
20210420,6호선,녹사평,4606,4428,9034
20210420,5호선,송정,6718,6252,12970
20210420,5호선,발산,19985,20279,40264
20210420,5호선,애오개,7141,7173,14314
20210420,5호선,공덕,15050,15781,30831
20210420,5호선,마포,14821,15307,30128
20210420,5호선,여의나루,11316,12560,23876
20210420,5호선,여의도,28676,30166,58842
20210420,5호선,신길,4026,4454,8480
20210420,5호선,영등포시장,9725,10016,19741
20210420,5호선,영등포구청,4229,4331,8560
20210420,5호선,양평,7730,7672,15402
20210420,5호선,오목교,21888,23695,45583
20210420,5호선,목동,17105,18812,35917
20210420,5호선,신정,14533,11598,26131
20210420,5호선,까치산,29591,28444,58035
20210420,5호선,화곡,28477,26837,55314
20210420,5호선,우장산,14508,14316,28824
20210420,5호선,마곡,10126,10137,20263
20210420,6호선,이태원,8591,8911,17502
20210420,6호선,한강진,7490,8447,15937
20210420,6호선,버티고개,2281,2149,4430
20210420,8호선,송파,7782,7805,15587
20210420,8호선,잠실,12672,14899,27571
20210420,8호선,몽촌토성,5745,5915,11660
20210420,8호선,강동구청,10414,10959,21373
20210420,8호선,천호,14775,16679,31454
20210420,8호선,암사,19176,16820,35996
20210420,7호선,부평구청,12017,9953,21970
20210420,7호선,굴포천,8629,9203,17832
20210420,7호선,삼산체육관,5311,4816,10127
20210420,7호선,상동,12125,12562,24687
20210420,7호선,이수,15253,14726,29979
20210420,7호선,내방,14425,14667,29092
20210420,7호선,고속터미널,14393,12700,27093
20210420,7호선,반포,5658,5426,11084
20210420,7호선,논현,21075,22403,43478
20210420,8호선,가락시장,7845,8691,16536
20210420,7호선,학동,24736,26305,51041
20210420,8호선,문정,22412,23621,46033
20210420,8호선,복정,11795,9975,21770
20210420,9호선,증미,7413,7425,14838
20210420,5호선,아차산,14702,14572,29274
20210420,9호선,가양,20139,19924,40063
20210420,9호선,양천향교,9775,9981,19756
20210420,9호선,마곡나루,11498,11426,22924
20210420,9호선,신방화,6881,6585,13466
20210420,9호선,공항시장,2883,3085,5968
20210420,9호선,김포공항,7262,9908,17170
20210420,9호선,개화,2598,1761,4359
20210420,8호선,모란,4073,3125,7198
20210420,8호선,수진,4833,4509,9342
20210420,8호선,신흥,4213,4565,8778
20210420,8호선,단대오거리,10734,10154,20888
20210420,8호선,남한산성입구,15114,14073,29187
20210420,8호선,산성,6372,6415,12787
20210420,8호선,장지,17019,16316,33335
20210420,7호선,천왕,11741,11250,22991
20210420,7호선,강남구청,16623,18185,34808
20210420,7호선,뚝섬유원지,8984,8998,17982
20210420,6호선,봉화산,8989,8318,17307
20210420,6호선,화랑대,11575,9316,20891
20210420,6호선,태릉입구,5307,5967,11274
20210420,6호선,석계,12264,12716,24980
20210420,6호선,돌곶이,9211,8748,17959
20210420,6호선,상월곡,6229,5563,11792
20210420,6호선,월곡,11118,11068,22186
20210420,6호선,고려대,7917,7603,15520
20210420,6호선,안암,10513,10565,21078
20210420,6호선,보문,7133,6744,13877
20210420,6호선,창신,3703,3029,6732
20210420,6호선,동묘앞,8047,8150,16197
20210420,6호선,신당,8224,8632,16856
20210420,6호선,청구,3824,4116,7940
20210420,6호선,약수,3562,3630,7192
20210420,7호선,장암,2323,904,3227
20210420,7호선,청담,19821,21949,41770
20210420,7호선,도봉산,9586,11310,20896
20210420,7호선,마들,12490,11849,24339
20210420,7호선,건대입구,11122,11398,22520
20210420,7호선,어린이대공원,12018,12058,24076
20210420,7호선,군자,14458,11775,26233
20210420,7호선,중곡,10006,9189,19195
20210420,7호선,용마산,6189,6127,12316
20210420,7호선,사가정,16833,16890,33723
20210420,7호선,면목,16918,16568,33486
20210420,7호선,상봉,16982,15905,32887
20210420,7호선,중화,11176,10983,22159
20210420,7호선,먹골,9913,9822,19735
20210420,7호선,태릉입구,8474,8025,16499
20210420,7호선,공릉,11961,11785,23746
20210420,7호선,하계,17502,16599,34101
20210420,7호선,중계,14651,13510,28161
20210420,7호선,노원,18891,20327,39218
20210420,7호선,수락산,12831,12955,25786
20210420,7호선,온수,11233,10439,21672
20210420,9호선,염창,17002,16810,33812
20210420,7호선,부천종합운동장,4747,4213,8960
20210420,일산선,백석,9939,9908,19847
20210420,일산선,대곡,1956,1461,3417
20210420,경원선,소요산,3402,2736,6138
20210420,경원선,동두천,2270,2768,5038
20210420,경원선,보산,1401,1315,2716
20210420,경원선,동두천중앙,3457,3366,6823
20210420,경원선,지행,6220,6169,12389
20210420,경원선,덕정,6131,5891,12022
20210420,경원선,덕계,3153,2873,6026
20210420,경원선,양주,7906,7426,15332
20210420,경원선,녹양,4711,4516,9227
20210420,경원선,가능,6612,6559,13171
20210420,경원선,의정부,17643,18136,35779
20210420,경원선,회룡,12689,12649,25338
20210420,경원선,망월사,7520,7686,15206
20210420,일산선,마두,7467,7731,15198
20210420,7호선,까치울,8052,7667,15719
20210420,일산선,정발산,6988,7064,14052
20210420,일산선,대화,12860,10044,22904
20210420,경의선,화전,2098,1932,4030
20210420,경의선,수색,2771,2971,5742
20210420,경의선,디지털미디어시티,2453,2046,4499
20210420,경의선,가좌,5470,5026,10496
20210420,경의선,홍대입구,1477,1631,3108
20210420,경의선,서강대,1933,1854,3787
20210420,경의선,공덕,3473,3144,6617
20210420,경의선,효창공원앞,2995,3378,6373
20210420,경의선,신촌,819,1083,1902
20210420,경의선,서울역,4140,5157,9297
20210420,장항선,온양온천,3141,3168,6309
20210420,장항선,배방,927,879,1806
20210420,장항선,아산,2458,2243,4701
20210420,장항선,쌍용,2238,2183,4421
20210420,장항선,봉명,1207,1174,2381
20210420,일산선,주엽,9030,8908,17938
20210420,경의선,강매,3332,2903,6235
20210420,경원선,도봉,6150,5937,12087
20210420,경원선,녹천,4832,4073,8905
20210420,2호선,구로디지털단지,62429,62790,125219
20210420,2호선,신대방,26487,25880,52367
20210420,2호선,신림,61597,59850,121447
20210420,2호선,봉천,24637,22892,47529
20210420,2호선,서울대입구,46242,45534,91776
20210420,2호선,낙성대,26787,26144,52931
20210420,2호선,사당,34885,38152,73037
20210420,2호선,방배,16815,17515,34330
20210420,2호선,서초,22119,21605,43724
20210420,2호선,교대,34729,38925,73654
20210420,2호선,강남,80151,79109,159260
20210420,경원선,신이문,8531,8011,16542
20210420,경원선,외대앞,6393,6416,12809
20210420,5호선,강동,18740,18056,36796
20210420,5호선,천호,17574,17524,35098
20210420,2호선,대림,25039,25390,50429
20210420,경원선,방학,9676,9473,19149
20210420,2호선,신도림,47804,46417,94221
20210420,2호선,영등포구청,23449,23946,47395
20210420,경원선,월계,6307,6083,12390
20210420,경원선,광운대,9428,8863,18291
20210420,경원선,석계,8217,9157,17374
20210420,1호선,제기동,17711,17885,35596
20210420,2호선,도림천,1421,1530,2951
20210420,2호선,신설동,3111,3114,6225
20210420,2호선,신답,1538,1851,3389
20210420,2호선,용답,2627,2689,5316
20210420,2호선,충정로,9966,10457,20423
20210420,2호선,아현,10686,10296,20982
20210420,2호선,이대,12110,12591,24701
20210420,2호선,신촌,28981,30288,59269
20210420,2호선,홍대입구,43415,44984,88399
20210420,2호선,합정,28305,29694,57999
20210420,2호선,당산,19264,22555,41819
20210420,2호선,문래,21490,21864,43354
20210420,경의선,행신,7699,7794,15493
20210420,경원선,도봉산,8384,5433,13817
20210420,경의선,곡산,606,659,1265
20210420,3호선,안국,19306,19967,39273
20210420,3호선,경복궁,18228,17859,36087
20210420,3호선,독립문,7437,7685,15122
20210420,3호선,무악재,3955,4148,8103
20210420,3호선,홍제,17731,16989,34720
20210420,3호선,녹번,14956,13808,28764
20210420,3호선,불광,16326,17393,33719
20210420,3호선,연신내,37189,35170,72359
20210420,3호선,구파발,20653,19498,40151
20210420,3호선,지축,4096,3918,8014
20210420,2호선,용두,2304,2361,4665
20210420,2호선,신정네거리,10631,11037,21668
20210420,2호선,양천구청,6783,7280,14063
20210420,2호선,역삼,51254,56558,107812
20210420,2호선,선릉,56467,50482,106949
20210420,3호선,을지로3가,10260,10746,21006
20210420,2호선,삼성,48681,49396,98077
20210420,3호선,동대입구,7564,8052,15616
20210420,3호선,금호,8211,7899,16110
20210420,경의선,능곡,3948,3576,7524
20210420,7호선,춘의,9837,9648,19485
20210420,7호선,신중동,14417,14324,28741
20210420,7호선,부천시청,12390,12397,24787
20210420,8호선,석촌,7541,8707,16248
20210420,3호선,도곡,5626,5728,11354
20210420,3호선,매봉,12641,12055,24696
20210420,3호선,양재,39862,42771,82633
20210420,3호선,남부터미널,27817,28828,56645
20210420,3호선,교대,14396,9530,23926
20210420,3호선,고속터미널,35320,33854,69174
20210420,3호선,잠원,4882,4708,9590
20210420,3호선,신사,29263,30468,59731
20210420,3호선,압구정,30894,32842,63736
20210420,3호선,옥수,9189,9625,18814
20210420,3호선,약수,12748,12422,25170
20210420,2호선,종합운동장,8113,8819,16932
20210420,3호선,종로3가,9781,11081,20862
20210420,2호선,잠실,61959,60934,122893
20210420,경인선,오류동,12346,11657,24003
20210420,경인선,개봉,21857,22460,44317
20210420,경의선,디지털미디어시티,72,271,343
20210420,경의선,임진강,26,13,39
20210420,경의선,문산,4951,5036,9987
20210420,경의선,파주,1824,1352,3176
20210420,경의선,월롱,2043,1982,4025
20210420,경의선,금촌,6197,6249,12446
20210420,경의선,금릉,4583,4488,9071
20210420,경의선,운정,6700,6388,13088
20210420,경의선,야당,6500,6468,12968
20210420,경의선,탄현,7699,7341,15040
20210420,경의선,일산,9464,9432,18896
20210420,경의선,풍산,5562,5243,10805
20210420,2호선,잠실새내,19764,19818,39582
20210420,경인선,역곡,28589,28478,57067
20210420,경인선,부천,32693,32788,65481
20210420,경의선,백마,6913,6704,13617
20210420,경인선,부평,28923,30554,59477
20210420,경인선,송내,28313,28555,56868
20210420,2호선,강변,28308,27514,55822
20210420,2호선,구의,23270,23106,46376
20210420,2호선,건대입구,30967,32900,63867
20210420,2호선,성수,34442,37698,72140
20210420,2호선,뚝섬,22137,23437,45574
20210420,2호선,한양대,10493,11524,22017
20210420,9호선,여의도,26989,25691,52680
20210420,2호선,잠실나루,14767,14515,29282
20210420,경원선,청량리,13798,15061,28859
20210420,경인선,동인천,13903,13087,26990
20210420,경인선,제물포,11096,10674,21770
20210420,경인선,주안,18963,17356,36319
20210420,경인선,동암,15395,15454,30849
20210420,경인선,백운,7213,7253,14466
20210420,경원선,왕십리,12946,14436,27382
20210421,9호선,당산,17674,17936,35610
20210421,9호선,선유도,8008,7803,15811
20210421,9호선,신목동,4053,3698,7751
20210421,9호선,염창,17031,16717,33748
20210421,9호선,등촌,11394,11204,22598
20210421,8호선,모란,4125,3156,7281
20210421,9호선,증미,7322,7391,14713
20210421,9호선,마곡나루,11412,11436,22848
20210421,9호선,양천향교,9711,10046,19757
20210421,9호선,신방화,6818,6639,13457
20210421,9호선,공항시장,2893,3212,6105
20210421,9호선,김포공항,7003,10210,17213
20210421,9호선,개화,2643,1827,4470
20210421,9호선,국회의사당,16152,16402,32554
20210421,9호선,가양,20188,19715,39903
20210421,9호선,여의도,26636,25861,52497
20210421,9호선,사평,3242,3139,6381
20210421,9호선,노량진,25669,25248,50917
20210421,8호선,수진,5138,4798,9936
20210421,9호선2~3단계,석촌고분,5812,5692,11504
20210421,9호선2~3단계,삼전,6461,6220,12681
20210421,9호선2~3단계,종합운동장,4193,4045,8238
20210421,9호선2~3단계,봉은사,15619,15922,31541
20210421,9호선2~3단계,삼성중앙,6760,7091,13851
20210421,9호선2~3단계,선정릉,9749,10470,20219
20210421,9호선2~3단계,언주,9646,9966,19612
20210421,9호선,신논현,30090,29571,59661
20210421,9호선,고속터미널,11388,14081,25469
20210421,9호선,신반포,3263,3231,6494
20210421,9호선,구반포,2641,2751,5392
20210421,9호선,동작,1885,1537,3422
20210421,9호선,흑석,7489,7790,15279
20210421,9호선,노들,4473,3830,8303
20210421,9호선,샛강,5964,6109,12073
20210421,8호선,신흥,4310,4631,8941
20210421,7호선,남성,11648,10934,22582
20210421,8호선,남한산성입구,15135,14241,29376
20210421,7호선,부천종합운동장,4759,4147,8906
20210421,7호선,까치울,8031,7677,15708
20210421,7호선,온수,11249,10441,21690
20210421,7호선,천왕,11944,11345,23289
20210421,7호선,광명사거리,22385,22048,44433
20210421,7호선,철산,21673,22352,44025
20210421,7호선,가산디지털단지,48068,48333,96401
20210421,7호선,남구로,16630,17528,34158
20210421,7호선,대림,7545,7535,15080
20210421,7호선,신풍,11886,11417,23303
20210421,7호선,보라매,10118,10150,20268
20210421,7호선,신대방삼거리,16482,15839,32321
20210421,7호선,장승배기,9875,9551,19426
20210421,7호선,상도,10583,10234,20817
20210421,7호선,숭실대입구,12609,12875,25484
20210421,7호선,춘의,10001,9718,19719
20210421,8호선,단대오거리,10842,10325,21167
20210421,7호선,신중동,14621,14468,29089
20210421,7호선,상동,12810,13514,26324
20210421,8호선,산성,6521,6517,13038
20210421,8호선,복정,11662,9935,21597
20210421,8호선,장지,17575,16851,34426
20210421,8호선,문정,22550,23600,46150
20210421,8호선,가락시장,7856,8635,16491
20210421,8호선,송파,7844,7786,15630
20210421,8호선,석촌,7449,8726,16175
20210421,8호선,잠실,12742,14990,27732
20210421,8호선,몽촌토성,5706,5901,11607
20210421,8호선,강동구청,10500,10867,21367
20210421,8호선,천호,14739,16778,31517
20210421,8호선,암사,19173,17068,36241
20210421,7호선,부평구청,12263,10145,22408
20210421,7호선,굴포천,8801,9375,18176
20210421,7호선,삼산체육관,5240,4753,9993
20210421,7호선,부천시청,12516,12383,24899
20210421,9호선2~3단계,석촌,7940,6878,14818
20210421,경원선,회룡,12802,12849,25651
20210421,9호선2~3단계,한성백제,2419,2199,4618
20210421,경부선,광명,2998,2586,5584
20210421,경부선,서동탄,1546,1323,2869
20210421,경부선,당정,6515,6192,12707
20210421,경부선,천안,4532,4603,9135
20210421,경부선,두정,5064,5021,10085
20210421,경부선,직산,761,802,1563
20210421,경부선,성환,3127,3210,6337
20210421,경부선,평택,11303,11057,22360
20210421,경부선,지제,2807,2740,5547
20210421,경부선,서정리,6734,6304,13038
20210421,경부선,송탄,3931,3750,7681
20210421,경부선,진위,1616,1382,2998
20210421,경부선,오산,9485,9473,18958
20210421,경부선,오산대,3931,3681,7612
20210421,경부선,세마,2604,2527,5131
20210421,경원선,이촌,3892,2944,6836
20210421,경부선,병점,14059,14389,28448
20210421,경원선,서빙고,1781,1649,3430
20210421,경원선,옥수,49,35,84
20210421,7호선,이수,15516,15037,30553
20210421,경원선,망월사,7491,7687,15178
20210421,경원선,도봉산,8313,5517,13830
20210421,경원선,도봉,6265,6040,12305
20210421,경원선,방학,9681,9537,19218
20210421,경원선,창동,1,0,1
20210421,경원선,녹천,4766,4065,8831
20210421,경원선,월계,6355,6022,12377
20210421,경원선,광운대,9368,8831,18199
20210421,경원선,석계,8213,9395,17608
20210421,경원선,신이문,8589,8001,16590
20210421,경원선,외대앞,6656,6737,13393
20210421,경원선,청량리,13616,14544,28160
20210421,경원선,왕십리,13218,14563,27781
20210421,경원선,응봉,1898,1646,3544
20210421,경원선,한남,4152,3857,8009
20210421,9호선2~3단계,송파나루,4379,4706,9085
20210421,경부선,세류,2915,2800,5715
20210421,경부선,수원,33573,34882,68455
20210421,경부선,서울역,4381,1409,5790
20210421,경강선,여주,1793,1831,3624
20210421,경강선,세종대왕릉,307,310,617
20210421,경강선,부발,1797,1828,3625
20210421,경강선,이천,2348,2441,4789
20210421,경강선,신둔도예촌,1464,1325,2789
20210421,경강선,곤지암,2151,2131,4282
20210421,경강선,초월,3049,2888,5937
20210421,경강선,경기광주,7021,6687,13708
20210421,경강선,삼동,2367,2182,4549
20210421,경강선,이매,1138,1036,2174
20210421,경강선,판교,4275,4190,8465
20210421,9호선2~3단계,중앙보훈병원,10201,9120,19321
20210421,9호선2~3단계,둔촌오륜,1252,1041,2293
20210421,9호선2~3단계,올림픽공원,5555,5517,11072
20210421,경부선,남영,9781,10203,19984
20210421,경부선,독산,17161,18191,35352
20210421,경부선,용산,28981,29490,58471
20210421,경부선,대방,13250,13495,26745
20210421,경부선,화서,7570,7449,15019
20210421,경부선,성균관대,15601,15278,30879
20210421,경부선,의왕,9440,9470,18910
20210421,경부선,군포,7794,7768,15562
20210421,경부선,금정,26646,26912,53558
20210421,경부선,명학,9460,9236,18696
20210421,경부선,안양,25920,25923,51843
20210421,경부선,관악,7497,7012,14509
20210421,경부선,석수,10114,9038,19152
20210421,경부선,금천구청,12187,12118,24305
20210421,경부선,가산디지털단지,18794,21740,40534
20210421,경부선,구로,19743,20208,39951
20210421,경부선,신길,9695,8268,17963
20210421,경부선,신도림,4289,4300,8589
20210421,경부선,영등포,34746,35915,70661
20210421,경부선,노량진,8543,8710,17253
20210421,7호선,내방,14566,14782,29348
20210421,5호선,둔촌동,8590,8635,17225
20210421,7호선,반포,6041,5803,11844
20210421,5호선,애오개,7156,7195,14351
20210421,5호선,공덕,15105,15982,31087
20210421,5호선,마포,14848,15420,30268
20210421,5호선,여의나루,12294,13426,25720
20210421,5호선,여의도,28580,29982,58562
20210421,5호선,신길,4052,4446,8498
20210421,5호선,충정로,4840,4901,9741
20210421,5호선,영등포시장,9561,10025,19586
20210421,5호선,양평,7824,7619,15443
20210421,5호선,오목교,21809,23607,45416
20210421,5호선,목동,17255,18942,36197
20210421,5호선,신정,14521,11545,26066
20210421,5호선,까치산,29616,28646,58262
20210421,5호선,화곡,28706,27011,55717
20210421,5호선,영등포구청,4215,4224,8439
20210421,5호선,서대문,19388,19690,39078
20210421,5호선,광화문,29829,31352,61181
20210421,5호선,종로3가,11556,11531,23087
20210421,5호선,길동,8040,8345,16385
20210421,5호선,강동,18602,17778,36380
20210421,5호선,천호,17680,17817,35497
20210421,5호선,광나루,13180,12028,25208
20210421,5호선,아차산,15163,14872,30035
20210421,5호선,군자,11042,12046,23088
20210421,5호선,장한평,18761,18639,37400
20210421,5호선,답십리,16185,14712,30897
20210421,5호선,마장,5579,5186,10765
20210421,5호선,왕십리,4549,4926,9475
20210421,5호선,행당,8317,7540,15857
20210421,5호선,신금호,6433,6592,13025
20210421,5호선,청구,4081,3687,7768
20210421,5호선,동대문역사문화공원,2862,3353,6215
20210421,5호선,을지로4가,6275,6379,12654
20210421,5호선,우장산,14712,14437,29149
20210421,5호선,발산,20978,21502,42480
20210421,5호선,마곡,10307,10170,20477
20210421,5호선,송정,6562,6326,12888
20210421,4호선,충무로,26081,27142,53223
20210421,4호선,동대문역사문화공원,14138,13039,27177
20210421,4호선,동대문,20592,21120,41712
20210421,4호선,혜화,30274,30277,60551
20210421,4호선,한성대입구,13409,13019,26428
20210421,4호선,성신여대입구,18993,18078,37071
20210421,4호선,길음,20492,20034,40526
20210421,4호선,미아사거리,28040,27178,55218
20210421,4호선,미아,15109,14868,29977
20210421,4호선,수유,33742,33583,67325
20210421,3호선,오금,6153,5603,11756
20210421,3호선,경찰병원,7652,7716,15368
20210421,3호선,가락시장,9015,8850,17865
20210421,3호선,수서,16647,16861,33508
20210421,경원선,의정부,17611,18054,35665
20210421,4호선,명동,17024,17524,34548
20210421,5호선,굽은다리,9509,8941,18450
20210421,4호선,회현,23800,25158,48958
20210421,4호선,숙대입구,12831,12511,25342
20210421,5호선,김포공항,6734,6249,12983
20210421,5호선,개화산,5530,5285,10815
20210421,5호선,방화,6954,6530,13484
20210421,4호선,쌍문,29495,27282,56777
20210421,4호선,창동,25580,26962,52542
20210421,4호선,노원,18408,20422,38830
20210421,4호선,상계,19350,18043,37393
20210421,4호선,당고개,12815,11796,24611
20210421,4호선,남태령,1289,1192,2481
20210421,4호선,사당,23882,20090,43972
20210421,4호선,총신대입구,18868,20707,39575
20210421,4호선,동작,2714,2896,5610
20210421,4호선,이촌,7153,8028,15181
20210421,4호선,신용산,15264,15996,31260
20210421,4호선,삼각지,5063,5426,10489
20210421,4호선,서울역,10629,14199,24828
20210421,5호선,명일,8790,9134,17924
20210421,5호선,고덕,9336,9216,18552
20210421,5호선,상일동,16071,14455,30526
20210421,7호선,노원,19056,20084,39140
20210421,7호선,마들,12629,11953,24582
20210421,7호선,수락산,13070,12902,25972
20210421,7호선,도봉산,9674,11192,20866
20210421,7호선,장암,2333,907,3240
20210421,6호선,봉화산,8827,8349,17176
20210421,6호선,화랑대,12295,9266,21561
20210421,6호선,태릉입구,5367,6040,11407
20210421,6호선,석계,12580,12790,25370
20210421,6호선,돌곶이,9427,8900,18327
20210421,6호선,상월곡,6344,5705,12049
20210421,6호선,월곡,11138,10995,22133
20210421,6호선,고려대,8105,7840,15945
20210421,6호선,안암,11185,11155,22340
20210421,6호선,보문,7149,6642,13791
20210421,7호선,중계,14924,13754,28678
20210421,6호선,창신,3631,2982,6613
20210421,7호선,하계,18212,17481,35693
20210421,7호선,태릉입구,8587,8062,16649
20210421,7호선,논현,20932,22194,43126
20210421,7호선,학동,24783,26603,51386
20210421,7호선,강남구청,16603,18303,34906
20210421,7호선,청담,19871,22097,41968
20210421,7호선,뚝섬유원지,9760,9677,19437
20210421,7호선,건대입구,11315,11396,22711
20210421,7호선,어린이대공원,12313,12169,24482
20210421,7호선,군자,14559,11886,26445
20210421,7호선,중곡,10097,9193,19290
20210421,7호선,용마산,6269,5990,12259
20210421,7호선,사가정,16649,16656,33305
20210421,7호선,면목,16831,16500,33331
20210421,7호선,상봉,16991,15914,32905
20210421,7호선,중화,11205,11031,22236
20210421,7호선,먹골,10001,9810,19811
20210421,7호선,공릉,11929,11853,23782
20210421,7호선,고속터미널,14272,12722,26994
20210421,6호선,동묘앞,7995,8130,16125
20210421,6호선,청구,3781,4061,7842
20210421,6호선,독바위,2790,3008,5798
20210421,6호선,불광,4980,5080,10060
20210421,6호선,역촌,3686,4170,7856
20210421,6호선,응암,18067,17663,35730
20210421,5호선,하남검단산,4791,4665,9456
20210421,5호선,하남시청,4936,5069,10005
20210421,5호선,하남풍산,3858,3751,7609
20210421,5호선,미사,14704,14443,29147
20210421,5호선,강일,2997,3243,6240
20210421,5호선,마천,6411,6485,12896
20210421,5호선,거여,8458,8001,16459
20210421,5호선,개롱,6440,6748,13188
20210421,5호선,오금,3913,3808,7721
20210421,5호선,방이,6954,7127,14081
20210421,5호선,올림픽공원,4176,3684,7860
20210421,6호선,구산,7704,5835,13539
20210421,6호선,신당,8079,8621,16700
20210421,6호선,새절,13222,12295,25517
20210421,6호선,디지털미디어시티,14211,15443,29654
20210421,6호선,약수,3433,3585,7018
20210421,6호선,버티고개,2189,2161,4350
20210421,6호선,한강진,8192,9248,17440
20210421,6호선,이태원,8711,9034,17745
20210421,6호선,녹사평,4784,4673,9457
20210421,6호선,삼각지,5896,5267,11163
20210421,6호선,효창공원앞,7079,6384,13463
20210421,6호선,공덕,18932,18229,37161
20210421,6호선,대흥,8150,8396,16546
20210421,6호선,광흥창,8872,8740,17612
20210421,6호선,상수,7122,7819,14941
20210421,6호선,합정,12435,12314,24749
20210421,6호선,망원,13818,14955,28773
20210421,6호선,마포구청,14196,12725,26921
20210421,6호선,월드컵경기장,4851,5056,9907
20210421,6호선,증산,10132,10122,20254
20210421,경원선,가능,6603,6392,12995
20210421,3호선,일원,10194,10031,20225
20210421,경원선,양주,7740,7228,14968
20210421,우이신설선,솔샘,5655,5308,10963
20210421,우이신설선,삼양사거리,2371,2428,4799
20210421,우이신설선,삼양,1947,2062,4009
20210421,우이신설선,화계,3289,3100,6389
20210421,우이신설선,가오리,4071,3943,8014
20210421,우이신설선,4.19민주묘지,3065,2880,5945
20210421,우이신설선,북한산보국문,5858,5522,11380
20210421,우이신설선,솔밭공원,2435,2339,4774
20210421,안산선,수리산,4543,3846,8389
20210421,안산선,오이도,8839,8623,17462
20210421,안산선,정왕,9906,10289,20195
20210421,안산선,신길온천,1756,1656,3412
20210421,안산선,안산,11810,10671,22481
20210421,안산선,초지,5356,5828,11184
20210421,우이신설선,북한산우이,2905,2633,5538
20210421,우이신설선,정릉,4493,4270,8763
20210421,우이신설선,성신여대입구,2893,3319,6212
20210421,우이신설선,보문,1499,1593,3092
20210421,장항선,배방,908,898,1806
20210421,장항선,아산,2545,2428,4973
20210421,장항선,쌍용,2391,2282,4673
20210421,장항선,봉명,1254,1248,2502
20210421,일산선,대화,12919,10130,23049
20210421,일산선,주엽,8851,8867,17718
20210421,일산선,정발산,7066,7070,14136
20210421,일산선,마두,7610,8155,15765
20210421,일산선,백석,9768,9841,19609
20210421,일산선,대곡,1926,1497,3423
20210421,일산선,화정,16898,17217,34115
20210421,일산선,원당,11351,10844,22195
20210421,일산선,삼송,18391,17890,36281
20210421,일산선,원흥,10099,9658,19757
20210421,우이신설선,신설동,2234,2261,4495
20210421,안산선,고잔,8999,8689,17688
20210421,안산선,중앙,16705,17434,34139
20210421,안산선,한대앞,9473,9538,19011
20210421,안산선,상록수,16628,16854,33482
20210421,수인선,오목천,3440,3103,6543
20210421,수인선,고색,4000,3851,7851
20210421,분당선,매교,3198,3266,6464
20210421,분당선,수원시청,11817,12770,24587
20210421,분당선,매탄권선,4920,4753,9673
20210421,분당선,망포,13967,13220,27187
20210421,분당선,영통,7902,8274,16176
20210421,분당선,청명,4310,4169,8479
20210421,분당선,상갈,5427,5231,10658
20210421,분당선,기흥,9619,9053,18672
20210421,분당선,신갈,4681,4646,9327
20210421,분당선,구성,4986,5126,10112
20210421,분당선,죽전,13107,14384,27491
20210421,분당선,보정,2527,2300,4827
20210421,분당선,이매,5591,5238,10829
20210421,수인선,어천,719,722,1441
20210421,장항선,온양온천,3141,3213,6354
20210421,수인선,야목,252,189,441
20210421,수인선,달월,110,73,183
20210421,안산선,반월,4472,4341,8813
20210421,안산선,대야미,5294,4733,10027
20210421,안산선,산본,16096,17264,33360
20210421,수인선,인천,1001,1661,2662
20210421,수인선,신포,1919,1914,3833
20210421,수인선,숭의,4043,3859,7902
20210421,수인선,인하대,6276,5854,12130
20210421,수인선,송도,2694,2502,5196
20210421,수인선,연수,4640,4571,9211
20210421,수인선,원인재,4483,4665,9148
20210421,수인선,남동인더스파크,2380,2708,5088
20210421,수인선,호구포,4028,4188,8216
20210421,수인선,인천논현,5742,6079,11821
20210421,수인선,소래포구,5791,5446,11237
20210421,수인선,월곶,2592,2397,4989
20210421,수인선,사리,4225,3714,7939
20210421,장항선,신창,1349,1250,2599
20210421,중앙선,회기,23442,22781,46223
20210421,중앙선,중랑,5506,5315,10821
20210421,3호선,안국,19432,20073,39505
20210421,3호선,경복궁,18863,18597,37460
20210421,3호선,독립문,7285,7542,14827
20210421,3호선,무악재,3969,4055,8024
20210421,3호선,홍제,17685,16632,34317
20210421,3호선,녹번,15072,13798,28870
20210421,3호선,불광,16886,18215,35101
20210421,3호선,연신내,37307,35143,72450
20210421,3호선,구파발,20494,19574,40068
20210421,3호선,지축,4149,4056,8205
20210421,2호선,용두,2344,2413,4757
20210421,2호선,신정네거리,10506,10969,21475
20210421,2호선,양천구청,6995,7308,14303
20210421,2호선,도림천,1437,1474,2911
20210421,2호선,신설동,3277,3252,6529
20210421,3호선,종로3가,9738,11135,20873
20210421,2호선,신답,1661,1930,3591
20210421,3호선,을지로3가,10423,10903,21326
20210421,3호선,동대입구,7734,8304,16038
20210421,3호선,대청,10199,9271,19470
20210421,3호선,학여울,1896,1867,3763
20210421,3호선,대치,10358,10398,20756
20210421,3호선,도곡,5893,5905,11798
20210421,3호선,매봉,12665,12209,24874
20210421,3호선,양재,39309,42714,82023
20210421,3호선,남부터미널,27644,28585,56229
20210421,3호선,교대,14409,9475,23884
20210421,3호선,고속터미널,35427,33936,69363
20210421,3호선,잠원,4854,4823,9677
20210421,3호선,신사,28953,30336,59289
20210421,3호선,압구정,30724,32492,63216
20210421,3호선,옥수,9139,9596,18735
20210421,3호선,금호,8216,7852,16068
20210421,3호선,약수,12894,12544,25438
20210421,3호선,충무로,2,0,2
20210421,분당선,오리,11829,9870,21699
20210421,2호선,용답,2717,2673,5390
20210421,2호선,아현,10747,10219,20966
20210421,중앙선,오빈,330,319,649
20210421,중앙선,아신,570,616,1186
20210421,중앙선,국수,899,874,1773
20210421,중앙선,신원,250,241,491
20210421,중앙선,양수,2129,2109,4238
20210421,중앙선,운길산,992,971,1963
20210421,중앙선,팔당,978,1020,1998
20210421,중앙선,도심,2565,2088,4653
20210421,중앙선,덕소,5673,5658,11331
20210421,중앙선,양정,892,741,1633
20210421,중앙선,도농,10242,9436,19678
20210421,중앙선,구리,13627,13899,27526
20210421,중앙선,양원,1960,1900,3860
20210421,중앙선,망우,7794,7660,15454
20210421,중앙선,상봉,6083,6083,12166
20210421,중앙선,양평,2650,2825,5475
20210421,2호선,충정로,10029,10605,20634
20210421,중앙선,원덕,428,412,840
20210421,중앙선,지평,99,125,224
20210421,2호선,이대,12021,12530,24551
20210421,2호선,신촌,29737,31122,60859
20210421,2호선,홍대입구,44638,46407,91045
20210421,2호선,합정,29009,30354,59363
20210421,2호선,당산,19383,22569,41952
20210421,2호선,영등포구청,23562,23776,47338
20210421,2호선,문래,21611,22134,43745
20210421,2호선,신도림,48114,46625,94739
20210421,2호선,대림,24960,25445,50405
20210421,2호선,구로디지털단지,62024,62391,124415
20210421,2호선,신대방,26571,26057,52628
20210421,2호선,신림,61859,59836,121695
20210421,2호선,봉천,24573,22770,47343
20210421,2호선,서울대입구,46306,45375,91681
20210421,2호선,낙성대,27129,26340,53469
20210421,중앙선,용문,2094,1914,4008
20210421,분당선,미금,15910,16911,32821
20210421,경원선,녹양,4711,4533,9244
20210421,분당선,수내,12799,12928,25727
20210421,경인선,중동,9460,8972,18432
20210421,경인선,온수,7241,6948,14189
20210421,경인선,도원,3423,3451,6874
20210421,경인선,간석,6081,5739,11820
20210421,경인선,부개,8751,8231,16982
20210421,경인선,소사,9581,9207,18788
20210421,경인선,도화,4409,4140,8549
20210421,경인선,구일,6973,7106,14079
20210421,경인선,동인천,14065,13363,27428
20210421,경인선,제물포,11098,10633,21731
20210421,경인선,주안,19254,17717,36971
20210421,경인선,동암,15359,15426,30785
20210421,경인선,백운,7405,7314,14719
20210421,경인선,부평,29298,31274,60572
20210421,경인선,인천,3651,2808,6459
20210421,경춘선,신내,1740,1796,3536
20210421,경춘선,갈매,3161,2746,5907
20210421,경춘선,별내,3018,2893,5911
20210421,경춘선,남춘천,2304,2326,4630
20210421,경춘선,김유정,296,316,612
20210421,경춘선,강촌,671,618,1289
20210421,경춘선,백양리,109,112,221
20210421,경춘선,굴봉산,270,268,538
20210421,경춘선,가평,1556,1559,3115
20210421,경춘선,상천,428,400,828
20210421,경춘선,청평,1629,1670,3299
20210421,경춘선,대성리,604,510,1114
20210421,경춘선,마석,4203,4139,8342
20210421,경춘선,천마산,1774,1656,3430
20210421,경춘선,평내호평,6535,6450,12985
20210421,경춘선,금곡,1602,1598,3200
20210421,경춘선,사릉,3745,3583,7328
20210421,경춘선,퇴계원,3754,3483,7237
20210421,경인선,부천,33076,33175,66251
20210421,경인선,역곡,28715,28568,57283
20210421,경인선,오류동,12310,11748,24058
20210421,경인선,개봉,21830,22302,44132
20210421,경의선,가좌,5485,5118,10603
20210421,경의선,홍대입구,1450,1625,3075
20210421,경의선,서강대,2020,1923,3943
20210421,경의선,공덕,3469,3222,6691
20210421,경의선,효창공원앞,2918,3338,6256
20210421,경의선,신촌,843,1061,1904
20210421,경의선,서울역,4170,5342,9512
20210421,경원선,소요산,3447,2793,6240
20210421,경원선,동두천,2284,2674,4958
20210421,경원선,보산,1437,1333,2770
20210421,경원선,동두천중앙,3066,2980,6046
20210421,경원선,지행,6245,6203,12448
20210421,경원선,덕정,5823,5719,11542
20210421,경원선,덕계,3069,2849,5918
20210421,분당선,정자,16761,17816,34577
20210421,경의선,디지털미디어시티,2509,2372,4881
20210421,경춘선,춘천,1737,1624,3361
20210421,경의선,수색,2828,2958,5786
20210421,경의선,강매,3294,2927,6221
20210421,경의선,임진강,29,22,51
20210421,경의선,문산,4946,4958,9904
20210421,경의선,파주,1829,1456,3285
20210421,경의선,월롱,2033,1953,3986
20210421,경의선,금촌,6767,6650,13417
20210421,경의선,금릉,4603,4449,9052
20210421,경의선,운정,6729,6385,13114
20210421,경의선,야당,6764,6541,13305
20210421,경의선,탄현,7642,7327,14969
20210421,경의선,일산,9407,9399,18806
20210421,경의선,풍산,5470,5180,10650
20210421,경의선,백마,7147,6799,13946
20210421,경의선,곡산,643,639,1282
20210421,경의선,능곡,3963,3601,7564
20210421,경의선,행신,7827,7794,15621
20210421,경의선,화전,1986,1836,3822
20210421,공항철도 1호선,서울역,6375,5878,12253
20210421,경인선,송내,28239,28353,56592
20210421,공항철도 1호선,홍대입구,7977,8150,16127
20210421,2호선,삼성,50608,51420,102028
20210421,2호선,종합운동장,8385,9207,17592
20210421,2호선,잠실새내,20039,20080,40119
20210421,2호선,잠실,62877,62050,124927
20210421,2호선,잠실나루,14939,14491,29430
20210421,2호선,강변,28619,27938,56557
20210421,2호선,구의,23121,22808,45929
20210421,2호선,건대입구,31383,33502,64885
20210421,2호선,성수,35057,38527,73584
20210421,2호선,뚝섬,22176,23799,45975
20210421,2호선,왕십리,16063,12638,28701
20210421,2호선,상왕십리,14172,13825,27997
20210421,2호선,신당,13814,14257,28071
20210421,2호선,동대문역사문화공원,11272,12535,23807
20210421,2호선,을지로4가,12931,12829,25760
20210421,2호선,역삼,52087,57022,109109
20210421,2호선,을지로3가,21667,21494,43161
20210421,2호선,강남,80239,78917,159156
20210421,2호선,서초,22069,21873,43942
20210421,공항철도 1호선,공덕,2098,2719,4817
20210421,분당선,야탑,25707,26951,52658
20210421,분당선,모란,19720,19626,39346
20210421,분당선,태평,13588,13038,26626
20210421,분당선,가천대,10967,11979,22946
20210421,분당선,선정릉,8237,8803,17040
20210421,분당선,강남구청,9930,11325,21255
20210421,분당선,압구정로데오,17785,19673,37458
20210421,분당선,서울숲,11797,12306,24103
20210421,분당선,수원,7922,6635,14557
20210421,분당선,수서,13050,13606,26656
20210421,2호선,사당,35635,38776,74411
20210421,분당선,대모산입구,3507,3336,6843
20210421,분당선,개포동,3830,3973,7803
20210421,2호선,방배,16668,17363,34031
20210421,2호선,교대,34790,39178,73968
20210421,2호선,을지로입구,37606,38645,76251
20210421,2호선,선릉,56276,50372,106648
20210421,분당선,서현,23184,23344,46528
20210421,과천선,과천,5657,5258,10915
20210421,과천선,대공원,3327,3445,6772
20210421,과천선,경마공원,1492,1470,2962
20210421,과천선,선바위,8716,7476,16192
20210421,공항철도 1호선,영종,2870,2905,5775
20210421,공항철도 1호선,인천공항2터미널,1753,1771,3524
20210421,공항철도 1호선,인천공항1터미널,2957,3124,6081
20210421,공항철도 1호선,공항화물청사,2332,2548,4880
20210421,공항철도 1호선,운서,6008,6038,12046
20210421,공항철도 1호선,청라국제도시,6458,6156,12614
20210421,공항철도 1호선,검암,6966,6880,13846
20210421,공항철도 1호선,계양,9247,8532,17779
20210421,공항철도 1호선,김포공항,10530,6446,16976
20210421,공항철도 1호선,마곡나루,8575,8185,16760
20210421,2호선,시청,23750,22921,46671
20210421,과천선,정부과천청사,10266,10376,20642
20210421,과천선,인덕원,24503,24886,49389
20210421,공항철도 1호선,디지털미디어시티,14048,12715,26763
20210421,과천선,범계,26103,25994,52097
20210421,과천선,평촌,18268,18000,36268
20210421,1호선,제기동,17067,17408,34475
20210421,1호선,신설동,14100,13845,27945
20210421,1호선,동대문,10914,10320,21234
20210421,1호선,종로5가,22056,21302,43358
20210421,1호선,종로3가,25046,22883,47929
20210421,1호선,종각,34114,33410,67524
20210421,1호선,시청,21193,21586,42779
20210421,1호선,청량리,20170,20125,40295
20210421,1호선,서울역,39607,37714,77321
20210421,2호선,한양대,10341,11392,21733
20210421,분당선,구룡,2000,1943,3943
20210421,분당선,도곡,6276,6393,12669
20210421,분당선,한티,13189,14112,27301
20210421,분당선,선릉,13475,19931,33406
20210421,1호선,동묘앞,8622,8916,17538
20210422,경인선,부개,8676,8058,16734
20210422,경인선,소사,9474,9099,18573
20210422,경인선,구일,6713,6863,13576
20210422,경인선,인천,3793,2892,6685
20210422,경인선,동인천,13982,13045,27027
20210422,경인선,오류동,12151,11447,23598
20210422,경인선,제물포,10975,10476,21451
20210422,경인선,백운,7205,7222,14427
20210422,경인선,동암,15273,15263,30536
20210422,경인선,부평,28883,30922,59805
20210422,경인선,송내,28135,28500,56635
20210422,경인선,부천,32211,32374,64585
20210422,경인선,역곡,28179,27702,55881
20210422,경인선,간석,6096,5724,11820
20210422,경인선,주안,19388,17538,36926
20210422,경인선,도원,3202,3281,6483
20210422,경춘선,금곡,1603,1559,3162
20210422,경인선,중동,9331,8695,18026
20210422,경인선,개봉,21518,22048,43566
20210422,경춘선,굴봉산,276,278,554
20210422,경춘선,가평,1595,1639,3234
20210422,경춘선,상천,383,350,733
20210422,경춘선,청평,1623,1596,3219
20210422,경춘선,대성리,610,545,1155
20210422,경춘선,마석,4074,4042,8116
20210422,경춘선,천마산,1827,1727,3554
20210422,경춘선,평내호평,6444,6436,12880
20210422,경춘선,사릉,3693,3579,7272
20210422,경춘선,퇴계원,3779,3586,7365
20210422,경춘선,별내,2955,2840,5795
20210422,경춘선,갈매,3164,2758,5922
20210422,경춘선,신내,1746,1775,3521
20210422,경인선,도화,4218,3950,8168
20210422,경인선,온수,7103,6913,14016
20210422,경의선,임진강,19,15,34
20210422,경원선,의정부,17376,17891,35267
20210422,경의선,파주,1747,1302,3049
20210422,경의선,공덕,3475,3128,6603
20210422,경의선,효창공원앞,2914,3369,6283
20210422,경의선,신촌,839,1017,1856
20210422,경의선,서울역,4205,5316,9521
20210422,경원선,소요산,3077,2627,5704
20210422,경원선,동두천,2121,2544,4665
20210422,경원선,보산,1450,1343,2793
20210422,경원선,동두천중앙,3110,2975,6085
20210422,경원선,지행,6177,6241,12418
20210422,경원선,덕정,5883,5703,11586
20210422,경원선,덕계,3213,2824,6037
20210422,경원선,양주,7737,7188,14925
20210422,경원선,녹양,4614,4385,8999
20210422,경원선,가능,6571,6417,12988
20210422,경춘선,백양리,125,139,264
20210422,경의선,서강대,1913,1848,3761
20210422,경의선,문산,4781,4879,9660
20210422,경의선,홍대입구,1502,1690,3192
20210422,경의선,디지털미디어시티,2484,2351,4835
20210422,경의선,월롱,2051,1906,3957
20210422,경의선,금촌,5947,5983,11930
20210422,경의선,금릉,4554,4507,9061
20210422,경의선,운정,6582,6228,12810
20210422,경의선,야당,6789,6591,13380
20210422,경의선,탄현,7437,7267,14704
20210422,경의선,일산,9377,9251,18628
20210422,경의선,풍산,5474,5210,10684
20210422,경의선,백마,6953,6589,13542
20210422,경의선,곡산,644,645,1289
20210422,경의선,능곡,3865,3511,7376
20210422,경의선,행신,7784,7741,15525
20210422,경의선,강매,3238,2829,6067
20210422,경의선,화전,2166,1962,4128
20210422,경의선,수색,2801,2973,5774
20210422,경의선,가좌,5372,5035,10407
20210422,경춘선,강촌,625,582,1207
20210422,수인선,인하대,6453,6174,12627
20210422,경춘선,남춘천,3237,3057,6294
20210422,분당선,영통,7731,8016,15747
20210422,분당선,청명,4207,4049,8256
20210422,분당선,상갈,5381,5167,10548
20210422,분당선,기흥,9528,8855,18383
20210422,분당선,신갈,4446,4494,8940
20210422,분당선,구성,4858,5024,9882
20210422,분당선,죽전,12917,14316,27233
20210422,분당선,보정,2471,2161,4632
20210422,분당선,이매,5605,5168,10773
20210422,분당선,오리,11638,9801,21439
20210422,분당선,미금,15284,16207,31491
20210422,분당선,정자,16773,17778,34551
20210422,분당선,수내,12732,12790,25522
20210422,분당선,서현,23218,23230,46448
20210422,분당선,야탑,24863,25694,50557
20210422,분당선,망포,13907,13129,27036
20210422,분당선,모란,19800,19646,39446
20210422,분당선,매탄권선,4722,4678,9400
20210422,분당선,매교,3126,3210,6336
20210422,경원선,회룡,12517,12312,24829
20210422,수인선,송도,2676,2476,5152
20210422,수인선,연수,4613,4443,9056
20210422,수인선,원인재,4322,4578,8900
20210422,수인선,남동인더스파크,2336,2631,4967
20210422,수인선,호구포,3979,4133,8112
20210422,수인선,인천논현,5618,6078,11696
20210422,수인선,소래포구,5587,5311,10898
20210422,수인선,월곶,2633,2455,5088
20210422,수인선,달월,109,82,191
20210422,수인선,사리,4128,3769,7897
20210422,수인선,야목,255,224,479
20210422,수인선,어천,658,743,1401
20210422,수인선,오목천,3206,2897,6103
20210422,수인선,고색,3906,3797,7703
20210422,분당선,수원시청,11769,12597,24366
20210422,경춘선,김유정,325,360,685
20210422,분당선,태평,13408,12926,26334
20210422,분당선,선정릉,8188,8836,17024
20210422,공항철도 1호선,영종,2906,2891,5797
20210422,공항철도 1호선,인천공항2터미널,1760,1625,3385
20210422,공항철도 1호선,인천공항1터미널,2993,3009,6002
20210422,공항철도 1호선,공항화물청사,2457,2608,5065
20210422,공항철도 1호선,운서,6123,6176,12299
20210422,공항철도 1호선,청라국제도시,6548,6296,12844
20210422,공항철도 1호선,검암,7110,6893,14003
20210422,공항철도 1호선,계양,9531,8616,18147
20210422,공항철도 1호선,김포공항,10987,6788,17775
20210422,공항철도 1호선,마곡나루,8601,8292,16893
20210422,공항철도 1호선,디지털미디어시티,14012,12725,26737
20210422,공항철도 1호선,홍대입구,8314,8385,16699
20210422,공항철도 1호선,공덕,2201,2798,4999
20210422,공항철도 1호선,서울역,6701,6095,12796
20210422,경춘선,춘천,1726,1480,3206
20210422,과천선,선바위,8516,7539,16055
20210422,분당선,가천대,10784,11560,22344
20210422,과천선,경마공원,1295,1313,2608
20210422,과천선,과천,5587,5168,10755
20210422,분당선,강남구청,9802,11322,21124
20210422,분당선,압구정로데오,17876,19818,37694
20210422,분당선,서울숲,11350,11689,23039
20210422,분당선,수원,7954,6633,14587
20210422,분당선,수서,13416,13905,27321
20210422,분당선,대모산입구,3516,3334,6850
20210422,분당선,개포동,3642,3743,7385
20210422,분당선,구룡,1914,1930,3844
20210422,분당선,도곡,6081,6183,12264
20210422,분당선,한티,13077,13880,26957
20210422,분당선,선릉,13273,19829,33102
20210422,과천선,범계,25387,24841,50228
20210422,과천선,평촌,18221,17833,36054
20210422,과천선,인덕원,23962,24656,48618
20210422,과천선,정부과천청사,10149,10095,20244
20210422,과천선,대공원,3089,3153,6242
20210422,경원선,망월사,7474,7530,15004
20210422,9호선2~3단계,석촌고분,5720,5631,11351
20210422,경원선,도봉,6060,5919,11979
20210422,9호선,가양,20068,19663,39731
20210422,9호선,양천향교,9812,9904,19716
20210422,9호선,마곡나루,11275,11326,22601
20210422,9호선,신방화,6803,6577,13380
20210422,9호선,공항시장,2831,3103,5934
20210422,9호선,김포공항,7330,11286,18616
20210422,9호선,증미,7268,7198,14466
20210422,9호선,개화,2553,1729,4282
20210422,8호선,수진,4896,4538,9434
20210422,8호선,신흥,4362,4615,8977
20210422,8호선,단대오거리,10631,10133,20764
20210422,8호선,남한산성입구,15072,13970,29042
20210422,8호선,산성,6437,6459,12896
20210422,8호선,복정,11498,9932,21430
20210422,8호선,모란,4079,3189,7268
20210422,9호선,등촌,11065,10984,22049
20210422,9호선,염창,16899,16831,33730
20210422,9호선,신목동,4018,3585,7603
20210422,9호선2~3단계,언주,9872,10143,20015
20210422,9호선,신논현,29991,29963,59954
20210422,9호선,사평,3286,3166,6452
20210422,9호선,고속터미널,11350,14169,25519
20210422,9호선,신반포,3196,3154,6350
20210422,9호선,구반포,2706,2794,5500
20210422,9호선,동작,1808,1438,3246
20210422,9호선,흑석,7438,7777,15215
20210422,9호선,노들,4388,3776,8164
20210422,9호선,노량진,25965,25431,51396
20210422,9호선,샛강,5799,6127,11926
20210422,9호선,여의도,26772,25840,52612
20210422,9호선,국회의사당,15661,16214,31875
20210422,9호선,당산,17640,17707,35347
20210422,9호선,선유도,8049,7874,15923
20210422,8호선,장지,17243,16263,33506
20210422,8호선,문정,22152,23432,45584
20210422,8호선,가락시장,7876,8762,16638
20210422,8호선,송파,7773,7784,15557
20210422,7호선,가산디지털단지,47596,48072,95668
20210422,7호선,남구로,16270,17440,33710
20210422,7호선,대림,7370,7306,14676
20210422,7호선,신풍,11803,11190,22993
20210422,7호선,보라매,9902,9839,19741
20210422,7호선,신대방삼거리,16198,15730,31928
20210422,7호선,장승배기,9794,9566,19360
20210422,7호선,상도,10537,10238,20775
20210422,7호선,숭실대입구,13750,13989,27739
20210422,7호선,남성,11582,10643,22225
20210422,7호선,이수,15336,15110,30446
20210422,7호선,내방,14156,14488,28644
20210422,7호선,고속터미널,14530,12634,27164
20210422,7호선,반포,5852,5615,11467
20210422,수인선,숭의,4072,3759,7831
20210422,7호선,철산,21370,21808,43178
20210422,9호선2~3단계,선정릉,9604,10383,19987
20210422,7호선,광명사거리,22048,21633,43681
20210422,7호선,온수,11203,10306,21509
20210422,8호선,석촌,7417,8553,15970
20210422,8호선,잠실,12800,15138,27938
20210422,8호선,몽촌토성,5865,5830,11695
20210422,8호선,강동구청,10439,10740,21179
20210422,8호선,천호,14525,16690,31215
20210422,8호선,암사,18970,16608,35578
20210422,7호선,부평구청,11979,9856,21835
20210422,7호선,굴포천,8712,9355,18067
20210422,7호선,삼산체육관,5212,4716,9928
20210422,7호선,상동,12334,13067,25401
20210422,7호선,부천시청,12164,12164,24328
20210422,7호선,신중동,14378,14309,28687
20210422,7호선,춘의,9607,9483,19090
20210422,7호선,부천종합운동장,4694,4173,8867
20210422,7호선,까치울,7949,7599,15548
20210422,7호선,천왕,11655,11157,22812
20210422,9호선2~3단계,삼성중앙,6734,7102,13836
20210422,9호선2~3단계,봉은사,15691,15912,31603
20210422,9호선2~3단계,종합운동장,4067,4019,8086
20210422,경부선,직산,750,761,1511
20210422,경부선,성환,2974,2985,5959
20210422,경부선,평택,11242,10916,22158
20210422,경부선,지제,2709,2665,5374
20210422,경부선,서정리,6872,6371,13243
20210422,경부선,송탄,4091,3775,7866
20210422,경부선,진위,1571,1375,2946
20210422,경부선,오산,9232,9154,18386
20210422,경부선,오산대,3622,3394,7016
20210422,경부선,세마,2578,2401,4979
20210422,경부선,병점,14006,14221,28227
20210422,경부선,세류,2865,2700,5565
20210422,경부선,독산,16914,17872,34786
20210422,경부선,수원,33547,34967,68514
20210422,경부선,화서,7624,7363,14987
20210422,경부선,두정,5183,5104,10287
20210422,경부선,성균관대,15272,14848,30120
20210422,경부선,천안,4655,4746,9401
20210422,경부선,서동탄,1526,1280,2806
20210422,경원선,방학,9470,9293,18763
20210422,경원선,녹천,4821,4066,8887
20210422,경원선,월계,6319,6058,12377
20210422,경원선,광운대,9029,8717,17746
20210422,경원선,석계,7996,9149,17145
20210422,경원선,신이문,8488,7871,16359
20210422,경원선,외대앞,6813,6823,13636
20210422,경원선,청량리,13853,14654,28507
20210422,경원선,왕십리,12866,14313,27179
20210422,경원선,응봉,1867,1686,3553
20210422,경원선,옥수,57,28,85
20210422,경원선,한남,4197,3971,8168
20210422,경원선,서빙고,1901,1715,3616
20210422,경원선,이촌,3843,2943,6786
20210422,경부선,광명,3112,2745,5857
20210422,경부선,당정,6474,6194,12668
20210422,경원선,도봉산,8324,5485,13809
20210422,경부선,의왕,9311,9328,18639
20210422,경부선,금정,26344,26784,53128
20210422,경강선,신둔도예촌,1498,1315,2813
20210422,경강선,곤지암,2071,2087,4158
20210422,경강선,초월,2953,2884,5837
20210422,경강선,경기광주,6912,6518,13430
20210422,경강선,삼동,2320,2106,4426
20210422,3호선,경복궁,18730,18585,37315
20210422,경강선,이매,1177,1082,2259
20210422,경강선,판교,4112,4021,8133
20210422,9호선2~3단계,중앙보훈병원,10010,8807,18817
20210422,9호선2~3단계,둔촌오륜,1250,1121,2371
20210422,9호선2~3단계,올림픽공원,5518,5544,11062
20210422,9호선2~3단계,한성백제,2366,2158,4524
20210422,9호선2~3단계,송파나루,4364,4604,8968
20210422,9호선2~3단계,석촌,7823,7061,14884
20210422,9호선2~3단계,삼전,6418,6204,12622
20210422,경강선,이천,2311,2556,4867
20210422,경부선,군포,7845,7674,15519
20210422,경강선,부발,1728,1654,3382
20210422,경강선,여주,1866,1905,3771
20210422,경부선,명학,9438,9378,18816
20210422,경부선,안양,25336,25238,50574
20210422,경부선,관악,7357,6880,14237
20210422,경부선,석수,10114,9052,19166
20210422,경부선,금천구청,11899,11953,23852
20210422,경부선,가산디지털단지,18544,21535,40079
20210422,경부선,구로,19195,19687,38882
20210422,경부선,신길,9604,8086,17690
20210422,경부선,신도림,4302,4337,8639
20210422,경부선,영등포,35112,35928,71040
20210422,경부선,대방,13313,13564,26877
20210422,경부선,노량진,8324,8518,16842
20210422,경부선,용산,29684,30104,59788
20210422,경부선,남영,9614,9815,19429
20210422,경부선,서울역,4778,1572,6350
20210422,경강선,세종대왕릉,304,311,615
20210422,7호선,논현,20606,22260,42866
20210422,수인선,신포,1914,1888,3802
20210422,안산선,산본,15928,17070,32998
20210422,5호선,충정로,4855,4970,9825
20210422,5호선,애오개,6966,6989,13955
20210422,5호선,공덕,14877,15725,30602
20210422,5호선,마포,14685,15212,29897
20210422,5호선,여의나루,11994,13250,25244
20210422,5호선,여의도,28679,30105,58784
20210422,5호선,서대문,19109,19480,38589
20210422,5호선,신길,4069,4417,8486
20210422,5호선,영등포구청,4116,4155,8271
20210422,5호선,양평,7586,7558,15144
20210422,5호선,오목교,21653,23556,45209
20210422,5호선,목동,16931,18438,35369
20210422,5호선,신정,14328,11377,25705
20210422,5호선,까치산,29125,28082,57207
20210422,5호선,영등포시장,9620,9902,19522
20210422,5호선,광화문,29550,31140,60690
20210422,5호선,종로3가,11512,11515,23027
20210422,5호선,을지로4가,6119,6302,12421
20210422,5호선,굽은다리,9395,8959,18354
20210422,5호선,길동,7991,8142,16133
20210422,5호선,강동,18448,17591,36039
20210422,5호선,천호,17414,17413,34827
20210422,5호선,광나루,13012,11837,24849
20210422,5호선,아차산,14816,14547,29363
20210422,5호선,군자,11041,12171,23212
20210422,5호선,장한평,18584,18251,36835
20210422,5호선,답십리,16126,14786,30912
20210422,5호선,마장,5557,5088,10645
20210422,5호선,왕십리,4432,4724,9156
20210422,5호선,행당,8282,7368,15650
20210422,5호선,신금호,6410,6590,13000
20210422,5호선,청구,4098,3633,7731
20210422,5호선,동대문역사문화공원,2814,3239,6053
20210422,5호선,화곡,28215,26570,54785
20210422,5호선,우장산,14475,14225,28700
20210422,5호선,발산,19917,20611,40528
20210422,5호선,마곡,10193,10125,20318
20210422,4호선,명동,16652,17356,34008
20210422,4호선,충무로,25965,26960,52925
20210422,4호선,동대문역사문화공원,14032,12979,27011
20210422,4호선,동대문,20137,20854,40991
20210422,4호선,혜화,30140,29911,60051
20210422,4호선,한성대입구,13424,13060,26484
20210422,4호선,성신여대입구,19115,17935,37050
20210422,4호선,길음,20056,19478,39534
20210422,4호선,미아사거리,27319,26331,53650
20210422,4호선,미아,15064,14726,29790
20210422,4호선,수유,33052,32986,66038
20210422,3호선,오금,6182,5609,11791
20210422,3호선,경찰병원,7466,7520,14986
20210422,3호선,가락시장,9072,8863,17935
20210422,3호선,수서,16702,17054,33756
20210422,4호선,회현,23895,25138,49033
20210422,5호선,명일,8667,8824,17491
20210422,4호선,서울역,10780,14553,25333
20210422,4호선,삼각지,4940,5454,10394
20210422,5호선,송정,6752,6320,13072
20210422,5호선,김포공항,6704,6583,13287
20210422,5호선,개화산,5477,5207,10684
20210422,5호선,방화,6717,6441,13158
20210422,4호선,쌍문,29155,26873,56028
20210422,4호선,창동,25266,26893,52159
20210422,4호선,노원,18353,20272,38625
20210422,4호선,상계,19153,17893,37046
20210422,4호선,당고개,12678,11621,24299
20210422,4호선,남태령,1277,1198,2475
20210422,4호선,사당,23656,19876,43532
20210422,4호선,총신대입구,18564,20033,38597
20210422,4호선,동작,2717,2912,5629
20210422,4호선,이촌,7073,7942,15015
20210422,4호선,신용산,15377,16161,31538
20210422,4호선,숙대입구,12689,12545,25234
20210422,5호선,상일동,16251,14405,30656
20210422,5호선,둔촌동,8496,8465,16961
20210422,5호선,올림픽공원,4346,3752,8098
20210422,7호선,노원,18458,19769,38227
20210422,7호선,마들,12530,11935,24465
20210422,7호선,수락산,12840,12623,25463
20210422,7호선,도봉산,9427,11056,20483
20210422,7호선,장암,2322,940,3262
20210422,6호선,봉화산,8848,8270,17118
20210422,6호선,화랑대,11631,8994,20625
20210422,6호선,태릉입구,5340,6000,11340
20210422,6호선,석계,12346,12682,25028
20210422,6호선,돌곶이,9522,8914,18436
20210422,6호선,상월곡,6381,5702,12083
20210422,6호선,월곡,11249,11182,22431
20210422,6호선,고려대,8010,7612,15622
20210422,6호선,안암,11028,10855,21883
20210422,6호선,보문,7081,6541,13622
20210422,7호선,중계,14555,13310,27865
20210422,6호선,창신,3658,2929,6587
20210422,7호선,하계,17423,16556,33979
20210422,7호선,태릉입구,8223,7859,16082
20210422,수인선,인천,962,1674,2636
20210422,7호선,학동,24625,26251,50876
20210422,7호선,강남구청,16737,18363,35100
20210422,7호선,청담,19415,21885,41300
20210422,7호선,뚝섬유원지,9705,9689,19394
20210422,7호선,건대입구,11230,11668,22898
20210422,7호선,어린이대공원,12332,12221,24553
20210422,7호선,군자,14475,11684,26159
20210422,7호선,중곡,9987,9187,19174
20210422,7호선,용마산,6171,6003,12174
20210422,7호선,사가정,16728,16689,33417
20210422,7호선,면목,16616,16289,32905
20210422,7호선,상봉,16853,15827,32680
20210422,7호선,중화,11082,10757,21839
20210422,7호선,먹골,9990,9702,19692
20210422,7호선,공릉,11901,11758,23659
20210422,3호선,일원,10261,10096,20357
20210422,6호선,동묘앞,7809,7859,15668
20210422,6호선,청구,3864,4140,8004
20210422,6호선,연신내,1,0,1
20210422,6호선,독바위,2808,3051,5859
20210422,6호선,불광,4340,4520,8860
20210422,6호선,역촌,3624,4194,7818
20210422,6호선,응암,17541,17336,34877
20210422,5호선,하남검단산,4696,4570,9266
20210422,5호선,하남시청,4813,4837,9650
20210422,5호선,하남풍산,3855,3855,7710
20210422,5호선,미사,14627,14272,28899
20210422,5호선,강일,3047,3120,6167
20210422,5호선,마천,6313,6330,12643
20210422,5호선,거여,8264,7898,16162
20210422,5호선,개롱,6504,6764,13268
20210422,5호선,오금,3858,3712,7570
20210422,5호선,방이,6987,7173,14160
20210422,6호선,구산,7645,5701,13346
20210422,6호선,신당,8028,8606,16634
20210422,6호선,새절,13139,12240,25379
20210422,6호선,디지털미디어시티,13860,15360,29220
20210422,6호선,약수,3501,3529,7030
20210422,6호선,버티고개,2236,2163,4399
20210422,6호선,한강진,7361,8519,15880
20210422,6호선,이태원,8820,9130,17950
20210422,6호선,녹사평,4946,4726,9672
20210422,6호선,삼각지,5916,5241,11157
20210422,6호선,효창공원앞,6971,6340,13311
20210422,6호선,공덕,18988,18188,37176
20210422,6호선,대흥,7920,8233,16153
20210422,6호선,광흥창,8889,8516,17405
20210422,6호선,상수,7279,7877,15156
20210422,6호선,합정,12347,12130,24477
20210422,6호선,망원,13849,15097,28946
20210422,6호선,마포구청,13823,12491,26314
20210422,6호선,월드컵경기장,4485,4690,9175
20210422,6호선,증산,9970,9862,19832
20210422,3호선,대청,9994,9116,19110
20210422,5호선,고덕,9209,9103,18312
20210422,3호선,대치,10453,10422,20875
20210422,장항선,봉명,1258,1226,2484
20210422,장항선,쌍용,2396,2203,4599
20210422,장항선,아산,2669,2514,5183
20210422,장항선,배방,981,896,1877
20210422,장항선,온양온천,3177,3291,6468
20210422,장항선,신창,1550,1325,2875
20210422,중앙선,회기,23723,22828,46551
20210422,중앙선,중랑,5393,5238,10631
20210422,중앙선,상봉,5961,5850,11811
20210422,중앙선,망우,7713,7627,15340
20210422,중앙선,양원,1885,1897,3782
20210422,중앙선,구리,13457,13668,27125
20210422,중앙선,도농,10077,9315,19392
20210422,중앙선,양정,892,743,1635
20210422,중앙선,덕소,5576,5583,11159
20210422,일산선,대화,12550,9774,22324
20210422,중앙선,도심,2591,2019,4610
20210422,일산선,주엽,8796,8754,17550
20210422,일산선,마두,7272,7501,14773
20210422,2호선,신정네거리,10390,10840,21230
20210422,2호선,용두,2296,2324,4620
20210422,3호선,지축,4019,3880,7899
20210422,3호선,구파발,20632,19452,40084
20210422,3호선,연신내,36850,34668,71518
20210422,3호선,불광,16343,17587,33930
20210422,3호선,녹번,14944,13662,28606
20210422,3호선,홍제,17654,16570,34224
20210422,3호선,무악재,3924,3944,7868
20210422,3호선,독립문,7274,7516,14790
20210422,일산선,삼송,18457,17913,36370
20210422,일산선,원당,11009,10507,21516
20210422,일산선,화정,16619,17039,33658
20210422,일산선,대곡,1890,1459,3349
20210422,일산선,백석,9840,9929,19769
20210422,일산선,정발산,6886,6883,13769
20210422,2호선,양천구청,6753,7129,13882
20210422,중앙선,팔당,899,973,1872
20210422,중앙선,양수,1952,1955,3907
20210422,우이신설선,4.19민주묘지,2970,2936,5906
20210422,우이신설선,솔밭공원,2383,2294,4677
20210422,우이신설선,북한산우이,2817,2551,5368
20210422,안산선,수리산,4550,3896,8446
20210422,안산선,오이도,8608,8392,17000
20210422,안산선,정왕,9868,10128,19996
20210422,안산선,신길온천,1742,1605,3347
20210422,안산선,안산,11535,10501,22036
20210422,안산선,초지,5305,5758,11063
20210422,안산선,고잔,8913,8554,17467
20210422,안산선,중앙,16785,17322,34107
20210422,안산선,한대앞,9919,9869,19788
20210422,안산선,상록수,16684,16922,33606
20210422,안산선,반월,4441,4231,8672
20210422,3호선,학여울,3526,3666,7192
20210422,우이신설선,가오리,3992,3914,7906
20210422,중앙선,운길산,926,892,1818
20210422,우이신설선,화계,3284,3181,6465
20210422,우이신설선,삼양사거리,2368,2466,4834
20210422,중앙선,신원,283,285,568
20210422,중앙선,국수,829,781,1610
20210422,중앙선,아신,598,586,1184
20210422,중앙선,오빈,296,280,576
20210422,중앙선,양평,2646,2723,5369
20210422,중앙선,원덕,405,424,829
20210422,중앙선,용문,1923,1917,3840
20210422,중앙선,지평,86,93,179
20210422,일산선,원흥,9957,9629,19586
20210422,우이신설선,신설동,2258,2186,4444
20210422,우이신설선,보문,1447,1447,2894
20210422,우이신설선,성신여대입구,2997,3228,6225
20210422,우이신설선,정릉,4360,4099,8459
20210422,우이신설선,북한산보국문,5900,5690,11590
20210422,우이신설선,솔샘,5563,5320,10883
20210422,우이신설선,삼양,1994,2050,4044
20210422,2호선,도림천,1369,1401,2770
20210422,안산선,대야미,5275,4790,10065
20210422,1호선,동묘앞,8307,8749,17056
20210422,1호선,시청,21508,21688,43196
20210422,1호선,종각,33758,33256,67014
20210422,1호선,종로3가,24585,22286,46871
20210422,1호선,종로5가,22233,21283,43516
20210422,1호선,동대문,10782,10176,20958
20210422,1호선,신설동,13835,13485,27320
20210422,2호선,신설동,3123,3104,6227
20210422,1호선,제기동,17008,17417,34425
20210422,2호선,시청,23100,22490,45590
20210422,2호선,을지로3가,21334,21307,42641
20210422,2호선,을지로4가,12849,12679,25528
20210422,2호선,동대문역사문화공원,11317,12572,23889
20210422,2호선,신당,13757,14113,27870
20210422,2호선,상왕십리,14011,13719,27730
20210422,1호선,청량리,20029,19879,39908
20210422,1호선,서울역,40615,38481,79096
20210422,3호선,안국,18958,19986,38944
20210422,3호선,종로3가,9891,11376,21267
20210422,3호선,도곡,5789,5758,11547
20210422,3호선,매봉,12723,12165,24888
20210422,3호선,양재,39452,42730,82182
20210422,3호선,남부터미널,28059,28707,56766
20210422,3호선,교대,14593,9521,24114
20210422,3호선,고속터미널,35859,35021,70880
20210422,3호선,잠원,4727,4683,9410
20210422,3호선,신사,29466,30562,60028
20210422,3호선,압구정,30090,32276,62366
20210422,3호선,옥수,9077,9485,18562
20210422,3호선,금호,8104,7540,15644
20210422,3호선,약수,12887,12599,25486
20210422,3호선,동대입구,7617,8199,15816
20210422,3호선,충무로,2,0,2
20210422,3호선,을지로3가,10365,10881,21246
20210422,2호선,왕십리,15892,12672,28564
20210422,2호선,한양대,9478,10405,19883
20210422,2호선,을지로입구,37574,38529,76103
20210422,2호선,성수,34775,38185,72960
20210422,2호선,신대방,26319,25547,51866
20210422,2호선,구로디지털단지,61881,61906,123787
20210422,2호선,대림,24360,24810,49170
20210422,2호선,신도림,47360,46232,93592
20210422,2호선,문래,21615,22158,43773
20210422,2호선,뚝섬,21937,23878,45815
20210422,2호선,당산,19209,22456,41665
20210422,2호선,합정,29409,30637,60046
20210422,2호선,홍대입구,45737,48079,93816
20210422,2호선,신촌,29524,30907,60431
20210422,2호선,이대,12011,12281,24292
20210422,2호선,아현,10202,9808,20010
20210422,2호선,충정로,9993,10533,20526
20210422,2호선,용답,2650,2636,5286
20210422,2호선,신답,1551,1824,3375
20210422,2호선,신림,61551,59423,120974
20210422,2호선,봉천,24042,22124,46166
20210422,2호선,영등포구청,23276,23761,47037
20210422,2호선,낙성대,26687,25909,52596
20210422,2호선,서울대입구,46061,44807,90868
20210422,2호선,구의,23380,23002,46382
20210422,2호선,강변,28423,27534,55957
20210422,2호선,잠실나루,14673,14356,29029
20210422,2호선,잠실,62225,61665,123890
20210422,2호선,잠실새내,20106,19990,40096
20210422,2호선,종합운동장,8219,8828,17047
20210422,2호선,건대입구,31543,33372,64915
20210422,2호선,선릉,56173,50063,106236
20210422,2호선,역삼,50987,56469,107456
20210422,2호선,강남,80165,79009,159174
20210422,2호선,교대,34298,38830,73128
20210422,2호선,서초,21491,21317,42808
20210422,2호선,방배,16684,17397,34081
20210422,2호선,사당,35285,39089,74374
20210422,2호선,삼성,50871,52038,102909
20210423,5호선,발산,19496,20381,39877
20210423,5호선,우장산,14838,14471,29309
20210423,5호선,화곡,28749,26702,55451
20210423,5호선,까치산,29930,28653,58583
20210423,5호선,신정,14382,11170,25552
20210423,5호선,목동,17298,18846,36144
20210423,5호선,오목교,22450,24597,47047
20210423,5호선,신길,4018,4354,8372
20210423,5호선,영등포구청,4165,4179,8344
20210423,5호선,영등포시장,9630,9944,19574
20210423,5호선,여의도,28282,29968,58250
20210423,5호선,여의나루,13066,14618,27684
20210423,5호선,마포,14660,15131,29791
20210423,5호선,공덕,14811,15963,30774
20210423,5호선,마곡,10149,10067,20216
20210423,5호선,양평,7674,7456,15130
20210423,5호선,송정,6797,6402,13199
20210423,6호선,역촌,3696,4266,7962
20210423,5호선,개화산,5572,5330,10902
20210423,4호선,서울역,10771,16611,27382
20210423,4호선,숙대입구,13030,12635,25665
20210423,4호선,삼각지,5101,5662,10763
20210423,4호선,신용산,15916,16775,32691
20210423,4호선,이촌,7231,8020,15251
20210423,4호선,동작,2796,2890,5686
20210423,4호선,총신대입구,19326,21049,40375
20210423,4호선,사당,24996,21012,46008
20210423,4호선,남태령,1304,1092,2396
20210423,4호선,당고개,12767,11595,24362
20210423,4호선,상계,19483,18100,37583
20210423,4호선,노원,19091,21628,40719
20210423,4호선,창동,25804,27469,53273
20210423,4호선,쌍문,29932,27301,57233
20210423,5호선,방화,6818,6485,13303
20210423,5호선,김포공항,7699,7509,15208
20210423,5호선,애오개,7175,6978,14153
20210423,6호선,응암,18027,17677,35704
20210423,5호선,서대문,18776,19078,37854
20210423,5호선,고덕,9423,9204,18627
20210423,5호선,상일동,16184,14542,30726
20210423,5호선,둔촌동,8771,8735,17506
20210423,5호선,올림픽공원,4402,3772,8174
20210423,5호선,방이,6719,6924,13643
20210423,5호선,오금,3814,3734,7548
20210423,5호선,개롱,6688,6807,13495
20210423,5호선,거여,8470,8064,16534
20210423,5호선,마천,6389,6238,12627
20210423,5호선,강일,3111,3158,6269
20210423,5호선,미사,14943,14911,29854
20210423,5호선,하남풍산,3960,3939,7899
20210423,5호선,하남시청,4984,5099,10083
20210423,5호선,하남검단산,4648,4610,9258
20210423,4호선,회현,23476,25059,48535
20210423,5호선,명일,8785,8976,17761
20210423,5호선,충정로,4717,4818,9535
20210423,5호선,굽은다리,9527,9011,18538
20210423,5호선,강동,18760,17584,36344
20210423,5호선,광화문,29124,30681,59805
20210423,5호선,종로3가,12019,12616,24635
20210423,5호선,을지로4가,5916,6321,12237
20210423,5호선,동대문역사문화공원,2771,3368,6139
20210423,5호선,청구,4038,3737,7775
20210423,5호선,신금호,6665,6586,13251
20210423,5호선,행당,8330,7392,15722
20210423,5호선,왕십리,4634,5236,9870
20210423,5호선,마장,5692,5204,10896
20210423,5호선,답십리,16120,14750,30870
20210423,5호선,장한평,18778,18404,37182
20210423,5호선,군자,11400,12605,24005
20210423,5호선,아차산,15069,14595,29664
20210423,5호선,광나루,13228,11944,25172
20210423,5호선,천호,18275,18493,36768
20210423,5호선,길동,8232,8643,16875
20210423,4호선,명동,16839,17833,34672
20210423,2호선,건대입구,34376,37200,71576
20210423,4호선,동대문역사문화공원,14404,13482,27886
20210423,2호선,신림,62989,60605,123594
20210423,2호선,봉천,24351,22224,46575
20210423,2호선,서울대입구,48770,46586,95356
20210423,2호선,낙성대,27941,25776,53717
20210423,2호선,사당,37031,40270,77301
20210423,2호선,방배,16852,17509,34361
20210423,2호선,신대방,26800,25571,52371
20210423,2호선,서초,21568,20780,42348
20210423,2호선,강남,85026,84261,169287
20210423,2호선,역삼,50115,55193,105308
20210423,2호선,선릉,55264,49765,105029
20210423,2호선,삼성,51509,52143,103652
20210423,2호선,종합운동장,8583,8926,17509
20210423,2호선,잠실새내,21227,21713,42940
20210423,2호선,교대,34473,38974,73447
20210423,2호선,구로디지털단지,62390,62010,124400
20210423,2호선,대림,24629,25228,49857
20210423,2호선,신도림,49415,48964,98379
20210423,2호선,신정네거리,10640,11112,21752
20210423,2호선,양천구청,6996,7476,14472
20210423,2호선,도림천,1448,1411,2859
20210423,2호선,신설동,3230,3219,6449
20210423,2호선,신답,1632,1789,3421
20210423,2호선,용답,2664,2627,5291
20210423,2호선,충정로,9962,10528,20490
20210423,2호선,아현,10819,10305,21124
20210423,2호선,이대,12607,12946,25553
20210423,2호선,신촌,32785,33808,66593
20210423,2호선,홍대입구,51818,55896,107714
20210423,2호선,합정,31143,33494,64637
20210423,2호선,당산,19528,22735,42263
20210423,2호선,영등포구청,23606,23826,47432
20210423,2호선,문래,21670,22494,44164
20210423,2호선,잠실,65635,65095,130730
20210423,2호선,잠실나루,14597,14060,28657
20210423,2호선,강변,31588,31600,63188
20210423,2호선,구의,23635,23125,46760
20210423,1호선,서울역,44451,43306,87757
20210423,2호선,성수,35377,38871,74248
20210423,3호선,일원,10088,9659,19747
20210423,3호선,수서,18368,18449,36817
20210423,3호선,가락시장,9198,9148,18346
20210423,3호선,경찰병원,7621,7529,15150
20210423,3호선,오금,6393,5687,12080
20210423,4호선,수유,34356,34235,68591
20210423,4호선,미아,15298,14774,30072
20210423,4호선,미아사거리,28381,27465,55846
20210423,4호선,길음,20395,19662,40057
20210423,4호선,성신여대입구,20211,19266,39477
20210423,4호선,한성대입구,13930,13349,27279
20210423,4호선,혜화,30342,30323,60665
20210423,4호선,동대문,20659,21349,42008
20210423,1호선,동묘앞,8702,8966,17668
20210423,4호선,충무로,25611,26868,52479
20210423,1호선,시청,21225,21535,42760
20210423,1호선,종로3가,25883,23446,49329
20210423,2호선,뚝섬,22427,24392,46819
20210423,2호선,한양대,9308,10066,19374
20210423,2호선,왕십리,16807,13573,30380
20210423,2호선,상왕십리,14640,13816,28456
20210423,2호선,신당,13832,14278,28110
20210423,2호선,동대문역사문화공원,11638,13202,24840
20210423,2호선,을지로4가,12914,12886,25800
20210423,2호선,을지로3가,21604,21501,43105
20210423,2호선,을지로입구,37775,38685,76460
20210423,2호선,시청,23134,22344,45478
20210423,1호선,청량리,20776,21028,41804
20210423,1호선,제기동,17213,17342,34555
20210423,1호선,신설동,14135,13700,27835
20210423,1호선,동대문,11153,10631,21784
20210423,1호선,종로5가,22324,21743,44067
20210423,1호선,종각,33861,33216,67077
20210423,경강선,세종대왕릉,326,329,655
20210423,2호선,용두,2430,2457,4887
20210423,6호선,구산,7821,5725,13546
20210423,8호선,남한산성입구,14854,13376,28230
20210423,8호선,단대오거리,10881,10178,21059
20210423,8호선,신흥,4521,4839,9360
20210423,8호선,수진,5034,4466,9500
20210423,8호선,모란,4192,3304,7496
20210423,9호선,개화,2658,1752,4410
20210423,8호선,산성,6336,6238,12574
20210423,9호선,김포공항,8389,12946,21335
20210423,9호선,신방화,6906,6581,13487
20210423,9호선,마곡나루,11507,11599,23106
20210423,9호선,양천향교,9731,9783,19514
20210423,9호선,가양,20706,19767,40473
20210423,9호선,증미,7436,7268,14704
20210423,9호선,등촌,11439,11181,22620
20210423,9호선,공항시장,2946,3185,6131
20210423,8호선,복정,11641,9921,21562
20210423,8호선,장지,17193,16357,33550
20210423,8호선,문정,21903,22768,44671
20210423,7호선,춘의,9778,9432,19210
20210423,7호선,신중동,14529,14605,29134
20210423,7호선,부천시청,12712,12810,25522
20210423,7호선,상동,12470,13144,25614
20210423,7호선,삼산체육관,5188,4699,9887
20210423,7호선,굴포천,8743,9395,18138
20210423,7호선,부평구청,11842,9844,21686
20210423,8호선,암사,19177,16770,35947
20210423,8호선,천호,14898,17536,32434
20210423,8호선,강동구청,10378,10617,20995
20210423,8호선,몽촌토성,5881,6083,11964
20210423,8호선,잠실,13308,15768,29076
20210423,8호선,석촌,7622,8904,16526
20210423,8호선,송파,7842,7838,15680
20210423,8호선,가락시장,7854,8842,16696
20210423,9호선,염창,17272,16695,33967
20210423,9호선,신목동,4044,3658,7702
20210423,9호선,선유도,8103,7821,15924
20210423,9호선,당산,18355,18291,36646
20210423,9호선2~3단계,석촌,8082,7130,15212
20210423,9호선2~3단계,송파나루,4610,5049,9659
20210423,9호선2~3단계,한성백제,2449,2221,4670
20210423,9호선2~3단계,올림픽공원,5728,5739,11467
20210423,9호선2~3단계,둔촌오륜,1305,1119,2424
20210423,9호선2~3단계,중앙보훈병원,9780,8468,18248
20210423,경강선,판교,4284,4323,8607
20210423,경강선,이매,1156,1041,2197
20210423,경강선,삼동,2424,2188,4612
20210423,경강선,경기광주,7165,6785,13950
20210423,경강선,초월,3143,2917,6060
20210423,경강선,곤지암,2196,2180,4376
20210423,경강선,신둔도예촌,1554,1334,2888
20210423,경강선,이천,2719,2769,5488
20210423,경강선,부발,2337,1805,4142
20210423,9호선2~3단계,석촌고분,5842,5760,11602
20210423,7호선,부천종합운동장,4964,4167,9131
20210423,9호선2~3단계,삼전,6547,6263,12810
20210423,9호선2~3단계,봉은사,15804,16227,32031
20210423,9호선,국회의사당,15488,15797,31285
20210423,9호선,여의도,27424,25808,53232
20210423,9호선,샛강,5767,6030,11797
20210423,9호선,노량진,26976,26417,53393
20210423,9호선,노들,4463,3718,8181
20210423,9호선,흑석,7715,7967,15682
20210423,9호선,동작,1860,1436,3296
20210423,9호선,구반포,2864,2922,5786
20210423,9호선,신반포,3433,3355,6788
20210423,9호선,고속터미널,12870,17316,30186
20210423,9호선,사평,3430,3293,6723
20210423,9호선,신논현,32801,32981,65782
20210423,9호선2~3단계,언주,10000,10327,20327
20210423,9호선2~3단계,선정릉,9884,10620,20504
20210423,9호선2~3단계,삼성중앙,6747,6956,13703
20210423,9호선2~3단계,종합운동장,4144,4278,8422
20210423,7호선,까치울,7848,7688,15536
20210423,7호선,온수,11102,10325,21427
20210423,7호선,천왕,11693,10984,22677
20210423,6호선,신당,7879,8216,16095
20210423,6호선,동묘앞,8002,7968,15970
20210423,6호선,창신,3586,2865,6451
20210423,6호선,보문,7199,6564,13763
20210423,6호선,안암,10692,10268,20960
20210423,6호선,고려대,8089,7630,15719
20210423,6호선,월곡,11360,11206,22566
20210423,6호선,상월곡,6312,5635,11947
20210423,6호선,돌곶이,9359,8452,17811
20210423,6호선,석계,12284,12642,24926
20210423,6호선,태릉입구,5438,5878,11316
20210423,6호선,화랑대,11299,8720,20019
20210423,6호선,봉화산,8863,8263,17126
20210423,7호선,장암,2342,974,3316
20210423,7호선,도봉산,9118,10652,19770
20210423,6호선,청구,3968,4180,8148
20210423,7호선,수락산,13084,12790,25874
20210423,6호선,약수,3581,3719,7300
20210423,6호선,한강진,8816,10040,18856
20210423,6호선,새절,13395,12454,25849
20210423,6호선,증산,10109,9900,20009
20210423,6호선,디지털미디어시티,13972,14979,28951
20210423,6호선,월드컵경기장,4607,4710,9317
20210423,6호선,마포구청,14168,12632,26800
20210423,6호선,망원,14369,15755,30124
20210423,6호선,합정,13189,13238,26427
20210423,6호선,상수,7908,9038,16946
20210423,6호선,광흥창,9032,8756,17788
20210423,6호선,대흥,7956,8218,16174
20210423,6호선,공덕,19043,18496,37539
20210423,6호선,효창공원앞,7056,6246,13302
20210423,6호선,삼각지,6078,5184,11262
20210423,6호선,녹사평,5322,5299,10621
20210423,6호선,이태원,10372,11104,21476
20210423,6호선,버티고개,2282,2172,4454
20210423,6호선,독바위,2794,2896,5690
20210423,7호선,마들,12748,12011,24759
20210423,7호선,중계,14454,12976,27430
20210423,7호선,고속터미널,16988,14299,31287
20210423,7호선,내방,14284,14640,28924
20210423,7호선,이수,15911,15392,31303
20210423,7호선,남성,11489,10521,22010
20210423,7호선,숭실대입구,12751,12700,25451
20210423,7호선,상도,10797,10245,21042
20210423,7호선,장승배기,10041,9507,19548
20210423,7호선,신대방삼거리,16456,15845,32301
20210423,7호선,보라매,9923,9774,19697
20210423,7호선,신풍,11861,11303,23164
20210423,7호선,대림,7461,7662,15123
20210423,7호선,남구로,16083,17156,33239
20210423,7호선,가산디지털단지,47494,47333,94827
20210423,7호선,철산,21873,22768,44641
20210423,7호선,광명사거리,22789,22393,45182
20210423,7호선,반포,6020,5827,11847
20210423,7호선,노원,19374,21146,40520
20210423,7호선,논현,21142,22816,43958
20210423,7호선,강남구청,16902,18629,35531
20210423,7호선,하계,17601,16333,33934
20210423,7호선,공릉,11999,11903,23902
20210423,7호선,태릉입구,8456,7937,16393
20210423,7호선,먹골,10125,9911,20036
20210423,7호선,중화,11097,10903,22000
20210423,7호선,상봉,17318,16251,33569
20210423,7호선,면목,16621,15911,32532
20210423,7호선,사가정,16769,16837,33606
20210423,7호선,용마산,6199,5954,12153
20210423,7호선,중곡,10103,9208,19311
20210423,7호선,군자,14985,11811,26796
20210423,7호선,어린이대공원,12569,12294,24863
20210423,7호선,건대입구,11652,12140,23792
20210423,7호선,뚝섬유원지,10095,9930,20025
20210423,7호선,청담,19622,21777,41399
20210423,7호선,학동,24067,25961,50028
20210423,3호선,지축,4045,3922,7967
20210423,6호선,불광,4586,4526,9112
20210423,3호선,연신내,38204,35737,73941
20210423,경의선,임진강,31,17,48
20210423,경인선,개봉,22105,22511,44616
20210423,경인선,오류동,12372,11426,23798
20210423,경인선,역곡,28837,28686,57523
20210423,경인선,부천,33628,34303,67931
20210423,경인선,송내,28266,28294,56560
20210423,경의선,문산,5263,5246,10509
20210423,경인선,부평,31139,34157,65296
20210423,경인선,동암,15618,15725,31343
20210423,경인선,주안,19926,18044,37970
20210423,경인선,제물포,11537,10775,22312
20210423,경인선,동인천,14231,13424,27655
20210423,경인선,인천,3468,2687,6155
20210423,경인선,구일,8162,8421,16583
20210423,경인선,백운,7328,7213,14541
20210423,경의선,파주,1379,929,2308
20210423,경의선,월롱,2303,1968,4271
20210423,경의선,금촌,6633,6540,13173
20210423,경의선,가좌,5545,5214,10759
20210423,경의선,디지털미디어시티,2639,2481,5120
20210423,경의선,수색,2895,2936,5831
20210423,경의선,화전,1903,1753,3656
20210423,경의선,강매,3251,2875,6126
20210423,경의선,행신,8030,8069,16099
20210423,경의선,능곡,3890,3536,7426
20210423,경의선,곡산,593,659,1252
20210423,경의선,백마,7058,6824,13882
20210423,경의선,풍산,5716,5458,11174
20210423,경의선,일산,10446,10529,20975
20210423,경의선,탄현,7661,7516,15177
20210423,경의선,야당,7052,7020,14072
20210423,경의선,운정,6723,6413,13136
20210423,경의선,금릉,4733,4677,9410
20210423,경인선,소사,9380,8903,18283
20210423,경인선,부개,8769,8236,17005
20210423,경인선,간석,6155,5921,12076
20210423,경인선,도원,3372,3445,6817
20210423,경춘선,김유정,321,371,692
20210423,경춘선,남춘천,2753,2577,5330
20210423,경춘선,춘천,1836,1371,3207
20210423,공항철도 1호선,서울역,8058,7806,15864
20210423,공항철도 1호선,공덕,2218,2933,5151
20210423,공항철도 1호선,홍대입구,9550,9672,19222
20210423,공항철도 1호선,디지털미디어시티,14153,12587,26740
20210423,공항철도 1호선,마곡나루,8267,7976,16243
20210423,공항철도 1호선,김포공항,13038,7322,20360
20210423,공항철도 1호선,계양,9411,8593,18004
20210423,공항철도 1호선,검암,7177,7063,14240
20210423,공항철도 1호선,청라국제도시,6672,6316,12988
20210423,공항철도 1호선,운서,6292,6127,12419
20210423,공항철도 1호선,공항화물청사,2292,2424,4716
20210423,공항철도 1호선,인천공항1터미널,2957,3220,6177
20210423,경춘선,강촌,512,508,1020
20210423,경의선,홍대입구,1691,2016,3707
20210423,경춘선,백양리,128,122,250
20210423,경춘선,가평,1709,1770,3479
20210423,경인선,온수,7306,6927,14233
20210423,경인선,중동,9241,8752,17993
20210423,경인선,도화,4374,4011,8385
20210423,경춘선,신내,1760,1807,3567
20210423,경춘선,갈매,3203,2823,6026
20210423,경춘선,별내,2992,2948,5940
20210423,경춘선,퇴계원,3770,3551,7321
20210423,경춘선,사릉,3660,3508,7168
20210423,경춘선,금곡,1645,1575,3220
20210423,경춘선,평내호평,6640,6737,13377
20210423,경춘선,천마산,1786,1599,3385
20210423,경춘선,마석,4530,4622,9152
20210423,경춘선,대성리,539,521,1060
20210423,경춘선,청평,1654,1836,3490
20210423,경춘선,상천,346,341,687
20210423,경춘선,굴봉산,204,224,428
20210423,경의선,서강대,2162,2043,4205
20210423,경의선,공덕,3601,3242,6843
20210423,경의선,효창공원앞,2909,3293,6202
20210423,경부선,성균관대,15809,15343,31152
20210423,경부선,화서,7544,7406,14950
20210423,경부선,수원,36919,39767,76686
20210423,경부선,독산,16930,17735,34665
20210423,경부선,세류,3062,2976,6038
20210423,경부선,병점,15230,15112,30342
20210423,경부선,세마,2899,2589,5488
20210423,경부선,오산대,3630,3389,7019
20210423,경부선,오산,10504,10125,20629
20210423,경부선,진위,1878,1457,3335
20210423,경부선,송탄,4643,4162,8805
20210423,경부선,서정리,7045,6037,13082
20210423,경부선,지제,3367,3208,6575
20210423,경부선,평택,13074,12218,25292
20210423,경부선,성환,3593,3241,6834
20210423,경부선,의왕,9549,9422,18971
20210423,경부선,직산,815,797,1612
20210423,경부선,군포,7651,7658,15309
20210423,경부선,명학,9442,9255,18697
20210423,우이신설선,가오리,4095,4089,8184
20210423,경부선,서울역,6356,2187,8543
20210423,경부선,남영,9388,9692,19080
20210423,경부선,용산,34779,35935,70714
20210423,경부선,노량진,9145,9147,18292
20210423,경부선,대방,13346,13541,26887
20210423,경부선,영등포,38710,41016,79726
20210423,경부선,신도림,4360,4339,8699
20210423,경부선,신길,9744,8079,17823
20210423,경부선,구로,19596,20186,39782
20210423,경부선,가산디지털단지,18673,21473,40146
20210423,경부선,금천구청,12189,12398,24587
20210423,경부선,석수,10362,9094,19456
20210423,경부선,관악,7485,6889,14374
20210423,경부선,안양,25495,26014,51509
20210423,경부선,금정,27143,27264,54407
20210423,공항철도 1호선,인천공항2터미널,1785,1787,3572
20210423,경부선,두정,6290,6057,12347
20210423,경부선,당정,6481,6099,12580
20210423,경원선,망월사,7425,7574,14999
20210423,경원선,회룡,12492,12581,25073
20210423,경원선,의정부,18372,19083,37455
20210423,경원선,가능,6618,6415,13033
20210423,경원선,녹양,4691,4410,9101
20210423,경원선,양주,7802,7254,15056
20210423,경원선,덕계,3027,2774,5801
20210423,경원선,덕정,6098,5681,11779
20210423,경원선,지행,6739,6700,13439
20210423,경원선,동두천중앙,3132,3069,6201
20210423,경원선,보산,1766,1463,3229
20210423,경원선,동두천,2143,2510,4653
20210423,경원선,소요산,2932,2389,5321
20210423,경의선,서울역,4345,5295,9640
20210423,경의선,신촌,880,1124,2004
20210423,경원선,도봉산,7894,5043,12937
20210423,경부선,천안,5646,5765,11411
20210423,경원선,도봉,6042,5795,11837
20210423,경원선,창동,1,0,1
20210423,경부선,서동탄,1583,1419,3002
20210423,경부선,광명,3513,3274,6787
20210423,경원선,이촌,3971,3009,6980
20210423,경원선,서빙고,1927,1706,3633
20210423,경원선,한남,4314,4051,8365
20210423,경원선,옥수,68,33,101
20210423,경원선,응봉,1911,1572,3483
20210423,경원선,왕십리,14320,15821,30141
20210423,경원선,청량리,15863,17290,33153
20210423,경원선,외대앞,7224,7058,14282
20210423,경원선,신이문,8572,7833,16405
20210423,경원선,석계,8201,9369,17570
20210423,경원선,광운대,8923,8297,17220
20210423,경원선,월계,6432,5970,12402
20210423,경원선,녹천,4667,3883,8550
20210423,경원선,방학,9795,9453,19248
20210423,공항철도 1호선,영종,2915,3112,6027
20210423,3호선,구파발,20733,19573,40306
20210423,과천선,경마공원,1239,1262,2501
20210423,장항선,쌍용,2370,2099,4469
20210423,장항선,아산,3295,3415,6710
20210423,장항선,배방,1097,1027,2124
20210423,장항선,온양온천,3464,3709,7173
20210423,장항선,신창,2164,1509,3673
20210423,중앙선,회기,24653,23268,47921
20210423,장항선,봉명,1296,1202,2498
20210423,중앙선,중랑,5578,5300,10878
20210423,중앙선,망우,7811,7797,15608
20210423,중앙선,양원,1897,1875,3772
20210423,중앙선,구리,13832,14320,28152
20210423,중앙선,도농,10209,9322,19531
20210423,중앙선,양정,888,790,1678
20210423,중앙선,덕소,5791,5874,11665
20210423,중앙선,상봉,6463,6385,12848
20210423,일산선,대화,12629,10148,22777
20210423,일산선,주엽,8928,8984,17912
20210423,일산선,정발산,7233,7536,14769
20210423,우이신설선,삼양,1971,2095,4066
20210423,우이신설선,삼양사거리,2376,2352,4728
20210423,우이신설선,솔샘,5663,5231,10894
20210423,우이신설선,북한산보국문,5893,5498,11391
20210423,우이신설선,정릉,4560,4146,8706
20210423,우이신설선,성신여대입구,3205,3432,6637
20210423,우이신설선,보문,1457,1457,2914
20210423,우이신설선,신설동,2180,2151,4331
20210423,일산선,원흥,10273,9619,19892
20210423,일산선,삼송,18637,18038,36675
20210423,일산선,원당,11248,10726,21974
20210423,일산선,화정,16991,17474,34465
20210423,일산선,대곡,1940,1498,3438
20210423,일산선,백석,9917,10117,20034
20210423,일산선,마두,7537,7836,15373
20210423,중앙선,팔당,1043,1020,2063
20210423,중앙선,운길산,919,848,1767
20210423,중앙선,양수,2012,2089,4101
20210423,중앙선,신원,266,260,526
20210423,3호선,옥수,9601,9884,19485
20210423,3호선,금호,8473,7967,16440
20210423,3호선,약수,13224,12764,25988
20210423,3호선,동대입구,7580,8088,15668
20210423,3호선,충무로,1,0,1
20210423,3호선,을지로3가,10596,11178,21774
20210423,3호선,종로3가,9853,11663,21516
20210423,3호선,안국,19368,20413,39781
20210423,3호선,경복궁,19290,19115,38405
20210423,3호선,독립문,7340,7361,14701
20210423,3호선,무악재,3973,3936,7909
20210423,3호선,홍제,17748,16635,34383
20210423,3호선,녹번,15127,13483,28610
20210423,3호선,불광,16486,17569,34055
20210423,과천선,선바위,8696,7020,15716
20210423,3호선,압구정,32685,35104,67789
20210423,우이신설선,화계,3299,3071,6370
20210423,3호선,신사,31595,33607,65202
20210423,3호선,고속터미널,42403,45590,87993
20210423,중앙선,국수,864,889,1753
20210423,중앙선,아신,647,675,1322
20210423,중앙선,오빈,300,295,595
20210423,중앙선,양평,3935,4195,8130
20210423,중앙선,원덕,419,438,857
20210423,중앙선,용문,1883,2160,4043
20210423,중앙선,지평,77,90,167
20210423,3호선,대청,10195,9340,19535
20210423,3호선,학여울,3432,3644,7076
20210423,3호선,대치,11040,10832,21872
20210423,3호선,도곡,5965,5898,11863
20210423,3호선,매봉,12499,11941,24440
20210423,3호선,양재,40794,43128,83922
20210423,3호선,남부터미널,29945,30483,60428
20210423,3호선,교대,14576,9442,24018
20210423,3호선,잠원,5043,4941,9984
20210423,경강선,여주,2035,2098,4133
20210423,중앙선,도심,2513,2021,4534
20210423,우이신설선,솔밭공원,2404,2288,4692
20210423,분당선,모란,20292,20181,40473
20210423,분당선,야탑,25695,27238,52933
20210423,분당선,서현,24414,24318,48732
20210423,분당선,수내,13166,13281,26447
20210423,분당선,정자,17336,18514,35850
20210423,분당선,미금,15892,16717,32609
20210423,분당선,오리,11840,9942,21782
20210423,분당선,이매,5628,5254,10882
20210423,분당선,보정,2504,2191,4695
20210423,분당선,죽전,13901,14720,28621
20210423,분당선,구성,4890,5067,9957
20210423,분당선,신갈,4621,4546,9167
20210423,분당선,기흥,9444,8972,18416
20210423,분당선,상갈,5466,5225,10691
20210423,분당선,청명,4401,4070,8471
20210423,분당선,가천대,9856,10499,20355
20210423,분당선,영통,8287,8581,16868
20210423,분당선,선정릉,8219,8899,17118
20210423,분당선,압구정로데오,20141,22708,42849
20210423,우이신설선,4.19민주묘지,2916,2711,5627
20210423,과천선,과천,5754,5222,10976
20210423,과천선,정부과천청사,10258,10171,20429
20210423,과천선,인덕원,24569,24767,49336
20210423,과천선,평촌,18039,17781,35820
20210423,과천선,범계,26039,26013,52052
20210423,분당선,선릉,13290,19937,33227
20210423,분당선,한티,14012,14641,28653
20210423,분당선,도곡,6358,6404,12762
20210423,분당선,구룡,2168,1974,4142
20210423,분당선,개포동,3839,4001,7840
20210423,분당선,대모산입구,3522,3342,6864
20210423,분당선,수서,14677,15762,30439
20210423,분당선,수원,8621,7319,15940
20210423,분당선,서울숲,11699,11911,23610
20210423,분당선,강남구청,10376,11702,22078
20210423,분당선,망포,14822,13605,28427
20210423,분당선,태평,13624,13249,26873
20210423,과천선,대공원,3012,3181,6193
20210423,수인선,인천,976,1728,2704
20210423,안산선,산본,16360,17900,34260
20210423,안산선,대야미,5193,4573,9766
20210423,안산선,반월,4617,4357,8974
20210423,안산선,상록수,16858,16867,33725
20210423,안산선,한대앞,9642,9483,19125
20210423,안산선,중앙,17615,18815,36430
20210423,안산선,고잔,9139,8866,18005
20210423,안산선,초지,4890,5178,10068
20210423,안산선,안산,12067,10880,22947
20210423,안산선,신길온천,1770,1647,3417
20210423,안산선,정왕,10024,9929,19953
20210423,안산선,오이도,8799,8759,17558
20210423,안산선,수리산,4495,3662,8157
20210423,분당선,매탄권선,5059,4765,9824
20210423,수인선,신포,1920,1991,3911
20210423,수인선,숭의,4097,3758,7855
20210423,우이신설선,북한산우이,2712,2493,5205
20210423,수인선,송도,2677,2459,5136
20210423,수인선,인하대,6553,6019,12572
20210423,분당선,매교,2830,2847,5677
20210423,수인선,고색,4117,3900,8017
20210423,수인선,오목천,3295,2928,6223
20210423,수인선,어천,836,765,1601
20210423,수인선,야목,283,212,495
20210423,수인선,사리,4236,3882,8118
20210423,수인선,달월,90,68,158
20210423,분당선,수원시청,12611,14221,26832
20210423,수인선,소래포구,5490,5374,10864
20210423,수인선,인천논현,5807,6293,12100
20210423,수인선,호구포,4064,4209,8273
20210423,수인선,남동인더스파크,2369,2647,5016
20210423,수인선,원인재,4571,4661,9232
20210423,수인선,연수,4638,4596,9234
20210423,수인선,월곶,2586,2474,5060
20210426,6호선,창신,3617,3032,6649
20210426,6호선,동묘앞,7903,8181,16084
20210426,6호선,신당,7348,8102,15450
20210426,6호선,청구,3739,4119,7858
20210426,6호선,약수,3538,3565,7103
20210426,6호선,광흥창,8876,8690,17566
20210426,6호선,버티고개,2250,2180,4430
20210426,6호선,녹사평,4512,4342,8854
20210426,6호선,이태원,8577,8780,17357
20210426,6호선,삼각지,5529,4759,10288
20210426,6호선,효창공원앞,6893,6339,13232
20210426,6호선,공덕,18730,18105,36835
20210426,6호선,대흥,7894,8216,16110
20210426,6호선,보문,7119,6593,13712
20210426,6호선,한강진,6431,7321,13752
20210426,6호선,안암,10165,10593,20758
20210426,6호선,신내,1,0,1
20210426,6호선,월곡,11155,11084,22239
20210426,6호선,상수,6737,7437,14174
20210426,7호선,공릉,11822,11772,23594
20210426,7호선,하계,17487,16420,33907
20210426,7호선,중계,14416,13328,27744
20210426,7호선,노원,18998,20191,39189
20210426,7호선,마들,12443,11804,24247
20210426,7호선,수락산,12690,12631,25321
20210426,7호선,도봉산,9267,10888,20155
20210426,7호선,장암,2397,904,3301
20210426,6호선,봉화산,8760,8271,17031
20210426,6호선,화랑대,11349,8701,20050
20210426,6호선,태릉입구,5178,5870,11048
20210426,6호선,석계,12197,12666,24863
20210426,6호선,돌곶이,9270,8676,17946
20210426,6호선,상월곡,6202,5662,11864
20210426,6호선,고려대,7926,7652,15578
20210426,6호선,합정,11900,11659,23559
20210426,5호선,마장,5527,5108,10635
20210426,6호선,마포구청,13822,12415,26237
20210426,5호선,올림픽공원,4262,3781,8043
20210426,5호선,둔촌동,8411,8431,16842
20210426,5호선,상일동,16035,14511,30546
20210426,5호선,고덕,9361,9195,18556
20210426,5호선,명일,8764,8968,17732
20210426,5호선,굽은다리,9436,8992,18428
20210426,5호선,길동,7976,8231,16207
20210426,5호선,강동,18297,17495,35792
20210426,5호선,천호,17202,17402,34604
20210426,5호선,광나루,12790,11757,24547
20210426,5호선,아차산,14042,13831,27873
20210426,5호선,군자,10635,11858,22493
20210426,5호선,장한평,18378,18112,36490
20210426,5호선,답십리,15841,14632,30473
20210426,7호선,태릉입구,8041,7769,15810
20210426,5호선,방이,6730,6927,13657
20210426,6호선,망원,13305,14214,27519
20210426,5호선,오금,3944,3827,7771
20210426,5호선,거여,8357,8072,16429
20210426,6호선,월드컵경기장,4507,4683,9190
20210426,6호선,디지털미디어시티,13942,15054,28996
20210426,6호선,증산,9909,9781,19690
20210426,6호선,새절,12973,12170,25143
20210426,6호선,구산,7646,5809,13455
20210426,6호선,독바위,2796,2964,5760
20210426,6호선,불광,4226,4346,8572
20210426,6호선,역촌,3643,4179,7822
20210426,6호선,응암,17603,17346,34949
20210426,5호선,하남검단산,4674,4478,9152
20210426,5호선,하남시청,4941,4894,9835
20210426,5호선,하남풍산,3802,3719,7521
20210426,5호선,미사,14382,14190,28572
20210426,5호선,강일,3036,3236,6272
20210426,5호선,마천,6350,6273,12623
20210426,5호선,개롱,6501,6694,13195
20210426,7호선,먹골,9855,9609,19464
20210426,9호선,노량진,25271,24972,50243
20210426,7호선,상봉,16682,15695,32377
20210426,8호선,신흥,4420,4675,9095
20210426,8호선,단대오거리,10695,10239,20934
20210426,8호선,남한산성입구,14574,13757,28331
20210426,8호선,산성,6349,6407,12756
20210426,8호선,복정,11166,9747,20913
20210426,8호선,장지,16497,15826,32323
20210426,8호선,문정,22212,23459,45671
20210426,8호선,가락시장,7549,8500,16049
20210426,8호선,송파,7612,7643,15255
20210426,8호선,잠실,12380,14569,26949
20210426,8호선,몽촌토성,5711,5818,11529
20210426,8호선,강동구청,10292,10905,21197
20210426,8호선,천호,14299,16450,30749
20210426,8호선,암사,18906,16741,35647
20210426,7호선,부평구청,12081,10031,22112
20210426,8호선,수진,4885,4655,9540
20210426,7호선,굴포천,8553,9110,17663
20210426,8호선,모란,4164,3128,7292
20210426,9호선,김포공항,7927,10689,18616
20210426,5호선,왕십리,4452,4711,9163
20210426,9호선,샛강,5797,6085,11882
20210426,9호선,여의도,26238,25484,51722
20210426,9호선,국회의사당,15332,15937,31269
20210426,9호선,당산,17148,17336,34484
20210426,9호선,선유도,7913,7658,15571
20210426,9호선,신목동,3931,3547,7478
20210426,9호선,염창,16781,16635,33416
20210426,9호선,등촌,10988,10904,21892
20210426,9호선,증미,7397,7340,14737
20210426,9호선,가양,19934,19599,39533
20210426,9호선,양천향교,9379,9617,18996
20210426,9호선,마곡나루,11088,11047,22135
20210426,9호선,신방화,6765,6585,13350
20210426,9호선,공항시장,2872,3135,6007
20210426,9호선,개화,2638,1798,4436
20210426,7호선,중화,10987,10867,21854
20210426,7호선,삼산체육관,5188,4751,9939
20210426,7호선,부천시청,12078,12057,24135
20210426,7호선,내방,13975,14246,28221
20210426,7호선,고속터미널,15222,12731,27953
20210426,7호선,반포,5642,5545,11187
20210426,7호선,논현,20734,22133,42867
20210426,7호선,학동,24406,25854,50260
20210426,7호선,강남구청,15911,17305,33216
20210426,7호선,청담,19258,21250,40508
20210426,7호선,뚝섬유원지,10041,9725,19766
20210426,7호선,건대입구,11335,11892,23227
20210426,7호선,어린이대공원,12799,13149,25948
20210426,7호선,군자,14351,11584,25935
20210426,7호선,중곡,10070,9134,19204
20210426,7호선,용마산,6175,5969,12144
20210426,7호선,사가정,16308,16378,32686
20210426,7호선,면목,15989,15526,31515
20210426,7호선,이수,14999,14566,29565
20210426,7호선,상동,11944,12360,24304
20210426,7호선,남성,11086,10392,21478
20210426,7호선,상도,10339,10169,20508
20210426,7호선,신중동,14111,13864,27975
20210426,7호선,춘의,9631,9607,19238
20210426,7호선,부천종합운동장,4719,4107,8826
20210426,7호선,까치울,7760,7501,15261
20210426,7호선,온수,11333,10383,21716
20210426,7호선,천왕,11653,11150,22803
20210426,7호선,광명사거리,22250,21870,44120
20210426,7호선,철산,21790,22062,43852
20210426,7호선,가산디지털단지,47975,48165,96140
20210426,7호선,남구로,16800,17603,34403
20210426,7호선,대림,7766,7503,15269
20210426,7호선,신풍,11760,11200,22960
20210426,7호선,보라매,9794,9819,19613
20210426,7호선,신대방삼거리,16287,15792,32079
20210426,7호선,장승배기,9567,9386,18953
20210426,7호선,숭실대입구,12593,13104,25697
20210426,5호선,행당,7987,7266,15253
20210426,3호선,금호,8118,7678,15796
20210426,5호선,청구,4059,3624,7683
20210426,2호선,신촌,29728,30971,60699
20210426,2호선,홍대입구,44478,45864,90342
20210426,2호선,합정,28000,29069,57069
20210426,2호선,당산,18827,22191,41018
20210426,2호선,영등포구청,23174,23497,46671
20210426,2호선,문래,21283,21890,43173
20210426,2호선,이대,12200,12705,24905
20210426,2호선,신도림,46596,45255,91851
20210426,2호선,구로디지털단지,61564,61874,123438
20210426,2호선,신대방,26199,25751,51950
20210426,2호선,신림,60921,59223,120144
20210426,2호선,봉천,24004,22663,46667
20210426,2호선,서울대입구,45939,45256,91195
20210426,2호선,낙성대,26506,26314,52820
20210426,2호선,대림,24832,25224,50056
20210426,2호선,아현,10225,9892,20117
20210426,2호선,충정로,10033,10518,20551
20210426,2호선,용답,2763,2759,5522
20210426,3호선,경복궁,17790,17477,35267
20210426,3호선,독립문,7188,7530,14718
20210426,3호선,무악재,3829,3920,7749
20210426,3호선,홍제,17519,16707,34226
20210426,3호선,녹번,14859,13835,28694
20210426,3호선,불광,16358,17430,33788
20210426,3호선,연신내,37266,35228,72494
20210426,3호선,구파발,20368,19292,39660
20210426,3호선,지축,4045,3879,7924
20210426,2호선,용두,2305,2423,4728
20210426,2호선,신정네거리,10390,10714,21104
20210426,2호선,양천구청,6876,7273,14149
20210426,2호선,도림천,1449,1474,2923
20210426,2호선,신설동,3166,3150,6316
20210426,2호선,신답,1553,1859,3412
20210426,2호선,사당,33374,37257,70631
20210426,2호선,방배,16791,17664,34455
20210426,2호선,서초,20978,20729,41707
20210426,2호선,교대,33458,37841,71299
20210426,2호선,을지로3가,20852,20610,41462
20210426,2호선,을지로입구,36643,37417,74060
20210426,2호선,시청,22222,21405,43627
20210426,1호선,청량리,20166,19914,40080
20210426,1호선,제기동,17082,17404,34486
20210426,1호선,신설동,14013,13851,27864
20210426,1호선,동대문,10919,10574,21493
20210426,1호선,종로5가,21770,21699,43469
20210426,1호선,종로3가,24187,22054,46241
20210426,1호선,종각,33582,32723,66305
20210426,1호선,시청,20603,20542,41145
20210426,1호선,동묘앞,8054,8516,16570
20210426,경원선,창동,2,0,2
20210426,1호선,서울역,40245,37827,78072
20210426,9호선,노들,4267,3754,8021
20210426,2호선,을지로4가,12603,12572,25175
20210426,3호선,안국,18373,18810,37183
20210426,2호선,동대문역사문화공원,11306,12321,23627
20210426,2호선,상왕십리,14156,13703,27859
20210426,2호선,강남,79039,78186,157225
20210426,2호선,역삼,50835,55790,106625
20210426,2호선,선릉,56332,50012,106344
20210426,2호선,삼성,46054,47186,93240
20210426,2호선,종합운동장,6833,7553,14386
20210426,2호선,잠실새내,19891,19717,39608
20210426,2호선,잠실,60691,60511,121202
20210426,2호선,잠실나루,14368,14287,28655
20210426,2호선,강변,29257,28484,57741
20210426,2호선,구의,22789,22708,45497
20210426,2호선,건대입구,31736,33731,65467
20210426,2호선,성수,33921,36968,70889
20210426,2호선,뚝섬,21271,22831,44102
20210426,2호선,한양대,9077,10212,19289
20210426,2호선,왕십리,15474,12274,27748
20210426,2호선,신당,13619,13926,27545
20210426,3호선,종로3가,9628,11013,20641
20210426,3호선,을지로3가,10183,10541,20724
20210426,3호선,동대입구,7180,7637,14817
20210426,5호선,화곡,28259,26494,54753
20210426,5호선,우장산,14606,14357,28963
20210426,5호선,발산,19519,19995,39514
20210426,5호선,마곡,10271,10228,20499
20210426,5호선,송정,6821,6415,13236
20210426,5호선,김포공항,7127,6510,13637
20210426,5호선,개화산,5452,5185,10637
20210426,5호선,방화,6783,6437,13220
20210426,4호선,쌍문,29215,27004,56219
20210426,4호선,창동,25211,26746,51957
20210426,4호선,노원,18160,20309,38469
20210426,4호선,상계,19257,17865,37122
20210426,4호선,당고개,12755,11611,24366
20210426,4호선,남태령,1158,1058,2216
20210426,4호선,사당,23049,19382,42431
20210426,5호선,까치산,29105,28008,57113
20210426,4호선,총신대입구,18483,20109,38592
20210426,5호선,신정,14303,11428,25731
20210426,5호선,오목교,21593,23366,44959
20210426,5호선,동대문역사문화공원,2883,3292,6175
20210426,5호선,을지로4가,6146,6262,12408
20210426,5호선,종로3가,10770,10904,21674
20210426,5호선,광화문,28700,30281,58981
20210426,5호선,서대문,19042,19570,38612
20210426,5호선,충정로,5103,5214,10317
20210426,5호선,애오개,6915,6969,13884
20210426,5호선,공덕,14545,15463,30008
20210426,5호선,마포,14507,14902,29409
20210426,5호선,여의나루,12762,13870,26632
20210426,5호선,여의도,28236,29694,57930
20210426,5호선,신길,3944,4317,8261
20210426,5호선,영등포시장,9642,9979,19621
20210426,5호선,영등포구청,4189,4181,8370
20210426,5호선,양평,7639,7542,15181
20210426,5호선,목동,16641,18371,35012
20210426,5호선,신금호,6354,6577,12931
20210426,4호선,동작,2594,2838,5432
20210426,4호선,신용산,15264,15932,31196
20210426,3호선,일원,10090,9960,20050
20210426,3호선,대청,10069,9029,19098
20210426,3호선,학여울,1734,1743,3477
20210426,3호선,대치,10500,10710,21210
20210426,3호선,도곡,5881,5760,11641
20210426,3호선,매봉,12379,11778,24157
20210426,3호선,양재,38297,42026,80323
20210426,3호선,남부터미널,27637,28463,56100
20210426,3호선,교대,13934,9091,23025
20210426,3호선,고속터미널,36175,34163,70338
20210426,3호선,잠원,4863,4850,9713
20210426,3호선,신사,28836,29920,58756
20210426,3호선,압구정,30207,32120,62327
20210426,3호선,옥수,8903,9261,18164
20210426,3호선,약수,12668,12471,25139
20210426,3호선,수서,16579,16663,33242
20210426,4호선,이촌,6772,7775,14547
20210426,3호선,가락시장,9078,8849,17927
20210426,3호선,오금,6258,5550,11808
20210426,4호선,삼각지,4774,5061,9835
20210426,4호선,숙대입구,12679,12410,25089
20210426,4호선,서울역,10426,13920,24346
20210426,4호선,회현,21648,23245,44893
20210426,4호선,명동,16964,17149,34113
20210426,4호선,충무로,25559,26697,52256
20210426,4호선,동대문역사문화공원,13888,12911,26799
20210426,4호선,동대문,20557,21251,41808
20210426,4호선,혜화,27587,27858,55445
20210426,4호선,한성대입구,13796,13479,27275
20210426,4호선,성신여대입구,19136,18194,37330
20210426,4호선,길음,20238,19855,40093
20210426,4호선,미아사거리,27405,26720,54125
20210426,4호선,미아,15089,14897,29986
20210426,4호선,수유,33443,33511,66954
20210426,3호선,경찰병원,7707,7711,15418
20210426,9호선,흑석,7503,7809,15312
20210426,9호선,동작,1835,1446,3281
20210426,9호선,구반포,2666,2789,5455
20210426,분당선,미금,15272,16254,31526
20210426,분당선,정자,16500,17504,34004
20210426,분당선,수내,12738,12684,25422
20210426,분당선,서현,23375,23457,46832
20210426,분당선,야탑,24717,25930,50647
20210426,분당선,모란,19547,19547,39094
20210426,분당선,오리,11566,9776,21342
20210426,분당선,태평,13449,13008,26457
20210426,분당선,선정릉,8392,8708,17100
20210426,분당선,강남구청,9683,11072,20755
20210426,분당선,압구정로데오,16195,17928,34123
20210426,분당선,서울숲,10666,11188,21854
20210426,분당선,수원,8121,6792,14913
20210426,분당선,수서,13310,13455,26765
20210426,분당선,가천대,10310,11311,21621
20210426,분당선,이매,5666,5157,10823
20210426,분당선,보정,2508,2212,4720
20210426,분당선,죽전,12947,14467,27414
20210426,수인선,사리,4229,3768,7997
20210426,수인선,야목,274,185,459
20210426,수인선,어천,664,725,1389
20210426,수인선,오목천,3210,3041,6251
20210426,수인선,고색,3920,3692,7612
20210426,분당선,매교,2752,2792,5544
20210426,분당선,수원시청,12127,12776,24903
20210426,분당선,매탄권선,4920,4744,9664
20210426,분당선,망포,13706,13038,26744
20210426,분당선,영통,7663,7811,15474
20210426,분당선,청명,4249,4067,8316
20210426,분당선,상갈,5369,5139,10508
20210426,분당선,기흥,9336,8761,18097
20210426,분당선,신갈,4471,4483,8954
20210426,분당선,구성,4801,5008,9809
20210426,분당선,대모산입구,3606,3314,6920
20210426,분당선,개포동,3707,3805,7512
20210426,분당선,구룡,2113,2073,4186
20210426,분당선,도곡,6342,6422,12764
20210426,공항철도 1호선,마곡나루,8309,8155,16464
20210426,공항철도 1호선,디지털미디어시티,13913,12614,26527
20210426,공항철도 1호선,홍대입구,7645,7706,15351
20210426,공항철도 1호선,공덕,2090,2710,4800
20210426,공항철도 1호선,서울역,6590,6252,12842
20210426,경춘선,춘천,1609,1710,3319
20210426,경춘선,남춘천,2368,2512,4880
20210426,경춘선,김유정,308,305,613
20210426,경춘선,강촌,539,530,1069
20210426,경춘선,백양리,126,123,249
20210426,경춘선,굴봉산,209,210,419
20210426,경춘선,가평,1655,1596,3251
20210426,경춘선,상천,403,364,767
20210426,경춘선,청평,1665,1615,3280
20210426,경춘선,대성리,610,489,1099
20210426,공항철도 1호선,김포공항,11614,6638,18252
20210426,수인선,달월,97,60,157
20210426,공항철도 1호선,계양,9243,8514,17757
20210426,공항철도 1호선,청라국제도시,6503,6087,12590
20210426,분당선,한티,12948,13902,26850
20210426,분당선,선릉,13373,20116,33489
20210426,과천선,범계,25043,24637,49680
20210426,과천선,평촌,18239,17859,36098
20210426,과천선,인덕원,23463,24365,47828
20210426,과천선,정부과천청사,10287,10229,20516
20210426,과천선,과천,5423,5048,10471
20210426,과천선,대공원,2802,2916,5718
20210426,과천선,경마공원,943,895,1838
20210426,과천선,선바위,8396,7305,15701
20210426,공항철도 1호선,영종,2970,2906,5876
20210426,공항철도 1호선,인천공항2터미널,1753,1609,3362
20210426,공항철도 1호선,인천공항1터미널,2871,2919,5790
20210426,공항철도 1호선,공항화물청사,2247,2452,4699
20210426,공항철도 1호선,운서,5937,6082,12019
20210426,공항철도 1호선,검암,6974,6784,13758
20210426,수인선,소래포구,6323,5909,12232
20210426,수인선,인천논현,5480,5972,11452
20210426,수인선,호구포,3884,4095,7979
20210426,안산선,중앙,17009,17471,34480
20210426,안산선,한대앞,9392,9436,18828
20210426,안산선,상록수,16620,16650,33270
20210426,안산선,반월,4561,4351,8912
20210426,안산선,대야미,5058,4630,9688
20210426,중앙선,지평,85,102,187
20210426,중앙선,용문,1846,1768,3614
20210426,중앙선,원덕,457,388,845
20210426,중앙선,양평,2732,2760,5492
20210426,중앙선,오빈,342,327,669
20210426,중앙선,아신,570,618,1188
20210426,중앙선,국수,852,847,1699
20210426,중앙선,신원,263,218,481
20210426,중앙선,양수,2006,2032,4038
20210426,중앙선,운길산,958,940,1898
20210426,안산선,고잔,9075,8527,17602
20210426,중앙선,팔당,898,852,1750
20210426,안산선,초지,5155,5575,10730
20210426,안산선,신길온천,1767,1559,3326
20210426,8호선,석촌,7288,8393,15681
20210426,우이신설선,성신여대입구,3089,3367,6456
20210426,우이신설선,정릉,4422,4247,8669
20210426,우이신설선,북한산보국문,5905,5674,11579
20210426,우이신설선,솔샘,5629,5455,11084
20210426,우이신설선,삼양사거리,2380,2502,4882
20210426,우이신설선,삼양,2011,2225,4236
20210426,우이신설선,화계,3361,3130,6491
20210426,우이신설선,가오리,4209,4154,8363
20210426,우이신설선,4.19민주묘지,3075,2955,6030
20210426,우이신설선,솔밭공원,2358,2362,4720
20210426,우이신설선,북한산우이,2905,2773,5678
20210426,안산선,수리산,4556,3905,8461
20210426,안산선,오이도,8659,8268,16927
20210426,안산선,정왕,10147,10814,20961
20210426,안산선,안산,12028,10942,22970
20210426,경춘선,마석,4220,4155,8375
20210426,중앙선,도심,2544,2003,4547
20210426,중앙선,양정,859,735,1594
20210426,일산선,화정,16808,17159,33967
20210426,일산선,원당,11159,10803,21962
20210426,일산선,삼송,18372,17995,36367
20210426,일산선,원흥,10161,9774,19935
20210426,우이신설선,신설동,2229,2212,4441
20210426,우이신설선,보문,1477,1552,3029
20210426,안산선,산본,15973,17065,33038
20210426,수인선,인천,1050,1633,2683
20210426,수인선,신포,1843,1827,3670
20210426,수인선,숭의,4104,3789,7893
20210426,수인선,인하대,6079,5876,11955
20210426,수인선,송도,2709,2469,5178
20210426,수인선,연수,4549,4451,9000
20210426,수인선,원인재,4511,4514,9025
20210426,수인선,남동인더스파크,2284,2673,4957
20210426,일산선,대곡,1958,1471,3429
20210426,중앙선,덕소,5664,5644,11308
20210426,일산선,백석,9856,9893,19749
20210426,일산선,정발산,7184,6998,14182
20210426,중앙선,도농,10294,9133,19427
20210426,중앙선,구리,13744,13857,27601
20210426,중앙선,양원,1882,1929,3811
20210426,중앙선,망우,7713,7733,15446
20210426,중앙선,상봉,5980,6012,11992
20210426,중앙선,중랑,5485,5181,10666
20210426,중앙선,회기,23451,22921,46372
20210426,장항선,신창,1493,1718,3211
20210426,장항선,온양온천,3315,3465,6780
20210426,장항선,배방,944,939,1883
20210426,장항선,아산,2764,2541,5305
20210426,장항선,쌍용,2345,2334,4679
20210426,장항선,봉명,1212,1187,2399
20210426,일산선,대화,12910,9991,22901
20210426,일산선,주엽,8831,8809,17640
20210426,일산선,마두,7562,7835,15397
20210426,경춘선,천마산,1768,1712,3480
20210426,수인선,월곶,2581,2410,4991
20210426,경춘선,금곡,1660,1634,3294
20210426,경부선,세마,2670,2500,5170
20210426,경부선,병점,14326,14496,28822
20210426,경부선,세류,3009,2926,5935
20210426,경부선,독산,16869,17992,34861
20210426,경부선,수원,33661,34881,68542
20210426,경부선,화서,7637,7323,14960
20210426,경부선,성균관대,14640,14697,29337
20210426,경부선,의왕,9254,9236,18490
20210426,경부선,군포,7871,7953,15824
20210426,경부선,금정,26121,26612,52733
20210426,경부선,명학,9228,9213,18441
20210426,경부선,안양,26234,26105,52339
20210426,경부선,관악,7434,6924,14358
20210426,경부선,석수,10179,9018,19197
20210426,경부선,금천구청,12196,12027,24223
20210426,경부선,오산대,3597,3456,7053
20210426,경부선,가산디지털단지,18725,21681,40406
20210426,경부선,오산,9783,9765,19548
20210426,경부선,송탄,4064,3750,7814
20210426,경원선,응봉,1915,1634,3549
20210426,경원선,옥수,56,42,98
20210426,경원선,한남,4051,3892,7943
20210426,경원선,서빙고,1892,1654,3546
20210426,경원선,이촌,3824,2928,6752
20210426,경부선,광명,3280,2736,6016
20210426,경부선,서동탄,1592,1307,2899
20210426,경부선,당정,6291,6195,12486
20210426,경부선,천안,4868,4936,9804
20210426,경부선,두정,5071,5442,10513
20210426,경부선,직산,749,736,1485
20210426,경부선,성환,4307,4428,8735
20210426,경부선,평택,11681,11704,23385
20210426,경부선,지제,2966,2800,5766
20210426,경부선,서정리,6826,6719,13545
20210426,경부선,진위,1603,1439,3042
20210426,경원선,왕십리,12911,14407,27318
20210426,경부선,구로,19415,19528,38943
20210426,경부선,신도림,4148,4165,8313
20210426,9호선2~3단계,올림픽공원,5515,5569,11084
20210426,9호선2~3단계,한성백제,2266,2151,4417
20210426,9호선2~3단계,송파나루,4272,4631,8903
20210426,9호선2~3단계,석촌,7613,6742,14355
20210426,9호선2~3단계,석촌고분,5496,5561,11057
20210426,9호선2~3단계,삼전,6425,6200,12625
20210426,9호선2~3단계,종합운동장,4000,4035,8035
20210426,9호선2~3단계,봉은사,14207,14227,28434
20210426,9호선2~3단계,삼성중앙,6665,6928,13593
20210426,9호선2~3단계,선정릉,9512,10445,19957
20210426,9호선2~3단계,언주,9648,9970,19618
20210426,9호선,신논현,29650,29536,59186
20210426,9호선,사평,3268,3202,6470
20210426,9호선,고속터미널,11384,14122,25506
20210426,경춘선,평내호평,6750,6438,13188
20210426,9호선2~3단계,둔촌오륜,1319,1093,2412
20210426,경부선,신길,9707,8252,17959
20210426,9호선2~3단계,중앙보훈병원,10051,8956,19007
20210426,경강선,이매,1113,1045,2158
20210426,경부선,영등포,34736,35640,70376
20210426,경부선,대방,12896,13273,26169
20210426,경부선,노량진,8170,8466,16636
20210426,경부선,용산,29436,30200,59636
20210426,경부선,남영,9587,10050,19637
20210426,경부선,서울역,5010,1626,6636
20210426,경강선,여주,1905,1879,3784
20210426,경강선,세종대왕릉,296,281,577
20210426,경강선,부발,1712,1744,3456
20210426,경강선,이천,2388,2527,4915
20210426,경강선,신둔도예촌,1251,1189,2440
20210426,경강선,곤지암,2001,2110,4111
20210426,경강선,초월,2968,2881,5849
20210426,경강선,경기광주,6877,6665,13542
20210426,경강선,삼동,2346,2197,4543
20210426,경강선,판교,4237,4129,8366
20210426,경원선,청량리,14119,14800,28919
20210426,9호선,신반포,3212,3140,6352
20210426,경인선,백운,7411,7293,14704
20210426,경인선,부평,29322,31091,60413
20210426,경인선,송내,27903,27989,55892
20210426,경인선,부천,33108,32932,66040
20210426,경인선,역곡,28148,27994,56142
20210426,경인선,오류동,12096,11535,23631
20210426,경인선,개봉,21668,22145,43813
20210426,경원선,외대앞,6972,7031,14003
20210426,경의선,임진강,10,6,16
20210426,경의선,파주,1854,1429,3283
20210426,경의선,금촌,6817,6674,13491
20210426,경의선,금릉,4654,4530,9184
20210426,경의선,운정,6863,6389,13252
20210426,경의선,야당,6829,6605,13434
20210426,경의선,탄현,7640,7303,14943
20210426,경의선,문산,5048,4907,9955
20210426,경인선,동암,15341,15252,30593
20210426,경인선,주안,19072,17241,36313
20210426,경인선,제물포,11275,10863,22138
20210426,경춘선,사릉,3717,3509,7226
20210426,경춘선,퇴계원,3861,3536,7397
20210426,경춘선,별내,3009,2803,5812
20210426,경춘선,갈매,3146,2675,5821
20210426,경춘선,신내,1720,1711,3431
20210426,경인선,도화,4291,3938,8229
20210426,경인선,중동,9307,8772,18079
20210426,경인선,온수,7194,7010,14204
20210426,경인선,도원,3292,3386,6678
20210426,경인선,간석,6113,5759,11872
20210426,경인선,부개,8750,8162,16912
20210426,경인선,소사,9617,9332,18949
20210426,경인선,구일,7265,7415,14680
20210426,경인선,인천,3570,2732,6302
20210426,경인선,동인천,13871,13054,26925
20210426,경의선,일산,9664,9474,19138
20210426,경의선,풍산,5505,5097,10602
20210426,경의선,월롱,2544,2526,5070
20210426,경의선,곡산,632,657,1289
20210426,경원선,덕계,3189,2779,5968
20210426,경원선,양주,7823,7313,15136
20210426,경원선,녹양,4687,4447,9134
20210426,경원선,가능,6670,6411,13081
20210426,경원선,의정부,17611,17926,35537
20210426,경의선,백마,7071,6785,13856
20210426,경원선,망월사,7570,7798,15368
20210426,경원선,도봉산,8117,5279,13396
20210426,경원선,도봉,6207,5946,12153
20210426,경원선,방학,9715,9508,19223
20210426,경원선,녹천,4821,4097,8918
20210426,경원선,월계,6530,6297,12827
20210426,경원선,광운대,9643,9275,18918
20210426,경원선,석계,8033,9082,17115
20210426,경원선,신이문,8534,7919,16453
20210426,경원선,덕정,6092,5914,12006
20210426,경원선,지행,6340,6286,12626
20210426,경원선,회룡,12515,12587,25102
20210426,경원선,보산,1522,1350,2872
20210426,경원선,동두천중앙,3195,2993,6188
20210426,경의선,행신,7706,7824,15530
20210426,경의선,강매,3260,2838,6098
20210426,경의선,화전,1947,1814,3761
20210426,경의선,수색,2827,2953,5780
20210426,경의선,디지털미디어시티,2430,2324,4754
20210426,경의선,가좌,5535,5178,10713
20210426,경의선,능곡,3989,3631,7620
20210426,경의선,서강대,2088,1990,4078
20210426,경의선,공덕,3506,3098,6604
20210426,경의선,효창공원앞,2911,3303,6214
20210426,경의선,신촌,893,1103,1996
20210426,경의선,서울역,4316,5444,9760
20210426,경원선,소요산,3152,2582,5734
20210426,경원선,동두천,2205,2697,4902
20210426,경의선,홍대입구,1425,1603,3028
20210427,안산선,반월,4510,4348,8858
20210427,안산선,대야미,5112,4629,9741
20210427,안산선,산본,15811,17039,32850
20210427,수인선,인천,972,1678,2650
20210427,수인선,신포,1897,1861,3758
20210427,수인선,숭의,4104,3879,7983
20210427,수인선,인하대,6093,5793,11886
20210427,수인선,남동인더스파크,2371,2629,5000
20210427,수인선,연수,4523,4431,8954
20210427,수인선,원인재,4411,4648,9059
20210427,수인선,호구포,3935,4158,8093
20210427,수인선,인천논현,5545,5940,11485
20210427,수인선,소래포구,6404,6129,12533
20210427,수인선,월곶,2572,2432,5004
20210427,안산선,상록수,16279,16529,32808
20210427,수인선,송도,2644,2354,4998
20210427,안산선,한대앞,9479,9296,18775
20210427,분당선,구룡,2148,2083,4231
20210427,안산선,고잔,8850,8457,17307
20210427,우이신설선,북한산보국문,6029,5850,11879
20210427,우이신설선,솔샘,5700,5407,11107
20210427,우이신설선,삼양사거리,2293,2423,4716
20210427,우이신설선,삼양,1935,2124,4059
20210427,우이신설선,화계,3255,3119,6374
20210427,우이신설선,가오리,3987,3976,7963
20210427,우이신설선,4.19민주묘지,3017,2893,5910
20210427,우이신설선,솔밭공원,2352,2379,4731
20210427,우이신설선,북한산우이,2956,2698,5654
20210427,안산선,수리산,4471,3741,8212
20210427,안산선,오이도,8375,8145,16520
20210427,안산선,정왕,9760,10109,19869
20210427,안산선,신길온천,1723,1620,3343
20210427,안산선,안산,11594,10532,22126
20210427,안산선,초지,4886,5135,10021
20210427,안산선,중앙,16601,17476,34077
20210427,수인선,달월,93,72,165
20210427,분당선,개포동,3572,3812,7384
20210427,수인선,야목,243,188,431
20210427,분당선,수내,12865,12888,25753
20210427,분당선,서현,23654,23851,47505
20210427,분당선,야탑,25035,26182,51217
20210427,분당선,모란,19431,19386,38817
20210427,분당선,태평,13335,12972,26307
20210427,분당선,가천대,8945,10064,19009
20210427,분당선,선정릉,8417,8978,17395
20210427,분당선,강남구청,9894,11366,21260
20210427,분당선,압구정로데오,17972,19826,37798
20210427,분당선,서울숲,10793,11059,21852
20210427,분당선,수원,7918,6503,14421
20210427,분당선,복정,1,0,1
20210427,분당선,수서,13225,13582,26807
20210427,분당선,대모산입구,3561,3316,6877
20210427,우이신설선,정릉,4522,4304,8826
20210427,분당선,정자,17016,18142,35158
20210427,수인선,사리,4212,3789,8001
20210427,분당선,미금,15141,16052,31193
20210427,분당선,이매,5766,5288,11054
20210427,수인선,어천,640,697,1337
20210427,수인선,오목천,3276,2999,6275
20210427,수인선,고색,3840,3747,7587
20210427,분당선,매교,3044,3141,6185
20210427,분당선,수원시청,12100,12906,25006
20210427,분당선,매탄권선,4875,4747,9622
20210427,분당선,망포,13743,13279,27022
20210427,분당선,영통,7640,7832,15472
20210427,분당선,청명,4200,3991,8191
20210427,분당선,상갈,5444,5284,10728
20210427,분당선,기흥,9541,9030,18571
20210427,분당선,신갈,4389,4490,8879
20210427,분당선,구성,4911,5064,9975
20210427,분당선,죽전,13188,14492,27680
20210427,분당선,보정,2501,2191,4692
20210427,분당선,오리,11854,9925,21779
20210427,우이신설선,성신여대입구,3163,3442,6605
20210427,경부선,금천구청,12008,12079,24087
20210427,우이신설선,신설동,2224,2169,4393
20210427,경강선,경기광주,6873,6610,13483
20210427,경강선,초월,2987,2829,5816
20210427,경강선,곤지암,2002,2042,4044
20210427,경강선,신둔도예촌,1291,1185,2476
20210427,경강선,이천,2288,2428,4716
20210427,경강선,부발,1742,1759,3501
20210427,경강선,삼동,2336,2169,4505
20210427,경강선,세종대왕릉,280,291,571
20210427,경부선,서울역,4375,1448,5823
20210427,경부선,남영,9645,10145,19790
20210427,경부선,용산,28840,29417,58257
20210427,경부선,노량진,8412,8534,16946
20210427,경부선,대방,13042,13426,26468
20210427,경부선,영등포,34548,35566,70114
20210427,경강선,여주,1855,1839,3694
20210427,경강선,이매,1154,1108,2262
20210427,경강선,판교,4187,4081,8268
20210427,9호선2~3단계,중앙보훈병원,10182,9036,19218
20210427,9호선,고속터미널,11106,13563,24669
20210427,9호선,사평,3294,3340,6634
20210427,9호선,신논현,30375,30169,60544
20210427,9호선2~3단계,언주,9913,10076,19989
20210427,9호선2~3단계,선정릉,9665,10473,20138
20210427,9호선2~3단계,삼성중앙,6759,7023,13782
20210427,9호선2~3단계,봉은사,14683,15013,29696
20210427,9호선2~3단계,종합운동장,4044,4120,8164
20210427,9호선2~3단계,삼전,6335,6202,12537
20210427,9호선2~3단계,석촌고분,5697,5756,11453
20210427,9호선2~3단계,석촌,7734,6842,14576
20210427,9호선2~3단계,송파나루,4530,4795,9325
20210427,9호선2~3단계,한성백제,2425,2245,4670
20210427,9호선2~3단계,올림픽공원,5572,5549,11121
20210427,9호선2~3단계,둔촌오륜,1324,1171,2495
20210427,경부선,신도림,4278,4285,8563
20210427,경부선,신길,9437,8026,17463
20210427,경부선,구로,19148,19578,38726
20210427,경부선,가산디지털단지,18554,21823,40377
20210427,경부선,지제,2760,2666,5426
20210427,경부선,평택,11274,11219,22493
20210427,경부선,성환,3805,3787,7592
20210427,경부선,직산,694,728,1422
20210427,경부선,두정,5361,5400,10761
20210427,경부선,천안,4687,4827,9514
20210427,경부선,당정,6279,6059,12338
20210427,경부선,서동탄,1575,1331,2906
20210427,경부선,광명,3031,2713,5744
20210427,경원선,이촌,3836,2820,6656
20210427,경원선,서빙고,1875,1663,3538
20210427,경원선,한남,4180,3924,8104
20210427,경원선,옥수,45,31,76
20210427,경원선,응봉,1899,1652,3551
20210427,경원선,왕십리,13105,14660,27765
20210427,경부선,서정리,6657,6462,13119
20210427,우이신설선,보문,1491,1468,2959
20210427,경부선,송탄,3961,3650,7611
20210427,경부선,오산,9572,9499,19071
20210427,경부선,석수,10128,9078,19206
20210427,경부선,관악,7481,7079,14560
20210427,경부선,안양,24275,24134,48409
20210427,경부선,명학,9405,9296,18701
20210427,경부선,금정,26393,26588,52981
20210427,경부선,군포,7881,7902,15783
20210427,경부선,의왕,9157,9136,18293
20210427,경부선,성균관대,14776,14569,29345
20210427,경부선,화서,7736,7405,15141
20210427,경부선,수원,33317,34840,68157
20210427,경부선,독산,16969,17958,34927
20210427,경부선,세류,3018,2801,5819
20210427,경부선,병점,14474,14623,29097
20210427,경부선,세마,2678,2534,5212
20210427,경부선,오산대,3912,3617,7529
20210427,경부선,진위,1630,1444,3074
20210427,분당선,도곡,6336,6263,12599
20210427,중앙선,지평,74,102,176
20210427,분당선,선릉,13448,19978,33426
20210427,장항선,봉명,1311,1256,2567
20210427,장항선,쌍용,2302,2133,4435
20210427,장항선,아산,2725,2414,5139
20210427,장항선,배방,1010,987,1997
20210427,1호선,동묘앞,8192,8604,16796
20210427,장항선,온양온천,3236,3334,6570
20210427,장항선,신창,1537,1597,3134
20210427,중앙선,회기,24006,23279,47285
20210427,중앙선,중랑,5569,5272,10841
20210427,중앙선,상봉,5947,5967,11914
20210427,중앙선,망우,7733,7561,15294
20210427,중앙선,양원,2002,1995,3997
20210427,중앙선,구리,13426,13494,26920
20210427,중앙선,도농,10126,9219,19345
20210427,중앙선,양정,855,726,1581
20210427,일산선,대화,12695,10121,22816
20210427,경인선,제물포,10959,10457,21416
20210427,일산선,주엽,8852,8820,17672
20210427,일산선,마두,7313,7623,14936
20210427,경의선,서울역,75,1505,1580
20210427,경의선,계양,1,0,1
20210427,경인선,개봉,21601,22261,43862
20210427,경인선,오류동,12194,11509,23703
20210427,경인선,역곡,28102,27738,55840
20210427,경인선,부천,32631,32634,65265
20210427,경인선,송내,28049,28074,56123
20210427,경인선,부평,28330,30088,58418
20210427,경인선,백운,7227,7318,14545
20210427,경인선,동암,15147,15230,30377
20210427,경인선,주안,18951,17175,36126
20210427,일산선,화정,16989,17447,34436
20210427,1호선,서울역,40091,37557,77648
20210427,일산선,대곡,1951,1459,3410
20210427,일산선,백석,9768,9748,19516
20210427,일산선,정발산,6950,6955,13905
20210427,경의선,임진강,33,14,47
20210427,경인선,동인천,13679,13018,26697
20210427,경인선,구일,7669,7836,15505
20210427,경춘선,가평,1617,1629,3246
20210427,경춘선,굴봉산,238,236,474
20210427,중앙선,덕소,5759,5733,11492
20210427,중앙선,도심,2554,2090,4644
20210427,중앙선,팔당,976,979,1955
20210427,중앙선,운길산,975,930,1905
20210427,중앙선,양수,1897,1932,3829
20210427,중앙선,신원,233,228,461
20210427,중앙선,국수,772,732,1504
20210427,중앙선,아신,595,606,1201
20210427,중앙선,오빈,323,318,641
20210427,중앙선,양평,2659,2675,5334
20210427,중앙선,원덕,373,362,735
20210427,중앙선,용문,1989,1966,3955
20210427,9호선,신반포,3189,3205,6394
20210427,경춘선,상천,354,360,714
20210427,경인선,인천,3714,2840,6554
20210427,경춘선,청평,1610,1584,3194
20210427,경춘선,마석,4232,4232,8464
20210427,경인선,소사,9542,9242,18784
20210427,경인선,부개,8635,8154,16789
20210427,경인선,간석,6013,5743,11756
20210427,경인선,도원,3175,3233,6408
20210427,경인선,온수,7101,6936,14037
20210427,경인선,중동,9368,8832,18200
20210427,경인선,도화,4344,4038,8382
20210427,경춘선,신내,1821,1860,3681
20210427,경춘선,갈매,3195,2800,5995
20210427,경춘선,별내,2958,2894,5852
20210427,경춘선,퇴계원,3728,3408,7136
20210427,경춘선,사릉,3719,3533,7252
20210427,경춘선,금곡,1665,1631,3296
20210427,경춘선,평내호평,6545,6435,12980
20210427,경춘선,천마산,1763,1642,3405
20210427,경춘선,대성리,539,496,1035
20210427,분당선,한티,13356,14233,27589
20210427,경의선,문산,5030,5075,10105
20210427,경의선,월롱,2540,2413,4953
20210427,공항철도 1호선,홍대입구,8027,8189,16216
20210427,공항철도 1호선,공덕,2173,2729,4902
20210427,공항철도 1호선,서울역,6243,5744,11987
20210427,경춘선,춘천,1353,1376,2729
20210427,경춘선,남춘천,2866,2901,5767
20210427,경춘선,김유정,333,363,696
20210427,경춘선,강촌,605,590,1195
20210427,경춘선,백양리,128,134,262
20210427,경원선,청량리,12355,14359,26714
20210427,경원선,외대앞,7102,7091,14193
20210427,경원선,신이문,8551,7873,16424
20210427,경원선,석계,8092,9231,17323
20210427,경원선,광운대,9206,8859,18065
20210427,경원선,월계,6740,6423,13163
20210427,경원선,녹천,4741,4041,8782
20210427,공항철도 1호선,디지털미디어시티,14150,12737,26887
20210427,경원선,방학,9559,9423,18982
20210427,공항철도 1호선,마곡나루,8600,8295,16895
20210427,공항철도 1호선,계양,9173,8656,17829
20210427,과천선,범계,25129,24665,49794
20210427,과천선,평촌,18288,17933,36221
20210427,과천선,인덕원,23930,24616,48546
20210427,과천선,정부과천청사,10114,10020,20134
20210427,과천선,과천,5563,5210,10773
20210427,과천선,대공원,2962,3051,6013
20210427,과천선,경마공원,1228,1234,2462
20210427,과천선,선바위,8581,7490,16071
20210427,공항철도 1호선,영종,2879,2938,5817
20210427,공항철도 1호선,인천공항2터미널,1693,1669,3362
20210427,공항철도 1호선,인천공항1터미널,2988,3076,6064
20210427,공항철도 1호선,공항화물청사,2304,2539,4843
20210427,공항철도 1호선,운서,5839,5838,11677
20210427,공항철도 1호선,청라국제도시,6614,6240,12854
20210427,공항철도 1호선,검암,6910,6735,13645
20210427,공항철도 1호선,김포공항,10812,6267,17079
20210427,경의선,파주,1655,1272,2927
20210427,경원선,도봉,6017,5791,11808
20210427,경원선,망월사,7989,7955,15944
20210427,경의선,디지털미디어시티,2497,2409,4906
20210427,경의선,수색,2767,2924,5691
20210427,경의선,화전,2134,1947,4081
20210427,경의선,강매,3301,2841,6142
20210427,경의선,행신,7801,7813,15614
20210427,경의선,능곡,3939,3563,7502
20210427,경의선,곡산,652,626,1278
20210427,경의선,백마,6991,6763,13754
20210427,경의선,풍산,5482,5158,10640
20210427,경의선,일산,9413,9426,18839
20210427,경의선,탄현,7748,7501,15249
20210427,경의선,야당,6815,6563,13378
20210427,경의선,운정,6757,6416,13173
20210427,경의선,금릉,4577,4560,9137
20210427,경의선,금촌,6090,6087,12177
20210427,경의선,가좌,5472,5149,10621
20210427,경원선,도봉산,7983,5148,13131
20210427,경의선,홍대입구,1384,1688,3072
20210427,경의선,공덕,3482,3191,6673
20210427,경원선,회룡,12396,12472,24868
20210427,경원선,의정부,17832,18233,36065
20210427,경원선,가능,6665,6435,13100
20210427,경원선,녹양,4597,4463,9060
20210427,경원선,양주,7756,7197,14953
20210427,경원선,덕계,3143,2817,5960
20210427,경원선,덕정,6110,6061,12171
20210427,경원선,지행,6366,6255,12621
20210427,경원선,동두천중앙,3082,2979,6061
20210427,경원선,보산,1468,1422,2890
20210427,경원선,동두천,2237,2615,4852
20210427,경원선,소요산,2878,2345,5223
20210427,경의선,서울역,4226,3895,8121
20210427,경의선,신촌,879,1125,2004
20210427,경의선,효창공원앞,2964,3365,6329
20210427,경의선,서강대,2051,2065,4116
20210427,9호선,구반포,2735,2775,5510
20210427,일산선,원흥,10172,9759,19931
20210427,9호선,흑석,7678,8086,15764
20210427,4호선,미아,15185,14818,30003
20210427,4호선,미아사거리,27323,26776,54099
20210427,4호선,길음,20418,20046,40464
20210427,4호선,성신여대입구,19734,18843,38577
20210427,4호선,한성대입구,13871,13590,27461
20210427,4호선,혜화,29599,29623,59222
20210427,4호선,수유,33933,33708,67641
20210427,4호선,동대문,20316,20930,41246
20210427,4호선,충무로,25900,26831,52731
20210427,4호선,명동,16666,17133,33799
20210427,4호선,회현,24256,25666,49922
20210427,4호선,서울역,10851,14107,24958
20210427,4호선,숙대입구,13052,12810,25862
20210427,4호선,삼각지,5057,5420,10477
20210427,4호선,동대문역사문화공원,13898,12928,26826
20210427,3호선,오금,6195,5706,11901
20210427,3호선,경찰병원,7578,7562,15140
20210427,3호선,가락시장,8982,8822,17804
20210427,3호선,옥수,9106,9547,18653
20210427,3호선,압구정,31397,33080,64477
20210427,3호선,신사,30066,31217,61283
20210427,3호선,잠원,4779,4691,9470
20210427,3호선,고속터미널,35321,33996,69317
20210427,3호선,교대,14173,9293,23466
20210427,3호선,남부터미널,28068,28955,57023
20210427,3호선,양재,39425,42590,82015
20210427,3호선,매봉,12586,12074,24660
20210427,3호선,도곡,5622,5774,11396
20210427,3호선,대치,10433,10503,20936
20210427,3호선,학여울,1825,1819,3644
20210427,3호선,대청,9911,9184,19095
20210427,3호선,일원,10072,9833,19905
20210427,3호선,수서,16124,16636,32760
20210427,4호선,신용산,15648,16274,31922
20210427,4호선,이촌,7153,8071,15224
20210427,4호선,동작,2534,2799,5333
20210427,4호선,총신대입구,18779,20494,39273
20210427,5호선,양평,7612,7650,15262
20210427,5호선,영등포구청,4089,4259,8348
20210427,5호선,영등포시장,9556,10125,19681
20210427,5호선,신길,4063,4568,8631
20210427,5호선,여의도,29105,30276,59381
20210427,5호선,여의나루,11151,12381,23532
20210427,5호선,마포,14764,15227,29991
20210427,5호선,공덕,15189,16090,31279
20210427,5호선,애오개,7133,7180,14313
20210427,5호선,충정로,5212,5191,10403
20210427,5호선,서대문,19430,19740,39170
20210427,5호선,광화문,29952,31310,61262
20210427,5호선,종로3가,11453,11357,22810
20210427,5호선,을지로4가,6230,6257,12487
20210427,5호선,동대문역사문화공원,2952,3410,6362
20210427,5호선,오목교,22019,23582,45601
20210427,3호선,약수,13001,12646,25647
20210427,5호선,목동,17316,18883,36199
20210427,5호선,까치산,29102,28113,57215
20210427,4호선,사당,23902,19896,43798
20210427,4호선,남태령,1202,1140,2342
20210427,4호선,당고개,12870,11822,24692
20210427,4호선,상계,19198,17953,37151
20210427,4호선,노원,18626,20470,39096
20210427,4호선,창동,25613,27349,52962
20210427,4호선,쌍문,29518,27377,56895
20210427,5호선,방화,6960,6651,13611
20210427,5호선,개화산,5499,5227,10726
20210427,5호선,김포공항,6748,6418,13166
20210427,5호선,송정,6785,6386,13171
20210427,5호선,마곡,10485,10313,20798
20210427,5호선,발산,20178,20353,40531
20210427,5호선,우장산,14590,14457,29047
20210427,5호선,화곡,28489,26861,55350
20210427,5호선,신정,14359,11544,25903
20210427,3호선,동대입구,7900,8202,16102
20210427,3호선,충무로,2,0,2
20210427,3호선,을지로3가,10269,10753,21022
20210427,2호선,한양대,8565,9357,17922
20210427,2호선,뚝섬,21726,23464,45190
20210427,2호선,성수,35097,38443,73540
20210427,2호선,건대입구,32544,34300,66844
20210427,2호선,구의,23461,23211,46672
20210427,2호선,강변,27997,27133,55130
20210427,2호선,잠실나루,14541,14349,28890
20210427,2호선,잠실,62870,62125,124995
20210427,2호선,잠실새내,20255,20250,40505
20210427,2호선,종합운동장,8319,9016,17335
20210427,2호선,삼성,49419,50044,99463
20210427,2호선,선릉,56443,50438,106881
20210427,2호선,역삼,51656,56557,108213
20210427,2호선,강남,81329,79878,161207
20210427,2호선,교대,34301,38607,72908
20210427,2호선,왕십리,15660,12580,28240
20210427,2호선,서초,21850,21551,43401
20210427,2호선,상왕십리,14142,13657,27799
20210427,2호선,동대문역사문화공원,11368,12544,23912
20210427,9호선,동작,1814,1407,3221
20210427,일산선,삼송,18382,18083,36465
20210427,일산선,원당,11318,10801,22119
20210427,1호선,시청,21672,21651,43323
20210427,1호선,종각,34300,33294,67594
20210427,1호선,종로3가,23559,21591,45150
20210427,1호선,종로5가,22180,21997,44177
20210427,1호선,동대문,10863,10312,21175
20210427,1호선,신설동,13888,13599,27487
20210427,1호선,제기동,16982,17425,34407
20210427,1호선,청량리,20945,19985,40930
20210427,2호선,시청,22894,22351,45245
20210427,2호선,을지로입구,37825,38506,76331
20210427,2호선,을지로3가,21350,21091,42441
20210427,2호선,을지로4가,12907,12742,25649
20210427,2호선,신당,13533,14216,27749
20210427,5호선,청구,4104,3705,7809
20210427,2호선,방배,17639,18329,35968
20210427,2호선,낙성대,26797,26128,52925
20210427,2호선,도림천,1434,1464,2898
20210427,2호선,양천구청,6880,7351,14231
20210427,2호선,신정네거리,10485,10910,21395
20210427,2호선,용두,2325,2439,4764
20210427,3호선,지축,4042,3918,7960
20210427,3호선,구파발,20953,19663,40616
20210427,3호선,연신내,37201,34991,72192
20210427,3호선,불광,16306,17243,33549
20210427,3호선,녹번,14861,13704,28565
20210427,3호선,홍제,17822,17028,34850
20210427,3호선,무악재,3869,3917,7786
20210427,3호선,독립문,7182,7544,14726
20210427,3호선,경복궁,18511,17700,36211
20210427,3호선,안국,19259,19876,39135
20210427,3호선,종로3가,9764,10949,20713
20210427,2호선,신설동,3069,3063,6132
20210427,2호선,사당,34820,38070,72890
20210427,2호선,신답,1617,1817,3434
20210427,2호선,충정로,10038,10669,20707
20210427,2호선,서울대입구,46407,45457,91864
20210427,2호선,봉천,24265,22717,46982
20210427,2호선,신림,61556,60088,121644
20210427,2호선,신대방,26018,25716,51734
20210427,2호선,구로디지털단지,62423,62639,125062
20210427,2호선,대림,24494,25115,49609
20210427,2호선,신도림,46809,45346,92155
20210427,2호선,문래,21763,22204,43967
20210427,2호선,영등포구청,23629,23695,47324
20210427,2호선,당산,19223,22368,41591
20210427,2호선,합정,28495,29818,58313
20210427,2호선,홍대입구,46297,47684,93981
20210427,2호선,신촌,30789,31922,62711
20210427,2호선,이대,12544,12893,25437
20210427,2호선,아현,10639,10334,20973
20210427,2호선,용답,2735,2791,5526
20210427,5호선,신금호,6468,6748,13216
20210427,3호선,금호,8229,7888,16117
20210427,5호선,왕십리,4494,4804,9298
20210427,7호선,보라매,10074,9992,20066
20210427,7호선,신풍,11952,11409,23361
20210427,7호선,대림,7570,7568,15138
20210427,7호선,남구로,16544,17647,34191
20210427,7호선,가산디지털단지,48876,48571,97447
20210427,7호선,철산,21180,21820,43000
20210427,7호선,광명사거리,21987,21675,43662
20210427,7호선,천왕,11581,11174,22755
20210427,7호선,온수,11267,10299,21566
20210427,7호선,까치울,7839,7423,15262
20210427,7호선,부천종합운동장,4654,4062,8716
20210427,7호선,춘의,9880,9780,19660
20210427,7호선,신중동,14217,14169,28386
20210427,7호선,부천시청,12391,12222,24613
20210427,7호선,상동,12096,12715,24811
20210427,7호선,신대방삼거리,16457,15984,32441
20210427,7호선,삼산체육관,5374,4930,10304
20210427,7호선,장승배기,9794,9526,19320
20210427,7호선,숭실대입구,12063,12278,24341
20210427,7호선,용마산,6182,6077,12259
20210427,7호선,중곡,10246,9453,19699
20210427,7호선,군자,14640,11762,26402
20210427,7호선,어린이대공원,12525,12254,24779
20210427,7호선,건대입구,11461,11821,23282
20210427,7호선,뚝섬유원지,8737,8709,17446
20210427,7호선,청담,19684,21988,41672
20210427,7호선,강남구청,16695,18333,35028
20210427,7호선,학동,24853,26603,51456
20210427,7호선,논현,20854,22494,43348
20210427,7호선,반포,5703,5410,11113
20210427,7호선,고속터미널,14346,12708,27054
20210427,7호선,내방,14398,14829,29227
20210427,7호선,이수,15369,14650,30019
20210427,7호선,남성,11341,10699,22040
20210427,7호선,상도,10761,10642,21403
20210427,7호선,사가정,16536,16278,32814
20210427,7호선,굴포천,8757,9391,18148
20210427,8호선,암사,18887,16851,35738
20210427,9호선,신방화,6707,6634,13341
20210427,9호선,마곡나루,11391,11176,22567
20210427,9호선,양천향교,9532,9848,19380
20210427,9호선,가양,20051,19794,39845
20210427,9호선,증미,7306,7268,14574
20210427,9호선,등촌,10939,11076,22015
20210427,9호선,염창,17062,16775,33837
20210427,9호선,신목동,3989,3569,7558
20210427,9호선,선유도,8089,7878,15967
20210427,9호선,당산,17544,17843,35387
20210427,9호선,국회의사당,16194,16372,32566
20210427,9호선,여의도,26799,25688,52487
20210427,9호선,샛강,6075,6289,12364
20210427,9호선,노량진,25550,25126,50676
20210427,5호선,행당,8260,7441,15701
20210427,9호선,공항시장,2817,3073,5890
20210427,7호선,부평구청,12149,10113,22262
20210427,9호선,김포공항,7450,10222,17672
20210427,8호선,모란,4093,3125,7218
20210427,8호선,천호,14662,16389,31051
20210427,8호선,강동구청,10396,10817,21213
20210427,8호선,몽촌토성,5838,5911,11749
20210427,8호선,잠실,12829,15062,27891
20210427,8호선,석촌,7463,8643,16106
20210427,8호선,송파,7911,7854,15765
20210427,8호선,가락시장,7788,8518,16306
20210427,8호선,문정,22391,23556,45947
20210427,8호선,장지,16964,16368,33332
20210427,8호선,복정,11526,9952,21478
20210427,8호선,산성,6373,6409,12782
20210427,8호선,남한산성입구,13940,12909,26849
20210427,8호선,단대오거리,10588,10216,20804
20210427,8호선,신흥,4312,4670,8982
20210427,8호선,수진,4923,4508,9431
20210427,9호선,개화,2599,1806,4405
20210427,7호선,면목,16036,15625,31661
20210427,9호선,노들,4396,3740,8136
20210427,7호선,중화,11084,11039,22123
20210427,5호선,마천,6409,6441,12850
20210427,5호선,강일,3093,3179,6272
20210427,5호선,미사,14652,14570,29222
20210427,5호선,하남풍산,3831,3766,7597
20210427,5호선,하남시청,4953,4970,9923
20210427,5호선,하남검단산,4660,4628,9288
20210427,6호선,응암,17779,17630,35409
20210427,6호선,역촌,3549,4133,7682
20210427,6호선,불광,4244,4387,8631
20210427,6호선,독바위,2784,2985,5769
20210427,6호선,구산,7606,5786,13392
20210427,6호선,새절,13132,12405,25537
20210427,6호선,증산,10064,10062,20126
20210427,6호선,디지털미디어시티,13976,15316,29292
20210427,6호선,월드컵경기장,4406,4618,9024
20210427,5호선,거여,8584,8120,16704
20210427,6호선,마포구청,14204,12829,27033
20210427,5호선,개롱,6470,6686,13156
20210427,5호선,방이,6949,7141,14090
20210427,7호선,상봉,17002,15759,32761
20210427,5호선,답십리,16182,14905,31087
20210427,5호선,장한평,18614,18417,37031
20210427,5호선,군자,10929,12179,23108
20210427,5호선,아차산,14504,14224,28728
20210427,5호선,광나루,12924,11971,24895
20210427,5호선,천호,17589,17644,35233
20210427,5호선,강동,18647,17927,36574
20210427,5호선,길동,8131,8384,16515
20210427,5호선,굽은다리,9309,8921,18230
20210427,5호선,명일,8727,8865,17592
20210427,5호선,고덕,9560,9421,18981
20210427,5호선,상일동,16076,14587,30663
20210427,5호선,둔촌동,8602,8537,17139
20210427,5호선,올림픽공원,4289,3675,7964
20210427,5호선,오금,3932,3914,7846
20210427,6호선,망원,13523,14412,27935
20210427,5호선,마장,5552,5192,10744
20210427,6호선,상수,7250,7979,15229
20210427,6호선,돌곶이,9239,8647,17886
20210427,6호선,석계,12383,12738,25121
20210427,6호선,태릉입구,5388,5961,11349
20210427,6호선,화랑대,11492,9245,20737
20210427,6호선,봉화산,8929,8351,17280
20210427,7호선,도봉산,9279,10893,20172
20210427,7호선,수락산,12779,12594,25373
20210427,7호선,마들,12354,11850,24204
20210427,7호선,노원,18881,20152,39033
20210427,7호선,중계,14802,13586,28388
20210427,7호선,하계,17679,16842,34521
20210427,7호선,공릉,11745,11805,23550
20210427,7호선,태릉입구,8325,7933,16258
20210427,7호선,먹골,9905,9784,19689
20210427,6호선,합정,12315,11983,24298
20210427,6호선,상월곡,6278,5719,11997
20210427,6호선,월곡,11188,11122,22310
20210427,7호선,장암,2323,929,3252
20210427,6호선,안암,10483,10561,21044
20210427,6호선,고려대,7937,7664,15601
20210427,6호선,대흥,8058,8512,16570
20210427,6호선,공덕,18814,18157,36971
20210427,6호선,효창공원앞,6962,6379,13341
20210427,6호선,삼각지,5908,5250,11158
20210427,6호선,이태원,8876,8981,17857
20210427,6호선,한강진,7632,8802,16434
20210427,6호선,녹사평,4800,4573,9373
20210427,6호선,약수,3500,3631,7131
20210427,6호선,광흥창,9000,8780,17780
20210427,6호선,청구,3842,4093,7935
20210427,6호선,신당,8067,8458,16525
20210427,6호선,동묘앞,7883,7990,15873
20210427,6호선,창신,3835,3235,7070
20210427,6호선,보문,7160,6677,13837
20210427,6호선,버티고개,2197,2214,4411
20210428,6호선,독바위,2785,2984,5769
20210428,6호선,증산,10036,10002,20038
20210428,6호선,새절,12973,12320,25293
20210428,6호선,구산,7600,5681,13281
20210428,6호선,연신내,1,0,1
20210428,6호선,불광,4467,4393,8860
20210428,5호선,마천,6505,6460,12965
20210428,6호선,응암,17974,17652,35626
20210428,5호선,하남검단산,4727,4759,9486
20210428,5호선,하남시청,5046,4997,10043
20210428,5호선,하남풍산,3731,3699,7430
20210428,5호선,미사,14875,14557,29432
20210428,5호선,강일,3183,3317,6500
20210428,6호선,디지털미디어시티,14173,15443,29616
20210428,6호선,역촌,3684,4173,7857
20210428,6호선,월드컵경기장,4604,4886,9490
20210428,6호선,동묘앞,7974,8174,16148
20210428,6호선,망원,13732,14885,28617
20210428,5호선,오목교,22173,23998,46171
20210428,6호선,신당,7865,8345,16210
20210428,6호선,청구,3855,4139,7994
20210428,6호선,약수,3527,3581,7108
20210428,6호선,버티고개,2220,2119,4339
20210428,6호선,한강진,7639,8819,16458
20210428,6호선,이태원,8922,9091,18013
20210428,6호선,녹사평,4927,4716,9643
20210428,6호선,삼각지,5989,5230,11219
20210428,6호선,효창공원앞,7107,6440,13547
20210428,6호선,공덕,18885,18170,37055
20210428,6호선,대흥,8093,8415,16508
20210428,6호선,광흥창,9120,8731,17851
20210428,6호선,상수,7374,8292,15666
20210428,6호선,합정,12511,12377,24888
20210428,6호선,마포구청,14061,12763,26824
20210428,5호선,거여,8668,8163,16831
20210428,5호선,마장,5653,5234,10887
20210428,5호선,오금,3910,3779,7689
20210428,5호선,을지로4가,6224,6389,12613
20210428,5호선,종로3가,11801,11885,23686
20210428,5호선,광화문,30413,31734,62147
20210428,5호선,서대문,19355,19843,39198
20210428,5호선,충정로,5244,5261,10505
20210428,5호선,애오개,7123,7171,14294
20210428,5호선,공덕,15111,15990,31101
20210428,5호선,마포,14613,14954,29567
20210428,5호선,여의나루,12758,14003,26761
20210428,5호선,여의도,28798,30467,59265
20210428,5호선,신길,4211,4428,8639
20210428,5호선,영등포시장,9934,10275,20209
20210428,5호선,영등포구청,4107,4241,8348
20210428,5호선,양평,7619,7494,15113
20210428,6호선,창신,3845,3174,7019
20210428,5호선,동대문역사문화공원,2859,3354,6213
20210428,5호선,개롱,6564,6806,13370
20210428,5호선,청구,4114,3770,7884
20210428,5호선,왕십리,4584,4976,9560
20210428,5호선,방이,7002,7184,14186
20210428,5호선,올림픽공원,4280,3744,8024
20210428,5호선,둔촌동,8574,8541,17115
20210428,5호선,상일동,16142,14457,30599
20210428,5호선,고덕,9580,9378,18958
20210428,5호선,명일,8729,9079,17808
20210428,5호선,굽은다리,9500,9041,18541
20210428,5호선,길동,7903,8192,16095
20210428,5호선,강동,18635,17728,36363
20210428,5호선,천호,17751,17845,35596
20210428,5호선,광나루,12905,11912,24817
20210428,5호선,아차산,15200,14795,29995
20210428,5호선,군자,11227,12350,23577
20210428,5호선,장한평,18770,18579,37349
20210428,5호선,답십리,16296,14866,31162
20210428,5호선,신금호,6590,6741,13331
20210428,6호선,보문,7163,6671,13834
20210428,7호선,남성,11683,10754,22437
20210428,6호선,고려대,8113,7908,16021
20210428,7호선,상동,12252,12768,25020
20210428,7호선,부천시청,12297,12264,24561
20210428,7호선,신중동,14371,14240,28611
20210428,7호선,춘의,9855,9619,19474
20210428,7호선,부천종합운동장,4609,4076,8685
20210428,7호선,까치울,7869,7598,15467
20210428,7호선,온수,11232,10307,21539
20210428,7호선,천왕,11771,11204,22975
20210428,7호선,광명사거리,22345,21946,44291
20210428,7호선,철산,21589,22252,43841
20210428,7호선,가산디지털단지,48621,48680,97301
20210428,7호선,남구로,16389,17614,34003
20210428,7호선,대림,7472,7484,14956
20210428,7호선,신풍,11834,11317,23151
20210428,7호선,보라매,10093,10125,20218
20210428,7호선,삼산체육관,5232,4831,10063
20210428,7호선,신대방삼거리,16619,16081,32700
20210428,7호선,굴포천,8710,9226,17936
20210428,8호선,암사,19091,16959,36050
20210428,5호선,목동,17313,18939,36252
20210428,8호선,신흥,4309,4649,8958
20210428,8호선,단대오거리,10716,10349,21065
20210428,8호선,남한산성입구,14008,12791,26799
20210428,8호선,산성,6346,6456,12802
20210428,8호선,복정,11577,10032,21609
20210428,8호선,장지,17463,16590,34053
20210428,8호선,문정,22537,23351,45888
20210428,8호선,가락시장,7863,8668,16531
20210428,8호선,송파,7964,7938,15902
20210428,8호선,석촌,7434,8665,16099
20210428,8호선,잠실,13042,15063,28105
20210428,8호선,몽촌토성,6129,6341,12470
20210428,8호선,강동구청,10539,11064,21603
20210428,8호선,천호,14767,16830,31597
20210428,7호선,부평구청,12057,9952,22009
20210428,6호선,안암,10571,10601,21172
20210428,7호선,장승배기,9750,9410,19160
20210428,7호선,숭실대입구,12298,12615,24913
20210428,7호선,공릉,11859,11947,23806
20210428,7호선,하계,18385,17514,35899
20210428,7호선,중계,14789,13512,28301
20210428,7호선,노원,19272,20430,39702
20210428,7호선,마들,12609,12047,24656
20210428,7호선,수락산,12780,12741,25521
20210428,7호선,도봉산,9345,10911,20256
20210428,7호선,장암,2401,1001,3402
20210428,6호선,봉화산,9033,8445,17478
20210428,6호선,화랑대,11615,9079,20694
20210428,6호선,태릉입구,5496,6040,11536
20210428,6호선,석계,12385,12861,25246
20210428,6호선,돌곶이,9470,8798,18268
20210428,6호선,상월곡,6333,5733,12066
20210428,6호선,월곡,11144,11087,22231
20210428,7호선,태릉입구,8431,8001,16432
20210428,7호선,상도,10662,10393,21055
20210428,7호선,먹골,10036,9782,19818
20210428,7호선,상봉,16868,16019,32887
20210428,7호선,이수,15507,15033,30540
20210428,7호선,내방,14463,14774,29237
20210428,7호선,고속터미널,14043,12508,26551
20210428,7호선,논현,20869,22100,42969
20210428,7호선,학동,24653,26193,50846
20210428,7호선,강남구청,16796,18445,35241
20210428,7호선,청담,19756,22003,41759
20210428,7호선,뚝섬유원지,9747,9484,19231
20210428,7호선,건대입구,11842,12242,24084
20210428,7호선,어린이대공원,12454,12391,24845
20210428,7호선,군자,14641,11909,26550
20210428,7호선,중곡,10245,9411,19656
20210428,7호선,용마산,6154,5953,12107
20210428,7호선,사가정,16625,16451,33076
20210428,7호선,면목,15755,15415,31170
20210428,7호선,중화,11239,10929,22168
20210428,5호선,행당,8388,7575,15963
20210428,8호선,수진,4923,4553,9476
20210428,5호선,까치산,29318,28206,57524
20210428,2호선,역삼,51351,56715,108066
20210428,2호선,선릉,56550,50562,107112
20210428,2호선,삼성,50377,51614,101991
20210428,2호선,종합운동장,8556,9287,17843
20210428,2호선,잠실새내,20569,20333,40902
20210428,2호선,잠실,63949,63719,127668
20210428,2호선,강남,81364,80076,161440
20210428,2호선,잠실나루,14739,14413,29152
20210428,2호선,구의,23507,23220,46727
20210428,2호선,건대입구,33382,35657,69039
20210428,2호선,성수,35624,39106,74730
20210428,2호선,뚝섬,22151,24097,46248
20210428,2호선,한양대,8131,8778,16909
20210428,2호선,왕십리,16132,13136,29268
20210428,2호선,강변,28804,27998,56802
20210428,2호선,교대,34543,38910,73453
20210428,2호선,서초,22245,21622,43867
20210428,2호선,방배,17845,18695,36540
20210428,2호선,신촌,30657,31697,62354
20210428,2호선,홍대입구,48006,49834,97840
20210428,2호선,합정,29258,30677,59935
20210428,2호선,당산,19480,22471,41951
20210428,2호선,영등포구청,23362,23698,47060
20210428,2호선,문래,21745,22271,44016
20210428,2호선,신도림,48487,47269,95756
20210428,2호선,대림,24893,25415,50308
20210428,2호선,구로디지털단지,62006,62291,124297
20210428,2호선,신대방,26729,26054,52783
20210428,2호선,신림,61945,60081,122026
20210428,2호선,봉천,24540,22748,47288
20210428,2호선,서울대입구,47019,46058,93077
20210428,2호선,낙성대,27118,26384,53502
20210428,2호선,사당,35369,38759,74128
20210428,2호선,상왕십리,14285,13891,28176
20210428,2호선,신당,13910,14369,28279
20210428,2호선,동대문역사문화공원,11653,12872,24525
20210428,2호선,을지로4가,12833,12780,25613
20210428,수인선,인천,963,1649,2612
20210428,안산선,산본,16177,17216,33393
20210428,안산선,대야미,5184,4692,9876
20210428,안산선,반월,4427,4290,8717
20210428,안산선,상록수,16125,16391,32516
20210428,안산선,한대앞,9045,9116,18161
20210428,안산선,중앙,16890,17641,34531
20210428,안산선,고잔,8909,8506,17415
20210428,안산선,초지,4737,4979,9716
20210428,안산선,안산,11584,10444,22028
20210428,안산선,신길온천,1669,1573,3242
20210428,안산선,정왕,9695,10058,19753
20210428,안산선,오이도,8467,8267,16734
20210428,안산선,수리산,4390,3637,8027
20210428,일산선,대곡,1977,1556,3533
20210428,수인선,신포,1865,1864,3729
20210428,2호선,이대,12875,13302,26177
20210428,수인선,숭의,4041,3696,7737
20210428,수인선,송도,2721,2442,5163
20210428,2호선,을지로3가,22375,22043,44418
20210428,2호선,을지로입구,38727,39484,78211
20210428,2호선,시청,23271,22706,45977
20210428,1호선,청량리,19803,19521,39324
20210428,1호선,제기동,16856,17267,34123
20210428,1호선,신설동,14222,13943,28165
20210428,1호선,동대문,10924,10447,21371
20210428,1호선,종로5가,22058,21930,43988
20210428,1호선,종로3가,24908,22549,47457
20210428,1호선,종각,34796,33554,68350
20210428,1호선,시청,21595,21740,43335
20210428,1호선,동묘앞,8509,8932,17441
20210428,1호선,서울역,40416,38091,78507
20210428,2호선,신설동,3317,3234,6551
20210428,7호선,반포,5853,5643,11496
20210428,수인선,인하대,6017,5731,11748
20210428,2호선,아현,10844,10360,21204
20210428,2호선,충정로,10211,10760,20971
20210428,2호선,용답,2653,2677,5330
20210428,4호선,삼각지,5035,5415,10450
20210428,4호선,숙대입구,13023,12820,25843
20210428,4호선,서울역,10713,14383,25096
20210428,4호선,회현,24065,25549,49614
20210428,4호선,명동,17718,18403,36121
20210428,4호선,충무로,26430,27165,53595
20210428,4호선,동대문역사문화공원,14344,13169,27513
20210428,4호선,동대문,20354,21062,41416
20210428,4호선,혜화,30531,30681,61212
20210428,4호선,한성대입구,14093,13653,27746
20210428,4호선,성신여대입구,19636,18417,38053
20210428,4호선,길음,20566,20171,40737
20210428,4호선,미아사거리,27587,26749,54336
20210428,4호선,미아,15380,14775,30155
20210428,4호선,수유,33920,33793,67713
20210428,4호선,신용산,15423,16384,31807
20210428,3호선,오금,6182,5554,11736
20210428,4호선,이촌,7151,8057,15208
20210428,4호선,총신대입구,19131,20536,39667
20210428,5호선,화곡,28468,26875,55343
20210428,5호선,우장산,14742,14593,29335
20210428,5호선,발산,20096,20558,40654
20210428,5호선,마곡,10470,10226,20696
20210428,5호선,송정,6796,6408,13204
20210428,5호선,김포공항,6976,6595,13571
20210428,5호선,개화산,5526,5371,10897
20210428,5호선,방화,6835,6519,13354
20210428,4호선,쌍문,29575,27180,56755
20210428,4호선,창동,25788,27321,53109
20210428,4호선,노원,18478,20787,39265
20210428,4호선,상계,19501,18143,37644
20210428,4호선,당고개,12868,11745,24613
20210428,4호선,남태령,1220,1105,2325
20210428,4호선,사당,24006,20180,44186
20210428,4호선,동작,2657,2871,5528
20210428,5호선,신정,14537,11588,26125
20210428,3호선,경찰병원,7562,7586,15148
20210428,3호선,수서,16663,16914,33577
20210428,3호선,안국,19601,20230,39831
20210428,3호선,경복궁,19125,19072,38197
20210428,3호선,독립문,7188,7387,14575
20210428,3호선,무악재,3854,3949,7803
20210428,3호선,홍제,17673,16644,34317
20210428,3호선,녹번,14968,13713,28681
20210428,3호선,불광,16262,17551,33813
20210428,3호선,연신내,37546,35393,72939
20210428,3호선,구파발,20476,19592,40068
20210428,3호선,지축,4047,3906,7953
20210428,2호선,용두,2336,2355,4691
20210428,2호선,신정네거리,10515,10980,21495
20210428,2호선,양천구청,6967,7333,14300
20210428,2호선,도림천,1477,1535,3012
20210428,2호선,신답,1562,1854,3416
20210428,3호선,종로3가,9874,11330,21204
20210428,3호선,가락시장,9098,8873,17971
20210428,3호선,을지로3가,10619,11018,21637
20210428,3호선,약수,13115,12745,25860
20210428,3호선,일원,10143,9871,20014
20210428,3호선,대청,10225,9290,19515
20210428,3호선,학여울,1826,1821,3647
20210428,3호선,대치,10480,10453,20933
20210428,3호선,도곡,5782,5970,11752
20210428,3호선,매봉,12672,12179,24851
20210428,3호선,양재,39478,42710,82188
20210428,3호선,남부터미널,28129,29199,57328
20210428,3호선,교대,14248,9314,23562
20210428,3호선,고속터미널,34971,33954,68925
20210428,3호선,잠원,4813,4809,9622
20210428,3호선,신사,29676,30697,60373
20210428,3호선,압구정,30759,32489,63248
20210428,3호선,옥수,9105,9468,18573
20210428,3호선,금호,8289,7903,16192
20210428,3호선,동대입구,7616,8082,15698
20210428,8호선,모란,4086,3140,7226
20210428,경인선,주안,19101,17289,36390
20210428,9호선,김포공항,7181,10489,17670
20210428,분당선,한티,13308,14001,27309
20210428,분당선,선릉,13486,20132,33618
20210428,과천선,범계,25332,24887,50219
20210428,과천선,평촌,17874,17677,35551
20210428,과천선,인덕원,23766,24370,48136
20210428,과천선,정부과천청사,9551,9324,18875
20210428,분당선,도곡,6436,6488,12924
20210428,과천선,과천,5553,5157,10710
20210428,과천선,경마공원,1386,1360,2746
20210428,과천선,선바위,8603,7484,16087
20210428,공항철도 1호선,영종,2795,2852,5647
20210428,공항철도 1호선,인천공항2터미널,1838,1811,3649
20210428,공항철도 1호선,인천공항1터미널,2985,3190,6175
20210428,공항철도 1호선,공항화물청사,2302,2513,4815
20210428,과천선,대공원,2774,2906,5680
20210428,분당선,구룡,2099,2077,4176
20210428,분당선,개포동,3880,3996,7876
20210428,분당선,대모산입구,3517,3317,6834
20210428,분당선,오리,11864,9965,21829
20210428,분당선,미금,15384,16252,31636
20210428,분당선,정자,17208,18294,35502
20210428,분당선,수내,12966,13007,25973
20210428,분당선,서현,23919,24473,48392
20210428,분당선,야탑,25153,26247,51400
20210428,분당선,모란,19311,19263,38574
20210428,분당선,태평,13386,12973,26359
20210428,분당선,가천대,8898,9998,18896
20210428,분당선,선정릉,8298,8842,17140
20210428,분당선,강남구청,10070,11364,21434
20210428,분당선,압구정로데오,18127,20017,38144
20210428,분당선,서울숲,10940,11155,22095
20210428,분당선,수원,7873,6442,14315
20210428,분당선,수서,13068,13683,26751
20210428,공항철도 1호선,운서,5996,6075,12071
20210428,공항철도 1호선,청라국제도시,6576,6198,12774
20210428,공항철도 1호선,검암,6861,6780,13641
20210428,공항철도 1호선,계양,9348,8519,17867
20210428,경춘선,금곡,1635,1576,3211
20210428,경춘선,사릉,3723,3541,7264
20210428,경춘선,퇴계원,3739,3461,7200
20210428,경춘선,별내,2988,2864,5852
20210428,경춘선,갈매,3173,2768,5941
20210428,경춘선,신내,1769,1834,3603
20210428,경인선,도화,4356,4093,8449
20210428,경인선,중동,9398,8874,18272
20210428,경인선,온수,7156,7027,14183
20210428,경인선,도원,3287,3314,6601
20210428,경인선,간석,6145,5804,11949
20210428,경인선,부개,8652,7996,16648
20210428,경인선,소사,9526,8982,18508
20210428,경인선,구일,7551,7942,15493
20210428,경인선,인천,3580,2773,6353
20210428,경춘선,평내호평,6508,6471,12979
20210428,분당선,이매,5668,5300,10968
20210428,경춘선,천마산,1737,1637,3374
20210428,경춘선,대성리,527,472,999
20210428,공항철도 1호선,김포공항,10729,6379,17108
20210428,공항철도 1호선,마곡나루,8454,8272,16726
20210428,공항철도 1호선,디지털미디어시티,14031,12822,26853
20210428,공항철도 1호선,홍대입구,8474,8454,16928
20210428,공항철도 1호선,공덕,2183,2806,4989
20210428,공항철도 1호선,서울역,6350,5811,12161
20210428,경춘선,춘천,1411,1283,2694
20210428,경춘선,남춘천,2278,2254,4532
20210428,경춘선,김유정,288,317,605
20210428,경춘선,강촌,559,534,1093
20210428,경춘선,백양리,159,138,297
20210428,경춘선,굴봉산,169,164,333
20210428,경춘선,가평,1552,1524,3076
20210428,경춘선,상천,395,378,773
20210428,경춘선,청평,1555,1512,3067
20210428,경춘선,마석,4398,4447,8845
20210428,경인선,동인천,14129,13423,27552
20210428,분당선,죽전,13342,14539,27881
20210428,분당선,신갈,4392,4372,8764
20210428,중앙선,상봉,6073,6004,12077
20210428,중앙선,중랑,5519,5311,10830
20210428,중앙선,회기,24251,23611,47862
20210428,장항선,신창,1671,1624,3295
20210428,장항선,온양온천,3145,3254,6399
20210428,장항선,배방,941,880,1821
20210428,중앙선,망우,7729,7661,15390
20210428,장항선,아산,2611,2454,5065
20210428,장항선,봉명,1306,1234,2540
20210428,일산선,대화,12865,10063,22928
20210428,일산선,주엽,8913,8891,17804
20210428,일산선,정발산,7253,7205,14458
20210428,일산선,마두,7465,7839,15304
20210428,일산선,백석,9669,9724,19393
20210428,장항선,쌍용,2141,2007,4148
20210428,중앙선,양원,2157,2074,4231
20210428,중앙선,구리,13699,13835,27534
20210428,중앙선,도농,10174,9273,19447
20210428,9호선,등촌,11058,10934,21992
20210428,중앙선,지평,76,103,179
20210428,중앙선,용문,1734,1779,3513
20210428,중앙선,원덕,402,372,774
20210428,중앙선,양평,3994,4061,8055
20210428,중앙선,오빈,344,327,671
20210428,중앙선,아신,545,547,1092
20210428,중앙선,국수,848,830,1678
20210428,중앙선,신원,244,213,457
20210428,중앙선,양수,1802,1879,3681
20210428,중앙선,운길산,846,849,1695
20210428,중앙선,팔당,958,884,1842
20210428,중앙선,도심,2554,1977,4531
20210428,중앙선,덕소,5693,5581,11274
20210428,중앙선,양정,821,723,1544
20210428,일산선,화정,16871,17151,34022
20210428,일산선,원당,11273,10884,22157
20210428,일산선,삼송,18767,18327,37094
20210428,일산선,원흥,10283,9768,20051
20210428,수인선,월곶,2576,2406,4982
20210428,수인선,달월,111,80,191
20210428,수인선,사리,4172,3715,7887
20210428,수인선,야목,277,228,505
20210428,수인선,어천,721,732,1453
20210428,수인선,오목천,2978,2661,5639
20210428,수인선,고색,4076,3899,7975
20210428,분당선,매교,2954,3061,6015
20210428,분당선,수원시청,12080,13076,25156
20210428,분당선,매탄권선,4884,4804,9688
20210428,분당선,망포,13708,13133,26841
20210428,분당선,영통,7907,8120,16027
20210428,분당선,청명,4234,4013,8247
20210428,분당선,상갈,5365,5115,10480
20210428,분당선,기흥,9292,8878,18170
20210428,수인선,소래포구,5795,5597,11392
20210428,분당선,구성,4877,5109,9986
20210428,수인선,인천논현,5605,6036,11641
20210428,수인선,남동인더스파크,2412,2688,5100
20210428,우이신설선,신설동,2229,2150,4379
20210428,우이신설선,보문,1504,1470,2974
20210428,우이신설선,성신여대입구,3126,3477,6603
20210428,우이신설선,정릉,4425,4190,8615
20210428,우이신설선,북한산보국문,5957,5725,11682
20210428,우이신설선,솔샘,5752,5486,11238
20210428,우이신설선,삼양사거리,2366,2515,4881
20210428,우이신설선,삼양,1996,2065,4061
20210428,우이신설선,화계,3192,3086,6278
20210428,우이신설선,가오리,4061,4093,8154
20210428,우이신설선,4.19민주묘지,2987,2909,5896
20210428,우이신설선,솔밭공원,2374,2344,4718
20210428,우이신설선,북한산우이,2687,2437,5124
20210428,수인선,연수,4636,4523,9159
20210428,수인선,원인재,4384,4792,9176
20210428,수인선,호구포,3937,4172,8109
20210428,경인선,제물포,11301,10764,22065
20210428,분당선,보정,2493,2196,4689
20210428,경인선,백운,7214,7168,14382
20210428,경부선,영등포,35549,36630,72179
20210428,경부선,대방,12998,13199,26197
20210428,경부선,노량진,8498,8579,17077
20210428,경부선,용산,29742,30057,59799
20210428,경부선,남영,9867,10240,20107
20210428,경부선,서울역,4468,1480,5948
20210428,경강선,여주,1947,1952,3899
20210428,경강선,세종대왕릉,291,276,567
20210428,경강선,부발,1841,1741,3582
20210428,경강선,이천,2244,2383,4627
20210428,경강선,신둔도예촌,1209,1189,2398
20210428,경강선,곤지암,1998,2046,4044
20210428,경강선,초월,3019,2932,5951
20210428,경강선,경기광주,6993,6633,13626
20210428,경강선,삼동,2339,2157,4496
20210428,경부선,신도림,4319,4321,8640
20210428,경강선,이매,1162,1044,2206
20210428,경부선,신길,9725,8350,18075
20210428,경부선,가산디지털단지,18443,21648,40091
20210428,경부선,세마,2733,2548,5281
20210428,경부선,병점,13930,14081,28011
20210428,경부선,세류,3058,2772,5830
20210428,경부선,독산,16907,17986,34893
20210428,경부선,수원,32541,34013,66554
20210428,경부선,화서,7593,7308,14901
20210428,경부선,성균관대,14722,14588,29310
20210428,경부선,의왕,9243,9119,18362
20210428,경부선,군포,7742,7842,15584
20210428,경부선,금정,26475,26605,53080
20210428,경부선,명학,9370,9211,18581
20210428,경부선,안양,24284,24361,48645
20210428,경부선,관악,7430,6897,14327
20210428,경부선,석수,9954,8877,18831
20210428,경부선,금천구청,12034,12106,24140
20210428,경부선,구로,19404,19783,39187
20210428,경부선,오산대,3781,3550,7331
20210428,경강선,판교,4320,4153,8473
20210428,9호선2~3단계,둔촌오륜,1321,1120,2441
20210428,9호선,노량진,25602,25371,50973
20210428,9호선,샛강,5849,6124,11973
20210428,9호선,여의도,27182,26193,53375
20210428,9호선,국회의사당,15843,16108,31951
20210428,9호선,당산,17782,18012,35794
20210428,9호선,선유도,8125,7829,15954
20210428,9호선,신목동,3964,3629,7593
20210428,9호선,염창,17150,16590,33740
20210428,9호선,증미,7350,7334,14684
20210428,9호선,가양,20137,19963,40100
20210428,9호선,양천향교,9361,9579,18940
20210428,9호선,마곡나루,11387,11296,22683
20210428,9호선,신방화,6817,6574,13391
20210428,9호선,공항시장,2798,3021,5819
20210428,경인선,동암,15537,15625,31162
20210428,9호선,노들,4419,3866,8285
20210428,9호선2~3단계,중앙보훈병원,10265,9217,19482
20210428,9호선,흑석,7723,8069,15792
20210428,9호선,구반포,2820,2784,5604
20210428,9호선2~3단계,올림픽공원,5592,5674,11266
20210428,9호선2~3단계,한성백제,2433,2190,4623
20210428,9호선2~3단계,송파나루,4453,4848,9301
20210428,9호선2~3단계,석촌,7943,7145,15088
20210428,9호선2~3단계,석촌고분,5797,5794,11591
20210428,9호선2~3단계,삼전,6468,6157,12625
20210428,9호선2~3단계,종합운동장,4177,4268,8445
20210428,9호선2~3단계,봉은사,15140,15389,30529
20210428,9호선2~3단계,삼성중앙,6807,7090,13897
20210428,9호선2~3단계,선정릉,9726,10610,20336
20210428,9호선2~3단계,언주,9919,10087,20006
20210428,9호선,신논현,30644,30469,61113
20210428,9호선,사평,3289,3249,6538
20210428,9호선,고속터미널,11450,14238,25688
20210428,9호선,신반포,3322,3298,6620
20210428,9호선,동작,1788,1451,3239
20210428,경부선,오산,10023,9774,19797
20210428,9호선,개화,2657,1821,4478
20210428,경의선,곡산,612,661,1273
20210428,경의선,능곡,3937,3581,7518
20210428,경의선,행신,7855,7923,15778
20210428,경의선,강매,3272,2815,6087
20210428,경의선,화전,1954,1847,3801
20210428,경의선,수색,2749,3020,5769
20210428,경의선,디지털미디어시티,2461,2317,4778
20210428,경부선,진위,1644,1475,3119
20210428,경의선,가좌,5419,5044,10463
20210428,경의선,서강대,2127,2021,4148
20210428,경의선,효창공원앞,2916,3373,6289
20210428,경의선,신촌,881,1073,1954
20210428,경의선,서울역,4188,5333,9521
20210428,경원선,소요산,2705,2280,4985
20210428,경원선,동두천,2253,2567,4820
20210428,경의선,홍대입구,1592,1749,3341
20210428,경의선,백마,7001,6825,13826
20210428,경의선,풍산,5588,5227,10815
20210428,경의선,일산,10448,10501,20949
20210428,경인선,부평,29607,31812,61419
20210428,경인선,송내,28108,28208,56316
20210428,경인선,부천,32289,32625,64914
20210428,경인선,역곡,28421,28290,56711
20210428,경인선,오류동,12343,11612,23955
20210428,경인선,개봉,21663,22162,43825
20210428,경의선,임진강,17,15,32
20210428,경의선,문산,4959,4921,9880
20210428,경의선,파주,1665,1269,2934
20210428,경의선,월롱,2636,2539,5175
20210428,경의선,금촌,6297,6096,12393
20210428,경의선,금릉,4546,4471,9017
20210428,경의선,운정,6619,6532,13151
20210428,경의선,야당,6778,6706,13484
20210428,경의선,탄현,7754,7283,15037
20210428,경원선,보산,1479,1390,2869
20210428,경원선,동두천중앙,3074,2994,6068
20210428,경의선,공덕,3571,3226,6797
20210428,경원선,덕정,5954,5665,11619
20210428,경원선,옥수,76,35,111
20210428,경원선,한남,4168,3890,8058
20210428,경원선,서빙고,1948,1707,3655
20210428,경원선,이촌,3871,2943,6814
20210428,경부선,광명,3013,2539,5552
20210428,경원선,지행,6438,6358,12796
20210428,경부선,당정,6335,6149,12484
20210428,경부선,천안,4702,4845,9547
20210428,경부선,두정,5271,5303,10574
20210428,경부선,직산,702,708,1410
20210428,경부선,성환,4077,4051,8128
20210428,경부선,평택,11442,11217,22659
20210428,경부선,지제,2745,2700,5445
20210428,경부선,서정리,6799,6348,13147
20210428,경부선,송탄,3939,3717,7656
20210428,경원선,응봉,1841,1618,3459
20210428,경원선,왕십리,13617,15237,28854
20210428,경부선,서동탄,1594,1322,2916
20210428,경원선,외대앞,7236,7191,14427
20210428,경원선,청량리,13742,14704,28446
20210428,경원선,양주,7730,7074,14804
20210428,경원선,녹양,4633,4455,9088
20210428,경원선,가능,6649,6400,13049
20210428,경원선,의정부,17610,18248,35858
20210428,경원선,회룡,12551,12606,25157
20210428,경원선,망월사,7933,8061,15994
20210428,경원선,덕계,3148,2869,6017
20210428,경원선,도봉,6155,5977,12132
20210428,경원선,방학,9673,9476,19149
20210428,경원선,녹천,4825,4027,8852
20210428,경원선,월계,6879,6479,13358
20210428,경원선,광운대,8987,8677,17664
20210428,경원선,석계,8070,9150,17220
20210428,경원선,신이문,8539,7922,16461
20210428,경원선,도봉산,8013,5210,13223
20210429,경원선,방학,9596,9337,18933
20210429,경원선,도봉,6071,5890,11961
20210429,경원선,도봉산,7800,4962,12762
20210429,경원선,망월사,7763,7889,15652
20210429,경원선,회룡,12393,12611,25004
20210429,경원선,의정부,17430,18060,35490
20210429,경원선,가능,6512,6262,12774
20210429,경원선,덕정,5862,5867,11729
20210429,경원선,양주,7719,7243,14962
20210429,경원선,덕계,3378,2887,6265
20210429,경원선,지행,6391,6456,12847
20210429,경원선,동두천중앙,3062,2958,6020
20210429,경원선,보산,1520,1354,2874
20210429,경원선,동두천,2263,2652,4915
20210429,경원선,녹천,4797,4113,8910
20210429,경원선,녹양,4611,4433,9044
20210429,경원선,월계,6773,6297,13070
20210429,경인선,동인천,14086,13353,27439
20210429,경원선,석계,8113,9121,17234
20210429,경부선,직산,722,765,1487
20210429,경부선,두정,5523,5246,10769
20210429,경부선,천안,5034,4892,9926
20210429,경부선,당정,6398,6159,12557
20210429,경부선,서동탄,1556,1337,2893
20210429,경부선,광명,3191,2718,5909
20210429,경원선,이촌,3805,2865,6670
20210429,경원선,서빙고,1882,1737,3619
20210429,경원선,한남,4165,3864,8029
20210429,경원선,옥수,65,36,101
20210429,경원선,응봉,1884,1710,3594
20210429,경원선,왕십리,13833,15442,29275
20210429,경원선,청량리,13982,14750,28732
20210429,경원선,외대앞,7292,7295,14587
20210429,경원선,신이문,8640,7907,16547
20210429,경원선,광운대,9021,8726,17747
20210429,경원선,소요산,2652,2347,4999
20210429,경인선,제물포,11361,10904,22265
20210429,경의선,신촌,867,1069,1936
20210429,경의선,금촌,6358,6305,12663
20210429,경의선,월롱,2501,2300,4801
20210429,경의선,파주,1660,1206,2866
20210429,경의선,문산,5317,5518,10835
20210429,경의선,임진강,17,15,32
20210429,경인선,개봉,21872,22271,44143
20210429,경인선,오류동,12309,11533,23842
20210429,경인선,역곡,28545,28289,56834
20210429,경인선,부천,32937,32999,65936
20210429,경인선,송내,28093,28244,56337
20210429,경인선,부평,29634,31456,61090
20210429,경인선,백운,7208,7171,14379
20210429,경인선,동암,15326,15402,30728
20210429,경인선,주안,19013,17333,36346
20210429,경부선,성환,4305,4156,8461
20210429,경의선,금릉,4623,4556,9179
20210429,경의선,서울역,4281,5408,9689
20210429,경의선,운정,6709,6468,13177
20210429,경의선,탄현,7707,7395,15102
20210429,경의선,효창공원앞,2937,3364,6301
20210429,경의선,공덕,3483,3139,6622
20210429,경의선,서강대,2020,1952,3972
20210429,경의선,홍대입구,1566,1790,3356
20210429,경의선,가좌,5443,5045,10488
20210429,경의선,디지털미디어시티,2526,2432,4958
20210429,경의선,수색,2754,2906,5660
20210429,경의선,화전,2043,1901,3944
20210429,경의선,강매,3282,2890,6172
20210429,경의선,행신,7868,7791,15659
20210429,경의선,능곡,3872,3539,7411
20210429,경의선,곡산,638,665,1303
20210429,경의선,백마,7145,6826,13971
20210429,경의선,풍산,5695,5446,11141
20210429,경의선,일산,9604,9711,19315
20210429,경의선,야당,6928,6769,13697
20210429,경부선,평택,11537,11269,22806
20210429,경강선,신둔도예촌,1251,1166,2417
20210429,경부선,서정리,6750,6244,12994
20210429,9호선2~3단계,선정릉,9569,10495,20064
20210429,9호선2~3단계,삼성중앙,6739,7123,13862
20210429,9호선2~3단계,봉은사,15710,16032,31742
20210429,9호선2~3단계,종합운동장,4146,4146,8292
20210429,9호선2~3단계,삼전,6559,6342,12901
20210429,9호선2~3단계,석촌고분,5841,5933,11774
20210429,9호선2~3단계,언주,9961,10302,20263
20210429,9호선2~3단계,석촌,7928,7032,14960
20210429,9호선2~3단계,한성백제,2501,2228,4729
20210429,9호선2~3단계,올림픽공원,5597,5606,11203
20210429,9호선2~3단계,둔촌오륜,1318,1151,2469
20210429,9호선2~3단계,중앙보훈병원,10071,8978,19049
20210429,경강선,판교,4287,4193,8480
20210429,경강선,이매,1170,1103,2273
20210429,9호선2~3단계,송파나루,4437,4876,9313
20210429,9호선,신논현,31016,30703,61719
20210429,9호선,사평,3364,3312,6676
20210429,9호선,고속터미널,11382,14034,25416
20210429,9호선,증미,7275,7288,14563
20210429,9호선,등촌,11124,10943,22067
20210429,9호선,염창,16946,16788,33734
20210429,9호선,신목동,3916,3585,7501
20210429,9호선,선유도,8097,7935,16032
20210429,9호선,당산,18001,17963,35964
20210429,9호선,국회의사당,15356,15778,31134
20210429,9호선,여의도,26799,25790,52589
20210429,9호선,샛강,5794,6062,11856
20210429,9호선,노량진,25789,25394,51183
20210429,9호선,노들,4482,3888,8370
20210429,9호선,흑석,7687,7897,15584
20210429,9호선,동작,1808,1487,3295
20210429,9호선,구반포,2946,3128,6074
20210429,9호선,신반포,3393,3304,6697
20210429,경강선,삼동,2474,2201,4675
20210429,경강선,경기광주,6957,6714,13671
20210429,경강선,초월,3110,2851,5961
20210429,경강선,곤지암,2224,2218,4442
20210429,경부선,금정,26190,26739,52929
20210429,경부선,군포,7770,7789,15559
20210429,경부선,의왕,9131,8986,18117
20210429,경부선,성균관대,14941,14745,29686
20210429,경부선,화서,7705,7461,15166
20210429,경부선,수원,34048,35168,69216
20210429,경부선,독산,16853,17972,34825
20210429,경부선,세류,2887,2805,5692
20210429,경부선,병점,14191,14350,28541
20210429,경부선,세마,2736,2595,5331
20210429,경부선,오산대,3765,3315,7080
20210429,7호선,먹골,9965,9655,19620
20210429,경부선,오산,9444,9598,19042
20210429,경부선,진위,1695,1431,3126
20210429,경부선,송탄,3993,3731,7724
20210429,경부선,명학,9420,9309,18729
20210429,경부선,지제,2741,2739,5480
20210429,경부선,안양,24547,24515,49062
20210429,경부선,석수,10121,9031,19152
20210429,경강선,이천,2329,2432,4761
20210429,경강선,부발,1691,1718,3409
20210429,경강선,세종대왕릉,304,285,589
20210429,경강선,여주,2037,1996,4033
20210429,경부선,서울역,4714,1596,6310
20210429,경부선,남영,9666,10249,19915
20210429,경부선,용산,30384,31026,61410
20210429,경부선,노량진,8403,8564,16967
20210429,경부선,대방,13045,13524,26569
20210429,경부선,영등포,35816,36617,72433
20210429,경부선,신도림,4156,4244,8400
20210429,경부선,신길,9581,8126,17707
20210429,경부선,구로,19244,19593,38837
20210429,경부선,가산디지털단지,18589,21585,40174
20210429,경부선,금천구청,12007,11930,23937
20210429,경부선,관악,7347,6864,14211
20210429,9호선,가양,20460,19887,40347
20210429,2호선,잠실나루,14530,14212,28742
20210429,경인선,소사,9417,9100,18517
20210429,수인선,송도,2709,2489,5198
20210429,수인선,인하대,6043,5791,11834
20210429,수인선,숭의,3978,3772,7750
20210429,수인선,신포,1859,1827,3686
20210429,수인선,인천,1006,1635,2641
20210429,안산선,산본,15766,16866,32632
20210429,안산선,대야미,5115,4532,9647
20210429,안산선,반월,4391,4236,8627
20210429,안산선,상록수,16237,16391,32628
20210429,안산선,한대앞,9199,9188,18387
20210429,안산선,중앙,16902,17687,34589
20210429,안산선,고잔,8795,8464,17259
20210429,안산선,초지,4734,4861,9595
20210429,안산선,안산,11329,10259,21588
20210429,안산선,신길온천,1702,1565,3267
20210429,수인선,연수,4406,4412,8818
20210429,안산선,정왕,9650,9897,19547
20210429,수인선,원인재,4280,4470,8750
20210429,수인선,호구포,4005,4150,8155
20210429,분당선,청명,4255,4150,8405
20210429,분당선,영통,7929,8110,16039
20210429,분당선,망포,14001,13390,27391
20210429,분당선,매탄권선,4984,4756,9740
20210429,분당선,수원시청,12042,12941,24983
20210429,분당선,매교,2988,3074,6062
20210429,수인선,고색,4024,3846,7870
20210429,수인선,오목천,2998,2810,5808
20210429,수인선,어천,678,676,1354
20210429,수인선,야목,241,186,427
20210429,수인선,사리,4308,3880,8188
20210429,수인선,달월,104,73,177
20210429,수인선,월곶,2534,2377,4911
20210429,수인선,소래포구,5567,5320,10887
20210429,수인선,인천논현,5540,5909,11449
20210429,수인선,남동인더스파크,2400,2753,5153
20210429,분당선,상갈,5365,5208,10573
20210429,안산선,오이도,8523,8304,16827
20210429,우이신설선,북한산우이,2826,2578,5404
20210429,2호선,을지로입구,39233,39927,79160
20210429,2호선,을지로3가,22496,22260,44756
20210429,2호선,을지로4가,13003,12977,25980
20210429,2호선,동대문역사문화공원,11905,13205,25110
20210429,2호선,신당,13818,14230,28048
20210429,2호선,상왕십리,14439,13962,28401
20210429,2호선,왕십리,15914,12979,28893
20210429,2호선,한양대,8461,9162,17623
20210429,2호선,뚝섬,22745,24340,47085
20210429,2호선,성수,35365,39116,74481
20210429,2호선,건대입구,33876,35648,69524
20210429,2호선,구의,23374,23161,46535
20210429,2호선,강변,29204,28271,57475
20210429,9호선,양천향교,9473,9652,19125
20210429,2호선,잠실,64721,64505,129226
20210429,2호선,시청,23055,22651,45706
20210429,안산선,수리산,4319,3649,7968
20210429,1호선,제기동,16851,17118,33969
20210429,1호선,청량리,19893,19794,39687
20210429,우이신설선,솔밭공원,2542,2389,4931
20210429,우이신설선,4.19민주묘지,2975,2898,5873
20210429,우이신설선,가오리,4311,4332,8643
20210429,우이신설선,화계,3282,3141,6423
20210429,우이신설선,삼양,2015,2138,4153
20210429,우이신설선,삼양사거리,2313,2474,4787
20210429,우이신설선,솔샘,5700,5486,11186
20210429,우이신설선,북한산보국문,6060,5840,11900
20210429,우이신설선,정릉,4541,4246,8787
20210429,우이신설선,성신여대입구,3200,3511,6711
20210429,우이신설선,보문,1487,1504,2991
20210429,우이신설선,신설동,2247,2196,4443
20210429,일산선,원흥,10321,9823,20144
20210429,일산선,삼송,18744,18409,37153
20210429,일산선,원당,11099,10708,21807
20210429,1호선,신설동,14108,13804,27912
20210429,경인선,구일,7811,7988,15799
20210429,분당선,기흥,9640,9044,18684
20210429,분당선,구성,5025,5204,10229
20210429,경춘선,굴봉산,185,200,385
20210429,경춘선,백양리,97,93,190
20210429,경춘선,강촌,526,521,1047
20210429,경춘선,김유정,285,312,597
20210429,경춘선,남춘천,2316,2116,4432
20210429,경춘선,춘천,1526,1238,2764
20210429,공항철도 1호선,서울역,6909,6290,13199
20210429,공항철도 1호선,공덕,2145,2742,4887
20210429,공항철도 1호선,홍대입구,8783,8679,17462
20210429,공항철도 1호선,디지털미디어시티,13993,12663,26656
20210429,공항철도 1호선,마곡나루,8374,8059,16433
20210429,공항철도 1호선,김포공항,11374,6638,18012
20210429,공항철도 1호선,계양,9399,8587,17986
20210429,공항철도 1호선,검암,6930,6834,13764
20210429,공항철도 1호선,청라국제도시,6627,6288,12915
20210429,경춘선,가평,1675,1670,3345
20210429,공항철도 1호선,운서,5948,5971,11919
20210429,경춘선,상천,374,383,757
20210429,경춘선,대성리,544,468,1012
20210429,경인선,부개,8619,8054,16673
20210429,경인선,간석,6178,5843,12021
20210429,경인선,도원,3112,3127,6239
20210429,경인선,온수,7244,6996,14240
20210429,경인선,중동,9286,8626,17912
20210429,경인선,도화,4365,4060,8425
20210429,경춘선,신내,1738,1806,3544
20210429,경춘선,갈매,3204,2747,5951
20210429,경춘선,별내,2995,2918,5913
20210429,경춘선,퇴계원,3649,3411,7060
20210429,경춘선,사릉,3564,3463,7027
20210429,경춘선,금곡,1605,1571,3176
20210429,경춘선,평내호평,6414,6357,12771
20210429,경춘선,천마산,1755,1642,3397
20210429,경춘선,마석,4016,3967,7983
20210429,경춘선,청평,1574,1640,3214
20210429,분당선,신갈,4486,4504,8990
20210429,공항철도 1호선,공항화물청사,2335,2500,4835
20210429,공항철도 1호선,인천공항2터미널,1885,1823,3708
20210429,분당선,압구정로데오,18875,20555,39430
20210429,분당선,강남구청,9854,11378,21232
20210429,분당선,선정릉,8204,8883,17087
20210429,분당선,가천대,9400,10291,19691
20210429,분당선,태평,13661,13230,26891
20210429,분당선,모란,25737,26483,52220
20210429,분당선,야탑,25423,26504,51927
20210429,분당선,서현,24277,24571,48848
20210429,분당선,수내,13037,13175,26212
20210429,분당선,정자,17048,18162,35210
20210429,분당선,미금,15534,16526,32060
20210429,분당선,오리,12209,10146,22355
20210429,분당선,이매,5814,5391,11205
20210429,분당선,보정,2525,2215,4740
20210429,분당선,죽전,13676,14976,28652
20210429,분당선,서울숲,11230,11344,22574
20210429,공항철도 1호선,인천공항1터미널,3202,3391,6593
20210429,분당선,수원,8118,6752,14870
20210429,분당선,수서,13813,14277,28090
20210429,공항철도 1호선,영종,2866,2908,5774
20210429,과천선,선바위,8708,7697,16405
20210429,과천선,경마공원,1236,1227,2463
20210429,과천선,대공원,2694,2826,5520
20210429,과천선,과천,5653,5170,10823
20210429,과천선,정부과천청사,9782,9702,19484
20210429,과천선,인덕원,23927,24607,48534
20210429,과천선,평촌,18216,18145,36361
20210429,과천선,범계,25702,25089,50791
20210429,분당선,선릉,13467,19994,33461
20210429,분당선,한티,13171,14019,27190
20210429,분당선,도곡,6369,6447,12816
20210429,분당선,구룡,2177,2099,4276
20210429,분당선,개포동,3761,3890,7651
20210429,분당선,대모산입구,3662,3413,7075
20210429,분당선,복정,1,0,1
20210429,9호선,마곡나루,11292,11521,22813
20210429,경인선,인천,3651,2782,6433
20210429,9호선,공항시장,2863,3154,6017
20210429,3호선,고속터미널,36435,35476,71911
20210429,3호선,교대,14289,9323,23612
20210429,3호선,남부터미널,28572,29333,57905
20210429,3호선,양재,39475,42829,82304
20210429,3호선,매봉,12693,12142,24835
20210429,3호선,도곡,5763,5797,11560
20210429,3호선,잠원,4842,4845,9687
20210429,3호선,대치,10436,10400,20836
20210429,3호선,대청,9946,9128,19074
20210429,3호선,일원,10194,9989,20183
20210429,3호선,수서,16965,17122,34087
20210429,3호선,가락시장,9020,9007,18027
20210429,3호선,경찰병원,7640,7645,15285
20210429,3호선,오금,6123,5582,11705
20210429,3호선,학여울,3471,3534,7005
20210429,3호선,신사,29814,31125,60939
20210429,3호선,압구정,30517,32344,62861
20210429,3호선,옥수,9308,9650,18958
20210429,3호선,구파발,20580,19542,40122
20210429,3호선,연신내,37294,34817,72111
20210429,3호선,불광,16211,17291,33502
20210429,3호선,녹번,15107,13880,28987
20210429,3호선,홍제,17700,16853,34553
20210429,3호선,무악재,3894,3897,7791
20210429,3호선,독립문,7410,7492,14902
20210429,3호선,경복궁,19248,18802,38050
20210429,3호선,안국,19535,20207,39742
20210429,3호선,종로3가,10028,11354,21382
20210429,3호선,을지로3가,10694,11165,21859
20210429,3호선,충무로,2,0,2
20210429,3호선,동대입구,7774,8134,15908
20210429,3호선,약수,13032,12791,25823
20210429,3호선,금호,8317,7817,16134
20210429,4호선,수유,33930,33385,67315
20210429,4호선,미아,15215,15061,30276
20210429,4호선,미아사거리,27780,27019,54799
20210429,4호선,길음,20346,20029,40375
20210429,4호선,노원,18722,21085,39807
20210429,4호선,창동,25668,27199,52867
20210429,4호선,쌍문,29706,27353,57059
20210429,5호선,방화,6749,6472,13221
20210429,5호선,개화산,5550,5214,10764
20210429,5호선,김포공항,7180,6901,14081
20210429,5호선,송정,6736,6433,13169
20210429,5호선,마곡,10293,10244,20537
20210429,5호선,발산,19612,20031,39643
20210429,5호선,우장산,14556,14353,28909
20210429,5호선,화곡,28398,26691,55089
20210429,5호선,까치산,29418,28373,57791
20210429,5호선,신정,14282,11367,25649
20210429,5호선,목동,16922,18490,35412
20210429,5호선,오목교,21884,23842,45726
20210429,4호선,상계,19425,18123,37548
20210429,3호선,지축,4085,4010,8095
20210429,4호선,당고개,12926,12028,24954
20210429,4호선,사당,23992,20065,44057
20210429,4호선,성신여대입구,20323,19156,39479
20210429,4호선,한성대입구,14247,13993,28240
20210429,4호선,혜화,30392,30799,61191
20210429,4호선,동대문,20432,20999,41431
20210429,4호선,동대문역사문화공원,14271,13458,27729
20210429,4호선,충무로,26604,27176,53780
20210429,4호선,명동,18028,19168,37196
20210429,4호선,회현,23866,25189,49055
20210429,4호선,서울역,10793,14625,25418
20210429,4호선,숙대입구,12919,12655,25574
20210429,4호선,삼각지,5114,5575,10689
20210429,4호선,신용산,15647,16373,32020
20210429,4호선,이촌,7124,8095,15219
20210429,4호선,동작,2746,2891,5637
20210429,4호선,총신대입구,18527,20280,38807
20210429,4호선,남태령,1206,1064,2270
20210429,장항선,쌍용,2326,2086,4412
20210429,2호선,용두,2376,2464,4840
20210429,2호선,신정네거리,10409,10797,21206
20210429,중앙선,양정,809,691,1500
20210429,중앙선,덕소,5702,5847,11549
20210429,중앙선,도심,2612,2055,4667
20210429,중앙선,팔당,935,936,1871
20210429,중앙선,운길산,871,828,1699
20210429,중앙선,양수,1808,1896,3704
20210429,중앙선,신원,257,195,452
20210429,중앙선,국수,807,808,1615
20210429,중앙선,아신,546,545,1091
20210429,중앙선,오빈,314,317,631
20210429,중앙선,양평,2584,2664,5248
20210429,중앙선,원덕,374,379,753
20210429,중앙선,용문,1840,1846,3686
20210429,중앙선,지평,70,85,155
20210429,일산선,화정,16958,17391,34349
20210429,중앙선,도농,10144,9246,19390
20210429,일산선,대곡,1846,1390,3236
20210429,중앙선,구리,13446,13536,26982
20210429,중앙선,망우,7708,7650,15358
20210429,9호선,신방화,6823,6634,13457
20210429,장항선,배방,1016,965,1981
20210429,1호선,동대문,10942,10206,21148
20210429,1호선,종로5가,21585,21496,43081
20210429,1호선,종로3가,24134,21873,46007
20210429,1호선,종각,33869,33246,67115
20210429,1호선,시청,21609,21871,43480
20210429,1호선,동묘앞,8131,8522,16653
20210429,1호선,서울역,41115,39292,80407
20210429,2호선,잠실새내,20591,20614,41205
20210429,장항선,온양온천,4296,4388,8684
20210429,장항선,신창,1760,1544,3304
20210429,중앙선,회기,24307,23439,47746
20210429,중앙선,중랑,5465,5345,10810
20210429,중앙선,상봉,5921,5944,11865
20210429,중앙선,양원,1998,1992,3990
20210429,5호선,양평,7554,7646,15200
20210429,일산선,백석,10017,10035,20052
20210429,일산선,정발산,7491,7555,15046
20210429,2호선,신도림,48903,47779,96682
20210429,2호선,문래,21834,22339,44173
20210429,2호선,영등포구청,23551,23954,47505
20210429,2호선,당산,19524,22795,42319
20210429,2호선,합정,30096,31409,61505
20210429,2호선,홍대입구,49702,51648,101350
20210429,2호선,신촌,30885,32002,62887
20210429,2호선,이대,12742,13226,25968
20210429,2호선,아현,10871,10376,21247
20210429,2호선,충정로,10196,10657,20853
20210429,2호선,용답,2726,2784,5510
20210429,2호선,신답,1650,1905,3555
20210429,2호선,신설동,3228,3194,6422
20210429,2호선,도림천,1416,1463,2879
20210429,2호선,양천구청,6842,7209,14051
20210429,2호선,대림,24818,25185,50003
20210429,일산선,마두,7391,7698,15089
20210429,2호선,구로디지털단지,62169,62668,124837
20210429,2호선,신림,62305,60566,122871
20210429,일산선,주엽,8922,9028,17950
20210429,일산선,대화,12865,10266,23131
20210429,장항선,봉명,1282,1300,2582
20210429,2호선,종합운동장,8659,8920,17579
20210429,2호선,삼성,50987,52141,103128
20210429,2호선,선릉,56075,50276,106351
20210429,2호선,역삼,51376,56559,107935
20210429,2호선,강남,80816,79560,160376
20210429,2호선,교대,34357,38478,72835
20210429,2호선,서초,21265,20957,42222
20210429,2호선,방배,17891,18557,36448
20210429,2호선,사당,35378,38654,74032
20210429,2호선,낙성대,27349,26473,53822
20210429,2호선,서울대입구,46707,45643,92350
20210429,2호선,봉천,24460,22720,47180
20210429,2호선,신대방,26306,25656,51962
20210429,5호선,영등포구청,4079,4135,8214
20210429,경원선,창동,1,0,1
20210429,5호선,신길,4126,4489,8615
20210429,7호선,어린이대공원,12349,12138,24487
20210429,7호선,건대입구,11753,12285,24038
20210429,7호선,뚝섬유원지,10013,9498,19511
20210429,7호선,청담,19782,21872,41654
20210429,7호선,강남구청,16642,18390,35032
20210429,7호선,학동,24568,26206,50774
20210429,7호선,논현,20653,22253,42906
20210429,7호선,반포,5911,5636,11547
20210429,7호선,고속터미널,14668,12714,27382
20210429,7호선,내방,14223,14560,28783
20210429,7호선,이수,15613,14964,30577
20210429,7호선,남성,11079,10292,21371
20210429,7호선,숭실대입구,12376,12628,25004
20210429,7호선,상도,10667,10319,20986
20210429,5호선,영등포시장,9660,10078,19738
20210429,7호선,군자,14576,11883,26459
20210429,7호선,신대방삼거리,16321,15825,32146
20210429,7호선,중곡,10104,9202,19306
20210429,7호선,사가정,16758,16604,33362
20210429,6호선,화랑대,11546,8988,20534
20210429,6호선,봉화산,8913,8269,17182
20210429,7호선,장암,2348,967,3315
20210429,7호선,도봉산,9305,10822,20127
20210429,7호선,수락산,12869,12620,25489
20210429,7호선,마들,12658,11948,24606
20210429,장항선,아산,2667,2597,5264
20210429,7호선,노원,18847,20165,39012
20210429,7호선,중계,14555,13381,27936
20210429,7호선,하계,17543,16600,34143
20210429,7호선,공릉,11872,11959,23831
20210429,7호선,태릉입구,8464,7909,16373
20210429,7호선,중화,11065,10896,21961
20210429,7호선,상봉,17051,15884,32935
20210429,7호선,면목,15915,15470,31385
20210429,7호선,용마산,6206,6037,12243
20210429,6호선,태릉입구,5437,6180,11617
20210429,7호선,보라매,9974,9983,19957
20210429,7호선,대림,7225,7327,14552
20210429,8호선,잠실,13421,15582,29003
20210429,8호선,석촌,7527,8795,16322
20210429,8호선,송파,8046,8157,16203
20210429,8호선,가락시장,7864,8648,16512
20210429,8호선,문정,22586,23708,46294
20210429,8호선,장지,17465,16640,34105
20210429,8호선,복정,11865,10194,22059
20210429,8호선,산성,6335,6372,12707
20210429,8호선,남한산성입구,14194,13134,27328
20210429,8호선,단대오거리,10900,10511,21411
20210429,8호선,신흥,4601,5008,9609
20210429,8호선,수진,5165,4745,9910
20210429,8호선,모란,5940,4583,10523
20210429,9호선,개화,2650,1860,4510
20210429,9호선,김포공항,7574,11595,19169
20210429,8호선,몽촌토성,5846,6068,11914
20210429,7호선,신풍,11845,11258,23103
20210429,8호선,강동구청,10459,10994,21453
20210429,8호선,암사,19218,17048,36266
20210429,7호선,남구로,16271,17591,33862
20210429,7호선,가산디지털단지,47892,48323,96215
20210429,7호선,철산,21522,22168,43690
20210429,7호선,광명사거리,22239,21722,43961
20210429,7호선,천왕,11786,11193,22979
20210429,7호선,온수,11338,10421,21759
20210429,7호선,까치울,7811,7597,15408
20210429,7호선,부천종합운동장,4589,3997,8586
20210429,7호선,춘의,9681,9492,19173
20210429,7호선,신중동,14223,14232,28455
20210429,7호선,부천시청,12367,12373,24740
20210429,7호선,상동,12312,12701,25013
20210429,7호선,삼산체육관,5192,4918,10110
20210429,7호선,굴포천,9011,9517,18528
20210429,7호선,부평구청,12065,9985,22050
20210429,8호선,천호,14727,16792,31519
20210429,6호선,석계,12311,12614,24925
20210429,7호선,장승배기,9664,9305,18969
20210429,6호선,상월곡,6335,5739,12074
20210429,5호선,아차산,14821,14442,29263
20210429,5호선,광나루,13189,12055,25244
20210429,5호선,천호,17893,17901,35794
20210429,5호선,강동,18534,17712,36246
20210429,5호선,길동,8032,8361,16393
20210429,5호선,굽은다리,9476,8980,18456
20210429,5호선,명일,8487,8867,17354
20210429,5호선,고덕,9615,9303,18918
20210429,5호선,상일동,16141,14553,30694
20210429,5호선,둔촌동,8648,8621,17269
20210429,5호선,올림픽공원,4385,3826,8211
20210429,5호선,방이,6928,7093,14021
20210429,5호선,오금,3967,3942,7909
20210429,5호선,개롱,6431,6688,13119
20210429,5호선,거여,8376,7947,16323
20210429,5호선,군자,11139,12146,23285
20210429,5호선,마천,6404,6316,12720
20210429,5호선,장한평,18613,18355,36968
20210429,5호선,마장,5662,5268,10930
20210429,6호선,돌곶이,9290,8684,17974
20210429,5호선,여의나루,13421,14512,27933
20210429,5호선,마포,14818,15244,30062
20210429,5호선,공덕,15069,15891,30960
20210429,5호선,애오개,7060,7140,14200
20210429,5호선,충정로,5182,5164,10346
20210429,5호선,서대문,19324,19733,39057
20210429,5호선,광화문,29983,31385,61368
20210429,5호선,종로3가,11720,11628,23348
20210429,5호선,을지로4가,6206,6322,12528
20210429,5호선,동대문역사문화공원,2959,3328,6287
20210429,5호선,청구,4013,3763,7776
20210429,5호선,신금호,6501,6703,13204
20210429,5호선,행당,8370,7459,15829
20210429,5호선,왕십리,4613,4897,9510
20210429,5호선,답십리,15992,14753,30745
20210429,5호선,강일,3218,3282,6500
20210429,5호선,여의도,28565,29913,58478
20210429,5호선,하남풍산,3852,3912,7764
20210429,6호선,효창공원앞,7080,6421,13501
20210429,6호선,삼각지,6152,5319,11471
20210429,6호선,녹사평,4837,4597,9434
20210429,6호선,이태원,9029,9181,18210
20210429,6호선,한강진,7760,8855,16615
20210429,5호선,미사,14952,14719,29671
20210429,6호선,약수,3621,3587,7208
20210429,6호선,청구,3865,4117,7982
20210429,6호선,신당,8010,8230,16240
20210429,6호선,동묘앞,7917,8011,15928
20210429,6호선,창신,3744,3193,6937
20210429,6호선,보문,7234,6744,13978
20210429,6호선,안암,10649,10522,21171
20210429,6호선,고려대,8063,7728,15791
20210429,6호선,월곡,11266,11166,22432
20210429,6호선,공덕,18964,18368,37332
20210429,6호선,대흥,8308,8542,16850
20210429,6호선,버티고개,2304,2255,4559
20210429,6호선,상수,7720,8480,16200
20210429,6호선,광흥창,9096,8817,17913
20210429,5호선,하남시청,5152,5276,10428
20210429,5호선,하남검단산,4878,4625,9503
20210429,6호선,응암,17940,17640,35580
20210429,6호선,역촌,3632,4167,7799
20210429,6호선,독바위,2849,2970,5819
20210429,6호선,연신내,2,0,2
20210429,6호선,불광,4304,4312,8616
20210429,6호선,새절,12967,12195,25162
20210429,6호선,증산,10065,9963,20028
20210429,6호선,디지털미디어시티,13834,15295,29129
20210429,6호선,월드컵경기장,4491,4692,9183
20210429,6호선,마포구청,14285,12852,27137
20210429,6호선,망원,14000,15072,29072
20210429,6호선,합정,12858,12536,25394
20210429,6호선,구산,7579,5808,13387
20210430,경원선,청량리,15780,17054,32834
20210430,경원선,서빙고,1914,1682,3596
20210430,경원선,한남,4078,3909,7987
20210430,경원선,옥수,75,41,116
20210430,경원선,응봉,1937,1711,3648
20210430,경원선,왕십리,14632,16035,30667
20210430,경원선,외대앞,7659,7467,15126
20210430,경원선,도봉산,7428,4631,12059
20210430,경원선,석계,8290,9259,17549
20210430,경원선,광운대,8957,8317,17274
20210430,경원선,월계,6687,6332,13019
20210430,경원선,녹천,4798,4004,8802
20210430,경원선,방학,9757,9508,19265
20210430,경원선,도봉,6009,5801,11810
20210430,경원선,신이문,8636,7941,16577
20210430,경원선,이촌,3969,3008,6977
20210430,경부선,세류,3185,2929,6114
20210430,경부선,서동탄,1562,1427,2989
20210430,경원선,망월사,7631,7643,15274
20210430,경부선,병점,15266,15066,30332
20210430,경부선,세마,2815,2537,5352
20210430,경부선,오산대,3635,3357,6992
20210430,경부선,오산,10645,10057,20702
20210430,경부선,진위,1806,1506,3312
20210430,경부선,송탄,4811,4095,8906
20210430,경부선,서정리,7647,5990,13637
20210430,경부선,지제,3635,3252,6887
20210430,경부선,평택,14154,12790,26944
20210430,경부선,성환,4129,3599,7728
20210430,경부선,직산,827,807,1634
20210430,경부선,두정,6461,6301,12762
20210430,경부선,천안,6220,6175,12395
20210430,경부선,당정,6326,6146,12472
20210430,경부선,광명,3614,3412,7026
20210430,경원선,회룡,12665,12536,25201
20210430,경의선,가좌,5700,5266,10966
20210430,경원선,가능,6475,6288,12763
20210430,경의선,행신,8358,8391,16749
20210430,경의선,능곡,3947,3555,7502
20210430,경의선,곡산,592,582,1174
20210430,경의선,백마,7060,6896,13956
20210430,경의선,풍산,5634,5390,11024
20210430,경의선,일산,9608,9652,19260
20210430,경의선,강매,3265,2845,6110
20210430,경의선,탄현,7761,7606,15367
20210430,경의선,운정,6699,6527,13226
20210430,경의선,금릉,4707,4559,9266
20210430,경의선,금촌,6681,6441,13122
20210430,경의선,월롱,2693,2089,4782
20210430,경의선,파주,1351,915,2266
20210430,경의선,문산,5285,5099,10384
20210430,경의선,야당,6946,6938,13884
20210430,경의선,화전,1937,1751,3688
20210430,경의선,수색,2697,2806,5503
20210430,경의선,디지털미디어시티,2635,2478,5113
20210430,경원선,녹양,4684,4368,9052
20210430,경원선,양주,7880,7237,15117
20210430,경원선,덕계,3029,2731,5760
20210430,경원선,덕정,6139,5528,11667
20210430,경원선,지행,6742,6534,13276
20210430,경원선,동두천중앙,3275,3300,6575
20210430,경원선,보산,1980,1574,3554
20210430,경원선,동두천,2078,2424,4502
20210430,경원선,소요산,2530,2121,4651
20210430,경의선,서울역,4429,5687,10116
20210430,경의선,신촌,862,1120,1982
20210430,경의선,효창공원앞,2913,3366,6279
20210430,경의선,공덕,3721,3296,7017
20210430,경의선,서강대,2162,2091,4253
20210430,경의선,홍대입구,1707,2083,3790
20210430,경원선,의정부,18520,19476,37996
20210430,경부선,독산,17181,17908,35089
20210430,8호선,남한산성입구,13872,12418,26290
20210430,경부선,화서,7644,7398,15042
20210430,9호선,샛강,5883,6114,11997
20210430,9호선,노량진,27317,26515,53832
20210430,9호선,노들,4516,3825,8341
20210430,9호선,흑석,7860,8034,15894
20210430,9호선,동작,1768,1437,3205
20210430,9호선,구반포,3165,3135,6300
20210430,9호선,신반포,3576,3414,6990
20210430,9호선,고속터미널,13185,18360,31545
20210430,9호선,사평,3461,3334,6795
20210430,9호선,신논현,33813,33940,67753
20210430,9호선2~3단계,언주,10061,10297,20358
20210430,9호선2~3단계,선정릉,9766,10606,20372
20210430,9호선2~3단계,삼성중앙,6849,7119,13968
20210430,9호선2~3단계,봉은사,16045,16374,32419
20210430,9호선2~3단계,종합운동장,4380,4304,8684
20210430,9호선,여의도,28490,26420,54910
20210430,9호선2~3단계,삼전,6710,6412,13122
20210430,9호선,국회의사당,15548,15793,31341
20210430,9호선,선유도,8207,7997,16204
20210430,8호선,단대오거리,10989,10315,21304
20210430,8호선,신흥,4657,4963,9620
20210430,8호선,수진,5191,4813,10004
20210430,8호선,모란,4246,3378,7624
20210430,9호선,개화,2584,1778,4362
20210430,9호선,김포공항,8578,13140,21718
20210430,9호선,공항시장,2908,3120,6028
20210430,9호선,신방화,6965,6689,13654
20210430,9호선,마곡나루,11681,11428,23109
20210430,9호선,양천향교,9708,9697,19405
20210430,9호선,가양,20402,19979,40381
20210430,9호선,증미,7537,7495,15032
20210430,9호선,등촌,11404,11069,22473
20210430,9호선,염창,17305,16810,34115
20210430,9호선,신목동,3997,3592,7589
20210430,9호선,당산,18529,18346,36875
20210430,경부선,수원,37829,41069,78898
20210430,9호선2~3단계,석촌고분,6001,5807,11808
20210430,9호선2~3단계,송파나루,4746,5147,9893
20210430,경부선,대방,13221,13399,26620
20210430,경부선,영등포,40739,42703,83442
20210430,경부선,신도림,4288,4364,8652
20210430,경부선,신길,9720,8166,17886
20210430,경부선,구로,19515,20306,39821
20210430,경부선,가산디지털단지,18969,21896,40865
20210430,경부선,금천구청,12248,12462,24710
20210430,경부선,석수,10204,8886,19090
20210430,경부선,관악,7368,6882,14250
20210430,경부선,안양,24938,25129,50067
20210430,경부선,명학,9322,9219,18541
20210430,경부선,금정,27098,27400,54498
20210430,경부선,군포,7827,7759,15586
20210430,경부선,의왕,9184,9141,18325
20210430,경부선,성균관대,15122,14643,29765
20210430,경부선,노량진,9149,9053,18202
20210430,9호선2~3단계,석촌,8215,7197,15412
20210430,경부선,용산,36076,37725,73801
20210430,경부선,서울역,6734,2377,9111
20210430,9호선2~3단계,한성백제,2490,2275,4765
20210430,9호선2~3단계,올림픽공원,5846,5714,11560
20210430,9호선2~3단계,둔촌오륜,1300,1138,2438
20210430,9호선2~3단계,중앙보훈병원,10215,9042,19257
20210430,경강선,판교,4402,4309,8711
20210430,경강선,이매,1129,1032,2161
20210430,경강선,삼동,2393,2145,4538
20210430,경강선,경기광주,7075,6789,13864
20210430,경강선,초월,3159,2872,6031
20210430,경강선,곤지암,2181,2166,4347
20210430,경강선,신둔도예촌,1369,1283,2652
20210430,경강선,이천,2689,2784,5473
20210430,경강선,부발,2461,1895,4356
20210430,경강선,세종대왕릉,325,309,634
20210430,경강선,여주,2130,2163,4293
20210430,경부선,남영,9875,10407,20282
20210430,경의선,임진강,14,5,19
20210430,분당선,가천대,8721,9045,17766
20210430,경인선,오류동,12660,11819,24479
20210430,수인선,야목,261,205,466
20210430,수인선,사리,4320,3837,8157
20210430,수인선,달월,86,67,153
20210430,수인선,월곶,2607,2420,5027
20210430,수인선,소래포구,5395,5289,10684
20210430,수인선,인천논현,5729,6235,11964
20210430,수인선,어천,813,706,1519
20210430,안산선,고잔,9002,8653,17655
20210430,안산선,안산,12027,11490,23517
20210430,안산선,신길온천,1708,1609,3317
20210430,안산선,정왕,10215,9728,19943
20210430,안산선,오이도,8813,8892,17705
20210430,안산선,수리산,4305,3429,7734
20210430,우이신설선,북한산우이,2564,2245,4809
20210430,안산선,초지,4716,5019,9735
20210430,수인선,오목천,3188,2745,5933
20210430,수인선,고색,4099,3828,7927
20210430,분당선,매교,2977,3075,6052
20210430,분당선,정자,17568,18617,36185
20210430,분당선,미금,15699,16498,32197
20210430,분당선,오리,11965,10089,22054
20210430,분당선,이매,5870,5359,11229
20210430,분당선,보정,2500,2256,4756
20210430,분당선,죽전,14084,14934,29018
20210430,분당선,구성,4901,5226,10127
20210430,분당선,신갈,4411,4403,8814
20210430,분당선,기흥,9607,9258,18865
20210430,분당선,상갈,5600,5417,11017
20210430,분당선,청명,4530,4187,8717
20210430,분당선,영통,8813,8925,17738
20210430,분당선,망포,15127,13919,29046
20210430,분당선,매탄권선,5320,4952,10272
20210430,분당선,수원시청,12822,14327,27149
20210430,우이신설선,솔밭공원,2340,2231,4571
20210430,우이신설선,4.19민주묘지,2907,2695,5602
20210430,우이신설선,가오리,4133,4066,8199
20210430,우이신설선,화계,3328,3076,6404
20210430,장항선,쌍용,2196,1961,4157
20210430,장항선,아산,3582,3637,7219
20210430,장항선,배방,1145,1017,2162
20210430,안산선,중앙,17893,19141,37034
20210430,안산선,한대앞,9608,9501,19109
20210430,안산선,상록수,16363,16539,32902
20210430,안산선,반월,4463,4222,8685
20210430,안산선,대야미,5162,4534,9696
20210430,안산선,산본,16137,17562,33699
20210430,수인선,인천,1106,1849,2955
20210430,수인선,신포,1837,1942,3779
20210430,수인선,숭의,4081,3764,7845
20210430,수인선,인하대,6337,5793,12130
20210430,수인선,송도,2642,2460,5102
20210430,중앙선,용문,3170,3324,6494
20210430,장항선,봉명,1258,1191,2449
20210430,분당선,수내,13325,13168,26493
20210430,일산선,대화,12957,10249,23206
20210430,일산선,정발산,7505,7669,15174
20210430,우이신설선,삼양,1995,2147,4142
20210430,우이신설선,삼양사거리,2322,2457,4779
20210430,우이신설선,솔샘,5718,5286,11004
20210430,우이신설선,북한산보국문,6152,5771,11923
20210430,우이신설선,정릉,4576,4227,8803
20210430,우이신설선,성신여대입구,3195,3623,6818
20210430,우이신설선,보문,1503,1495,2998
20210430,우이신설선,신설동,2146,2172,4318
20210430,일산선,원흥,10354,9765,20119
20210430,일산선,삼송,18794,18310,37104
20210430,일산선,원당,11115,10767,21882
20210430,일산선,화정,17361,17911,35272
20210430,일산선,대곡,1911,1453,3364
20210430,일산선,백석,10164,10410,20574
20210430,일산선,마두,7447,7626,15073
20210430,일산선,주엽,8845,9108,17953
20210430,분당선,서현,25292,26012,51304
20210430,분당선,야탑,26099,27588,53687
20210430,분당선,모란,20143,20272,40415
20210430,경춘선,갈매,3186,2778,5964
20210430,경춘선,별내,3005,2949,5954
20210430,경춘선,퇴계원,3709,3437,7146
20210430,경춘선,사릉,3572,3435,7007
20210430,경춘선,금곡,1525,1462,2987
20210430,경춘선,평내호평,6452,6553,13005
20210430,경춘선,천마산,1700,1555,3255
20210430,경춘선,마석,3976,3953,7929
20210430,경춘선,대성리,482,446,928
20210430,경춘선,청평,1495,1767,3262
20210430,경춘선,상천,286,271,557
20210430,경춘선,가평,1609,1850,3459
20210430,경춘선,굴봉산,145,140,285
20210430,경춘선,백양리,80,95,175
20210430,경춘선,강촌,502,493,995
20210430,경춘선,신내,1707,1703,3410
20210430,경춘선,김유정,213,289,502
20210430,경인선,도화,4471,4153,8624
20210430,경인선,온수,7355,7056,14411
20210430,경인선,역곡,28816,28471,57287
20210430,경인선,부천,34397,35212,69609
20210430,경인선,송내,28519,28812,57331
20210430,경인선,부평,32313,35275,67588
20210430,경인선,백운,7371,7254,14625
20210430,경인선,동암,15384,15953,31337
20210430,경인선,주안,20322,18467,38789
20210430,경인선,제물포,11808,11108,22916
20210430,경인선,동인천,14409,13760,28169
20210430,경인선,인천,3753,2799,6552
20210430,경인선,구일,6643,6724,13367
20210430,경인선,소사,9463,9184,18647
20210430,경인선,부개,8762,8129,16891
20210430,경인선,간석,6199,5759,11958
20210430,경인선,도원,3289,3232,6521
20210430,경인선,중동,9455,9050,18505
20210430,경인선,개봉,22395,22913,45308
20210430,경춘선,남춘천,2800,2570,5370
20210430,공항철도 1호선,서울역,8387,8350,16737
20210430,과천선,평촌,18015,17986,36001
20210430,과천선,범계,26467,26555,53022
20210430,분당선,선릉,13355,19973,33328
20210430,분당선,한티,13965,14658,28623
20210430,분당선,도곡,6548,6543,13091
20210430,분당선,구룡,2138,2012,4150
20210430,분당선,개포동,3862,4065,7927
20210430,분당선,대모산입구,3527,3264,6791
20210430,분당선,수서,14548,15797,30345
20210430,분당선,수원,8910,7497,16407
20210430,분당선,서울숲,10771,10933,21704
20210430,분당선,압구정로데오,20678,22949,43627
20210430,분당선,강남구청,10167,11602,21769
20210430,분당선,선정릉,8450,8985,17435
20210430,분당선,태평,13776,13164,26940
20210430,과천선,인덕원,24171,24753,48924
20210430,경춘선,춘천,1735,1354,3089
20210430,과천선,정부과천청사,9639,9391,19030
20210430,과천선,대공원,2440,2602,5042
20210430,공항철도 1호선,공덕,2318,3104,5422
20210430,공항철도 1호선,홍대입구,9858,10084,19942
20210430,공항철도 1호선,디지털미디어시티,14033,12477,26510
20210430,공항철도 1호선,마곡나루,7965,7766,15731
20210430,공항철도 1호선,김포공항,13825,7377,21202
20210430,공항철도 1호선,계양,9676,8713,18389
20210430,공항철도 1호선,검암,7035,7012,14047
20210430,공항철도 1호선,청라국제도시,6881,6534,13415
20210430,공항철도 1호선,운서,6485,6290,12775
20210430,공항철도 1호선,공항화물청사,2235,2422,4657
20210430,공항철도 1호선,인천공항1터미널,3058,3341,6399
20210430,공항철도 1호선,인천공항2터미널,1926,1831,3757
20210430,공항철도 1호선,영종,3084,3144,6228
20210430,과천선,선바위,8742,7445,16187
20210430,과천선,경마공원,1215,1242,2457
20210430,과천선,과천,5656,5210,10866
20210430,8호선,산성,6306,6257,12563
20210430,5호선,발산,19164,19887,39051
20210430,8호선,장지,17754,16909,34663
20210430,3호선,종로3가,9929,11682,21611
20210430,3호선,을지로3가,11083,11632,22715
20210430,3호선,충무로,1,0,1
20210430,3호선,동대입구,7957,8266,16223
20210430,3호선,약수,13346,13082,26428
20210430,3호선,금호,8537,8064,16601
20210430,3호선,안국,19473,20029,39502
20210430,3호선,옥수,9640,9876,19516
20210430,3호선,신사,32507,34297,66804
20210430,3호선,잠원,4913,4848,9761
20210430,3호선,고속터미널,44409,48776,93185
20210430,3호선,교대,14500,9487,23987
20210430,3호선,남부터미널,31407,32246,63653
20210430,3호선,양재,41347,43019,84366
20210430,3호선,압구정,32406,34952,67358
20210430,3호선,경복궁,19187,18691,37878
20210430,3호선,독립문,7390,7435,14825
20210430,3호선,무악재,4038,3971,8009
20210430,2호선,아현,10986,10411,21397
20210430,2호선,충정로,10223,10711,20934
20210430,2호선,용답,2791,2800,5591
20210430,2호선,신답,1672,1944,3616
20210430,2호선,신설동,3418,3408,6826
20210430,2호선,도림천,1416,1425,2841
20210430,2호선,양천구청,7043,7467,14510
20210430,2호선,신정네거리,10765,11337,22102
20210430,2호선,용두,2423,2521,4944
20210430,3호선,지축,4103,3945,8048
20210430,3호선,구파발,20653,19439,40092
20210430,3호선,연신내,37948,35800,73748
20210430,3호선,불광,16228,17469,33697
20210430,3호선,녹번,15252,13677,28929
20210430,3호선,홍제,18092,17036,35128
20210430,3호선,매봉,12746,12214,24960
20210430,3호선,도곡,5887,5894,11781
20210430,3호선,대치,10565,10563,21128
20210430,3호선,학여울,3106,3208,6314
20210430,4호선,숙대입구,13514,13121,26635
20210430,4호선,삼각지,5265,5815,11080
20210430,4호선,신용산,16394,17230,33624
20210430,4호선,이촌,7291,8061,15352
20210430,4호선,동작,2604,2760,5364
20210430,4호선,총신대입구,19369,21223,40592
20210430,4호선,사당,25729,21171,46900
20210430,4호선,남태령,1218,1088,2306
20210430,4호선,당고개,12957,11983,24940
20210430,4호선,상계,19647,18173,37820
20210430,4호선,노원,19710,22143,41853
20210430,4호선,창동,26300,27852,54152
20210430,4호선,쌍문,30359,27630,57989
20210430,5호선,방화,6783,6467,13250
20210430,5호선,개화산,5551,5248,10799
20210430,4호선,서울역,10939,17204,28143
20210430,2호선,이대,13587,13829,27416
20210430,4호선,회현,23909,25460,49369
20210430,4호선,충무로,26588,27664,54252
20210430,3호선,대청,9796,8980,18776
20210430,3호선,일원,10211,9754,19965
20210430,3호선,수서,18511,18671,37182
20210430,3호선,가락시장,9381,9112,18493
20210430,3호선,경찰병원,7740,7682,15422
20210430,3호선,오금,6227,5730,11957
20210430,4호선,수유,34694,34557,69251
20210430,4호선,미아,15495,14693,30188
20210430,4호선,미아사거리,28628,27983,56611
20210430,4호선,길음,20962,19873,40835
20210430,4호선,성신여대입구,21117,19941,41058
20210430,4호선,한성대입구,14452,13686,28138
20210430,4호선,혜화,31520,31060,62580
20210430,4호선,동대문,20620,21459,42079
20210430,4호선,동대문역사문화공원,14696,13729,28425
20210430,4호선,명동,18593,19435,38028
20210430,2호선,신촌,33972,35037,69009
20210430,2호선,홍대입구,55104,58872,113976
20210430,2호선,합정,31377,33507,64884
20210430,중앙선,신원,197,203,400
20210430,중앙선,국수,737,723,1460
20210430,중앙선,아신,561,586,1147
20210430,중앙선,오빈,270,273,543
20210430,중앙선,양평,2757,3001,5758
20210430,1호선,서울역,45826,45476,91302
20210430,1호선,동묘앞,8173,8609,16782
20210430,1호선,시청,21269,21561,42830
20210430,1호선,종각,34387,33182,67569
20210430,1호선,종로3가,24699,22675,47374
20210430,1호선,종로5가,22402,22072,44474
20210430,1호선,동대문,11254,10675,21929
20210430,1호선,신설동,14232,13781,28013
20210430,1호선,제기동,16972,17205,34177
20210430,1호선,청량리,20583,20510,41093
20210430,중앙선,양수,1693,1820,3513
20210430,2호선,시청,23011,22155,45166
20210430,중앙선,운길산,755,688,1443
20210430,중앙선,도심,2513,1971,4484
20210430,수인선,연수,4752,4695,9447
20210430,수인선,원인재,4515,4772,9287
20210430,수인선,호구포,3923,4150,8073
20210430,2호선,한양대,8501,8874,17375
20210430,장항선,온양온천,3577,3793,7370
20210430,장항선,신창,2165,1592,3757
20210430,중앙선,회기,25559,24000,49559
20210430,중앙선,중랑,5623,5311,10934
20210430,중앙선,상봉,6230,6386,12616
20210430,중앙선,망우,7912,7918,15830
20210430,중앙선,양원,2039,1937,3976
20210430,중앙선,구리,14063,14488,28551
20210430,중앙선,도농,10199,9355,19554
20210430,중앙선,양정,787,723,1510
20210430,중앙선,덕소,5700,5804,11504
20210430,중앙선,팔당,915,945,1860
20210430,5호선,김포공항,8117,7760,15877
20210430,2호선,을지로입구,39637,40702,80339
20210430,2호선,을지로4가,13120,13075,26195
20210430,2호선,교대,34874,39188,74062
20210430,2호선,서초,21813,20995,42808
20210430,2호선,방배,17484,18345,35829
20210430,2호선,사당,37196,40502,77698
20210430,2호선,낙성대,28330,26308,54638
20210430,2호선,서울대입구,49292,47350,96642
20210430,2호선,봉천,24744,22690,47434
20210430,2호선,신림,64071,61725,125796
20210430,2호선,신대방,26838,25940,52778
20210430,2호선,구로디지털단지,62902,63042,125944
20210430,2호선,대림,25090,25979,51069
20210430,2호선,신도림,50666,50190,100856
20210430,2호선,문래,22043,22661,44704
20210430,2호선,영등포구청,23579,23722,47301
20210430,2호선,당산,19506,22733,42239
20210430,2호선,강남,85939,85133,171072
20210430,2호선,을지로3가,22273,22627,44900
20210430,2호선,역삼,50476,55507,105983
20210430,2호선,삼성,52717,53640,106357
20210430,2호선,동대문역사문화공원,12173,13764,25937
20210430,2호선,신당,14088,14760,28848
20210430,2호선,상왕십리,14650,13964,28614
20210430,2호선,왕십리,16759,14015,30774
20210430,중앙선,원덕,345,367,712
20210430,경원선,창동,1,0,1
20210430,2호선,뚝섬,22831,24500,47331
20210430,2호선,성수,35819,39857,75676
20210430,2호선,건대입구,37154,39524,76678
20210430,2호선,구의,23900,23293,47193
20210430,2호선,강변,33030,33057,66087
20210430,2호선,잠실나루,14676,14141,28817
20210430,2호선,잠실,69682,68966,138648
20210430,2호선,잠실새내,21806,21933,43739
20210430,2호선,종합운동장,8611,9058,17669
20210430,2호선,선릉,55573,50127,105700
20210430,8호선,복정,11726,9994,21720
20210430,5호선,송정,6928,6427,13355
20210430,5호선,우장산,14667,14479,29146
20210430,7호선,태릉입구,8566,8152,16718
20210430,7호선,먹골,10339,10113,20452
20210430,7호선,중화,11360,10980,22340
20210430,7호선,상봉,17463,16453,33916
20210430,7호선,면목,16088,15602,31690
20210430,7호선,사가정,16674,16788,33462
20210430,7호선,공릉,12434,12155,24589
20210430,7호선,용마산,6270,6013,12283
20210430,7호선,군자,15183,11949,27132
20210430,7호선,어린이대공원,12568,12377,24945
20210430,7호선,건대입구,12226,12942,25168
20210430,7호선,뚝섬유원지,8894,8627,17521
20210430,7호선,청담,19578,21980,41558
20210430,7호선,강남구청,16665,18378,35043
20210430,7호선,중곡,10227,9344,19571
20210430,7호선,하계,17873,16662,34535
20210430,7호선,중계,14708,13179,27887
20210430,7호선,노원,20080,21727,41807
20210430,6호선,보문,7344,6739,14083
20210430,6호선,안암,11238,10897,22135
20210430,6호선,고려대,8283,7780,16063
20210430,6호선,월곡,11534,11226,22760
20210430,6호선,상월곡,6599,5788,12387
20210430,6호선,돌곶이,9486,8653,18139
20210430,6호선,석계,12513,12867,25380
20210430,중앙선,지평,58,79,137
20210430,6호선,태릉입구,5543,6030,11573
20210430,6호선,화랑대,11717,8891,20608
20210430,6호선,봉화산,8964,8403,17367
20210430,7호선,장암,2407,1007,3414
20210430,7호선,도봉산,9191,10645,19836
20210430,7호선,수락산,13068,12858,25926
20210430,7호선,마들,12842,12155,24997
20210430,7호선,학동,24035,25993,50028
20210430,7호선,논현,21102,22898,44000
20210430,7호선,반포,6086,5826,11912
20210430,7호선,고속터미널,17165,14574,31739
20210430,7호선,신중동,14719,14700,29419
20210430,7호선,부천시청,12813,12938,25751
20210430,7호선,상동,12702,13314,26016
20210430,7호선,삼산체육관,5196,4728,9924
20210430,7호선,굴포천,8898,9724,18622
20210430,7호선,부평구청,12154,9945,22099
20210430,8호선,암사,19383,17231,36614
20210430,8호선,천호,15429,18291,33720
20210430,8호선,강동구청,10636,11027,21663
20210430,8호선,몽촌토성,6017,6143,12160
20210430,8호선,잠실,14077,16590,30667
20210430,8호선,석촌,7826,9153,16979
20210430,8호선,송파,8174,8175,16349
20210430,8호선,가락시장,7922,8894,16816
20210430,8호선,문정,22533,23661,46194
20210430,7호선,춘의,9727,9453,19180
20210430,6호선,창신,3724,2939,6663
20210430,7호선,부천종합운동장,4632,4037,8669
20210430,7호선,온수,11259,10356,21615
20210430,7호선,내방,14479,14742,29221
20210430,7호선,이수,16130,15495,31625
20210430,7호선,남성,11517,10523,22040
20210430,7호선,숭실대입구,12563,12488,25051
20210430,7호선,상도,10855,10583,21438
20210430,7호선,장승배기,9873,9462,19335
20210430,7호선,신대방삼거리,16789,16141,32930
20210430,7호선,보라매,10100,9918,20018
20210430,7호선,신풍,12083,11446,23529
20210430,7호선,대림,7900,8299,16199
20210430,7호선,남구로,16345,17416,33761
20210430,7호선,가산디지털단지,48014,47678,95692
20210430,7호선,철산,22175,23074,45249
20210430,7호선,광명사거리,22878,22539,45417
20210430,7호선,천왕,11799,11173,22972
20210430,7호선,까치울,7887,7563,15450
20210430,6호선,동묘앞,8018,8070,16088
20210430,6호선,신당,8171,8330,16501
20210430,6호선,청구,3902,4142,8044
20210430,5호선,동대문역사문화공원,2874,3433,6307
20210430,5호선,청구,4151,3814,7965
20210430,5호선,신금호,6585,6594,13179
20210430,5호선,행당,8299,7343,15642
20210430,5호선,왕십리,4764,5213,9977
20210430,5호선,마장,5769,5276,11045
20210430,5호선,답십리,16498,14930,31428
20210430,5호선,장한평,18727,18575,37302
20210430,5호선,군자,11611,12872,24483
20210430,5호선,아차산,14752,14363,29115
20210430,5호선,광나루,13252,11796,25048
20210430,5호선,천호,18929,19046,37975
20210430,5호선,강동,19019,17786,36805
20210430,5호선,길동,8149,8580,16729
20210430,5호선,굽은다리,9651,9244,18895
20210430,5호선,을지로4가,6044,6338,12382
20210430,5호선,명일,8745,8852,17597
20210430,5호선,종로3가,12233,12573,24806
20210430,5호선,서대문,19081,19282,38363
20210430,5호선,화곡,29075,27053,56128
20210430,5호선,까치산,29889,28837,58726
20210430,5호선,신정,14383,11387,25770
20210430,5호선,목동,17589,19125,36714
20210430,5호선,오목교,22955,25043,47998
20210430,5호선,양평,7682,7424,15106
20210430,5호선,영등포구청,4033,4161,8194
20210430,5호선,영등포시장,10085,10220,20305
20210430,5호선,신길,4089,4400,8489
20210430,5호선,여의도,29014,30580,59594
20210430,5호선,여의나루,12838,14436,27274
20210430,5호선,마포,14616,15174,29790
20210430,5호선,공덕,15060,16148,31208
20210430,5호선,애오개,7126,7169,14295
20210430,5호선,충정로,4986,5051,10037
20210430,5호선,광화문,29491,31181,60672
20210430,5호선,마곡,10495,10282,20777
20210430,5호선,고덕,9911,9790,19701
20210430,5호선,둔촌동,8980,8915,17895
20210430,6호선,월드컵경기장,5617,5916,11533
20210430,6호선,마포구청,14486,12933,27419
20210430,6호선,망원,14517,15816,30333
20210430,6호선,합정,13648,13190,26838
20210430,6호선,상수,8575,9605,18180
20210430,6호선,광흥창,9068,8852,17920
20210430,6호선,대흥,8237,8479,16716
20210430,6호선,공덕,19235,18678,37913
20210430,6호선,효창공원앞,7198,6504,13702
20210430,6호선,삼각지,6191,5390,11581
20210430,6호선,녹사평,5188,5279,10467
20210430,6호선,이태원,10530,11249,21779
20210430,6호선,한강진,7810,9017,16827
20210430,6호선,버티고개,2222,2165,4387
20210430,6호선,약수,3623,3743,7366
20210430,6호선,디지털미디어시티,14006,15084,29090
20210430,5호선,상일동,16477,14752,31229
20210430,6호선,증산,10292,9961,20253
20210430,6호선,구산,7788,5753,13541
20210430,5호선,올림픽공원,4432,3730,8162
20210430,5호선,방이,6895,7102,13997
20210430,5호선,오금,4079,3835,7914
20210430,5호선,개롱,6706,6920,13626
20210430,5호선,거여,8524,8110,16634
20210430,5호선,마천,6431,6249,12680
20210430,5호선,강일,3206,3282,6488
20210430,5호선,미사,15994,15815,31809
20210430,5호선,하남풍산,3933,3968,7901
20210430,5호선,하남시청,5118,5219,10337
20210430,5호선,하남검단산,4775,4591,9366
20210430,6호선,응암,18199,17725,35924
20210430,6호선,역촌,3707,4237,7944
20210430,6호선,불광,4416,4374,8790
20210430,6호선,독바위,2773,2883,5656
20210430,6호선,새절,13043,12163,25206
20210430,수인선,남동인더스파크,2283,2601,4884
