사용일자,호선명,지하철역,승차총승객수,하차총승객수,승하차총승객수
20210601,3호선,신사,28955,30583,59538
20210601,경부선,성환,3796,3862,7658
20210601,경부선,직산,755,754,1509
20210601,경부선,두정,5088,5315,10403
20210601,경부선,천안,4598,4573,9171
20210601,경부선,당정,6343,6147,12490
20210601,경부선,서동탄,1570,1404,2974
20210601,경부선,금천구청,12073,12101,24174
20210601,경부선,광명,2994,2673,5667
20210601,경원선,서빙고,1947,1776,3723
20210601,경원선,한남,4195,3940,8135
20210601,경원선,옥수,55,42,97
20210601,경원선,응봉,1818,1489,3307
20210601,경원선,왕십리,13060,14538,27598
20210601,경원선,청량리,13472,14369,27841
20210601,경원선,이촌,3778,2856,6634
20210601,경부선,가산디지털단지,19033,21987,41020
20210601,경부선,구로,19273,19624,38897
20210601,경부선,신길,9578,8082,17660
20210601,경강선,경기광주,7030,6782,13812
20210601,경강선,초월,3097,2905,6002
20210601,경강선,곤지암,1979,1974,3953
20210601,경강선,신둔도예촌,1403,1283,2686
20210601,경강선,이천,2330,2433,4763
20210601,경강선,부발,1762,1795,3557
20210601,경강선,세종대왕릉,300,273,573
20210601,경강선,여주,1972,1971,3943
20210601,경부선,서울역,4296,1414,5710
20210601,경부선,남영,9644,10078,19722
20210601,경부선,용산,28080,28760,56840
20210601,경부선,노량진,8055,8445,16500
20210601,경부선,대방,13153,13384,26537
20210601,경부선,영등포,33564,34833,68397
20210601,경부선,신도림,4300,4315,8615
20210601,경원선,외대앞,6903,6817,13720
20210601,경원선,신이문,8371,7778,16149
20210601,경원선,석계,7824,8967,16791
20210601,경원선,광운대,8962,8551,17513
20210601,경의선,신촌,850,999,1849
20210601,경의선,효창공원앞,2916,3394,6310
20210601,경의선,공덕,3489,3164,6653
20210601,경의선,서강대,2050,1999,4049
20210601,경의선,홍대입구,1514,1702,3216
20210601,경인선,온수,7061,6844,13905
20210601,경인선,중동,9315,8821,18136
20210601,경인선,도화,4281,4004,8285
20210601,경춘선,신내,1725,1761,3486
20210601,경춘선,갈매,3217,2748,5965
20210601,경춘선,별내,3105,2896,6001
20210601,경춘선,퇴계원,3641,3334,6975
20210601,경춘선,사릉,3552,3400,6952
20210601,경춘선,금곡,1627,1552,3179
20210601,경춘선,평내호평,6343,6264,12607
20210601,경의선,서울역,4263,5355,9618
20210601,9호선,동작,2156,1749,3905
20210601,경원선,소요산,2499,2097,4596
20210601,경원선,보산,1411,1262,2673
20210601,경원선,월계,6828,6580,13408
20210601,경원선,녹천,4794,4034,8828
20210601,경원선,방학,9303,9309,18612
20210601,경원선,도봉,5982,5756,11738
20210601,경원선,도봉산,7561,4679,12240
20210601,경원선,망월사,7589,7665,15254
20210601,경원선,회룡,12563,12361,24924
20210601,경원선,의정부,17416,17874,35290
20210601,경원선,가능,6506,6212,12718
20210601,경원선,녹양,4522,4437,8959
20210601,경원선,양주,7609,7013,14622
20210601,경원선,덕계,3172,2880,6052
20210601,경원선,덕정,6188,5926,12114
20210601,경원선,지행,6121,6234,12355
20210601,경원선,동두천중앙,3026,2919,5945
20210601,경원선,동두천,2103,2312,4415
20210601,9호선,흑석,7799,8169,15968
20210601,9호선,노들,4448,3788,8236
20210601,9호선,노량진,25168,24424,49592
20210601,8호선,암사,19237,16800,36037
20210601,8호선,천호,14619,16597,31216
20210601,8호선,강동구청,10401,10789,21190
20210601,8호선,몽촌토성,5857,6101,11958
20210601,2호선,문래,21655,22203,43858
20210601,2호선,영등포구청,23362,23765,47127
20210601,2호선,당산,19066,22212,41278
20210601,2호선,합정,29818,31242,61060
20210601,2호선,홍대입구,45255,47425,92680
20210601,2호선,신촌,30568,31695,62263
20210601,2호선,이대,12615,13172,25787
20210601,2호선,아현,10902,10183,21085
20210601,2호선,충정로,10261,10742,21003
20210601,2호선,신답,1633,1888,3521
20210601,2호선,신설동,2968,3108,6076
20210601,7호선,부평구청,8248,7085,15333
20210601,2호선,도림천,1473,1543,3016
20210601,7호선,굴포천,9072,9587,18659
20210601,7호선,상동,12798,13356,26154
20210601,7호선,신대방삼거리,16316,15584,31900
20210601,7호선,보라매,9691,9736,19427
20210601,7호선,신풍,11952,11227,23179
20210601,7호선,대림,7794,7855,15649
20210601,7호선,남구로,16718,17550,34268
20210601,7호선,가산디지털단지,48775,49238,98013
20210601,7호선,철산,21533,22083,43616
20210601,7호선,광명사거리,22245,21866,44111
20210601,7호선,천왕,11793,11225,23018
20210601,7호선,온수,11155,10216,21371
20210601,7호선,까치울,7852,7616,15468
20210601,7호선,부천종합운동장,4797,4260,9057
20210601,7호선,춘의,9935,9764,19699
20210601,7호선,신중동,14502,14275,28777
20210601,7호선,부천시청,12595,12545,25140
20210601,7호선,삼산체육관,5431,4962,10393
20210601,경춘선,마석,3891,3821,7712
20210601,2호선,양천구청,6865,7234,14099
20210601,2호선,용두,2318,2420,4738
20210601,9호선,김포공항,6905,9584,16489
20210601,9호선,공항시장,2950,3110,6060
20210601,9호선,신방화,6778,6505,13283
20210601,9호선,마곡나루,11181,11275,22456
20210601,9호선,양천향교,9666,9891,19557
20210601,9호선,가양,20047,19656,39703
20210601,9호선,증미,7610,7566,15176
20210601,9호선,등촌,11347,11216,22563
20210601,9호선,염창,17075,16722,33797
20210601,9호선,신목동,3954,3622,7576
20210601,9호선,선유도,8358,8205,16563
20210601,9호선,당산,17682,17737,35419
20210601,9호선,국회의사당,15945,16770,32715
20210601,9호선,여의도,26636,25563,52199
20210601,9호선,샛강,5830,6124,11954
20210601,9호선,개화,2681,1825,4506
20210601,2호선,신정네거리,10300,10609,20909
20210601,8호선,모란,4022,3137,7159
20210601,8호선,단대오거리,10496,10043,20539
20210601,3호선,지축,4187,4012,8199
20210601,3호선,구파발,20139,18948,39087
20210601,3호선,연신내,36662,34519,71181
20210601,3호선,불광,16329,17386,33715
20210601,3호선,녹번,15160,13995,29155
20210601,3호선,홍제,17477,16435,33912
20210601,8호선,잠실,12347,14575,26922
20210601,8호선,석촌,7500,8652,16152
20210601,8호선,송파,7804,7700,15504
20210601,8호선,가락시장,7463,8238,15701
20210601,8호선,문정,22251,23465,45716
20210601,8호선,장지,16863,15975,32838
20210601,8호선,복정,11209,9505,20714
20210601,8호선,산성,6061,6108,12169
20210601,8호선,남한산성입구,13990,13073,27063
20210601,8호선,수진,4921,4534,9455
20210601,7호선,장승배기,9727,9523,19250
20210601,경춘선,대성리,449,412,861
20210601,경춘선,상천,271,276,547
20210601,안산선,상록수,16491,16745,33236
20210601,안산선,한대앞,8917,9070,17987
20210601,안산선,중앙,17026,17709,34735
20210601,안산선,고잔,9098,8658,17756
20210601,안산선,초지,5045,5373,10418
20210601,안산선,안산,11696,10442,22138
20210601,안산선,반월,4434,4191,8625
20210601,안산선,신길온천,1659,1551,3210
20210601,안산선,오이도,8331,8044,16375
20210601,안산선,수리산,4379,3641,8020
20210601,우이신설선,북한산우이,2619,2383,5002
20210601,우이신설선,솔밭공원,2391,2260,4651
20210601,우이신설선,4.19민주묘지,2950,2943,5893
20210601,우이신설선,가오리,4086,4139,8225
20210601,안산선,정왕,9558,10075,19633
20210601,안산선,대야미,5059,4623,9682
20210601,안산선,산본,15892,15070,30962
20210601,수인선,인천,947,1547,2494
20210601,1호선,신설동,13865,13495,27360
20210601,1호선,동대문,10842,10245,21087
20210601,1호선,종로5가,22299,21965,44264
20210601,1호선,종로3가,24067,21792,45859
20210601,1호선,종각,33888,33666,67554
20210601,1호선,시청,21454,21916,43370
20210601,1호선,동묘앞,8062,8374,16436
20210601,1호선,서울역,39859,37520,77379
20210601,3호선,경복궁,18216,17707,35923
20210601,3호선,안국,18790,19739,38529
20210601,3호선,종로3가,9753,11173,20926
20210601,수인선,신포,1821,1849,3670
20210601,3호선,을지로3가,10512,11009,21521
20210601,3호선,충무로,1,0,1
20210601,3호선,동대입구,7451,7975,15426
20210601,우이신설선,화계,3275,3129,6404
20210601,우이신설선,삼양,1987,2142,4129
20210601,우이신설선,삼양사거리,2414,2455,4869
20210601,우이신설선,솔샘,5672,5366,11038
20210601,장항선,배방,932,897,1829
20210601,장항선,온양온천,3050,3212,6262
20210601,장항선,신창,1510,1555,3065
20210601,중앙선,회기,23614,22826,46440
20210601,중앙선,중랑,5515,5155,10670
20210601,중앙선,상봉,5725,5808,11533
20210601,중앙선,망우,7588,7336,14924
20210601,중앙선,양원,1846,1855,3701
20210601,중앙선,구리,13499,13628,27127
20210601,3호선,약수,12776,12375,25151
20210601,3호선,금호,8205,7607,15812
20210601,3호선,옥수,8876,9278,18154
20210601,3호선,압구정,30718,32667,63385
20210601,중앙선,도농,10208,9199,19407
20210601,중앙선,양정,793,711,1504
20210601,장항선,아산,2593,2320,4913
20210601,1호선,제기동,16708,16982,33690
20210601,장항선,쌍용,2193,2113,4306
20210601,일산선,대화,12867,9967,22834
20210601,우이신설선,북한산보국문,5938,5661,11599
20210601,우이신설선,정릉,4531,4131,8662
20210601,우이신설선,성신여대입구,2991,3293,6284
20210601,우이신설선,보문,1442,1457,2899
20210601,우이신설선,신설동,2221,2139,4360
20210601,일산선,원흥,10152,9702,19854
20210601,일산선,지축,1,0,1
20210601,일산선,삼송,18188,17628,35816
20210601,일산선,원당,11176,10758,21934
20210601,일산선,화정,16640,17064,33704
20210601,일산선,대곡,1944,1523,3467
20210601,일산선,백석,9714,9752,19466
20210601,일산선,마두,7248,7438,14686
20210601,일산선,정발산,6811,6944,13755
20210601,일산선,주엽,8800,8784,17584
20210601,장항선,봉명,1232,1233,2465
20210601,1호선,청량리,19471,19469,38940
20210601,2호선,시청,23000,22532,45532
20210601,2호선,을지로입구,37769,39143,76912
20210601,공항철도 1호선,인천공항2터미널,1763,1826,3589
20210601,공항철도 1호선,영종,2780,2784,5564
20210601,과천선,선바위,8567,7520,16087
20210601,과천선,경마공원,1349,1329,2678
20210601,과천선,대공원,3370,3471,6841
20210601,과천선,과천,5629,5136,10765
20210601,과천선,정부과천청사,10131,10152,20283
20210601,과천선,인덕원,23918,24224,48142
20210601,과천선,평촌,18149,17976,36125
20210601,과천선,범계,24986,24691,49677
20210601,분당선,선릉,13642,20744,34386
20210601,분당선,한티,13556,14648,28204
20210601,분당선,도곡,6762,6580,13342
20210601,분당선,구룡,2027,1930,3957
20210601,분당선,개포동,3789,3904,7693
20210601,공항철도 1호선,인천공항1터미널,2992,3111,6103
20210601,분당선,대모산입구,3541,3296,6837
20210601,공항철도 1호선,공항화물청사,2287,2440,4727
20210601,공항철도 1호선,청라국제도시,6419,6066,12485
20210601,경춘선,가평,1411,1468,2879
20210601,경춘선,굴봉산,119,134,253
20210601,경춘선,백양리,71,62,133
20210601,경춘선,강촌,427,429,856
20210601,경춘선,김유정,232,244,476
20210601,경춘선,남춘천,2033,2035,4068
20210601,경춘선,춘천,1258,1208,2466
20210601,공항철도 1호선,서울역,6019,5676,11695
20210601,공항철도 1호선,공덕,2237,2766,5003
20210601,공항철도 1호선,홍대입구,7983,7984,15967
20210601,공항철도 1호선,디지털미디어시티,14306,12998,27304
20210601,공항철도 1호선,마곡나루,8473,8114,16587
20210601,공항철도 1호선,김포공항,10366,5971,16337
20210601,공항철도 1호선,계양,9162,8535,17697
20210601,공항철도 1호선,검암,6707,6651,13358
20210601,공항철도 1호선,운서,6138,6020,12158
20210601,경춘선,청평,1489,1475,2964
20210601,분당선,수서,12656,12872,25528
20210601,분당선,수원,7699,6233,13932
20210601,분당선,상갈,5195,5077,10272
20210601,분당선,청명,4229,4064,8293
20210601,분당선,영통,8064,8190,16254
20210601,분당선,망포,13858,13198,27056
20210601,분당선,매탄권선,4761,4777,9538
20210601,분당선,수원시청,12227,13000,25227
20210601,분당선,매교,2943,2955,5898
20210601,2호선,뚝섬,21524,23247,44771
20210601,2호선,한양대,8476,9055,17531
20210601,2호선,왕십리,15263,12391,27654
20210601,2호선,상왕십리,14062,13768,27830
20210601,2호선,신당,13482,13811,27293
20210601,2호선,동대문역사문화공원,11387,12559,23946
20210601,2호선,을지로4가,12965,12802,25767
20210601,2호선,을지로3가,21561,21649,43210
20210601,분당선,기흥,9536,8812,18348
20210601,분당선,복정,1,0,1
20210601,분당선,신갈,4544,4520,9064
20210601,분당선,죽전,12890,14280,27170
20210601,분당선,서울숲,10587,10869,21456
20210601,분당선,압구정로데오,17938,19545,37483
20210601,분당선,강남구청,9931,11271,21202
20210601,분당선,선정릉,8093,8792,16885
20210601,분당선,가천대,8306,9244,17550
20210601,분당선,태평,13413,12976,26389
20210601,분당선,모란,19223,19240,38463
20210601,분당선,야탑,24880,26043,50923
20210601,분당선,서현,23321,23628,46949
20210601,분당선,수내,12875,12993,25868
20210601,분당선,정자,17068,17999,35067
20210601,분당선,미금,15149,16203,31352
20210601,분당선,오리,11826,9867,21693
20210601,분당선,이매,5504,5086,10590
20210601,분당선,보정,2575,2252,4827
20210601,분당선,구성,4943,5064,10007
20210601,7호선,상도,10733,10352,21085
20210601,경춘선,천마산,1699,1579,3278
20210601,7호선,남성,11246,10407,21653
20210601,9호선2~3단계,올림픽공원,5729,5695,11424
20210601,9호선2~3단계,둔촌오륜,1212,1048,2260
20210601,9호선2~3단계,중앙보훈병원,10426,9281,19707
20210601,경강선,판교,4413,4360,8773
20210601,경강선,이매,1112,982,2094
20210601,경강선,삼동,2446,2267,4713
20210601,9호선2~3단계,한성백제,2500,2315,4815
20210601,8호선,신흥,4218,4499,8717
20210601,경부선,관악,7460,6841,14301
20210601,경부선,안양,24650,24564,49214
20210601,경부선,명학,9484,9236,18720
20210601,경부선,금정,26541,26853,53394
20210601,경부선,군포,7910,7880,15790
20210601,경부선,의왕,9364,9319,18683
20210601,경부선,석수,9939,8999,18938
20210601,9호선2~3단계,송파나루,4337,4686,9023
20210601,9호선2~3단계,석촌,7827,6902,14729
20210601,9호선2~3단계,석촌고분,5743,5694,11437
20210601,6호선,불광,4294,4195,8489
20210601,6호선,독바위,2817,2887,5704
20210601,6호선,구산,7523,5679,13202
20210601,6호선,상수,7047,7818,14865
20210601,9호선,구반포,2634,2745,5379
20210601,9호선,신반포,3131,3098,6229
20210601,9호선,고속터미널,11119,13452,24571
20210601,9호선,사평,3215,3136,6351
20210601,9호선,신논현,30151,29773,59924
20210601,9호선2~3단계,언주,10025,10193,20218
20210601,9호선2~3단계,선정릉,9776,10492,20268
20210601,9호선2~3단계,삼성중앙,6920,7230,14150
20210601,9호선2~3단계,봉은사,15021,15307,30328
20210601,9호선2~3단계,종합운동장,4011,4120,8131
20210601,9호선2~3단계,삼전,6634,6366,13000
20210601,경부선,성균관대,14593,14364,28957
20210601,경부선,화서,7525,7291,14816
20210601,경부선,수원,31895,33857,65752
20210601,경부선,독산,17498,18393,35891
20210601,경의선,백마,7045,6782,13827
20210601,경의선,풍산,5526,5162,10688
20210601,경의선,일산,9314,9271,18585
20210601,경의선,탄현,7730,7420,15150
20210601,경의선,야당,6697,6605,13302
20210601,경의선,운정,6756,6311,13067
20210601,경의선,금릉,4587,4438,9025
20210601,경의선,금촌,6353,6400,12753
20210601,경의선,월롱,2823,2674,5497
20210601,경의선,파주,1650,1211,2861
20210601,경의선,문산,4797,4728,9525
20210601,경의선,임진강,5,1,6
20210601,경인선,개봉,21460,21796,43256
20210601,경인선,오류동,12154,11428,23582
20210601,경인선,역곡,28225,27869,56094
20210601,경의선,곡산,592,592,1184
20210601,6호선,역촌,3783,4382,8165
20210601,경의선,능곡,3801,3491,7292
20210601,경의선,강매,3310,2898,6208
20210601,경부선,세류,3040,2807,5847
20210601,경부선,병점,13985,13955,27940
20210601,경부선,세마,2651,2407,5058
20210601,경부선,오산대,3643,3528,7171
20210601,경부선,오산,9267,9282,18549
20210601,경부선,진위,1603,1347,2950
20210601,경부선,송탄,3969,3682,7651
20210601,경부선,서정리,6633,6230,12863
20210601,경부선,평택지제,2823,2629,5452
20210601,경부선,평택,10964,10856,21820
20210601,2호선,용답,2787,2836,5623
20210601,경의선,가좌,5351,4912,10263
20210601,경의선,디지털미디어시티,2605,2433,5038
20210601,경의선,수색,2901,3070,5971
20210601,경의선,화전,2108,1927,4035
20210601,경의선,행신,7761,7709,15470
20210601,중앙선,지평,67,99,166
20210601,중앙선,용문,1652,1641,3293
20210601,중앙선,원덕,344,320,664
20210601,5호선,서대문,19096,19811,38907
20210601,5호선,광화문,28312,29905,58217
20210601,5호선,종로3가,11488,11226,22714
20210601,5호선,을지로4가,6199,6433,12632
20210601,5호선,동대문역사문화공원,2861,3416,6277
20210601,5호선,청구,4083,3639,7722
20210601,5호선,신금호,6538,6769,13307
20210601,5호선,행당,8376,7350,15726
20210601,5호선,왕십리,4409,4826,9235
20210601,5호선,마장,5500,5250,10750
20210601,5호선,답십리,15935,14437,30372
20210601,5호선,장한평,18526,18493,37019
20210601,5호선,군자,11056,12072,23128
20210601,5호선,아차산,14289,13870,28159
20210601,5호선,광나루,12990,11948,24938
20210601,5호선,충정로,5101,5247,10348
20210601,5호선,천호,17012,16856,33868
20210601,5호선,애오개,7091,7017,14108
20210601,5호선,마포,14638,14934,29572
20210601,7호선,숭실대입구,12226,12522,24748
20210601,3호선,고속터미널,33986,32532,66518
20210601,3호선,교대,14136,9362,23498
20210601,3호선,남부터미널,27604,28821,56425
20210601,3호선,매봉,12623,12103,24726
20210601,5호선,까치산,28819,27750,56569
20210601,5호선,신정,14228,11261,25489
20210601,5호선,목동,16770,18584,35354
20210601,5호선,오목교,21361,23178,44539
20210601,5호선,양평,7621,7626,15247
20210601,5호선,영등포구청,4035,4095,8130
20210601,5호선,영등포시장,9352,9676,19028
20210601,5호선,신길,4077,4396,8473
20210601,5호선,여의도,28275,30193,58468
20210601,5호선,여의나루,10113,11151,21264
20210601,5호선,공덕,14651,15641,30292
20210601,경인선,부천,32174,32164,64338
20210601,2호선,강남,79921,78691,158612
20210601,2호선,서초,21938,21846,43784
20210601,5호선,미사,14867,14469,29336
20210601,5호선,하남풍산,3952,3985,7937
20210601,5호선,하남시청,4956,5005,9961
20210601,5호선,하남검단산,4565,4492,9057
20210601,6호선,응암,17836,17452,35288
20210601,중앙선,덕소,5686,5525,11211
20210601,중앙선,도심,2491,1963,4454
20210601,중앙선,팔당,825,856,1681
20210601,중앙선,운길산,959,916,1875
20210601,중앙선,양수,1888,1930,3818
20210601,중앙선,신원,218,185,403
20210601,중앙선,국수,725,727,1452
20210601,중앙선,아신,519,516,1035
20210601,중앙선,오빈,289,266,555
20210601,중앙선,양평,2476,2525,5001
20210601,5호선,강일,3156,3357,6513
20210601,2호선,교대,33937,37951,71888
20210601,5호선,마천,6381,6321,12702
20210601,5호선,개롱,6634,6788,13422
20210601,2호선,방배,17702,18478,36180
20210601,2호선,사당,34614,37869,72483
20210601,2호선,낙성대,26582,26013,52595
20210601,2호선,서울대입구,45689,44979,90668
20210601,2호선,봉천,24348,22539,46887
20210601,2호선,신림,61491,59987,121478
20210601,5호선,강동,18612,17815,36427
20210601,5호선,굽은다리,9525,9133,18658
20210601,5호선,명일,8548,8882,17430
20210601,5호선,고덕,9278,9146,18424
20210601,5호선,상일동,15885,14277,30162
20210601,5호선,둔촌동,8589,8623,17212
20210601,5호선,올림픽공원,4427,3820,8247
20210601,5호선,방이,6811,7012,13823
20210601,5호선,오금,3992,3864,7856
20210601,5호선,거여,8649,8448,17097
20210601,경인선,송내,27726,27762,55488
20210601,3호선,잠원,4780,4656,9436
20210601,경인선,백운,7142,7013,14155
20210601,6호선,합정,12419,12013,24432
20210601,6호선,광흥창,9022,8718,17740
20210601,6호선,대흥,7964,8347,16311
20210601,6호선,공덕,18651,17810,36461
20210601,6호선,효창공원앞,7042,6379,13421
20210601,6호선,삼각지,6000,5359,11359
20210601,6호선,녹사평,4468,4459,8927
20210601,6호선,이태원,8252,8465,16717
20210601,6호선,한강진,7178,8331,15509
20210601,6호선,버티고개,2182,2130,4312
20210601,6호선,약수,3586,3567,7153
20210601,6호선,청구,3867,4180,8047
20210601,6호선,신당,7905,8443,16348
20210601,6호선,동묘앞,7682,7736,15418
20210601,6호선,창신,3671,2952,6623
20210601,6호선,망원,13393,14356,27749
20210601,6호선,보문,7186,6680,13866
20210601,6호선,마포구청,14174,12692,26866
20210601,6호선,디지털미디어시티,14303,15475,29778
20210601,4호선,상계,19173,17572,36745
20210601,4호선,노원,18028,20183,38211
20210601,4호선,창동,25257,26650,51907
20210601,4호선,쌍문,29165,26924,56089
20210601,5호선,방화,6703,6329,13032
20210601,5호선,개화산,5405,5151,10556
20210601,5호선,김포공항,6600,6020,12620
20210601,5호선,송정,6787,6239,13026
20210601,5호선,마곡,10323,10363,20686
20210601,5호선,발산,19907,20464,40371
20210601,5호선,우장산,14299,13901,28200
20210601,5호선,화곡,28141,26570,54711
20210601,5호선,길동,7906,8253,16159
20210601,6호선,새절,13005,12185,25190
20210601,6호선,증산,9978,9762,19740
20210601,6호선,월드컵경기장,4422,4584,9006
20210601,4호선,당고개,12762,11723,24485
20210601,6호선,안암,9703,9858,19561
20210601,6호선,월곡,11138,11096,22234
20210601,7호선,사가정,16427,16381,32808
20210601,7호선,용마산,6213,5970,12183
20210601,7호선,중곡,9979,9074,19053
20210601,7호선,군자,14602,11967,26569
20210601,7호선,어린이대공원,13113,13197,26310
20210601,7호선,건대입구,11455,11718,23173
20210601,7호선,뚝섬유원지,7991,7932,15923
20210601,7호선,청담,19676,21892,41568
20210601,7호선,강남구청,16620,18402,35022
20210601,7호선,학동,24619,26476,51095
20210601,7호선,논현,20932,22486,43418
20210601,7호선,반포,5780,5505,11285
20210601,7호선,고속터미널,14342,12761,27103
20210601,7호선,내방,14536,14940,29476
20210601,경인선,부평,28190,29847,58037
20210601,7호선,면목,15880,15486,31366
20210601,6호선,고려대,7580,7299,14879
20210601,7호선,상봉,16840,15930,32770
20210601,7호선,먹골,9945,9730,19675
20210601,6호선,상월곡,6370,5730,12100
20210601,6호선,돌곶이,8937,8437,17374
20210601,6호선,석계,12271,12777,25048
20210601,6호선,태릉입구,5347,6052,11399
20210601,6호선,화랑대,11547,9060,20607
20210601,6호선,봉화산,9078,8442,17520
20210601,7호선,장암,2350,877,3227
20210601,7호선,도봉산,9470,10934,20404
20210601,7호선,수락산,12555,12496,25051
20210601,7호선,마들,12503,12016,24519
20210601,7호선,노원,18563,19786,38349
20210601,7호선,중계,14675,13335,28010
20210601,7호선,하계,17531,16478,34009
20210601,7호선,공릉,11766,11591,23357
20210601,7호선,태릉입구,8241,8024,16265
20210601,7호선,중화,11059,10779,21838
20210601,4호선,남태령,1264,1151,2415
20210601,7호선,이수,15404,15111,30515
20210601,4호선,총신대입구,18729,20296,39025
20210601,수인선,호구포,3886,4071,7957
20210601,수인선,남동인더스파크,2331,2640,4971
20210601,수인선,원인재,4287,4433,8720
20210601,수인선,연수,4397,4347,8744
20210601,수인선,송도,2567,2380,4947
20210601,수인선,인하대,5808,5456,11264
20210601,수인선,소래포구,5524,5314,10838
20210601,3호선,무악재,3843,3873,7716
20210601,2호선,성수,35865,39295,75160
20210601,2호선,건대입구,31374,33930,65304
20210601,2호선,구의,23334,22990,46324
20210601,2호선,강변,28029,27335,55364
20210601,2호선,잠실나루,14877,14478,29355
20210601,2호선,잠실,60347,60502,120849
20210601,3호선,독립문,7045,7216,14261
20210601,수인선,월곶,2564,2444,5008
20210601,수인선,달월,88,61,149
20210601,수인선,사리,4162,3717,7879
20210601,4호선,사당,23419,19751,43170
20210601,경인선,동암,15066,15174,30240
20210601,경인선,주안,18421,16693,35114
20210601,경인선,제물포,10749,10263,21012
20210601,경인선,동인천,13669,12859,26528
20210601,경인선,인천,3506,2628,6134
20210601,경인선,구일,6933,7072,14005
20210601,경인선,소사,9041,9000,18041
20210601,경인선,부개,8556,8076,16632
20210601,경인선,간석,6039,5781,11820
20210601,경인선,도원,3320,3438,6758
20210601,수인선,고색,4039,3750,7789
20210601,수인선,오목천,3006,2759,5765
20210601,수인선,어천,685,700,1385
20210601,수인선,야목,271,201,472
20210601,2호선,잠실새내,19876,19869,39745
20210601,2호선,종합운동장,7693,8303,15996
20210601,수인선,인천논현,5645,6009,11654
20210601,2호선,선릉,57567,51093,108660
20210601,4호선,미아사거리,27074,25936,53010
20210601,4호선,길음,19915,19470,39385
20210601,4호선,성신여대입구,19060,18107,37167
20210601,4호선,한성대입구,13744,13356,27100
20210601,4호선,혜화,29473,29747,59220
20210601,4호선,동대문역사문화공원,14144,13163,27307
20210601,4호선,충무로,26194,27045,53239
20210601,4호선,명동,16816,17333,34149
20210601,4호선,회현,23606,25334,48940
20210601,4호선,서울역,10660,13912,24572
20210601,4호선,숙대입구,12878,12543,25421
20210601,4호선,삼각지,5099,5432,10531
20210601,4호선,신용산,15531,16474,32005
20210601,4호선,이촌,6969,7885,14854
20210601,2호선,삼성,50341,51553,101894
20210601,4호선,미아,14450,14123,28573
20210601,4호선,수유,33388,33108,66496
20210601,4호선,동대문,20167,20996,41163
20210601,4호선,동작,2660,2807,5467
20210601,3호선,오금,6177,5577,11754
20210601,2호선,역삼,51002,56939,107941
20210601,2호선,신대방,26471,25741,52212
20210601,2호선,구로디지털단지,61740,62208,123948
20210601,2호선,대림,24493,25101,49594
20210601,2호선,신도림,47109,45735,92844
20210601,3호선,양재,38648,42031,80679
20210601,3호선,도곡,5375,5604,10979
20210601,수인선,숭의,3967,3771,7738
20210601,3호선,학여울,1733,1765,3498
20210601,3호선,대청,9914,9049,18963
20210601,3호선,일원,10197,9920,20117
20210601,3호선,수서,16022,16254,32276
20210601,3호선,가락시장,8884,8813,17697
20210601,3호선,경찰병원,7323,7372,14695
20210601,3호선,대치,10672,10812,21484
20210602,경인선,개봉,21564,21993,43557
20210602,경인선,오류동,12229,11490,23719
20210602,경인선,역곡,28411,28020,56431
20210602,경인선,부천,32427,32632,65059
20210602,경인선,송내,28012,27972,55984
20210602,경인선,부평,28884,30776,59660
20210602,경인선,백운,7318,7195,14513
20210602,경인선,제물포,10886,10507,21393
20210602,경인선,주안,18851,17050,35901
20210602,경인선,동인천,14217,13506,27723
20210602,경인선,인천,3654,2767,6421
20210602,경인선,구일,7073,7295,14368
20210602,경인선,소사,9180,9052,18232
20210602,경의선,임진강,4,11,15
20210602,경인선,동암,15298,15321,30619
20210602,경의선,문산,4862,4833,9695
20210602,경의선,디지털미디어시티,2602,2416,5018
20210602,경의선,월롱,2732,2488,5220
20210602,경인선,부개,8768,8143,16911
20210602,경의선,수색,2960,3130,6090
20210602,경의선,화전,1885,1706,3591
20210602,경의선,강매,3370,2917,6287
20210602,경의선,행신,7760,7713,15473
20210602,경의선,능곡,3824,3466,7290
20210602,경의선,곡산,621,650,1271
20210602,경의선,백마,7095,6803,13898
20210602,경의선,풍산,5616,5183,10799
20210602,경의선,일산,9370,9320,18690
20210602,경의선,탄현,7725,7345,15070
20210602,경의선,야당,6853,6662,13515
20210602,경의선,운정,6719,6364,13083
20210602,경의선,금릉,4627,4588,9215
20210602,경의선,금촌,6402,6245,12647
20210602,경의선,파주,1611,1221,2832
20210602,경인선,간석,6114,5811,11925
20210602,공항철도 1호선,인천공항2터미널,1831,1757,3588
20210602,경인선,온수,7186,6979,14165
20210602,경춘선,남춘천,2551,2601,5152
20210602,경춘선,춘천,1322,1213,2535
20210602,공항철도 1호선,서울역,6458,5974,12432
20210602,공항철도 1호선,공덕,2271,2882,5153
20210602,공항철도 1호선,홍대입구,8618,8497,17115
20210602,공항철도 1호선,디지털미디어시티,14187,12827,27014
20210602,공항철도 1호선,마곡나루,8516,8287,16803
20210602,공항철도 1호선,김포공항,10009,6104,16113
20210602,공항철도 1호선,계양,9275,8483,17758
20210602,공항철도 1호선,검암,6795,6632,13427
20210602,공항철도 1호선,청라국제도시,6620,6166,12786
20210602,공항철도 1호선,운서,5949,6002,11951
20210602,공항철도 1호선,공항화물청사,2381,2547,4928
20210602,공항철도 1호선,인천공항1터미널,3043,3212,6255
20210602,경강선,여주,1971,1989,3960
20210602,경춘선,김유정,314,316,630
20210602,경인선,도원,3394,3451,6845
20210602,경춘선,강촌,456,471,927
20210602,경춘선,굴봉산,169,169,338
20210602,경인선,중동,9398,8910,18308
20210602,경인선,도화,4388,4101,8489
20210602,경춘선,신내,1815,1815,3630
20210602,경춘선,갈매,3179,2827,6006
20210602,경춘선,별내,3081,2950,6031
20210602,경춘선,퇴계원,3854,3509,7363
20210602,경춘선,사릉,3631,3388,7019
20210602,경춘선,금곡,1566,1525,3091
20210602,경춘선,평내호평,6471,6385,12856
20210602,경춘선,천마산,1734,1620,3354
20210602,경춘선,마석,3987,3906,7893
20210602,경춘선,대성리,529,466,995
20210602,경춘선,청평,1584,1522,3106
20210602,경춘선,상천,322,310,632
20210602,경춘선,가평,1560,1451,3011
20210602,경춘선,백양리,97,82,179
20210602,경의선,가좌,5444,4989,10433
20210602,경부선,서동탄,1526,1326,2852
20210602,경의선,서강대,2053,1960,4013
20210602,경부선,성균관대,14823,14671,29494
20210602,경부선,화서,7711,7474,15185
20210602,경부선,수원,32457,34084,66541
20210602,경부선,독산,17377,18308,35685
20210602,경부선,세류,3069,2773,5842
20210602,경부선,병점,13875,14052,27927
20210602,경부선,세마,2661,2457,5118
20210602,경부선,오산대,3809,3509,7318
20210602,경부선,오산,9583,9349,18932
20210602,경부선,진위,1562,1389,2951
20210602,경부선,송탄,3960,3724,7684
20210602,경부선,서정리,6851,6454,13305
20210602,경부선,평택지제,2853,2682,5535
20210602,경부선,평택,11021,10958,21979
20210602,경부선,성환,4099,4036,8135
20210602,경부선,의왕,9370,9275,18645
20210602,경부선,직산,722,748,1470
20210602,경부선,군포,7839,7863,15702
20210602,경부선,명학,9379,9270,18649
20210602,공항철도 1호선,영종,2949,2955,5904
20210602,경부선,서울역,4259,1505,5764
20210602,경부선,남영,9619,10153,19772
20210602,경부선,용산,28803,29193,57996
20210602,경부선,노량진,8264,8524,16788
20210602,경부선,대방,13100,13349,26449
20210602,경부선,영등포,34683,35565,70248
20210602,경부선,신도림,4397,4423,8820
20210602,경부선,신길,9669,8194,17863
20210602,경부선,구로,19300,19824,39124
20210602,경부선,가산디지털단지,18899,21866,40765
20210602,경부선,금천구청,12106,12086,24192
20210602,경부선,석수,10203,9022,19225
20210602,경부선,관악,7514,7065,14579
20210602,경부선,안양,25057,25030,50087
20210602,경부선,금정,26825,26986,53811
20210602,경의선,홍대입구,1540,1763,3303
20210602,경부선,두정,5173,5251,10424
20210602,경부선,당정,6520,6169,12689
20210602,경원선,가능,6747,6586,13333
20210602,경원선,녹양,4711,4537,9248
20210602,경원선,양주,7815,7199,15014
20210602,경원선,덕계,3202,2908,6110
20210602,경원선,덕정,5839,5766,11605
20210602,경원선,지행,6362,6389,12751
20210602,경원선,동두천중앙,3139,3002,6141
20210602,경원선,보산,1508,1391,2899
20210602,경원선,동두천,2213,2619,4832
20210602,경원선,소요산,2961,2535,5496
20210602,경의선,서울역,4155,5340,9495
20210602,경의선,신촌,881,1088,1969
20210602,경의선,효창공원앞,2916,3416,6332
20210602,경의선,공덕,3552,3178,6730
20210602,4호선,충무로,26525,27373,53898
20210602,경원선,의정부,17780,18214,35994
20210602,경부선,천안,4560,4660,9220
20210602,경원선,회룡,12675,12701,25376
20210602,경원선,도봉산,8210,5363,13573
20210602,경부선,광명,3001,2639,5640
20210602,경원선,이촌,3842,2952,6794
20210602,경원선,서빙고,1891,1779,3670
20210602,경원선,한남,4111,3847,7958
20210602,경원선,옥수,56,33,89
20210602,경원선,응봉,1886,1614,3500
20210602,경원선,왕십리,13293,15088,28381
20210602,경원선,청량리,13592,14559,28151
20210602,경원선,외대앞,6931,6947,13878
20210602,경원선,신이문,8551,7895,16446
20210602,경원선,석계,7911,9198,17109
20210602,경원선,광운대,8614,8326,16940
20210602,경원선,월계,7028,6590,13618
20210602,경원선,녹천,4787,4025,8812
20210602,경원선,방학,9830,9515,19345
20210602,경원선,망월사,7848,7972,15820
20210602,과천선,선바위,8765,7657,16422
20210602,우이신설선,4.19민주묘지,3036,2882,5918
20210602,과천선,대공원,3491,3622,7113
20210602,장항선,온양온천,2955,3009,5964
20210602,장항선,신창,1488,1461,2949
20210602,중앙선,회기,23769,23327,47096
20210602,중앙선,중랑,5590,5432,11022
20210602,중앙선,상봉,6000,5991,11991
20210602,중앙선,망우,7604,7446,15050
20210602,장항선,배방,950,922,1872
20210602,중앙선,양원,1947,1882,3829
20210602,중앙선,도농,10241,9217,19458
20210602,중앙선,양정,831,701,1532
20210602,중앙선,덕소,5668,5698,11366
20210602,중앙선,도심,2529,2002,4531
20210602,중앙선,팔당,867,850,1717
20210602,중앙선,운길산,1061,1018,2079
20210602,중앙선,구리,13759,13847,27606
20210602,장항선,아산,2535,2341,4876
20210602,장항선,쌍용,2067,1909,3976
20210602,장항선,봉명,1164,1158,2322
20210602,우이신설선,북한산보국문,5889,5743,11632
20210602,우이신설선,정릉,4547,4270,8817
20210602,우이신설선,성신여대입구,3016,3313,6329
20210602,우이신설선,보문,1531,1521,3052
20210602,우이신설선,신설동,2208,2156,4364
20210602,일산선,원흥,10414,9919,20333
20210602,일산선,삼송,18530,18098,36628
20210602,일산선,원당,11280,10881,22161
20210602,일산선,화정,16709,17120,33829
20210602,일산선,대곡,1965,1549,3514
20210602,일산선,백석,9735,9741,19476
20210602,일산선,마두,7262,7560,14822
20210602,일산선,정발산,7096,6994,14090
20210602,일산선,주엽,8797,8830,17627
20210602,일산선,대화,13001,10201,23202
20210602,중앙선,양수,1902,1955,3857
20210602,중앙선,신원,234,221,455
20210602,중앙선,국수,785,752,1537
20210602,중앙선,아신,486,484,970
20210602,3호선,대청,9914,9042,18956
20210602,3호선,학여울,1801,1856,3657
20210602,3호선,대치,10301,10384,20685
20210602,3호선,도곡,5309,5467,10776
20210602,3호선,매봉,12821,12222,25043
20210602,3호선,양재,38926,42298,81224
20210602,3호선,남부터미널,27986,29186,57172
20210602,3호선,교대,14279,9375,23654
20210602,3호선,고속터미널,34811,33027,67838
20210602,3호선,잠원,4809,4725,9534
20210602,3호선,신사,28863,30414,59277
20210602,3호선,압구정,30776,32567,63343
20210602,3호선,옥수,9164,9431,18595
20210602,3호선,금호,8180,7753,15933
20210602,경강선,세종대왕릉,275,266,541
20210602,3호선,일원,10133,9922,20055
20210602,우이신설선,솔샘,5718,5385,11103
20210602,3호선,수서,16194,16449,32643
20210602,3호선,경찰병원,7396,7463,14859
20210602,중앙선,오빈,282,276,558
20210602,중앙선,양평,2502,2704,5206
20210602,중앙선,원덕,376,349,725
20210602,중앙선,용문,1819,1786,3605
20210602,중앙선,지평,73,69,142
20210602,4호선,동대문역사문화공원,14361,13303,27664
20210602,4호선,동대문,20388,21127,41515
20210602,4호선,혜화,30987,31061,62048
20210602,4호선,한성대입구,13911,13533,27444
20210602,4호선,성신여대입구,19465,18344,37809
20210602,4호선,길음,20081,19584,39665
20210602,4호선,미아사거리,27368,26537,53905
20210602,4호선,미아,14640,14313,28953
20210602,4호선,수유,33616,33337,66953
20210602,3호선,오금,6195,5662,11857
20210602,3호선,가락시장,8990,8720,17710
20210602,우이신설선,삼양사거리,2395,2444,4839
20210602,우이신설선,삼양,1926,2111,4037
20210602,우이신설선,화계,3324,3116,6440
20210602,분당선,모란,19189,19324,38513
20210602,분당선,야탑,25420,26530,51950
20210602,분당선,서현,23270,23747,47017
20210602,분당선,수내,12954,12988,25942
20210602,분당선,정자,17454,18475,35929
20210602,분당선,미금,15401,16181,31582
20210602,분당선,오리,11643,9818,21461
20210602,분당선,이매,5716,5209,10925
20210602,분당선,보정,2484,2192,4676
20210602,분당선,죽전,12974,14330,27304
20210602,분당선,구성,5041,5213,10254
20210602,분당선,신갈,4494,4463,8957
20210602,분당선,기흥,9504,8969,18473
20210602,분당선,상갈,5355,5170,10525
20210602,분당선,청명,4277,4139,8416
20210602,분당선,태평,13435,13018,26453
20210602,분당선,영통,8197,8324,16521
20210602,분당선,가천대,8317,9369,17686
20210602,분당선,강남구청,10218,11658,21876
20210602,과천선,과천,5678,5174,10852
20210602,과천선,정부과천청사,10448,10351,20799
20210602,과천선,인덕원,24111,24720,48831
20210602,과천선,평촌,18220,18091,36311
20210602,과천선,범계,25230,25090,50320
20210602,분당선,선릉,13822,20574,34396
20210602,분당선,한티,13648,14501,28149
20210602,분당선,도곡,6656,6606,13262
20210602,분당선,구룡,2054,1999,4053
20210602,분당선,개포동,3913,4023,7936
20210602,분당선,대모산입구,3462,3280,6742
20210602,분당선,수서,12938,13088,26026
20210602,분당선,수원,7775,6472,14247
20210602,분당선,서울숲,11254,11407,22661
20210602,분당선,압구정로데오,17941,19559,37500
20210602,분당선,선정릉,8182,8835,17017
20210602,과천선,경마공원,1517,1556,3073
20210602,분당선,망포,13938,13230,27168
20210602,분당선,수원시청,12031,13045,25076
20210602,안산선,대야미,5090,4629,9719
20210602,안산선,반월,4392,4200,8592
20210602,안산선,상록수,16373,16465,32838
20210602,안산선,한대앞,9028,9131,18159
20210602,안산선,중앙,17022,17983,35005
20210602,안산선,고잔,8955,8438,17393
20210602,안산선,초지,4921,5387,10308
20210602,안산선,안산,11770,10562,22332
20210602,안산선,신길온천,1721,1609,3330
20210602,안산선,정왕,9469,9895,19364
20210602,안산선,오이도,8499,8202,16701
20210602,안산선,수리산,4398,3631,8029
20210602,우이신설선,북한산우이,2818,2641,5459
20210602,우이신설선,솔밭공원,2485,2397,4882
20210602,우이신설선,가오리,4286,4257,8543
20210602,안산선,산본,16109,14441,30550
20210602,분당선,매탄권선,4862,4773,9635
20210602,수인선,인천,959,1617,2576
20210602,수인선,숭의,4021,3837,7858
20210602,분당선,매교,2985,3023,6008
20210602,수인선,고색,4146,3949,8095
20210602,수인선,오목천,3074,2893,5967
20210602,수인선,어천,677,727,1404
20210602,수인선,야목,243,195,438
20210602,수인선,사리,4205,3755,7960
20210602,수인선,달월,94,66,160
20210602,수인선,소래포구,5619,5263,10882
20210602,수인선,인천논현,5798,6101,11899
20210602,수인선,호구포,3970,4215,8185
20210602,수인선,남동인더스파크,2313,2666,4979
20210602,수인선,원인재,4339,4537,8876
20210602,수인선,연수,4629,4488,9117
20210602,수인선,송도,2635,2491,5126
20210602,수인선,인하대,5874,5539,11413
20210602,수인선,신포,1890,1897,3787
20210602,경강선,부발,1773,1729,3502
20210602,5호선,하남시청,5135,5123,10258
20210602,경강선,신둔도예촌,1450,1278,2728
20210602,5호선,방화,6818,6442,13260
20210602,5호선,개화산,5539,5211,10750
20210602,5호선,김포공항,6470,6295,12765
20210602,5호선,송정,6618,6275,12893
20210602,5호선,마곡,10417,10421,20838
20210602,5호선,발산,20234,20903,41137
20210602,4호선,쌍문,29492,27286,56778
20210602,5호선,우장산,14779,14478,29257
20210602,5호선,까치산,29042,28009,57051
20210602,5호선,신정,14311,11459,25770
20210602,5호선,목동,17187,18680,35867
20210602,5호선,오목교,21639,23670,45309
20210602,5호선,양평,7731,7627,15358
20210602,5호선,영등포구청,4242,4223,8465
20210602,5호선,화곡,28265,26507,54772
20210602,4호선,창동,25550,27043,52593
20210602,4호선,노원,18314,20626,38940
20210602,4호선,상계,19302,17832,37134
20210602,1호선,동묘앞,8344,8750,17094
20210602,4호선,명동,17222,17900,35122
20210602,경원선,도봉,6046,5872,11918
20210602,7호선,장암,2371,976,3347
20210602,4호선,회현,23999,25639,49638
20210602,4호선,서울역,10572,14354,24926
20210602,4호선,숙대입구,13108,12655,25763
20210602,4호선,삼각지,5047,5495,10542
20210602,4호선,신용산,15362,16451,31813
20210602,4호선,이촌,7219,8122,15341
20210602,4호선,동작,2724,2962,5686
20210602,4호선,총신대입구,18981,20608,39589
20210602,4호선,사당,23961,19910,43871
20210602,4호선,남태령,1234,1071,2305
20210602,4호선,당고개,12980,11872,24852
20210602,5호선,영등포시장,9759,10035,19794
20210602,5호선,신길,4118,4383,8501
20210602,5호선,여의도,28495,30413,58908
20210602,5호선,여의나루,10932,12091,23023
20210602,5호선,천호,17376,17507,34883
20210602,5호선,강동,18862,17830,36692
20210602,5호선,길동,7988,8301,16289
20210602,5호선,굽은다리,9539,9153,18692
20210602,5호선,명일,8693,8932,17625
20210602,5호선,고덕,9399,9363,18762
20210602,5호선,상일동,15968,14344,30312
20210602,5호선,둔촌동,8570,8502,17072
20210602,5호선,올림픽공원,4370,3891,8261
20210602,5호선,방이,6974,7138,14112
20210602,5호선,오금,3956,3860,7816
20210602,5호선,개롱,6607,7000,13607
20210602,5호선,거여,8791,8367,17158
20210602,5호선,마천,6348,6300,12648
20210602,5호선,강일,3085,3259,6344
20210602,5호선,광나루,13150,12101,25251
20210602,1호선,시청,21206,21826,43032
20210602,5호선,아차산,14637,14146,28783
20210602,5호선,장한평,18784,18604,37388
20210602,5호선,마포,14670,14950,29620
20210602,5호선,공덕,14761,15672,30433
20210602,5호선,애오개,7057,7206,14263
20210602,5호선,충정로,5228,5298,10526
20210602,5호선,서대문,19462,19944,39406
20210602,5호선,광화문,30201,31895,62096
20210602,5호선,종로3가,11745,11759,23504
20210602,5호선,을지로4가,6271,6499,12770
20210602,5호선,동대문역사문화공원,2829,3359,6188
20210602,5호선,청구,4039,3677,7716
20210602,5호선,신금호,6594,6703,13297
20210602,5호선,행당,8461,7451,15912
20210602,5호선,왕십리,4645,5000,9645
20210602,5호선,마장,5615,5218,10833
20210602,5호선,답십리,16120,14500,30620
20210602,5호선,군자,11279,12365,23644
20210602,5호선,미사,14713,14616,29329
20210602,1호선,종각,35245,34299,69544
20210602,1호선,종로5가,22531,22357,44888
20210602,2호선,신정네거리,10357,10783,21140
20210602,2호선,양천구청,6838,7142,13980
20210602,2호선,도림천,1479,1503,2982
20210602,2호선,신설동,3154,3129,6283
20210602,2호선,신답,1640,1957,3597
20210602,2호선,용답,2819,2848,5667
20210602,2호선,용두,2385,2398,4783
20210602,2호선,충정로,10359,10920,21279
20210602,2호선,이대,12626,13146,25772
20210602,2호선,신촌,30981,32105,63086
20210602,2호선,홍대입구,46782,48734,95516
20210602,2호선,합정,29761,30980,60741
20210602,2호선,당산,19273,22452,41725
20210602,2호선,영등포구청,23744,24061,47805
20210602,2호선,아현,10674,10245,20919
20210602,3호선,지축,4198,3985,8183
20210602,3호선,구파발,20381,19358,39739
20210602,3호선,연신내,37359,35183,72542
20210602,경강선,이천,2215,2435,4650
20210602,3호선,약수,12965,12642,25607
20210602,2호선,신당,13786,14015,27801
20210602,수인선,월곶,2611,2471,5082
20210602,3호선,녹번,15340,13989,29329
20210602,3호선,홍제,17525,16434,33959
20210602,3호선,무악재,3968,4003,7971
20210602,3호선,독립문,7022,7227,14249
20210602,3호선,경복궁,19354,18574,37928
20210602,3호선,안국,19454,20252,39706
20210602,3호선,종로3가,9783,11269,21052
20210602,3호선,을지로3가,10654,11235,21889
20210602,3호선,충무로,3,0,3
20210602,3호선,동대입구,7722,8057,15779
20210602,3호선,불광,16594,17655,34249
20210602,2호선,문래,21979,22439,44418
20210602,2호선,신도림,48810,47352,96162
20210602,2호선,대림,24574,25150,49724
20210602,2호선,구로디지털단지,61899,62292,124191
20210602,2호선,건대입구,31914,34065,65979
20210602,2호선,성수,35893,39158,75051
20210602,2호선,뚝섬,21845,23637,45482
20210602,2호선,한양대,8420,8922,17342
20210602,2호선,왕십리,15832,12952,28784
20210602,2호선,상왕십리,14404,13928,28332
20210602,2호선,동대문역사문화공원,11444,12728,24172
20210602,2호선,을지로4가,12999,12930,25929
20210602,2호선,을지로3가,22089,22134,44223
20210602,2호선,을지로입구,37646,38817,76463
20210602,2호선,시청,23395,22233,45628
20210602,1호선,청량리,19700,19633,39333
20210602,1호선,제기동,16923,17246,34169
20210602,1호선,신설동,14143,13714,27857
20210602,1호선,동대문,10973,10334,21307
20210602,2호선,구의,23542,23023,46565
20210602,1호선,종로3가,24846,22614,47460
20210602,2호선,강변,28164,27288,55452
20210602,2호선,잠실,62118,62269,124387
20210602,2호선,신대방,26638,25581,52219
20210602,2호선,신림,61919,60184,122103
20210602,2호선,봉천,24558,22728,47286
20210602,2호선,서울대입구,46285,45740,92025
20210602,2호선,낙성대,27120,26169,53289
20210602,2호선,사당,35643,38651,74294
20210602,2호선,방배,18132,18898,37030
20210602,2호선,서초,21989,21969,43958
20210602,2호선,교대,34448,38739,73187
20210602,2호선,강남,80014,78603,158617
20210602,2호선,역삼,52140,58234,110374
20210602,2호선,선릉,57082,51263,108345
20210602,2호선,삼성,49919,51004,100923
20210602,2호선,종합운동장,7980,8637,16617
20210602,2호선,잠실새내,20010,20180,40190
20210602,2호선,잠실나루,14585,14035,28620
20210602,5호선,하남풍산,4050,3999,8049
20210602,1호선,서울역,40701,38207,78908
20210602,경강선,초월,3069,2927,5996
20210602,8호선,가락시장,7553,8392,15945
20210602,8호선,문정,22327,23809,46136
20210602,8호선,장지,17272,16441,33713
20210602,8호선,복정,11553,9745,21298
20210602,8호선,산성,6183,6167,12350
20210602,8호선,남한산성입구,14040,13020,27060
20210602,8호선,단대오거리,10552,10260,20812
20210602,8호선,신흥,4287,4616,8903
20210602,8호선,수진,5140,4644,9784
20210602,8호선,모란,4077,3216,7293
20210602,9호선,개화,2693,1867,4560
20210602,9호선,김포공항,6693,9777,16470
20210602,9호선,공항시장,2856,3021,5877
20210602,9호선,신방화,6804,6634,13438
20210602,9호선,양천향교,9828,9961,19789
20210602,8호선,송파,7676,7560,15236
20210602,9호선,가양,20205,19824,40029
20210602,8호선,석촌,7400,8663,16063
20210602,8호선,몽촌토성,5732,5919,11651
20210602,7호선,광명사거리,22805,22138,44943
20210602,7호선,천왕,11740,11308,23048
20210602,7호선,온수,11181,10369,21550
20210602,7호선,까치울,8023,7773,15796
20210602,7호선,부천종합운동장,4782,4108,8890
20210602,7호선,춘의,10022,9772,19794
20210602,7호선,신중동,14657,14543,29200
20210602,7호선,부천시청,12608,12669,25277
20210602,7호선,상동,12944,13582,26526
20210602,7호선,삼산체육관,5551,4978,10529
20210602,7호선,굴포천,9066,9629,18695
20210602,7호선,부평구청,8183,7113,15296
20210602,8호선,암사,19099,16965,36064
20210602,8호선,천호,14704,16749,31453
20210602,8호선,강동구청,10531,10792,21323
20210602,8호선,잠실,12886,15197,28083
20210602,7호선,철산,21667,22285,43952
20210602,9호선,증미,7573,7635,15208
20210602,9호선,염창,17061,16844,33905
20210602,9호선2~3단계,종합운동장,4163,4214,8377
20210602,9호선2~3단계,삼전,6599,6310,12909
20210602,9호선2~3단계,석촌고분,5836,5802,11638
20210602,9호선2~3단계,석촌,8021,7027,15048
20210602,9호선2~3단계,송파나루,4493,4840,9333
20210602,9호선2~3단계,한성백제,2513,2276,4789
20210602,9호선2~3단계,올림픽공원,5874,5921,11795
20210602,9호선2~3단계,둔촌오륜,1244,1104,2348
20210602,9호선2~3단계,중앙보훈병원,10477,9372,19849
20210602,경강선,판교,4299,4344,8643
20210602,경강선,이매,1130,960,2090
20210602,경강선,삼동,2455,2292,4747
20210602,경강선,경기광주,7140,6718,13858
20210602,5호선,하남검단산,4624,4570,9194
20210602,경강선,곤지암,2273,2179,4452
20210602,9호선2~3단계,봉은사,15114,15327,30441
20210602,9호선,등촌,11430,11190,22620
20210602,9호선2~3단계,삼성중앙,6973,7296,14269
20210602,9호선2~3단계,언주,9947,10256,20203
20210602,9호선,신목동,4057,3605,7662
20210602,9호선,선유도,8547,8186,16733
20210602,9호선,당산,17836,17794,35630
20210602,9호선,국회의사당,16141,16666,32807
20210602,9호선,여의도,26909,26221,53130
20210602,9호선,샛강,5967,6206,12173
20210602,9호선,노량진,25537,24867,50404
20210602,9호선,노들,4493,3876,8369
20210602,9호선,흑석,7890,8167,16057
20210602,9호선,동작,2126,1769,3895
20210602,9호선,구반포,2706,2789,5495
20210602,9호선,신반포,3249,3160,6409
20210602,9호선,고속터미널,11270,13872,25142
20210602,9호선,사평,3202,3277,6479
20210602,9호선,신논현,30289,30000,60289
20210602,9호선2~3단계,선정릉,9726,10578,20304
20210602,7호선,가산디지털단지,48695,49028,97723
20210602,9호선,마곡나루,11388,11494,22882
20210602,6호선,역촌,3816,4389,8205
20210602,6호선,이태원,8650,8895,17545
20210602,6호선,버티고개,2272,2198,4470
20210602,6호선,약수,3544,3527,7071
20210602,6호선,청구,3836,4187,8023
20210602,6호선,신당,7894,8398,16292
20210602,6호선,동묘앞,7565,7992,15557
20210602,6호선,창신,3643,3003,6646
20210602,6호선,보문,7116,6577,13693
20210602,6호선,안암,9962,10035,19997
20210602,6호선,고려대,7750,7444,15194
20210602,6호선,월곡,11394,11413,22807
20210602,6호선,상월곡,6321,5733,12054
20210602,6호선,돌곶이,9403,8863,18266
20210602,6호선,석계,12461,12824,25285
20210602,6호선,태릉입구,5464,6180,11644
20210602,6호선,녹사평,4773,4671,9444
20210602,6호선,화랑대,11818,9125,20943
20210602,6호선,삼각지,6079,5299,11378
20210602,6호선,공덕,18638,17881,36519
20210602,6호선,응암,17761,17420,35181
20210602,7호선,남구로,16736,17611,34347
20210602,6호선,불광,4529,4513,9042
20210602,6호선,독바위,2837,2979,5816
20210602,6호선,구산,7618,5756,13374
20210602,6호선,새절,13062,12069,25131
20210602,6호선,증산,10002,9885,19887
20210602,6호선,디지털미디어시티,14153,15341,29494
20210602,6호선,월드컵경기장,4547,4695,9242
20210602,6호선,마포구청,14144,12872,27016
20210602,6호선,망원,13588,14664,28252
20210602,6호선,합정,12793,12601,25394
20210602,6호선,상수,7365,8209,15574
20210602,6호선,광흥창,8973,8761,17734
20210602,6호선,대흥,8138,8291,16429
20210602,6호선,효창공원앞,7059,6538,13597
20210602,6호선,봉화산,8951,8323,17274
20210602,6호선,한강진,8031,9247,17278
20210602,7호선,수락산,13152,12874,26026
20210602,7호선,강남구청,16735,18523,35258
20210602,7호선,학동,24968,26713,51681
20210602,7호선,논현,20888,22304,43192
20210602,7호선,반포,5745,5522,11267
20210602,7호선,고속터미널,14281,12484,26765
20210602,7호선,내방,14767,15144,29911
20210602,7호선,이수,15641,15213,30854
20210602,7호선,남성,11270,10481,21751
20210602,7호선,숭실대입구,12018,12327,24345
20210602,7호선,상도,10738,10314,21052
20210602,7호선,장승배기,9716,9460,19176
20210602,7호선,신대방삼거리,16487,15820,32307
20210602,7호선,보라매,9889,10035,19924
20210602,7호선,도봉산,9726,11216,20942
20210602,7호선,대림,7936,7961,15897
20210602,7호선,청담,19894,22211,42105
20210602,7호선,뚝섬유원지,8643,8558,17201
20210602,7호선,신풍,12117,11624,23741
20210602,7호선,어린이대공원,12861,12752,25613
20210602,7호선,건대입구,11589,11834,23423
20210602,7호선,노원,18736,19794,38530
20210602,7호선,중계,14734,13659,28393
20210602,7호선,하계,18200,17172,35372
20210602,7호선,공릉,11853,11945,23798
20210602,7호선,태릉입구,8417,8146,16563
20210602,7호선,먹골,10091,9809,19900
20210602,7호선,마들,12721,12164,24885
20210602,7호선,상봉,16848,16042,32890
20210602,7호선,면목,15676,15268,30944
20210602,7호선,사가정,16574,16466,33040
20210602,7호선,용마산,6102,5945,12047
20210602,7호선,중곡,10081,9215,19296
20210602,7호선,군자,14745,11934,26679
20210602,7호선,중화,11162,11004,22166
20210603,경원선,회룡,11822,11612,23434
20210603,경원선,의정부,16754,17189,33943
20210603,경원선,가능,6125,6122,12247
20210603,경원선,녹양,4542,4358,8900
20210603,경원선,양주,7326,6739,14065
20210603,경원선,덕계,2983,2595,5578
20210603,경원선,동두천중앙,2928,2843,5771
20210603,경원선,지행,5855,5867,11722
20210603,경원선,보산,1364,1307,2671
20210603,경원선,동두천,1925,2212,4137
20210603,경원선,소요산,2042,1805,3847
20210603,경의선,서울역,4054,5201,9255
20210603,경원선,망월사,7375,7492,14867
20210603,경의선,신촌,789,1021,1810
20210603,경원선,덕정,5763,5690,11453
20210603,경원선,도봉산,6505,3968,10473
20210603,경원선,외대앞,6663,6712,13375
20210603,경원선,방학,8935,8764,17699
20210603,경의선,효창공원앞,2809,3255,6064
20210603,경부선,서동탄,1461,1148,2609
20210603,경부선,광명,3091,2898,5989
20210603,경원선,이촌,3477,2792,6269
20210603,경원선,서빙고,1847,1759,3606
20210603,경원선,한남,4092,3832,7924
20210603,경원선,옥수,48,30,78
20210603,경원선,응봉,1769,1528,3297
20210603,경원선,왕십리,12805,14394,27199
20210603,경원선,청량리,13030,13836,26866
20210603,경원선,신이문,8227,7768,15995
20210603,경원선,석계,7630,8523,16153
20210603,경원선,광운대,8456,8070,16526
20210603,경원선,월계,6681,6196,12877
20210603,경원선,녹천,4561,3853,8414
20210603,경원선,도봉,5638,5489,11127
20210603,경의선,공덕,3480,3127,6607
20210603,경인선,소사,8766,8600,17366
20210603,경의선,홍대입구,1410,1670,3080
20210603,경의선,임진강,14,10,24
20210603,경인선,개봉,20669,21612,42281
20210603,경인선,오류동,11752,11055,22807
20210603,경인선,역곡,27191,26850,54041
20210603,경인선,부천,30368,30394,60762
20210603,경인선,송내,26540,26752,53292
20210603,경인선,부평,27098,28225,55323
20210603,경인선,백운,6804,6720,13524
20210603,경인선,동암,14314,14321,28635
20210603,경인선,주안,17897,16232,34129
20210603,경인선,제물포,10077,9912,19989
20210603,경인선,동인천,12908,12173,25081
20210603,경인선,인천,2818,2102,4920
20210603,경인선,구일,6662,6904,13566
20210603,경부선,당정,6236,5916,12152
20210603,경의선,문산,4472,4629,9101
20210603,경의선,서강대,1932,1948,3880
20210603,경의선,파주,1467,1117,2584
20210603,경의선,금촌,5839,5897,11736
20210603,경의선,가좌,5213,4918,10131
20210603,경의선,디지털미디어시티,2515,2458,4973
20210603,경의선,수색,2736,2982,5718
20210603,경의선,화전,1864,1729,3593
20210603,경의선,강매,3173,2690,5863
20210603,경의선,행신,7640,7633,15273
20210603,경의선,능곡,3619,3307,6926
20210603,경의선,곡산,594,577,1171
20210603,경의선,백마,6769,6600,13369
20210603,경의선,풍산,5308,5067,10375
20210603,경의선,일산,9464,9612,19076
20210603,경의선,탄현,7546,7255,14801
20210603,경의선,야당,6571,6323,12894
20210603,경의선,운정,6520,6096,12616
20210603,경의선,금릉,4370,4297,8667
20210603,경의선,월롱,2615,2410,5025
20210603,경부선,천안,4356,4440,8796
20210603,9호선,신목동,3811,3532,7343
20210603,경부선,직산,687,690,1377
20210603,9호선2~3단계,종합운동장,4185,3996,8181
20210603,9호선2~3단계,삼전,6540,6627,13167
20210603,9호선2~3단계,석촌고분,5816,5993,11809
20210603,9호선2~3단계,석촌,7601,6704,14305
20210603,9호선2~3단계,송파나루,4574,4892,9466
20210603,9호선2~3단계,한성백제,2415,2253,4668
20210603,9호선2~3단계,올림픽공원,6113,6194,12307
20210603,9호선2~3단계,둔촌오륜,1318,1084,2402
20210603,9호선2~3단계,중앙보훈병원,10135,8894,19029
20210603,경강선,판교,4424,4372,8796
20210603,경강선,이매,1113,913,2026
20210603,경강선,삼동,2291,2123,4414
20210603,경강선,경기광주,6741,6385,13126
20210603,경강선,초월,2943,2734,5677
20210603,경강선,곤지암,2073,2063,4136
20210603,9호선2~3단계,봉은사,15765,15552,31317
20210603,경강선,신둔도예촌,1428,1219,2647
20210603,9호선2~3단계,삼성중앙,7147,7374,14521
20210603,9호선2~3단계,언주,10432,10495,20927
20210603,경인선,간석,5783,5575,11358
20210603,9호선,선유도,8578,8186,16764
20210603,9호선,당산,17548,17761,35309
20210603,9호선,국회의사당,16973,16439,33412
20210603,9호선,여의도,27083,25486,52569
20210603,9호선,샛강,5999,6144,12143
20210603,9호선,노량진,24920,23597,48517
20210603,9호선,노들,4166,3679,7845
20210603,9호선,흑석,7405,7753,15158
20210603,9호선,동작,2044,1706,3750
20210603,9호선,구반포,2636,2747,5383
20210603,9호선,신반포,3174,3111,6285
20210603,9호선,고속터미널,10548,13277,23825
20210603,9호선,사평,3272,3372,6644
20210603,9호선,신논현,29596,29459,59055
20210603,9호선2~3단계,선정릉,9378,10304,19682
20210603,경부선,두정,5028,4982,10010
20210603,경강선,이천,2044,2262,4306
20210603,경강선,세종대왕릉,253,252,505
20210603,경부선,성균관대,14040,13819,27859
20210603,경부선,화서,7219,6828,14047
20210603,경부선,수원,30627,32500,63127
20210603,경부선,독산,16850,18145,34995
20210603,경부선,세류,2831,2614,5445
20210603,경부선,병점,13345,13648,26993
20210603,경부선,세마,2601,2392,4993
20210603,경부선,오산대,3175,3037,6212
20210603,경부선,오산,8965,8748,17713
20210603,경부선,진위,1504,1317,2821
20210603,경부선,송탄,3669,3422,7091
20210603,경부선,서정리,6439,5855,12294
20210603,경부선,평택지제,2684,2610,5294
20210603,경부선,평택,10277,10173,20450
20210603,경부선,성환,3931,3900,7831
20210603,경부선,의왕,8624,8616,17240
20210603,경강선,부발,1641,1608,3249
20210603,경부선,군포,7561,7839,15400
20210603,경부선,명학,8793,9192,17985
20210603,경강선,여주,1878,1846,3724
20210603,경부선,서울역,4669,1576,6245
20210603,경부선,남영,9453,9916,19369
20210603,경부선,용산,28974,29654,58628
20210603,경부선,노량진,7661,7971,15632
20210603,경부선,대방,12524,13038,25562
20210603,경부선,영등포,33429,34259,67688
20210603,경부선,신도림,3803,3894,7697
20210603,경부선,신길,9086,7806,16892
20210603,경부선,구로,18531,18884,37415
20210603,경부선,가산디지털단지,18292,21767,40059
20210603,경부선,금천구청,11206,11613,22819
20210603,경부선,석수,9606,8772,18378
20210603,경부선,관악,7065,6567,13632
20210603,경부선,안양,23700,23464,47164
20210603,경부선,금정,25821,26253,52074
20210603,경인선,도원,3143,3246,6389
20210603,3호선,홍제,16825,16086,32911
20210603,경인선,중동,8980,8526,17506
20210603,안산선,산본,15037,16010,31047
20210603,안산선,대야미,4673,4250,8923
20210603,안산선,반월,4092,3899,7991
20210603,안산선,상록수,15373,15419,30792
20210603,안산선,한대앞,8505,8420,16925
20210603,안산선,중앙,16155,16531,32686
20210603,수인선,인천,858,1376,2234
20210603,안산선,고잔,8458,7985,16443
20210603,안산선,안산,10942,9987,20929
20210603,안산선,신길온천,1581,1454,3035
20210603,안산선,정왕,8990,9327,18317
20210603,안산선,오이도,7453,7308,14761
20210603,안산선,수리산,4128,3367,7495
20210603,우이신설선,북한산우이,2354,2162,4516
20210603,안산선,초지,4931,5301,10232
20210603,수인선,신포,1664,1730,3394
20210603,수인선,숭의,3722,3510,7232
20210603,수인선,인하대,5418,5104,10522
20210603,분당선,매교,2845,2884,5729
20210603,수인선,고색,3815,3548,7363
20210603,수인선,오목천,2907,2646,5553
20210603,수인선,어천,622,662,1284
20210603,수인선,야목,223,172,395
20210603,수인선,사리,3908,3568,7476
20210603,수인선,달월,94,49,143
20210603,수인선,월곶,2326,2179,4505
20210603,수인선,소래포구,4461,4202,8663
20210603,수인선,인천논현,5235,5449,10684
20210603,수인선,호구포,3662,3919,7581
20210603,수인선,남동인더스파크,2202,2544,4746
20210603,수인선,원인재,3960,4157,8117
20210603,수인선,연수,4112,4041,8153
20210603,수인선,송도,2368,2171,4539
20210603,우이신설선,솔밭공원,2315,2242,4557
20210603,우이신설선,4.19민주묘지,2644,2654,5298
20210603,우이신설선,가오리,3855,3879,7734
20210603,우이신설선,화계,3103,2967,6070
20210603,장항선,쌍용,2026,1775,3801
20210603,장항선,아산,2387,2253,4640
20210603,장항선,배방,814,806,1620
20210603,장항선,온양온천,2729,2746,5475
20210603,장항선,신창,1469,1320,2789
20210603,중앙선,회기,23016,22426,45442
20210603,중앙선,중랑,5339,5099,10438
20210603,중앙선,상봉,5649,5641,11290
20210603,중앙선,망우,7145,7198,14343
20210603,중앙선,양원,1726,1731,3457
20210603,중앙선,구리,12911,13175,26086
20210603,중앙선,지평,57,70,127
20210603,2호선,용답,2631,2763,5394
20210603,3호선,무악재,3736,3889,7625
20210603,9호선,염창,16517,16421,32938
20210603,장항선,봉명,1207,1150,2357
20210603,분당선,수원시청,11506,12161,23667
20210603,일산선,대화,12459,10001,22460
20210603,일산선,정발산,6472,6333,12805
20210603,우이신설선,삼양,1884,2045,3929
20210603,우이신설선,삼양사거리,2192,2397,4589
20210603,우이신설선,솔샘,5474,5315,10789
20210603,우이신설선,북한산보국문,5660,5648,11308
20210603,우이신설선,정릉,4330,4179,8509
20210603,우이신설선,성신여대입구,2997,3296,6293
20210603,우이신설선,보문,1432,1486,2918
20210603,우이신설선,신설동,2067,2034,4101
20210603,일산선,원흥,9754,9324,19078
20210603,일산선,삼송,17408,17193,34601
20210603,일산선,원당,10453,10063,20516
20210603,일산선,화정,15659,16230,31889
20210603,일산선,대곡,1792,1367,3159
20210603,일산선,백석,9413,9514,18927
20210603,일산선,마두,6948,7272,14220
20210603,일산선,주엽,8364,8452,16816
20210603,분당선,매탄권선,4579,4692,9271
20210603,분당선,망포,13408,12814,26222
20210603,분당선,영통,7671,7996,15667
20210603,경춘선,춘천,1181,1043,2224
20210603,공항철도 1호선,서울역,6624,6081,12705
20210603,공항철도 1호선,공덕,2122,2828,4950
20210603,공항철도 1호선,홍대입구,7668,7847,15515
20210603,공항철도 1호선,디지털미디어시티,14385,12660,27045
20210603,공항철도 1호선,마곡나루,7982,7776,15758
20210603,공항철도 1호선,김포공항,10265,6500,16765
20210603,공항철도 1호선,계양,9073,8326,17399
20210603,공항철도 1호선,검암,6492,6128,12620
20210603,공항철도 1호선,청라국제도시,6334,6008,12342
20210603,공항철도 1호선,운서,5643,5526,11169
20210603,공항철도 1호선,공항화물청사,2278,2470,4748
20210603,공항철도 1호선,인천공항1터미널,2713,2997,5710
20210603,공항철도 1호선,인천공항2터미널,1761,1744,3505
20210603,공항철도 1호선,영종,2661,2707,5368
20210603,경춘선,남춘천,1888,1797,3685
20210603,과천선,선바위,8373,7260,15633
20210603,경춘선,김유정,223,233,456
20210603,경춘선,백양리,51,57,108
20210603,경인선,도화,4066,3841,7907
20210603,경춘선,신내,1660,1712,3372
20210603,경춘선,갈매,3065,2636,5701
20210603,경춘선,별내,2914,2773,5687
20210603,경춘선,퇴계원,3499,3286,6785
20210603,경춘선,사릉,3396,3243,6639
20210603,경춘선,금곡,1472,1398,2870
20210603,경춘선,평내호평,5945,5873,11818
20210603,경춘선,천마산,1591,1434,3025
20210603,경춘선,마석,3904,3868,7772
20210603,경춘선,대성리,395,361,756
20210603,경춘선,청평,1308,1306,2614
20210603,경춘선,상천,210,202,412
20210603,경춘선,가평,1234,1294,2528
20210603,경춘선,굴봉산,110,107,217
20210603,경춘선,강촌,349,355,704
20210603,경인선,온수,6746,6666,13412
20210603,과천선,경마공원,1298,1319,2617
20210603,과천선,과천,5413,5135,10548
20210603,분당선,모란,18551,18539,37090
20210603,분당선,야탑,24325,25356,49681
20210603,분당선,서현,22786,23120,45906
20210603,분당선,수내,12673,12867,25540
20210603,분당선,정자,17299,18395,35694
20210603,분당선,미금,14546,15444,29990
20210603,분당선,오리,11413,9642,21055
20210603,분당선,이매,5698,5110,10808
20210603,분당선,보정,2455,2171,4626
20210603,분당선,죽전,12345,13791,26136
20210603,분당선,구성,4611,5008,9619
20210603,분당선,신갈,4297,4344,8641
20210603,분당선,기흥,9267,8647,17914
20210603,분당선,상갈,5134,5016,10150
20210603,분당선,청명,4149,3984,8133
20210603,분당선,태평,13057,12615,25672
20210603,과천선,대공원,1867,1908,3775
20210603,분당선,가천대,8311,9154,17465
20210603,분당선,강남구청,9869,11430,21299
20210603,과천선,정부과천청사,9978,10065,20043
20210603,과천선,인덕원,23027,24167,47194
20210603,과천선,평촌,17720,17429,35149
20210603,과천선,범계,24373,23910,48283
20210603,분당선,선릉,14024,20287,34311
20210603,분당선,한티,13709,14447,28156
20210603,분당선,도곡,6535,6591,13126
20210603,분당선,구룡,1945,1912,3857
20210603,분당선,개포동,3733,3843,7576
20210603,분당선,대모산입구,3382,3187,6569
20210603,분당선,수서,12978,13446,26424
20210603,분당선,복정,1,0,1
20210603,분당선,수원,7160,6028,13188
20210603,분당선,서울숲,10071,10409,20480
20210603,분당선,압구정로데오,17817,19065,36882
20210603,분당선,선정릉,8306,8747,17053
20210603,9호선,등촌,10970,10968,21938
20210603,경인선,부개,8185,7756,15941
20210603,9호선,가양,19679,19288,38967
20210603,3호선,매봉,12707,12106,24813
20210603,3호선,도곡,5366,5425,10791
20210603,3호선,대치,10583,10555,21138
20210603,3호선,학여울,1705,1768,3473
20210603,3호선,대청,9826,9112,18938
20210603,3호선,일원,9923,9751,19674
20210603,3호선,수서,16410,16884,33294
20210603,3호선,가락시장,8699,8484,17183
20210603,3호선,경찰병원,7443,7512,14955
20210603,3호선,오금,6143,5585,11728
20210603,4호선,수유,32169,32156,64325
20210603,4호선,미아,14066,14030,28096
20210603,4호선,미아사거리,26421,25834,52255
20210603,4호선,길음,19603,19326,38929
20210603,4호선,성신여대입구,18684,17802,36486
20210603,3호선,양재,39251,42023,81274
20210603,4호선,한성대입구,13441,13246,26687
20210603,3호선,남부터미널,27668,28368,56036
20210603,3호선,고속터미널,34748,33407,68155
20210603,중앙선,양평,2849,2910,5759
20210603,중앙선,원덕,320,308,628
20210603,3호선,독립문,6397,6792,13189
20210603,3호선,경복궁,18121,17478,35599
20210603,3호선,안국,18739,18904,37643
20210603,3호선,종로3가,9858,10792,20650
20210603,3호선,을지로3가,10528,10553,21081
20210603,3호선,충무로,2,0,2
20210603,3호선,동대입구,7413,7580,14993
20210603,3호선,약수,12418,12158,24576
20210603,3호선,금호,7908,7589,15497
20210603,3호선,옥수,8703,9101,17804
20210603,3호선,압구정,29444,31287,60731
20210603,3호선,신사,27945,29157,57102
20210603,3호선,잠원,4634,4662,9296
20210603,3호선,교대,14293,9333,23626
20210603,중앙선,오빈,244,246,490
20210603,4호선,혜화,29231,29075,58306
20210603,4호선,동대문역사문화공원,13445,12634,26079
20210603,5호선,김포공항,6390,6320,12710
20210603,5호선,송정,6569,6220,12789
20210603,5호선,마곡,10433,10202,20635
20210603,5호선,발산,19589,19661,39250
20210603,5호선,우장산,13817,13893,27710
20210603,5호선,화곡,27233,25690,52923
20210603,5호선,까치산,27891,26999,54890
20210603,5호선,신정,13725,11176,24901
20210603,5호선,목동,16380,18287,34667
20210603,5호선,오목교,21358,23057,44415
20210603,5호선,양평,7743,7683,15426
20210603,5호선,영등포구청,3799,3905,7704
20210603,5호선,영등포시장,9320,9748,19068
20210603,5호선,신길,3943,4496,8439
20210603,5호선,여의도,30024,29595,59619
20210603,5호선,개화산,5181,4924,10105
20210603,4호선,동대문,19300,19486,38786
20210603,5호선,방화,6485,6280,12765
20210603,4호선,창동,24376,26019,50395
20210603,4호선,충무로,25993,26587,52580
20210603,4호선,명동,15808,16448,32256
20210603,4호선,회현,23011,23573,46584
20210603,4호선,서울역,10431,14398,24829
20210603,4호선,숙대입구,12729,12399,25128
20210603,4호선,삼각지,5116,5424,10540
20210603,4호선,신용산,15394,16112,31506
20210603,4호선,이촌,6799,7653,14452
20210603,4호선,동작,2098,2283,4381
20210603,4호선,총신대입구,17829,19268,37097
20210603,4호선,사당,23270,19377,42647
20210603,4호선,남태령,1180,1041,2221
20210603,4호선,당고개,12210,11119,23329
20210603,4호선,상계,18469,17362,35831
20210603,4호선,노원,17942,19741,37683
20210603,4호선,쌍문,28451,26645,55096
20210603,5호선,여의나루,7954,9732,17686
20210603,중앙선,아신,475,482,957
20210603,중앙선,신원,162,131,293
20210603,2호선,문래,21245,21554,42799
20210603,2호선,신도림,46206,44442,90648
20210603,2호선,대림,23310,23984,47294
20210603,2호선,구로디지털단지,61227,61130,122357
20210603,2호선,신대방,25499,24841,50340
20210603,2호선,신림,59687,58279,117966
20210603,2호선,봉천,23376,21918,45294
20210603,2호선,서울대입구,44567,43647,88214
20210603,2호선,낙성대,26094,25608,51702
20210603,2호선,사당,33941,36705,70646
20210603,2호선,방배,17822,18608,36430
20210603,2호선,서초,21518,20863,42381
20210603,2호선,교대,33680,38044,71724
20210603,2호선,강남,80656,77871,158527
20210603,2호선,역삼,52936,57110,110046
20210603,2호선,영등포구청,23172,23074,46246
20210603,2호선,선릉,56423,50381,106804
20210603,2호선,당산,18172,21342,39514
20210603,2호선,홍대입구,44548,45665,90213
20210603,9호선,증미,7632,7658,15290
20210603,3호선,불광,15674,16673,32347
20210603,3호선,연신내,35102,33096,68198
20210603,3호선,구파발,19617,18496,38113
20210603,3호선,지축,3938,3878,7816
20210603,2호선,용두,2263,2333,4596
20210603,2호선,신정네거리,10069,10427,20496
20210603,2호선,양천구청,6602,7130,13732
20210603,2호선,도림천,1466,1513,2979
20210603,2호선,신설동,3331,3106,6437
20210603,2호선,신답,1596,1905,3501
20210603,2호선,충정로,10349,10936,21285
20210603,2호선,아현,10339,10000,20339
20210603,2호선,이대,12231,12869,25100
20210603,2호선,신촌,29637,30495,60132
20210603,2호선,합정,28573,29516,58089
20210603,중앙선,국수,722,724,1446
20210603,2호선,삼성,51863,51804,103667
20210603,2호선,잠실새내,19873,19890,39763
20210603,1호선,동대문,10313,9677,19990
20210603,1호선,종로5가,22073,21127,43200
20210603,1호선,종로3가,22591,21303,43894
20210603,1호선,종각,35030,33412,68442
20210603,1호선,시청,21263,21551,42814
20210603,1호선,동묘앞,6373,6736,13109
20210603,1호선,서울역,40557,38110,78667
20210603,일산선,지축,1,0,1
20210603,중앙선,도농,9716,8834,18550
20210603,중앙선,양정,771,657,1428
20210603,중앙선,덕소,5421,5354,10775
20210603,중앙선,도심,2468,1988,4456
20210603,중앙선,팔당,681,712,1393
20210603,중앙선,운길산,691,657,1348
20210603,중앙선,양수,1668,1620,3288
20210603,1호선,신설동,13522,13427,26949
20210603,2호선,종합운동장,6865,7266,14131
20210603,1호선,제기동,14673,14983,29656
20210603,2호선,시청,23452,22035,45487
20210603,2호선,잠실,59354,59732,119086
20210603,2호선,잠실나루,13889,13718,27607
20210603,2호선,강변,27578,26608,54186
20210603,2호선,구의,22883,22922,45805
20210603,2호선,건대입구,30567,32472,63039
20210603,2호선,성수,35371,37631,73002
20210603,2호선,뚝섬,21623,22915,44538
20210603,2호선,한양대,8498,8843,17341
20210603,2호선,왕십리,15353,12280,27633
20210603,2호선,상왕십리,14002,13796,27798
20210603,2호선,신당,13009,13526,26535
20210603,2호선,동대문역사문화공원,10697,11685,22382
20210603,2호선,을지로4가,12526,12185,24711
20210603,2호선,을지로3가,21857,20946,42803
20210603,2호선,을지로입구,37378,37877,75255
20210603,1호선,청량리,18023,17997,36020
20210603,5호선,마포,14848,14892,29740
20210603,3호선,녹번,14702,13550,28252
20210603,7호선,남구로,16200,17327,33527
20210603,7호선,논현,20089,21857,41946
20210603,7호선,반포,5573,5493,11066
20210603,7호선,고속터미널,14151,12499,26650
20210603,7호선,내방,14285,14639,28924
20210603,7호선,이수,15011,14698,29709
20210603,7호선,남성,10957,10419,21376
20210603,7호선,학동,24921,26414,51335
20210603,7호선,숭실대입구,11808,12091,23899
20210603,7호선,장승배기,9393,9341,18734
20210603,7호선,신대방삼거리,15879,15246,31125
20210603,7호선,보라매,9654,9700,19354
20210603,7호선,신풍,11523,11168,22691
20210603,7호선,대림,7779,7607,15386
20210603,5호선,공덕,14580,15503,30083
20210603,7호선,상도,10291,10111,20402
20210603,7호선,강남구청,16282,17961,34243
20210603,7호선,청담,19223,21932,41155
20210603,7호선,뚝섬유원지,6677,6622,13299
20210603,7호선,마들,12372,11964,24336
20210603,7호선,노원,18493,18973,37466
20210603,7호선,중계,14185,13272,27457
20210603,7호선,하계,17140,16486,33626
20210603,7호선,공릉,11208,11201,22409
20210603,7호선,태릉입구,8016,7551,15567
20210603,7호선,먹골,9657,9634,19291
20210603,7호선,중화,10652,10510,21162
20210603,7호선,상봉,16514,15458,31972
20210603,7호선,면목,15039,15019,30058
20210603,7호선,사가정,15807,15911,31718
20210603,7호선,용마산,6005,5844,11849
20210603,7호선,중곡,9681,9108,18789
20210603,7호선,군자,14464,11887,26351
20210603,7호선,건대입구,11507,11649,23156
20210603,7호선,가산디지털단지,49786,48259,98045
20210603,7호선,철산,20755,21534,42289
20210603,7호선,광명사거리,21306,21119,42425
20210603,7호선,천왕,11327,10884,22211
20210603,8호선,장지,16869,16100,32969
20210603,8호선,복정,10829,9446,20275
20210603,8호선,산성,5781,5878,11659
20210603,8호선,남한산성입구,13502,12435,25937
20210603,8호선,단대오거리,10057,9741,19798
20210603,8호선,신흥,4171,4615,8786
20210603,8호선,수진,5009,4747,9756
20210603,8호선,모란,4056,3066,7122
20210603,9호선,개화,2505,1665,4170
20210603,9호선,김포공항,6727,10472,17199
20210603,9호선,공항시장,2842,3102,5944
20210603,9호선,신방화,6537,6545,13082
20210603,중앙선,용문,1434,1435,2869
20210603,9호선,마곡나루,11241,10926,22167
20210603,9호선,양천향교,9577,9876,19453
20210603,8호선,문정,22455,23298,45753
20210603,7호선,수락산,12193,12406,24599
20210603,8호선,가락시장,7417,8399,15816
20210603,8호선,석촌,7495,8476,15971
20210603,7호선,온수,10902,10079,20981
20210603,7호선,까치울,7538,7257,14795
20210603,7호선,부천종합운동장,4413,3883,8296
20210603,7호선,춘의,9589,9480,19069
20210603,7호선,신중동,14097,13939,28036
20210603,7호선,부천시청,12237,12198,24435
20210603,7호선,상동,12572,12869,25441
20210603,7호선,삼산체육관,5181,4775,9956
20210603,7호선,굴포천,8785,9568,18353
20210603,7호선,부평구청,7871,6795,14666
20210603,8호선,암사,18424,16700,35124
20210603,8호선,천호,14206,16043,30249
20210603,8호선,강동구청,10476,10857,21333
20210603,8호선,몽촌토성,5723,5881,11604
20210603,8호선,잠실,12966,14682,27648
20210603,8호선,송파,7586,7885,15471
20210603,7호선,도봉산,8971,10288,19259
20210603,7호선,어린이대공원,12187,12092,24279
20210603,6호선,봉화산,8724,8122,16846
20210603,7호선,장암,2244,829,3073
20210603,5호선,굽은다리,9390,9044,18434
20210603,5호선,명일,8187,8665,16852
20210603,5호선,고덕,8943,8990,17933
20210603,5호선,상일동,15628,14424,30052
20210603,5호선,둔촌동,8591,8550,17141
20210603,5호선,올림픽공원,4242,3781,8023
20210603,5호선,방이,6798,7145,13943
20210603,5호선,오금,3936,3770,7706
20210603,5호선,개롱,6481,6776,13257
20210603,5호선,거여,8258,8048,16306
20210603,5호선,마천,6084,6138,12222
20210603,5호선,강일,3004,3106,6110
20210603,5호선,미사,14337,14048,28385
20210603,5호선,하남풍산,3892,3902,7794
20210603,5호선,강동,18369,17610,35979
20210603,5호선,하남시청,4797,4859,9656
20210603,5호선,천호,16649,16392,33041
20210603,5호선,아차산,13645,13509,27154
20210603,5호선,애오개,7001,7302,14303
20210603,5호선,충정로,5239,5291,10530
20210603,5호선,서대문,19731,19677,39408
20210603,5호선,광화문,30145,30892,61037
20210603,5호선,종로3가,11253,11014,22267
20210603,5호선,을지로4가,6029,6132,12161
20210603,5호선,동대문역사문화공원,3048,3301,6349
20210603,5호선,청구,3964,3659,7623
20210603,5호선,신금호,6336,6529,12865
20210603,5호선,행당,8070,7448,15518
20210603,5호선,왕십리,4437,4826,9263
20210603,5호선,마장,5491,5232,10723
20210603,5호선,답십리,15627,14495,30122
20210603,5호선,장한평,18234,18036,36270
20210603,5호선,군자,10766,11746,22512
20210603,5호선,광나루,12423,11341,23764
20210603,5호선,하남검단산,4192,4238,8430
20210603,5호선,길동,7662,8080,15742
20210603,6호선,역촌,3744,4395,8139
20210603,6호선,버티고개,2152,2159,4311
20210603,6호선,약수,3465,3499,6964
20210603,6호선,청구,3700,3984,7684
20210603,6호선,신당,8025,8306,16331
20210603,6호선,창신,3615,3129,6744
20210603,6호선,보문,6841,6409,13250
20210603,6호선,안암,9733,9651,19384
20210603,6호선,고려대,7443,7304,14747
20210603,6호선,월곡,10822,10917,21739
20210603,6호선,상월곡,6157,5792,11949
20210603,6호선,돌곶이,8980,8328,17308
20210603,6호선,석계,11946,12520,24466
20210603,6호선,태릉입구,5115,5632,10747
20210603,6호선,응암,16974,17078,34052
20210603,6호선,화랑대,11156,8862,20018
20210603,6호선,한강진,6940,7970,14910
20210603,6호선,이태원,8087,8251,16338
20210603,6호선,동묘앞,7106,7541,14647
20210603,6호선,삼각지,5691,5200,10891
20210603,6호선,불광,4151,4002,8153
20210603,6호선,녹사평,4438,4370,8808
20210603,6호선,구산,7316,5758,13074
20210603,6호선,새절,12609,11989,24598
20210603,6호선,증산,9632,9493,19125
20210603,6호선,디지털미디어시티,13621,15194,28815
20210603,6호선,월드컵경기장,3922,4067,7989
20210603,6호선,마포구청,13991,12984,26975
20210603,6호선,독바위,2711,2946,5657
20210603,6호선,합정,11918,11794,23712
20210603,6호선,상수,7348,7964,15312
20210603,6호선,광흥창,8709,8695,17404
20210603,6호선,대흥,7861,8234,16095
20210603,6호선,공덕,18230,17713,35943
20210603,6호선,효창공원앞,6772,6415,13187
20210603,6호선,망원,13186,14096,27282
20210604,경원선,동두천,2211,2517,4728
20210604,경원선,소요산,3012,2653,5665
20210604,경의선,서울역,4321,5590,9911
20210604,경의선,신촌,967,1139,2106
20210604,경의선,효창공원앞,3000,3404,6404
20210604,경의선,공덕,3600,3262,6862
20210604,경의선,서강대,2187,2077,4264
20210604,경의선,디지털미디어시티,2706,2610,5316
20210604,경의선,가좌,5715,5238,10953
20210604,경의선,수색,2953,3062,6015
20210604,경의선,화전,1905,1779,3684
20210604,경의선,강매,3401,2898,6299
20210604,경의선,행신,8286,8298,16584
20210604,경원선,보산,1859,1543,3402
20210604,경의선,홍대입구,1846,2149,3995
20210604,경원선,동두천중앙,3162,3097,6259
20210604,경원선,신이문,8761,7829,16590
20210604,경원선,덕정,6143,5715,11858
20210604,경의선,능곡,3988,3595,7583
20210604,경원선,석계,8268,9621,17889
20210604,경원선,광운대,8664,8536,17200
20210604,경원선,월계,7211,6570,13781
20210604,경원선,녹천,4821,3967,8788
20210604,경원선,방학,9918,9600,19518
20210604,경원선,도봉,5946,5645,11591
20210604,경원선,도봉산,8454,5641,14095
20210604,경원선,망월사,7843,7729,15572
20210604,경원선,회룡,12930,12832,25762
20210604,경원선,의정부,18725,19529,38254
20210604,경원선,가능,6700,6396,13096
20210604,경원선,녹양,4934,4708,9642
20210604,경원선,양주,7891,7397,15288
20210604,경원선,덕계,3065,2650,5715
20210604,경원선,지행,6813,6633,13446
20210604,경의선,곡산,650,662,1312
20210604,중앙선,지평,69,80,149
20210604,경의선,풍산,5799,5596,11395
20210604,경인선,제물포,11293,10776,22069
20210604,경인선,동인천,14594,13839,28433
20210604,경인선,인천,3676,2884,6560
20210604,경인선,구일,7531,7436,14967
20210604,경인선,소사,9281,9152,18433
20210604,경인선,부개,8866,8079,16945
20210604,경인선,간석,6170,5793,11963
20210604,경인선,도원,3203,3438,6641
20210604,경인선,온수,7255,6820,14075
20210604,경인선,중동,9602,8823,18425
20210604,경인선,도화,4431,4087,8518
20210604,경춘선,신내,1774,1785,3559
20210604,경춘선,갈매,3241,2847,6088
20210604,경춘선,별내,3261,3111,6372
20210604,경춘선,퇴계원,3740,3490,7230
20210604,경인선,주안,19594,17707,37301
20210604,경의선,백마,7214,6844,14058
20210604,경인선,동암,15754,15838,31592
20210604,경인선,부평,31378,34050,65428
20210604,경의선,일산,9484,9492,18976
20210604,경의선,탄현,7899,7655,15554
20210604,경의선,야당,7225,7312,14537
20210604,경의선,운정,7016,6543,13559
20210604,경의선,금릉,4767,4693,9460
20210604,경의선,금촌,6702,6607,13309
20210604,경의선,월롱,2698,2271,4969
20210604,경의선,파주,1254,850,2104
20210604,경의선,문산,5573,5647,11220
20210604,경의선,임진강,14,15,29
20210604,경인선,개봉,22316,21784,44100
20210604,경인선,오류동,12522,11344,23866
20210604,경인선,역곡,28998,28178,57176
20210604,경인선,부천,33998,34254,68252
20210604,경인선,송내,28443,28117,56560
20210604,경인선,백운,7304,7029,14333
20210604,경원선,외대앞,7301,7339,14640
20210604,9호선,신반포,3517,3299,6816
20210604,경원선,왕십리,14530,16307,30837
20210604,경강선,삼동,2477,2272,4749
20210604,경강선,경기광주,7491,7054,14545
20210604,경강선,초월,3247,2988,6235
20210604,경강선,곤지암,2306,2228,4534
20210604,경강선,신둔도예촌,1596,1355,2951
20210604,경강선,이천,2769,2906,5675
20210604,경강선,부발,2399,1876,4275
20210604,경강선,세종대왕릉,305,329,634
20210604,경강선,여주,2191,2192,4383
20210604,경부선,서울역,6288,2258,8546
20210604,경부선,남영,9598,10075,19673
20210604,경부선,용산,35793,36681,72474
20210604,경부선,노량진,9360,8986,18346
20210604,경부선,대방,13303,13221,26524
20210604,경부선,영등포,38689,40612,79301
20210604,경강선,이매,1208,1015,2223
20210604,경부선,신도림,4402,4491,8893
20210604,경강선,판교,4613,4634,9247
20210604,9호선2~3단계,둔촌오륜,1105,945,2050
20210604,경춘선,사릉,3708,3458,7166
20210604,9호선,고속터미널,13335,18230,31565
20210604,9호선,사평,3474,3280,6754
20210604,9호선,신논현,33621,33738,67359
20210604,9호선2~3단계,언주,10237,10554,20791
20210604,9호선2~3단계,선정릉,9986,10867,20853
20210604,9호선2~3단계,삼성중앙,6994,7226,14220
20210604,9호선2~3단계,봉은사,15786,16012,31798
20210604,9호선2~3단계,종합운동장,4468,4441,8909
20210604,9호선2~3단계,삼전,6986,6442,13428
20210604,9호선2~3단계,석촌고분,6133,6005,12138
20210604,9호선2~3단계,석촌,8244,7316,15560
20210604,9호선2~3단계,송파나루,4743,5129,9872
20210604,9호선2~3단계,한성백제,2724,2382,5106
20210604,9호선2~3단계,올림픽공원,6927,7178,14105
20210604,9호선2~3단계,중앙보훈병원,10264,9001,19265
20210604,경원선,청량리,16431,18103,34534
20210604,경부선,신길,9806,8126,17932
20210604,경부선,가산디지털단지,18796,22238,41034
20210604,경부선,서정리,7169,5939,13108
20210604,경부선,평택지제,3422,3297,6719
20210604,경부선,평택,13252,12424,25676
20210604,경부선,성환,4053,3573,7626
20210604,경부선,직산,879,840,1719
20210604,경부선,두정,6211,6259,12470
20210604,경부선,천안,5666,5905,11571
20210604,경부선,당정,6566,6146,12712
20210604,경부선,서동탄,1485,1341,2826
20210604,경부선,광명,3514,3299,6813
20210604,경원선,이촌,4113,3067,7180
20210604,경원선,서빙고,2024,1819,3843
20210604,경원선,한남,4306,4007,8313
20210604,경원선,옥수,58,29,87
20210604,경원선,응봉,1910,1659,3569
20210604,경부선,송탄,4670,4146,8816
20210604,경부선,구로,19853,20096,39949
20210604,경부선,진위,1772,1449,3221
20210604,경부선,오산대,3620,3320,6940
20210604,경부선,금천구청,12527,12118,24645
20210604,경부선,석수,10374,8906,19280
20210604,경부선,관악,7590,6993,14583
20210604,경부선,안양,25186,24870,50056
20210604,경부선,명학,9216,9169,18385
20210604,경부선,금정,27718,28017,55735
20210604,경부선,군포,7851,7851,15702
20210604,경부선,의왕,9459,9247,18706
20210604,경부선,성균관대,15355,15027,30382
20210604,경부선,화서,7689,7304,14993
20210604,경부선,수원,36333,39263,75596
20210604,경부선,독산,17241,17914,35155
20210604,경부선,세류,3291,3162,6453
20210604,경부선,병점,15555,15100,30655
20210604,경부선,세마,2846,2632,5478
20210604,경부선,오산,10422,9943,20365
20210604,경춘선,금곡,1638,1551,3189
20210604,수인선,사리,4385,3990,8375
20210604,경춘선,천마산,1847,1713,3560
20210604,안산선,정왕,9503,9547,19050
20210604,안산선,오이도,8802,8789,17591
20210604,안산선,수리산,4417,3494,7911
20210604,우이신설선,북한산우이,2896,2634,5530
20210604,우이신설선,솔밭공원,2483,2336,4819
20210604,우이신설선,4.19민주묘지,3102,2937,6039
20210604,안산선,신길온천,1743,1630,3373
20210604,우이신설선,가오리,4363,4164,8527
20210604,우이신설선,삼양,2082,2201,4283
20210604,우이신설선,삼양사거리,2474,2406,4880
20210604,우이신설선,솔샘,5708,5143,10851
20210604,우이신설선,북한산보국문,6126,5719,11845
20210604,우이신설선,정릉,4629,4256,8885
20210604,우이신설선,성신여대입구,3261,3605,6866
20210604,우이신설선,화계,3430,3119,6549
20210604,안산선,안산,12157,11167,23324
20210604,안산선,초지,4922,5254,10176
20210604,안산선,고잔,9099,8775,17874
20210604,수인선,호구포,4029,4261,8290
20210604,수인선,남동인더스파크,2255,2558,4813
20210604,수인선,원인재,4581,4865,9446
20210604,수인선,연수,4637,4670,9307
20210604,수인선,송도,2722,2505,5227
20210604,수인선,인하대,6026,5673,11699
20210604,수인선,숭의,4188,3833,8021
20210604,수인선,신포,1962,2024,3986
20210604,수인선,인천,1104,1800,2904
20210604,안산선,산본,16717,18048,34765
20210604,안산선,대야미,5398,4751,10149
20210604,안산선,반월,4661,4403,9064
20210604,안산선,상록수,16498,16626,33124
20210604,안산선,한대앞,9495,9366,18861
20210604,안산선,중앙,18483,19463,37946
20210604,우이신설선,보문,1557,1459,3016
20210604,우이신설선,신설동,2233,2245,4478
20210604,일산선,원흥,10762,10111,20873
20210604,일산선,삼송,18895,18502,37397
20210604,중앙선,구리,14021,14385,28406
20210604,중앙선,도농,10464,9406,19870
20210604,중앙선,양정,888,791,1679
20210604,중앙선,덕소,5846,5920,11766
20210604,중앙선,도심,2645,2107,4752
20210604,중앙선,팔당,955,979,1934
20210604,중앙선,운길산,1181,1184,2365
20210604,중앙선,양수,1964,2011,3975
20210604,중앙선,신원,232,214,446
20210604,중앙선,국수,792,805,1597
20210604,중앙선,아신,563,576,1139
20210604,중앙선,오빈,307,308,615
20210604,중앙선,양평,2700,2941,5641
20210604,중앙선,원덕,412,421,833
20210604,9호선,구반포,2861,2931,5792
20210604,중앙선,양원,1861,1837,3698
20210604,수인선,인천논현,5878,6193,12071
20210604,중앙선,망우,7875,7847,15722
20210604,중앙선,중랑,5758,5453,11211
20210604,일산선,원당,11634,11220,22854
20210604,일산선,화정,17584,17932,35516
20210604,일산선,대곡,1968,1536,3504
20210604,일산선,백석,10314,10414,20728
20210604,일산선,마두,7761,7931,15692
20210604,일산선,정발산,7552,7807,15359
20210604,일산선,주엽,9351,9490,18841
20210604,일산선,대화,13369,10781,24150
20210604,장항선,봉명,1270,1235,2505
20210604,장항선,쌍용,2063,1878,3941
20210604,장항선,아산,3366,3251,6617
20210604,장항선,배방,1181,1049,2230
20210604,장항선,온양온천,4368,4591,8959
20210604,장항선,신창,1834,1552,3386
20210604,중앙선,회기,24671,24219,48890
20210604,중앙선,상봉,6354,6306,12660
20210604,수인선,소래포구,5463,5290,10753
20210604,수인선,월곶,2687,2483,5170
20210604,수인선,달월,94,74,168
20210604,공항철도 1호선,청라국제도시,6829,6438,13267
20210604,공항철도 1호선,운서,6530,6266,12796
20210604,공항철도 1호선,공항화물청사,2310,2407,4717
20210604,공항철도 1호선,인천공항1터미널,3195,3389,6584
20210604,공항철도 1호선,인천공항2터미널,1866,1812,3678
20210604,공항철도 1호선,영종,3008,3170,6178
20210604,과천선,선바위,8913,7711,16624
20210604,과천선,경마공원,1330,1318,2648
20210604,과천선,대공원,3953,4168,8121
20210604,과천선,과천,5912,5312,11224
20210604,과천선,정부과천청사,10359,10396,20755
20210604,과천선,인덕원,24663,24897,49560
20210604,과천선,평촌,18277,17914,36191
20210604,과천선,범계,26736,26616,53352
20210604,분당선,선릉,13855,20526,34381
20210604,공항철도 1호선,검암,6917,6831,13748
20210604,분당선,한티,14696,15498,30194
20210604,공항철도 1호선,계양,9592,8567,18159
20210604,공항철도 1호선,마곡나루,8136,7873,16009
20210604,경춘선,마석,4151,4090,8241
20210604,경춘선,대성리,546,527,1073
20210604,경춘선,청평,1549,1749,3298
20210604,경춘선,상천,269,286,555
20210604,경춘선,가평,1715,1955,3670
20210604,경춘선,굴봉산,152,171,323
20210604,경춘선,백양리,69,82,151
20210604,경춘선,강촌,462,511,973
20210604,경춘선,김유정,304,324,628
20210604,경춘선,남춘천,2412,2463,4875
20210604,경춘선,춘천,1475,1265,2740
20210604,공항철도 1호선,서울역,8338,8065,16403
20210604,공항철도 1호선,공덕,2333,3000,5333
20210604,공항철도 1호선,홍대입구,10157,10209,20366
20210604,공항철도 1호선,디지털미디어시티,14100,12744,26844
20210604,공항철도 1호선,김포공항,13421,7454,20875
20210604,경춘선,평내호평,6478,6595,13073
20210604,분당선,도곡,7002,6744,13746
20210604,분당선,개포동,4022,4152,8174
20210604,분당선,죽전,14235,15287,29522
20210604,분당선,구성,5137,5260,10397
20210604,분당선,신갈,4631,4588,9219
20210604,분당선,기흥,9790,9288,19078
20210604,분당선,상갈,5661,5318,10979
20210604,분당선,청명,4550,4227,8777
20210604,분당선,영통,8885,8911,17796
20210604,분당선,망포,15227,13915,29142
20210604,분당선,매탄권선,5430,5005,10435
20210604,분당선,수원시청,13260,14886,28146
20210604,분당선,매교,3176,3152,6328
20210604,수인선,고색,4334,4022,8356
20210604,수인선,오목천,3214,2758,5972
20210604,수인선,어천,811,759,1570
20210604,수인선,야목,280,227,507
20210604,분당선,보정,2640,2315,4955
20210604,분당선,구룡,2281,2024,4305
20210604,분당선,이매,6038,5648,11686
20210604,분당선,미금,15972,17096,33068
20210604,분당선,대모산입구,3651,3357,7008
20210604,분당선,수서,14668,15818,30486
20210604,분당선,복정,1,0,1
20210604,분당선,수원,8315,7386,15701
20210604,분당선,서울숲,12018,12365,24383
20210604,분당선,압구정로데오,20241,22448,42689
20210604,분당선,강남구청,10535,11744,22279
20210604,분당선,선정릉,8186,8956,17142
20210604,분당선,가천대,8021,8639,16660
20210604,분당선,태평,14158,13544,27702
20210604,분당선,모란,26431,27262,53693
20210604,분당선,야탑,26931,27899,54830
20210604,분당선,서현,24941,25646,50587
20210604,분당선,수내,13363,13387,26750
20210604,분당선,정자,18394,19714,38108
20210604,분당선,오리,12448,10298,22746
20210604,9호선,동작,2596,2208,4804
20210604,중앙선,용문,1821,2055,3876
20210604,9호선,노들,4653,3868,8521
20210604,4호선,미아사거리,28533,27661,56194
20210604,4호선,길음,20673,19469,40142
20210604,4호선,성신여대입구,20668,19376,40044
20210604,4호선,한성대입구,14296,13601,27897
20210604,4호선,혜화,31358,31267,62625
20210604,4호선,동대문,21173,22003,43176
20210604,4호선,미아,14993,14664,29657
20210604,4호선,동대문역사문화공원,14514,13356,27870
20210604,4호선,명동,17509,18425,35934
20210604,4호선,회현,24398,26162,50560
20210604,4호선,서울역,10850,16962,27812
20210604,4호선,숙대입구,13403,12898,26301
20210604,4호선,삼각지,5341,5950,11291
20210604,4호선,신용산,16212,17559,33771
20210604,4호선,충무로,26036,27504,53540
20210604,4호선,수유,34937,34698,69635
20210604,3호선,오금,6529,5787,12316
20210604,3호선,경찰병원,7461,7358,14819
20210604,3호선,압구정,32894,35007,67901
20210604,3호선,신사,31514,33460,64974
20210604,3호선,잠원,5103,4981,10084
20210604,3호선,고속터미널,42830,46166,88996
20210604,3호선,교대,14446,9438,23884
20210604,3호선,남부터미널,31179,32514,63693
20210604,3호선,양재,41428,43526,84954
20210604,3호선,매봉,12934,12561,25495
20210604,3호선,도곡,5707,5747,11454
20210604,3호선,대치,11109,11254,22363
20210604,3호선,학여울,2321,2381,4702
20210604,3호선,대청,10312,9412,19724
20210604,3호선,일원,10105,9637,19742
20210604,3호선,수서,18234,18743,36977
20210604,3호선,가락시장,9494,9341,18835
20210604,4호선,이촌,7806,8682,16488
20210604,4호선,동작,3059,3420,6479
20210604,4호선,총신대입구,19807,21518,41325
20210604,4호선,사당,25774,21466,47240
20210604,5호선,영등포구청,4073,4270,8343
20210604,5호선,영등포시장,9846,10098,19944
20210604,5호선,신길,4184,4421,8605
20210604,5호선,여의도,27990,30119,58109
20210604,5호선,여의나루,12854,14247,27101
20210604,5호선,마포,14783,15177,29960
20210604,5호선,공덕,14844,15747,30591
20210604,5호선,애오개,7116,7144,14260
20210604,5호선,충정로,4964,4885,9849
20210604,5호선,서대문,18264,18487,36751
20210604,5호선,광화문,30439,31920,62359
20210604,5호선,종로3가,13056,13281,26337
20210604,5호선,을지로4가,6352,6551,12903
20210604,5호선,동대문역사문화공원,2525,3113,5638
20210604,5호선,청구,4072,3763,7835
20210604,5호선,양평,7780,7407,15187
20210604,3호선,옥수,9551,9730,19281
20210604,5호선,오목교,23331,25520,48851
20210604,5호선,신정,14467,11477,25944
20210604,4호선,남태령,1293,1140,2433
20210604,4호선,당고개,12999,11704,24703
20210604,4호선,상계,19286,17714,37000
20210604,4호선,노원,19389,22182,41571
20210604,4호선,창동,26607,28377,54984
20210604,4호선,쌍문,30539,27519,58058
20210604,5호선,방화,7089,6514,13603
20210604,5호선,개화산,5648,5247,10895
20210604,5호선,김포공항,7550,7688,15238
20210604,5호선,송정,7035,6447,13482
20210604,5호선,마곡,10419,10401,20820
20210604,5호선,발산,19769,20699,40468
20210604,5호선,우장산,14958,14462,29420
20210604,5호선,화곡,29137,27172,56309
20210604,5호선,까치산,29884,28404,58288
20210604,5호선,목동,17711,19311,37022
20210604,3호선,금호,8525,7959,16484
20210604,3호선,약수,13464,12977,26441
20210604,3호선,동대입구,7713,8061,15774
20210604,2호선,뚝섬,24005,26053,50058
20210604,2호선,성수,36801,40615,77416
20210604,2호선,건대입구,35770,38712,74482
20210604,2호선,구의,24321,23592,47913
20210604,2호선,강변,32013,32181,64194
20210604,2호선,잠실나루,14716,13984,28700
20210604,2호선,잠실,67425,67294,134719
20210604,2호선,잠실새내,21412,22105,43517
20210604,2호선,종합운동장,8737,9247,17984
20210604,2호선,삼성,51530,52592,104122
20210604,2호선,선릉,56940,51070,108010
20210604,2호선,역삼,50489,56423,106912
20210604,2호선,강남,87514,86634,174148
20210604,2호선,교대,34724,39219,73943
20210604,2호선,서초,21506,21162,42668
20210604,2호선,한양대,8250,8712,16962
20210604,2호선,방배,18431,19258,37689
20210604,2호선,왕십리,16754,13852,30606
20210604,2호선,신당,14388,14764,29152
20210604,2호선,동대문역사문화공원,11948,13531,25479
20210604,1호선,서울역,46128,44015,90143
20210604,1호선,동묘앞,9035,9706,18741
20210604,1호선,시청,20732,22747,43479
20210604,1호선,종각,34785,35418,70203
20210604,1호선,종로3가,27550,25130,52680
20210604,1호선,종로5가,22801,24359,47160
20210604,1호선,동대문,11671,11441,23112
20210604,1호선,신설동,14595,14644,29239
20210604,1호선,제기동,17482,18638,36120
20210604,1호선,청량리,20873,21387,42260
20210604,2호선,시청,23436,22279,45715
20210604,2호선,을지로입구,39044,39526,78570
20210604,2호선,을지로3가,22134,22395,44529
20210604,2호선,을지로4가,13767,13463,27230
20210604,2호선,상왕십리,14818,14109,28927
20210604,5호선,신금호,6710,6646,13356
20210604,2호선,사당,37851,41807,79658
20210604,2호선,서울대입구,49005,47124,96129
20210604,2호선,양천구청,7065,7345,14410
20210604,2호선,신정네거리,10607,10901,21508
20210604,2호선,용두,2482,2461,4943
20210604,3호선,지축,4246,4064,8310
20210604,3호선,구파발,20827,19775,40602
20210604,3호선,연신내,38778,36290,75068
20210604,3호선,불광,17116,18194,35310
20210604,3호선,녹번,15585,13961,29546
20210604,3호선,홍제,17991,16840,34831
20210604,3호선,무악재,4004,4013,8017
20210604,3호선,독립문,7606,7490,15096
20210604,3호선,경복궁,19880,19170,39050
20210604,3호선,안국,20091,21011,41102
20210604,3호선,종로3가,9875,11795,21670
20210604,3호선,을지로3가,10704,11452,22156
20210604,2호선,도림천,1449,1509,2958
20210604,2호선,낙성대,28280,26498,54778
20210604,2호선,신설동,3369,3237,6606
20210604,2호선,용답,2965,2905,5870
20210604,2호선,봉천,24900,22479,47379
20210604,2호선,신림,64578,62030,126608
20210604,2호선,신대방,27269,25772,53041
20210604,2호선,구로디지털단지,63105,62680,125785
20210604,2호선,대림,24930,25362,50292
20210604,2호선,신도림,50876,50925,101801
20210604,2호선,문래,22148,22946,45094
20210604,2호선,영등포구청,23891,24182,48073
20210604,2호선,당산,20096,23377,43473
20210604,2호선,합정,32316,34334,66650
20210604,2호선,홍대입구,54391,58269,112660
20210604,2호선,신촌,33325,34324,67649
20210604,2호선,이대,13653,13990,27643
20210604,2호선,아현,11101,10486,21587
20210604,2호선,충정로,10095,10620,20715
20210604,2호선,신답,1645,1833,3478
20210604,5호선,행당,8576,7379,15955
20210604,9호선,흑석,8054,8284,16338
20210604,5호선,마장,5773,5278,11051
20210604,7호선,보라매,9831,9676,19507
20210604,7호선,신풍,12046,11560,23606
20210604,7호선,대림,7905,8166,16071
20210604,7호선,남구로,16216,17294,33510
20210604,7호선,가산디지털단지,48175,48241,96416
20210604,7호선,철산,22456,22970,45426
20210604,7호선,신대방삼거리,16864,16025,32889
20210604,7호선,광명사거리,23377,23019,46396
20210604,7호선,온수,11230,10322,21552
20210604,7호선,까치울,8193,7974,16167
20210604,7호선,부천종합운동장,5014,4413,9427
20210604,7호선,춘의,9930,9690,19620
20210604,7호선,신중동,15120,15079,30199
20210604,7호선,부천시청,13450,13488,26938
20210604,7호선,천왕,12028,11196,23224
20210604,7호선,장승배기,9862,9392,19254
20210604,7호선,상도,11089,10572,21661
20210604,7호선,숭실대입구,12383,12106,24489
20210604,7호선,용마산,6272,5919,12191
20210604,7호선,중곡,10315,9427,19742
20210604,7호선,군자,15247,12034,27281
20210604,7호선,어린이대공원,13586,13234,26820
20210604,7호선,건대입구,12371,12911,25282
20210604,7호선,뚝섬유원지,10015,10023,20038
20210604,7호선,청담,19947,22568,42515
20210604,7호선,강남구청,16694,18690,35384
20210604,7호선,학동,24505,26439,50944
20210604,7호선,논현,21161,23016,44177
20210604,7호선,반포,6090,5850,11940
20210604,7호선,고속터미널,16682,14277,30959
20210604,7호선,내방,15021,15214,30235
20210604,7호선,이수,16548,15985,32533
20210604,7호선,남성,11527,10554,22081
20210604,7호선,삼산체육관,5620,5068,10688
20210604,7호선,굴포천,9308,9952,19260
20210604,7호선,부평구청,8336,7196,15532
20210604,8호선,암사,19775,17311,37086
20210604,9호선,신방화,6947,6642,13589
20210604,9호선,마곡나루,12033,11956,23989
20210604,9호선,양천향교,10078,10003,20081
20210604,9호선,가양,20691,19999,40690
20210604,9호선,증미,7800,7568,15368
20210604,9호선,등촌,11632,11149,22781
20210604,9호선,염창,17578,17037,34615
20210604,9호선,신목동,4148,3687,7835
20210604,9호선,선유도,8566,8215,16781
20210604,9호선,당산,18859,18613,37472
20210604,9호선,국회의사당,15651,16079,31730
20210604,9호선,여의도,27228,25982,53210
20210604,9호선,샛강,5894,6155,12049
20210604,9호선,노량진,27375,25774,53149
20210604,5호선,왕십리,4805,5311,10116
20210604,9호선,공항시장,2939,3183,6122
20210604,7호선,사가정,17129,16960,34089
20210604,9호선,김포공항,7896,13039,20935
20210604,8호선,모란,6112,4790,10902
20210604,8호선,천호,15570,18140,33710
20210604,8호선,강동구청,10978,11267,22245
20210604,8호선,몽촌토성,6612,6753,13365
20210604,8호선,잠실,13983,16725,30708
20210604,8호선,석촌,7868,9252,17120
20210604,8호선,송파,8187,7907,16094
20210604,8호선,가락시장,8025,8954,16979
20210604,8호선,문정,22569,23614,46183
20210604,8호선,장지,17690,16714,34404
20210604,8호선,복정,11572,10039,21611
20210604,8호선,산성,6225,6203,12428
20210604,8호선,남한산성입구,14477,12994,27471
20210604,8호선,단대오거리,11134,10509,21643
20210604,8호선,신흥,4726,4972,9698
20210604,8호선,수진,5259,4841,10100
20210604,9호선,개화,2693,1793,4486
20210604,7호선,면목,16207,15640,31847
20210604,7호선,상동,13316,14172,27488
20210604,7호선,중화,11591,10983,22574
20210604,5호선,미사,15548,15583,31131
20210604,5호선,하남풍산,4205,4136,8341
20210604,5호선,하남시청,5589,5697,11286
20210604,5호선,하남검단산,5128,4925,10053
20210604,6호선,응암,18339,17959,36298
20210604,6호선,역촌,3803,4503,8306
20210604,6호선,불광,4504,4593,9097
20210604,6호선,독바위,2964,2990,5954
20210604,6호선,연신내,1,0,1
20210604,6호선,구산,7924,5745,13669
20210604,6호선,새절,13197,12301,25498
20210604,6호선,증산,10354,10130,20484
20210604,6호선,디지털미디어시티,14223,15030,29253
20210604,6호선,월드컵경기장,5165,5406,10571
20210604,6호선,마포구청,14503,12915,27418
20210604,5호선,마천,6579,6413,12992
20210604,6호선,망원,14915,16067,30982
20210604,5호선,거여,8862,8306,17168
20210604,5호선,오금,3927,3851,7778
20210604,7호선,상봉,17613,16825,34438
20210604,5호선,장한평,19125,18775,37900
20210604,5호선,군자,11698,12973,24671
20210604,5호선,아차산,15232,14748,29980
20210604,5호선,광나루,13550,12223,25773
20210604,5호선,천호,18922,19204,38126
20210604,5호선,강동,19218,17708,36926
20210604,5호선,길동,8336,8687,17023
20210604,5호선,굽은다리,10020,9357,19377
20210604,5호선,명일,9035,9295,18330
20210604,5호선,고덕,9535,9469,19004
20210604,5호선,상일동,16603,14443,31046
20210604,5호선,둔촌동,9015,8942,17957
20210604,5호선,올림픽공원,4729,4258,8987
20210604,5호선,방이,7160,7322,14482
20210604,5호선,개롱,6764,6937,13701
20210604,6호선,합정,13906,13558,27464
20210604,5호선,강일,3307,3266,6573
20210604,5호선,답십리,16276,14691,30967
20210604,6호선,돌곶이,9429,8702,18131
20210604,6호선,석계,12633,12840,25473
20210604,6호선,태릉입구,5552,6368,11920
20210604,6호선,화랑대,11894,9205,21099
20210604,6호선,봉화산,9051,8358,17409
20210604,7호선,장암,2459,1038,3497
20210604,7호선,도봉산,9605,11668,21273
20210604,7호선,수락산,13049,12883,25932
20210604,7호선,마들,13019,12022,25041
20210604,7호선,노원,20255,22267,42522
20210604,7호선,중계,15115,13364,28479
20210604,7호선,하계,17973,16765,34738
20210604,7호선,공릉,12443,12177,24620
20210604,7호선,태릉입구,8736,8420,17156
20210604,6호선,상수,8565,9451,18016
20210604,6호선,상월곡,6535,5722,12257
20210604,6호선,월곡,11437,11219,22656
20210604,7호선,먹골,10328,10042,20370
20210604,6호선,안암,10564,10396,20960
20210604,6호선,고려대,8067,7569,15636
20210604,6호선,대흥,8417,8489,16906
20210604,6호선,공덕,18744,18595,37339
20210604,6호선,효창공원앞,7205,6656,13861
20210604,6호선,삼각지,6321,5370,11691
20210604,6호선,녹사평,5438,5492,10930
20210604,6호선,이태원,10393,11111,21504
20210604,6호선,한강진,7967,9468,17435
20210604,6호선,광흥창,9183,8875,18058
20210604,6호선,약수,3674,3877,7551
20210604,6호선,청구,4006,4139,8145
20210604,6호선,신당,8200,8595,16795
20210604,6호선,동묘앞,8348,8273,16621
20210604,6호선,창신,3655,2914,6569
20210604,6호선,보문,7552,6861,14413
20210604,6호선,버티고개,2331,2197,4528
20210607,1호선,청량리,19254,19188,38442
20210607,2호선,시청,22068,21345,43413
20210607,2호선,을지로입구,36548,37438,73986
20210607,2호선,을지로3가,20487,20432,40919
20210607,2호선,을지로4가,12575,12439,25014
20210607,2호선,구의,22616,22477,45093
20210607,2호선,동대문역사문화공원,10763,12123,22886
20210607,2호선,왕십리,14651,11963,26614
20210607,2호선,상왕십리,13785,13414,27199
20210607,2호선,한양대,8334,9095,17429
20210607,2호선,뚝섬,20774,22430,43204
20210607,2호선,성수,34459,37577,72036
20210607,2호선,건대입구,30256,32502,62758
20210607,1호선,제기동,16407,16900,33307
20210607,2호선,신당,13104,13513,26617
20210607,1호선,신설동,13630,13339,26969
20210607,6호선,태릉입구,5116,5759,10875
20210607,1호선,종로5가,21186,21285,42471
20210607,2호선,강변,29064,28012,57076
20210607,6호선,창신,3625,3041,6666
20210607,6호선,보문,6784,6414,13198
20210607,6호선,안암,8968,9172,18140
20210607,6호선,고려대,7252,7044,14296
20210607,6호선,월곡,11019,11049,22068
20210607,6호선,상월곡,6187,5600,11787
20210607,6호선,돌곶이,9520,8953,18473
20210607,6호선,석계,11966,12265,24231
20210607,6호선,화랑대,11194,8843,20037
20210607,1호선,서울역,40235,37625,77860
20210607,1호선,동묘앞,7247,7688,14935
20210607,1호선,시청,20583,20727,41310
20210607,1호선,종각,33538,33113,66651
20210607,1호선,종로3가,23899,21904,45803
20210607,1호선,동대문,10626,10253,20879
20210607,2호선,잠실나루,14448,14292,28740
20210607,3호선,동대입구,7176,7525,14701
20210607,2호선,잠실새내,19639,19250,38889
20210607,2호선,용두,2273,2405,4678
20210607,3호선,지축,4089,3986,8075
20210607,3호선,구파발,20136,18712,38848
20210607,3호선,연신내,36180,34219,70399
20210607,3호선,불광,16014,17105,33119
20210607,3호선,녹번,14923,13710,28633
20210607,3호선,홍제,17075,16304,33379
20210607,3호선,무악재,3787,3844,7631
20210607,3호선,독립문,6877,7020,13897
20210607,3호선,경복궁,17440,17229,34669
20210607,3호선,안국,17791,18177,35968
20210607,3호선,종로3가,9682,11148,20830
20210607,3호선,을지로3가,10035,10356,20391
20210607,3호선,충무로,3,0,3
20210607,6호선,동묘앞,7468,7738,15206
20210607,2호선,신정네거리,10270,10571,20841
20210607,2호선,잠실,59614,59895,119509
20210607,2호선,양천구청,6692,7007,13699
20210607,2호선,신설동,2985,2982,5967
20210607,2호선,종합운동장,6549,7112,13661
20210607,2호선,삼성,48619,49314,97933
20210607,2호선,선릉,55574,49735,105309
20210607,2호선,역삼,50252,56274,106526
20210607,2호선,강남,78777,77461,156238
20210607,2호선,교대,33117,37196,70313
20210607,2호선,서초,21117,20731,41848
20210607,2호선,방배,17049,17756,34805
20210607,2호선,사당,33459,36823,70282
20210607,2호선,낙성대,25941,25732,51673
20210607,6호선,봉화산,8748,8165,16913
20210607,7호선,장암,2358,883,3241
20210607,7호선,도봉산,9355,10705,20060
20210607,7호선,수락산,12469,12412,24881
20210607,2호선,신답,1628,1841,3469
20210607,2호선,도림천,1297,1302,2599
20210607,6호선,신당,7220,7996,15216
20210607,경부선,관악,7234,6629,13863
20210607,7호선,상도,10204,9994,20198
20210607,경강선,초월,3036,2896,5932
20210607,경강선,경기광주,7011,6650,13661
20210607,경강선,삼동,2475,2320,4795
20210607,경강선,이매,1145,896,2041
20210607,7호선,부천시청,12317,12183,24500
20210607,경강선,판교,4390,4289,8679
20210607,9호선2~3단계,중앙보훈병원,10315,9106,19421
20210607,9호선2~3단계,둔촌오륜,1153,1024,2177
20210607,9호선2~3단계,올림픽공원,5579,5483,11062
20210607,9호선2~3단계,한성백제,2391,2176,4567
20210607,9호선2~3단계,송파나루,4272,4592,8864
20210607,7호선,신중동,14020,13981,28001
20210607,7호선,춘의,9675,9541,19216
20210607,7호선,중화,10760,10689,21449
20210607,7호선,부천종합운동장,4616,4116,8732
20210607,경강선,곤지암,2174,2252,4426
20210607,9호선2~3단계,석촌,7514,6820,14334
20210607,경강선,신둔도예촌,1420,1292,2712
20210607,경강선,부발,1672,1751,3423
20210607,3호선,약수,12596,12184,24780
20210607,경부선,석수,9884,8834,18718
20210607,경부선,금천구청,12009,11853,23862
20210607,경부선,가산디지털단지,18838,21651,40489
20210607,경부선,구로,19096,19209,38305
20210607,경부선,신길,9378,7956,17334
20210607,경부선,신도림,4245,4268,8513
20210607,경부선,영등포,33655,34685,68340
20210607,경부선,대방,12738,13148,25886
20210607,경부선,노량진,7967,8315,16282
20210607,경부선,용산,29063,29620,58683
20210607,경부선,남영,8888,9387,18275
20210607,경부선,서울역,5198,1618,6816
20210607,경강선,여주,1933,1953,3886
20210607,경강선,세종대왕릉,295,269,564
20210607,경강선,이천,2401,2553,4954
20210607,6호선,청구,3741,4036,7777
20210607,9호선2~3단계,석촌고분,5693,5550,11243
20210607,9호선2~3단계,종합운동장,3941,4031,7972
20210607,2호선,이대,12410,12907,25317
20210607,2호선,아현,9956,9547,19503
20210607,2호선,충정로,10283,10693,20976
20210607,2호선,용답,2666,2749,5415
20210607,7호선,온수,11216,10247,21463
20210607,7호선,천왕,11551,11136,22687
20210607,7호선,광명사거리,22050,21447,43497
20210607,7호선,철산,21502,21801,43303
20210607,7호선,가산디지털단지,48275,48527,96802
20210607,7호선,남구로,16736,17705,34441
20210607,7호선,대림,8004,7889,15893
20210607,7호선,신풍,11696,11107,22803
20210607,7호선,보라매,9730,9822,19552
20210607,7호선,신대방삼거리,16063,15638,31701
20210607,7호선,장승배기,9415,9228,18643
20210607,2호선,신촌,29088,30272,59360
20210607,9호선2~3단계,삼전,6399,6252,12651
20210607,2호선,홍대입구,44494,46133,90627
20210607,7호선,까치울,7720,7409,15129
20210607,9호선2~3단계,봉은사,14506,14726,29232
20210607,9호선2~3단계,삼성중앙,6738,7096,13834
20210607,9호선2~3단계,선정릉,9502,10337,19839
20210607,9호선2~3단계,언주,9956,10277,20233
20210607,9호선,신논현,29476,29603,59079
20210607,9호선,사평,3147,3155,6302
20210607,9호선,고속터미널,11062,13726,24788
20210607,9호선,신반포,3179,3034,6213
20210607,9호선,구반포,2712,2718,5430
20210607,9호선,동작,1977,1605,3582
20210607,9호선,흑석,7337,7789,15126
20210607,9호선,노들,4218,3615,7833
20210607,9호선,노량진,24512,23953,48465
20210607,9호선,샛강,5776,5987,11763
20210607,2호선,당산,18537,21766,40303
20210607,2호선,합정,27974,29242,57216
20210607,3호선,금호,7833,7465,15298
20210607,5호선,행당,8103,7237,15340
20210607,3호선,압구정,29798,31676,61474
20210607,5호선,거여,8514,8072,16586
20210607,5호선,마천,6290,6192,12482
20210607,5호선,강일,3233,3361,6594
20210607,5호선,미사,14377,14239,28616
20210607,5호선,하남풍산,3913,3887,7800
20210607,5호선,하남시청,5026,5085,10111
20210607,5호선,개롱,6395,6634,13029
20210607,5호선,하남검단산,4482,4413,8895
20210607,6호선,역촌,3757,4304,8061
20210607,6호선,불광,4090,4002,8092
20210607,6호선,독바위,2712,2899,5611
20210607,6호선,구산,7430,5722,13152
20210607,6호선,새절,12881,11955,24836
20210607,6호선,증산,9833,9829,19662
20210607,6호선,응암,17304,17099,34403
20210607,5호선,오금,3802,3736,7538
20210607,5호선,방이,6674,6825,13499
20210607,5호선,올림픽공원,4150,3774,7924
20210607,5호선,아차산,13887,13528,27415
20210607,5호선,광나루,12489,11468,23957
20210607,5호선,천호,16654,16750,33404
20210607,5호선,강동,18122,17449,35571
20210607,5호선,길동,7906,8200,16106
20210607,5호선,굽은다리,9255,8720,17975
20210607,5호선,명일,8363,8686,17049
20210607,중앙선,오빈,311,300,611
20210607,중앙선,양평,2562,2709,5271
20210607,중앙선,원덕,377,337,714
20210607,중앙선,용문,1804,1636,3440
20210607,중앙선,지평,85,75,160
20210607,5호선,고덕,9101,9089,18190
20210607,5호선,상일동,15840,14044,29884
20210607,5호선,둔촌동,8388,8363,16751
20210607,6호선,디지털미디어시티,13821,15159,28980
20210607,6호선,월드컵경기장,4252,4478,8730
20210607,6호선,마포구청,13708,12461,26169
20210607,6호선,망원,12719,13792,26511
20210607,9호선,등촌,10953,10780,21733
20210607,9호선,증미,7374,7455,14829
20210607,9호선,가양,19617,19265,38882
20210607,9호선,양천향교,9393,9608,19001
20210607,9호선,마곡나루,10743,10779,21522
20210607,9호선,신방화,6707,6649,13356
20210607,9호선,공항시장,2772,2994,5766
20210607,9호선,김포공항,7600,10098,17698
20210607,9호선,개화,2659,1835,4494
20210607,8호선,모란,4073,3164,7237
20210607,8호선,수진,4984,4647,9631
20210607,8호선,신흥,4344,4588,8932
20210607,8호선,단대오거리,10523,9977,20500
20210607,8호선,남한산성입구,13538,12738,26276
20210607,경부선,안양,23201,23303,46504
20210607,9호선,염창,16452,16259,32711
20210607,5호선,군자,10490,11585,22075
20210607,9호선,신목동,3798,3504,7302
20210607,9호선,당산,16892,17255,34147
20210607,6호선,합정,11700,11622,23322
20210607,6호선,상수,6952,7502,14454
20210607,6호선,광흥창,8840,8555,17395
20210607,6호선,대흥,7776,7992,15768
20210607,6호선,공덕,18223,17574,35797
20210607,6호선,효창공원앞,6861,6237,13098
20210607,6호선,삼각지,5540,4881,10421
20210607,6호선,녹사평,4225,4068,8293
20210607,6호선,이태원,8045,8171,16216
20210607,6호선,한강진,6033,7051,13084
20210607,6호선,버티고개,2169,2069,4238
20210607,6호선,약수,3463,3574,7037
20210607,7호선,먹골,9736,9545,19281
20210607,9호선,여의도,25834,24774,50608
20210607,9호선,국회의사당,15402,16039,31441
20210607,9호선,선유도,8158,7895,16053
20210607,5호선,장한평,18159,17989,36148
20210607,5호선,답십리,15618,14266,29884
20210607,5호선,마장,5358,5033,10391
20210607,4호선,길음,19532,19084,38616
20210607,4호선,성신여대입구,18211,17431,35642
20210607,4호선,한성대입구,13303,13043,26346
20210607,4호선,혜화,27334,27708,55042
20210607,4호선,동대문,19934,20504,40438
20210607,4호선,동대문역사문화공원,13669,12823,26492
20210607,4호선,충무로,25249,26164,51413
20210607,4호선,명동,17048,17712,34760
20210607,4호선,회현,23296,24642,47938
20210607,4호선,서울역,10222,13944,24166
20210607,4호선,숙대입구,12306,11977,24283
20210607,4호선,삼각지,4805,5144,9949
20210607,4호선,신용산,15300,16170,31470
20210607,4호선,이촌,6951,7715,14666
20210607,4호선,동작,2517,2702,5219
20210607,4호선,미아사거리,26638,25665,52303
20210607,4호선,총신대입구,18071,19620,37691
20210607,4호선,미아,14455,14318,28773
20210607,3호선,오금,5981,5459,11440
20210607,3호선,신사,27865,29088,56953
20210607,3호선,잠원,4556,4509,9065
20210607,3호선,고속터미널,35064,32926,67990
20210607,3호선,교대,13810,9150,22960
20210607,3호선,남부터미널,27442,28655,56097
20210607,3호선,양재,37198,40911,78109
20210607,3호선,매봉,12344,11956,24300
20210607,3호선,도곡,5383,5370,10753
20210607,3호선,대치,10430,10654,21084
20210607,3호선,학여울,1721,1799,3520
20210607,3호선,대청,9809,8910,18719
20210607,3호선,일원,9933,9885,19818
20210607,3호선,수서,16157,16438,32595
20210607,3호선,가락시장,8937,8560,17497
20210607,3호선,경찰병원,7292,7367,14659
20210607,4호선,수유,32607,32487,65094
20210607,3호선,옥수,8821,9130,17951
20210607,4호선,사당,22968,19390,42358
20210607,4호선,당고개,12519,11317,23836
20210607,5호선,신길,3983,4272,8255
20210607,5호선,여의도,27522,28834,56356
20210607,5호선,여의나루,10020,11156,21176
20210607,5호선,마포,14121,14582,28703
20210607,5호선,공덕,14051,14880,28931
20210607,5호선,애오개,6634,6647,13281
20210607,5호선,충정로,5090,5250,10340
20210607,5호선,서대문,18915,19558,38473
20210607,5호선,광화문,28733,30294,59027
20210607,5호선,종로3가,10833,10849,21682
20210607,5호선,을지로4가,6219,6319,12538
20210607,5호선,동대문역사문화공원,2937,3390,6327
20210607,5호선,청구,3953,3561,7514
20210607,5호선,신금호,6233,6596,12829
20210607,5호선,왕십리,4448,4669,9117
20210607,5호선,영등포시장,9240,9502,18742
20210607,4호선,남태령,1152,1037,2189
20210607,5호선,영등포구청,4022,4076,8098
20210607,5호선,오목교,21171,23041,44212
20210607,4호선,상계,18722,17254,35976
20210607,4호선,노원,17867,19619,37486
20210607,4호선,창동,25036,26379,51415
20210607,4호선,쌍문,28785,26626,55411
20210607,5호선,방화,6547,6265,12812
20210607,5호선,개화산,5382,5175,10557
20210607,5호선,김포공항,7034,6295,13329
20210607,5호선,송정,6716,6306,13022
20210607,5호선,마곡,10286,10024,20310
20210607,5호선,발산,19341,19990,39331
20210607,5호선,우장산,14307,13999,28306
20210607,5호선,화곡,27978,26265,54243
20210607,5호선,까치산,28353,27440,55793
20210607,5호선,신정,13969,11234,25203
20210607,5호선,목동,16369,18205,34574
20210607,5호선,양평,7550,7503,15053
20210607,8호선,산성,5970,6021,11991
20210607,경부선,금정,25968,26477,52445
20210607,경부선,군포,7709,7744,15453
20210607,안산선,오이도,8192,7711,15903
20210607,안산선,정왕,9329,10051,19380
20210607,안산선,신길온천,1719,1573,3292
20210607,안산선,안산,11821,10745,22566
20210607,안산선,초지,4983,5374,10357
20210607,안산선,고잔,9024,8566,17590
20210607,안산선,수리산,4322,3583,7905
20210607,안산선,중앙,17016,17488,34504
20210607,안산선,상록수,16044,16084,32128
20210607,안산선,반월,4330,4187,8517
20210607,안산선,대야미,5062,4612,9674
20210607,안산선,산본,15680,16899,32579
20210607,수인선,인천,973,1542,2515
20210607,수인선,신포,1693,1739,3432
20210607,안산선,한대앞,8960,8891,17851
20210607,우이신설선,북한산우이,2584,2315,4899
20210607,우이신설선,솔밭공원,2389,2342,4731
20210607,우이신설선,4.19민주묘지,2814,2697,5511
20210607,일산선,대곡,1893,1443,3336
20210607,일산선,화정,16444,16733,33177
20210607,일산선,원당,11161,10746,21907
20210607,일산선,삼송,18012,17465,35477
20210607,일산선,원흥,10069,9544,19613
20210607,우이신설선,신설동,2186,2074,4260
20210607,우이신설선,보문,1440,1415,2855
20210607,우이신설선,성신여대입구,3007,3205,6212
20210607,우이신설선,정릉,4376,4078,8454
20210607,우이신설선,북한산보국문,5606,5403,11009
20210607,우이신설선,솔샘,5675,5402,11077
20210607,우이신설선,삼양사거리,2430,2533,4963
20210607,우이신설선,삼양,1985,2173,4158
20210607,우이신설선,화계,3189,3028,6217
20210607,우이신설선,가오리,4256,4284,8540
20210607,수인선,숭의,3907,3662,7569
20210607,수인선,인하대,6225,5932,12157
20210607,수인선,송도,2658,2454,5112
20210607,수인선,연수,4356,4258,8614
20210607,분당선,기흥,9212,8791,18003
20210607,분당선,신갈,4426,4353,8779
20210607,분당선,구성,4890,5116,10006
20210607,분당선,죽전,12800,13978,26778
20210607,분당선,보정,2525,2226,4751
20210607,분당선,이매,5225,4989,10214
20210607,분당선,오리,11511,9809,21320
20210607,분당선,미금,15006,15845,30851
20210607,분당선,정자,16793,17678,34471
20210607,분당선,수내,12371,12491,24862
20210607,분당선,서현,22975,23176,46151
20210607,분당선,야탑,24714,25856,50570
20210607,분당선,모란,19038,19177,38215
20210607,분당선,태평,13230,12828,26058
20210607,분당선,가천대,8489,9690,18179
20210607,분당선,상갈,5409,5071,10480
20210607,일산선,마두,7259,7563,14822
20210607,분당선,청명,4222,4012,8234
20210607,분당선,망포,13600,13002,26602
20210607,수인선,원인재,4285,4559,8844
20210607,수인선,남동인더스파크,2326,2672,4998
20210607,수인선,호구포,3865,4069,7934
20210607,수인선,인천논현,5617,5869,11486
20210607,수인선,소래포구,5387,5062,10449
20210607,수인선,월곶,2418,2312,4730
20210607,수인선,달월,84,55,139
20210607,수인선,사리,4187,3638,7825
20210607,수인선,야목,213,188,401
20210607,수인선,어천,675,731,1406
20210607,수인선,오목천,2884,2625,5509
20210607,수인선,고색,4001,3739,7740
20210607,분당선,매교,2893,2985,5878
20210607,분당선,수원시청,11820,12625,24445
20210607,분당선,매탄권선,4774,4703,9477
20210607,분당선,영통,7943,8085,16028
20210607,일산선,정발산,6510,6550,13060
20210607,일산선,주엽,8778,8817,17595
20210607,일산선,대화,13107,10039,23146
20210607,2호선,영등포구청,22943,23448,46391
20210607,7호선,마들,12394,11783,24177
20210607,7호선,노원,18368,19764,38132
20210607,7호선,중계,14234,13127,27361
20210607,7호선,하계,17141,15994,33135
20210607,7호선,공릉,11557,11626,23183
20210607,7호선,태릉입구,8070,7661,15731
20210607,7호선,숭실대입구,11886,12201,24087
20210607,7호선,남성,10901,10329,21230
20210607,7호선,이수,14926,14604,29530
20210607,7호선,내방,14251,14570,28821
20210607,7호선,고속터미널,15658,12997,28655
20210607,7호선,반포,5501,5313,10814
20210607,7호선,논현,20480,21937,42417
20210607,7호선,학동,24394,26064,50458
20210607,2호선,문래,20995,21553,42548
20210607,7호선,강남구청,15753,17288,33041
20210607,2호선,신도림,45839,44406,90245
20210607,2호선,구로디지털단지,61340,61414,122754
20210607,경부선,명학,9199,9197,18396
20210607,8호선,복정,10880,9481,20361
20210607,8호선,장지,16181,15433,31614
20210607,8호선,문정,21983,23245,45228
20210607,8호선,가락시장,7362,8125,15487
20210607,8호선,송파,7507,7432,14939
20210607,8호선,석촌,7192,8291,15483
20210607,8호선,잠실,12279,14502,26781
20210607,8호선,몽촌토성,5716,5905,11621
20210607,8호선,강동구청,10103,10644,20747
20210607,8호선,천호,14010,16043,30053
20210607,2호선,서울대입구,44766,44502,89268
20210607,2호선,봉천,23897,22383,46280
20210607,2호선,신림,60747,59271,120018
20210607,2호선,신대방,25861,25141,51002
20210607,2호선,대림,24476,24810,49286
20210607,분당선,선정릉,8060,8610,16670
20210607,7호선,청담,19231,21483,40714
20210607,7호선,건대입구,11216,11478,22694
20210607,중앙선,덕소,5616,5449,11065
20210607,중앙선,양정,838,743,1581
20210607,중앙선,도농,9962,8886,18848
20210607,중앙선,구리,13361,13341,26702
20210607,중앙선,양원,1803,1833,3636
20210607,중앙선,망우,7545,7347,14892
20210607,중앙선,상봉,5823,5916,11739
20210607,중앙선,중랑,5527,5212,10739
20210607,중앙선,회기,22930,22600,45530
20210607,장항선,신창,1202,1341,2543
20210607,장항선,온양온천,3150,3210,6360
20210607,장항선,배방,974,922,1896
20210607,장항선,아산,2616,2338,4954
20210607,장항선,쌍용,2026,2019,4045
20210607,장항선,봉명,1192,1185,2377
20210607,중앙선,도심,2512,1970,4482
20210607,7호선,뚝섬유원지,7748,7764,15512
20210607,중앙선,팔당,811,791,1602
20210607,중앙선,양수,1879,1983,3862
20210607,7호선,어린이대공원,12384,12367,24751
20210607,7호선,군자,14210,11537,25747
20210607,7호선,중곡,9733,9015,18748
20210607,7호선,용마산,6029,5980,12009
20210607,7호선,사가정,16228,16216,32444
20210607,7호선,면목,15642,15062,30704
20210607,7호선,상봉,16466,15538,32004
20210607,8호선,암사,18747,16491,35238
20210607,7호선,부평구청,7697,6684,14381
20210607,7호선,굴포천,8908,9447,18355
20210607,7호선,삼산체육관,5298,4811,10109
20210607,7호선,상동,12313,12768,25081
20210607,중앙선,아신,492,491,983
20210607,중앙선,국수,755,743,1498
20210607,중앙선,신원,223,168,391
20210607,중앙선,운길산,899,861,1760
20210607,분당선,강남구청,9395,10725,20120
20210607,일산선,백석,9642,9691,19333
20210607,분당선,서울숲,9653,9748,19401
20210607,경의선,신촌,874,1048,1922
20210607,경의선,서울역,4312,5291,9603
20210607,경원선,소요산,2548,2228,4776
20210607,경원선,동두천,2144,2463,4607
20210607,경원선,보산,1470,1334,2804
20210607,경원선,동두천중앙,3111,2983,6094
20210607,경원선,지행,6142,6091,12233
20210607,경원선,덕정,6229,6139,12368
20210607,경원선,덕계,3247,2920,6167
20210607,경원선,양주,7661,7124,14785
20210607,경원선,녹양,4687,4503,9190
20210607,경원선,가능,6603,6386,12989
20210607,경원선,의정부,17486,17679,35165
20210607,경원선,회룡,12424,12215,24639
20210607,경원선,망월사,7512,7693,15205
20210607,경의선,효창공원앞,2740,3120,5860
20210607,경원선,도봉산,7326,4676,12002
20210607,경의선,공덕,3390,3228,6618
20210607,경의선,홍대입구,1470,1638,3108
20210607,경의선,금릉,4607,4440,9047
20210607,경의선,운정,6602,6228,12830
20210607,경의선,야당,6720,6434,13154
20210607,경의선,탄현,7543,7237,14780
20210607,경의선,일산,9226,9051,18277
20210607,경의선,풍산,5482,5154,10636
20210607,경의선,백마,6994,6664,13658
20210607,경의선,곡산,602,603,1205
20210607,경의선,능곡,3792,3455,7247
20210607,경의선,행신,7635,7708,15343
20210607,경의선,강매,3272,2844,6116
20210607,경의선,화전,1759,1643,3402
20210607,경의선,수색,3009,3060,6069
20210607,경의선,디지털미디어시티,2487,2446,4933
20210607,경의선,가좌,5438,4964,10402
20210607,경의선,서강대,2010,1909,3919
20210607,경의선,금촌,6169,6021,12190
20210607,경원선,도봉,5870,5616,11486
20210607,경원선,녹천,4710,3981,8691
20210607,경부선,평택,11337,11274,22611
20210607,경부선,평택지제,2999,2795,5794
20210607,경부선,서정리,6902,6760,13662
20210607,경부선,송탄,4019,3784,7803
20210607,경부선,진위,1590,1406,2996
20210607,경부선,오산,9378,9532,18910
20210607,경부선,오산대,3443,3210,6653
20210607,경부선,세마,2619,2416,5035
20210607,경부선,병점,13636,13642,27278
20210607,경부선,세류,3058,2842,5900
20210607,경부선,독산,17266,18278,35544
20210607,경부선,수원,31764,33132,64896
20210607,경부선,화서,7551,7221,14772
20210607,경부선,성균관대,14214,14186,28400
20210607,분당선,압구정로데오,16133,17506,33639
20210607,경부선,성환,4172,4256,8428
20210607,경원선,방학,9441,9144,18585
20210607,경부선,직산,739,706,1445
20210607,경부선,천안,4691,4835,9526
20210607,경원선,월계,6824,6350,13174
20210607,경원선,광운대,8690,8402,17092
20210607,경원선,석계,7891,9114,17005
20210607,경원선,신이문,8306,7753,16059
20210607,경원선,외대앞,6658,6754,13412
20210607,경원선,청량리,13901,14476,28377
20210607,경원선,왕십리,12670,14219,26889
20210607,경원선,응봉,1866,1548,3414
20210607,경원선,옥수,51,49,100
20210607,경원선,한남,4126,3837,7963
20210607,경원선,서빙고,1843,1629,3472
20210607,경원선,이촌,3676,2876,6552
20210607,경부선,광명,3203,2777,5980
20210607,경부선,서동탄,1520,1286,2806
20210607,경부선,당정,6211,5882,12093
20210607,경부선,두정,4972,5355,10327
20210607,경의선,월롱,2520,2551,5071
20210607,경부선,의왕,9221,9135,18356
20210607,경의선,문산,4836,4779,9615
20210607,공항철도 1호선,인천공항1터미널,2698,2863,5561
20210607,공항철도 1호선,공항화물청사,2248,2454,4702
20210607,공항철도 1호선,운서,5866,5885,11751
20210607,공항철도 1호선,청라국제도시,6479,6024,12503
20210607,공항철도 1호선,검암,6744,6476,13220
20210607,공항철도 1호선,계양,9266,8627,17893
20210607,공항철도 1호선,김포공항,11720,6528,18248
20210607,공항철도 1호선,마곡나루,8102,7881,15983
20210607,공항철도 1호선,디지털미디어시티,13999,12785,26784
20210607,공항철도 1호선,홍대입구,7866,7925,15791
20210607,공항철도 1호선,공덕,2163,2748,4911
20210607,공항철도 1호선,서울역,6754,6181,12935
20210607,경춘선,춘천,1353,1311,2664
20210607,경춘선,남춘천,2726,2887,5613
20210607,경춘선,김유정,262,273,535
20210607,공항철도 1호선,인천공항2터미널,1755,1648,3403
20210607,경춘선,강촌,430,402,832
20210607,공항철도 1호선,영종,2876,2841,5717
20210607,과천선,경마공원,909,881,1790
20210607,경의선,파주,1696,1307,3003
20210607,분당선,복정,1,0,1
20210607,분당선,수서,12851,13034,25885
20210607,분당선,대모산입구,3470,3243,6713
20210607,분당선,개포동,3717,3834,7551
20210607,분당선,구룡,2043,1962,4005
20210607,분당선,도곡,6519,6537,13056
20210607,분당선,한티,13242,14416,27658
20210607,분당선,선릉,13508,20140,33648
20210607,과천선,범계,24547,24292,48839
20210607,과천선,평촌,17902,17739,35641
20210607,과천선,인덕원,23226,23949,47175
20210607,과천선,정부과천청사,10121,10116,20237
20210607,과천선,과천,5406,4978,10384
20210607,과천선,대공원,2969,2997,5966
20210607,과천선,선바위,8387,7223,15610
20210607,경춘선,백양리,79,82,161
20210607,분당선,수원,7585,6369,13954
20210607,경춘선,가평,1531,1525,3056
20210607,경인선,구일,6353,6422,12775
20210607,경인선,인천,3209,2414,5623
20210607,경인선,동인천,13582,12742,26324
20210607,경인선,제물포,10769,10284,21053
20210607,경인선,주안,18951,17235,36186
20210607,경인선,백운,7173,7207,14380
20210607,경인선,소사,9288,9133,18421
20210607,경인선,부평,28547,30032,58579
20210607,경인선,부천,31979,31817,63796
20210607,경인선,역곡,27431,27200,54631
20210607,경인선,오류동,12194,11499,23693
20210607,경인선,개봉,21098,21583,42681
20210607,경의선,임진강,15,12,27
20210607,경춘선,굴봉산,167,171,338
20210607,경인선,송내,27175,27430,54605
20210607,경인선,부개,8635,7921,16556
20210607,경인선,동암,14853,14752,29605
20210607,경인선,도원,3194,3158,6352
20210607,경인선,간석,6018,5649,11667
20210607,경춘선,청평,1646,1518,3164
20210607,경춘선,대성리,517,475,992
20210607,경춘선,마석,4047,3884,7931
20210607,경춘선,천마산,1816,1639,3455
20210607,경춘선,금곡,1566,1517,3083
20210607,경춘선,사릉,3629,3333,6962
20210607,경춘선,평내호평,6519,6340,12859
20210607,경춘선,상천,289,265,554
20210607,경춘선,별내,3128,2973,6101
20210607,경춘선,갈매,3172,2731,5903
20210607,경춘선,신내,1678,1678,3356
20210607,경인선,도화,4272,3948,8220
20210607,경인선,중동,9241,8732,17973
20210607,경인선,온수,7102,6764,13866
20210607,경춘선,퇴계원,3761,3412,7173
20210608,장항선,신창,1359,1363,2722
20210608,장항선,아산,2789,2619,5408
20210608,장항선,배방,916,936,1852
20210608,장항선,온양온천,3047,3119,6166
20210608,3호선,양재,39486,42697,82183
20210608,중앙선,회기,23327,22574,45901
20210608,중앙선,덕소,5750,5664,11414
20210608,중앙선,상봉,5962,6076,12038
20210608,중앙선,망우,7628,7532,15160
20210608,중앙선,양원,1965,1951,3916
20210608,중앙선,구리,13453,13589,27042
20210608,중앙선,도농,10148,9064,19212
20210608,중앙선,양정,815,740,1555
20210608,장항선,쌍용,2432,2345,4777
20210608,중앙선,중랑,5556,5259,10815
20210608,장항선,봉명,1235,1158,2393
20210608,일산선,화정,16734,17285,34019
20210608,일산선,주엽,8767,8704,17471
20210608,2호선,사당,35198,38092,73290
20210608,일산선,대곡,1974,1494,3468
20210608,일산선,백석,9864,9930,19794
20210608,일산선,마두,7263,7502,14765
20210608,1호선,청량리,19534,19524,39058
20210608,1호선,제기동,17018,17305,34323
20210608,1호선,신설동,13561,13377,26938
20210608,1호선,동대문,11053,10390,21443
20210608,1호선,종로5가,22110,22232,44342
20210608,1호선,종로3가,24348,22201,46549
20210608,1호선,종각,34559,33766,68325
20210608,1호선,시청,21312,21343,42655
20210608,1호선,동묘앞,7912,8290,16202
20210608,1호선,서울역,40452,38127,78579
20210608,일산선,정발산,6853,6960,13813
20210608,일산선,대화,12954,10258,23212
20210608,중앙선,도심,2588,2080,4668
20210608,2호선,상왕십리,13925,13687,27612
20210608,중앙선,운길산,1096,1024,2120
20210608,2호선,건대입구,31015,33309,64324
20210608,2호선,구의,23221,22827,46048
20210608,2호선,강변,27895,27095,54990
20210608,2호선,잠실나루,14860,14534,29394
20210608,2호선,잠실,61676,61793,123469
20210608,2호선,잠실새내,20207,19961,40168
20210608,2호선,종합운동장,7976,8610,16586
20210608,2호선,삼성,50334,51248,101582
20210608,2호선,선릉,57366,51087,108453
20210608,2호선,역삼,52064,58226,110290
20210608,2호선,강남,80837,78776,159613
20210608,2호선,교대,34301,39096,73397
20210608,2호선,서초,21727,21460,43187
20210608,2호선,방배,17826,18946,36772
20210608,일산선,원당,11313,10971,22284
20210608,2호선,성수,35236,38567,73803
20210608,중앙선,팔당,877,904,1781
20210608,2호선,뚝섬,21582,23491,45073
20210608,2호선,왕십리,15245,12254,27499
20210608,중앙선,양수,2015,2001,4016
20210608,중앙선,신원,219,175,394
20210608,중앙선,국수,791,782,1573
20210608,중앙선,아신,571,581,1152
20210608,중앙선,오빈,302,309,611
20210608,중앙선,양평,3742,3807,7549
20210608,중앙선,원덕,355,346,701
20210608,중앙선,용문,1903,1830,3733
20210608,중앙선,지평,74,83,157
20210608,2호선,시청,22809,22263,45072
20210608,2호선,을지로입구,38024,39291,77315
20210608,2호선,을지로3가,21539,21406,42945
20210608,2호선,을지로4가,12877,12782,25659
20210608,2호선,동대문역사문화공원,11219,12394,23613
20210608,2호선,신당,13257,13814,27071
20210608,2호선,한양대,8121,8936,17057
20210608,일산선,삼송,18221,17725,35946
20210608,수인선,호구포,3958,4184,8142
20210608,우이신설선,신설동,2245,2111,4356
20210608,분당선,구성,4920,5086,10006
20210608,분당선,신갈,4611,4567,9178
20210608,분당선,기흥,9499,9085,18584
20210608,분당선,상갈,5495,5292,10787
20210608,분당선,청명,4238,4016,8254
20210608,분당선,영통,8000,8281,16281
20210608,분당선,죽전,12846,14166,27012
20210608,분당선,망포,13983,13425,27408
20210608,분당선,수원시청,11905,12690,24595
20210608,분당선,매교,3079,3088,6167
20210608,수인선,고색,4086,3857,7943
20210608,수인선,오목천,2977,2810,5787
20210608,수인선,어천,683,726,1409
20210608,수인선,야목,241,206,447
20210608,분당선,매탄권선,4891,4784,9675
20210608,분당선,보정,2524,2213,4737
20210608,분당선,이매,5549,5147,10696
20210608,분당선,오리,11611,9889,21500
20210608,2호선,서울대입구,46377,45538,91915
20210608,분당선,수서,13067,13187,26254
20210608,분당선,수원,7630,6411,14041
20210608,분당선,서울숲,10175,10223,20398
20210608,분당선,압구정로데오,17744,19294,37038
20210608,분당선,강남구청,9960,11488,21448
20210608,분당선,선정릉,8270,8829,17099
20210608,분당선,가천대,11558,12578,24136
20210608,분당선,태평,13292,12878,26170
20210608,분당선,모란,19495,19396,38891
20210608,분당선,야탑,25244,26325,51569
20210608,분당선,서현,23325,23807,47132
20210608,분당선,수내,12771,13118,25889
20210608,분당선,정자,17576,18623,36199
20210608,분당선,미금,15506,16236,31742
20210608,수인선,사리,4222,3853,8075
20210608,수인선,달월,85,58,143
20210608,수인선,월곶,2584,2379,4963
20210608,수인선,소래포구,5984,5622,11606
20210608,안산선,정왕,10050,10451,20501
20210608,안산선,오이도,8409,8198,16607
20210608,안산선,수리산,4343,3549,7892
20210608,우이신설선,북한산우이,2663,2486,5149
20210608,우이신설선,솔밭공원,2453,2376,4829
20210608,우이신설선,4.19민주묘지,2942,2805,5747
20210608,우이신설선,가오리,3986,3979,7965
20210608,우이신설선,화계,3293,3167,6460
20210608,우이신설선,삼양,2008,2144,4152
20210608,우이신설선,삼양사거리,2351,2434,4785
20210608,우이신설선,솔샘,5639,5377,11016
20210608,우이신설선,북한산보국문,5735,5551,11286
20210608,우이신설선,정릉,4434,4211,8645
20210608,우이신설선,성신여대입구,2958,3226,6184
20210608,우이신설선,보문,1438,1484,2922
20210608,안산선,신길온천,1748,1590,3338
20210608,일산선,원흥,10279,9823,20102
20210608,안산선,안산,11564,10539,22103
20210608,안산선,고잔,8959,8579,17538
20210608,수인선,인천논현,5597,6008,11605
20210608,수인선,남동인더스파크,2394,2652,5046
20210608,수인선,원인재,4467,4663,9130
20210608,수인선,연수,4437,4305,8742
20210608,수인선,송도,2717,2491,5208
20210608,수인선,인하대,6452,6030,12482
20210608,수인선,숭의,4081,3903,7984
20210608,수인선,신포,1824,1863,3687
20210608,수인선,인천,1015,1657,2672
20210608,안산선,산본,15864,16879,32743
20210608,안산선,대야미,5072,4638,9710
20210608,안산선,반월,4319,4169,8488
20210608,안산선,상록수,16650,16754,33404
20210608,안산선,한대앞,9141,9223,18364
20210608,안산선,중앙,17128,17651,34779
20210608,안산선,초지,5103,5503,10606
20210608,2호선,봉천,24298,22487,46785
20210608,분당선,대모산입구,3520,3257,6777
20210608,2호선,신대방,26156,25623,51779
20210608,5호선,마포,14651,14836,29487
20210608,5호선,공덕,14585,15523,30108
20210608,5호선,애오개,7143,7178,14321
20210608,5호선,충정로,5140,5218,10358
20210608,5호선,서대문,19282,19783,39065
20210608,5호선,광화문,29934,31709,61643
20210608,5호선,여의나루,10246,11424,21670
20210608,5호선,종로3가,11242,11369,22611
20210608,5호선,동대문역사문화공원,2920,3429,6349
20210608,5호선,청구,4055,3701,7756
20210608,5호선,신금호,6464,6730,13194
20210608,5호선,행당,8386,7361,15747
20210608,5호선,왕십리,4497,4809,9306
20210608,5호선,마장,5474,5204,10678
20210608,5호선,을지로4가,6263,6420,12683
20210608,5호선,여의도,27989,29751,57740
20210608,5호선,신길,4095,4325,8420
20210608,5호선,영등포시장,9559,10029,19588
20210608,4호선,쌍문,29277,27122,56399
20210608,5호선,방화,6897,6549,13446
20210608,5호선,개화산,5579,5198,10777
20210608,5호선,김포공항,6661,6059,12720
20210608,5호선,송정,6480,6207,12687
20210608,5호선,마곡,10283,10225,20508
20210608,5호선,발산,19950,20520,40470
20210608,5호선,우장산,14558,14191,28749
20210608,5호선,화곡,28285,26552,54837
20210608,5호선,까치산,28759,27792,56551
20210608,5호선,신정,14155,11389,25544
20210608,5호선,목동,17072,18697,35769
20210608,5호선,오목교,21506,23416,44922
20210608,5호선,양평,7592,7498,15090
20210608,5호선,영등포구청,4095,4097,8192
20210608,5호선,답십리,15866,14527,30393
20210608,5호선,장한평,18686,18385,37071
20210608,5호선,군자,11051,12109,23160
20210608,5호선,아차산,14359,13827,28186
20210608,5호선,하남검단산,4715,4559,9274
20210608,6호선,응암,17715,17345,35060
20210608,6호선,역촌,3788,4456,8244
20210608,6호선,불광,4144,4247,8391
20210608,6호선,독바위,2819,2942,5761
20210608,6호선,구산,7600,5745,13345
20210608,6호선,새절,12969,11988,24957
20210608,6호선,증산,9917,9863,19780
20210608,6호선,디지털미디어시티,14057,15334,29391
20210608,6호선,월드컵경기장,4546,4759,9305
20210608,6호선,마포구청,14231,12837,27068
20210608,6호선,망원,13302,14423,27725
20210608,6호선,합정,12401,12014,24415
20210608,6호선,상수,7919,8727,16646
20210608,6호선,대흥,7908,8201,16109
20210608,5호선,하남시청,5049,5103,10152
20210608,4호선,창동,25189,26704,51893
20210608,5호선,하남풍산,4007,3985,7992
20210608,5호선,강일,3208,3267,6475
20210608,5호선,광나루,12842,11757,24599
20210608,5호선,천호,16896,17113,34009
20210608,5호선,강동,18492,17586,36078
20210608,5호선,길동,8073,8259,16332
20210608,5호선,굽은다리,9322,8834,18156
20210608,5호선,명일,8627,8850,17477
20210608,5호선,고덕,9217,9252,18469
20210608,5호선,상일동,15822,14294,30116
20210608,5호선,둔촌동,8668,8639,17307
20210608,5호선,올림픽공원,4343,3906,8249
20210608,5호선,방이,6794,6999,13793
20210608,5호선,오금,3883,3777,7660
20210608,5호선,개롱,6451,6707,13158
20210608,5호선,거여,8679,8267,16946
20210608,5호선,마천,6327,6379,12706
20210608,5호선,미사,14697,14600,29297
20210608,4호선,노원,18039,20205,38244
20210608,4호선,상계,18803,17556,36359
20210608,4호선,당고개,12826,11637,24463
20210608,3호선,지축,4203,4135,8338
20210608,3호선,구파발,20516,19357,39873
20210608,3호선,연신내,37012,34613,71625
20210608,3호선,불광,16237,17312,33549
20210608,3호선,녹번,15350,13995,29345
20210608,3호선,홍제,17509,16374,33883
20210608,3호선,무악재,3922,4053,7975
20210608,3호선,독립문,7185,7357,14542
20210608,3호선,경복궁,18315,17755,36070
20210608,3호선,안국,19110,19737,38847
20210608,3호선,종로3가,9791,11095,20886
20210608,3호선,을지로3가,10382,10820,21202
20210608,3호선,동대입구,7433,7899,15332
20210608,3호선,약수,12933,12746,25679
20210608,3호선,금호,8087,7652,15739
20210608,2호선,용두,2350,2327,4677
20210608,3호선,옥수,9043,9434,18477
20210608,2호선,신정네거리,10387,10587,20974
20210608,2호선,도림천,1462,1523,2985
20210608,2호선,구로디지털단지,61815,61967,123782
20210608,2호선,대림,24528,25225,49753
20210608,2호선,신도림,46797,45575,92372
20210608,2호선,문래,21717,22189,43906
20210608,2호선,영등포구청,23526,23865,47391
20210608,2호선,당산,19255,22443,41698
20210608,2호선,합정,29339,30765,60104
20210608,2호선,홍대입구,46972,48642,95614
20210608,2호선,신촌,29816,30774,60590
20210608,2호선,이대,12369,12831,25200
20210608,2호선,아현,10566,10219,20785
20210608,2호선,충정로,10218,10737,20955
20210608,2호선,용답,2641,2619,5260
20210608,2호선,신답,1618,1852,3470
20210608,2호선,신설동,2854,2939,5793
20210608,2호선,양천구청,6759,7245,14004
20210608,2호선,신림,61791,60161,121952
20210608,3호선,압구정,30790,32867,63657
20210608,3호선,잠원,4750,4735,9485
20210608,4호선,혜화,29972,30018,59990
20210608,4호선,동대문,20313,20771,41084
20210608,4호선,동대문역사문화공원,14084,13082,27166
20210608,4호선,충무로,25981,26728,52709
20210608,4호선,명동,16849,17519,34368
20210608,4호선,회현,23835,25345,49180
20210608,4호선,서울역,10517,14058,24575
20210608,4호선,숙대입구,12837,12546,25383
20210608,4호선,삼각지,5027,5468,10495
20210608,4호선,신용산,14704,15402,30106
20210608,4호선,이촌,7210,8079,15289
20210608,4호선,동작,2485,2724,5209
20210608,4호선,총신대입구,18582,20102,38684
20210608,4호선,사당,23507,20011,43518
20210608,4호선,남태령,1234,1110,2344
20210608,4호선,한성대입구,13901,13374,27275
20210608,3호선,신사,29057,30522,59579
20210608,4호선,성신여대입구,18909,17895,36804
20210608,4호선,미아사거리,26990,26260,53250
20210608,3호선,고속터미널,34952,33347,68299
20210608,3호선,교대,14545,9456,24001
20210608,3호선,남부터미널,28193,29203,57396
20210608,3호선,매봉,12782,12166,24948
20210608,3호선,도곡,5419,5606,11025
20210608,3호선,대치,10714,10830,21544
20210608,3호선,학여울,1801,1839,3640
20210608,3호선,대청,9925,9229,19154
20210608,3호선,일원,10271,9970,20241
20210608,3호선,수서,16217,16721,32938
20210608,3호선,가락시장,9027,8847,17874
20210608,3호선,경찰병원,7457,7430,14887
20210608,3호선,오금,6225,5698,11923
20210608,4호선,수유,33028,32944,65972
20210608,4호선,미아,14734,14372,29106
20210608,4호선,길음,19911,19512,39423
20210608,분당선,개포동,3773,3869,7642
20210608,2호선,낙성대,26790,26138,52928
20210608,분당선,도곡,6693,6699,13392
20210608,9호선,마곡나루,11310,11249,22559
20210608,9호선,양천향교,9743,9931,19674
20210608,9호선,가양,19898,19581,39479
20210608,9호선,증미,7501,7639,15140
20210608,9호선,등촌,11166,10952,22118
20210608,9호선,염창,16920,16786,33706
20210608,9호선,신방화,6659,6504,13163
20210608,9호선,신목동,4043,3605,7648
20210608,9호선,당산,17723,17578,35301
20210608,9호선,국회의사당,15945,16485,32430
20210608,9호선,여의도,26315,25436,51751
20210608,9호선,샛강,5885,6144,12029
20210608,9호선,노량진,25111,24348,49459
20210608,9호선,노들,4355,3744,8099
20210608,9호선,선유도,8511,8155,16666
20210608,9호선,공항시장,2831,3039,5870
20210608,9호선,김포공항,6963,9562,16525
20210608,9호선,개화,2627,1824,4451
20210608,8호선,강동구청,10374,10731,21105
20210608,8호선,몽촌토성,5741,6013,11754
20210608,8호선,잠실,12624,14874,27498
20210608,8호선,석촌,7414,8555,15969
20210608,8호선,송파,7711,7612,15323
20210608,8호선,가락시장,7493,8475,15968
20210608,8호선,문정,22354,23701,46055
20210608,8호선,장지,16956,16063,33019
20210608,8호선,복정,11393,9990,21383
20210608,8호선,산성,6089,6141,12230
20210608,8호선,남한산성입구,15175,14255,29430
20210608,8호선,단대오거리,10795,10147,20942
20210608,8호선,신흥,4294,4605,8899
20210608,8호선,수진,4902,4568,9470
20210608,8호선,모란,4062,3163,7225
20210608,9호선,흑석,7545,7758,15303
20210608,9호선,동작,1902,1582,3484
20210608,9호선,구반포,2676,2808,5484
20210608,9호선,신반포,3129,3082,6211
20210608,경강선,경기광주,7152,6773,13925
20210608,경강선,초월,3113,2949,6062
20210608,경강선,곤지암,2311,2193,4504
20210608,경강선,신둔도예촌,1439,1268,2707
20210608,경강선,이천,2400,2527,4927
20210608,경강선,부발,1672,1658,3330
20210608,경강선,세종대왕릉,257,282,539
20210608,경강선,여주,1938,1900,3838
20210608,경부선,서울역,4599,1517,6116
20210608,경부선,남영,9403,9925,19328
20210608,경부선,용산,28757,29228,57985
20210608,경부선,노량진,8300,8340,16640
20210608,경부선,대방,13061,13314,26375
20210608,경부선,영등포,34111,35139,69250
20210608,경부선,신도림,4348,4372,8720
20210608,경강선,삼동,2484,2295,4779
20210608,8호선,천호,14547,16607,31154
20210608,경강선,이매,1170,1004,2174
20210608,9호선2~3단계,중앙보훈병원,10516,9441,19957
20210608,9호선,고속터미널,11127,13702,24829
20210608,9호선,사평,3264,3232,6496
20210608,9호선,신논현,30723,30211,60934
20210608,9호선2~3단계,언주,10251,10313,20564
20210608,9호선2~3단계,선정릉,9782,10571,20353
20210608,9호선2~3단계,삼성중앙,6803,7227,14030
20210608,9호선2~3단계,봉은사,15145,15454,30599
20210608,9호선2~3단계,종합운동장,4033,4083,8116
20210608,9호선2~3단계,삼전,6572,6313,12885
20210608,9호선2~3단계,석촌고분,6062,5913,11975
20210608,9호선2~3단계,석촌,7852,7122,14974
20210608,9호선2~3단계,송파나루,4464,4779,9243
20210608,9호선2~3단계,한성백제,2470,2288,4758
20210608,9호선2~3단계,올림픽공원,5659,5813,11472
20210608,9호선2~3단계,둔촌오륜,1221,1051,2272
20210608,경강선,판교,4480,4413,8893
20210608,경부선,신길,9479,8076,17555
20210608,8호선,암사,19179,16831,36010
20210608,7호선,굴포천,9047,9521,18568
20210608,6호선,태릉입구,5220,5800,11020
20210608,6호선,화랑대,11552,9247,20799
20210608,6호선,봉화산,8939,8345,17284
20210608,7호선,장암,2407,920,3327
20210608,7호선,도봉산,9583,11249,20832
20210608,7호선,수락산,12866,12774,25640
20210608,6호선,석계,12285,12590,24875
20210608,7호선,마들,12677,11937,24614
20210608,7호선,중계,14522,13358,27880
20210608,7호선,하계,17802,16778,34580
20210608,7호선,공릉,12368,12318,24686
20210608,7호선,태릉입구,8284,7838,16122
20210608,7호선,먹골,9957,9654,19611
20210608,7호선,중화,11098,10796,21894
20210608,7호선,노원,18790,20090,38880
20210608,6호선,돌곶이,9205,8649,17854
20210608,6호선,상월곡,6243,5679,11922
20210608,6호선,월곡,11026,11092,22118
20210608,6호선,공덕,18738,18001,36739
20210608,6호선,효창공원앞,7090,6423,13513
20210608,6호선,삼각지,6027,5247,11274
20210608,6호선,녹사평,4470,4420,8890
20210608,6호선,이태원,8387,8628,17015
20210608,6호선,한강진,7221,8344,15565
20210608,6호선,버티고개,2087,2053,4140
20210608,6호선,약수,3494,3562,7056
20210608,6호선,청구,3800,4073,7873
20210608,6호선,신당,7762,8219,15981
20210608,6호선,동묘앞,7617,7921,15538
20210608,6호선,창신,3662,2917,6579
20210608,6호선,보문,6959,6559,13518
20210608,6호선,안암,9838,9899,19737
20210608,6호선,고려대,7539,7204,14743
20210608,7호선,상봉,16906,15930,32836
20210608,7호선,면목,16087,15559,31646
20210608,7호선,사가정,16484,16610,33094
20210608,7호선,용마산,6250,6073,12323
20210608,7호선,신풍,11745,11279,23024
20210608,7호선,대림,7869,7737,15606
20210608,7호선,남구로,16736,17625,34361
20210608,7호선,가산디지털단지,48868,49227,98095
20210608,7호선,철산,21594,21977,43571
20210608,7호선,광명사거리,22166,21753,43919
20210608,7호선,천왕,11639,11118,22757
20210608,7호선,온수,11101,10197,21298
20210608,7호선,까치울,7807,7642,15449
20210608,7호선,부천종합운동장,4791,4248,9039
20210608,7호선,춘의,9966,9800,19766
20210608,7호선,신중동,14450,14333,28783
20210608,7호선,부천시청,12619,12537,25156
20210608,7호선,상동,12730,13348,26078
20210608,7호선,삼산체육관,5471,5106,10577
20210608,7호선,보라매,9997,9993,19990
20210608,7호선,부평구청,8181,7005,15186
20210608,7호선,신대방삼거리,16414,15861,32275
20210608,7호선,상도,10528,10170,20698
20210608,7호선,중곡,10084,9141,19225
20210608,7호선,군자,14671,11877,26548
20210608,7호선,어린이대공원,12651,12679,25330
20210608,7호선,건대입구,11279,11588,22867
20210608,7호선,뚝섬유원지,8463,8414,16877
20210608,7호선,청담,19870,22046,41916
20210608,7호선,강남구청,16640,18436,35076
20210608,7호선,학동,24926,26522,51448
20210608,7호선,논현,20983,22471,43454
20210608,7호선,반포,5709,5543,11252
20210608,7호선,고속터미널,14474,12544,27018
20210608,7호선,내방,14636,14940,29576
20210608,7호선,이수,15407,14928,30335
20210608,7호선,남성,11071,10378,21449
20210608,7호선,숭실대입구,13640,13904,27544
20210608,7호선,장승배기,9693,9372,19065
20210608,경부선,구로,19078,19449,38527
20210608,6호선,광흥창,8998,8693,17691
20210608,경부선,금천구청,12174,12124,24298
20210608,경인선,인천,3466,2686,6152
20210608,경인선,구일,6439,6561,13000
20210608,경인선,소사,9067,8928,17995
20210608,경인선,부개,8605,8047,16652
20210608,경인선,간석,5931,5779,11710
20210608,경인선,도원,3416,3434,6850
20210608,경인선,동인천,14164,13371,27535
20210608,경인선,온수,7183,6763,13946
20210608,경인선,도화,4331,4083,8414
20210608,경춘선,신내,1807,1817,3624
20210608,경춘선,갈매,3254,2869,6123
20210608,경춘선,별내,3246,3057,6303
20210608,경춘선,퇴계원,3700,3418,7118
20210608,경춘선,사릉,3629,3477,7106
20210608,경인선,중동,9262,8848,18110
20210608,경인선,제물포,10911,10568,21479
20210608,경인선,주안,19127,17356,36483
20210608,경인선,동암,15021,15029,30050
20210608,경의선,야당,6888,6728,13616
20210608,경의선,운정,6851,6577,13428
20210608,경의선,금릉,4630,4467,9097
20210608,경의선,금촌,6150,6035,12185
20210608,경의선,월롱,2551,2372,4923
20210608,경의선,파주,1464,1146,2610
20210608,경의선,문산,4880,4866,9746
20210608,경의선,임진강,16,21,37
20210608,경인선,개봉,21639,22021,43660
20210608,경인선,오류동,12239,11447,23686
20210608,경인선,역곡,28081,27901,55982
20210608,경인선,부천,31673,31678,63351
20210608,경인선,송내,27704,27793,55497
20210608,경인선,부평,28204,29791,57995
20210608,경인선,백운,7421,7297,14718
20210608,경부선,가산디지털단지,19001,22104,41105
20210608,경춘선,평내호평,6535,6447,12982
20210608,경춘선,천마산,1761,1627,3388
20210608,경춘선,마석,4275,4325,8600
20210608,공항철도 1호선,운서,5905,5918,11823
20210608,공항철도 1호선,공항화물청사,2381,2573,4954
20210608,공항철도 1호선,인천공항1터미널,2927,3071,5998
20210608,공항철도 1호선,인천공항2터미널,1688,1713,3401
20210608,공항철도 1호선,영종,2913,2887,5800
20210608,과천선,선바위,8670,7495,16165
20210608,과천선,경마공원,1686,1632,3318
20210608,과천선,대공원,3066,3263,6329
20210608,과천선,과천,5618,5179,10797
20210608,과천선,정부과천청사,10244,10262,20506
20210608,과천선,인덕원,23972,24610,48582
20210608,과천선,평촌,18188,18088,36276
20210608,과천선,범계,25164,24710,49874
20210608,분당선,선릉,13893,20712,34605
20210608,분당선,한티,13556,14635,28191
20210608,공항철도 1호선,청라국제도시,6556,6180,12736
20210608,경의선,탄현,7879,7503,15382
20210608,공항철도 1호선,검암,6735,6656,13391
20210608,공항철도 1호선,김포공항,10521,6000,16521
20210608,경춘선,대성리,475,439,914
20210608,경춘선,청평,1549,1478,3027
20210608,경춘선,상천,275,285,560
20210608,경춘선,가평,1601,1530,3131
20210608,경춘선,굴봉산,130,119,249
20210608,경춘선,백양리,79,61,140
20210608,경춘선,강촌,416,421,837
20210608,경춘선,김유정,241,261,502
20210608,경춘선,남춘천,2303,2323,4626
20210608,경춘선,춘천,1164,1125,2289
20210608,공항철도 1호선,서울역,6516,5983,12499
20210608,공항철도 1호선,공덕,2143,2779,4922
20210608,공항철도 1호선,홍대입구,8120,8036,16156
20210608,공항철도 1호선,디지털미디어시티,14314,13016,27330
20210608,공항철도 1호선,마곡나루,8494,8204,16698
20210608,공항철도 1호선,계양,9377,8673,18050
20210608,경의선,일산,10365,10316,20681
20210608,경춘선,금곡,1666,1602,3268
20210608,경의선,백마,7165,6938,14103
20210608,경부선,서정리,6776,6449,13225
20210608,경부선,평택지제,2850,2631,5481
20210608,경부선,평택,11144,11099,22243
20210608,경부선,성환,4061,4061,8122
20210608,경부선,직산,683,704,1387
20210608,경부선,두정,5163,5235,10398
20210608,경부선,천안,4723,4762,9485
20210608,경부선,당정,6360,6089,12449
20210608,경부선,서동탄,1516,1371,2887
20210608,경부선,광명,3099,2643,5742
20210608,경원선,이촌,3881,2943,6824
20210608,경원선,서빙고,1912,1755,3667
20210608,경원선,한남,4040,3907,7947
20210608,경원선,옥수,57,30,87
20210608,경원선,응봉,1886,1620,3506
20210608,경부선,송탄,3987,3671,7658
20210608,경원선,왕십리,12907,14454,27361
20210608,경부선,진위,1532,1432,2964
20210608,경부선,오산대,3801,3600,7401
20210608,경의선,풍산,5674,5331,11005
20210608,경부선,석수,10098,8984,19082
20210608,경부선,관악,7537,6887,14424
20210608,경부선,안양,22791,22773,45564
20210608,경부선,명학,9429,9373,18802
20210608,경부선,금정,26369,26936,53305
20210608,경부선,군포,7704,7657,15361
20210608,경부선,의왕,9202,9151,18353
20210608,경부선,성균관대,15156,14935,30091
20210608,경부선,화서,7741,7465,15206
20210608,경부선,수원,31904,33503,65407
20210608,경부선,독산,17629,18699,36328
20210608,경부선,세류,3087,2847,5934
20210608,경부선,병점,14189,14074,28263
20210608,경부선,세마,2684,2494,5178
20210608,경부선,오산,9875,9961,19836
20210608,경원선,청량리,13843,14794,28637
20210608,분당선,구룡,2034,1922,3956
20210608,경원선,신이문,8458,7793,16251
20210608,경원선,소요산,2745,2336,5081
20210608,경의선,서울역,4306,5538,9844
20210608,경의선,신촌,839,1036,1875
20210608,경의선,효창공원앞,2865,3310,6175
20210608,경의선,공덕,3404,3101,6505
20210608,경원선,외대앞,6749,6872,13621
20210608,경의선,홍대입구,1581,1756,3337
20210608,경의선,가좌,5423,4956,10379
20210608,경의선,디지털미디어시티,2526,2432,4958
20210608,경의선,수색,2990,3168,6158
20210608,경의선,화전,1870,1677,3547
20210608,경의선,강매,3246,2840,6086
20210608,경의선,행신,7920,7841,15761
20210608,경의선,능곡,3859,3431,7290
20210608,경의선,곡산,609,621,1230
20210608,경원선,동두천,2220,2480,4700
20210608,경원선,보산,1427,1362,2789
20210608,경의선,서강대,1996,1910,3906
20210608,경원선,지행,6255,6174,12429
20210608,경원선,동두천중앙,3043,2916,5959
20210608,경원선,석계,7951,9141,17092
20210608,경원선,광운대,9352,9005,18357
20210608,경원선,월계,7150,6662,13812
20210608,경원선,녹천,4718,3980,8698
20210608,경원선,도봉,5958,5779,11737
20210608,경원선,도봉산,7935,5073,13008
20210608,경원선,방학,9461,9257,18718
20210608,경원선,회룡,12344,12373,24717
20210608,경원선,의정부,17759,17966,35725
20210608,경원선,가능,6755,6432,13187
20210608,경원선,녹양,4743,4634,9377
20210608,경원선,양주,7657,7125,14782
20210608,경원선,덕계,3108,2891,5999
20210608,경원선,덕정,6084,5942,12026
20210608,경원선,망월사,7549,7706,15255
20210609,경부선,서동탄,1547,1328,2875
20210609,경부선,성환,4337,4256,8593
20210609,경부선,직산,705,726,1431
20210609,경부선,두정,5009,5141,10150
20210609,경부선,천안,4658,4770,9428
20210609,경부선,당정,6392,6126,12518
20210609,경부선,광명,3178,2644,5822
20210609,경원선,외대앞,6704,6704,13408
20210609,경원선,서빙고,1909,1765,3674
20210609,경원선,한남,4070,3860,7930
20210609,경원선,옥수,58,34,92
20210609,경원선,응봉,1800,1557,3357
20210609,경원선,왕십리,13254,14774,28028
20210609,경원선,청량리,13575,14547,28122
20210609,경원선,이촌,3874,2959,6833
20210609,경부선,평택,11204,10980,22184
20210609,경부선,명학,9291,9208,18499
20210609,경부선,서정리,6807,6415,13222
20210609,경원선,신이문,8446,7858,16304
20210609,경부선,금정,26572,26689,53261
20210609,경부선,군포,7755,7759,15514
20210609,경부선,의왕,9187,9145,18332
20210609,경부선,성균관대,15018,14789,29807
20210609,경부선,화서,7654,7306,14960
20210609,경부선,수원,32269,33613,65882
20210609,경부선,독산,17635,18679,36314
20210609,경부선,세류,3004,2832,5836
20210609,경부선,병점,14188,14279,28467
20210609,경부선,세마,2595,2447,5042
20210609,경부선,오산대,3561,3389,6950
20210609,경부선,오산,9432,9457,18889
20210609,경부선,진위,1558,1370,2928
20210609,경부선,송탄,3948,3712,7660
20210609,경부선,평택지제,2756,2710,5466
20210609,경원선,석계,7922,9039,16961
20210609,경원선,동두천,2245,2538,4783
20210609,경원선,월계,7215,6772,13987
20210609,경의선,공덕,3514,3159,6673
20210609,경의선,서강대,1984,1972,3956
20210609,경의선,홍대입구,1623,1769,3392
20210609,경의선,가좌,5412,5013,10425
20210609,경의선,디지털미디어시티,2506,2527,5033
20210609,경의선,수색,2972,3008,5980
20210609,경의선,효창공원앞,2900,3359,6259
20210609,경의선,화전,1813,1682,3495
20210609,경의선,행신,7681,7815,15496
20210609,경의선,능곡,3809,3461,7270
20210609,경의선,곡산,578,626,1204
20210609,경의선,백마,6975,6762,13737
20210609,경의선,풍산,5488,5158,10646
20210609,경의선,일산,9297,9301,18598
20210609,경의선,강매,3301,2898,6199
20210609,경의선,신촌,908,1107,2015
20210609,경의선,서울역,4343,5443,9786
20210609,경원선,소요산,2860,2429,5289
20210609,경원선,녹천,4769,4031,8800
20210609,경원선,방학,9466,9274,18740
20210609,경원선,도봉,5824,5765,11589
20210609,경원선,도봉산,7935,5100,13035
20210609,경원선,망월사,7586,7706,15292
20210609,경원선,회룡,12492,12369,24861
20210609,경원선,의정부,17455,17904,35359
20210609,경원선,가능,6667,6455,13122
20210609,경원선,녹양,4811,4640,9451
20210609,경원선,양주,7596,7233,14829
20210609,경원선,덕계,3169,2843,6012
20210609,경원선,덕정,6132,5848,11980
20210609,경원선,지행,6435,6357,12792
20210609,경원선,동두천중앙,3103,3039,6142
20210609,경원선,보산,1388,1307,2695
20210609,경원선,광운대,9118,8809,17927
20210609,경부선,안양,23530,23444,46974
20210609,8호선,석촌,7586,8583,16169
20210609,경부선,석수,10036,8954,18990
20210609,9호선,증미,7590,7655,15245
20210609,9호선,등촌,11274,11095,22369
20210609,9호선,염창,16877,16666,33543
20210609,9호선,신목동,3902,3552,7454
20210609,9호선,선유도,8671,8250,16921
20210609,9호선,당산,17844,17758,35602
20210609,9호선,국회의사당,16265,16640,32905
20210609,9호선,여의도,26482,25596,52078
20210609,9호선,샛강,5848,6151,11999
20210609,9호선,노량진,25180,24635,49815
20210609,9호선,노들,4406,3727,8133
20210609,9호선,흑석,7679,7918,15597
20210609,9호선,동작,1921,1509,3430
20210609,9호선,구반포,2694,2757,5451
20210609,9호선,신반포,3323,3233,6556
20210609,9호선,가양,20027,19622,39649
20210609,9호선,고속터미널,11487,14212,25699
20210609,9호선,양천향교,9764,10036,19800
20210609,9호선,신방화,6882,6630,13512
20210609,경의선,탄현,7754,7465,15219
20210609,8호선,송파,7647,7550,15197
20210609,8호선,가락시장,7489,8341,15830
20210609,8호선,문정,22426,23522,45948
20210609,8호선,장지,17324,16484,33808
20210609,8호선,복정,11420,9951,21371
20210609,8호선,산성,6078,6221,12299
20210609,8호선,남한산성입구,15108,13988,29096
20210609,8호선,단대오거리,10967,10421,21388
20210609,8호선,신흥,4383,4762,9145
20210609,8호선,수진,5046,4762,9808
20210609,8호선,모란,5581,4363,9944
20210609,9호선,개화,2656,1827,4483
20210609,9호선,김포공항,6912,9966,16878
20210609,9호선,공항시장,2862,3001,5863
20210609,9호선,마곡나루,11319,11458,22777
20210609,경부선,관악,7507,6978,14485
20210609,9호선,사평,3183,3201,6384
20210609,9호선2~3단계,언주,10198,10330,20528
20210609,경강선,이천,2276,2424,4700
20210609,경강선,부발,1693,1724,3417
20210609,경강선,세종대왕릉,273,267,540
20210609,경강선,여주,1918,1989,3907
20210609,경부선,서울역,4627,1509,6136
20210609,경부선,남영,9361,9890,19251
20210609,경부선,용산,29684,30003,59687
20210609,경부선,노량진,8237,8400,16637
20210609,경부선,대방,12816,13044,25860
20210609,경부선,영등포,34673,35771,70444
20210609,경부선,신도림,4296,4494,8790
20210609,경부선,신길,9317,7964,17281
20210609,경부선,구로,19294,19502,38796
20210609,경부선,가산디지털단지,18945,21764,40709
20210609,경부선,금천구청,11968,12046,24014
20210609,경강선,신둔도예촌,1431,1303,2734
20210609,9호선,신논현,30431,30294,60725
20210609,경강선,곤지암,2241,2206,4447
20210609,경강선,경기광주,7202,6738,13940
20210609,9호선2~3단계,선정릉,9630,10453,20083
20210609,9호선2~3단계,삼성중앙,6849,7281,14130
20210609,9호선2~3단계,봉은사,16658,16916,33574
20210609,9호선2~3단계,종합운동장,4065,4058,8123
20210609,9호선2~3단계,삼전,6569,6402,12971
20210609,9호선2~3단계,석촌고분,5985,5958,11943
20210609,9호선2~3단계,석촌,7911,7193,15104
20210609,9호선2~3단계,송파나루,4554,4901,9455
20210609,9호선2~3단계,한성백제,2510,2267,4777
20210609,9호선2~3단계,올림픽공원,5762,5758,11520
20210609,9호선2~3단계,둔촌오륜,1264,1065,2329
20210609,9호선2~3단계,중앙보훈병원,10526,9368,19894
20210609,경강선,판교,4442,4416,8858
20210609,경강선,이매,1185,945,2130
20210609,경강선,삼동,2422,2215,4637
20210609,경강선,초월,3097,2905,6002
20210609,경의선,야당,6855,6661,13516
20210609,분당선,수원,7641,6438,14079
20210609,경의선,금릉,4733,4565,9298
20210609,분당선,매탄권선,5030,4830,9860
20210609,분당선,수원시청,11945,12921,24866
20210609,분당선,매교,3052,3122,6174
20210609,수인선,고색,4069,3845,7914
20210609,수인선,오목천,3227,2927,6154
20210609,수인선,어천,676,767,1443
20210609,분당선,망포,13789,13203,26992
20210609,수인선,야목,247,214,461
20210609,수인선,달월,75,50,125
20210609,수인선,월곶,2535,2385,4920
20210609,수인선,소래포구,5905,5630,11535
20210609,수인선,인천논현,5594,5948,11542
20210609,수인선,호구포,3976,4193,8169
20210609,수인선,남동인더스파크,2428,2707,5135
20210609,수인선,사리,4162,3809,7971
20210609,분당선,영통,8253,8309,16562
20210609,분당선,청명,4271,4253,8524
20210609,분당선,상갈,5414,5192,10606
20210609,분당선,가천대,10864,11737,22601
20210609,분당선,태평,13579,13102,26681
20210609,분당선,모란,24494,25039,49533
20210609,분당선,야탑,25296,26284,51580
20210609,분당선,서현,23926,24122,48048
20210609,분당선,수내,12817,12944,25761
20210609,분당선,정자,17467,18758,36225
20210609,분당선,미금,15538,16569,32107
20210609,분당선,오리,11844,10003,21847
20210609,분당선,이매,5780,5440,11220
20210609,분당선,보정,2510,2207,4717
20210609,분당선,죽전,12956,14307,27263
20210609,분당선,구성,5005,5157,10162
20210609,분당선,신갈,4582,4548,9130
20210609,분당선,기흥,9502,8973,18475
20210609,수인선,원인재,4321,4452,8773
20210609,수인선,연수,4530,4456,8986
20210609,수인선,송도,2699,2445,5144
20210609,수인선,인하대,6190,5899,12089
20210609,우이신설선,가오리,4297,4220,8517
20210609,우이신설선,화계,3331,3151,6482
20210609,우이신설선,삼양,2003,2217,4220
20210609,우이신설선,삼양사거리,2318,2413,4731
20210609,우이신설선,솔샘,5770,5401,11171
20210609,일산선,원당,11232,10805,22037
20210609,일산선,삼송,18315,17901,36216
20210609,일산선,원흥,10317,9776,20093
20210609,우이신설선,신설동,2207,2160,4367
20210609,우이신설선,보문,1480,1542,3022
20210609,우이신설선,성신여대입구,3075,3344,6419
20210609,우이신설선,정릉,4511,4175,8686
20210609,우이신설선,북한산보국문,5825,5684,11509
20210609,7호선,반포,5811,5443,11254
20210609,8호선,잠실,13107,15126,28233
20210609,우이신설선,4.19민주묘지,2884,2790,5674
20210609,분당선,선정릉,8252,8919,17171
20210609,우이신설선,솔밭공원,2440,2363,4803
20210609,안산선,수리산,4405,3582,7987
20210609,수인선,숭의,4059,3813,7872
20210609,수인선,신포,1817,1867,3684
20210609,수인선,인천,1018,1676,2694
20210609,안산선,산본,15916,17174,33090
20210609,안산선,대야미,5084,4619,9703
20210609,안산선,반월,4393,4158,8551
20210609,안산선,상록수,16771,16800,33571
20210609,안산선,한대앞,9049,9227,18276
20210609,안산선,중앙,17061,17778,34839
20210609,안산선,고잔,8939,8584,17523
20210609,안산선,초지,5158,5704,10862
20210609,안산선,안산,11637,10382,22019
20210609,안산선,신길온천,1762,1613,3375
20210609,안산선,정왕,9768,10310,20078
20210609,안산선,오이도,8542,8269,16811
20210609,우이신설선,북한산우이,2795,2572,5367
20210609,분당선,강남구청,10024,11439,21463
20210609,분당선,압구정로데오,17887,19486,37373
20210609,분당선,서울숲,10205,10503,20708
20210609,경인선,부개,8787,8129,16916
20210609,경인선,간석,6033,5735,11768
20210609,경인선,도원,3303,3307,6610
20210609,경인선,온수,7041,6869,13910
20210609,경인선,중동,9371,8814,18185
20210609,경인선,도화,4311,4027,8338
20210609,경춘선,신내,1782,1802,3584
20210609,경춘선,갈매,3247,2777,6024
20210609,경춘선,별내,3020,2829,5849
20210609,경춘선,퇴계원,3686,3399,7085
20210609,경춘선,사릉,3552,3378,6930
20210609,경춘선,금곡,1574,1476,3050
20210609,경춘선,평내호평,6324,6127,12451
20210609,경춘선,천마산,1711,1600,3311
20210609,경춘선,마석,3920,3833,7753
20210609,경인선,소사,8919,8644,17563
20210609,경춘선,대성리,546,432,978
20210609,경인선,구일,6406,6591,12997
20210609,경인선,동인천,13943,13081,27024
20210609,경의선,금촌,6155,6103,12258
20210609,경의선,월롱,2701,2462,5163
20210609,경의선,파주,1555,1169,2724
20210609,경의선,문산,5319,5321,10640
20210609,경의선,임진강,28,7,35
20210609,경인선,개봉,21356,21798,43154
20210609,경인선,오류동,12260,11503,23763
20210609,경인선,역곡,28070,27827,55897
20210609,경인선,부천,32052,32321,64373
20210609,경인선,송내,27526,27719,55245
20210609,경인선,부평,28800,30469,59269
20210609,경인선,백운,7117,7065,14182
20210609,경인선,동암,15090,15096,30186
20210609,경인선,주안,18999,17470,36469
20210609,경인선,제물포,11017,10589,21606
20210609,경인선,인천,3545,2636,6181
20210609,경의선,운정,6804,6380,13184
20210609,경춘선,청평,1480,1412,2892
20210609,경춘선,가평,1538,1542,3080
20210609,과천선,선바위,8624,7449,16073
20210609,과천선,경마공원,1451,1450,2901
20210609,과천선,대공원,3177,3295,6472
20210609,과천선,과천,5553,5130,10683
20210609,과천선,정부과천청사,10076,10039,20115
20210609,과천선,인덕원,23780,24421,48201
20210609,과천선,평촌,18183,17830,36013
20210609,과천선,범계,25270,24989,50259
20210609,분당선,선릉,13723,20387,34110
20210609,분당선,한티,13631,14680,28311
20210609,분당선,도곡,6732,6610,13342
20210609,분당선,구룡,2024,1969,3993
20210609,분당선,개포동,3896,4029,7925
20210609,분당선,대모산입구,3563,3255,6818
20210609,분당선,수서,13270,13668,26938
20210609,공항철도 1호선,영종,2906,2928,5834
20210609,경춘선,상천,306,276,582
20210609,공항철도 1호선,인천공항1터미널,2907,3139,6046
20210609,공항철도 1호선,운서,6004,5994,11998
20210609,경춘선,굴봉산,174,165,339
20210609,경춘선,백양리,76,98,174
20210609,경춘선,강촌,448,450,898
20210609,경춘선,김유정,311,341,652
20210609,경춘선,남춘천,2190,2347,4537
20210609,경춘선,춘천,1299,1224,2523
20210609,공항철도 1호선,서울역,6631,6055,12686
20210609,공항철도 1호선,공덕,2198,2783,4981
20210609,공항철도 1호선,홍대입구,8579,8561,17140
20210609,공항철도 1호선,디지털미디어시티,14307,13001,27308
20210609,공항철도 1호선,마곡나루,8519,8097,16616
20210609,공항철도 1호선,김포공항,10524,6170,16694
20210609,공항철도 1호선,계양,9401,8620,18021
20210609,공항철도 1호선,검암,6739,6606,13345
20210609,공항철도 1호선,청라국제도시,6636,6302,12938
20210609,공항철도 1호선,공항화물청사,2326,2528,4854
20210609,8호선,몽촌토성,5794,6033,11827
20210609,8호선,강동구청,10672,10984,21656
20210609,8호선,천호,14547,16519,31066
20210609,2호선,용두,2309,2372,4681
20210609,3호선,지축,4127,4023,8150
20210609,3호선,구파발,20498,19577,40075
20210609,3호선,연신내,36873,34744,71617
20210609,3호선,불광,16147,17347,33494
20210609,3호선,녹번,15379,13906,29285
20210609,2호선,신정네거리,10259,10636,20895
20210609,3호선,홍제,17089,15978,33067
20210609,3호선,독립문,6985,7246,14231
20210609,3호선,경복궁,18869,18324,37193
20210609,3호선,안국,19224,20085,39309
20210609,3호선,종로3가,9752,11266,21018
20210609,3호선,을지로3가,10514,10863,21377
20210609,3호선,동대입구,7286,7722,15008
20210609,3호선,무악재,3900,3908,7808
20210609,2호선,양천구청,6846,7223,14069
20210609,2호선,도림천,1467,1533,3000
20210609,2호선,신설동,3095,3098,6193
20210609,2호선,신대방,26429,25495,51924
20210609,2호선,구로디지털단지,61944,62286,124230
20210609,2호선,대림,24447,24938,49385
20210609,2호선,신도림,48365,46932,95297
20210609,2호선,문래,21860,22275,44135
20210609,2호선,영등포구청,23268,23610,46878
20210609,2호선,당산,19289,22498,41787
20210609,2호선,합정,30029,31222,61251
20210609,2호선,홍대입구,47468,49421,96889
20210609,2호선,신촌,29509,30832,60341
20210609,2호선,이대,12386,12858,25244
20210609,2호선,아현,10788,10304,21092
20210609,2호선,충정로,10288,10703,20991
20210609,2호선,용답,2584,2679,5263
20210609,2호선,신답,1630,1893,3523
20210609,3호선,약수,12966,12512,25478
20210609,3호선,금호,8057,7579,15636
20210609,3호선,옥수,9158,9409,18567
20210609,3호선,압구정,30279,32543,62822
20210609,4호선,길음,19890,19506,39396
20210609,4호선,성신여대입구,18839,17819,36658
20210609,4호선,한성대입구,13970,13482,27452
20210609,4호선,혜화,30485,30801,61286
20210609,4호선,동대문,20067,20305,40372
20210609,4호선,동대문역사문화공원,14048,13135,27183
20210609,4호선,충무로,25904,26804,52708
20210609,4호선,명동,17408,18146,35554
20210609,4호선,회현,23772,25182,48954
20210609,4호선,서울역,10481,14345,24826
20210609,4호선,숙대입구,13128,12674,25802
20210609,4호선,삼각지,5041,5538,10579
20210609,4호선,신용산,16116,17086,33202
20210609,4호선,이촌,7411,8215,15626
20210609,4호선,동작,2504,2625,5129
20210609,4호선,미아사거리,27054,26389,53443
20210609,2호선,신림,61599,59892,121491
20210609,4호선,미아,14399,14253,28652
20210609,3호선,오금,6167,5542,11709
20210609,3호선,신사,28987,30237,59224
20210609,3호선,잠원,4791,4777,9568
20210609,3호선,고속터미널,35638,33834,69472
20210609,3호선,교대,14157,9237,23394
20210609,3호선,남부터미널,28129,29165,57294
20210609,3호선,양재,39176,42683,81859
20210609,3호선,매봉,12651,12074,24725
20210609,3호선,도곡,5431,5540,10971
20210609,3호선,대치,10442,10618,21060
20210609,3호선,학여울,1779,1867,3646
20210609,3호선,대청,10030,9144,19174
20210609,3호선,일원,10049,9746,19795
20210609,3호선,수서,16566,16797,33363
20210609,3호선,가락시장,8861,8634,17495
20210609,3호선,경찰병원,7450,7507,14957
20210609,4호선,수유,33565,33542,67107
20210609,4호선,총신대입구,18504,20207,38711
20210609,2호선,봉천,24322,22478,46800
20210609,2호선,낙성대,27026,26429,53455
20210609,중앙선,구리,13337,13476,26813
20210609,중앙선,도농,10069,9073,19142
20210609,중앙선,양정,824,707,1531
20210609,중앙선,덕소,5591,5497,11088
20210609,중앙선,도심,2565,1975,4540
20210609,중앙선,팔당,776,787,1563
20210609,중앙선,양원,1932,1990,3922
20210609,중앙선,운길산,959,941,1900
20210609,중앙선,신원,202,169,371
20210609,중앙선,국수,766,765,1531
20210609,중앙선,아신,533,499,1032
20210609,중앙선,오빈,320,282,602
20210609,중앙선,양평,2533,2626,5159
20210609,중앙선,원덕,326,307,633
20210609,중앙선,양수,1906,1940,3846
20210609,중앙선,망우,7477,7451,14928
20210609,중앙선,상봉,5984,5872,11856
20210609,중앙선,중랑,5552,5295,10847
20210609,일산선,화정,16592,17070,33662
20210609,일산선,대곡,1894,1501,3395
20210609,일산선,백석,9556,9626,19182
20210609,일산선,마두,7527,7737,15264
20210609,일산선,정발산,6952,7147,14099
20210609,7호선,춘의,9944,9690,19634
20210609,일산선,주엽,8825,8862,17687
20210609,일산선,대화,13835,11222,25057
20210609,장항선,봉명,1252,1200,2452
20210609,장항선,쌍용,2476,2336,4812
20210609,장항선,아산,2708,2475,5183
20210609,장항선,배방,952,931,1883
20210609,장항선,온양온천,3893,3885,7778
20210609,장항선,신창,1292,1303,2595
20210609,중앙선,회기,23263,22673,45936
20210609,중앙선,용문,1794,1759,3553
20210609,중앙선,지평,80,67,147
20210609,1호선,서울역,40581,38305,78886
20210609,1호선,동묘앞,7868,8159,16027
20210609,2호선,건대입구,30993,33504,64497
20210609,2호선,구의,23173,23043,46216
20210609,2호선,강변,28277,27240,55517
20210609,2호선,잠실나루,14667,14369,29036
20210609,2호선,잠실,63022,62908,125930
20210609,2호선,잠실새내,20251,20128,40379
20210609,2호선,종합운동장,7891,8600,16491
20210609,2호선,삼성,52650,53566,106216
20210609,2호선,선릉,57615,51033,108648
20210609,2호선,역삼,51954,57859,109813
20210609,2호선,강남,80926,79202,160128
20210609,2호선,교대,34422,38807,73229
20210609,2호선,서초,22606,22304,44910
20210609,2호선,방배,17775,18591,36366
20210609,2호선,사당,35298,38454,73752
20210609,2호선,성수,35756,38919,74675
20210609,2호선,서울대입구,46365,45488,91853
20210609,2호선,뚝섬,21628,23558,45186
20210609,2호선,왕십리,15634,12514,28148
20210609,1호선,시청,21441,21562,43003
20210609,1호선,종각,34777,34100,68877
20210609,1호선,종로3가,24251,21973,46224
20210609,1호선,종로5가,21588,21328,42916
20210609,1호선,동대문,10821,10135,20956
20210609,1호선,신설동,13906,13630,27536
20210609,1호선,제기동,16164,16567,32731
20210609,1호선,청량리,19288,19247,38535
20210609,2호선,시청,23148,22435,45583
20210609,2호선,을지로입구,38401,39373,77774
20210609,2호선,을지로3가,21766,21584,43350
20210609,2호선,을지로4가,12811,12561,25372
20210609,2호선,동대문역사문화공원,11326,12432,23758
20210609,2호선,신당,13615,13944,27559
20210609,2호선,상왕십리,14367,14038,28405
20210609,2호선,한양대,8488,9163,17651
20210609,4호선,사당,24103,20113,44216
20210609,공항철도 1호선,인천공항2터미널,1788,1771,3559
20210609,4호선,당고개,12828,11631,24459
20210609,6호선,화랑대,11497,9012,20509
20210609,6호선,봉화산,9002,8345,17347
20210609,7호선,장암,2356,915,3271
20210609,7호선,도봉산,9433,11090,20523
20210609,7호선,수락산,12977,12881,25858
20210609,7호선,마들,12602,12021,24623
20210609,6호선,태릉입구,5336,5930,11266
20210609,7호선,노원,18654,20139,38793
20210609,7호선,하계,18153,17143,35296
20210609,7호선,공릉,12210,12240,24450
20210609,7호선,태릉입구,8413,7913,16326
20210609,7호선,먹골,10075,9839,19914
20210609,7호선,중화,11005,10720,21725
20210609,7호선,상봉,16806,16024,32830
20210609,7호선,중계,14471,13408,27879
20210609,6호선,석계,12509,12799,25308
20210609,6호선,돌곶이,9300,8833,18133
20210609,6호선,상월곡,6298,5671,11969
20210609,6호선,효창공원앞,7188,6486,13674
20210609,6호선,삼각지,5956,5171,11127
20210609,6호선,녹사평,4737,4692,9429
20210609,6호선,이태원,8709,8984,17693
20210609,6호선,한강진,8048,9199,17247
20210609,6호선,버티고개,2081,2092,4173
20210609,6호선,약수,3609,3557,7166
20210609,6호선,청구,3837,4083,7920
20210609,6호선,신당,7832,8317,16149
20210609,6호선,동묘앞,7569,7780,15349
20210609,6호선,창신,3754,3159,6913
20210609,6호선,보문,7019,6471,13490
20210609,6호선,안암,9805,9911,19716
20210609,6호선,고려대,7685,7312,14997
20210609,6호선,월곡,11053,11049,22102
20210609,4호선,남태령,1262,1111,2373
20210609,7호선,사가정,16437,16488,32925
20210609,7호선,용마산,6200,5980,12180
20210609,7호선,중곡,10027,9175,19202
20210609,7호선,남구로,16541,17537,34078
20210609,7호선,가산디지털단지,48350,48878,97228
20210609,7호선,철산,21792,22210,44002
20210609,7호선,광명사거리,22323,21919,44242
20210609,7호선,천왕,11739,11293,23032
20210609,7호선,온수,11240,10370,21610
20210609,7호선,까치울,7918,7607,15525
20210609,7호선,부천종합운동장,4675,4190,8865
20210609,7호선,신중동,14600,14442,29042
20210609,7호선,부천시청,12764,12695,25459
20210609,7호선,상동,12982,13600,26582
20210609,7호선,삼산체육관,5496,4959,10455
20210609,7호선,굴포천,9060,9699,18759
20210609,7호선,부평구청,8043,6960,15003
20210609,8호선,암사,19155,17021,36176
20210609,7호선,대림,7860,7725,15585
20210609,6호선,공덕,18597,17994,36591
20210609,7호선,신풍,12024,11380,23404
20210609,7호선,신대방삼거리,16358,15805,32163
20210609,7호선,군자,14738,11945,26683
20210609,7호선,어린이대공원,12615,12751,25366
20210609,7호선,건대입구,11502,11522,23024
20210609,7호선,뚝섬유원지,8540,8358,16898
20210609,7호선,청담,19876,22306,42182
20210609,7호선,강남구청,16721,18336,35057
20210609,7호선,학동,24944,26639,51583
20210609,7호선,논현,20755,22156,42911
20210609,7호선,고속터미널,14241,12630,26871
20210609,7호선,내방,14835,15039,29874
20210609,7호선,이수,15392,15146,30538
20210609,7호선,남성,11236,10432,21668
20210609,7호선,숭실대입구,13155,13378,26533
20210609,7호선,상도,10710,10283,20993
20210609,7호선,장승배기,9699,9510,19209
20210609,7호선,보라매,10035,10107,20142
20210609,6호선,대흥,8129,8244,16373
20210609,7호선,면목,15675,15215,30890
20210609,6호선,상수,8212,8841,17053
20210609,5호선,신길,4027,4366,8393
20210609,5호선,여의도,28328,30009,58337
20210609,5호선,여의나루,10247,11329,21576
20210609,5호선,마포,14606,14836,29442
20210609,5호선,공덕,14550,15430,29980
20210609,5호선,애오개,7157,7147,14304
20210609,5호선,충정로,5145,5180,10325
20210609,5호선,서대문,19316,19783,39099
20210609,5호선,광화문,29971,31620,61591
20210609,5호선,종로3가,11311,11348,22659
20210609,5호선,을지로4가,6273,6355,12628
20210609,5호선,동대문역사문화공원,2913,3419,6332
20210609,5호선,청구,3997,3806,7803
20210609,5호선,신금호,6431,6658,13089
20210609,5호선,행당,8316,7448,15764
20210609,5호선,영등포시장,9424,9818,19242
20210609,5호선,왕십리,4581,4953,9534
20210609,5호선,영등포구청,4043,4087,8130
20210609,5호선,오목교,21730,23331,45061
20210609,6호선,광흥창,8905,8738,17643
20210609,4호선,노원,17895,20065,37960
20210609,4호선,창동,25504,26758,52262
20210609,4호선,쌍문,29274,26942,56216
20210609,5호선,방화,6682,6397,13079
20210609,5호선,개화산,5489,5203,10692
20210609,5호선,김포공항,6592,6156,12748
20210609,5호선,송정,6695,6097,12792
20210609,5호선,마곡,10521,10393,20914
20210609,5호선,발산,20112,20718,40830
20210609,5호선,우장산,14469,14076,28545
20210609,5호선,화곡,28165,26612,54777
20210609,5호선,까치산,29016,27957,56973
20210609,5호선,신정,14158,11441,25599
20210609,5호선,목동,16831,18445,35276
20210609,5호선,양평,7693,7573,15266
20210609,5호선,마장,5499,5136,10635
20210609,4호선,상계,19204,17859,37063
20210609,5호선,장한평,18682,18541,37223
20210609,5호선,하남풍산,3935,3906,7841
20210609,5호선,하남시청,5287,5385,10672
20210609,5호선,하남검단산,4683,4624,9307
20210609,6호선,응암,17935,17657,35592
20210609,6호선,역촌,3813,4406,8219
20210609,5호선,답십리,16052,14720,30772
20210609,6호선,독바위,2831,2997,5828
20210609,6호선,구산,7692,5847,13539
20210609,6호선,새절,13101,12359,25460
20210609,6호선,증산,10075,9933,20008
20210609,6호선,디지털미디어시티,14104,15327,29431
20210609,6호선,월드컵경기장,4564,4912,9476
20210609,6호선,마포구청,14274,12829,27103
20210609,6호선,망원,13581,14628,28209
20210609,6호선,합정,12482,12541,25023
20210609,5호선,미사,14868,14720,29588
20210609,5호선,강일,3245,3376,6621
20210609,6호선,불광,4437,4452,8889
20210609,5호선,거여,8692,8301,16993
20210609,5호선,마천,6475,6367,12842
20210609,5호선,군자,11063,12210,23273
20210609,5호선,아차산,14255,13840,28095
20210609,5호선,광나루,12869,11694,24563
20210609,5호선,천호,17295,17338,34633
20210609,5호선,길동,7971,8305,16276
20210609,5호선,굽은다리,9651,9305,18956
20210609,5호선,강동,18572,17540,36112
20210609,5호선,고덕,9310,9353,18663
20210609,5호선,상일동,16032,14430,30462
20210609,5호선,둔촌동,8512,8519,17031
20210609,5호선,올림픽공원,4359,3825,8184
20210609,5호선,방이,6971,7327,14298
20210609,5호선,오금,3929,3809,7738
20210609,5호선,개롱,6622,6849,13471
20210609,5호선,명일,8647,8907,17554
20210610,7호선,이수,15419,15080,30499
20210610,7호선,신대방삼거리,16582,15926,32508
20210610,7호선,장승배기,9627,9442,19069
20210610,7호선,상도,10655,10321,20976
20210610,7호선,숭실대입구,13926,14059,27985
20210610,7호선,남성,11451,10648,22099
20210610,7호선,내방,14572,14959,29531
20210610,7호선,건대입구,11453,11839,23292
20210610,7호선,반포,5765,5618,11383
20210610,7호선,논현,20537,22363,42900
20210610,7호선,학동,25167,26856,52023
20210610,7호선,강남구청,16531,18292,34823
20210610,7호선,청담,19613,22119,41732
20210610,7호선,뚝섬유원지,7534,7299,14833
20210610,7호선,고속터미널,14940,12994,27934
20210610,7호선,보라매,9808,9785,19593
20210610,7호선,부평구청,7886,6968,14854
20210610,7호선,대림,7879,7918,15797
20210610,7호선,어린이대공원,12901,12844,25745
20210610,7호선,굴포천,9024,9695,18719
20210610,7호선,삼산체육관,5340,4915,10255
20210610,7호선,상동,12798,13267,26065
20210610,7호선,부천시청,12839,12641,25480
20210610,7호선,신중동,14406,14520,28926
20210610,7호선,춘의,9939,9850,19789
20210610,7호선,부천종합운동장,4661,4047,8708
20210610,7호선,까치울,7932,7712,15644
20210610,7호선,온수,11210,10245,21455
20210610,7호선,천왕,11580,11050,22630
20210610,7호선,광명사거리,22210,22071,44281
20210610,7호선,철산,21309,22141,43450
20210610,7호선,가산디지털단지,48863,48286,97149
20210610,7호선,남구로,16536,17714,34250
20210610,7호선,신풍,11839,11502,23341
20210610,7호선,군자,14741,12099,26840
20210610,6호선,화랑대,11643,9274,20917
20210610,7호선,용마산,6120,6070,12190
20210610,6호선,월곡,11320,11190,22510
20210610,6호선,고려대,7929,7697,15626
20210610,6호선,안암,10188,10055,20243
20210610,6호선,보문,7027,6745,13772
20210610,6호선,창신,3709,3156,6865
20210610,6호선,동묘앞,7659,8014,15673
20210610,6호선,상월곡,6334,5906,12240
20210610,6호선,신당,7941,8467,16408
20210610,6호선,약수,3670,3630,7300
20210610,6호선,버티고개,2033,2124,4157
20210610,6호선,한강진,7370,8489,15859
20210610,6호선,이태원,8823,8934,17757
20210610,6호선,녹사평,4845,4688,9533
20210610,6호선,삼각지,6007,5332,11339
20210610,6호선,청구,3900,4163,8063
20210610,6호선,돌곶이,9453,8823,18276
20210610,6호선,석계,12338,12846,25184
20210610,6호선,태릉입구,5349,5876,11225
20210610,7호선,사가정,16445,16594,33039
20210610,7호선,면목,15297,14854,30151
20210610,7호선,상봉,16947,16020,32967
20210610,7호선,중화,10879,10769,21648
20210610,7호선,먹골,10047,9880,19927
20210610,7호선,태릉입구,8299,7816,16115
20210610,7호선,공릉,12190,12202,24392
20210610,7호선,하계,17851,16946,34797
20210610,7호선,중계,14522,13374,27896
20210610,7호선,노원,18676,19879,38555
20210610,7호선,마들,12675,12159,24834
20210610,7호선,수락산,13056,12908,25964
20210610,7호선,도봉산,9379,11205,20584
20210610,7호선,장암,2380,944,3324
20210610,6호선,봉화산,8998,8509,17507
20210610,7호선,중곡,9828,9141,18969
20210610,8호선,암사,19109,17004,36113
20210610,경부선,구로,19036,19419,38455
20210610,8호선,강동구청,10579,11066,21645
20210610,경강선,판교,4537,4411,8948
20210610,9호선2~3단계,중앙보훈병원,10331,9210,19541
20210610,9호선2~3단계,둔촌오륜,1238,1084,2322
20210610,9호선2~3단계,올림픽공원,5657,5520,11177
20210610,9호선2~3단계,한성백제,2481,2372,4853
20210610,9호선2~3단계,송파나루,4934,5181,10115
20210610,9호선2~3단계,석촌,7866,6984,14850
20210610,9호선2~3단계,석촌고분,6147,6214,12361
20210610,9호선2~3단계,삼전,6664,6715,13379
20210610,9호선2~3단계,종합운동장,4117,4043,8160
20210610,9호선2~3단계,봉은사,17155,17186,34341
20210610,9호선2~3단계,삼성중앙,6973,7282,14255
20210610,9호선2~3단계,선정릉,9524,10387,19911
20210610,9호선2~3단계,언주,10243,10498,20741
20210610,9호선,신논현,30727,30526,61253
20210610,경강선,이매,1136,987,2123
20210610,9호선,사평,3296,3312,6608
20210610,경강선,삼동,2483,2250,4733
20210610,경강선,초월,3079,2909,5988
20210610,6호선,효창공원앞,7026,6471,13497
20210610,경부선,신길,9114,7955,17069
20210610,경부선,신도림,4108,4233,8341
20210610,경부선,영등포,35256,35873,71129
20210610,경부선,대방,13068,13553,26621
20210610,경부선,노량진,8235,8329,16564
20210610,경부선,용산,30744,30925,61669
20210610,경부선,남영,9595,9930,19525
20210610,경부선,서울역,5053,1681,6734
20210610,경강선,여주,2092,2026,4118
20210610,경강선,세종대왕릉,251,250,501
20210610,경강선,부발,1812,1750,3562
20210610,경강선,이천,2326,2484,4810
20210610,경강선,신둔도예촌,1499,1292,2791
20210610,경강선,곤지암,2180,2188,4368
20210610,경강선,경기광주,7146,6837,13983
20210610,8호선,천호,14537,16548,31085
20210610,9호선,고속터미널,11451,14377,25828
20210610,9호선,구반포,2729,2828,5557
20210610,9호선,개화,2592,1765,4357
20210610,8호선,모란,4249,3203,7452
20210610,8호선,수진,5100,4667,9767
20210610,8호선,신흥,4272,4671,8943
20210610,8호선,단대오거리,10670,10278,20948
20210610,8호선,남한산성입구,15290,14302,29592
20210610,8호선,산성,6086,6222,12308
20210610,8호선,복정,11485,9963,21448
20210610,8호선,장지,16972,16117,33089
20210610,8호선,문정,22477,23489,45966
20210610,8호선,가락시장,7534,8567,16101
20210610,8호선,송파,7601,7922,15523
20210610,8호선,석촌,7413,8654,16067
20210610,8호선,잠실,13132,15071,28203
20210610,8호선,몽촌토성,5871,5995,11866
20210610,9호선,김포공항,7189,10662,17851
20210610,9호선,신반포,3284,3217,6501
20210610,9호선,공항시장,2917,3172,6089
20210610,9호선,마곡나루,11497,11205,22702
20210610,9호선,동작,1869,1575,3444
20210610,9호선,흑석,7516,7895,15411
20210610,9호선,노들,4367,3868,8235
20210610,9호선,노량진,25583,24966,50549
20210610,9호선,샛강,6113,6208,12321
20210610,9호선,여의도,26610,25383,51993
20210610,9호선,국회의사당,16475,16494,32969
20210610,9호선,당산,18160,18158,36318
20210610,9호선,선유도,8488,8259,16747
20210610,9호선,신목동,3913,3636,7549
20210610,9호선,염창,16995,16699,33694
20210610,9호선,등촌,11409,11367,22776
20210610,9호선,증미,7631,7781,15412
20210610,9호선,가양,20226,19818,40044
20210610,9호선,양천향교,9859,10314,20173
20210610,9호선,신방화,6848,6754,13602
20210610,6호선,공덕,18847,17953,36800
20210610,3호선,구파발,20546,19495,40041
20210610,6호선,광흥창,8984,8730,17714
20210610,3호선,대치,10680,10751,21431
20210610,3호선,학여울,2488,2603,5091
20210610,3호선,대청,9910,9231,19141
20210610,3호선,일원,10405,10146,20551
20210610,3호선,수서,16764,17188,33952
20210610,3호선,가락시장,8938,8631,17569
20210610,3호선,도곡,5355,5526,10881
20210610,3호선,경찰병원,7382,7423,14805
20210610,4호선,미아,14567,14251,28818
20210610,4호선,미아사거리,27058,26529,53587
20210610,4호선,길음,20155,19705,39860
20210610,4호선,성신여대입구,19041,17996,37037
20210610,4호선,한성대입구,14060,13891,27951
20210610,4호선,혜화,30206,30155,60361
20210610,4호선,수유,33285,33153,66438
20210610,3호선,매봉,12623,12161,24784
20210610,3호선,양재,39294,42399,81693
20210610,3호선,남부터미널,28837,29631,58468
20210610,3호선,무악재,3945,4072,8017
20210610,3호선,독립문,7027,7370,14397
20210610,3호선,경복궁,18725,18275,37000
20210610,3호선,안국,19351,19921,39272
20210610,3호선,종로3가,10091,11350,21441
20210610,3호선,을지로3가,10529,10498,21027
20210610,3호선,동대입구,7372,7816,15188
20210610,3호선,약수,13242,12834,26076
20210610,3호선,금호,8057,7774,15831
20210610,3호선,옥수,9147,9623,18770
20210610,3호선,압구정,30203,32074,62277
20210610,3호선,신사,29490,30536,60026
20210610,3호선,잠원,4712,4652,9364
20210610,3호선,고속터미널,36493,35075,71568
20210610,3호선,교대,14677,9432,24109
20210610,4호선,동대문,19885,20390,40275
20210610,4호선,동대문역사문화공원,14125,12986,27111
20210610,4호선,충무로,26280,26947,53227
20210610,4호선,명동,16768,17713,34481
20210610,5호선,마곡,10447,10266,20713
20210610,5호선,발산,19975,20256,40231
20210610,5호선,우장산,14572,14452,29024
20210610,5호선,화곡,27970,26119,54089
20210610,5호선,까치산,28789,28048,56837
20210610,5호선,신정,14174,11541,25715
20210610,5호선,목동,16843,18511,35354
20210610,5호선,오목교,21700,23580,45280
20210610,5호선,양평,7685,7663,15348
20210610,5호선,영등포구청,3898,4062,7960
20210610,5호선,영등포시장,9491,9756,19247
20210610,5호선,신길,4064,4476,8540
20210610,5호선,여의도,28882,29625,58507
20210610,일산선,원당,11119,10658,21777
20210610,경부선,가산디지털단지,18531,21656,40187
20210610,5호선,송정,6546,6352,12898
20210610,3호선,홍제,17051,16259,33310
20210610,5호선,김포공항,6711,6335,13046
20210610,5호선,방화,6687,6414,13101
20210610,4호선,회현,23759,24845,48604
20210610,4호선,서울역,10797,15020,25817
20210610,4호선,숙대입구,13025,12569,25594
20210610,4호선,삼각지,5272,5605,10877
20210610,4호선,신용산,16001,16822,32823
20210610,4호선,이촌,7231,8088,15319
20210610,4호선,동작,2265,2506,4771
20210610,4호선,총신대입구,18611,20217,38828
20210610,4호선,사당,23756,19742,43498
20210610,4호선,남태령,1287,1156,2443
20210610,4호선,당고개,13183,12031,25214
20210610,4호선,상계,19148,17989,37137
20210610,4호선,노원,18470,20416,38886
20210610,4호선,창동,25144,27113,52257
20210610,4호선,쌍문,29349,27127,56476
20210610,5호선,개화산,5398,5159,10557
20210610,3호선,녹번,15211,13987,29198
20210610,3호선,불광,16386,17273,33659
20210610,3호선,연신내,36833,34871,71704
20210610,1호선,제기동,16815,17163,33978
20210610,1호선,청량리,19787,19814,39601
20210610,2호선,시청,23320,21961,45281
20210610,2호선,을지로입구,38373,39043,77416
20210610,2호선,을지로3가,21874,20963,42837
20210610,2호선,을지로4가,13067,12606,25673
20210610,2호선,동대문역사문화공원,11250,12375,23625
20210610,2호선,신당,13550,14084,27634
20210610,2호선,상왕십리,14169,14073,28242
20210610,2호선,왕십리,15416,12239,27655
20210610,2호선,한양대,8066,8631,16697
20210610,2호선,뚝섬,21757,23236,44993
20210610,2호선,성수,36091,38725,74816
20210610,2호선,건대입구,31989,33673,65662
20210610,2호선,구의,23202,23111,46313
20210610,1호선,신설동,13949,13707,27656
20210610,2호선,강변,28697,27599,56296
20210610,1호선,동대문,10661,10096,20757
20210610,1호선,종로3가,23911,22066,45977
20210610,6호선,상수,8632,9380,18012
20210610,6호선,합정,12655,12393,25048
20210610,6호선,망원,13533,14613,28146
20210610,6호선,마포구청,14291,13034,27325
20210610,6호선,월드컵경기장,4670,4891,9561
20210610,6호선,디지털미디어시티,13677,15088,28765
20210610,6호선,증산,9983,10023,20006
20210610,6호선,새절,13101,12353,25454
20210610,6호선,구산,7529,5948,13477
20210610,6호선,독바위,2823,3083,5906
20210610,6호선,불광,4175,4217,8392
20210610,1호선,서울역,41153,39043,80196
20210610,1호선,동묘앞,7953,8301,16254
20210610,1호선,시청,21137,21632,42769
20210610,1호선,종각,35912,34435,70347
20210610,1호선,종로5가,22361,21945,44306
20210610,6호선,대흥,8112,8474,16586
20210610,2호선,잠실나루,14436,14293,28729
20210610,2호선,잠실새내,20263,20203,40466
20210610,2호선,당산,18884,21988,40872
20210610,2호선,합정,30008,30795,60803
20210610,2호선,홍대입구,48649,49700,98349
20210610,2호선,신촌,30014,30947,60961
20210610,2호선,이대,12320,13075,25395
20210610,2호선,아현,10693,10388,21081
20210610,2호선,충정로,10209,10848,21057
20210610,2호선,용답,2555,2615,5170
20210610,2호선,신답,1657,1887,3544
20210610,2호선,신설동,3323,3257,6580
20210610,2호선,도림천,1451,1492,2943
20210610,2호선,양천구청,6760,7272,14032
20210610,2호선,신정네거리,10176,10635,20811
20210610,2호선,용두,2351,2485,4836
20210610,3호선,지축,4030,3906,7936
20210610,2호선,영등포구청,23278,23422,46700
20210610,2호선,잠실,62300,62111,124411
20210610,2호선,문래,21722,22312,44034
20210610,2호선,대림,24086,24896,48982
20210610,2호선,종합운동장,7793,8413,16206
20210610,2호선,삼성,52775,53063,105838
20210610,2호선,선릉,57340,51020,108360
20210610,2호선,역삼,51788,56865,108653
20210610,2호선,강남,81554,78822,160376
20210610,2호선,교대,34202,38643,72845
20210610,2호선,서초,21579,21273,42852
20210610,2호선,방배,17836,18621,36457
20210610,2호선,사당,35189,38132,73321
20210610,2호선,낙성대,27185,26614,53799
20210610,2호선,서울대입구,47101,45711,92812
20210610,2호선,봉천,24304,22768,47072
20210610,2호선,신림,62088,60564,122652
20210610,2호선,신대방,26303,25647,51950
20210610,2호선,구로디지털단지,62001,61932,123933
20210610,2호선,신도림,48145,46636,94781
20210610,경부선,금천구청,11985,12021,24006
20210610,일산선,삼송,18063,17849,35912
20210610,경부선,관악,7597,7001,14598
20210610,수인선,사리,4092,3734,7826
20210610,수인선,야목,240,198,438
20210610,수인선,어천,704,699,1403
20210610,수인선,오목천,3029,2787,5816
20210610,수인선,고색,3903,3668,7571
20210610,분당선,매교,2963,3060,6023
20210610,수인선,달월,85,59,144
20210610,분당선,수원시청,11800,12789,24589
20210610,분당선,망포,14057,13361,27418
20210610,분당선,영통,7969,8131,16100
20210610,분당선,청명,4203,4130,8333
20210610,분당선,상갈,5471,5361,10832
20210610,분당선,기흥,9521,9068,18589
20210610,분당선,신갈,4559,4504,9063
20210610,분당선,매탄권선,4889,4772,9661
20210610,수인선,월곶,2564,2397,4961
20210610,수인선,소래포구,5698,5580,11278
20210610,수인선,인천논현,5533,5707,11240
20210610,안산선,중앙,17120,17519,34639
20210610,안산선,한대앞,9171,9295,18466
20210610,안산선,상록수,16767,16921,33688
20210610,안산선,반월,4274,4108,8382
20210610,안산선,대야미,5008,4533,9541
20210610,안산선,산본,15881,16963,32844
20210610,수인선,인천,978,1614,2592
20210610,수인선,신포,1756,1890,3646
20210610,수인선,숭의,3986,3808,7794
20210610,수인선,인하대,6486,6021,12507
20210610,수인선,송도,2658,2369,5027
20210610,수인선,연수,4419,4343,8762
20210610,수인선,원인재,4339,4469,8808
20210610,수인선,남동인더스파크,2302,2648,4950
20210610,수인선,호구포,3799,4035,7834
20210610,분당선,구성,4948,5144,10092
20210610,분당선,죽전,12902,14265,27167
20210610,분당선,보정,2522,2251,4773
20210610,분당선,이매,5590,5310,10900
20210610,분당선,한티,13589,14887,28476
20210610,분당선,선릉,13795,20445,34240
20210610,과천선,범계,25274,24842,50116
20210610,과천선,평촌,18449,18348,36797
20210610,과천선,인덕원,23775,24652,48427
20210610,과천선,정부과천청사,10145,10271,20416
20210610,과천선,과천,5519,5097,10616
20210610,과천선,대공원,2761,2855,5616
20210610,과천선,경마공원,1295,1281,2576
20210610,과천선,선바위,8603,7432,16035
20210610,공항철도 1호선,영종,2839,2862,5701
20210610,공항철도 1호선,인천공항2터미널,1862,1869,3731
20210610,공항철도 1호선,인천공항1터미널,2974,3207,6181
20210610,공항철도 1호선,공항화물청사,2299,2567,4866
20210610,공항철도 1호선,운서,6041,5909,11950
20210610,분당선,도곡,6783,6665,13448
20210610,안산선,초지,5185,5616,10801
20210610,분당선,구룡,2038,1914,3952
20210610,분당선,대모산입구,3577,3418,6995
20210610,분당선,오리,11941,9903,21844
20210610,분당선,미금,15155,16114,31269
20210610,분당선,정자,17535,18817,36352
20210610,분당선,수내,12861,13051,25912
20210610,분당선,서현,23625,23896,47521
20210610,분당선,야탑,24975,25946,50921
20210610,분당선,모란,19542,19664,39206
20210610,분당선,태평,13385,12929,26314
20210610,분당선,가천대,11149,12089,23238
20210610,분당선,선정릉,8341,8870,17211
20210610,분당선,강남구청,9927,11404,21331
20210610,분당선,압구정로데오,18340,19781,38121
20210610,분당선,서울숲,10158,10302,20460
20210610,분당선,수원,7782,6572,14354
20210610,분당선,수서,13328,13777,27105
20210610,분당선,개포동,3780,4033,7813
20210610,공항철도 1호선,청라국제도시,6561,6248,12809
20210610,안산선,안산,11450,10486,21936
20210610,안산선,정왕,10008,10362,20370
20210610,장항선,봉명,1171,1099,2270
20210610,장항선,쌍용,2469,2224,4693
20210610,장항선,아산,2860,2673,5533
20210610,장항선,배방,935,886,1821
20210610,장항선,온양온천,2970,3086,6056
20210610,장항선,신창,1501,1388,2889
20210610,일산선,대화,13082,10488,23570
20210610,중앙선,회기,23312,22502,45814
20210610,중앙선,상봉,5937,5889,11826
20210610,중앙선,망우,7560,7682,15242
20210610,중앙선,양원,1886,1873,3759
20210610,중앙선,구리,13470,13726,27196
20210610,중앙선,도농,9940,9025,18965
20210610,중앙선,양정,861,772,1633
20210610,중앙선,중랑,5526,5283,10809
20210610,일산선,주엽,8697,8819,17516
20210610,일산선,정발산,6940,6819,13759
20210610,일산선,마두,7280,7590,14870
20210610,경부선,석수,10105,9017,19122
20210610,중앙선,신원,211,177,388
20210610,중앙선,국수,778,760,1538
20210610,중앙선,아신,542,537,1079
20210610,중앙선,오빈,311,311,622
20210610,중앙선,양평,2568,2660,5228
20210610,중앙선,원덕,370,379,749
20210610,중앙선,용문,3244,3182,6426
20210610,중앙선,지평,72,79,151
20210610,5호선,여의나루,8412,10009,18421
20210610,일산선,화정,16589,17154,33743
20210610,5호선,마포,14770,15003,29773
20210610,3호선,오금,6108,5564,11672
20210610,일산선,대곡,1932,1491,3423
20210610,일산선,백석,9863,9902,19765
20210610,중앙선,덕소,5793,5706,11499
20210610,중앙선,도심,2508,2104,4612
20210610,중앙선,팔당,942,879,1821
20210610,중앙선,운길산,957,917,1874
20210610,우이신설선,신설동,2136,2206,4342
20210610,우이신설선,보문,1466,1522,2988
20210610,우이신설선,성신여대입구,3145,3368,6513
20210610,우이신설선,정릉,4532,4264,8796
20210610,우이신설선,북한산보국문,5809,5675,11484
20210610,우이신설선,솔샘,5675,5383,11058
20210610,우이신설선,삼양사거리,2370,2480,4850
20210610,우이신설선,삼양,1967,2184,4151
20210610,우이신설선,화계,3336,3242,6578
20210610,우이신설선,가오리,4134,4119,8253
20210610,우이신설선,4.19민주묘지,2960,2815,5775
20210610,우이신설선,솔밭공원,2468,2423,4891
20210610,우이신설선,북한산우이,3303,3140,6443
20210610,안산선,수리산,4400,3618,8018
20210610,안산선,오이도,8171,7972,16143
20210610,일산선,원흥,10168,9700,19868
20210610,안산선,신길온천,1690,1571,3261
20210610,5호선,명일,8573,8809,17382
20210610,5호선,상일동,15976,14593,30569
20210610,중앙선,양수,1918,1964,3882
20210610,6호선,역촌,3877,4631,8508
20210610,6호선,응암,17698,17541,35239
20210610,5호선,하남검단산,4741,4663,9404
20210610,5호선,하남시청,5005,5088,10093
20210610,5호선,하남풍산,4065,4074,8139
20210610,5호선,미사,14626,14453,29079
20210610,5호선,강일,3178,3243,6421
20210610,5호선,마천,6430,6455,12885
20210610,5호선,거여,8600,8155,16755
20210610,5호선,개롱,6566,6979,13545
20210610,5호선,오금,3892,3824,7716
20210610,5호선,방이,7009,7341,14350
20210610,5호선,올림픽공원,4465,3805,8270
20210610,5호선,둔촌동,8659,8579,17238
20210610,5호선,고덕,8939,8982,17921
20210610,공항철도 1호선,검암,6752,6529,13281
20210610,안산선,고잔,8830,8426,17256
20210610,공항철도 1호선,김포공항,10567,6484,17051
20210610,경원선,보산,1493,1352,2845
20210610,경원선,동두천중앙,3359,3259,6618
20210610,경원선,지행,6186,6285,12471
20210610,경원선,덕정,6025,5860,11885
20210610,경원선,덕계,3241,2810,6051
20210610,경원선,양주,7748,7193,14941
20210610,경원선,녹양,4603,4395,8998
20210610,경원선,가능,6708,6451,13159
20210610,경원선,의정부,17309,17757,35066
20210610,경원선,회룡,12383,12295,24678
20210610,경원선,망월사,7492,7587,15079
20210610,경원선,도봉산,7808,4907,12715
20210610,경원선,도봉,6034,5900,11934
20210610,경원선,방학,9605,9312,18917
20210610,경원선,월계,7436,6909,14345
20210610,경원선,동두천,2197,2419,4616
20210610,경원선,광운대,9234,8953,18187
20210610,경원선,소요산,2710,2291,5001
20210610,경의선,신촌,838,984,1822
20210610,경의선,일산,9313,9323,18636
20210610,경의선,풍산,5671,5245,10916
20210610,경의선,백마,6959,6786,13745
20210610,경의선,곡산,610,595,1205
20210610,경의선,능곡,3839,3437,7276
20210610,경의선,행신,7752,7833,15585
20210610,경의선,강매,3274,2799,6073
20210610,경의선,화전,1741,1566,3307
20210610,경의선,수색,2847,3054,5901
20210610,경의선,디지털미디어시티,2555,2480,5035
20210610,경의선,가좌,5419,5237,10656
20210610,경의선,홍대입구,1586,1791,3377
20210610,경의선,서강대,1922,1923,3845
20210610,경의선,공덕,3586,3186,6772
20210610,경의선,효창공원앞,2879,3328,6207
20210610,경의선,서울역,4285,5436,9721
20210610,경의선,탄현,7637,7443,15080
20210610,경원선,석계,7966,9119,17085
20210610,경원선,외대앞,6786,6837,13623
20210610,경부선,오산,9553,9267,18820
20210610,경부선,오산대,3546,3312,6858
20210610,경부선,세마,2730,2557,5287
20210610,경부선,병점,14190,14151,28341
20210610,경부선,세류,3027,2823,5850
20210610,경부선,독산,17483,18427,35910
20210610,경부선,수원,32533,34223,66756
20210610,경부선,화서,7469,7245,14714
20210610,경부선,성균관대,15150,14865,30015
20210610,경부선,의왕,9010,9014,18024
20210610,경부선,군포,7801,7725,15526
20210610,경부선,금정,26256,26906,53162
20210610,경부선,명학,9333,9391,18724
20210610,공항철도 1호선,계양,9328,8620,17948
20210610,경부선,안양,23849,23860,47709
20210610,경부선,진위,1584,1393,2977
20210610,경원선,신이문,8418,7853,16271
20210610,경부선,송탄,4043,3764,7807
20210610,경부선,평택지제,2945,2859,5804
20210610,경원선,청량리,14131,14965,29096
20210610,경원선,왕십리,13022,14464,27486
20210610,경원선,응봉,1822,1589,3411
20210610,경원선,옥수,57,26,83
20210610,경원선,한남,4177,3976,8153
20210610,경원선,서빙고,1896,1777,3673
20210610,경원선,이촌,3764,2916,6680
20210610,경부선,광명,3236,2795,6031
20210610,경부선,서동탄,1514,1289,2803
20210610,경부선,당정,6440,6181,12621
20210610,경부선,천안,4809,4958,9767
20210610,경부선,두정,5304,5254,10558
20210610,경부선,직산,714,725,1439
20210610,경부선,성환,4680,4412,9092
20210610,경부선,평택,11228,11242,22470
20210610,경부선,서정리,6967,6521,13488
20210610,경의선,야당,6804,6504,13308
20210610,경원선,녹천,4684,4127,8811
20210610,5호선,굽은다리,9653,9164,18817
20210610,경춘선,가평,1578,1518,3096
20210610,경춘선,청평,1522,1517,3039
20210610,경춘선,대성리,534,451,985
20210610,경춘선,마석,4071,3872,7943
20210610,경춘선,천마산,1732,1607,3339
20210610,경춘선,평내호평,6262,6341,12603
20210610,경춘선,금곡,1564,1485,3049
20210610,경춘선,사릉,3580,3473,7053
20210610,경춘선,퇴계원,3753,3484,7237
20210610,경춘선,별내,3123,2944,6067
20210610,경춘선,갈매,3244,2771,6015
20210610,경춘선,신내,1722,1780,3502
20210610,경인선,도화,4210,3952,8162
20210610,경인선,중동,9298,8781,18079
20210610,경인선,온수,7045,6991,14036
20210610,경춘선,굴봉산,138,138,276
20210610,경인선,도원,3277,3309,6586
20210610,경춘선,백양리,81,92,173
20210610,경춘선,김유정,230,289,519
20210610,공항철도 1호선,마곡나루,8010,7753,15763
20210610,경의선,운정,6674,6262,12936
20210610,5호선,길동,7950,8360,16310
20210610,5호선,강동,18371,17967,36338
20210610,5호선,천호,17170,17005,34175
20210610,5호선,광나루,13243,12013,25256
20210610,5호선,아차산,14236,14037,28273
20210610,5호선,군자,11078,11997,23075
20210610,5호선,장한평,18603,18388,36991
20210610,공항철도 1호선,디지털미디어시티,14660,13053,27713
20210610,공항철도 1호선,홍대입구,8403,8330,16733
20210610,공항철도 1호선,공덕,2180,2740,4920
20210610,공항철도 1호선,서울역,7076,6297,13373
20210610,경춘선,춘천,1654,1407,3061
20210610,경춘선,남춘천,2633,2510,5143
20210610,경춘선,강촌,520,441,961
20210610,경인선,간석,6012,5774,11786
20210610,경춘선,상천,304,282,586
20210610,경인선,소사,8948,8786,17734
20210610,5호선,충정로,5117,5158,10275
20210610,5호선,애오개,7224,7329,14553
20210610,5호선,공덕,14616,15545,30161
20210610,경인선,부평,28950,30590,59540
20210610,경인선,송내,27476,27758,55234
20210610,경인선,부천,32159,32418,64577
20210610,경인선,역곡,27730,27270,55000
20210610,경인선,오류동,12095,11432,23527
20210610,경인선,개봉,21356,21974,43330
20210610,경의선,임진강,10,10,20
20210610,경의선,문산,4703,4768,9471
20210610,경의선,파주,1736,1392,3128
20210610,경의선,월롱,2394,2258,4652
20210610,경인선,부개,8747,8128,16875
20210610,경의선,금릉,4577,4529,9106
20210610,5호선,서대문,19452,19612,39064
20210610,5호선,광화문,30389,31528,61917
20210610,경의선,금촌,6050,6027,12077
20210610,5호선,을지로4가,6059,6315,12374
20210610,5호선,종로3가,11585,11483,23068
20210610,경인선,인천,3479,2574,6053
20210610,경인선,동인천,13626,12984,26610
20210610,경인선,제물포,11167,10753,21920
20210610,경인선,주안,19348,17487,36835
20210610,경인선,동암,14959,15104,30063
20210610,경인선,백운,7243,7128,14371
20210610,경인선,구일,6299,6409,12708
20210610,5호선,마장,5648,5312,10960
20210610,5호선,왕십리,4588,4886,9474
20210610,5호선,행당,8386,7552,15938
20210610,5호선,신금호,6441,6747,13188
20210610,5호선,청구,4052,3797,7849
20210610,5호선,동대문역사문화공원,3044,3398,6442
20210610,5호선,답십리,15748,14627,30375
20210611,7호선,반포,5975,5662,11637
20210611,7호선,논현,20703,22523,43226
20210611,7호선,학동,23618,25333,48951
20210611,7호선,강남구청,16275,18162,34437
20210611,7호선,청담,18812,21561,40373
20210611,7호선,뚝섬유원지,8312,8377,16689
20210611,7호선,군자,14812,11718,26530
20210611,7호선,어린이대공원,12448,12147,24595
20210611,7호선,중곡,9902,9020,18922
20210611,7호선,용마산,6093,5699,11792
20210611,7호선,사가정,16450,16449,32899
20210611,7호선,면목,15975,15280,31255
20210611,7호선,고속터미널,16330,13597,29927
20210611,7호선,상봉,16952,16203,33155
20210611,7호선,건대입구,11927,12118,24045
20210611,7호선,내방,14330,14577,28907
20210611,7호선,신풍,11912,11276,23188
20210611,7호선,남성,11150,10154,21304
20210611,7호선,중화,10969,10532,21501
20210611,7호선,부천종합운동장,4735,4083,8818
20210611,7호선,까치울,7764,7593,15357
20210611,7호선,온수,10924,10034,20958
20210611,7호선,천왕,11669,10951,22620
20210611,7호선,광명사거리,22372,22028,44400
20210611,7호선,철산,21558,22384,43942
20210611,7호선,가산디지털단지,47025,46791,93816
20210611,7호선,남구로,16037,17088,33125
20210611,7호선,대림,8029,8059,16088
20210611,7호선,보라매,9852,9620,19472
20210611,7호선,신대방삼거리,16432,15432,31864
20210611,7호선,장승배기,9568,9087,18655
20210611,7호선,상도,10647,10158,20805
20210611,7호선,숭실대입구,13089,12914,26003
20210611,7호선,이수,15688,15248,30936
20210611,7호선,먹골,9998,9562,19560
20210611,6호선,망원,13542,14806,28348
20210611,7호선,공릉,12088,12030,24118
20210611,6호선,신당,8007,8154,16161
20210611,6호선,청구,3753,4068,7821
20210611,6호선,약수,3594,3620,7214
20210611,6호선,버티고개,2108,2045,4153
20210611,6호선,한강진,7636,8836,16472
20210611,6호선,이태원,9932,10669,20601
20210611,6호선,녹사평,5099,5110,10209
20210611,6호선,삼각지,5963,5171,11134
20210611,6호선,효창공원앞,6948,6151,13099
20210611,6호선,공덕,18531,17918,36449
20210611,6호선,대흥,8009,8158,16167
20210611,6호선,광흥창,8778,8491,17269
20210611,6호선,상수,8495,9764,18259
20210611,6호선,합정,13181,12948,26129
20210611,7호선,춘의,9724,9487,19211
20210611,6호선,동묘앞,7644,7850,15494
20210611,7호선,태릉입구,8325,7883,16208
20210611,6호선,창신,3575,2843,6418
20210611,6호선,안암,9864,9646,19510
20210611,7호선,하계,17455,16207,33662
20210611,7호선,노원,19465,21106,40571
20210611,7호선,마들,12628,11713,24341
20210611,7호선,수락산,12729,12570,25299
20210611,7호선,도봉산,9166,10536,19702
20210611,7호선,장암,2289,950,3239
20210611,6호선,신내,2,0,2
20210611,6호선,봉화산,8726,8190,16916
20210611,6호선,화랑대,11359,8938,20297
20210611,6호선,태릉입구,5389,5852,11241
20210611,6호선,석계,12101,12347,24448
20210611,6호선,돌곶이,9206,8577,17783
20210611,6호선,상월곡,6307,5522,11829
20210611,6호선,월곡,11029,10873,21902
20210611,6호선,고려대,7813,7222,15035
20210611,6호선,보문,7359,6674,14033
20210611,7호선,신중동,14452,14391,28843
20210611,경부선,용산,34243,35913,70156
20210611,7호선,상동,12802,13631,26433
20210611,9호선2~3단계,석촌,8060,7105,15165
20210611,9호선2~3단계,석촌고분,5914,5725,11639
20210611,9호선2~3단계,삼전,6634,6385,13019
20210611,9호선2~3단계,종합운동장,4192,4188,8380
20210611,9호선2~3단계,봉은사,16940,17356,34296
20210611,9호선2~3단계,삼성중앙,6725,6970,13695
20210611,9호선2~3단계,선정릉,9597,10347,19944
20210611,9호선2~3단계,언주,9703,9916,19619
20210611,9호선,신논현,32417,32335,64752
20210611,9호선,사평,3313,3187,6500
20210611,9호선,고속터미널,12441,17229,29670
20210611,9호선,신반포,3277,3194,6471
20210611,9호선,구반포,2650,2712,5362
20210611,9호선,동작,1793,1355,3148
20210611,9호선,흑석,7607,7811,15418
20210611,9호선2~3단계,송파나루,4532,5002,9534
20210611,9호선,노들,4361,3578,7939
20210611,9호선2~3단계,한성백제,2462,2183,4645
20210611,9호선2~3단계,둔촌오륜,1208,997,2205
20210611,6호선,마포구청,14044,12384,26428
20210611,2호선,대림,24207,24854,49061
20210611,경부선,서울역,6498,2223,8721
20210611,경강선,여주,2033,2117,4150
20210611,경강선,세종대왕릉,286,277,563
20210611,경강선,부발,2296,1676,3972
20210611,경강선,이천,2643,2812,5455
20210611,경강선,신둔도예촌,1524,1353,2877
20210611,경강선,곤지암,2081,2109,4190
20210611,경강선,초월,3113,2903,6016
20210611,경강선,경기광주,7071,6702,13773
20210611,경강선,삼동,2369,2150,4519
20210611,경강선,이매,1131,895,2026
20210611,경강선,판교,4406,4442,8848
20210611,9호선2~3단계,중앙보훈병원,10182,8888,19070
20210611,9호선2~3단계,올림픽공원,5673,5579,11252
20210611,7호선,부천시청,12919,12948,25867
20210611,9호선,노량진,25802,24681,50483
20210611,9호선,여의도,26200,24937,51137
20210611,8호선,산성,5897,5830,11727
20210611,8호선,복정,11121,9534,20655
20210611,8호선,장지,16906,15983,32889
20210611,8호선,문정,21687,22765,44452
20210611,8호선,가락시장,7632,8417,16049
20210611,8호선,송파,7624,7519,15143
20210611,8호선,석촌,7486,8682,16168
20210611,8호선,잠실,13144,15646,28790
20210611,8호선,몽촌토성,5695,5933,11628
20210611,8호선,강동구청,10255,10517,20772
20210611,8호선,천호,14640,17462,32102
20210611,8호선,암사,18788,16359,35147
20210611,7호선,부평구청,7916,6846,14762
20210611,7호선,굴포천,9003,9597,18600
20210611,7호선,삼산체육관,5317,4832,10149
20210611,8호선,남한산성입구,14576,13291,27867
20210611,9호선,샛강,5549,5939,11488
20210611,8호선,단대오거리,10781,10048,20829
20210611,8호선,수진,5079,4478,9557
20210611,9호선,국회의사당,14992,15467,30459
20210611,9호선,당산,18142,17931,36073
20210611,9호선,선유도,8287,7906,16193
20210611,9호선,신목동,3970,3487,7457
20210611,9호선,염창,16854,16284,33138
20210611,9호선,등촌,11304,10871,22175
20210611,9호선,증미,7406,7341,14747
20210611,9호선,가양,19951,19265,39216
20210611,9호선,양천향교,9913,9769,19682
20210611,9호선,마곡나루,11346,11432,22778
20210611,9호선,신방화,6731,6401,13132
20210611,9호선,공항시장,2885,3035,5920
20210611,9호선,김포공항,7649,12598,20247
20210611,9호선,개화,2556,1746,4302
20210611,8호선,모란,4081,3321,7402
20210611,8호선,신흥,4334,4573,8907
20210611,6호선,월드컵경기장,4931,5117,10048
20210611,2호선,신대방,26112,25040,51152
20210611,6호선,증산,9994,9538,19532
20210611,3호선,도곡,5464,5559,11023
20210611,3호선,매봉,12439,11911,24350
20210611,3호선,양재,39949,41729,81678
20210611,3호선,남부터미널,29835,31091,60926
20210611,3호선,교대,14430,9371,23801
20210611,3호선,고속터미널,41101,44130,85231
20210611,3호선,대치,10873,10983,21856
20210611,3호선,잠원,4896,4747,9643
20210611,3호선,압구정,32324,34513,66837
20210611,3호선,옥수,9286,9455,18741
20210611,3호선,금호,8013,7498,15511
20210611,1호선,서울역,44815,43301,88116
20210611,1호선,동묘앞,7996,8424,16420
20210611,1호선,시청,20273,21066,41339
20210611,3호선,신사,30424,32592,63016
20210611,3호선,학여울,2432,2426,4858
20210611,3호선,대청,9998,9199,19197
20210611,3호선,일원,10078,9742,19820
20210611,4호선,명동,16768,17899,34667
20210611,4호선,충무로,25371,26619,51990
20210611,4호선,동대문역사문화공원,14178,13264,27442
20210611,4호선,동대문,20018,20728,40746
20210611,4호선,혜화,29835,29774,59609
20210611,4호선,한성대입구,14057,13323,27380
20210611,4호선,성신여대입구,19674,18590,38264
20210611,4호선,길음,19712,18737,38449
20210611,4호선,미아사거리,27508,26726,54234
20210611,4호선,미아,14403,13927,28330
20210611,4호선,수유,33608,33443,67051
20210611,3호선,오금,6213,5554,11767
20210611,3호선,경찰병원,7421,7382,14803
20210611,3호선,가락시장,9221,8895,18116
20210611,3호선,수서,17711,18016,35727
20210611,1호선,종각,33336,33051,66387
20210611,1호선,종로3가,25119,23187,48306
20210611,1호선,종로5가,22034,22056,44090
20210611,1호선,동대문,11036,10388,21424
20210611,2호선,잠실새내,20920,21155,42075
20210611,2호선,종합운동장,8272,8873,17145
20210611,2호선,삼성,52873,53892,106765
20210611,2호선,선릉,55501,49482,104983
20210611,2호선,역삼,49478,55162,104640
20210611,2호선,강남,83659,83178,166837
20210611,2호선,교대,34183,38499,72682
20210611,2호선,서초,21114,20485,41599
20210611,2호선,방배,17233,18124,35357
20210611,2호선,사당,36218,39162,75380
20210611,2호선,낙성대,27658,25761,53419
20210611,2호선,서울대입구,47334,45705,93039
20210611,2호선,봉천,24211,21710,45921
20210611,2호선,신림,62512,59742,122254
20210611,경부선,노량진,8648,8631,17279
20210611,2호선,잠실,64209,64164,128373
20210611,4호선,회현,22837,24691,47528
20210611,2호선,잠실나루,14342,13876,28218
20210611,2호선,구의,23118,22597,45715
20210611,1호선,신설동,13778,13339,27117
20210611,1호선,제기동,16544,16835,33379
20210611,1호선,청량리,19839,20051,39890
20210611,2호선,시청,22061,21191,43252
20210611,2호선,을지로입구,36987,38295,75282
20210611,2호선,을지로3가,21215,21450,42665
20210611,2호선,을지로4가,12693,12795,25488
20210611,2호선,동대문역사문화공원,11572,13113,24685
20210611,2호선,신당,13788,14148,27936
20210611,2호선,상왕십리,14170,13322,27492
20210611,2호선,왕십리,15712,12704,28416
20210611,2호선,한양대,7908,8428,16336
20210611,2호선,뚝섬,23190,24821,48011
20210611,2호선,성수,34726,38700,73426
20210611,2호선,건대입구,33437,36752,70189
20210611,2호선,강변,30777,30761,61538
20210611,4호선,서울역,10182,16349,26531
20210611,4호선,숙대입구,12999,12597,25596
20210611,4호선,삼각지,5036,5525,10561
20210611,5호선,고덕,9231,9027,18258
20210611,5호선,명일,8487,8721,17208
20210611,5호선,굽은다리,9660,9154,18814
20210611,5호선,길동,7937,8439,16376
20210611,5호선,강동,18172,16894,35066
20210611,5호선,천호,18096,17963,36059
20210611,5호선,광나루,12767,11617,24384
20210611,5호선,아차산,14114,13614,27728
20210611,5호선,군자,11045,12137,23182
20210611,5호선,장한평,18140,17875,36015
20210611,5호선,답십리,15758,14247,30005
20210611,5호선,마장,5496,5100,10596
20210611,5호선,왕십리,4533,5129,9662
20210611,5호선,행당,8190,7144,15334
20210611,5호선,신금호,6336,6391,12727
20210611,5호선,상일동,15919,14349,30268
20210611,5호선,청구,3943,3602,7545
20210611,5호선,둔촌동,8685,8526,17211
20210611,5호선,방이,6956,7192,14148
20210611,6호선,새절,12651,11785,24436
20210611,6호선,구산,7688,5556,13244
20210611,6호선,독바위,2679,2706,5385
20210611,6호선,불광,4331,4213,8544
20210611,6호선,역촌,3731,4318,8049
20210611,6호선,응암,17435,16972,34407
20210611,5호선,하남검단산,4670,4377,9047
20210611,5호선,하남시청,5077,5038,10115
20210611,5호선,하남풍산,3946,4048,7994
20210611,5호선,미사,14637,14625,29262
20210611,5호선,강일,3130,3127,6257
20210611,5호선,마천,6382,6127,12509
20210611,5호선,거여,8685,8168,16853
20210611,5호선,개롱,6561,6616,13177
20210611,5호선,오금,3809,3742,7551
20210611,5호선,올림픽공원,4264,3695,7959
20210611,6호선,디지털미디어시티,13527,14343,27870
20210611,5호선,동대문역사문화공원,2777,3424,6201
20210611,5호선,종로3가,12029,12271,24300
20210611,5호선,마곡,10089,10136,20225
20210611,5호선,김포공항,7117,7288,14405
20210611,5호선,개화산,5455,5181,10636
20210611,5호선,방화,6669,6339,13008
20210611,4호선,쌍문,29328,26599,55927
20210611,4호선,창동,25465,27040,52505
20210611,4호선,노원,18663,21245,39908
20210611,4호선,상계,18953,17505,36458
20210611,4호선,당고개,12705,11719,24424
20210611,4호선,남태령,1354,1137,2491
20210611,4호선,사당,24507,20355,44862
20210611,4호선,총신대입구,19044,20806,39850
20210611,4호선,동작,2637,2690,5327
20210611,4호선,이촌,7302,8070,15372
20210611,4호선,신용산,15817,16979,32796
20210611,5호선,발산,19261,19875,39136
20210611,5호선,을지로4가,5785,6305,12090
20210611,5호선,우장산,14409,14118,28527
20210611,5호선,까치산,28936,27490,56426
20210611,5호선,광화문,28303,30055,58358
20210611,5호선,서대문,18116,18522,36638
20210611,5호선,충정로,4804,4779,9583
20210611,5호선,애오개,6827,6698,13525
20210611,5호선,공덕,14414,15254,29668
20210611,5호선,마포,14144,14473,28617
20210611,5호선,여의나루,9844,11232,21076
20210611,5호선,여의도,26928,28567,55495
20210611,5호선,신길,3989,4213,8202
20210611,5호선,영등포시장,9504,9681,19185
20210611,5호선,영등포구청,3874,3980,7854
20210611,5호선,양평,7515,7305,14820
20210611,5호선,오목교,21811,24132,45943
20210611,5호선,목동,16984,18566,35550
20210611,5호선,신정,13923,10807,24730
20210611,5호선,화곡,28438,26409,54847
20210611,경부선,대방,12831,12956,25787
20210611,경부선,남영,9430,9622,19052
20210611,경부선,신도림,4262,4386,8648
20210611,안산선,안산,11859,10804,22663
20210611,안산선,초지,4760,5154,9914
20210611,안산선,고잔,8770,8412,17182
20210611,안산선,중앙,18109,19078,37187
20210611,안산선,한대앞,9385,9270,18655
20210611,안산선,상록수,16629,16662,33291
20210611,안산선,신길온천,1750,1672,3422
20210611,안산선,반월,4431,4181,8612
20210611,안산선,산본,16093,17471,33564
20210611,수인선,인천,963,1551,2514
20210611,수인선,신포,1785,1857,3642
20210611,수인선,숭의,3960,3743,7703
20210611,수인선,인하대,6389,5868,12257
20210611,수인선,송도,2651,2429,5080
20210611,안산선,대야미,4981,4485,9466
20210611,안산선,정왕,10260,10075,20335
20210611,안산선,오이도,8429,8475,16904
20210611,안산선,수리산,4317,3319,7636
20210611,일산선,삼송,18032,17695,35727
20210611,일산선,원흥,10399,9776,20175
20210611,우이신설선,신설동,2173,2132,4305
20210611,우이신설선,보문,1467,1464,2931
20210611,우이신설선,성신여대입구,3093,3464,6557
20210611,우이신설선,정릉,4414,4106,8520
20210611,우이신설선,북한산보국문,5859,5519,11378
20210611,우이신설선,솔샘,5683,5275,10958
20210611,우이신설선,삼양사거리,2389,2456,4845
20210611,우이신설선,삼양,2032,2092,4124
20210611,우이신설선,화계,3290,3043,6333
20210611,우이신설선,가오리,4215,4070,8285
20210611,우이신설선,4.19민주묘지,2794,2630,5424
20210611,우이신설선,솔밭공원,2405,2269,4674
20210611,우이신설선,북한산우이,2420,2180,4600
20210611,수인선,연수,4577,4598,9175
20210611,수인선,원인재,4373,4665,9038
20210611,수인선,남동인더스파크,2319,2503,4822
20210611,수인선,호구포,3983,4174,8157
20210611,분당선,서현,24269,24749,49018
20210611,분당선,야탑,25436,26882,52318
20210611,분당선,모란,20032,20059,40091
20210611,분당선,태평,13578,12951,26529
20210611,분당선,가천대,9937,10504,20441
20210611,분당선,선정릉,7999,8489,16488
20210611,분당선,강남구청,9880,11158,21038
20210611,분당선,압구정로데오,19223,21408,40631
20210611,분당선,서울숲,10035,10264,20299
20210611,분당선,수원,8307,7207,15514
20210611,분당선,복정,1,0,1
20210611,분당선,수서,14114,15174,29288
20210611,분당선,대모산입구,3564,3292,6856
20210611,분당선,개포동,3777,3954,7731
20210611,분당선,구룡,2111,1941,4052
20210611,분당선,수내,12917,13077,25994
20210611,일산선,원당,10841,10451,21292
20210611,분당선,정자,17532,18566,36098
20210611,분당선,오리,11696,9876,21572
20210611,수인선,인천논현,5710,6063,11773
20210611,수인선,고색,4074,3781,7855
20210611,분당선,매교,2918,2988,5906
20210611,분당선,수원시청,12688,14396,27084
20210611,분당선,매탄권선,5139,4844,9983
20210611,분당선,망포,14635,13654,28289
20210611,분당선,영통,8454,8630,17084
20210611,분당선,청명,4478,4060,8538
20210611,분당선,상갈,5540,5207,10747
20210611,분당선,기흥,9472,8733,18205
20210611,분당선,신갈,4433,4465,8898
20210611,분당선,구성,4792,4981,9773
20210611,분당선,죽전,13373,14559,27932
20210611,분당선,보정,2481,2128,4609
20210611,분당선,이매,5623,5256,10879
20210611,분당선,미금,15609,16176,31785
20210611,일산선,화정,16616,17098,33714
20210611,일산선,대곡,1874,1442,3316
20210611,일산선,백석,9746,10156,19902
20210611,3호선,구파발,19838,18648,38486
20210611,3호선,연신내,36676,34531,71207
20210611,3호선,불광,15925,16840,32765
20210611,3호선,녹번,15149,13606,28755
20210611,3호선,홍제,16951,15688,32639
20210611,3호선,무악재,3825,3786,7611
20210611,3호선,독립문,7163,7049,14212
20210611,3호선,경복궁,18625,18145,36770
20210611,3호선,안국,18576,19337,37913
20210611,3호선,종로3가,9807,11567,21374
20210611,3호선,을지로3가,10373,11014,21387
20210611,3호선,동대입구,7239,7610,14849
20210611,3호선,약수,12992,12574,25566
20210611,7호선,중계,14310,12852,27162
20210611,수인선,오목천,3121,2771,5892
20210611,3호선,지축,3983,3732,7715
20210611,수인선,어천,799,732,1531
20210611,2호선,용두,2371,2341,4712
20210611,2호선,양천구청,6742,7005,13747
20210611,2호선,구로디지털단지,61083,60364,121447
20210611,2호선,신도림,48760,48234,96994
20210611,2호선,문래,21142,21959,43101
20210611,2호선,영등포구청,22810,23139,45949
20210611,2호선,당산,19098,22095,41193
20210611,2호선,합정,30818,33446,64264
20210611,2호선,홍대입구,51313,55162,106475
20210611,2호선,신촌,31082,32226,63308
20210611,2호선,이대,12568,12937,25505
20210611,2호선,아현,10562,9965,20527
20210611,2호선,충정로,10101,10406,20507
20210611,2호선,용답,2773,2668,5441
20210611,2호선,신답,1594,1820,3414
20210611,2호선,신설동,3132,3070,6202
20210611,2호선,도림천,1420,1441,2861
20210611,2호선,신정네거리,10374,10593,20967
20210611,분당선,도곡,6821,6578,13399
20210611,수인선,야목,275,209,484
20210611,수인선,달월,73,51,124
20210611,중앙선,양원,1793,1767,3560
20210611,중앙선,망우,7775,7624,15399
20210611,중앙선,상봉,6094,6074,12168
20210611,중앙선,중랑,5657,5346,11003
20210611,중앙선,회기,23896,22524,46420
20210611,장항선,신창,1976,1531,3507
20210611,장항선,온양온천,3347,3567,6914
20210611,장항선,배방,1012,964,1976
20210611,장항선,아산,3305,3331,6636
20210611,장항선,쌍용,2325,2058,4383
20210611,장항선,봉명,1223,1119,2342
20210611,일산선,대화,12841,10063,22904
20210611,일산선,주엽,8733,8862,17595
20210611,일산선,정발산,7056,7224,14280
20210611,일산선,마두,7256,7450,14706
20210611,중앙선,구리,13407,13720,27127
20210611,수인선,사리,4234,3791,8025
20210611,중앙선,도농,9715,8923,18638
20210611,중앙선,덕소,5512,5496,11008
20210611,수인선,월곶,2515,2355,4870
20210611,수인선,소래포구,5565,5276,10841
20210611,5호선,송정,6591,6139,12730
20210611,중앙선,지평,54,77,131
20210611,중앙선,용문,1605,1759,3364
20210611,중앙선,원덕,357,337,694
20210611,중앙선,양평,2571,2753,5324
20210611,중앙선,오빈,318,304,622
20210611,중앙선,아신,519,529,1048
20210611,중앙선,국수,710,695,1405
20210611,중앙선,신원,176,152,328
20210611,중앙선,양수,1760,1856,3616
20210611,중앙선,운길산,757,724,1481
20210611,중앙선,팔당,755,757,1512
20210611,중앙선,도심,2409,1913,4322
20210611,중앙선,양정,815,712,1527
20210611,분당선,한티,14073,14923,28996
20210611,경부선,영등포,37983,39695,77678
20210611,과천선,범계,25461,25673,51134
20210611,경원선,가능,6619,6386,13005
20210611,경원선,의정부,18041,19106,37147
20210611,경원선,회룡,12260,12196,24456
20210611,경원선,망월사,7359,7391,14750
20210611,경원선,도봉산,7221,4594,11815
20210611,경원선,도봉,5977,5703,11680
20210611,경원선,녹양,4693,4539,9232
20210611,경원선,방학,9628,9349,18977
20210611,경원선,월계,7016,6571,13587
20210611,경원선,광운대,8894,8458,17352
20210611,경원선,석계,8014,9038,17052
20210611,경원선,신이문,8373,7606,15979
20210611,경원선,외대앞,6919,6814,13733
20210611,경원선,청량리,15623,16631,32254
20210611,경원선,녹천,4698,3813,8511
20210611,경원선,양주,7566,6899,14465
20210611,경원선,덕계,3015,2745,5760
20210611,경원선,덕정,6089,5524,11613
20210611,경의선,화전,1696,1527,3223
20210611,경의선,수색,2711,2833,5544
20210611,경의선,디지털미디어시티,2483,2448,4931
20210611,경의선,가좌,5403,4934,10337
20210611,경의선,홍대입구,1747,1916,3663
20210611,경의선,서강대,2077,1962,4039
20210611,경의선,공덕,3550,3164,6714
20210611,경의선,효창공원앞,2847,3249,6096
20210611,경의선,신촌,872,1095,1967
20210611,경의선,서울역,4324,5347,9671
20210611,경원선,소요산,2564,2207,4771
20210611,경원선,동두천,2225,2443,4668
20210611,경원선,보산,1709,1451,3160
20210611,경원선,동두천중앙,3011,2966,5977
20210611,경원선,지행,6482,6476,12958
20210611,경원선,응봉,1758,1519,3277
20210611,경원선,옥수,69,29,98
20210611,경원선,한남,4116,3904,8020
20210611,경원선,서빙고,1860,1724,3584
20210611,경부선,수원,35682,38456,74138
20210611,경부선,화서,7385,7207,14592
20210611,경부선,성균관대,15303,15006,30309
20210611,경부선,의왕,9421,9246,18667
20210611,경부선,군포,7835,7812,15647
20210611,경부선,금정,26677,26839,53516
20210611,경부선,명학,9075,8823,17898
20210611,경부선,안양,23964,23992,47956
20210611,경부선,관악,7211,6691,13902
20210611,경부선,석수,9796,8584,18380
20210611,경부선,금천구청,11950,11985,23935
20210611,경부선,가산디지털단지,18403,21245,39648
20210611,경부선,구로,19002,19579,38581
20210611,경부선,신길,9281,7786,17067
20210611,분당선,선릉,13364,19794,33158
20210611,경부선,독산,17002,17792,34794
20210611,경의선,강매,3177,2710,5887
20210611,경부선,세류,3091,2917,6008
20210611,경부선,세마,2797,2517,5314
20210611,경원선,이촌,3834,2906,6740
20210611,경부선,광명,3542,3338,6880
20210611,경부선,서동탄,1551,1421,2972
20210611,경부선,당정,6468,6068,12536
20210611,경부선,천안,5565,5732,11297
20210611,경부선,두정,5926,5984,11910
20210611,경부선,직산,870,791,1661
20210611,경부선,성환,4137,3763,7900
20210611,경부선,평택,12974,12333,25307
20210611,경부선,평택지제,3298,3095,6393
20210611,경부선,서정리,7221,6119,13340
20210611,경부선,송탄,4536,4174,8710
20210611,경부선,진위,1801,1390,3191
20210611,경부선,오산,10059,9687,19746
20210611,경부선,오산대,3555,3287,6842
20210611,경부선,병점,14849,14739,29588
20210611,경의선,행신,7706,7853,15559
20210611,경원선,왕십리,13560,15346,28906
20210611,경의선,곡산,574,602,1176
20210611,공항철도 1호선,서울역,8445,8850,17295
20210611,경춘선,춘천,1353,1203,2556
20210611,경춘선,남춘천,2536,2389,4925
20210611,경춘선,김유정,228,262,490
20210611,경춘선,강촌,388,410,798
20210611,경춘선,백양리,66,78,144
20210611,경춘선,굴봉산,106,101,207
20210611,경춘선,가평,1405,1656,3061
20210611,경춘선,상천,210,221,431
20210611,경춘선,청평,1448,1600,3048
20210611,경춘선,대성리,409,374,783
20210611,경춘선,마석,3946,3941,7887
20210611,경춘선,천마산,1721,1621,3342
20210611,경춘선,평내호평,6201,6196,12397
20210611,경춘선,금곡,1482,1453,2935
20210611,공항철도 1호선,홍대입구,9398,9476,18874
20210611,경춘선,사릉,3422,3356,6778
20210611,공항철도 1호선,디지털미디어시티,13880,12272,26152
20210611,공항철도 1호선,김포공항,12564,6974,19538
20210611,경의선,능곡,3758,3418,7176
20210611,과천선,인덕원,23805,24009,47814
20210611,과천선,정부과천청사,9936,9851,19787
20210611,과천선,과천,5520,5055,10575
20210611,과천선,대공원,2415,2528,4943
20210611,과천선,경마공원,1269,1268,2537
20210611,과천선,선바위,8280,7202,15482
20210611,공항철도 1호선,영종,2930,3036,5966
20210611,공항철도 1호선,인천공항2터미널,1863,1784,3647
20210611,공항철도 1호선,인천공항1터미널,2980,3368,6348
20210611,공항철도 1호선,공항화물청사,2321,2458,4779
20210611,공항철도 1호선,운서,6092,5991,12083
20210611,공항철도 1호선,청라국제도시,6494,6280,12774
20210611,공항철도 1호선,검암,6834,6631,13465
20210611,공항철도 1호선,계양,9240,8564,17804
20210611,공항철도 1호선,마곡나루,7870,7438,15308
20210611,경춘선,퇴계원,3602,3382,6984
20210611,공항철도 1호선,공덕,2226,2947,5173
20210611,과천선,평촌,17835,17576,35411
20210611,경인선,역곡,27743,27374,55117
20210611,경인선,오류동,11943,11127,23070
20210611,경인선,개봉,21435,21621,43056
20210611,경의선,임진강,19,16,35
20210611,경의선,문산,4967,4826,9793
20210611,경의선,파주,1363,912,2275
20210611,경의선,월롱,2499,2033,4532
20210611,경의선,금촌,6646,6592,13238
20210611,경의선,금릉,4672,4548,9220
20210611,경의선,운정,6680,6257,12937
20210611,경의선,야당,6802,6876,13678
20210611,경의선,탄현,7596,7426,15022
20210611,경의선,일산,8960,9057,18017
20210611,경의선,풍산,5537,5243,10780
20210611,경춘선,별내,3113,2952,6065
20210611,경인선,부천,32765,33566,66331
20210611,경인선,송내,27285,27400,54685
20210611,경의선,백마,6769,6570,13339
20210611,경인선,백운,7159,6954,14113
20210611,경인선,부평,30567,33301,63868
20210611,경춘선,신내,1616,1619,3235
20210611,경인선,도화,4138,3825,7963
20210611,경인선,중동,9263,8668,17931
20210611,경인선,온수,7048,6615,13663
20210611,경인선,도원,3295,3368,6663
20210611,경인선,간석,6072,5798,11870
20210611,경인선,부개,8522,7918,16440
20210611,경춘선,갈매,3195,2806,6001
20210611,경인선,구일,6311,6324,12635
20210611,경인선,인천,3290,2588,5878
20210611,경인선,동인천,13891,13241,27132
20210611,경인선,제물포,11273,10714,21987
20210611,경인선,주안,19310,17494,36804
20210611,경인선,동암,15158,15240,30398
20210611,경인선,소사,8660,8460,17120
20210614,6호선,안암,9974,10227,20201
20210614,6호선,보문,6893,6461,13354
20210614,6호선,창신,3614,2952,6566
20210614,6호선,동묘앞,7522,7782,15304
20210614,6호선,신당,7435,8053,15488
20210614,6호선,공덕,18277,17616,35893
20210614,6호선,청구,3697,4017,7714
20210614,6호선,한강진,6133,7192,13325
20210614,6호선,버티고개,2032,2023,4055
20210614,6호선,이태원,8502,8732,17234
20210614,6호선,녹사평,4442,4241,8683
20210614,6호선,삼각지,5538,4846,10384
20210614,6호선,효창공원앞,6866,6211,13077
20210614,6호선,고려대,7729,7428,15157
20210614,6호선,약수,3610,3506,7116
20210614,6호선,월곡,11140,11010,22150
20210614,7호선,수락산,12716,12548,25264
20210614,6호선,돌곶이,9045,8637,17682
20210614,6호선,대흥,7841,8131,15972
20210614,7호선,중화,10707,10567,21274
20210614,7호선,먹골,9856,9644,19500
20210614,7호선,태릉입구,8026,7517,15543
20210614,7호선,공릉,12256,12177,24433
20210614,7호선,하계,17312,16372,33684
20210614,7호선,중계,14496,13390,27886
20210614,7호선,노원,17961,19141,37102
20210614,7호선,마들,12294,11777,24071
20210614,7호선,도봉산,9218,10636,19854
20210614,7호선,장암,2391,891,3282
20210614,6호선,봉화산,8816,8148,16964
20210614,6호선,화랑대,11369,9057,20426
20210614,6호선,태릉입구,5207,5776,10983
20210614,6호선,석계,12116,12490,24606
20210614,6호선,상월곡,6293,5658,11951
20210614,6호선,광흥창,8938,8686,17624
20210614,5호선,군자,10624,11654,22278
20210614,6호선,합정,11962,11503,23465
20210614,5호선,개롱,6472,6808,13280
20210614,5호선,오금,3812,3692,7504
20210614,5호선,방이,6684,6891,13575
20210614,5호선,올림픽공원,4290,3760,8050
20210614,5호선,둔촌동,8488,8510,16998
20210614,5호선,상일동,15773,14245,30018
20210614,5호선,고덕,9167,9165,18332
20210614,5호선,명일,8447,8823,17270
20210614,5호선,굽은다리,9267,8794,18061
20210614,5호선,길동,8053,8355,16408
20210614,5호선,강동,18196,17474,35670
20210614,5호선,천호,15903,15939,31842
20210614,5호선,광나루,12560,11491,24051
20210614,5호선,아차산,14217,13657,27874
20210614,7호선,상봉,16676,15633,32309
20210614,5호선,거여,8460,8111,16571
20210614,6호선,상수,7760,8558,16318
20210614,5호선,마천,6304,6371,12675
20210614,5호선,미사,14487,14305,28792
20210614,6호선,망원,12973,14054,27027
20210614,6호선,마포구청,13913,12657,26570
20210614,6호선,월드컵경기장,4475,4633,9108
20210614,6호선,디지털미디어시티,13870,15167,29037
20210614,6호선,증산,9812,9763,19575
20210614,6호선,새절,12844,11988,24832
20210614,6호선,구산,7572,5827,13399
20210614,6호선,연신내,1,0,1
20210614,6호선,독바위,2779,2939,5718
20210614,6호선,불광,4270,4310,8580
20210614,6호선,역촌,3859,4339,8198
20210614,6호선,응암,17278,17267,34545
20210614,5호선,하남검단산,4708,4621,9329
20210614,5호선,하남시청,5155,5132,10287
20210614,5호선,하남풍산,3984,3947,7931
20210614,5호선,강일,3133,3264,6397
20210614,7호선,면목,16449,16051,32500
20210614,9호선,흑석,7447,7877,15324
20210614,7호선,용마산,6067,5958,12025
20210614,8호선,모란,5429,4291,9720
20210614,8호선,수진,5130,4801,9931
20210614,8호선,신흥,4441,4705,9146
20210614,8호선,단대오거리,10665,10377,21042
20210614,8호선,남한산성입구,15133,13948,29081
20210614,8호선,산성,6015,6144,12159
20210614,8호선,복정,10952,9652,20604
20210614,8호선,장지,16328,15792,32120
20210614,8호선,문정,21763,22921,44684
20210614,8호선,가락시장,7331,8137,15468
20210614,8호선,송파,7546,7585,15131
20210614,8호선,석촌,7405,8488,15893
20210614,8호선,잠실,12239,14316,26555
20210614,8호선,몽촌토성,5683,5891,11574
20210614,8호선,강동구청,10364,10827,21191
20210614,9호선,개화,2648,1821,4469
20210614,8호선,천호,13747,15552,29299
20210614,9호선,김포공항,7197,10432,17629
20210614,9호선,신방화,6660,6572,13232
20210614,5호선,장한평,17991,17858,35849
20210614,9호선,노들,4329,3608,7937
20210614,9호선,노량진,24670,24126,48796
20210614,9호선,샛강,5934,6092,12026
20210614,9호선,여의도,25213,24421,49634
20210614,9호선,국회의사당,15152,15672,30824
20210614,9호선,당산,17128,17291,34419
20210614,9호선,선유도,8235,8061,16296
20210614,9호선,신목동,4038,3635,7673
20210614,9호선,염창,16780,16533,33313
20210614,9호선,등촌,11163,10930,22093
20210614,9호선,증미,7396,7490,14886
20210614,9호선,가양,19837,19543,39380
20210614,9호선,양천향교,9700,9940,19640
20210614,9호선,마곡나루,10794,10966,21760
20210614,9호선,공항시장,2842,3167,6009
20210614,7호선,사가정,16221,16293,32514
20210614,8호선,암사,18677,16594,35271
20210614,7호선,굴포천,8958,9517,18475
20210614,7호선,숭실대입구,13384,13747,27131
20210614,7호선,남성,11186,10486,21672
20210614,7호선,이수,14949,14611,29560
20210614,7호선,내방,14297,14591,28888
20210614,7호선,고속터미널,15763,13117,28880
20210614,7호선,반포,5665,5450,11115
20210614,7호선,논현,20579,22052,42631
20210614,7호선,학동,24519,25832,50351
20210614,7호선,강남구청,15656,17230,32886
20210614,7호선,청담,19039,21194,40233
20210614,7호선,뚝섬유원지,8287,8104,16391
20210614,7호선,건대입구,11050,11269,22319
20210614,7호선,어린이대공원,11461,11386,22847
20210614,7호선,군자,14235,11793,26028
20210614,7호선,중곡,9930,9115,19045
20210614,7호선,상도,10225,9991,20216
20210614,7호선,부평구청,7853,6855,14708
20210614,7호선,장승배기,9521,9367,18888
20210614,7호선,보라매,9705,9891,19596
20210614,7호선,삼산체육관,5186,4680,9866
20210614,7호선,상동,12710,13141,25851
20210614,7호선,부천시청,11944,11750,23694
20210614,7호선,신중동,13828,13740,27568
20210614,7호선,춘의,9843,9757,19600
20210614,7호선,부천종합운동장,4744,4093,8837
20210614,7호선,까치울,7733,7556,15289
20210614,7호선,온수,11242,10447,21689
20210614,7호선,천왕,11576,11093,22669
20210614,7호선,광명사거리,22137,21629,43766
20210614,7호선,철산,21313,21826,43139
20210614,7호선,가산디지털단지,47928,48255,96183
20210614,7호선,남구로,16842,17573,34415
20210614,7호선,대림,8485,8277,16762
20210614,7호선,신풍,11743,11287,23030
20210614,7호선,신대방삼거리,16340,15780,32120
20210614,5호선,답십리,15476,14258,29734
20210614,3호선,신사,28380,30012,58392
20210614,5호선,왕십리,4329,4750,9079
20210614,2호선,아현,10061,9738,19799
20210614,2호선,이대,12442,13075,25517
20210614,2호선,신촌,28163,29392,57555
20210614,2호선,홍대입구,46796,48247,95043
20210614,2호선,합정,28160,29337,57497
20210614,2호선,당산,18510,21595,40105
20210614,2호선,충정로,10005,10471,20476
20210614,2호선,영등포구청,22949,23185,46134
20210614,2호선,신도림,45408,44024,89432
20210614,2호선,대림,24567,25162,49729
20210614,2호선,구로디지털단지,61142,61444,122586
20210614,2호선,신대방,25969,25159,51128
20210614,2호선,신림,60670,59305,119975
20210614,2호선,봉천,23954,22393,46347
20210614,2호선,문래,21184,21651,42835
20210614,2호선,용답,2543,2554,5097
20210614,2호선,신답,1564,1837,3401
20210614,2호선,신설동,3188,3125,6313
20210614,3호선,종로3가,9801,11085,20886
20210614,3호선,안국,18168,18721,36889
20210614,3호선,경복궁,17716,17404,35120
20210614,3호선,독립문,6793,6914,13707
20210614,3호선,무악재,3838,3880,7718
20210614,3호선,홍제,16797,15887,32684
20210614,3호선,녹번,14980,13709,28689
20210614,3호선,불광,16371,17288,33659
20210614,3호선,연신내,36591,34546,71137
20210614,3호선,구파발,20108,18978,39086
20210614,3호선,지축,4064,3992,8056
20210614,2호선,용두,2310,2421,4731
20210614,2호선,신정네거리,10165,10416,20581
20210614,2호선,양천구청,6684,7065,13749
20210614,2호선,도림천,1443,1448,2891
20210614,2호선,서울대입구,45555,45313,90868
20210614,2호선,낙성대,26388,25993,52381
20210614,2호선,사당,33716,37082,70798
20210614,2호선,방배,18176,19050,37226
20210614,2호선,동대문역사문화공원,10969,12175,23144
20210614,2호선,을지로4가,12794,12736,25530
20210614,2호선,을지로3가,21084,21051,42135
20210614,2호선,을지로입구,34072,34990,69062
20210614,2호선,시청,22359,21364,43723
20210614,1호선,청량리,19318,19546,38864
20210614,1호선,제기동,16308,16740,33048
20210614,1호선,신설동,13728,13528,27256
20210614,1호선,동대문,10907,10611,21518
20210614,1호선,종로5가,21707,21729,43436
20210614,1호선,종로3가,23903,21835,45738
20210614,1호선,종각,34144,33351,67495
20210614,1호선,시청,20110,20506,40616
20210614,1호선,동묘앞,7441,7738,15179
20210614,9호선,동작,1735,1449,3184
20210614,2호선,신당,12996,13356,26352
20210614,3호선,을지로3가,10370,10592,20962
20210614,2호선,상왕십리,13745,13477,27222
20210614,2호선,한양대,8537,9473,18010
20210614,2호선,서초,21189,20834,42023
20210614,2호선,교대,33130,37332,70462
20210614,2호선,강남,79342,78241,157583
20210614,2호선,역삼,51397,56985,108382
20210614,2호선,선릉,56137,50174,106311
20210614,2호선,삼성,48494,49157,97651
20210614,2호선,종합운동장,7288,8061,15349
20210614,2호선,잠실새내,19831,19703,39534
20210614,2호선,잠실,58190,58250,116440
20210614,2호선,잠실나루,14430,14170,28600
20210614,2호선,강변,28999,28100,57099
20210614,2호선,구의,22685,22423,45108
20210614,2호선,건대입구,30821,32916,63737
20210614,2호선,성수,33649,36819,70468
20210614,2호선,뚝섬,20305,21945,42250
20210614,2호선,왕십리,14822,11859,26681
20210614,3호선,동대입구,7115,7430,14545
20210614,3호선,약수,12787,12472,25259
20210614,3호선,옥수,8823,9249,18072
20210614,5호선,목동,16440,18117,34557
20210614,5호선,신정,13875,11218,25093
20210614,5호선,까치산,28315,27356,55671
20210614,5호선,화곡,27732,26029,53761
20210614,5호선,우장산,14406,14226,28632
20210614,5호선,발산,19512,19972,39484
20210614,5호선,마곡,10232,10284,20516
20210614,5호선,송정,6525,6090,12615
20210614,5호선,김포공항,6743,6317,13060
20210614,5호선,개화산,5483,5114,10597
20210614,5호선,방화,6679,6438,13117
20210614,4호선,쌍문,28910,26762,55672
20210614,4호선,창동,24622,26068,50690
20210614,4호선,노원,17397,19565,36962
20210614,4호선,상계,18805,17534,36339
20210614,5호선,오목교,20155,22025,42180
20210614,4호선,당고개,12694,11382,24076
20210614,5호선,양평,7474,7452,14926
20210614,5호선,영등포시장,9438,9792,19230
20210614,5호선,행당,8125,7253,15378
20210614,5호선,신금호,6289,6480,12769
20210614,5호선,청구,4064,3512,7576
20210614,5호선,동대문역사문화공원,2857,3246,6103
20210614,5호선,을지로4가,5890,6229,12119
20210614,5호선,종로3가,11012,10969,21981
20210614,5호선,광화문,28766,30242,59008
20210614,5호선,서대문,18805,19383,38188
20210614,5호선,충정로,4996,5131,10127
20210614,5호선,애오개,6763,6775,13538
20210614,5호선,공덕,14103,14989,29092
20210614,5호선,마포,14197,14359,28556
20210614,5호선,여의나루,9241,9874,19115
20210614,5호선,여의도,26936,28601,55537
20210614,5호선,신길,3996,4338,8334
20210614,5호선,영등포구청,3910,4122,8032
20210614,5호선,마장,5472,4975,10447
20210614,4호선,남태령,1179,1037,2216
20210614,4호선,총신대입구,18277,19833,38110
20210614,3호선,경찰병원,7341,7391,14732
20210614,3호선,가락시장,8818,8571,17389
20210614,3호선,수서,16316,16706,33022
20210614,3호선,일원,10230,9972,20202
20210614,3호선,대청,9952,9080,19032
20210614,3호선,학여울,1712,1723,3435
20210614,3호선,대치,10510,10687,21197
20210614,3호선,도곡,5384,5602,10986
20210614,3호선,매봉,12558,11945,24503
20210614,3호선,양재,37593,41200,78793
20210614,3호선,남부터미널,27564,28277,55841
20210614,3호선,교대,13749,9128,22877
20210614,3호선,고속터미널,37603,35333,72936
20210614,3호선,잠원,4695,4652,9347
20210614,3호선,압구정,28293,30055,58348
20210614,3호선,오금,6174,5560,11734
20210614,4호선,사당,23027,19454,42481
20210614,4호선,수유,32663,32639,65302
20210614,4호선,미아사거리,26190,25342,51532
20210614,4호선,동작,2416,2620,5036
20210614,4호선,이촌,6946,7895,14841
20210614,4호선,신용산,15481,16307,31788
20210614,4호선,삼각지,4830,5155,9985
20210614,4호선,숙대입구,12623,12186,24809
20210614,4호선,서울역,10310,14048,24358
20210614,4호선,회현,23529,24578,48107
20210614,4호선,명동,17177,17841,35018
20210614,4호선,충무로,25600,26661,52261
20210614,4호선,동대문역사문화공원,13908,12939,26847
20210614,4호선,동대문,20482,20902,41384
20210614,4호선,혜화,27512,27673,55185
20210614,4호선,한성대입구,12786,12509,25295
20210614,4호선,성신여대입구,18574,17695,36269
20210614,4호선,길음,19385,19108,38493
20210614,4호선,미아,14900,14245,29145
20210614,9호선,구반포,2685,2769,5454
20210614,1호선,서울역,41095,38464,79559
20210614,9호선,고속터미널,11584,14448,26032
20210614,분당선,보정,2504,2243,4747
20210614,분당선,이매,5606,5222,10828
20210614,분당선,오리,11584,9772,21356
20210614,분당선,미금,15111,16315,31426
20210614,분당선,정자,16914,17815,34729
20210614,분당선,수내,12107,12114,24221
20210614,분당선,죽전,12856,14021,26877
20210614,분당선,서현,23736,23956,47692
20210614,분당선,모란,23880,24671,48551
20210614,분당선,태평,13603,13239,26842
20210614,분당선,가천대,10315,11260,21575
20210614,분당선,선정릉,8040,8525,16565
20210614,분당선,강남구청,9632,10913,20545
20210614,분당선,압구정로데오,16342,17942,34284
20210614,분당선,야탑,25126,25994,51120
20210614,분당선,구성,4933,5155,10088
20210614,분당선,신갈,4433,4426,8859
20210614,분당선,기흥,9205,8734,17939
20210614,수인선,인하대,5833,5489,11322
20210614,수인선,송도,2671,2407,5078
20210614,수인선,연수,4552,4372,8924
20210614,수인선,원인재,4365,4659,9024
20210614,수인선,남동인더스파크,2243,2577,4820
20210614,수인선,호구포,3934,4228,8162
20210614,수인선,오목천,3129,2982,6111
20210614,수인선,고색,3965,3781,7746
20210614,분당선,매교,3019,2968,5987
20210614,분당선,수원시청,11811,12667,24478
20210614,분당선,매탄권선,4948,4771,9719
20210614,분당선,망포,13597,12973,26570
20210614,분당선,영통,7774,8029,15803
20210614,분당선,청명,4160,3914,8074
20210614,분당선,상갈,5434,5188,10622
20210614,분당선,서울숲,9773,9799,19572
20210614,분당선,수원,7900,6498,14398
20210614,분당선,수서,13489,13673,27162
20210614,분당선,대모산입구,3729,3592,7321
20210614,공항철도 1호선,검암,6583,6461,13044
20210614,공항철도 1호선,계양,9132,8536,17668
20210614,공항철도 1호선,김포공항,11659,6823,18482
20210614,공항철도 1호선,마곡나루,8113,7792,15905
20210614,공항철도 1호선,디지털미디어시티,14032,12722,26754
20210614,공항철도 1호선,홍대입구,8172,8270,16442
20210614,공항철도 1호선,공덕,2189,2760,4949
20210614,공항철도 1호선,서울역,6865,6260,13125
20210614,경춘선,춘천,1577,1523,3100
20210614,경춘선,김유정,269,269,538
20210614,경춘선,강촌,493,424,917
20210614,경춘선,백양리,65,73,138
20210614,경춘선,굴봉산,150,151,301
20210614,경춘선,가평,1589,1616,3205
20210614,경춘선,상천,299,294,593
20210614,공항철도 1호선,청라국제도시,6499,6007,12506
20210614,수인선,숭의,4118,3799,7917
20210614,공항철도 1호선,운서,5893,5965,11858
20210614,공항철도 1호선,인천공항1터미널,2847,3003,5850
20210614,분당선,개포동,3747,3800,7547
20210614,분당선,구룡,2131,2080,4211
20210614,분당선,도곡,6725,6657,13382
20210614,분당선,한티,12434,13513,25947
20210614,분당선,선릉,13498,20126,33624
20210614,과천선,범계,24104,23910,48014
20210614,과천선,평촌,17923,17820,35743
20210614,과천선,인덕원,23321,24075,47396
20210614,과천선,정부과천청사,10143,9984,20127
20210614,과천선,과천,5334,4930,10264
20210614,과천선,대공원,2383,2505,4888
20210614,과천선,경마공원,971,946,1917
20210614,과천선,선바위,8362,7335,15697
20210614,공항철도 1호선,영종,2989,2979,5968
20210614,공항철도 1호선,인천공항2터미널,1806,1678,3484
20210614,공항철도 1호선,공항화물청사,2203,2398,4601
20210614,수인선,신포,1832,1835,3667
20210614,수인선,인천,989,1570,2559
20210614,안산선,산본,15680,16889,32569
20210614,중앙선,양원,1810,1750,3560
20210614,중앙선,망우,7674,7456,15130
20210614,중앙선,상봉,5872,5850,11722
20210614,중앙선,중랑,5440,5111,10551
20210614,중앙선,회기,22804,22297,45101
20210614,장항선,신창,1417,1572,2989
20210614,수인선,인천논현,5720,6015,11735
20210614,수인선,소래포구,5388,5041,10429
20210614,수인선,월곶,2576,2435,5011
20210614,수인선,달월,83,58,141
20210614,수인선,사리,4156,3754,7910
20210614,수인선,야목,259,211,470
20210614,수인선,어천,686,756,1442
20210614,장항선,온양온천,4101,4185,8286
20210614,장항선,배방,987,964,1951
20210614,중앙선,구리,13020,13256,26276
20210614,장항선,아산,3158,2713,5871
20210614,중앙선,도농,9816,8746,18562
20210614,중앙선,덕소,5657,5529,11186
20210614,경춘선,남춘천,2109,2243,4352
20210614,3호선,금호,7911,7521,15432
20210614,경의선,능곡,3658,3385,7043
20210614,중앙선,지평,53,68,121
20210614,중앙선,용문,1787,1708,3495
20210614,중앙선,원덕,366,334,700
20210614,중앙선,양평,2597,2651,5248
20210614,중앙선,오빈,296,263,559
20210614,중앙선,아신,553,551,1104
20210614,중앙선,국수,762,752,1514
20210614,중앙선,신원,215,176,391
20210614,중앙선,양수,1828,1900,3728
20210614,중앙선,운길산,825,790,1615
20210614,중앙선,팔당,832,818,1650
20210614,중앙선,도심,2539,2007,4546
20210614,중앙선,양정,843,709,1552
20210614,경춘선,청평,1711,1627,3338
20210614,장항선,쌍용,2471,2425,4896
20210614,일산선,대화,12978,10176,23154
20210614,우이신설선,4.19민주묘지,2830,2806,5636
20210614,우이신설선,솔밭공원,2491,2367,4858
20210614,우이신설선,북한산우이,2560,2404,4964
20210614,안산선,수리산,4399,3541,7940
20210614,안산선,오이도,8628,8106,16734
20210614,안산선,정왕,9330,10024,19354
20210614,안산선,신길온천,1786,1638,3424
20210614,안산선,안산,11965,10881,22846
20210614,안산선,초지,5015,5407,10422
20210614,안산선,고잔,8844,8351,17195
20210614,안산선,중앙,17169,17827,34996
20210614,안산선,한대앞,9594,9559,19153
20210614,안산선,상록수,16318,16328,32646
20210614,안산선,반월,4346,4185,8531
20210614,안산선,대야미,4906,4549,9455
20210614,우이신설선,가오리,4010,3969,7979
20210614,장항선,봉명,1295,1236,2531
20210614,우이신설선,화계,3226,3112,6338
20210614,우이신설선,삼양사거리,2414,2534,4948
20210614,일산선,주엽,8821,8725,17546
20210614,일산선,정발산,6421,6583,13004
20210614,일산선,마두,7354,7617,14971
20210614,일산선,백석,9914,9694,19608
20210614,일산선,대곡,1883,1419,3302
20210614,일산선,화정,16257,16770,33027
20210614,일산선,원당,11197,10763,21960
20210614,일산선,삼송,18052,17754,35806
20210614,일산선,원흥,10074,9560,19634
20210614,우이신설선,신설동,2156,2090,4246
20210614,우이신설선,보문,1463,1431,2894
20210614,우이신설선,성신여대입구,3046,3360,6406
20210614,우이신설선,정릉,4356,4018,8374
20210614,우이신설선,북한산보국문,5643,5522,11165
20210614,우이신설선,솔샘,5581,5389,10970
20210614,우이신설선,삼양,2039,2165,4204
20210614,경춘선,대성리,528,466,994
20210614,9호선,신반포,3212,3211,6423
20210614,경춘선,천마산,1749,1599,3348
20210614,경부선,오산,9782,9914,19696
20210614,경부선,오산대,3669,3427,7096
20210614,경부선,세마,2721,2540,5261
20210614,경부선,병점,14210,14337,28547
20210614,경부선,세류,3106,2831,5937
20210614,경부선,독산,17310,18248,35558
20210614,경부선,수원,33481,34701,68182
20210614,경부선,화서,7627,7270,14897
20210614,경부선,성균관대,14419,14526,28945
20210614,경부선,의왕,9192,9205,18397
20210614,경부선,군포,7741,7797,15538
20210614,경부선,금정,26129,26721,52850
20210614,경부선,명학,9066,9223,18289
20210614,경부선,안양,24898,24979,49877
20210614,경부선,관악,7307,6665,13972
20210614,경부선,진위,1574,1423,2997
20210614,경춘선,마석,4038,3895,7933
20210614,경부선,송탄,4060,3864,7924
20210614,경부선,평택지제,3020,2815,5835
20210614,경원선,청량리,13422,13646,27068
20210614,경원선,왕십리,12846,14725,27571
20210614,경원선,응봉,1797,1491,3288
20210614,경원선,옥수,45,36,81
20210614,경원선,한남,4046,3881,7927
20210614,경원선,서빙고,1856,1695,3551
20210614,경원선,이촌,3761,2890,6651
20210614,경부선,광명,3334,2824,6158
20210614,경부선,서동탄,1553,1333,2886
20210614,경부선,당정,6349,6006,12355
20210614,경부선,천안,5244,5226,10470
20210614,경부선,두정,5194,5546,10740
20210614,경부선,직산,754,752,1506
20210614,경부선,성환,4367,4576,8943
20210614,경부선,평택,11835,11731,23566
20210614,경부선,서정리,6974,6728,13702
20210614,경원선,외대앞,6447,6673,13120
20210614,경부선,금천구청,11926,11886,23812
20210614,경부선,구로,19176,19302,38478
20210614,9호선2~3단계,중앙보훈병원,10476,9279,19755
20210614,9호선2~3단계,둔촌오륜,1250,1113,2363
20210614,9호선2~3단계,올림픽공원,5505,5521,11026
20210614,9호선2~3단계,한성백제,2359,2195,4554
20210614,9호선2~3단계,송파나루,4442,4758,9200
20210614,9호선2~3단계,석촌,7796,7004,14800
20210614,9호선2~3단계,석촌고분,5779,5681,11460
20210614,9호선2~3단계,삼전,6527,6341,12868
20210614,9호선2~3단계,종합운동장,3908,4001,7909
20210614,9호선2~3단계,봉은사,14664,14666,29330
20210614,9호선2~3단계,삼성중앙,6682,7150,13832
20210614,9호선2~3단계,선정릉,9521,10227,19748
20210614,9호선2~3단계,언주,10046,10469,20515
20210614,9호선,신논현,29758,29682,59440
20210614,9호선,사평,3152,3184,6336
20210614,경강선,판교,3947,3903,7850
20210614,경부선,가산디지털단지,18782,21662,40444
20210614,경강선,이매,1180,970,2150
20210614,경강선,경기광주,6994,6639,13633
20210614,경부선,신길,9320,7962,17282
20210614,경부선,신도림,4125,4101,8226
20210614,경부선,영등포,34090,35041,69131
20210614,경부선,대방,12848,13074,25922
20210614,경부선,노량진,7816,8185,16001
20210614,경부선,용산,30359,30719,61078
20210614,경부선,남영,9079,9645,18724
20210614,경부선,서울역,5508,1697,7205
20210614,경강선,여주,1879,2012,3891
20210614,경강선,세종대왕릉,268,235,503
20210614,경강선,부발,1695,1767,3462
20210614,경강선,이천,2355,2574,4929
20210614,경강선,신둔도예촌,1433,1281,2714
20210614,경강선,곤지암,2265,2271,4536
20210614,경강선,초월,3103,3007,6110
20210614,경강선,삼동,2407,2197,4604
20210614,경원선,신이문,8315,7720,16035
20210614,경부선,석수,9985,8915,18900
20210614,경원선,광운대,9586,9283,18869
20210614,경인선,동암,15123,14937,30060
20210614,경인선,백운,7350,7198,14548
20210614,경인선,부평,29105,30720,59825
20210614,경인선,송내,27156,27403,54559
20210614,경인선,부천,32734,32611,65345
20210614,경인선,역곡,27428,27122,54550
20210614,경인선,오류동,12070,11438,23508
20210614,경인선,개봉,21284,21647,42931
20210614,경의선,계양,1,0,1
20210614,경의선,임진강,16,21,37
20210614,경의선,문산,5327,5185,10512
20210614,경의선,파주,1817,1369,3186
20210614,경의선,월롱,2750,2717,5467
20210614,경의선,금촌,6211,6229,12440
20210614,경의선,금릉,4566,4466,9032
20210614,경인선,제물포,11403,11050,22453
20210614,경의선,운정,6627,6227,12854
20210614,경인선,동인천,13711,12878,26589
20210614,경인선,구일,6313,6405,12718
20210614,경원선,석계,7945,9202,17147
20210614,경춘선,평내호평,6408,6194,12602
20210614,경춘선,금곡,1550,1482,3032
20210614,경춘선,사릉,3547,3423,6970
20210614,경춘선,퇴계원,3595,3288,6883
20210614,경춘선,별내,3011,2905,5916
20210614,경춘선,갈매,3039,2695,5734
20210614,경춘선,신내,1795,1701,3496
20210614,경인선,도화,4256,3942,8198
20210614,경인선,중동,9449,8805,18254
20210614,경인선,온수,7122,6823,13945
20210614,경인선,도원,3518,3597,7115
20210614,경인선,간석,6007,5724,11731
20210614,경인선,부개,8701,8038,16739
20210614,경인선,소사,9134,8766,17900
20210614,경인선,인천,3247,2486,5733
20210614,경의선,야당,6736,6555,13291
20210614,경인선,주안,18747,16936,35683
20210614,경의선,일산,9347,9236,18583
20210614,경원선,지행,6252,6334,12586
20210614,경원선,덕정,6044,5948,11992
20210614,경원선,덕계,3188,2766,5954
20210614,경원선,양주,7709,7162,14871
20210614,경원선,녹양,4559,4418,8977
20210614,경원선,가능,6672,6478,13150
20210614,경원선,의정부,17488,17765,35253
20210614,경원선,회룡,12334,12259,24593
20210614,경원선,망월사,7480,7577,15057
20210614,경원선,도봉산,7471,4749,12220
20210614,경원선,도봉,5923,5653,11576
20210614,경원선,방학,9551,9276,18827
20210614,경원선,창동,2,0,2
20210614,경원선,녹천,4627,3967,8594
20210614,경의선,탄현,7730,7293,15023
20210614,경원선,동두천중앙,3115,2975,6090
20210614,경원선,보산,1405,1295,2700
20210614,경원선,월계,6971,6501,13472
20210614,경원선,소요산,2934,2401,5335
20210614,경원선,동두천,2329,2578,4907
20210614,경의선,백마,6978,6631,13609
20210614,경의선,곡산,645,649,1294
20210614,경의선,행신,7720,7734,15454
20210614,경의선,강매,3252,2836,6088
20210614,경의선,화전,1562,1443,3005
20210614,경의선,수색,2925,3010,5935
20210614,경의선,디지털미디어시티,2537,2391,4928
20210614,경의선,풍산,5517,5137,10654
20210614,경의선,홍대입구,1527,1643,3170
20210614,경의선,서강대,1963,1840,3803
20210614,경의선,공덕,3442,3145,6587
20210614,경의선,효창공원앞,2794,3193,5987
20210614,경의선,신촌,862,1116,1978
20210614,경의선,서울역,4238,5481,9719
20210614,경의선,가좌,5453,5075,10528
20210615,분당선,신갈,4430,4390,8820
20210615,분당선,구성,4927,5013,9940
20210615,분당선,죽전,12702,14005,26707
20210615,분당선,보정,2487,2138,4625
20210615,분당선,이매,5504,5130,10634
20210615,분당선,가천대,7651,8734,16385
20210615,분당선,오리,11501,9787,21288
20210615,분당선,수내,12774,12858,25632
20210615,분당선,정자,17262,18048,35310
20210615,분당선,서현,23325,23670,46995
20210615,분당선,야탑,25049,25989,51038
20210615,분당선,모란,18953,19105,38058
20210615,분당선,태평,13104,12626,25730
20210615,분당선,기흥,9206,8784,17990
20210615,분당선,미금,15083,16093,31176
20210615,분당선,상갈,5328,5152,10480
20210615,수인선,어천,686,694,1380
20210615,분당선,영통,7712,7861,15573
20210615,분당선,선정릉,8000,8565,16565
20210615,수인선,남동인더스파크,2298,2599,4897
20210615,수인선,호구포,3972,4107,8079
20210615,수인선,인천논현,5508,5873,11381
20210615,수인선,소래포구,4965,4775,9740
20210615,수인선,월곶,2452,2312,4764
20210615,수인선,달월,98,60,158
20210615,수인선,사리,4057,3747,7804
20210615,수인선,야목,256,197,453
20210615,수인선,오목천,3054,2879,5933
20210615,수인선,고색,4012,3820,7832
20210615,분당선,매교,2895,2941,5836
20210615,분당선,수원시청,11923,12759,24682
20210615,분당선,매탄권선,4935,4761,9696
20210615,분당선,망포,13880,13186,27066
20210615,분당선,청명,4210,3996,8206
20210615,분당선,강남구청,9719,11177,20896
20210615,경춘선,백양리,59,58,117
20210615,분당선,서울숲,9769,9896,19665
20210615,공항철도 1호선,공항화물청사,2293,2456,4749
20210615,공항철도 1호선,운서,5874,5932,11806
20210615,공항철도 1호선,청라국제도시,6360,6085,12445
20210615,공항철도 1호선,검암,6518,6468,12986
20210615,공항철도 1호선,계양,9150,8445,17595
20210615,공항철도 1호선,김포공항,10714,6243,16957
20210615,공항철도 1호선,마곡나루,8214,7791,16005
20210615,공항철도 1호선,디지털미디어시티,14076,12976,27052
20210615,공항철도 1호선,홍대입구,8248,8262,16510
20210615,공항철도 1호선,공덕,2153,2685,4838
20210615,공항철도 1호선,서울역,6620,6032,12652
20210615,경춘선,춘천,1620,1564,3184
20210615,경춘선,남춘천,2025,2142,4167
20210615,경춘선,김유정,273,287,560
20210615,경춘선,강촌,476,416,892
20210615,공항철도 1호선,인천공항1터미널,2756,2943,5699
20210615,분당선,압구정로데오,17603,19216,36819
20210615,공항철도 1호선,인천공항2터미널,1708,1726,3434
20210615,과천선,선바위,8472,7385,15857
20210615,분당선,수원,7656,6335,13991
20210615,분당선,수서,13101,13337,26438
20210615,분당선,대모산입구,3421,3129,6550
20210615,분당선,개포동,3687,3814,7501
20210615,분당선,구룡,2075,2036,4111
20210615,분당선,도곡,6588,6580,13168
20210615,분당선,한티,13519,14607,28126
20210615,분당선,선릉,13821,20168,33989
20210615,과천선,범계,24912,24556,49468
20210615,과천선,평촌,17844,17686,35530
20210615,과천선,인덕원,23147,23976,47123
20210615,과천선,정부과천청사,9902,9930,19832
20210615,과천선,과천,5357,4896,10253
20210615,과천선,대공원,2153,2234,4387
20210615,과천선,경마공원,1300,1258,2558
20210615,공항철도 1호선,영종,2844,2803,5647
20210615,수인선,원인재,4338,4559,8897
20210615,2호선,합정,29067,30439,59506
20210615,수인선,송도,2559,2339,4898
20210615,우이신설선,정릉,4385,4165,8550
20210615,우이신설선,성신여대입구,3008,3279,6287
20210615,우이신설선,보문,1415,1437,2852
20210615,우이신설선,신설동,2218,2074,4292
20210615,일산선,원흥,10091,9574,19665
20210615,일산선,삼송,17880,17637,35517
20210615,일산선,원당,10932,10528,21460
20210615,일산선,화정,16327,16820,33147
20210615,일산선,대곡,1834,1400,3234
20210615,일산선,백석,9714,9678,19392
20210615,일산선,마두,7208,7465,14673
20210615,일산선,정발산,6649,6738,13387
20210615,일산선,주엽,8639,8589,17228
20210615,일산선,대화,12750,9987,22737
20210615,장항선,봉명,1266,1232,2498
20210615,우이신설선,북한산보국문,5688,5444,11132
20210615,장항선,쌍용,2064,1842,3906
20210615,2호선,역삼,51614,57990,109604
20210615,2호선,교대,33963,38358,72321
20210615,경춘선,굴봉산,128,153,281
20210615,2호선,당산,18866,21698,40564
20210615,2호선,영등포구청,23001,23457,46458
20210615,2호선,문래,21361,22027,43388
20210615,2호선,신도림,47126,46005,93131
20210615,2호선,대림,24193,24689,48882
20210615,2호선,구로디지털단지,61573,61967,123540
20210615,2호선,신대방,26267,25561,51828
20210615,2호선,신림,61145,59217,120362
20210615,2호선,봉천,23954,22275,46229
20210615,2호선,서울대입구,45445,44545,89990
20210615,2호선,낙성대,26653,25986,52639
20210615,2호선,사당,34708,37845,72553
20210615,2호선,방배,17314,18161,35475
20210615,2호선,서초,21916,21555,43471
20210615,2호선,강남,80554,79142,159696
20210615,수인선,연수,4560,4375,8935
20210615,장항선,아산,2643,2516,5159
20210615,장항선,온양온천,3047,3070,6117
20210615,안산선,정왕,9065,9465,18530
20210615,안산선,신길온천,1640,1568,3208
20210615,안산선,안산,11607,10387,21994
20210615,안산선,초지,4958,5465,10423
20210615,안산선,고잔,8739,8382,17121
20210615,안산선,중앙,17151,17835,34986
20210615,안산선,한대앞,9921,9921,19842
20210615,안산선,상록수,15782,15950,31732
20210615,안산선,반월,4313,4128,8441
20210615,안산선,대야미,4899,4495,9394
20210615,안산선,산본,15531,16685,32216
20210615,수인선,인천,885,1501,2386
20210615,수인선,신포,1856,1874,3730
20210615,수인선,숭의,3932,3729,7661
20210615,수인선,인하대,5830,5579,11409
20210615,안산선,오이도,8393,7988,16381
20210615,장항선,배방,971,897,1868
20210615,안산선,수리산,4258,3402,7660
20210615,우이신설선,솔밭공원,2333,2251,4584
20210615,장항선,신창,1364,1312,2676
20210615,중앙선,회기,23351,22674,46025
20210615,중앙선,중랑,5446,5118,10564
20210615,중앙선,상봉,5800,5819,11619
20210615,중앙선,망우,7621,7371,14992
20210615,중앙선,양원,1824,1806,3630
20210615,중앙선,구리,13299,13458,26757
20210615,중앙선,도농,9827,8850,18677
20210615,중앙선,양정,825,731,1556
20210615,우이신설선,솔샘,5508,5266,10774
20210615,우이신설선,삼양사거리,2254,2400,4654
20210615,우이신설선,삼양,1950,2064,4014
20210615,우이신설선,화계,3307,3079,6386
20210615,우이신설선,가오리,3904,3918,7822
20210615,우이신설선,4.19민주묘지,2810,2731,5541
20210615,우이신설선,북한산우이,2381,2206,4587
20210615,경춘선,가평,1524,1515,3039
20210615,경원선,녹천,4695,3908,8603
20210615,경춘선,청평,1457,1391,2848
20210615,경부선,진위,1579,1300,2879
20210615,경부선,오산,9466,9357,18823
20210615,경부선,오산대,3737,3546,7283
20210615,경부선,세마,2610,2373,4983
20210615,경부선,병점,14197,14295,28492
20210615,경부선,세류,3009,2821,5830
20210615,경부선,송탄,4020,3757,7777
20210615,경부선,독산,17458,18488,35946
20210615,경부선,화서,7456,7214,14670
20210615,경부선,성균관대,13545,13465,27010
20210615,경부선,의왕,9419,9350,18769
20210615,경부선,군포,7752,7669,15421
20210615,경부선,금정,26003,26447,52450
20210615,경부선,명학,9173,9148,18321
20210615,경부선,수원,33082,34727,67809
20210615,경부선,서정리,6131,5857,11988
20210615,경부선,평택지제,2866,2727,5593
20210615,경부선,평택,10960,10857,21817
20210615,경원선,외대앞,6625,6624,13249
20210615,경원선,청량리,13863,14587,28450
20210615,경원선,왕십리,13126,14586,27712
20210615,경원선,응봉,1791,1521,3312
20210615,경원선,옥수,54,37,91
20210615,경원선,한남,4150,3873,8023
20210615,경원선,서빙고,1936,1770,3706
20210615,경원선,이촌,3733,2932,6665
20210615,경부선,광명,3096,2637,5733
20210615,경부선,서동탄,1466,1270,2736
20210615,경부선,당정,6298,5987,12285
20210615,경부선,천안,4785,4916,9701
20210615,경부선,두정,5299,5402,10701
20210615,경부선,직산,673,763,1436
20210615,경부선,성환,3563,3598,7161
20210615,경부선,안양,24875,25023,49898
20210615,경부선,관악,7215,6677,13892
20210615,경부선,석수,9767,8750,18517
20210615,경부선,금천구청,11792,11841,23633
20210615,경강선,이매,1162,1017,2179
20210615,경강선,판교,4422,4446,8868
20210615,9호선2~3단계,중앙보훈병원,10344,9246,19590
20210615,9호선2~3단계,둔촌오륜,1264,1058,2322
20210615,9호선2~3단계,올림픽공원,5386,5327,10713
20210615,9호선2~3단계,한성백제,2301,2193,4494
20210615,9호선2~3단계,송파나루,4430,4843,9273
20210615,9호선2~3단계,석촌,7769,7100,14869
20210615,9호선2~3단계,석촌고분,5794,5822,11616
20210615,9호선2~3단계,삼전,6561,6321,12882
20210615,9호선2~3단계,종합운동장,4032,4127,8159
20210615,9호선2~3단계,봉은사,15228,15609,30837
20210615,9호선2~3단계,삼성중앙,6778,7029,13807
20210615,9호선2~3단계,선정릉,9614,10422,20036
20210615,2호선,홍대입구,46827,48661,95488
20210615,경강선,삼동,2333,2181,4514
20210615,경원선,신이문,8387,7741,16128
20210615,경강선,경기광주,7117,6746,13863
20210615,경강선,곤지암,2204,2150,4354
20210615,경부선,가산디지털단지,18673,21690,40363
20210615,경부선,구로,18816,19145,37961
20210615,경부선,신길,9457,7931,17388
20210615,경부선,신도림,4261,4262,8523
20210615,경부선,영등포,34742,35532,70274
20210615,경부선,대방,13059,13261,26320
20210615,경부선,노량진,7983,8055,16038
20210615,경부선,용산,29566,29990,59556
20210615,경부선,남영,9250,9644,18894
20210615,경부선,서울역,4839,1561,6400
20210615,경강선,여주,2092,2087,4179
20210615,경강선,세종대왕릉,281,264,545
20210615,경강선,부발,1862,1785,3647
20210615,경강선,이천,2323,2466,4789
20210615,경강선,신둔도예촌,1417,1279,2696
20210615,경강선,초월,3026,2857,5883
20210615,경원선,석계,7916,8975,16891
20210615,경원선,광운대,8595,8161,16756
20210615,경원선,월계,6618,6259,12877
20210615,경인선,동인천,13591,12981,26572
20210615,경인선,제물포,11367,10812,22179
20210615,경인선,주안,18050,16515,34565
20210615,경인선,동암,15070,14993,30063
20210615,경인선,백운,7159,7041,14200
20210615,경인선,부평,28303,29894,58197
20210615,경인선,송내,27314,27607,54921
20210615,경인선,부천,31830,31879,63709
20210615,경인선,역곡,27596,27278,54874
20210615,경인선,오류동,11841,11100,22941
20210615,경인선,개봉,21236,21328,42564
20210615,경의선,임진강,15,10,25
20210615,경의선,문산,4730,4716,9446
20210615,경의선,파주,1896,1397,3293
20210615,경의선,월롱,2751,2592,5343
20210615,경인선,인천,3204,2294,5498
20210615,경의선,금촌,5953,5928,11881
20210615,경인선,구일,6719,6896,13615
20210615,경인선,부개,8448,7962,16410
20210615,경춘선,대성리,410,378,788
20210615,경춘선,마석,3918,3853,7771
20210615,경춘선,천마산,1655,1597,3252
20210615,경춘선,평내호평,6131,6120,12251
20210615,경춘선,금곡,1566,1549,3115
20210615,경춘선,사릉,3587,3401,6988
20210615,경춘선,퇴계원,3602,3366,6968
20210615,경춘선,별내,3050,2880,5930
20210615,경춘선,갈매,3108,2767,5875
20210615,경춘선,신내,1710,1759,3469
20210615,경인선,도화,4177,3927,8104
20210615,경인선,중동,9182,8795,17977
20210615,경인선,온수,7131,6731,13862
20210615,경인선,도원,3385,3475,6860
20210615,경인선,간석,5821,5639,11460
20210615,경인선,소사,8959,8756,17715
20210615,경춘선,상천,241,220,461
20210615,경의선,금릉,4399,4374,8773
20210615,경의선,야당,6593,6561,13154
20210615,경원선,동두천,2315,2537,4852
20210615,경원선,보산,1403,1258,2661
20210615,경원선,동두천중앙,3029,2942,5971
20210615,경원선,지행,6075,6109,12184
20210615,경원선,덕정,5952,5703,11655
20210615,경원선,덕계,3034,2725,5759
20210615,경원선,양주,7445,6911,14356
20210615,경원선,녹양,4534,4320,8854
20210615,경원선,가능,6483,6232,12715
20210615,경원선,의정부,16883,17517,34400
20210615,경원선,회룡,12110,12045,24155
20210615,경원선,망월사,7204,7433,14637
20210615,경원선,도봉산,6723,4186,10909
20210615,경원선,도봉,5930,5751,11681
20210615,경원선,방학,9302,8997,18299
20210615,경원선,소요산,2119,1699,3818
20210615,경의선,운정,6596,6160,12756
20210615,경의선,서울역,4162,5116,9278
20210615,경의선,효창공원앞,2884,3270,6154
20210615,경의선,탄현,7545,7275,14820
20210615,경의선,일산,9246,9243,18489
20210615,경의선,풍산,5496,5155,10651
20210615,경의선,백마,6981,6808,13789
20210615,경의선,곡산,572,589,1161
20210615,경의선,능곡,3701,3351,7052
20210615,경의선,행신,7788,7702,15490
20210615,경의선,강매,3277,2853,6130
20210615,경의선,화전,2722,2543,5265
20210615,경의선,수색,2899,3038,5937
20210615,경의선,디지털미디어시티,2588,2363,4951
20210615,경의선,가좌,5419,5045,10464
20210615,경의선,홍대입구,1536,1643,3179
20210615,경의선,서강대,2021,1927,3948
20210615,경의선,공덕,3505,3114,6619
20210615,경의선,신촌,854,1065,1919
20210615,9호선2~3단계,언주,10056,10332,20388
20210615,2호선,신촌,29698,30945,60643
20210615,2호선,이대,12082,12565,24647
20210615,9호선,동작,1759,1445,3204
20210615,9호선,흑석,7346,7632,14978
20210615,9호선,노들,4291,3646,7937
20210615,9호선,노량진,24695,24086,48781
20210615,9호선,샛강,5836,6163,11999
20210615,9호선,여의도,26711,25250,51961
20210615,9호선,구반포,2584,2682,5266
20210615,9호선,국회의사당,15619,16032,31651
20210615,9호선,선유도,8408,8029,16437
20210615,9호선,신목동,3890,3420,7310
20210615,9호선,염창,16666,16324,32990
20210615,9호선,등촌,11152,10901,22053
20210615,9호선,증미,7471,7584,15055
20210615,9호선,가양,19952,19558,39510
20210615,9호선,당산,17306,17294,34600
20210615,9호선,신반포,3099,3058,6157
20210615,9호선,고속터미널,11159,14199,25358
20210615,1호선,서울역,40401,38002,78403
20210615,5호선,영등포시장,9359,9739,19098
20210615,9호선,신논현,29983,29947,59930
20210615,9호선,사평,3265,3152,6417
20210615,2호선,을지로3가,21699,21637,43336
20210615,2호선,을지로입구,37649,38992,76641
20210615,2호선,시청,22846,21996,44842
20210615,1호선,청량리,19022,18890,37912
20210615,1호선,제기동,15593,15613,31206
20210615,1호선,신설동,13690,13324,27014
20210615,1호선,동대문,10437,9933,20370
20210615,1호선,종로5가,21364,21563,42927
20210615,1호선,종로3가,24117,21767,45884
20210615,1호선,종각,33811,33348,67159
20210615,1호선,시청,20977,21334,42311
20210615,1호선,동묘앞,6941,7200,14141
20210615,9호선,양천향교,9651,9838,19489
20210615,9호선,마곡나루,10970,11125,22095
20210615,9호선,신방화,6725,6580,13305
20210615,9호선,공항시장,2911,3046,5957
20210615,3호선,교대,14276,9297,23573
20210615,3호선,고속터미널,35905,34158,70063
20210615,3호선,잠원,4745,4608,9353
20210615,8호선,복정,11157,9897,21054
20210615,8호선,장지,16759,15968,32727
20210615,8호선,문정,22049,23280,45329
20210615,8호선,가락시장,7329,8069,15398
20210615,8호선,송파,7631,7446,15077
20210615,8호선,석촌,7396,8343,15739
20210615,8호선,잠실,12666,14986,27652
20210615,8호선,몽촌토성,5679,5933,11612
20210615,8호선,강동구청,10272,10668,20940
20210615,8호선,천호,14285,16301,30586
20210615,8호선,암사,18492,16363,34855
20210615,7호선,부평구청,7898,6850,14748
20210615,3호선,남부터미널,27842,28811,56653
20210615,5호선,신길,4085,4351,8436
20210615,3호선,양재,38295,41588,79883
20210615,3호선,도곡,5409,5472,10881
20210615,9호선,김포공항,7122,10112,17234
20210615,9호선,개화,2556,1763,4319
20210615,8호선,모란,3968,3044,7012
20210615,8호선,수진,4829,4367,9196
20210615,8호선,신흥,4143,4463,8606
20210615,8호선,단대오거리,10373,9888,20261
20210615,8호선,남한산성입구,13614,12539,26153
20210615,8호선,산성,5854,5911,11765
20210615,3호선,경찰병원,7370,7385,14755
20210615,3호선,가락시장,8754,8396,17150
20210615,3호선,수서,16369,16753,33122
20210615,3호선,일원,10110,9889,19999
20210615,3호선,대청,9843,8884,18727
20210615,3호선,학여울,2622,2623,5245
20210615,3호선,대치,10600,10709,21309
20210615,3호선,매봉,12458,11914,24372
20210615,5호선,여의나루,10408,11217,21625
20210615,5호선,마포,14226,14579,28805
20210615,5호선,공덕,14313,15186,29499
20210615,6호선,공덕,18341,17576,35917
20210615,6호선,대흥,7840,8080,15920
20210615,6호선,광흥창,8857,8454,17311
20210615,6호선,상수,7560,8286,15846
20210615,6호선,합정,12175,12122,24297
20210615,6호선,망원,13231,14335,27566
20210615,6호선,마포구청,13952,12702,26654
20210615,6호선,월드컵경기장,4070,4343,8413
20210615,6호선,디지털미디어시티,14038,15147,29185
20210615,6호선,증산,9988,9662,19650
20210615,6호선,새절,13126,12277,25403
20210615,6호선,구산,7587,5714,13301
20210615,6호선,연신내,1,0,1
20210615,6호선,독바위,2751,2822,5573
20210615,6호선,불광,4090,4090,8180
20210615,6호선,효창공원앞,6950,6298,13248
20210615,6호선,역촌,3666,4318,7984
20210615,6호선,삼각지,5710,5079,10789
20210615,2호선,동대문역사문화공원,11164,12426,23590
20210615,2호선,선릉,56258,50314,106572
20210615,2호선,삼성,49590,50846,100436
20210615,2호선,종합운동장,8312,8969,17281
20210615,2호선,잠실새내,19994,19770,39764
20210615,2호선,잠실,62256,62058,124314
20210615,2호선,잠실나루,14755,14290,29045
20210615,2호선,강변,28553,27334,55887
20210615,2호선,구의,23072,22812,45884
20210615,2호선,건대입구,31233,33433,64666
20210615,2호선,성수,34565,38376,72941
20210615,2호선,뚝섬,21201,23142,44343
20210615,2호선,한양대,10984,12294,23278
20210615,2호선,왕십리,15543,11963,27506
20210615,2호선,상왕십리,14091,13633,27724
20210615,2호선,신당,13212,13590,26802
20210615,2호선,을지로4가,12644,12482,25126
20210615,7호선,굴포천,8861,9482,18343
20210615,6호선,응암,17389,17106,34495
20210615,5호선,하남시청,4859,4949,9808
20210615,5호선,군자,10796,11932,22728
20210615,5호선,장한평,18268,18135,36403
20210615,5호선,답십리,15682,14349,30031
20210615,5호선,마장,5513,5108,10621
20210615,5호선,왕십리,4358,4713,9071
20210615,5호선,행당,8332,7351,15683
20210615,5호선,신금호,6383,6579,12962
20210615,5호선,청구,4079,3622,7701
20210615,5호선,동대문역사문화공원,2875,3357,6232
20210615,5호선,을지로4가,5979,6134,12113
20210615,5호선,종로3가,11104,11071,22175
20210615,5호선,광화문,29060,30962,60022
20210615,5호선,서대문,18812,19547,38359
20210615,5호선,충정로,5138,5281,10419
20210615,5호선,애오개,6904,7003,13907
20210615,5호선,아차산,13709,13490,27199
20210615,5호선,하남검단산,4424,4316,8740
20210615,5호선,광나루,12524,11267,23791
20210615,5호선,강동,18223,17378,35601
20210615,5호선,하남풍산,3916,3984,7900
20210615,5호선,미사,14202,14222,28424
20210615,5호선,강일,3160,3266,6426
20210615,5호선,마천,6259,6187,12446
20210615,5호선,거여,8564,8037,16601
20210615,5호선,개롱,6523,6698,13221
20210615,5호선,오금,3778,3657,7435
20210615,5호선,방이,6870,6969,13839
20210615,5호선,올림픽공원,4198,3638,7836
20210615,5호선,둔촌동,8364,8437,16801
20210615,5호선,상일동,15817,14145,29962
20210615,5호선,고덕,8935,9047,17982
20210615,5호선,명일,8480,8738,17218
20210615,5호선,굽은다리,9321,8688,18009
20210615,5호선,길동,7746,8010,15756
20210615,5호선,천호,16994,17128,34122
20210615,7호선,삼산체육관,5346,4863,10209
20210615,5호선,여의도,28291,30386,58677
20210615,7호선,부천시청,12562,12399,24961
20210615,5호선,화곡,27636,25858,53494
20210615,5호선,까치산,28480,27494,55974
20210615,5호선,신정,14006,11066,25072
20210615,5호선,목동,16375,17985,34360
20210615,5호선,오목교,21320,23298,44618
20210615,7호선,장암,2296,869,3165
20210615,6호선,봉화산,8817,8166,16983
20210615,6호선,화랑대,11580,9204,20784
20210615,6호선,태릉입구,5219,5933,11152
20210615,6호선,석계,12274,12434,24708
20210615,6호선,돌곶이,9141,8485,17626
20210615,6호선,상월곡,6258,5677,11935
20210615,6호선,월곡,10909,10808,21717
20210615,6호선,고려대,8095,7755,15850
20210615,6호선,보문,7123,6612,13735
20210615,5호선,우장산,14388,14067,28455
20210615,6호선,창신,3643,3043,6686
20210615,5호선,발산,19994,20448,40442
20210615,5호선,송정,6404,5988,12392
20210615,7호선,도봉산,8777,9943,18720
20210615,4호선,신용산,15227,16204,31431
20210615,4호선,이촌,7131,8047,15178
20210615,4호선,동작,2355,2584,4939
20210615,4호선,총신대입구,18491,19827,38318
20210615,4호선,사당,23354,19619,42973
20210615,4호선,남태령,1300,1106,2406
20210615,4호선,당고개,12617,11370,23987
20210615,4호선,상계,18724,17265,35989
20210615,4호선,노원,17630,20185,37815
20210615,4호선,창동,24864,26363,51227
20210615,4호선,쌍문,28826,26671,55497
20210615,5호선,방화,6663,6418,13081
20210615,5호선,개화산,5338,5083,10421
20210615,5호선,김포공항,6709,6169,12878
20210615,5호선,마곡,10202,10306,20508
20210615,4호선,삼각지,4986,5410,10396
20210615,6호선,동묘앞,7391,7584,14975
20210615,6호선,청구,3742,4098,7840
20210615,3호선,녹번,15254,13831,29085
20210615,3호선,불광,15816,17012,32828
20210615,3호선,연신내,36069,33891,69960
20210615,3호선,구파발,19953,18746,38699
20210615,3호선,지축,4055,3939,7994
20210615,2호선,용두,2184,2323,4507
20210615,2호선,신정네거리,10081,10298,20379
20210615,2호선,양천구청,6686,7221,13907
20210615,2호선,도림천,1482,1514,2996
20210615,2호선,신설동,2946,3026,5972
20210615,2호선,신답,1593,1837,3430
20210615,2호선,용답,2606,2706,5312
20210615,2호선,충정로,10026,10576,20602
20210615,7호선,상동,12527,13112,25639
20210615,2호선,아현,10558,9974,20532
20210615,3호선,홍제,16868,15889,32757
20210615,6호선,신당,7702,8317,16019
20210615,3호선,무악재,3827,3903,7730
20210615,3호선,경복궁,17984,17600,35584
20210615,6호선,약수,3610,3510,7120
20210615,6호선,버티고개,2031,2111,4142
20210615,6호선,한강진,7106,8283,15389
20210615,6호선,이태원,8477,8895,17372
20210615,6호선,녹사평,4627,4482,9109
20210615,3호선,신사,28949,30530,59479
20210615,3호선,압구정,30734,32559,63293
20210615,3호선,옥수,8906,9326,18232
20210615,3호선,금호,8049,7495,15544
20210615,3호선,약수,12768,12395,25163
20210615,3호선,동대입구,6886,7143,14029
20210615,3호선,충무로,4,0,4
20210615,3호선,을지로3가,10249,10802,21051
20210615,3호선,종로3가,9636,11162,20798
20210615,3호선,안국,18808,19580,38388
20210615,3호선,독립문,7008,6965,13973
20210615,4호선,숙대입구,12562,12271,24833
20210615,6호선,안암,11333,11374,22707
20210615,7호선,부천종합운동장,4511,3910,8421
20210615,중앙선,오빈,300,267,567
20210615,중앙선,원덕,315,326,641
20210615,중앙선,용문,2430,2402,4832
20210615,중앙선,지평,67,88,155
20210615,7호선,남구로,16498,17449,33947
20210615,7호선,대림,7872,7827,15699
20210615,7호선,신풍,11725,11090,22815
20210615,7호선,보라매,9965,9941,19906
20210615,7호선,신대방삼거리,16406,15851,32257
20210615,7호선,장승배기,9447,9191,18638
20210615,7호선,상도,10403,10061,20464
20210615,7호선,숭실대입구,12414,12669,25083
20210615,7호선,남성,11196,10405,21601
20210615,7호선,이수,15097,14853,29950
20210615,7호선,내방,14136,14429,28565
20210615,중앙선,아신,490,520,1010
20210615,7호선,고속터미널,15041,12989,28030
20210615,중앙선,국수,678,661,1339
20210615,중앙선,양수,1732,1730,3462
20210615,7호선,신중동,14229,14082,28311
20210615,4호선,서울역,10464,14194,24658
20210615,7호선,까치울,7641,7466,15107
20210615,7호선,온수,11347,10238,21585
20210615,7호선,천왕,11614,11129,22743
20210615,7호선,광명사거리,22008,21562,43570
20210615,7호선,철산,21200,21713,42913
20210615,7호선,가산디지털단지,47850,48480,96330
20210615,5호선,영등포구청,3928,3910,7838
20210615,7호선,춘의,9896,9688,19584
20210615,5호선,양평,7611,7542,15153
20210615,중앙선,덕소,5521,5561,11082
20210615,중앙선,도심,2456,1892,4348
20210615,중앙선,팔당,753,769,1522
20210615,중앙선,운길산,748,757,1505
20210615,중앙선,신원,175,168,343
20210615,7호선,반포,5623,5486,11109
20210615,중앙선,양평,2544,2530,5074
20210615,7호선,학동,24399,26227,50626
20210615,7호선,마들,12389,11689,24078
20210615,7호선,수락산,12482,12321,24803
20210615,3호선,오금,6047,5459,11506
20210615,4호선,수유,32901,32782,65683
20210615,4호선,미아,14480,14201,28681
20210615,4호선,미아사거리,26959,26121,53080
20210615,4호선,길음,19795,19254,39049
20210615,4호선,성신여대입구,18805,17785,36590
20210615,4호선,한성대입구,13089,12699,25788
20210615,4호선,혜화,29051,29254,58305
20210615,4호선,동대문,19895,20577,40472
20210615,4호선,동대문역사문화공원,13901,12835,26736
20210615,4호선,충무로,25951,26777,52728
20210615,7호선,논현,20722,22135,42857
20210615,4호선,회현,22891,24526,47417
20210615,7호선,노원,18813,20112,38925
20210615,7호선,중계,14472,13353,27825
20210615,4호선,명동,16913,17605,34518
20210615,7호선,공릉,11762,11513,23275
20210615,7호선,하계,17309,16392,33701
20210615,7호선,청담,19265,21319,40584
20210615,7호선,뚝섬유원지,7995,7835,15830
20210615,7호선,건대입구,11411,11541,22952
20210615,7호선,어린이대공원,11689,11676,23365
20210615,7호선,군자,14438,11668,26106
20210615,7호선,중곡,9888,9234,19122
20210615,7호선,강남구청,16174,17996,34170
20210615,7호선,사가정,16182,16259,32441
20210615,7호선,면목,16138,15708,31846
20210615,7호선,상봉,16716,15801,32517
20210615,7호선,중화,10979,10754,21733
20210615,7호선,먹골,9807,9735,19542
20210615,7호선,태릉입구,8331,7813,16144
20210615,7호선,용마산,6086,5916,12002
20210616,중앙선,상봉,5941,5864,11805
20210616,중앙선,망우,7838,7694,15532
20210616,중앙선,양원,1933,1885,3818
20210616,중앙선,구리,13608,13948,27556
20210616,7호선,사가정,16785,16660,33445
20210616,7호선,면목,16804,16442,33246
20210616,7호선,먹골,10072,9804,19876
20210616,7호선,중화,11190,10992,22182
20210616,7호선,태릉입구,8544,8163,16707
20210616,7호선,공릉,11807,11758,23565
20210616,7호선,하계,18267,17419,35686
20210616,7호선,중계,14866,13740,28606
20210616,중앙선,중랑,5719,5416,11135
20210616,7호선,노원,19258,20710,39968
20210616,7호선,상봉,17052,16113,33165
20210616,중앙선,회기,24307,23525,47832
20210616,일산선,주엽,8906,8857,17763
20210616,장항선,온양온천,3126,3184,6310
20210616,7호선,마들,12732,12200,24932
20210616,중앙선,국수,786,743,1529
20210616,중앙선,아신,481,522,1003
20210616,중앙선,오빈,296,289,585
20210616,중앙선,양평,2595,2710,5305
20210616,중앙선,원덕,368,365,733
20210616,중앙선,용문,1817,1773,3590
20210616,중앙선,지평,77,82,159
20210616,일산선,마두,7746,8002,15748
20210616,일산선,정발산,7087,7315,14402
20210616,일산선,대화,13249,10646,23895
20210616,장항선,봉명,1289,1238,2527
20210616,장항선,쌍용,2076,1917,3993
20210616,장항선,아산,2778,2583,5361
20210616,장항선,배방,1026,1001,2027
20210616,장항선,신창,1445,1360,2805
20210616,7호선,수락산,13237,13035,26272
20210616,6호선,연신내,1,0,1
20210616,7호선,장암,2404,922,3326
20210616,6호선,삼각지,6167,5290,11457
20210616,6호선,효창공원앞,7164,6574,13738
20210616,6호선,공덕,18713,17692,36405
20210616,6호선,대흥,7949,8325,16274
20210616,6호선,광흥창,9206,8766,17972
20210616,6호선,상수,7994,8913,16907
20210616,6호선,합정,13259,12756,26015
20210616,6호선,망원,13868,15249,29117
20210616,6호선,마포구청,14410,12913,27323
20210616,6호선,월드컵경기장,4723,5005,9728
20210616,6호선,디지털미디어시티,13887,15197,29084
20210616,6호선,증산,10127,10087,20214
20210616,6호선,새절,13216,12492,25708
20210616,6호선,구산,7769,5778,13547
20210616,중앙선,신원,215,192,407
20210616,6호선,녹사평,4961,4875,9836
20210616,7호선,도봉산,9303,11131,20434
20210616,6호선,이태원,9207,9537,18744
20210616,6호선,버티고개,2138,2140,4278
20210616,6호선,봉화산,9056,8452,17508
20210616,6호선,화랑대,11893,9297,21190
20210616,6호선,태릉입구,5346,6025,11371
20210616,6호선,석계,12588,12862,25450
20210616,6호선,돌곶이,9309,8808,18117
20210616,6호선,상월곡,6372,5827,12199
20210616,6호선,월곡,11377,11291,22668
20210616,6호선,고려대,8359,8082,16441
20210616,6호선,안암,12063,11917,23980
20210616,6호선,보문,7233,6798,14031
20210616,6호선,창신,3813,3085,6898
20210616,6호선,동묘앞,7958,8067,16025
20210616,6호선,신당,7938,8289,16227
20210616,6호선,청구,3885,4228,8113
20210616,6호선,약수,3655,3566,7221
20210616,6호선,한강진,8098,9351,17449
20210616,중앙선,양수,1995,1975,3970
20210616,7호선,철산,21833,22564,44397
20210616,중앙선,팔당,879,853,1732
20210616,7호선,뚝섬유원지,10256,10163,20419
20210616,7호선,건대입구,11803,11855,23658
20210616,7호선,어린이대공원,12218,12014,24232
20210616,7호선,군자,14744,11928,26672
20210616,7호선,중곡,10227,9503,19730
20210616,7호선,용마산,6222,6108,12330
20210616,9호선,고속터미널,12161,15118,27279
20210616,9호선,신반포,3365,3404,6769
20210616,9호선,구반포,2778,2820,5598
20210616,9호선,동작,1895,1485,3380
20210616,9호선,흑석,7664,8004,15668
20210616,9호선,노들,4482,3847,8329
20210616,9호선,노량진,25745,24851,50596
20210616,9호선,샛강,5896,6232,12128
20210616,9호선,여의도,27525,26151,53676
20210616,7호선,청담,19844,21863,41707
20210616,9호선,국회의사당,16279,16640,32919
20210616,7호선,강남구청,16681,18299,34980
20210616,7호선,논현,20718,22066,42784
20210616,6호선,독바위,2890,3070,5960
20210616,7호선,가산디지털단지,48200,48252,96452
20210616,7호선,남구로,16686,17580,34266
20210616,7호선,대림,8070,8084,16154
20210616,7호선,신풍,11856,11276,23132
20210616,7호선,보라매,9879,9959,19838
20210616,7호선,신대방삼거리,16515,15702,32217
20210616,7호선,장승배기,9433,9185,18618
20210616,7호선,상도,10418,10129,20547
20210616,7호선,숭실대입구,12657,12756,25413
20210616,7호선,남성,11162,10320,21482
20210616,7호선,이수,15654,15552,31206
20210616,7호선,내방,14443,14726,29169
20210616,7호선,고속터미널,14884,13051,27935
20210616,7호선,반포,5912,5766,11678
20210616,7호선,학동,24671,26387,51058
20210616,중앙선,운길산,972,917,1889
20210616,9호선,당산,17934,17942,35876
20210616,9호선,신목동,4038,3661,7699
20210616,8호선,가락시장,7615,8343,15958
20210616,8호선,잠실,13290,15758,29048
20210616,2호선,신정네거리,10477,10706,21183
20210616,우이신설선,보문,1514,1532,3046
20210616,우이신설선,신설동,2157,2093,4250
20210616,일산선,원흥,10426,9940,20366
20210616,일산선,삼송,18567,18061,36628
20210616,일산선,원당,11483,10967,22450
20210616,일산선,화정,16776,17208,33984
20210616,일산선,대곡,2005,1551,3556
20210616,일산선,백석,10096,9983,20079
20210616,중앙선,도농,10167,9238,19405
20210616,중앙선,양정,815,691,1506
20210616,중앙선,덕소,5755,5799,11554
20210616,중앙선,도심,2599,2053,4652
20210616,8호선,문정,22287,23414,45701
20210616,9호선,선유도,8527,8181,16708
20210616,8호선,장지,17933,17233,35166
20210616,8호선,산성,6287,6276,12563
20210616,9호선,염창,17023,16783,33806
20210616,9호선,등촌,11326,11050,22376
20210616,9호선,증미,7513,7663,15176
20210616,9호선,가양,20286,19798,40084
20210616,9호선,양천향교,9784,9991,19775
20210616,9호선,마곡나루,11411,11501,22912
20210616,9호선,신방화,6839,6714,13553
20210616,9호선,공항시장,2923,3189,6112
20210616,9호선,김포공항,7037,10810,17847
20210616,9호선,개화,2563,1796,4359
20210616,8호선,모란,4263,3270,7533
20210616,8호선,수진,5240,4750,9990
20210616,8호선,신흥,4276,4693,8969
20210616,8호선,단대오거리,10751,10250,21001
20210616,8호선,남한산성입구,14275,13132,27407
20210616,8호선,복정,11443,9957,21400
20210616,6호선,불광,4877,4771,9648
20210616,경의선,효창공원앞,2996,3298,6294
20210616,6호선,응암,17824,17526,35350
20210616,3호선,교대,14774,9471,24245
20210616,3호선,고속터미널,37949,36251,74200
20210616,3호선,잠원,4924,4931,9855
20210616,3호선,신사,29606,31237,60843
20210616,3호선,압구정,31243,33249,64492
20210616,3호선,옥수,9230,9582,18812
20210616,3호선,금호,8321,7832,16153
20210616,3호선,약수,13148,12780,25928
20210616,3호선,동대입구,7159,7598,14757
20210616,3호선,충무로,1,0,1
20210616,3호선,을지로3가,10504,11186,21690
20210616,3호선,종로3가,9946,11571,21517
20210616,3호선,안국,19843,20576,40419
20210616,3호선,경복궁,19607,19258,38865
20210616,3호선,독립문,7178,7361,14539
20210616,3호선,남부터미널,28265,29168,57433
20210616,경원선,망월사,7820,7871,15691
20210616,3호선,양재,38838,42407,81245
20210616,3호선,도곡,5378,5485,10863
20210616,4호선,혜화,31521,31733,63254
20210616,4호선,한성대입구,13955,13352,27307
20210616,4호선,성신여대입구,19674,18675,38349
20210616,4호선,길음,20151,19549,39700
20210616,4호선,미아사거리,27652,26799,54451
20210616,4호선,미아,14988,14581,29569
20210616,4호선,수유,33829,33558,67387
20210616,3호선,오금,6166,5646,11812
20210616,3호선,경찰병원,7380,7486,14866
20210616,3호선,가락시장,9038,8748,17786
20210616,3호선,수서,16793,17193,33986
20210616,3호선,일원,10233,10031,20264
20210616,3호선,대청,10113,9156,19269
20210616,3호선,학여울,1771,1820,3591
20210616,3호선,대치,10585,10658,21243
20210616,3호선,매봉,12810,11985,24795
20210616,4호선,동대문,21015,21510,42525
20210616,경원선,도봉산,8314,5320,13634
20210616,경원선,방학,9664,9535,19199
20210616,경부선,성환,3963,3985,7948
20210616,경원선,회룡,12705,12644,25349
20210616,경원선,의정부,17751,18368,36119
20210616,경원선,가능,6602,6376,12978
20210616,경원선,녹양,4767,4533,9300
20210616,경원선,양주,7828,7291,15119
20210616,경원선,덕계,3235,2879,6114
20210616,경원선,덕정,5846,5634,11480
20210616,경원선,지행,6673,6631,13304
20210616,경원선,동두천중앙,3108,2967,6075
20210616,경원선,보산,1436,1374,2810
20210616,경원선,동두천,2378,2744,5122
20210616,경원선,소요산,3229,2638,5867
20210616,경의선,서울역,4243,5211,9454
20210616,7호선,광명사거리,22490,22098,44588
20210616,경부선,직산,731,735,1466
20210616,경원선,도봉,6049,5841,11890
20210616,경부선,두정,5618,5606,11224
20210616,경부선,당정,6481,6208,12689
20210616,경원선,녹천,4761,4045,8806
20210616,경원선,월계,6851,6432,13283
20210616,경원선,광운대,8705,8220,16925
20210616,경원선,석계,8071,9230,17301
20210616,경원선,신이문,8453,7815,16268
20210616,경원선,외대앞,6684,6683,13367
20210616,경원선,청량리,14435,15290,29725
20210616,경원선,왕십리,13871,15232,29103
20210616,경원선,응봉,1874,1553,3427
20210616,경원선,옥수,51,34,85
20210616,경원선,한남,4179,3975,8154
20210616,경원선,서빙고,1957,1740,3697
20210616,경원선,이촌,3995,3121,7116
20210616,경부선,광명,3150,2744,5894
20210616,경부선,서동탄,1562,1340,2902
20210616,경부선,천안,5044,5160,10204
20210616,6호선,역촌,3819,4473,8292
20210616,4호선,동대문역사문화공원,14535,13281,27816
20210616,4호선,명동,18131,18798,36929
20210616,5호선,광나루,13058,11878,24936
20210616,5호선,아차산,14652,14193,28845
20210616,5호선,군자,11253,12280,23533
20210616,5호선,장한평,18570,18442,37012
20210616,5호선,답십리,16087,14819,30906
20210616,5호선,마장,5554,5236,10790
20210616,5호선,왕십리,4586,4987,9573
20210616,5호선,행당,8540,7593,16133
20210616,8호선,석촌,7698,9006,16704
20210616,5호선,신금호,6556,6786,13342
20210616,5호선,청구,4167,3781,7948
20210616,5호선,동대문역사문화공원,2895,3342,6237
20210616,5호선,을지로4가,6331,6520,12851
20210616,5호선,종로3가,12181,12102,24283
20210616,5호선,광화문,30279,31888,62167
20210616,5호선,천호,17743,17778,35521
20210616,5호선,서대문,19416,19651,39067
20210616,5호선,강동,18550,17816,36366
20210616,5호선,굽은다리,9625,9173,18798
20210616,5호선,하남검단산,4877,4722,9599
20210616,5호선,하남시청,4995,4950,9945
20210616,5호선,하남풍산,4055,3941,7996
20210616,5호선,미사,14889,14767,29656
20210616,5호선,강일,3253,3507,6760
20210616,5호선,마천,6487,6458,12945
20210616,5호선,거여,8685,8248,16933
20210616,5호선,개롱,6639,6908,13547
20210616,5호선,오금,3966,3878,7844
20210616,5호선,방이,6962,7184,14146
20210616,5호선,올림픽공원,4372,3851,8223
20210616,5호선,둔촌동,8717,8605,17322
20210616,5호선,상일동,16025,14474,30499
20210616,5호선,고덕,9451,9606,19057
20210616,5호선,명일,8770,9056,17826
20210616,5호선,길동,7974,8244,16218
20210616,4호선,충무로,26854,27790,54644
20210616,5호선,충정로,5203,5297,10500
20210616,5호선,공덕,14609,15573,30182
20210616,4호선,쌍문,29698,27313,57011
20210616,4호선,창동,25807,27378,53185
20210616,4호선,노원,18584,20847,39431
20210616,4호선,상계,19190,17778,36968
20210616,4호선,당고개,13100,11886,24986
20210616,4호선,남태령,1274,1116,2390
20210616,4호선,사당,24112,20549,44661
20210616,4호선,총신대입구,19034,20558,39592
20210616,4호선,동작,2763,2874,5637
20210616,4호선,이촌,7570,8410,15980
20210616,4호선,신용산,15047,16180,31227
20210616,4호선,삼각지,5048,5552,10600
20210616,4호선,숙대입구,12925,12639,25564
20210616,4호선,서울역,10651,14811,25462
20210616,4호선,회현,24407,25896,50303
20210616,5호선,방화,7009,6615,13624
20210616,5호선,애오개,7151,7189,14340
20210616,5호선,개화산,5557,5253,10810
20210616,5호선,송정,6670,6255,12925
20210616,5호선,마포,14732,15153,29885
20210616,5호선,여의나루,12917,14025,26942
20210616,5호선,여의도,29130,30681,59811
20210616,5호선,신길,4140,4384,8524
20210616,5호선,영등포시장,9635,9835,19470
20210616,5호선,영등포구청,4016,4049,8065
20210616,5호선,양평,7717,7586,15303
20210616,5호선,오목교,21737,23712,45449
20210616,5호선,목동,16885,18367,35252
20210616,5호선,신정,14155,11278,25433
20210616,5호선,까치산,29159,28092,57251
20210616,5호선,화곡,28739,26869,55608
20210616,5호선,우장산,14629,14348,28977
20210616,5호선,발산,20209,21077,41286
20210616,5호선,마곡,10564,10408,20972
20210616,5호선,김포공항,6781,6686,13467
20210616,7호선,천왕,11912,11277,23189
20210616,경의선,화전,1416,1276,2692
20210616,7호선,까치울,8079,7887,15966
20210616,2호선,봉천,24627,22608,47235
20210616,2호선,서울대입구,46791,46033,92824
20210616,2호선,낙성대,27466,26648,54114
20210616,2호선,사당,36221,39188,75409
20210616,2호선,방배,16609,17385,33994
20210616,2호선,서초,22330,21880,44210
20210616,2호선,신림,62603,60898,123501
20210616,2호선,교대,34848,39378,74226
20210616,2호선,역삼,51925,58168,110093
20210616,2호선,선릉,56973,50805,107778
20210616,2호선,삼성,51439,52642,104081
20210616,2호선,종합운동장,9240,9754,18994
20210616,2호선,잠실새내,20746,20771,41517
20210616,2호선,잠실,65722,65561,131283
20210616,2호선,강남,82746,81027,163773
20210616,2호선,신대방,26710,26020,52730
20210616,2호선,구로디지털단지,62316,62403,124719
20210616,2호선,대림,24528,25101,49629
20210616,2호선,양천구청,6817,7163,13980
20210616,2호선,도림천,1456,1463,2919
20210616,2호선,신설동,3176,3101,6277
20210616,2호선,신답,1689,1890,3579
20210616,2호선,용답,2705,2682,5387
20210616,2호선,충정로,10181,10732,20913
20210616,2호선,아현,10781,10286,21067
20210616,2호선,이대,12882,13481,26363
20210616,2호선,신촌,30673,31795,62468
20210616,2호선,홍대입구,50560,52616,103176
20210616,2호선,합정,30840,32419,63259
20210616,2호선,당산,19276,22366,41642
20210616,2호선,영등포구청,23547,23635,47182
20210616,2호선,문래,21714,22295,44009
20210616,2호선,신도림,49266,48244,97510
20210616,2호선,잠실나루,15066,14488,29554
20210616,2호선,강변,29668,28190,57858
20210616,2호선,구의,23243,23024,46267
20210616,2호선,건대입구,32904,35534,68438
20210616,1호선,동묘앞,8373,8674,17047
20210616,1호선,서울역,41406,39275,80681
20210616,경춘선,별내,3142,3042,6184
20210616,경춘선,퇴계원,3763,3467,7230
20210616,경춘선,사릉,3651,3480,7131
20210616,경춘선,금곡,1591,1554,3145
20210616,경춘선,평내호평,6404,6347,12751
20210616,경춘선,천마산,1739,1636,3375
20210616,경춘선,마석,4121,3996,8117
20210616,경춘선,대성리,572,504,1076
20210616,경춘선,청평,1683,1685,3368
20210616,경춘선,상천,294,277,571
20210616,경춘선,가평,1744,1779,3523
20210616,경춘선,굴봉산,149,129,278
20210616,경춘선,백양리,97,110,207
20210616,1호선,시청,21778,22093,43871
20210616,2호선,용두,2367,2412,4779
20210616,1호선,종각,34826,34345,69171
20210616,1호선,종로5가,22596,22437,45033
20210616,2호선,성수,36037,39382,75419
20210616,2호선,뚝섬,22520,24403,46923
20210616,2호선,한양대,11066,12084,23150
20210616,2호선,왕십리,16458,12963,29421
20210616,2호선,상왕십리,14438,13907,28345
20210616,2호선,신당,13504,13932,27436
20210616,2호선,동대문역사문화공원,11661,13207,24868
20210616,2호선,을지로4가,13443,13069,26512
20210616,2호선,을지로3가,22288,21900,44188
20210616,2호선,을지로입구,38518,39762,78280
20210616,2호선,시청,23426,22551,45977
20210616,1호선,청량리,19971,20015,39986
20210616,1호선,제기동,16771,17252,34023
20210616,1호선,신설동,13957,13591,27548
20210616,1호선,동대문,11059,10692,21751
20210616,1호선,종로3가,25147,22893,48040
20210616,3호선,지축,4149,3969,8118
20210616,3호선,구파발,20526,19657,40183
20210616,3호선,연신내,37177,35152,72329
20210616,경의선,월롱,2953,2739,5692
20210616,경의선,파주,1702,1297,2999
20210616,경의선,문산,4947,5086,10033
20210616,경의선,임진강,12,11,23
20210616,경의선,서울역,88,174,262
20210616,경의선,김포공항,1,0,1
20210616,경인선,개봉,21648,22032,43680
20210616,경인선,오류동,12301,11604,23905
20210616,경인선,역곡,28590,28217,56807
20210616,경인선,부천,33132,33342,66474
20210616,경인선,송내,27801,27908,55709
20210616,경인선,부평,29787,31995,61782
20210616,경인선,백운,7345,7326,14671
20210616,경인선,동암,15359,15243,30602
20210616,경인선,주안,19038,17472,36510
20210616,경의선,금촌,6659,6605,13264
20210616,경인선,제물포,11522,11113,22635
20210616,경의선,금릉,4779,4589,9368
20210616,경의선,야당,6992,6920,13912
20210616,경의선,공덕,3538,3146,6684
20210616,경의선,서강대,2050,1922,3972
20210616,경의선,홍대입구,1664,1854,3518
20210616,경의선,가좌,5492,5051,10543
20210616,경의선,디지털미디어시티,2686,2508,5194
20210616,경의선,수색,2845,3024,5869
20210616,7호선,온수,11412,10589,22001
20210616,경의선,강매,3304,2826,6130
20210616,경의선,행신,7867,7803,15670
20210616,경의선,능곡,3804,3488,7292
20210616,경의선,곡산,563,611,1174
20210616,경의선,백마,7045,6672,13717
20210616,경의선,풍산,5675,5301,10976
20210616,경의선,일산,9352,9246,18598
20210616,경의선,탄현,7712,7447,15159
20210616,경의선,운정,6718,6356,13074
20210616,경춘선,강촌,609,651,1260
20210616,경인선,동인천,14247,13445,27692
20210616,경인선,구일,7449,7610,15059
20210616,경부선,독산,17639,18635,36274
20210616,경부선,수원,35527,36642,72169
20210616,경부선,화서,7715,7451,15166
20210616,경부선,성균관대,14277,14188,28465
20210616,경부선,의왕,9573,9441,19014
20210616,경부선,군포,7821,7719,15540
20210616,경부선,금정,26732,26964,53696
20210616,경부선,명학,9316,9404,18720
20210616,경부선,안양,25986,26126,52112
20210616,경부선,관악,7616,6983,14599
20210616,경부선,석수,10293,9089,19382
20210616,3호선,무악재,3954,3992,7946
20210616,3호선,홍제,17365,16215,33580
20210616,3호선,녹번,15545,14185,29730
20210616,3호선,불광,16826,18021,34847
20210616,경부선,세류,3043,2875,5918
20210616,경인선,인천,3711,2838,6549
20210616,경부선,병점,14483,14512,28995
20210616,경부선,오산대,3922,3615,7537
20210616,경인선,소사,9155,8883,18038
20210616,경인선,부개,8825,8300,17125
20210616,경인선,간석,6143,5818,11961
20210616,경인선,도원,3501,3579,7080
20210616,경인선,온수,7228,6934,14162
20210616,경인선,중동,9370,8932,18302
20210616,경인선,도화,4410,4173,8583
20210616,경춘선,신내,1744,1800,3544
20210616,경춘선,갈매,3283,2863,6146
20210616,경부선,평택,11348,11230,22578
20210616,경부선,평택지제,2891,2818,5709
20210616,경부선,서정리,6212,5858,12070
20210616,경부선,송탄,4151,3857,8008
20210616,경부선,진위,1586,1427,3013
20210616,경부선,오산,9850,9783,19633
20210616,경부선,세마,2694,2545,5239
20210616,경춘선,김유정,291,320,611
20210616,경의선,신촌,862,1084,1946
20210616,경춘선,춘천,1698,1502,3200
20210616,우이신설선,북한산보국문,5949,5755,11704
20210616,우이신설선,정릉,4591,4241,8832
20210616,우이신설선,성신여대입구,3172,3443,6615
20210616,8호선,송파,7735,7637,15372
20210616,경부선,금천구청,12221,12223,24444
20210616,경부선,가산디지털단지,18948,21731,40679
20210616,경부선,구로,19665,20141,39806
20210616,경부선,신길,9527,8054,17581
20210616,경부선,신도림,4424,4456,8880
20210616,경부선,영등포,35954,36985,72939
20210616,경부선,대방,13071,13418,26489
20210616,경부선,노량진,8219,8414,16633
20210616,경부선,용산,31323,31728,63051
20210616,경부선,남영,9318,9767,19085
20210616,경부선,서울역,4864,1603,6467
20210616,우이신설선,솔샘,5753,5403,11156
20210616,경강선,세종대왕릉,308,303,611
20210616,우이신설선,삼양사거리,2367,2443,4810
20210616,우이신설선,화계,3364,3141,6505
20210616,안산선,반월,4449,4269,8718
20210616,안산선,상록수,16208,16326,32534
20210616,안산선,한대앞,9725,9648,19373
20210616,안산선,중앙,17901,18700,36601
20210616,안산선,고잔,8952,8482,17434
20210616,안산선,초지,4638,4886,9524
20210616,안산선,안산,11667,10642,22309
20210616,안산선,신길온천,1699,1579,3278
20210616,안산선,정왕,9476,9927,19403
20210616,안산선,오이도,9038,8623,17661
20210616,안산선,수리산,4502,3649,8151
20210616,우이신설선,북한산우이,2789,2640,5429
20210616,우이신설선,솔밭공원,2502,2445,4947
20210616,우이신설선,4.19민주묘지,3005,2832,5837
20210616,우이신설선,가오리,4118,4119,8237
20210616,우이신설선,삼양,2041,2179,4220
20210616,안산선,대야미,5096,4714,9810
20210616,경강선,부발,1847,1941,3788
20210616,경강선,신둔도예촌,1465,1338,2803
20210616,9호선,신논현,31017,30541,61558
20210616,9호선,사평,3320,3328,6648
20210616,8호선,몽촌토성,5885,6085,11970
20210616,8호선,강동구청,10657,10945,21602
20210616,8호선,천호,14637,16972,31609
20210616,8호선,암사,19178,16832,36010
20210616,7호선,부평구청,8093,7071,15164
20210616,7호선,굴포천,9222,9800,19022
20210616,7호선,삼산체육관,5638,5129,10767
20210616,7호선,상동,13560,14033,27593
20210616,7호선,부천시청,12902,12942,25844
20210616,7호선,신중동,14832,14783,29615
20210616,7호선,춘의,10099,9788,19887
20210616,7호선,부천종합운동장,4837,4226,9063
20210616,경춘선,남춘천,2342,2393,4735
20210616,9호선2~3단계,언주,10195,10553,20748
20210616,경강선,이천,2410,2625,5035
20210616,9호선2~3단계,선정릉,9799,10612,20411
20210616,9호선2~3단계,봉은사,16033,16426,32459
20210616,경강선,곤지암,2277,2234,4511
20210616,경강선,초월,3120,2945,6065
20210616,경강선,경기광주,7184,6763,13947
20210616,경강선,삼동,2466,2161,4627
20210616,경강선,이매,1172,915,2087
20210616,경강선,판교,4603,4544,9147
20210616,9호선2~3단계,중앙보훈병원,10593,9354,19947
20210616,9호선2~3단계,둔촌오륜,1280,1104,2384
20210616,9호선2~3단계,올림픽공원,5715,5660,11375
20210616,9호선2~3단계,한성백제,2463,2270,4733
20210616,9호선2~3단계,송파나루,4650,5143,9793
20210616,9호선2~3단계,석촌,8052,7182,15234
20210616,9호선2~3단계,석촌고분,5842,5890,11732
20210616,9호선2~3단계,삼전,6699,6603,13302
20210616,9호선2~3단계,종합운동장,4101,4217,8318
20210616,9호선2~3단계,삼성중앙,6772,7214,13986
20210616,안산선,산본,16265,17489,33754
20210616,경강선,여주,2137,2150,4287
20210616,수인선,신포,1946,1959,3905
20210616,과천선,평촌,18314,18084,36398
20210616,과천선,범계,26093,26006,52099
20210616,분당선,선릉,13667,20299,33966
20210616,분당선,한티,14061,15012,29073
20210616,분당선,도곡,6826,6747,13573
20210616,분당선,구룡,2214,2173,4387
20210616,분당선,개포동,3807,3971,7778
20210616,분당선,대모산입구,3334,3149,6483
20210616,분당선,수서,13275,13516,26791
20210616,분당선,수원,8039,6773,14812
20210616,분당선,서울숲,11088,11060,22148
20210616,분당선,압구정로데오,18379,20160,38539
20210616,분당선,강남구청,9926,11500,21426
20210616,분당선,선정릉,8337,8800,17137
20210616,분당선,가천대,7747,8833,16580
20210616,과천선,정부과천청사,10102,10103,20205
20210616,분당선,태평,13341,12982,26323
20210616,과천선,과천,5745,5218,10963
20210616,과천선,경마공원,1688,1641,3329
20210616,수인선,인천,1016,1713,2729
20210616,공항철도 1호선,공덕,2164,2887,5051
20210616,공항철도 1호선,홍대입구,9014,8868,17882
20210616,공항철도 1호선,디지털미디어시티,14195,12905,27100
20210616,공항철도 1호선,마곡나루,8377,8054,16431
20210616,공항철도 1호선,김포공항,10656,6326,16982
20210616,공항철도 1호선,계양,9267,8707,17974
20210616,공항철도 1호선,검암,6657,6693,13350
20210616,공항철도 1호선,청라국제도시,6661,6291,12952
20210616,공항철도 1호선,운서,6247,6194,12441
20210616,공항철도 1호선,공항화물청사,2405,2524,4929
20210616,공항철도 1호선,인천공항1터미널,3102,3358,6460
20210616,공항철도 1호선,인천공항2터미널,1838,1796,3634
20210616,공항철도 1호선,영종,2915,2991,5906
20210616,과천선,선바위,8743,7621,16364
20210616,과천선,대공원,3128,3270,6398
20210616,분당선,모란,19251,19541,38792
20210616,과천선,인덕원,24194,24650,48844
20210616,공항철도 1호선,서울역,6846,6217,13063
20210616,수인선,오목천,3235,3027,6262
20210616,수인선,어천,697,756,1453
20210616,수인선,야목,267,237,504
20210616,수인선,사리,4298,3880,8178
20210616,수인선,달월,110,78,188
20210616,수인선,월곶,2664,2467,5131
20210616,수인선,소래포구,5489,5302,10791
20210616,수인선,인천논현,5835,6256,12091
20210616,수인선,호구포,4005,4192,8197
20210616,수인선,남동인더스파크,2369,2591,4960
20210616,수인선,원인재,4414,4556,8970
20210616,수인선,연수,4688,4551,9239
20210616,수인선,송도,2736,2583,5319
20210616,수인선,인하대,6152,5631,11783
20210616,분당선,야탑,25835,26944,52779
20210616,수인선,고색,4153,3986,8139
20210616,분당선,매교,2958,3121,6079
20210616,수인선,숭의,4052,3897,7949
20210616,분당선,매탄권선,5075,4870,9945
20210616,분당선,수원시청,12301,13270,25571
20210616,분당선,수내,12930,13061,25991
20210616,분당선,정자,17482,18443,35925
20210616,분당선,미금,15682,16541,32223
20210616,분당선,오리,11714,9850,21564
20210616,분당선,이매,5629,5333,10962
20210616,분당선,보정,2502,2200,4702
20210616,분당선,죽전,13245,14540,27785
20210616,분당선,서현,24151,24359,48510
20210616,분당선,신갈,4601,4571,9172
20210616,분당선,기흥,9548,9147,18695
20210616,분당선,상갈,5469,5229,10698
20210616,분당선,청명,4262,4198,8460
20210616,분당선,영통,8071,8187,16258
20210616,분당선,망포,13997,13367,27364
20210616,분당선,구성,4928,5093,10021
20210617,4호선,총신대입구,18776,20282,39058
20210617,4호선,동작,2418,2664,5082
20210617,4호선,이촌,7362,8160,15522
20210617,4호선,신용산,16091,17181,33272
20210617,4호선,삼각지,5198,5659,10857
20210617,3호선,연신내,36990,34637,71627
20210617,3호선,종로3가,10075,11423,21498
20210617,3호선,독립문,7129,7409,14538
20210617,3호선,경복궁,18916,18591,37507
20210617,3호선,무악재,3917,4011,7928
20210617,3호선,홍제,17196,16368,33564
20210617,3호선,녹번,15319,13886,29205
20210617,3호선,불광,16242,17420,33662
20210617,4호선,사당,24137,20441,44578
20210617,3호선,안국,19532,20085,39617
20210617,4호선,남태령,1312,1145,2457
20210617,5호선,송정,6581,6159,12740
20210617,4호선,상계,19103,17797,36900
20210617,3호선,구파발,20450,19439,39889
20210617,5호선,오목교,21693,23496,45189
20210617,5호선,목동,16833,18403,35236
20210617,5호선,신정,14151,11274,25425
20210617,5호선,까치산,28732,27723,56455
20210617,5호선,화곡,28129,26403,54532
20210617,5호선,우장산,14359,14156,28515
20210617,5호선,발산,19836,20423,40259
20210617,5호선,마곡,10326,10257,20583
20210617,5호선,김포공항,7251,7176,14427
20210617,5호선,개화산,5512,5194,10706
20210617,5호선,방화,6726,6413,13139
20210617,4호선,쌍문,29778,27300,57078
20210617,4호선,창동,25743,27438,53181
20210617,4호선,노원,18424,20412,38836
20210617,4호선,당고개,13198,11949,25147
20210617,3호선,지축,4135,3992,8127
20210617,2호선,잠실나루,14419,14145,28564
20210617,2호선,신정네거리,10218,10574,20792
20210617,2호선,봉천,24142,22426,46568
20210617,2호선,서울대입구,46600,45865,92465
20210617,2호선,낙성대,27278,26402,53680
20210617,2호선,사당,35804,38854,74658
20210617,2호선,방배,16454,17369,33823
20210617,2호선,서초,21876,21559,43435
20210617,2호선,교대,34255,38879,73134
20210617,2호선,강남,84211,81964,166175
20210617,2호선,역삼,52456,58217,110673
20210617,2호선,선릉,57089,50966,108055
20210617,2호선,삼성,54161,55024,109185
20210617,2호선,종합운동장,8770,9338,18108
20210617,2호선,잠실새내,20714,20779,41493
20210617,2호선,잠실,65445,65089,130534
20210617,5호선,양평,7614,7521,15135
20210617,2호선,신림,62059,60270,122329
20210617,2호선,용두,2362,2382,4744
20210617,2호선,신대방,26745,25794,52539
20210617,2호선,대림,24358,24753,49111
20210617,2호선,양천구청,6859,7178,14037
20210617,2호선,도림천,1393,1493,2886
20210617,2호선,신설동,3134,3089,6223
20210617,2호선,신답,1593,1853,3446
20210617,2호선,용답,2642,2747,5389
20210617,2호선,충정로,10009,10626,20635
20210617,2호선,아현,10682,10257,20939
20210617,2호선,이대,12674,13097,25771
20210617,2호선,신촌,31498,32448,63946
20210617,2호선,홍대입구,51936,53713,105649
20210617,2호선,합정,31021,32002,63023
20210617,2호선,당산,19181,22227,41408
20210617,2호선,영등포구청,23450,23772,47222
20210617,2호선,문래,21743,22333,44076
20210617,2호선,신도림,48766,48067,96833
20210617,2호선,구로디지털단지,62423,62653,125076
20210617,5호선,영등포구청,3987,4036,8023
20210617,경부선,송탄,3956,3760,7716
20210617,5호선,신길,4117,4434,8551
20210617,9호선,양천향교,9634,9764,19398
20210617,9호선,마곡나루,11362,11385,22747
20210617,9호선,신방화,6808,6670,13478
20210617,9호선,공항시장,2872,3127,5999
20210617,9호선,김포공항,7646,12212,19858
20210617,9호선,개화,2564,1800,4364
20210617,8호선,모란,4161,3213,7374
20210617,8호선,수진,5021,4576,9597
20210617,8호선,신흥,4366,4617,8983
20210617,8호선,단대오거리,10460,10083,20543
20210617,8호선,남한산성입구,13746,12570,26316
20210617,8호선,산성,6091,6159,12250
20210617,8호선,복정,11534,10012,21546
20210617,8호선,장지,17175,16421,33596
20210617,8호선,문정,22269,23419,45688
20210617,9호선,가양,20204,19699,39903
20210617,8호선,가락시장,7588,8481,16069
20210617,9호선,증미,7533,7435,14968
20210617,9호선,염창,16951,16814,33765
20210617,2호선,강변,29811,28664,58475
20210617,경부선,서정리,6066,5812,11878
20210617,경부선,평택지제,2867,2687,5554
20210617,경부선,평택,11258,11115,22373
20210617,경부선,성환,3397,3350,6747
20210617,경부선,직산,724,733,1457
20210617,경부선,두정,5142,5047,10189
20210617,경부선,천안,4807,4876,9683
20210617,경부선,당정,6529,6176,12705
20210617,경부선,서동탄,1569,1383,2952
20210617,경부선,광명,3287,2844,6131
20210617,9호선,국회의사당,15619,16119,31738
20210617,9호선,당산,17821,17953,35774
20210617,9호선,선유도,8355,8119,16474
20210617,9호선,신목동,3958,3566,7524
20210617,9호선,등촌,11309,11090,22399
20210617,5호선,영등포시장,9659,9889,19548
20210617,8호선,송파,7674,7729,15403
20210617,8호선,잠실,13503,15872,29375
20210617,7호선,부천종합운동장,4734,4173,8907
20210617,7호선,까치울,8007,7754,15761
20210617,7호선,온수,11359,10445,21804
20210617,7호선,천왕,11667,10942,22609
20210617,5호선,동대문역사문화공원,2896,3334,6230
20210617,5호선,을지로4가,6196,6244,12440
20210617,5호선,종로3가,11954,12002,23956
20210617,5호선,광화문,30079,31497,61576
20210617,5호선,서대문,19330,19685,39015
20210617,5호선,충정로,5185,5331,10516
20210617,5호선,애오개,7201,7194,14395
20210617,5호선,공덕,14640,15589,30229
20210617,5호선,마포,14644,14868,29512
20210617,5호선,여의나루,10411,11759,22170
20210617,5호선,여의도,28949,30537,59486
20210617,7호선,신중동,14678,14601,29279
20210617,8호선,석촌,7399,8671,16070
20210617,7호선,부천시청,12702,12689,25391
20210617,7호선,삼산체육관,5574,5149,10723
20210617,8호선,몽촌토성,5710,5939,11649
20210617,8호선,강동구청,10433,10887,21320
20210617,8호선,천호,14492,16569,31061
20210617,8호선,암사,19004,16744,35748
20210617,7호선,부평구청,7897,6927,14824
20210617,5호선,굽은다리,9672,9173,18845
20210617,5호선,길동,7922,8100,16022
20210617,5호선,강동,18638,17826,36464
20210617,5호선,답십리,16008,14538,30546
20210617,5호선,마장,5540,5204,10744
20210617,5호선,왕십리,4650,5053,9703
20210617,5호선,행당,8376,7587,15963
20210617,5호선,신금호,6436,6639,13075
20210617,5호선,청구,4089,3754,7843
20210617,7호선,굴포천,9093,9628,18721
20210617,7호선,상동,12870,13323,26193
20210617,2호선,구의,23293,22925,46218
20210617,안산선,정왕,8845,6386,15231
20210617,2호선,성수,35831,39211,75042
20210617,수인선,신포,1860,1867,3727
20210617,수인선,숭의,4061,3870,7931
20210617,수인선,인하대,5913,5536,11449
20210617,수인선,송도,2697,2453,5150
20210617,수인선,연수,4544,4353,8897
20210617,수인선,원인재,4446,4584,9030
20210617,수인선,남동인더스파크,2265,2557,4822
20210617,수인선,호구포,3878,4119,7997
20210617,수인선,인천논현,5590,5945,11535
20210617,수인선,소래포구,5422,5044,10466
20210617,수인선,월곶,2554,2390,4944
20210617,수인선,달월,101,73,174
20210617,수인선,사리,4288,3875,8163
20210617,수인선,야목,265,223,488
20210617,수인선,어천,650,706,1356
20210617,수인선,인천,968,1654,2622
20210617,수인선,오목천,3085,2939,6024
20210617,안산선,한대앞,9656,9625,19281
20210617,안산선,반월,4388,4233,8621
20210617,안산선,중앙,17768,18422,36190
20210617,4호선,숙대입구,12663,12560,25223
20210617,4호선,서울역,10771,15476,26247
20210617,4호선,회현,24205,25674,49879
20210617,4호선,명동,18551,19430,37981
20210617,4호선,충무로,26277,27217,53494
20210617,4호선,동대문역사문화공원,14328,13364,27692
20210617,4호선,동대문,20458,20900,41358
20210617,4호선,혜화,30780,31018,61798
20210617,4호선,한성대입구,13377,13126,26503
20210617,4호선,성신여대입구,19489,18429,37918
20210617,4호선,길음,20033,19285,39318
20210617,4호선,미아사거리,27282,26654,53936
20210617,4호선,미아,14967,14513,29480
20210617,안산선,대야미,5030,4488,9518
20210617,안산선,상록수,15749,15891,31640
20210617,안산선,고잔,8980,8485,17465
20210617,수인선,고색,4096,3855,7951
20210617,분당선,수원시청,12237,13191,25428
20210617,분당선,가천대,7391,8607,15998
20210617,분당선,선정릉,8210,8796,17006
20210617,분당선,강남구청,9955,11386,21341
20210617,분당선,압구정로데오,18404,20227,38631
20210617,분당선,서울숲,10802,10816,21618
20210617,분당선,수원,8199,6758,14957
20210617,분당선,복정,1,0,1
20210617,분당선,수서,13803,14064,27867
20210617,분당선,대모산입구,3427,3131,6558
20210617,분당선,개포동,3678,3892,7570
20210617,분당선,구룡,2617,2607,5224
20210617,분당선,도곡,6885,6791,13676
20210617,분당선,한티,13696,14784,28480
20210617,분당선,선릉,13792,20558,34350
20210617,경부선,진위,1620,1370,2990
20210617,분당선,태평,13306,12861,26167
20210617,분당선,매교,2995,3038,6033
20210617,분당선,모란,19752,19544,39296
20210617,분당선,서현,24099,24663,48762
20210617,분당선,매탄권선,4929,4875,9804
20210617,분당선,망포,13875,13169,27044
20210617,분당선,영통,7881,8155,16036
20210617,분당선,청명,4249,4045,8294
20210617,분당선,상갈,5476,5196,10672
20210617,분당선,기흥,9413,8912,18325
20210617,분당선,신갈,4595,4529,9124
20210617,분당선,구성,4993,5202,10195
20210617,분당선,죽전,13134,14461,27595
20210617,분당선,보정,2540,2213,4753
20210617,분당선,이매,5631,5275,10906
20210617,분당선,오리,11932,9869,21801
20210617,분당선,미금,15208,16303,31511
20210617,분당선,정자,17550,18557,36107
20210617,분당선,수내,12952,12938,25890
20210617,분당선,야탑,25508,26639,52147
20210617,2호선,건대입구,33431,35558,68989
20210617,안산선,초지,4909,5243,10152
20210617,안산선,신길온천,1691,1606,3297
20210617,중앙선,지평,60,77,137
20210617,중앙선,용문,1833,1836,3669
20210617,중앙선,원덕,390,368,758
20210617,중앙선,양평,2522,2600,5122
20210617,중앙선,오빈,310,296,606
20210617,중앙선,아신,573,547,1120
20210617,중앙선,국수,790,781,1571
20210617,중앙선,신원,261,220,481
20210617,중앙선,양수,1909,1975,3884
20210617,중앙선,운길산,924,900,1824
20210617,중앙선,팔당,893,924,1817
20210617,중앙선,도심,2554,1987,4541
20210617,중앙선,덕소,5757,5780,11537
20210617,중앙선,양정,835,743,1578
20210617,중앙선,도농,10090,9145,19235
20210617,7호선,춘의,9820,9708,19528
20210617,중앙선,구리,13585,13825,27410
20210617,1호선,시청,21293,21853,43146
20210617,1호선,종로3가,24906,22814,47720
20210617,2호선,뚝섬,22227,24192,46419
20210617,2호선,한양대,10061,11050,21111
20210617,2호선,왕십리,16044,12690,28734
20210617,2호선,상왕십리,14381,13945,28326
20210617,2호선,신당,13373,13856,27229
20210617,2호선,동대문역사문화공원,11760,12953,24713
20210617,2호선,을지로4가,13135,13122,26257
20210617,2호선,을지로3가,22203,22002,44205
20210617,2호선,을지로입구,39171,40059,79230
20210617,2호선,시청,23223,22242,45465
20210617,1호선,청량리,20033,20189,40222
20210617,1호선,제기동,17174,17429,34603
20210617,1호선,신설동,13975,13667,27642
20210617,1호선,동대문,10942,10386,21328
20210617,1호선,종로5가,22843,22527,45370
20210617,1호선,종각,34834,34035,68869
20210617,안산선,안산,11385,10373,21758
20210617,중앙선,양원,1878,1821,3699
20210617,중앙선,상봉,6059,6027,12086
20210617,우이신설선,신설동,2187,2143,4330
20210617,우이신설선,보문,1517,1467,2984
20210617,우이신설선,성신여대입구,3218,3474,6692
20210617,우이신설선,정릉,4585,4215,8800
20210617,우이신설선,북한산보국문,5988,5692,11680
20210617,우이신설선,솔샘,5762,5473,11235
20210617,우이신설선,삼양사거리,2304,2442,4746
20210617,우이신설선,삼양,1969,2131,4100
20210617,우이신설선,화계,3328,3170,6498
20210617,우이신설선,가오리,4092,4155,8247
20210617,우이신설선,4.19민주묘지,2914,2797,5711
20210617,우이신설선,솔밭공원,2530,2437,4967
20210617,우이신설선,북한산우이,2774,2591,5365
20210617,안산선,수리산,4357,3498,7855
20210617,안산선,오이도,8727,8354,17081
20210617,일산선,원흥,10224,9751,19975
20210617,중앙선,망우,7791,7747,15538
20210617,일산선,삼송,18513,18071,36584
20210617,일산선,원당,11391,10932,22323
20210617,중앙선,중랑,5662,5409,11071
20210617,중앙선,회기,24445,23645,48090
20210617,장항선,신창,1407,1318,2725
20210617,장항선,온양온천,2998,3099,6097
20210617,장항선,배방,1039,969,2008
20210617,장항선,아산,2607,2501,5108
20210617,장항선,쌍용,2011,1829,3840
20210617,장항선,봉명,1277,1213,2490
20210617,일산선,대화,13618,11025,24643
20210617,일산선,주엽,8827,8812,17639
20210617,일산선,정발산,6894,7056,13950
20210617,일산선,마두,7506,7690,15196
20210617,일산선,백석,9691,9745,19436
20210617,일산선,대곡,1898,1548,3446
20210617,일산선,화정,16786,17187,33973
20210617,안산선,산본,16080,17310,33390
20210617,경부선,오산,9468,9346,18814
20210617,경부선,오산대,3705,3405,7110
20210617,경부선,세마,2658,2469,5127
20210617,3호선,대치,10552,10723,21275
20210617,3호선,도곡,5560,5611,11171
20210617,3호선,매봉,12801,12141,24942
20210617,3호선,양재,39037,42472,81509
20210617,3호선,남부터미널,28690,29435,58125
20210617,3호선,교대,14690,9429,24119
20210617,3호선,학여울,1674,1805,3479
20210617,3호선,고속터미널,37685,36706,74391
20210617,3호선,신사,30103,31457,61560
20210617,3호선,압구정,30819,32941,63760
20210617,3호선,옥수,9143,9481,18624
20210617,3호선,금호,8172,7707,15879
20210617,3호선,약수,13049,12648,25697
20210617,3호선,동대입구,7095,7543,14638
20210617,3호선,잠원,4827,4730,9557
20210617,3호선,대청,10062,9176,19238
20210617,3호선,일원,10270,10082,20352
20210617,3호선,수서,16738,17281,34019
20210617,경의선,화전,2778,2510,5288
20210617,경의선,수색,2952,3056,6008
20210617,경의선,디지털미디어시티,2632,2528,5160
20210617,경의선,가좌,5531,5165,10696
20210617,경의선,홍대입구,1594,1835,3429
20210617,경의선,서강대,2000,1965,3965
20210617,경의선,공덕,3575,3251,6826
20210617,경의선,효창공원앞,2919,3279,6198
20210617,경의선,신촌,866,1054,1920
20210617,경의선,서울역,4347,5335,9682
20210617,경원선,소요산,2846,2451,5297
20210617,4호선,수유,33669,33333,67002
20210617,3호선,오금,6152,5533,11685
20210617,3호선,경찰병원,7473,7476,14949
20210617,3호선,가락시장,8989,8674,17663
20210617,3호선,충무로,2,0,2
20210617,3호선,을지로3가,10620,10881,21501
20210617,9호선,여의도,27324,25872,53196
20210617,1호선,동묘앞,8180,8492,16672
20210617,7호선,강남구청,16365,18360,34725
20210617,7호선,청담,19441,21963,41404
20210617,7호선,뚝섬유원지,8437,8247,16684
20210617,7호선,건대입구,11586,11942,23528
20210617,7호선,어린이대공원,11950,11802,23752
20210617,7호선,군자,14674,11752,26426
20210617,7호선,중곡,9918,9130,19048
20210617,5호선,장한평,18655,18480,37135
20210617,9호선,샛강,5916,6069,11985
20210617,9호선,노량진,25761,24988,50749
20210617,5호선,군자,11060,12168,23228
20210617,5호선,아차산,14680,14393,29073
20210617,5호선,광나루,12891,11908,24799
20210617,5호선,천호,17459,17401,34860
20210617,경원선,이촌,3832,2976,6808
20210617,7호선,학동,24544,26399,50943
20210617,경의선,강매,3306,2756,6062
20210617,7호선,논현,20422,22107,42529
20210617,7호선,고속터미널,15402,13281,28683
20210617,1호선,서울역,43105,40596,83701
20210617,7호선,광명사거리,22359,22070,44429
20210617,7호선,철산,21580,21928,43508
20210617,7호선,가산디지털단지,48121,48414,96535
20210617,7호선,남구로,16532,17473,34005
20210617,7호선,대림,7828,7898,15726
20210617,7호선,신풍,11968,11418,23386
20210617,7호선,보라매,9794,9845,19639
20210617,7호선,신대방삼거리,16325,15649,31974
20210617,7호선,장승배기,9373,9116,18489
20210617,7호선,상도,10543,10190,20733
20210617,7호선,숭실대입구,12470,12611,25081
20210617,7호선,남성,11092,10328,21420
20210617,7호선,이수,15722,15281,31003
20210617,7호선,내방,14323,14673,28996
20210617,7호선,반포,5813,5695,11508
20210617,경의선,행신,7885,8011,15896
20210617,경의선,능곡,3821,3504,7325
20210617,경의선,곡산,607,652,1259
20210617,공항철도 1호선,공덕,2212,2840,5052
20210617,공항철도 1호선,서울역,7384,6631,14015
20210617,경춘선,춘천,1475,1300,2775
20210617,경춘선,남춘천,3209,3026,6235
20210617,경춘선,김유정,317,357,674
20210617,경춘선,강촌,541,507,1048
20210617,경춘선,백양리,93,90,183
20210617,경춘선,굴봉산,184,191,375
20210617,경춘선,가평,1843,1907,3750
20210617,경춘선,상천,308,275,583
20210617,경춘선,청평,1656,1618,3274
20210617,경춘선,대성리,559,472,1031
20210617,경춘선,마석,4081,3896,7977
20210617,경춘선,천마산,1672,1647,3319
20210617,경춘선,평내호평,6471,6372,12843
20210617,공항철도 1호선,홍대입구,8983,9205,18188
20210617,경춘선,금곡,1610,1598,3208
20210617,공항철도 1호선,디지털미디어시티,14429,12994,27423
20210617,공항철도 1호선,김포공항,11418,6780,18198
20210617,과천선,평촌,18203,17765,35968
20210617,과천선,인덕원,23986,24368,48354
20210617,과천선,정부과천청사,10099,10122,20221
20210617,과천선,과천,5510,5127,10637
20210617,과천선,대공원,3043,3110,6153
20210617,과천선,경마공원,1431,1389,2820
20210617,과천선,선바위,8620,7505,16125
20210617,공항철도 1호선,영종,2922,2880,5802
20210617,공항철도 1호선,인천공항2터미널,1891,1850,3741
20210617,공항철도 1호선,인천공항1터미널,2917,3193,6110
20210617,공항철도 1호선,공항화물청사,2290,2471,4761
20210617,공항철도 1호선,운서,6175,6183,12358
20210617,공항철도 1호선,청라국제도시,6663,6312,12975
20210617,공항철도 1호선,검암,6856,6739,13595
20210617,공항철도 1호선,계양,9383,8782,18165
20210617,공항철도 1호선,마곡나루,8375,7982,16357
20210617,경원선,서빙고,1920,1756,3676
20210617,경춘선,사릉,3586,3385,6971
20210617,경춘선,별내,3145,3001,6146
20210617,경인선,역곡,28087,27901,55988
20210617,경인선,오류동,12338,11637,23975
20210617,경인선,개봉,21710,22086,43796
20210617,경의선,임진강,18,25,43
20210617,경의선,문산,4941,5040,9981
20210617,경의선,파주,1308,873,2181
20210617,경의선,월롱,2698,2453,5151
20210617,경의선,금촌,6189,6198,12387
20210617,경의선,금릉,4530,4545,9075
20210617,경의선,운정,6735,6380,13115
20210617,경의선,야당,6981,6704,13685
20210617,경의선,탄현,7737,7512,15249
20210617,경의선,일산,9476,9359,18835
20210617,경의선,풍산,5699,5354,11053
20210617,경의선,백마,7159,6912,14071
20210617,경인선,부천,32638,32622,65260
20210617,경춘선,퇴계원,3759,3481,7240
20210617,경인선,송내,27701,27893,55594
20210617,경인선,백운,7359,7334,14693
20210617,경춘선,갈매,3216,2760,5976
20210617,경춘선,신내,1747,1798,3545
20210617,경인선,도화,4370,4153,8523
20210617,경인선,중동,9372,8868,18240
20210617,경인선,온수,7223,6955,14178
20210617,경인선,도원,3494,3577,7071
20210617,경인선,간석,6007,5779,11786
20210617,경인선,부개,8731,8121,16852
20210617,경인선,소사,8943,8838,17781
20210617,경인선,구일,7464,7649,15113
20210617,경인선,인천,3519,2644,6163
20210617,경인선,동인천,14026,13256,27282
20210617,경인선,제물포,10792,10249,21041
20210617,경인선,주안,18833,17136,35969
20210617,경인선,동암,15194,15278,30472
20210617,경인선,부평,29560,31484,61044
20210617,경원선,한남,4308,4055,8363
20210617,과천선,범계,25744,25310,51054
20210617,경원선,응봉,1874,1653,3527
20210617,9호선,신반포,3297,3211,6508
20210617,9호선,고속터미널,11865,15108,26973
20210617,9호선,사평,3295,3287,6582
20210617,9호선,신논현,31613,31367,62980
20210617,9호선2~3단계,언주,10208,10491,20699
20210617,9호선2~3단계,선정릉,9854,10624,20478
20210617,9호선,구반포,2718,2785,5503
20210617,9호선2~3단계,삼성중앙,6875,7231,14106
20210617,9호선2~3단계,종합운동장,4123,4133,8256
20210617,9호선2~3단계,삼전,6572,6435,13007
20210617,9호선2~3단계,석촌고분,5861,5880,11741
20210617,9호선2~3단계,석촌,8056,7253,15309
20210617,9호선2~3단계,송파나루,4655,5018,9673
20210617,9호선2~3단계,한성백제,2434,2207,4641
20210617,9호선2~3단계,봉은사,16990,17313,34303
20210617,9호선,동작,1854,1507,3361
20210617,9호선,흑석,7649,7790,15439
20210617,9호선,노들,4347,3694,8041
20210617,5호선,하남검단산,4741,4677,9418
20210617,5호선,하남시청,5031,5041,10072
20210617,5호선,하남풍산,3982,4026,8008
20210617,5호선,미사,14806,14652,29458
20210617,5호선,강일,3276,3337,6613
20210617,5호선,마천,6533,6405,12938
20210617,5호선,거여,8615,8271,16886
20210617,5호선,개롱,6461,6731,13192
20210617,5호선,오금,3889,3848,7737
20210617,5호선,방이,6811,7039,13850
20210617,5호선,올림픽공원,4363,3722,8085
20210617,5호선,둔촌동,8680,8658,17338
20210617,5호선,상일동,16090,14394,30484
20210617,5호선,고덕,9221,9214,18435
20210617,5호선,명일,8409,8655,17064
20210617,9호선2~3단계,둔촌오륜,1250,1077,2327
20210617,9호선2~3단계,중앙보훈병원,10527,9397,19924
20210617,경강선,판교,4551,4513,9064
20210617,경강선,이매,1162,971,2133
20210617,경부선,금천구청,12046,12122,24168
20210617,경부선,석수,10114,8926,19040
20210617,경부선,관악,7551,6923,14474
20210617,경부선,안양,23451,23521,46972
20210617,경부선,명학,9062,9072,18134
20210617,경부선,금정,26720,26787,53507
20210617,경부선,군포,7826,7636,15462
20210617,경부선,의왕,9504,9341,18845
20210617,경부선,성균관대,14012,14049,28061
20210617,경부선,화서,7562,7185,14747
20210617,경부선,수원,35729,37480,73209
20210617,경부선,독산,17314,18439,35753
20210617,경부선,세류,3043,2822,5865
20210617,경부선,병점,14076,14169,28245
20210617,경원선,옥수,46,30,76
20210617,경부선,가산디지털단지,18807,21880,40687
20210617,6호선,응암,17884,17538,35422
20210617,경부선,구로,19128,19531,38659
20210617,경부선,신도림,4377,4257,8634
20210617,경강선,삼동,2345,2169,4514
20210617,경강선,경기광주,7195,6852,14047
20210617,경강선,초월,3171,2920,6091
20210617,경강선,곤지암,2170,2185,4355
20210617,경강선,신둔도예촌,1396,1296,2692
20210617,경강선,이천,2503,2642,5145
20210617,경강선,부발,1809,1722,3531
20210617,경강선,세종대왕릉,266,287,553
20210617,경강선,여주,2040,2049,4089
20210617,경부선,서울역,5004,1677,6681
20210617,경부선,남영,9337,9779,19116
20210617,경부선,용산,32451,32726,65177
20210617,경부선,노량진,8261,8460,16721
20210617,경부선,대방,13116,13356,26472
20210617,경부선,영등포,36468,37515,73983
20210617,경부선,신길,9503,8149,17652
20210617,6호선,역촌,3885,4423,8308
20210617,9호선2~3단계,올림픽공원,5826,5849,11675
20210617,6호선,독바위,2761,2991,5752
20210617,경원선,지행,6494,6425,12919
20210617,경원선,동두천중앙,3051,3046,6097
20210617,경원선,보산,1536,1390,2926
20210617,경원선,동두천,2426,2691,5117
20210617,7호선,용마산,6274,6178,12452
20210617,7호선,사가정,16500,16424,32924
20210617,7호선,면목,16287,16004,32291
20210617,7호선,상봉,17201,16007,33208
20210617,7호선,중화,10988,10687,21675
20210617,7호선,먹골,9951,9785,19736
20210617,7호선,태릉입구,8608,8108,16716
20210617,7호선,공릉,11742,11658,23400
20210617,7호선,하계,17532,16521,34053
20210617,7호선,중계,14801,13657,28458
20210617,7호선,노원,18730,20310,39040
20210617,경원선,덕계,3315,2867,6182
20210617,7호선,마들,12809,12158,24967
20210617,경원선,양주,7725,7023,14748
20210617,경원선,가능,6561,6458,13019
20210617,6호선,불광,4507,4539,9046
20210617,경원선,청량리,14711,15591,30302
20210617,경원선,외대앞,6954,6883,13837
20210617,경원선,신이문,8496,7848,16344
20210617,경원선,석계,8077,9208,17285
20210617,경원선,광운대,8440,8068,16508
20210617,경원선,월계,6615,6187,12802
20210617,경원선,녹천,4729,4012,8741
20210617,경원선,창동,1,0,1
20210617,경원선,방학,9570,9351,18921
20210617,경원선,도봉,6107,5869,11976
20210617,경원선,도봉산,8039,5191,13230
20210617,경원선,망월사,7497,7693,15190
20210617,경원선,회룡,12415,12290,24705
20210617,경원선,의정부,17809,18277,36086
20210617,경원선,녹양,4557,4483,9040
20210617,7호선,수락산,12906,12762,25668
20210617,경원선,덕정,5792,5673,11465
20210617,경원선,왕십리,13752,15246,28998
20210617,6호선,녹사평,4926,4824,9750
20210617,6호선,삼각지,6121,5349,11470
20210617,6호선,효창공원앞,6945,6412,13357
20210617,6호선,공덕,18682,18031,36713
20210617,6호선,대흥,7906,8365,16271
20210617,6호선,광흥창,8882,8716,17598
20210617,6호선,상수,8250,8949,17199
20210617,6호선,합정,12749,12619,25368
20210617,6호선,망원,14008,15135,29143
20210617,6호선,마포구청,14244,12931,27175
20210617,6호선,월드컵경기장,4643,4798,9441
20210617,6호선,디지털미디어시티,13919,15372,29291
20210617,6호선,증산,10147,9960,20107
20210617,6호선,새절,13354,12443,25797
20210617,7호선,도봉산,9268,10743,20011
20210617,6호선,이태원,9517,9792,19309
20210617,6호선,한강진,7553,8851,16404
20210617,6호선,구산,7603,5788,13391
20210617,6호선,약수,3678,3581,7259
20210617,6호선,버티고개,2034,2129,4163
20210617,6호선,봉화산,8982,8431,17413
20210617,6호선,화랑대,11815,9302,21117
20210617,6호선,태릉입구,5414,5970,11384
20210617,6호선,석계,12201,12536,24737
20210617,6호선,돌곶이,9112,8516,17628
20210617,6호선,상월곡,6344,5782,12126
20210617,6호선,월곡,11134,11159,22293
20210617,7호선,장암,2377,980,3357
20210617,6호선,안암,11935,11624,23559
20210617,6호선,보문,7156,6642,13798
20210617,6호선,창신,3704,3029,6733
20210617,6호선,동묘앞,7817,7859,15676
20210617,6호선,신당,8054,8374,16428
20210617,6호선,청구,3989,4185,8174
20210617,6호선,고려대,8140,7885,16025
20210618,분당선,영통,8534,8690,17224
20210618,분당선,청명,4426,4086,8512
20210618,분당선,상갈,5500,5072,10572
20210618,분당선,기흥,9449,8882,18331
20210618,분당선,신갈,4456,4433,8889
20210618,분당선,서현,24487,24916,49403
20210618,분당선,구성,4871,5184,10055
20210618,분당선,이매,5730,5352,11082
20210618,분당선,보정,2482,2130,4612
20210618,분당선,오리,11730,9710,21440
20210618,분당선,미금,15621,16286,31907
20210618,분당선,정자,17909,18896,36805
20210618,분당선,수내,12944,13027,25971
20210618,분당선,망포,14960,13763,28723
20210618,분당선,죽전,13501,14437,27938
20210618,분당선,매탄권선,5187,4822,10009
20210618,수인선,월곶,2533,2361,4894
20210618,분당선,매교,2916,2926,5842
20210618,분당선,야탑,25737,27271,53008
20210618,수인선,인하대,5746,5427,11173
20210618,수인선,송도,2607,2390,4997
20210618,수인선,연수,4633,4534,9167
20210618,수인선,원인재,4377,4731,9108
20210618,수인선,남동인더스파크,2269,2507,4776
20210618,수인선,호구포,3926,4108,8034
20210618,수인선,인천논현,5564,5846,11410
20210618,수인선,소래포구,4777,4668,9445
20210618,수인선,달월,73,58,131
20210618,수인선,사리,4400,4133,8533
20210618,수인선,야목,284,242,526
20210618,수인선,어천,812,745,1557
20210618,수인선,오목천,3024,2690,5714
20210618,수인선,고색,4215,3839,8054
20210618,분당선,수원시청,12730,14339,27069
20210618,분당선,모란,19864,19763,39627
20210618,경춘선,금곡,1515,1456,2971
20210618,분당선,가천대,7132,7967,15099
20210618,과천선,선바위,8577,7213,15790
20210618,공항철도 1호선,영종,2920,3067,5987
20210618,공항철도 1호선,인천공항2터미널,1846,1797,3643
20210618,공항철도 1호선,인천공항1터미널,2920,3611,6531
20210618,공항철도 1호선,공항화물청사,2280,2358,4638
20210618,공항철도 1호선,운서,6119,5992,12111
20210618,공항철도 1호선,청라국제도시,6637,6378,13015
20210618,공항철도 1호선,검암,6726,6615,13341
20210618,공항철도 1호선,계양,9271,8459,17730
20210618,공항철도 1호선,김포공항,13893,7498,21391
20210618,경춘선,갈매,3053,2685,5738
20210618,경춘선,별내,3117,2998,6115
20210618,경춘선,퇴계원,3547,3316,6863
20210618,경춘선,사릉,3427,3290,6717
20210618,수인선,숭의,3971,3737,7708
20210618,과천선,경마공원,1275,1300,2575
20210618,분당선,태평,13452,12750,26202
20210618,과천선,대공원,1960,2116,4076
20210618,과천선,정부과천청사,9708,9612,19320
20210618,분당선,선정릉,8266,8753,17019
20210618,분당선,강남구청,10285,11486,21771
20210618,분당선,압구정로데오,20005,22684,42689
20210618,분당선,서울숲,10667,10698,21365
20210618,분당선,수원,8473,7205,15678
20210618,분당선,수서,14415,15588,30003
20210618,분당선,대모산입구,3343,3101,6444
20210618,분당선,개포동,3823,3973,7796
20210618,분당선,구룡,2237,2059,4296
20210618,분당선,도곡,6864,6690,13554
20210618,분당선,한티,14227,15064,29291
20210618,분당선,선릉,13287,19825,33112
20210618,과천선,범계,25598,25466,51064
20210618,과천선,평촌,17542,17390,34932
20210618,과천선,인덕원,23888,24117,48005
20210618,과천선,과천,5604,4977,10581
20210618,수인선,신포,1821,1903,3724
20210618,경원선,소요산,2190,1863,4053
20210618,안산선,산본,15797,17073,32870
20210618,경의선,야당,6811,6951,13762
20210618,경의선,운정,6734,6330,13064
20210618,경의선,금릉,4768,4663,9431
20210618,경의선,금촌,6356,6263,12619
20210618,경의선,월롱,2513,2023,4536
20210618,경의선,파주,1288,807,2095
20210618,경의선,문산,5081,5031,10112
20210618,경의선,임진강,8,6,14
20210618,경의선,서울역,87,87,174
20210618,경인선,개봉,21733,21526,43259
20210618,경인선,오류동,12292,11161,23453
20210618,경인선,역곡,27570,27498,55068
20210618,경인선,부천,32727,33616,66343
20210618,경인선,송내,27335,27406,54741
20210618,경인선,부평,30531,33507,64038
20210618,경의선,탄현,7754,7421,15175
20210618,경인선,백운,7134,6935,14069
20210618,경의선,일산,9700,9702,19402
20210618,경의선,백마,7021,6758,13779
20210618,경춘선,평내호평,6109,6329,12438
20210618,경의선,서울역,4189,5326,9515
20210618,경의선,신촌,849,1084,1933
20210618,경의선,효창공원앞,2833,3156,5989
20210618,경의선,공덕,3616,3174,6790
20210618,경의선,서강대,2113,2033,4146
20210618,경의선,홍대입구,1820,2008,3828
20210618,경의선,가좌,5534,5116,10650
20210618,경의선,디지털미디어시티,2638,2488,5126
20210618,경의선,수색,2818,2903,5721
20210618,경의선,화전,2553,2291,4844
20210618,경의선,강매,3206,2806,6012
20210618,경의선,행신,8232,8201,16433
20210618,경의선,능곡,3727,3457,7184
20210618,경의선,곡산,627,639,1266
20210618,경의선,풍산,5684,5350,11034
20210618,수인선,인천,1002,1668,2670
20210618,경인선,동암,15211,15389,30600
20210618,경인선,제물포,11379,10741,22120
20210618,우이신설선,4.19민주묘지,2772,2704,5476
20210618,우이신설선,솔밭공원,2399,2229,4628
20210618,우이신설선,북한산우이,2306,2079,4385
20210618,안산선,수리산,4251,3261,7512
20210618,안산선,오이도,8647,8539,17186
20210618,안산선,정왕,8806,8909,17715
20210618,안산선,신길온천,1596,1511,3107
20210618,안산선,안산,11691,10632,22323
20210618,안산선,초지,4620,4881,9501
20210618,안산선,고잔,8984,8762,17746
20210618,안산선,중앙,18233,19206,37439
20210618,안산선,한대앞,9676,9458,19134
20210618,안산선,상록수,15798,15782,31580
20210618,안산선,반월,4245,3983,8228
20210618,안산선,대야미,4891,4355,9246
20210618,우이신설선,가오리,4309,4014,8323
20210618,경인선,주안,19181,17296,36477
20210618,우이신설선,화계,3243,2969,6212
20210618,우이신설선,삼양사거리,2441,2514,4955
20210618,경인선,동인천,13943,13419,27362
20210618,경인선,인천,3285,2394,5679
20210618,경인선,구일,6735,6603,13338
20210618,경인선,소사,8696,8408,17104
20210618,경인선,부개,8561,7813,16374
20210618,경인선,간석,6014,5696,11710
20210618,경인선,도원,3506,3450,6956
20210618,경인선,온수,7294,6865,14159
20210618,경인선,중동,9314,8715,18029
20210618,경인선,도화,4239,3935,8174
20210618,경춘선,신내,1589,1642,3231
20210618,우이신설선,성신여대입구,3144,3476,6620
20210618,우이신설선,정릉,4511,4085,8596
20210618,우이신설선,북한산보국문,5911,5513,11424
20210618,우이신설선,솔샘,5659,5171,10830
20210618,우이신설선,삼양,1985,2067,4052
20210618,경춘선,천마산,1681,1508,3189
20210618,2호선,양천구청,6876,7150,14026
20210618,경춘선,대성리,478,436,914
20210618,3호선,양재,40196,42458,82654
20210618,3호선,매봉,12608,11989,24597
20210618,3호선,도곡,5567,5636,11203
20210618,3호선,대치,10940,10945,21885
20210618,3호선,학여울,1753,1764,3517
20210618,3호선,대청,10351,9342,19693
20210618,3호선,남부터미널,30823,32214,63037
20210618,3호선,일원,10128,9616,19744
20210618,3호선,가락시장,9231,8793,18024
20210618,3호선,경찰병원,7389,7174,14563
20210618,3호선,오금,6133,5473,11606
20210618,4호선,수유,34108,33738,67846
20210618,4호선,미아,14769,14106,28875
20210618,4호선,미아사거리,27678,26906,54584
20210618,3호선,수서,18165,18565,36730
20210618,3호선,교대,14513,9341,23854
20210618,3호선,고속터미널,43335,47122,90457
20210618,3호선,잠원,4968,4887,9855
20210618,3호선,불광,16083,17126,33209
20210618,3호선,녹번,15388,13794,29182
20210618,3호선,홍제,17170,16005,33175
20210618,3호선,무악재,3947,3922,7869
20210618,3호선,독립문,7107,6781,13888
20210618,3호선,경복궁,19111,18655,37766
20210618,3호선,안국,19542,20509,40051
20210618,3호선,종로3가,10099,12074,22173
20210618,3호선,을지로3가,10628,11441,22069
20210618,3호선,동대입구,7192,7399,14591
20210618,3호선,약수,13141,12763,25904
20210618,3호선,금호,8419,7675,16094
20210618,3호선,옥수,9370,9563,18933
20210618,3호선,압구정,33206,35480,68686
20210618,3호선,신사,31507,33816,65323
20210618,4호선,길음,19984,18854,38838
20210618,4호선,성신여대입구,20053,19070,39123
20210618,4호선,한성대입구,13749,13085,26834
20210618,4호선,혜화,30817,30703,61520
20210618,5호선,방화,6881,6478,13359
20210618,5호선,개화산,5465,5053,10518
20210618,5호선,김포공항,7816,7707,15523
20210618,5호선,송정,6682,6128,12810
20210618,5호선,마곡,10315,10284,20599
20210618,5호선,발산,19151,19984,39135
20210618,5호선,우장산,14409,13895,28304
20210618,5호선,화곡,28369,26123,54492
20210618,5호선,까치산,29036,27560,56596
20210618,5호선,신정,14105,11062,25167
20210618,5호선,목동,17628,18957,36585
20210618,5호선,오목교,21818,23910,45728
20210618,5호선,양평,7646,7405,15051
20210618,5호선,영등포구청,3936,3890,7826
20210618,경원선,동두천,1995,2275,4270
20210618,4호선,쌍문,29725,27077,56802
20210618,3호선,연신내,36880,35004,71884
20210618,4호선,창동,25529,27048,52577
20210618,4호선,상계,19215,17590,36805
20210618,4호선,동대문,20201,20788,40989
20210618,4호선,동대문역사문화공원,14373,13637,28010
20210618,4호선,충무로,26202,27445,53647
20210618,4호선,명동,18017,19083,37100
20210618,4호선,회현,22694,24317,47011
20210618,4호선,서울역,10617,17508,28125
20210618,4호선,숙대입구,12953,12772,25725
20210618,4호선,삼각지,5127,5861,10988
20210618,4호선,신용산,16657,18007,34664
20210618,4호선,이촌,7444,8185,15629
20210618,4호선,동작,2496,2583,5079
20210618,4호선,총신대입구,18864,20634,39498
20210618,4호선,사당,25091,20782,45873
20210618,4호선,남태령,1434,1226,2660
20210618,4호선,당고개,12428,11365,23793
20210618,4호선,노원,18831,21752,40583
20210618,3호선,구파발,20349,19184,39533
20210618,3호선,지축,4023,3881,7904
20210618,2호선,용두,2437,2428,4865
20210618,1호선,종로3가,25147,23012,48159
20210618,1호선,종로5가,22096,22484,44580
20210618,1호선,동대문,10933,10056,20989
20210618,1호선,신설동,13809,13184,26993
20210618,1호선,제기동,15558,15665,31223
20210618,1호선,청량리,19642,19634,39276
20210618,2호선,시청,22751,22026,44777
20210618,2호선,을지로입구,37483,38838,76321
20210618,2호선,을지로3가,22349,22823,45172
20210618,2호선,을지로4가,12897,12970,25867
20210618,2호선,동대문역사문화공원,11711,13087,24798
20210618,2호선,신당,13715,14104,27819
20210618,2호선,상왕십리,14592,13911,28503
20210618,2호선,왕십리,17021,13715,30736
20210618,2호선,한양대,9408,10498,19906
20210618,1호선,종각,33870,33430,67300
20210618,2호선,뚝섬,24179,26143,50322
20210618,1호선,시청,20879,21482,42361
20210618,1호선,서울역,45606,44328,89934
20210618,경춘선,청평,1459,1631,3090
20210618,경춘선,상천,214,220,434
20210618,경춘선,가평,1655,1871,3526
20210618,경춘선,굴봉산,92,87,179
20210618,경춘선,백양리,54,79,133
20210618,경춘선,강촌,413,471,884
20210618,경춘선,김유정,230,254,484
20210618,공항철도 1호선,마곡나루,7820,7387,15207
20210618,공항철도 1호선,디지털미디어시티,13980,12371,26351
20210618,공항철도 1호선,홍대입구,10149,10079,20228
20210618,공항철도 1호선,공덕,2257,2947,5204
20210618,공항철도 1호선,서울역,8395,8079,16474
20210618,경춘선,춘천,1470,1265,2735
20210618,경춘선,남춘천,2540,2583,5123
20210618,7호선,사가정,16553,16412,32965
20210618,1호선,동묘앞,7148,7635,14783
20210618,경춘선,마석,3894,4007,7901
20210618,2호선,성수,36089,39934,76023
20210618,2호선,구의,23719,23147,46866
20210618,2호선,대림,24254,24616,48870
20210618,2호선,신도림,49630,49306,98936
20210618,2호선,문래,21686,22378,44064
20210618,2호선,영등포구청,23176,23431,46607
20210618,2호선,당산,19250,22294,41544
20210618,2호선,합정,32071,33961,66032
20210618,2호선,홍대입구,54991,59448,114439
20210618,2호선,신촌,32401,33485,65886
20210618,2호선,이대,13020,13338,26358
20210618,2호선,충정로,9913,10372,20285
20210618,2호선,용답,2819,2692,5511
20210618,2호선,신답,1660,1875,3535
20210618,2호선,신설동,3191,3233,6424
20210618,2호선,도림천,1474,1493,2967
20210618,2호선,신정네거리,10498,10687,21185
20210618,2호선,구로디지털단지,61760,61394,123154
20210618,2호선,건대입구,35737,38951,74688
20210618,2호선,신대방,26287,25229,51516
20210618,2호선,봉천,24112,21950,46062
20210618,2호선,강변,32429,32900,65329
20210618,2호선,잠실나루,14617,13934,28551
20210618,2호선,잠실,67116,67477,134593
20210618,2호선,잠실새내,21628,22090,43718
20210618,2호선,종합운동장,9119,9966,19085
20210618,2호선,삼성,53334,54386,107720
20210618,2호선,선릉,55042,49611,104653
20210618,2호선,역삼,50451,56554,107005
20210618,2호선,강남,87447,86984,174431
20210618,2호선,교대,34316,39118,73434
20210618,2호선,서초,21385,20833,42218
20210618,2호선,방배,16157,16988,33145
20210618,2호선,사당,36880,40409,77289
20210618,2호선,낙성대,27855,25529,53384
20210618,2호선,서울대입구,48286,46613,94899
20210618,2호선,신림,63767,60748,124515
20210618,경원선,보산,1719,1422,3141
20210618,2호선,아현,10724,9893,20617
20210618,경원선,지행,6545,6421,12966
20210618,7호선,용마산,6158,5867,12025
20210618,7호선,중곡,10104,9144,19248
20210618,7호선,군자,15170,11921,27091
20210618,7호선,어린이대공원,12436,12062,24498
20210618,7호선,건대입구,12056,12296,24352
20210618,7호선,청담,18987,21608,40595
20210618,7호선,면목,16279,15532,31811
20210618,7호선,강남구청,16306,18229,34535
20210618,7호선,논현,20860,22493,43353
20210618,7호선,반포,5953,5543,11496
20210618,7호선,고속터미널,17122,14382,31504
20210618,7호선,내방,14433,14834,29267
20210618,7호선,이수,16026,15703,31729
20210618,7호선,남성,11143,9899,21042
20210618,7호선,학동,23710,25620,49330
20210618,7호선,상봉,17185,16422,33607
20210618,7호선,중화,11038,10770,21808
20210618,7호선,먹골,10124,9841,19965
20210618,6호선,상월곡,6341,5566,11907
20210618,6호선,돌곶이,9155,8635,17790
20210618,6호선,석계,12282,12403,24685
20210618,6호선,태릉입구,5358,5978,11336
20210618,6호선,화랑대,11657,9077,20734
20210618,6호선,봉화산,8884,8110,16994
20210618,7호선,장암,2340,945,3285
20210618,7호선,도봉산,8705,9808,18513
20210618,7호선,수락산,12608,12472,25080
20210618,7호선,마들,12791,11811,24602
20210618,7호선,노원,19603,21201,40804
20210618,7호선,중계,14709,13146,27855
20210618,7호선,하계,17711,16235,33946
20210618,7호선,공릉,12224,11947,24171
20210618,7호선,태릉입구,8490,8117,16607
20210618,7호선,숭실대입구,12330,11969,24299
20210618,7호선,상도,10774,10085,20859
20210618,7호선,장승배기,9566,9120,18686
20210618,7호선,신대방삼거리,16356,15378,31734
20210618,8호선,강동구청,10531,10763,21294
20210618,8호선,몽촌토성,5896,5997,11893
20210618,8호선,잠실,13670,16467,30137
20210618,8호선,석촌,7659,8855,16514
20210618,8호선,송파,7721,7545,15266
20210618,8호선,가락시장,7695,8681,16376
20210618,8호선,문정,22025,23052,45077
20210618,8호선,장지,17450,16275,33725
20210618,8호선,복정,11289,9661,20950
20210618,8호선,산성,6029,5863,11892
20210618,8호선,남한산성입구,13121,11842,24963
20210618,8호선,단대오거리,10283,9878,20161
20210618,8호선,신흥,4465,4624,9089
20210618,8호선,수진,5145,4618,9763
20210618,8호선,모란,4210,3297,7507
20210618,8호선,천호,14699,17320,32019
20210618,6호선,월곡,11296,10899,22195
20210618,8호선,암사,19075,16620,35695
20210618,7호선,굴포천,9195,9867,19062
20210618,7호선,보라매,9783,9721,19504
20210618,7호선,신풍,12025,11290,23315
20210618,7호선,대림,8021,8123,16144
20210618,7호선,남구로,16250,17125,33375
20210618,7호선,가산디지털단지,46920,47102,94022
20210618,7호선,철산,21780,22344,44124
20210618,7호선,광명사거리,22604,21794,44398
20210618,7호선,천왕,11683,10804,22487
20210618,7호선,온수,11042,10191,21233
20210618,7호선,까치울,7769,7548,15317
20210618,7호선,부천종합운동장,4707,4041,8748
20210618,7호선,춘의,9809,9491,19300
20210618,7호선,신중동,14525,14565,29090
20210618,7호선,부천시청,12964,12899,25863
20210618,7호선,삼산체육관,5407,4930,10337
20210618,7호선,부평구청,7855,6832,14687
20210618,6호선,고려대,7985,7624,15609
20210618,6호선,안암,10956,10893,21849
20210618,6호선,보문,7339,6574,13913
20210618,5호선,왕십리,4631,5187,9818
20210618,5호선,마장,5653,5116,10769
20210618,5호선,답십리,16059,14594,30653
20210618,5호선,장한평,18603,18285,36888
20210618,5호선,군자,11348,12534,23882
20210618,5호선,아차산,14110,13535,27645
20210618,5호선,광나루,12622,11363,23985
20210618,5호선,천호,18070,18201,36271
20210618,5호선,강동,18676,17367,36043
20210618,5호선,길동,8085,8557,16642
20210618,5호선,굽은다리,9850,9399,19249
20210618,5호선,명일,8531,8802,17333
20210618,5호선,고덕,9322,9347,18669
20210618,5호선,상일동,16212,14337,30549
20210618,5호선,둔촌동,8710,8745,17455
20210618,5호선,행당,8366,7345,15711
20210618,5호선,올림픽공원,4357,3874,8231
20210618,5호선,신금호,6493,6473,12966
20210618,5호선,동대문역사문화공원,2768,3355,6123
20210618,7호선,상동,13130,13755,26885
20210618,경강선,판교,4523,4528,9051
20210618,7호선,뚝섬유원지,8466,8283,16749
20210618,5호선,영등포시장,9778,9833,19611
20210618,5호선,신길,4222,4345,8567
20210618,5호선,여의도,28408,30959,59367
20210618,5호선,여의나루,10957,12250,23207
20210618,5호선,마포,14363,14675,29038
20210618,5호선,공덕,14451,15560,30011
20210618,5호선,애오개,7057,6968,14025
20210618,5호선,충정로,4839,4859,9698
20210618,5호선,서대문,18696,19080,37776
20210618,5호선,광화문,28866,30870,59736
20210618,5호선,종로3가,12544,12894,25438
20210618,5호선,을지로4가,6007,6179,12186
20210618,5호선,청구,4044,3748,7792
20210618,9호선,개화,2611,1719,4330
20210618,5호선,방이,7063,7284,14347
20210618,5호선,개롱,6750,6751,13501
20210618,6호선,상수,8604,9723,18327
20210618,6호선,광흥창,9027,8661,17688
20210618,6호선,대흥,8284,8327,16611
20210618,6호선,공덕,18785,17953,36738
20210618,6호선,효창공원앞,7032,6230,13262
20210618,6호선,삼각지,6161,5289,11450
20210618,6호선,녹사평,5450,5312,10762
20210618,6호선,이태원,10613,11271,21884
20210618,6호선,한강진,8752,10248,19000
20210618,6호선,버티고개,2062,2065,4127
20210618,6호선,약수,3741,3577,7318
20210618,6호선,청구,3856,4119,7975
20210618,6호선,신당,8016,8389,16405
20210618,6호선,동묘앞,7548,7791,15339
20210618,6호선,창신,3708,2863,6571
20210618,6호선,합정,13690,13454,27144
20210618,5호선,오금,3859,3861,7720
20210618,6호선,망원,14562,15921,30483
20210618,6호선,월드컵경기장,4277,4629,8906
20210618,5호선,거여,8500,8127,16627
20210618,5호선,마천,6486,6359,12845
20210618,5호선,강일,3070,3220,6290
20210618,5호선,미사,14841,14722,29563
20210618,5호선,하남풍산,4018,3880,7898
20210618,5호선,하남시청,5175,5218,10393
20210618,5호선,하남검단산,4637,4514,9151
20210618,6호선,응암,17662,17248,34910
20210618,6호선,역촌,3831,4386,8217
20210618,6호선,불광,4333,4381,8714
20210618,6호선,독바위,2754,2747,5501
20210618,6호선,구산,7786,5623,13409
20210618,6호선,새절,13207,12222,25429
20210618,6호선,증산,10147,9714,19861
20210618,6호선,디지털미디어시티,13617,14683,28300
20210618,6호선,마포구청,14323,12633,26956
20210618,9호선,김포공항,8512,14019,22531
20210618,경원선,동두천중앙,3021,3023,6044
20210618,9호선,신방화,6860,6586,13446
20210618,경부선,관악,7156,6597,13753
20210618,경부선,안양,23193,23282,46475
20210618,경부선,명학,8958,8834,17792
20210618,경부선,금정,26441,26525,52966
20210618,경부선,군포,7628,7499,15127
20210618,경부선,의왕,8952,8997,17949
20210618,경부선,석수,9919,8610,18529
20210618,경부선,성균관대,14091,13880,27971
20210618,경부선,수원,37225,40112,77337
20210618,경부선,독산,17165,17932,35097
20210618,경부선,세류,3112,2965,6077
20210618,경부선,병점,15032,14763,29795
20210618,경부선,세마,2812,2524,5336
20210618,경부선,오산대,3534,3342,6876
20210618,경부선,화서,7203,7023,14226
20210618,경부선,금천구청,11916,12132,24048
20210618,경부선,가산디지털단지,18474,21335,39809
20210618,경부선,구로,18985,19493,38478
20210618,경강선,초월,3204,2876,6080
20210618,경강선,곤지암,2114,2064,4178
20210618,경강선,신둔도예촌,1454,1309,2763
20210618,경강선,이천,2687,2869,5556
20210618,경강선,부발,2295,1851,4146
20210618,경강선,세종대왕릉,276,287,563
20210618,경강선,여주,2079,2049,4128
20210618,경부선,서울역,6980,2439,9419
20210618,경부선,남영,9157,9566,18723
20210618,경부선,용산,36743,38615,75358
20210618,경부선,노량진,8750,8596,17346
20210618,경부선,대방,12918,13017,25935
20210618,경부선,영등포,39482,41534,81016
20210618,경부선,신도림,4077,4218,8295
20210618,경부선,신길,9522,7842,17364
20210618,경부선,진위,1753,1413,3166
20210618,경부선,송탄,4545,4104,8649
20210618,경부선,서정리,7048,5930,12978
20210618,경부선,평택지제,3402,3176,6578
20210618,경원선,월계,6577,6137,12714
20210618,경원선,녹천,4674,3852,8526
20210618,경원선,창동,1,0,1
20210618,경원선,방학,9447,9227,18674
20210618,경원선,도봉,5940,5563,11503
20210618,경원선,도봉산,6710,4111,10821
20210618,경원선,망월사,7739,7768,15507
20210618,경원선,회룡,12204,12341,24545
20210618,경원선,의정부,18163,19628,37791
20210618,경원선,가능,6492,6188,12680
20210618,경원선,녹양,4704,4558,9262
20210618,경원선,양주,7791,7148,14939
20210618,경원선,덕계,2974,2690,5664
20210618,경원선,덕정,5889,5567,11456
20210618,9호선,공항시장,2960,3173,6133
20210618,경원선,광운대,8317,7815,16132
20210618,경강선,경기광주,7212,6784,13996
20210618,경원선,석계,8069,9162,17231
20210618,경원선,외대앞,7158,7009,14167
20210618,경부선,평택,13127,12568,25695
20210618,경부선,성환,3837,3575,7412
20210618,경부선,직산,805,774,1579
20210618,경부선,두정,6068,6091,12159
20210618,경부선,천안,5772,5815,11587
20210618,경부선,당정,6276,6055,12331
20210618,경부선,서동탄,1528,1424,2952
20210618,경부선,광명,3498,3333,6831
20210618,경원선,이촌,3952,2969,6921
20210618,경원선,서빙고,1913,1693,3606
20210618,경원선,한남,4187,3915,8102
20210618,경원선,옥수,72,40,112
20210618,경원선,응봉,1917,1594,3511
20210618,경원선,왕십리,14516,16096,30612
20210618,경원선,청량리,16064,17423,33487
20210618,경원선,신이문,8300,7596,15896
20210618,경강선,삼동,2382,2086,4468
20210618,경부선,오산,10323,9932,20255
20210618,9호선2~3단계,중앙보훈병원,10152,8807,18959
20210618,중앙선,망우,7665,7488,15153
20210618,중앙선,상봉,6198,6182,12380
20210618,중앙선,중랑,5663,5389,11052
20210618,중앙선,회기,24691,23194,47885
20210618,장항선,신창,1708,1349,3057
20210618,장항선,온양온천,3514,3694,7208
20210618,장항선,배방,1098,1025,2123
20210618,장항선,아산,3227,3379,6606
20210618,장항선,쌍용,2078,1896,3974
20210618,장항선,봉명,1152,1126,2278
20210618,일산선,대화,13373,10719,24092
20210618,일산선,주엽,8721,8743,17464
20210618,일산선,정발산,7036,7273,14309
20210618,일산선,마두,7433,7633,15066
20210618,일산선,백석,9801,9914,19715
20210618,중앙선,구리,13485,13965,27450
20210618,일산선,대곡,1918,1483,3401
20210618,중앙선,도농,9997,8971,18968
20210618,중앙선,덕소,5645,5740,11385
20210618,경강선,이매,1091,924,2015
20210618,9호선,양천향교,9910,9929,19839
20210618,9호선,가양,20522,19765,40287
20210618,중앙선,지평,57,79,136
20210618,중앙선,용문,1665,1864,3529
20210618,중앙선,원덕,329,366,695
20210618,중앙선,양평,3150,3439,6589
20210618,중앙선,오빈,304,274,578
20210618,중앙선,아신,513,572,1085
20210618,중앙선,국수,728,707,1435
20210618,중앙선,신원,180,170,350
20210618,중앙선,양수,1728,1800,3528
20210618,중앙선,운길산,716,689,1405
20210618,중앙선,팔당,818,815,1633
20210618,중앙선,도심,2444,1923,4367
20210618,중앙선,양정,722,638,1360
20210618,일산선,화정,16695,17072,33767
20210618,중앙선,양원,1805,1727,3532
20210618,9호선,마곡나루,11156,11455,22611
20210618,9호선,고속터미널,13090,17989,31079
20210618,9호선,사평,3436,3323,6759
20210618,9호선,신논현,33407,33647,67054
20210618,9호선2~3단계,언주,10048,10408,20456
20210618,9호선2~3단계,선정릉,9775,10567,20342
20210618,9호선2~3단계,삼성중앙,6687,7061,13748
20210618,9호선2~3단계,봉은사,16785,17143,33928
20210618,9호선2~3단계,종합운동장,4217,4168,8385
20210618,9호선2~3단계,삼전,6713,6366,13079
20210618,9호선2~3단계,석촌고분,6028,5828,11856
20210618,9호선2~3단계,석촌,8071,7412,15483
20210618,9호선2~3단계,송파나루,4798,5200,9998
20210618,9호선2~3단계,한성백제,2484,2284,4768
20210618,9호선2~3단계,올림픽공원,6623,6492,13115
20210618,일산선,원당,11230,10667,21897
20210618,9호선,신반포,3331,3273,6604
20210618,9호선,구반포,2716,2745,5461
20210618,9호선2~3단계,둔촌오륜,1249,1043,2292
20210618,9호선,흑석,7696,7999,15695
20210618,9호선,동작,1803,1448,3251
20210618,일산선,원흥,10638,9987,20625
20210618,우이신설선,신설동,2098,2036,4134
20210618,우이신설선,보문,1420,1451,2871
20210618,9호선,증미,7669,7467,15136
20210618,9호선,등촌,11555,11026,22581
20210618,9호선,염창,17088,16553,33641
20210618,9호선,신목동,3937,3506,7443
20210618,일산선,삼송,18434,17993,36427
20210618,9호선,당산,18269,17927,36196
20210618,9호선,국회의사당,15252,15756,31008
20210618,9호선,여의도,27689,25954,53643
20210618,9호선,샛강,5762,6115,11877
20210618,9호선,노량진,26115,25301,51416
20210618,9호선,노들,4457,3663,8120
20210618,9호선,선유도,8247,8078,16325
20210621,2호선,강변,31329,29922,61251
20210621,2호선,잠실나루,15128,14895,30023
20210621,2호선,잠실,65663,66107,131770
20210621,2호선,잠실새내,20807,20585,41392
20210621,2호선,종합운동장,7072,7451,14523
20210621,2호선,낙성대,27124,26764,53888
20210621,2호선,삼성,49449,50278,99727
20210621,2호선,강남,84837,83553,168390
20210621,2호선,역삼,52096,58125,110221
20210621,2호선,교대,34221,38699,72920
20210621,2호선,서초,21921,21517,43438
20210621,2호선,방배,16345,17158,33503
20210621,2호선,사당,34524,38072,72596
20210621,2호선,구의,23200,23142,46342
20210621,2호선,선릉,56946,50942,107888
20210621,2호선,건대입구,33832,36573,70405
20210621,2호선,을지로3가,22433,22454,44887
20210621,2호선,뚝섬,22315,24010,46325
20210621,2호선,서울대입구,46548,46486,93034
20210621,1호선,종로3가,24866,22808,47674
20210621,1호선,종로5가,22872,22620,45492
20210621,1호선,동대문,11110,10854,21964
20210621,1호선,신설동,14062,13846,27908
20210621,1호선,제기동,17408,17600,35008
20210621,1호선,청량리,20136,20290,40426
20210621,2호선,시청,23386,22250,45636
20210621,2호선,을지로입구,38800,39674,78474
20210621,2호선,을지로4가,13094,13054,26148
20210621,2호선,동대문역사문화공원,11840,13217,25057
20210621,2호선,신당,13690,14099,27789
20210621,2호선,상왕십리,14339,13942,28281
20210621,2호선,왕십리,16100,12919,29019
20210621,2호선,한양대,8824,9920,18744
20210621,2호선,성수,36362,39724,76086
20210621,2호선,봉천,24411,22743,47154
20210621,3호선,약수,12910,12848,25758
20210621,2호선,신대방,26358,25698,52056
20210621,3호선,지축,4280,4125,8405
20210621,3호선,구파발,20608,19691,40299
20210621,3호선,연신내,36921,35033,71954
20210621,3호선,불광,16293,17591,33884
20210621,3호선,녹번,15200,13988,29188
20210621,3호선,홍제,17452,16436,33888
20210621,3호선,무악재,3918,4002,7920
20210621,3호선,독립문,7216,7221,14437
20210621,3호선,경복궁,18644,18545,37189
20210621,3호선,안국,18786,19486,38272
20210621,3호선,종로3가,10068,11652,21720
20210621,3호선,을지로3가,10854,11181,22035
20210621,3호선,충무로,1,0,1
20210621,3호선,동대입구,7268,7691,14959
20210621,1호선,종각,35061,34514,69575
20210621,2호선,용두,2360,2427,4787
20210621,2호선,신림,61663,60322,121985
20210621,2호선,신정네거리,10522,10770,21292
20210621,2호선,도림천,1481,1513,2994
20210621,2호선,구로디지털단지,62470,62816,125286
20210621,2호선,대림,24944,25306,50250
20210621,2호선,신도림,47894,46866,94760
20210621,2호선,문래,21583,22087,43670
20210621,2호선,영등포구청,23111,23544,46655
20210621,2호선,당산,18948,21927,40875
20210621,2호선,합정,30093,31207,61300
20210621,2호선,홍대입구,51366,53269,104635
20210621,2호선,신촌,32134,33165,65299
20210621,2호선,이대,12858,13556,26414
20210621,2호선,아현,10533,10061,20594
20210621,2호선,충정로,10293,10768,21061
20210621,2호선,용답,2714,2721,5435
20210621,2호선,신답,1645,1879,3524
20210621,2호선,신설동,3197,3138,6335
20210621,2호선,양천구청,6998,7319,14317
20210621,1호선,시청,21216,21859,43075
20210621,경원선,외대앞,7133,7102,14235
20210621,1호선,서울역,42934,40646,83580
20210621,경원선,동두천중앙,3166,3031,6197
20210621,경원선,보산,1607,1576,3183
20210621,경원선,동두천,2069,2398,4467
20210621,경원선,소요산,2934,2464,5398
20210621,경의선,서울역,4437,5558,9995
20210621,경의선,신촌,866,1101,1967
20210621,경의선,효창공원앞,2897,3212,6109
20210621,경의선,공덕,3608,3305,6913
20210621,경의선,서강대,2168,2073,4241
20210621,경의선,홍대입구,1631,1716,3347
20210621,경의선,가좌,5446,5140,10586
20210621,경의선,디지털미디어시티,2567,2476,5043
20210621,경의선,수색,2885,3046,5931
20210621,경의선,화전,1527,1386,2913
20210621,경의선,강매,3375,2931,6306
20210621,경원선,지행,6605,6693,13298
20210621,경의선,행신,7959,8017,15976
20210621,경원선,덕정,5563,5492,11055
20210621,경원선,양주,7771,7124,14895
20210621,3호선,금호,8176,7814,15990
20210621,경원선,신이문,8572,7879,16451
20210621,경원선,석계,8083,9162,17245
20210621,경원선,광운대,8311,8021,16332
20210621,경원선,월계,6652,6294,12946
20210621,경원선,녹천,4887,4148,9035
20210621,경원선,창동,1,0,1
20210621,경원선,방학,9695,9472,19167
20210621,경원선,도봉,6101,5784,11885
20210621,경원선,도봉산,7862,4990,12852
20210621,경원선,망월사,7560,7789,15349
20210621,경원선,회룡,12574,12349,24923
20210621,경원선,의정부,17304,17829,35133
20210621,경원선,가능,6893,6531,13424
20210621,경원선,녹양,4640,4393,9033
20210621,경원선,덕계,3067,2818,5885
20210621,1호선,동묘앞,7709,8216,15925
20210621,경의선,능곡,3812,3620,7432
20210621,경의선,백마,7204,6868,14072
20210621,분당선,미금,15487,16372,31859
20210621,분당선,정자,17535,18494,36029
20210621,분당선,수내,12981,13003,25984
20210621,분당선,서현,23118,23482,46600
20210621,분당선,야탑,25493,26477,51970
20210621,분당선,모란,19487,19545,39032
20210621,분당선,태평,13340,12881,26221
20210621,분당선,가천대,6499,7503,14002
20210621,분당선,선정릉,8304,8788,17092
20210621,분당선,강남구청,9799,11243,21042
20210621,분당선,압구정로데오,17540,19351,36891
20210621,분당선,서울숲,11058,11236,22294
20210621,분당선,수원,7808,6575,14383
20210621,분당선,수서,13676,13781,27457
20210621,6호선,효창공원앞,7078,6403,13481
20210621,분당선,오리,11828,10070,21898
20210621,경의선,곡산,609,643,1252
20210621,분당선,이매,5709,5237,10946
20210621,분당선,죽전,12019,13517,25536
20210621,경의선,풍산,5689,5382,11071
20210621,경의선,일산,9429,9238,18667
20210621,경의선,탄현,7851,7522,15373
20210621,수인선,오목천,2723,2576,5299
20210621,수인선,고색,3986,3863,7849
20210621,분당선,매교,3079,3061,6140
20210621,분당선,수원시청,12412,13156,25568
20210621,분당선,매탄권선,4986,4852,9838
20210621,분당선,망포,13982,13388,27370
20210621,분당선,영통,7984,8130,16114
20210621,분당선,청명,4322,4165,8487
20210621,분당선,상갈,5498,5235,10733
20210621,분당선,기흥,9288,8865,18153
20210621,분당선,신갈,4628,4535,9163
20210621,분당선,구성,5055,5247,10302
20210621,분당선,보정,2584,2321,4905
20210621,3호선,옥수,9110,9488,18598
20210621,5호선,답십리,16083,14813,30896
20210621,3호선,신사,30060,31693,61753
20210621,6호선,응암,17642,17375,35017
20210621,6호선,역촌,3835,4524,8359
20210621,6호선,불광,4328,4207,8535
20210621,6호선,독바위,2874,2916,5790
20210621,6호선,구산,7772,5775,13547
20210621,6호선,새절,13173,12308,25481
20210621,6호선,증산,10086,9887,19973
20210621,6호선,디지털미디어시티,14173,15314,29487
20210621,6호선,월드컵경기장,4381,4767,9148
20210621,6호선,마포구청,14251,12915,27166
20210621,6호선,망원,13552,14685,28237
20210621,6호선,합정,12494,12345,24839
20210621,6호선,상수,7665,8359,16024
20210621,6호선,광흥창,9007,8668,17675
20210621,6호선,대흥,8043,8324,16367
20210621,5호선,하남검단산,4778,4641,9419
20210621,6호선,공덕,18748,18153,36901
20210621,5호선,하남시청,5180,5145,10325
20210621,5호선,미사,14749,14574,29323
20210621,5호선,천호,17454,17477,34931
20210621,5호선,강동,18518,17898,36416
20210621,5호선,길동,8209,8332,16541
20210621,5호선,굽은다리,9740,9264,19004
20210621,5호선,명일,8749,9037,17786
20210621,5호선,고덕,9667,9468,19135
20210621,5호선,상일동,16150,14555,30705
20210621,5호선,둔촌동,8720,8742,17462
20210621,5호선,올림픽공원,4439,3888,8327
20210621,5호선,방이,6828,7090,13918
20210621,5호선,오금,3909,3924,7833
20210621,5호선,개롱,6664,6926,13590
20210621,5호선,거여,8684,8362,17046
20210621,5호선,마천,6504,6517,13021
20210621,5호선,강일,3282,3456,6738
20210621,5호선,하남풍산,3934,3942,7876
20210621,5호선,광나루,12914,11833,24747
20210621,6호선,삼각지,5737,4990,10727
20210621,6호선,이태원,9353,9551,18904
20210621,7호선,도봉산,9089,10714,19803
20210621,7호선,수락산,12904,12800,25704
20210621,7호선,마들,12738,12039,24777
20210621,7호선,노원,19523,20868,40391
20210621,7호선,중계,14637,13438,28075
20210621,7호선,하계,17775,16732,34507
20210621,7호선,공릉,11691,11923,23614
20210621,7호선,태릉입구,8354,7963,16317
20210621,7호선,먹골,9982,9830,19812
20210621,7호선,중화,11078,10767,21845
20210621,7호선,상봉,16986,16193,33179
20210621,7호선,면목,15382,14998,30380
20210621,7호선,사가정,16493,16625,33118
20210621,경원선,청량리,15109,15660,30769
20210621,7호선,중곡,9916,9207,19123
20210621,7호선,장암,2391,885,3276
20210621,6호선,녹사평,4823,4641,9464
20210621,6호선,신내,2,0,2
20210621,6호선,화랑대,11741,9100,20841
20210621,6호선,한강진,6503,7741,14244
20210621,6호선,버티고개,2049,2162,4211
20210621,6호선,약수,3765,3689,7454
20210621,6호선,청구,3943,4097,8040
20210621,6호선,신당,7507,8115,15622
20210621,6호선,동묘앞,7812,8053,15865
20210621,6호선,창신,3659,2966,6625
20210621,6호선,보문,7125,6553,13678
20210621,6호선,안암,11652,11654,23306
20210621,6호선,고려대,8060,7855,15915
20210621,6호선,월곡,11428,11499,22927
20210621,6호선,상월곡,6292,5610,11902
20210621,6호선,돌곶이,9192,8659,17851
20210621,6호선,석계,12215,12556,24771
20210621,6호선,태릉입구,5397,5964,11361
20210621,6호선,봉화산,9153,8471,17624
20210621,3호선,압구정,32456,33995,66451
20210621,5호선,아차산,14029,13692,27721
20210621,5호선,장한평,18527,18309,36836
20210621,4호선,성신여대입구,19281,18529,37810
20210621,4호선,한성대입구,13326,13105,26431
20210621,4호선,혜화,29119,29320,58439
20210621,4호선,동대문,21300,21666,42966
20210621,4호선,동대문역사문화공원,14815,13607,28422
20210621,4호선,충무로,26090,27131,53221
20210621,4호선,명동,18415,18926,37341
20210621,4호선,회현,24217,25847,50064
20210621,4호선,서울역,10727,15145,25872
20210621,4호선,숙대입구,12888,12422,25310
20210621,4호선,삼각지,5058,5394,10452
20210621,4호선,신용산,15952,17120,33072
20210621,4호선,이촌,7221,8134,15355
20210621,4호선,동작,2532,2735,5267
20210621,4호선,총신대입구,18940,20612,39552
20210621,4호선,길음,20113,19383,39496
20210621,4호선,사당,23640,20010,43650
20210621,4호선,미아사거리,27453,26710,54163
20210621,4호선,수유,33873,33496,67369
20210621,3호선,잠원,4901,4889,9790
20210621,3호선,고속터미널,35522,32772,68294
20210621,3호선,교대,14131,9217,23348
20210621,3호선,남부터미널,28520,29436,57956
20210621,3호선,양재,39105,42703,81808
20210621,3호선,매봉,12824,12160,24984
20210621,3호선,도곡,5628,5662,11290
20210621,3호선,대치,10760,10982,21742
20210621,3호선,학여울,1731,1738,3469
20210621,3호선,대청,10084,9243,19327
20210621,3호선,일원,10424,10452,20876
20210621,3호선,수서,17150,17487,34637
20210621,3호선,가락시장,9190,8847,18037
20210621,3호선,경찰병원,7552,7573,15125
20210621,3호선,오금,6333,5607,11940
20210621,4호선,미아,14809,14566,29375
20210621,5호선,군자,11008,11893,22901
20210621,4호선,남태령,1240,1126,2366
20210621,4호선,상계,19390,17955,37345
20210621,5호선,여의나루,12797,14132,26929
20210621,5호선,마포,14530,14937,29467
20210621,5호선,공덕,14609,15454,30063
20210621,5호선,애오개,6867,6952,13819
20210621,5호선,충정로,5066,5193,10259
20210621,5호선,서대문,19080,19620,38700
20210621,5호선,광화문,30111,31419,61530
20210621,5호선,종로3가,12036,11770,23806
20210621,5호선,을지로4가,6213,6358,12571
20210621,5호선,동대문역사문화공원,2883,3396,6279
20210621,5호선,청구,4089,3718,7807
20210621,5호선,신금호,6528,6726,13254
20210621,5호선,행당,8378,7432,15810
20210621,5호선,왕십리,4506,4953,9459
20210621,5호선,마장,5472,5172,10644
20210621,5호선,여의도,28884,30668,59552
20210621,4호선,당고개,12988,11602,24590
20210621,5호선,신길,4078,4451,8529
20210621,5호선,영등포구청,4185,4175,8360
20210621,4호선,노원,18665,20849,39514
20210621,4호선,창동,25972,27429,53401
20210621,4호선,쌍문,29695,27095,56790
20210621,5호선,개화산,5503,5222,10725
20210621,5호선,김포공항,7602,7245,14847
20210621,5호선,송정,6744,6236,12980
20210621,5호선,마곡,10446,10254,20700
20210621,5호선,발산,19714,20391,40105
20210621,5호선,우장산,14548,14343,28891
20210621,5호선,화곡,28516,26769,55285
20210621,5호선,까치산,28991,27914,56905
20210621,5호선,신정,14053,11203,25256
20210621,5호선,목동,17134,18824,35958
20210621,5호선,오목교,21884,23662,45546
20210621,5호선,양평,7619,7552,15171
20210621,5호선,영등포시장,9615,9920,19535
20210621,경원선,왕십리,13731,15366,29097
20210621,7호선,용마산,6190,5977,12167
20210621,경원선,옥수,49,53,102
20210621,공항철도 1호선,김포공항,12564,7287,19851
20210621,공항철도 1호선,계양,9316,8762,18078
20210621,공항철도 1호선,검암,6873,6760,13633
20210621,공항철도 1호선,청라국제도시,6690,6248,12938
20210621,공항철도 1호선,운서,6097,6195,12292
20210621,공항철도 1호선,공항화물청사,2232,2435,4667
20210621,공항철도 1호선,마곡나루,8244,8090,16334
20210621,공항철도 1호선,인천공항1터미널,3028,3312,6340
20210621,공항철도 1호선,영종,3022,3013,6035
20210621,과천선,선바위,8612,7444,16056
20210621,과천선,경마공원,932,907,1839
20210621,과천선,대공원,2579,2683,5262
20210621,과천선,과천,5707,5149,10856
20210621,과천선,정부과천청사,10201,10183,20384
20210621,공항철도 1호선,인천공항2터미널,1899,1915,3814
20210621,공항철도 1호선,디지털미디어시티,14148,13041,27189
20210621,공항철도 1호선,홍대입구,9185,9184,18369
20210621,공항철도 1호선,공덕,2274,2842,5116
20210621,안산선,정왕,8989,9687,18676
20210621,안산선,신길온천,1796,1579,3375
20210621,안산선,안산,12024,10894,22918
20210621,안산선,초지,4608,4636,9244
20210621,안산선,고잔,9048,8666,17714
20210621,안산선,중앙,17779,18128,35907
20210621,안산선,한대앞,9403,9404,18807
20210621,경춘선,가평,1834,2053,3887
20210621,경춘선,굴봉산,143,145,288
20210621,경춘선,백양리,72,72,144
20210621,경춘선,강촌,402,400,802
20210621,경춘선,김유정,300,323,623
20210621,경춘선,남춘천,2205,2291,4496
20210621,경춘선,춘천,1485,1324,2809
20210621,공항철도 1호선,서울역,7324,6762,14086
20210621,과천선,인덕원,23932,24692,48624
20210621,과천선,평촌,18152,18206,36358
20210621,과천선,범계,25328,25060,50388
20210621,분당선,선릉,13720,20225,33945
20210621,7호선,청담,19617,21576,41193
20210621,7호선,뚝섬유원지,9916,9706,19622
20210621,7호선,건대입구,11920,12142,24062
20210621,7호선,어린이대공원,12308,12260,24568
20210621,7호선,남구로,16851,17873,34724
20210621,7호선,가산디지털단지,48841,49321,98162
20210621,분당선,대모산입구,3490,3177,6667
20210621,안산선,상록수,15957,15892,31849
20210621,안산선,반월,4467,4212,8679
20210621,안산선,대야미,5159,4736,9895
20210621,안산선,산본,16176,17340,33516
20210621,수인선,인천,1130,1759,2889
20210621,수인선,신포,1831,1911,3742
20210621,수인선,숭의,4188,3897,8085
20210621,수인선,인하대,5924,5533,11457
20210621,7호선,강남구청,16342,17796,34138
20210621,안산선,오이도,8965,8394,17359
20210621,7호선,학동,24576,26092,50668
20210621,7호선,반포,5813,5656,11469
20210621,분당선,한티,13848,14817,28665
20210621,분당선,도곡,6824,6788,13612
20210621,분당선,구룡,2157,2073,4230
20210621,분당선,개포동,3844,3910,7754
20210621,7호선,대림,8189,7951,16140
20210621,7호선,신풍,11902,11431,23333
20210621,7호선,보라매,9631,9713,19344
20210621,7호선,신대방삼거리,16405,15851,32256
20210621,7호선,장승배기,9616,9454,19070
20210621,7호선,상도,10621,10357,20978
20210621,7호선,숭실대입구,11806,12204,24010
20210621,7호선,남성,10951,10229,21180
20210621,7호선,이수,15315,15128,30443
20210621,7호선,내방,14513,14659,29172
20210621,7호선,고속터미널,16405,13352,29757
20210621,7호선,논현,20966,22130,43096
20210621,경춘선,상천,307,280,587
20210621,중앙선,지평,97,79,176
20210621,중앙선,용문,1951,1957,3908
20210621,일산선,백석,10120,10050,20170
20210621,일산선,마두,7631,7748,15379
20210621,일산선,정발산,7091,7057,14148
20210621,일산선,주엽,9150,9095,18245
20210621,일산선,대화,13451,10603,24054
20210621,장항선,봉명,1274,1178,2452
20210621,장항선,쌍용,1787,1758,3545
20210621,장항선,아산,2658,2396,5054
20210621,장항선,배방,1035,1037,2072
20210621,장항선,온양온천,3311,3220,6531
20210621,장항선,신창,1194,1341,2535
20210621,중앙선,회기,24714,24101,48815
20210621,중앙선,중랑,5618,5337,10955
20210621,중앙선,상봉,5974,5815,11789
20210621,중앙선,망우,7725,7572,15297
20210621,일산선,대곡,1986,1519,3505
20210621,중앙선,양원,1795,1867,3662
20210621,일산선,화정,16935,17218,34153
20210621,일산선,삼송,18540,18055,36595
20210621,우이신설선,정릉,4552,4182,8734
20210621,우이신설선,북한산보국문,5840,5658,11498
20210621,우이신설선,솔샘,5804,5531,11335
20210621,우이신설선,삼양사거리,2446,2534,4980
20210621,우이신설선,삼양,2067,2252,4319
20210621,우이신설선,화계,3341,3207,6548
20210621,우이신설선,가오리,4342,4315,8657
20210621,우이신설선,4.19민주묘지,2951,2804,5755
20210621,우이신설선,솔밭공원,2500,2498,4998
20210621,우이신설선,북한산우이,2702,2569,5271
20210621,안산선,수리산,4380,3587,7967
20210621,우이신설선,성신여대입구,3182,3450,6632
20210621,우이신설선,보문,1469,1437,2906
20210621,우이신설선,신설동,2231,2122,4353
20210621,일산선,원흥,10415,9971,20386
20210621,일산선,원당,11472,11026,22498
20210621,수인선,송도,2750,2482,5232
20210621,중앙선,구리,13773,13739,27512
20210621,중앙선,양정,870,715,1585
20210621,경춘선,갈매,3190,2821,6011
20210621,경춘선,별내,3197,3037,6234
20210621,경춘선,퇴계원,3723,3434,7157
20210621,경춘선,사릉,3519,3309,6828
20210621,경춘선,금곡,1613,1546,3159
20210621,경춘선,평내호평,6490,6241,12731
20210621,경춘선,천마산,1768,1655,3423
20210621,경춘선,마석,4166,4022,8188
20210621,경춘선,대성리,540,524,1064
20210621,경춘선,청평,1928,1833,3761
20210621,중앙선,국수,808,797,1605
20210621,중앙선,아신,580,571,1151
20210621,중앙선,오빈,301,255,556
20210621,중앙선,양평,2830,2842,5672
20210621,중앙선,원덕,381,362,743
20210621,경춘선,신내,1732,1723,3455
20210621,중앙선,도농,10150,9196,19346
20210621,경인선,도화,4445,4084,8529
20210621,경인선,온수,7247,6809,14056
20210621,중앙선,덕소,5787,5781,11568
20210621,중앙선,도심,2563,1978,4541
20210621,중앙선,팔당,869,832,1701
20210621,중앙선,운길산,829,805,1634
20210621,중앙선,양수,2131,2123,4254
20210621,중앙선,신원,226,183,409
20210621,경인선,주안,18939,17033,35972
20210621,경인선,제물포,11445,10941,22386
20210621,경인선,동인천,14212,13447,27659
20210621,경인선,인천,3556,2754,6310
20210621,경인선,구일,7281,7393,14674
20210621,경인선,소사,9176,8948,18124
20210621,경인선,부개,8737,8263,17000
20210621,경인선,간석,6093,5799,11892
20210621,경인선,도원,3442,3487,6929
20210621,경인선,중동,9477,8999,18476
20210621,수인선,연수,4631,4515,9146
20210621,경원선,응봉,1973,1649,3622
20210621,7호선,철산,21793,22090,43883
20210621,경강선,이매,1176,960,2136
20210621,경강선,삼동,2411,2243,4654
20210621,경강선,경기광주,7228,6917,14145
20210621,경강선,초월,3164,3021,6185
20210621,경강선,곤지암,2199,2214,4413
20210621,경강선,신둔도예촌,1398,1323,2721
20210621,경강선,이천,2494,2640,5134
20210621,경강선,부발,1703,1771,3474
20210621,경강선,세종대왕릉,289,258,547
20210621,경강선,여주,2032,2025,4057
20210621,경부선,서울역,6148,1857,8005
20210621,경부선,남영,9315,9762,19077
20210621,경부선,용산,32576,32818,65394
20210621,경부선,노량진,8220,8164,16384
20210621,경부선,대방,13328,13576,26904
20210621,경강선,판교,4579,4479,9058
20210621,수인선,원인재,4453,4579,9032
20210621,9호선2~3단계,중앙보훈병원,10654,9560,20214
20210621,9호선2~3단계,올림픽공원,5832,5847,11679
20210621,9호선,구반포,2643,2799,5442
20210621,9호선,신반포,3331,3232,6563
20210621,9호선,고속터미널,11939,15021,26960
20210621,9호선,사평,3375,3326,6701
20210621,9호선,신논현,31850,31652,63502
20210621,9호선2~3단계,언주,10175,10569,20744
20210621,9호선2~3단계,선정릉,9651,10575,20226
20210621,9호선2~3단계,삼성중앙,6993,7309,14302
20210621,9호선2~3단계,봉은사,15253,15589,30842
20210621,9호선2~3단계,종합운동장,4143,4292,8435
20210621,9호선2~3단계,삼전,6761,6412,13173
20210621,9호선2~3단계,석촌고분,5773,5723,11496
20210621,9호선2~3단계,석촌,7848,7170,15018
20210621,9호선2~3단계,송파나루,4621,4910,9531
20210621,9호선2~3단계,한성백제,2458,2351,4809
20210621,9호선2~3단계,둔촌오륜,1235,1052,2287
20210621,9호선,동작,1850,1447,3297
20210621,경부선,신도림,4405,4417,8822
20210621,경부선,구로,19351,19283,38634
20210621,경부선,송탄,4174,3986,8160
20210621,경부선,서정리,5894,5756,11650
20210621,7호선,군자,14615,11862,26477
20210621,경부선,평택지제,3027,2792,5819
20210621,경부선,평택,11043,11359,22402
20210621,경부선,성환,3340,3463,6803
20210621,경부선,직산,727,746,1473
20210621,경부선,두정,4795,5113,9908
20210621,경부선,천안,4918,5105,10023
20210621,경부선,당정,6281,5961,12242
20210621,경부선,서동탄,1580,1334,2914
20210621,경부선,광명,3424,2811,6235
20210621,경원선,이촌,3940,3011,6951
20210621,경원선,서빙고,1899,1721,3620
20210621,경원선,한남,4187,4023,8210
20210621,경부선,진위,1587,1417,3004
20210621,경부선,신길,9586,8070,17656
20210621,경부선,오산,9305,9372,18677
20210621,경부선,세마,2638,2476,5114
20210621,경부선,가산디지털단지,19044,22101,41145
20210621,경부선,금천구청,12308,12089,24397
20210621,경부선,석수,10270,8908,19178
20210621,경부선,관악,7427,6788,14215
20210621,경부선,안양,23483,23286,46769
20210621,경부선,명학,9324,9164,18488
20210621,경부선,금정,26305,26790,53095
20210621,경부선,군포,7875,7861,15736
20210621,경부선,의왕,9121,9228,18349
20210621,경부선,성균관대,13979,14151,28130
20210621,경부선,화서,7633,7388,15021
20210621,경부선,수원,34171,35178,69349
20210621,경부선,독산,17483,18655,36138
20210621,경부선,세류,3093,2905,5998
20210621,경부선,병점,13931,13970,27901
20210621,경부선,오산대,3192,3029,6221
20210621,9호선,흑석,7774,8293,16067
20210621,경부선,영등포,35213,36025,71238
20210621,9호선,노량진,25133,24594,49727
20210621,7호선,상동,12802,13286,26088
20210621,7호선,삼산체육관,5529,5009,10538
20210621,7호선,굴포천,9112,9727,18839
20210621,7호선,부평구청,7995,6872,14867
20210621,8호선,암사,19090,16953,36043
20210621,8호선,천호,14462,16503,30965
20210621,8호선,강동구청,10578,10904,21482
20210621,8호선,몽촌토성,5898,6054,11952
20210621,8호선,잠실,13210,15556,28766
20210621,8호선,석촌,7504,8673,16177
20210621,8호선,송파,7606,7619,15225
20210621,8호선,가락시장,7676,8435,16111
20210621,8호선,문정,22369,23694,46063
20210621,8호선,장지,16855,16302,33157
20210621,8호선,복정,10608,9512,20120
20210621,7호선,신중동,14632,14440,29072
20210621,8호선,산성,6105,6196,12301
20210621,7호선,춘의,9812,9677,19489
20210621,7호선,까치울,7855,7668,15523
20210621,9호선,노들,4373,3720,8093
20210621,수인선,남동인더스파크,2304,2597,4901
20210621,경인선,동암,15350,15284,30634
20210621,경인선,백운,7263,7217,14480
20210621,경인선,부평,30222,31889,62111
20210621,경인선,송내,27886,27827,55713
20210621,경인선,부천,32437,32302,64739
20210621,경인선,역곡,27751,27331,55082
20210621,경인선,오류동,12190,11631,23821
20210621,경인선,개봉,21843,22159,44002
20210621,경의선,계양,1,0,1
20210621,경의선,임진강,16,15,31
20210621,7호선,광명사거리,22524,22150,44674
20210621,7호선,천왕,11783,11195,22978
20210621,7호선,온수,10951,10113,21064
20210621,7호선,부천종합운동장,4797,4177,8974
20210621,경의선,문산,5121,5052,10173
20210621,7호선,부천시청,12922,12758,25680
20210621,경의선,월롱,2177,2146,4323
20210621,9호선,김포공항,8265,12377,20642
20210621,9호선,공항시장,2948,3243,6191
20210621,9호선,신방화,6782,6588,13370
20210621,9호선,마곡나루,11166,11365,22531
20210621,9호선,양천향교,9649,9845,19494
20210621,9호선,가양,20322,20050,40372
20210621,9호선,증미,7503,7551,15054
20210621,9호선,등촌,11485,11171,22656
20210621,9호선,염창,16892,16813,33705
20210621,9호선,신목동,4119,3730,7849
20210621,9호선,선유도,8492,8185,16677
20210621,9호선,당산,17652,17676,35328
20210621,9호선,국회의사당,15323,16081,31404
20210621,9호선,여의도,27470,26302,53772
20210621,경의선,파주,1283,830,2113
20210621,9호선,개화,2726,1898,4624
20210621,8호선,모란,4389,3298,7687
20210621,9호선,샛강,5995,6307,12302
20210621,8호선,신흥,4344,4737,9081
20210621,8호선,수진,5183,4720,9903
20210621,수인선,호구포,4018,4184,8202
20210621,수인선,인천논현,5633,5972,11605
20210621,수인선,소래포구,5595,5205,10800
20210621,수인선,월곶,2557,2378,4935
20210621,수인선,달월,95,67,162
20210621,수인선,사리,4154,3787,7941
20210621,경의선,금촌,6791,6632,13423
20210621,5호선,방화,6939,6640,13579
20210621,경의선,금릉,4853,4664,9517
20210621,경의선,운정,6814,6432,13246
20210621,경의선,야당,7000,6815,13815
20210621,수인선,어천,730,726,1456
20210621,8호선,남한산성입구,13487,12335,25822
20210621,8호선,단대오거리,10463,10237,20700
20210621,수인선,야목,260,230,490
20210622,경원선,보산,1437,1348,2785
20210622,경원선,동두천,2008,2333,4341
20210622,경원선,소요산,2993,2621,5614
20210622,경의선,서울역,4263,5434,9697
20210622,경의선,신촌,915,1076,1991
20210622,경의선,강매,3371,2928,6299
20210622,경의선,효창공원앞,2960,3305,6265
20210622,경의선,홍대입구,1697,1847,3544
20210622,경의선,서강대,2172,2076,4248
20210622,경의선,가좌,5487,5104,10591
20210622,경의선,디지털미디어시티,2615,2501,5116
20210622,경의선,수색,3047,3160,6207
20210622,경의선,화전,1555,1433,2988
20210622,경원선,동두천중앙,3143,3063,6206
20210622,경의선,공덕,3589,3269,6858
20210622,경원선,지행,6340,6341,12681
20210622,경원선,도봉산,7772,5083,12855
20210622,경원선,덕계,3261,2836,6097
20210622,경의선,행신,8001,7995,15996
20210622,경원선,외대앞,7163,7078,14241
20210622,경원선,신이문,8688,8020,16708
20210622,경원선,석계,8193,9379,17572
20210622,경원선,광운대,8219,7842,16061
20210622,경원선,월계,6540,6254,12794
20210622,경원선,녹천,4875,4164,9039
20210622,경원선,방학,9606,9314,18920
20210622,경원선,도봉,6131,5912,12043
20210622,경원선,망월사,7396,7560,14956
20210622,경원선,회룡,12757,12628,25385
20210622,경원선,의정부,17768,18140,35908
20210622,경원선,가능,6716,6572,13288
20210622,경원선,녹양,4805,4582,9387
20210622,경원선,양주,7641,7109,14750
20210622,경원선,덕정,5496,5401,10897
20210622,경의선,능곡,3814,3538,7352
20210622,경춘선,퇴계원,3722,3396,7118
20210622,경의선,백마,7267,6875,14142
20210622,경인선,주안,18868,17065,35933
20210622,경인선,제물포,10679,10341,21020
20210622,경인선,동인천,14363,13581,27944
20210622,경인선,인천,3678,2880,6558
20210622,경인선,구일,7087,7056,14143
20210622,경인선,소사,8849,8730,17579
20210622,경인선,부개,8723,8221,16944
20210622,경인선,간석,6192,5966,12158
20210622,경인선,도원,3620,3637,7257
20210622,경인선,온수,7154,6949,14103
20210622,경인선,중동,9529,8998,18527
20210622,경인선,도화,4408,4114,8522
20210622,경춘선,신내,1770,1802,3572
20210622,경춘선,갈매,3282,2758,6040
20210622,경춘선,별내,3166,3063,6229
20210622,경인선,동암,15379,15312,30691
20210622,경의선,곡산,654,645,1299
20210622,경인선,백운,7434,7239,14673
20210622,경인선,송내,27855,27739,55594
20210622,경의선,풍산,5675,5333,11008
20210622,경의선,일산,9430,9373,18803
20210622,경의선,탄현,7684,7418,15102
20210622,경의선,야당,6885,6753,13638
20210622,경의선,운정,6819,6489,13308
20210622,경의선,금릉,4660,4591,9251
20210622,경의선,금촌,6208,6127,12335
20210622,경의선,월롱,2182,2081,4263
20210622,경의선,파주,1265,818,2083
20210622,경의선,문산,4962,5023,9985
20210622,경의선,임진강,12,9,21
20210622,경인선,개봉,21882,21987,43869
20210622,경인선,오류동,12291,11464,23755
20210622,경인선,역곡,27346,27079,54425
20210622,경인선,부천,32032,31963,63995
20210622,경인선,부평,29415,30962,60377
20210622,경원선,청량리,14483,15202,29685
20210622,9호선,구반포,2658,2805,5463
20210622,경원선,응봉,1845,1627,3472
20210622,경강선,이매,1155,1003,2158
20210622,경강선,삼동,2485,2263,4748
20210622,경강선,경기광주,7352,6994,14346
20210622,경강선,초월,3171,2957,6128
20210622,경강선,곤지암,2320,2242,4562
20210622,경강선,신둔도예촌,1372,1286,2658
20210622,경강선,이천,2411,2536,4947
20210622,경강선,부발,1724,1759,3483
20210622,경강선,세종대왕릉,338,330,668
20210622,경강선,여주,1875,1828,3703
20210622,경부선,서울역,5054,1633,6687
20210622,경부선,남영,9454,9857,19311
20210622,경부선,용산,31771,32588,64359
20210622,경부선,노량진,8140,8321,16461
20210622,경부선,대방,13516,13820,27336
20210622,경강선,판교,4627,4627,9254
20210622,경부선,영등포,36228,37148,73376
20210622,9호선2~3단계,중앙보훈병원,10696,9689,20385
20210622,9호선2~3단계,올림픽공원,5940,5833,11773
20210622,경춘선,사릉,3488,3335,6823
20210622,9호선,신반포,3122,3103,6225
20210622,9호선,고속터미널,12267,15753,28020
20210622,9호선,사평,3445,3378,6823
20210622,9호선,신논현,32723,32399,65122
20210622,9호선2~3단계,언주,10512,10752,21264
20210622,9호선2~3단계,선정릉,10070,10945,21015
20210622,9호선2~3단계,삼성중앙,6960,7455,14415
20210622,9호선2~3단계,봉은사,16123,16507,32630
20210622,9호선2~3단계,종합운동장,4244,4311,8555
20210622,9호선2~3단계,삼전,6738,6543,13281
20210622,9호선2~3단계,석촌고분,6027,6041,12068
20210622,9호선2~3단계,석촌,8100,7420,15520
20210622,9호선2~3단계,송파나루,4712,5102,9814
20210622,9호선2~3단계,한성백제,2614,2367,4981
20210622,9호선2~3단계,둔촌오륜,1256,1070,2326
20210622,경원선,왕십리,13700,15538,29238
20210622,경부선,신도림,4353,4380,8733
20210622,경부선,구로,18965,19522,38487
20210622,경부선,송탄,4098,3843,7941
20210622,경부선,서정리,5967,5826,11793
20210622,경부선,평택지제,2844,2743,5587
20210622,경부선,평택,10939,10794,21733
20210622,경부선,성환,3177,3241,6418
20210622,경부선,직산,694,693,1387
20210622,경부선,두정,4750,4700,9450
20210622,경부선,천안,4540,4727,9267
20210622,경부선,당정,6371,6090,12461
20210622,경부선,서동탄,1539,1308,2847
20210622,경부선,광명,3186,2791,5977
20210622,경원선,이촌,3846,2941,6787
20210622,경원선,서빙고,1972,1790,3762
20210622,경원선,한남,4175,3976,8151
20210622,경원선,옥수,53,39,92
20210622,경부선,진위,1601,1452,3053
20210622,경부선,신길,9596,8107,17703
20210622,경부선,오산,9017,8888,17905
20210622,경부선,세마,2679,2497,5176
20210622,경부선,가산디지털단지,19141,22301,41442
20210622,경부선,금천구청,12194,12209,24403
20210622,경부선,석수,10154,9001,19155
20210622,경부선,관악,7463,6964,14427
20210622,경부선,안양,21852,21860,43712
20210622,경부선,명학,9318,9345,18663
20210622,경부선,금정,26617,27252,53869
20210622,경부선,군포,7923,7852,15775
20210622,경부선,의왕,9242,9185,18427
20210622,경부선,성균관대,14178,14006,28184
20210622,경부선,화서,7789,7457,15246
20210622,경부선,수원,32487,34301,66788
20210622,경부선,독산,17731,18726,36457
20210622,경부선,세류,3026,2780,5806
20210622,경부선,병점,13714,13725,27439
20210622,경부선,오산대,3269,3098,6367
20210622,경춘선,금곡,1603,1543,3146
20210622,수인선,달월,91,56,147
20210622,경춘선,천마산,1663,1613,3276
20210622,일산선,원당,11445,10988,22433
20210622,일산선,화정,17350,17869,35219
20210622,일산선,대곡,1878,1477,3355
20210622,일산선,백석,10135,10120,20255
20210622,일산선,마두,7701,7931,15632
20210622,일산선,정발산,7294,7222,14516
20210622,일산선,삼송,18660,18272,36932
20210622,일산선,주엽,9159,9059,18218
20210622,장항선,봉명,1292,1261,2553
20210622,장항선,쌍용,1800,1691,3491
20210622,장항선,아산,2627,2366,4993
20210622,장항선,배방,933,906,1839
20210622,장항선,온양온천,3257,3238,6495
20210622,장항선,신창,1131,1203,2334
20210622,일산선,대화,13187,10585,23772
20210622,일산선,지축,1,0,1
20210622,일산선,원흥,10524,10030,20554
20210622,우이신설선,신설동,2136,2101,4237
20210622,수인선,남동인더스파크,2315,2620,4935
20210622,수인선,원인재,4435,4681,9116
20210622,수인선,연수,4627,4383,9010
20210622,우이신설선,북한산우이,2732,2473,5205
20210622,우이신설선,솔밭공원,2531,2505,5036
20210622,우이신설선,4.19민주묘지,2853,2743,5596
20210622,우이신설선,가오리,4172,4203,8375
20210622,우이신설선,화계,3355,3137,6492
20210622,우이신설선,삼양,1985,2135,4120
20210622,우이신설선,삼양사거리,2409,2513,4922
20210622,우이신설선,솔샘,5779,5423,11202
20210622,우이신설선,북한산보국문,5989,5812,11801
20210622,우이신설선,정릉,4605,4262,8867
20210622,우이신설선,성신여대입구,3064,3436,6500
20210622,우이신설선,보문,1509,1437,2946
20210622,중앙선,회기,24719,23574,48293
20210622,중앙선,중랑,5762,5423,11185
20210622,중앙선,상봉,5958,6086,12044
20210622,중앙선,망우,7765,7646,15411
20210622,수인선,숭의,4129,3880,8009
20210622,수인선,신포,1875,1901,3776
20210622,수인선,인천,1119,1769,2888
20210622,안산선,산본,16252,17233,33485
20210622,안산선,대야미,5090,4660,9750
20210622,안산선,반월,4398,4230,8628
20210622,안산선,상록수,15844,16073,31917
20210622,안산선,한대앞,9162,8958,18120
20210622,안산선,중앙,17494,18186,35680
20210622,안산선,고잔,9204,8614,17818
20210622,안산선,초지,4533,4593,9126
20210622,안산선,안산,11574,10475,22049
20210622,안산선,신길온천,1761,1637,3398
20210622,안산선,정왕,8799,9283,18082
20210622,9호선,동작,1900,1550,3450
20210622,수인선,인하대,5959,5500,11459
20210622,수인선,호구포,4050,4242,8292
20210622,수인선,송도,2744,2504,5248
20210622,중앙선,용문,1894,1850,3744
20210622,중앙선,양원,1882,1938,3820
20210622,중앙선,구리,13821,13931,27752
20210622,중앙선,도농,10259,9225,19484
20210622,중앙선,양정,849,723,1572
20210622,중앙선,덕소,5748,5753,11501
20210622,중앙선,도심,2568,2070,4638
20210622,중앙선,팔당,903,874,1777
20210622,중앙선,운길산,859,804,1663
20210622,중앙선,양수,1975,1966,3941
20210622,중앙선,신원,214,189,403
20210622,중앙선,국수,737,720,1457
20210622,중앙선,아신,571,567,1138
20210622,중앙선,오빈,307,300,607
20210622,중앙선,양평,2592,2685,5277
20210622,중앙선,원덕,393,366,759
20210622,중앙선,지평,72,73,145
20210622,수인선,인천논현,5644,6081,11725
20210622,수인선,소래포구,5740,5377,11117
20210622,수인선,월곶,2609,2409,5018
20210622,공항철도 1호선,청라국제도시,6829,6446,13275
20210622,공항철도 1호선,운서,6262,6155,12417
20210622,공항철도 1호선,공항화물청사,2344,2611,4955
20210622,공항철도 1호선,인천공항1터미널,3158,3446,6604
20210622,공항철도 1호선,인천공항2터미널,1866,1905,3771
20210622,공항철도 1호선,영종,3021,2983,6004
20210622,과천선,선바위,8880,7680,16560
20210622,과천선,경마공원,1595,1563,3158
20210622,과천선,대공원,2831,2964,5795
20210622,과천선,과천,5775,5365,11140
20210622,과천선,정부과천청사,10381,10305,20686
20210622,과천선,인덕원,24307,24976,49283
20210622,과천선,평촌,18635,18223,36858
20210622,과천선,범계,26039,25674,51713
20210622,분당선,선릉,14269,21103,35372
20210622,공항철도 1호선,검암,6902,6748,13650
20210622,분당선,한티,14076,15036,29112
20210622,공항철도 1호선,계양,9390,8828,18218
20210622,공항철도 1호선,마곡나루,8634,8273,16907
20210622,경춘선,마석,4034,3928,7962
20210622,경춘선,대성리,565,519,1084
20210622,경춘선,청평,1755,1682,3437
20210622,경춘선,상천,297,273,570
20210622,경춘선,가평,2079,2110,4189
20210622,경춘선,굴봉산,151,143,294
20210622,경춘선,백양리,81,77,158
20210622,경춘선,강촌,370,397,767
20210622,경춘선,김유정,326,340,666
20210622,경춘선,남춘천,2644,2699,5343
20210622,경춘선,춘천,1284,1201,2485
20210622,공항철도 1호선,서울역,7175,6517,13692
20210622,공항철도 1호선,공덕,2305,2904,5209
20210622,공항철도 1호선,홍대입구,9607,9513,19120
20210622,공항철도 1호선,디지털미디어시티,14626,13176,27802
20210622,공항철도 1호선,김포공항,11418,6903,18321
20210622,경춘선,평내호평,6432,6261,12693
20210622,분당선,도곡,6867,6846,13713
20210622,분당선,개포동,3935,4052,7987
20210622,분당선,구성,4982,5265,10247
20210622,분당선,신갈,4802,4706,9508
20210622,분당선,기흥,9399,8906,18305
20210622,분당선,상갈,5530,5244,10774
20210622,분당선,청명,4248,4076,8324
20210622,분당선,영통,8145,8289,16434
20210622,분당선,망포,14204,13604,27808
20210622,분당선,매탄권선,4988,4940,9928
20210622,분당선,수원시청,12713,13404,26117
20210622,분당선,매교,3106,3206,6312
20210622,수인선,고색,4052,3893,7945
20210622,수인선,오목천,2656,2458,5114
20210622,수인선,어천,667,718,1385
20210622,수인선,야목,269,202,471
20210622,수인선,사리,4203,3775,7978
20210622,분당선,죽전,13370,14568,27938
20210622,분당선,구룡,2237,2108,4345
20210622,분당선,보정,2646,2341,4987
20210622,분당선,오리,11941,10041,21982
20210622,분당선,대모산입구,3509,3276,6785
20210622,분당선,수서,13552,13873,27425
20210622,분당선,수원,8069,6766,14835
20210622,분당선,서울숲,11069,11252,22321
20210622,분당선,압구정로데오,18919,20869,39788
20210622,분당선,강남구청,10231,11798,22029
20210622,분당선,선정릉,8399,8900,17299
20210622,분당선,가천대,6555,7563,14118
20210622,분당선,태평,13535,12985,26520
20210622,분당선,모란,19601,19658,39259
20210622,분당선,야탑,25880,26807,52687
20210622,분당선,서현,24663,25121,49784
20210622,분당선,수내,13162,13217,26379
20210622,분당선,정자,17876,18958,36834
20210622,분당선,미금,15585,16599,32184
20210622,분당선,이매,5798,5363,11161
20210622,안산선,오이도,8786,8420,17206
20210622,9호선,노들,4584,3823,8407
20210622,9호선,노량진,25769,25029,50798
20210622,4호선,미아,15008,14540,29548
20210622,4호선,미아사거리,27805,27133,54938
20210622,4호선,길음,20516,19837,40353
20210622,4호선,성신여대입구,19629,18661,38290
20210622,4호선,한성대입구,13666,13307,26973
20210622,4호선,혜화,30740,30976,61716
20210622,4호선,수유,33883,33645,67528
20210622,4호선,동대문,21111,21553,42664
20210622,4호선,충무로,26552,27640,54192
20210622,4호선,명동,17637,18488,36125
20210622,4호선,회현,25089,26463,51552
20210622,4호선,서울역,10765,15391,26156
20210622,4호선,숙대입구,12959,12677,25636
20210622,4호선,삼각지,5214,5725,10939
20210622,4호선,동대문역사문화공원,14828,13680,28508
20210622,3호선,오금,6299,5660,11959
20210622,3호선,경찰병원,7724,7766,15490
20210622,3호선,가락시장,9193,8920,18113
20210622,3호선,옥수,9389,9740,19129
20210622,3호선,압구정,32828,34694,67522
20210622,3호선,신사,31151,32742,63893
20210622,3호선,잠원,4948,4874,9822
20210622,3호선,고속터미널,39902,37886,77788
20210622,3호선,교대,14789,9595,24384
20210622,3호선,남부터미널,29362,30458,59820
20210622,3호선,양재,40073,43619,83692
20210622,3호선,매봉,13119,12598,25717
20210622,3호선,도곡,5531,5630,11161
20210622,3호선,대치,11068,11157,22225
20210622,3호선,학여울,1777,1768,3545
20210622,3호선,대청,10153,9253,19406
20210622,3호선,일원,10631,10491,21122
20210622,3호선,수서,17114,17547,34661
20210622,4호선,신용산,16460,17678,34138
20210622,4호선,이촌,7527,8490,16017
20210622,4호선,동작,2501,2766,5267
20210622,4호선,총신대입구,18876,20679,39555
20210622,5호선,양평,7707,7634,15341
20210622,5호선,영등포구청,4113,4170,8283
20210622,5호선,영등포시장,9720,10097,19817
20210622,5호선,신길,4194,4412,8606
20210622,5호선,여의도,29673,31366,61039
20210622,5호선,여의나루,11638,13251,24889
20210622,5호선,마포,14959,15222,30181
20210622,5호선,공덕,15016,15908,30924
20210622,5호선,애오개,7053,7184,14237
20210622,5호선,충정로,5114,5206,10320
20210622,5호선,서대문,19673,20238,39911
20210622,5호선,광화문,30906,32551,63457
20210622,5호선,종로3가,12350,12147,24497
20210622,5호선,을지로4가,6391,6526,12917
20210622,5호선,동대문역사문화공원,2938,3461,6399
20210622,5호선,오목교,22120,24132,46252
20210622,3호선,금호,8330,7915,16245
20210622,5호선,목동,17186,18586,35772
20210622,5호선,까치산,29039,27993,57032
20210622,4호선,사당,24554,20373,44927
20210622,4호선,남태령,1312,1107,2419
20210622,4호선,당고개,12823,11784,24607
20210622,4호선,상계,19410,17886,37296
20210622,4호선,노원,18729,20982,39711
20210622,4호선,창동,26032,27533,53565
20210622,4호선,쌍문,29821,27590,57411
20210622,5호선,방화,6937,6590,13527
20210622,5호선,개화산,5633,5383,11016
20210622,5호선,김포공항,7181,7008,14189
20210622,5호선,송정,6666,6096,12762
20210622,5호선,마곡,10633,10764,21397
20210622,5호선,발산,20433,20940,41373
20210622,5호선,우장산,14543,14157,28700
20210622,5호선,화곡,28747,26766,55513
20210622,5호선,신정,14166,11398,25564
20210622,3호선,동대입구,7149,7527,14676
20210622,3호선,을지로3가,10889,11210,22099
20210622,3호선,종로3가,10164,11850,22014
20210622,2호선,왕십리,16294,13029,29323
20210622,2호선,한양대,7201,7846,15047
20210622,2호선,뚝섬,22638,24555,47193
20210622,2호선,성수,36976,40502,77478
20210622,2호선,건대입구,34599,36840,71439
20210622,2호선,구의,23676,23386,47062
20210622,2호선,강변,29484,28261,57745
20210622,2호선,잠실나루,15227,14866,30093
20210622,2호선,잠실,67538,67257,134795
20210622,2호선,잠실새내,21125,21157,42282
20210622,2호선,종합운동장,8151,8511,16662
20210622,2호선,삼성,52934,53790,106724
20210622,2호선,선릉,58414,51997,110411
20210622,2호선,역삼,53047,58948,111995
20210622,2호선,강남,87422,85968,173390
20210622,2호선,상왕십리,14533,14234,28767
20210622,2호선,교대,35684,39984,75668
20210622,2호선,신당,13764,14327,28091
20210622,2호선,을지로4가,13372,13239,26611
20210622,9호선,흑석,7879,8209,16088
20210622,안산선,수리산,4401,3595,7996
20210622,1호선,서울역,42754,40373,83127
20210622,1호선,동묘앞,8010,8178,16188
20210622,1호선,시청,21944,22203,44147
20210622,1호선,종각,35501,34930,70431
20210622,1호선,종로3가,25378,22985,48363
20210622,1호선,종로5가,23042,22971,46013
20210622,1호선,동대문,11116,10635,21751
20210622,1호선,신설동,14043,13757,27800
20210622,1호선,제기동,17011,17433,34444
20210622,1호선,청량리,19645,19568,39213
20210622,2호선,시청,24086,23406,47492
20210622,2호선,을지로입구,39513,40543,80056
20210622,2호선,을지로3가,22936,22391,45327
20210622,2호선,동대문역사문화공원,12243,13267,25510
20210622,5호선,청구,4121,3773,7894
20210622,2호선,서초,22897,22433,45330
20210622,2호선,사당,36329,39301,75630
20210622,2호선,신설동,3127,3092,6219
20210622,2호선,도림천,1516,1591,3107
20210622,2호선,양천구청,6932,7320,14252
20210622,2호선,신정네거리,10434,10702,21136
20210622,2호선,용두,2237,2362,4599
20210622,3호선,지축,4234,4101,8335
20210622,3호선,구파발,20834,19828,40662
20210622,3호선,연신내,37357,35327,72684
20210622,3호선,불광,16597,17579,34176
20210622,3호선,녹번,15778,14270,30048
20210622,3호선,홍제,17463,16568,34031
20210622,3호선,무악재,3948,3910,7858
20210622,3호선,독립문,7310,7515,14825
20210622,3호선,경복궁,19180,18605,37785
20210622,3호선,안국,20501,21366,41867
20210622,2호선,신답,1700,1945,3645
20210622,2호선,방배,16774,17840,34614
20210622,2호선,용답,2696,2654,5350
20210622,2호선,아현,10916,10522,21438
20210622,2호선,낙성대,27748,27098,54846
20210622,2호선,서울대입구,47582,47000,94582
20210622,2호선,봉천,24402,22771,47173
20210622,2호선,신림,62583,60951,123534
20210622,2호선,신대방,26540,25894,52434
20210622,2호선,구로디지털단지,63128,63576,126704
20210622,2호선,대림,24691,25135,49826
20210622,2호선,신도림,48511,47647,96158
20210622,2호선,문래,22176,22770,44946
20210622,2호선,영등포구청,23689,24017,47706
20210622,2호선,당산,19327,22491,41818
20210622,2호선,합정,30806,32229,63035
20210622,2호선,홍대입구,51840,53550,105390
20210622,2호선,신촌,32874,33924,66798
20210622,2호선,이대,13035,13745,26780
20210622,2호선,충정로,10304,10934,21238
20210622,5호선,신금호,6652,6886,13538
20210622,3호선,약수,13146,12894,26040
20210622,5호선,왕십리,4677,4994,9671
20210622,7호선,장승배기,9709,9420,19129
20210622,7호선,신대방삼거리,16450,15836,32286
20210622,7호선,보라매,10061,10054,20115
20210622,7호선,신풍,12261,11602,23863
20210622,7호선,대림,7832,7882,15714
20210622,7호선,남구로,16995,17949,34944
20210622,7호선,가산디지털단지,49388,49477,98865
20210622,7호선,철산,21764,22228,43992
20210622,7호선,광명사거리,22419,22129,44548
20210622,7호선,천왕,11920,11367,23287
20210622,7호선,온수,10962,10057,21019
20210622,7호선,까치울,7876,7599,15475
20210622,7호선,부천종합운동장,4969,4339,9308
20210622,7호선,춘의,9918,9803,19721
20210622,7호선,신중동,14728,14676,29404
20210622,7호선,상도,11103,10691,21794
20210622,7호선,부천시청,12980,12827,25807
20210622,7호선,숭실대입구,11945,12262,24207
20210622,7호선,이수,15970,15509,31479
20210622,7호선,면목,15469,15012,30481
20210622,7호선,사가정,16847,16589,33436
20210622,7호선,용마산,6221,6056,12277
20210622,7호선,중곡,10278,9405,19683
20210622,7호선,군자,15005,12136,27141
20210622,7호선,어린이대공원,12339,12265,24604
20210622,7호선,건대입구,11795,12149,23944
20210622,7호선,뚝섬유원지,8727,8530,17257
20210622,7호선,청담,20041,22501,42542
20210622,7호선,강남구청,16966,18649,35615
20210622,7호선,학동,25120,26700,51820
20210622,7호선,논현,21354,22845,44199
20210622,7호선,반포,5870,5676,11546
20210622,7호선,고속터미널,15753,13571,29324
20210622,7호선,내방,14813,15134,29947
20210622,7호선,남성,11197,10535,21732
20210622,7호선,상봉,17436,16340,33776
20210622,7호선,상동,13025,13541,26566
20210622,7호선,굴포천,9128,9730,18858
20210622,9호선,김포공항,7750,12017,19767
20210622,9호선,공항시장,2957,3231,6188
20210622,9호선,신방화,6815,6603,13418
20210622,9호선,마곡나루,11530,11594,23124
20210622,9호선,양천향교,9611,9883,19494
20210622,9호선,가양,20687,19943,40630
20210622,9호선,증미,7671,7649,15320
20210622,9호선,등촌,11635,11367,23002
20210622,9호선,염창,17277,16957,34234
20210622,9호선,신목동,4093,3663,7756
20210622,9호선,선유도,8695,8414,17109
20210622,9호선,당산,18024,17897,35921
20210622,9호선,국회의사당,15830,16453,32283
20210622,9호선,여의도,28394,27176,55570
20210622,5호선,행당,8435,7576,16011
20210622,9호선,개화,2745,1917,4662
20210622,7호선,삼산체육관,5669,5177,10846
20210622,8호선,모란,4181,3241,7422
20210622,8호선,신흥,4277,4644,8921
20210622,7호선,부평구청,8160,7103,15263
20210622,8호선,암사,19163,16881,36044
20210622,8호선,천호,14626,16803,31429
20210622,8호선,강동구청,10619,11158,21777
20210622,8호선,몽촌토성,5879,6127,12006
20210622,8호선,잠실,13431,15722,29153
20210622,8호선,석촌,7751,8836,16587
20210622,8호선,송파,7766,7811,15577
20210622,8호선,가락시장,7779,8651,16430
20210622,8호선,문정,22785,23955,46740
20210622,8호선,장지,17520,16673,34193
20210622,8호선,복정,11182,9829,21011
20210622,8호선,산성,6054,6148,12202
20210622,8호선,남한산성입구,13714,12457,26171
20210622,8호선,단대오거리,10389,10125,20514
20210622,8호선,수진,5063,4634,9697
20210622,7호선,중화,11297,11141,22438
20210622,9호선,샛강,6022,6430,12452
20210622,5호선,거여,8996,8641,17637
20210622,5호선,마천,6510,6524,13034
20210622,5호선,강일,3352,3455,6807
20210622,5호선,미사,14946,14783,29729
20210622,5호선,하남풍산,4083,4065,8148
20210622,5호선,하남시청,5151,5152,10303
20210622,5호선,하남검단산,4854,4725,9579
20210622,7호선,먹골,10249,10152,20401
20210622,6호선,응암,17830,17656,35486
20210622,6호선,불광,4378,4411,8789
20210622,6호선,연신내,4,0,4
20210622,6호선,구산,7825,5902,13727
20210622,6호선,새절,13053,12055,25108
20210622,6호선,증산,10025,9947,19972
20210622,6호선,디지털미디어시티,14190,15517,29707
20210622,6호선,역촌,3865,4522,8387
20210622,5호선,개롱,6582,6791,13373
20210622,5호선,오금,4036,3914,7950
20210622,5호선,방이,6977,7211,14188
20210622,5호선,마장,5522,5153,10675
20210622,5호선,답십리,16286,14982,31268
20210622,5호선,장한평,18920,18783,37703
20210622,5호선,군자,11258,12433,23691
20210622,5호선,아차산,14381,13876,28257
20210622,5호선,광나루,13055,11869,24924
20210622,5호선,천호,17571,17539,35110
20210622,5호선,강동,19151,18088,37239
20210622,5호선,길동,8109,8457,16566
20210622,5호선,굽은다리,9694,9318,19012
20210622,5호선,명일,8834,9169,18003
20210622,5호선,고덕,9834,9593,19427
20210622,5호선,상일동,16293,14776,31069
20210622,5호선,둔촌동,9006,8948,17954
20210622,5호선,올림픽공원,4660,3874,8534
20210622,6호선,월드컵경기장,4438,4782,9220
20210622,6호선,마포구청,14709,13324,28033
20210622,6호선,독바위,2887,2988,5875
20210622,6호선,합정,13162,12662,25824
20210622,6호선,상월곡,6316,5781,12097
20210622,6호선,돌곶이,9351,8628,17979
20210622,6호선,석계,12310,12764,25074
20210622,6호선,태릉입구,5501,6172,11673
20210622,6호선,화랑대,11864,9224,21088
20210622,6호선,망원,14082,15433,29515
20210622,7호선,장암,2318,901,3219
20210622,7호선,도봉산,9357,10860,20217
20210622,7호선,수락산,13223,13175,26398
20210622,7호선,마들,12877,12255,25132
20210622,7호선,노원,19549,20608,40157
20210622,7호선,중계,14857,13620,28477
20210622,7호선,하계,17908,16993,34901
20210622,7호선,공릉,11879,11980,23859
20210622,7호선,태릉입구,8435,7840,16275
20210622,6호선,월곡,11372,11324,22696
20210622,6호선,고려대,8213,7708,15921
20210622,6호선,봉화산,9203,8629,17832
20210622,6호선,보문,7206,6810,14016
20210622,6호선,안암,10381,10112,20493
20210622,6호선,광흥창,9210,8930,18140
20210622,6호선,대흥,8231,8523,16754
20210622,6호선,공덕,18956,18253,37209
20210622,6호선,효창공원앞,7158,6503,13661
20210622,6호선,삼각지,6305,5638,11943
20210622,6호선,녹사평,5028,4802,9830
20210622,6호선,상수,8061,8805,16866
20210622,6호선,한강진,7706,8886,16592
20210622,6호선,버티고개,2043,2135,4178
20210622,6호선,약수,3789,3597,7386
20210622,6호선,청구,3972,4145,8117
20210622,6호선,신당,8087,8487,16574
20210622,6호선,동묘앞,7916,8035,15951
20210622,6호선,창신,3737,3024,6761
20210622,6호선,이태원,9189,9509,18698
20210623,경원선,도봉,6083,5899,11982
20210623,경원선,도봉산,7864,5087,12951
20210623,경원선,망월사,7332,7566,14898
20210623,경원선,회룡,12796,12648,25444
20210623,경원선,의정부,18303,18678,36981
20210623,경원선,가능,6711,6369,13080
20210623,경원선,녹양,4713,4518,9231
20210623,경원선,지행,6304,6236,12540
20210623,경원선,덕계,3059,2838,5897
20210623,경원선,덕정,5395,5379,10774
20210623,경원선,동두천중앙,3121,2997,6118
20210623,경원선,보산,1379,1254,2633
20210623,경원선,동두천,1973,2312,4285
20210623,경원선,소요산,2709,2288,4997
20210623,경원선,방학,9759,9510,19269
20210623,경원선,양주,7702,7088,14790
20210623,경원선,녹천,4888,4190,9078
20210623,경인선,인천,3766,2830,6596
20210623,경원선,광운대,8111,7774,15885
20210623,경부선,두정,4641,4661,9302
20210623,경부선,천안,4500,4729,9229
20210623,경부선,당정,6263,6049,12312
20210623,경부선,서동탄,1599,1396,2995
20210623,경부선,광명,3212,2746,5958
20210623,경원선,이촌,3927,3046,6973
20210623,경원선,서빙고,1980,1823,3803
20210623,경원선,한남,4179,3927,8106
20210623,경원선,옥수,53,34,87
20210623,경원선,응봉,1878,1616,3494
20210623,경원선,왕십리,14030,15722,29752
20210623,경원선,청량리,14469,15336,29805
20210623,경원선,외대앞,7126,7048,14174
20210623,경원선,신이문,8644,8106,16750
20210623,경원선,석계,8161,9282,17443
20210623,경원선,월계,6456,6095,12551
20210623,경의선,서울역,4348,5503,9851
20210623,경인선,동인천,14369,13616,27985
20210623,경의선,효창공원앞,2871,3289,6160
20210623,경의선,월롱,2240,2001,4241
20210623,경의선,파주,1222,804,2026
20210623,경의선,문산,4968,4875,9843
20210623,경의선,임진강,22,27,49
20210623,경인선,개봉,21778,22107,43885
20210623,경인선,오류동,12307,11662,23969
20210623,경인선,역곡,27393,27104,54497
20210623,경인선,부천,32241,32391,64632
20210623,경인선,송내,27902,28062,55964
20210623,경인선,부평,30004,31666,61670
20210623,경인선,백운,7197,7181,14378
20210623,경인선,동암,15204,15441,30645
20210623,경인선,주안,18971,17271,36242
20210623,경인선,제물포,10845,10354,21199
20210623,경부선,직산,721,699,1420
20210623,경의선,금촌,6332,6154,12486
20210623,경의선,신촌,863,1057,1920
20210623,경의선,금릉,4712,4597,9309
20210623,경의선,야당,7057,6912,13969
20210623,경의선,공덕,3593,3305,6898
20210623,경의선,서강대,2096,2000,4096
20210623,경의선,홍대입구,1672,1969,3641
20210623,경의선,가좌,5409,5041,10450
20210623,경의선,디지털미디어시티,2585,2554,5139
20210623,경의선,수색,2977,3069,6046
20210623,경의선,화전,1587,1414,3001
20210623,경의선,강매,3400,2906,6306
20210623,경의선,행신,8088,7949,16037
20210623,경의선,능곡,3895,3586,7481
20210623,경의선,곡산,645,651,1296
20210623,경의선,백마,7149,6917,14066
20210623,경의선,풍산,5665,5286,10951
20210623,경의선,일산,10379,10362,20741
20210623,경의선,탄현,7782,7457,15239
20210623,경의선,운정,6804,6443,13247
20210623,경부선,성환,3083,3032,6115
20210623,경강선,신둔도예촌,1324,1257,2581
20210623,경부선,평택지제,2809,2680,5489
20210623,9호선2~3단계,선정릉,10015,10837,20852
20210623,9호선2~3단계,삼성중앙,6979,7372,14351
20210623,9호선2~3단계,봉은사,16735,17058,33793
20210623,9호선2~3단계,종합운동장,4315,4148,8463
20210623,9호선2~3단계,삼전,6836,6600,13436
20210623,9호선2~3단계,석촌고분,6140,6165,12305
20210623,9호선2~3단계,언주,10548,10664,21212
20210623,9호선2~3단계,석촌,8149,7333,15482
20210623,9호선2~3단계,한성백제,2637,2439,5076
20210623,9호선2~3단계,올림픽공원,5876,5873,11749
20210623,9호선2~3단계,둔촌오륜,1245,1089,2334
20210623,9호선2~3단계,중앙보훈병원,10530,9352,19882
20210623,경강선,판교,4542,4427,8969
20210623,경강선,이매,1165,958,2123
20210623,9호선2~3단계,송파나루,4676,5171,9847
20210623,9호선,신논현,32238,31965,64203
20210623,9호선,사평,3368,3314,6682
20210623,9호선,고속터미널,12244,15617,27861
20210623,9호선,가양,20438,19961,40399
20210623,9호선,등촌,11378,11232,22610
20210623,9호선,염창,17279,17010,34289
20210623,9호선,신목동,4253,3773,8026
20210623,9호선,선유도,8590,8306,16896
20210623,9호선,당산,18257,18188,36445
20210623,9호선,국회의사당,16664,17030,33694
20210623,9호선,여의도,28728,27095,55823
20210623,9호선,샛강,6108,6460,12568
20210623,9호선,노량진,25712,24904,50616
20210623,9호선,노들,4582,3879,8461
20210623,9호선,흑석,7936,8351,16287
20210623,9호선,동작,1832,1432,3264
20210623,9호선,구반포,2677,2762,5439
20210623,9호선,신반포,3195,3198,6393
20210623,경강선,삼동,2455,2215,4670
20210623,경강선,경기광주,7114,6829,13943
20210623,경강선,초월,3119,2950,6069
20210623,경강선,곤지암,2159,2239,4398
20210623,경부선,금정,26668,26841,53509
20210623,경부선,군포,7844,7742,15586
20210623,경부선,의왕,9307,9235,18542
20210623,경부선,성균관대,13969,13869,27838
20210623,경부선,화서,7682,7397,15079
20210623,경부선,수원,32213,33821,66034
20210623,경부선,독산,17656,18559,36215
20210623,경부선,세류,3024,2804,5828
20210623,경부선,병점,13809,13831,27640
20210623,경부선,세마,2725,2570,5295
20210623,경부선,오산대,3265,3006,6271
20210623,경부선,오산,9399,9242,18641
20210623,경부선,진위,1493,1375,2868
20210623,경부선,송탄,4004,3785,7789
20210623,경부선,서정리,5781,5421,11202
20210623,경부선,명학,9281,9204,18485
20210623,경부선,평택,10537,10615,21152
20210623,경부선,안양,21669,21740,43409
20210623,경부선,석수,9988,8822,18810
20210623,경강선,이천,2373,2505,4878
20210623,경강선,부발,1681,1666,3347
20210623,경강선,세종대왕릉,283,260,543
20210623,경강선,여주,1785,1832,3617
20210623,경부선,서울역,5445,1739,7184
20210623,경부선,남영,9539,9884,19423
20210623,경부선,용산,32445,33492,65937
20210623,경부선,노량진,8138,8459,16597
20210623,경부선,대방,13440,13580,27020
20210623,경부선,영등포,36708,37582,74290
20210623,경부선,신도림,4399,4515,8914
20210623,경부선,신길,9684,8240,17924
20210623,경부선,구로,19353,19711,39064
20210623,경부선,가산디지털단지,18949,21967,40916
20210623,경부선,금천구청,12049,12179,24228
20210623,경부선,관악,7318,6845,14163
20210623,경인선,구일,7267,7460,14727
20210623,9호선,양천향교,9637,9854,19491
20210623,경인선,부개,8796,8227,17023
20210623,안산선,정왕,8760,9245,18005
20210623,안산선,오이도,8607,8284,16891
20210623,안산선,수리산,4391,3584,7975
20210623,우이신설선,북한산우이,2694,2466,5160
20210623,우이신설선,솔밭공원,2578,2511,5089
20210623,우이신설선,4.19민주묘지,2863,2812,5675
20210623,안산선,신길온천,1725,1605,3330
20210623,우이신설선,가오리,4294,4348,8642
20210623,우이신설선,삼양,1973,2091,4064
20210623,우이신설선,삼양사거리,2329,2426,4755
20210623,우이신설선,솔샘,5797,5464,11261
20210623,우이신설선,북한산보국문,6032,5782,11814
20210623,우이신설선,정릉,4503,4196,8699
20210623,우이신설선,성신여대입구,3121,3489,6610
20210623,우이신설선,화계,3320,3123,6443
20210623,안산선,안산,11640,10552,22192
20210623,안산선,초지,4364,4556,8920
20210623,안산선,고잔,9217,8771,17988
20210623,분당선,망포,14176,13405,27581
20210623,분당선,매탄권선,4991,4802,9793
20210623,분당선,수원시청,12392,13253,25645
20210623,분당선,매교,3107,3131,6238
20210623,수인선,고색,4132,3869,8001
20210623,수인선,오목천,2597,2431,5028
20210623,수인선,어천,657,734,1391
20210623,수인선,야목,272,226,498
20210623,수인선,사리,4241,3704,7945
20210623,수인선,달월,81,55,136
20210623,수인선,월곶,2584,2395,4979
20210623,수인선,소래포구,5735,5485,11220
20210623,안산선,상록수,15875,16040,31915
20210623,안산선,한대앞,8782,8831,17613
20210623,안산선,중앙,16999,17824,34823
20210623,우이신설선,보문,1483,1465,2948
20210623,우이신설선,신설동,2164,2037,4201
20210623,일산선,원흥,10493,10073,20566
20210623,일산선,삼송,18467,18100,36567
20210623,중앙선,구리,13634,13862,27496
20210623,중앙선,도농,10299,9343,19642
20210623,중앙선,양정,837,702,1539
20210623,중앙선,덕소,5702,5657,11359
20210623,중앙선,도심,2534,1987,4521
20210623,중앙선,팔당,946,890,1836
20210623,중앙선,운길산,836,820,1656
20210623,중앙선,양수,1968,1996,3964
20210623,중앙선,신원,219,183,402
20210623,중앙선,국수,830,797,1627
20210623,중앙선,아신,520,545,1065
20210623,중앙선,오빈,323,309,632
20210623,중앙선,양평,3725,3825,7550
20210623,중앙선,원덕,364,370,734
20210623,중앙선,용문,1890,1870,3760
20210623,중앙선,양원,1848,1812,3660
20210623,분당선,영통,8260,8491,16751
20210623,중앙선,망우,7748,7617,15365
20210623,중앙선,중랑,5654,5508,11162
20210623,일산선,원당,11534,11002,22536
20210623,일산선,화정,16694,17108,33802
20210623,일산선,대곡,1899,1484,3383
20210623,일산선,백석,9642,9681,19323
20210623,일산선,마두,7604,7873,15477
20210623,일산선,정발산,7261,7276,14537
20210623,일산선,주엽,9123,8924,18047
20210623,일산선,대화,13069,10456,23525
20210623,장항선,봉명,1225,1176,2401
20210623,장항선,쌍용,1722,1613,3335
20210623,장항선,아산,2491,2313,4804
20210623,장항선,배방,981,938,1919
20210623,장항선,온양온천,2937,2974,5911
20210623,장항선,신창,1151,1218,2369
20210623,중앙선,회기,24141,23556,47697
20210623,중앙선,상봉,6100,6062,12162
20210623,분당선,청명,4315,4147,8462
20210623,분당선,상갈,5431,5182,10613
20210623,분당선,기흥,9417,8959,18376
20210623,경춘선,백양리,86,107,193
20210623,경춘선,강촌,378,387,765
20210623,경춘선,김유정,326,361,687
20210623,경춘선,남춘천,2068,2076,4144
20210623,경춘선,춘천,1225,1166,2391
20210623,공항철도 1호선,서울역,7372,6711,14083
20210623,공항철도 1호선,공덕,2343,2912,5255
20210623,공항철도 1호선,홍대입구,9709,9414,19123
20210623,공항철도 1호선,디지털미디어시티,14313,13067,27380
20210623,공항철도 1호선,마곡나루,8260,7997,16257
20210623,공항철도 1호선,김포공항,11693,6862,18555
20210623,공항철도 1호선,계양,9366,8670,18036
20210623,공항철도 1호선,검암,6855,6739,13594
20210623,공항철도 1호선,청라국제도시,6760,6417,13177
20210623,공항철도 1호선,운서,6171,6166,12337
20210623,경춘선,굴봉산,175,152,327
20210623,공항철도 1호선,공항화물청사,2356,2485,4841
20210623,경춘선,가평,1998,1926,3924
20210623,경춘선,청평,1773,1670,3443
20210623,경인선,간석,6191,5839,12030
20210623,경인선,도원,3624,3635,7259
20210623,경인선,온수,7130,6806,13936
20210623,경인선,중동,9394,8828,18222
20210623,경인선,도화,4341,4011,8352
20210623,경춘선,신내,1753,1742,3495
20210623,경춘선,갈매,3203,2785,5988
20210623,경춘선,별내,3081,2912,5993
20210623,경춘선,퇴계원,3731,3474,7205
20210623,경춘선,사릉,3405,3264,6669
20210623,경춘선,금곡,1580,1499,3079
20210623,경춘선,평내호평,6164,6132,12296
20210623,경춘선,천마산,1685,1553,3238
20210623,경춘선,마석,4213,4155,8368
20210623,경춘선,대성리,575,556,1131
20210623,경춘선,상천,283,245,528
20210623,중앙선,지평,64,70,134
20210623,공항철도 1호선,인천공항1터미널,3137,3373,6510
20210623,공항철도 1호선,영종,3017,3006,6023
20210623,분당선,선정릉,8381,8969,17350
20210623,분당선,가천대,6566,7466,14032
20210623,분당선,태평,13586,12956,26542
20210623,분당선,모란,19381,19316,38697
20210623,분당선,야탑,26034,27250,53284
20210623,분당선,서현,24743,24957,49700
20210623,분당선,수내,13371,13341,26712
20210623,분당선,정자,17779,19162,36941
20210623,분당선,미금,15557,16616,32173
20210623,분당선,오리,12067,10127,22194
20210623,분당선,이매,5890,5546,11436
20210623,분당선,보정,2562,2258,4820
20210623,분당선,죽전,13361,15011,28372
20210623,분당선,구성,4928,5060,9988
20210623,분당선,신갈,4656,4625,9281
20210623,분당선,강남구청,10162,11788,21950
20210623,공항철도 1호선,인천공항2터미널,1824,1875,3699
20210623,분당선,압구정로데오,18619,20566,39185
20210623,분당선,수원,7961,6622,14583
20210623,과천선,선바위,8952,7656,16608
20210623,과천선,경마공원,1654,1649,3303
20210623,과천선,대공원,2566,2638,5204
20210623,과천선,과천,5836,5384,11220
20210623,과천선,정부과천청사,10275,10022,20297
20210623,과천선,인덕원,24561,25284,49845
20210623,과천선,평촌,18472,18455,36927
20210623,과천선,범계,25594,25458,51052
20210623,분당선,선릉,13976,20682,34658
20210623,분당선,한티,14040,15029,29069
20210623,분당선,도곡,6975,6957,13932
20210623,분당선,구룡,2142,2112,4254
20210623,분당선,개포동,4025,4186,8211
20210623,분당선,대모산입구,3383,3156,6539
20210623,분당선,수서,13391,13719,27110
20210623,분당선,서울숲,11037,11179,22216
20210623,9호선,마곡나루,11545,11638,23183
20210623,경인선,소사,8836,8774,17610
20210623,9호선,공항시장,2897,3166,6063
20210623,3호선,압구정,32244,33989,66233
20210623,3호선,신사,30441,31877,62318
20210623,3호선,잠원,5010,4888,9898
20210623,3호선,고속터미널,38865,37280,76145
20210623,3호선,교대,14877,9699,24576
20210623,3호선,남부터미널,28915,29972,58887
20210623,3호선,옥수,9303,9665,18968
20210623,3호선,매봉,13009,12402,25411
20210623,3호선,대치,10912,10805,21717
20210623,3호선,학여울,1769,1759,3528
20210623,3호선,대청,10381,9356,19737
20210623,3호선,일원,10476,10400,20876
20210623,3호선,수서,17311,17750,35061
20210623,3호선,가락시장,9267,9049,18316
20210623,3호선,도곡,5640,5769,11409
20210623,3호선,금호,8344,7849,16193
20210623,3호선,약수,13289,12927,26216
20210623,3호선,동대입구,7290,7694,14984
20210623,2호선,신정네거리,10383,10633,21016
20210623,2호선,용두,2279,2409,4688
20210623,3호선,지축,4234,4073,8307
20210623,3호선,구파발,20998,19777,40775
20210623,3호선,연신내,37598,35553,73151
20210623,3호선,불광,16659,17655,34314
20210623,3호선,녹번,15718,14195,29913
20210623,3호선,홍제,17504,16566,34070
20210623,3호선,무악재,3993,3922,7915
20210623,3호선,독립문,7214,7342,14556
20210623,3호선,경복궁,20338,20072,40410
20210623,3호선,안국,20409,21069,41478
20210623,3호선,종로3가,10186,11805,21991
20210623,3호선,을지로3가,10962,11254,22216
20210623,3호선,충무로,2,0,2
20210623,3호선,경찰병원,7461,7587,15048
20210623,3호선,오금,6470,5633,12103
20210623,4호선,수유,34042,33737,67779
20210623,4호선,미아,14973,14549,29522
20210623,4호선,당고개,12840,11824,24664
20210623,4호선,상계,19660,18212,37872
20210623,4호선,노원,18994,21226,40220
20210623,4호선,창동,26109,27558,53667
20210623,4호선,쌍문,29817,27328,57145
20210623,5호선,방화,6819,6618,13437
20210623,5호선,개화산,5578,5303,10881
20210623,5호선,김포공항,7118,7086,14204
20210623,5호선,송정,6608,6100,12708
20210623,5호선,마곡,10693,10609,21302
20210623,5호선,발산,20279,20974,41253
20210623,5호선,우장산,14605,14439,29044
20210623,5호선,화곡,28555,26608,55163
20210623,5호선,까치산,29189,28176,57365
20210623,5호선,신정,14229,11432,25661
20210623,4호선,남태령,1242,1125,2367
20210623,2호선,양천구청,6999,7282,14281
20210623,4호선,사당,24490,20442,44932
20210623,4호선,동작,2458,2628,5086
20210623,4호선,미아사거리,28076,27056,55132
20210623,4호선,길음,20413,19475,39888
20210623,4호선,성신여대입구,19485,18601,38086
20210623,4호선,한성대입구,13708,13179,26887
20210623,4호선,혜화,31918,32440,64358
20210623,4호선,동대문,20947,21284,42231
20210623,4호선,동대문역사문화공원,14933,13646,28579
20210623,4호선,충무로,26871,27730,54601
20210623,4호선,명동,17618,18556,36174
20210623,4호선,회현,24677,26125,50802
20210623,4호선,서울역,10906,15635,26541
20210623,4호선,숙대입구,13009,12713,25722
20210623,4호선,삼각지,5204,5758,10962
20210623,4호선,신용산,16667,17683,34350
20210623,4호선,이촌,7606,8418,16024
20210623,4호선,총신대입구,19305,20959,40264
20210623,2호선,신설동,3095,3067,6162
20210623,2호선,신답,1699,1918,3617
20210623,2호선,용답,2870,2733,5603
20210623,1호선,서울역,43450,41207,84657
20210623,1호선,동묘앞,7861,8167,16028
20210623,1호선,시청,22237,22345,44582
20210623,1호선,종각,35964,35024,70988
20210623,1호선,종로3가,25522,23077,48599
20210623,1호선,종로5가,22888,22691,45579
20210623,1호선,동대문,11183,10756,21939
20210623,1호선,신설동,14149,13753,27902
20210623,1호선,제기동,16730,17148,33878
20210623,1호선,청량리,19775,19794,39569
20210623,2호선,시청,23768,23041,46809
20210623,2호선,을지로입구,39588,40867,80455
20210623,2호선,을지로3가,23077,22704,45781
20210623,2호선,을지로4가,13265,13113,26378
20210623,2호선,동대문역사문화공원,12367,13564,25931
20210623,분당선,복정,2,0,2
20210623,2호선,신당,13850,14369,28219
20210623,5호선,방이,7174,7358,14532
20210623,9호선,증미,7599,7675,15274
20210623,9호선,신방화,6862,6643,13505
20210623,8호선,모란,4287,3213,7500
20210623,수인선,인천논현,5682,5971,11653
20210623,수인선,호구포,3988,4164,8152
20210623,수인선,남동인더스파크,2318,2653,4971
20210623,수인선,원인재,4477,4626,9103
20210623,수인선,연수,4549,4518,9067
20210623,수인선,송도,2696,2508,5204
20210623,수인선,인하대,5705,5453,11158
20210623,수인선,숭의,4037,3843,7880
20210623,수인선,신포,1914,1908,3822
20210623,수인선,인천,1021,1645,2666
20210623,안산선,산본,16199,17401,33600
20210623,안산선,대야미,5037,4629,9666
20210623,안산선,반월,4378,4202,8580
20210623,3호선,양재,40217,43356,83573
20210623,5호선,목동,17204,18884,36088
20210623,2호선,상왕십리,14581,14360,28941
20210623,2호선,한양대,7285,7713,14998
20210623,2호선,봉천,24670,22818,47488
20210623,2호선,신림,62595,60965,123560
20210623,2호선,신대방,26714,26124,52838
20210623,2호선,구로디지털단지,62921,63033,125954
20210623,2호선,대림,24733,25275,50008
20210623,2호선,신도림,49988,49276,99264
20210623,2호선,문래,22301,22900,45201
20210623,2호선,영등포구청,23888,23965,47853
20210623,2호선,당산,19325,22558,41883
20210623,2호선,합정,30939,32461,63400
20210623,2호선,홍대입구,51992,54007,105999
20210623,2호선,신촌,32742,33868,66610
20210623,2호선,이대,13127,13810,26937
20210623,2호선,아현,10608,10110,20718
20210623,2호선,충정로,10421,10931,21352
20210623,2호선,서울대입구,47666,46716,94382
20210623,2호선,왕십리,16189,13569,29758
20210623,2호선,낙성대,27663,26786,54449
20210623,2호선,방배,16808,17790,34598
20210623,2호선,뚝섬,22789,24616,47405
20210623,2호선,성수,36820,40357,77177
20210623,2호선,건대입구,34156,36674,70830
20210623,2호선,구의,23913,23429,47342
20210623,2호선,강변,29857,29058,58915
20210623,2호선,잠실나루,15195,14639,29834
20210623,2호선,잠실,66513,66453,132966
20210623,2호선,잠실새내,21054,21037,42091
20210623,2호선,종합운동장,8386,8915,17301
20210623,2호선,삼성,54033,54903,108936
20210623,2호선,선릉,57719,51354,109073
20210623,2호선,역삼,53316,59376,112692
20210623,2호선,강남,86761,84705,171466
20210623,2호선,교대,35672,40420,76092
20210623,2호선,서초,22795,22584,45379
20210623,2호선,사당,36205,39415,75620
20210623,5호선,오목교,22364,24194,46558
20210623,2호선,도림천,1500,1534,3034
20210623,5호선,영등포구청,4170,4188,8358
20210623,7호선,군자,15009,12161,27170
20210623,7호선,어린이대공원,12294,11983,24277
20210623,7호선,건대입구,11901,12051,23952
20210623,7호선,뚝섬유원지,8643,8442,17085
20210623,7호선,청담,19940,22262,42202
20210623,7호선,강남구청,16644,18515,35159
20210623,7호선,학동,24766,26478,51244
20210623,7호선,논현,21270,22691,43961
20210623,7호선,반포,5972,5664,11636
20210623,7호선,고속터미널,15423,13225,28648
20210623,7호선,내방,14702,15103,29805
20210623,7호선,이수,15908,15379,31287
20210623,7호선,남성,11313,10520,21833
20210623,7호선,숭실대입구,11851,12106,23957
20210623,7호선,상도,10957,10560,21517
20210623,7호선,중곡,10150,9301,19451
20210623,7호선,장승배기,9624,9480,19104
20210623,7호선,용마산,6168,6004,12172
20210623,7호선,면목,15565,15146,30711
20210623,6호선,태릉입구,5458,5981,11439
20210623,6호선,화랑대,11612,9063,20675
20210623,6호선,봉화산,9240,8638,17878
20210623,7호선,장암,2392,899,3291
20210623,7호선,도봉산,9248,10787,20035
20210623,7호선,수락산,13115,12954,26069
20210623,7호선,마들,12885,12210,25095
20210623,7호선,노원,19434,20825,40259
20210623,7호선,중계,14830,13591,28421
20210623,7호선,하계,18220,17388,35608
20210623,7호선,공릉,11971,11839,23810
20210623,7호선,태릉입구,8107,7811,15918
20210623,7호선,먹골,10097,9856,19953
20210623,7호선,중화,11286,11126,22412
20210623,7호선,상봉,17370,16389,33759
20210623,7호선,사가정,16556,16479,33035
20210623,6호선,석계,12373,12670,25043
20210623,7호선,신대방삼거리,16468,15833,32301
20210623,7호선,신풍,12101,11600,23701
20210623,8호선,몽촌토성,6052,6248,12300
20210623,8호선,잠실,13577,16045,29622
20210623,8호선,석촌,7566,8711,16277
20210623,8호선,송파,7908,7843,15751
20210623,8호선,가락시장,7982,8831,16813
20210623,8호선,문정,22904,23953,46857
20210623,8호선,장지,17634,16893,34527
20210623,8호선,복정,11043,9673,20716
20210623,8호선,산성,5872,5999,11871
20210623,8호선,남한산성입구,13644,12389,26033
20210623,8호선,단대오거리,10410,10275,20685
20210623,8호선,신흥,4316,4613,8929
20210623,8호선,수진,5129,4726,9855
20210623,9호선,개화,2663,1815,4478
20210623,5호선,양평,7802,7733,15535
20210623,8호선,강동구청,10672,11045,21717
20210623,7호선,보라매,10118,10112,20230
20210623,8호선,천호,14727,16779,31506
20210623,7호선,부평구청,8152,7070,15222
20210623,7호선,대림,8155,7982,16137
20210623,7호선,남구로,16958,18020,34978
20210623,7호선,가산디지털단지,49254,49110,98364
20210623,7호선,철산,21771,22441,44212
20210623,7호선,광명사거리,22451,22077,44528
20210623,7호선,천왕,12003,11326,23329
20210623,7호선,온수,11061,10135,21196
20210623,7호선,까치울,7877,7747,15624
20210623,7호선,부천종합운동장,4770,4164,8934
20210623,7호선,춘의,10099,9827,19926
20210623,7호선,신중동,14657,14731,29388
20210623,7호선,부천시청,13064,12948,26012
20210623,7호선,상동,13062,13706,26768
20210623,7호선,삼산체육관,5636,5036,10672
20210623,7호선,굴포천,9336,9716,19052
20210623,8호선,암사,19440,17014,36454
20210623,6호선,돌곶이,9302,8931,18233
20210623,9호선,김포공항,7570,11898,19468
20210623,5호선,답십리,16284,14882,31166
20210623,5호선,장한평,18893,18729,37622
20210623,5호선,군자,11525,12483,24008
20210623,5호선,아차산,13903,13746,27649
20210623,5호선,광나루,13044,11811,24855
20210623,5호선,천호,17864,17800,35664
20210623,5호선,강동,18997,18299,37296
20210623,6호선,상월곡,6346,5753,12099
20210623,5호선,길동,8105,8403,16508
20210623,5호선,명일,8933,9333,18266
20210623,5호선,상일동,16492,14878,31370
20210623,5호선,둔촌동,8865,8898,17763
20210623,5호선,올림픽공원,4500,3790,8290
20210623,5호선,오금,3974,3830,7804
20210623,5호선,개롱,6686,6905,13591
20210623,5호선,굽은다리,9730,9398,19128
20210623,5호선,마장,5592,5153,10745
20210623,5호선,왕십리,4739,5174,9913
20210623,5호선,행당,8574,7544,16118
20210623,5호선,영등포시장,9727,10092,19819
20210623,5호선,신길,4123,4351,8474
20210623,5호선,여의도,29803,31205,61008
20210623,5호선,여의나루,11015,12654,23669
20210623,5호선,마포,14770,15299,30069
20210623,5호선,공덕,15155,15931,31086
20210623,5호선,애오개,7260,7262,14522
20210623,5호선,충정로,5072,5145,10217
20210623,5호선,서대문,19828,20178,40006
20210623,5호선,광화문,31559,33148,64707
20210623,5호선,종로3가,12681,12456,25137
20210623,5호선,을지로4가,6372,6649,13021
20210623,5호선,동대문역사문화공원,3032,3499,6531
20210623,5호선,청구,4026,3718,7744
20210623,5호선,신금호,6607,6877,13484
20210623,5호선,거여,8798,8439,17237
20210623,5호선,마천,6539,6453,12992
20210623,5호선,고덕,9727,9510,19237
20210623,5호선,미사,15041,14881,29922
20210623,6호선,효창공원앞,7084,6444,13528
20210623,6호선,삼각지,6360,5558,11918
20210623,6호선,녹사평,5068,4926,9994
20210623,6호선,이태원,9378,9730,19108
20210623,6호선,한강진,8211,9412,17623
20210623,5호선,강일,3327,3486,6813
20210623,6호선,약수,3753,3636,7389
20210623,6호선,청구,4010,4164,8174
20210623,6호선,신당,8080,8600,16680
20210623,6호선,동묘앞,8058,8177,16235
20210623,6호선,창신,3673,2982,6655
20210623,6호선,보문,7153,6594,13747
20210623,6호선,안암,10090,10019,20109
20210623,6호선,고려대,8167,7776,15943
20210623,6호선,월곡,11449,11350,22799
20210623,6호선,공덕,19007,18413,37420
20210623,6호선,대흥,8236,8536,16772
20210623,6호선,버티고개,1974,2140,4114
20210623,6호선,상수,7816,8761,16577
20210623,6호선,광흥창,9337,8999,18336
20210623,5호선,하남시청,5202,5240,10442
20210623,5호선,하남검단산,4881,4680,9561
20210623,6호선,응암,17891,17543,35434
20210623,6호선,역촌,3787,4584,8371
20210623,6호선,불광,4553,4426,8979
20210623,6호선,독바위,2796,2923,5719
20210623,5호선,하남풍산,4051,3992,8043
20210623,6호선,새절,13150,12339,25489
20210623,6호선,증산,10163,10050,20213
20210623,6호선,디지털미디어시티,14305,15538,29843
20210623,6호선,월드컵경기장,4648,4881,9529
20210623,6호선,마포구청,14532,13235,27767
20210623,6호선,망원,14244,15385,29629
20210623,6호선,합정,13341,12910,26251
20210623,6호선,구산,7646,5759,13405
20210624,경원선,가능,6659,6391,13050
20210624,경원선,녹양,4751,4431,9182
20210624,경원선,양주,7627,7129,14756
20210624,경원선,덕계,3000,2650,5650
20210624,경원선,덕정,5365,5379,10744
20210624,경원선,지행,6299,6300,12599
20210624,경원선,동두천중앙,3169,3041,6210
20210624,경의선,서울역,4393,5472,9865
20210624,경원선,동두천,2034,2398,4432
20210624,경원선,소요산,2790,2424,5214
20210624,경의선,신촌,886,1147,2033
20210624,경의선,효창공원앞,2971,3384,6355
20210624,경의선,공덕,3752,3389,7141
20210624,경의선,서강대,2120,2005,4125
20210624,경원선,의정부,17857,18492,36349
20210624,경원선,보산,1487,1340,2827
20210624,경원선,회룡,12714,12664,25378
20210624,경인선,간석,6253,5858,12111
20210624,경원선,도봉산,8047,4951,12998
20210624,경원선,이촌,4069,3026,7095
20210624,경원선,서빙고,2001,1875,3876
20210624,경원선,한남,4395,4121,8516
20210624,경원선,옥수,47,32,79
20210624,경원선,응봉,2025,1703,3728
20210624,경원선,왕십리,14032,15876,29908
20210624,경원선,청량리,15010,15689,30699
20210624,경원선,외대앞,7208,7227,14435
20210624,경원선,신이문,8660,7975,16635
20210624,경원선,석계,8158,9392,17550
20210624,경원선,광운대,8110,7706,15816
20210624,경원선,월계,6571,6349,12920
20210624,경원선,녹천,4852,4127,8979
20210624,경원선,방학,9746,9482,19228
20210624,경원선,도봉,6189,5995,12184
20210624,경원선,망월사,7432,7434,14866
20210624,경의선,홍대입구,1782,1947,3729
20210624,경인선,부개,8681,8165,16846
20210624,경의선,디지털미디어시티,2607,2393,5000
20210624,경인선,개봉,22018,22218,44236
20210624,경인선,오류동,12758,11772,24530
20210624,경인선,역곡,27331,27117,54448
20210624,경인선,부천,32556,32611,65167
20210624,경인선,송내,28023,27924,55947
20210624,경인선,부평,30112,31863,61975
20210624,경인선,백운,7343,7203,14546
20210624,경인선,동암,15421,15449,30870
20210624,경인선,주안,18929,17018,35947
20210624,경인선,제물포,10706,10407,21113
20210624,경인선,동인천,14096,13284,27380
20210624,경인선,인천,3745,2841,6586
20210624,경인선,구일,7299,7237,14536
20210624,경인선,소사,8943,8869,17812
20210624,경부선,광명,3310,2884,6194
20210624,경의선,검암,1,0,1
20210624,경의선,가좌,5559,5094,10653
20210624,경의선,임진강,34,20,54
20210624,경의선,파주,1295,833,2128
20210624,경의선,수색,3006,3087,6093
20210624,경의선,화전,1735,1572,3307
20210624,경의선,강매,3360,2892,6252
20210624,경의선,행신,8053,7956,16009
20210624,경의선,능곡,3903,3597,7500
20210624,경의선,곡산,620,659,1279
20210624,경의선,백마,7215,6939,14154
20210624,경의선,풍산,5728,5339,11067
20210624,경의선,일산,9421,9251,18672
20210624,경의선,탄현,7836,7551,15387
20210624,경의선,야당,7040,7007,14047
20210624,경의선,운정,6761,6462,13223
20210624,경의선,금릉,4766,4669,9435
20210624,경의선,금촌,6465,6394,12859
20210624,경의선,월롱,2366,2042,4408
20210624,경의선,문산,5400,5502,10902
20210624,경부선,서동탄,1610,1362,2972
20210624,경부선,서울역,5732,1783,7515
20210624,경부선,천안,4593,4741,9334
20210624,9호선2~3단계,석촌고분,6063,6031,12094
20210624,9호선2~3단계,석촌,8179,7320,15499
20210624,9호선2~3단계,송파나루,4869,5278,10147
20210624,9호선2~3단계,한성백제,2564,2341,4905
20210624,9호선2~3단계,올림픽공원,5927,5943,11870
20210624,9호선2~3단계,둔촌오륜,1260,1114,2374
20210624,9호선2~3단계,삼전,6782,6575,13357
20210624,9호선2~3단계,중앙보훈병원,10785,9568,20353
20210624,경강선,이매,1189,1024,2213
20210624,경강선,삼동,2481,2266,4747
20210624,경강선,경기광주,7408,6907,14315
20210624,경강선,초월,3136,2969,6105
20210624,경강선,곤지암,2284,2257,4541
20210624,경강선,신둔도예촌,1365,1282,2647
20210624,경강선,판교,4663,4664,9327
20210624,9호선2~3단계,종합운동장,4375,4400,8775
20210624,9호선2~3단계,봉은사,17242,17531,34773
20210624,9호선2~3단계,삼성중앙,7035,7457,14492
20210624,9호선,당산,18243,18205,36448
20210624,9호선,국회의사당,15760,16566,32326
20210624,9호선,여의도,28524,27235,55759
20210624,9호선,샛강,6135,6418,12553
20210624,9호선,노량진,26240,25582,51822
20210624,9호선,노들,4625,3904,8529
20210624,9호선,흑석,8132,8439,16571
20210624,9호선,동작,2064,1558,3622
20210624,9호선,구반포,2711,2852,5563
20210624,9호선,신반포,3176,3280,6456
20210624,9호선,고속터미널,12693,16391,29084
20210624,9호선,사평,3528,3456,6984
20210624,9호선,신논현,32761,32630,65391
20210624,9호선2~3단계,언주,10517,10776,21293
20210624,9호선2~3단계,선정릉,9915,10973,20888
20210624,경강선,이천,2465,2624,5089
20210624,경강선,부발,1758,1717,3475
20210624,경강선,세종대왕릉,263,272,535
20210624,경강선,여주,1790,1829,3619
20210624,경부선,수원,33117,35005,68122
20210624,경부선,독산,17727,18892,36619
20210624,경부선,세류,3010,2805,5815
20210624,경부선,병점,14003,14029,28032
20210624,경부선,세마,2757,2577,5334
20210624,경부선,오산대,3353,3099,6452
20210624,경부선,오산,9253,9238,18491
20210624,경부선,진위,1566,1402,2968
20210624,경부선,송탄,4065,3884,7949
20210624,경부선,서정리,6050,5634,11684
20210624,경부선,평택지제,2904,2794,5698
20210624,경부선,평택,10909,10968,21877
20210624,경부선,성환,3180,3223,6403
20210624,경부선,직산,761,769,1530
20210624,경부선,두정,4860,4937,9797
20210624,경부선,화서,7740,7559,15299
20210624,경부선,당정,6449,6056,12505
20210624,경부선,성균관대,13942,14004,27946
20210624,경부선,군포,7895,7754,15649
20210624,경부선,남영,9321,9664,18985
20210624,경부선,용산,33129,34246,67375
20210624,경부선,노량진,8670,8571,17241
20210624,경부선,대방,13507,13719,27226
20210624,경부선,영등포,37028,37956,74984
20210624,경부선,신도림,4382,4484,8866
20210624,경부선,신길,9624,8063,17687
20210624,경부선,구로,19258,19582,38840
20210624,경부선,가산디지털단지,19423,22295,41718
20210624,경부선,금천구청,12171,12164,24335
20210624,경부선,석수,10241,8953,19194
20210624,경부선,관악,7585,7012,14597
20210624,경부선,안양,21889,21859,43748
20210624,경부선,명학,9324,9346,18670
20210624,경부선,금정,26829,27150,53979
20210624,경부선,의왕,9374,9238,18612
20210624,경인선,도원,3543,3553,7096
20210624,중앙선,운길산,914,861,1775
20210624,경인선,중동,9484,8970,18454
20210624,안산선,산본,16419,17489,33908
20210624,안산선,대야미,5126,4606,9732
20210624,안산선,반월,4534,4283,8817
20210624,안산선,상록수,16001,16061,32062
20210624,안산선,한대앞,9005,8997,18002
20210624,안산선,중앙,17655,18083,35738
20210624,안산선,고잔,9219,8904,18123
20210624,안산선,초지,4493,4646,9139
20210624,안산선,안산,11604,10465,22069
20210624,안산선,신길온천,1742,1619,3361
20210624,안산선,정왕,8738,9200,17938
20210624,안산선,오이도,8906,8627,17533
20210624,안산선,수리산,4431,3585,8016
20210624,우이신설선,북한산우이,2913,2599,5512
20210624,우이신설선,솔밭공원,2484,2429,4913
20210624,수인선,인천,1114,1721,2835
20210624,우이신설선,4.19민주묘지,2894,2738,5632
20210624,수인선,신포,1895,1987,3882
20210624,수인선,인하대,5844,5583,11427
20210624,분당선,매교,3213,3266,6479
20210624,수인선,고색,4116,3903,8019
20210624,수인선,오목천,2697,2444,5141
20210624,수인선,어천,719,777,1496
20210624,수인선,야목,269,237,506
20210624,수인선,사리,4294,3977,8271
20210624,수인선,달월,98,77,175
20210624,수인선,월곶,2569,2401,4970
20210624,수인선,소래포구,6020,5739,11759
20210624,수인선,인천논현,5664,6006,11670
20210624,수인선,호구포,3980,4205,8185
20210624,수인선,남동인더스파크,2303,2665,4968
20210624,수인선,원인재,4373,4528,8901
20210624,수인선,연수,4665,4513,9178
20210624,수인선,송도,2781,2517,5298
20210624,수인선,숭의,4108,3838,7946
20210624,분당선,수원시청,12809,13582,26391
20210624,우이신설선,가오리,4188,4211,8399
20210624,우이신설선,삼양,1975,2148,4123
20210624,장항선,아산,2579,2444,5023
20210624,장항선,배방,1035,1039,2074
20210624,장항선,온양온천,4222,4273,8495
20210624,장항선,신창,1122,1051,2173
20210624,중앙선,회기,24794,23672,48466
20210624,중앙선,중랑,5715,5390,11105
20210624,중앙선,상봉,6096,6141,12237
20210624,중앙선,망우,7828,7650,15478
20210624,중앙선,양원,1924,1904,3828
20210624,중앙선,구리,13708,13962,27670
20210624,중앙선,도농,10243,9448,19691
20210624,중앙선,양정,908,687,1595
20210624,중앙선,덕소,5899,5760,11659
20210624,중앙선,도심,2569,2070,4639
20210624,중앙선,양평,2643,2744,5387
20210624,장항선,쌍용,1923,1753,3676
20210624,우이신설선,화계,3330,3139,6469
20210624,장항선,봉명,1354,1271,2625
20210624,일산선,주엽,9069,9051,18120
20210624,우이신설선,삼양사거리,2384,2516,4900
20210624,우이신설선,솔샘,5847,5511,11358
20210624,우이신설선,북한산보국문,5991,5756,11747
20210624,우이신설선,정릉,4587,4175,8762
20210624,우이신설선,성신여대입구,3038,3339,6377
20210624,우이신설선,보문,1508,1497,3005
20210624,우이신설선,신설동,2233,2138,4371
20210624,일산선,원흥,10508,10035,20543
20210624,일산선,삼송,18761,18266,37027
20210624,일산선,원당,11423,10835,22258
20210624,일산선,화정,17103,17537,34640
20210624,일산선,대곡,1908,1468,3376
20210624,일산선,백석,10161,10132,20293
20210624,일산선,마두,7547,7768,15315
20210624,일산선,정발산,7262,7393,14655
20210624,일산선,대화,13415,10645,24060
20210624,경인선,온수,7358,6920,14278
20210624,분당선,매탄권선,5138,4963,10101
20210624,분당선,영통,8262,8513,16775
20210624,경춘선,춘천,1251,1139,2390
20210624,공항철도 1호선,서울역,7629,6933,14562
20210624,공항철도 1호선,공덕,2277,3017,5294
20210624,공항철도 1호선,홍대입구,10150,10100,20250
20210624,공항철도 1호선,디지털미디어시티,14512,13154,27666
20210624,공항철도 1호선,마곡나루,8676,8289,16965
20210624,공항철도 1호선,김포공항,12452,6888,19340
20210624,공항철도 1호선,계양,9450,8761,18211
20210624,공항철도 1호선,검암,6894,6758,13652
20210624,공항철도 1호선,청라국제도시,6939,6594,13533
20210624,공항철도 1호선,운서,6314,6297,12611
20210624,공항철도 1호선,공항화물청사,2358,2510,4868
20210624,공항철도 1호선,인천공항1터미널,3114,3587,6701
20210624,공항철도 1호선,인천공항2터미널,1890,1986,3876
20210624,공항철도 1호선,영종,3010,3068,6078
20210624,경춘선,남춘천,2231,2264,4495
20210624,과천선,선바위,8925,7748,16673
20210624,경춘선,김유정,333,351,684
20210624,경춘선,백양리,95,103,198
20210624,경인선,도화,4365,4058,8423
20210624,경춘선,신내,1745,1725,3470
20210624,경춘선,갈매,3250,2800,6050
20210624,경춘선,별내,3192,3045,6237
20210624,경춘선,퇴계원,3763,3464,7227
20210624,경춘선,사릉,3442,3296,6738
20210624,경춘선,금곡,1580,1524,3104
20210624,경춘선,평내호평,6402,6189,12591
20210624,경춘선,천마산,1728,1631,3359
20210624,경춘선,마석,3934,3894,7828
20210624,경춘선,대성리,631,595,1226
20210624,경춘선,청평,1747,1722,3469
20210624,경춘선,상천,302,278,580
20210624,경춘선,가평,2112,2167,4279
20210624,경춘선,굴봉산,146,156,302
20210624,경춘선,강촌,395,423,818
20210624,분당선,망포,14509,13637,28146
20210624,과천선,경마공원,1432,1372,2804
20210624,과천선,과천,5840,5313,11153
20210624,분당선,모란,25514,26184,51698
20210624,분당선,야탑,26303,27127,53430
20210624,분당선,서현,25010,25483,50493
20210624,분당선,수내,13384,13503,26887
20210624,분당선,정자,18283,17025,35308
20210624,분당선,미금,15901,16860,32761
20210624,분당선,오리,12228,10194,22422
20210624,분당선,이매,5926,5565,11491
20210624,분당선,보정,2787,2392,5179
20210624,분당선,죽전,13495,14948,28443
20210624,분당선,구성,5059,5270,10329
20210624,분당선,신갈,4664,4570,9234
20210624,분당선,기흥,9624,9163,18787
20210624,분당선,상갈,5546,5180,10726
20210624,분당선,청명,4332,4131,8463
20210624,분당선,태평,14094,13331,27425
20210624,과천선,대공원,3025,3175,6200
20210624,분당선,가천대,6532,7496,14028
20210624,분당선,강남구청,10157,11675,21832
20210624,과천선,정부과천청사,10543,10497,21040
20210624,과천선,인덕원,24483,25089,49572
20210624,과천선,평촌,18631,18490,37121
20210624,과천선,범계,26127,25750,51877
20210624,분당선,선릉,14125,20836,34961
20210624,분당선,한티,14048,15121,29169
20210624,분당선,도곡,6928,6779,13707
20210624,분당선,구룡,2196,2185,4381
20210624,분당선,개포동,3932,4050,7982
20210624,분당선,대모산입구,3553,3340,6893
20210624,분당선,수서,14108,14612,28720
20210624,분당선,복정,3,0,3
20210624,분당선,수원,8129,6877,15006
20210624,분당선,서울숲,11628,11687,23315
20210624,분당선,압구정로데오,19506,21529,41035
20210624,분당선,선정릉,8357,8932,17289
20210624,9호선,선유도,8700,8372,17072
20210624,중앙선,팔당,900,910,1810
20210624,9호선,염창,17360,16994,34354
20210624,3호선,대치,10918,11116,22034
20210624,3호선,학여울,1885,1843,3728
20210624,3호선,대청,10392,9557,19949
20210624,3호선,일원,10693,10430,21123
20210624,3호선,수서,17342,17817,35159
20210624,3호선,가락시장,9404,9209,18613
20210624,3호선,도곡,5575,5776,11351
20210624,3호선,경찰병원,7570,7456,15026
20210624,4호선,수유,34238,33699,67937
20210624,4호선,미아,14956,14416,29372
20210624,4호선,미아사거리,28238,27467,55705
20210624,4호선,길음,20417,19684,40101
20210624,4호선,성신여대입구,19899,18767,38666
20210624,4호선,한성대입구,13933,13467,27400
20210624,3호선,오금,6375,5845,12220
20210624,3호선,매봉,13250,12690,25940
20210624,3호선,양재,40549,44263,84812
20210624,3호선,남부터미널,29967,31205,61172
20210624,3호선,독립문,7148,7377,14525
20210624,3호선,경복궁,20446,20413,40859
20210624,3호선,안국,20602,21601,42203
20210624,3호선,종로3가,10265,11881,22146
20210624,3호선,을지로3가,11096,11496,22592
20210624,3호선,충무로,1,0,1
20210624,3호선,동대입구,7546,8011,15557
20210624,3호선,약수,13385,13049,26434
20210624,3호선,금호,8479,7939,16418
20210624,3호선,옥수,9664,9993,19657
20210624,3호선,압구정,32668,34350,67018
20210624,3호선,신사,31011,32664,63675
20210624,3호선,잠원,4997,4969,9966
20210624,3호선,고속터미널,40004,39016,79020
20210624,3호선,교대,15280,9772,25052
20210624,4호선,혜화,32175,32523,64698
20210624,4호선,동대문,20962,21581,42543
20210624,4호선,동대문역사문화공원,15147,14049,29196
20210624,4호선,충무로,27043,28076,55119
20210624,5호선,송정,6757,6301,13058
20210624,5호선,마곡,10762,10590,21352
20210624,5호선,발산,20399,20869,41268
20210624,5호선,우장산,14617,14349,28966
20210624,5호선,화곡,28644,26829,55473
20210624,5호선,까치산,29192,28116,57308
20210624,5호선,신정,14229,11288,25517
20210624,5호선,목동,17210,18675,35885
20210624,5호선,오목교,22786,24604,47390
20210624,5호선,영등포구청,4105,4164,8269
20210624,5호선,영등포시장,9916,10268,20184
20210624,5호선,신길,4086,4441,8527
20210624,5호선,여의도,29363,31180,60543
20210624,5호선,여의나루,12569,14105,26674
20210624,5호선,마포,14903,15431,30334
20210624,5호선,김포공항,7720,7089,14809
20210624,3호선,홍제,17467,16293,33760
20210624,5호선,개화산,5697,5343,11040
20210624,4호선,쌍문,29989,27523,57512
20210624,4호선,명동,17977,18839,36816
20210624,4호선,회현,24612,26216,50828
20210624,4호선,서울역,11063,16341,27404
20210624,4호선,숙대입구,12861,12763,25624
20210624,4호선,삼각지,5320,5799,11119
20210624,4호선,신용산,16892,17863,34755
20210624,4호선,이촌,7675,8653,16328
20210624,4호선,동작,2622,2756,5378
20210624,4호선,총신대입구,19283,21002,40285
20210624,4호선,사당,24415,20500,44915
20210624,4호선,남태령,1205,1046,2251
20210624,4호선,당고개,12993,11968,24961
20210624,4호선,상계,19623,18243,37866
20210624,4호선,노원,18886,21131,40017
20210624,4호선,창동,26184,27534,53718
20210624,5호선,방화,6900,6711,13611
20210624,3호선,녹번,15759,14199,29958
20210624,3호선,불광,16686,17832,34518
20210624,3호선,연신내,37738,35461,73199
20210624,중앙선,용문,1890,1900,3790
20210624,중앙선,지평,81,88,169
20210624,2호선,시청,23954,23251,47205
20210624,2호선,을지로입구,40046,41068,81114
20210624,2호선,을지로3가,23248,22945,46193
20210624,2호선,을지로4가,13404,13362,26766
20210624,2호선,동대문역사문화공원,12440,13617,26057
20210624,2호선,신당,13818,14115,27933
20210624,2호선,상왕십리,14749,14361,29110
20210624,2호선,왕십리,16421,13511,29932
20210624,2호선,한양대,7110,7588,14698
20210624,2호선,뚝섬,23446,25283,48729
20210624,2호선,성수,37188,41144,78332
20210624,2호선,건대입구,34877,37533,72410
20210624,2호선,구의,23960,23504,47464
20210624,중앙선,원덕,368,337,705
20210624,2호선,강변,30619,29843,60462
20210624,2호선,용답,2689,2646,5335
20210624,1호선,제기동,16880,17321,34201
20210624,9호선,신목동,4164,3758,7922
20210624,중앙선,신원,228,193,421
20210624,중앙선,국수,760,730,1490
20210624,중앙선,아신,583,569,1152
20210624,중앙선,오빈,316,322,638
20210624,3호선,무악재,3991,4072,8063
20210624,5호선,양평,7695,7568,15263
20210624,1호선,서울역,44583,42039,86622
20210624,1호선,동묘앞,8061,8445,16506
20210624,1호선,시청,22208,22521,44729
20210624,1호선,종각,36372,35529,71901
20210624,1호선,종로3가,25966,23825,49791
20210624,1호선,종로5가,22989,23092,46081
20210624,1호선,동대문,11004,10456,21460
20210624,1호선,신설동,14250,13795,28045
20210624,1호선,청량리,19797,19733,39530
20210624,5호선,공덕,15164,16056,31220
20210624,2호선,잠실나루,14959,14495,29454
20210624,2호선,잠실새내,21336,21357,42693
20210624,2호선,당산,19752,22753,42505
20210624,2호선,합정,31678,33418,65096
20210624,2호선,홍대입구,54874,57053,111927
20210624,2호선,신촌,33191,34086,67277
20210624,2호선,이대,12942,13685,26627
20210624,2호선,아현,10564,10006,20570
20210624,2호선,충정로,10368,10891,21259
20210624,2호선,신답,1641,1905,3546
20210624,2호선,신설동,3168,3161,6329
20210624,2호선,도림천,1496,1541,3037
20210624,2호선,양천구청,6992,7298,14290
20210624,2호선,신정네거리,10658,10848,21506
20210624,2호선,용두,2355,2406,4761
20210624,3호선,지축,4183,4152,8335
20210624,3호선,구파발,20971,19891,40862
20210624,2호선,영등포구청,23719,24125,47844
20210624,2호선,잠실,68956,69097,138053
20210624,2호선,문래,22306,22853,45159
20210624,2호선,대림,24658,25309,49967
20210624,2호선,종합운동장,8520,8789,17309
20210624,2호선,삼성,55033,56182,111215
20210624,2호선,선릉,58869,52642,111511
20210624,2호선,역삼,52402,59082,111484
20210624,2호선,강남,88200,86373,174573
20210624,2호선,교대,35545,40384,75929
20210624,2호선,서초,22759,22477,45236
20210624,2호선,방배,16977,17972,34949
20210624,2호선,사당,37233,40493,77726
20210624,2호선,낙성대,27943,26930,54873
20210624,2호선,서울대입구,48195,47377,95572
20210624,2호선,봉천,24635,22734,47369
20210624,2호선,신림,63135,61022,124157
20210624,2호선,신대방,26830,26022,52852
20210624,2호선,구로디지털단지,63126,63216,126342
20210624,2호선,신도림,50518,49592,100110
20210624,5호선,애오개,7064,7125,14189
20210624,중앙선,양수,1974,2049,4023
20210624,5호선,서대문,19838,20301,40139
20210624,7호선,반포,6055,5789,11844
20210624,7호선,고속터미널,15525,13487,29012
20210624,7호선,내방,14648,15017,29665
20210624,7호선,이수,16077,15633,31710
20210624,7호선,남성,11281,10374,21655
20210624,7호선,숭실대입구,11932,12159,24091
20210624,7호선,상도,11001,10519,21520
20210624,7호선,장승배기,9743,9576,19319
20210624,7호선,신대방삼거리,16570,15872,32442
20210624,7호선,보라매,10010,10032,20042
20210624,7호선,신풍,12210,11540,23750
20210624,7호선,대림,7761,7696,15457
20210624,7호선,남구로,16635,17746,34381
20210624,7호선,가산디지털단지,48934,49399,98333
20210624,7호선,철산,21996,22494,44490
20210624,7호선,논현,21235,22840,44075
20210624,7호선,광명사거리,22590,22296,44886
20210624,7호선,학동,24913,26756,51669
20210624,7호선,청담,19813,22342,42155
20210624,7호선,중계,14774,13433,28207
20210624,7호선,하계,17910,17086,34996
20210624,7호선,공릉,11811,11836,23647
20210624,7호선,태릉입구,8332,7969,16301
20210624,7호선,먹골,10136,9966,20102
20210624,7호선,중화,11225,11002,22227
20210624,7호선,상봉,17381,16366,33747
20210624,7호선,면목,15573,15029,30602
20210624,7호선,사가정,16845,16803,33648
20210624,7호선,용마산,6386,6210,12596
20210624,7호선,중곡,10227,9307,19534
20210624,7호선,군자,14984,12189,27173
20210624,7호선,어린이대공원,12275,12049,24324
20210624,7호선,건대입구,11814,11930,23744
20210624,7호선,뚝섬유원지,9578,9230,18808
20210624,7호선,강남구청,16786,18602,35388
20210624,7호선,노원,19252,20597,39849
20210624,7호선,천왕,11957,11254,23211
20210624,7호선,까치울,8147,7669,15816
20210624,8호선,산성,6155,6098,12253
20210624,8호선,남한산성입구,13993,12575,26568
20210624,8호선,단대오거리,10650,10290,20940
20210624,8호선,신흥,4550,4827,9377
20210624,8호선,수진,5271,4868,10139
20210624,8호선,모란,5830,4520,10350
20210624,9호선,개화,2641,1834,4475
20210624,9호선,김포공항,8241,12477,20718
20210624,9호선,공항시장,2999,3202,6201
20210624,9호선,신방화,6972,6731,13703
20210624,9호선,마곡나루,11630,11808,23438
20210624,9호선,양천향교,9707,9932,19639
20210624,9호선,가양,20638,19740,40378
20210624,9호선,증미,7626,7685,15311
20210624,5호선,충정로,4916,5078,9994
20210624,8호선,복정,11363,10002,21365
20210624,7호선,온수,11015,10200,21215
20210624,8호선,장지,17504,16734,34238
20210624,8호선,가락시장,7986,8820,16806
20210624,7호선,부천종합운동장,4953,4282,9235
20210624,7호선,춘의,9996,9750,19746
20210624,7호선,신중동,14754,14600,29354
20210624,7호선,부천시청,13039,13023,26062
20210624,7호선,상동,13186,13795,26981
20210624,7호선,삼산체육관,5722,5101,10823
20210624,7호선,굴포천,9251,9773,19024
20210624,7호선,부평구청,8124,7134,15258
20210624,8호선,암사,19602,17080,36682
20210624,8호선,천호,15174,17188,32362
20210624,8호선,강동구청,10805,11110,21915
20210624,8호선,몽촌토성,6125,6365,12490
20210624,8호선,잠실,13924,16208,30132
20210624,8호선,석촌,7940,9108,17048
20210624,8호선,송파,7860,7972,15832
20210624,8호선,문정,22863,24047,46910
20210624,7호선,마들,12841,12249,25090
20210624,9호선,등촌,11641,11298,22939
20210624,7호선,도봉산,9252,10854,20106
20210624,5호선,명일,8626,9114,17740
20210624,5호선,상일동,16587,14842,31429
20210624,5호선,둔촌동,8916,8893,17809
20210624,5호선,올림픽공원,4474,3830,8304
20210624,5호선,방이,7125,7339,14464
20210624,5호선,오금,3958,3915,7873
20210624,5호선,개롱,6694,6918,13612
20210624,5호선,거여,8859,8375,17234
20210624,5호선,마천,6679,6644,13323
20210624,5호선,강일,3356,3466,6822
20210624,5호선,미사,15235,15089,30324
20210624,5호선,하남풍산,4125,4187,8312
20210624,5호선,하남시청,5421,5517,10938
20210624,5호선,하남검단산,5103,4953,10056
20210624,6호선,응암,17968,17683,35651
20210624,5호선,굽은다리,9724,9319,19043
20210624,6호선,역촌,3983,4586,8569
20210624,5호선,길동,8027,8368,16395
20210624,5호선,천호,18179,18070,36249
20210624,7호선,수락산,13413,13124,26537
20210624,5호선,광화문,30980,33007,63987
20210624,5호선,종로3가,12991,12888,25879
20210624,5호선,을지로4가,6293,6472,12765
20210624,5호선,동대문역사문화공원,3004,3580,6584
20210624,5호선,청구,4060,3730,7790
20210624,5호선,신금호,6616,6887,13503
20210624,5호선,행당,8619,7633,16252
20210624,5호선,왕십리,4873,5255,10128
20210624,5호선,마장,5652,5161,10813
20210624,5호선,답십리,16283,14809,31092
20210624,5호선,장한평,19162,18732,37894
20210624,5호선,군자,11424,12454,23878
20210624,5호선,아차산,14277,13965,28242
20210624,5호선,광나루,13327,12238,25565
20210624,5호선,강동,18885,18031,36916
20210624,6호선,불광,4334,4384,8718
20210624,5호선,고덕,9868,9771,19639
20210624,6호선,연신내,1,0,1
20210624,6호선,청구,3948,4187,8135
20210624,6호선,신당,7965,8496,16461
20210624,6호선,동묘앞,8200,8309,16509
20210624,6호선,창신,3630,2951,6581
20210624,6호선,보문,7260,6659,13919
20210624,6호선,안암,10196,10066,20262
20210624,6호선,고려대,8114,7729,15843
20210624,6호선,월곡,11276,11270,22546
20210624,6호선,상월곡,6301,5756,12057
20210624,6호선,돌곶이,9743,8985,18728
20210624,6호선,석계,12398,12576,24974
20210624,6호선,태릉입구,5492,6002,11494
20210624,6호선,화랑대,11803,9025,20828
20210624,6호선,독바위,2836,2999,5835
20210624,7호선,장암,2413,1031,3444
20210624,6호선,약수,3784,3727,7511
20210624,6호선,버티고개,2015,2138,4153
20210624,6호선,봉화산,9098,8478,17576
20210624,6호선,이태원,9693,9955,19648
20210624,6호선,한강진,7921,9207,17128
20210624,6호선,증산,10193,10071,20264
20210624,6호선,디지털미디어시티,14203,15610,29813
20210624,6호선,월드컵경기장,4849,5072,9921
20210624,6호선,마포구청,14485,13144,27629
20210624,6호선,망원,14693,15716,30409
20210624,6호선,합정,13347,13081,26428
20210624,6호선,새절,13117,12261,25378
20210624,6호선,광흥창,9250,8763,18013
20210624,6호선,대흥,8141,8478,16619
20210624,6호선,공덕,19220,18404,37624
20210624,6호선,효창공원앞,7325,6543,13868
20210624,6호선,삼각지,6523,5704,12227
20210624,6호선,구산,7704,5710,13414
20210624,6호선,녹사평,5371,5250,10621
20210624,6호선,상수,8167,8982,17149
20210625,6호선,대흥,8345,8563,16908
20210625,6호선,광흥창,9341,8839,18180
20210625,6호선,상수,8817,10208,19025
20210625,6호선,합정,14364,14129,28493
20210625,6호선,망원,15297,16982,32279
20210625,6호선,마포구청,14829,13061,27890
20210625,6호선,증산,10269,10081,20350
20210625,6호선,디지털미디어시티,14389,15271,29660
20210625,6호선,새절,13372,12406,25778
20210625,6호선,구산,7877,5718,13595
20210625,6호선,연신내,1,0,1
20210625,6호선,독바위,2850,2963,5813
20210625,6호선,공덕,19288,18903,38191
20210625,6호선,월드컵경기장,4850,5195,10045
20210625,6호선,효창공원앞,7342,6511,13853
20210625,6호선,신당,8510,8793,17303
20210625,6호선,녹사평,5849,5927,11776
20210625,6호선,불광,4655,4562,9217
20210625,6호선,석계,12709,13115,25824
20210625,6호선,돌곶이,9439,8713,18152
20210625,6호선,상월곡,6515,5677,12192
20210625,6호선,월곡,11743,11460,23203
20210625,6호선,고려대,8387,7810,16197
20210625,6호선,안암,10604,10383,20987
20210625,6호선,보문,7697,7000,14697
20210625,6호선,창신,3815,3091,6906
20210625,6호선,동묘앞,8533,8643,17176
20210625,6호선,청구,3930,4197,8127
20210625,6호선,약수,3962,3870,7832
20210625,6호선,버티고개,2078,2144,4222
20210625,6호선,한강진,8682,10128,18810
20210625,6호선,이태원,11198,11981,23179
20210625,6호선,삼각지,7059,6096,13155
20210625,6호선,역촌,4012,4697,8709
20210625,5호선,애오개,7330,7099,14429
20210625,5호선,하남검단산,5280,5127,10407
20210625,5호선,군자,11713,12939,24652
20210625,5호선,장한평,19197,18938,38135
20210625,5호선,답십리,16630,14860,31490
20210625,5호선,마장,5771,5319,11090
20210625,5호선,왕십리,4845,5577,10422
20210625,5호선,행당,8748,7638,16386
20210625,5호선,신금호,6819,7002,13821
20210625,5호선,청구,4098,3758,7856
20210625,5호선,동대문역사문화공원,2914,3576,6490
20210625,5호선,을지로4가,6350,6785,13135
20210625,5호선,종로3가,13559,14029,27588
20210625,5호선,광화문,30440,32291,62731
20210625,5호선,충정로,4965,4941,9906
20210625,6호선,태릉입구,5626,6240,11866
20210625,5호선,공덕,14792,15998,30790
20210625,5호선,아차산,14517,14200,28717
20210625,5호선,광나루,13642,12261,25903
20210625,5호선,천호,19152,19438,38590
20210625,5호선,강동,19317,18115,37432
20210625,5호선,하남시청,5466,5508,10974
20210625,5호선,하남풍산,4208,4244,8452
20210625,5호선,미사,15469,15474,30943
20210625,5호선,강일,3358,3487,6845
20210625,5호선,마천,6647,6581,13228
20210625,5호선,거여,8943,8376,17319
20210625,5호선,개롱,6786,6967,13753
20210625,6호선,응암,18529,17960,36489
20210625,5호선,오금,4033,3856,7889
20210625,5호선,올림픽공원,4569,3824,8393
20210625,5호선,둔촌동,9129,9019,18148
20210625,5호선,상일동,16704,14660,31364
20210625,5호선,고덕,10045,9737,19782
20210625,5호선,명일,9192,9240,18432
20210625,5호선,굽은다리,9996,9339,19335
20210625,5호선,길동,8507,8790,17297
20210625,5호선,방이,7233,7541,14774
20210625,6호선,화랑대,11975,9275,21250
20210625,7호선,대림,8053,8304,16357
20210625,7호선,장암,2337,1006,3343
20210625,8호선,잠실,14509,17299,31808
20210625,8호선,몽촌토성,6125,6250,12375
20210625,8호선,강동구청,10916,11239,22155
20210625,8호선,천호,15706,18206,33912
20210625,8호선,암사,19810,17343,37153
20210625,7호선,부평구청,8178,6943,15121
20210625,7호선,굴포천,9589,10216,19805
20210625,7호선,삼산체육관,5772,5143,10915
20210625,7호선,상동,13672,14364,28036
20210625,7호선,부천시청,13614,13642,27256
20210625,7호선,신중동,15221,15451,30672
20210625,7호선,춘의,10217,9790,20007
20210625,7호선,부천종합운동장,5010,4383,9393
20210625,7호선,까치울,8271,7908,16179
20210625,7호선,온수,11003,10130,21133
20210625,8호선,석촌,8124,9423,17547
20210625,7호선,천왕,12074,11175,23249
20210625,8호선,송파,8006,7902,15908
20210625,8호선,문정,22628,23722,46350
20210625,9호선,양천향교,9968,9950,19918
20210625,5호선,마포,14826,15292,30118
20210625,9호선,마곡나루,11839,11978,23817
20210625,9호선,신방화,7160,6840,14000
20210625,9호선,공항시장,3050,3270,6320
20210625,9호선,김포공항,9482,14415,23897
20210625,9호선,개화,2755,1827,4582
20210625,8호선,모란,4394,3398,7792
20210625,8호선,수진,5301,4685,9986
20210625,8호선,신흥,4518,4888,9406
20210625,8호선,단대오거리,10686,10099,20785
20210625,8호선,남한산성입구,14048,12376,26424
20210625,8호선,산성,6189,6035,12224
20210625,8호선,복정,11567,10012,21579
20210625,8호선,장지,17841,16882,34723
20210625,8호선,가락시장,8138,9211,17349
20210625,6호선,봉화산,9213,8504,17717
20210625,7호선,광명사거리,23350,23010,46360
20210625,7호선,가산디지털단지,48796,48260,97056
20210625,7호선,중곡,10424,9487,19911
20210625,7호선,용마산,6530,6080,12610
20210625,7호선,사가정,17455,17206,34661
20210625,7호선,면목,15789,15260,31049
20210625,7호선,상봉,17880,17169,35049
20210625,7호선,중화,11528,11019,22547
20210625,7호선,먹골,10522,10207,20729
20210625,7호선,태릉입구,8732,8266,16998
20210625,7호선,공릉,12526,12212,24738
20210625,7호선,하계,18148,17052,35200
20210625,7호선,중계,15184,13528,28712
20210625,7호선,노원,20857,22566,43423
20210625,7호선,마들,13183,12294,25477
20210625,7호선,수락산,13443,13167,26610
20210625,7호선,도봉산,9168,10996,20164
20210625,7호선,군자,15522,12340,27862
20210625,7호선,철산,22548,23240,45788
20210625,7호선,어린이대공원,12733,12514,25247
20210625,7호선,뚝섬유원지,10808,10971,21779
20210625,7호선,남구로,16546,17599,34145
20210625,7호선,신풍,12325,11606,23931
20210625,7호선,보라매,10001,10006,20007
20210625,7호선,신대방삼거리,17033,16049,33082
20210625,7호선,장승배기,9888,9428,19316
20210625,7호선,상도,11306,10641,21947
20210625,7호선,숭실대입구,12282,12261,24543
20210625,7호선,남성,11516,10391,21907
20210625,7호선,이수,16574,16203,32777
20210625,7호선,고속터미널,17720,14858,32578
20210625,7호선,반포,6228,5940,12168
20210625,7호선,논현,21748,23487,45235
20210625,7호선,학동,24330,26178,50508
20210625,7호선,강남구청,17070,18654,35724
20210625,7호선,청담,19582,22165,41747
20210625,7호선,건대입구,12799,13003,25802
20210625,5호선,여의나루,14240,16200,30440
20210625,3호선,구파발,21411,20372,41783
20210625,5호선,신길,4193,4356,8549
20210625,2호선,서울대입구,50475,48633,99108
20210625,2호선,낙성대,28938,27013,55951
20210625,2호선,사당,38435,41945,80380
20210625,2호선,방배,17047,17909,34956
20210625,2호선,서초,22656,21779,44435
20210625,2호선,교대,36154,40873,77027
20210625,2호선,강남,92833,92200,185033
20210625,2호선,역삼,51322,57275,108597
20210625,2호선,선릉,58125,51991,110116
20210625,2호선,삼성,55072,55868,110940
20210625,2호선,종합운동장,9468,10044,19512
20210625,2호선,잠실새내,22647,22899,45546
20210625,2호선,잠실,72661,72620,145281
20210625,2호선,잠실나루,15134,14368,29502
20210625,2호선,강변,33644,34318,67962
20210625,2호선,봉천,24948,22479,47427
20210625,2호선,구의,24596,23900,48496
20210625,2호선,신림,65372,62561,127933
20210625,2호선,구로디지털단지,64108,63585,127693
20210625,2호선,도림천,1478,1540,3018
20210625,2호선,신설동,3248,3230,6478
20210625,2호선,신답,1728,1926,3654
20210625,2호선,용답,2888,2707,5595
20210625,2호선,충정로,10600,11033,21633
20210625,2호선,아현,11208,10473,21681
20210625,2호선,이대,13817,14302,28119
20210625,2호선,신촌,34495,35566,70061
20210625,2호선,홍대입구,58505,62872,121377
20210625,2호선,합정,33669,35618,69287
20210625,2호선,당산,19828,22950,42778
20210625,2호선,영등포구청,23879,24104,47983
20210625,2호선,문래,22447,22999,45446
20210625,2호선,신도림,51670,51373,103043
20210625,2호선,대림,24979,25738,50717
20210625,2호선,신대방,27310,26062,53372
20210625,2호선,양천구청,7190,7434,14624
20210625,2호선,건대입구,37522,41320,78842
20210625,2호선,뚝섬,23919,25920,49839
20210625,일산선,주엽,9294,9355,18649
20210625,경의선,계양,1,0,1
20210625,4호선,혜화,32651,32843,65494
20210625,중앙선,회기,25568,23964,49532
20210625,장항선,신창,1420,1196,2616
20210625,장항선,온양온천,3507,3670,7177
20210625,장항선,배방,1147,1083,2230
20210625,장항선,아산,3239,3228,6467
20210625,장항선,쌍용,1894,1786,3680
20210625,장항선,봉명,1284,1205,2489
20210625,일산선,대화,13323,10595,23918
20210625,중앙선,망우,8089,7898,15987
20210625,중앙선,상봉,6533,6466,12999
20210625,중앙선,중랑,5962,5638,11600
20210625,5호선,서대문,19160,19606,38766
20210625,1호선,서울역,48414,47564,95978
20210625,2호선,성수,37711,41813,79524
20210625,1호선,동묘앞,8513,8880,17393
20210625,1호선,종각,35879,35059,70938
20210625,2호선,한양대,7409,7532,14941
20210625,2호선,왕십리,17031,14170,31201
20210625,2호선,상왕십리,14999,14466,29465
20210625,2호선,신당,14518,14960,29478
20210625,2호선,동대문역사문화공원,12794,14621,27415
20210625,2호선,을지로4가,13683,13811,27494
20210625,2호선,을지로3가,23651,24202,47853
20210625,2호선,을지로입구,40445,41498,81943
20210625,2호선,시청,23749,23055,46804
20210625,1호선,청량리,21304,21387,42691
20210625,1호선,제기동,17617,17893,35510
20210625,1호선,신설동,14507,14131,28638
20210625,1호선,동대문,11816,11030,22846
20210625,1호선,종로5가,24354,23941,48295
20210625,1호선,종로3가,27491,25200,52691
20210625,1호선,시청,22158,22541,44699
20210625,5호선,여의도,28917,31052,59969
20210625,2호선,신정네거리,10926,11059,21985
20210625,3호선,지축,4265,4047,8312
20210625,4호선,당고개,13308,12215,25523
20210625,4호선,남태령,1361,1080,2441
20210625,4호선,사당,26351,22030,48381
20210625,4호선,총신대입구,19978,21712,41690
20210625,4호선,동작,2723,2894,5617
20210625,4호선,이촌,8044,8961,17005
20210625,4호선,신용산,16796,18301,35097
20210625,4호선,삼각지,5566,6352,11918
20210625,4호선,숙대입구,13623,13172,26795
20210625,4호선,서울역,10917,18494,29411
20210625,4호선,회현,25068,26779,51847
20210625,4호선,명동,18671,19754,38425
20210625,4호선,충무로,26917,28188,55105
20210625,4호선,동대문역사문화공원,15700,14516,30216
20210625,4호선,동대문,21426,21944,43370
20210625,4호선,상계,19846,18314,38160
20210625,4호선,한성대입구,14505,13878,28383
20210625,4호선,노원,19892,22761,42653
20210625,4호선,쌍문,30926,27806,58732
20210625,5호선,영등포시장,10134,10373,20507
20210625,5호선,영등포구청,4062,4063,8125
20210625,5호선,양평,7770,7536,15306
20210625,5호선,오목교,23431,25587,49018
20210625,5호선,목동,17946,19406,37352
20210625,5호선,신정,14358,11415,25773
20210625,5호선,까치산,30103,28621,58724
20210625,5호선,화곡,29630,27133,56763
20210625,5호선,우장산,15046,14579,29625
20210625,5호선,발산,20046,21163,41209
20210625,5호선,마곡,10630,10496,21126
20210625,5호선,송정,7082,6364,13446
20210625,5호선,김포공항,8526,8036,16562
20210625,5호선,개화산,5723,5437,11160
20210625,5호선,방화,7171,6658,13829
20210625,4호선,창동,26991,28727,55718
20210625,2호선,용두,2463,2579,5042
20210625,4호선,성신여대입구,20776,19715,40491
20210625,4호선,미아사거리,29293,28242,57535
20210625,3호선,옥수,9770,10094,19864
20210625,3호선,금호,8480,7981,16461
20210625,3호선,약수,13914,13449,27363
20210625,3호선,동대입구,7621,8035,15656
20210625,3호선,충무로,2,0,2
20210625,3호선,을지로3가,11415,11960,23375
20210625,3호선,종로3가,10479,12497,22976
20210625,3호선,안국,20441,21300,41741
20210625,3호선,경복궁,21372,21340,42712
20210625,3호선,독립문,7650,7448,15098
20210625,3호선,무악재,4020,3977,7997
20210625,3호선,홍제,18093,16676,34769
20210625,3호선,녹번,15731,14159,29890
20210625,3호선,불광,16941,18130,35071
20210625,3호선,연신내,39206,36737,75943
20210625,3호선,압구정,34940,37187,72127
20210625,4호선,길음,20834,19599,40433
20210625,3호선,신사,33277,35563,68840
20210625,3호선,고속터미널,47465,50630,98095
20210625,4호선,미아,15424,14737,30161
20210625,4호선,수유,35314,35250,70564
20210625,3호선,오금,6502,5793,12295
20210625,3호선,경찰병원,7516,7448,14964
20210625,3호선,가락시장,9867,9556,19423
20210625,3호선,수서,19100,19631,38731
20210625,3호선,일원,10618,9921,20539
20210625,3호선,대청,10716,9702,20418
20210625,3호선,학여울,3252,3382,6634
20210625,3호선,대치,11493,11433,22926
20210625,3호선,도곡,5767,5871,11638
20210625,3호선,매봉,13236,12633,25869
20210625,3호선,양재,42234,43981,86215
20210625,3호선,남부터미널,32192,33766,65958
20210625,3호선,교대,15441,9830,25271
20210625,3호선,잠원,5279,5177,10456
20210625,9호선,가양,21247,20302,41549
20210625,9호선,등촌,11826,11381,23207
20210625,9호선,염창,17775,17041,34816
20210625,분당선,서울숲,12227,12227,24454
20210625,분당선,수원,8690,7625,16315
20210625,분당선,수서,14857,16142,30999
20210625,분당선,대모산입구,3512,3249,6761
20210625,분당선,개포동,4125,4310,8435
20210625,분당선,구룡,2389,2201,4590
20210625,분당선,압구정로데오,21148,24106,45254
20210625,분당선,도곡,7153,7046,14199
20210625,분당선,선릉,14041,20906,34947
20210625,과천선,범계,27571,27664,55235
20210625,과천선,평촌,18652,18540,37192
20210625,과천선,인덕원,25442,25612,51054
20210625,과천선,정부과천청사,10672,10538,21210
20210625,과천선,과천,6143,5510,11653
20210625,분당선,한티,14787,15769,30556
20210625,분당선,강남구청,10573,11907,22480
20210625,분당선,선정릉,8380,8932,17312
20210625,분당선,가천대,6830,7468,14298
20210625,분당선,상갈,5800,5447,11247
20210625,분당선,기흥,10090,9523,19613
20210625,분당선,신갈,4698,4688,9386
20210625,분당선,구성,5199,5291,10490
20210625,분당선,죽전,14598,15522,30120
20210625,분당선,보정,2719,2315,5034
20210625,분당선,이매,6118,5471,11589
20210625,분당선,오리,12320,10172,22492
20210625,분당선,미금,16487,17422,33909
20210625,분당선,정자,18937,18552,37489
20210625,분당선,수내,13852,13826,27678
20210625,분당선,서현,26001,26504,52505
20210625,분당선,야탑,27078,28302,55380
20210625,분당선,모란,20831,20874,41705
20210625,분당선,태평,13952,13448,27400
20210625,과천선,대공원,3238,3445,6683
20210625,과천선,경마공원,1422,1408,2830
20210625,과천선,선바위,9166,7826,16992
20210625,공항철도 1호선,영종,3197,3386,6583
20210625,경춘선,가평,2337,2254,4591
20210625,경춘선,상천,305,281,586
20210625,경춘선,청평,1934,2001,3935
20210625,경춘선,대성리,676,588,1264
20210625,경춘선,마석,4202,4287,8489
20210625,경춘선,천마산,1816,1726,3542
20210625,경춘선,평내호평,6476,6543,13019
20210625,경춘선,금곡,1660,1605,3265
20210625,경춘선,사릉,3464,3405,6869
20210625,경춘선,퇴계원,3837,3572,7409
20210625,경춘선,별내,3272,3124,6396
20210625,경춘선,갈매,3314,2863,6177
20210625,경춘선,신내,1761,1749,3510
20210625,경인선,도화,4548,4189,8737
20210625,경인선,중동,9594,9003,18597
20210625,경춘선,굴봉산,140,146,286
20210625,분당선,영통,8866,9068,17934
20210625,경춘선,백양리,116,110,226
20210625,경춘선,김유정,348,430,778
20210625,공항철도 1호선,인천공항2터미널,2011,1964,3975
20210625,공항철도 1호선,인천공항1터미널,3468,3979,7447
20210625,공항철도 1호선,공항화물청사,2340,2469,4809
20210625,공항철도 1호선,운서,6580,6578,13158
20210625,공항철도 1호선,청라국제도시,7184,6844,14028
20210625,공항철도 1호선,검암,7186,6937,14123
20210625,공항철도 1호선,계양,9618,8892,18510
20210625,공항철도 1호선,김포공항,15156,7647,22803
20210625,공항철도 1호선,마곡나루,8271,7830,16101
20210625,공항철도 1호선,디지털미디어시티,14233,12752,26985
20210625,공항철도 1호선,홍대입구,11134,11012,22146
20210625,공항철도 1호선,공덕,2351,3165,5516
20210625,공항철도 1호선,서울역,9003,8827,17830
20210625,경춘선,춘천,1584,1340,2924
20210625,경춘선,남춘천,2638,2754,5392
20210625,경춘선,강촌,387,449,836
20210625,분당선,망포,15644,14492,30136
20210625,분당선,매탄권선,5469,5160,10629
20210625,분당선,수원시청,13793,15296,29089
20210625,일산선,정발산,7678,8086,15764
20210625,일산선,마두,7935,8081,16016
20210625,일산선,백석,10359,10513,20872
20210625,일산선,대곡,1998,1488,3486
20210625,일산선,화정,17619,17971,35590
20210625,일산선,원당,11803,11262,23065
20210625,일산선,삼송,19284,18722,38006
20210625,일산선,원흥,10694,10040,20734
20210625,우이신설선,신설동,2212,2151,4363
20210625,우이신설선,보문,1474,1535,3009
20210625,우이신설선,성신여대입구,3290,3738,7028
20210625,우이신설선,정릉,4864,4358,9222
20210625,우이신설선,북한산보국문,6201,5806,12007
20210625,우이신설선,솔샘,5891,5415,11306
20210625,우이신설선,삼양사거리,2523,2594,5117
20210625,중앙선,양원,1866,1863,3729
20210625,우이신설선,삼양,2106,2240,4346
20210625,중앙선,구리,14361,14717,29078
20210625,중앙선,양정,914,804,1718
20210625,9호선,증미,7927,7821,15748
20210625,7호선,내방,14969,15225,30194
20210625,중앙선,지평,66,86,152
20210625,중앙선,용문,3433,3749,7182
20210625,중앙선,원덕,393,411,804
20210625,중앙선,양평,2910,3124,6034
20210625,중앙선,오빈,324,337,661
20210625,중앙선,아신,594,644,1238
20210625,중앙선,국수,830,806,1636
20210625,중앙선,신원,211,209,420
20210625,중앙선,양수,2237,2211,4448
20210625,중앙선,운길산,789,802,1591
20210625,중앙선,팔당,956,1023,1979
20210625,중앙선,도심,2616,2066,4682
20210625,중앙선,덕소,5937,5964,11901
20210625,중앙선,도농,10492,9541,20033
20210625,경인선,온수,7336,6869,14205
20210625,우이신설선,화계,3453,3205,6658
20210625,우이신설선,4.19민주묘지,3070,2832,5902
20210625,수인선,송도,2746,2586,5332
20210625,수인선,연수,4920,4700,9620
20210625,수인선,원인재,4627,4875,9502
20210625,수인선,남동인더스파크,2347,2604,4951
20210625,수인선,호구포,4161,4237,8398
20210625,수인선,인천논현,5973,6325,12298
20210625,수인선,소래포구,5967,5853,11820
20210625,수인선,월곶,2740,2534,5274
20210625,수인선,달월,93,75,168
20210625,수인선,사리,4504,3918,8422
20210625,수인선,야목,272,238,510
20210625,수인선,어천,835,763,1598
20210625,수인선,오목천,2920,2579,5499
20210625,수인선,고색,4329,3950,8279
20210625,분당선,매교,3187,3180,6367
20210625,수인선,인하대,6035,5622,11657
20210625,우이신설선,가오리,4471,4364,8835
20210625,수인선,숭의,4200,3878,8078
20210625,수인선,인천,1159,1918,3077
20210625,우이신설선,솔밭공원,2615,2411,5026
20210625,우이신설선,북한산우이,2796,2648,5444
20210625,안산선,수리산,4522,3547,8069
20210625,안산선,오이도,9532,9326,18858
20210625,안산선,정왕,8978,9121,18099
20210625,안산선,신길온천,1836,1718,3554
20210625,안산선,안산,12065,11094,23159
20210625,안산선,초지,4661,4827,9488
20210625,안산선,고잔,9229,8872,18101
20210625,안산선,중앙,18652,19694,38346
20210625,안산선,한대앞,9344,9318,18662
20210625,안산선,상록수,16351,16455,32806
20210625,안산선,반월,4570,4325,8895
20210625,안산선,대야미,5372,4790,10162
20210625,안산선,산본,17069,18360,35429
20210625,수인선,신포,2012,2074,4086
20210625,경인선,도원,3607,3543,7150
20210625,분당선,청명,4578,4382,8960
20210625,경인선,부개,8906,8204,17110
20210625,경부선,안양,22603,22897,45500
20210625,경부선,관악,7783,7161,14944
20210625,경부선,석수,10407,9159,19566
20210625,경부선,금천구청,12360,12515,24875
20210625,경부선,가산디지털단지,18894,21955,40849
20210625,경부선,구로,19792,20331,40123
20210625,경부선,신길,9823,8119,17942
20210625,경부선,신도림,4411,4467,8878
20210625,경부선,영등포,41410,43830,85240
20210625,경부선,대방,13634,13602,27236
20210625,경부선,노량진,9154,9140,18294
20210625,경부선,용산,38279,40490,78769
20210625,경부선,남영,9933,10135,20068
20210625,경부선,서울역,7824,2506,10330
20210625,경강선,여주,2212,2339,4551
20210625,경부선,명학,9142,9002,18144
20210625,경강선,세종대왕릉,317,330,647
20210625,경부선,금정,27950,27997,55947
20210625,경부선,의왕,9444,9251,18695
20210625,경부선,성환,3565,3208,6773
20210625,경부선,평택,13220,12533,25753
20210625,경부선,평택지제,3456,3353,6809
20210625,경부선,서정리,7054,5972,13026
20210625,경부선,송탄,4642,4187,8829
20210625,경부선,진위,1806,1543,3349
20210625,경부선,오산,10340,9801,20141
20210625,경부선,오산대,3493,3305,6798
20210625,경부선,세마,2864,2659,5523
20210625,경부선,병점,15318,14890,30208
20210625,경부선,세류,3382,3233,6615
20210625,경부선,독산,17906,18513,36419
20210625,경부선,수원,36883,40433,77316
20210625,경부선,화서,7971,7629,15600
20210625,경부선,성균관대,14858,14704,29562
20210625,경부선,군포,7906,7830,15736
20210625,경부선,직산,840,776,1616
20210625,경강선,부발,2413,1910,4323
20210625,경강선,신둔도예촌,1475,1416,2891
20210625,9호선,신논현,35817,35591,71408
20210625,9호선,사평,3742,3577,7319
20210625,9호선,고속터미널,14278,20120,34398
20210625,9호선,신반포,3360,3451,6811
20210625,9호선,구반포,2894,2957,5851
20210625,9호선,동작,2216,1734,3950
20210625,9호선,흑석,8431,8688,17119
20210625,9호선,노들,4736,3906,8642
20210625,9호선,노량진,27824,26465,54289
20210625,9호선,샛강,6375,6601,12976
20210625,9호선,여의도,28909,27232,56141
20210625,9호선,국회의사당,15734,16334,32068
20210625,9호선,당산,19164,18651,37815
20210625,9호선,선유도,8780,8463,17243
20210625,경인선,간석,6469,6058,12527
20210625,9호선2~3단계,언주,10728,10805,21533
20210625,경강선,이천,2793,2967,5760
20210625,9호선2~3단계,선정릉,10131,10945,21076
20210625,9호선2~3단계,봉은사,17177,17701,34878
20210625,경강선,곤지암,2256,2261,4517
20210625,경강선,초월,3345,3014,6359
20210625,경강선,경기광주,7435,7076,14511
20210625,경강선,삼동,2472,2209,4681
20210625,경강선,이매,1160,944,2104
20210625,경강선,판교,4691,4800,9491
20210625,9호선2~3단계,중앙보훈병원,10422,9051,19473
20210625,9호선2~3단계,둔촌오륜,1361,1135,2496
20210625,9호선2~3단계,올림픽공원,6061,6165,12226
20210625,9호선2~3단계,한성백제,2682,2490,5172
20210625,9호선2~3단계,송파나루,4989,5563,10552
20210625,9호선2~3단계,석촌,8603,7514,16117
20210625,9호선2~3단계,석촌고분,6152,6056,12208
20210625,9호선2~3단계,삼전,6954,6671,13625
20210625,9호선2~3단계,종합운동장,4443,4572,9015
20210625,9호선2~3단계,삼성중앙,7047,7465,14512
20210625,경부선,두정,5668,5874,11542
20210625,9호선,신목동,4301,3875,8176
20210625,경부선,당정,6469,6082,12551
20210625,경의선,금릉,5010,4804,9814
20210625,경의선,운정,6918,6657,13575
20210625,경의선,야당,7334,7307,14641
20210625,경의선,탄현,7968,7782,15750
20210625,경의선,일산,9675,9482,19157
20210625,경의선,풍산,5875,5647,11522
20210625,경의선,백마,7255,6953,14208
20210625,경의선,곡산,642,621,1263
20210625,경의선,능곡,3963,3561,7524
20210625,경의선,행신,8295,8363,16658
20210625,경의선,강매,3442,2947,6389
20210625,경의선,화전,1850,1607,3457
20210625,경의선,수색,2912,2969,5881
20210625,경의선,디지털미디어시티,2810,2674,5484
20210625,경의선,가좌,5660,5258,10918
20210625,경의선,금촌,6861,6775,13636
20210625,경의선,홍대입구,1909,2202,4111
20210625,경의선,월롱,2513,2011,4524
20210625,경의선,문산,5610,5501,11111
20210625,경부선,천안,5626,5848,11474
20210625,경인선,구일,8073,8223,16296
20210625,경인선,인천,4015,3130,7145
20210625,경인선,동인천,15005,14299,29304
20210625,경인선,제물포,11324,10684,22008
20210625,경인선,주안,19693,17987,37680
20210625,경인선,동암,15919,16081,32000
20210625,경인선,백운,7471,7418,14889
20210625,경인선,부평,32094,35077,67171
20210625,경인선,송내,28536,28426,56962
20210625,경인선,부천,34148,34932,69080
20210625,경인선,역곡,28051,27818,55869
20210625,경인선,오류동,12623,11720,24343
20210625,경인선,개봉,22458,22564,45022
20210625,경의선,임진강,30,19,49
20210625,경의선,파주,1350,945,2295
20210625,경의선,서강대,2306,2223,4529
20210625,경인선,소사,9133,8797,17930
20210625,경의선,효창공원앞,2884,3373,6257
20210625,경원선,월계,6711,6244,12955
20210625,경원선,광운대,8373,7891,16264
20210625,경원선,석계,8526,9698,18224
20210625,경원선,신이문,8820,8069,16889
20210625,경원선,외대앞,7491,7255,14746
20210625,경원선,왕십리,14811,16919,31730
20210625,경원선,녹천,4855,4046,8901
20210625,경원선,응봉,2031,1643,3674
20210625,경원선,한남,4438,4056,8494
20210625,경원선,서빙고,2108,1862,3970
20210625,경원선,이촌,4223,3165,7388
20210625,경부선,광명,3753,3569,7322
20210625,경부선,서동탄,1630,1524,3154
20210625,경의선,공덕,3755,3365,7120
20210625,경원선,옥수,69,28,97
20210625,경원선,방학,10096,9865,19961
20210625,경원선,청량리,17616,19015,36631
20210625,경원선,도봉산,8164,5176,13340
20210625,경원선,도봉,6302,5911,12213
20210625,경의선,서울역,4463,5552,10015
20210625,경원선,소요산,3167,2764,5931
20210625,경원선,동두천,2207,2505,4712
20210625,경원선,보산,1780,1513,3293
20210625,경원선,지행,6909,6914,13823
20210625,경원선,덕정,5721,5441,11162
20210625,경원선,동두천중앙,3386,3278,6664
20210625,경의선,신촌,952,1108,2060
20210625,경원선,양주,7943,7334,15277
20210625,경원선,녹양,4978,4636,9614
20210625,경원선,가능,6834,6504,13338
20210625,경원선,의정부,18723,19951,38674
20210625,경원선,회룡,12981,12973,25954
20210625,경원선,망월사,7480,7401,14881
20210625,경원선,덕계,3065,2771,5836
20210628,6호선,한강진,6410,7577,13987
20210628,6호선,신당,7921,8549,16470
20210628,6호선,청구,3823,3948,7771
20210628,6호선,약수,3739,3740,7479
20210628,6호선,버티고개,1921,1867,3788
20210628,6호선,이태원,8845,8904,17749
20210628,6호선,합정,12288,11955,24243
20210628,6호선,삼각지,5674,5001,10675
20210628,6호선,효창공원앞,6853,6093,12946
20210628,6호선,공덕,18506,17699,36205
20210628,6호선,대흥,7935,8170,16105
20210628,6호선,광흥창,8951,8722,17673
20210628,6호선,상수,7459,8444,15903
20210628,6호선,동묘앞,7595,7798,15393
20210628,6호선,녹사평,4763,4477,9240
20210628,6호선,창신,3565,2991,6556
20210628,7호선,하계,17541,16583,34124
20210628,6호선,안암,9954,10144,20098
20210628,5호선,행당,8280,7363,15643
20210628,7호선,중계,14330,13246,27576
20210628,7호선,노원,19394,20603,39997
20210628,7호선,마들,12648,11949,24597
20210628,7호선,수락산,12771,12703,25474
20210628,7호선,도봉산,8960,10129,19089
20210628,7호선,장암,2323,899,3222
20210628,6호선,봉화산,9107,8465,17572
20210628,6호선,화랑대,11494,8958,20452
20210628,6호선,태릉입구,5351,5944,11295
20210628,6호선,석계,12047,12584,24631
20210628,6호선,돌곶이,9005,8462,17467
20210628,6호선,상월곡,6270,5705,11975
20210628,6호선,월곡,11477,11360,22837
20210628,6호선,고려대,7851,7489,15340
20210628,6호선,보문,7039,6568,13607
20210628,6호선,망원,13304,14330,27634
20210628,5호선,개롱,6550,6799,13349
20210628,6호선,월드컵경기장,4218,4383,8601
20210628,5호선,상일동,16077,14535,30612
20210628,5호선,고덕,9654,9455,19109
20210628,5호선,명일,8721,8971,17692
20210628,5호선,굽은다리,9426,8988,18414
20210628,5호선,길동,8065,8476,16541
20210628,5호선,강동,18476,17737,36213
20210628,5호선,천호,17287,17517,34804
20210628,5호선,광나루,12658,11620,24278
20210628,5호선,아차산,13321,13099,26420
20210628,5호선,군자,10863,11785,22648
20210628,5호선,장한평,18665,18483,37148
20210628,5호선,답십리,15902,14546,30448
20210628,5호선,마장,5361,4927,10288
20210628,5호선,왕십리,4424,4891,9315
20210628,7호선,공릉,11814,11718,23532
20210628,5호선,둔촌동,8676,8487,17163
20210628,6호선,마포구청,14093,12775,26868
20210628,5호선,올림픽공원,4398,3899,8297
20210628,5호선,오금,3878,3826,7704
20210628,6호선,디지털미디어시티,14001,15206,29207
20210628,6호선,증산,9879,9674,19553
20210628,6호선,새절,12845,12013,24858
20210628,6호선,구산,7496,5740,13236
20210628,6호선,독바위,2783,2890,5673
20210628,6호선,불광,3919,4093,8012
20210628,6호선,역촌,3887,4414,8301
20210628,6호선,응암,17636,17462,35098
20210628,5호선,하남검단산,4827,4706,9533
20210628,5호선,하남시청,5161,5201,10362
20210628,5호선,하남풍산,4001,3912,7913
20210628,5호선,미사,14865,14642,29507
20210628,5호선,강일,3234,3396,6630
20210628,5호선,마천,6452,6531,12983
20210628,5호선,거여,8695,8346,17041
20210628,5호선,방이,6896,7074,13970
20210628,7호선,태릉입구,8029,7729,15758
20210628,7호선,춘의,9833,9701,19534
20210628,7호선,중화,11127,10907,22034
20210628,8호선,남한산성입구,13227,12061,25288
20210628,8호선,산성,5875,5887,11762
20210628,8호선,복정,10619,9449,20068
20210628,8호선,장지,16595,16081,32676
20210628,8호선,문정,22177,23490,45667
20210628,8호선,가락시장,7575,8301,15876
20210628,8호선,단대오거리,10124,9993,20117
20210628,8호선,송파,7708,7708,15416
20210628,8호선,잠실,12918,15146,28064
20210628,8호선,몽촌토성,5760,5922,11682
20210628,8호선,강동구청,10433,10969,21402
20210628,8호선,천호,14463,16404,30867
20210628,8호선,암사,18950,16925,35875
20210628,7호선,부평구청,7781,6817,14598
20210628,8호선,석촌,7424,8431,15855
20210628,8호선,신흥,4398,4679,9077
20210628,8호선,수진,5065,4723,9788
20210628,8호선,모란,4295,3268,7563
20210628,2호선,아현,10150,9765,19915
20210628,9호선,국회의사당,16012,16368,32380
20210628,9호선,당산,17812,17953,35765
20210628,9호선,선유도,8597,8274,16871
20210628,9호선,신목동,4121,3776,7897
20210628,9호선,염창,16876,16672,33548
20210628,9호선,등촌,11358,11290,22648
20210628,9호선,증미,7540,7698,15238
20210628,9호선,가양,20176,19869,40045
20210628,9호선,양천향교,9451,9744,19195
20210628,9호선,마곡나루,11252,11142,22394
20210628,9호선,신방화,6940,6847,13787
20210628,9호선,공항시장,2884,3128,6012
20210628,9호선,김포공항,8160,12129,20289
20210628,9호선,개화,2736,1850,4586
20210628,7호선,굴포천,8958,9488,18446
20210628,7호선,삼산체육관,5312,4878,10190
20210628,7호선,상동,12282,12829,25111
20210628,7호선,부천시청,12416,12230,24646
20210628,7호선,고속터미널,16656,13225,29881
20210628,7호선,반포,5491,5343,10834
20210628,7호선,논현,20816,22223,43039
20210628,7호선,학동,24422,25827,50249
20210628,7호선,강남구청,15779,17378,33157
20210628,7호선,청담,19333,21183,40516
20210628,7호선,뚝섬유원지,8319,8024,16343
20210628,7호선,건대입구,11350,11800,23150
20210628,7호선,어린이대공원,11657,11484,23141
20210628,7호선,군자,14552,11949,26501
20210628,7호선,중곡,10086,9277,19363
20210628,7호선,용마산,6113,6026,12139
20210628,7호선,사가정,16723,16665,33388
20210628,7호선,면목,15401,14952,30353
20210628,7호선,상봉,16917,15884,32801
20210628,7호선,내방,14300,14492,28792
20210628,7호선,먹골,10071,9806,19877
20210628,7호선,이수,15156,14831,29987
20210628,7호선,숭실대입구,11327,11626,22953
20210628,7호선,신중동,14052,14001,28053
20210628,7호선,부천종합운동장,4476,3954,8430
20210628,7호선,까치울,7637,7245,14882
20210628,7호선,온수,10742,9883,20625
20210628,7호선,천왕,11772,11210,22982
20210628,7호선,광명사거리,21918,21567,43485
20210628,7호선,철산,21129,21450,42579
20210628,7호선,가산디지털단지,48667,49104,97771
20210628,7호선,남구로,16854,17592,34446
20210628,7호선,대림,7951,7795,15746
20210628,7호선,신풍,11693,11165,22858
20210628,7호선,보라매,9794,9849,19643
20210628,7호선,신대방삼거리,16204,15686,31890
20210628,7호선,장승배기,9569,9433,19002
20210628,7호선,상도,10542,10333,20875
20210628,7호선,남성,10930,10337,21267
20210628,5호선,신금호,6455,6670,13125
20210628,9호선,여의도,27503,26167,53670
20210628,5호선,동대문역사문화공원,3012,3490,6502
20210628,2호선,합정,29008,30106,59114
20210628,2호선,당산,18392,21413,39805
20210628,2호선,영등포구청,23423,23617,47040
20210628,2호선,문래,21293,21815,43108
20210628,2호선,신도림,46717,45535,92252
20210628,2호선,대림,24345,24790,49135
20210628,2호선,홍대입구,48490,50265,98755
20210628,2호선,구로디지털단지,61689,62140,123829
20210628,2호선,신림,61089,59682,120771
20210628,2호선,봉천,24346,22610,46956
20210628,2호선,서울대입구,46045,46033,92078
20210628,2호선,낙성대,26766,26169,52935
20210628,2호선,사당,33999,37023,71022
20210628,2호선,방배,15920,16969,32889
20210628,2호선,신대방,26183,25411,51594
20210628,2호선,신촌,31685,32914,64599
20210628,2호선,이대,12534,13211,25745
20210628,2호선,충정로,10349,10637,20986
20210628,3호선,독립문,6799,7102,13901
20210628,3호선,무악재,3840,3886,7726
20210628,3호선,홍제,16904,15916,32820
20210628,3호선,녹번,15109,13856,28965
20210628,3호선,불광,16301,17146,33447
20210628,3호선,연신내,36784,34539,71323
20210628,3호선,구파발,20584,19461,40045
20210628,3호선,지축,4078,3974,8052
20210628,2호선,용두,2225,2386,4611
20210628,2호선,신정네거리,10332,10521,20853
20210628,2호선,양천구청,6817,7222,14039
20210628,2호선,도림천,1544,1535,3079
20210628,2호선,신설동,3052,3191,6243
20210628,2호선,신답,1640,1902,3542
20210628,2호선,용답,2614,2640,5254
20210628,2호선,서초,21822,21160,42982
20210628,2호선,교대,33752,37966,71718
20210628,2호선,강남,84631,83254,167885
20210628,2호선,역삼,51979,58114,110093
20210628,2호선,시청,22783,22080,44863
20210628,1호선,청량리,19193,19399,38592
20210628,1호선,제기동,16489,16748,33237
20210628,1호선,신설동,13902,13576,27478
20210628,1호선,동대문,10827,10612,21439
20210628,1호선,종로5가,21624,21734,43358
20210628,1호선,종로3가,24021,21955,45976
20210628,1호선,종각,34371,34049,68420
20210628,1호선,시청,20844,21339,42183
20210628,1호선,동묘앞,7129,7397,14526
20210628,1호선,서울역,42683,39732,82415
20210628,수인선,오목천,2479,2424,4903
20210628,수인선,고색,4046,3670,7716
20210628,분당선,매교,2898,3004,5902
20210628,분당선,수원시청,12029,12748,24777
20210628,2호선,을지로입구,37906,39223,77129
20210628,3호선,경복궁,18548,18383,36931
20210628,2호선,을지로3가,21743,21744,43487
20210628,2호선,동대문역사문화공원,11740,12875,24615
20210628,2호선,선릉,56746,50640,107386
20210628,2호선,삼성,51979,52603,104582
20210628,2호선,종합운동장,7006,7442,14448
20210628,2호선,잠실새내,20442,20208,40650
20210628,2호선,잠실,63391,63978,127369
20210628,2호선,잠실나루,14728,14454,29182
20210628,2호선,강변,30407,29968,60375
20210628,2호선,구의,22994,22878,45872
20210628,2호선,건대입구,32495,35120,67615
20210628,2호선,성수,35338,38649,73987
20210628,2호선,뚝섬,21683,23450,45133
20210628,2호선,한양대,7068,7578,14646
20210628,2호선,왕십리,15205,12614,27819
20210628,2호선,상왕십리,14142,13812,27954
20210628,2호선,신당,13364,13904,27268
20210628,2호선,을지로4가,12975,12820,25795
20210628,3호선,안국,18740,19520,38260
20210628,3호선,종로3가,9906,11326,21232
20210628,3호선,을지로3가,10751,11038,21789
20210628,5호선,우장산,14311,14099,28410
20210628,5호선,발산,19630,19986,39616
20210628,5호선,마곡,10443,10422,20865
20210628,5호선,송정,6635,6181,12816
20210628,5호선,김포공항,7548,7281,14829
20210628,5호선,개화산,5501,5248,10749
20210628,5호선,방화,6806,6485,13291
20210628,4호선,쌍문,29404,26944,56348
20210628,4호선,창동,25533,26852,52385
20210628,4호선,노원,18239,20444,38683
20210628,4호선,상계,19298,17922,37220
20210628,4호선,당고개,12927,11489,24416
20210628,4호선,남태령,1147,1039,2186
20210628,4호선,사당,23114,19377,42491
20210628,4호선,총신대입구,18131,19877,38008
20210628,5호선,화곡,28050,26238,54288
20210628,4호선,동작,2254,2453,4707
20210628,5호선,까치산,28439,27402,55841
20210628,5호선,목동,16697,18352,35049
20210628,5호선,을지로4가,6154,6287,12441
20210628,5호선,종로3가,11750,11709,23459
20210628,5호선,광화문,29804,31315,61119
20210628,5호선,서대문,19351,19745,39096
20210628,5호선,충정로,4909,5100,10009
20210628,5호선,애오개,6793,6955,13748
20210628,5호선,공덕,14202,15077,29279
20210628,5호선,마포,14680,14826,29506
20210628,5호선,여의나루,9821,11639,21460
20210628,5호선,여의도,29057,30014,59071
20210628,5호선,신길,4039,4421,8460
20210628,5호선,영등포시장,9664,10073,19737
20210628,5호선,영등포구청,4080,4149,8229
20210628,5호선,양평,7767,7824,15591
20210628,5호선,오목교,21740,23672,45412
20210628,5호선,신정,13912,11207,25119
20210628,5호선,청구,3918,3648,7566
20210628,4호선,이촌,7141,7911,15052
20210628,4호선,삼각지,4995,5367,10362
20210628,3호선,대청,10143,9374,19517
20210628,3호선,학여울,1724,1745,3469
20210628,3호선,대치,10648,10683,21331
20210628,3호선,도곡,5538,5641,11179
20210628,3호선,매봉,12664,11998,24662
20210628,3호선,양재,38391,42061,80452
20210628,3호선,남부터미널,28294,29020,57314
20210628,3호선,교대,14051,9207,23258
20210628,3호선,고속터미널,39010,36316,75326
20210628,3호선,잠원,4830,4757,9587
20210628,3호선,신사,29239,30928,60167
20210628,3호선,압구정,31849,33607,65456
20210628,3호선,옥수,8938,9380,18318
20210628,3호선,약수,13078,12739,25817
20210628,3호선,동대입구,6887,7153,14040
20210628,3호선,일원,10351,10175,20526
20210628,4호선,신용산,15866,16714,32580
20210628,3호선,수서,16717,17248,33965
20210628,3호선,경찰병원,7372,7493,14865
20210628,4호선,숙대입구,12347,12117,24464
20210628,4호선,서울역,10731,15242,25973
20210628,4호선,회현,21548,23021,44569
20210628,4호선,명동,17170,17664,34834
20210628,4호선,충무로,25591,26811,52402
20210628,4호선,동대문역사문화공원,14388,13266,27654
20210628,4호선,동대문,20355,20808,41163
20210628,4호선,혜화,28629,28842,57471
20210628,4호선,한성대입구,13084,12742,25826
20210628,4호선,성신여대입구,18973,18117,37090
20210628,4호선,길음,19583,19036,38619
20210628,4호선,미아사거리,27567,26697,54264
20210628,4호선,미아,14856,14423,29279
20210628,4호선,수유,33680,33244,66924
20210628,3호선,오금,6162,5572,11734
20210628,3호선,가락시장,8957,8755,17712
20210628,9호선,샛강,6040,6301,12341
20210628,경춘선,별내,3051,2952,6003
20210628,9호선,노들,4502,3807,8309
20210628,분당선,서현,23862,24175,48037
20210628,분당선,야탑,25174,26102,51276
20210628,분당선,모란,19005,19032,38037
20210628,분당선,태평,13220,12956,26176
20210628,분당선,가천대,6316,7378,13694
20210628,분당선,선정릉,8084,8810,16894
20210628,분당선,수내,12841,12692,25533
20210628,분당선,강남구청,9762,11121,20883
20210628,분당선,서울숲,10321,10393,20714
20210628,분당선,수원,7811,6567,14378
20210628,분당선,수서,13681,13819,27500
20210628,분당선,대모산입구,3358,3076,6434
20210628,분당선,개포동,3680,3888,7568
20210628,분당선,구룡,2190,2113,4303
20210628,분당선,압구정로데오,16846,18626,35472
20210628,분당선,정자,17338,18218,35556
20210628,분당선,미금,15110,16106,31216
20210628,분당선,오리,11584,9736,21320
20210628,수인선,달월,60,48,108
20210628,수인선,사리,4208,3683,7891
20210628,수인선,야목,266,208,474
20210628,수인선,어천,647,734,1381
20210628,분당선,매탄권선,4945,4694,9639
20210628,분당선,망포,13854,13231,27085
20210628,분당선,영통,7692,8049,15741
20210628,분당선,청명,4216,4045,8261
20210628,분당선,상갈,5357,5141,10498
20210628,분당선,기흥,9259,8761,18020
20210628,분당선,신갈,4627,4516,9143
20210628,분당선,구성,4851,5162,10013
20210628,분당선,죽전,12600,13950,26550
20210628,분당선,보정,2659,2298,4957
20210628,분당선,이매,5629,5310,10939
20210628,분당선,도곡,6958,6850,13808
20210628,분당선,한티,13620,14641,28261
20210628,분당선,선릉,13678,20426,34104
20210628,과천선,범계,24522,24181,48703
20210628,공항철도 1호선,공덕,2151,2823,4974
20210628,공항철도 1호선,서울역,7575,6857,14432
20210628,경춘선,춘천,1234,1149,2383
20210628,경춘선,남춘천,2118,2236,4354
20210628,경춘선,김유정,296,286,582
20210628,경춘선,강촌,362,410,772
20210628,경춘선,백양리,91,53,144
20210628,경춘선,굴봉산,144,131,275
20210628,경춘선,가평,1863,2263,4126
20210628,경춘선,상천,260,229,489
20210628,경춘선,청평,1794,1802,3596
20210628,경춘선,대성리,577,502,1079
20210628,경춘선,마석,4241,4173,8414
20210628,경춘선,천마산,1789,1655,3444
20210628,경춘선,평내호평,6463,6075,12538
20210628,공항철도 1호선,홍대입구,8713,8763,17476
20210628,수인선,월곶,2522,2364,4886
20210628,공항철도 1호선,디지털미디어시티,14319,12976,27295
20210628,공항철도 1호선,김포공항,12272,7162,19434
20210628,과천선,평촌,18046,18009,36055
20210628,과천선,인덕원,23358,24042,47400
20210628,과천선,정부과천청사,10215,10093,20308
20210628,과천선,과천,5572,5114,10686
20210628,과천선,대공원,1928,1997,3925
20210628,과천선,경마공원,870,908,1778
20210628,과천선,선바위,8414,7262,15676
20210628,공항철도 1호선,영종,2979,2974,5953
20210628,공항철도 1호선,인천공항2터미널,1985,1929,3914
20210628,공항철도 1호선,인천공항1터미널,3104,3282,6386
20210628,공항철도 1호선,공항화물청사,2172,2383,4555
20210628,공항철도 1호선,운서,5959,6085,12044
20210628,공항철도 1호선,청라국제도시,6608,6123,12731
20210628,공항철도 1호선,검암,6622,6456,13078
20210628,공항철도 1호선,계양,9090,8504,17594
20210628,공항철도 1호선,마곡나루,8025,7752,15777
20210628,경춘선,금곡,1577,1555,3132
20210628,수인선,인천논현,5483,5636,11119
20210628,수인선,남동인더스파크,2303,2623,4926
20210628,중앙선,상봉,5856,6020,11876
20210628,중앙선,중랑,5540,5274,10814
20210628,중앙선,회기,23610,23088,46698
20210628,장항선,신창,1022,1118,2140
20210628,장항선,온양온천,3165,3164,6329
20210628,장항선,배방,1005,984,1989
20210628,중앙선,망우,7609,7429,15038
20210628,장항선,아산,2674,2415,5089
20210628,장항선,봉명,1189,1145,2334
20210628,일산선,대화,13010,10146,23156
20210628,일산선,주엽,8938,8816,17754
20210628,일산선,정발산,6855,6742,13597
20210628,일산선,마두,7374,7553,14927
20210628,일산선,백석,9814,9752,19566
20210628,장항선,쌍용,1644,1655,3299
20210628,중앙선,양원,1939,1914,3853
20210628,중앙선,구리,13646,13455,27101
20210628,중앙선,도농,10015,9071,19086
20210628,3호선,금호,8070,7583,15653
20210628,중앙선,지평,82,78,160
20210628,중앙선,용문,1846,1792,3638
20210628,중앙선,원덕,375,344,719
20210628,중앙선,양평,3570,3620,7190
20210628,중앙선,오빈,296,293,589
20210628,중앙선,아신,556,580,1136
20210628,중앙선,국수,801,789,1590
20210628,중앙선,신원,213,175,388
20210628,중앙선,양수,1991,2098,4089
20210628,중앙선,운길산,757,745,1502
20210628,중앙선,팔당,891,840,1731
20210628,중앙선,도심,2593,2041,4634
20210628,중앙선,덕소,5831,5691,11522
20210628,중앙선,양정,805,716,1521
20210628,일산선,대곡,1952,1471,3423
20210628,일산선,화정,16897,17117,34014
20210628,일산선,원당,11241,10844,22085
20210628,일산선,삼송,18495,18128,36623
20210628,안산선,초지,4288,4485,8773
20210628,안산선,고잔,8750,8332,17082
20210628,안산선,중앙,17007,17376,34383
20210628,안산선,한대앞,8667,8602,17269
20210628,안산선,상록수,15519,15606,31125
20210628,안산선,반월,4334,4103,8437
20210628,안산선,대야미,4883,4465,9348
20210628,안산선,산본,15612,16745,32357
20210628,수인선,인천,1052,1687,2739
20210628,수인선,신포,1743,1804,3547
20210628,수인선,숭의,4016,3732,7748
20210628,수인선,인하대,5698,5463,11161
20210628,수인선,송도,2610,2359,4969
20210628,수인선,연수,4466,4277,8743
20210628,수인선,원인재,4252,4442,8694
20210628,안산선,안산,11654,10581,22235
20210628,수인선,호구포,3943,4227,8170
20210628,안산선,신길온천,1720,1518,3238
20210628,안산선,오이도,8474,8139,16613
20210628,일산선,원흥,10180,9870,20050
20210628,우이신설선,신설동,2173,2092,4265
20210628,우이신설선,보문,1509,1446,2955
20210628,우이신설선,성신여대입구,3141,3407,6548
20210628,우이신설선,정릉,4422,4090,8512
20210628,우이신설선,북한산보국문,5757,5654,11411
20210628,우이신설선,솔샘,5767,5419,11186
20210628,우이신설선,삼양사거리,2383,2446,4829
20210628,우이신설선,삼양,2070,2213,4283
20210628,우이신설선,화계,3290,3117,6407
20210628,우이신설선,가오리,4248,4284,8532
20210628,우이신설선,4.19민주묘지,2778,2771,5549
20210628,우이신설선,솔밭공원,2435,2407,4842
20210628,우이신설선,북한산우이,2519,2291,4810
20210628,안산선,수리산,4322,3422,7744
20210628,안산선,정왕,7768,8407,16175
20210628,경춘선,사릉,3446,3242,6688
20210628,수인선,소래포구,5040,4767,9807
20210628,경춘선,갈매,3215,2811,6026
20210628,경부선,수원,31945,33209,65154
20210628,경부선,화서,7340,7020,14360
20210628,경부선,성균관대,13496,13575,27071
20210628,경부선,의왕,8819,8841,17660
20210628,경부선,군포,7362,7498,14860
20210628,경부선,금정,25514,26159,51673
20210628,경부선,명학,9042,9107,18149
20210628,경부선,안양,20986,20765,41751
20210628,경부선,관악,6989,6447,13436
20210628,경부선,석수,9657,8491,18148
20210628,경부선,금천구청,11712,11551,23263
20210628,경부선,가산디지털단지,19070,22058,41128
20210628,경부선,구로,18497,18556,37053
20210628,경부선,신길,9416,8042,17458
20210628,경부선,신도림,4153,4105,8258
20210628,경부선,독산,17297,18309,35606
20210628,경부선,영등포,35381,36304,71685
20210628,경부선,세류,2984,2769,5753
20210628,경부선,세마,2693,2529,5222
20210628,경원선,이촌,3761,2943,6704
20210628,경부선,광명,3465,2783,6248
20210628,경부선,서동탄,1558,1314,2872
20210628,경부선,당정,6058,5657,11715
20210628,경부선,천안,4647,4845,9492
20210628,경부선,두정,4646,4788,9434
20210628,경부선,직산,732,725,1457
20210628,경부선,성환,2939,3156,6095
20210628,경부선,평택,10917,10833,21750
20210628,경부선,평택지제,2979,2801,5780
20210628,경부선,서정리,5880,5780,11660
20210628,경부선,송탄,4084,3771,7855
20210628,경부선,진위,1567,1342,2909
20210628,경부선,오산,9272,9625,18897
20210628,경부선,오산대,3179,2906,6085
20210628,경부선,병점,13528,13474,27002
20210628,경원선,서빙고,1837,1751,3588
20210628,경부선,대방,12890,13391,26281
20210628,경부선,용산,32068,32642,64710
20210628,9호선2~3단계,석촌고분,5749,5842,11591
20210628,9호선2~3단계,삼전,6716,6520,13236
20210628,9호선2~3단계,종합운동장,4019,4178,8197
20210628,9호선2~3단계,봉은사,16112,16454,32566
20210628,9호선2~3단계,삼성중앙,6696,7161,13857
20210628,9호선2~3단계,선정릉,9881,10654,20535
20210628,9호선2~3단계,언주,10233,10566,20799
20210628,9호선,신논현,31328,31362,62690
20210628,9호선,사평,3329,3316,6645
20210628,9호선,고속터미널,11769,15246,27015
20210628,9호선,신반포,3115,3044,6159
20210628,9호선,구반포,2745,2846,5591
20210628,9호선,동작,1791,1427,3218
20210628,9호선,흑석,7739,8290,16029
20210628,경춘선,퇴계원,3605,3320,6925
20210628,9호선2~3단계,석촌,7882,7087,14969
20210628,경부선,노량진,7862,8083,15945
20210628,9호선2~3단계,송파나루,4609,4981,9590
20210628,9호선2~3단계,올림픽공원,5599,5614,11213
20210628,경부선,남영,9373,9753,19126
20210628,경부선,서울역,6256,1819,8075
20210628,경강선,여주,1799,1784,3583
20210628,경강선,세종대왕릉,302,279,581
20210628,경강선,부발,1653,1742,3395
20210628,경강선,이천,2407,2614,5021
20210628,경강선,신둔도예촌,1322,1222,2544
20210628,경강선,곤지암,2202,2253,4455
20210628,경강선,초월,3109,2962,6071
20210628,경강선,경기광주,7272,6969,14241
20210628,경강선,삼동,2359,2224,4583
20210628,경강선,이매,1142,953,2095
20210628,경강선,판교,4578,4346,8924
20210628,9호선2~3단계,중앙보훈병원,10670,9390,20060
20210628,9호선2~3단계,둔촌오륜,1361,1182,2543
20210628,9호선2~3단계,한성백제,2490,2267,4757
20210628,경원선,한남,4115,3921,8036
20210628,9호선,노량진,25063,24362,49425
20210628,경인선,역곡,26388,26207,52595
20210628,경인선,오류동,12312,11521,23833
20210628,경인선,개봉,21182,21631,42813
20210628,경의선,임진강,18,9,27
20210628,경의선,문산,5056,4893,9949
20210628,경의선,파주,1213,790,2003
20210628,경의선,월롱,2178,2151,4329
20210628,경원선,옥수,47,36,83
20210628,경의선,금촌,6297,6220,12517
20210628,경의선,운정,6759,6369,13128
20210628,경의선,탄현,7680,7356,15036
20210628,경의선,일산,10182,9903,20085
20210628,경의선,풍산,5519,5130,10649
20210628,경의선,백마,7037,6716,13753
20210628,경의선,곡산,570,595,1165
20210628,경의선,금릉,4623,4538,9161
20210628,경인선,부천,31349,31246,62595
20210628,경인선,송내,26842,26754,53596
20210628,경인선,부평,29251,30613,59864
20210628,경춘선,신내,1669,1692,3361
20210628,경인선,도화,4246,3958,8204
20210628,경인선,중동,9099,8707,17806
20210628,경인선,온수,7082,6666,13748
20210628,경인선,도원,3528,3501,7029
20210628,경인선,간석,6163,5861,12024
20210628,경인선,부개,8544,7996,16540
20210628,경인선,소사,8476,8388,16864
20210628,경인선,구일,6295,6303,12598
20210628,경인선,인천,3376,2542,5918
20210628,경인선,동인천,13743,12949,26692
20210628,경인선,제물포,10494,10204,20698
20210628,경인선,주안,18919,16972,35891
20210628,경인선,동암,14696,14691,29387
20210628,경인선,백운,7022,6900,13922
20210628,경의선,능곡,3716,3445,7161
20210628,경의선,행신,7793,7837,15630
20210628,경의선,야당,6918,6717,13635
20210628,경의선,화전,1624,1442,3066
20210628,경원선,의정부,17880,18087,35967
20210628,경원선,회룡,12433,12321,24754
20210628,경원선,망월사,7188,7331,14519
20210628,경원선,도봉산,7328,4508,11836
20210628,경원선,도봉,6030,5774,11804
20210628,경의선,강매,3221,2810,6031
20210628,경원선,녹천,4841,4174,9015
20210628,경원선,월계,6300,6038,12338
20210628,경원선,광운대,7915,7669,15584
20210628,경원선,석계,7977,9098,17075
20210628,경원선,신이문,8550,7872,16422
20210628,경원선,외대앞,6871,6888,13759
20210628,경원선,청량리,14673,15367,30040
20210628,경원선,왕십리,13216,14986,28202
20210628,경원선,응봉,1814,1486,3300
20210628,경원선,가능,6683,6443,13126
20210628,경원선,녹양,4585,4420,9005
20210628,경원선,방학,9514,9319,18833
20210628,경원선,덕계,2811,2534,5345
20210628,경원선,양주,7599,6995,14594
20210628,경의선,디지털미디어시티,2471,2434,4905
20210628,경의선,가좌,5358,5056,10414
20210628,경의선,홍대입구,1510,1672,3182
20210628,경의선,서강대,2146,2019,4165
20210628,경의선,공덕,3485,3034,6519
20210628,경의선,효창공원앞,2804,3214,6018
20210628,경의선,수색,2911,3097,6008
20210628,경의선,서울역,4273,5314,9587
20210628,경원선,소요산,2741,2284,5025
20210628,경원선,동두천,2107,2365,4472
20210628,경원선,보산,1498,1401,2899
20210628,경원선,동두천중앙,3171,3037,6208
20210628,경원선,지행,6351,6260,12611
20210628,경원선,덕정,5245,5150,10395
20210628,경의선,신촌,814,1071,1885
20210629,4호선,명동,17291,18095,35386
20210629,4호선,충무로,26550,27252,53802
20210629,4호선,동대문역사문화공원,14588,13395,27983
20210629,4호선,동대문,21137,21351,42488
20210629,4호선,혜화,31002,31217,62219
20210629,4호선,한성대입구,13683,13386,27069
20210629,4호선,성신여대입구,19474,18650,38124
20210629,4호선,수유,33495,33133,66628
20210629,4호선,미아사거리,27613,26633,54246
20210629,4호선,미아,14816,14547,29363
20210629,3호선,오금,6395,5827,12222
20210629,3호선,경찰병원,7550,7518,15068
20210629,3호선,가락시장,9305,9036,18341
20210629,3호선,수서,17027,17542,34569
20210629,4호선,회현,24730,25863,50593
20210629,4호선,길음,20349,19635,39984
20210629,4호선,서울역,10786,15088,25874
20210629,2호선,아현,10773,10284,21057
20210629,4호선,삼각지,5197,5659,10856
20210629,5호선,송정,6666,6105,12771
20210629,5호선,김포공항,7294,6738,14032
20210629,5호선,개화산,5519,5167,10686
20210629,5호선,방화,6973,6749,13722
20210629,4호선,쌍문,29698,27444,57142
20210629,4호선,창동,25916,27425,53341
20210629,4호선,노원,18469,20746,39215
20210629,4호선,상계,19439,17905,37344
20210629,4호선,당고개,12878,11830,24708
20210629,4호선,남태령,1279,1149,2428
20210629,4호선,사당,24047,20315,44362
20210629,4호선,총신대입구,19033,20742,39775
20210629,4호선,동작,2415,2536,4951
20210629,4호선,이촌,7417,8368,15785
20210629,4호선,신용산,16111,17231,33342
20210629,4호선,숙대입구,13060,12717,25777
20210629,3호선,일원,10518,10191,20709
20210629,2호선,충정로,10450,10945,21395
20210629,3호선,학여울,1778,1782,3560
20210629,3호선,독립문,7187,7380,14567
20210629,3호선,무악재,3988,4012,8000
20210629,3호선,홍제,17187,16290,33477
20210629,3호선,녹번,15520,14341,29861
20210629,3호선,불광,16553,17423,33976
20210629,3호선,연신내,37207,35077,72284
20210629,3호선,구파발,20843,19706,40549
20210629,3호선,지축,4268,4114,8382
20210629,2호선,용두,2332,2422,4754
20210629,2호선,신정네거리,10366,10689,21055
20210629,2호선,양천구청,6857,7256,14113
20210629,2호선,도림천,1591,1653,3244
20210629,2호선,신설동,3135,2976,6111
20210629,2호선,신답,1631,1987,3618
20210629,5호선,마곡,10539,10532,21071
20210629,3호선,경복궁,19821,19377,39198
20210629,3호선,대청,10180,9346,19526
20210629,3호선,안국,20288,21030,41318
20210629,3호선,을지로3가,11036,11171,22207
20210629,3호선,대치,10863,11079,21942
20210629,3호선,도곡,5595,5727,11322
20210629,3호선,매봉,13119,12439,25558
20210629,3호선,양재,40154,43706,83860
20210629,3호선,남부터미널,29577,30517,60094
20210629,3호선,교대,14382,9438,23820
20210629,3호선,고속터미널,39020,36832,75852
20210629,3호선,잠원,5004,4942,9946
20210629,3호선,신사,30763,32163,62926
20210629,3호선,압구정,33205,34974,68179
20210629,3호선,옥수,9168,9672,18840
20210629,3호선,금호,8252,7740,15992
20210629,3호선,약수,13258,13131,26389
20210629,3호선,동대입구,7021,7383,14404
20210629,3호선,충무로,1,0,1
20210629,3호선,종로3가,10155,11599,21754
20210629,5호선,발산,19905,20399,40304
20210629,5호선,고덕,9833,9866,19699
20210629,5호선,화곡,28499,26737,55236
20210629,6호선,연신내,2,0,2
20210629,6호선,독바위,2820,2993,5813
20210629,6호선,불광,4469,4412,8881
20210629,6호선,역촌,3897,4628,8525
20210629,6호선,응암,17948,17813,35761
20210629,5호선,하남검단산,5120,4998,10118
20210629,6호선,구산,7691,5932,13623
20210629,5호선,하남시청,5534,5563,11097
20210629,5호선,미사,15094,15061,30155
20210629,5호선,강일,3323,3506,6829
20210629,5호선,마천,6646,6591,13237
20210629,5호선,거여,8987,8606,17593
20210629,5호선,개롱,6779,7099,13878
20210629,5호선,오금,4034,3958,7992
20210629,5호선,하남풍산,3950,3964,7914
20210629,6호선,새절,12944,12103,25047
20210629,6호선,증산,10135,10120,20255
20210629,6호선,디지털미디어시티,14155,15583,29738
20210629,6호선,약수,3809,3803,7612
20210629,6호선,버티고개,1898,1684,3582
20210629,6호선,한강진,7988,9112,17100
20210629,6호선,이태원,8872,9301,18173
20210629,6호선,녹사평,4871,4714,9585
20210629,6호선,삼각지,6382,5654,12036
20210629,6호선,효창공원앞,7179,6489,13668
20210629,6호선,공덕,19010,18352,37362
20210629,6호선,대흥,8358,8536,16894
20210629,6호선,광흥창,9272,8894,18166
20210629,6호선,상수,7759,8615,16374
20210629,6호선,합정,13309,12738,26047
20210629,6호선,망원,14074,15207,29281
20210629,6호선,마포구청,14463,13291,27754
20210629,6호선,월드컵경기장,4566,4677,9243
20210629,5호선,방이,7211,7552,14763
20210629,5호선,올림픽공원,4603,3935,8538
20210629,5호선,둔촌동,8935,8796,17731
20210629,5호선,상일동,16385,14939,31324
20210629,5호선,서대문,19898,20276,40174
20210629,5호선,충정로,4970,5134,10104
20210629,5호선,애오개,7065,7174,14239
20210629,5호선,공덕,14976,15822,30798
20210629,5호선,마포,14912,15106,30018
20210629,5호선,여의나루,10460,11997,22457
20210629,5호선,여의도,29377,31242,60619
20210629,5호선,신길,4117,4466,8583
20210629,5호선,영등포시장,9647,10045,19692
20210629,5호선,영등포구청,4049,4089,8138
20210629,5호선,양평,7756,7732,15488
20210629,5호선,오목교,22370,24058,46428
20210629,5호선,목동,16737,18469,35206
20210629,5호선,신정,14169,11412,25581
20210629,5호선,까치산,28636,27585,56221
20210629,5호선,광화문,31673,33257,64930
20210629,5호선,우장산,14320,14037,28357
20210629,5호선,종로3가,12229,11912,24141
20210629,5호선,동대문역사문화공원,3045,3600,6645
20210629,5호선,명일,8937,9206,18143
20210629,5호선,굽은다리,9643,9231,18874
20210629,5호선,길동,8200,8324,16524
20210629,5호선,강동,18915,18185,37100
20210629,5호선,천호,18022,18039,36061
20210629,5호선,광나루,13215,12001,25216
20210629,5호선,아차산,13765,13730,27495
20210629,5호선,군자,11098,12223,23321
20210629,5호선,장한평,18971,18834,37805
20210629,5호선,답십리,16167,14779,30946
20210629,5호선,마장,5595,5180,10775
20210629,5호선,왕십리,4679,5095,9774
20210629,5호선,행당,8507,7667,16174
20210629,5호선,신금호,6631,6823,13454
20210629,5호선,청구,4089,3785,7874
20210629,5호선,을지로4가,6283,6438,12721
20210629,6호선,청구,3868,4091,7959
20210629,분당선,정자,18112,19023,37135
20210629,1호선,동묘앞,7620,7733,15353
20210629,우이신설선,화계,3302,3225,6527
20210629,우이신설선,가오리,4047,4083,8130
20210629,분당선,서현,24618,25177,49795
20210629,우이신설선,솔밭공원,2494,2384,4878
20210629,우이신설선,북한산우이,2626,2452,5078
20210629,안산선,수리산,4341,3592,7933
20210629,안산선,오이도,8693,8198,16891
20210629,안산선,정왕,7626,8190,15816
20210629,안산선,신길온천,1670,1557,3227
20210629,안산선,안산,11414,10358,21772
20210629,안산선,초지,4441,4470,8911
20210629,안산선,고잔,9077,8751,17828
20210629,안산선,중앙,17066,17687,34753
20210629,안산선,한대앞,8849,8757,17606
20210629,안산선,상록수,15906,16004,31910
20210629,우이신설선,삼양,1924,2133,4057
20210629,안산선,반월,4409,4234,8643
20210629,우이신설선,삼양사거리,2343,2437,4780
20210629,우이신설선,북한산보국문,5944,5669,11613
20210629,일산선,주엽,9101,9033,18134
20210629,일산선,정발산,7084,7129,14213
20210629,일산선,마두,7420,7704,15124
20210629,일산선,백석,9859,9928,19787
20210629,일산선,대곡,1873,1465,3338
20210629,7호선,면목,15491,15071,30562
20210629,2호선,용답,2644,2653,5297
20210629,일산선,화정,16903,17180,34083
20210629,일산선,원당,11336,10883,22219
20210629,일산선,삼송,18389,18020,36409
20210629,일산선,원흥,10231,9857,20088
20210629,우이신설선,신설동,2129,2073,4202
20210629,우이신설선,보문,1471,1495,2966
20210629,우이신설선,성신여대입구,3200,3490,6690
20210629,우이신설선,정릉,4538,4241,8779
20210629,우이신설선,솔샘,5735,5560,11295
20210629,일산선,대화,13105,10430,23535
20210629,안산선,대야미,5048,4606,9654
20210629,수인선,인천,1060,1693,2753
20210629,분당선,매탄권선,5084,4921,10005
20210629,분당선,망포,14138,13613,27751
20210629,분당선,영통,8027,8303,16330
20210629,분당선,청명,4313,4174,8487
20210629,분당선,상갈,5369,5149,10518
20210629,분당선,기흥,9451,9100,18551
20210629,분당선,신갈,4674,4646,9320
20210629,분당선,구성,5080,5190,10270
20210629,분당선,죽전,13182,14650,27832
20210629,분당선,보정,2727,2359,5086
20210629,분당선,이매,5945,5545,11490
20210629,분당선,오리,11940,10090,22030
20210629,분당선,미금,15584,16571,32155
20210629,6호선,신당,8755,9057,17812
20210629,분당선,수내,12916,13021,25937
20210629,분당선,수원시청,12372,13133,25505
20210629,안산선,산본,16274,17372,33646
20210629,분당선,매교,3099,3070,6169
20210629,수인선,오목천,2557,2432,4989
20210629,수인선,신포,1855,1875,3730
20210629,수인선,숭의,4127,3771,7898
20210629,수인선,인하대,5710,5433,11143
20210629,수인선,송도,2616,2396,5012
20210629,수인선,연수,4481,4388,8869
20210629,수인선,원인재,4286,4536,8822
20210629,수인선,남동인더스파크,2408,2722,5130
20210629,수인선,호구포,4004,4225,8229
20210629,수인선,인천논현,5603,5940,11543
20210629,수인선,소래포구,5260,4966,10226
20210629,수인선,월곶,2581,2463,5044
20210629,수인선,달월,92,59,151
20210629,수인선,사리,4222,3764,7986
20210629,수인선,야목,244,199,443
20210629,수인선,어천,695,697,1392
20210629,수인선,고색,4136,3813,7949
20210629,2호선,신촌,32571,33837,66408
20210629,장항선,봉명,1330,1293,2623
20210629,1호선,동대문,11062,10469,21531
20210629,2호선,방배,16742,17657,34399
20210629,2호선,서초,22714,22107,44821
20210629,2호선,교대,34607,39029,73636
20210629,중앙선,회기,23657,23138,46795
20210629,중앙선,중랑,5617,5406,11023
20210629,중앙선,상봉,6000,6020,12020
20210629,중앙선,망우,7634,7484,15118
20210629,중앙선,양원,1939,1974,3913
20210629,중앙선,구리,13677,13814,27491
20210629,중앙선,도농,10218,9258,19476
20210629,중앙선,양정,846,716,1562
20210629,중앙선,덕소,5719,5651,11370
20210629,중앙선,도심,2577,2068,4645
20210629,중앙선,팔당,865,871,1736
20210629,중앙선,운길산,883,842,1725
20210629,1호선,서울역,42523,39921,82444
20210629,중앙선,양수,2121,2194,4315
20210629,1호선,시청,21803,22253,44056
20210629,1호선,종로3가,24380,22162,46542
20210629,2호선,홍대입구,50202,52098,102300
20210629,2호선,합정,30933,32415,63348
20210629,2호선,당산,18937,22131,41068
20210629,2호선,영등포구청,23804,23915,47719
20210629,2호선,문래,21982,22590,44572
20210629,2호선,신도림,48723,47679,96402
20210629,2호선,대림,24468,25040,49508
20210629,2호선,구로디지털단지,62712,63178,125890
20210629,2호선,신대방,26682,26268,52950
20210629,2호선,신림,62235,60401,122636
20210629,2호선,봉천,24597,22695,47292
20210629,2호선,서울대입구,47757,47084,94841
20210629,2호선,낙성대,27476,26712,54188
20210629,2호선,사당,36078,39465,75543
20210629,1호선,종로5가,22910,22442,45352
20210629,1호선,종각,35782,35141,70923
20210629,장항선,쌍용,1918,1799,3717
20210629,중앙선,신원,193,191,384
20210629,중앙선,아신,567,547,1114
20210629,2호선,건대입구,33379,35781,69160
20210629,2호선,성수,37947,41473,79420
20210629,2호선,뚝섬,23179,24662,47841
20210629,2호선,한양대,7132,7500,14632
20210629,2호선,왕십리,15828,12963,28791
20210629,2호선,상왕십리,14760,14252,29012
20210629,2호선,신당,13756,14299,28055
20210629,2호선,동대문역사문화공원,11939,13298,25237
20210629,2호선,을지로4가,13221,13007,26228
20210629,2호선,을지로3가,22925,22524,45449
20210629,2호선,을지로입구,39502,40446,79948
20210629,2호선,시청,24079,23216,47295
20210629,1호선,청량리,19602,19661,39263
20210629,1호선,제기동,16847,17175,34022
20210629,1호선,신설동,13931,13627,27558
20210629,2호선,구의,23596,23389,46985
20210629,중앙선,국수,765,733,1498
20210629,2호선,강변,30000,29057,59057
20210629,2호선,잠실,66497,66710,133207
20210629,중앙선,오빈,270,277,547
20210629,중앙선,양평,2632,2691,5323
20210629,중앙선,원덕,357,310,667
20210629,중앙선,용문,1920,1856,3776
20210629,중앙선,지평,59,78,137
20210629,장항선,아산,2544,2368,4912
20210629,장항선,배방,947,950,1897
20210629,장항선,온양온천,4201,4243,8444
20210629,장항선,신창,978,989,1967
20210629,2호선,강남,86658,85033,171691
20210629,2호선,역삼,53292,59199,112491
20210629,2호선,선릉,58262,52094,110356
20210629,2호선,삼성,53948,54658,108606
20210629,2호선,종합운동장,7365,7755,15120
20210629,2호선,잠실새내,21011,21188,42199
20210629,2호선,잠실나루,16233,14976,31209
20210629,6호선,동묘앞,7635,7829,15464
20210629,2호선,이대,12678,13175,25853
20210629,6호선,보문,7277,6795,14072
20210629,경의선,화전,1510,1363,2873
20210629,경의선,수색,2894,3106,6000
20210629,경의선,디지털미디어시티,2602,2416,5018
20210629,경의선,가좌,5436,5048,10484
20210629,경의선,홍대입구,1583,1687,3270
20210629,경의선,서강대,2120,2026,4146
20210629,경의선,공덕,3524,3217,6741
20210629,경의선,효창공원앞,2954,3326,6280
20210629,경의선,신촌,880,1114,1994
20210629,경의선,서울역,4331,5332,9663
20210629,경원선,소요산,2756,2337,5093
20210629,경원선,동두천,2186,2377,4563
20210629,경원선,보산,1530,1429,2959
20210629,경원선,동두천중앙,3112,3069,6181
20210629,경원선,지행,6496,6527,13023
20210629,경의선,강매,3319,2868,6187
20210629,경원선,덕정,5241,5246,10487
20210629,경의선,행신,7992,7881,15873
20210629,경의선,곡산,567,604,1171
20210629,경인선,역곡,27021,26890,53911
20210629,경인선,오류동,12278,11476,23754
20210629,경인선,개봉,21759,22204,43963
20210629,경의선,임진강,30,22,52
20210629,경의선,문산,5401,5405,10806
20210629,경의선,파주,1241,815,2056
20210629,경의선,월롱,2271,2154,4425
20210629,경의선,금촌,6284,6208,12492
20210629,경의선,금릉,4677,4562,9239
20210629,경의선,운정,6785,6400,13185
20210629,경의선,야당,6868,6732,13600
20210629,경의선,탄현,7665,7323,14988
20210629,경의선,일산,9284,9234,18518
20210629,경의선,풍산,5535,5184,10719
20210629,경의선,백마,6988,6581,13569
20210629,경의선,능곡,3641,3381,7022
20210629,경인선,부천,32201,32134,64335
20210629,경원선,덕계,2957,2696,5653
20210629,경원선,녹양,4707,4421,9128
20210629,경원선,서빙고,1908,1764,3672
20210629,경원선,이촌,3924,3010,6934
20210629,경부선,광명,3237,2866,6103
20210629,경부선,서동탄,1600,1390,2990
20210629,경부선,당정,6292,5915,12207
20210629,경부선,천안,4610,4732,9342
20210629,경부선,두정,4637,4710,9347
20210629,경부선,직산,756,754,1510
20210629,경부선,성환,3054,3125,6179
20210629,경부선,평택,10680,10624,21304
20210629,경부선,평택지제,2804,2689,5493
20210629,경부선,서정리,5938,5615,11553
20210629,경부선,송탄,3946,3732,7678
20210629,경부선,진위,1583,1444,3027
20210629,경부선,오산,9049,8915,17964
20210629,경원선,한남,4252,4023,8275
20210629,경원선,양주,7629,7099,14728
20210629,경원선,옥수,64,32,96
20210629,경원선,왕십리,13493,15262,28755
20210629,경원선,가능,6681,6355,13036
20210629,경원선,의정부,17569,18203,35772
20210629,경원선,회룡,12499,12402,24901
20210629,경원선,망월사,7416,7547,14963
20210629,경원선,도봉산,7784,5009,12793
20210629,경원선,도봉,5975,5888,11863
20210629,경원선,방학,9723,9515,19238
20210629,경원선,창동,1,0,1
20210629,경원선,녹천,4833,4099,8932
20210629,경원선,월계,6314,5945,12259
20210629,경원선,광운대,8031,7686,15717
20210629,경원선,석계,7944,9194,17138
20210629,경원선,신이문,8557,8052,16609
20210629,경원선,외대앞,7049,7047,14096
20210629,경원선,청량리,14303,15399,29702
20210629,경원선,응봉,1875,1574,3449
20210629,경부선,오산대,3208,3005,6213
20210629,경인선,송내,27466,27695,55161
20210629,경인선,백운,7268,7213,14481
20210629,과천선,평촌,18673,18486,37159
20210629,과천선,인덕원,24320,25063,49383
20210629,과천선,정부과천청사,10678,10490,21168
20210629,과천선,과천,5832,5389,11221
20210629,과천선,대공원,2753,2923,5676
20210629,과천선,경마공원,1434,1453,2887
20210629,과천선,선바위,8878,7698,16576
20210629,공항철도 1호선,영종,2977,3033,6010
20210629,공항철도 1호선,인천공항2터미널,1913,1930,3843
20210629,공항철도 1호선,인천공항1터미널,3222,3657,6879
20210629,공항철도 1호선,공항화물청사,2289,2536,4825
20210629,공항철도 1호선,운서,6111,6121,12232
20210629,공항철도 1호선,청라국제도시,6824,6469,13293
20210629,공항철도 1호선,검암,6981,6822,13803
20210629,공항철도 1호선,계양,9366,8811,18177
20210629,과천선,범계,26015,25916,51931
20210629,공항철도 1호선,김포공항,11666,6731,18397
20210629,분당선,선릉,14154,20811,34965
20210629,분당선,도곡,6979,6965,13944
20210629,6호선,창신,3799,3048,6847
20210629,분당선,야탑,25934,26838,52772
20210629,분당선,모란,24315,24960,49275
20210629,분당선,태평,13906,13193,27099
20210629,분당선,가천대,6487,7491,13978
20210629,분당선,선정릉,8477,8935,17412
20210629,분당선,강남구청,10113,11699,21812
20210629,분당선,압구정로데오,18852,20798,39650
20210629,분당선,서울숲,10971,11319,22290
20210629,분당선,수원,7864,6421,14285
20210629,분당선,복정,1,0,1
20210629,분당선,수서,13877,14099,27976
20210629,분당선,대모산입구,3485,3247,6732
20210629,분당선,개포동,3887,3969,7856
20210629,분당선,구룡,2224,2150,4374
20210629,분당선,한티,14032,14956,28988
20210629,경인선,부평,29136,30765,59901
20210629,공항철도 1호선,마곡나루,8497,8049,16546
20210629,공항철도 1호선,홍대입구,9037,8942,17979
20210629,경춘선,갈매,3383,2943,6326
20210629,경춘선,신내,1779,1665,3444
20210629,경인선,도화,4311,3986,8297
20210629,경인선,중동,9282,8871,18153
20210629,경인선,온수,7084,6932,14016
20210629,경인선,도원,3542,3524,7066
20210629,경인선,간석,6334,5985,12319
20210629,경인선,부개,8628,8188,16816
20210629,경인선,소사,8825,8748,17573
20210629,경인선,구일,7182,7420,14602
20210629,경인선,인천,3752,2858,6610
20210629,경인선,동인천,14239,13533,27772
20210629,경인선,제물포,10556,10258,20814
20210629,경인선,주안,18620,16769,35389
20210629,경인선,동암,15254,15257,30511
20210629,경춘선,별내,3090,2998,6088
20210629,공항철도 1호선,디지털미디어시티,14309,13095,27404
20210629,경춘선,퇴계원,3703,3447,7150
20210629,경춘선,금곡,1561,1533,3094
20210629,공항철도 1호선,공덕,2319,2972,5291
20210629,공항철도 1호선,서울역,7106,6208,13314
20210629,경춘선,춘천,1228,1032,2260
20210629,경춘선,남춘천,1951,2125,4076
20210629,경춘선,김유정,320,365,685
20210629,경춘선,강촌,480,423,903
20210629,경춘선,백양리,80,93,173
20210629,경춘선,굴봉산,161,160,321
20210629,경춘선,가평,2309,2140,4449
20210629,경춘선,상천,286,263,549
20210629,경춘선,청평,1817,1679,3496
20210629,경춘선,대성리,562,484,1046
20210629,경춘선,마석,3924,3909,7833
20210629,경춘선,천마산,1677,1668,3345
20210629,경춘선,평내호평,6332,6105,12437
20210629,경춘선,사릉,3388,3289,6677
20210629,경부선,세마,2678,2469,5147
20210629,우이신설선,4.19민주묘지,2782,2740,5522
20210629,경부선,세류,3101,2800,5901
20210629,7호선,부천종합운동장,4688,4122,8810
20210629,7호선,까치울,7886,7531,15417
20210629,7호선,온수,10837,9872,20709
20210629,7호선,천왕,11811,11157,22968
20210629,7호선,광명사거리,22385,21938,44323
20210629,7호선,철산,21772,22204,43976
20210629,7호선,가산디지털단지,49154,49535,98689
20210629,7호선,남구로,16785,17811,34596
20210629,7호선,대림,7859,7834,15693
20210629,7호선,신풍,12153,11542,23695
20210629,7호선,보라매,10132,10186,20318
20210629,7호선,신대방삼거리,16532,16032,32564
20210629,7호선,장승배기,9775,9619,19394
20210629,7호선,상도,10946,10567,21513
20210629,경부선,병점,13637,13550,27187
20210629,7호선,춘의,9934,9859,19793
20210629,7호선,남성,11244,10423,21667
20210629,7호선,신중동,14640,14473,29113
20210629,7호선,상동,12916,13617,26533
20210629,8호선,산성,5991,6048,12039
20210629,8호선,복정,11192,9637,20829
20210629,8호선,장지,17329,16661,33990
20210629,8호선,문정,22460,23806,46266
20210629,8호선,가락시장,7777,8776,16553
20210629,8호선,송파,7898,8021,15919
20210629,8호선,석촌,7752,8969,16721
20210629,8호선,잠실,13582,16402,29984
20210629,8호선,몽촌토성,6110,6440,12550
20210629,8호선,강동구청,13323,11639,24962
20210629,8호선,천호,15620,17226,32846
20210629,8호선,암사,19615,17412,37027
20210629,7호선,부평구청,7849,6924,14773
20210629,7호선,굴포천,9201,9757,18958
20210629,7호선,삼산체육관,5553,5002,10555
20210629,7호선,부천시청,12731,12775,25506
20210629,8호선,남한산성입구,13684,12379,26063
20210629,7호선,이수,15628,15279,30907
20210629,7호선,고속터미널,15607,13476,29083
20210629,7호선,노원,19554,20597,40151
20210629,7호선,마들,12730,12196,24926
20210629,7호선,수락산,13173,12973,26146
20210629,7호선,도봉산,9194,10687,19881
20210629,7호선,장암,2343,896,3239
20210629,6호선,신내,1,0,1
20210629,6호선,봉화산,9072,8544,17616
20210629,6호선,화랑대,11540,9076,20616
20210629,6호선,태릉입구,5419,6032,11451
20210629,6호선,석계,12394,12662,25056
20210629,6호선,돌곶이,9073,8461,17534
20210629,6호선,상월곡,6445,5722,12167
20210629,6호선,월곡,11262,11310,22572
20210629,6호선,고려대,8020,7619,15639
20210629,6호선,안암,10135,10149,20284
20210629,7호선,중계,14484,13227,27711
20210629,7호선,내방,14698,15150,29848
20210629,7호선,하계,18016,16929,34945
20210629,7호선,태릉입구,8398,7895,16293
20210629,7호선,반포,5860,5603,11463
20210629,7호선,논현,21368,22776,44144
20210629,7호선,학동,24949,26602,51551
20210629,7호선,강남구청,16632,18288,34920
20210629,7호선,청담,19744,22090,41834
20210629,7호선,뚝섬유원지,8416,8431,16847
20210629,7호선,건대입구,11797,11924,23721
20210629,7호선,어린이대공원,12049,11760,23809
20210629,7호선,군자,14887,12161,27048
20210629,7호선,중곡,10184,9435,19619
20210629,7호선,용마산,6267,6107,12374
20210629,7호선,사가정,16795,16689,33484
20210629,7호선,상봉,17085,16035,33120
20210629,7호선,중화,11181,10974,22155
20210629,7호선,먹골,10199,10008,20207
20210629,7호선,공릉,11945,12054,23999
20210629,8호선,단대오거리,10530,10253,20783
20210629,7호선,숭실대입구,11771,12008,23779
20210629,8호선,수진,5121,4729,9850
20210629,경부선,용산,31833,32585,64418
20210629,경부선,남영,9345,9763,19108
20210629,경부선,서울역,5202,1660,6862
20210629,경강선,여주,1848,1893,3741
20210629,경강선,세종대왕릉,293,321,614
20210629,경강선,부발,1713,1734,3447
20210629,경강선,이천,2350,2545,4895
20210629,경강선,신둔도예촌,1370,1299,2669
20210629,경강선,곤지암,2279,2347,4626
20210629,경강선,초월,3177,2976,6153
20210629,경강선,경기광주,7464,7058,14522
20210629,경강선,삼동,2505,2275,4780
20210629,경강선,이매,1167,973,2140
20210629,경강선,판교,4628,4610,9238
20210629,9호선2~3단계,중앙보훈병원,10843,9616,20459
20210629,경부선,노량진,8028,8110,16138
20210629,9호선2~3단계,둔촌오륜,1402,1158,2560
20210629,경부선,대방,13172,13584,26756
20210629,경부선,신도림,4257,4296,8553
20210629,8호선,신흥,4374,4730,9104
20210629,경부선,수원,31856,33724,65580
20210629,경부선,화서,7762,7541,15303
20210629,경부선,성균관대,14095,13943,28038
20210629,경부선,의왕,9233,9244,18477
20210629,경부선,군포,7833,7825,15658
20210629,경부선,금정,26535,26914,53449
20210629,경부선,명학,9355,9237,18592
20210629,경부선,안양,21638,21395,43033
20210629,경부선,관악,7504,6962,14466
20210629,경부선,석수,10139,9088,19227
20210629,경부선,금천구청,12097,12144,24241
20210629,경부선,가산디지털단지,19190,22105,41295
20210629,경부선,구로,19186,19421,38607
20210629,경부선,신길,9679,8140,17819
20210629,경부선,영등포,36397,37106,73503
20210629,9호선2~3단계,올림픽공원,5828,5776,11604
20210629,경부선,독산,17607,18619,36226
20210629,9호선2~3단계,송파나루,4710,5268,9978
20210629,9호선,국회의사당,15966,16636,32602
20210629,9호선,당산,18278,18105,36383
20210629,9호선,선유도,8802,8481,17283
20210629,9호선,신목동,4161,3751,7912
20210629,9호선,염창,17199,16851,34050
20210629,9호선2~3단계,한성백제,2537,2342,4879
20210629,9호선,증미,7748,7801,15549
20210629,9호선,가양,20397,19973,40370
20210629,9호선,양천향교,9412,9755,19167
20210629,9호선,마곡나루,11611,11597,23208
20210629,9호선,신방화,6956,6782,13738
20210629,9호선,공항시장,2906,3099,6005
20210629,9호선,김포공항,7710,11125,18835
20210629,9호선,개화,2729,1863,4592
20210629,8호선,모란,5571,4384,9955
20210629,9호선,여의도,28246,26848,55094
20210629,9호선,샛강,6192,6457,12649
20210629,9호선,등촌,11714,11416,23130
20210629,9호선,노들,4532,3838,8370
20210629,9호선,노량진,25521,24744,50265
20210629,9호선2~3단계,석촌,8070,7331,15401
20210629,9호선2~3단계,석촌고분,6178,6131,12309
20210629,9호선2~3단계,삼전,6736,6567,13303
20210629,9호선2~3단계,종합운동장,4311,4253,8564
20210629,9호선2~3단계,삼성중앙,6777,7178,13955
20210629,9호선2~3단계,선정릉,9882,10865,20747
20210629,9호선2~3단계,봉은사,16684,17171,33855
20210629,9호선,신논현,32651,32613,65264
20210629,9호선,사평,3417,3406,6823
20210629,9호선,고속터미널,12047,15219,27266
20210629,9호선,신반포,3101,3170,6271
20210629,9호선,구반포,2731,2829,5560
20210629,9호선,동작,1871,1461,3332
20210629,9호선,흑석,7920,8292,16212
20210629,9호선2~3단계,언주,10488,10815,21303
20210630,경원선,녹양,4707,4473,9180
20210630,경원선,도봉산,7233,4522,11755
20210630,경원선,망월사,7265,7445,14710
20210630,경원선,회룡,12309,12381,24690
20210630,경원선,의정부,17478,17875,35353
20210630,경원선,가능,6522,6254,12776
20210630,경원선,양주,7484,6984,14468
20210630,경의선,서울역,4304,5392,9696
20210630,경원선,덕정,5121,5039,10160
20210630,경원선,지행,6487,6523,13010
20210630,경원선,동두천중앙,3230,3149,6379
20210630,경원선,보산,1482,1424,2906
20210630,경원선,동두천,2080,2335,4415
20210630,경원선,소요산,2668,2184,4852
20210630,경원선,덕계,2839,2626,5465
20210630,경원선,도봉,5887,5730,11617
20210630,경부선,서동탄,1530,1346,2876
20210630,경원선,창동,1,0,1
20210630,경의선,신촌,837,1074,1911
20210630,경부선,광명,3135,2667,5802
20210630,경원선,이촌,3856,2897,6753
20210630,경원선,서빙고,1876,1748,3624
20210630,경원선,한남,4126,3923,8049
20210630,경원선,옥수,44,34,78
20210630,경원선,응봉,1817,1573,3390
20210630,경원선,왕십리,13576,15356,28932
20210630,경원선,청량리,14495,15257,29752
20210630,경원선,외대앞,6842,6833,13675
20210630,경원선,신이문,8669,8035,16704
20210630,경원선,석계,7992,9144,17136
20210630,경원선,광운대,8039,7756,15795
20210630,경원선,월계,6406,6056,12462
20210630,경원선,녹천,4815,4089,8904
20210630,경원선,방학,9651,9374,19025
20210630,경의선,효창공원앞,2916,3339,6255
20210630,경의선,금릉,4819,4616,9435
20210630,경의선,서강대,2161,2017,4178
20210630,경의선,임진강,15,4,19
20210630,경인선,개봉,21631,21944,43575
20210630,경인선,오류동,12379,11638,24017
20210630,경인선,역곡,26958,26916,53874
20210630,경인선,부천,32209,32225,64434
20210630,경인선,송내,27675,27616,55291
20210630,경의선,문산,4889,4884,9773
20210630,경인선,부평,29294,31194,60488
20210630,경인선,동암,15342,15475,30817
20210630,경인선,주안,18781,16897,35678
20210630,경인선,제물포,10497,10166,20663
20210630,경인선,동인천,14502,13742,28244
20210630,경인선,인천,3634,2810,6444
20210630,경인선,구일,7430,7602,15032
20210630,경인선,백운,7304,7263,14567
20210630,경의선,파주,1209,782,1991
20210630,경의선,월롱,2226,2069,4295
20210630,경의선,금촌,6191,6222,12413
20210630,경의선,홍대입구,1553,1776,3329
20210630,경의선,가좌,5441,5058,10499
20210630,경의선,디지털미디어시티,2558,2432,4990
20210630,경의선,수색,2943,3112,6055
20210630,경의선,화전,1572,1457,3029
20210630,경의선,강매,3251,2843,6094
20210630,경의선,행신,7924,7676,15600
20210630,경의선,능곡,3658,3332,6990
20210630,경의선,곡산,605,611,1216
20210630,경의선,백마,7027,6642,13669
20210630,경의선,풍산,5479,5117,10596
20210630,경의선,일산,9327,9134,18461
20210630,경의선,탄현,7680,7308,14988
20210630,경의선,야당,6848,6827,13675
20210630,경의선,운정,6686,6476,13162
20210630,경의선,공덕,3706,3268,6974
20210630,경부선,당정,6302,6065,12367
20210630,안산선,상록수,15800,15888,31688
20210630,경부선,두정,4649,4649,9298
20210630,우이신설선,성신여대입구,3102,3399,6501
20210630,우이신설선,보문,1502,1490,2992
20210630,우이신설선,신설동,2181,2076,4257
20210630,일산선,원흥,10358,9888,20246
20210630,일산선,삼송,18787,18152,36939
20210630,일산선,원당,11350,10787,22137
20210630,일산선,화정,16826,17130,33956
20210630,일산선,대곡,1965,1501,3466
20210630,일산선,백석,9916,10019,19935
20210630,일산선,마두,7401,7744,15145
20210630,일산선,정발산,6961,6992,13953
20210630,일산선,주엽,8988,9070,18058
20210630,일산선,대화,13064,10338,23402
20210630,장항선,봉명,1235,1163,2398
20210630,장항선,쌍용,1756,1661,3417
20210630,우이신설선,정릉,4494,4221,8715
20210630,장항선,아산,2464,2215,4679
20210630,우이신설선,북한산보국문,5837,5695,11532
20210630,우이신설선,삼양사거리,2384,2478,4862
20210630,안산선,한대앞,8684,8730,17414
20210630,안산선,중앙,17263,17985,35248
20210630,안산선,고잔,8806,8418,17224
20210630,안산선,초지,4520,4518,9038
20210630,안산선,안산,11477,10607,22084
20210630,안산선,신길온천,1730,1587,3317
20210630,안산선,정왕,7600,8262,15862
20210630,안산선,오이도,8754,8372,17126
20210630,안산선,수리산,4362,3541,7903
20210630,우이신설선,북한산우이,2464,2248,4712
20210630,우이신설선,솔밭공원,2414,2354,4768
20210630,우이신설선,4.19민주묘지,2755,2654,5409
20210630,우이신설선,가오리,4285,4342,8627
20210630,우이신설선,화계,3288,3049,6337
20210630,우이신설선,삼양,2019,2235,4254
20210630,우이신설선,솔샘,5790,5496,11286
20210630,경부선,천안,4485,4661,9146
20210630,장항선,배방,1004,927,1931
20210630,장항선,신창,957,993,1950
20210630,경부선,화서,7584,7396,14980
20210630,경부선,수원,31979,33825,65804
20210630,경부선,독산,17716,18583,36299
20210630,경부선,세류,3009,2812,5821
20210630,경부선,병점,13763,13765,27528
20210630,경부선,세마,2766,2570,5336
20210630,경부선,오산대,3195,3074,6269
20210630,경부선,오산,9118,8925,18043
20210630,경부선,진위,1556,1408,2964
20210630,경부선,송탄,3880,3744,7624
20210630,경부선,서정리,5841,5571,11412
20210630,경부선,평택지제,2885,2682,5567
20210630,경부선,평택,10768,10630,21398
20210630,경부선,성환,3127,3200,6327
20210630,경부선,직산,700,727,1427
20210630,경부선,성균관대,14043,13999,28042
20210630,장항선,온양온천,2995,3051,6046
20210630,경부선,의왕,9272,9253,18525
20210630,경부선,금정,26762,26967,53729
20210630,중앙선,회기,23875,22889,46764
20210630,중앙선,중랑,5677,5371,11048
20210630,경부선,용산,32181,32359,64540
20210630,경부선,노량진,8189,8196,16385
20210630,경부선,대방,13077,13540,26617
20210630,경부선,영등포,36592,37603,74195
20210630,경부선,신도림,4382,4406,8788
20210630,경부선,신길,9453,7967,17420
20210630,경부선,구로,19495,19866,39361
20210630,경부선,가산디지털단지,19117,22263,41380
20210630,경부선,금천구청,12031,12129,24160
20210630,경부선,석수,10094,8855,18949
20210630,경부선,관악,7361,6901,14262
20210630,경부선,안양,21826,21615,43441
20210630,경부선,명학,9241,9113,18354
20210630,경부선,군포,7831,7669,15500
20210630,경인선,소사,8738,8562,17300
20210630,분당선,기흥,9485,9000,18485
20210630,경인선,간석,6145,5817,11962
20210630,2호선,삼성,52196,53266,105462
20210630,2호선,종합운동장,8388,9087,17475
20210630,2호선,잠실새내,20788,20678,41466
20210630,2호선,잠실,66409,66646,133055
20210630,2호선,잠실나루,14994,14703,29697
20210630,2호선,강변,30587,29097,59684
20210630,2호선,구의,23672,23447,47119
20210630,2호선,건대입구,33779,36065,69844
20210630,2호선,성수,37361,41095,78456
20210630,2호선,뚝섬,22606,24572,47178
20210630,2호선,한양대,7068,7313,14381
20210630,2호선,왕십리,15908,12992,28900
20210630,2호선,상왕십리,14562,14116,28678
20210630,2호선,신당,13901,14409,28310
20210630,2호선,동대문역사문화공원,12153,13513,25666
20210630,2호선,선릉,57804,51606,109410
20210630,2호선,을지로4가,13199,12824,26023
20210630,2호선,역삼,53030,59113,112143
20210630,2호선,교대,34839,39080,73919
20210630,2호선,합정,30588,32109,62697
20210630,2호선,당산,19614,22519,42133
20210630,2호선,영등포구청,23654,23840,47494
20210630,2호선,문래,22363,22941,45304
20210630,2호선,신도림,49661,48684,98345
20210630,2호선,대림,24888,25070,49958
20210630,2호선,구로디지털단지,62320,62507,124827
20210630,2호선,신대방,26600,25758,52358
20210630,2호선,신림,62100,60675,122775
20210630,2호선,봉천,24544,22539,47083
20210630,2호선,서울대입구,47195,46566,93761
20210630,2호선,낙성대,27415,26578,53993
20210630,2호선,사당,35732,38620,74352
20210630,2호선,방배,16438,17325,33763
20210630,2호선,서초,22639,22012,44651
20210630,2호선,강남,83653,82524,166177
20210630,2호선,홍대입구,48576,50030,98606
20210630,2호선,을지로3가,22846,22674,45520
20210630,2호선,시청,23905,23572,47477
20210630,중앙선,양원,2005,2002,4007
20210630,중앙선,망우,7585,7528,15113
20210630,중앙선,상봉,5962,5999,11961
20210630,수인선,남동인더스파크,2416,2741,5157
20210630,1호선,신설동,14087,13702,27789
20210630,1호선,동대문,10985,10403,21388
20210630,1호선,종로5가,22624,22167,44791
20210630,1호선,종로3가,24559,22187,46746
20210630,1호선,종각,35553,34718,70271
20210630,1호선,시청,22188,22644,44832
20210630,1호선,동묘앞,7554,7904,15458
20210630,1호선,서울역,42545,39641,82186
20210630,8호선,신흥,4343,4713,9056
20210630,분당선,망포,14451,13503,27954
20210630,안산선,반월,4404,4253,8657
20210630,중앙선,구리,13552,13731,27283
20210630,2호선,을지로입구,39327,40795,80122
20210630,중앙선,도농,10179,9260,19439
20210630,중앙선,덕소,5822,5776,11598
20210630,1호선,청량리,19060,18920,37980
20210630,1호선,제기동,16253,16810,33063
20210630,분당선,영통,8080,8360,16440
20210630,중앙선,지평,77,77,154
20210630,중앙선,용문,3066,3079,6145
20210630,중앙선,원덕,371,396,767
20210630,중앙선,양평,2694,2778,5472
20210630,중앙선,오빈,314,283,597
20210630,중앙선,아신,524,534,1058
20210630,중앙선,국수,805,733,1538
20210630,중앙선,신원,221,191,412
20210630,중앙선,양수,2050,2119,4169
20210630,중앙선,운길산,761,728,1489
20210630,중앙선,팔당,939,886,1825
20210630,중앙선,도심,2676,2115,4791
20210630,중앙선,양정,817,742,1559
20210630,경인선,부개,8586,8162,16748
20210630,2호선,신촌,32207,33294,65501
20210630,분당선,상갈,5467,5128,10595
20210630,경춘선,강촌,426,388,814
20210630,경춘선,김유정,288,307,595
20210630,경춘선,남춘천,2095,2090,4185
20210630,경춘선,춘천,1082,983,2065
20210630,공항철도 1호선,서울역,7003,6181,13184
20210630,공항철도 1호선,공덕,2326,2965,5291
20210630,공항철도 1호선,홍대입구,9107,9104,18211
20210630,공항철도 1호선,디지털미디어시티,14252,12942,27194
20210630,공항철도 1호선,마곡나루,8264,7962,16226
20210630,공항철도 1호선,김포공항,11698,6604,18302
20210630,공항철도 1호선,계양,9309,8670,17979
20210630,공항철도 1호선,검암,6974,6867,13841
20210630,공항철도 1호선,청라국제도시,6693,6265,12958
20210630,공항철도 1호선,운서,6113,6076,12189
20210630,공항철도 1호선,공항화물청사,2344,2466,4810
20210630,경춘선,백양리,106,89,195
20210630,공항철도 1호선,인천공항1터미널,3391,3732,7123
20210630,경춘선,굴봉산,114,104,218
20210630,경춘선,상천,261,243,504
20210630,경인선,도원,3605,3650,7255
20210630,경인선,온수,7139,6791,13930
20210630,경인선,중동,9376,8954,18330
20210630,경인선,도화,4364,3984,8348
20210630,경춘선,신내,1701,1728,3429
20210630,경춘선,갈매,3342,2839,6181
20210630,경춘선,별내,3139,3049,6188
20210630,경춘선,퇴계원,3645,3347,6992
20210630,경춘선,사릉,3406,3305,6711
20210630,경춘선,금곡,1518,1497,3015
20210630,경춘선,평내호평,6314,6168,12482
20210630,경춘선,천마산,1756,1625,3381
20210630,경춘선,마석,3959,3880,7839
20210630,경춘선,대성리,619,467,1086
20210630,경춘선,청평,1741,1700,3441
20210630,경춘선,가평,2218,2002,4220
20210630,분당선,청명,4232,4117,8349
20210630,공항철도 1호선,인천공항2터미널,1992,1975,3967
20210630,과천선,선바위,8536,7661,16197
20210630,분당선,선정릉,8284,9016,17300
20210630,분당선,가천대,6449,7456,13905
20210630,분당선,태평,13617,13075,26692
20210630,분당선,모란,19509,19646,39155
20210630,분당선,야탑,26283,27332,53615
20210630,분당선,서현,24516,24981,49497
20210630,분당선,수내,13419,13579,26998
20210630,분당선,정자,17968,18943,36911
20210630,분당선,미금,15785,16569,32354
20210630,분당선,오리,11908,10084,21992
20210630,분당선,이매,5883,5431,11314
20210630,분당선,보정,2561,2270,4831
20210630,분당선,죽전,13284,14628,27912
20210630,분당선,구성,4893,5177,10070
20210630,분당선,신갈,4630,4542,9172
20210630,분당선,강남구청,10183,11829,22012
20210630,공항철도 1호선,영종,2958,3007,5965
20210630,분당선,압구정로데오,18659,20779,39438
20210630,분당선,수원,7711,6238,13949
20210630,과천선,경마공원,1329,1354,2683
20210630,과천선,대공원,2429,2521,4950
20210630,과천선,과천,5855,5472,11327
20210630,과천선,정부과천청사,10589,10371,20960
20210630,과천선,인덕원,24320,24966,49286
20210630,과천선,평촌,18412,18287,36699
20210630,과천선,범계,26112,25711,51823
20210630,분당선,선릉,13798,20432,34230
20210630,분당선,한티,14107,15108,29215
20210630,분당선,도곡,6950,6904,13854
20210630,분당선,구룡,2183,2096,4279
20210630,분당선,개포동,4078,4182,8260
20210630,분당선,대모산입구,3389,3198,6587
20210630,분당선,수서,13382,13664,27046
20210630,분당선,복정,1,0,1
20210630,분당선,서울숲,11019,11143,22162
20210630,안산선,대야미,5227,4704,9931
20210630,6호선,망원,14087,15048,29135
20210630,수인선,인천,1032,1693,2725
20210630,7호선,숭실대입구,11735,12053,23788
20210630,7호선,남성,11553,10550,22103
20210630,7호선,이수,15793,15533,31326
20210630,7호선,내방,14563,15184,29747
20210630,7호선,고속터미널,15390,13395,28785
20210630,7호선,반포,5942,5753,11695
20210630,7호선,상도,10800,10388,21188
20210630,7호선,논현,20990,22499,43489
20210630,7호선,강남구청,16842,18540,35382
20210630,7호선,청담,19691,21785,41476
20210630,7호선,뚝섬유원지,8883,8734,17617
20210630,7호선,건대입구,11803,11920,23723
20210630,7호선,어린이대공원,12458,12281,24739
20210630,7호선,군자,14839,12116,26955
20210630,7호선,학동,24903,26657,51560
20210630,7호선,장승배기,9727,9662,19389
20210630,7호선,신대방삼거리,16448,15710,32158
20210630,7호선,보라매,10257,10303,20560
20210630,7호선,삼산체육관,5682,5080,10762
20210630,7호선,상동,13195,13699,26894
20210630,7호선,부천시청,12971,12931,25902
20210630,7호선,신중동,14650,14652,29302
20210630,7호선,춘의,10075,9741,19816
20210630,7호선,부천종합운동장,4698,4194,8892
20210630,7호선,까치울,8155,7826,15981
20210630,7호선,온수,11024,10024,21048
20210630,7호선,천왕,11879,11342,23221
20210630,7호선,광명사거리,22457,22047,44504
20210630,7호선,철산,21694,22274,43968
20210630,7호선,가산디지털단지,49040,49456,98496
20210630,7호선,남구로,16696,17839,34535
20210630,7호선,대림,7927,8027,15954
20210630,7호선,신풍,12159,11624,23783
20210630,7호선,중곡,9976,9245,19221
20210630,7호선,용마산,6181,5959,12140
20210630,7호선,사가정,16711,16724,33435
20210630,7호선,면목,15476,15109,30585
20210630,6호선,고려대,7935,7638,15573
20210630,6호선,안암,9928,10019,19947
20210630,6호선,보문,7300,6751,14051
20210630,6호선,창신,3762,3004,6766
20210630,6호선,동묘앞,7636,7876,15512
20210630,6호선,신당,8756,9206,17962
20210630,6호선,청구,3976,4172,8148
20210630,6호선,약수,3772,3759,7531
20210630,6호선,버티고개,1929,1829,3758
20210630,6호선,한강진,8373,9617,17990
20210630,6호선,이태원,8891,9166,18057
20210630,6호선,녹사평,5132,4785,9917
20210630,6호선,삼각지,6358,5469,11827
20210630,6호선,효창공원앞,7174,6470,13644
20210630,6호선,공덕,18767,18056,36823
20210630,6호선,월곡,11368,11349,22717
20210630,7호선,굴포천,9270,9854,19124
20210630,6호선,상월곡,6370,5776,12146
20210630,6호선,석계,12382,12761,25143
20210630,7호선,상봉,17103,15996,33099
20210630,7호선,중화,11338,11002,22340
20210630,7호선,먹골,10127,9908,20035
20210630,7호선,태릉입구,8199,7809,16008
20210630,7호선,공릉,11847,11844,23691
20210630,7호선,하계,18300,17316,35616
20210630,7호선,중계,14684,13317,28001
20210630,7호선,노원,19439,20618,40057
20210630,7호선,마들,12790,12037,24827
20210630,7호선,수락산,13091,12854,25945
20210630,7호선,도봉산,9003,10241,19244
20210630,7호선,장암,2318,908,3226
20210630,6호선,봉화산,9052,8452,17504
20210630,6호선,화랑대,11634,9025,20659
20210630,6호선,태릉입구,5380,6083,11463
20210630,6호선,돌곶이,9217,8689,17906
20210630,7호선,부평구청,7939,7095,15034
20210630,8호선,암사,19401,16989,36390
20210630,8호선,천호,14848,17071,31919
20210630,경강선,판교,4597,4522,9119
20210630,9호선2~3단계,중앙보훈병원,10824,9735,20559
20210630,9호선2~3단계,둔촌오륜,1397,1237,2634
20210630,9호선2~3단계,올림픽공원,5771,5706,11477
20210630,9호선2~3단계,한성백제,2563,2378,4941
20210630,9호선2~3단계,송파나루,4793,5238,10031
20210630,9호선2~3단계,석촌,8082,7332,15414
20210630,9호선2~3단계,석촌고분,6113,6025,12138
20210630,9호선2~3단계,삼전,6650,6554,13204
20210630,9호선2~3단계,종합운동장,4309,4346,8655
20210630,9호선2~3단계,봉은사,16031,16165,32196
20210630,9호선2~3단계,삼성중앙,6657,7054,13711
20210630,9호선2~3단계,선정릉,9839,10659,20498
20210630,9호선2~3단계,언주,10447,10713,21160
20210630,9호선,신논현,31943,31653,63596
20210630,경강선,이매,1186,977,2163
20210630,9호선,사평,3423,3345,6768
20210630,경강선,삼동,2481,2238,4719
20210630,경강선,경기광주,7244,6771,14015
20210630,분당선,매탄권선,5121,4907,10028
20210630,분당선,매교,2958,3059,6017
20210630,수인선,고색,4117,3847,7964
20210630,수인선,오목천,2645,2467,5112
20210630,수인선,어천,680,763,1443
20210630,수인선,야목,243,196,439
20210630,경부선,남영,9588,9865,19453
20210630,경부선,서울역,5350,1708,7058
20210630,경강선,여주,1890,1889,3779
20210630,경강선,세종대왕릉,271,280,551
20210630,경강선,부발,1652,1683,3335
20210630,경강선,이천,2335,2521,4856
20210630,경강선,신둔도예촌,1287,1235,2522
20210630,경강선,곤지암,2296,2198,4494
20210630,경강선,초월,3115,2977,6092
20210630,2호선,이대,12585,13270,25855
20210630,6호선,대흥,8345,8468,16813
20210630,9호선,고속터미널,11910,15302,27212
20210630,9호선,구반포,2713,2843,5556
20210630,9호선,개화,2775,1889,4664
20210630,8호선,모란,4237,3201,7438
20210630,8호선,수진,5088,4624,9712
20210630,8호선,단대오거리,10339,10193,20532
20210630,8호선,남한산성입구,13568,12128,25696
20210630,8호선,산성,5858,5915,11773
20210630,8호선,복정,11005,9623,20628
20210630,8호선,장지,17413,16749,34162
20210630,8호선,문정,22261,23576,45837
20210630,8호선,가락시장,7823,8547,16370
20210630,8호선,송파,7686,7747,15433
20210630,8호선,석촌,7697,8798,16495
20210630,8호선,잠실,13680,16166,29846
20210630,8호선,몽촌토성,5988,6124,12112
20210630,8호선,강동구청,10687,11270,21957
20210630,9호선,김포공항,7761,11824,19585
20210630,9호선,신반포,3172,3246,6418
20210630,9호선,공항시장,2929,3207,6136
20210630,9호선,마곡나루,11616,11738,23354
20210630,9호선,동작,1878,1419,3297
20210630,9호선,흑석,7731,8116,15847
20210630,9호선,노들,4531,3850,8381
20210630,9호선,노량진,25783,24897,50680
20210630,9호선,샛강,6006,6400,12406
20210630,9호선,여의도,27562,26596,54158
20210630,9호선,국회의사당,16390,16748,33138
20210630,9호선,당산,18016,18003,36019
20210630,9호선,선유도,8791,8537,17328
20210630,9호선,신목동,4120,3711,7831
20210630,9호선,염창,17206,16826,34032
20210630,9호선,등촌,11489,11257,22746
20210630,9호선,증미,7770,7786,15556
20210630,9호선,가양,20456,20036,40492
20210630,9호선,양천향교,9486,9817,19303
20210630,9호선,신방화,6983,6748,13731
20210630,6호선,광흥창,9328,8920,18248
20210630,6호선,상수,7797,8466,16263
20210630,6호선,합정,12926,12772,25698
20210630,3호선,경찰병원,7467,7453,14920
20210630,3호선,가락시장,9240,8917,18157
20210630,3호선,수서,16998,17238,34236
20210630,3호선,일원,10439,10162,20601
20210630,3호선,대청,10327,9416,19743
20210630,3호선,학여울,1777,1820,3597
20210630,3호선,대치,10775,10878,21653
20210630,3호선,도곡,5539,5732,11271
20210630,3호선,매봉,13045,12432,25477
20210630,3호선,양재,39864,43105,82969
20210630,3호선,남부터미널,29591,30741,60332
20210630,3호선,교대,14391,9427,23818
20210630,3호선,고속터미널,38472,36390,74862
20210630,3호선,잠원,4955,4918,9873
20210630,3호선,신사,29801,31327,61128
20210630,3호선,오금,6320,5671,11991
20210630,3호선,압구정,31984,33989,65973
20210630,4호선,수유,33436,33255,66691
20210630,4호선,미아,14893,14337,29230
20210630,4호선,이촌,7860,8835,16695
20210630,4호선,신용산,16250,17458,33708
20210630,4호선,삼각지,5249,5685,10934
20210630,4호선,숙대입구,12827,12569,25396
20210630,4호선,서울역,10799,15313,26112
20210630,4호선,회현,24048,25575,49623
20210630,4호선,명동,17423,18155,35578
20210630,4호선,충무로,26638,27506,54144
20210630,4호선,동대문역사문화공원,14973,13670,28643
20210630,4호선,동대문,20524,21169,41693
20210630,4호선,혜화,31632,32074,63706
20210630,4호선,한성대입구,13619,13149,26768
20210630,4호선,성신여대입구,19384,18453,37837
20210630,4호선,길음,20068,19220,39288
20210630,4호선,미아사거리,27496,26734,54230
20210630,수인선,사리,4240,3789,8029
20210630,4호선,동작,2384,2623,5007
20210630,3호선,옥수,9271,9721,18992
20210630,3호선,약수,13422,13098,26520
20210630,2호선,신답,1651,1978,3629
20210630,2호선,용답,2682,2585,5267
20210630,2호선,충정로,10335,10831,21166
20210630,2호선,아현,10781,10314,21095
20210630,수인선,달월,87,61,148
20210630,수인선,월곶,2708,2531,5239
20210630,수인선,소래포구,5150,4923,10073
20210630,수인선,인천논현,5718,5950,11668
20210630,수인선,호구포,3946,4160,8106
20210630,수인선,원인재,4326,4515,8841
20210630,수인선,연수,4541,4385,8926
20210630,수인선,송도,2710,2536,5246
20210630,수인선,인하대,5749,5429,11178
20210630,수인선,숭의,4065,3773,7838
20210630,수인선,신포,1852,1886,3738
20210630,2호선,신설동,3142,3170,6312
20210630,3호선,금호,8369,7825,16194
20210630,2호선,도림천,1511,1587,3098
20210630,2호선,신정네거리,10517,10773,21290
20210630,3호선,동대입구,7335,7804,15139
20210630,3호선,충무로,1,0,1
20210630,3호선,을지로3가,11006,11411,22417
20210630,3호선,종로3가,10148,11683,21831
20210630,3호선,안국,20301,21276,41577
20210630,3호선,경복궁,20148,19818,39966
20210630,3호선,독립문,6987,7261,14248
20210630,3호선,무악재,3930,3950,7880
20210630,3호선,홍제,17099,16007,33106
20210630,3호선,녹번,15622,14182,29804
20210630,3호선,불광,16629,17687,34316
20210630,3호선,연신내,37142,34890,72032
20210630,3호선,구파발,20743,19660,40403
20210630,3호선,지축,4305,4204,8509
20210630,2호선,용두,2335,2451,4786
20210630,2호선,양천구청,6894,7226,14120
20210630,안산선,산본,16518,17590,34108
20210630,4호선,총신대입구,19026,20796,39822
20210630,4호선,남태령,1290,1166,2456
20210630,5호선,오금,3988,3867,7855
20210630,5호선,방이,7239,7442,14681
20210630,5호선,올림픽공원,4493,3834,8327
20210630,5호선,둔촌동,8885,8797,17682
20210630,5호선,상일동,16577,14786,31363
20210630,5호선,고덕,9635,9610,19245
20210630,5호선,명일,8925,9198,18123
20210630,5호선,굽은다리,9788,9344,19132
20210630,5호선,길동,8105,8359,16464
20210630,5호선,강동,18800,18033,36833
20210630,5호선,천호,18034,17836,35870
20210630,5호선,광나루,13231,12065,25296
20210630,5호선,아차산,13914,13476,27390
20210630,5호선,군자,11459,12396,23855
20210630,5호선,장한평,18797,18843,37640
20210630,5호선,개롱,6712,6931,13643
20210630,5호선,답십리,16112,14687,30799
20210630,5호선,거여,8728,8390,17118
20210630,5호선,강일,3355,3463,6818
20210630,6호선,마포구청,14444,13027,27471
20210630,6호선,월드컵경기장,4455,4687,9142
20210630,6호선,디지털미디어시티,13908,15426,29334
20210630,6호선,증산,10148,10018,20166
20210630,6호선,새절,13013,12147,25160
20210630,6호선,구산,7706,5793,13499
20210630,6호선,연신내,1,0,1
20210630,6호선,독바위,2763,2941,5704
20210630,6호선,불광,4664,4698,9362
20210630,6호선,역촌,3855,4392,8247
20210630,6호선,응암,17817,17714,35531
20210630,5호선,하남검단산,5007,4805,9812
20210630,5호선,하남시청,5431,5398,10829
20210630,5호선,하남풍산,4165,4066,8231
20210630,5호선,미사,15272,15061,30333
20210630,5호선,마천,6507,6507,13014
20210630,4호선,사당,24260,20190,44450
20210630,5호선,마장,5572,5109,10681
20210630,5호선,행당,8555,7523,16078
20210630,5호선,신정,14198,11454,25652
20210630,5호선,까치산,29147,27685,56832
20210630,5호선,화곡,28817,26868,55685
20210630,5호선,우장산,14674,14362,29036
20210630,5호선,발산,20202,21259,41461
20210630,5호선,마곡,10588,10621,21209
20210630,5호선,송정,6793,6187,12980
20210630,5호선,김포공항,7235,6971,14206
20210630,5호선,개화산,5587,5330,10917
20210630,5호선,방화,6984,6543,13527
20210630,4호선,쌍문,29638,27213,56851
20210630,4호선,창동,26099,27463,53562
20210630,4호선,노원,18453,20821,39274
20210630,4호선,상계,19295,17910,37205
20210630,4호선,당고개,12943,11652,24595
20210630,5호선,목동,17147,18632,35779
20210630,5호선,왕십리,4649,5221,9870
20210630,5호선,오목교,22344,24284,46628
20210630,5호선,영등포구청,4078,4218,8296
20210630,5호선,신금호,6641,6854,13495
20210630,5호선,청구,4174,3871,8045
20210630,5호선,동대문역사문화공원,3010,3528,6538
20210630,5호선,을지로4가,6333,6511,12844
20210630,5호선,종로3가,12049,12078,24127
20210630,5호선,광화문,31553,33338,64891
20210630,5호선,서대문,19794,20185,39979
20210630,5호선,충정로,4928,5170,10098
20210630,5호선,애오개,7179,7173,14352
20210630,5호선,공덕,14749,15891,30640
20210630,5호선,마포,14721,15056,29777
20210630,5호선,여의나루,11260,12389,23649
20210630,5호선,여의도,28914,31240,60154
20210630,5호선,신길,4121,4404,8525
20210630,5호선,영등포시장,9759,10176,19935
20210630,5호선,양평,7789,7712,15501
20210630,분당선,수원시청,12344,13336,25680
