사용월,호선명,지하철역,승차총승객수,하차총승객수,승하차총승객수
202101,분당선,매교,978,1008,1986
202101,분당선,수원시청,5164,5641,10805
202101,분당선,매탄권선,1732,1726,3458
202101,분당선,망포,4315,4211,8526
202101,분당선,영통,3215,3246,6461
202101,분당선,청명,1336,1300,2636
202101,분당선,상갈,2044,2044,4088
202101,분당선,기흥,3519,3313,6832
202101,분당선,신갈,1379,1417,2796
202101,분당선,구성,1684,1720,3404
202101,분당선,죽전,5628,6418,12046
202101,분당선,보정,787,752,1539
202101,분당선,이매,1869,1869,3738
202101,분당선,오리,4351,3739,8090
202101,분당선,미금,6304,6358,12662
202101,분당선,정자,5544,5690,11234
202101,분당선,수내,4893,4807,9700
202101,분당선,서현,10585,10503,21088
202101,분당선,야탑,9169,9617,18786
202101,분당선,모란,9165,9408,18573
202101,분당선,태평,6241,6236,12477
202101,분당선,가천대,2402,2867,5269
202101,분당선,선정릉,1559,1619,3178
202101,분당선,강남구청,2394,2759,5153
202101,분당선,압구정로데오,8455,8885,17340
202101,분당선,서울숲,2422,2457,4879
202101,분당선,수원,4042,3301,7343
202101,분당선,수서,4770,4354,9124
202101,분당선,대모산입구,1120,1041,2161
202101,분당선,개포동,1181,1203,2384
202101,분당선,구룡,470,434,904
202101,분당선,도곡,2193,2136,4329
202101,분당선,한티,5624,5672,11296
202101,분당선,선릉,2467,3453,5920
202101,분당선,선릉,1530,2294,3824
202101,분당선,한티,3937,4139,8076
202101,분당선,도곡,1430,1393,2823
202101,분당선,구룡,314,377,691
202101,분당선,개포동,887,925,1812
202101,분당선,대모산입구,830,792,1622
202101,분당선,수서,4605,4022,8627
202101,분당선,수원,3277,2678,5955
202101,분당선,서울숲,1937,1943,3880
202101,분당선,압구정로데오,5047,5418,10465
202101,분당선,강남구청,1557,1746,3303
202101,분당선,선정릉,1047,1158,2205
202101,분당선,가천대,1933,2469,4402
202101,분당선,태평,4935,4748,9683
202101,분당선,모란,6322,6744,13066
202101,분당선,야탑,7491,7235,14726
202101,분당선,서현,7656,7713,15369
202101,분당선,수내,3671,3530,7201
202101,분당선,정자,3917,4110,8027
202101,분당선,미금,4098,4425,8523
202101,분당선,오리,3110,2852,5962
202101,분당선,이매,1418,1470,2888
202101,분당선,보정,542,530,1072
202101,분당선,죽전,4527,5173,9700
202101,분당선,구성,1285,1280,2565
202101,분당선,신갈,1031,1065,2096
202101,분당선,기흥,2895,2745,5640
202101,분당선,상갈,1601,1700,3301
202101,분당선,청명,1023,1057,2080
202101,분당선,영통,2483,2554,5037
202101,분당선,망포,3415,3812,7227
202101,분당선,매탄권선,1373,1326,2699
202101,분당선,수원시청,4007,3946,7953
202101,분당선,매교,754,807,1561
202101,분당선,오리,5248,4483,9731
202101,분당선,미금,7974,7943,15917
202101,분당선,정자,7504,7683,15187
202101,분당선,수내,6546,6242,12788
202101,분당선,서현,13426,13329,26755
202101,분당선,야탑,11646,12516,24162
202101,분당선,모란,12226,12401,24627
202101,분당선,태평,7961,7737,15698
202101,분당선,가천대,3144,3643,6787
202101,분당선,선정릉,2305,2419,4724
202101,분당선,강남구청,3529,4042,7571
202101,분당선,압구정로데오,11461,12019,23480
202101,분당선,서울숲,3261,3280,6541
202101,분당선,수원,4786,3994,8780
202101,분당선,수서,5948,6146,12094
202101,분당선,대모산입구,1803,1655,3458
202101,분당선,개포동,1647,1666,3313
202101,분당선,구룡,865,776,1641
202101,분당선,도곡,2836,2728,5564
202101,분당선,한티,7722,7553,15275
202101,분당선,선릉,3524,5138,8662
202101,분당선,매교,1268,1360,2628
202101,분당선,수원시청,7335,7815,15150
202101,분당선,매탄권선,2389,2323,4712
202101,분당선,망포,6451,6025,12476
202101,분당선,영통,4498,4454,8952
202101,분당선,청명,1876,1854,3730
202101,분당선,상갈,2548,2540,5088
202101,분당선,기흥,4592,4346,8938
202101,분당선,신갈,1933,1912,3845
202101,분당선,구성,2060,2173,4233
202101,분당선,죽전,7036,7903,14939
202101,분당선,보정,971,871,1842
202101,분당선,이매,2540,2497,5037
202101,분당선,매교,822,840,1662
202101,분당선,수원시청,4634,4490,9124
202101,분당선,매탄권선,1503,1489,2992
202101,분당선,망포,3974,4203,8177
202101,분당선,영통,2761,2629,5390
202101,분당선,청명,1157,1150,2307
202101,분당선,상갈,1721,1708,3429
202101,분당선,기흥,3009,2960,5969
202101,분당선,신갈,1153,1236,2389
202101,분당선,구성,1307,1384,2691
202101,분당선,죽전,4589,5145,9734
202101,분당선,보정,615,572,1187
202101,분당선,이매,1579,1619,3198
202101,분당선,오리,3411,3058,6469
202101,분당선,미금,4424,4289,8713
202101,분당선,정자,4678,4848,9526
202101,분당선,수내,4074,3991,8065
202101,분당선,서현,8923,8905,17828
202101,분당선,야탑,7717,7977,15694
202101,분당선,모란,6923,7069,13992
202101,분당선,태평,5380,5044,10424
202101,분당선,가천대,2156,2651,4807
202101,분당선,선정릉,1379,1464,2843
202101,분당선,강남구청,1904,2310,4214
202101,분당선,압구정로데오,5921,6288,12209
202101,분당선,서울숲,2193,2215,4408
202101,분당선,수원,3428,2951,6379
202101,분당선,수서,4379,4461,8840
202101,분당선,대모산입구,911,827,1738
202101,분당선,개포동,1038,1034,2072
202101,분당선,구룡,340,379,719
202101,분당선,도곡,1431,1427,2858
202101,분당선,한티,4615,4645,9260
202101,분당선,선릉,1847,2532,4379
202101,분당선,수내,6627,6287,12914
202101,분당선,선릉,3910,5549,9459
202101,분당선,한티,7657,7468,15125
202101,분당선,도곡,3070,2799,5869
202101,분당선,구룡,807,766,1573
202101,분당선,개포동,1809,1835,3644
202101,분당선,대모산입구,1811,1625,3436
202101,분당선,수서,6202,6418,12620
202101,분당선,수원,5112,4061,9173
202101,분당선,서울숲,3745,3727,7472
202101,분당선,압구정로데오,12815,13354,26169
202101,분당선,강남구청,3649,4405,8054
202101,분당선,선정릉,2634,2615,5249
202101,분당선,가천대,3420,3879,7299
202101,분당선,태평,8311,8151,16462
202101,분당선,모란,12361,12566,24927
202101,분당선,야탑,12302,13079,25381
202101,분당선,서현,13912,13881,27793
202101,분당선,정자,7945,8002,15947
202101,분당선,미금,8137,8472,16609
202101,분당선,오리,5678,4781,10459
202101,분당선,이매,2681,2641,5322
202101,분당선,보정,1078,1010,2088
202101,분당선,죽전,7344,8154,15498
202101,분당선,구성,2218,2342,4560
202101,분당선,신갈,1945,1975,3920
202101,분당선,기흥,4859,4558,9417
202101,분당선,상갈,2679,2698,5377
202101,분당선,청명,1946,1878,3824
202101,분당선,영통,4692,4711,9403
202101,분당선,망포,6693,6181,12874
202101,분당선,매탄권선,2435,2288,4723
202101,분당선,수원시청,7624,8157,15781
202101,분당선,매교,1499,1570,3069
202101,분당선,매교,909,989,1898
202101,분당선,수원시청,5210,4941,10151
202101,분당선,매탄권선,1598,1591,3189
202101,분당선,망포,4286,4625,8911
202101,분당선,영통,3094,3218,6312
202101,분당선,청명,1368,1305,2673
202101,분당선,상갈,1981,2055,4036
202101,분당선,기흥,3592,3314,6906
202101,분당선,신갈,1299,1402,2701
202101,분당선,구성,1516,1648,3164
202101,분당선,죽전,5462,6192,11654
202101,분당선,보정,730,686,1416
202101,분당선,이매,1869,1956,3825
202101,분당선,오리,3972,3453,7425
202101,분당선,미금,5028,5308,10336
202101,분당선,정자,5144,5289,10433
202101,분당선,수내,4452,4207,8659
202101,분당선,서현,9915,9596,19511
202101,분당선,야탑,8924,8521,17445
202101,분당선,모란,7814,8002,15816
202101,분당선,태평,5708,5575,11283
202101,분당선,가천대,2385,2954,5339
202101,분당선,선정릉,1489,1557,3046
202101,분당선,강남구청,2130,2489,4619
202101,분당선,압구정로데오,6935,7028,13963
202101,분당선,서울숲,2458,2482,4940
202101,분당선,수원,3917,3222,7139
202101,분당선,복정,1,0,1
202101,분당선,수서,4877,4947,9824
202101,분당선,대모산입구,978,953,1931
202101,분당선,개포동,1114,1128,2242
202101,분당선,구룡,410,413,823
202101,분당선,도곡,1770,1753,3523
202101,분당선,한티,5039,5016,10055
202101,분당선,선릉,2008,2852,4860
202101,분당선,선릉,4250,6375,10625
202101,분당선,한티,8814,8516,17330
202101,분당선,도곡,3264,3015,6279
202101,분당선,구룡,891,810,1701
202101,분당선,개포동,1997,1974,3971
202101,분당선,대모산입구,2016,1815,3831
202101,분당선,수서,6857,6950,13807
202101,분당선,수원,5969,4851,10820
202101,분당선,서울숲,5016,4999,10015
202101,분당선,압구정로데오,14171,15143,29314
202101,분당선,강남구청,4151,5004,9155
202101,분당선,선정릉,2776,2938,5714
202101,분당선,가천대,3847,4309,8156
202101,분당선,태평,8852,8614,17466
202101,분당선,모란,12876,12842,25718
202101,분당선,야탑,13763,14348,28111
202101,분당선,서현,14968,15240,30208
202101,분당선,수내,7161,6704,13865
202101,분당선,정자,8892,8986,17878
202101,분당선,미금,8802,9090,17892
202101,분당선,오리,6220,5166,11386
202101,분당선,이매,2894,2767,5661
202101,분당선,보정,1265,1218,2483
202101,분당선,죽전,7873,8912,16785
202101,분당선,구성,2477,2625,5102
202101,분당선,신갈,2105,2126,4231
202101,분당선,기흥,5251,4962,10213
202101,분당선,상갈,3035,3079,6114
202101,분당선,청명,2060,2006,4066
202101,분당선,영통,5685,5429,11114
202101,분당선,망포,7352,6831,14183
202101,분당선,매탄권선,2636,2436,5072
202101,분당선,수원시청,8210,8994,17204
202101,분당선,매교,1619,1680,3299
202101,분당선,선릉,2156,2916,5072
202101,분당선,한티,6329,6057,12386
202101,분당선,도곡,1859,1924,3783
202101,분당선,구룡,481,499,980
202101,분당선,개포동,1254,1321,2575
202101,분당선,대모산입구,1378,1321,2699
202101,분당선,수서,5460,5487,10947
202101,분당선,수원,4423,3490,7913
202101,분당선,서울숲,3680,3796,7476
202101,분당선,압구정로데오,7582,8102,15684
202101,분당선,강남구청,2313,2757,5070
202101,분당선,선정릉,1541,1795,3336
202101,분당선,가천대,2531,3034,5565
202101,분당선,태평,6181,5927,12108
202101,분당선,모란,11036,11405,22441
202101,분당선,야탑,9719,9968,19687
202101,분당선,서현,10569,10428,20997
202101,분당선,수내,4669,4602,9271
202101,분당선,정자,5816,5808,11624
202101,분당선,미금,5361,5851,11212
202101,분당선,오리,4329,3794,8123
202101,분당선,이매,2073,2149,4222
202101,분당선,보정,810,773,1583
202101,분당선,죽전,5923,6641,12564
202101,분당선,구성,1710,1802,3512
202101,분당선,신갈,1466,1538,3004
202101,분당선,기흥,3841,3613,7454
202101,분당선,상갈,2146,2222,4368
202101,분당선,청명,1492,1444,2936
202101,분당선,영통,3520,3471,6991
202101,분당선,망포,4571,4872,9443
202101,분당선,매탄권선,1784,1819,3603
202101,분당선,수원시청,5419,5263,10682
202101,분당선,매교,1081,1107,2188
202101,분당선,선릉,4241,6194,10435
202101,분당선,한티,9324,9025,18349
202101,분당선,도곡,3559,3152,6711
202101,분당선,구룡,981,947,1928
202101,분당선,개포동,2023,1951,3974
202101,분당선,대모산입구,1849,1614,3463
202101,분당선,수서,6719,6887,13606
202101,분당선,복정,2,0,2
202101,분당선,수원,5725,4623,10348
202101,분당선,서울숲,4869,5125,9994
202101,분당선,압구정로데오,14570,15594,30164
202101,분당선,강남구청,4277,5076,9353
202101,분당선,선정릉,2888,2900,5788
202101,분당선,가천대,3722,4226,7948
202101,분당선,태평,8894,8554,17448
202101,분당선,모란,13227,13284,26511
202101,분당선,야탑,13758,14728,28486
202101,분당선,서현,15747,15735,31482
202101,분당선,수내,7298,6979,14277
202101,분당선,정자,9013,9152,18165
202101,분당선,미금,8951,9331,18282
202101,분당선,오리,6276,5292,11568
202101,분당선,이매,3048,2875,5923
202101,분당선,보정,1287,1150,2437
202101,분당선,죽전,8092,9075,17167
202101,분당선,구성,2517,2676,5193
202101,분당선,신갈,2247,2261,4508
202101,분당선,기흥,5374,5148,10522
202101,분당선,상갈,3059,3020,6079
202101,분당선,청명,2128,2037,4165
202101,분당선,영통,5424,5453,10877
202101,분당선,망포,7271,6829,14100
202101,분당선,매탄권선,2687,2581,5268
202101,분당선,수원시청,8246,8984,17230
202101,분당선,매교,1624,1651,3275
202101,분당선,선릉,2210,3229,5439
202101,분당선,한티,6091,5877,11968
202101,분당선,도곡,1995,1972,3967
202101,분당선,구룡,507,543,1050
202101,분당선,개포동,1339,1332,2671
202101,분당선,대모산입구,1227,1122,2349
202101,분당선,수서,5369,5235,10604
202101,분당선,수원,4404,3486,7890
202101,분당선,서울숲,3493,3532,7025
202101,분당선,압구정로데오,7863,8335,16198
202101,분당선,강남구청,2489,2897,5386
202101,분당선,선정릉,1723,1717,3440
202101,분당선,가천대,2481,3043,5524
202101,분당선,태평,6374,5890,12264
202101,분당선,모란,8694,8956,17650
202101,분당선,야탑,10042,10385,20427
202101,분당선,서현,11288,11120,22408
202101,분당선,수내,4810,4686,9496
202101,분당선,정자,5757,6044,11801
202101,분당선,미금,5715,6110,11825
202101,분당선,오리,4491,4052,8543
202101,분당선,이매,2145,2154,4299
202101,분당선,보정,836,823,1659
202101,분당선,죽전,6194,6925,13119
202101,분당선,구성,1794,1867,3661
202101,분당선,신갈,1479,1562,3041
202101,분당선,기흥,3842,3625,7467
202101,분당선,상갈,2247,2382,4629
202101,분당선,청명,1337,1380,2717
202101,분당선,영통,3612,3660,7272
202101,분당선,망포,4827,5133,9960
202101,분당선,매탄권선,1856,1877,3733
202101,분당선,수원시청,5890,5693,11583
202101,분당선,매교,1159,1129,2288
202102,분당선,태평,9430,8948,18378
202102,분당선,강남구청,4456,5279,9735
202102,분당선,선릉,4306,6324,10630
202102,분당선,한티,9665,9396,19061
202102,분당선,도곡,3554,3193,6747
202102,분당선,구룡,960,983,1943
202102,분당선,개포동,2097,2112,4209
202102,분당선,대모산입구,2397,2171,4568
202102,분당선,수서,7256,7400,14656
202102,분당선,복정,1,0,1
202102,분당선,수원,6273,5028,11301
202102,분당선,서울숲,5429,5477,10906
202102,분당선,압구정로데오,16287,17773,34060
202102,분당선,가천대,3798,4338,8136
202102,분당선,선정릉,3111,3318,6429
202102,분당선,매교,1793,1871,3664
202102,분당선,수원시청,8873,9593,18466
202102,분당선,매탄권선,2840,2753,5593
202102,분당선,망포,7915,7220,15135
202102,분당선,영통,5544,5546,11090
202102,분당선,청명,2270,2238,4508
202102,분당선,상갈,3229,3247,6476
202102,분당선,기흥,5689,5421,11110
202102,분당선,신갈,2331,2388,4719
202102,분당선,구성,2616,2779,5395
202102,분당선,죽전,9312,10024,19336
202102,분당선,보정,1385,1282,2667
202102,분당선,이매,3336,3154,6490
202102,분당선,오리,6727,5686,12413
202102,분당선,미금,9582,9981,19563
202102,분당선,정자,9600,9622,19222
202102,분당선,수내,7737,7190,14927
202102,분당선,서현,15988,16110,32098
202102,분당선,야탑,14424,15189,29613
202102,분당선,모란,13919,14239,28158
202102,분당선,매교,1216,1261,2477
202102,분당선,수원시청,5763,5532,11295
202102,분당선,매탄권선,2042,1967,4009
202102,분당선,망포,4993,5178,10171
202102,분당선,영통,3856,3749,7605
202102,분당선,청명,1572,1522,3094
202102,분당선,상갈,2312,2410,4722
202102,분당선,기흥,3970,3862,7832
202102,분당선,신갈,1561,1636,3197
202102,분당선,구성,1751,1964,3715
202102,분당선,죽전,6579,7359,13938
202102,분당선,보정,819,818,1637
202102,분당선,이매,2233,2353,4586
202102,분당선,오리,4501,4014,8515
202102,분당선,미금,5804,6283,12087
202102,분당선,정자,6031,6095,12126
202102,분당선,수내,5159,4880,10039
202102,분당선,서현,11606,11391,22997
202102,분당선,야탑,10318,10752,21070
202102,분당선,모란,9240,9538,18778
202102,분당선,태평,6606,6238,12844
202102,분당선,가천대,2981,3551,6532
202102,분당선,선정릉,1765,1874,3639
202102,분당선,강남구청,2420,2887,5307
202102,분당선,압구정로데오,8602,9120,17722
202102,분당선,서울숲,3700,3764,7464
202102,분당선,수원,4550,3712,8262
202102,분당선,수서,5374,5463,10837
202102,분당선,대모산입구,1448,1332,2780
202102,분당선,개포동,1541,1581,3122
202102,분당선,구룡,562,537,1099
202102,분당선,도곡,1978,2038,4016
202102,분당선,한티,6832,6423,13255
202102,분당선,선릉,2142,3075,5217
202102,분당선,선릉,1833,2755,4588
202102,분당선,한티,5663,5553,11216
202102,분당선,도곡,1955,1850,3805
202102,분당선,구룡,478,488,966
202102,분당선,개포동,1227,1199,2426
202102,분당선,대모산입구,1028,977,2005
202102,분당선,수서,5550,4420,9970
202102,분당선,수원,5732,4562,10294
202102,분당선,서울숲,3607,3839,7446
202102,분당선,압구정로데오,6631,7427,14058
202102,분당선,강남구청,2006,2424,4430
202102,분당선,선정릉,1300,1437,2737
202102,분당선,가천대,2286,2960,5246
202102,분당선,태평,6257,5982,12239
202102,분당선,모란,8852,9387,18239
202102,분당선,야탑,10661,10425,21086
202102,분당선,서현,11853,12012,23865
202102,분당선,수내,3964,3955,7919
202102,분당선,정자,5698,6309,12007
202102,분당선,미금,5907,6197,12104
202102,분당선,오리,4232,3647,7879
202102,분당선,이매,2122,2277,4399
202102,분당선,보정,943,868,1811
202102,분당선,죽전,6723,7730,14453
202102,분당선,구성,1867,1940,3807
202102,분당선,신갈,1571,1631,3202
202102,분당선,기흥,4242,4045,8287
202102,분당선,상갈,2621,2496,5117
202102,분당선,청명,1661,1551,3212
202102,분당선,영통,3535,3857,7392
202102,분당선,망포,5075,5159,10234
202102,분당선,매탄권선,2022,1953,3975
202102,분당선,수원시청,5549,6215,11764
202102,분당선,매교,1082,1110,2192
202102,분당선,영통,3346,3622,6968
202102,분당선,청명,1415,1414,2829
202102,분당선,상갈,2324,2338,4662
202102,분당선,기흥,4055,3876,7931
202102,분당선,신갈,1571,1590,3161
202102,분당선,구성,1876,1858,3734
202102,분당선,죽전,6085,7008,13093
202102,분당선,보정,833,762,1595
202102,분당선,이매,2225,2326,4551
202102,분당선,오리,4131,3672,7803
202102,분당선,미금,5695,6271,11966
202102,분당선,정자,5670,6168,11838
202102,분당선,수내,4632,4561,9193
202102,분당선,서현,11676,11541,23217
202102,분당선,야탑,10946,10500,21446
202102,분당선,모란,10435,11118,21553
202102,분당선,태평,6345,6089,12434
202102,분당선,가천대,2417,3126,5543
202102,분당선,선정릉,1369,1519,2888
202102,분당선,강남구청,2391,2846,5237
202102,분당선,압구정로데오,7515,8207,15722
202102,분당선,서울숲,3434,3566,7000
202102,분당선,수원,5215,4245,9460
202102,분당선,수서,6184,5128,11312
202102,분당선,대모산입구,1042,1025,2067
202102,분당선,개포동,1290,1311,2601
202102,분당선,구룡,485,487,972
202102,분당선,도곡,1836,1757,3593
202102,분당선,한티,5859,5723,11582
202102,분당선,선릉,1796,2694,4490
202102,분당선,매교,1039,1163,2202
202102,분당선,수원시청,5447,5545,10992
202102,분당선,매탄권선,1942,1808,3750
202102,분당선,망포,4800,5413,10213
202102,분당선,선릉,4822,7180,12002
202102,분당선,한티,10241,9814,20055
202102,분당선,도곡,4006,3750,7756
202102,분당선,구룡,1024,990,2014
202102,분당선,개포동,2297,2226,4523
202102,분당선,대모산입구,2399,2102,4501
202102,분당선,수서,8334,8775,17109
202102,분당선,복정,1,0,1
202102,분당선,수원,6916,5844,12760
202102,분당선,서울숲,6529,6723,13252
202102,분당선,압구정로데오,17341,19160,36501
202102,분당선,강남구청,4873,5850,10723
202102,분당선,선정릉,3367,3443,6810
202102,분당선,가천대,4156,4740,8896
202102,분당선,태평,9660,9164,18824
202102,분당선,모란,14457,14780,29237
202102,분당선,야탑,15285,16094,31379
202102,분당선,서현,17235,17670,34905
202102,분당선,수내,8143,7540,15683
202102,분당선,정자,10095,8086,18181
202102,분당선,미금,10008,10305,20313
202102,분당선,오리,7089,5917,13006
202102,분당선,이매,3504,3364,6868
202102,분당선,보정,1427,1280,2707
202102,분당선,죽전,9249,10529,19778
202102,분당선,구성,2832,3006,5838
202102,분당선,신갈,2496,2524,5020
202102,분당선,기흥,6188,5912,12100
202102,분당선,상갈,3489,3532,7021
202102,분당선,청명,2542,2409,4951
202102,분당선,영통,5827,5851,11678
202102,분당선,망포,8361,7724,16085
202102,분당선,매탄권선,3090,2918,6008
202102,분당선,수원시청,10086,10615,20701
202102,분당선,매교,1902,1949,3851
202102,분당선,매교,1321,1382,2703
202102,분당선,수원시청,6640,6424,13064
202102,분당선,매탄권선,2166,2077,4243
202102,분당선,망포,5436,5626,11062
202102,분당선,영통,4025,3995,8020
202102,분당선,청명,1769,1702,3471
202102,분당선,상갈,2600,2622,5222
202102,분당선,기흥,4195,4195,8390
202102,분당선,신갈,1807,1877,3684
202102,분당선,구성,2085,2255,4340
202102,분당선,죽전,6999,8116,15115
202102,분당선,보정,953,881,1834
202102,분당선,이매,2446,2507,4953
202102,분당선,오리,4726,4129,8855
202102,분당선,미금,6357,6719,13076
202102,분당선,정자,6778,5334,12112
202102,분당선,수내,5247,5129,10376
202102,분당선,서현,12451,12494,24945
202102,분당선,야탑,11005,11287,22292
202102,분당선,모란,9787,9957,19744
202102,분당선,태평,6923,6591,13514
202102,분당선,가천대,3045,3441,6486
202102,분당선,선정릉,1917,2012,3929
202102,분당선,강남구청,2796,3372,6168
202102,분당선,압구정로데오,9429,10154,19583
202102,분당선,서울숲,5183,5367,10550
202102,분당선,수원,5378,4293,9671
202102,분당선,수서,7158,6617,13775
202102,분당선,대모산입구,1485,1473,2958
202102,분당선,개포동,1516,1554,3070
202102,분당선,구룡,587,604,1191
202102,분당선,도곡,2189,2197,4386
202102,분당선,한티,7252,6945,14197
202102,분당선,선릉,2470,3788,6258
202102,분당선,선릉,4788,7230,12018
202102,분당선,한티,10630,10215,20845
202102,분당선,도곡,4213,3774,7987
202102,분당선,구룡,1166,1071,2237
202102,분당선,개포동,2354,2306,4660
202102,분당선,대모산입구,2498,2230,4728
202102,분당선,수서,8882,9948,18830
202102,분당선,복정,1,0,1
202102,분당선,수원,7168,6085,13253
202102,분당선,서울숲,6946,7064,14010
202102,분당선,압구정로데오,17568,19523,37091
202102,분당선,강남구청,5081,6103,11184
202102,분당선,선정릉,3461,3628,7089
202102,분당선,가천대,4392,4926,9318
202102,분당선,태평,9726,9374,19100
202102,분당선,모란,14987,14628,29615
202102,분당선,야탑,16194,16930,33124
202102,분당선,서현,17426,17675,35101
202102,분당선,수내,8342,7554,15896
202102,분당선,정자,10181,10333,20514
202102,분당선,미금,10078,10413,20491
202102,분당선,오리,7228,6038,13266
202102,분당선,이매,4003,3902,7905
202102,분당선,보정,1552,1483,3035
202102,분당선,죽전,9788,10836,20624
202102,분당선,구성,2968,3066,6034
202102,분당선,신갈,2531,2522,5053
202102,분당선,기흥,6114,5903,12017
202102,분당선,상갈,3632,3539,7171
202102,분당선,청명,2494,2369,4863
202102,분당선,영통,6069,6037,12106
202102,분당선,망포,8531,7745,16276
202102,분당선,매탄권선,3107,2939,6046
202102,분당선,수원시청,9946,10628,20574
202102,분당선,매교,1944,1998,3942
202102,분당선,선릉,2665,3896,6561
202102,분당선,한티,7529,7137,14666
202102,분당선,도곡,2221,2114,4335
202102,분당선,구룡,669,646,1315
202102,분당선,개포동,1656,1654,3310
202102,분당선,대모산입구,1600,1479,3079
202102,분당선,수서,6873,6629,13502
202102,분당선,수원,5920,4741,10661
202102,분당선,서울숲,5074,5153,10227
202102,분당선,압구정로데오,9972,11126,21098
202102,분당선,강남구청,3056,3608,6664
202102,분당선,선정릉,2190,2195,4385
202102,분당선,가천대,3680,4174,7854
202102,분당선,태평,7354,7006,14360
202102,분당선,모란,10673,10693,21366
202102,분당선,야탑,11431,12012,23443
202102,분당선,서현,13300,13521,26821
202102,분당선,수내,5721,5484,11205
202102,분당선,정자,7133,7217,14350
202102,분당선,미금,6454,7007,13461
202102,분당선,오리,5104,4324,9428
202102,분당선,이매,2616,2700,5316
202102,분당선,보정,996,981,1977
202102,분당선,죽전,7504,8377,15881
202102,분당선,구성,2110,2225,4335
202102,분당선,신갈,1885,1946,3831
202102,분당선,기흥,4582,4493,9075
202102,분당선,상갈,2779,2786,5565
202102,분당선,청명,1726,1688,3414
202102,분당선,영통,4179,4243,8422
202102,분당선,망포,5919,5801,11720
202102,분당선,매탄권선,2388,2177,4565
202102,분당선,수원시청,7135,7380,14515
202102,분당선,매교,1314,1361,2675
202103,분당선,선릉,4981,7820,12801
202103,분당선,한티,11209,10787,21996
202103,분당선,도곡,4156,3797,7953
202103,분당선,구룡,1104,1048,2152
202103,분당선,개포동,2430,2431,4861
202103,분당선,대모산입구,2355,2096,4451
202103,분당선,수서,8704,9215,17919
202103,분당선,복정,1,0,1
202103,분당선,수원,7370,6123,13493
202103,분당선,서울숲,6492,6895,13387
202103,분당선,압구정로데오,18081,19764,37845
202103,분당선,강남구청,4971,6066,11037
202103,분당선,선정릉,3677,3787,7464
202103,분당선,가천대,4608,5240,9848
202103,분당선,태평,9989,9525,19514
202103,분당선,모란,15199,15295,30494
202103,분당선,야탑,16006,16880,32886
202103,분당선,서현,17888,17899,35787
202103,분당선,수내,8380,7954,16334
202103,분당선,정자,10446,10737,21183
202103,분당선,미금,10421,10751,21172
202103,분당선,오리,7615,6386,14001
202103,분당선,이매,3729,3636,7365
202103,분당선,보정,1519,1399,2918
202103,분당선,죽전,9928,11154,21082
202103,분당선,구성,2958,3127,6085
202103,분당선,신갈,2679,2755,5434
202103,분당선,기흥,6249,5958,12207
202103,분당선,상갈,3777,3700,7477
202103,분당선,청명,2560,2493,5053
202103,분당선,영통,6443,6320,12763
202103,분당선,망포,8725,8058,16783
202103,분당선,매탄권선,3305,3123,6428
202103,분당선,수원시청,10405,11205,21610
202103,분당선,매교,1986,1925,3911
202103,분당선,매교,1343,1373,2716
202103,분당선,수원시청,6723,6568,13291
202103,분당선,매탄권선,2220,2137,4357
202103,분당선,망포,5576,5956,11532
202103,분당선,영통,4268,4418,8686
202103,분당선,청명,1699,1736,3435
202103,분당선,상갈,2633,2704,5337
202103,분당선,기흥,4385,4307,8692
202103,분당선,신갈,1817,1805,3622
202103,분당선,구성,2134,2354,4488
202103,분당선,죽전,7383,8411,15794
202103,분당선,보정,1003,895,1898
202103,분당선,이매,2571,2840,5411
202103,분당선,오리,4907,4327,9234
202103,분당선,미금,6517,7039,13556
202103,분당선,정자,6906,6450,13356
202103,분당선,수내,5542,5316,10858
202103,분당선,서현,12679,12742,25421
202103,분당선,야탑,11393,11821,23214
202103,분당선,모란,10101,10351,20452
202103,분당선,태평,7108,6661,13769
202103,분당선,가천대,3452,4221,7673
202103,분당선,선정릉,2134,2191,4325
202103,분당선,강남구청,2804,3373,6177
202103,분당선,압구정로데오,9649,10431,20080
202103,분당선,서울숲,4885,4934,9819
202103,분당선,수원,5482,4483,9965
202103,분당선,수서,7279,6795,14074
202103,분당선,대모산입구,1316,1256,2572
202103,분당선,개포동,1924,1938,3862
202103,분당선,구룡,662,731,1393
202103,분당선,도곡,2536,2560,5096
202103,분당선,한티,7213,7050,14263
202103,분당선,선릉,2528,3854,6382
202103,분당선,상갈,3822,3758,7580
202103,분당선,영통,6485,6508,12993
202103,분당선,망포,9020,8161,17181
202103,분당선,매탄권선,3323,3143,6466
202103,분당선,수원시청,10329,11420,21749
202103,분당선,매교,2000,2061,4061
202103,분당선,청명,2469,2448,4917
202103,분당선,선릉,5122,7784,12906
202103,분당선,한티,11109,10805,21914
202103,분당선,도곡,4313,3829,8142
202103,분당선,구룡,1063,1044,2107
202103,분당선,개포동,2532,2507,5039
202103,분당선,대모산입구,2288,2054,4342
202103,분당선,수서,8909,9489,18398
202103,분당선,수원,7585,6292,13877
202103,분당선,서울숲,7086,7314,14400
202103,분당선,압구정로데오,17840,20167,38007
202103,분당선,강남구청,5087,6221,11308
202103,분당선,선정릉,3611,3728,7339
202103,분당선,가천대,4722,5267,9989
202103,분당선,태평,10250,9657,19907
202103,분당선,모란,15165,15104,30269
202103,분당선,야탑,16335,17217,33552
202103,분당선,서현,17981,17926,35907
202103,분당선,수내,8601,8029,16630
202103,분당선,정자,10483,10810,21293
202103,분당선,미금,10553,10869,21422
202103,분당선,오리,7369,6137,13506
202103,분당선,이매,3831,3721,7552
202103,분당선,보정,1526,1409,2935
202103,분당선,죽전,10176,11400,21576
202103,분당선,구성,2993,3215,6208
202103,분당선,신갈,2715,2774,5489
202103,분당선,기흥,6331,6027,12358
202103,분당선,청명,1752,1830,3582
202103,분당선,영통,4372,4363,8735
202103,분당선,망포,5702,6169,11871
202103,분당선,매탄권선,2363,2290,4653
202103,분당선,수원시청,7088,6891,13979
202103,분당선,매교,1304,1377,2681
202103,분당선,상갈,2702,2756,5458
202103,분당선,기흥,4658,4533,9191
202103,분당선,신갈,1899,1962,3861
202103,분당선,구성,2167,2252,4419
202103,분당선,죽전,7534,8488,16022
202103,분당선,보정,1014,969,1983
202103,분당선,이매,2918,3043,5961
202103,분당선,오리,5381,4655,10036
202103,분당선,미금,6768,7319,14087
202103,분당선,정자,7013,7181,14194
202103,분당선,수내,5692,5411,11103
202103,분당선,서현,13023,13103,26126
202103,분당선,야탑,11991,12202,24193
202103,분당선,모란,17513,17983,35496
202103,분당선,태평,7699,7341,15040
202103,분당선,가천대,3413,4292,7705
202103,분당선,선정릉,1933,1990,3923
202103,분당선,강남구청,3086,3656,6742
202103,분당선,압구정로데오,9421,10272,19693
202103,분당선,서울숲,5132,5297,10429
202103,분당선,수원,5812,4710,10522
202103,분당선,수서,7872,7383,15255
202103,분당선,대모산입구,1707,1652,3359
202103,분당선,개포동,1682,1654,3336
202103,분당선,구룡,650,746,1396
202103,분당선,도곡,2358,2205,4563
202103,분당선,한티,7537,7222,14759
202103,분당선,선릉,2652,3934,6586
202103,분당선,복정,1,0,1
202103,분당선,매교,1798,1795,3593
202103,분당선,수원시청,10381,11323,21704
202103,분당선,매탄권선,3143,2980,6123
202103,분당선,망포,8460,7785,16245
202103,분당선,영통,6078,5952,12030
202103,분당선,청명,2494,2423,4917
202103,분당선,상갈,3426,3445,6871
202103,분당선,기흥,5813,5629,11442
202103,분당선,신갈,2474,2467,4941
202103,분당선,구성,2722,2986,5708
202103,분당선,죽전,8944,10018,18962
202103,분당선,보정,1388,1248,2636
202103,분당선,이매,3594,3389,6983
202103,분당선,오리,7020,5742,12762
202103,분당선,미금,9903,10079,19982
202103,분당선,정자,9921,10056,19977
202103,분당선,수내,7867,7411,15278
202103,분당선,서현,16845,16843,33688
202103,분당선,야탑,15462,16295,31757
202103,분당선,모란,14309,14076,28385
202103,분당선,태평,9607,9121,18728
202103,분당선,가천대,4648,5125,9773
202103,분당선,선정릉,3717,3795,7512
202103,분당선,강남구청,5035,6196,11231
202103,분당선,압구정로데오,17013,19183,36196
202103,분당선,서울숲,5537,5791,11328
202103,분당선,수원,7026,5601,12627
202103,분당선,수서,8903,9314,18217
202103,분당선,대모산입구,2067,1891,3958
202103,분당선,개포동,2336,2259,4595
202103,분당선,구룡,1280,1188,2468
202103,분당선,도곡,4147,3760,7907
202103,분당선,한티,10985,10499,21484
202103,분당선,선릉,4634,7207,11841
202103,분당선,죽전,7351,8538,15889
202103,분당선,선릉,2747,4049,6796
202103,분당선,한티,7330,7098,14428
202103,분당선,도곡,2557,2510,5067
202103,분당선,구룡,709,785,1494
202103,분당선,개포동,1876,1859,3735
202103,분당선,대모산입구,1461,1361,2822
202103,분당선,수서,7677,7316,14993
202103,분당선,수원,5643,4688,10331
202103,분당선,서울숲,4754,4707,9461
202103,분당선,압구정로데오,10173,10909,21082
202103,분당선,강남구청,3068,3836,6904
202103,분당선,선정릉,2094,2281,4375
202103,분당선,가천대,3372,4199,7571
202103,분당선,태평,7303,6944,14247
202103,분당선,모란,10379,10473,20852
202103,분당선,야탑,12154,12522,24676
202103,분당선,서현,12983,12828,25811
202103,분당선,수내,5572,5421,10993
202103,분당선,정자,6773,7203,13976
202103,분당선,미금,6829,7222,14051
202103,분당선,오리,5094,4499,9593
202103,분당선,이매,2722,2756,5478
202103,분당선,보정,1008,894,1902
202103,분당선,구성,2098,2318,4416
202103,분당선,신갈,1821,1866,3687
202103,분당선,기흥,4681,4460,9141
202103,분당선,상갈,2689,2734,5423
202103,분당선,청명,1802,1891,3693
202103,분당선,영통,4462,4527,8989
202103,분당선,망포,5719,6143,11862
202103,분당선,매탄권선,2394,2320,4714
202103,분당선,수원시청,7065,7037,14102
202103,분당선,매교,1293,1351,2644
202103,분당선,매교,1755,1766,3521
202103,분당선,수원시청,10309,10920,21229
202103,분당선,매탄권선,2992,2922,5914
202103,분당선,망포,8439,7713,16152
202103,분당선,영통,5954,5959,11913
202103,분당선,청명,2361,2363,4724
202103,분당선,상갈,3385,3366,6751
202103,분당선,기흥,5902,5830,11732
202103,분당선,신갈,2490,2476,4966
202103,분당선,구성,2781,2962,5743
202103,분당선,죽전,8906,10041,18947
202103,분당선,보정,1471,1379,2850
202103,분당선,이매,3796,3679,7475
202103,분당선,오리,6853,5912,12765
202103,분당선,미금,9850,10285,20135
202103,분당선,정자,10097,10385,20482
202103,분당선,수내,8067,7701,15768
202103,분당선,서현,16681,16760,33441
202103,분당선,야탑,15596,16263,31859
202103,분당선,모란,14453,14190,28643
202103,분당선,태평,9779,9113,18892
202103,분당선,가천대,4513,5004,9517
202103,분당선,선정릉,3536,3555,7091
202103,분당선,강남구청,5040,6030,11070
202103,분당선,압구정로데오,16787,18301,35088
202103,분당선,서울숲,5369,5566,10935
202103,분당선,수원,6626,5591,12217
202103,분당선,수서,9071,9739,18810
202103,분당선,대모산입구,2325,2074,4399
202103,분당선,개포동,2471,2349,4820
202103,분당선,구룡,1103,1075,2178
202103,분당선,도곡,4050,3748,7798
202103,분당선,한티,11189,10848,22037
202103,분당선,선릉,4991,7445,12436
202103,분당선,매교,1135,1120,2255
202103,분당선,수원시청,6529,6487,13016
202103,분당선,매탄권선,2021,2036,4057
202103,분당선,망포,5243,5684,10927
202103,분당선,영통,3939,4030,7969
202103,분당선,청명,1565,1638,3203
202103,분당선,상갈,2379,2484,4863
202103,분당선,기흥,4097,4050,8147
202103,분당선,신갈,1628,1689,3317
202103,분당선,구성,1892,2098,3990
202103,분당선,죽전,6338,7320,13658
202103,분당선,보정,927,825,1752
202103,분당선,이매,2984,2998,5982
202103,분당선,오리,4591,4077,8668
202103,분당선,미금,6193,6477,12670
202103,분당선,정자,6554,6644,13198
202103,분당선,수내,5395,5146,10541
202103,분당선,서현,11896,11884,23780
202103,분당선,야탑,10991,11348,22339
202103,분당선,모란,9448,9622,19070
202103,분당선,태평,6783,6476,13259
202103,분당선,가천대,2989,3831,6820
202103,분당선,선정릉,1755,1916,3671
202103,분당선,강남구청,2754,3395,6149
202103,분당선,압구정로데오,8943,9748,18691
202103,분당선,서울숲,3983,4021,8004
202103,분당선,수원,5291,4114,9405
202103,분당선,수서,7465,6826,14291
202103,분당선,대모산입구,1386,1295,2681
202103,분당선,개포동,1602,1597,3199
202103,분당선,구룡,1066,1120,2186
202103,분당선,도곡,2139,2020,4159
202103,분당선,한티,7214,6937,14151
202103,분당선,선릉,2594,3872,6466
202104,분당선,선릉,4551,6900,11451
202104,분당선,한티,10986,10392,21378
202104,분당선,도곡,3955,3680,7635
202104,분당선,구룡,982,988,1970
202104,분당선,개포동,2333,2265,4598
202104,분당선,대모산입구,1995,1816,3811
202104,분당선,수서,8724,9315,18039
202104,분당선,수원,6224,5372,11596
202104,분당선,서울숲,5061,5211,10272
202104,분당선,압구정로데오,15790,17378,33168
202104,분당선,강남구청,4591,5566,10157
202104,분당선,선정릉,3355,3446,6801
202104,분당선,가천대,4426,4979,9405
202104,분당선,태평,9010,8680,17690
202104,분당선,모란,13402,13353,26755
202104,분당선,야탑,14743,15448,30191
202104,분당선,매교,1630,1613,3243
202104,분당선,수원시청,9710,10276,19986
202104,분당선,매탄권선,2755,2789,5544
202104,분당선,망포,7740,7319,15059
202104,분당선,영통,5574,5555,11129
202104,분당선,청명,2376,2238,4614
202104,분당선,상갈,3117,3219,6336
202104,분당선,기흥,5746,5596,11342
202104,분당선,신갈,2391,2436,4827
202104,분당선,구성,2634,2795,5429
202104,분당선,죽전,8431,9418,17849
202104,분당선,보정,1334,1239,2573
202104,분당선,이매,3504,3278,6782
202104,분당선,오리,6491,5393,11884
202104,분당선,미금,9315,9470,18785
202104,분당선,정자,9583,9703,19286
202104,분당선,수내,7818,7421,15239
202104,분당선,서현,15786,15736,31522
202104,분당선,매교,1259,1336,2595
202104,분당선,수원시청,6720,6505,13225
202104,분당선,매탄권선,2259,2194,4453
202104,분당선,망포,5384,5716,11100
202104,분당선,영통,4320,4340,8660
202104,분당선,청명,1736,1767,3503
202104,분당선,상갈,2641,2779,5420
202104,분당선,기흥,4421,4298,8719
202104,분당선,신갈,1879,1963,3842
202104,분당선,구성,2170,2258,4428
202104,분당선,죽전,7421,8635,16056
202104,분당선,보정,986,948,1934
202104,분당선,이매,2973,2981,5954
202104,분당선,오리,5057,4432,9489
202104,분당선,미금,6692,7149,13841
202104,분당선,정자,7032,7269,14301
202104,분당선,수내,5740,5476,11216
202104,분당선,서현,12675,12551,25226
202104,분당선,야탑,11994,12386,24380
202104,분당선,모란,16429,17228,33657
202104,분당선,태평,7597,7264,14861
202104,분당선,가천대,3392,4145,7537
202104,분당선,선정릉,1947,2028,3975
202104,분당선,강남구청,2875,3403,6278
202104,분당선,압구정로데오,9322,10339,19661
202104,분당선,서울숲,7616,8422,16038
202104,분당선,수원,5581,4527,10108
202104,분당선,수서,7947,7245,15192
202104,분당선,대모산입구,1545,1512,3057
202104,분당선,개포동,1949,1934,3883
202104,분당선,구룡,729,817,1546
202104,분당선,도곡,2509,2423,4932
202104,분당선,한티,7415,7330,14745
202104,분당선,선릉,2605,3803,6408
202104,분당선,매교,1979,2096,4075
202104,분당선,수원시청,10743,11417,22160
202104,분당선,매탄권선,3406,3202,6608
202104,분당선,망포,8843,8046,16889
202104,분당선,영통,6195,6017,12212
202104,분당선,청명,2627,2520,5147
202104,분당선,상갈,3780,3806,7586
202104,분당선,기흥,6367,6054,12421
202104,분당선,신갈,2672,2700,5372
202104,분당선,구성,2995,3168,6163
202104,분당선,죽전,9775,10854,20629
202104,분당선,보정,1517,1403,2920
202104,분당선,이매,3995,3919,7914
202104,분당선,오리,7372,6217,13589
202104,분당선,미금,10371,10678,21049
202104,분당선,정자,10609,10755,21364
202104,분당선,수내,8378,7827,16205
202104,분당선,서현,17020,17068,34088
202104,분당선,야탑,16721,17399,34120
202104,분당선,모란,15766,15358,31124
202104,분당선,태평,10429,9789,20218
202104,분당선,가천대,4811,5321,10132
202104,분당선,선정릉,3654,3778,7432
202104,분당선,강남구청,5305,6309,11614
202104,분당선,압구정로데오,17268,20106,37374
202104,분당선,서울숲,12194,14155,26349
202104,분당선,수원,7503,6252,13755
202104,분당선,수서,9521,10303,19824
202104,분당선,대모산입구,2206,2022,4228
202104,분당선,개포동,2576,2446,5022
202104,분당선,구룡,1188,1161,2349
202104,분당선,도곡,4493,4017,8510
202104,분당선,한티,10755,10647,21402
202104,분당선,선릉,4993,7500,12493
202104,분당선,복정,1,0,1
202104,분당선,이매,2936,2892,5828
202104,분당선,오리,5042,4460,9502
202104,분당선,미금,6873,7305,14178
202104,분당선,정자,6863,7116,13979
202104,분당선,수내,5883,5587,11470
202104,분당선,서현,11957,11990,23947
202104,분당선,야탑,11914,12181,24095
202104,분당선,모란,10669,10722,21391
202104,분당선,태평,7549,7165,14714
202104,분당선,가천대,3575,4452,8027
202104,분당선,선정릉,2147,2134,4281
202104,분당선,강남구청,3091,3728,6819
202104,분당선,압구정로데오,9913,11073,20986
202104,분당선,서울숲,9571,10792,20363
202104,분당선,수원,5736,4743,10479
202104,분당선,수서,7989,7545,15534
202104,분당선,대모산입구,1650,1550,3200
202104,분당선,개포동,1729,1699,3428
202104,분당선,구룡,727,823,1550
202104,분당선,도곡,2377,2330,4707
202104,분당선,한티,7065,7060,14125
202104,분당선,선릉,2775,4167,6942
202104,분당선,보정,954,904,1858
202104,분당선,죽전,7242,8196,15438
202104,분당선,구성,2189,2377,4566
202104,분당선,신갈,1850,1949,3799
202104,분당선,기흥,4557,4501,9058
202104,분당선,상갈,2669,2784,5453
202104,분당선,청명,1837,1937,3774
202104,분당선,영통,4173,4217,8390
202104,분당선,망포,5669,5921,11590
202104,분당선,매탄권선,2245,2233,4478
202104,분당선,수원시청,6881,6779,13660
202104,분당선,매교,1584,1667,3251
202104,분당선,선릉,4961,7458,12419
202104,분당선,한티,10106,9939,20045
202104,분당선,도곡,4204,3823,8027
202104,분당선,구룡,1118,1041,2159
202104,분당선,개포동,2510,2449,4959
202104,분당선,대모산입구,2455,2239,4694
202104,분당선,수서,9333,9859,19192
202104,분당선,수원,7176,5888,13064
202104,분당선,서울숲,9897,10593,20490
202104,분당선,압구정로데오,16857,19215,36072
202104,분당선,강남구청,4857,5838,10695
202104,분당선,선정릉,3347,3474,6821
202104,분당선,가천대,4581,5169,9750
202104,분당선,태평,9831,9363,19194
202104,분당선,모란,15023,14861,29884
202104,분당선,야탑,15828,16730,32558
202104,분당선,서현,16234,16439,32673
202104,분당선,수내,7997,7462,15459
202104,분당선,정자,10064,10229,20293
202104,분당선,미금,9932,10209,20141
202104,분당선,오리,7183,5918,13101
202104,분당선,이매,4104,4015,8119
202104,분당선,보정,1431,1341,2772
202104,분당선,죽전,9050,10137,19187
202104,분당선,구성,2846,3007,5853
202104,분당선,신갈,2536,2584,5120
202104,분당선,기흥,6136,5945,12081
202104,분당선,상갈,3489,3525,7014
202104,분당선,청명,2484,2491,4975
202104,분당선,영통,5640,5656,11296
202104,분당선,망포,8315,7706,16021
202104,분당선,매탄권선,3092,2974,6066
202104,분당선,수원시청,9788,10545,20333
202104,분당선,매교,1899,1917,3816
202104,분당선,매교,1354,1415,2769
202104,분당선,수원시청,6442,6362,12804
202104,분당선,매탄권선,2139,2156,4295
202104,분당선,망포,5494,5894,11388
202104,분당선,영통,4055,4012,8067
202104,분당선,청명,1735,1774,3509
202104,분당선,상갈,2726,2712,5438
202104,분당선,기흥,4328,4198,8526
202104,분당선,신갈,1755,1814,3569
202104,분당선,구성,2091,2270,4361
202104,분당선,죽전,7008,7941,14949
202104,분당선,보정,949,912,1861
202104,분당선,이매,2742,2809,5551
202104,분당선,오리,4754,4174,8928
202104,분당선,미금,6159,6798,12957
202104,분당선,정자,6554,6872,13426
202104,분당선,수내,5283,4983,10266
202104,분당선,서현,11516,11460,22976
202104,분당선,야탑,11436,11538,22974
202104,분당선,모란,10465,10492,20957
202104,분당선,태평,7361,7019,14380
202104,분당선,가천대,3057,3836,6893
202104,분당선,선정릉,2146,2255,4401
202104,분당선,강남구청,2765,3396,6161
202104,분당선,압구정로데오,9343,10209,19552
202104,분당선,서울숲,10472,12207,22679
202104,분당선,수원,5511,4250,9761
202104,분당선,복정,1,0,1
202104,분당선,수서,7806,7341,15147
202104,분당선,대모산입구,1441,1388,2829
202104,분당선,개포동,1800,1793,3593
202104,분당선,구룡,634,714,1348
202104,분당선,도곡,2378,2229,4607
202104,분당선,한티,6443,6467,12910
202104,분당선,선릉,2640,3920,6560
202104,분당선,복정,1,0,1
202104,분당선,매교,1960,2105,4065
202104,분당선,수원시청,10410,11274,21684
202104,분당선,매탄권선,3262,3110,6372
202104,분당선,망포,8737,7908,16645
202104,분당선,영통,6029,5890,11919
202104,분당선,청명,2568,2423,4991
202104,분당선,상갈,3731,3837,7568
202104,분당선,기흥,6213,6003,12216
202104,분당선,신갈,2637,2702,5339
202104,분당선,구성,2978,3195,6173
202104,분당선,죽전,9610,10828,20438
202104,분당선,보정,1594,1416,3010
202104,분당선,이매,4011,3773,7784
202104,분당선,오리,7435,6069,13504
202104,분당선,미금,10701,10932,21633
202104,분당선,정자,9906,10144,20050
202104,분당선,수내,8206,7679,15885
202104,분당선,서현,16806,16837,33643
202104,분당선,야탑,16226,17154,33380
202104,분당선,모란,22017,22519,44536
202104,분당선,태평,10511,9878,20389
202104,분당선,가천대,4979,5379,10358
202104,분당선,선정릉,3540,3641,7181
202104,분당선,강남구청,5093,6217,11310
202104,분당선,압구정로데오,17175,19892,37067
202104,분당선,서울숲,11287,13071,24358
202104,분당선,수원,7195,6097,13292
202104,분당선,수서,9785,10023,19808
202104,분당선,대모산입구,2605,2397,5002
202104,분당선,개포동,2598,2439,5037
202104,분당선,구룡,1385,1274,2659
202104,분당선,도곡,4141,3818,7959
202104,분당선,한티,9879,9819,19698
202104,분당선,선릉,4745,7337,12082
202104,분당선,매교,1289,1379,2668
202104,분당선,수원시청,6615,6586,13201
202104,분당선,매탄권선,2219,2196,4415
202104,분당선,망포,5742,6106,11848
202104,분당선,영통,4213,4191,8404
202104,분당선,청명,1755,1795,3550
202104,분당선,상갈,2693,2755,5448
202104,분당선,기흥,4630,4422,9052
202104,분당선,신갈,1873,1874,3747
202104,분당선,구성,2178,2355,4533
202104,분당선,죽전,7016,8005,15021
202104,분당선,보정,941,976,1917
202104,분당선,이매,2829,2790,5619
202104,분당선,오리,4919,4116,9035
202104,분당선,미금,6417,6891,13308
202104,분당선,정자,6744,7098,13842
202104,분당선,수내,5630,5301,10931
202104,분당선,서현,11983,11911,23894
202104,분당선,야탑,12196,12634,24830
202104,분당선,모란,10598,10534,21132
202104,분당선,태평,7363,7007,14370
202104,분당선,가천대,3422,4094,7516
202104,분당선,선정릉,2117,2309,4426
202104,분당선,강남구청,2913,3590,6503
202104,분당선,압구정로데오,9506,10773,20279
202104,분당선,서울숲,9326,10960,20286
202104,분당선,수원,5598,4617,10215
202104,분당선,수서,7812,7492,15304
202104,분당선,대모산입구,1639,1605,3244
202104,분당선,개포동,1811,1786,3597
202104,분당선,구룡,660,763,1423
202104,분당선,도곡,2145,2087,4232
202104,분당선,한티,6306,6367,12673
202104,분당선,선릉,2735,3899,6634
202105,분당선,선릉,4454,6955,11409
202105,분당선,한티,9336,9234,18570
202105,분당선,도곡,3832,3567,7399
202105,분당선,구룡,862,826,1688
202105,분당선,개포동,2026,2027,4053
202105,분당선,대모산입구,1617,1474,3091
202105,분당선,수서,8889,9390,18279
202105,분당선,수원,7061,5805,12866
202105,분당선,서울숲,6550,6890,13440
202105,분당선,압구정로데오,16826,18565,35391
202105,분당선,강남구청,4797,5815,10612
202105,분당선,선정릉,3456,3495,6951
202105,분당선,가천대,4444,5012,9456
202105,분당선,태평,9437,8837,18274
202105,분당선,모란,14171,14032,28203
202105,분당선,야탑,15167,16085,31252
202105,분당선,서현,16881,16827,33708
202105,분당선,수내,7429,7136,14565
202105,분당선,정자,9284,9561,18845
202105,분당선,미금,9404,9836,19240
202105,분당선,오리,6923,5622,12545
202105,분당선,이매,3852,3761,7613
202105,분당선,보정,1459,1316,2775
202105,분당선,죽전,9175,10065,19240
202105,분당선,구성,2632,2882,5514
202105,분당선,신갈,2349,2440,4789
202105,분당선,기흥,5919,5689,11608
202105,분당선,상갈,3474,3580,7054
202105,분당선,청명,2305,2257,4562
202105,분당선,영통,5780,5608,11388
202105,분당선,망포,8114,7487,15601
202105,분당선,매탄권선,2950,2758,5708
202105,분당선,수원시청,9971,10784,20755
202105,분당선,매교,1611,1717,3328
202105,분당선,선릉,2656,3884,6540
202105,분당선,한티,6580,6644,13224
202105,분당선,도곡,2285,2277,4562
202105,분당선,구룡,741,828,1569
202105,분당선,개포동,1733,1749,3482
202105,분당선,대모산입구,1605,1530,3135
202105,분당선,수서,7972,7505,15477
202105,분당선,수원,5854,4806,10660
202105,분당선,서울숲,8391,9127,17518
202105,분당선,압구정로데오,10071,11143,21214
202105,분당선,강남구청,2821,3412,6233
202105,분당선,선정릉,2073,2226,4299
202105,분당선,가천대,3656,4469,8125
202105,분당선,태평,7515,7126,14641
202105,분당선,모란,10656,10477,21133
202105,분당선,야탑,12007,12406,24413
202105,분당선,서현,12846,12884,25730
202105,분당선,수내,5370,5258,10628
202105,분당선,정자,7073,7267,14340
202105,분당선,미금,6479,7039,13518
202105,분당선,오리,5093,4393,9486
202105,분당선,이매,2958,2915,5873
202105,분당선,보정,1036,985,2021
202105,분당선,죽전,7735,8724,16459
202105,분당선,구성,2349,2376,4725
202105,분당선,신갈,1830,1894,3724
202105,분당선,기흥,4620,4555,9175
202105,분당선,상갈,2804,2826,5630
202105,분당선,청명,1866,1931,3797
202105,분당선,영통,4300,4471,8771
202105,분당선,망포,5862,6087,11949
202105,분당선,매탄권선,2336,2362,4698
202105,분당선,수원시청,6914,6861,13775
202105,분당선,매교,1406,1418,2824
202105,분당선,이매,3534,3440,6974
202105,분당선,보정,1391,1239,2630
202105,분당선,죽전,8535,9589,18124
202105,분당선,구성,2597,2782,5379
202105,분당선,신갈,2324,2388,4712
202105,분당선,기흥,5623,5355,10978
202105,분당선,상갈,3487,3529,7016
202105,분당선,청명,2293,2176,4469
202105,분당선,영통,5625,5410,11035
202105,분당선,망포,7694,7093,14787
202105,분당선,매탄권선,3001,2927,5928
202105,분당선,수원시청,9027,9410,18437
202105,분당선,매교,1841,1840,3681
202105,분당선,선릉,4292,6312,10604
202105,분당선,한티,10677,10229,20906
202105,분당선,도곡,3287,3062,6349
202105,분당선,구룡,1041,988,2029
202105,분당선,개포동,2200,2210,4410
202105,분당선,대모산입구,2137,1982,4119
202105,분당선,수서,8578,9245,17823
202105,분당선,수원,6413,5337,11750
202105,분당선,서울숲,6317,6413,12730
202105,분당선,압구정로데오,14906,16315,31221
202105,분당선,강남구청,4384,5044,9428
202105,분당선,선정릉,2999,2981,5980
202105,분당선,가천대,4172,4453,8625
202105,분당선,태평,9496,9020,18516
202105,분당선,모란,13621,13361,26982
202105,분당선,야탑,13991,15378,29369
202105,분당선,서현,15338,15370,30708
202105,분당선,수내,7450,7091,14541
202105,분당선,정자,9049,9203,18252
202105,분당선,미금,9306,9662,18968
202105,분당선,오리,6209,5115,11324
202105,분당선,매교,1374,1382,2756
202105,분당선,수원시청,6734,6952,13686
202105,분당선,매탄권선,2361,2374,4735
202105,분당선,망포,5710,6211,11921
202105,분당선,영통,4082,4412,8494
202105,분당선,청명,1838,1871,3709
202105,분당선,상갈,2903,2884,5787
202105,분당선,기흥,4786,4575,9361
202105,분당선,신갈,1913,1967,3880
202105,분당선,구성,2342,2409,4751
202105,분당선,죽전,7442,8587,16029
202105,분당선,보정,1099,1054,2153
202105,분당선,이매,3088,3205,6293
202105,분당선,오리,5163,4478,9641
202105,분당선,미금,6941,7445,14386
202105,분당선,정자,7023,7390,14413
202105,분당선,수내,5585,5477,11062
202105,분당선,서현,13272,13122,26394
202105,분당선,야탑,12703,12687,25390
202105,분당선,모란,17431,17954,35385
202105,분당선,태평,7731,7656,15387
202105,분당선,가천대,3469,4368,7837
202105,분당선,선정릉,1937,2111,4048
202105,분당선,강남구청,2805,3294,6099
202105,분당선,압구정로데오,9722,10956,20678
202105,분당선,서울숲,7476,8065,15541
202105,분당선,수원,5643,4448,10091
202105,분당선,수서,8931,7712,16643
202105,분당선,대모산입구,1683,1698,3381
202105,분당선,개포동,1990,1952,3942
202105,분당선,구룡,609,740,1349
202105,분당선,도곡,2227,2178,4405
202105,분당선,한티,7608,7474,15082
202105,분당선,선릉,2702,4011,6713
202105,분당선,선릉,5094,7858,12952
202105,분당선,한티,11768,11348,23116
202105,분당선,도곡,4725,4169,8894
202105,분당선,구룡,1857,1745,3602
202105,분당선,개포동,2580,2518,5098
202105,분당선,대모산입구,2245,2032,4277
202105,분당선,수서,9761,10243,20004
202105,분당선,수원,7232,6100,13332
202105,분당선,서울숲,6493,6686,13179
202105,분당선,압구정로데오,18393,20099,38492
202105,분당선,강남구청,5281,6205,11486
202105,분당선,선정릉,3745,3792,7537
202105,분당선,가천대,5093,5563,10656
202105,분당선,태평,9910,9509,19419
202105,분당선,모란,14671,14770,29441
202105,분당선,야탑,16091,16926,33017
202105,분당선,서현,17456,17371,34827
202105,분당선,수내,8374,8000,16374
202105,분당선,정자,10311,10610,20921
202105,분당선,미금,10287,10781,21068
202105,분당선,오리,7259,5933,13192
202105,분당선,이매,3774,3741,7515
202105,분당선,보정,1496,1391,2887
202105,분당선,죽전,10063,11152,21215
202105,분당선,구성,2918,3152,6070
202105,분당선,신갈,2620,2680,5300
202105,분당선,기흥,6274,5994,12268
202105,분당선,상갈,3706,3696,7402
202105,분당선,청명,2575,2501,5076
202105,분당선,영통,6141,6217,12358
202105,분당선,망포,8860,8096,16956
202105,분당선,매탄권선,3263,3145,6408
202105,분당선,수원시청,10405,11110,21515
202105,분당선,매교,1938,1965,3903
202105,분당선,복정,2,0,2
202105,분당선,선릉,2441,3498,5939
202105,분당선,한티,7064,6633,13697
202105,분당선,도곡,2055,2106,4161
202105,분당선,구룡,506,592,1098
202105,분당선,개포동,1528,1556,3084
202105,분당선,대모산입구,1131,1107,2238
202105,분당선,수서,7296,7015,14311
202105,분당선,수원,4706,3957,8663
202105,분당선,서울숲,3310,3469,6779
202105,분당선,압구정로데오,8997,9585,18582
202105,분당선,강남구청,2585,3108,5693
202105,분당선,선정릉,1907,1919,3826
202105,분당선,가천대,3293,3950,7243
202105,분당선,태평,6575,6151,12726
202105,분당선,모란,8768,8951,17719
202105,분당선,야탑,10538,10658,21196
202105,분당선,서현,11028,10824,21852
202105,분당선,수내,4894,4883,9777
202105,분당선,정자,6042,6169,12211
202105,분당선,미금,5817,6289,12106
202105,분당선,오리,4199,3583,7782
202105,분당선,이매,2407,2551,4958
202105,분당선,보정,862,844,1706
202105,분당선,죽전,6302,7315,13617
202105,분당선,구성,1874,2013,3887
202105,분당선,신갈,1556,1597,3153
202105,분당선,기흥,4059,3889,7948
202105,분당선,상갈,2150,2310,4460
202105,분당선,청명,1534,1590,3124
202105,분당선,영통,3918,3944,7862
202105,분당선,망포,4969,5285,10254
202105,분당선,매탄권선,1898,1906,3804
202105,분당선,수원시청,6152,6143,12295
202105,분당선,매교,1255,1180,2435
202105,분당선,매교,2099,2170,4269
202105,분당선,수원시청,10941,11873,22814
202105,분당선,매탄권선,3505,3231,6736
202105,분당선,망포,9068,8351,17419
202105,분당선,영통,6520,6396,12916
202105,분당선,청명,2724,2674,5398
202105,분당선,상갈,3941,3927,7868
202105,분당선,기흥,6558,6382,12940
202105,분당선,신갈,2806,2852,5658
202105,분당선,구성,3236,3341,6577
202105,분당선,죽전,10310,11445,21755
202105,분당선,보정,1685,1531,3216
202105,분당선,이매,4061,3957,8018
202105,분당선,오리,7545,6342,13887
202105,분당선,미금,10620,11005,21625
202105,분당선,정자,10721,10998,21719
202105,분당선,수내,8455,7831,16286
202105,분당선,서현,17996,18026,36022
202105,분당선,야탑,16927,17643,34570
202105,분당선,모란,15612,15467,31079
202105,분당선,태평,10452,9829,20281
202105,분당선,가천대,5039,5575,10614
202105,분당선,선정릉,3823,3993,7816
202105,분당선,강남구청,5328,6565,11893
202105,분당선,압구정로데오,18296,20823,39119
202105,분당선,서울숲,10456,11425,21881
202105,분당선,수원,7600,6333,13933
202105,분당선,복정,1,0,1
202105,분당선,수서,9880,10152,20032
202105,분당선,대모산입구,2531,2345,4876
202105,분당선,개포동,2671,2611,5282
202105,분당선,구룡,1270,1177,2447
202105,분당선,도곡,4426,4022,8448
202105,분당선,한티,11273,11060,22333
202105,분당선,선릉,5080,7782,12862
202105,분당선,복정,1,0,1
202105,분당선,선릉,2754,3937,6691
202105,분당선,한티,7650,7527,15177
202105,분당선,도곡,2382,2243,4625
202105,분당선,구룡,750,848,1598
202105,분당선,개포동,1913,1900,3813
202105,분당선,대모산입구,1644,1592,3236
202105,분당선,수서,8216,7660,15876
202105,분당선,수원,5756,4632,10388
202105,분당선,서울숲,7074,7341,14415
202105,분당선,압구정로데오,9895,11048,20943
202105,분당선,강남구청,2906,3522,6428
202105,분당선,선정릉,2297,2497,4794
202105,분당선,가천대,3584,4311,7895
202105,분당선,태평,7411,7088,14499
202105,분당선,모란,10402,10506,20908
202105,분당선,야탑,11945,12349,24294
202105,분당선,서현,12259,12291,24550
202105,분당선,수내,5793,5672,11465
202105,분당선,정자,6908,7208,14116
202105,분당선,미금,6697,7196,13893
202105,분당선,오리,5142,4484,9626
202105,분당선,이매,2848,2905,5753
202105,분당선,보정,1047,1042,2089
202105,분당선,죽전,7272,8289,15561
202105,분당선,구성,2253,2403,4656
202105,분당선,신갈,1854,1847,3701
202105,분당선,기흥,4744,4567,9311
202105,분당선,상갈,2749,2782,5531
202105,분당선,청명,1796,1902,3698
202105,분당선,영통,4244,4456,8700
202105,분당선,망포,5639,6040,11679
202105,분당선,매탄권선,2412,2312,4724
202105,분당선,수원시청,6861,7040,13901
202105,분당선,매교,1336,1403,2739
202105,분당선,선릉,5034,7769,12803
202105,분당선,한티,11411,11009,22420
202105,분당선,도곡,4493,4033,8526
202105,분당선,구룡,1839,1714,3553
202105,분당선,개포동,2421,2307,4728
202105,분당선,대모산입구,2636,2370,5006
202105,분당선,수서,9959,10378,20337
202105,분당선,수원,7195,6180,13375
202105,분당선,서울숲,7958,8697,16655
202105,분당선,압구정로데오,17882,19796,37678
202105,분당선,강남구청,5152,6373,11525
202105,분당선,선정릉,3664,3892,7556
202105,분당선,가천대,5017,5597,10614
202105,분당선,태평,10479,9875,20354
202105,분당선,모란,21280,21777,43057
202105,분당선,야탑,16397,17124,33521
202105,분당선,서현,17380,17531,34911
202105,분당선,수내,8412,8096,16508
202105,분당선,정자,10595,10846,21441
202105,분당선,미금,10628,10948,21576
202105,분당선,오리,7576,6380,13956
202105,분당선,이매,4036,3933,7969
202105,분당선,보정,1630,1454,3084
202105,분당선,죽전,9927,11004,20931
202105,분당선,구성,3150,3359,6509
202105,분당선,신갈,2753,2769,5522
202105,분당선,기흥,6682,6379,13061
202105,분당선,상갈,3868,3768,7636
202105,분당선,청명,2698,2568,5266
202105,분당선,영통,6361,6307,12668
202105,분당선,망포,8938,8032,16970
202105,분당선,매탄권선,3300,3082,6382
202105,분당선,수원시청,10880,11927,22807
202105,분당선,매교,2110,2162,4272
202105,분당선,매교,1437,1486,2923
202105,분당선,수원시청,7175,7136,14311
202105,분당선,매탄권선,2270,2282,4552
202105,분당선,망포,5780,6206,11986
202105,분당선,영통,4318,4432,8750
202105,분당선,청명,1820,1862,3682
202105,분당선,상갈,2863,2920,5783
202105,분당선,기흥,4570,4503,9073
202105,분당선,신갈,1925,1950,3875
202105,분당선,구성,2314,2554,4868
202105,분당선,죽전,7364,8459,15823
202105,분당선,보정,1015,1007,2022
202105,분당선,이매,2791,3031,5822
202105,분당선,오리,5104,4480,9584
202105,분당선,미금,6585,7107,13692
202105,분당선,정자,6935,7313,14248
202105,분당선,수내,5727,5524,11251
202105,분당선,서현,12550,12563,25113
202105,분당선,야탑,12094,12333,24427
202105,분당선,모란,10354,10588,20942
202105,분당선,태평,7428,7035,14463
202105,분당선,가천대,3506,4282,7788
202105,분당선,선정릉,2216,2331,4547
202105,분당선,강남구청,3001,3712,6713
202105,분당선,압구정로데오,9787,10705,20492
202105,분당선,서울숲,7046,7344,14390
202105,분당선,수원,5445,4634,10079
202105,분당선,수서,8131,7597,15728
202105,분당선,대모산입구,1858,1826,3684
202105,분당선,개포동,1931,1927,3858
202105,분당선,구룡,710,812,1522
202105,분당선,도곡,2365,2364,4729
202105,분당선,한티,7780,7428,15208
202105,분당선,선릉,2703,3983,6686
202106,분당선,선릉,5105,7685,12790
202106,분당선,한티,11514,11091,22605
202106,분당선,도곡,4285,3840,8125
202106,분당선,구룡,1530,1395,2925
202106,분당선,개포동,2695,2610,5305
202106,분당선,대모산입구,2421,2190,4611
202106,분당선,수서,9459,10205,19664
202106,분당선,수원,7371,6187,13558
202106,분당선,서울숲,10134,10743,20877
202106,분당선,압구정로데오,18267,20479,38746
202106,분당선,강남구청,5391,6623,12014
202106,분당선,선정릉,3632,3773,7405
202106,분당선,가천대,4973,5490,10463
202106,분당선,태평,10284,9621,19905
202106,분당선,모란,15540,15306,30846
202106,분당선,야탑,16541,17457,33998
202106,분당선,서현,17573,17878,35451
202106,분당선,수내,8480,7909,16389
202106,분당선,정자,10654,11000,21654
202106,분당선,미금,10735,11186,21921
202106,분당선,오리,7522,6307,13829
202106,분당선,이매,3953,3818,7771
202106,분당선,보정,1546,1406,2952
202106,분당선,죽전,9832,10947,20779
202106,분당선,구성,3111,3171,6282
202106,분당선,신갈,2862,2783,5645
202106,분당선,기흥,6494,6450,12944
202106,분당선,상갈,3747,3763,7510
202106,분당선,청명,2886,2694,5580
202106,분당선,영통,6437,6312,12749
202106,분당선,망포,9197,8288,17485
202106,분당선,매탄권선,3444,3220,6664
202106,분당선,수원시청,10375,11216,21591
202106,분당선,매교,2109,2120,4229
202106,분당선,선릉,2649,3889,6538
202106,분당선,한티,7558,7382,14940
202106,분당선,도곡,2617,2456,5073
202106,분당선,구룡,676,705,1381
202106,분당선,개포동,1747,1754,3501
202106,분당선,대모산입구,1622,1557,3179
202106,분당선,수서,7840,7309,15149
202106,분당선,수원,5359,4377,9736
202106,분당선,서울숲,6924,7101,14025
202106,분당선,압구정로데오,9577,10695,20272
202106,분당선,강남구청,3031,3699,6730
202106,분당선,선정릉,2053,2261,4314
202106,분당선,가천대,3109,3861,6970
202106,분당선,태평,7479,7064,14543
202106,분당선,모란,10162,10275,20437
202106,분당선,야탑,11983,12318,24301
202106,분당선,서현,11955,12054,24009
202106,분당선,수내,5647,5452,11099
202106,분당선,정자,6791,7191,13982
202106,분당선,미금,6745,6981,13726
202106,분당선,오리,4838,4334,9172
202106,분당선,이매,2829,2941,5770
202106,분당선,보정,986,936,1922
202106,분당선,죽전,7141,8010,15151
202106,분당선,구성,2231,2273,4504
202106,분당선,신갈,1809,1859,3668
202106,분당선,기흥,4549,4489,9038
202106,분당선,상갈,2734,2802,5536
202106,분당선,청명,1806,1834,3640
202106,분당선,영통,4267,4421,8688
202106,분당선,망포,5531,5954,11485
202106,분당선,매탄권선,2287,2284,4571
202106,분당선,수원시청,6651,6666,13317
202106,분당선,매교,1344,1424,2768
202106,분당선,매교,1953,1945,3898
202106,분당선,복정,1,0,1
202106,분당선,선릉,4868,7346,12214
202106,분당선,한티,10789,10595,21384
202106,분당선,도곡,4139,3666,7805
202106,분당선,구룡,1645,1496,3141
202106,분당선,개포동,2529,2495,5024
202106,분당선,대모산입구,2551,2419,4970
202106,분당선,수서,9334,9915,19249
202106,분당선,수원,7283,5947,13230
202106,분당선,서울숲,8329,8399,16728
202106,분당선,압구정로데오,17324,19567,36891
202106,분당선,강남구청,5031,6033,11064
202106,분당선,선정릉,3646,3761,7407
202106,분당선,가천대,4766,5356,10122
202106,분당선,태평,10381,9631,20012
202106,분당선,모란,15033,14656,29689
202106,분당선,야탑,16099,16806,32905
202106,분당선,서현,16979,17412,34391
202106,분당선,수내,8514,8032,16546
202106,분당선,정자,10293,10330,20623
202106,분당선,미금,10541,10788,21329
202106,분당선,오리,7330,6258,13588
202106,분당선,이매,3825,3762,7587
202106,분당선,보정,1557,1386,2943
202106,분당선,죽전,9295,10515,19810
202106,분당선,구성,2982,3176,6158
202106,분당선,신갈,2631,2662,5293
202106,분당선,기흥,6286,5947,12233
202106,분당선,상갈,3714,3686,7400
202106,분당선,청명,2570,2450,5020
202106,분당선,영통,6090,5952,12042
202106,분당선,망포,8818,8033,16851
202106,분당선,매탄권선,3293,3124,6417
202106,분당선,수원시청,10345,11371,21716
202106,분당선,선릉,2570,3800,6370
202106,분당선,한티,7246,7080,14326
202106,분당선,도곡,2191,2158,4349
202106,분당선,구룡,677,780,1457
202106,분당선,개포동,1924,1897,3821
202106,분당선,대모산입구,1946,1874,3820
202106,분당선,수서,7701,7309,15010
202106,분당선,수원,5607,4590,10197
202106,분당선,서울숲,5682,5779,11461
202106,분당선,압구정로데오,9561,10598,20159
202106,분당선,강남구청,2914,3441,6355
202106,분당선,선정릉,1939,2046,3985
202106,분당선,가천대,3277,4002,7279
202106,분당선,태평,7410,6976,14386
202106,분당선,모란,10163,10176,20339
202106,분당선,야탑,11518,11905,23423
202106,분당선,서현,11731,11841,23572
202106,분당선,수내,5682,5487,11169
202106,분당선,정자,6675,6977,13652
202106,분당선,미금,6491,6956,13447
202106,분당선,오리,4588,4174,8762
202106,분당선,이매,2857,2900,5757
202106,분당선,보정,973,947,1920
202106,분당선,죽전,6760,7634,14394
202106,분당선,구성,2181,2221,4402
202106,분당선,신갈,1792,1824,3616
202106,분당선,기흥,4464,4305,8769
202106,분당선,상갈,2569,2670,5239
202106,분당선,청명,1694,1827,3521
202106,분당선,영통,3800,3886,7686
202106,분당선,망포,5492,5792,11284
202106,분당선,매탄권선,2168,2219,4387
202106,분당선,수원시청,6817,6823,13640
202106,분당선,매교,1252,1348,2600
202106,분당선,매교,1977,2035,4012
202106,분당선,수원시청,10807,11659,22466
202106,분당선,매탄권선,3311,3070,6381
202106,분당선,망포,8896,8024,16920
202106,분당선,영통,6570,6396,12966
202106,분당선,청명,2678,2625,5303
202106,분당선,상갈,3858,3867,7725
202106,분당선,기흥,6689,6475,13164
202106,분당선,신갈,2702,2748,5450
202106,분당선,구성,3241,3269,6510
202106,분당선,죽전,9923,11121,21044
202106,분당선,보정,1607,1445,3052
202106,분당선,이매,3986,3855,7841
202106,분당선,오리,7688,6408,14096
202106,분당선,미금,11246,11625,22871
202106,분당선,정자,10475,10774,21249
202106,분당선,수내,8616,8119,16735
202106,분당선,서현,18057,18143,36200
202106,분당선,야탑,16932,17914,34846
202106,분당선,모란,21720,22386,44106
202106,분당선,태평,10597,9870,20467
202106,분당선,가천대,4852,5124,9976
202106,분당선,선정릉,3591,3736,7327
202106,분당선,강남구청,5428,6576,12004
202106,분당선,압구정로데오,18377,21035,39412
202106,분당선,서울숲,9448,9773,19221
202106,분당선,수원,7399,6334,13733
202106,분당선,수서,9882,10546,20428
202106,분당선,대모산입구,2497,2274,4771
202106,분당선,개포동,2639,2570,5209
202106,분당선,구룡,1365,1191,2556
202106,분당선,도곡,4353,3927,8280
202106,분당선,한티,10817,10489,21306
202106,분당선,선릉,5000,7784,12784
202106,분당선,매교,1340,1422,2762
202106,분당선,수원시청,7082,7079,14161
202106,분당선,매탄권선,2298,2253,4551
202106,분당선,망포,5817,6275,12092
202106,분당선,영통,4396,4503,8899
202106,분당선,청명,1773,1878,3651
202106,분당선,상갈,2771,2897,5668
202106,분당선,기흥,4829,4543,9372
202106,분당선,신갈,1952,1959,3911
202106,분당선,구성,2307,2461,4768
202106,분당선,죽전,7488,8530,16018
202106,분당선,보정,1072,933,2005
202106,분당선,이매,3114,3225,6339
202106,분당선,오리,4942,4380,9322
202106,분당선,미금,7078,7458,14536
202106,분당선,정자,6920,7312,14232
202106,분당선,수내,5935,5767,11702
202106,분당선,서현,12185,12314,24499
202106,분당선,야탑,12170,12409,24579
202106,분당선,모란,10244,10390,20634
202106,분당선,태평,7510,7074,14584
202106,분당선,가천대,3306,4015,7321
202106,분당선,선정릉,2059,2180,4239
202106,분당선,강남구청,2853,3439,6292
202106,분당선,압구정로데오,10220,11392,21612
202106,분당선,서울숲,6516,6451,12967
202106,분당선,수원,5698,4630,10328
202106,분당선,수서,8223,7747,15970
202106,분당선,대모산입구,1450,1477,2927
202106,분당선,개포동,1746,1741,3487
202106,분당선,구룡,755,825,1580
202106,분당선,도곡,2565,2470,5035
202106,분당선,한티,7090,7113,14203
202106,분당선,선릉,2621,3853,6474
202106,분당선,선릉,4940,7474,12414
202106,분당선,한티,10264,10188,20452
202106,분당선,도곡,4128,3697,7825
202106,분당선,구룡,1185,1117,2302
202106,분당선,개포동,2517,2457,4974
202106,분당선,대모산입구,2331,2125,4456
202106,분당선,수서,9786,10361,20147
202106,분당선,수원,7207,6094,13301
202106,분당선,서울숲,8106,8231,16337
202106,분당선,압구정로데오,18099,21037,39136
202106,분당선,강남구청,5137,6129,11266
202106,분당선,선정릉,3361,3567,6928
202106,분당선,가천대,4388,4867,9255
202106,분당선,태평,10312,9564,19876
202106,분당선,모란,15098,15070,30168
202106,분당선,야탑,16652,17287,33939
202106,분당선,서현,17216,17352,34568
202106,분당선,수내,8434,7813,16247
202106,분당선,정자,10295,10601,20896
202106,분당선,미금,10355,10738,21093
202106,분당선,오리,7283,6134,13417
202106,분당선,이매,3950,3895,7845
202106,분당선,보정,1589,1474,3063
202106,분당선,죽전,9607,10911,20518
202106,분당선,구성,3085,3072,6157
202106,분당선,신갈,2687,2605,5292
202106,분당선,기흥,6491,6203,12694
202106,분당선,상갈,3736,3785,7521
202106,분당선,청명,2626,2492,5118
202106,분당선,영통,6123,6116,12239
202106,분당선,망포,8934,7999,16933
202106,분당선,매탄권선,3243,3022,6265
202106,분당선,수원시청,10293,11185,21478
202106,분당선,매교,1903,1962,3865
202106,분당선,매교,1308,1370,2678
202106,분당선,수원시청,7053,7030,14083
202106,분당선,매탄권선,2327,2435,4762
202106,분당선,망포,6054,6357,12411
202106,분당선,영통,4204,4319,8523
202106,분당선,청명,1876,1910,3786
202106,분당선,상갈,2721,2795,5516
202106,분당선,기흥,4852,4670,9522
202106,분당선,신갈,1874,1923,3797
202106,분당선,구성,2234,2358,4592
202106,분당선,죽전,7176,8227,15403
202106,분당선,보정,1028,1012,2040
202106,분당선,이매,2876,2972,5848
202106,분당선,오리,5099,4579,9678
202106,분당선,미금,6737,7301,14038
202106,분당선,정자,7107,7415,14522
202106,분당선,수내,6051,5952,12003
202106,분당선,서현,12743,12779,25522
202106,분당선,야탑,12346,12474,24820
202106,분당선,모란,10538,10706,21244
202106,분당선,태평,7732,7115,14847
202106,분당선,가천대,3214,3928,7142
202106,분당선,선정릉,2245,2397,4642
202106,분당선,강남구청,3024,3625,6649
202106,분당선,압구정로데오,10571,11604,22175
202106,분당선,서울숲,6455,6425,12880
202106,분당선,수원,5479,4530,10009
202106,분당선,수서,8284,7625,15909
202106,분당선,대모산입구,1509,1476,2985
202106,분당선,개포동,1958,1982,3940
202106,분당선,구룡,793,861,1654
202106,분당선,도곡,2380,2381,4761
202106,분당선,한티,7159,7153,14312
202106,분당선,선릉,2607,3852,6459
202107,분당선,매교,1819,1829,3648
202107,분당선,수원시청,10123,10940,21063
202107,분당선,매탄권선,2993,2844,5837
202107,분당선,망포,8395,7740,16135
202107,분당선,영통,5601,5755,11356
202107,분당선,청명,2520,2462,4982
202107,분당선,상갈,3479,3478,6957
202107,분당선,기흥,6204,6008,12212
202107,분당선,신갈,2638,2590,5228
202107,분당선,구성,2890,3080,5970
202107,분당선,죽전,9249,10568,19817
202107,분당선,보정,1491,1366,2857
202107,분당선,이매,3722,3712,7434
202107,분당선,오리,6956,5726,12682
202107,분당선,미금,10008,10275,20283
202107,분당선,정자,9808,10112,19920
202107,분당선,수내,7854,7678,15532
202107,분당선,서현,16858,17165,34023
202107,분당선,야탑,15657,16365,32022
202107,분당선,모란,14592,14573,29165
202107,분당선,태평,9857,9446,19303
202107,분당선,가천대,4266,4859,9125
202107,분당선,선정릉,3689,3691,7380
202107,분당선,강남구청,5026,6067,11093
202107,분당선,압구정로데오,17327,18557,35884
202107,분당선,서울숲,6035,6134,12169
202107,분당선,수원,6403,5347,11750
202107,분당선,수서,9399,9968,19367
202107,분당선,대모산입구,2097,1885,3982
202107,분당선,개포동,2459,2395,4854
202107,분당선,구룡,1463,1335,2798
202107,분당선,도곡,4461,4065,8526
202107,분당선,한티,9999,9833,19832
202107,분당선,선릉,4943,7773,12716
202107,분당선,선릉,2394,3501,5895
202107,분당선,한티,6353,6324,12677
202107,분당선,도곡,2333,2274,4607
202107,분당선,구룡,588,586,1174
202107,분당선,개포동,1629,1718,3347
202107,분당선,대모산입구,1444,1399,2843
202107,분당선,수서,7533,6952,14485
202107,분당선,복정,1,0,1
202107,분당선,수원,4869,3907,8776
202107,분당선,서울숲,3876,4028,7904
202107,분당선,압구정로데오,8467,9326,17793
202107,분당선,강남구청,2676,3107,5783
202107,분당선,선정릉,1886,1995,3881
202107,분당선,가천대,3004,3610,6614
202107,분당선,태평,7147,6653,13800
202107,분당선,모란,12619,13146,25765
202107,분당선,야탑,11106,11285,22391
202107,분당선,서현,11759,11846,23605
202107,분당선,수내,5097,4912,10009
202107,분당선,정자,6066,6490,12556
202107,분당선,미금,6219,6488,12707
202107,분당선,오리,4662,4067,8729
202107,분당선,이매,2632,2744,5376
202107,분당선,보정,922,850,1772
202107,분당선,죽전,6791,7966,14757
202107,분당선,구성,1945,2101,4046
202107,분당선,신갈,1706,1733,3439
202107,분당선,기흥,4211,4063,8274
202107,분당선,상갈,2362,2382,4744
202107,분당선,청명,1661,1756,3417
202107,분당선,영통,3976,4068,8044
202107,분당선,망포,5385,5713,11098
202107,분당선,매탄권선,2056,2040,4096
202107,분당선,수원시청,6246,6247,12493
202107,분당선,매교,1172,1202,2374
202107,분당선,매교,1697,1690,3387
202107,분당선,수원시청,8938,9545,18483
202107,분당선,매탄권선,2834,2757,5591
202107,분당선,망포,7451,6888,14339
202107,분당선,영통,5519,5372,10891
202107,분당선,청명,2164,2124,4288
202107,분당선,상갈,3162,3164,6326
202107,분당선,기흥,5510,5220,10730
202107,분당선,신갈,2296,2292,4588
202107,분당선,구성,2522,2677,5199
202107,분당선,죽전,8307,9349,17656
202107,분당선,보정,1300,1218,2518
202107,분당선,이매,3344,3046,6390
202107,분당선,오리,6393,5336,11729
202107,분당선,미금,9182,9346,18528
202107,분당선,정자,8871,8959,17830
202107,분당선,수내,7282,6883,14165
202107,분당선,서현,14731,15211,29942
202107,분당선,야탑,13981,14697,28678
202107,분당선,모란,13235,13324,26559
202107,분당선,태평,9279,8579,17858
202107,분당선,가천대,4312,4725,9037
202107,분당선,선정릉,2841,2839,5680
202107,분당선,강남구청,4356,5042,9398
202107,분당선,압구정로데오,13936,15800,29736
202107,분당선,서울숲,5626,5575,11201
202107,분당선,수원,5966,5153,11119
202107,분당선,수서,7760,8453,16213
202107,분당선,대모산입구,2153,1967,4120
202107,분당선,개포동,2291,2199,4490
202107,분당선,구룡,1672,1546,3218
202107,분당선,도곡,3715,3283,6998
202107,분당선,한티,10151,9778,19929
202107,분당선,선릉,4264,6386,10650
202107,분당선,매교,1204,1142,2346
202107,분당선,선릉,2189,3173,5362
202107,분당선,한티,6710,6476,13186
202107,분당선,도곡,1928,1814,3742
202107,분당선,구룡,522,600,1122
202107,분당선,개포동,1379,1395,2774
202107,분당선,대모산입구,1250,1193,2443
202107,분당선,수서,6537,5774,12311
202107,분당선,수원,4545,3755,8300
202107,분당선,서울숲,3448,3394,6842
202107,분당선,압구정로데오,7369,8189,15558
202107,분당선,강남구청,2563,3016,5579
202107,분당선,선정릉,1608,1666,3274
202107,분당선,가천대,2886,3462,6348
202107,분당선,태평,6548,6026,12574
202107,분당선,모란,8675,8844,17519
202107,분당선,야탑,9749,10008,19757
202107,분당선,서현,10478,10650,21128
202107,분당선,수내,4986,4875,9861
202107,분당선,정자,5853,6030,11883
202107,분당선,미금,5512,6081,11593
202107,분당선,오리,4260,3732,7992
202107,분당선,이매,2281,2384,4665
202107,분당선,보정,834,790,1624
202107,분당선,죽전,5768,6697,12465
202107,분당선,구성,1691,1848,3539
202107,분당선,신갈,1465,1496,2961
202107,분당선,기흥,3923,3759,7682
202107,분당선,상갈,2229,2263,4492
202107,분당선,청명,1406,1495,2901
202107,분당선,영통,3653,3657,7310
202107,분당선,망포,4844,5161,10005
202107,분당선,매탄권선,1912,1895,3807
202107,분당선,수원시청,5893,5920,11813
202107,분당선,선릉,3807,5544,9351
202107,분당선,한티,9920,9537,19457
202107,분당선,도곡,3053,2874,5927
202107,분당선,구룡,1328,1189,2517
202107,분당선,개포동,2084,2051,4135
202107,분당선,대모산입구,2022,1834,3856
202107,분당선,수서,6434,7374,13808
202107,분당선,수원,5296,4445,9741
202107,분당선,서울숲,4874,4948,9822
202107,분당선,압구정로데오,12502,13718,26220
202107,분당선,강남구청,3723,4410,8133
202107,분당선,선정릉,2521,2568,5089
202107,분당선,가천대,3463,3906,7369
202107,분당선,태평,8596,8026,16622
202107,분당선,모란,12318,12345,24663
202107,분당선,야탑,12534,13302,25836
202107,분당선,서현,14229,14354,28583
202107,분당선,수내,6900,6630,13530
202107,분당선,정자,8361,8581,16942
202107,분당선,미금,8446,8696,17142
202107,분당선,오리,5796,4920,10716
202107,분당선,이매,3275,3184,6459
202107,분당선,보정,1268,1166,2434
202107,분당선,죽전,7562,8594,16156
202107,분당선,구성,2346,2517,4863
202107,분당선,신갈,2068,2117,4185
202107,분당선,기흥,5139,4938,10077
202107,분당선,상갈,2898,2935,5833
202107,분당선,청명,2039,2008,4047
202107,분당선,영통,5095,5040,10135
202107,분당선,망포,6719,6278,12997
202107,분당선,매탄권선,2521,2443,4964
202107,분당선,수원시청,7617,7846,15463
202107,분당선,매교,1590,1544,3134
202107,분당선,매교,963,1026,1989
202107,분당선,수원시청,5072,5148,10220
202107,분당선,매탄권선,1756,1719,3475
202107,분당선,망포,4396,4750,9146
202107,분당선,영통,3459,3426,6885
202107,분당선,청명,1309,1309,2618
202107,분당선,상갈,2085,2096,4181
202107,분당선,기흥,3711,3550,7261
202107,분당선,신갈,1351,1432,2783
202107,분당선,구성,1605,1769,3374
202107,분당선,죽전,5655,6484,12139
202107,분당선,보정,768,737,1505
202107,분당선,이매,2097,2090,4187
202107,분당선,오리,3936,3529,7465
202107,분당선,미금,5042,5359,10401
202107,분당선,정자,5430,5640,11070
202107,분당선,수내,4485,4408,8893
202107,분당선,서현,9726,9858,19584
202107,분당선,야탑,9024,9257,18281
202107,분당선,모란,8043,8208,16251
202107,분당선,태평,6086,5669,11755
202107,분당선,가천대,2442,3094,5536
202107,분당선,선정릉,1482,1546,3028
202107,분당선,강남구청,2223,2681,4904
202107,분당선,압구정로데오,7064,7750,14814
202107,분당선,서울숲,3560,3581,7141
202107,분당선,수원,4167,3367,7534
202107,분당선,수서,6093,5163,11256
202107,분당선,대모산입구,1049,984,2033
202107,분당선,개포동,1186,1223,2409
202107,분당선,구룡,441,479,920
202107,분당선,도곡,1895,1804,3699
202107,분당선,한티,6792,6555,13347
202107,분당선,선릉,2036,3009,5045
202107,분당선,선릉,3716,5425,9141
202107,분당선,한티,10020,9468,19488
202107,분당선,도곡,3124,2885,6009
202107,분당선,구룡,956,856,1812
202107,분당선,개포동,2051,1945,3996
202107,분당선,대모산입구,1808,1662,3470
202107,분당선,수서,6566,7269,13835
202107,분당선,복정,1,0,1
202107,분당선,수원,5460,4575,10035
202107,분당선,서울숲,4555,4507,9062
202107,분당선,압구정로데오,12244,13475,25719
202107,분당선,강남구청,3694,4188,7882
202107,분당선,선정릉,2475,2493,4968
202107,분당선,가천대,3282,3844,7126
202107,분당선,태평,8710,8077,16787
202107,분당선,모란,14529,14734,29263
202107,분당선,야탑,12409,13299,25708
202107,분당선,서현,14147,14388,28535
202107,분당선,수내,6986,6643,13629
202107,분당선,정자,8195,8353,16548
202107,분당선,미금,8684,8862,17546
202107,분당선,오리,5864,4883,10747
202107,분당선,이매,3144,3018,6162
202107,분당선,보정,1159,1011,2170
202107,분당선,죽전,7451,8502,15953
202107,분당선,구성,2285,2477,4762
202107,분당선,신갈,1994,2086,4080
202107,분당선,기흥,5245,5039,10284
202107,분당선,상갈,2934,2989,5923
202107,분당선,청명,1915,1899,3814
202107,분당선,영통,4933,4728,9661
202107,분당선,망포,6622,6162,12784
202107,분당선,매탄권선,2552,2394,4946
202107,분당선,수원시청,7362,7804,15166
202107,분당선,매교,1474,1497,2971
202107,분당선,선릉,1888,2899,4787
202107,분당선,한티,7053,6622,13675
202107,분당선,도곡,1593,1655,3248
202107,분당선,구룡,476,482,958
202107,분당선,개포동,1166,1187,2353
202107,분당선,대모산입구,1207,1074,2281
202107,분당선,수서,6135,5260,11395
202107,분당선,수원,4329,3439,7768
202107,분당선,서울숲,3232,3273,6505
202107,분당선,압구정로데오,7036,7581,14617
202107,분당선,강남구청,2198,2599,4797
202107,분당선,선정릉,1398,1534,2932
202107,분당선,가천대,2369,2998,5367
202107,분당선,태평,6111,5590,11701
202107,분당선,모란,7915,8171,16086
202107,분당선,야탑,8937,9203,18140
202107,분당선,서현,9999,9975,19974
202107,분당선,수내,4596,4494,9090
202107,분당선,정자,5320,5563,10883
202107,분당선,미금,4872,5320,10192
202107,분당선,오리,3902,3485,7387
202107,분당선,이매,2226,2236,4462
202107,분당선,보정,732,669,1401
202107,분당선,죽전,5143,6146,11289
202107,분당선,구성,1553,1751,3304
202107,분당선,신갈,1271,1346,2617
202107,분당선,기흥,3566,3504,7070
202107,분당선,상갈,1949,2035,3984
202107,분당선,청명,1501,1428,2929
202107,분당선,영통,3218,3219,6437
202107,분당선,망포,4154,4626,8780
202107,분당선,매탄권선,1710,1721,3431
202107,분당선,수원시청,5075,5119,10194
202107,분당선,매교,941,990,1931
202107,분당선,매교,1423,1471,2894
202107,분당선,수원시청,7118,7614,14732
202107,분당선,매탄권선,2425,2306,4731
202107,분당선,망포,6486,6017,12503
202107,분당선,영통,4778,4697,9475
202107,분당선,청명,1876,1790,3666
202107,분당선,상갈,2839,2736,5575
202107,분당선,기흥,5082,4887,9969
202107,분당선,신갈,1996,1979,3975
202107,분당선,구성,2190,2455,4645
202107,분당선,죽전,7246,8264,15510
202107,분당선,보정,1181,1063,2244
202107,분당선,이매,3005,2941,5946
202107,분당선,오리,5504,4663,10167
202107,분당선,미금,8180,8422,16602
202107,분당선,정자,7983,8104,16087
202107,분당선,수내,6538,6259,12797
202107,분당선,서현,13348,13427,26775
202107,분당선,야탑,12197,12850,25047
202107,분당선,모란,12133,11990,24123
202107,분당선,태평,8406,7873,16279
202107,분당선,가천대,3221,3598,6819
202107,분당선,선정릉,2501,2464,4965
202107,분당선,강남구청,3681,4311,7992
202107,분당선,압구정로데오,12411,13628,26039
202107,분당선,서울숲,4701,4653,9354
202107,분당선,수원,5431,4755,10186
202107,분당선,복정,2,0,2
202107,분당선,수서,6540,7593,14133
202107,분당선,대모산입구,1650,1501,3151
202107,분당선,개포동,1941,1908,3849
202107,분당선,구룡,916,799,1715
202107,분당선,도곡,3108,2841,5949
202107,분당선,한티,9475,9070,18545
202107,분당선,선릉,3718,5308,9026
202108,분당선,매교,922,912,1834
202108,분당선,수원시청,4703,4867,9570
202108,분당선,매탄권선,1607,1627,3234
202108,분당선,망포,4234,4557,8791
202108,분당선,영통,3344,3394,6738
202108,분당선,청명,1277,1298,2575
202108,분당선,상갈,1990,2146,4136
202108,분당선,기흥,3566,3332,6898
202108,분당선,신갈,1312,1389,2701
202108,분당선,구성,1570,1654,3224
202108,분당선,죽전,5558,6289,11847
202108,분당선,보정,770,722,1492
202108,분당선,이매,2153,2293,4446
202108,분당선,오리,3981,3493,7474
202108,분당선,미금,4997,5313,10310
202108,분당선,정자,5283,5331,10614
202108,분당선,수내,4392,4397,8789
202108,분당선,서현,9796,9923,19719
202108,분당선,야탑,8957,9222,18179
202108,분당선,모란,7998,8299,16297
202108,분당선,태평,6036,5647,11683
202108,분당선,가천대,2324,2894,5218
202108,분당선,선정릉,1399,1490,2889
202108,분당선,강남구청,2219,2733,4952
202108,분당선,압구정로데오,7159,7584,14743
202108,분당선,서울숲,3064,3163,6227
202108,분당선,수원,4204,3386,7590
202108,분당선,수서,6028,5284,11312
202108,분당선,대모산입구,1097,1039,2136
202108,분당선,개포동,1080,1141,2221
202108,분당선,구룡,453,473,926
202108,분당선,도곡,1831,1886,3717
202108,분당선,한티,6773,6391,13164
202108,분당선,선릉,1929,2710,4639
202108,분당선,선릉,3883,5502,9385
202108,분당선,한티,10248,9742,19990
202108,분당선,도곡,3244,2954,6198
202108,분당선,구룡,1125,1021,2146
202108,분당선,개포동,2026,2002,4028
202108,분당선,대모산입구,2058,1881,3939
202108,분당선,수서,7318,7988,15306
202108,분당선,수원,5578,4639,10217
202108,분당선,서울숲,5462,5348,10810
202108,분당선,압구정로데오,13534,14948,28482
202108,분당선,강남구청,3782,4499,8281
202108,분당선,선정릉,2530,2535,5065
202108,분당선,가천대,3445,3809,7254
202108,분당선,태평,8787,8189,16976
202108,분당선,모란,12940,13175,26115
202108,분당선,야탑,12688,13427,26115
202108,분당선,서현,14479,14830,29309
202108,분당선,수내,6937,6634,13571
202108,분당선,정자,8496,8569,17065
202108,분당선,미금,8868,9051,17919
202108,분당선,오리,6127,5081,11208
202108,분당선,이매,3029,2973,6002
202108,분당선,보정,1244,1132,2376
202108,분당선,죽전,7851,8827,16678
202108,분당선,구성,2351,2492,4843
202108,분당선,신갈,2106,2123,4229
202108,분당선,기흥,5302,5339,10641
202108,분당선,상갈,3032,3004,6036
202108,분당선,청명,2059,1930,3989
202108,분당선,영통,5037,4880,9917
202108,분당선,망포,6666,6145,12811
202108,분당선,매탄권선,2479,2421,4900
202108,분당선,수원시청,7633,8222,15855
202108,분당선,매교,1423,1501,2924
202108,분당선,정자,5488,5766,11254
202108,분당선,수내,4624,4534,9158
202108,분당선,서현,10446,10657,21103
202108,분당선,야탑,9117,9420,18537
202108,분당선,모란,8441,8698,17139
202108,분당선,태평,6248,5785,12033
202108,분당선,가천대,2447,3079,5526
202108,분당선,선정릉,1452,1532,2984
202108,분당선,강남구청,2340,2784,5124
202108,분당선,압구정로데오,7964,8621,16585
202108,분당선,서울숲,3640,3642,7282
202108,분당선,수원,4254,3432,7686
202108,분당선,수서,6266,5587,11853
202108,분당선,죽전,5438,6375,11813
202108,분당선,보정,789,730,1519
202108,분당선,이매,2164,2158,4322
202108,분당선,오리,4057,3517,7574
202108,분당선,미금,5243,5493,10736
202108,분당선,대모산입구,1372,1298,2670
202108,분당선,개포동,1261,1257,2518
202108,분당선,구룡,802,838,1640
202108,분당선,도곡,1850,1782,3632
202108,분당선,한티,7079,6692,13771
202108,분당선,선릉,2026,2987,5013
202108,분당선,매교,963,1029,1992
202108,분당선,수원시청,4964,4902,9866
202108,분당선,매탄권선,1817,1696,3513
202108,분당선,망포,4453,4776,9229
202108,분당선,영통,3144,3208,6352
202108,분당선,청명,1359,1347,2706
202108,분당선,상갈,2139,2263,4402
202108,분당선,기흥,3803,3653,7456
202108,분당선,신갈,1374,1443,2817
202108,분당선,구성,1626,1824,3450
202108,분당선,매교,1655,1636,3291
202108,분당선,수원시청,7435,7860,15295
202108,분당선,매탄권선,2601,2491,5092
202108,분당선,망포,7105,6325,13430
202108,분당선,영통,4977,4916,9893
202108,분당선,청명,2052,1969,4021
202108,분당선,상갈,3091,3018,6109
202108,분당선,기흥,5346,5163,10509
202108,분당선,신갈,2164,2226,4390
202108,분당선,구성,2574,2685,5259
202108,분당선,죽전,7947,9043,16990
202108,분당선,보정,1259,1123,2382
202108,분당선,이매,3184,3132,6316
202108,분당선,오리,6245,5130,11375
202108,분당선,미금,8969,9277,18246
202108,분당선,정자,8438,8622,17060
202108,분당선,수내,7289,6731,14020
202108,분당선,서현,14846,14907,29753
202108,분당선,야탑,13418,14398,27816
202108,분당선,모란,15841,16187,32028
202108,분당선,태평,9146,8487,17633
202108,분당선,가천대,3773,4067,7840
202108,분당선,선정릉,2456,2469,4925
202108,분당선,강남구청,3839,4620,8459
202108,분당선,압구정로데오,13529,15178,28707
202108,분당선,서울숲,5900,5636,11536
202108,분당선,수원,5534,4712,10246
202108,분당선,수서,7432,8669,16101
202108,분당선,대모산입구,2475,2330,4805
202108,분당선,개포동,2166,2107,4273
202108,분당선,구룡,1359,1269,2628
202108,분당선,도곡,3465,2945,6410
202108,분당선,한티,10070,9684,19754
202108,분당선,선릉,3836,5638,9474
202108,분당선,매교,1087,1140,2227
202108,분당선,수원시청,5465,5700,11165
202108,분당선,매탄권선,1924,1865,3789
202108,분당선,망포,4808,4714,9522
202108,분당선,영통,3672,3746,7418
202108,분당선,청명,1456,1441,2897
202108,분당선,상갈,2308,2333,4641
202108,분당선,기흥,4208,3961,8169
202108,분당선,신갈,1563,1530,3093
202108,분당선,구성,1831,2016,3847
202108,분당선,죽전,6112,7069,13181
202108,분당선,보정,881,835,1716
202108,분당선,이매,2413,2426,4839
202108,분당선,오리,4247,3571,7818
202108,분당선,미금,5529,5730,11259
202108,분당선,정자,5771,6065,11836
202108,분당선,수내,4645,4578,9223
202108,분당선,서현,10600,10823,21423
202108,분당선,야탑,9529,9896,19425
202108,분당선,모란,8690,8837,17527
202108,분당선,태평,6514,6031,12545
202108,분당선,가천대,2537,3087,5624
202108,분당선,선정릉,1564,1634,3198
202108,분당선,강남구청,2366,2705,5071
202108,분당선,압구정로데오,8720,9722,18442
202108,분당선,서울숲,5040,4941,9981
202108,분당선,수원,4522,3763,8285
202108,분당선,복정,1,0,1
202108,분당선,수서,5793,5466,11259
202108,분당선,대모산입구,1398,1350,2748
202108,분당선,개포동,1250,1295,2545
202108,분당선,구룡,499,480,979
202108,분당선,도곡,2024,1963,3987
202108,분당선,한티,7193,6799,13992
202108,분당선,선릉,2070,3081,5151
202108,분당선,매교,1476,1442,2918
202108,분당선,수원시청,7239,7669,14908
202108,분당선,매탄권선,2539,2417,4956
202108,분당선,망포,6619,6138,12757
202108,분당선,영통,4637,4669,9306
202108,분당선,청명,1980,1806,3786
202108,분당선,상갈,2892,2819,5711
202108,분당선,기흥,4958,4800,9758
202108,분당선,신갈,1964,2057,4021
202108,분당선,구성,2323,2548,4871
202108,분당선,죽전,7370,8241,15611
202108,분당선,보정,1190,1050,2240
202108,분당선,이매,2990,2959,5949
202108,분당선,오리,5794,4852,10646
202108,분당선,미금,8175,8440,16615
202108,분당선,정자,8311,8290,16601
202108,분당선,수내,6816,6408,13224
202108,분당선,서현,13727,13802,27529
202108,분당선,야탑,12109,12906,25015
202108,분당선,모란,11821,11999,23820
202108,분당선,태평,8239,7731,15970
202108,분당선,가천대,3570,4050,7620
202108,분당선,선정릉,2445,2514,4959
202108,분당선,강남구청,4002,4677,8679
202108,분당선,압구정로데오,13426,14644,28070
202108,분당선,서울숲,4868,4792,9660
202108,분당선,수원,5121,4291,9412
202108,분당선,수서,6986,7569,14555
202108,분당선,대모산입구,1849,1728,3577
202108,분당선,개포동,1999,1936,3935
202108,분당선,구룡,945,899,1844
202108,분당선,도곡,3307,2996,6303
202108,분당선,한티,9865,9296,19161
202108,분당선,선릉,3897,5787,9684
202108,분당선,대모산입구,1694,1540,3234
202108,분당선,선릉,2322,3208,5530
202108,분당선,한티,7505,7076,14581
202108,분당선,도곡,2109,1888,3997
202108,분당선,구룡,605,639,1244
202108,분당선,개포동,1509,1563,3072
202108,분당선,수서,6654,6307,12961
202108,분당선,복정,1,0,1
202108,분당선,수원,4666,3662,8328
202108,분당선,서울숲,4928,4963,9891
202108,분당선,압구정로데오,8622,9411,18033
202108,분당선,강남구청,2618,3151,5769
202108,분당선,선정릉,1680,1680,3360
202108,분당선,가천대,2856,3353,6209
202108,분당선,태평,6692,6056,12748
202108,분당선,모란,9339,9417,18756
202108,분당선,야탑,9807,10288,20095
202108,분당선,서현,11062,11224,22286
202108,분당선,수내,4998,4823,9821
202108,분당선,정자,5967,6293,12260
202108,분당선,미금,5714,6023,11737
202108,분당선,오리,4547,3955,8502
202108,분당선,이매,2617,2554,5171
202108,분당선,보정,886,776,1662
202108,분당선,죽전,6004,7015,13019
202108,분당선,구성,1871,2064,3935
202108,분당선,신갈,1543,1632,3175
202108,분당선,기흥,3991,3788,7779
202108,분당선,상갈,2290,2440,4730
202108,분당선,청명,1488,1586,3074
202108,분당선,영통,3741,3703,7444
202108,분당선,망포,4969,5323,10292
202108,분당선,매탄권선,1992,1968,3960
202108,분당선,수원시청,5676,5600,11276
202108,분당선,매교,1089,1158,2247
202108,분당선,선릉,4470,6579,11049
202108,분당선,한티,10793,10517,21310
202108,분당선,도곡,3702,3366,7068
202108,분당선,구룡,1325,1217,2542
202108,분당선,개포동,2409,2286,4695
202108,분당선,대모산입구,2568,2405,4973
202108,분당선,수서,7919,8569,16488
202108,분당선,수원,6071,5492,11563
202108,분당선,서울숲,7265,7281,14546
202108,분당선,압구정로데오,15435,16994,32429
202108,분당선,강남구청,4623,5395,10018
202108,분당선,선정릉,2776,2783,5559
202108,분당선,가천대,4120,4594,8714
202108,분당선,태평,9366,8817,18183
202108,분당선,모란,14078,14205,28283
202108,분당선,야탑,14525,15403,29928
202108,분당선,서현,15756,15829,31585
202108,분당선,수내,7660,7273,14933
202108,분당선,정자,9021,9313,18334
202108,분당선,미금,9422,9684,19106
202108,분당선,오리,6587,5427,12014
202108,분당선,이매,3539,3336,6875
202108,분당선,보정,1390,1243,2633
202108,분당선,죽전,8643,9840,18483
202108,분당선,구성,2686,2870,5556
202108,분당선,신갈,2376,2417,4793
202108,분당선,기흥,5729,5626,11355
202108,분당선,상갈,3207,3257,6464
202108,분당선,청명,2186,2091,4277
202108,분당선,영통,5461,5415,10876
202108,분당선,망포,7519,7084,14603
202108,분당선,매탄권선,2879,2669,5548
202108,분당선,수원시청,8505,8994,17499
202108,분당선,매교,1741,1780,3521
202108,분당선,망포,5151,5399,10550
202108,분당선,매탄권선,2001,1967,3968
202108,분당선,수원시청,5970,6024,11994
202108,분당선,매교,1188,1257,2445
202108,분당선,상갈,2363,2489,4852
202108,분당선,선릉,2374,3489,5863
202108,분당선,한티,7666,7422,15088
202108,분당선,도곡,2124,2015,4139
202108,분당선,구룡,682,710,1392
202108,분당선,개포동,1418,1424,2842
202108,분당선,대모산입구,1833,1724,3557
202108,분당선,수서,7254,6637,13891
202108,분당선,수원,4819,4042,8861
202108,분당선,서울숲,5470,5512,10982
202108,분당선,압구정로데오,8642,9660,18302
202108,분당선,강남구청,2852,3345,6197
202108,분당선,선정릉,1769,1846,3615
202108,분당선,가천대,3257,3881,7138
202108,분당선,태평,7217,6727,13944
202108,분당선,모란,13634,14198,27832
202108,분당선,야탑,10490,10804,21294
202108,분당선,서현,11213,11378,22591
202108,분당선,수내,5149,4910,10059
202108,분당선,정자,6197,6377,12574
202108,분당선,미금,6012,6332,12344
202108,분당선,오리,4566,3989,8555
202108,분당선,이매,2622,2623,5245
202108,분당선,보정,927,818,1745
202108,분당선,죽전,6687,7606,14293
202108,분당선,구성,2008,2213,4221
202108,분당선,신갈,1650,1759,3409
202108,분당선,기흥,4251,4056,8307
202108,분당선,청명,1634,1653,3287
202108,분당선,영통,3845,3945,7790
202109,분당선,선릉,4630,6853,11483
202109,분당선,한티,11575,11254,22829
202109,분당선,도곡,3931,3539,7470
202109,분당선,구룡,1208,1038,2246
202109,분당선,개포동,2415,2369,4784
202109,분당선,대모산입구,2560,2360,4920
202109,분당선,수서,8780,9379,18159
202109,분당선,수원,6241,5384,11625
202109,분당선,서울숲,8889,8866,17755
202109,분당선,압구정로데오,16156,17961,34117
202109,분당선,강남구청,4503,5501,10004
202109,분당선,선정릉,2969,3057,6026
202109,분당선,가천대,4709,5203,9912
202109,분당선,태평,10212,9521,19733
202109,분당선,모란,20659,21285,41944
202109,분당선,야탑,15376,16226,31602
202109,분당선,서현,16683,16924,33607
202109,분당선,수내,8084,7580,15664
202109,분당선,정자,9671,10013,19684
202109,분당선,미금,10117,10422,20539
202109,분당선,오리,7261,6104,13365
202109,분당선,이매,3862,3702,7564
202109,분당선,보정,1506,1323,2829
202109,분당선,죽전,9477,10380,19857
202109,분당선,구성,2949,3130,6079
202109,분당선,신갈,2527,2562,5089
202109,분당선,기흥,6141,5892,12033
202109,분당선,상갈,3658,3587,7245
202109,분당선,청명,2326,2274,4600
202109,분당선,영통,5828,5797,11625
202109,분당선,망포,8052,7587,15639
202109,분당선,매탄권선,3090,2945,6035
202109,분당선,수원시청,8739,9240,17979
202109,분당선,매교,1869,1933,3802
202109,분당선,매교,1186,1232,2418
202109,분당선,수원시청,6166,6127,12293
202109,분당선,매탄권선,2193,2137,4330
202109,분당선,망포,5504,5691,11195
202109,분당선,영통,4096,4204,8300
202109,분당선,청명,1740,1708,3448
202109,분당선,상갈,2574,2671,5245
202109,분당선,기흥,4426,4221,8647
202109,분당선,신갈,1718,1867,3585
202109,분당선,구성,2123,2262,4385
202109,분당선,죽전,6987,7755,14742
202109,분당선,보정,952,900,1852
202109,분당선,이매,2730,2791,5521
202109,분당선,오리,4786,4248,9034
202109,분당선,미금,6255,6561,12816
202109,분당선,정자,6541,6653,13194
202109,분당선,수내,5070,5043,10113
202109,분당선,서현,11591,11844,23435
202109,분당선,야탑,11017,11403,22420
202109,분당선,모란,9796,10038,19834
202109,분당선,태평,7252,6693,13945
202109,분당선,가천대,3475,4069,7544
202109,분당선,선정릉,1734,1904,3638
202109,분당선,강남구청,2800,3446,6246
202109,분당선,압구정로데오,9233,10379,19612
202109,분당선,서울숲,6318,6418,12736
202109,분당선,수원,4961,4215,9176
202109,분당선,복정,1,0,1
202109,분당선,수서,7304,6782,14086
202109,분당선,대모산입구,1692,1585,3277
202109,분당선,개포동,1654,1675,3329
202109,분당선,구룡,626,711,1337
202109,분당선,도곡,2325,2119,4444
202109,분당선,한티,7893,7636,15529
202109,분당선,선릉,2547,3707,6254
202109,분당선,선릉,4712,7039,11751
202109,분당선,한티,12030,11606,23636
202109,분당선,도곡,4399,3788,8187
202109,분당선,구룡,1384,1267,2651
202109,분당선,개포동,2529,2468,4997
202109,분당선,대모산입구,2769,2499,5268
202109,분당선,수서,9126,9444,18570
202109,분당선,수원,6604,5057,11661
202109,분당선,서울숲,8658,8888,17546
202109,분당선,압구정로데오,16825,19026,35851
202109,분당선,강남구청,4796,5866,10662
202109,분당선,선정릉,3053,3384,6437
202109,분당선,가천대,4718,5075,9793
202109,분당선,태평,9982,9413,19395
202109,분당선,모란,14877,15123,30000
202109,분당선,야탑,15671,16629,32300
202109,분당선,서현,16822,16824,33646
202109,분당선,수내,8197,7732,15929
202109,분당선,정자,9998,10215,20213
202109,분당선,미금,10262,10665,20927
202109,분당선,오리,7103,5899,13002
202109,분당선,이매,3770,3680,7450
202109,분당선,보정,1499,1366,2865
202109,분당선,죽전,9408,10334,19742
202109,분당선,구성,2910,3061,5971
202109,분당선,신갈,2616,2604,5220
202109,분당선,기흥,6230,5944,12174
202109,분당선,상갈,3652,3589,7241
202109,분당선,청명,2443,2414,4857
202109,분당선,영통,6315,6156,12471
202109,분당선,망포,8110,7570,15680
202109,분당선,매탄권선,3231,3115,6346
202109,분당선,수원시청,9238,9844,19082
202109,분당선,매교,1899,1950,3849
202109,분당선,매교,1230,1280,2510
202109,분당선,수원시청,6564,6599,13163
202109,분당선,매탄권선,2254,2147,4401
202109,분당선,망포,5458,5695,11153
202109,분당선,영통,4339,4351,8690
202109,분당선,청명,1764,1688,3452
202109,분당선,상갈,2681,2797,5478
202109,분당선,기흥,4510,4333,8843
202109,분당선,신갈,1792,1822,3614
202109,분당선,구성,2155,2285,4440
202109,분당선,죽전,6974,7849,14823
202109,분당선,보정,955,893,1848
202109,분당선,이매,2708,2830,5538
202109,분당선,오리,4886,4390,9276
202109,분당선,미금,6403,6835,13238
202109,분당선,정자,6648,6905,13553
202109,분당선,수내,5695,5583,11278
202109,분당선,서현,12163,12243,24406
202109,분당선,야탑,11274,11666,22940
202109,분당선,모란,10051,10611,20662
202109,분당선,태평,7441,6973,14414
202109,분당선,가천대,3333,3961,7294
202109,분당선,선정릉,1951,2055,4006
202109,분당선,강남구청,2873,3476,6349
202109,분당선,압구정로데오,10165,11428,21593
202109,분당선,서울숲,6820,6735,13555
202109,분당선,수원,5152,3678,8830
202109,분당선,수서,7522,7029,14551
202109,분당선,대모산입구,1919,1876,3795
202109,분당선,개포동,1776,1828,3604
202109,분당선,구룡,693,725,1418
202109,분당선,도곡,2308,2217,4525
202109,분당선,한티,8217,7955,16172
202109,분당선,선릉,2525,3685,6210
202109,분당선,선릉,3914,5558,9472
202109,분당선,한티,11260,10602,21862
202109,분당선,도곡,3601,3236,6837
202109,분당선,구룡,1042,914,1956
202109,분당선,개포동,2285,2247,4532
202109,분당선,대모산입구,2452,2253,4705
202109,분당선,수서,6633,7749,14382
202109,분당선,복정,1,0,1
202109,분당선,수원,6212,5543,11755
202109,분당선,서울숲,7382,7458,14840
202109,분당선,압구정로데오,13886,15939,29825
202109,분당선,강남구청,3829,4570,8399
202109,분당선,선정릉,2512,2538,5050
202109,분당선,가천대,3955,3979,7934
202109,분당선,태평,9957,9103,19060
202109,분당선,모란,14326,14441,28767
202109,분당선,야탑,14374,16210,30584
202109,분당선,서현,15824,16036,31860
202109,분당선,수내,7986,7426,15412
202109,분당선,정자,9413,9396,18809
202109,분당선,미금,9665,9791,19456
202109,분당선,오리,6785,5566,12351
202109,분당선,이매,3650,3464,7114
202109,분당선,보정,1391,1289,2680
202109,분당선,죽전,8926,9801,18727
202109,분당선,구성,2744,2939,5683
202109,분당선,신갈,2271,2375,4646
202109,분당선,기흥,5634,5410,11044
202109,분당선,상갈,3462,3441,6903
202109,분당선,청명,2252,2142,4394
202109,분당선,영통,5455,5151,10606
202109,분당선,망포,7608,6717,14325
202109,분당선,매탄권선,2865,2685,5550
202109,분당선,수원시청,7840,8170,16010
202109,분당선,매교,1571,1637,3208
202109,분당선,매교,1203,1269,2472
202109,분당선,수원시청,5345,5480,10825
202109,분당선,매탄권선,2061,2000,4061
202109,분당선,망포,5136,4568,9704
202109,분당선,영통,4008,3725,7733
202109,분당선,청명,1644,1558,3202
202109,분당선,상갈,2623,2675,5298
202109,분당선,기흥,4208,4072,8280
202109,분당선,신갈,1685,1763,3448
202109,분당선,구성,2085,2255,4340
202109,분당선,죽전,7031,7846,14877
202109,분당선,보정,973,886,1859
202109,분당선,이매,2699,2696,5395
202109,분당선,오리,5147,4256,9403
202109,분당선,미금,6340,6412,12752
202109,분당선,정자,6192,6006,12198
202109,분당선,수내,5220,4891,10111
202109,분당선,서현,11425,11535,22960
202109,분당선,야탑,10564,11959,22523
202109,분당선,모란,15322,15717,31039
202109,분당선,태평,7640,7166,14806
202109,분당선,가천대,2956,3011,5967
202109,분당선,선정릉,1569,1484,3053
202109,분당선,강남구청,2136,2465,4601
202109,분당선,압구정로데오,7728,8850,16578
202109,분당선,서울숲,5376,5421,10797
202109,분당선,수원,5143,4515,9658
202109,분당선,수서,5027,6262,11289
202109,분당선,대모산입구,1714,1641,3355
202109,분당선,개포동,1521,1471,2992
202109,분당선,구룡,565,524,1089
202109,분당선,도곡,2049,1886,3935
202109,분당선,한티,7638,7049,14687
202109,분당선,선릉,1973,2729,4702
202109,분당선,매교,1883,1937,3820
202109,분당선,수원시청,9020,9717,18737
202109,분당선,매탄권선,3094,2927,6021
202109,분당선,망포,7902,7340,15242
202109,분당선,영통,5696,5500,11196
202109,분당선,청명,2361,2313,4674
202109,분당선,상갈,3558,3522,7080
202109,분당선,기흥,5983,5666,11649
202109,분당선,신갈,2487,2494,4981
202109,분당선,구성,2903,3117,6020
202109,분당선,죽전,9023,10244,19267
202109,분당선,보정,1401,1293,2694
202109,분당선,이매,3637,3574,7211
202109,분당선,오리,6730,5565,12295
202109,분당선,미금,9528,10081,19609
202109,분당선,정자,9178,9602,18780
202109,분당선,수내,7811,7413,15224
202109,분당선,서현,16157,16260,32417
202109,분당선,야탑,14995,15497,30492
202109,분당선,모란,14084,13961,28045
202109,분당선,태평,9467,9113,18580
202109,분당선,가천대,4503,4960,9463
202109,분당선,선정릉,3145,3190,6335
202109,분당선,강남구청,4837,5663,10500
202109,분당선,압구정로데오,16062,18152,34214
202109,분당선,서울숲,7840,8249,16089
202109,분당선,수원,6200,5442,11642
202109,분당선,수서,8982,8788,17770
202109,분당선,대모산입구,2526,2263,4789
202109,분당선,개포동,2430,2434,4864
202109,분당선,구룡,1137,1066,2203
202109,분당선,도곡,3895,3452,7347
202109,분당선,한티,11468,10941,22409
202109,분당선,선릉,4518,6852,11370
202109,분당선,청명,1739,1737,3476
202109,분당선,상갈,2561,2719,5280
202109,분당선,기흥,4295,4126,8421
202109,분당선,신갈,1715,1756,3471
202109,분당선,구성,2113,2270,4383
202109,분당선,죽전,6682,7362,14044
202109,분당선,보정,924,891,1815
202109,분당선,이매,2717,2777,5494
202109,분당선,오리,4613,4055,8668
202109,분당선,미금,6121,6457,12578
202109,분당선,정자,6323,6571,12894
202109,분당선,수내,5603,5503,11106
202109,분당선,서현,11336,11578,22914
202109,분당선,야탑,10737,11182,21919
202109,분당선,모란,9576,9783,19359
202109,분당선,태평,7020,6550,13570
202109,분당선,가천대,3387,3954,7341
202109,분당선,선정릉,1794,1957,3751
202109,분당선,강남구청,2881,3434,6315
202109,분당선,압구정로데오,8784,9935,18719
202109,분당선,서울숲,6562,6613,13175
202109,분당선,수원,4681,4147,8828
202109,분당선,복정,1,0,1
202109,분당선,수서,7498,6742,14240
202109,분당선,대모산입구,1905,1793,3698
202109,분당선,개포동,1703,1728,3431
202109,분당선,구룡,654,746,1400
202109,분당선,도곡,2170,2003,4173
202109,분당선,한티,7660,7447,15107
202109,분당선,선릉,2463,3600,6063
202109,분당선,매교,1292,1348,2640
202109,분당선,수원시청,6272,6175,12447
202109,분당선,매탄권선,2206,2127,4333
202109,분당선,망포,5224,5541,10765
202109,분당선,영통,3942,4134,8076
202110,분당선,선릉,4658,7110,11768
202110,분당선,한티,11396,11357,22753
202110,분당선,도곡,4596,4042,8638
202110,분당선,구룡,1250,1072,2322
202110,분당선,개포동,2566,2500,5066
202110,분당선,대모산입구,3010,2714,5724
202110,분당선,수서,9382,9979,19361
202110,분당선,복정,2,0,2
202110,분당선,수원,6551,5743,12294
202110,분당선,서울숲,8950,9156,18106
202110,분당선,압구정로데오,16508,18763,35271
202110,분당선,강남구청,4811,6094,10905
202110,분당선,선정릉,3203,3320,6523
202110,분당선,가천대,4851,5215,10066
202110,분당선,태평,10145,9367,19512
202110,분당선,모란,14693,14772,29465
202110,분당선,야탑,15827,16687,32514
202110,분당선,서현,16267,16236,32503
202110,분당선,수내,8077,7647,15724
202110,분당선,정자,9771,10004,19775
202110,분당선,미금,9991,10526,20517
202110,분당선,오리,7207,6035,13242
202110,분당선,이매,4009,3908,7917
202110,분당선,보정,1431,1333,2764
202110,분당선,죽전,9783,10715,20498
202110,분당선,구성,3059,3142,6201
202110,분당선,신갈,2701,2670,5371
202110,분당선,기흥,6216,5922,12138
202110,분당선,상갈,3726,3674,7400
202110,분당선,청명,2526,2460,4986
202110,분당선,영통,6123,5995,12118
202110,분당선,망포,8445,7635,16080
202110,분당선,매탄권선,3149,2928,6077
202110,분당선,수원시청,9461,10270,19731
202110,분당선,매교,2005,2028,4033
202110,분당선,매교,1299,1375,2674
202110,분당선,수원시청,6760,7020,13780
202110,분당선,매탄권선,2385,2373,4758
202110,분당선,망포,5959,5684,11643
202110,분당선,영통,4433,4401,8834
202110,분당선,청명,1899,1837,3736
202110,분당선,상갈,2836,2854,5690
202110,분당선,기흥,4685,4580,9265
202110,분당선,신갈,1811,1884,3695
202110,분당선,구성,2266,2446,4712
202110,분당선,죽전,7666,8420,16086
202110,분당선,보정,1001,956,1957
202110,분당선,이매,2893,2921,5814
202110,분당선,오리,4941,4241,9182
202110,분당선,미금,6467,6830,13297
202110,분당선,정자,6987,7202,14189
202110,분당선,수내,5334,5174,10508
202110,분당선,서현,11765,11958,23723
202110,분당선,야탑,11458,11832,23290
202110,분당선,모란,10310,10506,20816
202110,분당선,태평,7586,6774,14360
202110,분당선,가천대,3575,4104,7679
202110,분당선,선정릉,2020,2082,4102
202110,분당선,강남구청,2936,3649,6585
202110,분당선,압구정로데오,10204,11678,21882
202110,분당선,서울숲,7649,8228,15877
202110,분당선,수원,5361,4637,9998
202110,분당선,수서,7085,6989,14074
202110,분당선,대모산입구,1875,1795,3670
202110,분당선,개포동,1562,1594,3156
202110,분당선,구룡,697,668,1365
202110,분당선,도곡,2364,2211,4575
202110,분당선,한티,7766,7374,15140
202110,분당선,선릉,2506,3755,6261
202110,분당선,선릉,4131,6362,10493
202110,분당선,한티,10076,9558,19634
202110,분당선,도곡,3639,3252,6891
202110,분당선,구룡,1241,1129,2370
202110,분당선,개포동,2427,2307,4734
202110,분당선,대모산입구,2881,2684,5565
202110,분당선,수서,9149,9683,18832
202110,분당선,수원,6714,5773,12487
202110,분당선,서울숲,8290,8397,16687
202110,분당선,압구정로데오,15223,17554,32777
202110,분당선,강남구청,4413,5363,9776
202110,분당선,선정릉,2868,2971,5839
202110,분당선,가천대,5121,5365,10486
202110,분당선,태평,9621,8892,18513
202110,분당선,모란,19583,19917,39500
202110,분당선,야탑,15155,16113,31268
202110,분당선,서현,15393,14848,30241
202110,분당선,수내,7473,7006,14479
202110,분당선,정자,9128,9329,18457
202110,분당선,미금,9246,9461,18707
202110,분당선,오리,7119,5843,12962
202110,분당선,이매,3750,3648,7398
202110,분당선,보정,1471,1276,2747
202110,분당선,죽전,9586,10374,19960
202110,분당선,구성,3009,3192,6201
202110,분당선,신갈,2495,2539,5034
202110,분당선,기흥,6044,5735,11779
202110,분당선,상갈,3641,3678,7319
202110,분당선,청명,2506,2395,4901
202110,분당선,영통,5490,5392,10882
202110,분당선,망포,8251,7392,15643
202110,분당선,매탄권선,3091,2904,5995
202110,분당선,수원시청,8795,9709,18504
202110,분당선,매교,1788,1868,3656
202110,분당선,매교,1200,1266,2466
202110,분당선,수원시청,6476,6824,13300
202110,분당선,매탄권선,2324,2213,4537
202110,분당선,망포,5549,5558,11107
202110,분당선,영통,4045,4046,8091
202110,분당선,청명,1689,1640,3329
202110,분당선,상갈,2616,2702,5318
202110,분당선,기흥,4531,4164,8695
202110,분당선,신갈,1714,1790,3504
202110,분당선,구성,2176,2294,4470
202110,분당선,죽전,7135,7873,15008
202110,분당선,보정,1013,944,1957
202110,분당선,이매,2747,2825,5572
202110,분당선,오리,4755,4044,8799
202110,분당선,미금,6319,6540,12859
202110,분당선,정자,6622,6771,13393
202110,분당선,수내,5376,5234,10610
202110,분당선,서현,11735,10528,22263
202110,분당선,야탑,11251,11611,22862
202110,분당선,모란,9647,9975,19622
202110,분당선,태평,7171,6581,13752
202110,분당선,가천대,3527,4023,7550
202110,분당선,선정릉,1952,2048,4000
202110,분당선,강남구청,2880,3514,6394
202110,분당선,압구정로데오,9804,10816,20620
202110,분당선,서울숲,4963,5131,10094
202110,분당선,수원,4959,4262,9221
202110,분당선,수서,7271,7047,14318
202110,분당선,대모산입구,1849,1761,3610
202110,분당선,개포동,1753,1789,3542
202110,분당선,구룡,652,595,1247
202110,분당선,도곡,2112,2012,4124
202110,분당선,한티,7666,7373,15039
202110,분당선,선릉,2568,3765,6333
202110,분당선,선릉,4821,7569,12390
202110,분당선,한티,12013,11478,23491
202110,분당선,도곡,4184,3938,8122
202110,분당선,구룡,1263,1157,2420
202110,분당선,개포동,2754,2677,5431
202110,분당선,대모산입구,3121,2965,6086
202110,분당선,수서,9828,10167,19995
202110,분당선,수원,6868,5949,12817
202110,분당선,서울숲,7993,8693,16686
202110,분당선,압구정로데오,17442,19488,36930
202110,분당선,강남구청,5514,6626,12140
202110,분당선,선정릉,3501,3587,7088
202110,분당선,가천대,5134,5509,10643
202110,분당선,태평,10310,9739,20049
202110,분당선,모란,15378,15715,31093
202110,분당선,야탑,16761,17515,34276
202110,분당선,서현,17671,17518,35189
202110,분당선,수내,8603,8190,16793
202110,분당선,정자,10262,10724,20986
202110,분당선,미금,10404,10703,21107
202110,분당선,오리,7657,6410,14067
202110,분당선,이매,3896,3980,7876
202110,분당선,보정,1590,1420,3010
202110,분당선,죽전,9733,10869,20602
202110,분당선,구성,3227,3320,6547
202110,분당선,신갈,2675,2656,5331
202110,분당선,기흥,6497,6172,12669
202110,분당선,상갈,3785,3740,7525
202110,분당선,청명,2645,2592,5237
202110,분당선,영통,6181,6069,12250
202110,분당선,망포,8784,8089,16873
202110,분당선,매탄권선,3381,3306,6687
202110,분당선,수원시청,10108,10745,20853
202110,분당선,매교,1941,1965,3906
202110,분당선,선릉,2682,3833,6515
202110,분당선,한티,7970,7753,15723
202110,분당선,도곡,2306,2204,4510
202110,분당선,구룡,650,787,1437
202110,분당선,개포동,1681,1711,3392
202110,분당선,대모산입구,1987,1932,3919
202110,분당선,수서,7629,7322,14951
202110,분당선,수원,5249,4420,9669
202110,분당선,서울숲,5707,5969,11676
202110,분당선,압구정로데오,9964,10585,20549
202110,분당선,강남구청,3064,3770,6834
202110,분당선,선정릉,2080,2174,4254
202110,분당선,가천대,3574,4238,7812
202110,분당선,태평,7346,6926,14272
202110,분당선,모란,10202,10232,20434
202110,분당선,야탑,11636,11977,23613
202110,분당선,서현,11696,11779,23475
202110,분당선,수내,5202,5194,10396
202110,분당선,정자,6474,6872,13346
202110,분당선,미금,6240,6600,12840
202110,분당선,오리,4950,4269,9219
202110,분당선,이매,2803,2878,5681
202110,분당선,보정,1026,962,1988
202110,분당선,죽전,7388,8138,15526
202110,분당선,구성,2093,2341,4434
202110,분당선,신갈,1811,1897,3708
202110,분당선,기흥,4646,4385,9031
202110,분당선,상갈,2628,2804,5432
202110,분당선,청명,1798,1810,3608
202110,분당선,영통,4243,4272,8515
202110,분당선,망포,5662,6016,11678
202110,분당선,매탄권선,2188,2210,4398
202110,분당선,수원시청,6656,6588,13244
202110,분당선,매교,1355,1359,2714
202110,분당선,매교,2090,2070,4160
202110,분당선,수원시청,11199,11804,23003
202110,분당선,매탄권선,3524,3269,6793
202110,분당선,망포,9368,8585,17953
202110,분당선,영통,6656,6414,13070
202110,분당선,청명,2802,2751,5553
202110,분당선,상갈,4180,4198,8378
202110,분당선,기흥,6799,6353,13152
202110,분당선,신갈,2819,2878,5697
202110,분당선,구성,3340,3517,6857
202110,분당선,죽전,10601,11669,22270
202110,분당선,보정,1629,1475,3104
202110,분당선,이매,4481,4546,9027
202110,분당선,오리,8071,6567,14638
202110,분당선,미금,10899,11323,22222
202110,분당선,정자,10649,10831,21480
202110,분당선,수내,8417,8016,16433
202110,분당선,서현,18370,18275,36645
202110,분당선,야탑,17844,18566,36410
202110,분당선,모란,21411,20948,42359
202110,분당선,태평,10961,10130,21091
202110,분당선,가천대,6169,6506,12675
202110,분당선,선정릉,3606,3703,7309
202110,분당선,강남구청,5248,6581,11829
202110,분당선,압구정로데오,18271,20536,38807
202110,분당선,서울숲,9323,8289,17612
202110,분당선,수원,7518,6675,14193
202110,분당선,수서,10455,11011,21466
202110,분당선,대모산입구,3021,2856,5877
202110,분당선,개포동,2720,2688,5408
202110,분당선,구룡,1460,1392,2852
202110,분당선,도곡,4737,4065,8802
202110,분당선,한티,11964,11448,23412
202110,분당선,선릉,5058,7990,13048
202110,분당선,매교,1404,1459,2863
202110,분당선,수원시청,7297,7391,14688
202110,분당선,매탄권선,2573,2486,5059
202110,분당선,망포,6195,6624,12819
202110,분당선,영통,4434,4519,8953
202110,분당선,청명,1965,1915,3880
202110,분당선,상갈,2967,3062,6029
202110,분당선,기흥,5114,4884,9998
202110,분당선,신갈,1947,2017,3964
202110,분당선,구성,2488,2527,5015
202110,분당선,죽전,7948,8763,16711
202110,분당선,보정,1146,1039,2185
202110,분당선,이매,3332,3421,6753
202110,분당선,오리,5576,4797,10373
202110,분당선,미금,7013,7644,14657
202110,분당선,정자,7245,7499,14744
202110,분당선,수내,5983,5784,11767
202110,분당선,서현,13199,13150,26349
202110,분당선,야탑,13398,13458,26856
202110,분당선,모란,18458,19323,37781
202110,분당선,태평,8286,7821,16107
202110,분당선,가천대,3922,4652,8574
202110,분당선,선정릉,2098,2297,4395
202110,분당선,강남구청,3281,3860,7141
202110,분당선,압구정로데오,10411,11587,21998
202110,분당선,서울숲,7326,7651,14977
202110,분당선,수원,5750,4924,10674
202110,분당선,수서,8471,8267,16738
202110,분당선,대모산입구,2217,2148,4365
202110,분당선,개포동,2016,2037,4053
202110,분당선,구룡,742,830,1572
202110,분당선,도곡,2407,2342,4749
202110,분당선,한티,8237,7883,16120
202110,분당선,선릉,2836,4158,6994
202110,분당선,매교,2112,2092,4204
202110,분당선,수원시청,11431,12459,23890
202110,분당선,매탄권선,3587,3309,6896
202110,분당선,망포,9416,8548,17964
202110,분당선,영통,6518,6496,13014
202110,분당선,청명,2820,2573,5393
202110,분당선,상갈,4073,4116,8189
202110,분당선,기흥,6956,6714,13670
202110,분당선,신갈,2840,2777,5617
202110,분당선,구성,3465,3541,7006
202110,분당선,죽전,11057,12348,23405
202110,분당선,보정,1740,1602,3342
202110,분당선,이매,4136,4088,8224
202110,분당선,오리,7898,6559,14457
202110,분당선,미금,10917,11273,22190
202110,분당선,정자,10786,11172,21958
202110,분당선,수내,8744,8236,16980
202110,분당선,서현,18271,18350,36621
202110,분당선,야탑,17714,18540,36254
202110,분당선,모란,16039,16220,32259
202110,분당선,태평,10633,9961,20594
202110,분당선,가천대,6359,6642,13001
202110,분당선,선정릉,3651,3881,7532
202110,분당선,강남구청,5315,6699,12014
202110,분당선,압구정로데오,19042,21799,40841
202110,분당선,서울숲,10229,11127,21356
202110,분당선,수원,7562,5533,13095
202110,분당선,복정,2,0,2
202110,분당선,수서,10620,10747,21367
202110,분당선,대모산입구,3036,2874,5910
202110,분당선,개포동,2612,2601,5213
202110,분당선,구룡,1901,1714,3615
202110,분당선,도곡,4631,4062,8693
202110,분당선,한티,11983,11599,23582
202110,분당선,선릉,5113,8159,13272
202110,분당선,복정,1,0,1
202110,분당선,선릉,2837,4303,7140
202110,분당선,한티,8240,7975,16215
202110,분당선,도곡,2843,2579,5422
202110,분당선,구룡,720,811,1531
202110,분당선,개포동,1762,1866,3628
202110,분당선,대모산입구,1946,1930,3876
202110,분당선,수서,8388,7908,16296
202110,분당선,수원,5837,4403,10240
202110,분당선,서울숲,8394,8924,17318
202110,분당선,압구정로데오,10974,11980,22954
202110,분당선,강남구청,3232,3941,7173
202110,분당선,선정릉,2270,2352,4622
202110,분당선,가천대,3921,4642,8563
202110,분당선,태평,7964,7434,15398
202110,분당선,모란,10958,11107,22065
202110,분당선,야탑,12894,13280,26174
202110,분당선,서현,13489,13528,27017
202110,분당선,수내,5790,5661,11451
202110,분당선,정자,7351,7812,15163
202110,분당선,미금,7126,7460,14586
202110,분당선,오리,5123,4523,9646
202110,분당선,이매,2991,3194,6185
202110,분당선,보정,1238,1221,2459
202110,분당선,죽전,8746,9726,18472
202110,분당선,구성,2495,2573,5068
202110,분당선,신갈,1942,2062,4004
202110,분당선,기흥,5242,4811,10053
202110,분당선,상갈,3164,3137,6301
202110,분당선,청명,2002,2064,4066
202110,분당선,영통,4559,4573,9132
202110,분당선,망포,6491,6697,13188
202110,분당선,매탄권선,2535,2508,5043
202110,분당선,수원시청,7642,7614,15256
202110,분당선,매교,1416,1562,2978
202111,분당선,매교,2089,2129,4218
202111,분당선,수원시청,11580,13782,25362
202111,분당선,매탄권선,3848,3556,7404
202111,분당선,망포,9999,8818,18817
202111,분당선,영통,7056,7028,14084
202111,분당선,청명,2985,2792,5777
202111,분당선,상갈,4340,4155,8495
202111,분당선,기흥,7177,6650,13827
202111,분당선,신갈,2997,2946,5943
202111,분당선,구성,3655,3697,7352
202111,분당선,죽전,10797,12054,22851
202111,분당선,보정,1780,1597,3377
202111,분당선,이매,4397,4263,8660
202111,분당선,오리,8610,7123,15733
202111,분당선,미금,11039,11528,22567
202111,분당선,정자,11209,11517,22726
202111,분당선,수내,8982,8274,17256
202111,분당선,서현,19084,19368,38452
202111,분당선,야탑,18680,19683,38363
202111,분당선,모란,16715,16944,33659
202111,분당선,태평,10947,9963,20910
202111,분당선,가천대,5437,5822,11259
202111,분당선,선정릉,3562,3840,7402
202111,분당선,강남구청,5761,7118,12879
202111,분당선,압구정로데오,17627,21702,39329
202111,분당선,서울숲,12009,13323,25332
202111,분당선,수원,8049,6729,14778
202111,분당선,복정,3,0,3
202111,분당선,수서,10958,11127,22085
202111,분당선,대모산입구,3257,2879,6136
202111,분당선,개포동,2708,2630,5338
202111,분당선,구룡,1345,1231,2576
202111,분당선,도곡,5059,4434,9493
202111,분당선,한티,12217,11824,24041
202111,분당선,선릉,5037,8065,13102
202111,분당선,매교,1512,1576,3088
202111,분당선,수원시청,7915,7790,15705
202111,분당선,매탄권선,2624,2531,5155
202111,분당선,망포,6426,6708,13134
202111,분당선,영통,4846,4932,9778
202111,분당선,청명,2112,2118,4230
202111,분당선,상갈,3103,3196,6299
202111,분당선,기흥,5311,4964,10275
202111,분당선,신갈,2068,2052,4120
202111,분당선,구성,2544,2642,5186
202111,분당선,죽전,8413,9279,17692
202111,분당선,보정,1194,1071,2265
202111,분당선,이매,3517,3589,7106
202111,분당선,오리,5633,4952,10585
202111,분당선,미금,7192,7579,14771
202111,분당선,정자,7430,7878,15308
202111,분당선,수내,5838,5718,11556
202111,분당선,서현,13882,13898,27780
202111,분당선,야탑,13712,13811,27523
202111,분당선,모란,11420,11753,23173
202111,분당선,태평,8247,7862,16109
202111,분당선,가천대,3937,4735,8672
202111,분당선,선정릉,2161,2412,4573
202111,분당선,강남구청,3450,4119,7569
202111,분당선,압구정로데오,10266,11773,22039
202111,분당선,서울숲,9932,10756,20688
202111,분당선,수원,6120,5017,11137
202111,분당선,수서,8817,8361,17178
202111,분당선,대모산입구,2074,1978,4052
202111,분당선,개포동,2027,2002,4029
202111,분당선,구룡,806,878,1684
202111,분당선,도곡,2842,2630,5472
202111,분당선,한티,8097,7961,16058
202111,분당선,선릉,2860,4351,7211
202111,분당선,복정,1,0,1
202111,분당선,망포,9695,8474,18169
202111,분당선,매탄권선,3765,3267,7032
202111,분당선,수원시청,11096,13301,24397
202111,분당선,매교,2059,2065,4124
202111,분당선,영통,6852,6811,13663
202111,분당선,청명,2795,2738,5533
202111,분당선,상갈,3993,3850,7843
202111,분당선,기흥,6988,6480,13468
202111,분당선,신갈,2815,2682,5497
202111,분당선,구성,3391,3458,6849
202111,분당선,죽전,10406,11583,21989
202111,분당선,보정,1629,1479,3108
202111,분당선,이매,4299,4179,8478
202111,분당선,오리,8246,6852,15098
202111,분당선,미금,10817,11137,21954
202111,분당선,정자,10803,11002,21805
202111,분당선,수내,9212,8458,17670
202111,분당선,서현,18825,19015,37840
202111,분당선,야탑,18461,19225,37686
202111,분당선,모란,16519,16821,33340
202111,분당선,태평,11009,10119,21128
202111,분당선,가천대,5431,5881,11312
202111,분당선,선정릉,3504,3587,7091
202111,분당선,강남구청,5719,6837,12556
202111,분당선,압구정로데오,18382,22238,40620
202111,분당선,서울숲,9425,10142,19567
202111,분당선,수원,7835,6600,14435
202111,분당선,수서,10644,10802,21446
202111,분당선,대모산입구,2934,2635,5569
202111,분당선,개포동,2775,2706,5481
202111,분당선,구룡,1375,1261,2636
202111,분당선,도곡,5027,4052,9079
202111,분당선,한티,11184,10869,22053
202111,분당선,선릉,5052,8129,13181
202111,분당선,매교,1390,1509,2899
202111,분당선,수원시청,7997,7942,15939
202111,분당선,매탄권선,2499,2404,4903
202111,분당선,망포,6340,6655,12995
202111,분당선,영통,4746,4866,9612
202111,분당선,청명,2089,2110,4199
202111,분당선,상갈,3014,2988,6002
202111,분당선,기흥,5037,4800,9837
202111,분당선,신갈,1966,2081,4047
202111,분당선,구성,2574,2668,5242
202111,분당선,죽전,7987,8880,16867
202111,분당선,보정,1104,1087,2191
202111,분당선,이매,3282,3420,6702
202111,분당선,오리,5813,5078,10891
202111,분당선,미금,7280,7770,15050
202111,분당선,정자,7339,7533,14872
202111,분당선,수내,5844,5785,11629
202111,분당선,서현,14034,14039,28073
202111,분당선,야탑,14080,14172,28252
202111,분당선,모란,18222,19020,37242
202111,분당선,태평,8325,7887,16212
202111,분당선,가천대,4329,4996,9325
202111,분당선,선정릉,2119,2159,4278
202111,분당선,강남구청,3490,4155,7645
202111,분당선,압구정로데오,10521,11828,22349
202111,분당선,서울숲,7182,7506,14688
202111,분당선,수원,6121,5121,11242
202111,분당선,수서,8774,8556,17330
202111,분당선,대모산입구,2200,2103,4303
202111,분당선,개포동,1819,1806,3625
202111,분당선,구룡,787,869,1656
202111,분당선,도곡,2735,2452,5187
202111,분당선,한티,7315,7188,14503
202111,분당선,선릉,2705,4238,6943
202111,분당선,선릉,5361,8482,13843
202111,분당선,한티,11849,11837,23686
202111,분당선,도곡,5264,4178,9442
202111,분당선,구룡,1491,1399,2890
202111,분당선,개포동,2694,2620,5314
202111,분당선,대모산입구,3057,2764,5821
202111,분당선,수서,11108,11197,22305
202111,분당선,복정,1,0,1
202111,분당선,수원,7580,6301,13881
202111,분당선,서울숲,8957,9505,18462
202111,분당선,압구정로데오,18079,22035,40114
202111,분당선,강남구청,5767,7040,12807
202111,분당선,선정릉,3589,3666,7255
202111,분당선,가천대,6142,6466,12608
202111,분당선,태평,10657,9850,20507
202111,분당선,모란,16005,16313,32318
202111,분당선,야탑,18397,19318,37715
202111,분당선,서현,18797,19187,37984
202111,분당선,수내,8803,8158,16961
202111,분당선,정자,10579,10971,21550
202111,분당선,미금,11053,11190,22243
202111,분당선,오리,8238,6901,15139
202111,분당선,이매,4106,4097,8203
202111,분당선,보정,1712,1504,3216
202111,분당선,죽전,11187,12272,23459
202111,분당선,구성,3453,3563,7016
202111,분당선,신갈,2791,2703,5494
202111,분당선,기흥,6807,6433,13240
202111,분당선,상갈,4065,3934,7999
202111,분당선,청명,2803,2651,5454
202111,분당선,영통,7513,7216,14729
202111,분당선,망포,9629,8529,18158
202111,분당선,매탄권선,3576,3212,6788
202111,분당선,수원시청,11261,13619,24880
202111,분당선,매교,2069,1995,4064
202111,분당선,선릉,2937,4591,7528
202111,분당선,한티,7501,7699,15200
202111,분당선,도곡,2712,2448,5160
202111,분당선,구룡,736,856,1592
202111,분당선,개포동,1991,2085,4076
202111,분당선,대모산입구,2217,2115,4332
202111,분당선,수서,8577,8321,16898
202111,분당선,수원,5763,4950,10713
202111,분당선,서울숲,6119,6404,12523
202111,분당선,압구정로데오,10295,11379,21674
202111,분당선,강남구청,3481,4211,7692
202111,분당선,선정릉,2338,2332,4670
202111,분당선,가천대,4374,4984,9358
202111,분당선,태평,7938,7463,15401
202111,분당선,모란,11052,11329,22381
202111,분당선,야탑,13464,13718,27182
202111,분당선,서현,13730,13867,27597
202111,분당선,수내,5760,5660,11420
202111,분당선,정자,7241,7491,14732
202111,분당선,미금,7169,7664,14833
202111,분당선,오리,5346,4608,9954
202111,분당선,이매,3087,3222,6309
202111,분당선,보정,1096,1041,2137
202111,분당선,죽전,8158,8988,17146
202111,분당선,구성,2329,2565,4894
202111,분당선,신갈,1903,1979,3882
202111,분당선,기흥,4921,4661,9582
202111,분당선,상갈,2955,2928,5883
202111,분당선,청명,1962,1942,3904
202111,분당선,영통,5240,5187,10427
202111,분당선,망포,6210,6540,12750
202111,분당선,매탄권선,2497,2385,4882
202111,분당선,수원시청,7673,7764,15437
202111,분당선,매교,1325,1411,2736
202111,분당선,선릉,5526,8594,14120
202111,분당선,한티,11075,11096,22171
202111,분당선,도곡,4845,4392,9237
202111,분당선,구룡,1588,1448,3036
202111,분당선,개포동,2768,2702,5470
202111,분당선,대모산입구,3240,3001,6241
202111,분당선,수서,10663,10994,21657
202111,분당선,수원,7664,6357,14021
202111,분당선,서울숲,8149,8643,16792
202111,분당선,압구정로데오,17655,21353,39008
202111,분당선,강남구청,5747,6931,12678
202111,분당선,선정릉,3539,3669,7208
202111,분당선,가천대,5714,6090,11804
202111,분당선,태평,10586,9858,20444
202111,분당선,모란,16152,16439,32591
202111,분당선,야탑,18713,19463,38176
202111,분당선,서현,18861,19096,37957
202111,분당선,수내,8829,8267,17096
202111,분당선,정자,10832,11158,21990
202111,분당선,미금,10858,10914,21772
202111,분당선,오리,8357,6925,15282
202111,분당선,이매,4192,4161,8353
202111,분당선,보정,1605,1488,3093
202111,분당선,죽전,10320,11432,21752
202111,분당선,구성,3485,3520,7005
202111,분당선,신갈,3023,2945,5968
202111,분당선,기흥,6917,6397,13314
202111,분당선,상갈,3887,3852,7739
202111,분당선,청명,3063,2852,5915
202111,분당선,영통,6841,6868,13709
202111,분당선,망포,9707,8588,18295
202111,분당선,매탄권선,3722,3283,7005
202111,분당선,수원시청,11077,12949,24026
202111,분당선,매교,2185,2204,4389
202111,분당선,복정,1,0,1
202111,분당선,매교,1375,1398,2773
202111,분당선,수원시청,7709,7731,15440
202111,분당선,매탄권선,2452,2403,4855
202111,분당선,망포,6396,6595,12991
202111,분당선,영통,4657,4780,9437
202111,분당선,청명,1976,2089,4065
202111,분당선,상갈,2783,2821,5604
202111,분당선,기흥,5128,4768,9896
202111,분당선,신갈,1868,1961,3829
202111,분당선,구성,2372,2559,4931
202111,분당선,죽전,7501,8601,16102
202111,분당선,보정,1056,1132,2188
202111,분당선,이매,3265,3445,6710
202111,분당선,오리,5570,4826,10396
202111,분당선,미금,7415,7731,15146
202111,분당선,정자,7141,7597,14738
202111,분당선,수내,5837,5773,11610
202111,분당선,서현,14230,14416,28646
202111,분당선,야탑,13567,13806,27373
202111,분당선,모란,11055,11354,22409
202111,분당선,태평,7910,7474,15384
202111,분당선,가천대,3728,4362,8090
202111,분당선,선정릉,2127,2200,4327
202111,분당선,강남구청,3431,4183,7614
202111,분당선,압구정로데오,10328,11592,21920
202111,분당선,서울숲,6113,6250,12363
202111,분당선,수원,5744,4750,10494
202111,분당선,복정,1,0,1
202111,분당선,수서,8749,8504,17253
202111,분당선,대모산입구,2333,2160,4493
202111,분당선,개포동,2107,2062,4169
202111,분당선,구룡,740,840,1580
202111,분당선,도곡,2639,2614,5253
202111,분당선,한티,7170,7474,14644
202111,분당선,선릉,3127,4574,7701
202112,분당선,선릉,5251,8172,13423
202112,분당선,한티,10047,10048,20095
202112,분당선,도곡,4372,4084,8456
202112,분당선,구룡,1638,1545,3183
202112,분당선,개포동,2504,2515,5019
202112,분당선,대모산입구,2908,2595,5503
202112,분당선,수서,10270,10508,20778
202112,분당선,복정,1,0,1
202112,분당선,수원,7314,6087,13401
202112,분당선,서울숲,7865,8383,16248
202112,분당선,압구정로데오,16779,20670,37449
202112,분당선,강남구청,5667,6876,12543
202112,분당선,선정릉,3321,3444,6765
202112,분당선,가천대,5202,5664,10866
202112,분당선,태평,10564,9757,20321
202112,분당선,모란,20465,21192,41657
202112,분당선,야탑,17949,18823,36772
202112,분당선,서현,18263,18419,36682
202112,분당선,수내,8633,8035,16668
202112,분당선,정자,10210,10453,20663
202112,분당선,미금,10479,10814,21293
202112,분당선,오리,7700,6357,14057
202112,분당선,이매,4110,4058,8168
202112,분당선,보정,1469,1429,2898
202112,분당선,죽전,9768,10929,20697
202112,분당선,구성,3233,3265,6498
202112,분당선,신갈,2745,2707,5452
202112,분당선,기흥,6445,6089,12534
202112,분당선,상갈,3640,3542,7182
202112,분당선,청명,2635,2588,5223
202112,분당선,영통,6727,6578,13305
202112,분당선,망포,9391,8304,17695
202112,분당선,매탄권선,3459,3186,6645
202112,분당선,수원시청,10935,12733,23668
202112,분당선,매교,1959,2062,4021
202112,분당선,선릉,2826,4260,7086
202112,분당선,한티,6399,6513,12912
202112,분당선,도곡,2745,2627,5372
202112,분당선,구룡,1144,1217,2361
202112,분당선,개포동,1649,1709,3358
202112,분당선,대모산입구,2291,2202,4493
202112,분당선,수서,8012,7643,15655
202112,분당선,복정,1,0,1
202112,분당선,수원,5303,4544,9847
202112,분당선,서울숲,6100,6460,12560
202112,분당선,압구정로데오,9927,10960,20887
202112,분당선,강남구청,3636,4176,7812
202112,분당선,선정릉,2039,2147,4186
202112,분당선,가천대,3742,4493,8235
202112,분당선,태평,7720,7216,14936
202112,분당선,모란,10556,10883,21439
202112,분당선,야탑,12902,13141,26043
202112,분당선,서현,13506,13389,26895
202112,분당선,수내,5864,5578,11442
202112,분당선,정자,6854,7273,14127
202112,분당선,미금,7050,7511,14561
202112,분당선,오리,4999,4284,9283
202112,분당선,이매,2921,3174,6095
202112,분당선,보정,1021,1026,2047
202112,분당선,죽전,7332,8329,15661
202112,분당선,구성,2262,2505,4767
202112,분당선,신갈,1810,1887,3697
202112,분당선,기흥,4828,4606,9434
202112,분당선,상갈,2681,2784,5465
202112,분당선,청명,1933,1952,3885
202112,분당선,영통,4619,4688,9307
202112,분당선,망포,5827,6292,12119
202112,분당선,매탄권선,2431,2390,4821
202112,분당선,수원시청,7191,7260,14451
202112,분당선,매교,1485,1480,2965
202112,분당선,선릉,4976,7858,12834
202112,분당선,한티,9427,9306,18733
202112,분당선,도곡,4324,3855,8179
202112,분당선,구룡,1250,1079,2329
202112,분당선,개포동,2367,2266,4633
202112,분당선,대모산입구,2687,2375,5062
202112,분당선,수서,9553,9973,19526
202112,분당선,수원,6863,5902,12765
202112,분당선,서울숲,6784,7071,13855
202112,분당선,압구정로데오,17094,20599,37693
202112,분당선,강남구청,5283,6536,11819
202112,분당선,선정릉,3361,3396,6757
202112,분당선,가천대,5240,5710,10950
202112,분당선,태평,10203,9463,19666
202112,분당선,모란,15168,15514,30682
202112,분당선,야탑,16858,17563,34421
202112,분당선,서현,17745,17938,35683
202112,분당선,수내,8192,7538,15730
202112,분당선,정자,10032,10281,20313
202112,분당선,미금,10151,10416,20567
202112,분당선,오리,7638,6303,13941
202112,분당선,이매,3739,3786,7525
202112,분당선,보정,1479,1367,2846
202112,분당선,죽전,9471,10521,19992
202112,분당선,구성,3104,3216,6320
202112,분당선,신갈,2719,2616,5335
202112,분당선,기흥,6381,6055,12436
202112,분당선,상갈,3512,3455,6967
202112,분당선,청명,2511,2411,4922
202112,분당선,영통,6236,6127,12363
202112,분당선,망포,9028,8091,17119
202112,분당선,매탄권선,3413,3121,6534
202112,분당선,수원시청,10463,12057,22520
202112,분당선,매교,2035,2009,4044
202112,분당선,선릉,2807,4158,6965
202112,분당선,한티,6249,6379,12628
202112,분당선,도곡,2211,2116,4327
202112,분당선,구룡,640,721,1361
202112,분당선,개포동,1733,1763,3496
202112,분당선,대모산입구,1764,1735,3499
202112,분당선,수서,7979,7609,15588
202112,분당선,수원,5185,4341,9526
202112,분당선,서울숲,4883,5064,9947
202112,분당선,압구정로데오,10007,11137,21144
202112,분당선,강남구청,3509,4095,7604
202112,분당선,선정릉,2023,2196,4219
202112,분당선,가천대,3405,4121,7526
202112,분당선,태평,7344,7038,14382
202112,분당선,모란,10433,10704,21137
202112,분당선,야탑,12395,12387,24782
202112,분당선,서현,13230,13314,26544
202112,분당선,수내,5564,5554,11118
202112,분당선,정자,6742,7019,13761
202112,분당선,미금,6836,7157,13993
202112,분당선,오리,5091,4401,9492
202112,분당선,이매,2956,3162,6118
202112,분당선,보정,954,932,1886
202112,분당선,죽전,6627,7685,14312
202112,분당선,구성,2129,2293,4422
202112,분당선,신갈,1725,1829,3554
202112,분당선,기흥,4482,4296,8778
202112,분당선,상갈,2451,2561,5012
202112,분당선,청명,1828,1871,3699
202112,분당선,영통,4158,4131,8289
202112,분당선,망포,5648,6111,11759
202112,분당선,매탄권선,2276,2202,4478
202112,분당선,수원시청,7226,7263,14489
202112,분당선,매교,1264,1315,2579
202112,분당선,매교,1809,1964,3773
202112,분당선,수원시청,11277,11597,22874
202112,분당선,매탄권선,3349,3286,6635
202112,분당선,망포,9396,8836,18232
202112,분당선,영통,7631,6999,14630
202112,분당선,청명,2725,2741,5466
202112,분당선,상갈,3438,3542,6980
202112,분당선,기흥,6582,6524,13106
202112,분당선,신갈,2622,2705,5327
202112,분당선,구성,3071,3432,6503
202112,분당선,죽전,9943,11006,20949
202112,분당선,보정,1446,1334,2780
202112,분당선,이매,3905,3994,7899
202112,분당선,오리,7720,6282,14002
202112,분당선,미금,10465,10744,21209
202112,분당선,정자,10202,10640,20842
202112,분당선,수내,8542,8052,16594
202112,분당선,서현,18836,18425,37261
202112,분당선,야탑,17019,17753,34772
202112,분당선,모란,14572,14830,29402
202112,분당선,태평,9713,9612,19325
202112,분당선,가천대,4956,5453,10409
202112,분당선,선정릉,3526,3520,7046
202112,분당선,강남구청,5977,6956,12933
202112,분당선,압구정로데오,20460,20344,40804
202112,분당선,서울숲,6629,6746,13375
202112,분당선,수원,6971,6055,13026
202112,분당선,복정,2,0,2
202112,분당선,수서,9961,10579,20540
202112,분당선,대모산입구,2852,2669,5521
202112,분당선,개포동,2422,2432,4854
202112,분당선,구룡,1143,1057,2200
202112,분당선,도곡,4359,4044,8403
202112,분당선,한티,10788,10511,21299
202112,분당선,선릉,5196,7893,13089
202112,분당선,선릉,2824,4361,7185
202112,분당선,한티,6634,6807,13441
202112,분당선,도곡,2529,2526,5055
202112,분당선,구룡,678,728,1406
202112,분당선,개포동,1713,1767,3480
202112,분당선,대모산입구,2129,1996,4125
202112,분당선,수서,8294,8081,16375
202112,분당선,수원,5591,4858,10449
202112,분당선,서울숲,5072,5266,10338
202112,분당선,압구정로데오,11238,12056,23294
202112,분당선,강남구청,3376,4087,7463
202112,분당선,선정릉,2128,2166,4294
202112,분당선,가천대,3694,4427,8121
202112,분당선,태평,7779,7296,15075
202112,분당선,모란,14171,14692,28863
202112,분당선,야탑,12928,13372,26300
202112,분당선,서현,14335,14235,28570
202112,분당선,수내,5892,5718,11610
202112,분당선,정자,7189,7511,14700
202112,분당선,미금,7515,7919,15434
202112,분당선,오리,5588,4833,10421
202112,분당선,이매,2991,3030,6021
202112,분당선,보정,1053,1005,2058
202112,분당선,죽전,8056,9087,17143
202112,분당선,구성,2303,2446,4749
202112,분당선,신갈,1877,1906,3783
202112,분당선,기흥,4998,4685,9683
202112,분당선,상갈,2660,2712,5372
202112,분당선,청명,1976,2025,4001
202112,분당선,영통,4862,4894,9756
202112,분당선,망포,6569,6774,13343
202112,분당선,매탄권선,2618,2494,5112
202112,분당선,수원시청,7484,7554,15038
202112,분당선,매교,1285,1336,2621
202112,분당선,매교,1436,1545,2981
202112,분당선,수원시청,8934,9659,18593
202112,분당선,매탄권선,2778,2562,5340
202112,분당선,망포,7287,6963,14250
202112,분당선,영통,5751,5758,11509
202112,분당선,청명,1890,1930,3820
202112,분당선,상갈,2950,3001,5951
202112,분당선,기흥,5772,5351,11123
202112,분당선,신갈,2060,2094,4154
202112,분당선,구성,2337,2488,4825
202112,분당선,죽전,9879,10670,20549
202112,분당선,보정,1122,1104,2226
202112,분당선,이매,3208,3325,6533
202112,분당선,오리,5969,4742,10711
202112,분당선,미금,7848,7865,15713
202112,분당선,정자,7595,7800,15395
202112,분당선,수내,6110,6066,12176
202112,분당선,서현,18790,18466,37256
202112,분당선,야탑,13299,13850,27149
202112,분당선,모란,12213,12749,24962
202112,분당선,태평,8318,8045,16363
202112,분당선,가천대,3525,3982,7507
202112,분당선,선정릉,2078,2085,4163
202112,분당선,강남구청,3198,3927,7125
202112,분당선,압구정로데오,14118,15411,29529
202112,분당선,서울숲,4822,5027,9849
202112,분당선,수원,6748,5562,12310
202112,분당선,수서,6947,7707,14654
202112,분당선,대모산입구,1909,1796,3705
202112,분당선,개포동,1586,1640,3226
202112,분당선,구룡,719,713,1432
202112,분당선,도곡,2645,2498,5143
202112,분당선,한티,7916,7753,15669
202112,분당선,선릉,2843,4218,7061
202112,분당선,매교,1052,1126,2178
202112,분당선,수원시청,6580,5845,12425
202112,분당선,매탄권선,2063,2121,4184
202112,분당선,망포,5258,5753,11011
202112,분당선,영통,4162,4058,8220
202112,분당선,청명,1549,1653,3202
202112,분당선,상갈,2242,2378,4620
202112,분당선,기흥,4394,4042,8436
202112,분당선,신갈,1540,1667,3207
202112,분당선,구성,1873,2053,3926
202112,분당선,죽전,7404,7860,15264
202112,분당선,보정,894,868,1762
202112,분당선,이매,2734,2913,5647
202112,분당선,오리,4501,3955,8456
202112,분당선,미금,6119,6607,12726
202112,분당선,정자,6200,6471,12671
202112,분당선,수내,5009,4979,9988
202112,분당선,서현,13803,13452,27255
202112,분당선,야탑,11120,11260,22380
202112,분당선,모란,8986,9262,18248
202112,분당선,태평,6708,6436,13144
202112,분당선,가천대,2863,3566,6429
202112,분당선,선정릉,1673,1766,3439
202112,분당선,강남구청,2510,3005,5515
202112,분당선,압구정로데오,9236,9651,18887
202112,분당선,서울숲,3515,3581,7096
202112,분당선,수원,4973,4184,9157
202112,분당선,수서,7712,7096,14808
202112,분당선,대모산입구,1568,1587,3155
202112,분당선,개포동,1531,1573,3104
202112,분당선,구룡,522,599,1121
202112,분당선,도곡,1964,1955,3919
202112,분당선,한티,6672,6475,13147
202112,분당선,선릉,2229,3387,5616
