사용월,호선명,지하철역,승차총승객수,하차총승객수,승하차총승객수
202201,경부선,가산디지털단지,3643,5070,8713
202201,경부선,관악,3254,3061,6315
202201,경부선,광명,1527,1276,2803
202201,경부선,구로,7339,7617,14956
202201,경부선,군포,2476,2230,4706
202201,경부선,금정,10218,10393,20611
202201,경부선,금천구청,4596,4650,9246
202201,경부선,남영,3089,3046,6135
202201,경부선,노량진,5028,4908,9936
202201,경부선,당정,2205,2137,4342
202201,경부선,대방,4284,4259,8543
202201,경부선,독산,4704,4655,9359
202201,경부선,두정,2964,2944,5908
202201,경부선,명학,2482,2353,4835
202201,경부선,병점,7334,7617,14951
202201,경부선,서동탄,502,526,1028
202201,경부선,서울,3983,1105,5088
202201,경부선,서정리,3572,3493,7065
202201,경부선,석수,3675,3478,7153
202201,경부선,성균관대,5914,6247,12161
202201,경부선,성환,1878,1795,3673
202201,경부선,세류,1498,1549,3047
202201,경부선,세마,1243,1182,2425
202201,경부선,송탄,2889,2713,5602
202201,경부선,수원,24644,25858,50502
202201,경부선,신길,3252,2893,6145
202201,경부선,신도림,1490,1275,2765
202201,경부선,안양,10329,10440,20769
202201,경부선,영등포,24257,24411,48668
202201,경부선,오산,6174,6117,12291
202201,경부선,오산대,1757,1558,3315
202201,경부선,용산,22345,22394,44739
202201,경부선,의왕,3292,3300,6592
202201,경부선,직산,395,364,759
202201,경부선,진위,627,568,1195
202201,경부선,천안,3883,4082,7965
202201,경부선,평택,8433,8221,16654
202201,경부선,평택지제,1715,1621,3336
202201,경부선,화서,2910,2947,5857
202201,경부선,가산디지털단지,3867,5643,9510
202201,경부선,관악,3757,3347,7104
202201,경부선,광명,2595,1546,4141
202201,경부선,구로,7787,7701,15488
202201,경부선,군포,2443,2453,4896
202201,경부선,금정,11130,11646,22776
202201,경부선,금천구청,5324,5153,10477
202201,경부선,남영,3803,4235,8038
202201,경부선,노량진,4725,4806,9531
202201,경부선,당정,2616,2553,5169
202201,경부선,대방,4796,5467,10263
202201,경부선,독산,4949,5259,10208
202201,경부선,두정,3286,3617,6903
202201,경부선,명학,2575,2598,5173
202201,경부선,병점,7829,8665,16494
202201,경부선,서동탄,649,679,1328
202201,경부선,서울,8276,1456,9732
202201,경부선,서정리,3595,5927,9522
202201,경부선,석수,4205,4071,8276
202201,경부선,성균관대,6249,6931,13180
202201,경부선,성환,1798,2287,4085
202201,경부선,세류,1703,1653,3356
202201,경부선,세마,1408,1381,2789
202201,경부선,송탄,2976,3876,6852
202201,경부선,수원,30134,28307,58441
202201,경부선,신길,3700,3570,7270
202201,경부선,신도림,1692,1663,3355
202201,경부선,안양,11263,10822,22085
202201,경부선,영등포,29293,28250,57543
202201,경부선,오산,6742,7507,14249
202201,경부선,오산대,1728,1681,3409
202201,경부선,용산,31414,24205,55619
202201,경부선,의왕,3474,3592,7066
202201,경부선,직산,479,543,1022
202201,경부선,진위,742,709,1451
202201,경부선,천안,5021,4792,9813
202201,경부선,평택,9807,10202,20009
202201,경부선,평택지제,2340,2132,4472
202201,경부선,화서,3259,3126,6385
202201,경부선,가산디지털단지,5682,7715,13397
202201,경부선,관악,5526,5209,10735
202201,경부선,광명,2323,2138,4461
202201,경부선,구로,11896,12113,24009
202201,경부선,군포,3976,3665,7641
202201,경부선,금정,17076,17248,34324
202201,경부선,금천구청,7673,7592,15265
202201,경부선,남영,5237,5389,10626
202201,경부선,노량진,7562,6941,14503
202201,경부선,당정,3711,3584,7295
202201,경부선,대방,7166,7152,14318
202201,경부선,독산,8499,8428,16927
202201,경부선,두정,4607,4661,9268
202201,경부선,명학,4943,4790,9733
202201,경부선,병점,11415,11201,22616
202201,경부선,서동탄,954,919,1873
202201,경부선,서울,5739,1763,7502
202201,경부선,서정리,6187,5181,11368
202201,경부선,석수,6183,5861,12044
202201,경부선,성균관대,9566,9626,19192
202201,경부선,성환,2369,2243,4612
202201,경부선,세류,2257,2333,4590
202201,경부선,세마,2062,1896,3958
202201,경부선,송탄,4177,3937,8114
202201,경부선,수원,34497,37024,71521
202201,경부선,신길,5640,4742,10382
202201,경부선,신도림,3024,2759,5783
202201,경부선,안양,16471,16321,32792
202201,경부선,영등포,37213,38603,75816
202201,경부선,오산,8635,8215,16850
202201,경부선,오산대,2544,2275,4819
202201,경부선,용산,30336,31646,61982
202201,경부선,의왕,5800,5531,11331
202201,경부선,직산,554,558,1112
202201,경부선,진위,961,804,1765
202201,경부선,천안,5226,5339,10565
202201,경부선,평택,11611,11144,22755
202201,경부선,평택지제,2770,2586,5356
202201,경부선,화서,4787,4890,9677
202201,경부선,가산디지털단지,4089,5640,9729
202201,경부선,관악,4210,3921,8131
202201,경부선,광명,2197,1610,3807
202201,경부선,구로,8679,8791,17470
202201,경부선,군포,2711,2572,5283
202201,경부선,금정,12258,12800,25058
202201,경부선,금천구청,5673,5582,11255
202201,경부선,남영,3940,4185,8125
202201,경부선,노량진,5335,5036,10371
202201,경부선,당정,2713,2706,5419
202201,경부선,대방,5158,5498,10656
202201,경부선,독산,5554,5643,11197
202201,경부선,두정,3887,4141,8028
202201,경부선,명학,2880,2838,5718
202201,경부선,병점,8232,9122,17354
202201,경부선,서동탄,674,705,1379
202201,경부선,서울,6199,1467,7666
202201,경부선,서정리,3906,5427,9333
202201,경부선,석수,4557,4488,9045
202201,경부선,성균관대,6927,7301,14228
202201,경부선,성환,1939,2239,4178
202201,경부선,세류,1806,1789,3595
202201,경부선,세마,1508,1497,3005
202201,경부선,송탄,2921,3527,6448
202201,경부선,수원,29723,28421,58144
202201,경부선,신길,4097,3677,7774
202201,경부선,신도림,1982,1989,3971
202201,경부선,안양,12110,11836,23946
202201,경부선,영등포,30086,28828,58914
202201,경부선,오산,6720,7235,13955
202201,경부선,오산대,1861,1819,3680
202201,경부선,용산,27261,24176,51437
202201,경부선,의왕,3698,3812,7510
202201,경부선,직산,486,525,1011
202201,경부선,진위,753,730,1483
202201,경부선,천안,4925,4852,9777
202201,경부선,평택,9513,9973,19486
202201,경부선,평택지제,2101,2079,4180
202201,경부선,화서,3564,3501,7065
202201,경부선,가산디지털단지,5769,7796,13565
202201,경부선,관악,5391,5185,10576
202201,경부선,광명,2485,2171,4656
202201,경부선,구로,11877,12204,24081
202201,경부선,군포,3962,3683,7645
202201,경부선,금정,17746,17979,35725
202201,경부선,금천구청,7618,7772,15390
202201,경부선,남영,5339,5517,10856
202201,경부선,노량진,8331,7667,15998
202201,경부선,당정,3609,3485,7094
202201,경부선,대방,7492,7405,14897
202201,경부선,독산,8779,8671,17450
202201,경부선,두정,4505,4518,9023
202201,경부선,명학,4756,4566,9322
202201,경부선,병점,11188,11130,22318
202201,경부선,서동탄,906,939,1845
202201,경부선,서울,6133,1899,8032
202201,경부선,서정리,6062,5009,11071
202201,경부선,석수,6504,6015,12519
202201,경부선,성균관대,9439,9528,18967
202201,경부선,성환,2418,2201,4619
202201,경부선,세류,2190,2251,4441
202201,경부선,세마,1954,1836,3790
202201,경부선,송탄,3846,3487,7333
202201,경부선,수원,34021,36744,70765
202201,경부선,신길,5621,4827,10448
202201,경부선,신도림,2857,2780,5637
202201,경부선,안양,16296,16529,32825
202201,경부선,영등포,37696,38771,76467
202201,경부선,오산,8492,7986,16478
202201,경부선,오산대,2477,2287,4764
202201,경부선,용산,31965,33076,65041
202201,경부선,의왕,5560,5387,10947
202201,경부선,직산,603,548,1151
202201,경부선,진위,965,824,1789
202201,경부선,천안,5252,5386,10638
202201,경부선,평택,11340,11131,22471
202201,경부선,평택지제,2846,2590,5436
202201,경부선,화서,4932,5025,9957
202201,경부선,가산디지털단지,4171,5844,10015
202201,경부선,관악,4223,3924,8147
202201,경부선,광명,2303,1620,3923
202201,경부선,구로,8367,8416,16783
202201,경부선,군포,2704,2614,5318
202201,경부선,금정,12678,13289,25967
202201,경부선,금천구청,5585,5593,11178
202201,경부선,남영,3934,4306,8240
202201,경부선,노량진,5316,5224,10540
202201,경부선,당정,2725,2734,5459
202201,경부선,대방,5236,5773,11009
202201,경부선,독산,5903,6032,11935
202201,경부선,두정,3729,4033,7762
202201,경부선,명학,3113,3172,6285
202201,경부선,병점,8293,9075,17368
202201,경부선,서동탄,638,694,1332
202201,경부선,서울,6961,1733,8694
202201,경부선,서정리,3858,5586,9444
202201,경부선,석수,4605,4496,9101
202201,경부선,성균관대,6941,7333,14274
202201,경부선,성환,2001,2392,4393
202201,경부선,세류,1740,1741,3481
202201,경부선,세마,1527,1434,2961
202201,경부선,송탄,2879,3456,6335
202201,경부선,수원,30159,29218,59377
202201,경부선,신길,4133,3624,7757
202201,경부선,신도림,2083,2059,4142
202201,경부선,안양,12318,11899,24217
202201,경부선,영등포,30989,29598,60587
202201,경부선,오산,6834,7271,14105
202201,경부선,오산대,1802,1832,3634
202201,경부선,용산,29048,26339,55387
202201,경부선,의왕,3809,3996,7805
202201,경부선,직산,428,505,933
202201,경부선,진위,709,755,1464
202201,경부선,천안,4959,4875,9834
202201,경부선,평택,9552,10010,19562
202201,경부선,평택지제,2143,2174,4317
202201,경부선,화서,3742,3706,7448
202201,경부선,가산디지털단지,6102,8013,14115
202201,경부선,관악,5490,5209,10699
202201,경부선,광명,2556,2217,4773
202201,경부선,구로,12038,12342,24380
202201,경부선,군포,4100,3821,7921
202201,경부선,금정,17860,17925,35785
202201,경부선,금천구청,8139,8097,16236
202201,경부선,남영,5686,5801,11487
202201,경부선,노량진,8123,7653,15776
202201,경부선,당정,3893,3644,7537
202201,경부선,대방,7718,7876,15594
202201,경부선,독산,8747,8872,17619
202201,경부선,두정,4720,4708,9428
202201,경부선,명학,4852,4598,9450
202201,경부선,병점,11406,11233,22639
202201,경부선,서동탄,957,981,1938
202201,경부선,서울,6382,2012,8394
202201,경부선,서정리,6417,5354,11771
202201,경부선,석수,6626,6322,12948
202201,경부선,성균관대,9756,9836,19592
202201,경부선,성환,2433,2246,4679
202201,경부선,세류,2199,2265,4464
202201,경부선,세마,1980,1847,3827
202201,경부선,송탄,3938,3666,7604
202201,경부선,수원,34338,36821,71159
202201,경부선,신길,5903,4990,10893
202201,경부선,신도림,3021,2804,5825
202201,경부선,안양,16814,16883,33697
202201,경부선,영등포,37071,38924,75995
202201,경부선,오산,8313,7947,16260
202201,경부선,오산대,2520,2246,4766
202201,경부선,용산,31764,33270,65034
202201,경부선,의왕,5637,5448,11085
202201,경부선,직산,597,566,1163
202201,경부선,진위,889,770,1659
202201,경부선,천안,5302,5313,10615
202201,경부선,평택,11304,10769,22073
202201,경부선,평택지제,2818,2594,5412
202201,경부선,화서,5184,5251,10435
202201,경부선,가산디지털단지,4211,5831,10042
202201,경부선,관악,4367,4025,8392
202201,경부선,광명,2289,1731,4020
202201,경부선,구로,8857,9020,17877
202201,경부선,군포,2875,2747,5622
202201,경부선,금정,12820,13284,26104
202201,경부선,금천구청,5973,5807,11780
202201,경부선,남영,4215,4347,8562
202201,경부선,노량진,5630,5395,11025
202201,경부선,당정,2732,2772,5504
202201,경부선,대방,5264,5619,10883
202201,경부선,독산,6111,6047,12158
202201,경부선,두정,3778,4040,7818
202201,경부선,명학,3056,3131,6187
202201,경부선,병점,8580,9443,18023
202201,경부선,서동탄,685,750,1435
202201,경부선,서울,6427,1656,8083
202201,경부선,서정리,3933,5642,9575
202201,경부선,석수,4869,4813,9682
202201,경부선,성균관대,7427,7720,15147
202201,경부선,성환,1919,2219,4138
202201,경부선,세류,1790,1831,3621
202201,경부선,세마,1581,1500,3081
202201,경부선,송탄,3008,3449,6457
202201,경부선,수원,30123,28988,59111
202201,경부선,신길,4342,3841,8183
202201,경부선,신도림,2374,2250,4624
202201,경부선,안양,12500,12151,24651
202201,경부선,영등포,30749,29864,60613
202201,경부선,오산,7212,7804,15016
202201,경부선,오산대,1841,1798,3639
202201,경부선,용산,28217,25590,53807
202201,경부선,의왕,3852,4082,7934
202201,경부선,직산,434,526,960
202201,경부선,진위,729,709,1438
202201,경부선,천안,4851,4740,9591
202201,경부선,평택,9426,9673,19099
202201,경부선,평택지제,2049,2047,4096
202201,경부선,화서,3902,3815,7717
202201,경부선,가산디지털단지,4718,5897,10615
202201,경부선,관악,4458,4282,8740
202201,경부선,광명,1651,1830,3481
202201,경부선,구로,9466,9647,19113
202201,경부선,군포,3318,3053,6371
202201,경부선,금정,14702,14880,29582
202201,경부선,금천구청,6479,6598,13077
202201,경부선,남영,4445,4309,8754
202201,경부선,노량진,6845,6221,13066
202201,경부선,당정,3052,2972,6024
202201,경부선,대방,6043,5761,11804
202201,경부선,독산,7502,7085,14587
202201,경부선,두정,3943,4023,7966
202201,경부선,명학,3568,3452,7020
202201,경부선,병점,9279,9123,18402
202201,경부선,서동탄,652,710,1362
202201,경부선,서울,2853,1536,4389
202201,경부선,서정리,4574,4091,8665
202201,경부선,석수,5063,4818,9881
202201,경부선,성균관대,7900,7524,15424
202201,경부선,성환,2272,2161,4433
202201,경부선,세류,1853,2181,4034
202201,경부선,세마,1638,1473,3111
202201,경부선,송탄,3474,3081,6555
202201,경부선,수원,29083,31398,60481
202201,경부선,신길,4664,3627,8291
202201,경부선,신도림,2314,2052,4366
202201,경부선,안양,14075,13921,27996
202201,경부선,영등포,30823,31032,61855
202201,경부선,오산,7642,7463,15105
202201,경부선,오산대,2049,1898,3947
202201,경부선,용산,23283,28054,51337
202201,경부선,의왕,4612,4584,9196
202201,경부선,직산,543,505,1048
202201,경부선,진위,775,677,1452
202201,경부선,천안,4710,5864,10574
202201,경부선,평택,10354,10523,20877
202201,경부선,평택지제,1808,1935,3743
202201,경부선,화서,3978,4085,8063
202201,경부선,가산디지털단지,3529,4439,7968
202201,경부선,관악,3392,3218,6610
202201,경부선,광명,1368,1497,2865
202201,경부선,구로,7385,7533,14918
202201,경부선,군포,2471,2263,4734
202201,경부선,금정,11130,11361,22491
202201,경부선,금천구청,4958,4849,9807
202201,경부선,남영,3366,3309,6675
202201,경부선,노량진,5127,4778,9905
202201,경부선,당정,2336,2237,4573
202201,경부선,대방,4397,4215,8612
202201,경부선,독산,5216,4931,10147
202201,경부선,두정,3047,3081,6128
202201,경부선,명학,2423,2406,4829
202201,경부선,병점,6833,6915,13748
202201,경부선,서동탄,550,585,1135
202201,경부선,서울,2526,1206,3732
202201,경부선,서정리,3316,3233,6549
202201,경부선,석수,3688,3744,7432
202201,경부선,성균관대,5675,5504,11179
202201,경부선,성환,1859,1918,3777
202201,경부선,세류,1477,1585,3062
202201,경부선,세마,1272,1174,2446
202201,경부선,송탄,2759,2511,5270
202201,경부선,수원,24059,25775,49834
202201,경부선,신길,3512,2809,6321
202201,경부선,신도림,1819,1505,3324
202201,경부선,안양,10373,10677,21050
202201,경부선,영등포,24482,24823,49305
202201,경부선,오산,6084,6084,12168
202201,경부선,오산대,1625,1414,3039
202201,경부선,용산,19341,23070,42411
202201,경부선,의왕,3252,3316,6568
202201,경부선,직산,396,380,776
202201,경부선,진위,593,581,1174
202201,경부선,천안,4165,4882,9047
202201,경부선,평택,8417,8567,16984
202201,경부선,평택지제,1350,1459,2809
202201,경부선,화서,2950,2972,5922
202202,경부선,가산디지털단지,4929,6674,11603
202202,경부선,관악,4446,4231,8677
202202,경부선,광명,2103,1780,3883
202202,경부선,구로,9899,10190,20089
202202,경부선,군포,3480,3271,6751
202202,경부선,금정,14739,14582,29321
202202,경부선,금천구청,6374,6478,12852
202202,경부선,남영,4499,4717,9216
202202,경부선,노량진,6085,5904,11989
202202,경부선,당정,3157,3008,6165
202202,경부선,대방,5861,6048,11909
202202,경부선,독산,7290,7336,14626
202202,경부선,두정,3401,3552,6953
202202,경부선,명학,3779,3618,7397
202202,경부선,병점,9077,9246,18323
202202,경부선,서동탄,755,697,1452
202202,경부선,서울,5264,1285,6549
202202,경부선,서정리,4803,4132,8935
202202,경부선,석수,5242,4991,10233
202202,경부선,성균관대,7921,8115,16036
202202,경부선,성환,1992,1774,3766
202202,경부선,세류,1858,1983,3841
202202,경부선,세마,1766,1630,3396
202202,경부선,송탄,3298,3067,6365
202202,경부선,수원,28047,29471,57518
202202,경부선,신길,4758,3982,8740
202202,경부선,신도림,2413,2313,4726
202202,경부선,안양,13752,14054,27806
202202,경부선,영등포,31127,32219,63346
202202,경부선,오산,6689,6441,13130
202202,경부선,오산대,2043,1807,3850
202202,경부선,용산,26038,25575,51613
202202,경부선,의왕,4620,4533,9153
202202,경부선,직산,432,381,813
202202,경부선,진위,791,658,1449
202202,경부선,천안,4011,4340,8351
202202,경부선,평택,8884,8719,17603
202202,경부선,평택지제,2261,2176,4437
202202,경부선,화서,3858,4030,7888
202202,경부선,가산디지털단지,3571,4801,8372
202202,경부선,관악,3579,3343,6922
202202,경부선,광명,1826,1344,3170
202202,경부선,구로,7352,7211,14563
202202,경부선,군포,2403,2284,4687
202202,경부선,금정,10405,10908,21313
202202,경부선,금천구청,4829,4725,9554
202202,경부선,남영,3399,3578,6977
202202,경부선,노량진,4371,4327,8698
202202,경부선,당정,2232,2223,4455
202202,경부선,대방,4621,4863,9484
202202,경부선,독산,4850,4831,9681
202202,경부선,두정,2889,3117,6006
202202,경부선,명학,2544,2506,5050
202202,경부선,병점,6929,7584,14513
202202,경부선,서동탄,538,525,1063
202202,경부선,서울,5455,1186,6641
202202,경부선,서정리,3320,4856,8176
202202,경부선,석수,3902,3768,7670
202202,경부선,성균관대,5834,6123,11957
202202,경부선,성환,1676,1909,3585
202202,경부선,세류,1441,1475,2916
202202,경부선,세마,1330,1257,2587
202202,경부선,송탄,2518,3031,5549
202202,경부선,수원,24166,23281,47447
202202,경부선,신길,3709,3253,6962
202202,경부선,신도림,1986,1828,3814
202202,경부선,안양,10589,10182,20771
202202,경부선,영등포,24991,23960,48951
202202,경부선,오산,5426,5929,11355
202202,경부선,오산대,1501,1440,2941
202202,경부선,용산,22868,20268,43136
202202,경부선,의왕,3149,3237,6386
202202,경부선,직산,335,403,738
202202,경부선,진위,600,589,1189
202202,경부선,천안,3969,3833,7802
202202,경부선,평택,7765,8173,15938
202202,경부선,평택지제,1971,1838,3809
202202,경부선,화서,2962,2921,5883
202202,경부선,가산디지털단지,5732,7490,13222
202202,경부선,관악,5418,5066,10484
202202,경부선,광명,2223,2099,4322
202202,경부선,구로,11548,11724,23272
202202,경부선,군포,3835,3569,7404
202202,경부선,금정,16589,16899,33488
202202,경부선,금천구청,7353,7477,14830
202202,경부선,남영,4965,5158,10123
202202,경부선,노량진,7178,6603,13781
202202,경부선,당정,3675,3446,7121
202202,경부선,대방,7009,7147,14156
202202,경부선,독산,8022,7849,15871
202202,경부선,두정,4220,4351,8571
202202,경부선,명학,4459,4281,8740
202202,경부선,병점,10315,10383,20698
202202,경부선,서동탄,806,826,1632
202202,경부선,서울,5309,1663,6972
202202,경부선,서정리,6100,5105,11205
202202,경부선,석수,6096,5803,11899
202202,경부선,성균관대,8992,9163,18155
202202,경부선,성환,2368,2150,4518
202202,경부선,세류,2189,2163,4352
202202,경부선,세마,1869,1757,3626
202202,경부선,송탄,4201,3758,7959
202202,경부선,수원,31242,33652,64894
202202,경부선,신길,5608,4602,10210
202202,경부선,신도림,2704,2699,5403
202202,경부선,안양,15534,15625,31159
202202,경부선,영등포,34584,35601,70185
202202,경부선,오산,7897,7534,15431
202202,경부선,오산대,2368,2132,4500
202202,경부선,용산,27854,28818,56672
202202,경부선,의왕,5283,5149,10432
202202,경부선,직산,595,555,1150
202202,경부선,진위,902,786,1688
202202,경부선,천안,4817,5190,10007
202202,경부선,평택,11002,10689,21691
202202,경부선,평택지제,2712,2534,5246
202202,경부선,화서,4658,4692,9350
202202,경부선,가산디지털단지,3900,5398,9298
202202,경부선,관악,4415,4027,8442
202202,경부선,광명,2101,1601,3702
202202,경부선,구로,8355,8363,16718
202202,경부선,군포,2597,2527,5124
202202,경부선,금정,11664,12244,23908
202202,경부선,금천구청,5739,5422,11161
202202,경부선,남영,3872,4096,7968
202202,경부선,노량진,4939,4790,9729
202202,경부선,당정,2588,2595,5183
202202,경부선,대방,5169,5507,10676
202202,경부선,독산,5372,5544,10916
202202,경부선,두정,3583,3809,7392
202202,경부선,명학,3006,2912,5918
202202,경부선,병점,7939,8523,16462
202202,경부선,서동탄,659,681,1340
202202,경부선,서울,5501,1437,6938
202202,경부선,서정리,3699,5412,9111
202202,경부선,석수,4449,4499,8948
202202,경부선,성균관대,6789,7070,13859
202202,경부선,성환,1785,2191,3976
202202,경부선,세류,1685,1798,3483
202202,경부선,세마,1449,1355,2804
202202,경부선,송탄,3073,3632,6705
202202,경부선,수원,27578,26698,54276
202202,경부선,신길,4199,3564,7763
202202,경부선,신도림,2245,2022,4267
202202,경부선,안양,11509,10965,22474
202202,경부선,영등포,28003,26832,54835
202202,경부선,오산,6566,7182,13748
202202,경부선,오산대,1739,1705,3444
202202,경부선,용산,24787,22810,47597
202202,경부선,의왕,3667,3729,7396
202202,경부선,직산,442,503,945
202202,경부선,진위,701,697,1398
202202,경부선,천안,4542,4509,9051
202202,경부선,평택,9323,9581,18904
202202,경부선,평택지제,2109,1989,4098
202202,경부선,화서,3417,3364,6781
202202,경부선,가산디지털단지,5354,7335,12689
202202,경부선,관악,4927,4642,9569
202202,경부선,광명,2190,2032,4222
202202,경부선,구로,11509,12111,23620
202202,경부선,군포,3875,3657,7532
202202,경부선,금정,16195,16413,32608
202202,경부선,금천구청,7326,7315,14641
202202,경부선,남영,5310,5986,11296
202202,경부선,노량진,6729,6458,13187
202202,경부선,당정,3479,3324,6803
202202,경부선,대방,7007,7087,14094
202202,경부선,독산,7670,7735,15405
202202,경부선,두정,4191,4213,8404
202202,경부선,명학,4770,4744,9514
202202,경부선,병점,10106,10175,20281
202202,경부선,서동탄,851,924,1775
202202,경부선,서울,5545,1613,7158
202202,경부선,서정리,5787,4813,10600
202202,경부선,석수,5933,5693,11626
202202,경부선,성균관대,9223,9419,18642
202202,경부선,성환,2271,2119,4390
202202,경부선,세류,2022,2051,4073
202202,경부선,세마,1749,1603,3352
202202,경부선,송탄,4143,3674,7817
202202,경부선,수원,30574,32351,62925
202202,경부선,신길,5339,4562,9901
202202,경부선,신도림,2710,2606,5316
202202,경부선,안양,14972,15116,30088
202202,경부선,영등포,34172,34817,68989
202202,경부선,오산,7747,7238,14985
202202,경부선,오산대,2294,2016,4310
202202,경부선,용산,27599,29094,56693
202202,경부선,의왕,5022,4991,10013
202202,경부선,직산,569,482,1051
202202,경부선,진위,799,709,1508
202202,경부선,천안,4769,5027,9796
202202,경부선,평택,10696,10228,20924
202202,경부선,평택지제,2720,2595,5315
202202,경부선,화서,4467,4594,9061
202202,경부선,가산디지털단지,3766,5189,8955
202202,경부선,관악,3811,3567,7378
202202,경부선,광명,2130,1616,3746
202202,경부선,구로,7676,7691,15367
202202,경부선,군포,2503,2410,4913
202202,경부선,금정,11211,11591,22802
202202,경부선,금천구청,5124,5028,10152
202202,경부선,남영,3527,3700,7227
202202,경부선,노량진,4593,4475,9068
202202,경부선,당정,2364,2442,4806
202202,경부선,대방,4864,5171,10035
202202,경부선,독산,5082,5274,10356
202202,경부선,두정,3407,3643,7050
202202,경부선,명학,2992,2903,5895
202202,경부선,병점,7367,8113,15480
202202,경부선,서동탄,554,596,1150
202202,경부선,서울,6055,1472,7527
202202,경부선,서정리,3494,5060,8554
202202,경부선,석수,4047,3972,8019
202202,경부선,성균관대,6521,6990,13511
202202,경부선,성환,1738,2043,3781
202202,경부선,세류,1520,1604,3124
202202,경부선,세마,1336,1241,2577
202202,경부선,송탄,2941,3373,6314
202202,경부선,수원,26377,25214,51591
202202,경부선,신길,3905,3410,7315
202202,경부선,신도림,1999,1730,3729
202202,경부선,안양,10855,10470,21325
202202,경부선,영등포,27666,26136,53802
202202,경부선,오산,5718,6322,12040
202202,경부선,오산대,1474,1540,3014
202202,경부선,용산,24926,22638,47564
202202,경부선,의왕,3468,3458,6926
202202,경부선,직산,386,481,867
202202,경부선,진위,601,606,1207
202202,경부선,천안,4408,4312,8720
202202,경부선,평택,8517,8816,17333
202202,경부선,평택지제,2003,1976,3979
202202,경부선,화서,3181,3186,6367
202202,경부선,가산디지털단지,5360,6840,12200
202202,경부선,관악,4635,4484,9119
202202,경부선,광명,2262,2019,4281
202202,경부선,구로,11378,11675,23053
202202,경부선,군포,3749,3419,7168
202202,경부선,금정,15732,15844,31576
202202,경부선,금천구청,6930,6895,13825
202202,경부선,남영,5001,5313,10314
202202,경부선,노량진,6389,5982,12371
202202,경부선,당정,3329,3150,6479
202202,경부선,대방,6854,6912,13766
202202,경부선,독산,8010,7854,15864
202202,경부선,두정,4245,4151,8396
202202,경부선,명학,4449,4311,8760
202202,경부선,병점,9840,9766,19606
202202,경부선,서동탄,788,825,1613
202202,경부선,서울,5273,1741,7014
202202,경부선,서정리,5758,4720,10478
202202,경부선,석수,5506,5250,10756
202202,경부선,성균관대,8732,8664,17396
202202,경부선,성환,2358,2225,4583
202202,경부선,세류,1953,1998,3951
202202,경부선,세마,1813,1649,3462
202202,경부선,송탄,4044,3562,7606
202202,경부선,수원,30219,32621,62840
202202,경부선,신길,4962,4267,9229
202202,경부선,신도림,2699,2615,5314
202202,경부선,안양,14335,14268,28603
202202,경부선,영등포,33490,34448,67938
202202,경부선,오산,7561,7081,14642
202202,경부선,오산대,2268,2023,4291
202202,경부선,용산,26840,28672,55512
202202,경부선,의왕,4807,4611,9418
202202,경부선,직산,532,541,1073
202202,경부선,진위,875,743,1618
202202,경부선,천안,4635,4961,9596
202202,경부선,평택,10563,10304,20867
202202,경부선,평택지제,2650,2491,5141
202202,경부선,화서,4341,4391,8732
202202,경부선,가산디지털단지,3984,5401,9385
202202,경부선,관악,4060,3743,7803
202202,경부선,광명,1933,1587,3520
202202,경부선,구로,7837,7933,15770
202202,경부선,군포,2592,2506,5098
202202,경부선,금정,11744,12059,23803
202202,경부선,금천구청,5431,5309,10740
202202,경부선,남영,3986,4111,8097
202202,경부선,노량진,4935,4805,9740
202202,경부선,당정,2594,2558,5152
202202,경부선,대방,4895,5236,10131
202202,경부선,독산,5369,5377,10746
202202,경부선,두정,3583,3800,7383
202202,경부선,명학,3111,3065,6176
202202,경부선,병점,7686,8298,15984
202202,경부선,서동탄,605,604,1209
202202,경부선,서울,5754,1376,7130
202202,경부선,서정리,3796,5302,9098
202202,경부선,석수,4464,4415,8879
202202,경부선,성균관대,6554,7213,13767
202202,경부선,성환,1883,2132,4015
202202,경부선,세류,1579,1575,3154
202202,경부선,세마,1321,1284,2605
202202,경부선,송탄,3086,3485,6571
202202,경부선,수원,26476,26000,52476
202202,경부선,신길,4039,3482,7521
202202,경부선,신도림,1995,1859,3854
202202,경부선,안양,11412,11007,22419
202202,경부선,영등포,27964,26763,54727
202202,경부선,오산,6295,6453,12748
202202,경부선,오산대,1687,1587,3274
202202,경부선,용산,24497,22720,47217
202202,경부선,의왕,3598,3578,7176
202202,경부선,직산,449,505,954
202202,경부선,진위,696,661,1357
202202,경부선,천안,4684,4603,9287
202202,경부선,평택,8833,9235,18068
202202,경부선,평택지제,1929,1809,3738
202202,경부선,화서,3390,3288,6678
202203,경부선,가산디지털단지,5071,6980,12051
202203,경부선,관악,4887,4638,9525
202203,경부선,광명,2058,1841,3899
202203,경부선,구로,10752,11166,21918
202203,경부선,군포,3911,3728,7639
202203,경부선,금정,15784,16107,31891
202203,경부선,금천구청,6904,7010,13914
202203,경부선,남영,4934,5133,10067
202203,경부선,노량진,6465,5928,12393
202203,경부선,당정,3401,3201,6602
202203,경부선,대방,6690,6732,13422
202203,경부선,독산,7857,7589,15446
202203,경부선,두정,4425,4436,8861
202203,경부선,명학,4627,4453,9080
202203,경부선,병점,9959,9961,19920
202203,경부선,서동탄,740,797,1537
202203,경부선,서울,4392,1366,5758
202203,경부선,서정리,6016,4830,10846
202203,경부선,석수,5630,5425,11055
202203,경부선,성균관대,9001,8784,17785
202203,경부선,성환,2496,2289,4785
202203,경부선,세류,1944,1971,3915
202203,경부선,세마,1762,1590,3352
202203,경부선,송탄,4130,3845,7975
202203,경부선,수원,30299,32625,62924
202203,경부선,신길,5159,4432,9591
202203,경부선,신도림,2644,2460,5104
202203,경부선,안양,14610,14619,29229
202203,경부선,영등포,33307,34304,67611
202203,경부선,오산,7680,7326,15006
202203,경부선,오산대,2193,2003,4196
202203,경부선,용산,26848,28177,55025
202203,경부선,의왕,5047,4897,9944
202203,경부선,직산,566,546,1112
202203,경부선,진위,858,737,1595
202203,경부선,천안,4933,4966,9899
202203,경부선,평택,10958,10612,21570
202203,경부선,평택지제,2608,2423,5031
202203,경부선,화서,4346,4428,8774
202203,경부선,가산디지털단지,3753,5128,8881
202203,경부선,관악,4187,3845,8032
202203,경부선,광명,1852,1486,3338
202203,경부선,구로,7680,7862,15542
202203,경부선,군포,2523,2390,4913
202203,경부선,금정,11144,11574,22718
202203,경부선,금천구청,5105,4983,10088
202203,경부선,남영,3545,3819,7364
202203,경부선,노량진,4514,4342,8856
202203,경부선,당정,2420,2396,4816
202203,경부선,대방,4874,5233,10107
202203,경부선,독산,5126,5107,10233
202203,경부선,두정,3466,4634,8100
202203,경부선,명학,2797,2705,5502
202203,경부선,병점,7434,7957,15391
202203,경부선,서동탄,570,557,1127
202203,경부선,서울,5130,1271,6401
202203,경부선,서정리,3591,5137,8728
202203,경부선,석수,4100,4006,8106
202203,경부선,성균관대,6322,7008,13330
202203,경부선,성환,1928,2547,4475
202203,경부선,세류,1570,1564,3134
202203,경부선,세마,1437,1325,2762
202203,경부선,송탄,2846,3318,6164
202203,경부선,수원,26451,25349,51800
202203,경부선,신길,3818,3347,7165
202203,경부선,신도림,1997,1850,3847
202203,경부선,안양,10807,10175,20982
202203,경부선,영등포,26699,25848,52547
202203,경부선,오산,6016,6407,12423
202203,경부선,오산대,1733,1657,3390
202203,경부선,용산,24478,23008,47486
202203,경부선,의왕,3485,3551,7036
202203,경부선,직산,401,511,912
202203,경부선,진위,679,731,1410
202203,경부선,천안,4711,4970,9681
202203,경부선,평택,8779,9442,18221
202203,경부선,평택지제,2172,1884,4056
202203,경부선,화서,3359,3137,6496
202203,경부선,가산디지털단지,5652,7514,13166
202203,경부선,관악,5087,4783,9870
202203,경부선,광명,2228,1993,4221
202203,경부선,구로,11092,11629,22721
202203,경부선,군포,3914,3701,7615
202203,경부선,금정,16166,16340,32506
202203,경부선,금천구청,7091,7128,14219
202203,경부선,남영,4807,5053,9860
202203,경부선,노량진,6885,6134,13019
202203,경부선,당정,3456,3146,6602
202203,경부선,대방,7033,7083,14116
202203,경부선,독산,7876,7828,15704
202203,경부선,두정,4644,4479,9123
202203,경부선,명학,4520,4371,8891
202203,경부선,병점,10330,10357,20687
202203,경부선,서동탄,798,825,1623
202203,경부선,서울,5039,1441,6480
202203,경부선,서정리,6212,5145,11357
202203,경부선,석수,5878,5688,11566
202203,경부선,성균관대,9149,9094,18243
202203,경부선,성환,2629,2383,5012
202203,경부선,세류,2079,2132,4211
202203,경부선,세마,1892,1719,3611
202203,경부선,송탄,4299,3786,8085
202203,경부선,수원,31139,34434,65573
202203,경부선,신길,5322,4465,9787
202203,경부선,신도림,2848,2646,5494
202203,경부선,안양,14923,14977,29900
202203,경부선,영등포,32970,34149,67119
202203,경부선,오산,8019,7618,15637
202203,경부선,오산대,2433,2110,4543
202203,경부선,용산,26883,27985,54868
202203,경부선,의왕,5306,5122,10428
202203,경부선,직산,583,560,1143
202203,경부선,진위,980,800,1780
202203,경부선,천안,5174,5281,10455
202203,경부선,평택,11354,11023,22377
202203,경부선,평택지제,2719,2622,5341
202203,경부선,화서,4688,4599,9287
202203,경부선,가산디지털단지,3668,5025,8693
202203,경부선,관악,3112,2865,5977
202203,경부선,광명,1926,1390,3316
202203,경부선,구로,7481,7616,15097
202203,경부선,군포,2317,2190,4507
202203,경부선,금정,10366,10536,20902
202203,경부선,금천구청,4632,4429,9061
202203,경부선,남영,3130,3465,6595
202203,경부선,노량진,3994,3797,7791
202203,경부선,당정,2195,2187,4382
202203,경부선,대방,4297,4680,8977
202203,경부선,독산,4617,4563,9180
202203,경부선,두정,3233,4382,7615
202203,경부선,명학,2538,2488,5026
202203,경부선,병점,6869,7345,14214
202203,경부선,서동탄,527,554,1081
202203,경부선,서울,5476,1341,6817
202203,경부선,서정리,3319,4781,8100
202203,경부선,석수,3403,3139,6542
202203,경부선,성균관대,5914,6484,12398
202203,경부선,성환,1732,2385,4117
202203,경부선,세류,1399,1414,2813
202203,경부선,세마,1213,1133,2346
202203,경부선,송탄,2668,3148,5816
202203,경부선,수원,24646,23345,47991
202203,경부선,신길,3551,3066,6617
202203,경부선,신도림,1914,1658,3572
202203,경부선,안양,9893,9555,19448
202203,경부선,영등포,25242,24219,49461
202203,경부선,오산,5745,6068,11813
202203,경부선,오산대,1516,1510,3026
202203,경부선,용산,23098,21309,44407
202203,경부선,의왕,3043,3183,6226
202203,경부선,직산,347,409,756
202203,경부선,진위,643,639,1282
202203,경부선,천안,4460,4566,9026
202203,경부선,평택,8356,8797,17153
202203,경부선,평택지제,2035,1714,3749
202203,경부선,화서,2824,2720,5544
202203,경부선,가산디지털단지,4903,6439,11342
202203,경부선,관악,3977,3865,7842
202203,경부선,광명,1987,1766,3753
202203,경부선,구로,9984,10489,20473
202203,경부선,군포,3603,3318,6921
202203,경부선,금정,14740,14931,29671
202203,경부선,금천구청,6106,6212,12318
202203,경부선,남영,4634,4713,9347
202203,경부선,노량진,5947,5336,11283
202203,경부선,당정,3174,2993,6167
202203,경부선,대방,6285,6390,12675
202203,경부선,독산,6872,6836,13708
202203,경부선,두정,4588,4492,9080
202203,경부선,명학,4103,3964,8067
202203,경부선,병점,9285,9261,18546
202203,경부선,서동탄,641,707,1348
202203,경부선,서울,4874,1558,6432
202203,경부선,서정리,5322,4347,9669
202203,경부선,석수,4820,4256,9076
202203,경부선,성균관대,8354,8246,16600
202203,경부선,성환,2362,2113,4475
202203,경부선,세류,1782,1888,3670
202203,경부선,세마,1611,1462,3073
202203,경부선,송탄,3796,3359,7155
202203,경부선,수원,28114,31193,59307
202203,경부선,신길,4893,4090,8983
202203,경부선,신도림,2391,2361,4752
202203,경부선,안양,13216,13446,26662
202203,경부선,영등포,31301,32490,63791
202203,경부선,오산,7185,6702,13887
202203,경부선,오산대,2021,1815,3836
202203,경부선,용산,25310,26393,51703
202203,경부선,의왕,4553,4421,8974
202203,경부선,직산,483,463,946
202203,경부선,진위,787,678,1465
202203,경부선,천안,4794,4909,9703
202203,경부선,평택,10135,10014,20149
202203,경부선,평택지제,2548,2402,4950
202203,경부선,화서,3878,3852,7730
202203,경부선,가산디지털단지,3843,5177,9020
202203,경부선,관악,4138,3931,8069
202203,경부선,광명,2024,1546,3570
202203,경부선,구로,8360,8424,16784
202203,경부선,군포,2576,2397,4973
202203,경부선,금정,11631,12067,23698
202203,경부선,금천구청,5150,5045,10195
202203,경부선,남영,3534,3912,7446
202203,경부선,노량진,4621,4447,9068
202203,경부선,당정,2426,2392,4818
202203,경부선,대방,4783,5138,9921
202203,경부선,독산,5104,5180,10284
202203,경부선,두정,3778,4949,8727
202203,경부선,명학,2851,2734,5585
202203,경부선,병점,8002,8381,16383
202203,경부선,서동탄,582,555,1137
202203,경부선,서울,5900,1429,7329
202203,경부선,서정리,3829,5557,9386
202203,경부선,석수,4293,4163,8456
202203,경부선,성균관대,6665,7159,13824
202203,경부선,성환,2019,2694,4713
202203,경부선,세류,1639,1568,3207
202203,경부선,세마,1419,1310,2729
202203,경부선,송탄,3185,3635,6820
202203,경부선,수원,27960,27447,55407
202203,경부선,신길,3967,3458,7425
202203,경부선,신도림,1966,1877,3843
202203,경부선,안양,11132,10766,21898
202203,경부선,영등포,27600,26513,54113
202203,경부선,오산,6338,6639,12977
202203,경부선,오산대,1727,1647,3374
202203,경부선,용산,24823,22931,47754
202203,경부선,의왕,3534,3539,7073
202203,경부선,직산,485,510,995
202203,경부선,진위,727,756,1483
202203,경부선,천안,4970,5275,10245
202203,경부선,평택,9657,10193,19850
202203,경부선,평택지제,2423,2125,4548
202203,경부선,화서,3408,3282,6690
202203,경부선,가산디지털단지,5397,6987,12384
202203,경부선,관악,4451,4248,8699
202203,경부선,광명,2219,1945,4164
202203,경부선,구로,10691,11306,21997
202203,경부선,군포,3725,3467,7192
202203,경부선,금정,15785,15953,31738
202203,경부선,금천구청,6487,6563,13050
202203,경부선,남영,5010,5015,10025
202203,경부선,노량진,6683,6069,12752
202203,경부선,당정,3483,3258,6741
202203,경부선,대방,6870,6888,13758
202203,경부선,독산,7367,7202,14569
202203,경부선,두정,4644,4622,9266
202203,경부선,명학,4218,4015,8233
202203,경부선,병점,10026,10068,20094
202203,경부선,서동탄,786,852,1638
202203,경부선,서울,5649,1701,7350
202203,경부선,서정리,5940,4692,10632
202203,경부선,석수,5391,4943,10334
202203,경부선,성균관대,8867,8764,17631
202203,경부선,성환,2494,2284,4778
202203,경부선,세류,2050,2057,4107
202203,경부선,세마,1803,1625,3428
202203,경부선,송탄,4215,3785,8000
202203,경부선,수원,31022,33897,64919
202203,경부선,신길,4897,4126,9023
202203,경부선,신도림,2458,2489,4947
202203,경부선,안양,14415,14365,28780
202203,경부선,영등포,32736,34120,66856
202203,경부선,오산,7837,7274,15111
202203,경부선,오산대,2231,1988,4219
202203,경부선,용산,26850,28384,55234
202203,경부선,의왕,4847,4766,9613
202203,경부선,직산,538,497,1035
202203,경부선,진위,831,704,1535
202203,경부선,천안,5059,5212,10271
202203,경부선,평택,11196,10713,21909
202203,경부선,평택지제,2651,2567,5218
202203,경부선,화서,4370,4305,8675
202203,경부선,가산디지털단지,4140,5739,9879
202203,경부선,관악,4480,4072,8552
202203,경부선,광명,2316,1585,3901
202203,경부선,구로,8587,8739,17326
202203,경부선,군포,2803,2644,5447
202203,경부선,금정,12603,12870,25473
202203,경부선,금천구청,5542,5487,11029
202203,경부선,남영,3819,4220,8039
202203,경부선,노량진,4966,4904,9870
202203,경부선,당정,2712,2839,5551
202203,경부선,대방,5304,5619,10923
202203,경부선,독산,5507,5687,11194
202203,경부선,두정,3992,5108,9100
202203,경부선,명학,3079,3024,6103
202203,경부선,병점,8642,9095,17737
202203,경부선,서동탄,712,722,1434
202203,경부선,서울,7068,1580,8648
202203,경부선,서정리,4325,6088,10413
202203,경부선,석수,4715,4622,9337
202203,경부선,성균관대,7062,7718,14780
202203,경부선,성환,2272,2897,5169
202203,경부선,세류,1775,1667,3442
202203,경부선,세마,1531,1418,2949
202203,경부선,송탄,3394,4011,7405
202203,경부선,수원,30245,29203,59448
202203,경부선,신길,4201,3726,7927
202203,경부선,신도림,2108,2019,4127
202203,경부선,안양,12139,11546,23685
202203,경부선,영등포,28710,27618,56328
202203,경부선,오산,6957,7359,14316
202203,경부선,오산대,1991,1877,3868
202203,경부선,용산,27087,24502,51589
202203,경부선,의왕,3886,3895,7781
202203,경부선,직산,497,568,1065
202203,경부선,진위,814,806,1620
202203,경부선,천안,5360,5639,10999
202203,경부선,평택,10380,11194,21574
202203,경부선,평택지제,2348,2136,4484
202203,경부선,화서,3619,3477,7096
202204,경부선,가산디지털단지,5995,7834,13829
202204,경부선,관악,5754,5424,11178
202204,경부선,광명,2465,2312,4777
202204,경부선,구로,11865,12088,23953
202204,경부선,군포,4108,3691,7799
202204,경부선,금정,17776,18085,35861
202204,경부선,금천구청,7706,7867,15573
202204,경부선,남영,5405,5749,11154
202204,경부선,노량진,8107,7263,15370
202204,경부선,당정,3975,3678,7653
202204,경부선,대방,7910,8073,15983
202204,경부선,독산,8669,8504,17173
202204,경부선,두정,5276,5078,10354
202204,경부선,명학,4705,4557,9262
202204,경부선,병점,11802,11796,23598
202204,경부선,서동탄,933,1006,1939
202204,경부선,서울,6385,1779,8164
202204,경부선,서정리,6684,5581,12265
202204,경부선,석수,6453,6080,12533
202204,경부선,성균관대,10416,10266,20682
202204,경부선,성환,2974,2722,5696
202204,경부선,세류,2289,2285,4574
202204,경부선,세마,2060,1833,3893
202204,경부선,송탄,5038,4337,9375
202204,경부선,수원,36000,39451,75451
202204,경부선,신길,5810,4875,10685
202204,경부선,신도림,2983,2924,5907
202204,경부선,안양,16613,16435,33048
202204,경부선,영등포,36962,38261,75223
202204,경부선,오산,8865,8287,17152
202204,경부선,오산대,2849,2533,5382
202204,경부선,용산,31156,33374,64530
202204,경부선,의왕,5977,5792,11769
202204,경부선,직산,660,623,1283
202204,경부선,진위,1032,872,1904
202204,경부선,천안,5783,6100,11883
202204,경부선,평택,13488,12635,26123
202204,경부선,평택지제,2973,2793,5766
202204,경부선,화서,5513,5541,11054
202204,경부선,가산디지털단지,4375,6123,10498
202204,경부선,관악,4491,4055,8546
202204,경부선,광명,2519,1909,4428
202204,경부선,구로,8505,8659,17164
202204,경부선,군포,2781,2613,5394
202204,경부선,금정,13156,13385,26541
202204,경부선,금천구청,5870,5835,11705
202204,경부선,남영,3875,4239,8114
202204,경부선,노량진,5313,5143,10456
202204,경부선,당정,2862,2833,5695
202204,경부선,대방,5512,5760,11272
202204,경부선,독산,5837,5888,11725
202204,경부선,두정,4243,5521,9764
202204,경부선,명학,3045,2921,5966
202204,경부선,병점,8812,9406,18218
202204,경부선,서동탄,728,761,1489
202204,경부선,서울,7751,1591,9342
202204,경부선,서정리,4155,5967,10122
202204,경부선,석수,4848,4539,9387
202204,경부선,성균관대,7026,7586,14612
202204,경부선,성환,2291,3050,5341
202204,경부선,세류,1873,1780,3653
202204,경부선,세마,1593,1492,3085
202204,경부선,송탄,3497,4289,7786
202204,경부선,수원,31175,30116,61291
202204,경부선,신길,4586,4184,8770
202204,경부선,신도림,2308,2299,4607
202204,경부선,안양,12720,12162,24882
202204,경부선,영등포,30520,29333,59853
202204,경부선,오산,7512,7839,15351
202204,경부선,오산대,2081,1998,4079
202204,경부선,용산,29635,26215,55850
202204,경부선,의왕,4109,4122,8231
202204,경부선,직산,555,597,1152
202204,경부선,진위,867,882,1749
202204,경부선,천안,5726,5842,11568
202204,경부선,평택,10620,11448,22068
202204,경부선,평택지제,2480,2251,4731
202204,경부선,화서,3953,3878,7831
202204,경부선,가산디지털단지,6856,8709,15565
202204,경부선,관악,6142,5711,11853
202204,경부선,광명,2807,2457,5264
202204,경부선,구로,12713,13502,26215
202204,경부선,군포,4397,3974,8371
202204,경부선,금정,20070,19840,39910
202204,경부선,금천구청,8917,9202,18119
202204,경부선,남영,5415,5664,11079
202204,경부선,노량진,8844,8191,17035
202204,경부선,당정,4411,4039,8450
202204,경부선,대방,8894,8558,17452
202204,경부선,독산,9375,9139,18514
202204,경부선,두정,5665,5476,11141
202204,경부선,명학,5137,5022,10159
202204,경부선,병점,12370,12265,24635
202204,경부선,서동탄,973,1047,2020
202204,경부선,서울,7409,1909,9318
202204,경부선,서정리,7104,5740,12844
202204,경부선,석수,7126,6690,13816
202204,경부선,성균관대,10426,10273,20699
202204,경부선,성환,3098,2841,5939
202204,경부선,세류,2520,2503,5023
202204,경부선,세마,2179,1919,4098
202204,경부선,송탄,5047,4372,9419
202204,경부선,수원,37628,41204,78832
202204,경부선,신길,6730,5993,12723
202204,경부선,신도림,3177,3363,6540
202204,경부선,안양,17958,17916,35874
202204,경부선,영등포,39746,39778,79524
202204,경부선,오산,9355,8577,17932
202204,경부선,오산대,3011,2685,5696
202204,경부선,용산,32858,35017,67875
202204,경부선,의왕,6323,6053,12376
202204,경부선,직산,746,670,1416
202204,경부선,진위,1128,909,2037
202204,경부선,천안,6515,6660,13175
202204,경부선,평택,13626,12999,26625
202204,경부선,평택지제,3175,3021,6196
202204,경부선,화서,5980,5991,11971
202204,경부선,가산디지털단지,5255,7043,12298
202204,경부선,관악,5156,4666,9822
202204,경부선,광명,2725,1966,4691
202204,경부선,구로,9872,10238,20110
202204,경부선,군포,3245,3079,6324
202204,경부선,금정,15296,15528,30824
202204,경부선,금천구청,6980,6972,13952
202204,경부선,남영,4093,4568,8661
202204,경부선,노량진,6425,6128,12553
202204,경부선,당정,3312,3246,6558
202204,경부선,대방,6624,6922,13546
202204,경부선,독산,6719,6672,13391
202204,경부선,두정,4412,5787,10199
202204,경부선,명학,3565,3493,7058
202204,경부선,병점,9869,10572,20441
202204,경부선,서동탄,769,798,1567
202204,경부선,서울,8234,1841,10075
202204,경부선,서정리,4650,6584,11234
202204,경부선,석수,5451,5428,10879
202204,경부선,성균관대,7784,8135,15919
202204,경부선,성환,2679,3350,6029
202204,경부선,세류,2170,2090,4260
202204,경부선,세마,1753,1576,3329
202204,경부선,송탄,3751,4666,8417
202204,경부선,수원,34026,33773,67799
202204,경부선,신길,5831,5241,11072
202204,경부선,신도림,2600,2583,5183
202204,경부선,안양,14295,13673,27968
202204,경부선,영등포,33936,31028,64964
202204,경부선,오산,8023,8263,16286
202204,경부선,오산대,2373,2268,4641
202204,경부선,용산,31310,27594,58904
202204,경부선,의왕,4453,4491,8944
202204,경부선,직산,572,641,1213
202204,경부선,진위,949,954,1903
202204,경부선,천안,6136,6440,12576
202204,경부선,평택,11737,12577,24314
202204,경부선,평택지제,2527,2356,4883
202204,경부선,화서,4647,4505,9152
202204,경부선,가산디지털단지,6533,8515,15048
202204,경부선,관악,6286,5759,12045
202204,경부선,광명,2839,2447,5286
202204,경부선,구로,12827,13226,26053
202204,경부선,군포,4559,4039,8598
202204,경부선,금정,19663,19733,39396
202204,경부선,금천구청,8533,8434,16967
202204,경부선,남영,5832,5976,11808
202204,경부선,노량진,8470,7857,16327
202204,경부선,당정,4241,3882,8123
202204,경부선,대방,8514,8293,16807
202204,경부선,독산,9036,8805,17841
202204,경부선,두정,5388,5352,10740
202204,경부선,명학,5099,4731,9830
202204,경부선,병점,12494,12329,24823
202204,경부선,서동탄,977,1007,1984
202204,경부선,서울,6718,1963,8681
202204,경부선,서정리,7214,5808,13022
202204,경부선,석수,7182,6920,14102
202204,경부선,성균관대,11227,10788,22015
202204,경부선,성환,3291,3053,6344
202204,경부선,세류,2618,2571,5189
202204,경부선,세마,2265,2009,4274
202204,경부선,송탄,5235,4531,9766
202204,경부선,수원,37890,41985,79875
202204,경부선,신길,6135,5171,11306
202204,경부선,신도림,3003,3124,6127
202204,경부선,안양,18409,18171,36580
202204,경부선,영등포,39741,41321,81062
202204,경부선,오산,9611,8753,18364
202204,경부선,오산대,3176,2830,6006
202204,경부선,용산,33853,36306,70159
202204,경부선,의왕,6505,6078,12583
202204,경부선,직산,730,689,1419
202204,경부선,진위,1134,961,2095
202204,경부선,천안,6196,6497,12693
202204,경부선,평택,13856,13289,27145
202204,경부선,평택지제,3366,3041,6407
202204,경부선,화서,5708,5600,11308
202204,경부선,가산디지털단지,4868,6711,11579
202204,경부선,관악,5045,4583,9628
202204,경부선,광명,2830,1923,4753
202204,경부선,구로,9657,9519,19176
202204,경부선,군포,3222,3078,6300
202204,경부선,금정,15112,15408,30520
202204,경부선,금천구청,6503,6564,13067
202204,경부선,남영,4267,4659,8926
202204,경부선,노량진,5970,5684,11654
202204,경부선,당정,3094,3144,6238
202204,경부선,대방,6120,6362,12482
202204,경부선,독산,6367,6461,12828
202204,경부선,두정,4457,5485,9942
202204,경부선,명학,3524,3428,6952
202204,경부선,병점,9632,10330,19962
202204,경부선,서동탄,779,719,1498
202204,경부선,서울,7922,1678,9600
202204,경부선,서정리,4796,6852,11648
202204,경부선,석수,5289,5124,10413
202204,경부선,성균관대,7851,8618,16469
202204,경부선,성환,2753,3502,6255
202204,경부선,세류,2102,2043,4145
202204,경부선,세마,1696,1651,3347
202204,경부선,송탄,3707,4475,8182
202204,경부선,수원,34048,33154,67202
202204,경부선,신길,4977,4448,9425
202204,경부선,신도림,2390,2521,4911
202204,경부선,안양,13734,13142,26876
202204,경부선,영등포,32436,31105,63541
202204,경부선,오산,7754,8340,16094
202204,경부선,오산대,2403,2286,4689
202204,경부선,용산,31886,28464,60350
202204,경부선,의왕,4435,4619,9054
202204,경부선,직산,629,688,1317
202204,경부선,진위,955,935,1890
202204,경부선,천안,6322,6215,12537
202204,경부선,평택,11908,12697,24605
202204,경부선,평택지제,2719,2556,5275
202204,경부선,화서,4272,4270,8542
202204,경부선,가산디지털단지,6698,8723,15421
202204,경부선,관악,6683,6373,13056
202204,경부선,광명,2969,2659,5628
202204,경부선,구로,13673,14089,27762
202204,경부선,군포,4519,4117,8636
202204,경부선,금정,20294,20061,40355
202204,경부선,금천구청,8907,8766,17673
202204,경부선,남영,5769,6043,11812
202204,경부선,노량진,8778,7916,16694
202204,경부선,당정,4237,3962,8199
202204,경부선,대방,8537,8445,16982
202204,경부선,독산,9586,9033,18619
202204,경부선,두정,5716,5760,11476
202204,경부선,명학,5228,4955,10183
202204,경부선,병점,12860,12540,25400
202204,경부선,서동탄,1063,1057,2120
202204,경부선,서울,7565,1956,9521
202204,경부선,서정리,7437,5914,13351
202204,경부선,석수,7317,6698,14015
202204,경부선,성균관대,11595,11347,22942
202204,경부선,성환,3278,2873,6151
202204,경부선,세류,2670,2583,5253
202204,경부선,세마,2342,2238,4580
202204,경부선,송탄,5338,4692,10030
202204,경부선,수원,38650,42763,81413
202204,경부선,신길,6386,5247,11633
202204,경부선,신도림,3172,3329,6501
202204,경부선,안양,18544,18470,37014
202204,경부선,영등포,40184,42542,82726
202204,경부선,오산,10260,9555,19815
202204,경부선,오산대,3348,3051,6399
202204,경부선,용산,34523,37727,72250
202204,경부선,의왕,6785,6584,13369
202204,경부선,직산,784,728,1512
202204,경부선,진위,1272,1096,2368
202204,경부선,천안,6589,6911,13500
202204,경부선,평택,14028,13670,27698
202204,경부선,평택지제,3529,3152,6681
202204,경부선,화서,6119,5920,12039
202204,경부선,가산디지털단지,5114,6844,11958
202204,경부선,관악,5040,4714,9754
202204,경부선,광명,2956,1957,4913
202204,경부선,구로,9778,10086,19864
202204,경부선,군포,3326,3116,6442
202204,경부선,금정,15233,15237,30470
202204,경부선,금천구청,6578,6418,12996
202204,경부선,남영,4355,4802,9157
202204,경부선,노량진,6146,5920,12066
202204,경부선,당정,3031,3051,6082
202204,경부선,대방,5974,6410,12384
202204,경부선,독산,6466,6539,13005
202204,경부선,두정,4655,5668,10323
202204,경부선,명학,3502,3557,7059
202204,경부선,병점,9588,10357,19945
202204,경부선,서동탄,785,849,1634
202204,경부선,서울,8430,1857,10287
202204,경부선,서정리,4647,6605,11252
202204,경부선,석수,5470,5259,10729
202204,경부선,성균관대,7954,8854,16808
202204,경부선,성환,2705,3391,6096
202204,경부선,세류,2088,2084,4172
202204,경부선,세마,1820,1633,3453
202204,경부선,송탄,3637,4524,8161
202204,경부선,수원,35190,34185,69375
202204,경부선,신길,4920,4309,9229
202204,경부선,신도림,2344,2524,4868
202204,경부선,안양,13772,13336,27108
202204,경부선,영등포,32831,31412,64243
202204,경부선,오산,8097,8448,16545
202204,경부선,오산대,2390,2464,4854
202204,경부선,용산,31944,28668,60612
202204,경부선,의왕,4640,4682,9322
202204,경부선,직산,662,713,1375
202204,경부선,진위,930,918,1848
202204,경부선,천안,6635,6524,13159
202204,경부선,평택,12063,12755,24818
202204,경부선,평택지제,2722,2453,5175
202204,경부선,화서,4400,4263,8663
202204,경부선,가산디지털단지,6907,9190,16097
202204,경부선,관악,6624,6279,12903
202204,경부선,광명,3318,2858,6176
202204,경부선,구로,13629,14310,27939
202204,경부선,군포,4566,4064,8630
202204,경부선,금정,21101,21115,42216
202204,경부선,금천구청,9217,9215,18432
202204,경부선,남영,6466,6872,13338
202204,경부선,노량진,9386,8882,18268
202204,경부선,당정,4512,4122,8634
202204,경부선,대방,8933,9024,17957
202204,경부선,독산,9914,9652,19566
202204,경부선,두정,6139,6143,12282
202204,경부선,명학,5517,5170,10687
202204,경부선,병점,13928,13636,27564
202204,경부선,서동탄,1088,1156,2244
202204,경부선,서울,9068,2357,11425
202204,경부선,서정리,7805,6254,14059
202204,경부선,석수,7470,7048,14518
202204,경부선,성균관대,12229,11773,24002
202204,경부선,성환,3504,3152,6656
202204,경부선,세류,2791,2858,5649
202204,경부선,세마,2583,2316,4899
202204,경부선,송탄,5437,4736,10173
202204,경부선,수원,42338,46467,88805
202204,경부선,신길,6606,5444,12050
202204,경부선,신도림,3273,3696,6969
202204,경부선,안양,19925,19863,39788
202204,경부선,영등포,43261,45304,88565
202204,경부선,오산,10542,9615,20157
202204,경부선,오산대,3456,3125,6581
202204,경부선,용산,38822,41566,80388
202204,경부선,의왕,6761,6541,13302
202204,경부선,직산,792,733,1525
202204,경부선,진위,1243,1064,2307
202204,경부선,천안,7428,7547,14975
202204,경부선,평택,15517,14697,30214
202204,경부선,평택지제,3549,3294,6843
202204,경부선,화서,6333,6404,12737
202205,경부선,가산디지털단지,5362,7168,12530
202205,경부선,관악,5734,5372,11106
202205,경부선,광명,3037,2179,5216
202205,경부선,구로,10372,10467,20839
202205,경부선,군포,3320,3137,6457
202205,경부선,금정,16083,16527,32610
202205,경부선,금천구청,6832,6862,13694
202205,경부선,남영,4823,5147,9970
202205,경부선,노량진,6587,6544,13131
202205,경부선,당정,3431,3373,6804
202205,경부선,대방,6707,7013,13720
202205,경부선,독산,6885,6890,13775
202205,경부선,두정,5020,6567,11587
202205,경부선,명학,3446,3524,6970
202205,경부선,병점,10592,11359,21951
202205,경부선,서동탄,916,906,1822
202205,경부선,서울,9183,2158,11341
202205,경부선,서정리,4929,7070,11999
202205,경부선,석수,5939,5700,11639
202205,경부선,성균관대,8694,9678,18372
202205,경부선,성환,2800,3708,6508
202205,경부선,세류,2369,2241,4610
202205,경부선,세마,1992,1852,3844
202205,경부선,송탄,3932,4903,8835
202205,경부선,수원,40396,38732,79128
202205,경부선,신길,5207,4663,9870
202205,경부선,신도림,2488,2622,5110
202205,경부선,안양,14992,14407,29399
202205,경부선,영등포,35422,34223,69645
202205,경부선,오산,8614,9060,17674
202205,경부선,오산대,2723,2665,5388
202205,경부선,용산,35900,32868,68768
202205,경부선,의왕,4891,4922,9813
202205,경부선,직산,677,722,1399
202205,경부선,진위,996,978,1974
202205,경부선,천안,7104,7490,14594
202205,경부선,평택,13451,14020,27471
202205,경부선,평택지제,2856,2738,5594
202205,경부선,화서,4686,4969,9655
202205,경부선,가산디지털단지,6395,8497,14892
202205,경부선,관악,6040,5759,11799
202205,경부선,광명,3337,2722,6059
202205,경부선,구로,12923,13569,26492
202205,경부선,군포,4356,3886,8242
202205,경부선,금정,19290,19272,38562
202205,경부선,금천구청,8601,8592,17193
202205,경부선,남영,6276,6039,12315
202205,경부선,노량진,8696,7954,16650
202205,경부선,당정,4209,4036,8245
202205,경부선,대방,8403,8237,16640
202205,경부선,독산,9178,8679,17857
202205,경부선,두정,5815,5823,11638
202205,경부선,명학,4945,4682,9627
202205,경부선,병점,12625,12646,25271
202205,경부선,서동탄,984,1024,2008
202205,경부선,서울,9801,2244,12045
202205,경부선,서정리,7391,6258,13649
202205,경부선,석수,6745,6234,12979
202205,경부선,성균관대,11180,10819,21999
202205,경부선,성환,3277,3110,6387
202205,경부선,세류,2572,2598,5170
202205,경부선,세마,2367,2172,4539
202205,경부선,송탄,5288,4704,9992
202205,경부선,수원,40750,43547,84297
202205,경부선,신길,6316,5326,11642
202205,경부선,신도림,2930,3140,6070
202205,경부선,안양,18193,18310,36503
202205,경부선,영등포,41085,42599,83684
202205,경부선,오산,9793,9430,19223
202205,경부선,오산대,3158,2805,5963
202205,경부선,용산,41957,44319,86276
202205,경부선,의왕,6424,6121,12545
202205,경부선,직산,716,778,1494
202205,경부선,진위,1118,979,2097
202205,경부선,천안,7164,7366,14530
202205,경부선,평택,14734,14483,29217
202205,경부선,평택지제,3309,3002,6311
202205,경부선,화서,5657,5756,11413
202205,경부선,가산디지털단지,4762,7100,11862
202205,경부선,관악,6157,5962,12119
202205,경부선,광명,3278,2079,5357
202205,경부선,구로,10440,10735,21175
202205,경부선,군포,3350,3186,6536
202205,경부선,금정,14569,14996,29565
202205,경부선,금천구청,6511,6542,13053
202205,경부선,남영,4249,4956,9205
202205,경부선,노량진,5892,5958,11850
202205,경부선,당정,3282,3153,6435
202205,경부선,대방,6115,6866,12981
202205,경부선,독산,6245,6585,12830
202205,경부선,두정,4981,6518,11499
202205,경부선,명학,3364,3351,6715
202205,경부선,병점,10346,11223,21569
202205,경부선,서동탄,851,853,1704
202205,경부선,서울,10371,2212,12583
202205,경부선,서정리,4934,7149,12083
202205,경부선,석수,5340,4867,10207
202205,경부선,성균관대,7948,8949,16897
202205,경부선,성환,2836,3791,6627
202205,경부선,세류,2291,2232,4523
202205,경부선,세마,1901,1766,3667
202205,경부선,송탄,3837,4776,8613
202205,경부선,수원,36684,34898,71582
202205,경부선,신길,4935,4542,9477
202205,경부선,신도림,2238,2448,4686
202205,경부선,안양,14180,13600,27780
202205,경부선,영등포,33910,32100,66010
202205,경부선,오산,8996,9356,18352
202205,경부선,오산대,2425,2368,4793
202205,경부선,용산,38374,33186,71560
202205,경부선,의왕,4524,4700,9224
202205,경부선,직산,669,710,1379
202205,경부선,진위,1024,1022,2046
202205,경부선,천안,8131,7294,15425
202205,경부선,평택,13126,13530,26656
202205,경부선,평택지제,2837,2584,5421
202205,경부선,화서,4560,4326,8886
202205,경부선,가산디지털단지,7325,9449,16774
202205,경부선,관악,7190,6785,13975
202205,경부선,광명,3446,3046,6492
202205,경부선,구로,14546,15292,29838
202205,경부선,군포,4894,4455,9349
202205,경부선,금정,22236,21886,44122
202205,경부선,금천구청,9884,9927,19811
202205,경부선,남영,6778,6937,13715
202205,경부선,노량진,9592,8818,18410
202205,경부선,당정,4783,4533,9316
202205,경부선,대방,9701,9615,19316
202205,경부선,독산,10341,9915,20256
202205,경부선,두정,6667,6699,13366
202205,경부선,명학,5988,5706,11694
202205,경부선,병점,15044,14643,29687
202205,경부선,서동탄,1190,1205,2395
202205,경부선,서울,9956,2640,12596
202205,경부선,서정리,8214,6841,15055
202205,경부선,석수,8038,7493,15531
202205,경부선,성균관대,12482,12370,24852
202205,경부선,성환,3692,3282,6974
202205,경부선,세류,2919,2934,5853
202205,경부선,세마,2655,2392,5047
202205,경부선,송탄,5780,5115,10895
202205,경부선,수원,45614,49998,95612
202205,경부선,신길,6930,5933,12863
202205,경부선,신도림,3164,3461,6625
202205,경부선,안양,21231,21080,42311
202205,경부선,영등포,45768,47895,93663
202205,경부선,오산,10953,10245,21198
202205,경부선,오산대,3911,3533,7444
202205,경부선,용산,44320,46819,91139
202205,경부선,의왕,7266,6964,14230
202205,경부선,직산,842,794,1636
202205,경부선,진위,1280,1035,2315
202205,경부선,천안,8269,8426,16695
202205,경부선,평택,16208,15537,31745
202205,경부선,평택지제,3784,3418,7202
202205,경부선,화서,6887,6920,13807
202205,경부선,가산디지털단지,5349,7510,12859
202205,경부선,관악,6030,5589,11619
202205,경부선,광명,3243,2279,5522
202205,경부선,구로,11138,11189,22327
202205,경부선,군포,3562,3276,6838
202205,경부선,금정,16677,16955,33632
202205,경부선,금천구청,7363,7151,14514
202205,경부선,남영,5176,5588,10764
202205,경부선,노량진,6864,6530,13394
202205,경부선,당정,3422,3548,6970
202205,경부선,대방,7056,7371,14427
202205,경부선,독산,7159,7252,14411
202205,경부선,두정,5283,6684,11967
202205,경부선,명학,4099,3875,7974
202205,경부선,병점,11207,11921,23128
202205,경부선,서동탄,936,1021,1957
202205,경부선,서울,10010,2244,12254
202205,경부선,서정리,5210,7432,12642
202205,경부선,석수,5921,5877,11798
202205,경부선,성균관대,8986,9607,18593
202205,경부선,성환,2988,3888,6876
202205,경부선,세류,2452,2368,4820
202205,경부선,세마,1997,1876,3873
202205,경부선,송탄,4027,4955,8982
202205,경부선,수원,39652,38448,78100
202205,경부선,신길,5434,4833,10267
202205,경부선,신도림,2507,2649,5156
202205,경부선,안양,16144,15525,31669
202205,경부선,영등포,37434,36239,73673
202205,경부선,오산,8918,9304,18222
202205,경부선,오산대,2859,2779,5638
202205,경부선,용산,39883,36949,76832
202205,경부선,의왕,4998,5133,10131
202205,경부선,직산,677,705,1382
202205,경부선,진위,1059,1029,2088
202205,경부선,천안,7456,7674,15130
202205,경부선,평택,13284,14579,27863
202205,경부선,평택지제,2982,2918,5900
202205,경부선,화서,5068,4797,9865
202205,경부선,가산디지털단지,7147,9438,16585
202205,경부선,관악,7165,6810,13975
202205,경부선,광명,3431,3121,6552
202205,경부선,구로,15301,16165,31466
202205,경부선,군포,4911,4358,9269
202205,경부선,금정,22544,22205,44749
202205,경부선,금천구청,9807,9663,19470
202205,경부선,남영,6568,6591,13159
202205,경부선,노량진,9892,9049,18941
202205,경부선,당정,4851,4507,9358
202205,경부선,대방,9738,9534,19272
202205,경부선,독산,10512,10007,20519
202205,경부선,두정,6695,6536,13231
202205,경부선,명학,6283,5940,12223
202205,경부선,병점,14462,14195,28657
202205,경부선,서동탄,1279,1315,2594
202205,경부선,서울,10808,2494,13302
202205,경부선,서정리,7475,6762,14237
202205,경부선,석수,8195,7708,15903
202205,경부선,성균관대,12369,12309,24678
202205,경부선,성환,3767,3484,7251
202205,경부선,세류,2896,2892,5788
202205,경부선,세마,2708,2351,5059
202205,경부선,송탄,5304,4910,10214
202205,경부선,수원,45059,48833,93892
202205,경부선,신길,6955,5840,12795
202205,경부선,신도림,3658,3834,7492
202205,경부선,안양,21072,20941,42013
202205,경부선,영등포,45449,48384,93833
202205,경부선,오산,11008,10066,21074
202205,경부선,오산대,3887,3574,7461
202205,경부선,용산,44159,47170,91329
202205,경부선,의왕,7161,6830,13991
202205,경부선,직산,881,831,1712
202205,경부선,진위,1206,1050,2256
202205,경부선,천안,8060,8360,16420
202205,경부선,평택,15787,15146,30933
202205,경부선,평택지제,3523,3404,6927
202205,경부선,화서,7016,6793,13809
202205,경부선,가산디지털단지,5491,7349,12840
202205,경부선,관악,5595,5184,10779
202205,경부선,광명,3295,2357,5652
202205,경부선,구로,11471,11580,23051
202205,경부선,군포,3494,3598,7092
202205,경부선,금정,16861,17032,33893
202205,경부선,금천구청,7439,7186,14625
202205,경부선,남영,5180,5531,10711
202205,경부선,노량진,6776,6423,13199
202205,경부선,당정,3534,3326,6860
202205,경부선,대방,6896,7104,14000
202205,경부선,독산,6961,6946,13907
202205,경부선,두정,5131,6635,11766
202205,경부선,명학,4085,4366,8451
202205,경부선,병점,10907,11458,22365
202205,경부선,서동탄,898,934,1832
202205,경부선,서울,9966,2244,12210
202205,경부선,서정리,5173,7782,12955
202205,경부선,석수,5897,5774,11671
202205,경부선,성균관대,8913,9257,18170
202205,경부선,성환,2830,3715,6545
202205,경부선,세류,2350,2346,4696
202205,경부선,세마,1962,1896,3858
202205,경부선,송탄,4002,4783,8785
202205,경부선,수원,39593,38916,78509
202205,경부선,신길,5191,4723,9914
202205,경부선,신도림,2600,2919,5519
202205,경부선,안양,15743,15326,31069
202205,경부선,영등포,37279,36607,73886
202205,경부선,오산,8879,9340,18219
202205,경부선,오산대,2878,2632,5510
202205,경부선,용산,38536,36117,74653
202205,경부선,의왕,4990,5128,10118
202205,경부선,직산,660,702,1362
202205,경부선,진위,1009,1010,2019
202205,경부선,천안,7498,7628,15126
202205,경부선,평택,13282,14517,27799
202205,경부선,평택지제,2977,2826,5803
202205,경부선,화서,4939,4943,9882
202205,경부선,가산디지털단지,7018,9285,16303
202205,경부선,관악,6955,6732,13687
202205,경부선,광명,3313,3006,6319
202205,경부선,구로,14569,15510,30079
202205,경부선,군포,4819,4340,9159
202205,경부선,금정,21846,21576,43422
202205,경부선,금천구청,9647,9579,19226
202205,경부선,남영,7174,7411,14585
202205,경부선,노량진,9608,8662,18270
202205,경부선,당정,4861,4377,9238
202205,경부선,대방,8567,9030,17597
202205,경부선,독산,10081,9704,19785
202205,경부선,두정,6308,6449,12757
202205,경부선,명학,5980,5623,11603
202205,경부선,병점,14460,14267,28727
202205,경부선,서동탄,1191,1211,2402
202205,경부선,서울,10001,2638,12639
202205,경부선,서정리,8293,6840,15133
202205,경부선,석수,8123,7498,15621
202205,경부선,성균관대,11738,11659,23397
202205,경부선,성환,3616,3274,6890
202205,경부선,세류,2789,2860,5649
202205,경부선,세마,2704,2395,5099
202205,경부선,송탄,5658,4970,10628
202205,경부선,수원,44067,47411,91478
202205,경부선,신길,6773,5735,12508
202205,경부선,신도림,3591,3892,7483
202205,경부선,안양,20713,20690,41403
202205,경부선,영등포,45814,48489,94303
202205,경부선,오산,11183,10400,21583
202205,경부선,오산대,3710,3300,7010
202205,경부선,용산,43799,47266,91065
202205,경부선,의왕,6995,6764,13759
202205,경부선,직산,835,791,1626
202205,경부선,진위,1272,1113,2385
202205,경부선,천안,7681,7823,15504
202205,경부선,평택,15622,15033,30655
202205,경부선,평택지제,3791,3512,7303
202205,경부선,화서,6809,6683,13492
202205,경부선,가산디지털단지,5243,7049,12292
202205,경부선,관악,5391,4968,10359
202205,경부선,광명,3153,2296,5449
202205,경부선,구로,11061,11269,22330
202205,경부선,군포,3439,3153,6592
202205,경부선,금정,16059,16468,32527
202205,경부선,금천구청,6910,6953,13863
202205,경부선,남영,4904,5288,10192
202205,경부선,노량진,6361,5881,12242
202205,경부선,당정,3322,3379,6701
202205,경부선,대방,6390,7055,13445
202205,경부선,독산,6903,6975,13878
202205,경부선,두정,5049,6298,11347
202205,경부선,명학,4014,3977,7991
202205,경부선,병점,10468,11425,21893
202205,경부선,서동탄,927,893,1820
202205,경부선,서울,9775,2219,11994
202205,경부선,서정리,5014,7238,12252
202205,경부선,석수,5793,5631,11424
202205,경부선,성균관대,8889,9068,17957
202205,경부선,성환,2984,3777,6761
202205,경부선,세류,2429,2291,4720
202205,경부선,세마,2020,1865,3885
202205,경부선,송탄,4046,4980,9026
202205,경부선,수원,38786,37219,76005
202205,경부선,신길,5076,4454,9530
202205,경부선,신도림,2677,2883,5560
202205,경부선,안양,15308,14898,30206
202205,경부선,영등포,35857,34961,70818
202205,경부선,오산,8809,9168,17977
202205,경부선,오산대,2636,2629,5265
202205,경부선,용산,37703,35182,72885
202205,경부선,의왕,5001,5008,10009
202205,경부선,직산,675,738,1413
202205,경부선,진위,1011,1007,2018
202205,경부선,천안,7375,7351,14726
202205,경부선,평택,13241,14106,27347
202205,경부선,평택지제,2870,2718,5588
202205,경부선,화서,5709,5696,11405
202206,경부선,가산디지털단지,6699,8716,15415
202206,경부선,관악,6570,6231,12801
202206,경부선,광명,3221,3061,6282
202206,경부선,구로,13826,14400,28226
202206,경부선,군포,4567,4139,8706
202206,경부선,금정,20402,20177,40579
202206,경부선,금천구청,9079,8897,17976
202206,경부선,남영,6112,6113,12225
202206,경부선,노량진,8662,7592,16254
202206,경부선,당정,4346,3974,8320
202206,경부선,대방,7670,8069,15739
202206,경부선,독산,9419,8850,18269
202206,경부선,두정,6316,6182,12498
202206,경부선,명학,4974,4582,9556
202206,경부선,병점,13098,12995,26093
202206,경부선,서동탄,1049,1111,2160
202206,경부선,서울,10011,2752,12763
202206,경부선,서정리,7926,6154,14080
202206,경부선,석수,7364,6765,14129
202206,경부선,성균관대,11613,10935,22548
202206,경부선,성환,3565,3290,6855
202206,경부선,세류,2774,2798,5572
202206,경부선,세마,2437,2194,4631
202206,경부선,송탄,5374,4634,10008
202206,경부선,수원,40521,44893,85414
202206,경부선,신길,6269,5285,11554
202206,경부선,신도림,3729,3599,7328
202206,경부선,안양,19208,19004,38212
202206,경부선,영등포,42262,45526,87788
202206,경부선,오산,10498,9736,20234
202206,경부선,오산대,3430,2933,6363
202206,경부선,용산,40797,46302,87099
202206,경부선,의왕,6752,6424,13176
202206,경부선,직산,799,767,1566
202206,경부선,진위,1157,1004,2161
202206,경부선,천안,7493,8161,15654
202206,경부선,평택,14966,14942,29908
202206,경부선,평택지제,3674,3304,6978
202206,경부선,화서,6426,6277,12703
202206,경부선,가산디지털단지,5241,6830,12071
202206,경부선,관악,5327,4923,10250
202206,경부선,광명,2863,2202,5065
202206,경부선,구로,10616,10992,21608
202206,경부선,군포,3259,3041,6300
202206,경부선,금정,16121,15898,32019
202206,경부선,금천구청,6730,6601,13331
202206,경부선,남영,4804,5004,9808
202206,경부선,노량진,6521,6066,12587
202206,경부선,당정,3371,3278,6649
202206,경부선,대방,5710,6092,11802
202206,경부선,독산,6884,6517,13401
202206,경부선,두정,4598,5049,9647
202206,경부선,명학,3578,3283,6861
202206,경부선,병점,10033,10164,20197
202206,경부선,서동탄,836,897,1733
202206,경부선,서울,8767,1834,10601
202206,경부선,서정리,4781,5652,10433
202206,경부선,석수,5720,5292,11012
202206,경부선,성균관대,8454,8450,16904
202206,경부선,성환,2691,2917,5608
202206,경부선,세류,2151,2183,4334
202206,경부선,세마,1981,1820,3801
202206,경부선,송탄,3880,3981,7861
202206,경부선,수원,35121,36038,71159
202206,경부선,신길,4947,4388,9335
202206,경부선,신도림,2794,2798,5592
202206,경부선,안양,14752,14572,29324
202206,경부선,영등포,35836,36211,72047
202206,경부선,오산,8355,8287,16642
202206,경부선,오산대,2548,2319,4867
202206,경부선,용산,36610,35160,71770
202206,경부선,의왕,4848,4636,9484
202206,경부선,직산,589,598,1187
202206,경부선,진위,862,851,1713
202206,경부선,천안,6577,6594,13171
202206,경부선,평택,12085,12445,24530
202206,경부선,평택지제,2519,2298,4817
202206,경부선,화서,4627,4528,9155
202206,경부선,가산디지털단지,7147,9215,16362
202206,경부선,관악,7056,6866,13922
202206,경부선,광명,3103,2793,5896
202206,경부선,구로,14465,15223,29688
202206,경부선,군포,4767,4258,9025
202206,경부선,금정,21692,21289,42981
202206,경부선,금천구청,9651,9319,18970
202206,경부선,남영,6624,6791,13415
202206,경부선,노량진,9074,8195,17269
202206,경부선,당정,4658,4294,8952
202206,경부선,대방,7900,8515,16415
202206,경부선,독산,10005,9603,19608
202206,경부선,두정,6055,6188,12243
202206,경부선,명학,5164,4771,9935
202206,경부선,병점,13913,13469,27382
202206,경부선,서동탄,1114,1170,2284
202206,경부선,서울,9337,2367,11704
202206,경부선,서정리,7812,6300,14112
202206,경부선,석수,7757,7128,14885
202206,경부선,성균관대,11566,11333,22899
202206,경부선,성환,3550,3248,6798
202206,경부선,세류,3008,2915,5923
202206,경부선,세마,2533,2270,4803
202206,경부선,송탄,5398,4767,10165
202206,경부선,수원,41344,45076,86420
202206,경부선,신길,6685,5680,12365
202206,경부선,신도림,3738,3660,7398
202206,경부선,안양,20042,19831,39873
202206,경부선,영등포,45187,47908,93095
202206,경부선,오산,10575,9566,20141
202206,경부선,오산대,3516,3071,6587
202206,경부선,용산,39945,43280,83225
202206,경부선,의왕,6723,6402,13125
202206,경부선,직산,865,810,1675
202206,경부선,진위,1252,1036,2288
202206,경부선,천안,7640,7929,15569
202206,경부선,평택,14800,14447,29247
202206,경부선,평택지제,3730,3372,7102
202206,경부선,화서,6793,6443,13236
202206,경부선,가산디지털단지,5169,7093,12262
202206,경부선,관악,5539,5242,10781
202206,경부선,광명,3027,2114,5141
202206,경부선,구로,10803,10854,21657
202206,경부선,군포,3335,3244,6579
202206,경부선,금정,15886,16211,32097
202206,경부선,금천구청,6721,6731,13452
202206,경부선,남영,5132,5345,10477
202206,경부선,노량진,6221,5906,12127
202206,경부선,당정,3432,3501,6933
202206,경부선,대방,5797,6449,12246
202206,경부선,독산,6714,6712,13426
202206,경부선,두정,4783,5784,10567
202206,경부선,명학,3517,3439,6956
202206,경부선,병점,10123,10776,20899
202206,경부선,서동탄,852,916,1768
202206,경부선,서울,8895,2070,10965
202206,경부선,서정리,5173,7320,12493
202206,경부선,석수,5919,5545,11464
202206,경부선,성균관대,8378,8809,17187
202206,경부선,성환,2754,3515,6269
202206,경부선,세류,2397,2276,4673
202206,경부선,세마,1804,1692,3496
202206,경부선,송탄,3893,4696,8589
202206,경부선,수원,35393,34171,69564
202206,경부선,신길,5063,4449,9512
202206,경부선,신도림,2584,2805,5389
202206,경부선,안양,15015,14624,29639
202206,경부선,영등포,36338,35405,71743
202206,경부선,오산,8368,8866,17234
202206,경부선,오산대,2447,2451,4898
202206,경부선,용산,36775,33513,70288
202206,경부선,의왕,4729,4776,9505
202206,경부선,직산,597,684,1281
202206,경부선,진위,953,997,1950
202206,경부선,천안,6918,6805,13723
202206,경부선,평택,12679,13624,26303
202206,경부선,평택지제,2824,2652,5476
202206,경부선,화서,4814,4633,9447
202206,경부선,가산디지털단지,7063,9076,16139
202206,경부선,관악,7209,6779,13988
202206,경부선,광명,3495,3066,6561
202206,경부선,구로,15043,15769,30812
202206,경부선,군포,4783,4317,9100
202206,경부선,금정,21981,21365,43346
202206,경부선,금천구청,9959,9767,19726
202206,경부선,남영,6934,6820,13754
202206,경부선,노량진,9000,8196,17196
202206,경부선,당정,4650,4310,8960
202206,경부선,대방,7866,8350,16216
202206,경부선,독산,10133,9776,19909
202206,경부선,두정,6493,6369,12862
202206,경부선,명학,5395,4925,10320
202206,경부선,병점,14805,14400,29205
202206,경부선,서동탄,1295,1275,2570
202206,경부선,서울,10051,2351,12402
202206,경부선,서정리,8012,6479,14491
202206,경부선,석수,8078,7287,15365
202206,경부선,성균관대,12382,11938,24320
202206,경부선,성환,3567,3267,6834
202206,경부선,세류,3089,2962,6051
202206,경부선,세마,2660,2360,5020
202206,경부선,송탄,5610,4895,10505
202206,경부선,수원,42933,46772,89705
202206,경부선,신길,6505,5454,11959
202206,경부선,신도림,3700,3980,7680
202206,경부선,안양,20652,20545,41197
202206,경부선,영등포,45461,48289,93750
202206,경부선,오산,11199,10577,21776
202206,경부선,오산대,3541,3241,6782
202206,경부선,용산,42424,45240,87664
202206,경부선,의왕,6747,6534,13281
202206,경부선,직산,857,794,1651
202206,경부선,진위,1245,1087,2332
202206,경부선,천안,7676,7963,15639
202206,경부선,평택,16061,15430,31491
202206,경부선,평택지제,3893,3457,7350
202206,경부선,화서,6970,6811,13781
202206,경부선,가산디지털단지,5117,6460,11577
202206,경부선,관악,5498,5089,10587
202206,경부선,광명,3275,2302,5577
202206,경부선,구로,10838,11210,22048
202206,경부선,군포,3323,3106,6429
202206,경부선,금정,15963,16331,32294
202206,경부선,금천구청,6758,6594,13352
202206,경부선,남영,5045,5307,10352
202206,경부선,노량진,6180,5763,11943
202206,경부선,당정,3256,3312,6568
202206,경부선,대방,5878,6511,12389
202206,경부선,독산,6670,6801,13471
202206,경부선,두정,5117,5842,10959
202206,경부선,명학,3515,3533,7048
202206,경부선,병점,10132,10973,21105
202206,경부선,서동탄,885,912,1797
202206,경부선,서울,9383,2217,11600
202206,경부선,서정리,5024,7416,12440
202206,경부선,석수,5839,5477,11316
202206,경부선,성균관대,8386,8727,17113
202206,경부선,성환,2823,3226,6049
202206,경부선,세류,2402,2350,4752
202206,경부선,세마,1827,1774,3601
202206,경부선,송탄,3924,4778,8702
202206,경부선,수원,36969,36038,73007
202206,경부선,신길,5143,4579,9722
202206,경부선,신도림,2600,2675,5275
202206,경부선,안양,14691,14492,29183
202206,경부선,영등포,35876,35031,70907
202206,경부선,오산,8651,9134,17785
202206,경부선,오산대,2639,2392,5031
202206,경부선,용산,37663,34185,71848
202206,경부선,의왕,4721,4758,9479
202206,경부선,직산,691,748,1439
202206,경부선,진위,975,978,1953
202206,경부선,천안,7143,6963,14106
202206,경부선,평택,13136,13986,27122
202206,경부선,평택지제,3035,2916,5951
202206,경부선,화서,4707,4598,9305
202206,경부선,가산디지털단지,7071,9345,16416
202206,경부선,관악,6810,6578,13388
202206,경부선,광명,3430,3050,6480
202206,경부선,구로,14651,15690,30341
202206,경부선,군포,4759,4295,9054
202206,경부선,금정,21540,21258,42798
202206,경부선,금천구청,9397,9222,18619
202206,경부선,남영,7188,7145,14333
202206,경부선,노량진,8989,8024,17013
202206,경부선,당정,4718,4360,9078
202206,경부선,대방,7938,8467,16405
202206,경부선,독산,9921,9601,19522
202206,경부선,두정,6271,6234,12505
202206,경부선,명학,5353,4905,10258
202206,경부선,병점,14182,13733,27915
202206,경부선,서동탄,1088,1186,2274
202206,경부선,서울,10202,2596,12798
202206,경부선,서정리,7915,6497,14412
202206,경부선,석수,7745,6906,14651
202206,경부선,성균관대,12082,11734,23816
202206,경부선,성환,3422,3092,6514
202206,경부선,세류,2886,2933,5819
202206,경부선,세마,2582,2299,4881
202206,경부선,송탄,5368,4702,10070
202206,경부선,수원,42254,46467,88721
202206,경부선,신길,6470,5510,11980
202206,경부선,신도림,3431,3786,7217
202206,경부선,안양,20029,20038,40067
202206,경부선,영등포,47598,50098,97696
202206,경부선,오산,10512,9763,20275
202206,경부선,오산대,3392,2991,6383
202206,경부선,용산,44426,47886,92312
202206,경부선,의왕,6636,6384,13020
202206,경부선,직산,799,766,1565
202206,경부선,진위,1254,1108,2362
202206,경부선,천안,7332,7626,14958
202206,경부선,평택,15162,14697,29859
202206,경부선,평택지제,3816,3488,7304
202206,경부선,화서,6677,6604,13281
202206,경부선,가산디지털단지,5028,6890,11918
202206,경부선,관악,5278,4848,10126
202206,경부선,광명,3141,2224,5365
202206,경부선,구로,11109,10925,22034
202206,경부선,군포,3232,3040,6272
202206,경부선,금정,16014,16063,32077
202206,경부선,금천구청,6633,6528,13161
202206,경부선,남영,5089,5287,10376
202206,경부선,노량진,6369,5567,11936
202206,경부선,당정,3180,3123,6303
202206,경부선,대방,5564,6147,11711
202206,경부선,독산,6562,6522,13084
202206,경부선,두정,4939,5502,10441
202206,경부선,명학,3358,3340,6698
202206,경부선,병점,10115,10794,20909
202206,경부선,서동탄,754,850,1604
202206,경부선,서울,9769,2233,12002
202206,경부선,서정리,4806,7114,11920
202206,경부선,석수,5410,4934,10344
202206,경부선,성균관대,8289,8658,16947
202206,경부선,성환,2623,3018,5641
202206,경부선,세류,2261,2283,4544
202206,경부선,세마,1737,1730,3467
202206,경부선,송탄,3702,4646,8348
202206,경부선,수원,35819,34846,70665
202206,경부선,신길,4803,4229,9032
202206,경부선,신도림,2448,2802,5250
202206,경부선,안양,14289,13892,28181
202206,경부선,영등포,37531,36100,73631
202206,경부선,오산,8184,8752,16936
202206,경부선,오산대,2343,2316,4659
202206,경부선,용산,38810,35413,74223
202206,경부선,의왕,4383,4414,8797
202206,경부선,직산,610,675,1285
202206,경부선,진위,924,1005,1929
202206,경부선,천안,6752,6564,13316
202206,경부선,평택,12406,13228,25634
202206,경부선,평택지제,3061,2795,5856
202206,경부선,화서,4579,4503,9082
202207,경부선,가산디지털단지,6536,8659,15195
202207,경부선,관악,6370,6029,12399
202207,경부선,광명,3191,2836,6027
202207,경부선,구로,13874,14602,28476
202207,경부선,군포,4332,3874,8206
202207,경부선,금정,20364,19960,40324
202207,경부선,금천구청,8694,8620,17314
202207,경부선,남영,8191,7024,15215
202207,경부선,노량진,8592,7598,16190
202207,경부선,당정,4339,4064,8403
202207,경부선,대방,7377,7906,15283
202207,경부선,독산,9565,9137,18702
202207,경부선,두정,5776,5799,11575
202207,경부선,명학,5210,4964,10174
202207,경부선,병점,13417,13298,26715
202207,경부선,서동탄,1167,1230,2397
202207,경부선,서울,9929,2412,12341
202207,경부선,서정리,7789,6411,14200
202207,경부선,석수,7313,6853,14166
202207,경부선,성균관대,11061,10810,21871
202207,경부선,성환,3133,2836,5969
202207,경부선,세류,2731,2833,5564
202207,경부선,세마,2527,2258,4785
202207,경부선,송탄,5242,4699,9941
202207,경부선,수원,42082,45439,87521
202207,경부선,신길,6416,5330,11746
202207,경부선,신도림,3151,3358,6509
202207,경부선,안양,19209,19151,38360
202207,경부선,영등포,45597,48303,93900
202207,경부선,오산,10179,9388,19567
202207,경부선,오산대,3169,2981,6150
202207,경부선,용산,43253,46306,89559
202207,경부선,의왕,6261,5981,12242
202207,경부선,직산,698,715,1413
202207,경부선,진위,1210,1027,2237
202207,경부선,천안,7084,7093,14177
202207,경부선,평택,15224,14282,29506
202207,경부선,평택지제,3656,3382,7038
202207,경부선,화서,6264,6290,12554
202207,경부선,가산디지털단지,4698,6727,11425
202207,경부선,관악,5087,4629,9716
202207,경부선,광명,3009,2029,5038
202207,경부선,구로,10295,10519,20814
202207,경부선,군포,3172,2966,6138
202207,경부선,금정,14975,15328,30303
202207,경부선,금천구청,6273,6249,12522
202207,경부선,남영,5025,5399,10424
202207,경부선,노량진,5470,5064,10534
202207,경부선,당정,2994,3093,6087
202207,경부선,대방,5543,6134,11677
202207,경부선,독산,6398,6478,12876
202207,경부선,두정,4680,5159,9839
202207,경부선,명학,3398,3199,6597
202207,경부선,병점,9836,10621,20457
202207,경부선,서동탄,850,962,1812
202207,경부선,서울,9423,2128,11551
202207,경부선,서정리,4795,6971,11766
202207,경부선,석수,5178,4865,10043
202207,경부선,성균관대,7861,8445,16306
202207,경부선,성환,2553,2866,5419
202207,경부선,세류,2224,2148,4372
202207,경부선,세마,1828,1804,3632
202207,경부선,송탄,3890,4851,8741
202207,경부선,수원,35904,34849,70753
202207,경부선,신길,4860,4237,9097
202207,경부선,신도림,2239,2561,4800
202207,경부선,안양,14219,13625,27844
202207,경부선,영등포,37384,36051,73435
202207,경부선,오산,8123,8756,16879
202207,경부선,오산대,2319,2241,4560
202207,경부선,용산,38970,35744,74714
202207,경부선,의왕,4030,4205,8235
202207,경부선,직산,568,648,1216
202207,경부선,진위,966,1021,1987
202207,경부선,천안,6501,6298,12799
202207,경부선,평택,12231,12838,25069
202207,경부선,평택지제,2779,2692,5471
202207,경부선,화서,4403,4289,8692
202207,경부선,가산디지털단지,6576,8562,15138
202207,경부선,관악,6701,6297,12998
202207,경부선,광명,2984,2759,5743
202207,경부선,구로,14179,14935,29114
202207,경부선,군포,4366,3899,8265
202207,경부선,금정,20772,20605,41377
202207,경부선,금천구청,8730,8428,17158
202207,경부선,남영,6281,6174,12455
202207,경부선,노량진,8231,7094,15325
202207,경부선,당정,4486,4111,8597
202207,경부선,대방,7426,7925,15351
202207,경부선,독산,9446,8916,18362
202207,경부선,두정,5977,5990,11967
202207,경부선,명학,4898,4533,9431
202207,경부선,병점,13422,13148,26570
202207,경부선,서동탄,1219,1217,2436
202207,경부선,서울,9107,2294,11401
202207,경부선,서정리,7752,6142,13894
202207,경부선,석수,7193,6630,13823
202207,경부선,성균관대,11373,11392,22765
202207,경부선,성환,3246,3050,6296
202207,경부선,세류,2895,2869,5764
202207,경부선,세마,2661,2359,5020
202207,경부선,송탄,5468,4743,10211
202207,경부선,수원,41832,46059,87891
202207,경부선,신길,6130,5054,11184
202207,경부선,신도림,3195,3351,6546
202207,경부선,안양,19624,19679,39303
202207,경부선,영등포,45909,48752,94661
202207,경부선,오산,10562,9805,20367
202207,경부선,오산대,3159,2827,5986
202207,경부선,용산,42518,46262,88780
202207,경부선,의왕,6229,6012,12241
202207,경부선,직산,778,744,1522
202207,경부선,진위,1135,961,2096
202207,경부선,천안,7180,7381,14561
202207,경부선,평택,14850,14293,29143
202207,경부선,평택지제,3709,3314,7023
202207,경부선,화서,6308,6014,12322
202207,경부선,가산디지털단지,4701,6655,11356
202207,경부선,관악,5097,4718,9815
202207,경부선,광명,3015,2129,5144
202207,경부선,구로,10540,10930,21470
202207,경부선,군포,3164,3128,6292
202207,경부선,금정,15240,15520,30760
202207,경부선,금천구청,6091,6188,12279
202207,경부선,남영,4978,5206,10184
202207,경부선,노량진,5545,5092,10637
202207,경부선,당정,2982,2964,5946
202207,경부선,대방,5370,6033,11403
202207,경부선,독산,6241,6371,12612
202207,경부선,두정,4859,5372,10231
202207,경부선,명학,3179,3096,6275
202207,경부선,병점,9923,10831,20754
202207,경부선,서동탄,812,823,1635
202207,경부선,서울,9350,1976,11326
202207,경부선,서정리,4826,7139,11965
202207,경부선,석수,5254,5017,10271
202207,경부선,성균관대,8341,8859,17200
202207,경부선,성환,2741,3168,5909
202207,경부선,세류,2272,2155,4427
202207,경부선,세마,2004,1936,3940
202207,경부선,송탄,3810,4811,8621
202207,경부선,수원,37288,36713,74001
202207,경부선,신길,4574,4138,8712
202207,경부선,신도림,2173,2503,4676
202207,경부선,안양,14844,14345,29189
202207,경부선,영등포,37877,36569,74446
202207,경부선,오산,8479,9070,17549
202207,경부선,오산대,2336,2186,4522
202207,경부선,용산,39141,35727,74868
202207,경부선,의왕,4255,4333,8588
202207,경부선,직산,595,660,1255
202207,경부선,진위,997,979,1976
202207,경부선,천안,6777,6650,13427
202207,경부선,평택,12708,13509,26217
202207,경부선,평택지제,2864,2719,5583
202207,경부선,화서,4506,4511,9017
202207,경부선,가산디지털단지,6383,8526,14909
202207,경부선,관악,6685,6187,12872
202207,경부선,광명,2828,2553,5381
202207,경부선,구로,13314,14036,27350
202207,경부선,군포,4433,4040,8473
202207,경부선,금정,20321,20396,40717
202207,경부선,금천구청,8546,8550,17096
202207,경부선,남영,7106,6978,14084
202207,경부선,노량진,7946,6995,14941
202207,경부선,당정,4311,4112,8423
202207,경부선,대방,7255,7753,15008
202207,경부선,독산,9592,8949,18541
202207,경부선,두정,5807,5926,11733
202207,경부선,명학,4886,4513,9399
202207,경부선,병점,13112,12900,26012
202207,경부선,서동탄,1099,1160,2259
202207,경부선,서울,9220,2336,11556
202207,경부선,서정리,7837,6151,13988
202207,경부선,석수,7201,6563,13764
202207,경부선,성균관대,11176,11112,22288
202207,경부선,성환,3156,2915,6071
202207,경부선,세류,3052,2999,6051
202207,경부선,세마,2555,2327,4882
202207,경부선,송탄,5319,4615,9934
202207,경부선,수원,41960,47186,89146
202207,경부선,신길,6132,5117,11249
202207,경부선,신도림,3009,3280,6289
202207,경부선,안양,18803,18781,37584
202207,경부선,영등포,42879,45616,88495
202207,경부선,오산,10254,9453,19707
202207,경부선,오산대,3025,2811,5836
202207,경부선,용산,40801,44405,85206
202207,경부선,의왕,6102,5879,11981
202207,경부선,직산,743,696,1439
202207,경부선,진위,1226,985,2211
202207,경부선,천안,6685,6878,13563
202207,경부선,평택,14610,14036,28646
202207,경부선,평택지제,3896,3483,7379
202207,경부선,화서,5935,5895,11830
202207,경부선,가산디지털단지,4829,6689,11518
202207,경부선,관악,5434,4974,10408
202207,경부선,광명,2875,1979,4854
202207,경부선,구로,10183,10372,20555
202207,경부선,군포,3109,2985,6094
202207,경부선,금정,15197,15709,30906
202207,경부선,금천구청,6377,6370,12747
202207,경부선,남영,4941,5037,9978
202207,경부선,노량진,5447,5076,10523
202207,경부선,당정,3189,3212,6401
202207,경부선,대방,5534,6099,11633
202207,경부선,독산,6426,6389,12815
202207,경부선,두정,4808,5292,10100
202207,경부선,명학,3235,3106,6341
202207,경부선,병점,9875,10506,20381
202207,경부선,서동탄,835,812,1647
202207,경부선,서울,9241,1988,11229
202207,경부선,서정리,4980,7383,12363
202207,경부선,석수,5185,4850,10035
202207,경부선,성균관대,8167,8492,16659
202207,경부선,성환,2694,3002,5696
202207,경부선,세류,2166,2137,4303
202207,경부선,세마,1955,1846,3801
202207,경부선,송탄,3786,4804,8590
202207,경부선,수원,35479,34519,69998
202207,경부선,신길,4628,4063,8691
202207,경부선,신도림,2222,2343,4565
202207,경부선,안양,14011,13791,27802
202207,경부선,영등포,35740,34760,70500
202207,경부선,오산,8041,8679,16720
202207,경부선,오산대,2250,2278,4528
202207,경부선,용산,37531,34465,71996
202207,경부선,의왕,4490,4528,9018
202207,경부선,직산,617,662,1279
202207,경부선,진위,937,953,1890
202207,경부선,천안,6427,6411,12838
202207,경부선,평택,12556,13411,25967
202207,경부선,평택지제,2818,2861,5679
202207,경부선,화서,4402,4179,8581
202207,경부선,가산디지털단지,6031,8094,14125
202207,경부선,관악,6169,6002,12171
202207,경부선,광명,2715,2449,5164
202207,경부선,구로,13157,13581,26738
202207,경부선,군포,4350,3952,8302
202207,경부선,금정,20331,20338,40669
202207,경부선,금천구청,8202,8312,16514
202207,경부선,남영,6541,6605,13146
202207,경부선,노량진,7499,6645,14144
202207,경부선,당정,4128,3903,8031
202207,경부선,대방,6992,7531,14523
202207,경부선,독산,8924,8651,17575
202207,경부선,두정,5583,5701,11284
202207,경부선,명학,4620,4477,9097
202207,경부선,병점,12693,12401,25094
202207,경부선,서동탄,1007,1040,2047
202207,경부선,서울,8585,2277,10862
202207,경부선,서정리,7359,5877,13236
202207,경부선,석수,6835,6215,13050
202207,경부선,성균관대,10409,10477,20886
202207,경부선,성환,3104,2816,5920
202207,경부선,세류,2574,2588,5162
202207,경부선,세마,2419,2136,4555
202207,경부선,송탄,4949,4485,9434
202207,경부선,수원,37631,41719,79350
202207,경부선,신길,5793,4850,10643
202207,경부선,신도림,2723,3013,5736
202207,경부선,안양,17797,17867,35664
202207,경부선,영등포,42739,44180,86919
202207,경부선,오산,10047,9417,19464
202207,경부선,오산대,3155,2756,5911
202207,경부선,용산,39069,41949,81018
202207,경부선,의왕,5871,5634,11505
202207,경부선,직산,748,669,1417
202207,경부선,진위,1019,899,1918
202207,경부선,천안,6439,6641,13080
202207,경부선,평택,13633,13077,26710
202207,경부선,평택지제,3689,3314,7003
202207,경부선,화서,5521,5314,10835
202207,경부선,가산디지털단지,4572,6341,10913
202207,경부선,관악,4501,4221,8722
202207,경부선,광명,2776,1872,4648
202207,경부선,구로,10049,10177,20226
202207,경부선,군포,3083,2967,6050
202207,경부선,금정,15341,15698,31039
202207,경부선,금천구청,5868,5991,11859
202207,경부선,남영,4782,5110,9892
202207,경부선,노량진,5293,4825,10118
202207,경부선,당정,3039,2977,6016
202207,경부선,대방,5100,5657,10757
202207,경부선,독산,6054,6080,12134
202207,경부선,두정,4795,5162,9957
202207,경부선,명학,3243,3185,6428
202207,경부선,병점,9175,10017,19192
202207,경부선,서동탄,748,812,1560
202207,경부선,서울,8813,2117,10930
202207,경부선,서정리,4704,7168,11872
202207,경부선,석수,4783,4221,9004
202207,경부선,성균관대,7812,8080,15892
202207,경부선,성환,2553,3000,5553
202207,경부선,세류,2072,2049,4121
202207,경부선,세마,1709,1716,3425
202207,경부선,송탄,3725,4517,8242
202207,경부선,수원,33718,32838,66556
202207,경부선,신길,4337,3887,8224
202207,경부선,신도림,2201,2390,4591
202207,경부선,안양,13431,13135,26566
202207,경부선,영등포,34028,33290,67318
202207,경부선,오산,7574,8097,15671
202207,경부선,오산대,2214,2142,4356
202207,경부선,용산,35235,32218,67453
202207,경부선,의왕,4395,4382,8777
202207,경부선,직산,605,679,1284
202207,경부선,진위,879,883,1762
202207,경부선,천안,6134,6089,12223
202207,경부선,평택,11877,12771,24648
202207,경부선,평택지제,2780,2742,5522
202207,경부선,화서,4098,3907,8005
202207,경부선,가산디지털단지,5858,7514,13372
202207,경부선,관악,5289,5152,10441
202207,경부선,광명,2738,2587,5325
202207,경부선,구로,11372,11760,23132
202207,경부선,군포,3855,3430,7285
202207,경부선,금정,18311,18486,36797
202207,경부선,금천구청,7143,7129,14272
202207,경부선,남영,5748,5689,11437
202207,경부선,노량진,6927,6130,13057
202207,경부선,당정,3761,3412,7173
202207,경부선,대방,6128,6513,12641
202207,경부선,독산,8171,7643,15814
202207,경부선,두정,5269,5383,10652
202207,경부선,명학,4093,3729,7822
202207,경부선,병점,11380,11328,22708
202207,경부선,서동탄,924,930,1854
202207,경부선,서울,9005,2436,11441
202207,경부선,서정리,7221,5693,12914
202207,경부선,석수,5935,5396,11331
202207,경부선,성균관대,9291,9414,18705
202207,경부선,성환,3094,2721,5815
202207,경부선,세류,2439,2414,4853
202207,경부선,세마,2144,1885,4029
202207,경부선,송탄,4994,4324,9318
202207,경부선,수원,37753,41581,79334
202207,경부선,신길,5523,4463,9986
202207,경부선,신도림,2339,2545,4884
202207,경부선,안양,16377,16208,32585
202207,경부선,영등포,39923,42178,82101
202207,경부선,오산,9778,8761,18539
202207,경부선,오산대,2661,2387,5048
202207,경부선,용산,40762,44335,85097
202207,경부선,의왕,5109,4853,9962
202207,경부선,직산,685,617,1302
202207,경부선,진위,1065,844,1909
202207,경부선,천안,6691,6952,13643
202207,경부선,평택,13699,13378,27077
202207,경부선,평택지제,3564,3367,6931
202207,경부선,화서,5020,4834,9854
202207,경부선,가산디지털단지,3895,5806,9701
202207,경부선,관악,3835,3584,7419
202207,경부선,광명,2752,1847,4599
202207,경부선,구로,8404,8736,17140
202207,경부선,군포,2671,2594,5265
202207,경부선,금정,13198,13601,26799
202207,경부선,금천구청,5035,5242,10277
202207,경부선,남영,4367,4687,9054
202207,경부선,노량진,4465,4458,8923
202207,경부선,당정,2593,2599,5192
202207,경부선,대방,4428,5238,9666
202207,경부선,독산,5323,5297,10620
202207,경부선,두정,4119,4277,8396
202207,경부선,명학,2694,2644,5338
202207,경부선,병점,8223,8985,17208
202207,경부선,서동탄,672,718,1390
202207,경부선,서울,9647,2217,11864
202207,경부선,서정리,4067,6202,10269
202207,경부선,석수,3986,3712,7698
202207,경부선,성균관대,6650,7033,13683
202207,경부선,성환,2357,2538,4895
202207,경부선,세류,1841,1937,3778
202207,경부선,세마,1605,1517,3122
202207,경부선,송탄,3295,4066,7361
202207,경부선,수원,31638,30606,62244
202207,경부선,신길,3890,3540,7430
202207,경부선,신도림,1619,1902,3521
202207,경부선,안양,11692,11285,22977
202207,경부선,영등포,33495,32121,65616
202207,경부선,오산,7081,7463,14544
202207,경부선,오산대,1819,1797,3616
202207,경부선,용산,39848,35400,75248
202207,경부선,의왕,3480,3501,6981
202207,경부선,직산,531,542,1073
202207,경부선,진위,916,832,1748
202207,경부선,천안,5840,5557,11397
202207,경부선,평택,10982,11155,22137
202207,경부선,평택지제,2526,2621,5147
202207,경부선,화서,3488,3559,7047
202208,경부선,가산디지털단지,5567,7317,12884
202208,경부선,관악,5352,5122,10474
202208,경부선,광명,2691,2360,5051
202208,경부선,구로,11706,12237,23943
202208,경부선,군포,3759,3376,7135
202208,경부선,금정,18362,18502,36864
202208,경부선,금천구청,7290,7304,14594
202208,경부선,남영,6040,6012,12052
202208,경부선,노량진,6925,6047,12972
202208,경부선,당정,3724,3365,7089
202208,경부선,대방,6105,6568,12673
202208,경부선,독산,8101,7732,15833
202208,경부선,두정,4930,5144,10074
202208,경부선,명학,4215,3767,7982
202208,경부선,병점,11665,11396,23061
202208,경부선,서동탄,929,989,1918
202208,경부선,서울,7950,2073,10023
202208,경부선,서정리,6910,5561,12471
202208,경부선,석수,6015,5612,11627
202208,경부선,성균관대,9592,9488,19080
202208,경부선,성환,2829,2628,5457
202208,경부선,세류,2248,2341,4589
202208,경부선,세마,2045,1805,3850
202208,경부선,송탄,4791,4298,9089
202208,경부선,수원,36059,38949,75008
202208,경부선,신길,5380,4414,9794
202208,경부선,신도림,2500,2680,5180
202208,경부선,안양,16331,16254,32585
202208,경부선,영등포,39768,41517,81285
202208,경부선,오산,8767,8149,16916
202208,경부선,오산대,2600,2327,4927
202208,경부선,용산,37640,40329,77969
202208,경부선,의왕,5420,5238,10658
202208,경부선,직산,653,602,1255
202208,경부선,진위,1032,879,1911
202208,경부선,천안,5921,6180,12101
202208,경부선,평택,12772,12565,25337
202208,경부선,평택지제,3532,3060,6592
202208,경부선,화서,5133,5075,10208
202208,경부선,가산디지털단지,4257,5895,10152
202208,경부선,관악,4532,4167,8699
202208,경부선,광명,2655,1831,4486
202208,경부선,구로,9527,9619,19146
202208,경부선,군포,2798,2720,5518
202208,경부선,금정,14156,14417,28573
202208,경부선,금천구청,5357,5472,10829
202208,경부선,남영,4491,4767,9258
202208,경부선,노량진,4903,4610,9513
202208,경부선,당정,2680,2790,5470
202208,경부선,대방,4759,5449,10208
202208,경부선,독산,5447,5461,10908
202208,경부선,두정,4280,4678,8958
202208,경부선,명학,2853,2784,5637
202208,경부선,병점,8796,9579,18375
202208,경부선,서동탄,717,690,1407
202208,경부선,서울,8638,2002,10640
202208,경부선,서정리,4601,6886,11487
202208,경부선,석수,4526,4312,8838
202208,경부선,성균관대,7024,7439,14463
202208,경부선,성환,2318,2694,5012
202208,경부선,세류,1937,1916,3853
202208,경부선,세마,1558,1534,3092
202208,경부선,송탄,3516,4302,7818
202208,경부선,수원,31594,30643,62237
202208,경부선,신길,4293,3837,8130
202208,경부선,신도림,1911,2192,4103
202208,경부선,안양,12605,12249,24854
202208,경부선,영등포,33257,32291,65548
202208,경부선,오산,7005,7611,14616
202208,경부선,오산대,1954,1925,3879
202208,경부선,용산,36283,32887,69170
202208,경부선,의왕,3714,3828,7542
202208,경부선,직산,531,634,1165
202208,경부선,진위,871,905,1776
202208,경부선,천안,5865,5717,11582
202208,경부선,평택,10927,11768,22695
202208,경부선,평택지제,2724,2572,5296
202208,경부선,화서,3809,3733,7542
202208,경부선,가산디지털단지,5479,7061,12540
202208,경부선,관악,5064,4945,10009
202208,경부선,광명,2608,2553,5161
202208,경부선,구로,11495,11560,23055
202208,경부선,군포,3944,3582,7526
202208,경부선,금정,17843,17874,35717
202208,경부선,금천구청,6989,6950,13939
202208,경부선,남영,6297,5568,11865
202208,경부선,노량진,7343,6289,13632
202208,경부선,당정,3609,3386,6995
202208,경부선,대방,5983,6293,12276
202208,경부선,독산,8000,7422,15422
202208,경부선,두정,4980,5101,10081
202208,경부선,명학,4194,3883,8077
202208,경부선,병점,11295,10921,22216
202208,경부선,서동탄,881,956,1837
202208,경부선,서울,8801,2693,11494
202208,경부선,서정리,7036,5197,12233
202208,경부선,석수,5733,5211,10944
202208,경부선,성균관대,9353,9076,18429
202208,경부선,성환,2859,2634,5493
202208,경부선,세류,2375,2442,4817
202208,경부선,세마,2107,1898,4005
202208,경부선,송탄,4653,3946,8599
202208,경부선,수원,34684,39329,74013
202208,경부선,신길,5430,4268,9698
202208,경부선,신도림,2523,2687,5210
202208,경부선,안양,15737,15649,31386
202208,경부선,영등포,37565,40673,78238
202208,경부선,오산,9027,8378,17405
202208,경부선,오산대,2569,2334,4903
202208,경부선,용산,38597,44585,83182
202208,경부선,의왕,5287,5060,10347
202208,경부선,직산,641,601,1242
202208,경부선,진위,1061,820,1881
202208,경부선,천안,5947,6425,12372
202208,경부선,평택,12692,12499,25191
202208,경부선,평택지제,3442,3218,6660
202208,경부선,화서,4970,4950,9920
202208,경부선,가산디지털단지,4369,5767,10136
202208,경부선,관악,4399,4151,8550
202208,경부선,광명,2305,1778,4083
202208,경부선,구로,9298,9667,18965
202208,경부선,군포,2932,2805,5737
202208,경부선,금정,14779,15092,29871
202208,경부선,금천구청,5928,5781,11709
202208,경부선,남영,4678,4839,9517
202208,경부선,노량진,5443,4908,10351
202208,경부선,당정,2963,2939,5902
202208,경부선,대방,4795,5231,10026
202208,경부선,독산,6026,5737,11763
202208,경부선,두정,4111,4372,8483
202208,경부선,명학,3053,2967,6020
202208,경부선,병점,8850,9168,18018
202208,경부선,서동탄,711,742,1453
202208,경부선,서울,7992,1852,9844
202208,경부선,서정리,4438,5345,9783
202208,경부선,석수,4645,4337,8982
202208,경부선,성균관대,7383,7579,14962
202208,경부선,성환,2282,2433,4715
202208,경부선,세류,1953,1942,3895
202208,경부선,세마,1742,1563,3305
202208,경부선,송탄,3387,3667,7054
202208,경부선,수원,32882,33267,66149
202208,경부선,신길,4391,3608,7999
202208,경부선,신도림,2035,2194,4229
202208,경부선,안양,13004,12913,25917
202208,경부선,영등포,34081,34348,68429
202208,경부선,오산,7269,7468,14737
202208,경부선,오산대,1941,1988,3929
202208,경부선,용산,35484,34180,69664
202208,경부선,의왕,3931,3910,7841
202208,경부선,직산,527,500,1027
202208,경부선,진위,846,779,1625
202208,경부선,천안,5549,5718,11267
202208,경부선,평택,10679,11020,21699
202208,경부선,평택지제,2470,2236,4706
202208,경부선,화서,3703,3743,7446
202208,경부선,가산디지털단지,6206,8058,14264
202208,경부선,관악,5987,5686,11673
202208,경부선,광명,3100,2646,5746
202208,경부선,구로,12619,13058,25677
202208,경부선,군포,4272,3893,8165
202208,경부선,금정,19557,19505,39062
202208,경부선,금천구청,8065,7838,15903
202208,경부선,남영,6084,6206,12290
202208,경부선,노량진,8027,7208,15235
202208,경부선,당정,4140,3884,8024
202208,경부선,대방,6792,7210,14002
202208,경부선,독산,9064,8676,17740
202208,경부선,두정,5563,5618,11181
202208,경부선,명학,4645,4405,9050
202208,경부선,병점,12481,12160,24641
202208,경부선,서동탄,1030,1000,2030
202208,경부선,서울,8834,2236,11070
202208,경부선,서정리,7590,5851,13441
202208,경부선,석수,6679,6196,12875
202208,경부선,성균관대,10375,10310,20685
202208,경부선,성환,3003,2740,5743
202208,경부선,세류,2531,2597,5128
202208,경부선,세마,2340,2068,4408
202208,경부선,송탄,5000,4364,9364
202208,경부선,수원,37891,43321,81212
202208,경부선,신길,5796,4798,10594
202208,경부선,신도림,2938,3077,6015
202208,경부선,안양,18020,17778,35798
202208,경부선,영등포,41460,43832,85292
202208,경부선,오산,9633,8805,18438
202208,경부선,오산대,2817,2524,5341
202208,경부선,용산,38651,41548,80199
202208,경부선,의왕,5810,5564,11374
202208,경부선,직산,770,684,1454
202208,경부선,진위,1154,988,2142
202208,경부선,천안,6445,6758,13203
202208,경부선,평택,13524,12843,26367
202208,경부선,평택지제,3676,3258,6934
202208,경부선,화서,5634,5597,11231
202208,경부선,가산디지털단지,4525,6217,10742
202208,경부선,관악,4964,4583,9547
202208,경부선,광명,2829,1941,4770
202208,경부선,구로,9495,9638,19133
202208,경부선,군포,2950,2770,5720
202208,경부선,금정,15290,15745,31035
202208,경부선,금천구청,5838,5884,11722
202208,경부선,남영,4830,5221,10051
202208,경부선,노량진,5524,5050,10574
202208,경부선,당정,3048,3064,6112
202208,경부선,대방,5277,5769,11046
202208,경부선,독산,6162,6232,12394
202208,경부선,두정,4789,5219,10008
202208,경부선,명학,3294,3100,6394
202208,경부선,병점,9341,10132,19473
202208,경부선,서동탄,804,783,1587
202208,경부선,서울,8762,2118,10880
202208,경부선,서정리,4740,7034,11774
202208,경부선,석수,5001,4823,9824
202208,경부선,성균관대,7899,7983,15882
202208,경부선,성환,2585,3010,5595
202208,경부선,세류,2071,1978,4049
202208,경부선,세마,1760,1679,3439
202208,경부선,송탄,3710,4614,8324
202208,경부선,수원,34140,33330,67470
202208,경부선,신길,4773,4200,8973
202208,경부선,신도림,2266,2324,4590
202208,경부선,안양,13470,13005,26475
202208,경부선,영등포,33635,32949,66584
202208,경부선,오산,7724,8274,15998
202208,경부선,오산대,2164,2096,4260
202208,경부선,용산,36073,33733,69806
202208,경부선,의왕,4107,4262,8369
202208,경부선,직산,604,666,1270
202208,경부선,진위,955,1013,1968
202208,경부선,천안,6453,6282,12735
202208,경부선,평택,11636,12491,24127
202208,경부선,평택지제,2854,2806,5660
202208,경부선,화서,4284,4046,8330
202208,경부선,가산디지털단지,6583,8611,15194
202208,경부선,관악,6848,6535,13383
202208,경부선,광명,3404,2907,6311
202208,경부선,구로,13258,14028,27286
202208,경부선,군포,4493,4180,8673
202208,경부선,금정,20973,20725,41698
202208,경부선,금천구청,8961,8746,17707
202208,경부선,남영,6649,6931,13580
202208,경부선,노량진,9033,8116,17149
202208,경부선,당정,4281,4048,8329
202208,경부선,대방,7336,7798,15134
202208,경부선,독산,9684,9077,18761
202208,경부선,두정,6145,6279,12424
202208,경부선,명학,4956,4502,9458
202208,경부선,병점,13043,12832,25875
202208,경부선,서동탄,1107,1095,2202
202208,경부선,서울,10255,2579,12834
202208,경부선,서정리,8343,6463,14806
202208,경부선,석수,7153,6615,13768
202208,경부선,성균관대,11480,11600,23080
202208,경부선,성환,3323,3020,6343
202208,경부선,세류,2681,2637,5318
202208,경부선,세마,2507,2189,4696
202208,경부선,송탄,5574,4947,10521
202208,경부선,수원,40368,43999,84367
202208,경부선,신길,6380,5385,11765
202208,경부선,신도림,3150,3498,6648
202208,경부선,안양,19130,19178,38308
202208,경부선,영등포,43077,45567,88644
202208,경부선,오산,9990,9221,19211
202208,경부선,오산대,3208,2874,6082
202208,경부선,용산,41877,44326,86203
202208,경부선,의왕,6386,6091,12477
202208,경부선,직산,838,758,1596
202208,경부선,진위,1232,1062,2294
202208,경부선,천안,7255,7484,14739
202208,경부선,평택,14771,14103,28874
202208,경부선,평택지제,3983,3662,7645
202208,경부선,화서,6105,5923,12028
202208,경부선,가산디지털단지,5107,6864,11971
202208,경부선,관악,5225,4941,10166
202208,경부선,광명,3231,2164,5395
202208,경부선,구로,10439,10554,20993
202208,경부선,군포,3193,3057,6250
202208,경부선,금정,15880,16348,32228
202208,경부선,금천구청,6542,6488,13030
202208,경부선,남영,5221,5490,10711
202208,경부선,노량진,6352,5889,12241
202208,경부선,당정,3252,3249,6501
202208,경부선,대방,5346,6003,11349
202208,경부선,독산,6712,6820,13532
202208,경부선,두정,5030,5837,10867
202208,경부선,명학,3340,3312,6652
202208,경부선,병점,10338,11051,21389
202208,경부선,서동탄,840,892,1732
202208,경부선,서울,9930,2376,12306
202208,경부선,서정리,4988,7453,12441
202208,경부선,석수,5365,5152,10517
202208,경부선,성균관대,8647,9390,18037
202208,경부선,성환,2913,3532,6445
202208,경부선,세류,2277,2213,4490
202208,경부선,세마,1938,1845,3783
202208,경부선,송탄,3822,4784,8606
202208,경부선,수원,36166,34573,70739
202208,경부선,신길,4877,4302,9179
202208,경부선,신도림,2403,2593,4996
202208,경부선,안양,14815,14355,29170
202208,경부선,영등포,35859,35089,70948
202208,경부선,오산,8816,9400,18216
202208,경부선,오산대,2352,2323,4675
202208,경부선,용산,37807,34562,72369
202208,경부선,의왕,4637,4751,9388
202208,경부선,직산,650,728,1378
202208,경부선,진위,996,931,1927
202208,경부선,천안,7085,6805,13890
202208,경부선,평택,12539,13083,25622
202208,경부선,평택지제,2969,3020,5989
202208,경부선,화서,4638,4513,9151
202209,경부선,가산디지털단지,6663,8928,15591
202209,경부선,관악,6746,6336,13082
202209,경부선,광명,3228,2784,6012
202209,경부선,구로,13770,14379,28149
202209,경부선,군포,4597,4219,8816
202209,경부선,금정,21397,21659,43056
202209,경부선,금천구청,9135,9119,18254
202209,경부선,남영,6828,6854,13682
202209,경부선,노량진,9512,8694,18206
202209,경부선,당정,4572,4362,8934
202209,경부선,대방,7438,8308,15746
202209,경부선,독산,9847,9442,19289
202209,경부선,두정,6436,6315,12751
202209,경부선,명학,5072,4619,9691
202209,경부선,병점,13521,13125,26646
202209,경부선,서동탄,1087,1084,2171
202209,경부선,서울,9898,2383,12281
202209,경부선,서정리,8148,6395,14543
202209,경부선,석수,7633,7012,14645
202209,경부선,성균관대,12238,11739,23977
202209,경부선,성환,3503,3287,6790
202209,경부선,세류,2843,2799,5642
202209,경부선,세마,2539,2314,4853
202209,경부선,송탄,5816,4902,10718
202209,경부선,수원,41268,45106,86374
202209,경부선,신길,6310,5273,11583
202209,경부선,신도림,3396,3549,6945
202209,경부선,안양,19547,19389,38936
202209,경부선,영등포,43503,45668,89171
202209,경부선,오산,10858,10088,20946
202209,경부선,오산대,3277,2890,6167
202209,경부선,용산,40553,42812,83365
202209,경부선,의왕,6577,6319,12896
202209,경부선,직산,804,779,1583
202209,경부선,진위,1216,1067,2283
202209,경부선,천안,7267,7220,14487
202209,경부선,평택,15400,14485,29885
202209,경부선,평택지제,3949,3546,7495
202209,경부선,화서,6325,6100,12425
202209,경부선,가산디지털단지,4436,6014,10450
202209,경부선,관악,4058,3872,7930
202209,경부선,광명,2655,1967,4622
202209,경부선,구로,9449,9562,19011
202209,경부선,군포,2959,2832,5791
202209,경부선,금정,14550,14801,29351
202209,경부선,금천구청,5439,5522,10961
202209,경부선,남영,4918,5054,9972
202209,경부선,노량진,5543,5227,10770
202209,경부선,당정,2873,2889,5762
202209,경부선,대방,4728,5374,10102
202209,경부선,독산,6060,6055,12115
202209,경부선,두정,4654,6269,10923
202209,경부선,명학,3015,3039,6054
202209,경부선,병점,9215,9792,19007
202209,경부선,서동탄,654,663,1317
202209,경부선,서울,8531,2062,10593
202209,경부선,서정리,4475,6647,11122
202209,경부선,석수,4446,4090,8536
202209,경부선,성균관대,7780,8408,16188
202209,경부선,성환,2544,3378,5922
202209,경부선,세류,2037,1935,3972
202209,경부선,세마,1706,1549,3255
202209,경부선,송탄,3483,4321,7804
202209,경부선,수원,32618,31667,64285
202209,경부선,신길,4276,3868,8144
202209,경부선,신도림,1947,2290,4237
202209,경부선,안양,12546,12281,24827
202209,경부선,영등포,33866,32304,66170
202209,경부선,오산,7247,7629,14876
202209,경부선,오산대,1984,1857,3841
202209,경부선,용산,34532,32627,67159
202209,경부선,의왕,3786,3806,7592
202209,경부선,직산,579,679,1258
202209,경부선,진위,859,863,1722
202209,경부선,천안,6271,6516,12787
202209,경부선,평택,11397,12027,23424
202209,경부선,평택지제,2700,2690,5390
202209,경부선,화서,3917,3679,7596
202209,경부선,가산디지털단지,4163,5786,9949
202209,경부선,관악,3301,3108,6409
202209,경부선,광명,2127,1735,3862
202209,경부선,구로,7564,7905,15469
202209,경부선,군포,2693,2359,5052
202209,경부선,금정,11443,11539,22982
202209,경부선,금천구청,5066,5056,10122
202209,경부선,남영,3045,3169,6214
202209,경부선,노량진,4956,4653,9609
202209,경부선,당정,2271,2183,4454
202209,경부선,대방,3747,3999,7746
202209,경부선,독산,4807,4694,9501
202209,경부선,두정,3835,3848,7683
202209,경부선,명학,2322,2263,4585
202209,경부선,병점,7430,7518,14948
202209,경부선,서동탄,641,631,1272
202209,경부선,서울,6724,1806,8530
202209,경부선,서정리,3872,3868,7740
202209,경부선,석수,3693,3262,6955
202209,경부선,성균관대,5797,5737,11534
202209,경부선,성환,3100,2741,5841
202209,경부선,세류,2028,1936,3964
202209,경부선,세마,1382,1209,2591
202209,경부선,송탄,3354,3327,6681
202209,경부선,수원,30264,30553,60817
202209,경부선,신길,3568,3114,6682
202209,경부선,신도림,1420,1573,2993
202209,경부선,안양,9802,10053,19855
202209,경부선,영등포,22254,23180,45434
202209,경부선,오산,7588,7159,14747
202209,경부선,오산대,1688,1670,3358
202209,경부선,용산,29731,29744,59475
202209,경부선,의왕,3136,3087,6223
202209,경부선,직산,644,622,1266
202209,경부선,진위,804,624,1428
202209,경부선,천안,6818,6423,13241
202209,경부선,평택,11522,11089,22611
202209,경부선,평택지제,2065,1917,3982
202209,경부선,화서,3232,3188,6420
202209,경부선,가산디지털단지,4539,7056,11595
202209,경부선,관악,4330,3856,8186
202209,경부선,광명,3048,1689,4737
202209,경부선,구로,9082,9623,18705
202209,경부선,군포,2916,2746,5662
202209,경부선,금정,14438,14402,28840
202209,경부선,금천구청,5798,5933,11731
202209,경부선,남영,4050,4523,8573
202209,경부선,노량진,5403,5554,10957
202209,경부선,당정,2924,2767,5691
202209,경부선,대방,4348,5163,9511
202209,경부선,독산,5350,5658,11008
202209,경부선,두정,4069,4726,8795
202209,경부선,명학,2938,2749,5687
202209,경부선,병점,9141,9539,18680
202209,경부선,서동탄,833,820,1653
202209,경부선,서울,9566,1423,10989
202209,경부선,서정리,4529,4808,9337
202209,경부선,석수,4798,4584,9382
202209,경부선,성균관대,7106,7678,14784
202209,경부선,성환,3013,2964,5977
202209,경부선,세류,2206,2060,4266
202209,경부선,세마,1720,1570,3290
202209,경부선,송탄,3662,3794,7456
202209,경부선,수원,38807,38163,76970
202209,경부선,신길,4070,3883,7953
202209,경부선,신도림,1907,2249,4156
202209,경부선,안양,12923,12619,25542
202209,경부선,영등포,34249,34374,68623
202209,경부선,오산,8525,8472,16997
202209,경부선,오산대,2357,2197,4554
202209,경부선,용산,39592,30091,69683
202209,경부선,의왕,4078,3929,8007
202209,경부선,직산,650,574,1224
202209,경부선,진위,956,870,1826
202209,경부선,천안,7346,6520,13866
202209,경부선,평택,13011,12548,25559
202209,경부선,평택지제,2508,2046,4554
202209,경부선,화서,3899,3890,7789
202209,경부선,가산디지털단지,6986,9224,16210
202209,경부선,관악,6338,6221,12559
202209,경부선,광명,3184,2770,5954
202209,경부선,구로,14158,14870,29028
202209,경부선,군포,4535,4237,8772
202209,경부선,금정,21983,21831,43814
202209,경부선,금천구청,9002,8818,17820
202209,경부선,남영,6999,6911,13910
202209,경부선,노량진,9492,8794,18286
202209,경부선,당정,4544,4189,8733
202209,경부선,대방,7725,8358,16083
202209,경부선,독산,9962,9564,19526
202209,경부선,두정,6713,6472,13185
202209,경부선,명학,5326,4983,10309
202209,경부선,병점,13743,13393,27136
202209,경부선,서동탄,1107,1108,2215
202209,경부선,서울,10978,2701,13679
202209,경부선,서정리,8595,6792,15387
202209,경부선,석수,7502,6980,14482
202209,경부선,성균관대,12180,11861,24041
202209,경부선,성환,3844,3340,7184
202209,경부선,세류,3000,2934,5934
202209,경부선,세마,2571,2293,4864
202209,경부선,송탄,5429,4873,10302
202209,경부선,수원,41886,45642,87528
202209,경부선,신길,6534,5502,12036
202209,경부선,신도림,3417,3604,7021
202209,경부선,안양,20366,19759,40125
202209,경부선,영등포,45746,48167,93913
202209,경부선,오산,10235,9452,19687
202209,경부선,오산대,3185,2825,6010
202209,경부선,용산,41370,42882,84252
202209,경부선,의왕,6566,6240,12806
202209,경부선,직산,793,783,1576
202209,경부선,진위,1219,977,2196
202209,경부선,천안,7535,7492,15027
202209,경부선,평택,15197,14314,29511
202209,경부선,평택지제,4152,3766,7918
202209,경부선,화서,6415,6403,12818
202209,경부선,가산디지털단지,5076,6842,11918
202209,경부선,관악,5315,4868,10183
202209,경부선,광명,2959,2206,5165
202209,경부선,구로,10636,10801,21437
202209,경부선,군포,3308,3070,6378
202209,경부선,금정,16476,16744,33220
202209,경부선,금천구청,6765,6607,13372
202209,경부선,남영,5404,5572,10976
202209,경부선,노량진,6602,6136,12738
202209,경부선,당정,3246,3309,6555
202209,경부선,대방,5577,6329,11906
202209,경부선,독산,6951,6852,13803
202209,경부선,두정,5046,6921,11967
202209,경부선,명학,3476,3209,6685
202209,경부선,병점,10267,10886,21153
202209,경부선,서동탄,847,862,1709
202209,경부선,서울,9552,2398,11950
202209,경부선,서정리,5193,7508,12701
202209,경부선,석수,5510,5282,10792
202209,경부선,성균관대,8824,9347,18171
202209,경부선,성환,3058,3868,6926
202209,경부선,세류,2253,2271,4524
202209,경부선,세마,1982,1794,3776
202209,경부선,송탄,3898,4573,8471
202209,경부선,수원,37622,36949,74571
202209,경부선,신길,5049,4376,9425
202209,경부선,신도림,2486,2708,5194
202209,경부선,안양,14603,14072,28675
202209,경부선,영등포,36765,36025,72790
202209,경부선,오산,8656,9049,17705
202209,경부선,오산대,2497,2423,4920
202209,경부선,용산,36107,34875,70982
202209,경부선,의왕,4545,4584,9129
202209,경부선,직산,632,708,1340
202209,경부선,진위,1038,1060,2098
202209,경부선,천안,6913,7625,14538
202209,경부선,평택,12904,13714,26618
202209,경부선,평택지제,2969,2917,5886
202209,경부선,화서,4633,4696,9329
202209,경부선,가산디지털단지,7391,9824,17215
202209,경부선,관악,7179,6738,13917
202209,경부선,광명,3646,3163,6809
202209,경부선,구로,15388,15977,31365
202209,경부선,군포,4841,4362,9203
202209,경부선,금정,22961,22883,45844
202209,경부선,금천구청,9885,9685,19570
202209,경부선,남영,7598,7641,15239
202209,경부선,노량진,10822,10234,21056
202209,경부선,당정,4841,4454,9295
202209,경부선,대방,8564,9123,17687
202209,경부선,독산,10908,10344,21252
202209,경부선,두정,7239,6993,14232
202209,경부선,명학,5405,4953,10358
202209,경부선,병점,14907,14400,29307
202209,경부선,서동탄,1230,1231,2461
202209,경부선,서울,11079,2923,14002
202209,경부선,서정리,9092,6937,16029
202209,경부선,석수,8084,7455,15539
202209,경부선,성균관대,13229,12811,26040
202209,경부선,성환,4124,3548,7672
202209,경부선,세류,3036,2981,6017
202209,경부선,세마,2743,2391,5134
202209,경부선,송탄,5796,5056,10852
202209,경부선,수원,45050,49364,94414
202209,경부선,신길,6982,6016,12998
202209,경부선,신도림,3718,4015,7733
202209,경부선,안양,20948,20775,41723
202209,경부선,영등포,47879,50167,98046
202209,경부선,오산,11007,10225,21232
202209,경부선,오산대,3643,3191,6834
202209,경부선,용산,44530,46581,91111
202209,경부선,의왕,6906,6766,13672
202209,경부선,직산,883,829,1712
202209,경부선,진위,1372,1170,2542
202209,경부선,천안,8218,8456,16674
202209,경부선,평택,16208,15708,31916
202209,경부선,평택지제,4472,3962,8434
202209,경부선,화서,7145,6975,14120
202209,경부선,가산디지털단지,5741,7522,13263
202209,경부선,관악,5502,5029,10531
202209,경부선,광명,3392,2476,5868
202209,경부선,구로,11923,11779,23702
202209,경부선,군포,3459,3305,6764
202209,경부선,금정,17564,17616,35180
202209,경부선,금천구청,7320,7139,14459
202209,경부선,남영,5599,5969,11568
202209,경부선,노량진,7219,6744,13963
202209,경부선,당정,3492,3473,6965
202209,경부선,대방,6172,6853,13025
202209,경부선,독산,7275,7235,14510
202209,경부선,두정,5516,7300,12816
202209,경부선,명학,3743,3602,7345
202209,경부선,병점,10843,11468,22311
202209,경부선,서동탄,891,871,1762
202209,경부선,서울,10091,2570,12661
202209,경부선,서정리,5601,8031,13632
202209,경부선,석수,5782,5573,11355
202209,경부선,성균관대,9131,9616,18747
202209,경부선,성환,3184,4059,7243
202209,경부선,세류,2466,2372,4838
202209,경부선,세마,2139,1955,4094
202209,경부선,송탄,4114,4946,9060
202209,경부선,수원,38581,37656,76237
202209,경부선,신길,5343,4691,10034
202209,경부선,신도림,2696,2967,5663
202209,경부선,안양,15578,14910,30488
202209,경부선,영등포,37054,36619,73673
202209,경부선,오산,8973,9416,18389
202209,경부선,오산대,2810,2679,5489
202209,경부선,용산,37499,35748,73247
202209,경부선,의왕,4900,4884,9784
202209,경부선,직산,701,753,1454
202209,경부선,진위,1046,1028,2074
202209,경부선,천안,7391,8184,15575
202209,경부선,평택,13739,14961,28700
202209,경부선,평택지제,3136,3151,6287
202209,경부선,화서,5205,5071,10276
202210,경부선,가산디지털단지,6989,9131,16120
202210,경부선,관악,6759,6557,13316
202210,경부선,광명,3426,3205,6631
202210,경부선,구로,14200,14789,28989
202210,경부선,군포,4636,4193,8829
202210,경부선,금정,21629,21591,43220
202210,경부선,금천구청,9292,9128,18420
202210,경부선,남영,6514,6496,13010
202210,경부선,노량진,10146,9170,19316
202210,경부선,당정,4598,4280,8878
202210,경부선,대방,7840,8172,16012
202210,경부선,독산,10181,9515,19696
202210,경부선,두정,6999,6825,13824
202210,경부선,명학,5226,4809,10035
202210,경부선,병점,14375,13853,28228
202210,경부선,서동탄,1183,1166,2349
202210,경부선,서울,11088,3473,14561
202210,경부선,서정리,8846,6695,15541
202210,경부선,석수,7583,6965,14548
202210,경부선,성균관대,11763,11823,23586
202210,경부선,성환,4321,3741,8062
202210,경부선,세류,2985,3058,6043
202210,경부선,세마,2577,2338,4915
202210,경부선,송탄,5746,5034,10780
202210,경부선,수원,42789,47237,90026
202210,경부선,신길,6607,5466,12073
202210,경부선,신도림,3506,3733,7239
202210,경부선,안양,19415,19323,38738
202210,경부선,영등포,44321,46460,90781
202210,경부선,오산,10800,9945,20745
202210,경부선,오산대,3565,3156,6721
202210,경부선,용산,43029,47320,90349
202210,경부선,의왕,6578,6235,12813
202210,경부선,직산,900,857,1757
202210,경부선,진위,1264,1127,2391
202210,경부선,천안,8232,8803,17035
202210,경부선,평택,16018,15665,31683
202210,경부선,평택지제,4480,4018,8498
202210,경부선,화서,6547,6475,13022
202210,경부선,가산디지털단지,5381,7264,12645
202210,경부선,관악,5276,5059,10335
202210,경부선,광명,2921,2224,5145
202210,경부선,구로,11389,11649,23038
202210,경부선,군포,3277,2981,6258
202210,경부선,금정,16852,16866,33718
202210,경부선,금천구청,6878,6795,13673
202210,경부선,남영,5439,5698,11137
202210,경부선,노량진,6951,6861,13812
202210,경부선,당정,3350,3221,6571
202210,경부선,대방,5599,6208,11807
202210,경부선,독산,7166,6877,14043
202210,경부선,두정,5047,5544,10591
202210,경부선,명학,3605,3299,6904
202210,경부선,병점,10434,10685,21119
202210,경부선,서동탄,789,850,1639
202210,경부선,서울,9282,2378,11660
202210,경부선,서정리,5695,6863,12558
202210,경부선,석수,5570,5244,10814
202210,경부선,성균관대,8694,8958,17652
202210,경부선,성환,2990,3227,6217
202210,경부선,세류,2287,2197,4484
202210,경부선,세마,1903,1736,3639
202210,경부선,송탄,3966,4216,8182
202210,경부선,수원,37513,38088,75601
202210,경부선,신길,5103,4431,9534
202210,경부선,신도림,2249,2732,4981
202210,경부선,안양,14572,14232,28804
202210,경부선,영등포,38636,38042,76678
202210,경부선,오산,8449,8345,16794
202210,경부선,오산대,2530,2380,4910
202210,경부선,용산,38229,35930,74159
202210,경부선,의왕,4666,4536,9202
202210,경부선,직산,640,691,1331
202210,경부선,진위,1052,961,2013
202210,경부선,천안,6739,6960,13699
202210,경부선,평택,12819,13290,26109
202210,경부선,평택지제,2880,2756,5636
202210,경부선,화서,4840,4849,9689
202210,경부선,가산디지털단지,7954,10724,18678
202210,경부선,관악,7262,6966,14228
202210,경부선,광명,3635,3450,7085
202210,경부선,구로,15203,16259,31462
202210,경부선,군포,4866,4437,9303
202210,경부선,금정,23198,22738,45936
202210,경부선,금천구청,10455,10044,20499
202210,경부선,남영,7597,7351,14948
202210,경부선,노량진,21103,20103,41206
202210,경부선,당정,4871,4436,9307
202210,경부선,대방,19337,13244,32581
202210,경부선,독산,11233,10737,21970
202210,경부선,두정,7336,6879,14215
202210,경부선,명학,5760,5313,11073
202210,경부선,병점,14872,14744,29616
202210,경부선,서동탄,1377,1447,2824
202210,경부선,서울,11789,3543,15332
202210,경부선,서정리,9649,7029,16678
202210,경부선,석수,8534,7705,16239
202210,경부선,성균관대,12826,12608,25434
202210,경부선,성환,4127,3584,7711
202210,경부선,세류,3065,3152,6217
202210,경부선,세마,2744,2444,5188
202210,경부선,송탄,6330,5535,11865
202210,경부선,수원,45688,51022,96710
202210,경부선,신길,14366,8191,22557
202210,경부선,신도림,3801,4253,8054
202210,경부선,안양,21855,21437,43292
202210,경부선,영등포,50620,50756,101376
202210,경부선,오산,12151,10837,22988
202210,경부선,오산대,3834,3486,7320
202210,경부선,용산,63509,65045,128554
202210,경부선,의왕,7072,6701,13773
202210,경부선,직산,892,834,1726
202210,경부선,진위,1471,1231,2702
202210,경부선,천안,8689,9205,17894
202210,경부선,평택,17073,16194,33267
202210,경부선,평택지제,4747,4311,9058
202210,경부선,화서,7117,7079,14196
202210,경부선,가산디지털단지,4805,6812,11617
202210,경부선,관악,4431,4333,8764
202210,경부선,광명,2872,2194,5066
202210,경부선,구로,10315,10560,20875
202210,경부선,군포,3395,3043,6438
202210,경부선,금정,15501,15532,31033
202210,경부선,금천구청,6020,6069,12089
202210,경부선,남영,4925,5168,10093
202210,경부선,노량진,6401,6340,12741
202210,경부선,당정,3131,3094,6225
202210,경부선,대방,5267,5847,11114
202210,경부선,독산,6726,6450,13176
202210,경부선,두정,4799,5392,10191
202210,경부선,명학,3466,3191,6657
202210,경부선,병점,9725,10164,19889
202210,경부선,서동탄,797,828,1625
202210,경부선,서울,10141,2563,12704
202210,경부선,서정리,5025,6295,11320
202210,경부선,석수,4877,4414,9291
202210,경부선,성균관대,8122,8361,16483
202210,경부선,성환,2748,2963,5711
202210,경부선,세류,2255,2125,4380
202210,경부선,세마,1803,1665,3468
202210,경부선,송탄,3694,4163,7857
202210,경부선,수원,36547,35936,72483
202210,경부선,신길,4689,4063,8752
202210,경부선,신도림,2067,2383,4450
202210,경부선,안양,13908,13820,27728
202210,경부선,영등포,38486,37834,76320
202210,경부선,오산,7807,8097,15904
202210,경부선,오산대,2294,2147,4441
202210,경부선,용산,39939,37839,77778
202210,경부선,의왕,4173,4056,8229
202210,경부선,직산,572,612,1184
202210,경부선,진위,938,866,1804
202210,경부선,천안,6300,6588,12888
202210,경부선,평택,11896,12345,24241
202210,경부선,평택지제,2772,2629,5401
202210,경부선,화서,4340,4282,8622
202210,경부선,가산디지털단지,7761,10080,17841
202210,경부선,관악,6971,6776,13747
202210,경부선,광명,3440,3186,6626
202210,경부선,구로,15274,15974,31248
202210,경부선,군포,4714,4335,9049
202210,경부선,금정,22791,22870,45661
202210,경부선,금천구청,9995,9942,19937
202210,경부선,남영,7198,7323,14521
202210,경부선,노량진,10928,10061,20989
202210,경부선,당정,4762,4414,9176
202210,경부선,대방,8100,8970,17070
202210,경부선,독산,10781,10164,20945
202210,경부선,두정,6641,6676,13317
202210,경부선,명학,5883,5312,11195
202210,경부선,병점,14503,14208,28711
202210,경부선,서동탄,1227,1183,2410
202210,경부선,서울,11271,3282,14553
202210,경부선,서정리,9326,7093,16419
202210,경부선,석수,7843,7310,15153
202210,경부선,성균관대,11930,12002,23932
202210,경부선,성환,3890,3630,7520
202210,경부선,세류,3090,2961,6051
202210,경부선,세마,2649,2260,4909
202210,경부선,송탄,5796,4980,10776
202210,경부선,수원,43000,47202,90202
202210,경부선,신길,6982,5691,12673
202210,경부선,신도림,3664,4053,7717
202210,경부선,안양,22091,21563,43654
202210,경부선,영등포,44823,46902,91725
202210,경부선,오산,11212,10310,21522
202210,경부선,오산대,3617,3204,6821
202210,경부선,용산,43438,46533,89971
202210,경부선,의왕,6893,6626,13519
202210,경부선,직산,895,827,1722
202210,경부선,진위,1320,1164,2484
202210,경부선,천안,7710,8072,15782
202210,경부선,평택,16391,15829,32220
202210,경부선,평택지제,4601,4021,8622
202210,경부선,화서,7228,7057,14285
202210,경부선,가산디지털단지,5690,7631,13321
202210,경부선,관악,5427,5157,10584
202210,경부선,광명,3176,2382,5558
202210,경부선,구로,12012,11874,23886
202210,경부선,군포,3424,3143,6567
202210,경부선,금정,16950,17176,34126
202210,경부선,금천구청,7462,7378,14840
202210,경부선,남영,5337,5444,10781
202210,경부선,노량진,7208,6862,14070
202210,경부선,당정,3504,3493,6997
202210,경부선,대방,5936,6714,12650
202210,경부선,독산,7079,7113,14192
202210,경부선,두정,5232,6645,11877
202210,경부선,명학,3697,3438,7135
202210,경부선,병점,10844,11296,22140
202210,경부선,서동탄,860,921,1781
202210,경부선,서울,10418,2460,12878
202210,경부선,서정리,5509,8229,13738
202210,경부선,석수,5850,5485,11335
202210,경부선,성균관대,8714,9244,17958
202210,경부선,성환,3277,4001,7278
202210,경부선,세류,2445,2401,4846
202210,경부선,세마,1951,1863,3814
202210,경부선,송탄,4067,5001,9068
202210,경부선,수원,37834,36784,74618
202210,경부선,신길,5424,4944,10368
202210,경부선,신도림,2702,3031,5733
202210,경부선,안양,16846,16139,32985
202210,경부선,영등포,36099,35388,71487
202210,경부선,오산,8911,9547,18458
202210,경부선,오산대,2607,2486,5093
202210,경부선,용산,39515,36506,76021
202210,경부선,의왕,4845,4889,9734
202210,경부선,직산,693,812,1505
202210,경부선,진위,1107,1044,2151
202210,경부선,천안,7107,7164,14271
202210,경부선,평택,13566,14497,28063
202210,경부선,평택지제,3190,3238,6428
202210,경부선,화서,5108,4944,10052
202210,경부선,가산디지털단지,7543,10086,17629
202210,경부선,관악,7266,6903,14169
202210,경부선,광명,3540,3069,6609
202210,경부선,구로,15617,16120,31737
202210,경부선,군포,4843,4384,9227
202210,경부선,금정,23182,23115,46297
202210,경부선,금천구청,9949,9826,19775
202210,경부선,남영,11017,7769,18786
202210,경부선,노량진,10991,10492,21483
202210,경부선,당정,4855,4432,9287
202210,경부선,대방,8498,9381,17879
202210,경부선,독산,10771,10241,21012
202210,경부선,두정,7078,6958,14036
202210,경부선,명학,5464,4905,10369
202210,경부선,병점,14687,14526,29213
202210,경부선,서동탄,1302,1355,2657
202210,경부선,서울,12005,2950,14955
202210,경부선,서정리,9798,7642,17440
202210,경부선,석수,7960,7452,15412
202210,경부선,성균관대,13273,12816,26089
202210,경부선,성환,3953,3610,7563
202210,경부선,세류,3209,3213,6422
202210,경부선,세마,2861,2487,5348
202210,경부선,송탄,6131,5249,11380
202210,경부선,수원,46076,49736,95812
202210,경부선,신길,7019,6106,13125
202210,경부선,신도림,3742,4118,7860
202210,경부선,안양,21144,20958,42102
202210,경부선,영등포,46622,49179,95801
202210,경부선,오산,11168,10581,21749
202210,경부선,오산대,3884,3542,7426
202210,경부선,용산,46233,48520,94753
202210,경부선,의왕,7149,6985,14134
202210,경부선,직산,923,906,1829
202210,경부선,진위,1383,1158,2541
202210,경부선,천안,8217,8411,16628
202210,경부선,평택,16686,16121,32807
202210,경부선,평택지제,4760,4173,8933
202210,경부선,화서,7512,7275,14787
202210,경부선,가산디지털단지,5613,7689,13302
202210,경부선,관악,5586,5163,10749
202210,경부선,광명,3396,2398,5794
202210,경부선,구로,11586,11625,23211
202210,경부선,군포,3553,3304,6857
202210,경부선,금정,17359,17573,34932
202210,경부선,금천구청,7220,7130,14350
202210,경부선,남영,5429,5747,11176
202210,경부선,노량진,7256,7165,14421
202210,경부선,당정,3441,3414,6855
202210,경부선,대방,6211,6903,13114
202210,경부선,독산,7264,7217,14481
202210,경부선,두정,5426,6936,12362
202210,경부선,명학,3675,3631,7306
202210,경부선,병점,10843,11468,22311
202210,경부선,서동탄,856,928,1784
202210,경부선,서울,10350,2442,12792
202210,경부선,서정리,5662,8411,14073
202210,경부선,석수,5960,5472,11432
202210,경부선,성균관대,9046,9676,18722
202210,경부선,성환,3065,3922,6987
202210,경부선,세류,2590,2518,5108
202210,경부선,세마,2092,1947,4039
202210,경부선,송탄,4114,5114,9228
202210,경부선,수원,39336,38226,77562
202210,경부선,신길,5359,4848,10207
202210,경부선,신도림,2682,2956,5638
202210,경부선,안양,15270,14691,29961
202210,경부선,영등포,37290,36534,73824
202210,경부선,오산,9535,9986,19521
202210,경부선,오산대,2940,2737,5677
202210,경부선,용산,39371,35904,75275
202210,경부선,의왕,5005,5032,10037
202210,경부선,직산,680,758,1438
202210,경부선,진위,1128,1090,2218
202210,경부선,천안,7616,7961,15577
202210,경부선,평택,13935,14995,28930
202210,경부선,평택지제,3253,3190,6443
202210,경부선,화서,5285,5059,10344
202210,경부선,가산디지털단지,7636,9897,17533
202210,경부선,관악,7289,6985,14274
202210,경부선,광명,3704,3079,6783
202210,경부선,구로,14972,15744,30716
202210,경부선,군포,5003,4464,9467
202210,경부선,금정,23293,23149,46442
202210,경부선,금천구청,10299,10100,20399
202210,경부선,남영,10360,8305,18665
202210,경부선,노량진,13564,13001,26565
202210,경부선,당정,5355,4876,10231
202210,경부선,대방,8554,9471,18025
202210,경부선,독산,11031,10439,21470
202210,경부선,두정,7416,7274,14690
202210,경부선,명학,5587,5187,10774
202210,경부선,병점,14952,14653,29605
202210,경부선,서동탄,1282,1293,2575
202210,경부선,서울,12728,3238,15966
202210,경부선,서정리,9823,7432,17255
202210,경부선,석수,8332,7738,16070
202210,경부선,성균관대,13304,12896,26200
202210,경부선,성환,4055,3683,7738
202210,경부선,세류,3116,3051,6167
202210,경부선,세마,2921,2497,5418
202210,경부선,송탄,6533,5948,12481
202210,경부선,수원,46314,50294,96608
202210,경부선,신길,7273,6286,13559
202210,경부선,신도림,3814,4278,8092
202210,경부선,안양,21305,21046,42351
202210,경부선,영등포,46400,48998,95398
202210,경부선,오산,11572,10690,22262
202210,경부선,오산대,3929,3660,7589
202210,경부선,용산,49518,52302,101820
202210,경부선,의왕,7159,6839,13998
202210,경부선,직산,880,887,1767
202210,경부선,진위,1374,1152,2526
202210,경부선,천안,8711,8551,17262
202210,경부선,평택,16980,16338,33318
202210,경부선,평택지제,4798,4091,8889
202210,경부선,화서,7370,7233,14603
202210,경부선,가산디지털단지,5596,7332,12928
202210,경부선,관악,5865,5179,11044
202210,경부선,광명,3274,2419,5693
202210,경부선,구로,11486,11540,23026
202210,경부선,군포,3282,3054,6336
202210,경부선,금정,17062,17229,34291
202210,경부선,금천구청,6951,7000,13951
202210,경부선,남영,5678,5711,11389
202210,경부선,노량진,7885,7857,15742
202210,경부선,당정,3534,3438,6972
202210,경부선,대방,5928,6750,12678
202210,경부선,독산,7209,7253,14462
202210,경부선,두정,5442,7499,12941
202210,경부선,명학,3652,3587,7239
202210,경부선,병점,11100,11722,22822
202210,경부선,서동탄,907,933,1840
202210,경부선,서울,10972,2642,13614
202210,경부선,서정리,5414,8226,13640
202210,경부선,석수,5745,5516,11261
202210,경부선,성균관대,9009,9691,18700
202210,경부선,성환,3061,3939,7000
202210,경부선,세류,2545,2446,4991
202210,경부선,세마,2037,1922,3959
202210,경부선,송탄,4051,5019,9070
202210,경부선,수원,38751,38230,76981
202210,경부선,신길,5371,4658,10029
202210,경부선,신도림,2694,2950,5644
202210,경부선,안양,15190,14537,29727
202210,경부선,영등포,36966,35795,72761
202210,경부선,오산,9100,9504,18604
202210,경부선,오산대,2946,2789,5735
202210,경부선,용산,40069,37513,77582
202210,경부선,의왕,4711,4853,9564
202210,경부선,직산,679,784,1463
202210,경부선,진위,1116,1108,2224
202210,경부선,천안,7616,8165,15781
202210,경부선,평택,13928,15048,28976
202210,경부선,평택지제,3298,3228,6526
202210,경부선,화서,5226,5050,10276
202211,경부선,가산디지털단지,7284,9951,17235
202211,경부선,관악,6976,6625,13601
202211,경부선,광명,3458,3119,6577
202211,경부선,구로,14964,15410,30374
202211,경부선,군포,4492,4056,8548
202211,경부선,금정,21867,21449,43316
202211,경부선,금천구청,9299,9103,18402
202211,경부선,남영,6825,6840,13665
202211,경부선,노량진,9999,9553,19552
202211,경부선,당정,4558,4221,8779
202211,경부선,대방,8068,8948,17016
202211,경부선,독산,10094,9610,19704
202211,경부선,두정,6742,6901,13643
202211,경부선,명학,5095,4656,9751
202211,경부선,병점,14100,13732,27832
202211,경부선,서동탄,1231,1208,2439
202211,경부선,서울,11037,2876,13913
202211,경부선,서정리,9036,6885,15921
202211,경부선,석수,7423,6872,14295
202211,경부선,성균관대,12397,12347,24744
202211,경부선,성환,3831,3507,7338
202211,경부선,세류,2925,3046,5971
202211,경부선,세마,2554,2280,4834
202211,경부선,송탄,5649,4878,10527
202211,경부선,수원,43350,46999,90349
202211,경부선,신길,6853,5739,12592
202211,경부선,신도림,3195,3913,7108
202211,경부선,안양,20111,20144,40255
202211,경부선,영등포,45312,48295,93607
202211,경부선,오산,10813,9912,20725
202211,경부선,오산대,3663,3251,6914
202211,경부선,용산,43442,45801,89243
202211,경부선,의왕,6569,6317,12886
202211,경부선,직산,865,783,1648
202211,경부선,진위,1240,1072,2312
202211,경부선,천안,8039,8094,16133
202211,경부선,평택,15890,15266,31156
202211,경부선,평택지제,4438,4002,8440
202211,경부선,화서,6841,6746,13587
202211,경부선,가산디지털단지,5757,7677,13434
202211,경부선,관악,5800,5385,11185
202211,경부선,광명,3025,2554,5579
202211,경부선,구로,11450,12565,24015
202211,경부선,군포,3354,3146,6500
202211,경부선,금정,16924,17221,34145
202211,경부선,금천구청,6928,6741,13669
202211,경부선,남영,5424,5863,11287
202211,경부선,노량진,6881,6839,13720
202211,경부선,당정,3460,3379,6839
202211,경부선,대방,6037,6798,12835
202211,경부선,독산,7240,6988,14228
202211,경부선,두정,5393,7187,12580
202211,경부선,명학,3504,3446,6950
202211,경부선,병점,10736,11118,21854
202211,경부선,서동탄,866,833,1699
202211,경부선,서울,9040,2446,11486
202211,경부선,서정리,5450,8034,13484
202211,경부선,석수,5863,5632,11495
202211,경부선,성균관대,8918,9406,18324
202211,경부선,성환,3257,4031,7288
202211,경부선,세류,2402,2200,4602
202211,경부선,세마,1913,1852,3765
202211,경부선,송탄,4006,4873,8879
202211,경부선,수원,38491,37357,75848
202211,경부선,신길,5382,5031,10413
202211,경부선,신도림,2584,3066,5650
202211,경부선,안양,15359,14830,30189
202211,경부선,영등포,36520,37096,73616
202211,경부선,오산,9149,9408,18557
202211,경부선,오산대,2817,2713,5530
202211,경부선,용산,37558,33545,71103
202211,경부선,의왕,4827,4605,9432
202211,경부선,직산,689,758,1447
202211,경부선,진위,1063,1095,2158
202211,경부선,천안,7913,8174,16087
202211,경부선,평택,13663,14915,28578
202211,경부선,평택지제,3218,3201,6419
202211,경부선,화서,4966,4704,9670
202211,경부선,가산디지털단지,6727,9379,16106
202211,경부선,관악,6330,6319,12649
202211,경부선,광명,3355,3061,6416
202211,경부선,구로,14679,15478,30157
202211,경부선,군포,4373,3986,8359
202211,경부선,금정,21262,21420,42682
202211,경부선,금천구청,8842,8799,17641
202211,경부선,남영,7520,7865,15385
202211,경부선,노량진,9913,9742,19655
202211,경부선,당정,4383,4021,8404
202211,경부선,대방,7840,8934,16774
202211,경부선,독산,9931,9654,19585
202211,경부선,두정,6738,6692,13430
202211,경부선,명학,5289,4616,9905
202211,경부선,병점,13515,13369,26884
202211,경부선,서동탄,1120,1189,2309
202211,경부선,서울,11522,3224,14746
202211,경부선,서정리,9240,7164,16404
202211,경부선,석수,7549,6847,14396
202211,경부선,성균관대,11664,11620,23284
202211,경부선,성환,3784,3464,7248
202211,경부선,세류,2831,2884,5715
202211,경부선,세마,2559,2294,4853
202211,경부선,송탄,5651,5088,10739
202211,경부선,수원,42150,45392,87542
202211,경부선,신길,6359,5472,11831
202211,경부선,신도림,3252,3811,7063
202211,경부선,안양,19368,19303,38671
202211,경부선,영등포,47286,48415,95701
202211,경부선,오산,10502,9984,20486
202211,경부선,오산대,3471,3210,6681
202211,경부선,용산,46909,48884,95793
202211,경부선,의왕,6111,5856,11967
202211,경부선,직산,845,792,1637
202211,경부선,진위,1186,1031,2217
202211,경부선,천안,7585,7840,15425
202211,경부선,평택,15464,15045,30509
202211,경부선,평택지제,4534,4040,8574
202211,경부선,화서,6458,6181,12639
202211,경부선,가산디지털단지,5379,7387,12766
202211,경부선,관악,5127,4647,9774
202211,경부선,광명,3390,2394,5784
202211,경부선,구로,11686,11771,23457
202211,경부선,군포,3201,3026,6227
202211,경부선,금정,16432,16425,32857
202211,경부선,금천구청,6511,6443,12954
202211,경부선,남영,5093,5449,10542
202211,경부선,노량진,6529,6397,12926
202211,경부선,당정,3179,3166,6345
202211,경부선,대방,5559,6325,11884
202211,경부선,독산,6603,6728,13331
202211,경부선,두정,5196,7027,12223
202211,경부선,명학,3427,3403,6830
202211,경부선,병점,10406,10908,21314
202211,경부선,서동탄,837,850,1687
202211,경부선,서울,10736,2383,13119
202211,경부선,서정리,5345,7981,13326
202211,경부선,석수,5292,4910,10202
202211,경부선,성균관대,8471,8814,17285
202211,경부선,성환,3079,3818,6897
202211,경부선,세류,2258,2074,4332
202211,경부선,세마,1878,1729,3607
202211,경부선,송탄,4038,4936,8974
202211,경부선,수원,36997,35795,72792
202211,경부선,신길,4925,4551,9476
202211,경부선,신도림,2544,2887,5431
202211,경부선,안양,14328,13696,28024
202211,경부선,영등포,36608,35869,72477
202211,경부선,오산,8836,9219,18055
202211,경부선,오산대,2489,2385,4874
202211,경부선,용산,39328,36541,75869
202211,경부선,의왕,4490,4469,8959
202211,경부선,직산,646,747,1393
202211,경부선,진위,1025,983,2008
202211,경부선,천안,7403,7820,15223
202211,경부선,평택,13215,14419,27634
202211,경부선,평택지제,3256,3319,6575
202211,경부선,화서,4575,4488,9063
202211,경부선,가산디지털단지,7525,9776,17301
202211,경부선,관악,6803,6539,13342
202211,경부선,광명,3741,3159,6900
202211,경부선,구로,14892,15588,30480
202211,경부선,군포,4760,4294,9054
202211,경부선,금정,21800,21514,43314
202211,경부선,금천구청,9211,9157,18368
202211,경부선,남영,8816,8101,16917
202211,경부선,노량진,10403,10113,20516
202211,경부선,당정,4559,4334,8893
202211,경부선,대방,8007,8848,16855
202211,경부선,독산,10272,9807,20079
202211,경부선,두정,7237,7204,14441
202211,경부선,명학,5535,4857,10392
202211,경부선,병점,14289,13929,28218
202211,경부선,서동탄,1212,1272,2484
202211,경부선,서울,12754,3148,15902
202211,경부선,서정리,9217,6950,16167
202211,경부선,석수,7679,6942,14621
202211,경부선,성균관대,12615,12382,24997
202211,경부선,성환,3798,3514,7312
202211,경부선,세류,2951,3029,5980
202211,경부선,세마,2648,2319,4967
202211,경부선,송탄,5875,5026,10901
202211,경부선,수원,43606,47416,91022
202211,경부선,신길,7077,5939,13016
202211,경부선,신도림,3397,3779,7176
202211,경부선,안양,19969,19783,39752
202211,경부선,영등포,47153,50187,97340
202211,경부선,오산,10785,10114,20899
202211,경부선,오산대,3531,3187,6718
202211,경부선,용산,48419,49204,97623
202211,경부선,의왕,6248,6164,12412
202211,경부선,직산,904,806,1710
202211,경부선,진위,1299,1174,2473
202211,경부선,천안,8078,8279,16357
202211,경부선,평택,16136,15762,31898
202211,경부선,평택지제,4756,4083,8839
202211,경부선,화서,6818,6473,13291
202211,경부선,가산디지털단지,5322,7342,12664
202211,경부선,관악,5853,5400,11253
202211,경부선,광명,3361,2324,5685
202211,경부선,구로,11485,11627,23112
202211,경부선,군포,3421,3210,6631
202211,경부선,금정,16606,16991,33597
202211,경부선,금천구청,6899,6750,13649
202211,경부선,남영,5645,5988,11633
202211,경부선,노량진,7193,6842,14035
202211,경부선,당정,3510,3376,6886
202211,경부선,대방,6168,6915,13083
202211,경부선,독산,6936,6781,13717
202211,경부선,두정,5368,7321,12689
202211,경부선,명학,3609,3409,7018
202211,경부선,병점,10897,11513,22410
202211,경부선,서동탄,916,916,1832
202211,경부선,서울,11458,2593,14051
202211,경부선,서정리,5620,8272,13892
202211,경부선,석수,5627,5275,10902
202211,경부선,성균관대,8792,9469,18261
202211,경부선,성환,2946,3904,6850
202211,경부선,세류,2585,2402,4987
202211,경부선,세마,1915,1811,3726
202211,경부선,송탄,3961,5145,9106
202211,경부선,수원,38430,37131,75561
202211,경부선,신길,5379,4741,10120
202211,경부선,신도림,2781,2949,5730
202211,경부선,안양,14669,14386,29055
202211,경부선,영등포,38108,37263,75371
202211,경부선,오산,8816,9182,17998
202211,경부선,오산대,2542,2451,4993
202211,경부선,용산,41277,38063,79340
202211,경부선,의왕,4620,4628,9248
202211,경부선,직산,690,785,1475
202211,경부선,진위,1107,1090,2197
202211,경부선,천안,7624,7769,15393
202211,경부선,평택,13455,14795,28250
202211,경부선,평택지제,3379,3409,6788
202211,경부선,화서,5034,4862,9896
202211,경부선,가산디지털단지,7176,10018,17194
202211,경부선,관악,6688,6520,13208
202211,경부선,광명,3665,3164,6829
202211,경부선,구로,14714,15846,30560
202211,경부선,군포,4571,3987,8558
202211,경부선,금정,22334,22430,44764
202211,경부선,금천구청,9106,9017,18123
202211,경부선,남영,7269,7354,14623
202211,경부선,노량진,9971,10142,20113
202211,경부선,당정,4564,4169,8733
202211,경부선,대방,8056,9153,17209
202211,경부선,독산,10032,9489,19521
202211,경부선,두정,6898,6788,13686
202211,경부선,명학,5063,4754,9817
202211,경부선,병점,14469,13983,28452
202211,경부선,서동탄,1108,1150,2258
202211,경부선,서울,12120,3117,15237
202211,경부선,서정리,9302,6944,16246
202211,경부선,석수,7520,6840,14360
202211,경부선,성균관대,11962,11983,23945
202211,경부선,성환,3721,3437,7158
202211,경부선,세류,2948,2959,5907
202211,경부선,세마,2545,2153,4698
202211,경부선,송탄,5774,4880,10654
202211,경부선,수원,42925,47028,89953
202211,경부선,신길,6618,5672,12290
202211,경부선,신도림,3222,3736,6958
202211,경부선,안양,20303,20121,40424
202211,경부선,영등포,48832,50125,98957
202211,경부선,오산,10758,9627,20385
202211,경부선,오산대,3409,3026,6435
202211,경부선,용산,45276,47158,92434
202211,경부선,의왕,6065,5926,11991
202211,경부선,직산,847,761,1608
202211,경부선,진위,1229,1038,2267
202211,경부선,천안,7821,8162,15983
202211,경부선,평택,15761,15516,31277
202211,경부선,평택지제,4462,4054,8516
202211,경부선,화서,6597,6459,13056
202211,경부선,가산디지털단지,5293,7270,12563
202211,경부선,관악,5237,4771,10008
202211,경부선,광명,3236,2268,5504
202211,경부선,구로,10798,11078,21876
202211,경부선,군포,3393,3249,6642
202211,경부선,금정,16872,16738,33610
202211,경부선,금천구청,6593,6413,13006
202211,경부선,남영,5401,5707,11108
202211,경부선,노량진,6725,6942,13667
202211,경부선,당정,3202,3162,6364
202211,경부선,대방,5821,6742,12563
202211,경부선,독산,6818,6605,13423
202211,경부선,두정,5123,7168,12291
202211,경부선,명학,3406,3258,6664
202211,경부선,병점,10418,11207,21625
202211,경부선,서동탄,846,857,1703
202211,경부선,서울,11024,2487,13511
202211,경부선,서정리,5416,8466,13882
202211,경부선,석수,5304,5058,10362
202211,경부선,성균관대,8483,8942,17425
202211,경부선,성환,2953,3699,6652
202211,경부선,세류,2423,2432,4855
202211,경부선,세마,1890,1795,3685
202211,경부선,송탄,3855,4981,8836
202211,경부선,수원,37197,36151,73348
202211,경부선,신길,5025,4561,9586
202211,경부선,신도림,2611,2861,5472
202211,경부선,안양,14940,14163,29103
202211,경부선,영등포,37886,36160,74046
202211,경부선,오산,8437,8795,17232
202211,경부선,오산대,2268,2129,4397
202211,경부선,용산,39103,36084,75187
202211,경부선,의왕,4352,4314,8666
202211,경부선,직산,644,739,1383
202211,경부선,진위,975,1040,2015
202211,경부선,천안,7258,7917,15175
202211,경부선,평택,12990,14927,27917
202211,경부선,평택지제,3329,3360,6689
202211,경부선,화서,4683,4628,9311
202212,경부선,가산디지털단지,7004,9401,16405
202212,경부선,관악,6364,6171,12535
202212,경부선,광명,3407,2957,6364
202212,경부선,구로,14306,15211,29517
202212,경부선,군포,4319,3953,8272
202212,경부선,금정,21270,21132,42402
202212,경부선,금천구청,8942,8875,17817
202212,경부선,남영,7498,7596,15094
202212,경부선,노량진,10362,10364,20726
202212,경부선,당정,4366,4069,8435
202212,경부선,대방,7152,8368,15520
202212,경부선,독산,9643,9266,18909
202212,경부선,두정,6452,6442,12894
202212,경부선,명학,4800,4604,9404
202212,경부선,병점,14130,13579,27709
202212,경부선,서동탄,1018,1068,2086
202212,경부선,서울,10349,2770,13119
202212,경부선,서정리,8707,6549,15256
202212,경부선,석수,7060,6626,13686
202212,경부선,성균관대,11353,11310,22663
202212,경부선,성환,3413,3124,6537
202212,경부선,세류,2764,2812,5576
202212,경부선,세마,2541,2329,4870
202212,경부선,송탄,5477,4620,10097
202212,경부선,수원,41484,44568,86052
202212,경부선,신길,6464,5355,11819
202212,경부선,신도림,3173,3297,6470
202212,경부선,안양,19779,19739,39518
202212,경부선,영등포,48662,50369,99031
202212,경부선,오산,10253,9891,20144
202212,경부선,오산대,3014,2775,5789
202212,경부선,용산,43174,44617,87791
202212,경부선,의왕,5960,5876,11836
202212,경부선,직산,771,737,1508
202212,경부선,진위,1196,982,2178
202212,경부선,천안,7197,7359,14556
202212,경부선,평택,14894,14431,29325
202212,경부선,평택지제,4337,3697,8034
202212,경부선,화서,6307,6149,12456
202212,경부선,가산디지털단지,4859,6969,11828
202212,경부선,관악,4848,4625,9473
202212,경부선,광명,3136,2268,5404
202212,경부선,구로,10301,10337,20638
202212,경부선,군포,3200,2963,6163
202212,경부선,금정,15682,15828,31510
202212,경부선,금천구청,6171,6063,12234
202212,경부선,남영,5208,5549,10757
202212,경부선,노량진,6479,6613,13092
202212,경부선,당정,3115,3025,6140
202212,경부선,대방,5462,6403,11865
202212,경부선,독산,6262,6365,12627
202212,경부선,두정,4879,6268,11147
202212,경부선,명학,3363,3102,6465
202212,경부선,병점,9728,10635,20363
202212,경부선,서동탄,753,766,1519
202212,경부선,서울,9710,2338,12048
202212,경부선,서정리,5041,7878,12919
202212,경부선,석수,5183,4854,10037
202212,경부선,성균관대,8226,8374,16600
202212,경부선,성환,3057,3850,6907
202212,경부선,세류,2317,2166,4483
202212,경부선,세마,1783,1662,3445
202212,경부선,송탄,3712,4794,8506
202212,경부선,수원,35509,34439,69948
202212,경부선,신길,4898,4518,9416
202212,경부선,신도림,2313,2071,4384
202212,경부선,안양,13771,13211,26982
202212,경부선,영등포,38165,36756,74921
202212,경부선,오산,8046,8559,16605
202212,경부선,오산대,2095,1999,4094
202212,경부선,용산,38909,35286,74195
202212,경부선,의왕,4090,4181,8271
202212,경부선,직산,540,636,1176
202212,경부선,진위,950,941,1891
202212,경부선,천안,6557,6773,13330
202212,경부선,평택,12377,13740,26117
202212,경부선,평택지제,3046,3026,6072
202212,경부선,화서,4466,4384,8850
202212,경부선,가산디지털단지,7174,9687,16861
202212,경부선,관악,7198,7079,14277
202212,경부선,광명,3731,3312,7043
202212,경부선,구로,15972,15983,31955
202212,경부선,군포,4911,4453,9364
202212,경부선,금정,23366,23349,46715
202212,경부선,금천구청,9713,9563,19276
202212,경부선,남영,7283,7408,14691
202212,경부선,노량진,11388,11935,23323
202212,경부선,당정,4630,4320,8950
202212,경부선,대방,7977,8916,16893
202212,경부선,독산,10519,10106,20625
202212,경부선,두정,6803,6751,13554
202212,경부선,명학,5311,5034,10345
202212,경부선,병점,14431,13974,28405
202212,경부선,서동탄,1210,1274,2484
202212,경부선,서울,10952,3041,13993
202212,경부선,서정리,9356,7085,16441
202212,경부선,석수,7928,7219,15147
202212,경부선,성균관대,12785,12400,25185
202212,경부선,성환,3798,3335,7133
202212,경부선,세류,3078,3114,6192
202212,경부선,세마,2676,2412,5088
202212,경부선,송탄,5752,4924,10676
202212,경부선,수원,43553,47139,90692
202212,경부선,신길,6927,5695,12622
202212,경부선,신도림,3431,3896,7327
202212,경부선,안양,20789,20542,41331
202212,경부선,영등포,52810,55453,108263
202212,경부선,오산,10810,9865,20675
202212,경부선,오산대,3212,2811,6023
202212,경부선,용산,44411,46571,90982
202212,경부선,의왕,6551,6256,12807
202212,경부선,직산,889,791,1680
202212,경부선,진위,1196,1042,2238
202212,경부선,천안,8006,8056,16062
202212,경부선,평택,15966,15397,31363
202212,경부선,평택지제,4705,4027,8732
202212,경부선,화서,7042,6825,13867
202212,경부선,가산디지털단지,5341,7298,12639
202212,경부선,관악,5567,5134,10701
202212,경부선,광명,3445,2510,5955
202212,경부선,구로,12115,11884,23999
202212,경부선,군포,3414,3210,6624
202212,경부선,금정,16806,17074,33880
202212,경부선,금천구청,6733,6787,13520
202212,경부선,남영,5315,5695,11010
202212,경부선,노량진,7419,7800,15219
202212,경부선,당정,3388,3304,6692
202212,경부선,대방,5729,6496,12225
202212,경부선,독산,6781,6743,13524
202212,경부선,두정,5216,6375,11591
202212,경부선,명학,3563,3412,6975
202212,경부선,병점,10289,11137,21426
202212,경부선,서동탄,799,795,1594
202212,경부선,서울,10282,2462,12744
202212,경부선,서정리,5355,8057,13412
202212,경부선,석수,5600,5321,10921
202212,경부선,성균관대,8891,9152,18043
202212,경부선,성환,2942,3611,6553
202212,경부선,세류,2375,2282,4657
202212,경부선,세마,2013,1895,3908
202212,경부선,송탄,4016,4984,9000
202212,경부선,수원,36982,35699,72681
202212,경부선,신길,5080,4677,9757
202212,경부선,신도림,2419,2774,5193
202212,경부선,안양,15133,14464,29597
202212,경부선,영등포,40578,38925,79503
202212,경부선,오산,8490,9082,17572
202212,경부선,오산대,2273,2161,4434
202212,경부선,용산,38671,35261,73932
202212,경부선,의왕,4559,4530,9089
202212,경부선,직산,588,709,1297
202212,경부선,진위,929,967,1896
202212,경부선,천안,6986,6992,13978
202212,경부선,평택,12984,14034,27018
202212,경부선,평택지제,3203,3124,6327
202212,경부선,화서,4693,4753,9446
202212,경부선,가산디지털단지,7127,9599,16726
202212,경부선,관악,6477,6507,12984
202212,경부선,광명,3786,3403,7189
202212,경부선,구로,15602,16548,32150
202212,경부선,군포,4736,4127,8863
202212,경부선,금정,23357,23250,46607
202212,경부선,금천구청,9314,9188,18502
202212,경부선,남영,8216,8812,17028
202212,경부선,노량진,10974,11859,22833
202212,경부선,당정,4730,4349,9079
202212,경부선,대방,8087,8849,16936
202212,경부선,독산,10372,10009,20381
202212,경부선,두정,7477,7281,14758
202212,경부선,명학,5336,4991,10327
202212,경부선,병점,14861,14544,29405
202212,경부선,서동탄,1243,1249,2492
202212,경부선,서울,12315,3187,15502
202212,경부선,서정리,9630,7288,16918
202212,경부선,석수,7464,6836,14300
202212,경부선,성균관대,12690,12370,25060
202212,경부선,성환,3468,3007,6475
202212,경부선,세류,3076,3088,6164
202212,경부선,세마,2695,2332,5027
202212,경부선,송탄,5738,5025,10763
202212,경부선,수원,46968,51017,97985
202212,경부선,신길,6679,5491,12170
202212,경부선,신도림,2968,3488,6456
202212,경부선,안양,20667,20596,41263
202212,경부선,영등포,54849,57634,112483
202212,경부선,오산,10827,10227,21054
202212,경부선,오산대,3231,2817,6048
202212,경부선,용산,50368,52304,102672
202212,경부선,의왕,6470,6172,12642
202212,경부선,직산,957,797,1754
202212,경부선,진위,1235,1001,2236
202212,경부선,천안,7913,8103,16016
202212,경부선,평택,16845,15877,32722
202212,경부선,평택지제,4948,4176,9124
202212,경부선,화서,6743,6485,13228
202212,경부선,가산디지털단지,4551,6611,11162
202212,경부선,관악,4667,4394,9061
202212,경부선,광명,3275,2203,5478
202212,경부선,구로,10618,10814,21432
202212,경부선,군포,2992,2784,5776
202212,경부선,금정,15799,16075,31874
202212,경부선,금천구청,6102,5972,12074
202212,경부선,남영,5018,5440,10458
202212,경부선,노량진,7085,7368,14453
202212,경부선,당정,2941,3151,6092
202212,경부선,대방,5219,5975,11194
202212,경부선,독산,6309,6392,12701
202212,경부선,두정,5006,6231,11237
202212,경부선,명학,3162,3041,6203
202212,경부선,병점,9749,10631,20380
202212,경부선,서동탄,713,679,1392
202212,경부선,서울,10423,2622,13045
202212,경부선,서정리,5129,7917,13046
202212,경부선,석수,4890,4443,9333
202212,경부선,성균관대,8239,8639,16878
202212,경부선,성환,2447,2946,5393
202212,경부선,세류,2142,2086,4228
202212,경부선,세마,1732,1737,3469
202212,경부선,송탄,3677,4893,8570
202212,경부선,수원,37623,36508,74131
202212,경부선,신길,4707,4261,8968
202212,경부선,신도림,1985,2011,3996
202212,경부선,안양,13977,13468,27445
202212,경부선,영등포,40338,38924,79262
202212,경부선,오산,8068,8790,16858
202212,경부선,오산대,2136,2080,4216
202212,경부선,용산,41998,38976,80974
202212,경부선,의왕,3994,4066,8060
202212,경부선,직산,559,691,1250
202212,경부선,진위,960,955,1915
202212,경부선,천안,6431,6443,12874
202212,경부선,평택,12297,13306,25603
202212,경부선,평택지제,3249,3135,6384
202212,경부선,화서,4166,4210,8376
202212,경부선,가산디지털단지,5783,8189,13972
202212,경부선,관악,4998,4911,9909
202212,경부선,광명,2940,2551,5491
202212,경부선,구로,12407,13191,25598
202212,경부선,군포,4126,3641,7767
202212,경부선,금정,18709,18641,37350
202212,경부선,금천구청,7445,7412,14857
202212,경부선,남영,6115,6305,12420
202212,경부선,노량진,9035,9327,18362
202212,경부선,당정,3838,3620,7458
202212,경부선,대방,6684,7022,13706
202212,경부선,독산,8455,8169,16624
202212,경부선,두정,6316,6315,12631
202212,경부선,명학,4255,3864,8119
202212,경부선,병점,12067,12020,24087
202212,경부선,서동탄,832,897,1729
202212,경부선,서울,9695,3035,12730
202212,경부선,서정리,8341,6196,14537
202212,경부선,석수,5930,5346,11276
202212,경부선,성균관대,10494,10346,20840
202212,경부선,성환,3131,2737,5868
202212,경부선,세류,2394,2523,4917
202212,경부선,세마,2301,2029,4330
202212,경부선,송탄,5118,4536,9654
202212,경부선,수원,41191,45089,86280
202212,경부선,신길,5701,4783,10484
202212,경부선,신도림,2441,2684,5125
202212,경부선,안양,17144,17173,34317
202212,경부선,영등포,48198,50267,98465
202212,경부선,오산,9630,8772,18402
202212,경부선,오산대,2668,2469,5137
202212,경부선,용산,43084,45813,88897
202212,경부선,의왕,5681,5330,11011
202212,경부선,직산,686,656,1342
202212,경부선,진위,1090,845,1935
202212,경부선,천안,6766,7067,13833
202212,경부선,평택,14304,13528,27832
202212,경부선,평택지제,4061,3599,7660
202212,경부선,화서,5164,5074,10238
202212,경부선,가산디지털단지,4787,6571,11358
202212,경부선,관악,4289,4176,8465
202212,경부선,광명,2759,1971,4730
202212,경부선,구로,10116,10466,20582
202212,경부선,군포,2986,2736,5722
202212,경부선,금정,15241,15590,30831
202212,경부선,금천구청,6169,6126,12295
202212,경부선,남영,5260,5631,10891
202212,경부선,노량진,6501,6910,13411
202212,경부선,당정,3025,3027,6052
202212,경부선,대방,5358,5443,10801
202212,경부선,독산,6430,6366,12796
202212,경부선,두정,5424,5882,11306
202212,경부선,명학,3000,2831,5831
202212,경부선,병점,10394,11147,21541
202212,경부선,서동탄,794,863,1657
202212,경부선,서울,10288,2757,13045
202212,경부선,서정리,5402,8489,13891
202212,경부선,석수,5026,4687,9713
202212,경부선,성균관대,8791,9275,18066
202212,경부선,성환,2687,3231,5918
202212,경부선,세류,2181,2104,4285
202212,경부선,세마,2027,1933,3960
202212,경부선,송탄,4111,5143,9254
202212,경부선,수원,41647,41402,83049
202212,경부선,신길,4739,4397,9136
202212,경부선,신도림,2000,2173,4173
202212,경부선,안양,14338,13889,28227
202212,경부선,영등포,43025,42433,85458
202212,경부선,오산,8633,9143,17776
202212,경부선,오산대,2383,2286,4669
202212,경부선,용산,40053,37580,77633
202212,경부선,의왕,4469,4420,8889
202212,경부선,직산,563,636,1199
202212,경부선,진위,920,920,1840
202212,경부선,천안,6611,6683,13294
202212,경부선,평택,13216,14078,27294
202212,경부선,평택지제,3116,3157,6273
202212,경부선,화서,4174,4099,8273
202212,경부선,가산디지털단지,5579,7299,12878
202212,경부선,관악,5218,4755,9973
202212,경부선,광명,2410,2147,4557
202212,경부선,구로,11318,12080,23398
202212,경부선,군포,3710,3275,6985
202212,경부선,금정,17455,16967,34422
202212,경부선,금천구청,7519,7426,14945
202212,경부선,남영,5624,5613,11237
202212,경부선,노량진,9230,8920,18150
202212,경부선,당정,3568,3340,6908
202212,경부선,대방,6010,6087,12097
202212,경부선,독산,8095,7473,15568
202212,경부선,두정,5137,5199,10336
202212,경부선,명학,3754,3456,7210
202212,경부선,병점,11218,10785,22003
202212,경부선,서동탄,793,813,1606
202212,경부선,서울,7993,2689,10682
202212,경부선,서정리,6842,5482,12324
202212,경부선,석수,5643,5147,10790
202212,경부선,성균관대,9798,9352,19150
202212,경부선,성환,3240,2849,6089
202212,경부선,세류,2307,2335,4642
202212,경부선,세마,2114,1846,3960
202212,경부선,송탄,5288,4107,9395
202212,경부선,수원,36876,41080,77956
202212,경부선,신길,5610,4543,10153
202212,경부선,신도림,2536,2589,5125
202212,경부선,안양,15723,15696,31419
202212,경부선,영등포,39308,41290,80598
202212,경부선,오산,9270,8550,17820
202212,경부선,오산대,2584,2281,4865
202212,경부선,용산,37159,40774,77933
202212,경부선,의왕,5189,4923,10112
202212,경부선,직산,642,608,1250
202212,경부선,진위,951,787,1738
202212,경부선,천안,6008,6304,12312
202212,경부선,평택,13556,12734,26290
202212,경부선,평택지제,3010,2906,5916
202212,경부선,화서,4691,4613,9304
