사용월,호선명,지하철역,승차총승객수,하차총승객수,승하차총승객수
202201,경원선,가능,2996,2855,5851
202201,경원선,광운대,3040,3166,6206
202201,경원선,녹양,2000,2031,4031
202201,경원선,녹천,1934,1633,3567
202201,경원선,덕계,1203,1182,2385
202201,경원선,덕정,2668,2576,5244
202201,경원선,도봉,2638,2480,5118
202201,경원선,도봉산,5421,3866,9287
202201,경원선,동두천,959,1154,2113
202201,경원선,동두천중앙,1617,1626,3243
202201,경원선,망월사,3245,3429,6674
202201,경원선,방학,4376,4204,8580
202201,경원선,보산,883,991,1874
202201,경원선,서빙고,750,695,1445
202201,경원선,석계,3821,4189,8010
202201,경원선,소요산,2218,1982,4200
202201,경원선,신이문,3480,3310,6790
202201,경원선,양주,3605,3514,7119
202201,경원선,옥수,28,28,56
202201,경원선,왕십리,7197,8126,15323
202201,경원선,외대앞,3374,3345,6719
202201,경원선,월계,2796,2675,5471
202201,경원선,응봉,876,794,1670
202201,경원선,의정부,10507,10890,21397
202201,경원선,이촌,1274,1053,2327
202201,경원선,지행,3454,3406,6860
202201,경원선,창동,1,0,1
202201,경원선,청량리,9450,9171,18621
202201,경원선,한남,1487,1363,2850
202201,경원선,회룡,5162,5301,10463
202201,경원선,가능,3229,3049,6278
202201,경원선,광운대,3441,3578,7019
202201,경원선,녹양,2261,2092,4353
202201,경원선,녹천,2185,1839,4024
202201,경원선,덕계,1496,1361,2857
202201,경원선,덕정,2802,3050,5852
202201,경원선,도봉,2954,2799,5753
202201,경원선,도봉산,6606,4567,11173
202201,경원선,동두천,1068,1252,2320
202201,경원선,동두천중앙,1754,1608,3362
202201,경원선,망월사,3655,3810,7465
202201,경원선,방학,5070,4958,10028
202201,경원선,보산,980,1151,2131
202201,경원선,서빙고,1105,1194,2299
202201,경원선,석계,4167,4521,8688
202201,경원선,소요산,2820,2301,5121
202201,경원선,신이문,3898,3737,7635
202201,경원선,양주,4171,4007,8178
202201,경원선,옥수,74,17,91
202201,경원선,왕십리,8462,9540,18002
202201,경원선,외대앞,3648,3950,7598
202201,경원선,월계,3132,3031,6163
202201,경원선,응봉,824,797,1621
202201,경원선,의정부,12496,12549,25045
202201,경원선,이촌,1901,1506,3407
202201,경원선,지행,3703,3680,7383
202201,경원선,청량리,13206,10555,23761
202201,경원선,한남,1549,1559,3108
202201,경원선,회룡,6390,6138,12528
202201,경원선,가능,4623,4395,9018
202201,경원선,광운대,4880,4871,9751
202201,경원선,녹양,3118,3087,6205
202201,경원선,녹천,3080,2608,5688
202201,경원선,덕계,2208,2027,4235
202201,경원선,덕정,3871,3607,7478
202201,경원선,도봉,4190,4042,8232
202201,경원선,도봉산,7763,5300,13063
202201,경원선,동두천,1442,1678,3120
202201,경원선,동두천중앙,2371,2314,4685
202201,경원선,망월사,4965,5145,10110
202201,경원선,방학,6768,6633,13401
202201,경원선,보산,1084,1099,2183
202201,경원선,서빙고,1279,1314,2593
202201,경원선,석계,6179,6446,12625
202201,경원선,소요산,2675,2332,5007
202201,경원선,신이문,5610,5188,10798
202201,경원선,양주,5696,5371,11067
202201,경원선,옥수,23,25,48
202201,경원선,왕십리,11805,13064,24869
202201,경원선,외대앞,5393,5193,10586
202201,경원선,월계,4356,4122,8478
202201,경원선,응봉,1185,1120,2305
202201,경원선,의정부,16140,16944,33084
202201,경원선,이촌,2486,1966,4452
202201,경원선,지행,4759,4795,9554
202201,경원선,청량리,14205,15354,29559
202201,경원선,한남,2535,2471,5006
202201,경원선,회룡,8946,8861,17807
202201,경원선,가능,3604,3391,6995
202201,경원선,광운대,3740,3795,7535
202201,경원선,녹양,2367,2318,4685
202201,경원선,녹천,2308,1993,4301
202201,경원선,덕계,1521,1510,3031
202201,경원선,덕정,2914,3001,5915
202201,경원선,도봉,3031,2872,5903
202201,경원선,도봉산,7197,4869,12066
202201,경원선,동두천,1140,1362,2502
202201,경원선,동두천중앙,1804,1703,3507
202201,경원선,망월사,3946,4163,8109
202201,경원선,방학,5237,5172,10409
202201,경원선,보산,950,832,1782
202201,경원선,서빙고,1181,1259,2440
202201,경원선,석계,4433,4817,9250
202201,경원선,소요산,2806,2464,5270
202201,경원선,신이문,4143,4000,8143
202201,경원선,양주,4367,4352,8719
202201,경원선,옥수,48,26,74
202201,경원선,왕십리,8774,9436,18210
202201,경원선,외대앞,6607,6127,12734
202201,경원선,월계,3227,3016,6243
202201,경원선,응봉,871,784,1655
202201,경원선,의정부,12736,12723,25459
202201,경원선,이촌,1788,1488,3276
202201,경원선,지행,3870,3867,7737
202201,경원선,청량리,12263,11289,23552
202201,경원선,한남,1653,1723,3376
202201,경원선,회룡,6616,6609,13225
202201,경원선,가능,4673,4539,9212
202201,경원선,광운대,5039,4945,9984
202201,경원선,녹양,3204,3094,6298
202201,경원선,녹천,3139,2683,5822
202201,경원선,덕계,2163,2041,4204
202201,경원선,덕정,3801,3624,7425
202201,경원선,도봉,4146,3986,8132
202201,경원선,도봉산,7679,5225,12904
202201,경원선,동두천,1521,1733,3254
202201,경원선,동두천중앙,2380,2353,4733
202201,경원선,망월사,5128,5285,10413
202201,경원선,방학,6647,6655,13302
202201,경원선,보산,1070,1079,2149
202201,경원선,서빙고,1298,1291,2589
202201,경원선,석계,6221,6561,12782
202201,경원선,소요산,2623,2247,4870
202201,경원선,신이문,5802,5242,11044
202201,경원선,양주,5610,5270,10880
202201,경원선,옥수,28,28,56
202201,경원선,왕십리,11418,13124,24542
202201,경원선,외대앞,5294,5351,10645
202201,경원선,월계,4271,3992,8263
202201,경원선,응봉,1257,1037,2294
202201,경원선,의정부,16086,16763,32849
202201,경원선,이촌,2541,1959,4500
202201,경원선,지행,4902,4841,9743
202201,경원선,청량리,14866,15927,30793
202201,경원선,한남,2605,2524,5129
202201,경원선,회룡,9017,9095,18112
202201,경원선,가능,3666,3472,7138
202201,경원선,광운대,3801,3860,7661
202201,경원선,녹양,2484,2431,4915
202201,경원선,녹천,2190,1980,4170
202201,경원선,덕계,1470,1418,2888
202201,경원선,덕정,2869,2947,5816
202201,경원선,도봉,3037,2884,5921
202201,경원선,도봉산,7148,4969,12117
202201,경원선,동두천,1067,1299,2366
202201,경원선,동두천중앙,1784,1719,3503
202201,경원선,망월사,3878,3998,7876
202201,경원선,방학,5415,5242,10657
202201,경원선,보산,904,827,1731
202201,경원선,서빙고,1280,1344,2624
202201,경원선,석계,4451,4894,9345
202201,경원선,소요산,2638,2254,4892
202201,경원선,신이문,4160,4013,8173
202201,경원선,양주,4345,4210,8555
202201,경원선,옥수,55,18,73
202201,경원선,왕십리,9363,10462,19825
202201,경원선,외대앞,4287,4198,8485
202201,경원선,월계,3374,3213,6587
202201,경원선,응봉,866,848,1714
202201,경원선,의정부,12595,12805,25400
202201,경원선,이촌,2067,1631,3698
202201,경원선,지행,3794,3734,7528
202201,경원선,청량리,13236,11875,25111
202201,경원선,한남,1794,1762,3556
202201,경원선,회룡,6609,6581,13190
202201,경원선,가능,4762,4528,9290
202201,경원선,광운대,5728,5620,11348
202201,경원선,녹양,3281,3193,6474
202201,경원선,녹천,3112,2710,5822
202201,경원선,덕계,2299,2185,4484
202201,경원선,덕정,4066,3705,7771
202201,경원선,도봉,4339,4107,8446
202201,경원선,도봉산,8005,5392,13397
202201,경원선,동두천,1443,1708,3151
202201,경원선,동두천중앙,2346,2246,4592
202201,경원선,망월사,5610,5682,11292
202201,경원선,방학,6979,6777,13756
202201,경원선,보산,1074,1101,2175
202201,경원선,서빙고,1417,1451,2868
202201,경원선,석계,6664,7045,13709
202201,경원선,소요산,2879,2422,5301
202201,경원선,신이문,5872,5410,11282
202201,경원선,양주,5817,5532,11349
202201,경원선,옥수,27,23,50
202201,경원선,왕십리,11962,13815,25777
202201,경원선,외대앞,5570,5478,11048
202201,경원선,월계,4709,4336,9045
202201,경원선,응봉,1352,1209,2561
202201,경원선,의정부,16205,17122,33327
202201,경원선,이촌,2701,2016,4717
202201,경원선,지행,4986,5048,10034
202201,경원선,청량리,15477,16395,31872
202201,경원선,한남,2664,2478,5142
202201,경원선,회룡,9297,9325,18622
202201,경원선,가능,3625,3448,7073
202201,경원선,광운대,3808,4003,7811
202201,경원선,녹양,2392,2294,4686
202201,경원선,녹천,2470,2146,4616
202201,경원선,덕계,1595,1560,3155
202201,경원선,덕정,2918,3065,5983
202201,경원선,도봉,3366,3200,6566
202201,경원선,도봉산,7629,5325,12954
202201,경원선,동두천,1064,1357,2421
202201,경원선,동두천중앙,1880,1835,3715
202201,경원선,망월사,4413,4583,8996
202201,경원선,방학,5455,5214,10669
202201,경원선,보산,890,858,1748
202201,경원선,서빙고,1282,1352,2634
202201,경원선,석계,4633,5170,9803
202201,경원선,소요산,2871,2500,5371
202201,경원선,신이문,4414,4121,8535
202201,경원선,양주,4429,4466,8895
202201,경원선,옥수,37,14,51
202201,경원선,왕십리,8978,9810,18788
202201,경원선,외대앞,4499,4409,8908
202201,경원선,월계,3532,3252,6784
202201,경원선,응봉,924,868,1792
202201,경원선,의정부,12718,12772,25490
202201,경원선,이촌,2018,1636,3654
202201,경원선,지행,3735,3640,7375
202201,경원선,창동,3,0,3
202201,경원선,청량리,13033,11860,24893
202201,경원선,한남,1831,1867,3698
202201,경원선,회룡,6988,6925,13913
202201,경원선,가능,4171,4106,8277
202201,경원선,광운대,4388,4219,8607
202201,경원선,녹양,2848,2839,5687
202201,경원선,녹천,2715,2237,4952
202201,경원선,덕계,1845,1618,3463
202201,경원선,덕정,3572,3349,6921
202201,경원선,도봉,3860,3699,7559
202201,경원선,도봉산,6656,4488,11144
202201,경원선,동두천,1314,1595,2909
202201,경원선,동두천중앙,2127,2192,4319
202201,경원선,망월사,4728,4871,9599
202201,경원선,방학,6292,5956,12248
202201,경원선,보산,980,977,1957
202201,경원선,서빙고,1139,1190,2329
202201,경원선,석계,5552,5691,11243
202201,경원선,소요산,2278,2128,4406
202201,경원선,신이문,5215,4792,10007
202201,경원선,양주,4916,4873,9789
202201,경원선,옥수,26,28,54
202201,경원선,왕십리,9518,10254,19772
202201,경원선,외대앞,4751,4317,9068
202201,경원선,월계,4007,3675,7682
202201,경원선,응봉,1102,947,2049
202201,경원선,의정부,15236,15835,31071
202201,경원선,이촌,2293,1769,4062
202201,경원선,지행,4337,4428,8765
202201,경원선,청량리,11841,12938,24779
202201,경원선,한남,2218,2101,4319
202201,경원선,회룡,7890,7996,15886
202201,경원선,가능,3229,3093,6322
202201,경원선,광운대,3397,3358,6755
202201,경원선,녹양,2097,2141,4238
202201,경원선,녹천,2282,1920,4202
202201,경원선,덕계,1249,1259,2508
202201,경원선,덕정,2716,2591,5307
202201,경원선,도봉,3009,2794,5803
202201,경원선,도봉산,5969,4076,10045
202201,경원선,동두천,941,1311,2252
202201,경원선,동두천중앙,1984,2067,4051
202201,경원선,망월사,3608,3763,7371
202201,경원선,방학,5080,4841,9921
202201,경원선,보산,848,924,1772
202201,경원선,서빙고,1066,1051,2117
202201,경원선,석계,4214,4277,8491
202201,경원선,소요산,2097,2075,4172
202201,경원선,신이문,4174,3842,8016
202201,경원선,양주,3893,3899,7792
202201,경원선,옥수,26,18,44
202201,경원선,왕십리,7104,7537,14641
202201,경원선,외대앞,3713,3281,6994
202201,경원선,월계,3272,3018,6290
202201,경원선,응봉,798,714,1512
202201,경원선,의정부,12051,12647,24698
202201,경원선,이촌,1788,1407,3195
202201,경원선,지행,3274,3414,6688
202201,경원선,청량리,9516,10344,19860
202201,경원선,한남,1608,1494,3102
202201,경원선,회룡,5942,5918,11860
202202,경원선,가능,4051,3965,8016
202202,경원선,광운대,4139,4308,8447
202202,경원선,녹양,2758,2708,5466
202202,경원선,녹천,2663,2327,4990
202202,경원선,덕계,1816,1696,3512
202202,경원선,덕정,3276,3047,6323
202202,경원선,도봉,3678,3484,7162
202202,경원선,도봉산,5849,4155,10004
202202,경원선,동두천,1311,1544,2855
202202,경원선,동두천중앙,1979,1950,3929
202202,경원선,망월사,4458,4687,9145
202202,경원선,방학,6047,5922,11969
202202,경원선,보산,931,961,1892
202202,경원선,서빙고,1084,1163,2247
202202,경원선,석계,5265,5475,10740
202202,경원선,소요산,2212,1923,4135
202202,경원선,신이문,4907,4636,9543
202202,경원선,양주,4848,4598,9446
202202,경원선,옥수,15,33,48
202202,경원선,왕십리,9556,11124,20680
202202,경원선,외대앞,4756,4739,9495
202202,경원선,월계,3699,3515,7214
202202,경원선,응봉,1088,933,2021
202202,경원선,의정부,14113,14473,28586
202202,경원선,이촌,2232,1691,3923
202202,경원선,지행,4173,4202,8375
202202,경원선,청량리,12244,12732,24976
202202,경원선,한남,2156,2045,4201
202202,경원선,회룡,7876,7841,15717
202202,경원선,가능,3055,2815,5870
202202,경원선,광운대,3121,3206,6327
202202,경원선,녹양,2020,1968,3988
202202,경원선,녹천,1985,1719,3704
202202,경원선,덕계,1363,1327,2690
202202,경원선,덕정,2373,2542,4915
202202,경원선,도봉,2790,2699,5489
202202,경원선,도봉산,5813,4353,10166
202202,경원선,동두천,940,1073,2013
202202,경원선,동두천중앙,1546,1477,3023
202202,경원선,망월사,3551,3702,7253
202202,경원선,방학,4912,4663,9575
202202,경원선,보산,885,836,1721
202202,경원선,서빙고,1052,1091,2143
202202,경원선,석계,3804,4117,7921
202202,경원선,소요산,2318,2060,4378
202202,경원선,신이문,3808,3574,7382
202202,경원선,양주,3628,3696,7324
202202,경원선,옥수,36,22,58
202202,경원선,왕십리,7001,8179,15180
202202,경원선,외대앞,3635,3717,7352
202202,경원선,월계,2965,2851,5816
202202,경원선,응봉,816,776,1592
202202,경원선,의정부,11022,10991,22013
202202,경원선,이촌,1656,1332,2988
202202,경원선,지행,3279,3211,6490
202202,경원선,청량리,10819,9336,20155
202202,경원선,한남,1567,1584,3151
202202,경원선,회룡,5902,5946,11848
202202,경원선,가능,4679,4513,9192
202202,경원선,광운대,4733,4603,9336
202202,경원선,녹양,3128,2965,6093
202202,경원선,녹천,3085,2567,5652
202202,경원선,덕계,2189,2045,4234
202202,경원선,덕정,3934,3791,7725
202202,경원선,도봉,4143,3972,8115
202202,경원선,도봉산,7975,5629,13604
202202,경원선,동두천,1384,1729,3113
202202,경원선,동두천중앙,2274,2286,4560
202202,경원선,망월사,5403,5544,10947
202202,경원선,방학,6744,6456,13200
202202,경원선,보산,1329,1278,2607
202202,경원선,서빙고,1376,1348,2724
202202,경원선,석계,6031,6401,12432
202202,경원선,소요산,3014,2634,5648
202202,경원선,신이문,5531,5103,10634
202202,경원선,양주,5671,5288,10959
202202,경원선,옥수,31,25,56
202202,경원선,왕십리,11348,12684,24032
202202,경원선,외대앞,5197,5128,10325
202202,경원선,월계,4218,4108,8326
202202,경원선,응봉,1186,991,2177
202202,경원선,의정부,16062,16788,32850
202202,경원선,이촌,2554,1934,4488
202202,경원선,지행,4721,4808,9529
202202,경원선,청량리,13540,14362,27902
202202,경원선,한남,2528,2290,4818
202202,경원선,회룡,8841,8793,17634
202202,경원선,가능,3397,3284,6681
202202,경원선,광운대,3536,3631,7167
202202,경원선,녹양,2319,2250,4569
202202,경원선,녹천,2240,1955,4195
202202,경원선,덕계,1590,1513,3103
202202,경원선,덕정,2815,2829,5644
202202,경원선,도봉,3086,2874,5960
202202,경원선,도봉산,7659,5430,13089
202202,경원선,동두천,1084,1269,2353
202202,경원선,동두천중앙,1700,1705,3405
202202,경원선,망월사,3977,4154,8131
202202,경원선,방학,5187,4966,10153
202202,경원선,보산,1095,1021,2116
202202,경원선,서빙고,1213,1278,2491
202202,경원선,석계,4386,4644,9030
202202,경원선,소요산,2946,2574,5520
202202,경원선,신이문,4128,3947,8075
202202,경원선,양주,4099,4098,8197
202202,경원선,옥수,56,31,87
202202,경원선,왕십리,8086,9007,17093
202202,경원선,외대앞,4066,3966,8032
202202,경원선,월계,3325,2993,6318
202202,경원선,응봉,936,816,1752
202202,경원선,의정부,12117,12223,24340
202202,경원선,이촌,1853,1486,3339
202202,경원선,지행,3570,3503,7073
202202,경원선,창동,1,0,1
202202,경원선,청량리,11742,10540,22282
202202,경원선,한남,1724,1648,3372
202202,경원선,회룡,6687,6630,13317
202202,경원선,가능,4546,4268,8814
202202,경원선,광운대,4650,4588,9238
202202,경원선,녹양,2961,2796,5757
202202,경원선,녹천,2894,2404,5298
202202,경원선,덕계,2040,1845,3885
202202,경원선,덕정,3617,3360,6977
202202,경원선,도봉,4015,3758,7773
202202,경원선,도봉산,7568,5339,12907
202202,경원선,동두천,1333,1530,2863
202202,경원선,동두천중앙,2118,2067,4185
202202,경원선,망월사,4879,5025,9904
202202,경원선,방학,6940,6749,13689
202202,경원선,보산,1219,1226,2445
202202,경원선,서빙고,1251,1225,2476
202202,경원선,석계,5869,6004,11873
202202,경원선,소요산,2760,2417,5177
202202,경원선,신이문,5395,4799,10194
202202,경원선,양주,5347,5054,10401
202202,경원선,옥수,23,24,47
202202,경원선,왕십리,10827,12290,23117
202202,경원선,외대앞,5431,5233,10664
202202,경원선,월계,4363,3964,8327
202202,경원선,응봉,1205,980,2185
202202,경원선,의정부,15351,15746,31097
202202,경원선,이촌,2431,1800,4231
202202,경원선,지행,4546,4650,9196
202202,경원선,청량리,13145,14098,27243
202202,경원선,한남,2309,2229,4538
202202,경원선,회룡,8437,8306,16743
202202,경원선,가능,3169,3064,6233
202202,경원선,광운대,3505,3502,7007
202202,경원선,녹양,2177,2022,4199
202202,경원선,녹천,2095,1804,3899
202202,경원선,덕계,1349,1341,2690
202202,경원선,덕정,2511,2643,5154
202202,경원선,도봉,2841,2790,5631
202202,경원선,도봉산,6233,4392,10625
202202,경원선,동두천,976,1133,2109
202202,경원선,동두천중앙,1716,1699,3415
202202,경원선,망월사,3692,3771,7463
202202,경원선,방학,5018,4846,9864
202202,경원선,보산,1025,974,1999
202202,경원선,서빙고,1095,1131,2226
202202,경원선,석계,4061,4452,8513
202202,경원선,소요산,2278,2020,4298
202202,경원선,신이문,3852,3716,7568
202202,경원선,양주,3843,3717,7560
202202,경원선,옥수,45,23,68
202202,경원선,왕십리,8199,9219,17418
202202,경원선,외대앞,4066,3954,8020
202202,경원선,월계,3193,3041,6234
202202,경원선,응봉,828,744,1572
202202,경원선,의정부,11622,11584,23206
202202,경원선,이촌,1722,1342,3064
202202,경원선,지행,3277,3169,6446
202202,경원선,청량리,11458,10203,21661
202202,경원선,한남,1590,1616,3206
202202,경원선,회룡,6075,6178,12253
202202,경원선,가능,4205,4199,8404
202202,경원선,광운대,4853,4744,9597
202202,경원선,녹양,2857,2789,5646
202202,경원선,녹천,2736,2325,5061
202202,경원선,덕계,1945,1820,3765
202202,경원선,덕정,3346,3140,6486
202202,경원선,도봉,3721,3717,7438
202202,경원선,도봉산,6885,4494,11379
202202,경원선,동두천,1305,1411,2716
202202,경원선,동두천중앙,2032,2002,4034
202202,경원선,망월사,4709,4934,9643
202202,경원선,방학,6384,6265,12649
202202,경원선,보산,1228,1205,2433
202202,경원선,서빙고,1167,1163,2330
202202,경원선,석계,5581,5877,11458
202202,경원선,소요산,2316,2050,4366
202202,경원선,신이문,5203,4820,10023
202202,경원선,양주,5102,4805,9907
202202,경원선,옥수,25,32,57
202202,경원선,왕십리,10042,11670,21712
202202,경원선,외대앞,5341,5194,10535
202202,경원선,월계,4081,3822,7903
202202,경원선,응봉,1236,1096,2332
202202,경원선,의정부,14836,15516,30352
202202,경원선,이촌,2245,1755,4000
202202,경원선,지행,4365,4284,8649
202202,경원선,청량리,12703,14078,26781
202202,경원선,한남,2245,2112,4357
202202,경원선,회룡,7949,8040,15989
202202,경원선,가능,3281,3105,6386
202202,경원선,광운대,3856,3949,7805
202202,경원선,녹양,2317,2223,4540
202202,경원선,녹천,2416,2061,4477
202202,경원선,덕계,1451,1381,2832
202202,경원선,덕정,2768,2919,5687
202202,경원선,도봉,3085,2896,5981
202202,경원선,도봉산,8080,5760,13840
202202,경원선,동두천,1043,1342,2385
202202,경원선,동두천중앙,1831,1715,3546
202202,경원선,망월사,3860,4117,7977
202202,경원선,방학,5250,5181,10431
202202,경원선,보산,1082,1031,2113
202202,경원선,서빙고,1181,1205,2386
202202,경원선,석계,4209,4673,8882
202202,경원선,소요산,3126,2763,5889
202202,경원선,신이문,4046,3810,7856
202202,경원선,양주,4174,4071,8245
202202,경원선,옥수,43,37,80
202202,경원선,왕십리,7987,8924,16911
202202,경원선,외대앞,4295,4302,8597
202202,경원선,월계,3305,3044,6349
202202,경원선,응봉,950,864,1814
202202,경원선,의정부,12212,12278,24490
202202,경원선,이촌,1921,1502,3423
202202,경원선,지행,3593,3549,7142
202202,경원선,청량리,11590,10989,22579
202202,경원선,한남,1701,1662,3363
202202,경원선,회룡,6463,6442,12905
202203,경원선,가능,4476,4266,8742
202203,경원선,광운대,4831,4850,9681
202203,경원선,녹양,2974,2888,5862
202203,경원선,녹천,2816,2429,5245
202203,경원선,덕계,1990,1837,3827
202203,경원선,덕정,3762,3422,7184
202203,경원선,도봉,3905,3696,7601
202203,경원선,도봉산,7590,5104,12694
202203,경원선,동두천,1444,1725,3169
202203,경원선,동두천중앙,2237,2257,4494
202203,경원선,망월사,4999,5159,10158
202203,경원선,방학,6441,6372,12813
202203,경원선,보산,1315,1223,2538
202203,경원선,서빙고,1259,1356,2615
202203,경원선,석계,5772,6104,11876
202203,경원선,소요산,2602,2287,4889
202203,경원선,신이문,5285,4984,10269
202203,경원선,양주,5158,4983,10141
202203,경원선,옥수,29,25,54
202203,경원선,왕십리,10827,12230,23057
202203,경원선,외대앞,5698,5547,11245
202203,경원선,월계,4021,3670,7691
202203,경원선,응봉,1156,1017,2173
202203,경원선,의정부,14879,15229,30108
202203,경원선,이촌,2577,1898,4475
202203,경원선,지행,4668,4528,9196
202203,경원선,청량리,12425,13199,25624
202203,경원선,한남,2219,2192,4411
202203,경원선,회룡,8133,8268,16401
202203,경원선,가능,3233,3049,6282
202203,경원선,광운대,3546,3832,7378
202203,경원선,녹양,2206,2124,4330
202203,경원선,녹천,2210,1862,4072
202203,경원선,덕계,1497,1414,2911
202203,경원선,덕정,2776,2935,5711
202203,경원선,도봉,3044,2850,5894
202203,경원선,도봉산,8483,6026,14509
202203,경원선,동두천,1135,1434,2569
202203,경원선,동두천중앙,1680,1555,3235
202203,경원선,망월사,3802,3898,7700
202203,경원선,방학,5164,4980,10144
202203,경원선,보산,1037,1109,2146
202203,경원선,서빙고,1149,1205,2354
202203,경원선,석계,4269,4450,8719
202203,경원선,소요산,2935,2462,5397
202203,경원선,신이문,3970,3703,7673
202203,경원선,양주,4072,4039,8111
202203,경원선,옥수,46,17,63
202203,경원선,왕십리,8529,9388,17917
202203,경원선,외대앞,4328,4357,8685
202203,경원선,월계,3262,3026,6288
202203,경원선,응봉,909,844,1753
202203,경원선,의정부,11960,11956,23916
202203,경원선,이촌,1816,1410,3226
202203,경원선,지행,3870,3772,7642
202203,경원선,청량리,11130,10422,21552
202203,경원선,한남,1596,1624,3220
202203,경원선,회룡,6319,6261,12580
202203,경원선,가능,4602,4347,8949
202203,경원선,광운대,5980,5904,11884
202203,경원선,녹양,3133,3032,6165
202203,경원선,녹천,2989,2481,5470
202203,경원선,덕계,2157,2030,4187
202203,경원선,덕정,4100,3760,7860
202203,경원선,도봉,3929,3758,7687
202203,경원선,도봉산,8391,5911,14302
202203,경원선,동두천,1481,1766,3247
202203,경원선,동두천중앙,2305,2271,4576
202203,경원선,망월사,5067,5244,10311
202203,경원선,방학,6756,6504,13260
202203,경원선,보산,1389,1412,2801
202203,경원선,서빙고,1349,1382,2731
202203,경원선,석계,6042,6321,12363
202203,경원선,소요산,3293,2871,6164
202203,경원선,신이문,5267,4908,10175
202203,경원선,양주,5612,5306,10918
202203,경원선,옥수,40,35,75
202203,경원선,왕십리,10693,11873,22566
202203,경원선,외대앞,5725,5460,11185
202203,경원선,월계,4167,3878,8045
202203,경원선,응봉,1313,1109,2422
202203,경원선,의정부,15453,16090,31543
202203,경원선,이촌,2558,1915,4473
202203,경원선,지행,4812,4746,9558
202203,경원선,청량리,13202,13888,27090
202203,경원선,한남,2504,2308,4812
202203,경원선,회룡,8495,8427,16922
202203,경원선,가능,2865,2760,5625
202203,경원선,광운대,3136,3442,6578
202203,경원선,녹양,1997,1907,3904
202203,경원선,녹천,1851,1580,3431
202203,경원선,덕계,1211,1175,2386
202203,경원선,덕정,2173,2412,4585
202203,경원선,도봉,2501,2330,4831
202203,경원선,도봉산,4353,3054,7407
202203,경원선,동두천,966,1209,2175
202203,경원선,동두천중앙,1535,1412,2947
202203,경원선,망월사,3176,3339,6515
202203,경원선,방학,4509,4292,8801
202203,경원선,보산,1097,1065,2162
202203,경원선,서빙고,988,976,1964
202203,경원선,석계,3712,4048,7760
202203,경원선,소요산,1905,1563,3468
202203,경원선,신이문,3555,3329,6884
202203,경원선,양주,3522,3444,6966
202203,경원선,옥수,34,5,39
202203,경원선,왕십리,6926,7730,14656
202203,경원선,외대앞,3815,3868,7683
202203,경원선,월계,2702,2499,5201
202203,경원선,응봉,704,667,1371
202203,경원선,의정부,10982,10971,21953
202203,경원선,이촌,1564,1196,2760
202203,경원선,지행,3325,3358,6683
202203,경원선,청량리,9925,9224,19149
202203,경원선,한남,1385,1399,2784
202203,경원선,회룡,5399,5200,10599
202203,경원선,가능,4009,3831,7840
202203,경원선,광운대,4481,4536,9017
202203,경원선,녹양,2660,2517,5177
202203,경원선,녹천,2589,2252,4841
202203,경원선,덕계,1777,1547,3324
202203,경원선,덕정,3568,3326,6894
202203,경원선,도봉,3424,3197,6621
202203,경원선,도봉산,4425,2987,7412
202203,경원선,동두천,1229,1436,2665
202203,경원선,동두천중앙,1817,1885,3702
202203,경원선,망월사,4381,4455,8836
202203,경원선,방학,5738,5604,11342
202203,경원선,보산,1218,1194,2412
202203,경원선,서빙고,1009,934,1943
202203,경원선,석계,4930,5392,10322
202203,경원선,소요산,1718,1414,3132
202203,경원선,신이문,4750,4361,9111
202203,경원선,양주,4640,4480,9120
202203,경원선,옥수,32,28,60
202203,경원선,왕십리,9859,10957,20816
202203,경원선,외대앞,5221,4964,10185
202203,경원선,월계,3535,3336,6871
202203,경원선,응봉,1044,840,1884
202203,경원선,의정부,13883,14507,28390
202203,경원선,이촌,2020,1595,3615
202203,경원선,지행,4190,4142,8332
202203,경원선,청량리,11511,12193,23704
202203,경원선,한남,2106,2059,4165
202203,경원선,회룡,7104,7141,14245
202203,경원선,가능,3409,3264,6673
202203,경원선,광운대,3523,3726,7249
202203,경원선,녹양,2339,2234,4573
202203,경원선,녹천,2274,1866,4140
202203,경원선,덕계,1433,1375,2808
202203,경원선,덕정,2797,3005,5802
202203,경원선,도봉,3002,2886,5888
202203,경원선,도봉산,7623,5249,12872
202203,경원선,동두천,1160,1454,2614
202203,경원선,동두천중앙,1944,1819,3763
202203,경원선,망월사,3818,3946,7764
202203,경원선,방학,5048,4827,9875
202203,경원선,보산,1122,1117,2239
202203,경원선,서빙고,1148,1133,2281
202203,경원선,석계,4104,4389,8493
202203,경원선,소요산,2802,2383,5185
202203,경원선,신이문,3882,3788,7670
202203,경원선,양주,4245,4216,8461
202203,경원선,옥수,40,15,55
202203,경원선,왕십리,8191,9113,17304
202203,경원선,외대앞,4791,4897,9688
202203,경원선,월계,3234,3034,6268
202203,경원선,응봉,970,909,1879
202203,경원선,의정부,12032,12230,24262
202203,경원선,이촌,1791,1446,3237
202203,경원선,지행,3612,3632,7244
202203,경원선,청량리,11340,10652,21992
202203,경원선,한남,1684,1627,3311
202203,경원선,회룡,6232,6213,12445
202203,경원선,가능,4547,4267,8814
202203,경원선,광운대,5823,5760,11583
202203,경원선,녹양,3061,2944,6005
202203,경원선,녹천,2664,2219,4883
202203,경원선,덕계,1943,1794,3737
202203,경원선,덕정,3836,3602,7438
202203,경원선,도봉,3763,3563,7326
202203,경원선,도봉산,5537,3780,9317
202203,경원선,동두천,1312,1524,2836
202203,경원선,동두천중앙,2112,2085,4197
202203,경원선,망월사,4843,4887,9730
202203,경원선,방학,6190,6230,12420
202203,경원선,보산,1318,1313,2631
202203,경원선,서빙고,1213,1211,2424
202203,경원선,석계,5573,5830,11403
202203,경원선,소요산,2011,1731,3742
202203,경원선,신이문,5278,4778,10056
202203,경원선,양주,4955,4684,9639
202203,경원선,옥수,17,26,43
202203,경원선,왕십리,10430,11708,22138
202203,경원선,외대앞,5546,5253,10799
202203,경원선,월계,3841,3681,7522
202203,경원선,응봉,1203,1091,2294
202203,경원선,의정부,15053,15686,30739
202203,경원선,이촌,2326,1746,4072
202203,경원선,지행,4452,4483,8935
202203,경원선,창동,1,0,1
202203,경원선,청량리,12198,13202,25400
202203,경원선,한남,2384,2198,4582
202203,경원선,회룡,8011,7982,15993
202203,경원선,가능,3720,3421,7141
202203,경원선,광운대,4841,5203,10044
202203,경원선,녹양,2431,2342,4773
202203,경원선,녹천,2495,2207,4702
202203,경원선,덕계,1633,1601,3234
202203,경원선,덕정,3052,3245,6297
202203,경원선,도봉,3261,2958,6219
202203,경원선,도봉산,8865,6343,15208
202203,경원선,동두천,1267,1717,2984
202203,경원선,동두천중앙,1958,1819,3777
202203,경원선,망월사,4151,4325,8476
202203,경원선,방학,5458,5241,10699
202203,경원선,보산,1204,1200,2404
202203,경원선,서빙고,1232,1321,2553
202203,경원선,석계,4496,4857,9353
202203,경원선,소요산,3767,3248,7015
202203,경원선,신이문,4186,3914,8100
202203,경원선,양주,4757,4669,9426
202203,경원선,옥수,35,20,55
202203,경원선,왕십리,8337,9403,17740
202203,경원선,외대앞,4475,4642,9117
202203,경원선,월계,3537,3166,6703
202203,경원선,응봉,1292,1435,2727
202203,경원선,의정부,12963,13094,26057
202203,경원선,이촌,2095,1532,3627
202203,경원선,지행,3795,3849,7644
202203,경원선,청량리,12215,11394,23609
202203,경원선,한남,1777,1733,3510
202203,경원선,회룡,6721,6653,13374
202204,경원선,가능,5025,4718,9743
202204,경원선,광운대,5311,5386,10697
202204,경원선,녹양,3497,3354,6851
202204,경원선,녹천,3183,2795,5978
202204,경원선,덕계,2466,2298,4764
202204,경원선,덕정,4645,4307,8952
202204,경원선,도봉,4293,4019,8312
202204,경원선,도봉산,8991,6350,15341
202204,경원선,동두천,1688,2146,3834
202204,경원선,동두천중앙,2550,2458,5008
202204,경원선,망월사,5764,5793,11557
202204,경원선,방학,7198,7036,14234
202204,경원선,보산,1586,1524,3110
202204,경원선,서빙고,1563,1838,3401
202204,경원선,석계,6346,6646,12992
202204,경원선,소요산,3798,3290,7088
202204,경원선,신이문,5938,5289,11227
202204,경원선,양주,6214,6026,12240
202204,경원선,옥수,43,35,78
202204,경원선,왕십리,12284,13628,25912
202204,경원선,외대앞,6164,5732,11896
202204,경원선,월계,4554,4230,8784
202204,경원선,응봉,2761,3599,6360
202204,경원선,의정부,17131,17849,34980
202204,경원선,이촌,2866,2122,4988
202204,경원선,지행,5431,5426,10857
202204,경원선,창동,3,0,3
202204,경원선,청량리,14792,16083,30875
202204,경원선,한남,2597,2488,5085
202204,경원선,회룡,9229,9280,18509
202204,경원선,가능,3810,3674,7484
202204,경원선,광운대,3939,4187,8126
202204,경원선,녹양,2884,2666,5550
202204,경원선,녹천,2437,2073,4510
202204,경원선,덕계,1762,1763,3525
202204,경원선,덕정,3175,3368,6543
202204,경원선,도봉,3355,3089,6444
202204,경원선,도봉산,9334,6521,15855
202204,경원선,동두천,1340,1725,3065
202204,경원선,동두천중앙,2035,1929,3964
202204,경원선,망월사,4550,4656,9206
202204,경원선,방학,5657,5348,11005
202204,경원선,보산,1121,1173,2294
202204,경원선,서빙고,1331,1340,2671
202204,경원선,석계,4632,5024,9656
202204,경원선,소요산,4117,3601,7718
202204,경원선,신이문,4445,4322,8767
202204,경원선,양주,4879,4664,9543
202204,경원선,옥수,41,18,59
202204,경원선,왕십리,9389,10479,19868
202204,경원선,외대앞,4690,4832,9522
202204,경원선,월계,3662,3405,7067
202204,경원선,응봉,2360,3447,5807
202204,경원선,의정부,13218,13494,26712
202204,경원선,이촌,2206,1696,3902
202204,경원선,지행,4169,4025,8194
202204,경원선,청량리,13207,12511,25718
202204,경원선,한남,1862,1753,3615
202204,경원선,회룡,7158,7126,14284
202204,경원선,가능,5238,5014,10252
202204,경원선,광운대,5518,5365,10883
202204,경원선,녹양,3866,3559,7425
202204,경원선,녹천,3366,2803,6169
202204,경원선,덕계,2648,2319,4967
202204,경원선,덕정,4800,4425,9225
202204,경원선,도봉,4479,4181,8660
202204,경원선,도봉산,9284,6560,15844
202204,경원선,동두천,1777,2175,3952
202204,경원선,동두천중앙,2678,2571,5249
202204,경원선,망월사,6057,6172,12229
202204,경원선,방학,7472,7231,14703
202204,경원선,보산,2356,2306,4662
202204,경원선,서빙고,1717,1813,3530
202204,경원선,석계,6744,7176,13920
202204,경원선,소요산,4190,3670,7860
202204,경원선,신이문,6088,5538,11626
202204,경원선,양주,6726,6360,13086
202204,경원선,옥수,50,42,92
202204,경원선,왕십리,12470,14294,26764
202204,경원선,외대앞,6668,6228,12896
202204,경원선,월계,4710,4321,9031
202204,경원선,응봉,2296,2340,4636
202204,경원선,의정부,18485,19381,37866
202204,경원선,이촌,3344,2216,5560
202204,경원선,지행,6128,5980,12108
202204,경원선,청량리,15694,17077,32771
202204,경원선,한남,2774,2734,5508
202204,경원선,회룡,10256,10148,20404
202204,경원선,가능,4324,3940,8264
202204,경원선,광운대,4175,4419,8594
202204,경원선,녹양,2916,2660,5576
202204,경원선,녹천,2586,2375,4961
202204,경원선,덕계,1918,1874,3792
202204,경원선,덕정,3560,3722,7282
202204,경원선,도봉,3496,3297,6793
202204,경원선,도봉산,9607,6851,16458
202204,경원선,동두천,1404,1870,3274
202204,경원선,동두천중앙,2425,2332,4757
202204,경원선,망월사,5159,5336,10495
202204,경원선,방학,6014,5763,11777
202204,경원선,보산,1559,1547,3106
202204,경원선,서빙고,1512,1563,3075
202204,경원선,석계,5030,5324,10354
202204,경원선,소요산,4587,3977,8564
202204,경원선,신이문,4670,4493,9163
202204,경원선,양주,5409,5213,10622
202204,경원선,옥수,61,24,85
202204,경원선,왕십리,9667,11030,20697
202204,경원선,외대앞,5248,5208,10456
202204,경원선,월계,3852,3506,7358
202204,경원선,응봉,1623,1908,3531
202204,경원선,의정부,14573,14969,29542
202204,경원선,이촌,2684,1838,4522
202204,경원선,지행,4770,4685,9455
202204,경원선,청량리,13919,13137,27056
202204,경원선,한남,1928,1944,3872
202204,경원선,회룡,7990,8226,16216
202204,경원선,가능,5302,5007,10309
202204,경원선,광운대,5724,5878,11602
202204,경원선,녹양,3661,3593,7254
202204,경원선,녹천,3365,2872,6237
202204,경원선,덕계,2528,2304,4832
202204,경원선,덕정,4870,4409,9279
202204,경원선,도봉,4464,4208,8672
202204,경원선,도봉산,10371,7220,17591
202204,경원선,동두천,1750,2360,4110
202204,경원선,동두천중앙,2696,2642,5338
202204,경원선,망월사,5909,6192,12101
202204,경원선,방학,7796,7462,15258
202204,경원선,보산,2541,2423,4964
202204,경원선,서빙고,1662,1734,3396
202204,경원선,석계,7070,7234,14304
202204,경원선,소요산,4802,4156,8958
202204,경원선,신이문,6262,5642,11904
202204,경원선,양주,6886,6438,13324
202204,경원선,옥수,37,32,69
202204,경원선,왕십리,12124,14010,26134
202204,경원선,외대앞,6157,5658,11815
202204,경원선,월계,4704,4228,8932
202204,경원선,응봉,1731,1584,3315
202204,경원선,의정부,18768,19486,38254
202204,경원선,이촌,3272,2292,5564
202204,경원선,지행,6135,6040,12175
202204,경원선,청량리,15712,17234,32946
202204,경원선,한남,2871,2661,5532
202204,경원선,회룡,10296,10215,20511
202204,경원선,가능,4200,3947,8147
202204,경원선,광운대,4062,4209,8271
202204,경원선,녹양,2964,2834,5798
202204,경원선,녹천,2586,2358,4944
202204,경원선,덕계,1933,1913,3846
202204,경원선,덕정,3567,3820,7387
202204,경원선,도봉,3665,3496,7161
202204,경원선,도봉산,9866,7107,16973
202204,경원선,동두천,1481,1938,3419
202204,경원선,동두천중앙,2418,2221,4639
202204,경원선,망월사,4813,5011,9824
202204,경원선,방학,6292,5999,12291
202204,경원선,보산,1647,1614,3261
202204,경원선,서빙고,1558,1636,3194
202204,경원선,석계,5154,5591,10745
202204,경원선,소요산,5287,4536,9823
202204,경원선,신이문,4784,4393,9177
202204,경원선,양주,5463,5423,10886
202204,경원선,옥수,44,23,67
202204,경원선,왕십리,9379,10680,20059
202204,경원선,외대앞,4501,4821,9322
202204,경원선,월계,3850,3655,7505
202204,경원선,응봉,1350,1285,2635
202204,경원선,의정부,14479,14847,29326
202204,경원선,이촌,2681,1855,4536
202204,경원선,지행,4775,4732,9507
202204,경원선,청량리,14023,13051,27074
202204,경원선,한남,2023,1979,4002
202204,경원선,회룡,7884,7782,15666
202204,경원선,가능,5452,5151,10603
202204,경원선,광운대,6306,6249,12555
202204,경원선,녹양,3794,3602,7396
202204,경원선,녹천,3485,2769,6254
202204,경원선,덕계,2544,2346,4890
202204,경원선,덕정,5168,4653,9821
202204,경원선,도봉,4915,4588,9503
202204,경원선,도봉산,10318,7478,17796
202204,경원선,동두천,1818,2511,4329
202204,경원선,동두천중앙,2716,2583,5299
202204,경원선,망월사,6158,6200,12358
202204,경원선,방학,7998,7754,15752
202204,경원선,보산,2440,2305,4745
202204,경원선,서빙고,1770,1830,3600
202204,경원선,석계,7167,7389,14556
202204,경원선,소요산,5014,4270,9284
202204,경원선,신이문,6407,5757,12164
202204,경원선,양주,6912,6468,13380
202204,경원선,옥수,48,35,83
202204,경원선,왕십리,12236,14235,26471
202204,경원선,외대앞,6147,5813,11960
202204,경원선,월계,4996,4477,9473
202204,경원선,응봉,1725,1522,3247
202204,경원선,의정부,18404,19442,37846
202204,경원선,이촌,3442,2346,5788
202204,경원선,지행,6237,6158,12395
202204,경원선,청량리,16437,17827,34264
202204,경원선,한남,2811,2791,5602
202204,경원선,회룡,10340,10246,20586
202204,경원선,가능,4191,4018,8209
202204,경원선,광운대,4162,4317,8479
202204,경원선,녹양,2907,2850,5757
202204,경원선,녹천,2682,2305,4987
202204,경원선,덕계,1908,1880,3788
202204,경원선,덕정,3587,3686,7273
202204,경원선,도봉,3631,3336,6967
202204,경원선,도봉산,9357,6841,16198
202204,경원선,동두천,1519,2124,3643
202204,경원선,동두천중앙,2185,2108,4293
202204,경원선,망월사,4838,5051,9889
202204,경원선,방학,6134,5883,12017
202204,경원선,보산,1423,1516,2939
202204,경원선,서빙고,1638,1646,3284
202204,경원선,석계,5192,5673,10865
202204,경원선,소요산,4803,4033,8836
202204,경원선,신이문,4620,4396,9016
202204,경원선,양주,5380,5328,10708
202204,경원선,옥수,49,19,68
202204,경원선,왕십리,8865,9949,18814
202204,경원선,외대앞,4480,4615,9095
202204,경원선,월계,4020,3735,7755
202204,경원선,응봉,1182,1189,2371
202204,경원선,의정부,13967,14261,28228
202204,경원선,이촌,2593,1791,4384
202204,경원선,지행,4568,4550,9118
202204,경원선,청량리,13981,13040,27021
202204,경원선,한남,1933,1917,3850
202204,경원선,회룡,7785,7762,15547
202204,경원선,가능,5612,5323,10935
202204,경원선,광운대,7508,7580,15088
202204,경원선,녹양,3877,3667,7544
202204,경원선,녹천,3571,2966,6537
202204,경원선,덕계,2760,2530,5290
202204,경원선,덕정,5229,4638,9867
202204,경원선,도봉,4890,4588,9478
202204,경원선,도봉산,9808,6805,16613
202204,경원선,동두천,1862,2544,4406
202204,경원선,동두천중앙,3148,3096,6244
202204,경원선,망월사,6090,6151,12241
202204,경원선,방학,8111,7755,15866
202204,경원선,보산,2390,2131,4521
202204,경원선,서빙고,1880,1977,3857
202204,경원선,석계,7207,7990,15197
202204,경원선,소요산,4287,3500,7787
202204,경원선,신이문,6595,6048,12643
202204,경원선,양주,7175,6805,13980
202204,경원선,옥수,50,38,88
202204,경원선,왕십리,13486,15394,28880
202204,경원선,외대앞,7077,6779,13856
202204,경원선,월계,5261,4689,9950
202204,경원선,응봉,1728,1503,3231
202204,경원선,의정부,19785,20867,40652
202204,경원선,이촌,3488,2460,5948
202204,경원선,지행,6104,6165,12269
202204,경원선,청량리,18034,18905,36939
202204,경원선,한남,2880,2980,5860
202204,경원선,회룡,10739,10513,21252
202205,경원선,가능,4453,4200,8653
202205,경원선,광운대,4430,4817,9247
202205,경원선,녹양,3028,2911,5939
202205,경원선,녹천,2687,2333,5020
202205,경원선,덕계,2173,2064,4237
202205,경원선,덕정,3745,3967,7712
202205,경원선,도봉,3777,3614,7391
202205,경원선,도봉산,9927,7165,17092
202205,경원선,동두천,1502,2064,3566
202205,경원선,동두천중앙,2412,2318,4730
202205,경원선,망월사,4975,5202,10177
202205,경원선,방학,6529,6369,12898
202205,경원선,보산,1748,1729,3477
202205,경원선,서빙고,1729,1820,3549
202205,경원선,석계,5482,6074,11556
202205,경원선,소요산,4848,4025,8873
202205,경원선,신이문,5128,4932,10060
202205,경원선,양주,5736,5847,11583
202205,경원선,옥수,63,41,104
202205,경원선,왕십리,10308,11919,22227
202205,경원선,외대앞,5241,5385,10626
202205,경원선,월계,4134,3869,8003
202205,경원선,응봉,1309,1249,2558
202205,경원선,의정부,15738,15866,31604
202205,경원선,이촌,2838,2020,4858
202205,경원선,지행,5138,5021,10159
202205,경원선,청량리,15465,14908,30373
202205,경원선,한남,2030,2025,4055
202205,경원선,회룡,8344,8335,16679
202205,경원선,가능,5600,5158,10758
202205,경원선,광운대,6663,6598,13261
202205,경원선,녹양,3878,3697,7575
202205,경원선,녹천,3435,2839,6274
202205,경원선,덕계,2680,2437,5117
202205,경원선,덕정,4900,4532,9432
202205,경원선,도봉,4538,4237,8775
202205,경원선,도봉산,8716,6355,15071
202205,경원선,동두천,1709,2241,3950
202205,경원선,동두천중앙,2830,2833,5663
202205,경원선,망월사,6334,6335,12669
202205,경원선,방학,7933,7680,15613
202205,경원선,보산,2045,2016,4061
202205,경원선,서빙고,1861,1834,3695
202205,경원선,석계,6797,7339,14136
202205,경원선,소요산,3999,3431,7430
202205,경원선,신이문,6411,5865,12276
202205,경원선,양주,6983,6681,13664
202205,경원선,옥수,43,46,89
202205,경원선,왕십리,13360,14725,28085
202205,경원선,외대앞,6674,6172,12846
202205,경원선,월계,5294,4848,10142
202205,경원선,응봉,1551,1334,2885
202205,경원선,의정부,18835,20549,39384
202205,경원선,이촌,3348,2321,5669
202205,경원선,지행,6222,6454,12676
202205,경원선,청량리,17441,18144,35585
202205,경원선,한남,2953,2825,5778
202205,경원선,회룡,10135,10049,20184
202205,경원선,가능,4148,3942,8090
202205,경원선,광운대,4272,4742,9014
202205,경원선,녹양,2973,2734,5707
202205,경원선,녹천,2694,2445,5139
202205,경원선,덕계,1964,1776,3740
202205,경원선,덕정,3445,3599,7044
202205,경원선,도봉,3629,3442,7071
202205,경원선,도봉산,9519,6710,16229
202205,경원선,동두천,1487,1888,3375
202205,경원선,동두천중앙,2462,2285,4747
202205,경원선,망월사,5288,5547,10835
202205,경원선,방학,6169,6050,12219
202205,경원선,보산,1426,1551,2977
202205,경원선,서빙고,1555,1615,3170
202205,경원선,석계,5234,5750,10984
202205,경원선,소요산,4182,3441,7623
202205,경원선,신이문,5074,4801,9875
202205,경원선,양주,5825,5510,11335
202205,경원선,옥수,76,32,108
202205,경원선,왕십리,9523,11085,20608
202205,경원선,외대앞,4799,5055,9854
202205,경원선,월계,3940,3626,7566
202205,경원선,응봉,1122,1094,2216
202205,경원선,의정부,14841,14607,29448
202205,경원선,이촌,2343,1846,4189
202205,경원선,지행,4791,4659,9450
202205,경원선,창동,1,0,1
202205,경원선,청량리,15767,14183,29950
202205,경원선,한남,2018,2038,4056
202205,경원선,회룡,8058,7904,15962
202205,경원선,가능,6124,5596,11720
202205,경원선,광운대,6229,6168,12397
202205,경원선,녹양,4116,3906,8022
202205,경원선,녹천,3779,3100,6879
202205,경원선,덕계,2996,2599,5595
202205,경원선,덕정,5545,5008,10553
202205,경원선,도봉,5063,4768,9831
202205,경원선,도봉산,10622,7429,18051
202205,경원선,동두천,2015,2492,4507
202205,경원선,동두천중앙,3069,3025,6094
202205,경원선,망월사,6708,6832,13540
202205,경원선,방학,8433,7965,16398
202205,경원선,보산,2176,1942,4118
202205,경원선,서빙고,2070,2259,4329
202205,경원선,석계,7680,7914,15594
202205,경원선,소요산,4768,4170,8938
202205,경원선,신이문,6919,6067,12986
202205,경원선,양주,7786,7253,15039
202205,경원선,옥수,43,38,81
202205,경원선,왕십리,14719,16429,31148
202205,경원선,외대앞,7358,6702,14060
202205,경원선,월계,5340,4827,10167
202205,경원선,응봉,1690,1521,3211
202205,경원선,의정부,20511,21677,42188
202205,경원선,이촌,3900,2799,6699
202205,경원선,지행,7317,7218,14535
202205,경원선,창동,3,0,3
202205,경원선,청량리,19343,19557,38900
202205,경원선,한남,3353,3440,6793
202205,경원선,회룡,11555,11462,23017
202205,경원선,가능,4635,4339,8974
202205,경원선,광운대,4806,5186,9992
202205,경원선,녹양,3231,2986,6217
202205,경원선,녹천,2902,2625,5527
202205,경원선,덕계,2256,2140,4396
202205,경원선,덕정,3907,4124,8031
202205,경원선,도봉,4095,3786,7881
202205,경원선,도봉산,10177,7532,17709
202205,경원선,동두천,1517,2156,3673
202205,경원선,동두천중앙,2697,2626,5323
202205,경원선,망월사,5131,5304,10435
202205,경원선,방학,6913,6552,13465
202205,경원선,보산,1500,1634,3134
202205,경원선,서빙고,2014,1966,3980
202205,경원선,석계,5809,6416,12225
202205,경원선,소요산,4845,4040,8885
202205,경원선,신이문,5369,5065,10434
202205,경원선,양주,5856,5874,11730
202205,경원선,옥수,41,45,86
202205,경원선,왕십리,11427,13062,24489
202205,경원선,외대앞,5557,5788,11345
202205,경원선,월계,4445,4153,8598
202205,경원선,응봉,1366,1285,2651
202205,경원선,의정부,16151,16472,32623
202205,경원선,이촌,3241,2193,5434
202205,경원선,지행,5144,5120,10264
202205,경원선,창동,3,0,3
202205,경원선,청량리,16448,15928,32376
202205,경원선,한남,2370,2400,4770
202205,경원선,회룡,8772,8790,17562
202205,경원선,가능,5971,5512,11483
202205,경원선,광운대,6425,6290,12715
202205,경원선,녹양,4312,4082,8394
202205,경원선,녹천,3781,3030,6811
202205,경원선,덕계,3007,2669,5676
202205,경원선,덕정,5550,4912,10462
202205,경원선,도봉,5050,4782,9832
202205,경원선,도봉산,10227,7437,17664
202205,경원선,동두천,1978,2399,4377
202205,경원선,동두천중앙,3205,3088,6293
202205,경원선,망월사,6830,6709,13539
202205,경원선,방학,8730,8295,17025
202205,경원선,보산,2043,1919,3962
202205,경원선,서빙고,2144,2059,4203
202205,경원선,석계,7645,8072,15717
202205,경원선,소요산,4980,4241,9221
202205,경원선,신이문,6930,6115,13045
202205,경원선,양주,7491,6952,14443
202205,경원선,옥수,33,41,74
202205,경원선,왕십리,14470,16428,30898
202205,경원선,외대앞,7218,6602,13820
202205,경원선,월계,5472,4865,10337
202205,경원선,응봉,1817,1563,3380
202205,경원선,의정부,20457,22138,42595
202205,경원선,이촌,4057,2870,6927
202205,경원선,지행,6934,6834,13768
202205,경원선,창동,3,0,3
202205,경원선,청량리,19632,20043,39675
202205,경원선,한남,3470,3348,6818
202205,경원선,회룡,11510,11071,22581
202205,경원선,가능,4558,4201,8759
202205,경원선,광운대,4417,4761,9178
202205,경원선,녹양,3082,2867,5949
202205,경원선,녹천,2775,2465,5240
202205,경원선,덕계,2219,2122,4341
202205,경원선,덕정,3910,4082,7992
202205,경원선,도봉,3955,3722,7677
202205,경원선,도봉산,9794,7038,16832
202205,경원선,동두천,1545,2040,3585
202205,경원선,동두천중앙,2401,2204,4605
202205,경원선,망월사,5091,5308,10399
202205,경원선,방학,6695,6308,13003
202205,경원선,보산,1393,1569,2962
202205,경원선,서빙고,1985,1991,3976
202205,경원선,석계,5830,6220,12050
202205,경원선,소요산,4817,4119,8936
202205,경원선,신이문,5432,5133,10565
202205,경원선,양주,5995,5859,11854
202205,경원선,옥수,80,37,117
202205,경원선,왕십리,10536,11913,22449
202205,경원선,외대앞,5439,5287,10726
202205,경원선,월계,4065,3767,7832
202205,경원선,응봉,1341,1209,2550
202205,경원선,의정부,16159,16412,32571
202205,경원선,이촌,3120,2060,5180
202205,경원선,지행,5115,5290,10405
202205,경원선,청량리,16136,15424,31560
202205,경원선,한남,2362,2241,4603
202205,경원선,회룡,8551,8550,17101
202205,경원선,가능,5874,5423,11297
202205,경원선,광운대,6395,6231,12626
202205,경원선,녹양,4094,4014,8108
202205,경원선,녹천,3448,2942,6390
202205,경원선,덕계,2961,2597,5558
202205,경원선,덕정,5402,4921,10323
202205,경원선,도봉,5068,4679,9747
202205,경원선,도봉산,10381,7299,17680
202205,경원선,동두천,1979,2436,4415
202205,경원선,동두천중앙,2993,2862,5855
202205,경원선,망월사,6688,6616,13304
202205,경원선,방학,8357,8032,16389
202205,경원선,보산,2083,1920,4003
202205,경원선,서빙고,1956,2067,4023
202205,경원선,석계,7725,7946,15671
202205,경원선,소요산,4894,4280,9174
202205,경원선,신이문,6867,6152,13019
202205,경원선,양주,7740,7155,14895
202205,경원선,옥수,32,34,66
202205,경원선,왕십리,14694,16145,30839
202205,경원선,외대앞,7215,6571,13786
202205,경원선,월계,5355,4838,10193
202205,경원선,응봉,1770,1463,3233
202205,경원선,의정부,20263,21896,42159
202205,경원선,이촌,4098,2761,6859
202205,경원선,지행,6851,6669,13520
202205,경원선,창동,1,0,1
202205,경원선,청량리,19227,19489,38716
202205,경원선,한남,3224,3161,6385
202205,경원선,회룡,11302,11113,22415
202205,경원선,가능,4415,4169,8584
202205,경원선,광운대,5117,5258,10375
202205,경원선,녹양,3100,2950,6050
202205,경원선,녹천,2879,2487,5366
202205,경원선,덕계,2130,2087,4217
202205,경원선,덕정,3801,4040,7841
202205,경원선,도봉,3813,3546,7359
202205,경원선,도봉산,9453,6710,16163
202205,경원선,동두천,1388,1923,3311
202205,경원선,동두천중앙,2363,2257,4620
202205,경원선,망월사,4808,5040,9848
202205,경원선,방학,6547,6395,12942
202205,경원선,보산,1640,1642,3282
202205,경원선,서빙고,1899,1862,3761
202205,경원선,석계,5543,6091,11634
202205,경원선,소요산,4804,4151,8955
202205,경원선,신이문,5268,4945,10213
202205,경원선,양주,5638,5594,11232
202205,경원선,옥수,69,43,112
202205,경원선,왕십리,10706,12096,22802
202205,경원선,외대앞,5684,5641,11325
202205,경원선,월계,4235,3935,8170
202205,경원선,응봉,1241,1083,2324
202205,경원선,의정부,15784,15900,31684
202205,경원선,이촌,2846,2092,4938
202205,경원선,지행,5160,5325,10485
202205,경원선,창동,3,0,3
202205,경원선,청량리,15773,14925,30698
202205,경원선,한남,2118,2141,4259
202205,경원선,회룡,8478,8426,16904
202206,경원선,가능,5638,5249,10887
202206,경원선,광운대,5617,5510,11127
202206,경원선,녹양,3778,3600,7378
202206,경원선,녹천,3527,2795,6322
202206,경원선,덕계,2862,2532,5394
202206,경원선,덕정,5164,4615,9779
202206,경원선,도봉,4822,4395,9217
202206,경원선,도봉산,9982,6912,16894
202206,경원선,동두천,1762,2293,4055
202206,경원선,동두천중앙,2835,2856,5691
202206,경원선,망월사,6248,6349,12597
202206,경원선,방학,7912,7668,15580
202206,경원선,보산,1991,1949,3940
202206,경원선,서빙고,1807,1822,3629
202206,경원선,석계,7310,7276,14586
202206,경원선,소요산,4888,4154,9042
202206,경원선,신이문,6599,5758,12357
202206,경원선,양주,7106,6616,13722
202206,경원선,옥수,23,36,59
202206,경원선,왕십리,13632,14635,28267
202206,경원선,외대앞,6477,5988,12465
202206,경원선,월계,5098,4527,9625
202206,경원선,응봉,1587,1315,2902
202206,경원선,의정부,19060,20625,39685
202206,경원선,이촌,3494,2452,5946
202206,경원선,지행,6483,6300,12783
202206,경원선,청량리,18295,19218,37513
202206,경원선,한남,3052,2843,5895
202206,경원선,회룡,10700,10320,21020
202206,경원선,가능,4214,3854,8068
202206,경원선,광운대,4189,4212,8401
202206,경원선,녹양,2954,2763,5717
202206,경원선,녹천,2732,2358,5090
202206,경원선,덕계,2073,1964,4037
202206,경원선,덕정,3651,3702,7353
202206,경원선,도봉,3743,3498,7241
202206,경원선,도봉산,9057,6521,15578
202206,경원선,동두천,1520,1886,3406
202206,경원선,동두천중앙,2507,2490,4997
202206,경원선,망월사,4760,4887,9647
202206,경원선,방학,6415,6154,12569
202206,경원선,보산,1419,1541,2960
202206,경원선,서빙고,1853,1820,3673
202206,경원선,석계,5415,5708,11123
202206,경원선,소요산,4547,4047,8594
202206,경원선,신이문,5119,4717,9836
202206,경원선,양주,5695,5436,11131
202206,경원선,옥수,45,24,69
202206,경원선,왕십리,10558,11832,22390
202206,경원선,외대앞,4878,4741,9619
202206,경원선,월계,3996,3581,7577
202206,경원선,응봉,1247,1053,2300
202206,경원선,의정부,15283,15727,31010
202206,경원선,이촌,2773,1926,4699
202206,경원선,지행,4777,4794,9571
202206,경원선,창동,1,0,1
202206,경원선,청량리,15788,14708,30496
202206,경원선,한남,2246,2222,4468
202206,경원선,회룡,8144,8079,16223
202206,경원선,가능,5825,5461,11286
202206,경원선,광운대,6065,5882,11947
202206,경원선,녹양,4049,3848,7897
202206,경원선,녹천,3514,2912,6426
202206,경원선,덕계,2953,2632,5585
202206,경원선,덕정,5307,4760,10067
202206,경원선,도봉,5039,4850,9889
202206,경원선,도봉산,10026,6998,17024
202206,경원선,동두천,1930,2376,4306
202206,경원선,동두천중앙,3018,3076,6094
202206,경원선,망월사,6327,6369,12696
202206,경원선,방학,8606,8278,16884
202206,경원선,보산,1995,1819,3814
202206,경원선,서빙고,1833,1786,3619
202206,경원선,석계,7401,7763,15164
202206,경원선,소요산,5085,4346,9431
202206,경원선,신이문,6763,5992,12755
202206,경원선,양주,7461,6901,14362
202206,경원선,옥수,38,31,69
202206,경원선,왕십리,13852,15583,29435
202206,경원선,외대앞,6620,6173,12793
202206,경원선,월계,5411,4806,10217
202206,경원선,응봉,1719,1493,3212
202206,경원선,의정부,19526,21107,40633
202206,경원선,이촌,3486,2640,6126
202206,경원선,지행,6768,6513,13281
202206,경원선,창동,1,0,1
202206,경원선,청량리,18044,18907,36951
202206,경원선,한남,3113,3135,6248
202206,경원선,회룡,11213,10856,22069
202206,경원선,가능,4384,4100,8484
202206,경원선,광운대,4243,4334,8577
202206,경원선,녹양,2986,2823,5809
202206,경원선,녹천,2793,2543,5336
202206,경원선,덕계,2083,2005,4088
202206,경원선,덕정,3693,3985,7678
202206,경원선,도봉,3711,3562,7273
202206,경원선,도봉산,9766,7104,16870
202206,경원선,동두천,1504,2114,3618
202206,경원선,동두천중앙,2378,2228,4606
202206,경원선,망월사,4866,5142,10008
202206,경원선,방학,6506,6378,12884
202206,경원선,보산,1407,1601,3008
202206,경원선,서빙고,1933,1923,3856
202206,경원선,석계,5303,5866,11169
202206,경원선,소요산,5061,4500,9561
202206,경원선,신이문,4879,4665,9544
202206,경원선,양주,5634,5459,11093
202206,경원선,옥수,67,30,97
202206,경원선,왕십리,9714,10954,20668
202206,경원선,외대앞,4600,4685,9285
202206,경원선,월계,3903,3668,7571
202206,경원선,응봉,1290,1145,2435
202206,경원선,의정부,15358,15436,30794
202206,경원선,이촌,2724,2103,4827
202206,경원선,지행,4978,5178,10156
202206,경원선,청량리,15230,14106,29336
202206,경원선,한남,2140,2096,4236
202206,경원선,회룡,8383,8433,16816
202206,경원선,가능,5811,5426,11237
202206,경원선,광운대,5946,5692,11638
202206,경원선,녹양,4017,3732,7749
202206,경원선,녹천,3700,3075,6775
202206,경원선,덕계,2787,2531,5318
202206,경원선,덕정,5329,4690,10019
202206,경원선,도봉,5005,4584,9589
202206,경원선,도봉산,9380,6726,16106
202206,경원선,동두천,1822,2172,3994
202206,경원선,동두천중앙,3047,3018,6065
202206,경원선,망월사,6586,6394,12980
202206,경원선,방학,8469,8076,16545
202206,경원선,보산,2079,1930,4009
202206,경원선,서빙고,1753,1648,3401
202206,경원선,석계,7682,7950,15632
202206,경원선,소요산,4649,4096,8745
202206,경원선,신이문,6788,6085,12873
202206,경원선,양주,7052,6648,13700
202206,경원선,옥수,41,33,74
202206,경원선,왕십리,14215,15617,29832
202206,경원선,외대앞,6453,6068,12521
202206,경원선,월계,5185,4653,9838
202206,경원선,응봉,1642,1347,2989
202206,경원선,의정부,19202,20736,39938
202206,경원선,이촌,3521,2581,6102
202206,경원선,지행,6590,6363,12953
202206,경원선,청량리,18921,19251,38172
202206,경원선,한남,3082,3087,6169
202206,경원선,회룡,11059,10670,21729
202206,경원선,가능,4243,4102,8345
202206,경원선,광운대,4241,4369,8610
202206,경원선,녹양,3078,2947,6025
202206,경원선,녹천,2628,2406,5034
202206,경원선,덕계,2004,2012,4016
202206,경원선,덕정,3533,3853,7386
202206,경원선,도봉,3782,3530,7312
202206,경원선,도봉산,8895,6472,15367
202206,경원선,동두천,1539,2029,3568
202206,경원선,동두천중앙,2378,2191,4569
202206,경원선,망월사,4725,4992,9717
202206,경원선,방학,6596,6356,12952
202206,경원선,보산,1676,1694,3370
202206,경원선,서빙고,1873,2023,3896
202206,경원선,석계,5255,5741,10996
202206,경원선,소요산,4484,4117,8601
202206,경원선,신이문,5053,4791,9844
202206,경원선,양주,5454,5399,10853
202206,경원선,옥수,61,24,85
202206,경원선,왕십리,10932,12040,22972
202206,경원선,외대앞,4861,4704,9565
202206,경원선,월계,4019,3721,7740
202206,경원선,응봉,1244,1121,2365
202206,경원선,의정부,15319,15411,30730
202206,경원선,이촌,2704,1993,4697
202206,경원선,지행,4915,5071,9986
202206,경원선,창동,2,0,2
202206,경원선,청량리,15733,14301,30034
202206,경원선,한남,2221,2068,4289
202206,경원선,회룡,8270,8238,16508
202206,경원선,가능,5646,5333,10979
202206,경원선,광운대,6124,5936,12060
202206,경원선,녹양,3954,3723,7677
202206,경원선,녹천,3603,2908,6511
202206,경원선,덕계,2920,2707,5627
202206,경원선,덕정,5188,4539,9727
202206,경원선,도봉,4965,4703,9668
202206,경원선,도봉산,9717,6812,16529
202206,경원선,동두천,2019,2377,4396
202206,경원선,동두천중앙,3020,3041,6061
202206,경원선,망월사,6286,6209,12495
202206,경원선,방학,8143,7908,16051
202206,경원선,보산,1875,1763,3638
202206,경원선,서빙고,1784,1740,3524
202206,경원선,석계,7767,8006,15773
202206,경원선,소요산,5076,4275,9351
202206,경원선,신이문,6849,6154,13003
202206,경원선,양주,7392,6849,14241
202206,경원선,옥수,43,34,77
202206,경원선,왕십리,14981,16899,31880
202206,경원선,외대앞,6836,6310,13146
202206,경원선,월계,5034,4633,9667
202206,경원선,응봉,1553,1345,2898
202206,경원선,의정부,19474,20882,40356
202206,경원선,이촌,3540,2502,6042
202206,경원선,지행,6543,6347,12890
202206,경원선,창동,1,0,1
202206,경원선,청량리,19218,19645,38863
202206,경원선,한남,2890,2859,5749
202206,경원선,회룡,10897,10570,21467
202206,경원선,가능,4141,3905,8046
202206,경원선,광운대,4013,4106,8119
202206,경원선,녹양,2799,2653,5452
202206,경원선,녹천,2782,2384,5166
202206,경원선,덕계,1943,1839,3782
202206,경원선,덕정,3408,3709,7117
202206,경원선,도봉,3454,3274,6728
202206,경원선,도봉산,7544,5260,12804
202206,경원선,동두천,1325,1697,3022
202206,경원선,동두천중앙,2190,2062,4252
202206,경원선,망월사,4618,4777,9395
202206,경원선,방학,5958,5912,11870
202206,경원선,보산,1368,1459,2827
202206,경원선,서빙고,1789,1787,3576
202206,경원선,석계,5301,5659,10960
202206,경원선,소요산,3997,3578,7575
202206,경원선,신이문,4904,4686,9590
202206,경원선,양주,5086,5072,10158
202206,경원선,옥수,49,26,75
202206,경원선,왕십리,10672,11925,22597
202206,경원선,외대앞,5040,4926,9966
202206,경원선,월계,3566,3265,6831
202206,경원선,응봉,1157,1013,2170
202206,경원선,의정부,14380,14261,28641
202206,경원선,이촌,2639,1988,4627
202206,경원선,지행,4650,4777,9427
202206,경원선,청량리,15211,14156,29367
202206,경원선,한남,2013,1990,4003
202206,경원선,회룡,7624,7426,15050
202207,경원선,가능,5518,5045,10563
202207,경원선,광운대,5673,5723,11396
202207,경원선,녹양,3868,3677,7545
202207,경원선,녹천,3588,2928,6516
202207,경원선,덕계,2769,2548,5317
202207,경원선,덕정,4945,4430,9375
202207,경원선,도봉,4860,4515,9375
202207,경원선,도봉산,9466,6511,15977
202207,경원선,동두천,1879,2364,4243
202207,경원선,동두천중앙,2941,2926,5867
202207,경원선,망월사,6037,6124,12161
202207,경원선,방학,8031,7786,15817
202207,경원선,보산,2050,1995,4045
202207,경원선,서빙고,2077,1950,4027
202207,경원선,석계,6972,7266,14238
202207,경원선,소요산,4992,4293,9285
202207,경원선,신이문,6478,5872,12350
202207,경원선,양주,7040,6632,13672
202207,경원선,옥수,43,20,63
202207,경원선,왕십리,14223,16166,30389
202207,경원선,외대앞,6576,6215,12791
202207,경원선,월계,4880,4382,9262
202207,경원선,응봉,1552,1243,2795
202207,경원선,의정부,19271,21216,40487
202207,경원선,이촌,3602,2531,6133
202207,경원선,지행,6536,6092,12628
202207,경원선,청량리,18421,19395,37816
202207,경원선,한남,3102,2987,6089
202207,경원선,회룡,10631,10446,21077
202207,경원선,가능,4245,3936,8181
202207,경원선,광운대,4212,4289,8501
202207,경원선,녹양,2794,2763,5557
202207,경원선,녹천,2651,2324,4975
202207,경원선,덕계,2078,1883,3961
202207,경원선,덕정,3406,3678,7084
202207,경원선,도봉,3635,3408,7043
202207,경원선,도봉산,8529,6016,14545
202207,경원선,동두천,1323,1806,3129
202207,경원선,동두천중앙,2249,2124,4373
202207,경원선,망월사,4854,5004,9858
202207,경원선,방학,6121,6013,12134
202207,경원선,보산,1581,1592,3173
202207,경원선,서빙고,1662,1673,3335
202207,경원선,석계,4975,5607,10582
202207,경원선,소요산,5009,4556,9565
202207,경원선,신이문,4777,4498,9275
202207,경원선,양주,5284,5168,10452
202207,경원선,옥수,46,22,68
202207,경원선,왕십리,11205,12777,23982
202207,경원선,외대앞,5006,4898,9904
202207,경원선,월계,3920,3674,7594
202207,경원선,응봉,1070,1010,2080
202207,경원선,의정부,15013,14672,29685
202207,경원선,이촌,2621,1906,4527
202207,경원선,지행,4621,4827,9448
202207,경원선,청량리,16105,14661,30766
202207,경원선,한남,1960,1891,3851
202207,경원선,회룡,7727,7735,15462
202207,경원선,가능,5577,5243,10820
202207,경원선,광운대,5843,5704,11547
202207,경원선,녹양,3733,3579,7312
202207,경원선,녹천,3524,2903,6427
202207,경원선,덕계,2759,2474,5233
202207,경원선,덕정,4970,4447,9417
202207,경원선,도봉,4869,4478,9347
202207,경원선,도봉산,9074,6361,15435
202207,경원선,동두천,1930,2245,4175
202207,경원선,동두천중앙,2774,2722,5496
202207,경원선,망월사,6018,6109,12127
202207,경원선,방학,8053,7562,15615
202207,경원선,보산,1801,1718,3519
202207,경원선,서빙고,1620,1486,3106
202207,경원선,석계,6940,7283,14223
202207,경원선,소요산,4965,4284,9249
202207,경원선,신이문,6509,5773,12282
202207,경원선,양주,7194,6528,13722
202207,경원선,옥수,49,33,82
202207,경원선,왕십리,14842,16987,31829
202207,경원선,외대앞,6335,5916,12251
202207,경원선,월계,4893,4447,9340
202207,경원선,응봉,1602,1296,2898
202207,경원선,의정부,19258,20595,39853
202207,경원선,이촌,3364,2434,5798
202207,경원선,지행,6492,6311,12803
202207,경원선,창동,1,0,1
202207,경원선,청량리,18192,19219,37411
202207,경원선,한남,2896,2734,5630
202207,경원선,회룡,10469,10241,20710
202207,경원선,가능,4133,3858,7991
202207,경원선,광운대,4410,4444,8854
202207,경원선,녹양,2799,2611,5410
202207,경원선,녹천,2568,2237,4805
202207,경원선,덕계,1994,1939,3933
202207,경원선,덕정,3361,3647,7008
202207,경원선,도봉,3615,3388,7003
202207,경원선,도봉산,7987,5698,13685
202207,경원선,동두천,1381,1915,3296
202207,경원선,동두천중앙,2355,2181,4536
202207,경원선,망월사,5026,5083,10109
202207,경원선,방학,6061,5922,11983
202207,경원선,보산,1389,1482,2871
202207,경원선,서빙고,1862,1821,3683
202207,경원선,석계,5132,5434,10566
202207,경원선,소요산,4782,4258,9040
202207,경원선,신이문,4791,4579,9370
202207,경원선,양주,5315,5304,10619
202207,경원선,옥수,63,26,89
202207,경원선,왕십리,10713,12067,22780
202207,경원선,외대앞,5042,4966,10008
202207,경원선,월계,3618,3348,6966
202207,경원선,응봉,1150,1089,2239
202207,경원선,의정부,15090,15267,30357
202207,경원선,이촌,2659,1985,4644
202207,경원선,지행,4830,4878,9708
202207,경원선,청량리,15817,14212,30029
202207,경원선,한남,1866,1903,3769
202207,경원선,회룡,7702,7693,15395
202207,경원선,가능,5157,4898,10055
202207,경원선,광운대,5254,5259,10513
202207,경원선,녹양,3749,3534,7283
202207,경원선,녹천,3436,2823,6259
202207,경원선,덕계,2700,2449,5149
202207,경원선,덕정,4793,4275,9068
202207,경원선,도봉,4638,4249,8887
202207,경원선,도봉산,7914,5541,13455
202207,경원선,동두천,1736,2074,3810
202207,경원선,동두천중앙,2707,2681,5388
202207,경원선,망월사,6062,6091,12153
202207,경원선,방학,7638,7294,14932
202207,경원선,보산,1872,1816,3688
202207,경원선,서빙고,1531,1476,3007
202207,경원선,석계,6666,6835,13501
202207,경원선,소요산,4168,3618,7786
202207,경원선,신이문,6308,5688,11996
202207,경원선,양주,6513,6166,12679
202207,경원선,옥수,33,20,53
202207,경원선,왕십리,13616,15615,29231
202207,경원선,외대앞,6099,5888,11987
202207,경원선,월계,4709,4311,9020
202207,경원선,응봉,1483,1239,2722
202207,경원선,의정부,17788,19046,36834
202207,경원선,이촌,3337,2402,5739
202207,경원선,지행,6190,6045,12235
202207,경원선,창동,1,0,1
202207,경원선,청량리,17428,18212,35640
202207,경원선,한남,2746,2734,5480
202207,경원선,회룡,9674,9561,19235
202207,경원선,가능,4176,3893,8069
202207,경원선,광운대,4132,4208,8340
202207,경원선,녹양,2830,2678,5508
202207,경원선,녹천,2577,2288,4865
202207,경원선,덕계,2031,1944,3975
202207,경원선,덕정,3564,3806,7370
202207,경원선,도봉,3530,3417,6947
202207,경원선,도봉산,7984,5642,13626
202207,경원선,동두천,1451,1785,3236
202207,경원선,동두천중앙,2193,2089,4282
202207,경원선,망월사,4663,4663,9326
202207,경원선,방학,6327,6094,12421
202207,경원선,보산,1401,1560,2961
202207,경원선,서빙고,1760,1749,3509
202207,경원선,석계,5047,5432,10479
202207,경원선,소요산,4613,4167,8780
202207,경원선,신이문,4869,4457,9326
202207,경원선,양주,5239,5115,10354
202207,경원선,옥수,63,22,85
202207,경원선,왕십리,11040,12428,23468
202207,경원선,외대앞,4738,4617,9355
202207,경원선,월계,3910,3676,7586
202207,경원선,응봉,1168,1064,2232
202207,경원선,의정부,15073,15235,30308
202207,경원선,이촌,2749,1867,4616
202207,경원선,지행,4635,4835,9470
202207,경원선,청량리,15063,13891,28954
202207,경원선,한남,1992,1892,3884
202207,경원선,회룡,7682,7722,15404
202207,경원선,가능,5333,5135,10468
202207,경원선,광운대,5649,5670,11319
202207,경원선,녹양,3614,3377,6991
202207,경원선,녹천,3288,2839,6127
202207,경원선,덕계,2686,2409,5095
202207,경원선,덕정,4541,4187,8728
202207,경원선,도봉,4555,4234,8789
202207,경원선,도봉산,8779,6232,15011
202207,경원선,동두천,1776,2150,3926
202207,경원선,동두천중앙,2686,2661,5347
202207,경원선,망월사,5758,5867,11625
202207,경원선,방학,7525,7392,14917
202207,경원선,보산,1804,1767,3571
202207,경원선,서빙고,1489,1413,2902
202207,경원선,석계,6571,6795,13366
202207,경원선,소요산,4581,3934,8515
202207,경원선,신이문,6250,5709,11959
202207,경원선,양주,6550,6348,12898
202207,경원선,옥수,32,25,57
202207,경원선,왕십리,12835,14574,27409
202207,경원선,외대앞,6216,5971,12187
202207,경원선,월계,4656,4290,8946
202207,경원선,응봉,1423,1269,2692
202207,경원선,의정부,17784,18734,36518
202207,경원선,이촌,2961,2222,5183
202207,경원선,지행,6081,5958,12039
202207,경원선,청량리,17801,18063,35864
202207,경원선,한남,2590,2533,5123
202207,경원선,회룡,9864,9726,19590
202207,경원선,가능,3912,3690,7602
202207,경원선,광운대,4096,4154,8250
202207,경원선,녹양,2714,2544,5258
202207,경원선,녹천,2518,2102,4620
202207,경원선,덕계,1880,1843,3723
202207,경원선,덕정,3373,3541,6914
202207,경원선,도봉,3427,3200,6627
202207,경원선,도봉산,7419,5131,12550
202207,경원선,동두천,1307,1666,2973
202207,경원선,동두천중앙,2032,2060,4092
202207,경원선,망월사,4787,4841,9628
202207,경원선,방학,5848,5589,11437
202207,경원선,보산,1335,1505,2840
202207,경원선,서빙고,1714,1712,3426
202207,경원선,석계,4824,5117,9941
202207,경원선,소요산,4264,3733,7997
202207,경원선,신이문,4592,4365,8957
202207,경원선,양주,4970,4907,9877
202207,경원선,옥수,47,30,77
202207,경원선,왕십리,9923,11016,20939
202207,경원선,외대앞,4524,4510,9034
202207,경원선,월계,3543,3345,6888
202207,경원선,응봉,1001,968,1969
202207,경원선,의정부,14163,14248,28411
202207,경원선,이촌,2404,1835,4239
202207,경원선,지행,4615,4591,9206
202207,경원선,청량리,14486,13021,27507
202207,경원선,한남,1843,1743,3586
202207,경원선,회룡,7197,7347,14544
202207,경원선,가능,4958,4626,9584
202207,경원선,광운대,4838,4740,9578
202207,경원선,녹양,3258,3054,6312
202207,경원선,녹천,2889,2357,5246
202207,경원선,덕계,2383,2174,4557
202207,경원선,덕정,4282,3712,7994
202207,경원선,도봉,4176,3824,8000
202207,경원선,도봉산,7682,5121,12803
202207,경원선,동두천,1686,2037,3723
202207,경원선,동두천중앙,2624,2661,5285
202207,경원선,망월사,5259,5235,10494
202207,경원선,방학,7079,6714,13793
202207,경원선,보산,1841,1779,3620
202207,경원선,서빙고,1457,1405,2862
202207,경원선,석계,5975,6213,12188
202207,경원선,소요산,5017,4419,9436
202207,경원선,신이문,5656,5041,10697
202207,경원선,양주,5999,5611,11610
202207,경원선,옥수,29,29,58
202207,경원선,왕십리,11727,13790,25517
202207,경원선,외대앞,5575,5243,10818
202207,경원선,월계,4283,3631,7914
202207,경원선,응봉,1283,1135,2418
202207,경원선,의정부,17078,17941,35019
202207,경원선,이촌,2649,2003,4652
202207,경원선,지행,5437,5283,10720
202207,경원선,청량리,17023,17501,34524
202207,경원선,한남,2506,2415,4921
202207,경원선,회룡,8683,8524,17207
202207,경원선,가능,3574,3342,6916
202207,경원선,광운대,3667,3786,7453
202207,경원선,녹양,2371,2298,4669
202207,경원선,녹천,2253,2037,4290
202207,경원선,덕계,1712,1522,3234
202207,경원선,덕정,3053,3103,6156
202207,경원선,도봉,3094,2910,6004
202207,경원선,도봉산,6388,4518,10906
202207,경원선,동두천,1308,1623,2931
202207,경원선,동두천중앙,1996,1944,3940
202207,경원선,망월사,4060,4176,8236
202207,경원선,방학,5413,5266,10679
202207,경원선,보산,1277,1517,2794
202207,경원선,서빙고,1568,1630,3198
202207,경원선,석계,4254,4573,8827
202207,경원선,소요산,3871,3463,7334
202207,경원선,신이문,4064,3991,8055
202207,경원선,양주,4497,4350,8847
202207,경원선,옥수,58,24,82
202207,경원선,왕십리,9616,10792,20408
202207,경원선,외대앞,4155,4210,8365
202207,경원선,월계,3267,3071,6338
202207,경원선,응봉,857,818,1675
202207,경원선,의정부,13308,12980,26288
202207,경원선,이촌,2173,1692,3865
202207,경원선,지행,4199,4104,8303
202207,경원선,청량리,15631,13888,29519
202207,경원선,한남,1714,1665,3379
202207,경원선,회룡,6466,6438,12904
202208,경원선,가능,4933,4608,9541
202208,경원선,광운대,4780,4751,9531
202208,경원선,녹양,3292,3273,6565
202208,경원선,녹천,3110,2596,5706
202208,경원선,덕계,2479,2228,4707
202208,경원선,덕정,4093,3742,7835
202208,경원선,도봉,4114,3812,7926
202208,경원선,도봉산,7484,5250,12734
202208,경원선,동두천,1695,2028,3723
202208,경원선,동두천중앙,2487,2556,5043
202208,경원선,망월사,5769,5606,11375
202208,경원선,방학,7233,6919,14152
202208,경원선,보산,1653,1564,3217
202208,경원선,서빙고,1293,1213,2506
202208,경원선,석계,6338,6531,12869
202208,경원선,소요산,4621,3992,8613
202208,경원선,신이문,5826,4811,10637
202208,경원선,양주,5988,5865,11853
202208,경원선,옥수,43,27,70
202208,경원선,왕십리,12100,13866,25966
202208,경원선,외대앞,5706,5367,11073
202208,경원선,월계,4392,4017,8409
202208,경원선,응봉,1292,1112,2404
202208,경원선,의정부,16515,17558,34073
202208,경원선,이촌,2807,2039,4846
202208,경원선,지행,5462,5300,10762
202208,경원선,청량리,16287,17117,33404
202208,경원선,한남,2427,2378,4805
202208,경원선,회룡,9112,8906,18018
202208,경원선,가능,3592,3507,7099
202208,경원선,광운대,3774,3770,7544
202208,경원선,녹양,2446,2322,4768
202208,경원선,녹천,2393,2064,4457
202208,경원선,덕계,1804,1687,3491
202208,경원선,덕정,3097,3311,6408
202208,경원선,도봉,3211,3058,6269
202208,경원선,도봉산,7010,4921,11931
202208,경원선,동두천,1355,1692,3047
202208,경원선,동두천중앙,2036,1971,4007
202208,경원선,망월사,4194,4369,8563
202208,경원선,방학,5644,5500,11144
202208,경원선,보산,1333,1447,2780
202208,경원선,서빙고,1618,1696,3314
202208,경원선,석계,4606,4926,9532
202208,경원선,소요산,4431,4002,8433
202208,경원선,신이문,4459,4211,8670
202208,경원선,양주,4588,4468,9056
202208,경원선,옥수,58,39,97
202208,경원선,왕십리,9838,11318,21156
202208,경원선,외대앞,4320,4355,8675
202208,경원선,월계,3423,3224,6647
202208,경원선,응봉,992,871,1863
202208,경원선,의정부,13107,13155,26262
202208,경원선,이촌,2330,1791,4121
202208,경원선,지행,4217,4292,8509
202208,경원선,청량리,14970,13315,28285
202208,경원선,한남,1739,1809,3548
202208,경원선,회룡,6947,6983,13930
202208,경원선,가능,4740,4399,9139
202208,경원선,광운대,4914,4618,9532
202208,경원선,녹양,3115,2867,5982
202208,경원선,녹천,2957,2428,5385
202208,경원선,덕계,2462,2167,4629
202208,경원선,덕정,4067,3592,7659
202208,경원선,도봉,3955,3730,7685
202208,경원선,도봉산,6614,4616,11230
202208,경원선,동두천,1606,1979,3585
202208,경원선,동두천중앙,2412,2454,4866
202208,경원선,망월사,5053,5088,10141
202208,경원선,방학,6666,6368,13034
202208,경원선,보산,1668,1605,3273
202208,경원선,서빙고,1381,1287,2668
202208,경원선,석계,6075,6102,12177
202208,경원선,소요산,3640,3213,6853
202208,경원선,신이문,5666,5123,10789
202208,경원선,양주,5773,5389,11162
202208,경원선,옥수,37,35,72
202208,경원선,왕십리,11945,13330,25275
202208,경원선,외대앞,5686,5272,10958
202208,경원선,월계,4144,3764,7908
202208,경원선,응봉,1279,1055,2334
202208,경원선,의정부,16059,17158,33217
202208,경원선,이촌,2651,2005,4656
202208,경원선,지행,5368,5177,10545
202208,경원선,청량리,16351,17929,34280
202208,경원선,한남,2475,2418,4893
202208,경원선,회룡,8792,8497,17289
202208,경원선,가능,3846,3606,7452
202208,경원선,광운대,3798,3812,7610
202208,경원선,녹양,2649,2517,5166
202208,경원선,녹천,2337,2025,4362
202208,경원선,덕계,1742,1705,3447
202208,경원선,덕정,3108,3294,6402
202208,경원선,도봉,3536,3201,6737
202208,경원선,도봉산,7056,5174,12230
202208,경원선,동두천,1323,1694,3017
202208,경원선,동두천중앙,2000,2014,4014
202208,경원선,망월사,4437,4591,9028
202208,경원선,방학,5790,5527,11317
202208,경원선,보산,1273,1378,2651
202208,경원선,서빙고,1625,1648,3273
202208,경원선,석계,4778,5076,9854
202208,경원선,소요산,4434,4065,8499
202208,경원선,신이문,4679,4272,8951
202208,경원선,양주,4909,4748,9657
202208,경원선,옥수,37,31,68
202208,경원선,왕십리,9641,10942,20583
202208,경원선,외대앞,4504,4322,8826
202208,경원선,월계,3502,3077,6579
202208,경원선,응봉,1086,908,1994
202208,경원선,의정부,13882,14521,28403
202208,경원선,이촌,2272,1783,4055
202208,경원선,지행,4539,4447,8986
202208,경원선,청량리,14840,14156,28996
202208,경원선,한남,1820,1875,3695
202208,경원선,회룡,7222,7201,14423
202208,경원선,가능,5296,4978,10274
202208,경원선,광운대,5609,5656,11265
202208,경원선,녹양,3464,3272,6736
202208,경원선,녹천,3329,2712,6041
202208,경원선,덕계,2657,2359,5016
202208,경원선,덕정,4643,4148,8791
202208,경원선,도봉,4487,4251,8738
202208,경원선,도봉산,8239,5553,13792
202208,경원선,동두천,1703,2038,3741
202208,경원선,동두천중앙,2853,2894,5747
202208,경원선,망월사,5742,5763,11505
202208,경원선,방학,7489,7097,14586
202208,경원선,보산,1775,1628,3403
202208,경원선,서빙고,1520,1479,2999
202208,경원선,석계,6473,6843,13316
202208,경원선,소요산,4628,4132,8760
202208,경원선,신이문,6130,5487,11617
202208,경원선,양주,6528,6050,12578
202208,경원선,옥수,29,26,55
202208,경원선,왕십리,12891,14854,27745
202208,경원선,외대앞,6393,6147,12540
202208,경원선,월계,4607,4141,8748
202208,경원선,응봉,1434,1253,2687
202208,경원선,의정부,17545,18819,36364
202208,경원선,이촌,3159,2336,5495
202208,경원선,지행,6014,5763,11777
202208,경원선,청량리,17181,18194,35375
202208,경원선,한남,2704,2681,5385
202208,경원선,회룡,9811,9573,19384
202208,경원선,가능,4003,3757,7760
202208,경원선,광운대,4632,4597,9229
202208,경원선,녹양,2649,2567,5216
202208,경원선,녹천,2527,2190,4717
202208,경원선,덕계,1906,1845,3751
202208,경원선,덕정,3407,3616,7023
202208,경원선,도봉,3442,3232,6674
202208,경원선,도봉산,8343,5994,14337
202208,경원선,동두천,1425,1778,3203
202208,경원선,동두천중앙,2139,2032,4171
202208,경원선,망월사,4657,4754,9411
202208,경원선,방학,5927,5849,11776
202208,경원선,보산,1281,1472,2753
202208,경원선,서빙고,1693,1782,3475
202208,경원선,석계,4897,5259,10156
202208,경원선,소요산,4984,4463,9447
202208,경원선,신이문,4678,4401,9079
202208,경원선,양주,5099,5097,10196
202208,경원선,옥수,43,30,73
202208,경원선,왕십리,10517,11918,22435
202208,경원선,외대앞,4749,4668,9417
202208,경원선,월계,3642,3393,7035
202208,경원선,응봉,1134,1047,2181
202208,경원선,의정부,14032,14041,28073
202208,경원선,이촌,2506,1936,4442
202208,경원선,지행,4491,4530,9021
202208,경원선,청량리,15526,14285,29811
202208,경원선,한남,1966,1917,3883
202208,경원선,회룡,7485,7585,15070
202208,경원선,가능,5689,5252,10941
202208,경원선,광운대,5744,5629,11373
202208,경원선,녹양,3918,3647,7565
202208,경원선,녹천,3420,2825,6245
202208,경원선,덕계,2836,2570,5406
202208,경원선,덕정,5164,4571,9735
202208,경원선,도봉,4835,4519,9354
202208,경원선,도봉산,9552,6739,16291
202208,경원선,동두천,1818,2267,4085
202208,경원선,동두천중앙,2859,2776,5635
202208,경원선,망월사,6371,6366,12737
202208,경원선,방학,8197,7783,15980
202208,경원선,보산,1843,1818,3661
202208,경원선,서빙고,2722,2286,5008
202208,경원선,석계,7183,7336,14519
202208,경원선,소요산,5239,4489,9728
202208,경원선,신이문,6722,6066,12788
202208,경원선,양주,7198,6695,13893
202208,경원선,옥수,53,38,91
202208,경원선,왕십리,13799,15854,29653
202208,경원선,외대앞,6724,6278,13002
202208,경원선,월계,5016,4579,9595
202208,경원선,응봉,1662,1456,3118
202208,경원선,의정부,18681,20048,38729
202208,경원선,이촌,3967,2658,6625
202208,경원선,지행,6366,6159,12525
202208,경원선,청량리,19213,20056,39269
202208,경원선,한남,2983,2967,5950
202208,경원선,회룡,10633,10545,21178
202208,경원선,가능,4303,4073,8376
202208,경원선,광운대,4251,4276,8527
202208,경원선,녹양,3082,2850,5932
202208,경원선,녹천,2828,2461,5289
202208,경원선,덕계,2090,2063,4153
202208,경원선,덕정,3597,3773,7370
202208,경원선,도봉,3766,3484,7250
202208,경원선,도봉산,9040,6580,15620
202208,경원선,동두천,1495,1994,3489
202208,경원선,동두천중앙,2293,2104,4397
202208,경원선,망월사,4943,5020,9963
202208,경원선,방학,6314,6175,12489
202208,경원선,보산,1405,1503,2908
202208,경원선,서빙고,2247,2157,4404
202208,경원선,석계,5355,5723,11078
202208,경원선,소요산,4916,4305,9221
202208,경원선,신이문,5081,4599,9680
202208,경원선,양주,5545,5327,10872
202208,경원선,옥수,54,32,86
202208,경원선,왕십리,10415,11921,22336
202208,경원선,외대앞,5138,5107,10245
202208,경원선,월계,3926,3515,7441
202208,경원선,응봉,1308,1178,2486
202208,경원선,의정부,15146,15404,30550
202208,경원선,이촌,3115,2106,5221
202208,경원선,지행,4831,4936,9767
202208,경원선,청량리,16108,15168,31276
202208,경원선,한남,2300,2183,4483
202208,경원선,회룡,8176,8059,16235
202209,경원선,가능,5846,5358,11204
202209,경원선,광운대,6680,6530,13210
202209,경원선,녹양,4013,3768,7781
202209,경원선,녹천,3594,3084,6678
202209,경원선,덕계,2987,2607,5594
202209,경원선,덕정,5299,4880,10179
202209,경원선,도봉,4923,4612,9535
202209,경원선,도봉산,9317,6403,15720
202209,경원선,동두천,1792,2204,3996
202209,경원선,동두천중앙,2834,2885,5719
202209,경원선,망월사,6612,6563,13175
202209,경원선,방학,8207,7735,15942
202209,경원선,보산,2339,2141,4480
202209,경원선,서빙고,2118,2054,4172
202209,경원선,석계,7393,7803,15196
202209,경원선,소요산,4711,3919,8630
202209,경원선,신이문,6596,5934,12530
202209,경원선,양주,7172,6819,13991
202209,경원선,옥수,43,33,76
202209,경원선,왕십리,14108,16137,30245
202209,경원선,외대앞,7267,7023,14290
202209,경원선,월계,5289,4954,10243
202209,경원선,응봉,1651,1413,3064
202209,경원선,의정부,19368,20829,40197
202209,경원선,이촌,3857,2742,6599
202209,경원선,지행,6498,6210,12708
202209,경원선,청량리,19578,20136,39714
202209,경원선,한남,3084,3034,6118
202209,경원선,회룡,10732,10561,21293
202209,경원선,가능,3581,3478,7059
202209,경원선,광운대,4576,4795,9371
202209,경원선,녹양,2365,2263,4628
202209,경원선,녹천,2385,2158,4543
202209,경원선,덕계,1698,1634,3332
202209,경원선,덕정,3008,3132,6140
202209,경원선,도봉,3132,3030,6162
202209,경원선,도봉산,5085,3602,8687
202209,경원선,동두천,1244,1565,2809
202209,경원선,동두천중앙,1894,1707,3601
202209,경원선,망월사,4109,4266,8375
202209,경원선,방학,5503,5365,10868
202209,경원선,보산,1235,1269,2504
202209,경원선,서빙고,1562,1646,3208
202209,경원선,석계,4626,5019,9645
202209,경원선,소요산,2684,2312,4996
202209,경원선,신이문,4495,4271,8766
202209,경원선,양주,4682,4532,9214
202209,경원선,옥수,51,23,74
202209,경원선,왕십리,10468,11755,22223
202209,경원선,외대앞,5523,5439,10962
202209,경원선,월계,3552,3366,6918
202209,경원선,응봉,980,913,1893
202209,경원선,의정부,12992,12747,25739
202209,경원선,이촌,2209,1750,3959
202209,경원선,지행,4098,4111,8209
202209,경원선,청량리,15072,13729,28801
202209,경원선,한남,1821,1771,3592
202209,경원선,회룡,6791,6555,13346
202209,경원선,가능,3572,3297,6869
202209,경원선,광운대,3373,3347,6720
202209,경원선,녹양,2190,2084,4274
202209,경원선,녹천,2271,1765,4036
202209,경원선,덕계,1356,1319,2675
202209,경원선,덕정,3190,2877,6067
202209,경원선,도봉,2857,2733,5590
202209,경원선,도봉산,5205,3534,8739
202209,경원선,동두천,1242,1406,2648
202209,경원선,동두천중앙,2063,2108,4171
202209,경원선,망월사,3347,3308,6655
202209,경원선,방학,4873,4772,9645
202209,경원선,보산,1467,1366,2833
202209,경원선,서빙고,1039,905,1944
202209,경원선,석계,4033,4343,8376
202209,경원선,소요산,3381,2876,6257
202209,경원선,신이문,4169,3921,8090
202209,경원선,양주,4803,4481,9284
202209,경원선,옥수,67,33,100
202209,경원선,왕십리,6301,7462,13763
202209,경원선,외대앞,3935,3706,7641
202209,경원선,월계,3126,2941,6067
202209,경원선,응봉,1031,883,1914
202209,경원선,의정부,10602,11561,22163
202209,경원선,이촌,1621,1181,2802
202209,경원선,지행,3955,3839,7794
202209,경원선,창동,2,0,2
202209,경원선,청량리,11435,11264,22699
202209,경원선,한남,1542,1510,3052
202209,경원선,회룡,5648,5438,11086
202209,경원선,가능,3970,3641,7611
202209,경원선,광운대,3712,3985,7697
202209,경원선,녹양,2621,2415,5036
202209,경원선,녹천,2382,2072,4454
202209,경원선,덕계,1826,1599,3425
202209,경원선,덕정,3594,3352,6946
202209,경원선,도봉,3261,3002,6263
202209,경원선,도봉산,8327,5727,14054
202209,경원선,동두천,1490,1768,3258
202209,경원선,동두천중앙,2384,2084,4468
202209,경원선,망월사,4126,4142,8268
202209,경원선,방학,5693,5440,11133
202209,경원선,보산,1422,1343,2765
202209,경원선,서빙고,1518,1527,3045
202209,경원선,석계,4725,5271,9996
202209,경원선,소요산,4998,4236,9234
202209,경원선,신이문,4528,4323,8851
202209,경원선,양주,5726,5012,10738
202209,경원선,옥수,70,37,107
202209,경원선,왕십리,7987,10132,18119
202209,경원선,외대앞,4257,4531,8788
202209,경원선,월계,3467,3265,6732
202209,경원선,응봉,1178,1041,2219
202209,경원선,의정부,14864,16162,31026
202209,경원선,이촌,2373,1709,4082
202209,경원선,지행,4781,4620,9401
202209,경원선,청량리,15006,12134,27140
202209,경원선,한남,1704,1774,3478
202209,경원선,회룡,7279,6901,14180
202209,경원선,가능,5599,5213,10812
202209,경원선,광운대,5919,5848,11767
202209,경원선,녹양,3901,3824,7725
202209,경원선,녹천,3517,2976,6493
202209,경원선,덕계,2982,2662,5644
202209,경원선,덕정,5522,4889,10411
202209,경원선,도봉,4970,4518,9488
202209,경원선,도봉산,8857,6041,14898
202209,경원선,동두천,1923,2334,4257
202209,경원선,동두천중앙,2909,2815,5724
202209,경원선,망월사,6306,6344,12650
202209,경원선,방학,8109,7719,15828
202209,경원선,보산,1913,1848,3761
202209,경원선,서빙고,2033,2006,4039
202209,경원선,석계,7268,7641,14909
202209,경원선,소요산,4817,4095,8912
202209,경원선,신이문,6682,5989,12671
202209,경원선,양주,7295,6930,14225
202209,경원선,옥수,51,37,88
202209,경원선,왕십리,14645,16717,31362
202209,경원선,외대앞,7686,7020,14706
202209,경원선,월계,5190,4704,9894
202209,경원선,응봉,1594,1413,3007
202209,경원선,의정부,19512,20792,40304
202209,경원선,이촌,3595,2572,6167
202209,경원선,지행,6523,6257,12780
202209,경원선,청량리,18478,18560,37038
202209,경원선,한남,2906,2892,5798
202209,경원선,회룡,10803,10509,21312
202209,경원선,가능,4440,4218,8658
202209,경원선,광운대,4492,4659,9151
202209,경원선,녹양,3063,2977,6040
202209,경원선,녹천,2783,2377,5160
202209,경원선,덕계,2230,2097,4327
202209,경원선,덕정,3781,4013,7794
202209,경원선,도봉,3803,3509,7312
202209,경원선,도봉산,9150,6426,15576
202209,경원선,동두천,1499,2038,3537
202209,경원선,동두천중앙,2266,2080,4346
202209,경원선,망월사,5013,5121,10134
202209,경원선,방학,6464,6301,12765
202209,경원선,보산,1510,1544,3054
202209,경원선,서빙고,2292,2121,4413
202209,경원선,석계,5350,5694,11044
202209,경원선,소요산,5354,4776,10130
202209,경원선,신이문,5068,4666,9734
202209,경원선,양주,5946,5847,11793
202209,경원선,옥수,43,29,72
202209,경원선,왕십리,11292,12890,24182
202209,경원선,외대앞,5638,5692,11330
202209,경원선,월계,4054,3784,7838
202209,경원선,응봉,1250,1115,2365
202209,경원선,의정부,15688,15533,31221
202209,경원선,이촌,2727,1982,4709
202209,경원선,지행,4933,5120,10053
202209,경원선,청량리,15534,14889,30423
202209,경원선,한남,2196,2084,4280
202209,경원선,회룡,8284,8349,16633
202209,경원선,가능,6157,5716,11873
202209,경원선,광운대,6274,6117,12391
202209,경원선,녹양,4344,3979,8323
202209,경원선,녹천,3782,3146,6928
202209,경원선,덕계,3116,2831,5947
202209,경원선,덕정,5644,5082,10726
202209,경원선,도봉,5153,4793,9946
202209,경원선,도봉산,10365,7283,17648
202209,경원선,동두천,2062,2658,4720
202209,경원선,동두천중앙,3227,3219,6446
202209,경원선,망월사,6818,6614,13432
202209,경원선,방학,8624,8356,16980
202209,경원선,보산,1929,1822,3751
202209,경원선,서빙고,2344,2434,4778
202209,경원선,석계,7808,8116,15924
202209,경원선,소요산,6440,5612,12052
202209,경원선,신이문,7262,6463,13725
202209,경원선,양주,8777,8447,17224
202209,경원선,옥수,39,19,58
202209,경원선,왕십리,14735,16968,31703
202209,경원선,외대앞,7724,7235,14959
202209,경원선,월계,5532,5055,10587
202209,경원선,응봉,1816,1563,3379
202209,경원선,의정부,20622,22190,42812
202209,경원선,이촌,4004,2724,6728
202209,경원선,지행,6982,6735,13717
202209,경원선,청량리,19528,20164,39692
202209,경원선,한남,3264,3168,6432
202209,경원선,회룡,11610,11450,23060
202209,경원선,가능,4697,4287,8984
202209,경원선,광운대,4517,4857,9374
202209,경원선,녹양,3258,3020,6278
202209,경원선,녹천,2896,2597,5493
202209,경원선,덕계,2207,2104,4311
202209,경원선,덕정,3858,4103,7961
202209,경원선,도봉,4023,3726,7749
202209,경원선,도봉산,9833,6944,16777
202209,경원선,동두천,1702,2225,3927
202209,경원선,동두천중앙,2801,2617,5418
202209,경원선,망월사,5213,5256,10469
202209,경원선,방학,6707,6452,13159
202209,경원선,보산,1495,1635,3130
202209,경원선,서빙고,2528,2546,5074
202209,경원선,석계,5689,6277,11966
202209,경원선,소요산,6408,5794,12202
202209,경원선,신이문,5313,4922,10235
202209,경원선,양주,7136,7288,14424
202209,경원선,옥수,54,31,85
202209,경원선,왕십리,11010,12617,23627
202209,경원선,외대앞,5508,5505,11013
202209,경원선,월계,4392,3949,8341
202209,경원선,응봉,1334,1286,2620
202209,경원선,의정부,16333,16309,32642
202209,경원선,이촌,3273,2184,5457
202209,경원선,지행,5293,5302,10595
202209,경원선,청량리,16240,15643,31883
202209,경원선,한남,2316,2146,4462
202209,경원선,회룡,8669,8763,17432
202210,경원선,가능,5631,5270,10901
202210,경원선,광운대,6190,5843,12033
202210,경원선,녹양,3988,3833,7821
202210,경원선,녹천,3580,2931,6511
202210,경원선,덕계,3009,2683,5692
202210,경원선,덕정,5609,4889,10498
202210,경원선,도봉,4983,4754,9737
202210,경원선,도봉산,10277,7109,17386
202210,경원선,동두천,2047,2557,4604
202210,경원선,동두천중앙,3040,3117,6157
202210,경원선,망월사,6515,6529,13044
202210,경원선,방학,7964,7832,15796
202210,경원선,보산,2027,1974,4001
202210,경원선,서빙고,2071,2176,4247
202210,경원선,석계,7442,7617,15059
202210,경원선,소요산,5811,4981,10792
202210,경원선,신이문,6836,6090,12926
202210,경원선,양주,8170,7800,15970
202210,경원선,옥수,42,42,84
202210,경원선,왕십리,14045,15864,29909
202210,경원선,외대앞,7559,6628,14187
202210,경원선,월계,5329,4773,10102
202210,경원선,응봉,1690,1488,3178
202210,경원선,의정부,20249,21661,41910
202210,경원선,이촌,3631,2532,6163
202210,경원선,지행,6642,6427,13069
202210,경원선,청량리,19450,20252,39702
202210,경원선,한남,2971,2951,5922
202210,경원선,회룡,10946,11295,22241
202210,경원선,가능,4092,3983,8075
202210,경원선,광운대,4368,4461,8829
202210,경원선,녹양,3090,2912,6002
202210,경원선,녹천,2713,2386,5099
202210,경원선,덕계,2091,1999,4090
202210,경원선,덕정,3715,3815,7530
202210,경원선,도봉,3659,3399,7058
202210,경원선,도봉산,8027,5689,13716
202210,경원선,동두천,1513,1924,3437
202210,경원선,동두천중앙,2272,2210,4482
202210,경원선,망월사,4909,4992,9901
202210,경원선,방학,6528,6236,12764
202210,경원선,보산,1356,1596,2952
202210,경원선,서빙고,1940,2161,4101
202210,경원선,석계,5563,5861,11424
202210,경원선,소요산,4293,3936,8229
202210,경원선,신이문,5160,4815,9975
202210,경원선,양주,6116,6027,12143
202210,경원선,옥수,44,43,87
202210,경원선,왕십리,11214,12813,24027
202210,경원선,외대앞,5333,5227,10560
202210,경원선,월계,3918,3615,7533
202210,경원선,응봉,1199,1037,2236
202210,경원선,의정부,15690,16104,31794
202210,경원선,이촌,2638,2074,4712
202210,경원선,지행,4818,4756,9574
202210,경원선,창동,1,0,1
202210,경원선,청량리,16620,15732,32352
202210,경원선,한남,2173,2187,4360
202210,경원선,회룡,7984,7985,15969
202210,경원선,가능,5981,5632,11613
202210,경원선,광운대,6981,6586,13567
202210,경원선,녹양,4438,4221,8659
202210,경원선,녹천,3910,3189,7099
202210,경원선,덕계,3139,2766,5905
202210,경원선,덕정,5943,5143,11086
202210,경원선,도봉,5112,4881,9993
202210,경원선,도봉산,10846,7654,18500
202210,경원선,동두천,2051,2571,4622
202210,경원선,동두천중앙,3005,3078,6083
202210,경원선,망월사,7187,7063,14250
202210,경원선,방학,8569,8264,16833
202210,경원선,보산,1898,1770,3668
202210,경원선,서빙고,4735,3345,8080
202210,경원선,석계,7952,8440,16392
202210,경원선,소요산,5970,5187,11157
202210,경원선,신이문,7500,6795,14295
202210,경원선,양주,8523,8088,16611
202210,경원선,옥수,50,41,91
202210,경원선,왕십리,14988,16931,31919
202210,경원선,외대앞,7698,7044,14742
202210,경원선,월계,5666,5082,10748
202210,경원선,응봉,2219,1888,4107
202210,경원선,의정부,21039,22245,43284
202210,경원선,이촌,12536,9802,22338
202210,경원선,지행,6732,6462,13194
202210,경원선,청량리,20704,21265,41969
202210,경원선,한남,3612,3306,6918
202210,경원선,회룡,11836,11470,23306
202210,경원선,가능,3833,3583,7416
202210,경원선,광운대,3989,3926,7915
202210,경원선,녹양,2679,2606,5285
202210,경원선,녹천,2500,2152,4652
202210,경원선,덕계,1860,1734,3594
202210,경원선,덕정,3235,3442,6677
202210,경원선,도봉,3325,3162,6487
202210,경원선,도봉산,5946,4129,10075
202210,경원선,동두천,1341,1677,3018
202210,경원선,동두천중앙,2102,2014,4116
202210,경원선,망월사,4361,4473,8834
202210,경원선,방학,5828,5675,11503
202210,경원선,보산,1282,1281,2563
202210,경원선,서빙고,1672,1808,3480
202210,경원선,석계,5070,5388,10458
202210,경원선,소요산,3075,2818,5893
202210,경원선,신이문,4795,4567,9362
202210,경원선,양주,4956,5011,9967
202210,경원선,옥수,36,23,59
202210,경원선,왕십리,10272,11801,22073
202210,경원선,외대앞,4848,4710,9558
202210,경원선,월계,3424,3176,6600
202210,경원선,응봉,1054,932,1986
202210,경원선,의정부,14331,14944,29275
202210,경원선,이촌,2407,1855,4262
202210,경원선,지행,4270,4389,8659
202210,경원선,창동,1,0,1
202210,경원선,청량리,15738,14372,30110
202210,경원선,한남,1814,1893,3707
202210,경원선,회룡,7344,7236,14580
202210,경원선,가능,5816,5528,11344
202210,경원선,광운대,6075,5976,12051
202210,경원선,녹양,4306,4084,8390
202210,경원선,녹천,3867,3149,7016
202210,경원선,덕계,3235,2825,6060
202210,경원선,덕정,5495,5022,10517
202210,경원선,도봉,5166,4775,9941
202210,경원선,도봉산,10714,7489,18203
202210,경원선,동두천,2040,2582,4622
202210,경원선,동두천중앙,3095,3181,6276
202210,경원선,망월사,7621,7662,15283
202210,경원선,방학,8698,8282,16980
202210,경원선,보산,1860,1797,3657
202210,경원선,서빙고,2464,2552,5016
202210,경원선,석계,7595,8072,15667
202210,경원선,소요산,6422,5477,11899
202210,경원선,신이문,6899,6250,13149
202210,경원선,양주,7835,7415,15250
202210,경원선,옥수,49,36,85
202210,경원선,왕십리,14311,16324,30635
202210,경원선,외대앞,7060,6522,13582
202210,경원선,월계,5438,4830,10268
202210,경원선,응봉,2073,1850,3923
202210,경원선,의정부,20538,22207,42745
202210,경원선,이촌,4056,2861,6917
202210,경원선,지행,6694,6455,13149
202210,경원선,청량리,19298,19822,39120
202210,경원선,한남,3435,3086,6521
202210,경원선,회룡,11493,11273,22766
202210,경원선,가능,4426,4277,8703
202210,경원선,광운대,4419,4694,9113
202210,경원선,녹양,3312,3168,6480
202210,경원선,녹천,2817,2425,5242
202210,경원선,덕계,2196,2097,4293
202210,경원선,덕정,3754,3969,7723
202210,경원선,도봉,3948,3706,7654
202210,경원선,도봉산,9616,6939,16555
202210,경원선,동두천,1521,2185,3706
202210,경원선,동두천중앙,2356,2236,4592
202210,경원선,망월사,5686,5802,11488
202210,경원선,방학,6877,6572,13449
202210,경원선,보산,1385,1564,2949
202210,경원선,서빙고,2270,2480,4750
202210,경원선,석계,5749,6232,11981
202210,경원선,소요산,6443,5658,12101
202210,경원선,신이문,5299,4821,10120
202210,경원선,양주,6314,6144,12458
202210,경원선,옥수,38,28,66
202210,경원선,왕십리,10735,12504,23239
202210,경원선,외대앞,5374,5395,10769
202210,경원선,월계,4454,4136,8590
202210,경원선,응봉,1278,1118,2396
202210,경원선,의정부,15524,15509,31033
202210,경원선,이촌,2910,2147,5057
202210,경원선,지행,4844,5015,9859
202210,경원선,청량리,16290,15079,31369
202210,경원선,한남,2273,2206,4479
202210,경원선,회룡,8530,8409,16939
202210,경원선,가능,6087,5742,11829
202210,경원선,광운대,6193,6101,12294
202210,경원선,녹양,4379,4025,8404
202210,경원선,녹천,3752,3059,6811
202210,경원선,덕계,3212,2954,6166
202210,경원선,덕정,5802,5307,11109
202210,경원선,도봉,5191,4885,10076
202210,경원선,도봉산,11354,7910,19264
202210,경원선,동두천,2013,2588,4601
202210,경원선,동두천중앙,3078,3077,6155
202210,경원선,망월사,7656,7618,15274
202210,경원선,방학,8806,8396,17202
202210,경원선,보산,1915,1915,3830
202210,경원선,서빙고,2362,2616,4978
202210,경원선,석계,8143,8798,16941
202210,경원선,소요산,7598,6864,14462
202210,경원선,신이문,7133,6480,13613
202210,경원선,양주,7757,7419,15176
202210,경원선,옥수,34,38,72
202210,경원선,왕십리,14115,16207,30322
202210,경원선,외대앞,7562,7203,14765
202210,경원선,월계,5506,5005,10511
202210,경원선,응봉,1811,1565,3376
202210,경원선,의정부,20367,21740,42107
202210,경원선,이촌,3699,2705,6404
202210,경원선,지행,6926,6479,13405
202210,경원선,청량리,19778,20029,39807
202210,경원선,한남,3203,3200,6403
202210,경원선,회룡,11654,11466,23120
202210,경원선,가능,4637,4499,9136
202210,경원선,광운대,4330,4459,8789
202210,경원선,녹양,3246,3074,6320
202210,경원선,녹천,2702,2370,5072
202210,경원선,덕계,2450,2216,4666
202210,경원선,덕정,3957,4213,8170
202210,경원선,도봉,3998,3813,7811
202210,경원선,도봉산,11129,7879,19008
202210,경원선,동두천,1603,2097,3700
202210,경원선,동두천중앙,2605,2445,5050
202210,경원선,망월사,5980,6168,12148
202210,경원선,방학,6913,6479,13392
202210,경원선,보산,1439,1599,3038
202210,경원선,서빙고,2124,2337,4461
202210,경원선,석계,5743,6062,11805
202210,경원선,소요산,8956,8183,17139
202210,경원선,신이문,5226,4948,10174
202210,경원선,양주,5974,5827,11801
202210,경원선,옥수,47,24,71
202210,경원선,왕십리,10399,11997,22396
202210,경원선,외대앞,5002,5096,10098
202210,경원선,월계,4077,3768,7845
202210,경원선,응봉,1311,1239,2550
202210,경원선,의정부,16151,16261,32412
202210,경원선,이촌,2851,2151,5002
202210,경원선,지행,5327,5372,10699
202210,경원선,청량리,16502,15542,32044
202210,경원선,한남,2191,2090,4281
202210,경원선,회룡,8716,8753,17469
202210,경원선,가능,6137,5768,11905
202210,경원선,광운대,6470,6264,12734
202210,경원선,녹양,4295,4067,8362
202210,경원선,녹천,3836,3192,7028
202210,경원선,덕계,3197,2937,6134
202210,경원선,덕정,5810,5250,11060
202210,경원선,도봉,5319,4864,10183
202210,경원선,도봉산,12446,8684,21130
202210,경원선,동두천,2145,2673,4818
202210,경원선,동두천중앙,3258,3100,6358
202210,경원선,망월사,7194,7366,14560
202210,경원선,방학,8924,8540,17464
202210,경원선,보산,3616,3526,7142
202210,경원선,서빙고,2869,3125,5994
202210,경원선,석계,7992,8211,16203
202210,경원선,소요산,9363,8627,17990
202210,경원선,신이문,7243,6432,13675
202210,경원선,양주,7746,7095,14841
202210,경원선,옥수,42,33,75
202210,경원선,왕십리,15081,16747,31828
202210,경원선,외대앞,7956,7254,15210
202210,경원선,월계,5773,5196,10969
202210,경원선,응봉,2008,1746,3754
202210,경원선,의정부,20318,21627,41945
202210,경원선,이촌,4148,3071,7219
202210,경원선,지행,7893,7522,15415
202210,경원선,청량리,20320,20211,40531
202210,경원선,한남,3551,3559,7110
202210,경원선,회룡,11710,11359,23069
202210,경원선,가능,4705,4434,9139
202210,경원선,광운대,4604,4863,9467
202210,경원선,녹양,3397,3152,6549
202210,경원선,녹천,2975,2555,5530
202210,경원선,덕계,2270,2111,4381
202210,경원선,덕정,3974,4166,8140
202210,경원선,도봉,4024,3753,7777
202210,경원선,도봉산,11543,8419,19962
202210,경원선,동두천,1553,2128,3681
202210,경원선,동두천중앙,2620,2589,5209
202210,경원선,망월사,5255,5594,10849
202210,경원선,방학,6760,6478,13238
202210,경원선,보산,1417,1628,3045
202210,경원선,서빙고,2132,2061,4193
202210,경원선,석계,5765,6210,11975
202210,경원선,소요산,9275,8755,18030
202210,경원선,신이문,5260,4864,10124
202210,경원선,양주,5825,5833,11658
202210,경원선,옥수,44,26,70
202210,경원선,왕십리,11222,12517,23739
202210,경원선,외대앞,6559,6542,13101
202210,경원선,월계,4323,4053,8376
202210,경원선,응봉,1316,1183,2499
202210,경원선,의정부,15691,15964,31655
202210,경원선,이촌,2948,2106,5054
202210,경원선,지행,5148,5200,10348
202210,경원선,청량리,17084,16294,33378
202210,경원선,한남,2564,2063,4627
202210,경원선,회룡,8709,8676,17385
202211,경원선,가능,5579,5292,10871
202211,경원선,광운대,6679,6375,13054
202211,경원선,녹양,4008,3675,7683
202211,경원선,녹천,3587,2912,6499
202211,경원선,덕계,3145,2710,5855
202211,경원선,덕정,5345,4737,10082
202211,경원선,도봉,4950,4595,9545
202211,경원선,도봉산,10869,7632,18501
202211,경원선,동두천,1870,2285,4155
202211,경원선,동두천중앙,3098,2971,6069
202211,경원선,망월사,6539,6591,13130
202211,경원선,방학,8294,7904,16198
202211,경원선,보산,1877,1761,3638
202211,경원선,서빙고,2241,2440,4681
202211,경원선,석계,7695,8028,15723
202211,경원선,소요산,6040,5553,11593
202211,경원선,신이문,6857,6132,12989
202211,경원선,양주,7065,6629,13694
202211,경원선,옥수,45,37,82
202211,경원선,왕십리,14302,15795,30097
202211,경원선,외대앞,7818,7249,15067
202211,경원선,월계,5521,5033,10554
202211,경원선,응봉,1687,1467,3154
202211,경원선,의정부,19292,20617,39909
202211,경원선,이촌,3279,2433,5712
202211,경원선,지행,6202,6183,12385
202211,경원선,창동,2,0,2
202211,경원선,청량리,19458,19746,39204
202211,경원선,한남,2906,2848,5754
202211,경원선,회룡,10830,10561,21391
202211,경원선,가능,4348,4111,8459
202211,경원선,광운대,4953,5011,9964
202211,경원선,녹양,3192,2937,6129
202211,경원선,녹천,2744,2381,5125
202211,경원선,덕계,2259,2069,4328
202211,경원선,덕정,3759,3861,7620
202211,경원선,도봉,3827,3517,7344
202211,경원선,도봉산,10538,7612,18150
202211,경원선,동두천,1486,1924,3410
202211,경원선,동두천중앙,2262,2057,4319
202211,경원선,망월사,5279,5376,10655
202211,경원선,방학,6720,6332,13052
202211,경원선,보산,1356,1489,2845
202211,경원선,서빙고,1936,2264,4200
202211,경원선,석계,5634,5887,11521
202211,경원선,소요산,6894,6340,13234
202211,경원선,신이문,5285,4802,10087
202211,경원선,양주,5485,5438,10923
202211,경원선,옥수,57,37,94
202211,경원선,왕십리,11435,12942,24377
202211,경원선,외대앞,6241,6202,12443
202211,경원선,월계,4395,4023,8418
202211,경원선,응봉,1336,1177,2513
202211,경원선,의정부,15690,15623,31313
202211,경원선,이촌,2859,2117,4976
202211,경원선,지행,4904,4869,9773
202211,경원선,청량리,16420,15381,31801
202211,경원선,한남,2031,2006,4037
202211,경원선,회룡,8367,8211,16578
202211,경원선,가능,5467,5220,10687
202211,경원선,광운대,6007,5980,11987
202211,경원선,녹양,3711,3586,7297
202211,경원선,녹천,3429,2917,6346
202211,경원선,덕계,2779,2600,5379
202211,경원선,덕정,5176,4739,9915
202211,경원선,도봉,4882,4609,9491
202211,경원선,도봉산,8680,5946,14626
202211,경원선,동두천,1701,2085,3786
202211,경원선,동두천중앙,2710,2748,5458
202211,경원선,망월사,6184,6297,12481
202211,경원선,방학,7774,7589,15363
202211,경원선,보산,1550,1628,3178
202211,경원선,서빙고,1868,1838,3706
202211,경원선,석계,7235,7588,14823
202211,경원선,소요산,4287,3588,7875
202211,경원선,신이문,6792,6138,12930
202211,경원선,양주,6858,6552,13410
202211,경원선,옥수,32,37,69
202211,경원선,왕십리,14340,16045,30385
202211,경원선,외대앞,7307,6707,14014
202211,경원선,월계,5163,4602,9765
202211,경원선,응봉,1516,1270,2786
202211,경원선,의정부,19177,20222,39399
202211,경원선,이촌,3362,2511,5873
202211,경원선,지행,6004,5855,11859
202211,경원선,청량리,18395,18890,37285
202211,경원선,한남,2860,2805,5665
202211,경원선,회룡,10196,9925,20121
202211,경원선,가능,4030,3813,7843
202211,경원선,광운대,4263,4412,8675
202211,경원선,녹양,3024,2779,5803
202211,경원선,녹천,2540,2207,4747
202211,경원선,덕계,1988,1899,3887
202211,경원선,덕정,3513,3741,7254
202211,경원선,도봉,3467,3343,6810
202211,경원선,도봉산,7600,5190,12790
202211,경원선,동두천,1346,1751,3097
202211,경원선,동두천중앙,2102,1995,4097
202211,경원선,망월사,5105,5361,10466
202211,경원선,방학,6006,5875,11881
202211,경원선,보산,1343,1512,2855
202211,경원선,서빙고,1864,1961,3825
202211,경원선,석계,5234,5789,11023
202211,경원선,소요산,3703,3351,7054
202211,경원선,신이문,4845,4576,9421
202211,경원선,양주,5086,5040,10126
202211,경원선,옥수,52,26,78
202211,경원선,왕십리,10113,11272,21385
202211,경원선,외대앞,5324,5518,10842
202211,경원선,월계,3835,3524,7359
202211,경원선,응봉,1143,1094,2237
202211,경원선,의정부,15580,15672,31252
202211,경원선,이촌,2570,1985,4555
202211,경원선,지행,4690,4725,9415
202211,경원선,청량리,15525,14257,29782
202211,경원선,한남,1943,1908,3851
202211,경원선,회룡,7633,7513,15146
202211,경원선,가능,5751,5359,11110
202211,경원선,광운대,6552,6441,12993
202211,경원선,녹양,3992,3691,7683
202211,경원선,녹천,3635,2948,6583
202211,경원선,덕계,2928,2663,5591
202211,경원선,덕정,5344,4956,10300
202211,경원선,도봉,4864,4586,9450
202211,경원선,도봉산,9236,6782,16018
202211,경원선,동두천,1895,2406,4301
202211,경원선,동두천중앙,2879,2853,5732
202211,경원선,망월사,6365,6584,12949
202211,경원선,방학,8168,7724,15892
202211,경원선,보산,2118,2020,4138
202211,경원선,서빙고,2152,2191,4343
202211,경원선,석계,7516,8063,15579
202211,경원선,소요산,4613,3871,8484
202211,경원선,신이문,6942,6105,13047
202211,경원선,양주,7182,6542,13724
202211,경원선,옥수,51,41,92
202211,경원선,왕십리,16198,17050,33248
202211,경원선,외대앞,7844,7164,15008
202211,경원선,월계,5487,4987,10474
202211,경원선,응봉,1729,1481,3210
202211,경원선,의정부,19823,21087,40910
202211,경원선,이촌,3479,2685,6164
202211,경원선,지행,6759,6524,13283
202211,경원선,청량리,19002,19473,38475
202211,경원선,한남,2969,2915,5884
202211,경원선,회룡,10768,10508,21276
202211,경원선,가능,4259,4043,8302
202211,경원선,광운대,4549,4797,9346
202211,경원선,녹양,3124,2917,6041
202211,경원선,녹천,2779,2417,5196
202211,경원선,덕계,2217,2060,4277
202211,경원선,덕정,3838,4066,7904
202211,경원선,도봉,3708,3525,7233
202211,경원선,도봉산,8832,6675,15507
202211,경원선,동두천,1497,2061,3558
202211,경원선,동두천중앙,2567,2462,5029
202211,경원선,망월사,5111,5208,10319
202211,경원선,방학,6523,6244,12767
202211,경원선,보산,1583,1661,3244
202211,경원선,서빙고,2049,1977,4026
202211,경원선,석계,5636,5971,11607
202211,경원선,소요산,4611,4081,8692
202211,경원선,신이문,5282,4954,10236
202211,경원선,양주,5619,5567,11186
202211,경원선,옥수,48,29,77
202211,경원선,왕십리,12442,13372,25814
202211,경원선,외대앞,5899,5698,11597
202211,경원선,월계,4544,4171,8715
202211,경원선,응봉,1225,1144,2369
202211,경원선,의정부,16008,15879,31887
202211,경원선,이촌,2936,2158,5094
202211,경원선,지행,4983,5217,10200
202211,경원선,청량리,16276,15528,31804
202211,경원선,한남,2109,2010,4119
202211,경원선,회룡,8380,8396,16776
202211,경원선,가능,5436,5066,10502
202211,경원선,광운대,7138,6719,13857
202211,경원선,녹양,3877,3613,7490
202211,경원선,녹천,3299,2820,6119
202211,경원선,덕계,2915,2525,5440
202211,경원선,덕정,5268,4685,9953
202211,경원선,도봉,4724,4371,9095
202211,경원선,도봉산,9191,6243,15434
202211,경원선,동두천,1923,2295,4218
202211,경원선,동두천중앙,2679,2773,5452
202211,경원선,망월사,6408,6408,12816
202211,경원선,방학,7883,7491,15374
202211,경원선,보산,2045,1987,4032
202211,경원선,서빙고,1840,1860,3700
202211,경원선,석계,7456,7841,15297
202211,경원선,소요산,3985,3354,7339
202211,경원선,신이문,7130,6459,13589
202211,경원선,양주,7203,6677,13880
202211,경원선,옥수,51,57,108
202211,경원선,왕십리,15944,16752,32696
202211,경원선,외대앞,11141,10058,21199
202211,경원선,월계,5408,4876,10284
202211,경원선,응봉,1583,1302,2885
202211,경원선,의정부,19453,21058,40511
202211,경원선,이촌,3290,2590,5880
202211,경원선,지행,6532,6407,12939
202211,경원선,창동,1,0,1
202211,경원선,청량리,19177,19177,38354
202211,경원선,한남,2883,2855,5738
202211,경원선,회룡,10365,10355,20720
202211,경원선,가능,4073,3859,7932
202211,경원선,광운대,5739,5681,11420
202211,경원선,녹양,3020,2827,5847
202211,경원선,녹천,2752,2352,5104
202211,경원선,덕계,2049,1900,3949
202211,경원선,덕정,3621,3804,7425
202211,경원선,도봉,3544,3393,6937
202211,경원선,도봉산,8410,5907,14317
202211,경원선,동두천,1500,1961,3461
202211,경원선,동두천중앙,2289,2091,4380
202211,경원선,망월사,4734,4909,9643
202211,경원선,방학,6072,5785,11857
202211,경원선,보산,1345,1637,2982
202211,경원선,서빙고,1749,1892,3641
202211,경원선,석계,5358,5798,11156
202211,경원선,소요산,3583,3014,6597
202211,경원선,신이문,5479,4891,10370
202211,경원선,양주,5371,5363,10734
202211,경원선,옥수,65,37,102
202211,경원선,왕십리,11929,11812,23741
202211,경원선,외대앞,8818,8250,17068
202211,경원선,월계,4039,3642,7681
202211,경원선,응봉,1203,1085,2288
202211,경원선,의정부,15488,15234,30722
202211,경원선,이촌,2708,1991,4699
202211,경원선,지행,4652,4791,9443
202211,경원선,청량리,15540,14362,29902
202211,경원선,한남,1913,1913,3826
202211,경원선,회룡,7963,7671,15634
202212,경원선,가능,5455,5153,10608
202212,경원선,광운대,5739,5673,11412
202212,경원선,녹양,3761,3500,7261
202212,경원선,녹천,3280,2752,6032
202212,경원선,덕계,2700,2414,5114
202212,경원선,덕정,4906,4471,9377
202212,경원선,도봉,4465,4202,8667
202212,경원선,도봉산,7646,5047,12693
202212,경원선,동두천,1663,1850,3513
202212,경원선,동두천중앙,2649,2593,5242
202212,경원선,망월사,6136,6068,12204
202212,경원선,방학,7676,7432,15108
202212,경원선,보산,2103,2025,4128
202212,경원선,서빙고,1496,1468,2964
202212,경원선,석계,6985,7605,14590
202212,경원선,소요산,2755,2389,5144
202212,경원선,신이문,6453,5823,12276
202212,경원선,양주,6588,6137,12725
202212,경원선,옥수,30,28,58
202212,경원선,왕십리,14522,15543,30065
202212,경원선,외대앞,7565,7172,14737
202212,경원선,월계,4935,4449,9384
202212,경원선,응봉,1399,1278,2677
202212,경원선,의정부,19251,20421,39672
202212,경원선,이촌,3000,2484,5484
202212,경원선,지행,6170,5989,12159
202212,경원선,창동,1,0,1
202212,경원선,청량리,17221,17838,35059
202212,경원선,한남,2775,2731,5506
202212,경원선,회룡,10167,9953,20120
202212,경원선,가능,4034,3651,7685
202212,경원선,광운대,4035,4318,8353
202212,경원선,녹양,3020,2861,5881
202212,경원선,녹천,2396,2088,4484
202212,경원선,덕계,1845,1735,3580
202212,경원선,덕정,3152,3428,6580
202212,경원선,도봉,3306,3098,6404
202212,경원선,도봉산,7369,5000,12369
202212,경원선,동두천,1264,1727,2991
202212,경원선,동두천중앙,2031,1893,3924
202212,경원선,망월사,4474,4702,9176
202212,경원선,방학,5977,5735,11712
202212,경원선,보산,1402,1526,2928
202212,경원선,서빙고,1673,1771,3444
202212,경원선,석계,4914,5311,10225
202212,경원선,소요산,2592,2317,4909
202212,경원선,신이문,4702,4449,9151
202212,경원선,양주,4836,4835,9671
202212,경원선,옥수,50,14,64
202212,경원선,왕십리,11298,12082,23380
202212,경원선,외대앞,5017,5090,10107
202212,경원선,월계,3949,3656,7605
202212,경원선,응봉,1024,877,1901
202212,경원선,의정부,14522,14476,28998
202212,경원선,이촌,2377,1897,4274
202212,경원선,지행,4484,4673,9157
202212,경원선,창동,1,0,1
202212,경원선,청량리,14676,13498,28174
202212,경원선,한남,1800,1853,3653
202212,경원선,회룡,7399,7308,14707
202212,경원선,가능,5643,5375,11018
202212,경원선,광운대,6075,5861,11936
202212,경원선,녹양,3943,3754,7697
202212,경원선,녹천,3472,2941,6413
202212,경원선,덕계,2857,2471,5328
202212,경원선,덕정,5318,4715,10033
202212,경원선,도봉,4806,4503,9309
202212,경원선,도봉산,9359,6190,15549
202212,경원선,동두천,1945,2226,4171
202212,경원선,동두천중앙,2907,2908,5815
202212,경원선,망월사,6523,6544,13067
202212,경원선,방학,8351,8030,16381
202212,경원선,보산,1867,1805,3672
202212,경원선,서빙고,1620,1552,3172
202212,경원선,석계,7765,8227,15992
202212,경원선,소요산,3659,2960,6619
202212,경원선,신이문,6982,6256,13238
202212,경원선,양주,7100,6612,13712
202212,경원선,옥수,43,48,91
202212,경원선,왕십리,14589,16029,30618
202212,경원선,외대앞,7011,6775,13786
202212,경원선,월계,5235,4625,9860
202212,경원선,응봉,1512,1223,2735
202212,경원선,의정부,19972,21335,41307
202212,경원선,이촌,3174,2433,5607
202212,경원선,지행,6600,6354,12954
202212,경원선,창동,2,0,2
202212,경원선,청량리,18767,19175,37942
202212,경원선,한남,2930,2867,5797
202212,경원선,회룡,11077,10952,22029
202212,경원선,가능,4124,3980,8104
202212,경원선,광운대,4182,4267,8449
202212,경원선,녹양,2844,2720,5564
202212,경원선,녹천,2535,2232,4767
202212,경원선,덕계,2022,1858,3880
202212,경원선,덕정,3463,3794,7257
202212,경원선,도봉,3704,3340,7044
202212,경원선,도봉산,8430,5904,14334
202212,경원선,동두천,1425,1903,3328
202212,경원선,동두천중앙,2258,2131,4389
202212,경원선,망월사,4928,5001,9929
202212,경원선,방학,6231,6022,12253
202212,경원선,보산,1395,1530,2925
202212,경원선,서빙고,1659,1852,3511
202212,경원선,석계,5421,6003,11424
202212,경원선,소요산,3345,3022,6367
202212,경원선,신이문,5114,4746,9860
202212,경원선,양주,5072,5153,10225
202212,경원선,옥수,50,21,71
202212,경원선,왕십리,10212,11094,21306
202212,경원선,외대앞,5214,5382,10596
202212,경원선,월계,3788,3562,7350
202212,경원선,응봉,1117,993,2110
202212,경원선,의정부,15556,15411,30967
202212,경원선,이촌,2588,1918,4506
202212,경원선,지행,4824,4945,9769
202212,경원선,청량리,15438,14195,29633
202212,경원선,한남,2018,1954,3972
202212,경원선,회룡,8230,8162,16392
202212,경원선,가능,5362,5005,10367
202212,경원선,광운대,5697,5580,11277
202212,경원선,녹양,3983,3728,7711
202212,경원선,녹천,3321,2695,6016
202212,경원선,덕계,2750,2374,5124
202212,경원선,덕정,5425,4746,10171
202212,경원선,도봉,4606,4298,8904
202212,경원선,도봉산,7512,4925,12437
202212,경원선,동두천,1662,1848,3510
202212,경원선,동두천중앙,2600,2627,5227
202212,경원선,망월사,6097,6053,12150
202212,경원선,방학,7919,7610,15529
202212,경원선,보산,2016,1896,3912
202212,경원선,서빙고,1498,1497,2995
202212,경원선,석계,7401,7760,15161
202212,경원선,소요산,2809,2196,5005
202212,경원선,신이문,6695,6051,12746
202212,경원선,양주,6859,6473,13332
202212,경원선,옥수,40,43,83
202212,경원선,왕십리,15602,17055,32657
202212,경원선,외대앞,7233,6970,14203
202212,경원선,월계,4953,4413,9366
202212,경원선,응봉,1479,1242,2721
202212,경원선,의정부,20262,21861,42123
202212,경원선,이촌,3233,2571,5804
202212,경원선,지행,6465,6211,12676
202212,경원선,창동,1,0,1
202212,경원선,청량리,19160,19359,38519
202212,경원선,한남,2793,2884,5677
202212,경원선,회룡,10491,10218,20709
202212,경원선,가능,3661,3479,7140
202212,경원선,광운대,3874,4051,7925
202212,경원선,녹양,2538,2413,4951
202212,경원선,녹천,2221,1965,4186
202212,경원선,덕계,1826,1656,3482
202212,경원선,덕정,3136,3389,6525
202212,경원선,도봉,3067,2924,5991
202212,경원선,도봉산,5984,3976,9960
202212,경원선,동두천,1226,1551,2777
202212,경원선,동두천중앙,1905,1786,3691
202212,경원선,망월사,4475,4559,9034
202212,경원선,방학,5792,5558,11350
202212,경원선,보산,1241,1421,2662
202212,경원선,서빙고,1535,1697,3232
202212,경원선,석계,4756,5270,10026
202212,경원선,소요산,2015,1894,3909
202212,경원선,신이문,4520,4134,8654
202212,경원선,양주,4648,4706,9354
202212,경원선,옥수,55,21,76
202212,경원선,왕십리,11567,12269,23836
202212,경원선,외대앞,4801,4852,9653
202212,경원선,월계,3538,3315,6853
202212,경원선,응봉,867,852,1719
202212,경원선,의정부,14857,14448,29305
202212,경원선,이촌,2287,1751,4038
202212,경원선,지행,4393,4589,8982
202212,경원선,청량리,15110,13799,28909
202212,경원선,한남,1728,1741,3469
202212,경원선,회룡,7040,7061,14101
202212,경원선,가능,4647,4349,8996
202212,경원선,광운대,5310,5324,10634
202212,경원선,녹양,3279,3024,6303
202212,경원선,녹천,2832,2383,5215
202212,경원선,덕계,2359,2150,4509
202212,경원선,덕정,4315,3764,8079
202212,경원선,도봉,4017,3756,7773
202212,경원선,도봉산,5687,3780,9467
202212,경원선,동두천,1516,1656,3172
202212,경원선,동두천중앙,2409,2304,4713
202212,경원선,망월사,5484,5386,10870
202212,경원선,방학,7103,6910,14013
202212,경원선,보산,1633,1564,3197
202212,경원선,서빙고,1428,1447,2875
202212,경원선,석계,6082,6582,12664
202212,경원선,소요산,2326,1824,4150
202212,경원선,신이문,6186,5367,11553
202212,경원선,양주,6009,5523,11532
202212,경원선,옥수,35,34,69
202212,경원선,왕십리,14446,15906,30352
202212,경원선,외대앞,7146,6566,13712
202212,경원선,월계,4655,4113,8768
202212,경원선,응봉,1196,968,2164
202212,경원선,의정부,18744,20210,38954
202212,경원선,이촌,2645,2069,4714
202212,경원선,지행,5677,5408,11085
202212,경원선,청량리,17489,18212,35701
202212,경원선,한남,2539,2700,5239
202212,경원선,회룡,8860,8958,17818
202212,경원선,가능,3771,3525,7296
202212,경원선,광운대,4276,4408,8684
202212,경원선,녹양,2613,2509,5122
202212,경원선,녹천,2356,2126,4482
202212,경원선,덕계,1908,1743,3651
202212,경원선,덕정,3425,3595,7020
202212,경원선,도봉,3221,3105,6326
202212,경원선,도봉산,6013,4353,10366
202212,경원선,동두천,1262,1610,2872
202212,경원선,동두천중앙,2126,2050,4176
202212,경원선,망월사,4640,4657,9297
202212,경원선,방학,5887,5617,11504
202212,경원선,보산,1268,1262,2530
202212,경원선,서빙고,1716,1746,3462
202212,경원선,석계,4931,5341,10272
202212,경원선,소요산,2550,2187,4737
202212,경원선,신이문,4880,4425,9305
202212,경원선,양주,5271,5045,10316
202212,경원선,옥수,61,17,78
202212,경원선,왕십리,11456,12393,23849
202212,경원선,외대앞,5733,5301,11034
202212,경원선,월계,3527,3202,6729
202212,경원선,응봉,980,879,1859
202212,경원선,의정부,16923,16903,33826
202212,경원선,이촌,2294,1715,4009
202212,경원선,지행,4968,4933,9901
202212,경원선,청량리,15811,14133,29944
202212,경원선,한남,1833,1869,3702
202212,경원선,회룡,7392,7383,14775
202212,경원선,가능,4677,4361,9038
202212,경원선,광운대,4998,4930,9928
202212,경원선,녹양,3541,3354,6895
202212,경원선,녹천,2996,2442,5438
202212,경원선,덕계,2269,2051,4320
202212,경원선,덕정,4201,3562,7763
202212,경원선,도봉,4052,3801,7853
202212,경원선,도봉산,6816,4528,11344
202212,경원선,동두천,1561,1701,3262
202212,경원선,동두천중앙,2286,2370,4656
202212,경원선,망월사,5248,5129,10377
202212,경원선,방학,7122,6766,13888
202212,경원선,보산,1973,1588,3561
202212,경원선,서빙고,1641,1713,3354
202212,경원선,석계,6104,6280,12384
202212,경원선,소요산,2742,2365,5107
202212,경원선,신이문,5869,5209,11078
202212,경원선,양주,5886,5388,11274
202212,경원선,옥수,28,34,62
202212,경원선,왕십리,12429,13325,25754
202212,경원선,외대앞,6095,5502,11597
202212,경원선,월계,4537,3998,8535
202212,경원선,응봉,1270,1000,2270
202212,경원선,의정부,17557,18826,36383
202212,경원선,이촌,2780,2252,5032
202212,경원선,지행,5390,5406,10796
202212,경원선,청량리,15991,17610,33601
202212,경원선,한남,2370,2367,4737
202212,경원선,회룡,8537,8519,17056
