사용월,호선명,지하철역,승차총승객수,하차총승객수,승하차총승객수
202201,수인선,고색,1544,1512,3056
202201,수인선,남동인더스파크,441,362,803
202201,수인선,달월,38,55,93
202201,수인선,사리,2162,1974,4136
202201,수인선,소래포구,3911,3837,7748
202201,수인선,송도,1354,1324,2678
202201,수인선,숭의,1636,1500,3136
202201,수인선,신포,1010,992,2002
202201,수인선,야목,152,122,274
202201,수인선,어천,427,416,843
202201,수인선,연수,2297,2372,4669
202201,수인선,오목천,1239,1112,2351
202201,수인선,원인재,2188,2402,4590
202201,수인선,월곶,1348,1284,2632
202201,수인선,인천,1172,1569,2741
202201,수인선,인천논현,2600,2694,5294
202201,수인선,인하대,2640,2546,5186
202201,수인선,호구포,1548,1489,3037
202201,수인선,고색,1479,1583,3062
202201,수인선,남동인더스파크,414,466,880
202201,수인선,달월,33,36,69
202201,수인선,사리,2336,1876,4212
202201,수인선,소래포구,3674,3507,7181
202201,수인선,송도,1304,1315,2619
202201,수인선,숭의,1781,1633,3414
202201,수인선,신포,1032,987,2019
202201,수인선,야목,173,144,317
202201,수인선,어천,404,549,953
202201,수인선,연수,2541,2502,5043
202201,수인선,오목천,1263,1354,2617
202201,수인선,원인재,2575,2693,5268
202201,수인선,월곶,1497,1459,2956
202201,수인선,인천,940,1350,2290
202201,수인선,인천논현,2607,2802,5409
202201,수인선,인하대,2630,2609,5239
202201,수인선,호구포,1681,1755,3436
202201,수인선,고색,2557,2524,5081
202201,수인선,남동인더스파크,870,841,1711
202201,수인선,달월,34,41,75
202201,수인선,사리,3218,2779,5997
202201,수인선,소래포구,4517,4634,9151
202201,수인선,송도,1843,1832,3675
202201,수인선,숭의,2588,2336,4924
202201,수인선,신포,1287,1370,2657
202201,수인선,야목,209,189,398
202201,수인선,어천,592,518,1110
202201,수인선,연수,3602,3762,7364
202201,수인선,오목천,2058,1786,3844
202201,수인선,원인재,3376,3521,6897
202201,수인선,월곶,1969,1910,3879
202201,수인선,인천,1045,1682,2727
202201,수인선,인천논현,4118,4230,8348
202201,수인선,인하대,3877,3712,7589
202201,수인선,호구포,2374,2245,4619
202201,수인선,고색,1547,1675,3222
202201,수인선,남동인더스파크,476,508,984
202201,수인선,달월,48,44,92
202201,수인선,사리,2339,2089,4428
202201,수인선,소래포구,3954,3834,7788
202201,수인선,송도,1380,1423,2803
202201,수인선,숭의,1855,1739,3594
202201,수인선,신포,1063,966,2029
202201,수인선,야목,168,136,304
202201,수인선,어천,431,534,965
202201,수인선,연수,3019,3008,6027
202201,수인선,오목천,1352,1301,2653
202201,수인선,원인재,2630,2704,5334
202201,수인선,월곶,1514,1485,2999
202201,수인선,인천,908,1440,2348
202201,수인선,인천논현,2695,2757,5452
202201,수인선,인하대,3892,3360,7252
202201,수인선,호구포,1838,1817,3655
202201,수인선,고색,2397,2336,4733
202201,수인선,남동인더스파크,915,918,1833
202201,수인선,달월,41,36,77
202201,수인선,사리,3154,2735,5889
202201,수인선,소래포구,4460,4500,8960
202201,수인선,송도,1929,1792,3721
202201,수인선,숭의,2589,2361,4950
202201,수인선,신포,1227,1320,2547
202201,수인선,야목,218,203,421
202201,수인선,어천,621,536,1157
202201,수인선,연수,3538,3663,7201
202201,수인선,오목천,1944,1767,3711
202201,수인선,원인재,3356,3510,6866
202201,수인선,월곶,1973,1894,3867
202201,수인선,인천,1047,1822,2869
202201,수인선,인천논현,4060,4306,8366
202201,수인선,인하대,3803,3680,7483
202201,수인선,호구포,2435,2376,4811
202201,수인선,고색,1609,1720,3329
202201,수인선,남동인더스파크,516,521,1037
202201,수인선,달월,40,33,73
202201,수인선,사리,2299,2020,4319
202201,수인선,소래포구,3853,3664,7517
202201,수인선,송도,1356,1344,2700
202201,수인선,숭의,1835,1671,3506
202201,수인선,신포,1109,1059,2168
202201,수인선,야목,167,127,294
202201,수인선,어천,372,492,864
202201,수인선,연수,2962,2924,5886
202201,수인선,오목천,1427,1374,2801
202201,수인선,원인재,2571,2677,5248
202201,수인선,월곶,1433,1392,2825
202201,수인선,인천,931,1365,2296
202201,수인선,인천논현,2645,2864,5509
202201,수인선,인하대,2921,2766,5687
202201,수인선,호구포,1781,1797,3578
202201,수인선,고색,2596,2561,5157
202201,수인선,남동인더스파크,986,944,1930
202201,수인선,달월,51,44,95
202201,수인선,사리,3180,2767,5947
202201,수인선,소래포구,4807,4762,9569
202201,수인선,송도,1939,1928,3867
202201,수인선,숭의,2647,2418,5065
202201,수인선,신포,1441,1444,2885
202201,수인선,야목,242,193,435
202201,수인선,어천,650,582,1232
202201,수인선,연수,3798,3912,7710
202201,수인선,오목천,2029,1769,3798
202201,수인선,원인재,3564,3771,7335
202201,수인선,월곶,2006,1860,3866
202201,수인선,인천,1146,1809,2955
202201,수인선,인천논현,4172,4438,8610
202201,수인선,인하대,3935,3713,7648
202201,수인선,호구포,2397,2279,4676
202201,수인선,고색,1626,1697,3323
202201,수인선,남동인더스파크,554,556,1110
202201,수인선,달월,41,38,79
202201,수인선,사리,2409,2092,4501
202201,수인선,소래포구,3981,3909,7890
202201,수인선,송도,1550,1485,3035
202201,수인선,숭의,1767,1697,3464
202201,수인선,신포,1112,1080,2192
202201,수인선,야목,199,158,357
202201,수인선,어천,408,557,965
202201,수인선,연수,3051,3061,6112
202201,수인선,오목천,1368,1361,2729
202201,수인선,원인재,2802,2897,5699
202201,수인선,월곶,1539,1434,2973
202201,수인선,인천,1051,1534,2585
202201,수인선,인천논현,2736,2842,5578
202201,수인선,인하대,3220,2999,6219
202201,수인선,호구포,1794,1834,3628
202201,수인선,고색,2046,2082,4128
202201,수인선,남동인더스파크,916,839,1755
202201,수인선,달월,43,35,78
202201,수인선,사리,2667,2390,5057
202201,수인선,소래포구,3806,3795,7601
202201,수인선,송도,1479,1527,3006
202201,수인선,숭의,2048,1994,4042
202201,수인선,신포,1184,1231,2415
202201,수인선,야목,187,155,342
202201,수인선,어천,543,469,1012
202201,수인선,연수,3298,3305,6603
202201,수인선,오목천,1683,1405,3088
202201,수인선,원인재,3069,3226,6295
202201,수인선,월곶,1698,1646,3344
202201,수인선,인천,905,1427,2332
202201,수인선,인천논현,3475,3672,7147
202201,수인선,인하대,3368,3000,6368
202201,수인선,호구포,2048,1963,4011
202201,수인선,고색,1373,1452,2825
202201,수인선,남동인더스파크,585,488,1073
202201,수인선,달월,37,40,77
202201,수인선,사리,2032,1743,3775
202201,수인선,소래포구,3427,3470,6897
202201,수인선,송도,1128,1195,2323
202201,수인선,숭의,1621,1548,3169
202201,수인선,신포,942,977,1919
202201,수인선,야목,145,129,274
202201,수인선,어천,448,393,841
202201,수인선,연수,2707,2634,5341
202201,수인선,오목천,1249,1177,2426
202201,수인선,원인재,2466,2524,4990
202201,수인선,월곶,1296,1204,2500
202201,수인선,인천,848,1280,2128
202201,수인선,인천논현,2468,2554,5022
202201,수인선,인하대,2388,2235,4623
202201,수인선,호구포,1671,1508,3179
202202,수인선,고색,2156,2112,4268
202202,수인선,남동인더스파크,856,881,1737
202202,수인선,달월,35,26,61
202202,수인선,사리,2745,2370,5115
202202,수인선,소래포구,3249,3294,6543
202202,수인선,송도,1542,1522,3064
202202,수인선,숭의,2150,2059,4209
202202,수인선,신포,1040,1010,2050
202202,수인선,야목,199,151,350
202202,수인선,어천,482,445,927
202202,수인선,연수,2934,3037,5971
202202,수인선,오목천,1648,1484,3132
202202,수인선,원인재,2981,3152,6133
202202,수인선,월곶,1714,1658,3372
202202,수인선,인천,908,1328,2236
202202,수인선,인천논현,3557,3789,7346
202202,수인선,인하대,3309,3142,6451
202202,수인선,호구포,2045,1936,3981
202202,수인선,고색,1451,1566,3017
202202,수인선,남동인더스파크,436,445,881
202202,수인선,달월,34,26,60
202202,수인선,사리,1989,1673,3662
202202,수인선,소래포구,2874,2791,5665
202202,수인선,송도,1236,1257,2493
202202,수인선,숭의,1613,1414,3027
202202,수인선,신포,871,879,1750
202202,수인선,야목,169,131,300
202202,수인선,어천,388,431,819
202202,수인선,연수,2269,2254,4523
202202,수인선,오목천,1176,1151,2327
202202,수인선,원인재,2226,2259,4485
202202,수인선,월곶,1387,1242,2629
202202,수인선,인천,800,1099,1899
202202,수인선,인천논현,2396,2532,4928
202202,수인선,인하대,2552,2541,5093
202202,수인선,호구포,1553,1573,3126
202202,수인선,고색,2405,2372,4777
202202,수인선,남동인더스파크,971,916,1887
202202,수인선,달월,56,54,110
202202,수인선,사리,2973,2625,5598
202202,수인선,소래포구,4356,4443,8799
202202,수인선,송도,1840,1834,3674
202202,수인선,숭의,2510,2219,4729
202202,수인선,신포,1335,1427,2762
202202,수인선,야목,211,185,396
202202,수인선,어천,580,491,1071
202202,수인선,연수,3496,3561,7057
202202,수인선,오목천,1885,1633,3518
202202,수인선,원인재,3238,3314,6552
202202,수인선,월곶,1891,1757,3648
202202,수인선,인천,1048,1603,2651
202202,수인선,인천논현,3993,4202,8195
202202,수인선,인하대,3650,3604,7254
202202,수인선,호구포,2250,2205,4455
202202,수인선,고색,1618,1687,3305
202202,수인선,남동인더스파크,473,481,954
202202,수인선,달월,56,50,106
202202,수인선,사리,2140,1884,4024
202202,수인선,소래포구,3694,3534,7228
202202,수인선,송도,1357,1269,2626
202202,수인선,숭의,1735,1631,3366
202202,수인선,신포,915,934,1849
202202,수인선,야목,169,158,327
202202,수인선,어천,415,527,942
202202,수인선,연수,2786,2752,5538
202202,수인선,오목천,1254,1245,2499
202202,수인선,원인재,2525,2565,5090
202202,수인선,월곶,1446,1442,2888
202202,수인선,인천,899,1250,2149
202202,수인선,인천논현,2622,2710,5332
202202,수인선,인하대,2688,2546,5234
202202,수인선,호구포,1701,1707,3408
202202,수인선,고색,2458,2452,4910
202202,수인선,남동인더스파크,972,893,1865
202202,수인선,달월,43,37,80
202202,수인선,사리,2953,2536,5489
202202,수인선,소래포구,4106,4103,8209
202202,수인선,송도,1896,1866,3762
202202,수인선,숭의,2667,2512,5179
202202,수인선,신포,1286,1309,2595
202202,수인선,야목,214,173,387
202202,수인선,어천,564,508,1072
202202,수인선,연수,3590,3439,7029
202202,수인선,오목천,1750,1506,3256
202202,수인선,원인재,3213,3394,6607
202202,수인선,월곶,1809,1728,3537
202202,수인선,인천,1033,1623,2656
202202,수인선,인천논현,3727,3962,7689
202202,수인선,인하대,3741,3515,7256
202202,수인선,호구포,2253,2183,4436
202202,수인선,고색,1647,1742,3389
202202,수인선,남동인더스파크,496,489,985
202202,수인선,달월,32,35,67
202202,수인선,사리,2099,1783,3882
202202,수인선,소래포구,3011,2849,5860
202202,수인선,송도,1236,1184,2420
202202,수인선,숭의,1602,1446,3048
202202,수인선,신포,853,861,1714
202202,수인선,야목,163,141,304
202202,수인선,어천,377,446,823
202202,수인선,연수,2646,2567,5213
202202,수인선,오목천,1168,1141,2309
202202,수인선,원인재,2356,2437,4793
202202,수인선,월곶,1318,1286,2604
202202,수인선,인천,810,1198,2008
202202,수인선,인천논현,2385,2495,4880
202202,수인선,인하대,2633,2473,5106
202202,수인선,호구포,1500,1606,3106
202202,수인선,고색,2557,2449,5006
202202,수인선,남동인더스파크,998,1017,2015
202202,수인선,달월,48,44,92
202202,수인선,사리,2817,2366,5183
202202,수인선,소래포구,3824,3907,7731
202202,수인선,송도,1651,1557,3208
202202,수인선,숭의,2376,2116,4492
202202,수인선,신포,1083,1187,2270
202202,수인선,야목,215,159,374
202202,수인선,어천,555,518,1073
202202,수인선,연수,3265,3287,6552
202202,수인선,오목천,1773,1602,3375
202202,수인선,원인재,3157,3264,6421
202202,수인선,월곶,1757,1682,3439
202202,수인선,인천,831,1311,2142
202202,수인선,인천논현,3701,3834,7535
202202,수인선,인하대,3761,3526,7287
202202,수인선,호구포,2118,2106,4224
202202,수인선,고색,1790,1793,3583
202202,수인선,남동인더스파크,482,472,954
202202,수인선,달월,33,43,76
202202,수인선,사리,2239,1950,4189
202202,수인선,소래포구,3845,3689,7534
202202,수인선,송도,1378,1354,2732
202202,수인선,숭의,1691,1584,3275
202202,수인선,신포,973,958,1931
202202,수인선,야목,139,140,279
202202,수인선,어천,396,488,884
202202,수인선,연수,2773,2789,5562
202202,수인선,오목천,1328,1285,2613
202202,수인선,원인재,2516,2572,5088
202202,수인선,월곶,1488,1372,2860
202202,수인선,인천,1059,1562,2621
202202,수인선,인천논현,2400,2630,5030
202202,수인선,인하대,3002,2901,5903
202202,수인선,호구포,1621,1654,3275
202203,수인선,고색,2785,2708,5493
202203,수인선,남동인더스파크,953,929,1882
202203,수인선,달월,50,43,93
202203,수인선,사리,2872,2500,5372
202203,수인선,소래포구,3772,3777,7549
202203,수인선,송도,1713,1658,3371
202203,수인선,숭의,2366,2206,4572
202203,수인선,신포,1167,1207,2374
202203,수인선,야목,185,163,348
202203,수인선,어천,517,497,1014
202203,수인선,연수,3435,3440,6875
202203,수인선,오목천,1778,1596,3374
202203,수인선,원인재,3166,3395,6561
202203,수인선,월곶,1752,1705,3457
202203,수인선,인천,916,1467,2383
202203,수인선,인천논현,3778,4014,7792
202203,수인선,인하대,4169,3860,8029
202203,수인선,호구포,2240,2168,4408
202203,수인선,고색,1698,1810,3508
202203,수인선,남동인더스파크,661,620,1281
202203,수인선,달월,36,42,78
202203,수인선,사리,2163,1759,3922
202203,수인선,소래포구,3286,3105,6391
202203,수인선,송도,1287,1210,2497
202203,수인선,숭의,1657,1556,3213
202203,수인선,신포,939,874,1813
202203,수인선,야목,190,135,325
202203,수인선,어천,381,504,885
202203,수인선,연수,2688,2624,5312
202203,수인선,오목천,1252,1230,2482
202203,수인선,원인재,2292,2438,4730
202203,수인선,월곶,1362,1290,2652
202203,수인선,인천,865,1327,2192
202203,수인선,인천논현,2536,2638,5174
202203,수인선,인하대,2829,2793,5622
202203,수인선,호구포,1674,1676,3350
202203,수인선,고색,2710,2641,5351
202203,수인선,남동인더스파크,949,895,1844
202203,수인선,달월,50,60,110
202203,수인선,사리,3141,2645,5786
202203,수인선,소래포구,4653,4633,9286
202203,수인선,송도,1859,1760,3619
202203,수인선,숭의,2514,2294,4808
202203,수인선,신포,1331,1300,2631
202203,수인선,야목,244,233,477
202203,수인선,어천,646,576,1222
202203,수인선,연수,3555,3613,7168
202203,수인선,오목천,1914,1650,3564
202203,수인선,원인재,3243,3408,6651
202203,수인선,월곶,1911,1825,3736
202203,수인선,인천,971,1612,2583
202203,수인선,인천논현,3916,3974,7890
202203,수인선,인하대,3978,3636,7614
202203,수인선,호구포,2362,2245,4607
202203,수인선,고색,1622,1657,3279
202203,수인선,남동인더스파크,460,505,965
202203,수인선,달월,26,29,55
202203,수인선,사리,1925,1621,3546
202203,수인선,소래포구,2869,2743,5612
202203,수인선,송도,1166,1099,2265
202203,수인선,숭의,1587,1495,3082
202203,수인선,신포,885,812,1697
202203,수인선,야목,145,127,272
202203,수인선,어천,362,447,809
202203,수인선,연수,2606,2583,5189
202203,수인선,오목천,1083,1144,2227
202203,수인선,원인재,2176,2329,4505
202203,수인선,월곶,1260,1153,2413
202203,수인선,인천,633,1018,1651
202203,수인선,인천논현,2259,2331,4590
202203,수인선,인하대,2478,2493,4971
202203,수인선,호구포,1487,1521,3008
202203,수인선,고색,2566,2567,5133
202203,수인선,남동인더스파크,908,823,1731
202203,수인선,달월,48,43,91
202203,수인선,사리,2699,2407,5106
202203,수인선,소래포구,3296,3428,6724
202203,수인선,송도,1437,1455,2892
202203,수인선,숭의,2121,1886,4007
202203,수인선,신포,1021,1036,2057
202203,수인선,야목,196,160,356
202203,수인선,어천,462,438,900
202203,수인선,연수,3239,3293,6532
202203,수인선,오목천,1710,1470,3180
202203,수인선,원인재,2801,2981,5782
202203,수인선,월곶,1623,1559,3182
202203,수인선,인천,707,1199,1906
202203,수인선,인천논현,3410,3591,7001
202203,수인선,인하대,3587,3374,6961
202203,수인선,호구포,2111,2055,4166
202203,수인선,고색,1843,1927,3770
202203,수인선,남동인더스파크,517,506,1023
202203,수인선,달월,43,48,91
202203,수인선,사리,2266,1922,4188
202203,수인선,소래포구,3733,3525,7258
202203,수인선,송도,1352,1294,2646
202203,수인선,숭의,1756,1610,3366
202203,수인선,신포,1056,973,2029
202203,수인선,야목,189,154,343
202203,수인선,어천,470,535,1005
202203,수인선,연수,2846,2763,5609
202203,수인선,오목천,1281,1231,2512
202203,수인선,원인재,2498,2573,5071
202203,수인선,월곶,1431,1337,2768
202203,수인선,인천,892,1262,2154
202203,수인선,인천논현,2526,2698,5224
202203,수인선,인하대,2853,2947,5800
202203,수인선,호구포,1797,1841,3638
202203,수인선,고색,2836,2823,5659
202203,수인선,남동인더스파크,944,862,1806
202203,수인선,달월,46,44,90
202203,수인선,사리,2940,2550,5490
202203,수인선,소래포구,3880,4022,7902
202203,수인선,송도,1613,1623,3236
202203,수인선,숭의,2389,2203,4592
202203,수인선,신포,1168,1215,2383
202203,수인선,야목,186,200,386
202203,수인선,어천,556,520,1076
202203,수인선,연수,3551,3569,7120
202203,수인선,오목천,1834,1598,3432
202203,수인선,원인재,3032,3283,6315
202203,수인선,월곶,1794,1722,3516
202203,수인선,인천,826,1372,2198
202203,수인선,인천논현,3753,3972,7725
202203,수인선,인하대,4108,3747,7855
202203,수인선,호구포,2312,2163,4475
202203,수인선,고색,1966,2140,4106
202203,수인선,남동인더스파크,589,586,1175
202203,수인선,달월,60,66,126
202203,수인선,사리,2355,2017,4372
202203,수인선,소래포구,4297,4090,8387
202203,수인선,송도,1400,1322,2722
202203,수인선,숭의,1896,1778,3674
202203,수인선,신포,1087,1018,2105
202203,수인선,야목,220,176,396
202203,수인선,어천,530,614,1144
202203,수인선,연수,2979,2952,5931
202203,수인선,오목천,1410,1393,2803
202203,수인선,원인재,2672,2760,5432
202203,수인선,월곶,1604,1452,3056
202203,수인선,인천,1047,1535,2582
202203,수인선,인천논현,2712,2766,5478
202203,수인선,인하대,3204,3099,6303
202203,수인선,호구포,1819,1949,3768
202204,수인선,고색,2952,3031,5983
202204,수인선,남동인더스파크,1015,977,1992
202204,수인선,달월,57,55,112
202204,수인선,사리,3464,2991,6455
202204,수인선,소래포구,5942,5973,11915
202204,수인선,송도,2171,2063,4234
202204,수인선,숭의,2948,2633,5581
202204,수인선,신포,1447,1372,2819
202204,수인선,야목,270,253,523
202204,수인선,어천,680,577,1257
202204,수인선,연수,4054,3968,8022
202204,수인선,오목천,2266,1893,4159
202204,수인선,원인재,3508,3638,7146
202204,수인선,월곶,2095,1967,4062
202204,수인선,인천,1273,2178,3451
202204,수인선,인천논현,4061,4412,8473
202204,수인선,인하대,4513,4151,8664
202204,수인선,호구포,2594,2427,5021
202204,수인선,고색,2087,2190,4277
202204,수인선,남동인더스파크,549,576,1125
202204,수인선,달월,56,68,124
202204,수인선,사리,2513,2173,4686
202204,수인선,소래포구,5052,4880,9932
202204,수인선,송도,1447,1387,2834
202204,수인선,숭의,1901,1742,3643
202204,수인선,신포,1166,1101,2267
202204,수인선,야목,228,181,409
202204,수인선,어천,501,649,1150
202204,수인선,연수,3055,3007,6062
202204,수인선,오목천,1420,1387,2807
202204,수인선,원인재,2732,2900,5632
202204,수인선,월곶,1616,1524,3140
202204,수인선,인천,1029,1653,2682
202204,수인선,인천논현,2713,2792,5505
202204,수인선,인하대,3262,3165,6427
202204,수인선,호구포,1884,1973,3857
202204,수인선,고색,2755,2542,5297
202204,수인선,남동인더스파크,914,888,1802
202204,수인선,달월,71,79,150
202204,수인선,사리,3681,3132,6813
202204,수인선,소래포구,6134,6254,12388
202204,수인선,송도,2047,1933,3980
202204,수인선,숭의,2969,2561,5530
202204,수인선,신포,1556,1571,3127
202204,수인선,야목,265,215,480
202204,수인선,어천,711,644,1355
202204,수인선,연수,4113,3998,8111
202204,수인선,오목천,2339,1932,4271
202204,수인선,원인재,3887,4257,8144
202204,수인선,월곶,2159,2118,4277
202204,수인선,인천,1369,2353,3722
202204,수인선,인천논현,4326,4461,8787
202204,수인선,인하대,4508,4359,8867
202204,수인선,호구포,2747,2508,5255
202204,수인선,고색,1721,1895,3616
202204,수인선,남동인더스파크,574,553,1127
202204,수인선,달월,65,64,129
202204,수인선,사리,2797,2351,5148
202204,수인선,소래포구,5437,5296,10733
202204,수인선,송도,1634,1591,3225
202204,수인선,숭의,2193,1988,4181
202204,수인선,신포,1348,1235,2583
202204,수인선,야목,210,187,397
202204,수인선,어천,529,669,1198
202204,수인선,연수,3535,3382,6917
202204,수인선,오목천,1612,1644,3256
202204,수인선,원인재,3487,3648,7135
202204,수인선,월곶,1791,1572,3363
202204,수인선,인천,1286,2183,3469
202204,수인선,인천논현,3018,3126,6144
202204,수인선,인하대,3602,3517,7119
202204,수인선,호구포,2130,2229,4359
202204,수인선,고색,2863,2679,5542
202204,수인선,남동인더스파크,976,910,1886
202204,수인선,달월,72,69,141
202204,수인선,사리,3738,3143,6881
202204,수인선,소래포구,7197,7219,14416
202204,수인선,송도,2067,1959,4026
202204,수인선,숭의,2890,2555,5445
202204,수인선,신포,1694,1655,3349
202204,수인선,야목,296,242,538
202204,수인선,어천,822,699,1521
202204,수인선,연수,4272,4068,8340
202204,수인선,오목천,2329,1895,4224
202204,수인선,원인재,3850,4141,7991
202204,수인선,월곶,2172,2101,4273
202204,수인선,인천,1485,2642,4127
202204,수인선,인천논현,4466,4665,9131
202204,수인선,인하대,4447,4102,8549
202204,수인선,호구포,2752,2583,5335
202204,수인선,고색,1760,1839,3599
202204,수인선,남동인더스파크,596,611,1207
202204,수인선,달월,81,81,162
202204,수인선,사리,2791,2299,5090
202204,수인선,소래포구,6084,5912,11996
202204,수인선,송도,1559,1551,3110
202204,수인선,숭의,2155,1968,4123
202204,수인선,신포,1312,1153,2465
202204,수인선,야목,251,209,460
202204,수인선,어천,603,738,1341
202204,수인선,연수,3321,3316,6637
202204,수인선,오목천,1675,1612,3287
202204,수인선,원인재,2991,3159,6150
202204,수인선,월곶,1811,1656,3467
202204,수인선,인천,1266,2096,3362
202204,수인선,인천논현,3072,3226,6298
202204,수인선,인하대,3274,3241,6515
202204,수인선,호구포,2150,2230,4380
202204,수인선,고색,2762,2686,5448
202204,수인선,남동인더스파크,991,993,1984
202204,수인선,달월,72,73,145
202204,수인선,사리,3874,3202,7076
202204,수인선,소래포구,6663,6713,13376
202204,수인선,송도,2066,1984,4050
202204,수인선,숭의,2950,2707,5657
202204,수인선,신포,1612,1676,3288
202204,수인선,야목,323,242,565
202204,수인선,어천,824,748,1572
202204,수인선,연수,4197,4308,8505
202204,수인선,오목천,2328,1901,4229
202204,수인선,원인재,3950,4017,7967
202204,수인선,월곶,2315,2130,4445
202204,수인선,인천,1457,2392,3849
202204,수인선,인천논현,4406,4516,8922
202204,수인선,인하대,5028,4501,9529
202204,수인선,호구포,2773,2604,5377
202204,수인선,고색,1819,1950,3769
202204,수인선,남동인더스파크,587,567,1154
202204,수인선,달월,52,54,106
202204,수인선,사리,2727,2399,5126
202204,수인선,소래포구,5611,5555,11166
202204,수인선,송도,1582,1527,3109
202204,수인선,숭의,2115,1915,4030
202204,수인선,신포,1242,1174,2416
202204,수인선,야목,222,186,408
202204,수인선,어천,582,725,1307
202204,수인선,연수,3367,3292,6659
202204,수인선,오목천,1656,1631,3287
202204,수인선,원인재,2942,3040,5982
202204,수인선,월곶,1764,1567,3331
202204,수인선,인천,1148,1854,3002
202204,수인선,인천논현,3060,3080,6140
202204,수인선,인하대,3399,3467,6866
202204,수인선,호구포,2122,2261,4383
202204,수인선,고색,2815,2807,5622
202204,수인선,남동인더스파크,1043,1014,2057
202204,수인선,달월,73,81,154
202204,수인선,사리,4183,3316,7499
202204,수인선,소래포구,7049,7118,14167
202204,수인선,송도,2179,2031,4210
202204,수인선,숭의,3021,2690,5711
202204,수인선,신포,1585,1660,3245
202204,수인선,야목,290,256,546
202204,수인선,어천,854,780,1634
202204,수인선,연수,4404,4424,8828
202204,수인선,오목천,2526,2042,4568
202204,수인선,원인재,4088,4250,8338
202204,수인선,월곶,2388,2202,4590
202204,수인선,인천,1511,2609,4120
202204,수인선,인천논현,4628,4939,9567
202204,수인선,인하대,5108,4653,9761
202204,수인선,호구포,2834,2724,5558
202205,수인선,고색,1849,2129,3978
202205,수인선,남동인더스파크,626,608,1234
202205,수인선,달월,67,64,131
202205,수인선,사리,3222,2692,5914
202205,수인선,소래포구,6217,6040,12257
202205,수인선,송도,1766,1733,3499
202205,수인선,숭의,2153,1967,4120
202205,수인선,신포,1238,1248,2486
202205,수인선,야목,248,205,453
202205,수인선,어천,640,744,1384
202205,수인선,연수,3518,3421,6939
202205,수인선,오목천,1713,1751,3464
202205,수인선,원인재,3146,3398,6544
202205,수인선,월곶,1931,1811,3742
202205,수인선,인천,1470,2104,3574
202205,수인선,인천논현,3236,3369,6605
202205,수인선,인하대,3570,3613,7183
202205,수인선,호구포,2162,2227,4389
202205,수인선,고색,2831,2858,5689
202205,수인선,남동인더스파크,875,868,1743
202205,수인선,달월,80,79,159
202205,수인선,사리,3801,3192,6993
202205,수인선,소래포구,5761,5848,11609
202205,수인선,송도,2100,2088,4188
202205,수인선,숭의,2832,2552,5384
202205,수인선,신포,1481,1539,3020
202205,수인선,야목,326,261,587
202205,수인선,어천,853,679,1532
202205,수인선,연수,4182,4283,8465
202205,수인선,오목천,2369,1988,4357
202205,수인선,원인재,3832,3834,7666
202205,수인선,월곶,2124,1989,4113
202205,수인선,인천,1400,2314,3714
202205,수인선,인천논현,4315,4483,8798
202205,수인선,인하대,4789,4288,9077
202205,수인선,호구포,2521,2388,4909
202205,수인선,고색,2031,2062,4093
202205,수인선,남동인더스파크,500,526,1026
202205,수인선,달월,60,66,126
202205,수인선,사리,3114,2565,5679
202205,수인선,소래포구,4496,4242,8738
202205,수인선,송도,1701,1704,3405
202205,수인선,숭의,2234,2059,4293
202205,수인선,신포,1128,1080,2208
202205,수인선,야목,239,195,434
202205,수인선,어천,612,735,1347
202205,수인선,연수,3335,3339,6674
202205,수인선,오목천,1551,1520,3071
202205,수인선,원인재,2889,2983,5872
202205,수인선,월곶,1691,1555,3246
202205,수인선,인천,1125,1724,2849
202205,수인선,인천논현,2987,3123,6110
202205,수인선,인하대,3070,3253,6323
202205,수인선,호구포,1996,2192,4188
202205,수인선,고색,3233,3222,6455
202205,수인선,남동인더스파크,1139,1074,2213
202205,수인선,달월,74,61,135
202205,수인선,사리,4239,3425,7664
202205,수인선,소래포구,7724,7697,15421
202205,수인선,송도,2448,2414,4862
202205,수인선,숭의,3177,2824,6001
202205,수인선,신포,1688,1787,3475
202205,수인선,야목,303,284,587
202205,수인선,어천,911,810,1721
202205,수인선,연수,4718,4689,9407
202205,수인선,오목천,2702,2218,4920
202205,수인선,원인재,4187,4271,8458
202205,수인선,월곶,2427,2212,4639
202205,수인선,인천,1541,2560,4101
202205,수인선,인천논현,4955,5139,10094
202205,수인선,인하대,5319,4865,10184
202205,수인선,호구포,2959,2804,5763
202205,수인선,고색,1938,1979,3917
202205,수인선,남동인더스파크,639,675,1314
202205,수인선,달월,53,62,115
202205,수인선,사리,3133,2689,5822
202205,수인선,소래포구,6764,6621,13385
202205,수인선,송도,1835,1857,3692
202205,수인선,숭의,2261,2039,4300
202205,수인선,신포,1353,1308,2661
202205,수인선,야목,267,212,479
202205,수인선,어천,704,799,1503
202205,수인선,연수,3788,3706,7494
202205,수인선,오목천,1776,1835,3611
202205,수인선,원인재,3354,3380,6734
202205,수인선,월곶,1984,1819,3803
202205,수인선,인천,1372,2137,3509
202205,수인선,인천논현,3291,3487,6778
202205,수인선,인하대,3831,3786,7617
202205,수인선,호구포,2303,2297,4600
202205,수인선,고색,3176,3055,6231
202205,수인선,남동인더스파크,1129,1069,2198
202205,수인선,달월,80,79,159
202205,수인선,사리,4252,3430,7682
202205,수인선,소래포구,7618,7761,15379
202205,수인선,송도,2409,2297,4706
202205,수인선,숭의,3209,2842,6051
202205,수인선,신포,1680,1772,3452
202205,수인선,야목,334,273,607
202205,수인선,어천,920,791,1711
202205,수인선,연수,4689,4724,9413
202205,수인선,오목천,2626,2244,4870
202205,수인선,원인재,4274,4452,8726
202205,수인선,월곶,2506,2356,4862
202205,수인선,인천,1583,2767,4350
202205,수인선,인천논현,4980,5225,10205
202205,수인선,인하대,5310,4907,10217
202205,수인선,호구포,2964,2817,5781
202205,수인선,고색,2147,2245,4392
202205,수인선,남동인더스파크,640,627,1267
202205,수인선,달월,52,54,106
202205,수인선,사리,3050,2619,5669
202205,수인선,소래포구,6133,6045,12178
202205,수인선,송도,1838,1818,3656
202205,수인선,숭의,2249,2056,4305
202205,수인선,신포,1346,1316,2662
202205,수인선,야목,266,213,479
202205,수인선,어천,660,801,1461
202205,수인선,연수,3634,3694,7328
202205,수인선,오목천,1792,1796,3588
202205,수인선,원인재,3297,3371,6668
202205,수인선,월곶,1907,1708,3615
202205,수인선,인천,1367,1941,3308
202205,수인선,인천논현,3200,3316,6516
202205,수인선,인하대,3725,3565,7290
202205,수인선,호구포,2260,2305,4565
202205,수인선,고색,2824,2817,5641
202205,수인선,남동인더스파크,1042,951,1993
202205,수인선,달월,90,84,174
202205,수인선,사리,4189,3485,7674
202205,수인선,소래포구,7927,7935,15862
202205,수인선,송도,2310,2256,4566
202205,수인선,숭의,3112,2804,5916
202205,수인선,신포,1713,1726,3439
202205,수인선,야목,272,232,504
202205,수인선,어천,872,777,1649
202205,수인선,연수,4718,4731,9449
202205,수인선,오목천,2662,2183,4845
202205,수인선,원인재,4197,4304,8501
202205,수인선,월곶,2471,2404,4875
202205,수인선,인천,1540,2621,4161
202205,수인선,인천논현,5034,5107,10141
202205,수인선,인하대,5135,4857,9992
202205,수인선,호구포,3073,2859,5932
202205,수인선,고색,2012,2127,4139
202205,수인선,남동인더스파크,610,648,1258
202205,수인선,달월,46,49,95
202205,수인선,사리,3074,2646,5720
202205,수인선,소래포구,6546,6091,12637
202205,수인선,송도,1653,1656,3309
202205,수인선,숭의,2378,2183,4561
202205,수인선,신포,1284,1181,2465
202205,수인선,야목,223,192,415
202205,수인선,어천,664,743,1407
202205,수인선,연수,3495,3494,6989
202205,수인선,오목천,1854,1834,3688
202205,수인선,원인재,3152,3362,6514
202205,수인선,월곶,1887,1829,3716
202205,수인선,인천,1297,1892,3189
202205,수인선,인천논현,3304,3442,6746
202205,수인선,인하대,3526,3528,7054
202205,수인선,호구포,2249,2385,4634
202206,수인선,고색,2650,2671,5321
202206,수인선,남동인더스파크,937,893,1830
202206,수인선,달월,83,87,170
202206,수인선,사리,3876,3256,7132
202206,수인선,소래포구,7286,7274,14560
202206,수인선,송도,2103,2009,4112
202206,수인선,숭의,2968,2686,5654
202206,수인선,신포,1600,1672,3272
202206,수인선,야목,325,227,552
202206,수인선,어천,867,766,1633
202206,수인선,연수,4249,4340,8589
202206,수인선,오목천,2467,2074,4541
202206,수인선,원인재,3896,4062,7958
202206,수인선,월곶,2369,2280,4649
202206,수인선,인천,1526,2672,4198
202206,수인선,인천논현,4606,4774,9380
202206,수인선,인하대,4659,4310,8969
202206,수인선,호구포,2820,2623,5443
202206,수인선,고색,1936,1986,3922
202206,수인선,남동인더스파크,571,537,1108
202206,수인선,달월,61,55,116
202206,수인선,사리,2929,2454,5383
202206,수인선,소래포구,6415,6351,12766
202206,수인선,송도,1636,1650,3286
202206,수인선,숭의,2081,1938,4019
202206,수인선,신포,1278,1283,2561
202206,수인선,야목,271,194,465
202206,수인선,어천,662,682,1344
202206,수인선,연수,3448,3540,6988
202206,수인선,오목천,1873,1719,3592
202206,수인선,원인재,3084,3053,6137
202206,수인선,월곶,1895,1905,3800
202206,수인선,인천,1411,2339,3750
202206,수인선,인천논현,3139,3279,6418
202206,수인선,인하대,3222,3064,6286
202206,수인선,호구포,2435,2269,4704
202206,수인선,고색,2730,2607,5337
202206,수인선,남동인더스파크,988,916,1904
202206,수인선,달월,77,64,141
202206,수인선,사리,4073,3343,7416
202206,수인선,소래포구,7663,7640,15303
202206,수인선,송도,2320,2233,4553
202206,수인선,숭의,3181,2916,6097
202206,수인선,신포,1667,1760,3427
202206,수인선,야목,330,250,580
202206,수인선,어천,878,791,1669
202206,수인선,연수,4545,4373,8918
202206,수인선,오목천,2691,2303,4994
202206,수인선,원인재,4012,4107,8119
202206,수인선,월곶,2487,2369,4856
202206,수인선,인천,1432,2405,3837
202206,수인선,인천논현,4892,4983,9875
202206,수인선,인하대,4943,4573,9516
202206,수인선,호구포,2977,2780,5757
202206,수인선,고색,1903,1940,3843
202206,수인선,남동인더스파크,641,658,1299
202206,수인선,달월,60,72,132
202206,수인선,사리,2887,2488,5375
202206,수인선,소래포구,6603,6376,12979
202206,수인선,송도,1662,1707,3369
202206,수인선,숭의,2194,2033,4227
202206,수인선,신포,1291,1205,2496
202206,수인선,야목,271,215,486
202206,수인선,어천,669,792,1461
202206,수인선,연수,3419,3496,6915
202206,수인선,오목천,1756,1793,3549
202206,수인선,원인재,3124,3204,6328
202206,수인선,월곶,1953,1922,3875
202206,수인선,인천,1281,1866,3147
202206,수인선,인천논현,3316,3363,6679
202206,수인선,인하대,3323,3270,6593
202206,수인선,호구포,2326,2430,4756
202206,수인선,고색,3038,2847,5885
202206,수인선,남동인더스파크,1105,982,2087
202206,수인선,달월,79,85,164
202206,수인선,사리,4066,3433,7499
202206,수인선,소래포구,7144,7136,14280
202206,수인선,송도,2241,2192,4433
202206,수인선,숭의,3045,2794,5839
202206,수인선,신포,1644,1765,3409
202206,수인선,야목,321,255,576
202206,수인선,어천,917,778,1695
202206,수인선,연수,4589,4623,9212
202206,수인선,오목천,2683,2277,4960
202206,수인선,원인재,4070,4219,8289
202206,수인선,월곶,2441,2374,4815
202206,수인선,인천,1227,2166,3393
202206,수인선,인천논현,4753,5000,9753
202206,수인선,인하대,5155,4696,9851
202206,수인선,호구포,3035,2886,5921
202206,수인선,고색,1973,2081,4054
202206,수인선,남동인더스파크,618,644,1262
202206,수인선,달월,55,57,112
202206,수인선,사리,2938,2505,5443
202206,수인선,소래포구,5699,5412,11111
202206,수인선,송도,1681,1617,3298
202206,수인선,숭의,2269,1976,4245
202206,수인선,신포,1339,1178,2517
202206,수인선,야목,223,200,423
202206,수인선,어천,690,808,1498
202206,수인선,연수,3501,3490,6991
202206,수인선,오목천,1897,1823,3720
202206,수인선,원인재,3027,3137,6164
202206,수인선,월곶,1837,1776,3613
202206,수인선,인천,1124,1791,2915
202206,수인선,인천논현,3082,3275,6357
202206,수인선,인하대,3524,3401,6925
202206,수인선,호구포,2307,2308,4615
202206,수인선,고색,2900,2708,5608
202206,수인선,남동인더스파크,952,874,1826
202206,수인선,달월,79,72,151
202206,수인선,사리,3951,3288,7239
202206,수인선,소래포구,6798,6704,13502
202206,수인선,송도,2095,2079,4174
202206,수인선,숭의,3034,2794,5828
202206,수인선,신포,1661,1672,3333
202206,수인선,야목,317,250,567
202206,수인선,어천,895,775,1670
202206,수인선,연수,4377,4406,8783
202206,수인선,오목천,2538,2137,4675
202206,수인선,원인재,4029,4093,8122
202206,수인선,월곶,2365,2322,4687
202206,수인선,인천,1271,2101,3372
202206,수인선,인천논현,4706,4926,9632
202206,수인선,인하대,4660,4244,8904
202206,수인선,호구포,2939,2599,5538
202206,수인선,고색,1793,1876,3669
202206,수인선,남동인더스파크,648,637,1285
202206,수인선,달월,55,67,122
202206,수인선,사리,2822,2408,5230
202206,수인선,소래포구,5067,4735,9802
202206,수인선,송도,1579,1533,3112
202206,수인선,숭의,2138,1859,3997
202206,수인선,신포,1147,1147,2294
202206,수인선,야목,226,193,419
202206,수인선,어천,648,775,1423
202206,수인선,연수,3543,3547,7090
202206,수인선,오목천,1646,1651,3297
202206,수인선,원인재,2827,3052,5879
202206,수인선,월곶,1867,1814,3681
202206,수인선,인천,1037,1570,2607
202206,수인선,인천논현,3040,3197,6237
202206,수인선,인하대,3125,3067,6192
202206,수인선,호구포,2132,2159,4291
202207,수인선,고색,2734,2707,5441
202207,수인선,남동인더스파크,980,912,1892
202207,수인선,달월,72,68,140
202207,수인선,사리,3907,3171,7078
202207,수인선,소래포구,5588,5467,11055
202207,수인선,송도,2037,1984,4021
202207,수인선,숭의,2918,2666,5584
202207,수인선,신포,1488,1548,3036
202207,수인선,야목,295,239,534
202207,수인선,어천,825,720,1545
202207,수인선,연수,4308,4416,8724
202207,수인선,오목천,2399,1970,4369
202207,수인선,원인재,3884,4005,7889
202207,수인선,월곶,2425,2336,4761
202207,수인선,인천,1149,2124,3273
202207,수인선,인천논현,4643,4815,9458
202207,수인선,인하대,4460,4170,8630
202207,수인선,호구포,2776,2645,5421
202207,수인선,고색,1748,1840,3588
202207,수인선,남동인더스파크,605,625,1230
202207,수인선,달월,45,53,98
202207,수인선,사리,2746,2286,5032
202207,수인선,소래포구,4393,4173,8566
202207,수인선,송도,1497,1440,2937
202207,수인선,숭의,2024,1856,3880
202207,수인선,신포,1208,1159,2367
202207,수인선,야목,234,198,432
202207,수인선,어천,571,723,1294
202207,수인선,연수,3397,3335,6732
202207,수인선,오목천,1607,1692,3299
202207,수인선,원인재,2918,2952,5870
202207,수인선,월곶,1864,1816,3680
202207,수인선,인천,1071,1596,2667
202207,수인선,인천논현,3098,3244,6342
202207,수인선,인하대,3147,3151,6298
202207,수인선,호구포,2226,2360,4586
202207,수인선,고색,2793,2670,5463
202207,수인선,남동인더스파크,1044,984,2028
202207,수인선,달월,86,82,168
202207,수인선,사리,4046,3300,7346
202207,수인선,소래포구,5251,5198,10449
202207,수인선,송도,2100,2037,4137
202207,수인선,숭의,2911,2668,5579
202207,수인선,신포,1578,1585,3163
202207,수인선,야목,313,294,607
202207,수인선,어천,951,805,1756
202207,수인선,연수,4334,4411,8745
202207,수인선,오목천,2519,2007,4526
202207,수인선,원인재,3870,4020,7890
202207,수인선,월곶,2432,2325,4757
202207,수인선,인천,1378,2238,3616
202207,수인선,인천논현,4814,4974,9788
202207,수인선,인하대,4589,4278,8867
202207,수인선,호구포,2830,2603,5433
202207,수인선,고색,1845,1890,3735
202207,수인선,남동인더스파크,690,639,1329
202207,수인선,달월,51,56,107
202207,수인선,사리,2733,2385,5118
202207,수인선,소래포구,4342,4090,8432
202207,수인선,송도,1531,1490,3021
202207,수인선,숭의,2002,1790,3792
202207,수인선,신포,1178,1055,2233
202207,수인선,야목,215,172,387
202207,수인선,어천,591,724,1315
202207,수인선,연수,3447,3537,6984
202207,수인선,오목천,1687,1564,3251
202207,수인선,원인재,2943,2981,5924
202207,수인선,월곶,1805,1695,3500
202207,수인선,인천,1179,1627,2806
202207,수인선,인천논현,3016,3230,6246
202207,수인선,인하대,3424,3208,6632
202207,수인선,호구포,2150,2232,4382
202207,수인선,고색,2814,2707,5521
202207,수인선,남동인더스파크,1050,963,2013
202207,수인선,달월,51,61,112
202207,수인선,사리,3859,3171,7030
202207,수인선,소래포구,4962,4876,9838
202207,수인선,송도,2048,1978,4026
202207,수인선,숭의,2875,2560,5435
202207,수인선,신포,1461,1563,3024
202207,수인선,야목,316,260,576
202207,수인선,어천,856,733,1589
202207,수인선,연수,4409,4508,8917
202207,수인선,오목천,2595,2137,4732
202207,수인선,원인재,3712,3863,7575
202207,수인선,월곶,2443,2244,4687
202207,수인선,인천,1154,1899,3053
202207,수인선,인천논현,4788,4785,9573
202207,수인선,인하대,4355,4081,8436
202207,수인선,호구포,2951,2793,5744
202207,수인선,고색,1847,1945,3792
202207,수인선,남동인더스파크,725,685,1410
202207,수인선,달월,63,63,126
202207,수인선,사리,2809,2392,5201
202207,수인선,소래포구,4280,4025,8305
202207,수인선,송도,1555,1569,3124
202207,수인선,숭의,2065,1953,4018
202207,수인선,신포,1234,1176,2410
202207,수인선,야목,235,204,439
202207,수인선,어천,613,731,1344
202207,수인선,연수,3444,3433,6877
202207,수인선,오목천,1686,1655,3341
202207,수인선,원인재,2863,3016,5879
202207,수인선,월곶,1823,1841,3664
202207,수인선,인천,1142,1698,2840
202207,수인선,인천논현,3124,3330,6454
202207,수인선,인하대,3390,3183,6573
202207,수인선,호구포,2277,2310,4587
202207,수인선,고색,2699,2784,5483
202207,수인선,남동인더스파크,1006,928,1934
202207,수인선,달월,77,65,142
202207,수인선,사리,3615,3022,6637
202207,수인선,소래포구,4822,4774,9596
202207,수인선,송도,1846,1786,3632
202207,수인선,숭의,2781,2519,5300
202207,수인선,신포,1388,1516,2904
202207,수인선,야목,295,216,511
202207,수인선,어천,757,687,1444
202207,수인선,연수,4044,4068,8112
202207,수인선,오목천,2338,1959,4297
202207,수인선,원인재,3452,3578,7030
202207,수인선,월곶,2217,2171,4388
202207,수인선,인천,1073,1739,2812
202207,수인선,인천논현,4485,4679,9164
202207,수인선,인하대,4061,3826,7887
202207,수인선,호구포,2737,2515,5252
202207,수인선,고색,1952,2041,3993
202207,수인선,남동인더스파크,539,577,1116
202207,수인선,달월,67,59,126
202207,수인선,사리,2773,2429,5202
202207,수인선,소래포구,3976,3850,7826
202207,수인선,송도,1455,1456,2911
202207,수인선,숭의,1970,1786,3756
202207,수인선,신포,1164,1130,2294
202207,수인선,야목,221,173,394
202207,수인선,어천,629,715,1344
202207,수인선,연수,3335,3282,6617
202207,수인선,오목천,1615,1638,3253
202207,수인선,원인재,2719,2775,5494
202207,수인선,월곶,1677,1673,3350
202207,수인선,인천,1004,1515,2519
202207,수인선,인천논현,2880,2981,5861
202207,수인선,인하대,3119,2898,6017
202207,수인선,호구포,2016,2113,4129
202207,수인선,고색,2614,2492,5106
202207,수인선,남동인더스파크,854,816,1670
202207,수인선,달월,61,53,114
202207,수인선,사리,3362,2663,6025
202207,수인선,소래포구,4320,4299,8619
202207,수인선,송도,1627,1603,3230
202207,수인선,숭의,2285,2146,4431
202207,수인선,신포,1286,1348,2634
202207,수인선,야목,249,187,436
202207,수인선,어천,812,724,1536
202207,수인선,연수,3679,3755,7434
202207,수인선,오목천,2242,1939,4181
202207,수인선,원인재,3218,3235,6453
202207,수인선,월곶,2034,1926,3960
202207,수인선,인천,1278,2048,3326
202207,수인선,인천논현,3868,4002,7870
202207,수인선,인하대,3773,3451,7224
202207,수인선,호구포,2489,2211,4700
202207,수인선,고색,1740,1744,3484
202207,수인선,남동인더스파크,565,557,1122
202207,수인선,달월,50,42,92
202207,수인선,사리,2241,1954,4195
202207,수인선,소래포구,3404,3257,6661
202207,수인선,송도,1193,1157,2350
202207,수인선,숭의,1664,1531,3195
202207,수인선,신포,899,889,1788
202207,수인선,야목,164,157,321
202207,수인선,어천,570,585,1155
202207,수인선,연수,2936,2911,5847
202207,수인선,오목천,1406,1364,2770
202207,수인선,원인재,2353,2410,4763
202207,수인선,월곶,1465,1441,2906
202207,수인선,인천,963,1398,2361
202207,수인선,인천논현,2583,2669,5252
202207,수인선,인하대,2426,2438,4864
202207,수인선,호구포,1826,1871,3697
202208,수인선,고색,2613,2428,5041
202208,수인선,남동인더스파크,886,819,1705
202208,수인선,달월,64,66,130
202208,수인선,사리,3356,2806,6162
202208,수인선,소래포구,4937,4882,9819
202208,수인선,송도,1879,1801,3680
202208,수인선,숭의,2619,2437,5056
202208,수인선,신포,1271,1428,2699
202208,수인선,야목,268,194,462
202208,수인선,어천,704,674,1378
202208,수인선,연수,3823,3913,7736
202208,수인선,오목천,2277,1921,4198
202208,수인선,원인재,3245,3556,6801
202208,수인선,월곶,2178,2118,4296
202208,수인선,인천,1252,2028,3280
202208,수인선,인천논현,4060,4187,8247
202208,수인선,인하대,4108,3882,7990
202208,수인선,호구포,2568,2472,5040
202208,수인선,고색,1637,1741,3378
202208,수인선,남동인더스파크,561,581,1142
202208,수인선,달월,40,33,73
202208,수인선,사리,2479,2111,4590
202208,수인선,소래포구,3915,3687,7602
202208,수인선,송도,1381,1379,2760
202208,수인선,숭의,1867,1733,3600
202208,수인선,신포,1134,1033,2167
202208,수인선,야목,200,153,353
202208,수인선,어천,526,665,1191
202208,수인선,연수,3047,3021,6068
202208,수인선,오목천,1533,1476,3009
202208,수인선,원인재,2701,2753,5454
202208,수인선,월곶,1624,1574,3198
202208,수인선,인천,1163,1748,2911
202208,수인선,인천논현,2713,2844,5557
202208,수인선,인하대,3020,2820,5840
202208,수인선,호구포,2121,2127,4248
202208,수인선,고색,2516,2276,4792
202208,수인선,남동인더스파크,948,888,1836
202208,수인선,달월,55,59,114
202208,수인선,사리,3297,2656,5953
202208,수인선,소래포구,4141,4083,8224
202208,수인선,송도,1578,1585,3163
202208,수인선,숭의,2583,2333,4916
202208,수인선,신포,1242,1304,2546
202208,수인선,야목,267,224,491
202208,수인선,어천,707,648,1355
202208,수인선,연수,3701,3716,7417
202208,수인선,오목천,2095,1770,3865
202208,수인선,원인재,3282,3436,6718
202208,수인선,월곶,1982,1927,3909
202208,수인선,인천,982,1428,2410
202208,수인선,인천논현,4094,4284,8378
202208,수인선,인하대,3736,3462,7198
202208,수인선,호구포,2454,2286,4740
202208,수인선,고색,1668,1620,3288
202208,수인선,남동인더스파크,659,606,1265
202208,수인선,달월,42,51,93
202208,수인선,사리,2628,2232,4860
202208,수인선,소래포구,4367,4246,8613
202208,수인선,송도,1474,1397,2871
202208,수인선,숭의,1986,1775,3761
202208,수인선,신포,1142,1114,2256
202208,수인선,야목,214,179,393
202208,수인선,어천,579,598,1177
202208,수인선,연수,3274,3315,6589
202208,수인선,오목천,1687,1565,3252
202208,수인선,원인재,2601,2767,5368
202208,수인선,월곶,1744,1739,3483
202208,수인선,인천,1285,1597,2882
202208,수인선,인천논현,3026,3041,6067
202208,수인선,인하대,3072,2916,5988
202208,수인선,호구포,2322,2365,4687
202208,수인선,고색,2622,2568,5190
202208,수인선,남동인더스파크,1113,981,2094
202208,수인선,달월,70,75,145
202208,수인선,사리,3704,3026,6730
202208,수인선,소래포구,5086,5124,10210
202208,수인선,송도,1895,1752,3647
202208,수인선,숭의,2821,2430,5251
202208,수인선,신포,1383,1499,2882
202208,수인선,야목,296,207,503
202208,수인선,어천,795,662,1457
202208,수인선,연수,4216,4207,8423
202208,수인선,오목천,2444,2030,4474
202208,수인선,원인재,3566,3667,7233
202208,수인선,월곶,2233,2153,4386
202208,수인선,인천,1357,2026,3383
202208,수인선,인천논현,4410,4607,9017
202208,수인선,인하대,4469,4014,8483
202208,수인선,호구포,2755,2590,5345
202208,수인선,고색,1784,1803,3587
202208,수인선,남동인더스파크,602,606,1208
202208,수인선,달월,51,43,94
202208,수인선,사리,2701,2307,5008
202208,수인선,소래포구,4378,4155,8533
202208,수인선,송도,1421,1431,2852
202208,수인선,숭의,1907,1748,3655
202208,수인선,신포,1190,1090,2280
202208,수인선,야목,188,147,335
202208,수인선,어천,600,710,1310
202208,수인선,연수,3253,3251,6504
202208,수인선,오목천,1599,1525,3124
202208,수인선,원인재,2710,2863,5573
202208,수인선,월곶,1762,1704,3466
202208,수인선,인천,1188,1741,2929
202208,수인선,인천논현,3003,3110,6113
202208,수인선,인하대,3138,3094,6232
202208,수인선,호구포,2134,2151,4285
202208,수인선,고색,2769,2735,5504
202208,수인선,남동인더스파크,1095,984,2079
202208,수인선,달월,84,78,162
202208,수인선,사리,4032,3260,7292
202208,수인선,소래포구,6784,6821,13605
202208,수인선,송도,2161,2102,4263
202208,수인선,숭의,3180,2962,6142
202208,수인선,신포,1714,1735,3449
202208,수인선,야목,293,215,508
202208,수인선,어천,850,758,1608
202208,수인선,연수,4553,4494,9047
202208,수인선,오목천,2541,2099,4640
202208,수인선,원인재,4240,4624,8864
202208,수인선,월곶,2553,2361,4914
202208,수인선,인천,1493,2357,3850
202208,수인선,인천논현,4847,4954,9801
202208,수인선,인하대,5094,4892,9986
202208,수인선,호구포,3003,2806,5809
202208,수인선,고색,1842,1889,3731
202208,수인선,남동인더스파크,685,665,1350
202208,수인선,달월,47,58,105
202208,수인선,사리,2904,2484,5388
202208,수인선,소래포구,5830,5651,11481
202208,수인선,송도,1687,1614,3301
202208,수인선,숭의,2264,2106,4370
202208,수인선,신포,1229,1227,2456
202208,수인선,야목,245,197,442
202208,수인선,어천,696,788,1484
202208,수인선,연수,3683,3627,7310
202208,수인선,오목천,1724,1693,3417
202208,수인선,원인재,3087,3241,6328
202208,수인선,월곶,1938,1858,3796
202208,수인선,인천,1356,1863,3219
202208,수인선,인천논현,3256,3364,6620
202208,수인선,인하대,3716,3840,7556
202208,수인선,호구포,2329,2405,4734
202209,수인선,고색,3009,2915,5924
202209,수인선,남동인더스파크,1125,1059,2184
202209,수인선,달월,89,89,178
202209,수인선,사리,4093,3334,7427
202209,수인선,소래포구,7339,7661,15000
202209,수인선,송도,2151,2231,4382
202209,수인선,숭의,3117,2855,5972
202209,수인선,신포,1613,1631,3244
202209,수인선,야목,327,249,576
202209,수인선,어천,944,790,1734
202209,수인선,연수,4375,4341,8716
202209,수인선,오목천,2685,2238,4923
202209,수인선,원인재,4101,4427,8528
202209,수인선,월곶,2473,2341,4814
202209,수인선,인천,1393,2241,3634
202209,수인선,인천논현,4889,5008,9897
202209,수인선,인하대,5402,4898,10300
202209,수인선,호구포,3021,2795,5816
202209,수인선,고색,1674,1722,3396
202209,수인선,남동인더스파크,620,611,1231
202209,수인선,달월,50,53,103
202209,수인선,사리,2573,2091,4664
202209,수인선,소래포구,4107,4025,8132
202209,수인선,송도,1365,1261,2626
202209,수인선,숭의,1835,1623,3458
202209,수인선,신포,999,958,1957
202209,수인선,야목,190,153,343
202209,수인선,어천,622,649,1271
202209,수인선,연수,3141,3019,6160
202209,수인선,오목천,1599,1616,3215
202209,수인선,원인재,2575,2657,5232
202209,수인선,월곶,1588,1454,3042
202209,수인선,인천,775,1098,1873
202209,수인선,인천논현,2756,2682,5438
202209,수인선,인하대,3050,3126,6176
202209,수인선,호구포,1960,2033,3993
202209,수인선,고색,1459,1420,2879
202209,수인선,남동인더스파크,531,419,950
202209,수인선,달월,59,58,117
202209,수인선,사리,2350,1954,4304
202209,수인선,소래포구,4857,5050,9907
202209,수인선,송도,1232,1209,2441
202209,수인선,숭의,1596,1443,3039
202209,수인선,신포,873,826,1699
202209,수인선,야목,223,172,395
202209,수인선,어천,743,650,1393
202209,수인선,연수,2280,2312,4592
202209,수인선,오목천,1347,1205,2552
202209,수인선,원인재,2188,2279,4467
202209,수인선,월곶,1276,1271,2547
202209,수인선,인천,1474,2015,3489
202209,수인선,인천논현,2065,2171,4236
202209,수인선,인하대,2513,2393,4906
202209,수인선,호구포,1766,1776,3542
202209,수인선,고색,1723,1713,3436
202209,수인선,남동인더스파크,573,569,1142
202209,수인선,달월,46,49,95
202209,수인선,사리,2891,2212,5103
202209,수인선,소래포구,6569,6861,13430
202209,수인선,송도,1532,1473,3005
202209,수인선,숭의,1990,1799,3789
202209,수인선,신포,1181,1102,2283
202209,수인선,야목,252,204,456
202209,수인선,어천,687,762,1449
202209,수인선,연수,2913,2945,5858
202209,수인선,오목천,1764,1480,3244
202209,수인선,원인재,2783,2846,5629
202209,수인선,월곶,2118,1832,3950
202209,수인선,인천,1598,2245,3843
202209,수인선,인천논현,2742,2882,5624
202209,수인선,인하대,2908,3006,5914
202209,수인선,호구포,2035,2129,4164
202209,수인선,고색,2806,2869,5675
202209,수인선,남동인더스파크,1102,1063,2165
202209,수인선,달월,72,65,137
202209,수인선,사리,4096,3256,7352
202209,수인선,소래포구,7153,7903,15056
202209,수인선,송도,2271,2149,4420
202209,수인선,숭의,3019,2733,5752
202209,수인선,신포,1405,1621,3026
202209,수인선,야목,323,286,609
202209,수인선,어천,952,841,1793
202209,수인선,연수,4405,4338,8743
202209,수인선,오목천,2694,2154,4848
202209,수인선,원인재,3997,4145,8142
202209,수인선,월곶,2515,2286,4801
202209,수인선,인천,1378,2267,3645
202209,수인선,인천논현,4729,4886,9615
202209,수인선,인하대,4909,4596,9505
202209,수인선,호구포,2914,2676,5590
202209,수인선,고색,1965,1987,3952
202209,수인선,남동인더스파크,666,662,1328
202209,수인선,달월,59,59,118
202209,수인선,사리,3065,2583,5648
202209,수인선,소래포구,6234,6213,12447
202209,수인선,송도,1636,1563,3199
202209,수인선,숭의,2079,1945,4024
202209,수인선,신포,1233,1216,2449
202209,수인선,야목,261,218,479
202209,수인선,어천,705,852,1557
202209,수인선,연수,3475,3495,6970
202209,수인선,오목천,1975,1957,3932
202209,수인선,원인재,3088,3108,6196
202209,수인선,월곶,1903,1759,3662
202209,수인선,인천,1140,1761,2901
202209,수인선,인천논현,3277,3356,6633
202209,수인선,인하대,3732,3650,7382
202209,수인선,호구포,2333,2401,4734
202209,수인선,고색,3150,3001,6151
202209,수인선,남동인더스파크,1130,1034,2164
202209,수인선,달월,81,88,169
202209,수인선,사리,4354,3563,7917
202209,수인선,소래포구,9105,9838,18943
202209,수인선,송도,2423,2291,4714
202209,수인선,숭의,3336,2950,6286
202209,수인선,신포,1975,1945,3920
202209,수인선,야목,365,268,633
202209,수인선,어천,1059,874,1933
202209,수인선,연수,4604,4635,9239
202209,수인선,오목천,2791,2303,5094
202209,수인선,원인재,4323,4357,8680
202209,수인선,월곶,2668,2410,5078
202209,수인선,인천,1569,2902,4471
202209,수인선,인천논현,4996,5185,10181
202209,수인선,인하대,5503,5072,10575
202209,수인선,호구포,3138,2864,6002
202209,수인선,고색,2098,2110,4208
202209,수인선,남동인더스파크,623,627,1250
202209,수인선,달월,65,71,136
202209,수인선,사리,3393,2792,6185
202209,수인선,소래포구,7778,7630,15408
202209,수인선,송도,1798,1707,3505
202209,수인선,숭의,2228,2097,4325
202209,수인선,신포,1473,1336,2809
202209,수인선,야목,273,202,475
202209,수인선,어천,772,926,1698
202209,수인선,연수,3720,3562,7282
202209,수인선,오목천,1926,1905,3831
202209,수인선,원인재,3385,3465,6850
202209,수인선,월곶,2029,1899,3928
202209,수인선,인천,1237,2048,3285
202209,수인선,인천논현,3351,3379,6730
202209,수인선,인하대,3671,3694,7365
202209,수인선,호구포,2420,2449,4869
202210,수인선,고색,2763,2726,5489
202210,수인선,남동인더스파크,1174,1046,2220
202210,수인선,달월,112,115,227
202210,수인선,사리,4158,3392,7550
202210,수인선,소래포구,18879,20820,39699
202210,수인선,송도,2453,2399,4852
202210,수인선,숭의,3688,3332,7020
202210,수인선,신포,1737,1702,3439
202210,수인선,야목,339,275,614
202210,수인선,어천,1035,904,1939
202210,수인선,연수,4961,4915,9876
202210,수인선,오목천,2742,2246,4988
202210,수인선,원인재,4578,4778,9356
202210,수인선,월곶,2820,2559,5379
202210,수인선,인천,1566,2636,4202
202210,수인선,인천논현,5385,5482,10867
202210,수인선,인하대,5722,5306,11028
202210,수인선,호구포,3703,3442,7145
202210,수인선,고색,2055,1976,4031
202210,수인선,남동인더스파크,799,771,1570
202210,수인선,달월,68,73,141
202210,수인선,사리,3098,2616,5714
202210,수인선,소래포구,13800,13960,27760
202210,수인선,송도,1741,1659,3400
202210,수인선,숭의,2367,2149,4516
202210,수인선,신포,1360,1369,2729
202210,수인선,야목,279,220,499
202210,수인선,어천,800,816,1616
202210,수인선,연수,3870,3802,7672
202210,수인선,오목천,2039,1877,3916
202210,수인선,원인재,3099,3318,6417
202210,수인선,월곶,2320,2036,4356
202210,수인선,인천,1435,2212,3647
202210,수인선,인천논현,3507,3624,7131
202210,수인선,인하대,3895,3786,7681
202210,수인선,호구포,2728,2696,5424
202210,수인선,고색,2903,2780,5683
202210,수인선,남동인더스파크,1107,1000,2107
202210,수인선,달월,96,98,194
202210,수인선,사리,4433,3531,7964
202210,수인선,소래포구,9058,9670,18728
202210,수인선,송도,2437,2236,4673
202210,수인선,숭의,3200,2840,6040
202210,수인선,신포,1653,1765,3418
202210,수인선,야목,353,292,645
202210,수인선,어천,1117,866,1983
202210,수인선,연수,4497,4510,9007
202210,수인선,오목천,2930,2347,5277
202210,수인선,원인재,4301,4367,8668
202210,수인선,월곶,2624,2461,5085
202210,수인선,인천,1756,2738,4494
202210,수인선,인천논현,4898,5095,9993
202210,수인선,인하대,5239,4677,9916
202210,수인선,호구포,3100,2825,5925
202210,수인선,고색,1887,1849,3736
202210,수인선,남동인더스파크,591,572,1163
202210,수인선,달월,35,40,75
202210,수인선,사리,2697,2210,4907
202210,수인선,소래포구,5561,5740,11301
202210,수인선,송도,1398,1421,2819
202210,수인선,숭의,1919,1645,3564
202210,수인선,신포,1044,985,2029
202210,수인선,야목,209,182,391
202210,수인선,어천,676,741,1417
202210,수인선,연수,3167,3242,6409
202210,수인선,오목천,1768,1719,3487
202210,수인선,원인재,2652,2709,5361
202210,수인선,월곶,1803,1597,3400
202210,수인선,인천,1055,1700,2755
202210,수인선,인천논현,2786,2921,5707
202210,수인선,인하대,3025,3005,6030
202210,수인선,호구포,2128,2121,4249
202210,수인선,고색,2951,2954,5905
202210,수인선,남동인더스파크,1094,1054,2148
202210,수인선,달월,75,87,162
202210,수인선,사리,4258,3589,7847
202210,수인선,소래포구,8677,9108,17785
202210,수인선,송도,2402,2309,4711
202210,수인선,숭의,3284,3043,6327
202210,수인선,신포,1959,1956,3915
202210,수인선,야목,361,310,671
202210,수인선,어천,993,866,1859
202210,수인선,연수,4694,4648,9342
202210,수인선,오목천,2880,2275,5155
202210,수인선,원인재,4326,4298,8624
202210,수인선,월곶,2676,2491,5167
202210,수인선,인천,1593,2948,4541
202210,수인선,인천논현,4975,5187,10162
202210,수인선,인하대,5300,4791,10091
202210,수인선,호구포,3000,2897,5897
202210,수인선,고색,2104,2099,4203
202210,수인선,남동인더스파크,744,713,1457
202210,수인선,달월,57,70,127
202210,수인선,사리,3059,2619,5678
202210,수인선,소래포구,6448,6247,12695
202210,수인선,송도,1738,1695,3433
202210,수인선,숭의,2459,2281,4740
202210,수인선,신포,1363,1368,2731
202210,수인선,야목,253,197,450
202210,수인선,어천,722,847,1569
202210,수인선,연수,3643,3405,7048
202210,수인선,오목천,1864,1818,3682
202210,수인선,원인재,3126,3179,6305
202210,수인선,월곶,1997,1938,3935
202210,수인선,인천,1203,1921,3124
202210,수인선,인천논현,3417,3529,6946
202210,수인선,인하대,3683,3498,7181
202210,수인선,호구포,2276,2297,4573
202210,수인선,고색,2982,2865,5847
202210,수인선,남동인더스파크,1178,1118,2296
202210,수인선,달월,117,136,253
202210,수인선,사리,4489,3693,8182
202210,수인선,소래포구,8640,8903,17543
202210,수인선,송도,2416,2201,4617
202210,수인선,숭의,3136,2873,6009
202210,수인선,신포,1620,1713,3333
202210,수인선,야목,268,235,503
202210,수인선,어천,1227,989,2216
202210,수인선,연수,4685,4705,9390
202210,수인선,오목천,2883,2223,5106
202210,수인선,원인재,4267,4342,8609
202210,수인선,월곶,5869,5583,11452
202210,수인선,인천,1438,2515,3953
202210,수인선,인천논현,5039,5228,10267
202210,수인선,인하대,5275,4831,10106
202210,수인선,호구포,3122,2896,6018
202210,수인선,고색,1973,2055,4028
202210,수인선,남동인더스파크,727,724,1451
202210,수인선,달월,91,101,192
202210,수인선,사리,3247,2673,5920
202210,수인선,소래포구,7190,6990,14180
202210,수인선,송도,1811,1703,3514
202210,수인선,숭의,2281,2111,4392
202210,수인선,신포,1377,1285,2662
202210,수인선,야목,225,190,415
202210,수인선,어천,767,884,1651
202210,수인선,연수,3801,3685,7486
202210,수인선,오목천,1989,2044,4033
202210,수인선,원인재,3153,3289,6442
202210,수인선,월곶,4679,4261,8940
202210,수인선,인천,1300,1948,3248
202210,수인선,인천논현,3395,3482,6877
202210,수인선,인하대,3596,3634,7230
202210,수인선,호구포,2430,2487,4917
202210,수인선,고색,3102,3062,6164
202210,수인선,남동인더스파크,1073,966,2039
202210,수인선,달월,67,78,145
202210,수인선,사리,4317,3386,7703
202210,수인선,소래포구,7931,8115,16046
202210,수인선,송도,2333,2209,4542
202210,수인선,숭의,3110,2897,6007
202210,수인선,신포,1797,1804,3601
202210,수인선,야목,304,276,580
202210,수인선,어천,1126,882,2008
202210,수인선,연수,4711,4670,9381
202210,수인선,오목천,3026,2415,5441
202210,수인선,원인재,4281,4398,8679
202210,수인선,월곶,2501,2320,4821
202210,수인선,인천,1354,2405,3759
202210,수인선,인천논현,4981,5153,10134
202210,수인선,인하대,5523,4995,10518
202210,수인선,호구포,3174,2847,6021
202210,수인선,고색,1991,2056,4047
202210,수인선,남동인더스파크,630,683,1313
202210,수인선,달월,54,63,117
202210,수인선,사리,3038,2604,5642
202210,수인선,소래포구,5814,5721,11535
202210,수인선,송도,1818,1728,3546
202210,수인선,숭의,2210,2072,4282
202210,수인선,신포,1349,1242,2591
202210,수인선,야목,213,189,402
202210,수인선,어천,774,905,1679
202210,수인선,연수,3668,3542,7210
202210,수인선,오목천,2095,1992,4087
202210,수인선,원인재,3122,3197,6319
202210,수인선,월곶,1908,1761,3669
202210,수인선,인천,1281,1919,3200
202210,수인선,인천논현,3268,3355,6623
202210,수인선,인하대,3539,3577,7116
202210,수인선,호구포,2231,2293,4524
202211,수인선,고색,2915,2744,5659
202211,수인선,남동인더스파크,988,946,1934
202211,수인선,달월,74,71,145
202211,수인선,사리,4099,3420,7519
202211,수인선,소래포구,6723,6875,13598
202211,수인선,송도,2200,2123,4323
202211,수인선,숭의,2913,2656,5569
202211,수인선,신포,1671,1716,3387
202211,수인선,야목,268,221,489
202211,수인선,어천,957,836,1793
202211,수인선,연수,4394,4453,8847
202211,수인선,오목천,2774,2231,5005
202211,수인선,원인재,4066,4100,8166
202211,수인선,월곶,2497,2208,4705
202211,수인선,인천,1245,2122,3367
202211,수인선,인천논현,4747,4869,9616
202211,수인선,인하대,4990,4538,9528
202211,수인선,호구포,2889,2667,5556
202211,수인선,고색,1873,1910,3783
202211,수인선,남동인더스파크,628,623,1251
202211,수인선,달월,62,71,133
202211,수인선,사리,3181,2523,5704
202211,수인선,소래포구,5749,5569,11318
202211,수인선,송도,1798,1645,3443
202211,수인선,숭의,2176,2001,4177
202211,수인선,신포,1378,1349,2727
202211,수인선,야목,234,156,390
202211,수인선,어천,802,911,1713
202211,수인선,연수,3523,3423,6946
202211,수인선,오목천,1873,1896,3769
202211,수인선,원인재,3095,3108,6203
202211,수인선,월곶,1867,1771,3638
202211,수인선,인천,1198,1706,2904
202211,수인선,인천논현,3228,3379,6607
202211,수인선,인하대,3740,3812,7552
202211,수인선,호구포,2246,2371,4617
202211,수인선,고색,2632,2603,5235
202211,수인선,남동인더스파크,993,952,1945
202211,수인선,달월,67,67,134
202211,수인선,사리,4046,3275,7321
202211,수인선,소래포구,6170,6141,12311
202211,수인선,송도,2019,1895,3914
202211,수인선,숭의,2763,2461,5224
202211,수인선,신포,1434,1500,2934
202211,수인선,야목,306,231,537
202211,수인선,어천,935,807,1742
202211,수인선,연수,4160,4219,8379
202211,수인선,오목천,2614,2201,4815
202211,수인선,원인재,3652,3893,7545
202211,수인선,월곶,2316,2133,4449
202211,수인선,인천,1189,1930,3119
202211,수인선,인천논현,4622,4704,9326
202211,수인선,인하대,4963,4472,9435
202211,수인선,호구포,2706,2658,5364
202211,수인선,고색,1940,1971,3911
202211,수인선,남동인더스파크,579,626,1205
202211,수인선,달월,39,55,94
202211,수인선,사리,2827,2408,5235
202211,수인선,소래포구,4760,4557,9317
202211,수인선,송도,1621,1469,3090
202211,수인선,숭의,2079,1843,3922
202211,수인선,신포,1267,1193,2460
202211,수인선,야목,231,184,415
202211,수인선,어천,715,840,1555
202211,수인선,연수,3491,3466,6957
202211,수인선,오목천,1794,1751,3545
202211,수인선,원인재,2983,3038,6021
202211,수인선,월곶,1858,1687,3545
202211,수인선,인천,933,1438,2371
202211,수인선,인천논현,3141,3179,6320
202211,수인선,인하대,3424,3476,6900
202211,수인선,호구포,2224,2235,4459
202211,수인선,고색,2960,2844,5804
202211,수인선,남동인더스파크,1082,992,2074
202211,수인선,달월,63,68,131
202211,수인선,사리,4176,3460,7636
202211,수인선,소래포구,6013,6095,12108
202211,수인선,송도,2272,2186,4458
202211,수인선,숭의,2959,2687,5646
202211,수인선,신포,1704,1680,3384
202211,수인선,야목,257,237,494
202211,수인선,어천,985,861,1846
202211,수인선,연수,4479,4494,8973
202211,수인선,오목천,2870,2323,5193
202211,수인선,원인재,4010,4084,8094
202211,수인선,월곶,2336,2155,4491
202211,수인선,인천,1336,2291,3627
202211,수인선,인천논현,4911,4990,9901
202211,수인선,인하대,5369,5045,10414
202211,수인선,호구포,2929,2741,5670
202211,수인선,고색,2024,2104,4128
202211,수인선,남동인더스파크,624,617,1241
202211,수인선,달월,53,61,114
202211,수인선,사리,3196,2667,5863
202211,수인선,소래포구,5333,5020,10353
202211,수인선,송도,1676,1633,3309
202211,수인선,숭의,2270,2061,4331
202211,수인선,신포,1405,1353,2758
202211,수인선,야목,244,192,436
202211,수인선,어천,769,867,1636
202211,수인선,연수,3727,3528,7255
202211,수인선,오목천,1906,1870,3776
202211,수인선,원인재,3193,3237,6430
202211,수인선,월곶,1901,1757,3658
202211,수인선,인천,1185,1800,2985
202211,수인선,인천논현,3245,3394,6639
202211,수인선,인하대,3754,3755,7509
202211,수인선,호구포,2234,2346,4580
202211,수인선,고색,2920,2869,5789
202211,수인선,남동인더스파크,1010,929,1939
202211,수인선,달월,84,96,180
202211,수인선,사리,4019,3218,7237
202211,수인선,소래포구,5805,5952,11757
202211,수인선,송도,2067,1970,4037
202211,수인선,숭의,2832,2543,5375
202211,수인선,신포,1575,1582,3157
202211,수인선,야목,249,231,480
202211,수인선,어천,1012,866,1878
202211,수인선,연수,4219,4355,8574
202211,수인선,오목천,2859,2296,5155
202211,수인선,원인재,3916,3942,7858
202211,수인선,월곶,2429,2234,4663
202211,수인선,인천,1121,1989,3110
202211,수인선,인천논현,4659,4820,9479
202211,수인선,인하대,4787,4337,9124
202211,수인선,호구포,2832,2703,5535
202211,수인선,고색,1882,1955,3837
202211,수인선,남동인더스파크,678,735,1413
202211,수인선,달월,43,55,98
202211,수인선,사리,2888,2457,5345
202211,수인선,소래포구,4368,4169,8537
202211,수인선,송도,1608,1590,3198
202211,수인선,숭의,2082,1912,3994
202211,수인선,신포,1152,1138,2290
202211,수인선,야목,232,193,425
202211,수인선,어천,719,844,1563
202211,수인선,연수,3381,3306,6687
202211,수인선,오목천,1866,1831,3697
202211,수인선,원인재,3006,3052,6058
202211,수인선,월곶,1868,1788,3656
202211,수인선,인천,1063,1540,2603
202211,수인선,인천논현,2984,3001,5985
202211,수인선,인하대,3154,3209,6363
202211,수인선,호구포,2176,2166,4342
202212,수인선,고색,2834,2763,5597
202212,수인선,남동인더스파크,937,912,1849
202212,수인선,달월,82,73,155
202212,수인선,사리,3813,3196,7009
202212,수인선,소래포구,4856,4951,9807
202212,수인선,송도,2031,1945,3976
202212,수인선,숭의,2808,2589,5397
202212,수인선,신포,1480,1570,3050
202212,수인선,야목,289,251,540
202212,수인선,어천,956,754,1710
202212,수인선,연수,4148,4288,8436
202212,수인선,오목천,2656,2184,4840
202212,수인선,원인재,3819,3942,7761
202212,수인선,월곶,2197,2082,4279
202212,수인선,인천,982,1656,2638
202212,수인선,인천논현,4319,4564,8883
202212,수인선,인하대,5334,4662,9996
202212,수인선,호구포,2783,2688,5471
202212,수인선,고색,1905,1918,3823
202212,수인선,남동인더스파크,581,594,1175
202212,수인선,달월,35,47,82
202212,수인선,사리,2776,2318,5094
202212,수인선,소래포구,3624,3445,7069
202212,수인선,송도,1497,1429,2926
202212,수인선,숭의,1940,1793,3733
202212,수인선,신포,1125,1149,2274
202212,수인선,야목,191,152,343
202212,수인선,어천,657,783,1440
202212,수인선,연수,3355,3230,6585
202212,수인선,오목천,1763,1743,3506
202212,수인선,원인재,2743,2862,5605
202212,수인선,월곶,1748,1649,3397
202212,수인선,인천,887,1422,2309
202212,수인선,인천논현,3038,3042,6080
202212,수인선,인하대,5174,4215,9389
202212,수인선,호구포,2017,2060,4077
202212,수인선,고색,3030,2904,5934
202212,수인선,남동인더스파크,955,891,1846
202212,수인선,달월,111,105,216
202212,수인선,사리,4076,3360,7436
202212,수인선,소래포구,5797,5895,11692
202212,수인선,송도,2244,2056,4300
202212,수인선,숭의,3011,2644,5655
202212,수인선,신포,1698,1797,3495
202212,수인선,야목,311,229,540
202212,수인선,어천,993,798,1791
202212,수인선,연수,4497,4662,9159
202212,수인선,오목천,2888,2388,5276
202212,수인선,원인재,4074,4124,8198
202212,수인선,월곶,2469,2349,4818
202212,수인선,인천,1036,1879,2915
202212,수인선,인천논현,4791,4963,9754
202212,수인선,인하대,4979,4512,9491
202212,수인선,호구포,2879,2715,5594
202212,수인선,고색,1964,2069,4033
202212,수인선,남동인더스파크,619,631,1250
202212,수인선,달월,43,58,101
202212,수인선,사리,2778,2466,5244
202212,수인선,소래포구,4722,4518,9240
202212,수인선,송도,1647,1643,3290
202212,수인선,숭의,2100,1910,4010
202212,수인선,신포,1173,1211,2384
202212,수인선,야목,210,185,395
202212,수인선,어천,713,893,1606
202212,수인선,연수,3576,3545,7121
202212,수인선,오목천,1901,1943,3844
202212,수인선,원인재,2908,3051,5959
202212,수인선,월곶,1904,1746,3650
202212,수인선,인천,969,1515,2484
202212,수인선,인천논현,3244,3356,6600
202212,수인선,인하대,3265,3108,6373
202212,수인선,호구포,2157,2266,4423
202212,수인선,고색,3160,3015,6175
202212,수인선,남동인더스파크,1172,1131,2303
202212,수인선,달월,61,72,133
202212,수인선,사리,4402,3545,7947
202212,수인선,소래포구,5391,5502,10893
202212,수인선,송도,2317,2123,4440
202212,수인선,숭의,3179,2826,6005
202212,수인선,신포,1623,1802,3425
202212,수인선,야목,299,225,524
202212,수인선,어천,999,806,1805
202212,수인선,연수,5060,5130,10190
202212,수인선,오목천,3121,2409,5530
202212,수인선,원인재,4351,4283,8634
202212,수인선,월곶,2515,2310,4825
202212,수인선,인천,966,1708,2674
202212,수인선,인천논현,5471,5617,11088
202212,수인선,인하대,5294,4775,10069
202212,수인선,호구포,3253,3110,6363
202212,수인선,고색,1978,1991,3969
202212,수인선,남동인더스파크,589,588,1177
202212,수인선,달월,50,54,104
202212,수인선,사리,2710,2296,5006
202212,수인선,소래포구,3294,3091,6385
202212,수인선,송도,1327,1322,2649
202212,수인선,숭의,1906,1756,3662
202212,수인선,신포,1069,1052,2121
202212,수인선,야목,200,152,352
202212,수인선,어천,702,810,1512
202212,수인선,연수,3460,3295,6755
202212,수인선,오목천,1841,1894,3735
202212,수인선,원인재,2662,2770,5432
202212,수인선,월곶,1645,1602,3247
202212,수인선,인천,767,1046,1813
202212,수인선,인천논현,2992,3123,6115
202212,수인선,인하대,3087,2972,6059
202212,수인선,호구포,2115,2174,4289
202212,수인선,고색,2692,2683,5375
202212,수인선,남동인더스파크,859,787,1646
202212,수인선,달월,78,77,155
202212,수인선,사리,3673,2952,6625
202212,수인선,소래포구,4073,4055,8128
202212,수인선,송도,1826,1728,3554
202212,수인선,숭의,2600,2320,4920
202212,수인선,신포,1269,1344,2613
202212,수인선,야목,245,201,446
202212,수인선,어천,866,691,1557
202212,수인선,연수,3977,4047,8024
202212,수인선,오목천,2455,1982,4437
202212,수인선,원인재,3378,3426,6804
202212,수인선,월곶,2136,2099,4235
202212,수인선,인천,974,1531,2505
202212,수인선,인천논현,4112,4418,8530
202212,수인선,인하대,4234,3929,8163
202212,수인선,호구포,2613,2390,5003
202212,수인선,고색,1978,2025,4003
202212,수인선,남동인더스파크,580,562,1142
202212,수인선,달월,49,52,101
202212,수인선,사리,3126,2589,5715
202212,수인선,소래포구,3819,3677,7496
202212,수인선,송도,1666,1609,3275
202212,수인선,숭의,2027,1853,3880
202212,수인선,신포,1236,1210,2446
202212,수인선,야목,198,191,389
202212,수인선,어천,649,786,1435
202212,수인선,연수,3648,3633,7281
202212,수인선,오목천,1884,1757,3641
202212,수인선,원인재,2866,2933,5799
202212,수인선,월곶,1909,1789,3698
202212,수인선,인천,1056,1492,2548
202212,수인선,인천논현,3288,3442,6730
202212,수인선,인하대,3398,3365,6763
202212,수인선,호구포,1996,2044,4040
202212,수인선,고색,2487,2360,4847
202212,수인선,남동인더스파크,783,680,1463
202212,수인선,달월,50,46,96
202212,수인선,사리,3562,2751,6313
202212,수인선,소래포구,4743,4846,9589
202212,수인선,송도,1716,1626,3342
202212,수인선,숭의,2475,2232,4707
202212,수인선,신포,1334,1430,2764
202212,수인선,야목,207,188,395
202212,수인선,어천,835,684,1519
202212,수인선,연수,3502,3530,7032
202212,수인선,오목천,2346,1856,4202
202212,수인선,원인재,3301,3301,6602
202212,수인선,월곶,2069,2017,4086
202212,수인선,인천,1104,1851,2955
202212,수인선,인천논현,3871,4018,7889
202212,수인선,인하대,3795,3501,7296
202212,수인선,호구포,2421,2241,4662
