사용월,호선명,지하철역,승차총승객수,하차총승객수,승하차총승객수
202201,우이신설선,4.19민주묘지,1374,1227,2601
202201,우이신설선,가오리,1814,1754,3568
202201,우이신설선,보문,741,656,1397
202201,우이신설선,북한산보국문,2808,2504,5312
202201,우이신설선,북한산우이,2603,2554,5157
202201,우이신설선,삼양,934,985,1919
202201,우이신설선,삼양사거리,1183,1215,2398
202201,우이신설선,성신여대입구,1771,2160,3931
202201,우이신설선,솔밭공원,1073,1012,2085
202201,우이신설선,솔샘,2149,2052,4201
202201,우이신설선,신설동,791,844,1635
202201,우이신설선,정릉,1969,1772,3741
202201,우이신설선,화계,1597,1464,3061
202201,우이신설선,4.19민주묘지,1617,1422,3039
202201,우이신설선,가오리,2048,1952,4000
202201,우이신설선,보문,810,823,1633
202201,우이신설선,북한산보국문,3071,2933,6004
202201,우이신설선,북한산우이,2398,2469,4867
202201,우이신설선,삼양,1053,1049,2102
202201,우이신설선,삼양사거리,1294,1316,2610
202201,우이신설선,성신여대입구,2015,2262,4277
202201,우이신설선,솔밭공원,1250,1206,2456
202201,우이신설선,솔샘,2444,2286,4730
202201,우이신설선,신설동,1028,957,1985
202201,우이신설선,정릉,2259,2013,4272
202201,우이신설선,화계,1813,1727,3540
202201,우이신설선,4.19민주묘지,2192,1961,4153
202201,우이신설선,가오리,2774,2674,5448
202201,우이신설선,보문,1097,1059,2156
202201,우이신설선,북한산보국문,4600,4112,8712
202201,우이신설선,북한산우이,3113,3140,6253
202201,우이신설선,삼양,1481,1539,3020
202201,우이신설선,삼양사거리,1785,1781,3566
202201,우이신설선,성신여대입구,2769,3199,5968
202201,우이신설선,솔밭공원,1709,1585,3294
202201,우이신설선,솔샘,3748,3354,7102
202201,우이신설선,신설동,1316,1290,2606
202201,우이신설선,정릉,3366,2803,6169
202201,우이신설선,화계,2382,2265,4647
202201,우이신설선,4.19민주묘지,1667,1436,3103
202201,우이신설선,가오리,2179,2044,4223
202201,우이신설선,보문,844,846,1690
202201,우이신설선,북한산보국문,3404,3139,6543
202201,우이신설선,북한산우이,2291,2542,4833
202201,우이신설선,삼양,1094,1149,2243
202201,우이신설선,삼양사거리,1381,1362,2743
202201,우이신설선,성신여대입구,2081,2280,4361
202201,우이신설선,솔밭공원,1287,1245,2532
202201,우이신설선,솔샘,2524,2451,4975
202201,우이신설선,신설동,1053,1034,2087
202201,우이신설선,정릉,2491,2070,4561
202201,우이신설선,화계,1859,1709,3568
202201,우이신설선,4.19민주묘지,2093,1846,3939
202201,우이신설선,가오리,2699,2620,5319
202201,우이신설선,보문,1111,1110,2221
202201,우이신설선,북한산보국문,4627,4076,8703
202201,우이신설선,북한산우이,2588,2608,5196
202201,우이신설선,삼양,1466,1611,3077
202201,우이신설선,삼양사거리,1787,1802,3589
202201,우이신설선,성신여대입구,2764,3133,5897
202201,우이신설선,솔밭공원,1709,1642,3351
202201,우이신설선,솔샘,3689,3338,7027
202201,우이신설선,신설동,1473,1409,2882
202201,우이신설선,정릉,3387,2841,6228
202201,우이신설선,화계,2405,2275,4680
202201,우이신설선,4.19민주묘지,2803,2504,5307
202201,우이신설선,가오리,2227,2160,4387
202201,우이신설선,보문,878,832,1710
202201,우이신설선,북한산보국문,3513,3225,6738
202201,우이신설선,북한산우이,2532,2497,5029
202201,우이신설선,삼양,1261,1283,2544
202201,우이신설선,삼양사거리,1385,1376,2761
202201,우이신설선,성신여대입구,2218,2486,4704
202201,우이신설선,솔밭공원,1398,1343,2741
202201,우이신설선,솔샘,2708,2545,5253
202201,우이신설선,신설동,1093,1119,2212
202201,우이신설선,정릉,2573,2215,4788
202201,우이신설선,화계,1957,1830,3787
202201,우이신설선,4.19민주묘지,2212,1947,4159
202201,우이신설선,가오리,2929,2841,5770
202201,우이신설선,보문,1100,1064,2164
202201,우이신설선,북한산보국문,4587,4139,8726
202201,우이신설선,북한산우이,2757,2872,5629
202201,우이신설선,삼양,1501,1598,3099
202201,우이신설선,삼양사거리,1824,1773,3597
202201,우이신설선,성신여대입구,2769,3177,5946
202201,우이신설선,솔밭공원,1766,1680,3446
202201,우이신설선,솔샘,3791,3413,7204
202201,우이신설선,신설동,1449,1387,2836
202201,우이신설선,정릉,3402,2905,6307
202201,우이신설선,화계,2400,2263,4663
202201,우이신설선,4.19민주묘지,1876,1576,3452
202201,우이신설선,가오리,2186,2098,4284
202201,우이신설선,보문,955,954,1909
202201,우이신설선,북한산보국문,3622,3269,6891
202201,우이신설선,북한산우이,2510,2541,5051
202201,우이신설선,삼양,1122,1181,2303
202201,우이신설선,삼양사거리,1435,1416,2851
202201,우이신설선,성신여대입구,2199,2414,4613
202201,우이신설선,솔밭공원,1347,1290,2637
202201,우이신설선,솔샘,2725,2632,5357
202201,우이신설선,신설동,1161,1123,2284
202201,우이신설선,정릉,2634,2191,4825
202201,우이신설선,화계,2062,1924,3986
202201,우이신설선,4.19민주묘지,1915,1598,3513
202201,우이신설선,가오리,2638,2480,5118
202201,우이신설선,보문,996,881,1877
202201,우이신설선,북한산보국문,3963,3511,7474
202201,우이신설선,북한산우이,2446,2406,4852
202201,우이신설선,삼양,1394,1460,2854
202201,우이신설선,삼양사거리,1750,1706,3456
202201,우이신설선,성신여대입구,2453,2766,5219
202201,우이신설선,솔밭공원,1541,1458,2999
202201,우이신설선,솔샘,3275,2931,6206
202201,우이신설선,신설동,1229,1181,2410
202201,우이신설선,정릉,3039,2448,5487
202201,우이신설선,화계,2240,2086,4326
202201,우이신설선,4.19민주묘지,1530,1234,2764
202201,우이신설선,가오리,2103,1995,4098
202201,우이신설선,보문,817,770,1587
202201,우이신설선,북한산보국문,3094,2655,5749
202201,우이신설선,북한산우이,2070,2136,4206
202201,우이신설선,삼양,1106,1150,2256
202201,우이신설선,삼양사거리,1358,1261,2619
202201,우이신설선,성신여대입구,1773,2008,3781
202201,우이신설선,솔밭공원,1198,1092,2290
202201,우이신설선,솔샘,2354,2133,4487
202201,우이신설선,신설동,911,928,1839
202201,우이신설선,정릉,2300,1870,4170
202201,우이신설선,화계,1725,1534,3259
202202,우이신설선,4.19민주묘지,1850,1654,3504
202202,우이신설선,가오리,2536,2452,4988
202202,우이신설선,보문,959,983,1942
202202,우이신설선,북한산보국문,3952,3650,7602
202202,우이신설선,북한산우이,2243,2267,4510
202202,우이신설선,삼양,1277,1365,2642
202202,우이신설선,삼양사거리,1699,1589,3288
202202,우이신설선,성신여대입구,2460,2846,5306
202202,우이신설선,솔밭공원,1460,1403,2863
202202,우이신설선,솔샘,3318,2917,6235
202202,우이신설선,신설동,1181,1130,2311
202202,우이신설선,정릉,2932,2584,5516
202202,우이신설선,화계,2253,2155,4408
202202,우이신설선,4.19민주묘지,1468,1315,2783
202202,우이신설선,가오리,1972,1866,3838
202202,우이신설선,보문,846,850,1696
202202,우이신설선,북한산보국문,3131,2882,6013
202202,우이신설선,북한산우이,2234,2212,4446
202202,우이신설선,삼양,1041,1120,2161
202202,우이신설선,삼양사거리,1309,1299,2608
202202,우이신설선,성신여대입구,1932,2098,4030
202202,우이신설선,솔밭공원,1200,1126,2326
202202,우이신설선,솔샘,2292,2211,4503
202202,우이신설선,신설동,973,1005,1978
202202,우이신설선,정릉,2203,1960,4163
202202,우이신설선,화계,1681,1585,3266
202202,우이신설선,4.19민주묘지,2158,1888,4046
202202,우이신설선,가오리,2762,2608,5370
202202,우이신설선,보문,1041,1028,2069
202202,우이신설선,북한산보국문,4498,4060,8558
202202,우이신설선,북한산우이,2695,2713,5408
202202,우이신설선,삼양,1372,1513,2885
202202,우이신설선,삼양사거리,1763,1766,3529
202202,우이신설선,성신여대입구,2556,3041,5597
202202,우이신설선,솔밭공원,1691,1624,3315
202202,우이신설선,솔샘,3547,3272,6819
202202,우이신설선,신설동,1455,1400,2855
202202,우이신설선,정릉,3406,2779,6185
202202,우이신설선,화계,2371,2333,4704
202202,우이신설선,4.19민주묘지,1738,1432,3170
202202,우이신설선,가오리,2174,1966,4140
202202,우이신설선,보문,893,900,1793
202202,우이신설선,북한산보국문,3806,3373,7179
202202,우이신설선,북한산우이,2437,2646,5083
202202,우이신설선,삼양,1156,1119,2275
202202,우이신설선,삼양사거리,1457,1424,2881
202202,우이신설선,성신여대입구,1977,2236,4213
202202,우이신설선,솔밭공원,1283,1239,2522
202202,우이신설선,솔샘,2572,2552,5124
202202,우이신설선,신설동,1139,1080,2219
202202,우이신설선,정릉,2548,2226,4774
202202,우이신설선,화계,1909,1738,3647
202202,우이신설선,4.19민주묘지,2017,1755,3772
202202,우이신설선,가오리,2685,2586,5271
202202,우이신설선,보문,1021,1020,2041
202202,우이신설선,북한산보국문,4293,3969,8262
202202,우이신설선,북한산우이,2583,2675,5258
202202,우이신설선,삼양,1413,1479,2892
202202,우이신설선,삼양사거리,1707,1700,3407
202202,우이신설선,성신여대입구,2646,2929,5575
202202,우이신설선,솔밭공원,1632,1545,3177
202202,우이신설선,솔샘,3302,3130,6432
202202,우이신설선,신설동,1397,1331,2728
202202,우이신설선,정릉,3257,2767,6024
202202,우이신설선,화계,2252,2216,4468
202202,우이신설선,4.19민주묘지,1561,1381,2942
202202,우이신설선,가오리,2035,1926,3961
202202,우이신설선,보문,817,840,1657
202202,우이신설선,북한산보국문,3137,2891,6028
202202,우이신설선,북한산우이,2037,2029,4066
202202,우이신설선,삼양,1086,1087,2173
202202,우이신설선,삼양사거리,1363,1260,2623
202202,우이신설선,성신여대입구,1865,2144,4009
202202,우이신설선,솔밭공원,1144,1073,2217
202202,우이신설선,솔샘,2336,2288,4624
202202,우이신설선,신설동,984,1000,1984
202202,우이신설선,정릉,2350,2004,4354
202202,우이신설선,화계,1700,1589,3289
202202,우이신설선,4.19민주묘지,1968,1737,3705
202202,우이신설선,가오리,2566,2553,5119
202202,우이신설선,보문,979,980,1959
202202,우이신설선,북한산보국문,4115,3816,7931
202202,우이신설선,북한산우이,2179,2283,4462
202202,우이신설선,삼양,1386,1476,2862
202202,우이신설선,삼양사거리,1654,1628,3282
202202,우이신설선,성신여대입구,2412,2723,5135
202202,우이신설선,솔밭공원,1528,1422,2950
202202,우이신설선,솔샘,3321,3034,6355
202202,우이신설선,신설동,1301,1287,2588
202202,우이신설선,정릉,3139,2577,5716
202202,우이신설선,화계,2151,2029,4180
202202,우이신설선,4.19민주묘지,1798,1609,3407
202202,우이신설선,가오리,2005,1868,3873
202202,우이신설선,보문,827,886,1713
202202,우이신설선,북한산보국문,3438,3098,6536
202202,우이신설선,북한산우이,2782,2933,5715
202202,우이신설선,삼양,1094,1101,2195
202202,우이신설선,삼양사거리,1406,1354,2760
202202,우이신설선,성신여대입구,1965,2255,4220
202202,우이신설선,솔밭공원,1201,1168,2369
202202,우이신설선,솔샘,2507,2315,4822
202202,우이신설선,신설동,1119,1113,2232
202202,우이신설선,정릉,2452,2195,4647
202202,우이신설선,화계,1883,1776,3659
202203,우이신설선,4.19민주묘지,2284,1929,4213
202203,우이신설선,가오리,2632,2474,5106
202203,우이신설선,보문,1014,1083,2097
202203,우이신설선,북한산보국문,4324,3933,8257
202203,우이신설선,북한산우이,2880,2946,5826
202203,우이신설선,삼양,1449,1527,2976
202203,우이신설선,삼양사거리,1717,1739,3456
202203,우이신설선,성신여대입구,2715,2968,5683
202203,우이신설선,솔밭공원,1584,1471,3055
202203,우이신설선,솔샘,3306,3029,6335
202203,우이신설선,신설동,1270,1244,2514
202203,우이신설선,정릉,3176,2611,5787
202203,우이신설선,화계,2224,2089,4313
202203,우이신설선,4.19민주묘지,1768,1560,3328
202203,우이신설선,가오리,2050,1954,4004
202203,우이신설선,보문,797,819,1616
202203,우이신설선,북한산보국문,3405,3140,6545
202203,우이신설선,북한산우이,2486,2599,5085
202203,우이신설선,삼양,1147,1212,2359
202203,우이신설선,삼양사거리,1365,1344,2709
202203,우이신설선,성신여대입구,2100,2324,4424
202203,우이신설선,솔밭공원,1158,1168,2326
202203,우이신설선,솔샘,2453,2330,4783
202203,우이신설선,신설동,1100,1047,2147
202203,우이신설선,정릉,2457,2084,4541
202203,우이신설선,화계,1866,1667,3533
202203,우이신설선,4.19민주묘지,2248,1924,4172
202203,우이신설선,가오리,2741,2587,5328
202203,우이신설선,보문,989,974,1963
202203,우이신설선,북한산보국문,4346,3737,8083
202203,우이신설선,북한산우이,2973,3028,6001
202203,우이신설선,삼양,1392,1413,2805
202203,우이신설선,삼양사거리,1716,1707,3423
202203,우이신설선,성신여대입구,2504,2930,5434
202203,우이신설선,솔밭공원,1631,1534,3165
202203,우이신설선,솔샘,3444,3150,6594
202203,우이신설선,신설동,1343,1284,2627
202203,우이신설선,정릉,3076,2558,5634
202203,우이신설선,화계,2287,2072,4359
202203,우이신설선,4.19민주묘지,1380,1259,2639
202203,우이신설선,가오리,1716,1685,3401
202203,우이신설선,보문,705,732,1437
202203,우이신설선,북한산보국문,2965,2784,5749
202203,우이신설선,북한산우이,1685,1694,3379
202203,우이신설선,삼양,869,868,1737
202203,우이신설선,삼양사거리,1144,1117,2261
202203,우이신설선,성신여대입구,1759,1991,3750
202203,우이신설선,솔밭공원,1051,1062,2113
202203,우이신설선,솔샘,2173,1950,4123
202203,우이신설선,신설동,848,827,1675
202203,우이신설선,정릉,2044,1685,3729
202203,우이신설선,화계,1656,1491,3147
202203,우이신설선,4.19민주묘지,1668,1564,3232
202203,우이신설선,가오리,2326,2193,4519
202203,우이신설선,보문,895,892,1787
202203,우이신설선,북한산보국문,3968,3349,7317
202203,우이신설선,북한산우이,1654,1693,3347
202203,우이신설선,삼양,1153,1229,2382
202203,우이신설선,삼양사거리,1462,1527,2989
202203,우이신설선,성신여대입구,2331,2600,4931
202203,우이신설선,솔밭공원,1361,1274,2635
202203,우이신설선,솔샘,2979,2636,5615
202203,우이신설선,신설동,1051,1018,2069
202203,우이신설선,정릉,2840,2325,5165
202203,우이신설선,화계,2012,1827,3839
202203,우이신설선,4.19민주묘지,1821,1644,3465
202203,우이신설선,가오리,2041,1887,3928
202203,우이신설선,보문,832,778,1610
202203,우이신설선,북한산보국문,3412,3086,6498
202203,우이신설선,북한산우이,2851,3045,5896
202203,우이신설선,삼양,1128,1130,2258
202203,우이신설선,삼양사거리,1296,1313,2609
202203,우이신설선,성신여대입구,1999,2304,4303
202203,우이신설선,솔밭공원,1284,1234,2518
202203,우이신설선,솔샘,2374,2205,4579
202203,우이신설선,신설동,1127,1142,2269
202203,우이신설선,정릉,2353,2038,4391
202203,우이신설선,화계,1770,1695,3465
202203,우이신설선,4.19민주묘지,1880,1730,3610
202203,우이신설선,가오리,2584,2475,5059
202203,우이신설선,보문,968,893,1861
202203,우이신설선,북한산보국문,3973,3546,7519
202203,우이신설선,북한산우이,2009,2031,4040
202203,우이신설선,삼양,1298,1287,2585
202203,우이신설선,삼양사거리,1636,1544,3180
202203,우이신설선,성신여대입구,2546,2821,5367
202203,우이신설선,솔밭공원,1520,1399,2919
202203,우이신설선,솔샘,3189,2951,6140
202203,우이신설선,신설동,1251,1146,2397
202203,우이신설선,정릉,3060,2475,5535
202203,우이신설선,화계,2188,1993,4181
202203,우이신설선,4.19민주묘지,2066,1794,3860
202203,우이신설선,가오리,2126,1976,4102
202203,우이신설선,보문,901,873,1774
202203,우이신설선,북한산보국문,3506,3319,6825
202203,우이신설선,북한산우이,3283,3312,6595
202203,우이신설선,삼양,1110,1103,2213
202203,우이신설선,삼양사거리,1474,1441,2915
202203,우이신설선,성신여대입구,2194,2497,4691
202203,우이신설선,솔밭공원,1294,1287,2581
202203,우이신설선,솔샘,2592,2406,4998
202203,우이신설선,신설동,1134,1191,2325
202203,우이신설선,정릉,2598,2181,4779
202203,우이신설선,화계,1897,1772,3669
202204,우이신설선,4.19민주묘지,2402,2024,4426
202204,우이신설선,가오리,2996,2715,5711
202204,우이신설선,보문,1085,1081,2166
202204,우이신설선,북한산보국문,4808,4235,9043
202204,우이신설선,북한산우이,3416,3581,6997
202204,우이신설선,삼양,1504,1485,2989
202204,우이신설선,삼양사거리,1922,1849,3771
202204,우이신설선,성신여대입구,2649,3122,5771
202204,우이신설선,솔밭공원,1785,1735,3520
202204,우이신설선,솔샘,3763,3301,7064
202204,우이신설선,신설동,1335,1407,2742
202204,우이신설선,정릉,3591,2836,6427
202204,우이신설선,화계,2497,2153,4650
202204,우이신설선,4.19민주묘지,2186,1828,4014
202204,우이신설선,가오리,2260,2098,4358
202204,우이신설선,보문,947,944,1891
202204,우이신설선,북한산보국문,3824,3487,7311
202204,우이신설선,북한산우이,3320,3561,6881
202204,우이신설선,삼양,1158,1189,2347
202204,우이신설선,삼양사거리,1378,1406,2784
202204,우이신설선,성신여대입구,2129,2326,4455
202204,우이신설선,솔밭공원,1345,1335,2680
202204,우이신설선,솔샘,2677,2586,5263
202204,우이신설선,신설동,1172,1185,2357
202204,우이신설선,정릉,2638,2214,4852
202204,우이신설선,화계,1932,1846,3778
202204,우이신설선,4.19민주묘지,2597,2448,5045
202204,우이신설선,가오리,3057,2796,5853
202204,우이신설선,보문,1133,1057,2190
202204,우이신설선,북한산보국문,4855,4172,9027
202204,우이신설선,북한산우이,3602,3864,7466
202204,우이신설선,삼양,1541,1601,3142
202204,우이신설선,삼양사거리,1904,1835,3739
202204,우이신설선,성신여대입구,2663,3074,5737
202204,우이신설선,솔밭공원,1744,1711,3455
202204,우이신설선,솔샘,3979,3489,7468
202204,우이신설선,신설동,1368,1375,2743
202204,우이신설선,정릉,3781,3029,6810
202204,우이신설선,화계,2623,2313,4936
202204,우이신설선,4.19민주묘지,2297,2090,4387
202204,우이신설선,가오리,2311,2169,4480
202204,우이신설선,보문,1013,960,1973
202204,우이신설선,북한산보국문,3961,3701,7662
202204,우이신설선,북한산우이,3282,3693,6975
202204,우이신설선,삼양,1147,1191,2338
202204,우이신설선,삼양사거리,1567,1511,3078
202204,우이신설선,성신여대입구,2116,2506,4622
202204,우이신설선,솔밭공원,1479,1410,2889
202204,우이신설선,솔샘,2946,2785,5731
202204,우이신설선,신설동,1141,1148,2289
202204,우이신설선,정릉,2980,2421,5401
202204,우이신설선,화계,2118,1950,4068
202204,우이신설선,4.19민주묘지,2752,2354,5106
202204,우이신설선,가오리,3173,3017,6190
202204,우이신설선,보문,1151,1158,2309
202204,우이신설선,북한산보국문,4852,4187,9039
202204,우이신설선,북한산우이,4176,4456,8632
202204,우이신설선,삼양,1576,1626,3202
202204,우이신설선,삼양사거리,1911,1899,3810
202204,우이신설선,성신여대입구,2777,3226,6003
202204,우이신설선,솔밭공원,1819,1691,3510
202204,우이신설선,솔샘,4080,3461,7541
202204,우이신설선,신설동,1400,1464,2864
202204,우이신설선,정릉,3767,3019,6786
202204,우이신설선,화계,2607,2348,4955
202204,우이신설선,4.19민주묘지,2354,2047,4401
202204,우이신설선,가오리,2372,2176,4548
202204,우이신설선,보문,1018,1064,2082
202204,우이신설선,북한산보국문,3875,3600,7475
202204,우이신설선,북한산우이,3641,3889,7530
202204,우이신설선,삼양,1255,1323,2578
202204,우이신설선,삼양사거리,1629,1514,3143
202204,우이신설선,성신여대입구,2143,2414,4557
202204,우이신설선,솔밭공원,1433,1440,2873
202204,우이신설선,솔샘,2997,2782,5779
202204,우이신설선,신설동,1269,1200,2469
202204,우이신설선,정릉,2885,2456,5341
202204,우이신설선,화계,2117,1981,4098
202204,우이신설선,4.19민주묘지,2681,2336,5017
202204,우이신설선,가오리,3052,2907,5959
202204,우이신설선,보문,1213,1123,2336
202204,우이신설선,북한산보국문,4953,4132,9085
202204,우이신설선,북한산우이,3858,4116,7974
202204,우이신설선,삼양,1688,1679,3367
202204,우이신설선,삼양사거리,2040,1892,3932
202204,우이신설선,성신여대입구,2657,3251,5908
202204,우이신설선,솔밭공원,1945,1867,3812
202204,우이신설선,솔샘,3991,3556,7547
202204,우이신설선,신설동,1555,1482,3037
202204,우이신설선,정릉,3927,3200,7127
202204,우이신설선,화계,2626,2303,4929
202204,우이신설선,4.19민주묘지,2241,1957,4198
202204,우이신설선,가오리,2385,2277,4662
202204,우이신설선,보문,995,975,1970
202204,우이신설선,북한산보국문,3786,3406,7192
202204,우이신설선,북한산우이,3616,3873,7489
202204,우이신설선,삼양,1172,1217,2389
202204,우이신설선,삼양사거리,1593,1538,3131
202204,우이신설선,성신여대입구,2046,2249,4295
202204,우이신설선,솔밭공원,1500,1432,2932
202204,우이신설선,솔샘,2881,2741,5622
202204,우이신설선,신설동,1244,1267,2511
202204,우이신설선,정릉,2902,2442,5344
202204,우이신설선,화계,2086,1991,4077
202204,우이신설선,4.19민주묘지,2636,2242,4878
202204,우이신설선,가오리,3136,2965,6101
202204,우이신설선,보문,1318,1287,2605
202204,우이신설선,북한산보국문,5496,4841,10337
202204,우이신설선,북한산우이,4118,4134,8252
202204,우이신설선,삼양,1620,1707,3327
202204,우이신설선,삼양사거리,1974,1982,3956
202204,우이신설선,성신여대입구,3002,3658,6660
202204,우이신설선,솔밭공원,1985,1861,3846
202204,우이신설선,솔샘,4391,3939,8330
202204,우이신설선,신설동,1596,1483,3079
202204,우이신설선,정릉,4005,3387,7392
202204,우이신설선,화계,2683,2543,5226
202205,우이신설선,4.19민주묘지,2175,1988,4163
202205,우이신설선,가오리,2514,2416,4930
202205,우이신설선,보문,1142,1162,2304
202205,우이신설선,북한산보국문,4247,3923,8170
202205,우이신설선,북한산우이,4717,4551,9268
202205,우이신설선,삼양,1343,1403,2746
202205,우이신설선,삼양사거리,1658,1566,3224
202205,우이신설선,성신여대입구,2433,2793,5226
202205,우이신설선,솔밭공원,1608,1557,3165
202205,우이신설선,솔샘,3104,2970,6074
202205,우이신설선,신설동,1328,1324,2652
202205,우이신설선,정릉,3216,2714,5930
202205,우이신설선,화계,2368,2249,4617
202205,우이신설선,4.19민주묘지,2503,2173,4676
202205,우이신설선,가오리,3114,3080,6194
202205,우이신설선,보문,1158,1150,2308
202205,우이신설선,북한산보국문,5099,4227,9326
202205,우이신설선,북한산우이,4303,4501,8804
202205,우이신설선,삼양,1491,1533,3024
202205,우이신설선,삼양사거리,2060,1969,4029
202205,우이신설선,성신여대입구,2791,3352,6143
202205,우이신설선,솔밭공원,1921,1746,3667
202205,우이신설선,솔샘,3998,3497,7495
202205,우이신설선,신설동,1504,1416,2920
202205,우이신설선,정릉,3851,3044,6895
202205,우이신설선,화계,2688,2449,5137
202205,우이신설선,4.19민주묘지,2191,2048,4239
202205,우이신설선,가오리,2626,2448,5074
202205,우이신설선,보문,1288,1346,2634
202205,우이신설선,북한산보국문,4258,4028,8286
202205,우이신설선,북한산우이,6452,6076,12528
202205,우이신설선,삼양,1342,1309,2651
202205,우이신설선,삼양사거리,1746,1722,3468
202205,우이신설선,성신여대입구,2362,2754,5116
202205,우이신설선,솔밭공원,1613,1592,3205
202205,우이신설선,솔샘,3012,2879,5891
202205,우이신설선,신설동,1307,1289,2596
202205,우이신설선,정릉,3262,2849,6111
202205,우이신설선,화계,3192,3022,6214
202205,우이신설선,4.19민주묘지,2982,2488,5470
202205,우이신설선,가오리,3394,3090,6484
202205,우이신설선,보문,1317,1249,2566
202205,우이신설선,북한산보국문,5600,4727,10327
202205,우이신설선,북한산우이,4664,4709,9373
202205,우이신설선,삼양,1762,1677,3439
202205,우이신설선,삼양사거리,2202,2114,4316
202205,우이신설선,성신여대입구,3065,3734,6799
202205,우이신설선,솔밭공원,2080,1982,4062
202205,우이신설선,솔샘,4539,3818,8357
202205,우이신설선,신설동,1568,1477,3045
202205,우이신설선,정릉,4372,3480,7852
202205,우이신설선,화계,2771,2568,5339
202205,우이신설선,4.19민주묘지,2571,2164,4735
202205,우이신설선,가오리,2895,2867,5762
202205,우이신설선,보문,1118,1111,2229
202205,우이신설선,북한산보국문,4391,4002,8393
202205,우이신설선,북한산우이,4107,3913,8020
202205,우이신설선,삼양,1318,1386,2704
202205,우이신설선,삼양사거리,1726,1741,3467
202205,우이신설선,성신여대입구,2444,2914,5358
202205,우이신설선,솔밭공원,1672,1577,3249
202205,우이신설선,솔샘,3368,3210,6578
202205,우이신설선,신설동,1320,1344,2664
202205,우이신설선,정릉,3296,2689,5985
202205,우이신설선,화계,2472,2253,4725
202205,우이신설선,4.19민주묘지,2833,2412,5245
202205,우이신설선,가오리,3295,3114,6409
202205,우이신설선,보문,1254,1258,2512
202205,우이신설선,북한산보국문,5943,4849,10792
202205,우이신설선,북한산우이,4408,4613,9021
202205,우이신설선,삼양,1683,1702,3385
202205,우이신설선,삼양사거리,2185,2117,4302
202205,우이신설선,성신여대입구,3119,3955,7074
202205,우이신설선,솔밭공원,2073,1979,4052
202205,우이신설선,솔샘,4449,3845,8294
202205,우이신설선,신설동,1569,1508,3077
202205,우이신설선,정릉,4487,3449,7936
202205,우이신설선,화계,2845,2511,5356
202205,우이신설선,4.19민주묘지,2164,1943,4107
202205,우이신설선,가오리,2685,2493,5178
202205,우이신설선,보문,1079,1139,2218
202205,우이신설선,북한산보국문,4400,3867,8267
202205,우이신설선,북한산우이,3753,3641,7394
202205,우이신설선,삼양,1262,1276,2538
202205,우이신설선,삼양사거리,1753,1568,3321
202205,우이신설선,성신여대입구,2448,2929,5377
202205,우이신설선,솔밭공원,1661,1531,3192
202205,우이신설선,솔샘,3247,3008,6255
202205,우이신설선,신설동,1326,1294,2620
202205,우이신설선,정릉,3210,2671,5881
202205,우이신설선,화계,2213,2112,4325
202205,우이신설선,4.19민주묘지,2847,2476,5323
202205,우이신설선,가오리,3563,3340,6903
202205,우이신설선,보문,1362,1268,2630
202205,우이신설선,북한산보국문,5486,4802,10288
202205,우이신설선,북한산우이,3836,4140,7976
202205,우이신설선,삼양,1725,1717,3442
202205,우이신설선,삼양사거리,2098,1999,4097
202205,우이신설선,성신여대입구,3039,3584,6623
202205,우이신설선,솔밭공원,2076,1899,3975
202205,우이신설선,솔샘,4347,3874,8221
202205,우이신설선,신설동,1555,1566,3121
202205,우이신설선,정릉,4291,3348,7639
202205,우이신설선,화계,3408,3165,6573
202205,우이신설선,4.19민주묘지,2211,1986,4197
202205,우이신설선,가오리,2490,2391,4881
202205,우이신설선,보문,1076,1048,2124
202205,우이신설선,북한산보국문,4137,3787,7924
202205,우이신설선,북한산우이,3632,3751,7383
202205,우이신설선,삼양,1266,1272,2538
202205,우이신설선,삼양사거리,1737,1602,3339
202205,우이신설선,성신여대입구,2314,2794,5108
202205,우이신설선,솔밭공원,1551,1494,3045
202205,우이신설선,솔샘,3138,2973,6111
202205,우이신설선,신설동,1254,1255,2509
202205,우이신설선,정릉,3095,2550,5645
202205,우이신설선,화계,2409,2147,4556
202206,우이신설선,4.19민주묘지,2614,2228,4842
202206,우이신설선,가오리,3190,2838,6028
202206,우이신설선,보문,1171,1132,2303
202206,우이신설선,북한산보국문,4975,4231,9206
202206,우이신설선,북한산우이,3699,3932,7631
202206,우이신설선,삼양,1584,1592,3176
202206,우이신설선,삼양사거리,1989,1802,3791
202206,우이신설선,성신여대입구,2776,3382,6158
202206,우이신설선,솔밭공원,1934,1796,3730
202206,우이신설선,솔샘,3968,3474,7442
202206,우이신설선,신설동,1468,1448,2916
202206,우이신설선,정릉,3846,3008,6854
202206,우이신설선,화계,2717,2323,5040
202206,우이신설선,4.19민주묘지,2133,1783,3916
202206,우이신설선,가오리,2491,2319,4810
202206,우이신설선,보문,1060,1039,2099
202206,우이신설선,북한산보국문,3978,3492,7470
202206,우이신설선,북한산우이,3666,3705,7371
202206,우이신설선,삼양,1283,1308,2591
202206,우이신설선,삼양사거리,1657,1560,3217
202206,우이신설선,성신여대입구,2269,2663,4932
202206,우이신설선,솔밭공원,1556,1471,3027
202206,우이신설선,솔샘,3099,2653,5752
202206,우이신설선,신설동,1248,1255,2503
202206,우이신설선,정릉,2995,2454,5449
202206,우이신설선,화계,2192,2024,4216
202206,우이신설선,4.19민주묘지,2814,2365,5179
202206,우이신설선,가오리,3279,3062,6341
202206,우이신설선,보문,1185,1142,2327
202206,우이신설선,북한산보국문,5304,4487,9791
202206,우이신설선,북한산우이,3894,4252,8146
202206,우이신설선,삼양,1602,1659,3261
202206,우이신설선,삼양사거리,2111,1943,4054
202206,우이신설선,성신여대입구,2936,3400,6336
202206,우이신설선,솔밭공원,1986,1936,3922
202206,우이신설선,솔샘,4219,3648,7867
202206,우이신설선,신설동,1509,1561,3070
202206,우이신설선,정릉,4076,3284,7360
202206,우이신설선,화계,2831,2527,5358
202206,우이신설선,4.19민주묘지,2077,1847,3924
202206,우이신설선,가오리,2491,2392,4883
202206,우이신설선,보문,1063,1082,2145
202206,우이신설선,북한산보국문,3907,3594,7501
202206,우이신설선,북한산우이,3505,3690,7195
202206,우이신설선,삼양,1238,1265,2503
202206,우이신설선,삼양사거리,1708,1636,3344
202206,우이신설선,성신여대입구,2291,2466,4757
202206,우이신설선,솔밭공원,1561,1529,3090
202206,우이신설선,솔샘,3109,2933,6042
202206,우이신설선,신설동,1277,1257,2534
202206,우이신설선,정릉,3012,2523,5535
202206,우이신설선,화계,2343,2184,4527
202206,우이신설선,4.19민주묘지,2585,2199,4784
202206,우이신설선,가오리,3340,3029,6369
202206,우이신설선,보문,1193,1126,2319
202206,우이신설선,북한산보국문,5313,4584,9897
202206,우이신설선,북한산우이,3683,3917,7600
202206,우이신설선,삼양,1645,1612,3257
202206,우이신설선,삼양사거리,2062,1961,4023
202206,우이신설선,성신여대입구,2883,3478,6361
202206,우이신설선,솔밭공원,2032,1873,3905
202206,우이신설선,솔샘,4338,3736,8074
202206,우이신설선,신설동,1518,1477,2995
202206,우이신설선,정릉,4140,3274,7414
202206,우이신설선,화계,2651,2395,5046
202206,우이신설선,4.19민주묘지,2117,1885,4002
202206,우이신설선,가오리,2569,2342,4911
202206,우이신설선,보문,1059,1009,2068
202206,우이신설선,북한산보국문,4025,3710,7735
202206,우이신설선,북한산우이,3371,3538,6909
202206,우이신설선,삼양,1329,1321,2650
202206,우이신설선,삼양사거리,1575,1584,3159
202206,우이신설선,성신여대입구,2265,2732,4997
202206,우이신설선,솔밭공원,1531,1452,2983
202206,우이신설선,솔샘,3083,2861,5944
202206,우이신설선,신설동,1273,1305,2578
202206,우이신설선,정릉,3138,2532,5670
202206,우이신설선,화계,2290,2131,4421
202206,우이신설선,4.19민주묘지,2789,2393,5182
202206,우이신설선,가오리,3322,2971,6293
202206,우이신설선,보문,1345,1272,2617
202206,우이신설선,북한산보국문,5373,4624,9997
202206,우이신설선,북한산우이,4693,4651,9344
202206,우이신설선,삼양,1670,1748,3418
202206,우이신설선,삼양사거리,2105,1931,4036
202206,우이신설선,성신여대입구,2971,3546,6517
202206,우이신설선,솔밭공원,2074,1900,3974
202206,우이신설선,솔샘,4236,3724,7960
202206,우이신설선,신설동,1521,1562,3083
202206,우이신설선,정릉,4210,3263,7473
202206,우이신설선,화계,2766,2425,5191
202206,우이신설선,4.19민주묘지,1944,1704,3648
202206,우이신설선,가오리,2357,2239,4596
202206,우이신설선,보문,951,947,1898
202206,우이신설선,북한산보국문,3928,3485,7413
202206,우이신설선,북한산우이,2945,3101,6046
202206,우이신설선,삼양,1130,1168,2298
202206,우이신설선,삼양사거리,1545,1496,3041
202206,우이신설선,성신여대입구,2064,2440,4504
202206,우이신설선,솔밭공원,1432,1376,2808
202206,우이신설선,솔샘,2969,2693,5662
202206,우이신설선,신설동,1133,1161,2294
202206,우이신설선,정릉,2954,2426,5380
202206,우이신설선,화계,2148,1937,4085
202207,우이신설선,4.19민주묘지,2474,2191,4665
202207,우이신설선,가오리,3350,3079,6429
202207,우이신설선,보문,1299,1174,2473
202207,우이신설선,북한산보국문,5019,4354,9373
202207,우이신설선,북한산우이,3898,4327,8225
202207,우이신설선,삼양,1618,1650,3268
202207,우이신설선,삼양사거리,2026,1928,3954
202207,우이신설선,성신여대입구,2971,3444,6415
202207,우이신설선,솔밭공원,1965,1846,3811
202207,우이신설선,솔샘,4182,3740,7922
202207,우이신설선,신설동,1536,1458,2994
202207,우이신설선,정릉,3856,3159,7015
202207,우이신설선,화계,2649,2496,5145
202207,우이신설선,4.19민주묘지,1859,1669,3528
202207,우이신설선,가오리,2512,2395,4907
202207,우이신설선,보문,1133,1049,2182
202207,우이신설선,북한산보국문,3895,3509,7404
202207,우이신설선,북한산우이,3517,3398,6915
202207,우이신설선,삼양,1296,1293,2589
202207,우이신설선,삼양사거리,1587,1586,3173
202207,우이신설선,성신여대입구,2265,2611,4876
202207,우이신설선,솔밭공원,1456,1423,2879
202207,우이신설선,솔샘,2980,2719,5699
202207,우이신설선,신설동,1113,1174,2287
202207,우이신설선,정릉,2801,2390,5191
202207,우이신설선,화계,2159,1987,4146
202207,우이신설선,4.19민주묘지,2605,2304,4909
202207,우이신설선,가오리,3282,3086,6368
202207,우이신설선,보문,1221,1107,2328
202207,우이신설선,북한산보국문,5119,4410,9529
202207,우이신설선,북한산우이,3906,4160,8066
202207,우이신설선,삼양,1645,1567,3212
202207,우이신설선,삼양사거리,2203,2010,4213
202207,우이신설선,성신여대입구,2932,3507,6439
202207,우이신설선,솔밭공원,1920,1809,3729
202207,우이신설선,솔샘,4196,3565,7761
202207,우이신설선,신설동,1420,1445,2865
202207,우이신설선,정릉,3902,3108,7010
202207,우이신설선,화계,2671,2503,5174
202207,우이신설선,4.19민주묘지,1925,1681,3606
202207,우이신설선,가오리,2462,2299,4761
202207,우이신설선,보문,966,1018,1984
202207,우이신설선,북한산보국문,3806,3413,7219
202207,우이신설선,북한산우이,3443,3507,6950
202207,우이신설선,삼양,1092,1188,2280
202207,우이신설선,삼양사거리,1603,1519,3122
202207,우이신설선,성신여대입구,2414,2755,5169
202207,우이신설선,솔밭공원,1495,1482,2977
202207,우이신설선,솔샘,2946,2748,5694
202207,우이신설선,신설동,1148,1153,2301
202207,우이신설선,정릉,2855,2413,5268
202207,우이신설선,화계,2204,2062,4266
202207,우이신설선,4.19민주묘지,2460,2085,4545
202207,우이신설선,가오리,3062,2989,6051
202207,우이신설선,보문,1189,1224,2413
202207,우이신설선,북한산보국문,5065,4293,9358
202207,우이신설선,북한산우이,3508,3984,7492
202207,우이신설선,삼양,1533,1607,3140
202207,우이신설선,삼양사거리,1977,1943,3920
202207,우이신설선,성신여대입구,2815,3285,6100
202207,우이신설선,솔밭공원,1838,1740,3578
202207,우이신설선,솔샘,4019,3681,7700
202207,우이신설선,신설동,1487,1459,2946
202207,우이신설선,정릉,3768,3073,6841
202207,우이신설선,화계,2540,2375,4915
202207,우이신설선,4.19민주묘지,1924,1661,3585
202207,우이신설선,가오리,2460,2329,4789
202207,우이신설선,보문,982,1016,1998
202207,우이신설선,북한산보국문,3843,3471,7314
202207,우이신설선,북한산우이,3303,3326,6629
202207,우이신설선,삼양,1271,1269,2540
202207,우이신설선,삼양사거리,1661,1592,3253
202207,우이신설선,성신여대입구,2295,2607,4902
202207,우이신설선,솔밭공원,1484,1433,2917
202207,우이신설선,솔샘,2915,2735,5650
202207,우이신설선,신설동,1216,1241,2457
202207,우이신설선,정릉,2978,2408,5386
202207,우이신설선,화계,2178,2001,4179
202207,우이신설선,4.19민주묘지,2500,2140,4640
202207,우이신설선,가오리,3085,3017,6102
202207,우이신설선,보문,1183,1199,2382
202207,우이신설선,북한산보국문,4904,4245,9149
202207,우이신설선,북한산우이,3546,3861,7407
202207,우이신설선,삼양,1631,1613,3244
202207,우이신설선,삼양사거리,1915,1942,3857
202207,우이신설선,성신여대입구,2896,3290,6186
202207,우이신설선,솔밭공원,1858,1875,3733
202207,우이신설선,솔샘,3942,3509,7451
202207,우이신설선,신설동,1475,1502,2977
202207,우이신설선,정릉,3661,2972,6633
202207,우이신설선,화계,2592,2337,4929
202207,우이신설선,4.19민주묘지,1822,1614,3436
202207,우이신설선,가오리,2300,2227,4527
202207,우이신설선,보문,932,976,1908
202207,우이신설선,북한산보국문,3717,3300,7017
202207,우이신설선,북한산우이,2924,3116,6040
202207,우이신설선,삼양,1114,1147,2261
202207,우이신설선,삼양사거리,1600,1504,3104
202207,우이신설선,성신여대입구,2218,2644,4862
202207,우이신설선,솔밭공원,1399,1270,2669
202207,우이신설선,솔샘,2955,2696,5651
202207,우이신설선,신설동,1194,1208,2402
202207,우이신설선,정릉,2749,2337,5086
202207,우이신설선,화계,2086,1959,4045
202207,우이신설선,4.19민주묘지,2129,1858,3987
202207,우이신설선,가오리,2825,2642,5467
202207,우이신설선,보문,1097,1093,2190
202207,우이신설선,북한산보국문,4372,3888,8260
202207,우이신설선,북한산우이,3415,3847,7262
202207,우이신설선,삼양,1402,1407,2809
202207,우이신설선,삼양사거리,1765,1773,3538
202207,우이신설선,성신여대입구,2684,3168,5852
202207,우이신설선,솔밭공원,1619,1611,3230
202207,우이신설선,솔샘,3546,3010,6556
202207,우이신설선,신설동,1285,1250,2535
202207,우이신설선,정릉,3210,2504,5714
202207,우이신설선,화계,2289,2058,4347
202207,우이신설선,4.19민주묘지,1587,1456,3043
202207,우이신설선,가오리,2033,2099,4132
202207,우이신설선,보문,900,927,1827
202207,우이신설선,북한산보국문,3250,2958,6208
202207,우이신설선,북한산우이,2793,2798,5591
202207,우이신설선,삼양,1102,1018,2120
202207,우이신설선,삼양사거리,1322,1358,2680
202207,우이신설선,성신여대입구,2152,2320,4472
202207,우이신설선,솔밭공원,1249,1190,2439
202207,우이신설선,솔샘,2550,2360,4910
202207,우이신설선,신설동,948,936,1884
202207,우이신설선,정릉,2466,2140,4606
202207,우이신설선,화계,1835,1707,3542
202208,우이신설선,4.19민주묘지,2219,1994,4213
202208,우이신설선,가오리,2978,2813,5791
202208,우이신설선,보문,1041,1008,2049
202208,우이신설선,북한산보국문,4188,3485,7673
202208,우이신설선,북한산우이,3076,3481,6557
202208,우이신설선,삼양,1460,1419,2879
202208,우이신설선,삼양사거리,1767,1719,3486
202208,우이신설선,성신여대입구,2534,2985,5519
202208,우이신설선,솔밭공원,1763,1703,3466
202208,우이신설선,솔샘,3601,3161,6762
202208,우이신설선,신설동,1289,1271,2560
202208,우이신설선,정릉,3321,2686,6007
202208,우이신설선,화계,2346,2155,4501
202208,우이신설선,4.19민주묘지,1722,1535,3257
202208,우이신설선,가오리,2203,2154,4357
202208,우이신설선,보문,922,945,1867
202208,우이신설선,북한산보국문,3460,3100,6560
202208,우이신설선,북한산우이,2947,2929,5876
202208,우이신설선,삼양,1124,1156,2280
202208,우이신설선,삼양사거리,1473,1420,2893
202208,우이신설선,성신여대입구,2099,2380,4479
202208,우이신설선,솔밭공원,1310,1261,2571
202208,우이신설선,솔샘,2659,2518,5177
202208,우이신설선,신설동,1060,1036,2096
202208,우이신설선,정릉,2598,2232,4830
202208,우이신설선,화계,1958,1811,3769
202208,우이신설선,4.19민주묘지,2080,1807,3887
202208,우이신설선,가오리,2764,2631,5395
202208,우이신설선,보문,1049,1009,2058
202208,우이신설선,북한산보국문,4218,3438,7656
202208,우이신설선,북한산우이,2700,2920,5620
202208,우이신설선,삼양,1411,1348,2759
202208,우이신설선,삼양사거리,1740,1733,3473
202208,우이신설선,성신여대입구,2491,2874,5365
202208,우이신설선,솔밭공원,1584,1443,3027
202208,우이신설선,솔샘,3404,3055,6459
202208,우이신설선,신설동,1201,1151,2352
202208,우이신설선,정릉,3303,2574,5877
202208,우이신설선,화계,2161,1960,4121
202208,우이신설선,4.19민주묘지,1789,1597,3386
202208,우이신설선,가오리,2359,2281,4640
202208,우이신설선,보문,954,940,1894
202208,우이신설선,북한산보국문,3546,3056,6602
202208,우이신설선,북한산우이,2882,3106,5988
202208,우이신설선,삼양,1113,1132,2245
202208,우이신설선,삼양사거리,1529,1409,2938
202208,우이신설선,성신여대입구,2121,2473,4594
202208,우이신설선,솔밭공원,1436,1392,2828
202208,우이신설선,솔샘,2787,2534,5321
202208,우이신설선,신설동,1103,1019,2122
202208,우이신설선,정릉,2563,2131,4694
202208,우이신설선,화계,2036,1958,3994
202208,우이신설선,4.19민주묘지,2329,2080,4409
202208,우이신설선,가오리,3115,2915,6030
202208,우이신설선,보문,1134,1113,2247
202208,우이신설선,북한산보국문,4608,3923,8531
202208,우이신설선,북한산우이,3489,3741,7230
202208,우이신설선,삼양,1612,1595,3207
202208,우이신설선,삼양사거리,1978,1906,3884
202208,우이신설선,성신여대입구,2810,3186,5996
202208,우이신설선,솔밭공원,1848,1697,3545
202208,우이신설선,솔샘,3977,3410,7387
202208,우이신설선,신설동,1451,1429,2880
202208,우이신설선,정릉,3640,2942,6582
202208,우이신설선,화계,2533,2294,4827
202208,우이신설선,4.19민주묘지,2001,1696,3697
202208,우이신설선,가오리,2357,2267,4624
202208,우이신설선,보문,1002,986,1988
202208,우이신설선,북한산보국문,3744,3367,7111
202208,우이신설선,북한산우이,3675,3865,7540
202208,우이신설선,삼양,1264,1291,2555
202208,우이신설선,삼양사거리,1460,1437,2897
202208,우이신설선,성신여대입구,2240,2467,4707
202208,우이신설선,솔밭공원,1429,1387,2816
202208,우이신설선,솔샘,2891,2758,5649
202208,우이신설선,신설동,1232,1190,2422
202208,우이신설선,정릉,2894,2278,5172
202208,우이신설선,화계,2238,1984,4222
202208,우이신설선,4.19민주묘지,2666,2258,4924
202208,우이신설선,가오리,3275,3086,6361
202208,우이신설선,보문,1258,1158,2416
202208,우이신설선,북한산보국문,5090,4356,9446
202208,우이신설선,북한산우이,4630,4816,9446
202208,우이신설선,삼양,1706,1716,3422
202208,우이신설선,삼양사거리,2112,2064,4176
202208,우이신설선,성신여대입구,2980,3416,6396
202208,우이신설선,솔밭공원,2064,1874,3938
202208,우이신설선,솔샘,4115,3650,7765
202208,우이신설선,신설동,1573,1518,3091
202208,우이신설선,정릉,4050,3133,7183
202208,우이신설선,화계,2751,2501,5252
202208,우이신설선,4.19민주묘지,2137,1779,3916
202208,우이신설선,가오리,2452,2390,4842
202208,우이신설선,보문,1051,1076,2127
202208,우이신설선,북한산보국문,4074,3498,7572
202208,우이신설선,북한산우이,3680,3741,7421
202208,우이신설선,삼양,1275,1254,2529
202208,우이신설선,삼양사거리,1644,1569,3213
202208,우이신설선,성신여대입구,2377,2604,4981
202208,우이신설선,솔밭공원,1523,1470,2993
202208,우이신설선,솔샘,3015,2882,5897
202208,우이신설선,신설동,1253,1243,2496
202208,우이신설선,정릉,2924,2427,5351
202208,우이신설선,화계,2329,2211,4540
202209,우이신설선,4.19민주묘지,2746,2266,5012
202209,우이신설선,가오리,3372,3155,6527
202209,우이신설선,보문,1253,1231,2484
202209,우이신설선,북한산보국문,5224,4408,9632
202209,우이신설선,북한산우이,4204,4240,8444
202209,우이신설선,삼양,1671,1769,3440
202209,우이신설선,삼양사거리,2093,2023,4116
202209,우이신설선,성신여대입구,3090,3517,6607
202209,우이신설선,솔밭공원,2126,1934,4060
202209,우이신설선,솔샘,4234,3688,7922
202209,우이신설선,신설동,1556,1567,3123
202209,우이신설선,정릉,4075,3265,7340
202209,우이신설선,화계,2723,2503,5226
202209,우이신설선,4.19민주묘지,1707,1652,3359
202209,우이신설선,가오리,2200,2078,4278
202209,우이신설선,보문,923,977,1900
202209,우이신설선,북한산보국문,3558,3334,6892
202209,우이신설선,북한산우이,2074,2102,4176
202209,우이신설선,삼양,1145,1182,2327
202209,우이신설선,삼양사거리,1491,1407,2898
202209,우이신설선,성신여대입구,2172,2455,4627
202209,우이신설선,솔밭공원,1380,1289,2669
202209,우이신설선,솔샘,2626,2504,5130
202209,우이신설선,신설동,1079,1000,2079
202209,우이신설선,정릉,2638,2210,4848
202209,우이신설선,화계,2036,1852,3888
202209,우이신설선,4.19민주묘지,1561,1338,2899
202209,우이신설선,가오리,2004,1908,3912
202209,우이신설선,보문,758,733,1491
202209,우이신설선,북한산보국문,3101,2757,5858
202209,우이신설선,북한산우이,2957,3053,6010
202209,우이신설선,삼양,1035,1054,2089
202209,우이신설선,삼양사거리,1183,1165,2348
202209,우이신설선,성신여대입구,1431,1678,3109
202209,우이신설선,솔밭공원,1313,1274,2587
202209,우이신설선,솔샘,2445,2209,4654
202209,우이신설선,신설동,749,747,1496
202209,우이신설선,정릉,2180,1783,3963
202209,우이신설선,화계,1722,1620,3342
202209,우이신설선,4.19민주묘지,1788,1454,3242
202209,우이신설선,가오리,2236,2066,4302
202209,우이신설선,보문,829,815,1644
202209,우이신설선,북한산보국문,3484,3146,6630
202209,우이신설선,북한산우이,3483,3428,6911
202209,우이신설선,삼양,1001,1043,2044
202209,우이신설선,삼양사거리,1408,1379,2787
202209,우이신설선,성신여대입구,1826,2339,4165
202209,우이신설선,솔밭공원,1317,1239,2556
202209,우이신설선,솔샘,2720,2468,5188
202209,우이신설선,신설동,1039,1021,2060
202209,우이신설선,정릉,2489,2152,4641
202209,우이신설선,화계,1934,1723,3657
202209,우이신설선,4.19민주묘지,2714,2315,5029
202209,우이신설선,가오리,3224,3003,6227
202209,우이신설선,보문,1252,1235,2487
202209,우이신설선,북한산보국문,5463,4623,10086
202209,우이신설선,북한산우이,3757,4115,7872
202209,우이신설선,삼양,1665,1660,3325
202209,우이신설선,삼양사거리,2125,2019,4144
202209,우이신설선,성신여대입구,2881,3532,6413
202209,우이신설선,솔밭공원,1998,1845,3843
202209,우이신설선,솔샘,4233,3746,7979
202209,우이신설선,신설동,1497,1399,2896
202209,우이신설선,정릉,3970,3211,7181
202209,우이신설선,화계,2817,2516,5333
202209,우이신설선,4.19민주묘지,2143,1818,3961
202209,우이신설선,가오리,2579,2487,5066
202209,우이신설선,보문,1046,1059,2105
202209,우이신설선,북한산보국문,4321,3795,8116
202209,우이신설선,북한산우이,3614,3717,7331
202209,우이신설선,삼양,1340,1351,2691
202209,우이신설선,삼양사거리,1612,1617,3229
202209,우이신설선,성신여대입구,2341,2765,5106
202209,우이신설선,솔밭공원,1625,1535,3160
202209,우이신설선,솔샘,3100,2906,6006
202209,우이신설선,신설동,1286,1296,2582
202209,우이신설선,정릉,3134,2532,5666
202209,우이신설선,화계,2296,2197,4493
202209,우이신설선,4.19민주묘지,3037,2582,5619
202209,우이신설선,가오리,3624,3413,7037
202209,우이신설선,보문,1373,1291,2664
202209,우이신설선,북한산보국문,6003,5388,11391
202209,우이신설선,북한산우이,4594,4726,9320
202209,우이신설선,삼양,1891,1928,3819
202209,우이신설선,삼양사거리,2253,2170,4423
202209,우이신설선,성신여대입구,3146,3665,6811
202209,우이신설선,솔밭공원,2221,2156,4377
202209,우이신설선,솔샘,4515,4103,8618
202209,우이신설선,신설동,1633,1586,3219
202209,우이신설선,정릉,4301,3557,7858
202209,우이신설선,화계,3006,2692,5698
202209,우이신설선,4.19민주묘지,2283,1940,4223
202209,우이신설선,가오리,2600,2507,5107
202209,우이신설선,보문,1057,977,2034
202209,우이신설선,북한산보국문,4577,4222,8799
202209,우이신설선,북한산우이,3859,4045,7904
202209,우이신설선,삼양,1316,1292,2608
202209,우이신설선,삼양사거리,1770,1715,3485
202209,우이신설선,성신여대입구,2382,2661,5043
202209,우이신설선,솔밭공원,1618,1546,3164
202209,우이신설선,솔샘,3355,2990,6345
202209,우이신설선,신설동,1382,1326,2708
202209,우이신설선,정릉,3365,2751,6116
202209,우이신설선,화계,2308,2096,4404
202210,우이신설선,4.19민주묘지,2628,2246,4874
202210,우이신설선,가오리,3343,3074,6417
202210,우이신설선,보문,1246,1193,2439
202210,우이신설선,북한산보국문,5680,4763,10443
202210,우이신설선,북한산우이,4232,4213,8445
202210,우이신설선,삼양,1593,1612,3205
202210,우이신설선,삼양사거리,2145,2065,4210
202210,우이신설선,성신여대입구,2879,3391,6270
202210,우이신설선,솔밭공원,2023,1902,3925
202210,우이신설선,솔샘,4354,3792,8146
202210,우이신설선,신설동,1583,1538,3121
202210,우이신설선,정릉,4123,3304,7427
202210,우이신설선,화계,2778,2500,5278
202210,우이신설선,4.19민주묘지,1944,1771,3715
202210,우이신설선,가오리,2470,2324,4794
202210,우이신설선,보문,1097,1084,2181
202210,우이신설선,북한산보국문,4269,3707,7976
202210,우이신설선,북한산우이,3708,3849,7557
202210,우이신설선,삼양,1297,1314,2611
202210,우이신설선,삼양사거리,1708,1646,3354
202210,우이신설선,성신여대입구,2346,2745,5091
202210,우이신설선,솔밭공원,1606,1455,3061
202210,우이신설선,솔샘,3106,2943,6049
202210,우이신설선,신설동,1233,1181,2414
202210,우이신설선,정릉,3076,2503,5579
202210,우이신설선,화계,2188,2099,4287
202210,우이신설선,4.19민주묘지,2820,2511,5331
202210,우이신설선,가오리,3631,3208,6839
202210,우이신설선,보문,1313,1266,2579
202210,우이신설선,북한산보국문,5840,4891,10731
202210,우이신설선,북한산우이,4415,4499,8914
202210,우이신설선,삼양,1745,1772,3517
202210,우이신설선,삼양사거리,2254,2199,4453
202210,우이신설선,성신여대입구,2905,3581,6486
202210,우이신설선,솔밭공원,2220,1977,4197
202210,우이신설선,솔샘,4687,4154,8841
202210,우이신설선,신설동,1667,1590,3257
202210,우이신설선,정릉,4460,3396,7856
202210,우이신설선,화계,2967,2691,5658
202210,우이신설선,4.19민주묘지,1719,1593,3312
202210,우이신설선,가오리,2217,2080,4297
202210,우이신설선,보문,936,935,1871
202210,우이신설선,북한산보국문,3817,3376,7193
202210,우이신설선,북한산우이,2599,2515,5114
202210,우이신설선,삼양,1108,1125,2233
202210,우이신설선,삼양사거리,1444,1361,2805
202210,우이신설선,성신여대입구,2127,2684,4811
202210,우이신설선,솔밭공원,1305,1238,2543
202210,우이신설선,솔샘,2817,2610,5427
202210,우이신설선,신설동,940,930,1870
202210,우이신설선,정릉,2925,2418,5343
202210,우이신설선,화계,2043,1878,3921
202210,우이신설선,4.19민주묘지,3286,2617,5903
202210,우이신설선,가오리,3508,3284,6792
202210,우이신설선,보문,1330,1354,2684
202210,우이신설선,북한산보국문,5781,4812,10593
202210,우이신설선,북한산우이,4488,4505,8993
202210,우이신설선,삼양,1687,1704,3391
202210,우이신설선,삼양사거리,2245,2163,4408
202210,우이신설선,성신여대입구,2989,3568,6557
202210,우이신설선,솔밭공원,2216,2037,4253
202210,우이신설선,솔샘,4455,3953,8408
202210,우이신설선,신설동,1651,1643,3294
202210,우이신설선,정릉,4220,3421,7641
202210,우이신설선,화계,2798,2577,5375
202210,우이신설선,4.19민주묘지,2293,1968,4261
202210,우이신설선,가오리,2557,2429,4986
202210,우이신설선,보문,1049,989,2038
202210,우이신설선,북한산보국문,4356,3947,8303
202210,우이신설선,북한산우이,4022,3864,7886
202210,우이신설선,삼양,1285,1323,2608
202210,우이신설선,삼양사거리,1649,1564,3213
202210,우이신설선,성신여대입구,2275,2691,4966
202210,우이신설선,솔밭공원,1555,1431,2986
202210,우이신설선,솔샘,3282,2976,6258
202210,우이신설선,신설동,1401,1387,2788
202210,우이신설선,정릉,3355,2703,6058
202210,우이신설선,화계,2317,2169,4486
202210,우이신설선,4.19민주묘지,2844,2593,5437
202210,우이신설선,가오리,3648,3331,6979
202210,우이신설선,보문,1256,1345,2601
202210,우이신설선,북한산보국문,5835,5047,10882
202210,우이신설선,북한산우이,5462,5260,10722
202210,우이신설선,삼양,1721,1823,3544
202210,우이신설선,삼양사거리,2253,2182,4435
202210,우이신설선,성신여대입구,2988,3685,6673
202210,우이신설선,솔밭공원,2128,2041,4169
202210,우이신설선,솔샘,4523,4040,8563
202210,우이신설선,신설동,1692,1663,3355
202210,우이신설선,정릉,4641,3685,8326
202210,우이신설선,화계,2884,2596,5480
202210,우이신설선,4.19민주묘지,2268,1967,4235
202210,우이신설선,가오리,2599,2397,4996
202210,우이신설선,보문,1096,1087,2183
202210,우이신설선,북한산보국문,4241,3980,8221
202210,우이신설선,북한산우이,4805,4861,9666
202210,우이신설선,삼양,1279,1239,2518
202210,우이신설선,삼양사거리,1742,1689,3431
202210,우이신설선,성신여대입구,2402,2732,5134
202210,우이신설선,솔밭공원,1595,1538,3133
202210,우이신설선,솔샘,3312,3151,6463
202210,우이신설선,신설동,1429,1330,2759
202210,우이신설선,정릉,3415,2783,6198
202210,우이신설선,화계,2355,2165,4520
202210,우이신설선,4.19민주묘지,3548,3260,6808
202210,우이신설선,가오리,3621,3297,6918
202210,우이신설선,보문,1338,1367,2705
202210,우이신설선,북한산보국문,6098,5057,11155
202210,우이신설선,북한산우이,6326,6333,12659
202210,우이신설선,삼양,1772,1807,3579
202210,우이신설선,삼양사거리,2319,2177,4496
202210,우이신설선,성신여대입구,3519,4119,7638
202210,우이신설선,솔밭공원,2171,1962,4133
202210,우이신설선,솔샘,4802,4206,9008
202210,우이신설선,신설동,1730,1788,3518
202210,우이신설선,정릉,4700,3799,8499
202210,우이신설선,화계,3055,2741,5796
202210,우이신설선,4.19민주묘지,2282,1998,4280
202210,우이신설선,가오리,2661,2406,5067
202210,우이신설선,보문,1146,1113,2259
202210,우이신설선,북한산보국문,4745,4382,9127
202210,우이신설선,북한산우이,5425,5329,10754
202210,우이신설선,삼양,1345,1363,2708
202210,우이신설선,삼양사거리,1698,1603,3301
202210,우이신설선,성신여대입구,2445,2794,5239
202210,우이신설선,솔밭공원,1630,1603,3233
202210,우이신설선,솔샘,3267,3100,6367
202210,우이신설선,신설동,1404,1318,2722
202210,우이신설선,정릉,3493,2810,6303
202210,우이신설선,화계,2521,2363,4884
202211,우이신설선,4.19민주묘지,2647,2382,5029
202211,우이신설선,가오리,3405,3160,6565
202211,우이신설선,보문,1320,1306,2626
202211,우이신설선,북한산보국문,5707,4778,10485
202211,우이신설선,북한산우이,5120,5118,10238
202211,우이신설선,삼양,1553,1638,3191
202211,우이신설선,삼양사거리,2036,2085,4121
202211,우이신설선,성신여대입구,3126,3689,6815
202211,우이신설선,솔밭공원,2246,2064,4310
202211,우이신설선,솔샘,4322,3830,8152
202211,우이신설선,신설동,1595,1586,3181
202211,우이신설선,정릉,4218,3378,7596
202211,우이신설선,화계,2795,2507,5302
202211,우이신설선,4.19민주묘지,2260,1986,4246
202211,우이신설선,가오리,2653,2452,5105
202211,우이신설선,보문,1162,1107,2269
202211,우이신설선,북한산보국문,4449,4055,8504
202211,우이신설선,북한산우이,4722,4639,9361
202211,우이신설선,삼양,1378,1362,2740
202211,우이신설선,삼양사거리,1674,1659,3333
202211,우이신설선,성신여대입구,2377,2807,5184
202211,우이신설선,솔밭공원,1868,1732,3600
202211,우이신설선,솔샘,3259,2991,6250
202211,우이신설선,신설동,1430,1415,2845
202211,우이신설선,정릉,3185,2725,5910
202211,우이신설선,화계,2335,2209,4544
202211,우이신설선,4.19민주묘지,2529,2264,4793
202211,우이신설선,가오리,3219,3007,6226
202211,우이신설선,보문,1306,1349,2655
202211,우이신설선,북한산보국문,5217,4799,10016
202211,우이신설선,북한산우이,3732,4017,7749
202211,우이신설선,삼양,1534,1600,3134
202211,우이신설선,삼양사거리,2124,2120,4244
202211,우이신설선,성신여대입구,3071,3430,6501
202211,우이신설선,솔밭공원,1990,1900,3890
202211,우이신설선,솔샘,4015,3701,7716
202211,우이신설선,신설동,1468,1525,2993
202211,우이신설선,정릉,3991,3412,7403
202211,우이신설선,화계,2659,2437,5096
202211,우이신설선,4.19민주묘지,2093,1811,3904
202211,우이신설선,가오리,2370,2269,4639
202211,우이신설선,보문,1031,1069,2100
202211,우이신설선,북한산보국문,4157,3685,7842
202211,우이신설선,북한산우이,3394,3413,6807
202211,우이신설선,삼양,1182,1150,2332
202211,우이신설선,삼양사거리,1572,1519,3091
202211,우이신설선,성신여대입구,2273,2657,4930
202211,우이신설선,솔밭공원,1383,1369,2752
202211,우이신설선,솔샘,2904,2709,5613
202211,우이신설선,신설동,1254,1156,2410
202211,우이신설선,정릉,3060,2568,5628
202211,우이신설선,화계,2233,2056,4289
202211,우이신설선,4.19민주묘지,2610,2341,4951
202211,우이신설선,가오리,3274,3087,6361
202211,우이신설선,보문,1276,1277,2553
202211,우이신설선,북한산보국문,5649,4733,10382
202211,우이신설선,북한산우이,4065,4270,8335
202211,우이신설선,삼양,1616,1687,3303
202211,우이신설선,삼양사거리,2037,2052,4089
202211,우이신설선,성신여대입구,3052,3544,6596
202211,우이신설선,솔밭공원,2076,1820,3896
202211,우이신설선,솔샘,4393,3794,8187
202211,우이신설선,신설동,1631,1582,3213
202211,우이신설선,정릉,4065,3402,7467
202211,우이신설선,화계,2625,2456,5081
202211,우이신설선,4.19민주묘지,2303,2038,4341
202211,우이신설선,가오리,2623,2492,5115
202211,우이신설선,보문,1093,1080,2173
202211,우이신설선,북한산보국문,4230,3814,8044
202211,우이신설선,북한산우이,3808,3567,7375
202211,우이신설선,삼양,1298,1306,2604
202211,우이신설선,삼양사거리,1610,1620,3230
202211,우이신설선,성신여대입구,2257,2600,4857
202211,우이신설선,솔밭공원,1627,1542,3169
202211,우이신설선,솔샘,3258,2969,6227
202211,우이신설선,신설동,1398,1357,2755
202211,우이신설선,정릉,3235,2684,5919
202211,우이신설선,화계,2339,2206,4545
202211,우이신설선,4.19민주묘지,2580,2278,4858
202211,우이신설선,가오리,3275,3069,6344
202211,우이신설선,보문,1228,1256,2484
202211,우이신설선,북한산보국문,5459,4712,10171
202211,우이신설선,북한산우이,3768,3844,7612
202211,우이신설선,삼양,1504,1599,3103
202211,우이신설선,삼양사거리,1975,1973,3948
202211,우이신설선,성신여대입구,3014,3489,6503
202211,우이신설선,솔밭공원,1966,1861,3827
202211,우이신설선,솔샘,4238,3713,7951
202211,우이신설선,신설동,1556,1537,3093
202211,우이신설선,정릉,4125,3398,7523
202211,우이신설선,화계,2735,2538,5273
202211,우이신설선,4.19민주묘지,3755,3123,6878
202211,우이신설선,가오리,2447,2314,4761
202211,우이신설선,보문,1058,1049,2107
202211,우이신설선,북한산보국문,4138,3769,7907
202211,우이신설선,북한산우이,3310,3270,6580
202211,우이신설선,삼양,1222,1201,2423
202211,우이신설선,삼양사거리,1590,1585,3175
202211,우이신설선,성신여대입구,2204,2636,4840
202211,우이신설선,솔밭공원,1649,1468,3117
202211,우이신설선,솔샘,3101,2819,5920
202211,우이신설선,신설동,1274,1238,2512
202211,우이신설선,정릉,3145,2597,5742
202211,우이신설선,화계,2234,2107,4341
202212,우이신설선,4.19민주묘지,2245,2108,4353
202212,우이신설선,가오리,3074,2887,5961
202212,우이신설선,보문,1256,1195,2451
202212,우이신설선,북한산보국문,5190,4355,9545
202212,우이신설선,북한산우이,2979,2921,5900
202212,우이신설선,삼양,1439,1496,2935
202212,우이신설선,삼양사거리,1867,1865,3732
202212,우이신설선,성신여대입구,2779,3292,6071
202212,우이신설선,솔밭공원,1952,1788,3740
202212,우이신설선,솔샘,4107,3644,7751
202212,우이신설선,신설동,1485,1457,2942
202212,우이신설선,정릉,3845,3125,6970
202212,우이신설선,화계,2564,2329,4893
202212,우이신설선,4.19민주묘지,1793,1660,3453
202212,우이신설선,가오리,2441,2319,4760
202212,우이신설선,보문,999,1020,2019
202212,우이신설선,북한산보국문,3912,3574,7486
202212,우이신설선,북한산우이,2912,2868,5780
202212,우이신설선,삼양,1220,1252,2472
202212,우이신설선,삼양사거리,1516,1496,3012
202212,우이신설선,성신여대입구,2085,2430,4515
202212,우이신설선,솔밭공원,1422,1360,2782
202212,우이신설선,솔샘,2952,2656,5608
202212,우이신설선,신설동,1285,1239,2524
202212,우이신설선,정릉,2915,2482,5397
202212,우이신설선,화계,2119,2000,4119
202212,우이신설선,4.19민주묘지,2572,2215,4787
202212,우이신설선,가오리,3299,3095,6394
202212,우이신설선,보문,1241,1271,2512
202212,우이신설선,북한산보국문,5572,4808,10380
202212,우이신설선,북한산우이,3365,3707,7072
202212,우이신설선,삼양,1602,1595,3197
202212,우이신설선,삼양사거리,2019,2023,4042
202212,우이신설선,성신여대입구,2860,3332,6192
202212,우이신설선,솔밭공원,1956,1761,3717
202212,우이신설선,솔샘,4477,3885,8362
202212,우이신설선,신설동,1604,1557,3161
202212,우이신설선,정릉,4125,3315,7440
202212,우이신설선,화계,2783,2518,5301
202212,우이신설선,4.19민주묘지,2006,1845,3851
202212,우이신설선,가오리,2592,2494,5086
202212,우이신설선,보문,1042,1010,2052
202212,우이신설선,북한산보국문,4210,3588,7798
202212,우이신설선,북한산우이,3314,3438,6752
202212,우이신설선,삼양,1241,1255,2496
202212,우이신설선,삼양사거리,1680,1643,3323
202212,우이신설선,성신여대입구,2209,2498,4707
202212,우이신설선,솔밭공원,1591,1413,3004
202212,우이신설선,솔샘,3120,2988,6108
202212,우이신설선,신설동,1316,1338,2654
202212,우이신설선,정릉,3091,2618,5709
202212,우이신설선,화계,2424,2207,4631
202212,우이신설선,4.19민주묘지,2366,2186,4552
202212,우이신설선,가오리,3287,3085,6372
202212,우이신설선,보문,1324,1386,2710
202212,우이신설선,북한산보국문,5440,4716,10156
202212,우이신설선,북한산우이,3080,3123,6203
202212,우이신설선,삼양,1521,1614,3135
202212,우이신설선,삼양사거리,1987,1965,3952
202212,우이신설선,성신여대입구,3091,3671,6762
202212,우이신설선,솔밭공원,1936,1771,3707
202212,우이신설선,솔샘,4465,3795,8260
202212,우이신설선,신설동,1466,1420,2886
202212,우이신설선,정릉,4025,3432,7457
202212,우이신설선,화계,2619,2420,5039
202212,우이신설선,4.19민주묘지,1638,1586,3224
202212,우이신설선,가오리,2319,2136,4455
202212,우이신설선,보문,1040,1045,2085
202212,우이신설선,북한산보국문,4004,3494,7498
202212,우이신설선,북한산우이,2616,2546,5162
202212,우이신설선,삼양,1159,1166,2325
202212,우이신설선,삼양사거리,1491,1448,2939
202212,우이신설선,성신여대입구,2272,2628,4900
202212,우이신설선,솔밭공원,1381,1232,2613
202212,우이신설선,솔샘,2939,2727,5666
202212,우이신설선,신설동,1065,1092,2157
202212,우이신설선,정릉,3007,2518,5525
202212,우이신설선,화계,2036,1868,3904
202212,우이신설선,4.19민주묘지,2099,1822,3921
202212,우이신설선,가오리,2950,2635,5585
202212,우이신설선,보문,1237,1219,2456
202212,우이신설선,북한산보국문,4928,4147,9075
202212,우이신설선,북한산우이,2308,2234,4542
202212,우이신설선,삼양,1444,1469,2913
202212,우이신설선,삼양사거리,1840,1819,3659
202212,우이신설선,성신여대입구,3002,3566,6568
202212,우이신설선,솔밭공원,1787,1560,3347
202212,우이신설선,솔샘,3889,3318,7207
202212,우이신설선,신설동,1351,1321,2672
202212,우이신설선,정릉,3488,3007,6495
202212,우이신설선,화계,2441,2167,4608
202212,우이신설선,4.19민주묘지,1774,1651,3425
202212,우이신설선,가오리,2430,2270,4700
202212,우이신설선,보문,1078,1044,2122
202212,우이신설선,북한산보국문,4122,3578,7700
202212,우이신설선,북한산우이,2986,2865,5851
202212,우이신설선,삼양,1156,1190,2346
202212,우이신설선,삼양사거리,1563,1495,3058
202212,우이신설선,성신여대입구,2609,3023,5632
202212,우이신설선,솔밭공원,1428,1299,2727
202212,우이신설선,솔샘,3136,2888,6024
202212,우이신설선,신설동,1171,1131,2302
202212,우이신설선,정릉,3029,2478,5507
202212,우이신설선,화계,2112,1929,4041
202212,우이신설선,4.19민주묘지,2116,1872,3988
202212,우이신설선,가오리,2837,2584,5421
202212,우이신설선,보문,1184,1102,2286
202212,우이신설선,북한산보국문,4614,3876,8490
202212,우이신설선,북한산우이,2694,2653,5347
202212,우이신설선,삼양,1452,1480,2932
202212,우이신설선,삼양사거리,1789,1796,3585
202212,우이신설선,성신여대입구,2787,3337,6124
202212,우이신설선,솔밭공원,1848,1544,3392
202212,우이신설선,솔샘,3705,3200,6905
202212,우이신설선,신설동,1383,1366,2749
202212,우이신설선,정릉,3468,2873,6341
202212,우이신설선,화계,2414,2195,4609
