사용월,호선명,지하철역,승차총승객수,하차총승객수,승하차총승객수
202201,3호선,가락시장,8321,8076,16397
202201,3호선,경복궁,16419,15972,32391
202201,3호선,경찰병원,7282,7317,14599
202201,3호선,고속터미널,36229,32417,68646
202201,3호선,교대,12547,8436,20983
202201,3호선,구파발,19344,18110,37454
202201,3호선,금호,7360,7170,14530
202201,3호선,남부터미널,27313,27445,54758
202201,3호선,녹번,14572,13505,28077
202201,3호선,대청,9616,8967,18583
202201,3호선,대치,10850,10899,21749
202201,3호선,도곡,5047,5159,10206
202201,3호선,독립문,5953,6082,12035
202201,3호선,동대입구,6386,6633,13019
202201,3호선,매봉,12152,11515,23667
202201,3호선,무악재,3678,3688,7366
202201,3호선,불광,14902,16011,30913
202201,3호선,수서,15959,16024,31983
202201,3호선,신사,29336,30626,59962
202201,3호선,안국,18116,18408,36524
202201,3호선,압구정,30696,32344,63040
202201,3호선,약수,11727,11471,23198
202201,3호선,양재,36102,39356,75458
202201,3호선,연신내,33671,32141,65812
202201,3호선,오금,6035,5392,11427
202201,3호선,옥수,8102,8512,16614
202201,3호선,을지로3가,9984,10299,20283
202201,3호선,일원,9448,9367,18815
202201,3호선,잠원,4481,4348,8829
202201,3호선,종로3가,8970,10182,19152
202201,3호선,지축,4239,4229,8468
202201,3호선,학여울,1636,1642,3278
202201,3호선,홍제,15647,14989,30636
202201,3호선,가락시장,8659,8588,17247
202201,3호선,경복궁,17756,17304,35060
202201,3호선,경찰병원,7324,7285,14609
202201,3호선,고속터미널,35692,33353,69045
202201,3호선,교대,13342,8797,22139
202201,3호선,구파발,19761,18770,38531
202201,3호선,금호,7606,7250,14856
202201,3호선,남부터미널,27816,28269,56085
202201,3호선,녹번,14996,13936,28932
202201,3호선,대청,9731,9242,18973
202201,3호선,대치,11432,11338,22770
202201,3호선,도곡,5222,5245,10467
202201,3호선,독립문,6189,6407,12596
202201,3호선,동대입구,6644,7006,13650
202201,3호선,매봉,12520,11954,24474
202201,3호선,무악재,3850,3915,7765
202201,3호선,불광,15419,16307,31726
202201,3호선,수서,15700,16119,31819
202201,3호선,신사,30788,31986,62774
202201,3호선,안국,18508,18906,37414
202201,3호선,압구정,32092,34065,66157
202201,3호선,약수,12317,11983,24300
202201,3호선,양재,38106,40874,78980
202201,3호선,연신내,34529,32971,67500
202201,3호선,오금,6178,5564,11742
202201,3호선,옥수,8301,8817,17118
202201,3호선,을지로3가,10394,10496,20890
202201,3호선,일원,9869,9655,19524
202201,3호선,잠원,4653,4531,9184
202201,3호선,종로3가,9529,10847,20376
202201,3호선,지축,4430,4380,8810
202201,3호선,충무로,1,0,1
202201,3호선,학여울,1664,1764,3428
202201,3호선,홍제,16120,15273,31393
202201,3호선,가락시장,8693,8459,17152
202201,3호선,경복궁,18369,17745,36114
202201,3호선,경찰병원,7544,7585,15129
202201,3호선,고속터미널,36547,34559,71106
202201,3호선,교대,13423,8929,22352
202201,3호선,구파발,19685,18774,38459
202201,3호선,금호,7601,7301,14902
202201,3호선,남부터미널,27735,28321,56056
202201,3호선,녹번,15124,13844,28968
202201,3호선,대청,9830,9155,18985
202201,3호선,대치,11086,11105,22191
202201,3호선,도곡,5184,5307,10491
202201,3호선,독립문,6160,6354,12514
202201,3호선,동대입구,6676,6914,13590
202201,3호선,매봉,12512,11952,24464
202201,3호선,무악재,3711,3770,7481
202201,3호선,불광,15412,16556,31968
202201,3호선,수서,15578,15935,31513
202201,3호선,신사,30479,31702,62181
202201,3호선,안국,18790,19178,37968
202201,3호선,압구정,32478,34335,66813
202201,3호선,약수,12313,11967,24280
202201,3호선,양재,38153,40985,79138
202201,3호선,연신내,34944,33338,68282
202201,3호선,오금,6087,5366,11453
202201,3호선,옥수,8424,8781,17205
202201,3호선,을지로3가,10395,10601,20996
202201,3호선,일원,9838,9638,19476
202201,3호선,잠원,4705,4693,9398
202201,3호선,종로3가,9964,11197,21161
202201,3호선,지축,4448,4357,8805
202201,3호선,충무로,1,0,1
202201,3호선,학여울,1662,1731,3393
202201,3호선,홍제,16300,15518,31818
202201,3호선,가락시장,8922,8503,17425
202201,3호선,경복궁,18675,18368,37043
202201,3호선,경찰병원,7226,7419,14645
202201,3호선,고속터미널,37030,35434,72464
202201,3호선,교대,13835,9114,22949
202201,3호선,구파발,19903,18925,38828
202201,3호선,금호,7756,7492,15248
202201,3호선,남부터미널,27999,28525,56524
202201,3호선,녹번,15192,13963,29155
202201,3호선,대청,9964,9375,19339
202201,3호선,대치,11531,11403,22934
202201,3호선,도곡,5198,5325,10523
202201,3호선,독립문,6342,6450,12792
202201,3호선,동대입구,7116,7338,14454
202201,3호선,매봉,12738,12291,25029
202201,3호선,무악재,3743,3853,7596
202201,3호선,불광,15651,16747,32398
202201,3호선,수서,16288,16714,33002
202201,3호선,신사,31647,32750,64397
202201,3호선,안국,18543,19211,37754
202201,3호선,압구정,32248,34101,66349
202201,3호선,약수,12450,12059,24509
202201,3호선,양재,38112,41435,79547
202201,3호선,연신내,34942,33309,68251
202201,3호선,오금,6151,5569,11720
202201,3호선,옥수,8620,9031,17651
202201,3호선,을지로3가,10514,10701,21215
202201,3호선,일원,10293,10055,20348
202201,3호선,잠원,4566,4469,9035
202201,3호선,종로3가,9974,11284,21258
202201,3호선,지축,4470,4324,8794
202201,3호선,학여울,1754,1818,3572
202201,3호선,홍제,16423,15658,32081
202201,3호선,가락시장,9387,9096,18483
202201,3호선,경복궁,19074,18615,37689
202201,3호선,경찰병원,7511,7470,14981
202201,3호선,고속터미널,42206,43483,85689
202201,3호선,교대,14159,9179,23338
202201,3호선,구파발,20015,18906,38921
202201,3호선,금호,8099,7577,15676
202201,3호선,남부터미널,30652,30817,61469
202201,3호선,녹번,15367,13920,29287
202201,3호선,대청,9847,9111,18958
202201,3호선,대치,11811,11788,23599
202201,3호선,도곡,5371,5450,10821
202201,3호선,독립문,6565,6651,13216
202201,3호선,동대입구,7153,7479,14632
202201,3호선,매봉,12896,12260,25156
202201,3호선,무악재,3857,3843,7700
202201,3호선,불광,15761,17028,32789
202201,3호선,수서,17979,18097,36076
202201,3호선,신사,33826,35149,68975
202201,3호선,안국,18847,19380,38227
202201,3호선,압구정,35125,37298,72423
202201,3호선,약수,12965,12444,25409
202201,3호선,양재,40154,42237,82391
202201,3호선,연신내,36026,34196,70222
202201,3호선,오금,6263,5581,11844
202201,3호선,옥수,9009,9302,18311
202201,3호선,을지로3가,10482,10954,21436
202201,3호선,일원,9887,9397,19284
202201,3호선,잠원,4698,4566,9264
202201,3호선,종로3가,10296,11907,22203
202201,3호선,지축,4360,4197,8557
202201,3호선,충무로,1,0,1
202201,3호선,학여울,1757,1768,3525
202201,3호선,홍제,16792,16055,32847
202201,3호선,가락시장,8878,8659,17537
202201,3호선,경복궁,17897,17542,35439
202201,3호선,경찰병원,7425,7562,14987
202201,3호선,고속터미널,36650,34476,71126
202201,3호선,교대,13937,9100,23037
202201,3호선,구파발,20115,18891,39006
202201,3호선,금호,7655,7319,14974
202201,3호선,남부터미널,28230,28749,56979
202201,3호선,녹번,14962,13855,28817
202201,3호선,대청,9733,9358,19091
202201,3호선,대치,11559,11336,22895
202201,3호선,도곡,5216,5351,10567
202201,3호선,독립문,6256,6473,12729
202201,3호선,동대입구,6678,6842,13520
202201,3호선,매봉,12575,12067,24642
202201,3호선,무악재,3685,3870,7555
202201,3호선,불광,15380,16450,31830
202201,3호선,수서,16372,17016,33388
202201,3호선,신사,31412,32526,63938
202201,3호선,안국,18375,18721,37096
202201,3호선,압구정,31950,33776,65726
202201,3호선,약수,12167,12005,24172
202201,3호선,양재,38083,41211,79294
202201,3호선,연신내,34816,33286,68102
202201,3호선,오금,6128,5472,11600
202201,3호선,옥수,8245,8920,17165
202201,3호선,을지로3가,10439,10565,21004
202201,3호선,일원,9804,9618,19422
202201,3호선,잠원,4591,4492,9083
202201,3호선,종로3가,10005,11436,21441
202201,3호선,지축,4435,4330,8765
202201,3호선,충무로,1,0,1
202201,3호선,학여울,1694,1736,3430
202201,3호선,홍제,16232,15708,31940
202201,3호선,가락시장,8901,8692,17593
202201,3호선,경복궁,18586,17962,36548
202201,3호선,경찰병원,7560,7511,15071
202201,3호선,고속터미널,36778,34875,71653
202201,3호선,교대,14448,9302,23750
202201,3호선,구파발,19929,18938,38867
202201,3호선,금호,7638,7361,14999
202201,3호선,남부터미널,28780,29470,58250
202201,3호선,녹번,15143,14026,29169
202201,3호선,대청,9805,9277,19082
202201,3호선,대치,11681,11836,23517
202201,3호선,도곡,5260,5340,10600
202201,3호선,독립문,6143,6349,12492
202201,3호선,동대입구,6835,7128,13963
202201,3호선,매봉,12853,12432,25285
202201,3호선,무악재,3757,3751,7508
202201,3호선,불광,15380,16375,31755
202201,3호선,수서,16420,16832,33252
202201,3호선,신사,32493,33426,65919
202201,3호선,안국,18988,19406,38394
202201,3호선,압구정,33138,35149,68287
202201,3호선,약수,12440,12046,24486
202201,3호선,양재,39261,42362,81623
202201,3호선,연신내,34794,32918,67712
202201,3호선,오금,6131,5525,11656
202201,3호선,옥수,8480,8975,17455
202201,3호선,을지로3가,10892,10879,21771
202201,3호선,일원,9841,9536,19377
202201,3호선,잠원,4600,4526,9126
202201,3호선,종로3가,10302,11363,21665
202201,3호선,지축,4338,4254,8592
202201,3호선,충무로,1,0,1
202201,3호선,학여울,1659,1690,3349
202201,3호선,홍제,16241,15774,32015
202201,3호선,가락시장,8591,8440,17031
202201,3호선,경복궁,18524,18089,36613
202201,3호선,경찰병원,7513,7667,15180
202201,3호선,고속터미널,36363,34880,71243
202201,3호선,교대,14343,9268,23611
202201,3호선,구파발,19602,18643,38245
202201,3호선,금호,7697,7370,15067
202201,3호선,남부터미널,28486,28955,57441
202201,3호선,녹번,15015,13818,28833
202201,3호선,대청,9772,9217,18989
202201,3호선,대치,11164,11194,22358
202201,3호선,도곡,5264,5340,10604
202201,3호선,독립문,6100,6423,12523
202201,3호선,동대입구,7273,7584,14857
202201,3호선,매봉,12661,12097,24758
202201,3호선,무악재,3783,3805,7588
202201,3호선,불광,15241,16025,31266
202201,3호선,수서,16175,16474,32649
202201,3호선,신사,31422,32147,63569
202201,3호선,안국,19174,19623,38797
202201,3호선,압구정,32508,34545,67053
202201,3호선,약수,12230,11926,24156
202201,3호선,양재,39110,41847,80957
202201,3호선,연신내,34175,32797,66972
202201,3호선,오금,6064,5477,11541
202201,3호선,옥수,8402,8896,17298
202201,3호선,을지로3가,10752,10942,21694
202201,3호선,일원,9749,9533,19282
202201,3호선,잠원,4474,4477,8951
202201,3호선,종로3가,10047,11314,21361
202201,3호선,지축,4246,4168,8414
202201,3호선,학여울,1693,1780,3473
202201,3호선,홍제,16038,15389,31427
202201,3호선,가락시장,8797,8623,17420
202201,3호선,경복궁,18953,18378,37331
202201,3호선,경찰병원,7442,7426,14868
202201,3호선,고속터미널,37660,36306,73966
202201,3호선,교대,14587,9390,23977
202201,3호선,구파발,19701,18719,38420
202201,3호선,금호,7793,7377,15170
202201,3호선,남부터미널,28784,29298,58082
202201,3호선,녹번,15197,13936,29133
202201,3호선,대청,9696,9033,18729
202201,3호선,대치,11442,11485,22927
202201,3호선,도곡,5211,5422,10633
202201,3호선,독립문,6223,6437,12660
202201,3호선,동대입구,6913,7249,14162
202201,3호선,매봉,12966,12409,25375
202201,3호선,무악재,3760,3837,7597
202201,3호선,불광,15284,16248,31532
202201,3호선,수서,16589,16890,33479
202201,3호선,신사,32050,33023,65073
202201,3호선,안국,19156,19745,38901
202201,3호선,압구정,32035,34330,66365
202201,3호선,약수,12401,12102,24503
202201,3호선,양재,38961,42414,81375
202201,3호선,연신내,34371,32721,67092
202201,3호선,오금,6132,5503,11635
202201,3호선,옥수,8441,8825,17266
202201,3호선,을지로3가,10665,10826,21491
202201,3호선,일원,9883,9613,19496
202201,3호선,잠원,4569,4461,9030
202201,3호선,종로3가,10215,11367,21582
202201,3호선,지축,4159,4131,8290
202201,3호선,학여울,1701,1732,3433
202201,3호선,홍제,16252,15720,31972
202201,3호선,가락시장,9243,9046,18289
202201,3호선,경복궁,19021,18500,37521
202201,3호선,경찰병원,7356,7442,14798
202201,3호선,고속터미널,43375,44994,88369
202201,3호선,교대,14581,9258,23839
202201,3호선,구파발,20001,18855,38856
202201,3호선,금호,7987,7539,15526
202201,3호선,남부터미널,30531,30889,61420
202201,3호선,녹번,15283,13864,29147
202201,3호선,대청,9710,9170,18880
202201,3호선,대치,12021,11893,23914
202201,3호선,도곡,5228,5408,10636
202201,3호선,독립문,6428,6407,12835
202201,3호선,동대입구,7108,7303,14411
202201,3호선,매봉,12804,12233,25037
202201,3호선,무악재,3814,3815,7629
202201,3호선,불광,15615,16411,32026
202201,3호선,수서,18106,18351,36457
202201,3호선,신사,34064,35278,69342
202201,3호선,안국,18983,19736,38719
202201,3호선,압구정,34764,37130,71894
202201,3호선,약수,12802,12357,25159
202201,3호선,양재,40915,42808,83723
202201,3호선,연신내,35360,33804,69164
202201,3호선,오금,6316,5448,11764
202201,3호선,옥수,8902,9178,18080
202201,3호선,을지로3가,10976,11099,22075
202201,3호선,일원,9929,9360,19289
202201,3호선,잠원,4914,4696,9610
202201,3호선,종로3가,10345,11880,22225
202201,3호선,지축,4217,4179,8396
202201,3호선,충무로,1,0,1
202201,3호선,학여울,2809,2908,5717
202201,3호선,홍제,16720,16097,32817
202201,3호선,가락시장,8921,8585,17506
202201,3호선,경복궁,18213,17784,35997
202201,3호선,경찰병원,7634,7723,15357
202201,3호선,고속터미널,36629,34942,71571
202201,3호선,교대,14311,9203,23514
202201,3호선,구파발,19901,18791,38692
202201,3호선,금호,7668,7485,15153
202201,3호선,남부터미널,28977,28987,57964
202201,3호선,녹번,15031,13926,28957
202201,3호선,대청,9865,9367,19232
202201,3호선,대치,11597,11644,23241
202201,3호선,도곡,5377,5491,10868
202201,3호선,독립문,6342,6433,12775
202201,3호선,동대입구,6776,7029,13805
202201,3호선,매봉,12783,12151,24934
202201,3호선,무악재,3767,3865,7632
202201,3호선,불광,15364,16549,31913
202201,3호선,수서,16582,17264,33846
202201,3호선,신사,32298,32863,65161
202201,3호선,안국,19135,19281,38416
202201,3호선,압구정,32619,34318,66937
202201,3호선,약수,12374,12114,24488
202201,3호선,양재,38853,41474,80327
202201,3호선,연신내,34538,33402,67940
202201,3호선,오금,6219,5575,11794
202201,3호선,옥수,8284,8950,17234
202201,3호선,을지로3가,10730,10772,21502
202201,3호선,일원,9877,9740,19617
202201,3호선,잠원,4588,4666,9254
202201,3호선,종로3가,10242,11330,21572
202201,3호선,지축,4295,4304,8599
202201,3호선,충무로,1,0,1
202201,3호선,학여울,1716,1743,3459
202201,3호선,홍제,16506,16114,32620
202201,3호선,가락시장,9218,8936,18154
202201,3호선,경복궁,18688,18316,37004
202201,3호선,경찰병원,7601,7641,15242
202201,3호선,고속터미널,37143,35608,72751
202201,3호선,교대,14714,9545,24259
202201,3호선,구파발,20127,18929,39056
202201,3호선,금호,7986,7547,15533
202201,3호선,남부터미널,29227,29974,59201
202201,3호선,녹번,15193,13951,29144
202201,3호선,대청,9900,9223,19123
202201,3호선,대치,11970,11824,23794
202201,3호선,도곡,5383,5394,10777
202201,3호선,독립문,6527,6694,13221
202201,3호선,동대입구,6877,7194,14071
202201,3호선,매봉,12939,12542,25481
202201,3호선,무악재,3864,3991,7855
202201,3호선,불광,15545,16224,31769
202201,3호선,수서,16693,17083,33776
202201,3호선,신사,32380,33445,65825
202201,3호선,안국,19326,19811,39137
202201,3호선,압구정,33278,35316,68594
202201,3호선,약수,12544,12164,24708
202201,3호선,양재,39728,43028,82756
202201,3호선,연신내,34840,33245,68085
202201,3호선,오금,6323,5575,11898
202201,3호선,옥수,8727,9176,17903
202201,3호선,을지로3가,10799,10936,21735
202201,3호선,일원,10181,9827,20008
202201,3호선,잠원,4751,4668,9419
202201,3호선,종로3가,10324,11416,21740
202201,3호선,지축,4360,4266,8626
202201,3호선,학여울,1773,1825,3598
202201,3호선,홍제,16574,15904,32478
202201,3호선,가락시장,9441,9267,18708
202201,3호선,경복궁,20283,19528,39811
202201,3호선,경찰병원,8024,7988,16012
202201,3호선,고속터미널,38580,36275,74855
202201,3호선,교대,15279,9748,25027
202201,3호선,구파발,20744,19725,40469
202201,3호선,금호,8198,7972,16170
202201,3호선,남부터미널,30380,30477,60857
202201,3호선,녹번,15547,14369,29916
202201,3호선,대청,10239,9618,19857
202201,3호선,대치,12009,12239,24248
202201,3호선,도곡,5682,5876,11558
202201,3호선,독립문,6557,6847,13404
202201,3호선,동대입구,7275,7479,14754
202201,3호선,매봉,13669,12932,26601
202201,3호선,무악재,3988,4075,8063
202201,3호선,불광,15620,16911,32531
202201,3호선,수서,17522,17945,35467
202201,3호선,신사,32892,33559,66451
202201,3호선,안국,20911,20965,41876
202201,3호선,압구정,34307,36423,70730
202201,3호선,약수,12985,12748,25733
202201,3호선,양재,41513,43857,85370
202201,3호선,연신내,34895,33729,68624
202201,3호선,오금,6505,5811,12316
202201,3호선,옥수,9109,9553,18662
202201,3호선,을지로3가,11385,11277,22662
202201,3호선,일원,10916,10585,21501
202201,3호선,잠원,4903,4924,9827
202201,3호선,종로3가,10550,11623,22173
202201,3호선,지축,4460,4442,8902
202201,3호선,학여울,1855,1975,3830
202201,3호선,홍제,16944,16277,33221
202201,3호선,가락시장,9369,9111,18480
202201,3호선,경복궁,19273,19199,38472
202201,3호선,경찰병원,7486,7557,15043
202201,3호선,고속터미널,38949,37151,76100
202201,3호선,교대,15091,9810,24901
202201,3호선,구파발,20418,19414,39832
202201,3호선,금호,7911,7485,15396
202201,3호선,남부터미널,29308,30016,59324
202201,3호선,녹번,15370,14071,29441
202201,3호선,대청,10183,9509,19692
202201,3호선,대치,11950,11914,23864
202201,3호선,도곡,5198,5406,10604
202201,3호선,독립문,6733,6774,13507
202201,3호선,동대입구,8124,8411,16535
202201,3호선,매봉,13113,12488,25601
202201,3호선,무악재,3923,3922,7845
202201,3호선,불광,15932,16764,32696
202201,3호선,수서,16924,17555,34479
202201,3호선,신사,32416,33822,66238
202201,3호선,안국,20494,20977,41471
202201,3호선,압구정,32976,34777,67753
202201,3호선,약수,12679,12236,24915
202201,3호선,양재,40433,43689,84122
202201,3호선,연신내,35346,33545,68891
202201,3호선,오금,6363,5621,11984
202201,3호선,옥수,8741,9205,17946
202201,3호선,을지로3가,10909,11230,22139
202201,3호선,일원,10404,10271,20675
202201,3호선,잠원,4703,4556,9259
202201,3호선,종로3가,10234,11636,21870
202201,3호선,지축,4544,4285,8829
202201,3호선,충무로,1,0,1
202201,3호선,학여울,1765,1872,3637
202201,3호선,홍제,16671,15925,32596
202201,3호선,가락시장,9758,9466,19224
202201,3호선,경복궁,19481,19160,38641
202201,3호선,경찰병원,7643,7704,15347
202201,3호선,고속터미널,44144,44964,89108
202201,3호선,교대,15409,9888,25297
202201,3호선,구파발,20790,19464,40254
202201,3호선,금호,8290,7661,15951
202201,3호선,남부터미널,31200,31100,62300
202201,3호선,녹번,15586,14305,29891
202201,3호선,대청,10151,9524,19675
202201,3호선,대치,12363,12197,24560
202201,3호선,도곡,5478,5485,10963
202201,3호선,독립문,6997,7070,14067
202201,3호선,동대입구,7092,7483,14575
202201,3호선,매봉,12967,12363,25330
202201,3호선,무악재,3894,3950,7844
202201,3호선,불광,16121,17358,33479
202201,3호선,수서,18504,18789,37293
202201,3호선,신사,34478,35794,70272
202201,3호선,안국,20548,21120,41668
202201,3호선,압구정,35809,37898,73707
202201,3호선,약수,13181,12689,25870
202201,3호선,양재,41083,43387,84470
202201,3호선,연신내,36748,34938,71686
202201,3호선,오금,6400,5611,12011
202201,3호선,옥수,9155,9604,18759
202201,3호선,을지로3가,11244,11290,22534
202201,3호선,일원,10041,9469,19510
202201,3호선,잠원,5067,4844,9911
202201,3호선,종로3가,10619,12153,22772
202201,3호선,지축,4524,4356,8880
202201,3호선,충무로,1,0,1
202201,3호선,학여울,1830,1828,3658
202201,3호선,홍제,17357,16548,33905
202201,3호선,가락시장,9239,9213,18452
202201,3호선,경복궁,18578,18599,37177
202201,3호선,경찰병원,7695,7734,15429
202201,3호선,고속터미널,37539,35783,73322
202201,3호선,교대,14484,9377,23861
202201,3호선,구파발,20272,19057,39329
202201,3호선,금호,7815,7478,15293
202201,3호선,남부터미널,28256,28926,57182
202201,3호선,녹번,15184,14103,29287
202201,3호선,대청,9902,9330,19232
202201,3호선,대치,11804,11676,23480
202201,3호선,도곡,5364,5472,10836
202201,3호선,독립문,6323,6510,12833
202201,3호선,동대입구,6759,7046,13805
202201,3호선,매봉,12707,12245,24952
202201,3호선,무악재,3876,3887,7763
202201,3호선,불광,15699,16677,32376
202201,3호선,수서,16492,17060,33552
202201,3호선,신사,32042,33099,65141
202201,3호선,안국,18869,19301,38170
202201,3호선,압구정,32305,34341,66646
202201,3호선,약수,12660,12335,24995
202201,3호선,양재,38528,42207,80735
202201,3호선,연신내,35447,33699,69146
202201,3호선,오금,6249,5697,11946
202201,3호선,옥수,8647,9061,17708
202201,3호선,을지로3가,10513,10694,21207
202201,3호선,일원,10206,9951,20157
202201,3호선,잠원,4697,4589,9286
202201,3호선,종로3가,10168,11526,21694
202201,3호선,지축,4409,4299,8708
202201,3호선,충무로,2,0,2
202201,3호선,학여울,1771,1782,3553
202201,3호선,홍제,16672,15886,32558
202201,3호선,가락시장,9096,9181,18277
202201,3호선,경복궁,18762,18572,37334
202201,3호선,경찰병원,7460,7414,14874
202201,3호선,고속터미널,37772,36985,74757
202201,3호선,교대,14610,9704,24314
202201,3호선,구파발,20414,19233,39647
202201,3호선,금호,8166,8291,16457
202201,3호선,남부터미널,28982,29402,58384
202201,3호선,녹번,15349,14378,29727
202201,3호선,대청,9969,9303,19272
202201,3호선,대치,11692,11506,23198
202201,3호선,도곡,5502,5649,11151
202201,3호선,독립문,6694,6973,13667
202201,3호선,동대입구,6944,7445,14389
202201,3호선,매봉,13017,12223,25240
202201,3호선,무악재,3939,3987,7926
202201,3호선,불광,15934,17110,33044
202201,3호선,수서,16656,16796,33452
202201,3호선,신사,32623,33733,66356
202201,3호선,안국,18933,19800,38733
202201,3호선,압구정,33229,34888,68117
202201,3호선,약수,12755,13033,25788
202201,3호선,양재,40211,42629,82840
202201,3호선,연신내,35689,33880,69569
202201,3호선,오금,6011,5628,11639
202201,3호선,옥수,8766,9448,18214
202201,3호선,을지로3가,10649,11182,21831
202201,3호선,일원,10079,9595,19674
202201,3호선,잠원,4729,4676,9405
202201,3호선,종로3가,10344,11486,21830
202201,3호선,지축,4345,4345,8690
202201,3호선,학여울,1719,1784,3503
202201,3호선,홍제,16974,16458,33432
202201,3호선,가락시장,9656,9446,19102
202201,3호선,경복궁,19891,19391,39282
202201,3호선,경찰병원,7709,7801,15510
202201,3호선,고속터미널,38125,38019,76144
202201,3호선,교대,14975,9515,24490
202201,3호선,구파발,20727,19587,40314
202201,3호선,금호,8197,7802,15999
202201,3호선,남부터미널,29423,30370,59793
202201,3호선,녹번,15455,14222,29677
202201,3호선,대청,10055,9373,19428
202201,3호선,대치,11668,11607,23275
202201,3호선,도곡,5475,5637,11112
202201,3호선,독립문,6712,6937,13649
202201,3호선,동대입구,6997,7274,14271
202201,3호선,매봉,13117,12554,25671
202201,3호선,무악재,4018,3962,7980
202201,3호선,불광,16280,17565,33845
202201,3호선,수서,17270,17668,34938
202201,3호선,신사,32315,33500,65815
202201,3호선,안국,20288,20774,41062
202201,3호선,압구정,34171,36128,70299
202201,3호선,약수,12881,12453,25334
202201,3호선,양재,40537,43664,84201
202201,3호선,연신내,36139,34564,70703
202201,3호선,오금,6294,5735,12029
202201,3호선,옥수,8939,9504,18443
202201,3호선,을지로3가,10731,10948,21679
202201,3호선,일원,10335,10153,20488
202201,3호선,잠원,4803,4823,9626
202201,3호선,종로3가,10639,11847,22486
202201,3호선,지축,4558,4360,8918
202201,3호선,충무로,1,0,1
202201,3호선,학여울,1865,1866,3731
202201,3호선,홍제,17134,16417,33551
202201,3호선,가락시장,9547,9278,18825
202201,3호선,경복궁,18997,18486,37483
202201,3호선,경찰병원,7510,7547,15057
202201,3호선,고속터미널,38641,41346,79987
202201,3호선,교대,15207,9543,24750
202201,3호선,구파발,20431,19413,39844
202201,3호선,금호,8094,7603,15697
202201,3호선,남부터미널,29211,30814,60025
202201,3호선,녹번,15533,14148,29681
202201,3호선,대청,10126,9367,19493
202201,3호선,대치,11683,11867,23550
202201,3호선,도곡,5384,5436,10820
202201,3호선,독립문,6672,6800,13472
202201,3호선,동대입구,6858,7056,13914
202201,3호선,매봉,12864,12310,25174
202201,3호선,무악재,3779,3836,7615
202201,3호선,불광,16273,17253,33526
202201,3호선,수서,16593,17307,33900
202201,3호선,신사,32731,34092,66823
202201,3호선,안국,19284,19819,39103
202201,3호선,압구정,33555,35758,69313
202201,3호선,약수,12874,12382,25256
202201,3호선,양재,40104,42999,83103
202201,3호선,연신내,35895,34154,70049
202201,3호선,오금,6222,5520,11742
202201,3호선,옥수,8873,9181,18054
202201,3호선,을지로3가,10538,10698,21236
202201,3호선,일원,10277,9740,20017
202201,3호선,잠원,4679,4686,9365
202201,3호선,종로3가,10362,11563,21925
202201,3호선,지축,4414,4281,8695
202201,3호선,학여울,1710,1824,3534
202201,3호선,홍제,16941,15963,32904
202201,3호선,가락시장,9397,9213,18610
202201,3호선,경복궁,18776,18025,36801
202201,3호선,경찰병원,7148,7056,14204
202201,3호선,고속터미널,42711,62417,105128
202201,3호선,교대,13664,8835,22499
202201,3호선,구파발,20279,18898,39177
202201,3호선,금호,8151,7612,15763
202201,3호선,남부터미널,30528,34946,65474
202201,3호선,녹번,15164,13532,28696
202201,3호선,대청,9793,9097,18890
202201,3호선,대치,11982,11944,23926
202201,3호선,도곡,5395,5452,10847
202201,3호선,독립문,6669,6654,13323
202201,3호선,동대입구,7536,7587,15123
202201,3호선,매봉,12399,11655,24054
202201,3호선,무악재,3775,3765,7540
202201,3호선,불광,16152,16842,32994
202201,3호선,수서,14584,15592,30176
202201,3호선,신사,33324,34327,67651
202201,3호선,안국,18970,18891,37861
202201,3호선,압구정,34300,36606,70906
202201,3호선,약수,12802,12076,24878
202201,3호선,양재,38937,39912,78849
202201,3호선,연신내,36381,34455,70836
202201,3호선,오금,5889,5260,11149
202201,3호선,옥수,8963,9278,18241
202201,3호선,을지로3가,10185,10284,20469
202201,3호선,일원,9734,9119,18853
202201,3호선,잠원,4805,4677,9482
202201,3호선,종로3가,10120,11592,21712
202201,3호선,지축,4258,3985,8243
202201,3호선,충무로,1,0,1
202201,3호선,학여울,1720,1702,3422
202201,3호선,홍제,16829,16063,32892
202201,3호선,가락시장,2686,2604,5290
202201,3호선,경복궁,6824,7332,14156
202201,3호선,경찰병원,1834,1658,3492
202201,3호선,고속터미널,17880,24849,42729
202201,3호선,교대,2115,1261,3376
202201,3호선,구파발,7239,7372,14611
202201,3호선,금호,2757,2642,5399
202201,3호선,남부터미널,6773,8550,15323
202201,3호선,녹번,4693,4187,8880
202201,3호선,대청,2642,2506,5148
202201,3호선,대치,3479,3151,6630
202201,3호선,도곡,1257,1171,2428
202201,3호선,독립문,2658,2814,5472
202201,3호선,동대입구,2774,2936,5710
202201,3호선,매봉,2359,2213,4572
202201,3호선,무악재,1240,1320,2560
202201,3호선,불광,5904,6629,12533
202201,3호선,수서,5447,5933,11380
202201,3호선,신사,7594,7324,14918
202201,3호선,안국,6523,6927,13450
202201,3호선,압구정,9121,9260,18381
202201,3호선,약수,4079,3747,7826
202201,3호선,양재,6275,6726,13001
202201,3호선,연신내,14600,13756,28356
202201,3호선,오금,1571,1438,3009
202201,3호선,옥수,3002,3039,6041
202201,3호선,을지로3가,1576,1461,3037
202201,3호선,일원,2061,2098,4159
202201,3호선,잠원,1350,1321,2671
202201,3호선,종로3가,2210,2776,4986
202201,3호선,지축,1383,1307,2690
202201,3호선,학여울,422,434,856
202201,3호선,홍제,6249,5881,12130
202202,3호선,가락시장,1760,1739,3499
202202,3호선,경복궁,5914,7253,13167
202202,3호선,경찰병원,1417,1604,3021
202202,3호선,고속터미널,30168,13336,43504
202202,3호선,교대,1449,997,2446
202202,3호선,구파발,6629,6843,13472
202202,3호선,금호,2599,2512,5111
202202,3호선,남부터미널,9858,6343,16201
202202,3호선,녹번,4431,4398,8829
202202,3호선,대청,2174,2241,4415
202202,3호선,대치,2095,2068,4163
202202,3호선,도곡,889,930,1819
202202,3호선,독립문,2325,2420,4745
202202,3호선,동대입구,3085,3628,6713
202202,3호선,매봉,1760,1774,3534
202202,3호선,무악재,1195,1332,2527
202202,3호선,불광,4874,5889,10763
202202,3호선,수서,5691,4990,10681
202202,3호선,신사,3735,4126,7861
202202,3호선,안국,5840,6316,12156
202202,3호선,압구정,3522,3930,7452
202202,3호선,약수,3631,3714,7345
202202,3호선,양재,5351,6618,11969
202202,3호선,연신내,12409,12922,25331
202202,3호선,오금,1288,1379,2667
202202,3호선,옥수,2654,2951,5605
202202,3호선,을지로3가,1135,1083,2218
202202,3호선,일원,1784,1869,3653
202202,3호선,잠원,1016,1031,2047
202202,3호선,종로3가,1573,2478,4051
202202,3호선,지축,1183,1134,2317
202202,3호선,학여울,339,382,721
202202,3호선,홍제,5555,5563,11118
202202,3호선,가락시장,2743,2661,5404
202202,3호선,경복궁,8239,9287,17526
202202,3호선,경찰병원,2024,2200,4224
202202,3호선,고속터미널,54010,25892,79902
202202,3호선,교대,2755,2044,4799
202202,3호선,구파발,8460,8890,17350
202202,3호선,금호,3180,3118,6298
202202,3호선,남부터미널,14792,10318,25110
202202,3호선,녹번,5354,5195,10549
202202,3호선,대청,3072,3182,6254
202202,3호선,대치,3583,3447,7030
202202,3호선,도곡,1453,1493,2946
202202,3호선,독립문,3209,3508,6717
202202,3호선,동대입구,3178,3879,7057
202202,3호선,매봉,2996,3022,6018
202202,3호선,무악재,1410,1585,2995
202202,3호선,불광,6820,8337,15157
202202,3호선,수서,7499,6352,13851
202202,3호선,신사,9407,9954,19361
202202,3호선,안국,8239,9009,17248
202202,3호선,압구정,7513,8290,15803
202202,3호선,약수,4654,4860,9514
202202,3호선,양재,8415,10589,19004
202202,3호선,연신내,15961,16045,32006
202202,3호선,오금,1792,1845,3637
202202,3호선,옥수,3400,3795,7195
202202,3호선,을지로3가,2054,2043,4097
202202,3호선,일원,3322,3580,6902
202202,3호선,잠원,1602,1596,3198
202202,3호선,종로3가,2763,3746,6509
202202,3호선,지축,1520,1367,2887
202202,3호선,충무로,1,0,1
202202,3호선,학여울,535,533,1068
202202,3호선,홍제,6552,6769,13321
202202,3호선,가락시장,7202,7286,14488
202202,3호선,경복궁,16592,16240,32832
202202,3호선,경찰병원,6482,6640,13122
202202,3호선,고속터미널,39424,31243,70667
202202,3호선,교대,12184,7947,20131
202202,3호선,구파발,18419,17556,35975
202202,3호선,금호,6943,6749,13692
202202,3호선,남부터미널,27205,26429,53634
202202,3호선,녹번,13700,12748,26448
202202,3호선,대청,8764,8359,17123
202202,3호선,대치,9997,10076,20073
202202,3호선,도곡,4728,4877,9605
202202,3호선,독립문,6051,6229,12280
202202,3호선,동대입구,5831,6249,12080
202202,3호선,매봉,11124,10640,21764
202202,3호선,무악재,3476,3592,7068
202202,3호선,불광,14164,15357,29521
202202,3호선,수서,14853,13797,28650
202202,3호선,신사,28498,29583,58081
202202,3호선,안국,14181,15069,29250
202202,3호선,압구정,30096,31836,61932
202202,3호선,약수,11370,11084,22454
202202,3호선,양재,32963,36425,69388
202202,3호선,연신내,32366,31073,63439
202202,3호선,오금,5455,4981,10436
202202,3호선,옥수,7758,8184,15942
202202,3호선,을지로3가,9184,9366,18550
202202,3호선,일원,8812,8610,17422
202202,3호선,잠원,4110,4002,8112
202202,3호선,종로3가,9162,10519,19681
202202,3호선,지축,3885,3796,7681
202202,3호선,충무로,1,0,1
202202,3호선,학여울,1561,1563,3124
202202,3호선,홍제,15133,14751,29884
202202,3호선,가락시장,8258,7878,16136
202202,3호선,경복궁,18216,17429,35645
202202,3호선,경찰병원,6873,6811,13684
202202,3호선,고속터미널,39289,37132,76421
202202,3호선,교대,12991,8512,21503
202202,3호선,구파발,19529,18409,37938
202202,3호선,금호,7524,7000,14524
202202,3호선,남부터미널,27821,27898,55719
202202,3호선,녹번,14270,12992,27262
202202,3호선,대청,9599,8912,18511
202202,3호선,대치,10790,11085,21875
202202,3호선,도곡,4930,5008,9938
202202,3호선,독립문,6586,6630,13216
202202,3호선,동대입구,7702,7994,15696
202202,3호선,매봉,11757,11186,22943
202202,3호선,무악재,3630,3661,7291
202202,3호선,불광,15136,16122,31258
202202,3호선,수서,16172,15575,31747
202202,3호선,신사,31276,32381,63657
202202,3호선,안국,15908,16544,32452
202202,3호선,압구정,32599,34646,67245
202202,3호선,약수,12107,11625,23732
202202,3호선,양재,36636,38968,75604
202202,3호선,연신내,33915,32648,66563
202202,3호선,오금,5697,5039,10736
202202,3호선,옥수,8213,8577,16790
202202,3호선,을지로3가,9722,9876,19598
202202,3호선,일원,9226,8901,18127
202202,3호선,잠원,4274,4223,8497
202202,3호선,종로3가,9906,11381,21287
202202,3호선,지축,4086,3894,7980
202202,3호선,학여울,1628,1655,3283
202202,3호선,홍제,16079,15623,31702
202202,3호선,가락시장,8264,8092,16356
202202,3호선,경복궁,16982,16345,33327
202202,3호선,경찰병원,7313,7369,14682
202202,3호선,고속터미널,34253,31743,65996
202202,3호선,교대,13393,8787,22180
202202,3호선,구파발,19329,18319,37648
202202,3호선,금호,7478,7199,14677
202202,3호선,남부터미널,26962,27431,54393
202202,3호선,녹번,14503,13292,27795
202202,3호선,대청,9825,9091,18916
202202,3호선,대치,10584,10912,21496
202202,3호선,도곡,5228,5337,10565
202202,3호선,독립문,6274,6421,12695
202202,3호선,동대입구,6309,6581,12890
202202,3호선,매봉,12089,11577,23666
202202,3호선,무악재,3654,3688,7342
202202,3호선,불광,15134,16047,31181
202202,3호선,수서,15598,16043,31641
202202,3호선,신사,30074,31343,61417
202202,3호선,안국,18274,18549,36823
202202,3호선,압구정,30480,32224,62704
202202,3호선,약수,12034,11801,23835
202202,3호선,양재,36779,39578,76357
202202,3호선,연신내,33902,32324,66226
202202,3호선,오금,5910,5362,11272
202202,3호선,옥수,8016,8472,16488
202202,3호선,을지로3가,9895,10056,19951
202202,3호선,일원,10003,9744,19747
202202,3호선,잠원,4324,4361,8685
202202,3호선,종로3가,9763,10827,20590
202202,3호선,지축,4203,4183,8386
202202,3호선,학여울,1636,1684,3320
202202,3호선,홍제,16132,15489,31621
202202,3호선,가락시장,8578,8343,16921
202202,3호선,경복궁,18020,17529,35549
202202,3호선,경찰병원,7076,7136,14212
202202,3호선,고속터미널,33609,32388,65997
202202,3호선,교대,13626,8906,22532
202202,3호선,구파발,19448,18550,37998
202202,3호선,금호,7493,7271,14764
202202,3호선,남부터미널,27451,27954,55405
202202,3호선,녹번,14792,13579,28371
202202,3호선,대청,9794,9121,18915
202202,3호선,대치,10746,10984,21730
202202,3호선,도곡,5202,5545,10747
202202,3호선,독립문,6675,6976,13651
202202,3호선,동대입구,7248,7457,14705
202202,3호선,매봉,12134,11646,23780
202202,3호선,무악재,3749,3775,7524
202202,3호선,불광,15185,16331,31516
202202,3호선,수서,15616,15844,31460
202202,3호선,신사,30401,31261,61662
202202,3호선,안국,18696,19083,37779
202202,3호선,압구정,31080,32777,63857
202202,3호선,약수,12054,11819,23873
202202,3호선,양재,37272,39948,77220
202202,3호선,연신내,34722,32836,67558
202202,3호선,오금,5897,5562,11459
202202,3호선,옥수,8187,8576,16763
202202,3호선,을지로3가,10058,10095,20153
202202,3호선,일원,10077,9641,19718
202202,3호선,잠원,4496,4421,8917
202202,3호선,종로3가,9834,11047,20881
202202,3호선,지축,4293,4189,8482
202202,3호선,학여울,1686,1650,3336
202202,3호선,홍제,16183,15401,31584
202202,3호선,가락시장,8490,8175,16665
202202,3호선,경복궁,18469,18218,36687
202202,3호선,경찰병원,7187,7169,14356
202202,3호선,고속터미널,34197,32273,66470
202202,3호선,교대,13667,8887,22554
202202,3호선,구파발,19727,18808,38535
202202,3호선,금호,7646,7374,15020
202202,3호선,남부터미널,27601,28112,55713
202202,3호선,녹번,14846,13708,28554
202202,3호선,대청,9945,9217,19162
202202,3호선,대치,10570,10867,21437
202202,3호선,도곡,5097,5241,10338
202202,3호선,독립문,6547,6761,13308
202202,3호선,동대입구,6966,7249,14215
202202,3호선,매봉,12086,11650,23736
202202,3호선,무악재,3712,3828,7540
202202,3호선,불광,15433,16529,31962
202202,3호선,수서,15684,15887,31571
202202,3호선,신사,29374,30304,59678
202202,3호선,안국,19233,19840,39073
202202,3호선,압구정,31259,33132,64391
202202,3호선,약수,12390,12013,24403
202202,3호선,양재,36826,39852,76678
202202,3호선,연신내,34770,32927,67697
202202,3호선,오금,5973,5411,11384
202202,3호선,옥수,8279,8729,17008
202202,3호선,을지로3가,10204,10289,20493
202202,3호선,일원,10157,9828,19985
202202,3호선,잠원,4522,4453,8975
202202,3호선,종로3가,10071,11151,21222
202202,3호선,지축,4325,4190,8515
202202,3호선,학여울,1764,1779,3543
202202,3호선,홍제,16377,15650,32027
202202,3호선,가락시장,8582,8417,16999
202202,3호선,경복궁,18191,18101,36292
202202,3호선,경찰병원,7083,7074,14157
202202,3호선,고속터미널,35373,33881,69254
202202,3호선,교대,13892,8973,22865
202202,3호선,구파발,19465,18498,37963
202202,3호선,금호,7519,7161,14680
202202,3호선,남부터미널,28151,28644,56795
202202,3호선,녹번,14644,13392,28036
202202,3호선,대청,9754,9190,18944
202202,3호선,대치,10998,11062,22060
202202,3호선,도곡,5168,5395,10563
202202,3호선,독립문,6709,6886,13595
202202,3호선,동대입구,6951,7137,14088
202202,3호선,매봉,12011,11584,23595
202202,3호선,무악재,3758,3743,7501
202202,3호선,불광,15563,16637,32200
202202,3호선,수서,15874,16203,32077
202202,3호선,신사,30712,31763,62475
202202,3호선,안국,18922,19038,37960
202202,3호선,압구정,31082,32704,63786
202202,3호선,약수,12273,11998,24271
202202,3호선,양재,37428,40471,77899
202202,3호선,연신내,34948,33244,68192
202202,3호선,오금,5916,5404,11320
202202,3호선,옥수,8326,8637,16963
202202,3호선,을지로3가,9854,10102,19956
202202,3호선,일원,10121,9843,19964
202202,3호선,잠원,4384,4368,8752
202202,3호선,종로3가,9990,11284,21274
202202,3호선,지축,4326,4191,8517
202202,3호선,충무로,2,0,2
202202,3호선,학여울,3082,3166,6248
202202,3호선,홍제,16331,15692,32023
202202,3호선,가락시장,8957,8625,17582
202202,3호선,경복궁,18884,18281,37165
202202,3호선,경찰병원,7182,7037,14219
202202,3호선,고속터미널,40286,40598,80884
202202,3호선,교대,13915,9206,23121
202202,3호선,구파발,19170,18399,37569
202202,3호선,금호,7862,7874,15736
202202,3호선,남부터미널,28916,29821,58737
202202,3호선,녹번,14701,12755,27456
202202,3호선,대청,9959,9213,19172
202202,3호선,대치,11415,11340,22755
202202,3호선,도곡,5224,5401,10625
202202,3호선,독립문,6664,6806,13470
202202,3호선,동대입구,7530,8382,15912
202202,3호선,매봉,12237,11796,24033
202202,3호선,무악재,3810,4168,7978
202202,3호선,불광,15369,16592,31961
202202,3호선,수서,17215,17718,34933
202202,3호선,신사,32220,35280,67500
202202,3호선,안국,18704,19629,38333
202202,3호선,압구정,33010,35089,68099
202202,3호선,약수,12395,12329,24724
202202,3호선,양재,38276,40461,78737
202202,3호선,연신내,35201,33053,68254
202202,3호선,오금,5836,5278,11114
202202,3호선,옥수,8636,8980,17616
202202,3호선,을지로3가,9873,10351,20224
202202,3호선,일원,9926,9247,19173
202202,3호선,잠원,4631,4582,9213
202202,3호선,종로3가,9956,11869,21825
202202,3호선,지축,4335,4062,8397
202202,3호선,충무로,2,0,2
202202,3호선,학여울,3147,3346,6493
202202,3호선,홍제,16537,15153,31690
202202,3호선,가락시장,8391,8159,16550
202202,3호선,경복궁,17346,17184,34530
202202,3호선,경찰병원,7352,7384,14736
202202,3호선,고속터미널,36180,34149,70329
202202,3호선,교대,13394,8813,22207
202202,3호선,구파발,18794,17877,36671
202202,3호선,금호,7394,7111,14505
202202,3호선,남부터미널,26755,27256,54011
202202,3호선,녹번,14359,13443,27802
202202,3호선,대청,9602,9011,18613
202202,3호선,대치,10804,10858,21662
202202,3호선,도곡,5100,5254,10354
202202,3호선,독립문,6138,6439,12577
202202,3호선,동대입구,6606,6764,13370
202202,3호선,매봉,11933,11418,23351
202202,3호선,무악재,3622,3795,7417
202202,3호선,불광,14920,15899,30819
202202,3호선,수서,15382,15794,31176
202202,3호선,신사,30591,31460,62051
202202,3호선,안국,18035,18219,36254
202202,3호선,압구정,30757,32617,63374
202202,3호선,약수,11887,11585,23472
202202,3호선,양재,36379,39347,75726
202202,3호선,연신내,33493,32067,65560
202202,3호선,오금,6059,5405,11464
202202,3호선,옥수,8000,8422,16422
202202,3호선,을지로3가,10072,9959,20031
202202,3호선,일원,9630,9445,19075
202202,3호선,잠원,4482,4445,8927
202202,3호선,종로3가,9821,10952,20773
202202,3호선,지축,4262,4118,8380
202202,3호선,충무로,1,0,1
202202,3호선,학여울,1641,1645,3286
202202,3호선,홍제,16160,15575,31735
202202,3호선,가락시장,8309,8053,16362
202202,3호선,경복궁,17908,17604,35512
202202,3호선,경찰병원,7144,7170,14314
202202,3호선,고속터미널,35307,33400,68707
202202,3호선,교대,13491,8708,22199
202202,3호선,구파발,19102,18002,37104
202202,3호선,금호,7465,7090,14555
202202,3호선,남부터미널,27157,27596,54753
202202,3호선,녹번,14425,13398,27823
202202,3호선,대청,9425,8830,18255
202202,3호선,대치,10954,11030,21984
202202,3호선,도곡,4929,5109,10038
202202,3호선,독립문,6148,6363,12511
202202,3호선,동대입구,6630,6951,13581
202202,3호선,매봉,12040,11497,23537
202202,3호선,무악재,3686,3826,7512
202202,3호선,불광,14866,15892,30758
202202,3호선,수서,15402,15568,30970
202202,3호선,신사,30297,31227,61524
202202,3호선,안국,18514,18979,37493
202202,3호선,압구정,30804,32686,63490
202202,3호선,약수,11916,11506,23422
202202,3호선,양재,36639,39348,75987
202202,3호선,연신내,33500,31903,65403
202202,3호선,오금,6080,5384,11464
202202,3호선,옥수,8007,8472,16479
202202,3호선,을지로3가,10082,10098,20180
202202,3호선,일원,9675,9452,19127
202202,3호선,잠원,4366,4295,8661
202202,3호선,종로3가,10021,11042,21063
202202,3호선,지축,4154,4066,8220
202202,3호선,충무로,1,0,1
202202,3호선,학여울,1559,1548,3107
202202,3호선,홍제,15871,15337,31208
202202,3호선,가락시장,8098,7747,15845
202202,3호선,경복궁,17706,17513,35219
202202,3호선,경찰병원,6975,6961,13936
202202,3호선,고속터미널,33970,32435,66405
202202,3호선,교대,13462,8502,21964
202202,3호선,구파발,18506,17245,35751
202202,3호선,금호,7300,6952,14252
202202,3호선,남부터미널,26836,27315,54151
202202,3호선,녹번,14168,12975,27143
202202,3호선,대청,9232,8625,17857
202202,3호선,대치,10356,10589,20945
202202,3호선,도곡,4856,4965,9821
202202,3호선,독립문,5983,6091,12074
202202,3호선,동대입구,6282,6796,13078
202202,3호선,매봉,12020,11402,23422
202202,3호선,무악재,3493,3539,7032
202202,3호선,불광,14572,15515,30087
202202,3호선,수서,15012,15391,30403
202202,3호선,신사,29080,29849,58929
202202,3호선,안국,17792,17899,35691
202202,3호선,압구정,29938,31996,61934
202202,3호선,약수,11798,11420,23218
202202,3호선,양재,35841,38605,74446
202202,3호선,연신내,32709,31234,63943
202202,3호선,오금,5894,5160,11054
202202,3호선,옥수,7910,8353,16263
202202,3호선,을지로3가,10111,9924,20035
202202,3호선,일원,9368,9059,18427
202202,3호선,잠원,4305,4237,8542
202202,3호선,종로3가,9507,10630,20137
202202,3호선,지축,4085,3981,8066
202202,3호선,학여울,1573,1621,3194
202202,3호선,홍제,15524,15083,30607
202202,3호선,가락시장,8077,7948,16025
202202,3호선,경복궁,17466,16982,34448
202202,3호선,경찰병원,6761,6876,13637
202202,3호선,고속터미널,34501,33436,67937
202202,3호선,교대,13028,8381,21409
202202,3호선,구파발,18381,17465,35846
202202,3호선,금호,7137,6779,13916
202202,3호선,남부터미널,26649,26983,53632
202202,3호선,녹번,13995,12776,26771
202202,3호선,대청,9088,8442,17530
202202,3호선,대치,10657,10623,21280
202202,3호선,도곡,4761,4891,9652
202202,3호선,독립문,5861,6062,11923
202202,3호선,동대입구,6684,7233,13917
202202,3호선,매봉,11545,11076,22621
202202,3호선,무악재,3470,3585,7055
202202,3호선,불광,14365,15382,29747
202202,3호선,수서,15215,15375,30590
202202,3호선,신사,29117,30040,59157
202202,3호선,안국,17335,17492,34827
202202,3호선,압구정,29578,31198,60776
202202,3호선,약수,11618,11249,22867
202202,3호선,양재,35541,38457,73998
202202,3호선,연신내,32487,30891,63378
202202,3호선,오금,5739,5154,10893
202202,3호선,옥수,7747,8076,15823
202202,3호선,을지로3가,9634,9595,19229
202202,3호선,일원,9197,8937,18134
202202,3호선,잠원,4245,4220,8465
202202,3호선,종로3가,9602,10649,20251
202202,3호선,지축,4031,3952,7983
202202,3호선,충무로,1,0,1
202202,3호선,학여울,1762,1753,3515
202202,3호선,홍제,15353,14717,30070
202202,3호선,가락시장,8474,8206,16680
202202,3호선,경복궁,17993,17763,35756
202202,3호선,경찰병원,6955,6924,13879
202202,3호선,고속터미널,38217,39537,77754
202202,3호선,교대,12869,8189,21058
202202,3호선,구파발,18700,17788,36488
202202,3호선,금호,7570,7088,14658
202202,3호선,남부터미널,27965,28520,56485
202202,3호선,녹번,14319,12977,27296
202202,3호선,대청,9385,8779,18164
202202,3호선,대치,10844,10834,21678
202202,3호선,도곡,4847,5046,9893
202202,3호선,독립문,6337,6368,12705
202202,3호선,동대입구,6625,6992,13617
202202,3호선,매봉,11481,10884,22365
202202,3호선,무악재,3563,3597,7160
202202,3호선,불광,15064,16082,31146
202202,3호선,수서,16507,16972,33479
202202,3호선,신사,30938,31804,62742
202202,3호선,안국,17753,18187,35940
202202,3호선,압구정,31923,33981,65904
202202,3호선,약수,12116,11551,23667
202202,3호선,양재,36513,38514,75027
202202,3호선,연신내,34262,32617,66879
202202,3호선,오금,5890,5197,11087
202202,3호선,옥수,8162,8557,16719
202202,3호선,을지로3가,9486,9836,19322
202202,3호선,일원,9345,8985,18330
202202,3호선,잠원,4501,4380,8881
202202,3호선,종로3가,9804,11301,21105
202202,3호선,지축,4245,4044,8289
202202,3호선,충무로,1,0,1
202202,3호선,학여울,2506,2452,4958
202202,3호선,홍제,15899,15394,31293
202202,3호선,가락시장,7985,7817,15802
202202,3호선,경복궁,16516,16199,32715
202202,3호선,경찰병원,7006,7072,14078
202202,3호선,고속터미널,33338,31632,64970
202202,3호선,교대,12869,8449,21318
202202,3호선,구파발,18318,17436,35754
202202,3호선,금호,7167,6783,13950
202202,3호선,남부터미널,26004,26260,52264
202202,3호선,녹번,13787,12722,26509
202202,3호선,대청,9316,8728,18044
202202,3호선,대치,10658,10734,21392
202202,3호선,도곡,4983,4928,9911
202202,3호선,독립문,5864,6045,11909
202202,3호선,동대입구,6132,6517,12649
202202,3호선,매봉,11623,10946,22569
202202,3호선,무악재,3560,3614,7174
202202,3호선,불광,14775,15566,30341
202202,3호선,수서,15165,15780,30945
202202,3호선,신사,28796,29860,58656
202202,3호선,안국,16980,17174,34154
202202,3호선,압구정,29511,31193,60704
202202,3호선,약수,11523,11231,22754
202202,3호선,양재,34772,37747,72519
202202,3호선,연신내,32448,31035,63483
202202,3호선,오금,5799,5202,11001
202202,3호선,옥수,7552,8135,15687
202202,3호선,을지로3가,9463,9806,19269
202202,3호선,일원,9151,9078,18229
202202,3호선,잠원,4254,4263,8517
202202,3호선,종로3가,9481,10616,20097
202202,3호선,지축,4128,4054,8182
202202,3호선,충무로,3,0,3
202202,3호선,학여울,1567,1550,3117
202202,3호선,홍제,15569,14953,30522
202202,3호선,가락시장,8054,7773,15827
202202,3호선,경복궁,17116,16631,33747
202202,3호선,경찰병원,7025,7003,14028
202202,3호선,고속터미널,33806,32433,66239
202202,3호선,교대,13073,8550,21623
202202,3호선,구파발,18820,17711,36531
202202,3호선,금호,7244,6893,14137
202202,3호선,남부터미널,26501,26883,53384
202202,3호선,녹번,14294,13053,27347
202202,3호선,대청,9023,8445,17468
202202,3호선,대치,10685,10652,21337
202202,3호선,도곡,4804,4823,9627
202202,3호선,독립문,6181,6364,12545
202202,3호선,동대입구,6980,7509,14489
202202,3호선,매봉,11637,11120,22757
202202,3호선,무악재,3624,3678,7302
202202,3호선,불광,14623,15484,30107
202202,3호선,수서,14779,15176,29955
202202,3호선,신사,29599,30043,59642
202202,3호선,안국,17753,18014,35767
202202,3호선,압구정,29839,31683,61522
202202,3호선,약수,11734,11231,22965
202202,3호선,양재,35546,38301,73847
202202,3호선,연신내,32773,31427,64200
202202,3호선,오금,5699,5180,10879
202202,3호선,옥수,7928,8250,16178
202202,3호선,을지로3가,9725,9689,19414
202202,3호선,일원,9365,8904,18269
202202,3호선,잠원,4265,4291,8556
202202,3호선,종로3가,9608,10743,20351
202202,3호선,지축,4091,4022,8113
202202,3호선,충무로,1,0,1
202202,3호선,학여울,1600,1624,3224
202202,3호선,홍제,15609,15108,30717
202202,3호선,가락시장,8063,7729,15792
202202,3호선,경복궁,17514,17352,34866
202202,3호선,경찰병원,6800,6896,13696
202202,3호선,고속터미널,32901,31693,64594
202202,3호선,교대,13115,8255,21370
202202,3호선,구파발,18654,17647,36301
202202,3호선,금호,7181,6833,14014
202202,3호선,남부터미널,26466,27190,53656
202202,3호선,녹번,13986,12855,26841
202202,3호선,대청,9171,8547,17718
202202,3호선,대치,10350,10419,20769
202202,3호선,도곡,4774,4970,9744
202202,3호선,독립문,6048,6198,12246
202202,3호선,동대입구,6540,6883,13423
202202,3호선,매봉,11524,10925,22449
202202,3호선,무악재,3448,3556,7004
202202,3호선,불광,14575,15391,29966
202202,3호선,수서,14839,15075,29914
202202,3호선,신사,28775,29357,58132
202202,3호선,안국,18003,18425,36428
202202,3호선,압구정,29097,31060,60157
202202,3호선,약수,11560,11295,22855
202202,3호선,양재,34931,37575,72506
202202,3호선,연신내,32679,31453,64132
202202,3호선,오금,5529,5121,10650
202202,3호선,옥수,7692,8279,15971
202202,3호선,을지로3가,9663,9704,19367
202202,3호선,일원,9039,8830,17869
202202,3호선,잠원,4242,4249,8491
202202,3호선,종로3가,9555,10737,20292
202202,3호선,지축,4141,3989,8130
202202,3호선,충무로,1,0,1
202202,3호선,학여울,1587,1650,3237
202202,3호선,홍제,15521,15031,30552
202202,3호선,가락시장,8173,7901,16074
202202,3호선,경복궁,17286,17274,34560
202202,3호선,경찰병원,6733,6790,13523
202202,3호선,고속터미널,33755,32848,66603
202202,3호선,교대,13076,8584,21660
202202,3호선,구파발,18524,17717,36241
202202,3호선,금호,7158,6690,13848
202202,3호선,남부터미널,26310,26764,53074
202202,3호선,녹번,13991,12630,26621
202202,3호선,대청,9037,8525,17562
202202,3호선,대치,10618,10519,21137
202202,3호선,도곡,4715,4875,9590
202202,3호선,독립문,6161,6386,12547
202202,3호선,동대입구,7109,7582,14691
202202,3호선,매봉,11608,11045,22653
202202,3호선,무악재,3530,3600,7130
202202,3호선,불광,14789,15809,30598
202202,3호선,수서,15291,15710,31001
202202,3호선,신사,28939,29897,58836
202202,3호선,안국,17590,17971,35561
202202,3호선,압구정,29278,30924,60202
202202,3호선,약수,11588,11120,22708
202202,3호선,양재,35453,38382,73835
202202,3호선,연신내,32820,31236,64056
202202,3호선,오금,5703,5149,10852
202202,3호선,옥수,7815,8208,16023
202202,3호선,을지로3가,9438,9520,18958
202202,3호선,일원,8949,8643,17592
202202,3호선,잠원,4196,4200,8396
202202,3호선,종로3가,9649,10929,20578
202202,3호선,지축,4120,3924,8044
202202,3호선,학여울,1611,1595,3206
202202,3호선,홍제,15763,15105,30868
202202,3호선,가락시장,8471,8334,16805
202202,3호선,경복궁,18138,18060,36198
202202,3호선,경찰병원,6836,6736,13572
202202,3호선,고속터미널,38343,40062,78405
202202,3호선,교대,13332,8458,21790
202202,3호선,구파발,19135,18054,37189
202202,3호선,금호,7457,6980,14437
202202,3호선,남부터미널,28220,28723,56943
202202,3호선,녹번,14215,12819,27034
202202,3호선,대청,9418,8762,18180
202202,3호선,대치,10968,11050,22018
202202,3호선,도곡,4935,4962,9897
202202,3호선,독립문,6333,6497,12830
202202,3호선,동대입구,6910,7284,14194
202202,3호선,매봉,11473,10983,22456
202202,3호선,무악재,3621,3582,7203
202202,3호선,불광,15249,16161,31410
202202,3호선,수서,16799,17108,33907
202202,3호선,신사,30919,32142,63061
202202,3호선,안국,17652,18238,35890
202202,3호선,압구정,31199,33715,64914
202202,3호선,약수,12118,11731,23849
202202,3호선,양재,36322,38374,74696
202202,3호선,연신내,34257,32925,67182
202202,3호선,오금,5796,5121,10917
202202,3호선,옥수,8147,8473,16620
202202,3호선,을지로3가,9652,9830,19482
202202,3호선,일원,9123,8744,17867
202202,3호선,잠원,4509,4357,8866
202202,3호선,종로3가,9880,11186,21066
202202,3호선,지축,4276,3990,8266
202202,3호선,충무로,1,0,1
202202,3호선,학여울,2602,2725,5327
202202,3호선,홍제,16218,15640,31858
202202,3호선,가락시장,7643,7490,15133
202202,3호선,경복궁,16409,16468,32877
202202,3호선,경찰병원,6309,6306,12615
202202,3호선,고속터미널,35460,34105,69565
202202,3호선,교대,11975,7909,19884
202202,3호선,구파발,18342,17446,35788
202202,3호선,금호,6848,6392,13240
202202,3호선,남부터미널,23641,24042,47683
202202,3호선,녹번,13560,12285,25845
202202,3호선,대청,8733,7976,16709
202202,3호선,대치,10043,9971,20014
202202,3호선,도곡,4474,4698,9172
202202,3호선,독립문,6053,6209,12262
202202,3호선,동대입구,7191,7583,14774
202202,3호선,매봉,10293,9874,20167
202202,3호선,무악재,3339,3431,6770
202202,3호선,불광,14469,15629,30098
202202,3호선,수서,14531,14682,29213
202202,3호선,신사,27435,28457,55892
202202,3호선,안국,15518,16466,31984
202202,3호선,압구정,28631,30286,58917
202202,3호선,약수,11428,10942,22370
202202,3호선,양재,31504,34508,66012
202202,3호선,연신내,32965,31273,64238
202202,3호선,오금,5172,4695,9867
202202,3호선,옥수,7581,7876,15457
202202,3호선,을지로3가,8817,9115,17932
202202,3호선,일원,8697,8413,17110
202202,3호선,잠원,4143,3958,8101
202202,3호선,종로3가,9419,11156,20575
202202,3호선,지축,4106,3938,8044
202202,3호선,충무로,1,0,1
202202,3호선,학여울,1509,1485,2994
202202,3호선,홍제,15655,14861,30516
202203,3호선,가락시장,3876,3854,7730
202203,3호선,경복궁,11119,11966,23085
202203,3호선,경찰병원,2406,2467,4873
202203,3호선,고속터미널,30301,28148,58449
202203,3호선,교대,4175,2588,6763
202203,3호선,구파발,9962,10251,20213
202203,3호선,금호,3957,3791,7748
202203,3호선,남부터미널,12136,12541,24677
202203,3호선,녹번,6911,6395,13306
202203,3호선,대청,3992,3861,7853
202203,3호선,대치,5386,5100,10486
202203,3호선,도곡,1819,1857,3676
202203,3호선,독립문,4890,5393,10283
202203,3호선,동대입구,3941,4438,8379
202203,3호선,매봉,3875,3778,7653
202203,3호선,무악재,1827,1922,3749
202203,3호선,불광,8945,10133,19078
202203,3호선,수서,8241,7861,16102
202203,3호선,신사,12472,12698,25170
202203,3호선,안국,10504,11366,21870
202203,3호선,압구정,12541,13110,25651
202203,3호선,약수,5993,5842,11835
202203,3호선,양재,11963,13387,25350
202203,3호선,연신내,20147,19128,39275
202203,3호선,오금,2205,2173,4378
202203,3호선,옥수,4455,4734,9189
202203,3호선,을지로3가,3450,3227,6677
202203,3호선,일원,2909,3033,5942
202203,3호선,잠원,1957,1905,3862
202203,3호선,종로3가,4124,5498,9622
202203,3호선,지축,2155,2020,4175
202203,3호선,학여울,715,748,1463
202203,3호선,홍제,8873,8640,17513
202203,3호선,가락시장,8129,8040,16169
202203,3호선,경복궁,18428,17872,36300
202203,3호선,경찰병원,6832,6812,13644
202203,3호선,고속터미널,31943,29794,61737
202203,3호선,교대,13031,8448,21479
202203,3호선,구파발,19251,18374,37625
202203,3호선,금호,7287,6955,14242
202203,3호선,남부터미널,25592,26076,51668
202203,3호선,녹번,14644,13511,28155
202203,3호선,대청,9663,8971,18634
202203,3호선,대치,9942,10099,20041
202203,3호선,도곡,4929,5111,10040
202203,3호선,독립문,6555,6881,13436
202203,3호선,동대입구,7645,8299,15944
202203,3호선,매봉,11528,10948,22476
202203,3호선,무악재,3579,3649,7228
202203,3호선,불광,15033,16309,31342
202203,3호선,수서,15085,15615,30700
202203,3호선,신사,27064,27942,55006
202203,3호선,안국,18042,18279,36321
202203,3호선,압구정,28872,30530,59402
202203,3호선,약수,12159,11841,24000
202203,3호선,양재,35259,38242,73501
202203,3호선,연신내,34463,32621,67084
202203,3호선,오금,5775,5250,11025
202203,3호선,옥수,8007,8488,16495
202203,3호선,을지로3가,9383,9602,18985
202203,3호선,일원,9707,9375,19082
202203,3호선,잠원,4306,4244,8550
202203,3호선,종로3가,9420,10484,19904
202203,3호선,지축,4379,4152,8531
202203,3호선,학여울,1777,1806,3583
202203,3호선,홍제,16388,15852,32240
202203,3호선,가락시장,8162,7984,16146
202203,3호선,경복궁,18561,18369,36930
202203,3호선,경찰병원,6908,6918,13826
202203,3호선,고속터미널,31939,30518,62457
202203,3호선,교대,13329,8751,22080
202203,3호선,구파발,18979,18242,37221
202203,3호선,금호,7340,6965,14305
202203,3호선,남부터미널,26067,26285,52352
202203,3호선,녹번,14948,13483,28431
202203,3호선,대청,9090,8546,17636
202203,3호선,대치,10101,10172,20273
202203,3호선,도곡,4906,4928,9834
202203,3호선,독립문,6470,6868,13338
202203,3호선,동대입구,8142,8750,16892
202203,3호선,매봉,11603,11165,22768
202203,3호선,무악재,3713,3809,7522
202203,3호선,불광,15134,16080,31214
202203,3호선,수서,15154,15352,30506
202203,3호선,신사,27592,28872,56464
202203,3호선,안국,17951,18261,36212
202203,3호선,압구정,28559,30297,58856
202203,3호선,약수,12172,11708,23880
202203,3호선,양재,35984,38713,74697
202203,3호선,연신내,33926,32406,66332
202203,3호선,오금,5747,5307,11054
202203,3호선,옥수,8050,8373,16423
202203,3호선,을지로3가,9400,9408,18808
202203,3호선,일원,9787,9502,19289
202203,3호선,잠원,4372,4307,8679
202203,3호선,종로3가,9199,10412,19611
202203,3호선,지축,4398,4166,8564
202203,3호선,충무로,1,0,1
202203,3호선,학여울,2792,2998,5790
202203,3호선,홍제,16354,15712,32066
202203,3호선,가락시장,8269,7951,16220
202203,3호선,경복궁,17879,17348,35227
202203,3호선,경찰병원,6878,6888,13766
202203,3호선,고속터미널,36618,37533,74151
202203,3호선,교대,13276,8617,21893
202203,3호선,구파발,19078,17991,37069
202203,3호선,금호,7204,6900,14104
202203,3호선,남부터미널,27678,27739,55417
202203,3호선,녹번,14479,13091,27570
202203,3호선,대청,9305,8701,18006
202203,3호선,대치,10395,10669,21064
202203,3호선,도곡,5136,5122,10258
202203,3호선,독립문,6537,6494,13031
202203,3호선,동대입구,7347,7811,15158
202203,3호선,매봉,11527,11075,22602
202203,3호선,무악재,3677,3721,7398
202203,3호선,불광,14824,15910,30734
202203,3호선,수서,16404,16606,33010
202203,3호선,신사,29187,30526,59713
202203,3호선,안국,17796,17905,35701
202203,3호선,압구정,30455,32488,62943
202203,3호선,약수,12137,11898,24035
202203,3호선,양재,36440,38376,74816
202203,3호선,연신내,33606,32208,65814
202203,3호선,오금,5820,5335,11155
202203,3호선,옥수,7966,8332,16298
202203,3호선,을지로3가,9602,9658,19260
202203,3호선,일원,9468,9108,18576
202203,3호선,잠원,4492,4422,8914
202203,3호선,종로3가,9431,10831,20262
202203,3호선,지축,4293,4146,8439
202203,3호선,충무로,1,0,1
202203,3호선,학여울,2839,3017,5856
202203,3호선,홍제,16080,15475,31555
202203,3호선,가락시장,8188,8064,16252
202203,3호선,경복궁,17656,17191,34847
202203,3호선,경찰병원,6728,6788,13516
202203,3호선,고속터미널,31899,30352,62251
202203,3호선,교대,12670,8463,21133
202203,3호선,구파발,18990,17950,36940
202203,3호선,금호,7181,6891,14072
202203,3호선,남부터미널,25085,25528,50613
202203,3호선,녹번,14417,13179,27596
202203,3호선,대청,9069,8380,17449
202203,3호선,대치,9909,10097,20006
202203,3호선,도곡,4950,5109,10059
202203,3호선,독립문,6250,6453,12703
202203,3호선,동대입구,8139,8851,16990
202203,3호선,매봉,11309,10713,22022
202203,3호선,무악재,3608,3742,7350
202203,3호선,불광,14661,15544,30205
202203,3호선,수서,14661,15223,29884
202203,3호선,신사,27041,28120,55161
202203,3호선,안국,16965,17245,34210
202203,3호선,압구정,28049,30076,58125
202203,3호선,약수,11706,11484,23190
202203,3호선,양재,34295,37590,71885
202203,3호선,연신내,33030,31465,64495
202203,3호선,오금,5673,5081,10754
202203,3호선,옥수,7630,8015,15645
202203,3호선,을지로3가,9111,9322,18433
202203,3호선,일원,9572,9404,18976
202203,3호선,잠원,4309,4170,8479
202203,3호선,종로3가,8943,10251,19194
202203,3호선,지축,4302,4100,8402
202203,3호선,충무로,1,0,1
202203,3호선,학여울,1587,1566,3153
202203,3호선,홍제,16110,15483,31593
202203,3호선,가락시장,8317,8066,16383
202203,3호선,경복궁,19112,18605,37717
202203,3호선,경찰병원,6965,6922,13887
202203,3호선,고속터미널,33295,32389,65684
202203,3호선,교대,13121,8767,21888
202203,3호선,구파발,18938,18154,37092
202203,3호선,금호,7420,6854,14274
202203,3호선,남부터미널,26257,26405,52662
202203,3호선,녹번,14760,13260,28020
202203,3호선,대청,9124,8459,17583
202203,3호선,대치,10240,10274,20514
202203,3호선,도곡,4899,5042,9941
202203,3호선,독립문,6598,6740,13338
202203,3호선,동대입구,8191,8890,17081
202203,3호선,매봉,11442,10804,22246
202203,3호선,무악재,3632,3739,7371
202203,3호선,불광,14938,16179,31117
202203,3호선,수서,15250,15486,30736
202203,3호선,신사,28034,29462,57496
202203,3호선,안국,17662,18363,36025
202203,3호선,압구정,29064,31150,60214
202203,3호선,약수,12073,11954,24027
202203,3호선,양재,35588,38533,74121
202203,3호선,연신내,33719,32048,65767
202203,3호선,오금,5656,5241,10897
202203,3호선,옥수,7971,8236,16207
202203,3호선,을지로3가,9457,9921,19378
202203,3호선,일원,9893,9432,19325
202203,3호선,잠원,4388,4204,8592
202203,3호선,종로3가,9103,10776,19879
202203,3호선,지축,4446,4136,8582
202203,3호선,충무로,3,0,3
202203,3호선,학여울,1618,1609,3227
202203,3호선,홍제,16346,15570,31916
202203,3호선,가락시장,4066,3979,8045
202203,3호선,경복궁,11655,12565,24220
202203,3호선,경찰병원,2659,2697,5356
202203,3호선,고속터미널,28527,26957,55484
202203,3호선,교대,4286,2777,7063
202203,3호선,구파발,10749,10923,21672
202203,3호선,금호,4193,3981,8174
202203,3호선,남부터미널,12285,12509,24794
202203,3호선,녹번,7417,6652,14069
202203,3호선,대청,4211,4084,8295
202203,3호선,대치,5563,5359,10922
202203,3호선,도곡,2098,2074,4172
202203,3호선,독립문,4316,4798,9114
202203,3호선,동대입구,4305,5027,9332
202203,3호선,매봉,3969,3871,7840
202203,3호선,무악재,1929,2089,4018
202203,3호선,불광,9587,10918,20505
202203,3호선,수서,7644,7700,15344
202203,3호선,신사,14669,14951,29620
202203,3호선,안국,10736,11934,22670
202203,3호선,압구정,14560,15439,29999
202203,3호선,약수,6701,6220,12921
202203,3호선,양재,12084,13469,25553
202203,3호선,연신내,21248,20001,41249
202203,3호선,오금,2297,2269,4566
202203,3호선,옥수,4857,5118,9975
202203,3호선,을지로3가,3561,3537,7098
202203,3호선,일원,3213,3279,6492
202203,3호선,잠원,2289,2189,4478
202203,3호선,종로3가,4801,5973,10774
202203,3호선,지축,2431,2282,4713
202203,3호선,학여울,871,1055,1926
202203,3호선,홍제,9284,8985,18269
202203,3호선,가락시장,7821,7652,15473
202203,3호선,경복궁,18115,17547,35662
202203,3호선,경찰병원,6549,6577,13126
202203,3호선,고속터미널,32445,30256,62701
202203,3호선,교대,13030,8515,21545
202203,3호선,구파발,18493,17864,36357
202203,3호선,금호,7184,6823,14007
202203,3호선,남부터미널,25746,26099,51845
202203,3호선,녹번,14316,13002,27318
202203,3호선,대청,8777,8261,17038
202203,3호선,대치,9720,9859,19579
202203,3호선,도곡,4843,5015,9858
202203,3호선,독립문,6344,6572,12916
202203,3호선,동대입구,8114,8851,16965
202203,3호선,매봉,10933,10545,21478
202203,3호선,무악재,3529,3668,7197
202203,3호선,불광,14440,15511,29951
202203,3호선,수서,14485,14997,29482
202203,3호선,신사,26777,27852,54629
202203,3호선,안국,17336,17924,35260
202203,3호선,압구정,27663,29526,57189
202203,3호선,약수,11422,11234,22656
202203,3호선,양재,34544,37650,72194
202203,3호선,연신내,33102,31348,64450
202203,3호선,오금,5501,5136,10637
202203,3호선,옥수,7715,8061,15776
202203,3호선,을지로3가,8973,9134,18107
202203,3호선,일원,9686,9267,18953
202203,3호선,잠원,4357,4239,8596
202203,3호선,종로3가,9214,10386,19600
202203,3호선,지축,4245,4097,8342
202203,3호선,학여울,1520,1561,3081
202203,3호선,홍제,15971,15315,31286
202203,3호선,가락시장,8604,8395,16999
202203,3호선,경복궁,18045,17583,35628
202203,3호선,경찰병원,6688,6604,13292
202203,3호선,고속터미널,37793,38573,76366
202203,3호선,교대,13243,8515,21758
202203,3호선,구파발,19155,18247,37402
202203,3호선,금호,7398,6873,14271
202203,3호선,남부터미널,27313,27339,54652
202203,3호선,녹번,14540,12841,27381
202203,3호선,대청,9121,8547,17668
202203,3호선,대치,10236,10365,20601
202203,3호선,도곡,4905,4992,9897
202203,3호선,독립문,6548,6840,13388
202203,3호선,동대입구,7714,8226,15940
202203,3호선,매봉,11271,10703,21974
202203,3호선,무악재,3426,3517,6943
202203,3호선,불광,15014,15789,30803
202203,3호선,수서,16373,16513,32886
202203,3호선,신사,29259,30880,60139
202203,3호선,안국,17675,18397,36072
202203,3호선,압구정,29706,31898,61604
202203,3호선,약수,11859,11592,23451
202203,3호선,양재,36019,38067,74086
202203,3호선,연신내,34856,33369,68225
202203,3호선,오금,5696,5278,10974
202203,3호선,옥수,8133,8418,16551
202203,3호선,을지로3가,9421,9861,19282
202203,3호선,일원,9613,9031,18644
202203,3호선,잠원,4524,4312,8836
202203,3호선,종로3가,9377,11140,20517
202203,3호선,지축,4444,4195,8639
202203,3호선,충무로,4,0,4
202203,3호선,학여울,1565,1560,3125
202203,3호선,홍제,16266,15468,31734
202203,3호선,가락시장,7817,7626,15443
202203,3호선,경복궁,16890,16452,33342
202203,3호선,경찰병원,6777,6822,13599
202203,3호선,고속터미널,31515,30225,61740
202203,3호선,교대,12462,8178,20640
202203,3호선,구파발,17765,16989,34754
202203,3호선,금호,6740,6509,13249
202203,3호선,남부터미널,24114,24775,48889
202203,3호선,녹번,13820,12556,26376
202203,3호선,대청,9210,8460,17670
202203,3호선,대치,9637,9988,19625
202203,3호선,도곡,4840,4868,9708
202203,3호선,독립문,5831,6079,11910
202203,3호선,동대입구,7982,8384,16366
202203,3호선,매봉,10817,10408,21225
202203,3호선,무악재,3332,3530,6862
202203,3호선,불광,13743,14570,28313
202203,3호선,수서,14588,15092,29680
202203,3호선,신사,26309,27323,53632
202203,3호선,안국,16314,16316,32630
202203,3호선,압구정,26892,28525,55417
202203,3호선,약수,11148,11145,22293
202203,3호선,양재,33682,36559,70241
202203,3호선,연신내,31631,29874,61505
202203,3호선,오금,5468,4954,10422
202203,3호선,옥수,7298,7699,14997
202203,3호선,을지로3가,9114,9055,18169
202203,3호선,일원,9480,9153,18633
202203,3호선,잠원,4109,4041,8150
202203,3호선,종로3가,8924,9855,18779
202203,3호선,지축,4151,4020,8171
202203,3호선,충무로,1,0,1
202203,3호선,학여울,1508,1560,3068
202203,3호선,홍제,15604,14992,30596
202203,3호선,가락시장,8122,8003,16125
202203,3호선,경복궁,18197,17636,35833
202203,3호선,경찰병원,6642,6624,13266
202203,3호선,고속터미널,31037,29692,60729
202203,3호선,교대,12828,8355,21183
202203,3호선,구파발,18706,17982,36688
202203,3호선,금호,7060,6726,13786
202203,3호선,남부터미널,24776,25471,50247
202203,3호선,녹번,14315,13057,27372
202203,3호선,대청,9367,8593,17960
202203,3호선,대치,9965,10107,20072
202203,3호선,도곡,4791,4920,9711
202203,3호선,독립문,6409,6638,13047
202203,3호선,동대입구,7997,8669,16666
202203,3호선,매봉,11048,10541,21589
202203,3호선,무악재,3552,3530,7082
202203,3호선,불광,14940,15781,30721
202203,3호선,수서,14428,14827,29255
202203,3호선,신사,26726,27835,54561
202203,3호선,안국,17264,17701,34965
202203,3호선,압구정,28304,30001,58305
202203,3호선,약수,11672,11345,23017
202203,3호선,양재,34533,37199,71732
202203,3호선,연신내,33375,31884,65259
202203,3호선,오금,5563,5128,10691
202203,3호선,옥수,7791,8115,15906
202203,3호선,을지로3가,9037,9220,18257
202203,3호선,일원,9710,9432,19142
202203,3호선,잠원,4336,4270,8606
202203,3호선,종로3가,9011,10305,19316
202203,3호선,지축,4434,4167,8601
202203,3호선,학여울,1754,1711,3465
202203,3호선,홍제,15992,15588,31580
202203,3호선,가락시장,7980,7768,15748
202203,3호선,경복궁,18462,18137,36599
202203,3호선,경찰병원,6456,6495,12951
202203,3호선,고속터미널,31214,29780,60994
202203,3호선,교대,13151,8369,21520
202203,3호선,구파발,18464,17956,36420
202203,3호선,금호,7065,6607,13672
202203,3호선,남부터미널,25318,25812,51130
202203,3호선,녹번,14284,12924,27208
202203,3호선,대청,9258,8348,17606
202203,3호선,대치,9541,9794,19335
202203,3호선,도곡,4730,4990,9720
202203,3호선,독립문,6454,6645,13099
202203,3호선,동대입구,8284,9050,17334
202203,3호선,매봉,11181,10607,21788
202203,3호선,무악재,3504,3600,7104
202203,3호선,불광,14843,15951,30794
202203,3호선,수서,14563,14801,29364
202203,3호선,신사,26749,27823,54572
202203,3호선,안국,17824,18248,36072
202203,3호선,압구정,27571,29159,56730
202203,3호선,약수,11684,11289,22973
202203,3호선,양재,34222,37217,71439
202203,3호선,연신내,33177,31425,64602
202203,3호선,오금,5524,5091,10615
202203,3호선,옥수,7711,8082,15793
202203,3호선,을지로3가,9230,9403,18633
202203,3호선,일원,9512,9216,18728
202203,3호선,잠원,4330,4183,8513
202203,3호선,종로3가,8966,10278,19244
202203,3호선,지축,4495,4199,8694
202203,3호선,학여울,2548,2579,5127
202203,3호선,홍제,15985,15171,31156
202203,3호선,가락시장,7853,7662,15515
202203,3호선,경복궁,18046,17465,35511
202203,3호선,경찰병원,6517,6533,13050
202203,3호선,고속터미널,31145,29889,61034
202203,3호선,교대,12852,8343,21195
202203,3호선,구파발,18462,17543,36005
202203,3호선,금호,6844,6542,13386
202203,3호선,남부터미널,25354,25753,51107
202203,3호선,녹번,14081,12640,26721
202203,3호선,대청,9186,8460,17646
202203,3호선,대치,9711,9815,19526
202203,3호선,도곡,4609,4885,9494
202203,3호선,독립문,6084,6430,12514
202203,3호선,동대입구,8008,8759,16767
202203,3호선,매봉,10836,10282,21118
202203,3호선,무악재,3414,3509,6923
202203,3호선,불광,14293,15312,29605
202203,3호선,수서,14592,14765,29357
202203,3호선,신사,26952,27554,54506
202203,3호선,안국,17466,17819,35285
202203,3호선,압구정,26736,28453,55189
202203,3호선,약수,11509,11204,22713
202203,3호선,양재,34071,36821,70892
202203,3호선,연신내,32546,31062,63608
202203,3호선,오금,5465,5021,10486
202203,3호선,옥수,7578,7895,15473
202203,3호선,을지로3가,9151,9045,18196
202203,3호선,일원,9321,9161,18482
202203,3호선,잠원,4226,4161,8387
202203,3호선,종로3가,9021,10119,19140
202203,3호선,지축,4351,4067,8418
202203,3호선,충무로,1,0,1
202203,3호선,학여울,2651,2797,5448
202203,3호선,홍제,15964,15198,31162
202203,3호선,가락시장,8145,7968,16113
202203,3호선,경복궁,17934,17393,35327
202203,3호선,경찰병원,6598,6398,12996
202203,3호선,고속터미널,37200,38152,75352
202203,3호선,교대,13079,8242,21321
202203,3호선,구파발,18182,17443,35625
202203,3호선,금호,7070,6535,13605
202203,3호선,남부터미널,27256,27502,54758
202203,3호선,녹번,14044,12495,26539
202203,3호선,대청,9335,8488,17823
202203,3호선,대치,10031,10120,20151
202203,3호선,도곡,4670,4888,9558
202203,3호선,독립문,6125,6282,12407
202203,3호선,동대입구,7175,7526,14701
202203,3호선,매봉,10822,10406,21228
202203,3호선,무악재,3446,3451,6897
202203,3호선,불광,14379,15331,29710
202203,3호선,수서,16385,16464,32849
202203,3호선,신사,29209,30597,59806
202203,3호선,안국,17824,18169,35993
202203,3호선,압구정,29025,31113,60138
202203,3호선,약수,11817,11339,23156
202203,3호선,양재,35369,37285,72654
202203,3호선,연신내,33219,31768,64987
202203,3호선,오금,5745,5183,10928
202203,3호선,옥수,7672,8014,15686
202203,3호선,을지로3가,9313,9603,18916
202203,3호선,일원,9602,8947,18549
202203,3호선,잠원,4240,4166,8406
202203,3호선,종로3가,9269,10708,19977
202203,3호선,지축,4250,4053,8303
202203,3호선,충무로,1,0,1
202203,3호선,학여울,2889,3002,5891
202203,3호선,홍제,15954,15100,31054
202203,3호선,가락시장,8074,7803,15877
202203,3호선,경복궁,18042,17528,35570
202203,3호선,경찰병원,6652,6776,13428
202203,3호선,고속터미널,27857,26587,54444
202203,3호선,교대,12506,8258,20764
202203,3호선,구파발,18705,17691,36396
202203,3호선,금호,6912,6608,13520
202203,3호선,남부터미널,24723,25528,50251
202203,3호선,녹번,14133,12947,27080
202203,3호선,대청,9501,8659,18160
202203,3호선,대치,9761,9980,19741
202203,3호선,도곡,4866,4946,9812
202203,3호선,독립문,5974,6288,12262
202203,3호선,동대입구,8087,8712,16799
202203,3호선,매봉,11185,10582,21767
202203,3호선,무악재,3490,3571,7061
202203,3호선,불광,14489,15428,29917
202203,3호선,수서,14638,15260,29898
202203,3호선,신사,26823,27827,54650
202203,3호선,안국,17220,17424,34644
202203,3호선,압구정,25718,27518,53236
202203,3호선,약수,11374,11187,22561
202203,3호선,양재,33956,36995,70951
202203,3호선,연신내,33005,31233,64238
202203,3호선,오금,5615,5069,10684
202203,3호선,옥수,7404,7917,15321
202203,3호선,을지로3가,9023,9152,18175
202203,3호선,일원,9358,8915,18273
202203,3호선,잠원,4255,4090,8345
202203,3호선,종로3가,8929,10090,19019
202203,3호선,지축,4388,4174,8562
202203,3호선,충무로,1,0,1
202203,3호선,학여울,1488,1506,2994
202203,3호선,홍제,16176,15383,31559
202203,3호선,가락시장,8134,7947,16081
202203,3호선,경복궁,18775,18393,37168
202203,3호선,경찰병원,6814,6776,13590
202203,3호선,고속터미널,31875,30388,62263
202203,3호선,교대,13183,8515,21698
202203,3호선,구파발,18829,18169,36998
202203,3호선,금호,7053,6722,13775
202203,3호선,남부터미널,25251,25837,51088
202203,3호선,녹번,14272,13092,27364
202203,3호선,대청,9412,8580,17992
202203,3호선,대치,9796,9976,19772
202203,3호선,도곡,4784,4981,9765
202203,3호선,독립문,6289,6615,12904
202203,3호선,동대입구,8419,9074,17493
202203,3호선,매봉,11260,10808,22068
202203,3호선,무악재,3557,3678,7235
202203,3호선,불광,14783,15785,30568
202203,3호선,수서,14440,15007,29447
202203,3호선,신사,27798,28722,56520
202203,3호선,안국,18080,18865,36945
202203,3호선,압구정,28607,30450,59057
202203,3호선,약수,11761,11424,23185
202203,3호선,양재,34520,37593,72113
202203,3호선,연신내,33242,31771,65013
202203,3호선,오금,5685,5219,10904
202203,3호선,옥수,7883,8278,16161
202203,3호선,을지로3가,9121,9245,18366
202203,3호선,일원,9601,9189,18790
202203,3호선,잠원,4249,4193,8442
202203,3호선,종로3가,9119,10407,19526
202203,3호선,지축,4400,4270,8670
202203,3호선,충무로,1,0,1
202203,3호선,학여울,1580,1619,3199
202203,3호선,홍제,16551,15668,32219
202203,3호선,가락시장,8053,7897,15950
202203,3호선,경복궁,19370,18832,38202
202203,3호선,경찰병원,6701,6728,13429
202203,3호선,고속터미널,31718,30482,62200
202203,3호선,교대,12918,8515,21433
202203,3호선,구파발,18663,17771,36434
202203,3호선,금호,6927,6515,13442
202203,3호선,남부터미널,25047,25426,50473
202203,3호선,녹번,14337,12913,27250
202203,3호선,대청,9328,8607,17935
202203,3호선,대치,9494,9731,19225
202203,3호선,도곡,4794,4939,9733
202203,3호선,독립문,6120,6453,12573
202203,3호선,동대입구,8349,9113,17462
202203,3호선,매봉,11130,10805,21935
202203,3호선,무악재,3535,3631,7166
202203,3호선,불광,14434,15445,29879
202203,3호선,수서,14653,15171,29824
202203,3호선,신사,26685,27619,54304
202203,3호선,안국,18028,18850,36878
202203,3호선,압구정,27722,29363,57085
202203,3호선,약수,11780,11469,23249
202203,3호선,양재,34686,37553,72239
202203,3호선,연신내,33269,31488,64757
202203,3호선,오금,5615,5162,10777
202203,3호선,옥수,7689,8097,15786
202203,3호선,을지로3가,9193,9349,18542
202203,3호선,일원,9394,9026,18420
202203,3호선,잠원,4245,4194,8439
202203,3호선,종로3가,9255,10490,19745
202203,3호선,지축,4453,4181,8634
202203,3호선,충무로,1,0,1
202203,3호선,학여울,1657,1708,3365
202203,3호선,홍제,16337,15662,31999
202203,3호선,가락시장,8085,7853,15938
202203,3호선,경복궁,19531,19213,38744
202203,3호선,경찰병원,6426,6340,12766
202203,3호선,고속터미널,33015,31772,64787
202203,3호선,교대,13651,8777,22428
202203,3호선,구파발,18770,18090,36860
202203,3호선,금호,6987,6504,13491
202203,3호선,남부터미널,25452,25793,51245
202203,3호선,녹번,14345,13067,27412
202203,3호선,대청,9413,8440,17853
202203,3호선,대치,9832,9737,19569
202203,3호선,도곡,4763,4920,9683
202203,3호선,독립문,6222,6586,12808
202203,3호선,동대입구,8057,8754,16811
202203,3호선,매봉,11221,10659,21880
202203,3호선,무악재,3643,3732,7375
202203,3호선,불광,14625,15666,30291
202203,3호선,수서,15125,15362,30487
202203,3호선,신사,27236,28694,55930
202203,3호선,안국,18623,19796,38419
202203,3호선,압구정,27243,28960,56203
202203,3호선,약수,11702,11567,23269
202203,3호선,양재,34740,37366,72106
202203,3호선,연신내,33617,31663,65280
202203,3호선,오금,5726,5309,11035
202203,3호선,옥수,7931,8534,16465
202203,3호선,을지로3가,9414,9691,19105
202203,3호선,일원,9844,9294,19138
202203,3호선,잠원,4310,4150,8460
202203,3호선,종로3가,9153,10380,19533
202203,3호선,지축,4361,4139,8500
202203,3호선,충무로,2,0,2
202203,3호선,학여울,3110,3416,6526
202203,3호선,홍제,16325,15477,31802
202203,3호선,가락시장,8531,8391,16922
202203,3호선,경복궁,19005,17737,36742
202203,3호선,경찰병원,6832,6779,13611
202203,3호선,고속터미널,39498,41154,80652
202203,3호선,교대,13380,8585,21965
202203,3호선,구파발,18985,18221,37206
202203,3호선,금호,7363,7118,14481
202203,3호선,남부터미널,27908,27570,55478
202203,3호선,녹번,14235,12961,27196
202203,3호선,대청,9794,9021,18815
202203,3호선,대치,10195,10365,20560
202203,3호선,도곡,4962,5289,10251
202203,3호선,독립문,6356,6617,12973
202203,3호선,동대입구,7616,8181,15797
202203,3호선,매봉,11223,10635,21858
202203,3호선,무악재,3543,3603,7146
202203,3호선,불광,15203,16423,31626
202203,3호선,수서,16770,17026,33796
202203,3호선,신사,30409,31895,62304
202203,3호선,안국,19043,18925,37968
202203,3호선,압구정,29777,31751,61528
202203,3호선,약수,12277,12283,24560
202203,3호선,양재,36561,37763,74324
202203,3호선,연신내,34521,32512,67033
202203,3호선,오금,5774,5310,11084
202203,3호선,옥수,7938,8412,16350
202203,3호선,을지로3가,9769,9821,19590
202203,3호선,일원,9244,8790,18034
202203,3호선,잠원,4475,4738,9213
202203,3호선,종로3가,9703,11212,20915
202203,3호선,지축,4497,4198,8695
202203,3호선,학여울,2896,2981,5877
202203,3호선,홍제,16403,15996,32399
202203,3호선,가락시장,8377,8165,16542
202203,3호선,경복궁,19024,18449,37473
202203,3호선,경찰병원,6807,6870,13677
202203,3호선,고속터미널,33291,31945,65236
202203,3호선,교대,12878,8436,21314
202203,3호선,구파발,18986,18156,37142
202203,3호선,금호,7199,6956,14155
202203,3호선,남부터미널,25195,25771,50966
202203,3호선,녹번,14634,13431,28065
202203,3호선,대청,9620,8816,18436
202203,3호선,대치,10074,10161,20235
202203,3호선,도곡,4908,5058,9966
202203,3호선,독립문,6303,6755,13058
202203,3호선,동대입구,8239,8803,17042
202203,3호선,매봉,11113,10509,21622
202203,3호선,무악재,3586,3669,7255
202203,3호선,불광,14790,15979,30769
202203,3호선,수서,15341,15733,31074
202203,3호선,신사,27244,28096,55340
202203,3호선,안국,18051,18274,36325
202203,3호선,압구정,28017,29534,57551
202203,3호선,약수,11832,11669,23501
202203,3호선,양재,34465,37584,72049
202203,3호선,연신내,34187,32444,66631
202203,3호선,오금,5855,5216,11071
202203,3호선,옥수,7898,8280,16178
202203,3호선,을지로3가,9423,9469,18892
202203,3호선,일원,9681,9466,19147
202203,3호선,잠원,4368,4238,8606
202203,3호선,종로3가,9250,10178,19428
202203,3호선,지축,4636,4334,8970
202203,3호선,충무로,4,0,4
202203,3호선,학여울,1576,1607,3183
202203,3호선,홍제,16448,15859,32307
202203,3호선,가락시장,8410,8209,16619
202203,3호선,경복궁,19796,19211,39007
202203,3호선,경찰병원,6786,6865,13651
202203,3호선,고속터미널,32684,31025,63709
202203,3호선,교대,13442,8625,22067
202203,3호선,구파발,19379,18560,37939
202203,3호선,금호,7386,6946,14332
202203,3호선,남부터미널,25575,26029,51604
202203,3호선,녹번,14882,13501,28383
202203,3호선,대청,9577,8801,18378
202203,3호선,대치,10155,10074,20229
202203,3호선,도곡,4949,5012,9961
202203,3호선,독립문,6560,6870,13430
202203,3호선,동대입구,8238,9036,17274
202203,3호선,매봉,11311,10830,22141
202203,3호선,무악재,3600,3692,7292
202203,3호선,불광,15167,16280,31447
202203,3호선,수서,15168,15438,30606
202203,3호선,신사,28157,29250,57407
202203,3호선,안국,18795,19853,38648
202203,3호선,압구정,28958,30822,59780
202203,3호선,약수,12223,11975,24198
202203,3호선,양재,35208,38492,73700
202203,3호선,연신내,34531,32538,67069
202203,3호선,오금,5792,5285,11077
202203,3호선,옥수,8202,8587,16789
202203,3호선,을지로3가,9581,9808,19389
202203,3호선,일원,9860,9543,19403
202203,3호선,잠원,4452,4517,8969
202203,3호선,종로3가,9297,10369,19666
202203,3호선,지축,4640,4444,9084
202203,3호선,충무로,3,0,3
202203,3호선,학여울,1662,1670,3332
202203,3호선,홍제,16499,15844,32343
202203,3호선,가락시장,8236,8107,16343
202203,3호선,경복궁,19632,19079,38711
202203,3호선,경찰병원,6909,6889,13798
202203,3호선,고속터미널,31744,30283,62027
202203,3호선,교대,13223,8717,21940
202203,3호선,구파발,18806,18272,37078
202203,3호선,금호,7245,6829,14074
202203,3호선,남부터미널,25503,26105,51608
202203,3호선,녹번,14723,13411,28134
202203,3호선,대청,9653,8740,18393
202203,3호선,대치,9790,9928,19718
202203,3호선,도곡,4816,5020,9836
202203,3호선,독립문,6147,6528,12675
202203,3호선,동대입구,8013,8733,16746
202203,3호선,매봉,11371,10760,22131
202203,3호선,무악재,3522,3587,7109
202203,3호선,불광,14615,15744,30359
202203,3호선,수서,14964,15367,30331
202203,3호선,신사,26902,27813,54715
202203,3호선,안국,19045,19673,38718
202203,3호선,압구정,27841,29679,57520
202203,3호선,약수,12153,11882,24035
202203,3호선,양재,35371,38374,73745
202203,3호선,연신내,33590,31724,65314
202203,3호선,오금,5826,5257,11083
202203,3호선,옥수,7989,8322,16311
202203,3호선,을지로3가,9695,9710,19405
202203,3호선,일원,9559,9151,18710
202203,3호선,잠원,4446,4293,8739
202203,3호선,종로3가,9289,10270,19559
202203,3호선,지축,4505,4282,8787
202203,3호선,충무로,1,0,1
202203,3호선,학여울,1569,1653,3222
202203,3호선,홍제,16415,15632,32047
202203,3호선,가락시장,8404,8302,16706
202203,3호선,경복궁,20134,19421,39555
202203,3호선,경찰병원,6735,6766,13501
202203,3호선,고속터미널,33892,32410,66302
202203,3호선,교대,13753,8903,22656
202203,3호선,구파발,19171,18337,37508
202203,3호선,금호,7380,6918,14298
202203,3호선,남부터미널,26030,26362,52392
202203,3호선,녹번,14755,13461,28216
202203,3호선,대청,9587,8741,18328
202203,3호선,대치,10038,10137,20175
202203,3호선,도곡,4985,5052,10037
202203,3호선,독립문,6387,6829,13216
202203,3호선,동대입구,8247,9076,17323
202203,3호선,매봉,11424,10943,22367
202203,3호선,무악재,3613,3612,7225
202203,3호선,불광,15188,16221,31409
202203,3호선,수서,15400,15797,31197
202203,3호선,신사,28072,28895,56967
202203,3호선,안국,18872,19845,38717
202203,3호선,압구정,27696,29784,57480
202203,3호선,약수,12042,11707,23749
202203,3호선,양재,35773,38816,74589
202203,3호선,연신내,34437,32652,67089
202203,3호선,오금,5971,5459,11430
202203,3호선,옥수,8316,8597,16913
202203,3호선,을지로3가,9557,9810,19367
202203,3호선,일원,9625,9418,19043
202203,3호선,잠원,4447,4401,8848
202203,3호선,종로3가,9279,10674,19953
202203,3호선,지축,4594,4268,8862
202203,3호선,학여울,1810,1835,3645
202203,3호선,홍제,16840,15916,32756
202204,3호선,가락시장,8716,8708,17424
202204,3호선,경복궁,21753,21531,43284
202204,3호선,경찰병원,6993,6858,13851
202204,3호선,고속터미널,42055,43793,85848
202204,3호선,교대,13976,9108,23084
202204,3호선,구파발,19702,19262,38964
202204,3호선,금호,7781,7169,14950
202204,3호선,남부터미널,28716,28916,57632
202204,3호선,녹번,15091,13417,28508
202204,3호선,대청,9753,8995,18748
202204,3호선,대치,10670,10752,21422
202204,3호선,도곡,5004,5232,10236
202204,3호선,독립문,6835,7233,14068
202204,3호선,동대입구,8586,9502,18088
202204,3호선,매봉,11596,11102,22698
202204,3호선,무악재,3724,3706,7430
202204,3호선,불광,15588,16636,32224
202204,3호선,수서,17340,17878,35218
202204,3호선,신사,31088,32585,63673
202204,3호선,안국,20895,21751,42646
202204,3호선,압구정,30687,32977,63664
202204,3호선,약수,12826,12476,25302
202204,3호선,양재,37358,39966,77324
202204,3호선,연신내,35789,34222,70011
202204,3호선,오금,6062,5504,11566
202204,3호선,옥수,8999,9159,18158
202204,3호선,을지로3가,10123,10645,20768
202204,3호선,일원,9912,9330,19242
202204,3호선,잠원,4769,4664,9433
202204,3호선,종로3가,9980,11774,21754
202204,3호선,지축,4780,4420,9200
202204,3호선,학여울,1653,1713,3366
202204,3호선,홍제,17104,16234,33338
202204,3호선,가락시장,8495,8447,16942
202204,3호선,경복궁,19456,19144,38600
202204,3호선,경찰병원,7078,7077,14155
202204,3호선,고속터미널,34856,33253,68109
202204,3호선,교대,13691,9068,22759
202204,3호선,구파발,19600,18413,38013
202204,3호선,금호,7575,7155,14730
202204,3호선,남부터미널,26560,27377,53937
202204,3호선,녹번,14906,13543,28449
202204,3호선,대청,10011,9182,19193
202204,3호선,대치,10411,10546,20957
202204,3호선,도곡,5147,5215,10362
202204,3호선,독립문,6599,6840,13439
202204,3호선,동대입구,8470,9354,17824
202204,3호선,매봉,11569,11060,22629
202204,3호선,무악재,3722,3734,7456
202204,3호선,불광,15174,16202,31376
202204,3호선,수서,16321,16711,33032
202204,3호선,신사,27864,28942,56806
202204,3호선,안국,18265,18907,37172
202204,3호선,압구정,28607,30553,59160
202204,3호선,약수,12452,12157,24609
202204,3호선,양재,35822,39104,74926
202204,3호선,연신내,34756,32945,67701
202204,3호선,오금,6043,5478,11521
202204,3호선,옥수,8371,8667,17038
202204,3호선,을지로3가,9652,9848,19500
202204,3호선,일원,10130,9899,20029
202204,3호선,잠원,4632,4400,9032
202204,3호선,종로3가,9278,10695,19973
202204,3호선,지축,4694,4437,9131
202204,3호선,충무로,4,0,4
202204,3호선,학여울,1644,1682,3326
202204,3호선,홍제,17215,16473,33688
202204,3호선,가락시장,8523,8547,17070
202204,3호선,경복궁,20124,19601,39725
202204,3호선,경찰병원,6977,7014,13991
202204,3호선,고속터미널,34412,32897,67309
202204,3호선,교대,13997,9240,23237
202204,3호선,구파발,19893,19030,38923
202204,3호선,금호,7536,7099,14635
202204,3호선,남부터미널,27272,28059,55331
202204,3호선,녹번,15302,13824,29126
202204,3호선,대청,10097,9252,19349
202204,3호선,대치,10429,10591,21020
202204,3호선,도곡,5102,5323,10425
202204,3호선,독립문,6659,6958,13617
202204,3호선,동대입구,8772,9467,18239
202204,3호선,매봉,12055,11488,23543
202204,3호선,무악재,3726,3877,7603
202204,3호선,불광,15605,16711,32316
202204,3호선,수서,15553,15971,31524
202204,3호선,신사,28419,29873,58292
202204,3호선,안국,20611,21851,42462
202204,3호선,압구정,29701,31667,61368
202204,3호선,약수,12554,12225,24779
202204,3호선,양재,36849,40111,76960
202204,3호선,연신내,35417,33436,68853
202204,3호선,오금,6156,5616,11772
202204,3호선,옥수,8747,9024,17771
202204,3호선,을지로3가,9798,10011,19809
202204,3호선,일원,10438,9969,20407
202204,3호선,잠원,4671,4566,9237
202204,3호선,종로3가,9530,10858,20388
202204,3호선,지축,4807,4550,9357
202204,3호선,학여울,1729,1719,3448
202204,3호선,홍제,17297,16300,33597
202204,3호선,가락시장,8663,8625,17288
202204,3호선,경복궁,22048,21733,43781
202204,3호선,경찰병원,7096,7003,14099
202204,3호선,고속터미널,34523,33086,67609
202204,3호선,교대,14004,9249,23253
202204,3호선,구파발,19926,19056,38982
202204,3호선,금호,7822,7198,15020
202204,3호선,남부터미널,27597,28133,55730
202204,3호선,녹번,15566,13903,29469
202204,3호선,대청,10198,9279,19477
202204,3호선,대치,10267,10350,20617
202204,3호선,도곡,5283,5571,10854
202204,3호선,독립문,6829,7224,14053
202204,3호선,동대입구,8313,9360,17673
202204,3호선,매봉,12210,11658,23868
202204,3호선,무악재,3778,3914,7692
202204,3호선,불광,15433,16526,31959
202204,3호선,수서,15900,16138,32038
202204,3호선,신사,28247,29354,57601
202204,3호선,안국,21173,22128,43301
202204,3호선,압구정,28959,31081,60040
202204,3호선,약수,12880,12528,25408
202204,3호선,양재,36856,40218,77074
202204,3호선,연신내,35745,33706,69451
202204,3호선,오금,6073,5532,11605
202204,3호선,옥수,8671,8821,17492
202204,3호선,을지로3가,9884,10227,20111
202204,3호선,일원,10226,9812,20038
202204,3호선,잠원,4645,4662,9307
202204,3호선,종로3가,9503,11006,20509
202204,3호선,지축,4891,4595,9486
202204,3호선,충무로,3,0,3
202204,3호선,학여울,1855,1927,3782
202204,3호선,홍제,17525,16541,34066
202204,3호선,가락시장,8783,8807,17590
202204,3호선,경복궁,21921,21932,43853
202204,3호선,경찰병원,7010,7059,14069
202204,3호선,고속터미널,36420,34962,71382
202204,3호선,교대,14527,9533,24060
202204,3호선,구파발,19910,18843,38753
202204,3호선,금호,7611,7194,14805
202204,3호선,남부터미널,28287,28418,56705
202204,3호선,녹번,15722,14120,29842
202204,3호선,대청,10231,9337,19568
202204,3호선,대치,10464,10652,21116
202204,3호선,도곡,5322,5615,10937
202204,3호선,독립문,6781,7109,13890
202204,3호선,동대입구,8939,9884,18823
202204,3호선,매봉,12487,12028,24515
202204,3호선,무악재,3866,3904,7770
202204,3호선,불광,15624,16736,32360
202204,3호선,수서,16403,16630,33033
202204,3호선,신사,28906,30114,59020
202204,3호선,안국,20875,21793,42668
202204,3호선,압구정,29200,31255,60455
202204,3호선,약수,12740,12419,25159
202204,3호선,양재,37428,40810,78238
202204,3호선,연신내,35315,33527,68842
202204,3호선,오금,6214,5592,11806
202204,3호선,옥수,8899,9052,17951
202204,3호선,을지로3가,9957,10196,20153
202204,3호선,일원,10289,9949,20238
202204,3호선,잠원,4614,4510,9124
202204,3호선,종로3가,9581,10949,20530
202204,3호선,지축,4940,4569,9509
202204,3호선,충무로,1,0,1
202204,3호선,학여울,1986,2031,4017
202204,3호선,홍제,17461,16708,34169
202204,3호선,가락시장,9209,9120,18329
202204,3호선,경복궁,22280,22441,44721
202204,3호선,경찰병원,7165,7180,14345
202204,3호선,고속터미널,44494,46343,90837
202204,3호선,교대,14510,9580,24090
202204,3호선,구파발,20555,19372,39927
202204,3호선,금호,8162,7459,15621
202204,3호선,남부터미널,30882,31030,61912
202204,3호선,녹번,15844,13691,29535
202204,3호선,대청,10466,9468,19934
202204,3호선,대치,11114,11227,22341
202204,3호선,도곡,5636,6112,11748
202204,3호선,독립문,7128,7335,14463
202204,3호선,동대입구,8500,9472,17972
202204,3호선,매봉,12933,12431,25364
202204,3호선,무악재,3855,3901,7756
202204,3호선,불광,16013,16920,32933
202204,3호선,수서,18367,18546,36913
202204,3호선,신사,31007,33799,64806
202204,3호선,안국,22472,24039,46511
202204,3호선,압구정,31285,34213,65498
202204,3호선,약수,13288,12864,26152
202204,3호선,양재,39038,41631,80669
202204,3호선,연신내,37094,34756,71850
202204,3호선,오금,6403,5736,12139
202204,3호선,옥수,9189,9314,18503
202204,3호선,을지로3가,10126,10919,21045
202204,3호선,일원,10172,9532,19704
202204,3호선,잠원,5060,4899,9959
202204,3호선,종로3가,9978,11964,21942
202204,3호선,지축,5066,4664,9730
202204,3호선,충무로,2,0,2
202204,3호선,학여울,3450,3585,7035
202204,3호선,홍제,17911,16746,34657
202204,3호선,가락시장,8787,8765,17552
202204,3호선,경복궁,20980,21014,41994
202204,3호선,경찰병원,7464,7365,14829
202204,3호선,고속터미널,37321,35812,73133
202204,3호선,교대,14187,9407,23594
202204,3호선,구파발,20494,19441,39935
202204,3호선,금호,7594,7146,14740
202204,3호선,남부터미널,27208,28306,55514
202204,3호선,녹번,15643,13992,29635
202204,3호선,대청,10301,9407,19708
202204,3호선,대치,10693,10885,21578
202204,3호선,도곡,5458,5777,11235
202204,3호선,독립문,6882,7220,14102
202204,3호선,동대입구,9558,10577,20135
202204,3호선,매봉,12646,12164,24810
202204,3호선,무악재,3894,4080,7974
202204,3호선,불광,15769,16685,32454
202204,3호선,수서,16443,17011,33454
202204,3호선,신사,28280,29661,57941
202204,3호선,안국,19718,20298,40016
202204,3호선,압구정,29649,31684,61333
202204,3호선,약수,12570,12360,24930
202204,3호선,양재,37099,40949,78048
202204,3호선,연신내,35884,33896,69780
202204,3호선,오금,6215,5603,11818
202204,3호선,옥수,8539,8828,17367
202204,3호선,을지로3가,10130,10346,20476
202204,3호선,일원,10561,10117,20678
202204,3호선,잠원,4858,4623,9481
202204,3호선,종로3가,9591,10951,20542
202204,3호선,지축,4918,4656,9574
202204,3호선,충무로,1,0,1
202204,3호선,학여울,1805,1796,3601
202204,3호선,홍제,17878,17060,34938
202204,3호선,가락시장,8946,8769,17715
202204,3호선,경복궁,20976,20402,41378
202204,3호선,경찰병원,7256,7314,14570
202204,3호선,고속터미널,35703,34148,69851
202204,3호선,교대,14845,9851,24696
202204,3호선,구파발,20367,19422,39789
202204,3호선,금호,7769,7414,15183
202204,3호선,남부터미널,27931,28843,56774
202204,3호선,녹번,15988,14261,30249
202204,3호선,대청,10334,9486,19820
202204,3호선,대치,10774,10975,21749
202204,3호선,도곡,5408,5683,11091
202204,3호선,독립문,7003,7341,14344
202204,3호선,동대입구,9431,10472,19903
202204,3호선,매봉,12712,12230,24942
202204,3호선,무악재,3896,3969,7865
202204,3호선,불광,15934,17181,33115
202204,3호선,수서,16610,16985,33595
202204,3호선,신사,29346,30392,59738
202204,3호선,안국,20989,21302,42291
202204,3호선,압구정,30709,32866,63575
202204,3호선,약수,12967,12545,25512
202204,3호선,양재,37926,41831,79757
202204,3호선,연신내,36012,33870,69882
202204,3호선,오금,6211,5881,12092
202204,3호선,옥수,8900,9142,18042
202204,3호선,을지로3가,10248,10542,20790
202204,3호선,일원,10396,10158,20554
202204,3호선,잠원,4808,4941,9749
202204,3호선,종로3가,9848,11121,20969
202204,3호선,지축,5016,4650,9666
202204,3호선,학여울,1799,1929,3728
202204,3호선,홍제,17984,17017,35001
202204,3호선,가락시장,8648,8412,17060
202204,3호선,경복궁,21570,21148,42718
202204,3호선,경찰병원,7360,7340,14700
202204,3호선,고속터미널,34773,33891,68664
202204,3호선,교대,14696,9684,24380
202204,3호선,구파발,19975,19101,39076
202204,3호선,금호,7756,7271,15027
202204,3호선,남부터미널,27637,28040,55677
202204,3호선,녹번,15628,13985,29613
202204,3호선,대청,10316,9458,19774
202204,3호선,대치,10208,10490,20698
202204,3호선,도곡,5218,5394,10612
202204,3호선,독립문,6830,7198,14028
202204,3호선,동대입구,8511,9440,17951
202204,3호선,매봉,12439,11838,24277
202204,3호선,무악재,3881,4016,7897
202204,3호선,불광,15602,16607,32209
202204,3호선,수서,16331,16702,33033
202204,3호선,신사,28330,29661,57991
202204,3호선,안국,20818,21200,42018
202204,3호선,압구정,29455,31697,61152
202204,3호선,약수,12710,12467,25177
202204,3호선,양재,37787,41245,79032
202204,3호선,연신내,35693,33620,69313
202204,3호선,오금,6195,5657,11852
202204,3호선,옥수,8280,8675,16955
202204,3호선,을지로3가,10453,10579,21032
202204,3호선,일원,10330,10118,20448
202204,3호선,잠원,4693,4578,9271
202204,3호선,종로3가,9931,11122,21053
202204,3호선,지축,4942,4594,9536
202204,3호선,학여울,1769,1861,3630
202204,3호선,홍제,17503,16827,34330
202204,3호선,가락시장,8996,8742,17738
202204,3호선,경복궁,21937,21720,43657
202204,3호선,경찰병원,7331,7456,14787
202204,3호선,고속터미널,36598,35533,72131
202204,3호선,교대,14849,9591,24440
202204,3호선,구파발,20463,19586,40049
202204,3호선,금호,7747,7226,14973
202204,3호선,남부터미널,28537,28845,57382
202204,3호선,녹번,15893,13982,29875
202204,3호선,대청,10200,9300,19500
202204,3호선,대치,10694,10778,21472
202204,3호선,도곡,5257,5538,10795
202204,3호선,독립문,6880,7222,14102
202204,3호선,동대입구,8913,9906,18819
202204,3호선,매봉,12357,11972,24329
202204,3호선,무악재,3999,4008,8007
202204,3호선,불광,16081,17169,33250
202204,3호선,수서,16649,16999,33648
202204,3호선,신사,29587,31178,60765
202204,3호선,안국,20544,21455,41999
202204,3호선,압구정,30085,32619,62704
202204,3호선,약수,12878,12614,25492
202204,3호선,양재,38258,41871,80129
202204,3호선,연신내,36078,34153,70231
202204,3호선,오금,6199,5808,12007
202204,3호선,옥수,8771,9008,17779
202204,3호선,을지로3가,10364,10551,20915
202204,3호선,일원,10626,10191,20817
202204,3호선,잠원,4871,4793,9664
202204,3호선,종로3가,9806,11264,21070
202204,3호선,지축,5162,4733,9895
202204,3호선,충무로,2,0,2
202204,3호선,학여울,2870,2954,5824
202204,3호선,홍제,17622,16855,34477
202204,3호선,가락시장,9442,9357,18799
202204,3호선,경복궁,22196,22336,44532
202204,3호선,경찰병원,7445,7391,14836
202204,3호선,고속터미널,44806,47217,92023
202204,3호선,교대,15129,9876,25005
202204,3호선,구파발,20892,20096,40988
202204,3호선,금호,8202,7502,15704
202204,3호선,남부터미널,30851,31387,62238
202204,3호선,녹번,15971,14041,30012
202204,3호선,대청,10683,9499,20182
202204,3호선,대치,11168,11310,22478
202204,3호선,도곡,5547,5558,11105
202204,3호선,독립문,7376,7619,14995
202204,3호선,동대입구,9162,9941,19103
202204,3호선,매봉,12395,12050,24445
202204,3호선,무악재,4019,3980,7999
202204,3호선,불광,16632,17601,34233
202204,3호선,수서,18637,18818,37455
202204,3호선,신사,32515,35072,67587
202204,3호선,안국,22159,23164,45323
202204,3호선,압구정,33073,36034,69107
202204,3호선,약수,13856,13300,27156
202204,3호선,양재,39791,42599,82390
202204,3호선,연신내,37516,35425,72941
202204,3호선,오금,6347,5940,12287
202204,3호선,옥수,9452,9557,19009
202204,3호선,을지로3가,10694,11645,22339
202204,3호선,일원,10661,9975,20636
202204,3호선,잠원,5033,4919,9952
202204,3호선,종로3가,10261,12415,22676
202204,3호선,지축,5255,4730,9985
202204,3호선,충무로,3,0,3
202204,3호선,학여울,2615,2762,5377
202204,3호선,홍제,18234,17140,35374
202204,3호선,가락시장,9016,8820,17836
202204,3호선,경복궁,20645,20561,41206
202204,3호선,경찰병원,7445,7519,14964
202204,3호선,고속터미널,32889,31069,63958
202204,3호선,교대,14576,9679,24255
202204,3호선,구파발,20714,19669,40383
202204,3호선,금호,7832,7386,15218
202204,3호선,남부터미널,27852,28779,56631
202204,3호선,녹번,15825,14147,29972
202204,3호선,대청,10306,9383,19689
202204,3호선,대치,10766,10994,21760
202204,3호선,도곡,5411,5555,10966
202204,3호선,독립문,6944,7314,14258
202204,3호선,동대입구,9059,9830,18889
202204,3호선,매봉,12336,11859,24195
202204,3호선,무악재,3979,3973,7952
202204,3호선,불광,16165,17008,33173
202204,3호선,수서,17117,17339,34456
202204,3호선,신사,28953,30516,59469
202204,3호선,안국,19944,20665,40609
202204,3호선,압구정,30798,32975,63773
202204,3호선,약수,12880,12541,25421
202204,3호선,양재,37594,41481,79075
202204,3호선,연신내,36298,34191,70489
202204,3호선,오금,6408,5771,12179
202204,3호선,옥수,8707,9026,17733
202204,3호선,을지로3가,10190,10441,20631
202204,3호선,일원,10580,10426,21006
202204,3호선,잠원,4915,4787,9702
202204,3호선,종로3가,9728,11234,20962
202204,3호선,지축,5038,4743,9781
202204,3호선,충무로,1,0,1
202204,3호선,학여울,1793,1745,3538
202204,3호선,홍제,18118,17313,35431
202204,3호선,가락시장,9227,8945,18172
202204,3호선,경복궁,21902,21582,43484
202204,3호선,경찰병원,7463,7459,14922
202204,3호선,고속터미널,37686,36288,73974
202204,3호선,교대,15164,10056,25220
202204,3호선,구파발,21045,20016,41061
202204,3호선,금호,8081,7562,15643
202204,3호선,남부터미널,28799,29586,58385
202204,3호선,녹번,16542,14752,31294
202204,3호선,대청,10467,9550,20017
202204,3호선,대치,11018,11169,22187
202204,3호선,도곡,5594,5714,11308
202204,3호선,독립문,7188,7524,14712
202204,3호선,동대입구,9218,10036,19254
202204,3호선,매봉,12910,12303,25213
202204,3호선,무악재,3971,4158,8129
202204,3호선,불광,16679,17702,34381
202204,3호선,수서,16925,17199,34124
202204,3호선,신사,30340,31730,62070
202204,3호선,안국,21702,22623,44325
202204,3호선,압구정,31525,33730,65255
202204,3호선,약수,13371,13092,26463
202204,3호선,양재,39246,43016,82262
202204,3호선,연신내,37247,35264,72511
202204,3호선,오금,6561,6005,12566
202204,3호선,옥수,9005,9186,18191
202204,3호선,을지로3가,10542,10819,21361
202204,3호선,일원,11150,10764,21914
202204,3호선,잠원,4938,4871,9809
202204,3호선,종로3가,9969,11503,21472
202204,3호선,지축,5231,4906,10137
202204,3호선,충무로,2,0,2
202204,3호선,학여울,1917,1948,3865
202204,3호선,홍제,18179,17291,35470
202204,3호선,가락시장,9124,9103,18227
202204,3호선,경복궁,22135,21778,43913
202204,3호선,경찰병원,7425,7375,14800
202204,3호선,고속터미널,37711,36176,73887
202204,3호선,교대,15516,10048,25564
202204,3호선,구파발,20957,20100,41057
202204,3호선,금호,8237,7658,15895
202204,3호선,남부터미널,28770,29637,58407
202204,3호선,녹번,16485,14708,31193
202204,3호선,대청,10438,9612,20050
202204,3호선,대치,10663,11012,21675
202204,3호선,도곡,5520,5558,11078
202204,3호선,독립문,7139,7584,14723
202204,3호선,동대입구,9062,9979,19041
202204,3호선,매봉,12855,12291,25146
202204,3호선,무악재,4010,4060,8070
202204,3호선,불광,16977,18242,35219
202204,3호선,수서,16982,17320,34302
202204,3호선,신사,29692,31401,61093
202204,3호선,안국,22025,23058,45083
202204,3호선,압구정,31405,33485,64890
202204,3호선,약수,13332,12992,26324
202204,3호선,양재,39405,43202,82607
202204,3호선,연신내,37495,35111,72606
202204,3호선,오금,6439,5828,12267
202204,3호선,옥수,9023,9341,18364
202204,3호선,을지로3가,10835,11162,21997
202204,3호선,일원,10910,10416,21326
202204,3호선,잠원,5074,4927,10001
202204,3호선,종로3가,10084,11566,21650
202204,3호선,지축,5221,4901,10122
202204,3호선,학여울,1935,1943,3878
202204,3호선,홍제,18549,17571,36120
202204,3호선,가락시장,9229,10090,19319
202204,3호선,경복궁,21622,19304,40926
202204,3호선,경찰병원,7144,7049,14193
202204,3호선,고속터미널,39236,40445,79681
202204,3호선,교대,15763,10296,26059
202204,3호선,구파발,20782,21963,42745
202204,3호선,금호,8003,8412,16415
202204,3호선,남부터미널,29205,27429,56634
202204,3호선,녹번,15734,16833,32567
202204,3호선,대청,9993,9350,19343
202204,3호선,대치,10736,11657,22393
202204,3호선,도곡,5367,5768,11135
202204,3호선,독립문,7267,8056,15323
202204,3호선,동대입구,9142,9782,18924
202204,3호선,매봉,12005,12081,24086
202204,3호선,무악재,4541,5558,10099
202204,3호선,불광,17201,19395,36596
202204,3호선,수서,16972,17178,34150
202204,3호선,신사,30018,29616,59634
202204,3호선,안국,21499,19003,40502
202204,3호선,압구정,30753,31695,62448
202204,3호선,약수,13760,15316,29076
202204,3호선,양재,39637,38749,78386
202204,3호선,연신내,38178,36529,74707
202204,3호선,오금,6487,6508,12995
202204,3호선,옥수,9434,10126,19560
202204,3호선,을지로3가,10610,9703,20313
202204,3호선,일원,10514,10507,21021
202204,3호선,잠원,4421,5893,10314
202204,3호선,종로3가,9968,11769,21737
202204,3호선,지축,5154,5192,10346
202204,3호선,충무로,1,0,1
202204,3호선,학여울,2608,2973,5581
202204,3호선,홍제,18049,18466,36515
202204,3호선,가락시장,9145,9061,18206
202204,3호선,경복궁,20604,19237,39841
202204,3호선,경찰병원,7320,7284,14604
202204,3호선,고속터미널,44586,47531,92117
202204,3호선,교대,15357,10092,25449
202204,3호선,구파발,19764,19464,39228
202204,3호선,금호,7866,7491,15357
202204,3호선,남부터미널,31218,30931,62149
202204,3호선,녹번,15080,13876,28956
202204,3호선,대청,10437,9574,20011
202204,3호선,대치,10909,10983,21892
202204,3호선,도곡,5377,5500,10877
202204,3호선,독립문,7044,7092,14136
202204,3호선,동대입구,8688,8968,17656
202204,3호선,매봉,12696,11955,24651
202204,3호선,무악재,3727,3856,7583
202204,3호선,불광,15441,16877,32318
202204,3호선,수서,18478,18613,37091
202204,3호선,신사,32717,34433,67150
202204,3호선,안국,21677,21228,42905
202204,3호선,압구정,33609,35748,69357
202204,3호선,약수,13446,13181,26627
202204,3호선,양재,40495,41660,82155
202204,3호선,연신내,36667,34703,71370
202204,3호선,오금,6270,5930,12200
202204,3호선,옥수,8952,9526,18478
202204,3호선,을지로3가,10832,10884,21716
202204,3호선,일원,10697,9841,20538
202204,3호선,잠원,4826,4826,9652
202204,3호선,종로3가,10040,12162,22202
202204,3호선,지축,4938,4537,9475
202204,3호선,충무로,1,0,1
202204,3호선,학여울,2379,2272,4651
202204,3호선,홍제,17101,16473,33574
202204,3호선,가락시장,9125,9082,18207
202204,3호선,경복궁,19969,19669,39638
202204,3호선,경찰병원,7442,7510,14952
202204,3호선,고속터미널,37499,35634,73133
202204,3호선,교대,14672,9933,24605
202204,3호선,구파발,20789,19936,40725
202204,3호선,금호,7929,7464,15393
202204,3호선,남부터미널,28414,29017,57431
202204,3호선,녹번,15832,14328,30160
202204,3호선,대청,10398,9531,19929
202204,3호선,대치,10801,10977,21778
202204,3호선,도곡,5439,5481,10920
202204,3호선,독립문,6980,7274,14254
202204,3호선,동대입구,9305,9862,19167
202204,3호선,매봉,12442,11961,24403
202204,3호선,무악재,3962,4022,7984
202204,3호선,불광,16179,17109,33288
202204,3호선,수서,17098,17615,34713
202204,3호선,신사,29421,30556,59977
202204,3호선,안국,20441,21125,41566
202204,3호선,압구정,28731,30797,59528
202204,3호선,약수,13038,12849,25887
202204,3호선,양재,38326,41958,80284
202204,3호선,연신내,36483,34419,70902
202204,3호선,오금,6535,5889,12424
202204,3호선,옥수,8770,9080,17850
202204,3호선,을지로3가,10472,10638,21110
202204,3호선,일원,10744,10444,21188
202204,3호선,잠원,4807,4751,9558
202204,3호선,종로3가,9901,11239,21140
202204,3호선,지축,5176,4887,10063
202204,3호선,충무로,1,0,1
202204,3호선,학여울,1806,1776,3582
202204,3호선,홍제,18395,17453,35848
202204,3호선,가락시장,9226,8981,18207
202204,3호선,경복궁,20621,20406,41027
202204,3호선,경찰병원,7537,7546,15083
202204,3호선,고속터미널,38306,36627,74933
202204,3호선,교대,15279,10014,25293
202204,3호선,구파발,21426,20391,41817
202204,3호선,금호,8128,7542,15670
202204,3호선,남부터미널,29425,29962,59387
202204,3호선,녹번,16434,14596,31030
202204,3호선,대청,10547,9490,20037
202204,3호선,대치,10841,10869,21710
202204,3호선,도곡,5416,5530,10946
202204,3호선,독립문,7268,7637,14905
202204,3호선,동대입구,9311,10169,19480
202204,3호선,매봉,12936,12464,25400
202204,3호선,무악재,4091,4195,8286
202204,3호선,불광,16505,17498,34003
202204,3호선,수서,17145,17506,34651
202204,3호선,신사,31077,32764,63841
202204,3호선,안국,21452,22710,44162
202204,3호선,압구정,32558,35030,67588
202204,3호선,약수,13387,13213,26600
202204,3호선,양재,39570,43437,83007
202204,3호선,연신내,37680,35384,73064
202204,3호선,오금,6537,5979,12516
202204,3호선,옥수,9255,9420,18675
202204,3호선,을지로3가,11007,11209,22216
202204,3호선,일원,10877,10481,21358
202204,3호선,잠원,5026,4920,9946
202204,3호선,종로3가,10070,11505,21575
202204,3호선,지축,5212,5012,10224
202204,3호선,충무로,1,0,1
202204,3호선,학여울,1905,1969,3874
202204,3호선,홍제,18538,17541,36079
202204,3호선,가락시장,9297,9177,18474
202204,3호선,경복궁,23588,23741,47329
202204,3호선,경찰병원,7693,7660,15353
202204,3호선,고속터미널,40516,38697,79213
202204,3호선,교대,15992,10333,26325
202204,3호선,구파발,21677,20814,42491
202204,3호선,금호,8317,7640,15957
202204,3호선,남부터미널,30161,30392,60553
202204,3호선,녹번,16753,14910,31663
202204,3호선,대청,11333,10341,21674
202204,3호선,대치,10893,10744,21637
202204,3호선,도곡,5414,5657,11071
202204,3호선,독립문,7328,7731,15059
202204,3호선,동대입구,10128,10873,21001
202204,3호선,매봉,13220,12593,25813
202204,3호선,무악재,4124,4292,8416
202204,3호선,불광,16995,18041,35036
202204,3호선,수서,17698,18070,35768
202204,3호선,신사,30802,32368,63170
202204,3호선,안국,23295,24684,47979
202204,3호선,압구정,32043,34488,66531
202204,3호선,약수,13658,13536,27194
202204,3호선,양재,40512,44607,85119
202204,3호선,연신내,37790,35748,73538
202204,3호선,오금,6603,5949,12552
202204,3호선,옥수,9311,9620,18931
202204,3호선,을지로3가,11333,11724,23057
202204,3호선,일원,10956,10594,21550
202204,3호선,잠원,5243,5073,10316
202204,3호선,종로3가,10226,11879,22105
202204,3호선,지축,5324,5009,10333
202204,3호선,충무로,1,0,1
202204,3호선,학여울,1925,2047,3972
202204,3호선,홍제,18987,17742,36729
202204,3호선,가락시장,9453,9360,18813
202204,3호선,경복궁,23773,23626,47399
202204,3호선,경찰병원,7681,7711,15392
202204,3호선,고속터미널,42286,40000,82286
202204,3호선,교대,15965,10442,26407
202204,3호선,구파발,21889,21104,42993
202204,3호선,금호,8293,7726,16019
202204,3호선,남부터미널,30691,31095,61786
202204,3호선,녹번,16713,14978,31691
202204,3호선,대청,10765,9837,20602
202204,3호선,대치,11123,11080,22203
202204,3호선,도곡,5786,5838,11624
202204,3호선,독립문,7256,7657,14913
202204,3호선,동대입구,9700,10670,20370
202204,3호선,매봉,13262,12914,26176
202204,3호선,무악재,4185,4223,8408
202204,3호선,불광,16994,17999,34993
202204,3호선,수서,17900,18176,36076
202204,3호선,신사,31659,33532,65191
202204,3호선,안국,23192,24179,47371
202204,3호선,압구정,32496,34949,67445
202204,3호선,약수,13685,13313,26998
202204,3호선,양재,41081,45320,86401
202204,3호선,연신내,38120,36009,74129
202204,3호선,오금,6630,6090,12720
202204,3호선,옥수,9589,9736,19325
202204,3호선,을지로3가,11058,11633,22691
202204,3호선,일원,11222,10742,21964
202204,3호선,잠원,5224,5144,10368
202204,3호선,종로3가,10260,12030,22290
202204,3호선,지축,5492,5062,10554
202204,3호선,충무로,1,0,1
202204,3호선,학여울,3529,3663,7192
202204,3호선,홍제,18910,17974,36884
202204,3호선,가락시장,9977,9672,19649
202204,3호선,경복궁,23843,24132,47975
202204,3호선,경찰병원,7811,7827,15638
202204,3호선,고속터미널,50671,52510,103181
202204,3호선,교대,16136,10549,26685
202204,3호선,구파발,21935,20927,42862
202204,3호선,금호,8804,7806,16610
202204,3호선,남부터미널,33346,33331,66677
202204,3호선,녹번,16779,14690,31469
202204,3호선,대청,11009,10014,21023
202204,3호선,대치,11408,11198,22606
202204,3호선,도곡,5874,5884,11758
202204,3호선,독립문,7524,7626,15150
202204,3호선,동대입구,9222,9840,19062
202204,3호선,매봉,13218,12646,25864
202204,3호선,무악재,4123,4174,8297
202204,3호선,불광,16988,18058,35046
202204,3호선,수서,19570,19686,39256
202204,3호선,신사,34268,37617,71885
202204,3호선,안국,25297,25089,50386
202204,3호선,압구정,34764,38477,73241
202204,3호선,약수,14389,13966,28355
202204,3호선,양재,42251,45548,87799
202204,3호선,연신내,38646,36663,75309
202204,3호선,오금,6771,6062,12833
202204,3호선,옥수,9770,9845,19615
202204,3호선,을지로3가,11803,12699,24502
202204,3호선,일원,10955,10213,21168
202204,3호선,잠원,5324,5209,10533
202204,3호선,종로3가,10693,13247,23940
202204,3호선,지축,5409,4888,10297
202204,3호선,충무로,2,0,2
202204,3호선,학여울,3422,3520,6942
202204,3호선,홍제,19151,18044,37195
202205,3호선,가락시장,9310,9278,18588
202205,3호선,경복궁,22388,22380,44768
202205,3호선,경찰병원,7689,7648,15337
202205,3호선,고속터미널,40678,39063,79741
202205,3호선,교대,15171,10233,25404
202205,3호선,구파발,21815,20658,42473
202205,3호선,금호,8267,7620,15887
202205,3호선,남부터미널,29658,30538,60196
202205,3호선,녹번,16416,14834,31250
202205,3호선,대청,10943,10136,21079
202205,3호선,대치,11419,11391,22810
202205,3호선,도곡,5790,5860,11650
202205,3호선,독립문,7211,7626,14837
202205,3호선,동대입구,10789,11899,22688
202205,3호선,매봉,13107,12507,25614
202205,3호선,무악재,4128,4291,8419
202205,3호선,불광,16960,18002,34962
202205,3호선,수서,17889,18415,36304
202205,3호선,신사,30782,32316,63098
202205,3호선,안국,22069,22848,44917
202205,3호선,압구정,31849,34383,66232
202205,3호선,약수,13612,13310,26922
202205,3호선,양재,39952,44164,84116
202205,3호선,연신내,37805,35243,73048
202205,3호선,오금,6634,5949,12583
202205,3호선,옥수,9341,9673,19014
202205,3호선,을지로3가,11097,11219,22316
202205,3호선,일원,11077,10892,21969
202205,3호선,잠원,5302,5026,10328
202205,3호선,종로3가,9926,11481,21407
202205,3호선,지축,5336,4925,10261
202205,3호선,충무로,2,0,2
202205,3호선,학여울,1889,1929,3818
202205,3호선,홍제,18840,17890,36730
202205,3호선,가락시장,9540,9276,18816
202205,3호선,경복궁,23301,22793,46094
202205,3호선,경찰병원,7764,7756,15520
202205,3호선,고속터미널,41179,39470,80649
202205,3호선,교대,15942,10589,26531
202205,3호선,구파발,22185,21382,43567
202205,3호선,금호,8363,7792,16155
202205,3호선,남부터미널,30519,31147,61666
202205,3호선,녹번,16947,15296,32243
202205,3호선,대청,11064,10190,21254
202205,3호선,대치,11362,11546,22908
202205,3호선,도곡,5907,5926,11833
202205,3호선,독립문,7598,8180,15778
202205,3호선,동대입구,9469,10377,19846
202205,3호선,매봉,13359,12948,26307
202205,3호선,무악재,4258,4373,8631
202205,3호선,불광,17299,18726,36025
202205,3호선,수서,17751,18488,36239
202205,3호선,신사,32742,34114,66856
202205,3호선,안국,24109,25067,49176
202205,3호선,압구정,33270,35739,69009
202205,3호선,약수,13913,13599,27512
202205,3호선,양재,41227,45016,86243
202205,3호선,연신내,38645,36090,74735
202205,3호선,오금,6705,6190,12895
202205,3호선,옥수,9543,9763,19306
202205,3호선,을지로3가,11242,11532,22774
202205,3호선,일원,11607,11029,22636
202205,3호선,잠원,5358,5119,10477
202205,3호선,종로3가,10545,12001,22546
202205,3호선,지축,5465,5191,10656
202205,3호선,충무로,1,0,1
202205,3호선,학여울,2025,2027,4052
202205,3호선,홍제,19344,18464,37808
202205,3호선,가락시장,10000,9756,19756
202205,3호선,경복궁,27747,27616,55363
202205,3호선,경찰병원,8072,7856,15928
202205,3호선,고속터미널,50211,54701,104912
202205,3호선,교대,16391,10722,27113
202205,3호선,구파발,23279,22350,45629
202205,3호선,금호,8874,8056,16930
202205,3호선,남부터미널,33750,34151,67901
202205,3호선,녹번,17482,15156,32638
202205,3호선,대청,11482,10268,21750
202205,3호선,대치,11375,11299,22674
202205,3호선,도곡,6177,5913,12090
202205,3호선,독립문,7974,8510,16484
202205,3호선,동대입구,10256,11524,21780
202205,3호선,매봉,14155,13452,27607
202205,3호선,무악재,4300,4261,8561
202205,3호선,불광,18063,19254,37317
202205,3호선,수서,18869,19093,37962
202205,3호선,신사,33957,36529,70486
202205,3호선,안국,25816,26664,52480
202205,3호선,압구정,34151,37195,71346
202205,3호선,약수,14580,14028,28608
202205,3호선,양재,42736,46116,88852
202205,3호선,연신내,40603,37752,78355
202205,3호선,오금,6927,6275,13202
202205,3호선,옥수,10091,10108,20199
202205,3호선,을지로3가,12025,13040,25065
202205,3호선,일원,11766,10842,22608
202205,3호선,잠원,5615,5362,10977
202205,3호선,종로3가,10802,13498,24300
202205,3호선,지축,5655,5052,10707
202205,3호선,학여울,2045,2008,4053
202205,3호선,홍제,20154,18646,38800
202205,3호선,가락시장,5042,4953,9995
202205,3호선,경복궁,21801,24776,46577
202205,3호선,경찰병원,3226,3157,6383
202205,3호선,고속터미널,49069,50519,99588
202205,3호선,교대,5090,3148,8238
202205,3호선,구파발,14703,15107,29810
202205,3호선,금호,5230,4626,9856
202205,3호선,남부터미널,16365,16871,33236
202205,3호선,녹번,9060,7890,16950
202205,3호선,대청,4919,4578,9497
202205,3호선,대치,6283,5707,11990
202205,3호선,도곡,2348,2300,4648
202205,3호선,독립문,6368,7238,13606
202205,3호선,동대입구,6500,7651,14151
202205,3호선,매봉,5333,5326,10659
202205,3호선,무악재,2407,2529,4936
202205,3호선,불광,11871,13440,25311
202205,3호선,수서,10967,11438,22405
202205,3호선,신사,16996,18307,35303
202205,3호선,안국,19541,22488,42029
202205,3호선,압구정,15620,16940,32560
202205,3호선,약수,7706,7149,14855
202205,3호선,양재,14921,16582,31503
202205,3호선,연신내,26688,24905,51593
202205,3호선,오금,3001,2778,5779
202205,3호선,옥수,6282,6300,12582
202205,3호선,을지로3가,5310,5307,10617
202205,3호선,일원,3986,3857,7843
202205,3호선,잠원,3004,2833,5837
202205,3호선,종로3가,5910,8267,14177
202205,3호선,지축,3224,3054,6278
202205,3호선,학여울,846,829,1675
202205,3호선,홍제,12060,11258,23318
202205,3호선,가락시장,8296,8202,16498
202205,3호선,경복궁,25983,26782,52765
202205,3호선,경찰병원,6621,6367,12988
202205,3호선,고속터미널,55473,59848,115321
202205,3호선,교대,13634,8478,22112
202205,3호선,구파발,21029,20656,41685
202205,3호선,금호,7844,7088,14932
202205,3호선,남부터미널,29588,30498,60086
202205,3호선,녹번,15284,13175,28459
202205,3호선,대청,9456,8472,17928
202205,3호선,대치,10624,10360,20984
202205,3호선,도곡,4691,4856,9547
202205,3호선,독립문,8047,8385,16432
202205,3호선,동대입구,8299,9232,17531
202205,3호선,매봉,11331,10987,22318
202205,3호선,무악재,3836,3764,7600
202205,3호선,불광,16359,17478,33837
202205,3호선,수서,16843,17393,34236
202205,3호선,신사,31340,33748,65088
202205,3호선,안국,23743,25477,49220
202205,3호선,압구정,32674,35285,67959
202205,3호선,약수,12546,12302,24848
202205,3호선,양재,33827,36777,70604
202205,3호선,연신내,37468,35484,72952
202205,3호선,오금,5786,5265,11051
202205,3호선,옥수,9023,9046,18069
202205,3호선,을지로3가,10409,11160,21569
202205,3호선,일원,9686,8984,18670
202205,3호선,잠원,4845,4588,9433
202205,3호선,종로3가,10641,13347,23988
202205,3호선,지축,4950,4511,9461
202205,3호선,충무로,2,0,2
202205,3호선,학여울,1578,1640,3218
202205,3호선,홍제,18259,16904,35163
202205,3호선,가락시장,9634,9257,18891
202205,3호선,경복궁,26711,27737,54448
202205,3호선,경찰병원,7667,7639,15306
202205,3호선,고속터미널,43935,39263,83198
202205,3호선,교대,15499,10247,25746
202205,3호선,구파발,22257,21273,43530
202205,3호선,금호,8274,7725,15999
202205,3호선,남부터미널,31200,31001,62201
202205,3호선,녹번,16751,15064,31815
202205,3호선,대청,10791,10182,20973
202205,3호선,대치,11376,11421,22797
202205,3호선,도곡,5744,5947,11691
202205,3호선,독립문,7436,7886,15322
202205,3호선,동대입구,9504,10419,19923
202205,3호선,매봉,13312,12718,26030
202205,3호선,무악재,4187,4257,8444
202205,3호선,불광,16951,18296,35247
202205,3호선,수서,17858,18253,36111
202205,3호선,신사,31146,32788,63934
202205,3호선,안국,22465,22864,45329
202205,3호선,압구정,32193,34596,66789
202205,3호선,약수,13656,13454,27110
202205,3호선,양재,40259,44660,84919
202205,3호선,연신내,37919,35972,73891
202205,3호선,오금,6747,6108,12855
202205,3호선,옥수,9325,9539,18864
202205,3호선,을지로3가,10900,11319,22219
202205,3호선,일원,11445,11052,22497
202205,3호선,잠원,5118,4920,10038
202205,3호선,종로3가,10213,11755,21968
202205,3호선,지축,5499,5087,10586
202205,3호선,충무로,1,0,1
202205,3호선,학여울,1888,1889,3777
202205,3호선,홍제,19037,18181,37218
202205,3호선,가락시장,9681,9409,19090
202205,3호선,경복궁,29761,31027,60788
202205,3호선,경찰병원,7825,7745,15570
202205,3호선,고속터미널,41378,38980,80358
202205,3호선,교대,16155,10517,26672
202205,3호선,구파발,23262,22238,45500
202205,3호선,금호,8460,7821,16281
202205,3호선,남부터미널,31171,31554,62725
202205,3호선,녹번,16969,15316,32285
202205,3호선,대청,11272,10465,21737
202205,3호선,대치,11729,11759,23488
202205,3호선,도곡,5799,6031,11830
202205,3호선,독립문,7927,8304,16231
202205,3호선,동대입구,10028,10823,20851
202205,3호선,매봉,13506,13135,26641
202205,3호선,무악재,4298,4394,8692
202205,3호선,불광,17417,18546,35963
202205,3호선,수서,18171,18680,36851
202205,3호선,신사,32290,33924,66214
202205,3호선,안국,24778,25345,50123
202205,3호선,압구정,33554,36129,69683
202205,3호선,약수,14063,13805,27868
202205,3호선,양재,41927,45886,87813
202205,3호선,연신내,38706,36655,75361
202205,3호선,오금,6812,6182,12994
202205,3호선,옥수,9614,9810,19424
202205,3호선,을지로3가,11334,11711,23045
202205,3호선,일원,11866,11478,23344
202205,3호선,잠원,5371,5152,10523
202205,3호선,종로3가,10480,12243,22723
202205,3호선,지축,5602,5223,10825
202205,3호선,충무로,2,0,2
202205,3호선,학여울,1974,1962,3936
202205,3호선,홍제,19560,18553,38113
202205,3호선,가락시장,9795,9712,19507
202205,3호선,경복궁,30739,32197,62936
202205,3호선,경찰병원,8052,8064,16116
202205,3호선,고속터미널,41975,39582,81557
202205,3호선,교대,16504,10607,27111
202205,3호선,구파발,22632,21748,44380
202205,3호선,금호,8646,7913,16559
202205,3호선,남부터미널,31005,31618,62623
202205,3호선,녹번,16976,15321,32297
202205,3호선,대청,11579,10663,22242
202205,3호선,대치,11516,11658,23174
202205,3호선,도곡,5882,6121,12003
202205,3호선,독립문,7970,8470,16440
202205,3호선,동대입구,9345,10484,19829
202205,3호선,매봉,13831,13207,27038
202205,3호선,무악재,4269,4408,8677
202205,3호선,불광,17659,19069,36728
202205,3호선,수서,18341,18508,36849
202205,3호선,신사,32427,33825,66252
202205,3호선,안국,25956,26277,52233
202205,3호선,압구정,33127,35479,68606
202205,3호선,약수,14205,13678,27883
202205,3호선,양재,42580,46570,89150
202205,3호선,연신내,38854,36519,75373
202205,3호선,오금,6788,6193,12981
202205,3호선,옥수,9903,10142,20045
202205,3호선,을지로3가,11713,12067,23780
202205,3호선,일원,11676,11304,22980
202205,3호선,잠원,5402,5158,10560
202205,3호선,종로3가,10692,12284,22976
202205,3호선,지축,5634,5128,10762
202205,3호선,충무로,2,0,2
202205,3호선,학여울,2025,2064,4089
202205,3호선,홍제,19501,18490,37991
202205,3호선,가락시장,9870,9774,19644
202205,3호선,경복궁,31008,33018,64026
202205,3호선,경찰병원,7785,7829,15614
202205,3호선,고속터미널,43918,41867,85785
202205,3호선,교대,16564,10800,27364
202205,3호선,구파발,22769,21811,44580
202205,3호선,금호,8540,7794,16334
202205,3호선,남부터미널,31547,32014,63561
202205,3호선,녹번,17420,15510,32930
202205,3호선,대청,11395,10303,21698
202205,3호선,대치,11810,11958,23768
202205,3호선,도곡,5977,6241,12218
202205,3호선,독립문,7940,8335,16275
202205,3호선,동대입구,9603,10676,20279
202205,3호선,매봉,13917,13391,27308
202205,3호선,무악재,4325,4364,8689
202205,3호선,불광,17450,18607,36057
202205,3호선,수서,18533,18912,37445
202205,3호선,신사,32028,34159,66187
202205,3호선,안국,26487,26641,53128
202205,3호선,압구정,32841,35456,68297
202205,3호선,약수,14113,13622,27735
202205,3호선,양재,42445,46897,89342
202205,3호선,연신내,39009,36953,75962
202205,3호선,오금,6854,6216,13070
202205,3호선,옥수,10033,10217,20250
202205,3호선,을지로3가,11478,11820,23298
202205,3호선,일원,11881,11434,23315
202205,3호선,잠원,5406,5244,10650
202205,3호선,종로3가,10711,12364,23075
202205,3호선,지축,5604,5120,10724
202205,3호선,충무로,3,0,3
202205,3호선,학여울,2180,2226,4406
202205,3호선,홍제,19587,18426,38013
202205,3호선,가락시장,10265,10191,20456
202205,3호선,경복궁,31414,34131,65545
202205,3호선,경찰병원,8156,7966,16122
202205,3호선,고속터미널,53290,53660,106950
202205,3호선,교대,16901,10805,27706
202205,3호선,구파발,22664,21720,44384
202205,3호선,금호,9039,8067,17106
202205,3호선,남부터미널,34731,34269,69000
202205,3호선,녹번,17456,14849,32305
202205,3호선,대청,11669,10606,22275
202205,3호선,대치,12318,12324,24642
202205,3호선,도곡,6133,6270,12403
202205,3호선,독립문,8285,8634,16919
202205,3호선,동대입구,9092,9719,18811
202205,3호선,매봉,13863,13251,27114
202205,3호선,무악재,4385,4366,8751
202205,3호선,불광,17967,19162,37129
202205,3호선,수서,20589,20734,41323
202205,3호선,신사,35406,38548,73954
202205,3호선,안국,28746,29169,57915
202205,3호선,압구정,35434,38981,74415
202205,3호선,약수,14603,14158,28761
202205,3호선,양재,44199,47314,91513
202205,3호선,연신내,40008,37813,77821
202205,3호선,오금,7004,6405,13409
202205,3호선,옥수,10291,10398,20689
202205,3호선,을지로3가,12022,12952,24974
202205,3호선,일원,11731,10849,22580
202205,3호선,잠원,5727,5380,11107
202205,3호선,종로3가,11140,13747,24887
202205,3호선,지축,5809,5179,10988
202205,3호선,충무로,1,0,1
202205,3호선,학여울,2106,2167,4273
202205,3호선,홍제,19724,18243,37967
202205,3호선,가락시장,9526,9314,18840
202205,3호선,경복궁,28281,30579,58860
202205,3호선,경찰병원,7870,7910,15780
202205,3호선,고속터미널,36967,35862,72829
202205,3호선,교대,15811,10302,26113
202205,3호선,구파발,22553,21741,44294
202205,3호선,금호,8472,7906,16378
202205,3호선,남부터미널,30212,31375,61587
202205,3호선,녹번,16883,15242,32125
202205,3호선,대청,11071,10077,21148
202205,3호선,대치,11650,11759,23409
202205,3호선,도곡,5957,6172,12129
202205,3호선,독립문,7535,7883,15418
202205,3호선,동대입구,9681,10644,20325
202205,3호선,매봉,13358,12812,26170
202205,3호선,무악재,4258,4320,8578
202205,3호선,불광,17331,18383,35714
202205,3호선,수서,18247,18769,37016
202205,3호선,신사,31973,33318,65291
202205,3호선,안국,24159,24150,48309
202205,3호선,압구정,32828,35367,68195
202205,3호선,약수,13981,13458,27439
202205,3호선,양재,40364,44720,85084
202205,3호선,연신내,38604,36100,74704
202205,3호선,오금,6915,6102,13017
202205,3호선,옥수,9843,10027,19870
202205,3호선,을지로3가,11120,11529,22649
202205,3호선,일원,11334,10981,22315
202205,3호선,잠원,5265,5190,10455
202205,3호선,종로3가,10409,11931,22340
202205,3호선,지축,5474,5101,10575
202205,3호선,충무로,2,0,2
202205,3호선,학여울,2046,2025,4071
202205,3호선,홍제,19193,18464,37657
202205,3호선,가락시장,9760,9520,19280
202205,3호선,경복궁,28914,31104,60018
202205,3호선,경찰병원,7945,7877,15822
202205,3호선,고속터미널,42076,40063,82139
202205,3호선,교대,16375,10693,27068
202205,3호선,구파발,23154,21998,45152
202205,3호선,금호,8490,7788,16278
202205,3호선,남부터미널,30779,31598,62377
202205,3호선,녹번,17119,15415,32534
202205,3호선,대청,11202,10271,21473
202205,3호선,대치,12184,12167,24351
202205,3호선,도곡,6058,6045,12103
202205,3호선,독립문,7898,8291,16189
202205,3호선,동대입구,10262,11089,21351
202205,3호선,매봉,13805,13304,27109
202205,3호선,무악재,4343,4452,8795
202205,3호선,불광,17538,18773,36311
202205,3호선,수서,18164,18433,36597
202205,3호선,신사,32430,34237,66667
202205,3호선,안국,25366,26048,51414
202205,3호선,압구정,34221,36857,71078
202205,3호선,약수,14153,13697,27850
202205,3호선,양재,42210,46570,88780
202205,3호선,연신내,38768,36369,75137
202205,3호선,오금,7006,6363,13369
202205,3호선,옥수,9776,10116,19892
202205,3호선,을지로3가,11401,11812,23213
202205,3호선,일원,11784,11383,23167
202205,3호선,잠원,5347,5240,10587
202205,3호선,종로3가,10596,12232,22828
202205,3호선,지축,5493,5221,10714
202205,3호선,충무로,1,0,1
202205,3호선,학여울,2061,2060,4121
202205,3호선,홍제,19426,18159,37585
202205,3호선,가락시장,9685,9388,19073
202205,3호선,경복궁,30217,32602,62819
202205,3호선,경찰병원,7941,8039,15980
202205,3호선,고속터미널,41451,39466,80917
202205,3호선,교대,16279,10498,26777
202205,3호선,구파발,22952,22001,44953
202205,3호선,금호,8481,7804,16285
202205,3호선,남부터미널,30543,31054,61597
202205,3호선,녹번,17043,15112,32155
202205,3호선,대청,11087,10127,21214
202205,3호선,대치,11548,11796,23344
202205,3호선,도곡,6059,6182,12241
202205,3호선,독립문,7933,8158,16091
202205,3호선,동대입구,9479,10451,19930
202205,3호선,매봉,13827,13405,27232
202205,3호선,무악재,4271,4279,8550
202205,3호선,불광,17438,18640,36078
202205,3호선,수서,18425,18555,36980
202205,3호선,신사,31694,33670,65364
202205,3호선,안국,25770,26044,51814
202205,3호선,압구정,32808,35229,68037
202205,3호선,약수,14254,13770,28024
202205,3호선,양재,42218,46590,88808
202205,3호선,연신내,38704,36481,75185
202205,3호선,오금,6896,6231,13127
202205,3호선,옥수,9529,9841,19370
202205,3호선,을지로3가,11550,11870,23420
202205,3호선,일원,11576,11089,22665
202205,3호선,잠원,5509,5187,10696
202205,3호선,종로3가,10733,12551,23284
202205,3호선,지축,5527,5110,10637
202205,3호선,충무로,1,0,1
202205,3호선,학여울,3065,3082,6147
202205,3호선,홍제,19261,18150,37411
202205,3호선,가락시장,9601,9453,19054
202205,3호선,경복궁,31498,33745,65243
202205,3호선,경찰병원,7954,7902,15856
202205,3호선,고속터미널,43155,41202,84357
202205,3호선,교대,16722,10816,27538
202205,3호선,구파발,23372,22434,45806
202205,3호선,금호,8624,7949,16573
202205,3호선,남부터미널,30985,31254,62239
202205,3호선,녹번,17478,15398,32876
202205,3호선,대청,11169,10406,21575
202205,3호선,대치,11926,12071,23997
202205,3호선,도곡,5899,6223,12122
202205,3호선,독립문,8021,8340,16361
202205,3호선,동대입구,10921,12004,22925
202205,3호선,매봉,13857,13441,27298
202205,3호선,무악재,4298,4370,8668
202205,3호선,불광,17729,18826,36555
202205,3호선,수서,18689,18782,37471
202205,3호선,신사,32222,34066,66288
202205,3호선,안국,25941,26582,52523
202205,3호선,압구정,33489,36094,69583
202205,3호선,약수,14432,13949,28381
202205,3호선,양재,42975,47402,90377
202205,3호선,연신내,39393,37287,76680
202205,3호선,오금,6867,6318,13185
202205,3호선,옥수,9997,10056,20053
202205,3호선,을지로3가,11337,11726,23063
202205,3호선,일원,11777,11255,23032
202205,3호선,잠원,5401,5226,10627
202205,3호선,종로3가,10857,12532,23389
202205,3호선,지축,5535,5103,10638
202205,3호선,충무로,2,0,2
202205,3호선,학여울,3225,3240,6465
202205,3호선,홍제,19613,18341,37954
202205,3호선,가락시장,10362,10199,20561
202205,3호선,경복궁,32214,34693,66907
202205,3호선,경찰병원,8147,7954,16101
202205,3호선,고속터미널,54268,54292,108560
202205,3호선,교대,16931,11026,27957
202205,3호선,구파발,23028,22178,45206
202205,3호선,금호,8871,7998,16869
202205,3호선,남부터미널,34573,34537,69110
202205,3호선,녹번,17490,15102,32592
202205,3호선,대청,11019,10157,21176
202205,3호선,대치,12511,12338,24849
202205,3호선,도곡,6037,6351,12388
202205,3호선,독립문,8337,8706,17043
202205,3호선,동대입구,9323,11102,20425
202205,3호선,매봉,13998,13551,27549
202205,3호선,무악재,4468,4289,8757
202205,3호선,불광,17907,19070,36977
202205,3호선,수서,20604,20622,41226
202205,3호선,신사,35000,38374,73374
202205,3호선,안국,28133,28495,56628
202205,3호선,압구정,36288,39716,76004
202205,3호선,약수,14936,14225,29161
202205,3호선,양재,44690,47810,92500
202205,3호선,연신내,40492,38465,78957
202205,3호선,오금,7036,6303,13339
202205,3호선,옥수,10262,10337,20599
202205,3호선,을지로3가,12125,13004,25129
202205,3호선,일원,11595,10956,22551
202205,3호선,잠원,5725,5406,11131
202205,3호선,종로3가,11467,14162,25629
202205,3호선,지축,5789,5214,11003
202205,3호선,충무로,1,0,1
202205,3호선,학여울,3140,3144,6284
202205,3호선,홍제,19948,18523,38471
202205,3호선,가락시장,9628,9444,19072
202205,3호선,경복궁,27710,29220,56930
202205,3호선,경찰병원,7883,7932,15815
202205,3호선,고속터미널,41803,40538,82341
202205,3호선,교대,15808,10477,26285
202205,3호선,구파발,22313,21476,43789
202205,3호선,금호,8266,7745,16011
202205,3호선,남부터미널,29875,30873,60748
202205,3호선,녹번,16758,14961,31719
202205,3호선,대청,11410,10540,21950
202205,3호선,대치,11472,11787,23259
202205,3호선,도곡,5798,5972,11770
202205,3호선,독립문,7309,7548,14857
202205,3호선,동대입구,9349,10296,19645
202205,3호선,매봉,13635,12954,26589
202205,3호선,무악재,4214,4257,8471
202205,3호선,불광,17089,18234,35323
202205,3호선,수서,18003,18848,36851
202205,3호선,신사,31128,32600,63728
202205,3호선,안국,23544,23754,47298
202205,3호선,압구정,30308,32798,63106
202205,3호선,약수,13612,13181,26793
202205,3호선,양재,41064,45428,86492
202205,3호선,연신내,37945,35802,73747
202205,3호선,오금,6772,6064,12836
202205,3호선,옥수,9483,9662,19145
202205,3호선,을지로3가,11201,11394,22595
202205,3호선,일원,11376,10998,22374
202205,3호선,잠원,5244,5153,10397
202205,3호선,종로3가,10378,11928,22306
202205,3호선,지축,5529,5163,10692
202205,3호선,충무로,2,0,2
202205,3호선,학여울,1932,1899,3831
202205,3호선,홍제,19348,18245,37593
202205,3호선,가락시장,9740,9728,19468
202205,3호선,경복궁,28502,29733,58235
202205,3호선,경찰병원,7793,7567,15360
202205,3호선,고속터미널,41685,40364,82049
202205,3호선,교대,16676,11725,28401
202205,3호선,구파발,22524,21268,43792
202205,3호선,금호,8505,7735,16240
202205,3호선,남부터미널,30788,33133,63921
202205,3호선,녹번,17073,14534,31607
202205,3호선,대청,10782,9543,20325
202205,3호선,대치,11711,11637,23348
202205,3호선,도곡,5901,6591,12492
202205,3호선,독립문,7635,8258,15893
202205,3호선,동대입구,9682,11125,20807
202205,3호선,매봉,11795,12582,24377
202205,3호선,무악재,4304,4350,8654
202205,3호선,불광,17668,18151,35819
202205,3호선,수서,17521,17455,34976
202205,3호선,신사,31721,34843,66564
202205,3호선,안국,24496,25460,49956
202205,3호선,압구정,33411,41963,75374
202205,3호선,약수,14017,13964,27981
202205,3호선,양재,38941,47834,86775
202205,3호선,연신내,38428,35786,74214
202205,3호선,오금,6902,6048,12950
202205,3호선,옥수,9920,9901,19821
202205,3호선,을지로3가,11288,12001,23289
202205,3호선,일원,11566,10772,22338
202205,3호선,잠원,5342,4829,10171
202205,3호선,종로3가,10422,12219,22641
202205,3호선,지축,5677,5273,10950
202205,3호선,학여울,2088,2102,4190
202205,3호선,홍제,19469,17781,37250
202205,3호선,가락시장,9952,9674,19626
202205,3호선,경복궁,30838,32466,63304
202205,3호선,경찰병원,8080,8138,16218
202205,3호선,고속터미널,42259,39811,82070
202205,3호선,교대,16661,10711,27372
202205,3호선,구파발,22745,21921,44666
202205,3호선,금호,8610,7967,16577
202205,3호선,남부터미널,31012,31485,62497
202205,3호선,녹번,17256,15582,32838
202205,3호선,대청,11510,10515,22025
202205,3호선,대치,11775,11977,23752
202205,3호선,도곡,5909,6181,12090
202205,3호선,독립문,7754,8180,15934
202205,3호선,동대입구,9583,10689,20272
202205,3호선,매봉,14068,13529,27597
202205,3호선,무악재,4280,4507,8787
202205,3호선,불광,18036,19284,37320
202205,3호선,수서,18456,18737,37193
202205,3호선,신사,32220,33181,65401
202205,3호선,안국,26582,26601,53183
202205,3호선,압구정,32997,35562,68559
202205,3호선,약수,14565,14151,28716
202205,3호선,양재,43408,47207,90615
202205,3호선,연신내,39047,37009,76056
202205,3호선,오금,6824,6144,12968
202205,3호선,옥수,9760,10018,19778
202205,3호선,을지로3가,11736,11706,23442
202205,3호선,일원,11547,11047,22594
202205,3호선,잠원,5521,5318,10839
202205,3호선,종로3가,10856,12344,23200
202205,3호선,지축,5687,5220,10907
202205,3호선,충무로,2,0,2
202205,3호선,학여울,2025,2039,4064
202205,3호선,홍제,19745,18842,38587
202205,3호선,가락시장,9949,9851,19800
202205,3호선,경복궁,30176,31967,62143
202205,3호선,경찰병원,7816,7856,15672
202205,3호선,고속터미널,43961,41317,85278
202205,3호선,교대,17155,11081,28236
202205,3호선,구파발,22583,21635,44218
202205,3호선,금호,8560,7814,16374
202205,3호선,남부터미널,31661,31767,63428
202205,3호선,녹번,17325,15296,32621
202205,3호선,대청,11467,10506,21973
202205,3호선,대치,11888,12100,23988
202205,3호선,도곡,6038,6175,12213
202205,3호선,독립문,7763,8150,15913
202205,3호선,동대입구,9787,10823,20610
202205,3호선,매봉,13762,13549,27311
202205,3호선,무악재,4295,4343,8638
202205,3호선,불광,17912,19251,37163
202205,3호선,수서,18359,18797,37156
202205,3호선,신사,32163,33942,66105
202205,3호선,안국,25571,26319,51890
202205,3호선,압구정,33118,35854,68972
202205,3호선,약수,14264,13835,28099
202205,3호선,양재,43099,47617,90716
202205,3호선,연신내,39038,36474,75512
202205,3호선,오금,6954,6220,13174
202205,3호선,옥수,9907,10073,19980
202205,3호선,을지로3가,11599,11938,23537
202205,3호선,일원,12163,11549,23712
202205,3호선,잠원,5524,5296,10820
202205,3호선,종로3가,10615,12453,23068
202205,3호선,지축,5711,5224,10935
202205,3호선,학여울,2591,2706,5297
202205,3호선,홍제,19656,18474,38130
202205,3호선,가락시장,10275,10016,20291
202205,3호선,경복궁,31098,33081,64179
202205,3호선,경찰병원,8070,7822,15892
202205,3호선,고속터미널,53135,53586,106721
202205,3호선,교대,17250,11095,28345
202205,3호선,구파발,23144,22266,45410
202205,3호선,금호,8755,7839,16594
202205,3호선,남부터미널,34934,34936,69870
202205,3호선,녹번,17577,15168,32745
202205,3호선,대청,11608,10537,22145
202205,3호선,대치,12615,12496,25111
202205,3호선,도곡,6197,6473,12670
202205,3호선,독립문,8318,8524,16842
202205,3호선,동대입구,9284,10223,19507
202205,3호선,매봉,14142,13706,27848
202205,3호선,무악재,4431,4383,8814
202205,3호선,불광,18009,19389,37398
202205,3호선,수서,20533,20114,40647
202205,3호선,신사,35050,38577,73627
202205,3호선,안국,27077,27948,55025
202205,3호선,압구정,35813,39032,74845
202205,3호선,약수,14597,14175,28772
202205,3호선,양재,44637,47881,92518
202205,3호선,연신내,40294,38285,78579
202205,3호선,오금,6991,6213,13204
202205,3호선,옥수,10171,10201,20372
202205,3호선,을지로3가,12102,13034,25136
202205,3호선,일원,11790,10923,22713
202205,3호선,잠원,5842,5439,11281
202205,3호선,종로3가,11251,13738,24989
202205,3호선,지축,5753,5333,11086
202205,3호선,충무로,4,0,4
202205,3호선,학여울,2496,2446,4942
202205,3호선,홍제,19934,18520,38454
202205,3호선,가락시장,9471,9239,18710
202205,3호선,경복궁,27384,29125,56509
202205,3호선,경찰병원,7836,7879,15715
202205,3호선,고속터미널,39870,38862,78732
202205,3호선,교대,15493,10382,25875
202205,3호선,구파발,22182,21189,43371
202205,3호선,금호,8286,7671,15957
202205,3호선,남부터미널,29776,30852,60628
202205,3호선,녹번,16735,14979,31714
202205,3호선,대청,11223,10293,21516
202205,3호선,대치,11647,12056,23703
202205,3호선,도곡,5878,5840,11718
202205,3호선,독립문,7302,7554,14856
202205,3호선,동대입구,9451,10395,19846
202205,3호선,매봉,13263,12774,26037
202205,3호선,무악재,4096,4304,8400
202205,3호선,불광,17101,17968,35069
202205,3호선,수서,17984,18876,36860
202205,3호선,신사,29046,30524,59570
202205,3호선,안국,23617,23801,47418
202205,3호선,압구정,32221,34601,66822
202205,3호선,약수,13829,13432,27261
202205,3호선,양재,39707,43686,83393
202205,3호선,연신내,37741,35478,73219
202205,3호선,오금,6675,5899,12574
202205,3호선,옥수,12604,9677,22281
202205,3호선,을지로3가,11135,11245,22380
202205,3호선,일원,11639,11194,22833
202205,3호선,잠원,5125,4950,10075
202205,3호선,종로3가,10242,11640,21882
202205,3호선,지축,5479,4999,10478
202205,3호선,학여울,1994,1992,3986
202205,3호선,홍제,19233,18377,37610
202205,3호선,가락시장,10029,10028,20057
202205,3호선,경복궁,29681,31277,60958
202205,3호선,경찰병원,7948,7880,15828
202205,3호선,고속터미널,44361,43326,87687
202205,3호선,교대,16536,10917,27453
202205,3호선,구파발,23215,22099,45314
202205,3호선,금호,8860,7986,16846
202205,3호선,남부터미널,31447,31983,63430
202205,3호선,녹번,17729,15136,32865
202205,3호선,대청,11391,10339,21730
202205,3호선,대치,12347,12361,24708
202205,3호선,도곡,5877,5948,11825
202205,3호선,독립문,8132,8216,16348
202205,3호선,동대입구,9747,10696,20443
202205,3호선,매봉,13975,13474,27449
202205,3호선,무악재,4358,4328,8686
202205,3호선,불광,18220,19376,37596
202205,3호선,수서,19071,19118,38189
202205,3호선,신사,30528,33468,63996
202205,3호선,안국,26286,26931,53217
202205,3호선,압구정,33936,37242,71178
202205,3호선,약수,14475,14042,28517
202205,3호선,양재,41805,45658,87463
202205,3호선,연신내,39926,37617,77543
202205,3호선,오금,7022,6028,13050
202205,3호선,옥수,10218,10295,20513
202205,3호선,을지로3가,11781,12869,24650
202205,3호선,일원,12018,11163,23181
202205,3호선,잠원,5468,5185,10653
202205,3호선,종로3가,10990,13380,24370
202205,3호선,지축,6066,5525,11591
202205,3호선,충무로,3,0,3
202205,3호선,학여울,1975,2016,3991
202205,3호선,홍제,19941,18403,38344
202206,3호선,가락시장,5145,5040,10185
202206,3호선,경복궁,22721,25909,48630
202206,3호선,경찰병원,3297,3306,6603
202206,3호선,고속터미널,41681,39292,80973
202206,3호선,교대,5495,3425,8920
202206,3호선,구파발,14563,14773,29336
202206,3호선,금호,5300,4785,10085
202206,3호선,남부터미널,15390,15794,31184
202206,3호선,녹번,9549,8450,17999
202206,3호선,대청,5325,5073,10398
202206,3호선,대치,7251,6874,14125
202206,3호선,도곡,2637,2581,5218
202206,3호선,독립문,5497,6170,11667
202206,3호선,동대입구,5856,7178,13034
202206,3호선,매봉,5528,5474,11002
202206,3호선,무악재,2584,2813,5397
202206,3호선,불광,12330,13903,26233
202206,3호선,수서,10335,10448,20783
202206,3호선,신사,16451,16992,33443
202206,3호선,안국,18086,19368,37454
202206,3호선,압구정,18228,19530,37758
202206,3호선,약수,8242,7930,16172
202206,3호선,양재,14686,16715,31401
202206,3호선,연신내,26636,24989,51625
202206,3호선,오금,3074,2861,5935
202206,3호선,옥수,6420,6343,12763
202206,3호선,을지로3가,4938,4827,9765
202206,3호선,일원,4398,4359,8757
202206,3호선,잠원,3005,2800,5805
202206,3호선,종로3가,5960,8239,14199
202206,3호선,지축,3357,3099,6456
202206,3호선,학여울,1103,1480,2583
202206,3호선,홍제,11982,11246,23228
202206,3호선,가락시장,9478,9266,18744
202206,3호선,경복궁,29141,30534,59675
202206,3호선,경찰병원,7555,7550,15105
202206,3호선,고속터미널,42714,40578,83292
202206,3호선,교대,15617,10082,25699
202206,3호선,구파발,22308,21529,43837
202206,3호선,금호,8406,7726,16132
202206,3호선,남부터미널,31079,31365,62444
202206,3호선,녹번,16848,15084,31932
202206,3호선,대청,11173,10162,21335
202206,3호선,대치,11781,12041,23822
202206,3호선,도곡,5581,5613,11194
202206,3호선,독립문,7584,7892,15476
202206,3호선,동대입구,9992,10890,20882
202206,3호선,매봉,13455,12911,26366
202206,3호선,무악재,4352,4343,8695
202206,3호선,불광,17417,18613,36030
202206,3호선,수서,17829,18292,36121
202206,3호선,신사,29578,31213,60791
202206,3호선,안국,25638,26159,51797
202206,3호선,압구정,33086,35635,68721
202206,3호선,약수,13913,13544,27457
202206,3호선,양재,39373,43272,82645
202206,3호선,연신내,38666,36311,74977
202206,3호선,오금,6742,6039,12781
202206,3호선,옥수,9600,9850,19450
202206,3호선,을지로3가,11070,11460,22530
202206,3호선,일원,11772,11312,23084
202206,3호선,잠원,5167,5107,10274
202206,3호선,종로3가,10559,12137,22696
202206,3호선,지축,5698,5215,10913
202206,3호선,학여울,3653,3592,7245
202206,3호선,홍제,19230,18037,37267
202206,3호선,가락시장,10214,9882,20096
202206,3호선,경복궁,28864,30180,59044
202206,3호선,경찰병원,7853,7708,15561
202206,3호선,고속터미널,51160,57772,108932
202206,3호선,교대,16116,10384,26500
202206,3호선,구파발,22423,21320,43743
202206,3호선,금호,8671,7790,16461
202206,3호선,남부터미널,33269,34432,67701
202206,3호선,녹번,17080,14639,31719
202206,3호선,대청,11319,10191,21510
202206,3호선,대치,12355,12540,24895
202206,3호선,도곡,5663,5581,11244
202206,3호선,독립문,7872,7949,15821
202206,3호선,동대입구,9127,9767,18894
202206,3호선,매봉,13424,13022,26446
202206,3호선,무악재,4353,4273,8626
202206,3호선,불광,17677,18421,36098
202206,3호선,수서,19600,20059,39659
202206,3호선,신사,31214,34064,65278
202206,3호선,안국,27276,27282,54558
202206,3호선,압구정,34964,37838,72802
202206,3호선,약수,14401,13941,28342
202206,3호선,양재,41500,44402,85902
202206,3호선,연신내,39504,37043,76547
202206,3호선,오금,6906,6003,12909
202206,3호선,옥수,9948,10075,20023
202206,3호선,을지로3가,11707,12424,24131
202206,3호선,일원,11668,10809,22477
202206,3호선,잠원,5311,5146,10457
202206,3호선,종로3가,11045,13388,24433
202206,3호선,지축,5848,5212,11060
202206,3호선,충무로,3,0,3
202206,3호선,학여울,3125,3144,6269
202206,3호선,홍제,19401,18044,37445
202206,3호선,가락시장,4422,4429,8851
202206,3호선,경복궁,16368,18253,34621
202206,3호선,경찰병원,2712,2827,5539
202206,3호선,고속터미널,50878,41565,92443
202206,3호선,교대,4403,2907,7310
202206,3호선,구파발,11057,11519,22576
202206,3호선,금호,4298,4193,8491
202206,3호선,남부터미널,15705,15577,31282
202206,3호선,녹번,7367,6848,14215
202206,3호선,대청,4368,4353,8721
202206,3호선,대치,6047,5859,11906
202206,3호선,도곡,2168,2194,4362
202206,3호선,독립문,4412,4724,9136
202206,3호선,동대입구,5151,6037,11188
202206,3호선,매봉,4433,4502,8935
202206,3호선,무악재,2044,2163,4207
202206,3호선,불광,9513,10821,20334
202206,3호선,수서,11139,10575,21714
202206,3호선,신사,12667,12580,25247
202206,3호선,안국,13677,13938,27615
202206,3호선,압구정,13612,14259,27871
202206,3호선,약수,6926,6845,13771
202206,3호선,양재,11833,14171,26004
202206,3호선,연신내,21282,20980,42262
202206,3호선,오금,2630,2576,5206
202206,3호선,옥수,5054,5453,10507
202206,3호선,을지로3가,3800,3636,7436
202206,3호선,일원,3649,3920,7569
202206,3호선,잠원,2321,2192,4513
202206,3호선,종로3가,4505,5900,10405
202206,3호선,지축,2714,2522,5236
202206,3호선,충무로,1,0,1
202206,3호선,학여울,837,792,1629
202206,3호선,홍제,9727,9536,19263
202206,3호선,가락시장,9632,9509,19141
202206,3호선,경복궁,27172,28881,56053
202206,3호선,경찰병원,7731,7822,15553
202206,3호선,고속터미널,41439,38816,80255
202206,3호선,교대,16004,10450,26454
202206,3호선,구파발,22358,21387,43745
202206,3호선,금호,8569,8028,16597
202206,3호선,남부터미널,31653,31974,63627
202206,3호선,녹번,17196,15551,32747
202206,3호선,대청,11103,10444,21547
202206,3호선,대치,11871,12140,24011
202206,3호선,도곡,5833,5939,11772
202206,3호선,독립문,7610,7909,15519
202206,3호선,동대입구,9234,10204,19438
202206,3호선,매봉,13745,13213,26958
202206,3호선,무악재,4253,4307,8560
202206,3호선,불광,17780,18610,36390
202206,3호선,수서,18305,18988,37293
202206,3호선,신사,29691,31200,60891
202206,3호선,안국,24043,24202,48245
202206,3호선,압구정,34423,36914,71337
202206,3호선,약수,13773,13344,27117
202206,3호선,양재,40372,44881,85253
202206,3호선,연신내,38809,36851,75660
202206,3호선,오금,6797,5964,12761
202206,3호선,옥수,9569,9960,19529
202206,3호선,을지로3가,11191,11428,22619
202206,3호선,일원,12415,11839,24254
202206,3호선,잠원,5239,4981,10220
202206,3호선,종로3가,10583,11981,22564
202206,3호선,지축,5725,5312,11037
202206,3호선,충무로,2,0,2
202206,3호선,학여울,1975,1973,3948
202206,3호선,홍제,19760,18765,38525
202206,3호선,가락시장,9781,9670,19451
202206,3호선,경복궁,29098,30719,59817
202206,3호선,경찰병원,7970,8061,16031
202206,3호선,고속터미널,40270,38415,78685
202206,3호선,교대,16554,10758,27312
202206,3호선,구파발,22850,22034,44884
202206,3호선,금호,8590,7898,16488
202206,3호선,남부터미널,30646,31109,61755
202206,3호선,녹번,17245,15593,32838
202206,3호선,대청,11395,10472,21867
202206,3호선,대치,11646,11813,23459
202206,3호선,도곡,5994,6134,12128
202206,3호선,독립문,7665,8154,15819
202206,3호선,동대입구,10088,10965,21053
202206,3호선,매봉,13772,13317,27089
202206,3호선,무악재,4343,4413,8756
202206,3호선,불광,17734,18777,36511
202206,3호선,수서,18171,18460,36631
202206,3호선,신사,29745,31396,61141
202206,3호선,안국,24817,25522,50339
202206,3호선,압구정,33755,36364,70119
202206,3호선,약수,14002,13569,27571
202206,3호선,양재,42322,46117,88439
202206,3호선,연신내,38918,36858,75776
202206,3호선,오금,6872,6038,12910
202206,3호선,옥수,9664,9945,19609
202206,3호선,을지로3가,11490,11776,23266
202206,3호선,일원,12062,11631,23693
202206,3호선,잠원,5260,5053,10313
202206,3호선,종로3가,10811,12103,22914
202206,3호선,지축,5671,5284,10955
202206,3호선,충무로,3,0,3
202206,3호선,학여울,2057,2034,4091
202206,3호선,홍제,19795,18694,38489
202206,3호선,가락시장,9603,9478,19081
202206,3호선,경복궁,27611,29663,57274
202206,3호선,경찰병원,7761,7838,15599
202206,3호선,고속터미널,41230,39215,80445
202206,3호선,교대,16903,10522,27425
202206,3호선,구파발,22162,21216,43378
202206,3호선,금호,8498,7850,16348
202206,3호선,남부터미널,31284,31741,63025
202206,3호선,녹번,17232,15185,32417
202206,3호선,대청,11681,10747,22428
202206,3호선,대치,12145,12005,24150
202206,3호선,도곡,5853,6012,11865
202206,3호선,독립문,7577,7849,15426
202206,3호선,동대입구,9787,10907,20694
202206,3호선,매봉,13834,13319,27153
202206,3호선,무악재,4261,4317,8578
202206,3호선,불광,17184,18263,35447
202206,3호선,수서,18424,18670,37094
202206,3호선,신사,29414,31295,60709
202206,3호선,안국,24165,24572,48737
202206,3호선,압구정,33270,36157,69427
202206,3호선,약수,13867,13648,27515
202206,3호선,양재,41438,45799,87237
202206,3호선,연신내,38244,36019,74263
202206,3호선,오금,6879,6173,13052
202206,3호선,옥수,9660,9975,19635
202206,3호선,을지로3가,11485,12104,23589
202206,3호선,일원,11957,11525,23482
202206,3호선,잠원,5186,5060,10246
202206,3호선,종로3가,10641,12200,22841
202206,3호선,지축,5609,5214,10823
202206,3호선,학여울,2210,2319,4529
202206,3호선,홍제,19257,17975,37232
202206,3호선,가락시장,9935,9791,19726
202206,3호선,경복궁,29017,30285,59302
202206,3호선,경찰병원,8120,7866,15986
202206,3호선,고속터미널,48730,50141,98871
202206,3호선,교대,17055,11095,28150
202206,3호선,구파발,23116,22131,45247
202206,3호선,금호,8838,7956,16794
202206,3호선,남부터미널,34297,34401,68698
202206,3호선,녹번,17354,15296,32650
202206,3호선,대청,11348,10686,22034
202206,3호선,대치,12404,12642,25046
202206,3호선,도곡,6133,6226,12359
202206,3호선,독립문,8125,8179,16304
202206,3호선,동대입구,9169,10171,19340
202206,3호선,매봉,13950,13607,27557
202206,3호선,무악재,4340,4256,8596
202206,3호선,불광,17640,18714,36354
202206,3호선,수서,20156,20100,40256
202206,3호선,신사,32135,34953,67088
202206,3호선,안국,25752,25805,51557
202206,3호선,압구정,36026,39347,75373
202206,3호선,약수,14115,14031,28146
202206,3호선,양재,43580,46731,90311
202206,3호선,연신내,39916,37750,77666
202206,3호선,오금,6921,6090,13011
202206,3호선,옥수,10244,10363,20607
202206,3호선,을지로3가,11992,12697,24689
202206,3호선,일원,11986,11103,23089
202206,3호선,잠원,5445,5247,10692
202206,3호선,종로3가,11173,13651,24824
202206,3호선,지축,5721,5118,10839
202206,3호선,충무로,1,0,1
202206,3호선,학여울,2515,2555,5070
202206,3호선,홍제,19523,18260,37783
202206,3호선,가락시장,9657,9440,19097
202206,3호선,경복궁,26604,28347,54951
202206,3호선,경찰병원,7978,7908,15886
202206,3호선,고속터미널,41537,39813,81350
202206,3호선,교대,16101,10576,26677
202206,3호선,구파발,22309,21457,43766
202206,3호선,금호,8330,7658,15988
202206,3호선,남부터미널,30112,31117,61229
202206,3호선,녹번,16492,14998,31490
202206,3호선,대청,11179,10242,21421
202206,3호선,대치,11652,11840,23492
202206,3호선,도곡,5894,5855,11749
202206,3호선,독립문,7355,7443,14798
202206,3호선,동대입구,14124,14824,28948
202206,3호선,매봉,13580,13025,26605
202206,3호선,무악재,4166,4258,8424
202206,3호선,불광,16819,17842,34661
202206,3호선,수서,18048,18634,36682
202206,3호선,신사,28838,30831,59669
202206,3호선,안국,23455,22986,46441
202206,3호선,압구정,30975,33226,64201
202206,3호선,약수,13880,13496,27376
202206,3호선,양재,39631,43656,83287
202206,3호선,연신내,37877,35405,73282
202206,3호선,오금,6842,6053,12895
202206,3호선,옥수,9367,9609,18976
202206,3호선,을지로3가,11297,11340,22637
202206,3호선,일원,11898,11466,23364
202206,3호선,잠원,5117,4900,10017
202206,3호선,종로3가,10365,11665,22030
202206,3호선,지축,5489,5149,10638
202206,3호선,충무로,1,0,1
202206,3호선,학여울,1892,1963,3855
202206,3호선,홍제,18811,17728,36539
202206,3호선,가락시장,9788,9620,19408
202206,3호선,경복궁,22221,22004,44225
202206,3호선,경찰병원,8020,8076,16096
202206,3호선,고속터미널,41002,39251,80253
202206,3호선,교대,16550,10727,27277
202206,3호선,구파발,22921,21917,44838
202206,3호선,금호,8568,7866,16434
202206,3호선,남부터미널,31040,31472,62512
202206,3호선,녹번,17044,15243,32287
202206,3호선,대청,11517,10533,22050
202206,3호선,대치,11892,12100,23992
202206,3호선,도곡,5915,5987,11902
202206,3호선,독립문,7791,8177,15968
202206,3호선,동대입구,9539,10439,19978
202206,3호선,매봉,13993,13419,27412
202206,3호선,무악재,4303,4247,8550
202206,3호선,불광,17491,18720,36211
202206,3호선,수서,18286,18647,36933
202206,3호선,신사,30481,32008,62489
202206,3호선,안국,23809,24501,48310
202206,3호선,압구정,34919,37343,72262
202206,3호선,약수,14063,13661,27724
202206,3호선,양재,41486,45040,86526
202206,3호선,연신내,39053,36753,75806
202206,3호선,오금,6904,6125,13029
202206,3호선,옥수,9551,9905,19456
202206,3호선,을지로3가,11134,11510,22644
202206,3호선,일원,12200,11683,23883
202206,3호선,잠원,5064,5061,10125
202206,3호선,종로3가,10668,12130,22798
202206,3호선,지축,5759,5351,11110
202206,3호선,학여울,2082,2173,4255
202206,3호선,홍제,19081,18013,37094
202206,3호선,가락시장,9531,9641,19172
202206,3호선,경복궁,27289,28880,56169
202206,3호선,경찰병원,8072,8181,16253
202206,3호선,고속터미널,40718,38928,79646
202206,3호선,교대,16190,11029,27219
202206,3호선,구파발,22226,21771,43997
202206,3호선,금호,8513,7862,16375
202206,3호선,남부터미널,28838,30695,59533
202206,3호선,녹번,17077,14577,31654
202206,3호선,대청,11263,10279,21542
202206,3호선,대치,11512,11681,23193
202206,3호선,도곡,5923,6423,12346
202206,3호선,독립문,7626,7778,15404
202206,3호선,동대입구,10238,11220,21458
202206,3호선,매봉,13253,13060,26313
202206,3호선,무악재,4250,4012,8262
202206,3호선,불광,17201,18575,35776
202206,3호선,수서,17897,18185,36082
202206,3호선,신사,28415,31681,60096
202206,3호선,안국,24475,25299,49774
202206,3호선,압구정,33461,37969,71430
202206,3호선,약수,14066,13744,27810
202206,3호선,양재,40364,45339,85703
202206,3호선,연신내,38032,35547,73579
202206,3호선,오금,6694,5832,12526
202206,3호선,옥수,9532,9436,18968
202206,3호선,을지로3가,11548,12207,23755
202206,3호선,일원,11671,11298,22969
202206,3호선,잠원,5328,5356,10684
202206,3호선,종로3가,10934,12658,23592
202206,3호선,지축,5574,4841,10415
202206,3호선,학여울,2017,2285,4302
202206,3호선,홍제,18799,17120,35919
202206,3호선,가락시장,9862,9483,19345
202206,3호선,경복궁,27316,28952,56268
202206,3호선,경찰병원,7969,7922,15891
202206,3호선,고속터미널,43229,41602,84831
202206,3호선,교대,16937,10596,27533
202206,3호선,구파발,22620,21818,44438
202206,3호선,금호,8670,7835,16505
202206,3호선,남부터미널,31004,31305,62309
202206,3호선,녹번,17392,15216,32608
202206,3호선,대청,11552,10511,22063
202206,3호선,대치,11911,12065,23976
202206,3호선,도곡,6047,6134,12181
202206,3호선,독립문,7533,7963,15496
202206,3호선,동대입구,8892,9955,18847
202206,3호선,매봉,13877,13524,27401
202206,3호선,무악재,4294,4238,8532
202206,3호선,불광,17712,18859,36571
202206,3호선,수서,18616,19035,37651
202206,3호선,신사,30337,32361,62698
202206,3호선,안국,25381,25582,50963
202206,3호선,압구정,34082,36803,70885
202206,3호선,약수,14086,13592,27678
202206,3호선,양재,41563,45932,87495
202206,3호선,연신내,39352,37014,76366
202206,3호선,오금,6831,6108,12939
202206,3호선,옥수,9953,10088,20041
202206,3호선,을지로3가,11440,12006,23446
202206,3호선,일원,11780,11307,23087
202206,3호선,잠원,5303,5100,10403
202206,3호선,종로3가,10813,12516,23329
202206,3호선,지축,5691,5228,10919
202206,3호선,충무로,1,0,1
202206,3호선,학여울,3204,3557,6761
202206,3호선,홍제,19073,17913,36986
202206,3호선,가락시장,10097,9833,19930
202206,3호선,경복궁,27414,29070,56484
202206,3호선,경찰병원,8263,8204,16467
202206,3호선,고속터미널,51776,53739,105515
202206,3호선,교대,16758,10655,27413
202206,3호선,구파발,23180,22230,45410
202206,3호선,금호,8948,8009,16957
202206,3호선,남부터미널,33977,34142,68119
202206,3호선,녹번,17232,14897,32129
202206,3호선,대청,11549,10634,22183
202206,3호선,대치,12479,12492,24971
202206,3호선,도곡,6045,6108,12153
202206,3호선,독립문,8013,8162,16175
202206,3호선,동대입구,8951,9599,18550
202206,3호선,매봉,13970,13580,27550
202206,3호선,무악재,4322,4241,8563
202206,3호선,불광,17818,18777,36595
202206,3호선,수서,20340,20371,40711
202206,3호선,신사,32354,35530,67884
202206,3호선,안국,25560,26144,51704
202206,3호선,압구정,36333,39995,76328
202206,3호선,약수,14598,14090,28688
202206,3호선,양재,42983,45968,88951
202206,3호선,연신내,39724,37478,77202
202206,3호선,오금,6925,6247,13172
202206,3호선,옥수,10216,10400,20616
202206,3호선,을지로3가,11775,12884,24659
202206,3호선,일원,11877,11006,22883
202206,3호선,잠원,5446,5257,10703
202206,3호선,종로3가,11088,13563,24651
202206,3호선,지축,5710,5203,10913
202206,3호선,충무로,3,0,3
202206,3호선,학여울,3309,3343,6652
202206,3호선,홍제,19433,17740,37173
202206,3호선,가락시장,9614,9309,18923
202206,3호선,경복궁,26495,28132,54627
202206,3호선,경찰병원,7856,7828,15684
202206,3호선,고속터미널,38612,36290,74902
202206,3호선,교대,15852,10258,26110
202206,3호선,구파발,22445,21478,43923
202206,3호선,금호,8428,7769,16197
202206,3호선,남부터미널,30068,30792,60860
202206,3호선,녹번,16564,14915,31479
202206,3호선,대청,11434,10490,21924
202206,3호선,대치,11705,11916,23621
202206,3호선,도곡,5765,5792,11557
202206,3호선,독립문,7306,7393,14699
202206,3호선,동대입구,8102,8564,16666
202206,3호선,매봉,13339,13034,26373
202206,3호선,무악재,4252,4275,8527
202206,3호선,불광,16971,18181,35152
202206,3호선,수서,18081,18725,36806
202206,3호선,신사,29441,30921,60362
202206,3호선,안국,23810,23545,47355
202206,3호선,압구정,34448,36537,70985
202206,3호선,약수,13685,13369,27054
202206,3호선,양재,39573,43859,83432
202206,3호선,연신내,37992,35880,73872
202206,3호선,오금,6723,6094,12817
202206,3호선,옥수,9453,9717,19170
202206,3호선,을지로3가,11271,11577,22848
202206,3호선,일원,11727,11350,23077
202206,3호선,잠원,5205,4957,10162
202206,3호선,종로3가,10427,12067,22494
202206,3호선,지축,5620,5222,10842
202206,3호선,학여울,1919,1927,3846
202206,3호선,홍제,18685,17768,36453
202206,3호선,가락시장,9825,9487,19312
202206,3호선,경복궁,22456,22423,44879
202206,3호선,경찰병원,8166,8008,16174
202206,3호선,고속터미널,44871,41955,86826
202206,3호선,교대,16252,10512,26764
202206,3호선,구파발,22826,22015,44841
202206,3호선,금호,8521,7860,16381
202206,3호선,남부터미널,31183,31571,62754
202206,3호선,녹번,16900,15172,32072
202206,3호선,대청,11537,10552,22089
202206,3호선,대치,12163,12232,24395
202206,3호선,도곡,5904,5953,11857
202206,3호선,독립문,7826,8000,15826
202206,3호선,동대입구,8075,8660,16735
202206,3호선,매봉,13939,13354,27293
202206,3호선,무악재,4345,4290,8635
202206,3호선,불광,17303,18643,35946
202206,3호선,수서,17922,18599,36521
202206,3호선,신사,31077,32968,64045
202206,3호선,안국,24342,25521,49863
202206,3호선,압구정,35095,37820,72915
202206,3호선,약수,13958,13387,27345
202206,3호선,양재,41501,45381,86882
202206,3호선,연신내,38624,36299,74923
202206,3호선,오금,6735,6155,12890
202206,3호선,옥수,9589,9839,19428
202206,3호선,을지로3가,11748,11766,23514
202206,3호선,일원,12001,11533,23534
202206,3호선,잠원,5288,5077,10365
202206,3호선,종로3가,10828,12561,23389
202206,3호선,지축,5773,5347,11120
202206,3호선,충무로,3,0,3
202206,3호선,학여울,1965,2025,3990
202206,3호선,홍제,18731,17789,36520
202206,3호선,가락시장,9974,9707,19681
202206,3호선,경복궁,26707,28111,54818
202206,3호선,경찰병원,8073,7989,16062
202206,3호선,고속터미널,44849,42319,87168
202206,3호선,교대,16658,10531,27189
202206,3호선,구파발,22809,22409,45218
202206,3호선,금호,8704,7871,16575
202206,3호선,남부터미널,31567,31839,63406
202206,3호선,녹번,16856,15051,31907
202206,3호선,대청,11842,10840,22682
202206,3호선,대치,11844,12017,23861
202206,3호선,도곡,5878,6005,11883
202206,3호선,독립문,7668,7753,15421
202206,3호선,동대입구,8276,8894,17170
202206,3호선,매봉,14176,13530,27706
202206,3호선,무악재,4466,4383,8849
202206,3호선,불광,17328,18403,35731
202206,3호선,수서,18364,18848,37212
202206,3호선,신사,31404,33095,64499
202206,3호선,안국,26067,26518,52585
202206,3호선,압구정,34809,37232,72041
202206,3호선,약수,14228,13777,28005
202206,3호선,양재,41226,45459,86685
202206,3호선,연신내,39248,36990,76238
202206,3호선,오금,6817,6154,12971
202206,3호선,옥수,9867,10128,19995
202206,3호선,을지로3가,12060,12344,24404
202206,3호선,일원,11962,11330,23292
202206,3호선,잠원,5351,5175,10526
202206,3호선,종로3가,10986,12652,23638
202206,3호선,지축,5788,5506,11294
202206,3호선,충무로,2,0,2
202206,3호선,학여울,2283,2291,4574
202206,3호선,홍제,18870,17671,36541
202206,3호선,가락시장,9329,9131,18460
202206,3호선,경복궁,23937,23857,47794
202206,3호선,경찰병원,7795,7870,15665
202206,3호선,고속터미널,43778,41044,84822
202206,3호선,교대,16125,10321,26446
202206,3호선,구파발,21247,20368,41615
202206,3호선,금호,8153,7758,15911
202206,3호선,남부터미널,30702,30941,61643
202206,3호선,녹번,15864,14471,30335
202206,3호선,대청,10973,10181,21154
202206,3호선,대치,11437,11676,23113
202206,3호선,도곡,5816,5968,11784
202206,3호선,독립문,6792,7231,14023
202206,3호선,동대입구,8109,8423,16532
202206,3호선,매봉,13601,12990,26591
202206,3호선,무악재,4066,4187,8253
202206,3호선,불광,15810,16561,32371
202206,3호선,수서,18466,18713,37179
202206,3호선,신사,30111,31450,61561
202206,3호선,안국,24657,24304,48961
202206,3호선,압구정,33387,35529,68916
202206,3호선,약수,13437,13247,26684
202206,3호선,양재,40949,44488,85437
202206,3호선,연신내,35204,33273,68477
202206,3호선,오금,6572,5903,12475
202206,3호선,옥수,9230,9772,19002
202206,3호선,을지로3가,12236,11475,23711
202206,3호선,일원,11389,10966,22355
202206,3호선,잠원,4970,4965,9935
202206,3호선,종로3가,10901,11992,22893
202206,3호선,지축,5224,4829,10053
202206,3호선,학여울,2913,3036,5949
202206,3호선,홍제,17591,17022,34613
202206,3호선,가락시장,9823,9732,19555
202206,3호선,경복궁,25065,26310,51375
202206,3호선,경찰병원,7895,8072,15967
202206,3호선,고속터미널,52268,54174,106442
202206,3호선,교대,16397,10529,26926
202206,3호선,구파발,22586,21731,44317
202206,3호선,금호,8957,8035,16992
202206,3호선,남부터미널,34023,33950,67973
202206,3호선,녹번,16846,14728,31574
202206,3호선,대청,11662,10494,22156
202206,3호선,대치,12480,12219,24699
202206,3호선,도곡,6055,6023,12078
202206,3호선,독립문,7707,7690,15397
202206,3호선,동대입구,8519,9144,17663
202206,3호선,매봉,13857,13453,27310
202206,3호선,무악재,4261,4118,8379
202206,3호선,불광,17302,18359,35661
202206,3호선,수서,20018,20152,40170
202206,3호선,신사,32782,36028,68810
202206,3호선,안국,25495,26135,51630
202206,3호선,압구정,36633,39794,76427
202206,3호선,약수,14460,14020,28480
202206,3호선,양재,42160,45216,87376
202206,3호선,연신내,39504,37179,76683
202206,3호선,오금,6906,6033,12939
202206,3호선,옥수,10035,10103,20138
202206,3호선,을지로3가,12010,12701,24711
202206,3호선,일원,11603,10815,22418
202206,3호선,잠원,5515,5159,10674
202206,3호선,종로3가,11080,13516,24596
202206,3호선,지축,5735,5175,10910
202206,3호선,충무로,1,0,1
202206,3호선,학여울,3113,3200,6313
202206,3호선,홍제,19090,17591,36681
202206,3호선,가락시장,9298,9024,18322
202206,3호선,경복궁,22002,22385,44387
202206,3호선,경찰병원,7935,8010,15945
202206,3호선,고속터미널,43062,41195,84257
202206,3호선,교대,15355,10105,25460
202206,3호선,구파발,21520,20558,42078
202206,3호선,금호,8015,7470,15485
202206,3호선,남부터미널,29898,30695,60593
202206,3호선,녹번,15881,14548,30429
202206,3호선,대청,10940,10101,21041
202206,3호선,대치,11445,11530,22975
202206,3호선,도곡,5846,5705,11551
202206,3호선,독립문,6954,6945,13899
202206,3호선,동대입구,7671,7876,15547
202206,3호선,매봉,13400,12840,26240
202206,3호선,무악재,4134,4113,8247
202206,3호선,불광,16193,16927,33120
202206,3호선,수서,18142,18523,36665
202206,3호선,신사,29491,30909,60400
202206,3호선,안국,22964,22829,45793
202206,3호선,압구정,33888,36010,69898
202206,3호선,약수,13502,13078,26580
202206,3호선,양재,38969,42808,81777
202206,3호선,연신내,36388,34184,70572
202206,3호선,오금,6537,5928,12465
202206,3호선,옥수,9035,9357,18392
202206,3호선,을지로3가,11284,11184,22468
202206,3호선,일원,11474,11316,22790
202206,3호선,잠원,4932,4789,9721
202206,3호선,종로3가,10267,11706,21973
202206,3호선,지축,5361,5097,10458
202206,3호선,학여울,1873,1921,3794
202206,3호선,홍제,17570,16811,34381
202206,3호선,가락시장,9386,9045,18431
202206,3호선,경복궁,20157,20252,40409
202206,3호선,경찰병원,7815,7812,15627
202206,3호선,고속터미널,41197,39357,80554
202206,3호선,교대,15713,10199,25912
202206,3호선,구파발,21470,20593,42063
202206,3호선,금호,8311,7713,16024
202206,3호선,남부터미널,30606,31483,62089
202206,3호선,녹번,16126,14692,30818
202206,3호선,대청,11051,10244,21295
202206,3호선,대치,11779,11962,23741
202206,3호선,도곡,5716,5744,11460
202206,3호선,독립문,7073,7351,14424
202206,3호선,동대입구,7707,8149,15856
202206,3호선,매봉,13541,12974,26515
202206,3호선,무악재,4008,4112,8120
202206,3호선,불광,16513,17338,33851
202206,3호선,수서,17739,18414,36153
202206,3호선,신사,30307,31804,62111
202206,3호선,안국,23057,23379,46436
202206,3호선,압구정,34625,36834,71459
202206,3호선,약수,13460,13013,26473
202206,3호선,양재,40294,44363,84657
202206,3호선,연신내,36481,34485,70966
202206,3호선,오금,6570,5832,12402
202206,3호선,옥수,9035,9322,18357
202206,3호선,을지로3가,11316,11258,22574
202206,3호선,일원,11457,10980,22437
202206,3호선,잠원,5056,4936,9992
202206,3호선,종로3가,10346,11724,22070
202206,3호선,지축,5316,5006,10322
202206,3호선,충무로,3,0,3
202206,3호선,학여울,1819,1964,3783
202206,3호선,홍제,17775,16522,34297
202206,3호선,가락시장,9266,8983,18249
202206,3호선,경복궁,22520,22834,45354
202206,3호선,경찰병원,7930,8018,15948
202206,3호선,고속터미널,41937,39528,81465
202206,3호선,교대,15423,10013,25436
202206,3호선,구파발,21568,20955,42523
202206,3호선,금호,8412,7772,16184
202206,3호선,남부터미널,30096,30877,60973
202206,3호선,녹번,16192,14704,30896
202206,3호선,대청,10887,10072,20959
202206,3호선,대치,11448,11564,23012
202206,3호선,도곡,5692,5808,11500
202206,3호선,독립문,7236,7439,14675
202206,3호선,동대입구,7761,8147,15908
202206,3호선,매봉,13653,12989,26642
202206,3호선,무악재,4114,4151,8265
202206,3호선,불광,16394,17379,33773
202206,3호선,수서,17845,18213,36058
202206,3호선,신사,29627,31095,60722
202206,3호선,안국,24387,24347,48734
202206,3호선,압구정,34116,36217,70333
202206,3호선,약수,13548,13070,26618
202206,3호선,양재,40420,43643,84063
202206,3호선,연신내,36225,34196,70421
202206,3호선,오금,6551,5847,12398
202206,3호선,옥수,9174,9660,18834
202206,3호선,을지로3가,11618,11650,23268
202206,3호선,일원,11303,11005,22308
202206,3호선,잠원,5026,4946,9972
202206,3호선,종로3가,10767,11954,22721
202206,3호선,지축,5299,4906,10205
202206,3호선,충무로,1,0,1
202206,3호선,학여울,1895,1916,3811
202206,3호선,홍제,17917,17017,34934
202206,3호선,가락시장,8765,8694,17459
202206,3호선,경복궁,20832,20770,41602
202206,3호선,경찰병원,7957,7817,15774
202206,3호선,고속터미널,42028,40584,82612
202206,3호선,교대,14976,9952,24928
202206,3호선,구파발,20751,20192,40943
202206,3호선,금호,8131,7540,15671
202206,3호선,남부터미널,29791,30541,60332
202206,3호선,녹번,16026,14264,30290
202206,3호선,대청,10907,9984,20891
202206,3호선,대치,11160,11236,22396
202206,3호선,도곡,5572,5661,11233
202206,3호선,독립문,6623,6783,13406
202206,3호선,동대입구,8030,8104,16134
202206,3호선,매봉,13277,12837,26114
202206,3호선,무악재,4069,3930,7999
202206,3호선,불광,15550,16246,31796
202206,3호선,수서,18227,18508,36735
202206,3호선,신사,28939,30692,59631
202206,3호선,안국,22881,22784,45665
202206,3호선,압구정,33584,35640,69224
202206,3호선,약수,13303,12741,26044
202206,3호선,양재,39721,42953,82674
202206,3호선,연신내,34803,32956,67759
202206,3호선,오금,6316,5752,12068
202206,3호선,옥수,9071,9428,18499
202206,3호선,을지로3가,11672,11666,23338
202206,3호선,일원,11094,10729,21823
202206,3호선,잠원,5002,4807,9809
202206,3호선,종로3가,10336,11598,21934
202206,3호선,지축,5106,4798,9904
202206,3호선,충무로,2,0,2
202206,3호선,학여울,1809,1872,3681
202206,3호선,홍제,16934,16284,33218
202207,3호선,가락시장,9916,9649,19565
202207,3호선,경복궁,23460,23640,47100
202207,3호선,경찰병원,8034,7870,15904
202207,3호선,고속터미널,51937,53990,105927
202207,3호선,교대,15925,10483,26408
202207,3호선,구파발,23022,22043,45065
202207,3호선,금호,9054,7870,16924
202207,3호선,남부터미널,33486,34176,67662
202207,3호선,녹번,16999,14725,31724
202207,3호선,대청,11318,10173,21491
202207,3호선,대치,11582,11434,23016
202207,3호선,도곡,5921,5883,11804
202207,3호선,독립문,8043,8048,16091
202207,3호선,동대입구,8362,9023,17385
202207,3호선,매봉,13886,13260,27146
202207,3호선,무악재,4204,4129,8333
202207,3호선,불광,17405,18391,35796
202207,3호선,수서,19434,19535,38969
202207,3호선,신사,32383,35208,67591
202207,3호선,안국,24867,25082,49949
202207,3호선,압구정,36424,39187,75611
202207,3호선,약수,14464,13782,28246
202207,3호선,양재,42107,44618,86725
202207,3호선,연신내,39726,37460,77186
202207,3호선,오금,6633,5934,12567
202207,3호선,옥수,9907,10017,19924
202207,3호선,을지로3가,11863,12463,24326
202207,3호선,일원,11492,10602,22094
202207,3호선,잠원,5446,5103,10549
202207,3호선,종로3가,10951,13390,24341
202207,3호선,지축,5783,5243,11026
202207,3호선,충무로,1,0,1
202207,3호선,학여울,2390,2448,4838
202207,3호선,홍제,19006,17604,36610
202207,3호선,가락시장,9351,9050,18401
202207,3호선,경복궁,21482,21851,43333
202207,3호선,경찰병원,7797,7892,15689
202207,3호선,고속터미널,43130,40879,84009
202207,3호선,교대,15457,10178,25635
202207,3호선,구파발,22310,21540,43850
202207,3호선,금호,8256,7632,15888
202207,3호선,남부터미널,29997,30280,60277
202207,3호선,녹번,16048,14451,30499
202207,3호선,대청,11029,10213,21242
202207,3호선,대치,11349,11496,22845
202207,3호선,도곡,5883,5784,11667
202207,3호선,독립문,7128,7316,14444
202207,3호선,동대입구,7692,8114,15806
202207,3호선,매봉,13688,13118,26806
202207,3호선,무악재,4115,4047,8162
202207,3호선,불광,16791,17877,34668
202207,3호선,수서,17814,18357,36171
202207,3호선,신사,29606,31364,60970
202207,3호선,안국,22949,23120,46069
202207,3호선,압구정,34052,36181,70233
202207,3호선,약수,13377,13013,26390
202207,3호선,양재,38965,42687,81652
202207,3호선,연신내,37562,35257,72819
202207,3호선,오금,6666,5964,12630
202207,3호선,옥수,9229,9621,18850
202207,3호선,을지로3가,11362,11542,22904
202207,3호선,일원,11390,11017,22407
202207,3호선,잠원,5082,4845,9927
202207,3호선,종로3가,10328,11924,22252
202207,3호선,지축,5523,5236,10759
202207,3호선,충무로,4,0,4
202207,3호선,학여울,1845,1901,3746
202207,3호선,홍제,18034,17287,35321
202207,3호선,가락시장,9530,9306,18836
202207,3호선,경복궁,20788,20531,41319
202207,3호선,경찰병원,7798,7936,15734
202207,3호선,고속터미널,42910,41186,84096
202207,3호선,교대,15640,10277,25917
202207,3호선,구파발,22815,21983,44798
202207,3호선,금호,8347,7768,16115
202207,3호선,남부터미널,30892,31409,62301
202207,3호선,녹번,16258,14850,31108
202207,3호선,대청,11114,10367,21481
202207,3호선,대치,11577,11665,23242
202207,3호선,도곡,5714,5759,11473
202207,3호선,독립문,7499,7537,15036
202207,3호선,동대입구,7883,8315,16198
202207,3호선,매봉,13617,13195,26812
202207,3호선,무악재,4258,4296,8554
202207,3호선,불광,16942,18179,35121
202207,3호선,수서,17999,18481,36480
202207,3호선,신사,30984,32646,63630
202207,3호선,안국,23515,24122,47637
202207,3호선,압구정,35073,37478,72551
202207,3호선,약수,13591,13222,26813
202207,3호선,양재,40056,43870,83926
202207,3호선,연신내,38159,35470,73629
202207,3호선,오금,6793,6081,12874
202207,3호선,옥수,9483,9852,19335
202207,3호선,을지로3가,11522,11616,23138
202207,3호선,일원,11655,11355,23010
202207,3호선,잠원,5326,5115,10441
202207,3호선,종로3가,10344,12052,22396
202207,3호선,지축,5604,5254,10858
202207,3호선,학여울,1919,1933,3852
202207,3호선,홍제,18356,17155,35511
202207,3호선,가락시장,9603,9215,18818
202207,3호선,경복궁,22224,22662,44886
202207,3호선,경찰병원,7888,7976,15864
202207,3호선,고속터미널,43784,41578,85362
202207,3호선,교대,15812,10337,26149
202207,3호선,구파발,22705,22122,44827
202207,3호선,금호,8440,7844,16284
202207,3호선,남부터미널,30973,31725,62698
202207,3호선,녹번,16454,14974,31428
202207,3호선,대청,11003,10234,21237
202207,3호선,대치,11460,11629,23089
202207,3호선,도곡,5885,5808,11693
202207,3호선,독립문,7521,7774,15295
202207,3호선,동대입구,8036,8280,16316
202207,3호선,매봉,13854,13358,27212
202207,3호선,무악재,4233,4226,8459
202207,3호선,불광,17411,18734,36145
202207,3호선,수서,18324,18620,36944
202207,3호선,신사,30645,32044,62689
202207,3호선,안국,24699,24907,49606
202207,3호선,압구정,34441,36653,71094
202207,3호선,약수,13847,13368,27215
202207,3호선,양재,40518,44190,84708
202207,3호선,연신내,38455,36168,74623
202207,3호선,오금,6705,5889,12594
202207,3호선,옥수,9377,9770,19147
202207,3호선,을지로3가,11921,11951,23872
202207,3호선,일원,11667,11140,22807
202207,3호선,잠원,5185,5080,10265
202207,3호선,종로3가,11104,12405,23509
202207,3호선,지축,5653,5399,11052
202207,3호선,충무로,1,0,1
202207,3호선,학여울,2096,2165,4261
202207,3호선,홍제,18407,17386,35793
202207,3호선,가락시장,9426,9190,18616
202207,3호선,경복궁,21725,21703,43428
202207,3호선,경찰병원,7664,7723,15387
202207,3호선,고속터미널,43386,41537,84923
202207,3호선,교대,16197,10374,26571
202207,3호선,구파발,22039,21164,43203
202207,3호선,금호,8296,7619,15915
202207,3호선,남부터미널,30427,31191,61618
202207,3호선,녹번,16162,14365,30527
202207,3호선,대청,11268,10409,21677
202207,3호선,대치,11888,11831,23719
202207,3호선,도곡,5681,5873,11554
202207,3호선,독립문,7312,7587,14899
202207,3호선,동대입구,7819,8412,16231
202207,3호선,매봉,13811,13375,27186
202207,3호선,무악재,4178,4209,8387
202207,3호선,불광,16355,17288,33643
202207,3호선,수서,18074,18760,36834
202207,3호선,신사,30113,32104,62217
202207,3호선,안국,23675,24055,47730
202207,3호선,압구정,34416,36929,71345
202207,3호선,약수,13693,13154,26847
202207,3호선,양재,40778,44337,85115
202207,3호선,연신내,37038,34814,71852
202207,3호선,오금,6689,5929,12618
202207,3호선,옥수,9332,9714,19046
202207,3호선,을지로3가,11545,11569,23114
202207,3호선,일원,11802,11435,23237
202207,3호선,잠원,5099,4996,10095
202207,3호선,종로3가,10542,12308,22850
202207,3호선,지축,5527,5116,10643
202207,3호선,학여울,5518,5855,11373
202207,3호선,홍제,17906,16887,34793
202207,3호선,가락시장,10116,9638,19754
202207,3호선,경복궁,22831,22880,45711
202207,3호선,경찰병원,7957,7787,15744
202207,3호선,고속터미널,50468,53372,103840
202207,3호선,교대,16369,10452,26821
202207,3호선,구파발,22636,21874,44510
202207,3호선,금호,8600,7748,16348
202207,3호선,남부터미널,33042,33755,66797
202207,3호선,녹번,16609,14485,31094
202207,3호선,대청,11428,10393,21821
202207,3호선,대치,12225,12209,24434
202207,3호선,도곡,5903,5932,11835
202207,3호선,독립문,7456,7401,14857
202207,3호선,동대입구,8332,8758,17090
202207,3호선,매봉,13737,13102,26839
202207,3호선,무악재,4293,4137,8430
202207,3호선,불광,16977,18094,35071
202207,3호선,수서,19995,19878,39873
202207,3호선,신사,32259,35535,67794
202207,3호선,안국,24770,25582,50352
202207,3호선,압구정,36618,39581,76199
202207,3호선,약수,14124,13759,27883
202207,3호선,양재,41725,44344,86069
202207,3호선,연신내,38854,36442,75296
202207,3호선,오금,6803,6023,12826
202207,3호선,옥수,9888,9923,19811
202207,3호선,을지로3가,11762,12130,23892
202207,3호선,일원,11666,10948,22614
202207,3호선,잠원,5331,5104,10435
202207,3호선,종로3가,11064,13310,24374
202207,3호선,지축,5746,5275,11021
202207,3호선,충무로,3,0,3
202207,3호선,학여울,3605,3750,7355
202207,3호선,홍제,18473,17036,35509
202207,3호선,가락시장,9307,9117,18424
202207,3호선,경복궁,20973,21172,42145
202207,3호선,경찰병원,7926,7911,15837
202207,3호선,고속터미널,42728,40186,82914
202207,3호선,교대,15337,10069,25406
202207,3호선,구파발,21967,21212,43179
202207,3호선,금호,8077,7522,15599
202207,3호선,남부터미널,29275,29899,59174
202207,3호선,녹번,16080,14636,30716
202207,3호선,대청,11053,10280,21333
202207,3호선,대치,11649,11896,23545
202207,3호선,도곡,5700,5765,11465
202207,3호선,독립문,6960,7026,13986
202207,3호선,동대입구,7533,7988,15521
202207,3호선,매봉,13369,12975,26344
202207,3호선,무악재,4087,4149,8236
202207,3호선,불광,16302,17385,33687
202207,3호선,수서,17582,18111,35693
202207,3호선,신사,29541,31024,60565
202207,3호선,안국,22789,22891,45680
202207,3호선,압구정,34065,36323,70388
202207,3호선,약수,13433,13149,26582
202207,3호선,양재,39016,42726,81742
202207,3호선,연신내,36940,35139,72079
202207,3호선,오금,6563,5886,12449
202207,3호선,옥수,9105,9460,18565
202207,3호선,을지로3가,11168,11143,22311
202207,3호선,일원,11284,10963,22247
202207,3호선,잠원,5035,4915,9950
202207,3호선,종로3가,10434,11893,22327
202207,3호선,지축,5557,5270,10827
202207,3호선,충무로,1,0,1
202207,3호선,학여울,1901,1933,3834
202207,3호선,홍제,18049,17076,35125
202207,3호선,가락시장,9649,9401,19050
202207,3호선,경복궁,20895,20789,41684
202207,3호선,경찰병원,7989,8063,16052
202207,3호선,고속터미널,42374,40004,82378
202207,3호선,교대,15967,10373,26340
202207,3호선,구파발,22455,21754,44209
202207,3호선,금호,8416,7870,16286
202207,3호선,남부터미널,30763,31225,61988
202207,3호선,녹번,16424,14688,31112
202207,3호선,대청,11240,10497,21737
202207,3호선,대치,12034,12264,24298
202207,3호선,도곡,5747,5794,11541
202207,3호선,독립문,7313,7545,14858
202207,3호선,동대입구,8188,8586,16774
202207,3호선,매봉,13613,13088,26701
202207,3호선,무악재,4248,4155,8403
202207,3호선,불광,16995,18335,35330
202207,3호선,수서,17983,18054,36037
202207,3호선,신사,30916,32883,63799
202207,3호선,안국,23947,24892,48839
202207,3호선,압구정,35131,37541,72672
202207,3호선,약수,13778,13303,27081
202207,3호선,양재,40014,43537,83551
202207,3호선,연신내,38228,35917,74145
202207,3호선,오금,6783,6071,12854
202207,3호선,옥수,9504,9845,19349
202207,3호선,을지로3가,11584,11617,23201
202207,3호선,일원,11428,11170,22598
202207,3호선,잠원,5267,4986,10253
202207,3호선,종로3가,10627,12355,22982
202207,3호선,지축,5833,5490,11323
202207,3호선,충무로,2,0,2
202207,3호선,학여울,1918,1930,3848
202207,3호선,홍제,18204,17088,35292
202207,3호선,가락시장,8651,8492,17143
202207,3호선,경복궁,21259,20953,42212
202207,3호선,경찰병원,7902,7877,15779
202207,3호선,고속터미널,41816,39424,81240
202207,3호선,교대,15437,9775,25212
202207,3호선,구파발,20742,20079,40821
202207,3호선,금호,7965,7367,15332
202207,3호선,남부터미널,29894,30204,60098
202207,3호선,녹번,15560,14124,29684
202207,3호선,대청,11003,10129,21132
202207,3호선,대치,11272,11701,22973
202207,3호선,도곡,5770,5694,11464
202207,3호선,독립문,6596,6772,13368
202207,3호선,동대입구,8025,8408,16433
202207,3호선,매봉,13509,12890,26399
202207,3호선,무악재,3907,3956,7863
202207,3호선,불광,15136,16130,31266
202207,3호선,수서,17606,17899,35505
202207,3호선,신사,28916,30302,59218
202207,3호선,안국,23431,23031,46462
202207,3호선,압구정,33047,35095,68142
202207,3호선,약수,13165,12894,26059
202207,3호선,양재,39764,42213,81977
202207,3호선,연신내,34576,32736,67312
202207,3호선,오금,6400,5657,12057
202207,3호선,옥수,8699,9217,17916
202207,3호선,을지로3가,11865,11506,23371
202207,3호선,일원,10888,10705,21593
202207,3호선,잠원,5013,4926,9939
202207,3호선,종로3가,10497,11849,22346
202207,3호선,지축,5149,4852,10001
202207,3호선,충무로,4,0,4
202207,3호선,학여울,1818,1880,3698
202207,3호선,홍제,16704,16017,32721
202207,3호선,가락시장,9524,9340,18864
202207,3호선,경복궁,22801,22893,45694
202207,3호선,경찰병원,7839,7795,15634
202207,3호선,고속터미널,43306,42128,85434
202207,3호선,교대,16372,10612,26984
202207,3호선,구파발,22366,21660,44026
202207,3호선,금호,8427,7695,16122
202207,3호선,남부터미널,30573,31546,62119
202207,3호선,녹번,16684,14743,31427
202207,3호선,대청,11310,10347,21657
202207,3호선,대치,12263,12190,24453
202207,3호선,도곡,5735,5917,11652
202207,3호선,독립문,7254,7498,14752
202207,3호선,동대입구,8727,9357,18084
202207,3호선,매봉,13623,13189,26812
202207,3호선,무악재,4302,4198,8500
202207,3호선,불광,16780,17785,34565
202207,3호선,수서,17845,18361,36206
202207,3호선,신사,31131,32655,63786
202207,3호선,안국,24606,25464,50070
202207,3호선,압구정,34265,36950,71215
202207,3호선,약수,13841,13428,27269
202207,3호선,양재,40665,44460,85125
202207,3호선,연신내,37730,35593,73323
202207,3호선,오금,6719,6099,12818
202207,3호선,옥수,9459,9652,19111
202207,3호선,을지로3가,11606,11930,23536
202207,3호선,일원,11545,11158,22703
202207,3호선,잠원,5184,4980,10164
202207,3호선,종로3가,10921,12371,23292
202207,3호선,지축,5674,5295,10969
202207,3호선,충무로,2,0,2
202207,3호선,학여울,2006,2009,4015
202207,3호선,홍제,18353,17166,35519
202207,3호선,가락시장,10078,9779,19857
202207,3호선,경복궁,23464,23376,46840
202207,3호선,경찰병원,8003,8158,16161
202207,3호선,고속터미널,52140,53027,105167
202207,3호선,교대,16287,10602,26889
202207,3호선,구파발,23067,22244,45311
202207,3호선,금호,8707,7767,16474
202207,3호선,남부터미널,33579,34028,67607
202207,3호선,녹번,16620,14583,31203
202207,3호선,대청,11246,10311,21557
202207,3호선,대치,12662,12742,25404
202207,3호선,도곡,5933,5929,11862
202207,3호선,독립문,7739,7857,15596
202207,3호선,동대입구,8296,8899,17195
202207,3호선,매봉,14145,13487,27632
202207,3호선,무악재,4245,4120,8365
202207,3호선,불광,17633,18446,36079
202207,3호선,수서,19632,19539,39171
202207,3호선,신사,32881,35894,68775
202207,3호선,안국,25500,26448,51948
202207,3호선,압구정,36459,39469,75928
202207,3호선,약수,14300,13705,28005
202207,3호선,양재,42453,44728,87181
202207,3호선,연신내,39925,37491,77416
202207,3호선,오금,6858,5996,12854
202207,3호선,옥수,9857,10057,19914
202207,3호선,을지로3가,11807,12441,24248
202207,3호선,일원,11723,11042,22765
202207,3호선,잠원,5504,5273,10777
202207,3호선,종로3가,11048,13444,24492
202207,3호선,지축,5794,5296,11090
202207,3호선,충무로,1,0,1
202207,3호선,학여울,3263,3281,6544
202207,3호선,홍제,18883,17426,36309
202207,3호선,가락시장,9273,8984,18257
202207,3호선,경복궁,20961,21662,42623
202207,3호선,경찰병원,7748,7849,15597
202207,3호선,고속터미널,37353,35128,72481
202207,3호선,교대,15195,9986,25181
202207,3호선,구파발,21999,21210,43209
202207,3호선,금호,8087,7510,15597
202207,3호선,남부터미널,29381,29783,59164
202207,3호선,녹번,16028,14468,30496
202207,3호선,대청,11080,10450,21530
202207,3호선,대치,11936,12123,24059
202207,3호선,도곡,5783,5815,11598
202207,3호선,독립문,7222,7224,14446
202207,3호선,동대입구,7487,7976,15463
202207,3호선,매봉,13355,12727,26082
202207,3호선,무악재,4118,4005,8123
202207,3호선,불광,16339,17379,33718
202207,3호선,수서,17498,18289,35787
202207,3호선,신사,29681,31257,60938
202207,3호선,안국,22769,22891,45660
202207,3호선,압구정,33739,36182,69921
202207,3호선,약수,13302,12886,26188
202207,3호선,양재,38639,42765,81404
202207,3호선,연신내,36807,34854,71661
202207,3호선,오금,6529,5896,12425
202207,3호선,옥수,9090,9466,18556
202207,3호선,을지로3가,11346,11223,22569
202207,3호선,일원,11447,11096,22543
202207,3호선,잠원,5190,5027,10217
202207,3호선,종로3가,10404,11980,22384
202207,3호선,지축,5559,5304,10863
202207,3호선,충무로,1,0,1
202207,3호선,학여울,1795,1788,3583
202207,3호선,홍제,17900,16766,34666
202207,3호선,가락시장,9580,9148,18728
202207,3호선,경복궁,20693,20472,41165
202207,3호선,경찰병원,7836,7846,15682
202207,3호선,고속터미널,43076,41149,84225
202207,3호선,교대,15925,10545,26470
202207,3호선,구파발,22297,21571,43868
202207,3호선,금호,8294,7473,15767
202207,3호선,남부터미널,30605,31494,62099
202207,3호선,녹번,16175,14723,30898
202207,3호선,대청,11168,10355,21523
202207,3호선,대치,12205,12395,24600
202207,3호선,도곡,5804,5693,11497
202207,3호선,독립문,7649,7687,15336
202207,3호선,동대입구,7809,8202,16011
202207,3호선,매봉,13829,13174,27003
202207,3호선,무악재,4116,4140,8256
202207,3호선,불광,16582,17610,34192
202207,3호선,수서,17835,18191,36026
202207,3호선,신사,30439,32090,62529
202207,3호선,안국,23532,24705,48237
202207,3호선,압구정,34486,36915,71401
202207,3호선,약수,13658,13100,26758
202207,3호선,양재,39898,43558,83456
202207,3호선,연신내,37630,35468,73098
202207,3호선,오금,6675,5979,12654
202207,3호선,옥수,9465,9702,19167
202207,3호선,을지로3가,11324,11625,22949
202207,3호선,일원,11528,11267,22795
202207,3호선,잠원,5183,5107,10290
202207,3호선,종로3가,10755,12261,23016
202207,3호선,지축,5687,5338,11025
202207,3호선,학여울,1912,1974,3886
202207,3호선,홍제,18035,16844,34879
202207,3호선,가락시장,9460,9170,18630
202207,3호선,경복궁,22557,22569,45126
202207,3호선,경찰병원,7917,7971,15888
202207,3호선,고속터미널,43627,41742,85369
202207,3호선,교대,16048,10425,26473
202207,3호선,구파발,22327,21586,43913
202207,3호선,금호,8318,7613,15931
202207,3호선,남부터미널,31358,31977,63335
202207,3호선,녹번,16407,14795,31202
202207,3호선,대청,11061,10257,21318
202207,3호선,대치,12260,12533,24793
202207,3호선,도곡,5580,5691,11271
202207,3호선,독립문,7298,7521,14819
202207,3호선,동대입구,8078,8667,16745
202207,3호선,매봉,13699,13113,26812
202207,3호선,무악재,4212,4137,8349
202207,3호선,불광,16893,18274,35167
202207,3호선,수서,18097,18371,36468
202207,3호선,신사,30356,32158,62514
202207,3호선,안국,24350,25350,49700
202207,3호선,압구정,34142,36439,70581
202207,3호선,약수,13492,13066,26558
202207,3호선,양재,40094,43982,84076
202207,3호선,연신내,38100,36073,74173
202207,3호선,오금,6558,5902,12460
202207,3호선,옥수,9599,9853,19452
202207,3호선,을지로3가,11815,11813,23628
202207,3호선,일원,11464,10929,22393
202207,3호선,잠원,5146,4970,10116
202207,3호선,종로3가,10900,12538,23438
202207,3호선,지축,5398,5267,10665
202207,3호선,충무로,1,0,1
202207,3호선,학여울,1904,1851,3755
202207,3호선,홍제,18187,17094,35281
202207,3호선,가락시장,9222,8911,18133
202207,3호선,경복궁,21237,21688,42925
202207,3호선,경찰병원,7605,7567,15172
202207,3호선,고속터미널,42342,41078,83420
202207,3호선,교대,15944,10430,26374
202207,3호선,구파발,21761,20923,42684
202207,3호선,금호,8191,7394,15585
202207,3호선,남부터미널,30537,31528,62065
202207,3호선,녹번,16273,14273,30546
202207,3호선,대청,10201,9642,19843
202207,3호선,대치,12354,12306,24660
202207,3호선,도곡,5351,5482,10833
202207,3호선,독립문,7123,7040,14163
202207,3호선,동대입구,9304,9984,19288
202207,3호선,매봉,13151,12800,25951
202207,3호선,무악재,4094,4059,8153
202207,3호선,불광,16539,17604,34143
202207,3호선,수서,17833,18078,35911
202207,3호선,신사,30057,32111,62168
202207,3호선,안국,23256,24310,47566
202207,3호선,압구정,33439,36146,69585
202207,3호선,약수,13137,12542,25679
202207,3호선,양재,39292,43296,82588
202207,3호선,연신내,36473,34366,70839
202207,3호선,오금,6589,5881,12470
202207,3호선,옥수,9435,9647,19082
202207,3호선,을지로3가,11371,11742,23113
202207,3호선,일원,11074,10727,21801
202207,3호선,잠원,5012,4863,9875
202207,3호선,종로3가,10717,12259,22976
202207,3호선,지축,5395,5089,10484
202207,3호선,충무로,1,0,1
202207,3호선,학여울,1882,1860,3742
202207,3호선,홍제,18007,16434,34441
202207,3호선,가락시장,9641,9393,19034
202207,3호선,경복궁,21723,22140,43863
202207,3호선,경찰병원,7711,7604,15315
202207,3호선,고속터미널,49960,52306,102266
202207,3호선,교대,16167,10468,26635
202207,3호선,구파발,22217,21392,43609
202207,3호선,금호,8336,7566,15902
202207,3호선,남부터미널,33387,33669,67056
202207,3호선,녹번,16495,14279,30774
202207,3호선,대청,10425,9625,20050
202207,3호선,대치,12851,12688,25539
202207,3호선,도곡,5443,5420,10863
202207,3호선,독립문,7358,7343,14701
202207,3호선,동대입구,9226,9701,18927
202207,3호선,매봉,13365,12928,26293
202207,3호선,무악재,4129,4019,8148
202207,3호선,불광,16810,17975,34785
202207,3호선,수서,19318,19263,38581
202207,3호선,신사,31952,34531,66483
202207,3호선,안국,24384,25173,49557
202207,3호선,압구정,35302,38931,74233
202207,3호선,약수,13547,13128,26675
202207,3호선,양재,41859,44609,86468
202207,3호선,연신내,37894,35967,73861
202207,3호선,오금,6524,5734,12258
202207,3호선,옥수,9730,9716,19446
202207,3호선,을지로3가,11607,11978,23585
202207,3호선,일원,10754,10287,21041
202207,3호선,잠원,5186,4996,10182
202207,3호선,종로3가,10847,13083,23930
202207,3호선,지축,5500,5189,10689
202207,3호선,충무로,2,0,2
202207,3호선,학여울,2078,2068,4146
202207,3호선,홍제,18451,16970,35421
202207,3호선,가락시장,9128,8852,17980
202207,3호선,경복궁,20833,21417,42250
202207,3호선,경찰병원,7521,7484,15005
202207,3호선,고속터미널,43682,41365,85047
202207,3호선,교대,14433,9722,24155
202207,3호선,구파발,21530,20905,42435
202207,3호선,금호,7656,7085,14741
202207,3호선,남부터미널,29179,29517,58696
202207,3호선,녹번,15749,14082,29831
202207,3호선,대청,9926,9258,19184
202207,3호선,대치,12305,12053,24358
202207,3호선,도곡,5260,5163,10423
202207,3호선,독립문,6671,6658,13329
202207,3호선,동대입구,6996,7703,14699
202207,3호선,매봉,12635,12073,24708
202207,3호선,무악재,4063,3906,7969
202207,3호선,불광,16190,17336,33526
202207,3호선,수서,16967,17374,34341
202207,3호선,신사,29317,30811,60128
202207,3호선,안국,22291,22333,44624
202207,3호선,압구정,30931,33209,64140
202207,3호선,약수,12786,12369,25155
202207,3호선,양재,36662,40641,77303
202207,3호선,연신내,36359,34187,70546
202207,3호선,오금,6202,5641,11843
202207,3호선,옥수,8785,9013,17798
202207,3호선,을지로3가,10975,11155,22130
202207,3호선,일원,10694,10360,21054
202207,3호선,잠원,4778,4641,9419
202207,3호선,종로3가,10219,12057,22276
202207,3호선,지축,5380,5100,10480
202207,3호선,충무로,3,0,3
202207,3호선,학여울,1693,1685,3378
202207,3호선,홍제,17356,16256,33612
202207,3호선,가락시장,9025,8775,17800
202207,3호선,경복궁,19288,19150,38438
202207,3호선,경찰병원,7546,7504,15050
202207,3호선,고속터미널,42291,39866,82157
202207,3호선,교대,14286,9538,23824
202207,3호선,구파발,21683,21091,42774
202207,3호선,금호,7789,7143,14932
202207,3호선,남부터미널,29970,30370,60340
202207,3호선,녹번,15732,14084,29816
202207,3호선,대청,10057,9336,19393
202207,3호선,대치,12393,12031,24424
202207,3호선,도곡,5153,5061,10214
202207,3호선,독립문,6988,7124,14112
202207,3호선,동대입구,11029,11659,22688
202207,3호선,매봉,12902,12300,25202
202207,3호선,무악재,4160,3973,8133
202207,3호선,불광,16364,17654,34018
202207,3호선,수서,16984,17386,34370
202207,3호선,신사,30212,31404,61616
202207,3호선,안국,22585,23744,46329
202207,3호선,압구정,33195,35732,68927
202207,3호선,약수,13072,12628,25700
202207,3호선,양재,37601,41296,78897
202207,3호선,연신내,36149,34105,70254
202207,3호선,오금,6417,5756,12173
202207,3호선,옥수,8860,9068,17928
202207,3호선,을지로3가,11144,11433,22577
202207,3호선,일원,10474,10158,20632
202207,3호선,잠원,4819,4670,9489
202207,3호선,종로3가,10517,12321,22838
202207,3호선,지축,5414,5090,10504
202207,3호선,학여울,1730,1695,3425
202207,3호선,홍제,17500,16304,33804
202207,3호선,가락시장,8922,8633,17555
202207,3호선,경복궁,21560,22313,43873
202207,3호선,경찰병원,7475,7515,14990
202207,3호선,고속터미널,42389,40482,82871
202207,3호선,교대,14245,9324,23569
202207,3호선,구파발,21489,21062,42551
202207,3호선,금호,7882,7187,15069
202207,3호선,남부터미널,29985,30525,60510
202207,3호선,녹번,15448,13651,29099
202207,3호선,대청,9953,9252,19205
202207,3호선,대치,11834,11694,23528
202207,3호선,도곡,4995,5086,10081
202207,3호선,독립문,7089,7147,14236
202207,3호선,동대입구,10848,11221,22069
202207,3호선,매봉,12771,12184,24955
202207,3호선,무악재,4034,3861,7895
202207,3호선,불광,16456,17560,34016
202207,3호선,수서,16949,17462,34411
202207,3호선,신사,29490,30949,60439
202207,3호선,안국,23438,24113,47551
202207,3호선,압구정,33193,35645,68838
202207,3호선,약수,12953,12597,25550
202207,3호선,양재,37374,40670,78044
202207,3호선,연신내,36268,33977,70245
202207,3호선,오금,6196,5604,11800
202207,3호선,옥수,8857,9065,17922
202207,3호선,을지로3가,11310,11588,22898
202207,3호선,일원,10417,10064,20481
202207,3호선,잠원,4695,4566,9261
202207,3호선,종로3가,10782,12495,23277
202207,3호선,지축,5209,4904,10113
202207,3호선,충무로,2,0,2
202207,3호선,학여울,1715,1671,3386
202207,3호선,홍제,17415,16257,33672
202207,3호선,가락시장,8979,8533,17512
202207,3호선,경복궁,20660,21306,41966
202207,3호선,경찰병원,7433,7362,14795
202207,3호선,고속터미널,43552,42517,86069
202207,3호선,교대,14318,9437,23755
202207,3호선,구파발,21683,20911,42594
202207,3호선,금호,7685,6946,14631
202207,3호선,남부터미널,29595,30319,59914
202207,3호선,녹번,15555,13722,29277
202207,3호선,대청,9796,9092,18888
202207,3호선,대치,11803,11510,23313
202207,3호선,도곡,5095,5081,10176
202207,3호선,독립문,7040,7200,14240
202207,3호선,동대입구,11404,12023,23427
202207,3호선,매봉,12555,12094,24649
202207,3호선,무악재,4057,3844,7901
202207,3호선,불광,16051,17141,33192
202207,3호선,수서,17096,17140,34236
202207,3호선,신사,29366,31402,60768
202207,3호선,안국,23240,23776,47016
202207,3호선,압구정,32124,34874,66998
202207,3호선,약수,12870,12274,25144
202207,3호선,양재,37036,41021,78057
202207,3호선,연신내,35536,33790,69326
202207,3호선,오금,6266,5655,11921
202207,3호선,옥수,8760,8985,17745
202207,3호선,을지로3가,10989,11128,22117
202207,3호선,일원,10456,10111,20567
202207,3호선,잠원,4626,4444,9070
202207,3호선,종로3가,10644,12545,23189
202207,3호선,지축,5145,4843,9988
202207,3호선,학여울,1652,1645,3297
202207,3호선,홍제,17330,16123,33453
202207,3호선,가락시장,8955,8780,17735
202207,3호선,경복궁,21551,21571,43122
202207,3호선,경찰병원,7298,7198,14496
202207,3호선,고속터미널,51448,54259,105707
202207,3호선,교대,13997,9036,23033
202207,3호선,구파발,21715,20937,42652
202207,3호선,금호,7845,7143,14988
202207,3호선,남부터미널,31415,32529,63944
202207,3호선,녹번,15653,13349,29002
202207,3호선,대청,9702,8955,18657
202207,3호선,대치,12217,11855,24072
202207,3호선,도곡,4948,5029,9977
202207,3호선,독립문,7000,7080,14080
202207,3호선,동대입구,7960,8331,16291
202207,3호선,매봉,12567,11926,24493
202207,3호선,무악재,4096,3791,7887
202207,3호선,불광,16077,17017,33094
202207,3호선,수서,18403,18438,36841
202207,3호선,신사,30568,33388,63956
202207,3호선,안국,22867,23261,46128
202207,3호선,압구정,33578,36976,70554
202207,3호선,약수,13248,12621,25869
202207,3호선,양재,37796,40165,77961
202207,3호선,연신내,36293,34316,70609
202207,3호선,오금,6308,5586,11894
202207,3호선,옥수,8880,8927,17807
202207,3호선,을지로3가,11345,11712,23057
202207,3호선,일원,10216,9477,19693
202207,3호선,잠원,4671,4452,9123
202207,3호선,종로3가,10713,13109,23822
202207,3호선,지축,4999,4621,9620
202207,3호선,학여울,1765,1746,3511
202207,3호선,홍제,17314,15931,33245
202208,3호선,가락시장,8360,8079,16439
202208,3호선,경복궁,20114,21554,41668
202208,3호선,경찰병원,7001,6934,13935
202208,3호선,고속터미널,42513,39733,82246
202208,3호선,교대,12470,8239,20709
202208,3호선,구파발,19112,18705,37817
202208,3호선,금호,7316,6589,13905
202208,3호선,남부터미널,27586,27845,55431
202208,3호선,녹번,13869,12472,26341
202208,3호선,대청,9164,8774,17938
202208,3호선,대치,11080,10878,21958
202208,3호선,도곡,4777,4745,9522
202208,3호선,독립문,6000,5864,11864
202208,3호선,동대입구,6927,7459,14386
202208,3호선,매봉,11502,11039,22541
202208,3호선,무악재,3580,3506,7086
202208,3호선,불광,14538,15676,30214
202208,3호선,수서,15879,16263,32142
202208,3호선,신사,27151,28385,55536
202208,3호선,안국,20314,20441,40755
202208,3호선,압구정,27888,29979,57867
202208,3호선,약수,11993,11453,23446
202208,3호선,양재,33386,37028,70414
202208,3호선,연신내,32569,31103,63672
202208,3호선,오금,6264,5263,11527
202208,3호선,옥수,7829,8195,16024
202208,3호선,을지로3가,9666,9645,19311
202208,3호선,일원,9907,9671,19578
202208,3호선,잠원,4433,4286,8719
202208,3호선,종로3가,5299,6779,12078
202208,3호선,지축,4631,4455,9086
202208,3호선,충무로,2,0,2
202208,3호선,학여울,1604,1650,3254
202208,3호선,홍제,15604,14718,30322
202208,3호선,가락시장,8208,8139,16347
202208,3호선,경복궁,18351,17895,36246
202208,3호선,경찰병원,6963,7078,14041
202208,3호선,고속터미널,41650,39054,80704
202208,3호선,교대,12811,8490,21301
202208,3호선,구파발,19138,18689,37827
202208,3호선,금호,7170,6845,14015
202208,3호선,남부터미널,28706,28976,57682
202208,3호선,녹번,13912,12704,26616
202208,3호선,대청,9229,8749,17978
202208,3호선,대치,11514,11232,22746
202208,3호선,도곡,4737,4927,9664
202208,3호선,독립문,6779,6731,13510
202208,3호선,동대입구,7665,8130,15795
202208,3호선,매봉,12041,11370,23411
202208,3호선,무악재,3630,3610,7240
202208,3호선,불광,14344,15358,29702
202208,3호선,수서,15968,16410,32378
202208,3호선,신사,27969,29104,57073
202208,3호선,안국,21485,21508,42993
202208,3호선,압구정,30582,32403,62985
202208,3호선,약수,11820,11599,23419
202208,3호선,양재,34549,37130,71679
202208,3호선,연신내,32471,30748,63219
202208,3호선,오금,5875,5447,11322
202208,3호선,옥수,7971,8422,16393
202208,3호선,을지로3가,9946,9553,19499
202208,3호선,일원,10137,9849,19986
202208,3호선,잠원,4466,4402,8868
202208,3호선,종로3가,5481,6722,12203
202208,3호선,지축,4647,4434,9081
202208,3호선,학여울,1566,1663,3229
202208,3호선,홍제,15527,14969,30496
202208,3호선,가락시장,8326,7987,16313
202208,3호선,경복궁,19886,20479,40365
202208,3호선,경찰병원,7165,7268,14433
202208,3호선,고속터미널,41136,39470,80606
202208,3호선,교대,12946,8606,21552
202208,3호선,구파발,19496,18869,38365
202208,3호선,금호,7500,6819,14319
202208,3호선,남부터미널,28243,28887,57130
202208,3호선,녹번,14062,12590,26652
202208,3호선,대청,9264,8822,18086
202208,3호선,대치,11230,10991,22221
202208,3호선,도곡,4696,4720,9416
202208,3호선,독립문,6606,6535,13141
202208,3호선,동대입구,7656,8233,15889
202208,3호선,매봉,11702,11395,23097
202208,3호선,무악재,3681,3501,7182
202208,3호선,불광,14644,15817,30461
202208,3호선,수서,15906,16213,32119
202208,3호선,신사,27707,29149,56856
202208,3호선,안국,21575,21981,43556
202208,3호선,압구정,30457,32527,62984
202208,3호선,약수,11992,11544,23536
202208,3호선,양재,34301,37470,71771
202208,3호선,연신내,32722,31124,63846
202208,3호선,오금,5870,5216,11086
202208,3호선,옥수,8316,8563,16879
202208,3호선,을지로3가,10079,10169,20248
202208,3호선,일원,10099,9729,19828
202208,3호선,잠원,4450,4251,8701
202208,3호선,종로3가,6114,7252,13366
202208,3호선,지축,4706,4575,9281
202208,3호선,학여울,1731,1800,3531
202208,3호선,홍제,15751,14751,30502
202208,3호선,가락시장,8679,8549,17228
202208,3호선,경복궁,20746,21427,42173
202208,3호선,경찰병원,7211,7217,14428
202208,3호선,고속터미널,42137,40875,83012
202208,3호선,교대,13383,8882,22265
202208,3호선,구파발,20976,20197,41173
202208,3호선,금호,7757,7202,14959
202208,3호선,남부터미널,27939,28536,56475
202208,3호선,녹번,14873,13191,28064
202208,3호선,대청,9654,8915,18569
202208,3호선,대치,11657,11424,23081
202208,3호선,도곡,4915,4930,9845
202208,3호선,독립문,6929,6965,13894
202208,3호선,동대입구,7942,8413,16355
202208,3호선,매봉,12290,11795,24085
202208,3호선,무악재,3908,3855,7763
202208,3호선,불광,15721,16940,32661
202208,3호선,수서,16116,16714,32830
202208,3호선,신사,28759,30171,58930
202208,3호선,안국,22386,22783,45169
202208,3호선,압구정,31166,33786,64952
202208,3호선,약수,12483,12060,24543
202208,3호선,양재,35190,38547,73737
202208,3호선,연신내,34656,33068,67724
202208,3호선,오금,5945,5484,11429
202208,3호선,옥수,8599,8904,17503
202208,3호선,을지로3가,11032,10835,21867
202208,3호선,일원,10246,9914,20160
202208,3호선,잠원,4675,4560,9235
202208,3호선,종로3가,10477,12285,22762
202208,3호선,지축,5036,4803,9839
202208,3호선,충무로,1,0,1
202208,3호선,학여울,2055,2132,4187
202208,3호선,홍제,16746,15733,32479
202208,3호선,가락시장,9022,8449,17471
202208,3호선,경복궁,20462,20677,41139
202208,3호선,경찰병원,7411,7399,14810
202208,3호선,고속터미널,47813,49568,97381
202208,3호선,교대,13574,8876,22450
202208,3호선,구파발,20853,20055,40908
202208,3호선,금호,7889,7281,15170
202208,3호선,남부터미널,29153,29881,59034
202208,3호선,녹번,15061,13191,28252
202208,3호선,대청,9703,9042,18745
202208,3호선,대치,12295,11923,24218
202208,3호선,도곡,5074,4983,10057
202208,3호선,독립문,6778,6687,13465
202208,3호선,동대입구,7971,8377,16348
202208,3호선,매봉,12278,11876,24154
202208,3호선,무악재,3894,3748,7642
202208,3호선,불광,15660,16879,32539
202208,3호선,수서,17628,17761,35389
202208,3호선,신사,30046,32551,62597
202208,3호선,안국,22482,22896,45378
202208,3호선,압구정,33149,35733,68882
202208,3호선,약수,12820,12285,25105
202208,3호선,양재,36148,38476,74624
202208,3호선,연신내,35545,33769,69314
202208,3호선,오금,6210,5508,11718
202208,3호선,옥수,8929,9084,18013
202208,3호선,을지로3가,11182,11444,22626
202208,3호선,일원,9902,9393,19295
202208,3호선,잠원,4707,4585,9292
202208,3호선,종로3가,10691,12866,23557
202208,3호선,지축,5061,4707,9768
202208,3호선,충무로,1,0,1
202208,3호선,학여울,2219,2201,4420
202208,3호선,홍제,17058,15894,32952
202208,3호선,가락시장,8313,8343,16656
202208,3호선,경복궁,18023,18017,36040
202208,3호선,경찰병원,7300,7458,14758
202208,3호선,고속터미널,38079,35543,73622
202208,3호선,교대,14096,9216,23312
202208,3호선,구파발,18713,18195,36908
202208,3호선,금호,7089,6849,13938
202208,3호선,남부터미널,28896,28639,57535
202208,3호선,녹번,14152,13169,27321
202208,3호선,대청,9628,9223,18851
202208,3호선,대치,12113,11607,23720
202208,3호선,도곡,5255,5253,10508
202208,3호선,독립문,5590,5824,11414
202208,3호선,동대입구,7106,7216,14322
202208,3호선,매봉,12383,11722,24105
202208,3호선,무악재,3530,3749,7279
202208,3호선,불광,14164,15109,29273
202208,3호선,수서,16935,17208,34143
202208,3호선,신사,28544,28105,56649
202208,3호선,안국,18860,18372,37232
202208,3호선,압구정,31030,32887,63917
202208,3호선,약수,11622,11473,23095
202208,3호선,양재,36626,38624,75250
202208,3호선,연신내,31703,30142,61845
202208,3호선,오금,5804,5507,11311
202208,3호선,옥수,8041,8609,16650
202208,3호선,을지로3가,11330,10650,21980
202208,3호선,일원,10400,10342,20742
202208,3호선,잠원,4504,4679,9183
202208,3호선,종로3가,10153,11228,21381
202208,3호선,지축,4706,4637,9343
202208,3호선,학여울,1933,2017,3950
202208,3호선,홍제,15427,15099,30526
202208,3호선,가락시장,7895,7778,15673
202208,3호선,경복궁,16320,16285,32605
202208,3호선,경찰병원,7045,7076,14121
202208,3호선,고속터미널,35817,35185,71002
202208,3호선,교대,13270,8182,21452
202208,3호선,구파발,19340,20203,39543
202208,3호선,금호,7030,6694,13724
202208,3호선,남부터미널,26709,26505,53214
202208,3호선,녹번,13558,12734,26292
202208,3호선,대청,8986,8460,17446
202208,3호선,대치,9874,9484,19358
202208,3호선,도곡,5052,4977,10029
202208,3호선,독립문,5750,6320,12070
202208,3호선,동대입구,7236,7511,14747
202208,3호선,매봉,11746,11241,22987
202208,3호선,무악재,3444,3713,7157
202208,3호선,불광,13911,14968,28879
202208,3호선,수서,15751,16053,31804
202208,3호선,신사,25158,25402,50560
202208,3호선,안국,17606,17918,35524
202208,3호선,압구정,29274,30920,60194
202208,3호선,약수,11331,11099,22430
202208,3호선,양재,34045,35366,69411
202208,3호선,연신내,30749,29543,60292
202208,3호선,오금,5726,5232,10958
202208,3호선,옥수,7815,8237,16052
202208,3호선,을지로3가,10640,10244,20884
202208,3호선,일원,10167,10009,20176
202208,3호선,잠원,4379,4368,8747
202208,3호선,종로3가,9910,10660,20570
202208,3호선,지축,4467,4280,8747
202208,3호선,충무로,1,0,1
202208,3호선,학여울,1778,1817,3595
202208,3호선,홍제,14815,14539,29354
202208,3호선,가락시장,8872,8684,17556
202208,3호선,경복궁,20365,20481,40846
202208,3호선,경찰병원,7452,7562,15014
202208,3호선,고속터미널,38005,36689,74694
202208,3호선,교대,14944,9614,24558
202208,3호선,구파발,20233,19754,39987
202208,3호선,금호,7914,7324,15238
202208,3호선,남부터미널,28763,29030,57793
202208,3호선,녹번,15132,13828,28960
202208,3호선,대청,9886,9255,19141
202208,3호선,대치,11580,11259,22839
202208,3호선,도곡,5074,5085,10159
202208,3호선,독립문,6694,6829,13523
202208,3호선,동대입구,8144,8828,16972
202208,3호선,매봉,12675,12201,24876
202208,3호선,무악재,3814,3814,7628
202208,3호선,불광,16139,17268,33407
202208,3호선,수서,16782,16808,33590
202208,3호선,신사,27873,29007,56880
202208,3호선,안국,20342,20982,41324
202208,3호선,압구정,32371,34507,66878
202208,3호선,약수,12627,12174,24801
202208,3호선,양재,36235,39473,75708
202208,3호선,연신내,35033,33403,68436
202208,3호선,오금,6044,5440,11484
202208,3호선,옥수,8881,9331,18212
202208,3호선,을지로3가,11139,11171,22310
202208,3호선,일원,10653,10228,20881
202208,3호선,잠원,4951,4806,9757
202208,3호선,종로3가,10619,12095,22714
202208,3호선,지축,5128,4874,10002
202208,3호선,학여울,1777,1769,3546
202208,3호선,홍제,16896,16057,32953
202208,3호선,가락시장,8656,8581,17237
202208,3호선,경복궁,19585,20111,39696
202208,3호선,경찰병원,7237,7330,14567
202208,3호선,고속터미널,38889,38530,77419
202208,3호선,교대,15039,9753,24792
202208,3호선,구파발,20161,19434,39595
202208,3호선,금호,7757,7147,14904
202208,3호선,남부터미널,29049,29721,58770
202208,3호선,녹번,15238,13512,28750
202208,3호선,대청,9619,9034,18653
202208,3호선,대치,11823,11601,23424
202208,3호선,도곡,5177,5214,10391
202208,3호선,독립문,6580,6617,13197
202208,3호선,동대입구,7902,8455,16357
202208,3호선,매봉,12610,12217,24827
202208,3호선,무악재,3759,3783,7542
202208,3호선,불광,15530,16773,32303
202208,3호선,수서,16471,16869,33340
202208,3호선,신사,28587,30199,58786
202208,3호선,안국,19946,20961,40907
202208,3호선,압구정,31720,33999,65719
202208,3호선,약수,12324,12002,24326
202208,3호선,양재,37109,40298,77407
202208,3호선,연신내,34268,32456,66724
202208,3호선,오금,6169,5463,11632
202208,3호선,옥수,8690,8882,17572
202208,3호선,을지로3가,10772,11128,21900
202208,3호선,일원,10658,10297,20955
202208,3호선,잠원,4813,4514,9327
202208,3호선,종로3가,10385,12021,22406
202208,3호선,지축,5097,4845,9942
202208,3호선,학여울,1753,1818,3571
202208,3호선,홍제,16725,15585,32310
202208,3호선,가락시장,9401,9154,18555
202208,3호선,경복궁,22175,22681,44856
202208,3호선,경찰병원,7489,7438,14927
202208,3호선,고속터미널,49458,56009,105467
202208,3호선,교대,15178,9773,24951
202208,3호선,구파발,22283,21769,44052
202208,3호선,금호,8135,7402,15537
202208,3호선,남부터미널,32958,34297,67255
202208,3호선,녹번,15603,13681,29284
202208,3호선,대청,10038,9433,19471
202208,3호선,대치,12708,12319,25027
202208,3호선,도곡,5419,5311,10730
202208,3호선,독립문,7354,7280,14634
202208,3호선,동대입구,8149,8725,16874
202208,3호선,매봉,12803,11995,24798
202208,3호선,무악재,4029,3841,7870
202208,3호선,불광,16618,17596,34214
202208,3호선,수서,18407,18712,37119
202208,3호선,신사,31677,34201,65878
202208,3호선,안국,23324,24095,47419
202208,3호선,압구정,34739,37685,72424
202208,3호선,약수,13189,12759,25948
202208,3호선,양재,39282,41828,81110
202208,3호선,연신내,37420,35170,72590
202208,3호선,오금,6242,5552,11794
202208,3호선,옥수,9410,9378,18788
202208,3호선,을지로3가,11326,11563,22889
202208,3호선,일원,10854,9943,20797
202208,3호선,잠원,5128,4797,9925
202208,3호선,종로3가,11007,13495,24502
202208,3호선,지축,5384,5005,10389
202208,3호선,학여울,1952,1841,3793
202208,3호선,홍제,17961,16600,34561
202208,3호선,가락시장,4095,4132,8227
202208,3호선,경복궁,14283,15750,30033
202208,3호선,경찰병원,2580,2799,5379
202208,3호선,고속터미널,44443,35735,80178
202208,3호선,교대,4234,2739,6973
202208,3호선,구파발,10774,11342,22116
202208,3호선,금호,3854,3790,7644
202208,3호선,남부터미널,14281,13292,27573
202208,3호선,녹번,6850,6385,13235
202208,3호선,대청,4107,4165,8272
202208,3호선,대치,6197,5699,11896
202208,3호선,도곡,1818,1833,3651
202208,3호선,독립문,5904,6155,12059
202208,3호선,동대입구,4568,4961,9529
202208,3호선,매봉,4073,4136,8209
202208,3호선,무악재,1864,1939,3803
202208,3호선,불광,8833,9862,18695
202208,3호선,수서,10399,9875,20274
202208,3호선,신사,11749,12021,23770
202208,3호선,안국,11665,11577,23242
202208,3호선,압구정,13503,14291,27794
202208,3호선,약수,6141,6140,12281
202208,3호선,양재,10894,13071,23965
202208,3호선,연신내,20114,19486,39600
202208,3호선,오금,2441,2390,4831
202208,3호선,옥수,4650,4860,9510
202208,3호선,을지로3가,3552,3266,6818
202208,3호선,일원,3233,3430,6663
202208,3호선,잠원,2166,2156,4322
202208,3호선,종로3가,4349,5581,9930
202208,3호선,지축,2581,2371,4952
202208,3호선,학여울,659,682,1341
202208,3호선,홍제,8730,8639,17369
202208,3호선,가락시장,8884,8715,17599
202208,3호선,경복궁,19145,19176,38321
202208,3호선,경찰병원,7300,7410,14710
202208,3호선,고속터미널,42803,38857,81660
202208,3호선,교대,14507,9621,24128
202208,3호선,구파발,20834,20311,41145
202208,3호선,금호,7713,7138,14851
202208,3호선,남부터미널,29061,29280,58341
202208,3호선,녹번,15217,13739,28956
202208,3호선,대청,10094,9723,19817
202208,3호선,대치,11273,11142,22415
202208,3호선,도곡,5090,5101,10191
202208,3호선,독립문,6713,6961,13674
202208,3호선,동대입구,7424,8045,15469
202208,3호선,매봉,12443,12016,24459
202208,3호선,무악재,3917,3894,7811
202208,3호선,불광,15915,16996,32911
202208,3호선,수서,16581,17096,33677
202208,3호선,신사,28965,30476,59441
202208,3호선,안국,21448,22168,43616
202208,3호선,압구정,32508,34827,67335
202208,3호선,약수,12609,12212,24821
202208,3호선,양재,35999,39416,75415
202208,3호선,연신내,35657,33934,69591
202208,3호선,오금,6104,5594,11698
202208,3호선,옥수,8717,9104,17821
202208,3호선,을지로3가,10904,10858,21762
202208,3호선,일원,10747,10344,21091
202208,3호선,잠원,4811,4667,9478
202208,3호선,종로3가,10251,12102,22353
202208,3호선,지축,5287,5152,10439
202208,3호선,학여울,1792,1828,3620
202208,3호선,홍제,17061,16106,33167
202208,3호선,가락시장,9078,8917,17995
202208,3호선,경복궁,21290,21688,42978
202208,3호선,경찰병원,7505,7615,15120
202208,3호선,고속터미널,41499,39535,81034
202208,3호선,교대,15281,9816,25097
202208,3호선,구파발,21242,20528,41770
202208,3호선,금호,7986,7384,15370
202208,3호선,남부터미널,29302,29536,58838
202208,3호선,녹번,15558,14024,29582
202208,3호선,대청,10642,9898,20540
202208,3호선,대치,11185,11253,22438
202208,3호선,도곡,5290,5341,10631
202208,3호선,독립문,7268,7390,14658
202208,3호선,동대입구,7977,8511,16488
202208,3호선,매봉,12972,12329,25301
202208,3호선,무악재,3975,4011,7986
202208,3호선,불광,16092,17250,33342
202208,3호선,수서,16977,17479,34456
202208,3호선,신사,29516,30589,60105
202208,3호선,안국,23076,23516,46592
202208,3호선,압구정,33662,35794,69456
202208,3호선,약수,13129,12517,25646
202208,3호선,양재,37891,41192,79083
202208,3호선,연신내,36202,34136,70338
202208,3호선,오금,6180,5634,11814
202208,3호선,옥수,9025,9336,18361
202208,3호선,을지로3가,11005,11210,22215
202208,3호선,일원,11262,10692,21954
202208,3호선,잠원,4941,4686,9627
202208,3호선,종로3가,10402,12014,22416
202208,3호선,지축,5373,5187,10560
202208,3호선,학여울,1980,2020,4000
202208,3호선,홍제,17418,16290,33708
202208,3호선,가락시장,8956,8951,17907
202208,3호선,경복궁,21705,22050,43755
202208,3호선,경찰병원,7453,7498,14951
202208,3호선,고속터미널,41773,40476,82249
202208,3호선,교대,15561,9948,25509
202208,3호선,구파발,21427,20601,42028
202208,3호선,금호,8041,7370,15411
202208,3호선,남부터미널,29892,30441,60333
202208,3호선,녹번,15619,14119,29738
202208,3호선,대청,10686,9895,20581
202208,3호선,대치,11816,11633,23449
202208,3호선,도곡,5378,5404,10782
202208,3호선,독립문,7495,7670,15165
202208,3호선,동대입구,8105,8905,17010
202208,3호선,매봉,12787,12342,25129
202208,3호선,무악재,4022,4001,8023
202208,3호선,불광,16241,17333,33574
202208,3호선,수서,17439,17801,35240
202208,3호선,신사,30278,31552,61830
202208,3호선,안국,23244,24198,47442
202208,3호선,압구정,33338,35791,69129
202208,3호선,약수,13193,12788,25981
202208,3호선,양재,38463,42242,80705
202208,3호선,연신내,36578,34479,71057
202208,3호선,오금,6316,5716,12032
202208,3호선,옥수,9300,9519,18819
202208,3호선,을지로3가,11353,11246,22599
202208,3호선,일원,11173,10636,21809
202208,3호선,잠원,5118,4881,9999
202208,3호선,종로3가,10589,12135,22724
202208,3호선,지축,5431,5200,10631
202208,3호선,학여울,4026,4332,8358
202208,3호선,홍제,17626,16368,33994
202208,3호선,가락시장,9257,9070,18327
202208,3호선,경복궁,21269,20957,42226
202208,3호선,경찰병원,7712,7801,15513
202208,3호선,고속터미널,47583,48533,96116
202208,3호선,교대,15379,9909,25288
202208,3호선,구파발,20987,20132,41119
202208,3호선,금호,7999,7582,15581
202208,3호선,남부터미널,32146,32224,64370
202208,3호선,녹번,15564,14045,29609
202208,3호선,대청,10926,10077,21003
202208,3호선,대치,12185,12303,24488
202208,3호선,도곡,5563,5447,11010
202208,3호선,독립문,7132,7251,14383
202208,3호선,동대입구,8389,8890,17279
202208,3호선,매봉,12991,12285,25276
202208,3호선,무악재,3911,3969,7880
202208,3호선,불광,15979,16929,32908
202208,3호선,수서,19047,19096,38143
202208,3호선,신사,31793,33103,64896
202208,3호선,안국,24232,23401,47633
202208,3호선,압구정,35027,37333,72360
202208,3호선,약수,13158,12765,25923
202208,3호선,양재,40414,42346,82760
202208,3호선,연신내,36113,34584,70697
202208,3호선,오금,6473,5922,12395
202208,3호선,옥수,9282,9576,18858
202208,3호선,을지로3가,11631,11544,23175
202208,3호선,일원,11011,10474,21485
202208,3호선,잠원,5089,4931,10020
202208,3호선,종로3가,10918,12818,23736
202208,3호선,지축,5263,5100,10363
202208,3호선,충무로,2,0,2
202208,3호선,학여울,4183,4249,8432
202208,3호선,홍제,17300,16714,34014
202208,3호선,가락시장,8926,8744,17670
202208,3호선,경복궁,20217,20949,41166
202208,3호선,경찰병원,7525,7772,15297
202208,3호선,고속터미널,40994,38761,79755
202208,3호선,교대,14764,9695,24459
202208,3호선,구파발,21067,20359,41426
202208,3호선,금호,7761,7383,15144
202208,3호선,남부터미널,28688,29057,57745
202208,3호선,녹번,15502,14197,29699
202208,3호선,대청,10979,10259,21238
202208,3호선,대치,11212,11523,22735
202208,3호선,도곡,5264,5440,10704
202208,3호선,독립문,6815,6764,13579
202208,3호선,동대입구,7316,7748,15064
202208,3호선,매봉,12593,11849,24442
202208,3호선,무악재,3918,3889,7807
202208,3호선,불광,15838,16598,32436
202208,3호선,수서,17288,17485,34773
202208,3호선,신사,28374,29727,58101
202208,3호선,안국,21705,22046,43751
202208,3호선,압구정,31660,33978,65638
202208,3호선,약수,13107,12836,25943
202208,3호선,양재,36998,40610,77608
202208,3호선,연신내,35915,33976,69891
202208,3호선,오금,6277,5636,11913
202208,3호선,옥수,8746,9058,17804
202208,3호선,을지로3가,11060,10895,21955
202208,3호선,일원,11094,10552,21646
202208,3호선,잠원,4845,4721,9566
202208,3호선,종로3가,10253,11894,22147
202208,3호선,지축,5366,5213,10579
202208,3호선,충무로,1,0,1
202208,3호선,학여울,1824,1820,3644
202208,3호선,홍제,17049,16070,33119
202208,3호선,가락시장,9200,9108,18308
202208,3호선,경복궁,20443,20087,40530
202208,3호선,경찰병원,7585,7671,15256
202208,3호선,고속터미널,41306,39153,80459
202208,3호선,교대,14992,9905,24897
202208,3호선,구파발,21632,20755,42387
202208,3호선,금호,8146,7488,15634
202208,3호선,남부터미널,29532,30118,59650
202208,3호선,녹번,15617,14079,29696
202208,3호선,대청,11124,10226,21350
202208,3호선,대치,11608,11835,23443
202208,3호선,도곡,5184,5492,10676
202208,3호선,독립문,7311,7327,14638
202208,3호선,동대입구,7862,8459,16321
202208,3호선,매봉,12907,12409,25316
202208,3호선,무악재,4016,3952,7968
202208,3호선,불광,16462,17496,33958
202208,3호선,수서,17364,17521,34885
202208,3호선,신사,29414,31083,60497
202208,3호선,안국,22491,23791,46282
202208,3호선,압구정,33259,35330,68589
202208,3호선,약수,13577,13105,26682
202208,3호선,양재,38518,42264,80782
202208,3호선,연신내,36726,34427,71153
202208,3호선,오금,6499,5789,12288
202208,3호선,옥수,9143,9330,18473
202208,3호선,을지로3가,11036,11234,22270
202208,3호선,일원,11257,10543,21800
202208,3호선,잠원,5073,4798,9871
202208,3호선,종로3가,10366,12012,22378
202208,3호선,지축,5375,5290,10665
202208,3호선,충무로,2,0,2
202208,3호선,학여울,1950,1994,3944
202208,3호선,홍제,17752,16738,34490
202208,3호선,가락시장,9411,9272,18683
202208,3호선,경복궁,22260,22605,44865
202208,3호선,경찰병원,7565,7632,15197
202208,3호선,고속터미널,41138,39145,80283
202208,3호선,교대,15490,9976,25466
202208,3호선,구파발,21607,20846,42453
202208,3호선,금호,8145,7494,15639
202208,3호선,남부터미널,29375,29740,59115
202208,3호선,녹번,15968,14349,30317
202208,3호선,대청,10930,10167,21097
202208,3호선,대치,11316,11576,22892
202208,3호선,도곡,5232,5560,10792
202208,3호선,독립문,7231,7416,14647
202208,3호선,동대입구,8132,8860,16992
202208,3호선,매봉,13033,12534,25567
202208,3호선,무악재,4034,3981,8015
202208,3호선,불광,16716,17573,34289
202208,3호선,수서,17723,17761,35484
202208,3호선,신사,29172,30510,59682
202208,3호선,안국,23727,24709,48436
202208,3호선,압구정,33302,35881,69183
202208,3호선,약수,13823,13278,27101
202208,3호선,양재,38755,42217,80972
202208,3호선,연신내,37006,34850,71856
202208,3호선,오금,6416,5798,12214
202208,3호선,옥수,9178,9641,18819
202208,3호선,을지로3가,11365,11315,22680
202208,3호선,일원,11249,10834,22083
202208,3호선,잠원,5132,4888,10020
202208,3호선,종로3가,10595,12290,22885
202208,3호선,지축,5561,5317,10878
202208,3호선,충무로,2,0,2
202208,3호선,학여울,2002,2059,4061
202208,3호선,홍제,17887,16795,34682
202208,3호선,가락시장,9410,9298,18708
202208,3호선,경복궁,21126,21251,42377
202208,3호선,경찰병원,7647,7630,15277
202208,3호선,고속터미널,42391,40860,83251
202208,3호선,교대,15626,10065,25691
202208,3호선,구파발,21392,20636,42028
202208,3호선,금호,8133,7527,15660
202208,3호선,남부터미널,29346,29697,59043
202208,3호선,녹번,15880,14195,30075
202208,3호선,대청,10897,10053,20950
202208,3호선,대치,11687,11769,23456
202208,3호선,도곡,5273,5607,10880
202208,3호선,독립문,7157,7261,14418
202208,3호선,동대입구,8950,10029,18979
202208,3호선,매봉,12898,12423,25321
202208,3호선,무악재,4136,4071,8207
202208,3호선,불광,16430,17561,33991
202208,3호선,수서,17805,17998,35803
202208,3호선,신사,29336,31225,60561
202208,3호선,안국,23208,24079,47287
202208,3호선,압구정,32493,35391,67884
202208,3호선,약수,13605,13003,26608
202208,3호선,양재,39550,42918,82468
202208,3호선,연신내,36923,34579,71502
202208,3호선,오금,6467,5730,12197
202208,3호선,옥수,9278,9461,18739
202208,3호선,을지로3가,11282,11279,22561
202208,3호선,일원,11342,10772,22114
202208,3호선,잠원,5149,5030,10179
202208,3호선,종로3가,10532,12332,22864
202208,3호선,지축,5545,5363,10908
202208,3호선,충무로,2,0,2
202208,3호선,학여울,4009,4195,8204
202208,3호선,홍제,17764,16745,34509
202208,3호선,가락시장,9924,9726,19650
202208,3호선,경복궁,23294,23499,46793
202208,3호선,경찰병원,7877,7747,15624
202208,3호선,고속터미널,60016,56709,116725
202208,3호선,교대,16409,10648,27057
202208,3호선,구파발,22270,21149,43419
202208,3호선,금호,8425,7714,16139
202208,3호선,남부터미널,32506,33243,65749
202208,3호선,녹번,16502,14583,31085
202208,3호선,대청,11436,10476,21912
202208,3호선,대치,12335,12435,24770
202208,3호선,도곡,5538,5853,11391
202208,3호선,독립문,7813,7667,15480
202208,3호선,동대입구,8797,9717,18514
202208,3호선,매봉,13273,12653,25926
202208,3호선,무악재,4043,4001,8044
202208,3호선,불광,16905,17812,34717
202208,3호선,수서,19921,20037,39958
202208,3호선,신사,32178,35043,67221
202208,3호선,안국,24598,25255,49853
202208,3호선,압구정,36057,39064,75121
202208,3호선,약수,14244,13573,27817
202208,3호선,양재,41232,44000,85232
202208,3호선,연신내,38571,36544,75115
202208,3호선,오금,6722,5969,12691
202208,3호선,옥수,9865,10058,19923
202208,3호선,을지로3가,11635,11963,23598
202208,3호선,일원,11744,10932,22676
202208,3호선,잠원,5553,5220,10773
202208,3호선,종로3가,10846,13146,23992
202208,3호선,지축,5648,5485,11133
202208,3호선,충무로,1,0,1
202208,3호선,학여울,3868,4170,8038
202208,3호선,홍제,18367,17216,35583
202208,3호선,가락시장,9239,9084,18323
202208,3호선,경복궁,20374,20987,41361
202208,3호선,경찰병원,7542,7566,15108
202208,3호선,고속터미널,42461,40305,82766
202208,3호선,교대,15243,10127,25370
202208,3호선,구파발,21320,20615,41935
202208,3호선,금호,8115,7594,15709
202208,3호선,남부터미널,29174,29442,58616
202208,3호선,녹번,16026,14484,30510
202208,3호선,대청,11760,11049,22809
202208,3호선,대치,11372,11658,23030
202208,3호선,도곡,5262,5591,10853
202208,3호선,독립문,6961,6978,13939
202208,3호선,동대입구,7572,8114,15686
202208,3호선,매봉,12713,12222,24935
202208,3호선,무악재,3985,3945,7930
202208,3호선,불광,16260,17011,33271
202208,3호선,수서,17579,18071,35650
202208,3호선,신사,28431,29938,58369
202208,3호선,안국,22607,22939,45546
202208,3호선,압구정,31739,34316,66055
202208,3호선,약수,13348,12849,26197
202208,3호선,양재,37801,41574,79375
202208,3호선,연신내,36570,34473,71043
202208,3호선,오금,6464,5785,12249
202208,3호선,옥수,9189,9371,18560
202208,3호선,을지로3가,11008,11243,22251
202208,3호선,일원,11095,10817,21912
202208,3호선,잠원,4915,4778,9693
202208,3호선,종로3가,10050,11811,21861
202208,3호선,지축,5456,5330,10786
202208,3호선,학여울,1863,1824,3687
202208,3호선,홍제,17907,16911,34818
202208,3호선,가락시장,9090,8888,17978
202208,3호선,경복궁,19108,18731,37839
202208,3호선,경찰병원,7804,7825,15629
202208,3호선,고속터미널,41600,38750,80350
202208,3호선,교대,15330,10174,25504
202208,3호선,구파발,20697,19776,40473
202208,3호선,금호,7945,7279,15224
202208,3호선,남부터미널,29228,29645,58873
202208,3호선,녹번,15759,14269,30028
202208,3호선,대청,11258,10489,21747
202208,3호선,대치,11430,11642,23072
202208,3호선,도곡,5083,5463,10546
202208,3호선,독립문,6819,6813,13632
202208,3호선,동대입구,8086,8361,16447
202208,3호선,매봉,13076,12427,25503
202208,3호선,무악재,3956,3951,7907
202208,3호선,불광,15547,16685,32232
202208,3호선,수서,17451,17709,35160
202208,3호선,신사,28699,29888,58587
202208,3호선,안국,22450,22901,45351
202208,3호선,압구정,32771,35095,67866
202208,3호선,약수,13187,12910,26097
202208,3호선,양재,39165,42129,81294
202208,3호선,연신내,35085,33188,68273
202208,3호선,오금,6460,5964,12424
202208,3호선,옥수,8849,9171,18020
202208,3호선,을지로3가,11662,11363,23025
202208,3호선,일원,11442,10855,22297
202208,3호선,잠원,4888,4678,9566
202208,3호선,종로3가,10223,11695,21918
202208,3호선,지축,5229,5098,10327
202208,3호선,충무로,1,0,1
202208,3호선,학여울,1903,2043,3946
202208,3호선,홍제,17512,16599,34111
202208,3호선,가락시장,9790,9783,19573
202208,3호선,경복궁,22362,23120,45482
202208,3호선,경찰병원,7810,7896,15706
202208,3호선,고속터미널,42623,40162,82785
202208,3호선,교대,15914,10481,26395
202208,3호선,구파발,22017,21251,43268
202208,3호선,금호,8386,7843,16229
202208,3호선,남부터미널,29971,30609,60580
202208,3호선,녹번,16509,14933,31442
202208,3호선,대청,11836,10961,22797
202208,3호선,대치,11686,11535,23221
202208,3호선,도곡,5219,5732,10951
202208,3호선,독립문,7459,7625,15084
202208,3호선,동대입구,8762,9655,18417
202208,3호선,매봉,13480,12912,26392
202208,3호선,무악재,4213,4145,8358
202208,3호선,불광,16799,18232,35031
202208,3호선,수서,18266,18536,36802
202208,3호선,신사,29205,30675,59880
202208,3호선,안국,24474,25412,49886
202208,3호선,압구정,33253,35896,69149
202208,3호선,약수,14092,13416,27508
202208,3호선,양재,39535,43538,83073
202208,3호선,연신내,38361,35934,74295
202208,3호선,오금,6688,5944,12632
202208,3호선,옥수,9608,9856,19464
202208,3호선,을지로3가,11518,11720,23238
202208,3호선,일원,11677,11116,22793
202208,3호선,잠원,5144,4913,10057
202208,3호선,종로3가,10822,12387,23209
202208,3호선,지축,5641,5535,11176
202208,3호선,충무로,2,0,2
202208,3호선,학여울,2094,2078,4172
202208,3호선,홍제,18597,17493,36090
202209,3호선,가락시장,10120,9926,20046
202209,3호선,경복궁,25193,25616,50809
202209,3호선,경찰병원,7751,7810,15561
202209,3호선,고속터미널,44468,42039,86507
202209,3호선,교대,16403,10840,27243
202209,3호선,구파발,22296,21334,43630
202209,3호선,금호,8633,7942,16575
202209,3호선,남부터미널,30821,31067,61888
202209,3호선,녹번,17294,15293,32587
202209,3호선,대청,11784,10848,22632
202209,3호선,대치,12099,12242,24341
202209,3호선,도곡,5506,5797,11303
202209,3호선,독립문,7708,7705,15413
202209,3호선,동대입구,11401,13331,24732
202209,3호선,매봉,13686,13086,26772
202209,3호선,무악재,4295,4352,8647
202209,3호선,불광,17447,18627,36074
202209,3호선,수서,18299,18702,37001
202209,3호선,신사,29984,31764,61748
202209,3호선,안국,24308,25124,49432
202209,3호선,압구정,33879,36621,70500
202209,3호선,약수,14050,13565,27615
202209,3호선,양재,40432,44441,84873
202209,3호선,연신내,38606,36204,74810
202209,3호선,오금,6854,6247,13101
202209,3호선,옥수,9802,9925,19727
202209,3호선,을지로3가,11887,11990,23877
202209,3호선,일원,11891,11334,23225
202209,3호선,잠원,5552,5272,10824
202209,3호선,종로3가,10588,12225,22813
202209,3호선,지축,5742,5613,11355
202209,3호선,충무로,2,0,2
202209,3호선,학여울,2656,2726,5382
202209,3호선,홍제,19540,18457,37997
202209,3호선,가락시장,10577,10470,21047
202209,3호선,경복궁,25745,26364,52109
202209,3호선,경찰병원,7987,8047,16034
202209,3호선,고속터미널,53627,51924,105551
202209,3호선,교대,16844,10936,27780
202209,3호선,구파발,23074,22124,45198
202209,3호선,금호,8816,7991,16807
202209,3호선,남부터미널,32946,32701,65647
202209,3호선,녹번,17296,15195,32491
202209,3호선,대청,12169,11254,23423
202209,3호선,대치,12717,12988,25705
202209,3호선,도곡,5627,6022,11649
202209,3호선,독립문,8033,7838,15871
202209,3호선,동대입구,10607,12030,22637
202209,3호선,매봉,13764,13014,26778
202209,3호선,무악재,4201,4163,8364
202209,3호선,불광,17652,18985,36637
202209,3호선,수서,20132,19819,39951
202209,3호선,신사,32586,35450,68036
202209,3호선,안국,25661,26990,52651
202209,3호선,압구정,37145,40628,77773
202209,3호선,약수,14482,13966,28448
202209,3호선,양재,42222,45262,87484
202209,3호선,연신내,40155,37774,77929
202209,3호선,오금,6922,6165,13087
202209,3호선,옥수,10339,10446,20785
202209,3호선,을지로3가,12265,12504,24769
202209,3호선,일원,11846,11118,22964
202209,3호선,잠원,5816,5451,11267
202209,3호선,종로3가,10856,13397,24253
202209,3호선,지축,5937,5568,11505
202209,3호선,충무로,1,0,1
202209,3호선,학여울,2603,2751,5354
202209,3호선,홍제,19556,18312,37868
202209,3호선,가락시장,8676,8691,17367
202209,3호선,경복궁,20346,19920,40266
202209,3호선,경찰병원,7952,8042,15994
202209,3호선,고속터미널,38053,36334,74387
202209,3호선,교대,14584,9776,24360
202209,3호선,구파발,20123,19381,39504
202209,3호선,금호,7656,7322,14978
202209,3호선,남부터미널,28675,29327,58002
202209,3호선,녹번,15912,14628,30540
202209,3호선,대청,10625,9946,20571
202209,3호선,대치,11401,11757,23158
202209,3호선,도곡,5269,5537,10806
202209,3호선,독립문,6299,6575,12874
202209,3호선,동대입구,10035,10913,20948
202209,3호선,매봉,12763,12137,24900
202209,3호선,무악재,3837,4157,7994
202209,3호선,불광,15194,16051,31245
202209,3호선,수서,16988,17692,34680
202209,3호선,신사,26800,27388,54188
202209,3호선,안국,20715,20065,40780
202209,3호선,압구정,30716,32761,63477
202209,3호선,약수,12817,12502,25319
202209,3호선,양재,37743,40261,78004
202209,3호선,연신내,33971,32251,66222
202209,3호선,오금,6301,5704,12005
202209,3호선,옥수,8319,8947,17266
202209,3호선,을지로3가,11628,10845,22473
202209,3호선,일원,11113,10731,21844
202209,3호선,잠원,4796,4806,9602
202209,3호선,종로3가,9878,10834,20712
202209,3호선,지축,5068,4941,10009
202209,3호선,충무로,1,0,1
202209,3호선,학여울,2320,2494,4814
202209,3호선,홍제,17142,16915,34057
202209,3호선,가락시장,9310,9334,18644
202209,3호선,경복궁,20806,21070,41876
202209,3호선,경찰병원,7372,7367,14739
202209,3호선,고속터미널,37688,36667,74355
202209,3호선,교대,15028,9809,24837
202209,3호선,구파발,20620,19646,40266
202209,3호선,금호,7992,7392,15384
202209,3호선,남부터미널,27279,28163,55442
202209,3호선,녹번,15934,14107,30041
202209,3호선,대청,9894,9237,19131
202209,3호선,대치,11551,11494,23045
202209,3호선,도곡,4844,5135,9979
202209,3호선,독립문,6998,6987,13985
202209,3호선,동대입구,10806,12336,23142
202209,3호선,매봉,12740,12147,24887
202209,3호선,무악재,3985,3945,7930
202209,3호선,불광,16219,17182,33401
202209,3호선,수서,14684,15499,30183
202209,3호선,신사,27614,29214,56828
202209,3호선,안국,20908,22045,42953
202209,3호선,압구정,32787,35517,68304
202209,3호선,약수,13241,12626,25867
202209,3호선,양재,36457,40056,76513
202209,3호선,연신내,35220,33349,68569
202209,3호선,오금,6228,5484,11712
202209,3호선,옥수,9159,9167,18326
202209,3호선,을지로3가,10708,11091,21799
202209,3호선,일원,10903,10504,21407
202209,3호선,잠원,5261,4881,10142
202209,3호선,종로3가,10071,11693,21764
202209,3호선,지축,5212,4982,10194
202209,3호선,충무로,1,0,1
202209,3호선,학여울,1860,1866,3726
202209,3호선,홍제,17944,17067,35011
202209,3호선,가락시장,10564,10467,21031
202209,3호선,경복궁,26434,26599,53033
202209,3호선,경찰병원,8128,8012,16140
202209,3호선,고속터미널,44877,50579,95456
202209,3호선,교대,17020,11139,28159
202209,3호선,구파발,23374,22478,45852
202209,3호선,금호,8938,8140,17078
202209,3호선,남부터미널,31249,33464,64713
202209,3호선,녹번,17836,15976,33812
202209,3호선,대청,11608,10699,22307
202209,3호선,대치,12702,12774,25476
202209,3호선,도곡,5561,6035,11596
202209,3호선,독립문,8057,8189,16246
202209,3호선,동대입구,11446,13106,24552
202209,3호선,매봉,14065,13392,27457
202209,3호선,무악재,4429,4495,8924
202209,3호선,불광,17909,18953,36862
202209,3호선,수서,18574,19560,38134
202209,3호선,신사,31726,33133,64859
202209,3호선,안국,24976,25885,50861
202209,3호선,압구정,36187,39039,75226
202209,3호선,약수,14638,14043,28681
202209,3호선,양재,42056,45171,87227
202209,3호선,연신내,40185,37780,77965
202209,3호선,오금,6908,6285,13193
202209,3호선,옥수,10296,10526,20822
202209,3호선,을지로3가,11994,12120,24114
202209,3호선,일원,12280,11365,23645
202209,3호선,잠원,5759,5591,11350
202209,3호선,종로3가,10981,12555,23536
202209,3호선,지축,6071,5834,11905
202209,3호선,충무로,1,0,1
202209,3호선,학여울,1987,2067,4054
202209,3호선,홍제,19965,18795,38760
202209,3호선,가락시장,10217,10103,20320
202209,3호선,경복궁,25587,25214,50801
202209,3호선,경찰병원,7523,7235,14758
202209,3호선,고속터미널,53589,79958,133547
202209,3호선,교대,15003,9580,24583
202209,3호선,구파발,22872,21799,44671
202209,3호선,금호,8847,7990,16837
202209,3호선,남부터미널,32833,37353,70186
202209,3호선,녹번,17052,14614,31666
202209,3호선,대청,11090,9972,21062
202209,3호선,대치,12753,12993,25746
202209,3호선,도곡,5284,5416,10700
202209,3호선,독립문,7957,7684,15641
202209,3호선,동대입구,10745,11952,22697
202209,3호선,매봉,13073,12597,25670
202209,3호선,무악재,4331,4253,8584
202209,3호선,불광,17415,18601,36016
202209,3호선,수서,18163,20279,38442
202209,3호선,신사,30573,32467,63040
202209,3호선,안국,21483,21961,43444
202209,3호선,압구정,34531,37039,71570
202209,3호선,약수,14169,13436,27605
202209,3호선,양재,39980,40944,80924
202209,3호선,연신내,39780,37512,77292
202209,3호선,오금,6486,5761,12247
202209,3호선,옥수,10028,10034,20062
202209,3호선,을지로3가,11131,11313,22444
202209,3호선,일원,11059,10356,21415
202209,3호선,잠원,5450,5105,10555
202209,3호선,종로3가,10382,12495,22877
202209,3호선,지축,5668,5260,10928
202209,3호선,충무로,1,0,1
202209,3호선,학여울,1888,1905,3793
202209,3호선,홍제,19709,18367,38076
202209,3호선,가락시장,4310,3993,8303
202209,3호선,경복궁,15143,17578,32721
202209,3호선,경찰병원,2623,2216,4839
202209,3호선,고속터미널,29492,57737,87229
202209,3호선,교대,3738,2075,5813
202209,3호선,구파발,10741,11172,21913
202209,3호선,금호,3878,3338,7216
202209,3호선,남부터미널,12320,18087,30407
202209,3호선,녹번,7038,5693,12731
202209,3호선,대청,4008,3415,7423
202209,3호선,대치,6751,5962,12713
202209,3호선,도곡,1617,1654,3271
202209,3호선,독립문,3911,4098,8009
202209,3호선,동대입구,4359,4768,9127
202209,3호선,매봉,3488,3308,6796
202209,3호선,무악재,1928,1801,3729
202209,3호선,불광,8421,8968,17389
202209,3호선,수서,8289,10396,18685
202209,3호선,신사,11841,12168,24009
202209,3호선,안국,12982,13615,26597
202209,3호선,압구정,14478,15239,29717
202209,3호선,약수,5833,5124,10957
202209,3호선,양재,9270,9502,18772
202209,3호선,연신내,20341,18581,38922
202209,3호선,오금,2329,2056,4385
202209,3호선,옥수,4686,4407,9093
202209,3호선,을지로3가,3021,2632,5653
202209,3호선,일원,2997,2857,5854
202209,3호선,잠원,2049,1962,4011
202209,3호선,종로3가,3556,5363,8919
202209,3호선,지축,2473,2202,4675
202209,3호선,충무로,2,0,2
202209,3호선,학여울,684,596,1280
202209,3호선,홍제,9062,8015,17077
202209,3호선,가락시장,3596,3966,7562
202209,3호선,경복궁,18353,23325,41678
202209,3호선,경찰병원,2591,2790,5381
202209,3호선,고속터미널,62115,40272,102387
202209,3호선,교대,4095,2845,6940
202209,3호선,구파발,12080,12983,25063
202209,3호선,금호,4221,3979,8200
202209,3호선,남부터미널,19101,15799,34900
202209,3호선,녹번,6954,6745,13699
202209,3호선,대청,4150,4191,8341
202209,3호선,대치,6589,5922,12511
202209,3호선,도곡,1891,2005,3896
202209,3호선,독립문,4065,4629,8694
202209,3호선,동대입구,4422,5742,10164
202209,3호선,매봉,3899,3998,7897
202209,3호선,무악재,1897,2095,3992
202209,3호선,불광,9524,11304,20828
202209,3호선,수서,11627,9497,21124
202209,3호선,신사,11923,12690,24613
202209,3호선,안국,14316,15132,29448
202209,3호선,압구정,13501,14584,28085
202209,3호선,약수,6114,6291,12405
202209,3호선,양재,10450,13354,23804
202209,3호선,연신내,20680,19909,40589
202209,3호선,오금,2438,2390,4828
202209,3호선,옥수,5080,5379,10459
202209,3호선,을지로3가,3307,2988,6295
202209,3호선,일원,3394,3514,6908
202209,3호선,잠원,2323,2162,4485
202209,3호선,종로3가,4415,5996,10411
202209,3호선,지축,2810,2467,5277
202209,3호선,충무로,1,0,1
202209,3호선,학여울,717,746,1463
202209,3호선,홍제,9256,9086,18342
202209,3호선,가락시장,8804,8628,17432
202209,3호선,경복궁,21347,21184,42531
202209,3호선,경찰병원,7366,7441,14807
202209,3호선,고속터미널,45255,37978,83233
202209,3호선,교대,14760,10318,25078
202209,3호선,구파발,21341,20898,42239
202209,3호선,금호,8060,7506,15566
202209,3호선,남부터미널,30857,29971,60828
202209,3호선,녹번,16080,14640,30720
202209,3호선,대청,10657,10001,20658
202209,3호선,대치,11570,11811,23381
202209,3호선,도곡,4947,5140,10087
202209,3호선,독립문,7201,7458,14659
202209,3호선,동대입구,10271,11535,21806
202209,3호선,매봉,12889,12278,25167
202209,3호선,무악재,4073,4138,8211
202209,3호선,불광,16757,17946,34703
202209,3호선,수서,17492,17392,34884
202209,3호선,신사,27729,28868,56597
202209,3호선,안국,19367,20524,39891
202209,3호선,압구정,32314,34406,66720
202209,3호선,약수,13020,12654,25674
202209,3호선,양재,37080,40392,77472
202209,3호선,연신내,36243,34525,70768
202209,3호선,오금,6389,5818,12207
202209,3호선,옥수,8905,9355,18260
202209,3호선,을지로3가,10288,10553,20841
202209,3호선,일원,11171,10944,22115
202209,3호선,잠원,5043,4827,9870
202209,3호선,종로3가,9876,11484,21360
202209,3호선,지축,5460,5371,10831
202209,3호선,학여울,1834,1822,3656
202209,3호선,홍제,18753,18109,36862
202209,3호선,가락시장,9449,9352,18801
202209,3호선,경복궁,25345,25815,51160
202209,3호선,경찰병원,8054,8094,16148
202209,3호선,고속터미널,41922,38717,80639
202209,3호선,교대,16217,10738,26955
202209,3호선,구파발,22700,21867,44567
202209,3호선,금호,8574,8004,16578
202209,3호선,남부터미널,30647,30796,61443
202209,3호선,녹번,17188,15382,32570
202209,3호선,대청,11347,10476,21823
202209,3호선,대치,11964,12305,24269
202209,3호선,도곡,5794,5924,11718
202209,3호선,독립문,7720,7877,15597
202209,3호선,동대입구,10821,12190,23011
202209,3호선,매봉,13821,13281,27102
202209,3호선,무악재,4220,4250,8470
202209,3호선,불광,17435,18573,36008
202209,3호선,수서,18266,18184,36450
202209,3호선,신사,29638,31354,60992
202209,3호선,안국,24317,25276,49593
202209,3호선,압구정,33962,36700,70662
202209,3호선,약수,14017,13545,27562
202209,3호선,양재,40659,44332,84991
202209,3호선,연신내,38302,36386,74688
202209,3호선,오금,6780,6208,12988
202209,3호선,옥수,9612,9891,19503
202209,3호선,을지로3가,11543,11767,23310
202209,3호선,일원,12027,11433,23460
202209,3호선,잠원,5402,5161,10563
202209,3호선,종로3가,10467,11913,22380
202209,3호선,지축,5891,5778,11669
202209,3호선,학여울,2009,2081,4090
202209,3호선,홍제,19294,18484,37778
202209,3호선,가락시장,9750,9473,19223
202209,3호선,경복궁,25556,26266,51822
202209,3호선,경찰병원,7974,8137,16111
202209,3호선,고속터미널,43348,40626,83974
202209,3호선,교대,17115,11072,28187
202209,3호선,구파발,22811,21969,44780
202209,3호선,금호,8790,8328,17118
202209,3호선,남부터미널,31221,31530,62751
202209,3호선,녹번,17395,15554,32949
202209,3호선,대청,11555,10604,22159
202209,3호선,대치,12066,12416,24482
202209,3호선,도곡,5531,5833,11364
202209,3호선,독립문,7806,8026,15832
202209,3호선,동대입구,11382,12903,24285
202209,3호선,매봉,13894,13310,27204
202209,3호선,무악재,4455,4538,8993
202209,3호선,불광,17772,19064,36836
202209,3호선,수서,18806,18997,37803
202209,3호선,신사,30209,31718,61927
202209,3호선,안국,24940,25914,50854
202209,3호선,압구정,34306,37372,71678
202209,3호선,약수,14219,13715,27934
202209,3호선,양재,41621,45205,86826
202209,3호선,연신내,38498,36647,75145
202209,3호선,오금,6937,6244,13181
202209,3호선,옥수,9796,10047,19843
202209,3호선,을지로3가,11759,11666,23425
202209,3호선,일원,12309,11731,24040
202209,3호선,잠원,5481,5331,10812
202209,3호선,종로3가,10778,12392,23170
202209,3호선,지축,6013,5770,11783
202209,3호선,충무로,3,0,3
202209,3호선,학여울,2133,2124,4257
202209,3호선,홍제,19467,18568,38035
202209,3호선,가락시장,10190,10029,20219
202209,3호선,경복궁,27536,26854,54390
202209,3호선,경찰병원,8349,8125,16474
202209,3호선,고속터미널,52713,51638,104351
202209,3호선,교대,17653,11439,29092
202209,3호선,구파발,22907,22342,45249
202209,3호선,금호,8985,8733,17718
202209,3호선,남부터미널,34463,32039,66502
202209,3호선,녹번,17454,15902,33356
202209,3호선,대청,11673,10694,22367
202209,3호선,대치,12738,13379,26117
202209,3호선,도곡,5580,6070,11650
202209,3호선,독립문,8742,9239,17981
202209,3호선,동대입구,10950,12256,23206
202209,3호선,매봉,13965,12767,26732
202209,3호선,무악재,4602,4622,9224
202209,3호선,불광,17640,19136,36776
202209,3호선,수서,20648,20331,40979
202209,3호선,신사,33264,35383,68647
202209,3호선,안국,26713,27021,53734
202209,3호선,압구정,37251,41384,78635
202209,3호선,약수,14903,14984,29887
202209,3호선,양재,43231,44192,87423
202209,3호선,연신내,39447,38228,77675
202209,3호선,오금,6898,6469,13367
202209,3호선,옥수,10310,10839,21149
202209,3호선,을지로3가,12572,12190,24762
202209,3호선,일원,12042,11265,23307
202209,3호선,잠원,5564,5346,10910
202209,3호선,종로3가,11337,13724,25061
202209,3호선,지축,6020,5708,11728
202209,3호선,충무로,4,0,4
202209,3호선,학여울,3408,3598,7006
202209,3호선,홍제,19719,18789,38508
202209,3호선,가락시장,9519,9418,18937
202209,3호선,경복궁,24242,25042,49284
202209,3호선,경찰병원,7950,8025,15975
202209,3호선,고속터미널,41201,40506,81707
202209,3호선,교대,16534,11295,27829
202209,3호선,구파발,22480,21514,43994
202209,3호선,금호,8513,7805,16318
202209,3호선,남부터미널,29985,30978,60963
202209,3호선,녹번,17013,15379,32392
202209,3호선,대청,11327,10489,21816
202209,3호선,대치,12122,12200,24322
202209,3호선,도곡,5648,5820,11468
202209,3호선,독립문,7352,7601,14953
202209,3호선,동대입구,11156,12511,23667
202209,3호선,매봉,13779,13071,26850
202209,3호선,무악재,4181,4288,8469
202209,3호선,불광,16955,17998,34953
202209,3호선,수서,18125,18986,37111
202209,3호선,신사,29430,30560,59990
202209,3호선,안국,23688,24172,47860
202209,3호선,압구정,33694,36219,69913
202209,3호선,약수,13716,13378,27094
202209,3호선,양재,39985,43502,83487
202209,3호선,연신내,37986,35890,73876
202209,3호선,오금,7003,6167,13170
202209,3호선,옥수,9452,9891,19343
202209,3호선,을지로3가,11477,11531,23008
202209,3호선,일원,11853,11486,23339
202209,3호선,잠원,5548,5274,10822
202209,3호선,종로3가,10521,12167,22688
202209,3호선,지축,5762,5652,11414
202209,3호선,충무로,1,0,1
202209,3호선,학여울,2011,1974,3985
202209,3호선,홍제,19164,18259,37423
202209,3호선,가락시장,9852,9722,19574
202209,3호선,경복궁,24158,24157,48315
202209,3호선,경찰병원,8100,8142,16242
202209,3호선,고속터미널,42470,40458,82928
202209,3호선,교대,17018,11118,28136
202209,3호선,구파발,23026,22485,45511
202209,3호선,금호,8677,7991,16668
202209,3호선,남부터미널,30557,31318,61875
202209,3호선,녹번,18194,16329,34523
202209,3호선,대청,11540,10623,22163
202209,3호선,대치,12452,12655,25107
202209,3호선,도곡,5577,5779,11356
202209,3호선,독립문,7965,8241,16206
202209,3호선,동대입구,12994,14305,27299
202209,3호선,매봉,14032,13467,27499
202209,3호선,무악재,4347,4409,8756
202209,3호선,불광,17757,19072,36829
202209,3호선,수서,18728,19245,37973
202209,3호선,신사,30470,31917,62387
202209,3호선,안국,25011,26160,51171
202209,3호선,압구정,35757,38463,74220
202209,3호선,약수,14374,13921,28295
202209,3호선,양재,41528,45457,86985
202209,3호선,연신내,39379,36862,76241
202209,3호선,오금,6911,6341,13252
202209,3호선,옥수,9986,10125,20111
202209,3호선,을지로3가,11755,11619,23374
202209,3호선,일원,12304,11654,23958
202209,3호선,잠원,5472,5294,10766
202209,3호선,종로3가,10727,12311,23038
202209,3호선,지축,6099,5940,12039
202209,3호선,충무로,2,0,2
202209,3호선,학여울,2142,2191,4333
202209,3호선,홍제,19728,18749,38477
202209,3호선,가락시장,9928,9680,19608
202209,3호선,경복궁,27954,29109,57063
202209,3호선,경찰병원,8230,8144,16374
202209,3호선,고속터미널,43364,41003,84367
202209,3호선,교대,17114,10988,28102
202209,3호선,구파발,23155,22297,45452
202209,3호선,금호,8716,8132,16848
202209,3호선,남부터미널,31081,31410,62491
202209,3호선,녹번,17565,15628,33193
202209,3호선,대청,11433,10774,22207
202209,3호선,대치,12201,12473,24674
202209,3호선,도곡,5676,5929,11605
202209,3호선,독립문,8044,8342,16386
202209,3호선,동대입구,12225,13986,26211
202209,3호선,매봉,14148,13546,27694
202209,3호선,무악재,4305,4391,8696
202209,3호선,불광,17838,19094,36932
202209,3호선,수서,18943,19363,38306
202209,3호선,신사,30144,31580,61724
202209,3호선,안국,26004,26575,52579
202209,3호선,압구정,34533,37078,71611
202209,3호선,약수,14385,14021,28406
202209,3호선,양재,42066,45922,87988
202209,3호선,연신내,39184,37018,76202
202209,3호선,오금,7065,6291,13356
202209,3호선,옥수,10055,10206,20261
202209,3호선,을지로3가,12082,12014,24096
202209,3호선,일원,11932,11359,23291
202209,3호선,잠원,5689,5405,11094
202209,3호선,종로3가,10875,12627,23502
202209,3호선,지축,6156,5969,12125
202209,3호선,충무로,1,0,1
202209,3호선,학여울,2064,2045,4109
202209,3호선,홍제,19771,18879,38650
202209,3호선,가락시장,9898,9794,19692
202209,3호선,경복궁,27224,28171,55395
202209,3호선,경찰병원,8093,8121,16214
202209,3호선,고속터미널,44780,41819,86599
202209,3호선,교대,17015,11209,28224
202209,3호선,구파발,22989,22108,45097
202209,3호선,금호,8649,8000,16649
202209,3호선,남부터미널,31027,31340,62367
202209,3호선,녹번,17252,15604,32856
202209,3호선,대청,11534,10645,22179
202209,3호선,대치,12376,12312,24688
202209,3호선,도곡,5591,5941,11532
202209,3호선,독립문,7993,8398,16391
202209,3호선,동대입구,12218,13841,26059
202209,3호선,매봉,14064,13429,27493
202209,3호선,무악재,4429,4428,8857
202209,3호선,불광,17854,19133,36987
202209,3호선,수서,18947,18991,37938
202209,3호선,신사,30496,31946,62442
202209,3호선,안국,26050,27082,53132
202209,3호선,압구정,33937,36810,70747
202209,3호선,약수,14405,13897,28302
202209,3호선,양재,42184,45978,88162
202209,3호선,연신내,38910,36582,75492
202209,3호선,오금,7064,6372,13436
202209,3호선,옥수,9998,10259,20257
202209,3호선,을지로3가,11756,11945,23701
202209,3호선,일원,11969,11704,23673
202209,3호선,잠원,5632,5495,11127
202209,3호선,종로3가,10976,12631,23607
202209,3호선,지축,6021,5800,11821
202209,3호선,학여울,2101,2134,4235
202209,3호선,홍제,20050,18903,38953
202209,3호선,가락시장,10347,10422,20769
202209,3호선,경복궁,27937,29269,57206
202209,3호선,경찰병원,8179,8007,16186
202209,3호선,고속터미널,54310,53429,107739
202209,3호선,교대,17465,11447,28912
202209,3호선,구파발,23355,22321,45676
202209,3호선,금호,8906,8148,17054
202209,3호선,남부터미널,35218,34519,69737
202209,3호선,녹번,17745,15754,33499
202209,3호선,대청,11678,10840,22518
202209,3호선,대치,12795,13138,25933
202209,3호선,도곡,5675,5845,11520
202209,3호선,독립문,8924,8762,17686
202209,3호선,동대입구,10495,11527,22022
202209,3호선,매봉,13849,13190,27039
202209,3호선,무악재,4428,4373,8801
202209,3호선,불광,17923,19157,37080
202209,3호선,수서,21169,20908,42077
202209,3호선,신사,32792,35304,68096
202209,3호선,안국,27399,28418,55817
202209,3호선,압구정,37221,40850,78071
202209,3호선,약수,14709,14267,28976
202209,3호선,양재,44659,47279,91938
202209,3호선,연신내,40155,38247,78402
202209,3호선,오금,6983,6396,13379
202209,3호선,옥수,10391,10495,20886
202209,3호선,을지로3가,12499,12684,25183
202209,3호선,일원,12038,11246,23284
202209,3호선,잠원,5878,5620,11498
202209,3호선,종로3가,11146,13779,24925
202209,3호선,지축,6149,5817,11966
202209,3호선,충무로,1,0,1
202209,3호선,학여울,2179,2107,4286
202209,3호선,홍제,19932,18802,38734
202209,3호선,가락시장,9681,9549,19230
202209,3호선,경복궁,24673,25376,50049
202209,3호선,경찰병원,8133,8022,16155
202209,3호선,고속터미널,43058,41921,84979
202209,3호선,교대,16194,10899,27093
202209,3호선,구파발,22792,21920,44712
202209,3호선,금호,8604,7899,16503
202209,3호선,남부터미널,29859,31224,61083
202209,3호선,녹번,17127,15512,32639
202209,3호선,대청,11292,10497,21789
202209,3호선,대치,12311,12437,24748
202209,3호선,도곡,5629,5867,11496
202209,3호선,독립문,7550,7834,15384
202209,3호선,동대입구,11158,12498,23656
202209,3호선,매봉,13775,12991,26766
202209,3호선,무악재,4284,4258,8542
202209,3호선,불광,17534,18592,36126
202209,3호선,수서,18692,19444,38136
202209,3호선,신사,28688,30059,58747
202209,3호선,안국,24440,25006,49446
202209,3호선,압구정,33616,36730,70346
202209,3호선,약수,13749,13280,27029
202209,3호선,양재,40280,44199,84479
202209,3호선,연신내,38075,35874,73949
202209,3호선,오금,6939,6256,13195
202209,3호선,옥수,9816,9974,19790
202209,3호선,을지로3가,11579,11340,22919
202209,3호선,일원,12134,11699,23833
202209,3호선,잠원,5474,5268,10742
202209,3호선,종로3가,10379,12076,22455
202209,3호선,지축,5927,5772,11699
202209,3호선,충무로,1,0,1
202209,3호선,학여울,2077,2019,4096
202209,3호선,홍제,19390,18622,38012
202209,3호선,가락시장,9984,9823,19807
202209,3호선,경복궁,24405,24420,48825
202209,3호선,경찰병원,8061,8206,16267
202209,3호선,고속터미널,42725,40969,83694
202209,3호선,교대,16968,11200,28168
202209,3호선,구파발,23100,22161,45261
202209,3호선,금호,8792,8169,16961
202209,3호선,남부터미널,30845,31481,62326
202209,3호선,녹번,17499,15663,33162
202209,3호선,대청,11377,10682,22059
202209,3호선,대치,12291,12357,24648
202209,3호선,도곡,5641,5751,11392
202209,3호선,독립문,8073,8293,16366
202209,3호선,동대입구,11781,13327,25108
202209,3호선,매봉,13930,13339,27269
202209,3호선,무악재,4322,4386,8708
202209,3호선,불광,17854,19308,37162
202209,3호선,수서,19051,19331,38382
202209,3호선,신사,30427,31622,62049
202209,3호선,안국,25656,26953,52609
202209,3호선,압구정,35216,37836,73052
202209,3호선,약수,14100,13655,27755
202209,3호선,양재,41832,45677,87509
202209,3호선,연신내,38830,36342,75172
202209,3호선,오금,7061,6409,13470
202209,3호선,옥수,10139,10259,20398
202209,3호선,을지로3가,11718,11597,23315
202209,3호선,일원,12210,11778,23988
202209,3호선,잠원,5881,5525,11406
202209,3호선,종로3가,10585,12370,22955
202209,3호선,지축,6040,5900,11940
202209,3호선,충무로,7,0,7
202209,3호선,학여울,2095,2082,4177
202209,3호선,홍제,19964,18901,38865
202209,3호선,가락시장,10000,9793,19793
202209,3호선,경복궁,27908,29403,57311
202209,3호선,경찰병원,8362,8238,16600
202209,3호선,고속터미널,42617,40586,83203
202209,3호선,교대,16820,11109,27929
202209,3호선,구파발,23430,22619,46049
202209,3호선,금호,8772,8058,16830
202209,3호선,남부터미널,30306,30967,61273
202209,3호선,녹번,17615,15818,33433
202209,3호선,대청,11731,10810,22541
202209,3호선,대치,12215,12588,24803
202209,3호선,도곡,5681,6010,11691
202209,3호선,독립문,8198,8448,16646
202209,3호선,동대입구,11215,13424,24639
202209,3호선,매봉,13912,13260,27172
202209,3호선,무악재,4271,4378,8649
202209,3호선,불광,17846,19307,37153
202209,3호선,수서,19097,19451,38548
202209,3호선,신사,29732,31213,60945
202209,3호선,안국,26951,27793,54744
202209,3호선,압구정,34348,37059,71407
202209,3호선,약수,14425,13879,28304
202209,3호선,양재,41667,45672,87339
202209,3호선,연신내,39279,37277,76556
202209,3호선,오금,7198,6399,13597
202209,3호선,옥수,10016,10318,20334
202209,3호선,을지로3가,11992,11990,23982
202209,3호선,일원,12378,11808,24186
202209,3호선,잠원,5572,5215,10787
202209,3호선,종로3가,10951,12560,23511
202209,3호선,지축,6071,5901,11972
202209,3호선,충무로,2,0,2
202209,3호선,학여울,2242,2222,4464
202209,3호선,홍제,19834,18958,38792
202209,3호선,가락시장,9980,9855,19835
202209,3호선,경복궁,26551,27554,54105
202209,3호선,경찰병원,8212,8312,16524
202209,3호선,고속터미널,44862,42444,87306
202209,3호선,교대,16827,11194,28021
202209,3호선,구파발,23788,22885,46673
202209,3호선,금호,8892,8150,17042
202209,3호선,남부터미널,31492,31854,63346
202209,3호선,녹번,17602,15885,33487
202209,3호선,대청,11494,10558,22052
202209,3호선,대치,12573,12558,25131
202209,3호선,도곡,5557,5783,11340
202209,3호선,독립문,8114,8310,16424
202209,3호선,동대입구,13883,16521,30404
202209,3호선,매봉,13915,13312,27227
202209,3호선,무악재,4348,4384,8732
202209,3호선,불광,17925,19030,36955
202209,3호선,수서,19171,19541,38712
202209,3호선,신사,29760,31336,61096
202209,3호선,안국,26397,27389,53786
202209,3호선,압구정,34454,37246,71700
202209,3호선,약수,14396,13842,28238
202209,3호선,양재,41790,45848,87638
202209,3호선,연신내,39212,36960,76172
202209,3호선,오금,7043,6197,13240
202209,3호선,옥수,9902,10172,20074
202209,3호선,을지로3가,11740,11846,23586
202209,3호선,일원,12008,11520,23528
202209,3호선,잠원,5511,5255,10766
202209,3호선,종로3가,10722,12726,23448
202209,3호선,지축,6272,5939,12211
202209,3호선,충무로,2,0,2
202209,3호선,학여울,3687,3842,7529
202209,3호선,홍제,19873,18856,38729
202209,3호선,가락시장,10421,10286,20707
202209,3호선,경복궁,28188,28967,57155
202209,3호선,경찰병원,8407,8167,16574
202209,3호선,고속터미널,55197,57805,113002
202209,3호선,교대,17555,11324,28879
202209,3호선,구파발,24674,23554,48228
202209,3호선,금호,9124,8270,17394
202209,3호선,남부터미널,35614,36225,71839
202209,3호선,녹번,17683,15606,33289
202209,3호선,대청,11780,10771,22551
202209,3호선,대치,12827,13013,25840
202209,3호선,도곡,5771,5940,11711
202209,3호선,독립문,8409,8501,16910
202209,3호선,동대입구,14201,16703,30904
202209,3호선,매봉,14523,13981,28504
202209,3호선,무악재,4352,4335,8687
202209,3호선,불광,18221,19372,37593
202209,3호선,수서,21180,20841,42021
202209,3호선,신사,32330,35345,67675
202209,3호선,안국,28014,29611,57625
202209,3호선,압구정,36878,40232,77110
202209,3호선,약수,14935,14222,29157
202209,3호선,양재,43871,46871,90742
202209,3호선,연신내,40513,38308,78821
202209,3호선,오금,7101,6221,13322
202209,3호선,옥수,10608,10687,21295
202209,3호선,을지로3가,12540,12797,25337
202209,3호선,일원,12206,11372,23578
202209,3호선,잠원,6576,5952,12528
202209,3호선,종로3가,11271,13765,25036
202209,3호선,지축,6398,5990,12388
202209,3호선,충무로,1,0,1
202209,3호선,학여울,3701,3806,7507
202209,3호선,홍제,20338,19027,39365
202210,3호선,가락시장,4377,4369,8746
202210,3호선,경복궁,15473,16178,31651
202210,3호선,경찰병원,2776,2844,5620
202210,3호선,고속터미널,50133,43738,93871
202210,3호선,교대,4543,3087,7630
202210,3호선,구파발,10011,10535,20546
202210,3호선,금호,3953,3886,7839
202210,3호선,남부터미널,15736,15937,31673
202210,3호선,녹번,6906,6347,13253
202210,3호선,대청,4154,4118,8272
202210,3호선,대치,6258,5764,12022
202210,3호선,도곡,1885,1750,3635
202210,3호선,독립문,3892,3869,7761
202210,3호선,동대입구,5801,6228,12029
202210,3호선,매봉,3978,4015,7993
202210,3호선,무악재,1838,1938,3776
202210,3호선,불광,8306,9352,17658
202210,3호선,수서,10057,10207,20264
202210,3호선,신사,12255,12386,24641
202210,3호선,안국,13058,13092,26150
202210,3호선,압구정,13910,14586,28496
202210,3호선,약수,6193,6113,12306
202210,3호선,양재,12353,14630,26983
202210,3호선,연신내,18590,18057,36647
202210,3호선,오금,2459,2409,4868
202210,3호선,옥수,4416,4668,9084
202210,3호선,을지로3가,3743,3461,7204
202210,3호선,일원,3465,3628,7093
202210,3호선,잠원,2141,2118,4259
202210,3호선,종로3가,4474,5619,10093
202210,3호선,지축,2578,2488,5066
202210,3호선,충무로,3,0,3
202210,3호선,학여울,768,770,1538
202210,3호선,홍제,8873,8754,17627
202210,3호선,가락시장,9669,9465,19134
202210,3호선,경복궁,23479,23805,47284
202210,3호선,경찰병원,8178,8214,16392
202210,3호선,고속터미널,41604,39166,80770
202210,3호선,교대,16137,10828,26965
202210,3호선,구파발,22795,21614,44409
202210,3호선,금호,8659,8189,16848
202210,3호선,남부터미널,30778,31422,62200
202210,3호선,녹번,17227,15549,32776
202210,3호선,대청,11978,11100,23078
202210,3호선,대치,12199,12536,24735
202210,3호선,도곡,5386,5136,10522
202210,3호선,독립문,7699,7972,15671
202210,3호선,동대입구,11112,12519,23631
202210,3호선,매봉,13772,13177,26949
202210,3호선,무악재,4379,4466,8845
202210,3호선,불광,17670,18778,36448
202210,3호선,수서,18471,19094,37565
202210,3호선,신사,29894,31487,61381
202210,3호선,안국,25068,26011,51079
202210,3호선,압구정,34335,36865,71200
202210,3호선,약수,14039,13518,27557
202210,3호선,양재,40467,44380,84847
202210,3호선,연신내,38207,36185,74392
202210,3호선,오금,7074,6333,13407
202210,3호선,옥수,9723,9961,19684
202210,3호선,을지로3가,11525,11549,23074
202210,3호선,일원,11982,11528,23510
202210,3호선,잠원,5361,5133,10494
202210,3호선,종로3가,10633,12002,22635
202210,3호선,지축,6038,5906,11944
202210,3호선,충무로,1,0,1
202210,3호선,학여울,2002,2026,4028
202210,3호선,홍제,19689,18811,38500
202210,3호선,가락시장,9901,9674,19575
202210,3호선,경복궁,28209,28486,56695
202210,3호선,경찰병원,8343,8239,16582
202210,3호선,고속터미널,41822,39959,81781
202210,3호선,교대,16714,11173,27887
202210,3호선,구파발,23266,22182,45448
202210,3호선,금호,9401,8511,17912
202210,3호선,남부터미널,31134,31737,62871
202210,3호선,녹번,17745,16111,33856
202210,3호선,대청,12206,11285,23491
202210,3호선,대치,12126,12356,24482
202210,3호선,도곡,5488,5245,10733
202210,3호선,독립문,8081,8247,16328
202210,3호선,동대입구,11461,13019,24480
202210,3호선,매봉,13986,13469,27455
202210,3호선,무악재,4527,4497,9024
202210,3호선,불광,17961,19077,37038
202210,3호선,수서,18864,19326,38190
202210,3호선,신사,30271,31888,62159
202210,3호선,안국,28916,29605,58521
202210,3호선,압구정,34951,38292,73243
202210,3호선,약수,14794,13918,28712
202210,3호선,양재,41928,46064,87992
202210,3호선,연신내,38865,36897,75762
202210,3호선,오금,7006,6389,13395
202210,3호선,옥수,10165,10170,20335
202210,3호선,을지로3가,12153,11946,24099
202210,3호선,일원,12387,11756,24143
202210,3호선,잠원,5625,5420,11045
202210,3호선,종로3가,10781,12597,23378
202210,3호선,지축,6267,6034,12301
202210,3호선,충무로,3,0,3
202210,3호선,학여울,2177,2170,4347
202210,3호선,홍제,20222,19369,39591
202210,3호선,가락시장,10122,9929,20051
202210,3호선,경복궁,27306,28339,55645
202210,3호선,경찰병원,8094,8087,16181
202210,3호선,고속터미널,44224,42404,86628
202210,3호선,교대,16826,11276,28102
202210,3호선,구파발,22817,21930,44747
202210,3호선,금호,9323,8599,17922
202210,3호선,남부터미널,31304,32026,63330
202210,3호선,녹번,17795,16070,33865
202210,3호선,대청,12005,11173,23178
202210,3호선,대치,12372,12600,24972
202210,3호선,도곡,5712,5305,11017
202210,3호선,독립문,8070,8464,16534
202210,3호선,동대입구,11503,12972,24475
202210,3호선,매봉,14246,13680,27926
202210,3호선,무악재,4410,4509,8919
202210,3호선,불광,17936,19085,37021
202210,3호선,수서,19107,19683,38790
202210,3호선,신사,31100,32249,63349
202210,3호선,안국,27396,28147,55543
202210,3호선,압구정,35706,38984,74690
202210,3호선,약수,14671,13699,28370
202210,3호선,양재,41973,45756,87729
202210,3호선,연신내,38937,36989,75926
202210,3호선,오금,7103,6366,13469
202210,3호선,옥수,10195,10237,20432
202210,3호선,을지로3가,12007,12010,24017
202210,3호선,일원,12146,11553,23699
202210,3호선,잠원,5581,5522,11103
202210,3호선,종로3가,10936,12217,23153
202210,3호선,지축,6199,6066,12265
202210,3호선,충무로,2,0,2
202210,3호선,학여울,3580,3712,7292
202210,3호선,홍제,20109,19260,39369
202210,3호선,가락시장,10599,10447,21046
202210,3호선,경복궁,29868,31015,60883
202210,3호선,경찰병원,8244,8274,16518
202210,3호선,고속터미널,56017,58994,115011
202210,3호선,교대,17438,11427,28865
202210,3호선,구파발,24129,22858,46987
202210,3호선,금호,9801,8642,18443
202210,3호선,남부터미널,35380,35852,71232
202210,3호선,녹번,17845,15773,33618
202210,3호선,대청,12676,11977,24653
202210,3호선,대치,12688,12787,25475
202210,3호선,도곡,5782,5521,11303
202210,3호선,독립문,8311,8455,16766
202210,3호선,동대입구,11571,13076,24647
202210,3호선,매봉,14185,13591,27776
202210,3호선,무악재,4435,4365,8800
202210,3호선,불광,18204,19364,37568
202210,3호선,수서,20512,20788,41300
202210,3호선,신사,34281,36759,71040
202210,3호선,안국,29505,30644,60149
202210,3호선,압구정,37352,41427,78779
202210,3호선,약수,15375,14622,29997
202210,3호선,양재,43361,46217,89578
202210,3호선,연신내,40565,38457,79022
202210,3호선,오금,7204,6593,13797
202210,3호선,옥수,10674,10736,21410
202210,3호선,을지로3가,12697,12928,25625
202210,3호선,일원,12391,11465,23856
202210,3호선,잠원,5697,5454,11151
202210,3호선,종로3가,11451,13947,25398
202210,3호선,지축,6278,5977,12255
202210,3호선,충무로,2,0,2
202210,3호선,학여울,3706,3855,7561
202210,3호선,홍제,20636,19290,39926
202210,3호선,가락시장,5061,5071,10132
202210,3호선,경복궁,17738,19416,37154
202210,3호선,경찰병원,3005,3131,6136
202210,3호선,고속터미널,54671,48454,103125
202210,3호선,교대,5105,3289,8394
202210,3호선,구파발,11816,12351,24167
202210,3호선,금호,4813,4803,9616
202210,3호선,남부터미널,16620,17063,33683
202210,3호선,녹번,8273,7655,15928
202210,3호선,대청,4669,4640,9309
202210,3호선,대치,6678,6250,12928
202210,3호선,도곡,2118,2152,4270
202210,3호선,독립문,4451,4830,9281
202210,3호선,동대입구,5619,6488,12107
202210,3호선,매봉,4669,4681,9350
202210,3호선,무악재,2204,2324,4528
202210,3호선,불광,10196,11513,21709
202210,3호선,수서,11601,11341,22942
202210,3호선,신사,15813,15874,31687
202210,3호선,안국,18317,17456,35773
202210,3호선,압구정,16450,17673,34123
202210,3호선,약수,7432,7172,14604
202210,3호선,양재,13390,15802,29192
202210,3호선,연신내,23034,21929,44963
202210,3호선,오금,2735,2773,5508
202210,3호선,옥수,5597,5712,11309
202210,3호선,을지로3가,4303,3851,8154
202210,3호선,일원,3924,4064,7988
202210,3호선,잠원,2362,2398,4760
202210,3호선,종로3가,5247,6421,11668
202210,3호선,지축,3201,3056,6257
202210,3호선,학여울,890,875,1765
202210,3호선,홍제,10819,10535,21354
202210,3호선,가락시장,9777,9696,19473
202210,3호선,경복궁,23640,23741,47381
202210,3호선,경찰병원,8317,8413,16730
202210,3호선,고속터미널,44584,41952,86536
202210,3호선,교대,16575,11101,27676
202210,3호선,구파발,23097,21942,45039
202210,3호선,금호,8925,8458,17383
202210,3호선,남부터미널,31231,31620,62851
202210,3호선,녹번,17488,15885,33373
202210,3호선,대청,11478,10753,22231
202210,3호선,대치,12224,12321,24545
202210,3호선,도곡,5578,5360,10938
202210,3호선,독립문,7767,8037,15804
202210,3호선,동대입구,11426,12803,24229
202210,3호선,매봉,13938,13216,27154
202210,3호선,무악재,4252,4312,8564
202210,3호선,불광,17899,18945,36844
202210,3호선,수서,18897,19456,38353
202210,3호선,신사,30415,31999,62414
202210,3호선,안국,25616,26720,52336
202210,3호선,압구정,34702,37913,72615
202210,3호선,약수,14238,13635,27873
202210,3호선,양재,41146,45172,86318
202210,3호선,연신내,39006,36754,75760
202210,3호선,오금,6965,6285,13250
202210,3호선,옥수,9682,9975,19657
202210,3호선,을지로3가,11768,11680,23448
202210,3호선,일원,12130,11709,23839
202210,3호선,잠원,5532,5336,10868
202210,3호선,종로3가,10652,12264,22916
202210,3호선,지축,6218,6078,12296
202210,3호선,학여울,1999,2070,4069
202210,3호선,홍제,19856,18953,38809
202210,3호선,가락시장,10104,10053,20157
202210,3호선,경복궁,29518,30699,60217
202210,3호선,경찰병원,8382,8408,16790
202210,3호선,고속터미널,42921,40773,83694
202210,3호선,교대,17136,11121,28257
202210,3호선,구파발,23535,22360,45895
202210,3호선,금호,9428,8583,18011
202210,3호선,남부터미널,32037,32842,64879
202210,3호선,녹번,17578,15935,33513
202210,3호선,대청,11764,10856,22620
202210,3호선,대치,11920,12392,24312
202210,3호선,도곡,5534,5725,11259
202210,3호선,독립문,8214,8497,16711
202210,3호선,동대입구,11502,13152,24654
202210,3호선,매봉,13988,13578,27566
202210,3호선,무악재,4432,4459,8891
202210,3호선,불광,18011,19409,37420
202210,3호선,수서,18925,19376,38301
202210,3호선,신사,30837,32610,63447
202210,3호선,안국,28708,29846,58554
202210,3호선,압구정,34814,38513,73327
202210,3호선,약수,14606,13920,28526
202210,3호선,양재,41912,45821,87733
202210,3호선,연신내,39079,36782,75861
202210,3호선,오금,7042,6442,13484
202210,3호선,옥수,10198,10287,20485
202210,3호선,을지로3가,12494,12265,24759
202210,3호선,일원,12570,12070,24640
202210,3호선,잠원,5645,5462,11107
202210,3호선,종로3가,11094,12655,23749
202210,3호선,지축,6433,6251,12684
202210,3호선,학여울,2213,2218,4431
202210,3호선,홍제,20106,19127,39233
202210,3호선,가락시장,10086,10145,20231
202210,3호선,경복궁,28622,29868,58490
202210,3호선,경찰병원,8185,8236,16421
202210,3호선,고속터미널,44510,41921,86431
202210,3호선,교대,17278,11164,28442
202210,3호선,구파발,23387,22228,45615
202210,3호선,금호,9528,8737,18265
202210,3호선,남부터미널,31833,32246,64079
202210,3호선,녹번,17777,15991,33768
202210,3호선,대청,11503,10636,22139
202210,3호선,대치,12465,12552,25017
202210,3호선,도곡,5591,5744,11335
202210,3호선,독립문,8396,8422,16818
202210,3호선,동대입구,11755,13460,25215
202210,3호선,매봉,14051,13613,27664
202210,3호선,무악재,4411,4537,8948
202210,3호선,불광,18050,19153,37203
202210,3호선,수서,19219,19744,38963
202210,3호선,신사,31158,33048,64206
202210,3호선,안국,28303,29757,58060
202210,3호선,압구정,35541,39375,74916
202210,3호선,약수,14893,13991,28884
202210,3호선,양재,42250,46561,88811
202210,3호선,연신내,39559,37424,76983
202210,3호선,오금,7167,6424,13591
202210,3호선,옥수,10285,10367,20652
202210,3호선,을지로3가,12315,12096,24411
202210,3호선,일원,12588,11984,24572
202210,3호선,잠원,5709,5436,11145
202210,3호선,종로3가,10885,12702,23587
202210,3호선,지축,6272,6096,12368
202210,3호선,충무로,1,0,1
202210,3호선,학여울,2709,2814,5523
202210,3호선,홍제,20229,19177,39406
202210,3호선,가락시장,10296,10206,20502
202210,3호선,경복궁,29582,30315,59897
202210,3호선,경찰병원,8470,8387,16857
202210,3호선,고속터미널,52072,52406,104478
202210,3호선,교대,17300,11172,28472
202210,3호선,구파발,23870,22542,46412
202210,3호선,금호,9740,8793,18533
202210,3호선,남부터미널,34804,35259,70063
202210,3호선,녹번,17880,15884,33764
202210,3호선,대청,11869,10995,22864
202210,3호선,대치,12710,12816,25526
202210,3호선,도곡,5707,5805,11512
202210,3호선,독립문,8700,8924,17624
202210,3호선,동대입구,10663,12097,22760
202210,3호선,매봉,13943,13518,27461
202210,3호선,무악재,4538,4529,9067
202210,3호선,불광,18182,19539,37721
202210,3호선,수서,21346,20821,42167
202210,3호선,신사,33566,36283,69849
202210,3호선,안국,30089,31162,61251
202210,3호선,압구정,37883,42399,80282
202210,3호선,약수,15254,14475,29729
202210,3호선,양재,43335,46742,90077
202210,3호선,연신내,40255,38257,78512
202210,3호선,오금,7209,6475,13684
202210,3호선,옥수,10733,10784,21517
202210,3호선,을지로3가,12993,13010,26003
202210,3호선,일원,12344,11596,23940
202210,3호선,잠원,5866,5622,11488
202210,3호선,종로3가,11304,13851,25155
202210,3호선,지축,6542,6247,12789
202210,3호선,충무로,7,0,7
202210,3호선,학여울,2417,2552,4969
202210,3호선,홍제,20435,19085,39520
202210,3호선,가락시장,9523,9397,18920
202210,3호선,경복궁,25895,27962,53857
202210,3호선,경찰병원,8225,8101,16326
202210,3호선,고속터미널,38338,36663,75001
202210,3호선,교대,16324,10882,27206
202210,3호선,구파발,22901,21988,44889
202210,3호선,금호,8824,8295,17119
202210,3호선,남부터미널,30786,31510,62296
202210,3호선,녹번,17029,15477,32506
202210,3호선,대청,11180,10480,21660
202210,3호선,대치,11819,11968,23787
202210,3호선,도곡,5501,5479,10980
202210,3호선,독립문,7497,7902,15399
202210,3호선,동대입구,11077,12466,23543
202210,3호선,매봉,13292,12678,25970
202210,3호선,무악재,4355,4464,8819
202210,3호선,불광,17443,18322,35765
202210,3호선,수서,18770,19211,37981
202210,3호선,신사,30349,31279,61628
202210,3호선,안국,26463,26706,53169
202210,3호선,압구정,34187,37312,71499
202210,3호선,약수,14298,13857,28155
202210,3호선,양재,40008,44016,84024
202210,3호선,연신내,38447,36404,74851
202210,3호선,오금,7766,6263,14029
202210,3호선,옥수,9708,9865,19573
202210,3호선,을지로3가,12121,11905,24026
202210,3호선,일원,12289,11882,24171
202210,3호선,잠원,5437,5336,10773
202210,3호선,종로3가,10552,12059,22611
202210,3호선,지축,6251,6010,12261
202210,3호선,충무로,2,0,2
202210,3호선,학여울,1985,1908,3893
202210,3호선,홍제,19341,18447,37788
202210,3호선,가락시장,9812,9751,19563
202210,3호선,경복궁,24538,24693,49231
202210,3호선,경찰병원,8049,8176,16225
202210,3호선,고속터미널,42966,41064,84030
202210,3호선,교대,16978,11146,28124
202210,3호선,구파발,23355,22290,45645
202210,3호선,금호,9048,8391,17439
202210,3호선,남부터미널,30905,31450,62355
202210,3호선,녹번,17453,15930,33383
202210,3호선,대청,11443,10672,22115
202210,3호선,대치,12178,12411,24589
202210,3호선,도곡,5463,5554,11017
202210,3호선,독립문,7962,8272,16234
202210,3호선,동대입구,11318,12873,24191
202210,3호선,매봉,13842,13261,27103
202210,3호선,무악재,4330,4404,8734
202210,3호선,불광,17721,18938,36659
202210,3호선,수서,18900,19135,38035
202210,3호선,신사,31077,32451,63528
202210,3호선,안국,27640,28634,56274
202210,3호선,압구정,35793,38813,74606
202210,3호선,약수,14287,13750,28037
202210,3호선,양재,41936,45678,87614
202210,3호선,연신내,38899,36604,75503
202210,3호선,오금,7065,6319,13384
202210,3호선,옥수,9811,10134,19945
202210,3호선,을지로3가,11946,11893,23839
202210,3호선,일원,12426,11956,24382
202210,3호선,잠원,5634,5399,11033
202210,3호선,종로3가,10844,12326,23170
202210,3호선,지축,6358,6214,12572
202210,3호선,충무로,1,0,1
202210,3호선,학여울,2018,2099,4117
202210,3호선,홍제,19890,18849,38739
202210,3호선,가락시장,9820,9876,19696
202210,3호선,경복궁,28877,29738,58615
202210,3호선,경찰병원,8197,8153,16350
202210,3호선,고속터미널,43541,41007,84548
202210,3호선,교대,17120,11334,28454
202210,3호선,구파발,23493,22482,45975
202210,3호선,금호,9102,8492,17594
202210,3호선,남부터미널,31108,31782,62890
202210,3호선,녹번,17423,15803,33226
202210,3호선,대청,11381,10570,21951
202210,3호선,대치,12122,12171,24293
202210,3호선,도곡,5641,5671,11312
202210,3호선,독립문,8259,8442,16701
202210,3호선,동대입구,11204,12867,24071
202210,3호선,매봉,13890,13235,27125
202210,3호선,무악재,4368,4441,8809
202210,3호선,불광,18090,19201,37291
202210,3호선,수서,18893,19418,38311
202210,3호선,신사,30349,31454,61803
202210,3호선,안국,29008,29581,58589
202210,3호선,압구정,34947,38144,73091
202210,3호선,약수,14686,14119,28805
202210,3호선,양재,42265,45803,88068
202210,3호선,연신내,39455,37236,76691
202210,3호선,오금,7161,6349,13510
202210,3호선,옥수,9810,10213,20023
202210,3호선,을지로3가,12301,12608,24909
202210,3호선,일원,12339,11732,24071
202210,3호선,잠원,5544,5420,10964
202210,3호선,종로3가,10764,12562,23326
202210,3호선,지축,6490,6257,12747
202210,3호선,충무로,3,0,3
202210,3호선,학여울,2213,2197,4410
202210,3호선,홍제,20032,19067,39099
202210,3호선,가락시장,10012,9826,19838
202210,3호선,경복궁,28204,29567,57771
202210,3호선,경찰병원,8212,8166,16378
202210,3호선,고속터미널,44256,41924,86180
202210,3호선,교대,17105,11062,28167
202210,3호선,구파발,23373,22507,45880
202210,3호선,금호,9104,8455,17559
202210,3호선,남부터미널,31417,31845,63262
202210,3호선,녹번,17652,15868,33520
202210,3호선,대청,10925,10229,21154
202210,3호선,대치,12012,12062,24074
202210,3호선,도곡,5585,5709,11294
202210,3호선,독립문,8096,8281,16377
202210,3호선,동대입구,11293,12700,23993
202210,3호선,매봉,13854,13376,27230
202210,3호선,무악재,4361,4455,8816
202210,3호선,불광,18035,19302,37337
202210,3호선,수서,19290,19434,38724
202210,3호선,신사,30482,32082,62564
202210,3호선,안국,28915,30093,59008
202210,3호선,압구정,35494,38672,74166
202210,3호선,약수,14531,13736,28267
202210,3호선,양재,41971,46057,88028
202210,3호선,연신내,39633,37376,77009
202210,3호선,오금,7158,6355,13513
202210,3호선,옥수,10080,10372,20452
202210,3호선,을지로3가,12247,12185,24432
202210,3호선,일원,12305,11787,24092
202210,3호선,잠원,5622,5392,11014
202210,3호선,종로3가,11145,12984,24129
202210,3호선,지축,6418,6222,12640
202210,3호선,충무로,2,0,2
202210,3호선,학여울,2303,2297,4600
202210,3호선,홍제,19940,19183,39123
202210,3호선,가락시장,10251,10093,20344
202210,3호선,경복궁,31590,34107,65697
202210,3호선,경찰병원,8285,8288,16573
202210,3호선,고속터미널,53025,54225,107250
202210,3호선,교대,17296,11123,28419
202210,3호선,구파발,23976,23016,46992
202210,3호선,금호,9242,8524,17766
202210,3호선,남부터미널,34240,34580,68820
202210,3호선,녹번,17819,15734,33553
202210,3호선,대청,11262,10553,21815
202210,3호선,대치,12576,12782,25358
202210,3호선,도곡,5660,5758,11418
202210,3호선,독립문,8413,8560,16973
202210,3호선,동대입구,10529,11674,22203
202210,3호선,매봉,13663,13151,26814
202210,3호선,무악재,4451,4394,8845
202210,3호선,불광,18093,19231,37324
202210,3호선,수서,21201,20848,42049
202210,3호선,신사,33529,36014,69543
202210,3호선,안국,32256,33800,66056
202210,3호선,압구정,37692,41784,79476
202210,3호선,약수,14932,14284,29216
202210,3호선,양재,42836,45925,88761
202210,3호선,연신내,40640,38297,78937
202210,3호선,오금,7114,6392,13506
202210,3호선,옥수,10253,10277,20530
202210,3호선,을지로3가,12657,12855,25512
202210,3호선,일원,11864,11148,23012
202210,3호선,잠원,5732,5489,11221
202210,3호선,종로3가,11523,13925,25448
202210,3호선,지축,6695,6353,13048
202210,3호선,학여울,3821,4066,7887
202210,3호선,홍제,20384,18967,39351
202210,3호선,가락시장,9819,9428,19247
202210,3호선,경복궁,25729,26887,52616
202210,3호선,경찰병원,8205,8160,16365
202210,3호선,고속터미널,42758,41500,84258
202210,3호선,교대,16191,10957,27148
202210,3호선,구파발,22916,22010,44926
202210,3호선,금호,8724,8179,16903
202210,3호선,남부터미널,30145,31345,61490
202210,3호선,녹번,17253,15519,32772
202210,3호선,대청,11191,10431,21622
202210,3호선,대치,11820,11993,23813
202210,3호선,도곡,5608,5653,11261
202210,3호선,독립문,7620,7757,15377
202210,3호선,동대입구,10708,11941,22649
202210,3호선,매봉,13548,12951,26499
202210,3호선,무악재,4258,4290,8548
202210,3호선,불광,17197,18487,35684
202210,3호선,수서,18214,19036,37250
202210,3호선,신사,29682,30824,60506
202210,3호선,안국,26208,26548,52756
202210,3호선,압구정,31667,34505,66172
202210,3호선,약수,14064,13454,27518
202210,3호선,양재,39946,43631,83577
202210,3호선,연신내,38037,35888,73925
202210,3호선,오금,6976,6166,13142
202210,3호선,옥수,9665,9832,19497
202210,3호선,을지로3가,11732,11581,23313
202210,3호선,일원,12047,11575,23622
202210,3호선,잠원,5474,5226,10700
202210,3호선,종로3가,10436,11888,22324
202210,3호선,지축,6316,6198,12514
202210,3호선,학여울,1893,1956,3849
202210,3호선,홍제,19195,18601,37796
202210,3호선,가락시장,9965,9851,19816
202210,3호선,경복궁,24269,24330,48599
202210,3호선,경찰병원,8263,8255,16518
202210,3호선,고속터미널,42925,40375,83300
202210,3호선,교대,16787,11267,28054
202210,3호선,구파발,23636,22558,46194
202210,3호선,금호,9069,8333,17402
202210,3호선,남부터미널,30877,31490,62367
202210,3호선,녹번,17454,15795,33249
202210,3호선,대청,11398,10667,22065
202210,3호선,대치,12238,12292,24530
202210,3호선,도곡,5606,5547,11153
202210,3호선,독립문,8326,8694,17020
202210,3호선,동대입구,11171,12587,23758
202210,3호선,매봉,14165,13513,27678
202210,3호선,무악재,4441,4517,8958
202210,3호선,불광,17827,19106,36933
202210,3호선,수서,19076,19421,38497
202210,3호선,신사,30856,31918,62774
202210,3호선,안국,28428,30080,58508
202210,3호선,압구정,34983,37984,72967
202210,3호선,약수,14462,13713,28175
202210,3호선,양재,42006,45632,87638
202210,3호선,연신내,39058,36827,75885
202210,3호선,오금,7146,6358,13504
202210,3호선,옥수,10076,10242,20318
202210,3호선,을지로3가,11924,12083,24007
202210,3호선,일원,12382,11914,24296
202210,3호선,잠원,5463,5333,10796
202210,3호선,종로3가,10827,12310,23137
202210,3호선,지축,6509,6316,12825
202210,3호선,충무로,1,0,1
202210,3호선,학여울,2172,2193,4365
202210,3호선,홍제,19937,18991,38928
202210,3호선,가락시장,9977,9975,19952
202210,3호선,경복궁,30128,31377,61505
202210,3호선,경찰병원,8383,8369,16752
202210,3호선,고속터미널,43541,40750,84291
202210,3호선,교대,16982,11173,28155
202210,3호선,구파발,23624,22736,46360
202210,3호선,금호,9186,8552,17738
202210,3호선,남부터미널,30961,31370,62331
202210,3호선,녹번,17617,16011,33628
202210,3호선,대청,11694,10815,22509
202210,3호선,대치,12308,12422,24730
202210,3호선,도곡,5568,5685,11253
202210,3호선,독립문,8314,8601,16915
202210,3호선,동대입구,11779,13504,25283
202210,3호선,매봉,14087,13552,27639
202210,3호선,무악재,4480,4523,9003
202210,3호선,불광,17952,19513,37465
202210,3호선,수서,19029,19477,38506
202210,3호선,신사,30332,31836,62168
202210,3호선,안국,31225,31868,63093
202210,3호선,압구정,34742,37546,72288
202210,3호선,약수,14630,14102,28732
202210,3호선,양재,41800,45932,87732
202210,3호선,연신내,39479,37509,76988
202210,3호선,오금,7201,6536,13737
202210,3호선,옥수,10077,10265,20342
202210,3호선,을지로3가,12497,12400,24897
202210,3호선,일원,12231,11842,24073
202210,3호선,잠원,5521,5372,10893
202210,3호선,종로3가,11072,12778,23850
202210,3호선,지축,6618,6432,13050
202210,3호선,충무로,3,0,3
202210,3호선,학여울,2228,2247,4475
202210,3호선,홍제,20423,19484,39907
202210,3호선,가락시장,10183,10037,20220
202210,3호선,경복궁,29513,30885,60398
202210,3호선,경찰병원,8163,8219,16382
202210,3호선,고속터미널,45106,42348,87454
202210,3호선,교대,17343,11253,28596
202210,3호선,구파발,23558,22733,46291
202210,3호선,금호,9102,8642,17744
202210,3호선,남부터미널,31816,31887,63703
202210,3호선,녹번,17838,15914,33752
202210,3호선,대청,11649,10836,22485
202210,3호선,대치,12324,12423,24747
202210,3호선,도곡,5633,5668,11301
202210,3호선,독립문,8325,8542,16867
202210,3호선,동대입구,11995,13714,25709
202210,3호선,매봉,13956,13526,27482
202210,3호선,무악재,4468,4546,9014
202210,3호선,불광,18019,19280,37299
202210,3호선,수서,19696,19987,39683
202210,3호선,신사,31320,32823,64143
202210,3호선,안국,30159,31541,61700
202210,3호선,압구정,35232,38380,73612
202210,3호선,약수,14778,14067,28845
202210,3호선,양재,41996,46331,88327
202210,3호선,연신내,39471,37282,76753
202210,3호선,오금,7207,6542,13749
202210,3호선,옥수,10166,10241,20407
202210,3호선,을지로3가,12586,12481,25067
202210,3호선,일원,12002,11674,23676
202210,3호선,잠원,5628,5371,10999
202210,3호선,종로3가,10912,12919,23831
202210,3호선,지축,6527,6282,12809
202210,3호선,충무로,3,0,3
202210,3호선,학여울,3909,3967,7876
202210,3호선,홍제,20545,19524,40069
202210,3호선,가락시장,10516,10232,20748
202210,3호선,경복궁,31710,33256,64966
202210,3호선,경찰병원,8341,8220,16561
202210,3호선,고속터미널,54990,54840,109830
202210,3호선,교대,17380,11194,28574
202210,3호선,구파발,23897,23102,46999
202210,3호선,금호,9586,8809,18395
202210,3호선,남부터미널,35249,35690,70939
202210,3호선,녹번,17685,15540,33225
202210,3호선,대청,11728,10864,22592
202210,3호선,대치,12874,12982,25856
202210,3호선,도곡,5706,5676,11382
202210,3호선,독립문,8606,8739,17345
202210,3호선,동대입구,11081,12711,23792
202210,3호선,매봉,13645,13246,26891
202210,3호선,무악재,4518,4440,8958
202210,3호선,불광,18569,19873,38442
202210,3호선,수서,21388,21144,42532
202210,3호선,신사,33702,36340,70042
202210,3호선,안국,31713,33122,64835
202210,3호선,압구정,38016,41364,79380
202210,3호선,약수,15021,14494,29515
202210,3호선,양재,43510,46487,89997
202210,3호선,연신내,40807,38740,79547
202210,3호선,오금,7325,6696,14021
202210,3호선,옥수,10592,10700,21292
202210,3호선,을지로3가,12874,13350,26224
202210,3호선,일원,11778,11076,22854
202210,3호선,잠원,5748,5573,11321
202210,3호선,종로3가,11496,13995,25491
202210,3호선,지축,6867,6414,13281
202210,3호선,충무로,4,0,4
202210,3호선,학여울,3772,3936,7708
202210,3호선,홍제,20751,19501,40252
202210,3호선,가락시장,9450,9348,18798
202210,3호선,경복궁,26076,27185,53261
202210,3호선,경찰병원,7992,8157,16149
202210,3호선,고속터미널,42015,40727,82742
202210,3호선,교대,15339,10441,25780
202210,3호선,구파발,22727,22004,44731
202210,3호선,금호,8579,7921,16500
202210,3호선,남부터미널,29802,30985,60787
202210,3호선,녹번,17240,15481,32721
202210,3호선,대청,11373,10563,21936
202210,3호선,대치,11760,11989,23749
202210,3호선,도곡,5571,5524,11095
202210,3호선,독립문,7523,7729,15252
202210,3호선,동대입구,11237,12602,23839
202210,3호선,매봉,13265,12756,26021
202210,3호선,무악재,4266,4425,8691
202210,3호선,불광,17204,18330,35534
202210,3호선,수서,18428,18976,37404
202210,3호선,신사,29125,30441,59566
202210,3호선,안국,26223,26783,53006
202210,3호선,압구정,32627,35266,67893
202210,3호선,약수,13927,13363,27290
202210,3호선,양재,39231,42897,82128
202210,3호선,연신내,37960,36044,74004
202210,3호선,오금,6818,6149,12967
202210,3호선,옥수,9625,9786,19411
202210,3호선,을지로3가,11627,11646,23273
202210,3호선,일원,12255,12017,24272
202210,3호선,잠원,5354,5113,10467
202210,3호선,종로3가,10181,12025,22206
202210,3호선,지축,6440,6114,12554
202210,3호선,학여울,1939,1964,3903
202210,3호선,홍제,19120,18216,37336
202211,3호선,가락시장,9682,9552,19234
202211,3호선,경복궁,24120,24089,48209
202211,3호선,경찰병원,8092,8046,16138
202211,3호선,고속터미널,40259,38727,78986
202211,3호선,교대,16210,10587,26797
202211,3호선,구파발,23220,22360,45580
202211,3호선,금호,8781,8082,16863
202211,3호선,남부터미널,30364,30955,61319
202211,3호선,녹번,17722,16022,33744
202211,3호선,대청,11286,10673,21959
202211,3호선,대치,12092,12250,24342
202211,3호선,도곡,5400,5454,10854
202211,3호선,독립문,8110,8390,16500
202211,3호선,동대입구,11288,12874,24162
202211,3호선,매봉,13854,13314,27168
202211,3호선,무악재,4349,4474,8823
202211,3호선,불광,17498,18759,36257
202211,3호선,수서,18463,19096,37559
202211,3호선,신사,29914,31131,61045
202211,3호선,안국,27518,28984,56502
202211,3호선,압구정,33434,36046,69480
202211,3호선,약수,13982,13639,27621
202211,3호선,양재,40677,44306,84983
202211,3호선,연신내,38390,36305,74695
202211,3호선,오금,7008,6208,13216
202211,3호선,옥수,9591,9885,19476
202211,3호선,을지로3가,11711,11617,23328
202211,3호선,일원,12179,11893,24072
202211,3호선,잠원,5384,5176,10560
202211,3호선,종로3가,10566,12265,22831
202211,3호선,지축,6486,6287,12773
202211,3호선,충무로,1,0,1
202211,3호선,학여울,2200,2183,4383
202211,3호선,홍제,19556,18773,38329
202211,3호선,가락시장,9805,9788,19593
202211,3호선,경복궁,29821,31361,61182
202211,3호선,경찰병원,8150,8044,16194
202211,3호선,고속터미널,41213,39392,80605
202211,3호선,교대,16281,10475,26756
202211,3호선,구파발,23584,22660,46244
202211,3호선,금호,8709,8197,16906
202211,3호선,남부터미널,30249,31242,61491
202211,3호선,녹번,17502,15835,33337
202211,3호선,대청,11441,10666,22107
202211,3호선,대치,11773,12161,23934
202211,3호선,도곡,5603,5752,11355
202211,3호선,독립문,7971,8173,16144
202211,3호선,동대입구,12055,13825,25880
202211,3호선,매봉,14075,13365,27440
202211,3호선,무악재,4399,4624,9023
202211,3호선,불광,18186,19586,37772
202211,3호선,수서,19156,19537,38693
202211,3호선,신사,29968,31052,61020
202211,3호선,안국,30135,30699,60834
202211,3호선,압구정,33647,36465,70112
202211,3호선,약수,14273,13674,27947
202211,3호선,양재,41362,45152,86514
202211,3호선,연신내,39124,37001,76125
202211,3호선,오금,7040,6338,13378
202211,3호선,옥수,9818,9995,19813
202211,3호선,을지로3가,12302,12089,24391
202211,3호선,일원,12052,11604,23656
202211,3호선,잠원,5445,5301,10746
202211,3호선,종로3가,10775,12333,23108
202211,3호선,지축,6570,6339,12909
202211,3호선,충무로,1,0,1
202211,3호선,학여울,2203,2203,4406
202211,3호선,홍제,20101,18792,38893
202211,3호선,가락시장,9899,9746,19645
202211,3호선,경복궁,28439,29229,57668
202211,3호선,경찰병원,8259,8298,16557
202211,3호선,고속터미널,43358,41509,84867
202211,3호선,교대,16385,10869,27254
202211,3호선,구파발,22658,21696,44354
202211,3호선,금호,8867,8103,16970
202211,3호선,남부터미널,31464,31983,63447
202211,3호선,녹번,17514,15957,33471
202211,3호선,대청,11503,10560,22063
202211,3호선,대치,12112,12472,24584
202211,3호선,도곡,5627,5700,11327
202211,3호선,독립문,7964,8291,16255
202211,3호선,동대입구,12507,14470,26977
202211,3호선,매봉,13768,13234,27002
202211,3호선,무악재,4429,4548,8977
202211,3호선,불광,17726,19092,36818
202211,3호선,수서,19180,19689,38869
202211,3호선,신사,30381,31791,62172
202211,3호선,안국,29024,29982,59006
202211,3호선,압구정,33416,36199,69615
202211,3호선,약수,14417,13874,28291
202211,3호선,양재,41745,45466,87211
202211,3호선,연신내,38275,36540,74815
202211,3호선,오금,6947,6442,13389
202211,3호선,옥수,9747,9847,19594
202211,3호선,을지로3가,12016,11897,23913
202211,3호선,일원,11984,11615,23599
202211,3호선,잠원,5443,5285,10728
202211,3호선,종로3가,10819,12334,23153
202211,3호선,지축,6509,6304,12813
202211,3호선,충무로,3,0,3
202211,3호선,학여울,3102,3212,6314
202211,3호선,홍제,20153,19276,39429
202211,3호선,가락시장,10286,10218,20504
202211,3호선,경복궁,30210,30833,61043
202211,3호선,경찰병원,8242,8301,16543
202211,3호선,고속터미널,53308,55282,108590
202211,3호선,교대,16554,10858,27412
202211,3호선,구파발,23091,22213,45304
202211,3호선,금호,8926,8326,17252
202211,3호선,남부터미널,34434,35366,69800
202211,3호선,녹번,17566,15671,33237
202211,3호선,대청,11649,10893,22542
202211,3호선,대치,12428,12668,25096
202211,3호선,도곡,5598,5710,11308
202211,3호선,독립문,8345,8186,16531
202211,3호선,동대입구,10748,11846,22594
202211,3호선,매봉,13813,13195,27008
202211,3호선,무악재,4509,4510,9019
202211,3호선,불광,17425,18818,36243
202211,3호선,수서,21031,20791,41822
202211,3호선,신사,32916,35252,68168
202211,3호선,안국,31659,32333,63992
202211,3호선,압구정,36343,39808,76151
202211,3호선,약수,14688,14189,28877
202211,3호선,양재,42839,45414,88253
202211,3호선,연신내,39329,37579,76908
202211,3호선,오금,6935,6297,13232
202211,3호선,옥수,10018,10198,20216
202211,3호선,을지로3가,12743,12837,25580
202211,3호선,일원,11859,11029,22888
202211,3호선,잠원,5559,5450,11009
202211,3호선,종로3가,11084,13438,24522
202211,3호선,지축,6627,6368,12995
202211,3호선,충무로,2,0,2
202211,3호선,학여울,2906,2942,5848
202211,3호선,홍제,20096,19079,39175
202211,3호선,가락시장,9715,9542,19257
202211,3호선,경복궁,24912,25728,50640
202211,3호선,경찰병원,8138,8172,16310
202211,3호선,고속터미널,45742,44638,90380
202211,3호선,교대,15747,10736,26483
202211,3호선,구파발,22355,21375,43730
202211,3호선,금호,8473,7917,16390
202211,3호선,남부터미널,30429,31453,61882
202211,3호선,녹번,16993,15313,32306
202211,3호선,대청,11221,10419,21640
202211,3호선,대치,11658,12136,23794
202211,3호선,도곡,5566,5425,10991
202211,3호선,독립문,7385,7568,14953
202211,3호선,동대입구,10886,12325,23211
202211,3호선,매봉,13440,12885,26325
202211,3호선,무악재,4250,4249,8499
202211,3호선,불광,16858,17753,34611
202211,3호선,수서,19385,19947,39332
202211,3호선,신사,28977,29982,58959
202211,3호선,안국,25627,26326,51953
202211,3호선,압구정,32693,35373,68066
202211,3호선,약수,13894,13311,27205
202211,3호선,양재,40014,43309,83323
202211,3호선,연신내,37386,35256,72642
202211,3호선,오금,7147,6257,13404
202211,3호선,옥수,9463,9593,19056
202211,3호선,을지로3가,11739,11494,23233
202211,3호선,일원,11970,11586,23556
202211,3호선,잠원,5365,5070,10435
202211,3호선,종로3가,10013,11148,21161
202211,3호선,지축,6538,6293,12831
202211,3호선,학여울,2109,2097,4206
202211,3호선,홍제,19002,18315,37317
202211,3호선,가락시장,9965,9810,19775
202211,3호선,경복궁,24859,25389,50248
202211,3호선,경찰병원,8128,8027,16155
202211,3호선,고속터미널,41926,40071,81997
202211,3호선,교대,16556,10877,27433
202211,3호선,구파발,22934,22288,45222
202211,3호선,금호,8894,8102,16996
202211,3호선,남부터미널,30948,31767,62715
202211,3호선,녹번,17580,15810,33390
202211,3호선,대청,11495,10669,22164
202211,3호선,대치,12181,12192,24373
202211,3호선,도곡,5694,5594,11288
202211,3호선,독립문,7914,8294,16208
202211,3호선,동대입구,11710,13182,24892
202211,3호선,매봉,13950,13313,27263
202211,3호선,무악재,4551,4611,9162
202211,3호선,불광,17799,18804,36603
202211,3호선,수서,18800,19123,37923
202211,3호선,신사,30330,31415,61745
202211,3호선,안국,27501,29202,56703
202211,3호선,압구정,34511,37652,72163
202211,3호선,약수,14028,13777,27805
202211,3호선,양재,41946,45463,87409
202211,3호선,연신내,38434,36564,74998
202211,3호선,오금,8295,6488,14783
202211,3호선,옥수,10073,10275,20348
202211,3호선,을지로3가,11779,12007,23786
202211,3호선,일원,12538,12081,24619
202211,3호선,잠원,5515,5344,10859
202211,3호선,종로3가,10711,11974,22685
202211,3호선,지축,6645,6481,13126
202211,3호선,충무로,1,0,1
202211,3호선,학여울,3078,3206,6284
202211,3호선,홍제,19831,18756,38587
202211,3호선,가락시장,10124,9806,19930
202211,3호선,경복궁,27942,29494,57436
202211,3호선,경찰병원,8362,8169,16531
202211,3호선,고속터미널,41841,40042,81883
202211,3호선,교대,16748,10901,27649
202211,3호선,구파발,22830,22206,45036
202211,3호선,금호,8838,8126,16964
202211,3호선,남부터미널,30956,31506,62462
202211,3호선,녹번,17350,15836,33186
202211,3호선,대청,11461,10803,22264
202211,3호선,대치,11869,12125,23994
202211,3호선,도곡,5575,5595,11170
202211,3호선,독립문,7919,8163,16082
202211,3호선,동대입구,11503,13181,24684
202211,3호선,매봉,14103,13333,27436
202211,3호선,무악재,4404,4583,8987
202211,3호선,불광,17812,18849,36661
202211,3호선,수서,19083,19249,38332
202211,3호선,신사,29720,30910,60630
202211,3호선,안국,28899,30250,59149
202211,3호선,압구정,33923,36736,70659
202211,3호선,약수,14552,14019,28571
202211,3호선,양재,42053,45580,87633
202211,3호선,연신내,38926,36639,75565
202211,3호선,오금,8567,6363,14930
202211,3호선,옥수,9822,9975,19797
202211,3호선,을지로3가,12281,12358,24639
202211,3호선,일원,12590,11924,24514
202211,3호선,잠원,5652,5327,10979
202211,3호선,종로3가,10813,12498,23311
202211,3호선,지축,6684,6513,13197
202211,3호선,학여울,3222,3329,6551
202211,3호선,홍제,19880,19019,38899
202211,3호선,가락시장,10142,9855,19997
202211,3호선,경복궁,28006,29123,57129
202211,3호선,경찰병원,8087,8144,16231
202211,3호선,고속터미널,44057,42078,86135
202211,3호선,교대,17049,11188,28237
202211,3호선,구파발,22806,21925,44731
202211,3호선,금호,9032,8113,17145
202211,3호선,남부터미널,31322,31702,63024
202211,3호선,녹번,17508,15871,33379
202211,3호선,대청,11700,10895,22595
202211,3호선,대치,11959,12266,24225
202211,3호선,도곡,5708,5647,11355
202211,3호선,독립문,7968,8236,16204
202211,3호선,동대입구,14169,16183,30352
202211,3호선,매봉,14101,13508,27609
202211,3호선,무악재,4440,4492,8932
202211,3호선,불광,17738,18924,36662
202211,3호선,수서,19163,19444,38607
202211,3호선,신사,30932,32306,63238
202211,3호선,안국,28120,29691,57811
202211,3호선,압구정,34839,37754,72593
202211,3호선,약수,14406,13843,28249
202211,3호선,양재,42113,45965,88078
202211,3호선,연신내,38434,36442,74876
202211,3호선,오금,8282,6494,14776
202211,3호선,옥수,9851,10026,19877
202211,3호선,을지로3가,12273,12428,24701
202211,3호선,일원,12337,11587,23924
202211,3호선,잠원,5540,5412,10952
202211,3호선,종로3가,10562,12488,23050
202211,3호선,지축,6585,6346,12931
202211,3호선,학여울,2924,3093,6017
202211,3호선,홍제,19902,19059,38961
202211,3호선,가락시장,10411,10159,20570
202211,3호선,경복궁,28978,29772,58750
202211,3호선,경찰병원,8276,8269,16545
202211,3호선,고속터미널,53189,55364,108553
202211,3호선,교대,17155,11165,28320
202211,3호선,구파발,23328,22461,45789
202211,3호선,금호,9110,8191,17301
202211,3호선,남부터미널,34754,35527,70281
202211,3호선,녹번,17838,15737,33575
202211,3호선,대청,11881,11073,22954
202211,3호선,대치,12531,12737,25268
202211,3호선,도곡,5904,5572,11476
202211,3호선,독립문,7961,8084,16045
202211,3호선,동대입구,12613,14788,27401
202211,3호선,매봉,13952,13490,27442
202211,3호선,무악재,4538,4480,9018
202211,3호선,불광,17786,18914,36700
202211,3호선,수서,20591,20908,41499
202211,3호선,신사,33141,35554,68695
202211,3호선,안국,30418,32552,62970
202211,3호선,압구정,37091,41064,78155
202211,3호선,약수,14863,14182,29045
202211,3호선,양재,42491,45169,87660
202211,3호선,연신내,39958,37879,77837
202211,3호선,오금,7418,6264,13682
202211,3호선,옥수,10372,10331,20703
202211,3호선,을지로3가,12583,13188,25771
202211,3호선,일원,12179,11168,23347
202211,3호선,잠원,6183,5614,11797
202211,3호선,종로3가,11194,13580,24774
202211,3호선,지축,6761,6540,13301
202211,3호선,학여울,2320,2315,4635
202211,3호선,홍제,19872,18661,38533
202211,3호선,가락시장,9595,9512,19107
202211,3호선,경복궁,24565,25405,49970
202211,3호선,경찰병원,8094,8070,16164
202211,3호선,고속터미널,37672,36302,73974
202211,3호선,교대,16006,10768,26774
202211,3호선,구파발,22321,21205,43526
202211,3호선,금호,8333,7802,16135
202211,3호선,남부터미널,29845,30927,60772
202211,3호선,녹번,16753,15351,32104
202211,3호선,대청,11079,10446,21525
202211,3호선,대치,11817,11846,23663
202211,3호선,도곡,5588,5347,10935
202211,3호선,독립문,7254,7471,14725
202211,3호선,동대입구,11013,12588,23601
202211,3호선,매봉,13433,12984,26417
202211,3호선,무악재,4303,4356,8659
202211,3호선,불광,16853,17576,34429
202211,3호선,수서,18474,19031,37505
202211,3호선,신사,28801,29687,58488
202211,3호선,안국,25421,25791,51212
202211,3호선,압구정,33354,36294,69648
202211,3호선,약수,13356,13082,26438
202211,3호선,양재,39836,43422,83258
202211,3호선,연신내,36864,35063,71927
202211,3호선,오금,6946,6105,13051
202211,3호선,옥수,9223,9407,18630
202211,3호선,을지로3가,11852,11660,23512
202211,3호선,일원,11696,11394,23090
202211,3호선,잠원,5266,5039,10305
202211,3호선,종로3가,10367,11915,22282
202211,3호선,지축,6471,6278,12749
202211,3호선,충무로,2,0,2
202211,3호선,학여울,2012,2021,4033
202211,3호선,홍제,18939,18209,37148
202211,3호선,가락시장,9676,9640,19316
202211,3호선,경복궁,23441,23587,47028
202211,3호선,경찰병원,8067,8048,16115
202211,3호선,고속터미널,42208,40033,82241
202211,3호선,교대,16725,11071,27796
202211,3호선,구파발,23006,22079,45085
202211,3호선,금호,8714,8064,16778
202211,3호선,남부터미널,30681,31331,62012
202211,3호선,녹번,17268,15704,32972
202211,3호선,대청,11295,10628,21923
202211,3호선,대치,11815,12186,24001
202211,3호선,도곡,5540,5376,10916
202211,3호선,독립문,7757,8019,15776
202211,3호선,동대입구,13103,14390,27493
202211,3호선,매봉,13965,13367,27332
202211,3호선,무악재,4401,4400,8801
202211,3호선,불광,17403,18561,35964
202211,3호선,수서,18769,19209,37978
202211,3호선,신사,30364,31146,61510
202211,3호선,안국,25879,27456,53335
202211,3호선,압구정,35066,37653,72719
202211,3호선,약수,13632,13285,26917
202211,3호선,양재,41343,44658,86001
202211,3호선,연신내,37597,35536,73133
202211,3호선,오금,7057,6303,13360
202211,3호선,옥수,9488,9731,19219
202211,3호선,을지로3가,11829,11712,23541
202211,3호선,일원,11947,11520,23467
202211,3호선,잠원,5391,5491,10882
202211,3호선,종로3가,10393,12057,22450
202211,3호선,지축,6496,6229,12725
202211,3호선,충무로,2,0,2
202211,3호선,학여울,2162,2290,4452
202211,3호선,홍제,19636,18661,38297
202211,3호선,가락시장,9965,9850,19815
202211,3호선,경복궁,26563,26413,52976
202211,3호선,경찰병원,8051,8177,16228
202211,3호선,고속터미널,42202,40380,82582
202211,3호선,교대,16954,11111,28065
202211,3호선,구파발,23165,22378,45543
202211,3호선,금호,8701,8186,16887
202211,3호선,남부터미널,30729,31157,61886
202211,3호선,녹번,17579,15753,33332
202211,3호선,대청,12032,11133,23165
202211,3호선,대치,11533,12330,23863
202211,3호선,도곡,5822,6065,11887
202211,3호선,독립문,8155,8142,16297
202211,3호선,동대입구,11260,12889,24149
202211,3호선,매봉,13902,13584,27486
202211,3호선,무악재,4515,4427,8942
202211,3호선,불광,17685,18816,36501
202211,3호선,수서,18876,19127,38003
202211,3호선,신사,29839,30728,60567
202211,3호선,안국,28048,28574,56622
202211,3호선,압구정,34189,36565,70754
202211,3호선,약수,14172,13852,28024
202211,3호선,양재,41793,45247,87040
202211,3호선,연신내,38874,36561,75435
202211,3호선,오금,7092,6282,13374
202211,3호선,옥수,9881,10410,20291
202211,3호선,을지로3가,12006,11736,23742
202211,3호선,일원,12018,11476,23494
202211,3호선,잠원,5451,5964,11415
202211,3호선,종로3가,10744,12396,23140
202211,3호선,지축,6788,6448,13236
202211,3호선,충무로,3,0,3
202211,3호선,학여울,2304,2909,5213
202211,3호선,홍제,19664,18617,38281
202211,3호선,가락시장,9740,9735,19475
202211,3호선,경복궁,26319,26863,53182
202211,3호선,경찰병원,8052,8021,16073
202211,3호선,고속터미널,43876,42693,86569
202211,3호선,교대,16468,10690,27158
202211,3호선,구파발,22776,21847,44623
202211,3호선,금호,8702,7890,16592
202211,3호선,남부터미널,31191,31701,62892
202211,3호선,녹번,17242,15563,32805
202211,3호선,대청,11300,10576,21876
202211,3호선,대치,11818,11865,23683
202211,3호선,도곡,5843,5846,11689
202211,3호선,독립문,8233,8268,16501
202211,3호선,동대입구,11445,13161,24606
202211,3호선,매봉,13598,13146,26744
202211,3호선,무악재,4514,4511,9025
202211,3호선,불광,17564,18668,36232
202211,3호선,수서,19086,19230,38316
202211,3호선,신사,30125,31711,61836
202211,3호선,안국,27545,28609,56154
202211,3호선,압구정,34720,37429,72149
202211,3호선,약수,13688,13337,27025
202211,3호선,양재,41342,44924,86266
202211,3호선,연신내,38175,36244,74419
202211,3호선,오금,6877,6205,13082
202211,3호선,옥수,9709,9913,19622
202211,3호선,을지로3가,11891,11950,23841
202211,3호선,일원,11879,11323,23202
202211,3호선,잠원,5452,5182,10634
202211,3호선,종로3가,10796,12543,23339
202211,3호선,지축,6620,6404,13024
202211,3호선,충무로,1,0,1
202211,3호선,학여울,1961,2125,4086
202211,3호선,홍제,19513,18516,38029
202211,3호선,가락시장,10288,10280,20568
202211,3호선,경복궁,26871,27265,54136
202211,3호선,경찰병원,8088,8131,16219
202211,3호선,고속터미널,54133,56241,110374
202211,3호선,교대,17010,11110,28120
202211,3호선,구파발,23103,22114,45217
202211,3호선,금호,8878,7932,16810
202211,3호선,남부터미널,35029,35656,70685
202211,3호선,녹번,17438,15366,32804
202211,3호선,대청,10923,10479,21402
202211,3호선,대치,13495,13422,26917
202211,3호선,도곡,5434,5266,10700
202211,3호선,독립문,7865,7935,15800
202211,3호선,동대입구,10929,12052,22981
202211,3호선,매봉,13652,13232,26884
202211,3호선,무악재,4497,4498,8995
202211,3호선,불광,17617,18743,36360
202211,3호선,수서,20870,20499,41369
202211,3호선,신사,33241,35709,68950
202211,3호선,안국,28869,30077,58946
202211,3호선,압구정,36389,40134,76523
202211,3호선,약수,13901,13464,27365
202211,3호선,양재,42178,45063,87241
202211,3호선,연신내,38748,36908,75656
202211,3호선,오금,6855,6168,13023
202211,3호선,옥수,10130,10018,20148
202211,3호선,을지로3가,12280,12628,24908
202211,3호선,일원,11345,10663,22008
202211,3호선,잠원,5526,5274,10800
202211,3호선,종로3가,11041,13759,24800
202211,3호선,지축,6671,6434,13105
202211,3호선,충무로,4,0,4
202211,3호선,학여울,2137,2183,4320
202211,3호선,홍제,19585,18344,37929
202211,3호선,가락시장,9532,9445,18977
202211,3호선,경복궁,24672,25457,50129
202211,3호선,경찰병원,8083,8095,16178
202211,3호선,고속터미널,42336,40529,82865
202211,3호선,교대,16066,10892,26958
202211,3호선,구파발,22766,21752,44518
202211,3호선,금호,8355,7773,16128
202211,3호선,남부터미널,30115,31195,61310
202211,3호선,녹번,16939,15497,32436
202211,3호선,대청,11466,10569,22035
202211,3호선,대치,13141,13412,26553
202211,3호선,도곡,5586,5350,10936
202211,3호선,독립문,7539,7749,15288
202211,3호선,동대입구,11190,12608,23798
202211,3호선,매봉,13586,12909,26495
202211,3호선,무악재,4332,4451,8783
202211,3호선,불광,16926,18188,35114
202211,3호선,수서,18582,19206,37788
202211,3호선,신사,29633,30642,60275
202211,3호선,안국,25316,25843,51159
202211,3호선,압구정,31330,34014,65344
202211,3호선,약수,13798,13552,27350
202211,3호선,양재,39990,43298,83288
202211,3호선,연신내,37432,35379,72811
202211,3호선,오금,6999,6254,13253
202211,3호선,옥수,9236,9639,18875
202211,3호선,을지로3가,11686,11620,23306
202211,3호선,일원,11842,11460,23302
202211,3호선,잠원,5387,5111,10498
202211,3호선,종로3가,10322,11802,22124
202211,3호선,지축,6569,6394,12963
202211,3호선,학여울,2093,2072,4165
202211,3호선,홍제,19046,18250,37296
202211,3호선,가락시장,9778,9608,19386
202211,3호선,경복궁,23717,23865,47582
202211,3호선,경찰병원,8272,8265,16537
202211,3호선,고속터미널,41673,39531,81204
202211,3호선,교대,17096,11149,28245
202211,3호선,구파발,22719,21490,44209
202211,3호선,금호,8640,8099,16739
202211,3호선,남부터미널,30833,31680,62513
202211,3호선,녹번,17496,15999,33495
202211,3호선,대청,11400,10528,21928
202211,3호선,대치,13570,13876,27446
202211,3호선,도곡,5516,5496,11012
202211,3호선,독립문,8209,8338,16547
202211,3호선,동대입구,11549,12808,24357
202211,3호선,매봉,14071,13436,27507
202211,3호선,무악재,4465,4481,8946
202211,3호선,불광,17107,18341,35448
202211,3호선,수서,18703,19254,37957
202211,3호선,신사,30824,31778,62602
202211,3호선,안국,25813,27109,52922
202211,3호선,압구정,35253,38109,73362
202211,3호선,약수,14127,13783,27910
202211,3호선,양재,41867,45094,86961
202211,3호선,연신내,37725,35727,73452
202211,3호선,오금,7127,6369,13496
202211,3호선,옥수,9429,9792,19221
202211,3호선,을지로3가,11814,11716,23530
202211,3호선,일원,12108,11749,23857
202211,3호선,잠원,5319,5053,10372
202211,3호선,종로3가,10491,11903,22394
202211,3호선,지축,6653,6514,13167
202211,3호선,학여울,2314,2375,4689
202211,3호선,홍제,19569,18702,38271
202211,3호선,가락시장,9942,9735,19677
202211,3호선,경복궁,26162,27082,53244
202211,3호선,경찰병원,8340,8393,16733
202211,3호선,고속터미널,42316,40258,82574
202211,3호선,교대,17291,11318,28609
202211,3호선,구파발,22980,21999,44979
202211,3호선,금호,8772,8048,16820
202211,3호선,남부터미널,31314,32254,63568
202211,3호선,녹번,17432,15609,33041
202211,3호선,대청,11551,10658,22209
202211,3호선,대치,13064,13411,26475
202211,3호선,도곡,5682,5720,11402
202211,3호선,독립문,7853,8102,15955
202211,3호선,동대입구,13012,14588,27600
202211,3호선,매봉,13976,13456,27432
202211,3호선,무악재,4437,4511,8948
202211,3호선,불광,17341,18704,36045
202211,3호선,수서,18986,19133,38119
202211,3호선,신사,30514,31954,62468
202211,3호선,안국,28043,28784,56827
202211,3호선,압구정,34440,37361,71801
202211,3호선,약수,14360,13961,28321
202211,3호선,양재,41883,45534,87417
202211,3호선,연신내,38264,36256,74520
202211,3호선,오금,7037,6316,13353
202211,3호선,옥수,9785,10098,19883
202211,3호선,을지로3가,12331,12102,24433
202211,3호선,일원,12180,11693,23873
202211,3호선,잠원,5709,5392,11101
202211,3호선,종로3가,10864,12399,23263
202211,3호선,지축,6819,6605,13424
202211,3호선,충무로,2,0,2
202211,3호선,학여울,2457,2528,4985
202211,3호선,홍제,19551,18688,38239
202211,3호선,가락시장,10181,10088,20269
202211,3호선,경복궁,28792,28546,57338
202211,3호선,경찰병원,8417,8517,16934
202211,3호선,고속터미널,45488,43496,88984
202211,3호선,교대,17340,11296,28636
202211,3호선,구파발,23572,22657,46229
202211,3호선,금호,8898,8241,17139
202211,3호선,남부터미널,32096,32421,64517
202211,3호선,녹번,17574,16101,33675
202211,3호선,대청,11436,10626,22062
202211,3호선,대치,13377,13482,26859
202211,3호선,도곡,5792,5930,11722
202211,3호선,독립문,8442,8688,17130
202211,3호선,동대입구,12735,14445,27180
202211,3호선,매봉,14220,13612,27832
202211,3호선,무악재,4680,4797,9477
202211,3호선,불광,17669,19139,36808
202211,3호선,수서,19485,19919,39404
202211,3호선,신사,31405,32710,64115
202211,3호선,안국,28352,29162,57514
202211,3호선,압구정,35262,37912,73174
202211,3호선,약수,14552,14178,28730
202211,3호선,양재,42866,46401,89267
202211,3호선,연신내,38620,36808,75428
202211,3호선,오금,7122,6312,13434
202211,3호선,옥수,9907,10154,20061
202211,3호선,을지로3가,12314,12041,24355
202211,3호선,일원,12230,11739,23969
202211,3호선,잠원,5694,5569,11263
202211,3호선,종로3가,10809,12419,23228
202211,3호선,지축,6771,6584,13355
202211,3호선,학여울,2439,2475,4914
202211,3호선,홍제,19891,19324,39215
202211,3호선,가락시장,10295,10358,20653
202211,3호선,경복궁,27234,27704,54938
202211,3호선,경찰병원,8033,8053,16086
202211,3호선,고속터미널,54422,56710,111132
202211,3호선,교대,17697,11643,29340
202211,3호선,구파발,23377,22081,45458
202211,3호선,금호,8963,8248,17211
202211,3호선,남부터미널,35102,35855,70957
202211,3호선,녹번,17753,15725,33478
202211,3호선,대청,11288,10489,21777
202211,3호선,대치,13519,13686,27205
202211,3호선,도곡,5769,5969,11738
202211,3호선,독립문,7945,8003,15948
202211,3호선,동대입구,10319,11664,21983
202211,3호선,매봉,14051,13529,27580
202211,3호선,무악재,4569,4490,9059
202211,3호선,불광,17977,18766,36743
202211,3호선,수서,20749,20717,41466
202211,3호선,신사,33503,35807,69310
202211,3호선,안국,29296,30573,59869
202211,3호선,압구정,37163,40604,77767
202211,3호선,약수,15044,14486,29530
202211,3호선,양재,43740,46331,90071
202211,3호선,연신내,39243,37352,76595
202211,3호선,오금,7008,6362,13370
202211,3호선,옥수,10141,10267,20408
202211,3호선,을지로3가,12685,12817,25502
202211,3호선,일원,11934,11225,23159
202211,3호선,잠원,5962,5598,11560
202211,3호선,종로3가,11050,13690,24740
202211,3호선,지축,6801,6473,13274
202211,3호선,충무로,2,0,2
202211,3호선,학여울,2146,2121,4267
202211,3호선,홍제,19706,18772,38478
202211,3호선,가락시장,9544,9397,18941
202211,3호선,경복궁,23492,23097,46589
202211,3호선,경찰병원,7982,7947,15929
202211,3호선,고속터미널,42534,40796,83330
202211,3호선,교대,15873,10609,26482
202211,3호선,구파발,21954,21011,42965
202211,3호선,금호,8300,7854,16154
202211,3호선,남부터미널,29865,30601,60466
202211,3호선,녹번,16591,15349,31940
202211,3호선,대청,11197,10437,21634
202211,3호선,대치,11731,12116,23847
202211,3호선,도곡,5693,5618,11311
202211,3호선,독립문,7195,7267,14462
202211,3호선,동대입구,10856,11722,22578
202211,3호선,매봉,13687,12801,26488
202211,3호선,무악재,4235,4466,8701
202211,3호선,불광,16243,17430,33673
202211,3호선,수서,18375,19136,37511
202211,3호선,신사,29096,29683,58779
202211,3호선,안국,24553,24175,48728
202211,3호선,압구정,33436,35710,69146
202211,3호선,약수,13392,13175,26567
202211,3호선,양재,39817,42801,82618
202211,3호선,연신내,35808,34092,69900
202211,3호선,오금,6750,6003,12753
202211,3호선,옥수,9078,9565,18643
202211,3호선,을지로3가,11872,11205,23077
202211,3호선,일원,11769,11454,23223
202211,3호선,잠원,5360,5349,10709
202211,3호선,종로3가,10251,11343,21594
202211,3호선,지축,6301,6211,12512
202211,3호선,학여울,1963,1976,3939
202211,3호선,홍제,18352,18160,36512
202211,3호선,가락시장,9845,9730,19575
202211,3호선,경복궁,23415,23342,46757
202211,3호선,경찰병원,8095,8022,16117
202211,3호선,고속터미널,42063,40297,82360
202211,3호선,교대,16548,10865,27413
202211,3호선,구파발,22628,21734,44362
202211,3호선,금호,8641,8101,16742
202211,3호선,남부터미널,30040,30822,60862
202211,3호선,녹번,17265,15638,32903
202211,3호선,대청,11494,10749,22243
202211,3호선,대치,12042,12354,24396
202211,3호선,도곡,5492,5590,11082
202211,3호선,독립문,7713,7903,15616
202211,3호선,동대입구,12018,12948,24966
202211,3호선,매봉,13913,13179,27092
202211,3호선,무악재,4460,4577,9037
202211,3호선,불광,17248,18410,35658
202211,3호선,수서,18674,18995,37669
202211,3호선,신사,30460,31347,61807
202211,3호선,안국,26237,27093,53330
202211,3호선,압구정,34378,37252,71630
202211,3호선,약수,13921,13484,27405
202211,3호선,양재,41752,45132,86884
202211,3호선,연신내,37447,35673,73120
202211,3호선,오금,7086,6303,13389
202211,3호선,옥수,9341,9708,19049
202211,3호선,을지로3가,11963,11907,23870
202211,3호선,일원,11909,11610,23519
202211,3호선,잠원,5415,5193,10608
202211,3호선,종로3가,10625,12193,22818
202211,3호선,지축,6504,6392,12896
202211,3호선,충무로,1,0,1
202211,3호선,학여울,2008,2101,4109
202211,3호선,홍제,19342,18621,37963
202211,3호선,가락시장,9376,9261,18637
202211,3호선,경복궁,24689,25242,49931
202211,3호선,경찰병원,7922,7753,15675
202211,3호선,고속터미널,41396,38893,80289
202211,3호선,교대,16285,11522,27807
202211,3호선,구파발,21469,21496,42965
202211,3호선,금호,8192,7437,15629
202211,3호선,남부터미널,27842,30027,57869
202211,3호선,녹번,16409,13950,30359
202211,3호선,대청,10996,10353,21349
202211,3호선,대치,11073,11125,22198
202211,3호선,도곡,5394,5578,10972
202211,3호선,독립문,7446,7476,14922
202211,3호선,동대입구,10809,12003,22812
202211,3호선,매봉,13157,12769,25926
202211,3호선,무악재,4237,4203,8440
202211,3호선,불광,16343,17456,33799
202211,3호선,수서,18034,18249,36283
202211,3호선,신사,28131,29994,58125
202211,3호선,안국,25407,27521,52928
202211,3호선,압구정,31487,35766,67253
202211,3호선,약수,13662,13468,27130
202211,3호선,양재,39304,43312,82616
202211,3호선,연신내,35851,32960,68811
202211,3호선,오금,6801,6157,12958
202211,3호선,옥수,8889,9059,17948
202211,3호선,을지로3가,11737,13340,25077
202211,3호선,일원,11415,10795,22210
202211,3호선,잠원,5002,4730,9732
202211,3호선,종로3가,10364,12246,22610
202211,3호선,지축,6269,5558,11827
202211,3호선,충무로,2,0,2
202211,3호선,학여울,1935,2034,3969
202211,3호선,홍제,18113,16859,34972
202212,3호선,가락시장,9360,9401,18761
202212,3호선,경복궁,23575,23384,46959
202212,3호선,경찰병원,7905,7847,15752
202212,3호선,고속터미널,43141,40767,83908
202212,3호선,교대,16229,10828,27057
202212,3호선,구파발,21562,20612,42174
202212,3호선,금호,8314,7741,16055
202212,3호선,남부터미널,30350,30669,61019
202212,3호선,녹번,16466,14863,31329
202212,3호선,대청,11142,10466,21608
202212,3호선,대치,11466,11903,23369
202212,3호선,도곡,5734,5745,11479
202212,3호선,독립문,7143,7097,14240
202212,3호선,동대입구,10907,12015,22922
202212,3호선,매봉,13338,12988,26326
202212,3호선,무악재,4183,4294,8477
202212,3호선,불광,16436,17508,33944
202212,3호선,수서,18349,18607,36956
202212,3호선,신사,28953,30400,59353
202212,3호선,안국,25296,25969,51265
202212,3호선,압구정,32639,35461,68100
202212,3호선,약수,13565,12979,26544
202212,3호선,양재,40943,44430,85373
202212,3호선,연신내,35766,33956,69722
202212,3호선,오금,6782,6264,13046
202212,3호선,옥수,8996,9403,18399
202212,3호선,을지로3가,11861,11662,23523
202212,3호선,일원,11305,10702,22007
202212,3호선,잠원,5110,4926,10036
202212,3호선,종로3가,10278,11658,21936
202212,3호선,지축,6100,5973,12073
202212,3호선,학여울,2191,2210,4401
202212,3호선,홍제,18317,17437,35754
202212,3호선,가락시장,10413,10290,20703
202212,3호선,경복궁,26240,25751,51991
202212,3호선,경찰병원,8351,8269,16620
202212,3호선,고속터미널,54480,55103,109583
202212,3호선,교대,17469,11274,28743
202212,3호선,구파발,22665,21647,44312
202212,3호선,금호,8602,8002,16604
202212,3호선,남부터미널,33930,34023,67953
202212,3호선,녹번,17167,15172,32339
202212,3호선,대청,11577,10803,22380
202212,3호선,대치,12177,12384,24561
202212,3호선,도곡,6040,6069,12109
202212,3호선,독립문,7828,7669,15497
202212,3호선,동대입구,10205,10954,21159
202212,3호선,매봉,13616,13065,26681
202212,3호선,무악재,4431,4322,8753
202212,3호선,불광,17334,18148,35482
202212,3호선,수서,21019,20551,41570
202212,3호선,신사,32341,33816,66157
202212,3호선,안국,27338,27802,55140
202212,3호선,압구정,36301,39345,75646
202212,3호선,약수,14473,13965,28438
202212,3호선,양재,43721,45713,89434
202212,3호선,연신내,37887,36408,74295
202212,3호선,오금,6950,6285,13235
202212,3호선,옥수,9683,9792,19475
202212,3호선,을지로3가,12541,12678,25219
202212,3호선,일원,11450,10640,22090
202212,3호선,잠원,5471,5260,10731
202212,3호선,종로3가,10761,13273,24034
202212,3호선,지축,6550,6352,12902
202212,3호선,학여울,4461,4674,9135
202212,3호선,홍제,19018,18095,37113
202212,3호선,가락시장,9561,9449,19010
202212,3호선,경복궁,23590,24192,47782
202212,3호선,경찰병원,8193,8259,16452
202212,3호선,고속터미널,43652,41361,85013
202212,3호선,교대,16041,10655,26696
202212,3호선,구파발,22371,21383,43754
202212,3호선,금호,8372,7936,16308
202212,3호선,남부터미널,29873,30853,60726
202212,3호선,녹번,16579,15196,31775
202212,3호선,대청,11010,10363,21373
202212,3호선,대치,11370,11463,22833
202212,3호선,도곡,5732,5615,11347
202212,3호선,독립문,7185,7248,14433
202212,3호선,동대입구,10550,11734,22284
202212,3호선,매봉,13271,12658,25929
202212,3호선,무악재,4226,4302,8528
202212,3호선,불광,16584,17545,34129
202212,3호선,수서,18642,19184,37826
202212,3호선,신사,29031,29835,58866
202212,3호선,안국,24818,25096,49914
202212,3호선,압구정,33630,36386,70016
202212,3호선,약수,13445,13071,26516
202212,3호선,양재,40325,43759,84084
202212,3호선,연신내,36376,34277,70653
202212,3호선,오금,6898,6131,13029
202212,3호선,옥수,8983,9308,18291
202212,3호선,을지로3가,11841,11711,23552
202212,3호선,일원,11679,11137,22816
202212,3호선,잠원,5168,4967,10135
202212,3호선,종로3가,10130,11664,21794
202212,3호선,지축,6332,6192,12524
202212,3호선,충무로,1,0,1
202212,3호선,학여울,1986,1988,3974
202212,3호선,홍제,18918,18291,37209
202212,3호선,가락시장,9953,9786,19739
202212,3호선,경복궁,23932,23041,46973
202212,3호선,경찰병원,8177,8375,16552
202212,3호선,고속터미널,41932,39911,81843
202212,3호선,교대,16350,10661,27011
202212,3호선,구파발,22519,21595,44114
202212,3호선,금호,8448,7939,16387
202212,3호선,남부터미널,29946,30682,60628
202212,3호선,녹번,16948,15545,32493
202212,3호선,대청,11406,10696,22102
202212,3호선,대치,11755,11994,23749
202212,3호선,도곡,5663,5668,11331
202212,3호선,독립문,7720,7944,15664
202212,3호선,동대입구,12026,13363,25389
202212,3호선,매봉,14025,13355,27380
202212,3호선,무악재,4446,4431,8877
202212,3호선,불광,17000,18155,35155
202212,3호선,수서,18434,19032,37466
202212,3호선,신사,29728,30789,60517
202212,3호선,안국,25245,25994,51239
202212,3호선,압구정,35286,37939,73225
202212,3호선,약수,13854,13409,27263
202212,3호선,양재,41597,45049,86646
202212,3호선,연신내,36821,34924,71745
202212,3호선,오금,7059,6287,13346
202212,3호선,옥수,9221,9495,18716
202212,3호선,을지로3가,12016,12149,24165
202212,3호선,일원,11894,11504,23398
202212,3호선,잠원,5530,5145,10675
202212,3호선,종로3가,10617,11865,22482
202212,3호선,지축,6535,6462,12997
202212,3호선,충무로,2,0,2
202212,3호선,학여울,2058,2086,4144
202212,3호선,홍제,19109,18378,37487
202212,3호선,가락시장,10079,9982,20061
202212,3호선,경복궁,25439,25517,50956
202212,3호선,경찰병원,8289,8256,16545
202212,3호선,고속터미널,43104,40476,83580
202212,3호선,교대,16917,11027,27944
202212,3호선,구파발,23071,22025,45096
202212,3호선,금호,8760,8137,16897
202212,3호선,남부터미널,30643,31299,61942
202212,3호선,녹번,17254,15492,32746
202212,3호선,대청,11714,11119,22833
202212,3호선,대치,11682,11951,23633
202212,3호선,도곡,5887,6032,11919
202212,3호선,독립문,7868,8183,16051
202212,3호선,동대입구,11402,12642,24044
202212,3호선,매봉,13970,13392,27362
202212,3호선,무악재,4513,4558,9071
202212,3호선,불광,17458,18667,36125
202212,3호선,수서,18897,19120,38017
202212,3호선,신사,30021,31150,61171
202212,3호선,안국,27071,28080,55151
202212,3호선,압구정,34991,37862,72853
202212,3호선,약수,14469,13930,28399
202212,3호선,양재,42561,46189,88750
202212,3호선,연신내,38111,36065,74176
202212,3호선,오금,6898,6221,13119
202212,3호선,옥수,9624,9779,19403
202212,3호선,을지로3가,12315,12262,24577
202212,3호선,일원,12003,11594,23597
202212,3호선,잠원,5345,5063,10408
202212,3호선,종로3가,10652,12380,23032
202212,3호선,지축,6667,6494,13161
202212,3호선,충무로,2,0,2
202212,3호선,학여울,2149,2190,4339
202212,3호선,홍제,19725,18854,38579
202212,3호선,가락시장,10359,10257,20616
202212,3호선,경복궁,25896,26149,52045
202212,3호선,경찰병원,8250,8441,16691
202212,3호선,고속터미널,44825,42602,87427
202212,3호선,교대,17664,11497,29161
202212,3호선,구파발,22816,21760,44576
202212,3호선,금호,8804,8236,17040
202212,3호선,남부터미널,31536,32100,63636
202212,3호선,녹번,17364,15645,33009
202212,3호선,대청,11753,10942,22695
202212,3호선,대치,11661,11851,23512
202212,3호선,도곡,5941,6049,11990
202212,3호선,독립문,8070,8141,16211
202212,3호선,동대입구,12824,14194,27018
202212,3호선,매봉,14243,13808,28051
202212,3호선,무악재,4539,4540,9079
202212,3호선,불광,17456,18708,36164
202212,3호선,수서,19478,19947,39425
202212,3호선,신사,31142,32600,63742
202212,3호선,안국,26594,27650,54244
202212,3호선,압구정,35351,38297,73648
202212,3호선,약수,14232,13941,28173
202212,3호선,양재,42853,46867,89720
202212,3호선,연신내,38035,36141,74176
202212,3호선,오금,6863,6413,13276
202212,3호선,옥수,9722,10047,19769
202212,3호선,을지로3가,12402,12438,24840
202212,3호선,일원,12068,11631,23699
202212,3호선,잠원,5779,5386,11165
202212,3호선,종로3가,10615,12498,23113
202212,3호선,지축,6887,6617,13504
202212,3호선,충무로,2,0,2
202212,3호선,학여울,2292,2380,4672
202212,3호선,홍제,19401,18542,37943
202212,3호선,가락시장,10802,10632,21434
202212,3호선,경복궁,25596,25616,51212
202212,3호선,경찰병원,8168,8376,16544
202212,3호선,고속터미널,53176,53472,106648
202212,3호선,교대,18043,11786,29829
202212,3호선,구파발,23007,21827,44834
202212,3호선,금호,8912,8258,17170
202212,3호선,남부터미널,34201,34475,68676
202212,3호선,녹번,17416,15567,32983
202212,3호선,대청,11784,10967,22751
202212,3호선,대치,12069,12066,24135
202212,3호선,도곡,6169,6057,12226
202212,3호선,독립문,8070,8187,16257
202212,3호선,동대입구,11236,12331,23567
202212,3호선,매봉,14169,13818,27987
202212,3호선,무악재,4553,4369,8922
202212,3호선,불광,17945,18954,36899
202212,3호선,수서,21367,21035,42402
202212,3호선,신사,33206,35986,69192
202212,3호선,안국,27792,29272,57064
202212,3호선,압구정,37795,41576,79371
202212,3호선,약수,14801,14284,29085
202212,3호선,양재,45442,48323,93765
202212,3호선,연신내,39478,37438,76916
202212,3호선,오금,7220,6375,13595
202212,3호선,옥수,10186,10242,20428
202212,3호선,을지로3가,12804,13020,25824
202212,3호선,일원,12597,11651,24248
202212,3호선,잠원,5457,5145,10602
202212,3호선,종로3가,11180,13639,24819
202212,3호선,지축,6784,6458,13242
202212,3호선,학여울,3317,3420,6737
202212,3호선,홍제,19771,18532,38303
202212,3호선,가락시장,9880,9734,19614
202212,3호선,경복궁,25178,25247,50425
202212,3호선,경찰병원,8366,8363,16729
202212,3호선,고속터미널,44308,42041,86349
202212,3호선,교대,16324,10587,26911
202212,3호선,구파발,22165,21320,43485
202212,3호선,금호,8277,7808,16085
202212,3호선,남부터미널,29960,30645,60605
202212,3호선,녹번,16789,15289,32078
202212,3호선,대청,11242,10412,21654
202212,3호선,대치,11508,11660,23168
202212,3호선,도곡,5718,5664,11382
202212,3호선,독립문,6981,7363,14344
202212,3호선,동대입구,10461,11341,21802
202212,3호선,매봉,13631,13054,26685
202212,3호선,무악재,4351,4449,8800
202212,3호선,불광,17128,17876,35004
202212,3호선,수서,19050,19753,38803
202212,3호선,신사,30126,30867,60993
202212,3호선,안국,25876,25697,51573
202212,3호선,압구정,34109,36681,70790
202212,3호선,약수,13730,13669,27399
202212,3호선,양재,41475,44470,85945
202212,3호선,연신내,36728,34709,71437
202212,3호선,오금,6806,6072,12878
202212,3호선,옥수,9340,9631,18971
202212,3호선,을지로3가,12450,11883,24333
202212,3호선,일원,11507,11272,22779
202212,3호선,잠원,5237,5181,10418
202212,3호선,종로3가,10639,11855,22494
202212,3호선,지축,6423,6336,12759
202212,3호선,학여울,1928,1995,3923
202212,3호선,홍제,18772,18230,37002
202212,3호선,가락시장,10330,10345,20675
202212,3호선,경복궁,23760,23169,46929
202212,3호선,경찰병원,8481,8467,16948
202212,3호선,고속터미널,45112,42351,87463
202212,3호선,교대,17331,11189,28520
202212,3호선,구파발,23352,22401,45753
202212,3호선,금호,8688,8271,16959
202212,3호선,남부터미널,31853,32060,63913
202212,3호선,녹번,17249,15969,33218
202212,3호선,대청,11623,10881,22504
202212,3호선,대치,11901,12396,24297
202212,3호선,도곡,5937,5855,11792
202212,3호선,독립문,7688,8048,15736
202212,3호선,동대입구,11100,11759,22859
202212,3호선,매봉,14756,14035,28791
202212,3호선,무악재,4555,4661,9216
202212,3호선,불광,17277,18673,35950
202212,3호선,수서,19600,19948,39548
202212,3호선,신사,32415,32864,65279
202212,3호선,안국,27663,27687,55350
202212,3호선,압구정,36731,39177,75908
202212,3호선,약수,14526,14291,28817
202212,3호선,양재,43501,46291,89792
202212,3호선,연신내,37988,36436,74424
202212,3호선,오금,7091,6430,13521
202212,3호선,옥수,9722,10148,19870
202212,3호선,을지로3가,12866,12470,25336
202212,3호선,일원,12172,11797,23969
202212,3호선,잠원,5553,5413,10966
202212,3호선,종로3가,11095,12538,23633
202212,3호선,지축,6690,6546,13236
202212,3호선,충무로,2,0,2
202212,3호선,학여울,2100,2163,4263
202212,3호선,홍제,19303,18750,38053
202212,3호선,가락시장,9772,9494,19266
202212,3호선,경복궁,24240,23917,48157
202212,3호선,경찰병원,8306,8310,16616
202212,3호선,고속터미널,43460,41017,84477
202212,3호선,교대,16819,10661,27480
202212,3호선,구파발,22322,21559,43881
202212,3호선,금호,8223,7766,15989
202212,3호선,남부터미널,30607,31247,61854
202212,3호선,녹번,16757,15104,31861
202212,3호선,대청,11006,10330,21336
202212,3호선,대치,10908,11064,21972
202212,3호선,도곡,5593,5718,11311
202212,3호선,독립문,7356,7562,14918
202212,3호선,동대입구,10122,11172,21294
202212,3호선,매봉,14076,13742,27818
202212,3호선,무악재,4339,4312,8651
202212,3호선,불광,16573,17872,34445
202212,3호선,수서,18935,19338,38273
202212,3호선,신사,30000,31237,61237
202212,3호선,안국,26530,27347,53877
202212,3호선,압구정,33702,36657,70359
202212,3호선,약수,13920,13488,27408
202212,3호선,양재,41598,44902,86500
202212,3호선,연신내,36191,34332,70523
202212,3호선,오금,6800,6092,12892
202212,3호선,옥수,9074,9300,18374
202212,3호선,을지로3가,12645,12411,25056
202212,3호선,일원,11537,11181,22718
202212,3호선,잠원,5524,5163,10687
202212,3호선,종로3가,10713,12116,22829
202212,3호선,지축,6174,6063,12237
202212,3호선,충무로,4,0,4
202212,3호선,학여울,2016,2090,4106
202212,3호선,홍제,18178,17657,35835
202212,3호선,가락시장,10485,10503,20988
202212,3호선,경복궁,26786,26073,52859
202212,3호선,경찰병원,8765,8897,17662
202212,3호선,고속터미널,46599,43697,90296
202212,3호선,교대,18031,11012,29043
202212,3호선,구파발,23165,22431,45596
202212,3호선,금호,8718,8394,17112
202212,3호선,남부터미널,32845,32868,65713
202212,3호선,녹번,17320,15715,33035
202212,3호선,대청,11593,10898,22491
202212,3호선,대치,11886,12237,24123
202212,3호선,도곡,6302,6260,12562
202212,3호선,독립문,7580,7681,15261
202212,3호선,동대입구,8991,9584,18575
202212,3호선,매봉,14868,14291,29159
202212,3호선,무악재,4639,4578,9217
202212,3호선,불광,17166,18662,35828
202212,3호선,수서,20150,20629,40779
202212,3호선,신사,32840,33745,66585
202212,3호선,안국,27813,28362,56175
202212,3호선,압구정,36483,39153,75636
202212,3호선,약수,14440,14007,28447
202212,3호선,양재,44673,47439,92112
202212,3호선,연신내,37341,35969,73310
202212,3호선,오금,7131,6509,13640
202212,3호선,옥수,9797,10250,20047
202212,3호선,을지로3가,13317,12931,26248
202212,3호선,일원,12830,12334,25164
202212,3호선,잠원,5551,5416,10967
202212,3호선,종로3가,11408,13176,24584
202212,3호선,지축,6485,6415,12900
202212,3호선,학여울,2168,2278,4446
202212,3호선,홍제,19149,18923,38072
202212,3호선,가락시장,10753,10755,21508
202212,3호선,경복궁,26115,26344,52459
202212,3호선,경찰병원,8527,8600,17127
202212,3호선,고속터미널,56414,56160,112574
202212,3호선,교대,18100,11493,29593
202212,3호선,구파발,23786,22799,46585
202212,3호선,금호,8890,8139,17029
202212,3호선,남부터미널,35356,35334,70690
202212,3호선,녹번,17384,15337,32721
202212,3호선,대청,11663,10843,22506
202212,3호선,대치,12495,12454,24949
202212,3호선,도곡,6023,6132,12155
202212,3호선,독립문,7975,7965,15940
202212,3호선,동대입구,8958,9872,18830
202212,3호선,매봉,14063,13666,27729
202212,3호선,무악재,4535,4467,9002
202212,3호선,불광,17508,18732,36240
202212,3호선,수서,21366,21163,42529
202212,3호선,신사,35126,37630,72756
202212,3호선,안국,28420,29160,57580
202212,3호선,압구정,37656,41279,78935
202212,3호선,약수,14921,14276,29197
202212,3호선,양재,45177,48110,93287
202212,3호선,연신내,38571,36820,75391
202212,3호선,오금,7024,6346,13370
202212,3호선,옥수,9969,10187,20156
202212,3호선,을지로3가,13169,13411,26580
202212,3호선,일원,12904,11980,24884
202212,3호선,잠원,5525,5266,10791
202212,3호선,종로3가,11380,13908,25288
202212,3호선,지축,6587,6311,12898
202212,3호선,충무로,3,0,3
202212,3호선,학여울,3834,3938,7772
202212,3호선,홍제,19415,18508,37923
202212,3호선,가락시장,9596,9417,19013
202212,3호선,경복궁,23008,23129,46137
202212,3호선,경찰병원,8059,8108,16167
202212,3호선,고속터미널,45149,42907,88056
202212,3호선,교대,16026,10346,26372
202212,3호선,구파발,21797,21108,42905
202212,3호선,금호,8004,7522,15526
202212,3호선,남부터미널,29701,30436,60137
202212,3호선,녹번,16312,14707,31019
202212,3호선,대청,11153,10635,21788
202212,3호선,대치,11317,11578,22895
202212,3호선,도곡,5758,5607,11365
202212,3호선,독립문,6920,6979,13899
202212,3호선,동대입구,8460,8847,17307
202212,3호선,매봉,13275,12930,26205
202212,3호선,무악재,4230,4178,8408
202212,3호선,불광,16010,16852,32862
202212,3호선,수서,18288,19156,37444
202212,3호선,신사,30617,31211,61828
202212,3호선,안국,24828,25428,50256
202212,3호선,압구정,34000,36604,70604
202212,3호선,약수,13446,13029,26475
202212,3호선,양재,39651,43195,82846
202212,3호선,연신내,35380,33541,68921
202212,3호선,오금,6598,5938,12536
202212,3호선,옥수,8998,9228,18226
202212,3호선,을지로3가,12122,11833,23955
202212,3호선,일원,11686,11270,22956
202212,3호선,잠원,5041,4905,9946
202212,3호선,종로3가,10611,11833,22444
202212,3호선,지축,6099,5990,12089
202212,3호선,학여울,1971,1908,3879
202212,3호선,홍제,18058,17333,35391
202212,3호선,가락시장,10353,10160,20513
202212,3호선,경복궁,24067,23931,47998
202212,3호선,경찰병원,8410,8569,16979
202212,3호선,고속터미널,47556,45012,92568
202212,3호선,교대,17219,11052,28271
202212,3호선,구파발,23091,22352,45443
202212,3호선,금호,8671,8216,16887
202212,3호선,남부터미널,32679,33396,66075
202212,3호선,녹번,17133,15334,32467
202212,3호선,대청,11372,10660,22032
202212,3호선,대치,11977,12145,24122
202212,3호선,도곡,5895,5944,11839
202212,3호선,독립문,7628,7851,15479
202212,3호선,동대입구,8381,9098,17479
202212,3호선,매봉,14365,13880,28245
202212,3호선,무악재,4656,4604,9260
202212,3호선,불광,17230,18517,35747
202212,3호선,수서,19019,19756,38775
202212,3호선,신사,32555,33563,66118
202212,3호선,안국,26610,27987,54597
202212,3호선,압구정,37153,39846,76999
202212,3호선,약수,14293,13961,28254
202212,3호선,양재,42631,46214,88845
202212,3호선,연신내,37825,36016,73841
202212,3호선,오금,7027,6297,13324
202212,3호선,옥수,9722,9948,19670
202212,3호선,을지로3가,12850,12659,25509
202212,3호선,일원,12071,11617,23688
202212,3호선,잠원,5362,5134,10496
202212,3호선,종로3가,10890,12873,23763
202212,3호선,지축,6667,6398,13065
202212,3호선,충무로,2,0,2
202212,3호선,학여울,1969,2055,4024
202212,3호선,홍제,19753,18883,38636
202212,3호선,가락시장,10804,10445,21249
202212,3호선,경복궁,26675,27013,53688
202212,3호선,경찰병원,9076,9240,18316
202212,3호선,고속터미널,47784,45093,92877
202212,3호선,교대,18319,11375,29694
202212,3호선,구파발,23444,22937,46381
202212,3호선,금호,9311,8517,17828
202212,3호선,남부터미널,34218,35072,69290
202212,3호선,녹번,17623,15877,33500
202212,3호선,대청,12104,11524,23628
202212,3호선,대치,12809,12775,25584
202212,3호선,도곡,6581,6598,13179
202212,3호선,독립문,8044,8127,16171
202212,3호선,동대입구,8802,9571,18373
202212,3호선,매봉,15221,14771,29992
202212,3호선,무악재,4768,5112,9880
202212,3호선,불광,17234,18651,35885
202212,3호선,수서,20584,21030,41614
202212,3호선,신사,33310,34539,67849
202212,3호선,안국,28241,29486,57727
202212,3호선,압구정,37876,41299,79175
202212,3호선,약수,14953,14485,29438
202212,3호선,양재,44309,47994,92303
202212,3호선,연신내,38158,36242,74400
202212,3호선,오금,7259,6604,13863
202212,3호선,옥수,10436,10592,21028
202212,3호선,을지로3가,13169,13475,26644
202212,3호선,일원,13588,13218,26806
202212,3호선,잠원,5927,5546,11473
202212,3호선,종로3가,11510,13221,24731
202212,3호선,지축,6945,6761,13706
202212,3호선,충무로,1,0,1
202212,3호선,학여울,2107,2218,4325
202212,3호선,홍제,19714,18850,38564
202212,3호선,가락시장,10292,10365,20657
202212,3호선,경복궁,24803,24970,49773
202212,3호선,경찰병원,8473,8484,16957
202212,3호선,고속터미널,50583,47894,98477
202212,3호선,교대,17158,10931,28089
202212,3호선,구파발,23471,22663,46134
202212,3호선,금호,8614,8045,16659
202212,3호선,남부터미널,33103,33604,66707
202212,3호선,녹번,17195,15374,32569
202212,3호선,대청,11385,10871,22256
202212,3호선,대치,12318,12440,24758
202212,3호선,도곡,5863,5991,11854
202212,3호선,독립문,7372,7703,15075
202212,3호선,동대입구,8515,9490,18005
202212,3호선,매봉,14408,13848,28256
202212,3호선,무악재,4566,4565,9131
202212,3호선,불광,16933,17920,34853
202212,3호선,수서,19953,20310,40263
202212,3호선,신사,33737,34896,68633
202212,3호선,안국,29637,30231,59868
202212,3호선,압구정,36782,39481,76263
202212,3호선,약수,14439,13834,28273
202212,3호선,양재,43493,46875,90368
202212,3호선,연신내,37463,35708,73171
202212,3호선,오금,6871,6304,13175
202212,3호선,옥수,9859,10205,20064
202212,3호선,을지로3가,13449,13214,26663
202212,3호선,일원,12495,12015,24510
202212,3호선,잠원,5462,5277,10739
202212,3호선,종로3가,11472,13424,24896
202212,3호선,지축,6439,6251,12690
202212,3호선,충무로,3,0,3
202212,3호선,학여울,1953,2048,4001
202212,3호선,홍제,19055,18329,37384
202212,3호선,가락시장,9577,9296,18873
202212,3호선,경복궁,22226,19618,41844
202212,3호선,경찰병원,7512,7674,15186
202212,3호선,고속터미널,56927,55799,112726
202212,3호선,교대,15575,9823,25398
202212,3호선,구파발,22004,25414,47418
202212,3호선,금호,7459,7798,15257
202212,3호선,남부터미널,34091,33689,67780
202212,3호선,녹번,13957,14875,28832
202212,3호선,대청,12232,11140,23372
202212,3호선,대치,11612,11910,23522
202212,3호선,도곡,5564,5327,10891
202212,3호선,독립문,6797,6612,13409
202212,3호선,동대입구,8896,9028,17924
202212,3호선,매봉,12928,12356,25284
202212,3호선,무악재,3752,3952,7704
202212,3호선,불광,14967,17324,32291
202212,3호선,수서,19327,18932,38259
202212,3호선,신사,32285,33430,65715
202212,3호선,안국,26455,22217,48672
202212,3호선,압구정,36084,38547,74631
202212,3호선,약수,13571,14014,27585
202212,3호선,양재,40486,40605,81091
202212,3호선,연신내,38503,35162,73665
202212,3호선,오금,6390,6008,12398
202212,3호선,옥수,9051,9435,18486
202212,3호선,을지로3가,12056,10218,22274
202212,3호선,일원,11382,10434,21816
202212,3호선,잠원,4875,4739,9614
202212,3호선,종로3가,11133,14022,25155
202212,3호선,지축,5493,5674,11167
202212,3호선,충무로,4,0,4
202212,3호선,학여울,1817,1837,3654
202212,3호선,홍제,15790,17459,33249
202212,3호선,가락시장,9416,9264,18680
202212,3호선,경복궁,22232,22705,44937
202212,3호선,경찰병원,7575,7749,15324
202212,3호선,고속터미널,47166,44251,91417
202212,3호선,교대,15066,9806,24872
202212,3호선,구파발,21157,20260,41417
202212,3호선,금호,7982,7506,15488
202212,3호선,남부터미널,29093,29845,58938
202212,3호선,녹번,15614,14338,29952
202212,3호선,대청,10508,9979,20487
202212,3호선,대치,11309,11250,22559
202212,3호선,도곡,5280,5286,10566
202212,3호선,독립문,6928,6978,13906
202212,3호선,동대입구,7450,8119,15569
202212,3호선,매봉,12869,12378,25247
202212,3호선,무악재,4162,4128,8290
202212,3호선,불광,16131,17291,33422
202212,3호선,수서,18117,18365,36482
202212,3호선,신사,31102,32104,63206
202212,3호선,안국,25147,25945,51092
202212,3호선,압구정,34198,36779,70977
202212,3호선,약수,13380,12971,26351
202212,3호선,양재,37328,40564,77892
202212,3호선,연신내,35687,34079,69766
202212,3호선,오금,6327,5657,11984
202212,3호선,옥수,8683,9054,17737
202212,3호선,을지로3가,12117,11822,23939
202212,3호선,일원,11241,10869,22110
202212,3호선,잠원,4904,4771,9675
202212,3호선,종로3가,11065,12786,23851
202212,3호선,지축,6129,6035,12164
202212,3호선,충무로,4,0,4
202212,3호선,학여울,1771,1768,3539
202212,3호선,홍제,17941,17161,35102
202212,3호선,가락시장,9989,9956,19945
202212,3호선,경복궁,22509,22597,45106
202212,3호선,경찰병원,7853,8035,15888
202212,3호선,고속터미널,46683,44169,90852
202212,3호선,교대,15864,10183,26047
202212,3호선,구파발,22378,21429,43807
202212,3호선,금호,8253,7704,15957
202212,3호선,남부터미널,30936,32000,62936
202212,3호선,녹번,16447,14858,31305
202212,3호선,대청,11004,10287,21291
202212,3호선,대치,11838,11963,23801
202212,3호선,도곡,5415,5461,10876
202212,3호선,독립문,7706,7686,15392
202212,3호선,동대입구,7746,8523,16269
202212,3호선,매봉,13680,13201,26881
202212,3호선,무악재,4413,4395,8808
202212,3호선,불광,16948,18129,35077
202212,3호선,수서,17988,18849,36837
202212,3호선,신사,33057,34421,67478
202212,3호선,안국,27016,28468,55484
202212,3호선,압구정,36136,39059,75195
202212,3호선,약수,13730,13370,27100
202212,3호선,양재,39597,43031,82628
202212,3호선,연신내,37150,35105,72255
202212,3호선,오금,6655,5952,12607
202212,3호선,옥수,9179,9451,18630
202212,3호선,을지로3가,12101,12067,24168
202212,3호선,일원,11475,10928,22403
202212,3호선,잠원,5078,4943,10021
202212,3호선,종로3가,11381,13318,24699
202212,3호선,지축,6463,6332,12795
202212,3호선,충무로,1,0,1
202212,3호선,학여울,1824,1861,3685
202212,3호선,홍제,18454,17406,35860
202212,3호선,가락시장,10097,9831,19928
202212,3호선,경복궁,25585,25848,51433
202212,3호선,경찰병원,8024,8093,16117
202212,3호선,고속터미널,47453,45284,92737
202212,3호선,교대,16109,10470,26579
202212,3호선,구파발,22034,21232,43266
202212,3호선,금호,8276,7779,16055
202212,3호선,남부터미널,30668,31551,62219
202212,3호선,녹번,16698,14882,31580
202212,3호선,대청,11203,10372,21575
202212,3호선,대치,11480,11493,22973
202212,3호선,도곡,5417,5455,10872
202212,3호선,독립문,7780,7961,15741
202212,3호선,동대입구,8040,8633,16673
202212,3호선,매봉,13422,13060,26482
202212,3호선,무악재,4454,4323,8777
202212,3호선,불광,16686,17974,34660
202212,3호선,수서,18506,19104,37610
202212,3호선,신사,32365,33454,65819
202212,3호선,안국,28601,29793,58394
202212,3호선,압구정,35798,38967,74765
202212,3호선,약수,13849,13411,27260
202212,3호선,양재,39630,43224,82854
202212,3호선,연신내,37334,35321,72655
202212,3호선,오금,6616,5860,12476
202212,3호선,옥수,9255,9598,18853
202212,3호선,을지로3가,12706,12543,25249
202212,3호선,일원,11434,10990,22424
202212,3호선,잠원,5066,4975,10041
202212,3호선,종로3가,11438,13445,24883
202212,3호선,지축,6472,6194,12666
202212,3호선,충무로,2,0,2
202212,3호선,학여울,1871,1939,3810
202212,3호선,홍제,18325,17475,35800
202212,3호선,가락시장,9780,9770,19550
202212,3호선,경복궁,24161,24241,48402
202212,3호선,경찰병원,7806,7804,15610
202212,3호선,고속터미널,48082,48214,96296
202212,3호선,교대,15485,10098,25583
202212,3호선,구파발,21595,20795,42390
202212,3호선,금호,8276,7544,15820
202212,3호선,남부터미널,30565,31546,62111
202212,3호선,녹번,16301,14651,30952
202212,3호선,대청,10802,9990,20792
202212,3호선,대치,11563,11649,23212
202212,3호선,도곡,4910,4877,9787
202212,3호선,독립문,7365,7544,14909
202212,3호선,동대입구,7630,8505,16135
202212,3호선,매봉,13014,12743,25757
202212,3호선,무악재,4321,4222,8543
202212,3호선,불광,16702,17650,34352
202212,3호선,수서,18364,18484,36848
202212,3호선,신사,32510,33907,66417
202212,3호선,안국,27079,28326,55405
202212,3호선,압구정,34993,37893,72886
202212,3호선,약수,13805,13183,26988
202212,3호선,양재,38432,41792,80224
202212,3호선,연신내,36828,35111,71939
202212,3호선,오금,6447,5818,12265
202212,3호선,옥수,9177,9387,18564
202212,3호선,을지로3가,12368,12354,24722
202212,3호선,일원,11693,11025,22718
202212,3호선,잠원,5128,4771,9899
202212,3호선,종로3가,11399,13563,24962
202212,3호선,지축,6334,6089,12423
202212,3호선,충무로,2,0,2
202212,3호선,학여울,1780,1843,3623
202212,3호선,홍제,18156,17075,35231
202212,3호선,가락시장,9323,9381,18704
202212,3호선,경복궁,23431,23986,47417
202212,3호선,경찰병원,7165,7089,14254
202212,3호선,고속터미널,53139,58303,111442
202212,3호선,교대,13875,8746,22621
202212,3호선,구파발,21839,20738,42577
202212,3호선,금호,8247,7584,15831
202212,3호선,남부터미널,30547,32162,62709
202212,3호선,녹번,15724,13736,29460
202212,3호선,대청,10535,9757,20292
202212,3호선,대치,12012,11939,23951
202212,3호선,도곡,4710,4691,9401
202212,3호선,독립문,7496,7334,14830
202212,3호선,동대입구,9236,10441,19677
202212,3호선,매봉,11967,11598,23565
202212,3호선,무악재,4204,4031,8235
202212,3호선,불광,16584,17805,34389
202212,3호선,수서,18147,18574,36721
202212,3호선,신사,30942,33515,64457
202212,3호선,안국,24662,25968,50630
202212,3호선,압구정,35168,38607,73775
202212,3호선,약수,13712,12915,26627
202212,3호선,양재,36022,37407,73429
202212,3호선,연신내,37972,35777,73749
202212,3호선,오금,6161,5402,11563
202212,3호선,옥수,9303,9414,18717
202212,3호선,을지로3가,11984,12111,24095
202212,3호선,일원,10512,9567,20079
202212,3호선,잠원,5002,4786,9788
202212,3호선,종로3가,11298,14312,25610
202212,3호선,지축,6219,5928,12147
202212,3호선,충무로,3,0,3
202212,3호선,학여울,1724,1710,3434
202212,3호선,홍제,17987,17052,35039
