사용월,호선명,지하철역,승차총승객수,하차총승객수,승하차총승객수
202201,4호선,길음,18514,18360,36874
202201,4호선,남태령,1067,957,2024
202201,4호선,노원,17081,19302,36383
202201,4호선,당고개,11937,10861,22798
202201,4호선,동대문,15986,17333,33319
202201,4호선,동대문역사문화공원,12919,11870,24789
202201,4호선,동작,1211,1326,2537
202201,4호선,명동,16690,17130,33820
202201,4호선,미아,13522,13423,26945
202201,4호선,미아사거리,25411,24781,50192
202201,4호선,사당,21998,18031,40029
202201,4호선,삼각지,4305,4535,8840
202201,4호선,상계,17534,16370,33904
202201,4호선,서울,10530,14163,24693
202201,4호선,성신여대입구,17836,17395,35231
202201,4호선,수유,31181,31335,62516
202201,4호선,숙대입구,11267,11049,22316
202201,4호선,신용산,15785,16298,32083
202201,4호선,쌍문,27554,25499,53053
202201,4호선,이촌,6487,7139,13626
202201,4호선,창동,23393,24745,48138
202201,4호선,총신대입구,17147,18611,35758
202201,4호선,충무로,23771,24715,48486
202201,4호선,한성대입구,11725,11684,23409
202201,4호선,혜화,26726,26831,53557
202201,4호선,회현,21960,23110,45070
202201,4호선,길음,19007,18769,37776
202201,4호선,남태령,1066,973,2039
202201,4호선,노원,17883,19899,37782
202201,4호선,당고개,11977,10931,22908
202201,4호선,동대문,18485,18876,37361
202201,4호선,동대문역사문화공원,13742,12629,26371
202201,4호선,동작,1298,1517,2815
202201,4호선,명동,17294,17590,34884
202201,4호선,미아,13880,13550,27430
202201,4호선,미아사거리,26234,25576,51810
202201,4호선,사당,23412,19014,42426
202201,4호선,삼각지,4628,5077,9705
202201,4호선,상계,18022,16870,34892
202201,4호선,서울,10632,14490,25122
202201,4호선,성신여대입구,18370,17764,36134
202201,4호선,수유,32097,32251,64348
202201,4호선,숙대입구,11765,11618,23383
202201,4호선,신용산,15966,16660,32626
202201,4호선,쌍문,28297,26385,54682
202201,4호선,이촌,6816,7618,14434
202201,4호선,창동,23838,25271,49109
202201,4호선,총신대입구,18023,19516,37539
202201,4호선,충무로,24984,25705,50689
202201,4호선,한성대입구,12067,11996,24063
202201,4호선,혜화,30100,29979,60079
202201,4호선,회현,23355,24635,47990
202201,4호선,길음,19539,19120,38659
202201,4호선,남태령,1086,1000,2086
202201,4호선,노원,17796,20020,37816
202201,4호선,당고개,12192,11086,23278
202201,4호선,동대문,18478,19012,37490
202201,4호선,동대문역사문화공원,14053,12861,26914
202201,4호선,동작,1282,1403,2685
202201,4호선,명동,17459,18007,35466
202201,4호선,미아,13948,13714,27662
202201,4호선,미아사거리,25965,25465,51430
202201,4호선,사당,23635,19229,42864
202201,4호선,삼각지,4749,5174,9923
202201,4호선,상계,18236,17060,35296
202201,4호선,서울,10765,14349,25114
202201,4호선,성신여대입구,18464,17978,36442
202201,4호선,수유,32049,32473,64522
202201,4호선,숙대입구,11971,11758,23729
202201,4호선,신용산,16286,16916,33202
202201,4호선,쌍문,28306,26430,54736
202201,4호선,이촌,6927,7595,14522
202201,4호선,창동,24279,25556,49835
202201,4호선,총신대입구,18226,19766,37992
202201,4호선,충무로,25051,25916,50967
202201,4호선,한성대입구,12363,11937,24300
202201,4호선,혜화,30376,30578,60954
202201,4호선,회현,23156,24626,47782
202201,4호선,길음,19734,19234,38968
202201,4호선,남태령,1102,1020,2122
202201,4호선,노원,18100,20257,38357
202201,4호선,당고개,12127,11244,23371
202201,4호선,동대문,19087,19146,38233
202201,4호선,동대문역사문화공원,14336,13078,27414
202201,4호선,동작,1368,1589,2957
202201,4호선,명동,17458,18050,35508
202201,4호선,미아,14049,13718,27767
202201,4호선,미아사거리,26262,25624,51886
202201,4호선,사당,24095,19898,43993
202201,4호선,삼각지,4927,5320,10247
202201,4호선,상계,18513,17300,35813
202201,4호선,서울,10702,15245,25947
202201,4호선,성신여대입구,18785,18085,36870
202201,4호선,수유,32339,32611,64950
202201,4호선,숙대입구,12026,11595,23621
202201,4호선,신용산,16282,17089,33371
202201,4호선,쌍문,28423,26462,54885
202201,4호선,이촌,7012,7708,14720
202201,4호선,창동,24528,25927,50455
202201,4호선,총신대입구,18184,19517,37701
202201,4호선,충무로,25149,26180,51329
202201,4호선,한성대입구,12166,12002,24168
202201,4호선,혜화,31412,31451,62863
202201,4호선,회현,24075,25419,49494
202201,4호선,길음,19750,19316,39066
202201,4호선,남태령,1205,1022,2227
202201,4호선,노원,18691,21382,40073
202201,4호선,당고개,12535,11456,23991
202201,4호선,동대문,19038,19595,38633
202201,4호선,동대문역사문화공원,14537,13498,28035
202201,4호선,동작,1340,1514,2854
202201,4호선,명동,18013,18848,36861
202201,4호선,미아,14217,13867,28084
202201,4호선,미아사거리,27010,26344,53354
202201,4호선,사당,25145,20410,45555
202201,4호선,삼각지,5038,5553,10591
202201,4호선,상계,18641,17387,36028
202201,4호선,서울,10652,16669,27321
202201,4호선,성신여대입구,19469,18995,38464
202201,4호선,수유,33541,33993,67534
202201,4호선,숙대입구,12255,12066,24321
202201,4호선,신용산,16603,17333,33936
202201,4호선,쌍문,28939,26844,55783
202201,4호선,이촌,7375,8077,15452
202201,4호선,창동,25424,26896,52320
202201,4호선,총신대입구,18947,20435,39382
202201,4호선,충무로,24993,26020,51013
202201,4호선,한성대입구,12811,12299,25110
202201,4호선,혜화,31292,31128,62420
202201,4호선,회현,23983,25829,49812
202201,4호선,길음,19385,19094,38479
202201,4호선,남태령,1069,972,2041
202201,4호선,노원,17808,19723,37531
202201,4호선,당고개,12298,11092,23390
202201,4호선,동대문,18743,19438,38181
202201,4호선,동대문역사문화공원,13951,12696,26647
202201,4호선,동작,1246,1385,2631
202201,4호선,명동,17182,17514,34696
202201,4호선,미아,14023,13805,27828
202201,4호선,미아사거리,26067,25171,51238
202201,4호선,사당,23239,18896,42135
202201,4호선,삼각지,4561,4865,9426
202201,4호선,상계,18546,17457,36003
202201,4호선,서울,10949,15215,26164
202201,4호선,성신여대입구,18591,18222,36813
202201,4호선,수유,32100,32556,64656
202201,4호선,숙대입구,11764,11630,23394
202201,4호선,신용산,15883,16722,32605
202201,4호선,쌍문,28398,26224,54622
202201,4호선,이촌,6609,7322,13931
202201,4호선,창동,24164,25627,49791
202201,4호선,총신대입구,17661,19314,36975
202201,4호선,충무로,25129,25945,51074
202201,4호선,한성대입구,12170,11867,24037
202201,4호선,혜화,28140,28097,56237
202201,4호선,회현,22980,24325,47305
202201,4호선,길음,19634,19245,38879
202201,4호선,남태령,1081,1007,2088
202201,4호선,노원,18026,19987,38013
202201,4호선,당고개,12186,11114,23300
202201,4호선,동대문,18663,19213,37876
202201,4호선,동대문역사문화공원,14250,12926,27176
202201,4호선,동작,1088,1281,2369
202201,4호선,명동,17183,17804,34987
202201,4호선,미아,14128,13910,28038
202201,4호선,미아사거리,26065,25483,51548
202201,4호선,사당,24414,19734,44148
202201,4호선,삼각지,4786,5212,9998
202201,4호선,상계,18548,17364,35912
202201,4호선,서울,10936,15468,26404
202201,4호선,성신여대입구,18941,18192,37133
202201,4호선,수유,32283,32384,64667
202201,4호선,숙대입구,12221,12127,24348
202201,4호선,신용산,16676,17377,34053
202201,4호선,쌍문,28288,26179,54467
202201,4호선,이촌,7260,8050,15310
202201,4호선,창동,23981,25463,49444
202201,4호선,총신대입구,18045,19422,37467
202201,4호선,충무로,25437,26134,51571
202201,4호선,한성대입구,12437,12222,24659
202201,4호선,혜화,30758,30527,61285
202201,4호선,회현,23143,24333,47476
202201,4호선,길음,19129,18874,38003
202201,4호선,남태령,1090,987,2077
202201,4호선,노원,17841,19913,37754
202201,4호선,당고개,11963,10816,22779
202201,4호선,동대문,18101,18776,36877
202201,4호선,동대문역사문화공원,14445,13133,27578
202201,4호선,동작,1109,1292,2401
202201,4호선,명동,17095,17644,34739
202201,4호선,미아,13828,13839,27667
202201,4호선,미아사거리,25971,25240,51211
202201,4호선,사당,23786,19455,43241
202201,4호선,삼각지,4896,5283,10179
202201,4호선,상계,18061,16862,34923
202201,4호선,서울,10818,15502,26320
202201,4호선,성신여대입구,18692,18193,36885
202201,4호선,수유,32067,32526,64593
202201,4호선,숙대입구,12046,11835,23881
202201,4호선,신용산,16392,17376,33768
202201,4호선,쌍문,28186,26006,54192
202201,4호선,이촌,7226,7950,15176
202201,4호선,창동,23845,25281,49126
202201,4호선,총신대입구,18049,19625,37674
202201,4호선,충무로,25529,26150,51679
202201,4호선,한성대입구,12352,11993,24345
202201,4호선,혜화,31023,30708,61731
202201,4호선,회현,22312,23727,46039
202201,4호선,길음,19270,18937,38207
202201,4호선,남태령,1088,994,2082
202201,4호선,노원,17751,19837,37588
202201,4호선,당고개,12088,11190,23278
202201,4호선,동대문,18413,19043,37456
202201,4호선,동대문역사문화공원,14482,13212,27694
202201,4호선,동작,1105,1259,2364
202201,4호선,명동,17364,17384,34748
202201,4호선,미아,13878,13624,27502
202201,4호선,미아사거리,26099,25436,51535
202201,4호선,사당,24403,19705,44108
202201,4호선,삼각지,4916,5396,10312
202201,4호선,상계,18021,16959,34980
202201,4호선,서울,11030,15854,26884
202201,4호선,성신여대입구,18884,18336,37220
202201,4호선,수유,32117,32431,64548
202201,4호선,숙대입구,11944,11937,23881
202201,4호선,신용산,16496,17106,33602
202201,4호선,쌍문,28251,26244,54495
202201,4호선,이촌,7181,7904,15085
202201,4호선,창동,23936,25352,49288
202201,4호선,총신대입구,17934,19380,37314
202201,4호선,충무로,25471,26227,51698
202201,4호선,한성대입구,12306,12050,24356
202201,4호선,혜화,31180,30983,62163
202201,4호선,회현,23003,24099,47102
202201,4호선,길음,19840,19152,38992
202201,4호선,남태령,1239,966,2205
202201,4호선,노원,18569,20974,39543
202201,4호선,당고개,12322,11176,23498
202201,4호선,동대문,18654,19393,38047
202201,4호선,동대문역사문화공원,14586,13656,28242
202201,4호선,동작,1242,1390,2632
202201,4호선,명동,17594,18708,36302
202201,4호선,미아,14074,13766,27840
202201,4호선,미아사거리,26700,26307,53007
202201,4호선,사당,25293,20702,45995
202201,4호선,삼각지,5083,5694,10777
202201,4호선,상계,18309,17103,35412
202201,4호선,서울,10987,17339,28326
202201,4호선,성신여대입구,19424,18872,38296
202201,4호선,수유,33171,33803,66974
202201,4호선,숙대입구,12296,12171,24467
202201,4호선,신용산,16627,17469,34096
202201,4호선,쌍문,29068,26525,55593
202201,4호선,이촌,7384,7979,15363
202201,4호선,창동,25026,26668,51694
202201,4호선,총신대입구,18606,20378,38984
202201,4호선,충무로,25463,26449,51912
202201,4호선,한성대입구,12642,12273,24915
202201,4호선,혜화,31658,31449,63107
202201,4호선,회현,23424,25031,48455
202201,4호선,길음,19171,19266,38437
202201,4호선,남태령,1055,958,2013
202201,4호선,노원,17812,19759,37571
202201,4호선,당고개,12157,11029,23186
202201,4호선,동대문,19157,19612,38769
202201,4호선,동대문역사문화공원,14043,12770,26813
202201,4호선,동작,1122,1242,2364
202201,4호선,명동,16964,17273,34237
202201,4호선,미아,14028,13794,27822
202201,4호선,미아사거리,25785,25398,51183
202201,4호선,사당,23307,19203,42510
202201,4호선,삼각지,4654,5075,9729
202201,4호선,상계,18270,17361,35631
202201,4호선,서울,11231,15610,26841
202201,4호선,성신여대입구,18530,18070,36600
202201,4호선,수유,32266,32667,64933
202201,4호선,숙대입구,11831,11604,23435
202201,4호선,신용산,16253,16931,33184
202201,4호선,쌍문,28241,26262,54503
202201,4호선,이촌,6829,7619,14448
202201,4호선,창동,24255,25727,49982
202201,4호선,총신대입구,17898,19548,37446
202201,4호선,충무로,25332,25944,51276
202201,4호선,한성대입구,12154,12088,24242
202201,4호선,혜화,29638,29273,58911
202201,4호선,회현,23167,23914,47081
202201,4호선,길음,19839,19667,39506
202201,4호선,남태령,1090,1010,2100
202201,4호선,노원,18190,20371,38561
202201,4호선,당고개,12259,11052,23311
202201,4호선,동대문,18825,19319,38144
202201,4호선,동대문역사문화공원,14127,12935,27062
202201,4호선,동작,1145,1357,2502
202201,4호선,명동,17462,17960,35422
202201,4호선,미아,13943,13711,27654
202201,4호선,미아사거리,26280,25734,52014
202201,4호선,사당,24205,19798,44003
202201,4호선,삼각지,4983,5405,10388
202201,4호선,상계,18490,17349,35839
202201,4호선,서울,11233,15830,27063
202201,4호선,성신여대입구,19065,18471,37536
202201,4호선,수유,32400,32494,64894
202201,4호선,숙대입구,12267,12115,24382
202201,4호선,신용산,16356,17304,33660
202201,4호선,쌍문,28665,26751,55416
202201,4호선,이촌,7199,7981,15180
202201,4호선,창동,24713,25885,50598
202201,4호선,총신대입구,18203,19894,38097
202201,4호선,충무로,25827,26654,52481
202201,4호선,한성대입구,13441,13012,26453
202201,4호선,혜화,31140,30984,62124
202201,4호선,회현,23663,24966,48629
202201,4호선,길음,20527,20368,40895
202201,4호선,남태령,1172,1074,2246
202201,4호선,노원,18489,20463,38952
202201,4호선,당고개,12433,11285,23718
202201,4호선,동대문,18682,19062,37744
202201,4호선,동대문역사문화공원,14751,13501,28252
202201,4호선,동작,1141,1288,2429
202201,4호선,명동,17754,18308,36062
202201,4호선,미아,14011,13758,27769
202201,4호선,미아사거리,26478,26184,52662
202201,4호선,사당,24720,20315,45035
202201,4호선,삼각지,5089,5496,10585
202201,4호선,상계,18658,17579,36237
202201,4호선,서울,11740,16804,28544
202201,4호선,성신여대입구,19398,18921,38319
202201,4호선,수유,32605,33215,65820
202201,4호선,숙대입구,12508,12482,24990
202201,4호선,신용산,17614,18150,35764
202201,4호선,쌍문,29304,27070,56374
202201,4호선,이촌,7960,8761,16721
202201,4호선,창동,24992,26857,51849
202201,4호선,총신대입구,18600,20402,39002
202201,4호선,충무로,27026,27112,54138
202201,4호선,한성대입구,13050,12909,25959
202201,4호선,혜화,33786,33719,67505
202201,4호선,회현,23753,24761,48514
202201,4호선,길음,20242,19745,39987
202201,4호선,남태령,1200,1028,2228
202201,4호선,노원,18417,20411,38828
202201,4호선,당고개,12599,11341,23940
202201,4호선,동대문,18731,19560,38291
202201,4호선,동대문역사문화공원,14544,13593,28137
202201,4호선,동작,1228,1444,2672
202201,4호선,명동,17552,17983,35535
202201,4호선,미아,14226,13962,28188
202201,4호선,미아사거리,26847,26330,53177
202201,4호선,사당,24783,20501,45284
202201,4호선,삼각지,4967,5415,10382
202201,4호선,상계,18627,17450,36077
202201,4호선,서울,11238,16579,27817
202201,4호선,성신여대입구,19481,18901,38382
202201,4호선,수유,32757,32997,65754
202201,4호선,숙대입구,12360,12369,24729
202201,4호선,신용산,16711,17822,34533
202201,4호선,쌍문,29039,26851,55890
202201,4호선,이촌,7571,8291,15862
202201,4호선,창동,25254,26714,51968
202201,4호선,총신대입구,18572,20015,38587
202201,4호선,충무로,26047,27017,53064
202201,4호선,한성대입구,12717,12278,24995
202201,4호선,혜화,32216,32350,64566
202201,4호선,회현,23745,25225,48970
202201,4호선,길음,20628,20695,41323
202201,4호선,남태령,1270,1094,2364
202201,4호선,노원,18736,21582,40318
202201,4호선,당고개,12722,11677,24399
202201,4호선,동대문,19228,19615,38843
202201,4호선,동대문역사문화공원,14538,13702,28240
202201,4호선,동작,1390,1521,2911
202201,4호선,명동,17877,18700,36577
202201,4호선,미아,14514,14166,28680
202201,4호선,미아사거리,27554,27645,55199
202201,4호선,사당,26270,22040,48310
202201,4호선,삼각지,5023,5891,10914
202201,4호선,상계,18300,17754,36054
202201,4호선,서울,11151,17816,28967
202201,4호선,성신여대입구,20198,21328,41526
202201,4호선,수유,33950,34409,68359
202201,4호선,숙대입구,12792,12759,25551
202201,4호선,신용산,17123,17936,35059
202201,4호선,쌍문,29408,27376,56784
202201,4호선,이촌,7698,8574,16272
202201,4호선,창동,27071,28736,55807
202201,4호선,총신대입구,19515,21302,40817
202201,4호선,충무로,26038,26625,52663
202201,4호선,한성대입구,13346,14329,27675
202201,4호선,혜화,32786,31435,64221
202201,4호선,회현,24521,25816,50337
202201,4호선,길음,19473,19235,38708
202201,4호선,남태령,1073,920,1993
202201,4호선,노원,17935,19847,37782
202201,4호선,당고개,12413,11295,23708
202201,4호선,동대문,18765,19329,38094
202201,4호선,동대문역사문화공원,14049,12913,26962
202201,4호선,동작,1423,1549,2972
202201,4호선,명동,16618,16914,33532
202201,4호선,미아,14356,13976,28332
202201,4호선,미아사거리,26696,25958,52654
202201,4호선,사당,23653,19408,43061
202201,4호선,삼각지,4607,5002,9609
202201,4호선,상계,18420,17349,35769
202201,4호선,서울,10864,15442,26306
202201,4호선,성신여대입구,18677,18122,36799
202201,4호선,수유,32610,32765,65375
202201,4호선,숙대입구,11710,11631,23341
202201,4호선,신용산,16064,16987,33051
202201,4호선,쌍문,28862,26646,55508
202201,4호선,이촌,7022,7837,14859
202201,4호선,창동,25062,26335,51397
202201,4호선,총신대입구,18300,19705,38005
202201,4호선,충무로,25413,26315,51728
202201,4호선,한성대입구,12282,11968,24250
202201,4호선,혜화,29518,29506,59024
202201,4호선,회현,23156,24589,47745
202201,4호선,길음,19904,19538,39442
202201,4호선,남태령,1159,1004,2163
202201,4호선,노원,17914,20186,38100
202201,4호선,당고개,12434,11198,23632
202201,4호선,동대문,18394,18926,37320
202201,4호선,동대문역사문화공원,14029,12923,26952
202201,4호선,동작,1231,1493,2724
202201,4호선,명동,16920,17537,34457
202201,4호선,미아,14204,13951,28155
202201,4호선,미아사거리,26691,26124,52815
202201,4호선,사당,24558,20036,44594
202201,4호선,삼각지,4842,5398,10240
202201,4호선,상계,18446,17163,35609
202201,4호선,서울,11021,15894,26915
202201,4호선,성신여대입구,19445,18968,38413
202201,4호선,수유,32834,33064,65898
202201,4호선,숙대입구,12384,12199,24583
202201,4호선,신용산,16324,17487,33811
202201,4호선,쌍문,28803,26707,55510
202201,4호선,이촌,7452,8035,15487
202201,4호선,창동,24991,26527,51518
202201,4호선,총신대입구,18574,20086,38660
202201,4호선,충무로,26245,27324,53569
202201,4호선,한성대입구,12570,12031,24601
202201,4호선,혜화,31447,31146,62593
202201,4호선,회현,22877,24200,47077
202201,4호선,길음,20425,20328,40753
202201,4호선,남태령,1131,975,2106
202201,4호선,노원,18695,20840,39535
202201,4호선,당고개,12691,11350,24041
202201,4호선,동대문,18917,19594,38511
202201,4호선,동대문역사문화공원,14252,13263,27515
202201,4호선,동작,1364,1576,2940
202201,4호선,명동,17457,17794,35251
202201,4호선,미아,14617,14083,28700
202201,4호선,미아사거리,27290,26634,53924
202201,4호선,사당,24444,20090,44534
202201,4호선,삼각지,5029,5546,10575
202201,4호선,상계,18673,17455,36128
202201,4호선,서울,11174,16894,28068
202201,4호선,성신여대입구,19558,18780,38338
202201,4호선,수유,33139,33553,66692
202201,4호선,숙대입구,12460,12309,24769
202201,4호선,신용산,16785,17905,34690
202201,4호선,쌍문,29182,26992,56174
202201,4호선,이촌,7798,8595,16393
202201,4호선,창동,25810,27606,53416
202201,4호선,총신대입구,19151,20800,39951
202201,4호선,충무로,25875,26571,52446
202201,4호선,한성대입구,12863,12645,25508
202201,4호선,혜화,33973,33813,67786
202201,4호선,회현,23364,24782,48146
202201,4호선,길음,20064,19486,39550
202201,4호선,남태령,1108,942,2050
202201,4호선,노원,18127,20115,38242
202201,4호선,당고개,12363,11259,23622
202201,4호선,동대문,18510,19000,37510
202201,4호선,동대문역사문화공원,13977,12868,26845
202201,4호선,동작,1414,1645,3059
202201,4호선,명동,16611,16852,33463
202201,4호선,미아,14353,13996,28349
202201,4호선,미아사거리,26551,26314,52865
202201,4호선,사당,24074,19631,43705
202201,4호선,삼각지,4875,5302,10177
202201,4호선,상계,18555,17190,35745
202201,4호선,서울,10729,17696,28425
202201,4호선,성신여대입구,19315,18279,37594
202201,4호선,수유,32907,32985,65892
202201,4호선,숙대입구,12079,12092,24171
202201,4호선,신용산,16113,17691,33804
202201,4호선,쌍문,28924,26584,55508
202201,4호선,이촌,7212,7992,15204
202201,4호선,창동,25304,26971,52275
202201,4호선,총신대입구,18684,20338,39022
202201,4호선,충무로,25672,26243,51915
202201,4호선,한성대입구,12552,12193,24745
202201,4호선,혜화,33543,33101,66644
202201,4호선,회현,22710,24007,46717
202201,4호선,길음,19463,19418,38881
202201,4호선,남태령,1186,955,2141
202201,4호선,노원,18621,21136,39757
202201,4호선,당고개,12114,11065,23179
202201,4호선,동대문,17050,17620,34670
202201,4호선,동대문역사문화공원,13835,12706,26541
202201,4호선,동작,1355,1610,2965
202201,4호선,명동,16134,16314,32448
202201,4호선,미아,14399,14351,28750
202201,4호선,미아사거리,26889,26476,53365
202201,4호선,사당,24087,19449,43536
202201,4호선,삼각지,4771,5344,10115
202201,4호선,상계,18223,17353,35576
202201,4호선,서울,9898,15116,25014
202201,4호선,성신여대입구,19796,19263,39059
202201,4호선,수유,33455,34060,67515
202201,4호선,숙대입구,12079,11639,23718
202201,4호선,신용산,15167,16406,31573
202201,4호선,쌍문,28444,26551,54995
202201,4호선,이촌,7299,7948,15247
202201,4호선,창동,26258,28091,54349
202201,4호선,총신대입구,18943,20652,39595
202201,4호선,충무로,23789,24833,48622
202201,4호선,한성대입구,12713,12317,25030
202201,4호선,혜화,32104,31056,63160
202201,4호선,회현,22115,22678,44793
202201,4호선,길음,6260,6070,12330
202201,4호선,남태령,407,325,732
202201,4호선,노원,7259,7828,15087
202201,4호선,당고개,4678,4775,9453
202201,4호선,동대문,3474,3495,6969
202201,4호선,동대문역사문화공원,5222,4573,9795
202201,4호선,동작,644,709,1353
202201,4호선,명동,7239,7055,14294
202201,4호선,미아,5564,5345,10909
202201,4호선,미아사거리,10328,10020,20348
202201,4호선,사당,8037,6982,15019
202201,4호선,삼각지,1281,1582,2863
202201,4호선,상계,6743,6665,13408
202201,4호선,서울,2552,5878,8430
202201,4호선,성신여대입구,7219,6703,13922
202201,4호선,수유,13016,12864,25880
202201,4호선,숙대입구,3533,3119,6652
202201,4호선,신용산,4371,4899,9270
202201,4호선,쌍문,10109,9425,19534
202201,4호선,이촌,3511,3730,7241
202201,4호선,창동,10048,10827,20875
202201,4호선,총신대입구,6842,7246,14088
202201,4호선,충무로,4621,4312,8933
202201,4호선,한성대입구,4541,4157,8698
202201,4호선,혜화,10652,10119,20771
202201,4호선,회현,6632,7004,13636
202202,4호선,길음,5870,6068,11938
202202,4호선,남태령,345,308,653
202202,4호선,노원,6767,7299,14066
202202,4호선,당고개,5055,4687,9742
202202,4호선,동대문,1830,1705,3535
202202,4호선,동대문역사문화공원,3784,3337,7121
202202,4호선,동작,543,592,1135
202202,4호선,명동,4780,4531,9311
202202,4호선,미아,5144,4986,10130
202202,4호선,미아사거리,9241,8902,18143
202202,4호선,사당,7021,6430,13451
202202,4호선,삼각지,1014,1403,2417
202202,4호선,상계,6686,6444,13130
202202,4호선,서울,2332,4904,7236
202202,4호선,성신여대입구,6233,6399,12632
202202,4호선,수유,12578,13008,25586
202202,4호선,숙대입구,2928,2906,5834
202202,4호선,신용산,3979,3676,7655
202202,4호선,쌍문,9894,9347,19241
202202,4호선,이촌,1580,1812,3392
202202,4호선,창동,9137,9310,18447
202202,4호선,총신대입구,4717,5295,10012
202202,4호선,충무로,3916,4117,8033
202202,4호선,한성대입구,4395,4574,8969
202202,4호선,혜화,8076,8586,16662
202202,4호선,회현,2040,2063,4103
202202,4호선,길음,7257,7389,14646
202202,4호선,남태령,421,383,804
202202,4호선,노원,9105,9883,18988
202202,4호선,당고개,5662,5241,10903
202202,4호선,동대문,3630,3632,7262
202202,4호선,동대문역사문화공원,5588,5046,10634
202202,4호선,동작,953,1126,2079
202202,4호선,명동,6800,7436,14236
202202,4호선,미아,5821,5617,11438
202202,4호선,미아사거리,12026,11529,23555
202202,4호선,사당,10191,9934,20125
202202,4호선,삼각지,1514,2176,3690
202202,4호선,상계,7561,7137,14698
202202,4호선,서울,2878,5400,8278
202202,4호선,성신여대입구,8456,9357,17813
202202,4호선,수유,15158,15265,30423
202202,4호선,숙대입구,4199,4297,8496
202202,4호선,신용산,5926,5597,11523
202202,4호선,쌍문,11818,10774,22592
202202,4호선,이촌,3757,4133,7890
202202,4호선,창동,11877,12112,23989
202202,4호선,총신대입구,6878,7861,14739
202202,4호선,충무로,5541,6223,11764
202202,4호선,한성대입구,5191,5810,11001
202202,4호선,혜화,13292,14450,27742
202202,4호선,회현,3906,4387,8293
202202,4호선,길음,17611,17768,35379
202202,4호선,남태령,992,921,1913
202202,4호선,노원,16576,18649,35225
202202,4호선,당고개,11457,10508,21965
202202,4호선,동대문,14719,16089,30808
202202,4호선,동대문역사문화공원,12380,11757,24137
202202,4호선,동작,1307,1401,2708
202202,4호선,명동,14980,15469,30449
202202,4호선,미아,12971,12677,25648
202202,4호선,미아사거리,24307,23849,48156
202202,4호선,사당,20585,17051,37636
202202,4호선,삼각지,4132,4509,8641
202202,4호선,상계,16693,15544,32237
202202,4호선,서울,8832,11956,20788
202202,4호선,성신여대입구,17037,17003,34040
202202,4호선,수유,30668,30860,61528
202202,4호선,숙대입구,11000,10743,21743
202202,4호선,신용산,14650,14712,29362
202202,4호선,쌍문,26394,24517,50911
202202,4호선,이촌,6453,7112,13565
202202,4호선,창동,22451,23686,46137
202202,4호선,총신대입구,16221,17803,34024
202202,4호선,충무로,22729,23895,46624
202202,4호선,한성대입구,11440,11684,23124
202202,4호선,혜화,27037,27280,54317
202202,4호선,회현,18511,19536,38047
202202,4호선,길음,18434,18594,37028
202202,4호선,남태령,1073,980,2053
202202,4호선,노원,17625,19917,37542
202202,4호선,당고개,12085,11068,23153
202202,4호선,동대문,17817,18388,36205
202202,4호선,동대문역사문화공원,13522,12509,26031
202202,4호선,동작,1219,1357,2576
202202,4호선,명동,15660,16385,32045
202202,4호선,미아,13598,13446,27044
202202,4호선,미아사거리,25956,25355,51311
202202,4호선,사당,22607,18592,41199
202202,4호선,삼각지,4533,5023,9556
202202,4호선,상계,17248,16177,33425
202202,4호선,서울,9371,13533,22904
202202,4호선,성신여대입구,18724,18445,37169
202202,4호선,수유,32001,32654,64655
202202,4호선,숙대입구,11744,11541,23285
202202,4호선,신용산,15292,15589,30881
202202,4호선,쌍문,27554,25647,53201
202202,4호선,이촌,6973,7621,14594
202202,4호선,창동,23589,25128,48717
202202,4호선,총신대입구,17472,18965,36437
202202,4호선,충무로,23847,24504,48351
202202,4호선,한성대입구,12549,12708,25257
202202,4호선,혜화,28568,28197,56765
202202,4호선,회현,21611,22641,44252
202202,4호선,길음,18428,18354,36782
202202,4호선,남태령,990,899,1889
202202,4호선,노원,16959,18667,35626
202202,4호선,당고개,11845,10527,22372
202202,4호선,동대문,17953,18416,36369
202202,4호선,동대문역사문화공원,13443,12398,25841
202202,4호선,동작,1358,1524,2882
202202,4호선,명동,15712,15793,31505
202202,4호선,미아,14078,13868,27946
202202,4호선,미아사거리,25368,24656,50024
202202,4호선,사당,22020,17908,39928
202202,4호선,삼각지,4372,4786,9158
202202,4호선,상계,17394,16490,33884
202202,4호선,서울,10287,13919,24206
202202,4호선,성신여대입구,17623,17168,34791
202202,4호선,수유,31162,31375,62537
202202,4호선,숙대입구,11361,11264,22625
202202,4호선,신용산,15017,15624,30641
202202,4호선,쌍문,27421,25592,53013
202202,4호선,이촌,6539,7378,13917
202202,4호선,창동,23468,24859,48327
202202,4호선,총신대입구,17189,18653,35842
202202,4호선,충무로,24197,24757,48954
202202,4호선,한성대입구,11704,11598,23302
202202,4호선,혜화,27430,27100,54530
202202,4호선,회현,21317,22355,43672
202202,4호선,길음,18842,18750,37592
202202,4호선,남태령,1052,938,1990
202202,4호선,노원,17612,19557,37169
202202,4호선,당고개,11884,10841,22725
202202,4호선,동대문,18334,18820,37154
202202,4호선,동대문역사문화공원,13282,12207,25489
202202,4호선,동작,1361,1499,2860
202202,4호선,명동,15948,16352,32300
202202,4호선,미아,14079,13913,27992
202202,4호선,미아사거리,25744,25070,50814
202202,4호선,사당,23031,18762,41793
202202,4호선,삼각지,4449,4804,9253
202202,4호선,상계,17677,16665,34342
202202,4호선,서울,10252,13864,24116
202202,4호선,성신여대입구,17965,17596,35561
202202,4호선,수유,31901,32030,63931
202202,4호선,숙대입구,11841,11551,23392
202202,4호선,신용산,15123,15943,31066
202202,4호선,쌍문,27632,25695,53327
202202,4호선,이촌,6937,7657,14594
202202,4호선,창동,24133,25333,49466
202202,4호선,총신대입구,17459,18947,36406
202202,4호선,충무로,24551,25358,49909
202202,4호선,한성대입구,12287,12217,24504
202202,4호선,혜화,29573,29424,58997
202202,4호선,회현,22006,23106,45112
202202,4호선,길음,19008,19043,38051
202202,4호선,남태령,1069,904,1973
202202,4호선,노원,17535,19609,37144
202202,4호선,당고개,12004,10899,22903
202202,4호선,동대문,18185,18727,36912
202202,4호선,동대문역사문화공원,13770,12474,26244
202202,4호선,동작,1392,1570,2962
202202,4호선,명동,16275,16716,32991
202202,4호선,미아,14355,13886,28241
202202,4호선,미아사거리,25947,25171,51118
202202,4호선,사당,23071,18893,41964
202202,4호선,삼각지,4612,4979,9591
202202,4호선,상계,17717,16745,34462
202202,4호선,서울,10314,14148,24462
202202,4호선,성신여대입구,18426,17827,36253
202202,4호선,수유,32036,32275,64311
202202,4호선,숙대입구,11737,11545,23282
202202,4호선,신용산,15353,16126,31479
202202,4호선,쌍문,27741,25764,53505
202202,4호선,이촌,7023,7819,14842
202202,4호선,창동,23690,25083,48773
202202,4호선,총신대입구,17938,19321,37259
202202,4호선,충무로,24550,25364,49914
202202,4호선,한성대입구,12308,11949,24257
202202,4호선,혜화,30310,30150,60460
202202,4호선,회현,22049,23352,45401
202202,4호선,길음,18877,18775,37652
202202,4호선,남태령,1078,978,2056
202202,4호선,노원,17572,19560,37132
202202,4호선,당고개,12148,11104,23252
202202,4호선,동대문,18131,18681,36812
202202,4호선,동대문역사문화공원,13810,12431,26241
202202,4호선,동작,1471,1586,3057
202202,4호선,명동,16216,16665,32881
202202,4호선,미아,14190,13947,28137
202202,4호선,미아사거리,25908,25399,51307
202202,4호선,사당,22936,18752,41688
202202,4호선,삼각지,5877,6011,11888
202202,4호선,상계,17710,16783,34493
202202,4호선,서울,10352,14458,24810
202202,4호선,성신여대입구,18280,17734,36014
202202,4호선,수유,31750,31967,63717
202202,4호선,숙대입구,11815,11567,23382
202202,4호선,신용산,15261,16071,31332
202202,4호선,쌍문,27659,25749,53408
202202,4호선,이촌,6848,7569,14417
202202,4호선,창동,23996,25478,49474
202202,4호선,총신대입구,17693,19227,36920
202202,4호선,충무로,24714,25442,50156
202202,4호선,한성대입구,12138,11844,23982
202202,4호선,혜화,30074,30029,60103
202202,4호선,회현,22300,23383,45683
202202,4호선,길음,18837,19043,37880
202202,4호선,남태령,1142,1171,2313
202202,4호선,노원,18100,21031,39131
202202,4호선,당고개,12120,11241,23361
202202,4호선,동대문,18209,18657,36866
202202,4호선,동대문역사문화공원,14100,12855,26955
202202,4호선,동작,1520,1848,3368
202202,4호선,명동,16412,16509,32921
202202,4호선,미아,14401,14357,28758
202202,4호선,미아사거리,26615,26665,53280
202202,4호선,사당,24422,20062,44484
202202,4호선,삼각지,4790,5355,10145
202202,4호선,상계,17852,17394,35246
202202,4호선,서울,10222,15426,25648
202202,4호선,성신여대입구,18767,18719,37486
202202,4호선,수유,32480,33371,65851
202202,4호선,숙대입구,11779,11402,23181
202202,4호선,신용산,15350,15600,30950
202202,4호선,쌍문,27320,26540,53860
202202,4호선,이촌,7097,7739,14836
202202,4호선,창동,25522,27115,52637
202202,4호선,총신대입구,18171,20061,38232
202202,4호선,충무로,25103,26115,51218
202202,4호선,한성대입구,12534,12281,24815
202202,4호선,혜화,29706,28985,58691
202202,4호선,회현,21964,22473,44437
202202,4호선,길음,18149,18367,36516
202202,4호선,남태령,1029,947,1976
202202,4호선,노원,16809,18815,35624
202202,4호선,당고개,11735,10825,22560
202202,4호선,동대문,18110,18108,36218
202202,4호선,동대문역사문화공원,13427,12170,25597
202202,4호선,동작,1271,1417,2688
202202,4호선,명동,15613,15976,31589
202202,4호선,미아,13576,13405,26981
202202,4호선,미아사거리,25163,24820,49983
202202,4호선,사당,22395,18018,40413
202202,4호선,삼각지,4362,4710,9072
202202,4호선,상계,17471,16470,33941
202202,4호선,서울,10281,14493,24774
202202,4호선,성신여대입구,17768,17428,35196
202202,4호선,수유,31244,31313,62557
202202,4호선,숙대입구,11409,11144,22553
202202,4호선,신용산,15029,15761,30790
202202,4호선,쌍문,27047,25266,52313
202202,4호선,이촌,6405,7264,13669
202202,4호선,창동,23397,24839,48236
202202,4호선,총신대입구,17191,18754,35945
202202,4호선,충무로,23769,24452,48221
202202,4호선,한성대입구,11713,11595,23308
202202,4호선,혜화,27651,27177,54828
202202,4호선,회현,21724,22136,43860
202202,4호선,길음,18407,18438,36845
202202,4호선,남태령,1067,974,2041
202202,4호선,노원,16978,18972,35950
202202,4호선,당고개,11898,10882,22780
202202,4호선,동대문,17439,18038,35477
202202,4호선,동대문역사문화공원,13096,11885,24981
202202,4호선,동작,1224,1464,2688
202202,4호선,명동,15719,15709,31428
202202,4호선,미아,13505,13337,26842
202202,4호선,미아사거리,24990,24655,49645
202202,4호선,사당,22938,18619,41557
202202,4호선,삼각지,4485,4909,9394
202202,4호선,상계,17443,16480,33923
202202,4호선,서울,10264,14269,24533
202202,4호선,성신여대입구,17987,17493,35480
202202,4호선,수유,31040,31520,62560
202202,4호선,숙대입구,11550,11332,22882
202202,4호선,신용산,14973,15718,30691
202202,4호선,쌍문,26870,25249,52119
202202,4호선,이촌,6657,7505,14162
202202,4호선,창동,23239,24746,47985
202202,4호선,총신대입구,17333,18786,36119
202202,4호선,충무로,24249,24852,49101
202202,4호선,한성대입구,11921,11789,23710
202202,4호선,혜화,29869,29285,59154
202202,4호선,회현,21449,22290,43739
202202,4호선,길음,18175,18125,36300
202202,4호선,남태령,1012,912,1924
202202,4호선,노원,16471,18517,34988
202202,4호선,당고개,11368,10536,21904
202202,4호선,동대문,17117,17566,34683
202202,4호선,동대문역사문화공원,13366,11955,25321
202202,4호선,동작,1088,1197,2285
202202,4호선,명동,15743,16007,31750
202202,4호선,미아,13226,13031,26257
202202,4호선,미아사거리,24139,23697,47836
202202,4호선,사당,22322,18015,40337
202202,4호선,삼각지,4373,4746,9119
202202,4호선,상계,17033,16252,33285
202202,4호선,서울,10086,14144,24230
202202,4호선,성신여대입구,17322,16976,34298
202202,4호선,수유,30289,30744,61033
202202,4호선,숙대입구,11481,11091,22572
202202,4호선,신용산,14687,15376,30063
202202,4호선,쌍문,26410,24856,51266
202202,4호선,이촌,6673,7395,14068
202202,4호선,창동,22752,24001,46753
202202,4호선,총신대입구,16736,18203,34939
202202,4호선,충무로,24005,24470,48475
202202,4호선,한성대입구,11665,11542,23207
202202,4호선,혜화,30534,29710,60244
202202,4호선,회현,20709,21639,42348
202202,4호선,길음,17871,18127,35998
202202,4호선,남태령,985,867,1852
202202,4호선,노원,16559,18447,35006
202202,4호선,당고개,11286,10423,21709
202202,4호선,동대문,17048,17454,34502
202202,4호선,동대문역사문화공원,13374,12175,25549
202202,4호선,동작,1123,1359,2482
202202,4호선,명동,15314,15487,30801
202202,4호선,미아,13058,12973,26031
202202,4호선,미아사거리,24076,23546,47622
202202,4호선,사당,22092,18049,40141
202202,4호선,삼각지,4376,4778,9154
202202,4호선,상계,17091,16017,33108
202202,4호선,서울,9891,14218,24109
202202,4호선,성신여대입구,17583,16938,34521
202202,4호선,수유,30218,30759,60977
202202,4호선,숙대입구,11224,11048,22272
202202,4호선,신용산,14531,15295,29826
202202,4호선,쌍문,26343,24741,51084
202202,4호선,이촌,6296,7002,13298
202202,4호선,창동,22465,24040,46505
202202,4호선,총신대입구,16334,17683,34017
202202,4호선,충무로,24690,25407,50097
202202,4호선,한성대입구,11459,11306,22765
202202,4호선,혜화,28863,28627,57490
202202,4호선,회현,20240,21375,41615
202202,4호선,길음,18369,18044,36413
202202,4호선,남태령,1153,942,2095
202202,4호선,노원,17476,19699,37175
202202,4호선,당고개,11894,10955,22849
202202,4호선,동대문,17836,18382,36218
202202,4호선,동대문역사문화공원,13823,12567,26390
202202,4호선,동작,1301,1540,2841
202202,4호선,명동,16034,16708,32742
202202,4호선,미아,13810,13552,27362
202202,4호선,미아사거리,25268,24883,50151
202202,4호선,사당,23318,19142,42460
202202,4호선,삼각지,4580,5117,9697
202202,4호선,상계,17394,16423,33817
202202,4호선,서울,10095,15594,25689
202202,4호선,성신여대입구,18519,17855,36374
202202,4호선,수유,31869,32035,63904
202202,4호선,숙대입구,11553,11453,23006
202202,4호선,신용산,15140,15737,30877
202202,4호선,쌍문,27267,25415,52682
202202,4호선,이촌,6893,7517,14410
202202,4호선,창동,24152,25717,49869
202202,4호선,총신대입구,17511,19097,36608
202202,4호선,충무로,23830,24833,48663
202202,4호선,한성대입구,12313,12183,24496
202202,4호선,혜화,29498,28946,58444
202202,4호선,회현,21247,22466,43713
202202,4호선,길음,17941,17835,35776
202202,4호선,남태령,971,852,1823
202202,4호선,노원,16359,18226,34585
202202,4호선,당고개,11464,10409,21873
202202,4호선,동대문,17502,18080,35582
202202,4호선,동대문역사문화공원,13032,11751,24783
202202,4호선,동작,1156,1387,2543
202202,4호선,명동,15422,15634,31056
202202,4호선,미아,13304,13046,26350
202202,4호선,미아사거리,24261,23943,48204
202202,4호선,사당,21432,17555,38987
202202,4호선,삼각지,4141,4429,8570
202202,4호선,상계,17012,15978,32990
202202,4호선,서울,9854,14002,23856
202202,4호선,성신여대입구,17227,16795,34022
202202,4호선,수유,30240,30568,60808
202202,4호선,숙대입구,11026,10844,21870
202202,4호선,신용산,14220,14896,29116
202202,4호선,쌍문,26305,24555,50860
202202,4호선,이촌,6201,6846,13047
202202,4호선,창동,22771,24072,46843
202202,4호선,총신대입구,16549,18048,34597
202202,4호선,충무로,23342,24081,47423
202202,4호선,한성대입구,11494,11265,22759
202202,4호선,혜화,27623,27145,54768
202202,4호선,회현,20447,21108,41555
202202,4호선,길음,18019,17919,35938
202202,4호선,남태령,1044,917,1961
202202,4호선,노원,16410,18457,34867
202202,4호선,당고개,11440,10688,22128
202202,4호선,동대문,17459,17914,35373
202202,4호선,동대문역사문화공원,13110,11798,24908
202202,4호선,동작,1167,1335,2502
202202,4호선,명동,15620,15999,31619
202202,4호선,미아,13230,13031,26261
202202,4호선,미아사거리,24276,23751,48027
202202,4호선,사당,22514,18066,40580
202202,4호선,삼각지,4288,4697,8985
202202,4호선,상계,17095,16069,33164
202202,4호선,서울,10022,14205,24227
202202,4호선,성신여대입구,17452,16959,34411
202202,4호선,수유,30617,30780,61397
202202,4호선,숙대입구,11380,11105,22485
202202,4호선,신용산,14376,15080,29456
202202,4호선,쌍문,26437,24670,51107
202202,4호선,이촌,6597,7252,13849
202202,4호선,창동,22916,24453,47369
202202,4호선,총신대입구,16698,18277,34975
202202,4호선,충무로,24905,25419,50324
202202,4호선,한성대입구,11919,11713,23632
202202,4호선,혜화,29700,29048,58748
202202,4호선,회현,21156,21893,43049
202202,4호선,길음,17947,18025,35972
202202,4호선,남태령,1010,877,1887
202202,4호선,노원,16612,18587,35199
202202,4호선,당고개,11270,10347,21617
202202,4호선,동대문,17005,17434,34439
202202,4호선,동대문역사문화공원,13115,11941,25056
202202,4호선,동작,1162,1294,2456
202202,4호선,명동,15756,16200,31956
202202,4호선,미아,13151,13039,26190
202202,4호선,미아사거리,24246,23605,47851
202202,4호선,사당,21839,17950,39789
202202,4호선,삼각지,4321,4698,9019
202202,4호선,상계,16833,15982,32815
202202,4호선,서울,10152,14360,24512
202202,4호선,성신여대입구,17460,17036,34496
202202,4호선,수유,30407,30880,61287
202202,4호선,숙대입구,11498,11201,22699
202202,4호선,신용산,14496,14933,29429
202202,4호선,쌍문,26443,24677,51120
202202,4호선,이촌,6936,7726,14662
202202,4호선,창동,22651,24142,46793
202202,4호선,총신대입구,16843,18161,35004
202202,4호선,충무로,24265,24717,48982
202202,4호선,한성대입구,11793,11573,23366
202202,4호선,혜화,31040,30550,61590
202202,4호선,회현,20816,21686,42502
202202,4호선,길음,17895,17731,35626
202202,4호선,남태령,989,860,1849
202202,4호선,노원,16569,18529,35098
202202,4호선,당고개,11506,10568,22074
202202,4호선,동대문,17234,17821,35055
202202,4호선,동대문역사문화공원,13362,12072,25434
202202,4호선,동작,1222,1366,2588
202202,4호선,명동,15644,16165,31809
202202,4호선,미아,13288,13197,26485
202202,4호선,미아사거리,24453,24051,48504
202202,4호선,사당,21720,17985,39705
202202,4호선,삼각지,4247,4676,8923
202202,4호선,상계,17022,15984,33006
202202,4호선,서울,9927,14091,24018
202202,4호선,성신여대입구,17943,17365,35308
202202,4호선,수유,30683,30906,61589
202202,4호선,숙대입구,11534,11501,23035
202202,4호선,신용산,14302,15179,29481
202202,4호선,쌍문,26760,24591,51351
202202,4호선,이촌,6645,7276,13921
202202,4호선,창동,22887,24450,47337
202202,4호선,총신대입구,16955,18300,35255
202202,4호선,충무로,24227,24905,49132
202202,4호선,한성대입구,11686,11312,22998
202202,4호선,혜화,29376,29097,58473
202202,4호선,회현,20614,21799,42413
202202,4호선,길음,18750,18395,37145
202202,4호선,남태령,1087,853,1940
202202,4호선,노원,17653,19934,37587
202202,4호선,당고개,11940,11056,22996
202202,4호선,동대문,17633,18360,35993
202202,4호선,동대문역사문화공원,13553,12259,25812
202202,4호선,동작,1326,1519,2845
202202,4호선,명동,16561,17357,33918
202202,4호선,미아,13833,13453,27286
202202,4호선,미아사거리,25587,25070,50657
202202,4호선,사당,23278,19239,42517
202202,4호선,삼각지,4495,5146,9641
202202,4호선,상계,17408,16265,33673
202202,4호선,서울,10042,15864,25906
202202,4호선,성신여대입구,18780,17956,36736
202202,4호선,수유,31976,32313,64289
202202,4호선,숙대입구,12169,12046,24215
202202,4호선,신용산,14841,15659,30500
202202,4호선,쌍문,27349,25363,52712
202202,4호선,이촌,6938,7578,14516
202202,4호선,창동,24411,26115,50526
202202,4호선,총신대입구,17918,19403,37321
202202,4호선,충무로,23531,24539,48070
202202,4호선,한성대입구,12125,11664,23789
202202,4호선,혜화,30415,30010,60425
202202,4호선,회현,21148,22592,43740
202202,4호선,길음,17895,17372,35267
202202,4호선,남태령,1002,858,1860
202202,4호선,노원,16636,18823,35459
202202,4호선,당고개,11481,10449,21930
202202,4호선,동대문,18212,18918,37130
202202,4호선,동대문역사문화공원,13155,12174,25329
202202,4호선,동작,1344,1516,2860
202202,4호선,명동,15540,16264,31804
202202,4호선,미아,13602,13210,26812
202202,4호선,미아사거리,24415,24034,48449
202202,4호선,사당,20580,17270,37850
202202,4호선,삼각지,4069,4643,8712
202202,4호선,상계,16745,15469,32214
202202,4호선,서울,9153,13347,22500
202202,4호선,성신여대입구,17910,17288,35198
202202,4호선,수유,30897,31078,61975
202202,4호선,숙대입구,11469,11204,22673
202202,4호선,신용산,13592,14416,28008
202202,4호선,쌍문,26115,23941,50056
202202,4호선,이촌,6548,7116,13664
202202,4호선,창동,23184,24504,47688
202202,4호선,총신대입구,16722,18180,34902
202202,4호선,충무로,22939,24043,46982
202202,4호선,한성대입구,11101,11100,22201
202202,4호선,혜화,27089,27152,54241
202202,4호선,회현,21280,22449,43729
202203,4호선,길음,9563,9563,19126
202203,4호선,남태령,519,450,969
202203,4호선,노원,10844,11744,22588
202203,4호선,당고개,6728,6539,13267
202203,4호선,동대문,13621,14216,27837
202203,4호선,동대문역사문화공원,8617,7878,16495
202203,4호선,동작,885,1068,1953
202203,4호선,명동,10337,11167,21504
202203,4호선,미아,7721,7379,15100
202203,4호선,미아사거리,15284,14890,30174
202203,4호선,사당,12251,11388,23639
202203,4호선,삼각지,2163,2786,4949
202203,4호선,상계,9358,8985,18343
202203,4호선,서울,3553,6516,10069
202203,4호선,성신여대입구,11967,11534,23501
202203,4호선,수유,18824,18561,37385
202203,4호선,숙대입구,5927,5680,11607
202203,4호선,신용산,7110,7414,14524
202203,4호선,쌍문,14984,13883,28867
202203,4호선,이촌,4311,4868,9179
202203,4호선,창동,14162,14880,29042
202203,4호선,총신대입구,9425,10326,19751
202203,4호선,충무로,8403,8451,16854
202203,4호선,한성대입구,7170,7055,14225
202203,4호선,혜화,17618,17900,35518
202203,4호선,회현,14260,15039,29299
202203,4호선,길음,19215,19519,38734
202203,4호선,남태령,1074,953,2027
202203,4호선,노원,17223,19412,36635
202203,4호선,당고개,12194,11105,23299
202203,4호선,동대문,17550,17978,35528
202203,4호선,동대문역사문화공원,12895,11996,24891
202203,4호선,동작,1338,1620,2958
202203,4호선,명동,17963,18323,36286
202203,4호선,미아,14651,14272,28923
202203,4호선,미아사거리,25873,25254,51127
202203,4호선,사당,21466,18076,39542
202203,4호선,삼각지,4298,4614,8912
202203,4호선,상계,17976,16581,34557
202203,4호선,서울,10016,13181,23197
202203,4호선,성신여대입구,19850,19053,38903
202203,4호선,수유,32207,32417,64624
202203,4호선,숙대입구,12991,12564,25555
202203,4호선,신용산,14297,15150,29447
202203,4호선,쌍문,27567,25636,53203
202203,4호선,이촌,6685,7315,14000
202203,4호선,창동,23820,25244,49064
202203,4호선,총신대입구,17497,18968,36465
202203,4호선,충무로,26475,26979,53454
202203,4호선,한성대입구,12295,11962,24257
202203,4호선,혜화,28233,28226,56459
202203,4호선,회현,21668,22789,44457
202203,4호선,길음,19206,19279,38485
202203,4호선,남태령,1104,989,2093
202203,4호선,노원,16842,18953,35795
202203,4호선,당고개,12363,11451,23814
202203,4호선,동대문,17665,18311,35976
202203,4호선,동대문역사문화공원,12988,11940,24928
202203,4호선,동작,1304,1510,2814
202203,4호선,명동,17133,17573,34706
202203,4호선,미아,14654,14257,28911
202203,4호선,미아사거리,25498,25172,50670
202203,4호선,사당,22036,18280,40316
202203,4호선,삼각지,4270,4769,9039
202203,4호선,상계,17886,16797,34683
202203,4호선,서울,9782,13022,22804
202203,4호선,성신여대입구,19225,18610,37835
202203,4호선,수유,31868,31948,63816
202203,4호선,숙대입구,13046,12603,25649
202203,4호선,신용산,14451,15165,29616
202203,4호선,쌍문,27336,25390,52726
202203,4호선,이촌,6673,7327,14000
202203,4호선,창동,23864,25487,49351
202203,4호선,총신대입구,17339,18967,36306
202203,4호선,충무로,26904,27377,54281
202203,4호선,한성대입구,12291,12057,24348
202203,4호선,혜화,27956,27886,55842
202203,4호선,회현,21640,22988,44628
202203,4호선,길음,19042,18749,37791
202203,4호선,남태령,1129,936,2065
202203,4호선,노원,17356,19845,37201
202203,4호선,당고개,12000,11193,23193
202203,4호선,동대문,17561,17854,35415
202203,4호선,동대문역사문화공원,13166,12178,25344
202203,4호선,동작,1335,1468,2803
202203,4호선,명동,17028,17727,34755
202203,4호선,미아,14672,14100,28772
202203,4호선,미아사거리,25359,25095,50454
202203,4호선,사당,22912,18808,41720
202203,4호선,삼각지,4443,4960,9403
202203,4호선,상계,17584,16454,34038
202203,4호선,서울,9723,14644,24367
202203,4호선,성신여대입구,19571,18758,38329
202203,4호선,수유,31857,32210,64067
202203,4호선,숙대입구,12769,12359,25128
202203,4호선,신용산,14676,15240,29916
202203,4호선,쌍문,27299,25512,52811
202203,4호선,이촌,6731,7467,14198
202203,4호선,창동,23704,25428,49132
202203,4호선,총신대입구,17522,18888,36410
202203,4호선,충무로,25866,26295,52161
202203,4호선,한성대입구,12293,12042,24335
202203,4호선,혜화,28278,27819,56097
202203,4호선,회현,21240,22520,43760
202203,4호선,길음,18856,19179,38035
202203,4호선,남태령,1061,953,2014
202203,4호선,노원,16174,18285,34459
202203,4호선,당고개,12037,10951,22988
202203,4호선,동대문,18024,18480,36504
202203,4호선,동대문역사문화공원,12900,11967,24867
202203,4호선,동작,1336,1653,2989
202203,4호선,명동,16957,17275,34232
202203,4호선,미아,13886,14031,27917
202203,4호선,미아사거리,24509,23573,48082
202203,4호선,사당,21236,17897,39133
202203,4호선,삼각지,4157,4480,8637
202203,4호선,상계,17415,16249,33664
202203,4호선,서울,9615,12948,22563
202203,4호선,성신여대입구,19124,18257,37381
202203,4호선,수유,31050,31150,62200
202203,4호선,숙대입구,12767,12394,25161
202203,4호선,신용산,13891,14782,28673
202203,4호선,쌍문,26842,24919,51761
202203,4호선,이촌,6014,6601,12615
202203,4호선,창동,23055,24387,47442
202203,4호선,총신대입구,17212,18462,35674
202203,4호선,충무로,26264,26975,53239
202203,4호선,한성대입구,11778,11442,23220
202203,4호선,혜화,27538,27373,54911
202203,4호선,회현,21128,22162,43290
202203,4호선,길음,19341,19205,38546
202203,4호선,남태령,1110,926,2036
202203,4호선,노원,17349,19750,37099
202203,4호선,당고개,12466,11273,23739
202203,4호선,동대문,18021,18714,36735
202203,4호선,동대문역사문화공원,12876,12126,25002
202203,4호선,동작,1523,1675,3198
202203,4호선,명동,17238,17870,35108
202203,4호선,미아,14430,13934,28364
202203,4호선,미아사거리,25481,24716,50197
202203,4호선,사당,22857,19284,42141
202203,4호선,삼각지,4503,5005,9508
202203,4호선,상계,17868,16384,34252
202203,4호선,서울,9953,13872,23825
202203,4호선,성신여대입구,19615,18821,38436
202203,4호선,수유,31661,31950,63611
202203,4호선,숙대입구,13259,12841,26100
202203,4호선,신용산,14264,15118,29382
202203,4호선,쌍문,27332,25023,52355
202203,4호선,이촌,6252,7002,13254
202203,4호선,창동,23920,25410,49330
202203,4호선,총신대입구,17693,19346,37039
202203,4호선,충무로,26368,26985,53353
202203,4호선,한성대입구,12270,12009,24279
202203,4호선,혜화,30615,29618,60233
202203,4호선,회현,21633,23237,44870
202203,4호선,길음,10170,9923,20093
202203,4호선,남태령,526,482,1008
202203,4호선,노원,11545,12459,24004
202203,4호선,당고개,7418,6965,14383
202203,4호선,동대문,13644,14394,28038
202203,4호선,동대문역사문화공원,9239,8646,17885
202203,4호선,동작,1253,1285,2538
202203,4호선,명동,8714,9429,18143
202203,4호선,미아,8355,7981,16336
202203,4호선,미아사거리,15904,15060,30964
202203,4호선,사당,13180,12044,25224
202203,4호선,삼각지,2454,3113,5567
202203,4호선,상계,10459,10065,20524
202203,4호선,서울,3553,6006,9559
202203,4호선,성신여대입구,12643,11954,24597
202203,4호선,수유,20365,19837,40202
202203,4호선,숙대입구,6674,6331,13005
202203,4호선,신용산,7184,7492,14676
202203,4호선,쌍문,15729,14560,30289
202203,4호선,이촌,4236,4704,8940
202203,4호선,창동,15082,15385,30467
202203,4호선,총신대입구,9976,10773,20749
202203,4호선,충무로,9979,10033,20012
202203,4호선,한성대입구,7532,7495,15027
202203,4호선,혜화,19067,19370,38437
202203,4호선,회현,13844,15049,28893
202203,4호선,길음,18975,18855,37830
202203,4호선,남태령,1044,917,1961
202203,4호선,노원,16378,18644,35022
202203,4호선,당고개,12127,10960,23087
202203,4호선,동대문,17107,17698,34805
202203,4호선,동대문역사문화공원,12695,11817,24512
202203,4호선,동작,1336,1559,2895
202203,4호선,명동,16503,16826,33329
202203,4호선,미아,13992,13790,27782
202203,4호선,미아사거리,24469,23589,48058
202203,4호선,사당,21748,18059,39807
202203,4호선,삼각지,4167,4677,8844
202203,4호선,상계,17403,16270,33673
202203,4호선,서울,9755,13229,22984
202203,4호선,성신여대입구,18818,17835,36653
202203,4호선,수유,30691,30790,61481
202203,4호선,숙대입구,13118,12942,26060
202203,4호선,신용산,13917,14639,28556
202203,4호선,쌍문,26784,24702,51486
202203,4호선,이촌,6011,6809,12820
202203,4호선,창동,23054,24336,47390
202203,4호선,총신대입구,16893,18258,35151
202203,4호선,충무로,26236,26837,53073
202203,4호선,한성대입구,12655,12405,25060
202203,4호선,혜화,28879,28598,57477
202203,4호선,회현,20596,21892,42488
202203,4호선,길음,19246,18558,37804
202203,4호선,남태령,1120,910,2030
202203,4호선,노원,17476,20197,37673
202203,4호선,당고개,12291,11216,23507
202203,4호선,동대문,17784,18468,36252
202203,4호선,동대문역사문화공원,13473,12521,25994
202203,4호선,동작,1495,1690,3185
202203,4호선,명동,16845,17411,34256
202203,4호선,미아,14514,14129,28643
202203,4호선,미아사거리,25680,24973,50653
202203,4호선,사당,22959,19560,42519
202203,4호선,삼각지,4703,5223,9926
202203,4호선,상계,17740,16550,34290
202203,4호선,서울,9695,14807,24502
202203,4호선,성신여대입구,19671,18670,38341
202203,4호선,수유,32323,32161,64484
202203,4호선,숙대입구,12657,12219,24876
202203,4호선,신용산,14532,15213,29745
202203,4호선,쌍문,27278,25100,52378
202203,4호선,이촌,6371,7137,13508
202203,4호선,창동,24397,25930,50327
202203,4호선,총신대입구,17575,19041,36616
202203,4호선,충무로,25649,26495,52144
202203,4호선,한성대입구,12858,12593,25451
202203,4호선,혜화,29751,29336,59087
202203,4호선,회현,21341,22967,44308
202203,4호선,길음,18255,18417,36672
202203,4호선,남태령,1008,867,1875
202203,4호선,노원,15783,17617,33400
202203,4호선,당고개,11529,10506,22035
202203,4호선,동대문,16855,17159,34014
202203,4호선,동대문역사문화공원,12439,11425,23864
202203,4호선,동작,1017,1175,2192
202203,4호선,명동,15867,15997,31864
202203,4호선,미아,13787,13375,27162
202203,4호선,미아사거리,23733,23230,46963
202203,4호선,사당,20728,17163,37891
202203,4호선,삼각지,4016,4287,8303
202203,4호선,상계,16827,15672,32499
202203,4호선,서울,9224,12607,21831
202203,4호선,성신여대입구,18023,17534,35557
202203,4호선,수유,29436,29687,59123
202203,4호선,숙대입구,12373,11999,24372
202203,4호선,신용산,13356,14035,27391
202203,4호선,쌍문,25946,24118,50064
202203,4호선,이촌,5731,6353,12084
202203,4호선,창동,22031,23486,45517
202203,4호선,총신대입구,16015,17141,33156
202203,4호선,충무로,25129,25621,50750
202203,4호선,한성대입구,12051,11847,23898
202203,4호선,혜화,26207,26178,52385
202203,4호선,회현,19770,20413,40183
202203,4호선,길음,19141,19384,38525
202203,4호선,남태령,1008,896,1904
202203,4호선,노원,16475,18394,34869
202203,4호선,당고개,11966,11097,23063
202203,4호선,동대문,17967,18412,36379
202203,4호선,동대문역사문화공원,12897,11788,24685
202203,4호선,동작,1356,1642,2998
202203,4호선,명동,16263,16751,33014
202203,4호선,미아,14339,13995,28334
202203,4호선,미아사거리,24668,24113,48781
202203,4호선,사당,21649,17945,39594
202203,4호선,삼각지,4204,4604,8808
202203,4호선,상계,17474,16262,33736
202203,4호선,서울,9433,12555,21988
202203,4호선,성신여대입구,18892,18188,37080
202203,4호선,수유,30824,31070,61894
202203,4호선,숙대입구,12920,12577,25497
202203,4호선,신용산,13598,14403,28001
202203,4호선,쌍문,26547,24635,51182
202203,4호선,이촌,6146,6807,12953
202203,4호선,창동,23226,24380,47606
202203,4호선,총신대입구,17048,18412,35460
202203,4호선,충무로,25684,26119,51803
202203,4호선,한성대입구,12509,12237,24746
202203,4호선,혜화,28758,28599,57357
202203,4호선,회현,21726,23086,44812
202203,4호선,길음,19136,19033,38169
202203,4호선,남태령,1055,911,1966
202203,4호선,노원,16512,18683,35195
202203,4호선,당고개,12167,11152,23319
202203,4호선,동대문,17754,18341,36095
202203,4호선,동대문역사문화공원,12987,11984,24971
202203,4호선,동작,1466,1616,3082
202203,4호선,명동,16755,17224,33979
202203,4호선,미아,14349,13881,28230
202203,4호선,미아사거리,24588,24062,48650
202203,4호선,사당,21550,18042,39592
202203,4호선,삼각지,4277,4752,9029
202203,4호선,상계,17384,16229,33613
202203,4호선,서울,9569,13036,22605
202203,4호선,성신여대입구,19189,18197,37386
202203,4호선,수유,30821,30787,61608
202203,4호선,숙대입구,13133,12668,25801
202203,4호선,신용산,13640,14424,28064
202203,4호선,쌍문,26892,24713,51605
202203,4호선,이촌,6123,6877,13000
202203,4호선,창동,22768,24245,47013
202203,4호선,총신대입구,16838,18178,35016
202203,4호선,충무로,25645,26069,51714
202203,4호선,한성대입구,12653,12446,25099
202203,4호선,혜화,29245,29285,58530
202203,4호선,회현,21446,22869,44315
202203,4호선,길음,18870,18835,37705
202203,4호선,남태령,1031,923,1954
202203,4호선,노원,16220,18249,34469
202203,4호선,당고개,11668,10884,22552
202203,4호선,동대문,17124,17804,34928
202203,4호선,동대문역사문화공원,12549,11727,24276
202203,4호선,동작,1278,1433,2711
202203,4호선,명동,16076,16478,32554
202203,4호선,미아,14051,13787,27838
202203,4호선,미아사거리,24181,23686,47867
202203,4호선,사당,21643,17933,39576
202203,4호선,삼각지,4266,4720,8986
202203,4호선,상계,17049,15982,33031
202203,4호선,서울,9295,12764,22059
202203,4호선,성신여대입구,18763,17705,36468
202203,4호선,수유,30261,30125,60386
202203,4호선,숙대입구,13161,12404,25565
202203,4호선,신용산,13657,14216,27873
202203,4호선,쌍문,26113,24332,50445
202203,4호선,이촌,5971,6531,12502
202203,4호선,창동,22386,23844,46230
202203,4호선,총신대입구,16715,17873,34588
202203,4호선,충무로,25629,26166,51795
202203,4호선,한성대입구,12637,12364,25001
202203,4호선,혜화,28448,28417,56865
202203,4호선,회현,20844,21960,42804
202203,4호선,길음,18614,18287,36901
202203,4호선,남태령,1104,909,2013
202203,4호선,노원,16924,19510,36434
202203,4호선,당고개,11777,10888,22665
202203,4호선,동대문,17106,17953,35059
202203,4호선,동대문역사문화공원,13259,12321,25580
202203,4호선,동작,1259,1386,2645
202203,4호선,명동,16266,16962,33228
202203,4호선,미아,14060,13725,27785
202203,4호선,미아사거리,24792,24567,49359
202203,4호선,사당,22894,19027,41921
202203,4호선,삼각지,4520,5083,9603
202203,4호선,상계,17200,16083,33283
202203,4호선,서울,9464,14573,24037
202203,4호선,성신여대입구,19150,18406,37556
202203,4호선,수유,31386,31398,62784
202203,4호선,숙대입구,12358,12101,24459
202203,4호선,신용산,14204,14879,29083
202203,4호선,쌍문,26534,24360,50894
202203,4호선,이촌,6085,6769,12854
202203,4호선,창동,23040,24833,47873
202203,4호선,총신대입구,16804,18401,35205
202203,4호선,충무로,24498,25603,50101
202203,4호선,한성대입구,13076,12619,25695
202203,4호선,혜화,28872,28288,57160
202203,4호선,회현,20534,21599,42133
202203,4호선,길음,18873,18844,37717
202203,4호선,남태령,1008,871,1879
202203,4호선,노원,16837,18687,35524
202203,4호선,당고개,8688,7982,16670
202203,4호선,동대문,17711,18294,36005
202203,4호선,동대문역사문화공원,12845,11696,24541
202203,4호선,동작,1258,1400,2658
202203,4호선,명동,16486,16720,33206
202203,4호선,미아,14231,14000,28231
202203,4호선,미아사거리,24438,23711,48149
202203,4호선,사당,21346,17926,39272
202203,4호선,삼각지,4151,4513,8664
202203,4호선,상계,17588,16439,34027
202203,4호선,서울,9379,12997,22376
202203,4호선,성신여대입구,18829,18254,37083
202203,4호선,수유,30465,30744,61209
202203,4호선,숙대입구,12701,12255,24956
202203,4호선,신용산,13611,14302,27913
202203,4호선,쌍문,26507,24680,51187
202203,4호선,이촌,5991,6612,12603
202203,4호선,창동,22648,24005,46653
202203,4호선,총신대입구,16956,18235,35191
202203,4호선,충무로,25768,26476,52244
202203,4호선,한성대입구,12543,12321,24864
202203,4호선,혜화,26801,26776,53577
202203,4호선,회현,21015,22137,43152
202203,4호선,길음,19135,19076,38211
202203,4호선,남태령,1032,898,1930
202203,4호선,노원,17163,19137,36300
202203,4호선,당고개,8626,7791,16417
202203,4호선,동대문,17946,18598,36544
202203,4호선,동대문역사문화공원,13086,12135,25221
202203,4호선,동작,1308,1506,2814
202203,4호선,명동,16607,16856,33463
202203,4호선,미아,14302,14023,28325
202203,4호선,미아사거리,24746,24127,48873
202203,4호선,사당,22048,18477,40525
202203,4호선,삼각지,4386,4778,9164
202203,4호선,상계,18038,16675,34713
202203,4호선,서울,9661,12866,22527
202203,4호선,성신여대입구,19036,18129,37165
202203,4호선,수유,31078,31035,62113
202203,4호선,숙대입구,13185,12808,25993
202203,4호선,신용산,13877,14686,28563
202203,4호선,쌍문,27009,24915,51924
202203,4호선,이촌,6125,6819,12944
202203,4호선,창동,23086,24675,47761
202203,4호선,총신대입구,16917,18377,35294
202203,4호선,충무로,26302,26841,53143
202203,4호선,한성대입구,12761,12477,25238
202203,4호선,혜화,29316,29067,58383
202203,4호선,회현,21711,23081,44792
202203,4호선,길음,19243,19222,38465
202203,4호선,남태령,1054,886,1940
202203,4호선,노원,17099,18982,36081
202203,4호선,당고개,8447,7758,16205
202203,4호선,동대문,17430,17868,35298
202203,4호선,동대문역사문화공원,13365,12309,25674
202203,4호선,동작,1265,1517,2782
202203,4호선,명동,16953,17247,34200
202203,4호선,미아,14190,13898,28088
202203,4호선,미아사거리,24729,24099,48828
202203,4호선,사당,22132,18673,40805
202203,4호선,삼각지,4304,4741,9045
202203,4호선,상계,17617,16413,34030
202203,4호선,서울,9709,12998,22707
202203,4호선,성신여대입구,19265,18437,37702
202203,4호선,수유,31054,31076,62130
202203,4호선,숙대입구,13125,12798,25923
202203,4호선,신용산,13972,14766,28738
202203,4호선,쌍문,26808,24920,51728
202203,4호선,이촌,6097,6837,12934
202203,4호선,창동,23079,24324,47403
202203,4호선,총신대입구,16969,18300,35269
202203,4호선,충무로,26281,26617,52898
202203,4호선,한성대입구,12863,12477,25340
202203,4호선,혜화,30379,30228,60607
202203,4호선,회현,21221,22332,43553
202203,4호선,길음,19256,19145,38401
202203,4호선,남태령,1101,873,1974
202203,4호선,노원,16999,18931,35930
202203,4호선,당고개,8442,7786,16228
202203,4호선,동대문,17316,17878,35194
202203,4호선,동대문역사문화공원,13214,12480,25694
202203,4호선,동작,1331,1511,2842
202203,4호선,명동,16319,16594,32913
202203,4호선,미아,14389,14166,28555
202203,4호선,미아사거리,24741,24032,48773
202203,4호선,사당,22696,19517,42213
202203,4호선,삼각지,4510,5209,9719
202203,4호선,상계,17750,16506,34256
202203,4호선,서울,9913,13711,23624
202203,4호선,성신여대입구,19317,18567,37884
202203,4호선,수유,30976,30844,61820
202203,4호선,숙대입구,13296,12750,26046
202203,4호선,신용산,14080,14685,28765
202203,4호선,쌍문,26898,24720,51618
202203,4호선,이촌,6199,6673,12872
202203,4호선,창동,23130,24647,47777
202203,4호선,총신대입구,17280,18321,35601
202203,4호선,충무로,27097,27837,54934
202203,4호선,한성대입구,12980,12844,25824
202203,4호선,혜화,29943,29744,59687
202203,4호선,회현,20806,21892,42698
202203,4호선,길음,19126,19283,38409
202203,4호선,남태령,1135,1125,2260
202203,4호선,노원,18412,20854,39266
202203,4호선,당고개,8564,7971,16535
202203,4호선,동대문,17914,17998,35912
202203,4호선,동대문역사문화공원,13672,12799,26471
202203,4호선,동작,1428,1584,3012
202203,4호선,명동,17216,18039,35255
202203,4호선,미아,14359,14598,28957
202203,4호선,미아사거리,25672,26033,51705
202203,4호선,사당,24658,20379,45037
202203,4호선,삼각지,4866,5825,10691
202203,4호선,상계,17809,16879,34688
202203,4호선,서울,9879,15816,25695
202203,4호선,성신여대입구,19860,19576,39436
202203,4호선,수유,32097,32701,64798
202203,4호선,숙대입구,12879,12156,25035
202203,4호선,신용산,14842,15108,29950
202203,4호선,쌍문,27328,26287,53615
202203,4호선,이촌,6225,7060,13285
202203,4호선,창동,24396,26266,50662
202203,4호선,총신대입구,17713,19237,36950
202203,4호선,충무로,25851,26512,52363
202203,4호선,한성대입구,13327,13356,26683
202203,4호선,혜화,30877,28933,59810
202203,4호선,회현,21342,21884,43226
202203,4호선,길음,19129,19297,38426
202203,4호선,남태령,1047,923,1970
202203,4호선,노원,16764,18784,35548
202203,4호선,당고개,8536,7748,16284
202203,4호선,동대문,18126,18718,36844
202203,4호선,동대문역사문화공원,12815,12021,24836
202203,4호선,동작,1406,1647,3053
202203,4호선,명동,17218,17266,34484
202203,4호선,미아,14396,14108,28504
202203,4호선,미아사거리,24789,24484,49273
202203,4호선,사당,21952,18435,40387
202203,4호선,삼각지,4323,4752,9075
202203,4호선,상계,18057,16753,34810
202203,4호선,서울,9729,13367,23096
202203,4호선,성신여대입구,19104,18547,37651
202203,4호선,수유,31172,31542,62714
202203,4호선,숙대입구,12724,12364,25088
202203,4호선,신용산,13971,14583,28554
202203,4호선,쌍문,26907,25214,52121
202203,4호선,이촌,6085,6806,12891
202203,4호선,창동,23305,24637,47942
202203,4호선,총신대입구,17148,18632,35780
202203,4호선,충무로,26693,27107,53800
202203,4호선,한성대입구,12856,12414,25270
202203,4호선,혜화,27614,27398,55012
202203,4호선,회현,19782,21023,40805
202203,4호선,길음,19577,19530,39107
202203,4호선,남태령,1111,965,2076
202203,4호선,노원,17227,19528,36755
202203,4호선,당고개,8808,7967,16775
202203,4호선,동대문,18718,18987,37705
202203,4호선,동대문역사문화공원,13384,12378,25762
202203,4호선,동작,1550,1703,3253
202203,4호선,명동,17618,17961,35579
202203,4호선,미아,14521,14338,28859
202203,4호선,미아사거리,25397,24824,50221
202203,4호선,사당,22941,19012,41953
202203,4호선,삼각지,4383,4905,9288
202203,4호선,상계,18538,17179,35717
202203,4호선,서울,10004,13486,23490
202203,4호선,성신여대입구,19466,18521,37987
202203,4호선,수유,31593,31678,63271
202203,4호선,숙대입구,13518,13220,26738
202203,4호선,신용산,14317,14859,29176
202203,4호선,쌍문,27407,25645,53052
202203,4호선,이촌,6431,7210,13641
202203,4호선,창동,23772,25307,49079
202203,4호선,총신대입구,17601,18854,36455
202203,4호선,충무로,26932,27567,54499
202203,4호선,한성대입구,13408,13036,26444
202203,4호선,혜화,29704,29530,59234
202203,4호선,회현,23059,24194,47253
202203,4호선,길음,19849,19672,39521
202203,4호선,남태령,1031,927,1958
202203,4호선,노원,17132,19221,36353
202203,4호선,당고개,8454,7645,16099
202203,4호선,동대문,17759,18354,36113
202203,4호선,동대문역사문화공원,13463,12344,25807
202203,4호선,동작,1234,1416,2650
202203,4호선,명동,18044,18221,36265
202203,4호선,미아,14207,13891,28098
202203,4호선,미아사거리,24972,24398,49370
202203,4호선,사당,22688,18966,41654
202203,4호선,삼각지,4387,4847,9234
202203,4호선,상계,18217,16893,35110
202203,4호선,서울,9955,13439,23394
202203,4호선,성신여대입구,19564,18873,38437
202203,4호선,수유,31279,31651,62930
202203,4호선,숙대입구,13308,12907,26215
202203,4호선,신용산,14429,15072,29501
202203,4호선,쌍문,27338,25277,52615
202203,4호선,이촌,6370,7164,13534
202203,4호선,창동,23400,24861,48261
202203,4호선,총신대입구,17321,18644,35965
202203,4호선,충무로,26920,27291,54211
202203,4호선,한성대입구,13255,13015,26270
202203,4호선,혜화,30587,30493,61080
202203,4호선,회현,21678,22814,44492
202203,4호선,길음,20160,20025,40185
202203,4호선,남태령,1082,958,2040
202203,4호선,노원,17661,19646,37307
202203,4호선,당고개,8583,7873,16456
202203,4호선,동대문,18544,19099,37643
202203,4호선,동대문역사문화공원,13650,12708,26358
202203,4호선,동작,1470,1689,3159
202203,4호선,명동,17521,18148,35669
202203,4호선,미아,14678,14446,29124
202203,4호선,미아사거리,25991,25171,51162
202203,4호선,사당,22930,19156,42086
202203,4호선,삼각지,4698,5135,9833
202203,4호선,상계,18288,17041,35329
202203,4호선,서울,10108,14262,24370
202203,4호선,성신여대입구,19760,18694,38454
202203,4호선,수유,31893,31953,63846
202203,4호선,숙대입구,13461,12967,26428
202203,4호선,신용산,14837,15477,30314
202203,4호선,쌍문,27570,25247,52817
202203,4호선,이촌,6520,7301,13821
202203,4호선,창동,24060,25740,49800
202203,4호선,총신대입구,17880,19350,37230
202203,4호선,충무로,27487,27992,55479
202203,4호선,한성대입구,13665,13087,26752
202203,4호선,혜화,30654,30540,61194
202203,4호선,회현,22397,23806,46203
202204,4호선,길음,20403,20026,40429
202204,4호선,남태령,1268,976,2244
202204,4호선,노원,19016,21631,40647
202204,4호선,당고개,9010,8265,17275
202204,4호선,동대문,18885,19148,38033
202204,4호선,동대문역사문화공원,14504,13304,27808
202204,4호선,동작,1574,1805,3379
202204,4호선,명동,18753,19848,38601
202204,4호선,미아,15070,14566,29636
202204,4호선,미아사거리,26890,26236,53126
202204,4호선,사당,25061,21399,46460
202204,4호선,삼각지,4984,5614,10598
202204,4호선,상계,18867,17499,36366
202204,4호선,서울,10455,17206,27661
202204,4호선,성신여대입구,21283,20155,41438
202204,4호선,수유,33798,33789,67587
202204,4호선,숙대입구,13318,12850,26168
202204,4호선,신용산,15447,16528,31975
202204,4호선,쌍문,28548,26150,54698
202204,4호선,이촌,7054,7844,14898
202204,4호선,창동,25142,26993,52135
202204,4호선,총신대입구,18572,19970,38542
202204,4호선,충무로,26912,27790,54702
202204,4호선,한성대입구,14163,13696,27859
202204,4호선,혜화,32391,31757,64148
202204,4호선,회현,23134,24640,47774
202204,4호선,길음,20048,20054,40102
202204,4호선,남태령,1066,920,1986
202204,4호선,노원,17510,19688,37198
202204,4호선,당고개,8640,7797,16437
202204,4호선,동대문,19311,19671,38982
202204,4호선,동대문역사문화공원,13245,12339,25584
202204,4호선,동작,1577,1812,3389
202204,4호선,명동,18236,18564,36800
202204,4호선,미아,14979,14502,29481
202204,4호선,미아사거리,25576,25092,50668
202204,4호선,사당,22913,18951,41864
202204,4호선,삼각지,4423,4875,9298
202204,4호선,상계,18478,16934,35412
202204,4호선,서울,10093,14145,24238
202204,4호선,성신여대입구,19662,18979,38641
202204,4호선,수유,32132,32330,64462
202204,4호선,숙대입구,13231,12842,26073
202204,4호선,신용산,14337,14917,29254
202204,4호선,쌍문,28113,25838,53951
202204,4호선,이촌,6254,7138,13392
202204,4호선,창동,23710,25225,48935
202204,4호선,총신대입구,17997,19471,37468
202204,4호선,충무로,27314,28090,55404
202204,4호선,한성대입구,13447,13114,26561
202204,4호선,혜화,27930,27986,55916
202204,4호선,회현,22858,24358,47216
202204,4호선,길음,20605,20327,40932
202204,4호선,남태령,1151,998,2149
202204,4호선,노원,17832,19924,37756
202204,4호선,당고개,8996,8055,17051
202204,4호선,동대문,19037,19589,38626
202204,4호선,동대문역사문화공원,13417,12439,25856
202204,4호선,동작,1645,1879,3524
202204,4호선,명동,18427,19101,37528
202204,4호선,미아,15078,14834,29912
202204,4호선,미아사거리,26452,25641,52093
202204,4호선,사당,23835,19968,43803
202204,4호선,삼각지,4525,5106,9631
202204,4호선,상계,18970,17616,36586
202204,4호선,서울,10470,14314,24784
202204,4호선,성신여대입구,20312,19279,39591
202204,4호선,수유,32784,32669,65453
202204,4호선,숙대입구,13840,13393,27233
202204,4호선,신용산,14716,15392,30108
202204,4호선,쌍문,28380,26403,54783
202204,4호선,이촌,6844,7518,14362
202204,4호선,창동,24406,25774,50180
202204,4호선,총신대입구,18220,19675,37895
202204,4호선,충무로,27711,28145,55856
202204,4호선,한성대입구,13869,13407,27276
202204,4호선,혜화,31213,31353,62566
202204,4호선,회현,23607,25172,48779
202204,4호선,길음,20762,20723,41485
202204,4호선,남태령,1202,1008,2210
202204,4호선,노원,18172,20304,38476
202204,4호선,당고개,8956,7992,16948
202204,4호선,동대문,19310,19596,38906
202204,4호선,동대문역사문화공원,13845,12858,26703
202204,4호선,동작,1716,1953,3669
202204,4호선,명동,19315,19734,39049
202204,4호선,미아,15100,14668,29768
202204,4호선,미아사거리,26547,25750,52297
202204,4호선,사당,24108,20061,44169
202204,4호선,삼각지,4707,5133,9840
202204,4호선,상계,19179,17790,36969
202204,4호선,서울,10511,14687,25198
202204,4호선,성신여대입구,20879,19657,40536
202204,4호선,수유,32778,32813,65591
202204,4호선,숙대입구,14143,13505,27648
202204,4호선,신용산,14814,15561,30375
202204,4호선,쌍문,28734,26410,55144
202204,4호선,이촌,6886,7671,14557
202204,4호선,창동,24488,26043,50531
202204,4호선,총신대입구,18707,20012,38719
202204,4호선,충무로,28169,28788,56957
202204,4호선,한성대입구,13914,13821,27735
202204,4호선,혜화,31369,31332,62701
202204,4호선,회현,23433,24868,48301
202204,4호선,길음,21259,20895,42154
202204,4호선,남태령,1177,989,2166
202204,4호선,노원,18209,20508,38717
202204,4호선,당고개,8949,8189,17138
202204,4호선,동대문,19214,19821,39035
202204,4호선,동대문역사문화공원,13872,12857,26729
202204,4호선,동작,1832,2110,3942
202204,4호선,명동,18834,19432,38266
202204,4호선,미아,15451,14947,30398
202204,4호선,미아사거리,26575,25899,52474
202204,4호선,사당,24602,20573,45175
202204,4호선,삼각지,4691,5295,9986
202204,4호선,상계,19173,17666,36839
202204,4호선,서울,10508,15645,26153
202204,4호선,성신여대입구,20744,19731,40475
202204,4호선,수유,32959,33170,66129
202204,4호선,숙대입구,13965,13548,27513
202204,4호선,신용산,15046,15697,30743
202204,4호선,쌍문,28936,26763,55699
202204,4호선,이촌,6855,7622,14477
202204,4호선,창동,24870,25805,50675
202204,4호선,총신대입구,18258,19564,37822
202204,4호선,충무로,28517,29328,57845
202204,4호선,한성대입구,14107,13844,27951
202204,4호선,혜화,31670,31911,63581
202204,4호선,회현,23854,25375,49229
202204,4호선,길음,21236,20329,41565
202204,4호선,남태령,1330,1009,2339
202204,4호선,노원,19180,22231,41411
202204,4호선,당고개,9381,8452,17833
202204,4호선,동대문,19775,19522,39297
202204,4호선,동대문역사문화공원,13988,13091,27079
202204,4호선,동작,2390,2794,5184
202204,4호선,명동,19419,20801,40220
202204,4호선,미아,15549,14662,30211
202204,4호선,미아사거리,27770,26663,54433
202204,4호선,사당,26582,22104,48686
202204,4호선,삼각지,4983,5912,10895
202204,4호선,상계,19497,17767,37264
202204,4호선,서울,10413,17572,27985
202204,4호선,성신여대입구,21440,20453,41893
202204,4호선,수유,34808,34853,69661
202204,4호선,숙대입구,13676,13385,27061
202204,4호선,신용산,15457,16573,32030
202204,4호선,쌍문,29721,27175,56896
202204,4호선,이촌,7401,8347,15748
202204,4호선,창동,25939,26681,52620
202204,4호선,총신대입구,19495,21126,40621
202204,4호선,충무로,28312,29398,57710
202204,4호선,한성대입구,14490,14326,28816
202204,4호선,혜화,32605,32735,65340
202204,4호선,회현,24080,25654,49734
202204,4호선,길음,20899,20883,41782
202204,4호선,남태령,1234,1042,2276
202204,4호선,노원,17973,20164,38137
202204,4호선,당고개,9109,8047,17156
202204,4호선,동대문,19524,19983,39507
202204,4호선,동대문역사문화공원,13613,12639,26252
202204,4호선,동작,2188,2571,4759
202204,4호선,명동,19496,19878,39374
202204,4호선,미아,15414,14932,30346
202204,4호선,미아사거리,27043,26374,53417
202204,4호선,사당,24166,20003,44169
202204,4호선,삼각지,4557,4998,9555
202204,4호선,상계,19292,17854,37146
202204,4호선,서울,10676,15197,25873
202204,4호선,성신여대입구,20289,19201,39490
202204,4호선,수유,33592,33688,67280
202204,4호선,숙대입구,13623,12936,26559
202204,4호선,신용산,15012,15857,30869
202204,4호선,쌍문,29158,26838,55996
202204,4호선,이촌,6799,7727,14526
202204,4호선,창동,24648,25448,50096
202204,4호선,총신대입구,18559,19840,38399
202204,4호선,충무로,28516,29232,57748
202204,4호선,한성대입구,13868,13725,27593
202204,4호선,혜화,28812,29235,58047
202204,4호선,회현,23968,25327,49295
202204,4호선,길음,21276,21308,42584
202204,4호선,남태령,1258,1093,2351
202204,4호선,노원,18518,20644,39162
202204,4호선,당고개,8948,8096,17044
202204,4호선,동대문,19580,19771,39351
202204,4호선,동대문역사문화공원,13717,12679,26396
202204,4호선,동작,1857,2225,4082
202204,4호선,명동,19599,19986,39585
202204,4호선,미아,15560,15280,30840
202204,4호선,미아사거리,27010,26249,53259
202204,4호선,사당,25024,20847,45871
202204,4호선,삼각지,4809,5266,10075
202204,4호선,상계,19600,18058,37658
202204,4호선,서울,10928,14977,25905
202204,4호선,성신여대입구,20719,19788,40507
202204,4호선,수유,33714,33389,67103
202204,4호선,숙대입구,14317,13630,27947
202204,4호선,신용산,15389,16193,31582
202204,4호선,쌍문,29392,27251,56643
202204,4호선,이촌,7169,8087,15256
202204,4호선,창동,24963,25865,50828
202204,4호선,총신대입구,18762,20233,38995
202204,4호선,충무로,28699,29432,58131
202204,4호선,한성대입구,14464,14060,28524
202204,4호선,혜화,31095,31249,62344
202204,4호선,회현,25075,26311,51386
202204,4호선,길음,20981,20803,41784
202204,4호선,남태령,1200,1074,2274
202204,4호선,노원,18262,20405,38667
202204,4호선,당고개,8554,7779,16333
202204,4호선,동대문,18652,19172,37824
202204,4호선,동대문역사문화공원,13778,12638,26416
202204,4호선,동작,1238,1487,2725
202204,4호선,명동,19371,19914,39285
202204,4호선,미아,15185,14869,30054
202204,4호선,미아사거리,26464,25726,52190
202204,4호선,사당,24560,20349,44909
202204,4호선,삼각지,4738,5380,10118
202204,4호선,상계,19189,17772,36961
202204,4호선,서울,11017,15219,26236
202204,4호선,성신여대입구,20370,19587,39957
202204,4호선,수유,32880,33212,66092
202204,4호선,숙대입구,14231,13708,27939
202204,4호선,신용산,15761,16519,32280
202204,4호선,쌍문,28721,26438,55159
202204,4호선,이촌,7019,7757,14776
202204,4호선,창동,24475,25453,49928
202204,4호선,총신대입구,18236,19813,38049
202204,4호선,충무로,28210,28473,56683
202204,4호선,한성대입구,14317,13840,28157
202204,4호선,혜화,31977,32146,64123
202204,4호선,회현,23329,24649,47978
202204,4호선,길음,21311,21160,42471
202204,4호선,남태령,1158,1075,2233
202204,4호선,노원,18403,20935,39338
202204,4호선,당고개,8883,7951,16834
202204,4호선,동대문,19283,19934,39217
202204,4호선,동대문역사문화공원,13783,12595,26378
202204,4호선,동작,1489,1732,3221
202204,4호선,명동,19574,20237,39811
202204,4호선,미아,15593,15253,30846
202204,4호선,미아사거리,26930,26165,53095
202204,4호선,사당,25389,21127,46516
202204,4호선,삼각지,5012,5520,10532
202204,4호선,상계,19283,17700,36983
202204,4호선,서울,11008,16079,27087
202204,4호선,성신여대입구,20537,19412,39949
202204,4호선,수유,33358,33206,66564
202204,4호선,숙대입구,14226,13643,27869
202204,4호선,신용산,15808,16742,32550
202204,4호선,쌍문,29260,26845,56105
202204,4호선,이촌,7100,7954,15054
202204,4호선,창동,25073,26003,51076
202204,4호선,총신대입구,18714,20270,38984
202204,4호선,충무로,28922,29639,58561
202204,4호선,한성대입구,14203,13805,28008
202204,4호선,혜화,31475,31658,63133
202204,4호선,회현,23865,25647,49512
202204,4호선,길음,21434,20641,42075
202204,4호선,남태령,1367,1056,2423
202204,4호선,노원,19599,22522,42121
202204,4호선,당고개,9183,8263,17446
202204,4호선,동대문,19990,20336,40326
202204,4호선,동대문역사문화공원,14580,12875,27455
202204,4호선,동작,1876,2064,3940
202204,4호선,명동,20446,21554,42000
202204,4호선,미아,16281,15717,31998
202204,4호선,미아사거리,28411,27365,55776
202204,4호선,사당,27286,23039,50325
202204,4호선,삼각지,5249,6224,11473
202204,4호선,상계,20089,18629,38718
202204,4호선,서울,11008,18531,29539
202204,4호선,성신여대입구,21490,20488,41978
202204,4호선,수유,35412,34926,70338
202204,4호선,숙대입구,14069,13737,27806
202204,4호선,신용산,16457,17739,34196
202204,4호선,쌍문,30190,27250,57440
202204,4호선,이촌,7822,8533,16355
202204,4호선,창동,26417,27590,54007
202204,4호선,총신대입구,19941,21692,41633
202204,4호선,충무로,28233,29380,57613
202204,4호선,한성대입구,15041,14497,29538
202204,4호선,혜화,32727,32324,65051
202204,4호선,회현,24838,26647,51485
202204,4호선,길음,21166,21153,42319
202204,4호선,남태령,1202,1052,2254
202204,4호선,노원,17791,20043,37834
202204,4호선,당고개,9204,8213,17417
202204,4호선,동대문,20007,20711,40718
202204,4호선,동대문역사문화공원,13794,12838,26632
202204,4호선,동작,1650,1802,3452
202204,4호선,명동,19256,19549,38805
202204,4호선,미아,15894,15049,30943
202204,4호선,미아사거리,26200,25497,51697
202204,4호선,사당,24675,20849,45524
202204,4호선,삼각지,4709,5198,9907
202204,4호선,상계,19669,18075,37744
202204,4호선,서울,11026,15477,26503
202204,4호선,성신여대입구,20170,19361,39531
202204,4호선,수유,33926,34373,68299
202204,4호선,숙대입구,13676,13157,26833
202204,4호선,신용산,15874,16805,32679
202204,4호선,쌍문,29235,26787,56022
202204,4호선,이촌,6906,7821,14727
202204,4호선,창동,24795,25828,50623
202204,4호선,총신대입구,18822,20281,39103
202204,4호선,충무로,27773,28952,56725
202204,4호선,한성대입구,13799,13497,27296
202204,4호선,혜화,29137,29783,58920
202204,4호선,회현,24626,26041,50667
202204,4호선,길음,21783,21483,43266
202204,4호선,남태령,1293,1098,2391
202204,4호선,노원,18727,21034,39761
202204,4호선,당고개,9262,8298,17560
202204,4호선,동대문,20402,20810,41212
202204,4호선,동대문역사문화공원,14035,13016,27051
202204,4호선,동작,1617,1847,3464
202204,4호선,명동,19645,20136,39781
202204,4호선,미아,15859,15181,31040
202204,4호선,미아사거리,27839,27087,54926
202204,4호선,사당,25400,21537,46937
202204,4호선,삼각지,4876,5453,10329
202204,4호선,상계,20173,18554,38727
202204,4호선,서울,11287,15627,26914
202204,4호선,성신여대입구,20656,19678,40334
202204,4호선,수유,33693,34031,67724
202204,4호선,숙대입구,14069,13617,27686
202204,4호선,신용산,15987,17215,33202
202204,4호선,쌍문,29903,27437,57340
202204,4호선,이촌,7526,8183,15709
202204,4호선,창동,25629,26602,52231
202204,4호선,총신대입구,19245,20723,39968
202204,4호선,충무로,28266,29346,57612
202204,4호선,한성대입구,15067,14583,29650
202204,4호선,혜화,32464,32811,65275
202204,4호선,회현,25618,27263,52881
202204,4호선,길음,22070,21732,43802
202204,4호선,남태령,1298,1079,2377
202204,4호선,노원,18631,20894,39525
202204,4호선,당고개,9229,8220,17449
202204,4호선,동대문,20158,20692,40850
202204,4호선,동대문역사문화공원,14487,13365,27852
202204,4호선,동작,1623,1846,3469
202204,4호선,명동,19645,20047,39692
202204,4호선,미아,15856,15232,31088
202204,4호선,미아사거리,27989,27057,55046
202204,4호선,사당,25747,21601,47348
202204,4호선,삼각지,4964,5595,10559
202204,4호선,상계,20264,18536,38800
202204,4호선,서울,11526,16413,27939
202204,4호선,성신여대입구,20665,19856,40521
202204,4호선,수유,34506,34603,69109
202204,4호선,숙대입구,14491,14081,28572
202204,4호선,신용산,16297,17167,33464
202204,4호선,쌍문,30139,27460,57599
202204,4호선,이촌,7457,8243,15700
202204,4호선,창동,25922,26832,52754
202204,4호선,총신대입구,19583,21011,40594
202204,4호선,충무로,28532,29245,57777
202204,4호선,한성대입구,14277,13814,28091
202204,4호선,혜화,33258,33875,67133
202204,4호선,회현,25348,27173,52521
202204,4호선,길음,21322,21829,43151
202204,4호선,남태령,1357,902,2259
202204,4호선,노원,18693,21197,39890
202204,4호선,당고개,9372,8520,17892
202204,4호선,동대문,20063,20296,40359
202204,4호선,동대문역사문화공원,14720,13425,28145
202204,4호선,동작,1751,1886,3637
202204,4호선,명동,18677,18181,36858
202204,4호선,미아,15421,15262,30683
202204,4호선,미아사거리,27410,27249,54659
202204,4호선,사당,30559,24873,55432
202204,4호선,삼각지,5095,5875,10970
202204,4호선,상계,20172,18753,38925
202204,4호선,서울,11734,15708,27442
202204,4호선,성신여대입구,20480,20051,40531
202204,4호선,수유,33857,34447,68304
202204,4호선,숙대입구,14149,12935,27084
202204,4호선,신용산,15899,15420,31319
202204,4호선,쌍문,29534,28006,57540
202204,4호선,이촌,7425,8095,15520
202204,4호선,창동,26095,27291,53386
202204,4호선,총신대입구,19455,20835,40290
202204,4호선,충무로,28917,29490,58407
202204,4호선,한성대입구,13966,14103,28069
202204,4호선,혜화,32201,31568,63769
202204,4호선,회현,24944,25106,50050
202204,4호선,길음,21074,20379,41453
202204,4호선,남태령,1351,1009,2360
202204,4호선,노원,19010,22187,41197
202204,4호선,당고개,8987,8122,17109
202204,4호선,동대문,19753,19713,39466
202204,4호선,동대문역사문화공원,14809,13210,28019
202204,4호선,동작,1514,1647,3161
202204,4호선,명동,19321,20527,39848
202204,4호선,미아,15360,14620,29980
202204,4호선,미아사거리,27614,26865,54479
202204,4호선,사당,27603,23585,51188
202204,4호선,삼각지,5394,6188,11582
202204,4호선,상계,19705,18310,38015
202204,4호선,서울,11663,19074,30737
202204,4호선,성신여대입구,20586,19808,40394
202204,4호선,수유,34280,34784,69064
202204,4호선,숙대입구,14057,13615,27672
202204,4호선,신용산,16746,17757,34503
202204,4호선,쌍문,29828,27076,56904
202204,4호선,이촌,7486,8093,15579
202204,4호선,창동,26254,27518,53772
202204,4호선,총신대입구,19702,21518,41220
202204,4호선,충무로,27685,28588,56273
202204,4호선,한성대입구,14449,14041,28490
202204,4호선,혜화,33745,33266,67011
202204,4호선,회현,24390,25637,50027
202204,4호선,길음,21998,21613,43611
202204,4호선,남태령,1231,1071,2302
202204,4호선,노원,18675,20577,39252
202204,4호선,당고개,9077,8032,17109
202204,4호선,동대문,20107,20636,40743
202204,4호선,동대문역사문화공원,13639,12519,26158
202204,4호선,동작,1517,1666,3183
202204,4호선,명동,18981,19492,38473
202204,4호선,미아,15540,15118,30658
202204,4호선,미아사거리,27363,26636,53999
202204,4호선,사당,25162,21058,46220
202204,4호선,삼각지,4868,5319,10187
202204,4호선,상계,19993,18434,38427
202204,4호선,서울,11174,15926,27100
202204,4호선,성신여대입구,19997,19549,39546
202204,4호선,수유,33844,33714,67558
202204,4호선,숙대입구,14056,13563,27619
202204,4호선,신용산,15846,16736,32582
202204,4호선,쌍문,29445,27079,56524
202204,4호선,이촌,7122,7941,15063
202204,4호선,창동,25198,26954,52152
202204,4호선,총신대입구,19022,20610,39632
202204,4호선,충무로,28237,29448,57685
202204,4호선,한성대입구,13422,13214,26636
202204,4호선,혜화,29912,30308,60220
202204,4호선,회현,22674,24337,47011
202204,4호선,길음,22549,22105,44654
202204,4호선,남태령,1293,1173,2466
202204,4호선,노원,19486,21641,41127
202204,4호선,당고개,9357,8457,17814
202204,4호선,동대문,20564,20918,41482
202204,4호선,동대문역사문화공원,13966,12878,26844
202204,4호선,동작,1646,1802,3448
202204,4호선,명동,18959,19782,38741
202204,4호선,미아,15810,15290,31100
202204,4호선,미아사거리,28154,27282,55436
202204,4호선,사당,26472,22262,48734
202204,4호선,삼각지,5093,5656,10749
202204,4호선,상계,20871,19067,39938
202204,4호선,서울,11556,16230,27786
202204,4호선,성신여대입구,21346,20593,41939
202204,4호선,수유,34558,34717,69275
202204,4호선,숙대입구,15062,14392,29454
202204,4호선,신용산,16260,17580,33840
202204,4호선,쌍문,30182,27775,57957
202204,4호선,이촌,7998,8963,16961
202204,4호선,창동,26216,27825,54041
202204,4호선,총신대입구,19495,20891,40386
202204,4호선,충무로,29198,30062,59260
202204,4호선,한성대입구,14467,14028,28495
202204,4호선,혜화,33587,33830,67417
202204,4호선,회현,25928,27596,53524
202204,4호선,길음,22995,22658,45653
202204,4호선,남태령,1362,1185,2547
202204,4호선,노원,19697,22267,41964
202204,4호선,당고개,9489,8441,17930
202204,4호선,동대문,20746,21156,41902
202204,4호선,동대문역사문화공원,14837,13664,28501
202204,4호선,동작,1700,1863,3563
202204,4호선,명동,20994,21978,42972
202204,4호선,미아,16016,15412,31428
202204,4호선,미아사거리,28569,27645,56214
202204,4호선,사당,27920,22932,50852
202204,4호선,삼각지,5304,5841,11145
202204,4호선,상계,21021,19363,40384
202204,4호선,서울,11852,17312,29164
202204,4호선,성신여대입구,22253,21003,43256
202204,4호선,수유,35349,35560,70909
202204,4호선,숙대입구,15225,14576,29801
202204,4호선,신용산,16819,17888,34707
202204,4호선,쌍문,30775,28048,58823
202204,4호선,이촌,7708,8654,16362
202204,4호선,창동,26627,28112,54739
202204,4호선,총신대입구,20126,21776,41902
202204,4호선,충무로,30401,30879,61280
202204,4호선,한성대입구,15773,15403,31176
202204,4호선,혜화,35838,36470,72308
202204,4호선,회현,26482,28231,54713
202204,4호선,길음,23129,22738,45867
202204,4호선,남태령,1370,1138,2508
202204,4호선,노원,20223,22738,42961
202204,4호선,당고개,9731,8627,18358
202204,4호선,동대문,20691,21292,41983
202204,4호선,동대문역사문화공원,14497,13553,28050
202204,4호선,동작,1623,1835,3458
202204,4호선,명동,20415,21356,41771
202204,4호선,미아,15957,15330,31287
202204,4호선,미아사거리,28463,27619,56082
202204,4호선,사당,27575,23168,50743
202204,4호선,삼각지,5367,5985,11352
202204,4호선,상계,21289,19643,40932
202204,4호선,서울,12038,17891,29929
202204,4호선,성신여대입구,21338,20114,41452
202204,4호선,수유,35386,35197,70583
202204,4호선,숙대입구,15344,14875,30219
202204,4호선,신용산,17328,18152,35480
202204,4호선,쌍문,30715,28180,58895
202204,4호선,이촌,8936,9879,18815
202204,4호선,창동,26804,28206,55010
202204,4호선,총신대입구,20117,21639,41756
202204,4호선,충무로,30709,31548,62257
202204,4호선,한성대입구,15390,15317,30707
202204,4호선,혜화,35538,35899,71437
202204,4호선,회현,26743,28541,55284
202204,4호선,길음,23385,22227,45612
202204,4호선,남태령,1474,1157,2631
202204,4호선,노원,21387,24811,46198
202204,4호선,당고개,9579,8459,18038
202204,4호선,동대문,21071,21200,42271
202204,4호선,동대문역사문화공원,15449,13538,28987
202204,4호선,동작,1630,1782,3412
202204,4호선,명동,21403,22713,44116
202204,4호선,미아,16148,15313,31461
202204,4호선,미아사거리,29961,28978,58939
202204,4호선,사당,29595,24844,54439
202204,4호선,삼각지,5781,6646,12427
202204,4호선,상계,21352,19459,40811
202204,4호선,서울,12223,20558,32781
202204,4호선,성신여대입구,23274,22458,45732
202204,4호선,수유,36532,37055,73587
202204,4호선,숙대입구,15118,14925,30043
202204,4호선,신용산,17929,19074,37003
202204,4호선,쌍문,31770,28721,60491
202204,4호선,이촌,9283,10278,19561
202204,4호선,창동,27790,29510,57300
202204,4호선,총신대입구,20907,22560,43467
202204,4호선,충무로,29601,30728,60329
202204,4호선,한성대입구,16101,15585,31686
202204,4호선,혜화,38766,38478,77244
202204,4호선,회현,26051,28144,54195
202205,4호선,길음,22684,22756,45440
202205,4호선,남태령,1219,1075,2294
202205,4호선,노원,19321,21732,41053
202205,4호선,당고개,9522,8360,17882
202205,4호선,동대문,20785,21390,42175
202205,4호선,동대문역사문화공원,14778,13586,28364
202205,4호선,동작,1620,1851,3471
202205,4호선,명동,20840,21700,42540
202205,4호선,미아,16057,15640,31697
202205,4호선,미아사거리,28484,27609,56093
202205,4호선,사당,26638,21942,48580
202205,4호선,삼각지,5142,5700,10842
202205,4호선,상계,21196,19351,40547
202205,4호선,서울,11835,17148,28983
202205,4호선,성신여대입구,21784,20961,42745
202205,4호선,수유,34860,35000,69860
202205,4호선,숙대입구,14835,14324,29159
202205,4호선,신용산,17117,17948,35065
202205,4호선,쌍문,30522,28113,58635
202205,4호선,이촌,8310,9188,17498
202205,4호선,창동,26330,27646,53976
202205,4호선,총신대입구,19713,21077,40790
202205,4호선,충무로,29495,30765,60260
202205,4호선,한성대입구,15101,14682,29783
202205,4호선,혜화,31587,31740,63327
202205,4호선,회현,26868,28401,55269
202205,4호선,길음,23348,22888,46236
202205,4호선,남태령,1340,1150,2490
202205,4호선,노원,20754,23168,43922
202205,4호선,당고개,9801,8840,18641
202205,4호선,동대문,21132,22097,43229
202205,4호선,동대문역사문화공원,15034,14181,29215
202205,4호선,동작,1783,1984,3767
202205,4호선,명동,21095,22011,43106
202205,4호선,미아,16280,15766,32046
202205,4호선,미아사거리,29099,27893,56992
202205,4호선,사당,27975,23626,51601
202205,4호선,삼각지,5396,6075,11471
202205,4호선,상계,21628,19741,41369
202205,4호선,서울,11900,17304,29204
202205,4호선,성신여대입구,22377,21437,43814
202205,4호선,수유,35920,35676,71596
202205,4호선,숙대입구,15371,14991,30362
202205,4호선,신용산,17572,18713,36285
202205,4호선,쌍문,31163,28424,59587
202205,4호선,이촌,9266,10214,19480
202205,4호선,창동,27426,29136,56562
202205,4호선,총신대입구,20487,22012,42499
202205,4호선,충무로,30237,31323,61560
202205,4호선,한성대입구,16203,15685,31888
202205,4호선,혜화,34999,35367,70366
202205,4호선,회현,27857,29853,57710
202205,4호선,길음,24360,23518,47878
202205,4호선,남태령,1508,1195,2703
202205,4호선,노원,21865,24884,46749
202205,4호선,당고개,10130,8727,18857
202205,4호선,동대문,21595,22177,43772
202205,4호선,동대문역사문화공원,16437,15528,31965
202205,4호선,동작,2054,2327,4381
202205,4호선,명동,22285,23655,45940
202205,4호선,미아,17074,15991,33065
202205,4호선,미아사거리,30801,29722,60523
202205,4호선,사당,30185,26472,56657
202205,4호선,삼각지,5748,6469,12217
202205,4호선,상계,22142,19932,42074
202205,4호선,서울,12991,21562,34553
202205,4호선,성신여대입구,24749,23580,48329
202205,4호선,수유,37902,38319,76221
202205,4호선,숙대입구,15994,15678,31672
202205,4호선,신용산,19609,21505,41114
202205,4호선,쌍문,32489,28990,61479
202205,4호선,이촌,10211,11268,21479
202205,4호선,창동,28558,29732,58290
202205,4호선,총신대입구,21514,23102,44616
202205,4호선,충무로,30936,32642,63578
202205,4호선,한성대입구,16950,16374,33324
202205,4호선,혜화,39400,38423,77823
202205,4호선,회현,27774,29819,57593
202205,4호선,길음,13751,12670,26421
202205,4호선,남태령,1030,672,1702
202205,4호선,노원,15639,17176,32815
202205,4호선,당고개,6954,6553,13507
202205,4호선,동대문,18917,19500,38417
202205,4호선,동대문역사문화공원,13939,12675,26614
202205,4호선,동작,1750,1951,3701
202205,4호선,명동,15520,18277,33797
202205,4호선,미아,9967,9194,19161
202205,4호선,미아사거리,20444,19230,39674
202205,4호선,사당,19545,16729,36274
202205,4호선,삼각지,3395,4600,7995
202205,4호선,상계,13943,12895,26838
202205,4호선,서울,5295,13504,18799
202205,4호선,성신여대입구,16644,15643,32287
202205,4호선,수유,25036,24195,49231
202205,4호선,숙대입구,8395,7797,16192
202205,4호선,신용산,11328,12361,23689
202205,4호선,쌍문,19809,17718,37527
202205,4호선,이촌,8965,10030,18995
202205,4호선,창동,18186,18936,37122
202205,4호선,총신대입구,12597,13706,26303
202205,4호선,충무로,12674,14481,27155
202205,4호선,한성대입구,10398,10213,20611
202205,4호선,혜화,30383,31896,62279
202205,4호선,회현,20049,21437,41486
202205,4호선,길음,21635,20342,41977
202205,4호선,남태령,1457,1052,2509
202205,4호선,노원,20927,24387,45314
202205,4호선,당고개,9494,8357,17851
202205,4호선,동대문,23274,22997,46271
202205,4호선,동대문역사문화공원,16672,14312,30984
202205,4호선,동작,1751,1884,3635
202205,4호선,명동,23050,24389,47439
202205,4호선,미아,15212,14462,29674
202205,4호선,미아사거리,28430,27281,55711
202205,4호선,사당,27143,22819,49962
202205,4호선,삼각지,5108,6004,11112
202205,4호선,상계,19274,17577,36851
202205,4호선,서울,10566,20249,30815
202205,4호선,성신여대입구,22434,21187,43621
202205,4호선,수유,35452,35656,71108
202205,4호선,숙대입구,13546,13157,26703
202205,4호선,신용산,16150,17906,34056
202205,4호선,쌍문,30169,26897,57066
202205,4호선,이촌,10490,11447,21937
202205,4호선,창동,26773,28274,55047
202205,4호선,총신대입구,19022,20744,39766
202205,4호선,충무로,27099,29136,56235
202205,4호선,한성대입구,14975,14444,29419
202205,4호선,혜화,37616,37524,75140
202205,4호선,회현,27159,28307,55466
202205,4호선,길음,22777,22923,45700
202205,4호선,남태령,1332,1141,2473
202205,4호선,노원,19873,22450,42323
202205,4호선,당고개,9559,8371,17930
202205,4호선,동대문,20836,21750,42586
202205,4호선,동대문역사문화공원,14535,13693,28228
202205,4호선,동작,1666,1864,3530
202205,4호선,명동,21216,21863,43079
202205,4호선,미아,16284,15802,32086
202205,4호선,미아사거리,28606,27877,56483
202205,4호선,사당,26695,22575,49270
202205,4호선,삼각지,5080,5634,10714
202205,4호선,상계,21022,18997,40019
202205,4호선,서울,11927,17205,29132
202205,4호선,성신여대입구,21376,20797,42173
202205,4호선,수유,35242,35450,70692
202205,4호선,숙대입구,14568,14346,28914
202205,4호선,신용산,17930,18796,36726
202205,4호선,쌍문,30794,28401,59195
202205,4호선,이촌,8439,9378,17817
202205,4호선,창동,26387,27653,54040
202205,4호선,총신대입구,19701,21302,41003
202205,4호선,충무로,29356,30872,60228
202205,4호선,한성대입구,14996,14349,29345
202205,4호선,혜화,32004,32617,64621
202205,4호선,회현,23671,25374,49045
202205,4호선,길음,24122,23757,47879
202205,4호선,남태령,1354,1214,2568
202205,4호선,노원,20105,22689,42794
202205,4호선,당고개,9674,8586,18260
202205,4호선,동대문,20918,21778,42696
202205,4호선,동대문역사문화공원,15258,13928,29186
202205,4호선,동작,1785,1988,3773
202205,4호선,명동,21648,22506,44154
202205,4호선,미아,16377,15826,32203
202205,4호선,미아사거리,29134,28005,57139
202205,4호선,사당,28265,23747,52012
202205,4호선,삼각지,5856,6442,12298
202205,4호선,상계,20997,19352,40349
202205,4호선,서울,12657,18416,31073
202205,4호선,성신여대입구,22261,21452,43713
202205,4호선,수유,35983,35777,71760
202205,4호선,숙대입구,15798,15217,31015
202205,4호선,신용산,18302,19631,37933
202205,4호선,쌍문,31282,28873,60155
202205,4호선,이촌,9438,10593,20031
202205,4호선,창동,27095,28618,55713
202205,4호선,총신대입구,20315,22178,42493
202205,4호선,충무로,30164,31662,61826
202205,4호선,한성대입구,16385,15904,32289
202205,4호선,혜화,35737,36083,71820
202205,4호선,회현,27439,28817,56256
202205,4호선,길음,24247,24249,48496
202205,4호선,남태령,1402,1195,2597
202205,4호선,노원,20273,23023,43296
202205,4호선,당고개,9694,8585,18279
202205,4호선,동대문,21245,21914,43159
202205,4호선,동대문역사문화공원,15550,14370,29920
202205,4호선,동작,1798,2000,3798
202205,4호선,명동,22261,22849,45110
202205,4호선,미아,16490,15925,32415
202205,4호선,미아사거리,29594,28457,58051
202205,4호선,사당,28543,24164,52707
202205,4호선,삼각지,5694,6362,12056
202205,4호선,상계,21215,19395,40610
202205,4호선,서울,12539,18231,30770
202205,4호선,성신여대입구,22679,21519,44198
202205,4호선,수유,36378,36489,72867
202205,4호선,숙대입구,15698,15136,30834
202205,4호선,신용산,18185,19338,37523
202205,4호선,쌍문,31551,28697,60248
202205,4호선,이촌,9562,10591,20153
202205,4호선,창동,27544,29142,56686
202205,4호선,총신대입구,20970,22546,43516
202205,4호선,충무로,30534,31967,62501
202205,4호선,한성대입구,16512,15925,32437
202205,4호선,혜화,39316,40142,79458
202205,4호선,회현,27451,29228,56679
202205,4호선,길음,24340,23990,48330
202205,4호선,남태령,1464,1218,2682
202205,4호선,노원,20279,22989,43268
202205,4호선,당고개,9686,8633,18319
202205,4호선,동대문,21656,22131,43787
202205,4호선,동대문역사문화공원,15376,14217,29593
202205,4호선,동작,1849,2088,3937
202205,4호선,명동,21931,22864,44795
202205,4호선,미아,16337,15815,32152
202205,4호선,미아사거리,29241,28435,57676
202205,4호선,사당,29445,24442,53887
202205,4호선,삼각지,5635,6277,11912
202205,4호선,상계,21165,19460,40625
202205,4호선,서울,12783,19266,32049
202205,4호선,성신여대입구,23165,21746,44911
202205,4호선,수유,36249,36241,72490
202205,4호선,숙대입구,15860,15245,31105
202205,4호선,신용산,18553,19709,38262
202205,4호선,쌍문,31348,28733,60081
202205,4호선,이촌,9616,10437,20053
202205,4호선,창동,27402,29100,56502
202205,4호선,총신대입구,20713,22458,43171
202205,4호선,충무로,31365,32526,63891
202205,4호선,한성대입구,16096,15709,31805
202205,4호선,혜화,40359,41807,82166
202205,4호선,회현,27675,29526,57201
202205,4호선,길음,24406,23343,47749
202205,4호선,남태령,1456,1140,2596
202205,4호선,노원,22065,25389,47454
202205,4호선,당고개,10139,9045,19184
202205,4호선,동대문,21771,21779,43550
202205,4호선,동대문역사문화공원,16424,14681,31105
202205,4호선,동작,2136,2285,4421
202205,4호선,명동,22736,24487,47223
202205,4호선,미아,16936,16035,32971
202205,4호선,미아사거리,30503,29499,60002
202205,4호선,사당,31678,27837,59515
202205,4호선,삼각지,6104,7163,13267
202205,4호선,상계,21629,19574,41203
202205,4호선,서울,12854,22527,35381
202205,4호선,성신여대입구,23689,22653,46342
202205,4호선,수유,37936,38133,76069
202205,4호선,숙대입구,15907,15706,31613
202205,4호선,신용산,19227,20792,40019
202205,4호선,쌍문,32817,29696,62513
202205,4호선,이촌,10067,10973,21040
202205,4호선,창동,29064,30916,59980
202205,4호선,총신대입구,22176,24096,46272
202205,4호선,충무로,29987,32094,62081
202205,4호선,한성대입구,16752,16329,33081
202205,4호선,혜화,47438,50126,97564
202205,4호선,회현,28100,29809,57909
202205,4호선,길음,23538,23461,46999
202205,4호선,남태령,1347,1251,2598
202205,4호선,노원,19678,22208,41886
202205,4호선,당고개,9734,8489,18223
202205,4호선,동대문,21454,21952,43406
202205,4호선,동대문역사문화공원,15462,14079,29541
202205,4호선,동작,1896,2154,4050
202205,4호선,명동,22039,22383,44422
202205,4호선,미아,16480,15970,32450
202205,4호선,미아사거리,28836,27795,56631
202205,4호선,사당,27265,23146,50411
202205,4호선,삼각지,5401,6227,11628
202205,4호선,상계,20614,18962,39576
202205,4호선,서울,12254,18202,30456
202205,4호선,성신여대입구,21999,20868,42867
202205,4호선,수유,35434,35394,70828
202205,4호선,숙대입구,15098,14599,29697
202205,4호선,신용산,17943,18898,36841
202205,4호선,쌍문,30904,28368,59272
202205,4호선,이촌,8623,9722,18345
202205,4호선,창동,26627,28040,54667
202205,4호선,총신대입구,20470,22205,42675
202205,4호선,충무로,30169,31675,61844
202205,4호선,한성대입구,15036,14619,29655
202205,4호선,혜화,33750,33665,67415
202205,4호선,회현,27360,28722,56082
202205,4호선,길음,24087,24009,48096
202205,4호선,남태령,1395,1228,2623
202205,4호선,노원,20101,22759,42860
202205,4호선,당고개,9788,8661,18449
202205,4호선,동대문,21410,21984,43394
202205,4호선,동대문역사문화공원,15453,13966,29419
202205,4호선,동작,1931,2147,4078
202205,4호선,명동,21895,22694,44589
202205,4호선,미아,16610,15856,32466
202205,4호선,미아사거리,29048,28170,57218
202205,4호선,사당,28085,24152,52237
202205,4호선,삼각지,5631,6294,11925
202205,4호선,상계,20914,19121,40035
202205,4호선,서울,12671,18282,30953
202205,4호선,성신여대입구,22276,21055,43331
202205,4호선,수유,35861,35827,71688
202205,4호선,숙대입구,15503,15234,30737
202205,4호선,신용산,18118,19460,37578
202205,4호선,쌍문,31428,28746,60174
202205,4호선,이촌,9256,10176,19432
202205,4호선,창동,27425,28960,56385
202205,4호선,총신대입구,20582,22028,42610
202205,4호선,충무로,30321,31873,62194
202205,4호선,한성대입구,16000,15444,31444
202205,4호선,혜화,35717,35847,71564
202205,4호선,회현,27847,29638,57485
202205,4호선,길음,24050,23563,47613
202205,4호선,남태령,1413,1212,2625
202205,4호선,노원,19998,22749,42747
202205,4호선,당고개,9594,8600,18194
202205,4호선,동대문,20585,21256,41841
202205,4호선,동대문역사문화공원,15204,14072,29276
202205,4호선,동작,2334,2358,4692
202205,4호선,명동,21914,22674,44588
202205,4호선,미아,16158,15570,31728
202205,4호선,미아사거리,29088,28039,57127
202205,4호선,사당,28030,23899,51929
202205,4호선,삼각지,5767,6465,12232
202205,4호선,상계,20915,19225,40140
202205,4호선,서울,12727,18384,31111
202205,4호선,성신여대입구,22581,21435,44016
202205,4호선,수유,35763,35984,71747
202205,4호선,숙대입구,15638,15122,30760
202205,4호선,신용산,17994,19173,37167
202205,4호선,쌍문,31197,28488,59685
202205,4호선,이촌,9398,10347,19745
202205,4호선,창동,27283,28787,56070
202205,4호선,총신대입구,20570,22443,43013
202205,4호선,충무로,29945,30994,60939
202205,4호선,한성대입구,15878,15459,31337
202205,4호선,혜화,36353,36891,73244
202205,4호선,회현,26550,28025,54575
202205,4호선,길음,24681,24340,49021
202205,4호선,남태령,1449,1223,2672
202205,4호선,노원,20302,23097,43399
202205,4호선,당고개,9825,8599,18424
202205,4호선,동대문,21325,22026,43351
202205,4호선,동대문역사문화공원,15774,14471,30245
202205,4호선,동작,1814,2075,3889
202205,4호선,명동,21768,23027,44795
202205,4호선,미아,17318,16788,34106
202205,4호선,미아사거리,29397,28464,57861
202205,4호선,사당,28442,24894,53336
202205,4호선,삼각지,5902,6684,12586
202205,4호선,상계,21121,19366,40487
202205,4호선,서울,12855,19041,31896
202205,4호선,성신여대입구,22804,21879,44683
202205,4호선,수유,36591,36361,72952
202205,4호선,숙대입구,15645,15035,30680
202205,4호선,신용산,18658,19632,38290
202205,4호선,쌍문,31428,28923,60351
202205,4호선,이촌,9538,10348,19886
202205,4호선,창동,28146,29709,57855
202205,4호선,총신대입구,20857,22563,43420
202205,4호선,충무로,31127,32229,63356
202205,4호선,한성대입구,15964,15346,31310
202205,4호선,혜화,36750,37159,73909
202205,4호선,회현,27362,29332,56694
202205,4호선,길음,24573,23428,48001
202205,4호선,남태령,1482,1194,2676
202205,4호선,노원,21404,24823,46227
202205,4호선,당고개,10100,8775,18875
202205,4호선,동대문,21958,21983,43941
202205,4호선,동대문역사문화공원,16457,14568,31025
202205,4호선,동작,2027,2166,4193
202205,4호선,명동,23195,24162,47357
202205,4호선,미아,17392,16350,33742
202205,4호선,미아사거리,30372,29470,59842
202205,4호선,사당,30589,26588,57177
202205,4호선,삼각지,6244,7356,13600
202205,4호선,상계,21359,19525,40884
202205,4호선,서울,12847,22516,35363
202205,4호선,성신여대입구,24143,23133,47276
202205,4호선,수유,38347,38006,76353
202205,4호선,숙대입구,15586,15342,30928
202205,4호선,신용산,19040,20591,39631
202205,4호선,쌍문,32203,28904,61107
202205,4호선,이촌,9710,10774,20484
202205,4호선,창동,28533,30261,58794
202205,4호선,총신대입구,21584,23664,45248
202205,4호선,충무로,30108,32408,62516
202205,4호선,한성대입구,16437,15643,32080
202205,4호선,혜화,39007,38732,77739
202205,4호선,회현,27883,29238,57121
202205,4호선,길음,22964,23035,45999
202205,4호선,남태령,1294,1114,2408
202205,4호선,노원,19332,21648,40980
202205,4호선,당고개,9440,8364,17804
202205,4호선,동대문,20888,21426,42314
202205,4호선,동대문역사문화공원,14964,13639,28603
202205,4호선,동작,1820,1974,3794
202205,4호선,명동,21501,22036,43537
202205,4호선,미아,16134,15598,31732
202205,4호선,미아사거리,27619,26574,54193
202205,4호선,사당,26537,22516,49053
202205,4호선,삼각지,5378,5913,11291
202205,4호선,상계,20589,18824,39413
202205,4호선,서울,12144,18085,30229
202205,4호선,성신여대입구,21215,20420,41635
202205,4호선,수유,34912,34909,69821
202205,4호선,숙대입구,14693,14385,29078
202205,4호선,신용산,17297,18464,35761
202205,4호선,쌍문,30581,28059,58640
202205,4호선,이촌,8675,9646,18321
202205,4호선,창동,27041,28153,55194
202205,4호선,총신대입구,19862,21515,41377
202205,4호선,충무로,29096,30364,59460
202205,4호선,한성대입구,14887,14405,29292
202205,4호선,혜화,31380,31939,63319
202205,4호선,회현,26916,28128,55044
202205,4호선,길음,24288,23960,48248
202205,4호선,남태령,1466,1604,3070
202205,4호선,노원,19977,22448,42425
202205,4호선,당고개,9667,8593,18260
202205,4호선,동대문,21134,21505,42639
202205,4호선,동대문역사문화공원,15185,13845,29030
202205,4호선,동작,1861,2113,3974
202205,4호선,명동,22045,22835,44880
202205,4호선,미아,16368,15839,32207
202205,4호선,미아사거리,29153,28093,57246
202205,4호선,사당,27850,23695,51545
202205,4호선,삼각지,5764,6440,12204
202205,4호선,상계,20902,19024,39926
202205,4호선,서울,12490,18228,30718
202205,4호선,성신여대입구,22264,21208,43472
202205,4호선,수유,35988,35628,71616
202205,4호선,숙대입구,15439,14925,30364
202205,4호선,신용산,17854,19021,36875
202205,4호선,쌍문,30881,28392,59273
202205,4호선,이촌,8999,9932,18931
202205,4호선,창동,27461,28881,56342
202205,4호선,총신대입구,20600,22192,42792
202205,4호선,충무로,30427,31659,62086
202205,4호선,한성대입구,16109,15570,31679
202205,4호선,혜화,34649,34973,69622
202205,4호선,회현,27576,29336,56912
202205,4호선,길음,24363,24688,49051
202205,4호선,남태령,1407,1231,2638
202205,4호선,노원,20099,22794,42893
202205,4호선,당고개,9776,8686,18462
202205,4호선,동대문,21286,21792,43078
202205,4호선,동대문역사문화공원,15663,14250,29913
202205,4호선,동작,1678,1843,3521
202205,4호선,명동,22700,23341,46041
202205,4호선,미아,16594,16058,32652
202205,4호선,미아사거리,29551,28662,58213
202205,4호선,사당,28437,23767,52204
202205,4호선,삼각지,5986,6768,12754
202205,4호선,상계,20877,19435,40312
202205,4호선,서울,12808,18745,31553
202205,4호선,성신여대입구,23088,21722,44810
202205,4호선,수유,36525,36297,72822
202205,4호선,숙대입구,16075,15456,31531
202205,4호선,신용산,18633,19359,37992
202205,4호선,쌍문,31657,29112,60769
202205,4호선,이촌,10004,10766,20770
202205,4호선,창동,27915,29291,57206
202205,4호선,총신대입구,21028,22679,43707
202205,4호선,충무로,30745,31461,62206
202205,4호선,한성대입구,16481,16246,32727
202205,4호선,혜화,37229,37338,74567
202205,4호선,회현,27403,28876,56279
202205,4호선,길음,24502,24088,48590
202205,4호선,남태령,1509,1272,2781
202205,4호선,노원,20457,23237,43694
202205,4호선,당고개,10029,8855,18884
202205,4호선,동대문,21496,22210,43706
202205,4호선,동대문역사문화공원,15446,14305,29751
202205,4호선,동작,1853,2073,3926
202205,4호선,명동,22243,23283,45526
202205,4호선,미아,16425,15711,32136
202205,4호선,미아사거리,29471,28268,57739
202205,4호선,사당,28597,24311,52908
202205,4호선,삼각지,6034,7021,13055
202205,4호선,상계,21498,19652,41150
202205,4호선,서울,12811,19295,32106
202205,4호선,성신여대입구,22634,21423,44057
202205,4호선,수유,36445,36038,72483
202205,4호선,숙대입구,15559,15160,30719
202205,4호선,신용산,18493,19576,38069
202205,4호선,쌍문,31662,29025,60687
202205,4호선,이촌,9434,10496,19930
202205,4호선,창동,27996,29524,57520
202205,4호선,총신대입구,20895,22752,43647
202205,4호선,충무로,31404,32584,63988
202205,4호선,한성대입구,16221,15686,31907
202205,4호선,혜화,36713,37291,74004
202205,4호선,회현,27707,29518,57225
202205,4호선,길음,24765,23403,48168
202205,4호선,남태령,1615,1272,2887
202205,4호선,노원,21227,24527,45754
202205,4호선,당고개,9937,8750,18687
202205,4호선,동대문,21749,21783,43532
202205,4호선,동대문역사문화공원,16212,14205,30417
202205,4호선,동작,2063,2327,4390
202205,4호선,명동,23361,24654,48015
202205,4호선,미아,16589,15656,32245
202205,4호선,미아사거리,30545,29537,60082
202205,4호선,사당,30705,27025,57730
202205,4호선,삼각지,6538,7769,14307
202205,4호선,상계,21425,19569,40994
202205,4호선,서울,13111,22601,35712
202205,4호선,성신여대입구,23677,22415,46092
202205,4호선,수유,37898,37541,75439
202205,4호선,숙대입구,15571,15354,30925
202205,4호선,신용산,19488,20423,39911
202205,4호선,쌍문,32326,28922,61248
202205,4호선,이촌,10310,11266,21576
202205,4호선,창동,29016,30376,59392
202205,4호선,총신대입구,21659,23487,45146
202205,4호선,충무로,29856,31948,61804
202205,4호선,한성대입구,16416,15744,32160
202205,4호선,혜화,37455,37973,75428
202205,4호선,회현,27835,29766,57601
202205,4호선,길음,23045,23170,46215
202205,4호선,남태령,1315,1196,2511
202205,4호선,노원,19166,21566,40732
202205,4호선,당고개,9774,8539,18313
202205,4호선,동대문,20721,21031,41752
202205,4호선,동대문역사문화공원,14763,13273,28036
202205,4호선,동작,1590,1751,3341
202205,4호선,명동,21417,22018,43435
202205,4호선,미아,15927,15505,31432
202205,4호선,미아사거리,28082,27267,55349
202205,4호선,사당,26449,22342,48791
202205,4호선,삼각지,5406,5931,11337
202205,4호선,상계,20332,18537,38869
202205,4호선,서울,12235,18053,30288
202205,4호선,성신여대입구,21448,20583,42031
202205,4호선,수유,35147,34854,70001
202205,4호선,숙대입구,14708,14422,29130
202205,4호선,신용산,17226,18564,35790
202205,4호선,쌍문,30548,27996,58544
202205,4호선,이촌,8725,9695,18420
202205,4호선,창동,26547,27860,54407
202205,4호선,총신대입구,19506,21215,40721
202205,4호선,충무로,29663,30743,60406
202205,4호선,한성대입구,14712,14432,29144
202205,4호선,혜화,31424,31765,63189
202205,4호선,회현,26252,28125,54377
202205,4호선,길음,24637,23886,48523
202205,4호선,남태령,1489,1268,2757
202205,4호선,노원,20408,23669,44077
202205,4호선,당고개,9954,8716,18670
202205,4호선,동대문,22377,23138,45515
202205,4호선,동대문역사문화공원,15698,14733,30431
202205,4호선,동작,1808,1995,3803
202205,4호선,명동,22798,24093,46891
202205,4호선,미아,16578,15806,32384
202205,4호선,미아사거리,29841,28561,58402
202205,4호선,사당,29204,25557,54761
202205,4호선,삼각지,6159,6977,13136
202205,4호선,상계,21599,19504,41103
202205,4호선,서울,12837,19617,32454
202205,4호선,성신여대입구,22994,21921,44915
202205,4호선,수유,37243,37120,74363
202205,4호선,숙대입구,15862,15361,31223
202205,4호선,신용산,18783,20189,38972
202205,4호선,쌍문,31674,28630,60304
202205,4호선,이촌,10447,11684,22131
202205,4호선,창동,28162,29652,57814
202205,4호선,총신대입구,20990,23122,44112
202205,4호선,충무로,30677,32692,63369
202205,4호선,한성대입구,16444,15763,32207
202205,4호선,혜화,36392,36456,72848
202205,4호선,회현,28487,30445,58932
202206,4호선,길음,13514,12946,26460
202206,4호선,남태령,851,668,1519
202206,4호선,노원,14851,16386,31237
202206,4호선,당고개,6846,6347,13193
202206,4호선,동대문,18734,19393,38127
202206,4호선,동대문역사문화공원,11827,10836,22663
202206,4호선,동작,1698,1907,3605
202206,4호선,명동,13618,14628,28246
202206,4호선,미아,10169,9442,19611
202206,4호선,미아사거리,20091,18961,39052
202206,4호선,사당,17718,15944,33662
202206,4호선,삼각지,3532,4690,8222
202206,4호선,상계,13217,12426,25643
202206,4호선,서울,4832,10015,14847
202206,4호선,성신여대입구,16094,15165,31259
202206,4호선,수유,24262,23721,47983
202206,4호선,숙대입구,8234,7749,15983
202206,4호선,신용산,10086,10752,20838
202206,4호선,쌍문,19439,17688,37127
202206,4호선,이촌,8069,8642,16711
202206,4호선,창동,17479,18361,35840
202206,4호선,총신대입구,12830,13692,26522
202206,4호선,충무로,12044,13208,25252
202206,4호선,한성대입구,10015,9644,19659
202206,4호선,혜화,24938,26028,50966
202206,4호선,회현,20199,21023,41222
202206,4호선,길음,23701,23591,47292
202206,4호선,남태령,1367,1151,2518
202206,4호선,노원,19489,22187,41676
202206,4호선,당고개,9503,8432,17935
202206,4호선,동대문,21500,22079,43579
202206,4호선,동대문역사문화공원,15957,14600,30557
202206,4호선,동작,1935,2142,4077
202206,4호선,명동,22115,23070,45185
202206,4호선,미아,16224,15596,31820
202206,4호선,미아사거리,28600,27533,56133
202206,4호선,사당,27523,23588,51111
202206,4호선,삼각지,5729,6445,12174
202206,4호선,상계,20709,19171,39880
202206,4호선,서울,12505,18754,31259
202206,4호선,성신여대입구,21839,20600,42439
202206,4호선,수유,35394,35091,70485
202206,4호선,숙대입구,15262,14680,29942
202206,4호선,신용산,17693,19095,36788
202206,4호선,쌍문,30754,28051,58805
202206,4호선,이촌,9166,10164,19330
202206,4호선,창동,26602,28035,54637
202206,4호선,총신대입구,20225,21732,41957
202206,4호선,충무로,30177,31527,61704
202206,4호선,한성대입구,15518,14991,30509
202206,4호선,혜화,34236,34502,68738
202206,4호선,회현,27299,28803,56102
202206,4호선,길음,23796,22977,46773
202206,4호선,남태령,1441,1169,2610
202206,4호선,노원,20873,24269,45142
202206,4호선,당고개,9851,8686,18537
202206,4호선,동대문,21770,21827,43597
202206,4호선,동대문역사문화공원,16361,14336,30697
202206,4호선,동작,2107,2344,4451
202206,4호선,명동,22806,24396,47202
202206,4호선,미아,16517,15557,32074
202206,4호선,미아사거리,29690,28591,58281
202206,4호선,사당,29104,25437,54541
202206,4호선,삼각지,5857,7097,12954
202206,4호선,상계,21220,19535,40755
202206,4호선,서울,12514,22404,34918
202206,4호선,성신여대입구,22853,21374,44227
202206,4호선,수유,37058,36711,73769
202206,4호선,숙대입구,14633,14268,28901
202206,4호선,신용산,18334,19866,38200
202206,4호선,쌍문,31389,28322,59711
202206,4호선,이촌,9639,10492,20131
202206,4호선,창동,28517,29846,58363
202206,4호선,총신대입구,21170,22727,43897
202206,4호선,충무로,29609,31369,60978
202206,4호선,한성대입구,16244,15432,31676
202206,4호선,혜화,36607,36803,73410
202206,4호선,회현,27194,28875,56069
202206,4호선,길음,10916,10836,21752
202206,4호선,남태령,628,541,1169
202206,4호선,노원,12040,13364,25404
202206,4호선,당고개,5585,5196,10781
202206,4호선,동대문,15749,16336,32085
202206,4호선,동대문역사문화공원,10495,8859,19354
202206,4호선,동작,5630,4519,10149
202206,4호선,명동,12241,11985,24226
202206,4호선,미아,8457,8234,16691
202206,4호선,미아사거리,16639,16151,32790
202206,4호선,사당,14796,13970,28766
202206,4호선,삼각지,2876,3849,6725
202206,4호선,상계,10852,9975,20827
202206,4호선,서울,4610,11913,16523
202206,4호선,성신여대입구,13170,12861,26031
202206,4호선,수유,20605,20368,40973
202206,4호선,숙대입구,6777,6431,13208
202206,4호선,신용산,8796,9079,17875
202206,4호선,쌍문,16250,15177,31427
202206,4호선,이촌,6698,7370,14068
202206,4호선,창동,14746,15669,30415
202206,4호선,총신대입구,10818,11864,22682
202206,4호선,충무로,10133,11206,21339
202206,4호선,한성대입구,7674,7818,15492
202206,4호선,혜화,20994,21754,42748
202206,4호선,회현,17950,18495,36445
202206,4호선,길음,23803,23838,47641
202206,4호선,남태령,1427,1236,2663
202206,4호선,노원,19655,22024,41679
202206,4호선,당고개,9742,8634,18376
202206,4호선,동대문,21352,21667,43019
202206,4호선,동대문역사문화공원,15048,13726,28774
202206,4호선,동작,1778,2081,3859
202206,4호선,명동,21802,22253,44055
202206,4호선,미아,16306,15879,32185
202206,4호선,미아사거리,29094,28055,57149
202206,4호선,사당,27144,22927,50071
202206,4호선,삼각지,5587,6087,11674
202206,4호선,상계,20753,19278,40031
202206,4호선,서울,12340,17810,30150
202206,4호선,성신여대입구,21773,20578,42351
202206,4호선,수유,35529,35758,71287
202206,4호선,숙대입구,14981,14576,29557
202206,4호선,신용산,18406,19515,37921
202206,4호선,쌍문,31073,28551,59624
202206,4호선,이촌,8993,9870,18863
202206,4호선,창동,26771,28214,54985
202206,4호선,총신대입구,20299,21867,42166
202206,4호선,충무로,29913,31446,61359
202206,4호선,한성대입구,15218,14852,30070
202206,4호선,혜화,31122,31604,62726
202206,4호선,회현,27333,29184,56517
202206,4호선,길음,23927,23701,47628
202206,4호선,남태령,1403,1205,2608
202206,4호선,노원,19873,22491,42364
202206,4호선,당고개,9786,8557,18343
202206,4호선,동대문,21369,21788,43157
202206,4호선,동대문역사문화공원,15518,13971,29489
202206,4호선,동작,1838,1942,3780
202206,4호선,명동,22729,23198,45927
202206,4호선,미아,16461,15819,32280
202206,4호선,미아사거리,28937,28004,56941
202206,4호선,사당,27395,23307,50702
202206,4호선,삼각지,5759,6453,12212
202206,4호선,상계,20862,19201,40063
202206,4호선,서울,12716,18401,31117
202206,4호선,성신여대입구,21842,20896,42738
202206,4호선,수유,35988,35924,71912
202206,4호선,숙대입구,15520,14881,30401
202206,4호선,신용산,18102,19279,37381
202206,4호선,쌍문,31255,28510,59765
202206,4호선,이촌,9130,10138,19268
202206,4호선,창동,27312,28518,55830
202206,4호선,총신대입구,20644,22282,42926
202206,4호선,충무로,30050,31062,61112
202206,4호선,한성대입구,15884,15507,31391
202206,4호선,혜화,34078,34203,68281
202206,4호선,회현,27297,29126,56423
202206,4호선,길음,23923,23303,47226
202206,4호선,남태령,1596,1436,3032
202206,4호선,노원,19764,22323,42087
202206,4호선,당고개,9543,8432,17975
202206,4호선,동대문,20769,21620,42389
202206,4호선,동대문역사문화공원,15412,13916,29328
202206,4호선,동작,1634,1771,3405
202206,4호선,명동,21913,22571,44484
202206,4호선,미아,16138,15759,31897
202206,4호선,미아사거리,28532,27583,56115
202206,4호선,사당,28231,23748,51979
202206,4호선,삼각지,5602,6343,11945
202206,4호선,상계,20767,19071,39838
202206,4호선,서울,12680,18574,31254
202206,4호선,성신여대입구,21366,20285,41651
202206,4호선,수유,35455,35298,70753
202206,4호선,숙대입구,15342,14658,30000
202206,4호선,신용산,18351,19294,37645
202206,4호선,쌍문,30783,28190,58973
202206,4호선,이촌,8778,9541,18319
202206,4호선,창동,26880,28397,55277
202206,4호선,총신대입구,20006,21743,41749
202206,4호선,충무로,30173,31678,61851
202206,4호선,한성대입구,15585,15102,30687
202206,4호선,혜화,33810,34427,68237
202206,4호선,회현,26798,28430,55228
202206,4호선,길음,23974,23208,47182
202206,4호선,남태령,1633,1282,2915
202206,4호선,노원,20621,24037,44658
202206,4호선,당고개,9907,8745,18652
202206,4호선,동대문,21506,21267,42773
202206,4호선,동대문역사문화공원,16069,13779,29848
202206,4호선,동작,1992,2165,4157
202206,4호선,명동,22791,23963,46754
202206,4호선,미아,16566,15681,32247
202206,4호선,미아사거리,29822,28907,58729
202206,4호선,사당,30021,26356,56377
202206,4호선,삼각지,6344,7380,13724
202206,4호선,상계,20946,19327,40273
202206,4호선,서울,13152,21685,34837
202206,4호선,성신여대입구,22105,21152,43257
202206,4호선,수유,37132,37291,74423
202206,4호선,숙대입구,15331,14864,30195
202206,4호선,신용산,19727,21136,40863
202206,4호선,쌍문,31669,28736,60405
202206,4호선,이촌,10226,10914,21140
202206,4호선,창동,28213,29964,58177
202206,4호선,총신대입구,21359,23542,44901
202206,4호선,충무로,29889,31606,61495
202206,4호선,한성대입구,16237,15764,32001
202206,4호선,혜화,35796,36069,71865
202206,4호선,회현,27403,28826,56229
202206,4호선,길음,22688,23187,45875
202206,4호선,남태령,1383,1962,3345
202206,4호선,노원,18569,20764,39333
202206,4호선,당고개,9397,8414,17811
202206,4호선,동대문,20776,21440,42216
202206,4호선,동대문역사문화공원,15233,14099,29332
202206,4호선,동작,1652,1943,3595
202206,4호선,명동,21885,21233,43118
202206,4호선,미아,16026,16395,32421
202206,4호선,미아사거리,27235,27560,54795
202206,4호선,사당,27324,23566,50890
202206,4호선,삼각지,5352,6837,12189
202206,4호선,상계,20070,18489,38559
202206,4호선,서울,12274,18401,30675
202206,4호선,성신여대입구,20635,20758,41393
202206,4호선,수유,34947,36150,71097
202206,4호선,숙대입구,14847,13980,28827
202206,4호선,신용산,18871,18960,37831
202206,4호선,쌍문,29910,28911,58821
202206,4호선,이촌,8669,9559,18228
202206,4호선,창동,26269,28076,54345
202206,4호선,총신대입구,19971,21927,41898
202206,4호선,충무로,30166,30680,60846
202206,4호선,한성대입구,14686,15004,29690
202206,4호선,혜화,30752,30021,60773
202206,4호선,회현,26179,26744,52923
202206,4호선,길음,23846,23741,47587
202206,4호선,남태령,1445,1283,2728
202206,4호선,노원,19734,22270,42004
202206,4호선,당고개,9737,8627,18364
202206,4호선,동대문,21432,21851,43283
202206,4호선,동대문역사문화공원,15364,13775,29139
202206,4호선,동작,1655,1774,3429
202206,4호선,명동,21517,21966,43483
202206,4호선,미아,15933,15545,31478
202206,4호선,미아사거리,29210,28299,57509
202206,4호선,사당,27886,23474,51360
202206,4호선,삼각지,5940,6753,12693
202206,4호선,상계,20698,19086,39784
202206,4호선,서울,12698,18309,31007
202206,4호선,성신여대입구,21467,20415,41882
202206,4호선,수유,35781,35877,71658
202206,4호선,숙대입구,15431,14508,29939
202206,4호선,신용산,19060,20023,39083
202206,4호선,쌍문,30812,28398,59210
202206,4호선,이촌,9312,9962,19274
202206,4호선,창동,27105,28839,55944
202206,4호선,총신대입구,20216,21980,42196
202206,4호선,충무로,30350,31234,61584
202206,4호선,한성대입구,16025,15392,31417
202206,4호선,혜화,32558,32575,65133
202206,4호선,회현,27871,29313,57184
202206,4호선,길음,23054,22620,45674
202206,4호선,남태령,1356,1156,2512
202206,4호선,노원,19052,21751,40803
202206,4호선,당고개,9438,8406,17844
202206,4호선,동대문,20247,20917,41164
202206,4호선,동대문역사문화공원,15672,13817,29489
202206,4호선,동작,1376,1500,2876
202206,4호선,명동,21987,22385,44372
202206,4호선,미아,15812,15334,31146
202206,4호선,미아사거리,28518,27455,55973
202206,4호선,사당,27549,23408,50957
202206,4호선,삼각지,5857,6437,12294
202206,4호선,상계,20240,18923,39163
202206,4호선,서울,12874,18621,31495
202206,4호선,성신여대입구,21449,20512,41961
202206,4호선,수유,34718,34699,69417
202206,4호선,숙대입구,14459,13966,28425
202206,4호선,신용산,18639,19945,38584
202206,4호선,쌍문,30471,28003,58474
202206,4호선,이촌,9282,9716,18998
202206,4호선,창동,26708,28101,54809
202206,4호선,총신대입구,19986,21510,41496
202206,4호선,충무로,29481,30875,60356
202206,4호선,한성대입구,14418,13796,28214
202206,4호선,혜화,33977,34026,68003
202206,4호선,회현,25402,27093,52495
202206,4호선,길음,23302,22895,46197
202206,4호선,남태령,1416,1292,2708
202206,4호선,노원,19745,22370,42115
202206,4호선,당고개,9738,8668,18406
202206,4호선,동대문,21321,21902,43223
202206,4호선,동대문역사문화공원,16353,14643,30996
202206,4호선,동작,1862,1987,3849
202206,4호선,명동,21915,22878,44793
202206,4호선,미아,16286,15634,31920
202206,4호선,미아사거리,29013,28096,57109
202206,4호선,사당,28380,23890,52270
202206,4호선,삼각지,6203,6924,13127
202206,4호선,상계,20713,19115,39828
202206,4호선,서울,12864,19792,32656
202206,4호선,성신여대입구,22220,21070,43290
202206,4호선,수유,36283,36038,72321
202206,4호선,숙대입구,14887,14191,29078
202206,4호선,신용산,19027,20404,39431
202206,4호선,쌍문,31260,28765,60025
202206,4호선,이촌,9437,10006,19443
202206,4호선,창동,27378,29094,56472
202206,4호선,총신대입구,20282,22109,42391
202206,4호선,충무로,29432,30807,60239
202206,4호선,한성대입구,14459,14034,28493
202206,4호선,혜화,34310,34859,69169
202206,4호선,회현,27074,28962,56036
202206,4호선,길음,23348,22221,45569
202206,4호선,남태령,1525,1211,2736
202206,4호선,노원,20682,24356,45038
202206,4호선,당고개,9841,8518,18359
202206,4호선,동대문,21716,21883,43599
202206,4호선,동대문역사문화공원,17011,14914,31925
202206,4호선,동작,1880,2029,3909
202206,4호선,명동,22545,23457,46002
202206,4호선,미아,16096,15321,31417
202206,4호선,미아사거리,30131,29206,59337
202206,4호선,사당,29896,26082,55978
202206,4호선,삼각지,6550,7587,14137
202206,4호선,상계,21253,19369,40622
202206,4호선,서울,12832,22086,34918
202206,4호선,성신여대입구,22657,21268,43925
202206,4호선,수유,37328,37197,74525
202206,4호선,숙대입구,14978,14752,29730
202206,4호선,신용산,19843,21471,41314
202206,4호선,쌍문,31786,28450,60236
202206,4호선,이촌,9773,10562,20335
202206,4호선,창동,28337,29921,58258
202206,4호선,총신대입구,21312,23063,44375
202206,4호선,충무로,29808,31846,61654
202206,4호선,한성대입구,14753,14211,28964
202206,4호선,혜화,35033,35523,70556
202206,4호선,회현,26856,28318,55174
202206,4호선,길음,21244,22520,43764
202206,4호선,남태령,1297,1246,2543
202206,4호선,노원,19102,21693,40795
202206,4호선,당고개,9343,8398,17741
202206,4호선,동대문,21109,21272,42381
202206,4호선,동대문역사문화공원,15561,14230,29791
202206,4호선,동작,1674,1939,3613
202206,4호선,명동,21679,21313,42992
202206,4호선,미아,15598,15703,31301
202206,4호선,미아사거리,27639,28420,56059
202206,4호선,사당,26834,22961,49795
202206,4호선,삼각지,5482,6608,12090
202206,4호선,상계,19899,18885,38784
202206,4호선,서울,12331,18394,30725
202206,4호선,성신여대입구,20429,20802,41231
202206,4호선,수유,34247,35253,69500
202206,4호선,숙대입구,13931,13295,27226
202206,4호선,신용산,17874,17800,35674
202206,4호선,쌍문,29450,28275,57725
202206,4호선,이촌,8851,9664,18515
202206,4호선,창동,26675,28154,54829
202206,4호선,총신대입구,19847,21774,41621
202206,4호선,충무로,27850,29092,56942
202206,4호선,한성대입구,13374,13585,26959
202206,4호선,혜화,30796,30433,61229
202206,4호선,회현,26496,26444,52940
202206,4호선,길음,22004,21657,43661
202206,4호선,남태령,1339,1176,2515
202206,4호선,노원,19294,22009,41303
202206,4호선,당고개,9513,8502,18015
202206,4호선,동대문,21189,21718,42907
202206,4호선,동대문역사문화공원,15813,14050,29863
202206,4호선,동작,1539,1792,3331
202206,4호선,명동,21824,22338,44162
202206,4호선,미아,15728,15260,30988
202206,4호선,미아사거리,28493,27717,56210
202206,4호선,사당,27692,23302,50994
202206,4호선,삼각지,5785,6584,12369
202206,4호선,상계,20646,19070,39716
202206,4호선,서울,12547,18415,30962
202206,4호선,성신여대입구,21221,20455,41676
202206,4호선,수유,35608,35495,71103
202206,4호선,숙대입구,14528,14075,28603
202206,4호선,신용산,19162,19889,39051
202206,4호선,쌍문,30146,28029,58175
202206,4호선,이촌,9213,10126,19339
202206,4호선,창동,27025,28503,55528
202206,4호선,총신대입구,20068,21763,41831
202206,4호선,충무로,28423,29986,58409
202206,4호선,한성대입구,13994,13718,27712
202206,4호선,혜화,33789,34269,68058
202206,4호선,회현,27395,28703,56098
202206,4호선,길음,22575,22044,44619
202206,4호선,남태령,1398,1209,2607
202206,4호선,노원,19579,22430,42009
202206,4호선,당고개,9519,8400,17919
202206,4호선,동대문,21467,21958,43425
202206,4호선,동대문역사문화공원,16584,14834,31418
202206,4호선,동작,1968,2202,4170
202206,4호선,명동,21685,22637,44322
202206,4호선,미아,16145,15561,31706
202206,4호선,미아사거리,29054,28191,57245
202206,4호선,사당,27676,23563,51239
202206,4호선,삼각지,5833,6575,12408
202206,4호선,상계,20657,19352,40009
202206,4호선,서울,12891,19491,32382
202206,4호선,성신여대입구,22067,20994,43061
202206,4호선,수유,35984,35897,71881
202206,4호선,숙대입구,14888,14246,29134
202206,4호선,신용산,19333,20760,40093
202206,4호선,쌍문,31034,28496,59530
202206,4호선,이촌,9762,10868,20630
202206,4호선,창동,27701,28807,56508
202206,4호선,총신대입구,20567,22263,42830
202206,4호선,충무로,29077,30706,59783
202206,4호선,한성대입구,14191,13925,28116
202206,4호선,혜화,35028,35568,70596
202206,4호선,회현,26931,28303,55234
202206,4호선,길음,21346,21280,42626
202206,4호선,남태령,1320,1189,2509
202206,4호선,노원,18275,20208,38483
202206,4호선,당고개,8742,7869,16611
202206,4호선,동대문,19915,20095,40010
202206,4호선,동대문역사문화공원,15409,13944,29353
202206,4호선,동작,1293,1342,2635
202206,4호선,명동,19779,21289,41068
202206,4호선,미아,15104,14648,29752
202206,4호선,미아사거리,26863,26507,53370
202206,4호선,사당,26895,22327,49222
202206,4호선,삼각지,5469,6489,11958
202206,4호선,상계,19222,18202,37424
202206,4호선,서울,12636,19186,31822
202206,4호선,성신여대입구,20259,19699,39958
202206,4호선,수유,33186,33078,66264
202206,4호선,숙대입구,14009,13746,27755
202206,4호선,신용산,19498,20051,39549
202206,4호선,쌍문,29210,27462,56672
202206,4호선,이촌,9125,9828,18953
202206,4호선,창동,25266,26909,52175
202206,4호선,총신대입구,18783,20273,39056
202206,4호선,충무로,28098,28959,57057
202206,4호선,한성대입구,13463,13020,26483
202206,4호선,혜화,32931,33162,66093
202206,4호선,회현,25261,25113,50374
202206,4호선,길음,22587,21177,43764
202206,4호선,남태령,1535,1154,2689
202206,4호선,노원,20230,23662,43892
202206,4호선,당고개,9603,8334,17937
202206,4호선,동대문,20956,21025,41981
202206,4호선,동대문역사문화공원,16795,14963,31758
202206,4호선,동작,1733,1813,3546
202206,4호선,명동,22268,23519,45787
202206,4호선,미아,16169,15158,31327
202206,4호선,미아사거리,29663,28807,58470
202206,4호선,사당,29609,25633,55242
202206,4호선,삼각지,6546,7410,13956
202206,4호선,상계,20591,19005,39596
202206,4호선,서울,12842,22245,35087
202206,4호선,성신여대입구,22269,21035,43304
202206,4호선,수유,36597,36732,73329
202206,4호선,숙대입구,14331,14078,28409
202206,4호선,신용산,20243,21656,41899
202206,4호선,쌍문,31333,28183,59516
202206,4호선,이촌,9414,10106,19520
202206,4호선,창동,28492,30112,58604
202206,4호선,총신대입구,20966,22912,43878
202206,4호선,충무로,28386,30307,58693
202206,4호선,한성대입구,14331,13950,28281
202206,4호선,혜화,34962,35417,70379
202206,4호선,회현,26356,27997,54353
202206,4호선,길음,20255,20643,40898
202206,4호선,남태령,1293,1086,2379
202206,4호선,노원,17874,20656,38530
202206,4호선,당고개,8968,8003,16971
202206,4호선,동대문,20343,20566,40909
202206,4호선,동대문역사문화공원,14875,13265,28140
202206,4호선,동작,1265,1451,2716
202206,4호선,명동,20109,20157,40266
202206,4호선,미아,14811,14560,29371
202206,4호선,미아사거리,26912,26710,53622
202206,4호선,사당,25333,21330,46663
202206,4호선,삼각지,5084,5765,10849
202206,4호선,상계,19264,18014,37278
202206,4호선,서울,12169,18318,30487
202206,4호선,성신여대입구,19078,18709,37787
202206,4호선,수유,32603,33471,66074
202206,4호선,숙대입구,13258,12747,26005
202206,4호선,신용산,18118,18777,36895
202206,4호선,쌍문,28187,26894,55081
202206,4호선,이촌,8434,9254,17688
202206,4호선,창동,25164,26564,51728
202206,4호선,총신대입구,18741,20265,39006
202206,4호선,충무로,26889,27928,54817
202206,4호선,한성대입구,12833,12745,25578
202206,4호선,혜화,31081,31003,62084
202206,4호선,회현,22612,23258,45870
202206,4호선,길음,21404,21088,42492
202206,4호선,남태령,1360,1166,2526
202206,4호선,노원,18442,20875,39317
202206,4호선,당고개,8984,7990,16974
202206,4호선,동대문,20106,20573,40679
202206,4호선,동대문역사문화공원,15264,13860,29124
202206,4호선,동작,1335,1422,2757
202206,4호선,명동,20310,20912,41222
202206,4호선,미아,15177,14619,29796
202206,4호선,미아사거리,27394,26716,54110
202206,4호선,사당,26268,21937,48205
202206,4호선,삼각지,5676,6155,11831
202206,4호선,상계,19726,18417,38143
202206,4호선,서울,12812,19035,31847
202206,4호선,성신여대입구,19872,19329,39201
202206,4호선,수유,33699,33684,67383
202206,4호선,숙대입구,13977,13425,27402
202206,4호선,신용산,18820,19683,38503
202206,4호선,쌍문,29133,26891,56024
202206,4호선,이촌,8875,9852,18727
202206,4호선,창동,25914,27416,53330
202206,4호선,총신대입구,19245,20771,40016
202206,4호선,충무로,28144,29273,57417
202206,4호선,한성대입구,13260,12908,26168
202206,4호선,혜화,33383,33383,66766
202206,4호선,회현,25440,26739,52179
202206,4호선,길음,21558,21460,43018
202206,4호선,남태령,1344,1210,2554
202206,4호선,노원,18833,21306,40139
202206,4호선,당고개,9052,8018,17070
202206,4호선,동대문,19721,20047,39768
202206,4호선,동대문역사문화공원,15745,14302,30047
202206,4호선,동작,1155,1288,2443
202206,4호선,명동,20223,20930,41153
202206,4호선,미아,15531,14902,30433
202206,4호선,미아사거리,27744,27176,54920
202206,4호선,사당,26096,22150,48246
202206,4호선,삼각지,5585,6129,11714
202206,4호선,상계,19757,18447,38204
202206,4호선,서울,12527,18589,31116
202206,4호선,성신여대입구,20258,19673,39931
202206,4호선,수유,33997,34205,68202
202206,4호선,숙대입구,14201,13686,27887
202206,4호선,신용산,18844,19745,38589
202206,4호선,쌍문,29430,27473,56903
202206,4호선,이촌,9706,10686,20392
202206,4호선,창동,25774,27257,53031
202206,4호선,총신대입구,19492,20878,40370
202206,4호선,충무로,27886,28917,56803
202206,4호선,한성대입구,13820,13655,27475
202206,4호선,혜화,35948,35805,71753
202206,4호선,회현,24677,25712,50389
202206,4호선,길음,21168,19598,40766
202206,4호선,남태령,1368,1456,2824
202206,4호선,노원,17718,19382,37100
202206,4호선,당고개,8567,7531,16098
202206,4호선,동대문,19503,20177,39680
202206,4호선,동대문역사문화공원,16143,16143,32286
202206,4호선,동작,976,1107,2083
202206,4호선,명동,17965,20187,38152
202206,4호선,미아,14595,13290,27885
202206,4호선,미아사거리,26570,24440,51010
202206,4호선,사당,25316,21638,46954
202206,4호선,삼각지,5594,6391,11985
202206,4호선,상계,19276,17183,36459
202206,4호선,서울,12225,19179,31404
202206,4호선,성신여대입구,19691,19525,39216
202206,4호선,수유,32555,32179,64734
202206,4호선,숙대입구,13541,13048,26589
202206,4호선,신용산,18245,20036,38281
202206,4호선,쌍문,28435,24657,53092
202206,4호선,이촌,9174,9826,19000
202206,4호선,창동,24842,28190,53032
202206,4호선,총신대입구,18178,20052,38230
202206,4호선,충무로,28112,29730,57842
202206,4호선,한성대입구,13503,13378,26881
202206,4호선,혜화,34634,35754,70388
202206,4호선,회현,22734,25043,47777
202207,4호선,길음,21997,21472,43469
202207,4호선,남태령,1480,2395,3875
202207,4호선,노원,20361,23384,43745
202207,4호선,당고개,9556,9262,18818
202207,4호선,동대문,21105,21156,42261
202207,4호선,동대문역사문화공원,16399,15485,31884
202207,4호선,동작,1824,2096,3920
202207,4호선,명동,21450,21589,43039
202207,4호선,미아,15519,15576,31095
202207,4호선,미아사거리,29373,29939,59312
202207,4호선,사당,30368,25400,55768
202207,4호선,삼각지,5940,7602,13542
202207,4호선,상계,20186,18704,38890
202207,4호선,서울,12690,19753,32443
202207,4호선,성신여대입구,21777,21108,42885
202207,4호선,수유,35382,37427,72809
202207,4호선,숙대입구,14230,13483,27713
202207,4호선,신용산,18432,18676,37108
202207,4호선,쌍문,26730,28210,54940
202207,4호선,이촌,10098,11452,21550
202207,4호선,창동,29299,30853,60152
202207,4호선,총신대입구,20898,23438,44336
202207,4호선,충무로,28195,28952,57147
202207,4호선,한성대입구,14466,14371,28837
202207,4호선,혜화,34611,32752,67363
202207,4호선,회현,25815,24670,50485
202207,4호선,길음,20644,21006,41650
202207,4호선,남태령,1231,1138,2369
202207,4호선,노원,18343,20892,39235
202207,4호선,당고개,9256,8147,17403
202207,4호선,동대문,21096,21400,42496
202207,4호선,동대문역사문화공원,15642,13783,29425
202207,4호선,동작,1342,1438,2780
202207,4호선,명동,20480,19943,40423
202207,4호선,미아,14915,14773,29688
202207,4호선,미아사거리,27029,27149,54178
202207,4호선,사당,26039,20998,47037
202207,4호선,삼각지,4954,5576,10530
202207,4호선,상계,19370,18502,37872
202207,4호선,서울,12096,17045,29141
202207,4호선,성신여대입구,19573,18919,38492
202207,4호선,수유,32697,33760,66457
202207,4호선,숙대입구,13449,12749,26198
202207,4호선,신용산,17959,17926,35885
202207,4호선,쌍문,28377,27597,55974
202207,4호선,이촌,9221,10286,19507
202207,4호선,창동,25801,27279,53080
202207,4호선,총신대입구,19150,20839,39989
202207,4호선,충무로,27180,28288,55468
202207,4호선,한성대입구,12917,12675,25592
202207,4호선,혜화,31121,30017,61138
202207,4호선,회현,26031,26132,52163
202207,4호선,길음,21525,21446,42971
202207,4호선,남태령,1331,1183,2514
202207,4호선,노원,19835,22412,42247
202207,4호선,당고개,9638,8589,18227
202207,4호선,동대문,21316,21619,42935
202207,4호선,동대문역사문화공원,15833,14009,29842
202207,4호선,동작,1307,1492,2799
202207,4호선,명동,20638,21135,41773
202207,4호선,미아,15406,14950,30356
202207,4호선,미아사거리,28412,27977,56389
202207,4호선,사당,26508,22097,48605
202207,4호선,삼각지,5544,6235,11779
202207,4호선,상계,20281,18838,39119
202207,4호선,서울,12381,17686,30067
202207,4호선,성신여대입구,20406,19754,40160
202207,4호선,수유,34861,35155,70016
202207,4호선,숙대입구,13875,13232,27107
202207,4호선,신용산,18836,19824,38660
202207,4호선,쌍문,30120,28271,58391
202207,4호선,이촌,9350,10153,19503
202207,4호선,창동,26858,28291,55149
202207,4호선,총신대입구,20084,21634,41718
202207,4호선,충무로,27612,28808,56420
202207,4호선,한성대입구,13698,13186,26884
202207,4호선,혜화,34353,34318,68671
202207,4호선,회현,26427,27379,53806
202207,4호선,길음,22023,21338,43361
202207,4호선,남태령,1339,1370,2709
202207,4호선,노원,19472,21240,40712
202207,4호선,당고개,9574,8622,18196
202207,4호선,동대문,21393,22102,43495
202207,4호선,동대문역사문화공원,15977,15580,31557
202207,4호선,동작,1279,1499,2778
202207,4호선,명동,21255,21985,43240
202207,4호선,미아,15450,15252,30702
202207,4호선,미아사거리,28720,28079,56799
202207,4호선,사당,27238,22408,49646
202207,4호선,삼각지,5553,6250,11803
202207,4호선,상계,20323,18433,38756
202207,4호선,서울,12765,18566,31331
202207,4호선,성신여대입구,20493,19542,40035
202207,4호선,수유,34919,34151,69070
202207,4호선,숙대입구,14333,14103,28436
202207,4호선,신용산,19337,20112,39449
202207,4호선,쌍문,30272,26618,56890
202207,4호선,이촌,9743,10590,20333
202207,4호선,창동,26736,28380,55116
202207,4호선,총신대입구,20260,21863,42123
202207,4호선,충무로,28106,29587,57693
202207,4호선,한성대입구,13636,14304,27940
202207,4호선,혜화,36770,37190,73960
202207,4호선,회현,26403,27868,54271
202207,4호선,길음,21308,20755,42063
202207,4호선,남태령,1295,1175,2470
202207,4호선,노원,18810,21201,40011
202207,4호선,당고개,8989,7982,16971
202207,4호선,동대문,20559,21298,41857
202207,4호선,동대문역사문화공원,15701,13945,29646
202207,4호선,동작,1170,1293,2463
202207,4호선,명동,19709,20488,40197
202207,4호선,미아,15212,14517,29729
202207,4호선,미아사거리,27811,27187,54998
202207,4호선,사당,26600,22159,48759
202207,4호선,삼각지,5305,6020,11325
202207,4호선,상계,19652,18409,38061
202207,4호선,서울,12341,18455,30796
202207,4호선,성신여대입구,20147,19306,39453
202207,4호선,수유,33636,33866,67502
202207,4호선,숙대입구,13611,13054,26665
202207,4호선,신용산,18765,19479,38244
202207,4호선,쌍문,29142,27229,56371
202207,4호선,이촌,8827,9529,18356
202207,4호선,창동,26057,27668,53725
202207,4호선,총신대입구,19487,21015,40502
202207,4호선,충무로,27636,29068,56704
202207,4호선,한성대입구,13423,13247,26670
202207,4호선,혜화,33925,34004,67929
202207,4호선,회현,25483,26566,52049
202207,4호선,길음,21851,20558,42409
202207,4호선,남태령,1525,1259,2784
202207,4호선,노원,19944,23327,43271
202207,4호선,당고개,9434,8404,17838
202207,4호선,동대문,20983,21050,42033
202207,4호선,동대문역사문화공원,15969,13823,29792
202207,4호선,동작,1595,1714,3309
202207,4호선,명동,21584,22586,44170
202207,4호선,미아,15814,14914,30728
202207,4호선,미아사거리,29107,28243,57350
202207,4호선,사당,28753,24709,53462
202207,4호선,삼각지,5829,6602,12431
202207,4호선,상계,20508,18738,39246
202207,4호선,서울,12607,21288,33895
202207,4호선,성신여대입구,21166,20546,41712
202207,4호선,수유,35475,35922,71397
202207,4호선,숙대입구,14447,13893,28340
202207,4호선,신용산,19408,20599,40007
202207,4호선,쌍문,30094,27786,57880
202207,4호선,이촌,9350,10360,19710
202207,4호선,창동,27668,29107,56775
202207,4호선,총신대입구,20712,22493,43205
202207,4호선,충무로,27465,28997,56462
202207,4호선,한성대입구,14090,13541,27631
202207,4호선,혜화,36020,36204,72224
202207,4호선,회현,25557,27035,52592
202207,4호선,길음,20737,20558,41295
202207,4호선,남태령,1241,1116,2357
202207,4호선,노원,18091,20416,38507
202207,4호선,당고개,9101,7961,17062
202207,4호선,동대문,21453,21655,43108
202207,4호선,동대문역사문화공원,15694,13782,29476
202207,4호선,동작,1292,1410,2702
202207,4호선,명동,20197,20453,40650
202207,4호선,미아,15170,14668,29838
202207,4호선,미아사거리,26545,25824,52369
202207,4호선,사당,21909,18374,40283
202207,4호선,삼각지,5113,5655,10768
202207,4호선,상계,19467,18000,37467
202207,4호선,서울,12067,17631,29698
202207,4호선,성신여대입구,19307,18603,37910
202207,4호선,수유,33594,33679,67273
202207,4호선,숙대입구,13258,12828,26086
202207,4호선,신용산,18157,18567,36724
202207,4호선,쌍문,28952,27030,55982
202207,4호선,이촌,8266,9103,17369
202207,4호선,창동,25453,27109,52562
202207,4호선,총신대입구,19192,20872,40064
202207,4호선,충무로,27021,28222,55243
202207,4호선,한성대입구,13094,12788,25882
202207,4호선,혜화,31243,31206,62449
202207,4호선,회현,25908,26353,52261
202207,4호선,길음,21950,21458,43408
202207,4호선,남태령,1298,1827,3125
202207,4호선,노원,19092,21826,40918
202207,4호선,당고개,9575,8574,18149
202207,4호선,동대문,21546,22109,43655
202207,4호선,동대문역사문화공원,15916,14111,30027
202207,4호선,동작,1371,1486,2857
202207,4호선,명동,21415,21830,43245
202207,4호선,미아,15622,14949,30571
202207,4호선,미아사거리,28603,27882,56485
202207,4호선,사당,26302,21747,48049
202207,4호선,삼각지,5616,6252,11868
202207,4호선,상계,20330,18774,39104
202207,4호선,서울,12475,17713,30188
202207,4호선,성신여대입구,20426,19681,40107
202207,4호선,수유,34830,34970,69800
202207,4호선,숙대입구,13912,13346,27258
202207,4호선,신용산,18995,19825,38820
202207,4호선,쌍문,29824,27850,57674
202207,4호선,이촌,9464,10188,19652
202207,4호선,창동,26444,27881,54325
202207,4호선,총신대입구,19950,21413,41363
202207,4호선,충무로,27396,28930,56326
202207,4호선,한성대입구,13479,13089,26568
202207,4호선,혜화,34266,34360,68626
202207,4호선,회현,27121,28558,55679
202207,4호선,길음,20171,20259,40430
202207,4호선,남태령,1172,1060,2232
202207,4호선,노원,17394,19865,37259
202207,4호선,당고개,8553,7736,16289
202207,4호선,동대문,18922,18944,37866
202207,4호선,동대문역사문화공원,15257,13461,28718
202207,4호선,동작,917,1055,1972
202207,4호선,명동,19390,20674,40064
202207,4호선,미아,14313,13685,27998
202207,4호선,미아사거리,26107,25829,51936
202207,4호선,사당,24735,20765,45500
202207,4호선,삼각지,5249,5838,11087
202207,4호선,상계,18947,18208,37155
202207,4호선,서울,12706,18969,31675
202207,4호선,성신여대입구,18671,18383,37054
202207,4호선,수유,31901,32447,64348
202207,4호선,숙대입구,12896,12611,25507
202207,4호선,신용산,18374,18640,37014
202207,4호선,쌍문,28145,26579,54724
202207,4호선,이촌,9460,10107,19567
202207,4호선,창동,24038,25634,49672
202207,4호선,총신대입구,17877,19450,37327
202207,4호선,충무로,26523,27334,53857
202207,4호선,한성대입구,12991,12713,25704
202207,4호선,혜화,34319,34321,68640
202207,4호선,회현,23652,23594,47246
202207,4호선,길음,21845,21283,43128
202207,4호선,남태령,1414,1259,2673
202207,4호선,노원,19051,21803,40854
202207,4호선,당고개,9303,8227,17530
202207,4호선,동대문,21388,21833,43221
202207,4호선,동대문역사문화공원,16497,14650,31147
202207,4호선,동작,1510,1596,3106
202207,4호선,명동,21482,22105,43587
202207,4호선,미아,15514,14739,30253
202207,4호선,미아사거리,28860,28103,56963
202207,4호선,사당,26616,22348,48964
202207,4호선,삼각지,5639,6233,11872
202207,4호선,상계,20102,18571,38673
202207,4호선,서울,12634,19117,31751
202207,4호선,성신여대입구,20464,19571,40035
202207,4호선,수유,34502,34509,69011
202207,4호선,숙대입구,13553,13230,26783
202207,4호선,신용산,18529,19563,38092
202207,4호선,쌍문,29941,27778,57719
202207,4호선,이촌,9083,9993,19076
202207,4호선,창동,26747,28294,55041
202207,4호선,총신대입구,19773,21325,41098
202207,4호선,충무로,27748,29153,56901
202207,4호선,한성대입구,13710,13300,27010
202207,4호선,혜화,36619,36990,73609
202207,4호선,회현,26090,27325,53415
202207,4호선,길음,22222,21148,43370
202207,4호선,남태령,1477,1161,2638
202207,4호선,노원,20101,23595,43696
202207,4호선,당고개,9681,8617,18298
202207,4호선,동대문,21188,21244,42432
202207,4호선,동대문역사문화공원,16587,14458,31045
202207,4호선,동작,1606,1729,3335
202207,4호선,명동,22437,23836,46273
202207,4호선,미아,16064,15074,31138
202207,4호선,미아사거리,29812,29104,58916
202207,4호선,사당,28496,24453,52949
202207,4호선,삼각지,5944,6759,12703
202207,4호선,상계,20627,18864,39491
202207,4호선,서울,12754,21288,34042
202207,4호선,성신여대입구,21478,20750,42228
202207,4호선,수유,35976,36372,72348
202207,4호선,숙대입구,14263,13949,28212
202207,4호선,신용산,19946,20921,40867
202207,4호선,쌍문,30577,28229,58806
202207,4호선,이촌,9649,10625,20274
202207,4호선,창동,27811,29297,57108
202207,4호선,총신대입구,20867,22637,43504
202207,4호선,충무로,27365,29291,56656
202207,4호선,한성대입구,14366,13728,28094
202207,4호선,혜화,37424,37898,75322
202207,4호선,회현,26139,27400,53539
202207,4호선,길음,20778,20507,41285
202207,4호선,남태령,1260,1106,2366
202207,4호선,노원,18318,21058,39376
202207,4호선,당고개,9250,8252,17502
202207,4호선,동대문,20730,21297,42027
202207,4호선,동대문역사문화공원,15695,14173,29868
202207,4호선,동작,1407,1516,2923
202207,4호선,명동,20423,20816,41239
202207,4호선,미아,14906,14372,29278
202207,4호선,미아사거리,27080,26529,53609
202207,4호선,사당,24772,20815,45587
202207,4호선,삼각지,5064,5541,10605
202207,4호선,상계,19667,18318,37985
202207,4호선,서울,12089,17913,30002
202207,4호선,성신여대입구,19601,19121,38722
202207,4호선,수유,33350,33586,66936
202207,4호선,숙대입구,12868,12475,25343
202207,4호선,신용산,17635,18628,36263
202207,4호선,쌍문,29028,27003,56031
202207,4호선,이촌,8604,9681,18285
202207,4호선,창동,25653,27066,52719
202207,4호선,총신대입구,18864,20437,39301
202207,4호선,충무로,26489,27745,54234
202207,4호선,한성대입구,12740,12344,25084
202207,4호선,혜화,30976,31082,62058
202207,4호선,회현,25541,26580,52121
202207,4호선,길음,21321,21000,42321
202207,4호선,남태령,1341,1170,2511
202207,4호선,노원,19265,21716,40981
202207,4호선,당고개,9365,8381,17746
202207,4호선,동대문,21014,21514,42528
202207,4호선,동대문역사문화공원,15963,14167,30130
202207,4호선,동작,1494,1613,3107
202207,4호선,명동,20753,21353,42106
202207,4호선,미아,15044,14422,29466
202207,4호선,미아사거리,27791,26970,54761
202207,4호선,사당,26170,21968,48138
202207,4호선,삼각지,5402,6186,11588
202207,4호선,상계,19707,18426,38133
202207,4호선,서울,12333,17928,30261
202207,4호선,성신여대입구,20340,19670,40010
202207,4호선,수유,34326,34658,68984
202207,4호선,숙대입구,13377,12884,26261
202207,4호선,신용산,18475,19759,38234
202207,4호선,쌍문,29606,27761,57367
202207,4호선,이촌,9214,10183,19397
202207,4호선,창동,26018,27614,53632
202207,4호선,총신대입구,19409,20896,40305
202207,4호선,충무로,27295,28605,55900
202207,4호선,한성대입구,13390,12887,26277
202207,4호선,혜화,34300,34147,68447
202207,4호선,회현,26094,27295,53389
202207,4호선,길음,21594,21174,42768
202207,4호선,남태령,1283,1176,2459
202207,4호선,노원,19649,22282,41931
202207,4호선,당고개,9260,8307,17567
202207,4호선,동대문,21033,21314,42347
202207,4호선,동대문역사문화공원,16436,14826,31262
202207,4호선,동작,1413,1498,2911
202207,4호선,명동,21231,21926,43157
202207,4호선,미아,15225,14753,29978
202207,4호선,미아사거리,28049,27412,55461
202207,4호선,사당,26734,22425,49159
202207,4호선,삼각지,5741,6264,12005
202207,4호선,상계,20340,18876,39216
202207,4호선,서울,12955,19155,32110
202207,4호선,성신여대입구,20474,19767,40241
202207,4호선,수유,34818,34942,69760
202207,4호선,숙대입구,13818,13202,27020
202207,4호선,신용산,19213,19897,39110
202207,4호선,쌍문,30114,27816,57930
202207,4호선,이촌,9556,10571,20127
202207,4호선,창동,26285,27819,54104
202207,4호선,총신대입구,19823,21588,41411
202207,4호선,충무로,27454,28583,56037
202207,4호선,한성대입구,13590,13205,26795
202207,4호선,혜화,35708,35620,71328
202207,4호선,회현,26389,27553,53942
202207,4호선,길음,21383,20549,41932
202207,4호선,남태령,1261,1106,2367
202207,4호선,노원,18598,21470,40068
202207,4호선,당고개,9396,8278,17674
202207,4호선,동대문,20708,21539,42247
202207,4호선,동대문역사문화공원,16242,14603,30845
202207,4호선,동작,1294,1475,2769
202207,4호선,명동,20429,21150,41579
202207,4호선,미아,14882,14308,29190
202207,4호선,미아사거리,27518,26239,53757
202207,4호선,사당,26332,22119,48451
202207,4호선,삼각지,5525,6238,11763
202207,4호선,상계,19561,18077,37638
202207,4호선,서울,12516,19199,31715
202207,4호선,성신여대입구,19752,18876,38628
202207,4호선,수유,34074,33919,67993
202207,4호선,숙대입구,13235,12799,26034
202207,4호선,신용산,18389,19299,37688
202207,4호선,쌍문,29320,26913,56233
202207,4호선,이촌,8758,9610,18368
202207,4호선,창동,25797,27252,53049
202207,4호선,총신대입구,19041,20763,39804
202207,4호선,충무로,26968,28735,55703
202207,4호선,한성대입구,13318,12788,26106
202207,4호선,혜화,34090,34917,69007
202207,4호선,회현,25270,26622,51892
202207,4호선,길음,21563,20375,41938
202207,4호선,남태령,1398,1129,2527
202207,4호선,노원,19789,23161,42950
202207,4호선,당고개,9591,8475,18066
202207,4호선,동대문,21099,21107,42206
202207,4호선,동대문역사문화공원,16659,14510,31169
202207,4호선,동작,1541,1603,3144
202207,4호선,명동,21439,22589,44028
202207,4호선,미아,15373,14416,29789
202207,4호선,미아사거리,28452,27519,55971
202207,4호선,사당,28013,23862,51875
202207,4호선,삼각지,5762,6583,12345
202207,4호선,상계,20042,18353,38395
202207,4호선,서울,12354,21417,33771
202207,4호선,성신여대입구,20610,19895,40505
202207,4호선,수유,35321,35329,70650
202207,4호선,숙대입구,13550,13098,26648
202207,4호선,신용산,18734,19915,38649
202207,4호선,쌍문,30037,27615,57652
202207,4호선,이촌,9056,9802,18858
202207,4호선,창동,27255,28730,55985
202207,4호선,총신대입구,20290,21756,42046
202207,4호선,충무로,27044,28928,55972
202207,4호선,한성대입구,13528,13210,26738
202207,4호선,혜화,34418,34975,69393
202207,4호선,회현,25811,26898,52709
202207,4호선,길음,20344,19791,40135
202207,4호선,남태령,1257,1031,2288
202207,4호선,노원,18208,20951,39159
202207,4호선,당고개,9197,8095,17292
202207,4호선,동대문,21619,21898,43517
202207,4호선,동대문역사문화공원,15969,14147,30116
202207,4호선,동작,1364,1520,2884
202207,4호선,명동,20530,20839,41369
202207,4호선,미아,14570,14142,28712
202207,4호선,미아사거리,26632,26083,52715
202207,4호선,사당,24669,20754,45423
202207,4호선,삼각지,4992,5448,10440
202207,4호선,상계,18569,17258,35827
202207,4호선,서울,11787,18094,29881
202207,4호선,성신여대입구,19150,18586,37736
202207,4호선,수유,33399,33328,66727
202207,4호선,숙대입구,12407,12118,24525
202207,4호선,신용산,17675,18611,36286
202207,4호선,쌍문,28730,26713,55443
202207,4호선,이촌,8703,9441,18144
202207,4호선,창동,25114,26586,51700
202207,4호선,총신대입구,18815,20546,39361
202207,4호선,충무로,25704,27065,52769
202207,4호선,한성대입구,12430,12150,24580
202207,4호선,혜화,30888,30948,61836
202207,4호선,회현,23093,24290,47383
202207,4호선,길음,20651,20082,40733
202207,4호선,남태령,1319,1191,2510
202207,4호선,노원,18345,20848,39193
202207,4호선,당고개,9197,8185,17382
202207,4호선,동대문,20848,21579,42427
202207,4호선,동대문역사문화공원,16076,14113,30189
202207,4호선,동작,1270,1383,2653
202207,4호선,명동,20131,20579,40710
202207,4호선,미아,14750,14253,29003
202207,4호선,미아사거리,26822,26458,53280
202207,4호선,사당,25920,21408,47328
202207,4호선,삼각지,5326,5893,11219
202207,4호선,상계,18885,17577,36462
202207,4호선,서울,12010,18191,30201
202207,4호선,성신여대입구,19330,18810,38140
202207,4호선,수유,33478,33594,67072
202207,4호선,숙대입구,12924,12620,25544
202207,4호선,신용산,18295,19139,37434
202207,4호선,쌍문,28897,26802,55699
202207,4호선,이촌,9361,10182,19543
202207,4호선,창동,25215,26933,52148
202207,4호선,총신대입구,19034,20440,39474
202207,4호선,충무로,26112,27581,53693
202207,4호선,한성대입구,12705,12430,25135
202207,4호선,혜화,32836,32956,65792
202207,4호선,회현,25231,26352,51583
202207,4호선,길음,20652,20066,40718
202207,4호선,남태령,1231,1068,2299
202207,4호선,노원,18358,20864,39222
202207,4호선,당고개,8878,7828,16706
202207,4호선,동대문,21131,21567,42698
202207,4호선,동대문역사문화공원,16303,14755,31058
202207,4호선,동작,1355,1476,2831
202207,4호선,명동,20980,21825,42805
202207,4호선,미아,14637,13812,28449
202207,4호선,미아사거리,26742,26189,52931
202207,4호선,사당,25725,21370,47095
202207,4호선,삼각지,5355,6018,11373
202207,4호선,상계,19000,17654,36654
202207,4호선,서울,12168,19049,31217
202207,4호선,성신여대입구,19646,18944,38590
202207,4호선,수유,33302,33436,66738
202207,4호선,숙대입구,12874,12412,25286
202207,4호선,신용산,18405,19444,37849
202207,4호선,쌍문,28857,26754,55611
202207,4호선,이촌,10302,11118,21420
202207,4호선,창동,25276,26605,51881
202207,4호선,총신대입구,18816,20203,39019
202207,4호선,충무로,26250,27799,54049
202207,4호선,한성대입구,12878,12395,25273
202207,4호선,혜화,36102,36146,72248
202207,4호선,회현,25596,26472,52068
202207,4호선,길음,20665,19842,40507
202207,4호선,남태령,1220,1051,2271
202207,4호선,노원,18292,20688,38980
202207,4호선,당고개,9047,8190,17237
202207,4호선,동대문,21355,22010,43365
202207,4호선,동대문역사문화공원,16639,14829,31468
202207,4호선,동작,1395,1559,2954
202207,4호선,명동,20673,21544,42217
202207,4호선,미아,14622,13985,28607
202207,4호선,미아사거리,26617,25834,52451
202207,4호선,사당,26148,21687,47835
202207,4호선,삼각지,5358,6138,11496
202207,4호선,상계,18676,17296,35972
202207,4호선,서울,12162,19896,32058
202207,4호선,성신여대입구,19390,18585,37975
202207,4호선,수유,33159,33022,66181
202207,4호선,숙대입구,12923,12562,25485
202207,4호선,신용산,18379,19474,37853
202207,4호선,쌍문,28609,26367,54976
202207,4호선,이촌,9820,10628,20448
202207,4호선,창동,25080,26752,51832
202207,4호선,총신대입구,18622,20193,38815
202207,4호선,충무로,26375,28092,54467
202207,4호선,한성대입구,12931,12652,25583
202207,4호선,혜화,35366,35393,70759
202207,4호선,회현,25221,26529,51750
202207,4호선,길음,20726,19453,40179
202207,4호선,남태령,1387,1080,2467
202207,4호선,노원,18674,21562,40236
202207,4호선,당고개,9418,8389,17807
202207,4호선,동대문,21029,21057,42086
202207,4호선,동대문역사문화공원,16493,14144,30637
202207,4호선,동작,1414,1532,2946
202207,4호선,명동,21259,22454,43713
202207,4호선,미아,14500,13460,27960
202207,4호선,미아사거리,26984,26344,53328
202207,4호선,사당,27195,22703,49898
202207,4호선,삼각지,5696,6560,12256
202207,4호선,상계,18718,17259,35977
202207,4호선,서울,11956,21928,33884
202207,4호선,성신여대입구,20123,19578,39701
202207,4호선,수유,33878,33983,67861
202207,4호선,숙대입구,13136,12985,26121
202207,4호선,신용산,19052,20368,39420
202207,4호선,쌍문,28494,25839,54333
202207,4호선,이촌,10468,10945,21413
202207,4호선,창동,25728,27374,53102
202207,4호선,총신대입구,19179,20823,40002
202207,4호선,충무로,25884,27475,53359
202207,4호선,한성대입구,13169,12723,25892
202207,4호선,혜화,35334,35609,70943
202207,4호선,회현,25160,26005,51165
202208,4호선,길음,18170,17598,35768
202208,4호선,남태령,1129,931,2060
202208,4호선,노원,16918,19179,36097
202208,4호선,당고개,7867,7046,14913
202208,4호선,동대문,11526,11986,23512
202208,4호선,동대문역사문화공원,15044,13347,28391
202208,4호선,동작,1197,1274,2471
202208,4호선,명동,20915,21649,42564
202208,4호선,미아,12808,12454,25262
202208,4호선,미아사거리,24107,23646,47753
202208,4호선,사당,23135,18753,41888
202208,4호선,삼각지,4660,5225,9885
202208,4호선,상계,16753,15605,32358
202208,4호선,서울,10882,18017,28899
202208,4호선,성신여대입구,17678,17363,35041
202208,4호선,수유,30240,30298,60538
202208,4호선,숙대입구,11682,11381,23063
202208,4호선,신용산,17203,18049,35252
202208,4호선,쌍문,25585,23603,49188
202208,4호선,이촌,9508,10324,19832
202208,4호선,창동,22007,23522,45529
202208,4호선,총신대입구,16929,18192,35121
202208,4호선,충무로,21263,22503,43766
202208,4호선,한성대입구,11530,11058,22588
202208,4호선,혜화,26440,26475,52915
202208,4호선,회현,23379,24158,47537
202208,4호선,길음,18484,18215,36699
202208,4호선,남태령,1104,952,2056
202208,4호선,노원,16884,18996,35880
202208,4호선,당고개,7992,7219,15211
202208,4호선,동대문,11247,11673,22920
202208,4호선,동대문역사문화공원,14993,13231,28224
202208,4호선,동작,1045,1161,2206
202208,4호선,명동,20206,21078,41284
202208,4호선,미아,12951,12675,25626
202208,4호선,미아사거리,24271,24022,48293
202208,4호선,사당,23948,19800,43748
202208,4호선,삼각지,5006,5585,10591
202208,4호선,상계,17034,16030,33064
202208,4호선,서울,11300,17341,28641
202208,4호선,성신여대입구,17965,17716,35681
202208,4호선,수유,30225,30785,61010
202208,4호선,숙대입구,12038,11669,23707
202208,4호선,신용산,17743,18510,36253
202208,4호선,쌍문,25776,24182,49958
202208,4호선,이촌,10301,10867,21168
202208,4호선,창동,22078,23718,45796
202208,4호선,총신대입구,17040,18547,35587
202208,4호선,충무로,21609,22468,44077
202208,4호선,한성대입구,11659,11222,22881
202208,4호선,혜화,31950,31850,63800
202208,4호선,회현,24693,24758,49451
202208,4호선,길음,18700,18155,36855
202208,4호선,남태령,1176,1029,2205
202208,4호선,노원,17001,19392,36393
202208,4호선,당고개,8019,7095,15114
202208,4호선,동대문,11256,11606,22862
202208,4호선,동대문역사문화공원,15430,13630,29060
202208,4호선,동작,1191,1312,2503
202208,4호선,명동,20497,20918,41415
202208,4호선,미아,13245,12796,26041
202208,4호선,미아사거리,24656,24096,48752
202208,4호선,사당,23956,19854,43810
202208,4호선,삼각지,5046,5640,10686
202208,4호선,상계,17223,15993,33216
202208,4호선,서울,11041,17909,28950
202208,4호선,성신여대입구,17953,17386,35339
202208,4호선,수유,30612,31056,61668
202208,4호선,숙대입구,12093,11633,23726
202208,4호선,신용산,17493,18403,35896
202208,4호선,쌍문,26461,24534,50995
202208,4호선,이촌,10217,11122,21339
202208,4호선,창동,22672,24104,46776
202208,4호선,총신대입구,17550,18740,36290
202208,4호선,충무로,22280,23317,45597
202208,4호선,한성대입구,11715,11133,22848
202208,4호선,혜화,33817,34241,68058
202208,4호선,회현,23327,24165,47492
202208,4호선,길음,19907,19450,39357
202208,4호선,남태령,1196,1019,2215
202208,4호선,노원,17894,20376,38270
202208,4호선,당고개,8836,7921,16757
202208,4호선,동대문,21782,22347,44129
202208,4호선,동대문역사문화공원,16618,14527,31145
202208,4호선,동작,1267,1290,2557
202208,4호선,명동,20972,21872,42844
202208,4호선,미아,14050,13520,27570
202208,4호선,미아사거리,25748,25454,51202
202208,4호선,사당,25224,20894,46118
202208,4호선,삼각지,5385,5961,11346
202208,4호선,상계,18302,16998,35300
202208,4호선,서울,11540,18146,29686
202208,4호선,성신여대입구,19096,18577,37673
202208,4호선,수유,32466,32739,65205
202208,4호선,숙대입구,12533,12168,24701
202208,4호선,신용산,17228,18468,35696
202208,4호선,쌍문,27657,25676,53333
202208,4호선,이촌,9760,10747,20507
202208,4호선,창동,24011,25479,49490
202208,4호선,총신대입구,18038,19665,37703
202208,4호선,충무로,25458,26853,52311
202208,4호선,한성대입구,12533,11877,24410
202208,4호선,혜화,34732,34981,69713
202208,4호선,회현,24534,25733,50267
202208,4호선,길음,19913,18929,38842
202208,4호선,남태령,1339,1014,2353
202208,4호선,노원,18523,21506,40029
202208,4호선,당고개,8783,7824,16607
202208,4호선,동대문,20362,20735,41097
202208,4호선,동대문역사문화공원,16053,13731,29784
202208,4호선,동작,1350,1417,2767
202208,4호선,명동,20949,21847,42796
202208,4호선,미아,14075,13401,27476
202208,4호선,미아사거리,26358,25656,52014
202208,4호선,사당,26049,21656,47705
202208,4호선,삼각지,5536,6427,11963
202208,4호선,상계,18069,16850,34919
202208,4호선,서울,11542,19921,31463
202208,4호선,성신여대입구,19784,18963,38747
202208,4호선,수유,32968,33428,66396
202208,4호선,숙대입구,12774,12486,25260
202208,4호선,신용산,17299,18425,35724
202208,4호선,쌍문,27954,25811,53765
202208,4호선,이촌,9861,10731,20592
202208,4호선,창동,25141,26688,51829
202208,4호선,총신대입구,18962,20591,39553
202208,4호선,충무로,25106,26715,51821
202208,4호선,한성대입구,12602,11860,24462
202208,4호선,혜화,34681,34953,69634
202208,4호선,회현,24736,25855,50591
202208,4호선,길음,17914,18418,36332
202208,4호선,남태령,1438,977,2415
202208,4호선,노원,16191,18262,34453
202208,4호선,당고개,7870,7055,14925
202208,4호선,동대문,15622,15756,31378
202208,4호선,동대문역사문화공원,13159,11195,24354
202208,4호선,동작,1188,1630,2818
202208,4호선,명동,18485,18996,37481
202208,4호선,미아,12741,12498,25239
202208,4호선,미아사거리,23108,22956,46064
202208,4호선,사당,23660,18547,42207
202208,4호선,삼각지,4800,5059,9859
202208,4호선,상계,16586,15842,32428
202208,4호선,서울,11438,17705,29143
202208,4호선,성신여대입구,17043,17071,34114
202208,4호선,수유,29404,30274,59678
202208,4호선,숙대입구,11886,11496,23382
202208,4호선,신용산,17812,17533,35345
202208,4호선,쌍문,25836,24513,50349
202208,4호선,이촌,8391,9035,17426
202208,4호선,창동,21957,23842,45799
202208,4호선,총신대입구,16973,18401,35374
202208,4호선,충무로,24358,25186,49544
202208,4호선,한성대입구,11339,11181,22520
202208,4호선,혜화,29068,28676,57744
202208,4호선,회현,15764,16226,31990
202208,4호선,길음,17687,18233,35920
202208,4호선,남태령,999,874,1873
202208,4호선,노원,16006,18018,34024
202208,4호선,당고개,7565,6912,14477
202208,4호선,동대문,13644,13923,27567
202208,4호선,동대문역사문화공원,12737,10883,23620
202208,4호선,동작,2060,2667,4727
202208,4호선,명동,17068,17761,34829
202208,4호선,미아,12538,12408,24946
202208,4호선,미아사거리,23024,23357,46381
202208,4호선,사당,18898,15230,34128
202208,4호선,삼각지,4357,4771,9128
202208,4호선,상계,16454,15871,32325
202208,4호선,서울,10953,16119,27072
202208,4호선,성신여대입구,16506,16343,32849
202208,4호선,수유,28447,29251,57698
202208,4호선,숙대입구,11001,10677,21678
202208,4호선,신용산,16368,16386,32754
202208,4호선,쌍문,24732,23849,48581
202208,4호선,이촌,7904,8194,16098
202208,4호선,창동,21682,23386,45068
202208,4호선,총신대입구,14636,15149,29785
202208,4호선,충무로,23516,23898,47414
202208,4호선,한성대입구,10973,10745,21718
202208,4호선,혜화,28478,28315,56793
202208,4호선,회현,17085,16702,33787
202208,4호선,길음,20119,19597,39716
202208,4호선,남태령,1129,1015,2144
202208,4호선,노원,18123,20507,38630
202208,4호선,당고개,8521,7584,16105
202208,4호선,동대문,16223,16754,32977
202208,4호선,동대문역사문화공원,14295,12276,26571
202208,4호선,동작,1468,1400,2868
202208,4호선,명동,20239,20974,41213
202208,4호선,미아,13997,13613,27610
202208,4호선,미아사거리,25947,25718,51665
202208,4호선,사당,22964,19150,42114
202208,4호선,삼각지,5745,6441,12186
202208,4호선,상계,18222,17131,35353
202208,4호선,서울,11612,17843,29455
202208,4호선,성신여대입구,18914,18616,37530
202208,4호선,수유,32062,32434,64496
202208,4호선,숙대입구,12776,12741,25517
202208,4호선,신용산,18741,19506,38247
202208,4호선,쌍문,27757,25950,53707
202208,4호선,이촌,11408,11185,22593
202208,4호선,창동,24971,26511,51482
202208,4호선,총신대입구,18178,19838,38016
202208,4호선,충무로,25862,26956,52818
202208,4호선,한성대입구,12518,12102,24620
202208,4호선,혜화,34339,34477,68816
202208,4호선,회현,19828,20580,40408
202208,4호선,길음,19806,19135,38941
202208,4호선,남태령,1263,1119,2382
202208,4호선,노원,17950,20452,38402
202208,4호선,당고개,8296,7534,15830
202208,4호선,동대문,15737,16364,32101
202208,4호선,동대문역사문화공원,14321,12495,26816
202208,4호선,동작,1206,1262,2468
202208,4호선,명동,19508,20367,39875
202208,4호선,미아,13686,13166,26852
202208,4호선,미아사거리,25746,25039,50785
202208,4호선,사당,24224,19840,44064
202208,4호선,삼각지,5306,6053,11359
202208,4호선,상계,17959,16757,34716
202208,4호선,서울,11593,18174,29767
202208,4호선,성신여대입구,18665,18102,36767
202208,4호선,수유,31693,32096,63789
202208,4호선,숙대입구,12611,12420,25031
202208,4호선,신용산,18421,19897,38318
202208,4호선,쌍문,27251,25502,52753
202208,4호선,이촌,9391,9879,19270
202208,4호선,창동,24278,25713,49991
202208,4호선,총신대입구,17876,19176,37052
202208,4호선,충무로,25288,26608,51896
202208,4호선,한성대입구,12205,11833,24038
202208,4호선,혜화,33797,34268,68065
202208,4호선,회현,18669,19576,38245
202208,4호선,길음,20758,19528,40286
202208,4호선,남태령,1514,1245,2759
202208,4호선,노원,19258,22241,41499
202208,4호선,당고개,9449,8448,17897
202208,4호선,동대문,17523,17977,35500
202208,4호선,동대문역사문화공원,15294,13534,28828
202208,4호선,동작,1393,1543,2936
202208,4호선,명동,21343,22583,43926
202208,4호선,미아,14353,13564,27917
202208,4호선,미아사거리,27261,26714,53975
202208,4호선,사당,27025,22680,49705
202208,4호선,삼각지,5856,6711,12567
202208,4호선,상계,18761,17478,36239
202208,4호선,서울,11955,21782,33737
202208,4호선,성신여대입구,20441,19653,40094
202208,4호선,수유,34200,34647,68847
202208,4호선,숙대입구,13415,13101,26516
202208,4호선,신용산,19698,21098,40796
202208,4호선,쌍문,28818,26269,55087
202208,4호선,이촌,10030,10894,20924
202208,4호선,창동,26404,27843,54247
202208,4호선,총신대입구,19728,21205,40933
202208,4호선,충무로,25771,27452,53223
202208,4호선,한성대입구,13504,12938,26442
202208,4호선,혜화,35695,36041,71736
202208,4호선,회현,20137,21186,41323
202208,4호선,길음,10029,9868,19897
202208,4호선,남태령,600,493,1093
202208,4호선,노원,11061,12207,23268
202208,4호선,당고개,5237,4864,10101
202208,4호선,동대문,12705,13600,26305
202208,4호선,동대문역사문화공원,9856,8589,18445
202208,4호선,동작,800,881,1681
202208,4호선,명동,12067,12259,24326
202208,4호선,미아,7840,7487,15327
202208,4호선,미아사거리,15016,14574,29590
202208,4호선,사당,13082,12189,25271
202208,4호선,삼각지,2670,3667,6337
202208,4호선,상계,9622,9056,18678
202208,4호선,서울,4071,10142,14213
202208,4호선,성신여대입구,11671,11515,23186
202208,4호선,수유,18895,18611,37506
202208,4호선,숙대입구,5920,5795,11715
202208,4호선,신용산,8903,9038,17941
202208,4호선,쌍문,14676,13507,28183
202208,4호선,이촌,6749,7021,13770
202208,4호선,창동,13656,14341,27997
202208,4호선,총신대입구,9382,10295,19677
202208,4호선,충무로,7915,8778,16693
202208,4호선,한성대입구,6932,6845,13777
202208,4호선,혜화,20419,21390,41809
202208,4호선,회현,14757,14646,29403
202208,4호선,길음,19896,19835,39731
202208,4호선,남태령,1199,993,2192
202208,4호선,노원,18212,20750,38962
202208,4호선,당고개,8801,7826,16627
202208,4호선,동대문,20391,20788,41179
202208,4호선,동대문역사문화공원,15268,13532,28800
202208,4호선,동작,1279,1383,2662
202208,4호선,명동,20039,21107,41146
202208,4호선,미아,14541,14169,28710
202208,4호선,미아사거리,26237,25888,52125
202208,4호선,사당,22776,20096,42872
202208,4호선,삼각지,5130,5823,10953
202208,4호선,상계,18247,17171,35418
202208,4호선,서울,11483,17342,28825
202208,4호선,성신여대입구,19040,18750,37790
202208,4호선,수유,32716,33140,65856
202208,4호선,숙대입구,12912,12570,25482
202208,4호선,신용산,18452,19026,37478
202208,4호선,쌍문,28225,26539,54764
202208,4호선,이촌,9153,10013,19166
202208,4호선,창동,24412,25964,50376
202208,4호선,총신대입구,18094,19994,38088
202208,4호선,충무로,25755,27327,53082
202208,4호선,한성대입구,12603,12217,24820
202208,4호선,혜화,30718,31023,61741
202208,4호선,회현,25189,26484,51673
202208,4호선,길음,20533,20837,41370
202208,4호선,남태령,1275,1778,3053
202208,4호선,노원,18146,20485,38631
202208,4호선,당고개,8983,8181,17164
202208,4호선,동대문,20099,20316,40415
202208,4호선,동대문역사문화공원,15686,14551,30237
202208,4호선,동작,1256,1472,2728
202208,4호선,명동,20308,20312,40620
202208,4호선,미아,14737,14955,29692
202208,4호선,미아사거리,26306,26337,52643
202208,4호선,사당,26619,21392,48011
202208,4호선,삼각지,5534,7073,12607
202208,4호선,상계,18619,17654,36273
202208,4호선,서울,11926,17459,29385
202208,4호선,성신여대입구,19377,18860,38237
202208,4호선,수유,32772,33497,66269
202208,4호선,숙대입구,13177,12596,25773
202208,4호선,신용산,18548,18632,37180
202208,4호선,쌍문,26079,27131,53210
202208,4호선,이촌,9836,10948,20784
202208,4호선,창동,25463,26926,52389
202208,4호선,총신대입구,18901,20800,39701
202208,4호선,충무로,26384,27615,53999
202208,4호선,한성대입구,12995,12998,25993
202208,4호선,혜화,35085,33467,68552
202208,4호선,회현,24905,24253,49158
202208,4호선,길음,20474,20196,40670
202208,4호선,남태령,1246,1097,2343
202208,4호선,노원,18649,20981,39630
202208,4호선,당고개,9056,8043,17099
202208,4호선,동대문,20181,20498,40679
202208,4호선,동대문역사문화공원,15529,14052,29581
202208,4호선,동작,1365,1508,2873
202208,4호선,명동,20633,21254,41887
202208,4호선,미아,14815,14346,29161
202208,4호선,미아사거리,26808,26342,53150
202208,4호선,사당,25253,21446,46699
202208,4호선,삼각지,5563,6350,11913
202208,4호선,상계,18792,17796,36588
202208,4호선,서울,12043,18654,30697
202208,4호선,성신여대입구,19428,18939,38367
202208,4호선,수유,33266,33680,66946
202208,4호선,숙대입구,13325,12731,26056
202208,4호선,신용산,18376,19364,37740
202208,4호선,쌍문,28472,26990,55462
202208,4호선,이촌,9278,10353,19631
202208,4호선,창동,25505,26835,52340
202208,4호선,총신대입구,18999,20664,39663
202208,4호선,충무로,26262,27803,54065
202208,4호선,한성대입구,13010,12593,25603
202208,4호선,혜화,35088,35104,70192
202208,4호선,회현,25516,26182,51698
202208,4호선,길음,20253,20317,40570
202208,4호선,남태령,1403,1112,2515
202208,4호선,노원,18308,21392,39700
202208,4호선,당고개,8938,8079,17017
202208,4호선,동대문,20356,19347,39703
202208,4호선,동대문역사문화공원,15633,13278,28911
202208,4호선,동작,1232,1367,2599
202208,4호선,명동,20103,21235,41338
202208,4호선,미아,14771,14245,29016
202208,4호선,미아사거리,26643,26445,53088
202208,4호선,사당,26848,22392,49240
202208,4호선,삼각지,5842,6625,12467
202208,4호선,상계,18727,17739,36466
202208,4호선,서울,12419,20863,33282
202208,4호선,성신여대입구,19431,19269,38700
202208,4호선,수유,33170,34525,67695
202208,4호선,숙대입구,13436,13086,26522
202208,4호선,신용산,19046,19544,38590
202208,4호선,쌍문,28518,26718,55236
202208,4호선,이촌,9248,10028,19276
202208,4호선,창동,25727,27398,53125
202208,4호선,총신대입구,19367,21206,40573
202208,4호선,충무로,26189,27117,53306
202208,4호선,한성대입구,13657,13298,26955
202208,4호선,혜화,35001,34566,69567
202208,4호선,회현,25790,25641,51431
202208,4호선,길음,19694,19630,39324
202208,4호선,남태령,1295,1171,2466
202208,4호선,노원,17910,19759,37669
202208,4호선,당고개,9162,8273,17435
202208,4호선,동대문,20344,20859,41203
202208,4호선,동대문역사문화공원,15254,13481,28735
202208,4호선,동작,1245,1424,2669
202208,4호선,명동,20200,20865,41065
202208,4호선,미아,14728,14184,28912
202208,4호선,미아사거리,26051,25382,51433
202208,4호선,사당,24011,19802,43813
202208,4호선,삼각지,5166,5695,10861
202208,4호선,상계,18866,17577,36443
202208,4호선,서울,11560,17280,28840
202208,4호선,성신여대입구,18992,18425,37417
202208,4호선,수유,32652,32889,65541
202208,4호선,숙대입구,12893,12446,25339
202208,4호선,신용산,16169,16905,33074
202208,4호선,쌍문,28361,26736,55097
202208,4호선,이촌,8498,9441,17939
202208,4호선,창동,24780,26050,50830
202208,4호선,총신대입구,18696,20219,38915
202208,4호선,충무로,25181,26565,51746
202208,4호선,한성대입구,12753,12101,24854
202208,4호선,혜화,30678,30776,61454
202208,4호선,회현,24858,25777,50635
202208,4호선,길음,20607,20374,40981
202208,4호선,남태령,1525,1321,2846
202208,4호선,노원,18465,21161,39626
202208,4호선,당고개,9200,8115,17315
202208,4호선,동대문,20462,21021,41483
202208,4호선,동대문역사문화공원,15894,13970,29864
202208,4호선,동작,1459,1614,3073
202208,4호선,명동,21214,21752,42966
202208,4호선,미아,15136,14589,29725
202208,4호선,미아사거리,27008,26495,53503
202208,4호선,사당,25246,21030,46276
202208,4호선,삼각지,5347,6049,11396
202208,4호선,상계,19271,17994,37265
202208,4호선,서울,11841,17625,29466
202208,4호선,성신여대입구,19603,19110,38713
202208,4호선,수유,33231,33660,66891
202208,4호선,숙대입구,13332,12992,26324
202208,4호선,신용산,18307,19230,37537
202208,4호선,쌍문,28848,27046,55894
202208,4호선,이촌,9446,10363,19809
202208,4호선,창동,25294,26765,52059
202208,4호선,총신대입구,18991,20540,39531
202208,4호선,충무로,26796,28025,54821
202208,4호선,한성대입구,13377,12743,26120
202208,4호선,혜화,32755,32818,65573
202208,4호선,회현,25408,26639,52047
202208,4호선,길음,21221,20849,42070
202208,4호선,남태령,1458,1299,2757
202208,4호선,노원,18638,21209,39847
202208,4호선,당고개,9081,8055,17136
202208,4호선,동대문,20644,20912,41556
202208,4호선,동대문역사문화공원,16645,14862,31507
202208,4호선,동작,1531,1627,3158
202208,4호선,명동,21457,22155,43612
202208,4호선,미아,15246,14610,29856
202208,4호선,미아사거리,27732,27069,54801
202208,4호선,사당,25646,21258,46904
202208,4호선,삼각지,5638,6354,11992
202208,4호선,상계,19657,18501,38158
202208,4호선,서울,12244,18448,30692
202208,4호선,성신여대입구,19828,19259,39087
202208,4호선,수유,33982,34547,68529
202208,4호선,숙대입구,13882,13222,27104
202208,4호선,신용산,18328,19073,37401
202208,4호선,쌍문,29363,27515,56878
202208,4호선,이촌,10183,11220,21403
202208,4호선,창동,26015,27503,53518
202208,4호선,총신대입구,19378,20983,40361
202208,4호선,충무로,26975,28213,55188
202208,4호선,한성대입구,13518,12917,26435
202208,4호선,혜화,34980,35471,70451
202208,4호선,회현,25341,26628,51969
202208,4호선,길음,20878,20431,41309
202208,4호선,남태령,1538,1227,2765
202208,4호선,노원,18403,21011,39414
202208,4호선,당고개,9238,8113,17351
202208,4호선,동대문,20039,20431,40470
202208,4호선,동대문역사문화공원,16498,14789,31287
202208,4호선,동작,1330,1395,2725
202208,4호선,명동,21145,22047,43192
202208,4호선,미아,15263,14719,29982
202208,4호선,미아사거리,27285,26808,54093
202208,4호선,사당,26110,21905,48015
202208,4호선,삼각지,5829,6466,12295
202208,4호선,상계,19500,18390,37890
202208,4호선,서울,12313,19001,31314
202208,4호선,성신여대입구,19918,19371,39289
202208,4호선,수유,33660,33866,67526
202208,4호선,숙대입구,13850,13451,27301
202208,4호선,신용산,18366,19459,37825
202208,4호선,쌍문,29021,27291,56312
202208,4호선,이촌,9386,10360,19746
202208,4호선,창동,25416,26851,52267
202208,4호선,총신대입구,19282,21018,40300
202208,4호선,충무로,28523,29650,58173
202208,4호선,한성대입구,13512,12819,26331
202208,4호선,혜화,34673,35084,69757
202208,4호선,회현,25017,26194,51211
202208,4호선,길음,21710,20944,42654
202208,4호선,남태령,1540,1157,2697
202208,4호선,노원,19887,23274,43161
202208,4호선,당고개,9570,8403,17973
202208,4호선,동대문,20792,20746,41538
202208,4호선,동대문역사문화공원,16291,13894,30185
202208,4호선,동작,1832,1996,3828
202208,4호선,명동,22427,23828,46255
202208,4호선,미아,15867,15081,30948
202208,4호선,미아사거리,29160,28434,57594
202208,4호선,사당,28168,23721,51889
202208,4호선,삼각지,6102,7052,13154
202208,4호선,상계,20170,18928,39098
202208,4호선,서울,12535,21396,33931
202208,4호선,성신여대입구,21397,20798,42195
202208,4호선,수유,35600,36244,71844
202208,4호선,숙대입구,14670,14261,28931
202208,4호선,신용산,19207,20475,39682
202208,4호선,쌍문,30275,28077,58352
202208,4호선,이촌,10065,11196,21261
202208,4호선,창동,27755,29441,57196
202208,4호선,총신대입구,20834,22657,43491
202208,4호선,충무로,27766,29851,57617
202208,4호선,한성대입구,13864,13071,26935
202208,4호선,혜화,36361,36380,72741
202208,4호선,회현,25844,26926,52770
202208,4호선,길음,20488,20205,40693
202208,4호선,남태령,1313,1096,2409
202208,4호선,노원,18375,20717,39092
202208,4호선,당고개,9314,8088,17402
202208,4호선,동대문,20086,20863,40949
202208,4호선,동대문역사문화공원,15474,13790,29264
202208,4호선,동작,1337,1493,2830
202208,4호선,명동,22933,23977,46910
202208,4호선,미아,15114,14691,29805
202208,4호선,미아사거리,27460,26701,54161
202208,4호선,사당,25165,20778,45943
202208,4호선,삼각지,5208,5721,10929
202208,4호선,상계,19493,18257,37750
202208,4호선,서울,12168,18238,30406
202208,4호선,성신여대입구,19556,18963,38519
202208,4호선,수유,33238,33681,66919
202208,4호선,숙대입구,13245,12798,26043
202208,4호선,신용산,17792,18603,36395
202208,4호선,쌍문,29169,27224,56393
202208,4호선,이촌,7374,8130,15504
202208,4호선,창동,25475,26978,52453
202208,4호선,총신대입구,19043,20858,39901
202208,4호선,충무로,26361,27991,54352
202208,4호선,한성대입구,14732,14084,28816
202208,4호선,혜화,31154,31660,62814
202208,4호선,회현,25289,26541,51830
202208,4호선,길음,20524,20571,41095
202208,4호선,남태령,1307,1890,3197
202208,4호선,노원,17752,20265,38017
202208,4호선,당고개,8796,7788,16584
202208,4호선,동대문,19187,19491,38678
202208,4호선,동대문역사문화공원,15417,14441,29858
202208,4호선,동작,992,1191,2183
202208,4호선,명동,22888,23386,46274
202208,4호선,미아,14702,14135,28837
202208,4호선,미아사거리,26755,25942,52697
202208,4호선,사당,25650,21164,46814
202208,4호선,삼각지,5656,6419,12075
202208,4호선,상계,19160,17960,37120
202208,4호선,서울,12178,17952,30130
202208,4호선,성신여대입구,19285,18742,38027
202208,4호선,수유,32644,32908,65552
202208,4호선,숙대입구,13141,12787,25928
202208,4호선,신용산,18269,18944,37213
202208,4호선,쌍문,28658,27018,55676
202208,4호선,이촌,7735,8597,16332
202208,4호선,창동,24846,26657,51503
202208,4호선,총신대입구,18553,20618,39171
202208,4호선,충무로,26914,27706,54620
202208,4호선,한성대입구,14977,14400,29377
202208,4호선,혜화,32987,32512,65499
202208,4호선,회현,24514,24838,49352
202208,4호선,길음,22002,21718,43720
202208,4호선,남태령,1390,1243,2633
202208,4호선,노원,19242,21917,41159
202208,4호선,당고개,9299,8191,17490
202208,4호선,동대문,20813,21298,42111
202208,4호선,동대문역사문화공원,16572,14892,31464
202208,4호선,동작,1545,1711,3256
202208,4호선,명동,24941,25739,50680
202208,4호선,미아,15710,14988,30698
202208,4호선,미아사거리,28465,27838,56303
202208,4호선,사당,26395,22060,48455
202208,4호선,삼각지,5716,6384,12100
202208,4호선,상계,19955,18664,38619
202208,4호선,서울,12608,18423,31031
202208,4호선,성신여대입구,20576,20188,40764
202208,4호선,수유,34911,35396,70307
202208,4호선,숙대입구,14297,13690,27987
202208,4호선,신용산,19019,19916,38935
202208,4호선,쌍문,30193,28054,58247
202208,4호선,이촌,8049,8828,16877
202208,4호선,창동,26992,28466,55458
202208,4호선,총신대입구,20188,21900,42088
202208,4호선,충무로,27642,29113,56755
202208,4호선,한성대입구,15984,15118,31102
202208,4호선,혜화,36622,36666,73288
202208,4호선,회현,26455,27790,54245
202209,4호선,길음,24432,24871,49303
202209,4호선,남태령,1481,1206,2687
202209,4호선,노원,19780,22642,42422
202209,4호선,당고개,9674,8607,18281
202209,4호선,동대문,20763,21193,41956
202209,4호선,동대문역사문화공원,16768,14928,31696
202209,4호선,동작,1579,1680,3259
202209,4호선,명동,24186,25384,49570
202209,4호선,미아,16539,16056,32595
202209,4호선,미아사거리,29055,28310,57365
202209,4호선,사당,27289,23293,50582
202209,4호선,삼각지,5765,6518,12283
202209,4호선,상계,20628,19144,39772
202209,4호선,서울,12502,18209,30711
202209,4호선,성신여대입구,23267,22188,45455
202209,4호선,수유,35927,36654,72581
202209,4호선,숙대입구,16340,15617,31957
202209,4호선,신용산,19008,19815,38823
202209,4호선,쌍문,30735,28714,59449
202209,4호선,이촌,7853,8980,16833
202209,4호선,창동,27440,29038,56478
202209,4호선,총신대입구,20585,22367,42952
202209,4호선,충무로,31903,32690,64593
202209,4호선,한성대입구,15916,15172,31088
202209,4호선,혜화,36467,36475,72942
202209,4호선,회현,27034,28278,55312
202209,4호선,길음,23896,23487,47383
202209,4호선,남태령,1549,1235,2784
202209,4호선,노원,20577,24024,44601
202209,4호선,당고개,9936,8873,18809
202209,4호선,동대문,21037,20967,42004
202209,4호선,동대문역사문화공원,17057,14588,31645
202209,4호선,동작,1878,1990,3868
202209,4호선,명동,25165,26852,52017
202209,4호선,미아,16727,16002,32729
202209,4호선,미아사거리,29683,28960,58643
202209,4호선,사당,29887,25280,55167
202209,4호선,삼각지,6131,7200,13331
202209,4호선,상계,20800,19288,40088
202209,4호선,서울,12903,20611,33514
202209,4호선,성신여대입구,23817,23121,46938
202209,4호선,수유,37282,37659,74941
202209,4호선,숙대입구,16002,15535,31537
202209,4호선,신용산,19838,20908,40746
202209,4호선,쌍문,31196,28962,60158
202209,4호선,이촌,8329,9385,17714
202209,4호선,창동,28648,30688,59336
202209,4호선,총신대입구,21454,23437,44891
202209,4호선,충무로,31327,32673,64000
202209,4호선,한성대입구,15878,15134,31012
202209,4호선,혜화,38162,38453,76615
202209,4호선,회현,26544,28064,54608
202209,4호선,길음,21363,22879,44242
202209,4호선,남태령,1133,1023,2156
202209,4호선,노원,17066,19099,36165
202209,4호선,당고개,8311,7402,15713
202209,4호선,동대문,18160,18136,36296
202209,4호선,동대문역사문화공원,14387,12472,26859
202209,4호선,동작,743,862,1605
202209,4호선,명동,20677,21600,42277
202209,4호선,미아,14934,14458,29392
202209,4호선,미아사거리,25572,25581,51153
202209,4호선,사당,23210,19395,42605
202209,4호선,삼각지,4825,5296,10121
202209,4호선,상계,18706,17856,36562
202209,4호선,서울,11451,16325,27776
202209,4호선,성신여대입구,20324,19745,40069
202209,4호선,수유,32056,32690,64746
202209,4호선,숙대입구,14315,13906,28221
202209,4호선,신용산,15384,15676,31060
202209,4호선,쌍문,27956,26626,54582
202209,4호선,이촌,6969,7780,14749
202209,4호선,창동,23960,25849,49809
202209,4호선,총신대입구,17419,18987,36406
202209,4호선,충무로,29236,29391,58627
202209,4호선,한성대입구,14276,13763,28039
202209,4호선,혜화,30688,29939,60627
202209,4호선,회현,23831,23439,47270
202209,4호선,길음,22553,22705,45258
202209,4호선,남태령,1171,1001,2172
202209,4호선,노원,18479,21142,39621
202209,4호선,당고개,8971,7875,16846
202209,4호선,동대문,19164,19646,38810
202209,4호선,동대문역사문화공원,15173,13519,28692
202209,4호선,동작,1648,1525,3173
202209,4호선,명동,22615,23289,45904
202209,4호선,미아,15799,15244,31043
202209,4호선,미아사거리,26971,26409,53380
202209,4호선,사당,23186,19793,42979
202209,4호선,삼각지,5316,5911,11227
202209,4호선,상계,19338,17974,37312
202209,4호선,서울,10530,14192,24722
202209,4호선,성신여대입구,21675,20478,42153
202209,4호선,수유,34064,33951,68015
202209,4호선,숙대입구,15258,14729,29987
202209,4호선,신용산,15863,17196,33059
202209,4호선,쌍문,28994,26920,55914
202209,4호선,이촌,8784,8938,17722
202209,4호선,창동,26443,28305,54748
202209,4호선,총신대입구,19868,21191,41059
202209,4호선,충무로,30202,30957,61159
202209,4호선,한성대입구,12678,12203,24881
202209,4호선,혜화,32020,32536,64556
202209,4호선,회현,24124,25430,49554
202209,4호선,길음,25593,25721,51314
202209,4호선,남태령,1560,1222,2782
202209,4호선,노원,20632,23267,43899
202209,4호선,당고개,10085,8812,18897
202209,4호선,동대문,20845,21156,42001
202209,4호선,동대문역사문화공원,17109,14959,32068
202209,4호선,동작,1603,1682,3285
202209,4호선,명동,25850,26446,52296
202209,4호선,미아,17397,16913,34310
202209,4호선,미아사거리,29845,29339,59184
202209,4호선,사당,28657,23471,52128
202209,4호선,삼각지,5949,6630,12579
202209,4호선,상계,21215,19782,40997
202209,4호선,서울,13120,21266,34386
202209,4호선,성신여대입구,25491,23723,49214
202209,4호선,수유,37221,37704,74925
202209,4호선,숙대입구,17367,16623,33990
202209,4호선,신용산,19390,21276,40666
202209,4호선,쌍문,32052,29662,61714
202209,4호선,이촌,8145,9163,17308
202209,4호선,창동,28863,31036,59899
202209,4호선,총신대입구,21831,23779,45610
202209,4호선,충무로,33100,33288,66388
202209,4호선,한성대입구,16914,15875,32789
202209,4호선,혜화,40078,38833,78911
202209,4호선,회현,26612,28242,54854
202209,4호선,길음,25587,25101,50688
202209,4호선,남태령,1531,1212,2743
202209,4호선,노원,20358,24396,44754
202209,4호선,당고개,9413,8502,17915
202209,4호선,동대문,18457,18521,36978
202209,4호선,동대문역사문화공원,16558,14238,30796
202209,4호선,동작,1597,1671,3268
202209,4호선,명동,24588,26168,50756
202209,4호선,미아,17168,16427,33595
202209,4호선,미아사거리,30296,29914,60210
202209,4호선,사당,28285,23292,51577
202209,4호선,삼각지,5603,6378,11981
202209,4호선,상계,20469,19099,39568
202209,4호선,서울,12037,22181,34218
202209,4호선,성신여대입구,24918,22551,47469
202209,4호선,수유,37530,37186,74716
202209,4호선,숙대입구,16544,15337,31881
202209,4호선,신용산,17117,19407,36524
202209,4호선,쌍문,30976,28202,59178
202209,4호선,이촌,8140,8969,17109
202209,4호선,창동,27969,30698,58667
202209,4호선,총신대입구,21142,22932,44074
202209,4호선,충무로,30561,30446,61007
202209,4호선,한성대입구,16797,15251,32048
202209,4호선,혜화,39630,37719,77349
202209,4호선,회현,25223,26039,51262
202209,4호선,길음,9871,8592,18463
202209,4호선,남태령,721,534,1255
202209,4호선,노원,9954,11456,21410
202209,4호선,당고개,5122,4967,10089
202209,4호선,동대문,6086,6150,12236
202209,4호선,동대문역사문화공원,8939,7720,16659
202209,4호선,동작,1118,1313,2431
202209,4호선,명동,14151,16038,30189
202209,4호선,미아,7856,6872,14728
202209,4호선,미아사거리,14669,13309,27978
202209,4호선,사당,13289,10820,24109
202209,4호선,삼각지,2470,2945,5415
202209,4호선,상계,9576,8866,18442
202209,4호선,서울,4245,13522,17767
202209,4호선,성신여대입구,11627,9672,21299
202209,4호선,수유,18995,17342,36337
202209,4호선,숙대입구,5919,4945,10864
202209,4호선,신용산,7115,9536,16651
202209,4호선,쌍문,14448,12773,27221
202209,4호선,이촌,5026,5360,10386
202209,4호선,창동,13313,14056,27369
202209,4호선,총신대입구,9972,10319,20291
202209,4호선,충무로,7784,8351,16135
202209,4호선,한성대입구,7237,6086,13323
202209,4호선,혜화,19073,18507,37580
202209,4호선,회현,9897,10289,20186
202209,4호선,길음,10539,10887,21426
202209,4호선,남태령,682,551,1233
202209,4호선,노원,12396,13508,25904
202209,4호선,당고개,5723,5072,10795
202209,4호선,동대문,7119,7252,14371
202209,4호선,동대문역사문화공원,10165,8808,18973
202209,4호선,동작,1364,1446,2810
202209,4호선,명동,13116,14535,27651
202209,4호선,미아,7642,7444,15086
202209,4호선,미아사거리,16357,15431,31788
202209,4호선,사당,14168,13551,27719
202209,4호선,삼각지,2408,3282,5690
202209,4호선,상계,10606,9638,20244
202209,4호선,서울,4271,9829,14100
202209,4호선,성신여대입구,11895,13003,24898
202209,4호선,수유,19742,20276,40018
202209,4호선,숙대입구,5893,5984,11877
202209,4호선,신용산,10097,9419,19516
202209,4호선,쌍문,15537,13864,29401
202209,4호선,이촌,5436,5784,11220
202209,4호선,창동,14217,14599,28816
202209,4호선,총신대입구,9443,10632,20075
202209,4호선,충무로,8326,10745,19071
202209,4호선,한성대입구,7319,7924,15243
202209,4호선,혜화,21245,23214,44459
202209,4호선,회현,10249,10400,20649
202209,4호선,길음,22654,23839,46493
202209,4호선,남태령,1282,1428,2710
202209,4호선,노원,18931,21615,40546
202209,4호선,당고개,9115,8215,17330
202209,4호선,동대문,19797,20280,40077
202209,4호선,동대문역사문화공원,14768,13385,28153
202209,4호선,동작,1399,1607,3006
202209,4호선,명동,22608,22007,44615
202209,4호선,미아,15697,15880,31577
202209,4호선,미아사거리,26654,26911,53565
202209,4호선,사당,26149,21846,47995
202209,4호선,삼각지,5110,5997,11107
202209,4호선,상계,19089,17834,36923
202209,4호선,서울,11319,15326,26645
202209,4호선,성신여대입구,22066,21594,43660
202209,4호선,수유,34277,35220,69497
202209,4호선,숙대입구,15373,14529,29902
202209,4호선,신용산,17033,16638,33671
202209,4호선,쌍문,29306,28793,58099
202209,4호선,이촌,7674,8635,16309
202209,4호선,창동,25517,26946,52463
202209,4호선,총신대입구,18958,20790,39748
202209,4호선,충무로,29884,30701,60585
202209,4호선,한성대입구,15311,14998,30309
202209,4호선,혜화,32058,31339,63397
202209,4호선,회현,22937,23106,46043
202209,4호선,길음,24008,24564,48572
202209,4호선,남태령,1398,1164,2562
202209,4호선,노원,19588,22635,42223
202209,4호선,당고개,9605,8447,18052
202209,4호선,동대문,20882,21173,42055
202209,4호선,동대문역사문화공원,15547,13900,29447
202209,4호선,동작,1505,1682,3187
202209,4호선,명동,24193,24850,49043
202209,4호선,미아,16764,16278,33042
202209,4호선,미아사거리,28358,27794,56152
202209,4호선,사당,26887,22880,49767
202209,4호선,삼각지,5520,6235,11755
202209,4호선,상계,20683,19307,39990
202209,4호선,서울,12560,17882,30442
202209,4호선,성신여대입구,23261,22389,45650
202209,4호선,수유,36130,36361,72491
202209,4호선,숙대입구,16534,15619,32153
202209,4호선,신용산,18039,18680,36719
202209,4호선,쌍문,30872,29158,60030
202209,4호선,이촌,7890,8848,16738
202209,4호선,창동,26656,28263,54919
202209,4호선,총신대입구,20085,21851,41936
202209,4호선,충무로,31148,31771,62919
202209,4호선,한성대입구,16413,15712,32125
202209,4호선,혜화,36638,36463,73101
202209,4호선,회현,27191,28343,55534
202209,4호선,길음,24459,24615,49074
202209,4호선,남태령,1351,1176,2527
202209,4호선,노원,19858,22814,42672
202209,4호선,당고개,9771,8717,18488
202209,4호선,동대문,21232,21559,42791
202209,4호선,동대문역사문화공원,16568,14546,31114
202209,4호선,동작,1509,1714,3223
202209,4호선,명동,24146,25203,49349
202209,4호선,미아,16405,15981,32386
202209,4호선,미아사거리,28399,28271,56670
202209,4호선,사당,28025,23818,51843
202209,4호선,삼각지,5934,6781,12715
202209,4호선,상계,20834,19525,40359
202209,4호선,서울,13104,19021,32125
202209,4호선,성신여대입구,23030,21982,45012
202209,4호선,수유,36865,36889,73754
202209,4호선,숙대입구,16652,15625,32277
202209,4호선,신용산,18619,19287,37906
202209,4호선,쌍문,31101,29277,60378
202209,4호선,이촌,7941,8869,16810
202209,4호선,창동,27062,28802,55864
202209,4호선,총신대입구,20206,22035,42241
202209,4호선,충무로,32569,32995,65564
202209,4호선,한성대입구,16365,15765,32130
202209,4호선,혜화,37579,37526,75105
202209,4호선,회현,27287,28640,55927
202209,4호선,길음,24039,24006,48045
202209,4호선,남태령,1554,1206,2760
202209,4호선,노원,20518,24053,44571
202209,4호선,당고개,9751,8705,18456
202209,4호선,동대문,21400,21368,42768
202209,4호선,동대문역사문화공원,16969,14591,31560
202209,4호선,동작,1512,1656,3168
202209,4호선,명동,26090,27552,53642
202209,4호선,미아,16616,15925,32541
202209,4호선,미아사거리,29512,29139,58651
202209,4호선,사당,30097,25947,56044
202209,4호선,삼각지,6917,7955,14872
202209,4호선,상계,20610,19337,39947
202209,4호선,서울,14642,21892,36534
202209,4호선,성신여대입구,24140,23281,47421
202209,4호선,수유,37073,37785,74858
202209,4호선,숙대입구,19353,16456,35809
202209,4호선,신용산,20543,20704,41247
202209,4호선,쌍문,31252,29259,60511
202209,4호선,이촌,8686,9683,18369
202209,4호선,창동,27739,29554,57293
202209,4호선,총신대입구,21386,23419,44805
202209,4호선,충무로,31965,33007,64972
202209,4호선,한성대입구,16535,15706,32241
202209,4호선,혜화,39870,39259,79129
202209,4호선,회현,28153,29229,57382
202209,4호선,길음,23303,24114,47417
202209,4호선,남태령,1348,1122,2470
202209,4호선,노원,19575,22151,41726
202209,4호선,당고개,9502,8406,17908
202209,4호선,동대문,20936,21500,42436
202209,4호선,동대문역사문화공원,15974,14049,30023
202209,4호선,동작,1538,1622,3160
202209,4호선,명동,24406,24840,49246
202209,4호선,미아,16567,16088,32655
202209,4호선,미아사거리,27907,27317,55224
202209,4호선,사당,26938,24522,51460
202209,4호선,삼각지,5435,6009,11444
202209,4호선,상계,20304,18786,39090
202209,4호선,서울,12525,18559,31084
202209,4호선,성신여대입구,22694,21726,44420
202209,4호선,수유,35838,36133,71971
202209,4호선,숙대입구,16014,15422,31436
202209,4호선,신용산,17806,18822,36628
202209,4호선,쌍문,30462,28523,58985
202209,4호선,이촌,7995,8857,16852
202209,4호선,창동,26365,27893,54258
202209,4호선,총신대입구,19912,21566,41478
202209,4호선,충무로,30949,31967,62916
202209,4호선,한성대입구,15778,15171,30949
202209,4호선,혜화,33574,33695,67269
202209,4호선,회현,26066,27721,53787
202209,4호선,길음,24662,25056,49718
202209,4호선,남태령,1374,1238,2612
202209,4호선,노원,19887,22740,42627
202209,4호선,당고개,10114,8994,19108
202209,4호선,동대문,21059,21788,42847
202209,4호선,동대문역사문화공원,16601,14573,31174
202209,4호선,동작,1595,1766,3361
202209,4호선,명동,25182,25795,50977
202209,4호선,미아,17024,16549,33573
202209,4호선,미아사거리,28749,28492,57241
202209,4호선,사당,28038,23920,51958
202209,4호선,삼각지,5699,6518,12217
202209,4호선,상계,20926,19677,40603
202209,4호선,서울,13046,18860,31906
202209,4호선,성신여대입구,23538,22201,45739
202209,4호선,수유,36541,36632,73173
202209,4호선,숙대입구,16779,15725,32504
202209,4호선,신용산,18509,19296,37805
202209,4호선,쌍문,31319,29351,60670
202209,4호선,이촌,8284,9130,17414
202209,4호선,창동,27419,29226,56645
202209,4호선,총신대입구,20737,22562,43299
202209,4호선,충무로,32353,32898,65251
202209,4호선,한성대입구,16630,15988,32618
202209,4호선,혜화,36773,36478,73251
202209,4호선,회현,27861,29136,56997
202209,4호선,길음,24699,25120,49819
202209,4호선,남태령,1397,1183,2580
202209,4호선,노원,20253,23200,43453
202209,4호선,당고개,10282,8985,19267
202209,4호선,동대문,21248,21660,42908
202209,4호선,동대문역사문화공원,16909,14998,31907
202209,4호선,동작,1863,1918,3781
202209,4호선,명동,25194,26036,51230
202209,4호선,미아,17200,16612,33812
202209,4호선,미아사거리,28945,28438,57383
202209,4호선,사당,28569,24273,52842
202209,4호선,삼각지,5806,6777,12583
202209,4호선,상계,21024,19692,40716
202209,4호선,서울,13301,19189,32490
202209,4호선,성신여대입구,24071,23020,47091
202209,4호선,수유,36721,36861,73582
202209,4호선,숙대입구,16885,15933,32818
202209,4호선,신용산,18738,19762,38500
202209,4호선,쌍문,31834,29797,61631
202209,4호선,이촌,8518,9543,18061
202209,4호선,창동,27599,29195,56794
202209,4호선,총신대입구,21070,22795,43865
202209,4호선,충무로,32388,32819,65207
202209,4호선,한성대입구,16944,16252,33196
202209,4호선,혜화,38511,38634,77145
202209,4호선,회현,27290,28827,56117
202209,4호선,길음,24917,25104,50021
202209,4호선,남태령,1414,1250,2664
202209,4호선,노원,20190,23117,43307
202209,4호선,당고개,9947,8807,18754
202209,4호선,동대문,21487,21943,43430
202209,4호선,동대문역사문화공원,17051,15001,32052
202209,4호선,동작,1598,1763,3361
202209,4호선,명동,25087,25932,51019
202209,4호선,미아,16554,16201,32755
202209,4호선,미아사거리,28924,28420,57344
202209,4호선,사당,28702,24813,53515
202209,4호선,삼각지,5880,6637,12517
202209,4호선,상계,20846,19653,40499
202209,4호선,서울,13171,19897,33068
202209,4호선,성신여대입구,23395,22273,45668
202209,4호선,수유,37131,37284,74415
202209,4호선,숙대입구,16869,15914,32783
202209,4호선,신용산,18805,19760,38565
202209,4호선,쌍문,31449,29361,60810
202209,4호선,이촌,8206,9085,17291
202209,4호선,창동,27517,29286,56803
202209,4호선,총신대입구,20667,22427,43094
202209,4호선,충무로,33821,34716,68537
202209,4호선,한성대입구,16682,15814,32496
202209,4호선,혜화,38270,38487,76757
202209,4호선,회현,27600,28980,56580
202209,4호선,길음,24052,23927,47979
202209,4호선,남태령,1631,1167,2798
202209,4호선,노원,21132,24910,46042
202209,4호선,당고개,10158,9084,19242
202209,4호선,동대문,21913,21698,43611
202209,4호선,동대문역사문화공원,17300,14449,31749
202209,4호선,동작,1687,1815,3502
202209,4호선,명동,26643,28291,54934
202209,4호선,미아,17128,16261,33389
202209,4호선,미아사거리,29758,29184,58942
202209,4호선,사당,30731,26803,57534
202209,4호선,삼각지,6230,7418,13648
202209,4호선,상계,20897,19454,40351
202209,4호선,서울,13437,22765,36202
202209,4호선,성신여대입구,24643,23619,48262
202209,4호선,수유,38119,38258,76377
202209,4호선,숙대입구,16176,15746,31922
202209,4호선,신용산,20299,20894,41193
202209,4호선,쌍문,32006,29436,61442
202209,4호선,이촌,8720,9719,18439
202209,4호선,창동,28267,30312,58579
202209,4호선,총신대입구,21359,23574,44933
202209,4호선,충무로,33109,34585,67694
202209,4호선,한성대입구,16457,15682,32139
202209,4호선,혜화,40452,39806,80258
202209,4호선,회현,27212,28649,55861
202209,4호선,길음,23546,23984,47530
202209,4호선,남태령,1310,1154,2464
202209,4호선,노원,19606,21992,41598
202209,4호선,당고개,9911,8806,18717
202209,4호선,동대문,21351,21880,43231
202209,4호선,동대문역사문화공원,15946,13988,29934
202209,4호선,동작,1543,1646,3189
202209,4호선,명동,24482,25010,49492
202209,4호선,미아,16480,16160,32640
202209,4호선,미아사거리,28511,27902,56413
202209,4호선,사당,26866,22678,49544
202209,4호선,삼각지,5677,6433,12110
202209,4호선,상계,20550,19214,39764
202209,4호선,서울,12779,19089,31868
202209,4호선,성신여대입구,22877,21789,44666
202209,4호선,수유,36029,36454,72483
202209,4호선,숙대입구,16752,15793,32545
202209,4호선,신용산,18059,19030,37089
202209,4호선,쌍문,30855,28906,59761
202209,4호선,이촌,7685,8654,16339
202209,4호선,창동,26932,28376,55308
202209,4호선,총신대입구,20263,21715,41978
202209,4호선,충무로,30936,32036,62972
202209,4호선,한성대입구,15867,15107,30974
202209,4호선,혜화,33427,33625,67052
202209,4호선,회현,26761,28030,54791
202209,4호선,길음,24740,25258,49998
202209,4호선,남태령,1503,1336,2839
202209,4호선,노원,19899,22715,42614
202209,4호선,당고개,9750,8701,18451
202209,4호선,동대문,21552,21845,43397
202209,4호선,동대문역사문화공원,16222,14455,30677
202209,4호선,동작,1702,1814,3516
202209,4호선,명동,25120,26042,51162
202209,4호선,미아,16895,16347,33242
202209,4호선,미아사거리,29138,28489,57627
202209,4호선,사당,28700,24320,53020
202209,4호선,삼각지,5856,6669,12525
202209,4호선,상계,21192,19725,40917
202209,4호선,서울,13320,19250,32570
202209,4호선,성신여대입구,23427,22276,45703
202209,4호선,수유,36538,36867,73405
202209,4호선,숙대입구,17089,16257,33346
202209,4호선,신용산,18760,19650,38410
202209,4호선,쌍문,31242,29284,60526
202209,4호선,이촌,8227,9107,17334
202209,4호선,창동,27608,29185,56793
202209,4호선,총신대입구,21005,22928,43933
202209,4호선,충무로,32455,33340,65795
202209,4호선,한성대입구,16577,15842,32419
202209,4호선,혜화,36851,36525,73376
202209,4호선,회현,28101,29143,57244
202209,4호선,길음,24815,25375,50190
202209,4호선,남태령,1546,1255,2801
202209,4호선,노원,20098,23037,43135
202209,4호선,당고개,9901,8756,18657
202209,4호선,동대문,21066,21447,42513
202209,4호선,동대문역사문화공원,16973,14974,31947
202209,4호선,동작,1679,1734,3413
202209,4호선,명동,25162,26068,51230
202209,4호선,미아,17180,16474,33654
202209,4호선,미아사거리,29087,28266,57353
202209,4호선,사당,28223,24273,52496
202209,4호선,삼각지,5798,6600,12398
202209,4호선,상계,21169,19647,40816
202209,4호선,서울,13162,19228,32390
202209,4호선,성신여대입구,24015,22697,46712
202209,4호선,수유,36873,37161,74034
202209,4호선,숙대입구,16899,16205,33104
202209,4호선,신용산,19041,19998,39039
202209,4호선,쌍문,31412,29296,60708
202209,4호선,이촌,8803,9542,18345
202209,4호선,창동,27735,29226,56961
202209,4호선,총신대입구,21173,22720,43893
202209,4호선,충무로,32626,33403,66029
202209,4호선,한성대입구,16783,16138,32921
202209,4호선,혜화,37154,37291,74445
202209,4호선,회현,27680,28848,56528
202209,4호선,길음,24863,25179,50042
202209,4호선,남태령,1364,1213,2577
202209,4호선,노원,19986,23041,43027
202209,4호선,당고개,9725,8631,18356
202209,4호선,동대문,21162,21681,42843
202209,4호선,동대문역사문화공원,16805,15093,31898
202209,4호선,동작,2099,2169,4268
202209,4호선,명동,24930,25908,50838
202209,4호선,미아,16641,16046,32687
202209,4호선,미아사거리,29484,28649,58133
202209,4호선,사당,28742,24776,53518
202209,4호선,삼각지,5923,6983,12906
202209,4호선,상계,21164,19765,40929
202209,4호선,서울,13267,19798,33065
202209,4호선,성신여대입구,24659,23487,48146
202209,4호선,수유,36967,37054,74021
202209,4호선,숙대입구,16780,15856,32636
202209,4호선,신용산,19288,20271,39559
202209,4호선,쌍문,31630,29206,60836
202209,4호선,이촌,8232,9228,17460
202209,4호선,창동,27427,29193,56620
202209,4호선,총신대입구,20473,22086,42559
202209,4호선,충무로,34609,36204,70813
202209,4호선,한성대입구,16914,16205,33119
202209,4호선,혜화,38309,38854,77163
202209,4호선,회현,27665,29160,56825
202209,4호선,길음,24515,23961,48476
202209,4호선,남태령,1591,1220,2811
202209,4호선,노원,21343,25044,46387
202209,4호선,당고개,10060,8907,18967
202209,4호선,동대문,21646,21623,43269
202209,4호선,동대문역사문화공원,17852,15395,33247
202209,4호선,동작,1827,1879,3706
202209,4호선,명동,25235,27025,52260
202209,4호선,미아,16942,16366,33308
202209,4호선,미아사거리,30590,29720,60310
202209,4호선,사당,30651,26890,57541
202209,4호선,삼각지,6310,7517,13827
202209,4호선,상계,21319,19726,41045
202209,4호선,서울,13660,23210,36870
202209,4호선,성신여대입구,26073,24726,50799
202209,4호선,수유,38019,38316,76335
202209,4호선,숙대입구,16401,15640,32041
202209,4호선,신용산,20095,21334,41429
202209,4호선,쌍문,32533,29739,62272
202209,4호선,이촌,8934,9892,18826
202209,4호선,창동,28752,30480,59232
202209,4호선,총신대입구,22113,24044,46157
202209,4호선,충무로,33995,36625,70620
202209,4호선,한성대입구,17535,16759,34294
202209,4호선,혜화,47348,48658,96006
202209,4호선,회현,27606,29120,56726
202210,4호선,길음,10230,10566,20796
202210,4호선,남태령,556,489,1045
202210,4호선,노원,10682,11536,22218
202210,4호선,당고개,5041,4597,9638
202210,4호선,동대문,14194,14451,28645
202210,4호선,동대문역사문화공원,10324,8675,18999
202210,4호선,동작,618,669,1287
202210,4호선,명동,13085,12869,25954
202210,4호선,미아,7849,7679,15528
202210,4호선,미아사거리,14840,14572,29412
202210,4호선,사당,14153,12998,27151
202210,4호선,삼각지,2781,3645,6426
202210,4호선,상계,9614,9153,18767
202210,4호선,서울,4872,12644,17516
202210,4호선,성신여대입구,12414,12192,24606
202210,4호선,수유,18661,18721,37382
202210,4호선,숙대입구,6654,6332,12986
202210,4호선,신용산,8357,8606,16963
202210,4호선,쌍문,15068,14121,29189
202210,4호선,이촌,5636,5918,11554
202210,4호선,창동,12860,13741,26601
202210,4호선,총신대입구,9526,10377,19903
202210,4호선,충무로,9451,10166,19617
202210,4호선,한성대입구,7045,7209,14254
202210,4호선,혜화,20562,21241,41803
202210,4호선,회현,15359,15322,30681
202210,4호선,길음,24482,25255,49737
202210,4호선,남태령,1444,1283,2727
202210,4호선,노원,19515,22220,41735
202210,4호선,당고개,9748,8534,18282
202210,4호선,동대문,20763,21265,42028
202210,4호선,동대문역사문화공원,16247,14367,30614
202210,4호선,동작,1447,1575,3022
202210,4호선,명동,24641,25166,49807
202210,4호선,미아,16604,16200,32804
202210,4호선,미아사거리,28743,27984,56727
202210,4호선,사당,27205,23100,50305
202210,4호선,삼각지,5511,6203,11714
202210,4호선,상계,20484,19278,39762
202210,4호선,서울,12481,17980,30461
202210,4호선,성신여대입구,22906,21835,44741
202210,4호선,수유,35989,36413,72402
202210,4호선,숙대입구,16358,15658,32016
202210,4호선,신용산,18715,19316,38031
202210,4호선,쌍문,30740,28834,59574
202210,4호선,이촌,8291,9144,17435
202210,4호선,창동,26813,28614,55427
202210,4호선,총신대입구,20479,22091,42570
202210,4호선,충무로,31603,32383,63986
202210,4호선,한성대입구,15952,15395,31347
202210,4호선,혜화,33690,33870,67560
202210,4호선,회현,26608,27771,54379
202210,4호선,길음,25155,25531,50686
202210,4호선,남태령,1443,1283,2726
202210,4호선,노원,20352,23233,43585
202210,4호선,당고개,10136,9004,19140
202210,4호선,동대문,21839,22081,43920
202210,4호선,동대문역사문화공원,17108,15176,32284
202210,4호선,동작,1620,1750,3370
202210,4호선,명동,26400,27348,53748
202210,4호선,미아,17160,16775,33935
202210,4호선,미아사거리,29410,28771,58181
202210,4호선,사당,28265,23940,52205
202210,4호선,삼각지,6012,6671,12683
202210,4호선,상계,21025,19817,40842
202210,4호선,서울,13252,19188,32440
202210,4호선,성신여대입구,23983,22771,46754
202210,4호선,수유,36866,37084,73950
202210,4호선,숙대입구,16742,16189,32931
202210,4호선,신용산,18984,19933,38917
202210,4호선,쌍문,31819,29976,61795
202210,4호선,이촌,8944,9850,18794
202210,4호선,창동,27955,29457,57412
202210,4호선,총신대입구,21126,22831,43957
202210,4호선,충무로,32094,32749,64843
202210,4호선,한성대입구,14906,14465,29371
202210,4호선,혜화,38972,38858,77830
202210,4호선,회현,28054,29373,57427
202210,4호선,길음,25016,25155,50171
202210,4호선,남태령,1369,1282,2651
202210,4호선,노원,20302,23181,43483
202210,4호선,당고개,9760,8806,18566
202210,4호선,동대문,21917,22358,44275
202210,4호선,동대문역사문화공원,17244,15288,32532
202210,4호선,동작,1579,1715,3294
202210,4호선,명동,25732,26953,52685
202210,4호선,미아,16906,16356,33262
202210,4호선,미아사거리,29784,29088,58872
202210,4호선,사당,28709,24512,53221
202210,4호선,삼각지,6081,6916,12997
202210,4호선,상계,21101,19629,40730
202210,4호선,서울,13508,20153,33661
202210,4호선,성신여대입구,23410,22332,45742
202210,4호선,수유,37261,37205,74466
202210,4호선,숙대입구,16937,16226,33163
202210,4호선,신용산,19506,20309,39815
202210,4호선,쌍문,31665,29725,61390
202210,4호선,이촌,8712,9617,18329
202210,4호선,창동,27487,29307,56794
202210,4호선,총신대입구,21043,22841,43884
202210,4호선,충무로,32747,33338,66085
202210,4호선,한성대입구,16685,15850,32535
202210,4호선,혜화,37062,37016,74078
202210,4호선,회현,28341,29739,58080
202210,4호선,길음,24892,24126,49018
202210,4호선,남태령,1543,1235,2778
202210,4호선,노원,21681,25376,47057
202210,4호선,당고개,10279,9208,19487
202210,4호선,동대문,22491,22486,44977
202210,4호선,동대문역사문화공원,18550,15984,34534
202210,4호선,동작,2286,2487,4773
202210,4호선,명동,28237,30119,58356
202210,4호선,미아,16937,16098,33035
202210,4호선,미아사거리,31014,30312,61326
202210,4호선,사당,31191,26447,57638
202210,4호선,삼각지,6387,7467,13854
202210,4호선,상계,21753,20178,41931
202210,4호선,서울,13726,24213,37939
202210,4호선,성신여대입구,23705,22614,46319
202210,4호선,수유,38644,38950,77594
202210,4호선,숙대입구,16283,15715,31998
202210,4호선,신용산,19908,20997,40905
202210,4호선,쌍문,32430,29760,62190
202210,4호선,이촌,9365,10270,19635
202210,4호선,창동,28900,30960,59860
202210,4호선,총신대입구,22238,24507,46745
202210,4호선,충무로,31811,33245,65056
202210,4호선,한성대입구,16855,15903,32758
202210,4호선,혜화,41907,41169,83076
202210,4호선,회현,28451,29906,58357
202210,4호선,길음,11707,12085,23792
202210,4호선,남태령,684,536,1220
202210,4호선,노원,12853,13969,26822
202210,4호선,당고개,5959,5649,11608
202210,4호선,동대문,17625,17813,35438
202210,4호선,동대문역사문화공원,12581,10548,23129
202210,4호선,동작,896,921,1817
202210,4호선,명동,17064,17550,34614
202210,4호선,미아,9423,9358,18781
202210,4호선,미아사거리,18115,17407,35522
202210,4호선,사당,15971,14634,30605
202210,4호선,삼각지,3246,4431,7677
202210,4호선,상계,11440,10758,22198
202210,4호선,서울,5402,14006,19408
202210,4호선,성신여대입구,14903,14347,29250
202210,4호선,수유,22237,21803,44040
202210,4호선,숙대입구,7613,7223,14836
202210,4호선,신용산,10251,10361,20612
202210,4호선,쌍문,17745,16087,33832
202210,4호선,이촌,6803,7135,13938
202210,4호선,창동,15549,16467,32016
202210,4호선,총신대입구,11197,12225,23422
202210,4호선,충무로,11076,12081,23157
202210,4호선,한성대입구,8522,8713,17235
202210,4호선,혜화,23562,24150,47712
202210,4호선,회현,19946,20034,39980
202210,4호선,길음,24569,25250,49819
202210,4호선,남태령,1495,1244,2739
202210,4호선,노원,20086,22771,42857
202210,4호선,당고개,9802,8580,18382
202210,4호선,동대문,22138,22337,44475
202210,4호선,동대문역사문화공원,18081,15879,33960
202210,4호선,동작,1663,1903,3566
202210,4호선,명동,26847,27571,54418
202210,4호선,미아,17155,16590,33745
202210,4호선,미아사거리,28896,28484,57380
202210,4호선,사당,27988,23753,51741
202210,4호선,삼각지,5710,6305,12015
202210,4호선,상계,20761,19463,40224
202210,4호선,서울,13009,19574,32583
202210,4호선,성신여대입구,23314,22279,45593
202210,4호선,수유,36670,37014,73684
202210,4호선,숙대입구,16616,16010,32626
202210,4호선,신용산,19423,20082,39505
202210,4호선,쌍문,31386,29706,61092
202210,4호선,이촌,8748,9800,18548
202210,4호선,창동,27179,28840,56019
202210,4호선,총신대입구,20589,22347,42936
202210,4호선,충무로,31943,32938,64881
202210,4호선,한성대입구,16081,15570,31651
202210,4호선,혜화,34966,34842,69808
202210,4호선,회현,28162,29234,57396
202210,4호선,길음,24819,25273,50092
202210,4호선,남태령,1401,1231,2632
202210,4호선,노원,20262,23212,43474
202210,4호선,당고개,9807,8822,18629
202210,4호선,동대문,22177,22484,44661
202210,4호선,동대문역사문화공원,18538,16674,35212
202210,4호선,동작,1613,1691,3304
202210,4호선,명동,27821,29136,56957
202210,4호선,미아,17231,16766,33997
202210,4호선,미아사거리,29232,28817,58049
202210,4호선,사당,28210,24310,52520
202210,4호선,삼각지,5722,6601,12323
202210,4호선,상계,21258,19798,41056
202210,4호선,서울,13708,20398,34106
202210,4호선,성신여대입구,24148,22986,47134
202210,4호선,수유,37267,37090,74357
202210,4호선,숙대입구,16992,16496,33488
202210,4호선,신용산,19602,20553,40155
202210,4호선,쌍문,31930,29798,61728
202210,4호선,이촌,9158,9979,19137
202210,4호선,창동,27836,29445,57281
202210,4호선,총신대입구,21213,22984,44197
202210,4호선,충무로,32399,33018,65417
202210,4호선,한성대입구,16730,16030,32760
202210,4호선,혜화,40045,39514,79559
202210,4호선,회현,28483,29829,58312
202210,4호선,길음,24965,25120,50085
202210,4호선,남태령,1484,1277,2761
202210,4호선,노원,20162,23386,43548
202210,4호선,당고개,9997,8793,18790
202210,4호선,동대문,22348,22659,45007
202210,4호선,동대문역사문화공원,18855,16663,35518
202210,4호선,동작,1761,1797,3558
202210,4호선,명동,28336,29575,57911
202210,4호선,미아,16881,16331,33212
202210,4호선,미아사거리,29396,28599,57995
202210,4호선,사당,29738,25404,55142
202210,4호선,삼각지,6053,6968,13021
202210,4호선,상계,21056,19693,40749
202210,4호선,서울,13969,21132,35101
202210,4호선,성신여대입구,22909,21846,44755
202210,4호선,수유,37037,37055,74092
202210,4호선,숙대입구,17249,16368,33617
202210,4호선,신용산,20129,21271,41400
202210,4호선,쌍문,31558,29435,60993
202210,4호선,이촌,8766,9302,18068
202210,4호선,창동,27605,29458,57063
202210,4호선,총신대입구,21119,22895,44014
202210,4호선,충무로,32931,33651,66582
202210,4호선,한성대입구,16414,15745,32159
202210,4호선,혜화,39283,38866,78149
202210,4호선,회현,28497,30124,58621
202210,4호선,길음,24584,24120,48704
202210,4호선,남태령,1528,1237,2765
202210,4호선,노원,21234,24974,46208
202210,4호선,당고개,10246,9071,19317
202210,4호선,동대문,22261,22042,44303
202210,4호선,동대문역사문화공원,19626,16783,36409
202210,4호선,동작,1828,1916,3744
202210,4호선,명동,29149,30809,59958
202210,4호선,미아,17233,16558,33791
202210,4호선,미아사거리,30181,29444,59625
202210,4호선,사당,30288,26521,56809
202210,4호선,삼각지,6318,7420,13738
202210,4호선,상계,21401,20029,41430
202210,4호선,서울,13639,23405,37044
202210,4호선,성신여대입구,24148,23342,47490
202210,4호선,수유,38178,38609,76787
202210,4호선,숙대입구,16061,15642,31703
202210,4호선,신용산,20817,21878,42695
202210,4호선,쌍문,32415,29896,62311
202210,4호선,이촌,8770,9770,18540
202210,4호선,창동,28591,30571,59162
202210,4호선,총신대입구,21777,23845,45622
202210,4호선,충무로,31183,32654,63837
202210,4호선,한성대입구,16562,15784,32346
202210,4호선,혜화,41981,41604,83585
202210,4호선,회현,28823,30137,58960
202210,4호선,길음,23487,24144,47631
202210,4호선,남태령,1360,1184,2544
202210,4호선,노원,19111,21535,40646
202210,4호선,당고개,9745,8538,18283
202210,4호선,동대문,21866,22151,44017
202210,4호선,동대문역사문화공원,17254,14966,32220
202210,4호선,동작,1462,1627,3089
202210,4호선,명동,27776,28254,56030
202210,4호선,미아,16656,16291,32947
202210,4호선,미아사거리,27938,26799,54737
202210,4호선,사당,26728,22829,49557
202210,4호선,삼각지,5544,6176,11720
202210,4호선,상계,20464,18967,39431
202210,4호선,서울,13366,20085,33451
202210,4호선,성신여대입구,22569,8659,31228
202210,4호선,수유,35853,36286,72139
202210,4호선,숙대입구,15929,15304,31233
202210,4호선,신용산,18657,19417,38074
202210,4호선,쌍문,30565,28557,59122
202210,4호선,이촌,7807,8845,16652
202210,4호선,창동,26455,28093,54548
202210,4호선,총신대입구,20093,22075,42168
202210,4호선,충무로,31138,32178,63316
202210,4호선,한성대입구,15357,14701,30058
202210,4호선,혜화,33532,33381,66913
202210,4호선,회현,28479,29342,57821
202210,4호선,길음,23910,24329,48239
202210,4호선,남태령,1419,1219,2638
202210,4호선,노원,19903,23034,42937
202210,4호선,당고개,9904,8900,18804
202210,4호선,동대문,21666,22175,43841
202210,4호선,동대문역사문화공원,17285,15215,32500
202210,4호선,동작,1551,1690,3241
202210,4호선,명동,27857,28759,56616
202210,4호선,미아,17019,16607,33626
202210,4호선,미아사거리,29109,28560,57669
202210,4호선,사당,28050,24154,52204
202210,4호선,삼각지,5791,6642,12433
202210,4호선,상계,20795,19311,40106
202210,4호선,서울,13523,19938,33461
202210,4호선,성신여대입구,22933,21923,44856
202210,4호선,수유,36797,36807,73604
202210,4호선,숙대입구,16399,15879,32278
202210,4호선,신용산,19443,20501,39944
202210,4호선,쌍문,31475,29427,60902
202210,4호선,이촌,8436,9366,17802
202210,4호선,창동,27178,28760,55938
202210,4호선,총신대입구,20495,22306,42801
202210,4호선,충무로,32783,33425,66208
202210,4호선,한성대입구,16081,15329,31410
202210,4호선,혜화,36788,36715,73503
202210,4호선,회현,28526,29858,58384
202210,4호선,길음,24460,24880,49340
202210,4호선,남태령,1527,1292,2819
202210,4호선,노원,20544,22966,43510
202210,4호선,당고개,9773,8739,18512
202210,4호선,동대문,21476,22040,43516
202210,4호선,동대문역사문화공원,17781,15857,33638
202210,4호선,동작,1910,2021,3931
202210,4호선,명동,27787,29387,57174
202210,4호선,미아,16944,16607,33551
202210,4호선,미아사거리,29486,28659,58145
202210,4호선,사당,28451,24497,52948
202210,4호선,삼각지,5845,6624,12469
202210,4호선,상계,21474,20061,41535
202210,4호선,서울,13702,20923,34625
202210,4호선,성신여대입구,23443,22219,45662
202210,4호선,수유,36594,37229,73823
202210,4호선,숙대입구,16640,16050,32690
202210,4호선,신용산,19509,20397,39906
202210,4호선,쌍문,31656,29659,61315
202210,4호선,이촌,9325,10237,19562
202210,4호선,창동,27712,29125,56837
202210,4호선,총신대입구,20931,22671,43602
202210,4호선,충무로,32295,33094,65389
202210,4호선,한성대입구,16259,15609,31868
202210,4호선,혜화,39097,39173,78270
202210,4호선,회현,28292,29972,58264
202210,4호선,길음,24477,24609,49086
202210,4호선,남태령,1402,1321,2723
202210,4호선,노원,20492,23468,43960
202210,4호선,당고개,10109,9019,19128
202210,4호선,동대문,21830,22622,44452
202210,4호선,동대문역사문화공원,18143,16061,34204
202210,4호선,동작,1566,1714,3280
202210,4호선,명동,28034,29481,57515
202210,4호선,미아,16857,16285,33142
202210,4호선,미아사거리,29177,28412,57589
202210,4호선,사당,29112,25047,54159
202210,4호선,삼각지,6021,6926,12947
202210,4호선,상계,20789,19412,40201
202210,4호선,서울,13767,20971,34738
202210,4호선,성신여대입구,22743,21556,44299
202210,4호선,수유,37128,37351,74479
202210,4호선,숙대입구,16309,15457,31766
202210,4호선,신용산,19372,20143,39515
202210,4호선,쌍문,31868,29648,61516
202210,4호선,이촌,8835,9856,18691
202210,4호선,창동,27470,29001,56471
202210,4호선,총신대입구,21016,23202,44218
202210,4호선,충무로,32583,33678,66261
202210,4호선,한성대입구,16089,15333,31422
202210,4호선,혜화,38834,38344,77178
202210,4호선,회현,28660,30026,58686
202210,4호선,길음,23808,23066,46874
202210,4호선,남태령,1500,1245,2745
202210,4호선,노원,21248,25004,46252
202210,4호선,당고개,10299,9105,19404
202210,4호선,동대문,22216,22306,44522
202210,4호선,동대문역사문화공원,19011,16106,35117
202210,4호선,동작,1774,2073,3847
202210,4호선,명동,29714,31857,61571
202210,4호선,미아,17258,16418,33676
202210,4호선,미아사거리,29891,29238,59129
202210,4호선,사당,30896,26776,57672
202210,4호선,삼각지,6430,7636,14066
202210,4호선,상계,21103,19749,40852
202210,4호선,서울,13766,23543,37309
202210,4호선,성신여대입구,23824,23293,47117
202210,4호선,수유,37992,38400,76392
202210,4호선,숙대입구,15905,15580,31485
202210,4호선,신용산,20380,21368,41748
202210,4호선,쌍문,31938,29288,61226
202210,4호선,이촌,9392,10381,19773
202210,4호선,창동,28608,30330,58938
202210,4호선,총신대입구,22064,24251,46315
202210,4호선,충무로,31452,32652,64104
202210,4호선,한성대입구,16599,15571,32170
202210,4호선,혜화,44095,43416,87511
202210,4호선,회현,28519,30286,58805
202210,4호선,길음,23668,24213,47881
202210,4호선,남태령,1339,1150,2489
202210,4호선,노원,19320,21732,41052
202210,4호선,당고개,9575,8459,18034
202210,4호선,동대문,21347,21918,43265
202210,4호선,동대문역사문화공원,17278,15060,32338
202210,4호선,동작,1496,1688,3184
202210,4호선,명동,27639,28022,55661
202210,4호선,미아,16387,16037,32424
202210,4호선,미아사거리,28360,27850,56210
202210,4호선,사당,26674,22605,49279
202210,4호선,삼각지,5401,6020,11421
202210,4호선,상계,20148,18827,38975
202210,4호선,서울,13232,20028,33260
202210,4호선,성신여대입구,21858,20986,42844
202210,4호선,수유,35722,35788,71510
202210,4호선,숙대입구,15604,14985,30589
202210,4호선,신용산,18179,18893,37072
202210,4호선,쌍문,30289,28467,58756
202210,4호선,이촌,7821,8624,16445
202210,4호선,창동,26294,27941,54235
202210,4호선,총신대입구,19930,21787,41717
202210,4호선,충무로,30855,32020,62875
202210,4호선,한성대입구,15327,14984,30311
202210,4호선,혜화,33385,33462,66847
202210,4호선,회현,25579,26883,52462
202210,4호선,길음,24108,24624,48732
202210,4호선,남태령,1550,1835,3385
202210,4호선,노원,19894,22422,42316
202210,4호선,당고개,10085,9335,19420
202210,4호선,동대문,21441,21770,43211
202210,4호선,동대문역사문화공원,17529,16178,33707
202210,4호선,동작,1659,1832,3491
202210,4호선,명동,27826,27341,55167
202210,4호선,미아,16550,16593,33143
202210,4호선,미아사거리,28885,29204,58089
202210,4호선,사당,30212,24848,55060
202210,4호선,삼각지,5993,7017,13010
202210,4호선,상계,20814,19532,40346
202210,4호선,서울,13415,19510,32925
202210,4호선,성신여대입구,23050,22648,45698
202210,4호선,수유,36750,37510,74260
202210,4호선,숙대입구,16342,15278,31620
202210,4호선,신용산,19018,19609,38627
202210,4호선,쌍문,30973,29648,60621
202210,4호선,이촌,9495,10658,20153
202210,4호선,창동,27160,29073,56233
202210,4호선,총신대입구,20513,22710,43223
202210,4호선,충무로,32262,32650,64912
202210,4호선,한성대입구,16587,16502,33089
202210,4호선,혜화,37525,35178,72703
202210,4호선,회현,28964,28968,57932
202210,4호선,길음,24823,24982,49805
202210,4호선,남태령,1429,1249,2678
202210,4호선,노원,20203,23133,43336
202210,4호선,당고개,10037,8975,19012
202210,4호선,동대문,21666,22332,43998
202210,4호선,동대문역사문화공원,18280,16106,34386
202210,4호선,동작,1812,1996,3808
202210,4호선,명동,28685,29795,58480
202210,4호선,미아,17101,16679,33780
202210,4호선,미아사거리,29105,28606,57711
202210,4호선,사당,29150,24524,53674
202210,4호선,삼각지,6142,7091,13233
202210,4호선,상계,21129,19790,40919
202210,4호선,서울,13818,20759,34577
202210,4호선,성신여대입구,23766,22638,46404
202210,4호선,수유,36935,37283,74218
202210,4호선,숙대입구,16842,15950,32792
202210,4호선,신용산,19440,20062,39502
202210,4호선,쌍문,31487,29586,61073
202210,4호선,이촌,11145,12036,23181
202210,4호선,창동,27749,29288,57037
202210,4호선,총신대입구,20973,23003,43976
202210,4호선,충무로,32758,33390,66148
202210,4호선,한성대입구,16547,15926,32473
202210,4호선,혜화,42323,41175,83498
202210,4호선,회현,28952,30335,59287
202210,4호선,길음,24660,25287,49947
202210,4호선,남태령,1277,1115,2392
202210,4호선,노원,19956,22932,42888
202210,4호선,당고개,10024,8998,19022
202210,4호선,동대문,21883,22513,44396
202210,4호선,동대문역사문화공원,18334,16152,34486
202210,4호선,동작,1757,2018,3775
202210,4호선,명동,29046,30329,59375
202210,4호선,미아,16850,16406,33256
202210,4호선,미아사거리,29732,29229,58961
202210,4호선,사당,29716,24807,54523
202210,4호선,삼각지,6318,7404,13722
202210,4호선,상계,20936,19597,40533
202210,4호선,서울,13936,21583,35519
202210,4호선,성신여대입구,23319,22234,45553
202210,4호선,수유,37036,36924,73960
202210,4호선,숙대입구,16884,15990,32874
202210,4호선,신용산,19148,20025,39173
202210,4호선,쌍문,31632,29554,61186
202210,4호선,이촌,9773,10850,20623
202210,4호선,창동,27718,29323,57041
202210,4호선,총신대입구,20939,22929,43868
202210,4호선,충무로,33050,33765,66815
202210,4호선,한성대입구,16314,15797,32111
202210,4호선,혜화,40021,40443,80464
202210,4호선,회현,28875,30076,58951
202210,4호선,길음,24501,23834,48335
202210,4호선,남태령,1528,1278,2806
202210,4호선,노원,21267,25113,46380
202210,4호선,당고개,10075,9016,19091
202210,4호선,동대문,22434,22226,44660
202210,4호선,동대문역사문화공원,19176,16267,35443
202210,4호선,동작,1768,1918,3686
202210,4호선,명동,30098,31997,62095
202210,4호선,미아,17122,16550,33672
202210,4호선,미아사거리,30187,29611,59798
202210,4호선,사당,31632,26912,58544
202210,4호선,삼각지,6886,8203,15089
202210,4호선,상계,21179,19770,40949
202210,4호선,서울,14092,24588,38680
202210,4호선,성신여대입구,24673,23582,48255
202210,4호선,수유,38499,39153,77652
202210,4호선,숙대입구,16289,15749,32038
202210,4호선,신용산,20378,21348,41726
202210,4호선,쌍문,32489,29638,62127
202210,4호선,이촌,10600,11494,22094
202210,4호선,창동,28938,30948,59886
202210,4호선,총신대입구,21927,24237,46164
202210,4호선,충무로,32293,34069,66362
202210,4호선,한성대입구,16603,15680,32283
202210,4호선,혜화,43563,42587,86150
202210,4호선,회현,28820,30142,58962
202210,4호선,길음,23385,24114,47499
202210,4호선,남태령,1308,1228,2536
202210,4호선,노원,19511,21955,41466
202210,4호선,당고개,9850,8641,18491
202210,4호선,동대문,21087,21572,42659
202210,4호선,동대문역사문화공원,16915,14930,31845
202210,4호선,동작,1506,1672,3178
202210,4호선,명동,25555,26499,52054
202210,4호선,미아,16399,16012,32411
202210,4호선,미아사거리,28013,27366,55379
202210,4호선,사당,26783,22649,49432
202210,4호선,삼각지,5673,6303,11976
202210,4호선,상계,20408,18921,39329
202210,4호선,서울,13221,19920,33141
202210,4호선,성신여대입구,22260,21388,43648
202210,4호선,수유,35648,35912,71560
202210,4호선,숙대입구,15975,15279,31254
202210,4호선,신용산,18217,19255,37472
202210,4호선,쌍문,30579,28595,59174
202210,4호선,이촌,8545,9398,17943
202210,4호선,창동,26403,27889,54292
202210,4호선,총신대입구,20141,22133,42274
202210,4호선,충무로,31298,32840,64138
202210,4호선,한성대입구,15582,14955,30537
202210,4호선,혜화,34457,34893,69350
202210,4호선,회현,27682,28841,56523
202211,4호선,길음,24516,24855,49371
202211,4호선,남태령,1410,1236,2646
202211,4호선,노원,19710,22540,42250
202211,4호선,당고개,9844,8821,18665
202211,4호선,동대문,20924,21502,42426
202211,4호선,동대문역사문화공원,17106,15189,32295
202211,4호선,동작,1598,1718,3316
202211,4호선,명동,27880,28963,56843
202211,4호선,미아,16555,16175,32730
202211,4호선,미아사거리,28713,27875,56588
202211,4호선,사당,27619,23385,51004
202211,4호선,삼각지,6062,6690,12752
202211,4호선,상계,20783,19425,40208
202211,4호선,서울,13298,19385,32683
202211,4호선,성신여대입구,23093,21661,44754
202211,4호선,수유,36336,36727,73063
202211,4호선,숙대입구,16323,15616,31939
202211,4호선,신용산,18784,19556,38340
202211,4호선,쌍문,31292,29106,60398
202211,4호선,이촌,9035,9950,18985
202211,4호선,창동,26786,28507,55293
202211,4호선,총신대입구,20823,22845,43668
202211,4호선,충무로,32446,33470,65916
202211,4호선,한성대입구,16180,15656,31836
202211,4호선,혜화,36908,36719,73627
202211,4호선,회현,28186,29363,57549
202211,4호선,길음,24518,24926,49444
202211,4호선,남태령,1324,1208,2532
202211,4호선,노원,19871,22608,42479
202211,4호선,당고개,9757,8598,18355
202211,4호선,동대문,20971,21504,42475
202211,4호선,동대문역사문화공원,17679,15569,33248
202211,4호선,동작,1771,1809,3580
202211,4호선,명동,28004,28931,56935
202211,4호선,미아,16859,16477,33336
202211,4호선,미아사거리,28759,28250,57009
202211,4호선,사당,28232,23795,52027
202211,4호선,삼각지,5925,6691,12616
202211,4호선,상계,21046,19730,40776
202211,4호선,서울,13582,20190,33772
202211,4호선,성신여대입구,23825,22445,46270
202211,4호선,수유,36936,37067,74003
202211,4호선,숙대입구,16797,16093,32890
202211,4호선,신용산,19284,20087,39371
202211,4호선,쌍문,31554,29478,61032
202211,4호선,이촌,10062,10903,20965
202211,4호선,창동,27454,29007,56461
202211,4호선,총신대입구,21143,23057,44200
202211,4호선,충무로,32371,33348,65719
202211,4호선,한성대입구,16461,15904,32365
202211,4호선,혜화,40555,40442,80997
202211,4호선,회현,27865,29219,57084
202211,4호선,길음,24330,24813,49143
202211,4호선,남태령,1356,1201,2557
202211,4호선,노원,20131,22817,42948
202211,4호선,당고개,9647,8567,18214
202211,4호선,동대문,20861,21607,42468
202211,4호선,동대문역사문화공원,17786,15756,33542
202211,4호선,동작,1607,1622,3229
202211,4호선,명동,27387,29043,56430
202211,4호선,미아,16622,16350,32972
202211,4호선,미아사거리,28682,28280,56962
202211,4호선,사당,28618,24325,52943
202211,4호선,삼각지,6114,6881,12995
202211,4호선,상계,20748,19412,40160
202211,4호선,서울,13567,20491,34058
202211,4호선,성신여대입구,23422,22121,45543
202211,4호선,수유,37261,37125,74386
202211,4호선,숙대입구,16513,15734,32247
202211,4호선,신용산,18993,19920,38913
202211,4호선,쌍문,31147,29117,60264
202211,4호선,이촌,9298,10219,19517
202211,4호선,창동,26818,28542,55360
202211,4호선,총신대입구,20533,22380,42913
202211,4호선,충무로,33074,33494,66568
202211,4호선,한성대입구,16284,15569,31853
202211,4호선,혜화,38952,38686,77638
202211,4호선,회현,28035,29147,57182
202211,4호선,길음,24075,23706,47781
202211,4호선,남태령,1454,1188,2642
202211,4호선,노원,20937,24458,45395
202211,4호선,당고개,9969,8810,18779
202211,4호선,동대문,21766,21251,43017
202211,4호선,동대문역사문화공원,17898,15346,33244
202211,4호선,동작,1570,1664,3234
202211,4호선,명동,28839,30523,59362
202211,4호선,미아,17156,16476,33632
202211,4호선,미아사거리,29404,28998,58402
202211,4호선,사당,30371,26145,56516
202211,4호선,삼각지,6458,7452,13910
202211,4호선,상계,20562,19327,39889
202211,4호선,서울,13176,23395,36571
202211,4호선,성신여대입구,24471,23627,48098
202211,4호선,수유,37781,38256,76037
202211,4호선,숙대입구,16193,15748,31941
202211,4호선,신용산,20008,21078,41086
202211,4호선,쌍문,31790,29401,61191
202211,4호선,이촌,9990,10843,20833
202211,4호선,창동,28004,29922,57926
202211,4호선,총신대입구,21167,23442,44609
202211,4호선,충무로,31872,33019,64891
202211,4호선,한성대입구,16287,15538,31825
202211,4호선,혜화,41140,40457,81597
202211,4호선,회현,28043,29066,57109
202211,4호선,길음,22653,23418,46071
202211,4호선,남태령,1354,1345,2699
202211,4호선,노원,19090,21330,40420
202211,4호선,당고개,9547,8443,17990
202211,4호선,동대문,20450,20969,41419
202211,4호선,동대문역사문화공원,16426,14591,31017
202211,4호선,동작,1470,1625,3095
202211,4호선,명동,25694,25526,51220
202211,4호선,미아,15951,15647,31598
202211,4호선,미아사거리,27053,26506,53559
202211,4호선,사당,28055,23583,51638
202211,4호선,삼각지,5603,6436,12039
202211,4호선,상계,19841,18477,38318
202211,4호선,서울,13586,19948,33534
202211,4호선,성신여대입구,21742,20764,42506
202211,4호선,수유,35295,35940,71235
202211,4호선,숙대입구,16075,15561,31636
202211,4호선,신용산,18517,19377,37894
202211,4호선,쌍문,30740,28886,59626
202211,4호선,이촌,7876,9135,17011
202211,4호선,창동,26366,28442,54808
202211,4호선,총신대입구,19904,21573,41477
202211,4호선,충무로,31269,31828,63097
202211,4호선,한성대입구,15110,14730,29840
202211,4호선,혜화,33386,32551,65937
202211,4호선,회현,27460,27606,55066
202211,4호선,길음,24057,24432,48489
202211,4호선,남태령,1344,1242,2586
202211,4호선,노원,19810,22522,42332
202211,4호선,당고개,9999,8765,18764
202211,4호선,동대문,21137,21369,42506
202211,4호선,동대문역사문화공원,16954,14668,31622
202211,4호선,동작,1577,1777,3354
202211,4호선,명동,26644,26971,53615
202211,4호선,미아,16181,16100,32281
202211,4호선,미아사거리,28788,28344,57132
202211,4호선,사당,28549,23796,52345
202211,4호선,삼각지,5934,6718,12652
202211,4호선,상계,20792,19439,40231
202211,4호선,서울,13315,19161,32476
202211,4호선,성신여대입구,22856,21759,44615
202211,4호선,수유,36654,37098,73752
202211,4호선,숙대입구,16333,15827,32160
202211,4호선,신용산,19174,19913,39087
202211,4호선,쌍문,31073,29229,60302
202211,4호선,이촌,9081,10190,19271
202211,4호선,창동,27029,28542,55571
202211,4호선,총신대입구,20815,22451,43266
202211,4호선,충무로,32999,33376,66375
202211,4호선,한성대입구,16286,15514,31800
202211,4호선,혜화,37601,37402,75003
202211,4호선,회현,27999,29206,57205
202211,4호선,길음,24188,24694,48882
202211,4호선,남태령,1438,1239,2677
202211,4호선,노원,19943,22957,42900
202211,4호선,당고개,9857,8815,18672
202211,4호선,동대문,20789,21260,42049
202211,4호선,동대문역사문화공원,17466,15299,32765
202211,4호선,동작,1621,1779,3400
202211,4호선,명동,27133,27571,54704
202211,4호선,미아,16491,16283,32774
202211,4호선,미아사거리,28897,28485,57382
202211,4호선,사당,28688,24082,52770
202211,4호선,삼각지,6119,6753,12872
202211,4호선,상계,20879,19640,40519
202211,4호선,서울,13283,19575,32858
202211,4호선,성신여대입구,23340,22244,45584
202211,4호선,수유,36506,36634,73140
202211,4호선,숙대입구,16682,15970,32652
202211,4호선,신용산,19381,19900,39281
202211,4호선,쌍문,31359,29486,60845
202211,4호선,이촌,10209,11282,21491
202211,4호선,창동,27440,29075,56515
202211,4호선,총신대입구,20758,22631,43389
202211,4호선,충무로,32532,32940,65472
202211,4호선,한성대입구,16402,15634,32036
202211,4호선,혜화,40029,39656,79685
202211,4호선,회현,27819,28739,56558
202211,4호선,길음,24321,24795,49116
202211,4호선,남태령,1567,1417,2984
202211,4호선,노원,20100,23295,43395
202211,4호선,당고개,10039,8856,18895
202211,4호선,동대문,20902,21448,42350
202211,4호선,동대문역사문화공원,17675,15136,32811
202211,4호선,동작,1556,1739,3295
202211,4호선,명동,26514,27665,54179
202211,4호선,미아,16329,16049,32378
202211,4호선,미아사거리,28646,28229,56875
202211,4호선,사당,28889,24603,53492
202211,4호선,삼각지,6220,7114,13334
202211,4호선,상계,20950,19653,40603
202211,4호선,서울,13428,20469,33897
202211,4호선,성신여대입구,22916,22045,44961
202211,4호선,수유,36934,37146,74080
202211,4호선,숙대입구,16679,15867,32546
202211,4호선,신용산,19422,20436,39858
202211,4호선,쌍문,31379,29342,60721
202211,4호선,이촌,9312,10097,19409
202211,4호선,창동,27502,28907,56409
202211,4호선,총신대입구,20790,22568,43358
202211,4호선,충무로,33396,33575,66971
202211,4호선,한성대입구,16181,15488,31669
202211,4호선,혜화,38232,38336,76568
202211,4호선,회현,27866,29368,57234
202211,4호선,길음,24333,24535,48868
202211,4호선,남태령,1559,1263,2822
202211,4호선,노원,21129,25047,46176
202211,4호선,당고개,10111,8926,19037
202211,4호선,동대문,21775,21244,43019
202211,4호선,동대문역사문화공원,17952,15023,32975
202211,4호선,동작,1722,1812,3534
202211,4호선,명동,28474,29896,58370
202211,4호선,미아,16428,15875,32303
202211,4호선,미아사거리,29124,28742,57866
202211,4호선,사당,31103,26834,57937
202211,4호선,삼각지,6489,7671,14160
202211,4호선,상계,20710,19286,39996
202211,4호선,서울,13450,23267,36717
202211,4호선,성신여대입구,24317,23274,47591
202211,4호선,수유,37680,38466,76146
202211,4호선,숙대입구,16104,15510,31614
202211,4호선,신용산,20008,20767,40775
202211,4호선,쌍문,31662,29137,60799
202211,4호선,이촌,9991,11071,21062
202211,4호선,창동,28310,30136,58446
202211,4호선,총신대입구,21445,23914,45359
202211,4호선,충무로,31529,33080,64609
202211,4호선,한성대입구,16272,15489,31761
202211,4호선,혜화,41115,40350,81465
202211,4호선,회현,28285,29032,57317
202211,4호선,길음,22498,23189,45687
202211,4호선,남태령,1306,1142,2448
202211,4호선,노원,18966,21578,40544
202211,4호선,당고개,9608,8410,18018
202211,4호선,동대문,20801,21175,41976
202211,4호선,동대문역사문화공원,16687,14457,31144
202211,4호선,동작,1477,1652,3129
202211,4호선,명동,26559,26761,53320
202211,4호선,미아,15727,15556,31283
202211,4호선,미아사거리,27304,26859,54163
202211,4호선,사당,27246,22517,49763
202211,4호선,삼각지,5627,6227,11854
202211,4호선,상계,19827,18504,38331
202211,4호선,서울,12902,19154,32056
202211,4호선,성신여대입구,22061,21380,43441
202211,4호선,수유,35006,35407,70413
202211,4호선,숙대입구,15233,14719,29952
202211,4호선,신용산,18033,18464,36497
202211,4호선,쌍문,30025,28354,58379
202211,4호선,이촌,8806,9763,18569
202211,4호선,창동,26152,27504,53656
202211,4호선,총신대입구,19591,21599,41190
202211,4호선,충무로,31143,31820,62963
202211,4호선,한성대입구,14929,14350,29279
202211,4호선,혜화,33346,33102,66448
202211,4호선,회현,26924,27393,54317
202211,4호선,길음,23830,24494,48324
202211,4호선,남태령,1421,1216,2637
202211,4호선,노원,19599,22265,41864
202211,4호선,당고개,9813,8752,18565
202211,4호선,동대문,20847,21274,42121
202211,4호선,동대문역사문화공원,16763,14795,31558
202211,4호선,동작,1500,1613,3113
202211,4호선,명동,26754,27303,54057
202211,4호선,미아,16326,16014,32340
202211,4호선,미아사거리,28135,27916,56051
202211,4호선,사당,28112,24540,52652
202211,4호선,삼각지,6077,6832,12909
202211,4호선,상계,20368,19121,39489
202211,4호선,서울,13001,19087,32088
202211,4호선,성신여대입구,22760,21753,44513
202211,4호선,수유,35713,36209,71922
202211,4호선,숙대입구,15926,15405,31331
202211,4호선,신용산,19024,19717,38741
202211,4호선,쌍문,30706,29000,59706
202211,4호선,이촌,9012,9981,18993
202211,4호선,창동,26536,28311,54847
202211,4호선,총신대입구,20578,21987,42565
202211,4호선,충무로,32422,32692,65114
202211,4호선,한성대입구,15602,15223,30825
202211,4호선,혜화,36068,35650,71718
202211,4호선,회현,27802,28688,56490
202211,4호선,길음,24288,24248,48536
202211,4호선,남태령,1326,1387,2713
202211,4호선,노원,20098,22941,43039
202211,4호선,당고개,9745,8734,18479
202211,4호선,동대문,20570,21750,42320
202211,4호선,동대문역사문화공원,17401,15892,33293
202211,4호선,동작,1585,1838,3423
202211,4호선,명동,26782,27657,54439
202211,4호선,미아,16916,16599,33515
202211,4호선,미아사거리,28965,28425,57390
202211,4호선,사당,28955,24952,53907
202211,4호선,삼각지,6206,7161,13367
202211,4호선,상계,20678,19327,40005
202211,4호선,서울,13150,20357,33507
202211,4호선,성신여대입구,24016,22368,46384
202211,4호선,수유,36636,36617,73253
202211,4호선,숙대입구,16683,16028,32711
202211,4호선,신용산,19142,19642,38784
202211,4호선,쌍문,31447,29283,60730
202211,4호선,이촌,9465,10397,19862
202211,4호선,창동,27527,29345,56872
202211,4호선,총신대입구,21084,23787,44871
202211,4호선,충무로,32398,33255,65653
202211,4호선,한성대입구,16207,15451,31658
202211,4호선,혜화,38441,37339,75780
202211,4호선,회현,27420,28475,55895
202211,4호선,길음,24094,24262,48356
202211,4호선,남태령,1452,1242,2694
202211,4호선,노원,20409,23475,43884
202211,4호선,당고개,9684,8527,18211
202211,4호선,동대문,21235,21952,43187
202211,4호선,동대문역사문화공원,17326,15306,32632
202211,4호선,동작,1563,1670,3233
202211,4호선,명동,26631,28280,54911
202211,4호선,미아,16088,15805,31893
202211,4호선,미아사거리,28413,27918,56331
202211,4호선,사당,28750,24435,53185
202211,4호선,삼각지,6205,7145,13350
202211,4호선,상계,20124,18879,39003
202211,4호선,서울,13140,21472,34612
202211,4호선,성신여대입구,23208,22152,45360
202211,4호선,수유,36576,36582,73158
202211,4호선,숙대입구,16374,15784,32158
202211,4호선,신용산,19283,20236,39519
202211,4호선,쌍문,31185,28855,60040
202211,4호선,이촌,9547,10496,20043
202211,4호선,창동,26921,28535,55456
202211,4호선,총신대입구,20360,22186,42546
202211,4호선,충무로,32528,33224,65752
202211,4호선,한성대입구,15833,15033,30866
202211,4호선,혜화,38324,38279,76603
202211,4호선,회현,27543,28744,56287
202211,4호선,길음,23554,22839,46393
202211,4호선,남태령,1616,1277,2893
202211,4호선,노원,21244,24912,46156
202211,4호선,당고개,9689,8627,18316
202211,4호선,동대문,21443,21235,42678
202211,4호선,동대문역사문화공원,18431,15973,34404
202211,4호선,동작,1649,1886,3535
202211,4호선,명동,28439,30169,58608
202211,4호선,미아,16319,15730,32049
202211,4호선,미아사거리,29122,28944,58066
202211,4호선,사당,30936,26932,57868
202211,4호선,삼각지,6682,7837,14519
202211,4호선,상계,20431,19106,39537
202211,4호선,서울,13749,24601,38350
202211,4호선,성신여대입구,24153,23401,47554
202211,4호선,수유,37688,37957,75645
202211,4호선,숙대입구,15097,14807,29904
202211,4호선,신용산,20709,21922,42631
202211,4호선,쌍문,31579,28842,60421
202211,4호선,이촌,9982,10834,20816
202211,4호선,창동,28165,30041,58206
202211,4호선,총신대입구,21289,23416,44705
202211,4호선,충무로,31343,32745,64088
202211,4호선,한성대입구,15884,14918,30802
202211,4호선,혜화,40625,40655,81280
202211,4호선,회현,27691,28715,56406
202211,4호선,길음,22909,23372,46281
202211,4호선,남태령,1341,1172,2513
202211,4호선,노원,19494,22348,41842
202211,4호선,당고개,9462,8321,17783
202211,4호선,동대문,20557,21059,41616
202211,4호선,동대문역사문화공원,16886,14866,31752
202211,4호선,동작,1507,1683,3190
202211,4호선,명동,26777,27044,53821
202211,4호선,미아,16046,15828,31874
202211,4호선,미아사거리,27691,27208,54899
202211,4호선,사당,27046,22823,49869
202211,4호선,삼각지,5924,6634,12558
202211,4호선,상계,20367,18964,39331
202211,4호선,서울,12715,19564,32279
202211,4호선,성신여대입구,22138,21302,43440
202211,4호선,수유,35455,35703,71158
202211,4호선,숙대입구,15479,14909,30388
202211,4호선,신용산,18310,18784,37094
202211,4호선,쌍문,30414,28324,58738
202211,4호선,이촌,9032,9832,18864
202211,4호선,창동,26144,27447,53591
202211,4호선,총신대입구,19574,21601,41175
202211,4호선,충무로,30939,32164,63103
202211,4호선,한성대입구,15176,14522,29698
202211,4호선,혜화,33762,33489,67251
202211,4호선,회현,26628,27828,54456
202211,4호선,길음,24214,24676,48890
202211,4호선,남태령,1440,1340,2780
202211,4호선,노원,19661,22583,42244
202211,4호선,당고개,9722,8488,18210
202211,4호선,동대문,20351,21112,41463
202211,4호선,동대문역사문화공원,16848,14817,31665
202211,4호선,동작,1515,1621,3136
202211,4호선,명동,27211,28020,55231
202211,4호선,미아,16521,16475,32996
202211,4호선,미아사거리,28395,28080,56475
202211,4호선,사당,28198,23817,52015
202211,4호선,삼각지,6124,6915,13039
202211,4호선,상계,20470,19445,39915
202211,4호선,서울,13276,19128,32404
202211,4호선,성신여대입구,22821,21843,44664
202211,4호선,수유,36197,36255,72452
202211,4호선,숙대입구,16390,15654,32044
202211,4호선,신용산,18997,19806,38803
202211,4호선,쌍문,30936,29114,60050
202211,4호선,이촌,9896,10793,20689
202211,4호선,창동,26789,28506,55295
202211,4호선,총신대입구,20197,22128,42325
202211,4호선,충무로,32101,32599,64700
202211,4호선,한성대입구,15802,15050,30852
202211,4호선,혜화,37098,37139,74237
202211,4호선,회현,27630,28738,56368
202211,4호선,길음,24337,24633,48970
202211,4호선,남태령,1393,1234,2627
202211,4호선,노원,19991,23054,43045
202211,4호선,당고개,9572,8554,18126
202211,4호선,동대문,21025,21608,42633
202211,4호선,동대문역사문화공원,17245,15339,32584
202211,4호선,동작,1527,1754,3281
202211,4호선,명동,27888,29068,56956
202211,4호선,미아,16786,16341,33127
202211,4호선,미아사거리,28205,27894,56099
202211,4호선,사당,28920,24453,53373
202211,4호선,삼각지,5988,7081,13069
202211,4호선,상계,20634,19256,39890
202211,4호선,서울,13443,20205,33648
202211,4호선,성신여대입구,23364,22442,45806
202211,4호선,수유,36420,36593,73013
202211,4호선,숙대입구,16456,15684,32140
202211,4호선,신용산,19170,19691,38861
202211,4호선,쌍문,31437,29385,60822
202211,4호선,이촌,10413,11305,21718
202211,4호선,창동,27478,29086,56564
202211,4호선,총신대입구,20597,22290,42887
202211,4호선,충무로,32409,33008,65417
202211,4호선,한성대입구,16130,15345,31475
202211,4호선,혜화,39052,38932,77984
202211,4호선,회현,27738,28937,56675
202211,4호선,길음,24519,25052,49571
202211,4호선,남태령,1439,1227,2666
202211,4호선,노원,19956,23032,42988
202211,4호선,당고개,10030,8917,18947
202211,4호선,동대문,20938,21565,42503
202211,4호선,동대문역사문화공원,17911,15826,33737
202211,4호선,동작,1525,1705,3230
202211,4호선,명동,28712,29763,58475
202211,4호선,미아,16563,16051,32614
202211,4호선,미아사거리,28755,28667,57422
202211,4호선,사당,29032,24604,53636
202211,4호선,삼각지,6383,7298,13681
202211,4호선,상계,20672,19552,40224
202211,4호선,서울,13584,21423,35007
202211,4호선,성신여대입구,23118,21927,45045
202211,4호선,수유,36781,36762,73543
202211,4호선,숙대입구,16492,15906,32398
202211,4호선,신용산,19909,20276,40185
202211,4호선,쌍문,31410,29184,60594
202211,4호선,이촌,10259,11355,21614
202211,4호선,창동,27206,28642,55848
202211,4호선,총신대입구,20407,22346,42753
202211,4호선,충무로,33179,33509,66688
202211,4호선,한성대입구,16148,15508,31656
202211,4호선,혜화,38255,37767,76022
202211,4호선,회현,28163,29075,57238
202211,4호선,길음,23993,23414,47407
202211,4호선,남태령,1576,1271,2847
202211,4호선,노원,21233,24703,45936
202211,4호선,당고개,9837,8948,18785
202211,4호선,동대문,21031,20892,41923
202211,4호선,동대문역사문화공원,17949,15180,33129
202211,4호선,동작,1605,1713,3318
202211,4호선,명동,30114,31881,61995
202211,4호선,미아,16947,16474,33421
202211,4호선,미아사거리,29579,29201,58780
202211,4호선,사당,31891,28052,59943
202211,4호선,삼각지,6758,7833,14591
202211,4호선,상계,21157,19840,40997
202211,4호선,서울,14021,24730,38751
202211,4호선,성신여대입구,24043,22982,47025
202211,4호선,수유,37418,38028,75446
202211,4호선,숙대입구,15748,15185,30933
202211,4호선,신용산,19880,20330,40210
202211,4호선,쌍문,31898,29398,61296
202211,4호선,이촌,10076,11070,21146
202211,4호선,창동,28057,30069,58126
202211,4호선,총신대입구,21458,23504,44962
202211,4호선,충무로,31898,33178,65076
202211,4호선,한성대입구,16342,15467,31809
202211,4호선,혜화,41441,40919,82360
202211,4호선,회현,28241,29542,57783
202211,4호선,길음,22426,23328,45754
202211,4호선,남태령,1357,1164,2521
202211,4호선,노원,18746,21219,39965
202211,4호선,당고개,9254,8232,17486
202211,4호선,동대문,19878,20175,40053
202211,4호선,동대문역사문화공원,15587,13602,29189
202211,4호선,동작,1257,1386,2643
202211,4호선,명동,25748,26222,51970
202211,4호선,미아,15828,15445,31273
202211,4호선,미아사거리,26955,26643,53598
202211,4호선,사당,26433,22425,48858
202211,4호선,삼각지,5499,6117,11616
202211,4호선,상계,19812,18591,38403
202211,4호선,서울,12698,19415,32113
202211,4호선,성신여대입구,21561,21017,42578
202211,4호선,수유,34403,34995,69398
202211,4호선,숙대입구,15340,14539,29879
202211,4호선,신용산,18038,18437,36475
202211,4호선,쌍문,30082,28265,58347
202211,4호선,이촌,9184,10209,19393
202211,4호선,창동,25561,26914,52475
202211,4호선,총신대입구,19212,21169,40381
202211,4호선,충무로,30465,31048,61513
202211,4호선,한성대입구,14731,14422,29153
202211,4호선,혜화,31883,31331,63214
202211,4호선,회현,24425,24841,49266
202211,4호선,길음,23725,24259,47984
202211,4호선,남태령,1396,1257,2653
202211,4호선,노원,19591,22185,41776
202211,4호선,당고개,9645,8775,18420
202211,4호선,동대문,20561,21054,41615
202211,4호선,동대문역사문화공원,16823,14585,31408
202211,4호선,동작,1250,1433,2683
202211,4호선,명동,26987,27797,54784
202211,4호선,미아,16113,16020,32133
202211,4호선,미아사거리,28227,28017,56244
202211,4호선,사당,28353,24198,52551
202211,4호선,삼각지,6180,7097,13277
202211,4호선,상계,20497,19216,39713
202211,4호선,서울,13207,19468,32675
202211,4호선,성신여대입구,22680,21717,44397
202211,4호선,수유,35561,35962,71523
202211,4호선,숙대입구,16173,15467,31640
202211,4호선,신용산,19006,19216,38222
202211,4호선,쌍문,30813,29209,60022
202211,4호선,이촌,9198,10195,19393
202211,4호선,창동,26287,27996,54283
202211,4호선,총신대입구,19964,21905,41869
202211,4호선,충무로,32234,32415,64649
202211,4호선,한성대입구,15495,14868,30363
202211,4호선,혜화,37607,37026,74633
202211,4호선,회현,28079,29182,57261
202211,4호선,길음,22470,22304,44774
202211,4호선,남태령,1388,1203,2591
202211,4호선,노원,18674,21027,39701
202211,4호선,당고개,9357,9130,18487
202211,4호선,동대문,19337,19949,39286
202211,4호선,동대문역사문화공원,16533,15922,32455
202211,4호선,동작,1170,1317,2487
202211,4호선,명동,26213,27119,53332
202211,4호선,미아,15695,14809,30504
202211,4호선,미아사거리,26928,25917,52845
202211,4호선,사당,27977,23698,51675
202211,4호선,삼각지,5760,6678,12438
202211,4호선,상계,19672,18257,37929
202211,4호선,서울,13158,19023,32181
202211,4호선,성신여대입구,21805,20469,42274
202211,4호선,수유,34136,33782,67918
202211,4호선,숙대입구,15530,14762,30292
202211,4호선,신용산,18289,18584,36873
202211,4호선,쌍문,29969,27041,57010
202211,4호선,이촌,9727,10548,20275
202211,4호선,창동,25210,26496,51706
202211,4호선,총신대입구,18743,20792,39535
202211,4호선,충무로,31034,32731,63765
202211,4호선,한성대입구,14770,13840,28610
202211,4호선,혜화,36388,35253,71641
202211,4호선,회현,25868,27099,52967
202212,4호선,길음,22643,22571,45214
202212,4호선,남태령,1305,1145,2450
202212,4호선,노원,18683,21277,39960
202212,4호선,당고개,9385,8430,17815
202212,4호선,동대문,19396,20175,39571
202212,4호선,동대문역사문화공원,16399,15341,31740
202212,4호선,동작,1110,1226,2336
202212,4호선,명동,26069,27843,53912
202212,4호선,미아,15408,14769,30177
202212,4호선,미아사거리,27010,26272,53282
202212,4호선,사당,28276,23770,52046
202212,4호선,삼각지,7252,7607,14859
202212,4호선,상계,19512,18110,37622
202212,4호선,서울,12983,19630,32613
202212,4호선,성신여대입구,21118,19908,41026
202212,4호선,수유,34491,34359,68850
202212,4호선,숙대입구,15602,15166,30768
202212,4호선,신용산,18563,19296,37859
202212,4호선,쌍문,29547,27297,56844
202212,4호선,이촌,8986,9859,18845
202212,4호선,창동,25460,27386,52846
202212,4호선,총신대입구,19106,20907,40013
202212,4호선,충무로,31541,32234,63775
202212,4호선,한성대입구,14702,13895,28597
202212,4호선,혜화,34876,33825,68701
202212,4호선,회현,25753,26864,52617
202212,4호선,길음,23016,24313,47329
202212,4호선,남태령,1516,1854,3370
202212,4호선,노원,19925,23947,43872
202212,4호선,당고개,9529,9088,18617
202212,4호선,동대문,20789,21275,42064
202212,4호선,동대문역사문화공원,18076,15767,33843
202212,4호선,동작,1457,1686,3143
202212,4호선,명동,28668,29315,57983
202212,4호선,미아,16184,17005,33189
202212,4호선,미아사거리,28303,29889,58192
202212,4호선,사당,32676,27810,60486
202212,4호선,삼각지,6643,8690,15333
202212,4호선,상계,19895,19116,39011
202212,4호선,서울,13479,20935,34414
202212,4호선,성신여대입구,23204,23203,46407
202212,4호선,수유,36213,38423,74636
202212,4호선,숙대입구,14901,13907,28808
202212,4호선,신용산,19500,18422,37922
202212,4호선,쌍문,30949,31441,62390
202212,4호선,이촌,9415,10528,19943
202212,4호선,창동,27793,29990,57783
202212,4호선,총신대입구,20635,23419,44054
202212,4호선,충무로,30926,32187,63113
202212,4호선,한성대입구,15711,16106,31817
202212,4호선,혜화,37313,34757,72070
202212,4호선,회현,27165,25070,52235
202212,4호선,길음,22221,22981,45202
202212,4호선,남태령,1289,1148,2437
202212,4호선,노원,18309,21062,39371
202212,4호선,당고개,9305,8263,17568
202212,4호선,동대문,20503,20908,41411
202212,4호선,동대문역사문화공원,16317,14279,30596
202212,4호선,동작,1208,1323,2531
202212,4호선,명동,26879,27374,54253
202212,4호선,미아,15487,15164,30651
202212,4호선,미아사거리,26671,26947,53618
202212,4호선,사당,27009,22414,49423
202212,4호선,삼각지,5623,6194,11817
202212,4호선,상계,19607,18433,38040
202212,4호선,서울,12629,18799,31428
202212,4호선,성신여대입구,21163,20476,41639
202212,4호선,수유,34083,34960,69043
202212,4호선,숙대입구,15215,14503,29718
202212,4호선,신용산,18166,18453,36619
202212,4호선,쌍문,29534,28199,57733
202212,4호선,이촌,7919,8839,16758
202212,4호선,창동,25559,27084,52643
202212,4호선,총신대입구,19002,20556,39558
202212,4호선,충무로,30838,31555,62393
202212,4호선,한성대입구,14374,13924,28298
202212,4호선,혜화,32961,32074,65035
202212,4호선,회현,27094,27459,54553
202212,4호선,길음,23236,23637,46873
202212,4호선,남태령,1371,1199,2570
202212,4호선,노원,19227,21962,41189
202212,4호선,당고개,9546,8662,18208
202212,4호선,동대문,20594,20879,41473
202212,4호선,동대문역사문화공원,16652,14376,31028
202212,4호선,동작,1272,1432,2704
202212,4호선,명동,27102,27900,55002
202212,4호선,미아,15728,15664,31392
202212,4호선,미아사거리,27613,27420,55033
202212,4호선,사당,27905,23713,51618
202212,4호선,삼각지,6079,6829,12908
202212,4호선,상계,19960,18961,38921
202212,4호선,서울,12878,18617,31495
202212,4호선,성신여대입구,21741,21012,42753
202212,4호선,수유,35292,35546,70838
202212,4호선,숙대입구,15778,15070,30848
202212,4호선,신용산,18378,18819,37197
202212,4호선,쌍문,29851,28476,58327
202212,4호선,이촌,9651,10529,20180
202212,4호선,창동,26476,28311,54787
202212,4호선,총신대입구,19621,21465,41086
202212,4호선,충무로,31655,31767,63422
202212,4호선,한성대입구,15144,14455,29599
202212,4호선,혜화,35884,35258,71142
202212,4호선,회현,27280,28237,55517
202212,4호선,길음,23770,23913,47683
202212,4호선,남태령,1396,1243,2639
202212,4호선,노원,19853,22769,42622
202212,4호선,당고개,9779,8856,18635
202212,4호선,동대문,20996,21595,42591
202212,4호선,동대문역사문화공원,17286,15296,32582
202212,4호선,동작,1473,1556,3029
202212,4호선,명동,28362,29677,58039
202212,4호선,미아,16396,16126,32522
202212,4호선,미아사거리,28557,28251,56808
202212,4호선,사당,28968,24669,53637
202212,4호선,삼각지,6254,7380,13634
202212,4호선,상계,20639,19384,40023
202212,4호선,서울,13068,19066,32134
202212,4호선,성신여대입구,22578,21709,44287
202212,4호선,수유,35831,36345,72176
202212,4호선,숙대입구,15884,15119,31003
202212,4호선,신용산,19262,19842,39104
202212,4호선,쌍문,31094,29317,60411
202212,4호선,이촌,10023,10930,20953
202212,4호선,창동,27729,29216,56945
202212,4호선,총신대입구,20572,22171,42743
202212,4호선,충무로,31645,32341,63986
202212,4호선,한성대입구,15525,14714,30239
202212,4호선,혜화,38292,37669,75961
202212,4호선,회현,28588,29804,58392
202212,4호선,길음,23675,23738,47413
202212,4호선,남태령,1390,1238,2628
202212,4호선,노원,19999,22836,42835
202212,4호선,당고개,9784,8782,18566
202212,4호선,동대문,21596,22217,43813
202212,4호선,동대문역사문화공원,18077,16259,34336
202212,4호선,동작,1439,1529,2968
202212,4호선,명동,28740,30063,58803
202212,4호선,미아,16457,15953,32410
202212,4호선,미아사거리,28783,28500,57283
202212,4호선,사당,29935,25698,55633
202212,4호선,삼각지,6590,7429,14019
202212,4호선,상계,20403,19235,39638
202212,4호선,서울,13453,20639,34092
202212,4호선,성신여대입구,22598,21546,44144
202212,4호선,수유,35946,36399,72345
202212,4호선,숙대입구,16300,15352,31652
202212,4호선,신용산,19524,20059,39583
202212,4호선,쌍문,31489,29381,60870
202212,4호선,이촌,9973,10844,20817
202212,4호선,창동,27149,29028,56177
202212,4호선,총신대입구,20570,22224,42794
202212,4호선,충무로,32830,33980,66810
202212,4호선,한성대입구,15784,14916,30700
202212,4호선,혜화,39031,38168,77199
202212,4호선,회현,28810,30368,59178
202212,4호선,길음,23602,22823,46425
202212,4호선,남태령,1628,1259,2887
202212,4호선,노원,21159,24485,45644
202212,4호선,당고개,10183,9018,19201
202212,4호선,동대문,21507,21356,42863
202212,4호선,동대문역사문화공원,18162,15399,33561
202212,4호선,동작,1563,1640,3203
202212,4호선,명동,30919,33089,64008
202212,4호선,미아,16826,16304,33130
202212,4호선,미아사거리,29828,29531,59359
202212,4호선,사당,32205,28503,60708
202212,4호선,삼각지,6965,8140,15105
202212,4호선,상계,20679,19420,40099
202212,4호선,서울,14016,23804,37820
202212,4호선,성신여대입구,23521,22595,46116
202212,4호선,수유,37674,38517,76191
202212,4호선,숙대입구,15926,15450,31376
202212,4호선,신용산,20354,21364,41718
202212,4호선,쌍문,31857,29474,61331
202212,4호선,이촌,10155,11039,21194
202212,4호선,창동,28212,30085,58297
202212,4호선,총신대입구,21497,23798,45295
202212,4호선,충무로,32516,33953,66469
202212,4호선,한성대입구,15894,15025,30919
202212,4호선,혜화,39399,39195,78594
202212,4호선,회현,29640,31511,61151
202212,4호선,길음,22482,22874,45356
202212,4호선,남태령,1384,1635,3019
202212,4호선,노원,19049,21461,40510
202212,4호선,당고개,9785,8828,18613
202212,4호선,동대문,21327,21514,42841
202212,4호선,동대문역사문화공원,17262,14996,32258
202212,4호선,동작,1269,1331,2600
202212,4호선,명동,26785,27782,54567
202212,4호선,미아,15910,15654,31564
202212,4호선,미아사거리,28085,27985,56070
202212,4호선,사당,28015,23172,51187
202212,4호선,삼각지,5858,6612,12470
202212,4호선,상계,19904,18825,38729
202212,4호선,서울,13041,19494,32535
202212,4호선,성신여대입구,21629,20990,42619
202212,4호선,수유,35298,35682,70980
202212,4호선,숙대입구,14974,13882,28856
202212,4호선,신용산,18353,18458,36811
202212,4호선,쌍문,30675,29092,59767
202212,4호선,이촌,10226,11050,21276
202212,4호선,창동,26025,27424,53449
202212,4호선,총신대입구,19733,21336,41069
202212,4호선,충무로,31541,31864,63405
202212,4호선,한성대입구,13885,14482,28367
202212,4호선,혜화,34847,34142,68989
202212,4호선,회현,28755,28492,57247
202212,4호선,길음,23357,23807,47164
202212,4호선,남태령,1451,1361,2812
202212,4호선,노원,20232,23192,43424
202212,4호선,당고개,9809,8776,18585
202212,4호선,동대문,21473,21882,43355
202212,4호선,동대문역사문화공원,18180,15736,33916
202212,4호선,동작,1263,1398,2661
202212,4호선,명동,28420,29728,58148
202212,4호선,미아,16111,15918,32029
202212,4호선,미아사거리,28850,29096,57946
202212,4호선,사당,29613,25348,54961
202212,4호선,삼각지,6356,7455,13811
202212,4호선,상계,20603,19493,40096
202212,4호선,서울,13686,20075,33761
202212,4호선,성신여대입구,22025,21786,43811
202212,4호선,수유,36026,36574,72600
202212,4호선,숙대입구,16043,15173,31216
202212,4호선,신용산,20105,19987,40092
202212,4호선,쌍문,31264,30012,61276
202212,4호선,이촌,10465,11495,21960
202212,4호선,창동,27246,29077,56323
202212,4호선,총신대입구,20782,22974,43756
202212,4호선,충무로,33092,33030,66122
202212,4호선,한성대입구,14457,14102,28559
202212,4호선,혜화,40047,38981,79028
202212,4호선,회현,29922,29826,59748
202212,4호선,길음,22260,22671,44931
202212,4호선,남태령,1454,1612,3066
202212,4호선,노원,19526,22264,41790
202212,4호선,당고개,9287,8329,17616
202212,4호선,동대문,19642,20248,39890
202212,4호선,동대문역사문화공원,18306,16198,34504
202212,4호선,동작,1043,1134,2177
202212,4호선,명동,27401,28301,55702
202212,4호선,미아,15762,15491,31253
202212,4호선,미아사거리,27443,27841,55284
202212,4호선,사당,28857,24422,53279
202212,4호선,삼각지,6348,7136,13484
202212,4호선,상계,19674,18508,38182
202212,4호선,서울,13090,20113,33203
202212,4호선,성신여대입구,22400,21373,43773
202212,4호선,수유,34751,35466,70217
202212,4호선,숙대입구,15806,14676,30482
202212,4호선,신용산,19412,19895,39307
202212,4호선,쌍문,29985,28645,58630
202212,4호선,이촌,10240,10998,21238
202212,4호선,창동,25458,27118,52576
202212,4호선,총신대입구,19826,21727,41553
202212,4호선,충무로,32060,31814,63874
202212,4호선,한성대입구,13856,13389,27245
202212,4호선,혜화,40334,39324,79658
202212,4호선,회현,26597,27450,54047
202212,4호선,길음,23694,23970,47664
202212,4호선,남태령,1411,1346,2757
202212,4호선,노원,20051,22886,42937
202212,4호선,당고개,9733,8741,18474
202212,4호선,동대문,20613,21003,41616
202212,4호선,동대문역사문화공원,18852,16625,35477
202212,4호선,동작,1134,1273,2407
202212,4호선,명동,28698,30103,58801
202212,4호선,미아,15778,15220,30998
202212,4호선,미아사거리,28250,28661,56911
202212,4호선,사당,29911,26088,55999
202212,4호선,삼각지,6723,7520,14243
202212,4호선,상계,20596,19339,39935
202212,4호선,서울,13782,21639,35421
202212,4호선,성신여대입구,21826,21052,42878
202212,4호선,수유,35789,36436,72225
202212,4호선,숙대입구,15155,14536,29691
202212,4호선,신용산,21230,21454,42684
202212,4호선,쌍문,30663,28987,59650
202212,4호선,이촌,10556,11573,22129
202212,4호선,창동,26358,28242,54600
202212,4호선,총신대입구,19991,22344,42335
202212,4호선,충무로,32262,32297,64559
202212,4호선,한성대입구,14595,14332,28927
202212,4호선,혜화,40467,39649,80116
202212,4호선,회현,27777,28338,56115
202212,4호선,길음,23659,22963,46622
202212,4호선,남태령,1529,1237,2766
202212,4호선,노원,21491,25047,46538
202212,4호선,당고개,9731,8765,18496
202212,4호선,동대문,21070,21284,42354
202212,4호선,동대문역사문화공원,19525,16739,36264
202212,4호선,동작,1242,1314,2556
202212,4호선,명동,30982,33600,64582
202212,4호선,미아,16133,15567,31700
202212,4호선,미아사거리,29765,29638,59403
202212,4호선,사당,32540,28551,61091
202212,4호선,삼각지,7302,8405,15707
202212,4호선,상계,20805,19392,40197
202212,4호선,서울,13548,24453,38001
202212,4호선,성신여대입구,24006,23152,47158
202212,4호선,수유,37488,38283,75771
202212,4호선,숙대입구,15969,15587,31556
202212,4호선,신용산,22234,23276,45510
202212,4호선,쌍문,31692,29359,61051
202212,4호선,이촌,10403,11237,21640
202212,4호선,창동,28196,29770,57966
202212,4호선,총신대입구,21449,23954,45403
202212,4호선,충무로,31534,33224,64758
202212,4호선,한성대입구,15405,14529,29934
202212,4호선,혜화,43050,42689,85739
202212,4호선,회현,28541,29827,58368
202212,4호선,길음,21665,21931,43596
202212,4호선,남태령,1355,1164,2519
202212,4호선,노원,18852,21065,39917
202212,4호선,당고개,9077,8011,17088
202212,4호선,동대문,20119,20779,40898
202212,4호선,동대문역사문화공원,17328,15026,32354
202212,4호선,동작,1094,1198,2292
202212,4호선,명동,27205,28297,55502
202212,4호선,미아,15492,15196,30688
202212,4호선,미아사거리,27087,26829,53916
202212,4호선,사당,26452,23041,49493
202212,4호선,삼각지,5888,6373,12261
202212,4호선,상계,19127,18001,37128
202212,4호선,서울,12751,20349,33100
202212,4호선,성신여대입구,21826,21159,42985
202212,4호선,수유,34310,34457,68767
202212,4호선,숙대입구,14336,13846,28182
202212,4호선,신용산,19037,19991,39028
202212,4호선,쌍문,30156,27844,58000
202212,4호선,이촌,9839,10699,20538
202212,4호선,창동,25162,26504,51666
202212,4호선,총신대입구,18547,20554,39101
202212,4호선,충무로,28800,29625,58425
202212,4호선,한성대입구,13000,12547,25547
202212,4호선,혜화,33808,33596,67404
202212,4호선,회현,26293,27292,53585
202212,4호선,길음,22933,22850,45783
202212,4호선,남태령,1483,1366,2849
202212,4호선,노원,20098,22854,42952
202212,4호선,당고개,9673,8668,18341
202212,4호선,동대문,21457,22306,43763
202212,4호선,동대문역사문화공원,18580,16234,34814
202212,4호선,동작,1246,1366,2612
202212,4호선,명동,29191,30909,60100
202212,4호선,미아,15810,15466,31276
202212,4호선,미아사거리,28907,28731,57638
202212,4호선,사당,29091,24871,53962
202212,4호선,삼각지,6518,7387,13905
202212,4호선,상계,20727,19395,40122
202212,4호선,서울,13287,20792,34079
202212,4호선,성신여대입구,21906,21257,43163
202212,4호선,수유,36578,37036,73614
202212,4호선,숙대입구,14812,14400,29212
202212,4호선,신용산,20455,21147,41602
202212,4호선,쌍문,31300,29468,60768
202212,4호선,이촌,10126,10893,21019
202212,4호선,창동,26856,28452,55308
202212,4호선,총신대입구,20600,22494,43094
202212,4호선,충무로,30481,31306,61787
202212,4호선,한성대입구,13990,13399,27389
202212,4호선,혜화,39228,38572,77800
202212,4호선,회현,29166,31065,60231
202212,4호선,길음,24399,24245,48644
202212,4호선,남태령,1429,1344,2773
202212,4호선,노원,20699,23568,44267
202212,4호선,당고개,10070,8841,18911
202212,4호선,동대문,20183,21160,41343
202212,4호선,동대문역사문화공원,18443,16579,35022
202212,4호선,동작,1237,1531,2768
202212,4호선,명동,30342,32555,62897
202212,4호선,미아,16320,15913,32233
202212,4호선,미아사거리,29943,28902,58845
202212,4호선,사당,29115,25439,54554
202212,4호선,삼각지,6888,7658,14546
202212,4호선,상계,21663,20020,41683
202212,4호선,서울,14298,22923,37221
202212,4호선,성신여대입구,23759,22811,46570
202212,4호선,수유,38146,38219,76365
202212,4호선,숙대입구,15549,15097,30646
202212,4호선,신용산,21788,22587,44375
202212,4호선,쌍문,32548,30241,62789
202212,4호선,이촌,11500,12172,23672
202212,4호선,창동,27804,29410,57214
202212,4호선,총신대입구,20860,22946,43806
202212,4호선,충무로,31475,32446,63921
202212,4호선,한성대입구,15157,14103,29260
202212,4호선,혜화,42536,43410,85946
202212,4호선,회현,28127,29873,58000
202212,4호선,길음,22766,22573,45339
202212,4호선,남태령,1571,1440,3011
202212,4호선,노원,20380,24096,44476
202212,4호선,당고개,10165,9271,19436
202212,4호선,동대문,20769,21436,42205
202212,4호선,동대문역사문화공원,18869,16647,35516
202212,4호선,동작,1110,1152,2262
202212,4호선,명동,30219,32679,62898
202212,4호선,미아,15698,15196,30894
202212,4호선,미아사거리,29035,28700,57735
202212,4호선,사당,26587,25030,51617
202212,4호선,삼각지,6772,7698,14470
202212,4호선,상계,20534,19480,40014
202212,4호선,서울,13855,23351,37206
202212,4호선,성신여대입구,23096,22469,45565
202212,4호선,수유,36731,36633,73364
202212,4호선,숙대입구,15627,15127,30754
202212,4호선,신용산,20876,21350,42226
202212,4호선,쌍문,31376,29569,60945
202212,4호선,이촌,10104,10818,20922
202212,4호선,창동,26279,27945,54224
202212,4호선,총신대입구,20365,22612,42977
202212,4호선,충무로,30439,31818,62257
202212,4호선,한성대입구,15085,14633,29718
202212,4호선,혜화,42213,41833,84046
202212,4호선,회현,28729,29681,58410
202212,4호선,길음,21835,21079,42914
202212,4호선,남태령,1418,1160,2578
202212,4호선,노원,20368,24028,44396
202212,4호선,당고개,9219,8183,17402
202212,4호선,동대문,19634,19518,39152
202212,4호선,동대문역사문화공원,18252,15565,33817
202212,4호선,동작,1053,1087,2140
202212,4호선,명동,32048,34813,66861
202212,4호선,미아,15705,15106,30811
202212,4호선,미아사거리,28230,28338,56568
202212,4호선,사당,30126,25305,55431
202212,4호선,삼각지,6714,7680,14394
202212,4호선,상계,19366,18049,37415
202212,4호선,서울,13182,23631,36813
202212,4호선,성신여대입구,23120,22835,45955
202212,4호선,수유,36827,37383,74210
202212,4호선,숙대입구,15360,14547,29907
202212,4호선,신용산,20041,20810,40851
202212,4호선,쌍문,30559,28142,58701
202212,4호선,이촌,9908,10613,20521
202212,4호선,창동,25867,27882,53749
202212,4호선,총신대입구,19537,21495,41032
202212,4호선,충무로,28808,31368,60176
202212,4호선,한성대입구,14040,13515,27555
202212,4호선,혜화,42618,42157,84775
202212,4호선,회현,27815,28592,56407
202212,4호선,길음,20470,20092,40562
202212,4호선,남태령,1222,1129,2351
202212,4호선,노원,19238,21557,40795
202212,4호선,당고개,9095,8085,17180
202212,4호선,동대문,20724,21476,42200
202212,4호선,동대문역사문화공원,18249,15459,33708
202212,4호선,동작,1109,1294,2403
202212,4호선,명동,30556,32285,62841
202212,4호선,미아,15204,14870,30074
202212,4호선,미아사거리,27589,27397,54986
202212,4호선,사당,26078,22261,48339
202212,4호선,삼각지,6049,6751,12800
202212,4호선,상계,18911,17873,36784
202212,4호선,서울,11918,20286,32204
202212,4호선,성신여대입구,20608,19914,40522
202212,4호선,수유,34536,34593,69129
202212,4호선,숙대입구,13741,13280,27021
202212,4호선,신용산,18729,19450,38179
202212,4호선,쌍문,29765,27838,57603
202212,4호선,이촌,9229,9931,19160
202212,4호선,창동,24968,26192,51160
202212,4호선,총신대입구,18954,20678,39632
202212,4호선,충무로,27732,28863,56595
202212,4호선,한성대입구,12906,12517,25423
202212,4호선,혜화,33402,33062,66464
202212,4호선,회현,27240,28604,55844
202212,4호선,길음,21891,21270,43161
202212,4호선,남태령,1274,1154,2428
202212,4호선,노원,19886,22353,42239
202212,4호선,당고개,9366,8491,17857
202212,4호선,동대문,21130,22184,43314
202212,4호선,동대문역사문화공원,18847,16250,35097
202212,4호선,동작,1114,1316,2430
202212,4호선,명동,30019,32282,62301
202212,4호선,미아,15843,15187,31030
202212,4호선,미아사거리,28686,28242,56928
202212,4호선,사당,28002,24165,52167
202212,4호선,삼각지,6337,7312,13649
202212,4호선,상계,20024,18549,38573
202212,4호선,서울,12761,21128,33889
202212,4호선,성신여대입구,20985,20400,41385
202212,4호선,수유,36097,36384,72481
202212,4호선,숙대입구,14672,14195,28867
202212,4호선,신용산,19526,20249,39775
202212,4호선,쌍문,31110,28894,60004
202212,4호선,이촌,10431,11021,21452
202212,4호선,창동,26122,27668,53790
202212,4호선,총신대입구,19690,21606,41296
202212,4호선,충무로,29185,30347,59532
202212,4호선,한성대입구,13730,13053,26783
202212,4호선,혜화,37825,37732,75557
202212,4호선,회현,28539,30046,58585
202212,4호선,길음,21819,21103,42922
202212,4호선,남태령,1343,1224,2567
202212,4호선,노원,20147,23204,43351
202212,4호선,당고개,9298,8271,17569
202212,4호선,동대문,21095,22137,43232
202212,4호선,동대문역사문화공원,19160,16767,35927
202212,4호선,동작,1173,1308,2481
202212,4호선,명동,31080,33838,64918
202212,4호선,미아,15839,15303,31142
202212,4호선,미아사거리,28940,28480,57420
202212,4호선,사당,28580,24546,53126
202212,4호선,삼각지,6660,7578,14238
202212,4호선,상계,20187,18708,38895
202212,4호선,서울,12721,21373,34094
202212,4호선,성신여대입구,21495,20672,42167
202212,4호선,수유,36142,36573,72715
202212,4호선,숙대입구,14724,14311,29035
202212,4호선,신용산,19807,20580,40387
202212,4호선,쌍문,30793,28679,59472
202212,4호선,이촌,12326,13074,25400
202212,4호선,창동,26205,27543,53748
202212,4호선,총신대입구,19971,22069,42040
202212,4호선,충무로,29839,31095,60934
202212,4호선,한성대입구,13917,13315,27232
202212,4호선,혜화,40321,40146,80467
202212,4호선,회현,28004,29624,57628
202212,4호선,길음,21308,20628,41936
202212,4호선,남태령,1330,1197,2527
202212,4호선,노원,20143,22884,43027
202212,4호선,당고개,9201,8330,17531
202212,4호선,동대문,21625,22441,44066
202212,4호선,동대문역사문화공원,19080,16403,35483
202212,4호선,동작,1150,1281,2431
202212,4호선,명동,30706,33906,64612
202212,4호선,미아,15558,15162,30720
202212,4호선,미아사거리,28467,27732,56199
202212,4호선,사당,27825,24395,52220
202212,4호선,삼각지,6597,7487,14084
202212,4호선,상계,19897,18489,38386
202212,4호선,서울,12108,21626,33734
202212,4호선,성신여대입구,21258,20412,41670
202212,4호선,수유,35921,36141,72062
202212,4호선,숙대입구,14278,13940,28218
202212,4호선,신용산,19444,20540,39984
202212,4호선,쌍문,30587,28280,58867
202212,4호선,이촌,10522,11281,21803
202212,4호선,창동,26123,27446,53569
202212,4호선,총신대입구,19539,21312,40851
202212,4호선,충무로,29174,30353,59527
202212,4호선,한성대입구,13344,12763,26107
202212,4호선,혜화,37058,37097,74155
202212,4호선,회현,28231,29784,58015
202212,4호선,길음,21187,20291,41478
202212,4호선,남태령,1332,1061,2393
202212,4호선,노원,21315,24704,46019
202212,4호선,당고개,9404,8458,17862
202212,4호선,동대문,20517,21085,41602
202212,4호선,동대문역사문화공원,19629,16718,36347
202212,4호선,동작,1176,1313,2489
202212,4호선,명동,32364,35690,68054
202212,4호선,미아,15620,14778,30398
202212,4호선,미아사거리,29550,29255,58805
202212,4호선,사당,27149,24077,51226
202212,4호선,삼각지,6653,7527,14180
202212,4호선,상계,19475,18195,37670
202212,4호선,서울,11108,21448,32556
202212,4호선,성신여대입구,22018,21161,43179
202212,4호선,수유,37041,37557,74598
202212,4호선,숙대입구,13690,13404,27094
202212,4호선,신용산,18981,20603,39584
202212,4호선,쌍문,30726,28076,58802
202212,4호선,이촌,10583,11175,21758
202212,4호선,창동,26142,27914,54056
202212,4호선,총신대입구,19482,21663,41145
202212,4호선,충무로,27221,28792,56013
202212,4호선,한성대입구,13735,12832,26567
202212,4호선,혜화,39803,39790,79593
202212,4호선,회현,27961,29128,57089
