사용월,호선명,지하철역,승차총승객수,하차총승객수,승하차총승객수
202201,6호선,고려대,6962,6818,13780
202201,6호선,공덕,17273,16744,34017
202201,6호선,광흥창,8375,8114,16489
202201,6호선,구산,6961,5385,12346
202201,6호선,녹사평,4000,3956,7956
202201,6호선,대흥,7202,7407,14609
202201,6호선,독바위,2463,2663,5126
202201,6호선,돌곶이,8639,8211,16850
202201,6호선,동묘앞,6101,6813,12914
202201,6호선,디지털미디어시티,13226,14571,27797
202201,6호선,마포구청,13313,12155,25468
202201,6호선,망원,12210,13134,25344
202201,6호선,버티고개,1873,1983,3856
202201,6호선,보문,6594,6221,12815
202201,6호선,봉화산,8407,7900,16307
202201,6호선,불광,3883,3917,7800
202201,6호선,삼각지,5231,4806,10037
202201,6호선,상수,6945,7552,14497
202201,6호선,상월곡,5713,5234,10947
202201,6호선,새절,11837,11078,22915
202201,6호선,석계,11245,11892,23137
202201,6호선,신당,5812,6822,12634
202201,6호선,안암,8854,9229,18083
202201,6호선,약수,3364,3323,6687
202201,6호선,역촌,3610,4250,7860
202201,6호선,연신내,2,0,2
202201,6호선,월곡,10636,10673,21309
202201,6호선,월드컵경기장,3421,3602,7023
202201,6호선,응암,16321,16410,32731
202201,6호선,이태원,8093,7947,16040
202201,6호선,증산,9426,9497,18923
202201,6호선,창신,3159,2613,5772
202201,6호선,청구,3392,3658,7050
202201,6호선,태릉입구,4979,5399,10378
202201,6호선,한강진,6140,6952,13092
202201,6호선,합정,11344,11057,22401
202201,6호선,화랑대,10857,8535,19392
202201,6호선,효창공원앞,6300,5852,12152
202201,6호선,고려대,7339,7222,14561
202201,6호선,공덕,17842,17129,34971
202201,6호선,광흥창,8728,8729,17457
202201,6호선,구산,7333,5703,13036
202201,6호선,녹사평,4233,4194,8427
202201,6호선,대흥,7329,7667,14996
202201,6호선,독바위,2568,2751,5319
202201,6호선,돌곶이,8913,8472,17385
202201,6호선,동묘앞,7318,7522,14840
202201,6호선,디지털미디어시티,13520,14944,28464
202201,6호선,마포구청,13748,12838,26586
202201,6호선,망원,12918,13941,26859
202201,6호선,버티고개,1869,2049,3918
202201,6호선,보문,6799,6388,13187
202201,6호선,봉화산,8658,8105,16763
202201,6호선,불광,3898,3859,7757
202201,6호선,삼각지,5772,5377,11149
202201,6호선,상수,7491,8322,15813
202201,6호선,상월곡,5890,5281,11171
202201,6호선,새절,12264,11535,23799
202201,6호선,석계,11665,12199,23864
202201,6호선,신당,7830,8290,16120
202201,6호선,안암,9613,9531,19144
202201,6호선,약수,3501,3471,6972
202201,6호선,역촌,3719,4404,8123
202201,6호선,월곡,10803,10909,21712
202201,6호선,월드컵경기장,3529,3780,7309
202201,6호선,응암,17051,17020,34071
202201,6호선,이태원,8286,8343,16629
202201,6호선,증산,9621,9703,19324
202201,6호선,창신,3410,2841,6251
202201,6호선,청구,3651,3836,7487
202201,6호선,태릉입구,5101,5554,10655
202201,6호선,한강진,7421,8319,15740
202201,6호선,합정,12215,11759,23974
202201,6호선,화랑대,11173,8901,20074
202201,6호선,효창공원앞,6629,6061,12690
202201,6호선,고려대,7396,7178,14574
202201,6호선,공덕,17668,17131,34799
202201,6호선,광흥창,8674,8487,17161
202201,6호선,구산,7356,5616,12972
202201,6호선,녹사평,4400,4421,8821
202201,6호선,대흥,7353,7644,14997
202201,6호선,독바위,2581,2762,5343
202201,6호선,돌곶이,9086,8476,17562
202201,6호선,동묘앞,7187,7318,14505
202201,6호선,디지털미디어시티,13492,14895,28387
202201,6호선,마포구청,13790,12695,26485
202201,6호선,망원,13186,14043,27229
202201,6호선,버티고개,1824,1925,3749
202201,6호선,보문,6950,6481,13431
202201,6호선,봉화산,8590,8077,16667
202201,6호선,불광,4122,4132,8254
202201,6호선,삼각지,5929,5439,11368
202201,6호선,상수,7788,8476,16264
202201,6호선,상월곡,5933,5321,11254
202201,6호선,새절,12184,11429,23613
202201,6호선,석계,11696,12053,23749
202201,6호선,신당,8606,8903,17509
202201,6호선,안암,9699,9645,19344
202201,6호선,약수,3468,3425,6893
202201,6호선,역촌,3713,4377,8090
202201,6호선,연신내,2,0,2
202201,6호선,월곡,10960,11025,21985
202201,6호선,월드컵경기장,3537,3639,7176
202201,6호선,응암,17158,17436,34594
202201,6호선,이태원,8686,8739,17425
202201,6호선,증산,9721,9712,19433
202201,6호선,창신,3435,2923,6358
202201,6호선,청구,3585,3838,7423
202201,6호선,태릉입구,5136,5650,10786
202201,6호선,한강진,8466,9404,17870
202201,6호선,합정,12358,12086,24444
202201,6호선,화랑대,11320,8930,20250
202201,6호선,효창공원앞,6696,6220,12916
202201,6호선,고려대,7346,7120,14466
202201,6호선,공덕,17767,17189,34956
202201,6호선,광흥창,8869,8507,17376
202201,6호선,구산,7321,5632,12953
202201,6호선,녹사평,4500,4406,8906
202201,6호선,대흥,7565,7769,15334
202201,6호선,독바위,2660,2782,5442
202201,6호선,돌곶이,9032,8422,17454
202201,6호선,동묘앞,7253,7450,14703
202201,6호선,디지털미디어시티,13675,14847,28522
202201,6호선,마포구청,13805,12754,26559
202201,6호선,망원,13440,14694,28134
202201,6호선,버티고개,1877,1990,3867
202201,6호선,보문,6967,6481,13448
202201,6호선,봉화산,8666,8260,16926
202201,6호선,불광,4123,4049,8172
202201,6호선,삼각지,6052,5482,11534
202201,6호선,상수,7835,8655,16490
202201,6호선,상월곡,6034,5415,11449
202201,6호선,새절,12307,11552,23859
202201,6호선,석계,11713,12007,23720
202201,6호선,신내,1,0,1
202201,6호선,신당,8214,8605,16819
202201,6호선,안암,9558,9654,19212
202201,6호선,약수,3553,3431,6984
202201,6호선,역촌,3676,4470,8146
202201,6호선,월곡,10914,11020,21934
202201,6호선,월드컵경기장,3613,3761,7374
202201,6호선,응암,17117,16966,34083
202201,6호선,이태원,8726,8881,17607
202201,6호선,증산,9906,10109,20015
202201,6호선,창신,3388,2811,6199
202201,6호선,청구,3681,3974,7655
202201,6호선,태릉입구,5273,5739,11012
202201,6호선,한강진,8139,9133,17272
202201,6호선,합정,12685,12255,24940
202201,6호선,화랑대,11240,8860,20100
202201,6호선,효창공원앞,6767,6185,12952
202201,6호선,고려대,7476,7256,14732
202201,6호선,공덕,18272,17640,35912
202201,6호선,광흥창,8955,8652,17607
202201,6호선,구산,7535,5675,13210
202201,6호선,녹사평,4634,4670,9304
202201,6호선,대흥,7522,7885,15407
202201,6호선,독바위,2663,2724,5387
202201,6호선,돌곶이,9202,8524,17726
202201,6호선,동묘앞,7516,7658,15174
202201,6호선,디지털미디어시티,13359,14693,28052
202201,6호선,마포구청,13907,12873,26780
202201,6호선,망원,14046,15362,29408
202201,6호선,버티고개,1948,1976,3924
202201,6호선,보문,7070,6554,13624
202201,6호선,봉화산,8635,8185,16820
202201,6호선,불광,4150,4015,8165
202201,6호선,삼각지,6423,5582,12005
202201,6호선,상수,9978,10849,20827
202201,6호선,상월곡,6103,5386,11489
202201,6호선,새절,12479,11715,24194
202201,6호선,석계,12016,12433,24449
202201,6호선,신당,8636,8819,17455
202201,6호선,안암,9716,9553,19269
202201,6호선,약수,3483,3513,6996
202201,6호선,역촌,3794,4445,8239
202201,6호선,월곡,11208,11179,22387
202201,6호선,월드컵경기장,3764,3882,7646
202201,6호선,응암,17375,17305,34680
202201,6호선,이태원,9853,10342,20195
202201,6호선,증산,10051,9912,19963
202201,6호선,창신,3439,2731,6170
202201,6호선,청구,3687,3812,7499
202201,6호선,태릉입구,5260,5850,11110
202201,6호선,한강진,9020,10025,19045
202201,6호선,합정,13134,12764,25898
202201,6호선,화랑대,11391,8902,20293
202201,6호선,효창공원앞,6773,6282,13055
202201,6호선,고려대,7195,7057,14252
202201,6호선,공덕,17894,17401,35295
202201,6호선,광흥창,8715,8493,17208
202201,6호선,구산,7409,5741,13150
202201,6호선,녹사평,4140,4039,8179
202201,6호선,대흥,7629,7826,15455
202201,6호선,독바위,2578,2696,5274
202201,6호선,돌곶이,9207,8827,18034
202201,6호선,동묘앞,7491,7575,15066
202201,6호선,디지털미디어시티,13666,14916,28582
202201,6호선,마포구청,13727,12650,26377
202201,6호선,망원,12993,14055,27048
202201,6호선,버티고개,1922,1995,3917
202201,6호선,보문,6862,6360,13222
202201,6호선,봉화산,8823,8311,17134
202201,6호선,불광,3813,3877,7690
202201,6호선,삼각지,5560,5015,10575
202201,6호선,상수,7570,8289,15859
202201,6호선,상월곡,6069,5396,11465
202201,6호선,새절,12195,11534,23729
202201,6호선,석계,11605,12156,23761
202201,6호선,신당,7269,7785,15054
202201,6호선,안암,9346,9518,18864
202201,6호선,약수,3409,3395,6804
202201,6호선,역촌,3775,4502,8277
202201,6호선,연신내,2,0,2
202201,6호선,월곡,11091,11068,22159
202201,6호선,월드컵경기장,3525,3789,7314
202201,6호선,응암,16873,17008,33881
202201,6호선,이태원,8466,8509,16975
202201,6호선,증산,9923,9938,19861
202201,6호선,창신,3516,2945,6461
202201,6호선,청구,3558,3873,7431
202201,6호선,태릉입구,5186,5728,10914
202201,6호선,한강진,7129,7984,15113
202201,6호선,합정,12073,11762,23835
202201,6호선,화랑대,11252,8771,20023
202201,6호선,효창공원앞,6875,6250,13125
202201,6호선,고려대,7452,7274,14726
202201,6호선,공덕,18256,17385,35641
202201,6호선,광흥창,8919,8881,17800
202201,6호선,구산,7384,5695,13079
202201,6호선,녹사평,4272,4294,8566
202201,6호선,대흥,7648,7928,15576
202201,6호선,독바위,2620,2776,5396
202201,6호선,돌곶이,9205,8761,17966
202201,6호선,동묘앞,7224,7342,14566
202201,6호선,디지털미디어시티,13583,15262,28845
202201,6호선,마포구청,14066,13116,27182
202201,6호선,망원,13352,14402,27754
202201,6호선,버티고개,1909,1987,3896
202201,6호선,보문,6851,6552,13403
202201,6호선,봉화산,8897,8385,17282
202201,6호선,불광,4077,4142,8219
202201,6호선,삼각지,6163,5651,11814
202201,6호선,상수,7994,8690,16684
202201,6호선,상월곡,5960,5423,11383
202201,6호선,새절,12245,11488,23733
202201,6호선,석계,11696,12316,24012
202201,6호선,신당,8249,8467,16716
202201,6호선,안암,9677,9732,19409
202201,6호선,약수,3434,3455,6889
202201,6호선,역촌,3720,4468,8188
202201,6호선,월곡,11088,11049,22137
202201,6호선,월드컵경기장,3308,3564,6872
202201,6호선,응암,16897,17027,33924
202201,6호선,이태원,8609,8570,17179
202201,6호선,증산,9612,9775,19387
202201,6호선,창신,3424,2935,6359
202201,6호선,청구,3568,3828,7396
202201,6호선,태릉입구,5170,5645,10815
202201,6호선,한강진,7971,9059,17030
202201,6호선,합정,12728,12125,24853
202201,6호선,화랑대,11367,8937,20304
202201,6호선,효창공원앞,6894,6329,13223
202201,6호선,고려대,7257,7057,14314
202201,6호선,공덕,18107,17385,35492
202201,6호선,광흥창,8770,8645,17415
202201,6호선,구산,7145,5600,12745
202201,6호선,녹사평,4203,4223,8426
202201,6호선,대흥,7601,7765,15366
202201,6호선,독바위,2585,2703,5288
202201,6호선,돌곶이,9286,8760,18046
202201,6호선,동묘앞,7097,7345,14442
202201,6호선,디지털미디어시티,13344,14946,28290
202201,6호선,마포구청,13704,12740,26444
202201,6호선,망원,13371,14254,27625
202201,6호선,버티고개,1828,1896,3724
202201,6호선,보문,6799,6412,13211
202201,6호선,봉화산,8650,8199,16849
202201,6호선,불광,3973,3943,7916
202201,6호선,삼각지,6060,5479,11539
202201,6호선,상수,8124,8910,17034
202201,6호선,상월곡,5913,5330,11243
202201,6호선,새절,12063,11362,23425
202201,6호선,석계,11703,12283,23986
202201,6호선,신내,1,0,1
202201,6호선,신당,8420,8719,17139
202201,6호선,안암,9659,9525,19184
202201,6호선,약수,3459,3436,6895
202201,6호선,역촌,3582,4342,7924
202201,6호선,월곡,10840,11033,21873
202201,6호선,월드컵경기장,3368,3554,6922
202201,6호선,응암,16780,16821,33601
202201,6호선,이태원,8869,8885,17754
202201,6호선,증산,9702,9756,19458
202201,6호선,창신,3410,2800,6210
202201,6호선,청구,3740,3903,7643
202201,6호선,태릉입구,5200,5768,10968
202201,6호선,한강진,8463,9324,17787
202201,6호선,합정,12727,12413,25140
202201,6호선,화랑대,11117,8725,19842
202201,6호선,효창공원앞,6693,5984,12677
202201,6호선,고려대,7443,7229,14672
202201,6호선,공덕,17944,17323,35267
202201,6호선,광흥창,8768,8666,17434
202201,6호선,구산,7267,5710,12977
202201,6호선,녹사평,4431,4334,8765
202201,6호선,대흥,7587,7932,15519
202201,6호선,독바위,2575,2796,5371
202201,6호선,돌곶이,9217,8655,17872
202201,6호선,동묘앞,7275,7343,14618
202201,6호선,디지털미디어시티,13215,14815,28030
202201,6호선,마포구청,14034,12849,26883
202201,6호선,망원,14303,15507,29810
202201,6호선,버티고개,1874,1995,3869
202201,6호선,보문,6852,6431,13283
202201,6호선,봉화산,8661,8229,16890
202201,6호선,불광,3945,3842,7787
202201,6호선,삼각지,6085,5597,11682
202201,6호선,상수,8556,9256,17812
202201,6호선,상월곡,6039,5461,11500
202201,6호선,새절,12049,11244,23293
202201,6호선,석계,11497,12037,23534
202201,6호선,신당,8351,8577,16928
202201,6호선,안암,9823,9672,19495
202201,6호선,약수,3544,3430,6974
202201,6호선,역촌,3744,4349,8093
202201,6호선,연신내,1,0,1
202201,6호선,월곡,10962,10982,21944
202201,6호선,월드컵경기장,3316,3514,6830
202201,6호선,응암,16750,17036,33786
202201,6호선,이태원,8925,8872,17797
202201,6호선,증산,9723,9869,19592
202201,6호선,창신,3252,2694,5946
202201,6호선,청구,3667,3810,7477
202201,6호선,태릉입구,5201,5655,10856
202201,6호선,한강진,7256,8282,15538
202201,6호선,합정,13123,12431,25554
202201,6호선,화랑대,11181,8761,19942
202201,6호선,효창공원앞,6657,6178,12835
202201,6호선,고려대,7535,7294,14829
202201,6호선,공덕,18550,17876,36426
202201,6호선,광흥창,8915,8699,17614
202201,6호선,구산,7418,5609,13027
202201,6호선,녹사평,4583,4794,9377
202201,6호선,대흥,7863,8073,15936
202201,6호선,독바위,2672,2703,5375
202201,6호선,돌곶이,9382,8790,18172
202201,6호선,동묘앞,7629,7565,15194
202201,6호선,디지털미디어시티,13170,14350,27520
202201,6호선,마포구청,14068,12789,26857
202201,6호선,망원,14958,16289,31247
202201,6호선,버티고개,2008,2024,4032
202201,6호선,보문,7035,6434,13469
202201,6호선,봉화산,8699,8153,16852
202201,6호선,불광,3985,4050,8035
202201,6호선,삼각지,6454,5743,12197
202201,6호선,상수,8977,10098,19075
202201,6호선,상월곡,6041,5354,11395
202201,6호선,새절,12248,11628,23876
202201,6호선,석계,11845,12216,24061
202201,6호선,신내,1,0,1
202201,6호선,신당,8554,8766,17320
202201,6호선,안암,9561,9378,18939
202201,6호선,약수,3560,3587,7147
202201,6호선,역촌,3682,4341,8023
202201,6호선,연신내,1,0,1
202201,6호선,월곡,11188,11055,22243
202201,6호선,월드컵경기장,3742,3871,7613
202201,6호선,응암,17156,17224,34380
202201,6호선,이태원,10061,10348,20409
202201,6호선,증산,9830,9874,19704
202201,6호선,창신,3271,2686,5957
202201,6호선,청구,3728,3908,7636
202201,6호선,태릉입구,5347,5894,11241
202201,6호선,한강진,9067,10180,19247
202201,6호선,합정,13603,13059,26662
202201,6호선,화랑대,11308,8790,20098
202201,6호선,효창공원앞,6872,6229,13101
202201,6호선,고려대,7527,7383,14910
202201,6호선,공덕,18240,17562,35802
202201,6호선,광흥창,8773,8774,17547
202201,6호선,구산,7162,5838,13000
202201,6호선,녹사평,4057,4049,8106
202201,6호선,대흥,7813,8084,15897
202201,6호선,독바위,2596,2840,5436
202201,6호선,돌곶이,9108,8726,17834
202201,6호선,동묘앞,7380,7586,14966
202201,6호선,디지털미디어시티,13574,14977,28551
202201,6호선,마포구청,14018,13028,27046
202201,6호선,망원,13085,14089,27174
202201,6호선,버티고개,1978,2035,4013
202201,6호선,보문,6777,6403,13180
202201,6호선,봉화산,8834,8431,17265
202201,6호선,불광,3934,3915,7849
202201,6호선,삼각지,5641,5092,10733
202201,6호선,상수,7771,8183,15954
202201,6호선,상월곡,5982,5483,11465
202201,6호선,새절,12306,11763,24069
202201,6호선,석계,11543,12319,23862
202201,6호선,신당,7307,7846,15153
202201,6호선,안암,9594,9593,19187
202201,6호선,약수,3503,3527,7030
202201,6호선,역촌,3764,4433,8197
202201,6호선,연신내,1,0,1
202201,6호선,월곡,11035,11136,22171
202201,6호선,월드컵경기장,3319,3454,6773
202201,6호선,응암,16930,17148,34078
202201,6호선,이태원,8471,8392,16863
202201,6호선,증산,9766,9955,19721
202201,6호선,창신,3187,2798,5985
202201,6호선,청구,3634,3838,7472
202201,6호선,태릉입구,5246,5642,10888
202201,6호선,한강진,6714,7328,14042
202201,6호선,합정,12272,11662,23934
202201,6호선,화랑대,11250,8910,20160
202201,6호선,효창공원앞,6797,6196,12993
202201,6호선,고려대,7587,7359,14946
202201,6호선,공덕,18616,17756,36372
202201,6호선,광흥창,9125,9038,18163
202201,6호선,구산,7366,5576,12942
202201,6호선,녹사평,4305,4207,8512
202201,6호선,대흥,7932,8215,16147
202201,6호선,독바위,2689,2793,5482
202201,6호선,돌곶이,9157,8627,17784
202201,6호선,동묘앞,7376,7607,14983
202201,6호선,디지털미디어시티,13681,15176,28857
202201,6호선,마포구청,14396,13244,27640
202201,6호선,망원,13560,14731,28291
202201,6호선,버티고개,1907,2058,3965
202201,6호선,보문,6909,6505,13414
202201,6호선,봉화산,8986,8361,17347
202201,6호선,불광,3988,3962,7950
202201,6호선,삼각지,6111,5544,11655
202201,6호선,상수,8113,8760,16873
202201,6호선,상월곡,6078,5486,11564
202201,6호선,새절,12406,11653,24059
202201,6호선,석계,11911,12361,24272
202201,6호선,신내,1,0,1
202201,6호선,신당,7831,8295,16126
202201,6호선,안암,9716,9665,19381
202201,6호선,약수,3469,3443,6912
202201,6호선,역촌,3773,4437,8210
202201,6호선,월곡,11150,11147,22297
202201,6호선,월드컵경기장,3681,3843,7524
202201,6호선,응암,17199,17343,34542
202201,6호선,이태원,8625,8440,17065
202201,6호선,증산,9842,10012,19854
202201,6호선,창신,3521,3037,6558
202201,6호선,청구,3773,4065,7838
202201,6호선,태릉입구,5195,5711,10906
202201,6호선,한강진,7669,8754,16423
202201,6호선,합정,12434,12057,24491
202201,6호선,화랑대,11474,9069,20543
202201,6호선,효창공원앞,6912,6246,13158
202201,6호선,고려대,7765,7638,15403
202201,6호선,공덕,18999,18218,37217
202201,6호선,광흥창,9323,9164,18487
202201,6호선,구산,7426,5773,13199
202201,6호선,녹사평,4363,4428,8791
202201,6호선,대흥,8147,8398,16545
202201,6호선,독바위,2678,2884,5562
202201,6호선,돌곶이,9590,9105,18695
202201,6호선,동묘앞,7243,7551,14794
202201,6호선,디지털미디어시티,14006,15630,29636
202201,6호선,마포구청,14403,13320,27723
202201,6호선,망원,13901,14994,28895
202201,6호선,버티고개,2053,2165,4218
202201,6호선,보문,7294,6676,13970
202201,6호선,봉화산,9183,8735,17918
202201,6호선,불광,4103,4063,8166
202201,6호선,삼각지,6576,6058,12634
202201,6호선,상수,8393,9089,17482
202201,6호선,상월곡,6296,5660,11956
202201,6호선,새절,12587,12042,24629
202201,6호선,석계,12309,12795,25104
202201,6호선,신당,8764,9091,17855
202201,6호선,안암,10500,10242,20742
202201,6호선,약수,3667,3710,7377
202201,6호선,역촌,3810,4520,8330
202201,6호선,연신내,1,0,1
202201,6호선,월곡,11533,11751,23284
202201,6호선,월드컵경기장,3660,3789,7449
202201,6호선,응암,17393,17508,34901
202201,6호선,이태원,8920,8882,17802
202201,6호선,증산,9915,10158,20073
202201,6호선,창신,3419,2824,6243
202201,6호선,청구,3792,4075,7867
202201,6호선,태릉입구,5322,5891,11213
202201,6호선,한강진,9329,10226,19555
202201,6호선,합정,13004,12668,25672
202201,6호선,화랑대,11933,9401,21334
202201,6호선,효창공원앞,6984,6459,13443
202201,6호선,고려대,7648,7379,15027
202201,6호선,공덕,18684,17990,36674
202201,6호선,광흥창,9009,8837,17846
202201,6호선,구산,7512,5655,13167
202201,6호선,녹사평,4515,4342,8857
202201,6호선,대흥,7858,8270,16128
202201,6호선,독바위,2685,2732,5417
202201,6호선,돌곶이,9381,8762,18143
202201,6호선,동묘앞,7616,7673,15289
202201,6호선,디지털미디어시티,13693,15318,29011
202201,6호선,마포구청,14170,13038,27208
202201,6호선,망원,14184,15184,29368
202201,6호선,버티고개,1936,2094,4030
202201,6호선,보문,7125,6596,13721
202201,6호선,봉화산,9048,8481,17529
202201,6호선,불광,4215,4068,8283
202201,6호선,삼각지,6403,5695,12098
202201,6호선,상수,8419,9163,17582
202201,6호선,상월곡,6291,5662,11953
202201,6호선,새절,12521,11698,24219
202201,6호선,석계,11961,12416,24377
202201,6호선,신당,8275,8556,16831
202201,6호선,안암,9724,9727,19451
202201,6호선,약수,3594,3669,7263
202201,6호선,역촌,3844,4542,8386
202201,6호선,연신내,1,0,1
202201,6호선,월곡,11585,11688,23273
202201,6호선,월드컵경기장,3638,3885,7523
202201,6호선,응암,17363,17471,34834
202201,6호선,이태원,9339,9290,18629
202201,6호선,증산,10070,10155,20225
202201,6호선,창신,3375,2727,6102
202201,6호선,청구,3755,4096,7851
202201,6호선,태릉입구,5341,5862,11203
202201,6호선,한강진,8468,9603,18071
202201,6호선,합정,12802,12416,25218
202201,6호선,화랑대,11581,9022,20603
202201,6호선,효창공원앞,6904,6281,13185
202201,6호선,고려대,7839,7426,15265
202201,6호선,공덕,19074,18364,37438
202201,6호선,광흥창,9056,8916,17972
202201,6호선,구산,7574,5718,13292
202201,6호선,녹사평,4886,4840,9726
202201,6호선,대흥,8082,8272,16354
202201,6호선,독바위,2662,2754,5416
202201,6호선,돌곶이,9525,8887,18412
202201,6호선,동묘앞,7935,7935,15870
202201,6호선,디지털미디어시티,13449,14760,28209
202201,6호선,마포구청,14566,13233,27799
202201,6호선,망원,14931,16154,31085
202201,6호선,버티고개,2043,2097,4140
202201,6호선,보문,7417,6763,14180
202201,6호선,봉화산,8965,8437,17402
202201,6호선,불광,4283,4048,8331
202201,6호선,삼각지,6590,5888,12478
202201,6호선,상수,8694,9740,18434
202201,6호선,상월곡,6262,5645,11907
202201,6호선,새절,12788,11938,24726
202201,6호선,석계,12312,12577,24889
202201,6호선,신당,9013,9299,18312
202201,6호선,안암,9928,9698,19626
202201,6호선,약수,3646,3779,7425
202201,6호선,역촌,3830,4528,8358
202201,6호선,연신내,1,0,1
202201,6호선,월곡,11716,11612,23328
202201,6호선,월드컵경기장,3831,3997,7828
202201,6호선,응암,17614,17676,35290
202201,6호선,이태원,10468,10844,21312
202201,6호선,증산,10174,10018,20192
202201,6호선,창신,3382,2658,6040
202201,6호선,청구,3805,4032,7837
202201,6호선,태릉입구,5574,6047,11621
202201,6호선,한강진,9800,11026,20826
202201,6호선,합정,13760,13356,27116
202201,6호선,화랑대,11713,9125,20838
202201,6호선,효창공원앞,7010,6386,13396
202201,6호선,고려대,7412,7260,14672
202201,6호선,공덕,18532,17850,36382
202201,6호선,광흥창,8872,8634,17506
202201,6호선,구산,7436,5707,13143
202201,6호선,녹사평,4259,4183,8442
202201,6호선,대흥,7796,8114,15910
202201,6호선,독바위,2676,2836,5512
202201,6호선,돌곶이,9313,8749,18062
202201,6호선,동묘앞,7493,7736,15229
202201,6호선,디지털미디어시티,13604,14960,28564
202201,6호선,마포구청,14081,12956,27037
202201,6호선,망원,13569,14367,27936
202201,6호선,버티고개,2005,2058,4063
202201,6호선,보문,6914,6420,13334
202201,6호선,봉화산,8778,8125,16903
202201,6호선,불광,3961,3926,7887
202201,6호선,삼각지,5657,5034,10691
202201,6호선,상수,7475,8242,15717
202201,6호선,상월곡,6204,5666,11870
202201,6호선,새절,12260,11537,23797
202201,6호선,석계,11820,12321,24141
202201,6호선,신당,7344,7788,15132
202201,6호선,안암,9656,9796,19452
202201,6호선,약수,3519,3543,7062
202201,6호선,역촌,3757,4477,8234
202201,6호선,연신내,1,0,1
202201,6호선,월곡,11584,11494,23078
202201,6호선,월드컵경기장,4014,4141,8155
202201,6호선,응암,17196,17173,34369
202201,6호선,이태원,8430,8598,17028
202201,6호선,증산,10008,9969,19977
202201,6호선,창신,3215,2655,5870
202201,6호선,청구,3517,3908,7425
202201,6호선,태릉입구,5233,5581,10814
202201,6호선,한강진,6690,7427,14117
202201,6호선,합정,12189,11914,24103
202201,6호선,화랑대,11493,8985,20478
202201,6호선,효창공원앞,6712,6153,12865
202201,6호선,고려대,7542,7353,14895
202201,6호선,공덕,18884,18189,37073
202201,6호선,광흥창,8954,8777,17731
202201,6호선,구산,7429,5717,13146
202201,6호선,녹사평,4361,4285,8646
202201,6호선,대흥,7940,8169,16109
202201,6호선,독바위,2686,2856,5542
202201,6호선,돌곶이,9234,8730,17964
202201,6호선,동묘앞,7282,7403,14685
202201,6호선,디지털미디어시티,13689,15289,28978
202201,6호선,마포구청,14537,13117,27654
202201,6호선,망원,14144,15268,29412
202201,6호선,버티고개,1935,2025,3960
202201,6호선,보문,7095,6557,13652
202201,6호선,봉화산,9003,8393,17396
202201,6호선,불광,4002,4108,8110
202201,6호선,삼각지,6350,5731,12081
202201,6호선,상수,8026,8704,16730
202201,6호선,상월곡,6200,5621,11821
202201,6호선,새절,12629,11814,24443
202201,6호선,석계,12039,12369,24408
202201,6호선,신당,8121,8415,16536
202201,6호선,안암,9939,9861,19800
202201,6호선,약수,3660,3609,7269
202201,6호선,역촌,3837,4588,8425
202201,6호선,월곡,11375,11263,22638
202201,6호선,월드컵경기장,3772,3939,7711
202201,6호선,응암,17570,17413,34983
202201,6호선,이태원,8646,8697,17343
202201,6호선,증산,10202,10139,20341
202201,6호선,창신,3317,2696,6013
202201,6호선,청구,3735,3992,7727
202201,6호선,태릉입구,5322,5817,11139
202201,6호선,한강진,7886,8879,16765
202201,6호선,합정,12598,12329,24927
202201,6호선,화랑대,11461,9126,20587
202201,6호선,효창공원앞,6908,6261,13169
202201,6호선,고려대,7635,7412,15047
202201,6호선,공덕,19040,18078,37118
202201,6호선,광흥창,9309,9089,18398
202201,6호선,구산,7467,5686,13153
202201,6호선,녹사평,4444,4446,8890
202201,6호선,대흥,7911,8253,16164
202201,6호선,독바위,2682,2829,5511
202201,6호선,돌곶이,9541,9053,18594
202201,6호선,동묘앞,7769,7944,15713
202201,6호선,디지털미디어시티,13946,15240,29186
202201,6호선,마포구청,14609,13390,27999
202201,6호선,망원,14701,15522,30223
202201,6호선,버티고개,1907,2051,3958
202201,6호선,보문,7310,6723,14033
202201,6호선,봉화산,9013,8398,17411
202201,6호선,불광,4442,4381,8823
202201,6호선,삼각지,6408,5687,12095
202201,6호선,상수,8263,9115,17378
202201,6호선,상월곡,6288,5570,11858
202201,6호선,새절,12674,12028,24702
202201,6호선,석계,12251,12512,24763
202201,6호선,신당,8580,8758,17338
202201,6호선,안암,9883,10051,19934
202201,6호선,약수,3536,3501,7037
202201,6호선,역촌,3852,4544,8396
202201,6호선,연신내,2,0,2
202201,6호선,월곡,11680,11661,23341
202201,6호선,월드컵경기장,4063,4206,8269
202201,6호선,응암,17732,17728,35460
202201,6호선,이태원,9021,9133,18154
202201,6호선,증산,10188,10067,20255
202201,6호선,창신,3365,2703,6068
202201,6호선,청구,3743,4032,7775
202201,6호선,태릉입구,5567,6010,11577
202201,6호선,한강진,9310,10302,19612
202201,6호선,합정,12953,12431,25384
202201,6호선,화랑대,12041,9336,21377
202201,6호선,효창공원앞,6935,6230,13165
202201,6호선,고려대,7502,7168,14670
202201,6호선,공덕,18581,17623,36204
202201,6호선,광흥창,9038,8677,17715
202201,6호선,구산,7528,5695,13223
202201,6호선,녹사평,4448,4512,8960
202201,6호선,대흥,7776,8089,15865
202201,6호선,독바위,2731,2853,5584
202201,6호선,돌곶이,9314,8624,17938
202201,6호선,동묘앞,7583,7581,15164
202201,6호선,디지털미디어시티,13456,15044,28500
202201,6호선,마포구청,14300,12945,27245
202201,6호선,망원,14263,15174,29437
202201,6호선,버티고개,1972,2042,4014
202201,6호선,보문,7165,6594,13759
202201,6호선,봉화산,8969,8342,17311
202201,6호선,불광,4192,4090,8282
202201,6호선,삼각지,6079,5587,11666
202201,6호선,상수,8038,8693,16731
202201,6호선,상월곡,6064,5476,11540
202201,6호선,새절,12349,11604,23953
202201,6호선,석계,12066,12295,24361
202201,6호선,신당,8117,8541,16658
202201,6호선,안암,9736,9486,19222
202201,6호선,약수,3604,3556,7160
202201,6호선,역촌,3926,4488,8414
202201,6호선,월곡,11591,11444,23035
202201,6호선,월드컵경기장,3841,3976,7817
202201,6호선,응암,17286,17110,34396
202201,6호선,이태원,9181,9099,18280
202201,6호선,증산,10015,10013,20028
202201,6호선,창신,3309,2719,6028
202201,6호선,청구,3791,4048,7839
202201,6호선,태릉입구,5579,5874,11453
202201,6호선,한강진,8045,9175,17220
202201,6호선,합정,12776,12272,25048
202201,6호선,화랑대,11464,8937,20401
202201,6호선,효창공원앞,7022,6356,13378
202201,6호선,고려대,7445,7046,14491
202201,6호선,공덕,17952,17403,35355
202201,6호선,광흥창,8796,8527,17323
202201,6호선,구산,7337,5482,12819
202201,6호선,녹사평,4608,4642,9250
202201,6호선,대흥,7755,7811,15566
202201,6호선,독바위,2587,2692,5279
202201,6호선,돌곶이,9035,8235,17270
202201,6호선,동묘앞,7675,7443,15118
202201,6호선,디지털미디어시티,12635,13959,26594
202201,6호선,마포구청,14204,12604,26808
202201,6호선,망원,14868,15716,30584
202201,6호선,버티고개,1919,2006,3925
202201,6호선,보문,7234,6354,13588
202201,6호선,봉화산,8541,8169,16710
202201,6호선,불광,4230,4051,8281
202201,6호선,삼각지,5957,5336,11293
202201,6호선,상수,8568,9518,18086
202201,6호선,상월곡,6062,5270,11332
202201,6호선,새절,12204,11182,23386
202201,6호선,석계,11795,12001,23796
202201,6호선,신당,8306,7890,16196
202201,6호선,안암,9465,8792,18257
202201,6호선,약수,3433,3537,6970
202201,6호선,역촌,3864,4559,8423
202201,6호선,연신내,2,0,2
202201,6호선,월곡,11497,11124,22621
202201,6호선,월드컵경기장,4050,4211,8261
202201,6호선,응암,17221,17010,34231
202201,6호선,이태원,9978,10307,20285
202201,6호선,증산,9862,9695,19557
202201,6호선,창신,3269,2537,5806
202201,6호선,청구,3688,3814,7502
202201,6호선,태릉입구,5392,5728,11120
202201,6호선,한강진,9338,10577,19915
202201,6호선,합정,13100,12760,25860
202201,6호선,화랑대,10999,8621,19620
202201,6호선,효창공원앞,6774,6205,12979
202201,6호선,고려대,2662,2294,4956
202201,6호선,공덕,4221,3821,8042
202201,6호선,광흥창,2220,2118,4338
202201,6호선,구산,2560,1896,4456
202201,6호선,녹사평,1935,1978,3913
202201,6호선,대흥,2178,2141,4319
202201,6호선,독바위,1016,1226,2242
202201,6호선,돌곶이,2991,2880,5871
202201,6호선,동묘앞,3389,3169,6558
202201,6호선,디지털미디어시티,3262,3414,6676
202201,6호선,마포구청,4231,3709,7940
202201,6호선,망원,6428,6691,13119
202201,6호선,버티고개,659,729,1388
202201,6호선,보문,2414,1966,4380
202201,6호선,봉화산,2424,2547,4971
202201,6호선,불광,1864,1649,3513
202201,6호선,삼각지,1920,1394,3314
202201,6호선,상수,3162,3213,6375
202201,6호선,상월곡,2051,1787,3838
202201,6호선,새절,4280,4239,8519
202201,6호선,석계,4134,4275,8409
202201,6호선,신당,2039,1787,3826
202201,6호선,안암,2475,2092,4567
202201,6호선,약수,1117,1147,2264
202201,6호선,역촌,1267,1483,2750
202201,6호선,월곡,3636,3477,7113
202201,6호선,월드컵경기장,2359,2216,4575
202201,6호선,응암,6302,6375,12677
202201,6호선,이태원,6436,6097,12533
202201,6호선,증산,3707,3614,7321
202201,6호선,창신,1041,923,1964
202201,6호선,청구,1023,1047,2070
202201,6호선,태릉입구,1795,1899,3694
202201,6호선,한강진,3454,3926,7380
202201,6호선,합정,5050,4500,9550
202201,6호선,화랑대,3073,2662,5735
202201,6호선,효창공원앞,1957,1711,3668
202202,6호선,고려대,2391,2585,4976
202202,6호선,공덕,3382,3440,6822
202202,6호선,광흥창,1973,2015,3988
202202,6호선,구산,2484,1996,4480
202202,6호선,녹사평,1759,1669,3428
202202,6호선,대흥,1861,2071,3932
202202,6호선,독바위,1079,1171,2250
202202,6호선,돌곶이,2884,2956,5840
202202,6호선,동묘앞,2419,2519,4938
202202,6호선,디지털미디어시티,3213,3400,6613
202202,6호선,마포구청,4134,4230,8364
202202,6호선,망원,4243,4870,9113
202202,6호선,버티고개,564,662,1226
202202,6호선,보문,2618,2724,5342
202202,6호선,봉화산,2543,2554,5097
202202,6호선,불광,1321,1239,2560
202202,6호선,삼각지,1597,1189,2786
202202,6호선,상수,2406,2870,5276
202202,6호선,상월곡,2021,1933,3954
202202,6호선,새절,4227,4394,8621
202202,6호선,석계,4275,4287,8562
202202,6호선,신당,1734,1783,3517
202202,6호선,안암,1998,2204,4202
202202,6호선,약수,1003,1041,2044
202202,6호선,역촌,1395,1839,3234
202202,6호선,월곡,3301,3423,6724
202202,6호선,월드컵경기장,1909,1794,3703
202202,6호선,응암,5918,6290,12208
202202,6호선,이태원,5200,5447,10647
202202,6호선,증산,3625,3783,7408
202202,6호선,창신,1054,999,2053
202202,6호선,청구,1117,1102,2219
202202,6호선,태릉입구,1658,1868,3526
202202,6호선,한강진,1445,1811,3256
202202,6호선,합정,4105,3624,7729
202202,6호선,화랑대,2884,2600,5484
202202,6호선,효창공원앞,1825,1723,3548
202202,6호선,고려대,2580,3017,5597
202202,6호선,공덕,4744,4723,9467
202202,6호선,광흥창,2647,2738,5385
202202,6호선,구산,2886,2240,5126
202202,6호선,녹사평,2408,2370,4778
202202,6호선,대흥,2461,2844,5305
202202,6호선,독바위,1118,1389,2507
202202,6호선,돌곶이,3339,3287,6626
202202,6호선,동묘앞,3666,3675,7341
202202,6호선,디지털미디어시티,3790,4016,7806
202202,6호선,마포구청,4961,5200,10161
202202,6호선,망원,6227,7252,13479
202202,6호선,버티고개,714,850,1564
202202,6호선,보문,2722,2972,5694
202202,6호선,봉화산,2902,2931,5833
202202,6호선,불광,2291,1960,4251
202202,6호선,삼각지,2290,2009,4299
202202,6호선,상수,3806,4550,8356
202202,6호선,상월곡,2177,2149,4326
202202,6호선,새절,4794,4852,9646
202202,6호선,석계,4834,5217,10051
202202,6호선,신당,2745,2691,5436
202202,6호선,안암,2699,3612,6311
202202,6호선,약수,1180,1244,2424
202202,6호선,역촌,1468,1887,3355
202202,6호선,월곡,4306,4481,8787
202202,6호선,월드컵경기장,2706,2676,5382
202202,6호선,응암,6754,7183,13937
202202,6호선,이태원,6314,5667,11981
202202,6호선,증산,4062,4373,8435
202202,6호선,창신,1147,1108,2255
202202,6호선,청구,1284,1242,2526
202202,6호선,태릉입구,2149,2412,4561
202202,6호선,한강진,4852,5539,10391
202202,6호선,합정,6660,5965,12625
202202,6호선,화랑대,3620,3185,6805
202202,6호선,효창공원앞,2159,2076,4235
202202,6호선,고려대,6654,6720,13374
202202,6호선,공덕,15343,15096,30439
202202,6호선,광흥창,8076,7942,16018
202202,6호선,구산,6947,5557,12504
202202,6호선,녹사평,3904,3916,7820
202202,6호선,대흥,6911,7339,14250
202202,6호선,독바위,2379,2532,4911
202202,6호선,돌곶이,8275,7842,16117
202202,6호선,동묘앞,6129,6702,12831
202202,6호선,디지털미디어시티,11940,13262,25202
202202,6호선,마포구청,12661,11902,24563
202202,6호선,망원,11993,13144,25137
202202,6호선,버티고개,1738,1858,3596
202202,6호선,보문,6415,6129,12544
202202,6호선,봉화산,8025,7541,15566
202202,6호선,불광,3760,3672,7432
202202,6호선,삼각지,4994,4565,9559
202202,6호선,상수,7024,7892,14916
202202,6호선,상월곡,5459,5009,10468
202202,6호선,새절,11180,10430,21610
202202,6호선,석계,10656,11262,21918
202202,6호선,신당,5828,6710,12538
202202,6호선,안암,8210,8688,16898
202202,6호선,약수,3190,3210,6400
202202,6호선,역촌,3568,4288,7856
202202,6호선,월곡,9545,9773,19318
202202,6호선,월드컵경기장,3333,3496,6829
202202,6호선,응암,15688,16029,31717
202202,6호선,이태원,8116,8135,16251
202202,6호선,증산,8919,9210,18129
202202,6호선,창신,2939,2462,5401
202202,6호선,청구,3325,3472,6797
202202,6호선,태릉입구,4885,5349,10234
202202,6호선,한강진,7379,8284,15663
202202,6호선,합정,11209,10935,22144
202202,6호선,화랑대,10151,8363,18514
202202,6호선,효창공원앞,5987,5487,11474
202202,6호선,고려대,7068,7058,14126
202202,6호선,공덕,16849,16136,32985
202202,6호선,광흥창,8227,8153,16380
202202,6호선,구산,7190,5592,12782
202202,6호선,녹사평,4231,4288,8519
202202,6호선,대흥,7391,7638,15029
202202,6호선,독바위,2529,2652,5181
202202,6호선,돌곶이,8680,8181,16861
202202,6호선,동묘앞,7214,7438,14652
202202,6호선,디지털미디어시티,12331,13606,25937
202202,6호선,마포구청,13331,12495,25826
202202,6호선,망원,13603,14671,28274
202202,6호선,버티고개,1881,1930,3811
202202,6호선,보문,7083,6543,13626
202202,6호선,봉화산,8384,7892,16276
202202,6호선,불광,3989,3869,7858
202202,6호선,삼각지,5692,5097,10789
202202,6호선,상수,8147,8913,17060
202202,6호선,상월곡,5642,5047,10689
202202,6호선,새절,11780,11185,22965
202202,6호선,석계,11391,11882,23273
202202,6호선,신당,7366,7729,15095
202202,6호선,안암,8725,8731,17456
202202,6호선,약수,3457,3492,6949
202202,6호선,역촌,3690,4351,8041
202202,6호선,월곡,10686,10630,21316
202202,6호선,월드컵경기장,3409,3442,6851
202202,6호선,응암,16329,16419,32748
202202,6호선,이태원,8915,9476,18391
202202,6호선,증산,9270,9350,18620
202202,6호선,창신,3110,2535,5645
202202,6호선,청구,3492,3766,7258
202202,6호선,태릉입구,4971,5545,10516
202202,6호선,한강진,8192,9186,17378
202202,6호선,합정,12742,12106,24848
202202,6호선,화랑대,10722,8466,19188
202202,6호선,효창공원앞,6350,5887,12237
202202,6호선,고려대,7189,7041,14230
202202,6호선,공덕,17632,17004,34636
202202,6호선,광흥창,8621,8413,17034
202202,6호선,구산,7179,5476,12655
202202,6호선,녹사평,3871,3907,7778
202202,6호선,대흥,7536,7818,15354
202202,6호선,독바위,2514,2709,5223
202202,6호선,돌곶이,9036,8621,17657
202202,6호선,동묘앞,7215,7405,14620
202202,6호선,디지털미디어시티,13066,14258,27324
202202,6호선,마포구청,13691,12422,26113
202202,6호선,망원,12542,13531,26073
202202,6호선,버티고개,1876,1992,3868
202202,6호선,보문,6643,6236,12879
202202,6호선,봉화산,8581,7912,16493
202202,6호선,불광,3811,3876,7687
202202,6호선,삼각지,5325,4768,10093
202202,6호선,상수,7219,7822,15041
202202,6호선,상월곡,5743,5351,11094
202202,6호선,새절,11998,11448,23446
202202,6호선,석계,11338,11880,23218
202202,6호선,신당,7296,7811,15107
202202,6호선,안암,9168,9177,18345
202202,6호선,약수,3394,3452,6846
202202,6호선,역촌,3692,4387,8079
202202,6호선,연신내,1,0,1
202202,6호선,월곡,10847,10810,21657
202202,6호선,월드컵경기장,3556,3586,7142
202202,6호선,응암,16520,16648,33168
202202,6호선,이태원,7996,8040,16036
202202,6호선,증산,9377,9503,18880
202202,6호선,창신,3146,2582,5728
202202,6호선,청구,3517,3837,7354
202202,6호선,태릉입구,4988,5433,10421
202202,6호선,한강진,6159,6840,12999
202202,6호선,합정,11349,11216,22565
202202,6호선,화랑대,10989,8842,19831
202202,6호선,효창공원앞,6424,5847,12271
202202,6호선,고려대,7261,7095,14356
202202,6호선,공덕,17656,17061,34717
202202,6호선,광흥창,8755,8563,17318
202202,6호선,구산,7207,5565,12772
202202,6호선,녹사평,4087,4105,8192
202202,6호선,대흥,7514,7800,15314
202202,6호선,독바위,2575,2734,5309
202202,6호선,돌곶이,8879,8432,17311
202202,6호선,동묘앞,7276,7305,14581
202202,6호선,디지털미디어시티,13254,14541,27795
202202,6호선,마포구청,13732,12616,26348
202202,6호선,망원,12891,13807,26698
202202,6호선,버티고개,1879,1992,3871
202202,6호선,보문,6864,6529,13393
202202,6호선,봉화산,8641,8102,16743
202202,6호선,불광,3996,3816,7812
202202,6호선,삼각지,5649,5113,10762
202202,6호선,상수,7487,8137,15624
202202,6호선,상월곡,5798,5301,11099
202202,6호선,새절,12044,11478,23522
202202,6호선,석계,11455,11896,23351
202202,6호선,신당,7405,7875,15280
202202,6호선,안암,9220,9084,18304
202202,6호선,약수,3507,3358,6865
202202,6호선,역촌,3578,4239,7817
202202,6호선,연신내,2,0,2
202202,6호선,월곡,10830,10882,21712
202202,6호선,월드컵경기장,3664,3855,7519
202202,6호선,응암,16767,16822,33589
202202,6호선,이태원,8117,8122,16239
202202,6호선,증산,9573,9618,19191
202202,6호선,창신,3208,2612,5820
202202,6호선,청구,3632,3893,7525
202202,6호선,태릉입구,5160,5597,10757
202202,6호선,한강진,6848,7648,14496
202202,6호선,합정,11710,11238,22948
202202,6호선,화랑대,11117,8793,19910
202202,6호선,효창공원앞,6472,6042,12514
202202,6호선,고려대,7209,7269,14478
202202,6호선,공덕,17922,17228,35150
202202,6호선,광흥창,8654,8558,17212
202202,6호선,구산,7133,5530,12663
202202,6호선,녹사평,4067,4088,8155
202202,6호선,대흥,7599,7958,15557
202202,6호선,독바위,2526,2696,5222
202202,6호선,돌곶이,9009,8624,17633
202202,6호선,동묘앞,7225,7322,14547
202202,6호선,디지털미디어시티,13223,14548,27771
202202,6호선,마포구청,13657,12652,26309
202202,6호선,망원,13208,13933,27141
202202,6호선,버티고개,1847,1959,3806
202202,6호선,보문,6952,6424,13376
202202,6호선,봉화산,8573,8027,16600
202202,6호선,불광,4089,3975,8064
202202,6호선,삼각지,5724,5083,10807
202202,6호선,상수,7432,8258,15690
202202,6호선,상월곡,5885,5325,11210
202202,6호선,새절,12237,11583,23820
202202,6호선,석계,11442,11906,23348
202202,6호선,신당,7292,7767,15059
202202,6호선,안암,9300,9253,18553
202202,6호선,약수,3427,3380,6807
202202,6호선,역촌,3965,4642,8607
202202,6호선,월곡,10990,11029,22019
202202,6호선,월드컵경기장,3789,3969,7758
202202,6호선,응암,16772,16890,33662
202202,6호선,이태원,8512,8620,17132
202202,6호선,증산,9718,9776,19494
202202,6호선,창신,3148,2619,5767
202202,6호선,청구,3688,3985,7673
202202,6호선,태릉입구,5128,5596,10724
202202,6호선,한강진,6857,7692,14549
202202,6호선,합정,11886,11504,23390
202202,6호선,화랑대,10991,8656,19647
202202,6호선,효창공원앞,6516,6000,12516
202202,6호선,고려대,7188,7022,14210
202202,6호선,공덕,17463,16952,34415
202202,6호선,광흥창,8606,8456,17062
202202,6호선,구산,7223,5634,12857
202202,6호선,녹사평,4193,4147,8340
202202,6호선,대흥,7562,7818,15380
202202,6호선,독바위,2611,2723,5334
202202,6호선,돌곶이,8974,8305,17279
202202,6호선,동묘앞,7405,7443,14848
202202,6호선,디지털미디어시티,13088,14402,27490
202202,6호선,마포구청,13584,12273,25857
202202,6호선,망원,13384,14367,27751
202202,6호선,버티고개,1937,1977,3914
202202,6호선,보문,6845,6349,13194
202202,6호선,봉화산,8509,8024,16533
202202,6호선,불광,4000,3919,7919
202202,6호선,삼각지,5886,5181,11067
202202,6호선,상수,7471,8293,15764
202202,6호선,상월곡,5765,5281,11046
202202,6호선,새절,12095,11423,23518
202202,6호선,석계,11471,11826,23297
202202,6호선,신당,7264,7724,14988
202202,6호선,안암,9138,9132,18270
202202,6호선,약수,3427,3366,6793
202202,6호선,역촌,3650,4233,7883
202202,6호선,연신내,1,0,1
202202,6호선,월곡,10945,10909,21854
202202,6호선,월드컵경기장,3761,3929,7690
202202,6호선,응암,16695,16797,33492
202202,6호선,이태원,8548,8443,16991
202202,6호선,증산,9599,9673,19272
202202,6호선,창신,3136,2600,5736
202202,6호선,청구,3653,3994,7647
202202,6호선,태릉입구,5105,5631,10736
202202,6호선,한강진,7067,7956,15023
202202,6호선,합정,12038,11673,23711
202202,6호선,화랑대,10960,8704,19664
202202,6호선,효창공원앞,6512,5902,12414
202202,6호선,고려대,7518,7070,14588
202202,6호선,공덕,17844,17124,34968
202202,6호선,광흥창,8551,8413,16964
202202,6호선,구산,7384,5622,13006
202202,6호선,녹사평,4360,4430,8790
202202,6호선,대흥,7671,7866,15537
202202,6호선,독바위,2641,2632,5273
202202,6호선,돌곶이,8889,8293,17182
202202,6호선,동묘앞,7579,7658,15237
202202,6호선,디지털미디어시티,13024,13967,26991
202202,6호선,마포구청,13936,12611,26547
202202,6호선,망원,14038,15029,29067
202202,6호선,버티고개,1938,1966,3904
202202,6호선,보문,7034,6431,13465
202202,6호선,봉화산,8542,8034,16576
202202,6호선,불광,3999,4070,8069
202202,6호선,삼각지,5955,5280,11235
202202,6호선,상수,8026,9029,17055
202202,6호선,상월곡,5772,5235,11007
202202,6호선,새절,12059,11428,23487
202202,6호선,석계,11527,11844,23371
202202,6호선,신당,7405,7668,15073
202202,6호선,안암,9201,8948,18149
202202,6호선,약수,3556,3535,7091
202202,6호선,역촌,3844,4484,8328
202202,6호선,연신내,3,0,3
202202,6호선,월곡,11025,10672,21697
202202,6호선,월드컵경기장,3955,4074,8029
202202,6호선,응암,16865,17081,33946
202202,6호선,이태원,9314,9726,19040
202202,6호선,증산,9579,9519,19098
202202,6호선,창신,3174,2499,5673
202202,6호선,청구,3638,3897,7535
202202,6호선,태릉입구,5199,5732,10931
202202,6호선,한강진,7460,8291,15751
202202,6호선,합정,12853,12314,25167
202202,6호선,화랑대,11111,8747,19858
202202,6호선,효창공원앞,6718,6082,12800
202202,6호선,고려대,7203,7096,14299
202202,6호선,공덕,17308,16927,34235
202202,6호선,광흥창,8332,8226,16558
202202,6호선,구산,6991,5505,12496
202202,6호선,녹사평,3918,3915,7833
202202,6호선,대흥,7392,7737,15129
202202,6호선,독바위,2542,2654,5196
202202,6호선,돌곶이,8828,8502,17330
202202,6호선,동묘앞,7216,7506,14722
202202,6호선,디지털미디어시티,12892,14318,27210
202202,6호선,마포구청,13477,12441,25918
202202,6호선,망원,12737,13602,26339
202202,6호선,버티고개,1881,1981,3862
202202,6호선,보문,6736,6278,13014
202202,6호선,봉화산,8456,8038,16494
202202,6호선,불광,3900,3910,7810
202202,6호선,삼각지,5312,4772,10084
202202,6호선,상수,7423,8155,15578
202202,6호선,상월곡,5721,5315,11036
202202,6호선,새절,11602,11095,22697
202202,6호선,석계,11230,11793,23023
202202,6호선,신내,1,0,1
202202,6호선,신당,7803,8142,15945
202202,6호선,안암,8999,9119,18118
202202,6호선,약수,3346,3376,6722
202202,6호선,역촌,3656,4329,7985
202202,6호선,연신내,1,0,1
202202,6호선,월곡,10884,10830,21714
202202,6호선,월드컵경기장,3580,3677,7257
202202,6호선,응암,16427,16623,33050
202202,6호선,이태원,8118,8104,16222
202202,6호선,증산,9590,9526,19116
202202,6호선,창신,3133,2598,5731
202202,6호선,청구,3611,3880,7491
202202,6호선,태릉입구,5056,5433,10489
202202,6호선,한강진,6359,7072,13431
202202,6호선,합정,11740,11162,22902
202202,6호선,화랑대,10961,8682,19643
202202,6호선,효창공원앞,6409,6012,12421
202202,6호선,고려대,7125,7108,14233
202202,6호선,공덕,17476,16997,34473
202202,6호선,광흥창,8476,8318,16794
202202,6호선,구산,6952,5477,12429
202202,6호선,녹사평,3983,3909,7892
202202,6호선,대흥,7346,7701,15047
202202,6호선,독바위,2493,2622,5115
202202,6호선,돌곶이,8718,8360,17078
202202,6호선,동묘앞,7281,7402,14683
202202,6호선,디지털미디어시티,12612,14194,26806
202202,6호선,마포구청,13565,12591,26156
202202,6호선,망원,12564,13588,26152
202202,6호선,버티고개,1865,1923,3788
202202,6호선,보문,6645,6256,12901
202202,6호선,봉화산,8394,7998,16392
202202,6호선,불광,3904,3831,7735
202202,6호선,삼각지,5765,5142,10907
202202,6호선,상수,7430,8094,15524
202202,6호선,상월곡,5802,5200,11002
202202,6호선,새절,11834,11254,23088
202202,6호선,석계,11355,11815,23170
202202,6호선,신당,7950,8146,16096
202202,6호선,안암,9154,9099,18253
202202,6호선,약수,3279,3336,6615
202202,6호선,역촌,3648,4440,8088
202202,6호선,연신내,1,0,1
202202,6호선,월곡,10728,10653,21381
202202,6호선,월드컵경기장,3501,3695,7196
202202,6호선,응암,16663,16657,33320
202202,6호선,이태원,8182,8069,16251
202202,6호선,증산,9480,9638,19118
202202,6호선,창신,3218,2600,5818
202202,6호선,청구,3667,3797,7464
202202,6호선,태릉입구,4970,5381,10351
202202,6호선,한강진,7666,8596,16262
202202,6호선,합정,11765,11385,23150
202202,6호선,화랑대,10799,8700,19499
202202,6호선,효창공원앞,6492,5978,12470
202202,6호선,고려대,7123,7045,14168
202202,6호선,공덕,16824,16466,33290
202202,6호선,광흥창,8324,8198,16522
202202,6호선,구산,6991,5334,12325
202202,6호선,녹사평,3877,3859,7736
202202,6호선,대흥,7134,7531,14665
202202,6호선,독바위,2435,2602,5037
202202,6호선,돌곶이,8620,8237,16857
202202,6호선,동묘앞,6972,7202,14174
202202,6호선,디지털미디어시티,12442,13694,26136
202202,6호선,마포구청,13104,12187,25291
202202,6호선,망원,12635,13423,26058
202202,6호선,버티고개,1787,1875,3662
202202,6호선,보문,6672,6180,12852
202202,6호선,봉화산,8306,7889,16195
202202,6호선,불광,4019,3860,7879
202202,6호선,삼각지,5622,5145,10767
202202,6호선,상수,7609,8125,15734
202202,6호선,상월곡,5680,5257,10937
202202,6호선,새절,11535,10958,22493
202202,6호선,석계,11110,11618,22728
202202,6호선,신내,2,0,2
202202,6호선,신당,7910,8298,16208
202202,6호선,안암,9046,9091,18137
202202,6호선,약수,3337,3316,6653
202202,6호선,역촌,3561,4315,7876
202202,6호선,연신내,3,0,3
202202,6호선,월곡,10414,10362,20776
202202,6호선,월드컵경기장,3230,3432,6662
202202,6호선,응암,15998,16132,32130
202202,6호선,이태원,7997,8098,16095
202202,6호선,증산,9219,9386,18605
202202,6호선,창신,3198,2689,5887
202202,6호선,청구,3531,3848,7379
202202,6호선,태릉입구,4907,5411,10318
202202,6호선,한강진,8678,9569,18247
202202,6호선,합정,11775,11237,23012
202202,6호선,화랑대,10855,8598,19453
202202,6호선,효창공원앞,6321,5875,12196
202202,6호선,고려대,6956,6894,13850
202202,6호선,공덕,16713,16103,32816
202202,6호선,광흥창,8254,8057,16311
202202,6호선,구산,6814,5327,12141
202202,6호선,녹사평,3953,3973,7926
202202,6호선,대흥,7019,7459,14478
202202,6호선,독바위,2389,2506,4895
202202,6호선,돌곶이,8679,7882,16561
202202,6호선,동묘앞,7751,7751,15502
202202,6호선,디지털미디어시티,12174,13664,25838
202202,6호선,마포구청,13182,12178,25360
202202,6호선,망원,12466,13479,25945
202202,6호선,버티고개,1753,1893,3646
202202,6호선,보문,6716,6201,12917
202202,6호선,봉화산,8193,7803,15996
202202,6호선,불광,3934,3851,7785
202202,6호선,삼각지,5506,5065,10571
202202,6호선,상수,7665,8271,15936
202202,6호선,상월곡,5621,5074,10695
202202,6호선,새절,11383,10743,22126
202202,6호선,석계,10815,11450,22265
202202,6호선,신내,2,0,2
202202,6호선,신당,7832,8136,15968
202202,6호선,안암,8999,8856,17855
202202,6호선,약수,3226,3190,6416
202202,6호선,역촌,3605,4262,7867
202202,6호선,연신내,1,0,1
202202,6호선,월곡,10422,10363,20785
202202,6호선,월드컵경기장,3708,3861,7569
202202,6호선,응암,15856,16051,31907
202202,6호선,이태원,8065,8151,16216
202202,6호선,증산,9153,9156,18309
202202,6호선,창신,3068,2599,5667
202202,6호선,청구,3571,3769,7340
202202,6호선,태릉입구,5042,5344,10386
202202,6호선,한강진,7492,8327,15819
202202,6호선,합정,11675,11184,22859
202202,6호선,화랑대,10633,8537,19170
202202,6호선,효창공원앞,6260,5767,12027
202202,6호선,고려대,7307,7248,14555
202202,6호선,공덕,17175,16550,33725
202202,6호선,광흥창,8325,8042,16367
202202,6호선,구산,7030,5425,12455
202202,6호선,녹사평,4269,4385,8654
202202,6호선,대흥,7436,7700,15136
202202,6호선,독바위,2496,2541,5037
202202,6호선,돌곶이,8656,8121,16777
202202,6호선,동묘앞,7350,7434,14784
202202,6호선,디지털미디어시티,12218,13385,25603
202202,6호선,마포구청,13456,12231,25687
202202,6호선,망원,13384,14460,27844
202202,6호선,버티고개,1888,1915,3803
202202,6호선,보문,7073,6357,13430
202202,6호선,봉화산,8278,7748,16026
202202,6호선,불광,4039,3984,8023
202202,6호선,삼각지,5900,5264,11164
202202,6호선,상수,8396,9566,17962
202202,6호선,상월곡,5796,5077,10873
202202,6호선,새절,11779,11104,22883
202202,6호선,석계,11281,11685,22966
202202,6호선,신당,8016,8288,16304
202202,6호선,안암,9519,9217,18736
202202,6호선,약수,3340,3360,6700
202202,6호선,역촌,3717,4338,8055
202202,6호선,월곡,10725,10667,21392
202202,6호선,월드컵경기장,3777,3872,7649
202202,6호선,응암,16427,16421,32848
202202,6호선,이태원,9297,9752,19049
202202,6호선,증산,9531,9466,18997
202202,6호선,창신,3078,2476,5554
202202,6호선,청구,3599,3778,7377
202202,6호선,태릉입구,5110,5645,10755
202202,6호선,한강진,8972,10047,19019
202202,6호선,합정,12438,11828,24266
202202,6호선,화랑대,11051,8756,19807
202202,6호선,효창공원앞,6456,5814,12270
202202,6호선,고려대,7204,7149,14353
202202,6호선,공덕,16654,16169,32823
202202,6호선,광흥창,8087,7971,16058
202202,6호선,구산,6907,5359,12266
202202,6호선,녹사평,3838,3833,7671
202202,6호선,대흥,7272,7784,15056
202202,6호선,독바위,2417,2611,5028
202202,6호선,돌곶이,8478,8001,16479
202202,6호선,동묘앞,6930,7180,14110
202202,6호선,디지털미디어시티,12155,13621,25776
202202,6호선,마포구청,13140,12110,25250
202202,6호선,망원,11997,12883,24880
202202,6호선,버티고개,1775,1830,3605
202202,6호선,보문,6557,6099,12656
202202,6호선,봉화산,8201,7671,15872
202202,6호선,불광,3776,3626,7402
202202,6호선,삼각지,5040,4462,9502
202202,6호선,상수,7073,7597,14670
202202,6호선,상월곡,5578,5182,10760
202202,6호선,새절,11387,10660,22047
202202,6호선,석계,11104,11727,22831
202202,6호선,신당,7007,7589,14596
202202,6호선,안암,9729,9680,19409
202202,6호선,약수,3258,3230,6488
202202,6호선,역촌,3575,4297,7872
202202,6호선,월곡,10736,10597,21333
202202,6호선,월드컵경기장,3310,3462,6772
202202,6호선,응암,16076,16092,32168
202202,6호선,이태원,7895,7831,15726
202202,6호선,증산,9147,9191,18338
202202,6호선,창신,3061,2542,5603
202202,6호선,청구,3404,3747,7151
202202,6호선,태릉입구,4856,5332,10188
202202,6호선,한강진,6102,6962,13064
202202,6호선,합정,11102,10693,21795
202202,6호선,화랑대,10605,8305,18910
202202,6호선,효창공원앞,6183,5643,11826
202202,6호선,고려대,6998,6919,13917
202202,6호선,공덕,16867,16199,33066
202202,6호선,광흥창,8202,8099,16301
202202,6호선,구산,6908,5447,12355
202202,6호선,녹사평,4051,4022,8073
202202,6호선,대흥,7027,7421,14448
202202,6호선,독바위,2470,2612,5082
202202,6호선,돌곶이,8488,8062,16550
202202,6호선,동묘앞,7037,7199,14236
202202,6호선,디지털미디어시티,12431,13739,26170
202202,6호선,마포구청,13259,12114,25373
202202,6호선,망원,12302,13103,25405
202202,6호선,버티고개,1772,1885,3657
202202,6호선,보문,6560,6201,12761
202202,6호선,봉화산,8269,7740,16009
202202,6호선,불광,3926,3760,7686
202202,6호선,삼각지,5443,4926,10369
202202,6호선,상수,7588,8133,15721
202202,6호선,상월곡,5609,5101,10710
202202,6호선,새절,11714,10904,22618
202202,6호선,석계,11231,11843,23074
202202,6호선,신당,7692,7998,15690
202202,6호선,안암,9455,9336,18791
202202,6호선,약수,3231,3246,6477
202202,6호선,역촌,3584,4296,7880
202202,6호선,월곡,10563,10537,21100
202202,6호선,월드컵경기장,3510,3760,7270
202202,6호선,응암,16183,16135,32318
202202,6호선,이태원,8100,7960,16060
202202,6호선,증산,9368,9424,18792
202202,6호선,창신,3148,2645,5793
202202,6호선,청구,3465,3783,7248
202202,6호선,태릉입구,4952,5325,10277
202202,6호선,한강진,6617,7594,14211
202202,6호선,합정,11355,11033,22388
202202,6호선,화랑대,10576,8334,18910
202202,6호선,효창공원앞,6385,5844,12229
202202,6호선,고려대,6993,6918,13911
202202,6호선,공덕,16669,16100,32769
202202,6호선,광흥창,8100,8119,16219
202202,6호선,구산,6801,5342,12143
202202,6호선,녹사평,4033,4009,8042
202202,6호선,대흥,7161,7530,14691
202202,6호선,독바위,2430,2585,5015
202202,6호선,돌곶이,8648,8176,16824
202202,6호선,동묘앞,7039,7156,14195
202202,6호선,디지털미디어시티,12255,13530,25785
202202,6호선,마포구청,13219,12087,25306
202202,6호선,망원,12476,13391,25867
202202,6호선,버티고개,1801,1857,3658
202202,6호선,보문,6615,6123,12738
202202,6호선,봉화산,8066,7583,15649
202202,6호선,불광,3957,3891,7848
202202,6호선,삼각지,5339,4950,10289
202202,6호선,상수,7345,7962,15307
202202,6호선,상월곡,5643,5142,10785
202202,6호선,새절,11447,10808,22255
202202,6호선,석계,11346,11800,23146
202202,6호선,신당,8072,8342,16414
202202,6호선,안암,9529,9548,19077
202202,6호선,약수,3245,3196,6441
202202,6호선,역촌,3572,4226,7798
202202,6호선,월곡,10509,10602,21111
202202,6호선,월드컵경기장,3512,3668,7180
202202,6호선,응암,15908,16163,32071
202202,6호선,이태원,7925,8076,16001
202202,6호선,증산,9061,9139,18200
202202,6호선,창신,3082,2558,5640
202202,6호선,청구,3492,3805,7297
202202,6호선,태릉입구,4941,5347,10288
202202,6호선,한강진,6630,7587,14217
202202,6호선,합정,11464,10979,22443
202202,6호선,화랑대,10522,8387,18909
202202,6호선,효창공원앞,6287,5792,12079
202202,6호선,고려대,7205,7203,14408
202202,6호선,공덕,16650,15966,32616
202202,6호선,광흥창,8068,7896,15964
202202,6호선,구산,6832,5338,12170
202202,6호선,녹사평,4050,4099,8149
202202,6호선,대흥,7261,7562,14823
202202,6호선,독바위,2456,2639,5095
202202,6호선,돌곶이,8585,8053,16638
202202,6호선,동묘앞,7126,7240,14366
202202,6호선,디지털미디어시티,12326,13490,25816
202202,6호선,마포구청,13112,12190,25302
202202,6호선,망원,12755,13449,26204
202202,6호선,버티고개,1807,1840,3647
202202,6호선,보문,6751,6176,12927
202202,6호선,봉화산,8036,7593,15629
202202,6호선,불광,3836,3790,7626
202202,6호선,삼각지,5533,4875,10408
202202,6호선,상수,7474,8287,15761
202202,6호선,상월곡,5621,5042,10663
202202,6호선,새절,11588,10921,22509
202202,6호선,석계,11304,11778,23082
202202,6호선,신당,7692,7996,15688
202202,6호선,안암,9675,9602,19277
202202,6호선,약수,3201,3252,6453
202202,6호선,역촌,3608,4194,7802
202202,6호선,연신내,1,0,1
202202,6호선,월곡,10470,10440,20910
202202,6호선,월드컵경기장,3707,3833,7540
202202,6호선,응암,15998,16066,32064
202202,6호선,이태원,8265,8242,16507
202202,6호선,증산,9293,9261,18554
202202,6호선,창신,3095,2463,5558
202202,6호선,청구,3564,3756,7320
202202,6호선,태릉입구,4999,5416,10415
202202,6호선,한강진,6471,7426,13897
202202,6호선,합정,11558,11212,22770
202202,6호선,화랑대,10554,8457,19011
202202,6호선,효창공원앞,6364,5852,12216
202202,6호선,고려대,8396,8534,16930
202202,6호선,공덕,17342,16635,33977
202202,6호선,광흥창,8321,8033,16354
202202,6호선,구산,7121,5295,12416
202202,6호선,녹사평,4447,4456,8903
202202,6호선,대흥,7570,7815,15385
202202,6호선,독바위,2508,2554,5062
202202,6호선,돌곶이,8802,8239,17041
202202,6호선,동묘앞,7549,7448,14997
202202,6호선,디지털미디어시티,12348,13501,25849
202202,6호선,마포구청,13476,12118,25594
202202,6호선,망원,13614,14649,28263
202202,6호선,버티고개,1844,1884,3728
202202,6호선,보문,6847,6206,13053
202202,6호선,봉화산,8233,7687,15920
202202,6호선,불광,3973,3905,7878
202202,6호선,삼각지,5809,5189,10998
202202,6호선,상수,8184,9067,17251
202202,6호선,상월곡,5741,5076,10817
202202,6호선,새절,11943,11381,23324
202202,6호선,석계,11518,11946,23464
202202,6호선,신당,7936,8247,16183
202202,6호선,안암,11328,11076,22404
202202,6호선,약수,3335,3376,6711
202202,6호선,역촌,3678,4306,7984
202202,6호선,월곡,10822,10731,21553
202202,6호선,월드컵경기장,3826,3934,7760
202202,6호선,응암,16456,16272,32728
202202,6호선,이태원,9672,10288,19960
202202,6호선,증산,9628,9411,19039
202202,6호선,창신,3094,2440,5534
202202,6호선,청구,3470,3794,7264
202202,6호선,태릉입구,5077,5411,10488
202202,6호선,한강진,8181,9208,17389
202202,6호선,합정,12328,12250,24578
202202,6호선,화랑대,10675,8438,19113
202202,6호선,효창공원앞,6577,6024,12601
202202,6호선,고려대,7200,7175,14375
202202,6호선,공덕,15919,15378,31297
202202,6호선,광흥창,7837,7469,15306
202202,6호선,구산,6721,5162,11883
202202,6호선,녹사평,4050,4079,8129
202202,6호선,대흥,6908,7121,14029
202202,6호선,독바위,2353,2478,4831
202202,6호선,돌곶이,8223,7718,15941
202202,6호선,동묘앞,7297,7441,14738
202202,6호선,디지털미디어시티,11497,12485,23982
202202,6호선,마포구청,12693,11490,24183
202202,6호선,망원,12259,13287,25546
202202,6호선,버티고개,1737,1830,3567
202202,6호선,보문,6482,5941,12423
202202,6호선,봉화산,7731,7290,15021
202202,6호선,불광,3944,3803,7747
202202,6호선,삼각지,5074,4445,9519
202202,6호선,상수,7365,8148,15513
202202,6호선,상월곡,5432,4820,10252
202202,6호선,새절,11117,10425,21542
202202,6호선,석계,11000,11454,22454
202202,6호선,신당,7625,8013,15638
202202,6호선,안암,10232,10174,20406
202202,6호선,약수,3259,3237,6496
202202,6호선,역촌,3549,4088,7637
202202,6호선,연신내,1,0,1
202202,6호선,월곡,10571,10473,21044
202202,6호선,월드컵경기장,3748,3845,7593
202202,6호선,응암,15693,15570,31263
202202,6호선,이태원,8826,9202,18028
202202,6호선,증산,9085,8905,17990
202202,6호선,창신,2864,2355,5219
202202,6호선,청구,3293,3534,6827
202202,6호선,태릉입구,4944,5364,10308
202202,6호선,한강진,6019,7177,13196
202202,6호선,합정,11528,11232,22760
202202,6호선,화랑대,10097,7898,17995
202202,6호선,효창공원앞,6199,5689,11888
202203,6호선,고려대,3840,3888,7728
202203,6호선,공덕,6560,5982,12542
202203,6호선,광흥창,3414,3272,6686
202203,6호선,구산,3731,2851,6582
202203,6호선,녹사평,3028,3108,6136
202203,6호선,대흥,3590,3670,7260
202203,6호선,독바위,1405,1558,2963
202203,6호선,돌곶이,4443,4282,8725
202203,6호선,동묘앞,5024,4769,9793
202203,6호선,디지털미디어시티,4885,5073,9958
202203,6호선,마포구청,6581,5946,12527
202203,6호선,망원,8620,9325,17945
202203,6호선,버티고개,864,972,1836
202203,6호선,보문,3678,3507,7185
202203,6호선,봉화산,3578,3583,7161
202203,6호선,불광,2887,2602,5489
202203,6호선,삼각지,3277,2517,5794
202203,6호선,상수,5553,5959,11512
202203,6호선,상월곡,3037,2752,5789
202203,6호선,새절,6165,6062,12227
202203,6호선,석계,6193,6350,12543
202203,6호선,신당,4703,4796,9499
202203,6호선,안암,5385,5679,11064
202203,6호선,약수,1636,1602,3238
202203,6호선,역촌,1915,2266,4181
202203,6호선,월곡,5704,5747,11451
202203,6호선,월드컵경기장,3593,3626,7219
202203,6호선,응암,8725,8681,17406
202203,6호선,이태원,7714,7258,14972
202203,6호선,증산,5299,5554,10853
202203,6호선,창신,1529,1396,2925
202203,6호선,청구,1880,1993,3873
202203,6호선,태릉입구,2915,3188,6103
202203,6호선,한강진,5359,6261,11620
202203,6호선,합정,8223,7699,15922
202203,6호선,화랑대,4714,4078,8792
202203,6호선,효창공원앞,3183,2947,6130
202203,6호선,고려대,7685,7756,15441
202203,6호선,공덕,16790,16359,33149
202203,6호선,광흥창,8692,8530,17222
202203,6호선,구산,7380,5730,13110
202203,6호선,녹사평,4139,4106,8245
202203,6호선,대흥,7777,8172,15949
202203,6호선,독바위,2503,2686,5189
202203,6호선,돌곶이,9133,8705,17838
202203,6호선,동묘앞,7376,7361,14737
202203,6호선,디지털미디어시티,13010,14051,27061
202203,6호선,마포구청,13622,12512,26134
202203,6호선,망원,12614,13268,25882
202203,6호선,버티고개,1870,1962,3832
202203,6호선,보문,6916,6405,13321
202203,6호선,봉화산,8322,7939,16261
202203,6호선,불광,4000,4038,8038
202203,6호선,삼각지,5637,5022,10659
202203,6호선,상수,7584,8295,15879
202203,6호선,상월곡,5899,5351,11250
202203,6호선,새절,12389,11621,24010
202203,6호선,석계,11913,12628,24541
202203,6호선,신당,7417,8011,15428
202203,6호선,안암,11604,11747,23351
202203,6호선,약수,3390,3298,6688
202203,6호선,역촌,3635,4234,7869
202203,6호선,연신내,1,0,1
202203,6호선,월곡,10822,10893,21715
202203,6호선,월드컵경기장,4121,4303,8424
202203,6호선,응암,16564,16591,33155
202203,6호선,이태원,7966,7960,15926
202203,6호선,증산,9561,9702,19263
202203,6호선,창신,3399,2871,6270
202203,6호선,청구,3575,3958,7533
202203,6호선,태릉입구,5208,5686,10894
202203,6호선,한강진,6957,7939,14896
202203,6호선,합정,11528,11242,22770
202203,6호선,화랑대,11536,9052,20588
202203,6호선,효창공원앞,6589,6234,12823
202203,6호선,고려대,7673,7531,15204
202203,6호선,공덕,16551,16048,32599
202203,6호선,광흥창,8459,8187,16646
202203,6호선,구산,7317,5689,13006
202203,6호선,녹사평,4159,4140,8299
202203,6호선,대흥,7890,8255,16145
202203,6호선,독바위,2544,2770,5314
202203,6호선,돌곶이,9128,8512,17640
202203,6호선,동묘앞,7296,7454,14750
202203,6호선,디지털미디어시티,12746,13966,26712
202203,6호선,마포구청,13452,12245,25697
202203,6호선,망원,12480,13275,25755
202203,6호선,버티고개,1871,2013,3884
202203,6호선,보문,6987,6505,13492
202203,6호선,봉화산,8409,7952,16361
202203,6호선,불광,3913,3868,7781
202203,6호선,삼각지,5607,4945,10552
202203,6호선,상수,7655,8394,16049
202203,6호선,상월곡,5839,5291,11130
202203,6호선,새절,12461,11830,24291
202203,6호선,석계,11814,12419,24233
202203,6호선,신당,7361,7759,15120
202203,6호선,안암,11400,11426,22826
202203,6호선,약수,3329,3356,6685
202203,6호선,역촌,3613,4303,7916
202203,6호선,월곡,10741,10866,21607
202203,6호선,월드컵경기장,4077,4247,8324
202203,6호선,응암,16509,16581,33090
202203,6호선,이태원,8071,8183,16254
202203,6호선,증산,9660,9843,19503
202203,6호선,창신,3268,2667,5935
202203,6호선,청구,3565,3832,7397
202203,6호선,태릉입구,5164,5658,10822
202203,6호선,한강진,6619,7527,14146
202203,6호선,합정,11566,11306,22872
202203,6호선,화랑대,11261,8882,20143
202203,6호선,효창공원앞,6758,6347,13105
202203,6호선,고려대,7646,7339,14985
202203,6호선,공덕,16756,16187,32943
202203,6호선,광흥창,8579,8453,17032
202203,6호선,구산,7151,5477,12628
202203,6호선,녹사평,4292,4347,8639
202203,6호선,대흥,7873,8021,15894
202203,6호선,독바위,2461,2595,5056
202203,6호선,돌곶이,8972,8503,17475
202203,6호선,동묘앞,7361,7259,14620
202203,6호선,디지털미디어시티,12395,13432,25827
202203,6호선,마포구청,13366,12249,25615
202203,6호선,망원,12879,13705,26584
202203,6호선,버티고개,1863,1933,3796
202203,6호선,보문,7191,6560,13751
202203,6호선,봉화산,8112,7761,15873
202203,6호선,불광,3823,3862,7685
202203,6호선,삼각지,5692,4925,10617
202203,6호선,상수,8609,9216,17825
202203,6호선,상월곡,5998,5393,11391
202203,6호선,새절,11893,11329,23222
202203,6호선,석계,11724,12268,23992
202203,6호선,신당,7584,7642,15226
202203,6호선,안암,11473,11053,22526
202203,6호선,약수,3436,3420,6856
202203,6호선,역촌,3663,4238,7901
202203,6호선,연신내,2,0,2
202203,6호선,월곡,11001,11085,22086
202203,6호선,월드컵경기장,3835,4000,7835
202203,6호선,응암,16466,16504,32970
202203,6호선,이태원,9299,9619,18918
202203,6호선,증산,9472,9514,18986
202203,6호선,창신,3199,2733,5932
202203,6호선,청구,3543,3826,7369
202203,6호선,태릉입구,5232,5671,10903
202203,6호선,한강진,7006,8065,15071
202203,6호선,합정,12159,11840,23999
202203,6호선,화랑대,11354,8795,20149
202203,6호선,효창공원앞,6499,6062,12561
202203,6호선,고려대,7347,7209,14556
202203,6호선,공덕,16161,15748,31909
202203,6호선,광흥창,8209,8121,16330
202203,6호선,구산,7097,5448,12545
202203,6호선,녹사평,3792,3769,7561
202203,6호선,대흥,7542,7793,15335
202203,6호선,독바위,2450,2601,5051
202203,6호선,돌곶이,8702,8422,17124
202203,6호선,동묘앞,7039,7188,14227
202203,6호선,디지털미디어시티,12502,13743,26245
202203,6호선,마포구청,13229,12001,25230
202203,6호선,망원,12019,12683,24702
202203,6호선,버티고개,1835,1850,3685
202203,6호선,보문,6731,6271,13002
202203,6호선,봉화산,8224,7708,15932
202203,6호선,불광,3736,3623,7359
202203,6호선,삼각지,5262,4685,9947
202203,6호선,상수,7225,8117,15342
202203,6호선,상월곡,5657,5063,10720
202203,6호선,새절,12209,11591,23800
202203,6호선,석계,11597,12321,23918
202203,6호선,신내,1,0,1
202203,6호선,신당,7441,7897,15338
202203,6호선,안암,10974,11178,22152
202203,6호선,약수,3307,3348,6655
202203,6호선,역촌,3590,4074,7664
202203,6호선,연신내,1,0,1
202203,6호선,월곡,10878,10881,21759
202203,6호선,월드컵경기장,3764,3897,7661
202203,6호선,응암,16005,16053,32058
202203,6호선,이태원,7560,7626,15186
202203,6호선,증산,9249,9280,18529
202203,6호선,창신,3257,2669,5926
202203,6호선,청구,3406,3760,7166
202203,6호선,태릉입구,5070,5520,10590
202203,6호선,한강진,5725,6539,12264
202203,6호선,합정,10964,10737,21701
202203,6호선,화랑대,11090,8771,19861
202203,6호선,효창공원앞,6398,6045,12443
202203,6호선,고려대,7567,7305,14872
202203,6호선,공덕,16918,16486,33404
202203,6호선,광흥창,8260,7986,16246
202203,6호선,구산,7309,5550,12859
202203,6호선,녹사평,4104,4192,8296
202203,6호선,대흥,7733,7957,15690
202203,6호선,독바위,2519,2617,5136
202203,6호선,돌곶이,9622,8936,18558
202203,6호선,동묘앞,7456,7539,14995
202203,6호선,디지털미디어시티,12660,13900,26560
202203,6호선,마포구청,13412,12164,25576
202203,6호선,망원,12458,13376,25834
202203,6호선,버티고개,1884,1919,3803
202203,6호선,보문,6852,6331,13183
202203,6호선,봉화산,8410,7872,16282
202203,6호선,불광,3891,3782,7673
202203,6호선,삼각지,5691,4994,10685
202203,6호선,상수,7984,8937,16921
202203,6호선,상월곡,5790,5215,11005
202203,6호선,새절,12329,11675,24004
202203,6호선,석계,11751,12384,24135
202203,6호선,신내,3,0,3
202203,6호선,신당,7585,8037,15622
202203,6호선,안암,11550,11363,22913
202203,6호선,약수,3336,3322,6658
202203,6호선,역촌,3562,4102,7664
202203,6호선,월곡,10882,10828,21710
202203,6호선,월드컵경기장,3937,4103,8040
202203,6호선,응암,16569,16211,32780
202203,6호선,이태원,8852,9319,18171
202203,6호선,증산,9434,9540,18974
202203,6호선,창신,3295,2684,5979
202203,6호선,청구,3581,3832,7413
202203,6호선,태릉입구,5227,5770,10997
202203,6호선,한강진,6512,7686,14198
202203,6호선,합정,11645,11567,23212
202203,6호선,화랑대,11285,8718,20003
202203,6호선,효창공원앞,6493,6117,12610
202203,6호선,고려대,3882,3947,7829
202203,6호선,공덕,6927,6572,13499
202203,6호선,광흥창,3893,3790,7683
202203,6호선,구산,3892,3038,6930
202203,6호선,녹사평,3471,3523,6994
202203,6호선,대흥,3841,4026,7867
202203,6호선,독바위,1389,1728,3117
202203,6호선,돌곶이,4800,4563,9363
202203,6호선,동묘앞,5481,5157,10638
202203,6호선,디지털미디어시티,5100,5415,10515
202203,6호선,마포구청,7115,6426,13541
202203,6호선,망원,9852,10550,20402
202203,6호선,버티고개,966,1084,2050
202203,6호선,보문,4026,3741,7767
202203,6호선,봉화산,3801,3820,7621
202203,6호선,불광,2817,2593,5410
202203,6호선,삼각지,3539,2710,6249
202203,6호선,상수,6005,6717,12722
202203,6호선,상월곡,3234,2909,6143
202203,6호선,새절,6592,6320,12912
202203,6호선,석계,6759,6662,13421
202203,6호선,신당,4804,4944,9748
202203,6호선,안암,5499,5530,11029
202203,6호선,약수,1871,1820,3691
202203,6호선,역촌,2053,2408,4461
202203,6호선,연신내,1,0,1
202203,6호선,월곡,6024,5875,11899
202203,6호선,월드컵경기장,3677,3582,7259
202203,6호선,응암,9309,9117,18426
202203,6호선,이태원,8524,8066,16590
202203,6호선,증산,5560,5624,11184
202203,6호선,창신,1592,1530,3122
202203,6호선,청구,2065,2257,4322
202203,6호선,태릉입구,3079,3377,6456
202203,6호선,한강진,5129,6199,11328
202203,6호선,합정,8549,8049,16598
202203,6호선,화랑대,5233,4447,9680
202203,6호선,효창공원앞,3418,3137,6555
202203,6호선,고려대,7446,7316,14762
202203,6호선,공덕,16138,15622,31760
202203,6호선,광흥창,8170,8056,16226
202203,6호선,구산,7060,5284,12344
202203,6호선,녹사평,4021,4008,8029
202203,6호선,대흥,7623,7834,15457
202203,6호선,독바위,2433,2575,5008
202203,6호선,돌곶이,8853,8407,17260
202203,6호선,동묘앞,6994,7119,14113
202203,6호선,디지털미디어시티,12410,13576,25986
202203,6호선,마포구청,13104,11735,24839
202203,6호선,망원,12169,13037,25206
202203,6호선,버티고개,1851,1850,3701
202203,6호선,보문,6700,6296,12996
202203,6호선,봉화산,8001,7608,15609
202203,6호선,불광,3685,3680,7365
202203,6호선,삼각지,5490,4825,10315
202203,6호선,상수,7485,8174,15659
202203,6호선,상월곡,5708,5124,10832
202203,6호선,새절,11900,11518,23418
202203,6호선,석계,11508,12164,23672
202203,6호선,신당,7199,7614,14813
202203,6호선,안암,11029,10975,22004
202203,6호선,약수,3182,3159,6341
202203,6호선,역촌,3487,4194,7681
202203,6호선,연신내,2,0,2
202203,6호선,월곡,10477,10677,21154
202203,6호선,월드컵경기장,3680,3840,7520
202203,6호선,응암,15940,15842,31782
202203,6호선,이태원,7907,8068,15975
202203,6호선,증산,9238,9332,18570
202203,6호선,창신,3149,2541,5690
202203,6호선,청구,3429,3697,7126
202203,6호선,태릉입구,4992,5531,10523
202203,6호선,한강진,6273,7229,13502
202203,6호선,합정,10914,10717,21631
202203,6호선,화랑대,11236,8861,20097
202203,6호선,효창공원앞,6577,6118,12695
202203,6호선,고려대,7596,7379,14975
202203,6호선,공덕,16776,16428,33204
202203,6호선,광흥창,8248,7948,16196
202203,6호선,구산,7349,5312,12661
202203,6호선,녹사평,4464,4583,9047
202203,6호선,대흥,7786,7996,15782
202203,6호선,독바위,2528,2638,5166
202203,6호선,돌곶이,9011,8174,17185
202203,6호선,동묘앞,7395,7294,14689
202203,6호선,디지털미디어시티,12386,13334,25720
202203,6호선,마포구청,13383,12094,25477
202203,6호선,망원,13120,14195,27315
202203,6호선,버티고개,1891,1860,3751
202203,6호선,보문,6912,6334,13246
202203,6호선,봉화산,8169,7773,15942
202203,6호선,불광,3891,3880,7771
202203,6호선,삼각지,5775,5073,10848
202203,6호선,상수,8388,9380,17768
202203,6호선,상월곡,5812,5141,10953
202203,6호선,새절,11908,11252,23160
202203,6호선,석계,11710,12179,23889
202203,6호선,신당,7438,7366,14804
202203,6호선,안암,11255,10726,21981
202203,6호선,약수,3240,3381,6621
202203,6호선,역촌,3640,4288,7928
202203,6호선,월곡,10860,10869,21729
202203,6호선,월드컵경기장,4099,4166,8265
202203,6호선,응암,16512,16343,32855
202203,6호선,이태원,9949,10739,20688
202203,6호선,증산,9466,9309,18775
202203,6호선,창신,3275,2653,5928
202203,6호선,청구,3479,3710,7189
202203,6호선,태릉입구,5325,5803,11128
202203,6호선,한강진,7547,8959,16506
202203,6호선,합정,11935,11934,23869
202203,6호선,화랑대,11381,8800,20181
202203,6호선,효창공원앞,6706,6147,12853
202203,6호선,고려대,7146,7065,14211
202203,6호선,공덕,15771,15532,31303
202203,6호선,광흥창,8041,7844,15885
202203,6호선,구산,6806,5128,11934
202203,6호선,녹사평,3691,3672,7363
202203,6호선,대흥,7416,7614,15030
202203,6호선,독바위,2396,2483,4879
202203,6호선,돌곶이,8357,8142,16499
202203,6호선,동묘앞,6780,6911,13691
202203,6호선,디지털미디어시티,11980,13198,25178
202203,6호선,마포구청,12578,11521,24099
202203,6호선,망원,11264,12028,23292
202203,6호선,버티고개,1731,1800,3531
202203,6호선,보문,6402,5946,12348
202203,6호선,봉화산,7963,7493,15456
202203,6호선,불광,3575,3536,7111
202203,6호선,삼각지,5032,4480,9512
202203,6호선,상수,7030,7630,14660
202203,6호선,상월곡,5555,4929,10484
202203,6호선,새절,11653,10959,22612
202203,6호선,석계,11013,11920,22933
202203,6호선,신당,7181,7637,14818
202203,6호선,안암,10766,10848,21614
202203,6호선,약수,3211,3000,6211
202203,6호선,역촌,3392,4026,7418
202203,6호선,연신내,1,0,1
202203,6호선,월곡,10074,10281,20355
202203,6호선,월드컵경기장,3126,3344,6470
202203,6호선,응암,15326,15497,30823
202203,6호선,이태원,7273,7311,14584
202203,6호선,증산,8814,8933,17747
202203,6호선,창신,3324,2761,6085
202203,6호선,청구,3276,3715,6991
202203,6호선,태릉입구,4894,5404,10298
202203,6호선,한강진,5325,6199,11524
202203,6호선,합정,10396,10202,20598
202203,6호선,화랑대,11032,8775,19807
202203,6호선,효창공원앞,6316,6074,12390
202203,6호선,고려대,7365,7280,14645
202203,6호선,공덕,16528,15896,32424
202203,6호선,광흥창,8372,8171,16543
202203,6호선,구산,7224,5425,12649
202203,6호선,녹사평,4057,4001,8058
202203,6호선,대흥,7756,7930,15686
202203,6호선,독바위,2467,2678,5145
202203,6호선,돌곶이,8658,8089,16747
202203,6호선,동묘앞,7237,7260,14497
202203,6호선,디지털미디어시티,12374,13590,25964
202203,6호선,마포구청,13117,11869,24986
202203,6호선,망원,12266,13059,25325
202203,6호선,버티고개,1836,1852,3688
202203,6호선,보문,6642,6139,12781
202203,6호선,봉화산,8122,7624,15746
202203,6호선,불광,3727,3689,7416
202203,6호선,삼각지,5500,4911,10411
202203,6호선,상수,7395,8336,15731
202203,6호선,상월곡,5634,5103,10737
202203,6호선,새절,12060,11339,23399
202203,6호선,석계,11523,12181,23704
202203,6호선,신당,7224,7788,15012
202203,6호선,안암,11447,11456,22903
202203,6호선,약수,3139,3163,6302
202203,6호선,역촌,3513,4048,7561
202203,6호선,월곡,10621,10576,21197
202203,6호선,월드컵경기장,3956,4193,8149
202203,6호선,응암,16218,16112,32330
202203,6호선,이태원,8007,8088,16095
202203,6호선,증산,9194,9281,18475
202203,6호선,창신,3301,2808,6109
202203,6호선,청구,3426,3618,7044
202203,6호선,태릉입구,5050,5651,10701
202203,6호선,한강진,6319,7415,13734
202203,6호선,합정,11086,10797,21883
202203,6호선,화랑대,11317,8982,20299
202203,6호선,효창공원앞,6612,6231,12843
202203,6호선,고려대,7823,7503,15326
202203,6호선,공덕,16382,15886,32268
202203,6호선,광흥창,8291,7966,16257
202203,6호선,구산,7041,5369,12410
202203,6호선,녹사평,4114,4005,8119
202203,6호선,대흥,7715,7898,15613
202203,6호선,독바위,2526,2680,5206
202203,6호선,돌곶이,8676,8145,16821
202203,6호선,동묘앞,6975,7216,14191
202203,6호선,디지털미디어시티,12500,13613,26113
202203,6호선,마포구청,13012,11727,24739
202203,6호선,망원,12501,13283,25784
202203,6호선,버티고개,1869,1863,3732
202203,6호선,보문,6716,6192,12908
202203,6호선,봉화산,8110,7626,15736
202203,6호선,불광,4000,3886,7886
202203,6호선,삼각지,5535,4943,10478
202203,6호선,상수,7553,8289,15842
202203,6호선,상월곡,6020,5595,11615
202203,6호선,새절,11891,11233,23124
202203,6호선,석계,11541,12067,23608
202203,6호선,신당,7241,7796,15037
202203,6호선,안암,13173,13337,26510
202203,6호선,약수,3201,3138,6339
202203,6호선,역촌,3519,4125,7644
202203,6호선,연신내,1,0,1
202203,6호선,월곡,11955,11641,23596
202203,6호선,월드컵경기장,3855,4043,7898
202203,6호선,응암,15946,15881,31827
202203,6호선,이태원,8498,8559,17057
202203,6호선,증산,9233,9376,18609
202203,6호선,창신,3385,2916,6301
202203,6호선,청구,3412,3764,7176
202203,6호선,태릉입구,5145,5736,10881
202203,6호선,한강진,6741,7948,14689
202203,6호선,합정,11063,10986,22049
202203,6호선,화랑대,11585,9150,20735
202203,6호선,효창공원앞,6501,6071,12572
202203,6호선,고려대,8153,8007,16160
202203,6호선,공덕,16070,15531,31601
202203,6호선,광흥창,8201,8088,16289
202203,6호선,구산,7031,5326,12357
202203,6호선,녹사평,3932,4079,8011
202203,6호선,대흥,7781,7971,15752
202203,6호선,독바위,2404,2663,5067
202203,6호선,돌곶이,8786,7949,16735
202203,6호선,동묘앞,6952,7150,14102
202203,6호선,디지털미디어시티,12076,13353,25429
202203,6호선,마포구청,12875,11694,24569
202203,6호선,망원,12214,12817,25031
202203,6호선,버티고개,1823,1866,3689
202203,6호선,보문,6654,6162,12816
202203,6호선,봉화산,7989,7629,15618
202203,6호선,불광,3711,3754,7465
202203,6호선,삼각지,5435,4916,10351
202203,6호선,상수,7756,8409,16165
202203,6호선,상월곡,5871,5455,11326
202203,6호선,새절,11658,10955,22613
202203,6호선,석계,11175,11965,23140
202203,6호선,신내,2,0,2
202203,6호선,신당,7277,7688,14965
202203,6호선,안암,13137,12819,25956
202203,6호선,약수,3306,3249,6555
202203,6호선,역촌,3444,4149,7593
202203,6호선,월곡,11276,11083,22359
202203,6호선,월드컵경기장,3748,3933,7681
202203,6호선,응암,15733,15819,31552
202203,6호선,이태원,8332,8468,16800
202203,6호선,증산,9122,9162,18284
202203,6호선,창신,3412,2861,6273
202203,6호선,청구,3401,3648,7049
202203,6호선,태릉입구,5150,5672,10822
202203,6호선,한강진,6391,7569,13960
202203,6호선,합정,10962,10819,21781
202203,6호선,화랑대,11540,8971,20511
202203,6호선,효창공원앞,6428,6158,12586
202203,6호선,고려대,7564,7356,14920
202203,6호선,공덕,16635,16098,32733
202203,6호선,광흥창,8241,8174,16415
202203,6호선,구산,7049,5268,12317
202203,6호선,녹사평,4452,4599,9051
202203,6호선,대흥,7873,8043,15916
202203,6호선,독바위,2433,2503,4936
202203,6호선,돌곶이,8622,7923,16545
202203,6호선,동묘앞,7066,7046,14112
202203,6호선,디지털미디어시티,11940,12982,24922
202203,6호선,마포구청,12995,11642,24637
202203,6호선,망원,12602,13569,26171
202203,6호선,버티고개,1834,1900,3734
202203,6호선,보문,6765,6202,12967
202203,6호선,봉화산,7859,7488,15347
202203,6호선,불광,3764,3743,7507
202203,6호선,삼각지,5770,5002,10772
202203,6호선,상수,8529,9601,18130
202203,6호선,상월곡,5928,5294,11222
202203,6호선,새절,11501,10878,22379
202203,6호선,석계,11406,11826,23232
202203,6호선,신당,7356,7346,14702
202203,6호선,안암,11480,10792,22272
202203,6호선,약수,3295,3346,6641
202203,6호선,역촌,3416,4022,7438
202203,6호선,연신내,2,0,2
202203,6호선,월곡,11147,10961,22108
202203,6호선,월드컵경기장,3546,3697,7243
202203,6호선,응암,15819,15614,31433
202203,6호선,이태원,10235,11070,21305
202203,6호선,증산,9080,8967,18047
202203,6호선,창신,3297,2825,6122
202203,6호선,청구,3427,3695,7122
202203,6호선,태릉입구,5127,5568,10695
202203,6호선,한강진,7408,8844,16252
202203,6호선,합정,12161,12166,24327
202203,6호선,화랑대,11163,8629,19792
202203,6호선,효창공원앞,6400,5940,12340
202203,6호선,고려대,7690,7583,15273
202203,6호선,공덕,16492,15761,32253
202203,6호선,광흥창,8202,8049,16251
202203,6호선,구산,7086,5126,12212
202203,6호선,녹사평,3856,3825,7681
202203,6호선,대흥,7618,8020,15638
202203,6호선,독바위,2437,2613,5050
202203,6호선,돌곶이,8623,8162,16785
202203,6호선,동묘앞,7008,7299,14307
202203,6호선,디지털미디어시티,12392,13592,25984
202203,6호선,마포구청,12803,11689,24492
202203,6호선,망원,11768,12491,24259
202203,6호선,버티고개,1872,1886,3758
202203,6호선,보문,6682,6212,12894
202203,6호선,봉화산,8053,7557,15610
202203,6호선,불광,3738,3726,7464
202203,6호선,삼각지,5224,4694,9918
202203,6호선,상수,7201,7832,15033
202203,6호선,상월곡,5907,5543,11450
202203,6호선,새절,11841,11157,22998
202203,6호선,석계,11309,11970,23279
202203,6호선,신내,1,0,1
202203,6호선,신당,7063,7659,14722
202203,6호선,안암,12967,13344,26311
202203,6호선,약수,3233,3189,6422
202203,6호선,역촌,3512,4178,7690
202203,6호선,연신내,2,0,2
202203,6호선,월곡,11861,11693,23554
202203,6호선,월드컵경기장,3517,3678,7195
202203,6호선,응암,15939,16063,32002
202203,6호선,이태원,7900,8094,15994
202203,6호선,증산,9107,9077,18184
202203,6호선,창신,3324,2838,6162
202203,6호선,청구,3305,3645,6950
202203,6호선,태릉입구,5043,5516,10559
202203,6호선,한강진,5727,6514,12241
202203,6호선,합정,10962,10734,21696
202203,6호선,화랑대,11139,8839,19978
202203,6호선,효창공원앞,6422,6149,12571
202203,6호선,고려대,8077,8032,16109
202203,6호선,공덕,16638,15979,32617
202203,6호선,광흥창,8381,8164,16545
202203,6호선,구산,7199,5329,12528
202203,6호선,녹사평,4079,4038,8117
202203,6호선,대흥,7742,8179,15921
202203,6호선,독바위,2578,2687,5265
202203,6호선,돌곶이,8610,8020,16630
202203,6호선,동묘앞,6961,7114,14075
202203,6호선,디지털미디어시티,12620,13797,26417
202203,6호선,마포구청,13002,11642,24644
202203,6호선,망원,12259,13036,25295
202203,6호선,버티고개,1899,1915,3814
202203,6호선,보문,6847,6316,13163
202203,6호선,봉화산,8300,7827,16127
202203,6호선,불광,3735,3710,7445
202203,6호선,삼각지,5824,5209,11033
202203,6호선,상수,7791,8560,16351
202203,6호선,상월곡,6012,5618,11630
202203,6호선,새절,12036,11357,23393
202203,6호선,석계,11629,12159,23788
202203,6호선,신당,7253,7830,15083
202203,6호선,안암,13865,13728,27593
202203,6호선,약수,3280,3342,6622
202203,6호선,역촌,3487,4056,7543
202203,6호선,월곡,11790,11692,23482
202203,6호선,월드컵경기장,3878,3995,7873
202203,6호선,응암,16201,16135,32336
202203,6호선,이태원,8393,8429,16822
202203,6호선,증산,9162,9212,18374
202203,6호선,창신,3429,2958,6387
202203,6호선,청구,3436,3723,7159
202203,6호선,태릉입구,5000,5545,10545
202203,6호선,한강진,6372,7448,13820
202203,6호선,합정,11346,11091,22437
202203,6호선,화랑대,11608,9190,20798
202203,6호선,효창공원앞,6643,6296,12939
202203,6호선,고려대,7815,7730,15545
202203,6호선,공덕,16632,16055,32687
202203,6호선,광흥창,8154,8113,16267
202203,6호선,구산,7068,5316,12384
202203,6호선,녹사평,4132,4128,8260
202203,6호선,대흥,7753,8036,15789
202203,6호선,독바위,2452,2671,5123
202203,6호선,돌곶이,8757,8284,17041
202203,6호선,동묘앞,6907,7149,14056
202203,6호선,디지털미디어시티,12496,13642,26138
202203,6호선,마포구청,13166,11797,24963
202203,6호선,망원,12278,13056,25334
202203,6호선,버티고개,1825,1799,3624
202203,6호선,보문,6837,6292,13129
202203,6호선,봉화산,8147,7753,15900
202203,6호선,불광,3770,3807,7577
202203,6호선,삼각지,5774,5224,10998
202203,6호선,상수,7796,8672,16468
202203,6호선,상월곡,6092,5751,11843
202203,6호선,새절,11608,10984,22592
202203,6호선,석계,11625,12222,23847
202203,6호선,신당,7245,7828,15073
202203,6호선,안암,13383,13345,26728
202203,6호선,약수,3263,3157,6420
202203,6호선,역촌,3415,4049,7464
202203,6호선,월곡,11886,11726,23612
202203,6호선,월드컵경기장,3823,3987,7810
202203,6호선,응암,16074,16151,32225
202203,6호선,이태원,8364,8441,16805
202203,6호선,증산,9193,9189,18382
202203,6호선,창신,3490,2948,6438
202203,6호선,청구,3448,3734,7182
202203,6호선,태릉입구,5076,5554,10630
202203,6호선,한강진,6668,7604,14272
202203,6호선,합정,11293,11152,22445
202203,6호선,화랑대,11353,8888,20241
202203,6호선,효창공원앞,6591,6248,12839
202203,6호선,고려대,8362,8197,16559
202203,6호선,공덕,17193,16401,33594
202203,6호선,광흥창,8517,8085,16602
202203,6호선,구산,7352,5329,12681
202203,6호선,녹사평,4409,4231,8640
202203,6호선,대흥,8145,8503,16648
202203,6호선,독바위,2515,2651,5166
202203,6호선,돌곶이,8837,8286,17123
202203,6호선,동묘앞,7145,7191,14336
202203,6호선,디지털미디어시티,16216,14155,30371
202203,6호선,마포구청,15722,13167,28889
202203,6호선,망원,13358,13625,26983
202203,6호선,버티고개,1885,1892,3777
202203,6호선,보문,6910,6332,13242
202203,6호선,봉화산,8170,7748,15918
202203,6호선,불광,3828,3745,7573
202203,6호선,삼각지,6368,5415,11783
202203,6호선,상수,8404,9112,17516
202203,6호선,상월곡,6036,5531,11567
202203,6호선,새절,11942,11147,23089
202203,6호선,석계,11561,12102,23663
202203,6호선,신당,7317,7901,15218
202203,6호선,안암,13527,13308,26835
202203,6호선,약수,3367,3290,6657
202203,6호선,역촌,3473,4131,7604
202203,6호선,연신내,1,0,1
202203,6호선,월곡,11637,11385,23022
202203,6호선,월드컵경기장,25648,37069,62717
202203,6호선,응암,16279,16042,32321
202203,6호선,이태원,8872,8875,17747
202203,6호선,증산,9552,9251,18803
202203,6호선,창신,3363,2852,6215
202203,6호선,청구,3469,3708,7177
202203,6호선,태릉입구,5302,5910,11212
202203,6호선,한강진,6868,7862,14730
202203,6호선,합정,14393,15438,29831
202203,6호선,화랑대,11522,8955,20477
202203,6호선,효창공원앞,6690,6255,12945
202203,6호선,고려대,7959,7573,15532
202203,6호선,공덕,17190,16671,33861
202203,6호선,광흥창,8299,8184,16483
202203,6호선,구산,7189,5469,12658
202203,6호선,녹사평,4625,4771,9396
202203,6호선,대흥,8118,8308,16426
202203,6호선,독바위,2511,2596,5107
202203,6호선,돌곶이,9043,8407,17450
202203,6호선,동묘앞,7536,7396,14932
202203,6호선,디지털미디어시티,12299,13437,25736
202203,6호선,마포구청,13317,12110,25427
202203,6호선,망원,13690,14468,28158
202203,6호선,버티고개,1947,1955,3902
202203,6호선,보문,7255,6604,13859
202203,6호선,봉화산,8090,7733,15823
202203,6호선,불광,3929,3994,7923
202203,6호선,삼각지,5961,5384,11345
202203,6호선,상수,9839,10336,20175
202203,6호선,상월곡,6028,5515,11543
202203,6호선,새절,11870,11191,23061
202203,6호선,석계,11721,12236,23957
202203,6호선,신당,7671,7584,15255
202203,6호선,안암,12111,11209,23320
202203,6호선,약수,3404,3472,6876
202203,6호선,역촌,3562,4233,7795
202203,6호선,연신내,1,0,1
202203,6호선,월곡,11549,11269,22818
202203,6호선,월드컵경기장,3961,4067,8028
202203,6호선,응암,16550,16392,32942
202203,6호선,이태원,10972,11426,22398
202203,6호선,증산,9502,9546,19048
202203,6호선,창신,3418,2854,6272
202203,6호선,청구,3451,3766,7217
202203,6호선,태릉입구,5208,5777,10985
202203,6호선,한강진,7274,8612,15886
202203,6호선,합정,12626,12668,25294
202203,6호선,화랑대,11083,8696,19779
202203,6호선,효창공원앞,6669,6087,12756
202203,6호선,고려대,7881,7776,15657
202203,6호선,공덕,16791,16036,32827
202203,6호선,광흥창,8290,8094,16384
202203,6호선,구산,7278,5385,12663
202203,6호선,녹사평,4030,3942,7972
202203,6호선,대흥,7728,8119,15847
202203,6호선,독바위,2520,2683,5203
202203,6호선,돌곶이,8821,8267,17088
202203,6호선,동묘앞,7280,7451,14731
202203,6호선,디지털미디어시티,12699,14132,26831
202203,6호선,마포구청,13023,11700,24723
202203,6호선,망원,12301,13003,25304
202203,6호선,버티고개,1938,1943,3881
202203,6호선,보문,6855,6313,13168
202203,6호선,봉화산,8205,7797,16002
202203,6호선,불광,3781,3790,7571
202203,6호선,삼각지,5535,4881,10416
202203,6호선,상수,7453,8018,15471
202203,6호선,상월곡,6000,5636,11636
202203,6호선,새절,11724,10997,22721
202203,6호선,석계,11720,12502,24222
202203,6호선,신당,7224,7820,15044
202203,6호선,안암,12940,13288,26228
202203,6호선,약수,3347,3391,6738
202203,6호선,역촌,3481,4045,7526
202203,6호선,연신내,2,0,2
202203,6호선,월곡,11978,11757,23735
202203,6호선,월드컵경기장,4033,4181,8214
202203,6호선,응암,16275,16304,32579
202203,6호선,이태원,8196,8309,16505
202203,6호선,증산,9409,9333,18742
202203,6호선,창신,3370,2947,6317
202203,6호선,청구,3448,3737,7185
202203,6호선,태릉입구,5186,5677,10863
202203,6호선,한강진,5831,6836,12667
202203,6호선,합정,11097,11011,22108
202203,6호선,화랑대,11291,8975,20266
202203,6호선,효창공원앞,6637,6370,13007
202203,6호선,고려대,8263,8210,16473
202203,6호선,공덕,17110,16421,33531
202203,6호선,광흥창,8458,8167,16625
202203,6호선,구산,7321,5420,12741
202203,6호선,녹사평,4315,4240,8555
202203,6호선,대흥,7947,8280,16227
202203,6호선,독바위,2631,2688,5319
202203,6호선,돌곶이,8872,8214,17086
202203,6호선,동묘앞,7286,7378,14664
202203,6호선,디지털미디어시티,12835,14142,26977
202203,6호선,마포구청,13288,12040,25328
202203,6호선,망원,12650,13360,26010
202203,6호선,버티고개,2002,1961,3963
202203,6호선,보문,6982,6417,13399
202203,6호선,봉화산,8293,7917,16210
202203,6호선,불광,3910,3976,7886
202203,6호선,삼각지,5985,5235,11220
202203,6호선,상수,7909,8766,16675
202203,6호선,상월곡,6096,5697,11793
202203,6호선,새절,12086,11350,23436
202203,6호선,석계,11813,12514,24327
202203,6호선,신당,7519,8033,15552
202203,6호선,안암,13509,13627,27136
202203,6호선,약수,3352,3377,6729
202203,6호선,역촌,3497,4188,7685
202203,6호선,월곡,12049,11766,23815
202203,6호선,월드컵경기장,4333,4484,8817
202203,6호선,응암,16597,16368,32965
202203,6호선,이태원,8520,8695,17215
202203,6호선,증산,9561,9633,19194
202203,6호선,창신,3495,2956,6451
202203,6호선,청구,3456,3832,7288
202203,6호선,태릉입구,5195,5787,10982
202203,6호선,한강진,6619,7575,14194
202203,6호선,합정,11858,11596,23454
202203,6호선,화랑대,11729,9238,20967
202203,6호선,효창공원앞,6885,6492,13377
202203,6호선,고려대,7933,7778,15711
202203,6호선,공덕,16977,16199,33176
202203,6호선,광흥창,8376,8274,16650
202203,6호선,구산,7184,5265,12449
202203,6호선,녹사평,4106,4107,8213
202203,6호선,대흥,7857,8134,15991
202203,6호선,독바위,2449,2649,5098
202203,6호선,돌곶이,8876,8326,17202
202203,6호선,동묘앞,6959,7166,14125
202203,6호선,디지털미디어시티,12819,13935,26754
202203,6호선,마포구청,13130,11960,25090
202203,6호선,망원,12219,13068,25287
202203,6호선,버티고개,1932,1968,3900
202203,6호선,보문,6893,6394,13287
202203,6호선,봉화산,8235,7820,16055
202203,6호선,불광,3792,3826,7618
202203,6호선,삼각지,5797,5269,11066
202203,6호선,상수,7952,8704,16656
202203,6호선,상월곡,6074,5707,11781
202203,6호선,새절,11784,11265,23049
202203,6호선,석계,11763,12330,24093
202203,6호선,신당,7553,8078,15631
202203,6호선,안암,13295,13337,26632
202203,6호선,약수,3437,3311,6748
202203,6호선,역촌,3508,4241,7749
202203,6호선,월곡,11957,11701,23658
202203,6호선,월드컵경기장,3753,3875,7628
202203,6호선,응암,16240,15981,32221
202203,6호선,이태원,8601,8697,17298
202203,6호선,증산,9455,9359,18814
202203,6호선,창신,3401,2939,6340
202203,6호선,청구,3408,3810,7218
202203,6호선,태릉입구,5124,5663,10787
202203,6호선,한강진,6755,7911,14666
202203,6호선,합정,11606,11495,23101
202203,6호선,화랑대,11517,9122,20639
202203,6호선,효창공원앞,6715,6437,13152
202203,6호선,고려대,8408,8231,16639
202203,6호선,공덕,16994,16453,33447
202203,6호선,광흥창,8405,8190,16595
202203,6호선,구산,7336,5466,12802
202203,6호선,녹사평,4285,4360,8645
202203,6호선,대흥,8054,8418,16472
202203,6호선,독바위,2625,2758,5383
202203,6호선,돌곶이,9027,8302,17329
202203,6호선,동묘앞,7238,7533,14771
202203,6호선,디지털미디어시티,12878,14228,27106
202203,6호선,마포구청,13289,12032,25321
202203,6호선,망원,12861,13754,26615
202203,6호선,버티고개,1962,1980,3942
202203,6호선,보문,7024,6389,13413
202203,6호선,봉화산,8359,7883,16242
202203,6호선,불광,3881,3859,7740
202203,6호선,삼각지,5978,5270,11248
202203,6호선,상수,8256,9075,17331
202203,6호선,상월곡,6189,5672,11861
202203,6호선,새절,12268,11457,23725
202203,6호선,석계,11769,12241,24010
202203,6호선,신내,1,0,1
202203,6호선,신당,7472,8085,15557
202203,6호선,안암,13711,13596,27307
202203,6호선,약수,3440,3347,6787
202203,6호선,역촌,3513,4092,7605
202203,6호선,연신내,1,0,1
202203,6호선,월곡,11668,11476,23144
202203,6호선,월드컵경기장,4361,4499,8860
202203,6호선,응암,16660,16465,33125
202203,6호선,이태원,9138,9300,18438
202203,6호선,증산,9444,9562,19006
202203,6호선,창신,3498,2981,6479
202203,6호선,청구,3502,3834,7336
202203,6호선,태릉입구,5307,5912,11219
202203,6호선,한강진,6834,8121,14955
202203,6호선,합정,12082,11898,23980
202203,6호선,화랑대,11694,9114,20808
202203,6호선,효창공원앞,6766,6395,13161
202204,6호선,고려대,8608,8375,16983
202204,6호선,공덕,17441,16985,34426
202204,6호선,광흥창,8658,8415,17073
202204,6호선,구산,7504,5402,12906
202204,6호선,녹사평,4944,4994,9938
202204,6호선,대흥,8418,8637,17055
202204,6호선,독바위,2614,2606,5220
202204,6호선,돌곶이,9294,8512,17806
202204,6호선,동묘앞,7636,7535,15171
202204,6호선,디지털미디어시티,12810,14005,26815
202204,6호선,마포구청,13621,12244,25865
202204,6호선,망원,13850,14919,28769
202204,6호선,버티고개,2031,2007,4038
202204,6호선,보문,7392,6605,13997
202204,6호선,봉화산,8464,8043,16507
202204,6호선,불광,4194,4057,8251
202204,6호선,삼각지,6343,5560,11903
202204,6호선,상수,9476,10826,20302
202204,6호선,상월곡,6132,5502,11634
202204,6호선,새절,12419,11494,23913
202204,6호선,석계,12127,12487,24614
202204,6호선,신당,8502,8536,17038
202204,6호선,안암,13225,12625,25850
202204,6호선,약수,3585,3578,7163
202204,6호선,역촌,3568,4277,7845
202204,6호선,연신내,1,0,1
202204,6호선,월곡,11707,11303,23010
202204,6호선,월드컵경기장,4510,4641,9151
202204,6호선,응암,17127,16978,34105
202204,6호선,이태원,12384,13248,25632
202204,6호선,증산,9831,9700,19531
202204,6호선,창신,3522,2878,6400
202204,6호선,청구,3553,3845,7398
202204,6호선,태릉입구,5563,6043,11606
202204,6호선,한강진,7621,9094,16715
202204,6호선,합정,13615,13376,26991
202204,6호선,화랑대,11524,8863,20387
202204,6호선,효창공원앞,6979,6430,13409
202204,6호선,고려대,8105,7851,15956
202204,6호선,공덕,17242,16711,33953
202204,6호선,광흥창,8566,8430,16996
202204,6호선,구산,7420,5569,12989
202204,6호선,녹사평,4106,4104,8210
202204,6호선,대흥,7865,8224,16089
202204,6호선,독바위,2553,2728,5281
202204,6호선,돌곶이,9043,8357,17400
202204,6호선,동묘앞,7418,7631,15049
202204,6호선,디지털미디어시티,13261,14452,27713
202204,6호선,마포구청,13595,12110,25705
202204,6호선,망원,12579,13359,25938
202204,6호선,버티고개,1999,1962,3961
202204,6호선,보문,6936,6385,13321
202204,6호선,봉화산,8472,8032,16504
202204,6호선,불광,3895,4004,7899
202204,6호선,삼각지,5639,4963,10602
202204,6호선,상수,7591,8708,16299
202204,6호선,상월곡,6275,5905,12180
202204,6호선,새절,12226,11385,23611
202204,6호선,석계,11870,12661,24531
202204,6호선,신내,1,0,1
202204,6호선,신당,7324,7857,15181
202204,6호선,안암,13398,13983,27381
202204,6호선,약수,3511,3519,7030
202204,6호선,역촌,3501,4224,7725
202204,6호선,연신내,1,0,1
202204,6호선,월곡,12297,12060,24357
202204,6호선,월드컵경기장,4189,4335,8524
202204,6호선,응암,16729,16687,33416
202204,6호선,이태원,8287,8479,16766
202204,6호선,증산,9766,9731,19497
202204,6호선,창신,3526,2951,6477
202204,6호선,청구,3582,3865,7447
202204,6호선,태릉입구,5238,5871,11109
202204,6호선,한강진,6119,7117,13236
202204,6호선,합정,11569,11217,22786
202204,6호선,화랑대,11642,9066,20708
202204,6호선,효창공원앞,7072,6605,13677
202204,6호선,고려대,8424,8317,16741
202204,6호선,공덕,17709,17090,34799
202204,6호선,광흥창,8831,8584,17415
202204,6호선,구산,7518,5559,13077
202204,6호선,녹사평,4288,4215,8503
202204,6호선,대흥,8139,8464,16603
202204,6호선,독바위,2599,2776,5375
202204,6호선,돌곶이,9191,8453,17644
202204,6호선,동묘앞,7422,7555,14977
202204,6호선,디지털미디어시티,13379,14629,28008
202204,6호선,마포구청,13715,12400,26115
202204,6호선,망원,12787,13600,26387
202204,6호선,버티고개,2097,2080,4177
202204,6호선,보문,7115,6561,13676
202204,6호선,봉화산,8708,8245,16953
202204,6호선,불광,4157,4074,8231
202204,6호선,삼각지,6087,5334,11421
202204,6호선,상수,8062,9132,17194
202204,6호선,상월곡,6364,5897,12261
202204,6호선,새절,12622,11771,24393
202204,6호선,석계,12295,12837,25132
202204,6호선,신당,8296,8664,16960
202204,6호선,안암,13979,13997,27976
202204,6호선,약수,3593,3563,7156
202204,6호선,역촌,3599,4195,7794
202204,6호선,연신내,1,0,1
202204,6호선,월곡,12389,12017,24406
202204,6호선,월드컵경기장,4198,4450,8648
202204,6호선,응암,17217,16979,34196
202204,6호선,이태원,8651,8921,17572
202204,6호선,증산,9795,9950,19745
202204,6호선,창신,3617,3037,6654
202204,6호선,청구,3677,3974,7651
202204,6호선,태릉입구,5356,5968,11324
202204,6호선,한강진,6978,8130,15108
202204,6호선,합정,12139,11659,23798
202204,6호선,화랑대,12226,9587,21813
202204,6호선,효창공원앞,7068,6688,13756
202204,6호선,고려대,8133,8099,16232
202204,6호선,공덕,17622,17310,34932
202204,6호선,광흥창,8777,8645,17422
202204,6호선,구산,7850,5733,13583
202204,6호선,녹사평,4468,4475,8943
202204,6호선,대흥,8270,8595,16865
202204,6호선,독바위,2680,2797,5477
202204,6호선,돌곶이,9269,8625,17894
202204,6호선,동묘앞,7521,7695,15216
202204,6호선,디지털미디어시티,13588,14790,28378
202204,6호선,마포구청,13657,12344,26001
202204,6호선,망원,13350,13894,27244
202204,6호선,버티고개,2092,2029,4121
202204,6호선,보문,7226,6587,13813
202204,6호선,봉화산,8859,8245,17104
202204,6호선,불광,4225,4230,8455
202204,6호선,삼각지,6114,5541,11655
202204,6호선,상수,8065,9308,17373
202204,6호선,상월곡,6422,5967,12389
202204,6호선,새절,12877,12266,25143
202204,6호선,석계,12515,12903,25418
202204,6호선,신내,1,0,1
202204,6호선,신당,8312,8631,16943
202204,6호선,안암,14238,14223,28461
202204,6호선,약수,3547,3602,7149
202204,6호선,역촌,3631,4266,7897
202204,6호선,월곡,12550,12209,24759
202204,6호선,월드컵경기장,6084,6249,12333
202204,6호선,응암,17511,17353,34864
202204,6호선,이태원,8941,9231,18172
202204,6호선,증산,10050,10146,20196
202204,6호선,창신,3588,2947,6535
202204,6호선,청구,3659,3943,7602
202204,6호선,태릉입구,5518,6151,11669
202204,6호선,한강진,7128,8303,15431
202204,6호선,합정,12321,12254,24575
202204,6호선,화랑대,12319,9671,21990
202204,6호선,효창공원앞,7156,6658,13814
202204,6호선,고려대,8610,8446,17056
202204,6호선,공덕,18100,17482,35582
202204,6호선,광흥창,8964,8630,17594
202204,6호선,구산,7748,5723,13471
202204,6호선,녹사평,4531,4546,9077
202204,6호선,대흥,8415,8757,17172
202204,6호선,독바위,2663,2820,5483
202204,6호선,돌곶이,9273,8521,17794
202204,6호선,동묘앞,7492,7748,15240
202204,6호선,디지털미디어시티,13641,14906,28547
202204,6호선,마포구청,13666,12381,26047
202204,6호선,망원,13328,14099,27427
202204,6호선,버티고개,2048,2050,4098
202204,6호선,보문,7322,6688,14010
202204,6호선,봉화산,8875,8430,17305
202204,6호선,불광,4125,4189,8314
202204,6호선,삼각지,6137,5384,11521
202204,6호선,상수,8143,9293,17436
202204,6호선,상월곡,6320,5777,12097
202204,6호선,새절,13533,12676,26209
202204,6호선,석계,12344,12801,25145
202204,6호선,신당,8488,8791,17279
202204,6호선,안암,14082,13946,28028
202204,6호선,약수,3538,3534,7072
202204,6호선,역촌,3606,4301,7907
202204,6호선,연신내,3,0,3
202204,6호선,월곡,12184,11902,24086
202204,6호선,월드컵경기장,4381,4514,8895
202204,6호선,응암,17583,17445,35028
202204,6호선,이태원,9157,9580,18737
202204,6호선,증산,10094,10118,20212
202204,6호선,창신,3685,3082,6767
202204,6호선,청구,3643,3904,7547
202204,6호선,태릉입구,5608,6078,11686
202204,6호선,한강진,6940,8082,15022
202204,6호선,합정,12402,12335,24737
202204,6호선,화랑대,12240,9445,21685
202204,6호선,효창공원앞,7174,6839,14013
202204,6호선,고려대,8436,8232,16668
202204,6호선,공덕,18357,17849,36206
202204,6호선,광흥창,9185,8871,18056
202204,6호선,구산,7932,5649,13581
202204,6호선,녹사평,5090,5352,10442
202204,6호선,대흥,8921,9050,17971
202204,6호선,독바위,2795,2887,5682
202204,6호선,돌곶이,9410,8440,17850
202204,6호선,동묘앞,7774,7795,15569
202204,6호선,디지털미디어시티,13217,14166,27383
202204,6호선,마포구청,14127,12478,26605
202204,6호선,망원,14376,15523,29899
202204,6호선,버티고개,2130,2062,4192
202204,6호선,보문,7606,6740,14346
202204,6호선,봉화산,8852,8307,17159
202204,6호선,불광,4404,4338,8742
202204,6호선,삼각지,6569,5675,12244
202204,6호선,상수,9169,10856,20025
202204,6호선,상월곡,6264,5597,11861
202204,6호선,새절,13738,12859,26597
202204,6호선,석계,12539,12789,25328
202204,6호선,신당,8742,8510,17252
202204,6호선,안암,13092,12342,25434
202204,6호선,약수,3677,3810,7487
202204,6호선,역촌,3656,4270,7926
202204,6호선,연신내,1,0,1
202204,6호선,월곡,12298,11766,24064
202204,6호선,월드컵경기장,4923,5018,9941
202204,6호선,응암,18402,18205,36607
202204,6호선,이태원,11240,13671,24911
202204,6호선,증산,10571,10597,21168
202204,6호선,창신,3587,2996,6583
202204,6호선,청구,3706,3895,7601
202204,6호선,태릉입구,5724,6290,12014
202204,6호선,한강진,8164,9882,18046
202204,6호선,합정,13772,13675,27447
202204,6호선,화랑대,12177,9337,21514
202204,6호선,효창공원앞,7309,6658,13967
202204,6호선,고려대,8330,8046,16376
202204,6호선,공덕,18101,17769,35870
202204,6호선,광흥창,9033,8715,17748
202204,6호선,구산,7814,5705,13519
202204,6호선,녹사평,4375,4152,8527
202204,6호선,대흥,8322,8750,17072
202204,6호선,독바위,2730,2901,5631
202204,6호선,돌곶이,9843,9366,19209
202204,6호선,동묘앞,7468,7762,15230
202204,6호선,디지털미디어시티,13777,14947,28724
202204,6호선,마포구청,13877,12266,26143
202204,6호선,망원,13114,13729,26843
202204,6호선,버티고개,2120,2070,4190
202204,6호선,보문,7115,6570,13685
202204,6호선,봉화산,8827,8338,17165
202204,6호선,불광,4124,4163,8287
202204,6호선,삼각지,5995,5213,11208
202204,6호선,상수,7432,8450,15882
202204,6호선,상월곡,6448,5972,12420
202204,6호선,새절,13624,13015,26639
202204,6호선,석계,12286,13044,25330
202204,6호선,신당,7291,7932,15223
202204,6호선,안암,13592,13997,27589
202204,6호선,약수,3597,3597,7194
202204,6호선,역촌,3701,4352,8053
202204,6호선,연신내,1,0,1
202204,6호선,월곡,12707,12391,25098
202204,6호선,월드컵경기장,4402,4569,8971
202204,6호선,응암,17957,17923,35880
202204,6호선,이태원,8849,8993,17842
202204,6호선,증산,10440,10379,20819
202204,6호선,창신,3679,3101,6780
202204,6호선,청구,3714,3968,7682
202204,6호선,태릉입구,5573,6247,11820
202204,6호선,한강진,6319,7294,13613
202204,6호선,합정,12192,12038,24230
202204,6호선,화랑대,12261,9584,21845
202204,6호선,효창공원앞,7217,6690,13907
202204,6호선,고려대,8591,8397,16988
202204,6호선,공덕,18412,17935,36347
202204,6호선,광흥창,9183,8888,18071
202204,6호선,구산,7718,5759,13477
202204,6호선,녹사평,4523,4416,8939
202204,6호선,대흥,8598,8962,17560
202204,6호선,독바위,2729,2924,5653
202204,6호선,돌곶이,9924,9318,19242
202204,6호선,동묘앞,7515,7788,15303
202204,6호선,디지털미디어시티,14012,15187,29199
202204,6호선,마포구청,14091,12836,26927
202204,6호선,망원,13148,13841,26989
202204,6호선,버티고개,2189,2163,4352
202204,6호선,보문,7236,6572,13808
202204,6호선,봉화산,9066,8559,17625
202204,6호선,불광,4129,4067,8196
202204,6호선,삼각지,6289,5543,11832
202204,6호선,상수,8220,9257,17477
202204,6호선,상월곡,6426,6103,12529
202204,6호선,새절,13633,12707,26340
202204,6호선,석계,12613,13263,25876
202204,6호선,신당,8372,8869,17241
202204,6호선,안암,14031,14074,28105
202204,6호선,약수,3556,3603,7159
202204,6호선,역촌,3650,4341,7991
202204,6호선,연신내,2,0,2
202204,6호선,월곡,12607,12148,24755
202204,6호선,월드컵경기장,4273,4384,8657
202204,6호선,응암,17793,17644,35437
202204,6호선,이태원,8803,9168,17971
202204,6호선,증산,10209,10367,20576
202204,6호선,창신,3734,3182,6916
202204,6호선,청구,3718,4024,7742
202204,6호선,태릉입구,5544,6283,11827
202204,6호선,한강진,6805,8024,14829
202204,6호선,합정,12410,12221,24631
202204,6호선,화랑대,12809,9813,22622
202204,6호선,효창공원앞,7178,6898,14076
202204,6호선,고려대,8248,8048,16296
202204,6호선,공덕,18039,17522,35561
202204,6호선,광흥창,9062,8753,17815
202204,6호선,구산,7571,5730,13301
202204,6호선,녹사평,4231,4333,8564
202204,6호선,대흥,8303,8497,16800
202204,6호선,독바위,2644,2755,5399
202204,6호선,돌곶이,10059,9353,19412
202204,6호선,동묘앞,7326,7521,14847
202204,6호선,디지털미디어시티,13599,15161,28760
202204,6호선,마포구청,13967,12735,26702
202204,6호선,망원,12947,13678,26625
202204,6호선,버티고개,2107,2026,4133
202204,6호선,보문,7225,6596,13821
202204,6호선,봉화산,8837,8233,17070
202204,6호선,불광,4107,4127,8234
202204,6호선,삼각지,6512,5802,12314
202204,6호선,상수,7966,8976,16942
202204,6호선,상월곡,6501,5992,12493
202204,6호선,새절,13066,12306,25372
202204,6호선,석계,12200,12918,25118
202204,6호선,신당,9196,9359,18555
202204,6호선,안암,13709,13766,27475
202204,6호선,약수,3579,3544,7123
202204,6호선,역촌,3681,4285,7966
202204,6호선,연신내,1,0,1
202204,6호선,월곡,12357,12044,24401
202204,6호선,월드컵경기장,3793,3979,7772
202204,6호선,응암,17332,17126,34458
202204,6호선,이태원,8945,9348,18293
202204,6호선,증산,9984,10044,20028
202204,6호선,창신,3806,3231,7037
202204,6호선,청구,3761,4049,7810
202204,6호선,태릉입구,5500,6010,11510
202204,6호선,한강진,7063,8220,15283
202204,6호선,합정,12490,12350,24840
202204,6호선,화랑대,12195,9576,21771
202204,6호선,효창공원앞,7178,6747,13925
202204,6호선,고려대,8739,8479,17218
202204,6호선,공덕,18415,17911,36326
202204,6호선,광흥창,9128,8732,17860
202204,6호선,구산,7750,5677,13427
202204,6호선,녹사평,4655,4570,9225
202204,6호선,대흥,8524,8707,17231
202204,6호선,독바위,2689,2918,5607
202204,6호선,돌곶이,9974,9200,19174
202204,6호선,동묘앞,7439,7662,15101
202204,6호선,디지털미디어시티,13893,15182,29075
202204,6호선,마포구청,14089,12455,26544
202204,6호선,망원,13410,14250,27660
202204,6호선,버티고개,2156,2065,4221
202204,6호선,보문,7313,6674,13987
202204,6호선,봉화산,8923,8400,17323
202204,6호선,불광,4060,3922,7982
202204,6호선,삼각지,6491,5802,12293
202204,6호선,상수,8155,9260,17415
202204,6호선,상월곡,6415,5887,12302
202204,6호선,새절,13404,12384,25788
202204,6호선,석계,12428,13060,25488
202204,6호선,신당,8287,8923,17210
202204,6호선,안암,13696,13744,27440
202204,6호선,약수,3605,3592,7197
202204,6호선,역촌,3583,4322,7905
202204,6호선,연신내,1,0,1
202204,6호선,월곡,12306,11978,24284
202204,6호선,월드컵경기장,4023,4321,8344
202204,6호선,응암,17420,17268,34688
202204,6호선,이태원,9479,10097,19576
202204,6호선,증산,10004,9928,19932
202204,6호선,창신,3661,3116,6777
202204,6호선,청구,3753,3964,7717
202204,6호선,태릉입구,5609,6131,11740
202204,6호선,한강진,7100,8471,15571
202204,6호선,합정,12606,12587,25193
202204,6호선,화랑대,12418,9380,21798
202204,6호선,효창공원앞,7226,6729,13955
202204,6호선,고려대,8381,8026,16407
202204,6호선,공덕,19011,18638,37649
202204,6호선,광흥창,9223,8807,18030
202204,6호선,구산,8009,5795,13804
202204,6호선,녹사평,5268,5600,10868
202204,6호선,대흥,8315,8452,16767
202204,6호선,독바위,2770,2877,5647
202204,6호선,돌곶이,9671,8694,18365
202204,6호선,동묘앞,8134,7852,15986
202204,6호선,디지털미디어시티,13918,14824,28742
202204,6호선,마포구청,14389,12705,27094
202204,6호선,망원,14597,15724,30321
202204,6호선,버티고개,2095,2111,4206
202204,6호선,보문,7652,6874,14526
202204,6호선,봉화산,8907,8403,17310
202204,6호선,불광,4276,4248,8524
202204,6호선,삼각지,6882,5900,12782
202204,6호선,상수,9072,11048,20120
202204,6호선,상월곡,6532,5755,12287
202204,6호선,새절,13178,12287,25465
202204,6호선,석계,12482,12928,25410
202204,6호선,신당,8480,8331,16811
202204,6호선,안암,12241,11581,23822
202204,6호선,약수,3828,3892,7720
202204,6호선,역촌,3798,4284,8082
202204,6호선,연신내,1,0,1
202204,6호선,월곡,12096,11688,23784
202204,6호선,월드컵경기장,4764,4993,9757
202204,6호선,응암,17964,17532,35496
202204,6호선,이태원,12121,14602,26723
202204,6호선,증산,10397,10112,20509
202204,6호선,창신,3740,3110,6850
202204,6호선,청구,3790,4099,7889
202204,6호선,태릉입구,5796,6293,12089
202204,6호선,한강진,8525,10381,18906
202204,6호선,합정,13929,13853,27782
202204,6호선,화랑대,12363,9354,21717
202204,6호선,효창공원앞,7444,6711,14155
202204,6호선,고려대,8546,8268,16814
202204,6호선,공덕,18412,17902,36314
202204,6호선,광흥창,8949,8567,17516
202204,6호선,구산,7795,5796,13591
202204,6호선,녹사평,4412,4278,8690
202204,6호선,대흥,8320,8602,16922
202204,6호선,독바위,2772,2908,5680
202204,6호선,돌곶이,9451,8690,18141
202204,6호선,동묘앞,7533,7896,15429
202204,6호선,디지털미디어시티,14115,15243,29358
202204,6호선,마포구청,13869,12450,26319
202204,6호선,망원,12976,13722,26698
202204,6호선,버티고개,2130,2099,4229
202204,6호선,보문,7186,6680,13866
202204,6호선,봉화산,8858,8348,17206
202204,6호선,불광,4101,4089,8190
202204,6호선,삼각지,5904,5265,11169
202204,6호선,상수,7639,8720,16359
202204,6호선,상월곡,6484,5963,12447
202204,6호선,새절,13425,12662,26087
202204,6호선,석계,12407,13202,25609
202204,6호선,신당,7492,8121,15613
202204,6호선,안암,13231,13823,27054
202204,6호선,약수,3625,3714,7339
202204,6호선,역촌,3623,4370,7993
202204,6호선,월곡,12647,12397,25044
202204,6호선,월드컵경기장,3964,4246,8210
202204,6호선,응암,17502,17494,34996
202204,6호선,이태원,9135,9603,18738
202204,6호선,증산,10092,9968,20060
202204,6호선,창신,3709,3036,6745
202204,6호선,청구,3642,3995,7637
202204,6호선,태릉입구,5559,6143,11702
202204,6호선,한강진,6497,7445,13942
202204,6호선,합정,12114,12030,24144
202204,6호선,화랑대,12414,9738,22152
202204,6호선,효창공원앞,7123,6583,13706
202204,6호선,고려대,8856,8603,17459
202204,6호선,공덕,18849,18466,37315
202204,6호선,광흥창,9394,9090,18484
202204,6호선,구산,7853,5894,13747
202204,6호선,녹사평,4648,4647,9295
202204,6호선,대흥,8614,8812,17426
202204,6호선,독바위,2793,2960,5753
202204,6호선,돌곶이,9626,8977,18603
202204,6호선,동묘앞,7580,7915,15495
202204,6호선,디지털미디어시티,14461,15725,30186
202204,6호선,마포구청,14459,12924,27383
202204,6호선,망원,13570,14359,27929
202204,6호선,버티고개,2187,2125,4312
202204,6호선,보문,7339,6712,14051
202204,6호선,봉화산,9259,8668,17927
202204,6호선,불광,4143,4181,8324
202204,6호선,삼각지,6443,5743,12186
202204,6호선,상수,8366,9425,17791
202204,6호선,상월곡,6618,6046,12664
202204,6호선,새절,13832,12657,26489
202204,6호선,석계,12807,13625,26432
202204,6호선,신내,1,0,1
202204,6호선,신당,8522,8913,17435
202204,6호선,안암,13357,13654,27011
202204,6호선,약수,3631,3483,7114
202204,6호선,역촌,3765,4388,8153
202204,6호선,연신내,3,0,3
202204,6호선,월곡,12583,12188,24771
202204,6호선,월드컵경기장,4448,4644,9092
202204,6호선,응암,17929,17733,35662
202204,6호선,이태원,9300,9531,18831
202204,6호선,증산,10362,10347,20709
202204,6호선,창신,3797,3191,6988
202204,6호선,청구,3799,4075,7874
202204,6호선,태릉입구,5750,6266,12016
202204,6호선,한강진,7213,8330,15543
202204,6호선,합정,12539,12452,24991
202204,6호선,화랑대,12984,10090,23074
202204,6호선,효창공원앞,7484,6879,14363
202204,6호선,고려대,8609,8494,17103
202204,6호선,공덕,19057,18371,37428
202204,6호선,광흥창,9280,9044,18324
202204,6호선,구산,7979,5846,13825
202204,6호선,녹사평,4840,4765,9605
202204,6호선,대흥,8414,8626,17040
202204,6호선,독바위,2791,2960,5751
202204,6호선,돌곶이,9821,9034,18855
202204,6호선,동묘앞,7866,7938,15804
202204,6호선,디지털미디어시티,14512,15856,30368
202204,6호선,마포구청,14669,13047,27716
202204,6호선,망원,13753,14546,28299
202204,6호선,버티고개,2135,2107,4242
202204,6호선,보문,7431,6814,14245
202204,6호선,봉화산,9340,8709,18049
202204,6호선,불광,4946,4862,9808
202204,6호선,삼각지,6718,5964,12682
202204,6호선,상수,8166,9326,17492
202204,6호선,상월곡,6571,5792,12363
202204,6호선,새절,13711,12584,26295
202204,6호선,석계,13052,13610,26662
202204,6호선,신당,9031,9514,18545
202204,6호선,안암,12669,12810,25479
202204,6호선,약수,3606,3566,7172
202204,6호선,역촌,3809,4455,8264
202204,6호선,월곡,12222,11942,24164
202204,6호선,월드컵경기장,4599,4758,9357
202204,6호선,응암,18184,17913,36097
202204,6호선,이태원,9632,10276,19908
202204,6호선,증산,10600,10430,21030
202204,6호선,창신,3758,3163,6921
202204,6호선,청구,3931,4218,8149
202204,6호선,태릉입구,5646,6406,12052
202204,6호선,한강진,7558,8816,16374
202204,6호선,합정,12789,12755,25544
202204,6호선,화랑대,13043,10233,23276
202204,6호선,효창공원앞,7512,6878,14390
202204,6호선,고려대,9069,8659,17728
202204,6호선,공덕,19076,18407,37483
202204,6호선,광흥창,9112,8759,17871
202204,6호선,구산,8080,5700,13780
202204,6호선,녹사평,4939,4938,9877
202204,6호선,대흥,8438,8623,17061
202204,6호선,독바위,2828,2941,5769
202204,6호선,돌곶이,9774,8857,18631
202204,6호선,동묘앞,7824,7936,15760
202204,6호선,디지털미디어시티,14332,15629,29961
202204,6호선,마포구청,14476,12853,27329
202204,6호선,망원,13859,14755,28614
202204,6호선,버티고개,2250,2075,4325
202204,6호선,보문,7742,6953,14695
202204,6호선,봉화산,9147,8513,17660
202204,6호선,불광,4644,4446,9090
202204,6호선,삼각지,6807,6047,12854
202204,6호선,상수,8476,9480,17956
202204,6호선,상월곡,6455,5724,12179
202204,6호선,새절,13887,12805,26692
202204,6호선,석계,12841,13439,26280
202204,6호선,신당,8291,9073,17364
202204,6호선,안암,13207,12714,25921
202204,6호선,약수,3764,3993,7757
202204,6호선,역촌,3777,4462,8239
202204,6호선,월곡,11969,11589,23558
202204,6호선,월드컵경기장,4640,4779,9419
202204,6호선,응암,18322,17566,35888
202204,6호선,이태원,10024,10720,20744
202204,6호선,증산,10453,10229,20682
202204,6호선,창신,3738,3061,6799
202204,6호선,청구,3970,4139,8109
202204,6호선,태릉입구,5839,6463,12302
202204,6호선,한강진,7609,9100,16709
202204,6호선,합정,13445,14247,27692
202204,6호선,화랑대,13170,10243,23413
202204,6호선,효창공원앞,7574,6871,14445
202204,6호선,고려대,8419,8109,16528
202204,6호선,공덕,19097,18695,37792
202204,6호선,광흥창,9149,8782,17931
202204,6호선,구산,8090,5718,13808
202204,6호선,녹사평,5019,5525,10544
202204,6호선,대흥,8477,8635,17112
202204,6호선,독바위,2853,2761,5614
202204,6호선,돌곶이,9663,8690,18353
202204,6호선,동묘앞,7774,7654,15428
202204,6호선,디지털미디어시티,14155,15002,29157
202204,6호선,마포구청,14449,12773,27222
202204,6호선,망원,14432,15652,30084
202204,6호선,버티고개,2159,2097,4256
202204,6호선,보문,7607,6810,14417
202204,6호선,봉화산,8991,8398,17389
202204,6호선,불광,4501,4270,8771
202204,6호선,삼각지,7014,6198,13212
202204,6호선,상수,9369,11652,21021
202204,6호선,상월곡,6428,5525,11953
202204,6호선,새절,13558,12178,25736
202204,6호선,석계,12787,13142,25929
202204,6호선,신당,8744,8257,17001
202204,6호선,안암,11302,10796,22098
202204,6호선,약수,3750,3946,7696
202204,6호선,역촌,3688,4309,7997
202204,6호선,연신내,1,0,1
202204,6호선,월곡,12035,11412,23447
202204,6호선,월드컵경기장,4166,4339,8505
202204,6호선,응암,18093,17464,35557
202204,6호선,이태원,11709,16050,27759
202204,6호선,증산,10287,9932,20219
202204,6호선,창신,3642,2931,6573
202204,6호선,청구,3890,4108,7998
202204,6호선,태릉입구,5774,6075,11849
202204,6호선,한강진,8909,10871,19780
202204,6호선,합정,13698,14068,27766
202204,6호선,화랑대,12751,9392,22143
202204,6호선,효창공원앞,7329,6661,13990
202204,6호선,고려대,8699,8479,17178
202204,6호선,공덕,18696,18039,36735
202204,6호선,광흥창,9175,8801,17976
202204,6호선,구산,7806,5763,13569
202204,6호선,녹사평,4422,4304,8726
202204,6호선,대흥,8219,8513,16732
202204,6호선,독바위,2727,2828,5555
202204,6호선,돌곶이,9686,9020,18706
202204,6호선,동묘앞,7609,7870,15479
202204,6호선,디지털미디어시티,14534,15790,30324
202204,6호선,마포구청,14191,12749,26940
202204,6호선,망원,12869,13587,26456
202204,6호선,버티고개,2170,2122,4292
202204,6호선,보문,7365,6754,14119
202204,6호선,봉화산,9213,8599,17812
202204,6호선,불광,4238,4167,8405
202204,6호선,삼각지,6074,5453,11527
202204,6호선,상수,7744,8741,16485
202204,6호선,상월곡,6516,5889,12405
202204,6호선,새절,13672,12716,26388
202204,6호선,석계,12795,13551,26346
202204,6호선,신당,7877,8527,16404
202204,6호선,안암,12825,13178,26003
202204,6호선,약수,3630,3643,7273
202204,6호선,역촌,3686,4323,8009
202204,6호선,연신내,1,0,1
202204,6호선,월곡,12069,11901,23970
202204,6호선,월드컵경기장,4203,4520,8723
202204,6호선,응암,17812,17615,35427
202204,6호선,이태원,9296,9627,18923
202204,6호선,증산,10339,10297,20636
202204,6호선,창신,3767,3165,6932
202204,6호선,청구,3713,4064,7777
202204,6호선,태릉입구,5593,6319,11912
202204,6호선,한강진,6628,7702,14330
202204,6호선,합정,12287,12517,24804
202204,6호선,화랑대,12543,9916,22459
202204,6호선,효창공원앞,7390,6833,14223
202204,6호선,고려대,8839,8772,17611
202204,6호선,공덕,19280,18648,37928
202204,6호선,광흥창,9520,9144,18664
202204,6호선,구산,8013,5791,13804
202204,6호선,녹사평,4746,4763,9509
202204,6호선,대흥,8660,8850,17510
202204,6호선,독바위,2817,2908,5725
202204,6호선,돌곶이,9818,8968,18786
202204,6호선,동묘앞,7874,8033,15907
202204,6호선,디지털미디어시티,14662,16111,30773
202204,6호선,마포구청,14769,13152,27921
202204,6호선,망원,13586,14674,28260
202204,6호선,버티고개,2118,2135,4253
202204,6호선,보문,7659,7008,14667
202204,6호선,봉화산,9539,8799,18338
202204,6호선,불광,4304,4393,8697
202204,6호선,삼각지,6560,5612,12172
202204,6호선,상수,8487,9866,18353
202204,6호선,상월곡,6480,5816,12296
202204,6호선,새절,13978,12943,26921
202204,6호선,석계,13149,13686,26835
202204,6호선,신당,8923,9482,18405
202204,6호선,안암,13385,13440,26825
202204,6호선,약수,3606,3676,7282
202204,6호선,역촌,3780,4416,8196
202204,6호선,월곡,12167,12001,24168
202204,6호선,월드컵경기장,4507,4696,9203
202204,6호선,응암,18253,17870,36123
202204,6호선,이태원,9861,10378,20239
202204,6호선,증산,10516,10234,20750
202204,6호선,창신,3814,3192,7006
202204,6호선,청구,3773,4092,7865
202204,6호선,태릉입구,5792,6538,12330
202204,6호선,한강진,7604,8923,16527
202204,6호선,합정,12826,12746,25572
202204,6호선,화랑대,13244,10848,24092
202204,6호선,효창공원앞,7755,7082,14837
202204,6호선,고려대,9004,8893,17897
202204,6호선,공덕,19538,19046,38584
202204,6호선,광흥창,9615,9336,18951
202204,6호선,구산,8192,5868,14060
202204,6호선,녹사평,5062,5150,10212
202204,6호선,대흥,8930,9127,18057
202204,6호선,독바위,2851,2943,5794
202204,6호선,돌곶이,9972,9354,19326
202204,6호선,동묘앞,7997,8289,16286
202204,6호선,디지털미디어시티,14977,16327,31304
202204,6호선,마포구청,14816,13195,28011
202204,6호선,망원,14137,15076,29213
202204,6호선,버티고개,2360,2205,4565
202204,6호선,보문,7820,7135,14955
202204,6호선,봉화산,9462,8816,18278
202204,6호선,불광,4617,4607,9224
202204,6호선,삼각지,6744,6009,12753
202204,6호선,상수,8659,9835,18494
202204,6호선,상월곡,7010,6401,13411
202204,6호선,새절,13819,12926,26745
202204,6호선,석계,13383,13878,27261
202204,6호선,신당,9703,10006,19709
202204,6호선,안암,13773,13824,27597
202204,6호선,약수,3847,3657,7504
202204,6호선,역촌,3858,4601,8459
202204,6호선,월곡,13241,12756,25997
202204,6호선,월드컵경기장,4589,4759,9348
202204,6호선,응암,18481,18064,36545
202204,6호선,이태원,10452,11032,21484
202204,6호선,증산,10652,10479,21131
202204,6호선,창신,3886,3324,7210
202204,6호선,청구,3920,4223,8143
202204,6호선,태릉입구,5913,6575,12488
202204,6호선,한강진,8031,9544,17575
202204,6호선,합정,13528,13298,26826
202204,6호선,화랑대,13360,10304,23664
202204,6호선,효창공원앞,7734,7110,14844
202204,6호선,고려대,9294,9077,18371
202204,6호선,공덕,19525,19041,38566
202204,6호선,광흥창,9646,9271,18917
202204,6호선,구산,8033,5802,13835
202204,6호선,녹사평,5270,5069,10339
202204,6호선,대흥,9271,9569,18840
202204,6호선,독바위,2808,2956,5764
202204,6호선,돌곶이,9948,9048,18996
202204,6호선,동묘앞,8164,8414,16578
202204,6호선,디지털미디어시티,14865,16421,31286
202204,6호선,마포구청,14908,13249,28157
202204,6호선,망원,14528,15561,30089
202204,6호선,버티고개,2266,2281,4547
202204,6호선,보문,7831,7077,14908
202204,6호선,봉화산,9583,8998,18581
202204,6호선,불광,4410,4356,8766
202204,6호선,삼각지,7026,6144,13170
202204,6호선,상수,9121,10514,19635
202204,6호선,상월곡,6893,6367,13260
202204,6호선,새절,14203,13089,27292
202204,6호선,석계,13406,13781,27187
202204,6호선,신내,1,0,1
202204,6호선,신당,8804,9043,17847
202204,6호선,안암,14108,13830,27938
202204,6호선,약수,3695,3748,7443
202204,6호선,역촌,3824,4533,8357
202204,6호선,월곡,13071,12619,25690
202204,6호선,월드컵경기장,4907,5191,10098
202204,6호선,응암,18932,18404,37336
202204,6호선,이태원,10941,11852,22793
202204,6호선,증산,10704,10594,21298
202204,6호선,창신,3926,3233,7159
202204,6호선,청구,3815,4144,7959
202204,6호선,태릉입구,6009,6745,12754
202204,6호선,한강진,8160,9703,17863
202204,6호선,합정,13738,13555,27293
202204,6호선,화랑대,13433,10421,23854
202204,6호선,효창공원앞,7732,7200,14932
202204,6호선,고려대,9177,8744,17921
202204,6호선,공덕,20093,19506,39599
202204,6호선,광흥창,9711,9188,18899
202204,6호선,구산,8318,5858,14176
202204,6호선,녹사평,5502,6038,11540
202204,6호선,대흥,9218,9192,18410
202204,6호선,독바위,2808,2846,5654
202204,6호선,돌곶이,10059,8962,19021
202204,6호선,동묘앞,8435,8293,16728
202204,6호선,디지털미디어시티,14498,15720,30218
202204,6호선,마포구청,15094,13192,28286
202204,6호선,망원,15339,16354,31693
202204,6호선,버티고개,2272,2172,4444
202204,6호선,보문,8214,7092,15306
202204,6호선,봉화산,9269,8645,17914
202204,6호선,불광,4675,4451,9126
202204,6호선,삼각지,7285,6251,13536
202204,6호선,상수,10134,12481,22615
202204,6호선,상월곡,6795,5999,12794
202204,6호선,새절,13899,12626,26525
202204,6호선,석계,13446,13747,27193
202204,6호선,신당,8998,8613,17611
202204,6호선,안암,13359,12536,25895
202204,6호선,약수,3861,3927,7788
202204,6호선,역촌,3908,4545,8453
202204,6호선,월곡,13054,12289,25343
202204,6호선,월드컵경기장,4389,4792,9181
202204,6호선,응암,18766,18085,36851
202204,6호선,이태원,12924,17603,30527
202204,6호선,증산,10873,10464,21337
202204,6호선,창신,3945,3163,7108
202204,6호선,청구,3964,4118,8082
202204,6호선,태릉입구,5975,6482,12457
202204,6호선,한강진,8838,11065,19903
202204,6호선,합정,14728,14761,29489
202204,6호선,화랑대,13241,9977,23218
202204,6호선,효창공원앞,7838,6938,14776
202205,6호선,고려대,8931,8773,17704
202205,6호선,공덕,19347,18937,38284
202205,6호선,광흥창,9557,9140,18697
202205,6호선,구산,8233,5955,14188
202205,6호선,녹사평,4800,4736,9536
202205,6호선,대흥,8981,9319,18300
202205,6호선,독바위,2815,2926,5741
202205,6호선,돌곶이,9940,9305,19245
202205,6호선,동묘앞,7965,8293,16258
202205,6호선,디지털미디어시티,14918,16396,31314
202205,6호선,마포구청,14683,13156,27839
202205,6호선,망원,13756,14445,28201
202205,6호선,버티고개,2184,2156,4340
202205,6호선,보문,7585,7009,14594
202205,6호선,봉화산,9472,8778,18250
202205,6호선,불광,4310,4346,8656
202205,6호선,삼각지,6609,5752,12361
202205,6호선,상수,8734,9850,18584
202205,6호선,상월곡,6813,6413,13226
202205,6호선,새절,13897,12986,26883
202205,6호선,석계,13123,13867,26990
202205,6호선,신내,2,0,2
202205,6호선,신당,7815,8376,16191
202205,6호선,안암,13908,14438,28346
202205,6호선,약수,3732,3721,7453
202205,6호선,역촌,3836,4507,8343
202205,6호선,연신내,1,0,1
202205,6호선,월곡,13584,13015,26599
202205,6호선,월드컵경기장,4635,4815,9450
202205,6호선,응암,18393,18076,36469
202205,6호선,이태원,11245,11493,22738
202205,6호선,증산,10615,10577,21192
202205,6호선,창신,3955,3302,7257
202205,6호선,청구,3756,4048,7804
202205,6호선,태릉입구,5789,6482,12271
202205,6호선,한강진,7079,8110,15189
202205,6호선,합정,13049,12927,25976
202205,6호선,화랑대,13293,10397,23690
202205,6호선,효창공원앞,7884,7238,15122
202205,6호선,고려대,9182,9000,18182
202205,6호선,공덕,19973,19421,39394
202205,6호선,광흥창,9955,9672,19627
202205,6호선,구산,8234,5926,14160
202205,6호선,녹사평,5004,4947,9951
202205,6호선,대흥,9284,9562,18846
202205,6호선,독바위,2927,2976,5903
202205,6호선,돌곶이,10120,9243,19363
202205,6호선,동묘앞,8197,8643,16840
202205,6호선,디지털미디어시티,15220,16922,32142
202205,6호선,마포구청,15099,13366,28465
202205,6호선,망원,14115,15112,29227
202205,6호선,버티고개,2392,2307,4699
202205,6호선,보문,8020,7326,15346
202205,6호선,봉화산,9547,8986,18533
202205,6호선,불광,4513,4538,9051
202205,6호선,삼각지,7470,6614,14084
202205,6호선,상수,9138,10290,19428
202205,6호선,상월곡,6980,6529,13509
202205,6호선,새절,14354,13322,27676
202205,6호선,석계,13678,14341,28019
202205,6호선,신당,8776,9239,18015
202205,6호선,안암,14223,14416,28639
202205,6호선,약수,3962,3937,7899
202205,6호선,역촌,3915,4565,8480
202205,6호선,월곡,13604,13053,26657
202205,6호선,월드컵경기장,4635,4859,9494
202205,6호선,응암,18716,18221,36937
202205,6호선,이태원,10385,10716,21101
202205,6호선,증산,10830,10907,21737
202205,6호선,창신,4017,3437,7454
202205,6호선,청구,3926,4171,8097
202205,6호선,태릉입구,6163,6955,13118
202205,6호선,한강진,7937,9357,17294
202205,6호선,합정,13613,13397,27010
202205,6호선,화랑대,13835,10835,24670
202205,6호선,효창공원앞,7842,7291,15133
202205,6호선,고려대,9970,9263,19233
202205,6호선,공덕,20613,19971,40584
202205,6호선,광흥창,10160,9948,20108
202205,6호선,구산,8766,5963,14729
202205,6호선,녹사평,5541,5851,11392
202205,6호선,대흥,9515,9756,19271
202205,6호선,독바위,2961,3057,6018
202205,6호선,돌곶이,10623,9369,19992
202205,6호선,동묘앞,8581,8778,17359
202205,6호선,디지털미디어시티,15857,17057,32914
202205,6호선,마포구청,15801,13521,29322
202205,6호선,망원,15211,16097,31308
202205,6호선,버티고개,2459,2272,4731
202205,6호선,보문,8156,7248,15404
202205,6호선,봉화산,9894,9086,18980
202205,6호선,불광,5008,4969,9977
202205,6호선,삼각지,7517,6462,13979
202205,6호선,상수,9739,11865,21604
202205,6호선,상월곡,7394,6666,14060
202205,6호선,새절,14561,13368,27929
202205,6호선,석계,14493,14723,29216
202205,6호선,신당,8955,9555,18510
202205,6호선,안암,16241,15628,31869
202205,6호선,약수,4045,4016,8061
202205,6호선,역촌,4121,4676,8797
202205,6호선,연신내,1,0,1
202205,6호선,월곡,14176,13246,27422
202205,6호선,월드컵경기장,5969,6241,12210
202205,6호선,응암,19551,18307,37858
202205,6호선,이태원,11599,16212,27811
202205,6호선,증산,11438,10965,22403
202205,6호선,창신,4157,3481,7638
202205,6호선,청구,4015,4223,8238
202205,6호선,태릉입구,6502,7063,13565
202205,6호선,한강진,8857,10873,19730
202205,6호선,합정,14708,15315,30023
202205,6호선,화랑대,14531,10901,25432
202205,6호선,효창공원앞,8114,7260,15374
202205,6호선,고려대,5213,5135,10348
202205,6호선,공덕,8566,7937,16503
202205,6호선,광흥창,4543,4085,8628
202205,6호선,구산,4792,3379,8171
202205,6호선,녹사평,5578,5768,11346
202205,6호선,대흥,4862,4752,9614
202205,6호선,독바위,1900,2150,4050
202205,6호선,돌곶이,5805,5269,11074
202205,6호선,동묘앞,7883,7969,15852
202205,6호선,디지털미디어시티,6602,6826,13428
202205,6호선,마포구청,8365,7147,15512
202205,6호선,망원,13532,15058,28590
202205,6호선,버티고개,1279,1347,2626
202205,6호선,보문,4905,4349,9254
202205,6호선,봉화산,5069,4880,9949
202205,6호선,불광,3794,3583,7377
202205,6호선,삼각지,5509,4253,9762
202205,6호선,상수,8227,9170,17397
202205,6호선,상월곡,3935,3453,7388
202205,6호선,새절,8326,7498,15824
202205,6호선,석계,8217,8058,16275
202205,6호선,신내,1,0,1
202205,6호선,신당,6919,6461,13380
202205,6호선,안암,7534,6808,14342
202205,6호선,약수,2066,2114,4180
202205,6호선,역촌,2406,2694,5100
202205,6호선,월곡,7313,6927,14240
202205,6호선,월드컵경기장,6311,6538,12849
202205,6호선,응암,11713,11913,23626
202205,6호선,이태원,14204,13903,28107
202205,6호선,증산,7271,7077,14348
202205,6호선,창신,1905,1724,3629
202205,6호선,청구,2452,2432,4884
202205,6호선,태릉입구,4364,4785,9149
202205,6호선,한강진,7471,9246,16717
202205,6호선,합정,12459,11481,23940
202205,6호선,화랑대,7038,5685,12723
202205,6호선,효창공원앞,4257,3733,7990
202205,6호선,고려대,8826,8214,17040
202205,6호선,공덕,16901,16287,33188
202205,6호선,광흥창,8658,7936,16594
202205,6호선,구산,7564,5516,13080
202205,6호선,녹사평,5672,6320,11992
202205,6호선,대흥,8206,8184,16390
202205,6호선,독바위,2616,2655,5271
202205,6호선,돌곶이,9146,8205,17351
202205,6호선,동묘앞,8647,8427,17074
202205,6호선,디지털미디어시티,12832,13486,26318
202205,6호선,마포구청,13961,11959,25920
202205,6호선,망원,15219,16614,31833
202205,6호선,버티고개,2167,2069,4236
202205,6호선,보문,7502,6559,14061
202205,6호선,봉화산,8593,7946,16539
202205,6호선,불광,4652,4521,9173
202205,6호선,삼각지,6965,5766,12731
202205,6호선,상수,10556,12526,23082
202205,6호선,상월곡,6387,5593,11980
202205,6호선,새절,12911,11735,24646
202205,6호선,석계,12290,12660,24950
202205,6호선,신당,8357,7905,16262
202205,6호선,안암,12962,12011,24973
202205,6호선,약수,3558,3597,7155
202205,6호선,역촌,3710,4170,7880
202205,6호선,연신내,1,0,1
202205,6호선,월곡,11991,11377,23368
202205,6호선,월드컵경기장,5179,5574,10753
202205,6호선,응암,17852,17097,34949
202205,6호선,이태원,12890,17106,29996
202205,6호선,증산,10201,9806,20007
202205,6호선,창신,3337,2626,5963
202205,6호선,청구,3764,3833,7597
202205,6호선,태릉입구,5842,6471,12313
202205,6호선,한강진,8659,10506,19165
202205,6호선,합정,14497,14594,29091
202205,6호선,화랑대,11137,8478,19615
202205,6호선,효창공원앞,7195,6304,13499
202205,6호선,고려대,9148,8933,18081
202205,6호선,공덕,19576,19242,38818
202205,6호선,광흥창,9731,9266,18997
202205,6호선,구산,8150,5916,14066
202205,6호선,녹사평,4759,4747,9506
202205,6호선,대흥,9064,9454,18518
202205,6호선,독바위,2940,3031,5971
202205,6호선,돌곶이,9980,9320,19300
202205,6호선,동묘앞,7952,8336,16288
202205,6호선,디지털미디어시티,15201,16485,31686
202205,6호선,마포구청,14605,13110,27715
202205,6호선,망원,13714,14525,28239
202205,6호선,버티고개,2352,2197,4549
202205,6호선,보문,7795,7203,14998
202205,6호선,봉화산,9523,8844,18367
202205,6호선,불광,4326,4326,8652
202205,6호선,삼각지,6738,5866,12604
202205,6호선,상수,8624,9948,18572
202205,6호선,상월곡,6910,6411,13321
202205,6호선,새절,14021,12978,26999
202205,6호선,석계,13093,14092,27185
202205,6호선,신내,2,0,2
202205,6호선,신당,8014,8515,16529
202205,6호선,안암,14572,15454,30026
202205,6호선,약수,3912,3886,7798
202205,6호선,역촌,3846,4535,8381
202205,6호선,월곡,13488,13128,26616
202205,6호선,월드컵경기장,4774,5053,9827
202205,6호선,응암,18497,18180,36677
202205,6호선,이태원,9852,10313,20165
202205,6호선,증산,10686,10648,21334
202205,6호선,창신,3921,3314,7235
202205,6호선,청구,3784,3989,7773
202205,6호선,태릉입구,6041,6722,12763
202205,6호선,한강진,6996,8270,15266
202205,6호선,합정,12833,12999,25832
202205,6호선,화랑대,13285,10395,23680
202205,6호선,효창공원앞,7727,7035,14762
202205,6호선,고려대,9782,9625,19407
202205,6호선,공덕,20562,20086,40648
202205,6호선,광흥창,10295,9464,19759
202205,6호선,구산,8452,6114,14566
202205,6호선,녹사평,5023,5010,10033
202205,6호선,대흥,9531,9786,19317
202205,6호선,독바위,2925,3039,5964
202205,6호선,돌곶이,10036,9257,19293
202205,6호선,동묘앞,8193,8293,16486
202205,6호선,디지털미디어시티,15314,16839,32153
202205,6호선,마포구청,15444,13835,29279
202205,6호선,망원,14187,15038,29225
202205,6호선,버티고개,2478,2370,4848
202205,6호선,보문,7957,7396,15353
202205,6호선,봉화산,9700,9019,18719
202205,6호선,불광,4505,4424,8929
202205,6호선,삼각지,8093,6879,14972
202205,6호선,상수,9455,10830,20285
202205,6호선,상월곡,7056,6606,13662
202205,6호선,새절,14414,13233,27647
202205,6호선,석계,13585,14126,27711
202205,6호선,신당,8722,9229,17951
202205,6호선,안암,15075,15379,30454
202205,6호선,약수,3839,3889,7728
202205,6호선,역촌,3959,4626,8585
202205,6호선,월곡,13537,12986,26523
202205,6호선,월드컵경기장,4790,5102,9892
202205,6호선,응암,18935,18383,37318
202205,6호선,이태원,10272,10967,21239
202205,6호선,증산,10966,10868,21834
202205,6호선,창신,4051,3317,7368
202205,6호선,청구,3923,4131,8054
202205,6호선,태릉입구,6265,7058,13323
202205,6호선,한강진,8816,10119,18935
202205,6호선,합정,13758,13614,27372
202205,6호선,화랑대,14563,10863,25426
202205,6호선,효창공원앞,8292,7576,15868
202205,6호선,고려대,9556,9233,18789
202205,6호선,공덕,20423,19996,40419
202205,6호선,광흥창,10120,9644,19764
202205,6호선,구산,8273,6017,14290
202205,6호선,녹사평,5396,5265,10661
202205,6호선,대흥,9521,9863,19384
202205,6호선,독바위,2868,3029,5897
202205,6호선,돌곶이,10222,9545,19767
202205,6호선,동묘앞,8339,8587,16926
202205,6호선,디지털미디어시티,15760,17047,32807
202205,6호선,마포구청,15374,13821,29195
202205,6호선,망원,14318,15139,29457
202205,6호선,버티고개,2465,2351,4816
202205,6호선,보문,8060,7294,15354
202205,6호선,봉화산,9754,8962,18716
202205,6호선,불광,4677,4538,9215
202205,6호선,삼각지,7819,6859,14678
202205,6호선,상수,9389,10794,20183
202205,6호선,상월곡,7095,6646,13741
202205,6호선,새절,14276,13191,27467
202205,6호선,석계,13682,14245,27927
202205,6호선,신당,9460,9762,19222
202205,6호선,안암,15457,15723,31180
202205,6호선,약수,3836,3868,7704
202205,6호선,역촌,4039,4810,8849
202205,6호선,월곡,13707,13143,26850
202205,6호선,월드컵경기장,4939,5276,10215
202205,6호선,응암,18972,18388,37360
202205,6호선,이태원,10669,11467,22136
202205,6호선,증산,10973,10973,21946
202205,6호선,창신,4124,3505,7629
202205,6호선,청구,3981,4218,8199
202205,6호선,태릉입구,6339,7254,13593
202205,6호선,한강진,8925,10420,19345
202205,6호선,합정,13747,13403,27150
202205,6호선,화랑대,14056,10800,24856
202205,6호선,효창공원앞,8186,7486,15672
202205,6호선,고려대,10045,9664,19709
202205,6호선,공덕,20482,19931,40413
202205,6호선,광흥창,10157,9803,19960
202205,6호선,구산,8413,5958,14371
202205,6호선,녹사평,5351,5263,10614
202205,6호선,대흥,9481,9620,19101
202205,6호선,독바위,2901,3050,5951
202205,6호선,돌곶이,10514,9444,19958
202205,6호선,동묘앞,8231,8490,16721
202205,6호선,디지털미디어시티,15358,17042,32400
202205,6호선,마포구청,15374,13618,28992
202205,6호선,망원,14307,15275,29582
202205,6호선,버티고개,2431,2373,4804
202205,6호선,보문,8084,7356,15440
202205,6호선,봉화산,9847,9212,19059
202205,6호선,불광,4576,4505,9081
202205,6호선,삼각지,7807,6753,14560
202205,6호선,상수,9522,11038,20560
202205,6호선,상월곡,7103,6522,13625
202205,6호선,새절,14366,13181,27547
202205,6호선,석계,13683,14193,27876
202205,6호선,신내,1,0,1
202205,6호선,신당,8915,9435,18350
202205,6호선,안암,15136,14966,30102
202205,6호선,약수,3838,3924,7762
202205,6호선,역촌,3961,4604,8565
202205,6호선,월곡,13235,12737,25972
202205,6호선,월드컵경기장,4847,5175,10022
202205,6호선,응암,18765,18399,37164
202205,6호선,이태원,10854,11769,22623
202205,6호선,증산,10878,10677,21555
202205,6호선,창신,3971,3328,7299
202205,6호선,청구,4002,4190,8192
202205,6호선,태릉입구,6370,7157,13527
202205,6호선,한강진,8896,10392,19288
202205,6호선,합정,14177,13787,27964
202205,6호선,화랑대,13917,10799,24716
202205,6호선,효창공원앞,8139,7416,15555
202205,6호선,고려대,9422,8828,18250
202205,6호선,공덕,20849,20271,41120
202205,6호선,광흥창,9918,9535,19453
202205,6호선,구산,8601,6042,14643
202205,6호선,녹사평,5953,6506,12459
202205,6호선,대흥,9763,9788,19551
202205,6호선,독바위,2934,2959,5893
202205,6호선,돌곶이,10631,9551,20182
202205,6호선,동묘앞,8637,8418,17055
202205,6호선,디지털미디어시티,15445,16547,31992
202205,6호선,마포구청,15426,13331,28757
202205,6호선,망원,15664,17042,32706
202205,6호선,버티고개,2466,2345,4811
202205,6호선,보문,8395,7494,15889
202205,6호선,봉화산,9865,9224,19089
202205,6호선,불광,4662,4665,9327
202205,6호선,삼각지,8471,7087,15558
202205,6호선,상수,10658,12731,23389
202205,6호선,상월곡,7122,6213,13335
202205,6호선,새절,14338,12880,27218
202205,6호선,석계,13541,13922,27463
202205,6호선,신당,9093,8700,17793
202205,6호선,안암,14185,13334,27519
202205,6호선,약수,4004,4103,8107
202205,6호선,역촌,3992,4562,8554
202205,6호선,연신내,1,0,1
202205,6호선,월곡,13022,12531,25553
202205,6호선,월드컵경기장,5511,5661,11172
202205,6호선,응암,19177,18396,37573
202205,6호선,이태원,13204,18488,31692
202205,6호선,증산,11118,10761,21879
202205,6호선,창신,4068,3191,7259
202205,6호선,청구,3994,4210,8204
202205,6호선,태릉입구,6742,7500,14242
202205,6호선,한강진,10297,12462,22759
202205,6호선,합정,15334,15527,30861
202205,6호선,화랑대,14092,10597,24689
202205,6호선,효창공원앞,8232,7352,15584
202205,6호선,고려대,9238,8966,18204
202205,6호선,공덕,19816,19268,39084
202205,6호선,광흥창,9798,9459,19257
202205,6호선,구산,8250,5960,14210
202205,6호선,녹사평,4765,4735,9500
202205,6호선,대흥,9201,9614,18815
202205,6호선,독바위,2859,3003,5862
202205,6호선,돌곶이,9887,9215,19102
202205,6호선,동묘앞,8188,8482,16670
202205,6호선,디지털미디어시티,15416,16723,32139
202205,6호선,마포구청,15286,13547,28833
202205,6호선,망원,13835,14615,28450
202205,6호선,버티고개,2366,2319,4685
202205,6호선,보문,7783,7181,14964
202205,6호선,봉화산,9527,8814,18341
202205,6호선,불광,4346,4360,8706
202205,6호선,삼각지,7265,6326,13591
202205,6호선,상수,8897,10282,19179
202205,6호선,상월곡,6926,6388,13314
202205,6호선,새절,14158,13061,27219
202205,6호선,석계,13466,14102,27568
202205,6호선,신내,2,0,2
202205,6호선,신당,7955,8438,16393
202205,6호선,안암,14780,15499,30279
202205,6호선,약수,3869,3923,7792
202205,6호선,역촌,3989,4574,8563
202205,6호선,월곡,13691,13189,26880
202205,6호선,월드컵경기장,4405,4734,9139
202205,6호선,응암,18423,18043,36466
202205,6호선,이태원,10195,10426,20621
202205,6호선,증산,10747,10705,21452
202205,6호선,창신,3986,3305,7291
202205,6호선,청구,3737,4013,7750
202205,6호선,태릉입구,7181,8256,15437
202205,6호선,한강진,7500,8603,16103
202205,6호선,합정,13346,13071,26417
202205,6호선,화랑대,13219,10244,23463
202205,6호선,효창공원앞,7900,7366,15266
202205,6호선,고려대,9779,9464,19243
202205,6호선,공덕,20490,19817,40307
202205,6호선,광흥창,10064,9532,19596
202205,6호선,구산,8299,6031,14330
202205,6호선,녹사평,5173,5177,10350
202205,6호선,대흥,9393,9779,19172
202205,6호선,독바위,2997,3185,6182
202205,6호선,돌곶이,10203,9453,19656
202205,6호선,동묘앞,8284,8542,16826
202205,6호선,디지털미디어시티,15560,17107,32667
202205,6호선,마포구청,15502,13648,29150
202205,6호선,망원,14582,15566,30148
202205,6호선,버티고개,2398,2443,4841
202205,6호선,보문,8057,7330,15387
202205,6호선,봉화산,9802,9147,18949
202205,6호선,불광,4470,4552,9022
202205,6호선,삼각지,8305,7274,15579
202205,6호선,상수,9363,10758,20121
202205,6호선,상월곡,7049,6499,13548
202205,6호선,새절,14406,13237,27643
202205,6호선,석계,13722,14276,27998
202205,6호선,신당,8811,9488,18299
202205,6호선,안암,15368,15522,30890
202205,6호선,약수,3953,3880,7833
202205,6호선,역촌,4036,4578,8614
202205,6호선,연신내,1,0,1
202205,6호선,월곡,13595,13218,26813
202205,6호선,월드컵경기장,4619,4978,9597
202205,6호선,응암,18907,18403,37310
202205,6호선,이태원,10309,10893,21202
202205,6호선,증산,10834,10756,21590
202205,6호선,창신,4037,3372,7409
202205,6호선,청구,3969,4118,8087
202205,6호선,태릉입구,7394,8664,16058
202205,6호선,한강진,9011,10445,19456
202205,6호선,합정,13568,13417,26985
202205,6호선,화랑대,14141,11040,25181
202205,6호선,효창공원앞,8155,7442,15597
202205,6호선,고려대,9451,9176,18627
202205,6호선,공덕,20000,19536,39536
202205,6호선,광흥창,10167,9600,19767
202205,6호선,구산,8278,5926,14204
202205,6호선,녹사평,5054,5127,10181
202205,6호선,대흥,9482,9864,19346
202205,6호선,독바위,2928,3004,5932
202205,6호선,돌곶이,10277,9489,19766
202205,6호선,동묘앞,8123,8408,16531
202205,6호선,디지털미디어시티,15531,16764,32295
202205,6호선,마포구청,15417,13802,29219
202205,6호선,망원,14246,15094,29340
202205,6호선,버티고개,2395,2249,4644
202205,6호선,보문,8110,7253,15363
202205,6호선,봉화산,9615,8868,18483
202205,6호선,불광,4730,4669,9399
202205,6호선,삼각지,7962,6986,14948
202205,6호선,상수,9363,10949,20312
202205,6호선,상월곡,7038,6612,13650
202205,6호선,새절,13999,13073,27072
202205,6호선,석계,13641,14130,27771
202205,6호선,신당,9412,9776,19188
202205,6호선,안암,15439,15656,31095
202205,6호선,약수,3768,3851,7619
202205,6호선,역촌,3920,4603,8523
202205,6호선,월곡,13577,12895,26472
202205,6호선,월드컵경기장,4438,4885,9323
202205,6호선,응암,18892,18121,37013
202205,6호선,이태원,10562,11298,21860
202205,6호선,증산,10937,10704,21641
202205,6호선,창신,4093,3358,7451
202205,6호선,청구,3950,4161,8111
202205,6호선,태릉입구,7097,8323,15420
202205,6호선,한강진,8616,10019,18635
202205,6호선,합정,13780,13752,27532
202205,6호선,화랑대,13886,10736,24622
202205,6호선,효창공원앞,8029,7367,15396
202205,6호선,고려대,10037,9625,19662
202205,6호선,공덕,20335,19820,40155
202205,6호선,광흥창,10243,9737,19980
202205,6호선,구산,8352,6019,14371
202205,6호선,녹사평,5339,5368,10707
202205,6호선,대흥,9752,10172,19924
202205,6호선,독바위,2924,3087,6011
202205,6호선,돌곶이,11408,10556,21964
202205,6호선,동묘앞,8222,8555,16777
202205,6호선,디지털미디어시티,15633,17064,32697
202205,6호선,마포구청,15358,13639,28997
202205,6호선,망원,14695,15637,30332
202205,6호선,버티고개,2453,2327,4780
202205,6호선,보문,8070,7186,15256
202205,6호선,봉화산,9828,9078,18906
202205,6호선,불광,4484,4545,9029
202205,6호선,삼각지,8067,7046,15113
202205,6호선,상수,9504,10958,20462
202205,6호선,상월곡,7038,6368,13406
202205,6호선,새절,14464,13270,27734
202205,6호선,석계,13838,14192,28030
202205,6호선,신당,8748,9332,18080
202205,6호선,안암,15447,15388,30835
202205,6호선,약수,3931,3992,7923
202205,6호선,역촌,4049,4607,8656
202205,6호선,연신내,1,0,1
202205,6호선,월곡,13379,12917,26296
202205,6호선,월드컵경기장,5328,5730,11058
202205,6호선,응암,19110,18387,37497
202205,6호선,이태원,10883,11954,22837
202205,6호선,증산,10926,10918,21844
202205,6호선,창신,4035,3365,7400
202205,6호선,청구,3808,4173,7981
202205,6호선,태릉입구,7760,9175,16935
202205,6호선,한강진,8759,10306,19065
202205,6호선,합정,14214,14125,28339
202205,6호선,화랑대,14021,10924,24945
202205,6호선,효창공원앞,8201,7498,15699
202205,6호선,고려대,9812,9095,18907
202205,6호선,공덕,20870,20399,41269
202205,6호선,광흥창,10199,9607,19806
202205,6호선,구산,8459,5853,14312
202205,6호선,녹사평,6128,6567,12695
202205,6호선,대흥,9960,10178,20138
202205,6호선,독바위,3009,3026,6035
202205,6호선,돌곶이,10505,9410,19915
202205,6호선,동묘앞,8722,8424,17146
202205,6호선,디지털미디어시티,15338,16461,31799
202205,6호선,마포구청,15636,13535,29171
202205,6호선,망원,15622,16955,32577
202205,6호선,버티고개,2472,2309,4781
202205,6호선,보문,8416,7321,15737
202205,6호선,봉화산,9811,9297,19108
202205,6호선,불광,4752,4694,9446
202205,6호선,삼각지,8430,7105,15535
202205,6호선,상수,10138,12649,22787
202205,6호선,상월곡,6995,6149,13144
202205,6호선,새절,14240,13094,27334
202205,6호선,석계,14021,14053,28074
202205,6호선,신내,2,0,2
202205,6호선,신당,8617,8268,16885
202205,6호선,안암,14585,13740,28325
202205,6호선,약수,4002,4201,8203
202205,6호선,역촌,4095,4627,8722
202205,6호선,연신내,1,0,1
202205,6호선,월곡,13518,12654,26172
202205,6호선,월드컵경기장,5696,5989,11685
202205,6호선,응암,19317,18337,37654
202205,6호선,이태원,12770,17882,30652
202205,6호선,증산,11180,10720,21900
202205,6호선,창신,3979,3232,7211
202205,6호선,청구,4039,4170,8209
202205,6호선,태릉입구,8138,9497,17635
202205,6호선,한강진,9869,11696,21565
202205,6호선,합정,15014,15251,30265
202205,6호선,화랑대,14145,10591,24736
202205,6호선,효창공원앞,8278,7378,15656
202205,6호선,고려대,10010,9236,19246
202205,6호선,공덕,19774,19154,38928
202205,6호선,광흥창,9747,9439,19186
202205,6호선,구산,8141,5917,14058
202205,6호선,녹사평,4763,4717,9480
202205,6호선,대흥,9096,9436,18532
202205,6호선,독바위,2855,2991,5846
202205,6호선,돌곶이,10127,9306,19433
202205,6호선,동묘앞,8139,8330,16469
202205,6호선,디지털미디어시티,15388,16732,32120
202205,6호선,마포구청,15091,13396,28487
202205,6호선,망원,13763,14560,28323
202205,6호선,버티고개,2409,2297,4706
202205,6호선,보문,7807,7052,14859
202205,6호선,봉화산,9573,8867,18440
202205,6호선,불광,4587,4422,9009
202205,6호선,삼각지,7212,6192,13404
202205,6호선,상수,8724,9646,18370
202205,6호선,상월곡,7013,6606,13619
202205,6호선,새절,13893,12845,26738
202205,6호선,석계,13210,14032,27242
202205,6호선,신내,1,0,1
202205,6호선,신당,7758,8416,16174
202205,6호선,안암,15554,18246,33800
202205,6호선,약수,3893,3852,7745
202205,6호선,역촌,4036,4533,8569
202205,6호선,연신내,2,0,2
202205,6호선,월곡,13516,13056,26572
202205,6호선,월드컵경기장,4558,4912,9470
202205,6호선,응암,18373,18167,36540
202205,6호선,이태원,9903,10242,20145
202205,6호선,증산,10712,10538,21250
202205,6호선,창신,3912,3324,7236
202205,6호선,청구,3709,3979,7688
202205,6호선,태릉입구,7275,8186,15461
202205,6호선,한강진,7288,8299,15587
202205,6호선,합정,13138,12938,26076
202205,6호선,화랑대,13045,10147,23192
202205,6호선,효창공원앞,7662,7089,14751
202205,6호선,고려대,10210,10066,20276
202205,6호선,공덕,20381,19703,40084
202205,6호선,광흥창,10220,9618,19838
202205,6호선,구산,8407,5867,14274
202205,6호선,녹사평,5094,4942,10036
202205,6호선,대흥,9350,9374,18724
202205,6호선,독바위,2987,3093,6080
202205,6호선,돌곶이,10146,9308,19454
202205,6호선,동묘앞,8192,8483,16675
202205,6호선,디지털미디어시티,15580,17097,32677
202205,6호선,마포구청,15639,13772,29411
202205,6호선,망원,14258,15014,29272
202205,6호선,버티고개,2497,2349,4846
202205,6호선,보문,8047,7318,15365
202205,6호선,봉화산,9631,8883,18514
202205,6호선,불광,4522,4707,9229
202205,6호선,삼각지,8037,7039,15076
202205,6호선,상수,8966,10372,19338
202205,6호선,상월곡,7043,6545,13588
202205,6호선,새절,14467,13309,27776
202205,6호선,석계,13732,14121,27853
202205,6호선,신당,8821,9343,18164
202205,6호선,안암,16510,19473,35983
202205,6호선,약수,3943,3906,7849
202205,6호선,역촌,3923,4820,8743
202205,6호선,연신내,1,0,1
202205,6호선,월곡,13479,12895,26374
202205,6호선,월드컵경기장,4715,5024,9739
202205,6호선,응암,19075,18862,37937
202205,6호선,이태원,10395,10852,21247
202205,6호선,증산,10747,10722,21469
202205,6호선,창신,4123,3380,7503
202205,6호선,청구,3868,4130,7998
202205,6호선,태릉입구,7103,8308,15411
202205,6호선,한강진,8625,9957,18582
202205,6호선,합정,13517,13553,27070
202205,6호선,화랑대,13813,10443,24256
202205,6호선,효창공원앞,7949,7223,15172
202205,6호선,고려대,10433,9823,20256
202205,6호선,공덕,20436,20029,40465
202205,6호선,광흥창,10144,9848,19992
202205,6호선,구산,8442,6202,14644
202205,6호선,녹사평,5164,5185,10349
202205,6호선,대흥,9591,9803,19394
202205,6호선,독바위,2994,3192,6186
202205,6호선,돌곶이,10528,9805,20333
202205,6호선,동묘앞,8338,8601,16939
202205,6호선,디지털미디어시티,15746,17169,32915
202205,6호선,마포구청,15736,14188,29924
202205,6호선,망원,14662,15497,30159
202205,6호선,버티고개,2461,2346,4807
202205,6호선,보문,8180,7456,15636
202205,6호선,봉화산,9942,9272,19214
202205,6호선,불광,4895,4669,9564
202205,6호선,삼각지,8274,7345,15619
202205,6호선,상수,9661,10796,20457
202205,6호선,상월곡,7122,6733,13855
202205,6호선,새절,14315,13290,27605
202205,6호선,석계,13830,14462,28292
202205,6호선,신당,9792,9912,19704
202205,6호선,안암,16988,19701,36689
202205,6호선,약수,4034,4100,8134
202205,6호선,역촌,4032,4809,8841
202205,6호선,연신내,2,0,2
202205,6호선,월곡,13770,13241,27011
202205,6호선,월드컵경기장,5797,6137,11934
202205,6호선,응암,19112,18714,37826
202205,6호선,이태원,10672,11130,21802
202205,6호선,증산,10960,10944,21904
202205,6호선,창신,4231,3692,7923
202205,6호선,청구,3866,4259,8125
202205,6호선,태릉입구,7176,8280,15456
202205,6호선,한강진,8867,10056,18923
202205,6호선,합정,14241,14008,28249
202205,6호선,화랑대,13967,10560,24527
202205,6호선,효창공원앞,7947,7525,15472
202205,6호선,고려대,14191,12611,26802
202205,6호선,공덕,20582,20137,40719
202205,6호선,광흥창,10207,9898,20105
202205,6호선,구산,8406,5852,14258
202205,6호선,녹사평,5310,5306,10616
202205,6호선,대흥,9828,10073,19901
202205,6호선,독바위,2926,3047,5973
202205,6호선,돌곶이,10488,9413,19901
202205,6호선,동묘앞,8606,8925,17531
202205,6호선,디지털미디어시티,15779,17279,33058
202205,6호선,마포구청,15487,13604,29091
202205,6호선,망원,14477,15409,29886
202205,6호선,버티고개,2539,2338,4877
202205,6호선,보문,8312,7372,15684
202205,6호선,봉화산,9922,9182,19104
202205,6호선,불광,4617,4566,9183
202205,6호선,삼각지,8874,7520,16394
202205,6호선,상수,9670,10995,20665
202205,6호선,상월곡,7732,7195,14927
202205,6호선,새절,14478,13333,27811
202205,6호선,석계,13941,14596,28537
202205,6호선,신내,1,0,1
202205,6호선,신당,9018,9470,18488
202205,6호선,안암,22768,29758,52526
202205,6호선,약수,3957,4007,7964
202205,6호선,역촌,3969,4626,8595
202205,6호선,월곡,13637,13051,26688
202205,6호선,월드컵경기장,5198,5531,10729
202205,6호선,응암,19037,18423,37460
202205,6호선,이태원,11235,12413,23648
202205,6호선,증산,11031,10817,21848
202205,6호선,창신,4071,3399,7470
202205,6호선,청구,3844,4184,8028
202205,6호선,태릉입구,6892,8015,14907
202205,6호선,한강진,8795,10317,19112
202205,6호선,합정,14126,14117,28243
202205,6호선,화랑대,14369,10881,25250
202205,6호선,효창공원앞,8131,7399,15530
202205,6호선,고려대,8873,9264,18137
202205,6호선,공덕,21404,20772,42176
202205,6호선,광흥창,10298,9748,20046
202205,6호선,구산,8618,5942,14560
202205,6호선,녹사평,5950,6350,12300
202205,6호선,대흥,9579,9503,19082
202205,6호선,독바위,2953,3019,5972
202205,6호선,돌곶이,10728,9622,20350
202205,6호선,동묘앞,9237,9101,18338
202205,6호선,디지털미디어시티,16076,16709,32785
202205,6호선,마포구청,15606,13429,29035
202205,6호선,망원,15460,16651,32111
202205,6호선,버티고개,2549,2344,4893
202205,6호선,보문,8405,7450,15855
202205,6호선,봉화산,9876,9252,19128
202205,6호선,불광,4741,4622,9363
202205,6호선,삼각지,8940,7593,16533
202205,6호선,상수,10107,12020,22127
202205,6호선,상월곡,6995,6285,13280
202205,6호선,새절,14104,12804,26908
202205,6호선,석계,14058,14410,28468
202205,6호선,신당,9289,8811,18100
202205,6호선,안암,16360,21447,37807
202205,6호선,약수,4120,4085,8205
202205,6호선,역촌,4064,4645,8709
202205,6호선,월곡,13161,12309,25470
202205,6호선,월드컵경기장,5246,5630,10876
202205,6호선,응암,19247,18507,37754
202205,6호선,이태원,13213,18302,31515
202205,6호선,증산,11052,10611,21663
202205,6호선,창신,3829,3139,6968
202205,6호선,청구,3999,4179,8178
202205,6호선,태릉입구,6992,7789,14781
202205,6호선,한강진,9364,11504,20868
202205,6호선,합정,15186,15561,30747
202205,6호선,화랑대,14621,10562,25183
202205,6호선,효창공원앞,8223,7338,15561
202205,6호선,고려대,8824,8478,17302
202205,6호선,공덕,19609,18848,38457
202205,6호선,광흥창,9830,9433,19263
202205,6호선,구산,8265,5984,14249
202205,6호선,녹사평,4667,4603,9270
202205,6호선,대흥,8902,9275,18177
202205,6호선,독바위,2855,2958,5813
202205,6호선,돌곶이,9981,9489,19470
202205,6호선,동묘앞,7752,8131,15883
202205,6호선,디지털미디어시티,15521,16960,32481
202205,6호선,마포구청,15147,13361,28508
202205,6호선,망원,13452,14214,27666
202205,6호선,버티고개,2333,2273,4606
202205,6호선,보문,7899,7210,15109
202205,6호선,봉화산,9537,8950,18487
202205,6호선,불광,4271,4225,8496
202205,6호선,삼각지,6838,6077,12915
202205,6호선,상수,8528,9659,18187
202205,6호선,상월곡,6868,6400,13268
202205,6호선,새절,13953,12958,26911
202205,6호선,석계,13155,13988,27143
202205,6호선,신당,7849,8480,16329
202205,6호선,안암,14087,14873,28960
202205,6호선,약수,3855,3932,7787
202205,6호선,역촌,3758,4557,8315
202205,6호선,연신내,1,0,1
202205,6호선,월곡,13279,12684,25963
202205,6호선,월드컵경기장,4336,4545,8881
202205,6호선,응암,18418,17886,36304
202205,6호선,이태원,9869,10050,19919
202205,6호선,증산,10628,10558,21186
202205,6호선,창신,3894,3204,7098
202205,6호선,청구,3747,3970,7717
202205,6호선,태릉입구,6067,6900,12967
202205,6호선,한강진,6828,7920,14748
202205,6호선,합정,13029,12831,25860
202205,6호선,화랑대,12885,9939,22824
202205,6호선,효창공원앞,7876,7112,14988
202205,6호선,고려대,9566,9109,18675
202205,6호선,공덕,20468,20342,40810
202205,6호선,광흥창,10029,9545,19574
202205,6호선,구산,8584,6018,14602
202205,6호선,녹사평,5259,5567,10826
202205,6호선,대흥,9595,9802,19397
202205,6호선,독바위,3019,3005,6024
202205,6호선,돌곶이,10251,9159,19410
202205,6호선,동묘앞,8633,8933,17566
202205,6호선,디지털미디어시티,16118,17145,33263
202205,6호선,마포구청,15647,13680,29327
202205,6호선,망원,14870,15967,30837
202205,6호선,버티고개,2416,2260,4676
202205,6호선,보문,8395,7324,15719
202205,6호선,봉화산,9888,8980,18868
202205,6호선,불광,4655,4583,9238
202205,6호선,삼각지,8306,7131,15437
202205,6호선,상수,9548,11550,21098
202205,6호선,상월곡,7190,6444,13634
202205,6호선,새절,14690,13231,27921
202205,6호선,석계,13906,14150,28056
202205,6호선,신당,9188,9649,18837
202205,6호선,안암,15229,15149,30378
202205,6호선,약수,3956,3955,7911
202205,6호선,역촌,4068,4677,8745
202205,6호선,연신내,1,0,1
202205,6호선,월곡,13796,13103,26899
202205,6호선,월드컵경기장,5171,5522,10693
202205,6호선,응암,19180,18329,37509
202205,6호선,이태원,11076,14696,25772
202205,6호선,증산,11197,10740,21937
202205,6호선,창신,4148,3394,7542
202205,6호선,청구,3896,4191,8087
202205,6호선,태릉입구,6450,7322,13772
202205,6호선,한강진,8498,10339,18837
202205,6호선,합정,14646,14906,29552
202205,6호선,화랑대,13985,10390,24375
202205,6호선,효창공원앞,8216,7218,15434
202206,6호선,고려대,4715,4715,9430
202206,6호선,공덕,8648,8018,16666
202206,6호선,광흥창,4809,4594,9403
202206,6호선,구산,4895,3725,8620
202206,6호선,녹사평,4622,4627,9249
202206,6호선,대흥,4757,4738,9495
202206,6호선,독바위,1811,2167,3978
202206,6호선,돌곶이,5813,5458,11271
202206,6호선,동묘앞,6704,6239,12943
202206,6호선,디지털미디어시티,6636,7131,13767
202206,6호선,마포구청,8317,7336,15653
202206,6호선,망원,11713,12742,24455
202206,6호선,버티고개,1251,1425,2676
202206,6호선,보문,4692,4268,8960
202206,6호선,봉화산,4822,4650,9472
202206,6호선,불광,3988,3587,7575
202206,6호선,삼각지,5649,4589,10238
202206,6호선,상수,7248,8101,15349
202206,6호선,상월곡,4010,3477,7487
202206,6호선,새절,8081,7821,15902
202206,6호선,석계,8003,8048,16051
202206,6호선,신당,6726,6588,13314
202206,6호선,안암,6093,6142,12235
202206,6호선,약수,2227,2282,4509
202206,6호선,역촌,2331,2742,5073
202206,6호선,연신내,2,0,2
202206,6호선,월곡,7030,6865,13895
202206,6호선,월드컵경기장,6071,6195,12266
202206,6호선,응암,11595,11556,23151
202206,6호선,이태원,11994,10725,22719
202206,6호선,증산,6980,6857,13837
202206,6호선,창신,2041,1786,3827
202206,6호선,청구,2366,2442,4808
202206,6호선,태릉입구,4145,4757,8902
202206,6호선,한강진,7272,8575,15847
202206,6호선,합정,11212,10160,21372
202206,6호선,화랑대,6433,5327,11760
202206,6호선,효창공원앞,4504,3863,8367
202206,6호선,고려대,9487,9159,18646
202206,6호선,공덕,20368,19474,39842
202206,6호선,광흥창,10224,9686,19910
202206,6호선,구산,8459,6033,14492
202206,6호선,녹사평,5091,5024,10115
202206,6호선,대흥,9252,9685,18937
202206,6호선,독바위,2895,3061,5956
202206,6호선,돌곶이,10242,9267,19509
202206,6호선,동묘앞,8351,8553,16904
202206,6호선,디지털미디어시티,20751,17488,38239
202206,6호선,마포구청,17720,14730,32450
202206,6호선,망원,15301,15829,31130
202206,6호선,버티고개,2385,2261,4646
202206,6호선,보문,7936,7065,15001
202206,6호선,봉화산,9651,8881,18532
202206,6호선,불광,4571,4515,9086
202206,6호선,삼각지,8100,6997,15097
202206,6호선,상수,9635,10773,20408
202206,6호선,상월곡,7448,6881,14329
202206,6호선,새절,14296,13127,27423
202206,6호선,석계,13003,13814,26817
202206,6호선,신당,8628,9193,17821
202206,6호선,안암,14449,14514,28963
202206,6호선,약수,3952,3850,7802
202206,6호선,역촌,3953,4570,8523
202206,6호선,월곡,13035,12617,25652
202206,6호선,월드컵경기장,26198,43706,69904
202206,6호선,응암,18774,18080,36854
202206,6호선,이태원,10807,11706,22513
202206,6호선,증산,10736,10340,21076
202206,6호선,창신,3954,3346,7300
202206,6호선,청구,3848,3998,7846
202206,6호선,태릉입구,6446,7018,13464
202206,6호선,한강진,8820,9788,18608
202206,6호선,합정,16175,17282,33457
202206,6호선,화랑대,13266,10107,23373
202206,6호선,효창공원앞,7782,7234,15016
202206,6호선,고려대,8887,8350,17237
202206,6호선,공덕,20189,19862,40051
202206,6호선,광흥창,10099,9498,19597
202206,6호선,구산,8426,5931,14357
202206,6호선,녹사평,5404,5839,11243
202206,6호선,대흥,9457,9369,18826
202206,6호선,독바위,2880,2806,5686
202206,6호선,돌곶이,10228,9152,19380
202206,6호선,동묘앞,8699,8578,17277
202206,6호선,디지털미디어시티,15144,16289,31433
202206,6호선,마포구청,15107,13132,28239
202206,6호선,망원,15078,16173,31251
202206,6호선,버티고개,2345,2334,4679
202206,6호선,보문,8191,7090,15281
202206,6호선,봉화산,9538,8949,18487
202206,6호선,불광,4799,4612,9411
202206,6호선,삼각지,8277,6946,15223
202206,6호선,상수,9672,11604,21276
202206,6호선,상월곡,6852,6087,12939
202206,6호선,새절,13889,12601,26490
202206,6호선,석계,13366,13839,27205
202206,6호선,신내,1,0,1
202206,6호선,신당,8868,8475,17343
202206,6호선,안암,12983,12083,25066
202206,6호선,약수,3932,3970,7902
202206,6호선,역촌,4038,4512,8550
202206,6호선,월곡,12849,12199,25048
202206,6호선,월드컵경기장,5569,5734,11303
202206,6호선,응암,19020,18197,37217
202206,6호선,이태원,11742,16657,28399
202206,6호선,증산,10810,10419,21229
202206,6호선,창신,4050,3320,7370
202206,6호선,청구,3914,3981,7895
202206,6호선,태릉입구,6275,6851,13126
202206,6호선,한강진,9510,11794,21304
202206,6호선,합정,14382,14715,29097
202206,6호선,화랑대,12897,9792,22689
202206,6호선,효창공원앞,7915,6837,14752
202206,6호선,고려대,3842,3945,7787
202206,6호선,공덕,7025,6636,13661
202206,6호선,광흥창,3875,3704,7579
202206,6호선,구산,4153,3139,7292
202206,6호선,녹사평,3683,3562,7245
202206,6호선,대흥,4046,4205,8251
202206,6호선,독바위,1456,1640,3096
202206,6호선,돌곶이,4609,4520,9129
202206,6호선,동묘앞,5942,5627,11569
202206,6호선,디지털미디어시티,5513,5842,11355
202206,6호선,마포구청,6657,6290,12947
202206,6호선,망원,9149,10013,19162
202206,6호선,버티고개,1085,1131,2216
202206,6호선,보문,3792,3580,7372
202206,6호선,봉화산,4057,3975,8032
202206,6호선,불광,2942,2709,5651
202206,6호선,삼각지,4456,3446,7902
202206,6호선,상수,6247,6799,13046
202206,6호선,상월곡,3194,2930,6124
202206,6호선,새절,6652,6485,13137
202206,6호선,석계,6610,6856,13466
202206,6호선,신당,4892,5018,9910
202206,6호선,안암,4665,5380,10045
202206,6호선,약수,1850,2020,3870
202206,6호선,역촌,1970,2270,4240
202206,6호선,월곡,5590,5759,11349
202206,6호선,월드컵경기장,4329,4381,8710
202206,6호선,응암,9485,9745,19230
202206,6호선,이태원,10530,8899,19429
202206,6호선,증산,5550,5542,11092
202206,6호선,창신,1655,1534,3189
202206,6호선,청구,1948,2062,4010
202206,6호선,태릉입구,3333,3592,6925
202206,6호선,한강진,5002,5931,10933
202206,6호선,합정,8895,8090,16985
202206,6호선,화랑대,5169,4429,9598
202206,6호선,효창공원앞,3492,3239,6731
202206,6호선,고려대,9200,9063,18263
202206,6호선,공덕,19964,19463,39427
202206,6호선,광흥창,9943,9654,19597
202206,6호선,구산,8412,6200,14612
202206,6호선,녹사평,4745,4539,9284
202206,6호선,대흥,9064,9380,18444
202206,6호선,독바위,2954,3130,6084
202206,6호선,돌곶이,10179,9329,19508
202206,6호선,동묘앞,8224,8524,16748
202206,6호선,디지털미디어시티,15560,17101,32661
202206,6호선,마포구청,15437,13727,29164
202206,6호선,망원,14052,14821,28873
202206,6호선,버티고개,2373,2364,4737
202206,6호선,보문,7906,7309,15215
202206,6호선,봉화산,9678,9010,18688
202206,6호선,불광,4619,4588,9207
202206,6호선,삼각지,7295,6453,13748
202206,6호선,상수,8976,10217,19193
202206,6호선,상월곡,6958,6524,13482
202206,6호선,새절,14170,13169,27339
202206,6호선,석계,13082,13845,26927
202206,6호선,신당,8815,9279,18094
202206,6호선,안암,14353,14904,29257
202206,6호선,약수,3754,3817,7571
202206,6호선,역촌,3915,4625,8540
202206,6호선,연신내,1,0,1
202206,6호선,월곡,13375,13055,26430
202206,6호선,월드컵경기장,4712,4965,9677
202206,6호선,응암,18854,18664,37518
202206,6호선,이태원,9810,10145,19955
202206,6호선,증산,10869,10774,21643
202206,6호선,창신,4013,3389,7402
202206,6호선,청구,3810,4045,7855
202206,6호선,태릉입구,6070,6971,13041
202206,6호선,한강진,7447,8574,16021
202206,6호선,합정,13284,12923,26207
202206,6호선,화랑대,13408,10306,23714
202206,6호선,효창공원앞,7922,7131,15053
202206,6호선,고려대,9395,8967,18362
202206,6호선,공덕,20269,19703,39972
202206,6호선,광흥창,10453,10148,20601
202206,6호선,구산,8455,6105,14560
202206,6호선,녹사평,4968,5053,10021
202206,6호선,대흥,9289,9583,18872
202206,6호선,독바위,2936,3013,5949
202206,6호선,돌곶이,10225,9411,19636
202206,6호선,동묘앞,8193,8512,16705
202206,6호선,디지털미디어시티,15660,17314,32974
202206,6호선,마포구청,15469,13608,29077
202206,6호선,망원,14095,15005,29100
202206,6호선,버티고개,2336,2246,4582
202206,6호선,보문,7960,7183,15143
202206,6호선,봉화산,9700,9111,18811
202206,6호선,불광,4643,4753,9396
202206,6호선,삼각지,8204,6969,15173
202206,6호선,상수,9286,10448,19734
202206,6호선,상월곡,7030,6377,13407
202206,6호선,새절,14194,12907,27101
202206,6호선,석계,13332,13975,27307
202206,6호선,신당,9503,9820,19323
202206,6호선,안암,14384,14875,29259
202206,6호선,약수,3969,3899,7868
202206,6호선,역촌,4045,4700,8745
202206,6호선,월곡,13084,12963,26047
202206,6호선,월드컵경기장,4617,4991,9608
202206,6호선,응암,19131,18824,37955
202206,6호선,이태원,10114,10750,20864
202206,6호선,증산,10905,10707,21612
202206,6호선,창신,4193,3501,7694
202206,6호선,청구,3896,4054,7950
202206,6호선,태릉입구,6252,7008,13260
202206,6호선,한강진,8264,9396,17660
202206,6호선,합정,13638,13476,27114
202206,6호선,화랑대,13299,10368,23667
202206,6호선,효창공원앞,7961,7384,15345
202206,6호선,고려대,9263,8948,18211
202206,6호선,공덕,20171,19595,39766
202206,6호선,광흥창,10016,9621,19637
202206,6호선,구산,8404,6048,14452
202206,6호선,녹사평,5045,5033,10078
202206,6호선,대흥,9453,9586,19039
202206,6호선,독바위,3018,3073,6091
202206,6호선,돌곶이,10244,9419,19663
202206,6호선,동묘앞,8210,8404,16614
202206,6호선,디지털미디어시티,15627,17344,32971
202206,6호선,마포구청,15337,13734,29071
202206,6호선,망원,14101,15029,29130
202206,6호선,버티고개,2315,2223,4538
202206,6호선,보문,8071,7249,15320
202206,6호선,봉화산,9626,9118,18744
202206,6호선,불광,4472,4579,9051
202206,6호선,삼각지,7865,6839,14704
202206,6호선,상수,9192,10557,19749
202206,6호선,상월곡,7407,6785,14192
202206,6호선,새절,14310,13009,27319
202206,6호선,석계,13153,13523,26676
202206,6호선,신당,9037,9519,18556
202206,6호선,안암,13714,13813,27527
202206,6호선,약수,3908,3819,7727
202206,6호선,역촌,4023,4739,8762
202206,6호선,연신내,3,0,3
202206,6호선,월곡,12812,12640,25452
202206,6호선,월드컵경기장,4624,5002,9626
202206,6호선,응암,18778,18275,37053
202206,6호선,이태원,10421,11175,21596
202206,6호선,증산,10793,10718,21511
202206,6호선,창신,4080,3500,7580
202206,6호선,청구,3815,4089,7904
202206,6호선,태릉입구,5944,6725,12669
202206,6호선,한강진,8135,9573,17708
202206,6호선,합정,13729,13388,27117
202206,6호선,화랑대,13252,10109,23361
202206,6호선,효창공원앞,7915,7259,15174
202206,6호선,고려대,8815,8458,17273
202206,6호선,공덕,20670,20078,40748
202206,6호선,광흥창,9961,9757,19718
202206,6호선,구산,8757,6154,14911
202206,6호선,녹사평,5680,6075,11755
202206,6호선,대흥,9559,9521,19080
202206,6호선,독바위,3013,3149,6162
202206,6호선,돌곶이,10363,9425,19788
202206,6호선,동묘앞,8573,8599,17172
202206,6호선,디지털미디어시티,15493,16742,32235
202206,6호선,마포구청,15672,13764,29436
202206,6호선,망원,14989,16161,31150
202206,6호선,버티고개,2434,2347,4781
202206,6호선,보문,8286,7374,15660
202206,6호선,봉화산,9686,9118,18804
202206,6호선,불광,4757,4680,9437
202206,6호선,삼각지,8346,7139,15485
202206,6호선,상수,10047,12057,22104
202206,6호선,상월곡,6914,6164,13078
202206,6호선,새절,14180,13096,27276
202206,6호선,석계,13711,13791,27502
202206,6호선,신당,9134,8738,17872
202206,6호선,안암,12390,12082,24472
202206,6호선,약수,4145,4088,8233
202206,6호선,역촌,4015,4882,8897
202206,6호선,월곡,12870,12428,25298
202206,6호선,월드컵경기장,5469,5543,11012
202206,6호선,응암,19504,19056,38560
202206,6호선,이태원,12543,16887,29430
202206,6호선,증산,11025,10916,21941
202206,6호선,창신,4114,3400,7514
202206,6호선,청구,3964,4139,8103
202206,6호선,태릉입구,6196,6757,12953
202206,6호선,한강진,8741,10473,19214
202206,6호선,합정,15014,15041,30055
202206,6호선,화랑대,13005,9874,22879
202206,6호선,효창공원앞,8327,7477,15804
202206,6호선,고려대,9037,8616,17653
202206,6호선,공덕,19839,19101,38940
202206,6호선,광흥창,9782,9489,19271
202206,6호선,구산,8144,6036,14180
202206,6호선,녹사평,4562,4476,9038
202206,6호선,대흥,8843,9038,17881
202206,6호선,독바위,2899,3028,5927
202206,6호선,돌곶이,10035,9289,19324
202206,6호선,동묘앞,8047,8408,16455
202206,6호선,디지털미디어시티,15495,16935,32430
202206,6호선,마포구청,14916,13359,28275
202206,6호선,망원,13484,14231,27715
202206,6호선,버티고개,2276,2269,4545
202206,6호선,보문,7938,6989,14927
202206,6호선,봉화산,9466,8769,18235
202206,6호선,불광,4440,4406,8846
202206,6호선,삼각지,7268,6423,13691
202206,6호선,상수,8775,9803,18578
202206,6호선,상월곡,6674,6124,12798
202206,6호선,새절,13862,12636,26498
202206,6호선,석계,13180,13504,26684
202206,6호선,신당,7976,8463,16439
202206,6호선,안암,13103,13676,26779
202206,6호선,약수,3879,3891,7770
202206,6호선,역촌,3942,4595,8537
202206,6호선,월곡,12692,12523,25215
202206,6호선,월드컵경기장,4552,4694,9246
202206,6호선,응암,18158,18063,36221
202206,6호선,이태원,9758,10001,19759
202206,6호선,증산,10396,10482,20878
202206,6호선,창신,4007,3344,7351
202206,6호선,청구,3849,4080,7929
202206,6호선,태릉입구,5802,6463,12265
202206,6호선,한강진,7017,8154,15171
202206,6호선,합정,12908,12839,25747
202206,6호선,화랑대,12646,9829,22475
202206,6호선,효창공원앞,7831,7222,15053
202206,6호선,고려대,9351,9078,18429
202206,6호선,공덕,20779,20149,40928
202206,6호선,광흥창,10232,9855,20087
202206,6호선,구산,8546,6152,14698
202206,6호선,녹사평,5148,4991,10139
202206,6호선,대흥,9399,9620,19019
202206,6호선,독바위,3011,3092,6103
202206,6호선,돌곶이,10126,9359,19485
202206,6호선,동묘앞,8332,8771,17103
202206,6호선,디지털미디어시티,19073,17838,36911
202206,6호선,마포구청,17014,14660,31674
202206,6호선,망원,14828,15229,30057
202206,6호선,버티고개,2394,2302,4696
202206,6호선,보문,8103,7496,15599
202206,6호선,봉화산,9756,9337,19093
202206,6호선,불광,4530,4733,9263
202206,6호선,삼각지,8185,7167,15352
202206,6호선,상수,9564,10733,20297
202206,6호선,상월곡,6899,6444,13343
202206,6호선,새절,14242,12999,27241
202206,6호선,석계,13343,13958,27301
202206,6호선,신당,8787,9393,18180
202206,6호선,안암,13965,14271,28236
202206,6호선,약수,3895,3955,7850
202206,6호선,역촌,4047,4739,8786
202206,6호선,연신내,2,0,2
202206,6호선,월곡,13002,12715,25717
202206,6호선,월드컵경기장,24877,35102,59979
202206,6호선,응암,19099,18723,37822
202206,6호선,이태원,10283,10913,21196
202206,6호선,증산,10855,10643,21498
202206,6호선,창신,4177,3648,7825
202206,6호선,청구,3887,4055,7942
202206,6호선,태릉입구,6047,6826,12873
202206,6호선,한강진,8400,9646,18046
202206,6호선,합정,15325,15904,31229
202206,6호선,화랑대,13494,10435,23929
202206,6호선,효창공원앞,8139,7485,15624
202206,6호선,고려대,9413,9050,18463
202206,6호선,공덕,20175,19538,39713
202206,6호선,광흥창,10086,9819,19905
202206,6호선,구산,8488,6217,14705
202206,6호선,녹사평,5050,5069,10119
202206,6호선,대흥,8900,9153,18053
202206,6호선,독바위,2945,3065,6010
202206,6호선,돌곶이,10298,9497,19795
202206,6호선,동묘앞,7884,8015,15899
202206,6호선,디지털미디어시티,15501,17194,32695
202206,6호선,마포구청,15475,13780,29255
202206,6호선,망원,14054,14819,28873
202206,6호선,버티고개,2359,2186,4545
202206,6호선,보문,8014,7112,15126
202206,6호선,봉화산,9599,9015,18614
202206,6호선,불광,4918,5113,10031
202206,6호선,삼각지,7765,6893,14658
202206,6호선,상수,8851,10070,18921
202206,6호선,상월곡,6752,6128,12880
202206,6호선,새절,13925,12955,26880
202206,6호선,석계,13236,13667,26903
202206,6호선,신당,9639,10013,19652
202206,6호선,안암,14355,14314,28669
202206,6호선,약수,3871,3988,7859
202206,6호선,역촌,4039,4748,8787
202206,6호선,연신내,2,0,2
202206,6호선,월곡,12422,12150,24572
202206,6호선,월드컵경기장,4415,4613,9028
202206,6호선,응암,18826,18611,37437
202206,6호선,이태원,10338,10771,21109
202206,6호선,증산,10747,10583,21330
202206,6호선,창신,3980,3283,7263
202206,6호선,청구,3879,4172,8051
202206,6호선,태릉입구,5925,6647,12572
202206,6호선,한강진,8679,9926,18605
202206,6호선,합정,13825,13594,27419
202206,6호선,화랑대,13170,10176,23346
202206,6호선,효창공원앞,7811,6975,14786
202206,6호선,고려대,9548,9159,18707
202206,6호선,공덕,20523,19752,40275
202206,6호선,광흥창,10173,9822,19995
202206,6호선,구산,8730,6197,14927
202206,6호선,녹사평,5316,5169,10485
202206,6호선,대흥,9269,9384,18653
202206,6호선,독바위,2967,3107,6074
202206,6호선,돌곶이,10551,9518,20069
202206,6호선,동묘앞,8321,8289,16610
202206,6호선,디지털미디어시티,15831,17617,33448
202206,6호선,마포구청,15538,13728,29266
202206,6호선,망원,14617,15711,30328
202206,6호선,버티고개,2394,2339,4733
202206,6호선,보문,8324,7486,15810
202206,6호선,봉화산,9756,9154,18910
202206,6호선,불광,4666,4825,9491
202206,6호선,삼각지,8475,7012,15487
202206,6호선,상수,9122,10518,19640
202206,6호선,상월곡,7440,6907,14347
202206,6호선,새절,14465,13243,27708
202206,6호선,석계,13178,13504,26682
202206,6호선,신당,8842,9559,18401
202206,6호선,안암,14532,14418,28950
202206,6호선,약수,3933,3925,7858
202206,6호선,역촌,4030,4721,8751
202206,6호선,연신내,1,0,1
202206,6호선,월곡,12925,12583,25508
202206,6호선,월드컵경기장,4808,5208,10016
202206,6호선,응암,18818,18530,37348
202206,6호선,이태원,11071,12177,23248
202206,6호선,증산,10742,10640,21382
202206,6호선,창신,3841,3138,6979
202206,6호선,청구,3878,4128,8006
202206,6호선,태릉입구,6058,6915,12973
202206,6호선,한강진,8599,10112,18711
202206,6호선,합정,14299,14097,28396
202206,6호선,화랑대,13490,10353,23843
202206,6호선,효창공원앞,7969,7159,15128
202206,6호선,고려대,9056,8607,17663
202206,6호선,공덕,20639,20259,40898
202206,6호선,광흥창,10155,9630,19785
202206,6호선,구산,8795,6307,15102
202206,6호선,녹사평,5840,6486,12326
202206,6호선,대흥,9288,9289,18577
202206,6호선,독바위,3006,3120,6126
202206,6호선,돌곶이,10244,9153,19397
202206,6호선,동묘앞,8644,8482,17126
202206,6호선,디지털미디어시티,15610,16847,32457
202206,6호선,마포구청,15874,13982,29856
202206,6호선,망원,15468,16647,32115
202206,6호선,버티고개,2400,2372,4772
202206,6호선,보문,8508,7476,15984
202206,6호선,봉화산,9686,9028,18714
202206,6호선,불광,4829,4805,9634
202206,6호선,삼각지,8462,7246,15708
202206,6호선,상수,9850,12237,22087
202206,6호선,상월곡,6822,6064,12886
202206,6호선,새절,14092,12809,26901
202206,6호선,석계,13539,13731,27270
202206,6호선,신당,9113,8631,17744
202206,6호선,안암,12908,12424,25332
202206,6호선,약수,4087,4140,8227
202206,6호선,역촌,4049,4630,8679
202206,6호선,월곡,12561,12050,24611
202206,6호선,월드컵경기장,5127,5311,10438
202206,6호선,응암,19154,18466,37620
202206,6호선,이태원,13276,18607,31883
202206,6호선,증산,10978,10431,21409
202206,6호선,창신,3923,3146,7069
202206,6호선,청구,4006,4056,8062
202206,6호선,태릉입구,6204,6732,12936
202206,6호선,한강진,9099,10964,20063
202206,6호선,합정,15267,15510,30777
202206,6호선,화랑대,12994,9897,22891
202206,6호선,효창공원앞,8111,7124,15235
202206,6호선,고려대,9157,8780,17937
202206,6호선,공덕,19837,19237,39074
202206,6호선,광흥창,9763,9395,19158
202206,6호선,구산,8340,6159,14499
202206,6호선,녹사평,4889,4787,9676
202206,6호선,대흥,8801,9050,17851
202206,6호선,독바위,2905,3023,5928
202206,6호선,돌곶이,9944,9212,19156
202206,6호선,동묘앞,8198,8270,16468
202206,6호선,디지털미디어시티,15368,16905,32273
202206,6호선,마포구청,15393,13712,29105
202206,6호선,망원,13847,14687,28534
202206,6호선,버티고개,2263,2313,4576
202206,6호선,보문,8195,7312,15507
202206,6호선,봉화산,9528,8909,18437
202206,6호선,불광,4496,4602,9098
202206,6호선,삼각지,6990,6164,13154
202206,6호선,상수,8436,9280,17716
202206,6호선,상월곡,6664,6105,12769
202206,6호선,새절,13974,12932,26906
202206,6호선,석계,12653,13292,25945
202206,6호선,신당,8207,8948,17155
202206,6호선,안암,13867,14098,27965
202206,6호선,약수,3837,3820,7657
202206,6호선,역촌,3984,4603,8587
202206,6호선,연신내,1,0,1
202206,6호선,월곡,12676,12368,25044
202206,6호선,월드컵경기장,4273,4665,8938
202206,6호선,응암,18550,18205,36755
202206,6호선,이태원,10307,10604,20911
202206,6호선,증산,10574,10474,21048
202206,6호선,창신,3882,3210,7092
202206,6호선,청구,3810,4056,7866
202206,6호선,태릉입구,5924,6664,12588
202206,6호선,한강진,7220,8383,15603
202206,6호선,합정,13171,13045,26216
202206,6호선,화랑대,12877,9944,22821
202206,6호선,효창공원앞,7854,7013,14867
202206,6호선,고려대,9042,9013,18055
202206,6호선,공덕,20862,20082,40944
202206,6호선,광흥창,10171,9772,19943
202206,6호선,구산,8454,6326,14780
202206,6호선,녹사평,5440,5432,10872
202206,6호선,대흥,9227,9432,18659
202206,6호선,독바위,3029,3102,6131
202206,6호선,돌곶이,9897,9594,19491
202206,6호선,동묘앞,8178,8427,16605
202206,6호선,디지털미디어시티,15775,17399,33174
202206,6호선,마포구청,15464,13862,29326
202206,6호선,망원,14676,15597,30273
202206,6호선,버티고개,2381,2336,4717
202206,6호선,보문,8190,7375,15565
202206,6호선,봉화산,9711,9070,18781
202206,6호선,불광,4687,4672,9359
202206,6호선,삼각지,7937,6923,14860
202206,6호선,상수,8859,10236,19095
202206,6호선,상월곡,6755,6083,12838
202206,6호선,새절,14167,13300,27467
202206,6호선,석계,12914,13660,26574
202206,6호선,신당,8352,8949,17301
202206,6호선,안암,14012,13887,27899
202206,6호선,약수,3834,3824,7658
202206,6호선,역촌,4185,4927,9112
202206,6호선,연신내,3,0,3
202206,6호선,월곡,12604,12296,24900
202206,6호선,월드컵경기장,4701,5071,9772
202206,6호선,응암,18839,18710,37549
202206,6호선,이태원,11032,11585,22617
202206,6호선,증산,10620,10540,21160
202206,6호선,창신,3970,3233,7203
202206,6호선,청구,3871,4150,8021
202206,6호선,태릉입구,6076,6795,12871
202206,6호선,한강진,9113,10601,19714
202206,6호선,합정,13997,13641,27638
202206,6호선,화랑대,13458,10288,23746
202206,6호선,효창공원앞,7973,7098,15071
202206,6호선,고려대,9055,8756,17811
202206,6호선,공덕,20511,19786,40297
202206,6호선,광흥창,10217,9979,20196
202206,6호선,구산,8429,6183,14612
202206,6호선,녹사평,5682,5706,11388
202206,6호선,대흥,9516,9642,19158
202206,6호선,독바위,2944,3152,6096
202206,6호선,돌곶이,10073,9284,19357
202206,6호선,동묘앞,8247,8470,16717
202206,6호선,디지털미디어시티,15965,17646,33611
202206,6호선,마포구청,15571,13963,29534
202206,6호선,망원,15035,16029,31064
202206,6호선,버티고개,2340,2243,4583
202206,6호선,보문,8273,7584,15857
202206,6호선,봉화산,9636,9008,18644
202206,6호선,불광,4740,4848,9588
202206,6호선,삼각지,8252,6969,15221
202206,6호선,상수,9182,10550,19732
202206,6호선,상월곡,6748,6107,12855
202206,6호선,새절,13736,12560,26296
202206,6호선,석계,13123,13559,26682
202206,6호선,신당,8522,9037,17559
202206,6호선,안암,12753,12416,25169
202206,6호선,약수,3964,3998,7962
202206,6호선,역촌,4106,4918,9024
202206,6호선,월곡,12492,12170,24662
202206,6호선,월드컵경기장,8404,9274,17678
202206,6호선,응암,19133,18690,37823
202206,6호선,이태원,11640,12508,24148
202206,6호선,증산,10938,10697,21635
202206,6호선,창신,3865,3117,6982
202206,6호선,청구,3962,4224,8186
202206,6호선,태릉입구,5947,6412,12359
202206,6호선,한강진,9092,10608,19700
202206,6호선,합정,14471,14161,28632
202206,6호선,화랑대,12729,9750,22479
202206,6호선,효창공원앞,7990,7201,15191
202206,6호선,고려대,8434,8387,16821
202206,6호선,공덕,19764,19443,39207
202206,6호선,광흥창,9814,9852,19666
202206,6호선,구산,8026,6221,14247
202206,6호선,녹사평,4718,4870,9588
202206,6호선,대흥,9078,9524,18602
202206,6호선,독바위,2848,3178,6026
202206,6호선,돌곶이,9489,8702,18191
202206,6호선,동묘앞,7670,7926,15596
202206,6호선,디지털미디어시티,14949,17054,32003
202206,6호선,마포구청,15163,13924,29087
202206,6호선,망원,14030,14864,28894
202206,6호선,버티고개,2248,2347,4595
202206,6호선,보문,7881,7265,15146
202206,6호선,봉화산,9319,8959,18278
202206,6호선,불광,4423,4284,8707
202206,6호선,삼각지,7888,7091,14979
202206,6호선,상수,9253,10540,19793
202206,6호선,상월곡,7112,6608,13720
202206,6호선,새절,12735,12095,24830
202206,6호선,석계,12507,13404,25911
202206,6호선,신당,8551,9057,17608
202206,6호선,안암,12147,11754,23901
202206,6호선,약수,3769,3814,7583
202206,6호선,역촌,3812,4729,8541
202206,6호선,연신내,1,0,1
202206,6호선,월곡,11806,11638,23444
202206,6호선,월드컵경기장,3890,4046,7936
202206,6호선,응암,17623,17657,35280
202206,6호선,이태원,10533,11243,21776
202206,6호선,증산,10073,10187,20260
202206,6호선,창신,3762,3259,7021
202206,6호선,청구,3853,4070,7923
202206,6호선,태릉입구,5665,6038,11703
202206,6호선,한강진,8390,9745,18135
202206,6호선,합정,13473,13167,26640
202206,6호선,화랑대,11877,9338,21215
202206,6호선,효창공원앞,7517,6960,14477
202206,6호선,고려대,8988,8359,17347
202206,6호선,공덕,20694,19944,40638
202206,6호선,광흥창,10273,9774,20047
202206,6호선,구산,8600,6162,14762
202206,6호선,녹사평,5895,6268,12163
202206,6호선,대흥,9308,9275,18583
202206,6호선,독바위,2996,2983,5979
202206,6호선,돌곶이,10362,8982,19344
202206,6호선,동묘앞,8611,8284,16895
202206,6호선,디지털미디어시티,15508,16759,32267
202206,6호선,마포구청,15582,13718,29300
202206,6호선,망원,15497,16920,32417
202206,6호선,버티고개,2402,2277,4679
202206,6호선,보문,8459,7493,15952
202206,6호선,봉화산,9666,8961,18627
202206,6호선,불광,4671,4760,9431
202206,6호선,삼각지,8325,6999,15324
202206,6호선,상수,9812,12464,22276
202206,6호선,상월곡,6791,5870,12661
202206,6호선,새절,13747,12261,26008
202206,6호선,석계,13071,13491,26562
202206,6호선,신당,8704,8214,16918
202206,6호선,안암,12395,11937,24332
202206,6호선,약수,4041,4045,8086
202206,6호선,역촌,4042,4638,8680
202206,6호선,연신내,1,0,1
202206,6호선,월곡,12644,12160,24804
202206,6호선,월드컵경기장,4578,4935,9513
202206,6호선,응암,19265,18713,37978
202206,6호선,이태원,13390,18832,32222
202206,6호선,증산,10739,10385,21124
202206,6호선,창신,3811,2986,6797
202206,6호선,청구,3850,3935,7785
202206,6호선,태릉입구,5991,6460,12451
202206,6호선,한강진,9339,11182,20521
202206,6호선,합정,15417,15270,30687
202206,6호선,화랑대,12426,9514,21940
202206,6호선,효창공원앞,7880,6978,14858
202206,6호선,고려대,8445,8158,16603
202206,6호선,공덕,19089,18359,37448
202206,6호선,광흥창,9950,9561,19511
202206,6호선,구산,8033,6068,14101
202206,6호선,녹사평,4602,4492,9094
202206,6호선,대흥,8710,8992,17702
202206,6호선,독바위,2834,2954,5788
202206,6호선,돌곶이,9659,8839,18498
202206,6호선,동묘앞,7581,7900,15481
202206,6호선,디지털미디어시티,15263,16948,32211
202206,6호선,마포구청,14882,13381,28263
202206,6호선,망원,13206,14099,27305
202206,6호선,버티고개,2151,2178,4329
202206,6호선,보문,7891,7181,15072
202206,6호선,봉화산,9238,8680,17918
202206,6호선,불광,4069,4307,8376
202206,6호선,삼각지,6607,5937,12544
202206,6호선,상수,7688,8717,16405
202206,6호선,상월곡,6431,5886,12317
202206,6호선,새절,13007,12050,25057
202206,6호선,석계,12219,12865,25084
202206,6호선,신당,8097,8767,16864
202206,6호선,안암,11784,11869,23653
202206,6호선,약수,3839,3860,7699
202206,6호선,역촌,3924,4480,8404
202206,6호선,월곡,12090,11800,23890
202206,6호선,월드컵경기장,4102,4314,8416
202206,6호선,응암,18011,17813,35824
202206,6호선,이태원,10165,10407,20572
202206,6호선,증산,10136,10038,20174
202206,6호선,창신,3822,3125,6947
202206,6호선,청구,3657,3896,7553
202206,6호선,태릉입구,5453,5949,11402
202206,6호선,한강진,6875,7946,14821
202206,6호선,합정,12822,12645,25467
202206,6호선,화랑대,11804,8982,20786
202206,6호선,효창공원앞,7336,6538,13874
202206,6호선,고려대,8550,8465,17015
202206,6호선,공덕,19726,19056,38782
202206,6호선,광흥창,9776,9571,19347
202206,6호선,구산,8078,5967,14045
202206,6호선,녹사평,4757,4691,9448
202206,6호선,대흥,9100,9411,18511
202206,6호선,독바위,2923,3049,5972
202206,6호선,돌곶이,9553,8781,18334
202206,6호선,동묘앞,7683,7874,15557
202206,6호선,디지털미디어시티,15334,17203,32537
202206,6호선,마포구청,15063,13422,28485
202206,6호선,망원,13565,14629,28194
202206,6호선,버티고개,2159,2186,4345
202206,6호선,보문,7852,7239,15091
202206,6호선,봉화산,9434,8868,18302
202206,6호선,불광,4265,4416,8681
202206,6호선,삼각지,8380,6809,15189
202206,6호선,상수,8912,9995,18907
202206,6호선,상월곡,6521,6106,12627
202206,6호선,새절,13014,11883,24897
202206,6호선,석계,12307,13021,25328
202206,6호선,신당,7957,8564,16521
202206,6호선,안암,11563,11541,23104
202206,6호선,약수,3804,3840,7644
202206,6호선,역촌,3820,4505,8325
202206,6호선,월곡,11902,11534,23436
202206,6호선,월드컵경기장,3990,4220,8210
202206,6호선,응암,17923,17911,35834
202206,6호선,이태원,10250,10649,20899
202206,6호선,증산,10122,10077,20199
202206,6호선,창신,3835,3197,7032
202206,6호선,청구,3787,3949,7736
202206,6호선,태릉입구,5653,6075,11728
202206,6호선,한강진,8305,9525,17830
202206,6호선,합정,13062,13099,26161
202206,6호선,화랑대,11878,9185,21063
202206,6호선,효창공원앞,7444,6666,14110
202206,6호선,고려대,8587,8510,17097
202206,6호선,공덕,20050,19362,39412
202206,6호선,광흥창,9939,9733,19672
202206,6호선,구산,8060,6042,14102
202206,6호선,녹사평,4912,4897,9809
202206,6호선,대흥,9044,9273,18317
202206,6호선,독바위,2801,3014,5815
202206,6호선,돌곶이,9779,9059,18838
202206,6호선,동묘앞,7617,7933,15550
202206,6호선,디지털미디어시티,14984,17090,32074
202206,6호선,마포구청,15123,13730,28853
202206,6호선,망원,13907,14701,28608
202206,6호선,버티고개,2184,2200,4384
202206,6호선,보문,7867,7158,15025
202206,6호선,봉화산,9483,8907,18390
202206,6호선,불광,4755,4733,9488
202206,6호선,삼각지,7599,6660,14259
202206,6호선,상수,9145,10149,19294
202206,6호선,상월곡,6437,5921,12358
202206,6호선,새절,13095,12253,25348
202206,6호선,석계,12510,13089,25599
202206,6호선,신내,1,0,1
202206,6호선,신당,8284,8694,16978
202206,6호선,안암,11490,11262,22752
202206,6호선,약수,3633,3698,7331
202206,6호선,역촌,4011,4559,8570
202206,6호선,연신내,2,0,2
202206,6호선,월곡,11986,11835,23821
202206,6호선,월드컵경기장,4166,4350,8516
202206,6호선,응암,18158,18090,36248
202206,6호선,이태원,10316,10791,21107
202206,6호선,증산,10210,10378,20588
202206,6호선,창신,3820,3301,7121
202206,6호선,청구,3866,4149,8015
202206,6호선,태릉입구,5749,6150,11899
202206,6호선,한강진,8442,9841,18283
202206,6호선,합정,13471,13387,26858
202206,6호선,화랑대,11790,9131,20921
202206,6호선,효창공원앞,7549,6783,14332
202206,6호선,고려대,8764,8732,17496
202206,6호선,공덕,19346,18751,38097
202206,6호선,광흥창,9787,9527,19314
202206,6호선,구산,7976,5978,13954
202206,6호선,녹사평,4785,4771,9556
202206,6호선,대흥,9062,9351,18413
202206,6호선,독바위,2852,2901,5753
202206,6호선,돌곶이,9876,9086,18962
202206,6호선,동묘앞,7499,7784,15283
202206,6호선,디지털미디어시티,14646,16851,31497
202206,6호선,마포구청,14855,13396,28251
202206,6호선,망원,13661,14357,28018
202206,6호선,버티고개,2331,2228,4559
202206,6호선,보문,7891,7465,15356
202206,6호선,봉화산,9388,8997,18385
202206,6호선,불광,4250,4290,8540
202206,6호선,삼각지,7891,6774,14665
202206,6호선,상수,9003,10162,19165
202206,6호선,상월곡,7098,6579,13677
202206,6호선,새절,12657,11873,24530
202206,6호선,석계,12705,13253,25958
202206,6호선,신내,1,0,1
202206,6호선,신당,8556,9058,17614
202206,6호선,안암,11378,11194,22572
202206,6호선,약수,3818,3802,7620
202206,6호선,역촌,3945,4565,8510
202206,6호선,월곡,12001,12045,24046
202206,6호선,월드컵경기장,3535,3805,7340
202206,6호선,응암,17328,17332,34660
202206,6호선,이태원,10249,11184,21433
202206,6호선,증산,10044,10051,20095
202206,6호선,창신,3931,3294,7225
202206,6호선,청구,3762,3994,7756
202206,6호선,태릉입구,5698,6098,11796
202206,6호선,한강진,8111,9287,17398
202206,6호선,합정,13210,12815,26025
202206,6호선,화랑대,12020,9496,21516
202206,6호선,효창공원앞,7136,6503,13639
202207,6호선,고려대,9219,8418,17637
202207,6호선,공덕,20350,19657,40007
202207,6호선,광흥창,10396,9724,20120
202207,6호선,구산,8584,6202,14786
202207,6호선,녹사평,5700,6141,11841
202207,6호선,대흥,9548,9400,18948
202207,6호선,독바위,3042,2992,6034
202207,6호선,돌곶이,10047,8985,19032
202207,6호선,동묘앞,9015,8709,17724
202207,6호선,디지털미디어시티,15154,16719,31873
202207,6호선,마포구청,15596,13800,29396
202207,6호선,망원,15472,16616,32088
202207,6호선,버티고개,2315,2307,4622
202207,6호선,보문,8931,7760,16691
202207,6호선,봉화산,9792,9007,18799
202207,6호선,불광,4982,4901,9883
202207,6호선,삼각지,8454,7060,15514
202207,6호선,상수,9962,12185,22147
202207,6호선,상월곡,6853,5964,12817
202207,6호선,새절,13859,12331,26190
202207,6호선,석계,13189,13580,26769
202207,6호선,신내,2,0,2
202207,6호선,신당,9043,8641,17684
202207,6호선,안암,11825,11405,23230
202207,6호선,약수,4031,4235,8266
202207,6호선,역촌,4125,4673,8798
202207,6호선,월곡,12828,12416,25244
202207,6호선,월드컵경기장,4861,5148,10009
202207,6호선,응암,19043,18702,37745
202207,6호선,이태원,13222,18188,31410
202207,6호선,증산,10781,10382,21163
202207,6호선,창신,3950,3135,7085
202207,6호선,청구,4009,4048,8057
202207,6호선,태릉입구,6072,6501,12573
202207,6호선,한강진,9120,11069,20189
202207,6호선,합정,15245,15235,30480
202207,6호선,화랑대,12538,9507,22045
202207,6호선,효창공원앞,7856,6964,14820
202207,6호선,고려대,8661,8412,17073
202207,6호선,공덕,19774,19097,38871
202207,6호선,광흥창,9989,9546,19535
202207,6호선,구산,8341,6256,14597
202207,6호선,녹사평,4643,4643,9286
202207,6호선,대흥,9020,9213,18233
202207,6호선,독바위,2915,3042,5957
202207,6호선,돌곶이,9940,9228,19168
202207,6호선,동묘앞,8197,8464,16661
202207,6호선,디지털미디어시티,15213,16945,32158
202207,6호선,마포구청,15018,13555,28573
202207,6호선,망원,13881,14956,28837
202207,6호선,버티고개,2247,2274,4521
202207,6호선,보문,8137,7266,15403
202207,6호선,봉화산,9583,9089,18672
202207,6호선,불광,4637,4637,9274
202207,6호선,삼각지,6789,5986,12775
202207,6호선,상수,8623,9566,18189
202207,6호선,상월곡,6503,5828,12331
202207,6호선,새절,13127,12129,25256
202207,6호선,석계,12659,13409,26068
202207,6호선,신당,8223,8782,17005
202207,6호선,안암,11625,11624,23249
202207,6호선,약수,3838,3830,7668
202207,6호선,역촌,3990,4631,8621
202207,6호선,월곡,12338,12168,24506
202207,6호선,월드컵경기장,4595,4874,9469
202207,6호선,응암,18063,18067,36130
202207,6호선,이태원,9906,10135,20041
202207,6호선,증산,10248,10187,20435
202207,6호선,창신,3844,3200,7044
202207,6호선,청구,3761,3908,7669
202207,6호선,태릉입구,5720,6137,11857
202207,6호선,한강진,7044,8092,15136
202207,6호선,합정,13185,13007,26192
202207,6호선,화랑대,12428,9571,21999
202207,6호선,효창공원앞,7349,6692,14041
202207,6호선,고려대,8730,8481,17211
202207,6호선,공덕,20113,19431,39544
202207,6호선,광흥창,10160,9840,20000
202207,6호선,구산,8441,6354,14795
202207,6호선,녹사평,5021,4842,9863
202207,6호선,대흥,9135,9404,18539
202207,6호선,독바위,2948,3051,5999
202207,6호선,돌곶이,9800,9111,18911
202207,6호선,동묘앞,8043,8271,16314
202207,6호선,디지털미디어시티,15640,17765,33405
202207,6호선,마포구청,15864,14240,30104
202207,6호선,망원,14136,14923,29059
202207,6호선,버티고개,2360,2350,4710
202207,6호선,보문,8131,7328,15459
202207,6호선,봉화산,9625,9230,18855
202207,6호선,불광,4607,4657,9264
202207,6호선,삼각지,7986,7007,14993
202207,6호선,상수,9045,10128,19173
202207,6호선,상월곡,6629,5842,12471
202207,6호선,새절,13433,12581,26014
202207,6호선,석계,12952,13436,26388
202207,6호선,신당,8171,8758,16929
202207,6호선,안암,11639,11598,23237
202207,6호선,약수,3846,3835,7681
202207,6호선,역촌,4092,4735,8827
202207,6호선,월곡,12494,12154,24648
202207,6호선,월드컵경기장,4617,4882,9499
202207,6호선,응암,18641,18381,37022
202207,6호선,이태원,10296,10549,20845
202207,6호선,증산,10563,10532,21095
202207,6호선,창신,3852,3145,6997
202207,6호선,청구,3797,3985,7782
202207,6호선,태릉입구,5671,6075,11746
202207,6호선,한강진,8048,9243,17291
202207,6호선,합정,13915,13620,27535
202207,6호선,화랑대,12506,9742,22248
202207,6호선,효창공원앞,7512,6720,14232
202207,6호선,고려대,8865,8766,17631
202207,6호선,공덕,20357,19634,39991
202207,6호선,광흥창,10326,10058,20384
202207,6호선,구산,8397,6413,14810
202207,6호선,녹사평,5119,5077,10196
202207,6호선,대흥,9350,9643,18993
202207,6호선,독바위,3016,3233,6249
202207,6호선,돌곶이,10001,9267,19268
202207,6호선,동묘앞,8111,8405,16516
202207,6호선,디지털미디어시티,15744,17735,33479
202207,6호선,마포구청,15637,14348,29985
202207,6호선,망원,14521,15312,29833
202207,6호선,버티고개,2268,2285,4553
202207,6호선,보문,8201,7569,15770
202207,6호선,봉화산,9481,8941,18422
202207,6호선,불광,5184,5052,10236
202207,6호선,삼각지,7690,6950,14640
202207,6호선,상수,9470,10246,19716
202207,6호선,상월곡,6591,6009,12600
202207,6호선,새절,13671,12645,26316
202207,6호선,석계,13120,13656,26776
202207,6호선,신당,8603,9098,17701
202207,6호선,안암,11866,11857,23723
202207,6호선,약수,3836,3841,7677
202207,6호선,역촌,4221,4747,8968
202207,6호선,연신내,1,0,1
202207,6호선,월곡,12404,12335,24739
202207,6호선,월드컵경기장,9107,9182,18289
202207,6호선,응암,18594,18615,37209
202207,6호선,이태원,10618,11120,21738
202207,6호선,증산,10738,10816,21554
202207,6호선,창신,3874,3174,7048
202207,6호선,청구,3834,4073,7907
202207,6호선,태릉입구,5825,6180,12005
202207,6호선,한강진,8717,9829,18546
202207,6호선,합정,14298,14155,28453
202207,6호선,화랑대,12566,9841,22407
202207,6호선,효창공원앞,7622,6949,14571
202207,6호선,고려대,8751,8535,17286
202207,6호선,공덕,19934,19241,39175
202207,6호선,광흥창,9960,9600,19560
202207,6호선,구산,8165,6189,14354
202207,6호선,녹사평,4910,4918,9828
202207,6호선,대흥,9171,9350,18521
202207,6호선,독바위,2870,3059,5929
202207,6호선,돌곶이,9755,9097,18852
202207,6호선,동묘앞,7882,8154,16036
202207,6호선,디지털미디어시티,15369,17116,32485
202207,6호선,마포구청,15224,13718,28942
202207,6호선,망원,14169,15055,29224
202207,6호선,버티고개,2215,2239,4454
202207,6호선,보문,8113,7266,15379
202207,6호선,봉화산,9555,9143,18698
202207,6호선,불광,4661,4694,9355
202207,6호선,삼각지,7221,6456,13677
202207,6호선,상수,8846,10324,19170
202207,6호선,상월곡,7067,6493,13560
202207,6호선,새절,13165,12158,25323
202207,6호선,석계,12586,13196,25782
202207,6호선,신내,1,0,1
202207,6호선,신당,8334,8764,17098
202207,6호선,안암,11321,11232,22553
202207,6호선,약수,3840,3905,7745
202207,6호선,역촌,4021,4416,8437
202207,6호선,연신내,2,0,2
202207,6호선,월곡,12166,11728,23894
202207,6호선,월드컵경기장,4251,4626,8877
202207,6호선,응암,18046,17905,35951
202207,6호선,이태원,10439,11314,21753
202207,6호선,증산,10216,10203,20419
202207,6호선,창신,3817,3147,6964
202207,6호선,청구,3797,3987,7784
202207,6호선,태릉입구,5764,6215,11979
202207,6호선,한강진,8209,9273,17482
202207,6호선,합정,13828,13517,27345
202207,6호선,화랑대,12280,9505,21785
202207,6호선,효창공원앞,7507,6792,14299
202207,6호선,고려대,8859,8524,17383
202207,6호선,공덕,20548,19794,40342
202207,6호선,광흥창,9904,9504,19408
202207,6호선,구산,8509,6368,14877
202207,6호선,녹사평,5666,5989,11655
202207,6호선,대흥,9353,9367,18720
202207,6호선,독바위,2996,3014,6010
202207,6호선,돌곶이,9863,8841,18704
202207,6호선,동묘앞,8425,8198,16623
202207,6호선,디지털미디어시티,15081,16664,31745
202207,6호선,마포구청,15307,13481,28788
202207,6호선,망원,14853,16080,30933
202207,6호선,버티고개,2277,2170,4447
202207,6호선,보문,8529,7452,15981
202207,6호선,봉화산,9470,8956,18426
202207,6호선,불광,4689,4703,9392
202207,6호선,삼각지,7733,6513,14246
202207,6호선,상수,9906,12041,21947
202207,6호선,상월곡,6630,5840,12470
202207,6호선,새절,13500,12292,25792
202207,6호선,석계,13094,13378,26472
202207,6호선,신당,8385,8058,16443
202207,6호선,안암,11514,11026,22540
202207,6호선,약수,3955,3982,7937
202207,6호선,역촌,4097,4481,8578
202207,6호선,월곡,12387,11909,24296
202207,6호선,월드컵경기장,4792,5031,9823
202207,6호선,응암,18690,18111,36801
202207,6호선,이태원,12770,17658,30428
202207,6호선,증산,10671,10319,20990
202207,6호선,창신,3825,3026,6851
202207,6호선,청구,3941,4032,7973
202207,6호선,태릉입구,5994,6372,12366
202207,6호선,한강진,8555,10211,18766
202207,6호선,합정,14901,15081,29982
202207,6호선,화랑대,12350,9294,21644
202207,6호선,효창공원앞,7660,6774,14434
202207,6호선,고려대,8502,8360,16862
202207,6호선,공덕,19577,18806,38383
202207,6호선,광흥창,9704,9401,19105
202207,6호선,구산,8569,6411,14980
202207,6호선,녹사평,4527,4504,9031
202207,6호선,대흥,8795,9187,17982
202207,6호선,독바위,2932,3060,5992
202207,6호선,돌곶이,9708,8910,18618
202207,6호선,동묘앞,7837,8196,16033
202207,6호선,디지털미디어시티,15310,16994,32304
202207,6호선,마포구청,14720,13373,28093
202207,6호선,망원,13538,14382,27920
202207,6호선,버티고개,2150,2183,4333
202207,6호선,보문,7749,7066,14815
202207,6호선,봉화산,9317,8783,18100
202207,6호선,불광,4425,4539,8964
202207,6호선,삼각지,6607,5995,12602
202207,6호선,상수,8271,9191,17462
202207,6호선,상월곡,6348,5681,12029
202207,6호선,새절,13028,12086,25114
202207,6호선,석계,12338,13006,25344
202207,6호선,신당,8007,8728,16735
202207,6호선,안암,11308,11406,22714
202207,6호선,약수,3809,3723,7532
202207,6호선,역촌,3972,4341,8313
202207,6호선,연신내,1,0,1
202207,6호선,월곡,11937,11811,23748
202207,6호선,월드컵경기장,5814,6071,11885
202207,6호선,응암,18186,18093,36279
202207,6호선,이태원,9920,10330,20250
202207,6호선,증산,10216,10227,20443
202207,6호선,창신,3793,3063,6856
202207,6호선,청구,3665,3908,7573
202207,6호선,태릉입구,5566,6021,11587
202207,6호선,한강진,6945,7938,14883
202207,6호선,합정,13021,12848,25869
202207,6호선,화랑대,12106,9453,21559
202207,6호선,효창공원앞,7128,6441,13569
202207,6호선,고려대,8612,8367,16979
202207,6호선,공덕,20083,19313,39396
202207,6호선,광흥창,9938,9640,19578
202207,6호선,구산,8405,6392,14797
202207,6호선,녹사평,4915,4935,9850
202207,6호선,대흥,9022,9255,18277
202207,6호선,독바위,2982,3108,6090
202207,6호선,돌곶이,9765,9038,18803
202207,6호선,동묘앞,8159,8407,16566
202207,6호선,디지털미디어시티,15537,17584,33121
202207,6호선,마포구청,15161,13797,28958
202207,6호선,망원,14577,15499,30076
202207,6호선,버티고개,2235,2304,4539
202207,6호선,보문,8093,7248,15341
202207,6호선,봉화산,9567,9032,18599
202207,6호선,불광,4645,4699,9344
202207,6호선,삼각지,7879,6736,14615
202207,6호선,상수,8873,9935,18808
202207,6호선,상월곡,6631,5971,12602
202207,6호선,새절,13342,12153,25495
202207,6호선,석계,12953,13289,26242
202207,6호선,신당,8425,8970,17395
202207,6호선,안암,11365,11391,22756
202207,6호선,약수,3936,3909,7845
202207,6호선,역촌,4055,4400,8455
202207,6호선,월곡,12417,12255,24672
202207,6호선,월드컵경기장,5241,5401,10642
202207,6호선,응암,18464,18133,36597
202207,6호선,이태원,10381,10689,21070
202207,6호선,증산,10317,10306,20623
202207,6호선,창신,3879,3092,6971
202207,6호선,청구,3803,4030,7833
202207,6호선,태릉입구,5841,6314,12155
202207,6호선,한강진,8404,9674,18078
202207,6호선,합정,13744,13559,27303
202207,6호선,화랑대,12410,9609,22019
202207,6호선,효창공원앞,7557,6811,14368
202207,6호선,고려대,8584,8431,17015
202207,6호선,공덕,19825,19425,39250
202207,6호선,광흥창,9973,9603,19576
202207,6호선,구산,8021,6235,14256
202207,6호선,녹사평,4627,4692,9319
202207,6호선,대흥,8830,9113,17943
202207,6호선,독바위,2797,2997,5794
202207,6호선,돌곶이,9313,8730,18043
202207,6호선,동묘앞,7288,7520,14808
202207,6호선,디지털미디어시티,20417,17153,37570
202207,6호선,마포구청,18292,14401,32693
202207,6호선,망원,14534,14596,29130
202207,6호선,버티고개,2169,2127,4296
202207,6호선,보문,7835,7261,15096
202207,6호선,봉화산,9143,8624,17767
202207,6호선,불광,4434,4268,8702
202207,6호선,삼각지,7544,6717,14261
202207,6호선,상수,9175,10004,19179
202207,6호선,상월곡,6399,5825,12224
202207,6호선,새절,12633,11714,24347
202207,6호선,석계,12438,13096,25534
202207,6호선,신당,8329,8966,17295
202207,6호선,안암,11351,10993,22344
202207,6호선,약수,3744,3794,7538
202207,6호선,역촌,3906,4523,8429
202207,6호선,연신내,3,0,3
202207,6호선,월곡,11879,11758,23637
202207,6호선,월드컵경기장,26970,45405,72375
202207,6호선,응암,17304,17220,34524
202207,6호선,이태원,9425,9900,19325
202207,6호선,증산,10094,9930,20024
202207,6호선,창신,3995,3415,7410
202207,6호선,청구,3794,3949,7743
202207,6호선,태릉입구,5549,5964,11513
202207,6호선,한강진,8299,9378,17677
202207,6호선,합정,15531,16346,31877
202207,6호선,화랑대,12101,9476,21577
202207,6호선,효창공원앞,7248,6555,13803
202207,6호선,고려대,8907,8701,17608
202207,6호선,공덕,20296,19561,39857
202207,6호선,광흥창,10001,9695,19696
202207,6호선,구산,8395,6244,14639
202207,6호선,녹사평,5238,5228,10466
202207,6호선,대흥,9160,9368,18528
202207,6호선,독바위,2937,3037,5974
202207,6호선,돌곶이,9924,9046,18970
202207,6호선,동묘앞,8224,8519,16743
202207,6호선,디지털미디어시티,15372,17206,32578
202207,6호선,마포구청,15517,13734,29251
202207,6호선,망원,14772,15736,30508
202207,6호선,버티고개,2192,2223,4415
202207,6호선,보문,8107,7327,15434
202207,6호선,봉화산,9712,9272,18984
202207,6호선,불광,4794,4684,9478
202207,6호선,삼각지,7562,6557,14119
202207,6호선,상수,9235,10458,19693
202207,6호선,상월곡,7262,6601,13863
202207,6호선,새절,13484,12316,25800
202207,6호선,석계,12753,13222,25975
202207,6호선,신내,1,0,1
202207,6호선,신당,8587,9158,17745
202207,6호선,안암,11767,11473,23240
202207,6호선,약수,3951,3938,7889
202207,6호선,역촌,4021,4466,8487
202207,6호선,연신내,1,0,1
202207,6호선,월곡,12536,12252,24788
202207,6호선,월드컵경기장,4873,5163,10036
202207,6호선,응암,18502,18172,36674
202207,6호선,이태원,11285,12090,23375
202207,6호선,증산,10464,10458,20922
202207,6호선,창신,3832,3165,6997
202207,6호선,청구,3852,4097,7949
202207,6호선,태릉입구,5888,6222,12110
202207,6호선,한강진,8477,9870,18347
202207,6호선,합정,14009,14071,28080
202207,6호선,화랑대,12303,9669,21972
202207,6호선,효창공원앞,7557,6825,14382
202207,6호선,고려대,8896,8476,17372
202207,6호선,공덕,20159,19472,39631
202207,6호선,광흥창,10100,9622,19722
202207,6호선,구산,8496,6208,14704
202207,6호선,녹사평,5741,6155,11896
202207,6호선,대흥,9188,9272,18460
202207,6호선,독바위,3060,3094,6154
202207,6호선,돌곶이,10071,9030,19101
202207,6호선,동묘앞,8445,8422,16867
202207,6호선,디지털미디어시티,15355,16612,31967
202207,6호선,마포구청,15848,14034,29882
202207,6호선,망원,15322,16788,32110
202207,6호선,버티고개,2370,2299,4669
202207,6호선,보문,8461,7508,15969
202207,6호선,봉화산,9724,9087,18811
202207,6호선,불광,5007,4964,9971
202207,6호선,삼각지,7998,6705,14703
202207,6호선,상수,10115,12522,22637
202207,6호선,상월곡,6837,5983,12820
202207,6호선,새절,13633,12278,25911
202207,6호선,석계,13114,13489,26603
202207,6호선,신당,8700,8257,16957
202207,6호선,안암,11327,11113,22440
202207,6호선,약수,4033,4172,8205
202207,6호선,역촌,4176,4607,8783
202207,6호선,연신내,1,0,1
202207,6호선,월곡,12727,12378,25105
202207,6호선,월드컵경기장,4826,5077,9903
202207,6호선,응암,19140,18593,37733
202207,6호선,이태원,13274,18233,31507
202207,6호선,증산,10732,10297,21029
202207,6호선,창신,3917,3077,6994
202207,6호선,청구,4038,4173,8211
202207,6호선,태릉입구,6028,6399,12427
202207,6호선,한강진,10308,12337,22645
202207,6호선,합정,15330,15345,30675
202207,6호선,화랑대,12488,9486,21974
202207,6호선,효창공원앞,7738,6692,14430
202207,6호선,고려대,8135,7812,15947
202207,6호선,공덕,19309,18670,37979
202207,6호선,광흥창,9800,9439,19239
202207,6호선,구산,7907,6064,13971
202207,6호선,녹사평,4677,4640,9317
202207,6호선,대흥,8468,8703,17171
202207,6호선,독바위,2893,3004,5897
202207,6호선,돌곶이,9498,8850,18348
202207,6호선,동묘앞,7993,8172,16165
202207,6호선,디지털미디어시티,15231,16713,31944
202207,6호선,마포구청,14739,13263,28002
202207,6호선,망원,13408,14449,27857
202207,6호선,버티고개,2119,2181,4300
202207,6호선,보문,7695,6959,14654
202207,6호선,봉화산,9228,8727,17955
202207,6호선,불광,4114,4352,8466
202207,6호선,삼각지,6527,5692,12219
202207,6호선,상수,8501,9497,17998
202207,6호선,상월곡,6369,5685,12054
202207,6호선,새절,12802,11948,24750
202207,6호선,석계,12209,12936,25145
202207,6호선,신내,2,0,2
202207,6호선,신당,7843,8560,16403
202207,6호선,안암,11161,11171,22332
202207,6호선,약수,3869,3716,7585
202207,6호선,역촌,3987,4394,8381
202207,6호선,월곡,12086,11802,23888
202207,6호선,월드컵경기장,4081,4300,8381
202207,6호선,응암,18099,17955,36054
202207,6호선,이태원,9991,10238,20229
202207,6호선,증산,10303,10042,20345
202207,6호선,창신,3553,2731,6284
202207,6호선,청구,3764,3965,7729
202207,6호선,태릉입구,5493,5896,11389
202207,6호선,한강진,6922,8006,14928
202207,6호선,합정,13075,12747,25822
202207,6호선,화랑대,11922,9345,21267
202207,6호선,효창공원앞,7251,6486,13737
202207,6호선,고려대,8341,8104,16445
202207,6호선,공덕,19977,19272,39249
202207,6호선,광흥창,9842,9523,19365
202207,6호선,구산,8050,6113,14163
202207,6호선,녹사평,4926,4925,9851
202207,6호선,대흥,8785,9133,17918
202207,6호선,독바위,3048,3161,6209
202207,6호선,돌곶이,9650,9043,18693
202207,6호선,동묘앞,8161,8408,16569
202207,6호선,디지털미디어시티,15324,17109,32433
202207,6호선,마포구청,15199,13626,28825
202207,6호선,망원,14275,15321,29596
202207,6호선,버티고개,2230,2264,4494
202207,6호선,보문,7934,7088,15022
202207,6호선,봉화산,9453,8941,18394
202207,6호선,불광,4515,4641,9156
202207,6호선,삼각지,7801,6643,14444
202207,6호선,상수,8634,9794,18428
202207,6호선,상월곡,6495,5770,12265
202207,6호선,새절,13088,12062,25150
202207,6호선,석계,12555,13196,25751
202207,6호선,신내,2,0,2
202207,6호선,신당,8214,8824,17038
202207,6호선,안암,11469,11200,22669
202207,6호선,약수,3816,3835,7651
202207,6호선,역촌,4006,4324,8330
202207,6호선,연신내,1,0,1
202207,6호선,월곡,12015,11809,23824
202207,6호선,월드컵경기장,4368,4619,8987
202207,6호선,응암,18147,18005,36152
202207,6호선,이태원,10141,10791,20932
202207,6호선,증산,10371,10260,20631
202207,6호선,창신,3539,2817,6356
202207,6호선,청구,3918,4040,7958
202207,6호선,태릉입구,5597,6009,11606
202207,6호선,한강진,8355,9619,17974
202207,6호선,합정,13476,13350,26826
202207,6호선,화랑대,12166,9410,21576
202207,6호선,효창공원앞,7331,6504,13835
202207,6호선,고려대,8511,8145,16656
202207,6호선,공덕,19898,19335,39233
202207,6호선,광흥창,9994,9614,19608
202207,6호선,구산,8048,6142,14190
202207,6호선,녹사평,5226,5172,10398
202207,6호선,대흥,8774,9037,17811
202207,6호선,독바위,3024,3074,6098
202207,6호선,돌곶이,9744,9093,18837
202207,6호선,동묘앞,8171,8439,16610
202207,6호선,디지털미디어시티,15359,17305,32664
202207,6호선,마포구청,15102,13779,28881
202207,6호선,망원,14870,15617,30487
202207,6호선,버티고개,2129,2201,4330
202207,6호선,보문,7968,7313,15281
202207,6호선,봉화산,9335,8851,18186
202207,6호선,불광,5006,4824,9830
202207,6호선,삼각지,7996,6699,14695
202207,6호선,상수,9064,10082,19146
202207,6호선,상월곡,6479,5843,12322
202207,6호선,새절,13133,12286,25419
202207,6호선,석계,12667,13194,25861
202207,6호선,신당,8995,9360,18355
202207,6호선,안암,11220,11098,22318
202207,6호선,약수,3910,3916,7826
202207,6호선,역촌,4042,4326,8368
202207,6호선,연신내,1,0,1
202207,6호선,월곡,12188,11942,24130
202207,6호선,월드컵경기장,4725,4904,9629
202207,6호선,응암,18375,18409,36784
202207,6호선,이태원,10882,11349,22231
202207,6호선,증산,10402,10519,20921
202207,6호선,창신,3562,2994,6556
202207,6호선,청구,4084,4034,8118
202207,6호선,태릉입구,5651,6123,11774
202207,6호선,한강진,9023,9994,19017
202207,6호선,합정,13690,13515,27205
202207,6호선,화랑대,12038,9332,21370
202207,6호선,효창공원앞,7401,6620,14021
202207,6호선,고려대,8312,7931,16243
202207,6호선,공덕,19864,19061,38925
202207,6호선,광흥창,9717,9250,18967
202207,6호선,구산,7984,5968,13952
202207,6호선,녹사평,5148,5183,10331
202207,6호선,대흥,8618,8888,17506
202207,6호선,독바위,2896,2888,5784
202207,6호선,돌곶이,9628,8701,18329
202207,6호선,동묘앞,7950,8020,15970
202207,6호선,디지털미디어시티,15010,16561,31571
202207,6호선,마포구청,14762,13252,28014
202207,6호선,망원,14265,15504,29769
202207,6호선,버티고개,2150,2070,4220
202207,6호선,보문,7780,6996,14776
202207,6호선,봉화산,9198,8696,17894
202207,6호선,불광,4528,4509,9037
202207,6호선,삼각지,7499,6379,13878
202207,6호선,상수,8637,10103,18740
202207,6호선,상월곡,6937,6332,13269
202207,6호선,새절,12905,11945,24850
202207,6호선,석계,12436,12814,25250
202207,6호선,신당,8427,8964,17391
202207,6호선,안암,10865,11021,21886
202207,6호선,약수,3812,3855,7667
202207,6호선,역촌,3934,4326,8260
202207,6호선,연신내,1,0,1
202207,6호선,월곡,11946,11772,23718
202207,6호선,월드컵경기장,4336,4541,8877
202207,6호선,응암,17923,17574,35497
202207,6호선,이태원,10618,11687,22305
202207,6호선,증산,10116,10016,20132
202207,6호선,창신,3578,2833,6411
202207,6호선,청구,3922,3934,7856
202207,6호선,태릉입구,5670,6050,11720
202207,6호선,한강진,8526,9801,18327
202207,6호선,합정,14185,13830,28015
202207,6호선,화랑대,11785,9042,20827
202207,6호선,효창공원앞,7365,6551,13916
202207,6호선,고려대,8554,8043,16597
202207,6호선,공덕,19657,19109,38766
202207,6호선,광흥창,9903,9410,19313
202207,6호선,구산,8143,5961,14104
202207,6호선,녹사평,5478,5806,11284
202207,6호선,대흥,8894,9059,17953
202207,6호선,독바위,2975,2998,5973
202207,6호선,돌곶이,9526,8543,18069
202207,6호선,동묘앞,8364,8046,16410
202207,6호선,디지털미디어시티,14830,16090,30920
202207,6호선,마포구청,15103,13170,28273
202207,6호선,망원,15013,16121,31134
202207,6호선,버티고개,2153,2096,4249
202207,6호선,보문,8024,7195,15219
202207,6호선,봉화산,9265,8724,17989
202207,6호선,불광,4676,4650,9326
202207,6호선,삼각지,7873,6387,14260
202207,6호선,상수,9491,11542,21033
202207,6호선,상월곡,6441,5627,12068
202207,6호선,새절,13227,11989,25216
202207,6호선,석계,12657,12866,25523
202207,6호선,신당,8851,8392,17243
202207,6호선,안암,11074,10606,21680
202207,6호선,약수,3826,3978,7804
202207,6호선,역촌,4065,4284,8349
202207,6호선,연신내,1,0,1
202207,6호선,월곡,12071,11672,23743
202207,6호선,월드컵경기장,4619,4864,9483
202207,6호선,응암,18157,17687,35844
202207,6호선,이태원,12453,16844,29297
202207,6호선,증산,10291,10216,20507
202207,6호선,창신,3534,2773,6307
202207,6호선,청구,3896,3994,7890
202207,6호선,태릉입구,5877,6302,12179
202207,6호선,한강진,8718,10424,19142
202207,6호선,합정,14947,14781,29728
202207,6호선,화랑대,11849,8884,20733
202207,6호선,효창공원앞,7538,6716,14254
202207,6호선,고려대,7903,7517,15420
202207,6호선,공덕,18934,18374,37308
202207,6호선,광흥창,9373,9017,18390
202207,6호선,구산,7674,5971,13645
202207,6호선,녹사평,4570,4525,9095
202207,6호선,대흥,8391,8519,16910
202207,6호선,독바위,2788,2909,5697
202207,6호선,돌곶이,9839,9230,19069
202207,6호선,동묘앞,7852,8168,16020
202207,6호선,디지털미디어시티,14536,16118,30654
202207,6호선,마포구청,14357,13069,27426
202207,6호선,망원,13564,14545,28109
202207,6호선,버티고개,2135,2108,4243
202207,6호선,보문,7451,6669,14120
202207,6호선,봉화산,8988,8475,17463
202207,6호선,불광,4572,4499,9071
202207,6호선,삼각지,6476,5710,12186
202207,6호선,상수,8348,9347,17695
202207,6호선,상월곡,6095,5449,11544
202207,6호선,새절,12413,11482,23895
202207,6호선,석계,11994,12542,24536
202207,6호선,신내,1,0,1
202207,6호선,신당,7551,8237,15788
202207,6호선,안암,10454,10627,21081
202207,6호선,약수,3676,3689,7365
202207,6호선,역촌,3890,4072,7962
202207,6호선,월곡,11743,11554,23297
202207,6호선,월드컵경기장,4371,4609,8980
202207,6호선,응암,17575,17648,35223
202207,6호선,이태원,9898,10297,20195
202207,6호선,증산,10012,9908,19920
202207,6호선,창신,3407,2734,6141
202207,6호선,청구,3636,3863,7499
202207,6호선,태릉입구,5421,5781,11202
202207,6호선,한강진,7020,8092,15112
202207,6호선,합정,13027,12737,25764
202207,6호선,화랑대,11224,8661,19885
202207,6호선,효창공원앞,7020,6235,13255
202207,6호선,고려대,7961,7783,15744
202207,6호선,공덕,18966,18384,37350
202207,6호선,광흥창,9425,9215,18640
202207,6호선,구산,7692,6001,13693
202207,6호선,녹사평,4790,4832,9622
202207,6호선,대흥,8433,8643,17076
202207,6호선,독바위,2831,2933,5764
202207,6호선,돌곶이,9443,8930,18373
202207,6호선,동묘앞,7853,8082,15935
202207,6호선,디지털미디어시티,14864,16445,31309
202207,6호선,마포구청,14710,13281,27991
202207,6호선,망원,13878,14933,28811
202207,6호선,버티고개,2124,2144,4268
202207,6호선,보문,7607,6793,14400
202207,6호선,봉화산,9069,8449,17518
202207,6호선,불광,4559,4327,8886
202207,6호선,삼각지,7343,6349,13692
202207,6호선,상수,8579,9720,18299
202207,6호선,상월곡,6288,5493,11781
202207,6호선,새절,12446,11505,23951
202207,6호선,석계,12085,12506,24591
202207,6호선,신내,1,0,1
202207,6호선,신당,8598,9002,17600
202207,6호선,안암,10996,10774,21770
202207,6호선,약수,3805,3776,7581
202207,6호선,역촌,4017,4239,8256
202207,6호선,월곡,11791,11691,23482
202207,6호선,월드컵경기장,4296,4635,8931
202207,6호선,응암,17598,17484,35082
202207,6호선,이태원,10081,10723,20804
202207,6호선,증산,10071,9846,19917
202207,6호선,창신,3441,2723,6164
202207,6호선,청구,3813,3915,7728
202207,6호선,태릉입구,5440,5949,11389
202207,6호선,한강진,8261,9506,17767
202207,6호선,합정,13314,13131,26445
202207,6호선,화랑대,11483,8908,20391
202207,6호선,효창공원앞,7106,6286,13392
202207,6호선,고려대,8054,7645,15699
202207,6호선,공덕,18985,18491,37476
202207,6호선,광흥창,9424,9042,18466
202207,6호선,구산,7588,5896,13484
202207,6호선,녹사평,5030,4997,10027
202207,6호선,대흥,8203,8414,16617
202207,6호선,독바위,2736,2810,5546
202207,6호선,돌곶이,9424,8774,18198
202207,6호선,동묘앞,7888,8160,16048
202207,6호선,디지털미디어시티,14520,16150,30670
202207,6호선,마포구청,14432,13060,27492
202207,6호선,망원,14042,15144,29186
202207,6호선,버티고개,2098,2067,4165
202207,6호선,보문,7602,6787,14389
202207,6호선,봉화산,9090,8389,17479
202207,6호선,불광,4572,4524,9096
202207,6호선,삼각지,7615,6587,14202
202207,6호선,상수,8783,10204,18987
202207,6호선,상월곡,6239,5630,11869
202207,6호선,새절,12457,11490,23947
202207,6호선,석계,12138,12269,24407
202207,6호선,신내,1,0,1
202207,6호선,신당,8311,8871,17182
202207,6호선,안암,10485,10324,20809
202207,6호선,약수,3660,3746,7406
202207,6호선,역촌,3940,4346,8286
202207,6호선,연신내,1,0,1
202207,6호선,월곡,11562,11379,22941
202207,6호선,월드컵경기장,4360,4687,9047
202207,6호선,응암,17372,17162,34534
202207,6호선,이태원,10456,11388,21844
202207,6호선,증산,10065,9940,20005
202207,6호선,창신,3493,2803,6296
202207,6호선,청구,3747,3921,7668
202207,6호선,태릉입구,5600,6026,11626
202207,6호선,한강진,8821,9979,18800
202207,6호선,합정,13701,13369,27070
202207,6호선,화랑대,11391,8904,20295
202207,6호선,효창공원앞,7084,6300,13384
202207,6호선,고려대,7910,7647,15557
202207,6호선,공덕,18738,18157,36895
202207,6호선,광흥창,9375,8961,18336
202207,6호선,구산,7736,5917,13653
202207,6호선,녹사평,5019,5105,10124
202207,6호선,대흥,8269,8579,16848
202207,6호선,독바위,2749,2874,5623
202207,6호선,돌곶이,9419,8621,18040
202207,6호선,동묘앞,7697,7997,15694
202207,6호선,디지털미디어시티,14507,16109,30616
202207,6호선,마포구청,14597,12988,27585
202207,6호선,망원,14512,15475,29987
202207,6호선,버티고개,2091,2110,4201
202207,6호선,보문,7549,6830,14379
202207,6호선,봉화산,8983,8535,17518
202207,6호선,불광,4416,4269,8685
202207,6호선,삼각지,7636,6599,14235
202207,6호선,상수,8978,10432,19410
202207,6호선,상월곡,6899,6294,13193
202207,6호선,새절,12328,11329,23657
202207,6호선,석계,12030,12430,24460
202207,6호선,신당,8517,8937,17454
202207,6호선,안암,10612,10382,20994
202207,6호선,약수,3697,3799,7496
202207,6호선,역촌,3826,4266,8092
202207,6호선,연신내,1,0,1
202207,6호선,월곡,11454,11242,22696
202207,6호선,월드컵경기장,4362,4539,8901
202207,6호선,응암,17365,17014,34379
202207,6호선,이태원,10932,11969,22901
202207,6호선,증산,9780,9609,19389
202207,6호선,창신,3348,2700,6048
202207,6호선,청구,3724,3803,7527
202207,6호선,태릉입구,5665,6005,11670
202207,6호선,한강진,8400,9612,18012
202207,6호선,합정,13633,13422,27055
202207,6호선,화랑대,11753,9047,20800
202207,6호선,효창공원앞,7043,6173,13216
202207,6호선,고려대,8180,7553,15733
202207,6호선,공덕,18674,18122,36796
202207,6호선,광흥창,8890,8482,17372
202207,6호선,구산,7625,5861,13486
202207,6호선,녹사평,5436,5794,11230
202207,6호선,대흥,8301,8434,16735
202207,6호선,독바위,2784,2813,5597
202207,6호선,돌곶이,9256,8394,17650
202207,6호선,동묘앞,7942,7838,15780
202207,6호선,디지털미디어시티,14069,15375,29444
202207,6호선,마포구청,14266,12668,26934
202207,6호선,망원,14588,15661,30249
202207,6호선,버티고개,2109,2098,4207
202207,6호선,보문,7697,6717,14414
202207,6호선,봉화산,8930,8285,17215
202207,6호선,불광,4565,4403,8968
202207,6호선,삼각지,8108,7103,15211
202207,6호선,상수,9860,11989,21849
202207,6호선,상월곡,6193,5366,11559
202207,6호선,새절,12541,11338,23879
202207,6호선,석계,12042,12502,24544
202207,6호선,신당,8746,8153,16899
202207,6호선,안암,10715,10219,20934
202207,6호선,약수,3766,3878,7644
202207,6호선,역촌,3889,4314,8203
202207,6호선,월곡,11623,11277,22900
202207,6호선,월드컵경기장,4293,4590,8883
202207,6호선,응암,17464,16907,34371
202207,6호선,이태원,12590,17509,30099
202207,6호선,증산,9845,9506,19351
202207,6호선,창신,3413,2688,6101
202207,6호선,청구,3840,3826,7666
202207,6호선,태릉입구,5557,5997,11554
202207,6호선,한강진,8614,10149,18763
202207,6호선,합정,14477,14441,28918
202207,6호선,화랑대,11278,8568,19846
202207,6호선,효창공원앞,7200,6184,13384
202208,6호선,고려대,7291,6985,14276
202208,6호선,공덕,17205,17867,35072
202208,6호선,광흥창,8373,8025,16398
202208,6호선,구산,7059,5542,12601
202208,6호선,녹사평,4395,4326,8721
202208,6호선,대흥,7440,7763,15203
202208,6호선,독바위,2514,2577,5091
202208,6호선,돌곶이,8404,7800,16204
202208,6호선,동묘앞,7563,7578,15141
202208,6호선,디지털미디어시티,13307,14975,28282
202208,6호선,마포구청,13226,11860,25086
202208,6호선,망원,12663,13690,26353
202208,6호선,버티고개,1911,1962,3873
202208,6호선,보문,6758,6121,12879
202208,6호선,봉화산,8254,7697,15951
202208,6호선,불광,4262,4048,8310
202208,6호선,삼각지,6611,5847,12458
202208,6호선,상수,8289,9208,17497
202208,6호선,상월곡,5500,4934,10434
202208,6호선,새절,11484,10630,22114
202208,6호선,석계,11038,11536,22574
202208,6호선,신당,7189,7489,14678
202208,6호선,안암,9761,9758,19519
202208,6호선,약수,3373,3431,6804
202208,6호선,역촌,3604,4047,7651
202208,6호선,월곡,10569,10432,21001
202208,6호선,월드컵경기장,4171,4457,8628
202208,6호선,응암,15930,15820,31750
202208,6호선,이태원,9970,10244,20214
202208,6호선,증산,9022,8914,17936
202208,6호선,창신,3138,2500,5638
202208,6호선,청구,3340,3392,6732
202208,6호선,태릉입구,4981,5310,10291
202208,6호선,한강진,6603,7551,14154
202208,6호선,합정,12254,11971,24225
202208,6호선,화랑대,10200,7897,18097
202208,6호선,효창공원앞,6502,5700,12202
202208,6호선,고려대,7365,7286,14651
202208,6호선,공덕,17246,16918,34164
202208,6호선,광흥창,8506,8281,16787
202208,6호선,구산,7106,5679,12785
202208,6호선,녹사평,4463,4423,8886
202208,6호선,대흥,7698,7952,15650
202208,6호선,독바위,2536,2605,5141
202208,6호선,돌곶이,8471,7858,16329
202208,6호선,동묘앞,7362,7472,14834
202208,6호선,디지털미디어시티,13487,15046,28533
202208,6호선,마포구청,13455,12299,25754
202208,6호선,망원,12837,13786,26623
202208,6호선,버티고개,1930,1962,3892
202208,6호선,보문,6941,6455,13396
202208,6호선,봉화산,8242,7779,16021
202208,6호선,불광,4102,4036,8138
202208,6호선,삼각지,7331,6449,13780
202208,6호선,상수,8658,9599,18257
202208,6호선,상월곡,5596,5095,10691
202208,6호선,새절,11328,10639,21967
202208,6호선,석계,11161,11823,22984
202208,6호선,신내,1,0,1
202208,6호선,신당,8025,8235,16260
202208,6호선,안암,10144,9904,20048
202208,6호선,약수,3407,3418,6825
202208,6호선,역촌,3613,4142,7755
202208,6호선,월곡,10653,10440,21093
202208,6호선,월드컵경기장,4083,4308,8391
202208,6호선,응암,15927,15978,31905
202208,6호선,이태원,9999,10470,20469
202208,6호선,증산,9092,9089,18181
202208,6호선,창신,3217,2661,5878
202208,6호선,청구,3368,3485,6853
202208,6호선,태릉입구,5205,5362,10567
202208,6호선,한강진,8202,9304,17506
202208,6호선,합정,12658,12460,25118
202208,6호선,화랑대,10306,8141,18447
202208,6호선,효창공원앞,6547,5792,12339
202208,6호선,고려대,7531,7200,14731
202208,6호선,공덕,17449,16897,34346
202208,6호선,광흥창,8799,8246,17045
202208,6호선,구산,7064,5460,12524
202208,6호선,녹사평,4705,4527,9232
202208,6호선,대흥,7860,8067,15927
202208,6호선,독바위,2611,2629,5240
202208,6호선,돌곶이,8640,7959,16599
202208,6호선,동묘앞,7349,7506,14855
202208,6호선,디지털미디어시티,13442,15237,28679
202208,6호선,마포구청,13683,12326,26009
202208,6호선,망원,13386,14394,27780
202208,6호선,버티고개,2075,2022,4097
202208,6호선,보문,7126,6369,13495
202208,6호선,봉화산,8422,7855,16277
202208,6호선,불광,4342,4224,8566
202208,6호선,삼각지,7314,6415,13729
202208,6호선,상수,8660,9708,18368
202208,6호선,상월곡,5775,5179,10954
202208,6호선,새절,11635,10813,22448
202208,6호선,석계,11229,11592,22821
202208,6호선,신당,8665,8762,17427
202208,6호선,안암,10163,9972,20135
202208,6호선,약수,3490,3540,7030
202208,6호선,역촌,3744,4071,7815
202208,6호선,연신내,2,0,2
202208,6호선,월곡,10634,10505,21139
202208,6호선,월드컵경기장,4323,4542,8865
202208,6호선,응암,16276,15994,32270
202208,6호선,이태원,10354,11164,21518
202208,6호선,증산,9336,9033,18369
202208,6호선,창신,3183,2557,5740
202208,6호선,청구,3424,3396,6820
202208,6호선,태릉입구,5216,5600,10816
202208,6호선,한강진,8523,9597,18120
202208,6호선,합정,12934,12683,25617
202208,6호선,화랑대,10326,8077,18403
202208,6호선,효창공원앞,6542,5766,12308
202208,6호선,고려대,7626,7427,15053
202208,6호선,공덕,17873,17574,35447
202208,6호선,광흥창,9077,8645,17722
202208,6호선,구산,7419,5574,12993
202208,6호선,녹사평,4888,4923,9811
202208,6호선,대흥,8001,8289,16290
202208,6호선,독바위,2756,2845,5601
202208,6호선,돌곶이,8981,8266,17247
202208,6호선,동묘앞,7764,7734,15498
202208,6호선,디지털미디어시티,13862,15547,29409
202208,6호선,마포구청,14221,12691,26912
202208,6호선,망원,13745,14854,28599
202208,6호선,버티고개,2080,2000,4080
202208,6호선,보문,7278,6495,13773
202208,6호선,봉화산,8705,8160,16865
202208,6호선,불광,4567,4253,8820
202208,6호선,삼각지,7607,6462,14069
202208,6호선,상수,9112,10381,19493
202208,6호선,상월곡,6692,6138,12830
202208,6호선,새절,12092,11224,23316
202208,6호선,석계,11792,12165,23957
202208,6호선,신당,8059,8443,16502
202208,6호선,안암,10081,10167,20248
202208,6호선,약수,3558,3572,7130
202208,6호선,역촌,3828,4368,8196
202208,6호선,월곡,11164,10951,22115
202208,6호선,월드컵경기장,4309,4596,8905
202208,6호선,응암,16912,16533,33445
202208,6호선,이태원,10899,11880,22779
202208,6호선,증산,9513,9306,18819
202208,6호선,창신,3367,2777,6144
202208,6호선,청구,3659,3643,7302
202208,6호선,태릉입구,5416,5769,11185
202208,6호선,한강진,8634,9879,18513
202208,6호선,합정,13029,12962,25991
202208,6호선,화랑대,11019,8405,19424
202208,6호선,효창공원앞,6549,5898,12447
202208,6호선,고려대,7768,7480,15248
202208,6호선,공덕,18256,17658,35914
202208,6호선,광흥창,9067,8592,17659
202208,6호선,구산,7529,5642,13171
202208,6호선,녹사평,5099,5348,10447
202208,6호선,대흥,8110,8279,16389
202208,6호선,독바위,2725,2725,5450
202208,6호선,돌곶이,8877,7988,16865
202208,6호선,동묘앞,7753,7558,15311
202208,6호선,디지털미디어시티,13814,14920,28734
202208,6호선,마포구청,14100,12499,26599
202208,6호선,망원,14446,15691,30137
202208,6호선,버티고개,2063,1974,4037
202208,6호선,보문,7355,6530,13885
202208,6호선,봉화산,8688,8181,16869
202208,6호선,불광,4626,4219,8845
202208,6호선,삼각지,8450,7291,15741
202208,6호선,상수,9742,12295,22037
202208,6호선,상월곡,6078,5242,11320
202208,6호선,새절,12174,11021,23195
202208,6호선,석계,11790,12285,24075
202208,6호선,신당,7476,6945,14421
202208,6호선,안암,10253,10097,20350
202208,6호선,약수,3534,3527,7061
202208,6호선,역촌,3829,4369,8198
202208,6호선,연신내,2,0,2
202208,6호선,월곡,11251,10813,22064
202208,6호선,월드컵경기장,7568,8157,15725
202208,6호선,응암,17086,16674,33760
202208,6호선,이태원,12202,16597,28799
202208,6호선,증산,9570,9406,18976
202208,6호선,창신,3238,2503,5741
202208,6호선,청구,3682,3696,7378
202208,6호선,태릉입구,5530,5807,11337
202208,6호선,한강진,9055,10799,19854
202208,6호선,합정,14009,14155,28164
202208,6호선,화랑대,10761,8188,18949
202208,6호선,효창공원앞,6650,5797,12447
202208,6호선,고려대,7324,7318,14642
202208,6호선,공덕,17137,17031,34168
202208,6호선,광흥창,8704,8717,17421
202208,6호선,구산,6825,5590,12415
202208,6호선,녹사평,3777,3809,7586
202208,6호선,대흥,7446,7869,15315
202208,6호선,독바위,2520,2708,5228
202208,6호선,돌곶이,8344,7899,16243
202208,6호선,동묘앞,5901,6252,12153
202208,6호선,디지털미디어시티,13320,15182,28502
202208,6호선,마포구청,13182,12162,25344
202208,6호선,망원,12585,13357,25942
202208,6호선,버티고개,2060,2164,4224
202208,6호선,보문,6597,6269,12866
202208,6호선,봉화산,8203,7834,16037
202208,6호선,불광,4042,3861,7903
202208,6호선,삼각지,5982,5371,11353
202208,6호선,상수,8513,9341,17854
202208,6호선,상월곡,5503,5034,10537
202208,6호선,새절,11162,10789,21951
202208,6호선,석계,11121,12266,23387
202208,6호선,신당,5762,5580,11342
202208,6호선,안암,9944,9805,19749
202208,6호선,약수,3409,3372,6781
202208,6호선,역촌,3641,4241,7882
202208,6호선,월곡,10486,10464,20950
202208,6호선,월드컵경기장,3481,3633,7114
202208,6호선,응암,15648,15950,31598
202208,6호선,이태원,8684,8949,17633
202208,6호선,증산,8962,9061,18023
202208,6호선,창신,3154,2669,5823
202208,6호선,청구,3106,3280,6386
202208,6호선,태릉입구,4972,5135,10107
202208,6호선,한강진,6267,7081,13348
202208,6호선,합정,12006,11643,23649
202208,6호선,화랑대,10255,8178,18433
202208,6호선,효창공원앞,6443,6043,12486
202208,6호선,고려대,7067,7004,14071
202208,6호선,공덕,17594,17231,34825
202208,6호선,광흥창,8665,8438,17103
202208,6호선,구산,6686,5492,12178
202208,6호선,녹사평,4214,3973,8187
202208,6호선,대흥,7559,8058,15617
202208,6호선,독바위,2467,2688,5155
202208,6호선,돌곶이,8152,7882,16034
202208,6호선,동묘앞,5439,5829,11268
202208,6호선,디지털미디어시티,13294,15494,28788
202208,6호선,마포구청,13371,12385,25756
202208,6호선,망원,11624,12423,24047
202208,6호선,버티고개,1920,1989,3909
202208,6호선,보문,6437,5971,12408
202208,6호선,봉화산,8090,7863,15953
202208,6호선,불광,4065,3815,7880
202208,6호선,삼각지,6634,5783,12417
202208,6호선,상수,7703,8325,16028
202208,6호선,상월곡,5377,4994,10371
202208,6호선,새절,10959,10603,21562
202208,6호선,석계,11593,11790,23383
202208,6호선,신당,6265,6052,12317
202208,6호선,안암,9304,9220,18524
202208,6호선,약수,3244,3206,6450
202208,6호선,역촌,3564,4160,7724
202208,6호선,연신내,1,0,1
202208,6호선,월곡,10280,10310,20590
202208,6호선,월드컵경기장,3598,3696,7294
202208,6호선,응암,15312,15694,31006
202208,6호선,이태원,8289,8252,16541
202208,6호선,증산,8730,8944,17674
202208,6호선,창신,3090,2604,5694
202208,6호선,청구,3144,3250,6394
202208,6호선,태릉입구,4871,5322,10193
202208,6호선,한강진,6788,7385,14173
202208,6호선,합정,11155,11081,22236
202208,6호선,화랑대,9847,8099,17946
202208,6호선,효창공원앞,6727,5991,12718
202208,6호선,고려대,7703,7463,15166
202208,6호선,공덕,19414,19122,38536
202208,6호선,광흥창,9622,9232,18854
202208,6호선,구산,7334,5786,13120
202208,6호선,녹사평,6270,4954,11224
202208,6호선,대흥,8321,8846,17167
202208,6호선,독바위,2669,2862,5531
202208,6호선,돌곶이,9132,8652,17784
202208,6호선,동묘앞,6602,6875,13477
202208,6호선,디지털미디어시티,14312,16070,30382
202208,6호선,마포구청,14355,13012,27367
202208,6호선,망원,13915,14772,28687
202208,6호선,버티고개,2152,2198,4350
202208,6호선,보문,7023,6452,13475
202208,6호선,봉화산,8733,8212,16945
202208,6호선,불광,4824,4638,9462
202208,6호선,삼각지,8138,7071,15209
202208,6호선,상수,8634,9908,18542
202208,6호선,상월곡,5944,5242,11186
202208,6호선,새절,12172,11545,23717
202208,6호선,석계,12257,12471,24728
202208,6호선,신당,6561,6354,12915
202208,6호선,안암,10456,10610,21066
202208,6호선,약수,3659,3635,7294
202208,6호선,역촌,3874,4405,8279
202208,6호선,월곡,11448,11402,22850
202208,6호선,월드컵경기장,4797,4893,9690
202208,6호선,응암,17204,17240,34444
202208,6호선,이태원,11396,11293,22689
202208,6호선,증산,9836,9917,19753
202208,6호선,창신,3295,2583,5878
202208,6호선,청구,3541,3551,7092
202208,6호선,태릉입구,5484,5812,11296
202208,6호선,한강진,8109,9065,17174
202208,6호선,합정,13005,13065,26070
202208,6호선,화랑대,11005,8551,19556
202208,6호선,효창공원앞,7790,6825,14615
202208,6호선,고려대,7664,7222,14886
202208,6호선,공덕,18929,18343,37272
202208,6호선,광흥창,9192,8967,18159
202208,6호선,구산,7478,5656,13134
202208,6호선,녹사평,4809,4755,9564
202208,6호선,대흥,8086,8375,16461
202208,6호선,독바위,2685,2767,5452
202208,6호선,돌곶이,8985,8147,17132
202208,6호선,동묘앞,6404,6717,13121
202208,6호선,디지털미디어시티,14378,15875,30253
202208,6호선,마포구청,14196,12871,27067
202208,6호선,망원,13669,14727,28396
202208,6호선,버티고개,2051,2044,4095
202208,6호선,보문,7042,6321,13363
202208,6호선,봉화산,8788,8217,17005
202208,6호선,불광,4493,4214,8707
202208,6호선,삼각지,7436,6289,13725
202208,6호선,상수,8513,9794,18307
202208,6호선,상월곡,6512,6071,12583
202208,6호선,새절,12098,11178,23276
202208,6호선,석계,11616,11999,23615
202208,6호선,신내,1,0,1
202208,6호선,신당,6589,6529,13118
202208,6호선,안암,10031,10144,20175
202208,6호선,약수,3480,3416,6896
202208,6호선,역촌,3770,4261,8031
202208,6호선,연신내,1,0,1
202208,6호선,월곡,11354,11091,22445
202208,6호선,월드컵경기장,4429,4634,9063
202208,6호선,응암,17015,16800,33815
202208,6호선,이태원,10667,11558,22225
202208,6호선,증산,9615,9427,19042
202208,6호선,창신,3281,2546,5827
202208,6호선,청구,3550,3515,7065
202208,6호선,태릉입구,5310,5680,10990
202208,6호선,한강진,7626,8928,16554
202208,6호선,합정,12746,12969,25715
202208,6호선,화랑대,11091,8580,19671
202208,6호선,효창공원앞,7208,6445,13653
202208,6호선,고려대,8036,7380,15416
202208,6호선,공덕,18572,18062,36634
202208,6호선,광흥창,9484,9065,18549
202208,6호선,구산,7688,5723,13411
202208,6호선,녹사평,5301,5871,11172
202208,6호선,대흥,8396,8490,16886
202208,6호선,독바위,2863,2903,5766
202208,6호선,돌곶이,9265,8556,17821
202208,6호선,동묘앞,7118,7348,14466
202208,6호선,디지털미디어시티,14098,15308,29406
202208,6호선,마포구청,14651,12821,27472
202208,6호선,망원,15207,16418,31625
202208,6호선,버티고개,2217,2135,4352
202208,6호선,보문,7534,6564,14098
202208,6호선,봉화산,8897,8326,17223
202208,6호선,불광,4675,4436,9111
202208,6호선,삼각지,7647,6358,14005
202208,6호선,상수,9983,12222,22205
202208,6호선,상월곡,6228,5415,11643
202208,6호선,새절,12686,11513,24199
202208,6호선,석계,12209,12164,24373
202208,6호선,신당,7001,6866,13867
202208,6호선,안암,10602,10251,20853
202208,6호선,약수,3614,3789,7403
202208,6호선,역촌,3970,4333,8303
202208,6호선,연신내,1,0,1
202208,6호선,월곡,11747,11241,22988
202208,6호선,월드컵경기장,4678,4855,9533
202208,6호선,응암,17809,17286,35095
202208,6호선,이태원,13205,17701,30906
202208,6호선,증산,10135,9853,19988
202208,6호선,창신,3297,2594,5891
202208,6호선,청구,3714,3709,7423
202208,6호선,태릉입구,5638,6005,11643
202208,6호선,한강진,8445,10189,18634
202208,6호선,합정,14683,14560,29243
202208,6호선,화랑대,11245,8661,19906
202208,6호선,효창공원앞,7438,6418,13856
202208,6호선,고려대,3562,3705,7267
202208,6호선,공덕,6593,6320,12913
202208,6호선,광흥창,3525,3428,6953
202208,6호선,구산,3562,2959,6521
202208,6호선,녹사평,2827,2907,5734
202208,6호선,대흥,3833,3922,7755
202208,6호선,독바위,1448,1664,3112
202208,6호선,돌곶이,4397,4203,8600
202208,6호선,동묘앞,4681,4927,9608
202208,6호선,디지털미디어시티,4967,5586,10553
202208,6호선,마포구청,6436,6056,12492
202208,6호선,망원,8027,8874,16901
202208,6호선,버티고개,971,1054,2025
202208,6호선,보문,3586,3583,7169
202208,6호선,봉화산,3690,3701,7391
202208,6호선,불광,2736,2520,5256
202208,6호선,삼각지,3595,2801,6396
202208,6호선,상수,5533,6404,11937
202208,6호선,상월곡,3021,2809,5830
202208,6호선,새절,6122,6033,12155
202208,6호선,석계,6103,6315,12418
202208,6호선,신내,1,0,1
202208,6호선,신당,4556,5440,9996
202208,6호선,안암,4436,4821,9257
202208,6호선,약수,1642,1583,3225
202208,6호선,역촌,1936,2213,4149
202208,6호선,월곡,5419,5518,10937
202208,6호선,월드컵경기장,4092,4003,8095
202208,6호선,응암,8794,8997,17791
202208,6호선,이태원,9633,8478,18111
202208,6호선,증산,5178,5375,10553
202208,6호선,창신,1516,1366,2882
202208,6호선,청구,1925,1938,3863
202208,6호선,태릉입구,3075,3180,6255
202208,6호선,한강진,5142,5728,10870
202208,6호선,합정,8266,7793,16059
202208,6호선,화랑대,4664,4000,8664
202208,6호선,효창공원앞,3249,2953,6202
202208,6호선,고려대,7813,7523,15336
202208,6호선,공덕,18617,18357,36974
202208,6호선,광흥창,9511,9063,18574
202208,6호선,구산,7832,6009,13841
202208,6호선,녹사평,4692,4680,9372
202208,6호선,대흥,8409,8683,17092
202208,6호선,독바위,2785,2903,5688
202208,6호선,돌곶이,9284,8632,17916
202208,6호선,동묘앞,8039,8189,16228
202208,6호선,디지털미디어시티,14325,16005,30330
202208,6호선,마포구청,14278,12879,27157
202208,6호선,망원,13650,14690,28340
202208,6호선,버티고개,2042,2117,4159
202208,6호선,보문,7274,6697,13971
202208,6호선,봉화산,8877,8427,17304
202208,6호선,불광,4370,4285,8655
202208,6호선,삼각지,6732,5515,12247
202208,6호선,상수,8513,9740,18253
202208,6호선,상월곡,6063,5447,11510
202208,6호선,새절,12242,11474,23716
202208,6호선,석계,12030,12439,24469
202208,6호선,신당,7725,8261,15986
202208,6호선,안암,10482,10583,21065
202208,6호선,약수,3472,3580,7052
202208,6호선,역촌,3861,4271,8132
202208,6호선,연신내,1,0,1
202208,6호선,월곡,11579,11552,23131
202208,6호선,월드컵경기장,4391,4643,9034
202208,6호선,응암,16948,17189,34137
202208,6호선,이태원,10367,10842,21209
202208,6호선,증산,9740,9725,19465
202208,6호선,창신,3353,2642,5995
202208,6호선,청구,3598,3750,7348
202208,6호선,태릉입구,5431,5788,11219
202208,6호선,한강진,8511,9687,18198
202208,6호선,합정,12903,12663,25566
202208,6호선,화랑대,11100,8760,19860
202208,6호선,효창공원앞,6972,6190,13162
202208,6호선,고려대,8259,7823,16082
202208,6호선,공덕,19043,18563,37606
202208,6호선,광흥창,9483,9225,18708
202208,6호선,구산,7884,6066,13950
202208,6호선,녹사평,4883,4951,9834
202208,6호선,대흥,8549,8755,17304
202208,6호선,독바위,2738,2912,5650
202208,6호선,돌곶이,9671,8964,18635
202208,6호선,동묘앞,7845,8125,15970
202208,6호선,디지털미디어시티,14668,16141,30809
202208,6호선,마포구청,14539,13000,27539
202208,6호선,망원,14196,15216,29412
202208,6호선,버티고개,2094,2177,4271
202208,6호선,보문,7746,6993,14739
202208,6호선,봉화산,9086,8500,17586
202208,6호선,불광,4595,4470,9065
202208,6호선,삼각지,7707,6449,14156
202208,6호선,상수,8783,10175,18958
202208,6호선,상월곡,6311,5567,11878
202208,6호선,새절,12694,11647,24341
202208,6호선,석계,12210,12732,24942
202208,6호선,신당,8655,9234,17889
202208,6호선,안암,10590,10793,21383
202208,6호선,약수,3665,3729,7394
202208,6호선,역촌,4006,4449,8455
202208,6호선,월곡,11805,11735,23540
202208,6호선,월드컵경기장,4430,4674,9104
202208,6호선,응암,17415,17275,34690
202208,6호선,이태원,10661,11471,22132
202208,6호선,증산,10000,9916,19916
202208,6호선,창신,3700,3043,6743
202208,6호선,청구,3759,3874,7633
202208,6호선,태릉입구,5551,5926,11477
202208,6호선,한강진,8012,9226,17238
202208,6호선,합정,13482,13369,26851
202208,6호선,화랑대,11551,8944,20495
202208,6호선,효창공원앞,7303,6534,13837
202208,6호선,고려대,8215,7844,16059
202208,6호선,공덕,19192,18568,37760
202208,6호선,광흥창,9565,9213,18778
202208,6호선,구산,7890,6071,13961
202208,6호선,녹사평,5062,5166,10228
202208,6호선,대흥,8604,8781,17385
202208,6호선,독바위,2855,3006,5861
202208,6호선,돌곶이,9573,8693,18266
202208,6호선,동묘앞,7956,8053,16009
202208,6호선,디지털미디어시티,14633,16270,30903
202208,6호선,마포구청,14872,13154,28026
202208,6호선,망원,14226,15367,29593
202208,6호선,버티고개,2105,2168,4273
202208,6호선,보문,7806,6960,14766
202208,6호선,봉화산,9226,8733,17959
202208,6호선,불광,4613,4436,9049
202208,6호선,삼각지,7437,6374,13811
202208,6호선,상수,8934,10570,19504
202208,6호선,상월곡,7071,6400,13471
202208,6호선,새절,12754,11814,24568
202208,6호선,석계,12237,12585,24822
202208,6호선,신당,8745,9322,18067
202208,6호선,안암,10858,10834,21692
202208,6호선,약수,3660,3606,7266
202208,6호선,역촌,3909,4435,8344
202208,6호선,연신내,1,0,1
202208,6호선,월곡,11859,11774,23633
202208,6호선,월드컵경기장,4377,4682,9059
202208,6호선,응암,17565,17210,34775
202208,6호선,이태원,11257,12193,23450
202208,6호선,증산,10036,9882,19918
202208,6호선,창신,3642,3012,6654
202208,6호선,청구,3935,4006,7941
202208,6호선,태릉입구,5640,6068,11708
202208,6호선,한강진,8211,9603,17814
202208,6호선,합정,13630,13411,27041
202208,6호선,화랑대,11534,9008,20542
202208,6호선,효창공원앞,7301,6515,13816
202208,6호선,고려대,8279,7992,16271
202208,6호선,공덕,19054,18625,37679
202208,6호선,광흥창,9506,9483,18989
202208,6호선,구산,8043,6163,14206
202208,6호선,녹사평,5047,5416,10463
202208,6호선,대흥,8694,8665,17359
202208,6호선,독바위,2760,2998,5758
202208,6호선,돌곶이,9608,8637,18245
202208,6호선,동묘앞,8056,7964,16020
202208,6호선,디지털미디어시티,14253,15881,30134
202208,6호선,마포구청,14735,13243,27978
202208,6호선,망원,14279,15454,29733
202208,6호선,버티고개,2218,2225,4443
202208,6호선,보문,7835,7094,14929
202208,6호선,봉화산,8963,8564,17527
202208,6호선,불광,4564,4414,8978
202208,6호선,삼각지,7671,6321,13992
202208,6호선,상수,9511,11866,21377
202208,6호선,상월곡,6315,5708,12023
202208,6호선,새절,12626,11777,24403
202208,6호선,석계,12308,12995,25303
202208,6호선,신당,8926,8559,17485
202208,6호선,안암,11017,10524,21541
202208,6호선,약수,3742,3682,7424
202208,6호선,역촌,3844,4481,8325
202208,6호선,연신내,1,0,1
202208,6호선,월곡,11793,11520,23313
202208,6호선,월드컵경기장,4301,4329,8630
202208,6호선,응암,17503,17341,34844
202208,6호선,이태원,11967,16072,28039
202208,6호선,증산,9891,9875,19766
202208,6호선,창신,3745,3203,6948
202208,6호선,청구,3831,3998,7829
202208,6호선,태릉입구,5723,5997,11720
202208,6호선,한강진,8464,9718,18182
202208,6호선,합정,14294,14081,28375
202208,6호선,화랑대,11682,9210,20892
202208,6호선,효창공원앞,7328,6548,13876
202208,6호선,고려대,8251,7968,16219
202208,6호선,공덕,18410,17928,36338
202208,6호선,광흥창,9331,9189,18520
202208,6호선,구산,7904,6165,14069
202208,6호선,녹사평,4664,4586,9250
202208,6호선,대흥,8236,8409,16645
202208,6호선,독바위,2783,2965,5748
202208,6호선,돌곶이,10736,10072,20808
202208,6호선,동묘앞,7786,7904,15690
202208,6호선,디지털미디어시티,14403,16214,30617
202208,6호선,마포구청,14502,13233,27735
202208,6호선,망원,13418,14355,27773
202208,6호선,버티고개,2138,2195,4333
202208,6호선,보문,7491,6878,14369
202208,6호선,봉화산,9064,8497,17561
202208,6호선,불광,4147,4190,8337
202208,6호선,삼각지,6217,5434,11651
202208,6호선,상수,8430,9300,17730
202208,6호선,상월곡,6280,5756,12036
202208,6호선,새절,12387,11418,23805
202208,6호선,석계,12023,12680,24703
202208,6호선,신당,8125,8570,16695
202208,6호선,안암,10580,10909,21489
202208,6호선,약수,3715,3705,7420
202208,6호선,역촌,3947,4534,8481
202208,6호선,연신내,1,0,1
202208,6호선,월곡,11943,12012,23955
202208,6호선,월드컵경기장,4230,4443,8673
202208,6호선,응암,17275,17289,34564
202208,6호선,이태원,10615,10960,21575
202208,6호선,증산,9772,9794,19566
202208,6호선,창신,3627,2913,6540
202208,6호선,청구,3697,3822,7519
202208,6호선,태릉입구,5403,5843,11246
202208,6호선,한강진,7044,8098,15142
202208,6호선,합정,12627,12294,24921
202208,6호선,화랑대,11318,8775,20093
202208,6호선,효창공원앞,6995,6382,13377
202208,6호선,고려대,8212,7835,16047
202208,6호선,공덕,19049,18578,37627
202208,6호선,광흥창,9641,9313,18954
202208,6호선,구산,8174,6310,14484
202208,6호선,녹사평,4995,5031,10026
202208,6호선,대흥,8673,8671,17344
202208,6호선,독바위,2857,2909,5766
202208,6호선,돌곶이,9686,8881,18567
202208,6호선,동묘앞,7935,8059,15994
202208,6호선,디지털미디어시티,14919,16695,31614
202208,6호선,마포구청,14860,13239,28099
202208,6호선,망원,13969,15020,28989
202208,6호선,버티고개,2138,2209,4347
202208,6호선,보문,7641,6935,14576
202208,6호선,봉화산,9165,8626,17791
202208,6호선,불광,4418,4372,8790
202208,6호선,삼각지,7204,6177,13381
202208,6호선,상수,8450,9540,17990
202208,6호선,상월곡,6275,5634,11909
202208,6호선,새절,12689,11755,24444
202208,6호선,석계,12418,12897,25315
202208,6호선,신내,1,0,1
202208,6호선,신당,8680,9225,17905
202208,6호선,안암,11053,11010,22063
202208,6호선,약수,3788,3693,7481
202208,6호선,역촌,3898,4473,8371
202208,6호선,연신내,2,0,2
202208,6호선,월곡,11918,11904,23822
202208,6호선,월드컵경기장,4469,4754,9223
202208,6호선,응암,17657,17551,35208
202208,6호선,이태원,10992,11737,22729
202208,6호선,증산,10023,10006,20029
202208,6호선,창신,3684,2998,6682
202208,6호선,청구,3891,4030,7921
202208,6호선,태릉입구,5632,5970,11602
202208,6호선,한강진,8018,9244,17262
202208,6호선,합정,13081,13128,26209
202208,6호선,화랑대,11671,9100,20771
202208,6호선,효창공원앞,7230,6364,13594
202208,6호선,고려대,8371,8157,16528
202208,6호선,공덕,19501,18893,38394
202208,6호선,광흥창,9733,9571,19304
202208,6호선,구산,8283,6296,14579
202208,6호선,녹사평,5203,5204,10407
202208,6호선,대흥,8339,8594,16933
202208,6호선,독바위,2840,3073,5913
202208,6호선,돌곶이,9990,9205,19195
202208,6호선,동묘앞,8031,8186,16217
202208,6호선,디지털미디어시티,15234,16686,31920
202208,6호선,마포구청,15009,13297,28306
202208,6호선,망원,14548,15551,30099
202208,6호선,버티고개,2154,2166,4320
202208,6호선,보문,7857,7138,14995
202208,6호선,봉화산,9244,8741,17985
202208,6호선,불광,4594,4676,9270
202208,6호선,삼각지,7215,6141,13356
202208,6호선,상수,8604,10093,18697
202208,6호선,상월곡,6310,5675,11985
202208,6호선,새절,12813,11796,24609
202208,6호선,석계,12394,12937,25331
202208,6호선,신내,1,0,1
202208,6호선,신당,9247,9699,18946
202208,6호선,안암,11111,11322,22433
202208,6호선,약수,3743,3700,7443
202208,6호선,역촌,3874,4453,8327
202208,6호선,월곡,12131,11921,24052
202208,6호선,월드컵경기장,4536,4793,9329
202208,6호선,응암,17679,17727,35406
202208,6호선,이태원,11534,12194,23728
202208,6호선,증산,10087,10127,20214
202208,6호선,창신,3650,2973,6623
202208,6호선,청구,3889,4049,7938
202208,6호선,태릉입구,5658,6249,11907
202208,6호선,한강진,7949,9437,17386
202208,6호선,합정,13434,13373,26807
202208,6호선,화랑대,11714,8967,20681
202208,6호선,효창공원앞,7494,6608,14102
202208,6호선,고려대,8447,8084,16531
202208,6호선,공덕,19549,19004,38553
202208,6호선,광흥창,9740,9456,19196
202208,6호선,구산,8087,6081,14168
202208,6호선,녹사평,5215,5199,10414
202208,6호선,대흥,8449,8628,17077
202208,6호선,독바위,2793,2930,5723
202208,6호선,돌곶이,9816,9034,18850
202208,6호선,동묘앞,7953,8076,16029
202208,6호선,디지털미디어시티,14986,16726,31712
202208,6호선,마포구청,14953,13184,28137
202208,6호선,망원,14336,15540,29876
202208,6호선,버티고개,2167,2211,4378
202208,6호선,보문,7887,7060,14947
202208,6호선,봉화산,9179,8771,17950
202208,6호선,불광,4359,4219,8578
202208,6호선,삼각지,7203,5966,13169
202208,6호선,상수,8812,10402,19214
202208,6호선,상월곡,6963,6355,13318
202208,6호선,새절,12742,11711,24453
202208,6호선,석계,12364,12831,25195
202208,6호선,신당,8958,9394,18352
202208,6호선,안암,11201,11250,22451
202208,6호선,약수,3785,3825,7610
202208,6호선,역촌,3911,4443,8354
202208,6호선,연신내,33,0,33
202208,6호선,월곡,12087,11779,23866
202208,6호선,월드컵경기장,4476,4865,9341
202208,6호선,응암,17706,17447,35153
202208,6호선,이태원,11435,12675,24110
202208,6호선,증산,10065,9951,20016
202208,6호선,창신,3700,2995,6695
202208,6호선,청구,3832,4062,7894
202208,6호선,태릉입구,5682,6147,11829
202208,6호선,한강진,8078,9434,17512
202208,6호선,합정,13569,13603,27172
202208,6호선,화랑대,11869,9414,21283
202208,6호선,효창공원앞,7285,6653,13938
202208,6호선,고려대,8694,8273,16967
202208,6호선,공덕,20318,19815,40133
202208,6호선,광흥창,9837,9262,19099
202208,6호선,구산,8418,6215,14633
202208,6호선,녹사평,6376,7049,13425
202208,6호선,대흥,9400,9478,18878
202208,6호선,독바위,2902,2974,5876
202208,6호선,돌곶이,10119,9198,19317
202208,6호선,동묘앞,8547,8220,16767
202208,6호선,디지털미디어시티,15024,16498,31522
202208,6호선,마포구청,15486,13607,29093
202208,6호선,망원,15785,17016,32801
202208,6호선,버티고개,2246,2266,4512
202208,6호선,보문,8351,7600,15951
202208,6호선,봉화산,9338,8761,18099
202208,6호선,불광,4667,4656,9323
202208,6호선,삼각지,7955,6366,14321
202208,6호선,상수,9799,12008,21807
202208,6호선,상월곡,6483,5650,12133
202208,6호선,새절,13374,12096,25470
202208,6호선,석계,12864,13122,25986
202208,6호선,신내,3,0,3
202208,6호선,신당,9200,8576,17776
202208,6호선,안암,11537,11352,22889
202208,6호선,약수,3912,3929,7841
202208,6호선,역촌,3953,4586,8539
202208,6호선,월곡,12420,12045,24465
202208,6호선,월드컵경기장,5183,5495,10678
202208,6호선,응암,18314,17897,36211
202208,6호선,이태원,14145,19976,34121
202208,6호선,증산,10506,10225,20731
202208,6호선,창신,3748,3023,6771
202208,6호선,청구,4000,4033,8033
202208,6호선,태릉입구,5915,6343,12258
202208,6호선,한강진,8891,10632,19523
202208,6호선,합정,14883,15215,30098
202208,6호선,화랑대,11967,9175,21142
202208,6호선,효창공원앞,7667,6811,14478
202208,6호선,고려대,8382,8162,16544
202208,6호선,공덕,19186,18743,37929
202208,6호선,광흥창,9607,9376,18983
202208,6호선,구산,8106,6230,14336
202208,6호선,녹사평,4875,4726,9601
202208,6호선,대흥,8631,8875,17506
202208,6호선,독바위,2797,2905,5702
202208,6호선,돌곶이,9561,8913,18474
202208,6호선,동묘앞,7885,8094,15979
202208,6호선,디지털미디어시티,15280,16742,32022
202208,6호선,마포구청,15144,13487,28631
202208,6호선,망원,13698,14631,28329
202208,6호선,버티고개,2205,2172,4377
202208,6호선,보문,7834,7166,15000
202208,6호선,봉화산,9219,8712,17931
202208,6호선,불광,4264,4418,8682
202208,6호선,삼각지,6633,5530,12163
202208,6호선,상수,8230,8865,17095
202208,6호선,상월곡,6503,5751,12254
202208,6호선,새절,12925,11817,24742
202208,6호선,석계,12285,12717,25002
202208,6호선,신내,1,0,1
202208,6호선,신당,8067,8700,16767
202208,6호선,안암,10946,11313,22259
202208,6호선,약수,3734,3672,7406
202208,6호선,역촌,3830,4547,8377
202208,6호선,월곡,12167,11862,24029
202208,6호선,월드컵경기장,4682,4914,9596
202208,6호선,응암,17965,17884,35849
202208,6호선,이태원,10715,11002,21717
202208,6호선,증산,10155,9933,20088
202208,6호선,창신,3846,3252,7098
202208,6호선,청구,3815,3859,7674
202208,6호선,태릉입구,5474,5941,11415
202208,6호선,한강진,7079,8269,15348
202208,6호선,합정,12753,12633,25386
202208,6호선,화랑대,11829,9077,20906
202208,6호선,효창공원앞,7300,6562,13862
202208,6호선,고려대,8278,8112,16390
202208,6호선,공덕,19321,18773,38094
202208,6호선,광흥창,9719,9449,19168
202208,6호선,구산,7983,6155,14138
202208,6호선,녹사평,4679,4790,9469
202208,6호선,대흥,8624,8912,17536
202208,6호선,독바위,2836,2929,5765
202208,6호선,돌곶이,9359,8744,18103
202208,6호선,동묘앞,7622,8042,15664
202208,6호선,디지털미디어시티,15066,16961,32027
202208,6호선,마포구청,14754,13401,28155
202208,6호선,망원,13439,14441,27880
202208,6호선,버티고개,2164,2257,4421
202208,6호선,보문,7829,7109,14938
202208,6호선,봉화산,9168,8632,17800
202208,6호선,불광,4296,4284,8580
202208,6호선,삼각지,7651,6714,14365
202208,6호선,상수,8588,9639,18227
202208,6호선,상월곡,6342,5731,12073
202208,6호선,새절,12719,11837,24556
202208,6호선,석계,12263,12807,25070
202208,6호선,신당,8944,9554,18498
202208,6호선,안암,11162,11378,22540
202208,6호선,약수,3761,3692,7453
202208,6호선,역촌,3891,4552,8443
202208,6호선,연신내,1,0,1
202208,6호선,월곡,11603,11635,23238
202208,6호선,월드컵경기장,4155,4398,8553
202208,6호선,응암,17706,17585,35291
202208,6호선,이태원,10225,10797,21022
202208,6호선,증산,10018,9972,19990
202208,6호선,창신,4027,3544,7571
202208,6호선,청구,3936,4055,7991
202208,6호선,태릉입구,5511,5961,11472
202208,6호선,한강진,8460,9532,17992
202208,6호선,합정,12582,12625,25207
202208,6호선,화랑대,11751,9037,20788
202208,6호선,효창공원앞,7279,6537,13816
202208,6호선,고려대,8473,8530,17003
202208,6호선,공덕,20097,19531,39628
202208,6호선,광흥창,10014,9717,19731
202208,6호선,구산,8459,6258,14717
202208,6호선,녹사평,5441,5245,10686
202208,6호선,대흥,9104,9260,18364
202208,6호선,독바위,2837,2975,5812
202208,6호선,돌곶이,9885,9144,19029
202208,6호선,동묘앞,8278,8533,16811
202208,6호선,디지털미디어시티,15724,17626,33350
202208,6호선,마포구청,15326,13662,28988
202208,6호선,망원,14738,15509,30247
202208,6호선,버티고개,2210,2265,4475
202208,6호선,보문,8054,7376,15430
202208,6호선,봉화산,9533,9026,18559
202208,6호선,불광,4960,4834,9794
202208,6호선,삼각지,8017,6450,14467
202208,6호선,상수,8899,10270,19169
202208,6호선,상월곡,6643,5924,12567
202208,6호선,새절,13202,12231,25433
202208,6호선,석계,13028,13456,26484
202208,6호선,신당,8993,9608,18601
202208,6호선,안암,11858,12527,24385
202208,6호선,약수,3915,3873,7788
202208,6호선,역촌,4024,4601,8625
202208,6호선,연신내,1,0,1
202208,6호선,월곡,12029,12008,24037
202208,6호선,월드컵경기장,4830,5028,9858
202208,6호선,응암,18616,18494,37110
202208,6호선,이태원,11443,12448,23891
202208,6호선,증산,10350,10135,20485
202208,6호선,창신,4065,3478,7543
202208,6호선,청구,3965,4091,8056
202208,6호선,태릉입구,5863,6235,12098
202208,6호선,한강진,9595,10871,20466
202208,6호선,합정,13636,13747,27383
202208,6호선,화랑대,12047,9422,21469
202208,6호선,효창공원앞,7646,6863,14509
202209,6호선,고려대,10289,10034,20323
202209,6호선,공덕,20381,19735,40116
202209,6호선,광흥창,10196,9905,20101
202209,6호선,구산,8504,6346,14850
202209,6호선,녹사평,5376,5318,10694
202209,6호선,대흥,10509,10784,21293
202209,6호선,독바위,2995,3136,6131
202209,6호선,돌곶이,10355,9435,19790
202209,6호선,동묘앞,8444,8714,17158
202209,6호선,디지털미디어시티,15911,17519,33430
202209,6호선,마포구청,15795,14128,29923
202209,6호선,망원,14941,15975,30916
202209,6호선,버티고개,2488,2439,4927
202209,6호선,보문,8386,7590,15976
202209,6호선,봉화산,9874,9172,19046
202209,6호선,불광,4675,4652,9327
202209,6호선,삼각지,8013,6598,14611
202209,6호선,상수,10266,12037,22303
202209,6호선,상월곡,7881,7425,15306
202209,6호선,새절,14083,13011,27094
202209,6호선,석계,13607,14419,28026
202209,6호선,신당,9033,9613,18646
202209,6호선,안암,16259,16494,32753
202209,6호선,약수,3979,3850,7829
202209,6호선,역촌,4082,4789,8871
202209,6호선,연신내,1,0,1
202209,6호선,월곡,14309,13911,28220
202209,6호선,월드컵경기장,5135,5377,10512
202209,6호선,응암,19034,18836,37870
202209,6호선,이태원,11594,12989,24583
202209,6호선,증산,10785,10705,21490
202209,6호선,창신,4020,3546,7566
202209,6호선,청구,3955,4124,8079
202209,6호선,태릉입구,6291,7023,13314
202209,6호선,한강진,9356,10964,20320
202209,6호선,합정,14124,14088,28212
202209,6호선,화랑대,13985,10827,24812
202209,6호선,효창공원앞,8109,7775,15884
202209,6호선,고려대,9776,9331,19107
202209,6호선,공덕,20633,20176,40809
202209,6호선,광흥창,10061,9627,19688
202209,6호선,구산,8790,6392,15182
202209,6호선,녹사평,6301,6712,13013
202209,6호선,대흥,10512,10766,21278
202209,6호선,독바위,3106,3077,6183
202209,6호선,돌곶이,10459,9489,19948
202209,6호선,동묘앞,8587,8799,17386
202209,6호선,디지털미디어시티,15776,17188,32964
202209,6호선,마포구청,15877,13837,29714
202209,6호선,망원,16035,17726,33761
202209,6호선,버티고개,2440,2356,4796
202209,6호선,보문,8863,7674,16537
202209,6호선,봉화산,9943,9303,19246
202209,6호선,불광,4888,4737,9625
202209,6호선,삼각지,8515,6779,15294
202209,6호선,상수,10897,13502,24399
202209,6호선,상월곡,7194,6473,13667
202209,6호선,새절,14228,13022,27250
202209,6호선,석계,13806,14406,28212
202209,6호선,신당,9219,8919,18138
202209,6호선,안암,14572,14083,28655
202209,6호선,약수,3992,3993,7985
202209,6호선,역촌,4208,4716,8924
202209,6호선,연신내,2,0,2
202209,6호선,월곡,13987,13406,27393
202209,6호선,월드컵경기장,4971,5187,10158
202209,6호선,응암,19105,18764,37869
202209,6호선,이태원,14308,19805,34113
202209,6호선,증산,10896,10721,21617
202209,6호선,창신,4045,3383,7428
202209,6호선,청구,4076,4255,8331
202209,6호선,태릉입구,6404,6991,13395
202209,6호선,한강진,10797,12869,23666
202209,6호선,합정,15248,15177,30425
202209,6호선,화랑대,13447,10141,23588
202209,6호선,효창공원앞,8273,7520,15793
202209,6호선,고려대,9426,9383,18809
202209,6호선,공덕,18215,18126,36341
202209,6호선,광흥창,9244,9258,18502
202209,6호선,구산,7732,6173,13905
202209,6호선,녹사평,4209,4064,8273
202209,6호선,대흥,9271,9874,19145
202209,6호선,독바위,2833,2987,5820
202209,6호선,돌곶이,9650,9034,18684
202209,6호선,동묘앞,7364,8083,15447
202209,6호선,디지털미디어시티,14460,16414,30874
202209,6호선,마포구청,14622,13354,27976
202209,6호선,망원,12466,13142,25608
202209,6호선,버티고개,2282,2265,4547
202209,6호선,보문,7697,7200,14897
202209,6호선,봉화산,9110,8759,17869
202209,6호선,불광,4031,3943,7974
202209,6호선,삼각지,6333,5850,12183
202209,6호선,상수,9103,9916,19019
202209,6호선,상월곡,6923,6705,13628
202209,6호선,새절,12808,12045,24853
202209,6호선,석계,12692,13967,26659
202209,6호선,신당,8326,9003,17329
202209,6호선,안암,15343,15688,31031
202209,6호선,약수,3515,3448,6963
202209,6호선,역촌,3912,4512,8424
202209,6호선,월곡,13179,13027,26206
202209,6호선,월드컵경기장,3427,3614,7041
202209,6호선,응암,16885,17116,34001
202209,6호선,이태원,8731,8948,17679
202209,6호선,증산,9777,10069,19846
202209,6호선,창신,4016,3551,7567
202209,6호선,청구,3796,4016,7812
202209,6호선,태릉입구,5697,6254,11951
202209,6호선,한강진,6254,7132,13386
202209,6호선,합정,11591,11385,22976
202209,6호선,화랑대,12989,10129,23118
202209,6호선,효창공원앞,7370,7368,14738
202209,6호선,고려대,9500,9230,18730
202209,6호선,공덕,18821,18112,36933
202209,6호선,광흥창,9611,9022,18633
202209,6호선,구산,7699,5824,13523
202209,6호선,녹사평,5575,4930,10505
202209,6호선,대흥,9947,10515,20462
202209,6호선,독바위,2761,2840,5601
202209,6호선,돌곶이,9703,8840,18543
202209,6호선,동묘앞,7939,8016,15955
202209,6호선,디지털미디어시티,14679,15904,30583
202209,6호선,마포구청,14970,13185,28155
202209,6호선,망원,13958,14976,28934
202209,6호선,버티고개,2292,2205,4497
202209,6호선,보문,7853,7145,14998
202209,6호선,봉화산,9131,8505,17636
202209,6호선,불광,4327,4283,8610
202209,6호선,삼각지,7395,6364,13759
202209,6호선,상수,9404,10985,20389
202209,6호선,상월곡,6846,6385,13231
202209,6호선,새절,13043,12014,25057
202209,6호선,석계,13092,13656,26748
202209,6호선,신당,8691,9031,17722
202209,6호선,안암,15077,15459,30536
202209,6호선,약수,3763,3690,7453
202209,6호선,역촌,3890,4425,8315
202209,6호선,월곡,13800,13107,26907
202209,6호선,월드컵경기장,4752,4991,9743
202209,6호선,응암,17660,17341,35001
202209,6호선,이태원,10222,10498,20720
202209,6호선,증산,10232,10071,20303
202209,6호선,창신,3464,2782,6246
202209,6호선,청구,3799,4008,7807
202209,6호선,태릉입구,5915,6541,12456
202209,6호선,한강진,8079,9503,17582
202209,6호선,합정,12364,12700,25064
202209,6호선,화랑대,12662,9810,22472
202209,6호선,효창공원앞,8055,7500,15555
202209,6호선,고려대,10851,10526,21377
202209,6호선,공덕,20932,20398,41330
202209,6호선,광흥창,10550,10182,20732
202209,6호선,구산,8952,6563,15515
202209,6호선,녹사평,5740,5683,11423
202209,6호선,대흥,10863,11310,22173
202209,6호선,독바위,3071,3202,6273
202209,6호선,돌곶이,10812,9984,20796
202209,6호선,동묘앞,8755,9046,17801
202209,6호선,디지털미디어시티,16457,17987,34444
202209,6호선,마포구청,16302,14137,30439
202209,6호선,망원,16122,16957,33079
202209,6호선,버티고개,2541,2552,5093
202209,6호선,보문,8765,7899,16664
202209,6호선,봉화산,10149,9458,19607
202209,6호선,불광,4873,4831,9704
202209,6호선,삼각지,8138,7002,15140
202209,6호선,상수,10504,12165,22669
202209,6호선,상월곡,7774,7179,14953
202209,6호선,새절,14521,13187,27708
202209,6호선,석계,14273,14855,29128
202209,6호선,신당,9942,10394,20336
202209,6호선,안암,17281,17233,34514
202209,6호선,약수,4122,4034,8156
202209,6호선,역촌,4165,4738,8903
202209,6호선,연신내,1,0,1
202209,6호선,월곡,15517,14704,30221
202209,6호선,월드컵경기장,4988,5277,10265
202209,6호선,응암,19420,19015,38435
202209,6호선,이태원,11797,12918,24715
202209,6호선,증산,11043,10940,21983
202209,6호선,창신,4347,3712,8059
202209,6호선,청구,4144,4344,8488
202209,6호선,태릉입구,6453,7306,13759
202209,6호선,한강진,10490,12024,22514
202209,6호선,합정,14234,14245,28479
202209,6호선,화랑대,14627,11005,25632
202209,6호선,효창공원앞,8459,8017,16476
202209,6호선,고려대,10974,9717,20691
202209,6호선,공덕,19656,19017,38673
202209,6호선,광흥창,9798,9002,18800
202209,6호선,구산,8611,6250,14861
202209,6호선,녹사평,5754,6255,12009
202209,6호선,대흥,10457,10429,20886
202209,6호선,독바위,2920,2868,5788
202209,6호선,돌곶이,10428,9017,19445
202209,6호선,동묘앞,8673,8500,17173
202209,6호선,디지털미디어시티,15389,16922,32311
202209,6호선,마포구청,15666,13163,28829
202209,6호선,망원,16567,17970,34537
202209,6호선,버티고개,2442,2307,4749
202209,6호선,보문,8742,7257,15999
202209,6호선,봉화산,9729,8930,18659
202209,6호선,불광,4734,4612,9346
202209,6호선,삼각지,7620,6179,13799
202209,6호선,상수,10914,12578,23492
202209,6호선,상월곡,7903,7205,15108
202209,6호선,새절,13873,12539,26412
202209,6호선,석계,13952,14435,28387
202209,6호선,신내,1,0,1
202209,6호선,신당,8671,8197,16868
202209,6호선,안암,18171,16168,34339
202209,6호선,약수,4137,3867,8004
202209,6호선,역촌,4044,4509,8553
202209,6호선,연신내,2,0,2
202209,6호선,월곡,14619,13453,28072
202209,6호선,월드컵경기장,5234,5517,10751
202209,6호선,응암,19079,18224,37303
202209,6호선,이태원,12674,17026,29700
202209,6호선,증산,10863,10442,21305
202209,6호선,창신,4032,3453,7485
202209,6호선,청구,3833,3949,7782
202209,6호선,태릉입구,6427,6869,13296
202209,6호선,한강진,9691,11782,21473
202209,6호선,합정,14426,14376,28802
202209,6호선,화랑대,14675,10420,25095
202209,6호선,효창공원앞,8131,7562,15693
202209,6호선,고려대,4400,3368,7768
202209,6호선,공덕,6356,5684,12040
202209,6호선,광흥창,3436,2954,6390
202209,6호선,구산,3728,2624,6352
202209,6호선,녹사평,3580,3970,7550
202209,6호선,대흥,3677,3191,6868
202209,6호선,독바위,1465,1639,3104
202209,6호선,돌곶이,4250,3629,7879
202209,6호선,동묘앞,5349,4576,9925
202209,6호선,디지털미디어시티,4993,4908,9901
202209,6호선,마포구청,6665,4725,11390
202209,6호선,망원,10535,11050,21585
202209,6호선,버티고개,953,1033,1986
202209,6호선,보문,3892,2730,6622
202209,6호선,봉화산,3541,3500,7041
202209,6호선,불광,2640,2442,5082
202209,6호선,삼각지,3616,2431,6047
202209,6호선,상수,5690,6089,11779
202209,6호선,상월곡,2942,2169,5111
202209,6호선,새절,5913,5368,11281
202209,6호선,석계,5836,5693,11529
202209,6호선,신당,3118,2466,5584
202209,6호선,안암,5811,3823,9634
202209,6호선,약수,1575,1479,3054
202209,6호선,역촌,1804,1937,3741
202209,6호선,연신내,1,0,1
202209,6호선,월곡,5250,4602,9852
202209,6호선,월드컵경기장,3764,3833,7597
202209,6호선,응암,8865,8158,17023
202209,6호선,이태원,12779,15675,28454
202209,6호선,증산,5115,4666,9781
202209,6호선,창신,1461,1161,2622
202209,6호선,청구,1592,1471,3063
202209,6호선,태릉입구,2750,2765,5515
202209,6호선,한강진,5722,7308,13030
202209,6호선,합정,7970,7357,15327
202209,6호선,화랑대,4516,3556,8072
202209,6호선,효창공원앞,3007,2498,5505
202209,6호선,고려대,3765,4367,8132
202209,6호선,공덕,6440,6394,12834
202209,6호선,광흥창,3498,3287,6785
202209,6호선,구산,3973,3104,7077
202209,6호선,녹사평,3575,3455,7030
202209,6호선,대흥,3669,4190,7859
202209,6호선,독바위,1555,1846,3401
202209,6호선,돌곶이,4151,4027,8178
202209,6호선,동묘앞,5246,5588,10834
202209,6호선,디지털미디어시티,5326,5367,10693
202209,6호선,마포구청,6495,6302,12797
202209,6호선,망원,8643,9814,18457
202209,6호선,버티고개,1087,1139,2226
202209,6호선,보문,3273,3576,6849
202209,6호선,봉화산,3815,3707,7522
202209,6호선,불광,2966,2846,5812
202209,6호선,삼각지,3573,2681,6254
202209,6호선,상수,6081,7527,13608
202209,6호선,상월곡,2892,2809,5701
202209,6호선,새절,6233,6044,12277
202209,6호선,석계,6213,6803,13016
202209,6호선,신내,1,0,1
202209,6호선,신당,3927,4526,8453
202209,6호선,안암,4612,6721,11333
202209,6호선,약수,1631,1639,3270
202209,6호선,역촌,1942,2279,4221
202209,6호선,연신내,1,0,1
202209,6호선,월곡,5200,5452,10652
202209,6호선,월드컵경기장,5588,5810,11398
202209,6호선,응암,9015,9208,18223
202209,6호선,이태원,10990,9293,20283
202209,6호선,증산,5340,5528,10868
202209,6호선,창신,1481,1287,2768
202209,6호선,청구,1683,1606,3289
202209,6호선,태릉입구,2836,3443,6279
202209,6호선,한강진,5642,6460,12102
202209,6호선,합정,9032,8167,17199
202209,6호선,화랑대,4788,4655,9443
202209,6호선,효창공원앞,3339,2933,6272
202209,6호선,고려대,10049,10028,20077
202209,6호선,공덕,18524,18086,36610
202209,6호선,광흥창,9426,9185,18611
202209,6호선,구산,8300,6311,14611
202209,6호선,녹사평,4743,4789,9532
202209,6호선,대흥,9933,10413,20346
202209,6호선,독바위,2844,2948,5792
202209,6호선,돌곶이,9787,9177,18964
202209,6호선,동묘앞,7734,8506,16240
202209,6호선,디지털미디어시티,15302,16662,31964
202209,6호선,마포구청,14862,13470,28332
202209,6호선,망원,13346,14368,27714
202209,6호선,버티고개,2341,2314,4655
202209,6호선,보문,7985,7353,15338
202209,6호선,봉화산,9252,8713,17965
202209,6호선,불광,4461,4463,8924
202209,6호선,삼각지,7027,5927,12954
202209,6호선,상수,10038,11663,21701
202209,6호선,상월곡,6898,6757,13655
202209,6호선,새절,13362,12536,25898
202209,6호선,석계,13070,14030,27100
202209,6호선,신내,2,0,2
202209,6호선,신당,7731,8675,16406
202209,6호선,안암,16042,17013,33055
202209,6호선,약수,3613,3591,7204
202209,6호선,역촌,4012,4644,8656
202209,6호선,월곡,14037,13523,27560
202209,6호선,월드컵경기장,6416,6911,13327
202209,6호선,응암,18125,18010,36135
202209,6호선,이태원,9977,10554,20531
202209,6호선,증산,10387,10451,20838
202209,6호선,창신,3772,3223,6995
202209,6호선,청구,3679,3879,7558
202209,6호선,태릉입구,5914,6780,12694
202209,6호선,한강진,7871,9013,16884
202209,6호선,합정,12892,13093,25985
202209,6호선,화랑대,13494,10723,24217
202209,6호선,효창공원앞,7904,7480,15384
202209,6호선,고려대,10658,10601,21259
202209,6호선,공덕,20086,19461,39547
202209,6호선,광흥창,10055,9724,19779
202209,6호선,구산,8463,6342,14805
202209,6호선,녹사평,5196,5116,10312
202209,6호선,대흥,10207,10647,20854
202209,6호선,독바위,2966,3023,5989
202209,6호선,돌곶이,10376,9596,19972
202209,6호선,동묘앞,8396,8712,17108
202209,6호선,디지털미디어시티,16113,17752,33865
202209,6호선,마포구청,15431,13920,29351
202209,6호선,망원,14057,14945,29002
202209,6호선,버티고개,2421,2319,4740
202209,6호선,보문,8305,7769,16074
202209,6호선,봉화산,9884,9242,19126
202209,6호선,불광,4566,4597,9163
202209,6호선,삼각지,7843,6767,14610
202209,6호선,상수,10110,11925,22035
202209,6호선,상월곡,7448,7120,14568
202209,6호선,새절,13912,12960,26872
202209,6호선,석계,13645,14313,27958
202209,6호선,신당,9391,9941,19332
202209,6호선,안암,16217,16637,32854
202209,6호선,약수,3784,3678,7462
202209,6호선,역촌,4007,4658,8665
202209,6호선,월곡,14614,13955,28569
202209,6호선,월드컵경기장,4747,5098,9845
202209,6호선,응암,18826,18584,37410
202209,6호선,이태원,10424,11447,21871
202209,6호선,증산,10944,10927,21871
202209,6호선,창신,4092,3695,7787
202209,6호선,청구,3997,4166,8163
202209,6호선,태릉입구,6078,7158,13236
202209,6호선,한강진,8798,10168,18966
202209,6호선,합정,13175,13282,26457
202209,6호선,화랑대,14173,10920,25093
202209,6호선,효창공원앞,8102,7899,16001
202209,6호선,고려대,10766,10367,21133
202209,6호선,공덕,20343,19992,40335
202209,6호선,광흥창,10078,9724,19802
202209,6호선,구산,8465,6342,14807
202209,6호선,녹사평,5337,5287,10624
202209,6호선,대흥,10558,10965,21523
202209,6호선,독바위,3065,3146,6211
202209,6호선,돌곶이,10368,9501,19869
202209,6호선,동묘앞,8385,8748,17133
202209,6호선,디지털미디어시티,16076,17919,33995
202209,6호선,마포구청,15916,14195,30111
202209,6호선,망원,14566,15619,30185
202209,6호선,버티고개,2418,2367,4785
202209,6호선,보문,8614,7901,16515
202209,6호선,봉화산,9861,9295,19156
202209,6호선,불광,4548,4516,9064
202209,6호선,삼각지,7956,6839,14795
202209,6호선,상수,10438,12018,22456
202209,6호선,상월곡,7766,7446,15212
202209,6호선,새절,14083,13066,27149
202209,6호선,석계,13802,14461,28263
202209,6호선,신당,9196,9733,18929
202209,6호선,안암,16588,16690,33278
202209,6호선,약수,3842,3835,7677
202209,6호선,역촌,4108,4718,8826
202209,6호선,월곡,14464,13838,28302
202209,6호선,월드컵경기장,4817,5056,9873
202209,6호선,응암,19068,18617,37685
202209,6호선,이태원,11063,12717,23780
202209,6호선,증산,10761,10760,21521
202209,6호선,창신,4212,3677,7889
202209,6호선,청구,4069,4262,8331
202209,6호선,태릉입구,6254,7169,13423
202209,6호선,한강진,8933,10418,19351
202209,6호선,합정,13803,13828,27631
202209,6호선,화랑대,14183,10812,24995
202209,6호선,효창공원앞,8379,7880,16259
202209,6호선,고려대,10109,10032,20141
202209,6호선,공덕,20974,20834,41808
202209,6호선,광흥창,10119,9860,19979
202209,6호선,구산,8825,6527,15352
202209,6호선,녹사평,5881,6569,12450
202209,6호선,대흥,10537,10817,21354
202209,6호선,독바위,2985,3103,6088
202209,6호선,돌곶이,13775,12831,26606
202209,6호선,동묘앞,8618,8671,17289
202209,6호선,디지털미디어시티,15816,17392,33208
202209,6호선,마포구청,16092,14473,30565
202209,6호선,망원,15357,16678,32035
202209,6호선,버티고개,2405,2390,4795
202209,6호선,보문,8735,7868,16603
202209,6호선,봉화산,9946,9409,19355
202209,6호선,불광,4616,4490,9106
202209,6호선,삼각지,10348,7410,17758
202209,6호선,상수,11716,14158,25874
202209,6호선,상월곡,7178,6565,13743
202209,6호선,새절,14057,13036,27093
202209,6호선,석계,13799,14622,28421
202209,6호선,신당,9546,9090,18636
202209,6호선,안암,15334,14948,30282
202209,6호선,약수,4084,4108,8192
202209,6호선,역촌,4154,4962,9116
202209,6호선,연신내,1,0,1
202209,6호선,월곡,14074,13497,27571
202209,6호선,월드컵경기장,4877,5195,10072
202209,6호선,응암,19075,18524,37599
202209,6호선,이태원,14008,19097,33105
202209,6호선,증산,10707,10605,21312
202209,6호선,창신,3896,3165,7061
202209,6호선,청구,4182,4186,8368
202209,6호선,태릉입구,6534,7055,13589
202209,6호선,한강진,9807,11654,21461
202209,6호선,합정,15392,15831,31223
202209,6호선,화랑대,13857,10456,24313
202209,6호선,효창공원앞,8250,7820,16070
202209,6호선,고려대,10153,10057,20210
202209,6호선,공덕,20012,19473,39485
202209,6호선,광흥창,9793,9589,19382
202209,6호선,구산,8423,6237,14660
202209,6호선,녹사평,5017,4874,9891
202209,6호선,대흥,10045,10643,20688
202209,6호선,독바위,2958,3077,6035
202209,6호선,돌곶이,10205,9457,19662
202209,6호선,동묘앞,8263,8646,16909
202209,6호선,디지털미디어시티,15869,17621,33490
202209,6호선,마포구청,15473,13717,29190
202209,6호선,망원,14033,14891,28924
202209,6호선,버티고개,2438,2401,4839
202209,6호선,보문,8298,7463,15761
202209,6호선,봉화산,9741,9167,18908
202209,6호선,불광,4369,4396,8765
202209,6호선,삼각지,7132,6063,13195
202209,6호선,상수,9474,10736,20210
202209,6호선,상월곡,7360,6932,14292
202209,6호선,새절,13876,12726,26602
202209,6호선,석계,13409,14378,27787
202209,6호선,신당,8511,9146,17657
202209,6호선,안암,16352,16905,33257
202209,6호선,약수,3837,3747,7584
202209,6호선,역촌,4068,4776,8844
202209,6호선,연신내,1,0,1
202209,6호선,월곡,14215,13909,28124
202209,6호선,월드컵경기장,4416,4748,9164
202209,6호선,응암,18406,18262,36668
202209,6호선,이태원,10394,10873,21267
202209,6호선,증산,10689,10733,21422
202209,6호선,창신,4093,3503,7596
202209,6호선,청구,3951,4133,8084
202209,6호선,태릉입구,6012,6826,12838
202209,6호선,한강진,7442,8622,16064
202209,6호선,합정,13163,14053,27216
202209,6호선,화랑대,14061,10972,25033
202209,6호선,효창공원앞,8365,7949,16314
202209,6호선,고려대,10646,10357,21003
202209,6호선,공덕,20639,19991,40630
202209,6호선,광흥창,10125,9692,19817
202209,6호선,구산,8765,6565,15330
202209,6호선,녹사평,5325,5395,10720
202209,6호선,대흥,10513,10896,21409
202209,6호선,독바위,3006,3115,6121
202209,6호선,돌곶이,10493,9729,20222
202209,6호선,동묘앞,8651,9073,17724
202209,6호선,디지털미디어시티,16392,18137,34529
202209,6호선,마포구청,15854,14012,29866
202209,6호선,망원,14803,15768,30571
202209,6호선,버티고개,2461,2371,4832
202209,6호선,보문,8564,7877,16441
202209,6호선,봉화산,10010,9313,19323
202209,6호선,불광,4519,4689,9208
202209,6호선,삼각지,7879,6831,14710
202209,6호선,상수,10164,11626,21790
202209,6호선,상월곡,7573,7150,14723
202209,6호선,새절,14315,13142,27457
202209,6호선,석계,13813,14764,28577
202209,6호선,신당,9450,9688,19138
202209,6호선,안암,16224,16703,32927
202209,6호선,약수,3960,3904,7864
202209,6호선,역촌,4058,4781,8839
202209,6호선,월곡,14913,14311,29224
202209,6호선,월드컵경기장,4995,5295,10290
202209,6호선,응암,19089,18790,37879
202209,6호선,이태원,10786,11443,22229
202209,6호선,증산,11045,10978,22023
202209,6호선,창신,4013,3738,7751
202209,6호선,청구,4155,4245,8400
202209,6호선,태릉입구,6249,7243,13492
202209,6호선,한강진,9080,10564,19644
202209,6호선,합정,13786,13959,27745
202209,6호선,화랑대,14768,11358,26126
202209,6호선,효창공원앞,8618,8307,16925
202209,6호선,고려대,10581,10547,21128
202209,6호선,공덕,20645,20152,40797
202209,6호선,광흥창,10343,9836,20179
202209,6호선,구산,8675,6448,15123
202209,6호선,녹사평,5401,5330,10731
202209,6호선,대흥,10529,11077,21606
202209,6호선,독바위,3052,3215,6267
202209,6호선,돌곶이,10690,9952,20642
202209,6호선,동묘앞,8702,8991,17693
202209,6호선,디지털미디어시티,16411,18203,34614
202209,6호선,마포구청,15723,14158,29881
202209,6호선,망원,14906,15806,30712
202209,6호선,버티고개,2495,2438,4933
202209,6호선,보문,8603,7907,16510
202209,6호선,봉화산,9828,9205,19033
202209,6호선,불광,4960,4904,9864
202209,6호선,삼각지,8315,7030,15345
202209,6호선,상수,10303,11828,22131
202209,6호선,상월곡,7602,7177,14779
202209,6호선,새절,14595,13381,27976
202209,6호선,석계,13942,14806,28748
202209,6호선,신당,9875,10231,20106
202209,6호선,안암,16401,16828,33229
202209,6호선,약수,3919,3802,7721
202209,6호선,역촌,4137,4730,8867
202209,6호선,월곡,14932,14399,29331
202209,6호선,월드컵경기장,5165,5416,10581
202209,6호선,응암,19161,19097,38258
202209,6호선,이태원,11316,12048,23364
202209,6호선,증산,10915,10983,21898
202209,6호선,창신,4089,3456,7545
202209,6호선,청구,4161,4294,8455
202209,6호선,태릉입구,6330,7315,13645
202209,6호선,한강진,10177,11676,21853
202209,6호선,합정,14121,13946,28067
202209,6호선,화랑대,14845,11428,26273
202209,6호선,효창공원앞,8539,8094,16633
202209,6호선,고려대,10728,10440,21168
202209,6호선,공덕,20485,20213,40698
202209,6호선,광흥창,10598,10029,20627
202209,6호선,구산,8609,6427,15036
202209,6호선,녹사평,5415,5351,10766
202209,6호선,대흥,11097,11707,22804
202209,6호선,독바위,3012,3100,6112
202209,6호선,돌곶이,10500,9612,20112
202209,6호선,동묘앞,8668,9070,17738
202209,6호선,디지털미디어시티,16263,17929,34192
202209,6호선,마포구청,16084,14360,30444
202209,6호선,망원,15020,16035,31055
202209,6호선,버티고개,2375,2356,4731
202209,6호선,보문,8728,7894,16622
202209,6호선,봉화산,10051,9326,19377
202209,6호선,불광,4719,4761,9480
202209,6호선,삼각지,8115,6840,14955
202209,6호선,상수,10898,12644,23542
202209,6호선,상월곡,7839,7445,15284
202209,6호선,새절,14232,13016,27248
202209,6호선,석계,13903,14632,28535
202209,6호선,신내,2,0,2
202209,6호선,신당,9199,9679,18878
202209,6호선,안암,16606,16720,33326
202209,6호선,약수,3885,3881,7766
202209,6호선,역촌,4170,4853,9023
202209,6호선,연신내,1,0,1
202209,6호선,월곡,14310,13696,28006
202209,6호선,월드컵경기장,6448,6892,13340
202209,6호선,응암,19279,18732,38011
202209,6호선,이태원,11229,12637,23866
202209,6호선,증산,10911,10976,21887
202209,6호선,창신,4197,3465,7662
202209,6호선,청구,3989,4197,8186
202209,6호선,태릉입구,6318,7228,13546
202209,6호선,한강진,9539,11062,20601
202209,6호선,합정,14060,13982,28042
202209,6호선,화랑대,14604,11098,25702
202209,6호선,효창공원앞,8456,8033,16489
202209,6호선,고려대,10286,9906,20192
202209,6호선,공덕,21127,20531,41658
202209,6호선,광흥창,10265,9882,20147
202209,6호선,구산,8856,6470,15326
202209,6호선,녹사평,6347,7005,13352
202209,6호선,대흥,10711,11144,21855
202209,6호선,독바위,3026,3175,6201
202209,6호선,돌곶이,10557,9703,20260
202209,6호선,동묘앞,8689,8686,17375
202209,6호선,디지털미디어시티,15954,17592,33546
202209,6호선,마포구청,16348,14574,30922
202209,6호선,망원,16054,17312,33366
202209,6호선,버티고개,2440,2355,4795
202209,6호선,보문,9093,7896,16989
202209,6호선,봉화산,9975,9212,19187
202209,6호선,불광,4794,4702,9496
202209,6호선,삼각지,8545,7127,15672
202209,6호선,상수,11369,13960,25329
202209,6호선,상월곡,7144,6442,13586
202209,6호선,새절,14355,13171,27526
202209,6호선,석계,13812,14385,28197
202209,6호선,신내,1,0,1
202209,6호선,신당,9619,9025,18644
202209,6호선,안암,15146,14311,29457
202209,6호선,약수,4047,4061,8108
202209,6호선,역촌,4071,4724,8795
202209,6호선,월곡,14141,13486,27627
202209,6호선,월드컵경기장,5218,5512,10730
202209,6호선,응암,19509,19046,38555
202209,6호선,이태원,14471,19646,34117
202209,6호선,증산,10992,10814,21806
202209,6호선,창신,3843,3148,6991
202209,6호선,청구,4125,4336,8461
202209,6호선,태릉입구,6295,7039,13334
202209,6호선,한강진,10917,12898,23815
202209,6호선,합정,15647,15750,31397
202209,6호선,화랑대,13791,10382,24173
202209,6호선,효창공원앞,8302,7672,15974
202209,6호선,고려대,10286,10026,20312
202209,6호선,공덕,19765,19191,38956
202209,6호선,광흥창,9929,9603,19532
202209,6호선,구산,8249,6219,14468
202209,6호선,녹사평,5312,5072,10384
202209,6호선,대흥,10321,10776,21097
202209,6호선,독바위,2982,3147,6129
202209,6호선,돌곶이,10471,9726,20197
202209,6호선,동묘앞,8494,8889,17383
202209,6호선,디지털미디어시티,16015,17570,33585
202209,6호선,마포구청,15432,13931,29363
202209,6호선,망원,14212,15012,29224
202209,6호선,버티고개,2382,2295,4677
202209,6호선,보문,8388,7739,16127
202209,6호선,봉화산,9779,9239,19018
202209,6호선,불광,4473,4496,8969
202209,6호선,삼각지,8643,7545,16188
202209,6호선,상수,9412,10688,20100
202209,6호선,상월곡,7274,6911,14185
202209,6호선,새절,13773,12753,26526
202209,6호선,석계,13520,14397,27917
202209,6호선,신내,1,0,1
202209,6호선,신당,8575,9083,17658
202209,6호선,안암,16047,16957,33004
202209,6호선,약수,3736,3678,7414
202209,6호선,역촌,3992,4626,8618
202209,6호선,월곡,14337,13913,28250
202209,6호선,월드컵경기장,4946,5314,10260
202209,6호선,응암,18926,18508,37434
202209,6호선,이태원,10630,10976,21606
202209,6호선,증산,10711,10740,21451
202209,6호선,창신,4037,3516,7553
202209,6호선,청구,3966,4181,8147
202209,6호선,태릉입구,6165,6912,13077
202209,6호선,한강진,7480,8756,16236
202209,6호선,합정,12947,12995,25942
202209,6호선,화랑대,14229,10995,25224
202209,6호선,효창공원앞,8223,7902,16125
202209,6호선,고려대,10580,10463,21043
202209,6호선,공덕,21195,20574,41769
202209,6호선,광흥창,10505,10055,20560
202209,6호선,구산,8761,6421,15182
202209,6호선,녹사평,5585,5484,11069
202209,6호선,대흥,10938,11420,22358
202209,6호선,독바위,3084,3237,6321
202209,6호선,돌곶이,10879,9999,20878
202209,6호선,동묘앞,8561,8941,17502
202209,6호선,디지털미디어시티,20281,18323,38604
202209,6호선,마포구청,17907,15254,33161
202209,6호선,망원,15384,16032,31416
202209,6호선,버티고개,2490,2363,4853
202209,6호선,보문,8699,7946,16645
202209,6호선,봉화산,10124,9507,19631
202209,6호선,불광,4730,4616,9346
202209,6호선,삼각지,8497,7263,15760
202209,6호선,상수,10495,11847,22342
202209,6호선,상월곡,7517,7142,14659
202209,6호선,새절,14312,13013,27325
202209,6호선,석계,14235,14833,29068
202209,6호선,신내,2,0,2
202209,6호선,신당,9290,9941,19231
202209,6호선,안암,16329,16730,33059
202209,6호선,약수,4044,4017,8061
202209,6호선,역촌,4168,4979,9147
202209,6호선,연신내,1,0,1
202209,6호선,월곡,14783,14141,28924
202209,6호선,월드컵경기장,24513,36410,60923
202209,6호선,응암,19248,18917,38165
202209,6호선,이태원,10981,11631,22612
202209,6호선,증산,11115,10927,22042
202209,6호선,창신,4225,3534,7759
202209,6호선,청구,4131,4209,8340
202209,6호선,태릉입구,6288,7318,13606
202209,6호선,한강진,9200,10415,19615
202209,6호선,합정,15110,16219,31329
202209,6호선,화랑대,14871,11302,26173
202209,6호선,효창공원앞,8603,8194,16797
202209,6호선,고려대,10614,10560,21174
202209,6호선,공덕,20934,21335,42269
202209,6호선,광흥창,10117,9843,19960
202209,6호선,구산,8740,6389,15129
202209,6호선,녹사평,5358,5349,10707
202209,6호선,대흥,10653,10920,21573
202209,6호선,독바위,3191,3188,6379
202209,6호선,돌곶이,10687,9897,20584
202209,6호선,동묘앞,8493,8826,17319
202209,6호선,디지털미디어시티,16564,18145,34709
202209,6호선,마포구청,15828,13930,29758
202209,6호선,망원,15019,15690,30709
202209,6호선,버티고개,2374,2250,4624
202209,6호선,보문,8596,7693,16289
202209,6호선,봉화산,9988,9397,19385
202209,6호선,불광,4675,4769,9444
202209,6호선,삼각지,8163,7167,15330
202209,6호선,상수,10015,11570,21585
202209,6호선,상월곡,7538,7227,14765
202209,6호선,새절,14244,13164,27408
202209,6호선,석계,13932,14557,28489
202209,6호선,신당,9418,9919,19337
202209,6호선,안암,16010,16360,32370
202209,6호선,약수,3876,3896,7772
202209,6호선,역촌,4230,4794,9024
202209,6호선,월곡,14695,14155,28850
202209,6호선,월드컵경기장,5452,5875,11327
202209,6호선,응암,19286,18862,38148
202209,6호선,이태원,11179,11852,23031
202209,6호선,증산,10986,11054,22040
202209,6호선,창신,4170,3610,7780
202209,6호선,청구,4130,4252,8382
202209,6호선,태릉입구,6237,7232,13469
202209,6호선,한강진,9825,11404,21229
202209,6호선,합정,14142,13966,28108
202209,6호선,화랑대,14558,10998,25556
202209,6호선,효창공원앞,8421,7822,16243
202209,6호선,고려대,10994,10792,21786
202209,6호선,공덕,20738,20181,40919
202209,6호선,광흥창,10162,9739,19901
202209,6호선,구산,8667,6325,14992
202209,6호선,녹사평,5427,5445,10872
202209,6호선,대흥,10685,11227,21912
202209,6호선,독바위,3073,3226,6299
202209,6호선,돌곶이,10653,9662,20315
202209,6호선,동묘앞,8555,8907,17462
202209,6호선,디지털미디어시티,16413,18047,34460
202209,6호선,마포구청,15760,14009,29769
202209,6호선,망원,15043,15923,30966
202209,6호선,버티고개,2411,2338,4749
202209,6호선,보문,8747,7854,16601
202209,6호선,봉화산,9956,9325,19281
202209,6호선,불광,4793,4720,9513
202209,6호선,삼각지,8594,7246,15840
202209,6호선,상수,10354,11924,22278
202209,6호선,상월곡,7972,7484,15456
202209,6호선,새절,14101,13086,27187
202209,6호선,석계,13798,14368,28166
202209,6호선,신내,2,0,2
202209,6호선,신당,9374,9798,19172
202209,6호선,안암,16471,16664,33135
202209,6호선,약수,3925,3909,7834
202209,6호선,역촌,4057,4841,8898
202209,6호선,연신내,1,0,1
202209,6호선,월곡,14139,13456,27595
202209,6호선,월드컵경기장,5382,5740,11122
202209,6호선,응암,19229,18862,38091
202209,6호선,이태원,11499,12603,24102
202209,6호선,증산,11207,11108,22315
202209,6호선,창신,4252,3743,7995
202209,6호선,청구,4061,4270,8331
202209,6호선,태릉입구,6303,7188,13491
202209,6호선,한강진,9367,10892,20259
202209,6호선,합정,13846,13965,27811
202209,6호선,화랑대,14605,11002,25607
202209,6호선,효창공원앞,8448,7823,16271
202209,6호선,고려대,10821,10214,21035
202209,6호선,공덕,20711,20190,40901
202209,6호선,광흥창,10086,9583,19669
202209,6호선,구산,8729,6310,15039
202209,6호선,녹사평,6186,6570,12756
202209,6호선,대흥,10721,10678,21399
202209,6호선,독바위,3055,3006,6061
202209,6호선,돌곶이,10961,9847,20808
202209,6호선,동묘앞,8927,8753,17680
202209,6호선,디지털미디어시티,16129,17257,33386
202209,6호선,마포구청,16149,14112,30261
202209,6호선,망원,15964,17141,33105
202209,6호선,버티고개,2379,2288,4667
202209,6호선,보문,8971,8083,17054
202209,6호선,봉화산,10031,9305,19336
202209,6호선,불광,4771,4628,9399
202209,6호선,삼각지,8770,7399,16169
202209,6호선,상수,11303,13799,25102
202209,6호선,상월곡,7139,6423,13562
202209,6호선,새절,14218,13162,27380
202209,6호선,석계,14197,14579,28776
202209,6호선,신내,1,0,1
202209,6호선,신당,9446,8953,18399
202209,6호선,안암,14544,13862,28406
202209,6호선,약수,4014,4060,8074
202209,6호선,역촌,4099,4759,8858
202209,6호선,연신내,1,0,1
202209,6호선,월곡,13939,13223,27162
202209,6호선,월드컵경기장,6623,6911,13534
202209,6호선,응암,19381,18629,38010
202209,6호선,이태원,13517,19495,33012
202209,6호선,증산,11159,10924,22083
202209,6호선,창신,4145,3618,7763
202209,6호선,청구,4045,4240,8285
202209,6호선,태릉입구,6545,7108,13653
202209,6호선,한강진,10031,11899,21930
202209,6호선,합정,15367,15409,30776
202209,6호선,화랑대,14251,10549,24800
202209,6호선,효창공원앞,8544,7919,16463
202210,6호선,고려대,3934,4285,8219
202210,6호선,공덕,6434,6400,12834
202210,6호선,광흥창,3471,3383,6854
202210,6호선,구산,3658,2924,6582
202210,6호선,녹사평,2942,2776,5718
202210,6호선,대흥,3737,4094,7831
202210,6호선,독바위,1337,1429,2766
202210,6호선,돌곶이,4575,4361,8936
202210,6호선,동묘앞,4566,4495,9061
202210,6호선,디지털미디어시티,5021,5563,10584
202210,6호선,마포구청,6470,6124,12594
202210,6호선,망원,7507,8086,15593
202210,6호선,버티고개,1012,1031,2043
202210,6호선,보문,3654,3620,7274
202210,6호선,봉화산,3783,3785,7568
202210,6호선,불광,2666,2302,4968
202210,6호선,삼각지,4340,2951,7291
202210,6호선,상수,6478,7065,13543
202210,6호선,상월곡,3072,2943,6015
202210,6호선,새절,5795,5763,11558
202210,6호선,석계,6152,6535,12687
202210,6호선,신당,5618,5761,11379
202210,6호선,안암,5990,6784,12774
202210,6호선,약수,1583,1604,3187
202210,6호선,역촌,1927,2196,4123
202210,6호선,월곡,5214,5279,10493
202210,6호선,월드컵경기장,2935,2999,5934
202210,6호선,응암,8332,8700,17032
202210,6호선,이태원,9833,7807,17640
202210,6호선,증산,5054,5229,10283
202210,6호선,창신,1606,1472,3078
202210,6호선,청구,1929,2003,3932
202210,6호선,태릉입구,2909,3220,6129
202210,6호선,한강진,6504,7107,13611
202210,6호선,합정,8027,7183,15210
202210,6호선,화랑대,4689,4270,8959
202210,6호선,효창공원앞,3297,3122,6419
202210,6호선,고려대,10680,10338,21018
202210,6호선,공덕,20208,19913,40121
202210,6호선,광흥창,10066,9794,19860
202210,6호선,구산,8539,6380,14919
202210,6호선,녹사평,4987,4975,9962
202210,6호선,대흥,10601,11005,21606
202210,6호선,독바위,3024,3073,6097
202210,6호선,돌곶이,10546,9756,20302
202210,6호선,동묘앞,8310,8593,16903
202210,6호선,디지털미디어시티,16236,17748,33984
202210,6호선,마포구청,15553,13983,29536
202210,6호선,망원,14286,15038,29324
202210,6호선,버티고개,2359,2331,4690
202210,6호선,보문,8515,7868,16383
202210,6호선,봉화산,9881,9220,19101
202210,6호선,불광,4540,4501,9041
202210,6호선,삼각지,7570,6640,14210
202210,6호선,상수,10057,11417,21474
202210,6호선,상월곡,7341,6892,14233
202210,6호선,새절,13926,12864,26790
202210,6호선,석계,13555,14438,27993
202210,6호선,신당,8375,8859,17234
202210,6호선,안암,16850,16848,33698
202210,6호선,약수,3897,3808,7705
202210,6호선,역촌,4088,4663,8751
202210,6호선,월곡,14498,13800,28298
202210,6호선,월드컵경기장,4816,5077,9893
202210,6호선,응암,18771,18546,37317
202210,6호선,이태원,10506,10701,21207
202210,6호선,증산,10930,10924,21854
202210,6호선,창신,4102,3452,7554
202210,6호선,청구,3989,4258,8247
202210,6호선,태릉입구,6118,6990,13108
202210,6호선,한강진,7740,9010,16750
202210,6호선,합정,13315,13185,26500
202210,6호선,화랑대,14273,11057,25330
202210,6호선,효창공원앞,8062,7714,15776
202210,6호선,고려대,10532,10361,20893
202210,6호선,공덕,20961,20401,41362
202210,6호선,광흥창,10457,10003,20460
202210,6호선,구산,8557,6460,15017
202210,6호선,녹사평,5608,5654,11262
202210,6호선,대흥,10650,11021,21671
202210,6호선,독바위,3065,3130,6195
202210,6호선,돌곶이,10846,9933,20779
202210,6호선,동묘앞,8405,8621,17026
202210,6호선,디지털미디어시티,16310,18034,34344
202210,6호선,마포구청,16030,14066,30096
202210,6호선,망원,15074,15913,30987
202210,6호선,버티고개,2493,2365,4858
202210,6호선,보문,8755,8039,16794
202210,6호선,봉화산,10134,9405,19539
202210,6호선,불광,4787,4675,9462
202210,6호선,삼각지,7979,7006,14985
202210,6호선,상수,10195,11609,21804
202210,6호선,상월곡,7309,7062,14371
202210,6호선,새절,14275,13101,27376
202210,6호선,석계,14152,15015,29167
202210,6호선,신당,9644,10279,19923
202210,6호선,안암,15858,16215,32073
202210,6호선,약수,3997,3923,7920
202210,6호선,역촌,4191,4843,9034
202210,6호선,연신내,2,0,2
202210,6호선,월곡,15239,14526,29765
202210,6호선,월드컵경기장,5312,5720,11032
202210,6호선,응암,19396,19036,38432
202210,6호선,이태원,11304,12035,23339
202210,6호선,증산,11122,11201,22323
202210,6호선,창신,4117,3354,7471
202210,6호선,청구,4145,4307,8452
202210,6호선,태릉입구,6227,7296,13523
202210,6호선,한강진,10076,11317,21393
202210,6호선,합정,14164,13958,28122
202210,6호선,화랑대,14408,11034,25442
202210,6호선,효창공원앞,8461,8004,16465
202210,6호선,고려대,10762,10574,21336
202210,6호선,공덕,21107,20846,41953
202210,6호선,광흥창,10557,10044,20601
202210,6호선,구산,8746,6472,15218
202210,6호선,녹사평,5466,5311,10777
202210,6호선,대흥,10668,11163,21831
202210,6호선,독바위,3058,3201,6259
202210,6호선,돌곶이,10951,10015,20966
202210,6호선,동묘앞,8546,8970,17516
202210,6호선,디지털미디어시티,16445,18032,34477
202210,6호선,마포구청,16311,14408,30719
202210,6호선,망원,14984,15896,30880
202210,6호선,버티고개,2571,2387,4958
202210,6호선,보문,8679,7978,16657
202210,6호선,봉화산,10050,9505,19555
202210,6호선,불광,4565,4528,9093
202210,6호선,삼각지,8229,7023,15252
202210,6호선,상수,10263,11846,22109
202210,6호선,상월곡,7929,7518,15447
202210,6호선,새절,14395,13236,27631
202210,6호선,석계,14031,14806,28837
202210,6호선,신당,9351,9917,19268
202210,6호선,안암,16429,16467,32896
202210,6호선,약수,3982,3906,7888
202210,6호선,역촌,4183,4840,9023
202210,6호선,연신내,2,0,2
202210,6호선,월곡,14654,14042,28696
202210,6호선,월드컵경기장,6113,6577,12690
202210,6호선,응암,19753,19477,39230
202210,6호선,이태원,11761,13085,24846
202210,6호선,증산,11153,11130,22283
202210,6호선,창신,4236,3601,7837
202210,6호선,청구,4264,4368,8632
202210,6호선,태릉입구,6475,7268,13743
202210,6호선,한강진,10301,11994,22295
202210,6호선,합정,14130,14208,28338
202210,6호선,화랑대,14517,10842,25359
202210,6호선,효창공원앞,8260,8010,16270
202210,6호선,고려대,10819,10260,21079
202210,6호선,공덕,20952,20812,41764
202210,6호선,광흥창,10310,9955,20265
202210,6호선,구산,9055,6441,15496
202210,6호선,녹사평,6137,6513,12650
202210,6호선,대흥,10629,10717,21346
202210,6호선,독바위,3068,3113,6181
202210,6호선,돌곶이,11061,10022,21083
202210,6호선,동묘앞,8998,8986,17984
202210,6호선,디지털미디어시티,16630,17768,34398
202210,6호선,마포구청,16186,14327,30513
202210,6호선,망원,16196,17394,33590
202210,6호선,버티고개,2507,2426,4933
202210,6호선,보문,8947,8032,16979
202210,6호선,봉화산,10069,9341,19410
202210,6호선,불광,4868,4646,9514
202210,6호선,삼각지,8264,6946,15210
202210,6호선,상수,11139,13352,24491
202210,6호선,상월곡,7156,6402,13558
202210,6호선,새절,14616,13361,27977
202210,6호선,석계,14072,14565,28637
202210,6호선,신당,9582,9131,18713
202210,6호선,안암,14588,13929,28517
202210,6호선,약수,4139,4034,8173
202210,6호선,역촌,4235,4819,9054
202210,6호선,연신내,1,0,1
202210,6호선,월곡,14469,13782,28251
202210,6호선,월드컵경기장,6126,6342,12468
202210,6호선,응암,19749,19171,38920
202210,6호선,이태원,14648,20091,34739
202210,6호선,증산,11250,10876,22126
202210,6호선,창신,4124,3511,7635
202210,6호선,청구,4357,4268,8625
202210,6호선,태릉입구,6481,7177,13658
202210,6호선,한강진,10866,12936,23802
202210,6호선,합정,15450,15398,30848
202210,6호선,화랑대,14187,10622,24809
202210,6호선,효창공원앞,8539,8055,16594
202210,6호선,고려대,4450,4628,9078
202210,6호선,공덕,7714,7490,15204
202210,6호선,광흥창,4158,3902,8060
202210,6호선,구산,4203,3446,7649
202210,6호선,녹사평,3478,3601,7079
202210,6호선,대흥,4394,4632,9026
202210,6호선,독바위,1595,1871,3466
202210,6호선,돌곶이,5292,4956,10248
202210,6호선,동묘앞,7089,6617,13706
202210,6호선,디지털미디어시티,6189,6614,12803
202210,6호선,마포구청,7552,6969,14521
202210,6호선,망원,9906,10439,20345
202210,6호선,버티고개,1168,1274,2442
202210,6호선,보문,4164,4069,8233
202210,6호선,봉화산,4283,4264,8547
202210,6호선,불광,3298,2872,6170
202210,6호선,삼각지,4251,3410,7661
202210,6호선,상수,6806,7446,14252
202210,6호선,상월곡,3471,3315,6786
202210,6호선,새절,7034,6884,13918
202210,6호선,석계,7239,7647,14886
202210,6호선,신내,1,0,1
202210,6호선,신당,6110,6021,12131
202210,6호선,안암,5726,6421,12147
202210,6호선,약수,2051,2074,4125
202210,6호선,역촌,2267,2565,4832
202210,6호선,월곡,6528,6492,13020
202210,6호선,월드컵경기장,5587,5798,11385
202210,6호선,응암,10243,10359,20602
202210,6호선,이태원,11230,9706,20936
202210,6호선,증산,6031,6133,12164
202210,6호선,창신,1831,1720,3551
202210,6호선,청구,2162,2219,4381
202210,6호선,태릉입구,3441,3656,7097
202210,6호선,한강진,7113,7835,14948
202210,6호선,합정,9682,8681,18363
202210,6호선,화랑대,5482,4929,10411
202210,6호선,효창공원앞,3940,3681,7621
202210,6호선,고려대,10561,10424,20985
202210,6호선,공덕,20861,20252,41113
202210,6호선,광흥창,10042,9611,19653
202210,6호선,구산,8654,6580,15234
202210,6호선,녹사평,5118,5010,10128
202210,6호선,대흥,10294,10771,21065
202210,6호선,독바위,3007,3078,6085
202210,6호선,돌곶이,10670,9967,20637
202210,6호선,동묘앞,8595,9097,17692
202210,6호선,디지털미디어시티,16221,17759,33980
202210,6호선,마포구청,15725,13990,29715
202210,6호선,망원,14479,15262,29741
202210,6호선,버티고개,2482,2374,4856
202210,6호선,보문,8487,7877,16364
202210,6호선,봉화산,9962,9313,19275
202210,6호선,불광,4636,4621,9257
202210,6호선,삼각지,8004,6848,14852
202210,6호선,상수,9974,11297,21271
202210,6호선,상월곡,7313,6947,14260
202210,6호선,새절,14366,13278,27644
202210,6호선,석계,13698,14691,28389
202210,6호선,신당,8627,9207,17834
202210,6호선,안암,15846,16548,32394
202210,6호선,약수,3899,3871,7770
202210,6호선,역촌,4082,4930,9012
202210,6호선,월곡,14474,13907,28381
202210,6호선,월드컵경기장,5714,6133,11847
202210,6호선,응암,19145,18971,38116
202210,6호선,이태원,11117,11573,22690
202210,6호선,증산,10947,10834,21781
202210,6호선,창신,4162,3510,7672
202210,6호선,청구,3921,4182,8103
202210,6호선,태릉입구,6128,7110,13238
202210,6호선,한강진,8095,9412,17507
202210,6호선,합정,13512,13236,26748
202210,6호선,화랑대,14401,11143,25544
202210,6호선,효창공원앞,8315,7831,16146
202210,6호선,고려대,10794,10516,21310
202210,6호선,공덕,21060,20760,41820
202210,6호선,광흥창,10336,10082,20418
202210,6호선,구산,8643,6392,15035
202210,6호선,녹사평,5392,5435,10827
202210,6호선,대흥,10301,10832,21133
202210,6호선,독바위,2980,3198,6178
202210,6호선,돌곶이,10737,10019,20756
202210,6호선,동묘앞,8610,8974,17584
202210,6호선,디지털미디어시티,16567,18186,34753
202210,6호선,마포구청,15983,14219,30202
202210,6호선,망원,14953,16020,30973
202210,6호선,버티고개,2477,2434,4911
202210,6호선,보문,8809,8094,16903
202210,6호선,봉화산,10003,9506,19509
202210,6호선,불광,4936,4888,9824
202210,6호선,삼각지,8352,7115,15467
202210,6호선,상수,10185,11579,21764
202210,6호선,상월곡,7496,7162,14658
202210,6호선,새절,14392,13179,27571
202210,6호선,석계,14044,14700,28744
202210,6호선,신당,9964,10297,20261
202210,6호선,안암,16082,16613,32695
202210,6호선,약수,3998,3901,7899
202210,6호선,역촌,4146,4861,9007
202210,6호선,연신내,1,0,1
202210,6호선,월곡,14737,14074,28811
202210,6호선,월드컵경기장,7791,8396,16187
202210,6호선,응암,19327,18916,38243
202210,6호선,이태원,11449,12059,23508
202210,6호선,증산,10997,10986,21983
202210,6호선,창신,4289,3712,8001
202210,6호선,청구,4124,4215,8339
202210,6호선,태릉입구,6299,7367,13666
202210,6호선,한강진,10462,11832,22294
202210,6호선,합정,14035,13815,27850
202210,6호선,화랑대,14648,11144,25792
202210,6호선,효창공원앞,8478,8106,16584
202210,6호선,고려대,10998,10492,21490
202210,6호선,공덕,21432,20797,42229
202210,6호선,광흥창,10478,10046,20524
202210,6호선,구산,8978,6729,15707
202210,6호선,녹사평,5553,5636,11189
202210,6호선,대흥,10752,11087,21839
202210,6호선,독바위,3123,3232,6355
202210,6호선,돌곶이,10784,10047,20831
202210,6호선,동묘앞,8677,8975,17652
202210,6호선,디지털미디어시티,16572,18234,34806
202210,6호선,마포구청,16723,14723,31446
202210,6호선,망원,15255,16281,31536
202210,6호선,버티고개,2433,2424,4857
202210,6호선,보문,8819,7871,16690
202210,6호선,봉화산,10114,9527,19641
202210,6호선,불광,4763,4726,9489
202210,6호선,삼각지,8324,6996,15320
202210,6호선,상수,10290,11754,22044
202210,6호선,상월곡,7969,7526,15495
202210,6호선,새절,14278,13261,27539
202210,6호선,석계,14165,14868,29033
202210,6호선,신당,9401,9841,19242
202210,6호선,안암,16129,16591,32720
202210,6호선,약수,4000,3911,7911
202210,6호선,역촌,4122,4859,8981
202210,6호선,연신내,1,0,1
202210,6호선,월곡,14275,13927,28202
202210,6호선,월드컵경기장,6688,7118,13806
202210,6호선,응암,19592,19219,38811
202210,6호선,이태원,11924,12946,24870
202210,6호선,증산,11077,11160,22237
202210,6호선,창신,4243,3716,7959
202210,6호선,청구,4163,4418,8581
202210,6호선,태릉입구,6410,7375,13785
202210,6호선,한강진,9424,11069,20493
202210,6호선,합정,14215,13841,28056
202210,6호선,화랑대,14746,11057,25803
202210,6호선,효창공원앞,8306,7860,16166
202210,6호선,고려대,10177,9699,19876
202210,6호선,공덕,21624,21166,42790
202210,6호선,광흥창,10663,10130,20793
202210,6호선,구산,8969,6425,15394
202210,6호선,녹사평,6341,6642,12983
202210,6호선,대흥,10757,10780,21537
202210,6호선,독바위,3089,3080,6169
202210,6호선,돌곶이,10740,9826,20566
202210,6호선,동묘앞,8881,8722,17603
202210,6호선,디지털미디어시티,16179,17766,33945
202210,6호선,마포구청,17281,14997,32278
202210,6호선,망원,16054,17070,33124
202210,6호선,버티고개,2519,2414,4933
202210,6호선,보문,8679,7876,16555
202210,6호선,봉화산,9774,9274,19048
202210,6호선,불광,4949,4784,9733
202210,6호선,삼각지,8516,7153,15669
202210,6호선,상수,11074,13283,24357
202210,6호선,상월곡,7100,6315,13415
202210,6호선,새절,14705,13399,28104
202210,6호선,석계,13945,14559,28504
202210,6호선,신당,9450,9165,18615
202210,6호선,안암,14084,13678,27762
202210,6호선,약수,4001,4022,8023
202210,6호선,역촌,4123,4857,8980
202210,6호선,연신내,1,0,1
202210,6호선,월곡,14067,13400,27467
202210,6호선,월드컵경기장,10086,10649,20735
202210,6호선,응암,19792,19193,38985
202210,6호선,이태원,14414,19448,33862
202210,6호선,증산,11316,11059,22375
202210,6호선,창신,4089,3380,7469
202210,6호선,청구,4313,4231,8544
202210,6호선,태릉입구,6467,7102,13569
202210,6호선,한강진,11315,13483,24798
202210,6호선,합정,15309,15645,30954
202210,6호선,화랑대,14024,10452,24476
202210,6호선,효창공원앞,8689,8061,16750
202210,6호선,고려대,10390,9987,20377
202210,6호선,공덕,20480,21172,41652
202210,6호선,광흥창,9701,9587,19288
202210,6호선,구산,8344,6422,14766
202210,6호선,녹사평,5011,4865,9876
202210,6호선,대흥,10122,10545,20667
202210,6호선,독바위,2928,3070,5998
202210,6호선,돌곶이,10177,9472,19649
202210,6호선,동묘앞,8276,8724,17000
202210,6호선,디지털미디어시티,16080,17542,33622
202210,6호선,마포구청,15694,13878,29572
202210,6호선,망원,14338,15400,29738
202210,6호선,버티고개,2409,2341,4750
202210,6호선,보문,8168,7582,15750
202210,6호선,봉화산,9833,9290,19123
202210,6호선,불광,4530,4628,9158
202210,6호선,삼각지,7118,6185,13303
202210,6호선,상수,9771,10651,20422
202210,6호선,상월곡,7205,6958,14163
202210,6호선,새절,14036,13060,27096
202210,6호선,석계,13268,14397,27665
202210,6호선,신당,8586,8929,17515
202210,6호선,안암,15029,15865,30894
202210,6호선,약수,3838,3840,7678
202210,6호선,역촌,4033,4675,8708
202210,6호선,연신내,1,0,1
202210,6호선,월곡,14023,13532,27555
202210,6호선,월드컵경기장,6714,7222,13936
202210,6호선,응암,18819,18469,37288
202210,6호선,이태원,11108,11610,22718
202210,6호선,증산,10721,10797,21518
202210,6호선,창신,4044,3415,7459
202210,6호선,청구,4067,4100,8167
202210,6호선,태릉입구,6143,6980,13123
202210,6호선,한강진,7746,8833,16579
202210,6호선,합정,13291,13076,26367
202210,6호선,화랑대,13959,10816,24775
202210,6호선,효창공원앞,8064,7816,15880
202210,6호선,고려대,10527,10308,20835
202210,6호선,공덕,20995,20696,41691
202210,6호선,광흥창,9969,9784,19753
202210,6호선,구산,8592,6460,15052
202210,6호선,녹사평,5199,5102,10301
202210,6호선,대흥,10608,11009,21617
202210,6호선,독바위,3011,3101,6112
202210,6호선,돌곶이,10453,9699,20152
202210,6호선,동묘앞,8658,8974,17632
202210,6호선,디지털미디어시티,16412,18121,34533
202210,6호선,마포구청,15871,14162,30033
202210,6호선,망원,14581,15428,30009
202210,6호선,버티고개,2479,2372,4851
202210,6호선,보문,8480,7816,16296
202210,6호선,봉화산,9997,9458,19455
202210,6호선,불광,4565,4582,9147
202210,6호선,삼각지,8076,6981,15057
202210,6호선,상수,10185,11414,21599
202210,6호선,상월곡,7316,7014,14330
202210,6호선,새절,14320,13293,27613
202210,6호선,석계,13798,14608,28406
202210,6호선,신당,9307,9710,19017
202210,6호선,안암,15098,15555,30653
202210,6호선,약수,4014,3870,7884
202210,6호선,역촌,4142,4819,8961
202210,6호선,연신내,1,0,1
202210,6호선,월곡,14590,13921,28511
202210,6호선,월드컵경기장,6941,7452,14393
202210,6호선,응암,19044,18888,37932
202210,6호선,이태원,11215,11749,22964
202210,6호선,증산,10985,10998,21983
202210,6호선,창신,4234,3608,7842
202210,6호선,청구,4049,4227,8276
202210,6호선,태릉입구,6323,7142,13465
202210,6호선,한강진,9478,11069,20547
202210,6호선,합정,13717,13703,27420
202210,6호선,화랑대,14235,11008,25243
202210,6호선,효창공원앞,8619,8155,16774
202210,6호선,고려대,10442,10133,20575
202210,6호선,공덕,21020,20932,41952
202210,6호선,광흥창,10061,9806,19867
202210,6호선,구산,8641,6416,15057
202210,6호선,녹사평,5514,5457,10971
202210,6호선,대흥,10425,10836,21261
202210,6호선,독바위,2994,3116,6110
202210,6호선,돌곶이,10742,9908,20650
202210,6호선,동묘앞,8627,8813,17440
202210,6호선,디지털미디어시티,16249,17949,34198
202210,6호선,마포구청,16010,14262,30272
202210,6호선,망원,15102,15765,30867
202210,6호선,버티고개,2434,2362,4796
202210,6호선,보문,8550,7713,16263
202210,6호선,봉화산,10073,9578,19651
202210,6호선,불광,4791,4691,9482
202210,6호선,삼각지,8100,7024,15124
202210,6호선,상수,10314,11665,21979
202210,6호선,상월곡,7458,7101,14559
202210,6호선,새절,14434,13271,27705
202210,6호선,석계,13926,14736,28662
202210,6호선,신내,3,0,3
202210,6호선,신당,9795,10234,20029
202210,6호선,안암,14837,15285,30122
202210,6호선,약수,3983,3861,7844
202210,6호선,역촌,4129,4878,9007
202210,6호선,연신내,2,0,2
202210,6호선,월곡,14417,13915,28332
202210,6호선,월드컵경기장,7320,7834,15154
202210,6호선,응암,19503,19121,38624
202210,6호선,이태원,11268,11854,23122
202210,6호선,증산,11155,11084,22239
202210,6호선,창신,4163,3647,7810
202210,6호선,청구,4229,4369,8598
202210,6호선,태릉입구,6335,7201,13536
202210,6호선,한강진,9809,11201,21010
202210,6호선,합정,14130,14035,28165
202210,6호선,화랑대,14392,11094,25486
202210,6호선,효창공원앞,8582,8231,16813
202210,6호선,고려대,10426,10121,20547
202210,6호선,공덕,21104,20935,42039
202210,6호선,광흥창,10056,9702,19758
202210,6호선,구산,8616,6402,15018
202210,6호선,녹사평,5480,5507,10987
202210,6호선,대흥,10450,10799,21249
202210,6호선,독바위,2993,3078,6071
202210,6호선,돌곶이,10649,9779,20428
202210,6호선,동묘앞,8607,8957,17564
202210,6호선,디지털미디어시티,16356,18086,34442
202210,6호선,마포구청,16351,14476,30827
202210,6호선,망원,15261,16269,31530
202210,6호선,버티고개,2474,2406,4880
202210,6호선,보문,8645,7898,16543
202210,6호선,봉화산,10046,9592,19638
202210,6호선,불광,4583,4538,9121
202210,6호선,삼각지,8287,6925,15212
202210,6호선,상수,10158,11614,21772
202210,6호선,상월곡,7863,7296,15159
202210,6호선,새절,14317,13218,27535
202210,6호선,석계,13853,14263,28116
202210,6호선,신당,9252,9677,18929
202210,6호선,안암,14832,14821,29653
202210,6호선,약수,3825,3815,7640
202210,6호선,역촌,4048,4892,8940
202210,6호선,연신내,1,0,1
202210,6호선,월곡,14094,13452,27546
202210,6호선,월드컵경기장,7706,8430,16136
202210,6호선,응암,19485,19150,38635
202210,6호선,이태원,12119,12961,25080
202210,6호선,증산,11013,11017,22030
202210,6호선,창신,4140,3553,7693
202210,6호선,청구,4087,4297,8384
202210,6호선,태릉입구,6418,7181,13599
202210,6호선,한강진,9529,11067,20596
202210,6호선,합정,14059,14120,28179
202210,6호선,화랑대,14485,11032,25517
202210,6호선,효창공원앞,8319,7803,16122
202210,6호선,고려대,9697,9284,18981
202210,6호선,공덕,21298,20936,42234
202210,6호선,광흥창,9926,9546,19472
202210,6호선,구산,8702,6437,15139
202210,6호선,녹사평,6091,6424,12515
202210,6호선,대흥,10373,10503,20876
202210,6호선,독바위,3072,3100,6172
202210,6호선,돌곶이,10668,9619,20287
202210,6호선,동묘앞,9006,8969,17975
202210,6호선,디지털미디어시티,16044,17499,33543
202210,6호선,마포구청,16140,14259,30399
202210,6호선,망원,16302,17428,33730
202210,6호선,버티고개,2511,2384,4895
202210,6호선,보문,8689,7766,16455
202210,6호선,봉화산,9950,9395,19345
202210,6호선,불광,4798,4724,9522
202210,6호선,삼각지,8459,6894,15353
202210,6호선,상수,11150,13391,24541
202210,6호선,상월곡,7107,6385,13492
202210,6호선,새절,14426,13420,27846
202210,6호선,석계,13749,14244,27993
202210,6호선,신당,9425,9033,18458
202210,6호선,안암,13202,13209,26411
202210,6호선,약수,4104,4072,8176
202210,6호선,역촌,4131,4687,8818
202210,6호선,연신내,2,0,2
202210,6호선,월곡,13821,13197,27018
202210,6호선,월드컵경기장,9096,9671,18767
202210,6호선,응암,19585,19051,38636
202210,6호선,이태원,14956,20077,35033
202210,6호선,증산,11248,10916,22164
202210,6호선,창신,4087,3296,7383
202210,6호선,청구,4064,4293,8357
202210,6호선,태릉입구,6385,7144,13529
202210,6호선,한강진,11216,13475,24691
202210,6호선,합정,15291,15473,30764
202210,6호선,화랑대,13820,10281,24101
202210,6호선,효창공원앞,8601,7962,16563
202210,6호선,고려대,9825,9666,19491
202210,6호선,공덕,20013,19872,39885
202210,6호선,광흥창,9475,9354,18829
202210,6호선,구산,8451,6364,14815
202210,6호선,녹사평,4918,4922,9840
202210,6호선,대흥,9693,10072,19765
202210,6호선,독바위,2935,3064,5999
202210,6호선,돌곶이,11509,10639,22148
202210,6호선,동묘앞,8405,8650,17055
202210,6호선,디지털미디어시티,15956,17357,33313
202210,6호선,마포구청,15522,13990,29512
202210,6호선,망원,14415,15005,29420
202210,6호선,버티고개,2376,2366,4742
202210,6호선,보문,8347,7642,15989
202210,6호선,봉화산,9801,9220,19021
202210,6호선,불광,4450,4565,9015
202210,6호선,삼각지,7113,6112,13225
202210,6호선,상수,9604,10564,20168
202210,6호선,상월곡,7273,6925,14198
202210,6호선,새절,13857,12893,26750
202210,6호선,석계,13237,14134,27371
202210,6호선,신당,8474,8948,17422
202210,6호선,안암,14181,14833,29014
202210,6호선,약수,3842,3836,7678
202210,6호선,역촌,3995,4577,8572
202210,6호선,연신내,1,0,1
202210,6호선,월곡,13973,13489,27462
202210,6호선,월드컵경기장,6189,6759,12948
202210,6호선,응암,18679,18628,37307
202210,6호선,이태원,11069,11334,22403
202210,6호선,증산,10728,10701,21429
202210,6호선,창신,4031,3437,7468
202210,6호선,청구,3901,4141,8042
202210,6호선,태릉입구,5976,6856,12832
202210,6호선,한강진,7418,8612,16030
202210,6호선,합정,12933,12758,25691
202210,6호선,화랑대,13851,10766,24617
202210,6호선,효창공원앞,8182,7850,16032
202210,6호선,고려대,10102,9838,19940
202210,6호선,공덕,20866,20764,41630
202210,6호선,광흥창,9944,9683,19627
202210,6호선,구산,8716,6435,15151
202210,6호선,녹사평,5297,5235,10532
202210,6호선,대흥,10219,10563,20782
202210,6호선,독바위,2966,3119,6085
202210,6호선,돌곶이,10754,9866,20620
202210,6호선,동묘앞,8527,8915,17442
202210,6호선,디지털미디어시티,16347,17931,34278
202210,6호선,마포구청,16101,14386,30487
202210,6호선,망원,14717,15596,30313
202210,6호선,버티고개,2426,2391,4817
202210,6호선,보문,8769,8008,16777
202210,6호선,봉화산,10220,9621,19841
202210,6호선,불광,4613,4627,9240
202210,6호선,삼각지,8170,7158,15328
202210,6호선,상수,10007,11332,21339
202210,6호선,상월곡,7499,7038,14537
202210,6호선,새절,14554,13406,27960
202210,6호선,석계,14001,14625,28626
202210,6호선,신내,1,0,1
202210,6호선,신당,8609,9181,17790
202210,6호선,안암,14770,15145,29915
202210,6호선,약수,3839,3873,7712
202210,6호선,역촌,4101,4831,8932
202210,6호선,월곡,14544,13805,28349
202210,6호선,월드컵경기장,6785,7192,13977
202210,6호선,응암,19270,19010,38280
202210,6호선,이태원,11432,12090,23522
202210,6호선,증산,11020,11058,22078
202210,6호선,창신,4137,3540,7677
202210,6호선,청구,4097,4293,8390
202210,6호선,태릉입구,6304,7164,13468
202210,6호선,한강진,9199,10476,19675
202210,6호선,합정,13708,13485,27193
202210,6호선,화랑대,14260,10968,25228
202210,6호선,효창공원앞,8448,7863,16311
202210,6호선,고려대,10505,10314,20819
202210,6호선,공덕,21038,20768,41806
202210,6호선,광흥창,10002,9732,19734
202210,6호선,구산,8688,6398,15086
202210,6호선,녹사평,5569,5509,11078
202210,6호선,대흥,10269,10621,20890
202210,6호선,독바위,3037,3228,6265
202210,6호선,돌곶이,10623,9900,20523
202210,6호선,동묘앞,8409,8883,17292
202210,6호선,디지털미디어시티,16490,18114,34604
202210,6호선,마포구청,16007,14256,30263
202210,6호선,망원,15007,15973,30980
202210,6호선,버티고개,2441,2403,4844
202210,6호선,보문,8793,8043,16836
202210,6호선,봉화산,10144,9582,19726
202210,6호선,불광,4712,4752,9464
202210,6호선,삼각지,8666,7237,15903
202210,6호선,상수,10190,11701,21891
202210,6호선,상월곡,7460,7021,14481
202210,6호선,새절,14450,13359,27809
202210,6호선,석계,14092,14596,28688
202210,6호선,신내,3,0,3
202210,6호선,신당,8649,9241,17890
202210,6호선,안암,15502,15504,31006
202210,6호선,약수,4077,4014,8091
202210,6호선,역촌,4092,4824,8916
202210,6호선,월곡,14467,13709,28176
202210,6호선,월드컵경기장,6603,7106,13709
202210,6호선,응암,19628,19279,38907
202210,6호선,이태원,12569,13152,25721
202210,6호선,증산,11179,11147,22326
202210,6호선,창신,4228,3672,7900
202210,6호선,청구,4150,4380,8530
202210,6호선,태릉입구,6288,7344,13632
202210,6호선,한강진,10661,12245,22906
202210,6호선,합정,14079,14079,28158
202210,6호선,화랑대,14717,11151,25868
202210,6호선,효창공원앞,8447,7969,16416
202210,6호선,고려대,10884,10528,21412
202210,6호선,공덕,21279,20863,42142
202210,6호선,광흥창,10081,9730,19811
202210,6호선,구산,8789,6412,15201
202210,6호선,녹사평,5657,5626,11283
202210,6호선,대흥,10405,10900,21305
202210,6호선,독바위,3032,3109,6141
202210,6호선,돌곶이,10770,9770,20540
202210,6호선,동묘앞,8621,8970,17591
202210,6호선,디지털미디어시티,16604,18185,34789
202210,6호선,마포구청,16342,14413,30755
202210,6호선,망원,15233,16149,31382
202210,6호선,버티고개,2463,2365,4828
202210,6호선,보문,8846,7966,16812
202210,6호선,봉화산,10199,9638,19837
202210,6호선,불광,4633,4575,9208
202210,6호선,삼각지,9245,7850,17095
202210,6호선,상수,10599,12155,22754
202210,6호선,상월곡,7888,7575,15463
202210,6호선,새절,14413,13437,27850
202210,6호선,석계,14118,14572,28690
202210,6호선,신당,8902,9437,18339
202210,6호선,안암,16241,16228,32469
202210,6호선,약수,4038,3962,8000
202210,6호선,역촌,4173,4961,9134
202210,6호선,연신내,1,0,1
202210,6호선,월곡,14210,13476,27686
202210,6호선,월드컵경기장,12393,14305,26698
202210,6호선,응암,19553,19350,38903
202210,6호선,이태원,13126,15423,28549
202210,6호선,증산,10955,10962,21917
202210,6호선,창신,4192,3529,7721
202210,6호선,청구,4193,4356,8549
202210,6호선,태릉입구,6450,7303,13753
202210,6호선,한강진,9545,11173,20718
202210,6호선,합정,14419,14721,29140
202210,6호선,화랑대,14530,11093,25623
202210,6호선,효창공원앞,8584,7974,16558
202210,6호선,고려대,10447,9759,20206
202210,6호선,공덕,21774,21617,43391
202210,6호선,광흥창,10145,9696,19841
202210,6호선,구산,8926,6404,15330
202210,6호선,녹사평,7331,7631,14962
202210,6호선,대흥,10440,10457,20897
202210,6호선,독바위,3095,3095,6190
202210,6호선,돌곶이,10856,9829,20685
202210,6호선,동묘앞,9273,9096,18369
202210,6호선,디지털미디어시티,16138,17612,33750
202210,6호선,마포구청,16411,14558,30969
202210,6호선,망원,15841,17083,32924
202210,6호선,버티고개,2468,2446,4914
202210,6호선,보문,9422,8174,17596
202210,6호선,봉화산,9929,9295,19224
202210,6호선,불광,4652,4632,9284
202210,6호선,삼각지,9800,7542,17342
202210,6호선,상수,11851,14745,26596
202210,6호선,상월곡,7223,6342,13565
202210,6호선,새절,14433,13174,27607
202210,6호선,석계,13892,14431,28323
202210,6호선,신당,9032,8614,17646
202210,6호선,안암,15430,16002,31432
202210,6호선,약수,4051,4073,8124
202210,6호선,역촌,4028,4812,8840
202210,6호선,연신내,1,0,1
202210,6호선,월곡,14110,13524,27634
202210,6호선,월드컵경기장,7207,7650,14857
202210,6호선,응암,19698,18895,38593
202210,6호선,이태원,23955,35828,59783
202210,6호선,증산,11243,10945,22188
202210,6호선,창신,4096,3419,7515
202210,6호선,청구,4359,4314,8673
202210,6호선,태릉입구,6720,7364,14084
202210,6호선,한강진,11469,13726,25195
202210,6호선,합정,15833,16362,32195
202210,6호선,화랑대,14566,10575,25141
202210,6호선,효창공원앞,8652,7887,16539
202210,6호선,고려대,10230,10041,20271
202210,6호선,공덕,20258,19920,40178
202210,6호선,광흥창,9642,9409,19051
202210,6호선,구산,8444,6290,14734
202210,6호선,녹사평,5965,5519,11484
202210,6호선,대흥,10038,10537,20575
202210,6호선,독바위,2983,3145,6128
202210,6호선,돌곶이,10176,9298,19474
202210,6호선,동묘앞,8434,8751,17185
202210,6호선,디지털미디어시티,15947,17418,33365
202210,6호선,마포구청,15294,13647,28941
202210,6호선,망원,14020,14904,28924
202210,6호선,버티고개,2366,2239,4605
202210,6호선,보문,8214,7488,15702
202210,6호선,봉화산,9850,9351,19201
202210,6호선,불광,4330,4333,8663
202210,6호선,삼각지,7342,6430,13772
202210,6호선,상수,9749,10942,20691
202210,6호선,상월곡,7352,6945,14297
202210,6호선,새절,14050,12925,26975
202210,6호선,석계,13286,14147,27433
202210,6호선,신내,1,0,1
202210,6호선,신당,8136,8814,16950
202210,6호선,안암,15289,16187,31476
202210,6호선,약수,3778,3751,7529
202210,6호선,역촌,3963,4669,8632
202210,6호선,월곡,13921,13442,27363
202210,6호선,월드컵경기장,5930,6217,12147
202210,6호선,응암,18625,18268,36893
202210,6호선,이태원,11853,11683,23536
202210,6호선,증산,10664,10655,21319
202210,6호선,창신,4065,3459,7524
202210,6호선,청구,3842,4067,7909
202210,6호선,태릉입구,6159,7123,13282
202210,6호선,한강진,7353,8315,15668
202210,6호선,합정,12939,12750,25689
202210,6호선,화랑대,13897,10737,24634
202210,6호선,효창공원앞,8264,7794,16058
202211,6호선,고려대,10350,10264,20614
202211,6호선,공덕,20634,20279,40913
202211,6호선,광흥창,10121,9675,19796
202211,6호선,구산,8691,6478,15169
202211,6호선,녹사평,5436,5532,10968
202211,6호선,대흥,10097,10682,20779
202211,6호선,독바위,2988,3078,6066
202211,6호선,돌곶이,10376,9668,20044
202211,6호선,동묘앞,8542,8678,17220
202211,6호선,디지털미디어시티,16310,17741,34051
202211,6호선,마포구청,16257,14770,31027
202211,6호선,망원,14550,15287,29837
202211,6호선,버티고개,2466,2290,4756
202211,6호선,보문,8520,7716,16236
202211,6호선,봉화산,10007,9303,19310
202211,6호선,불광,4493,4518,9011
202211,6호선,삼각지,7934,6777,14711
202211,6호선,상수,10163,11720,21883
202211,6호선,상월곡,7489,7102,14591
202211,6호선,새절,14240,13340,27580
202211,6호선,석계,13736,14559,28295
202211,6호선,신당,8601,9031,17632
202211,6호선,안암,15583,16027,31610
202211,6호선,약수,3809,3750,7559
202211,6호선,역촌,4016,4673,8689
202211,6호선,연신내,1,0,1
202211,6호선,월곡,14158,13634,27792
202211,6호선,월드컵경기장,5843,6106,11949
202211,6호선,응암,18795,18704,37499
202211,6호선,이태원,11168,11385,22553
202211,6호선,증산,10981,10885,21866
202211,6호선,창신,4054,3591,7645
202211,6호선,청구,3969,4086,8055
202211,6호선,태릉입구,6316,7216,13532
202211,6호선,한강진,8526,9553,18079
202211,6호선,합정,13393,13246,26639
202211,6호선,화랑대,14309,11003,25312
202211,6호선,효창공원앞,8377,7916,16293
202211,6호선,고려대,10434,10176,20610
202211,6호선,공덕,20845,20477,41322
202211,6호선,광흥창,10060,9710,19770
202211,6호선,구산,8568,6387,14955
202211,6호선,녹사평,5305,5415,10720
202211,6호선,대흥,10277,10796,21073
202211,6호선,독바위,3036,3154,6190
202211,6호선,돌곶이,10697,9871,20568
202211,6호선,동묘앞,8451,8748,17199
202211,6호선,디지털미디어시티,16301,17669,33970
202211,6호선,마포구청,15789,14168,29957
202211,6호선,망원,14852,15706,30558
202211,6호선,버티고개,2479,2438,4917
202211,6호선,보문,8410,7857,16267
202211,6호선,봉화산,10009,9362,19371
202211,6호선,불광,5066,4861,9927
202211,6호선,삼각지,7944,6958,14902
202211,6호선,상수,10222,11721,21943
202211,6호선,상월곡,7455,7138,14593
202211,6호선,새절,14346,13455,27801
202211,6호선,석계,13793,14726,28519
202211,6호선,신당,8656,9253,17909
202211,6호선,안암,15653,15914,31567
202211,6호선,약수,3930,3927,7857
202211,6호선,역촌,4014,4698,8712
202211,6호선,월곡,14616,14032,28648
202211,6호선,월드컵경기장,6004,6272,12276
202211,6호선,응암,19251,19105,38356
202211,6호선,이태원,11337,11409,22746
202211,6호선,증산,11079,10950,22029
202211,6호선,창신,4246,3546,7792
202211,6호선,청구,4094,4319,8413
202211,6호선,태릉입구,6313,7250,13563
202211,6호선,한강진,9759,10843,20602
202211,6호선,합정,13975,13642,27617
202211,6호선,화랑대,14370,10923,25293
202211,6호선,효창공원앞,8413,7893,16306
202211,6호선,고려대,10585,10423,21008
202211,6호선,공덕,20327,19886,40213
202211,6호선,광흥창,10020,9614,19634
202211,6호선,구산,8628,6446,15074
202211,6호선,녹사평,5336,5195,10531
202211,6호선,대흥,10346,10912,21258
202211,6호선,독바위,2977,3095,6072
202211,6호선,돌곶이,10624,9666,20290
202211,6호선,동묘앞,8497,8782,17279
202211,6호선,디지털미디어시티,16095,17671,33766
202211,6호선,마포구청,15710,13985,29695
202211,6호선,망원,14824,15817,30641
202211,6호선,버티고개,2404,2257,4661
202211,6호선,보문,8468,7766,16234
202211,6호선,봉화산,9894,9251,19145
202211,6호선,불광,4626,4571,9197
202211,6호선,삼각지,7857,6802,14659
202211,6호선,상수,10518,11901,22419
202211,6호선,상월곡,7877,7423,15300
202211,6호선,새절,14300,13276,27576
202211,6호선,석계,13596,14584,28180
202211,6호선,신내,2,0,2
202211,6호선,신당,8489,9199,17688
202211,6호선,안암,16203,15939,32142
202211,6호선,약수,3857,3873,7730
202211,6호선,역촌,4105,4859,8964
202211,6호선,연신내,1,0,1
202211,6호선,월곡,13923,13396,27319
202211,6호선,월드컵경기장,5438,5791,11229
202211,6호선,응암,19238,18941,38179
202211,6호선,이태원,11357,11749,23106
202211,6호선,증산,11022,11049,22071
202211,6호선,창신,4067,3527,7594
202211,6호선,청구,4097,4155,8252
202211,6호선,태릉입구,6297,7042,13339
202211,6호선,한강진,8733,9818,18551
202211,6호선,합정,13884,13664,27548
202211,6호선,화랑대,14107,10881,24988
202211,6호선,효창공원앞,8228,7822,16050
202211,6호선,고려대,10059,9647,19706
202211,6호선,공덕,20224,19976,40200
202211,6호선,광흥창,9828,9681,19509
202211,6호선,구산,8698,6435,15133
202211,6호선,녹사평,5706,5623,11329
202211,6호선,대흥,10488,10640,21128
202211,6호선,독바위,3016,3072,6088
202211,6호선,돌곶이,10697,9672,20369
202211,6호선,동묘앞,8560,8557,17117
202211,6호선,디지털미디어시티,15627,17135,32762
202211,6호선,마포구청,15786,14121,29907
202211,6호선,망원,15961,17240,33201
202211,6호선,버티고개,2435,2288,4723
202211,6호선,보문,8673,7788,16461
202211,6호선,봉화산,9741,9181,18922
202211,6호선,불광,4864,4623,9487
202211,6호선,삼각지,7903,6825,14728
202211,6호선,상수,11302,13567,24869
202211,6호선,상월곡,7360,6539,13899
202211,6호선,새절,14138,13174,27312
202211,6호선,석계,13480,14121,27601
202211,6호선,신내,1,0,1
202211,6호선,신당,8916,8420,17336
202211,6호선,안암,14045,13297,27342
202211,6호선,약수,3965,3919,7884
202211,6호선,역촌,4119,4752,8871
202211,6호선,연신내,1,0,1
202211,6호선,월곡,13571,12952,26523
202211,6호선,월드컵경기장,5328,5712,11040
202211,6호선,응암,19220,18832,38052
202211,6호선,이태원,12932,13254,26186
202211,6호선,증산,10972,10859,21831
202211,6호선,창신,3937,3292,7229
202211,6호선,청구,4053,4166,8219
202211,6호선,태릉입구,6254,6930,13184
202211,6호선,한강진,10127,11219,21346
202211,6호선,합정,14958,15192,30150
202211,6호선,화랑대,13526,10291,23817
202211,6호선,효창공원앞,8126,7513,15639
202211,6호선,고려대,10190,9957,20147
202211,6호선,공덕,20443,20378,40821
202211,6호선,광흥창,9671,9532,19203
202211,6호선,구산,8257,6270,14527
202211,6호선,녹사평,4679,4580,9259
202211,6호선,대흥,10028,10465,20493
202211,6호선,독바위,2925,3082,6007
202211,6호선,돌곶이,10508,9777,20285
202211,6호선,동묘앞,8403,9058,17461
202211,6호선,디지털미디어시티,15792,17416,33208
202211,6호선,마포구청,15519,13722,29241
202211,6호선,망원,13921,14785,28706
202211,6호선,버티고개,2346,2341,4687
202211,6호선,보문,8352,7636,15988
202211,6호선,봉화산,9583,9176,18759
202211,6호선,불광,4345,4438,8783
202211,6호선,삼각지,7360,6549,13909
202211,6호선,상수,9255,10411,19666
202211,6호선,상월곡,7231,6724,13955
202211,6호선,새절,13766,12866,26632
202211,6호선,석계,14749,15156,29905
202211,6호선,신당,8477,8929,17406
202211,6호선,안암,14898,15826,30724
202211,6호선,약수,3831,3801,7632
202211,6호선,역촌,3947,4647,8594
202211,6호선,월곡,13706,13173,26879
202211,6호선,월드컵경기장,4782,5093,9875
202211,6호선,응암,18434,18281,36715
202211,6호선,이태원,9377,9560,18937
202211,6호선,증산,10592,10689,21281
202211,6호선,창신,3948,3488,7436
202211,6호선,청구,3904,3987,7891
202211,6호선,태릉입구,5948,6867,12815
202211,6호선,한강진,6913,7890,14803
202211,6호선,합정,12858,12925,25783
202211,6호선,화랑대,13950,10768,24718
202211,6호선,효창공원앞,8225,7858,16083
202211,6호선,고려대,10486,10200,20686
202211,6호선,공덕,21240,21207,42447
202211,6호선,광흥창,10002,9863,19865
202211,6호선,구산,8544,6334,14878
202211,6호선,녹사평,5006,4802,9808
202211,6호선,대흥,10308,10911,21219
202211,6호선,독바위,3007,3110,6117
202211,6호선,돌곶이,10539,9785,20324
202211,6호선,동묘앞,8541,8699,17240
202211,6호선,디지털미디어시티,16281,17851,34132
202211,6호선,마포구청,15675,14041,29716
202211,6호선,망원,14419,15227,29646
202211,6호선,버티고개,2492,2312,4804
202211,6호선,보문,8610,7872,16482
202211,6호선,봉화산,10009,9384,19393
202211,6호선,불광,4451,4488,8939
202211,6호선,삼각지,8014,7265,15279
202211,6호선,상수,9874,11207,21081
202211,6호선,상월곡,7490,6945,14435
202211,6호선,새절,14454,13421,27875
202211,6호선,석계,14054,14644,28698
202211,6호선,신내,1,0,1
202211,6호선,신당,8363,8982,17345
202211,6호선,안암,15597,15862,31459
202211,6호선,약수,3780,3796,7576
202211,6호선,역촌,3969,4852,8821
202211,6호선,연신내,2,0,2
202211,6호선,월곡,14184,13572,27756
202211,6호선,월드컵경기장,5405,5759,11164
202211,6호선,응암,19123,18776,37899
202211,6호선,이태원,9505,9646,19151
202211,6호선,증산,10895,10964,21859
202211,6호선,창신,4216,3594,7810
202211,6호선,청구,4068,4106,8174
202211,6호선,태릉입구,6331,7192,13523
202211,6호선,한강진,9157,10171,19328
202211,6호선,합정,13570,13687,27257
202211,6호선,화랑대,14355,11110,25465
202211,6호선,효창공원앞,8494,8017,16511
202211,6호선,고려대,10609,10338,20947
202211,6호선,공덕,21029,21772,42801
202211,6호선,광흥창,10247,10078,20325
202211,6호선,구산,8538,6281,14819
202211,6호선,녹사평,5044,4883,9927
202211,6호선,대흥,10705,10961,21666
202211,6호선,독바위,2963,3072,6035
202211,6호선,돌곶이,11666,10734,22400
202211,6호선,동묘앞,8568,8772,17340
202211,6호선,디지털미디어시티,16051,17874,33925
202211,6호선,마포구청,15725,14110,29835
202211,6호선,망원,14698,15651,30349
202211,6호선,버티고개,2627,2496,5123
202211,6호선,보문,8645,7977,16622
202211,6호선,봉화산,9865,9200,19065
202211,6호선,불광,4524,4721,9245
202211,6호선,삼각지,8149,7071,15220
202211,6호선,상수,9952,11442,21394
202211,6호선,상월곡,7413,7157,14570
202211,6호선,새절,14256,13153,27409
202211,6호선,석계,14071,14679,28750
202211,6호선,신당,8570,9081,17651
202211,6호선,안암,15606,15932,31538
202211,6호선,약수,3891,3816,7707
202211,6호선,역촌,4060,4773,8833
202211,6호선,월곡,14416,13886,28302
202211,6호선,월드컵경기장,5524,5926,11450
202211,6호선,응암,19113,18843,37956
202211,6호선,이태원,9456,9594,19050
202211,6호선,증산,11076,11033,22109
202211,6호선,창신,4053,3503,7556
202211,6호선,청구,4169,4212,8381
202211,6호선,태릉입구,6372,7272,13644
202211,6호선,한강진,9703,10771,20474
202211,6호선,합정,13702,13600,27302
202211,6호선,화랑대,14304,11025,25329
202211,6호선,효창공원앞,8281,7864,16145
202211,6호선,고려대,10508,10141,20649
202211,6호선,공덕,21053,22210,43263
202211,6호선,광흥창,10042,9712,19754
202211,6호선,구산,8673,6348,15021
202211,6호선,녹사평,5017,4901,9918
202211,6호선,대흥,10503,10960,21463
202211,6호선,독바위,2935,3068,6003
202211,6호선,돌곶이,11027,10197,21224
202211,6호선,동묘앞,8573,8700,17273
202211,6호선,디지털미디어시티,16362,17960,34322
202211,6호선,마포구청,15899,14146,30045
202211,6호선,망원,14793,15729,30522
202211,6호선,버티고개,2489,2378,4867
202211,6호선,보문,8640,7717,16357
202211,6호선,봉화산,9812,9250,19062
202211,6호선,불광,4578,4473,9051
202211,6호선,삼각지,8002,6965,14967
202211,6호선,상수,10151,11879,22030
202211,6호선,상월곡,7827,7271,15098
202211,6호선,새절,14397,13324,27721
202211,6호선,석계,13850,14418,28268
202211,6호선,신내,1,0,1
202211,6호선,신당,8694,9357,18051
202211,6호선,안암,15980,15971,31951
202211,6호선,약수,3923,3919,7842
202211,6호선,역촌,4040,4723,8763
202211,6호선,연신내,1,0,1
202211,6호선,월곡,13901,13451,27352
202211,6호선,월드컵경기장,5608,5965,11573
202211,6호선,응암,19293,19131,38424
202211,6호선,이태원,9723,10000,19723
202211,6호선,증산,11039,10839,21878
202211,6호선,창신,4080,3479,7559
202211,6호선,청구,4128,4116,8244
202211,6호선,태릉입구,6424,7252,13676
202211,6호선,한강진,8748,9944,18692
202211,6호선,합정,14441,14334,28775
202211,6호선,화랑대,14624,11052,25676
202211,6호선,효창공원앞,8277,7797,16074
202211,6호선,고려대,10034,9598,19632
202211,6호선,공덕,20975,20936,41911
202211,6호선,광흥창,10160,9817,19977
202211,6호선,구산,8784,6307,15091
202211,6호선,녹사평,5479,5518,10997
202211,6호선,대흥,10608,10521,21129
202211,6호선,독바위,2997,3011,6008
202211,6호선,돌곶이,10970,9915,20885
202211,6호선,동묘앞,8893,8649,17542
202211,6호선,디지털미디어시티,15901,16916,32817
202211,6호선,마포구청,15986,13878,29864
202211,6호선,망원,16022,17447,33469
202211,6호선,버티고개,2460,2336,4796
202211,6호선,보문,8888,7922,16810
202211,6호선,봉화산,9750,9060,18810
202211,6호선,불광,4522,4477,8999
202211,6호선,삼각지,8216,7036,15252
202211,6호선,상수,11470,14268,25738
202211,6호선,상월곡,7085,6313,13398
202211,6호선,새절,14245,13083,27328
202211,6호선,석계,13613,14129,27742
202211,6호선,신당,8780,8407,17187
202211,6호선,안암,14474,13850,28324
202211,6호선,약수,4010,4149,8159
202211,6호선,역촌,4004,4686,8690
202211,6호선,연신내,1,0,1
202211,6호선,월곡,13886,13212,27098
202211,6호선,월드컵경기장,5678,5981,11659
202211,6호선,응암,19092,18710,37802
202211,6호선,이태원,10828,11547,22375
202211,6호선,증산,10968,10490,21458
202211,6호선,창신,4049,3350,7399
202211,6호선,청구,4197,4243,8440
202211,6호선,태릉입구,6409,6982,13391
202211,6호선,한강진,10279,11642,21921
202211,6호선,합정,15865,15736,31601
202211,6호선,화랑대,13979,10389,24368
202211,6호선,효창공원앞,8257,7410,15667
202211,6호선,고려대,9803,9672,19475
202211,6호선,공덕,20035,19663,39698
202211,6호선,광흥창,9551,9408,18959
202211,6호선,구산,8131,6308,14439
202211,6호선,녹사평,4628,4588,9216
202211,6호선,대흥,9613,10153,19766
202211,6호선,독바위,2899,3001,5900
202211,6호선,돌곶이,10185,9379,19564
202211,6호선,동묘앞,9093,9936,19029
202211,6호선,디지털미디어시티,15670,17074,32744
202211,6호선,마포구청,15186,13656,28842
202211,6호선,망원,13911,14808,28719
202211,6호선,버티고개,2361,2288,4649
202211,6호선,보문,8003,7488,15491
202211,6호선,봉화산,9656,9109,18765
202211,6호선,불광,4331,4418,8749
202211,6호선,삼각지,7046,6251,13297
202211,6호선,상수,9363,10612,19975
202211,6호선,상월곡,7198,6874,14072
202211,6호선,새절,13497,12625,26122
202211,6호선,석계,13087,14027,27114
202211,6호선,신내,2,0,2
202211,6호선,신당,8123,8617,16740
202211,6호선,안암,15120,15920,31040
202211,6호선,약수,3833,3803,7636
202211,6호선,역촌,3939,4572,8511
202211,6호선,연신내,1,0,1
202211,6호선,월곡,13706,13289,26995
202211,6호선,월드컵경기장,4641,4917,9558
202211,6호선,응암,18374,18425,36799
202211,6호선,이태원,9292,9477,18769
202211,6호선,증산,10641,10581,21222
202211,6호선,창신,3914,3402,7316
202211,6호선,청구,3858,3984,7842
202211,6호선,태릉입구,5968,6936,12904
202211,6호선,한강진,7036,8033,15069
202211,6호선,합정,13094,12742,25836
202211,6호선,화랑대,13592,10448,24040
202211,6호선,효창공원앞,7909,7544,15453
202211,6호선,고려대,10478,10194,20672
202211,6호선,공덕,21047,20645,41692
202211,6호선,광흥창,9801,9619,19420
202211,6호선,구산,8372,6258,14630
202211,6호선,녹사평,5350,5325,10675
202211,6호선,대흥,10094,10682,20776
202211,6호선,독바위,2931,3031,5962
202211,6호선,돌곶이,10227,9539,19766
202211,6호선,동묘앞,8091,8522,16613
202211,6호선,디지털미디어시티,15890,17394,33284
202211,6호선,마포구청,15579,14029,29608
202211,6호선,망원,14285,15226,29511
202211,6호선,버티고개,2374,2338,4712
202211,6호선,보문,8409,7600,16009
202211,6호선,봉화산,9782,9225,19007
202211,6호선,불광,4470,4400,8870
202211,6호선,삼각지,7835,7014,14849
202211,6호선,상수,10138,11423,21561
202211,6호선,상월곡,7270,6958,14228
202211,6호선,새절,13978,13127,27105
202211,6호선,석계,13765,14515,28280
202211,6호선,신당,8339,8744,17083
202211,6호선,안암,15578,15940,31518
202211,6호선,약수,3890,3825,7715
202211,6호선,역촌,4056,4821,8877
202211,6호선,월곡,14134,13609,27743
202211,6호선,월드컵경기장,4700,4922,9622
202211,6호선,응암,18833,18649,37482
202211,6호선,이태원,9171,9397,18568
202211,6호선,증산,10713,10696,21409
202211,6호선,창신,4143,3497,7640
202211,6호선,청구,3941,4128,8069
202211,6호선,태릉입구,6172,7161,13333
202211,6호선,한강진,7888,8984,16872
202211,6호선,합정,13497,13438,26935
202211,6호선,화랑대,14255,10914,25169
202211,6호선,효창공원앞,8237,7777,16014
202211,6호선,고려대,10275,10140,20415
202211,6호선,공덕,20759,20326,41085
202211,6호선,광흥창,10010,9739,19749
202211,6호선,구산,8670,6520,15190
202211,6호선,녹사평,4823,4889,9712
202211,6호선,대흥,10360,11098,21458
202211,6호선,독바위,2984,3054,6038
202211,6호선,돌곶이,10617,9847,20464
202211,6호선,동묘앞,8488,8949,17437
202211,6호선,디지털미디어시티,16325,18041,34366
202211,6호선,마포구청,15830,14174,30004
202211,6호선,망원,14981,15937,30918
202211,6호선,버티고개,2345,2244,4589
202211,6호선,보문,8549,7892,16441
202211,6호선,봉화산,9936,9378,19314
202211,6호선,불광,4802,4845,9647
202211,6호선,삼각지,7821,6900,14721
202211,6호선,상수,10192,11582,21774
202211,6호선,상월곡,7459,7038,14497
202211,6호선,새절,14430,13333,27763
202211,6호선,석계,13779,14397,28176
202211,6호선,신당,8558,9109,17667
202211,6호선,안암,15839,16028,31867
202211,6호선,약수,3851,3681,7532
202211,6호선,역촌,4048,4788,8836
202211,6호선,월곡,14404,13736,28140
202211,6호선,월드컵경기장,5021,5276,10297
202211,6호선,응암,19075,18959,38034
202211,6호선,이태원,9356,9452,18808
202211,6호선,증산,10956,11103,22059
202211,6호선,창신,4167,3574,7741
202211,6호선,청구,4116,4300,8416
202211,6호선,태릉입구,6384,7316,13700
202211,6호선,한강진,8023,9133,17156
202211,6호선,합정,14404,14115,28519
202211,6호선,화랑대,14428,11007,25435
202211,6호선,효창공원앞,8287,7789,16076
202211,6호선,고려대,10184,10067,20251
202211,6호선,공덕,20432,20019,40451
202211,6호선,광흥창,9895,9436,19331
202211,6호선,구산,8458,6188,14646
202211,6호선,녹사평,4808,4681,9489
202211,6호선,대흥,10136,10694,20830
202211,6호선,독바위,2908,2982,5890
202211,6호선,돌곶이,11668,10935,22603
202211,6호선,동묘앞,8305,8696,17001
202211,6호선,디지털미디어시티,15743,17315,33058
202211,6호선,마포구청,15795,13958,29753
202211,6호선,망원,14956,16166,31122
202211,6호선,버티고개,2355,2236,4591
202211,6호선,보문,8475,7667,16142
202211,6호선,봉화산,9788,9149,18937
202211,6호선,불광,4607,4498,9105
202211,6호선,삼각지,7897,6852,14749
202211,6호선,상수,10518,12055,22573
202211,6호선,상월곡,7688,7350,15038
202211,6호선,새절,14264,13233,27497
202211,6호선,석계,13660,14236,27896
202211,6호선,신당,9325,9613,18938
202211,6호선,안암,16132,16154,32286
202211,6호선,약수,3708,3777,7485
202211,6호선,역촌,4062,4829,8891
202211,6호선,연신내,1,0,1
202211,6호선,월곡,13519,13046,26565
202211,6호선,월드컵경기장,5110,5377,10487
202211,6호선,응암,18766,18678,37444
202211,6호선,이태원,9651,9854,19505
202211,6호선,증산,10905,10787,21692
202211,6호선,창신,3769,3198,6967
202211,6호선,청구,4041,4139,8180
202211,6호선,태릉입구,6221,7126,13347
202211,6호선,한강진,8044,9352,17396
202211,6호선,합정,14070,13963,28033
202211,6호선,화랑대,14298,10679,24977
202211,6호선,효창공원앞,8126,7672,15798
202211,6호선,고려대,9747,9277,19024
202211,6호선,공덕,20669,20445,41114
202211,6호선,광흥창,9778,9331,19109
202211,6호선,구산,8300,6075,14375
202211,6호선,녹사평,5203,5269,10472
202211,6호선,대흥,9220,9367,18587
202211,6호선,독바위,2939,2917,5856
202211,6호선,돌곶이,10440,9501,19941
202211,6호선,동묘앞,8754,8609,17363
202211,6호선,디지털미디어시티,15484,16604,32088
202211,6호선,마포구청,15831,13736,29567
202211,6호선,망원,15691,17112,32803
202211,6호선,버티고개,2365,2332,4697
202211,6호선,보문,8558,7532,16090
202211,6호선,봉화산,9683,8865,18548
202211,6호선,불광,4605,4452,9057
202211,6호선,삼각지,8156,6786,14942
202211,6호선,상수,11208,13810,25018
202211,6호선,상월곡,6912,6128,13040
202211,6호선,새절,13904,12795,26699
202211,6호선,석계,13612,14051,27663
202211,6호선,신당,9240,8757,17997
202211,6호선,안암,14587,14010,28597
202211,6호선,약수,3913,3922,7835
202211,6호선,역촌,4066,4636,8702
202211,6호선,연신내,1,0,1
202211,6호선,월곡,13614,12873,26487
202211,6호선,월드컵경기장,5241,5534,10775
202211,6호선,응암,19276,18737,38013
202211,6호선,이태원,10734,11460,22194
202211,6호선,증산,10767,10479,21246
202211,6호선,창신,3929,3253,7182
202211,6호선,청구,4115,4123,8238
202211,6호선,태릉입구,6294,6910,13204
202211,6호선,한강진,8630,10034,18664
202211,6호선,합정,15053,15310,30363
202211,6호선,화랑대,13265,9922,23187
202211,6호선,효창공원앞,7914,7003,14917
202211,6호선,고려대,9879,9869,19748
202211,6호선,공덕,20172,19559,39731
202211,6호선,광흥창,9446,9522,18968
202211,6호선,구산,8429,6313,14742
202211,6호선,녹사평,4590,4526,9116
202211,6호선,대흥,9776,10250,20026
202211,6호선,독바위,2897,3002,5899
202211,6호선,돌곶이,10241,9651,19892
202211,6호선,동묘앞,8161,8545,16706
202211,6호선,디지털미디어시티,15917,17274,33191
202211,6호선,마포구청,15196,13678,28874
202211,6호선,망원,13552,14470,28022
202211,6호선,버티고개,2391,2360,4751
202211,6호선,보문,8238,7582,15820
202211,6호선,봉화산,9667,9121,18788
202211,6호선,불광,4246,4344,8590
202211,6호선,삼각지,7048,6238,13286
202211,6호선,상수,9624,10897,20521
202211,6호선,상월곡,7222,6978,14200
202211,6호선,새절,13764,12818,26582
202211,6호선,석계,13294,14414,27708
202211,6호선,신내,1,0,1
202211,6호선,신당,8274,8722,16996
202211,6호선,안암,15412,16218,31630
202211,6호선,약수,3897,3839,7736
202211,6호선,역촌,3945,4731,8676
202211,6호선,연신내,2,0,2
202211,6호선,월곡,13988,13616,27604
202211,6호선,월드컵경기장,4272,4513,8785
202211,6호선,응암,18474,18410,36884
202211,6호선,이태원,9099,9172,18271
202211,6호선,증산,10600,10630,21230
202211,6호선,창신,3982,3399,7381
202211,6호선,청구,3953,4181,8134
202211,6호선,태릉입구,6091,6937,13028
202211,6호선,한강진,7610,8669,16279
202211,6호선,합정,13170,12826,25996
202211,6호선,화랑대,13841,10651,24492
202211,6호선,효창공원앞,7964,7641,15605
202211,6호선,고려대,10034,9936,19970
202211,6호선,공덕,20729,20239,40968
202211,6호선,광흥창,9861,9844,19705
202211,6호선,구산,8493,6324,14817
202211,6호선,녹사평,4731,4595,9326
202211,6호선,대흥,10398,10826,21224
202211,6호선,독바위,2927,3043,5970
202211,6호선,돌곶이,10304,9602,19906
202211,6호선,동묘앞,8232,8736,16968
202211,6호선,디지털미디어시티,16120,17858,33978
202211,6호선,마포구청,15834,14230,30064
202211,6호선,망원,14327,15298,29625
202211,6호선,버티고개,2504,2322,4826
202211,6호선,보문,8383,7755,16138
202211,6호선,봉화산,9824,9235,19059
202211,6호선,불광,4330,4405,8735
202211,6호선,삼각지,7800,6917,14717
202211,6호선,상수,10638,12089,22727
202211,6호선,상월곡,7369,7015,14384
202211,6호선,새절,14097,13201,27298
202211,6호선,석계,13493,14347,27840
202211,6호선,신내,1,0,1
202211,6호선,신당,8959,9580,18539
202211,6호선,안암,15733,16134,31867
202211,6호선,약수,3975,3781,7756
202211,6호선,역촌,4077,4808,8885
202211,6호선,월곡,14418,13875,28293
202211,6호선,월드컵경기장,4411,4718,9129
202211,6호선,응암,18868,18885,37753
202211,6호선,이태원,9203,9406,18609
202211,6호선,증산,10842,10888,21730
202211,6호선,창신,4124,3579,7703
202211,6호선,청구,4024,4133,8157
202211,6호선,태릉입구,6260,7198,13458
202211,6호선,한강진,8149,9369,17518
202211,6호선,합정,13509,13483,26992
202211,6호선,화랑대,14347,10963,25310
202211,6호선,효창공원앞,8316,7854,16170
202211,6호선,고려대,10398,10229,20627
202211,6호선,공덕,20962,20530,41492
202211,6호선,광흥창,10023,9770,19793
202211,6호선,구산,8463,6280,14743
202211,6호선,녹사평,4992,5001,9993
202211,6호선,대흥,10244,10658,20902
202211,6호선,독바위,2956,3091,6047
202211,6호선,돌곶이,10561,9849,20410
202211,6호선,동묘앞,8399,8726,17125
202211,6호선,디지털미디어시티,16211,17782,33993
202211,6호선,마포구청,15587,13963,29550
202211,6호선,망원,14705,15646,30351
202211,6호선,버티고개,2405,2317,4722
202211,6호선,보문,8601,7917,16518
202211,6호선,봉화산,9923,9313,19236
202211,6호선,불광,4606,4552,9158
202211,6호선,삼각지,7713,6873,14586
202211,6호선,상수,10301,11955,22256
202211,6호선,상월곡,7565,7114,14679
202211,6호선,새절,14162,13145,27307
202211,6호선,석계,13984,14632,28616
202211,6호선,신당,8962,9572,18534
202211,6호선,안암,15694,16075,31769
202211,6호선,약수,3917,3909,7826
202211,6호선,역촌,4095,4736,8831
202211,6호선,연신내,1,0,1
202211,6호선,월곡,14303,13832,28135
202211,6호선,월드컵경기장,4714,4983,9697
202211,6호선,응암,19276,19028,38304
202211,6호선,이태원,9530,9538,19068
202211,6호선,증산,10883,10817,21700
202211,6호선,창신,4104,3652,7756
202211,6호선,청구,3921,4168,8089
202211,6호선,태릉입구,6203,7162,13365
202211,6호선,한강진,8285,9488,17773
202211,6호선,합정,13665,13705,27370
202211,6호선,화랑대,14213,10771,24984
202211,6호선,효창공원앞,8404,7910,16314
202211,6호선,고려대,10592,10180,20772
202211,6호선,공덕,21400,20812,42212
202211,6호선,광흥창,10351,9787,20138
202211,6호선,구산,8653,6337,14990
202211,6호선,녹사평,5120,5037,10157
202211,6호선,대흥,10336,10875,21211
202211,6호선,독바위,3004,3069,6073
202211,6호선,돌곶이,10655,9847,20502
202211,6호선,동묘앞,8236,8612,16848
202211,6호선,디지털미디어시티,16270,17944,34214
202211,6호선,마포구청,15734,14446,30180
202211,6호선,망원,14828,15802,30630
202211,6호선,버티고개,2462,2396,4858
202211,6호선,보문,8700,7935,16635
202211,6호선,봉화산,10133,9487,19620
202211,6호선,불광,4494,4469,8963
202211,6호선,삼각지,7946,7056,15002
202211,6호선,상수,10419,12155,22574
202211,6호선,상월곡,7784,7320,15104
202211,6호선,새절,14224,13428,27652
202211,6호선,석계,13723,14332,28055
202211,6호선,신당,8941,9551,18492
202211,6호선,안암,16339,16352,32691
202211,6호선,약수,3924,3971,7895
202211,6호선,역촌,4079,4733,8812
202211,6호선,월곡,14113,13436,27549
202211,6호선,월드컵경기장,4691,5001,9692
202211,6호선,응암,18975,19022,37997
202211,6호선,이태원,10204,10708,20912
202211,6호선,증산,10870,11104,21974
202211,6호선,창신,4167,3674,7841
202211,6호선,청구,4117,4135,8252
202211,6호선,태릉입구,6289,7251,13540
202211,6호선,한강진,8630,9637,18267
202211,6호선,합정,13905,13980,27885
202211,6호선,화랑대,14189,10858,25047
202211,6호선,효창공원앞,8292,7979,16271
202211,6호선,고려대,9708,9410,19118
202211,6호선,공덕,20753,20485,41238
202211,6호선,광흥창,9851,9681,19532
202211,6호선,구산,8599,6297,14896
202211,6호선,녹사평,5481,5412,10893
202211,6호선,대흥,10198,10389,20587
202211,6호선,독바위,2894,3008,5902
202211,6호선,돌곶이,10726,9764,20490
202211,6호선,동묘앞,8708,8618,17326
202211,6호선,디지털미디어시티,15987,17345,33332
202211,6호선,마포구청,15670,13805,29475
202211,6호선,망원,16021,17025,33046
202211,6호선,버티고개,2389,2364,4753
202211,6호선,보문,8652,7697,16349
202211,6호선,봉화산,9677,9049,18726
202211,6호선,불광,4531,4436,8967
202211,6호선,삼각지,8100,6946,15046
202211,6호선,상수,11232,13582,24814
202211,6호선,상월곡,7147,6539,13686
202211,6호선,새절,14088,13140,27228
202211,6호선,석계,13551,14109,27660
202211,6호선,신당,10091,9503,19594
202211,6호선,안암,14237,13551,27788
202211,6호선,약수,4030,4043,8073
202211,6호선,역촌,3973,4566,8539
202211,6호선,월곡,13658,13212,26870
202211,6호선,월드컵경기장,4639,5014,9653
202211,6호선,응암,19085,18645,37730
202211,6호선,이태원,11211,11897,23108
202211,6호선,증산,10892,10570,21462
202211,6호선,창신,4066,3468,7534
202211,6호선,청구,4075,4152,8227
202211,6호선,태릉입구,6440,7081,13521
202211,6호선,한강진,9820,11054,20874
202211,6호선,합정,14989,15253,30242
202211,6호선,화랑대,13478,10079,23557
202211,6호선,효창공원앞,8239,7428,15667
202211,6호선,고려대,9993,9851,19844
202211,6호선,공덕,19754,19592,39346
202211,6호선,광흥창,9657,9424,19081
202211,6호선,구산,8227,6430,14657
202211,6호선,녹사평,4420,4416,8836
202211,6호선,대흥,9852,10299,20151
202211,6호선,독바위,2808,3017,5825
202211,6호선,돌곶이,10233,9581,19814
202211,6호선,동묘앞,7810,8310,16120
202211,6호선,디지털미디어시티,15324,17097,32421
202211,6호선,마포구청,15178,13991,29169
202211,6호선,망원,13374,14227,27601
202211,6호선,버티고개,2360,2328,4688
202211,6호선,보문,8090,7523,15613
202211,6호선,봉화산,9586,9191,18777
202211,6호선,불광,4334,4105,8439
202211,6호선,삼각지,6824,6094,12918
202211,6호선,상수,9493,10551,20044
202211,6호선,상월곡,7241,6988,14229
202211,6호선,새절,13526,12845,26371
202211,6호선,석계,13069,14181,27250
202211,6호선,신내,1,0,1
202211,6호선,신당,8255,8879,17134
202211,6호선,안암,15034,15844,30878
202211,6호선,약수,3713,3660,7373
202211,6호선,역촌,3834,4648,8482
202211,6호선,월곡,13576,13302,26878
202211,6호선,월드컵경기장,3821,4018,7839
202211,6호선,응암,18086,18235,36321
202211,6호선,이태원,8860,9182,18042
202211,6호선,증산,10318,10543,20861
202211,6호선,창신,3979,3589,7568
202211,6호선,청구,3735,4144,7879
202211,6호선,태릉입구,5877,6781,12658
202211,6호선,한강진,6953,7650,14603
202211,6호선,합정,12426,12520,24946
202211,6호선,화랑대,13457,10402,23859
202211,6호선,효창공원앞,7929,7727,15656
202211,6호선,고려대,10186,9906,20092
202211,6호선,공덕,20491,20081,40572
202211,6호선,광흥창,9962,9913,19875
202211,6호선,구산,8475,6337,14812
202211,6호선,녹사평,4723,4576,9299
202211,6호선,대흥,10258,10626,20884
202211,6호선,독바위,2927,3095,6022
202211,6호선,돌곶이,10397,9753,20150
202211,6호선,동묘앞,8137,8482,16619
202211,6호선,디지털미디어시티,15842,17806,33648
202211,6호선,마포구청,15699,14238,29937
202211,6호선,망원,14469,15274,29743
202211,6호선,버티고개,2421,2384,4805
202211,6호선,보문,8348,7795,16143
202211,6호선,봉화산,9867,9420,19287
202211,6호선,불광,4487,4394,8881
202211,6호선,삼각지,8374,7703,16077
202211,6호선,상수,10092,11255,21347
202211,6호선,상월곡,7185,6976,14161
202211,6호선,새절,13945,13047,26992
202211,6호선,석계,13759,14461,28220
202211,6호선,신당,9168,9388,18556
202211,6호선,안암,15562,15794,31356
202211,6호선,약수,3872,3837,7709
202211,6호선,역촌,3961,4683,8644
202211,6호선,연신내,2,0,2
202211,6호선,월곡,13858,13332,27190
202211,6호선,월드컵경기장,4257,4612,8869
202211,6호선,응암,18539,18511,37050
202211,6호선,이태원,9117,9270,18387
202211,6호선,증산,10765,10691,21456
202211,6호선,창신,4044,3484,7528
202211,6호선,청구,3915,4137,8052
202211,6호선,태릉입구,6228,7077,13305
202211,6호선,한강진,7912,9000,16912
202211,6호선,합정,13807,13492,27299
202211,6호선,화랑대,14001,10875,24876
202211,6호선,효창공원앞,8146,7923,16069
202211,6호선,고려대,9812,9684,19496
202211,6호선,공덕,20163,19795,39958
202211,6호선,광흥창,9828,9627,19455
202211,6호선,구산,8201,5998,14199
202211,6호선,녹사평,4481,4430,8911
202211,6호선,대흥,9797,10293,20090
202211,6호선,독바위,2836,2928,5764
202211,6호선,돌곶이,10172,9462,19634
202211,6호선,동묘앞,7800,8082,15882
202211,6호선,디지털미디어시티,15354,17135,32489
202211,6호선,마포구청,15163,13482,28645
202211,6호선,망원,13875,14508,28383
202211,6호선,버티고개,2299,2181,4480
202211,6호선,보문,8085,7664,15749
202211,6호선,봉화산,9552,9043,18595
202211,6호선,불광,4468,4445,8913
202211,6호선,삼각지,7899,7499,15398
202211,6호선,상수,9818,10928,20746
202211,6호선,상월곡,7248,6823,14071
202211,6호선,새절,13324,12429,25753
202211,6호선,석계,13448,14097,27545
202211,6호선,신내,1,0,1
202211,6호선,신당,9072,9199,18271
202211,6호선,안암,15033,15157,30190
202211,6호선,약수,3737,3599,7336
202211,6호선,역촌,3925,4557,8482
202211,6호선,월곡,13610,12937,26547
202211,6호선,월드컵경기장,3981,4279,8260
202211,6호선,응암,18142,17740,35882
202211,6호선,이태원,8998,9146,18144
202211,6호선,증산,10140,10263,20403
202211,6호선,창신,3980,3473,7453
202211,6호선,청구,3840,4176,8016
202211,6호선,태릉입구,6027,7107,13134
202211,6호선,한강진,7896,8714,16610
202211,6호선,합정,13969,14100,28069
202211,6호선,화랑대,13755,10414,24169
202211,6호선,효창공원앞,7756,7508,15264
202212,6호선,고려대,9958,9757,19715
202212,6호선,공덕,20398,19836,40234
202212,6호선,광흥창,9785,9464,19249
202212,6호선,구산,8292,6152,14444
202212,6호선,녹사평,4735,4595,9330
202212,6호선,대흥,9956,10448,20404
202212,6호선,독바위,2800,2938,5738
202212,6호선,돌곶이,10235,9528,19763
202212,6호선,동묘앞,7733,8160,15893
202212,6호선,디지털미디어시티,15423,17186,32609
202212,6호선,마포구청,15182,13655,28837
202212,6호선,망원,14041,14961,29002
202212,6호선,버티고개,2279,2252,4531
202212,6호선,보문,8129,7501,15630
202212,6호선,봉화산,9435,8936,18371
202212,6호선,불광,4300,4412,8712
202212,6호선,삼각지,8636,8133,16769
202212,6호선,상수,10007,11175,21182
202212,6호선,상월곡,7403,6987,14390
202212,6호선,새절,13535,12588,26123
202212,6호선,석계,13053,13935,26988
202212,6호선,신내,2,0,2
202212,6호선,신당,8723,9206,17929
202212,6호선,안암,15171,14888,30059
202212,6호선,약수,3679,3702,7381
202212,6호선,역촌,3920,4676,8596
202212,6호선,월곡,13234,12779,26013
202212,6호선,월드컵경기장,3802,4047,7849
202212,6호선,응암,18058,17906,35964
202212,6호선,이태원,9059,9254,18313
202212,6호선,증산,10332,10243,20575
202212,6호선,창신,3974,3514,7488
202212,6호선,청구,3811,4112,7923
202212,6호선,태릉입구,6013,6703,12716
202212,6호선,한강진,7801,8897,16698
202212,6호선,합정,13836,13579,27415
202212,6호선,화랑대,13587,10412,23999
202212,6호선,효창공원앞,7709,7414,15123
202212,6호선,고려대,10123,9415,19538
202212,6호선,공덕,20735,20204,40939
202212,6호선,광흥창,10149,9853,20002
202212,6호선,구산,8480,6209,14689
202212,6호선,녹사평,5320,5384,10704
202212,6호선,대흥,9966,10194,20160
202212,6호선,독바위,2870,2926,5796
202212,6호선,돌곶이,10754,9808,20562
202212,6호선,동묘앞,8514,8553,17067
202212,6호선,디지털미디어시티,15498,16866,32364
202212,6호선,마포구청,15703,13846,29549
202212,6호선,망원,15122,16494,31616
202212,6호선,버티고개,2384,2264,4648
202212,6호선,보문,9077,7690,16767
202212,6호선,봉화산,9776,9073,18849
202212,6호선,불광,4478,4446,8924
202212,6호선,삼각지,8100,7158,15258
202212,6호선,상수,10520,12878,23398
202212,6호선,상월곡,6986,6294,13280
202212,6호선,새절,13897,12675,26572
202212,6호선,석계,13531,14095,27626
202212,6호선,신내,1,0,1
202212,6호선,신당,9337,8992,18329
202212,6호선,안암,13640,13136,26776
202212,6호선,약수,3898,3932,7830
202212,6호선,역촌,4010,4666,8676
202212,6호선,월곡,13627,12851,26478
202212,6호선,월드컵경기장,4355,4683,9038
202212,6호선,응암,19242,18784,38026
202212,6호선,이태원,10452,11680,22132
202212,6호선,증산,10706,10451,21157
202212,6호선,창신,3999,3294,7293
202212,6호선,청구,3966,4125,8091
202212,6호선,태릉입구,6227,6742,12969
202212,6호선,한강진,9418,10338,19756
202212,6호선,합정,14605,14706,29311
202212,6호선,화랑대,13333,10070,23403
202212,6호선,효창공원앞,7965,7417,15382
202212,6호선,고려대,9700,9516,19216
202212,6호선,공덕,20093,19365,39458
202212,6호선,광흥창,9757,9515,19272
202212,6호선,구산,8243,6373,14616
202212,6호선,녹사평,4363,4469,8832
202212,6호선,대흥,9590,10210,19800
202212,6호선,독바위,2817,3004,5821
202212,6호선,돌곶이,12149,11452,23601
202212,6호선,동묘앞,8000,8481,16481
202212,6호선,디지털미디어시티,15502,17190,32692
202212,6호선,마포구청,15147,13861,29008
202212,6호선,망원,13748,14645,28393
202212,6호선,버티고개,2292,2201,4493
202212,6호선,보문,8168,7436,15604
202212,6호선,봉화산,9699,9199,18898
202212,6호선,불광,4270,4286,8556
202212,6호선,삼각지,6817,6228,13045
202212,6호선,상수,9504,10706,20210
202212,6호선,상월곡,7173,6774,13947
202212,6호선,새절,13581,12623,26204
202212,6호선,석계,13297,14150,27447
202212,6호선,신당,8302,8997,17299
202212,6호선,안암,14625,15525,30150
202212,6호선,약수,3800,3756,7556
202212,6호선,역촌,3931,4682,8613
202212,6호선,월곡,13726,13402,27128
202212,6호선,월드컵경기장,4080,4267,8347
202212,6호선,응암,18511,18375,36886
202212,6호선,이태원,8884,9179,18063
202212,6호선,증산,10456,10460,20916
202212,6호선,창신,3981,3402,7383
202212,6호선,청구,3868,4007,7875
202212,6호선,태릉입구,5909,6654,12563
202212,6호선,한강진,6966,7814,14780
202212,6호선,합정,12828,12566,25394
202212,6호선,화랑대,13731,10538,24269
202212,6호선,효창공원앞,7853,7576,15429
202212,6호선,고려대,9988,9506,19494
202212,6호선,공덕,20515,19767,40282
202212,6호선,광흥창,10089,9784,19873
202212,6호선,구산,8366,6311,14677
202212,6호선,녹사평,4694,4642,9336
202212,6호선,대흥,10078,10526,20604
202212,6호선,독바위,2893,3073,5966
202212,6호선,돌곶이,10393,9646,20039
202212,6호선,동묘앞,8082,8306,16388
202212,6호선,디지털미디어시티,15865,17546,33411
202212,6호선,마포구청,15551,14016,29567
202212,6호선,망원,13847,14770,28617
202212,6호선,버티고개,2365,2267,4632
202212,6호선,보문,8246,7535,15781
202212,6호선,봉화산,9767,9348,19115
202212,6호선,불광,4380,4360,8740
202212,6호선,삼각지,8061,7397,15458
202212,6호선,상수,10067,11031,21098
202212,6호선,상월곡,7236,6800,14036
202212,6호선,새절,13879,13009,26888
202212,6호선,석계,13843,14470,28313
202212,6호선,신당,9149,9466,18615
202212,6호선,안암,15089,15185,30274
202212,6호선,약수,3902,3850,7752
202212,6호선,역촌,3904,4649,8553
202212,6호선,연신내,1,0,1
202212,6호선,월곡,13858,13371,27229
202212,6호선,월드컵경기장,4128,4404,8532
202212,6호선,응암,18543,18591,37134
202212,6호선,이태원,9241,9287,18528
202212,6호선,증산,10463,10555,21018
202212,6호선,창신,4045,3567,7612
202212,6호선,청구,3938,4175,8113
202212,6호선,태릉입구,6017,6897,12914
202212,6호선,한강진,7748,8731,16479
202212,6호선,합정,13195,13180,26375
202212,6호선,화랑대,13695,10640,24335
202212,6호선,효창공원앞,8052,7711,15763
202212,6호선,고려대,10219,9988,20207
202212,6호선,공덕,20810,20376,41186
202212,6호선,광흥창,10326,10055,20381
202212,6호선,구산,8638,6364,15002
202212,6호선,녹사평,4972,4779,9751
202212,6호선,대흥,10586,11069,21655
202212,6호선,독바위,3005,3088,6093
202212,6호선,돌곶이,10659,9916,20575
202212,6호선,동묘앞,8432,8658,17090
202212,6호선,디지털미디어시티,16260,17982,34242
202212,6호선,마포구청,15819,14218,30037
202212,6호선,망원,14727,15619,30346
202212,6호선,버티고개,2391,2378,4769
202212,6호선,보문,8502,7718,16220
202212,6호선,봉화산,10056,9415,19471
202212,6호선,불광,4682,4613,9295
202212,6호선,삼각지,8785,7820,16605
202212,6호선,상수,10077,11494,21571
202212,6호선,상월곡,7194,6930,14124
202212,6호선,새절,14190,13260,27450
202212,6호선,석계,13778,14446,28224
202212,6호선,신내,1,0,1
202212,6호선,신당,9854,10162,20016
202212,6호선,안암,14773,15089,29862
202212,6호선,약수,3961,3970,7931
202212,6호선,역촌,4066,4764,8830
202212,6호선,연신내,1,0,1
202212,6호선,월곡,14273,13754,28027
202212,6호선,월드컵경기장,4405,4757,9162
202212,6호선,응암,19291,19023,38314
202212,6호선,이태원,9393,9648,19041
202212,6호선,증산,10926,10875,21801
202212,6호선,창신,4132,3680,7812
202212,6호선,청구,4129,4240,8369
202212,6호선,태릉입구,6324,7143,13467
202212,6호선,한강진,8097,9251,17348
202212,6호선,합정,13644,13619,27263
202212,6호선,화랑대,14076,10722,24798
202212,6호선,효창공원앞,8189,7856,16045
202212,6호선,고려대,10087,9891,19978
202212,6호선,공덕,21030,20680,41710
202212,6호선,광흥창,10396,10019,20415
202212,6호선,구산,8735,6464,15199
202212,6호선,녹사평,4958,4817,9775
202212,6호선,대흥,10397,10951,21348
202212,6호선,독바위,2962,3025,5987
202212,6호선,돌곶이,10543,9839,20382
202212,6호선,동묘앞,8466,8755,17221
202212,6호선,디지털미디어시티,15992,17754,33746
202212,6호선,마포구청,15693,14126,29819
202212,6호선,망원,14870,15786,30656
202212,6호선,버티고개,2403,2338,4741
202212,6호선,보문,8401,7679,16080
202212,6호선,봉화산,9964,9377,19341
202212,6호선,불광,4558,4519,9077
202212,6호선,삼각지,8416,7498,15914
202212,6호선,상수,10307,11840,22147
202212,6호선,상월곡,7698,7283,14981
202212,6호선,새절,13828,12865,26693
202212,6호선,석계,13698,14354,28052
202212,6호선,신내,1,0,1
202212,6호선,신당,9209,9587,18796
202212,6호선,안암,14943,14931,29874
202212,6호선,약수,3925,3910,7835
202212,6호선,역촌,4014,4714,8728
202212,6호선,연신내,1,0,1
202212,6호선,월곡,13789,13191,26980
202212,6호선,월드컵경기장,4351,4528,8879
202212,6호선,응암,18955,18696,37651
202212,6호선,이태원,9745,10067,19812
202212,6호선,증산,10715,10693,21408
202212,6호선,창신,3995,3527,7522
202212,6호선,청구,4023,4194,8217
202212,6호선,태릉입구,6202,6771,12973
202212,6호선,한강진,8254,9549,17803
202212,6호선,합정,14082,14115,28197
202212,6호선,화랑대,13342,10258,23600
202212,6호선,효창공원앞,8230,7815,16045
202212,6호선,고려대,9626,9349,18975
202212,6호선,공덕,21108,21027,42135
202212,6호선,광흥창,10155,9871,20026
202212,6호선,구산,8748,6473,15221
202212,6호선,녹사평,5285,5479,10764
202212,6호선,대흥,10280,10380,20660
202212,6호선,독바위,2989,2991,5980
202212,6호선,돌곶이,10649,9690,20339
202212,6호선,동묘앞,8775,8589,17364
202212,6호선,디지털미디어시티,16095,17370,33465
202212,6호선,마포구청,16347,14502,30849
202212,6호선,망원,15881,17244,33125
202212,6호선,버티고개,2401,2369,4770
202212,6호선,보문,8785,7755,16540
202212,6호선,봉화산,9869,9311,19180
202212,6호선,불광,4627,4497,9124
202212,6호선,삼각지,7997,6867,14864
202212,6호선,상수,11132,13666,24798
202212,6호선,상월곡,6967,6283,13250
202212,6호선,새절,14004,12987,26991
202212,6호선,석계,13705,14106,27811
202212,6호선,신내,2,0,2
202212,6호선,신당,9390,8909,18299
202212,6호선,안암,12986,12685,25671
202212,6호선,약수,4071,4145,8216
202212,6호선,역촌,4017,4749,8766
202212,6호선,월곡,13859,13116,26975
202212,6호선,월드컵경기장,4584,4768,9352
202212,6호선,응암,19381,18779,38160
202212,6호선,이태원,10805,11818,22623
202212,6호선,증산,11038,10814,21852
202212,6호선,창신,3965,3309,7274
202212,6호선,청구,4120,4117,8237
202212,6호선,태릉입구,6455,6809,13264
202212,6호선,한강진,8470,9821,18291
202212,6호선,합정,15065,15391,30456
202212,6호선,화랑대,13401,10068,23469
202212,6호선,효창공원앞,8303,7624,15927
202212,6호선,고려대,9900,9622,19522
202212,6호선,공덕,20197,19619,39816
202212,6호선,광흥창,9959,9763,19722
202212,6호선,구산,8323,6423,14746
202212,6호선,녹사평,4570,4455,9025
202212,6호선,대흥,9771,10219,19990
202212,6호선,독바위,2903,3224,6127
202212,6호선,돌곶이,11158,10538,21696
202212,6호선,동묘앞,7931,8381,16312
202212,6호선,디지털미디어시티,15588,17399,32987
202212,6호선,마포구청,15400,13956,29356
202212,6호선,망원,13996,14859,28855
202212,6호선,버티고개,2418,2369,4787
202212,6호선,보문,8066,7549,15615
202212,6호선,봉화산,9607,9201,18808
202212,6호선,불광,4399,4421,8820
202212,6호선,삼각지,7151,6457,13608
202212,6호선,상수,9397,10524,19921
202212,6호선,상월곡,7131,6825,13956
202212,6호선,새절,13496,12873,26369
202212,6호선,석계,13285,14295,27580
202212,6호선,신당,8384,9007,17391
202212,6호선,안암,14324,14858,29182
202212,6호선,약수,3931,3908,7839
202212,6호선,역촌,4009,4751,8760
202212,6호선,월곡,13827,13361,27188
202212,6호선,월드컵경기장,4148,4323,8471
202212,6호선,응암,18572,18829,37401
202212,6호선,이태원,9176,9296,18472
202212,6호선,증산,10633,10645,21278
202212,6호선,창신,3871,3385,7256
202212,6호선,청구,3909,4091,8000
202212,6호선,태릉입구,6065,6694,12759
202212,6호선,한강진,7058,7951,15009
202212,6호선,합정,12978,12889,25867
202212,6호선,화랑대,13547,10573,24120
202212,6호선,효창공원앞,8045,7803,15848
202212,6호선,고려대,10352,10173,20525
202212,6호선,공덕,21176,20802,41978
202212,6호선,광흥창,10155,10095,20250
202212,6호선,구산,8628,6769,15397
202212,6호선,녹사평,4890,4817,9707
202212,6호선,대흥,10518,10943,21461
202212,6호선,독바위,2900,3116,6016
202212,6호선,돌곶이,10690,9904,20594
202212,6호선,동묘앞,8418,8636,17054
202212,6호선,디지털미디어시티,16128,18297,34425
202212,6호선,마포구청,15965,14647,30612
202212,6호선,망원,14684,15736,30420
202212,6호선,버티고개,2460,2464,4924
202212,6호선,보문,8580,7937,16517
202212,6호선,봉화산,10166,9593,19759
202212,6호선,불광,4611,4518,9129
202212,6호선,삼각지,9374,8141,17515
202212,6호선,상수,10495,11551,22046
202212,6호선,상월곡,7332,7047,14379
202212,6호선,새절,13701,13041,26742
202212,6호선,석계,14051,14949,29000
202212,6호선,신당,9466,9878,19344
202212,6호선,안암,14758,14720,29478
202212,6호선,약수,4015,3989,8004
202212,6호선,역촌,4071,4907,8978
202212,6호선,월곡,14021,13555,27576
202212,6호선,월드컵경기장,4143,4462,8605
202212,6호선,응암,19224,19456,38680
202212,6호선,이태원,9520,9812,19332
202212,6호선,증산,11033,11276,22309
202212,6호선,창신,3968,3424,7392
202212,6호선,청구,3994,4258,8252
202212,6호선,태릉입구,6121,6733,12854
202212,6호선,한강진,8209,9279,17488
202212,6호선,합정,14064,13879,27943
202212,6호선,화랑대,13626,10748,24374
202212,6호선,효창공원앞,8179,7955,16134
202212,6호선,고려대,9636,9493,19129
202212,6호선,공덕,20375,19681,40056
202212,6호선,광흥창,9691,9519,19210
202212,6호선,구산,8324,6309,14633
202212,6호선,녹사평,4961,5028,9989
202212,6호선,대흥,9815,10261,20076
202212,6호선,독바위,2916,2993,5909
202212,6호선,돌곶이,10474,9641,20115
202212,6호선,동묘앞,7749,7991,15740
202212,6호선,디지털미디어시티,15676,17543,33219
202212,6호선,마포구청,15114,13646,28760
202212,6호선,망원,14048,14936,28984
202212,6호선,버티고개,2371,2299,4670
202212,6호선,보문,8204,7462,15666
202212,6호선,봉화산,9546,9093,18639
202212,6호선,불광,4587,4466,9053
202212,6호선,삼각지,8182,7310,15492
202212,6호선,상수,10258,11504,21762
202212,6호선,상월곡,7323,6846,14169
202212,6호선,새절,13340,12447,25787
202212,6호선,석계,13360,14019,27379
202212,6호선,신당,9613,9909,19522
202212,6호선,안암,14083,14174,28257
202212,6호선,약수,3798,3720,7518
202212,6호선,역촌,3825,4614,8439
202212,6호선,연신내,1,0,1
202212,6호선,월곡,13451,13017,26468
202212,6호선,월드컵경기장,4182,4605,8787
202212,6호선,응암,18751,18517,37268
202212,6호선,이태원,9470,9623,19093
202212,6호선,증산,10456,10459,20915
202212,6호선,창신,3933,3344,7277
202212,6호선,청구,4088,4118,8206
202212,6호선,태릉입구,5901,6322,12223
202212,6호선,한강진,7911,9115,17026
202212,6호선,합정,13579,13608,27187
202212,6호선,화랑대,13113,10300,23413
202212,6호선,효창공원앞,7873,7525,15398
202212,6호선,고려대,10282,9951,20233
202212,6호선,공덕,21516,20830,42346
202212,6호선,광흥창,10448,10164,20612
202212,6호선,구산,8540,6613,15153
202212,6호선,녹사평,5591,5588,11179
202212,6호선,대흥,10165,10657,20822
202212,6호선,독바위,2984,3149,6133
202212,6호선,돌곶이,10681,9978,20659
202212,6호선,동묘앞,8121,8449,16570
202212,6호선,디지털미디어시티,16198,18330,34528
202212,6호선,마포구청,16548,15056,31604
202212,6호선,망원,15034,16054,31088
202212,6호선,버티고개,2478,2448,4926
202212,6호선,보문,8620,7841,16461
202212,6호선,봉화산,10004,9547,19551
202212,6호선,불광,4697,4581,9278
202212,6호선,삼각지,8256,7366,15622
202212,6호선,상수,10320,11596,21916
202212,6호선,상월곡,7524,6981,14505
202212,6호선,새절,14179,13414,27593
202212,6호선,석계,13841,14667,28508
202212,6호선,신내,1,0,1
202212,6호선,신당,9719,9939,19658
202212,6호선,안암,15171,14710,29881
202212,6호선,약수,3883,3898,7781
202212,6호선,역촌,4119,4970,9089
202212,6호선,연신내,2,0,2
202212,6호선,월곡,12999,12778,25777
202212,6호선,월드컵경기장,4308,4605,8913
202212,6호선,응암,18892,19254,38146
202212,6호선,이태원,10314,10501,20815
202212,6호선,증산,10677,10955,21632
202212,6호선,창신,3951,3320,7271
202212,6호선,청구,4214,4387,8601
202212,6호선,태릉입구,6101,6902,13003
202212,6호선,한강진,8905,10110,19015
202212,6호선,합정,14628,14300,28928
202212,6호선,화랑대,13905,10576,24481
202212,6호선,효창공원앞,8108,7678,15786
202212,6호선,고려대,9806,9479,19285
202212,6호선,공덕,21714,21094,42808
202212,6호선,광흥창,10066,9911,19977
202212,6호선,구산,8545,6259,14804
202212,6호선,녹사평,7941,8116,16057
202212,6호선,대흥,10324,10592,20916
202212,6호선,독바위,2954,2952,5906
202212,6호선,돌곶이,10843,9987,20830
202212,6호선,동묘앞,8570,8443,17013
202212,6호선,디지털미디어시티,15622,17541,33163
202212,6호선,마포구청,16078,14259,30337
202212,6호선,망원,15999,17288,33287
202212,6호선,버티고개,2439,2336,4775
202212,6호선,보문,8710,7726,16436
202212,6호선,봉화산,10029,9362,19391
202212,6호선,불광,4789,4508,9297
202212,6호선,삼각지,8870,7543,16413
202212,6호선,상수,11399,14197,25596
202212,6호선,상월곡,6999,6306,13305
202212,6호선,새절,14246,13395,27641
202212,6호선,석계,14059,14289,28348
202212,6호선,신당,9986,9219,19205
202212,6호선,안암,13161,12687,25848
202212,6호선,약수,4029,4269,8298
202212,6호선,역촌,4181,4832,9013
202212,6호선,월곡,13221,12623,25844
202212,6호선,월드컵경기장,4340,4726,9066
202212,6호선,응암,19370,18974,38344
202212,6호선,이태원,13739,14319,28058
202212,6호선,증산,10923,10719,21642
202212,6호선,창신,4011,3316,7327
202212,6호선,청구,4313,4275,8588
202212,6호선,태릉입구,6224,6783,13007
202212,6호선,한강진,10160,11474,21634
202212,6호선,합정,15915,16067,31982
202212,6호선,화랑대,13530,9997,23527
202212,6호선,효창공원앞,8044,7502,15546
202212,6호선,고려대,9590,9536,19126
202212,6호선,공덕,19785,19415,39200
202212,6호선,광흥창,9426,9325,18751
202212,6호선,구산,8014,6167,14181
202212,6호선,녹사평,4686,4502,9188
202212,6호선,대흥,9356,9883,19239
202212,6호선,독바위,2816,2931,5747
202212,6호선,돌곶이,10999,10279,21278
202212,6호선,동묘앞,7688,8329,16017
202212,6호선,디지털미디어시티,15084,16797,31881
202212,6호선,마포구청,14946,13558,28504
202212,6호선,망원,13598,14620,28218
202212,6호선,버티고개,2250,2309,4559
202212,6호선,보문,7999,7358,15357
202212,6호선,봉화산,9533,8990,18523
202212,6호선,불광,4305,4250,8555
202212,6호선,삼각지,6737,6165,12902
202212,6호선,상수,9292,10377,19669
202212,6호선,상월곡,6714,6282,12996
202212,6호선,새절,13630,12792,26422
202212,6호선,석계,13089,13491,26580
202212,6호선,신내,1,0,1
202212,6호선,신당,8476,9026,17502
202212,6호선,안암,14305,14400,28705
202212,6호선,약수,3773,3798,7571
202212,6호선,역촌,3839,4486,8325
202212,6호선,연신내,3,0,3
202212,6호선,월곡,12670,12366,25036
202212,6호선,월드컵경기장,3788,4000,7788
202212,6호선,응암,17910,18149,36059
202212,6호선,이태원,9103,9165,18268
202212,6호선,증산,10097,10162,20259
202212,6호선,창신,3736,3154,6890
202212,6호선,청구,3787,3918,7705
202212,6호선,태릉입구,5777,6587,12364
202212,6호선,한강진,6799,7739,14538
202212,6호선,합정,13321,13044,26365
202212,6호선,화랑대,13094,9722,22816
202212,6호선,효창공원앞,7625,7144,14769
202212,6호선,고려대,9448,9391,18839
202212,6호선,공덕,21255,20728,41983
202212,6호선,광흥창,10062,9871,19933
202212,6호선,구산,8490,6515,15005
202212,6호선,녹사평,5212,5012,10224
202212,6호선,대흥,9766,10275,20041
202212,6호선,독바위,2916,3036,5952
202212,6호선,돌곶이,10502,9761,20263
202212,6호선,동묘앞,8465,8561,17026
202212,6호선,디지털미디어시티,15915,17705,33620
202212,6호선,마포구청,15771,14289,30060
202212,6호선,망원,15052,15983,31035
202212,6호선,버티고개,2357,2344,4701
202212,6호선,보문,8287,7654,15941
202212,6호선,봉화산,9860,9227,19087
202212,6호선,불광,4694,4508,9202
202212,6호선,삼각지,8287,7491,15778
202212,6호선,상수,9682,11096,20778
202212,6호선,상월곡,6870,6142,13012
202212,6호선,새절,14198,13338,27536
202212,6호선,석계,13429,14082,27511
202212,6호선,신내,1,0,1
202212,6호선,신당,9044,9610,18654
202212,6호선,안암,13648,13420,27068
202212,6호선,약수,3825,3912,7737
202212,6호선,역촌,4006,4886,8892
202212,6호선,월곡,12723,12427,25150
202212,6호선,월드컵경기장,4395,4562,8957
202212,6호선,응암,19142,19057,38199
202212,6호선,이태원,10038,10168,20206
202212,6호선,증산,10764,10793,21557
202212,6호선,창신,3883,3186,7069
202212,6호선,청구,4004,4177,8181
202212,6호선,태릉입구,6143,6988,13131
202212,6호선,한강진,9298,10747,20045
202212,6호선,합정,14624,14483,29107
202212,6호선,화랑대,13136,9918,23054
202212,6호선,효창공원앞,7734,7014,14748
202212,6호선,고려대,10203,10048,20251
202212,6호선,공덕,22150,21170,43320
202212,6호선,광흥창,10668,10500,21168
202212,6호선,구산,8701,6542,15243
202212,6호선,녹사평,5499,5522,11021
202212,6호선,대흥,10304,10580,20884
202212,6호선,독바위,3070,3124,6194
202212,6호선,돌곶이,11443,10428,21871
202212,6호선,동묘앞,8362,8685,17047
202212,6호선,디지털미디어시티,16804,18995,35799
202212,6호선,마포구청,16261,14505,30766
202212,6호선,망원,15704,16596,32300
202212,6호선,버티고개,2591,2496,5087
202212,6호선,보문,9099,8100,17199
202212,6호선,봉화산,10344,9725,20069
202212,6호선,불광,4840,4724,9564
202212,6호선,삼각지,8535,7746,16281
202212,6호선,상수,10473,11756,22229
202212,6호선,상월곡,7160,6435,13595
202212,6호선,새절,14761,13661,28422
202212,6호선,석계,14322,14616,28938
202212,6호선,신당,10546,10699,21245
202212,6호선,안암,15296,15481,30777
202212,6호선,약수,4102,4128,8230
202212,6호선,역촌,4383,4968,9351
202212,6호선,월곡,13409,13295,26704
202212,6호선,월드컵경기장,4326,4724,9050
202212,6호선,응암,19530,19325,38855
202212,6호선,이태원,10331,10609,20940
202212,6호선,증산,11145,11034,22179
202212,6호선,창신,4207,3339,7546
202212,6호선,청구,4252,4317,8569
202212,6호선,태릉입구,6462,7294,13756
202212,6호선,한강진,10576,11934,22510
202212,6호선,합정,15100,15101,30201
202212,6호선,화랑대,14430,10763,25193
202212,6호선,효창공원앞,8253,7466,15719
202212,6호선,고려대,9403,9237,18640
202212,6호선,공덕,20937,20533,41470
202212,6호선,광흥창,10307,10126,20433
202212,6호선,구산,8407,6501,14908
202212,6호선,녹사평,5322,5250,10572
202212,6호선,대흥,9440,9984,19424
202212,6호선,독바위,2922,3059,5981
202212,6호선,돌곶이,10647,9705,20352
202212,6호선,동묘앞,8435,8632,17067
202212,6호선,디지털미디어시티,15536,17758,33294
202212,6호선,마포구청,15679,14217,29896
202212,6호선,망원,15628,16841,32469
202212,6호선,버티고개,2402,2376,4778
202212,6호선,보문,8686,7866,16552
202212,6호선,봉화산,9779,9288,19067
202212,6호선,불광,4527,4425,8952
202212,6호선,삼각지,8129,7349,15478
202212,6호선,상수,10678,12165,22843
202212,6호선,상월곡,7268,6693,13961
202212,6호선,새절,13561,12667,26228
202212,6호선,석계,13563,14042,27605
202212,6호선,신당,9474,9835,19309
202212,6호선,안암,13788,13369,27157
202212,6호선,약수,3923,4018,7941
202212,6호선,역촌,4080,4845,8925
202212,6호선,월곡,13025,12667,25692
202212,6호선,월드컵경기장,4044,4324,8368
202212,6호선,응암,18973,18895,37868
202212,6호선,이태원,10185,10558,20743
202212,6호선,증산,10561,10433,20994
202212,6호선,창신,3890,3275,7165
202212,6호선,청구,4155,4263,8418
202212,6호선,태릉입구,7178,7645,14823
202212,6호선,한강진,9321,10567,19888
202212,6호선,합정,15762,14887,30649
202212,6호선,화랑대,12875,9779,22654
202212,6호선,효창공원앞,7716,7184,14900
202212,6호선,고려대,8934,8584,17518
202212,6호선,공덕,19412,19118,38530
202212,6호선,광흥창,9598,9418,19016
202212,6호선,구산,8935,6275,15210
202212,6호선,녹사평,5294,5549,10843
202212,6호선,대흥,9279,9570,18849
202212,6호선,독바위,3339,2862,6201
202212,6호선,돌곶이,10035,9240,19275
202212,6호선,동묘앞,8446,8124,16570
202212,6호선,디지털미디어시티,14637,15983,30620
202212,6호선,마포구청,14844,13468,28312
202212,6호선,망원,15578,16973,32551
202212,6호선,버티고개,2200,2278,4478
202212,6호선,보문,8348,7451,15799
202212,6호선,봉화산,9059,8716,17775
202212,6호선,불광,6013,4679,10692
202212,6호선,삼각지,7572,6719,14291
202212,6호선,상수,11074,13776,24850
202212,6호선,상월곡,6584,5860,12444
202212,6호선,새절,13334,11826,25160
202212,6호선,석계,12797,13149,25946
202212,6호선,신당,9506,8817,18323
202212,6호선,안암,12143,11495,23638
202212,6호선,약수,3933,4292,8225
202212,6호선,역촌,4098,4620,8718
202212,6호선,연신내,3,0,3
202212,6호선,월곡,12151,11636,23787
202212,6호선,월드컵경기장,4081,4424,8505
202212,6호선,응암,18759,18142,36901
202212,6호선,이태원,11207,12550,23757
202212,6호선,증산,10404,10101,20505
202212,6호선,창신,3777,3173,6950
202212,6호선,청구,3824,4134,7958
202212,6호선,태릉입구,5940,6275,12215
202212,6호선,한강진,9398,10900,20298
202212,6호선,합정,15584,15229,30813
202212,6호선,화랑대,12389,9187,21576
202212,6호선,효창공원앞,7588,7014,14602
202212,6호선,고려대,8556,8380,16936
202212,6호선,공덕,19485,19018,38503
202212,6호선,광흥창,9182,9029,18211
202212,6호선,구산,7824,6001,13825
202212,6호선,녹사평,4557,4404,8961
202212,6호선,대흥,8247,8753,17000
202212,6호선,독바위,2799,2893,5692
202212,6호선,돌곶이,10678,9981,20659
202212,6호선,동묘앞,8242,8477,16719
202212,6호선,디지털미디어시티,14512,16004,30516
202212,6호선,마포구청,14509,12939,27448
202212,6호선,망원,13656,14814,28470
202212,6호선,버티고개,2105,2172,4277
202212,6호선,보문,7590,7012,14602
202212,6호선,봉화산,8999,8474,17473
202212,6호선,불광,4439,4188,8627
202212,6호선,삼각지,6271,5727,11998
202212,6호선,상수,9299,10094,19393
202212,6호선,상월곡,6268,5662,11930
202212,6호선,새절,12672,11832,24504
202212,6호선,석계,12358,13074,25432
202212,6호선,신당,8375,8962,17337
202212,6호선,안암,11427,11613,23040
202212,6호선,약수,3765,3794,7559
202212,6호선,역촌,3808,4445,8253
202212,6호선,월곡,11608,11462,23070
202212,6호선,월드컵경기장,4023,4358,8381
202212,6호선,응암,17836,17854,35690
202212,6호선,이태원,9831,9934,19765
202212,6호선,증산,9986,9992,19978
202212,6호선,창신,3502,2919,6421
202212,6호선,청구,3792,4004,7796
202212,6호선,태릉입구,5589,6041,11630
202212,6호선,한강진,6585,7560,14145
202212,6호선,합정,13346,13082,26428
202212,6호선,화랑대,11624,9019,20643
202212,6호선,효창공원앞,7105,6527,13632
202212,6호선,고려대,8674,8380,17054
202212,6호선,공덕,20500,19958,40458
202212,6호선,광흥창,9664,9491,19155
202212,6호선,구산,8430,6429,14859
202212,6호선,녹사평,5015,5000,10015
202212,6호선,대흥,8767,9075,17842
202212,6호선,독바위,2914,2997,5911
202212,6호선,돌곶이,10106,9291,19397
202212,6호선,동묘앞,8492,8647,17139
202212,6호선,디지털미디어시티,15217,16969,32186
202212,6호선,마포구청,15058,13727,28785
202212,6호선,망원,14696,15739,30435
202212,6호선,버티고개,2133,2196,4329
202212,6호선,보문,8053,7366,15419
202212,6호선,봉화산,9332,8884,18216
202212,6호선,불광,4553,4352,8905
202212,6호선,삼각지,7876,7007,14883
202212,6호선,상수,9716,10905,20621
202212,6호선,상월곡,6469,5703,12172
202212,6호선,새절,13384,12375,25759
202212,6호선,석계,13150,13560,26710
202212,6호선,신내,1,0,1
202212,6호선,신당,9259,9637,18896
202212,6호선,안암,11883,11864,23747
202212,6호선,약수,3867,3961,7828
202212,6호선,역촌,3844,4595,8439
202212,6호선,연신내,1,0,1
202212,6호선,월곡,11974,11846,23820
202212,6호선,월드컵경기장,4318,4591,8909
202212,6호선,응암,18444,18388,36832
202212,6호선,이태원,10364,10570,20934
202212,6호선,증산,10455,10275,20730
202212,6호선,창신,3755,3077,6832
202212,6호선,청구,3996,4114,8110
202212,6호선,태릉입구,5909,6343,12252
202212,6호선,한강진,8890,10048,18938
202212,6호선,합정,14602,14254,28856
202212,6호선,화랑대,12189,9341,21530
202212,6호선,효창공원앞,7316,6608,13924
202212,6호선,고려대,8765,8474,17239
202212,6호선,공덕,20640,20068,40708
202212,6호선,광흥창,9877,9590,19467
202212,6호선,구산,8123,6094,14217
202212,6호선,녹사평,5147,5296,10443
202212,6호선,대흥,8851,9263,18114
202212,6호선,독바위,2840,2968,5808
202212,6호선,돌곶이,10285,9499,19784
202212,6호선,동묘앞,8404,8427,16831
202212,6호선,디지털미디어시티,15245,16863,32108
202212,6호선,마포구청,14983,13490,28473
202212,6호선,망원,15207,16270,31477
202212,6호선,버티고개,2187,2241,4428
202212,6호선,보문,8037,7432,15469
202212,6호선,봉화산,9636,9117,18753
202212,6호선,불광,4671,4498,9169
202212,6호선,삼각지,7926,7184,15110
202212,6호선,상수,10072,11471,21543
202212,6호선,상월곡,6364,5692,12056
202212,6호선,새절,13351,12206,25557
202212,6호선,석계,13178,13527,26705
202212,6호선,신당,10013,10122,20135
202212,6호선,안암,11641,11668,23309
202212,6호선,약수,3945,3946,7891
202212,6호선,역촌,4064,4832,8896
202212,6호선,월곡,12119,11790,23909
202212,6호선,월드컵경기장,4512,4749,9261
202212,6호선,응암,18635,18356,36991
202212,6호선,이태원,10505,10792,21297
202212,6호선,증산,10467,10249,20716
202212,6호선,창신,3753,3156,6909
202212,6호선,청구,4047,4158,8205
202212,6호선,태릉입구,6029,6491,12520
202212,6호선,한강진,10128,11252,21380
202212,6호선,합정,14713,14410,29123
202212,6호선,화랑대,12384,9357,21741
202212,6호선,효창공원앞,7429,6853,14282
202212,6호선,고려대,8818,8325,17143
202212,6호선,공덕,19959,19466,39425
202212,6호선,광흥창,9345,9131,18476
202212,6호선,구산,8060,6038,14098
202212,6호선,녹사평,5255,5331,10586
202212,6호선,대흥,8712,8983,17695
202212,6호선,독바위,2759,2789,5548
202212,6호선,돌곶이,9912,9210,19122
202212,6호선,동묘앞,8296,8371,16667
202212,6호선,디지털미디어시티,14813,16349,31162
202212,6호선,마포구청,14939,13404,28343
202212,6호선,망원,15312,16460,31772
202212,6호선,버티고개,2168,2262,4430
202212,6호선,보문,7984,7189,15173
202212,6호선,봉화산,9188,8645,17833
202212,6호선,불광,4635,4441,9076
202212,6호선,삼각지,7578,6777,14355
202212,6호선,상수,10415,12107,22522
202212,6호선,상월곡,7092,6375,13467
202212,6호선,새절,13277,12116,25393
202212,6호선,석계,12766,12967,25733
202212,6호선,신내,1,0,1
202212,6호선,신당,8985,9295,18280
202212,6호선,안암,11375,11406,22781
202212,6호선,약수,3751,3907,7658
202212,6호선,역촌,3924,4487,8411
202212,6호선,월곡,11923,11681,23604
202212,6호선,월드컵경기장,4414,4759,9173
202212,6호선,응암,18041,18036,36077
202212,6호선,이태원,10520,10766,21286
202212,6호선,증산,10379,9985,20364
202212,6호선,창신,3694,3171,6865
202212,6호선,청구,4005,3990,7995
202212,6호선,태릉입구,5796,6135,11931
202212,6호선,한강진,9317,10792,20109
202212,6호선,합정,15003,14479,29482
202212,6호선,화랑대,11977,9291,21268
202212,6호선,효창공원앞,7470,6746,14216
202212,6호선,고려대,8442,7876,16318
202212,6호선,공덕,18853,18247,37100
202212,6호선,광흥창,8805,8549,17354
202212,6호선,구산,8027,6115,14142
202212,6호선,녹사평,5819,6103,11922
202212,6호선,대흥,8650,8638,17288
202212,6호선,독바위,2772,2724,5496
202212,6호선,돌곶이,9650,8826,18476
202212,6호선,동묘앞,8555,8139,16694
202212,6호선,디지털미디어시티,13667,15125,28792
202212,6호선,마포구청,14526,12811,27337
202212,6호선,망원,16289,17849,34138
202212,6호선,버티고개,2036,2098,4134
202212,6호선,보문,7921,6827,14748
202212,6호선,봉화산,8962,8493,17455
202212,6호선,불광,4663,4517,9180
202212,6호선,삼각지,7972,6984,14956
202212,6호선,상수,10843,13756,24599
202212,6호선,상월곡,6314,5427,11741
202212,6호선,새절,12855,11792,24647
202212,6호선,석계,12427,12605,25032
202212,6호선,신당,9450,8776,18226
202212,6호선,안암,10645,9974,20619
202212,6호선,약수,3816,3856,7672
202212,6호선,역촌,3883,4378,8261
202212,6호선,월곡,11796,11129,22925
202212,6호선,월드컵경기장,4548,4738,9286
202212,6호선,응암,18239,17711,35950
202212,6호선,이태원,12081,13346,25427
202212,6호선,증산,10406,9927,20333
202212,6호선,창신,3592,2907,6499
202212,6호선,청구,3843,3849,7692
202212,6호선,태릉입구,5904,6303,12207
202212,6호선,한강진,9986,11855,21841
202212,6호선,합정,15939,15417,31356
202212,6호선,화랑대,11610,8643,20253
202212,6호선,효창공원앞,7126,6274,13400
