사용월,호선명,지하철역,승차총승객수,하차총승객수,승하차총승객수
202201,공항철도 1호선,검암,6277,6192,12469
202201,공항철도 1호선,계양,9692,9100,18792
202201,공항철도 1호선,공덕,2118,2671,4789
202201,공항철도 1호선,공항화물청사,2232,2374,4606
202201,공항철도 1호선,김포공항,11597,6778,18375
202201,공항철도 1호선,디지털미디어시티,13893,12516,26409
202201,공항철도 1호선,마곡나루,8468,7970,16438
202201,공항철도 1호선,서울,6955,5972,12927
202201,공항철도 1호선,영종,2771,2782,5553
202201,공항철도 1호선,운서,5917,6075,11992
202201,공항철도 1호선,인천공항1터미널,3444,3690,7134
202201,공항철도 1호선,인천공항2터미널,2032,1953,3985
202201,공항철도 1호선,청라국제도시,6469,5999,12468
202201,공항철도 1호선,홍대입구,8463,8721,17184
202201,공항철도 1호선,검암,6453,6288,12741
202201,공항철도 1호선,계양,9741,9256,18997
202201,공항철도 1호선,공덕,2234,2780,5014
202201,공항철도 1호선,공항화물청사,2324,2514,4838
202201,공항철도 1호선,김포공항,10970,5986,16956
202201,공항철도 1호선,디지털미디어시티,13872,12599,26471
202201,공항철도 1호선,마곡나루,8652,8106,16758
202201,공항철도 1호선,서울,6535,5727,12262
202201,공항철도 1호선,영종,2853,2798,5651
202201,공항철도 1호선,운서,6035,6131,12166
202201,공항철도 1호선,인천공항1터미널,3527,3855,7382
202201,공항철도 1호선,인천공항2터미널,2009,2108,4117
202201,공항철도 1호선,청라국제도시,6587,6219,12806
202201,공항철도 1호선,홍대입구,8879,9076,17955
202201,공항철도 1호선,검암,6436,6292,12728
202201,공항철도 1호선,계양,9679,9189,18868
202201,공항철도 1호선,공덕,2187,2775,4962
202201,공항철도 1호선,공항화물청사,2224,2447,4671
202201,공항철도 1호선,김포공항,11128,6233,17361
202201,공항철도 1호선,디지털미디어시티,14024,12460,26484
202201,공항철도 1호선,마곡나루,8583,8234,16817
202201,공항철도 1호선,서울,6250,5837,12087
202201,공항철도 1호선,영종,2744,2811,5555
202201,공항철도 1호선,운서,6263,6141,12404
202201,공항철도 1호선,인천공항1터미널,3532,3749,7281
202201,공항철도 1호선,인천공항2터미널,2127,2022,4149
202201,공항철도 1호선,청라국제도시,6556,6160,12716
202201,공항철도 1호선,홍대입구,8796,8848,17644
202201,공항철도 1호선,검암,6516,6358,12874
202201,공항철도 1호선,계양,9951,9342,19293
202201,공항철도 1호선,공덕,2204,2866,5070
202201,공항철도 1호선,공항화물청사,2295,2481,4776
202201,공항철도 1호선,김포공항,10909,6561,17470
202201,공항철도 1호선,디지털미디어시티,14124,12741,26865
202201,공항철도 1호선,마곡나루,8573,8180,16753
202201,공항철도 1호선,서울,6785,6376,13161
202201,공항철도 1호선,영종,2782,2848,5630
202201,공항철도 1호선,운서,6376,6410,12786
202201,공항철도 1호선,인천공항1터미널,3660,3729,7389
202201,공항철도 1호선,인천공항2터미널,2291,2187,4478
202201,공항철도 1호선,청라국제도시,6759,6225,12984
202201,공항철도 1호선,홍대입구,9087,9319,18406
202201,공항철도 1호선,검암,6577,6487,13064
202201,공항철도 1호선,계양,10059,9177,19236
202201,공항철도 1호선,공덕,2265,2913,5178
202201,공항철도 1호선,공항화물청사,2269,2399,4668
202201,공항철도 1호선,김포공항,13409,7120,20529
202201,공항철도 1호선,디지털미디어시티,13673,12252,25925
202201,공항철도 1호선,마곡나루,8398,7744,16142
202201,공항철도 1호선,서울,8082,7816,15898
202201,공항철도 1호선,영종,2944,3016,5960
202201,공항철도 1호선,운서,6445,6355,12800
202201,공항철도 1호선,인천공항1터미널,3825,4093,7918
202201,공항철도 1호선,인천공항2터미널,2280,2094,4374
202201,공항철도 1호선,청라국제도시,6717,6424,13141
202201,공항철도 1호선,홍대입구,10075,10175,20250
202201,공항철도 1호선,검암,6479,6329,12808
202201,공항철도 1호선,계양,9769,9390,19159
202201,공항철도 1호선,공덕,2142,2776,4918
202201,공항철도 1호선,공항화물청사,2211,2407,4618
202201,공항철도 1호선,김포공항,11790,6943,18733
202201,공항철도 1호선,디지털미디어시티,14161,12730,26891
202201,공항철도 1호선,마곡나루,8755,8343,17098
202201,공항철도 1호선,서울,7054,6596,13650
202201,공항철도 1호선,영종,2921,2883,5804
202201,공항철도 1호선,운서,6476,6377,12853
202201,공항철도 1호선,인천공항1터미널,3571,3847,7418
202201,공항철도 1호선,인천공항2터미널,2206,1969,4175
202201,공항철도 1호선,청라국제도시,6627,6147,12774
202201,공항철도 1호선,홍대입구,9072,8905,17977
202201,공항철도 1호선,검암,6289,6295,12584
202201,공항철도 1호선,계양,10063,9562,19625
202201,공항철도 1호선,공덕,2282,2960,5242
202201,공항철도 1호선,공항화물청사,2308,2467,4775
202201,공항철도 1호선,김포공항,10947,6380,17327
202201,공항철도 1호선,디지털미디어시티,14412,13084,27496
202201,공항철도 1호선,마곡나루,8702,8445,17147
202201,공항철도 1호선,서울,6951,6315,13266
202201,공항철도 1호선,영종,2820,2758,5578
202201,공항철도 1호선,운서,6250,6353,12603
202201,공항철도 1호선,인천공항1터미널,3605,3887,7492
202201,공항철도 1호선,인천공항2터미널,2157,2157,4314
202201,공항철도 1호선,청라국제도시,6801,6487,13288
202201,공항철도 1호선,홍대입구,9059,9226,18285
202201,공항철도 1호선,검암,6449,6342,12791
202201,공항철도 1호선,계양,9791,9245,19036
202201,공항철도 1호선,공덕,2195,2892,5087
202201,공항철도 1호선,공항화물청사,2216,2465,4681
202201,공항철도 1호선,김포공항,10853,6399,17252
202201,공항철도 1호선,디지털미디어시티,14330,12914,27244
202201,공항철도 1호선,마곡나루,8508,8122,16630
202201,공항철도 1호선,서울,6969,6421,13390
202201,공항철도 1호선,영종,2700,2781,5481
202201,공항철도 1호선,운서,6225,6089,12314
202201,공항철도 1호선,인천공항1터미널,3679,3974,7653
202201,공항철도 1호선,인천공항2터미널,2130,2039,4169
202201,공항철도 1호선,청라국제도시,6683,6309,12992
202201,공항철도 1호선,홍대입구,9082,9139,18221
202201,공항철도 1호선,검암,6461,6360,12821
202201,공항철도 1호선,계양,9866,9374,19240
202201,공항철도 1호선,공덕,2254,2862,5116
202201,공항철도 1호선,공항화물청사,2279,2507,4786
202201,공항철도 1호선,김포공항,10981,6242,17223
202201,공항철도 1호선,디지털미디어시티,14236,12714,26950
202201,공항철도 1호선,마곡나루,8656,8423,17079
202201,공항철도 1호선,서울,7144,6641,13785
202201,공항철도 1호선,영종,2836,2765,5601
202201,공항철도 1호선,운서,6140,6187,12327
202201,공항철도 1호선,인천공항1터미널,3539,3718,7257
202201,공항철도 1호선,인천공항2터미널,2282,2023,4305
202201,공항철도 1호선,청라국제도시,6670,6325,12995
202201,공항철도 1호선,홍대입구,9404,9503,18907
202201,공항철도 1호선,검암,6593,6557,13150
202201,공항철도 1호선,계양,9880,9337,19217
202201,공항철도 1호선,공덕,2248,2976,5224
202201,공항철도 1호선,공항화물청사,2261,2414,4675
202201,공항철도 1호선,김포공항,13982,7251,21233
202201,공항철도 1호선,디지털미디어시티,13868,12294,26162
202201,공항철도 1호선,마곡나루,8269,7754,16023
202201,공항철도 1호선,서울,8651,8303,16954
202201,공항철도 1호선,영종,2829,2954,5783
202201,공항철도 1호선,운서,6452,6279,12731
202201,공항철도 1호선,인천공항1터미널,3766,4193,7959
202201,공항철도 1호선,인천공항2터미널,2349,2152,4501
202201,공항철도 1호선,청라국제도시,6828,6456,13284
202201,공항철도 1호선,홍대입구,10621,10857,21478
202201,공항철도 1호선,검암,6428,6224,12652
202201,공항철도 1호선,계양,9999,9483,19482
202201,공항철도 1호선,공덕,2294,2952,5246
202201,공항철도 1호선,공항화물청사,2284,2437,4721
202201,공항철도 1호선,김포공항,11997,6903,18900
202201,공항철도 1호선,디지털미디어시티,14606,12910,27516
202201,공항철도 1호선,마곡나루,9195,8357,17552
202201,공항철도 1호선,서울,7423,6725,14148
202201,공항철도 1호선,영종,2819,2834,5653
202201,공항철도 1호선,운서,6133,6135,12268
202201,공항철도 1호선,인천공항1터미널,3425,3607,7032
202201,공항철도 1호선,인천공항2터미널,2103,1878,3981
202201,공항철도 1호선,청라국제도시,6805,6313,13118
202201,공항철도 1호선,홍대입구,8906,8810,17716
202201,공항철도 1호선,검암,6570,6424,12994
202201,공항철도 1호선,계양,10043,9375,19418
202201,공항철도 1호선,공덕,2300,2923,5223
202201,공항철도 1호선,공항화물청사,2311,2476,4787
202201,공항철도 1호선,김포공항,11053,6644,17697
202201,공항철도 1호선,디지털미디어시티,14492,13173,27665
202201,공항철도 1호선,마곡나루,9042,8727,17769
202201,공항철도 1호선,서울,7128,6552,13680
202201,공항철도 1호선,영종,2784,2731,5515
202201,공항철도 1호선,운서,6081,6168,12249
202201,공항철도 1호선,인천공항1터미널,3664,3626,7290
202201,공항철도 1호선,인천공항2터미널,2143,2035,4178
202201,공항철도 1호선,청라국제도시,6822,6431,13253
202201,공항철도 1호선,홍대입구,9005,9218,18223
202201,공항철도 1호선,검암,6766,6608,13374
202201,공항철도 1호선,계양,10257,9721,19978
202201,공항철도 1호선,공덕,2394,3147,5541
202201,공항철도 1호선,공항화물청사,2380,2596,4976
202201,공항철도 1호선,김포공항,12085,6751,18836
202201,공항철도 1호선,디지털미디어시티,15553,13714,29267
202201,공항철도 1호선,마곡나루,9430,8817,18247
202201,공항철도 1호선,서울,7573,6883,14456
202201,공항철도 1호선,영종,2965,2959,5924
202201,공항철도 1호선,운서,6293,6312,12605
202201,공항철도 1호선,인천공항1터미널,3563,3776,7339
202201,공항철도 1호선,인천공항2터미널,2248,2047,4295
202201,공항철도 1호선,청라국제도시,6902,6619,13521
202201,공항철도 1호선,홍대입구,9135,9487,18622
202201,공항철도 1호선,검암,6673,6628,13301
202201,공항철도 1호선,계양,10253,9443,19696
202201,공항철도 1호선,공덕,2297,2980,5277
202201,공항철도 1호선,공항화물청사,2338,2546,4884
202201,공항철도 1호선,김포공항,11995,6361,18356
202201,공항철도 1호선,디지털미디어시티,14688,13248,27936
202201,공항철도 1호선,마곡나루,8821,8437,17258
202201,공항철도 1호선,서울,7493,6907,14400
202201,공항철도 1호선,영종,2855,2866,5721
202201,공항철도 1호선,운서,6294,6222,12516
202201,공항철도 1호선,인천공항1터미널,3306,3673,6979
202201,공항철도 1호선,인천공항2터미널,2125,2125,4250
202201,공항철도 1호선,청라국제도시,6863,6463,13326
202201,공항철도 1호선,홍대입구,9702,9632,19334
202201,공항철도 1호선,검암,6713,6689,13402
202201,공항철도 1호선,계양,9938,9492,19430
202201,공항철도 1호선,공덕,2313,3134,5447
202201,공항철도 1호선,공항화물청사,2342,2475,4817
202201,공항철도 1호선,김포공항,13681,6579,20260
202201,공항철도 1호선,디지털미디어시티,14093,12550,26643
202201,공항철도 1호선,마곡나루,8563,7935,16498
202201,공항철도 1호선,서울,8801,8243,17044
202201,공항철도 1호선,영종,2943,3018,5961
202201,공항철도 1호선,운서,6638,6503,13141
202201,공항철도 1호선,인천공항1터미널,3370,3820,7190
202201,공항철도 1호선,인천공항2터미널,2137,2053,4190
202201,공항철도 1호선,청라국제도시,6852,6499,13351
202201,공항철도 1호선,홍대입구,10129,10441,20570
202201,공항철도 1호선,검암,6821,6478,13299
202201,공항철도 1호선,계양,10021,9436,19457
202201,공항철도 1호선,공덕,2257,2847,5104
202201,공항철도 1호선,공항화물청사,2339,2488,4827
202201,공항철도 1호선,김포공항,11517,6827,18344
202201,공항철도 1호선,디지털미디어시티,14403,13068,27471
202201,공항철도 1호선,마곡나루,9104,8776,17880
202201,공항철도 1호선,서울,7358,6956,14314
202201,공항철도 1호선,영종,2909,2872,5781
202201,공항철도 1호선,운서,6268,6325,12593
202201,공항철도 1호선,인천공항1터미널,3177,3454,6631
202201,공항철도 1호선,인천공항2터미널,1988,1883,3871
202201,공항철도 1호선,청라국제도시,6733,6261,12994
202201,공항철도 1호선,홍대입구,8910,9006,17916
202201,공항철도 1호선,검암,6719,6560,13279
202201,공항철도 1호선,계양,10146,9605,19751
202201,공항철도 1호선,공덕,2360,3050,5410
202201,공항철도 1호선,공항화물청사,2309,2540,4849
202201,공항철도 1호선,김포공항,11336,6670,18006
202201,공항철도 1호선,디지털미디어시티,14533,13256,27789
202201,공항철도 1호선,마곡나루,9456,9035,18491
202201,공항철도 1호선,서울,7022,6581,13603
202201,공항철도 1호선,영종,2818,2859,5677
202201,공항철도 1호선,운서,6249,6236,12485
202201,공항철도 1호선,인천공항1터미널,3176,3503,6679
202201,공항철도 1호선,인천공항2터미널,1986,1973,3959
202201,공항철도 1호선,청라국제도시,6801,6529,13330
202201,공항철도 1호선,홍대입구,9275,9237,18512
202201,공항철도 1호선,검암,6734,6562,13296
202201,공항철도 1호선,계양,10158,9524,19682
202201,공항철도 1호선,공덕,2258,2956,5214
202201,공항철도 1호선,공항화물청사,2288,2548,4836
202201,공항철도 1호선,김포공항,11575,6525,18100
202201,공항철도 1호선,디지털미디어시티,14728,13258,27986
202201,공항철도 1호선,마곡나루,9227,8851,18078
202201,공항철도 1호선,서울,7071,6853,13924
202201,공항철도 1호선,영종,2920,2909,5829
202201,공항철도 1호선,운서,6390,6244,12634
202201,공항철도 1호선,인천공항1터미널,3245,3540,6785
202201,공항철도 1호선,인천공항2터미널,1962,1905,3867
202201,공항철도 1호선,청라국제도시,6897,6459,13356
202201,공항철도 1호선,홍대입구,9430,9473,18903
202201,공항철도 1호선,검암,6628,6507,13135
202201,공항철도 1호선,계양,9934,9243,19177
202201,공항철도 1호선,공덕,2380,2924,5304
202201,공항철도 1호선,공항화물청사,2258,2443,4701
202201,공항철도 1호선,김포공항,11960,7214,19174
202201,공항철도 1호선,디지털미디어시티,14592,13072,27664
202201,공항철도 1호선,마곡나루,8874,8282,17156
202201,공항철도 1호선,서울,7083,7897,14980
202201,공항철도 1호선,영종,2827,2849,5676
202201,공항철도 1호선,운서,6298,6151,12449
202201,공항철도 1호선,인천공항1터미널,3171,3425,6596
202201,공항철도 1호선,인천공항2터미널,2045,2069,4114
202201,공항철도 1호선,청라국제도시,6596,6382,12978
202201,공항철도 1호선,홍대입구,9567,9311,18878
202201,공항철도 1호선,검암,6391,6254,12645
202201,공항철도 1호선,계양,9470,8894,18364
202201,공항철도 1호선,공덕,2262,2846,5108
202201,공항철도 1호선,공항화물청사,2315,2398,4713
202201,공항철도 1호선,김포공항,13464,7853,21317
202201,공항철도 1호선,디지털미디어시티,13297,11692,24989
202201,공항철도 1호선,마곡나루,7345,6800,14145
202201,공항철도 1호선,서울,6656,6664,13320
202201,공항철도 1호선,영종,2830,2919,5749
202201,공항철도 1호선,운서,6368,6079,12447
202201,공항철도 1호선,인천공항1터미널,3336,3767,7103
202201,공항철도 1호선,인천공항2터미널,2042,1908,3950
202201,공항철도 1호선,청라국제도시,6397,5974,12371
202201,공항철도 1호선,홍대입구,9662,9741,19403
202201,공항철도 1호선,검암,2252,2347,4599
202201,공항철도 1호선,계양,3151,3163,6314
202201,공항철도 1호선,공덕,811,952,1763
202201,공항철도 1호선,공항화물청사,833,876,1709
202201,공항철도 1호선,김포공항,8697,4721,13418
202201,공항철도 1호선,디지털미디어시티,2280,2036,4316
202201,공항철도 1호선,마곡나루,1255,1287,2542
202201,공항철도 1호선,서울,3675,4141,7816
202201,공항철도 1호선,영종,1537,1516,3053
202201,공항철도 1호선,운서,3607,3245,6852
202201,공항철도 1호선,인천공항1터미널,2635,2795,5430
202201,공항철도 1호선,인천공항2터미널,1533,1411,2944
202201,공항철도 1호선,청라국제도시,1836,1807,3643
202201,공항철도 1호선,홍대입구,5113,4476,9589
202202,공항철도 1호선,검암,2396,2420,4816
202202,공항철도 1호선,계양,3234,3042,6276
202202,공항철도 1호선,공덕,676,1084,1760
202202,공항철도 1호선,공항화물청사,764,845,1609
202202,공항철도 1호선,김포공항,10951,4902,15853
202202,공항철도 1호선,디지털미디어시티,2167,2274,4441
202202,공항철도 1호선,마곡나루,1213,1330,2543
202202,공항철도 1호선,서울,4841,3412,8253
202202,공항철도 1호선,영종,1456,1469,2925
202202,공항철도 1호선,운서,3308,3518,6826
202202,공항철도 1호선,인천공항1터미널,2599,2860,5459
202202,공항철도 1호선,인천공항2터미널,1409,1431,2840
202202,공항철도 1호선,청라국제도시,1773,1632,3405
202202,공항철도 1호선,홍대입구,3308,3596,6904
202202,공항철도 1호선,검암,2995,2775,5770
202202,공항철도 1호선,계양,4093,3630,7723
202202,공항철도 1호선,공덕,858,1209,2067
202202,공항철도 1호선,공항화물청사,926,974,1900
202202,공항철도 1호선,김포공항,13424,5072,18496
202202,공항철도 1호선,디지털미디어시티,2618,2873,5491
202202,공항철도 1호선,마곡나루,1462,1728,3190
202202,공항철도 1호선,서울,5252,3864,9116
202202,공항철도 1호선,영종,1819,1714,3533
202202,공항철도 1호선,운서,3820,4396,8216
202202,공항철도 1호선,인천공항1터미널,2767,2787,5554
202202,공항철도 1호선,인천공항2터미널,1428,1380,2808
202202,공항철도 1호선,청라국제도시,2234,2066,4300
202202,공항철도 1호선,홍대입구,6220,6582,12802
202202,공항철도 1호선,검암,5965,5795,11760
202202,공항철도 1호선,계양,8819,8321,17140
202202,공항철도 1호선,공덕,1943,2530,4473
202202,공항철도 1호선,공항화물청사,2322,2507,4829
202202,공항철도 1호선,김포공항,12564,5637,18201
202202,공항철도 1호선,디지털미디어시티,11880,10886,22766
202202,공항철도 1호선,마곡나루,5023,5348,10371
202202,공항철도 1호선,서울,8013,5265,13278
202202,공항철도 1호선,영종,2563,2698,5261
202202,공항철도 1호선,운서,5617,6127,11744
202202,공항철도 1호선,인천공항1터미널,3139,3336,6475
202202,공항철도 1호선,인천공항2터미널,1897,1933,3830
202202,공항철도 1호선,청라국제도시,5748,5387,11135
202202,공항철도 1호선,홍대입구,8089,9034,17123
202202,공항철도 1호선,검암,6087,5928,12015
202202,공항철도 1호선,계양,9088,8584,17672
202202,공항철도 1호선,공덕,2053,2834,4887
202202,공항철도 1호선,공항화물청사,2321,2432,4753
202202,공항철도 1호선,김포공항,13535,5973,19508
202202,공항철도 1호선,디지털미디어시티,12286,11116,23402
202202,공항철도 1호선,마곡나루,6003,6093,12096
202202,공항철도 1호선,서울,7211,6188,13399
202202,공항철도 1호선,영종,2719,2788,5507
202202,공항철도 1호선,운서,5987,6146,12133
202202,공항철도 1호선,인천공항1터미널,3213,3483,6696
202202,공항철도 1호선,인천공항2터미널,1869,1856,3725
202202,공항철도 1호선,청라국제도시,6072,5753,11825
202202,공항철도 1호선,홍대입구,9131,10008,19139
202202,공항철도 1호선,검암,6327,6189,12516
202202,공항철도 1호선,계양,9395,8863,18258
202202,공항철도 1호선,공덕,2155,2710,4865
202202,공항철도 1호선,공항화물청사,2225,2357,4582
202202,공항철도 1호선,김포공항,11336,6049,17385
202202,공항철도 1호선,디지털미디어시티,13155,12135,25290
202202,공항철도 1호선,마곡나루,8513,8192,16705
202202,공항철도 1호선,서울,6251,5819,12070
202202,공항철도 1호선,영종,2682,2623,5305
202202,공항철도 1호선,운서,5911,6016,11927
202202,공항철도 1호선,인천공항1터미널,3011,3229,6240
202202,공항철도 1호선,인천공항2터미널,1872,1878,3750
202202,공항철도 1호선,청라국제도시,6416,6013,12429
202202,공항철도 1호선,홍대입구,8273,8333,16606
202202,공항철도 1호선,검암,6392,6273,12665
202202,공항철도 1호선,계양,9556,8993,18549
202202,공항철도 1호선,공덕,2137,2769,4906
202202,공항철도 1호선,공항화물청사,2254,2421,4675
202202,공항철도 1호선,김포공항,11385,6311,17696
202202,공항철도 1호선,디지털미디어시티,13395,12338,25733
202202,공항철도 1호선,마곡나루,8609,8171,16780
202202,공항철도 1호선,서울,6405,5736,12141
202202,공항철도 1호선,영종,2649,2727,5376
202202,공항철도 1호선,운서,6011,6002,12013
202202,공항철도 1호선,인천공항1터미널,3134,3476,6610
202202,공항철도 1호선,인천공항2터미널,1909,1940,3849
202202,공항철도 1호선,청라국제도시,6444,6060,12504
202202,공항철도 1호선,홍대입구,8408,8453,16861
202202,공항철도 1호선,검암,6304,6138,12442
202202,공항철도 1호선,계양,9657,8926,18583
202202,공항철도 1호선,공덕,2235,2800,5035
202202,공항철도 1호선,공항화물청사,2283,2422,4705
202202,공항철도 1호선,김포공항,11143,6215,17358
202202,공항철도 1호선,디지털미디어시티,13160,12053,25213
202202,공항철도 1호선,마곡나루,8581,8272,16853
202202,공항철도 1호선,서울,6481,5892,12373
202202,공항철도 1호선,영종,2704,2700,5404
202202,공항철도 1호선,운서,6101,6175,12276
202202,공항철도 1호선,인천공항1터미널,3191,3489,6680
202202,공항철도 1호선,인천공항2터미널,1832,1876,3708
202202,공항철도 1호선,청라국제도시,6385,6023,12408
202202,공항철도 1호선,홍대입구,8545,8595,17140
202202,공항철도 1호선,검암,6380,6258,12638
202202,공항철도 1호선,계양,9397,8915,18312
202202,공항철도 1호선,공덕,2128,2758,4886
202202,공항철도 1호선,공항화물청사,2270,2432,4702
202202,공항철도 1호선,김포공항,11664,6451,18115
202202,공항철도 1호선,디지털미디어시티,13365,12155,25520
202202,공항철도 1호선,마곡나루,8565,8185,16750
202202,공항철도 1호선,서울,6590,6093,12683
202202,공항철도 1호선,영종,2737,2772,5509
202202,공항철도 1호선,운서,6245,6191,12436
202202,공항철도 1호선,인천공항1터미널,3135,3394,6529
202202,공항철도 1호선,인천공항2터미널,2024,2029,4053
202202,공항철도 1호선,청라국제도시,6361,6065,12426
202202,공항철도 1호선,홍대입구,8764,8731,17495
202202,공항철도 1호선,검암,6387,6483,12870
202202,공항철도 1호선,계양,9595,9123,18718
202202,공항철도 1호선,공덕,2225,2953,5178
202202,공항철도 1호선,공항화물청사,2287,2372,4659
202202,공항철도 1호선,김포공항,14087,6855,20942
202202,공항철도 1호선,디지털미디어시티,13074,11894,24968
202202,공항철도 1호선,마곡나루,7843,7597,15440
202202,공항철도 1호선,서울,8091,7482,15573
202202,공항철도 1호선,영종,2755,2851,5606
202202,공항철도 1호선,운서,6391,6366,12757
202202,공항철도 1호선,인천공항1터미널,3384,3682,7066
202202,공항철도 1호선,인천공항2터미널,1989,1989,3978
202202,공항철도 1호선,청라국제도시,6537,6098,12635
202202,공항철도 1호선,홍대입구,9648,9551,19199
202202,공항철도 1호선,검암,6424,6079,12503
202202,공항철도 1호선,계양,9503,8959,18462
202202,공항철도 1호선,공덕,2118,2684,4802
202202,공항철도 1호선,공항화물청사,2256,2382,4638
202202,공항철도 1호선,김포공항,11405,6577,17982
202202,공항철도 1호선,디지털미디어시티,13255,12068,25323
202202,공항철도 1호선,마곡나루,8176,7948,16124
202202,공항철도 1호선,서울,6594,6232,12826
202202,공항철도 1호선,영종,2781,2717,5498
202202,공항철도 1호선,운서,6046,6163,12209
202202,공항철도 1호선,인천공항1터미널,2920,3124,6044
202202,공항철도 1호선,인천공항2터미널,1874,1791,3665
202202,공항철도 1호선,청라국제도시,6464,6001,12465
202202,공항철도 1호선,홍대입구,8463,8608,17071
202202,공항철도 1호선,검암,6216,6045,12261
202202,공항철도 1호선,계양,9565,9076,18641
202202,공항철도 1호선,공덕,2110,2677,4787
202202,공항철도 1호선,공항화물청사,2283,2442,4725
202202,공항철도 1호선,김포공항,10996,6442,17438
202202,공항철도 1호선,디지털미디어시티,13370,12094,25464
202202,공항철도 1호선,마곡나루,8262,8094,16356
202202,공항철도 1호선,서울,6531,5836,12367
202202,공항철도 1호선,영종,2671,2622,5293
202202,공항철도 1호선,운서,5978,6175,12153
202202,공항철도 1호선,인천공항1터미널,3115,3484,6599
202202,공항철도 1호선,인천공항2터미널,1948,2051,3999
202202,공항철도 1호선,청라국제도시,6320,5894,12214
202202,공항철도 1호선,홍대입구,8517,8350,16867
202202,공항철도 1호선,검암,6090,5873,11963
202202,공항철도 1호선,계양,9284,8751,18035
202202,공항철도 1호선,공덕,2081,2683,4764
202202,공항철도 1호선,공항화물청사,2232,2401,4633
202202,공항철도 1호선,김포공항,10903,6093,16996
202202,공항철도 1호선,디지털미디어시티,13219,11921,25140
202202,공항철도 1호선,마곡나루,8042,7718,15760
202202,공항철도 1호선,서울,6423,5892,12315
202202,공항철도 1호선,영종,2546,2584,5130
202202,공항철도 1호선,운서,5977,5949,11926
202202,공항철도 1호선,인천공항1터미널,3158,3448,6606
202202,공항철도 1호선,인천공항2터미널,1843,1781,3624
202202,공항철도 1호선,청라국제도시,6228,5836,12064
202202,공항철도 1호선,홍대입구,8247,8264,16511
202202,공항철도 1호선,검암,5907,5849,11756
202202,공항철도 1호선,계양,9164,8661,17825
202202,공항철도 1호선,공덕,2149,2680,4829
202202,공항철도 1호선,공항화물청사,2283,2397,4680
202202,공항철도 1호선,김포공항,11914,6137,18051
202202,공항철도 1호선,디지털미디어시티,13077,11673,24750
202202,공항철도 1호선,마곡나루,8000,7603,15603
202202,공항철도 1호선,서울,6530,6052,12582
202202,공항철도 1호선,영종,2609,2526,5135
202202,공항철도 1호선,운서,5950,5961,11911
202202,공항철도 1호선,인천공항1터미널,3198,3364,6562
202202,공항철도 1호선,인천공항2터미널,1916,1978,3894
202202,공항철도 1호선,청라국제도시,6129,5791,11920
202202,공항철도 1호선,홍대입구,8724,8710,17434
202202,공항철도 1호선,검암,6211,6153,12364
202202,공항철도 1호선,계양,9405,8836,18241
202202,공항철도 1호선,공덕,2058,2727,4785
202202,공항철도 1호선,공항화물청사,2157,2339,4496
202202,공항철도 1호선,김포공항,13827,6342,20169
202202,공항철도 1호선,디지털미디어시티,12234,11199,23433
202202,공항철도 1호선,마곡나루,7336,7026,14362
202202,공항철도 1호선,서울,7862,7445,15307
202202,공항철도 1호선,영종,2767,2869,5636
202202,공항철도 1호선,운서,6274,6180,12454
202202,공항철도 1호선,인천공항1터미널,3310,3608,6918
202202,공항철도 1호선,인천공항2터미널,2042,1973,4015
202202,공항철도 1호선,청라국제도시,6248,5931,12179
202202,공항철도 1호선,홍대입구,9675,9806,19481
202202,공항철도 1호선,검암,6001,5876,11877
202202,공항철도 1호선,계양,9165,8591,17756
202202,공항철도 1호선,공덕,2067,2621,4688
202202,공항철도 1호선,공항화물청사,2132,2321,4453
202202,공항철도 1호선,김포공항,11283,5883,17166
202202,공항철도 1호선,디지털미디어시티,13484,12058,25542
202202,공항철도 1호선,마곡나루,7847,7617,15464
202202,공항철도 1호선,서울,6618,6152,12770
202202,공항철도 1호선,영종,2737,2694,5431
202202,공항철도 1호선,운서,5653,5937,11590
202202,공항철도 1호선,인천공항1터미널,3023,3083,6106
202202,공항철도 1호선,인천공항2터미널,1893,1808,3701
202202,공항철도 1호선,청라국제도시,6115,5774,11889
202202,공항철도 1호선,홍대입구,8381,8293,16674
202202,공항철도 1호선,검암,5905,5865,11770
202202,공항철도 1호선,계양,9215,8736,17951
202202,공항철도 1호선,공덕,2045,2662,4707
202202,공항철도 1호선,공항화물청사,2268,2422,4690
202202,공항철도 1호선,김포공항,10928,6077,17005
202202,공항철도 1호선,디지털미디어시티,12982,11774,24756
202202,공항철도 1호선,마곡나루,7919,7730,15649
202202,공항철도 1호선,서울,6419,5776,12195
202202,공항철도 1호선,영종,2662,2752,5414
202202,공항철도 1호선,운서,6064,6093,12157
202202,공항철도 1호선,인천공항1터미널,3164,3568,6732
202202,공항철도 1호선,인천공항2터미널,1888,1985,3873
202202,공항철도 1호선,청라국제도시,6105,5785,11890
202202,공항철도 1호선,홍대입구,8254,8293,16547
202202,공항철도 1호선,검암,5957,5832,11789
202202,공항철도 1호선,계양,9158,8602,17760
202202,공항철도 1호선,공덕,2043,2620,4663
202202,공항철도 1호선,공항화물청사,2230,2368,4598
202202,공항철도 1호선,김포공항,10908,6004,16912
202202,공항철도 1호선,디지털미디어시티,12606,11513,24119
202202,공항철도 1호선,마곡나루,7850,7572,15422
202202,공항철도 1호선,서울,6524,5994,12518
202202,공항철도 1호선,영종,2658,2618,5276
202202,공항철도 1호선,운서,6005,5920,11925
202202,공항철도 1호선,인천공항1터미널,3398,3646,7044
202202,공항철도 1호선,인천공항2터미널,1956,1883,3839
202202,공항철도 1호선,청라국제도시,6264,5746,12010
202202,공항철도 1호선,홍대입구,8317,8434,16751
202202,공항철도 1호선,검암,6025,5943,11968
202202,공항철도 1호선,계양,9035,8516,17551
202202,공항철도 1호선,공덕,2094,2657,4751
202202,공항철도 1호선,공항화물청사,2221,2325,4546
202202,공항철도 1호선,김포공항,11480,6074,17554
202202,공항철도 1호선,디지털미디어시티,12593,11569,24162
202202,공항철도 1호선,마곡나루,7834,7557,15391
202202,공항철도 1호선,서울,6478,5955,12433
202202,공항철도 1호선,영종,2776,2725,5501
202202,공항철도 1호선,운서,5990,6199,12189
202202,공항철도 1호선,인천공항1터미널,3403,3668,7071
202202,공항철도 1호선,인천공항2터미널,1848,1820,3668
202202,공항철도 1호선,청라국제도시,6055,5734,11789
202202,공항철도 1호선,홍대입구,8801,8530,17331
202202,공항철도 1호선,검암,6188,6174,12362
202202,공항철도 1호선,계양,9244,8684,17928
202202,공항철도 1호선,공덕,2058,2754,4812
202202,공항철도 1호선,공항화물청사,2169,2364,4533
202202,공항철도 1호선,김포공항,13627,6803,20430
202202,공항철도 1호선,디지털미디어시티,12865,11402,24267
202202,공항철도 1호선,마곡나루,7377,6975,14352
202202,공항철도 1호선,서울,7901,7542,15443
202202,공항철도 1호선,영종,2819,2965,5784
202202,공항철도 1호선,운서,6300,6261,12561
202202,공항철도 1호선,인천공항1터미널,3447,3916,7363
202202,공항철도 1호선,인천공항2터미널,1923,1899,3822
202202,공항철도 1호선,청라국제도시,6180,5776,11956
202202,공항철도 1호선,홍대입구,9456,9620,19076
202202,공항철도 1호선,검암,5827,5700,11527
202202,공항철도 1호선,계양,8776,8125,16901
202202,공항철도 1호선,공덕,1904,2598,4502
202202,공항철도 1호선,공항화물청사,2051,2232,4283
202202,공항철도 1호선,김포공항,10927,5733,16660
202202,공항철도 1호선,디지털미디어시티,11307,10533,21840
202202,공항철도 1호선,마곡나루,6326,6286,12612
202202,공항철도 1호선,서울,6580,5982,12562
202202,공항철도 1호선,영종,2789,2809,5598
202202,공항철도 1호선,운서,6118,6145,12263
202202,공항철도 1호선,인천공항1터미널,3211,3536,6747
202202,공항철도 1호선,인천공항2터미널,1947,1860,3807
202202,공항철도 1호선,청라국제도시,5716,5351,11067
202202,공항철도 1호선,홍대입구,8813,8694,17507
202203,공항철도 1호선,검암,2985,3086,6071
202203,공항철도 1호선,계양,4528,4571,9099
202203,공항철도 1호선,공덕,995,1405,2400
202203,공항철도 1호선,공항화물청사,1065,1184,2249
202203,공항철도 1호선,김포공항,10028,4825,14853
202203,공항철도 1호선,디지털미디어시티,3617,3571,7188
202203,공항철도 1호선,마곡나루,2163,2424,4587
202203,공항철도 1호선,서울,5149,4512,9661
202203,공항철도 1호선,영종,2006,1820,3826
202203,공항철도 1호선,운서,4555,4674,9229
202203,공항철도 1호선,인천공항1터미널,3159,3416,6575
202203,공항철도 1호선,인천공항2터미널,1638,1681,3319
202203,공항철도 1호선,청라국제도시,2806,2727,5533
202203,공항철도 1호선,홍대입구,7856,7415,15271
202203,공항철도 1호선,검암,5967,5833,11800
202203,공항철도 1호선,계양,9565,8861,18426
202203,공항철도 1호선,공덕,1991,2579,4570
202203,공항철도 1호선,공항화물청사,2285,2406,4691
202203,공항철도 1호선,김포공항,10218,5572,15790
202203,공항철도 1호선,디지털미디어시티,12643,11809,24452
202203,공항철도 1호선,마곡나루,8211,8025,16236
202203,공항철도 1호선,서울,5936,5607,11543
202203,공항철도 1호선,영종,2713,2653,5366
202203,공항철도 1호선,운서,6139,6152,12291
202203,공항철도 1호선,인천공항1터미널,3232,3486,6718
202203,공항철도 1호선,인천공항2터미널,1897,1851,3748
202203,공항철도 1호선,청라국제도시,6112,5690,11802
202203,공항철도 1호선,홍대입구,7776,7566,15342
202203,공항철도 1호선,검암,6006,6124,12130
202203,공항철도 1호선,계양,9422,8886,18308
202203,공항철도 1호선,공덕,2063,2593,4656
202203,공항철도 1호선,공항화물청사,2243,2419,4662
202203,공항철도 1호선,김포공항,9499,5257,14756
202203,공항철도 1호선,디지털미디어시티,12609,11569,24178
202203,공항철도 1호선,마곡나루,8265,7935,16200
202203,공항철도 1호선,서울,6293,5557,11850
202203,공항철도 1호선,영종,2686,2720,5406
202203,공항철도 1호선,운서,6072,6265,12337
202203,공항철도 1호선,인천공항1터미널,3343,3562,6905
202203,공항철도 1호선,인천공항2터미널,2031,1931,3962
202203,공항철도 1호선,청라국제도시,6119,5796,11915
202203,공항철도 1호선,홍대입구,7940,7608,15548
202203,공항철도 1호선,검암,6062,6099,12161
202203,공항철도 1호선,계양,9306,8943,18249
202203,공항철도 1호선,공덕,1978,2706,4684
202203,공항철도 1호선,공항화물청사,2183,2330,4513
202203,공항철도 1호선,김포공항,11406,6582,17988
202203,공항철도 1호선,디지털미디어시티,12467,11317,23784
202203,공항철도 1호선,마곡나루,7498,7229,14727
202203,공항철도 1호선,서울,8091,6852,14943
202203,공항철도 1호선,영종,2723,2796,5519
202203,공항철도 1호선,운서,6298,6228,12526
202203,공항철도 1호선,인천공항1터미널,3596,3826,7422
202203,공항철도 1호선,인천공항2터미널,2100,2004,4104
202203,공항철도 1호선,청라국제도시,6217,5926,12143
202203,공항철도 1호선,홍대입구,8740,8408,17148
202203,공항철도 1호선,검암,6037,5835,11872
202203,공항철도 1호선,계양,9231,8649,17880
202203,공항철도 1호선,공덕,1970,2491,4461
202203,공항철도 1호선,공항화물청사,2196,2377,4573
202203,공항철도 1호선,김포공항,9564,5516,15080
202203,공항철도 1호선,디지털미디어시티,12651,11696,24347
202203,공항철도 1호선,마곡나루,7866,7757,15623
202203,공항철도 1호선,서울,6029,5700,11729
202203,공항철도 1호선,영종,2747,2679,5426
202203,공항철도 1호선,운서,6097,5911,12008
202203,공항철도 1호선,인천공항1터미널,3028,3170,6198
202203,공항철도 1호선,인천공항2터미널,2034,1862,3896
202203,공항철도 1호선,청라국제도시,6214,5796,12010
202203,공항철도 1호선,홍대입구,7323,7250,14573
202203,공항철도 1호선,검암,6079,6077,12156
202203,공항철도 1호선,계양,9531,9055,18586
202203,공항철도 1호선,공덕,2060,2676,4736
202203,공항철도 1호선,공항화물청사,2204,2416,4620
202203,공항철도 1호선,김포공항,9602,5465,15067
202203,공항철도 1호선,디지털미디어시티,12879,11871,24750
202203,공항철도 1호선,마곡나루,8389,8008,16397
202203,공항철도 1호선,서울,6668,5859,12527
202203,공항철도 1호선,영종,2757,2860,5617
202203,공항철도 1호선,운서,6231,6359,12590
202203,공항철도 1호선,인천공항1터미널,3077,3393,6470
202203,공항철도 1호선,인천공항2터미널,1962,1941,3903
202203,공항철도 1호선,청라국제도시,6301,6004,12305
202203,공항철도 1호선,홍대입구,8032,8454,16486
202203,공항철도 1호선,검암,3018,3171,6189
202203,공항철도 1호선,계양,4820,4617,9437
202203,공항철도 1호선,공덕,990,1397,2387
202203,공항철도 1호선,공항화물청사,1139,1190,2329
202203,공항철도 1호선,김포공항,8429,4498,12927
202203,공항철도 1호선,디지털미디어시티,3632,3583,7215
202203,공항철도 1호선,마곡나루,2329,2564,4893
202203,공항철도 1호선,서울,4126,3883,8009
202203,공항철도 1호선,영종,2138,2114,4252
202203,공항철도 1호선,운서,4895,4992,9887
202203,공항철도 1호선,인천공항1터미널,3292,3490,6782
202203,공항철도 1호선,인천공항2터미널,1643,1533,3176
202203,공항철도 1호선,청라국제도시,2827,2645,5472
202203,공항철도 1호선,홍대입구,8059,7505,15564
202203,공항철도 1호선,검암,6043,6003,12046
202203,공항철도 1호선,계양,9344,8893,18237
202203,공항철도 1호선,공덕,2019,2511,4530
202203,공항철도 1호선,공항화물청사,2119,2305,4424
202203,공항철도 1호선,김포공항,9071,5524,14595
202203,공항철도 1호선,디지털미디어시티,12470,11340,23810
202203,공항철도 1호선,마곡나루,7849,7649,15498
202203,공항철도 1호선,서울,6412,5753,12165
202203,공항철도 1호선,영종,2652,2594,5246
202203,공항철도 1호선,운서,5981,6083,12064
202203,공항철도 1호선,인천공항1터미널,3216,3260,6476
202203,공항철도 1호선,인천공항2터미널,2079,1987,4066
202203,공항철도 1호선,청라국제도시,6170,5815,11985
202203,공항철도 1호선,홍대입구,7769,7816,15585
202203,공항철도 1호선,검암,6113,6096,12209
202203,공항철도 1호선,계양,9475,8963,18438
202203,공항철도 1호선,공덕,2064,2647,4711
202203,공항철도 1호선,공항화물청사,2218,2357,4575
202203,공항철도 1호선,김포공항,11499,6447,17946
202203,공항철도 1호선,디지털미디어시티,12316,11195,23511
202203,공항철도 1호선,마곡나루,7531,7162,14693
202203,공항철도 1호선,서울,7926,6942,14868
202203,공항철도 1호선,영종,2720,2912,5632
202203,공항철도 1호선,운서,6344,6435,12779
202203,공항철도 1호선,인천공항1터미널,3472,3673,7145
202203,공항철도 1호선,인천공항2터미널,2067,1912,3979
202203,공항철도 1호선,청라국제도시,6301,5995,12296
202203,공항철도 1호선,홍대입구,9076,9199,18275
202203,공항철도 1호선,검암,5805,5588,11393
202203,공항철도 1호선,계양,9194,8542,17736
202203,공항철도 1호선,공덕,1940,2425,4365
202203,공항철도 1호선,공항화물청사,2178,2293,4471
202203,공항철도 1호선,김포공항,9828,5668,15496
202203,공항철도 1호선,디지털미디어시티,12277,11288,23565
202203,공항철도 1호선,마곡나루,7575,7407,14982
202203,공항철도 1호선,서울,6014,5925,11939
202203,공항철도 1호선,영종,2630,2602,5232
202203,공항철도 1호선,운서,5823,5754,11577
202203,공항철도 1호선,인천공항1터미널,2973,3158,6131
202203,공항철도 1호선,인천공항2터미널,2015,1869,3884
202203,공항철도 1호선,청라국제도시,5973,5602,11575
202203,공항철도 1호선,홍대입구,7119,7240,14359
202203,공항철도 1호선,검암,5829,5840,11669
202203,공항철도 1호선,계양,9288,9021,18309
202203,공항철도 1호선,공덕,2003,2540,4543
202203,공항철도 1호선,공항화물청사,2267,2355,4622
202203,공항철도 1호선,김포공항,9234,5319,14553
202203,공항철도 1호선,디지털미디어시티,12333,11420,23753
202203,공항철도 1호선,마곡나루,8002,7784,15786
202203,공항철도 1호선,서울,6051,5344,11395
202203,공항철도 1호선,영종,2697,2780,5477
202203,공항철도 1호선,운서,6071,6193,12264
202203,공항철도 1호선,인천공항1터미널,3116,3563,6679
202203,공항철도 1호선,인천공항2터미널,1959,1939,3898
202203,공항철도 1호선,청라국제도시,6166,5810,11976
202203,공항철도 1호선,홍대입구,7628,7742,15370
202203,공항철도 1호선,검암,5903,5846,11749
202203,공항철도 1호선,계양,9473,8854,18327
202203,공항철도 1호선,공덕,1981,2472,4453
202203,공항철도 1호선,공항화물청사,2201,2315,4516
202203,공항철도 1호선,김포공항,8970,4717,13687
202203,공항철도 1호선,디지털미디어시티,12428,11425,23853
202203,공항철도 1호선,마곡나루,8125,7821,15946
202203,공항철도 1호선,서울,6031,5425,11456
202203,공항철도 1호선,영종,2759,2790,5549
202203,공항철도 1호선,운서,6197,6165,12362
202203,공항철도 1호선,인천공항1터미널,3328,3577,6905
202203,공항철도 1호선,인천공항2터미널,1890,1844,3734
202203,공항철도 1호선,청라국제도시,6142,5858,12000
202203,공항철도 1호선,홍대입구,7907,7760,15667
202203,공항철도 1호선,검암,5855,5797,11652
202203,공항철도 1호선,계양,9253,8847,18100
202203,공항철도 1호선,공덕,2027,2494,4521
202203,공항철도 1호선,공항화물청사,2213,2362,4575
202203,공항철도 1호선,김포공항,9600,4767,14367
202203,공항철도 1호선,디지털미디어시티,12451,11393,23844
202203,공항철도 1호선,마곡나루,7839,7713,15552
202203,공항철도 1호선,서울,6352,5632,11984
202203,공항철도 1호선,영종,2569,2660,5229
202203,공항철도 1호선,운서,5904,6010,11914
202203,공항철도 1호선,인천공항1터미널,3107,3159,6266
202203,공항철도 1호선,인천공항2터미널,2099,1984,4083
202203,공항철도 1호선,청라국제도시,6063,5810,11873
202203,공항철도 1호선,홍대입구,7733,7699,15432
202203,공항철도 1호선,검암,5898,5866,11764
202203,공항철도 1호선,계양,9082,8792,17874
202203,공항철도 1호선,공덕,2000,2675,4675
202203,공항철도 1호선,공항화물청사,2222,2305,4527
202203,공항철도 1호선,김포공항,11214,5431,16645
202203,공항철도 1호선,디지털미디어시티,11966,10819,22785
202203,공항철도 1호선,마곡나루,7360,7128,14488
202203,공항철도 1호선,서울,7918,7077,14995
202203,공항철도 1호선,영종,2625,2787,5412
202203,공항철도 1호선,운서,6268,6199,12467
202203,공항철도 1호선,인천공항1터미널,3349,3696,7045
202203,공항철도 1호선,인천공항2터미널,2000,1947,3947
202203,공항철도 1호선,청라국제도시,6330,6060,12390
202203,공항철도 1호선,홍대입구,9121,9157,18278
202203,공항철도 1호선,검암,5972,5834,11806
202203,공항철도 1호선,계양,9451,8949,18400
202203,공항철도 1호선,공덕,1982,2512,4494
202203,공항철도 1호선,공항화물청사,2245,2363,4608
202203,공항철도 1호선,김포공항,10456,6076,16532
202203,공항철도 1호선,디지털미디어시티,12444,11539,23983
202203,공항철도 1호선,마곡나루,7842,7680,15522
202203,공항철도 1호선,서울,6307,5959,12266
202203,공항철도 1호선,영종,2741,2665,5406
202203,공항철도 1호선,운서,6104,6168,12272
202203,공항철도 1호선,인천공항1터미널,3288,3312,6600
202203,공항철도 1호선,인천공항2터미널,2124,1964,4088
202203,공항철도 1호선,청라국제도시,6259,5856,12115
202203,공항철도 1호선,홍대입구,7508,7541,15049
202203,공항철도 1호선,검암,5979,5977,11956
202203,공항철도 1호선,계양,9618,9088,18706
202203,공항철도 1호선,공덕,1945,2538,4483
202203,공항철도 1호선,공항화물청사,2216,2364,4580
202203,공항철도 1호선,김포공항,9389,5965,15354
202203,공항철도 1호선,디지털미디어시티,12744,11699,24443
202203,공항철도 1호선,마곡나루,8011,7852,15863
202203,공항철도 1호선,서울,6028,5390,11418
202203,공항철도 1호선,영종,2733,2803,5536
202203,공항철도 1호선,운서,6166,6226,12392
202203,공항철도 1호선,인천공항1터미널,3455,3602,7057
202203,공항철도 1호선,인천공항2터미널,2039,2054,4093
202203,공항철도 1호선,청라국제도시,6325,5930,12255
202203,공항철도 1호선,홍대입구,7884,7889,15773
202203,공항철도 1호선,검암,5870,5729,11599
202203,공항철도 1호선,계양,9486,8983,18469
202203,공항철도 1호선,공덕,1952,2553,4505
202203,공항철도 1호선,공항화물청사,2176,2370,4546
202203,공항철도 1호선,김포공항,9433,5679,15112
202203,공항철도 1호선,디지털미디어시티,12702,11561,24263
202203,공항철도 1호선,마곡나루,8097,7891,15988
202203,공항철도 1호선,서울,6047,5492,11539
202203,공항철도 1호선,영종,2662,2712,5374
202203,공항철도 1호선,운서,6029,6027,12056
202203,공항철도 1호선,인천공항1터미널,3489,3695,7184
202203,공항철도 1호선,인천공항2터미널,2141,1995,4136
202203,공항철도 1호선,청라국제도시,6288,5944,12232
202203,공항철도 1호선,홍대입구,7980,8036,16016
202203,공항철도 1호선,검암,6151,6083,12234
202203,공항철도 1호선,계양,9676,9342,19018
202203,공항철도 1호선,공덕,2034,2695,4729
202203,공항철도 1호선,공항화물청사,2257,2407,4664
202203,공항철도 1호선,김포공항,10256,5918,16174
202203,공항철도 1호선,디지털미디어시티,16030,12801,28831
202203,공항철도 1호선,마곡나루,8198,8015,16213
202203,공항철도 1호선,서울,7067,6430,13497
202203,공항철도 1호선,영종,2779,2702,5481
202203,공항철도 1호선,운서,6180,6294,12474
202203,공항철도 1호선,인천공항1터미널,3542,3522,7064
202203,공항철도 1호선,인천공항2터미널,2162,2040,4202
202203,공항철도 1호선,청라국제도시,6334,6150,12484
202203,공항철도 1호선,홍대입구,8074,8295,16369
202203,공항철도 1호선,검암,6292,6139,12431
202203,공항철도 1호선,계양,9616,9295,18911
202203,공항철도 1호선,공덕,2091,2866,4957
202203,공항철도 1호선,공항화물청사,2278,2371,4649
202203,공항철도 1호선,김포공항,12420,6173,18593
202203,공항철도 1호선,디지털미디어시티,12587,11445,24032
202203,공항철도 1호선,마곡나루,7289,7288,14577
202203,공항철도 1호선,서울,8289,7668,15957
202203,공항철도 1호선,영종,2822,2974,5796
202203,공항철도 1호선,운서,6355,6344,12699
202203,공항철도 1호선,인천공항1터미널,3721,3840,7561
202203,공항철도 1호선,인천공항2터미널,2188,2034,4222
202203,공항철도 1호선,청라국제도시,6409,6226,12635
202203,공항철도 1호선,홍대입구,9496,9691,19187
202203,공항철도 1호선,검암,6163,6065,12228
202203,공항철도 1호선,계양,9656,9196,18852
202203,공항철도 1호선,공덕,2037,2649,4686
202203,공항철도 1호선,공항화물청사,2222,2341,4563
202203,공항철도 1호선,김포공항,10358,6192,16550
202203,공항철도 1호선,디지털미디어시티,12843,11835,24678
202203,공항철도 1호선,마곡나루,8297,8093,16390
202203,공항철도 1호선,서울,6639,6242,12881
202203,공항철도 1호선,영종,2879,2832,5711
202203,공항철도 1호선,운서,6299,6306,12605
202203,공항철도 1호선,인천공항1터미널,3337,3493,6830
202203,공항철도 1호선,인천공항2터미널,2542,2403,4945
202203,공항철도 1호선,청라국제도시,6426,5948,12374
202203,공항철도 1호선,홍대입구,7943,7718,15661
202203,공항철도 1호선,검암,6071,6080,12151
202203,공항철도 1호선,계양,9841,9517,19358
202203,공항철도 1호선,공덕,2051,2736,4787
202203,공항철도 1호선,공항화물청사,2310,2463,4773
202203,공항철도 1호선,김포공항,10240,5527,15767
202203,공항철도 1호선,디지털미디어시티,13253,12247,25500
202203,공항철도 1호선,마곡나루,8517,8301,16818
202203,공항철도 1호선,서울,6578,5951,12529
202203,공항철도 1호선,영종,2868,2833,5701
202203,공항철도 1호선,운서,6317,6421,12738
202203,공항철도 1호선,인천공항1터미널,3616,4000,7616
202203,공항철도 1호선,인천공항2터미널,2202,2150,4352
202203,공항철도 1호선,청라국제도시,6449,6141,12590
202203,공항철도 1호선,홍대입구,8129,8221,16350
202203,공항철도 1호선,검암,6050,6088,12138
202203,공항철도 1호선,계양,9709,9232,18941
202203,공항철도 1호선,공덕,2119,2670,4789
202203,공항철도 1호선,공항화물청사,2280,2461,4741
202203,공항철도 1호선,김포공항,9743,5717,15460
202203,공항철도 1호선,디지털미디어시티,12967,12028,24995
202203,공항철도 1호선,마곡나루,8219,8032,16251
202203,공항철도 1호선,서울,6280,5657,11937
202203,공항철도 1호선,영종,2759,2806,5565
202203,공항철도 1호선,운서,6147,6179,12326
202203,공항철도 1호선,인천공항1터미널,3745,3705,7450
202203,공항철도 1호선,인천공항2터미널,2139,2033,4172
202203,공항철도 1호선,청라국제도시,6230,5927,12157
202203,공항철도 1호선,홍대입구,7829,8003,15832
202203,공항철도 1호선,검암,6181,6243,12424
202203,공항철도 1호선,계양,9840,9432,19272
202203,공항철도 1호선,공덕,2169,2611,4780
202203,공항철도 1호선,공항화물청사,2271,2484,4755
202203,공항철도 1호선,김포공항,10182,6161,16343
202203,공항철도 1호선,디지털미디어시티,12879,12003,24882
202203,공항철도 1호선,마곡나루,8246,8193,16439
202203,공항철도 1호선,서울,6762,5967,12729
202203,공항철도 1호선,영종,2794,2898,5692
202203,공항철도 1호선,운서,6391,6404,12795
202203,공항철도 1호선,인천공항1터미널,3815,3703,7518
202203,공항철도 1호선,인천공항2터미널,2276,2159,4435
202203,공항철도 1호선,청라국제도시,6394,6101,12495
202203,공항철도 1호선,홍대입구,8384,8361,16745
202204,공항철도 1호선,검암,6540,6516,13056
202204,공항철도 1호선,계양,10099,9588,19687
202204,공항철도 1호선,공덕,2172,2961,5133
202204,공항철도 1호선,공항화물청사,2280,2406,4686
202204,공항철도 1호선,김포공항,12509,6935,19444
202204,공항철도 1호선,디지털미디어시티,12846,11720,24566
202204,공항철도 1호선,마곡나루,8021,7972,15993
202204,공항철도 1호선,서울,8782,8426,17208
202204,공항철도 1호선,영종,3055,3135,6190
202204,공항철도 1호선,운서,6835,6751,13586
202204,공항철도 1호선,인천공항1터미널,4613,4538,9151
202204,공항철도 1호선,인천공항2터미널,2596,2202,4798
202204,공항철도 1호선,청라국제도시,6681,6444,13125
202204,공항철도 1호선,홍대입구,10102,10273,20375
202204,공항철도 1호선,검암,6427,6337,12764
202204,공항철도 1호선,계양,10305,9631,19936
202204,공항철도 1호선,공덕,2143,2679,4822
202204,공항철도 1호선,공항화물청사,2201,2357,4558
202204,공항철도 1호선,김포공항,11402,6396,17798
202204,공항철도 1호선,디지털미디어시티,13232,12340,25572
202204,공항철도 1호선,마곡나루,8551,8384,16935
202204,공항철도 1호선,서울,6896,6660,13556
202204,공항철도 1호선,영종,2996,2904,5900
202204,공항철도 1호선,운서,6413,6531,12944
202204,공항철도 1호선,인천공항1터미널,3752,3591,7343
202204,공항철도 1호선,인천공항2터미널,2562,2061,4623
202204,공항철도 1호선,청라국제도시,6707,6225,12932
202204,공항철도 1호선,홍대입구,8069,8194,16263
202204,공항철도 1호선,검암,6362,6380,12742
202204,공항철도 1호선,계양,10386,9878,20264
202204,공항철도 1호선,공덕,2189,2749,4938
202204,공항철도 1호선,공항화물청사,2321,2516,4837
202204,공항철도 1호선,김포공항,10490,5991,16481
202204,공항철도 1호선,디지털미디어시티,13542,12574,26116
202204,공항철도 1호선,마곡나루,8876,8697,17573
202204,공항철도 1호선,서울,6734,6219,12953
202204,공항철도 1호선,영종,2945,2970,5915
202204,공항철도 1호선,운서,6578,6511,13089
202204,공항철도 1호선,인천공항1터미널,3858,4022,7880
202204,공항철도 1호선,인천공항2터미널,2301,2168,4469
202204,공항철도 1호선,청라국제도시,6873,6460,13333
202204,공항철도 1호선,홍대입구,8342,8493,16835
202204,공항철도 1호선,검암,6478,6506,12984
202204,공항철도 1호선,계양,10420,9812,20232
202204,공항철도 1호선,공덕,2167,2828,4995
202204,공항철도 1호선,공항화물청사,2321,2485,4806
202204,공항철도 1호선,김포공항,10261,6010,16271
202204,공항철도 1호선,디지털미디어시티,13601,12603,26204
202204,공항철도 1호선,마곡나루,8950,8716,17666
202204,공항철도 1호선,서울,6873,6352,13225
202204,공항철도 1호선,영종,3043,3049,6092
202204,공항철도 1호선,운서,6714,6682,13396
202204,공항철도 1호선,인천공항1터미널,4272,4045,8317
202204,공항철도 1호선,인천공항2터미널,2309,2092,4401
202204,공항철도 1호선,청라국제도시,6883,6503,13386
202204,공항철도 1호선,홍대입구,8819,8663,17482
202204,공항철도 1호선,검암,6538,6605,13143
202204,공항철도 1호선,계양,10525,9967,20492
202204,공항철도 1호선,공덕,2207,2960,5167
202204,공항철도 1호선,공항화물청사,2377,2551,4928
202204,공항철도 1호선,김포공항,11088,6533,17621
202204,공항철도 1호선,디지털미디어시티,13686,12593,26279
202204,공항철도 1호선,마곡나루,8787,8561,17348
202204,공항철도 1호선,서울,7411,6949,14360
202204,공항철도 1호선,영종,3007,3048,6055
202204,공항철도 1호선,운서,6744,6760,13504
202204,공항철도 1호선,인천공항1터미널,4276,4077,8353
202204,공항철도 1호선,인천공항2터미널,2674,2293,4967
202204,공항철도 1호선,청라국제도시,6774,6519,13293
202204,공항철도 1호선,홍대입구,8899,8937,17836
202204,공항철도 1호선,검암,6753,6764,13517
202204,공항철도 1호선,계양,10559,10033,20592
202204,공항철도 1호선,공덕,2150,3018,5168
202204,공항철도 1호선,공항화물청사,2342,2480,4822
202204,공항철도 1호선,김포공항,14077,7322,21399
202204,공항철도 1호선,디지털미디어시티,12799,11834,24633
202204,공항철도 1호선,마곡나루,6078,6455,12533
202204,공항철도 1호선,서울,9202,8764,17966
202204,공항철도 1호선,영종,3172,3371,6543
202204,공항철도 1호선,운서,7149,7141,14290
202204,공항철도 1호선,인천공항1터미널,4541,4580,9121
202204,공항철도 1호선,인천공항2터미널,2498,2141,4639
202204,공항철도 1호선,청라국제도시,7047,6800,13847
202204,공항철도 1호선,홍대입구,10478,11081,21559
202204,공항철도 1호선,검암,6581,6550,13131
202204,공항철도 1호선,계양,10763,10098,20861
202204,공항철도 1호선,공덕,2155,2712,4867
202204,공항철도 1호선,공항화물청사,2208,2413,4621
202204,공항철도 1호선,김포공항,11758,6722,18480
202204,공항철도 1호선,디지털미디어시티,13683,12759,26442
202204,공항철도 1호선,마곡나루,8853,8500,17353
202204,공항철도 1호선,서울,7338,7050,14388
202204,공항철도 1호선,영종,3121,3045,6166
202204,공항철도 1호선,운서,6830,6841,13671
202204,공항철도 1호선,인천공항1터미널,4192,4002,8194
202204,공항철도 1호선,인천공항2터미널,2606,2156,4762
202204,공항철도 1호선,청라국제도시,7043,6665,13708
202204,공항철도 1호선,홍대입구,8546,8763,17309
202204,공항철도 1호선,검암,6583,6678,13261
202204,공항철도 1호선,계양,10641,10155,20796
202204,공항철도 1호선,공덕,2192,2884,5076
202204,공항철도 1호선,공항화물청사,2279,2531,4810
202204,공항철도 1호선,김포공항,11552,6616,18168
202204,공항철도 1호선,디지털미디어시티,13996,13175,27171
202204,공항철도 1호선,마곡나루,8996,8811,17807
202204,공항철도 1호선,서울,7168,6705,13873
202204,공항철도 1호선,영종,3005,3016,6021
202204,공항철도 1호선,운서,6780,6781,13561
202204,공항철도 1호선,인천공항1터미널,4313,4284,8597
202204,공항철도 1호선,인천공항2터미널,2366,2241,4607
202204,공항철도 1호선,청라국제도시,7007,6618,13625
202204,공항철도 1호선,홍대입구,8361,8599,16960
202204,공항철도 1호선,검암,6485,6429,12914
202204,공항철도 1호선,계양,10465,9944,20409
202204,공항철도 1호선,공덕,2153,2908,5061
202204,공항철도 1호선,공항화물청사,2303,2401,4704
202204,공항철도 1호선,김포공항,10452,6407,16859
202204,공항철도 1호선,디지털미디어시티,14096,12919,27015
202204,공항철도 1호선,마곡나루,8998,8785,17783
202204,공항철도 1호선,서울,7082,6498,13580
202204,공항철도 1호선,영종,2942,2923,5865
202204,공항철도 1호선,운서,6618,6564,13182
202204,공항철도 1호선,인천공항1터미널,4577,4388,8965
202204,공항철도 1호선,인천공항2터미널,2402,2240,4642
202204,공항철도 1호선,청라국제도시,6836,6482,13318
202204,공항철도 1호선,홍대입구,8482,8582,17064
202204,공항철도 1호선,검암,6681,6723,13404
202204,공항철도 1호선,계양,10702,10111,20813
202204,공항철도 1호선,공덕,2270,2957,5227
202204,공항철도 1호선,공항화물청사,2276,2515,4791
202204,공항철도 1호선,김포공항,11274,6499,17773
202204,공항철도 1호선,디지털미디어시티,14094,13186,27280
202204,공항철도 1호선,마곡나루,9222,9039,18261
202204,공항철도 1호선,서울,7483,7007,14490
202204,공항철도 1호선,영종,3176,3207,6383
202204,공항철도 1호선,운서,6915,7023,13938
202204,공항철도 1호선,인천공항1터미널,4479,4080,8559
202204,공항철도 1호선,인천공항2터미널,2759,2382,5141
202204,공항철도 1호선,청라국제도시,6869,6615,13484
202204,공항철도 1호선,홍대입구,8858,8935,17793
202204,공항철도 1호선,검암,6876,6864,13740
202204,공항철도 1호선,계양,10785,9980,20765
202204,공항철도 1호선,공덕,2342,3184,5526
202204,공항철도 1호선,공항화물청사,2347,2475,4822
202204,공항철도 1호선,김포공항,14114,7365,21479
202204,공항철도 1호선,디지털미디어시티,13744,12764,26508
202204,공항철도 1호선,마곡나루,8732,8698,17430
202204,공항철도 1호선,서울,9394,8992,18386
202204,공항철도 1호선,영종,3494,3669,7163
202204,공항철도 1호선,운서,7386,7288,14674
202204,공항철도 1호선,인천공항1터미널,4975,4945,9920
202204,공항철도 1호선,인천공항2터미널,2636,2379,5015
202204,공항철도 1호선,청라국제도시,7307,6842,14149
202204,공항철도 1호선,홍대입구,10870,11117,21987
202204,공항철도 1호선,검암,6622,6543,13165
202204,공항철도 1호선,계양,10759,10120,20879
202204,공항철도 1호선,공덕,2347,2909,5256
202204,공항철도 1호선,공항화물청사,2270,2552,4822
202204,공항철도 1호선,김포공항,12353,6834,19187
202204,공항철도 1호선,디지털미디어시티,14131,13165,27296
202204,공항철도 1호선,마곡나루,9237,8981,18218
202204,공항철도 1호선,서울,7555,7235,14790
202204,공항철도 1호선,영종,3143,3114,6257
202204,공항철도 1호선,운서,6985,6899,13884
202204,공항철도 1호선,인천공항1터미널,4259,4240,8499
202204,공항철도 1호선,인천공항2터미널,2639,2527,5166
202204,공항철도 1호선,청라국제도시,7026,6514,13540
202204,공항철도 1호선,홍대입구,8359,8532,16891
202204,공항철도 1호선,검암,6668,6698,13366
202204,공항철도 1호선,계양,11111,10421,21532
202204,공항철도 1호선,공덕,2313,3035,5348
202204,공항철도 1호선,공항화물청사,2388,2573,4961
202204,공항철도 1호선,김포공항,11381,6258,17639
202204,공항철도 1호선,디지털미디어시티,14478,13601,28079
202204,공항철도 1호선,마곡나루,9711,9500,19211
202204,공항철도 1호선,서울,7426,6708,14134
202204,공항철도 1호선,영종,3221,3184,6405
202204,공항철도 1호선,운서,7027,7067,14094
202204,공항철도 1호선,인천공항1터미널,4437,4615,9052
202204,공항철도 1호선,인천공항2터미널,2642,2346,4988
202204,공항철도 1호선,청라국제도시,7149,6720,13869
202204,공항철도 1호선,홍대입구,8545,8766,17311
202204,공항철도 1호선,검암,6895,6789,13684
202204,공항철도 1호선,계양,10816,10190,21006
202204,공항철도 1호선,공덕,2305,3080,5385
202204,공항철도 1호선,공항화물청사,2386,2518,4904
202204,공항철도 1호선,김포공항,11170,6447,17617
202204,공항철도 1호선,디지털미디어시티,14388,13522,27910
202204,공항철도 1호선,마곡나루,9613,9318,18931
202204,공항철도 1호선,서울,7536,6932,14468
202204,공항철도 1호선,영종,3292,3311,6603
202204,공항철도 1호선,운서,7196,7174,14370
202204,공항철도 1호선,인천공항1터미널,4759,4826,9585
202204,공항철도 1호선,인천공항2터미널,2644,2312,4956
202204,공항철도 1호선,청라국제도시,7293,6813,14106
202204,공항철도 1호선,홍대입구,8941,9159,18100
202204,공항철도 1호선,검암,6946,6829,13775
202204,공항철도 1호선,계양,11035,10330,21365
202204,공항철도 1호선,공덕,2463,3119,5582
202204,공항철도 1호선,공항화물청사,2281,2511,4792
202204,공항철도 1호선,김포공항,11723,6735,18458
202204,공항철도 1호선,디지털미디어시티,14596,13652,28248
202204,공항철도 1호선,마곡나루,9734,9536,19270
202204,공항철도 1호선,서울,8151,7611,15762
202204,공항철도 1호선,영종,3351,3318,6669
202204,공항철도 1호선,운서,7149,7142,14291
202204,공항철도 1호선,인천공항1터미널,4826,4442,9268
202204,공항철도 1호선,인천공항2터미널,2768,2379,5147
202204,공항철도 1호선,청라국제도시,7275,6935,14210
202204,공항철도 1호선,홍대입구,9063,9169,18232
202204,공항철도 1호선,검암,6923,6874,13797
202204,공항철도 1호선,계양,10834,10108,20942
202204,공항철도 1호선,공덕,2440,3241,5681
202204,공항철도 1호선,공항화물청사,2290,2472,4762
202204,공항철도 1호선,김포공항,14538,7464,22002
202204,공항철도 1호선,디지털미디어시티,14320,13091,27411
202204,공항철도 1호선,마곡나루,9103,8680,17783
202204,공항철도 1호선,서울,9774,9520,19294
202204,공항철도 1호선,영종,3223,3352,6575
202204,공항철도 1호선,운서,7141,7081,14222
202204,공항철도 1호선,인천공항1터미널,4932,4916,9848
202204,공항철도 1호선,인천공항2터미널,2520,2309,4829
202204,공항철도 1호선,청라국제도시,7209,6953,14162
202204,공항철도 1호선,홍대입구,10069,10835,20904
202204,공항철도 1호선,검암,6700,6554,13254
202204,공항철도 1호선,계양,11099,10207,21306
202204,공항철도 1호선,공덕,2302,2897,5199
202204,공항철도 1호선,공항화물청사,2289,2501,4790
202204,공항철도 1호선,김포공항,11894,6692,18586
202204,공항철도 1호선,디지털미디어시티,14487,13416,27903
202204,공항철도 1호선,마곡나루,9627,9298,18925
202204,공항철도 1호선,서울,7808,7468,15276
202204,공항철도 1호선,영종,3255,3113,6368
202204,공항철도 1호선,운서,6932,6805,13737
202204,공항철도 1호선,인천공항1터미널,4409,4217,8626
202204,공항철도 1호선,인천공항2터미널,2910,2490,5400
202204,공항철도 1호선,청라국제도시,7158,6617,13775
202204,공항철도 1호선,홍대입구,8313,8597,16910
202204,공항철도 1호선,검암,6900,6819,13719
202204,공항철도 1호선,계양,11194,10552,21746
202204,공항철도 1호선,공덕,2475,3216,5691
202204,공항철도 1호선,공항화물청사,2369,2591,4960
202204,공항철도 1호선,김포공항,11533,6647,18180
202204,공항철도 1호선,디지털미디어시티,15002,14019,29021
202204,공항철도 1호선,마곡나루,10115,9680,19795
202204,공항철도 1호선,서울,7613,7141,14754
202204,공항철도 1호선,영종,3235,3253,6488
202204,공항철도 1호선,운서,7000,7151,14151
202204,공항철도 1호선,인천공항1터미널,4598,4747,9345
202204,공항철도 1호선,인천공항2터미널,2434,2370,4804
202204,공항철도 1호선,청라국제도시,7490,7002,14492
202204,공항철도 1호선,홍대입구,9316,9449,18765
202204,공항철도 1호선,검암,7034,7056,14090
202204,공항철도 1호선,계양,11318,10597,21915
202204,공항철도 1호선,공덕,2426,3223,5649
202204,공항철도 1호선,공항화물청사,2353,2538,4891
202204,공항철도 1호선,김포공항,11518,6860,18378
202204,공항철도 1호선,디지털미디어시티,15071,14225,29296
202204,공항철도 1호선,마곡나루,10248,9939,20187
202204,공항철도 1호선,서울,7901,7244,15145
202204,공항철도 1호선,영종,3363,3445,6808
202204,공항철도 1호선,운서,7304,7276,14580
202204,공항철도 1호선,인천공항1터미널,5242,5206,10448
202204,공항철도 1호선,인천공항2터미널,2730,2454,5184
202204,공항철도 1호선,청라국제도시,7569,7076,14645
202204,공항철도 1호선,홍대입구,9870,9868,19738
202204,공항철도 1호선,검암,7078,7073,14151
202204,공항철도 1호선,계양,11618,10830,22448
202204,공항철도 1호선,공덕,2515,3243,5758
202204,공항철도 1호선,공항화물청사,2360,2537,4897
202204,공항철도 1호선,김포공항,12185,7013,19198
202204,공항철도 1호선,디지털미디어시티,15268,14353,29621
202204,공항철도 1호선,마곡나루,10293,10159,20452
202204,공항철도 1호선,서울,8749,7986,16735
202204,공항철도 1호선,영종,3374,3415,6789
202204,공항철도 1호선,운서,7212,7491,14703
202204,공항철도 1호선,인천공항1터미널,5758,4918,10676
202204,공항철도 1호선,인천공항2터미널,3191,2587,5778
202204,공항철도 1호선,청라국제도시,7481,7165,14646
202204,공항철도 1호선,홍대입구,10264,10412,20676
202204,공항철도 1호선,검암,7026,7004,14030
202204,공항철도 1호선,계양,11497,10777,22274
202204,공항철도 1호선,공덕,2472,3407,5879
202204,공항철도 1호선,공항화물청사,2344,2521,4865
202204,공항철도 1호선,김포공항,15023,7611,22634
202204,공항철도 1호선,디지털미디어시티,14792,13587,28379
202204,공항철도 1호선,마곡나루,9669,9329,18998
202204,공항철도 1호선,서울,10526,9857,20383
202204,공항철도 1호선,영종,3453,3626,7079
202204,공항철도 1호선,운서,7655,7474,15129
202204,공항철도 1호선,인천공항1터미널,5863,5421,11284
202204,공항철도 1호선,인천공항2터미널,2775,2596,5371
202204,공항철도 1호선,청라국제도시,7650,7290,14940
202204,공항철도 1호선,홍대입구,11955,12822,24777
202205,공항철도 1호선,검암,7084,6953,14037
202205,공항철도 1호선,계양,11581,10667,22248
202205,공항철도 1호선,공덕,2396,3081,5477
202205,공항철도 1호선,공항화물청사,2314,2499,4813
202205,공항철도 1호선,김포공항,12093,6908,19001
202205,공항철도 1호선,디지털미디어시티,15309,14160,29469
202205,공항철도 1호선,마곡나루,10122,9956,20078
202205,공항철도 1호선,서울,7919,7837,15756
202205,공항철도 1호선,영종,3414,3229,6643
202205,공항철도 1호선,운서,7276,7204,14480
202205,공항철도 1호선,인천공항1터미널,5293,4868,10161
202205,공항철도 1호선,인천공항2터미널,3504,2780,6284
202205,공항철도 1호선,청라국제도시,7670,7116,14786
202205,공항철도 1호선,홍대입구,9418,9507,18925
202205,공항철도 1호선,검암,7188,7149,14337
202205,공항철도 1호선,계양,12027,11022,23049
202205,공항철도 1호선,공덕,2481,3262,5743
202205,공항철도 1호선,공항화물청사,2403,2623,5026
202205,공항철도 1호선,김포공항,11647,6829,18476
202205,공항철도 1호선,디지털미디어시티,15677,14651,30328
202205,공항철도 1호선,마곡나루,10412,10204,20616
202205,공항철도 1호선,서울,8096,7653,15749
202205,공항철도 1호선,영종,3510,3490,7000
202205,공항철도 1호선,운서,7627,7468,15095
202205,공항철도 1호선,인천공항1터미널,5122,5330,10452
202205,공항철도 1호선,인천공항2터미널,2808,2730,5538
202205,공항철도 1호선,청라국제도시,7798,7471,15269
202205,공항철도 1호선,홍대입구,10003,9838,19841
202205,공항철도 1호선,검암,7591,7614,15205
202205,공항철도 1호선,계양,12262,11336,23598
202205,공항철도 1호선,공덕,2640,3474,6114
202205,공항철도 1호선,공항화물청사,2408,2632,5040
202205,공항철도 1호선,김포공항,12558,6865,19423
202205,공항철도 1호선,디지털미디어시티,16189,14870,31059
202205,공항철도 1호선,마곡나루,11088,10331,21419
202205,공항철도 1호선,서울,10310,9666,19976
202205,공항철도 1호선,영종,3874,4038,7912
202205,공항철도 1호선,운서,7766,7862,15628
202205,공항철도 1호선,인천공항1터미널,5546,5591,11137
202205,공항철도 1호선,인천공항2터미널,2737,2655,5392
202205,공항철도 1호선,청라국제도시,8290,7902,16192
202205,공항철도 1호선,홍대입구,11673,12357,24030
202205,공항철도 1호선,검암,4401,4377,8778
202205,공항철도 1호선,계양,7098,6524,13622
202205,공항철도 1호선,공덕,1408,1948,3356
202205,공항철도 1호선,공항화물청사,1294,1324,2618
202205,공항철도 1호선,김포공항,11355,5481,16836
202205,공항철도 1호선,디지털미디어시티,4787,4458,9245
202205,공항철도 1호선,마곡나루,3529,3822,7351
202205,공항철도 1호선,서울,7702,8862,16564
202205,공항철도 1호선,영종,3269,3363,6632
202205,공항철도 1호선,운서,6524,6796,13320
202205,공항철도 1호선,인천공항1터미널,6158,5650,11808
202205,공항철도 1호선,인천공항2터미널,2931,2502,5433
202205,공항철도 1호선,청라국제도시,4478,4196,8674
202205,공항철도 1호선,홍대입구,14645,14071,28716
202205,공항철도 1호선,검암,6896,6914,13810
202205,공항철도 1호선,계양,10764,9917,20681
202205,공항철도 1호선,공덕,2210,2982,5192
202205,공항철도 1호선,공항화물청사,2210,2357,4567
202205,공항철도 1호선,김포공항,13105,6883,19988
202205,공항철도 1호선,디지털미디어시티,12418,11225,23643
202205,공항철도 1호선,마곡나루,7235,7113,14348
202205,공항철도 1호선,서울,9752,10099,19851
202205,공항철도 1호선,영종,3760,3758,7518
202205,공항철도 1호선,운서,7722,7453,15175
202205,공항철도 1호선,인천공항1터미널,6156,6129,12285
202205,공항철도 1호선,인천공항2터미널,2905,2806,5711
202205,공항철도 1호선,청라국제도시,7432,6983,14415
202205,공항철도 1호선,홍대입구,14443,14153,28596
202205,공항철도 1호선,검암,7213,7032,14245
202205,공항철도 1호선,계양,11785,10727,22512
202205,공항철도 1호선,공덕,2427,3199,5626
202205,공항철도 1호선,공항화물청사,2370,2576,4946
202205,공항철도 1호선,김포공항,12739,6899,19638
202205,공항철도 1호선,디지털미디어시티,15259,14479,29738
202205,공항철도 1호선,마곡나루,10371,10005,20376
202205,공항철도 1호선,서울,9469,8195,17664
202205,공항철도 1호선,영종,3609,3385,6994
202205,공항철도 1호선,운서,7343,7611,14954
202205,공항철도 1호선,인천공항1터미널,5237,5065,10302
202205,공항철도 1호선,인천공항2터미널,3372,3058,6430
202205,공항철도 1호선,청라국제도시,7725,7189,14914
202205,공항철도 1호선,홍대입구,9586,9863,19449
202205,공항철도 1호선,검암,7303,7212,14515
202205,공항철도 1호선,계양,12035,11191,23226
202205,공항철도 1호선,공덕,2503,3278,5781
202205,공항철도 1호선,공항화물청사,2396,2602,4998
202205,공항철도 1호선,김포공항,12177,6893,19070
202205,공항철도 1호선,디지털미디어시티,15591,14627,30218
202205,공항철도 1호선,마곡나루,11090,10886,21976
202205,공항철도 1호선,서울,8760,7781,16541
202205,공항철도 1호선,영종,3468,3466,6934
202205,공항철도 1호선,운서,7502,7533,15035
202205,공항철도 1호선,인천공항1터미널,5016,5294,10310
202205,공항철도 1호선,인천공항2터미널,2692,2629,5321
202205,공항철도 1호선,청라국제도시,7852,7439,15291
202205,공항철도 1호선,홍대입구,10109,10417,20526
202205,공항철도 1호선,검암,7316,7299,14615
202205,공항철도 1호선,계양,12047,11206,23253
202205,공항철도 1호선,공덕,2454,3206,5660
202205,공항철도 1호선,공항화물청사,2364,2632,4996
202205,공항철도 1호선,김포공항,11268,7005,18273
202205,공항철도 1호선,디지털미디어시티,16107,14964,31071
202205,공항철도 1호선,마곡나루,11293,11114,22407
202205,공항철도 1호선,서울,8522,7732,16254
202205,공항철도 1호선,영종,3378,3326,6704
202205,공항철도 1호선,운서,7587,7487,15074
202205,공항철도 1호선,인천공항1터미널,5392,5470,10862
202205,공항철도 1호선,인천공항2터미널,2761,2654,5415
202205,공항철도 1호선,청라국제도시,7849,7401,15250
202205,공항철도 1호선,홍대입구,10363,10559,20922
202205,공항철도 1호선,검암,7237,7159,14396
202205,공항철도 1호선,계양,11873,11152,23025
202205,공항철도 1호선,공덕,2531,3297,5828
202205,공항철도 1호선,공항화물청사,2379,2613,4992
202205,공항철도 1호선,김포공항,12138,6817,18955
202205,공항철도 1호선,디지털미디어시티,15844,14655,30499
202205,공항철도 1호선,마곡나루,10663,10485,21148
202205,공항철도 1호선,서울,9019,8129,17148
202205,공항철도 1호선,영종,3441,3490,6931
202205,공항철도 1호선,운서,7577,7664,15241
202205,공항철도 1호선,인천공항1터미널,5981,5422,11403
202205,공항철도 1호선,인천공항2터미널,3393,2911,6304
202205,공항철도 1호선,청라국제도시,7858,7493,15351
202205,공항철도 1호선,홍대입구,10490,10697,21187
202205,공항철도 1호선,검암,7571,7507,15078
202205,공항철도 1호선,계양,12054,11283,23337
202205,공항철도 1호선,공덕,2628,3584,6212
202205,공항철도 1호선,공항화물청사,2458,2554,5012
202205,공항철도 1호선,김포공항,15178,7617,22795
202205,공항철도 1호선,디지털미디어시티,15454,14136,29590
202205,공항철도 1호선,마곡나루,10532,10019,20551
202205,공항철도 1호선,서울,11207,10559,21766
202205,공항철도 1호선,영종,3625,3917,7542
202205,공항철도 1호선,운서,8081,8052,16133
202205,공항철도 1호선,인천공항1터미널,6430,6282,12712
202205,공항철도 1호선,인천공항2터미널,3106,2862,5968
202205,공항철도 1호선,청라국제도시,8136,7677,15813
202205,공항철도 1호선,홍대입구,12234,13005,25239
202205,공항철도 1호선,검암,7132,7119,14251
202205,공항철도 1호선,계양,11659,10898,22557
202205,공항철도 1호선,공덕,2414,3178,5592
202205,공항철도 1호선,공항화물청사,2368,2550,4918
202205,공항철도 1호선,김포공항,12802,7275,20077
202205,공항철도 1호선,디지털미디어시티,15410,14528,29938
202205,공항철도 1호선,마곡나루,10459,10189,20648
202205,공항철도 1호선,서울,8737,8234,16971
202205,공항철도 1호선,영종,3533,3428,6961
202205,공항철도 1호선,운서,7437,7445,14882
202205,공항철도 1호선,인천공항1터미널,5746,5470,11216
202205,공항철도 1호선,인천공항2터미널,3313,2823,6136
202205,공항철도 1호선,청라국제도시,7810,7278,15088
202205,공항철도 1호선,홍대입구,10068,10247,20315
202205,공항철도 1호선,검암,7231,7260,14491
202205,공항철도 1호선,계양,11974,11179,23153
202205,공항철도 1호선,공덕,2447,3157,5604
202205,공항철도 1호선,공항화물청사,2466,2589,5055
202205,공항철도 1호선,김포공항,12187,7050,19237
202205,공항철도 1호선,디지털미디어시티,15635,14653,30288
202205,공항철도 1호선,마곡나루,11080,10647,21727
202205,공항철도 1호선,서울,8466,7674,16140
202205,공항철도 1호선,영종,3400,3498,6898
202205,공항철도 1호선,운서,7663,7723,15386
202205,공항철도 1호선,인천공항1터미널,5400,5552,10952
202205,공항철도 1호선,인천공항2터미널,2878,2699,5577
202205,공항철도 1호선,청라국제도시,7905,7587,15492
202205,공항철도 1호선,홍대입구,10126,10137,20263
202205,공항철도 1호선,검암,7148,7169,14317
202205,공항철도 1호선,계양,11685,10782,22467
202205,공항철도 1호선,공덕,2495,3316,5811
202205,공항철도 1호선,공항화물청사,2445,2582,5027
202205,공항철도 1호선,김포공항,11870,6965,18835
202205,공항철도 1호선,디지털미디어시티,15451,14358,29809
202205,공항철도 1호선,마곡나루,10829,10417,21246
202205,공항철도 1호선,서울,8515,7828,16343
202205,공항철도 1호선,영종,3410,3421,6831
202205,공항철도 1호선,운서,7553,7524,15077
202205,공항철도 1호선,인천공항1터미널,5668,5589,11257
202205,공항철도 1호선,인천공항2터미널,2991,2807,5798
202205,공항철도 1호선,청라국제도시,7859,7467,15326
202205,공항철도 1호선,홍대입구,10209,10323,20532
202205,공항철도 1호선,검암,7457,7422,14879
202205,공항철도 1호선,계양,12171,11301,23472
202205,공항철도 1호선,공덕,2592,3313,5905
202205,공항철도 1호선,공항화물청사,2452,2668,5120
202205,공항철도 1호선,김포공항,12744,6630,19374
202205,공항철도 1호선,디지털미디어시티,15486,14572,30058
202205,공항철도 1호선,마곡나루,11147,10962,22109
202205,공항철도 1호선,서울,9292,8427,17719
202205,공항철도 1호선,영종,3443,3540,6983
202205,공항철도 1호선,운서,7717,7745,15462
202205,공항철도 1호선,인천공항1터미널,6290,5523,11813
202205,공항철도 1호선,인천공항2터미널,3447,3007,6454
202205,공항철도 1호선,청라국제도시,7902,7593,15495
202205,공항철도 1호선,홍대입구,10718,10808,21526
202205,공항철도 1호선,검암,7714,7613,15327
202205,공항철도 1호선,계양,12096,11216,23312
202205,공항철도 1호선,공덕,2642,3515,6157
202205,공항철도 1호선,공항화물청사,2433,2495,4928
202205,공항철도 1호선,김포공항,15385,7509,22894
202205,공항철도 1호선,디지털미디어시티,14981,13750,28731
202205,공항철도 1호선,마곡나루,10241,9704,19945
202205,공항철도 1호선,서울,11465,10569,22034
202205,공항철도 1호선,영종,3587,3801,7388
202205,공항철도 1호선,운서,8038,8028,16066
202205,공항철도 1호선,인천공항1터미널,6427,6466,12893
202205,공항철도 1호선,인천공항2터미널,3094,2967,6061
202205,공항철도 1호선,청라국제도시,8280,7882,16162
202205,공항철도 1호선,홍대입구,12488,13107,25595
202205,공항철도 1호선,검암,7089,7000,14089
202205,공항철도 1호선,계양,11808,10816,22624
202205,공항철도 1호선,공덕,2483,3167,5650
202205,공항철도 1호선,공항화물청사,2308,2560,4868
202205,공항철도 1호선,김포공항,12402,7240,19642
202205,공항철도 1호선,디지털미디어시티,15349,14393,29742
202205,공항철도 1호선,마곡나루,10492,10153,20645
202205,공항철도 1호선,서울,8784,8623,17407
202205,공항철도 1호선,영종,3500,3431,6931
202205,공항철도 1호선,운서,7467,7413,14880
202205,공항철도 1호선,인천공항1터미널,5905,5468,11373
202205,공항철도 1호선,인천공항2터미널,3289,2752,6041
202205,공항철도 1호선,청라국제도시,7732,7157,14889
202205,공항철도 1호선,홍대입구,9860,9912,19772
202205,공항철도 1호선,검암,7403,7189,14592
202205,공항철도 1호선,계양,12081,11304,23385
202205,공항철도 1호선,공덕,2582,3297,5879
202205,공항철도 1호선,공항화물청사,2466,2724,5190
202205,공항철도 1호선,김포공항,12249,7390,19639
202205,공항철도 1호선,디지털미디어시티,15793,14852,30645
202205,공항철도 1호선,마곡나루,10916,10627,21543
202205,공항철도 1호선,서울,8699,7895,16594
202205,공항철도 1호선,영종,3470,3465,6935
202205,공항철도 1호선,운서,7698,7703,15401
202205,공항철도 1호선,인천공항1터미널,5786,5725,11511
202205,공항철도 1호선,인천공항2터미널,2930,2846,5776
202205,공항철도 1호선,청라국제도시,7921,7408,15329
202205,공항철도 1호선,홍대입구,9951,10152,20103
202205,공항철도 1호선,검암,7294,7113,14407
202205,공항철도 1호선,계양,11971,11241,23212
202205,공항철도 1호선,공덕,2498,3342,5840
202205,공항철도 1호선,공항화물청사,2417,2637,5054
202205,공항철도 1호선,김포공항,12090,7006,19096
202205,공항철도 1호선,디지털미디어시티,16137,14996,31133
202205,공항철도 1호선,마곡나루,10462,10192,20654
202205,공항철도 1호선,서울,8729,7870,16599
202205,공항철도 1호선,영종,3415,3367,6782
202205,공항철도 1호선,운서,7630,7718,15348
202205,공항철도 1호선,인천공항1터미널,6395,6516,12911
202205,공항철도 1호선,인천공항2터미널,3023,2793,5816
202205,공항철도 1호선,청라국제도시,7866,7541,15407
202205,공항철도 1호선,홍대입구,10206,10516,20722
202205,공항철도 1호선,검암,7505,7446,14951
202205,공항철도 1호선,계양,12218,11284,23502
202205,공항철도 1호선,공덕,2556,3325,5881
202205,공항철도 1호선,공항화물청사,2441,2586,5027
202205,공항철도 1호선,김포공항,12781,7211,19992
202205,공항철도 1호선,디지털미디어시티,15968,15022,30990
202205,공항철도 1호선,마곡나루,10796,10664,21460
202205,공항철도 1호선,서울,9553,8637,18190
202205,공항철도 1호선,영종,3502,3581,7083
202205,공항철도 1호선,운서,7665,7860,15525
202205,공항철도 1호선,인천공항1터미널,6804,6025,12829
202205,공항철도 1호선,인천공항2터미널,3532,2898,6430
202205,공항철도 1호선,청라국제도시,7942,7587,15529
202205,공항철도 1호선,홍대입구,10523,10706,21229
202205,공항철도 1호선,검암,7845,7766,15611
202205,공항철도 1호선,계양,12281,11267,23548
202205,공항철도 1호선,공덕,2622,3641,6263
202205,공항철도 1호선,공항화물청사,2388,2533,4921
202205,공항철도 1호선,김포공항,15145,7304,22449
202205,공항철도 1호선,디지털미디어시티,15389,14181,29570
202205,공항철도 1호선,마곡나루,10291,10026,20317
202205,공항철도 1호선,서울,11364,10697,22061
202205,공항철도 1호선,영종,3776,3978,7754
202205,공항철도 1호선,운서,8159,8106,16265
202205,공항철도 1호선,인천공항1터미널,6680,6523,13203
202205,공항철도 1호선,인천공항2터미널,3291,3040,6331
202205,공항철도 1호선,청라국제도시,8233,7810,16043
202205,공항철도 1호선,홍대입구,11941,12628,24569
202205,공항철도 1호선,검암,7193,7058,14251
202205,공항철도 1호선,계양,11853,10943,22796
202205,공항철도 1호선,공덕,2457,3212,5669
202205,공항철도 1호선,공항화물청사,2284,2585,4869
202205,공항철도 1호선,김포공항,12458,7475,19933
202205,공항철도 1호선,디지털미디어시티,15365,14528,29893
202205,공항철도 1호선,마곡나루,10423,9999,20422
202205,공항철도 1호선,서울,8729,8244,16973
202205,공항철도 1호선,영종,3404,3335,6739
202205,공항철도 1호선,운서,7344,7165,14509
202205,공항철도 1호선,인천공항1터미널,5600,5444,11044
202205,공항철도 1호선,인천공항2터미널,3254,2849,6103
202205,공항철도 1호선,청라국제도시,7788,7231,15019
202205,공항철도 1호선,홍대입구,9876,9805,19681
202205,공항철도 1호선,검암,7547,7487,15034
202205,공항철도 1호선,계양,12401,11480,23881
202205,공항철도 1호선,공덕,2566,3474,6040
202205,공항철도 1호선,공항화물청사,2397,2599,4996
202205,공항철도 1호선,김포공항,12559,7178,19737
202205,공항철도 1호선,디지털미디어시티,15877,14957,30834
202205,공항철도 1호선,마곡나루,11144,10779,21923
202205,공항철도 1호선,서울,9283,8481,17764
202205,공항철도 1호선,영종,3577,3738,7315
202205,공항철도 1호선,운서,8057,8061,16118
202205,공항철도 1호선,인천공항1터미널,5682,5784,11466
202205,공항철도 1호선,인천공항2터미널,2813,2873,5686
202205,공항철도 1호선,청라국제도시,8240,7709,15949
202205,공항철도 1호선,홍대입구,10677,11267,21944
202206,공항철도 1호선,검암,4046,4094,8140
202206,공항철도 1호선,계양,6750,6247,12997
202206,공항철도 1호선,공덕,1403,1761,3164
202206,공항철도 1호선,공항화물청사,1344,1465,2809
202206,공항철도 1호선,김포공항,10205,5565,15770
202206,공항철도 1호선,디지털미디어시티,4667,4673,9340
202206,공항철도 1호선,마곡나루,3168,3462,6630
202206,공항철도 1호선,서울,6589,6259,12848
202206,공항철도 1호선,영종,2897,2793,5690
202206,공항철도 1호선,운서,6218,6450,12668
202206,공항철도 1호선,인천공항1터미널,6289,6621,12910
202206,공항철도 1호선,인천공항2터미널,2709,2542,5251
202206,공항철도 1호선,청라국제도시,4049,3970,8019
202206,공항철도 1호선,홍대입구,11083,10624,21707
202206,공항철도 1호선,검암,7477,7345,14822
202206,공항철도 1호선,계양,12086,11182,23268
202206,공항철도 1호선,공덕,2517,3423,5940
202206,공항철도 1호선,공항화물청사,2385,2601,4986
202206,공항철도 1호선,김포공항,12583,7278,19861
202206,공항철도 1호선,디지털미디어시티,20387,16313,36700
202206,공항철도 1호선,마곡나루,10601,10453,21054
202206,공항철도 1호선,서울,9535,8880,18415
202206,공항철도 1호선,영종,3479,3454,6933
202206,공항철도 1호선,운서,7739,7785,15524
202206,공항철도 1호선,인천공항1터미널,6555,5959,12514
202206,공항철도 1호선,인천공항2터미널,3517,3110,6627
202206,공항철도 1호선,청라국제도시,7923,7521,15444
202206,공항철도 1호선,홍대입구,10323,10828,21151
202206,공항철도 1호선,검암,7398,7224,14622
202206,공항철도 1호선,계양,11982,11185,23167
202206,공항철도 1호선,공덕,2652,3442,6094
202206,공항철도 1호선,공항화물청사,2405,2534,4939
202206,공항철도 1호선,김포공항,14660,8064,22724
202206,공항철도 1호선,디지털미디어시티,15093,13876,28969
202206,공항철도 1호선,마곡나루,9949,9412,19361
202206,공항철도 1호선,서울,10902,10907,21809
202206,공항철도 1호선,영종,3610,3768,7378
202206,공항철도 1호선,운서,8043,8029,16072
202206,공항철도 1호선,인천공항1터미널,6466,6221,12687
202206,공항철도 1호선,인천공항2터미널,3241,2730,5971
202206,공항철도 1호선,청라국제도시,8084,7704,15788
202206,공항철도 1호선,홍대입구,11633,12271,23904
202206,공항철도 1호선,검암,3524,3678,7202
202206,공항철도 1호선,계양,5894,5555,11449
202206,공항철도 1호선,공덕,1286,1635,2921
202206,공항철도 1호선,공항화물청사,1146,1235,2381
202206,공항철도 1호선,김포공항,11168,5940,17108
202206,공항철도 1호선,디지털미디어시티,4117,4250,8367
202206,공항철도 1호선,마곡나루,2578,2950,5528
202206,공항철도 1호선,서울,9853,8599,18452
202206,공항철도 1호선,영종,2761,2451,5212
202206,공항철도 1호선,운서,5671,6000,11671
202206,공항철도 1호선,인천공항1터미널,6289,5263,11552
202206,공항철도 1호선,인천공항2터미널,2738,2421,5159
202206,공항철도 1호선,청라국제도시,3661,3369,7030
202206,공항철도 1호선,홍대입구,10244,9666,19910
202206,공항철도 1호선,검암,7273,7145,14418
202206,공항철도 1호선,계양,12172,11286,23458
202206,공항철도 1호선,공덕,2503,3172,5675
202206,공항철도 1호선,공항화물청사,2413,2569,4982
202206,공항철도 1호선,김포공항,11869,7134,19003
202206,공항철도 1호선,디지털미디어시티,16122,15137,31259
202206,공항철도 1호선,마곡나루,10660,10266,20926
202206,공항철도 1호선,서울,9426,8097,17523
202206,공항철도 1호선,영종,3528,3477,7005
202206,공항철도 1호선,운서,7580,7656,15236
202206,공항철도 1호선,인천공항1터미널,6076,5700,11776
202206,공항철도 1호선,인천공항2터미널,3020,2875,5895
202206,공항철도 1호선,청라국제도시,8106,7480,15586
202206,공항철도 1호선,홍대입구,9738,9917,19655
202206,공항철도 1호선,검암,7309,7355,14664
202206,공항철도 1호선,계양,12041,11285,23326
202206,공항철도 1호선,공덕,2574,3244,5818
202206,공항철도 1호선,공항화물청사,2429,2607,5036
202206,공항철도 1호선,김포공항,11811,6813,18624
202206,공항철도 1호선,디지털미디어시티,16040,15064,31104
202206,공항철도 1호선,마곡나루,10867,10425,21292
202206,공항철도 1호선,서울,8660,7796,16456
202206,공항철도 1호선,영종,3443,3403,6846
202206,공항철도 1호선,운서,7824,7772,15596
202206,공항철도 1호선,인천공항1터미널,6309,6112,12421
202206,공항철도 1호선,인천공항2터미널,2935,2690,5625
202206,공항철도 1호선,청라국제도시,8010,7506,15516
202206,공항철도 1호선,홍대입구,9929,10135,20064
202206,공항철도 1호선,검암,7192,7229,14421
202206,공항철도 1호선,계양,12014,10970,22984
202206,공항철도 1호선,공덕,2509,3261,5770
202206,공항철도 1호선,공항화물청사,2414,2610,5024
202206,공항철도 1호선,김포공항,12391,7045,19436
202206,공항철도 1호선,디지털미디어시티,15507,14590,30097
202206,공항철도 1호선,마곡나루,10710,10341,21051
202206,공항철도 1호선,서울,9156,8043,17199
202206,공항철도 1호선,영종,3350,3396,6746
202206,공항철도 1호선,운서,7501,7523,15024
202206,공항철도 1호선,인천공항1터미널,6600,5911,12511
202206,공항철도 1호선,인천공항2터미널,3130,2721,5851
202206,공항철도 1호선,청라국제도시,7812,7470,15282
202206,공항철도 1호선,홍대입구,9939,10248,20187
202206,공항철도 1호선,검암,7385,7320,14705
202206,공항철도 1호선,계양,12122,11152,23274
202206,공항철도 1호선,공덕,2660,3548,6208
202206,공항철도 1호선,공항화물청사,2417,2565,4982
202206,공항철도 1호선,김포공항,14644,7861,22505
202206,공항철도 1호선,디지털미디어시티,15693,14578,30271
202206,공항철도 1호선,마곡나루,10639,9869,20508
202206,공항철도 1호선,서울,10844,10227,21071
202206,공항철도 1호선,영종,3584,3677,7261
202206,공항철도 1호선,운서,8165,7988,16153
202206,공항철도 1호선,인천공항1터미널,6306,5852,12158
202206,공항철도 1호선,인천공항2터미널,3032,2771,5803
202206,공항철도 1호선,청라국제도시,8260,7810,16070
202206,공항철도 1호선,홍대입구,11188,11965,23153
202206,공항철도 1호선,검암,7137,7041,14178
202206,공항철도 1호선,계양,11670,10880,22550
202206,공항철도 1호선,공덕,2506,3257,5763
202206,공항철도 1호선,공항화물청사,2347,2485,4832
202206,공항철도 1호선,김포공항,12287,6938,19225
202206,공항철도 1호선,디지털미디어시티,15564,14470,30034
202206,공항철도 1호선,마곡나루,10388,10092,20480
202206,공항철도 1호선,서울,8913,8108,17021
202206,공항철도 1호선,영종,3455,3522,6977
202206,공항철도 1호선,운서,7564,7697,15261
202206,공항철도 1호선,인천공항1터미널,6046,5832,11878
202206,공항철도 1호선,인천공항2터미널,3066,2688,5754
202206,공항철도 1호선,청라국제도시,7904,7170,15074
202206,공항철도 1호선,홍대입구,9639,9674,19313
202206,공항철도 1호선,검암,7378,7245,14623
202206,공항철도 1호선,계양,12262,11452,23714
202206,공항철도 1호선,공덕,2590,3568,6158
202206,공항철도 1호선,공항화물청사,2432,2634,5066
202206,공항철도 1호선,김포공항,12133,7168,19301
202206,공항철도 1호선,디지털미디어시티,18867,15869,34736
202206,공항철도 1호선,마곡나루,11146,10649,21795
202206,공항철도 1호선,서울,9051,8269,17320
202206,공항철도 1호선,영종,3511,3494,7005
202206,공항철도 1호선,운서,7833,7813,15646
202206,공항철도 1호선,인천공항1터미널,5997,5792,11789
202206,공항철도 1호선,인천공항2터미널,2986,2898,5884
202206,공항철도 1호선,청라국제도시,8091,7534,15625
202206,공항철도 1호선,홍대입구,9964,10225,20189
202206,공항철도 1호선,검암,6927,6998,13925
202206,공항철도 1호선,계양,11694,10838,22532
202206,공항철도 1호선,공덕,2491,3234,5725
202206,공항철도 1호선,공항화물청사,2287,2548,4835
202206,공항철도 1호선,김포공항,11738,7185,18923
202206,공항철도 1호선,디지털미디어시티,15850,14796,30646
202206,공항철도 1호선,마곡나루,10563,10147,20710
202206,공항철도 1호선,서울,8788,7823,16611
202206,공항철도 1호선,영종,3382,3381,6763
202206,공항철도 1호선,운서,7512,7582,15094
202206,공항철도 1호선,인천공항1터미널,6223,6127,12350
202206,공항철도 1호선,인천공항2터미널,3174,2759,5933
202206,공항철도 1호선,청라국제도시,7817,7399,15216
202206,공항철도 1호선,홍대입구,9985,10099,20084
202206,공항철도 1호선,검암,7221,7148,14369
202206,공항철도 1호선,계양,12096,11168,23264
202206,공항철도 1호선,공덕,2583,3337,5920
202206,공항철도 1호선,공항화물청사,2424,2591,5015
202206,공항철도 1호선,김포공항,12469,7183,19652
202206,공항철도 1호선,디지털미디어시티,16284,15160,31444
202206,공항철도 1호선,마곡나루,10993,10419,21412
202206,공항철도 1호선,서울,9458,8733,18191
202206,공항철도 1호선,영종,3464,3499,6963
202206,공항철도 1호선,운서,7991,7873,15864
202206,공항철도 1호선,인천공항1터미널,6732,6323,13055
202206,공항철도 1호선,인천공항2터미널,3245,2805,6050
202206,공항철도 1호선,청라국제도시,7971,7697,15668
202206,공항철도 1호선,홍대입구,10674,10962,21636
202206,공항철도 1호선,검암,7618,7533,15151
202206,공항철도 1호선,계양,12086,11041,23127
202206,공항철도 1호선,공덕,2643,3638,6281
202206,공항철도 1호선,공항화물청사,2447,2589,5036
202206,공항철도 1호선,김포공항,15229,7822,23051
202206,공항철도 1호선,디지털미디어시티,15477,14291,29768
202206,공항철도 1호선,마곡나루,10266,9481,19747
202206,공항철도 1호선,서울,11122,10465,21587
202206,공항철도 1호선,영종,3606,3850,7456
202206,공항철도 1호선,운서,8367,8215,16582
202206,공항철도 1호선,인천공항1터미널,6867,6445,13312
202206,공항철도 1호선,인천공항2터미널,3247,3043,6290
202206,공항철도 1호선,청라국제도시,8128,7656,15784
202206,공항철도 1호선,홍대입구,12033,12796,24829
202206,공항철도 1호선,검암,7235,7206,14441
202206,공항철도 1호선,계양,11825,10944,22769
202206,공항철도 1호선,공덕,2612,3226,5838
202206,공항철도 1호선,공항화물청사,2405,2547,4952
202206,공항철도 1호선,김포공항,12762,7232,19994
202206,공항철도 1호선,디지털미디어시티,15559,14444,30003
202206,공항철도 1호선,마곡나루,10477,10114,20591
202206,공항철도 1호선,서울,9483,8477,17960
202206,공항철도 1호선,영종,3622,3576,7198
202206,공항철도 1호선,운서,7694,7895,15589
202206,공항철도 1호선,인천공항1터미널,6698,6627,13325
202206,공항철도 1호선,인천공항2터미널,3328,2927,6255
202206,공항철도 1호선,청라국제도시,8008,7455,15463
202206,공항철도 1호선,홍대입구,10209,10212,20421
202206,공항철도 1호선,검암,7533,7493,15026
202206,공항철도 1호선,계양,11987,11110,23097
202206,공항철도 1호선,공덕,2619,3390,6009
202206,공항철도 1호선,공항화물청사,2512,2662,5174
202206,공항철도 1호선,김포공항,12396,7157,19553
202206,공항철도 1호선,디지털미디어시티,15966,14880,30846
202206,공항철도 1호선,마곡나루,10891,10446,21337
202206,공항철도 1호선,서울,9008,8035,17043
202206,공항철도 1호선,영종,3465,3540,7005
202206,공항철도 1호선,운서,7910,8039,15949
202206,공항철도 1호선,인천공항1터미널,6584,6654,13238
202206,공항철도 1호선,인천공항2터미널,3132,3211,6343
202206,공항철도 1호선,청라국제도시,8124,7685,15809
202206,공항철도 1호선,홍대입구,10965,11142,22107
202206,공항철도 1호선,검암,7411,7469,14880
202206,공항철도 1호선,계양,12007,11037,23044
202206,공항철도 1호선,공덕,2630,3467,6097
202206,공항철도 1호선,공항화물청사,2484,2641,5125
202206,공항철도 1호선,김포공항,12821,7232,20053
202206,공항철도 1호선,디지털미디어시티,16143,15155,31298
202206,공항철도 1호선,마곡나루,10815,10275,21090
202206,공항철도 1호선,서울,9415,8349,17764
202206,공항철도 1호선,영종,3517,3484,7001
202206,공항철도 1호선,운서,8037,8141,16178
202206,공항철도 1호선,인천공항1터미널,7195,7617,14812
202206,공항철도 1호선,인천공항2터미널,3428,3209,6637
202206,공항철도 1호선,청라국제도시,8093,7665,15758
202206,공항철도 1호선,홍대입구,11567,11623,23190
202206,공항철도 1호선,검암,6705,6324,13029
202206,공항철도 1호선,계양,11050,10360,21410
202206,공항철도 1호선,공덕,2530,3476,6006
202206,공항철도 1호선,공항화물청사,2345,2568,4913
202206,공항철도 1호선,김포공항,12829,6985,19814
202206,공항철도 1호선,디지털미디어시티,16268,14761,31029
202206,공항철도 1호선,마곡나루,9746,9347,19093
202206,공항철도 1호선,서울,9591,8697,18288
202206,공항철도 1호선,영종,3112,3190,6302
202206,공항철도 1호선,운서,7316,7316,14632
202206,공항철도 1호선,인천공항1터미널,7602,6996,14598
202206,공항철도 1호선,인천공항2터미널,3605,3040,6645
202206,공항철도 1호선,청라국제도시,7524,7169,14693
202206,공항철도 1호선,홍대입구,9956,10330,20286
202206,공항철도 1호선,검암,7534,7351,14885
202206,공항철도 1호선,계양,11842,10822,22664
202206,공항철도 1호선,공덕,2735,3665,6400
202206,공항철도 1호선,공항화물청사,2490,2567,5057
202206,공항철도 1호선,김포공항,15228,8009,23237
202206,공항철도 1호선,디지털미디어시티,15429,14384,29813
202206,공항철도 1호선,마곡나루,10129,9524,19653
202206,공항철도 1호선,서울,11428,10757,22185
202206,공항철도 1호선,영종,3605,3786,7391
202206,공항철도 1호선,운서,8327,8305,16632
202206,공항철도 1호선,인천공항1터미널,7078,7048,14126
202206,공항철도 1호선,인천공항2터미널,3587,3182,6769
202206,공항철도 1호선,청라국제도시,8310,7618,15928
202206,공항철도 1호선,홍대입구,12485,13220,25705
202206,공항철도 1호선,검암,6944,6790,13734
202206,공항철도 1호선,계양,11259,10419,21678
202206,공항철도 1호선,공덕,2469,3211,5680
202206,공항철도 1호선,공항화물청사,2288,2503,4791
202206,공항철도 1호선,김포공항,13775,7463,21238
202206,공항철도 1호선,디지털미디어시티,15353,14095,29448
202206,공항철도 1호선,마곡나루,9922,9570,19492
202206,공항철도 1호선,서울,10056,11854,21910
202206,공항철도 1호선,영종,3406,3234,6640
202206,공항철도 1호선,운서,7290,7582,14872
202206,공항철도 1호선,인천공항1터미널,7238,6934,14172
202206,공항철도 1호선,인천공항2터미널,3347,2885,6232
202206,공항철도 1호선,청라국제도시,7614,7055,14669
202206,공항철도 1호선,홍대입구,10161,10394,20555
202206,공항철도 1호선,검암,6860,6795,13655
202206,공항철도 1호선,계양,11370,10821,22191
202206,공항철도 1호선,공덕,2559,3245,5804
202206,공항철도 1호선,공항화물청사,2377,2613,4990
202206,공항철도 1호선,김포공항,13237,6696,19933
202206,공항철도 1호선,디지털미디어시티,16189,14979,31168
202206,공항철도 1호선,마곡나루,10285,9934,20219
202206,공항철도 1호선,서울,10073,11632,21705
202206,공항철도 1호선,영종,3248,3159,6407
202206,공항철도 1호선,운서,7608,7549,15157
202206,공항철도 1호선,인천공항1터미널,6614,6564,13178
202206,공항철도 1호선,인천공항2터미널,3099,3159,6258
202206,공항철도 1호선,청라국제도시,7635,7115,14750
202206,공항철도 1호선,홍대입구,10077,10212,20289
202206,공항철도 1호선,검암,6902,6755,13657
202206,공항철도 1호선,계양,11287,10462,21749
202206,공항철도 1호선,공덕,2551,3402,5953
202206,공항철도 1호선,공항화물청사,2339,2553,4892
202206,공항철도 1호선,김포공항,12002,5916,17918
202206,공항철도 1호선,디지털미디어시티,15811,14673,30484
202206,공항철도 1호선,마곡나루,10066,9556,19622
202206,공항철도 1호선,서울,10147,10492,20639
202206,공항철도 1호선,영종,3165,3144,6309
202206,공항철도 1호선,운서,7442,7467,14909
202206,공항철도 1호선,인천공항1터미널,7224,7244,14468
202206,공항철도 1호선,인천공항2터미널,3356,3011,6367
202206,공항철도 1호선,청라국제도시,7541,7117,14658
202206,공항철도 1호선,홍대입구,10394,10494,20888
202206,공항철도 1호선,검암,6556,6385,12941
202206,공항철도 1호선,계양,11063,10278,21341
202206,공항철도 1호선,공덕,2513,3339,5852
202206,공항철도 1호선,공항화물청사,2319,2496,4815
202206,공항철도 1호선,김포공항,12543,7023,19566
202206,공항철도 1호선,디지털미디어시티,15958,14913,30871
202206,공항철도 1호선,마곡나루,9483,8997,18480
202206,공항철도 1호선,서울,9421,8329,17750
202206,공항철도 1호선,영종,2921,2949,5870
202206,공항철도 1호선,운서,7127,7171,14298
202206,공항철도 1호선,인천공항1터미널,7550,6970,14520
202206,공항철도 1호선,인천공항2터미널,3596,3097,6693
202206,공항철도 1호선,청라국제도시,7205,6946,14151
202206,공항철도 1호선,홍대입구,9813,10254,20067
202207,공항철도 1호선,검암,7439,7341,14780
202207,공항철도 1호선,계양,12052,10871,22923
202207,공항철도 1호선,공덕,2734,3563,6297
202207,공항철도 1호선,공항화물청사,2513,2582,5095
202207,공항철도 1호선,김포공항,15164,7117,22281
202207,공항철도 1호선,디지털미디어시티,15431,14050,29481
202207,공항철도 1호선,마곡나루,10025,9389,19414
202207,공항철도 1호선,서울,9973,10321,20294
202207,공항철도 1호선,영종,3712,3837,7549
202207,공항철도 1호선,운서,8398,8364,16762
202207,공항철도 1호선,인천공항1터미널,7520,7617,15137
202207,공항철도 1호선,인천공항2터미널,3647,3365,7012
202207,공항철도 1호선,청라국제도시,8115,7462,15577
202207,공항철도 1호선,홍대입구,12594,13242,25836
202207,공항철도 1호선,검암,7038,6957,13995
202207,공항철도 1호선,계양,11729,10769,22498
202207,공항철도 1호선,공덕,2560,3264,5824
202207,공항철도 1호선,공항화물청사,2433,2575,5008
202207,공항철도 1호선,김포공항,12117,6715,18832
202207,공항철도 1호선,디지털미디어시티,15650,14589,30239
202207,공항철도 1호선,마곡나루,10105,9699,19804
202207,공항철도 1호선,서울,8984,8152,17136
202207,공항철도 1호선,영종,3682,3610,7292
202207,공항철도 1호선,운서,7755,7969,15724
202207,공항철도 1호선,인천공항1터미널,7676,7409,15085
202207,공항철도 1호선,인천공항2터미널,3753,3145,6898
202207,공항철도 1호선,청라국제도시,7752,7122,14874
202207,공항철도 1호선,홍대입구,10514,10630,21144
202207,공항철도 1호선,검암,7125,7047,14172
202207,공항철도 1호선,계양,11814,11029,22843
202207,공항철도 1호선,공덕,2577,3440,6017
202207,공항철도 1호선,공항화물청사,2587,2715,5302
202207,공항철도 1호선,김포공항,11154,5684,16838
202207,공항철도 1호선,디지털미디어시티,16475,15129,31604
202207,공항철도 1호선,마곡나루,10499,9988,20487
202207,공항철도 1호선,서울,8545,7730,16275
202207,공항철도 1호선,영종,3418,3598,7016
202207,공항철도 1호선,운서,7855,7863,15718
202207,공항철도 1호선,인천공항1터미널,7455,7244,14699
202207,공항철도 1호선,인천공항2터미널,3655,3385,7040
202207,공항철도 1호선,청라국제도시,7801,7415,15216
202207,공항철도 1호선,홍대입구,11249,11163,22412
202207,공항철도 1호선,검암,7115,7088,14203
202207,공항철도 1호선,계양,11897,10859,22756
202207,공항철도 1호선,공덕,2677,3469,6146
202207,공항철도 1호선,공항화물청사,2481,2641,5122
202207,공항철도 1호선,김포공항,11723,7098,18821
202207,공항철도 1호선,디지털미디어시티,16375,15031,31406
202207,공항철도 1호선,마곡나루,10449,9739,20188
202207,공항철도 1호선,서울,8818,8006,16824
202207,공항철도 1호선,영종,3560,3516,7076
202207,공항철도 1호선,운서,7801,7874,15675
202207,공항철도 1호선,인천공항1터미널,7534,7555,15089
202207,공항철도 1호선,인천공항2터미널,3747,3668,7415
202207,공항철도 1호선,청라국제도시,7707,7267,14974
202207,공항철도 1호선,홍대입구,11033,11106,22139
202207,공항철도 1호선,검암,7074,6781,13855
202207,공항철도 1호선,계양,11488,10522,22010
202207,공항철도 1호선,공덕,2558,3364,5922
202207,공항철도 1호선,공항화물청사,2456,2637,5093
202207,공항철도 1호선,김포공항,12445,7083,19528
202207,공항철도 1호선,디지털미디어시티,15937,14730,30667
202207,공항철도 1호선,마곡나루,10204,9625,19829
202207,공항철도 1호선,서울,8976,8330,17306
202207,공항철도 1호선,영종,3413,3423,6836
202207,공항철도 1호선,운서,7740,7752,15492
202207,공항철도 1호선,인천공항1터미널,7451,7196,14647
202207,공항철도 1호선,인천공항2터미널,3758,3265,7023
202207,공항철도 1호선,청라국제도시,7485,7229,14714
202207,공항철도 1호선,홍대입구,10534,10700,21234
202207,공항철도 1호선,검암,7349,7286,14635
202207,공항철도 1호선,계양,11966,10909,22875
202207,공항철도 1호선,공덕,2722,3523,6245
202207,공항철도 1호선,공항화물청사,2382,2550,4932
202207,공항철도 1호선,김포공항,14984,7666,22650
202207,공항철도 1호선,디지털미디어시티,15429,14177,29606
202207,공항철도 1호선,마곡나루,9941,9142,19083
202207,공항철도 1호선,서울,10630,10351,20981
202207,공항철도 1호선,영종,3719,3865,7584
202207,공항철도 1호선,운서,8370,8461,16831
202207,공항철도 1호선,인천공항1터미널,7440,7390,14830
202207,공항철도 1호선,인천공항2터미널,3861,3563,7424
202207,공항철도 1호선,청라국제도시,7900,7472,15372
202207,공항철도 1호선,홍대입구,12266,12726,24992
202207,공항철도 1호선,검암,6961,6813,13774
202207,공항철도 1호선,계양,11620,10652,22272
202207,공항철도 1호선,공덕,2546,3396,5942
202207,공항철도 1호선,공항화물청사,2425,2600,5025
202207,공항철도 1호선,김포공항,12049,7184,19233
202207,공항철도 1호선,디지털미디어시티,15463,14195,29658
202207,공항철도 1호선,마곡나루,9926,9637,19563
202207,공항철도 1호선,서울,9342,8067,17409
202207,공항철도 1호선,영종,3601,3505,7106
202207,공항철도 1호선,운서,7661,7897,15558
202207,공항철도 1호선,인천공항1터미널,7666,7167,14833
202207,공항철도 1호선,인천공항2터미널,3765,3258,7023
202207,공항철도 1호선,청라국제도시,7650,6985,14635
202207,공항철도 1호선,홍대입구,10271,10432,20703
202207,공항철도 1호선,검암,7245,7125,14370
202207,공항철도 1호선,계양,11829,10952,22781
202207,공항철도 1호선,공덕,2585,3389,5974
202207,공항철도 1호선,공항화물청사,2510,2611,5121
202207,공항철도 1호선,김포공항,12053,7149,19202
202207,공항철도 1호선,디지털미디어시티,16657,15382,32039
202207,공항철도 1호선,마곡나루,10768,10188,20956
202207,공항철도 1호선,서울,8721,8065,16786
202207,공항철도 1호선,영종,3729,3667,7396
202207,공항철도 1호선,운서,7826,8101,15927
202207,공항철도 1호선,인천공항1터미널,7598,6999,14597
202207,공항철도 1호선,인천공항2터미널,3646,3342,6988
202207,공항철도 1호선,청라국제도시,7776,7291,15067
202207,공항철도 1호선,홍대입구,10978,11146,22124
202207,공항철도 1호선,검암,6393,6327,12720
202207,공항철도 1호선,계양,11142,10542,21684
202207,공항철도 1호선,공덕,2470,3643,6113
202207,공항철도 1호선,공항화물청사,2227,2529,4756
202207,공항철도 1호선,김포공항,12137,6773,18910
202207,공항철도 1호선,디지털미디어시티,20202,15703,35905
202207,공항철도 1호선,마곡나루,9712,9170,18882
202207,공항철도 1호선,서울,10262,8984,19246
202207,공항철도 1호선,영종,3192,3152,6344
202207,공항철도 1호선,운서,7100,7024,14124
202207,공항철도 1호선,인천공항1터미널,7460,7154,14614
202207,공항철도 1호선,인천공항2터미널,3453,3386,6839
202207,공항철도 1호선,청라국제도시,7281,6744,14025
202207,공항철도 1호선,홍대입구,9728,10521,20249
202207,공항철도 1호선,검암,7136,6941,14077
202207,공항철도 1호선,계양,12100,10880,22980
202207,공항철도 1호선,공덕,2672,3456,6128
202207,공항철도 1호선,공항화물청사,2488,2634,5122
202207,공항철도 1호선,김포공항,12330,7121,19451
202207,공항철도 1호선,디지털미디어시티,16115,14939,31054
202207,공항철도 1호선,마곡나루,10413,9940,20353
202207,공항철도 1호선,서울,9164,8820,17984
202207,공항철도 1호선,영종,3541,3624,7165
202207,공항철도 1호선,운서,8050,8173,16223
202207,공항철도 1호선,인천공항1터미널,7960,7200,15160
202207,공항철도 1호선,인천공항2터미널,3804,3194,6998
202207,공항철도 1호선,청라국제도시,7783,7202,14985
202207,공항철도 1호선,홍대입구,11653,11525,23178
202207,공항철도 1호선,검암,7390,7204,14594
202207,공항철도 1호선,계양,11977,10892,22869
202207,공항철도 1호선,공덕,2683,3597,6280
202207,공항철도 1호선,공항화물청사,2500,2617,5117
202207,공항철도 1호선,김포공항,14759,7725,22484
202207,공항철도 1호선,디지털미디어시티,15314,14034,29348
202207,공항철도 1호선,마곡나루,10115,9187,19302
202207,공항철도 1호선,서울,10719,10319,21038
202207,공항철도 1호선,영종,3785,3961,7746
202207,공항철도 1호선,운서,8493,8477,16970
202207,공항철도 1호선,인천공항1터미널,7706,7337,15043
202207,공항철도 1호선,인천공항2터미널,3846,3275,7121
202207,공항철도 1호선,청라국제도시,8092,7795,15887
202207,공항철도 1호선,홍대입구,12335,13111,25446
202207,공항철도 1호선,검암,6960,6863,13823
202207,공항철도 1호선,계양,11497,10606,22103
202207,공항철도 1호선,공덕,2589,3334,5923
202207,공항철도 1호선,공항화물청사,2487,2569,5056
202207,공항철도 1호선,김포공항,12250,7059,19309
202207,공항철도 1호선,디지털미디어시티,15181,14075,29256
202207,공항철도 1호선,마곡나루,10188,9664,19852
202207,공항철도 1호선,서울,9131,8429,17560
202207,공항철도 1호선,영종,3748,3700,7448
202207,공항철도 1호선,운서,7661,7945,15606
202207,공항철도 1호선,인천공항1터미널,7354,7206,14560
202207,공항철도 1호선,인천공항2터미널,3641,3165,6806
202207,공항철도 1호선,청라국제도시,7512,7004,14516
202207,공항철도 1호선,홍대입구,10690,10608,21298
202207,공항철도 1호선,검암,7160,7025,14185
202207,공항철도 1호선,계양,11758,10931,22689
202207,공항철도 1호선,공덕,2625,3502,6127
202207,공항철도 1호선,공항화물청사,2487,2676,5163
202207,공항철도 1호선,김포공항,11589,7095,18684
202207,공항철도 1호선,디지털미디어시티,15824,14738,30562
202207,공항철도 1호선,마곡나루,10582,9940,20522
202207,공항철도 1호선,서울,8656,7636,16292
202207,공항철도 1호선,영종,3612,3649,7261
202207,공항철도 1호선,운서,7788,7997,15785
202207,공항철도 1호선,인천공항1터미널,7386,7194,14580
202207,공항철도 1호선,인천공항2터미널,3327,3222,6549
202207,공항철도 1호선,청라국제도시,7665,7038,14703
202207,공항철도 1호선,홍대입구,10907,11156,22063
202207,공항철도 1호선,검암,7185,7112,14297
202207,공항철도 1호선,계양,11872,10708,22580
202207,공항철도 1호선,공덕,2630,3466,6096
202207,공항철도 1호선,공항화물청사,2457,2609,5066
202207,공항철도 1호선,김포공항,11731,7025,18756
202207,공항철도 1호선,디지털미디어시티,15593,14523,30116
202207,공항철도 1호선,마곡나루,10294,9772,20066
202207,공항철도 1호선,서울,8929,8008,16937
202207,공항철도 1호선,영종,3747,3708,7455
202207,공항철도 1호선,운서,8015,8045,16060
202207,공항철도 1호선,인천공항1터미널,7669,7884,15553
202207,공항철도 1호선,인천공항2터미널,3602,3523,7125
202207,공항철도 1호선,청라국제도시,7732,7118,14850
202207,공항철도 1호선,홍대입구,11316,11326,22642
202207,공항철도 1호선,검암,7095,7094,14189
202207,공항철도 1호선,계양,11700,10677,22377
202207,공항철도 1호선,공덕,2612,3319,5931
202207,공항철도 1호선,공항화물청사,2383,2608,4991
202207,공항철도 1호선,김포공항,11763,6918,18681
202207,공항철도 1호선,디지털미디어시티,15649,14398,30047
202207,공항철도 1호선,마곡나루,10175,9825,20000
202207,공항철도 1호선,서울,9189,8527,17716
202207,공항철도 1호선,영종,3600,3619,7219
202207,공항철도 1호선,운서,7696,7880,15576
202207,공항철도 1호선,인천공항1터미널,7736,7221,14957
202207,공항철도 1호선,인천공항2터미널,3694,3159,6853
202207,공항철도 1호선,청라국제도시,7484,6983,14467
202207,공항철도 1호선,홍대입구,11328,11496,22824
202207,공항철도 1호선,검암,7224,7185,14409
202207,공항철도 1호선,계양,11758,10775,22533
202207,공항철도 1호선,공덕,2611,3590,6201
202207,공항철도 1호선,공항화물청사,2488,2598,5086
202207,공항철도 1호선,김포공항,14018,7538,21556
202207,공항철도 1호선,디지털미디어시티,15045,13660,28705
202207,공항철도 1호선,마곡나루,9800,9130,18930
202207,공항철도 1호선,서울,10883,10600,21483
202207,공항철도 1호선,영종,3893,3929,7822
202207,공항철도 1호선,운서,8294,8257,16551
202207,공항철도 1호선,인천공항1터미널,7671,7784,15455
202207,공항철도 1호선,인천공항2터미널,3759,3160,6919
202207,공항철도 1호선,청라국제도시,7888,7354,15242
202207,공항철도 1호선,홍대입구,12785,12879,25664
202207,공항철도 1호선,검암,6866,6793,13659
202207,공항철도 1호선,계양,11413,10556,21969
202207,공항철도 1호선,공덕,2463,3132,5595
202207,공항철도 1호선,공항화물청사,2409,2519,4928
202207,공항철도 1호선,김포공항,11786,6674,18460
202207,공항철도 1호선,디지털미디어시티,14967,13905,28872
202207,공항철도 1호선,마곡나루,9645,9189,18834
202207,공항철도 1호선,서울,9201,8473,17674
202207,공항철도 1호선,영종,3652,3680,7332
202207,공항철도 1호선,운서,7728,8297,16025
202207,공항철도 1호선,인천공항1터미널,8235,7490,15725
202207,공항철도 1호선,인천공항2터미널,3716,3247,6963
202207,공항철도 1호선,청라국제도시,7219,6766,13985
202207,공항철도 1호선,홍대입구,10743,10691,21434
202207,공항철도 1호선,검암,6915,6934,13849
202207,공항철도 1호선,계양,11464,10760,22224
202207,공항철도 1호선,공덕,2523,3217,5740
202207,공항철도 1호선,공항화물청사,2379,2600,4979
202207,공항철도 1호선,김포공항,10998,6540,17538
202207,공항철도 1호선,디지털미디어시티,15603,14510,30113
202207,공항철도 1호선,마곡나루,10014,9403,19417
202207,공항철도 1호선,서울,8752,7889,16641
202207,공항철도 1호선,영종,3663,3662,7325
202207,공항철도 1호선,운서,8035,8179,16214
202207,공항철도 1호선,인천공항1터미널,7402,6951,14353
202207,공항철도 1호선,인천공항2터미널,3615,3227,6842
202207,공항철도 1호선,청라국제도시,7420,6881,14301
202207,공항철도 1호선,홍대입구,10490,10901,21391
202207,공항철도 1호선,검암,6932,6765,13697
202207,공항철도 1호선,계양,11587,10602,22189
202207,공항철도 1호선,공덕,2477,3271,5748
202207,공항철도 1호선,공항화물청사,2412,2614,5026
202207,공항철도 1호선,김포공항,10881,6242,17123
202207,공항철도 1호선,디지털미디어시티,15068,14006,29074
202207,공항철도 1호선,마곡나루,9700,9142,18842
202207,공항철도 1호선,서울,9093,8447,17540
202207,공항철도 1호선,영종,3740,3736,7476
202207,공항철도 1호선,운서,7970,8028,15998
202207,공항철도 1호선,인천공항1터미널,8048,7771,15819
202207,공항철도 1호선,인천공항2터미널,3828,3533,7361
202207,공항철도 1호선,청라국제도시,7363,6854,14217
202207,공항철도 1호선,홍대입구,11037,11340,22377
202207,공항철도 1호선,검암,7042,6814,13856
202207,공항철도 1호선,계양,11572,10596,22168
202207,공항철도 1호선,공덕,2540,3324,5864
202207,공항철도 1호선,공항화물청사,2378,2645,5023
202207,공항철도 1호선,김포공항,11409,6516,17925
202207,공항철도 1호선,디지털미디어시티,15307,14129,29436
202207,공항철도 1호선,마곡나루,9456,9098,18554
202207,공항철도 1호선,서울,9461,9081,18542
202207,공항철도 1호선,영종,3729,3722,7451
202207,공항철도 1호선,운서,8004,8134,16138
202207,공항철도 1호선,인천공항1터미널,8679,7665,16344
202207,공항철도 1호선,인천공항2터미널,4197,3639,7836
202207,공항철도 1호선,청라국제도시,7269,6816,14085
202207,공항철도 1호선,홍대입구,11426,11952,23378
202207,공항철도 1호선,검암,7056,6879,13935
202207,공항철도 1호선,계양,11434,10310,21744
202207,공항철도 1호선,공덕,2514,3363,5877
202207,공항철도 1호선,공항화물청사,2399,2513,4912
202207,공항철도 1호선,김포공항,13000,7149,20149
202207,공항철도 1호선,디지털미디어시티,14456,13109,27565
202207,공항철도 1호선,마곡나루,8870,8162,17032
202207,공항철도 1호선,서울,11099,10936,22035
202207,공항철도 1호선,영종,3774,3855,7629
202207,공항철도 1호선,운서,8393,8502,16895
202207,공항철도 1호선,인천공항1터미널,8219,8212,16431
202207,공항철도 1호선,인천공항2터미널,4242,3675,7917
202207,공항철도 1호선,청라국제도시,7383,6990,14373
202207,공항철도 1호선,홍대입구,12627,13236,25863
202208,공항철도 1호선,검암,6312,6312,12624
202208,공항철도 1호선,계양,10256,9578,19834
202208,공항철도 1호선,공덕,2311,3056,5367
202208,공항철도 1호선,공항화물청사,2252,2405,4657
202208,공항철도 1호선,김포공항,11563,6493,18056
202208,공항철도 1호선,디지털미디어시티,13596,12454,26050
202208,공항철도 1호선,마곡나루,7999,7936,15935
202208,공항철도 1호선,서울,9507,8682,18189
202208,공항철도 1호선,영종,3456,3472,6928
202208,공항철도 1호선,운서,7473,7557,15030
202208,공항철도 1호선,인천공항1터미널,8357,8100,16457
202208,공항철도 1호선,인천공항2터미널,4157,3545,7702
202208,공항철도 1호선,청라국제도시,6758,6305,13063
202208,공항철도 1호선,홍대입구,11054,11420,22474
202208,공항철도 1호선,검암,6302,6343,12645
202208,공항철도 1호선,계양,10303,9702,20005
202208,공항철도 1호선,공덕,2284,3086,5370
202208,공항철도 1호선,공항화물청사,2389,2536,4925
202208,공항철도 1호선,김포공항,10968,6415,17383
202208,공항철도 1호선,디지털미디어시티,14246,13197,27443
202208,공항철도 1호선,마곡나루,8220,7926,16146
202208,공항철도 1호선,서울,9701,9315,19016
202208,공항철도 1호선,영종,3243,3236,6479
202208,공항철도 1호선,운서,7095,7412,14507
202208,공항철도 1호선,인천공항1터미널,7929,7087,15016
202208,공항철도 1호선,인천공항2터미널,3764,3263,7027
202208,공항철도 1호선,청라국제도시,6596,6318,12914
202208,공항철도 1호선,홍대입구,10847,11233,22080
202208,공항철도 1호선,검암,6415,6447,12862
202208,공항철도 1호선,계양,10571,9852,20423
202208,공항철도 1호선,공덕,2293,3135,5428
202208,공항철도 1호선,공항화물청사,2338,2469,4807
202208,공항철도 1호선,김포공항,10664,6091,16755
202208,공항철도 1호선,디지털미디어시티,14070,13014,27084
202208,공항철도 1호선,마곡나루,8768,8402,17170
202208,공항철도 1호선,서울,9215,8472,17687
202208,공항철도 1호선,영종,3373,3351,6724
202208,공항철도 1호선,운서,7542,7742,15284
202208,공항철도 1호선,인천공항1터미널,7897,7759,15656
202208,공항철도 1호선,인천공항2터미널,3742,3307,7049
202208,공항철도 1호선,청라국제도시,6793,6461,13254
202208,공항철도 1호선,홍대입구,10958,11211,22169
202208,공항철도 1호선,검암,6708,6659,13367
202208,공항철도 1호선,계양,11198,10225,21423
202208,공항철도 1호선,공덕,2456,3227,5683
202208,공항철도 1호선,공항화물청사,2399,2584,4983
202208,공항철도 1호선,김포공항,11322,6395,17717
202208,공항철도 1호선,디지털미디어시티,14543,13366,27909
202208,공항철도 1호선,마곡나루,8513,8097,16610
202208,공항철도 1호선,서울,9219,8701,17920
202208,공항철도 1호선,영종,3554,3644,7198
202208,공항철도 1호선,운서,7678,7983,15661
202208,공항철도 1호선,인천공항1터미널,8611,7312,15923
202208,공항철도 1호선,인천공항2터미널,4004,3324,7328
202208,공항철도 1호선,청라국제도시,7166,6628,13794
202208,공항철도 1호선,홍대입구,11395,11865,23260
202208,공항철도 1호선,검암,6798,6671,13469
202208,공항철도 1호선,계양,11104,10171,21275
202208,공항철도 1호선,공덕,2433,3324,5757
202208,공항철도 1호선,공항화물청사,2442,2502,4944
202208,공항철도 1호선,김포공항,12780,7275,20055
202208,공항철도 1호선,디지털미디어시티,13933,12452,26385
202208,공항철도 1호선,마곡나루,8203,7456,15659
202208,공항철도 1호선,서울,10220,9813,20033
202208,공항철도 1호선,영종,3661,3840,7501
202208,공항철도 1호선,운서,7877,8073,15950
202208,공항철도 1호선,인천공항1터미널,8188,7606,15794
202208,공항철도 1호선,인천공항2터미널,3960,3515,7475
202208,공항철도 1호선,청라국제도시,7078,6834,13912
202208,공항철도 1호선,홍대입구,12332,12894,25226
202208,공항철도 1호선,검암,6006,5835,11841
202208,공항철도 1호선,계양,10314,9459,19773
202208,공항철도 1호선,공덕,2290,3127,5417
202208,공항철도 1호선,공항화물청사,2243,2405,4648
202208,공항철도 1호선,김포공항,12093,6556,18649
202208,공항철도 1호선,디지털미디어시티,14269,12956,27225
202208,공항철도 1호선,마곡나루,8484,8046,16530
202208,공항철도 1호선,서울,8530,8271,16801
202208,공항철도 1호선,영종,3255,3165,6420
202208,공항철도 1호선,운서,6838,6948,13786
202208,공항철도 1호선,인천공항1터미널,7866,7104,14970
202208,공항철도 1호선,인천공항2터미널,3766,3156,6922
202208,공항철도 1호선,청라국제도시,6455,6116,12571
202208,공항철도 1호선,홍대입구,9811,10034,19845
202208,공항철도 1호선,검암,5956,5764,11720
202208,공항철도 1호선,계양,9872,9104,18976
202208,공항철도 1호선,공덕,2312,3012,5324
202208,공항철도 1호선,공항화물청사,2305,2478,4783
202208,공항철도 1호선,김포공항,10889,5980,16869
202208,공항철도 1호선,디지털미디어시티,14566,13319,27885
202208,공항철도 1호선,마곡나루,8216,7838,16054
202208,공항철도 1호선,서울,8513,7835,16348
202208,공항철도 1호선,영종,2872,2886,5758
202208,공항철도 1호선,운서,6710,6994,13704
202208,공항철도 1호선,인천공항1터미널,7736,6719,14455
202208,공항철도 1호선,인천공항2터미널,3469,3015,6484
202208,공항철도 1호선,청라국제도시,6283,5996,12279
202208,공항철도 1호선,홍대입구,8385,8814,17199
202208,공항철도 1호선,검암,6702,6550,13252
202208,공항철도 1호선,계양,11137,10394,21531
202208,공항철도 1호선,공덕,2572,3317,5889
202208,공항철도 1호선,공항화물청사,2376,2540,4916
202208,공항철도 1호선,김포공항,11157,6680,17837
202208,공항철도 1호선,디지털미디어시티,14486,13468,27954
202208,공항철도 1호선,마곡나루,9379,8877,18256
202208,공항철도 1호선,서울,9030,8324,17354
202208,공항철도 1호선,영종,3310,3358,6668
202208,공항철도 1호선,운서,7500,7692,15192
202208,공항철도 1호선,인천공항1터미널,8372,8109,16481
202208,공항철도 1호선,인천공항2터미널,3618,3400,7018
202208,공항철도 1호선,청라국제도시,6889,6508,13397
202208,공항철도 1호선,홍대입구,10402,10840,21242
202208,공항철도 1호선,검암,6571,6529,13100
202208,공항철도 1호선,계양,11230,10384,21614
202208,공항철도 1호선,공덕,2591,3312,5903
202208,공항철도 1호선,공항화물청사,2381,2471,4852
202208,공항철도 1호선,김포공항,11400,6977,18377
202208,공항철도 1호선,디지털미디어시티,14885,13582,28467
202208,공항철도 1호선,마곡나루,9488,8905,18393
202208,공항철도 1호선,서울,9211,8575,17786
202208,공항철도 1호선,영종,3386,3431,6817
202208,공항철도 1호선,운서,7745,7848,15593
202208,공항철도 1호선,인천공항1터미널,8479,7836,16315
202208,공항철도 1호선,인천공항2터미널,4007,3395,7402
202208,공항철도 1호선,청라국제도시,7054,6625,13679
202208,공항철도 1호선,홍대입구,11007,11283,22290
202208,공항철도 1호선,검암,6994,6896,13890
202208,공항철도 1호선,계양,11654,10453,22107
202208,공항철도 1호선,공덕,2652,3428,6080
202208,공항철도 1호선,공항화물청사,2383,2451,4834
202208,공항철도 1호선,김포공항,13764,7808,21572
202208,공항철도 1호선,디지털미디어시티,14203,12722,26925
202208,공항철도 1호선,마곡나루,9329,8469,17798
202208,공항철도 1호선,서울,11110,10807,21917
202208,공항철도 1호선,영종,3903,3999,7902
202208,공항철도 1호선,운서,8270,8307,16577
202208,공항철도 1호선,인천공항1터미널,8595,8502,17097
202208,공항철도 1호선,인천공항2터미널,3877,3404,7281
202208,공항철도 1호선,청라국제도시,7392,6999,14391
202208,공항철도 1호선,홍대입구,12901,13452,26353
202208,공항철도 1호선,검암,3354,3431,6785
202208,공항철도 1호선,계양,5523,5332,10855
202208,공항철도 1호선,공덕,1284,1754,3038
202208,공항철도 1호선,공항화물청사,1074,1175,2249
202208,공항철도 1호선,김포공항,10965,5318,16283
202208,공항철도 1호선,디지털미디어시티,3640,3782,7422
202208,공항철도 1호선,마곡나루,2143,2415,4558
202208,공항철도 1호선,서울,9502,7613,17115
202208,공항철도 1호선,영종,2652,2511,5163
202208,공항철도 1호선,운서,5516,6118,11634
202208,공항철도 1호선,인천공항1터미널,9077,7253,16330
202208,공항철도 1호선,인천공항2터미널,3779,3054,6833
202208,공항철도 1호선,청라국제도시,3240,3188,6428
202208,공항철도 1호선,홍대입구,9487,9222,18709
202208,공항철도 1호선,검암,6730,6613,13343
202208,공항철도 1호선,계양,11193,10475,21668
202208,공항철도 1호선,공덕,2468,3268,5736
202208,공항철도 1호선,공항화물청사,2323,2528,4851
202208,공항철도 1호선,김포공항,11285,6345,17630
202208,공항철도 1호선,디지털미디어시티,14443,13519,27962
202208,공항철도 1호선,마곡나루,9749,9106,18855
202208,공항철도 1호선,서울,9875,8302,18177
202208,공항철도 1호선,영종,3717,3673,7390
202208,공항철도 1호선,운서,7776,8037,15813
202208,공항철도 1호선,인천공항1터미널,8835,7389,16224
202208,공항철도 1호선,인천공항2터미널,3745,3286,7031
202208,공항철도 1호선,청라국제도시,7198,6639,13837
202208,공항철도 1호선,홍대입구,10913,11259,22172
202208,공항철도 1호선,검암,6842,6752,13594
202208,공항철도 1호선,계양,11409,10658,22067
202208,공항철도 1호선,공덕,2511,3291,5802
202208,공항철도 1호선,공항화물청사,2387,2615,5002
202208,공항철도 1호선,김포공항,11230,6342,17572
202208,공항철도 1호선,디지털미디어시티,14574,13529,28103
202208,공항철도 1호선,마곡나루,9902,9333,19235
202208,공항철도 1호선,서울,9396,8314,17710
202208,공항철도 1호선,영종,3955,3929,7884
202208,공항철도 1호선,운서,7832,7984,15816
202208,공항철도 1호선,인천공항1터미널,8556,7819,16375
202208,공항철도 1호선,인천공항2터미널,3829,3295,7124
202208,공항철도 1호선,청라국제도시,7233,6816,14049
202208,공항철도 1호선,홍대입구,10946,11499,22445
202208,공항철도 1호선,검암,6941,6742,13683
202208,공항철도 1호선,계양,11651,10610,22261
202208,공항철도 1호선,공덕,2616,3416,6032
202208,공항철도 1호선,공항화물청사,2443,2586,5029
202208,공항철도 1호선,김포공항,11360,6511,17871
202208,공항철도 1호선,디지털미디어시티,14710,13565,28275
202208,공항철도 1호선,마곡나루,9952,9275,19227
202208,공항철도 1호선,서울,9361,8584,17945
202208,공항철도 1호선,영종,3699,3640,7339
202208,공항철도 1호선,운서,7880,8125,16005
202208,공항철도 1호선,인천공항1터미널,8949,7667,16616
202208,공항철도 1호선,인천공항2터미널,3872,3137,7009
202208,공항철도 1호선,청라국제도시,7371,6929,14300
202208,공항철도 1호선,홍대입구,11457,11660,23117
202208,공항철도 1호선,검암,6833,6650,13483
202208,공항철도 1호선,계양,11338,10518,21856
202208,공항철도 1호선,공덕,2571,3415,5986
202208,공항철도 1호선,공항화물청사,2297,2482,4779
202208,공항철도 1호선,김포공항,13128,7273,20401
202208,공항철도 1호선,디지털미디어시티,14502,13296,27798
202208,공항철도 1호선,마곡나루,9471,8592,18063
202208,공항철도 1호선,서울,10979,10193,21172
202208,공항철도 1호선,영종,3515,3740,7255
202208,공항철도 1호선,운서,8051,8121,16172
202208,공항철도 1호선,인천공항1터미널,9043,7836,16879
202208,공항철도 1호선,인천공항2터미널,3799,3222,7021
202208,공항철도 1호선,청라국제도시,7343,6867,14210
202208,공항철도 1호선,홍대입구,11391,12579,23970
202208,공항철도 1호선,검암,6595,6570,13165
202208,공항철도 1호선,계양,11324,10475,21799
202208,공항철도 1호선,공덕,2572,3264,5836
202208,공항철도 1호선,공항화물청사,2342,2606,4948
202208,공항철도 1호선,김포공항,12122,6719,18841
202208,공항철도 1호선,디지털미디어시티,14387,13432,27819
202208,공항철도 1호선,마곡나루,9484,9002,18486
202208,공항철도 1호선,서울,9006,8403,17409
202208,공항철도 1호선,영종,3785,3765,7550
202208,공항철도 1호선,운서,7695,8119,15814
202208,공항철도 1호선,인천공항1터미널,8965,7845,16810
202208,공항철도 1호선,인천공항2터미널,4033,3327,7360
202208,공항철도 1호선,청라국제도시,7186,6685,13871
202208,공항철도 1호선,홍대입구,10453,10545,20998
202208,공항철도 1호선,검암,6710,6786,13496
202208,공항철도 1호선,계양,11682,10855,22537
202208,공항철도 1호선,공덕,2551,3446,5997
202208,공항철도 1호선,공항화물청사,2347,2522,4869
202208,공항철도 1호선,김포공항,11422,6603,18025
202208,공항철도 1호선,디지털미디어시티,14923,13927,28850
202208,공항철도 1호선,마곡나루,9995,9487,19482
202208,공항철도 1호선,서울,8723,7923,16646
202208,공항철도 1호선,영종,3586,3591,7177
202208,공항철도 1호선,운서,7774,8032,15806
202208,공항철도 1호선,인천공항1터미널,8487,7462,15949
202208,공항철도 1호선,인천공항2터미널,3757,3207,6964
202208,공항철도 1호선,청라국제도시,7225,6779,14004
202208,공항철도 1호선,홍대입구,10740,10985,21725
202208,공항철도 1호선,검암,6832,6669,13501
202208,공항철도 1호선,계양,11833,10961,22794
202208,공항철도 1호선,공덕,2633,3374,6007
202208,공항철도 1호선,공항화물청사,2438,2529,4967
202208,공항철도 1호선,김포공항,11123,6300,17423
202208,공항철도 1호선,디지털미디어시티,15001,13943,28944
202208,공항철도 1호선,마곡나루,10102,9449,19551
202208,공항철도 1호선,서울,9161,8210,17371
202208,공항철도 1호선,영종,3647,3738,7385
202208,공항철도 1호선,운서,7992,7975,15967
202208,공항철도 1호선,인천공항1터미널,8584,8164,16748
202208,공항철도 1호선,인천공항2터미널,3803,3390,7193
202208,공항철도 1호선,청라국제도시,7375,6771,14146
202208,공항철도 1호선,홍대입구,11271,11451,22722
202208,공항철도 1호선,검암,7025,6831,13856
202208,공항철도 1호선,계양,11744,10887,22631
202208,공항철도 1호선,공덕,2571,3441,6012
202208,공항철도 1호선,공항화물청사,2326,2533,4859
202208,공항철도 1호선,김포공항,11833,6640,18473
202208,공항철도 1호선,디지털미디어시티,15540,14078,29618
202208,공항철도 1호선,마곡나루,10144,9489,19633
202208,공항철도 1호선,서울,9468,8597,18065
202208,공항철도 1호선,영종,3582,3608,7190
202208,공항철도 1호선,운서,7903,8009,15912
202208,공항철도 1호선,인천공항1터미널,8836,7617,16453
202208,공항철도 1호선,인천공항2터미널,3809,3201,7010
202208,공항철도 1호선,청라국제도시,7472,6982,14454
202208,공항철도 1호선,홍대입구,11411,11749,23160
202208,공항철도 1호선,검암,7255,6980,14235
202208,공항철도 1호선,계양,11976,10870,22846
202208,공항철도 1호선,공덕,2637,3569,6206
202208,공항철도 1호선,공항화물청사,2391,2472,4863
202208,공항철도 1호선,김포공항,14268,7363,21631
202208,공항철도 1호선,디지털미디어시티,14691,13480,28171
202208,공항철도 1호선,마곡나루,9822,8947,18769
202208,공항철도 1호선,서울,11250,10815,22065
202208,공항철도 1호선,영종,3896,3986,7882
202208,공항철도 1호선,운서,8355,8462,16817
202208,공항철도 1호선,인천공항1터미널,8875,7889,16764
202208,공항철도 1호선,인천공항2터미널,3891,3241,7132
202208,공항철도 1호선,청라국제도시,7722,7234,14956
202208,공항철도 1호선,홍대입구,12557,13283,25840
202208,공항철도 1호선,검암,6632,6680,13312
202208,공항철도 1호선,계양,11733,10900,22633
202208,공항철도 1호선,공덕,2545,3188,5733
202208,공항철도 1호선,공항화물청사,2339,2549,4888
202208,공항철도 1호선,김포공항,12778,6699,19477
202208,공항철도 1호선,디지털미디어시티,14639,13828,28467
202208,공항철도 1호선,마곡나루,9870,9525,19395
202208,공항철도 1호선,서울,9525,8565,18090
202208,공항철도 1호선,영종,3699,3721,7420
202208,공항철도 1호선,운서,7718,7886,15604
202208,공항철도 1호선,인천공항1터미널,8941,7483,16424
202208,공항철도 1호선,인천공항2터미널,3759,3144,6903
202208,공항철도 1호선,청라국제도시,7172,6743,13915
202208,공항철도 1호선,홍대입구,10205,10726,20931
202208,공항철도 1호선,검암,6411,6478,12889
202208,공항철도 1호선,계양,11482,10671,22153
202208,공항철도 1호선,공덕,2478,3312,5790
202208,공항철도 1호선,공항화물청사,2330,2543,4873
202208,공항철도 1호선,김포공항,12007,6232,18239
202208,공항철도 1호선,디지털미디어시티,15459,14428,29887
202208,공항철도 1호선,마곡나루,9706,9120,18826
202208,공항철도 1호선,서울,8659,8024,16683
202208,공항철도 1호선,영종,3334,3311,6645
202208,공항철도 1호선,운서,7400,7658,15058
202208,공항철도 1호선,인천공항1터미널,8462,6937,15399
202208,공항철도 1호선,인천공항2터미널,3629,3057,6686
202208,공항철도 1호선,청라국제도시,7010,6602,13612
202208,공항철도 1호선,홍대입구,9659,10300,19959
202208,공항철도 1호선,검암,7065,6933,13998
202208,공항철도 1호선,계양,12198,11274,23472
202208,공항철도 1호선,공덕,2686,3422,6108
202208,공항철도 1호선,공항화물청사,2414,2521,4935
202208,공항철도 1호선,김포공항,11960,6515,18475
202208,공항철도 1호선,디지털미디어시티,15672,14781,30453
202208,공항철도 1호선,마곡나루,10582,9928,20510
202208,공항철도 1호선,서울,9501,8471,17972
202208,공항철도 1호선,영종,3688,3721,7409
202208,공항철도 1호선,운서,8160,8127,16287
202208,공항철도 1호선,인천공항1터미널,8907,7820,16727
202208,공항철도 1호선,인천공항2터미널,3779,3341,7120
202208,공항철도 1호선,청라국제도시,7392,6877,14269
202208,공항철도 1호선,홍대입구,11087,11545,22632
202209,공항철도 1호선,검암,7305,7255,14560
202209,공항철도 1호선,계양,12540,11755,24295
202209,공항철도 1호선,공덕,2666,3455,6121
202209,공항철도 1호선,공항화물청사,2449,2621,5070
202209,공항철도 1호선,김포공항,11533,6515,18048
202209,공항철도 1호선,디지털미디어시티,15508,14365,29873
202209,공항철도 1호선,마곡나루,10570,10123,20693
202209,공항철도 1호선,서울,9552,8544,18096
202209,공항철도 1호선,영종,3787,3811,7598
202209,공항철도 1호선,운서,8095,8247,16342
202209,공항철도 1호선,인천공항1터미널,8317,7242,15559
202209,공항철도 1호선,인천공항2터미널,3880,3139,7019
202209,공항철도 1호선,청라국제도시,7814,7381,15195
202209,공항철도 1호선,홍대입구,11277,11836,23113
202209,공항철도 1호선,검암,7131,7157,14288
202209,공항철도 1호선,계양,12564,11613,24177
202209,공항철도 1호선,공덕,2756,3633,6389
202209,공항철도 1호선,공항화물청사,2431,2573,5004
202209,공항철도 1호선,김포공항,13309,6583,19892
202209,공항철도 1호선,디지털미디어시티,14927,13838,28765
202209,공항철도 1호선,마곡나루,10263,9541,19804
202209,공항철도 1호선,서울,11332,9950,21282
202209,공항철도 1호선,영종,3931,4018,7949
202209,공항철도 1호선,운서,8289,8507,16796
202209,공항철도 1호선,인천공항1터미널,8275,7594,15869
202209,공항철도 1호선,인천공항2터미널,3673,3231,6904
202209,공항철도 1호선,청라국제도시,7878,7500,15378
202209,공항철도 1호선,홍대입구,12665,13350,26015
202209,공항철도 1호선,검암,6325,6033,12358
202209,공항철도 1호선,계양,11242,10352,21594
202209,공항철도 1호선,공덕,2299,3007,5306
202209,공항철도 1호선,공항화물청사,2215,2418,4633
202209,공항철도 1호선,김포공항,5814,3356,9170
202209,공항철도 1호선,디지털미디어시티,14352,13297,27649
202209,공항철도 1호선,마곡나루,9132,8601,17733
202209,공항철도 1호선,서울,8572,7906,16478
202209,공항철도 1호선,영종,3008,3022,6030
202209,공항철도 1호선,운서,6761,6844,13605
202209,공항철도 1호선,인천공항1터미널,7239,6587,13826
202209,공항철도 1호선,인천공항2터미널,3584,3037,6621
202209,공항철도 1호선,청라국제도시,6764,6442,13206
202209,공항철도 1호선,홍대입구,8308,8740,17048
202209,공항철도 1호선,검암,6498,6446,12944
202209,공항철도 1호선,계양,11280,10212,21492
202209,공항철도 1호선,공덕,2411,3134,5545
202209,공항철도 1호선,공항화물청사,2271,2457,4728
202209,공항철도 1호선,김포공항,5719,5137,10856
202209,공항철도 1호선,디지털미디어시티,13884,12782,26666
202209,공항철도 1호선,마곡나루,8140,8068,16208
202209,공항철도 1호선,서울,6287,6136,12423
202209,공항철도 1호선,영종,3235,3189,6424
202209,공항철도 1호선,운서,7470,7467,14937
202209,공항철도 1호선,인천공항1터미널,6956,6589,13545
202209,공항철도 1호선,인천공항2터미널,3360,3266,6626
202209,공항철도 1호선,청라국제도시,6790,6362,13152
202209,공항철도 1호선,홍대입구,9756,9731,19487
202209,공항철도 1호선,검암,7327,7170,14497
202209,공항철도 1호선,계양,12894,11525,24419
202209,공항철도 1호선,공덕,2766,3357,6123
202209,공항철도 1호선,공항화물청사,2343,2550,4893
202209,공항철도 1호선,김포공항,9699,7402,17101
202209,공항철도 1호선,디지털미디어시티,16100,14893,30993
202209,공항철도 1호선,마곡나루,11172,10339,21511
202209,공항철도 1호선,서울,9095,9895,18990
202209,공항철도 1호선,영종,3788,3762,7550
202209,공항철도 1호선,운서,8507,8242,16749
202209,공항철도 1호선,인천공항1터미널,7401,7838,15239
202209,공항철도 1호선,인천공항2터미널,3732,3262,6994
202209,공항철도 1호선,청라국제도시,7822,7306,15128
202209,공항철도 1호선,홍대입구,11660,11530,23190
202209,공항철도 1호선,검암,7130,7295,14425
202209,공항철도 1호선,계양,12310,11669,23979
202209,공항철도 1호선,공덕,2653,3275,5928
202209,공항철도 1호선,공항화물청사,2392,2442,4834
202209,공항철도 1호선,김포공항,12307,7762,20069
202209,공항철도 1호선,디지털미디어시티,15329,13477,28806
202209,공항철도 1호선,마곡나루,10478,9038,19516
202209,공항철도 1호선,서울,11104,11531,22635
202209,공항철도 1호선,영종,3825,4042,7867
202209,공항철도 1호선,운서,8730,8308,17038
202209,공항철도 1호선,인천공항1터미널,7577,7747,15324
202209,공항철도 1호선,인천공항2터미널,3810,3587,7397
202209,공항철도 1호선,청라국제도시,7663,7623,15286
202209,공항철도 1호선,홍대입구,12473,12441,24914
202209,공항철도 1호선,검암,3295,3482,6777
202209,공항철도 1호선,계양,5306,5096,10402
202209,공항철도 1호선,공덕,1322,1448,2770
202209,공항철도 1호선,공항화물청사,1062,1104,2166
202209,공항철도 1호선,김포공항,10269,6376,16645
202209,공항철도 1호선,디지털미디어시티,3612,2817,6429
202209,공항철도 1호선,마곡나루,2135,2066,4201
202209,공항철도 1호선,서울,7223,9942,17165
202209,공항철도 1호선,영종,2329,2576,4905
202209,공항철도 1호선,운서,5866,5661,11527
202209,공항철도 1호선,인천공항1터미널,7347,7759,15106
202209,공항철도 1호선,인천공항2터미널,3364,3089,6453
202209,공항철도 1호선,청라국제도시,3191,3130,6321
202209,공항철도 1호선,홍대입구,9815,9028,18843
202209,공항철도 1호선,검암,3845,3664,7509
202209,공항철도 1호선,계양,6449,5404,11853
202209,공항철도 1호선,공덕,1292,1707,2999
202209,공항철도 1호선,공항화물청사,1023,1047,2070
202209,공항철도 1호선,김포공항,14303,5815,20118
202209,공항철도 1호선,디지털미디어시티,3426,3850,7276
202209,공항철도 1호선,마곡나루,2438,2741,5179
202209,공항철도 1호선,서울,10797,8722,19519
202209,공항철도 1호선,영종,2822,2618,5440
202209,공항철도 1호선,운서,5933,6686,12619
202209,공항철도 1호선,인천공항1터미널,8403,6729,15132
202209,공항철도 1호선,인천공항2터미널,3343,2821,6164
202209,공항철도 1호선,청라국제도시,3836,3430,7266
202209,공항철도 1호선,홍대입구,11234,11677,22911
202209,공항철도 1호선,검암,6881,6789,13670
202209,공항철도 1호선,계양,12244,11328,23572
202209,공항철도 1호선,공덕,2461,3163,5624
202209,공항철도 1호선,공항화물청사,2292,2476,4768
202209,공항철도 1호선,김포공항,12273,6303,18576
202209,공항철도 1호선,디지털미디어시티,14599,13832,28431
202209,공항철도 1호선,마곡나루,9369,9022,18391
202209,공항철도 1호선,서울,10409,7741,18150
202209,공항철도 1호선,영종,3587,3687,7274
202209,공항철도 1호선,운서,7666,8298,15964
202209,공항철도 1호선,인천공항1터미널,7494,6229,13723
202209,공항철도 1호선,인천공항2터미널,3746,3408,7154
202209,공항철도 1호선,청라국제도시,7290,6736,14026
202209,공항철도 1호선,홍대입구,10383,11101,21484
202209,공항철도 1호선,검암,7160,7156,14316
202209,공항철도 1호선,계양,12678,11689,24367
202209,공항철도 1호선,공덕,2592,3400,5992
202209,공항철도 1호선,공항화물청사,2444,2600,5044
202209,공항철도 1호선,김포공항,11617,6294,17911
202209,공항철도 1호선,디지털미디어시티,15362,14319,29681
202209,공항철도 1호선,마곡나루,10976,10353,21329
202209,공항철도 1호선,서울,9251,7587,16838
202209,공항철도 1호선,영종,3625,3669,7294
202209,공항철도 1호선,운서,8053,8157,16210
202209,공항철도 1호선,인천공항1터미널,7722,7304,15026
202209,공항철도 1호선,인천공항2터미널,3663,3244,6907
202209,공항철도 1호선,청라국제도시,7536,7224,14760
202209,공항철도 1호선,홍대입구,10660,11028,21688
202209,공항철도 1호선,검암,7282,7292,14574
202209,공항철도 1호선,계양,12906,11848,24754
202209,공항철도 1호선,공덕,2719,3470,6189
202209,공항철도 1호선,공항화물청사,2452,2704,5156
202209,공항철도 1호선,김포공항,10750,6415,17165
202209,공항철도 1호선,디지털미디어시티,15337,14352,29689
202209,공항철도 1호선,마곡나루,11142,10504,21646
202209,공항철도 1호선,서울,10143,8630,18773
202209,공항철도 1호선,영종,3784,3828,7612
202209,공항철도 1호선,운서,8040,8347,16387
202209,공항철도 1호선,인천공항1터미널,8478,7159,15637
202209,공항철도 1호선,인천공항2터미널,3888,3253,7141
202209,공항철도 1호선,청라국제도시,7874,7375,15249
202209,공항철도 1호선,홍대입구,11061,11553,22614
202209,공항철도 1호선,검암,7346,7254,14600
202209,공항철도 1호선,계양,13230,12088,25318
202209,공항철도 1호선,공덕,2668,3738,6406
202209,공항철도 1호선,공항화물청사,2364,2540,4904
202209,공항철도 1호선,김포공항,13642,7431,21073
202209,공항철도 1호선,디지털미디어시티,15409,14424,29833
202209,공항철도 1호선,마곡나루,10563,9782,20345
202209,공항철도 1호선,서울,12358,10320,22678
202209,공항철도 1호선,영종,3806,3996,7802
202209,공항철도 1호선,운서,8419,8568,16987
202209,공항철도 1호선,인천공항1터미널,8613,7486,16099
202209,공항철도 1호선,인천공항2터미널,3906,3371,7277
202209,공항철도 1호선,청라국제도시,7735,7428,15163
202209,공항철도 1호선,홍대입구,12716,13895,26611
202209,공항철도 1호선,검암,7176,6998,14174
202209,공항철도 1호선,계양,12672,11567,24239
202209,공항철도 1호선,공덕,2727,3357,6084
202209,공항철도 1호선,공항화물청사,2294,2535,4829
202209,공항철도 1호선,김포공항,9852,6266,16118
202209,공항철도 1호선,디지털미디어시티,15250,14078,29328
202209,공항철도 1호선,마곡나루,10590,10032,20622
202209,공항철도 1호선,서울,9583,9102,18685
202209,공항철도 1호선,영종,3788,3724,7512
202209,공항철도 1호선,운서,8025,8115,16140
202209,공항철도 1호선,인천공항1터미널,7471,7259,14730
202209,공항철도 1호선,인천공항2터미널,3808,3517,7325
202209,공항철도 1호선,청라국제도시,7722,7032,14754
202209,공항철도 1호선,홍대입구,10947,10914,21861
202209,공항철도 1호선,검암,7333,7164,14497
202209,공항철도 1호선,계양,13040,11936,24976
202209,공항철도 1호선,공덕,2778,3480,6258
202209,공항철도 1호선,공항화물청사,2445,2625,5070
202209,공항철도 1호선,김포공항,10815,6974,17789
202209,공항철도 1호선,디지털미디어시티,16094,15055,31149
202209,공항철도 1호선,마곡나루,11223,10640,21863
202209,공항철도 1호선,서울,9417,8294,17711
202209,공항철도 1호선,영종,3742,3782,7524
202209,공항철도 1호선,운서,8482,8464,16946
202209,공항철도 1호선,인천공항1터미널,7202,7064,14266
202209,공항철도 1호선,인천공항2터미널,3693,3465,7158
202209,공항철도 1호선,청라국제도시,7701,7256,14957
202209,공항철도 1호선,홍대입구,10991,11287,22278
202209,공항철도 1호선,검암,7364,7202,14566
202209,공항철도 1호선,계양,13083,11939,25022
202209,공항철도 1호선,공덕,2699,3489,6188
202209,공항철도 1호선,공항화물청사,2423,2566,4989
202209,공항철도 1호선,김포공항,11063,6433,17496
202209,공항철도 1호선,디지털미디어시티,15943,14851,30794
202209,공항철도 1호선,마곡나루,11405,10748,22153
202209,공항철도 1호선,서울,9577,8652,18229
202209,공항철도 1호선,영종,3814,3830,7644
202209,공항철도 1호선,운서,8371,8525,16896
202209,공항철도 1호선,인천공항1터미널,7630,7840,15470
202209,공항철도 1호선,인천공항2터미널,3635,3306,6941
202209,공항철도 1호선,청라국제도시,7737,7250,14987
202209,공항철도 1호선,홍대입구,11431,11552,22983
202209,공항철도 1호선,검암,7402,7352,14754
202209,공항철도 1호선,계양,13020,12073,25093
202209,공항철도 1호선,공덕,2773,3577,6350
202209,공항철도 1호선,공항화물청사,2451,2630,5081
202209,공항철도 1호선,김포공항,11253,7217,18470
202209,공항철도 1호선,디지털미디어시티,15821,14772,30593
202209,공항철도 1호선,마곡나루,11157,10653,21810
202209,공항철도 1호선,서울,10211,8985,19196
202209,공항철도 1호선,영종,3824,3830,7654
202209,공항철도 1호선,운서,8350,8522,16872
202209,공항철도 1호선,인천공항1터미널,7878,7309,15187
202209,공항철도 1호선,인천공항2터미널,3835,3186,7021
202209,공항철도 1호선,청라국제도시,7855,7456,15311
202209,공항철도 1호선,홍대입구,11644,12287,23931
202209,공항철도 1호선,검암,7483,7571,15054
202209,공항철도 1호선,계양,12905,11906,24811
202209,공항철도 1호선,공덕,2791,3861,6652
202209,공항철도 1호선,공항화물청사,2469,2533,5002
202209,공항철도 1호선,김포공항,15108,7777,22885
202209,공항철도 1호선,디지털미디어시티,15410,14219,29629
202209,공항철도 1호선,마곡나루,10584,9882,20466
202209,공항철도 1호선,서울,12595,11102,23697
202209,공항철도 1호선,영종,4002,4256,8258
202209,공항철도 1호선,운서,8504,8686,17190
202209,공항철도 1호선,인천공항1터미널,8198,7821,16019
202209,공항철도 1호선,인천공항2터미널,4211,3579,7790
202209,공항철도 1호선,청라국제도시,8044,7750,15794
202209,공항철도 1호선,홍대입구,13094,14219,27313
202209,공항철도 1호선,검암,7226,7055,14281
202209,공항철도 1호선,계양,13052,11948,25000
202209,공항철도 1호선,공덕,2664,3333,5997
202209,공항철도 1호선,공항화물청사,2382,2533,4915
202209,공항철도 1호선,김포공항,12768,7138,19906
202209,공항철도 1호선,디지털미디어시티,15271,14427,29698
202209,공항철도 1호선,마곡나루,10635,10292,20927
202209,공항철도 1호선,서울,9698,8851,18549
202209,공항철도 1호선,영종,3904,3974,7878
202209,공항철도 1호선,운서,8140,8169,16309
202209,공항철도 1호선,인천공항1터미널,7650,7357,15007
202209,공항철도 1호선,인천공항2터미널,3733,3601,7334
202209,공항철도 1호선,청라국제도시,7939,7348,15287
202209,공항철도 1호선,홍대입구,10711,10620,21331
202209,공항철도 1호선,검암,7459,7430,14889
202209,공항철도 1호선,계양,13295,12337,25632
202209,공항철도 1호선,공덕,2599,3557,6156
202209,공항철도 1호선,공항화물청사,2449,2664,5113
202209,공항철도 1호선,김포공항,11587,7056,18643
202209,공항철도 1호선,디지털미디어시티,19011,16055,35066
202209,공항철도 1호선,마곡나루,11501,10983,22484
202209,공항철도 1호선,서울,9668,8502,18170
202209,공항철도 1호선,영종,3832,3891,7723
202209,공항철도 1호선,운서,8645,8785,17430
202209,공항철도 1호선,인천공항1터미널,7211,6924,14135
202209,공항철도 1호선,인천공항2터미널,3726,3469,7195
202209,공항철도 1호선,청라국제도시,7962,7460,15422
202209,공항철도 1호선,홍대입구,10987,11387,22374
202209,공항철도 1호선,검암,7427,7301,14728
202209,공항철도 1호선,계양,13000,11844,24844
202209,공항철도 1호선,공덕,2689,3446,6135
202209,공항철도 1호선,공항화물청사,2391,2571,4962
202209,공항철도 1호선,김포공항,11859,7224,19083
202209,공항철도 1호선,디지털미디어시티,16258,14969,31227
202209,공항철도 1호선,마곡나루,11627,11459,23086
202209,공항철도 1호선,서울,9575,8745,18320
202209,공항철도 1호선,영종,3836,3897,7733
202209,공항철도 1호선,운서,8354,8359,16713
202209,공항철도 1호선,인천공항1터미널,7722,8082,15804
202209,공항철도 1호선,인천공항2터미널,3780,3484,7264
202209,공항철도 1호선,청라국제도시,7887,7356,15243
202209,공항철도 1호선,홍대입구,11191,11107,22298
202209,공항철도 1호선,검암,7377,7353,14730
202209,공항철도 1호선,계양,13196,12171,25367
202209,공항철도 1호선,공덕,2697,3410,6107
202209,공항철도 1호선,공항화물청사,2474,2617,5091
202209,공항철도 1호선,김포공항,11868,7384,19252
202209,공항철도 1호선,디지털미디어시티,16128,15036,31164
202209,공항철도 1호선,마곡나루,11621,11361,22982
202209,공항철도 1호선,서울,10199,8953,19152
202209,공항철도 1호선,영종,4004,4000,8004
202209,공항철도 1호선,운서,8300,8620,16920
202209,공항철도 1호선,인천공항1터미널,8118,7943,16061
202209,공항철도 1호선,인천공항2터미널,4049,3439,7488
202209,공항철도 1호선,청라국제도시,7856,7614,15470
202209,공항철도 1호선,홍대입구,11254,11764,23018
202209,공항철도 1호선,검암,7649,7728,15377
202209,공항철도 1호선,계양,13601,12242,25843
202209,공항철도 1호선,공덕,2803,3699,6502
202209,공항철도 1호선,공항화물청사,2447,2595,5042
202209,공항철도 1호선,김포공항,14958,7512,22470
202209,공항철도 1호선,디지털미디어시티,15906,14510,30416
202209,공항철도 1호선,마곡나루,10979,10193,21172
202209,공항철도 1호선,서울,12725,11573,24298
202209,공항철도 1호선,영종,4022,4334,8356
202209,공항철도 1호선,운서,9130,9021,18151
202209,공항철도 1호선,인천공항1터미널,8629,8752,17381
202209,공항철도 1호선,인천공항2터미널,4238,3712,7950
202209,공항철도 1호선,청라국제도시,8139,7828,15967
202209,공항철도 1호선,홍대입구,12609,13478,26087
202210,공항철도 1호선,검암,3281,3361,6642
202210,공항철도 1호선,계양,5796,5412,11208
202210,공항철도 1호선,공덕,1345,1847,3192
202210,공항철도 1호선,공항화물청사,1053,1122,2175
202210,공항철도 1호선,김포공항,11285,5897,17182
202210,공항철도 1호선,디지털미디어시티,4280,4458,8738
202210,공항철도 1호선,마곡나루,2199,2441,4640
202210,공항철도 1호선,서울,10078,9369,19447
202210,공항철도 1호선,영종,2634,2407,5041
202210,공항철도 1호선,운서,5691,5794,11485
202210,공항철도 1호선,인천공항1터미널,8269,7005,15274
202210,공항철도 1호선,인천공항2터미널,4015,3219,7234
202210,공항철도 1호선,청라국제도시,3319,3023,6342
202210,공항철도 1호선,홍대입구,9887,9346,19233
202210,공항철도 1호선,검암,7311,7106,14417
202210,공항철도 1호선,계양,13040,12045,25085
202210,공항철도 1호선,공덕,2677,3374,6051
202210,공항철도 1호선,공항화물청사,2350,2522,4872
202210,공항철도 1호선,김포공항,11668,6687,18355
202210,공항철도 1호선,디지털미디어시티,15795,14901,30696
202210,공항철도 1호선,마곡나루,10994,10393,21387
202210,공항철도 1호선,서울,9758,8519,18277
202210,공항철도 1호선,영종,3886,3771,7657
202210,공항철도 1호선,운서,8053,8248,16301
202210,공항철도 1호선,인천공항1터미널,8112,7034,15146
202210,공항철도 1호선,인천공항2터미널,3664,3321,6985
202210,공항철도 1호선,청라국제도시,7621,7122,14743
202210,공항철도 1호선,홍대입구,10710,11140,21850
202210,공항철도 1호선,검암,7443,7289,14732
202210,공항철도 1호선,계양,13195,11951,25146
202210,공항철도 1호선,공덕,2827,3555,6382
202210,공항철도 1호선,공항화물청사,2489,2609,5098
202210,공항철도 1호선,김포공항,11842,6961,18803
202210,공항철도 1호선,디지털미디어시티,16036,14882,30918
202210,공항철도 1호선,마곡나루,11897,11465,23362
202210,공항철도 1호선,서울,9422,8480,17902
202210,공항철도 1호선,영종,3869,3926,7795
202210,공항철도 1호선,운서,8637,8702,17339
202210,공항철도 1호선,인천공항1터미널,7990,7803,15793
202210,공항철도 1호선,인천공항2터미널,3703,3417,7120
202210,공항철도 1호선,청라국제도시,7781,7275,15056
202210,공항철도 1호선,홍대입구,11122,11445,22567
202210,공항철도 1호선,검암,7623,7598,15221
202210,공항철도 1호선,계양,13316,12104,25420
202210,공항철도 1호선,공덕,2785,3599,6384
202210,공항철도 1호선,공항화물청사,2500,2663,5163
202210,공항철도 1호선,김포공항,11757,7092,18849
202210,공항철도 1호선,디지털미디어시티,15774,14683,30457
202210,공항철도 1호선,마곡나루,12154,11585,23739
202210,공항철도 1호선,서울,10402,9008,19410
202210,공항철도 1호선,영종,3847,3909,7756
202210,공항철도 1호선,운서,8349,8530,16879
202210,공항철도 1호선,인천공항1터미널,8680,7551,16231
202210,공항철도 1호선,인천공항2터미널,3810,3415,7225
202210,공항철도 1호선,청라국제도시,7672,7520,15192
202210,공항철도 1호선,홍대입구,11526,11743,23269
202210,공항철도 1호선,검암,7859,7537,15396
202210,공항철도 1호선,계양,13652,12571,26223
202210,공항철도 1호선,공덕,2944,3779,6723
202210,공항철도 1호선,공항화물청사,2485,2516,5001
202210,공항철도 1호선,김포공항,15125,7699,22824
202210,공항철도 1호선,디지털미디어시티,15854,14622,30476
202210,공항철도 1호선,마곡나루,11384,10744,22128
202210,공항철도 1호선,서울,13317,11889,25206
202210,공항철도 1호선,영종,4071,4245,8316
202210,공항철도 1호선,운서,9047,9133,18180
202210,공항철도 1호선,인천공항1터미널,9163,8373,17536
202210,공항철도 1호선,인천공항2터미널,4134,3496,7630
202210,공항철도 1호선,청라국제도시,8137,7769,15906
202210,공항철도 1호선,홍대입구,13730,14370,28100
202210,공항철도 1호선,검암,3798,3691,7489
202210,공항철도 1호선,계양,6605,6179,12784
202210,공항철도 1호선,공덕,1486,1833,3319
202210,공항철도 1호선,공항화물청사,1120,1171,2291
202210,공항철도 1호선,김포공항,11420,6429,17849
202210,공항철도 1호선,디지털미디어시티,4674,4792,9466
202210,공항철도 1호선,마곡나루,2838,3314,6152
202210,공항철도 1호선,서울,10860,10145,21005
202210,공항철도 1호선,영종,3093,2711,5804
202210,공항철도 1호선,운서,6279,6683,12962
202210,공항철도 1호선,인천공항1터미널,8623,7796,16419
202210,공항철도 1호선,인천공항2터미널,3778,3162,6940
202210,공항철도 1호선,청라국제도시,3729,3482,7211
202210,공항철도 1호선,홍대입구,11210,10497,21707
202210,공항철도 1호선,검암,7303,7109,14412
202210,공항철도 1호선,계양,13257,12143,25400
202210,공항철도 1호선,공덕,2644,3552,6196
202210,공항철도 1호선,공항화물청사,2399,2567,4966
202210,공항철도 1호선,김포공항,11308,6805,18113
202210,공항철도 1호선,디지털미디어시티,15485,14764,30249
202210,공항철도 1호선,마곡나루,11270,10792,22062
202210,공항철도 1호선,서울,10683,9350,20033
202210,공항철도 1호선,영종,3952,3882,7834
202210,공항철도 1호선,운서,8370,8725,17095
202210,공항철도 1호선,인천공항1터미널,8915,7687,16602
202210,공항철도 1호선,인천공항2터미널,3927,3450,7377
202210,공항철도 1호선,청라국제도시,7981,7389,15370
202210,공항철도 1호선,홍대입구,11439,11497,22936
202210,공항철도 1호선,검암,7425,7445,14870
202210,공항철도 1호선,계양,13493,12434,25927
202210,공항철도 1호선,공덕,2727,3514,6241
202210,공항철도 1호선,공항화물청사,2418,2560,4978
202210,공항철도 1호선,김포공항,11784,6642,18426
202210,공항철도 1호선,디지털미디어시티,15922,15113,31035
202210,공항철도 1호선,마곡나루,11768,11411,23179
202210,공항철도 1호선,서울,10339,8942,19281
202210,공항철도 1호선,영종,3847,4006,7853
202210,공항철도 1호선,운서,8515,8733,17248
202210,공항철도 1호선,인천공항1터미널,9175,8123,17298
202210,공항철도 1호선,인천공항2터미널,4070,3521,7591
202210,공항철도 1호선,청라국제도시,8147,7654,15801
202210,공항철도 1호선,홍대입구,11638,11591,23229
202210,공항철도 1호선,검암,7459,7373,14832
202210,공항철도 1호선,계양,13437,12339,25776
202210,공항철도 1호선,공덕,2790,3639,6429
202210,공항철도 1호선,공항화물청사,2492,2669,5161
202210,공항철도 1호선,김포공항,12279,6883,19162
202210,공항철도 1호선,디지털미디어시티,16230,15089,31319
202210,공항철도 1호선,마곡나루,12320,11761,24081
202210,공항철도 1호선,서울,11955,9653,21608
202210,공항철도 1호선,영종,3926,3987,7913
202210,공항철도 1호선,운서,8614,8881,17495
202210,공항철도 1호선,인천공항1터미널,9980,8099,18079
202210,공항철도 1호선,인천공항2터미널,4327,3589,7916
202210,공항철도 1호선,청라국제도시,8069,7613,15682
202210,공항철도 1호선,홍대입구,12064,12445,24509
202210,공항철도 1호선,검암,7627,7524,15151
202210,공항철도 1호선,계양,13876,12521,26397
202210,공항철도 1호선,공덕,2797,3834,6631
202210,공항철도 1호선,공항화물청사,2450,2556,5006
202210,공항철도 1호선,김포공항,14170,7234,21404
202210,공항철도 1호선,디지털미디어시티,15594,14432,30026
202210,공항철도 1호선,마곡나루,10954,10464,21418
202210,공항철도 1호선,서울,13066,12107,25173
202210,공항철도 1호선,영종,3978,4105,8083
202210,공항철도 1호선,운서,8733,8977,17710
202210,공항철도 1호선,인천공항1터미널,10103,8615,18718
202210,공항철도 1호선,인천공항2터미널,4576,3653,8229
202210,공항철도 1호선,청라국제도시,8004,7708,15712
202210,공항철도 1호선,홍대입구,13683,13834,27517
202210,공항철도 1호선,검암,7236,7081,14317
202210,공항철도 1호선,계양,13012,12001,25013
202210,공항철도 1호선,공덕,2677,3434,6111
202210,공항철도 1호선,공항화물청사,2317,2607,4924
202210,공항철도 1호선,김포공항,12297,6984,19281
202210,공항철도 1호선,디지털미디어시티,15708,14694,30402
202210,공항철도 1호선,마곡나루,10714,10652,21366
202210,공항철도 1호선,서울,10599,9574,20173
202210,공항철도 1호선,영종,3827,3801,7628
202210,공항철도 1호선,운서,8404,8488,16892
202210,공항철도 1호선,인천공항1터미널,9112,8804,17916
202210,공항철도 1호선,인천공항2터미널,4248,3843,8091
202210,공항철도 1호선,청라국제도시,7691,7006,14697
202210,공항철도 1호선,홍대입구,11059,11011,22070
202210,공항철도 1호선,검암,7219,7299,14518
202210,공항철도 1호선,계양,13266,12271,25537
202210,공항철도 1호선,공덕,2785,3580,6365
202210,공항철도 1호선,공항화물청사,2426,2614,5040
202210,공항철도 1호선,김포공항,11573,6925,18498
202210,공항철도 1호선,디지털미디어시티,16217,14842,31059
202210,공항철도 1호선,마곡나루,11487,11099,22586
202210,공항철도 1호선,서울,10287,9037,19324
202210,공항철도 1호선,영종,3812,3821,7633
202210,공항철도 1호선,운서,8488,8563,17051
202210,공항철도 1호선,인천공항1터미널,8690,8250,16940
202210,공항철도 1호선,인천공항2터미널,3850,3645,7495
202210,공항철도 1호선,청라국제도시,7957,7549,15506
202210,공항철도 1호선,홍대입구,11544,11332,22876
202210,공항철도 1호선,검암,7450,7424,14874
202210,공항철도 1호선,계양,13496,12319,25815
202210,공항철도 1호선,공덕,2801,3411,6212
202210,공항철도 1호선,공항화물청사,2417,2575,4992
202210,공항철도 1호선,김포공항,11832,6931,18763
202210,공항철도 1호선,디지털미디어시티,16103,14932,31035
202210,공항철도 1호선,마곡나루,11904,11293,23197
202210,공항철도 1호선,서울,10414,9087,19501
202210,공항철도 1호선,영종,3881,3979,7860
202210,공항철도 1호선,운서,8475,8539,17014
202210,공항철도 1호선,인천공항1터미널,8911,8480,17391
202210,공항철도 1호선,인천공항2터미널,4132,3629,7761
202210,공항철도 1호선,청라국제도시,7845,7377,15222
202210,공항철도 1호선,홍대입구,11395,11728,23123
202210,공항철도 1호선,검암,7566,7518,15084
202210,공항철도 1호선,계양,13342,12358,25700
202210,공항철도 1호선,공덕,2762,3658,6420
202210,공항철도 1호선,공항화물청사,2434,2649,5083
202210,공항철도 1호선,김포공항,12320,6823,19143
202210,공항철도 1호선,디지털미디어시티,16519,15477,31996
202210,공항철도 1호선,마곡나루,11723,11423,23146
202210,공항철도 1호선,서울,11280,9483,20763
202210,공항철도 1호선,영종,3904,4082,7986
202210,공항철도 1호선,운서,8469,8745,17214
202210,공항철도 1호선,인천공항1터미널,9618,8042,17660
202210,공항철도 1호선,인천공항2터미널,3940,3512,7452
202210,공항철도 1호선,청라국제도시,7874,7533,15407
202210,공항철도 1호선,홍대입구,11879,12325,24204
202210,공항철도 1호선,검암,7714,7749,15463
202210,공항철도 1호선,계양,13673,12245,25918
202210,공항철도 1호선,공덕,2855,3789,6644
202210,공항철도 1호선,공항화물청사,2383,2526,4909
202210,공항철도 1호선,김포공항,14294,7318,21612
202210,공항철도 1호선,디지털미디어시티,15740,14491,30231
202210,공항철도 1호선,마곡나루,11135,10536,21671
202210,공항철도 1호선,서울,13261,11803,25064
202210,공항철도 1호선,영종,4216,4353,8569
202210,공항철도 1호선,운서,9186,9227,18413
202210,공항철도 1호선,인천공항1터미널,9599,8678,18277
202210,공항철도 1호선,인천공항2터미널,4275,3413,7688
202210,공항철도 1호선,청라국제도시,8345,7947,16292
202210,공항철도 1호선,홍대입구,13591,14118,27709
202210,공항철도 1호선,검암,7212,7107,14319
202210,공항철도 1호선,계양,12979,11943,24922
202210,공항철도 1호선,공덕,2702,3488,6190
202210,공항철도 1호선,공항화물청사,2334,2491,4825
202210,공항철도 1호선,김포공항,12489,7060,19549
202210,공항철도 1호선,디지털미디어시티,15631,14653,30284
202210,공항철도 1호선,마곡나루,10943,10630,21573
202210,공항철도 1호선,서울,10846,9690,20536
202210,공항철도 1호선,영종,3836,3863,7699
202210,공항철도 1호선,운서,8569,8647,17216
202210,공항철도 1호선,인천공항1터미널,9111,9023,18134
202210,공항철도 1호선,인천공항2터미널,4146,3826,7972
202210,공항철도 1호선,청라국제도시,7721,7171,14892
202210,공항철도 1호선,홍대입구,10983,10896,21879
202210,공항철도 1호선,검암,7435,7347,14782
202210,공항철도 1호선,계양,13452,12538,25990
202210,공항철도 1호선,공덕,2701,3532,6233
202210,공항철도 1호선,공항화물청사,2468,2622,5090
202210,공항철도 1호선,김포공항,11383,6798,18181
202210,공항철도 1호선,디지털미디어시티,16634,15400,32034
202210,공항철도 1호선,마곡나루,11919,11316,23235
202210,공항철도 1호선,서울,10403,8921,19324
202210,공항철도 1호선,영종,4027,3890,7917
202210,공항철도 1호선,운서,8617,8710,17327
202210,공항철도 1호선,인천공항1터미널,8783,8429,17212
202210,공항철도 1호선,인천공항2터미널,3603,3431,7034
202210,공항철도 1호선,청라국제도시,7780,7249,15029
202210,공항철도 1호선,홍대입구,11482,11673,23155
202210,공항철도 1호선,검암,7386,7262,14648
202210,공항철도 1호선,계양,13280,12080,25360
202210,공항철도 1호선,공덕,2763,3578,6341
202210,공항철도 1호선,공항화물청사,2386,2610,4996
202210,공항철도 1호선,김포공항,11959,6574,18533
202210,공항철도 1호선,디지털미디어시티,16146,15016,31162
202210,공항철도 1호선,마곡나루,11547,11122,22669
202210,공항철도 1호선,서울,10783,9036,19819
202210,공항철도 1호선,영종,3954,3975,7929
202210,공항철도 1호선,운서,8602,8803,17405
202210,공항철도 1호선,인천공항1터미널,8911,8490,17401
202210,공항철도 1호선,인천공항2터미널,3818,3384,7202
202210,공항철도 1호선,청라국제도시,7855,7343,15198
202210,공항철도 1호선,홍대입구,11667,11898,23565
202210,공항철도 1호선,검암,7601,7481,15082
202210,공항철도 1호선,계양,13314,12264,25578
202210,공항철도 1호선,공덕,2811,3618,6429
202210,공항철도 1호선,공항화물청사,2438,2625,5063
202210,공항철도 1호선,김포공항,12134,7137,19271
202210,공항철도 1호선,디지털미디어시티,16233,14982,31215
202210,공항철도 1호선,마곡나루,11675,11333,23008
202210,공항철도 1호선,서울,11611,9567,21178
202210,공항철도 1호선,영종,3986,4029,8015
202210,공항철도 1호선,운서,8877,9063,17940
202210,공항철도 1호선,인천공항1터미널,10526,9378,19904
202210,공항철도 1호선,인천공항2터미널,4130,3336,7466
202210,공항철도 1호선,청라국제도시,8015,7660,15675
202210,공항철도 1호선,홍대입구,12164,12365,24529
202210,공항철도 1호선,검암,7638,7584,15222
202210,공항철도 1호선,계양,13434,12403,25837
202210,공항철도 1호선,공덕,2958,3822,6780
202210,공항철도 1호선,공항화물청사,2345,2487,4832
202210,공항철도 1호선,김포공항,14531,7399,21930
202210,공항철도 1호선,디지털미디어시티,15753,14487,30240
202210,공항철도 1호선,마곡나루,11483,10849,22332
202210,공항철도 1호선,서울,13512,11989,25501
202210,공항철도 1호선,영종,4177,4347,8524
202210,공항철도 1호선,운서,9195,9599,18794
202210,공항철도 1호선,인천공항1터미널,10536,9817,20353
202210,공항철도 1호선,인천공항2터미널,4052,3243,7295
202210,공항철도 1호선,청라국제도시,8246,7685,15931
202210,공항철도 1호선,홍대입구,14159,14686,28845
202210,공항철도 1호선,검암,7170,7086,14256
202210,공항철도 1호선,계양,13179,11845,25024
202210,공항철도 1호선,공덕,2715,3427,6142
202210,공항철도 1호선,공항화물청사,2358,2496,4854
202210,공항철도 1호선,김포공항,11683,6756,18439
202210,공항철도 1호선,디지털미디어시티,15037,14269,29306
202210,공항철도 1호선,마곡나루,10855,10582,21437
202210,공항철도 1호선,서울,10671,9516,20187
202210,공항철도 1호선,영종,3847,3879,7726
202210,공항철도 1호선,운서,8338,8547,16885
202210,공항철도 1호선,인천공항1터미널,9312,8857,18169
202210,공항철도 1호선,인천공항2터미널,3917,3521,7438
202210,공항철도 1호선,청라국제도시,7746,7041,14787
202210,공항철도 1호선,홍대입구,11105,10764,21869
202211,공항철도 1호선,검암,7266,7134,14400
202211,공항철도 1호선,계양,12962,12014,24976
202211,공항철도 1호선,공덕,2722,3391,6113
202211,공항철도 1호선,공항화물청사,2410,2602,5012
202211,공항철도 1호선,김포공항,10877,6373,17250
202211,공항철도 1호선,디지털미디어시티,15993,14875,30868
202211,공항철도 1호선,마곡나루,11640,11233,22873
202211,공항철도 1호선,서울,9538,8607,18145
202211,공항철도 1호선,영종,3656,3664,7320
202211,공항철도 1호선,운서,8280,8400,16680
202211,공항철도 1호선,인천공항1터미널,8721,8528,17249
202211,공항철도 1호선,인천공항2터미널,3708,3447,7155
202211,공항철도 1호선,청라국제도시,7652,7194,14846
202211,공항철도 1호선,홍대입구,11147,11123,22270
202211,공항철도 1호선,검암,7251,7143,14394
202211,공항철도 1호선,계양,13012,11933,24945
202211,공항철도 1호선,공덕,2744,3477,6221
202211,공항철도 1호선,공항화물청사,2451,2618,5069
202211,공항철도 1호선,김포공항,10733,6803,17536
202211,공항철도 1호선,디지털미디어시티,15803,14648,30451
202211,공항철도 1호선,마곡나루,11738,11404,23142
202211,공항철도 1호선,서울,9975,8792,18767
202211,공항철도 1호선,영종,3724,3752,7476
202211,공항철도 1호선,운서,8552,8689,17241
202211,공항철도 1호선,인천공항1터미널,9232,9391,18623
202211,공항철도 1호선,인천공항2터미널,3563,3456,7019
202211,공항철도 1호선,청라국제도시,7680,7197,14877
202211,공항철도 1호선,홍대입구,11398,11470,22868
202211,공항철도 1호선,검암,7278,7307,14585
202211,공항철도 1호선,계양,13203,12119,25322
202211,공항철도 1호선,공덕,2734,3547,6281
202211,공항철도 1호선,공항화물청사,2423,2562,4985
202211,공항철도 1호선,김포공항,10834,6366,17200
202211,공항철도 1호선,디지털미디어시티,15656,14587,30243
202211,공항철도 1호선,마곡나루,11732,11321,23053
202211,공항철도 1호선,서울,11224,9272,20496
202211,공항철도 1호선,영종,3781,3827,7608
202211,공항철도 1호선,운서,8452,8706,17158
202211,공항철도 1호선,인천공항1터미널,9388,8737,18125
202211,공항철도 1호선,인천공항2터미널,3973,3565,7538
202211,공항철도 1호선,청라국제도시,7830,7469,15299
202211,공항철도 1호선,홍대입구,11465,11726,23191
202211,공항철도 1호선,검암,7372,7333,14705
202211,공항철도 1호선,계양,13192,12196,25388
202211,공항철도 1호선,공덕,2727,3683,6410
202211,공항철도 1호선,공항화물청사,2450,2480,4930
202211,공항철도 1호선,김포공항,12319,6186,18505
202211,공항철도 1호선,디지털미디어시티,15519,14241,29760
202211,공항철도 1호선,마곡나루,10612,10112,20724
202211,공항철도 1호선,서울,13042,11894,24936
202211,공항철도 1호선,영종,3935,4109,8044
202211,공항철도 1호선,운서,8732,9026,17758
202211,공항철도 1호선,인천공항1터미널,9158,9508,18666
202211,공항철도 1호선,인천공항2터미널,3806,3417,7223
202211,공항철도 1호선,청라국제도시,7932,7604,15536
202211,공항철도 1호선,홍대입구,12787,13674,26461
202211,공항철도 1호선,검암,7059,7020,14079
202211,공항철도 1호선,계양,13031,11894,24925
202211,공항철도 1호선,공덕,2758,3420,6178
202211,공항철도 1호선,공항화물청사,2351,2465,4816
202211,공항철도 1호선,김포공항,12098,6516,18614
202211,공항철도 1호선,디지털미디어시티,14902,14015,28917
202211,공항철도 1호선,마곡나루,10930,10498,21428
202211,공항철도 1호선,서울,10440,9174,19614
202211,공항철도 1호선,영종,3741,3727,7468
202211,공항철도 1호선,운서,8407,8566,16973
202211,공항철도 1호선,인천공항1터미널,9547,8977,18524
202211,공항철도 1호선,인천공항2터미널,3859,3481,7340
202211,공항철도 1호선,청라국제도시,7561,6993,14554
202211,공항철도 1호선,홍대입구,10856,10680,21536
202211,공항철도 1호선,검암,7428,7363,14791
202211,공항철도 1호선,계양,13179,12127,25306
202211,공항철도 1호선,공덕,2727,3637,6364
202211,공항철도 1호선,공항화물청사,2437,2634,5071
202211,공항철도 1호선,김포공항,10791,6343,17134
202211,공항철도 1호선,디지털미디어시티,15594,14517,30111
202211,공항철도 1호선,마곡나루,11686,11118,22804
202211,공항철도 1호선,서울,9778,8785,18563
202211,공항철도 1호선,영종,3744,3734,7478
202211,공항철도 1호선,운서,8501,8761,17262
202211,공항철도 1호선,인천공항1터미널,9057,8427,17484
202211,공항철도 1호선,인천공항2터미널,3590,3277,6867
202211,공항철도 1호선,청라국제도시,7695,7187,14882
202211,공항철도 1호선,홍대입구,11015,11122,22137
202211,공항철도 1호선,검암,7214,7173,14387
202211,공항철도 1호선,계양,13266,11993,25259
202211,공항철도 1호선,공덕,2762,3500,6262
202211,공항철도 1호선,공항화물청사,2402,2603,5005
202211,공항철도 1호선,김포공항,11113,6853,17966
202211,공항철도 1호선,디지털미디어시티,15844,14630,30474
202211,공항철도 1호선,마곡나루,11496,11178,22674
202211,공항철도 1호선,서울,10190,8608,18798
202211,공항철도 1호선,영종,3839,3841,7680
202211,공항철도 1호선,운서,8752,8735,17487
202211,공항철도 1호선,인천공항1터미널,9007,9089,18096
202211,공항철도 1호선,인천공항2터미널,3670,3550,7220
202211,공항철도 1호선,청라국제도시,7749,7295,15044
202211,공항철도 1호선,홍대입구,11174,11389,22563
202211,공항철도 1호선,검암,7394,7245,14639
202211,공항철도 1호선,계양,13215,12196,25411
202211,공항철도 1호선,공덕,2724,3642,6366
202211,공항철도 1호선,공항화물청사,2433,2579,5012
202211,공항철도 1호선,김포공항,11350,6747,18097
202211,공항철도 1호선,디지털미디어시티,15941,14704,30645
202211,공항철도 1호선,마곡나루,11666,11585,23251
202211,공항철도 1호선,서울,11141,9315,20456
202211,공항철도 1호선,영종,3837,3974,7811
202211,공항철도 1호선,운서,8546,8823,17369
202211,공항철도 1호선,인천공항1터미널,9694,8895,18589
202211,공항철도 1호선,인천공항2터미널,4161,3774,7935
202211,공항철도 1호선,청라국제도시,7905,7498,15403
202211,공항철도 1호선,홍대입구,11381,11686,23067
202211,공항철도 1호선,검암,7445,7355,14800
202211,공항철도 1호선,계양,13527,12437,25964
202211,공항철도 1호선,공덕,2919,3950,6869
202211,공항철도 1호선,공항화물청사,2394,2481,4875
202211,공항철도 1호선,김포공항,13271,6769,20040
202211,공항철도 1호선,디지털미디어시티,15488,14227,29715
202211,공항철도 1호선,마곡나루,11346,10625,21971
202211,공항철도 1호선,서울,13222,12075,25297
202211,공항철도 1호선,영종,4112,4268,8380
202211,공항철도 1호선,운서,9169,9391,18560
202211,공항철도 1호선,인천공항1터미널,9780,9774,19554
202211,공항철도 1호선,인천공항2터미널,4183,3457,7640
202211,공항철도 1호선,청라국제도시,7949,7789,15738
202211,공항철도 1호선,홍대입구,13938,14689,28627
202211,공항철도 1호선,검암,7084,6932,14016
202211,공항철도 1호선,계양,12873,11781,24654
202211,공항철도 1호선,공덕,2605,3468,6073
202211,공항철도 1호선,공항화물청사,2273,2495,4768
202211,공항철도 1호선,김포공항,11754,6571,18325
202211,공항철도 1호선,디지털미디어시티,15444,14348,29792
202211,공항철도 1호선,마곡나루,10978,10585,21563
202211,공항철도 1호선,서울,10742,9579,20321
202211,공항철도 1호선,영종,3809,3702,7511
202211,공항철도 1호선,운서,8378,8591,16969
202211,공항철도 1호선,인천공항1터미널,10198,9098,19296
202211,공항철도 1호선,인천공항2터미널,3975,3553,7528
202211,공항철도 1호선,청라국제도시,7589,6993,14582
202211,공항철도 1호선,홍대입구,10759,10886,21645
202211,공항철도 1호선,검암,7197,7127,14324
202211,공항철도 1호선,계양,13153,12093,25246
202211,공항철도 1호선,공덕,2733,3557,6290
202211,공항철도 1호선,공항화물청사,2404,2471,4875
202211,공항철도 1호선,김포공항,10888,6588,17476
202211,공항철도 1호선,디지털미디어시티,16068,14928,30996
202211,공항철도 1호선,마곡나루,11353,11054,22407
202211,공항철도 1호선,서울,9889,8538,18427
202211,공항철도 1호선,영종,3648,3703,7351
202211,공항철도 1호선,운서,8422,8738,17160
202211,공항철도 1호선,인천공항1터미널,9530,8605,18135
202211,공항철도 1호선,인천공항2터미널,3904,3520,7424
202211,공항철도 1호선,청라국제도시,7468,7120,14588
202211,공항철도 1호선,홍대입구,10821,11026,21847
202211,공항철도 1호선,검암,7160,7116,14276
202211,공항철도 1호선,계양,13191,12351,25542
202211,공항철도 1호선,공덕,2796,3643,6439
202211,공항철도 1호선,공항화물청사,2401,2518,4919
202211,공항철도 1호선,김포공항,10925,6948,17873
202211,공항철도 1호선,디지털미디어시티,15917,14709,30626
202211,공항철도 1호선,마곡나루,11633,11074,22707
202211,공항철도 1호선,서울,10346,9043,19389
202211,공항철도 1호선,영종,3676,3830,7506
202211,공항철도 1호선,운서,8613,8842,17455
202211,공항철도 1호선,인천공항1터미널,9840,9423,19263
202211,공항철도 1호선,인천공항2터미널,3801,3444,7245
202211,공항철도 1호선,청라국제도시,7603,7160,14763
202211,공항철도 1호선,홍대입구,11511,11470,22981
202211,공항철도 1호선,검암,7256,7157,14413
202211,공항철도 1호선,계양,13221,12271,25492
202211,공항철도 1호선,공덕,2722,3749,6471
202211,공항철도 1호선,공항화물청사,2456,2540,4996
202211,공항철도 1호선,김포공항,11408,6957,18365
202211,공항철도 1호선,디지털미디어시티,15471,14390,29861
202211,공항철도 1호선,마곡나루,11554,10945,22499
202211,공항철도 1호선,서울,11212,9917,21129
202211,공항철도 1호선,영종,3893,3928,7821
202211,공항철도 1호선,운서,8681,8908,17589
202211,공항철도 1호선,인천공항1터미널,10066,9219,19285
202211,공항철도 1호선,인천공항2터미널,4239,3679,7918
202211,공항철도 1호선,청라국제도시,7678,7459,15137
202211,공항철도 1호선,홍대입구,12304,12463,24767
202211,공항철도 1호선,검암,7334,7357,14691
202211,공항철도 1호선,계양,13355,11877,25232
202211,공항철도 1호선,공덕,2817,3837,6654
202211,공항철도 1호선,공항화물청사,2395,2496,4891
202211,공항철도 1호선,김포공항,13261,6907,20168
202211,공항철도 1호선,디지털미디어시티,15247,14161,29408
202211,공항철도 1호선,마곡나루,11050,10263,21313
202211,공항철도 1호선,서울,13478,12363,25841
202211,공항철도 1호선,영종,3999,4259,8258
202211,공항철도 1호선,운서,9110,9302,18412
202211,공항철도 1호선,인천공항1터미널,10362,10089,20451
202211,공항철도 1호선,인천공항2터미널,4105,3378,7483
202211,공항철도 1호선,청라국제도시,7785,7558,15343
202211,공항철도 1호선,홍대입구,13444,14154,27598
202211,공항철도 1호선,검암,7268,7100,14368
202211,공항철도 1호선,계양,13158,12098,25256
202211,공항철도 1호선,공덕,2738,3523,6261
202211,공항철도 1호선,공항화물청사,2407,2535,4942
202211,공항철도 1호선,김포공항,12042,6715,18757
202211,공항철도 1호선,디지털미디어시티,15225,14235,29460
202211,공항철도 1호선,마곡나루,11023,10604,21627
202211,공항철도 1호선,서울,10894,9626,20520
202211,공항철도 1호선,영종,3945,3892,7837
202211,공항철도 1호선,운서,8641,8791,17432
202211,공항철도 1호선,인천공항1터미널,10858,10021,20879
202211,공항철도 1호선,인천공항2터미널,4014,3385,7399
202211,공항철도 1호선,청라국제도시,7633,7038,14671
202211,공항철도 1호선,홍대입구,11208,11398,22606
202211,공항철도 1호선,검암,7261,7246,14507
202211,공항철도 1호선,계양,13176,12125,25301
202211,공항철도 1호선,공덕,2723,3643,6366
202211,공항철도 1호선,공항화물청사,2491,2617,5108
202211,공항철도 1호선,김포공항,11199,6588,17787
202211,공항철도 1호선,디지털미디어시티,16234,14961,31195
202211,공항철도 1호선,마곡나루,11648,11165,22813
202211,공항철도 1호선,서울,10159,8869,19028
202211,공항철도 1호선,영종,3660,3784,7444
202211,공항철도 1호선,운서,8408,8625,17033
202211,공항철도 1호선,인천공항1터미널,9728,9206,18934
202211,공항철도 1호선,인천공항2터미널,3912,3395,7307
202211,공항철도 1호선,청라국제도시,7620,7185,14805
202211,공항철도 1호선,홍대입구,11389,11508,22897
202211,공항철도 1호선,검암,7399,7139,14538
202211,공항철도 1호선,계양,13193,12037,25230
202211,공항철도 1호선,공덕,2706,3522,6228
202211,공항철도 1호선,공항화물청사,2381,2547,4928
202211,공항철도 1호선,김포공항,11208,6638,17846
202211,공항철도 1호선,디지털미디어시티,15803,14711,30514
202211,공항철도 1호선,마곡나루,11424,10986,22410
202211,공항철도 1호선,서울,10349,9148,19497
202211,공항철도 1호선,영종,3810,3793,7603
202211,공항철도 1호선,운서,8654,8768,17422
202211,공항철도 1호선,인천공항1터미널,10113,9940,20053
202211,공항철도 1호선,인천공항2터미널,3681,3313,6994
202211,공항철도 1호선,청라국제도시,7660,7168,14828
202211,공항철도 1호선,홍대입구,11686,11609,23295
202211,공항철도 1호선,검암,7234,7229,14463
202211,공항철도 1호선,계양,13273,12418,25691
202211,공항철도 1호선,공덕,2715,3585,6300
202211,공항철도 1호선,공항화물청사,2519,2576,5095
202211,공항철도 1호선,김포공항,11486,7125,18611
202211,공항철도 1호선,디지털미디어시티,15821,14701,30522
202211,공항철도 1호선,마곡나루,11621,10911,22532
202211,공항철도 1호선,서울,11599,9308,20907
202211,공항철도 1호선,영종,3799,3867,7666
202211,공항철도 1호선,운서,8500,8833,17333
202211,공항철도 1호선,인천공항1터미널,10229,9418,19647
202211,공항철도 1호선,인천공항2터미널,4055,3486,7541
202211,공항철도 1호선,청라국제도시,7793,7385,15178
202211,공항철도 1호선,홍대입구,11741,12161,23902
202211,공항철도 1호선,검암,7311,7384,14695
202211,공항철도 1호선,계양,13298,12177,25475
202211,공항철도 1호선,공덕,2792,3753,6545
202211,공항철도 1호선,공항화물청사,2494,2491,4985
202211,공항철도 1호선,김포공항,12758,6990,19748
202211,공항철도 1호선,디지털미디어시티,15613,14502,30115
202211,공항철도 1호선,마곡나루,11320,10605,21925
202211,공항철도 1호선,서울,13356,12327,25683
202211,공항철도 1호선,영종,4081,4252,8333
202211,공항철도 1호선,운서,9172,9359,18531
202211,공항철도 1호선,인천공항1터미널,10319,10034,20353
202211,공항철도 1호선,인천공항2터미널,3837,3369,7206
202211,공항철도 1호선,청라국제도시,7814,7629,15443
202211,공항철도 1호선,홍대입구,13510,14009,27519
202211,공항철도 1호선,검암,6991,6639,13630
202211,공항철도 1호선,계양,12564,11582,24146
202211,공항철도 1호선,공덕,2557,3269,5826
202211,공항철도 1호선,공항화물청사,2255,2441,4696
202211,공항철도 1호선,김포공항,11342,6398,17740
202211,공항철도 1호선,디지털미디어시티,15300,14043,29343
202211,공항철도 1호선,마곡나루,10523,9949,20472
202211,공항철도 1호선,서울,10621,9432,20053
202211,공항철도 1호선,영종,3627,3617,7244
202211,공항철도 1호선,운서,7987,8162,16149
202211,공항철도 1호선,인천공항1터미널,10693,9808,20501
202211,공항철도 1호선,인천공항2터미널,3791,3429,7220
202211,공항철도 1호선,청라국제도시,7320,6872,14192
202211,공항철도 1호선,홍대입구,9891,10262,20153
202211,공항철도 1호선,검암,7026,6891,13917
202211,공항철도 1호선,계양,12906,12218,25124
202211,공항철도 1호선,공덕,2688,3462,6150
202211,공항철도 1호선,공항화물청사,2371,2519,4890
202211,공항철도 1호선,김포공항,10602,5999,16601
202211,공항철도 1호선,디지털미디어시티,16012,14829,30841
202211,공항철도 1호선,마곡나루,10901,10785,21686
202211,공항철도 1호선,서울,9688,8155,17843
202211,공항철도 1호선,영종,3718,3695,7413
202211,공항철도 1호선,운서,8511,8671,17182
202211,공항철도 1호선,인천공항1터미널,9876,8659,18535
202211,공항철도 1호선,인천공항2터미널,3632,3320,6952
202211,공항철도 1호선,청라국제도시,7397,7030,14427
202211,공항철도 1호선,홍대입구,10415,10890,21305
202211,공항철도 1호선,검암,6963,6752,13715
202211,공항철도 1호선,계양,12822,11851,24673
202211,공항철도 1호선,공덕,2637,3481,6118
202211,공항철도 1호선,공항화물청사,2436,2503,4939
202211,공항철도 1호선,김포공항,10239,6536,16775
202211,공항철도 1호선,디지털미디어시티,15418,14417,29835
202211,공항철도 1호선,마곡나루,10712,10338,21050
202211,공항철도 1호선,서울,9835,8466,18301
202211,공항철도 1호선,영종,3542,3608,7150
202211,공항철도 1호선,운서,8215,8365,16580
202211,공항철도 1호선,인천공항1터미널,10013,9474,19487
202211,공항철도 1호선,인천공항2터미널,3739,3476,7215
202211,공항철도 1호선,청라국제도시,7316,6935,14251
202211,공항철도 1호선,홍대입구,10521,11035,21556
202212,공항철도 1호선,검암,6980,6778,13758
202212,공항철도 1호선,계양,12789,11863,24652
202212,공항철도 1호선,공덕,2713,3573,6286
202212,공항철도 1호선,공항화물청사,2422,2522,4944
202212,공항철도 1호선,김포공항,10087,6556,16643
202212,공항철도 1호선,디지털미디어시티,15373,14552,29925
202212,공항철도 1호선,마곡나루,10676,10359,21035
202212,공항철도 1호선,서울,10449,8799,19248
202212,공항철도 1호선,영종,3479,3526,7005
202212,공항철도 1호선,운서,8304,8432,16736
202212,공항철도 1호선,인천공항1터미널,10431,9406,19837
202212,공항철도 1호선,인천공항2터미널,4047,3533,7580
202212,공항철도 1호선,청라국제도시,7292,7049,14341
202212,공항철도 1호선,홍대입구,10713,11290,22003
202212,공항철도 1호선,검암,7023,6865,13888
202212,공항철도 1호선,계양,12936,11724,24660
202212,공항철도 1호선,공덕,2678,3702,6380
202212,공항철도 1호선,공항화물청사,2413,2463,4876
202212,공항철도 1호선,김포공항,11770,6491,18261
202212,공항철도 1호선,디지털미디어시티,15246,13856,29102
202212,공항철도 1호선,마곡나루,10715,9763,20478
202212,공항철도 1호선,서울,12562,10715,23277
202212,공항철도 1호선,영종,3794,3988,7782
202212,공항철도 1호선,운서,8660,8992,17652
202212,공항철도 1호선,인천공항1터미널,10775,9744,20519
202212,공항철도 1호선,인천공항2터미널,4009,3453,7462
202212,공항철도 1호선,청라국제도시,7631,7302,14933
202212,공항철도 1호선,홍대입구,12456,13074,25530
202212,공항철도 1호선,검암,6994,6723,13717
202212,공항철도 1호선,계양,12867,11810,24677
202212,공항철도 1호선,공덕,2588,3401,5989
202212,공항철도 1호선,공항화물청사,2336,2470,4806
202212,공항철도 1호선,김포공항,10945,6234,17179
202212,공항철도 1호선,디지털미디어시티,15014,14056,29070
202212,공항철도 1호선,마곡나루,10566,10250,20816
202212,공항철도 1호선,서울,10497,9360,19857
202212,공항철도 1호선,영종,3698,3603,7301
202212,공항철도 1호선,운서,8400,8580,16980
202212,공항철도 1호선,인천공항1터미널,10677,9590,20267
202212,공항철도 1호선,인천공항2터미널,3982,3542,7524
202212,공항철도 1호선,청라국제도시,7228,6782,14010
202212,공항철도 1호선,홍대입구,10666,10824,21490
202212,공항철도 1호선,검암,6811,6805,13616
202212,공항철도 1호선,계양,12901,12084,24985
202212,공항철도 1호선,공덕,2688,3576,6264
202212,공항철도 1호선,공항화물청사,2410,2487,4897
202212,공항철도 1호선,김포공항,10475,6448,16923
202212,공항철도 1호선,디지털미디어시티,15558,14548,30106
202212,공항철도 1호선,마곡나루,10908,10548,21456
202212,공항철도 1호선,서울,9764,8636,18400
202212,공항철도 1호선,영종,3561,3629,7190
202212,공항철도 1호선,운서,8311,8493,16804
202212,공항철도 1호선,인천공항1터미널,9906,8958,18864
202212,공항철도 1호선,인천공항2터미널,3905,3609,7514
202212,공항철도 1호선,청라국제도시,7438,7151,14589
202212,공항철도 1호선,홍대입구,10823,10678,21501
202212,공항철도 1호선,검암,7020,7012,14032
202212,공항철도 1호선,계양,13269,12263,25532
202212,공항철도 1호선,공덕,2706,3477,6183
202212,공항철도 1호선,공항화물청사,2426,2555,4981
202212,공항철도 1호선,김포공항,10128,6252,16380
202212,공항철도 1호선,디지털미디어시티,15719,14537,30256
202212,공항철도 1호선,마곡나루,11152,10871,22023
202212,공항철도 1호선,서울,10096,8617,18713
202212,공항철도 1호선,영종,3819,3846,7665
202212,공항철도 1호선,운서,8768,9068,17836
202212,공항철도 1호선,인천공항1터미널,10662,9843,20505
202212,공항철도 1호선,인천공항2터미널,3801,3440,7241
202212,공항철도 1호선,청라국제도시,7599,7109,14708
202212,공항철도 1호선,홍대입구,11041,11222,22263
202212,공항철도 1호선,검암,7181,6992,14173
202212,공항철도 1호선,계양,13432,12498,25930
202212,공항철도 1호선,공덕,2787,3682,6469
202212,공항철도 1호선,공항화물청사,2432,2563,4995
202212,공항철도 1호선,김포공항,10577,6640,17217
202212,공항철도 1호선,디지털미디어시티,15686,14653,30339
202212,공항철도 1호선,마곡나루,11264,11057,22321
202212,공항철도 1호선,서울,10903,8980,19883
202212,공항철도 1호선,영종,3825,3882,7707
202212,공항철도 1호선,운서,8778,8936,17714
202212,공항철도 1호선,인천공항1터미널,10660,9650,20310
202212,공항철도 1호선,인천공항2터미널,4201,3678,7879
202212,공항철도 1호선,청라국제도시,7638,7420,15058
202212,공항철도 1호선,홍대입구,11663,11860,23523
202212,공항철도 1호선,검암,7378,7424,14802
202212,공항철도 1호선,계양,13473,12205,25678
202212,공항철도 1호선,공덕,2851,3907,6758
202212,공항철도 1호선,공항화물청사,2411,2433,4844
202212,공항철도 1호선,김포공항,12191,6527,18718
202212,공항철도 1호선,디지털미디어시티,15331,14402,29733
202212,공항철도 1호선,마곡나루,11303,10319,21622
202212,공항철도 1호선,서울,13315,11927,25242
202212,공항철도 1호선,영종,3973,4174,8147
202212,공항철도 1호선,운서,9341,9485,18826
202212,공항철도 1호선,인천공항1터미널,11035,10359,21394
202212,공항철도 1호선,인천공항2터미널,4138,3366,7504
202212,공항철도 1호선,청라국제도시,8092,7678,15770
202212,공항철도 1호선,홍대입구,13340,14038,27378
202212,공항철도 1호선,검암,6964,6662,13626
202212,공항철도 1호선,계양,13142,12090,25232
202212,공항철도 1호선,공덕,2663,3541,6204
202212,공항철도 1호선,공항화물청사,2346,2530,4876
202212,공항철도 1호선,김포공항,11269,6551,17820
202212,공항철도 1호선,디지털미디어시티,15429,14266,29695
202212,공항철도 1호선,마곡나루,10330,9998,20328
202212,공항철도 1호선,서울,10989,9379,20368
202212,공항철도 1호선,영종,3730,3775,7505
202212,공항철도 1호선,운서,8427,8777,17204
202212,공항철도 1호선,인천공항1터미널,11071,10184,21255
202212,공항철도 1호선,인천공항2터미널,4396,3988,8384
202212,공항철도 1호선,청라국제도시,7318,6880,14198
202212,공항철도 1호선,홍대입구,10904,10904,21808
202212,공항철도 1호선,검암,7159,6935,14094
202212,공항철도 1호선,계양,13361,12547,25908
202212,공항철도 1호선,공덕,2770,3755,6525
202212,공항철도 1호선,공항화물청사,2464,2517,4981
202212,공항철도 1호선,김포공항,11297,6871,18168
202212,공항철도 1호선,디지털미디어시티,16782,15285,32067
202212,공항철도 1호선,마곡나루,11205,11023,22228
202212,공항철도 1호선,서울,10473,9105,19578
202212,공항철도 1호선,영종,3863,3803,7666
202212,공항철도 1호선,운서,8505,8887,17392
202212,공항철도 1호선,인천공항1터미널,10963,9939,20902
202212,공항철도 1호선,인천공항2터미널,4046,3604,7650
202212,공항철도 1호선,청라국제도시,7630,7300,14930
202212,공항철도 1호선,홍대입구,11080,11388,22468
202212,공항철도 1호선,검암,6986,6872,13858
202212,공항철도 1호선,계양,12955,11945,24900
202212,공항철도 1호선,공덕,2783,3663,6446
202212,공항철도 1호선,공항화물청사,2344,2544,4888
202212,공항철도 1호선,김포공항,10514,6812,17326
202212,공항철도 1호선,디지털미디어시티,15873,14554,30427
202212,공항철도 1호선,마곡나루,11150,11169,22319
202212,공항철도 1호선,서울,10551,8965,19516
202212,공항철도 1호선,영종,3555,3498,7053
202212,공항철도 1호선,운서,8441,8601,17042
202212,공항철도 1호선,인천공항1터미널,10795,10335,21130
202212,공항철도 1호선,인천공항2터미널,4323,3974,8297
202212,공항철도 1호선,청라국제도시,7349,7029,14378
202212,공항철도 1호선,홍대입구,10968,11334,22302
202212,공항철도 1호선,검암,7225,7051,14276
202212,공항철도 1호선,계양,13480,12523,26003
202212,공항철도 1호선,공덕,2815,3874,6689
202212,공항철도 1호선,공항화물청사,2502,2599,5101
202212,공항철도 1호선,김포공항,11479,6947,18426
202212,공항철도 1호선,디지털미디어시티,17048,15427,32475
202212,공항철도 1호선,마곡나루,11565,11194,22759
202212,공항철도 1호선,서울,11607,10076,21683
202212,공항철도 1호선,영종,3808,3857,7665
202212,공항철도 1호선,운서,8688,9015,17703
202212,공항철도 1호선,인천공항1터미널,11472,10446,21918
202212,공항철도 1호선,인천공항2터미널,4777,4104,8881
202212,공항철도 1호선,청라국제도시,7591,7337,14928
202212,공항철도 1호선,홍대입구,11528,12083,23611
202212,공항철도 1호선,검암,7206,7013,14219
202212,공항철도 1호선,계양,13409,12164,25573
202212,공항철도 1호선,공덕,2848,4082,6930
202212,공항철도 1호선,공항화물청사,2426,2466,4892
202212,공항철도 1호선,김포공항,12779,6668,19447
202212,공항철도 1호선,디지털미디어시티,15884,14435,30319
202212,공항철도 1호선,마곡나루,10625,10052,20677
202212,공항철도 1호선,서울,13478,12269,25747
202212,공항철도 1호선,영종,3988,4104,8092
202212,공항철도 1호선,운서,9123,9317,18440
202212,공항철도 1호선,인천공항1터미널,11731,11050,22781
202212,공항철도 1호선,인천공항2터미널,4384,3768,8152
202212,공항철도 1호선,청라국제도시,7888,7473,15361
202212,공항철도 1호선,홍대입구,13198,14234,27432
202212,공항철도 1호선,검암,6805,6574,13379
202212,공항철도 1호선,계양,12651,11685,24336
202212,공항철도 1호선,공덕,2722,3548,6270
202212,공항철도 1호선,공항화물청사,2347,2470,4817
202212,공항철도 1호선,김포공항,11491,6685,18176
202212,공항철도 1호선,디지털미디어시티,15041,14115,29156
202212,공항철도 1호선,마곡나루,10400,10183,20583
202212,공항철도 1호선,서울,11021,9385,20406
202212,공항철도 1호선,영종,3654,3702,7356
202212,공항철도 1호선,운서,8410,8751,17161
202212,공항철도 1호선,인천공항1터미널,11088,10547,21635
202212,공항철도 1호선,인천공항2터미널,4238,3576,7814
202212,공항철도 1호선,청라국제도시,7237,6790,14027
202212,공항철도 1호선,홍대입구,11500,11407,22907
202212,공항철도 1호선,검암,6959,6860,13819
202212,공항철도 1호선,계양,13121,12174,25295
202212,공항철도 1호선,공덕,2713,3793,6506
202212,공항철도 1호선,공항화물청사,2406,2561,4967
202212,공항철도 1호선,김포공항,11270,6852,18122
202212,공항철도 1호선,디지털미디어시티,16055,14849,30904
202212,공항철도 1호선,마곡나루,11270,10949,22219
202212,공항철도 1호선,서울,10704,9326,20030
202212,공항철도 1호선,영종,3882,3963,7845
202212,공항철도 1호선,운서,8620,8935,17555
202212,공항철도 1호선,인천공항1터미널,10988,10190,21178
202212,공항철도 1호선,인천공항2터미널,4117,3695,7812
202212,공항철도 1호선,청라국제도시,7599,7077,14676
202212,공항철도 1호선,홍대입구,12162,12144,24306
202212,공항철도 1호선,검암,7136,7354,14490
202212,공항철도 1호선,계양,13602,12676,26278
202212,공항철도 1호선,공덕,3015,3979,6994
202212,공항철도 1호선,공항화물청사,2520,2832,5352
202212,공항철도 1호선,김포공항,11528,7333,18861
202212,공항철도 1호선,디지털미디어시티,16962,16031,32993
202212,공항철도 1호선,마곡나루,12325,12564,24889
202212,공항철도 1호선,서울,11860,9929,21789
202212,공항철도 1호선,영종,4066,4062,8128
202212,공항철도 1호선,운서,9297,9299,18596
202212,공항철도 1호선,인천공항1터미널,11782,12375,24157
202212,공항철도 1호선,인천공항2터미널,4341,4305,8646
202212,공항철도 1호선,청라국제도시,8203,7721,15924
202212,공항철도 1호선,홍대입구,12726,12989,25715
202212,공항철도 1호선,검암,7037,6863,13900
202212,공항철도 1호선,계양,13134,12203,25337
202212,공항철도 1호선,공덕,2844,3907,6751
202212,공항철도 1호선,공항화물청사,2399,2561,4960
202212,공항철도 1호선,김포공항,10342,5523,15865
202212,공항철도 1호선,디지털미디어시티,16545,15280,31825
202212,공항철도 1호선,마곡나루,11598,11249,22847
202212,공항철도 1호선,서울,12191,10769,22960
202212,공항철도 1호선,영종,3864,3925,7789
202212,공항철도 1호선,운서,8808,9119,17927
202212,공항철도 1호선,인천공항1터미널,11723,11056,22779
202212,공항철도 1호선,인천공항2터미널,4538,4126,8664
202212,공항철도 1호선,청라국제도시,7710,7306,15016
202212,공항철도 1호선,홍대입구,13304,13672,26976
202212,공항철도 1호선,검암,6630,6599,13229
202212,공항철도 1호선,계양,12472,11511,23983
202212,공항철도 1호선,공덕,2700,3780,6480
202212,공항철도 1호선,공항화물청사,2305,2274,4579
202212,공항철도 1호선,김포공항,7127,4686,11813
202212,공항철도 1호선,디지털미디어시티,14967,13564,28531
202212,공항철도 1호선,마곡나루,10245,9534,19779
202212,공항철도 1호선,서울,13324,11879,25203
202212,공항철도 1호선,영종,3845,3937,7782
202212,공항철도 1호선,운서,8821,8957,17778
202212,공항철도 1호선,인천공항1터미널,11897,11170,23067
202212,공항철도 1호선,인천공항2터미널,4332,3957,8289
202212,공항철도 1호선,청라국제도시,7269,7033,14302
202212,공항철도 1호선,홍대입구,13730,14500,28230
202212,공항철도 1호선,검암,6668,6377,13045
202212,공항철도 1호선,계양,12173,11210,23383
202212,공항철도 1호선,공덕,2636,3537,6173
202212,공항철도 1호선,공항화물청사,2239,2394,4633
202212,공항철도 1호선,김포공항,9918,6361,16279
202212,공항철도 1호선,디지털미디어시티,14226,13361,27587
202212,공항철도 1호선,마곡나루,9070,8859,17929
202212,공항철도 1호선,서울,12266,10462,22728
202212,공항철도 1호선,영종,3884,3798,7682
202212,공항철도 1호선,운서,8692,8854,17546
202212,공항철도 1호선,인천공항1터미널,12295,11501,23796
202212,공항철도 1호선,인천공항2터미널,4409,3888,8297
202212,공항철도 1호선,청라국제도시,6895,6536,13431
202212,공항철도 1호선,홍대입구,12499,12319,24818
202212,공항철도 1호선,검암,6866,6675,13541
202212,공항철도 1호선,계양,12733,11576,24309
202212,공항철도 1호선,공덕,2718,3807,6525
202212,공항철도 1호선,공항화물청사,2298,2488,4786
202212,공항철도 1호선,김포공항,10835,6603,17438
202212,공항철도 1호선,디지털미디어시티,15341,14180,29521
202212,공항철도 1호선,마곡나루,10358,10027,20385
202212,공항철도 1호선,서울,11281,9971,21252
202212,공항철도 1호선,영종,3912,3846,7758
202212,공항철도 1호선,운서,8710,9022,17732
202212,공항철도 1호선,인천공항1터미널,11906,11247,23153
202212,공항철도 1호선,인천공항2터미널,4080,3610,7690
202212,공항철도 1호선,청라국제도시,7295,6939,14234
202212,공항철도 1호선,홍대입구,13108,13161,26269
202212,공항철도 1호선,검암,6921,6689,13610
202212,공항철도 1호선,계양,12728,11667,24395
202212,공항철도 1호선,공덕,2762,3827,6589
202212,공항철도 1호선,공항화물청사,2276,2374,4650
202212,공항철도 1호선,김포공항,10926,6632,17558
202212,공항철도 1호선,디지털미디어시티,15490,14422,29912
202212,공항철도 1호선,마곡나루,9655,9502,19157
202212,공항철도 1호선,서울,11467,9763,21230
202212,공항철도 1호선,영종,3874,3908,7782
202212,공항철도 1호선,운서,8893,8998,17891
202212,공항철도 1호선,인천공항1터미널,11684,11345,23029
202212,공항철도 1호선,인천공항2터미널,4216,3919,8135
202212,공항철도 1호선,청라국제도시,7103,6680,13783
202212,공항철도 1호선,홍대입구,13194,13351,26545
202212,공항철도 1호선,검암,6817,6623,13440
202212,공항철도 1호선,계양,12455,11309,23764
202212,공항철도 1호선,공덕,2748,3860,6608
202212,공항철도 1호선,공항화물청사,2239,2428,4667
202212,공항철도 1호선,김포공항,11106,6285,17391
202212,공항철도 1호선,디지털미디어시티,14689,13600,28289
202212,공항철도 1호선,마곡나루,8853,9562,18415
202212,공항철도 1호선,서울,11864,10206,22070
202212,공항철도 1호선,영종,3902,3823,7725
202212,공항철도 1호선,운서,8600,8747,17347
202212,공항철도 1호선,인천공항1터미널,11942,11121,23063
202212,공항철도 1호선,인천공항2터미널,4176,3759,7935
202212,공항철도 1호선,청라국제도시,7271,6763,14034
202212,공항철도 1호선,홍대입구,13982,14334,28316
202212,공항철도 1호선,검암,6526,6422,12948
202212,공항철도 1호선,계양,12053,11126,23179
202212,공항철도 1호선,공덕,2625,3624,6249
202212,공항철도 1호선,공항화물청사,2270,2216,4486
202212,공항철도 1호선,김포공항,10862,5852,16714
202212,공항철도 1호선,디지털미디어시티,13254,12057,25311
202212,공항철도 1호선,마곡나루,7700,8013,15713
202212,공항철도 1호선,서울,12721,11793,24514
202212,공항철도 1호선,영종,4013,4057,8070
202212,공항철도 1호선,운서,9285,9100,18385
202212,공항철도 1호선,인천공항1터미널,11992,11176,23168
202212,공항철도 1호선,인천공항2터미널,4148,3568,7716
202212,공항철도 1호선,청라국제도시,7133,6681,13814
202212,공항철도 1호선,홍대입구,15047,15564,30611
