사용월,호선명,지하철역,승차총승객수,하차총승객수,승하차총승객수
202201,과천선,경마공원,807,781,1588
202201,과천선,과천,5506,5239,10745
202201,과천선,대공원,1680,1780,3460
202201,과천선,범계,24190,23834,48024
202201,과천선,선바위,7606,6522,14128
202201,과천선,인덕원,22555,23669,46224
202201,과천선,정부과천청사,10132,9991,20123
202201,과천선,평촌,17361,17166,34527
202201,과천선,경마공원,1292,1243,2535
202201,과천선,과천,5831,5436,11267
202201,과천선,대공원,2253,2372,4625
202201,과천선,범계,24996,24679,49675
202201,과천선,선바위,7970,7016,14986
202201,과천선,인덕원,23362,24546,47908
202201,과천선,정부과천청사,10462,10310,20772
202201,과천선,평촌,17983,17669,35652
202201,과천선,경마공원,1494,1463,2957
202201,과천선,과천,5818,5494,11312
202201,과천선,대공원,2107,2218,4325
202201,과천선,범계,25367,24812,50179
202201,과천선,선바위,7853,6859,14712
202201,과천선,인덕원,23361,24619,47980
202201,과천선,정부과천청사,10539,10396,20935
202201,과천선,평촌,17802,17641,35443
202201,과천선,경마공원,1347,1364,2711
202201,과천선,과천,5880,5433,11313
202201,과천선,대공원,2486,2575,5061
202201,과천선,범계,25665,25482,51147
202201,과천선,선바위,8118,7091,15209
202201,과천선,인덕원,23845,24638,48483
202201,과천선,정부과천청사,10440,10268,20708
202201,과천선,평촌,17913,17649,35562
202201,과천선,경마공원,5171,5226,10397
202201,과천선,과천,6070,5655,11725
202201,과천선,대공원,2460,2557,5017
202201,과천선,범계,26564,26256,52820
202201,과천선,선바위,8304,7213,15517
202201,과천선,인덕원,24137,25378,49515
202201,과천선,정부과천청사,10779,10657,21436
202201,과천선,평촌,17793,17558,35351
202201,과천선,경마공원,847,837,1684
202201,과천선,과천,5737,5390,11127
202201,과천선,대공원,1973,2029,4002
202201,과천선,범계,24698,24276,48974
202201,과천선,선바위,7996,6944,14940
202201,과천선,인덕원,23249,24400,47649
202201,과천선,정부과천청사,10361,10258,20619
202201,과천선,평촌,17800,17635,35435
202201,과천선,경마공원,1214,1240,2454
202201,과천선,과천,5964,5716,11680
202201,과천선,대공원,1950,1983,3933
202201,과천선,범계,25403,24965,50368
202201,과천선,선바위,8217,7004,15221
202201,과천선,인덕원,23828,25137,48965
202201,과천선,정부과천청사,10649,10605,21254
202201,과천선,평촌,18294,18061,36355
202201,과천선,경마공원,1434,1464,2898
202201,과천선,과천,5853,5493,11346
202201,과천선,대공원,1821,1919,3740
202201,과천선,범계,25163,24740,49903
202201,과천선,선바위,7942,6927,14869
202201,과천선,인덕원,23484,24556,48040
202201,과천선,정부과천청사,10123,10106,20229
202201,과천선,평촌,17877,17529,35406
202201,과천선,경마공원,1296,1301,2597
202201,과천선,과천,5900,5603,11503
202201,과천선,대공원,2009,2070,4079
202201,과천선,범계,24902,24636,49538
202201,과천선,선바위,8029,6933,14962
202201,과천선,인덕원,23491,24603,48094
202201,과천선,정부과천청사,10382,10347,20729
202201,과천선,평촌,17863,17679,35542
202201,과천선,경마공원,5070,5158,10228
202201,과천선,과천,6131,5741,11872
202201,과천선,대공원,2056,2167,4223
202201,과천선,범계,25861,25645,51506
202201,과천선,선바위,8153,7118,15271
202201,과천선,인덕원,24294,25148,49442
202201,과천선,정부과천청사,10364,10244,20608
202201,과천선,평촌,17825,17739,35564
202201,과천선,경마공원,835,841,1676
202201,과천선,과천,5921,5712,11633
202201,과천선,대공원,1729,1796,3525
202201,과천선,범계,24658,24494,49152
202201,과천선,선바위,7972,6805,14777
202201,과천선,인덕원,23316,24465,47781
202201,과천선,정부과천청사,10601,10474,21075
202201,과천선,평촌,18097,17839,35936
202201,과천선,경마공원,1516,1507,3023
202201,과천선,과천,6158,5799,11957
202201,과천선,대공원,2126,2222,4348
202201,과천선,범계,25361,25200,50561
202201,과천선,선바위,8005,7077,15082
202201,과천선,인덕원,24125,25129,49254
202201,과천선,정부과천청사,10728,10746,21474
202201,과천선,평촌,18299,18015,36314
202201,과천선,경마공원,1595,1628,3223
202201,과천선,과천,6361,6130,12491
202201,과천선,대공원,1954,2049,4003
202201,과천선,범계,26444,26276,52720
202201,과천선,선바위,8497,7315,15812
202201,과천선,인덕원,25000,26252,51252
202201,과천선,정부과천청사,11377,11241,22618
202201,과천선,평촌,19186,18836,38022
202201,과천선,경마공원,1345,1418,2763
202201,과천선,과천,6144,5757,11901
202201,과천선,대공원,2320,2432,4752
202201,과천선,범계,25702,25247,50949
202201,과천선,선바위,8184,7192,15376
202201,과천선,인덕원,24389,25610,49999
202201,과천선,정부과천청사,10797,10709,21506
202201,과천선,평촌,18209,18092,36301
202201,과천선,경마공원,5443,5538,10981
202201,과천선,과천,6192,5945,12137
202201,과천선,대공원,2364,2498,4862
202201,과천선,범계,26192,25651,51843
202201,과천선,선바위,8339,7304,15643
202201,과천선,인덕원,24705,25947,50652
202201,과천선,정부과천청사,10848,10712,21560
202201,과천선,평촌,18012,17748,35760
202201,과천선,경마공원,889,876,1765
202201,과천선,과천,5999,5587,11586
202201,과천선,대공원,2156,2253,4409
202201,과천선,범계,25173,23635,48808
202201,과천선,선바위,8020,6955,14975
202201,과천선,인덕원,23731,24762,48493
202201,과천선,정부과천청사,10430,10315,20745
202201,과천선,평촌,18194,17943,36137
202201,과천선,경마공원,1619,1604,3223
202201,과천선,과천,6193,5840,12033
202201,과천선,대공원,2027,2155,4182
202201,과천선,범계,25421,24329,49750
202201,과천선,선바위,8081,6940,15021
202201,과천선,인덕원,23979,25118,49097
202201,과천선,정부과천청사,10682,10678,21360
202201,과천선,평촌,18442,17961,36403
202201,과천선,경마공원,1770,1774,3544
202201,과천선,과천,6273,5818,12091
202201,과천선,대공원,2501,2612,5113
202201,과천선,범계,26066,25730,51796
202201,과천선,선바위,8268,7182,15450
202201,과천선,인덕원,24119,25373,49492
202201,과천선,정부과천청사,10607,10559,21166
202201,과천선,평촌,18129,17887,36016
202201,과천선,경마공원,1342,1346,2688
202201,과천선,과천,6007,5575,11582
202201,과천선,대공원,2253,2327,4580
202201,과천선,범계,25230,24939,50169
202201,과천선,선바위,7991,6995,14986
202201,과천선,인덕원,23559,24829,48388
202201,과천선,정부과천청사,10382,10383,20765
202201,과천선,평촌,18051,17782,35833
202201,과천선,경마공원,5801,5871,11672
202201,과천선,과천,5911,5649,11560
202201,과천선,대공원,2075,2194,4269
202201,과천선,범계,25320,25307,50627
202201,과천선,선바위,7805,6803,14608
202201,과천선,인덕원,22741,23648,46389
202201,과천선,정부과천청사,9833,9722,19555
202201,과천선,평촌,16810,16488,33298
202201,과천선,경마공원,320,313,633
202201,과천선,과천,2048,1941,3989
202201,과천선,대공원,2738,2717,5455
202201,과천선,범계,7915,7772,15687
202201,과천선,선바위,1967,1845,3812
202201,과천선,인덕원,6201,6474,12675
202201,과천선,정부과천청사,2444,2504,4948
202201,과천선,평촌,3851,3581,7432
202202,과천선,경마공원,220,216,436
202202,과천선,과천,1901,1773,3674
202202,과천선,대공원,1997,1946,3943
202202,과천선,범계,6553,6674,13227
202202,과천선,선바위,1595,1441,3036
202202,과천선,인덕원,5885,6038,11923
202202,과천선,정부과천청사,1910,1984,3894
202202,과천선,평촌,3054,3203,6257
202202,과천선,경마공원,304,283,587
202202,과천선,과천,2565,2327,4892
202202,과천선,대공원,3227,3240,6467
202202,과천선,범계,11271,10812,22083
202202,과천선,선바위,2379,2140,4519
202202,과천선,인덕원,8192,8265,16457
202202,과천선,정부과천청사,3071,3140,6211
202202,과천선,평촌,4434,4501,8935
202202,과천선,경마공원,946,932,1878
202202,과천선,과천,5368,5053,10421
202202,과천선,대공원,2103,2212,4315
202202,과천선,범계,22575,22253,44828
202202,과천선,선바위,6660,5906,12566
202202,과천선,인덕원,20411,21513,41924
202202,과천선,정부과천청사,9230,9150,18380
202202,과천선,평촌,15564,15140,30704
202202,과천선,경마공원,1065,1074,2139
202202,과천선,과천,5705,5409,11114
202202,과천선,대공원,2037,2110,4147
202202,과천선,범계,24015,23628,47643
202202,과천선,선바위,6987,6332,13319
202202,과천선,인덕원,21674,22702,44376
202202,과천선,정부과천청사,9466,9488,18954
202202,과천선,평촌,16057,15836,31893
202202,과천선,경마공원,875,828,1703
202202,과천선,과천,5603,5447,11050
202202,과천선,대공원,1615,1696,3311
202202,과천선,범계,23618,23114,46732
202202,과천선,선바위,7525,6608,14133
202202,과천선,인덕원,22125,23488,45613
202202,과천선,정부과천청사,9825,9883,19708
202202,과천선,평촌,17234,16945,34179
202202,과천선,경마공원,1269,1264,2533
202202,과천선,과천,5833,5447,11280
202202,과천선,대공원,2380,2495,4875
202202,과천선,범계,23610,23462,47072
202202,과천선,선바위,7769,6776,14545
202202,과천선,인덕원,22606,23902,46508
202202,과천선,정부과천청사,9943,9867,19810
202202,과천선,평촌,17435,17228,34663
202202,과천선,경마공원,1502,1553,3055
202202,과천선,과천,5861,5542,11403
202202,과천선,대공원,2417,2549,4966
202202,과천선,범계,24085,23716,47801
202202,과천선,선바위,7605,6745,14350
202202,과천선,인덕원,22849,24120,46969
202202,과천선,정부과천청사,9903,9965,19868
202202,과천선,평촌,17279,16975,34254
202202,과천선,경마공원,1317,1310,2627
202202,과천선,과천,5796,5538,11334
202202,과천선,대공원,2642,2762,5404
202202,과천선,범계,23953,23616,47569
202202,과천선,선바위,7621,6749,14370
202202,과천선,인덕원,22843,23977,46820
202202,과천선,정부과천청사,9887,9939,19826
202202,과천선,평촌,17349,17039,34388
202202,과천선,경마공원,5518,5752,11270
202202,과천선,과천,5944,6713,12657
202202,과천선,대공원,2595,2766,5361
202202,과천선,범계,24599,24524,49123
202202,과천선,선바위,8034,7390,15424
202202,과천선,인덕원,23380,24402,47782
202202,과천선,정부과천청사,9861,10312,20173
202202,과천선,평촌,16949,16912,33861
202202,과천선,경마공원,820,799,1619
202202,과천선,과천,5592,5476,11068
202202,과천선,대공원,1792,1889,3681
202202,과천선,범계,23795,23462,47257
202202,과천선,선바위,7553,6561,14114
202202,과천선,인덕원,22398,23609,46007
202202,과천선,정부과천청사,9654,9842,19496
202202,과천선,평촌,17026,16977,34003
202202,과천선,경마공원,1232,1208,2440
202202,과천선,과천,5951,5709,11660
202202,과천선,대공원,2379,2534,4913
202202,과천선,범계,23746,23478,47224
202202,과천선,선바위,7603,6582,14185
202202,과천선,인덕원,22894,23857,46751
202202,과천선,정부과천청사,10034,10093,20127
202202,과천선,평촌,17325,17007,34332
202202,과천선,경마공원,1315,1351,2666
202202,과천선,과천,5759,5627,11386
202202,과천선,대공원,2052,2145,4197
202202,과천선,범계,23317,23057,46374
202202,과천선,선바위,7433,6462,13895
202202,과천선,인덕원,21940,23285,45225
202202,과천선,정부과천청사,9779,9719,19498
202202,과천선,평촌,16792,16573,33365
202202,과천선,경마공원,1244,1213,2457
202202,과천선,과천,5636,5339,10975
202202,과천선,대공원,1977,2094,4071
202202,과천선,범계,22888,22762,45650
202202,과천선,선바위,7121,6357,13478
202202,과천선,인덕원,21827,22739,44566
202202,과천선,정부과천청사,9534,9516,19050
202202,과천선,평촌,16475,16098,32573
202202,과천선,경마공원,5270,5416,10686
202202,과천선,과천,5695,5349,11044
202202,과천선,대공원,2342,2418,4760
202202,과천선,범계,24109,24034,48143
202202,과천선,선바위,7517,6833,14350
202202,과천선,인덕원,22611,23468,46079
202202,과천선,정부과천청사,9708,9890,19598
202202,과천선,평촌,16350,16182,32532
202202,과천선,경마공원,764,747,1511
202202,과천선,과천,5472,5195,10667
202202,과천선,대공원,1623,1722,3345
202202,과천선,범계,22991,22775,45766
202202,과천선,선바위,7140,6326,13466
202202,과천선,인덕원,21828,22742,44570
202202,과천선,정부과천청사,9371,9501,18872
202202,과천선,평촌,16501,16124,32625
202202,과천선,경마공원,1205,1178,2383
202202,과천선,과천,5586,5346,10932
202202,과천선,대공원,2048,2168,4216
202202,과천선,범계,23042,22826,45868
202202,과천선,선바위,7334,6487,13821
202202,과천선,인덕원,21806,22843,44649
202202,과천선,정부과천청사,9548,9633,19181
202202,과천선,평촌,16531,16170,32701
202202,과천선,경마공원,1398,1389,2787
202202,과천선,과천,5594,5245,10839
202202,과천선,대공원,1944,2000,3944
202202,과천선,범계,23251,22834,46085
202202,과천선,선바위,7161,6363,13524
202202,과천선,인덕원,21681,22746,44427
202202,과천선,정부과천청사,9345,9475,18820
202202,과천선,평촌,16534,16103,32637
202202,과천선,경마공원,1200,1208,2408
202202,과천선,과천,5600,5333,10933
202202,과천선,대공원,2157,2304,4461
202202,과천선,범계,23007,22574,45581
202202,과천선,선바위,7196,6463,13659
202202,과천선,인덕원,21936,22717,44653
202202,과천선,정부과천청사,9500,9637,19137
202202,과천선,평촌,16319,16070,32389
202202,과천선,경마공원,5334,5430,10764
202202,과천선,과천,5872,5618,11490
202202,과천선,대공원,2510,2598,5108
202202,과천선,범계,24117,24126,48243
202202,과천선,선바위,7556,6615,14171
202202,과천선,인덕원,22892,23841,46733
202202,과천선,정부과천청사,9626,9598,19224
202202,과천선,평촌,16395,16027,32422
202202,과천선,경마공원,835,786,1621
202202,과천선,과천,5313,4886,10199
202202,과천선,대공원,2492,2576,5068
202202,과천선,범계,23062,22589,45651
202202,과천선,선바위,6700,5858,12558
202202,과천선,인덕원,20056,20636,40692
202202,과천선,정부과천청사,8407,8483,16890
202202,과천선,평촌,14688,14403,29091
202203,과천선,경마공원,892,829,1721
202203,과천선,과천,2976,2857,5833
202203,과천선,대공원,2944,3091,6035
202203,과천선,범계,13084,12925,26009
202203,과천선,선바위,3165,3054,6219
202203,과천선,인덕원,10019,10193,20212
202203,과천선,정부과천청사,4215,4353,8568
202203,과천선,평촌,5568,5411,10979
202203,과천선,경마공원,1160,1171,2331
202203,과천선,과천,5763,5468,11231
202203,과천선,대공원,2068,2208,4276
202203,과천선,범계,24020,24067,48087
202203,과천선,선바위,7666,6642,14308
202203,과천선,인덕원,22411,23212,45623
202203,과천선,정부과천청사,9632,9690,19322
202203,과천선,평촌,16778,16346,33124
202203,과천선,경마공원,1235,1209,2444
202203,과천선,과천,5768,5366,11134
202203,과천선,대공원,2198,2258,4456
202203,과천선,범계,23913,23943,47856
202203,과천선,선바위,7675,6769,14444
202203,과천선,인덕원,22536,23335,45871
202203,과천선,정부과천청사,9832,9794,19626
202203,과천선,평촌,16841,16685,33526
202203,과천선,경마공원,5237,5333,10570
202203,과천선,과천,5825,5535,11360
202203,과천선,대공원,1827,1888,3715
202203,과천선,범계,24387,24646,49033
202203,과천선,선바위,7638,6781,14419
202203,과천선,인덕원,22479,23567,46046
202203,과천선,정부과천청사,9666,9549,19215
202203,과천선,평촌,16430,16308,32738
202203,과천선,경마공원,829,789,1618
202203,과천선,과천,5680,5297,10977
202203,과천선,대공원,1757,1823,3580
202203,과천선,범계,23231,22905,46136
202203,과천선,선바위,7465,6569,14034
202203,과천선,인덕원,22102,22881,44983
202203,과천선,정부과천청사,9715,9819,19534
202203,과천선,평촌,17042,16776,33818
202203,과천선,경마공원,1287,1237,2524
202203,과천선,과천,5920,5397,11317
202203,과천선,대공원,2195,2288,4483
202203,과천선,범계,24676,24409,49085
202203,과천선,선바위,7519,6798,14317
202203,과천선,인덕원,22565,23342,45907
202203,과천선,정부과천청사,9648,9705,19353
202203,과천선,평촌,16784,16518,33302
202203,과천선,경마공원,711,672,1383
202203,과천선,과천,3341,3047,6388
202203,과천선,대공원,4553,4697,9250
202203,과천선,범계,14118,13728,27846
202203,과천선,선바위,3401,3211,6612
202203,과천선,인덕원,10786,10871,21657
202203,과천선,정부과천청사,4185,4411,8596
202203,과천선,평촌,5742,5577,11319
202203,과천선,경마공원,1191,1116,2307
202203,과천선,과천,5595,5282,10877
202203,과천선,대공원,2081,2194,4275
202203,과천선,범계,23259,23069,46328
202203,과천선,선바위,7418,6527,13945
202203,과천선,인덕원,21845,22794,44639
202203,과천선,정부과천청사,9334,9252,18586
202203,과천선,평촌,16451,16148,32599
202203,과천선,경마공원,5107,5250,10357
202203,과천선,과천,5952,5448,11400
202203,과천선,대공원,2309,2410,4719
202203,과천선,범계,24571,24490,49061
202203,과천선,선바위,7550,6610,14160
202203,과천선,인덕원,22630,23440,46070
202203,과천선,정부과천청사,9718,9581,19299
202203,과천선,평촌,16335,16125,32460
202203,과천선,경마공원,787,758,1545
202203,과천선,과천,5465,5109,10574
202203,과천선,대공원,1163,1230,2393
202203,과천선,범계,22589,22422,45011
202203,과천선,선바위,7072,6269,13341
202203,과천선,인덕원,21050,22243,43293
202203,과천선,정부과천청사,9070,9102,18172
202203,과천선,평촌,16067,15812,31879
202203,과천선,경마공원,1332,1325,2657
202203,과천선,과천,5698,5278,10976
202203,과천선,대공원,2327,2419,4746
202203,과천선,범계,23457,23151,46608
202203,과천선,선바위,7453,6616,14069
202203,과천선,인덕원,21902,22736,44638
202203,과천선,정부과천청사,9476,9497,18973
202203,과천선,평촌,16564,16341,32905
202203,과천선,경마공원,1429,1441,2870
202203,과천선,과천,5765,5229,10994
202203,과천선,대공원,2488,2565,5053
202203,과천선,범계,23952,23960,47912
202203,과천선,선바위,7385,6664,14049
202203,과천선,인덕원,22222,23101,45323
202203,과천선,정부과천청사,9588,9572,19160
202203,과천선,평촌,16681,16285,32966
202203,과천선,경마공원,1158,1157,2315
202203,과천선,과천,5468,5114,10582
202203,과천선,대공원,2219,2284,4503
202203,과천선,범계,23093,22975,46068
202203,과천선,선바위,7187,6492,13679
202203,과천선,인덕원,21872,22589,44461
202203,과천선,정부과천청사,9144,9169,18313
202203,과천선,평촌,16235,16013,32248
202203,과천선,경마공원,5278,5371,10649
202203,과천선,과천,5543,5192,10735
202203,과천선,대공원,1720,1739,3459
202203,과천선,범계,23697,23986,47683
202203,과천선,선바위,7312,6564,13876
202203,과천선,인덕원,22036,22775,44811
202203,과천선,정부과천청사,9200,9152,18352
202203,과천선,평촌,16265,15849,32114
202203,과천선,경마공원,811,775,1586
202203,과천선,과천,5511,5201,10712
202203,과천선,대공원,1853,1935,3788
202203,과천선,범계,23210,22972,46182
202203,과천선,선바위,7266,6537,13803
202203,과천선,인덕원,21608,22646,44254
202203,과천선,정부과천청사,9384,9228,18612
202203,과천선,평촌,16335,15925,32260
202203,과천선,경마공원,1317,1299,2616
202203,과천선,과천,5721,5316,11037
202203,과천선,대공원,2312,2335,4647
202203,과천선,범계,23707,23600,47307
202203,과천선,선바위,7518,6670,14188
202203,과천선,인덕원,22279,23071,45350
202203,과천선,정부과천청사,9713,9738,19451
202203,과천선,평촌,16720,16317,33037
202203,과천선,경마공원,1403,1351,2754
202203,과천선,과천,5703,5306,11009
202203,과천선,대공원,1994,2181,4175
202203,과천선,범계,23538,23556,47094
202203,과천선,선바위,7440,6538,13978
202203,과천선,인덕원,22184,23103,45287
202203,과천선,정부과천청사,9452,9256,18708
202203,과천선,평촌,16453,15993,32446
202203,과천선,경마공원,1205,1233,2438
202203,과천선,과천,5772,5197,10969
202203,과천선,대공원,2291,2419,4710
202203,과천선,범계,23439,23066,46505
202203,과천선,선바위,7619,6522,14141
202203,과천선,인덕원,22267,22482,44749
202203,과천선,정부과천청사,9477,9325,18802
202203,과천선,평촌,16466,15980,32446
202203,과천선,경마공원,5560,5718,11278
202203,과천선,과천,5748,5800,11548
202203,과천선,대공원,2175,2315,4490
202203,과천선,범계,24874,25121,49995
202203,과천선,선바위,7690,7217,14907
202203,과천선,인덕원,22788,23784,46572
202203,과천선,정부과천청사,9630,10130,19760
202203,과천선,평촌,16650,16454,33104
202203,과천선,경마공원,841,817,1658
202203,과천선,과천,5640,5328,10968
202203,과천선,대공원,2367,2440,4807
202203,과천선,범계,23561,23539,47100
202203,과천선,선바위,7677,6742,14419
202203,과천선,인덕원,22110,23073,45183
202203,과천선,정부과천청사,9601,9568,19169
202203,과천선,평촌,16675,16303,32978
202203,과천선,경마공원,1450,1427,2877
202203,과천선,과천,5954,5533,11487
202203,과천선,대공원,2877,3009,5886
202203,과천선,범계,24419,24418,48837
202203,과천선,선바위,7801,7035,14836
202203,과천선,인덕원,22771,23508,46279
202203,과천선,정부과천청사,10024,9987,20011
202203,과천선,평촌,16979,16681,33660
202203,과천선,경마공원,1436,1444,2880
202203,과천선,과천,5802,5564,11366
202203,과천선,대공원,1952,2025,3977
202203,과천선,범계,23988,23960,47948
202203,과천선,선바위,7500,6787,14287
202203,과천선,인덕원,22672,23536,46208
202203,과천선,정부과천청사,9803,9723,19526
202203,과천선,평촌,16869,16666,33535
202203,과천선,경마공원,1249,1219,2468
202203,과천선,과천,5928,5299,11227
202203,과천선,대공원,2557,2645,5202
202203,과천선,범계,24235,24466,48701
202203,과천선,선바위,7789,6971,14760
202203,과천선,인덕원,22875,23519,46394
202203,과천선,정부과천청사,9681,9751,19432
202203,과천선,평촌,16833,16629,33462
202204,과천선,경마공원,5632,5716,11348
202204,과천선,과천,6280,5626,11906
202204,과천선,대공원,3405,3489,6894
202204,과천선,범계,25902,26258,52160
202204,과천선,선바위,8263,7176,15439
202204,과천선,인덕원,23845,24462,48307
202204,과천선,정부과천청사,10022,9905,19927
202204,과천선,평촌,17076,16682,33758
202204,과천선,경마공원,883,857,1740
202204,과천선,과천,5951,5462,11413
202204,과천선,대공원,2860,2938,5798
202204,과천선,범계,24881,24619,49500
202204,과천선,선바위,7776,6919,14695
202204,과천선,인덕원,23104,23849,46953
202204,과천선,정부과천청사,10070,10053,20123
202204,과천선,평촌,17336,16945,34281
202204,과천선,경마공원,1459,1429,2888
202204,과천선,과천,6086,5650,11736
202204,과천선,대공원,3364,3468,6832
202204,과천선,범계,25397,25299,50696
202204,과천선,선바위,8170,7271,15441
202204,과천선,인덕원,23962,24572,48534
202204,과천선,정부과천청사,10393,10246,20639
202204,과천선,평촌,17406,17107,34513
202204,과천선,경마공원,1669,1587,3256
202204,과천선,과천,6287,5752,12039
202204,과천선,대공원,3452,3596,7048
202204,과천선,범계,25760,25801,51561
202204,과천선,선바위,7980,7203,15183
202204,과천선,인덕원,24095,24760,48855
202204,과천선,정부과천청사,10521,10465,20986
202204,과천선,평촌,17685,17370,35055
202204,과천선,경마공원,1390,1363,2753
202204,과천선,과천,6273,5752,12025
202204,과천선,대공원,3684,3901,7585
202204,과천선,범계,25552,25306,50858
202204,과천선,선바위,8234,7256,15490
202204,과천선,인덕원,23725,24517,48242
202204,과천선,정부과천청사,10490,10415,20905
202204,과천선,평촌,17755,17419,35174
202204,과천선,경마공원,6151,6353,12504
202204,과천선,과천,6583,5842,12425
202204,과천선,대공원,5438,5569,11007
202204,과천선,범계,26694,27169,53863
202204,과천선,선바위,8659,7613,16272
202204,과천선,인덕원,25314,25797,51111
202204,과천선,정부과천청사,10768,10491,21259
202204,과천선,평촌,17530,17257,34787
202204,과천선,경마공원,1363,1361,2724
202204,과천선,과천,6423,5855,12278
202204,과천선,대공원,6682,6901,13583
202204,과천선,범계,25625,25580,51205
202204,과천선,선바위,8441,7552,15993
202204,과천선,인덕원,24377,25069,49446
202204,과천선,정부과천청사,10752,10565,21317
202204,과천선,평촌,18058,17595,35653
202204,과천선,경마공원,2139,2034,4173
202204,과천선,과천,6641,6091,12732
202204,과천선,대공원,7119,7330,14449
202204,과천선,범계,26257,26200,52457
202204,과천선,선바위,8683,7689,16372
202204,과천선,인덕원,24961,25702,50663
202204,과천선,정부과천청사,10647,10633,21280
202204,과천선,평촌,18274,17917,36191
202204,과천선,경마공원,1599,1592,3191
202204,과천선,과천,6464,5970,12434
202204,과천선,대공원,2804,3018,5822
202204,과천선,범계,25282,25278,50560
202204,과천선,선바위,8365,7435,15800
202204,과천선,인덕원,23952,24683,48635
202204,과천선,정부과천청사,10585,10451,21036
202204,과천선,평촌,17295,17165,34460
202204,과천선,경마공원,1517,1472,2989
202204,과천선,과천,6398,5837,12235
202204,과천선,대공원,4136,4217,8353
202204,과천선,범계,25459,25522,50981
202204,과천선,선바위,8421,7641,16062
202204,과천선,인덕원,24524,25294,49818
202204,과천선,정부과천청사,10705,10671,21376
202204,과천선,평촌,18040,17631,35671
202204,과천선,경마공원,6459,6504,12963
202204,과천선,과천,6707,6005,12712
202204,과천선,대공원,6125,6421,12546
202204,과천선,범계,27262,27526,54788
202204,과천선,선바위,8873,7684,16557
202204,과천선,인덕원,25694,26245,51939
202204,과천선,정부과천청사,11206,11040,22246
202204,과천선,평촌,18082,17526,35608
202204,과천선,경마공원,961,910,1871
202204,과천선,과천,6405,5862,12267
202204,과천선,대공원,3573,3711,7284
202204,과천선,범계,25176,25090,50266
202204,과천선,선바위,8495,7410,15905
202204,과천선,인덕원,24449,25276,49725
202204,과천선,정부과천청사,10784,10748,21532
202204,과천선,평촌,18108,17821,35929
202204,과천선,경마공원,1654,1608,3262
202204,과천선,과천,6660,6083,12743
202204,과천선,대공원,4140,4307,8447
202204,과천선,범계,26626,26536,53162
202204,과천선,선바위,8795,7757,16552
202204,과천선,인덕원,25437,26210,51647
202204,과천선,정부과천청사,11221,11104,22325
202204,과천선,평촌,18894,18400,37294
202204,과천선,경마공원,1827,1754,3581
202204,과천선,과천,6737,6173,12910
202204,과천선,대공원,3907,4161,8068
202204,과천선,범계,27797,27902,55699
202204,과천선,선바위,8646,7719,16365
202204,과천선,인덕원,25847,26598,52445
202204,과천선,정부과천청사,11192,11169,22361
202204,과천선,평촌,18602,18141,36743
202204,과천선,경마공원,1222,1096,2318
202204,과천선,과천,4377,5338,9715
202204,과천선,대공원,3430,3050,6480
202204,과천선,범계,20777,22499,43276
202204,과천선,선바위,6637,6347,12984
202204,과천선,인덕원,19745,21847,41592
202204,과천선,정부과천청사,8851,7720,16571
202204,과천선,평촌,14560,12856,27416
202204,과천선,경마공원,6990,7010,14000
202204,과천선,과천,6549,5926,12475
202204,과천선,대공원,3469,3761,7230
202204,과천선,범계,27164,28004,55168
202204,과천선,선바위,8745,7702,16447
202204,과천선,인덕원,25537,26200,51737
202204,과천선,정부과천청사,10624,10294,20918
202204,과천선,평촌,18009,17733,35742
202204,과천선,경마공원,948,908,1856
202204,과천선,과천,6374,5842,12216
202204,과천선,대공원,3117,3158,6275
202204,과천선,범계,26355,26277,52632
202204,과천선,선바위,8555,7652,16207
202204,과천선,인덕원,24872,25760,50632
202204,과천선,정부과천청사,10842,10700,21542
202204,과천선,평촌,18361,17917,36278
202204,과천선,경마공원,1673,1580,3253
202204,과천선,과천,6665,6164,12829
202204,과천선,대공원,3640,3821,7461
202204,과천선,범계,26820,26769,53589
202204,과천선,선바위,8893,7907,16800
202204,과천선,인덕원,25624,26285,51909
202204,과천선,정부과천청사,10992,11009,22001
202204,과천선,평촌,18765,18317,37082
202204,과천선,경마공원,1763,1782,3545
202204,과천선,과천,6949,6344,13293
202204,과천선,대공원,4025,4265,8290
202204,과천선,범계,28086,28500,56586
202204,과천선,선바위,9121,8122,17243
202204,과천선,인덕원,26381,27148,53529
202204,과천선,정부과천청사,11456,11122,22578
202204,과천선,평촌,19143,18535,37678
202204,과천선,경마공원,1383,1388,2771
202204,과천선,과천,6929,6256,13185
202204,과천선,대공원,5327,5477,10804
202204,과천선,범계,27996,27770,55766
202204,과천선,선바위,9115,8331,17446
202204,과천선,인덕원,26227,26830,53057
202204,과천선,정부과천청사,11648,11533,23181
202204,과천선,평촌,19004,18697,37701
202204,과천선,경마공원,7485,7638,15123
202204,과천선,과천,7280,6620,13900
202204,과천선,대공원,5952,5911,11863
202204,과천선,범계,29615,30278,59893
202204,과천선,선바위,9554,8037,17591
202204,과천선,인덕원,27332,27728,55060
202204,과천선,정부과천청사,12024,11727,23751
202204,과천선,평촌,19075,18720,37795
202205,과천선,경마공원,972,969,1941
202205,과천선,과천,6765,6117,12882
202205,과천선,대공원,4367,4474,8841
202205,과천선,범계,27353,27358,54711
202205,과천선,선바위,9009,7887,16896
202205,과천선,인덕원,25903,26709,52612
202205,과천선,정부과천청사,11373,11292,22665
202205,과천선,평촌,18773,18389,37162
202205,과천선,경마공원,1721,1651,3372
202205,과천선,과천,7035,6377,13412
202205,과천선,대공원,5543,5655,11198
202205,과천선,범계,28394,28277,56671
202205,과천선,선바위,9163,8166,17329
202205,과천선,인덕원,26749,27183,53932
202205,과천선,정부과천청사,11766,11595,23361
202205,과천선,평촌,19370,18968,38338
202205,과천선,경마공원,1656,1669,3325
202205,과천선,과천,7720,6797,14517
202205,과천선,대공원,10850,10803,21653
202205,과천선,범계,31015,31465,62480
202205,과천선,선바위,9592,8227,17819
202205,과천선,인덕원,28060,28179,56239
202205,과천선,정부과천청사,12113,11823,23936
202205,과천선,평촌,19810,19410,39220
202205,과천선,경마공원,1367,1270,2637
202205,과천선,과천,4906,4255,9161
202205,과천선,대공원,19371,19565,38936
202205,과천선,범계,20006,19760,39766
202205,과천선,선바위,5191,4857,10048
202205,과천선,인덕원,15165,14783,29948
202205,과천선,정부과천청사,6571,6536,13107
202205,과천선,평촌,8211,7789,16000
202205,과천선,경마공원,7637,7824,15461
202205,과천선,과천,6751,5926,12677
202205,과천선,대공원,12660,12760,25420
202205,과천선,범계,28321,29073,57394
202205,과천선,선바위,8301,7370,15671
202205,과천선,인덕원,24240,24195,48435
202205,과천선,정부과천청사,10081,9904,19985
202205,과천선,평촌,15676,15231,30907
202205,과천선,경마공원,1040,957,1997
202205,과천선,과천,6636,6086,12722
202205,과천선,대공원,3835,3946,7781
202205,과천선,범계,27557,27561,55118
202205,과천선,선바위,8926,7799,16725
202205,과천선,인덕원,26304,26872,53176
202205,과천선,정부과천청사,11552,11369,22921
202205,과천선,평촌,19267,18796,38063
202205,과천선,경마공원,1619,1514,3133
202205,과천선,과천,7019,6370,13389
202205,과천선,대공원,4367,4345,8712
202205,과천선,범계,28422,28462,56884
202205,과천선,선바위,9202,8194,17396
202205,과천선,인덕원,26761,27254,54015
202205,과천선,정부과천청사,11807,11665,23472
202205,과천선,평촌,19500,19173,38673
202205,과천선,경마공원,1623,1601,3224
202205,과천선,과천,7058,6562,13620
202205,과천선,대공원,5481,5539,11020
202205,과천선,범계,28737,28805,57542
202205,과천선,선바위,9112,8182,17294
202205,과천선,인덕원,27109,27818,54927
202205,과천선,정부과천청사,11888,11631,23519
202205,과천선,평촌,19881,19455,39336
202205,과천선,경마공원,1468,1406,2874
202205,과천선,과천,7057,6511,13568
202205,과천선,대공원,5155,5254,10409
202205,과천선,범계,28603,28396,56999
202205,과천선,선바위,9674,8367,18041
202205,과천선,인덕원,26749,27441,54190
202205,과천선,정부과천청사,11682,11655,23337
202205,과천선,평촌,19609,19317,38926
202205,과천선,경마공원,7428,7653,15081
202205,과천선,과천,7456,6570,14026
202205,과천선,대공원,11926,11731,23657
202205,과천선,범계,30560,31133,61693
202205,과천선,선바위,9951,8373,18324
202205,과천선,인덕원,28372,28510,56882
202205,과천선,정부과천청사,12315,12021,24336
202205,과천선,평촌,20205,19242,39447
202205,과천선,경마공원,1006,976,1982
202205,과천선,과천,6890,6300,13190
202205,과천선,대공원,4526,4665,9191
202205,과천선,범계,27827,27837,55664
202205,과천선,선바위,9196,8150,17346
202205,과천선,인덕원,26219,27072,53291
202205,과천선,정부과천청사,11630,11471,23101
202205,과천선,평촌,19399,19024,38423
202205,과천선,경마공원,1935,1771,3706
202205,과천선,과천,7068,6574,13642
202205,과천선,대공원,4894,5128,10022
202205,과천선,범계,28279,28110,56389
202205,과천선,선바위,9389,8330,17719
202205,과천선,인덕원,27093,27772,54865
202205,과천선,정부과천청사,11899,11774,23673
202205,과천선,평촌,19875,19405,39280
202205,과천선,경마공원,1713,1754,3467
202205,과천선,과천,7085,6413,13498
202205,과천선,대공원,4496,4891,9387
202205,과천선,범계,29028,29258,58286
202205,과천선,선바위,9191,8185,17376
202205,과천선,인덕원,26945,27590,54535
202205,과천선,정부과천청사,11742,11728,23470
202205,과천선,평촌,19790,19266,39056
202205,과천선,경마공원,1537,1526,3063
202205,과천선,과천,7017,6424,13441
202205,과천선,대공원,7358,7334,14692
202205,과천선,범계,28550,28470,57020
202205,과천선,선바위,9358,8302,17660
202205,과천선,인덕원,27241,27848,55089
202205,과천선,정부과천청사,11974,11742,23716
202205,과천선,평촌,19784,19485,39269
202205,과천선,경마공원,7617,7792,15409
202205,과천선,과천,7509,6734,14243
202205,과천선,대공원,10494,10204,20698
202205,과천선,범계,30497,30935,61432
202205,과천선,선바위,9963,8620,18583
202205,과천선,인덕원,28542,28713,57255
202205,과천선,정부과천청사,12301,11970,24271
202205,과천선,평촌,19855,19320,39175
202205,과천선,경마공원,994,1034,2028
202205,과천선,과천,6925,6198,13123
202205,과천선,대공원,4163,4128,8291
202205,과천선,범계,26930,26805,53735
202205,과천선,선바위,8865,7763,16628
202205,과천선,인덕원,26040,26974,53014
202205,과천선,정부과천청사,11411,11408,22819
202205,과천선,평촌,19175,18696,37871
202205,과천선,경마공원,1845,1751,3596
202205,과천선,과천,7127,6495,13622
202205,과천선,대공원,5872,5947,11819
202205,과천선,범계,28860,28500,57360
202205,과천선,선바위,9469,8818,18287
202205,과천선,인덕원,27163,27757,54920
202205,과천선,정부과천청사,11816,11709,23525
202205,과천선,평촌,19828,19449,39277
202205,과천선,경마공원,2062,1979,4041
202205,과천선,과천,7356,6772,14128
202205,과천선,대공원,4991,5119,10110
202205,과천선,범계,29238,28835,58073
202205,과천선,선바위,9363,8281,17644
202205,과천선,인덕원,27262,28191,55453
202205,과천선,정부과천청사,12059,11804,23863
202205,과천선,평촌,19944,19295,39239
202205,과천선,경마공원,1511,1454,2965
202205,과천선,과천,7088,6432,13520
202205,과천선,대공원,5367,5513,10880
202205,과천선,범계,28836,27824,56660
202205,과천선,선바위,9469,8249,17718
202205,과천선,인덕원,27210,27531,54741
202205,과천선,정부과천청사,11788,11792,23580
202205,과천선,평촌,19865,19397,39262
202205,과천선,경마공원,8082,8139,16221
202205,과천선,과천,7457,6704,14161
202205,과천선,대공원,8868,8885,17753
202205,과천선,범계,30315,30799,61114
202205,과천선,선바위,9925,8473,18398
202205,과천선,인덕원,28460,28530,56990
202205,과천선,정부과천청사,12441,11905,24346
202205,과천선,평촌,19962,19390,39352
202205,과천선,경마공원,998,950,1948
202205,과천선,과천,6840,6258,13098
202205,과천선,대공원,3436,3513,6949
202205,과천선,범계,27176,26936,54112
202205,과천선,선바위,8842,7719,16561
202205,과천선,인덕원,25906,27056,52962
202205,과천선,정부과천청사,11579,11335,22914
202205,과천선,평촌,19213,18802,38015
202205,과천선,경마공원,1918,1831,3749
202205,과천선,과천,7350,6586,13936
202205,과천선,대공원,8687,8700,17387
202205,과천선,범계,29904,30179,60083
202205,과천선,선바위,9484,8203,17687
202205,과천선,인덕원,27818,28059,55877
202205,과천선,정부과천청사,12150,12001,24151
202205,과천선,평촌,20020,19569,39589
202206,과천선,경마공원,1194,1198,2392
202206,과천선,과천,4692,4219,8911
202206,과천선,대공원,9899,10167,20066
202206,과천선,범계,18700,18486,37186
202206,과천선,선바위,4567,4313,8880
202206,과천선,인덕원,14519,14379,28898
202206,과천선,정부과천청사,5748,5895,11643
202206,과천선,평촌,7980,7851,15831
202206,과천선,경마공원,1445,1456,2901
202206,과천선,과천,6942,6399,13341
202206,과천선,대공원,4783,4876,9659
202206,과천선,범계,27957,27778,55735
202206,과천선,선바위,8986,7813,16799
202206,과천선,인덕원,26479,27208,53687
202206,과천선,정부과천청사,11382,11300,22682
202206,과천선,평촌,19378,18994,38372
202206,과천선,경마공원,7702,7815,15517
202206,과천선,과천,7284,6498,13782
202206,과천선,대공원,8174,8294,16468
202206,과천선,범계,29491,29769,59260
202206,과천선,선바위,9271,7947,17218
202206,과천선,인덕원,27139,27800,54939
202206,과천선,정부과천청사,11760,11462,23222
202206,과천선,평촌,19280,18942,38222
202206,과천선,경마공원,528,586,1114
202206,과천선,과천,3618,3332,6950
202206,과천선,대공원,5237,5278,10515
202206,과천선,범계,14466,14414,28880
202206,과천선,선바위,3810,3582,7392
202206,과천선,인덕원,11414,11576,22990
202206,과천선,정부과천청사,4323,4435,8758
202206,과천선,평촌,6339,6339,12678
202206,과천선,경마공원,1641,1602,3243
202206,과천선,과천,6991,6353,13344
202206,과천선,대공원,3957,4058,8015
202206,과천선,범계,28245,28111,56356
202206,과천선,선바위,9212,8035,17247
202206,과천선,인덕원,26521,27335,53856
202206,과천선,정부과천청사,11756,11608,23364
202206,과천선,평촌,19663,19171,38834
202206,과천선,경마공원,1599,1675,3274
202206,과천선,과천,7094,6457,13551
202206,과천선,대공원,3809,3894,7703
202206,과천선,범계,28577,28502,57079
202206,과천선,선바위,9010,8097,17107
202206,과천선,인덕원,26851,27837,54688
202206,과천선,정부과천청사,11677,11621,23298
202206,과천선,평촌,19576,19338,38914
202206,과천선,경마공원,1431,1380,2811
202206,과천선,과천,6994,6447,13441
202206,과천선,대공원,4414,4483,8897
202206,과천선,범계,28123,28033,56156
202206,과천선,선바위,8884,7920,16804
202206,과천선,인덕원,26603,27370,53973
202206,과천선,정부과천청사,11762,11603,23365
202206,과천선,평촌,19899,19539,39438
202206,과천선,경마공원,7639,7792,15431
202206,과천선,과천,7350,6695,14045
202206,과천선,대공원,5363,5405,10768
202206,과천선,범계,29842,30203,60045
202206,과천선,선바위,9421,8260,17681
202206,과천선,인덕원,27838,28344,56182
202206,과천선,정부과천청사,12068,11775,23843
202206,과천선,평촌,19877,19609,39486
202206,과천선,경마공원,1059,1104,2163
202206,과천선,과천,6735,6597,13332
202206,과천선,대공원,2919,3164,6083
202206,과천선,범계,26592,26393,52985
202206,과천선,선바위,8818,8570,17388
202206,과천선,인덕원,26055,26647,52702
202206,과천선,정부과천청사,11378,11481,22859
202206,과천선,평촌,19209,18999,38208
202206,과천선,경마공원,1792,1731,3523
202206,과천선,과천,7112,6602,13714
202206,과천선,대공원,3800,3890,7690
202206,과천선,범계,28508,28367,56875
202206,과천선,선바위,9036,8031,17067
202206,과천선,인덕원,27147,28024,55171
202206,과천선,정부과천청사,11768,11654,23422
202206,과천선,평촌,19684,19414,39098
202206,과천선,경마공원,1678,1609,3287
202206,과천선,과천,7000,6425,13425
202206,과천선,대공원,2757,2906,5663
202206,과천선,범계,28190,28222,56412
202206,과천선,선바위,8792,7792,16584
202206,과천선,인덕원,26276,27319,53595
202206,과천선,정부과천청사,11646,11650,23296
202206,과천선,평촌,19302,18980,38282
202206,과천선,경마공원,1439,1487,2926
202206,과천선,과천,7106,6556,13662
202206,과천선,대공원,3653,3824,7477
202206,과천선,범계,28206,28035,56241
202206,과천선,선바위,9092,8101,17193
202206,과천선,인덕원,26748,27569,54317
202206,과천선,정부과천청사,11625,11578,23203
202206,과천선,평촌,19776,19481,39257
202206,과천선,경마공원,7889,7964,15853
202206,과천선,과천,7219,6561,13780
202206,과천선,대공원,3894,4067,7961
202206,과천선,범계,30118,30431,60549
202206,과천선,선바위,9435,8226,17661
202206,과천선,인덕원,28115,28227,56342
202206,과천선,정부과천청사,12062,11834,23896
202206,과천선,평촌,19456,19088,38544
202206,과천선,경마공원,1066,1066,2132
202206,과천선,과천,6727,6536,13263
202206,과천선,대공원,2660,2812,5472
202206,과천선,범계,27017,27184,54201
202206,과천선,선바위,8658,7698,16356
202206,과천선,인덕원,25691,26410,52101
202206,과천선,정부과천청사,11300,11401,22701
202206,과천선,평촌,19272,18847,38119
202206,과천선,경마공원,1681,1676,3357
202206,과천선,과천,7063,6500,13563
202206,과천선,대공원,3329,3473,6802
202206,과천선,범계,28039,28067,56106
202206,과천선,선바위,8807,7806,16613
202206,과천선,인덕원,26420,27316,53736
202206,과천선,정부과천청사,11914,11793,23707
202206,과천선,평촌,19929,19400,39329
202206,과천선,경마공원,1816,1811,3627
202206,과천선,과천,7191,6552,13743
202206,과천선,대공원,3257,3490,6747
202206,과천선,범계,28493,28397,56890
202206,과천선,선바위,8882,7889,16771
202206,과천선,인덕원,26761,27481,54242
202206,과천선,정부과천청사,11825,11759,23584
202206,과천선,평촌,19593,19162,38755
202206,과천선,경마공원,1336,1360,2696
202206,과천선,과천,6753,6492,13245
202206,과천선,대공원,2037,2156,4193
202206,과천선,범계,26027,25913,51940
202206,과천선,선바위,8268,7509,15777
202206,과천선,인덕원,24779,26145,50924
202206,과천선,정부과천청사,11542,11423,22965
202206,과천선,평촌,18722,18512,37234
202206,과천선,경마공원,8000,8197,16197
202206,과천선,과천,7125,6406,13531
202206,과천선,대공원,3005,3222,6227
202206,과천선,범계,29108,29166,58274
202206,과천선,선바위,9233,7841,17074
202206,과천선,인덕원,27017,27419,54436
202206,과천선,정부과천청사,11935,11629,23564
202206,과천선,평촌,19274,18877,38151
202206,과천선,경마공원,925,936,1861
202206,과천선,과천,6644,6068,12712
202206,과천선,대공원,1741,1855,3596
202206,과천선,범계,25574,25646,51220
202206,과천선,선바위,8072,7090,15162
202206,과천선,인덕원,24447,25427,49874
202206,과천선,정부과천청사,11364,11199,22563
202206,과천선,평촌,18699,18482,37181
202206,과천선,경마공원,1611,1559,3170
202206,과천선,과천,6814,6290,13104
202206,과천선,대공원,2022,2138,4160
202206,과천선,범계,26725,26705,53430
202206,과천선,선바위,8357,7433,15790
202206,과천선,인덕원,25249,26056,51305
202206,과천선,정부과천청사,11720,11579,23299
202206,과천선,평촌,19134,18838,37972
202206,과천선,경마공원,1565,1594,3159
202206,과천선,과천,6799,6419,13218
202206,과천선,대공원,1873,1969,3842
202206,과천선,범계,26793,26475,53268
202206,과천선,선바위,8210,7342,15552
202206,과천선,인덕원,24996,26028,51024
202206,과천선,정부과천청사,11467,11283,22750
202206,과천선,평촌,18958,18701,37659
202206,과천선,경마공원,1274,1365,2639
202206,과천선,과천,6700,6035,12735
202206,과천선,대공원,2119,2203,4322
202206,과천선,범계,25210,23962,49172
202206,과천선,선바위,8255,7448,15703
202206,과천선,인덕원,23509,24062,47571
202206,과천선,정부과천청사,11203,11015,22218
202206,과천선,평촌,17968,17895,35863
202207,과천선,경마공원,8966,9045,18011
202207,과천선,과천,6822,6677,13499
202207,과천선,대공원,3366,4091,7457
202207,과천선,범계,27864,29521,57385
202207,과천선,선바위,8770,9194,17964
202207,과천선,인덕원,26100,26847,52947
202207,과천선,정부과천청사,11148,11776,22924
202207,과천선,평촌,18690,18213,36903
202207,과천선,경마공원,943,925,1868
202207,과천선,과천,6483,6418,12901
202207,과천선,대공원,2036,2136,4172
202207,과천선,범계,25988,26703,52691
202207,과천선,선바위,8067,7385,15452
202207,과천선,인덕원,24422,26132,50554
202207,과천선,정부과천청사,11351,11442,22793
202207,과천선,평촌,18608,18263,36871
202207,과천선,경마공원,1607,1522,3129
202207,과천선,과천,6990,6607,13597
202207,과천선,대공원,3266,3343,6609
202207,과천선,범계,27464,27319,54783
202207,과천선,선바위,8360,7411,15771
202207,과천선,인덕원,25560,26417,51977
202207,과천선,정부과천청사,12536,12267,24803
202207,과천선,평촌,19119,19055,38174
202207,과천선,경마공원,1718,1733,3451
202207,과천선,과천,7145,6809,13954
202207,과천선,대공원,3175,3229,6404
202207,과천선,범계,28085,27860,55945
202207,과천선,선바위,8417,7605,16022
202207,과천선,인덕원,25648,26847,52495
202207,과천선,정부과천청사,12480,12365,24845
202207,과천선,평촌,19386,19063,38449
202207,과천선,경마공원,1344,1369,2713
202207,과천선,과천,6753,6431,13184
202207,과천선,대공원,2271,2394,4665
202207,과천선,범계,26669,26169,52838
202207,과천선,선바위,8350,7305,15655
202207,과천선,인덕원,25321,26543,51864
202207,과천선,정부과천청사,11448,11458,22906
202207,과천선,평촌,18943,18520,37463
202207,과천선,경마공원,8935,9140,18075
202207,과천선,과천,7051,6543,13594
202207,과천선,대공원,3650,3758,7408
202207,과천선,범계,29263,29377,58640
202207,과천선,선바위,8904,7586,16490
202207,과천선,인덕원,26765,27308,54073
202207,과천선,정부과천청사,11881,11504,23385
202207,과천선,평촌,19358,18962,38320
202207,과천선,경마공원,926,890,1816
202207,과천선,과천,6560,6222,12782
202207,과천선,대공원,2296,2339,4635
202207,과천선,범계,25934,25917,51851
202207,과천선,선바위,8325,7122,15447
202207,과천선,인덕원,24414,25503,49917
202207,과천선,정부과천청사,11606,11394,23000
202207,과천선,평촌,18582,18436,37018
202207,과천선,경마공원,1601,1563,3164
202207,과천선,과천,6934,6574,13508
202207,과천선,대공원,3217,3371,6588
202207,과천선,범계,27786,27773,55559
202207,과천선,선바위,8444,7679,16123
202207,과천선,인덕원,25432,26426,51858
202207,과천선,정부과천청사,11622,11634,23256
202207,과천선,평촌,19474,19231,38705
202207,과천선,경마공원,1356,1393,2749
202207,과천선,과천,6642,6358,13000
202207,과천선,대공원,2250,2320,4570
202207,과천선,범계,25030,25349,50379
202207,과천선,선바위,7929,6960,14889
202207,과천선,인덕원,23306,24862,48168
202207,과천선,정부과천청사,11085,11036,22121
202207,과천선,평촌,18067,17739,35806
202207,과천선,경마공원,1412,1386,2798
202207,과천선,과천,6840,6372,13212
202207,과천선,대공원,3024,3217,6241
202207,과천선,범계,27115,27297,54412
202207,과천선,선바위,8580,7653,16233
202207,과천선,인덕원,25225,26017,51242
202207,과천선,정부과천청사,11754,11576,23330
202207,과천선,평촌,19314,19194,38508
202207,과천선,경마공원,8557,8816,17373
202207,과천선,과천,7191,6535,13726
202207,과천선,대공원,3577,3720,7297
202207,과천선,범계,29057,29564,58621
202207,과천선,선바위,9184,7987,17171
202207,과천선,인덕원,26919,27287,54206
202207,과천선,정부과천청사,12123,11786,23909
202207,과천선,평촌,19415,19220,38635
202207,과천선,경마공원,873,890,1763
202207,과천선,과천,6533,6126,12659
202207,과천선,대공원,2474,2611,5085
202207,과천선,범계,25960,25980,51940
202207,과천선,선바위,7989,7076,15065
202207,과천선,인덕원,24342,25536,49878
202207,과천선,정부과천청사,11428,11463,22891
202207,과천선,평촌,18786,18532,37318
202207,과천선,경마공원,1513,1528,3041
202207,과천선,과천,6835,6455,13290
202207,과천선,대공원,3393,3396,6789
202207,과천선,범계,27864,27813,55677
202207,과천선,선바위,8307,7381,15688
202207,과천선,인덕원,25284,26378,51662
202207,과천선,정부과천청사,11990,11865,23855
202207,과천선,평촌,19306,18843,38149
202207,과천선,경마공원,1714,1716,3430
202207,과천선,과천,6849,6538,13387
202207,과천선,대공원,2923,3012,5935
202207,과천선,범계,27902,27606,55508
202207,과천선,선바위,8511,7556,16067
202207,과천선,인덕원,25397,26255,51652
202207,과천선,정부과천청사,11667,11543,23210
202207,과천선,평촌,18858,18790,37648
202207,과천선,경마공원,1281,1326,2607
202207,과천선,과천,6686,6125,12811
202207,과천선,대공원,2589,2714,5303
202207,과천선,범계,26452,26138,52590
202207,과천선,선바위,8602,7246,15848
202207,과천선,인덕원,24742,25482,50224
202207,과천선,정부과천청사,11059,11107,22166
202207,과천선,평촌,18544,18323,36867
202207,과천선,경마공원,9087,9335,18422
202207,과천선,과천,6972,6410,13382
202207,과천선,대공원,2922,3063,5985
202207,과천선,범계,28154,28286,56440
202207,과천선,선바위,8660,7540,16200
202207,과천선,인덕원,26069,26555,52624
202207,과천선,정부과천청사,11468,11253,22721
202207,과천선,평촌,18748,18617,37365
202207,과천선,경마공원,913,904,1817
202207,과천선,과천,6369,5887,12256
202207,과천선,대공원,2705,2804,5509
202207,과천선,범계,25945,25871,51816
202207,과천선,선바위,7957,6748,14705
202207,과천선,인덕원,23970,25115,49085
202207,과천선,정부과천청사,11310,11247,22557
202207,과천선,평촌,17936,17618,35554
202207,과천선,경마공원,1436,1463,2899
202207,과천선,과천,6700,6205,12905
202207,과천선,대공원,3385,3495,6880
202207,과천선,범계,26283,26437,52720
202207,과천선,선바위,8035,7089,15124
202207,과천선,인덕원,24768,25681,50449
202207,과천선,정부과천청사,11513,11553,23066
202207,과천선,평촌,18293,18025,36318
202207,과천선,경마공원,1288,1392,2680
202207,과천선,과천,6579,6108,12687
202207,과천선,대공원,3267,3374,6641
202207,과천선,범계,26668,26461,53129
202207,과천선,선바위,7870,6897,14767
202207,과천선,인덕원,23970,25108,49078
202207,과천선,정부과천청사,11252,11191,22443
202207,과천선,평촌,17765,17559,35324
202207,과천선,경마공원,1262,1277,2539
202207,과천선,과천,6470,6042,12512
202207,과천선,대공원,3528,3615,7143
202207,과천선,범계,26227,26012,52239
202207,과천선,선바위,7986,7028,15014
202207,과천선,인덕원,24102,24883,48985
202207,과천선,정부과천청사,11272,11227,22499
202207,과천선,평촌,17767,17603,35370
202207,과천선,경마공원,9226,9487,18713
202207,과천선,과천,6869,6109,12978
202207,과천선,대공원,3409,3549,6958
202207,과천선,범계,27069,27407,54476
202207,과천선,선바위,8112,6990,15102
202207,과천선,인덕원,24858,25413,50271
202207,과천선,정부과천청사,11161,11132,22293
202207,과천선,평촌,17627,17371,34998
202208,과천선,경마공원,789,831,1620
202208,과천선,과천,5975,5534,11509
202208,과천선,대공원,2158,2220,4378
202208,과천선,범계,23705,23730,47435
202208,과천선,선바위,7092,6211,13303
202208,과천선,인덕원,21205,22049,43254
202208,과천선,정부과천청사,10240,10329,20569
202208,과천선,평촌,15607,15557,31164
202208,과천선,경마공원,1350,1298,2648
202208,과천선,과천,6183,6074,12257
202208,과천선,대공원,3044,3080,6124
202208,과천선,범계,24163,24111,48274
202208,과천선,선바위,7289,6447,13736
202208,과천선,인덕원,21604,22823,44427
202208,과천선,정부과천청사,10642,10472,21114
202208,과천선,평촌,15713,15685,31398
202208,과천선,경마공원,1415,1406,2821
202208,과천선,과천,6161,5859,12020
202208,과천선,대공원,2934,3151,6085
202208,과천선,범계,24612,24302,48914
202208,과천선,선바위,7189,6431,13620
202208,과천선,인덕원,21799,23027,44826
202208,과천선,정부과천청사,10483,10596,21079
202208,과천선,평촌,16195,15977,32172
202208,과천선,경마공원,1267,1270,2537
202208,과천선,과천,6558,6106,12664
202208,과천선,대공원,3628,3808,7436
202208,과천선,범계,25220,25327,50547
202208,과천선,선바위,7665,6712,14377
202208,과천선,인덕원,23000,23947,46947
202208,과천선,정부과천청사,10995,11017,22012
202208,과천선,평촌,16832,16471,33303
202208,과천선,경마공원,8279,8490,16769
202208,과천선,과천,6453,5855,12308
202208,과천선,대공원,2934,3138,6072
202208,과천선,범계,26232,26314,52546
202208,과천선,선바위,7727,6771,14498
202208,과천선,인덕원,23677,24377,48054
202208,과천선,정부과천청사,10904,10863,21767
202208,과천선,평촌,16682,16518,33200
202208,과천선,경마공원,768,770,1538
202208,과천선,과천,5900,5976,11876
202208,과천선,대공원,1362,1402,2764
202208,과천선,범계,23148,23834,46982
202208,과천선,선바위,7500,6368,13868
202208,과천선,인덕원,21842,23765,45607
202208,과천선,정부과천청사,10743,10710,21453
202208,과천선,평촌,16494,16506,33000
202208,과천선,경마공원,931,999,1930
202208,과천선,과천,5559,5545,11104
202208,과천선,대공원,1407,1449,2856
202208,과천선,범계,21507,21745,43252
202208,과천선,선바위,6612,5573,12185
202208,과천선,인덕원,20282,21719,42001
202208,과천선,정부과천청사,10152,10144,20296
202208,과천선,평촌,15647,15714,31361
202208,과천선,경마공원,1572,1583,3155
202208,과천선,과천,6381,6054,12435
202208,과천선,대공원,2294,2415,4709
202208,과천선,범계,25205,25385,50590
202208,과천선,선바위,7475,6482,13957
202208,과천선,인덕원,22995,24005,47000
202208,과천선,정부과천청사,10948,10982,21930
202208,과천선,평촌,17068,16942,34010
202208,과천선,경마공원,1160,1189,2349
202208,과천선,과천,6119,5760,11879
202208,과천선,대공원,1967,2090,4057
202208,과천선,범계,24572,24412,48984
202208,과천선,선바위,7509,6636,14145
202208,과천선,인덕원,22628,23429,46057
202208,과천선,정부과천청사,10502,10704,21206
202208,과천선,평촌,17371,17349,34720
202208,과천선,경마공원,7910,8043,15953
202208,과천선,과천,6924,6231,13155
202208,과천선,대공원,3646,3782,7428
202208,과천선,범계,27678,28118,55796
202208,과천선,선바위,8331,7231,15562
202208,과천선,인덕원,24987,25483,50470
202208,과천선,정부과천청사,11470,11153,22623
202208,과천선,평촌,17967,17601,35568
202208,과천선,경마공원,472,470,942
202208,과천선,과천,3424,3226,6650
202208,과천선,대공원,2968,3046,6014
202208,과천선,범계,13595,13438,27033
202208,과천선,선바위,3177,3036,6213
202208,과천선,인덕원,10303,10395,20698
202208,과천선,정부과천청사,4190,4322,8512
202208,과천선,평촌,5880,5985,11865
202208,과천선,경마공원,1503,1445,2948
202208,과천선,과천,6579,6059,12638
202208,과천선,대공원,2561,2727,5288
202208,과천선,범계,25711,25830,51541
202208,과천선,선바위,7762,6742,14504
202208,과천선,인덕원,23536,24569,48105
202208,과천선,정부과천청사,11007,11091,22098
202208,과천선,평촌,17656,17396,35052
202208,과천선,경마공원,1548,1809,3357
202208,과천선,과천,6187,6884,13071
202208,과천선,대공원,2972,3104,6076
202208,과천선,범계,26198,27073,53271
202208,과천선,선바위,7882,8467,16349
202208,과천선,인덕원,23577,25005,48582
202208,과천선,정부과천청사,11046,11532,22578
202208,과천선,평촌,17929,18317,36246
202208,과천선,경마공원,1304,1285,2589
202208,과천선,과천,6360,5906,12266
202208,과천선,대공원,3174,3386,6560
202208,과천선,범계,25889,25885,51774
202208,과천선,선바위,7918,7018,14936
202208,과천선,인덕원,24234,25341,49575
202208,과천선,정부과천청사,11234,11056,22290
202208,과천선,평촌,18276,18203,36479
202208,과천선,경마공원,8165,8328,16493
202208,과천선,과천,6470,6313,12783
202208,과천선,대공원,2449,2569,5018
202208,과천선,범계,26185,26917,53102
202208,과천선,선바위,8354,7303,15657
202208,과천선,인덕원,24752,25630,50382
202208,과천선,정부과천청사,11367,11212,22579
202208,과천선,평촌,18042,18013,36055
202208,과천선,경마공원,857,857,1714
202208,과천선,과천,6331,5889,12220
202208,과천선,대공원,2298,2404,4702
202208,과천선,범계,24732,24732,49464
202208,과천선,선바위,7704,6874,14578
202208,과천선,인덕원,23469,24517,47986
202208,과천선,정부과천청사,10793,11038,21831
202208,과천선,평촌,17767,17683,35450
202208,과천선,경마공원,1755,1732,3487
202208,과천선,과천,6582,6175,12757
202208,과천선,대공원,2932,3103,6035
202208,과천선,범계,26260,26203,52463
202208,과천선,선바위,8144,7282,15426
202208,과천선,인덕원,24398,25440,49838
202208,과천선,정부과천청사,11424,11339,22763
202208,과천선,평촌,18273,18191,36464
202208,과천선,경마공원,1802,1840,3642
202208,과천선,과천,6764,6241,13005
202208,과천선,대공원,2938,3074,6012
202208,과천선,범계,26636,26980,53616
202208,과천선,선바위,8099,7298,15397
202208,과천선,인덕원,24600,25748,50348
202208,과천선,정부과천청사,11335,11336,22671
202208,과천선,평촌,18131,18129,36260
202208,과천선,경마공원,1525,1460,2985
202208,과천선,과천,6620,6176,12796
202208,과천선,대공원,2778,2889,5667
202208,과천선,범계,26350,26243,52593
202208,과천선,선바위,8145,7334,15479
202208,과천선,인덕원,24824,25806,50630
202208,과천선,정부과천청사,11485,11301,22786
202208,과천선,평촌,18287,18357,36644
202208,과천선,경마공원,8652,8834,17486
202208,과천선,과천,7058,6316,13374
202208,과천선,대공원,3641,3814,7455
202208,과천선,범계,28084,28369,56453
202208,과천선,선바위,8712,7620,16332
202208,과천선,인덕원,26159,26799,52958
202208,과천선,정부과천청사,12006,11883,23889
202208,과천선,평촌,18523,18558,37081
202208,과천선,경마공원,876,852,1728
202208,과천선,과천,6509,5919,12428
202208,과천선,대공원,1968,2107,4075
202208,과천선,범계,25949,26000,51949
202208,과천선,선바위,8221,7151,15372
202208,과천선,인덕원,24415,25238,49653
202208,과천선,정부과천청사,11148,11065,22213
202208,과천선,평촌,18105,17854,35959
202208,과천선,경마공원,1522,1538,3060
202208,과천선,과천,6481,6288,12769
202208,과천선,대공원,1393,1551,2944
202208,과천선,범계,25350,25582,50932
202208,과천선,선바위,8025,7525,15550
202208,과천선,인덕원,23893,25286,49179
202208,과천선,정부과천청사,11067,11115,22182
202208,과천선,평촌,17828,17837,35665
202208,과천선,경마공원,1794,1848,3642
202208,과천선,과천,6766,6398,13164
202208,과천선,대공원,3335,3459,6794
202208,과천선,범계,27903,28003,55906
202208,과천선,선바위,8549,7562,16111
202208,과천선,인덕원,25813,26935,52748
202208,과천선,정부과천청사,11661,11580,23241
202208,과천선,평촌,18852,18734,37586
202209,과천선,경마공원,1314,1351,2665
202209,과천선,과천,7100,6455,13555
202209,과천선,대공원,2908,3372,6280
202209,과천선,범계,28396,28861,57257
202209,과천선,선바위,9027,7826,16853
202209,과천선,인덕원,26127,27118,53245
202209,과천선,정부과천청사,11822,11864,23686
202209,과천선,평촌,19144,19088,38232
202209,과천선,경마공원,8004,8156,16160
202209,과천선,과천,7375,6622,13997
202209,과천선,대공원,4004,4148,8152
202209,과천선,범계,29499,30661,60160
202209,과천선,선바위,9238,7934,17172
202209,과천선,인덕원,27440,28305,55745
202209,과천선,정부과천청사,12379,12445,24824
202209,과천선,평촌,20334,19904,40238
202209,과천선,경마공원,745,764,1509
202209,과천선,과천,6432,6381,12813
202209,과천선,대공원,942,999,1941
202209,과천선,범계,24155,25043,49198
202209,과천선,선바위,7643,6798,14441
202209,과천선,인덕원,23529,25061,48590
202209,과천선,정부과천청사,11208,11159,22367
202209,과천선,평촌,17951,17703,35654
202209,과천선,경마공원,1909,1908,3817
202209,과천선,과천,6543,5953,12496
202209,과천선,대공원,2019,2118,4137
202209,과천선,범계,25823,25856,51679
202209,과천선,선바위,7624,6746,14370
202209,과천선,인덕원,24065,24826,48891
202209,과천선,정부과천청사,11115,11180,22295
202209,과천선,평촌,17728,17582,35310
202209,과천선,경마공원,2122,2120,4242
202209,과천선,과천,7329,6758,14087
202209,과천선,대공원,3461,3544,7005
202209,과천선,범계,29090,29363,58453
202209,과천선,선바위,9340,8076,17416
202209,과천선,인덕원,27365,28274,55639
202209,과천선,정부과천청사,12363,12240,24603
202209,과천선,평촌,19733,19407,39140
202209,과천선,경마공원,1194,1149,2343
202209,과천선,과천,7032,6332,13364
202209,과천선,대공원,3668,3918,7586
202209,과천선,범계,28046,29763,57809
202209,과천선,선바위,8777,7524,16301
202209,과천선,인덕원,25555,26298,51853
202209,과천선,정부과천청사,11333,11549,22882
202209,과천선,평촌,18273,17956,36229
202209,과천선,경마공원,507,445,952
202209,과천선,과천,3150,2793,5943
202209,과천선,대공원,5141,5337,10478
202209,과천선,범계,11655,11881,23536
202209,과천선,선바위,2916,2729,5645
202209,과천선,인덕원,9429,9170,18599
202209,과천선,정부과천청사,3543,3523,7066
202209,과천선,평촌,5526,5126,10652
202209,과천선,경마공원,479,400,879
202209,과천선,과천,3668,3206,6874
202209,과천선,대공원,7146,7466,14612
202209,과천선,범계,15239,14765,30004
202209,과천선,선바위,3456,3228,6684
202209,과천선,인덕원,11337,11167,22504
202209,과천선,정부과천청사,4518,4451,8969
202209,과천선,평촌,6102,6068,12170
202209,과천선,경마공원,1323,1453,2776
202209,과천선,과천,6218,6772,12990
202209,과천선,대공원,3289,3626,6915
202209,과천선,범계,26082,27751,53833
202209,과천선,선바위,8138,7907,16045
202209,과천선,인덕원,24266,26040,50306
202209,과천선,정부과천청사,10506,10978,21484
202209,과천선,평촌,17662,17389,35051
202209,과천선,경마공원,1755,1728,3483
202209,과천선,과천,6856,6605,13461
202209,과천선,대공원,3192,3345,6537
202209,과천선,범계,27816,28652,56468
202209,과천선,선바위,8660,7565,16225
202209,과천선,인덕원,26413,27642,54055
202209,과천선,정부과천청사,11744,11856,23600
202209,과천선,평촌,19455,18986,38441
202209,과천선,경마공원,1429,1447,2876
202209,과천선,과천,6978,6480,13458
202209,과천선,대공원,4536,4665,9201
202209,과천선,범계,28318,28761,57079
202209,과천선,선바위,9043,8419,17462
202209,과천선,인덕원,26990,28035,55025
202209,과천선,정부과천청사,12115,12127,24242
202209,과천선,평촌,19737,19327,39064
202209,과천선,경마공원,7793,7880,15673
202209,과천선,과천,7187,6954,14141
202209,과천선,대공원,4236,4402,8638
202209,과천선,범계,29122,30289,59411
202209,과천선,선바위,9471,8072,17543
202209,과천선,인덕원,27591,28647,56238
202209,과천선,정부과천청사,12688,12637,25325
202209,과천선,평촌,19584,19323,38907
202209,과천선,경마공원,952,926,1878
202209,과천선,과천,6854,6188,13042
202209,과천선,대공원,2622,2831,5453
202209,과천선,범계,27326,27642,54968
202209,과천선,선바위,9060,7921,16981
202209,과천선,인덕원,26239,27197,53436
202209,과천선,정부과천청사,11974,11943,23917
202209,과천선,평촌,19315,18876,38191
202209,과천선,경마공원,1908,1853,3761
202209,과천선,과천,7027,6626,13653
202209,과천선,대공원,4387,4635,9022
202209,과천선,범계,28410,29270,57680
202209,과천선,선바위,9040,8059,17099
202209,과천선,인덕원,27751,28685,56436
202209,과천선,정부과천청사,12213,12106,24319
202209,과천선,평촌,19683,19422,39105
202209,과천선,경마공원,1935,1894,3829
202209,과천선,과천,7231,6762,13993
202209,과천선,대공원,3844,4021,7865
202209,과천선,범계,28795,29368,58163
202209,과천선,선바위,9212,8174,17386
202209,과천선,인덕원,27729,28705,56434
202209,과천선,정부과천청사,12068,12222,24290
202209,과천선,평촌,19889,19336,39225
202209,과천선,경마공원,1448,1409,2857
202209,과천선,과천,7069,6596,13665
202209,과천선,대공원,4549,4684,9233
202209,과천선,범계,28493,28826,57319
202209,과천선,선바위,9158,8174,17332
202209,과천선,인덕원,27321,28449,55770
202209,과천선,정부과천청사,11969,12064,24033
202209,과천선,평촌,19888,19494,39382
202209,과천선,경마공원,8000,8137,16137
202209,과천선,과천,7267,6741,14008
202209,과천선,대공원,6493,6584,13077
202209,과천선,범계,29976,30953,60929
202209,과천선,선바위,9739,8338,18077
202209,과천선,인덕원,28280,29025,57305
202209,과천선,정부과천청사,12318,12210,24528
202209,과천선,평촌,19963,19813,39776
202209,과천선,경마공원,1029,967,1996
202209,과천선,과천,6935,6457,13392
202209,과천선,대공원,3028,3165,6193
202209,과천선,범계,27679,28065,55744
202209,과천선,선바위,8788,7805,16593
202209,과천선,인덕원,26577,27742,54319
202209,과천선,정부과천청사,11980,11994,23974
202209,과천선,평촌,19447,19008,38455
202209,과천선,경마공원,1833,1782,3615
202209,과천선,과천,7199,6778,13977
202209,과천선,대공원,5152,5264,10416
202209,과천선,범계,28856,29196,58052
202209,과천선,선바위,9306,8146,17452
202209,과천선,인덕원,27845,28807,56652
202209,과천선,정부과천청사,12230,12084,24314
202209,과천선,평촌,20055,19507,39562
202209,과천선,경마공원,1776,1703,3479
202209,과천선,과천,7312,6819,14131
202209,과천선,대공원,4087,4280,8367
202209,과천선,범계,28989,29154,58143
202209,과천선,선바위,9258,8249,17507
202209,과천선,인덕원,27769,28899,56668
202209,과천선,정부과천청사,12384,12338,24722
202209,과천선,평촌,19886,19349,39235
202209,과천선,경마공원,1476,1491,2967
202209,과천선,과천,7013,6645,13658
202209,과천선,대공원,5564,5701,11265
202209,과천선,범계,28690,28636,57326
202209,과천선,선바위,9269,8102,17371
202209,과천선,인덕원,27598,28732,56330
202209,과천선,정부과천청사,11965,12006,23971
202209,과천선,평촌,19966,19686,39652
202209,과천선,경마공원,7936,8036,15972
202209,과천선,과천,7455,6877,14332
202209,과천선,대공원,10442,10488,20930
202209,과천선,범계,31156,31682,62838
202209,과천선,선바위,9669,8416,18085
202209,과천선,인덕원,28822,29499,58321
202209,과천선,정부과천청사,12597,12679,25276
202209,과천선,평촌,20403,19730,40133
202210,과천선,경마공원,491,495,986
202210,과천선,과천,3297,3027,6324
202210,과천선,대공원,1786,1826,3612
202210,과천선,범계,13336,13125,26461
202210,과천선,선바위,3441,3096,6537
202210,과천선,인덕원,10487,10737,21224
202210,과천선,정부과천청사,3757,3946,7703
202210,과천선,평촌,6052,5930,11982
202210,과천선,경마공원,1692,1618,3310
202210,과천선,과천,6970,6595,13565
202210,과천선,대공원,3338,3498,6836
202210,과천선,범계,27817,28147,55964
202210,과천선,선바위,9121,7958,17079
202210,과천선,인덕원,26661,27966,54627
202210,과천선,정부과천청사,11775,11728,23503
202210,과천선,평촌,19620,19122,38742
202210,과천선,경마공원,1594,1585,3179
202210,과천선,과천,7144,6635,13779
202210,과천선,대공원,5208,5330,10538
202210,과천선,범계,28614,29073,57687
202210,과천선,선바위,9218,8248,17466
202210,과천선,인덕원,27478,28732,56210
202210,과천선,정부과천청사,11936,12096,24032
202210,과천선,평촌,19905,19499,39404
202210,과천선,경마공원,1452,1419,2871
202210,과천선,과천,7124,6835,13959
202210,과천선,대공원,7676,7728,15404
202210,과천선,범계,29132,29594,58726
202210,과천선,선바위,9324,8135,17459
202210,과천선,인덕원,27803,28915,56718
202210,과천선,정부과천청사,12165,12276,24441
202210,과천선,평촌,20154,19656,39810
202210,과천선,경마공원,7572,7666,15238
202210,과천선,과천,7654,7110,14764
202210,과천선,대공원,11042,11067,22109
202210,과천선,범계,31421,32547,63968
202210,과천선,선바위,9741,8102,17843
202210,과천선,인덕원,30618,31070,61688
202210,과천선,정부과천청사,12863,12631,25494
202210,과천선,평촌,20230,19973,40203
202210,과천선,경마공원,619,533,1152
202210,과천선,과천,3890,3628,7518
202210,과천선,대공원,3748,3727,7475
202210,과천선,범계,15600,15309,30909
202210,과천선,선바위,3636,3416,7052
202210,과천선,인덕원,12226,12326,24552
202210,과천선,정부과천청사,4516,4709,9225
202210,과천선,평촌,7308,7006,14314
202210,과천선,경마공원,1708,1672,3380
202210,과천선,과천,7083,6609,13692
202210,과천선,대공원,4213,4376,8589
202210,과천선,범계,28301,28718,57019
202210,과천선,선바위,9326,8102,17428
202210,과천선,인덕원,27133,28622,55755
202210,과천선,정부과천청사,12011,12101,24112
202210,과천선,평촌,19724,19521,39245
202210,과천선,경마공원,1640,1671,3311
202210,과천선,과천,7127,6643,13770
202210,과천선,대공원,5635,5735,11370
202210,과천선,범계,28700,29072,57772
202210,과천선,선바위,9352,8309,17661
202210,과천선,인덕원,27606,28674,56280
202210,과천선,정부과천청사,11934,12165,24099
202210,과천선,평촌,19938,19660,39598
202210,과천선,경마공원,1577,1510,3087
202210,과천선,과천,7434,6998,14432
202210,과천선,대공원,6432,6555,12987
202210,과천선,범계,29206,29448,58654
202210,과천선,선바위,9459,8393,17852
202210,과천선,인덕원,27808,28770,56578
202210,과천선,정부과천청사,12265,12540,24805
202210,과천선,평촌,19929,19896,39825
202210,과천선,경마공원,7467,7656,15123
202210,과천선,과천,7424,6872,14296
202210,과천선,대공원,10118,10034,20152
202210,과천선,범계,30445,31387,61832
202210,과천선,선바위,9699,8246,17945
202210,과천선,인덕원,28781,29671,58452
202210,과천선,정부과천청사,12444,12344,24788
202210,과천선,평촌,21161,20782,41943
202210,과천선,경마공원,1169,1167,2336
202210,과천선,과천,6941,6505,13446
202210,과천선,대공원,3344,3442,6786
202210,과천선,범계,27198,27385,54583
202210,과천선,선바위,8889,7849,16738
202210,과천선,인덕원,26767,27678,54445
202210,과천선,정부과천청사,11903,12001,23904
202210,과천선,평촌,19492,19371,38863
202210,과천선,경마공원,1919,1807,3726
202210,과천선,과천,7205,6706,13911
202210,과천선,대공원,5957,6036,11993
202210,과천선,범계,28819,29047,57866
202210,과천선,선바위,9688,8519,18207
202210,과천선,인덕원,27604,28555,56159
202210,과천선,정부과천청사,12197,12370,24567
202210,과천선,평촌,20242,19937,40179
202210,과천선,경마공원,1822,1838,3660
202210,과천선,과천,7184,6666,13850
202210,과천선,대공원,7101,7102,14203
202210,과천선,범계,28914,29200,58114
202210,과천선,선바위,9379,8311,17690
202210,과천선,인덕원,28335,29391,57726
202210,과천선,정부과천청사,11971,11991,23962
202210,과천선,평촌,20036,19740,39776
202210,과천선,경마공원,1550,1487,3037
202210,과천선,과천,7135,6910,14045
202210,과천선,대공원,8356,8318,16674
202210,과천선,범계,30088,30529,60617
202210,과천선,선바위,9419,8319,17738
202210,과천선,인덕원,28072,29277,57349
202210,과천선,정부과천청사,12323,12612,24935
202210,과천선,평촌,19870,19689,39559
202210,과천선,경마공원,7969,8005,15974
202210,과천선,과천,7480,6920,14400
202210,과천선,대공원,14134,13742,27876
202210,과천선,범계,31854,32916,64770
202210,과천선,선바위,9953,8344,18297
202210,과천선,인덕원,29888,30351,60239
202210,과천선,정부과천청사,12380,12432,24812
202210,과천선,평촌,20503,20323,40826
202210,과천선,경마공원,982,956,1938
202210,과천선,과천,6823,6320,13143
202210,과천선,대공원,3574,3730,7304
202210,과천선,범계,27697,27949,55646
202210,과천선,선바위,8697,7724,16421
202210,과천선,인덕원,26458,27518,53976
202210,과천선,정부과천청사,11478,11701,23179
202210,과천선,평촌,19389,19165,38554
202210,과천선,경마공원,1994,2171,4165
202210,과천선,과천,6966,7337,14303
202210,과천선,대공원,5977,5931,11908
202210,과천선,범계,28757,31163,59920
202210,과천선,선바위,8990,9018,18008
202210,과천선,인덕원,27092,28697,55789
202210,과천선,정부과천청사,11826,13024,24850
202210,과천선,평촌,19871,19482,39353
202210,과천선,경마공원,2061,2110,4171
202210,과천선,과천,7091,6673,13764
202210,과천선,대공원,6515,6546,13061
202210,과천선,범계,29204,29900,59104
202210,과천선,선바위,9092,8079,17171
202210,과천선,인덕원,27416,28730,56146
202210,과천선,정부과천청사,11937,11982,23919
202210,과천선,평촌,19729,19486,39215
202210,과천선,경마공원,1585,1552,3137
202210,과천선,과천,7167,6724,13891
202210,과천선,대공원,7494,7728,15222
202210,과천선,범계,28655,28923,57578
202210,과천선,선바위,9510,8451,17961
202210,과천선,인덕원,27954,29053,57007
202210,과천선,정부과천청사,12098,12100,24198
202210,과천선,평촌,19829,19629,39458
202210,과천선,경마공원,8087,8202,16289
202210,과천선,과천,7328,6795,14123
202210,과천선,대공원,11747,11586,23333
202210,과천선,범계,31222,32615,63837
202210,과천선,선바위,9713,8463,18176
202210,과천선,인덕원,28971,29546,58517
202210,과천선,정부과천청사,12128,12255,24383
202210,과천선,평촌,19950,19665,39615
202210,과천선,경마공원,1105,1086,2191
202210,과천선,과천,6851,6380,13231
202210,과천선,대공원,5092,5075,10167
202210,과천선,범계,27627,27825,55452
202210,과천선,선바위,8759,7783,16542
202210,과천선,인덕원,26364,27305,53669
202210,과천선,정부과천청사,11890,11916,23806
202210,과천선,평촌,19497,19023,38520
202211,과천선,경마공원,1908,1900,3808
202211,과천선,과천,7071,6574,13645
202211,과천선,대공원,5271,5356,10627
202211,과천선,범계,28102,28091,56193
202211,과천선,선바위,9061,8177,17238
202211,과천선,인덕원,27100,27982,55082
202211,과천선,정부과천청사,12067,12298,24365
202211,과천선,평촌,19800,19510,39310
202211,과천선,경마공원,2040,2006,4046
202211,과천선,과천,7227,6685,13912
202211,과천선,대공원,5603,5599,11202
202211,과천선,범계,28740,29409,58149
202211,과천선,선바위,9165,8142,17307
202211,과천선,인덕원,27198,28284,55482
202211,과천선,정부과천청사,12127,11946,24073
202211,과천선,평촌,19895,19306,39201
202211,과천선,경마공원,1576,1470,3046
202211,과천선,과천,7048,6669,13717
202211,과천선,대공원,4550,4754,9304
202211,과천선,범계,28126,28347,56473
202211,과천선,선바위,8989,7915,16904
202211,과천선,인덕원,27126,28244,55370
202211,과천선,정부과천청사,11965,11912,23877
202211,과천선,평촌,19738,19566,39304
202211,과천선,경마공원,7451,7540,14991
202211,과천선,과천,7161,6733,13894
202211,과천선,대공원,5716,5883,11599
202211,과천선,범계,29243,30272,59515
202211,과천선,선바위,9280,7928,17208
202211,과천선,인덕원,27680,28643,56323
202211,과천선,정부과천청사,11970,11907,23877
202211,과천선,평촌,19702,19305,39007
202211,과천선,경마공원,1051,1152,2203
202211,과천선,과천,6390,7035,13425
202211,과천선,대공원,4240,4220,8460
202211,과천선,범계,26145,27674,53819
202211,과천선,선바위,8694,8631,17325
202211,과천선,인덕원,25176,27195,52371
202211,과천선,정부과천청사,11050,11620,22670
202211,과천선,평촌,18771,18912,37683
202211,과천선,경마공원,2010,1952,3962
202211,과천선,과천,6908,6558,13466
202211,과천선,대공원,4882,5050,9932
202211,과천선,범계,28225,28697,56922
202211,과천선,선바위,9102,8055,17157
202211,과천선,인덕원,27069,28377,55446
202211,과천선,정부과천청사,12117,12111,24228
202211,과천선,평촌,19757,19389,39146
202211,과천선,경마공원,2126,2090,4216
202211,과천선,과천,6990,6671,13661
202211,과천선,대공원,5212,5330,10542
202211,과천선,범계,28602,29295,57897
202211,과천선,선바위,9061,8022,17083
202211,과천선,인덕원,26909,28355,55264
202211,과천선,정부과천청사,11663,11702,23365
202211,과천선,평촌,19883,19674,39557
202211,과천선,경마공원,1442,1421,2863
202211,과천선,과천,7097,6634,13731
202211,과천선,대공원,3848,4061,7909
202211,과천선,범계,28181,28604,56785
202211,과천선,선바위,9298,8034,17332
202211,과천선,인덕원,27240,28265,55505
202211,과천선,정부과천청사,11900,11980,23880
202211,과천선,평촌,19611,19264,38875
202211,과천선,경마공원,7702,7888,15590
202211,과천선,과천,6921,6699,13620
202211,과천선,대공원,5740,5916,11656
202211,과천선,범계,29020,30535,59555
202211,과천선,선바위,9395,7921,17316
202211,과천선,인덕원,27293,28470,55763
202211,과천선,정부과천청사,11885,12046,23931
202211,과천선,평촌,19272,18915,38187
202211,과천선,경마공원,969,890,1859
202211,과천선,과천,6496,6167,12663
202211,과천선,대공원,2596,2737,5333
202211,과천선,범계,26539,27200,53739
202211,과천선,선바위,8466,7551,16017
202211,과천선,인덕원,25419,26771,52190
202211,과천선,정부과천청사,11171,11493,22664
202211,과천선,평촌,18747,18523,37270
202211,과천선,경마공원,1817,1777,3594
202211,과천선,과천,6968,6617,13585
202211,과천선,대공원,3311,3456,6767
202211,과천선,범계,27592,27889,55481
202211,과천선,선바위,8819,7949,16768
202211,과천선,인덕원,26449,27732,54181
202211,과천선,정부과천청사,11967,12117,24084
202211,과천선,평촌,19418,19028,38446
202211,과천선,경마공원,2059,2057,4116
202211,과천선,과천,7015,6643,13658
202211,과천선,대공원,3373,4193,7566
202211,과천선,범계,28964,29239,58203
202211,과천선,선바위,9043,9055,18098
202211,과천선,인덕원,26996,28808,55804
202211,과천선,정부과천청사,11727,11735,23462
202211,과천선,평촌,19635,19025,38660
202211,과천선,경마공원,1463,1487,2950
202211,과천선,과천,7046,6605,13651
202211,과천선,대공원,4157,4154,8311
202211,과천선,범계,28589,28827,57416
202211,과천선,선바위,9024,7863,16887
202211,과천선,인덕원,27268,27967,55235
202211,과천선,정부과천청사,11721,11991,23712
202211,과천선,평촌,19581,19035,38616
202211,과천선,경마공원,7881,7937,15818
202211,과천선,과천,6975,6405,13380
202211,과천선,대공원,4108,4260,8368
202211,과천선,범계,29067,30222,59289
202211,과천선,선바위,9141,7845,16986
202211,과천선,인덕원,27518,28220,55738
202211,과천선,정부과천청사,11370,11552,22922
202211,과천선,평촌,19172,18897,38069
202211,과천선,경마공원,998,948,1946
202211,과천선,과천,6625,6353,12978
202211,과천선,대공원,2555,2675,5230
202211,과천선,범계,27163,27611,54774
202211,과천선,선바위,8800,7699,16499
202211,과천선,인덕원,25778,27046,52824
202211,과천선,정부과천청사,11292,11375,22667
202211,과천선,평촌,19304,18993,38297
202211,과천선,경마공원,1675,1635,3310
202211,과천선,과천,6796,6553,13349
202211,과천선,대공원,3158,3244,6402
202211,과천선,범계,27548,27962,55510
202211,과천선,선바위,9058,7990,17048
202211,과천선,인덕원,26544,27740,54284
202211,과천선,정부과천청사,11895,11915,23810
202211,과천선,평촌,19587,19311,38898
202211,과천선,경마공원,1679,1638,3317
202211,과천선,과천,6935,6429,13364
202211,과천선,대공원,3153,3274,6427
202211,과천선,범계,28296,28895,57191
202211,과천선,선바위,9136,8062,17198
202211,과천선,인덕원,26921,28311,55232
202211,과천선,정부과천청사,11699,11768,23467
202211,과천선,평촌,19680,19403,39083
202211,과천선,경마공원,1460,1451,2911
202211,과천선,과천,6833,6553,13386
202211,과천선,대공원,3793,3860,7653
202211,과천선,범계,27937,28904,56841
202211,과천선,선바위,9508,8406,17914
202211,과천선,인덕원,26892,28025,54917
202211,과천선,정부과천청사,11831,12001,23832
202211,과천선,평촌,20118,19846,39964
202211,과천선,경마공원,7901,8025,15926
202211,과천선,과천,7006,6651,13657
202211,과천선,대공원,3703,3808,7511
202211,과천선,범계,29508,30198,59706
202211,과천선,선바위,9420,8084,17504
202211,과천선,인덕원,27794,29010,56804
202211,과천선,정부과천청사,11789,11863,23652
202211,과천선,평촌,20120,19488,39608
202211,과천선,경마공원,895,891,1786
202211,과천선,과천,6448,6328,12776
202211,과천선,대공원,1456,1508,2964
202211,과천선,범계,26215,26915,53130
202211,과천선,선바위,8504,7447,15951
202211,과천선,인덕원,25015,26471,51486
202211,과천선,정부과천청사,11151,11121,22272
202211,과천선,평촌,18583,18649,37232
202211,과천선,경마공원,1534,1529,3063
202211,과천선,과천,6716,6581,13297
202211,과천선,대공원,2388,2530,4918
202211,과천선,범계,27374,28026,55400
202211,과천선,선바위,8971,8075,17046
202211,과천선,인덕원,26490,27627,54117
202211,과천선,정부과천청사,11656,11786,23442
202211,과천선,평촌,19525,19015,38540
202211,과천선,경마공원,1240,1290,2530
202211,과천선,과천,6466,6026,12492
202211,과천선,대공원,2758,2839,5597
202211,과천선,범계,26139,26126,52265
202211,과천선,선바위,8388,7361,15749
202211,과천선,인덕원,24824,25621,50445
202211,과천선,정부과천청사,10997,11161,22158
202211,과천선,평촌,18341,17867,36208
202212,과천선,경마공원,1297,1323,2620
202212,과천선,과천,6429,6218,12647
202212,과천선,대공원,2357,2445,4802
202212,과천선,범계,26316,26611,52927
202212,과천선,선바위,8528,7464,15992
202212,과천선,인덕원,24980,25825,50805
202212,과천선,정부과천청사,11111,11283,22394
202212,과천선,평촌,18563,18249,36812
202212,과천선,경마공원,7362,7573,14935
202212,과천선,과천,6686,7230,13916
202212,과천선,대공원,2821,2944,5765
202212,과천선,범계,27644,29204,56848
202212,과천선,선바위,9351,8446,17797
202212,과천선,인덕원,26011,27649,53660
202212,과천선,정부과천청사,11306,12165,23471
202212,과천선,평촌,18810,18344,37154
202212,과천선,경마공원,892,891,1783
202212,과천선,과천,6334,6195,12529
202212,과천선,대공원,1805,1834,3639
202212,과천선,범계,26234,26735,52969
202212,과천선,선바위,8455,7454,15909
202212,과천선,인덕원,24552,25979,50531
202212,과천선,정부과천청사,10895,11003,21898
202212,과천선,평촌,18689,18608,37297
202212,과천선,경마공원,1458,1419,2877
202212,과천선,과천,7032,6714,13746
202212,과천선,대공원,2666,2742,5408
202212,과천선,범계,27510,27919,55429
202212,과천선,선바위,8772,7871,16643
202212,과천선,인덕원,25978,27152,53130
202212,과천선,정부과천청사,11613,11681,23294
202212,과천선,평촌,19564,19347,38911
202212,과천선,경마공원,1803,1796,3599
202212,과천선,과천,6872,6602,13474
202212,과천선,대공원,2935,3075,6010
202212,과천선,범계,28337,28571,56908
202212,과천선,선바위,9047,8109,17156
202212,과천선,인덕원,26545,27964,54509
202212,과천선,정부과천청사,11450,11699,23149
202212,과천선,평촌,19547,19363,38910
202212,과천선,경마공원,1420,1436,2856
202212,과천선,과천,6906,6559,13465
202212,과천선,대공원,2844,2989,5833
202212,과천선,범계,28229,28449,56678
202212,과천선,선바위,9168,8232,17400
202212,과천선,인덕원,26763,27917,54680
202212,과천선,정부과천청사,11917,12068,23985
202212,과천선,평촌,19560,19470,39030
202212,과천선,경마공원,7211,7302,14513
202212,과천선,과천,7056,6547,13603
202212,과천선,대공원,3486,3635,7121
202212,과천선,범계,29385,30549,59934
202212,과천선,선바위,9699,8215,17914
202212,과천선,인덕원,28081,28681,56762
202212,과천선,정부과천청사,12107,12114,24221
202212,과천선,평촌,19666,19342,39008
202212,과천선,경마공원,887,934,1821
202212,과천선,과천,6202,6719,12921
202212,과천선,대공원,1976,1994,3970
202212,과천선,범계,25274,26053,51327
202212,과천선,선바위,8099,8015,16114
202212,과천선,인덕원,23764,25178,48942
202212,과천선,정부과천청사,10730,10731,21461
202212,과천선,평촌,17784,16858,34642
202212,과천선,경마공원,1646,1586,3232
202212,과천선,과천,7114,7060,14174
202212,과천선,대공원,4595,4552,9147
202212,과천선,범계,28284,28928,57212
202212,과천선,선바위,8776,7976,16752
202212,과천선,인덕원,27174,28518,55692
202212,과천선,정부과천청사,12394,12241,24635
202212,과천선,평촌,20009,19866,39875
202212,과천선,경마공원,1583,1737,3320
202212,과천선,과천,7014,6918,13932
202212,과천선,대공원,3643,3608,7251
202212,과천선,범계,27688,27993,55681
202212,과천선,선바위,8461,8261,16722
202212,과천선,인덕원,25902,27251,53153
202212,과천선,정부과천청사,11535,12151,23686
202212,과천선,평촌,19148,19089,38237
202212,과천선,경마공원,1390,1447,2837
202212,과천선,과천,7209,6958,14167
202212,과천선,대공원,3661,3656,7317
202212,과천선,범계,28671,29525,58196
202212,과천선,선바위,8702,7910,16612
202212,과천선,인덕원,27579,28954,56533
202212,과천선,정부과천청사,12252,12252,24504
202212,과천선,평촌,20598,20253,40851
202212,과천선,경마공원,7341,7468,14809
202212,과천선,과천,7271,6721,13992
202212,과천선,대공원,3115,3234,6349
202212,과천선,범계,30272,30644,60916
202212,과천선,선바위,9265,8135,17400
202212,과천선,인덕원,27898,28797,56695
202212,과천선,정부과천청사,11933,11906,23839
202212,과천선,평촌,19918,19743,39661
202212,과천선,경마공원,836,853,1689
202212,과천선,과천,6537,6317,12854
202212,과천선,대공원,1340,1375,2715
202212,과천선,범계,26251,26427,52678
202212,과천선,선바위,8048,7046,15094
202212,과천선,인덕원,24290,25678,49968
202212,과천선,정부과천청사,10857,10892,21749
202212,과천선,평촌,18676,18509,37185
202212,과천선,경마공원,1526,1531,3057
202212,과천선,과천,6984,6624,13608
202212,과천선,대공원,3003,3065,6068
202212,과천선,범계,28512,28296,56808
202212,과천선,선바위,8824,7662,16486
202212,과천선,인덕원,26252,27226,53478
202212,과천선,정부과천청사,12523,12483,25006
202212,과천선,평촌,19674,19332,39006
202212,과천선,경마공원,1618,1728,3346
202212,과천선,과천,7715,7018,14733
202212,과천선,대공원,2342,2438,4780
202212,과천선,범계,30194,29817,60011
202212,과천선,선바위,8826,8037,16863
202212,과천선,인덕원,28261,29446,57707
202212,과천선,정부과천청사,13062,13272,26334
202212,과천선,평촌,20983,20586,41569
202212,과천선,경마공원,1378,1409,2787
202212,과천선,과천,7104,6860,13964
202212,과천선,대공원,2283,2321,4604
202212,과천선,범계,28883,28852,57735
202212,과천선,선바위,8693,7828,16521
202212,과천선,인덕원,26901,27705,54606
202212,과천선,정부과천청사,12747,12949,25696
202212,과천선,평촌,19594,19466,39060
202212,과천선,경마공원,7370,7514,14884
202212,과천선,과천,6953,6430,13383
202212,과천선,대공원,1836,1854,3690
202212,과천선,범계,28260,28828,57088
202212,과천선,선바위,8496,7304,15800
202212,과천선,인덕원,25428,26530,51958
202212,과천선,정부과천청사,11116,11021,22137
202212,과천선,평촌,18444,18102,36546
202212,과천선,경마공원,810,829,1639
202212,과천선,과천,6373,5922,12295
202212,과천선,대공원,1680,1765,3445
202212,과천선,범계,26211,26264,52475
202212,과천선,선바위,7574,6735,14309
202212,과천선,인덕원,24236,25017,49253
202212,과천선,정부과천청사,11004,10918,21922
202212,과천선,평촌,17941,17740,35681
202212,과천선,경마공원,1670,1666,3336
202212,과천선,과천,7032,6574,13606
202212,과천선,대공원,3193,3300,6493
202212,과천선,범계,27991,27747,55738
202212,과천선,선바위,8070,7288,15358
202212,과천선,인덕원,25816,26211,52027
202212,과천선,정부과천청사,12616,12751,25367
202212,과천선,평촌,18778,18597,37375
202212,과천선,경마공원,1384,1493,2877
202212,과천선,과천,6869,6446,13315
202212,과천선,대공원,2775,2902,5677
202212,과천선,범계,28184,27829,56013
202212,과천선,선바위,8147,7423,15570
202212,과천선,인덕원,25589,26519,52108
202212,과천선,정부과천청사,11468,11502,22970
202212,과천선,평촌,18924,18363,37287
202212,과천선,경마공원,1245,1260,2505
202212,과천선,과천,6998,6467,13465
202212,과천선,대공원,2728,2815,5543
202212,과천선,범계,27720,28010,55730
202212,과천선,선바위,8190,7293,15483
202212,과천선,인덕원,27518,27341,54859
202212,과천선,정부과천청사,12559,12022,24581
202212,과천선,평촌,18396,18225,36621
202212,과천선,경마공원,1165,1236,2401
202212,과천선,과천,6811,6169,12980
202212,과천선,대공원,3160,3126,6286
202212,과천선,범계,27771,28139,55910
202212,과천선,선바위,7526,6619,14145
202212,과천선,인덕원,23972,24596,48568
202212,과천선,정부과천청사,10567,10673,21240
202212,과천선,평촌,16503,16203,32706
