사용월,호선명,지하철역,승차총승객수,하차총승객수,승하차총승객수
202201,장항선,배방,872,854,1726
202201,장항선,봉명,1105,1064,2169
202201,장항선,신창,878,1017,1895
202201,장항선,쌍용,1628,1509,3137
202201,장항선,아산,2579,2168,4747
202201,장항선,온양온천,3026,3094,6120
202201,장항선,탕정,323,319,642
202201,장항선,배방,862,856,1718
202201,장항선,봉명,1170,1190,2360
202201,장항선,신창,822,794,1616
202201,장항선,쌍용,1785,1663,3448
202201,장항선,아산,2288,2206,4494
202201,장항선,온양온천,3988,3978,7966
202201,장항선,탕정,343,311,654
202201,장항선,배방,836,788,1624
202201,장항선,봉명,1070,1067,2137
202201,장항선,신창,779,826,1605
202201,장항선,쌍용,1610,1477,3087
202201,장항선,아산,2200,2079,4279
202201,장항선,온양온천,2928,2941,5869
202201,장항선,탕정,347,305,652
202201,장항선,배방,857,824,1681
202201,장항선,봉명,1087,1082,2169
202201,장항선,신창,803,829,1632
202201,장항선,쌍용,1646,1608,3254
202201,장항선,아산,2400,2087,4487
202201,장항선,온양온천,3021,3051,6072
202201,장항선,탕정,367,325,692
202201,장항선,배방,965,893,1858
202201,장항선,봉명,1173,1048,2221
202201,장항선,신창,1065,860,1925
202201,장항선,쌍용,1805,1656,3461
202201,장항선,아산,2825,2937,5762
202201,장항선,온양온천,3452,3475,6927
202201,장항선,탕정,395,348,743
202201,장항선,배방,920,835,1755
202201,장항선,봉명,1110,1073,2183
202201,장항선,신창,889,955,1844
202201,장항선,쌍용,1729,1607,3336
202201,장항선,아산,2558,2336,4894
202201,장항선,온양온천,3188,3266,6454
202201,장항선,탕정,339,314,653
202201,장항선,배방,862,873,1735
202201,장항선,봉명,1089,1054,2143
202201,장항선,신창,815,836,1651
202201,장항선,쌍용,1651,1492,3143
202201,장항선,아산,2281,2136,4417
202201,장항선,온양온천,2872,2960,5832
202201,장항선,탕정,332,314,646
202201,장항선,배방,848,823,1671
202201,장항선,봉명,1091,1038,2129
202201,장항선,신창,809,787,1596
202201,장항선,쌍용,1594,1476,3070
202201,장항선,아산,2372,2098,4470
202201,장항선,온양온천,2937,2994,5931
202201,장항선,탕정,378,346,724
202201,장항선,배방,836,845,1681
202201,장항선,봉명,1071,1059,2130
202201,장항선,신창,793,765,1558
202201,장항선,쌍용,1824,1637,3461
202201,장항선,아산,2450,2116,4566
202201,장항선,온양온천,2909,3025,5934
202201,장항선,탕정,366,334,700
202201,장항선,배방,982,887,1869
202201,장항선,봉명,1150,1116,2266
202201,장항선,신창,1097,897,1994
202201,장항선,쌍용,1748,1608,3356
202201,장항선,아산,2871,2925,5796
202201,장항선,온양온천,4022,4136,8158
202201,장항선,탕정,432,395,827
202201,장항선,배방,822,848,1670
202201,장항선,봉명,1113,1074,2187
202201,장항선,신창,832,907,1739
202201,장항선,쌍용,1700,1557,3257
202201,장항선,아산,2483,2206,4689
202201,장항선,온양온천,3084,3164,6248
202201,장항선,탕정,391,353,744
202201,장항선,배방,824,797,1621
202201,장항선,봉명,1124,1076,2200
202201,장항선,신창,773,830,1603
202201,장항선,쌍용,1605,1482,3087
202201,장항선,아산,2344,2146,4490
202201,장항선,온양온천,3035,3068,6103
202201,장항선,탕정,379,350,729
202201,장항선,배방,851,839,1690
202201,장항선,봉명,1160,1123,2283
202201,장항선,신창,826,813,1639
202201,장항선,쌍용,1705,1654,3359
202201,장항선,아산,2515,2172,4687
202201,장항선,온양온천,3793,3830,7623
202201,장항선,탕정,410,388,798
202201,장항선,배방,880,847,1727
202201,장항선,봉명,1076,1062,2138
202201,장항선,신창,896,826,1722
202201,장항선,쌍용,1638,1525,3163
202201,장항선,아산,2477,2283,4760
202201,장항선,온양온천,3060,3149,6209
202201,장항선,탕정,426,395,821
202201,장항선,배방,1005,895,1900
202201,장항선,봉명,1128,1064,2192
202201,장항선,신창,1039,891,1930
202201,장항선,쌍용,1712,1545,3257
202201,장항선,아산,2880,2815,5695
202201,장항선,온양온천,3396,3520,6916
202201,장항선,탕정,457,392,849
202201,장항선,배방,964,1011,1975
202201,장항선,봉명,1227,1173,2400
202201,장항선,신창,854,922,1776
202201,장항선,쌍용,1741,1693,3434
202201,장항선,아산,2609,1784,4393
202201,장항선,온양온천,4196,4158,8354
202201,장항선,탕정,479,453,932
202201,장항선,배방,834,801,1635
202201,장항선,봉명,1100,1112,2212
202201,장항선,신창,836,846,1682
202201,장항선,쌍용,1558,1533,3091
202201,장항선,아산,2289,2068,4357
202201,장항선,온양온천,3069,3136,6205
202201,장항선,탕정,402,374,776
202201,장항선,배방,931,903,1834
202201,장항선,봉명,1133,1116,2249
202201,장항선,신창,857,819,1676
202201,장항선,쌍용,1777,1607,3384
202201,장항선,아산,2489,2364,4853
202201,장항선,온양온천,3240,3246,6486
202201,장항선,탕정,453,415,868
202201,장항선,배방,980,891,1871
202201,장항선,봉명,1186,1154,2340
202201,장항선,신창,900,791,1691
202201,장항선,쌍용,1603,1462,3065
202201,장항선,아산,2372,2690,5062
202201,장항선,온양온천,3154,3218,6372
202201,장항선,탕정,431,380,811
202201,장항선,배방,940,934,1874
202201,장항선,봉명,1046,1018,2064
202201,장항선,신창,1021,936,1957
202201,장항선,쌍용,1560,1498,3058
202201,장항선,아산,2737,2989,5726
202201,장항선,온양온천,3415,3612,7027
202201,장항선,탕정,414,369,783
202201,장항선,배방,469,482,951
202201,장항선,봉명,328,336,664
202201,장항선,신창,642,846,1488
202201,장항선,쌍용,764,705,1469
202201,장항선,아산,1524,1320,2844
202201,장항선,온양온천,2263,2608,4871
202201,장항선,탕정,212,217,429
202202,장항선,배방,558,473,1031
202202,장항선,봉명,358,338,696
202202,장항선,신창,1033,567,1600
202202,장항선,쌍용,857,708,1565
202202,장항선,아산,1769,1191,2960
202202,장항선,온양온천,2465,1980,4445
202202,장항선,탕정,193,171,364
202202,장항선,배방,609,600,1209
202202,장항선,봉명,409,381,790
202202,장항선,신창,999,721,1720
202202,장항선,쌍용,916,800,1716
202202,장항선,아산,2327,1510,3837
202202,장항선,온양온천,2782,2472,5254
202202,장항선,탕정,240,251,491
202202,장항선,배방,786,846,1632
202202,장항선,봉명,1015,1065,2080
202202,장항선,신창,736,859,1595
202202,장항선,쌍용,1424,1366,2790
202202,장항선,아산,2853,2022,4875
202202,장항선,온양온천,3040,3012,6052
202202,장항선,탕정,377,371,748
202202,장항선,배방,912,836,1748
202202,장항선,봉명,1014,1013,2027
202202,장항선,신창,878,794,1672
202202,장항선,쌍용,1513,1439,2952
202202,장항선,아산,2482,2260,4742
202202,장항선,온양온천,3304,3319,6623
202202,장항선,탕정,423,385,808
202202,장항선,배방,809,828,1637
202202,장항선,봉명,1111,1076,2187
202202,장항선,신창,774,850,1624
202202,장항선,쌍용,1494,1373,2867
202202,장항선,아산,2285,2062,4347
202202,장항선,온양온천,2855,2913,5768
202202,장항선,탕정,427,422,849
202202,장항선,배방,864,837,1701
202202,장항선,봉명,1141,1120,2261
202202,장항선,신창,726,723,1449
202202,장항선,쌍용,1507,1423,2930
202202,장항선,아산,2237,2015,4252
202202,장항선,온양온천,2933,2944,5877
202202,장항선,탕정,457,442,899
202202,장항선,배방,858,857,1715
202202,장항선,봉명,1171,1170,2341
202202,장항선,신창,856,839,1695
202202,장항선,쌍용,1630,1522,3152
202202,장항선,아산,2290,2048,4338
202202,장항선,온양온천,3823,3811,7634
202202,장항선,탕정,462,449,911
202202,장항선,배방,842,869,1711
202202,장항선,봉명,1140,1093,2233
202202,장항선,신창,819,766,1585
202202,장항선,쌍용,1795,1739,3534
202202,장항선,아산,2283,2122,4405
202202,장항선,온양온천,2995,2979,5974
202202,장항선,탕정,443,415,858
202202,장항선,배방,987,951,1938
202202,장항선,봉명,1135,1088,2223
202202,장항선,신창,1060,849,1909
202202,장항선,쌍용,1758,1522,3280
202202,장항선,아산,2712,2753,5465
202202,장항선,온양온천,3208,3304,6512
202202,장항선,탕정,494,475,969
202202,장항선,배방,857,863,1720
202202,장항선,봉명,1114,1088,2202
202202,장항선,신창,938,995,1933
202202,장항선,쌍용,1621,1558,3179
202202,장항선,아산,2504,2207,4711
202202,장항선,온양온천,3659,3723,7382
202202,장항선,탕정,497,473,970
202202,장항선,배방,853,838,1691
202202,장항선,봉명,1121,1096,2217
202202,장항선,신창,834,860,1694
202202,장항선,쌍용,1533,1449,2982
202202,장항선,아산,2331,2116,4447
202202,장항선,온양온천,2848,2894,5742
202202,장항선,탕정,457,412,869
202202,장항선,배방,947,880,1827
202202,장항선,봉명,1179,1152,2331
202202,장항선,신창,859,927,1786
202202,장항선,쌍용,1823,1584,3407
202202,장항선,아산,2690,2394,5084
202202,장항선,온양온천,2848,3037,5885
202202,장항선,탕정,576,481,1057
202202,장항선,배방,876,864,1740
202202,장항선,봉명,1039,1039,2078
202202,장항선,신창,1163,1251,2414
202202,장항선,쌍용,1542,1472,3014
202202,장항선,아산,2578,2273,4851
202202,장항선,온양온천,2812,2822,5634
202202,장항선,탕정,467,449,916
202202,장항선,배방,975,975,1950
202202,장항선,봉명,1111,1069,2180
202202,장항선,신창,1352,1131,2483
202202,장항선,쌍용,1663,1547,3210
202202,장항선,아산,2870,2825,5695
202202,장항선,온양온천,3168,3282,6450
202202,장항선,탕정,521,511,1032
202202,장항선,배방,869,870,1739
202202,장항선,봉명,1036,1032,2068
202202,장항선,신창,905,914,1819
202202,장항선,쌍용,1573,1420,2993
202202,장항선,아산,2543,2258,4801
202202,장항선,온양온천,2979,3023,6002
202202,장항선,탕정,531,494,1025
202202,장항선,배방,829,815,1644
202202,장항선,봉명,1131,1096,2227
202202,장항선,신창,850,845,1695
202202,장항선,쌍용,1618,1478,3096
202202,장항선,아산,2345,2115,4460
202202,장항선,온양온천,2849,2955,5804
202202,장항선,탕정,518,477,995
202202,장항선,배방,818,782,1600
202202,장항선,봉명,1094,1083,2177
202202,장항선,신창,972,955,1927
202202,장항선,쌍용,1525,1422,2947
202202,장항선,아산,2397,2092,4489
202202,장항선,온양온천,2813,2832,5645
202202,장항선,탕정,537,518,1055
202202,장항선,배방,914,868,1782
202202,장항선,봉명,1142,1113,2255
202202,장항선,신창,934,883,1817
202202,장항선,쌍용,1663,1581,3244
202202,장항선,아산,2446,2201,4647
202202,장항선,온양온천,3584,3704,7288
202202,장항선,탕정,557,538,1095
202202,장항선,배방,955,943,1898
202202,장항선,봉명,1065,1008,2073
202202,장항선,신창,1172,1073,2245
202202,장항선,쌍용,1671,1494,3165
202202,장항선,아산,2857,2898,5755
202202,장항선,온양온천,3281,3376,6657
202202,장항선,탕정,588,540,1128
202202,장항선,배방,1001,898,1899
202202,장항선,봉명,1225,1085,2310
202202,장항선,신창,2743,2508,5251
202202,장항선,쌍용,1803,1724,3527
202202,장항선,아산,2919,2608,5527
202202,장항선,온양온천,3387,3455,6842
202202,장항선,탕정,540,540,1080
202203,장항선,배방,593,698,1291
202203,장항선,봉명,421,431,852
202203,장항선,신창,1065,1164,2229
202203,장항선,쌍용,1107,1057,2164
202203,장항선,아산,2192,1706,3898
202203,장항선,온양온천,2388,2517,4905
202203,장항선,탕정,362,377,739
202203,장항선,배방,1159,1080,2239
202203,장항선,봉명,1166,1157,2323
202203,장항선,신창,2951,3013,5964
202203,장항선,쌍용,2313,2162,4475
202203,장항선,아산,3628,3075,6703
202203,장항선,온양온천,3248,3337,6585
202203,장항선,탕정,713,673,1386
202203,장항선,배방,1113,1082,2195
202203,장항선,봉명,1243,1181,2424
202203,장항선,신창,3495,2787,6282
202203,장항선,쌍용,2332,2058,4390
202203,장항선,아산,3563,3230,6793
202203,장항선,온양온천,3319,3481,6800
202203,장항선,탕정,720,621,1341
202203,장항선,배방,1227,1170,2397
202203,장항선,봉명,1239,1137,2376
202203,장항선,신창,3241,1944,5185
202203,장항선,쌍용,2283,1941,4224
202203,장항선,아산,3809,3464,7273
202203,장항선,온양온천,4098,4377,8475
202203,장항선,탕정,787,622,1409
202203,장항선,배방,1100,1043,2143
202203,장항선,봉명,1231,1242,2473
202203,장항선,신창,2887,3251,6138
202203,장항선,쌍용,2311,2310,4621
202203,장항선,아산,3782,3064,6846
202203,장항선,온양온천,3414,3525,6939
202203,장항선,탕정,690,629,1319
202203,장항선,배방,1243,1096,2339
202203,장항선,봉명,1322,1244,2566
202203,장항선,신창,3411,2850,6261
202203,장항선,쌍용,2530,2313,4843
202203,장항선,아산,3846,3290,7136
202203,장항선,온양온천,3392,3589,6981
202203,장항선,탕정,785,691,1476
202203,장항선,배방,701,779,1480
202203,장항선,봉명,552,523,1075
202203,장항선,신창,1151,1346,2497
202203,장항선,쌍용,1274,1316,2590
202203,장항선,아산,2044,1777,3821
202203,장항선,온양온천,3334,3328,6662
202203,장항선,탕정,462,439,901
202203,장항선,배방,1143,1060,2203
202203,장항선,봉명,1224,1160,2384
202203,장항선,신창,3288,2831,6119
202203,장항선,쌍용,2887,2605,5492
202203,장항선,아산,3651,3213,6864
202203,장항선,온양온천,3208,3365,6573
202203,장항선,탕정,719,660,1379
202203,장항선,배방,1143,1092,2235
202203,장항선,봉명,1202,1138,2340
202203,장항선,신창,3130,1939,5069
202203,장항선,쌍용,2498,2169,4667
202203,장항선,아산,3823,3698,7521
202203,장항선,온양온천,3495,3744,7239
202203,장항선,탕정,741,651,1392
202203,장항선,배방,1040,1078,2118
202203,장항선,봉명,1218,1170,2388
202203,장항선,신창,2654,3062,5716
202203,장항선,쌍용,2564,2661,5225
202203,장항선,아산,3653,2966,6619
202203,장항선,온양온천,3751,3770,7521
202203,장항선,탕정,679,612,1291
202203,장항선,배방,1060,1021,2081
202203,장항선,봉명,1193,1191,2384
202203,장항선,신창,2659,2633,5292
202203,장항선,쌍용,2843,2631,5474
202203,장항선,아산,3384,2936,6320
202203,장항선,온양온천,3280,3343,6623
202203,장항선,탕정,728,678,1406
202203,장항선,배방,1124,1076,2200
202203,장항선,봉명,1249,1207,2456
202203,장항선,신창,2838,2722,5560
202203,장항선,쌍용,2699,2484,5183
202203,장항선,아산,3408,2939,6347
202203,장항선,온양온천,3243,3353,6596
202203,장항선,탕정,743,661,1404
202203,장항선,배방,1032,953,1985
202203,장항선,봉명,1154,1111,2265
202203,장항선,신창,3181,2468,5649
202203,장항선,쌍용,2674,2401,5075
202203,장항선,아산,3432,3115,6547
202203,장항선,온양온천,3004,3142,6146
202203,장항선,탕정,689,563,1252
202203,장항선,배방,1153,1075,2228
202203,장항선,봉명,1138,1091,2229
202203,장항선,신창,3116,1891,5007
202203,장항선,쌍용,2431,1974,4405
202203,장항선,아산,3673,3568,7241
202203,장항선,온양온천,3242,3485,6727
202203,장항선,탕정,704,592,1296
202203,장항선,배방,1080,1079,2159
202203,장항선,봉명,1189,1187,2376
202203,장항선,신창,2677,3173,5850
202203,장항선,쌍용,2652,2714,5366
202203,장항선,아산,3678,3022,6700
202203,장항선,온양온천,3419,3457,6876
202203,장항선,탕정,745,668,1413
202203,장항선,배방,1102,1037,2139
202203,장항선,봉명,1185,1151,2336
202203,장항선,신창,2699,2612,5311
202203,장항선,쌍용,2830,2631,5461
202203,장항선,아산,3352,2912,6264
202203,장항선,온양온천,3324,3385,6709
202203,장항선,탕정,728,643,1371
202203,장항선,배방,1072,1052,2124
202203,장항선,봉명,1151,1135,2286
202203,장항선,신창,2794,2672,5466
202203,장항선,쌍용,2668,2550,5218
202203,장항선,아산,3425,2962,6387
202203,장항선,온양온천,3301,3383,6684
202203,장항선,탕정,691,632,1323
202203,장항선,배방,1115,1043,2158
202203,장항선,봉명,1237,1220,2457
202203,장항선,신창,3236,2554,5790
202203,장항선,쌍용,2843,2481,5324
202203,장항선,아산,3562,3235,6797
202203,장항선,온양온천,4105,4315,8420
202203,장항선,탕정,777,689,1466
202203,장항선,배방,1163,1126,2289
202203,장항선,봉명,1180,1054,2234
202203,장항선,신창,3255,1946,5201
202203,장항선,쌍용,2483,2146,4629
202203,장항선,아산,3976,3818,7794
202203,장항선,온양온천,3424,3643,7067
202203,장항선,탕정,820,669,1489
202203,장항선,배방,1144,1142,2286
202203,장항선,봉명,1202,1184,2386
202203,장항선,신창,2707,3209,5916
202203,장항선,쌍용,2714,2757,5471
202203,장항선,아산,3853,3220,7073
202203,장항선,온양온천,3499,3598,7097
202203,장항선,탕정,754,669,1423
202203,장항선,배방,1087,1085,2172
202203,장항선,봉명,1360,1323,2683
202203,장항선,신창,2772,2753,5525
202203,장항선,쌍용,2943,2765,5708
202203,장항선,아산,3479,2966,6445
202203,장항선,온양온천,4513,4630,9143
202203,장항선,탕정,803,728,1531
202203,장항선,배방,1053,1039,2092
202203,장항선,봉명,1232,1204,2436
202203,장항선,신창,2760,2623,5383
202203,장항선,쌍용,2719,2494,5213
202203,장항선,아산,3379,2889,6268
202203,장항선,온양온천,3116,3235,6351
202203,장항선,탕정,732,634,1366
202203,장항선,배방,1087,1071,2158
202203,장항선,봉명,1244,1197,2441
202203,장항선,신창,3311,2588,5899
202203,장항선,쌍용,2771,2453,5224
202203,장항선,아산,3565,3265,6830
202203,장항선,온양온천,3346,3503,6849
202203,장항선,탕정,761,663,1424
202204,장항선,배방,1216,1163,2379
202204,장항선,봉명,1272,1182,2454
202204,장항선,신창,3248,2050,5298
202204,장항선,쌍용,2687,2249,4936
202204,장항선,아산,4140,4157,8297
202204,장항선,온양온천,3597,3991,7588
202204,장항선,탕정,823,683,1506
202204,장항선,배방,1149,1204,2353
202204,장항선,봉명,1340,1321,2661
202204,장항선,신창,2755,3329,6084
202204,장항선,쌍용,2926,2975,5901
202204,장항선,아산,4043,3265,7308
202204,장항선,온양온천,4746,4770,9516
202204,장항선,탕정,854,715,1569
202204,장항선,배방,1078,1045,2123
202204,장항선,봉명,1257,1267,2524
202204,장항선,신창,2929,2933,5862
202204,장항선,쌍용,2963,2726,5689
202204,장항선,아산,3608,3066,6674
202204,장항선,온양온천,3586,3697,7283
202204,장항선,탕정,774,645,1419
202204,장항선,배방,1127,1133,2260
202204,장항선,봉명,1260,1260,2520
202204,장항선,신창,3029,2776,5805
202204,장항선,쌍용,2881,2728,5609
202204,장항선,아산,3737,3259,6996
202204,장항선,온양온천,3629,3699,7328
202204,장항선,탕정,788,693,1481
202204,장항선,배방,1193,1139,2332
202204,장항선,봉명,1287,1245,2532
202204,장항선,신창,3667,2540,6207
202204,장항선,쌍용,2973,2660,5633
202204,장항선,아산,3809,3546,7355
202204,장항선,온양온천,3600,3863,7463
202204,장항선,탕정,781,675,1456
202204,장항선,배방,1221,1177,2398
202204,장항선,봉명,1271,1202,2473
202204,장항선,신창,2157,1445,3602
202204,장항선,쌍용,2667,2303,4970
202204,장항선,아산,4288,3955,8243
202204,장항선,온양온천,3742,4000,7742
202204,장항선,탕정,863,683,1546
202204,장항선,배방,1140,1172,2312
202204,장항선,봉명,1268,1228,2496
202204,장항선,신창,2653,3186,5839
202204,장항선,쌍용,3017,3093,6110
202204,장항선,아산,4009,3413,7422
202204,장항선,온양온천,3818,3897,7715
202204,장항선,탕정,824,691,1515
202204,장항선,배방,1207,1146,2353
202204,장항선,봉명,1213,1164,2377
202204,장항선,신창,2712,2708,5420
202204,장항선,쌍용,2932,2793,5725
202204,장항선,아산,3677,3147,6824
202204,장항선,온양온천,3613,3707,7320
202204,장항선,탕정,817,717,1534
202204,장항선,배방,1016,963,1979
202204,장항선,봉명,1250,1214,2464
202204,장항선,신창,2537,2420,4957
202204,장항선,쌍용,2863,2635,5498
202204,장항선,아산,3543,3126,6669
202204,장항선,온양온천,3219,3311,6530
202204,장항선,탕정,702,618,1320
202204,장항선,배방,1139,1085,2224
202204,장항선,봉명,1247,1198,2445
202204,장항선,신창,2897,2424,5321
202204,장항선,쌍용,2870,2610,5480
202204,장항선,아산,3669,3241,6910
202204,장항선,온양온천,4207,4457,8664
202204,장항선,탕정,774,693,1467
202204,장항선,배방,1279,1237,2516
202204,장항선,봉명,1297,1219,2516
202204,장항선,신창,2642,2022,4664
202204,장항선,쌍용,2724,2363,5087
202204,장항선,아산,4190,3904,8094
202204,장항선,온양온천,3906,4150,8056
202204,장항선,탕정,909,744,1653
202204,장항선,배방,1215,1196,2411
202204,장항선,봉명,1309,1277,2586
202204,장항선,신창,2792,3087,5879
202204,장항선,쌍용,3014,2972,5986
202204,장항선,아산,4041,3359,7400
202204,장항선,온양온천,3907,3986,7893
202204,장항선,탕정,835,760,1595
202204,장항선,배방,1183,1168,2351
202204,장항선,봉명,1359,1359,2718
202204,장항선,신창,2896,2750,5646
202204,장항선,쌍용,3232,3064,6296
202204,장항선,아산,3749,3201,6950
202204,장항선,온양온천,5246,5346,10592
202204,장항선,탕정,891,756,1647
202204,장항선,배방,1121,1112,2233
202204,장항선,봉명,1339,1310,2649
202204,장항선,신창,2870,2624,5494
202204,장항선,쌍용,3125,2856,5981
202204,장항선,아산,3604,3182,6786
202204,장항선,온양온천,3731,3882,7613
202204,장항선,탕정,848,712,1560
202204,장항선,배방,1226,1126,2352
202204,장항선,봉명,1317,1282,2599
202204,장항선,신창,3515,2828,6343
202204,장항선,쌍용,3254,2869,6123
202204,장항선,아산,3808,3546,7354
202204,장항선,온양온천,3777,4000,7777
202204,장항선,탕정,915,728,1643
202204,장항선,배방,1319,1222,2541
202204,장항선,봉명,1380,1254,2634
202204,장항선,신창,3597,2079,5676
202204,장항선,쌍용,2776,2424,5200
202204,장항선,아산,4303,4468,8771
202204,장항선,온양온천,4069,4326,8395
202204,장항선,탕정,939,732,1671
202204,장항선,배방,1260,1193,2453
202204,장항선,봉명,1351,1343,2694
202204,장항선,신창,2834,3527,6361
202204,장항선,쌍용,3036,2994,6030
202204,장항선,아산,4077,3405,7482
202204,장항선,온양온천,3939,3923,7862
202204,장항선,탕정,873,762,1635
202204,장항선,배방,1190,1116,2306
202204,장항선,봉명,1334,1304,2638
202204,장항선,신창,2933,2921,5854
202204,장항선,쌍용,3123,2935,6058
202204,장항선,아산,3890,3321,7211
202204,장항선,온양온천,3721,3826,7547
202204,장항선,탕정,905,787,1692
202204,장항선,배방,1265,1226,2491
202204,장항선,봉명,1391,1321,2712
202204,장항선,신창,3088,3004,6092
202204,장항선,쌍용,3270,3019,6289
202204,장항선,아산,3973,3496,7469
202204,장항선,온양온천,3818,3981,7799
202204,장항선,탕정,887,772,1659
202204,장항선,배방,1214,1249,2463
202204,장항선,봉명,1365,1299,2664
202204,장항선,신창,3721,2921,6642
202204,장항선,쌍용,3191,2866,6057
202204,장항선,아산,3999,3809,7808
202204,장항선,온양온천,3971,4110,8081
202204,장항선,탕정,896,716,1612
202204,장항선,배방,1483,1369,2852
202204,장항선,봉명,1425,1276,2701
202204,장항선,신창,3837,2262,6099
202204,장항선,쌍용,3209,2650,5859
202204,장항선,아산,4895,4652,9547
202204,장항선,온양온천,5423,5783,11206
202204,장항선,탕정,1001,844,1845
202205,장항선,배방,1235,1218,2453
202205,장항선,봉명,1377,1315,2692
202205,장항선,신창,2861,3587,6448
202205,장항선,쌍용,3083,3123,6206
202205,장항선,아산,4309,3536,7845
202205,장항선,온양온천,4033,4057,8090
202205,장항선,탕정,937,831,1768
202205,장항선,배방,1270,1221,2491
202205,장항선,봉명,1390,1368,2758
202205,장항선,신창,3084,2997,6081
202205,장항선,쌍용,3228,2989,6217
202205,장항선,아산,3994,3527,7521
202205,장항선,온양온천,3905,4002,7907
202205,장항선,탕정,961,863,1824
202205,장항선,배방,1549,1400,2949
202205,장항선,봉명,1519,1456,2975
202205,장항선,신창,4337,3045,7382
202205,장항선,쌍용,3889,3380,7269
202205,장항선,아산,5431,5149,10580
202205,장항선,온양온천,5540,5909,11449
202205,장항선,탕정,1080,899,1979
202205,장항선,배방,1056,1013,2069
202205,장항선,봉명,606,648,1254
202205,장항선,신창,1961,1407,3368
202205,장항선,쌍용,1651,1487,3138
202205,장항선,아산,3210,3281,6491
202205,장항선,온양온천,3765,3769,7534
202205,장항선,탕정,627,590,1217
202205,장항선,배방,1417,1364,2781
202205,장항선,봉명,1274,1134,2408
202205,장항선,신창,3086,2154,5240
202205,장항선,쌍용,2855,2506,5361
202205,장항선,아산,4197,4481,8678
202205,장항선,온양온천,4366,4671,9037
202205,장항선,탕정,928,769,1697
202205,장항선,배방,1246,1187,2433
202205,장항선,봉명,1464,1443,2907
202205,장항선,신창,2897,3785,6682
202205,장항선,쌍용,3340,3381,6721
202205,장항선,아산,4905,3717,8622
202205,장항선,온양온천,5116,5205,10321
202205,장항선,탕정,992,896,1888
202205,장항선,배방,1222,1170,2392
202205,장항선,봉명,1388,1367,2755
202205,장항선,신창,3132,3034,6166
202205,장항선,쌍용,3304,3061,6365
202205,장항선,아산,4065,3501,7566
202205,장항선,온양온천,3944,4090,8034
202205,장항선,탕정,976,832,1808
202205,장항선,배방,1310,1189,2499
202205,장항선,봉명,1385,1390,2775
202205,장항선,신창,2810,2886,5696
202205,장항선,쌍용,3329,2980,6309
202205,장항선,아산,4096,3561,7657
202205,장항선,온양온천,4026,4221,8247
202205,장항선,탕정,958,795,1753
202205,장항선,배방,1274,1253,2527
202205,장항선,봉명,1443,1358,2801
202205,장항선,신창,3150,2573,5723
202205,장항선,쌍용,3297,2878,6175
202205,장항선,아산,4068,3813,7881
202205,장항선,온양온천,4075,4204,8279
202205,장항선,탕정,1012,838,1850
202205,장항선,배방,1453,1313,2766
202205,장항선,봉명,1450,1354,2804
202205,장항선,신창,3527,2099,5626
202205,장항선,쌍용,3066,2564,5630
202205,장항선,아산,5040,4803,9843
202205,장항선,온양온천,4340,4662,9002
202205,장항선,탕정,1088,891,1979
202205,장항선,배방,1298,1223,2521
202205,장항선,봉명,1427,1400,2827
202205,장항선,신창,3028,3689,6717
202205,장항선,쌍용,3264,3323,6587
202205,장항선,아산,4395,3747,8142
202205,장항선,온양온천,4308,4297,8605
202205,장항선,탕정,940,867,1807
202205,장항선,배방,1273,1208,2481
202205,장항선,봉명,1453,1468,2921
202205,장항선,신창,3095,3069,6164
202205,장항선,쌍용,3338,3089,6427
202205,장항선,아산,4192,3484,7676
202205,장항선,온양온천,4165,4318,8483
202205,장항선,탕정,986,865,1851
202205,장항선,배방,1267,1240,2507
202205,장항선,봉명,1438,1393,2831
202205,장항선,신창,2974,2930,5904
202205,장항선,쌍용,3247,2986,6233
202205,장항선,아산,4244,3622,7866
202205,장항선,온양온천,4021,4148,8169
202205,장항선,탕정,1002,878,1880
202205,장항선,배방,1391,1310,2701
202205,장항선,봉명,1431,1372,2803
202205,장항선,신창,3286,2740,6026
202205,장항선,쌍용,3544,3142,6686
202205,장항선,아산,4376,3874,8250
202205,장항선,온양온천,5493,5592,11085
202205,장항선,탕정,1067,908,1975
202205,장항선,배방,1498,1397,2895
202205,장항선,봉명,1447,1313,2760
202205,장항선,신창,3518,2110,5628
202205,장항선,쌍용,3164,2692,5856
202205,장항선,아산,4994,4920,9914
202205,장항선,온양온천,4438,4816,9254
202205,장항선,탕정,1044,929,1973
202205,장항선,배방,1347,1292,2639
202205,장항선,봉명,1383,1451,2834
202205,장항선,신창,2917,3687,6604
202205,장항선,쌍용,3222,3267,6489
202205,장항선,아산,4625,3739,8364
202205,장항선,온양온천,4174,4280,8454
202205,장항선,탕정,968,856,1824
202205,장항선,배방,1356,1317,2673
202205,장항선,봉명,1457,1457,2914
202205,장항선,신창,3071,3007,6078
202205,장항선,쌍용,3519,3272,6791
202205,장항선,아산,4204,3508,7712
202205,장항선,온양온천,5253,5345,10598
202205,장항선,탕정,1013,889,1902
202205,장항선,배방,1332,1267,2599
202205,장항선,봉명,1472,1462,2934
202205,장항선,신창,3229,3060,6289
202205,장항선,쌍용,3288,3039,6327
202205,장항선,아산,4153,3684,7837
202205,장항선,온양온천,4033,4178,8211
202205,장항선,탕정,1015,877,1892
202205,장항선,배방,1312,1289,2601
202205,장항선,봉명,1417,1398,2815
202205,장항선,신창,3513,2866,6379
202205,장항선,쌍용,3311,2898,6209
202205,장항선,아산,4227,3868,8095
202205,장항선,온양온천,3992,4155,8147
202205,장항선,탕정,981,817,1798
202205,장항선,배방,1519,1401,2920
202205,장항선,봉명,1381,1336,2717
202205,장항선,신창,3558,2209,5767
202205,장항선,쌍용,3159,2672,5831
202205,장항선,아산,4905,4816,9721
202205,장항선,온양온천,4415,4735,9150
202205,장항선,탕정,1106,904,2010
202205,장항선,배방,1251,1252,2503
202205,장항선,봉명,1432,1352,2784
202205,장항선,신창,2866,3433,6299
202205,장항선,쌍용,3175,3186,6361
202205,장항선,아산,4361,3596,7957
202205,장항선,온양온천,4141,4128,8269
202205,장항선,탕정,957,841,1798
202205,장항선,배방,1430,1382,2812
202205,장항선,봉명,1422,1410,2832
202205,장항선,신창,3307,2905,6212
202205,장항선,쌍용,3526,3218,6744
202205,장항선,아산,4597,3967,8564
202205,장항선,온양온천,4218,4426,8644
202205,장항선,탕정,1084,889,1973
202206,장항선,배방,998,1016,2014
202206,장항선,봉명,635,627,1262
202206,장항선,신창,1279,1376,2655
202206,장항선,쌍용,1656,1546,3202
202206,장항선,아산,2769,2380,5149
202206,장항선,온양온천,3516,3489,7005
202206,장항선,탕정,576,577,1153
202206,장항선,배방,1308,1272,2580
202206,장항선,봉명,1373,1351,2724
202206,장항선,신창,3172,2903,6075
202206,장항선,쌍용,3349,3071,6420
202206,장항선,아산,4062,3778,7840
202206,장항선,온양온천,3911,4018,7929
202206,장항선,탕정,991,816,1807
202206,장항선,배방,1442,1331,2773
202206,장항선,봉명,1422,1343,2765
202206,장항선,신창,2924,2136,5060
202206,장항선,쌍용,3138,2645,5783
202206,장항선,아산,4617,4611,9228
202206,장항선,온양온천,4246,4578,8824
202206,장항선,탕정,1063,860,1923
202206,장항선,배방,937,1014,1951
202206,장항선,봉명,611,574,1185
202206,장항선,신창,1153,1586,2739
202206,장항선,쌍용,1383,1554,2937
202206,장항선,아산,3692,2397,6089
202206,장항선,온양온천,3471,3449,6920
202206,장항선,탕정,593,641,1234
202206,장항선,배방,1240,1264,2504
202206,장항선,봉명,1439,1409,2848
202206,장항선,신창,3101,3300,6401
202206,장항선,쌍용,3281,3205,6486
202206,장항선,아산,4458,3608,8066
202206,장항선,온양온천,4225,4246,8471
202206,장항선,탕정,1006,913,1919
202206,장항선,배방,1274,1199,2473
202206,장항선,봉명,1421,1409,2830
202206,장항선,신창,3281,3149,6430
202206,장항선,쌍용,3352,3144,6496
202206,장항선,아산,3949,3530,7479
202206,장항선,온양온천,3943,4096,8039
202206,장항선,탕정,994,878,1872
202206,장항선,배방,1297,1276,2573
202206,장항선,봉명,1461,1396,2857
202206,장항선,신창,3583,3073,6656
202206,장항선,쌍용,3531,3239,6770
202206,장항선,아산,4134,3712,7846
202206,장항선,온양온천,5291,5454,10745
202206,장항선,탕정,1055,871,1926
202206,장항선,배방,1445,1336,2781
202206,장항선,봉명,1464,1417,2881
202206,장항선,신창,3363,2445,5808
202206,장항선,쌍용,3061,2621,5682
202206,장항선,아산,4674,4464,9138
202206,장항선,온양온천,4526,4659,9185
202206,장항선,탕정,1022,877,1899
202206,장항선,배방,1239,1230,2469
202206,장항선,봉명,1437,1365,2802
202206,장항선,신창,2549,2750,5299
202206,장항선,쌍용,3160,3072,6232
202206,장항선,아산,4227,3512,7739
202206,장항선,온양온천,4072,4163,8235
202206,장항선,탕정,967,874,1841
202206,장항선,배방,1274,1178,2452
202206,장항선,봉명,1469,1458,2927
202206,장항선,신창,2305,2240,4545
202206,장항선,쌍용,3436,3169,6605
202206,장항선,아산,4077,3583,7660
202206,장항선,온양온천,5270,5332,10602
202206,장항선,탕정,973,842,1815
202206,장항선,배방,1239,1184,2423
202206,장항선,봉명,1454,1432,2886
202206,장항선,신창,2417,2208,4625
202206,장항선,쌍용,3040,2848,5888
202206,장항선,아산,3786,3431,7217
202206,장항선,온양온천,3977,4129,8106
202206,장항선,탕정,983,824,1807
202206,장항선,배방,1269,1293,2562
202206,장항선,봉명,1504,1431,2935
202206,장항선,신창,2356,2081,4437
202206,장항선,쌍용,3160,2862,6022
202206,장항선,아산,3748,3496,7244
202206,장항선,온양온천,4074,4281,8355
202206,장항선,탕정,1019,880,1899
202206,장항선,배방,1505,1359,2864
202206,장항선,봉명,1521,1430,2951
202206,장항선,신창,2426,1773,4199
202206,장항선,쌍용,3255,2961,6216
202206,장항선,아산,4290,4525,8815
202206,장항선,온양온천,4356,4613,8969
202206,장항선,탕정,1101,902,2003
202206,장항선,배방,1275,1225,2500
202206,장항선,봉명,1426,1381,2807
202206,장항선,신창,1504,1598,3102
202206,장항선,쌍용,3115,2951,6066
202206,장항선,아산,3987,3254,7241
202206,장항선,온양온천,4017,4149,8166
202206,장항선,탕정,997,838,1835
202206,장항선,배방,1117,1164,2281
202206,장항선,봉명,1372,1351,2723
202206,장항선,신창,1421,1495,2916
202206,장항선,쌍용,2511,2202,4713
202206,장항선,아산,3424,2976,6400
202206,장항선,온양온천,3751,3924,7675
202206,장항선,탕정,965,851,1816
202206,장항선,배방,1244,1141,2385
202206,장항선,봉명,1414,1370,2784
202206,장항선,신창,1515,1518,3033
202206,장항선,쌍용,2368,2140,4508
202206,장항선,아산,3347,2984,6331
202206,장항선,온양온천,3797,3966,7763
202206,장항선,탕정,1019,915,1934
202206,장항선,배방,1113,1042,2155
202206,장항선,봉명,1301,1243,2544
202206,장항선,신창,1429,1396,2825
202206,장항선,쌍용,2104,1892,3996
202206,장항선,아산,3074,2833,5907
202206,장항선,온양온천,3361,3443,6804
202206,장항선,탕정,869,745,1614
202206,장항선,배방,1379,1326,2705
202206,장항선,봉명,1440,1382,2822
202206,장항선,신창,1791,1456,3247
202206,장항선,쌍용,2452,2299,4751
202206,장항선,아산,3984,4143,8127
202206,장항선,온양온천,5049,5277,10326
202206,장항선,탕정,1053,918,1971
202206,장항선,배방,1108,1105,2213
202206,장항선,봉명,1356,1352,2708
202206,장항선,신창,1433,1471,2904
202206,장항선,쌍용,2095,1963,4058
202206,장항선,아산,3275,2959,6234
202206,장항선,온양온천,3621,3701,7322
202206,장항선,탕정,882,808,1690
202206,장항선,배방,1131,1075,2206
202206,장항선,봉명,1305,1288,2593
202206,장항선,신창,1308,1300,2608
202206,장항선,쌍용,2160,1946,4106
202206,장항선,아산,2973,2777,5750
202206,장항선,온양온천,3471,3567,7038
202206,장항선,탕정,917,846,1763
202206,장항선,배방,1097,1034,2131
202206,장항선,봉명,1371,1398,2769
202206,장항선,신창,1290,1253,2543
202206,장항선,쌍용,2092,1998,4090
202206,장항선,아산,3031,2664,5695
202206,장항선,온양온천,4197,4303,8500
202206,장항선,탕정,865,749,1614
202206,장항선,배방,1062,1054,2116
202206,장항선,봉명,1346,1293,2639
202206,장항선,신창,1277,1290,2567
202206,장항선,쌍용,1979,1884,3863
202206,장항선,아산,2951,2789,5740
202206,장항선,온양온천,3253,3418,6671
202206,장항선,탕정,929,825,1754
202207,장항선,배방,1306,1182,2488
202207,장항선,봉명,1452,1373,2825
202207,장항선,신창,1664,1368,3032
202207,장항선,쌍용,2276,2040,4316
202207,장항선,아산,3418,3892,7310
202207,장항선,온양온천,4116,4216,8332
202207,장항선,탕정,1016,892,1908
202207,장항선,배방,1193,1176,2369
202207,장항선,봉명,1422,1367,2789
202207,장항선,신창,1311,1453,2764
202207,장항선,쌍용,2232,2069,4301
202207,장항선,아산,3256,2840,6096
202207,장항선,온양온천,4822,4977,9799
202207,장항선,탕정,891,850,1741
202207,장항선,배방,1141,1098,2239
202207,장항선,봉명,1421,1369,2790
202207,장항선,신창,1334,1336,2670
202207,장항선,쌍용,2097,1995,4092
202207,장항선,아산,2935,2643,5578
202207,장항선,온양온천,3620,3738,7358
202207,장항선,탕정,951,869,1820
202207,장항선,배방,1161,1087,2248
202207,장항선,봉명,1368,1378,2746
202207,장항선,신창,1341,1270,2611
202207,장항선,쌍용,2052,1921,3973
202207,장항선,아산,2933,2728,5661
202207,장항선,온양온천,3535,3571,7106
202207,장항선,탕정,927,793,1720
202207,장항선,배방,1088,1066,2154
202207,장항선,봉명,1385,1293,2678
202207,장항선,신창,1325,1286,2611
202207,장항선,쌍용,2105,1974,4079
202207,장항선,아산,2920,2723,5643
202207,장항선,온양온천,3480,3694,7174
202207,장항선,탕정,906,789,1695
202207,장항선,배방,1286,1169,2455
202207,장항선,봉명,1347,1297,2644
202207,장항선,신창,1592,1300,2892
202207,장항선,쌍용,2305,2052,4357
202207,장항선,아산,3661,3849,7510
202207,장항선,온양온천,3849,4056,7905
202207,장항선,탕정,1045,896,1941
202207,장항선,배방,1032,1037,2069
202207,장항선,봉명,1396,1389,2785
202207,장항선,신창,1337,1438,2775
202207,장항선,쌍용,2049,1918,3967
202207,장항선,아산,3080,2721,5801
202207,장항선,온양온천,3557,3624,7181
202207,장항선,탕정,862,822,1684
202207,장항선,배방,1130,1065,2195
202207,장항선,봉명,1525,1476,3001
202207,장항선,신창,1333,1320,2653
202207,장항선,쌍용,2114,1992,4106
202207,장항선,아산,3047,2688,5735
202207,장항선,온양온천,3560,3741,7301
202207,장항선,탕정,929,803,1732
202207,장항선,배방,1020,937,1957
202207,장항선,봉명,1315,1237,2552
202207,장항선,신창,1107,1104,2211
202207,장항선,쌍용,1873,1730,3603
202207,장항선,아산,2908,2535,5443
202207,장항선,온양온천,3072,3089,6161
202207,장항선,탕정,825,722,1547
202207,장항선,배방,1139,1132,2271
202207,장항선,봉명,1416,1385,2801
202207,장항선,신창,1225,1164,2389
202207,장항선,쌍용,2146,1965,4111
202207,장항선,아산,3002,2834,5836
202207,장항선,온양온천,4351,4508,8859
202207,장항선,탕정,957,864,1821
202207,장항선,배방,1319,1197,2516
202207,장항선,봉명,1411,1371,2782
202207,장항선,신창,1525,1305,2830
202207,장항선,쌍용,2174,2004,4178
202207,장항선,아산,3766,3870,7636
202207,장항선,온양온천,4141,4158,8299
202207,장항선,탕정,1017,879,1896
202207,장항선,배방,1072,1076,2148
202207,장항선,봉명,1297,1275,2572
202207,장항선,신창,1162,1216,2378
202207,장항선,쌍용,1955,1867,3822
202207,장항선,아산,3055,2695,5750
202207,장항선,온양온천,3443,3546,6989
202207,장항선,탕정,901,839,1740
202207,장항선,배방,1196,1153,2349
202207,장항선,봉명,1465,1434,2899
202207,장항선,신창,1283,1305,2588
202207,장항선,쌍용,2222,2076,4298
202207,장항선,아산,3057,2813,5870
202207,장항선,온양온천,4950,5028,9978
202207,장항선,탕정,1019,905,1924
202207,장항선,배방,1121,1049,2170
202207,장항선,봉명,1424,1369,2793
202207,장항선,신창,1263,1218,2481
202207,장항선,쌍용,2088,1910,3998
202207,장항선,아산,3039,2781,5820
202207,장항선,온양온천,3616,3787,7403
202207,장항선,탕정,983,870,1853
202207,장항선,배방,1045,974,2019
202207,장항선,봉명,1221,1194,2415
202207,장항선,신창,1057,990,2047
202207,장항선,쌍용,1908,1797,3705
202207,장항선,아산,2920,2746,5666
202207,장항선,온양온천,3344,3349,6693
202207,장항선,탕정,885,790,1675
202207,장항선,배방,1230,1213,2443
202207,장항선,봉명,1348,1276,2624
202207,장항선,신창,1356,1226,2582
202207,장항선,쌍용,2126,1981,4107
202207,장항선,아산,3645,3729,7374
202207,장항선,온양온천,3888,3958,7846
202207,장항선,탕정,984,877,1861
202207,장항선,배방,1141,1105,2246
202207,장항선,봉명,1225,1229,2454
202207,장항선,신창,1118,1159,2277
202207,장항선,쌍용,2057,1886,3943
202207,장항선,아산,3193,2746,5939
202207,장항선,온양온천,3691,3836,7527
202207,장항선,탕정,931,875,1806
202207,장항선,배방,1082,1043,2125
202207,장항선,봉명,1242,1214,2456
202207,장항선,신창,1074,1086,2160
202207,장항선,쌍용,2065,1854,3919
202207,장항선,아산,3065,2741,5806
202207,장항선,온양온천,3515,3664,7179
202207,장항선,탕정,890,785,1675
202207,장항선,배방,1052,1040,2092
202207,장항선,봉명,1335,1317,2652
202207,장항선,신창,1168,1122,2290
202207,장항선,쌍용,2114,1885,3999
202207,장항선,아산,3159,2813,5972
202207,장항선,온양온천,3533,3600,7133
202207,장항선,탕정,862,803,1665
202207,장항선,배방,1123,1051,2174
202207,장항선,봉명,1388,1326,2714
202207,장항선,신창,1065,1023,2088
202207,장항선,쌍용,1953,1788,3741
202207,장항선,아산,2927,2817,5744
202207,장항선,온양온천,3478,3541,7019
202207,장항선,탕정,886,778,1664
202207,장항선,배방,1307,1216,2523
202207,장항선,봉명,1359,1282,2641
202207,장항선,신창,1362,1181,2543
202207,장항선,쌍용,2157,2013,4170
202207,장항선,아산,3629,3883,7512
202207,장항선,온양온천,5372,5407,10779
202207,장항선,탕정,969,869,1838
202208,장항선,배방,978,954,1932
202208,장항선,봉명,1161,1152,2313
202208,장항선,신창,1147,1223,2370
202208,장항선,쌍용,1823,1674,3497
202208,장항선,아산,3359,2828,6187
202208,장항선,온양온천,3760,3680,7440
202208,장항선,탕정,757,714,1471
202208,장항선,배방,977,954,1931
202208,장항선,봉명,1153,1134,2287
202208,장항선,신창,1112,1092,2204
202208,장항선,쌍용,1736,1632,3368
202208,장항선,아산,3220,2703,5923
202208,장항선,온양온천,3509,3617,7126
202208,장항선,탕정,789,747,1536
202208,장항선,배방,994,926,1920
202208,장항선,봉명,1179,1194,2373
202208,장항선,신창,1134,1079,2213
202208,장항선,쌍용,1744,1622,3366
202208,장항선,아산,3173,2744,5917
202208,장항선,온양온천,3381,3585,6966
202208,장항선,탕정,768,681,1449
202208,장항선,배방,1037,991,2028
202208,장항선,봉명,1292,1208,2500
202208,장항선,신창,1114,1095,2209
202208,장항선,쌍용,1971,1857,3828
202208,장항선,아산,3089,2662,5751
202208,장항선,온양온천,4630,4755,9385
202208,장항선,탕정,836,744,1580
202208,장항선,배방,1102,1000,2102
202208,장항선,봉명,1185,1128,2313
202208,장항선,신창,1233,1064,2297
202208,장항선,쌍용,1876,1664,3540
202208,장항선,아산,3384,3326,6710
202208,장항선,온양온천,3655,3911,7566
202208,장항선,탕정,860,775,1635
202208,장항선,배방,995,837,1832
202208,장항선,봉명,1278,1243,2521
202208,장항선,신창,989,1012,2001
202208,장항선,쌍용,1779,1600,3379
202208,장항선,아산,2728,2541,5269
202208,장항선,온양온천,3124,3019,6143
202208,장항선,탕정,786,667,1453
202208,장항선,배방,891,861,1752
202208,장항선,봉명,1243,1238,2481
202208,장항선,신창,960,929,1889
202208,장항선,쌍용,1744,1638,3382
202208,장항선,아산,2604,2348,4952
202208,장항선,온양온천,3428,3558,6986
202208,장항선,탕정,769,721,1490
202208,장항선,배방,847,828,1675
202208,장항선,봉명,1273,1254,2527
202208,장항선,신창,952,948,1900
202208,장항선,쌍용,1684,1571,3255
202208,장항선,아산,2724,2496,5220
202208,장항선,온양온천,2866,2927,5793
202208,장항선,탕정,755,667,1422
202208,장항선,배방,856,854,1710
202208,장항선,봉명,1292,1177,2469
202208,장항선,신창,1059,966,2025
202208,장항선,쌍용,1735,1645,3380
202208,장항선,아산,2719,2506,5225
202208,장항선,온양온천,2934,3005,5939
202208,장항선,탕정,750,711,1461
202208,장항선,배방,1200,1205,2405
202208,장항선,봉명,1327,1267,2594
202208,장항선,신창,1326,1102,2428
202208,장항선,쌍용,2037,1777,3814
202208,장항선,아산,3697,3867,7564
202208,장항선,온양온천,3872,4078,7950
202208,장항선,탕정,968,895,1863
202208,장항선,배방,805,880,1685
202208,장항선,봉명,526,537,1063
202208,장항선,신창,900,903,1803
202208,장항선,쌍용,1247,1197,2444
202208,장항선,아산,3238,2052,5290
202208,장항선,온양온천,3072,3017,6089
202208,장항선,탕정,592,619,1211
202208,장항선,배방,1037,1033,2070
202208,장항선,봉명,1293,1267,2560
202208,장항선,신창,1085,1134,2219
202208,장항선,쌍용,1940,1744,3684
202208,장항선,아산,3226,2652,5878
202208,장항선,온양온천,3501,3573,7074
202208,장항선,탕정,899,806,1705
202208,장항선,배방,1023,1078,2101
202208,장항선,봉명,1314,1310,2624
202208,장항선,신창,1109,1054,2163
202208,장항선,쌍용,1940,1843,3783
202208,장항선,아산,2957,2695,5652
202208,장항선,온양온천,3469,3413,6882
202208,장항선,탕정,896,822,1718
202208,장항선,배방,1044,980,2024
202208,장항선,봉명,1268,1189,2457
202208,장항선,신창,1232,1159,2391
202208,장항선,쌍용,1939,1822,3761
202208,장항선,아산,3099,2793,5892
202208,장항선,온양온천,3265,3447,6712
202208,장항선,탕정,924,822,1746
202208,장항선,배방,1237,1112,2349
202208,장항선,봉명,1390,1348,2738
202208,장항선,신창,1280,1101,2381
202208,장항선,쌍용,2116,1974,4090
202208,장항선,아산,3514,3601,7115
202208,장항선,온양온천,5153,5330,10483
202208,장항선,탕정,1057,881,1938
202208,장항선,배방,1060,965,2025
202208,장항선,봉명,1341,1298,2639
202208,장항선,신창,1159,1159,2318
202208,장항선,쌍용,1983,1853,3836
202208,장항선,아산,2927,2718,5645
202208,장항선,온양온천,3568,3531,7099
202208,장항선,탕정,884,833,1717
202208,장항선,배방,979,958,1937
202208,장항선,봉명,1284,1221,2505
202208,장항선,신창,1130,1165,2295
202208,장항선,쌍용,1912,1800,3712
202208,장항선,아산,2827,2546,5373
202208,장항선,온양온천,3224,3338,6562
202208,장항선,탕정,944,848,1792
202208,장항선,배방,1155,1072,2227
202208,장항선,봉명,1395,1385,2780
202208,장항선,신창,1232,1229,2461
202208,장항선,쌍용,2224,2107,4331
202208,장항선,아산,3007,2709,5716
202208,장항선,온양온천,5045,5150,10195
202208,장항선,탕정,946,867,1813
202208,장항선,배방,1036,1006,2042
202208,장항선,봉명,1352,1275,2627
202208,장항선,신창,1219,1234,2453
202208,장항선,쌍용,2027,1882,3909
202208,장항선,아산,3026,2790,5816
202208,장항선,온양온천,3475,3539,7014
202208,장항선,탕정,1015,931,1946
202208,장항선,배방,1286,1172,2458
202208,장항선,봉명,1427,1319,2746
202208,장항선,신창,1603,1497,3100
202208,장항선,쌍용,2217,2078,4295
202208,장항선,아산,3840,3704,7544
202208,장항선,온양온천,4046,4199,8245
202208,장항선,탕정,1063,982,2045
202208,장항선,배방,1241,1138,2379
202208,장항선,봉명,1400,1378,2778
202208,장항선,신창,2854,3132,5986
202208,장항선,쌍용,2404,2217,4621
202208,장항선,아산,3921,3302,7223
202208,장항선,온양온천,5665,5669,11334
202208,장항선,탕정,1018,945,1963
202208,장항선,배방,939,943,1882
202208,장항선,봉명,1167,1127,2294
202208,장항선,신창,2808,2624,5432
202208,장항선,쌍용,1875,1790,3665
202208,장항선,아산,3332,2765,6097
202208,장항선,온양온천,3109,3152,6261
202208,장항선,탕정,843,812,1655
202208,장항선,배방,1191,1087,2278
202208,장항선,봉명,1434,1355,2789
202208,장항선,신창,3020,2987,6007
202208,장항선,쌍용,2156,2223,4379
202208,장항선,아산,3859,3323,7182
202208,장항선,온양온천,3778,3811,7589
202208,장항선,탕정,1038,972,2010
202209,장항선,배방,1214,1174,2388
202209,장항선,봉명,1483,1390,2873
202209,장항선,신창,3619,3007,6626
202209,장항선,쌍용,3250,3036,6286
202209,장항선,아산,4284,3728,8012
202209,장항선,온양온천,3979,4073,8052
202209,장항선,탕정,1113,967,2080
202209,장항선,배방,1363,1281,2644
202209,장항선,봉명,1364,1346,2710
202209,장항선,신창,3760,2270,6030
202209,장항선,쌍용,2976,2603,5579
202209,장항선,아산,4769,4320,9089
202209,장항선,온양온천,4233,4462,8695
202209,장항선,탕정,1186,1026,2212
202209,장항선,배방,1056,994,2050
202209,장항선,봉명,1362,1328,2690
202209,장항선,신창,2760,3287,6047
202209,장항선,쌍용,2862,2886,5748
202209,장항선,아산,3957,3259,7216
202209,장항선,온양온천,3295,3315,6610
202209,장항선,탕정,857,752,1609
202209,장항선,배방,994,1006,2000
202209,장항선,봉명,1293,1264,2557
202209,장항선,신창,2599,2543,5142
202209,장항선,쌍용,2508,2340,4848
202209,장항선,아산,2798,2534,5332
202209,장항선,온양온천,3360,3446,6806
202209,장항선,탕정,823,819,1642
202209,장항선,배방,1306,1218,2524
202209,장항선,봉명,1522,1492,3014
202209,장항선,신창,3295,3036,6331
202209,장항선,쌍용,3361,3019,6380
202209,장항선,아산,4156,4241,8397
202209,장항선,온양온천,4194,4346,8540
202209,장항선,탕정,1128,979,2107
202209,장항선,배방,1598,1574,3172
202209,장항선,봉명,1479,1333,2812
202209,장항선,신창,5422,3343,8765
202209,장항선,쌍용,3789,3371,7160
202209,장항선,아산,5996,6501,12497
202209,장항선,온양온천,4613,5493,10106
202209,장항선,탕정,1352,1138,2490
202209,장항선,배방,920,1056,1976
202209,장항선,봉명,619,572,1191
202209,장항선,신창,1805,1864,3669
202209,장항선,쌍용,1589,1442,3031
202209,장항선,아산,2871,3597,6468
202209,장항선,온양온천,4423,5425,9848
202209,장항선,탕정,733,554,1287
202209,장항선,배방,1007,1174,2181
202209,장항선,봉명,834,893,1727
202209,장항선,신창,1383,3027,4410
202209,장항선,쌍용,1483,1749,3232
202209,장항선,아산,5083,2973,8056
202209,장항선,온양온천,4494,4022,8516
202209,장항선,탕정,746,803,1549
202209,장항선,배방,1232,1261,2493
202209,장항선,봉명,1506,1453,2959
202209,장항선,신창,3199,3730,6929
202209,장항선,쌍용,3220,3190,6410
202209,장항선,아산,5190,3655,8845
202209,장항선,온양온천,4238,4334,8572
202209,장항선,탕정,1089,991,2080
202209,장항선,배방,1234,1179,2413
202209,장항선,봉명,1628,1566,3194
202209,장항선,신창,3089,3072,6161
202209,장항선,쌍용,3307,3083,6390
202209,장항선,아산,4097,3519,7616
202209,장항선,온양온천,5136,5339,10475
202209,장항선,탕정,1129,985,2114
202209,장항선,배방,1256,1227,2483
202209,장항선,봉명,1594,1495,3089
202209,장항선,신창,3650,3089,6739
202209,장항선,쌍용,3300,3014,6314
202209,장항선,아산,4304,3849,8153
202209,장항선,온양온천,4015,4159,8174
202209,장항선,탕정,1193,962,2155
202209,장항선,배방,1367,1264,2631
202209,장항선,봉명,1515,1355,2870
202209,장항선,신창,3742,2306,6048
202209,장항선,쌍용,3019,2588,5607
202209,장항선,아산,4862,4472,9334
202209,장항선,온양온천,4169,4552,8721
202209,장항선,탕정,1212,1034,2246
202209,장항선,배방,1283,1286,2569
202209,장항선,봉명,1579,1542,3121
202209,장항선,신창,3122,3671,6793
202209,장항선,쌍용,3261,3333,6594
202209,장항선,아산,4441,3763,8204
202209,장항선,온양온천,5530,5573,11103
202209,장항선,탕정,1124,975,2099
202209,장항선,배방,1266,1234,2500
202209,장항선,봉명,1491,1493,2984
202209,장항선,신창,3190,3106,6296
202209,장항선,쌍용,3313,3198,6511
202209,장항선,아산,4162,3567,7729
202209,장항선,온양온천,4048,4144,8192
202209,장항선,탕정,1161,1085,2246
202209,장항선,배방,1303,1238,2541
202209,장항선,봉명,1501,1493,2994
202209,장항선,신창,3163,3095,6258
202209,장항선,쌍용,3125,2960,6085
202209,장항선,아산,4225,3691,7916
202209,장항선,온양온천,4121,4154,8275
202209,장항선,탕정,1132,949,2081
202209,장항선,배방,1289,1261,2550
202209,장항선,봉명,1537,1514,3051
202209,장항선,신창,3756,3018,6774
202209,장항선,쌍용,3305,2948,6253
202209,장항선,아산,4554,3991,8545
202209,장항선,온양온천,4132,4229,8361
202209,장항선,탕정,1176,1018,2194
202209,장항선,배방,1484,1435,2919
202209,장항선,봉명,1552,1428,2980
202209,장항선,신창,4131,2426,6557
202209,장항선,쌍용,3045,2854,5899
202209,장항선,아산,5283,5115,10398
202209,장항선,온양온천,4491,4826,9317
202209,장항선,탕정,1311,1146,2457
202209,장항선,배방,1342,1289,2631
202209,장항선,봉명,1513,1502,3015
202209,장항선,신창,3128,3742,6870
202209,장항선,쌍용,3148,3184,6332
202209,장항선,아산,4578,3801,8379
202209,장항선,온양온천,4313,4391,8704
202209,장항선,탕정,1134,1032,2166
202209,장항선,배방,1344,1251,2595
202209,장항선,봉명,1574,1519,3093
202209,장항선,신창,3227,3495,6722
202209,장항선,쌍용,3330,3161,6491
202209,장항선,아산,4210,3629,7839
202209,장항선,온양온천,4179,4327,8506
202209,장항선,탕정,1175,988,2163
202209,장항선,배방,1336,1279,2615
202209,장항선,봉명,1592,1474,3066
202209,장항선,신창,3295,3180,6475
202209,장항선,쌍용,3277,3076,6353
202209,장항선,아산,4204,3664,7868
202209,장항선,온양온천,4074,4297,8371
202209,장항선,탕정,1154,983,2137
202209,장항선,배방,1373,1333,2706
202209,장항선,봉명,1605,1613,3218
202209,장항선,신창,3926,3586,7512
202209,장항선,쌍용,3640,3210,6850
202209,장항선,아산,4578,4031,8609
202209,장항선,온양온천,6094,6258,12352
202209,장항선,탕정,1220,995,2215
202209,장항선,배방,1462,1426,2888
202209,장항선,봉명,1611,1485,3096
202209,장항선,신창,4440,2207,6647
202209,장항선,쌍용,3145,2751,5896
202209,장항선,아산,5327,5212,10539
202209,장항선,온양온천,4591,4947,9538
202209,장항선,탕정,1324,1103,2427
202210,장항선,배방,856,954,1810
202210,장항선,봉명,644,618,1262
202210,장항선,신창,1117,2197,3314
202210,장항선,쌍용,1451,1709,3160
202210,장항선,아산,4121,2601,6722
202210,장항선,온양온천,3535,3346,6881
202210,장항선,탕정,639,722,1361
202210,장항선,배방,1305,1314,2619
202210,장항선,봉명,1525,1545,3070
202210,장항선,신창,2962,3459,6421
202210,장항선,쌍용,3331,3311,6642
202210,장항선,아산,4634,3765,8399
202210,장항선,온양온천,5292,5300,10592
202210,장항선,탕정,1123,1024,2147
202210,장항선,배방,1320,1291,2611
202210,장항선,봉명,1476,1446,2922
202210,장항선,신창,3001,2912,5913
202210,장항선,쌍용,3223,2985,6208
202210,장항선,아산,4071,3621,7692
202210,장항선,온양온천,4133,4319,8452
202210,장항선,탕정,1215,1057,2272
202210,장항선,배방,1336,1282,2618
202210,장항선,봉명,1520,1425,2945
202210,장항선,신창,3618,2911,6529
202210,장항선,쌍용,3475,3064,6539
202210,장항선,아산,4367,3980,8347
202210,장항선,온양온천,4160,4362,8522
202210,장항선,탕정,1287,1096,2383
202210,장항선,배방,1385,1404,2789
202210,장항선,봉명,1579,1402,2981
202210,장항선,신창,3629,2278,5907
202210,장항선,쌍용,3122,2702,5824
202210,장항선,아산,5241,4895,10136
202210,장항선,온양온천,4603,4907,9510
202210,장항선,탕정,1367,1085,2452
202210,장항선,배방,839,907,1746
202210,장항선,봉명,581,623,1204
202210,장항선,신창,1120,2093,3213
202210,장항선,쌍용,1477,1660,3137
202210,장항선,아산,3976,2568,6544
202210,장항선,온양온천,3778,3564,7342
202210,장항선,탕정,640,679,1319
202210,장항선,배방,1314,1215,2529
202210,장항선,봉명,1543,1461,3004
202210,장항선,신창,2957,3260,6217
202210,장항선,쌍용,3151,3064,6215
202210,장항선,아산,4484,3575,8059
202210,장항선,온양온천,4326,4363,8689
202210,장항선,탕정,1138,1019,2157
202210,장항선,배방,1317,1221,2538
202210,장항선,봉명,1500,1440,2940
202210,장항선,신창,2832,2820,5652
202210,장항선,쌍용,3230,2987,6217
202210,장항선,아산,4059,3377,7436
202210,장항선,온양온천,4159,4324,8483
202210,장항선,탕정,1126,1015,2141
202210,장항선,배방,1275,1217,2492
202210,장항선,봉명,1543,1500,3043
202210,장항선,신창,3319,2745,6064
202210,장항선,쌍용,3291,3000,6291
202210,장항선,아산,4335,3721,8056
202210,장항선,온양온천,4127,4321,8448
202210,장항선,탕정,1246,1051,2297
202210,장항선,배방,1400,1406,2806
202210,장항선,봉명,1615,1496,3111
202210,장항선,신창,3034,2151,5185
202210,장항선,쌍용,3249,2868,6117
202210,장항선,아산,5065,4592,9657
202210,장항선,온양온천,6302,6620,12922
202210,장항선,탕정,1346,1150,2496
202210,장항선,배방,1238,1278,2516
202210,장항선,봉명,1480,1426,2906
202210,장항선,신창,2735,3038,5773
202210,장항선,쌍용,3106,3070,6176
202210,장항선,아산,4233,3622,7855
202210,장항선,온양온천,4242,4236,8478
202210,장항선,탕정,1137,1042,2179
202210,장항선,배방,1180,1191,2371
202210,장항선,봉명,1457,1438,2895
202210,장항선,신창,2930,2679,5609
202210,장항선,쌍용,3278,3006,6284
202210,장항선,아산,3923,3417,7340
202210,장항선,온양온천,4089,4235,8324
202210,장항선,탕정,1191,1064,2255
202210,장항선,배방,1342,1242,2584
202210,장항선,봉명,1563,1556,3119
202210,장항선,신창,2853,2547,5400
202210,장항선,쌍용,3317,3105,6422
202210,장항선,아산,4076,3672,7748
202210,장항선,온양온천,5908,5973,11881
202210,장항선,탕정,1205,1060,2265
202210,장항선,배방,1243,1235,2478
202210,장항선,봉명,1476,1386,2862
202210,장항선,신창,3585,2573,6158
202210,장항선,쌍용,3348,3002,6350
202210,장항선,아산,4473,3984,8457
202210,장항선,온양온천,4165,4381,8546
202210,장항선,탕정,1207,1028,2235
202210,장항선,배방,1401,1300,2701
202210,장항선,봉명,1546,1440,2986
202210,장항선,신창,3667,2127,5794
202210,장항선,쌍용,2976,2647,5623
202210,장항선,아산,5148,4922,10070
202210,장항선,온양온천,4586,4961,9547
202210,장항선,탕정,1344,1124,2468
202210,장항선,배방,1312,1262,2574
202210,장항선,봉명,1554,1492,3046
202210,장항선,신창,3022,3720,6742
202210,장항선,쌍용,3385,3377,6762
202210,장항선,아산,4677,3757,8434
202210,장항선,온양온천,6049,6045,12094
202210,장항선,탕정,1221,1103,2324
202210,장항선,배방,1224,1195,2419
202210,장항선,봉명,1553,1473,3026
202210,장항선,신창,3125,3071,6196
202210,장항선,쌍용,3165,3067,6232
202210,장항선,아산,4124,3451,7575
202210,장항선,온양온천,4296,4479,8775
202210,장항선,탕정,1186,1059,2245
202210,장항선,배방,1294,1259,2553
202210,장항선,봉명,1507,1427,2934
202210,장항선,신창,3122,2949,6071
202210,장항선,쌍용,3214,3098,6312
202210,장항선,아산,4158,3714,7872
202210,장항선,온양온천,4265,4385,8650
202210,장항선,탕정,1182,1055,2237
202210,장항선,배방,1302,1356,2658
202210,장항선,봉명,1458,1481,2939
202210,장항선,신창,3710,2862,6572
202210,장항선,쌍용,3323,3035,6358
202210,장항선,아산,4890,4094,8984
202210,장항선,온양온천,4349,4494,8843
202210,장항선,탕정,1315,1094,2409
202210,장항선,배방,1586,1471,3057
202210,장항선,봉명,1554,1456,3010
202210,장항선,신창,4080,2392,6472
202210,장항선,쌍용,3303,2764,6067
202210,장항선,아산,5573,4851,10424
202210,장항선,온양온천,4627,5043,9670
202210,장항선,탕정,1300,1166,2466
202210,장항선,배방,1307,1277,2584
202210,장항선,봉명,1523,1481,3004
202210,장항선,신창,3033,3732,6765
202210,장항선,쌍용,3259,3312,6571
202210,장항선,아산,4603,3906,8509
202210,장항선,온양온천,4521,4510,9031
202210,장항선,탕정,1224,1100,2324
202211,장항선,배방,1281,1212,2493
202211,장항선,봉명,1476,1389,2865
202211,장항선,신창,3047,2967,6014
202211,장항선,쌍용,3281,3124,6405
202211,장항선,아산,4043,3579,7622
202211,장항선,온양온천,4235,4340,8575
202211,장항선,탕정,1197,1054,2251
202211,장항선,배방,1373,1219,2592
202211,장항선,봉명,1457,1470,2927
202211,장항선,신창,2984,2915,5899
202211,장항선,쌍용,3235,3018,6253
202211,장항선,아산,4418,3628,8046
202211,장항선,온양온천,4248,4370,8618
202211,장항선,탕정,1186,1039,2225
202211,장항선,배방,1341,1284,2625
202211,장항선,봉명,1398,1399,2797
202211,장항선,신창,3643,2775,6418
202211,장항선,쌍용,3327,2999,6326
202211,장항선,아산,4097,3833,7930
202211,장항선,온양온천,4235,4359,8594
202211,장항선,탕정,1268,1106,2374
202211,장항선,배방,1445,1469,2914
202211,장항선,봉명,1570,1428,2998
202211,장항선,신창,3812,2230,6042
202211,장항선,쌍용,3239,2795,6034
202211,장항선,아산,4565,4723,9288
202211,장항선,온양온천,6251,6571,12822
202211,장항선,탕정,1367,1169,2536
202211,장항선,배방,1180,1165,2345
202211,장항선,봉명,1324,1275,2599
202211,장항선,신창,2744,3266,6010
202211,장항선,쌍용,2802,2861,5663
202211,장항선,아산,4464,3850,8314
202211,장항선,온양온천,4353,4448,8801
202211,장항선,탕정,1082,960,2042
202211,장항선,배방,1176,1176,2352
202211,장항선,봉명,1438,1432,2870
202211,장항선,신창,2904,2844,5748
202211,장항선,쌍용,3222,3056,6278
202211,장항선,아산,4157,3481,7638
202211,장항선,온양온천,4275,4323,8598
202211,장항선,탕정,1232,1089,2321
202211,장항선,배방,1366,1242,2608
202211,장항선,봉명,1583,1548,3131
202211,장항선,신창,2886,2765,5651
202211,장항선,쌍용,3326,3149,6475
202211,장항선,아산,4286,3739,8025
202211,장항선,온양온천,5806,6050,11856
202211,장항선,탕정,1245,1111,2356
202211,장항선,배방,1319,1331,2650
202211,장항선,봉명,1439,1408,2847
202211,장항선,신창,3542,2712,6254
202211,장항선,쌍용,3315,3004,6319
202211,장항선,아산,4428,4076,8504
202211,장항선,온양온천,4391,4647,9038
202211,장항선,탕정,1312,1113,2425
202211,장항선,배방,1418,1403,2821
202211,장항선,봉명,1479,1366,2845
202211,장항선,신창,3814,2214,6028
202211,장항선,쌍용,3065,2714,5779
202211,장항선,아산,5434,5130,10564
202211,장항선,온양온천,4697,5190,9887
202211,장항선,탕정,1307,1139,2446
202211,장항선,배방,1280,1244,2524
202211,장항선,봉명,1521,1496,3017
202211,장항선,신창,2952,3585,6537
202211,장항선,쌍용,3290,3303,6593
202211,장항선,아산,4705,3906,8611
202211,장항선,온양온천,5500,5590,11090
202211,장항선,탕정,1203,1090,2293
202211,장항선,배방,1287,1168,2455
202211,장항선,봉명,1459,1386,2845
202211,장항선,신창,3047,2950,5997
202211,장항선,쌍용,3090,2967,6057
202211,장항선,아산,4184,3559,7743
202211,장항선,온양온천,4106,4222,8328
202211,장항선,탕정,1157,1023,2180
202211,장항선,배방,1332,1285,2617
202211,장항선,봉명,1417,1397,2814
202211,장항선,신창,3085,2866,5951
202211,장항선,쌍용,3126,2896,6022
202211,장항선,아산,4142,3709,7851
202211,장항선,온양온천,4280,4431,8711
202211,장항선,탕정,1232,1085,2317
202211,장항선,배방,1352,1331,2683
202211,장항선,봉명,1461,1353,2814
202211,장항선,신창,3617,2845,6462
202211,장항선,쌍용,3298,3026,6324
202211,장항선,아산,4471,4161,8632
202211,장항선,온양온천,4328,4483,8811
202211,장항선,탕정,1309,1148,2457
202211,장항선,배방,1437,1415,2852
202211,장항선,봉명,1442,1373,2815
202211,장항선,신창,3696,2304,6000
202211,장항선,쌍용,2980,2591,5571
202211,장항선,아산,5478,5032,10510
202211,장항선,온양온천,4506,5086,9592
202211,장항선,탕정,1398,1140,2538
202211,장항선,배방,1327,1258,2585
202211,장항선,봉명,1517,1504,3021
202211,장항선,신창,2866,3568,6434
202211,장항선,쌍용,3158,3190,6348
202211,장항선,아산,4765,3817,8582
202211,장항선,온양온천,4514,4551,9065
202211,장항선,탕정,1198,1116,2314
202211,장항선,배방,1193,1179,2372
202211,장항선,봉명,1406,1389,2795
202211,장항선,신창,2908,2814,5722
202211,장항선,쌍용,3124,3047,6171
202211,장항선,아산,4065,3443,7508
202211,장항선,온양온천,4076,4186,8262
202211,장항선,탕정,1153,1075,2228
202211,장항선,배방,1291,1228,2519
202211,장항선,봉명,1454,1422,2876
202211,장항선,신창,2972,2818,5790
202211,장항선,쌍용,3104,2899,6003
202211,장항선,아산,4186,3582,7768
202211,장항선,온양온천,4137,4310,8447
202211,장항선,탕정,1238,1122,2360
202211,장항선,배방,1266,1216,2482
202211,장항선,봉명,1474,1392,2866
202211,장항선,신창,3474,2797,6271
202211,장항선,쌍용,3334,3067,6401
202211,장항선,아산,4546,4099,8645
202211,장항선,온양온천,5449,5753,11202
202211,장항선,탕정,1353,1140,2493
202211,장항선,배방,1339,1347,2686
202211,장항선,봉명,1369,1380,2749
202211,장항선,신창,3514,2336,5850
202211,장항선,쌍용,3065,2737,5802
202211,장항선,아산,5414,4879,10293
202211,장항선,온양온천,4453,4980,9433
202211,장항선,탕정,1389,1155,2544
202211,장항선,배방,1109,1027,2136
202211,장항선,봉명,1295,1267,2562
202211,장항선,신창,2715,3209,5924
202211,장항선,쌍용,2790,2850,5640
202211,장항선,아산,4540,3541,8081
202211,장항선,온양온천,3942,4074,8016
202211,장항선,탕정,1069,996,2065
202211,장항선,배방,1084,1086,2170
202211,장항선,봉명,1406,1330,2736
202211,장항선,신창,2853,2714,5567
202211,장항선,쌍용,3102,2981,6083
202211,장항선,아산,3988,3271,7259
202211,장항선,온양온천,4585,4819,9404
202211,장항선,탕정,1125,996,2121
202211,장항선,배방,1009,971,1980
202211,장항선,봉명,1157,1161,2318
202211,장항선,신창,2518,2371,4889
202211,장항선,쌍용,2625,2499,5124
202211,장항선,아산,3667,3111,6778
202211,장항선,온양온천,3452,3534,6986
202211,장항선,탕정,1012,893,1905
202212,장항선,배방,1004,1043,2047
202212,장항선,봉명,1225,1210,2435
202212,장항선,신창,2990,2488,5478
202212,장항선,쌍용,2895,2684,5579
202212,장항선,아산,3782,3337,7119
202212,장항선,온양온천,3559,3662,7221
202212,장항선,탕정,1161,952,2113
202212,장항선,배방,1215,1210,2425
202212,장항선,봉명,1344,1257,2601
202212,장항선,신창,2902,1954,4856
202212,장항선,쌍용,2717,2490,5207
202212,장항선,아산,4630,4271,8901
202212,장항선,온양온천,4085,4370,8455
202212,장항선,탕정,1210,1074,2284
202212,장항선,배방,1135,1069,2204
202212,장항선,봉명,1328,1326,2654
202212,장항선,신창,2605,2918,5523
202212,장항선,쌍용,2912,2990,5902
202212,장항선,아산,4065,3385,7450
202212,장항선,온양온천,3991,4022,8013
202212,장항선,탕정,1108,1001,2109
202212,장항선,배방,1190,1144,2334
202212,장항선,봉명,1533,1426,2959
202212,장항선,신창,2604,2444,5048
202212,장항선,쌍용,3258,3053,6311
202212,장항선,아산,4145,3488,7633
202212,장항선,온양온천,3989,4136,8125
202212,장항선,탕정,1244,1080,2324
202212,장항선,배방,1200,1192,2392
202212,장항선,봉명,1434,1365,2799
202212,장항선,신창,2618,2485,5103
202212,장항선,쌍용,2980,2852,5832
202212,장항선,아산,3795,3186,6981
202212,장항선,온양온천,4111,4287,8398
202212,장항선,탕정,1208,1051,2259
202212,장항선,배방,1218,1164,2382
202212,장항선,봉명,1443,1333,2776
202212,장항선,신창,2976,2444,5420
202212,장항선,쌍용,3195,3007,6202
202212,장항선,아산,3957,3546,7503
202212,장항선,온양온천,4174,4258,8432
202212,장항선,탕정,1259,1061,2320
202212,장항선,배방,1376,1336,2712
202212,장항선,봉명,1523,1449,2972
202212,장항선,신창,3164,2066,5230
202212,장항선,쌍용,3040,2749,5789
202212,장항선,아산,4648,4731,9379
202212,장항선,온양온천,5730,5923,11653
202212,장항선,탕정,1433,1189,2622
202212,장항선,배방,1160,1097,2257
202212,장항선,봉명,1421,1372,2793
202212,장항선,신창,2073,2115,4188
202212,장항선,쌍용,2815,2867,5682
202212,장항선,아산,3951,3418,7369
202212,장항선,온양온천,4193,4252,8445
202212,장항선,탕정,1194,989,2183
202212,장항선,배방,1212,1137,2349
202212,장항선,봉명,1431,1385,2816
202212,장항선,신창,1796,1718,3514
202212,장항선,쌍용,3068,2972,6040
202212,장항선,아산,3775,3328,7103
202212,장항선,온양온천,4098,4138,8236
202212,장항선,탕정,1209,1130,2339
202212,장항선,배방,1412,1291,2703
202212,장항선,봉명,1732,1696,3428
202212,장항선,신창,1780,1671,3451
202212,장항선,쌍용,3452,3133,6585
202212,장항선,아산,4203,3906,8109
202212,장항선,온양온천,4572,4716,9288
202212,장항선,탕정,1570,1320,2890
202212,장항선,배방,1339,1329,2668
202212,장항선,봉명,1618,1486,3104
202212,장항선,신창,1748,1573,3321
202212,장항선,쌍용,3214,2943,6157
202212,장항선,아산,4257,3708,7965
202212,장항선,온양온천,4289,4231,8520
202212,장항선,탕정,1379,1233,2612
202212,장항선,배방,1457,1405,2862
202212,장항선,봉명,1522,1486,3008
202212,장항선,신창,1770,1385,3155
202212,장항선,쌍용,3028,2571,5599
202212,장항선,아산,4679,4817,9496
202212,장항선,온양온천,4552,4629,9181
202212,장항선,탕정,1564,1252,2816
202212,장항선,배방,1125,1071,2196
202212,장항선,봉명,1407,1439,2846
202212,장항선,신창,1133,1211,2344
202212,장항선,쌍용,2914,2729,5643
202212,장항선,아산,3686,3098,6784
202212,장항선,온양온천,4343,4415,8758
202212,장항선,탕정,1149,1086,2235
202212,장항선,배방,1169,1157,2326
202212,장항선,봉명,1436,1440,2876
202212,장항선,신창,1177,1234,2411
202212,장항선,쌍용,2800,2675,5475
202212,장항선,아산,3543,3113,6656
202212,장항선,온양온천,4436,4436,8872
202212,장항선,탕정,1204,1110,2314
202212,장항선,배방,1190,1099,2289
202212,장항선,봉명,1499,1506,3005
202212,장항선,신창,1171,1149,2320
202212,장항선,쌍용,2467,2224,4691
202212,장항선,아산,3554,3079,6633
202212,장항선,온양온천,3983,4016,7999
202212,장항선,탕정,1133,1036,2169
202212,장항선,배방,1223,1194,2417
202212,장항선,봉명,1484,1436,2920
202212,장항선,신창,1178,1170,2348
202212,장항선,쌍용,2472,2228,4700
202212,장항선,아산,3713,3457,7170
202212,장항선,온양온천,4012,4062,8074
202212,장항선,탕정,1272,1135,2407
202212,장항선,배방,1605,1581,3186
202212,장항선,봉명,1969,1750,3719
202212,장항선,신창,1453,1184,2637
202212,장항선,쌍용,3119,3086,6205
202212,장항선,아산,5807,5435,11242
202212,장항선,온양온천,4496,4852,9348
202212,장항선,탕정,1765,1590,3355
202212,장항선,배방,1162,1058,2220
202212,장항선,봉명,1372,1373,2745
202212,장항선,신창,1102,1225,2327
202212,장항선,쌍용,2116,2013,4129
202212,장항선,아산,3714,3186,6900
202212,장항선,온양온천,4154,4324,8478
202212,장항선,탕정,1069,1031,2100
202212,장항선,배방,1142,1076,2218
202212,장항선,봉명,1429,1393,2822
202212,장항선,신창,1164,1149,2313
202212,장항선,쌍용,2238,2116,4354
202212,장항선,아산,3195,2970,6165
202212,장항선,온양온천,4332,4353,8685
202212,장항선,탕정,1179,1083,2262
202212,장항선,배방,1198,1074,2272
202212,장항선,봉명,1370,1358,2728
202212,장항선,신창,1095,1069,2164
202212,장항선,쌍용,2109,2007,4116
202212,장항선,아산,3249,3018,6267
202212,장항선,온양온천,4094,4213,8307
202212,장항선,탕정,1189,1092,2281
202212,장항선,배방,1168,1060,2228
202212,장항선,봉명,1368,1355,2723
202212,장항선,신창,1192,1124,2316
202212,장항선,쌍용,2269,2168,4437
202212,장항선,아산,3324,3313,6637
202212,장항선,온양온천,5098,5151,10249
202212,장항선,탕정,1242,1069,2311
202212,장항선,배방,1362,1331,2693
202212,장항선,봉명,1347,1279,2626
202212,장항선,신창,1471,1166,2637
202212,장항선,쌍용,2273,2122,4395
202212,장항선,아산,4020,4392,8412
202212,장항선,온양온천,4781,5023,9804
202212,장항선,탕정,1311,1117,2428
