사용월,호선명,지하철역,승차총승객수,하차총승객수,승하차총승객수
202101,경원선,소요산,2090,1770,3860
202101,경원선,동두천,762,937,1699
202101,경원선,보산,934,900,1834
202101,경원선,동두천중앙,1499,1503,3002
202101,경원선,지행,2975,2905,5880
202101,경원선,덕정,2270,2205,4475
202101,경원선,덕계,1132,1034,2166
202101,경원선,양주,3320,3111,6431
202101,경원선,녹양,1952,1956,3908
202101,경원선,가능,3054,2896,5950
202101,경원선,의정부,9693,10142,19835
202101,경원선,회룡,5137,5195,10332
202101,경원선,망월사,3158,3235,6393
202101,경원선,도봉산,5859,3861,9720
202101,경원선,도봉,2726,2563,5289
202101,경원선,방학,4326,4290,8616
202101,경원선,녹천,2035,1729,3764
202101,경원선,월계,2761,2708,5469
202101,경원선,광운대,3172,3125,6297
202101,경원선,석계,3556,3848,7404
202101,경원선,신이문,3548,3314,6862
202101,경원선,외대앞,3161,3161,6322
202101,경원선,청량리,7630,7828,15458
202101,경원선,왕십리,5792,7150,12942
202101,경원선,응봉,703,638,1341
202101,경원선,옥수,29,12,41
202101,경원선,한남,1500,1417,2917
202101,경원선,서빙고,707,611,1318
202101,경원선,이촌,1571,1210,2781
202101,경원선,소요산,2089,1735,3824
202101,경원선,동두천,756,861,1617
202101,경원선,보산,820,669,1489
202101,경원선,동두천중앙,1250,1168,2418
202101,경원선,지행,2319,2125,4444
202101,경원선,덕정,1792,1873,3665
202101,경원선,덕계,884,827,1711
202101,경원선,양주,2710,2568,5278
202101,경원선,녹양,1588,1469,3057
202101,경원선,가능,2399,2192,4591
202101,경원선,의정부,7790,7638,15428
202101,경원선,회룡,3957,3828,7785
202101,경원선,망월사,2491,2541,5032
202101,경원선,도봉산,5493,3708,9201
202101,경원선,도봉,2152,1985,4137
202101,경원선,방학,3454,3274,6728
202101,경원선,녹천,1540,1383,2923
202101,경원선,월계,2244,2141,4385
202101,경원선,광운대,2489,2600,5089
202101,경원선,석계,2888,3139,6027
202101,경원선,신이문,2759,2591,5350
202101,경원선,외대앞,2584,2647,5231
202101,경원선,청량리,6894,6628,13522
202101,경원선,왕십리,4555,5779,10334
202101,경원선,응봉,554,496,1050
202101,경원선,옥수,37,12,49
202101,경원선,한남,1130,1110,2240
202101,경원선,서빙고,476,514,990
202101,경원선,이촌,1077,858,1935
202101,경원선,소요산,1382,1191,2573
202101,경원선,동두천,883,1019,1902
202101,경원선,보산,906,919,1825
202101,경원선,동두천중앙,1381,1459,2840
202101,경원선,지행,3031,2995,6026
202101,경원선,덕정,2420,2359,4779
202101,경원선,덕계,1143,1131,2274
202101,경원선,양주,3273,3296,6569
202101,경원선,녹양,2107,2009,4116
202101,경원선,가능,3157,3127,6284
202101,경원선,의정부,10443,10907,21350
202101,경원선,회룡,5363,5504,10867
202101,경원선,망월사,3393,3437,6830
202101,경원선,도봉산,4422,2728,7150
202101,경원선,도봉,2834,2691,5525
202101,경원선,방학,4597,4534,9131
202101,경원선,녹천,2206,1970,4176
202101,경원선,월계,2953,2718,5671
202101,경원선,광운대,3589,3604,7193
202101,경원선,석계,4123,4338,8461
202101,경원선,신이문,4135,3902,8037
202101,경원선,외대앞,3832,3852,7684
202101,경원선,청량리,8046,9094,17140
202101,경원선,왕십리,7411,8676,16087
202101,경원선,응봉,815,668,1483
202101,경원선,옥수,20,17,37
202101,경원선,한남,1828,1696,3524
202101,경원선,서빙고,762,721,1483
202101,경원선,이촌,1786,1334,3120
202101,경원선,소요산,1705,1482,3187
202101,경원선,동두천,712,814,1526
202101,경원선,보산,774,697,1471
202101,경원선,동두천중앙,1187,1169,2356
202101,경원선,지행,2421,2287,4708
202101,경원선,덕정,1886,1910,3796
202101,경원선,덕계,876,768,1644
202101,경원선,양주,2451,2476,4927
202101,경원선,녹양,1515,1476,2991
202101,경원선,가능,2298,2182,4480
202101,경원선,의정부,8148,8021,16169
202101,경원선,회룡,3845,3783,7628
202101,경원선,망월사,2491,2495,4986
202101,경원선,도봉산,4527,3068,7595
202101,경원선,도봉,2048,1886,3934
202101,경원선,방학,3248,3175,6423
202101,경원선,녹천,1562,1300,2862
202101,경원선,월계,2066,1919,3985
202101,경원선,광운대,2580,2585,5165
202101,경원선,석계,2860,3063,5923
202101,경원선,신이문,2935,2670,5605
202101,경원선,외대앞,2840,2704,5544
202101,경원선,청량리,6799,6746,13545
202101,경원선,왕십리,5011,5648,10659
202101,경원선,응봉,568,530,1098
202101,경원선,옥수,35,17,52
202101,경원선,한남,1192,1185,2377
202101,경원선,서빙고,501,510,1011
202101,경원선,이촌,1093,938,2031
202101,경원선,양주,4236,4081,8317
202101,경원선,이촌,2035,1579,3614
202101,경원선,서빙고,815,735,1550
202101,경원선,한남,2089,1956,4045
202101,경원선,옥수,24,16,40
202101,경원선,응봉,1024,879,1903
202101,경원선,왕십리,8455,9745,18200
202101,경원선,청량리,10338,11534,21872
202101,경원선,외대앞,7964,7669,15633
202101,경원선,신이문,4792,4463,9255
202101,경원선,석계,5064,5396,10460
202101,경원선,광운대,4234,4174,8408
202101,경원선,월계,3502,3426,6928
202101,경원선,녹천,2671,2388,5059
202101,경원선,방학,5589,5615,11204
202101,경원선,도봉,3400,3418,6818
202101,경원선,도봉산,6547,4196,10743
202101,경원선,망월사,4301,4486,8787
202101,경원선,회룡,6904,6934,13838
202101,경원선,의정부,12176,12648,24824
202101,경원선,가능,3803,3749,7552
202101,경원선,녹양,2477,2406,4883
202101,경원선,덕계,1507,1415,2922
202101,경원선,덕정,3054,2864,5918
202101,경원선,지행,3586,3625,7211
202101,경원선,동두천중앙,1789,1932,3721
202101,경원선,보산,1046,1102,2148
202101,경원선,동두천,995,1236,2231
202101,경원선,소요산,2183,1977,4160
202101,경원선,소요산,2066,1792,3858
202101,경원선,동두천,787,895,1682
202101,경원선,보산,860,773,1633
202101,경원선,동두천중앙,1417,1310,2727
202101,경원선,지행,2630,2534,5164
202101,경원선,양주,3037,2964,6001
202101,경원선,덕정,2169,2232,4401
202101,경원선,덕계,1042,963,2005
202101,경원선,녹양,1724,1613,3337
202101,경원선,가능,2701,2580,5281
202101,경원선,의정부,9354,9243,18597
202101,경원선,회룡,4564,4533,9097
202101,경원선,망월사,2887,2931,5818
202101,경원선,도봉산,5579,3762,9341
202101,경원선,도봉,2398,2231,4629
202101,경원선,방학,3867,3768,7635
202101,경원선,녹천,1712,1479,3191
202101,경원선,월계,2465,2434,4899
202101,경원선,광운대,2924,2988,5912
202101,경원선,석계,3235,3543,6778
202101,경원선,신이문,3232,3054,6286
202101,경원선,외대앞,3254,3109,6363
202101,경원선,청량리,8410,7992,16402
202101,경원선,왕십리,5685,6748,12433
202101,경원선,응봉,676,624,1300
202101,경원선,옥수,37,12,49
202101,경원선,한남,1347,1362,2709
202101,경원선,서빙고,564,583,1147
202101,경원선,이촌,1272,1048,2320
202101,경원선,이촌,2322,1774,4096
202101,경원선,서빙고,1015,902,1917
202101,경원선,한남,2401,2166,4567
202101,경원선,옥수,24,25,49
202101,경원선,응봉,1108,978,2086
202101,경원선,왕십리,9164,10259,19423
202101,경원선,청량리,11026,12204,23230
202101,경원선,외대앞,4863,4705,9568
202101,경원선,신이문,5087,4628,9715
202101,경원선,석계,5607,5794,11401
202101,경원선,광운대,4777,4632,9409
202101,경원선,월계,4111,3756,7867
202101,경원선,녹천,2825,2448,5273
202101,경원선,방학,6083,5986,12069
202101,경원선,도봉,3595,3441,7036
202101,경원선,도봉산,7504,4991,12495
202101,경원선,망월사,4293,4490,8783
202101,경원선,회룡,7698,7743,15441
202101,경원선,의정부,13347,14021,27368
202101,경원선,가능,4104,3930,8034
202101,경원선,녹양,2687,2699,5386
202101,경원선,양주,4491,4401,8892
202101,경원선,덕계,1708,1506,3214
202101,경원선,덕정,3207,3133,6340
202101,경원선,지행,4005,3971,7976
202101,경원선,동두천중앙,1940,2019,3959
202101,경원선,보산,1120,1172,2292
202101,경원선,동두천,1185,1432,2617
202101,경원선,소요산,2732,2423,5155
202101,경원선,이촌,1675,1287,2962
202101,경원선,서빙고,826,819,1645
202101,경원선,한남,1568,1545,3113
202101,경원선,옥수,47,10,57
202101,경원선,응봉,820,732,1552
202101,경원선,왕십리,6139,6875,13014
202101,경원선,청량리,8884,8911,17795
202101,경원선,외대앞,3554,3407,6961
202101,경원선,신이문,3700,3479,7179
202101,경원선,석계,3792,4058,7850
202101,경원선,광운대,3263,3312,6575
202101,경원선,월계,2916,2645,5561
202101,경원선,녹천,2186,1916,4102
202101,경원선,방학,4507,4382,8889
202101,경원선,도봉,2765,2605,5370
202101,경원선,도봉산,7352,5244,12596
202101,경원선,망월사,3091,3275,6366
202101,경원선,회룡,5649,5552,11201
202101,경원선,의정부,10224,10127,20351
202101,경원선,가능,3158,2919,6077
202101,경원선,녹양,1977,1896,3873
202101,경원선,양주,3514,3335,6849
202101,경원선,덕계,1178,1083,2261
202101,경원선,덕정,2336,2433,4769
202101,경원선,지행,3032,2923,5955
202101,경원선,동두천중앙,1543,1434,2977
202101,경원선,보산,951,906,1857
202101,경원선,동두천,929,1100,2029
202101,경원선,소요산,2985,2603,5588
202101,경원선,동두천,1149,1375,2524
202101,경원선,이촌,2366,1739,4105
202101,경원선,서빙고,977,925,1902
202101,경원선,한남,2287,2183,4470
202101,경원선,옥수,27,25,52
202101,경원선,응봉,1112,911,2023
202101,경원선,왕십리,9117,10297,19414
202101,경원선,청량리,11138,12364,23502
202101,경원선,외대앞,4722,4515,9237
202101,경원선,신이문,5145,4620,9765
202101,경원선,석계,5362,5820,11182
202101,경원선,광운대,4443,4469,8912
202101,경원선,월계,3833,3623,7456
202101,경원선,녹천,2648,2269,4917
202101,경원선,방학,6001,5901,11902
202101,경원선,도봉,3662,3525,7187
202101,경원선,도봉산,6413,4190,10603
202101,경원선,망월사,4276,4526,8802
202101,경원선,회룡,7528,7458,14986
202101,경원선,의정부,13499,14248,27747
202101,경원선,가능,4028,3933,7961
202101,경원선,녹양,2715,2647,5362
202101,경원선,양주,4678,4529,9207
202101,경원선,덕계,1562,1502,3064
202101,경원선,덕정,3203,3046,6249
202101,경원선,지행,4060,4029,8089
202101,경원선,동두천중앙,2062,2153,4215
202101,경원선,보산,1063,1083,2146
202101,경원선,소요산,2191,1902,4093
202101,경원선,창동,1,0,1
202101,경원선,이촌,1644,1310,2954
202101,경원선,서빙고,820,848,1668
202101,경원선,한남,1683,1690,3373
202101,경원선,옥수,33,16,49
202101,경원선,응봉,862,764,1626
202101,경원선,왕십리,6675,7386,14061
202101,경원선,청량리,9574,9386,18960
202101,경원선,외대앞,3620,3609,7229
202101,경원선,신이문,3780,3597,7377
202101,경원선,석계,3833,4204,8037
202101,경원선,광운대,3441,3418,6859
202101,경원선,월계,2969,2748,5717
202101,경원선,녹천,2216,1904,4120
202101,경원선,창동,1,0,1
202101,경원선,방학,4636,4459,9095
202101,경원선,도봉,2775,2625,5400
202101,경원선,도봉산,7121,4890,12011
202101,경원선,망월사,3201,3324,6525
202101,경원선,회룡,5640,5578,11218
202101,경원선,의정부,10322,10274,20596
202101,경원선,가능,3067,2846,5913
202101,경원선,녹양,2091,1939,4030
202101,경원선,양주,3640,3472,7112
202101,경원선,덕계,1195,1119,2314
202101,경원선,덕정,2396,2397,4793
202101,경원선,지행,3076,2917,5993
202101,경원선,동두천중앙,1610,1480,3090
202101,경원선,보산,956,885,1841
202101,경원선,동두천,910,1092,2002
202101,경원선,소요산,2711,2394,5105
202102,경원선,이촌,2460,1843,4303
202102,경원선,서빙고,1108,997,2105
202102,경원선,한남,2440,2311,4751
202102,경원선,옥수,27,23,50
202102,경원선,응봉,1201,1052,2253
202102,경원선,왕십리,9906,11027,20933
202102,경원선,청량리,12144,13468,25612
202102,경원선,외대앞,5000,4850,9850
202102,경원선,신이문,5589,5100,10689
202102,경원선,석계,5757,6143,11900
202102,경원선,광운대,4929,4748,9677
202102,경원선,월계,4133,3828,7961
202102,경원선,녹천,2995,2499,5494
202102,경원선,방학,6468,6364,12832
202102,경원선,도봉,3789,3600,7389
202102,경원선,도봉산,7186,4824,12010
202102,경원선,망월사,4678,4827,9505
202102,경원선,회룡,7999,8241,16240
202102,경원선,의정부,14315,15029,29344
202102,경원선,가능,4399,4192,8591
202102,경원선,녹양,2870,2853,5723
202102,경원선,양주,4859,4638,9497
202102,경원선,덕계,1729,1586,3315
202102,경원선,덕정,3427,3274,6701
202102,경원선,지행,4214,4251,8465
202102,경원선,동두천중앙,2126,2075,4201
202102,경원선,보산,1058,1067,2125
202102,경원선,동두천,1302,1516,2818
202102,경원선,소요산,2620,2250,4870
202102,경원선,소요산,2625,2313,4938
202102,경원선,동두천,961,1196,2157
202102,경원선,보산,969,858,1827
202102,경원선,동두천중앙,1640,1593,3233
202102,경원선,지행,3274,3171,6445
202102,경원선,덕정,2570,2630,5200
202102,경원선,덕계,1255,1146,2401
202102,경원선,양주,3651,3568,7219
202102,경원선,녹양,2250,2152,4402
202102,경원선,가능,3140,2969,6109
202102,경원선,의정부,11279,11372,22651
202102,경원선,회룡,5793,5759,11552
202102,경원선,망월사,3906,4024,7930
202102,경원선,도봉산,6825,4841,11666
202102,경원선,도봉,2876,2674,5550
202102,경원선,방학,4856,4721,9577
202102,경원선,녹천,2215,1904,4119
202102,경원선,월계,3224,2979,6203
202102,경원선,광운대,3596,3585,7181
202102,경원선,석계,3942,4234,8176
202102,경원선,신이문,4044,3755,7799
202102,경원선,외대앞,3658,3647,7305
202102,경원선,청량리,9849,9797,19646
202102,경원선,왕십리,7214,7962,15176
202102,경원선,응봉,787,757,1544
202102,경원선,옥수,44,21,65
202102,경원선,한남,1645,1651,3296
202102,경원선,서빙고,808,826,1634
202102,경원선,이촌,1697,1382,3079
202102,경원선,도봉,2896,2682,5578
202102,경원선,이촌,1716,1377,3093
202102,경원선,서빙고,739,687,1426
202102,경원선,한남,1645,1608,3253
202102,경원선,옥수,35,9,44
202102,경원선,응봉,956,851,1807
202102,경원선,왕십리,6664,8087,14751
202102,경원선,청량리,9356,8965,18321
202102,경원선,외대앞,3117,3335,6452
202102,경원선,신이문,3819,3531,7350
202102,경원선,석계,4038,4517,8555
202102,경원선,광운대,3344,3544,6888
202102,경원선,월계,3009,2850,5859
202102,경원선,녹천,2223,1902,4125
202102,경원선,창동,1,0,1
202102,경원선,방학,4618,4515,9133
202102,경원선,도봉산,8050,5702,13752
202102,경원선,망월사,3222,3375,6597
202102,경원선,회룡,5935,5700,11635
202102,경원선,의정부,12466,13063,25529
202102,경원선,가능,3271,2960,6231
202102,경원선,녹양,2267,2037,4304
202102,경원선,양주,4118,3810,7928
202102,경원선,덕계,1361,1145,2506
202102,경원선,덕정,2769,2565,5334
202102,경원선,지행,3688,3318,7006
202102,경원선,동두천중앙,1835,1669,3504
202102,경원선,보산,1119,1030,2149
202102,경원선,동두천,998,1181,2179
202102,경원선,소요산,3246,2673,5919
202102,경원선,창동,1,0,1
202102,경원선,소요산,3174,2551,5725
202102,경원선,동두천,988,1166,2154
202102,경원선,보산,1150,951,2101
202102,경원선,동두천중앙,1718,1518,3236
202102,경원선,지행,3555,3257,6812
202102,경원선,덕정,2572,2555,5127
202102,경원선,덕계,1283,1167,2450
202102,경원선,양주,4012,3741,7753
202102,경원선,녹양,2131,1996,4127
202102,경원선,가능,3192,2974,6166
202102,경원선,의정부,11693,11975,23668
202102,경원선,회룡,5778,5768,11546
202102,경원선,망월사,3341,3465,6806
202102,경원선,도봉산,7610,5310,12920
202102,경원선,도봉,2744,2715,5459
202102,경원선,방학,4654,4536,9190
202102,경원선,녹천,2022,1771,3793
202102,경원선,월계,2838,2589,5427
202102,경원선,광운대,3088,3326,6414
202102,경원선,석계,3863,4315,8178
202102,경원선,신이문,3651,3479,7130
202102,경원선,외대앞,3156,3385,6541
202102,경원선,청량리,9153,8565,17718
202102,경원선,왕십리,6136,7527,13663
202102,경원선,응봉,767,700,1467
202102,경원선,옥수,47,12,59
202102,경원선,한남,1528,1535,3063
202102,경원선,서빙고,814,847,1661
202102,경원선,이촌,1695,1391,3086
202102,경원선,소요산,3293,2908,6201
202102,경원선,동두천,1387,1630,3017
202102,경원선,보산,1826,1719,3545
202102,경원선,동두천중앙,2423,2513,4936
202102,경원선,지행,4945,4810,9755
202102,경원선,덕정,3732,3421,7153
202102,경원선,덕계,1843,1699,3542
202102,경원선,양주,5475,5341,10816
202102,경원선,녹양,3197,3082,6279
202102,경원선,가능,4602,4390,8992
202102,경원선,의정부,15756,16763,32519
202102,경원선,회룡,8676,8602,17278
202102,경원선,망월사,4847,4982,9829
202102,경원선,도봉산,8849,6061,14910
202102,경원선,도봉,4178,3968,8146
202102,경원선,방학,6677,6483,13160
202102,경원선,녹천,3134,2634,5768
202102,경원선,월계,4322,3943,8265
202102,경원선,광운대,5046,5024,10070
202102,경원선,석계,6031,6562,12593
202102,경원선,신이문,5776,5161,10937
202102,경원선,외대앞,5225,5003,10228
202102,경원선,청량리,12992,14582,27574
202102,경원선,왕십리,10838,12228,23066
202102,경원선,응봉,1360,1126,2486
202102,경원선,옥수,23,31,54
202102,경원선,한남,2574,2373,4947
202102,경원선,서빙고,1191,1009,2200
202102,경원선,이촌,2774,2038,4812
202102,경원선,창동,1,0,1
202102,경원선,소요산,3723,3225,6948
202102,경원선,동두천,1062,1385,2447
202102,경원선,보산,1413,1191,2604
202102,경원선,동두천중앙,1771,1663,3434
202102,경원선,지행,3750,3629,7379
202102,경원선,덕정,2778,2785,5563
202102,경원선,덕계,1344,1287,2631
202102,경원선,양주,4154,4061,8215
202102,경원선,녹양,2402,2333,4735
202102,경원선,가능,3321,3143,6464
202102,경원선,의정부,12429,12539,24968
202102,경원선,회룡,6366,6306,12672
202102,경원선,망월사,3704,3816,7520
202102,경원선,도봉산,8735,6478,15213
202102,경원선,도봉,3158,2998,6156
202102,경원선,방학,5220,4957,10177
202102,경원선,녹천,2318,2019,4337
202102,경원선,월계,3308,3173,6481
202102,경원선,광운대,3805,3838,7643
202102,경원선,석계,4388,4705,9093
202102,경원선,신이문,4327,3988,8315
202102,경원선,외대앞,4022,3876,7898
202102,경원선,청량리,11069,10621,21690
202102,경원선,왕십리,7816,8636,16452
202102,경원선,응봉,963,949,1912
202102,경원선,옥수,37,15,52
202102,경원선,한남,1762,1728,3490
202102,경원선,서빙고,1070,1080,2150
202102,경원선,이촌,2164,1568,3732
202102,경원선,이촌,3052,2162,5214
202102,경원선,서빙고,1258,1114,2372
202102,경원선,한남,2666,2587,5253
202102,경원선,옥수,46,27,73
202102,경원선,응봉,1391,1166,2557
202102,경원선,왕십리,11304,12667,23971
202102,경원선,청량리,13986,16037,30023
202102,경원선,외대앞,5513,5243,10756
202102,경원선,신이문,5849,5373,11222
202102,경원선,석계,6307,6673,12980
202102,경원선,광운대,5306,5194,10500
202102,경원선,월계,4404,4135,8539
202102,경원선,녹천,3075,2543,5618
202102,경원선,창동,2,0,2
202102,경원선,방학,6871,6722,13593
202102,경원선,도봉,4155,3914,8069
202102,경원선,도봉산,9503,6359,15862
202102,경원선,망월사,5111,5272,10383
202102,경원선,회룡,8962,8926,17888
202102,경원선,의정부,16498,17311,33809
202102,경원선,가능,4752,4466,9218
202102,경원선,녹양,3309,3189,6498
202102,경원선,양주,5747,5548,11295
202102,경원선,덕계,2007,1849,3856
202102,경원선,덕정,3972,3758,7730
202102,경원선,지행,5007,4873,9880
202102,경원선,동두천중앙,2316,2282,4598
202102,경원선,보산,1727,1684,3411
202102,경원선,동두천,1340,1741,3081
202102,경원선,소요산,3723,3168,6891
202102,경원선,이촌,2100,1568,3668
202102,경원선,서빙고,1054,1133,2187
202102,경원선,한남,1943,1933,3876
202102,경원선,옥수,55,37,92
202102,경원선,응봉,1064,1006,2070
202102,경원선,왕십리,8193,9128,17321
202102,경원선,청량리,11890,11744,23634
202102,경원선,외대앞,4454,4518,8972
202102,경원선,신이문,4534,4176,8710
202102,경원선,석계,4768,5079,9847
202102,경원선,광운대,4182,4206,8388
202102,경원선,월계,3428,3100,6528
202102,경원선,녹천,2721,2309,5030
202102,경원선,방학,5374,5107,10481
202102,경원선,도봉,3427,3140,6567
202102,경원선,도봉산,9377,6587,15964
202102,경원선,망월사,4085,4300,8385
202102,경원선,회룡,6728,6942,13670
202102,경원선,의정부,13002,13513,26515
202102,경원선,가능,3747,3445,7192
202102,경원선,녹양,2535,2433,4968
202102,경원선,양주,4514,4457,8971
202102,경원선,덕계,1523,1417,2940
202102,경원선,덕정,3019,2984,6003
202102,경원선,지행,3960,3881,7841
202102,경원선,동두천중앙,1815,1719,3534
202102,경원선,보산,1233,1359,2592
202102,경원선,동두천,1119,1581,2700
202102,경원선,소요산,3912,3388,7300
202103,경원선,이촌,2976,2207,5183
202103,경원선,서빙고,1194,1099,2293
202103,경원선,한남,2701,2531,5232
202103,경원선,옥수,40,31,71
202103,경원선,응봉,1356,1207,2563
202103,경원선,왕십리,11295,12941,24236
202103,경원선,청량리,13504,14866,28370
202103,경원선,외대앞,5993,5604,11597
202103,경원선,신이문,5897,5488,11385
202103,경원선,석계,6268,6643,12911
202103,경원선,광운대,5534,5332,10866
202103,경원선,월계,4308,4010,8318
202103,경원선,녹천,3133,2726,5859
202103,경원선,방학,6806,6818,13624
202103,경원선,도봉,4362,4135,8497
202103,경원선,도봉산,9325,6559,15884
202103,경원선,망월사,5165,5328,10493
202103,경원선,회룡,8919,9060,17979
202103,경원선,의정부,15853,16571,32424
202103,경원선,가능,4628,4470,9098
202103,경원선,녹양,3245,3108,6353
202103,경원선,양주,5689,5358,11047
202103,경원선,덕계,1920,1726,3646
202103,경원선,덕정,3829,3705,7534
202103,경원선,지행,4244,4164,8408
202103,경원선,동두천중앙,2104,2062,4166
202103,경원선,보산,930,938,1868
202103,경원선,동두천,1405,1826,3231
202103,경원선,소요산,3402,2907,6309
202103,경원선,소요산,3393,2881,6274
202103,경원선,동두천,1074,1440,2514
202103,경원선,보산,823,723,1546
202103,경원선,동두천중앙,1666,1588,3254
202103,경원선,지행,3375,3299,6674
202103,경원선,덕정,2877,2874,5751
202103,경원선,덕계,1467,1385,2852
202103,경원선,양주,4288,4248,8536
202103,경원선,녹양,2437,2311,4748
202103,경원선,가능,3667,3512,7179
202103,경원선,의정부,11754,11837,23591
202103,경원선,회룡,6714,6757,13471
202103,경원선,망월사,4002,4221,8223
202103,경원선,도봉산,9121,6556,15677
202103,경원선,도봉,3256,3017,6273
202103,경원선,방학,5346,5085,10431
202103,경원선,녹천,2490,2139,4629
202103,경원선,월계,3790,3487,7277
202103,경원선,광운대,4069,4173,8242
202103,경원선,석계,4633,5078,9711
202103,경원선,신이문,4504,4212,8716
202103,경원선,외대앞,4506,4495,9001
202103,경원선,청량리,11304,11274,22578
202103,경원선,왕십리,8294,9517,17811
202103,경원선,응봉,1090,1030,2120
202103,경원선,옥수,50,20,70
202103,경원선,한남,1809,1827,3636
202103,경원선,서빙고,1184,1152,2336
202103,경원선,이촌,2168,1684,3852
202103,경원선,이촌,2880,2135,5015
202103,경원선,서빙고,1303,1127,2430
202103,경원선,한남,2754,2534,5288
202103,경원선,옥수,30,37,67
202103,경원선,응봉,1621,1483,3104
202103,경원선,왕십리,12053,13416,25469
202103,경원선,청량리,13868,15463,29331
202103,경원선,외대앞,6046,5790,11836
202103,경원선,신이문,6106,5571,11677
202103,경원선,석계,6506,6823,13329
202103,경원선,광운대,5629,5422,11051
202103,경원선,월계,4431,4091,8522
202103,경원선,녹천,3266,2751,6017
202103,경원선,방학,7023,6689,13712
202103,경원선,도봉,4236,4038,8274
202103,경원선,도봉산,9451,6463,15914
202103,경원선,망월사,5443,5675,11118
202103,경원선,회룡,9350,9296,18646
202103,경원선,의정부,16254,16999,33253
202103,경원선,가능,4735,4646,9381
202103,경원선,녹양,3411,3285,6696
202103,경원선,양주,5972,5796,11768
202103,경원선,덕계,2076,1873,3949
202103,경원선,덕정,3962,3747,7709
202103,경원선,지행,4698,4728,9426
202103,경원선,동두천중앙,2342,2307,4649
202103,경원선,보산,977,1009,1986
202103,경원선,동두천,1364,1865,3229
202103,경원선,소요산,3812,3230,7042
202103,경원선,소요산,3801,3190,6991
202103,경원선,동두천,1154,1546,2700
202103,경원선,보산,883,839,1722
202103,경원선,동두천중앙,1795,1655,3450
202103,경원선,지행,3724,3637,7361
202103,경원선,덕정,2971,2986,5957
202103,경원선,덕계,1542,1445,2987
202103,경원선,양주,4408,4396,8804
202103,경원선,녹양,2530,2481,5011
202103,경원선,가능,3590,3383,6973
202103,경원선,의정부,12884,12940,25824
202103,경원선,회룡,6761,6646,13407
202103,경원선,망월사,4215,4442,8657
202103,경원선,도봉산,8898,6424,15322
202103,경원선,도봉,3314,3037,6351
202103,경원선,방학,5315,5008,10323
202103,경원선,녹천,2411,2110,4521
202103,경원선,월계,3256,2990,6246
202103,경원선,광운대,4074,4218,8292
202103,경원선,석계,4656,5140,9796
202103,경원선,신이문,4438,4230,8668
202103,경원선,외대앞,4475,4582,9057
202103,경원선,청량리,11778,11472,23250
202103,경원선,왕십리,7846,8969,16815
202103,경원선,응봉,1039,979,2018
202103,경원선,옥수,43,20,63
202103,경원선,한남,1886,1874,3760
202103,경원선,서빙고,1212,1252,2464
202103,경원선,이촌,2157,1606,3763
202103,경원선,양주,5301,5048,10349
202103,경원선,녹양,3027,2911,5938
202103,경원선,소요산,2300,1886,4186
202103,경원선,동두천,1362,1684,3046
202103,경원선,보산,1228,1234,2462
202103,경원선,동두천중앙,2257,2268,4525
202103,경원선,지행,4519,4426,8945
202103,경원선,덕정,3656,3482,7138
202103,경원선,덕계,1859,1734,3593
202103,경원선,가능,4411,4252,8663
202103,경원선,의정부,15045,15888,30933
202103,경원선,회룡,8303,8400,16703
202103,경원선,망월사,4723,4795,9518
202103,경원선,도봉산,5954,3896,9850
202103,경원선,도봉,3895,3679,7574
202103,경원선,방학,6363,6290,12653
202103,경원선,녹천,3092,2565,5657
202103,경원선,월계,3977,3628,7605
202103,경원선,광운대,5060,4934,9994
202103,경원선,석계,5777,6132,11909
202103,경원선,신이문,5495,5105,10600
202103,경원선,외대앞,5562,5381,10943
202103,경원선,청량리,13037,14217,27254
202103,경원선,왕십리,11155,12695,23850
202103,경원선,응봉,1185,1019,2204
202103,경원선,옥수,34,26,60
202103,경원선,한남,2447,2310,4757
202103,경원선,서빙고,1078,1006,2084
202103,경원선,이촌,2536,1919,4455
202103,경원선,이촌,2102,1648,3750
202103,경원선,서빙고,1135,1135,2270
202103,경원선,한남,1809,1805,3614
202103,경원선,옥수,65,22,87
202103,경원선,응봉,1244,1341,2585
202103,경원선,왕십리,8838,9894,18732
202103,경원선,청량리,11986,11795,23781
202103,경원선,외대앞,4459,4555,9014
202103,경원선,신이문,4333,4211,8544
202103,경원선,석계,4609,5032,9641
202103,경원선,광운대,4081,4246,8327
202103,경원선,월계,3460,3264,6724
202103,경원선,녹천,2405,2032,4437
202103,경원선,방학,5363,5133,10496
202103,경원선,도봉,3228,3049,6277
202103,경원선,도봉산,8592,5952,14544
202103,경원선,망월사,4097,4309,8406
202103,경원선,회룡,6730,6631,13361
202103,경원선,의정부,12794,12837,25631
202103,경원선,가능,3613,3402,7015
202103,경원선,녹양,2536,2482,5018
202103,경원선,양주,4632,4687,9319
202103,경원선,덕계,1525,1519,3044
202103,경원선,덕정,2959,2988,5947
202103,경원선,지행,3807,3751,7558
202103,경원선,동두천중앙,1831,1726,3557
202103,경원선,보산,1142,1125,2267
202103,경원선,동두천,1185,1548,2733
202103,경원선,소요산,3256,2722,5978
202103,경원선,월계,4020,3838,7858
202103,경원선,광운대,5123,5067,10190
202103,경원선,석계,6118,6198,12316
202103,경원선,신이문,5557,5180,10737
202103,경원선,외대앞,5573,5451,11024
202103,경원선,청량리,13296,14717,28013
202103,경원선,왕십리,11234,12631,23865
202103,경원선,응봉,1880,1880,3760
202103,경원선,소요산,2528,2213,4741
202103,경원선,동두천,1432,1719,3151
202103,경원선,보산,1392,1277,2669
202103,경원선,동두천중앙,2149,2232,4381
202103,경원선,지행,4613,4558,9171
202103,경원선,덕정,3871,3694,7565
202103,경원선,덕계,1993,1778,3771
202103,경원선,양주,5462,5246,10708
202103,경원선,녹양,3111,3022,6133
202103,경원선,가능,4361,4290,8651
202103,경원선,의정부,15766,16134,31900
202103,경원선,회룡,8346,8427,16773
202103,경원선,망월사,4841,4958,9799
202103,경원선,도봉산,6669,4382,11051
202103,경원선,도봉,3942,3876,7818
202103,경원선,옥수,40,21,61
202103,경원선,한남,2544,2389,4933
202103,경원선,서빙고,1150,1054,2204
202103,경원선,이촌,2560,1988,4548
202103,경원선,방학,6565,6499,13064
202103,경원선,녹천,2802,2434,5236
202103,경원선,소요산,2238,1898,4136
202103,경원선,동두천,1089,1322,2411
202103,경원선,보산,1141,1152,2293
202103,경원선,동두천중앙,1676,1604,3280
202103,경원선,지행,3578,3458,7036
202103,경원선,덕정,2694,2802,5496
202103,경원선,덕계,1316,1284,2600
202103,경원선,양주,3798,3813,7611
202103,경원선,녹양,2238,2121,4359
202103,경원선,가능,3341,3173,6514
202103,경원선,의정부,11865,12026,23891
202103,경원선,회룡,6198,6045,12243
202103,경원선,망월사,3517,3699,7216
202103,경원선,도봉산,5362,3575,8937
202103,경원선,도봉,2839,2709,5548
202103,경원선,방학,4632,4374,9006
202103,경원선,창동,1,0,1
202103,경원선,녹천,2293,2055,4348
202103,경원선,월계,3043,2802,5845
202103,경원선,광운대,3771,3826,7597
202103,경원선,석계,4130,4567,8697
202103,경원선,신이문,3996,3786,7782
202103,경원선,외대앞,4734,4790,9524
202103,경원선,청량리,10351,10356,20707
202103,경원선,왕십리,7492,8527,16019
202103,경원선,응봉,998,1035,2033
202103,경원선,옥수,50,11,61
202103,경원선,한남,1667,1620,3287
202103,경원선,서빙고,1120,1083,2203
202103,경원선,이촌,1856,1478,3334
202104,경원선,소요산,1946,1646,3592
202104,경원선,동두천,1193,1433,2626
202104,경원선,보산,1287,1329,2616
202104,경원선,동두천중앙,1924,1987,3911
202104,경원선,지행,4137,4026,8163
202104,경원선,덕정,3317,3189,6506
202104,경원선,덕계,1711,1600,3311
202104,경원선,양주,4837,4539,9376
202104,경원선,녹양,2738,2592,5330
202104,경원선,가능,4150,4012,8162
202104,경원선,의정부,13541,14514,28055
202104,경원선,회룡,7689,7579,15268
202104,경원선,망월사,4376,4545,8921
202104,경원선,도봉산,4994,3222,8216
202104,경원선,이촌,2369,1759,4128
202104,경원선,서빙고,1071,986,2057
202104,경원선,한남,2191,2149,4340
202104,경원선,옥수,34,43,77
202104,경원선,응봉,1380,1268,2648
202104,경원선,왕십리,10558,11984,22542
202104,경원선,청량리,12586,13702,26288
202104,경원선,외대앞,5094,5026,10120
202104,경원선,신이문,4992,4828,9820
202104,경원선,석계,5421,5924,11345
202104,경원선,광운대,4819,4774,9593
202104,경원선,월계,3756,3477,7233
202104,경원선,녹천,2610,2305,4915
202104,경원선,방학,5853,5821,11674
202104,경원선,도봉,3633,3467,7100
202104,경원선,이촌,2330,1702,4032
202104,경원선,서빙고,1245,1259,2504
202104,경원선,한남,1854,1770,3624
202104,경원선,옥수,45,27,72
202104,경원선,응봉,1172,1188,2360
202104,경원선,왕십리,8255,9662,17917
202104,경원선,청량리,11736,11627,23363
202104,경원선,외대앞,4409,4410,8819
202104,경원선,신이문,4411,4096,8507
202104,경원선,석계,4659,5026,9685
202104,경원선,광운대,3973,4204,8177
202104,경원선,월계,3498,3324,6822
202104,경원선,녹천,2466,2200,4666
202104,경원선,방학,5588,5366,10954
202104,경원선,도봉,3215,2979,6194
202104,경원선,도봉산,8087,5781,13868
202104,경원선,망월사,4062,4204,8266
202104,경원선,회룡,6957,6941,13898
202104,경원선,의정부,12656,12886,25542
202104,경원선,가능,3708,3504,7212
202104,경원선,녹양,2511,2456,4967
202104,경원선,양주,4592,4541,9133
202104,경원선,덕계,1482,1434,2916
202104,경원선,덕정,3159,3204,6363
202104,경원선,지행,4033,4102,8135
202104,경원선,동두천중앙,2009,1854,3863
202104,경원선,보산,1303,1420,2723
202104,경원선,동두천,1273,1603,2876
202104,경원선,소요산,3845,3325,7170
202104,경원선,소요산,4929,4216,9145
202104,경원선,동두천,1657,2248,3905
202104,경원선,보산,1808,1705,3513
202104,경원선,동두천중앙,2847,2817,5664
202104,경원선,지행,5357,5408,10765
202104,경원선,덕정,4387,4098,8485
202104,경원선,덕계,2150,1993,4143
202104,경원선,양주,6416,6121,12537
202104,경원선,녹양,3563,3350,6913
202104,경원선,가능,5093,4908,10001
202104,경원선,의정부,17018,17723,34741
202104,경원선,회룡,9665,9780,19445
202104,경원선,망월사,5569,5745,11314
202104,경원선,도봉산,10303,7237,17540
202104,경원선,도봉,4403,4184,8587
202104,경원선,방학,7418,7278,14696
202104,경원선,녹천,3434,2830,6264
202104,경원선,월계,4624,4253,8877
202104,경원선,광운대,5469,5402,10871
202104,경원선,석계,6573,7053,13626
202104,경원선,신이문,6172,5681,11853
202104,경원선,외대앞,6045,5824,11869
202104,경원선,청량리,14765,16679,31444
202104,경원선,왕십리,11359,13080,24439
202104,경원선,응봉,1704,1524,3228
202104,경원선,옥수,54,38,92
202104,경원선,한남,2846,2668,5514
202104,경원선,서빙고,1423,1276,2699
202104,경원선,이촌,3353,2296,5649
202104,경원선,소요산,4868,4307,9175
202104,경원선,동두천,1447,1888,3335
202104,경원선,보산,1613,1739,3352
202104,경원선,동두천중앙,2125,2026,4151
202104,경원선,지행,4177,4126,8303
202104,경원선,덕정,3395,3438,6833
202104,경원선,덕계,1586,1533,3119
202104,경원선,양주,5165,5069,10234
202104,경원선,녹양,2677,2591,5268
202104,경원선,가능,3884,3688,7572
202104,경원선,의정부,13454,13545,26999
202104,경원선,회룡,7240,7263,14503
202104,경원선,망월사,4821,5024,9845
202104,경원선,도봉산,9782,7127,16909
202104,경원선,도봉,3529,3218,6747
202104,경원선,방학,5816,5511,11327
202104,경원선,녹천,2585,2225,4810
202104,경원선,월계,3565,3327,6892
202104,경원선,광운대,4035,4228,8263
202104,경원선,석계,4668,5260,9928
202104,경원선,신이문,4599,4334,8933
202104,경원선,외대앞,4609,4602,9211
202104,경원선,청량리,12409,11968,24377
202104,경원선,왕십리,7898,9145,17043
202104,경원선,응봉,1276,1246,2522
202104,경원선,옥수,71,30,101
202104,경원선,한남,1856,1883,3739
202104,경원선,서빙고,1233,1258,2491
202104,경원선,이촌,2419,1797,4216
202104,경원선,이촌,2792,2100,4892
202104,경원선,서빙고,1225,1070,2295
202104,경원선,한남,2642,2448,5090
202104,경원선,옥수,34,30,64
202104,경원선,응봉,1417,1350,2767
202104,경원선,왕십리,10861,12512,23373
202104,경원선,청량리,13897,15575,29472
202104,경원선,외대앞,5242,5231,10473
202104,경원선,신이문,5905,5367,11272
202104,경원선,석계,6260,6730,12990
202104,경원선,광운대,5265,5063,10328
202104,경원선,월계,4202,3887,8089
202104,경원선,녹천,3102,2698,5800
202104,경원선,방학,6897,6840,13737
202104,경원선,도봉,4230,3969,8199
202104,경원선,도봉산,8176,5563,13739
202104,경원선,망월사,5120,5234,10354
202104,경원선,회룡,8940,7947,16887
202104,경원선,의정부,15853,16580,32433
202104,경원선,가능,4600,4597,9197
202104,경원선,녹양,3235,3100,6335
202104,경원선,양주,5776,5565,11341
202104,경원선,덕계,2099,1939,4038
202104,경원선,덕정,4005,3875,7880
202104,경원선,지행,4878,4842,9720
202104,경원선,동두천중앙,2364,2388,4752
202104,경원선,보산,2097,1833,3930
202104,경원선,동두천,1534,2136,3670
202104,경원선,소요산,3531,2941,6472
202104,경원선,창동,1,0,1
202104,경원선,소요산,4886,4124,9010
202104,경원선,동두천,1374,2016,3390
202104,경원선,보산,1326,1592,2918
202104,경원선,동두천중앙,1970,1873,3843
202104,경원선,지행,4009,4079,8088
202104,경원선,덕정,3203,3338,6541
202104,경원선,덕계,1613,1496,3109
202104,경원선,양주,4844,4827,9671
202104,경원선,녹양,2543,2484,5027
202104,경원선,가능,3821,3720,7541
202104,경원선,의정부,12850,12873,25723
202104,경원선,회룡,6865,5924,12789
202104,경원선,망월사,4126,4422,8548
202104,경원선,도봉산,9931,7158,17089
202104,경원선,도봉,3367,3277,6644
202104,경원선,방학,5683,5464,11147
202104,경원선,녹천,2444,2124,4568
202104,경원선,월계,3537,3390,6927
202104,경원선,광운대,3895,4096,7991
202104,경원선,석계,4637,5114,9751
202104,경원선,신이문,4577,4303,8880
202104,경원선,외대앞,4000,3901,7901
202104,경원선,청량리,12765,12085,24850
202104,경원선,왕십리,7973,9324,17297
202104,경원선,응봉,1184,1256,2440
202104,경원선,옥수,64,25,89
202104,경원선,한남,1962,1973,3935
202104,경원선,서빙고,1200,1187,2387
202104,경원선,이촌,2268,1724,3992
202104,경원선,소요산,4526,3707,8233
202104,경원선,동두천,1583,2414,3997
202104,경원선,보산,1723,1580,3303
202104,경원선,동두천중앙,2461,2548,5009
202104,경원선,지행,5229,5126,10355
202104,경원선,덕정,4207,3971,8178
202104,경원선,덕계,2134,1959,4093
202104,경원선,양주,6207,6050,12257
202104,경원선,녹양,3324,3172,6496
202104,경원선,가능,5012,4776,9788
202104,경원선,의정부,16337,17449,33786
202104,경원선,회룡,9522,9400,18922
202104,경원선,망월사,5384,5563,10947
202104,경원선,도봉산,9611,6704,16315
202104,경원선,도봉,4327,4210,8537
202104,경원선,방학,7389,7127,14516
202104,경원선,녹천,3218,2815,6033
202104,경원선,월계,4602,4262,8864
202104,경원선,광운대,5537,5386,10923
202104,경원선,석계,6524,6883,13407
202104,경원선,신이문,6028,5499,11527
202104,경원선,외대앞,5538,5218,10756
202104,경원선,청량리,14493,16508,31001
202104,경원선,왕십리,11142,12795,23937
202104,경원선,응봉,1658,1572,3230
202104,경원선,옥수,52,40,92
202104,경원선,한남,2919,2718,5637
202104,경원선,서빙고,1310,1142,2452
202104,경원선,이촌,3254,2312,5566
202104,경원선,소요산,4946,4153,9099
202104,경원선,동두천,1390,1893,3283
202104,경원선,보산,1266,1413,2679
202104,경원선,동두천중앙,2124,2208,4332
202104,경원선,지행,4033,4030,8063
202104,경원선,덕정,3237,3243,6480
202104,경원선,덕계,1644,1560,3204
202104,경원선,양주,4935,4804,9739
202104,경원선,녹양,2538,2505,5043
202104,경원선,가능,3933,3734,7667
202104,경원선,의정부,12580,12636,25216
202104,경원선,회룡,6975,7131,14106
202104,경원선,망월사,4589,4787,9376
202104,경원선,도봉산,9837,7120,16957
202104,경원선,도봉,3497,3279,6776
202104,경원선,방학,5420,5327,10747
202104,경원선,녹천,2713,2341,5054
202104,경원선,월계,3873,3545,7418
202104,경원선,광운대,3954,4072,8026
202104,경원선,석계,4605,5028,9633
202104,경원선,신이문,4451,4354,8805
202104,경원선,외대앞,4167,4132,8299
202104,경원선,청량리,12550,11832,24382
202104,경원선,왕십리,7576,8574,16150
202104,경원선,응봉,1157,1146,2303
202104,경원선,옥수,52,24,76
202104,경원선,한남,1993,1969,3962
202104,경원선,서빙고,1333,1305,2638
202104,경원선,이촌,2583,1824,4407
202104,경원선,창동,1,0,1
202105,경원선,이촌,2552,1829,4381
202105,경원선,서빙고,1085,989,2074
202105,경원선,한남,2433,2342,4775
202105,경원선,옥수,26,38,64
202105,경원선,응봉,1249,1067,2316
202105,경원선,왕십리,10831,12175,23006
202105,경원선,청량리,13618,15187,28805
202105,경원선,외대앞,5265,5154,10419
202105,경원선,신이문,5520,5057,10577
202105,경원선,석계,5729,6108,11837
202105,경원선,광운대,5271,5048,10319
202105,경원선,월계,3989,3721,7710
202105,경원선,녹천,2993,2554,5547
202105,경원선,방학,6203,6124,12327
202105,경원선,도봉,3758,3568,7326
202105,경원선,도봉산,6844,4659,11503
202105,경원선,망월사,4714,4830,9544
202105,경원선,회룡,8088,8098,16186
202105,경원선,의정부,15558,16291,31849
202105,경원선,가능,4462,4265,8727
202105,경원선,녹양,2886,2853,5739
202105,경원선,양주,5338,5183,10521
202105,경원선,덕계,1776,1618,3394
202105,경원선,덕정,3485,3281,6766
202105,경원선,지행,4672,4622,9294
202105,경원선,동두천중앙,2123,2162,4285
202105,경원선,보산,1803,1718,3521
202105,경원선,동두천,1349,1715,3064
202105,경원선,소요산,2796,2464,5260
202105,경원선,이촌,2483,1874,4357
202105,경원선,서빙고,1287,1242,2529
202105,경원선,한남,1984,1904,3888
202105,경원선,옥수,58,30,88
202105,경원선,응봉,1283,1194,2477
202105,경원선,왕십리,8606,10048,18654
202105,경원선,청량리,13184,12667,25851
202105,경원선,외대앞,4497,4509,9006
202105,경원선,신이문,4698,4388,9086
202105,경원선,석계,4636,5085,9721
202105,경원선,광운대,4192,4485,8677
202105,경원선,월계,3573,3455,7028
202105,경원선,녹천,2587,2248,4835
202105,경원선,방학,5648,5511,11159
202105,경원선,도봉,3424,3168,6592
202105,경원선,도봉산,9595,6999,16594
202105,경원선,망월사,4193,4339,8532
202105,경원선,회룡,7180,7173,14353
202105,경원선,의정부,13017,13057,26074
202105,경원선,가능,3751,3476,7227
202105,경원선,녹양,2613,2475,5088
202105,경원선,양주,4921,4898,9819
202105,경원선,덕계,1630,1675,3305
202105,경원선,덕정,3327,3567,6894
202105,경원선,지행,4173,4164,8337
202105,경원선,동두천중앙,2031,1924,3955
202105,경원선,보산,1314,1535,2849
202105,경원선,동두천,1386,2013,3399
202105,경원선,소요산,4670,3857,8527
202105,경원선,이촌,2604,1951,4555
202105,경원선,서빙고,1171,1003,2174
202105,경원선,한남,2592,2357,4949
202105,경원선,옥수,33,38,71
202105,경원선,응봉,1204,1018,2222
202105,경원선,왕십리,10013,11266,21279
202105,경원선,청량리,13152,15098,28250
202105,경원선,외대앞,5851,5616,11467
202105,경원선,신이문,5696,5309,11005
202105,경원선,석계,5668,6098,11766
202105,경원선,광운대,5274,5008,10282
202105,경원선,월계,4283,3936,8219
202105,경원선,녹천,3234,2676,5910
202105,경원선,창동,3,0,3
202105,경원선,방학,6692,6573,13265
202105,경원선,도봉,3808,3756,7564
202105,경원선,도봉산,7245,4924,12169
202105,경원선,망월사,4973,5090,10063
202105,경원선,회룡,8173,8234,16407
202105,경원선,의정부,15085,15705,30790
202105,경원선,가능,4632,4490,9122
202105,경원선,녹양,3107,3025,6132
202105,경원선,양주,5437,5590,11027
202105,경원선,덕계,1885,1789,3674
202105,경원선,덕정,3909,3780,7689
202105,경원선,지행,4736,4923,9659
202105,경원선,동두천중앙,2344,2452,4796
202105,경원선,보산,1741,1631,3372
202105,경원선,동두천,1417,1964,3381
202105,경원선,소요산,3308,2908,6216
202105,경원선,소요산,4646,3770,8416
202105,경원선,동두천,1372,1756,3128
202105,경원선,보산,1261,1508,2769
202105,경원선,동두천중앙,2155,1963,4118
202105,경원선,지행,4319,4120,8439
202105,경원선,덕정,3198,3362,6560
202105,경원선,덕계,1693,1512,3205
202105,경원선,양주,4980,4642,9622
202105,경원선,녹양,2788,2612,5400
202105,경원선,가능,3946,3582,7528
202105,경원선,의정부,12993,13233,26226
202105,경원선,회룡,7253,7160,14413
202105,경원선,망월사,4175,4396,8571
202105,경원선,도봉산,9712,6962,16674
202105,경원선,도봉,3477,3233,6710
202105,경원선,방학,5535,5304,10839
202105,경원선,창동,1,0,1
202105,경원선,녹천,2541,2274,4815
202105,경원선,월계,3618,3314,6932
202105,경원선,광운대,4144,4423,8567
202105,경원선,석계,4625,5188,9813
202105,경원선,신이문,4608,4292,8900
202105,경원선,외대앞,4344,4504,8848
202105,경원선,청량리,13153,11925,25078
202105,경원선,왕십리,8131,9508,17639
202105,경원선,응봉,1235,1151,2386
202105,경원선,옥수,91,31,122
202105,경원선,한남,1957,1963,3920
202105,경원선,서빙고,1316,1335,2651
202105,경원선,이촌,2472,1799,4271
202105,경원선,이촌,2678,1967,4645
202105,경원선,서빙고,1223,1105,2328
202105,경원선,한남,2658,2483,5141
202105,경원선,옥수,30,31,61
202105,경원선,응봉,1490,1430,2920
202105,경원선,왕십리,11414,13171,24585
202105,경원선,청량리,14556,15903,30459
202105,경원선,외대앞,5594,5482,11076
202105,경원선,신이문,5738,5364,11102
202105,경원선,석계,6168,6647,12815
202105,경원선,광운대,5614,5428,11042
202105,경원선,월계,4832,4433,9265
202105,경원선,녹천,3171,2760,5931
202105,경원선,방학,6976,6760,13736
202105,경원선,도봉,4199,4099,8298
202105,경원선,도봉산,7750,5210,12960
202105,경원선,망월사,5317,5447,10764
202105,경원선,회룡,9219,9184,18403
202105,경원선,의정부,16230,17001,33231
202105,경원선,가능,4815,4624,9439
202105,경원선,녹양,3246,3179,6425
202105,경원선,양주,6009,5620,11629
202105,경원선,덕계,2206,2025,4231
202105,경원선,덕정,4148,3930,8078
202105,경원선,지행,5119,5059,10178
202105,경원선,동두천중앙,2490,2536,5026
202105,경원선,보산,1617,1613,3230
202105,경원선,동두천,1471,1893,3364
202105,경원선,소요산,3471,2891,6362
202105,경원선,이촌,1576,1280,2856
202105,경원선,서빙고,1076,1075,2151
202105,경원선,한남,1461,1457,2918
202105,경원선,옥수,45,20,65
202105,경원선,응봉,702,689,1391
202105,경원선,왕십리,7505,8650,16155
202105,경원선,청량리,11216,10154,21370
202105,경원선,외대앞,3950,3868,7818
202105,경원선,신이문,3746,3526,7272
202105,경원선,석계,3559,3997,7556
202105,경원선,광운대,3536,3588,7124
202105,경원선,월계,2680,2626,5306
202105,경원선,녹천,2022,1693,3715
202105,경원선,방학,4360,4321,8681
202105,경원선,도봉,2553,2450,5003
202105,경원선,도봉산,3880,2681,6561
202105,경원선,망월사,3662,3668,7330
202105,경원선,회룡,5334,5225,10559
202105,경원선,의정부,10353,10410,20763
202105,경원선,가능,2948,2847,5795
202105,경원선,녹양,1971,1936,3907
202105,경원선,양주,3536,3512,7048
202105,경원선,덕계,1221,1158,2379
202105,경원선,덕정,2372,2572,4944
202105,경원선,지행,3062,3078,6140
202105,경원선,동두천중앙,1412,1397,2809
202105,경원선,보산,949,1115,2064
202105,경원선,동두천,934,1161,2095
202105,경원선,소요산,1832,1496,3328
202105,경원선,소요산,4654,4078,8732
202105,경원선,동두천,1641,2121,3762
202105,경원선,보산,1823,1696,3519
202105,경원선,동두천중앙,2492,2516,5008
202105,경원선,지행,5407,5382,10789
202105,경원선,덕정,4576,4313,8889
202105,경원선,덕계,2331,2054,4385
202105,경원선,양주,6440,6293,12733
202105,경원선,녹양,3535,3360,6895
202105,경원선,가능,5266,4932,10198
202105,경원선,의정부,16808,17888,34696
202105,경원선,회룡,9776,9673,19449
202105,경원선,망월사,5644,5830,11474
202105,경원선,도봉산,10485,7485,17970
202105,경원선,도봉,4623,4373,8996
202105,경원선,방학,7462,7156,14618
202105,경원선,녹천,3480,2833,6313
202105,경원선,월계,4827,4411,9238
202105,경원선,광운대,5876,5837,11713
202105,경원선,석계,6733,7208,13941
202105,경원선,신이문,6200,5681,11881
202105,경원선,외대앞,6427,6125,12552
202105,경원선,청량리,15426,16939,32365
202105,경원선,왕십리,12008,13519,25527
202105,경원선,응봉,1552,1341,2893
202105,경원선,옥수,38,29,67
202105,경원선,한남,2948,2752,5700
202105,경원선,서빙고,1426,1316,2742
202105,경원선,이촌,3542,2380,5922
202105,경원선,이촌,2400,1726,4126
202105,경원선,서빙고,1315,1325,2640
202105,경원선,한남,2000,1917,3917
202105,경원선,옥수,47,42,89
202105,경원선,응봉,1130,1062,2192
202105,경원선,왕십리,7953,9056,17009
202105,경원선,청량리,12922,12055,24977
202105,경원선,외대앞,4583,4527,9110
202105,경원선,신이문,4681,4319,9000
202105,경원선,석계,4645,5242,9887
202105,경원선,광운대,4259,4274,8533
202105,경원선,월계,3577,3268,6845
202105,경원선,녹천,2512,2244,4756
202105,경원선,방학,5599,5362,10961
202105,경원선,도봉,3524,3255,6779
202105,경원선,도봉산,10053,7244,17297
202105,경원선,망월사,4267,4488,8755
202105,경원선,회룡,7379,7342,14721
202105,경원선,의정부,12833,13023,25856
202105,경원선,가능,3891,3746,7637
202105,경원선,녹양,2714,2573,5287
202105,경원선,양주,5091,4929,10020
202105,경원선,덕계,1670,1656,3326
202105,경원선,덕정,3323,3479,6802
202105,경원선,지행,4153,4128,8281
202105,경원선,동두천중앙,2034,1961,3995
202105,경원선,보산,1247,1438,2685
202105,경원선,동두천,1370,1823,3193
202105,경원선,소요산,4732,4052,8784
202105,경원선,석계,6334,6718,13052
202105,경원선,이촌,2921,2166,5087
202105,경원선,서빙고,1291,1161,2452
202105,경원선,한남,2761,2731,5492
202105,경원선,옥수,37,48,85
202105,경원선,응봉,1556,1387,2943
202105,경원선,왕십리,11634,13224,24858
202105,경원선,청량리,14845,16429,31274
202105,경원선,외대앞,6150,6009,12159
202105,경원선,신이문,5947,5429,11376
202105,경원선,광운대,5612,5420,11032
202105,경원선,월계,4448,4079,8527
202105,경원선,녹천,3070,2633,5703
202105,경원선,방학,7009,6986,13995
202105,경원선,도봉,4239,3996,8235
202105,경원선,도봉산,8908,6155,15063
202105,경원선,망월사,5518,5630,11148
202105,경원선,회룡,9310,9390,18700
202105,경원선,의정부,16038,16706,32744
202105,경원선,가능,4751,4607,9358
202105,경원선,녹양,3347,3251,6598
202105,경원선,양주,6105,5860,11965
202105,경원선,덕계,2107,1940,4047
202105,경원선,덕정,4184,4058,8242
202105,경원선,지행,5175,4974,10149
202105,경원선,동두천중앙,2361,2362,4723
202105,경원선,보산,1693,1604,3297
202105,경원선,동두천,1564,2063,3627
202105,경원선,소요산,3882,3232,7114
202105,경원선,소요산,4596,3993,8589
202105,경원선,동두천,1349,1734,3083
202105,경원선,보산,1454,1513,2967
202105,경원선,동두천중앙,2164,2122,4286
202105,경원선,지행,4203,3993,8196
202105,경원선,덕정,3097,3246,6343
202105,경원선,덕계,1611,1543,3154
202105,경원선,양주,4849,4799,9648
202105,경원선,녹양,2628,2652,5280
202105,경원선,가능,3910,3810,7720
202105,경원선,의정부,12976,13022,25998
202105,경원선,회룡,7104,7145,14249
202105,경원선,망월사,4240,4433,8673
202105,경원선,도봉산,9667,7138,16805
202105,경원선,도봉,3576,3286,6862
202105,경원선,방학,5752,5545,11297
202105,경원선,녹천,2748,2434,5182
202105,경원선,월계,3598,3461,7059
202105,경원선,광운대,4177,4334,8511
202105,경원선,석계,4658,5259,9917
202105,경원선,신이문,4574,4348,8922
202105,경원선,외대앞,5133,5048,10181
202105,경원선,청량리,13391,12456,25847
202105,경원선,왕십리,8723,10076,18799
202105,경원선,응봉,1170,1099,2269
202105,경원선,옥수,61,25,86
202105,경원선,한남,2143,2115,4258
202105,경원선,서빙고,1250,1300,2550
202105,경원선,이촌,2275,1778,4053
202106,경원선,이촌,3207,2284,5491
202106,경원선,서빙고,1334,1188,2522
202106,경원선,한남,2794,2609,5403
202106,경원선,옥수,32,40,72
202106,경원선,응봉,1741,1581,3322
202106,경원선,왕십리,11831,13531,25362
202106,경원선,청량리,15259,16906,32165
202106,경원선,외대앞,6053,5949,12002
202106,경원선,신이문,6181,5531,11712
202106,경원선,석계,6298,6961,13259
202106,경원선,광운대,5570,5370,10940
202106,경원선,월계,4698,4351,9049
202106,경원선,녹천,3468,2854,6322
202106,경원선,방학,7457,7346,14803
202106,경원선,도봉,4386,4199,8585
202106,경원선,도봉산,9623,6551,16174
202106,경원선,망월사,6021,6134,12155
202106,경원선,회룡,9527,9540,19067
202106,경원선,의정부,17162,18121,35283
202106,경원선,가능,5008,4797,9805
202106,경원선,녹양,3644,3584,7228
202106,경원선,양주,6102,5887,11989
202106,경원선,덕계,2326,2122,4448
202106,경원선,덕정,4345,4078,8423
202106,경원선,지행,5354,5334,10688
202106,경원선,동두천중앙,2892,2914,5806
202106,경원선,보산,1793,1722,3515
202106,경원선,동두천,1713,2144,3857
202106,경원선,소요산,4238,3739,7977
202106,경원선,이촌,2431,1776,4207
202106,경원선,서빙고,1267,1252,2519
202106,경원선,한남,1926,1928,3854
202106,경원선,옥수,66,17,83
202106,경원선,응봉,1085,959,2044
202106,경원선,왕십리,8283,9575,17858
202106,경원선,청량리,13189,11989,25178
202106,경원선,외대앞,4141,4103,8244
202106,경원선,신이문,4476,4202,8678
202106,경원선,석계,4409,4906,9315
202106,경원선,광운대,3960,4143,8103
202106,경원선,월계,3530,3349,6879
202106,경원선,녹천,2490,2170,4660
202106,경원선,방학,5472,5378,10850
202106,경원선,도봉,3264,3156,6420
202106,경원선,도봉산,9373,6727,16100
202106,경원선,망월사,4146,4363,8509
202106,경원선,회룡,7042,7131,14173
202106,경원선,의정부,12728,12817,25545
202106,경원선,가능,3832,3574,7406
202106,경원선,녹양,2785,2662,5447
202106,경원선,양주,4796,4592,9388
202106,경원선,덕계,1639,1560,3199
202106,경원선,덕정,3111,3387,6498
202106,경원선,지행,4031,4010,8041
202106,경원선,동두천중앙,2032,1914,3946
202106,경원선,보산,1350,1552,2902
202106,경원선,동두천,1328,1664,2992
202106,경원선,소요산,4457,3837,8294
202106,경원선,이촌,3150,2258,5408
202106,경원선,서빙고,1355,1244,2599
202106,경원선,한남,2774,2610,5384
202106,경원선,옥수,35,32,67
202106,경원선,응봉,1366,1180,2546
202106,경원선,왕십리,11151,12872,24023
202106,경원선,청량리,14749,16648,31397
202106,경원선,외대앞,5328,5213,10541
202106,경원선,신이문,5874,5287,11161
202106,경원선,석계,6214,6601,12815
202106,경원선,광운대,5507,5500,11007
202106,경원선,월계,4422,4027,8449
202106,경원선,녹천,3282,2711,5993
202106,경원선,방학,7043,6889,13932
202106,경원선,도봉,4384,4111,8495
202106,경원선,도봉산,9171,6415,15586
202106,경원선,망월사,5551,5731,11282
202106,경원선,회룡,9366,9403,18769
202106,경원선,의정부,16515,17342,33857
202106,경원선,가능,5029,4679,9708
202106,경원선,녹양,3432,3357,6789
202106,경원선,양주,5959,5926,11885
202106,경원선,덕계,2137,2050,4187
202106,경원선,덕정,4524,4220,8744
202106,경원선,지행,5098,5118,10216
202106,경원선,동두천중앙,2421,2536,4957
202106,경원선,보산,1631,1528,3159
202106,경원선,동두천,1576,1982,3558
202106,경원선,소요산,4460,3976,8436
202106,경원선,이촌,2179,1695,3874
202106,경원선,서빙고,1246,1281,2527
202106,경원선,한남,1807,1783,3590
202106,경원선,옥수,67,29,96
202106,경원선,응봉,997,902,1899
202106,경원선,왕십리,7392,8568,15960
202106,경원선,청량리,12729,11780,24509
202106,경원선,외대앞,3856,3739,7595
202106,경원선,신이문,4358,4136,8494
202106,경원선,석계,4397,4866,9263
202106,경원선,광운대,3906,3896,7802
202106,경원선,월계,3148,2935,6083
202106,경원선,녹천,2357,2003,4360
202106,경원선,방학,5182,5030,10212
202106,경원선,도봉,3190,2976,6166
202106,경원선,도봉산,8778,6247,15025
202106,경원선,망월사,4137,4375,8512
202106,경원선,회룡,6793,6754,13547
202106,경원선,의정부,12319,12668,24987
202106,경원선,가능,3801,3510,7311
202106,경원선,녹양,2510,2353,4863
202106,경원선,양주,4610,4618,9228
202106,경원선,덕계,1564,1542,3106
202106,경원선,덕정,3073,3216,6289
202106,경원선,지행,4023,3977,8000
202106,경원선,동두천중앙,1974,1907,3881
202106,경원선,보산,1231,1315,2546
202106,경원선,동두천,1301,1718,3019
202106,경원선,소요산,4418,3762,8180
202106,경원선,이촌,3275,2277,5552
202106,경원선,서빙고,1396,1177,2573
202106,경원선,한남,2732,2640,5372
202106,경원선,옥수,36,41,77
202106,경원선,응봉,1395,1243,2638
202106,경원선,왕십리,11958,13652,25610
202106,경원선,청량리,15625,17425,33050
202106,경원선,외대앞,5975,5555,11530
202106,경원선,신이문,6179,5511,11690
202106,경원선,석계,6484,7052,13536
202106,경원선,광운대,5805,5580,11385
202106,경원선,월계,4680,4340,9020
202106,경원선,녹천,3421,2862,6283
202106,경원선,방학,7431,7258,14689
202106,경원선,도봉,4436,4143,8579
202106,경원선,도봉산,9612,6734,16346
202106,경원선,망월사,5519,5678,11197
202106,경원선,회룡,9529,9388,18917
202106,경원선,의정부,17084,18021,35105
202106,경원선,가능,5196,4972,10168
202106,경원선,녹양,3595,3451,7046
202106,경원선,양주,6296,6018,12314
202106,경원선,덕계,2236,2113,4349
202106,경원선,덕정,4378,4027,8405
202106,경원선,지행,5480,5522,11002
202106,경원선,동두천중앙,2570,2558,5128
202106,경원선,보산,1587,1560,3147
202106,경원선,동두천,1612,2090,3702
202106,경원선,소요산,4507,4050,8557
202106,경원선,소요산,4523,3921,8444
202106,경원선,동두천,1258,1588,2846
202106,경원선,보산,1283,1275,2558
202106,경원선,동두천중앙,2186,2166,4352
202106,경원선,지행,4050,3886,7936
202106,경원선,덕정,3174,3184,6358
202106,경원선,덕계,1642,1541,3183
202106,경원선,양주,4934,4872,9806
202106,경원선,녹양,2727,2655,5382
202106,경원선,가능,3824,3776,7600
202106,경원선,의정부,12818,13054,25872
202106,경원선,회룡,6985,7150,14135
202106,경원선,망월사,4244,4402,8646
202106,경원선,도봉산,9181,6580,15761
202106,경원선,도봉,3393,3290,6683
202106,경원선,방학,5607,5380,10987
202106,경원선,녹천,2489,2214,4703
202106,경원선,월계,3578,3302,6880
202106,경원선,광운대,4208,4298,8506
202106,경원선,석계,4611,5037,9648
202106,경원선,신이문,4450,4196,8646
202106,경원선,외대앞,4232,4149,8381
202106,경원선,청량리,13839,12741,26580
202106,경원선,왕십리,8697,9980,18677
202106,경원선,응봉,1041,998,2039
202106,경원선,옥수,62,26,88
202106,경원선,한남,1880,1804,3684
202106,경원선,서빙고,1274,1261,2535
202106,경원선,이촌,2500,1842,4342
202106,경원선,양주,5754,5458,11212
202106,경원선,이촌,3095,2173,5268
202106,경원선,서빙고,1371,1231,2602
202106,경원선,한남,2829,2568,5397
202106,경원선,옥수,32,31,63
202106,경원선,응봉,1358,1094,2452
202106,경원선,왕십리,11714,13318,25032
202106,경원선,청량리,15334,17046,32380
202106,경원선,외대앞,5835,5352,11187
202106,경원선,신이문,6038,5419,11457
202106,경원선,석계,6516,6794,13310
202106,경원선,광운대,5598,5379,10977
202106,경원선,월계,4457,4100,8557
202106,경원선,녹천,3189,2612,5801
202106,경원선,방학,7226,7019,14245
202106,경원선,도봉,4263,3954,8217
202106,경원선,도봉산,7557,5213,12770
202106,경원선,망월사,5111,5252,10363
202106,경원선,회룡,8957,8880,17837
202106,경원선,의정부,15995,16879,32874
202106,경원선,가능,4762,4599,9361
202106,경원선,녹양,3360,3341,6701
202106,경원선,덕계,2089,1921,4010
202106,경원선,덕정,4105,3829,7934
202106,경원선,지행,4967,5029,9996
202106,경원선,동두천중앙,2354,2387,4741
202106,경원선,보산,1389,1361,2750
202106,경원선,동두천,1495,1792,3287
202106,경원선,소요산,3214,2840,6054
202106,경원선,소요산,4787,4232,9019
202106,경원선,동두천,1380,1729,3109
202106,경원선,보산,1224,1363,2587
202106,경원선,동두천중앙,2051,1966,4017
202106,경원선,지행,4127,4154,8281
202106,경원선,덕정,3243,3305,6548
202106,경원선,덕계,1617,1533,3150
202106,경원선,양주,4761,4769,9530
202106,경원선,녹양,2697,2631,5328
202106,경원선,가능,3957,3827,7784
202106,경원선,의정부,13234,13176,26410
202106,경원선,회룡,7179,7061,14240
202106,경원선,망월사,4299,4417,8716
202106,경원선,도봉산,9715,6966,16681
202106,경원선,도봉,3443,3231,6674
202106,경원선,방학,5608,5525,11133
202106,경원선,녹천,2788,2501,5289
202106,경원선,월계,3575,3236,6811
202106,경원선,광운대,4197,4271,8468
202106,경원선,석계,4623,5026,9649
202106,경원선,신이문,4571,4295,8866
202106,경원선,외대앞,4707,4689,9396
202106,경원선,청량리,13691,12728,26419
202106,경원선,왕십리,8189,9152,17341
202106,경원선,응봉,1021,1009,2030
202106,경원선,옥수,51,24,75
202106,경원선,한남,1903,1858,3761
202106,경원선,서빙고,1309,1339,2648
202106,경원선,이촌,2239,1747,3986
202107,경원선,광운대,5140,4988,10128
202107,경원선,석계,6009,6350,12359
202107,경원선,신이문,5553,5239,10792
202107,경원선,외대앞,5327,5186,10513
202107,경원선,청량리,14466,16028,30494
202107,경원선,왕십리,10935,12689,23624
202107,경원선,응봉,1155,1017,2172
202107,경원선,옥수,46,39,85
202107,경원선,한남,2511,2445,4956
202107,경원선,서빙고,1157,1128,2285
202107,경원선,이촌,2748,2101,4849
202107,경원선,소요산,3148,2848,5996
202107,경원선,동두천,1381,1740,3121
202107,경원선,보산,1285,1337,2622
202107,경원선,동두천중앙,2296,2315,4611
202107,경원선,지행,4750,4705,9455
202107,경원선,덕정,3673,3430,7103
202107,경원선,덕계,2060,1896,3956
202107,경원선,양주,5329,5130,10459
202107,경원선,녹양,3124,3068,6192
202107,경원선,가능,4582,4487,9069
202107,경원선,의정부,15350,15858,31208
202107,경원선,회룡,8546,8462,17008
202107,경원선,망월사,5073,5263,10336
202107,경원선,도봉산,7650,5164,12814
202107,경원선,도봉,4003,3857,7860
202107,경원선,방학,6586,6526,13112
202107,경원선,녹천,3130,2727,5857
202107,경원선,월계,3973,3840,7813
202107,경원선,이촌,1785,1415,3200
202107,경원선,서빙고,1131,1081,2212
202107,경원선,한남,1545,1605,3150
202107,경원선,옥수,47,22,69
202107,경원선,응봉,981,868,1849
202107,경원선,왕십리,7526,8530,16056
202107,경원선,청량리,11997,10451,22448
202107,경원선,외대앞,3692,3657,7349
202107,경원선,신이문,3762,3575,7337
202107,경원선,석계,3800,4228,8028
202107,경원선,광운대,3470,3604,7074
202107,경원선,월계,3192,2929,6121
202107,경원선,녹천,2045,1806,3851
202107,경원선,방학,4678,4580,9258
202107,경원선,도봉,2783,2579,5362
202107,경원선,도봉산,4489,3059,7548
202107,경원선,망월사,3430,3510,6940
202107,경원선,회룡,5641,5614,11255
202107,경원선,의정부,10668,10782,21450
202107,경원선,가능,3181,3005,6186
202107,경원선,녹양,2178,2125,4303
202107,경원선,양주,3597,3668,7265
202107,경원선,덕계,1292,1235,2527
202107,경원선,덕정,2500,2617,5117
202107,경원선,지행,3406,3431,6837
202107,경원선,동두천중앙,1685,1597,3282
202107,경원선,보산,1057,1023,2080
202107,경원선,동두천,1183,1279,2462
202107,경원선,소요산,2406,1945,4351
202107,경원선,왕십리,9780,11309,21089
202107,경원선,청량리,11997,14026,26023
202107,경원선,외대앞,4897,4778,9675
202107,경원선,신이문,5325,4797,10122
202107,경원선,석계,5350,5667,11017
202107,경원선,광운대,4747,4575,9322
202107,경원선,월계,4163,3817,7980
202107,경원선,녹천,2930,2464,5394
202107,경원선,방학,6344,6161,12505
202107,경원선,도봉,3894,3631,7525
202107,경원선,도봉산,7129,4815,11944
202107,경원선,망월사,4750,4776,9526
202107,경원선,회룡,7797,7836,15633
202107,경원선,의정부,13801,14741,28542
202107,경원선,가능,4527,4266,8793
202107,경원선,녹양,2943,2881,5824
202107,경원선,양주,4913,4715,9628
202107,경원선,덕계,1901,1813,3714
202107,경원선,덕정,3476,3413,6889
202107,경원선,지행,4378,4288,8666
202107,경원선,동두천중앙,2275,2349,4624
202107,경원선,보산,1146,1188,2334
202107,경원선,동두천,1357,1731,3088
202107,경원선,소요산,3252,2904,6156
202107,경원선,이촌,2449,1839,4288
202107,경원선,서빙고,1079,957,2036
202107,경원선,한남,2414,2184,4598
202107,경원선,옥수,37,27,64
202107,경원선,응봉,1116,909,2025
202107,경원선,이촌,1646,1385,3031
202107,경원선,서빙고,953,995,1948
202107,경원선,한남,1472,1516,2988
202107,경원선,옥수,55,24,79
202107,경원선,응봉,792,725,1517
202107,경원선,왕십리,6535,7676,14211
202107,경원선,청량리,10747,9431,20178
202107,경원선,외대앞,3772,3701,7473
202107,경원선,신이문,3639,3454,7093
202107,경원선,석계,3616,3953,7569
202107,경원선,광운대,3184,3243,6427
202107,경원선,월계,2853,2629,5482
202107,경원선,녹천,2077,1799,3876
202107,경원선,방학,4552,4388,8940
202107,경원선,도봉,2688,2515,5203
202107,경원선,도봉산,5820,4161,9981
202107,경원선,망월사,3707,3617,7324
202107,경원선,회룡,5326,5416,10742
202107,경원선,의정부,10373,10575,20948
202107,경원선,가능,3178,3025,6203
202107,경원선,녹양,2092,2088,4180
202107,경원선,양주,3674,3570,7244
202107,경원선,덕계,1362,1253,2615
202107,경원선,덕정,2583,2731,5314
202107,경원선,지행,3301,3240,6541
202107,경원선,동두천중앙,1676,1608,3284
202107,경원선,보산,987,864,1851
202107,경원선,동두천,1066,1290,2356
202107,경원선,소요산,3283,2750,6033
202107,경원선,창동,1,0,1
202107,경원선,소요산,3947,3573,7520
202107,경원선,동두천,1280,1661,2941
202107,경원선,보산,993,985,1978
202107,경원선,동두천중앙,1958,1991,3949
202107,경원선,지행,3949,4041,7990
202107,경원선,덕정,3294,3106,6400
202107,경원선,덕계,1876,1712,3588
202107,경원선,양주,4682,4482,9164
202107,경원선,녹양,2612,2574,5186
202107,경원선,가능,4050,3900,7950
202107,경원선,의정부,12760,13288,26048
202107,경원선,회룡,7271,7371,14642
202107,경원선,망월사,4280,4504,8784
202107,경원선,도봉산,7559,5068,12627
202107,경원선,도봉,3569,3431,7000
202107,경원선,방학,5946,5768,11714
202107,경원선,녹천,2731,2273,5004
202107,경원선,월계,3558,3412,6970
202107,경원선,광운대,4299,4153,8452
202107,경원선,석계,4894,5169,10063
202107,경원선,신이문,4863,4568,9431
202107,경원선,외대앞,4468,4284,8752
202107,경원선,청량리,11431,13175,24606
202107,경원선,왕십리,8756,10185,18941
202107,경원선,응봉,1302,1170,2472
202107,경원선,옥수,31,29,60
202107,경원선,한남,2222,1956,4178
202107,경원선,서빙고,1011,839,1850
202107,경원선,이촌,2147,1679,3826
202107,경원선,소요산,4159,3643,7802
202107,경원선,동두천,1066,1273,2339
202107,경원선,보산,880,818,1698
202107,경원선,동두천중앙,1651,1475,3126
202107,경원선,지행,3039,2940,5979
202107,경원선,덕정,2339,2465,4804
202107,경원선,덕계,1144,1125,2269
202107,경원선,양주,3485,3496,6981
202107,경원선,녹양,1860,1894,3754
202107,경원선,가능,2944,2772,5716
202107,경원선,의정부,9942,10043,19985
202107,경원선,회룡,5065,5150,10215
202107,경원선,망월사,3270,3387,6657
202107,경원선,도봉산,6986,4927,11913
202107,경원선,도봉,2631,2453,5084
202107,경원선,방학,4189,4136,8325
202107,경원선,창동,1,0,1
202107,경원선,녹천,1936,1607,3543
202107,경원선,월계,2669,2537,5206
202107,경원선,광운대,3092,3179,6271
202107,경원선,석계,3449,3883,7332
202107,경원선,신이문,3580,3264,6844
202107,경원선,외대앞,3146,3214,6360
202107,경원선,청량리,10871,9226,20097
202107,경원선,왕십리,6538,7813,14351
202107,경원선,응봉,771,724,1495
202107,경원선,옥수,50,11,61
202107,경원선,한남,1446,1484,2930
202107,경원선,서빙고,691,676,1367
202107,경원선,이촌,1415,1129,2544
202107,경원선,이촌,2107,1618,3725
202107,경원선,서빙고,956,822,1778
202107,경원선,한남,2107,1945,4052
202107,경원선,옥수,37,34,71
202107,경원선,응봉,1002,808,1810
202107,경원선,왕십리,8762,10298,19060
202107,경원선,청량리,11208,12820,24028
202107,경원선,외대앞,4090,4048,8138
202107,경원선,신이문,4774,4251,9025
202107,경원선,석계,4858,5037,9895
202107,경원선,광운대,4226,4045,8271
202107,경원선,월계,3689,3371,7060
202107,경원선,녹천,2515,2100,4615
202107,경원선,방학,5814,5583,11397
202107,경원선,도봉,3421,3217,6638
202107,경원선,도봉산,6213,4722,10935
202107,경원선,망월사,4409,4398,8807
202107,경원선,회룡,6880,7073,13953
202107,경원선,의정부,12790,13405,26195
202107,경원선,가능,3914,3708,7622
202107,경원선,녹양,2555,2435,4990
202107,경원선,양주,4695,4522,9217
202107,경원선,덕계,1670,1516,3186
202107,경원선,덕정,3292,3110,6402
202107,경원선,지행,3908,4016,7924
202107,경원선,동두천중앙,1912,1978,3890
202107,경원선,보산,1034,1064,2098
202107,경원선,동두천,1391,1695,3086
202107,경원선,소요산,4061,3680,7741
202107,경원선,창동,1,0,1
202107,경원선,이촌,1394,1185,2579
202107,경원선,서빙고,691,652,1343
202107,경원선,한남,1450,1454,2904
202107,경원선,옥수,52,17,69
202107,경원선,응봉,725,703,1428
202107,경원선,왕십리,6031,7179,13210
202107,경원선,청량리,10425,9085,19510
202107,경원선,외대앞,3125,3177,6302
202107,경원선,신이문,3353,3254,6607
202107,경원선,석계,3277,3708,6985
202107,경원선,광운대,2977,2891,5868
202107,경원선,월계,2437,2328,4765
202107,경원선,녹천,2012,1682,3694
202107,경원선,방학,3905,3783,7688
202107,경원선,도봉,2492,2338,4830
202107,경원선,도봉산,5773,4539,10312
202107,경원선,망월사,3166,3221,6387
202107,경원선,회룡,4963,5003,9966
202107,경원선,의정부,9609,9546,19155
202107,경원선,가능,2861,2763,5624
202107,경원선,녹양,1803,1824,3627
202107,경원선,양주,3414,3387,6801
202107,경원선,덕계,1174,1105,2279
202107,경원선,덕정,2337,2354,4691
202107,경원선,지행,2919,2887,5806
202107,경원선,동두천중앙,1699,1603,3302
202107,경원선,보산,921,846,1767
202107,경원선,동두천,1148,1321,2469
202107,경원선,소요산,4292,3812,8104
202107,경원선,석계,4819,5280,10099
202107,경원선,광운대,4080,4004,8084
202107,경원선,월계,3432,3226,6658
202107,경원선,녹천,2718,2172,4890
202107,경원선,방학,5657,5479,11136
202107,경원선,도봉산,6530,4442,10972
202107,경원선,도봉,3401,3289,6690
202107,경원선,소요산,3635,3317,6952
202107,경원선,동두천,1302,1584,2886
202107,경원선,보산,1010,1079,2089
202107,경원선,동두천중앙,1962,2067,4029
202107,경원선,지행,3828,3810,7638
202107,경원선,덕정,3329,3073,6402
202107,경원선,덕계,1649,1518,3167
202107,경원선,양주,4636,4491,9127
202107,경원선,녹양,2556,2498,5054
202107,경원선,가능,3838,3761,7599
202107,경원선,의정부,12677,13148,25825
202107,경원선,회룡,6891,6963,13854
202107,경원선,망월사,4203,4204,8407
202107,경원선,이촌,2175,1649,3824
202107,경원선,서빙고,972,824,1796
202107,경원선,한남,2127,2033,4160
202107,경원선,옥수,39,26,65
202107,경원선,응봉,944,789,1733
202107,경원선,왕십리,8678,9916,18594
202107,경원선,청량리,11320,13138,24458
202107,경원선,외대앞,4261,4279,8540
202107,경원선,신이문,4666,4313,8979
202108,경원선,소요산,3392,2902,6294
202108,경원선,동두천,1061,1242,2303
202108,경원선,보산,908,837,1745
202108,경원선,동두천중앙,1572,1477,3049
202108,경원선,지행,2699,2777,5476
202108,경원선,덕정,2287,2235,4522
202108,경원선,덕계,1136,1110,2246
202108,경원선,양주,3411,3235,6646
202108,경원선,녹양,1796,1745,3541
202108,경원선,가능,2824,2642,5466
202108,경원선,의정부,9570,9552,19122
202108,경원선,회룡,4918,4779,9697
202108,경원선,망월사,3015,3091,6106
202108,경원선,도봉산,5676,3875,9551
202108,경원선,도봉,2463,2371,4834
202108,경원선,방학,3846,3778,7624
202108,경원선,녹천,1755,1526,3281
202108,경원선,월계,2629,2453,5082
202108,경원선,광운대,2984,3005,5989
202108,경원선,석계,3393,3905,7298
202108,경원선,신이문,3374,3198,6572
202108,경원선,외대앞,3105,3138,6243
202108,경원선,청량리,11070,9598,20668
202108,경원선,왕십리,6525,7535,14060
202108,경원선,응봉,681,623,1304
202108,경원선,옥수,49,18,67
202108,경원선,한남,1412,1412,2824
202108,경원선,서빙고,665,659,1324
202108,경원선,이촌,1281,1107,2388
202108,경원선,이촌,2268,1704,3972
202108,경원선,서빙고,1061,923,1984
202108,경원선,한남,2181,2065,4246
202108,경원선,옥수,27,39,66
202108,경원선,응봉,1056,882,1938
202108,경원선,왕십리,9121,10951,20072
202108,경원선,청량리,11930,13615,25545
202108,경원선,외대앞,4531,4332,8863
202108,경원선,신이문,4910,4536,9446
202108,경원선,석계,5074,5355,10429
202108,경원선,광운대,4399,4360,8759
202108,경원선,월계,3653,3461,7114
202108,경원선,녹천,2710,2260,4970
202108,경원선,방학,6180,6009,12189
202108,경원선,도봉,3624,3390,7014
202108,경원선,도봉산,7304,5007,12311
202108,경원선,망월사,4659,4680,9339
202108,경원선,회룡,7565,7577,15142
202108,경원선,의정부,13451,14064,27515
202108,경원선,가능,4142,4040,8182
202108,경원선,녹양,2728,2694,5422
202108,경원선,양주,4943,4755,9698
202108,경원선,덕계,1812,1697,3509
202108,경원선,덕정,3391,3272,6663
202108,경원선,지행,4307,4229,8536
202108,경원선,동두천중앙,2029,2076,4105
202108,경원선,보산,1066,1103,2169
202108,경원선,동두천,1388,1823,3211
202108,경원선,소요산,3898,3574,7472
202108,경원선,양주,3841,3789,7630
202108,경원선,이촌,1391,1170,2561
202108,경원선,서빙고,663,650,1313
202108,경원선,한남,1431,1443,2874
202108,경원선,옥수,43,16,59
202108,경원선,응봉,707,674,1381
202108,경원선,왕십리,6383,7575,13958
202108,경원선,청량리,11167,9660,20827
202108,경원선,외대앞,3279,3311,6590
202108,경원선,신이문,3571,3416,6987
202108,경원선,석계,3602,3992,7594
202108,경원선,광운대,3123,3126,6249
202108,경원선,월계,2575,2420,4995
202108,경원선,녹천,2033,1734,3767
202108,경원선,방학,4139,4092,8231
202108,경원선,도봉,2600,2492,5092
202108,경원선,도봉산,6799,4641,11440
202108,경원선,망월사,3382,3419,6801
202108,경원선,회룡,5353,5325,10678
202108,경원선,의정부,10012,10258,20270
202108,경원선,가능,3061,2917,5978
202108,경원선,녹양,1987,1968,3955
202108,경원선,덕계,1186,1183,2369
202108,경원선,덕정,2429,2527,4956
202108,경원선,지행,3027,3081,6108
202108,경원선,동두천중앙,1675,1573,3248
202108,경원선,보산,966,908,1874
202108,경원선,동두천,1063,1304,2367
202108,경원선,소요산,4008,3457,7465
202108,경원선,소요산,3780,3306,7086
202108,경원선,동두천,1352,1771,3123
202108,경원선,보산,1189,1159,2348
202108,경원선,동두천중앙,2022,2187,4209
202108,경원선,지행,4331,4339,8670
202108,경원선,덕정,3513,3284,6797
202108,경원선,덕계,1845,1735,3580
202108,경원선,양주,5224,5004,10228
202108,경원선,녹양,2738,2713,5451
202108,경원선,가능,4372,4193,8565
202108,경원선,의정부,13576,14453,28029
202108,경원선,회룡,7801,7912,15713
202108,경원선,망월사,4774,4883,9657
202108,경원선,도봉산,7462,5184,12646
202108,경원선,도봉,3866,3633,7499
202108,경원선,방학,6090,5878,11968
202108,경원선,녹천,2838,2350,5188
202108,경원선,월계,3669,3541,7210
202108,경원선,광운대,4567,4350,8917
202108,경원선,석계,5303,5489,10792
202108,경원선,신이문,5103,4530,9633
202108,경원선,외대앞,4550,4535,9085
202108,경원선,청량리,12553,14793,27346
202108,경원선,왕십리,9515,10793,20308
202108,경원선,응봉,1136,899,2035
202108,경원선,옥수,32,32,64
202108,경원선,한남,2401,2140,4541
202108,경원선,서빙고,1129,959,2088
202108,경원선,이촌,2520,1794,4314
202108,경원선,소요산,4217,3560,7777
202108,경원선,동두천,1117,1457,2574
202108,경원선,보산,936,968,1904
202108,경원선,동두천중앙,1829,1769,3598
202108,경원선,지행,3371,3224,6595
202108,경원선,덕정,2652,2781,5433
202108,경원선,덕계,1275,1248,2523
202108,경원선,양주,3933,3931,7864
202108,경원선,녹양,2207,2111,4318
202108,경원선,가능,3282,3109,6391
202108,경원선,의정부,10919,11342,22261
202108,경원선,회룡,5878,5902,11780
202108,경원선,망월사,3581,3836,7417
202108,경원선,도봉산,7760,5480,13240
202108,경원선,도봉,2867,2684,5551
202108,경원선,방학,4786,4649,9435
202108,경원선,녹천,2020,1729,3749
202108,경원선,월계,3297,2951,6248
202108,경원선,광운대,3360,3456,6816
202108,경원선,석계,3874,4293,8167
202108,경원선,신이문,3754,3520,7274
202108,경원선,외대앞,3412,3410,6822
202108,경원선,청량리,11879,10874,22753
202108,경원선,왕십리,7162,8226,15388
202108,경원선,응봉,875,794,1669
202108,경원선,옥수,27,22,49
202108,경원선,한남,1680,1707,3387
202108,경원선,서빙고,891,847,1738
202108,경원선,이촌,1729,1327,3056
202108,경원선,소요산,2042,1799,3841
202108,경원선,동두천,1214,1549,2763
202108,경원선,보산,974,1013,1987
202108,경원선,동두천중앙,1815,1877,3692
202108,경원선,지행,3858,3807,7665
202108,경원선,덕정,2973,2791,5764
202108,경원선,덕계,1767,1660,3427
202108,경원선,양주,4540,4249,8789
202108,경원선,녹양,2530,2479,5009
202108,경원선,가능,3860,3754,7614
202108,경원선,의정부,12178,12883,25061
202108,경원선,회룡,6810,6828,13638
202108,경원선,망월사,4172,4244,8416
202108,경원선,도봉산,4821,3237,8058
202108,경원선,도봉,3425,3191,6616
202108,경원선,방학,5645,5456,11101
202108,경원선,녹천,2447,2142,4589
202108,경원선,월계,3368,3146,6514
202108,경원선,광운대,4068,4033,8101
202108,경원선,석계,4713,5010,9723
202108,경원선,신이문,4666,4330,8996
202108,경원선,외대앞,4215,4079,8294
202108,경원선,청량리,10882,12408,23290
202108,경원선,왕십리,8817,10253,19070
202108,경원선,응봉,921,768,1689
202108,경원선,옥수,31,43,74
202108,경원선,한남,2101,1991,4092
202108,경원선,서빙고,915,810,1725
202108,경원선,이촌,2059,1579,3638
202108,경원선,창동,1,0,1
202108,경원선,이촌,1803,1540,3343
202108,경원선,서빙고,930,860,1790
202108,경원선,한남,1645,1663,3308
202108,경원선,옥수,51,18,69
202108,경원선,응봉,897,795,1692
202108,경원선,왕십리,6789,7937,14726
202108,경원선,청량리,11680,10478,22158
202108,경원선,외대앞,3584,3520,7104
202108,경원선,신이문,4075,3746,7821
202108,경원선,석계,4068,4341,8409
202108,경원선,광운대,3539,3495,7034
202108,경원선,월계,3137,2868,6005
202108,경원선,녹천,2260,1914,4174
202108,경원선,방학,4860,4781,9641
202108,경원선,도봉,2972,2934,5906
202108,경원선,도봉산,7319,5303,12622
202108,경원선,망월사,3783,3891,7674
202108,경원선,회룡,6210,6016,12226
202108,경원선,의정부,11148,11323,22471
202108,경원선,가능,3446,3300,6746
202108,경원선,녹양,2292,2159,4451
202108,경원선,양주,4261,4214,8475
202108,경원선,덕계,1419,1337,2756
202108,경원선,덕정,2827,2776,5603
202108,경원선,지행,3557,3547,7104
202108,경원선,동두천중앙,1793,1727,3520
202108,경원선,보산,979,972,1951
202108,경원선,동두천,1241,1397,2638
202108,경원선,소요산,3790,3289,7079
202108,경원선,이촌,2756,2023,4779
202108,경원선,서빙고,1267,1055,2322
202108,경원선,한남,2586,2237,4823
202108,경원선,옥수,34,39,73
202108,경원선,응봉,1230,1083,2313
202108,경원선,왕십리,10162,11601,21763
202108,경원선,청량리,13600,15425,29025
202108,경원선,외대앞,5125,4909,10034
202108,경원선,신이문,5463,5104,10567
202108,경원선,석계,5857,6253,12110
202108,경원선,광운대,4940,4773,9713
202108,경원선,월계,4242,4012,8254
202108,경원선,녹천,2872,2423,5295
202108,경원선,방학,6551,6423,12974
202108,경원선,도봉,4047,3779,7826
202108,경원선,도봉산,8104,5579,13683
202108,경원선,망월사,5056,5178,10234
202108,경원선,회룡,8609,8642,17251
202108,경원선,의정부,14888,15790,30678
202108,경원선,가능,4508,4295,8803
202108,경원선,녹양,3047,2968,6015
202108,경원선,양주,5803,5471,11274
202108,경원선,덕계,2113,1926,4039
202108,경원선,덕정,3718,3647,7365
202108,경원선,지행,5208,5112,10320
202108,경원선,동두천중앙,2381,2391,4772
202108,경원선,보산,2028,1780,3808
202108,경원선,동두천,1444,1893,3337
202108,경원선,소요산,3914,3475,7389
202108,경원선,양주,4332,4305,8637
202108,경원선,이촌,1870,1536,3406
202108,경원선,서빙고,937,934,1871
202108,경원선,한남,1712,1601,3313
202108,경원선,옥수,56,20,76
202108,경원선,응봉,940,848,1788
202108,경원선,왕십리,7723,9013,16736
202108,경원선,청량리,12179,10977,23156
202108,경원선,외대앞,3975,4027,8002
202108,경원선,신이문,4170,3814,7984
202108,경원선,석계,4297,4706,9003
202108,경원선,광운대,3669,3766,7435
202108,경원선,월계,3268,3127,6395
202108,경원선,녹천,2400,2097,4497
202108,경원선,창동,1,0,1
202108,경원선,방학,5076,4939,10015
202108,경원선,도봉,3079,2913,5992
202108,경원선,도봉산,7375,5286,12661
202108,경원선,망월사,3844,3867,7711
202108,경원선,회룡,6290,6141,12431
202108,경원선,의정부,11626,11769,23395
202108,경원선,가능,3416,3194,6610
202108,경원선,녹양,2253,2246,4499
202108,경원선,덕계,1505,1428,2933
202108,경원선,덕정,2857,2916,5773
202108,경원선,지행,3941,3849,7790
202108,경원선,동두천중앙,1881,1798,3679
202108,경원선,보산,1515,1423,2938
202108,경원선,동두천,1258,1514,2772
202108,경원선,소요산,3795,3193,6988
202109,경원선,이촌,3023,2053,5076
202109,경원선,서빙고,1326,1170,2496
202109,경원선,한남,2706,2515,5221
202109,경원선,옥수,43,45,88
202109,경원선,응봉,1278,1087,2365
202109,경원선,왕십리,10976,13003,23979
202109,경원선,청량리,14421,15798,30219
202109,경원선,외대앞,5432,5255,10687
202109,경원선,신이문,5600,5159,10759
202109,경원선,석계,6337,6691,13028
202109,경원선,광운대,5174,5044,10218
202109,경원선,월계,4360,4024,8384
202109,경원선,녹천,3126,2682,5808
202109,경원선,방학,6861,6701,13562
202109,경원선,도봉,4211,3978,8189
202109,경원선,도봉산,8911,6302,15213
202109,경원선,망월사,5173,5337,10510
202109,경원선,회룡,9008,8936,17944
202109,경원선,의정부,15387,16194,31581
202109,경원선,가능,4753,4578,9331
202109,경원선,녹양,3319,3187,6506
202109,경원선,양주,6086,5824,11910
202109,경원선,덕계,2203,2033,4236
202109,경원선,덕정,3968,3776,7744
202109,경원선,지행,5271,5243,10514
202109,경원선,동두천중앙,2431,2409,4840
202109,경원선,보산,2024,1909,3933
202109,경원선,동두천,1545,2051,3596
202109,경원선,소요산,4221,3708,7929
202109,경원선,소요산,4046,3490,7536
202109,경원선,동두천,1261,1589,2850
202109,경원선,보산,1603,1444,3047
202109,경원선,동두천중앙,2105,2021,4126
202109,경원선,지행,4119,4020,8139
202109,경원선,덕정,3089,3182,6271
202109,경원선,덕계,1531,1499,3030
202109,경원선,양주,4758,4642,9400
202109,경원선,녹양,2507,2376,4883
202109,경원선,가능,3646,3471,7117
202109,경원선,의정부,12071,12262,24333
202109,경원선,회룡,6783,6730,13513
202109,경원선,망월사,4112,4197,8309
202109,경원선,도봉산,8877,6225,15102
202109,경원선,도봉,3217,3063,6280
202109,경원선,방학,5353,5140,10493
202109,경원선,녹천,2280,2052,4332
202109,경원선,월계,3320,3150,6470
202109,경원선,석계,4543,5054,9597
202109,경원선,신이문,4220,3980,8200
202109,경원선,청량리,13032,11846,24878
202109,경원선,왕십리,8049,9522,17571
202109,경원선,응봉,1048,949,1997
202109,경원선,옥수,52,26,78
202109,경원선,한남,1895,1939,3834
202109,경원선,서빙고,1025,929,1954
202109,경원선,이촌,2057,1614,3671
202109,경원선,외대앞,4820,4788,9608
202109,경원선,광운대,3872,3908,7780
202109,경원선,이촌,3010,2210,5220
202109,경원선,서빙고,1259,1178,2437
202109,경원선,한남,2649,2437,5086
202109,경원선,옥수,29,34,63
202109,경원선,응봉,1742,1381,3123
202109,경원선,왕십리,11052,13071,24123
202109,경원선,청량리,15128,16486,31614
202109,경원선,외대앞,5802,5662,11464
202109,경원선,신이문,5677,5193,10870
202109,경원선,석계,6409,6751,13160
202109,경원선,광운대,5406,5229,10635
202109,경원선,월계,4345,4215,8560
202109,경원선,녹천,3169,2780,5949
202109,경원선,방학,7117,6897,14014
202109,경원선,도봉,4240,3978,8218
202109,경원선,도봉산,8876,6096,14972
202109,경원선,망월사,5804,5850,11654
202109,경원선,회룡,9303,9362,18665
202109,경원선,의정부,16070,16762,32832
202109,경원선,가능,4999,4755,9754
202109,경원선,녹양,3389,3268,6657
202109,경원선,양주,6339,6137,12476
202109,경원선,덕계,2271,2076,4347
202109,경원선,덕정,4188,3951,8139
202109,경원선,지행,5421,5478,10899
202109,경원선,동두천중앙,2439,2440,4879
202109,경원선,보산,1830,1767,3597
202109,경원선,동두천,1557,2014,3571
202109,경원선,소요산,4212,3616,7828
202109,경원선,소요산,4109,3566,7675
202109,경원선,동두천,1281,1585,2866
202109,경원선,보산,1345,1413,2758
202109,경원선,동두천중앙,2008,1866,3874
202109,경원선,지행,4048,4138,8186
202109,경원선,덕정,3136,3334,6470
202109,경원선,덕계,1715,1595,3310
202109,경원선,양주,4921,4832,9753
202109,경원선,녹양,2562,2452,5014
202109,경원선,가능,3810,3557,7367
202109,경원선,의정부,12405,12534,24939
202109,경원선,회룡,6882,6937,13819
202109,경원선,망월사,4349,4420,8769
202109,경원선,도봉산,8602,6267,14869
202109,경원선,도봉,3298,3108,6406
202109,경원선,방학,5346,5228,10574
202109,경원선,창동,1,0,1
202109,경원선,녹천,2320,2060,4380
202109,경원선,월계,3634,3218,6852
202109,경원선,광운대,3876,3953,7829
202109,경원선,석계,4480,4949,9429
202109,경원선,신이문,4453,4167,8620
202109,경원선,외대앞,4433,4405,8838
202109,경원선,청량리,12943,11945,24888
202109,경원선,왕십리,7652,9137,16789
202109,경원선,응봉,969,931,1900
202109,경원선,옥수,50,26,76
202109,경원선,한남,1784,1700,3484
202109,경원선,서빙고,969,958,1927
202109,경원선,이촌,2124,1612,3736
202109,경원선,이촌,2835,1998,4833
202109,경원선,서빙고,1192,1078,2270
202109,경원선,한남,2603,2389,4992
202109,경원선,옥수,21,20,41
202109,경원선,응봉,1245,1052,2297
202109,경원선,왕십리,10296,11154,21450
202109,경원선,청량리,13219,14483,27702
202109,경원선,외대앞,5377,4821,10198
202109,경원선,신이문,5780,5277,11057
202109,경원선,석계,6041,6248,12289
202109,경원선,광운대,5194,4860,10054
202109,경원선,월계,4405,3974,8379
202109,경원선,녹천,3050,2555,5605
202109,경원선,창동,1,0,1
202109,경원선,방학,6951,6570,13521
202109,경원선,도봉,4232,3938,8170
202109,경원선,도봉산,8006,5533,13539
202109,경원선,망월사,5189,5372,10561
202109,경원선,회룡,8751,8841,17592
202109,경원선,의정부,16011,16958,32969
202109,경원선,가능,4753,4477,9230
202109,경원선,녹양,3200,3146,6346
202109,경원선,양주,5872,5863,11735
202109,경원선,덕계,2001,1906,3907
202109,경원선,덕정,4052,3755,7807
202109,경원선,지행,4990,5125,10115
202109,경원선,동두천중앙,2393,2395,4788
202109,경원선,보산,2065,1727,3792
202109,경원선,동두천,1525,2117,3642
202109,경원선,소요산,3508,3180,6688
202109,경원선,소요산,3306,3077,6383
202109,경원선,동두천,1306,1728,3034
202109,경원선,보산,1606,1622,3228
202109,경원선,동두천중앙,2023,2081,4104
202109,경원선,지행,3757,4004,7761
202109,경원선,덕정,3216,2962,6178
202109,경원선,덕계,1506,1449,2955
202109,경원선,양주,4789,4758,9547
202109,경원선,녹양,2351,2329,4680
202109,경원선,가능,3688,3509,7197
202109,경원선,의정부,13240,13744,26984
202109,경원선,회룡,6289,6492,12781
202109,경원선,망월사,3846,3993,7839
202109,경원선,도봉산,7301,5113,12414
202109,경원선,도봉,3317,3131,6448
202109,경원선,방학,5416,5175,10591
202109,경원선,녹천,2406,1856,4262
202109,경원선,월계,3521,3127,6648
202109,경원선,광운대,3967,3621,7588
202109,경원선,석계,4566,4739,9305
202109,경원선,신이문,4531,4066,8597
202109,경원선,외대앞,4095,3660,7755
202109,경원선,청량리,10736,11642,22378
202109,경원선,왕십리,7303,8011,15314
202109,경원선,응봉,965,816,1781
202109,경원선,옥수,36,21,57
202109,경원선,한남,1764,1678,3442
202109,경원선,서빙고,995,874,1869
202109,경원선,이촌,2022,1524,3546
202109,경원선,창동,1,0,1
202109,경원선,소요산,4298,3594,7892
202109,경원선,동두천,1615,2183,3798
202109,경원선,보산,1612,1516,3128
202109,경원선,동두천중앙,2487,2533,5020
202109,경원선,지행,4946,4936,9882
202109,경원선,덕정,3902,3691,7593
202109,경원선,덕계,2195,2087,4282
202109,경원선,양주,6430,6111,12541
202109,경원선,녹양,3344,3228,6572
202109,경원선,가능,4815,4668,9483
202109,경원선,의정부,15199,16158,31357
202109,경원선,회룡,9016,9004,18020
202109,경원선,망월사,5023,5194,10217
202109,경원선,도봉산,9356,6745,16101
202109,경원선,도봉,4334,4157,8491
202109,경원선,방학,7005,6720,13725
202109,경원선,녹천,3003,2531,5534
202109,경원선,월계,4285,4075,8360
202109,경원선,광운대,5084,4938,10022
202109,경원선,석계,6157,6497,12654
202109,경원선,신이문,5546,5103,10649
202109,경원선,외대앞,5483,5430,10913
202109,경원선,청량리,13498,14697,28195
202109,경원선,왕십리,10428,12185,22613
202109,경원선,응봉,1257,1091,2348
202109,경원선,옥수,22,36,58
202109,경원선,한남,2614,2434,5048
202109,경원선,서빙고,1237,1140,2377
202109,경원선,이촌,2903,2112,5015
202109,경원선,소요산,4653,3993,8646
202109,경원선,동두천,1358,1732,3090
202109,경원선,보산,1232,1265,2497
202109,경원선,동두천중앙,1893,1816,3709
202109,경원선,지행,3768,3839,7607
202109,경원선,덕정,2958,3181,6139
202109,경원선,덕계,1585,1489,3074
202109,경원선,양주,5074,4991,10065
202109,경원선,녹양,2501,2424,4925
202109,경원선,가능,3733,3544,7277
202109,경원선,의정부,11886,12061,23947
202109,경원선,회룡,6682,6701,13383
202109,경원선,망월사,4233,4321,8554
202109,경원선,도봉산,9387,6838,16225
202109,경원선,도봉,3316,3059,6375
202109,경원선,방학,5281,5092,10373
202109,경원선,녹천,2590,2218,4808
202109,경원선,월계,3165,2896,6061
202109,경원선,광운대,3657,3725,7382
202109,경원선,석계,4461,4825,9286
202109,경원선,신이문,4216,4021,8237
202109,경원선,외대앞,4110,4177,8287
202109,경원선,청량리,11728,10818,22546
202109,경원선,왕십리,7698,8696,16394
202109,경원선,응봉,967,960,1927
202109,경원선,옥수,72,31,103
202109,경원선,한남,1785,1781,3566
202109,경원선,서빙고,1021,1018,2039
202109,경원선,이촌,2215,1592,3807
202109,경원선,창동,1,0,1
202110,경원선,이촌,3084,2076,5160
202110,경원선,서빙고,1381,1314,2695
202110,경원선,한남,2754,2574,5328
202110,경원선,옥수,33,26,59
202110,경원선,응봉,1382,1134,2516
202110,경원선,왕십리,11082,12613,23695
202110,경원선,청량리,14352,16014,30366
202110,경원선,외대앞,5784,5502,11286
202110,경원선,신이문,5794,5249,11043
202110,경원선,석계,6534,6889,13423
202110,경원선,광운대,5336,5124,10460
202110,경원선,월계,4345,4042,8387
202110,경원선,녹천,3252,2660,5912
202110,경원선,방학,7064,6861,13925
202110,경원선,도봉,4271,3990,8261
202110,경원선,도봉산,9050,6481,15531
202110,경원선,망월사,5302,5539,10841
202110,경원선,회룡,9197,9152,18349
202110,경원선,의정부,15451,16188,31639
202110,경원선,가능,4835,4615,9450
202110,경원선,녹양,3376,3324,6700
202110,경원선,양주,6614,6477,13091
202110,경원선,덕계,2304,2040,4344
202110,경원선,덕정,4118,3906,8024
202110,경원선,지행,5241,5151,10392
202110,경원선,동두천중앙,2427,2440,4867
202110,경원선,보산,1657,1535,3192
202110,경원선,동두천,1574,2254,3828
202110,경원선,소요산,4316,3629,7945
202110,경원선,보산,1163,1299,2462
202110,경원선,동두천,1419,1811,3230
202110,경원선,소요산,4857,4187,9044
202110,경원선,도봉산,9810,7204,17014
202110,경원선,이촌,2438,1699,4137
202110,경원선,서빙고,1131,1132,2263
202110,경원선,한남,1964,1967,3931
202110,경원선,옥수,50,35,85
202110,경원선,응봉,1134,960,2094
202110,경원선,왕십리,8397,9632,18029
202110,경원선,청량리,12832,12650,25482
202110,경원선,외대앞,4473,4408,8881
202110,경원선,신이문,4408,4170,8578
202110,경원선,석계,4907,5205,10112
202110,경원선,광운대,4117,4101,8218
202110,경원선,월계,3644,3440,7084
202110,경원선,녹천,2444,2053,4497
202110,경원선,방학,5669,5363,11032
202110,경원선,도봉,3457,3276,6733
202110,경원선,망월사,4243,4432,8675
202110,경원선,회룡,7059,7058,14117
202110,경원선,의정부,12921,13311,26232
202110,경원선,가능,3908,3722,7630
202110,경원선,녹양,2561,2474,5035
202110,경원선,양주,5638,5581,11219
202110,경원선,덕계,1634,1572,3206
202110,경원선,덕정,3152,3242,6394
202110,경원선,지행,3932,4036,7968
202110,경원선,동두천중앙,1971,1886,3857
202110,경원선,창동,1,0,1
202110,경원선,동두천,1480,1943,3423
202110,경원선,이촌,2723,1924,4647
202110,경원선,서빙고,1349,1196,2545
202110,경원선,한남,2557,2289,4846
202110,경원선,옥수,49,41,90
202110,경원선,응봉,1472,1122,2594
202110,경원선,왕십리,10773,12324,23097
202110,경원선,청량리,14988,16421,31409
202110,경원선,외대앞,5075,4826,9901
202110,경원선,신이문,5662,5083,10745
202110,경원선,석계,6191,6448,12639
202110,경원선,광운대,5063,4809,9872
202110,경원선,월계,4159,3844,8003
202110,경원선,녹천,3002,2522,5524
202110,경원선,방학,6641,6385,13026
202110,경원선,도봉,4205,3860,8065
202110,경원선,도봉산,8515,6023,14538
202110,경원선,망월사,4894,5087,9981
202110,경원선,회룡,8692,8552,17244
202110,경원선,의정부,15251,16000,31251
202110,경원선,가능,4609,4428,9037
202110,경원선,녹양,3128,3077,6205
202110,경원선,양주,6301,6066,12367
202110,경원선,덕계,2203,2066,4269
202110,경원선,덕정,3833,3652,7485
202110,경원선,지행,4741,4906,9647
202110,경원선,동두천중앙,2226,2246,4472
202110,경원선,보산,1825,1577,3402
202110,경원선,소요산,4054,3632,7686
202110,경원선,소요산,3258,2802,6060
202110,경원선,동두천,1155,1430,2585
202110,경원선,보산,1232,1221,2453
202110,경원선,동두천중앙,1833,1830,3663
202110,경원선,지행,3538,3462,7000
202110,경원선,덕정,2733,2826,5559
202110,경원선,덕계,1450,1410,2860
202110,경원선,양주,4662,4616,9278
202110,경원선,녹양,2244,2240,4484
202110,경원선,가능,3560,3379,6939
202110,경원선,의정부,11568,12043,23611
202110,경원선,회룡,6169,6204,12373
202110,경원선,망월사,3806,3918,7724
202110,경원선,도봉산,6491,4628,11119
202110,경원선,도봉,3065,2881,5946
202110,경원선,방학,4925,4889,9814
202110,경원선,녹천,2159,1885,4044
202110,경원선,월계,2979,2670,5649
202110,경원선,광운대,3566,3636,7202
202110,경원선,석계,4348,4595,8943
202110,경원선,신이문,4039,3796,7835
202110,경원선,외대앞,4045,4044,8089
202110,경원선,청량리,12514,12065,24579
202110,경원선,왕십리,7801,9002,16803
202110,경원선,응봉,880,830,1710
202110,경원선,옥수,65,42,107
202110,경원선,한남,1660,1683,3343
202110,경원선,서빙고,921,914,1835
202110,경원선,이촌,1788,1483,3271
202110,경원선,이촌,2819,2236,5055
202110,경원선,서빙고,1402,1591,2993
202110,경원선,한남,2668,2495,5163
202110,경원선,옥수,26,31,57
202110,경원선,응봉,1367,1212,2579
202110,경원선,왕십리,12001,13489,25490
202110,경원선,청량리,15199,16505,31704
202110,경원선,외대앞,5569,5526,11095
202110,경원선,신이문,6055,5568,11623
202110,경원선,석계,6540,7012,13552
202110,경원선,광운대,5291,5174,10465
202110,경원선,월계,4603,4204,8807
202110,경원선,녹천,3355,2758,6113
202110,경원선,방학,7315,7110,14425
202110,경원선,도봉,4470,4284,8754
202110,경원선,도봉산,9719,6726,16445
202110,경원선,망월사,6858,6913,13771
202110,경원선,회룡,9613,9456,19069
202110,경원선,의정부,17023,17916,34939
202110,경원선,가능,5234,4907,10141
202110,경원선,녹양,3552,3473,7025
202110,경원선,양주,6709,6476,13185
202110,경원선,덕계,2413,2173,4586
202110,경원선,덕정,4410,4061,8471
202110,경원선,지행,5471,5308,10779
202110,경원선,동두천중앙,2544,2621,5165
202110,경원선,보산,2010,1874,3884
202110,경원선,동두천,1583,2206,3789
202110,경원선,소요산,4224,3803,8027
202110,경원선,이촌,1818,1524,3342
202110,경원선,서빙고,989,1107,2096
202110,경원선,한남,1783,1744,3527
202110,경원선,옥수,45,21,66
202110,경원선,응봉,971,885,1856
202110,경원선,왕십리,8548,9604,18152
202110,경원선,청량리,13068,12132,25200
202110,경원선,외대앞,4238,4138,8376
202110,경원선,신이문,4343,4056,8399
202110,경원선,석계,4569,5018,9587
202110,경원선,광운대,3772,3800,7572
202110,경원선,월계,3256,3154,6410
202110,경원선,녹천,2214,1971,4185
202110,경원선,방학,5375,5213,10588
202110,경원선,도봉,3252,3075,6327
202110,경원선,도봉산,8436,6002,14438
202110,경원선,망월사,5193,5118,10311
202110,경원선,회룡,6673,6674,13347
202110,경원선,의정부,12768,13077,25845
202110,경원선,가능,3716,3584,7300
202110,경원선,녹양,2554,2390,4944
202110,경원선,양주,4962,4815,9777
202110,경원선,덕계,1557,1550,3107
202110,경원선,덕정,3139,3391,6530
202110,경원선,지행,3947,3992,7939
202110,경원선,동두천중앙,1889,1849,3738
202110,경원선,보산,1315,1511,2826
202110,경원선,동두천,1255,1568,2823
202110,경원선,소요산,3808,3266,7074
202110,경원선,소요산,5474,4865,10339
202110,경원선,동두천,1584,2190,3774
202110,경원선,보산,1988,1937,3925
202110,경원선,동두천중앙,2634,2633,5267
202110,경원선,지행,5735,5734,11469
202110,경원선,덕정,4387,4189,8576
202110,경원선,덕계,2487,2296,4783
202110,경원선,양주,6776,6448,13224
202110,경원선,녹양,3540,3471,7011
202110,경원선,가능,5322,5111,10433
202110,경원선,의정부,17978,18783,36761
202110,경원선,회룡,10064,10182,20246
202110,경원선,망월사,6704,6860,13564
202110,경원선,도봉산,10572,7193,17765
202110,경원선,도봉,4598,4397,8995
202110,경원선,방학,7742,7373,15115
202110,경원선,녹천,3371,2781,6152
202110,경원선,월계,4822,4451,9273
202110,경원선,광운대,5687,5501,11188
202110,경원선,석계,6813,7277,14090
202110,경원선,신이문,6123,5609,11732
202110,경원선,외대앞,6188,5786,11974
202110,경원선,청량리,16382,17740,34122
202110,경원선,왕십리,12319,13956,26275
202110,경원선,응봉,1456,1253,2709
202110,경원선,옥수,50,38,88
202110,경원선,한남,2711,2674,5385
202110,경원선,서빙고,1950,2489,4439
202110,경원선,이촌,3116,2246,5362
202110,경원선,소요산,5848,5159,11007
202110,경원선,동두천,1406,1772,3178
202110,경원선,보산,1416,1564,2980
202110,경원선,동두천중앙,2180,2020,4200
202110,경원선,지행,4401,4357,8758
202110,경원선,덕정,3366,3400,6766
202110,경원선,덕계,1737,1710,3447
202110,경원선,양주,5258,5116,10374
202110,경원선,녹양,2758,2696,5454
202110,경원선,가능,4181,3806,7987
202110,경원선,의정부,13686,13920,27606
202110,경원선,회룡,7450,7506,14956
202110,경원선,망월사,5224,5369,10593
202110,경원선,도봉산,10540,7733,18273
202110,경원선,도봉,3558,3304,6862
202110,경원선,방학,5710,5492,11202
202110,경원선,녹천,2565,2185,4750
202110,경원선,이촌,2173,1651,3824
202110,경원선,서빙고,1179,1279,2458
202110,경원선,한남,1861,1857,3718
202110,경원선,옥수,47,25,72
202110,경원선,응봉,1082,994,2076
202110,경원선,왕십리,8480,9775,18255
202110,경원선,청량리,13895,13148,27043
202110,경원선,외대앞,4396,4255,8651
202110,경원선,신이문,4612,4401,9013
202110,경원선,월계,3565,3333,6898
202110,경원선,석계,4866,5360,10226
202110,경원선,광운대,4039,4215,8254
202110,경원선,소요산,6410,5978,12388
202110,경원선,동두천,1817,2294,4111
202110,경원선,보산,2103,1889,3992
202110,경원선,동두천중앙,3036,3028,6064
202110,경원선,지행,5773,5670,11443
202110,경원선,덕계,2502,2264,4766
202110,경원선,양주,6757,6582,13339
202110,경원선,녹양,3627,3423,7050
202110,경원선,가능,5233,5001,10234
202110,경원선,의정부,17409,18581,35990
202110,경원선,회룡,10107,10227,20334
202110,경원선,망월사,6009,6212,12221
202110,경원선,도봉산,10944,7658,18602
202110,경원선,도봉,4704,4431,9135
202110,경원선,방학,7693,7409,15102
202110,경원선,녹천,3312,2771,6083
202110,경원선,월계,5317,4736,10053
202110,경원선,광운대,5776,5654,11430
202110,경원선,석계,7011,7440,14451
202110,경원선,신이문,6148,5623,11771
202110,경원선,외대앞,6125,5871,11996
202110,경원선,청량리,16839,17593,34432
202110,경원선,왕십리,13274,14632,27906
202110,경원선,응봉,1572,1347,2919
202110,경원선,옥수,36,32,68
202110,경원선,한남,2888,2667,5555
202110,경원선,서빙고,1960,2495,4455
202110,경원선,이촌,3126,2300,5426
202110,경원선,덕정,4579,4302,8881
202110,경원선,소요산,7960,7218,15178
202110,경원선,동두천,1375,1724,3099
202110,경원선,보산,1531,1714,3245
202110,경원선,동두천중앙,2190,2121,4311
202110,경원선,지행,4609,4528,9137
202110,경원선,덕정,3519,3584,7103
202110,경원선,덕계,1907,1806,3713
202110,경원선,양주,5477,5373,10850
202110,경원선,녹양,2742,2660,5402
202110,경원선,가능,4160,3979,8139
202110,경원선,의정부,14446,14461,28907
202110,경원선,회룡,7775,7875,15650
202110,경원선,망월사,4771,5118,9889
202110,경원선,도봉산,11472,8230,19702
202110,경원선,도봉,3849,3592,7441
202110,경원선,방학,5982,5832,11814
202110,경원선,녹천,2709,2261,4970
202110,경원선,월계,3869,3673,7542
202110,경원선,광운대,4394,4482,8876
202110,경원선,석계,5175,5582,10757
202110,경원선,신이문,4774,4611,9385
202110,경원선,외대앞,5271,5112,10383
202110,경원선,청량리,14564,14104,28668
202110,경원선,왕십리,10046,11404,21450
202110,경원선,응봉,1092,1025,2117
202110,경원선,옥수,52,22,74
202110,경원선,한남,1867,1973,3840
202110,경원선,서빙고,1216,1272,2488
202110,경원선,이촌,2217,1747,3964
202111,경원선,이촌,3260,2323,5583
202111,경원선,서빙고,2190,2806,4996
202111,경원선,한남,2712,2713,5425
202111,경원선,옥수,41,37,78
202111,경원선,응봉,1551,1334,2885
202111,경원선,왕십리,13350,15012,28362
202111,경원선,청량리,17545,18469,36014
202111,경원선,외대앞,6904,6385,13289
202111,경원선,신이문,6515,5928,12443
202111,경원선,석계,7201,7800,15001
202111,경원선,광운대,6544,6228,12772
202111,경원선,월계,5101,4772,9873
202111,경원선,녹천,3618,3003,6621
202111,경원선,방학,7954,7570,15524
202111,경원선,도봉,4853,4483,9336
202111,경원선,도봉산,11384,7956,19340
202111,경원선,망월사,5867,6080,11947
202111,경원선,회룡,10435,10242,20677
202111,경원선,의정부,18317,19761,38078
202111,경원선,가능,5501,5133,10634
202111,경원선,녹양,4006,3701,7707
202111,경원선,양주,6892,6522,13414
202111,경원선,덕계,2636,2362,4998
202111,경원선,덕정,4763,4450,9213
202111,경원선,지행,6003,6021,12024
202111,경원선,동두천중앙,2824,2823,5647
202111,경원선,보산,1939,1832,3771
202111,경원선,동두천,1685,2224,3909
202111,경원선,소요산,7415,6764,14179
202111,경원선,소요산,8061,7065,15126
202111,경원선,동두천,1422,1934,3356
202111,경원선,보산,1417,1559,2976
202111,경원선,동두천중앙,2316,2153,4469
202111,경원선,지행,4559,4574,9133
202111,경원선,덕정,3721,3788,7509
202111,경원선,덕계,1899,1880,3779
202111,경원선,양주,5627,5351,10978
202111,경원선,녹양,2813,2732,5545
202111,경원선,가능,4320,4202,8522
202111,경원선,의정부,14259,14361,28620
202111,경원선,회룡,7918,7849,15767
202111,경원선,망월사,4828,5139,9967
202111,경원선,도봉산,11433,8223,19656
202111,경원선,도봉,3710,3566,7276
202111,경원선,방학,6249,5963,12212
202111,경원선,녹천,2700,2342,5042
202111,경원선,월계,4035,3797,7832
202111,경원선,광운대,4889,4960,9849
202111,경원선,석계,5269,5782,11051
202111,경원선,신이문,4865,4526,9391
202111,경원선,외대앞,4959,4933,9892
202111,경원선,청량리,15508,14669,30177
202111,경원선,왕십리,10677,12114,22791
202111,경원선,응봉,1236,1153,2389
202111,경원선,옥수,58,29,87
202111,경원선,한남,2000,1999,3999
202111,경원선,서빙고,1444,1588,3032
202111,경원선,이촌,2446,1890,4336
202111,경원선,창동,1,0,1
202111,경원선,소요산,4317,3822,8139
202111,경원선,동두천,1610,2088,3698
202111,경원선,보산,1886,1795,3681
202111,경원선,동두천중앙,2748,2680,5428
202111,경원선,지행,5639,5659,11298
202111,경원선,덕정,4612,4272,8884
202111,경원선,덕계,2416,2247,4663
202111,경원선,양주,6686,6196,12882
202111,경원선,녹양,3625,3395,7020
202111,경원선,가능,5132,4906,10038
202111,경원선,의정부,17747,18959,36706
202111,경원선,회룡,10025,9895,19920
202111,경원선,망월사,6104,6122,12226
202111,경원선,도봉산,9527,6449,15976
202111,경원선,도봉,4617,4163,8780
202111,경원선,방학,7509,7142,14651
202111,경원선,녹천,3442,2848,6290
202111,경원선,월계,4944,4463,9407
202111,경원선,광운대,5723,5689,11412
202111,경원선,석계,7264,7515,14779
202111,경원선,신이문,6347,5736,12083
202111,경원선,외대앞,6764,6258,13022
202111,경원선,청량리,17143,18209,35352
202111,경원선,왕십리,12769,14693,27462
202111,경원선,응봉,1477,1286,2763
202111,경원선,옥수,28,33,61
202111,경원선,한남,2656,2674,5330
202111,경원선,서빙고,1952,2432,4384
202111,경원선,이촌,2961,2119,5080
202111,경원선,소요산,4668,4066,8734
202111,경원선,동두천,1372,1682,3054
202111,경원선,보산,1299,1623,2922
202111,경원선,동두천중앙,2108,2054,4162
202111,경원선,지행,4430,4520,8950
202111,경원선,덕정,3396,3592,6988
202111,경원선,덕계,1820,1729,3549
202111,경원선,양주,5258,5302,10560
202111,경원선,녹양,2687,2452,5139
202111,경원선,가능,3922,3767,7689
202111,경원선,의정부,14086,14310,28396
202111,경원선,회룡,7551,7595,15146
202111,경원선,망월사,4971,5052,10023
202111,경원선,도봉산,9406,6727,16133
202111,경원선,도봉,3597,3419,7016
202111,경원선,방학,5926,5728,11654
202111,경원선,녹천,2616,2316,4932
202111,경원선,월계,3921,3676,7597
202111,경원선,광운대,4359,4407,8766
202111,경원선,석계,5166,5725,10891
202111,경원선,신이문,4756,4498,9254
202111,경원선,외대앞,5267,5158,10425
202111,경원선,청량리,14080,13106,27186
202111,경원선,왕십리,9556,10767,20323
202111,경원선,응봉,1094,1011,2105
202111,경원선,옥수,66,32,98
202111,경원선,한남,1908,1823,3731
202111,경원선,서빙고,1380,1428,2808
202111,경원선,이촌,2150,1703,3853
202111,경원선,보산,1913,1740,3653
202111,경원선,동두천,1663,2192,3855
202111,경원선,소요산,4010,3322,7332
202111,경원선,동두천중앙,2794,2755,5549
202111,경원선,지행,5745,5685,11430
202111,경원선,덕정,4540,4203,8743
202111,경원선,덕계,2585,2296,4881
202111,경원선,양주,6711,6175,12886
202111,경원선,녹양,3645,3505,7150
202111,경원선,가능,5214,4927,10141
202111,경원선,의정부,17703,19186,36889
202111,경원선,회룡,9813,9606,19419
202111,경원선,망월사,5780,5807,11587
202111,경원선,도봉산,8777,6101,14878
202111,경원선,도봉,4471,4227,8698
202111,경원선,방학,7379,7168,14547
202111,경원선,녹천,3351,2757,6108
202111,경원선,월계,4799,4466,9265
202111,경원선,광운대,5597,5451,11048
202111,경원선,석계,6854,7343,14197
202111,경원선,신이문,6279,5619,11898
202111,경원선,외대앞,6850,6399,13249
202111,경원선,청량리,16858,17322,34180
202111,경원선,왕십리,12756,14601,27357
202111,경원선,응봉,1432,1253,2685
202111,경원선,옥수,56,47,103
202111,경원선,한남,2845,2813,5658
202111,경원선,서빙고,1889,2114,4003
202111,경원선,이촌,2894,2183,5077
202111,경원선,이촌,2025,1637,3662
202111,경원선,서빙고,1332,1378,2710
202111,경원선,한남,1954,1947,3901
202111,경원선,옥수,56,31,87
202111,경원선,응봉,928,912,1840
202111,경원선,왕십리,10174,11457,21631
202111,경원선,청량리,14459,13401,27860
202111,경원선,외대앞,6047,5557,11604
202111,경원선,신이문,4599,4389,8988
202111,경원선,석계,5041,5498,10539
202111,경원선,광운대,4027,4248,8275
202111,경원선,월계,3630,3385,7015
202111,경원선,녹천,2504,2225,4729
202111,경원선,방학,5582,5430,11012
202111,경원선,도봉,3330,3105,6435
202111,경원선,도봉산,7787,5396,13183
202111,경원선,망월사,4362,4513,8875
202111,경원선,회룡,7241,7169,14410
202111,경원선,의정부,13696,13783,27479
202111,경원선,가능,3867,3658,7525
202111,경원선,녹양,2744,2643,5387
202111,경원선,양주,4922,4901,9823
202111,경원선,덕계,1735,1650,3385
202111,경원선,덕정,3226,3405,6631
202111,경원선,지행,4222,4248,8470
202111,경원선,동두천중앙,1970,1897,3867
202111,경원선,보산,1283,1515,2798
202111,경원선,동두천,1274,1645,2919
202111,경원선,소요산,3445,2878,6323
202111,경원선,이촌,2796,2143,4939
202111,경원선,서빙고,1794,2048,3842
202111,경원선,한남,2716,2735,5451
202111,경원선,옥수,41,33,74
202111,경원선,응봉,1594,1346,2940
202111,경원선,왕십리,13288,14400,27688
202111,경원선,청량리,16567,17418,33985
202111,경원선,외대앞,9458,8951,18409
202111,경원선,신이문,6324,5739,12063
202111,경원선,석계,6975,7282,14257
202111,경원선,광운대,6659,6386,13045
202111,경원선,월계,4700,4342,9042
202111,경원선,녹천,3136,2640,5776
202111,경원선,방학,7380,7085,14465
202111,경원선,도봉,4473,4086,8559
202111,경원선,도봉산,8613,5873,14486
202111,경원선,망월사,5605,5682,11287
202111,경원선,회룡,9656,9513,19169
202111,경원선,의정부,17729,18697,36426
202111,경원선,가능,5276,4955,10231
202111,경원선,녹양,3501,3394,6895
202111,경원선,양주,6507,6078,12585
202111,경원선,덕계,2516,2253,4769
202111,경원선,덕정,4685,4272,8957
202111,경원선,지행,5581,5548,11129
202111,경원선,동두천중앙,2526,2465,4991
202111,경원선,보산,1690,1663,3353
202111,경원선,동두천,1572,2015,3587
202111,경원선,소요산,3535,3014,6549
202111,경원선,창동,1,0,1
202111,경원선,이촌,2069,1688,3757
202111,경원선,서빙고,1361,1462,2823
202111,경원선,한남,1942,1931,3873
202111,경원선,옥수,63,20,83
202111,경원선,응봉,1057,1037,2094
202111,경원선,왕십리,10376,10907,21283
202111,경원선,청량리,14367,13090,27457
202111,경원선,외대앞,9423,8549,17972
202111,경원선,신이문,5045,4587,9632
202111,경원선,석계,4990,5620,10610
202111,경원선,광운대,5561,5269,10830
202111,경원선,월계,3691,3362,7053
202111,경원선,녹천,2625,2326,4951
202111,경원선,방학,5703,5620,11323
202111,경원선,도봉,3420,3269,6689
202111,경원선,도봉산,8779,6298,15077
202111,경원선,망월사,4382,4646,9028
202111,경원선,회룡,7436,7318,14754
202111,경원선,의정부,13421,13911,27332
202111,경원선,가능,3850,3699,7549
202111,경원선,녹양,2797,2688,5485
202111,경원선,양주,4945,4838,9783
202111,경원선,덕계,1715,1666,3381
202111,경원선,덕정,3243,3370,6613
202111,경원선,지행,4220,4281,8501
202111,경원선,동두천중앙,2067,1949,4016
202111,경원선,보산,1244,1527,2771
202111,경원선,동두천,1298,1753,3051
202111,경원선,소요산,3862,3219,7081
202112,경원선,이촌,2692,1948,4640
202112,경원선,서빙고,1504,1588,3092
202112,경원선,한남,2660,2661,5321
202112,경원선,옥수,34,47,81
202112,경원선,응봉,1334,1077,2411
202112,경원선,왕십리,11813,13280,25093
202112,경원선,청량리,14650,15963,30613
202112,경원선,외대앞,6057,5827,11884
202112,경원선,신이문,5908,5308,11216
202112,경원선,석계,6505,6971,13476
202112,경원선,광운대,5641,5575,11216
202112,경원선,월계,4587,4202,8789
202112,경원선,녹천,3148,2651,5799
202112,경원선,방학,7011,6754,13765
202112,경원선,도봉,4331,4150,8481
202112,경원선,도봉산,8282,5532,13814
202112,경원선,망월사,5412,5524,10936
202112,경원선,회룡,9347,9075,18422
202112,경원선,의정부,16744,17814,34558
202112,경원선,가능,4731,4540,9271
202112,경원선,녹양,3365,3158,6523
202112,경원선,양주,6042,5570,11612
202112,경원선,덕계,2277,2063,4340
202112,경원선,덕정,4322,3867,8189
202112,경원선,지행,5229,5189,10418
202112,경원선,동두천중앙,2415,2403,4818
202112,경원선,보산,1622,1578,3200
202112,경원선,동두천,1555,1833,3388
202112,경원선,소요산,3016,2658,5674
202112,경원선,이촌,1953,1564,3517
202112,경원선,서빙고,1177,1282,2459
202112,경원선,한남,1733,1728,3461
202112,경원선,옥수,46,14,60
202112,경원선,응봉,944,880,1824
202112,경원선,왕십리,9025,10285,19310
202112,경원선,청량리,13355,12174,25529
202112,경원선,외대앞,4546,4502,9048
202112,경원선,신이문,4374,4052,8426
202112,경원선,석계,4637,5075,9712
202112,경원선,광운대,3980,4148,8128
202112,경원선,월계,3762,3491,7253
202112,경원선,녹천,2353,2087,4440
202112,경원선,방학,5483,5350,10833
202112,경원선,도봉,3291,3048,6339
202112,경원선,도봉산,8023,5667,13690
202112,경원선,망월사,4150,4261,8411
202112,경원선,회룡,6936,7087,14023
202112,경원선,의정부,12928,13101,26029
202112,경원선,가능,3789,3571,7360
202112,경원선,녹양,2497,2305,4802
202112,경원선,양주,4649,4666,9315
202112,경원선,덕계,1646,1589,3235
202112,경원선,덕정,3112,3221,6333
202112,경원선,지행,3972,4006,7978
202112,경원선,동두천중앙,2124,2081,4205
202112,경원선,보산,1252,1338,2590
202112,경원선,동두천,1221,1519,2740
202112,경원선,소요산,3250,2732,5982
202112,경원선,이촌,2586,1897,4483
202112,경원선,서빙고,1381,1233,2614
202112,경원선,한남,2537,2525,5062
202112,경원선,옥수,42,26,68
202112,경원선,응봉,1240,1068,2308
202112,경원선,왕십리,11047,12573,23620
202112,경원선,청량리,14106,15272,29378
202112,경원선,외대앞,5513,5274,10787
202112,경원선,신이문,5736,5210,10946
202112,경원선,석계,6203,6618,12821
202112,경원선,광운대,5056,5078,10134
202112,경원선,월계,4497,4045,8542
202112,경원선,녹천,2992,2479,5471
202112,경원선,방학,6948,6672,13620
202112,경원선,도봉,4173,3903,8076
202112,경원선,도봉산,7834,5266,13100
202112,경원선,망월사,5213,5236,10449
202112,경원선,회룡,8724,8650,17374
202112,경원선,의정부,16405,17363,33768
202112,경원선,가능,4964,4745,9709
202112,경원선,녹양,3337,3167,6504
202112,경원선,양주,5781,5425,11206
202112,경원선,덕계,2212,2003,4215
202112,경원선,덕정,4266,3943,8209
202112,경원선,지행,5142,4990,10132
202112,경원선,동두천중앙,2398,2350,4748
202112,경원선,보산,1523,1468,2991
202112,경원선,동두천,1556,1852,3408
202112,경원선,소요산,3140,2741,5881
202112,경원선,창동,1,0,1
202112,경원선,이촌,1822,1446,3268
202112,경원선,서빙고,1155,1039,2194
202112,경원선,한남,1575,1740,3315
202112,경원선,옥수,44,28,72
202112,경원선,응봉,842,814,1656
202112,경원선,도봉산,7758,5409,13167
202112,경원선,왕십리,8298,9031,17329
202112,경원선,청량리,12944,11198,24142
202112,경원선,광운대,3405,3648,7053
202112,경원선,월계,3132,2945,6077
202112,경원선,녹천,2172,1876,4048
202112,경원선,방학,5350,5095,10445
202112,경원선,도봉,3155,3053,6208
202112,경원선,망월사,3976,4172,8148
202112,경원선,회룡,6676,6615,13291
202112,경원선,의정부,12921,13056,25977
202112,경원선,가능,3525,3359,6884
202112,경원선,녹양,2433,2293,4726
202112,경원선,양주,4492,4365,8857
202112,경원선,덕계,1487,1434,2921
202112,경원선,덕정,3026,3122,6148
202112,경원선,지행,4032,4006,8038
202112,경원선,동두천중앙,1903,1815,3718
202112,경원선,보산,1229,1247,2476
202112,경원선,동두천,1232,1535,2767
202112,경원선,소요산,3095,2572,5667
202112,경원선,외대앞,3975,3853,7828
202112,경원선,신이문,4093,3997,8090
202112,경원선,석계,4434,4762,9196
202112,경원선,월계,3933,3740,7673
202112,경원선,소요산,1991,1746,3737
202112,경원선,동두천,1290,1535,2825
202112,경원선,보산,1682,1666,3348
202112,경원선,동두천중앙,2092,2154,4246
202112,경원선,지행,4904,5017,9921
202112,경원선,덕정,3919,3762,7681
202112,경원선,덕계,2089,1897,3986
202112,경원선,양주,5347,5288,10635
202112,경원선,녹양,2997,2989,5986
202112,경원선,가능,4428,4344,8772
202112,경원선,의정부,16972,17384,34356
202112,경원선,회룡,8225,8125,16350
202112,경원선,망월사,4717,5046,9763
202112,경원선,도봉산,5736,3878,9614
202112,경원선,도봉,3819,3649,7468
202112,경원선,방학,6269,6316,12585
202112,경원선,창동,1,0,1
202112,경원선,녹천,2831,2387,5218
202112,경원선,광운대,4815,4795,9610
202112,경원선,석계,5540,6148,11688
202112,경원선,신이문,5376,5056,10432
202112,경원선,외대앞,5341,5199,10540
202112,경원선,청량리,14261,15346,29607
202112,경원선,왕십리,11697,13403,25100
202112,경원선,응봉,1146,1008,2154
202112,경원선,옥수,33,31,64
202112,경원선,한남,2617,2370,4987
202112,경원선,서빙고,1324,1261,2585
202112,경원선,이촌,2562,2023,4585
202112,경원선,이촌,1882,1474,3356
202112,경원선,서빙고,1134,1213,2347
202112,경원선,한남,1848,1831,3679
202112,경원선,옥수,48,20,68
202112,경원선,응봉,935,856,1791
202112,경원선,왕십리,9361,10385,19746
202112,경원선,청량리,13251,12022,25273
202112,경원선,외대앞,4143,3998,8141
202112,경원선,신이문,4169,3874,8043
202112,경원선,석계,4298,4705,9003
202112,경원선,광운대,3668,3817,7485
202112,경원선,월계,3356,3199,6555
202112,경원선,녹천,2177,1967,4144
202112,경원선,방학,5156,5058,10214
202112,경원선,도봉,3009,2854,5863
202112,경원선,도봉산,5905,4460,10365
202112,경원선,망월사,4047,4105,8152
202112,경원선,회룡,6449,6362,12811
202112,경원선,의정부,13405,13574,26979
202112,경원선,가능,3626,3325,6951
202112,경원선,녹양,2747,2567,5314
202112,경원선,양주,4223,4110,8333
202112,경원선,덕계,1480,1419,2899
202112,경원선,덕정,2957,3123,6080
202112,경원선,지행,3997,3965,7962
202112,경원선,동두천중앙,1789,1684,3473
202112,경원선,보산,1315,1517,2832
202112,경원선,동두천,1056,1317,2373
202112,경원선,소요산,2659,2206,4865
202112,경원선,이촌,1814,1432,3246
202112,경원선,창동,1,0,1
202112,경원선,동두천,1167,1410,2577
202112,경원선,소요산,1939,1551,3490
202112,경원선,보산,1086,1152,2238
202112,경원선,동두천중앙,1958,1950,3908
202112,경원선,지행,4364,4444,8808
202112,경원선,덕정,3294,3152,6446
202112,경원선,덕계,1661,1535,3196
202112,경원선,양주,4756,4454,9210
202112,경원선,녹양,2519,2420,4939
202112,경원선,가능,3607,3578,7185
202112,경원선,의정부,15537,15921,31458
202112,경원선,회룡,6949,7037,13986
202112,경원선,망월사,4060,4086,8146
202112,경원선,도봉산,5165,3339,8504
202112,경원선,도봉,3143,3082,6225
202112,경원선,방학,5419,5275,10694
202112,경원선,녹천,2140,1879,4019
202112,경원선,월계,3374,3177,6551
202112,경원선,광운대,4282,4346,8628
202112,경원선,석계,4886,5065,9951
202112,경원선,신이문,4535,4241,8776
202112,경원선,외대앞,5074,4868,9942
202112,경원선,청량리,12498,13427,25925
202112,경원선,왕십리,10767,11877,22644
202112,경원선,응봉,847,738,1585
202112,경원선,옥수,24,36,60
202112,경원선,한남,1873,1955,3828
202112,경원선,서빙고,1088,1137,2225
202112,경원선,소요산,1667,1373,3040
202112,경원선,동두천,981,1204,2185
202112,경원선,보산,1045,1009,2054
202112,경원선,동두천중앙,1507,1448,2955
202112,경원선,지행,3327,3280,6607
202112,경원선,덕정,2464,2715,5179
202112,경원선,덕계,1236,1243,2479
202112,경원선,양주,3560,3664,7224
202112,경원선,녹양,2098,1969,4067
202112,경원선,가능,2789,2729,5518
202112,경원선,의정부,11757,11495,23252
202112,경원선,회룡,5307,5233,10540
202112,경원선,망월사,3390,3439,6829
202112,경원선,도봉산,4614,3202,7816
202112,경원선,도봉,2435,2320,4755
202112,경원선,방학,4319,4228,8547
202112,경원선,녹천,1977,1766,3743
202112,경원선,월계,2559,2299,4858
202112,경원선,광운대,3094,3202,6296
202112,경원선,석계,3567,3949,7516
202112,경원선,신이문,3553,3450,7003
202112,경원선,외대앞,3892,3731,7623
202112,경원선,청량리,11802,10373,22175
202112,경원선,왕십리,7916,8630,16546
202112,경원선,응봉,688,651,1339
202112,경원선,옥수,63,20,83
202112,경원선,한남,1404,1418,2822
202112,경원선,서빙고,969,1060,2029
202112,경원선,이촌,1588,1266,2854
