사용월,호선명,지하철역,승차총승객수,하차총승객수,승하차총승객수
202101,수인선,인천,634,986,1620
202101,수인선,신포,797,823,1620
202101,수인선,숭의,1542,1442,2984
202101,수인선,인하대,2208,2125,4333
202101,수인선,송도,1187,1125,2312
202101,수인선,연수,2123,2095,4218
202101,수인선,원인재,2108,2232,4340
202101,수인선,남동인더스파크,507,508,1015
202101,수인선,호구포,1277,1341,2618
202101,수인선,인천논현,2535,2554,5089
202101,수인선,소래포구,2892,2907,5799
202101,수인선,월곶,1194,1130,2324
202101,수인선,달월,39,39,78
202101,수인선,사리,1559,1353,2912
202101,수인선,야목,80,82,162
202101,수인선,어천,254,254,508
202101,수인선,오목천,875,806,1681
202101,수인선,고색,1078,1109,2187
202101,수인선,고색,889,948,1837
202101,수인선,오목천,698,711,1409
202101,수인선,어천,215,337,552
202101,수인선,야목,87,75,162
202101,수인선,사리,1197,1004,2201
202101,수인선,달월,37,30,67
202101,수인선,월곶,959,909,1868
202101,수인선,소래포구,2379,2288,4667
202101,수인선,인천논현,1784,1852,3636
202101,수인선,호구포,1124,1191,2315
202101,수인선,남동인더스파크,328,422,750
202101,수인선,원인재,1633,1658,3291
202101,수인선,연수,1616,1597,3213
202101,수인선,송도,905,858,1763
202101,수인선,인하대,1801,1697,3498
202101,수인선,숭의,1148,1061,2209
202101,수인선,신포,654,606,1260
202101,수인선,인천,509,806,1315
202101,수인선,인천,598,977,1575
202101,수인선,신포,856,886,1742
202101,수인선,숭의,1739,1671,3410
202101,수인선,인하대,3622,3227,6849
202101,수인선,송도,1266,1187,2453
202101,수인선,연수,2457,2508,4965
202101,수인선,야목,123,102,225
202101,수인선,어천,304,285,589
202101,수인선,오목천,1196,1091,2287
202101,수인선,고색,1630,1665,3295
202101,수인선,원인재,2426,2594,5020
202101,수인선,남동인더스파크,782,800,1582
202101,수인선,호구포,1812,1748,3560
202101,수인선,인천논현,2952,2984,5936
202101,수인선,소래포구,2745,2925,5670
202101,수인선,월곶,1326,1323,2649
202101,수인선,달월,35,31,66
202101,수인선,사리,1772,1542,3314
202101,수인선,인천,489,759,1248
202101,수인선,신포,627,558,1185
202101,수인선,숭의,1216,1115,2331
202101,수인선,인하대,1910,1805,3715
202101,수인선,송도,890,905,1795
202101,수인선,연수,1758,1723,3481
202101,수인선,원인재,1752,1763,3515
202101,수인선,남동인더스파크,370,400,770
202101,수인선,호구포,1168,1204,2372
202101,수인선,인천논현,1793,1862,3655
202101,수인선,소래포구,2473,2419,4892
202101,수인선,월곶,962,928,1890
202101,수인선,달월,32,29,61
202101,수인선,사리,1266,1120,2386
202101,수인선,야목,81,74,155
202101,수인선,어천,211,293,504
202101,수인선,오목천,786,752,1538
202101,수인선,고색,969,942,1911
202101,수인선,고색,1690,1726,3416
202101,수인선,오목천,1344,1223,2567
202101,수인선,어천,358,310,668
202101,수인선,야목,125,119,244
202101,수인선,사리,2057,1740,3797
202101,수인선,달월,40,37,77
202101,수인선,월곶,1558,1462,3020
202101,수인선,소래포구,3577,3751,7328
202101,수인선,인천논현,3288,3374,6662
202101,수인선,호구포,1900,1807,3707
202101,수인선,남동인더스파크,932,884,1816
202101,수인선,원인재,2661,2829,5490
202101,수인선,연수,2717,2723,5440
202101,수인선,송도,1477,1434,2911
202101,수인선,인하대,3076,2805,5881
202101,수인선,숭의,2018,1935,3953
202101,수인선,신포,933,1007,1940
202101,수인선,인천,774,1229,2003
202101,수인선,인천,670,997,1667
202101,수인선,신포,684,711,1395
202101,수인선,숭의,1397,1355,2752
202101,수인선,인하대,2148,2083,4231
202101,수인선,송도,1143,1078,2221
202101,수인선,연수,2023,1899,3922
202101,수인선,원인재,1951,1983,3934
202101,수인선,남동인더스파크,552,596,1148
202101,수인선,오목천,850,847,1697
202101,수인선,고색,1054,1035,2089
202101,수인선,호구포,1347,1410,2757
202101,수인선,인천논현,2239,2293,4532
202101,수인선,소래포구,3005,2921,5926
202101,수인선,월곶,1195,1138,2333
202101,수인선,달월,36,35,71
202101,수인선,사리,1526,1359,2885
202101,수인선,야목,71,61,132
202101,수인선,어천,270,339,609
202101,수인선,고색,1878,1887,3765
202101,수인선,오목천,1361,1227,2588
202101,수인선,어천,401,389,790
202101,수인선,야목,163,149,312
202101,수인선,사리,2283,2013,4296
202101,수인선,달월,47,40,87
202101,수인선,월곶,1639,1656,3295
202101,수인선,소래포구,4518,4671,9189
202101,수인선,인천논현,3677,3752,7429
202101,수인선,호구포,2130,2097,4227
202101,수인선,남동인더스파크,992,950,1942
202101,수인선,원인재,2909,2993,5902
202101,수인선,연수,3084,3198,6282
202101,수인선,송도,1698,1576,3274
202101,수인선,인하대,3332,3072,6404
202101,수인선,숭의,2324,2170,4494
202101,수인선,신포,1109,1179,2288
202101,수인선,인천,878,1498,2376
202101,수인선,고색,1249,1260,2509
202101,수인선,오목천,957,989,1946
202101,수인선,어천,326,399,725
202101,수인선,야목,120,112,232
202101,수인선,사리,1686,1484,3170
202101,수인선,달월,27,28,55
202101,수인선,월곶,1265,1181,2446
202101,수인선,소래포구,4091,3897,7988
202101,수인선,인천논현,2395,2460,4855
202101,수인선,호구포,1602,1640,3242
202101,수인선,남동인더스파크,501,568,1069
202101,수인선,원인재,2254,2242,4496
202101,수인선,연수,2258,2192,4450
202101,수인선,송도,1348,1222,2570
202101,수인선,인하대,2385,2201,4586
202101,수인선,숭의,1506,1428,2934
202101,수인선,신포,862,863,1725
202101,수인선,인천,788,1236,2024
202101,수인선,사리,2343,1981,4324
202101,수인선,고색,1863,1799,3662
202101,수인선,오목천,1380,1245,2625
202101,수인선,어천,424,407,831
202101,수인선,야목,133,109,242
202101,수인선,달월,55,41,96
202101,수인선,월곶,1650,1707,3357
202101,수인선,소래포구,4054,4209,8263
202101,수인선,인천논현,3839,3901,7740
202101,수인선,호구포,2026,1944,3970
202101,수인선,남동인더스파크,959,927,1886
202101,수인선,원인재,3055,3110,6165
202101,수인선,연수,3080,3147,6227
202101,수인선,송도,1701,1568,3269
202101,수인선,인하대,3387,3155,6542
202101,수인선,숭의,2326,2137,4463
202101,수인선,신포,1137,1190,2327
202101,수인선,인천,804,1361,2165
202101,수인선,고색,1061,1187,2248
202101,수인선,오목천,993,966,1959
202101,수인선,어천,331,366,697
202101,수인선,야목,113,96,209
202101,수인선,사리,1775,1495,3270
202101,수인선,달월,35,42,77
202101,수인선,월곶,1300,1188,2488
202101,수인선,소래포구,3726,3662,7388
202101,수인선,인천논현,2572,2605,5177
202101,수인선,호구포,1533,1530,3063
202101,수인선,남동인더스파크,585,559,1144
202101,수인선,원인재,2153,2232,4385
202101,수인선,연수,2322,2262,4584
202101,수인선,송도,1351,1253,2604
202101,수인선,인하대,2496,2361,4857
202101,수인선,숭의,1572,1506,3078
202101,수인선,신포,893,875,1768
202101,수인선,인천,829,1270,2099
202102,수인선,인천,930,1578,2508
202102,수인선,신포,1318,1370,2688
202102,수인선,숭의,2377,2243,4620
202102,수인선,인하대,3575,3343,6918
202102,수인선,송도,1894,1719,3613
202102,수인선,연수,3128,3167,6295
202102,수인선,원인재,3138,3184,6322
202102,수인선,남동인더스파크,973,971,1944
202102,수인선,호구포,2093,2021,4114
202102,수인선,인천논현,3824,4042,7866
202102,수인선,소래포구,4146,4175,8321
202102,수인선,월곶,1786,1722,3508
202102,수인선,달월,49,51,100
202102,수인선,사리,2489,2190,4679
202102,수인선,야목,136,124,260
202102,수인선,어천,432,401,833
202102,수인선,오목천,1475,1336,2811
202102,수인선,고색,1914,1947,3861
202102,수인선,인천,856,1291,2147
202102,수인선,신포,886,838,1724
202102,수인선,숭의,1624,1536,3160
202102,수인선,인하대,2632,2459,5091
202102,수인선,송도,1339,1178,2517
202102,수인선,연수,2423,2358,4781
202102,수인선,원인재,2300,2338,4638
202102,수인선,남동인더스파크,618,634,1252
202102,수인선,호구포,1533,1611,3144
202102,수인선,인천논현,2576,2694,5270
202102,수인선,소래포구,3504,3366,6870
202102,수인선,월곶,1250,1266,2516
202102,수인선,달월,39,37,76
202102,수인선,사리,1750,1514,3264
202102,수인선,야목,127,103,230
202102,수인선,어천,287,359,646
202102,수인선,오목천,965,933,1898
202102,수인선,고색,1149,1282,2431
202102,수인선,고색,1221,1308,2529
202102,수인선,오목천,1166,1053,2219
202102,수인선,어천,406,429,835
202102,수인선,야목,140,134,274
202102,수인선,사리,2258,1798,4056
202102,수인선,달월,48,57,105
202102,수인선,월곶,1778,1536,3314
202102,수인선,소래포구,5119,5064,10183
202102,수인선,인천논현,2805,2932,5737
202102,수인선,호구포,1546,1695,3241
202102,수인선,남동인더스파크,538,548,1086
202102,수인선,원인재,2463,2568,5031
202102,수인선,연수,2560,2528,5088
202102,수인선,송도,1380,1325,2705
202102,수인선,인하대,2436,2408,4844
202102,수인선,숭의,1634,1482,3116
202102,수인선,신포,1048,1120,2168
202102,수인선,인천,1243,1975,3218
202102,수인선,고색,1081,1172,2253
202102,수인선,오목천,990,1043,2033
202102,수인선,어천,339,492,831
202102,수인선,야목,121,106,227
202102,수인선,사리,1910,1645,3555
202102,수인선,달월,40,38,78
202102,수인선,월곶,1391,1296,2687
202102,수인선,소래포구,3859,3798,7657
202102,수인선,인천논현,2527,2574,5101
202102,수인선,호구포,1443,1586,3029
202102,수인선,남동인더스파크,482,565,1047
202102,수인선,원인재,2286,2368,4654
202102,수인선,연수,2459,2369,4828
202102,수인선,송도,1292,1227,2519
202102,수인선,인하대,2358,2279,4637
202102,수인선,숭의,1640,1486,3126
202102,수인선,신포,839,819,1658
202102,수인선,인천,1056,1566,2622
202102,수인선,고색,1789,1921,3710
202102,수인선,오목천,1617,1412,3029
202102,수인선,어천,521,453,974
202102,수인선,야목,160,140,300
202102,수인선,사리,2814,2404,5218
202102,수인선,달월,60,51,111
202102,수인선,월곶,1886,1882,3768
202102,수인선,소래포구,4763,4801,9564
202102,수인선,인천논현,4121,4144,8265
202102,수인선,호구포,2198,2196,4394
202102,수인선,남동인더스파크,992,924,1916
202102,수인선,원인재,3232,3321,6553
202102,수인선,연수,3418,3395,6813
202102,수인선,송도,2024,1900,3924
202102,수인선,인하대,3764,3613,7377
202102,수인선,숭의,2507,2311,4818
202102,수인선,신포,1340,1339,2679
202102,수인선,인천,1160,1935,3095
202102,수인선,인천,1166,1697,2863
202102,수인선,신포,965,973,1938
202102,수인선,숭의,1820,1667,3487
202102,수인선,인하대,2878,2681,5559
202102,수인선,송도,1480,1463,2943
202102,수인선,연수,2658,2511,5169
202102,수인선,원인재,2471,2619,5090
202102,수인선,남동인더스파크,584,567,1151
202102,수인선,호구포,1746,1732,3478
202102,수인선,인천논현,2773,2878,5651
202102,수인선,소래포구,4419,4358,8777
202102,수인선,월곶,1519,1400,2919
202102,수인선,달월,53,55,108
202102,수인선,사리,2111,1869,3980
202102,수인선,야목,136,127,263
202102,수인선,어천,369,438,807
202102,수인선,오목천,1104,1095,2199
202102,수인선,고색,1257,1383,2640
202102,수인선,고색,1895,1951,3846
202102,수인선,오목천,1632,1470,3102
202102,수인선,어천,534,491,1025
202102,수인선,야목,183,163,346
202102,수인선,사리,2941,2509,5450
202102,수인선,달월,59,56,115
202102,수인선,월곶,2051,1944,3995
202102,수인선,소래포구,5583,5750,11333
202102,수인선,인천논현,4232,4307,8539
202102,수인선,호구포,2387,2251,4638
202102,수인선,남동인더스파크,993,960,1953
202102,수인선,원인재,3476,3641,7117
202102,수인선,연수,3549,3511,7060
202102,수인선,송도,1927,1959,3886
202102,수인선,인하대,3988,3784,7772
202102,수인선,숭의,2527,2387,4914
202102,수인선,신포,1391,1466,2857
202102,수인선,인천,1307,2288,3595
202102,수인선,고색,1383,1512,2895
202102,수인선,오목천,1312,1184,2496
202102,수인선,어천,454,444,898
202102,수인선,야목,157,119,276
202102,수인선,사리,2255,2017,4272
202102,수인선,달월,61,78,139
202102,수인선,월곶,1619,1570,3189
202102,수인선,소래포구,5486,5470,10956
202102,수인선,인천논현,3003,3015,6018
202102,수인선,호구포,1816,1845,3661
202102,수인선,남동인더스파크,562,495,1057
202102,수인선,원인재,2797,2888,5685
202102,수인선,연수,2921,2860,5781
202102,수인선,송도,1613,1591,3204
202102,수인선,인하대,3121,2962,6083
202102,수인선,숭의,1823,1739,3562
202102,수인선,신포,1119,1119,2238
202102,수인선,인천,1411,2186,3597
202103,수인선,고색,2042,2100,4142
202103,수인선,오목천,1795,1508,3303
202103,수인선,어천,540,475,1015
202103,수인선,야목,177,138,315
202103,수인선,사리,2911,2543,5454
202103,수인선,달월,67,78,145
202103,수인선,월곶,2054,1947,4001
202103,수인선,소래포구,5490,5699,11189
202103,수인선,인천논현,4266,4368,8634
202103,수인선,호구포,2291,2303,4594
202103,수인선,남동인더스파크,1085,988,2073
202103,수인선,원인재,3401,3529,6930
202103,수인선,연수,3522,3682,7204
202103,수인선,송도,2001,1986,3987
202103,수인선,인하대,4257,4013,8270
202103,수인선,숭의,2676,2448,5124
202103,수인선,신포,1405,1464,2869
202103,수인선,인천,1099,1926,3025
202103,수인선,인천,1050,1521,2571
202103,수인선,신포,1062,1063,2125
202103,수인선,숭의,1862,1774,3636
202103,수인선,인하대,3228,3031,6259
202103,수인선,송도,1535,1471,3006
202103,수인선,연수,2847,2758,5605
202103,수인선,원인재,2508,2626,5134
202103,수인선,남동인더스파크,592,611,1203
202103,수인선,호구포,1718,1736,3454
202103,수인선,인천논현,2906,2946,5852
202103,수인선,소래포구,4772,4634,9406
202103,수인선,월곶,1478,1347,2825
202103,수인선,달월,53,67,120
202103,수인선,사리,2142,1922,4064
202103,수인선,야목,154,133,287
202103,수인선,어천,398,465,863
202103,수인선,오목천,1161,1127,2288
202103,수인선,고색,1514,1565,3079
202103,수인선,고색,2147,2197,4344
202103,수인선,오목천,1868,1569,3437
202103,수인선,어천,526,485,1011
202103,수인선,야목,193,188,381
202103,수인선,사리,3049,2601,5650
202103,수인선,달월,66,89,155
202103,수인선,월곶,2137,2070,4207
202103,수인선,소래포구,5992,6122,12114
202103,수인선,인천논현,4294,4401,8695
202103,수인선,호구포,2365,2374,4739
202103,수인선,남동인더스파크,992,963,1955
202103,수인선,원인재,3492,3618,7110
202103,수인선,연수,3667,3690,7357
202103,수인선,송도,2154,2041,4195
202103,수인선,인하대,4178,3894,8072
202103,수인선,숭의,2747,2630,5377
202103,수인선,신포,1327,1463,2790
202103,수인선,인천,1203,2112,3315
202103,수인선,고색,1398,1525,2923
202103,수인선,오목천,1309,1196,2505
202103,수인선,어천,465,527,992
202103,수인선,야목,145,120,265
202103,수인선,사리,2249,1957,4206
202103,수인선,달월,67,61,128
202103,수인선,월곶,1558,1402,2960
202103,수인선,소래포구,5150,5061,10211
202103,수인선,인천논현,2820,2904,5724
202103,수인선,호구포,1766,1803,3569
202103,수인선,남동인더스파크,634,627,1261
202103,수인선,원인재,2567,2693,5260
202103,수인선,연수,2843,2684,5527
202103,수인선,송도,1533,1499,3032
202103,수인선,인하대,3137,3065,6202
202103,수인선,숭의,1857,1764,3621
202103,수인선,신포,1031,983,2014
202103,수인선,인천,1087,1707,2794
202103,수인선,인천,815,1351,2166
202103,수인선,신포,1144,1187,2331
202103,수인선,숭의,2301,2133,4434
202103,수인선,인하대,3825,3511,7336
202103,수인선,송도,1718,1669,3387
202103,수인선,연수,3317,3329,6646
202103,수인선,원인재,3126,3356,6482
202103,수인선,남동인더스파크,953,894,1847
202103,수인선,호구포,2144,2031,4175
202103,수인선,인천논현,3876,4042,7918
202103,수인선,소래포구,3940,4136,8076
202103,수인선,월곶,1778,1767,3545
202103,수인선,달월,38,38,76
202103,수인선,사리,2707,2423,5130
202103,수인선,야목,152,150,302
202103,수인선,어천,514,450,964
202103,수인선,오목천,1699,1430,3129
202103,수인선,고색,1947,2048,3995
202103,수인선,고색,1410,1491,2901
202103,수인선,오목천,1197,1152,2349
202103,수인선,어천,448,499,947
202103,수인선,야목,126,106,232
202103,수인선,사리,2232,1944,4176
202103,수인선,달월,52,57,109
202103,수인선,월곶,1556,1387,2943
202103,수인선,소래포구,4374,4345,8719
202103,수인선,인천논현,2953,3013,5966
202103,수인선,호구포,1754,1865,3619
202103,수인선,남동인더스파크,655,642,1297
202103,수인선,원인재,2573,2690,5263
202103,수인선,연수,2792,2644,5436
202103,수인선,송도,1524,1453,2977
202103,수인선,인하대,3156,3004,6160
202103,수인선,숭의,1783,1671,3454
202103,수인선,신포,1073,1105,2178
202103,수인선,인천,995,1523,2518
202103,수인선,인천,803,1426,2229
202103,수인선,신포,1093,1137,2230
202103,수인선,숭의,2241,2157,4398
202103,수인선,인하대,3668,3426,7094
202103,수인선,송도,1716,1682,3398
202103,수인선,연수,3264,3273,6537
202103,수인선,원인재,3062,3284,6346
202103,수인선,남동인더스파크,985,939,1924
202103,수인선,호구포,2237,2131,4368
202103,수인선,인천논현,3847,3992,7839
202103,수인선,소래포구,4280,4452,8732
202103,수인선,월곶,1772,1783,3555
202103,수인선,달월,56,48,104
202103,수인선,사리,2659,2524,5183
202103,수인선,야목,165,136,301
202103,수인선,어천,521,448,969
202103,수인선,오목천,1686,1459,3145
202103,수인선,고색,1879,1907,3786
202103,수인선,고색,1228,1360,2588
202103,수인선,오목천,1122,1153,2275
202103,수인선,어천,392,458,850
202103,수인선,야목,136,109,245
202103,수인선,사리,2067,1774,3841
202103,수인선,달월,36,28,64
202103,수인선,월곶,1426,1339,2765
202103,수인선,소래포구,3736,3668,7404
202103,수인선,인천논현,2608,2590,5198
202103,수인선,호구포,1646,1724,3370
202103,수인선,남동인더스파크,518,525,1043
202103,수인선,원인재,2430,2593,5023
202103,수인선,연수,2609,2527,5136
202103,수인선,송도,1310,1216,2526
202103,수인선,인하대,2787,2787,5574
202103,수인선,숭의,1619,1536,3155
202103,수인선,신포,982,968,1950
202103,수인선,인천,848,1212,2060
202104,수인선,인천,718,1157,1875
202104,수인선,신포,992,1080,2072
202104,수인선,숭의,2033,1938,3971
202104,수인선,인하대,3380,3206,6586
202104,수인선,송도,1432,1439,2871
202104,수인선,연수,3014,3021,6035
202104,수인선,원인재,2810,3045,5855
202104,수인선,남동인더스파크,902,823,1725
202104,수인선,호구포,2033,2008,4041
202104,수인선,인천논현,3815,3803,7618
202104,수인선,소래포구,3599,3696,7295
202104,수인선,월곶,1589,1560,3149
202104,수인선,달월,41,38,79
202104,수인선,사리,2467,2216,4683
202104,수인선,야목,145,143,288
202104,수인선,어천,487,409,896
202104,수인선,오목천,1501,1362,2863
202104,수인선,고색,1767,1795,3562
202104,수인선,인천,998,1511,2509
202104,수인선,신포,1174,1054,2228
202104,수인선,숭의,1886,1702,3588
202104,수인선,인하대,3087,3075,6162
202104,수인선,송도,1540,1488,3028
202104,수인선,연수,2789,2651,5440
202104,수인선,원인재,2943,3072,6015
202104,수인선,남동인더스파크,649,658,1307
202104,수인선,호구포,2045,2093,4138
202104,수인선,인천논현,2909,3102,6011
202104,수인선,소래포구,4502,4449,8951
202104,수인선,월곶,1539,1434,2973
202104,수인선,고색,1354,1430,2784
202104,수인선,달월,41,60,101
202104,수인선,사리,2284,1901,4185
202104,수인선,야목,165,142,307
202104,수인선,어천,472,528,1000
202104,수인선,오목천,1218,1229,2447
202104,수인선,인천,1318,2217,3535
202104,수인선,신포,1469,1465,2934
202104,수인선,숭의,2654,2495,5149
202104,수인선,인하대,4277,3867,8144
202104,수인선,송도,1994,1948,3942
202104,수인선,연수,3673,3652,7325
202104,수인선,원인재,3395,3721,7116
202104,수인선,남동인더스파크,997,922,1919
202104,수인선,호구포,2505,2408,4913
202104,수인선,인천논현,4316,4417,8733
202104,수인선,소래포구,6230,6272,12502
202104,수인선,월곶,2110,2088,4198
202104,수인선,달월,81,90,171
202104,수인선,사리,3061,2750,5811
202104,수인선,야목,199,195,394
202104,수인선,어천,639,592,1231
202104,수인선,오목천,1814,1542,3356
202104,수인선,고색,2099,2194,4293
202104,수인선,고색,1451,1551,3002
202104,수인선,오목천,1353,1269,2622
202104,수인선,어천,528,612,1140
202104,수인선,야목,173,164,337
202104,수인선,사리,2416,2066,4482
202104,수인선,달월,61,80,141
202104,수인선,월곶,1671,1519,3190
202104,수인선,소래포구,5684,5515,11199
202104,수인선,인천논현,2917,2961,5878
202104,수인선,호구포,1960,1995,3955
202104,수인선,남동인더스파크,649,661,1310
202104,수인선,원인재,2635,2739,5374
202104,수인선,연수,2855,2741,5596
202104,수인선,송도,1663,1524,3187
202104,수인선,인하대,3107,2981,6088
202104,수인선,숭의,1925,1842,3767
202104,수인선,신포,1107,1156,2263
202104,수인선,인천,1221,1714,2935
202104,수인선,고색,2013,2097,4110
202104,수인선,오목천,1795,1556,3351
202104,수인선,어천,583,527,1110
202104,수인선,야목,190,194,384
202104,수인선,사리,3037,2568,5605
202104,수인선,달월,73,82,155
202104,수인선,월곶,2035,1883,3918
202104,수인선,소래포구,5209,5370,10579
202104,수인선,인천논현,4396,4475,8871
202104,수인선,호구포,2358,2230,4588
202104,수인선,남동인더스파크,1043,954,1997
202104,수인선,원인재,3456,3658,7114
202104,수인선,연수,3560,3493,7053
202104,수인선,송도,1901,1860,3761
202104,수인선,인하대,3833,3681,7514
202104,수인선,숭의,2563,2451,5014
202104,수인선,신포,1302,1329,2631
202104,수인선,인천,993,1785,2778
202104,수인선,인천,1132,1577,2709
202104,수인선,신포,1074,1066,2140
202104,수인선,숭의,1908,1787,3695
202104,수인선,인하대,2775,2745,5520
202104,수인선,야목,160,160,320
202104,수인선,어천,460,529,989
202104,수인선,오목천,1187,1193,2380
202104,수인선,고색,1322,1485,2807
202104,수인선,사리,2166,1900,4066
202104,수인선,달월,93,100,193
202104,수인선,월곶,1604,1496,3100
202104,수인선,소래포구,5082,4945,10027
202104,수인선,인천논현,2756,2823,5579
202104,수인선,호구포,1744,1871,3615
202104,수인선,남동인더스파크,623,595,1218
202104,수인선,원인재,2530,2651,5181
202104,수인선,연수,2675,2667,5342
202104,수인선,송도,1478,1405,2883
202104,수인선,인천,1181,2106,3287
202104,수인선,신포,1334,1408,2742
202104,수인선,숭의,2678,2529,5207
202104,수인선,인하대,4307,3928,8235
202104,수인선,송도,1912,1909,3821
202104,수인선,연수,3577,3632,7209
202104,수인선,원인재,3555,3630,7185
202104,수인선,남동인더스파크,1108,972,2080
202104,수인선,호구포,2504,2507,5011
202104,수인선,인천논현,4220,4324,8544
202104,수인선,소래포구,5871,6045,11916
202104,수인선,월곶,2114,2010,4124
202104,수인선,달월,75,79,154
202104,수인선,사리,3061,2661,5722
202104,수인선,야목,194,202,396
202104,수인선,어천,632,545,1177
202104,수인선,오목천,1895,1558,3453
202104,수인선,고색,2193,2246,4439
202104,수인선,인천,1172,1625,2797
202104,수인선,신포,1138,1069,2207
202104,수인선,숭의,2026,1897,3923
202104,수인선,인하대,3061,2957,6018
202104,수인선,송도,1560,1486,3046
202104,수인선,연수,2789,2702,5491
202104,수인선,원인재,2634,2890,5524
202104,수인선,남동인더스파크,572,596,1168
202104,수인선,호구포,1919,1924,3843
202104,수인선,인천논현,2913,3000,5913
202104,수인선,소래포구,5569,5468,11037
202104,수인선,월곶,1601,1521,3122
202104,수인선,달월,48,54,102
202104,수인선,사리,2258,2097,4355
202104,수인선,야목,179,152,331
202104,수인선,어천,501,595,1096
202104,수인선,오목천,1257,1213,2470
202104,수인선,고색,1636,1834,3470
202105,수인선,고색,1978,2003,3981
202105,수인선,오목천,1701,1376,3077
202105,수인선,어천,593,553,1146
202105,수인선,야목,167,167,334
202105,수인선,사리,2902,2469,5371
202105,수인선,달월,64,79,143
202105,수인선,월곶,1897,1818,3715
202105,수인선,소래포구,5378,5538,10916
202105,수인선,인천논현,3950,3999,7949
202105,수인선,호구포,2090,2088,4178
202105,수인선,남동인더스파크,845,726,1571
202105,수인선,원인재,3273,3481,6754
202105,수인선,인천,1000,1822,2822
202105,수인선,신포,1257,1272,2529
202105,수인선,숭의,2360,2243,4603
202105,수인선,인하대,3791,3479,7270
202105,수인선,송도,1804,1821,3625
202105,수인선,연수,3423,3356,6779
202105,수인선,고색,1361,1489,2850
202105,수인선,오목천,1281,1212,2493
202105,수인선,어천,498,574,1072
202105,수인선,야목,157,141,298
202105,수인선,사리,2349,2062,4411
202105,수인선,달월,57,77,134
202105,수인선,월곶,1618,1593,3211
202105,수인선,소래포구,5101,5013,10114
202105,수인선,인천논현,3003,3085,6088
202105,수인선,호구포,1799,1875,3674
202105,수인선,남동인더스파크,563,620,1183
202105,수인선,원인재,2817,2952,5769
202105,수인선,연수,2829,2748,5577
202105,수인선,송도,1594,1532,3126
202105,수인선,인하대,3130,3139,6269
202105,수인선,숭의,2097,1871,3968
202105,수인선,신포,1156,1118,2274
202105,수인선,인천,1205,1853,3058
202105,수인선,고색,1924,1950,3874
202105,수인선,오목천,1617,1422,3039
202105,수인선,어천,598,497,1095
202105,수인선,야목,199,177,376
202105,수인선,사리,2906,2541,5447
202105,수인선,달월,57,58,115
202105,수인선,월곶,1908,1848,3756
202105,수인선,소래포구,4639,4716,9355
202105,수인선,인천논현,3856,4001,7857
202105,수인선,호구포,2330,2217,4547
202105,수인선,남동인더스파크,953,869,1822
202105,수인선,원인재,3140,3348,6488
202105,수인선,연수,3178,3285,6463
202105,수인선,송도,1791,1831,3622
202105,수인선,인하대,3726,3508,7234
202105,수인선,숭의,2383,2243,4626
202105,수인선,신포,1131,1203,2334
202105,수인선,인천,1133,1875,3008
202105,수인선,인천,1292,1851,3143
202105,수인선,신포,1140,1109,2249
202105,수인선,숭의,1937,1825,3762
202105,수인선,인하대,3150,3210,6360
202105,수인선,송도,1678,1627,3305
202105,수인선,연수,2907,2828,5735
202105,수인선,원인재,2885,2927,5812
202105,수인선,남동인더스파크,583,628,1211
202105,수인선,호구포,1810,1902,3712
202105,수인선,인천논현,2974,3116,6090
202105,수인선,소래포구,5031,4904,9935
202105,수인선,월곶,1604,1531,3135
202105,수인선,달월,65,62,127
202105,수인선,사리,2401,2029,4430
202105,수인선,야목,148,121,269
202105,수인선,어천,524,586,1110
202105,수인선,오목천,1331,1300,2631
202105,수인선,고색,1531,1592,3123
202105,수인선,고색,2229,2261,4490
202105,수인선,오목천,1846,1635,3481
202105,수인선,어천,660,534,1194
202105,수인선,야목,199,192,391
202105,수인선,사리,2894,2572,5466
202105,수인선,달월,45,51,96
202105,수인선,월곶,1994,1894,3888
202105,수인선,소래포구,5193,5457,10650
202105,수인선,인천논현,4133,4293,8426
202105,수인선,호구포,2427,2324,4751
202105,수인선,남동인더스파크,1092,1010,2102
202105,수인선,원인재,3257,3401,6658
202105,수인선,연수,3677,3678,7355
202105,수인선,송도,1971,1901,3872
202105,수인선,인하대,4103,3904,8007
202105,수인선,숭의,2536,2454,4990
202105,수인선,신포,1180,1245,2425
202105,수인선,인천,973,1651,2624
202105,수인선,고색,1263,1285,2548
202105,수인선,오목천,1032,1032,2064
202105,수인선,어천,346,428,774
202105,수인선,야목,117,100,217
202105,수인선,사리,1840,1666,3506
202105,수인선,달월,34,35,69
202105,수인선,월곶,1175,1067,2242
202105,수인선,소래포구,3041,3046,6087
202105,수인선,인천논현,2297,2423,4720
202105,수인선,호구포,1467,1531,2998
202105,수인선,남동인더스파크,581,560,1141
202105,수인선,원인재,2128,2274,4402
202105,수인선,연수,2338,2246,4584
202105,수인선,송도,1062,1026,2088
202105,수인선,인하대,2554,2426,4980
202105,수인선,숭의,1421,1369,2790
202105,수인선,신포,833,738,1571
202105,수인선,인천,689,979,1668
202105,수인선,인천,1528,2468,3996
202105,수인선,신포,1368,1478,2846
202105,수인선,숭의,2773,2590,5363
202105,수인선,인하대,4419,4056,8475
202105,수인선,송도,2271,2217,4488
202105,수인선,연수,3881,3874,7755
202105,수인선,원인재,3725,4032,7757
202105,수인선,남동인더스파크,1069,978,2047
202105,수인선,호구포,2592,2490,5082
202105,수인선,인천논현,4475,4582,9057
202105,수인선,소래포구,6498,6542,13040
202105,수인선,월곶,2114,2045,4159
202105,수인선,달월,75,83,158
202105,수인선,사리,3267,2770,6037
202105,수인선,야목,194,189,383
202105,수인선,어천,675,643,1318
202105,수인선,오목천,1950,1680,3630
202105,수인선,고색,2388,2373,4761
202105,수인선,고색,1437,1569,3006
202105,수인선,오목천,1364,1321,2685
202105,수인선,어천,563,652,1215
202105,수인선,야목,158,130,288
202105,수인선,사리,2356,2127,4483
202105,수인선,달월,69,71,140
202105,수인선,월곶,1716,1577,3293
202105,수인선,소래포구,5629,5578,11207
202105,수인선,인천논현,2997,3082,6079
202105,수인선,호구포,1922,1916,3838
202105,수인선,남동인더스파크,710,702,1412
202105,수인선,원인재,2923,2932,5855
202105,수인선,연수,2885,2836,5721
202105,수인선,송도,1638,1592,3230
202105,수인선,인하대,3146,3014,6160
202105,수인선,숭의,1923,1823,3746
202105,수인선,신포,1117,1055,2172
202105,수인선,인천,1109,1826,2935
202105,수인선,고색,2157,2192,4349
202105,수인선,오목천,1893,1680,3573
202105,수인선,어천,682,592,1274
202105,수인선,야목,189,177,366
202105,수인선,사리,3226,2812,6038
202105,수인선,달월,59,63,122
202105,수인선,월곶,2040,2028,4068
202105,수인선,소래포구,5979,6077,12056
202105,수인선,인천논현,4277,4335,8612
202105,수인선,호구포,2459,2447,4906
202105,수인선,남동인더스파크,968,875,1843
202105,수인선,원인재,3463,3605,7068
202105,수인선,연수,3687,3723,7410
202105,수인선,송도,2084,2025,4109
202105,수인선,인하대,3950,3730,7680
202105,수인선,숭의,2693,2571,5264
202105,수인선,신포,1380,1357,2737
202105,수인선,인천,1215,2182,3397
202105,수인선,인천,1119,1692,2811
202105,수인선,신포,1147,1100,2247
202105,수인선,숭의,1994,1832,3826
202105,수인선,인하대,2983,2850,5833
202105,수인선,송도,1547,1503,3050
202105,수인선,연수,2834,2831,5665
202105,수인선,원인재,2553,2750,5303
202105,수인선,남동인더스파크,659,658,1317
202105,수인선,호구포,1705,1732,3437
202105,수인선,인천논현,2840,3009,5849
202105,수인선,소래포구,5482,5415,10897
202105,수인선,월곶,1608,1491,3099
202105,수인선,달월,33,38,71
202105,수인선,사리,2337,2103,4440
202105,수인선,야목,153,134,287
202105,수인선,어천,511,638,1149
202105,수인선,오목천,1336,1275,2611
202105,수인선,고색,1472,1580,3052
202106,수인선,고색,2347,2312,4659
202106,수인선,오목천,2007,1732,3739
202106,수인선,어천,668,578,1246
202106,수인선,야목,180,210,390
202106,수인선,사리,3170,2809,5979
202106,수인선,달월,56,56,112
202106,수인선,월곶,2169,2017,4186
202106,수인선,소래포구,5813,5902,11715
202106,수인선,인천논현,4706,4858,9564
202106,수인선,호구포,2515,2437,4952
202106,수인선,남동인더스파크,1072,1008,2080
202106,수인선,원인재,3688,3884,7572
202106,수인선,연수,3790,3820,7610
202106,수인선,송도,2253,2173,4426
202106,수인선,인하대,4056,3897,7953
202106,수인선,숭의,2748,2484,5232
202106,수인선,신포,1489,1539,3028
202106,수인선,인천,1320,2071,3391
202106,수인선,고색,1442,1573,3015
202106,수인선,오목천,1335,1361,2696
202106,수인선,어천,446,571,1017
202106,수인선,야목,144,140,284
202106,수인선,사리,2384,2110,4494
202106,수인선,달월,54,63,117
202106,수인선,월곶,1652,1491,3143
202106,수인선,소래포구,5111,4959,10070
202106,수인선,인천논현,2898,3020,5918
202106,수인선,호구포,1720,1777,3497
202106,수인선,남동인더스파크,575,559,1134
202106,수인선,원인재,2711,2802,5513
202106,수인선,연수,2828,2769,5597
202106,수인선,송도,1590,1506,3096
202106,수인선,인하대,2856,2760,5616
202106,수인선,숭의,1926,1776,3702
202106,수인선,신포,1121,1081,2202
202106,수인선,인천,1123,1616,2739
202106,수인선,송도,2002,1980,3982
202106,수인선,인하대,4122,3833,7955
202106,수인선,숭의,2670,2459,5129
202106,수인선,신포,1387,1410,2797
202106,수인선,인천,1348,2156,3504
202106,수인선,고색,2238,2217,4455
202106,수인선,오목천,1942,1694,3636
202106,수인선,어천,690,599,1289
202106,수인선,야목,187,193,380
202106,수인선,사리,3162,2760,5922
202106,수인선,달월,75,74,149
202106,수인선,월곶,2059,1950,4009
202106,수인선,소래포구,5896,6030,11926
202106,수인선,인천논현,4350,4482,8832
202106,수인선,호구포,2504,2499,5003
202106,수인선,남동인더스파크,930,814,1744
202106,수인선,원인재,3514,3700,7214
202106,수인선,연수,3711,3744,7455
202106,수인선,고색,1433,1534,2967
202106,수인선,오목천,1350,1309,2659
202106,수인선,어천,485,627,1112
202106,수인선,야목,150,118,268
202106,수인선,사리,2378,2015,4393
202106,수인선,달월,54,56,110
202106,수인선,월곶,1591,1534,3125
202106,수인선,소래포구,4851,4693,9544
202106,수인선,인천논현,2728,2886,5614
202106,수인선,호구포,1984,2003,3987
202106,수인선,남동인더스파크,602,600,1202
202106,수인선,원인재,2559,2749,5308
202106,수인선,연수,2815,2734,5549
202106,수인선,송도,1527,1487,3014
202106,수인선,인하대,2906,2725,5631
202106,수인선,숭의,1899,1690,3589
202106,수인선,신포,1040,1042,2082
202106,수인선,인천,1098,1682,2780
202106,수인선,인천,1363,2319,3682
202106,수인선,신포,1436,1480,2916
202106,수인선,숭의,2818,2548,5366
202106,수인선,인하대,4217,3993,8210
202106,수인선,송도,2012,2057,4069
202106,수인선,연수,3744,3648,7392
202106,수인선,원인재,3607,3780,7387
202106,수인선,남동인더스파크,998,927,1925
202106,수인선,호구포,2510,2463,4973
202106,수인선,인천논현,4417,4519,8936
202106,수인선,소래포구,5764,5885,11649
202106,수인선,월곶,2018,2013,4031
202106,수인선,달월,72,62,134
202106,수인선,사리,3258,2790,6048
202106,수인선,야목,218,196,414
202106,수인선,어천,711,606,1317
202106,수인선,오목천,2066,1788,3854
202106,수인선,고색,2231,2245,4476
202106,수인선,인천,1177,1783,2960
202106,수인선,신포,1132,1058,2190
202106,수인선,숭의,1964,1844,3808
202106,수인선,인하대,3155,3095,6250
202106,수인선,송도,1534,1616,3150
202106,수인선,연수,2943,2716,5659
202106,수인선,원인재,2739,2853,5592
202106,수인선,남동인더스파크,545,560,1105
202106,수인선,호구포,2017,1988,4005
202106,수인선,인천논현,2995,3116,6111
202106,수인선,소래포구,5051,4930,9981
202106,수인선,월곶,1589,1509,3098
202106,수인선,달월,40,49,89
202106,수인선,사리,2406,2108,4514
202106,수인선,야목,183,151,334
202106,수인선,어천,474,608,1082
202106,수인선,오목천,1402,1460,2862
202106,수인선,고색,1441,1557,2998
202106,수인선,고색,2200,2222,4422
202106,수인선,오목천,1952,1613,3565
202106,수인선,어천,623,589,1212
202106,수인선,야목,175,178,353
202106,수인선,사리,3022,2736,5758
202106,수인선,달월,59,65,124
202106,수인선,월곶,1966,1903,3869
202106,수인선,소래포구,5490,5603,11093
202106,수인선,인천논현,4247,4344,8591
202106,수인선,호구포,2456,2308,4764
202106,수인선,남동인더스파크,1037,947,1984
202106,수인선,원인재,3579,3595,7174
202106,수인선,연수,3590,3645,7235
202106,수인선,송도,1804,1811,3615
202106,수인선,인하대,3975,3681,7656
202106,수인선,숭의,2698,2397,5095
202106,수인선,신포,1372,1429,2801
202106,수인선,인천,1135,2027,3162
202106,수인선,인천,1111,1751,2862
202106,수인선,신포,1101,1115,2216
202106,수인선,숭의,1902,1783,3685
202106,수인선,인하대,2943,2782,5725
202106,수인선,송도,1553,1482,3035
202106,수인선,연수,2803,2744,5547
202106,수인선,원인재,2690,2805,5495
202106,수인선,남동인더스파크,628,606,1234
202106,수인선,호구포,1804,1928,3732
202106,수인선,인천논현,2834,2994,5828
202106,수인선,소래포구,5100,5055,10155
202106,수인선,월곶,1620,1515,3135
202106,수인선,달월,60,48,108
202106,수인선,사리,2335,2018,4353
202106,수인선,야목,150,130,280
202106,수인선,어천,467,550,1017
202106,수인선,오목천,1287,1262,2549
202106,수인선,고색,1501,1552,3053
202107,수인선,인천,949,1478,2427
202107,수인선,신포,1058,1119,2177
202107,수인선,숭의,2370,2163,4533
202107,수인선,인하대,3594,3361,6955
202107,수인선,송도,1686,1636,3322
202107,수인선,연수,3171,3210,6381
202107,수인선,원인재,3154,3358,6512
202107,수인선,남동인더스파크,900,843,1743
202107,수인선,호구포,2279,2169,4448
202107,수인선,인천논현,3778,3956,7734
202107,수인선,소래포구,4231,4262,8493
202107,수인선,월곶,1798,1772,3570
202107,수인선,달월,51,50,101
202107,수인선,사리,2813,2496,5309
202107,수인선,야목,167,148,315
202107,수인선,어천,596,533,1129
202107,수인선,오목천,1790,1494,3284
202107,수인선,고색,2007,1840,3847
202107,수인선,고색,1338,1363,2701
202107,수인선,오목천,1120,1131,2251
202107,수인선,어천,442,569,1011
202107,수인선,야목,138,106,244
202107,수인선,사리,1973,1777,3750
202107,수인선,달월,33,35,68
202107,수인선,월곶,1397,1321,2718
202107,수인선,소래포구,3212,3093,6305
202107,수인선,인천논현,2443,2645,5088
202107,수인선,호구포,1584,1653,3237
202107,수인선,남동인더스파크,471,480,951
202107,수인선,원인재,2311,2349,4660
202107,수인선,연수,2309,2274,4583
202107,수인선,송도,1163,1108,2271
202107,수인선,인하대,2526,2419,4945
202107,수인선,숭의,1551,1458,3009
202107,수인선,신포,930,841,1771
202107,수인선,인천,792,1201,1993
202107,수인선,인천,901,1497,2398
202107,수인선,신포,1205,1284,2489
202107,수인선,숭의,2367,2213,4580
202107,수인선,인하대,3698,3409,7107
202107,수인선,송도,1750,1735,3485
202107,수인선,연수,3122,3207,6329
202107,수인선,원인재,3061,3128,6189
202107,수인선,남동인더스파크,887,855,1742
202107,수인선,호구포,2308,2202,4510
202107,수인선,인천논현,3838,3984,7822
202107,수인선,소래포구,4102,4231,8333
202107,수인선,월곶,1762,1800,3562
202107,수인선,달월,47,43,90
202107,수인선,사리,2646,2214,4860
202107,수인선,야목,151,142,293
202107,수인선,어천,610,520,1130
202107,수인선,오목천,1662,1486,3148
202107,수인선,고색,2200,2112,4312
202107,수인선,고색,1239,1353,2592
202107,수인선,오목천,1178,1179,2357
202107,수인선,어천,397,509,906
202107,수인선,야목,123,97,220
202107,수인선,사리,1983,1645,3628
202107,수인선,달월,44,45,89
202107,수인선,월곶,1290,1223,2513
202107,수인선,소래포구,3278,3182,6460
202107,수인선,인천논현,2287,2475,4762
202107,수인선,호구포,1616,1682,3298
202107,수인선,남동인더스파크,536,564,1100
202107,수인선,원인재,2248,2311,4559
202107,수인선,연수,2419,2308,4727
202107,수인선,송도,1265,1242,2507
202107,수인선,인하대,2590,2511,5101
202107,수인선,숭의,1606,1524,3130
202107,수인선,신포,860,862,1722
202107,수인선,인천,725,1090,1815
202107,수인선,고색,1853,1804,3657
202107,수인선,오목천,1447,1323,2770
202107,수인선,어천,540,472,1012
202107,수인선,야목,149,148,297
202107,수인선,사리,2406,2079,4485
202107,수인선,달월,53,51,104
202107,수인선,월곶,1568,1514,3082
202107,수인선,소래포구,3635,3729,7364
202107,수인선,인천논현,3375,3468,6843
202107,수인선,호구포,2211,2125,4336
202107,수인선,남동인더스파크,944,927,1871
202107,수인선,원인재,2804,2888,5692
202107,수인선,연수,2908,2913,5821
202107,수인선,송도,1421,1480,2901
202107,수인선,인하대,3089,2864,5953
202107,수인선,숭의,2116,1939,4055
202107,수인선,신포,1148,1130,2278
202107,수인선,인천,964,1439,2403
202107,수인선,인천,819,1202,2021
202107,수인선,신포,824,803,1627
202107,수인선,숭의,1423,1344,2767
202107,수인선,인하대,2345,2242,4587
202107,수인선,송도,1148,1100,2248
202107,수인선,연수,2197,2164,4361
202107,수인선,원인재,2031,2160,4191
202107,수인선,남동인더스파크,562,576,1138
202107,수인선,호구포,1497,1509,3006
202107,수인선,인천논현,2251,2238,4489
202107,수인선,소래포구,3315,3255,6570
202107,수인선,월곶,1245,1191,2436
202107,수인선,달월,38,40,78
202107,수인선,사리,1763,1524,3287
202107,수인선,야목,131,110,241
202107,수인선,어천,421,501,922
202107,수인선,오목천,955,1003,1958
202107,수인선,고색,1202,1247,2449
202107,수인선,고색,1885,1887,3772
202107,수인선,오목천,1606,1428,3034
202107,수인선,어천,532,444,976
202107,수인선,야목,149,134,283
202107,수인선,사리,2337,2019,4356
202107,수인선,달월,39,47,86
202107,수인선,월곶,1548,1529,3077
202107,수인선,소래포구,3726,3768,7494
202107,수인선,인천논현,3390,3535,6925
202107,수인선,호구포,2058,1981,4039
202107,수인선,남동인더스파크,875,814,1689
202107,수인선,원인재,2679,2843,5522
202107,수인선,연수,2765,2817,5582
202107,수인선,송도,1417,1370,2787
202107,수인선,인천,1168,1706,2874
202107,수인선,신포,1045,1075,2120
202107,수인선,숭의,2072,1954,4026
202107,수인선,인하대,3061,2831,5892
202107,수인선,고색,1282,1317,2599
202107,수인선,오목천,982,985,1967
202107,수인선,어천,362,486,848
202107,수인선,야목,115,97,212
202107,수인선,사리,1698,1506,3204
202107,수인선,달월,31,34,65
202107,수인선,월곶,1194,1177,2371
202107,수인선,소래포구,3338,3251,6589
202107,수인선,인천논현,2135,2199,4334
202107,수인선,호구포,1390,1487,2877
202107,수인선,남동인더스파크,562,577,1139
202107,수인선,원인재,1992,2056,4048
202107,수인선,연수,2039,1994,4033
202107,수인선,송도,1075,1043,2118
202107,수인선,인하대,2151,2017,4168
202107,수인선,숭의,1359,1311,2670
202107,수인선,신포,719,759,1478
202107,수인선,인천,919,1325,2244
202107,수인선,송도,1409,1338,2747
202107,수인선,연수,2678,2737,5415
202107,수인선,원인재,2729,2813,5542
202107,수인선,남동인더스파크,757,636,1393
202107,수인선,호구포,1982,1869,3851
202107,수인선,인천논현,3211,3333,6544
202107,수인선,소래포구,3804,3920,7724
202107,수인선,월곶,1559,1536,3095
202107,수인선,달월,43,47,90
202107,수인선,사리,2332,2059,4391
202107,수인선,야목,160,169,329
202107,수인선,어천,580,482,1062
202107,수인선,오목천,1376,1303,2679
202107,수인선,고색,1768,1632,3400
202107,수인선,인하대,2998,2751,5749
202107,수인선,숭의,1978,1829,3807
202107,수인선,신포,1023,1062,2085
202107,수인선,인천,1090,1630,2720
202108,수인선,인천,869,1311,2180
202108,수인선,신포,765,754,1519
202108,수인선,숭의,1360,1308,2668
202108,수인선,인하대,2107,2028,4135
202108,수인선,송도,1192,1152,2344
202108,수인선,연수,2047,2002,4049
202108,수인선,원인재,1918,2001,3919
202108,수인선,남동인더스파크,513,478,991
202108,수인선,호구포,1356,1436,2792
202108,수인선,인천논현,2065,2141,4206
202108,수인선,소래포구,3333,3255,6588
202108,수인선,월곶,1166,1079,2245
202108,수인선,달월,33,37,70
202108,수인선,사리,1624,1454,3078
202108,수인선,야목,107,110,217
202108,수인선,어천,448,440,888
202108,수인선,오목천,939,867,1806
202108,수인선,고색,1114,1111,2225
202108,수인선,고색,1784,1731,3515
202108,수인선,오목천,1452,1311,2763
202108,수인선,어천,527,522,1049
202108,수인선,야목,165,151,316
202108,수인선,사리,2346,2205,4551
202108,수인선,달월,39,40,79
202108,수인선,월곶,1659,1548,3207
202108,수인선,소래포구,4170,4254,8424
202108,수인선,인천논현,3381,3571,6952
202108,수인선,호구포,2140,2005,4145
202108,수인선,남동인더스파크,847,809,1656
202108,수인선,원인재,2801,2909,5710
202108,수인선,연수,2849,2934,5783
202108,수인선,송도,1528,1522,3050
202108,수인선,인하대,3357,3082,6439
202108,수인선,숭의,2141,1972,4113
202108,수인선,신포,1151,1178,2329
202108,수인선,인천,1158,1710,2868
202108,수인선,인천,968,1398,2366
202108,수인선,신포,865,813,1678
202108,수인선,숭의,1406,1292,2698
202108,수인선,인하대,2282,2160,4442
202108,수인선,송도,1073,1058,2131
202108,수인선,연수,2079,2034,4113
202108,수인선,원인재,2075,2118,4193
202108,수인선,남동인더스파크,522,532,1054
202108,수인선,호구포,1414,1475,2889
202108,수인선,인천논현,2158,2282,4440
202108,수인선,소래포구,3516,3393,6909
202108,수인선,월곶,1187,1137,2324
202108,수인선,달월,34,35,69
202108,수인선,사리,1784,1562,3346
202108,수인선,야목,121,114,235
202108,수인선,어천,370,461,831
202108,수인선,오목천,999,985,1984
202108,수인선,고색,1190,1205,2395
202108,수인선,인천,1192,1774,2966
202108,수인선,신포,1111,1097,2208
202108,수인선,숭의,2326,2073,4399
202108,수인선,인하대,3337,3163,6500
202108,수인선,송도,1609,1577,3186
202108,수인선,연수,3038,3018,6056
202108,수인선,원인재,2980,3175,6155
202108,수인선,남동인더스파크,891,889,1780
202108,수인선,호구포,2166,2094,4260
202108,수인선,인천논현,3599,3754,7353
202108,수인선,소래포구,4178,4329,8507
202108,수인선,월곶,1865,1797,3662
202108,수인선,달월,43,44,87
202108,수인선,사리,2608,2228,4836
202108,수인선,야목,186,167,353
202108,수인선,어천,562,488,1050
202108,수인선,오목천,1560,1346,2906
202108,수인선,고색,1962,1887,3849
202108,수인선,인천,1208,1689,2897
202108,수인선,신포,992,1017,2009
202108,수인선,숭의,1618,1473,3091
202108,수인선,인하대,2491,2384,4875
202108,수인선,송도,1268,1255,2523
202108,수인선,연수,2539,2437,4976
202108,수인선,원인재,2362,2388,4750
202108,수인선,남동인더스파크,587,515,1102
202108,수인선,호구포,1539,1559,3098
202108,수인선,인천논현,2452,2636,5088
202108,수인선,소래포구,4229,4217,8446
202108,수인선,월곶,1439,1420,2859
202108,수인선,달월,51,53,104
202108,수인선,사리,1912,1739,3651
202108,수인선,야목,143,123,266
202108,수인선,어천,441,508,949
202108,수인선,오목천,1122,1099,2221
202108,수인선,고색,1230,1213,2443
202108,수인선,인천,776,1169,1945
202108,수인선,신포,958,972,1930
202108,수인선,숭의,1963,1750,3713
202108,수인선,인하대,2806,2645,5451
202108,수인선,송도,1353,1289,2642
202108,수인선,연수,2658,2785,5443
202108,수인선,원인재,2562,2705,5267
202108,수인선,남동인더스파크,903,819,1722
202108,수인선,호구포,1911,1920,3831
202108,수인선,인천논현,3230,3340,6570
202108,수인선,소래포구,3073,3244,6317
202108,수인선,월곶,1492,1546,3038
202108,수인선,달월,47,31,78
202108,수인선,사리,2319,2129,4448
202108,수인선,야목,145,115,260
202108,수인선,어천,479,447,926
202108,수인선,오목천,1388,1243,2631
202108,수인선,고색,1673,1614,3287
202108,수인선,고색,1244,1348,2592
202108,수인선,오목천,1097,1095,2192
202108,수인선,어천,444,500,944
202108,수인선,야목,140,133,273
202108,수인선,사리,2085,1698,3783
202108,수인선,달월,35,43,78
202108,수인선,월곶,1409,1309,2718
202108,수인선,소래포구,4195,4097,8292
202108,수인선,인천논현,2435,2497,4932
202108,수인선,호구포,1606,1626,3232
202108,수인선,남동인더스파크,490,509,999
202108,수인선,원인재,2370,2386,4756
202108,수인선,연수,2436,2427,4863
202108,수인선,송도,1326,1239,2565
202108,수인선,인하대,2537,2502,5039
202108,수인선,숭의,1613,1488,3101
202108,수인선,신포,952,915,1867
202108,수인선,인천,914,1320,2234
202108,수인선,고색,1994,1961,3955
202108,수인선,오목천,1593,1529,3122
202108,수인선,어천,632,566,1198
202108,수인선,야목,191,164,355
202108,수인선,사리,2773,2496,5269
202108,수인선,달월,54,69,123
202108,수인선,월곶,1811,1868,3679
202108,수인선,소래포구,5591,5715,11306
202108,수인선,인천논현,3907,4019,7926
202108,수인선,호구포,2305,2310,4615
202108,수인선,남동인더스파크,983,922,1905
202108,수인선,원인재,3555,3596,7151
202108,수인선,연수,3241,3232,6473
202108,수인선,송도,1773,1676,3449
202108,수인선,인하대,3582,3460,7042
202108,수인선,숭의,2427,2245,4672
202108,수인선,신포,1273,1369,2642
202108,수인선,인천,1178,1865,3043
202108,수인선,고색,1367,1444,2811
202108,수인선,오목천,1206,1212,2418
202108,수인선,어천,431,555,986
202108,수인선,야목,137,132,269
202108,수인선,사리,2201,1901,4102
202108,수인선,달월,32,35,67
202108,수인선,월곶,1413,1403,2816
202108,수인선,소래포구,4726,4653,9379
202108,수인선,인천논현,2599,2610,5209
202108,수인선,호구포,1676,1685,3361
202108,수인선,남동인더스파크,544,569,1113
202108,수인선,원인재,2665,2766,5431
202108,수인선,연수,2503,2495,4998
202108,수인선,송도,1362,1314,2676
202108,수인선,인하대,2922,2879,5801
202108,수인선,숭의,1713,1653,3366
202108,수인선,신포,1051,1040,2091
202108,수인선,인천,970,1424,2394
202109,수인선,고색,2078,2051,4129
202109,수인선,오목천,1897,1653,3550
202109,수인선,어천,685,574,1259
202109,수인선,야목,212,195,407
202109,수인선,사리,3082,2751,5833
202109,수인선,달월,64,66,130
202109,수인선,월곶,1999,1945,3944
202109,수인선,소래포구,6206,6440,12646
202109,수인선,인천논현,4180,4276,8456
202109,수인선,호구포,2352,2320,4672
202109,수인선,남동인더스파크,969,955,1924
202109,수인선,원인재,3539,3626,7165
202109,수인선,연수,3342,3301,6643
202109,수인선,송도,1980,1909,3889
202109,수인선,인하대,4055,3787,7842
202109,수인선,숭의,2620,2446,5066
202109,수인선,신포,1398,1452,2850
202109,수인선,인천,1244,1901,3145
202109,수인선,인천,1073,1654,2727
202109,수인선,신포,1076,1074,2150
202109,수인선,숭의,1865,1707,3572
202109,수인선,인하대,2918,2932,5850
202109,수인선,송도,1427,1384,2811
202109,수인선,연수,2592,2516,5108
202109,수인선,원인재,2632,2756,5388
202109,수인선,남동인더스파크,575,591,1166
202109,수인선,호구포,1644,1612,3256
202109,수인선,인천논현,2686,2789,5475
202109,수인선,소래포구,5722,5568,11290
202109,수인선,월곶,1562,1444,3006
202109,수인선,달월,50,44,94
202109,수인선,사리,2391,1993,4384
202109,수인선,야목,161,150,311
202109,수인선,어천,455,579,1034
202109,수인선,오목천,1277,1300,2577
202109,수인선,고색,1452,1482,2934
202109,수인선,고색,2271,2305,4576
202109,수인선,오목천,1897,1636,3533
202109,수인선,어천,660,560,1220
202109,수인선,야목,206,182,388
202109,수인선,사리,3138,2674,5812
202109,수인선,달월,66,68,134
202109,수인선,월곶,1914,1944,3858
202109,수인선,소래포구,6636,6956,13592
202109,수인선,인천논현,4231,4415,8646
202109,수인선,호구포,2481,2436,4917
202109,수인선,남동인더스파크,1079,971,2050
202109,수인선,원인재,3474,3646,7120
202109,수인선,연수,3459,3360,6819
202109,수인선,송도,1999,1953,3952
202109,수인선,인하대,4220,3955,8175
202109,수인선,숭의,2714,2504,5218
202109,수인선,신포,1317,1365,2682
202109,수인선,인천,1275,1930,3205
202109,수인선,인천,1070,1583,2653
202109,수인선,신포,1043,1069,2112
202109,수인선,숭의,2022,1812,3834
202109,수인선,인하대,3071,2900,5971
202109,수인선,송도,1453,1367,2820
202109,수인선,연수,2718,2743,5461
202109,수인선,원인재,2741,2874,5615
202109,수인선,남동인더스파크,493,495,988
202109,수인선,호구포,1791,1775,3566
202109,수인선,인천논현,2687,2846,5533
202109,수인선,소래포구,5864,5832,11696
202109,수인선,월곶,1568,1538,3106
202109,수인선,달월,56,59,115
202109,수인선,사리,2317,1991,4308
202109,수인선,야목,167,144,311
202109,수인선,어천,547,666,1213
202109,수인선,오목천,1261,1319,2580
202109,수인선,고색,1549,1637,3186
202109,수인선,고색,1940,1949,3889
202109,수인선,오목천,1692,1475,3167
202109,수인선,어천,679,593,1272
202109,수인선,야목,194,179,373
202109,수인선,사리,2817,2442,5259
202109,수인선,달월,60,49,109
202109,수인선,월곶,1788,1791,3579
202109,수인선,소래포구,5874,6271,12145
202109,수인선,인천논현,3902,3993,7895
202109,수인선,호구포,2275,2157,4432
202109,수인선,남동인더스파크,895,827,1722
202109,수인선,원인재,3292,3406,6698
202109,수인선,연수,3421,3337,6758
202109,수인선,송도,1788,1706,3494
202109,수인선,인하대,3667,3227,6894
202109,수인선,숭의,2351,2105,4456
202109,수인선,신포,1254,1331,2585
202109,수인선,인천,1151,1682,2833
202109,수인선,인천,1264,1905,3169
202109,수인선,신포,1048,1072,2120
202109,수인선,숭의,1783,1679,3462
202109,수인선,인하대,2758,2572,5330
202109,수인선,송도,1379,1309,2688
202109,수인선,연수,2569,2530,5099
202109,수인선,원인재,2434,2700,5134
202109,수인선,남동인더스파크,560,510,1070
202109,수인선,호구포,1820,1667,3487
202109,수인선,인천논현,2660,2655,5315
202109,수인선,소래포구,5394,5724,11118
202109,수인선,월곶,1498,1509,3007
202109,수인선,달월,60,62,122
202109,수인선,사리,2145,1938,4083
202109,수인선,야목,143,145,288
202109,수인선,어천,539,440,979
202109,수인선,오목천,1299,1086,2385
202109,수인선,고색,1474,1488,2962
202109,수인선,인천,1104,1843,2947
202109,수인선,신포,1273,1338,2611
202109,수인선,숭의,2565,2335,4900
202109,수인선,인하대,3891,3783,7674
202109,수인선,송도,1837,1803,3640
202109,수인선,연수,3368,3294,6662
202109,수인선,원인재,3310,3480,6790
202109,수인선,남동인더스파크,933,869,1802
202109,수인선,호구포,2410,2327,4737
202109,수인선,인천논현,3963,4101,8064
202109,수인선,소래포구,6520,6915,13435
202109,수인선,월곶,1916,1897,3813
202109,수인선,달월,70,77,147
202109,수인선,사리,3126,2631,5757
202109,수인선,야목,195,194,389
202109,수인선,어천,597,589,1186
202109,수인선,오목천,1857,1545,3402
202109,수인선,고색,2157,2178,4335
202109,수인선,인천,1078,1554,2632
202109,수인선,신포,1041,1021,2062
202109,수인선,숭의,1922,1699,3621
202109,수인선,인하대,2945,2870,5815
202109,수인선,송도,1467,1405,2872
202109,수인선,연수,2636,2534,5170
202109,수인선,원인재,2679,2699,5378
202109,수인선,남동인더스파크,571,594,1165
202109,수인선,호구포,1761,1765,3526
202109,수인선,인천논현,2629,2764,5393
202109,수인선,소래포구,5776,5650,11426
202109,수인선,월곶,1462,1440,2902
202109,수인선,달월,61,64,125
202109,수인선,사리,2277,1943,4220
202109,수인선,야목,182,191,373
202109,수인선,어천,495,567,1062
202109,수인선,오목천,1221,1229,2450
202109,수인선,고색,1505,1624,3129
202110,수인선,고색,2250,2255,4505
202110,수인선,오목천,1840,1637,3477
202110,수인선,어천,710,649,1359
202110,수인선,야목,231,222,453
202110,수인선,사리,3132,2721,5853
202110,수인선,달월,74,73,147
202110,수인선,월곶,1965,1946,3911
202110,수인선,소래포구,7565,7870,15435
202110,수인선,인천논현,4219,4288,8507
202110,수인선,호구포,2371,2314,4685
202110,수인선,남동인더스파크,979,898,1877
202110,수인선,원인재,3444,3565,7009
202110,수인선,연수,3513,3390,6903
202110,수인선,송도,2000,1930,3930
202110,수인선,인하대,3980,3701,7681
202110,수인선,숭의,2813,2531,5344
202110,수인선,신포,1364,1418,2782
202110,수인선,인천,1251,2019,3270
202110,수인선,월곶,1893,1706,3599
202110,수인선,달월,47,55,102
202110,수인선,사리,2518,2117,4635
202110,수인선,야목,164,169,333
202110,수인선,어천,508,575,1083
202110,수인선,오목천,1502,1386,2888
202110,수인선,고색,1599,1577,3176
202110,수인선,인천,1260,1900,3160
202110,수인선,신포,1257,1231,2488
202110,수인선,숭의,2025,1931,3956
202110,수인선,인하대,3177,3043,6220
202110,수인선,송도,1543,1480,3023
202110,수인선,연수,2795,2872,5667
202110,수인선,원인재,2907,2931,5838
202110,수인선,남동인더스파크,588,533,1121
202110,수인선,호구포,1903,1837,3740
202110,수인선,인천논현,3002,3094,6096
202110,수인선,소래포구,7909,7831,15740
202110,수인선,고색,2255,2248,4503
202110,수인선,오목천,1957,1724,3681
202110,수인선,어천,666,573,1239
202110,수인선,야목,231,191,422
202110,수인선,사리,3075,2593,5668
202110,수인선,달월,73,70,143
202110,수인선,월곶,1923,1893,3816
202110,수인선,소래포구,8372,8785,17157
202110,수인선,인천논현,3652,3691,7343
202110,수인선,호구포,2192,2139,4331
202110,수인선,남동인더스파크,940,876,1816
202110,수인선,원인재,3469,3615,7084
202110,수인선,연수,3340,3372,6712
202110,수인선,송도,1762,1803,3565
202110,수인선,인하대,3836,3603,7439
202110,수인선,숭의,2471,2268,4739
202110,수인선,신포,1373,1409,2782
202110,수인선,인천,1329,2298,3627
202110,수인선,인천,944,1560,2504
202110,수인선,신포,1005,956,1961
202110,수인선,숭의,1780,1623,3403
202110,수인선,인하대,2756,2664,5420
202110,수인선,송도,1367,1264,2631
202110,수인선,연수,2521,2455,4976
202110,수인선,원인재,2555,2669,5224
202110,수인선,남동인더스파크,593,556,1149
202110,수인선,호구포,1734,1723,3457
202110,수인선,인천논현,2572,2678,5250
202110,수인선,소래포구,6362,6495,12857
202110,수인선,월곶,1483,1488,2971
202110,수인선,달월,28,41,69
202110,수인선,사리,2301,2020,4321
202110,수인선,야목,183,161,344
202110,수인선,어천,521,593,1114
202110,수인선,오목천,1360,1250,2610
202110,수인선,고색,1601,1630,3231
202110,수인선,인천,1220,1870,3090
202110,수인선,고색,2674,2572,5246
202110,수인선,오목천,1914,1746,3660
202110,수인선,어천,703,600,1303
202110,수인선,야목,228,221,449
202110,수인선,사리,3252,2787,6039
202110,수인선,달월,66,61,127
202110,수인선,월곶,1966,1943,3909
202110,수인선,소래포구,7001,7154,14155
202110,수인선,인천논현,4293,4357,8650
202110,수인선,호구포,2496,2371,4867
202110,수인선,남동인더스파크,1051,922,1973
202110,수인선,원인재,3591,3762,7353
202110,수인선,연수,3535,3470,7005
202110,수인선,송도,1936,1890,3826
202110,수인선,인하대,4317,3961,8278
202110,수인선,숭의,2686,2564,5250
202110,수인선,신포,1332,1433,2765
202110,수인선,고색,1457,1530,2987
202110,수인선,오목천,1452,1378,2830
202110,수인선,어천,512,619,1131
202110,수인선,야목,150,144,294
202110,수인선,사리,2253,1949,4202
202110,수인선,달월,51,64,115
202110,수인선,월곶,1505,1435,2940
202110,수인선,소래포구,5460,5407,10867
202110,수인선,인천논현,2681,2862,5543
202110,수인선,호구포,1762,1804,3566
202110,수인선,남동인더스파크,542,528,1070
202110,수인선,원인재,2614,2748,5362
202110,수인선,연수,2762,2635,5397
202110,수인선,송도,1461,1417,2878
202110,수인선,인하대,3165,2926,6091
202110,수인선,숭의,1828,1674,3502
202110,수인선,신포,1013,1030,2043
202110,수인선,인천,971,1389,2360
202110,수인선,인천,1351,2128,3479
202110,수인선,신포,1457,1525,2982
202110,수인선,숭의,2850,2693,5543
202110,수인선,인하대,4260,3969,8229
202110,수인선,송도,2153,2057,4210
202110,수인선,연수,3823,3804,7627
202110,수인선,원인재,3813,3951,7764
202110,수인선,남동인더스파크,1091,986,2077
202110,수인선,호구포,2514,2437,4951
202110,수인선,인천논현,4408,4516,8924
202110,수인선,소래포구,8397,8711,17108
202110,수인선,월곶,2222,2108,4330
202110,수인선,달월,70,71,141
202110,수인선,사리,3516,3046,6562
202110,수인선,야목,237,214,451
202110,수인선,어천,807,692,1499
202110,수인선,오목천,2063,1858,3921
202110,수인선,고색,2341,2375,4716
202110,수인선,인천,1258,1870,3128
202110,수인선,신포,1143,1156,2299
202110,수인선,숭의,2117,1880,3997
202110,수인선,인하대,3188,3136,6324
202110,수인선,송도,1596,1554,3150
202110,수인선,연수,2931,2824,5755
202110,수인선,원인재,2804,2966,5770
202110,수인선,남동인더스파크,562,559,1121
202110,수인선,호구포,1822,1896,3718
202110,수인선,인천논현,2875,2939,5814
202110,수인선,소래포구,7102,6929,14031
202110,수인선,월곶,1775,1595,3370
202110,수인선,달월,61,70,131
202110,수인선,사리,2619,2292,4911
202110,수인선,야목,190,158,348
202110,수인선,어천,569,709,1278
202110,수인선,오목천,1557,1486,3043
202110,수인선,고색,1683,1882,3565
202110,수인선,송도,2016,1954,3970
202110,수인선,연수,3765,3738,7503
202110,수인선,원인재,3879,4025,7904
202110,수인선,남동인더스파크,927,840,1767
202110,수인선,호구포,2553,2427,4980
202110,수인선,인천논현,4382,4554,8936
202110,수인선,소래포구,7842,8026,15868
202110,수인선,월곶,2118,2095,4213
202110,수인선,달월,72,84,156
202110,수인선,사리,3586,3029,6615
202110,수인선,야목,281,248,529
202110,수인선,어천,758,649,1407
202110,수인선,오목천,2108,1882,3990
202110,수인선,고색,2557,2514,5071
202110,수인선,인하대,4584,4249,8833
202110,수인선,숭의,2778,2587,5365
202110,수인선,신포,1518,1507,3025
202110,수인선,인천,1262,2194,3456
202110,수인선,고색,1636,1753,3389
202110,수인선,오목천,1533,1512,3045
202110,수인선,어천,570,670,1240
202110,수인선,야목,199,185,384
202110,수인선,사리,2632,2195,4827
202110,수인선,달월,49,51,100
202110,수인선,월곶,1720,1663,3383
202110,수인선,소래포구,6878,6790,13668
202110,수인선,인천논현,2990,3048,6038
202110,수인선,호구포,1905,1981,3886
202110,수인선,남동인더스파크,574,571,1145
202110,수인선,원인재,3001,3121,6122
202110,수인선,연수,2978,2903,5881
202110,수인선,송도,1624,1606,3230
202110,수인선,인하대,3392,3171,6563
202110,수인선,숭의,2039,1928,3967
202110,수인선,신포,1226,1181,2407
202110,수인선,인천,1388,2029,3417
202111,수인선,인천,1477,2454,3931
202111,수인선,신포,1640,1620,3260
202111,수인선,숭의,2918,2669,5587
202111,수인선,인하대,4931,4483,9414
202111,수인선,송도,2276,2114,4390
202111,수인선,연수,4204,4097,8301
202111,수인선,원인재,3847,3959,7806
202111,수인선,남동인더스파크,1185,1076,2261
202111,수인선,호구포,2589,2410,4999
202111,수인선,인천논현,4634,4623,9257
202111,수인선,소래포구,8164,8416,16580
202111,수인선,월곶,2282,2227,4509
202111,수인선,달월,63,69,132
202111,수인선,사리,3659,2975,6634
202111,수인선,야목,262,221,483
202111,수인선,어천,839,731,1570
202111,수인선,오목천,2278,1907,4185
202111,수인선,고색,2719,2647,5366
202111,수인선,인천,1227,1760,2987
202111,수인선,신포,1226,1185,2411
202111,수인선,숭의,2127,1913,4040
202111,수인선,인하대,3257,3225,6482
202111,수인선,송도,1588,1471,3059
202111,수인선,연수,3140,3115,6255
202111,수인선,원인재,3024,3062,6086
202111,수인선,남동인더스파크,541,565,1106
202111,수인선,호구포,1979,1957,3936
202111,수인선,인천논현,3071,3220,6291
202111,수인선,소래포구,6354,6216,12570
202111,수인선,월곶,1727,1582,3309
202111,수인선,달월,61,66,127
202111,수인선,사리,2605,2250,4855
202111,수인선,야목,199,180,379
202111,수인선,어천,574,663,1237
202111,수인선,오목천,1601,1586,3187
202111,수인선,고색,1685,1761,3446
202111,수인선,고색,2506,2426,4932
202111,수인선,오목천,2143,1761,3904
202111,수인선,어천,718,656,1374
202111,수인선,야목,232,221,453
202111,수인선,사리,3506,2922,6428
202111,수인선,달월,57,68,125
202111,수인선,월곶,2046,2084,4130
202111,수인선,소래포구,6078,5904,11982
202111,수인선,인천논현,4270,4387,8657
202111,수인선,호구포,2599,2727,5326
202111,수인선,남동인더스파크,917,868,1785
202111,수인선,원인재,4047,4193,8240
202111,수인선,연수,3612,3731,7343
202111,수인선,송도,1949,2421,4370
202111,수인선,인하대,4506,4293,8799
202111,수인선,숭의,2637,2538,5175
202111,수인선,신포,1365,1440,2805
202111,수인선,인천,1187,1956,3143
202111,수인선,인천,1123,1686,2809
202111,수인선,신포,1124,1106,2230
202111,수인선,숭의,2083,1882,3965
202111,수인선,인하대,3368,3178,6546
202111,수인선,송도,1581,1611,3192
202111,수인선,연수,3171,3063,6234
202111,수인선,원인재,2876,3057,5933
202111,수인선,남동인더스파크,554,596,1150
202111,수인선,호구포,2063,2127,4190
202111,수인선,인천논현,2757,2919,5676
202111,수인선,소래포구,5742,5474,11216
202111,수인선,월곶,1608,1509,3117
202111,수인선,달월,43,50,93
202111,수인선,사리,2704,2285,4989
202111,수인선,야목,222,175,397
202111,수인선,어천,577,697,1274
202111,수인선,오목천,1531,1424,2955
202111,수인선,고색,1719,1861,3580
202111,수인선,고색,2473,2416,4889
202111,수인선,오목천,2300,1921,4221
202111,수인선,어천,707,646,1353
202111,수인선,야목,267,222,489
202111,수인선,사리,3662,2881,6543
202111,수인선,달월,60,51,111
202111,수인선,월곶,2024,1864,3888
202111,수인선,소래포구,5927,6181,12108
202111,수인선,인천논현,4340,4411,8751
202111,수인선,호구포,2629,2474,5103
202111,수인선,남동인더스파크,1013,933,1946
202111,수인선,원인재,3776,3760,7536
202111,수인선,연수,4024,3912,7936
202111,수인선,송도,2012,1898,3910
202111,수인선,인하대,4635,4281,8916
202111,수인선,숭의,2867,2564,5431
202111,수인선,신포,1450,1547,2997
202111,수인선,인천,1227,2169,3396
202111,수인선,고색,1697,1761,3458
202111,수인선,오목천,1505,1491,2996
202111,수인선,어천,481,587,1068
202111,수인선,야목,192,160,352
202111,수인선,사리,2596,2186,4782
202111,수인선,달월,39,43,82
202111,수인선,월곶,1536,1402,2938
202111,수인선,소래포구,4677,4493,9170
202111,수인선,인천논현,2744,2951,5695
202111,수인선,호구포,1868,1866,3734
202111,수인선,남동인더스파크,606,589,1195
202111,수인선,원인재,2764,2918,5682
202111,수인선,연수,2948,2998,5946
202111,수인선,송도,1391,1411,2802
202111,수인선,인하대,3280,3159,6439
202111,수인선,숭의,1915,1795,3710
202111,수인선,신포,1024,995,2019
202111,수인선,인천,986,1500,2486
202111,수인선,고색,2609,2616,5225
202111,수인선,오목천,2213,1844,4057
202111,수인선,어천,682,633,1315
202111,수인선,야목,248,224,472
202111,수인선,사리,3375,2812,6187
202111,수인선,달월,62,65,127
202111,수인선,월곶,2105,2042,4147
202111,수인선,소래포구,5360,5500,10860
202111,수인선,인천논현,4298,4592,8890
202111,수인선,호구포,2544,2388,4932
202111,수인선,남동인더스파크,966,911,1877
202111,수인선,원인재,3643,3740,7383
202111,수인선,연수,3863,3883,7746
202111,수인선,송도,2061,1979,4040
202111,수인선,인하대,4476,4092,8568
202111,수인선,숭의,2817,2622,5439
202111,수인선,신포,1492,1497,2989
202111,수인선,인천,1098,1968,3066
202111,수인선,인천,1088,1580,2668
202111,수인선,신포,1125,1132,2257
202111,수인선,숭의,2140,2003,4143
202111,수인선,인하대,3134,3099,6233
202111,수인선,송도,1475,1460,2935
202111,수인선,연수,3145,3128,6273
202111,수인선,원인재,2885,3080,5965
202111,수인선,남동인더스파크,586,577,1163
202111,수인선,호구포,1993,2025,4018
202111,수인선,인천논현,2940,2953,5893
202111,수인선,소래포구,4544,4360,8904
202111,수인선,월곶,1618,1565,3183
202111,수인선,달월,56,58,114
202111,수인선,사리,2496,2156,4652
202111,수인선,야목,207,167,374
202111,수인선,어천,537,693,1230
202111,수인선,오목천,1451,1400,2851
202111,수인선,고색,1761,1884,3645
202112,수인선,인천논현,3919,4062,7981
202112,수인선,고색,2508,2383,4891
202112,수인선,오목천,2137,1752,3889
202112,수인선,어천,713,583,1296
202112,수인선,야목,243,224,467
202112,수인선,사리,3255,2703,5958
202112,수인선,달월,55,63,118
202112,수인선,월곶,2019,1910,3929
202112,수인선,소래포구,4818,5025,9843
202112,수인선,호구포,2420,2269,4689
202112,수인선,남동인더스파크,912,830,1742
202112,수인선,원인재,3475,3555,7030
202112,수인선,연수,3486,3593,7079
202112,수인선,송도,1808,1758,3566
202112,수인선,인하대,4812,4057,8869
202112,수인선,숭의,2547,2374,4921
202112,수인선,신포,1298,1361,2659
202112,수인선,인천,943,1538,2481
202112,수인선,인천논현,2614,2710,5324
202112,수인선,호구포,1860,1980,3840
202112,수인선,남동인더스파크,516,538,1054
202112,수인선,원인재,2618,2721,5339
202112,수인선,연수,2769,2726,5495
202112,수인선,송도,1431,1413,2844
202112,수인선,인하대,4577,3603,8180
202112,수인선,숭의,1828,1624,3452
202112,수인선,신포,1052,1035,2087
202112,수인선,인천,860,1272,2132
202112,수인선,고색,1616,1701,3317
202112,수인선,오목천,1467,1488,2955
202112,수인선,어천,474,562,1036
202112,수인선,야목,184,139,323
202112,수인선,사리,2460,2081,4541
202112,수인선,달월,48,55,103
202112,수인선,월곶,1502,1423,2925
202112,수인선,소래포구,4105,4035,8140
202112,수인선,소래포구,4760,4850,9610
202112,수인선,고색,2476,2359,4835
202112,수인선,오목천,2046,1737,3783
202112,수인선,어천,722,596,1318
202112,수인선,야목,227,211,438
202112,수인선,사리,3181,2623,5804
202112,수인선,달월,40,48,88
202112,수인선,월곶,1984,1933,3917
202112,수인선,인천논현,3920,4127,8047
202112,수인선,호구포,2386,2255,4641
202112,수인선,남동인더스파크,971,886,1857
202112,수인선,원인재,3391,3535,6926
202112,수인선,연수,3525,3573,7098
202112,수인선,송도,1930,1800,3730
202112,수인선,인하대,3855,3454,7309
202112,수인선,숭의,2472,2317,4789
202112,수인선,신포,1288,1305,2593
202112,수인선,인천,911,1485,2396
202112,수인선,고색,1533,1659,3192
202112,수인선,오목천,1343,1359,2702
202112,수인선,어천,448,543,991
202112,수인선,야목,175,142,317
202112,수인선,사리,2196,1928,4124
202112,수인선,달월,46,53,99
202112,수인선,월곶,1468,1409,2877
202112,수인선,소래포구,3810,3559,7369
202112,수인선,인천논현,2477,2616,5093
202112,수인선,호구포,1755,1832,3587
202112,수인선,남동인더스파크,471,489,960
202112,수인선,원인재,2492,2671,5163
202112,수인선,연수,2746,2700,5446
202112,수인선,송도,1294,1290,2584
202112,수인선,인하대,2521,2468,4989
202112,수인선,숭의,1726,1526,3252
202112,수인선,신포,922,963,1885
202112,수인선,인천,748,1087,1835
202112,수인선,인천,840,1355,2195
202112,수인선,신포,1417,1475,2892
202112,수인선,숭의,3266,3111,6377
202112,수인선,인하대,5290,4929,10219
202112,수인선,송도,2626,2750,5376
202112,수인선,연수,4233,4357,8590
202112,수인선,원인재,3658,4002,7660
202112,수인선,남동인더스파크,1254,978,2232
202112,수인선,호구포,3121,2983,6104
202112,수인선,인천논현,4914,5127,10041
202112,수인선,소래포구,4948,4855,9803
202112,수인선,월곶,2179,2186,4365
202112,수인선,달월,69,64,133
202112,수인선,사리,3053,2799,5852
202112,수인선,야목,209,178,387
202112,수인선,어천,559,524,1083
202112,수인선,오목천,2100,1939,4039
202112,수인선,고색,2463,2482,4945
202112,수인선,고색,1773,1882,3655
202112,수인선,오목천,1499,1382,2881
202112,수인선,어천,457,549,1006
202112,수인선,야목,156,163,319
202112,수인선,사리,2547,2097,4644
202112,수인선,달월,44,56,100
202112,수인선,월곶,1578,1442,3020
202112,수인선,소래포구,3707,3649,7356
202112,수인선,인천논현,3118,3205,6323
202112,수인선,호구포,1924,2015,3939
202112,수인선,남동인더스파크,509,548,1057
202112,수인선,원인재,2714,2860,5574
202112,수인선,연수,3128,3023,6151
202112,수인선,송도,1500,1451,2951
202112,수인선,인하대,3238,3058,6296
202112,수인선,숭의,1899,1743,3642
202112,수인선,신포,1098,1078,2176
202112,수인선,인천,808,1226,2034
202112,수인선,인천,1080,1508,2588
202112,수인선,신포,1031,1097,2128
202112,수인선,숭의,1985,1801,3786
202112,수인선,인하대,3344,3170,6514
202112,수인선,송도,1526,1573,3099
202112,수인선,연수,3136,3197,6333
202112,수인선,원인재,2765,2985,5750
202112,수인선,남동인더스파크,602,510,1112
202112,수인선,호구포,1960,1800,3760
202112,수인선,인천논현,3309,3516,6825
202112,수인선,소래포구,3679,3765,7444
202112,수인선,월곶,1838,1708,3546
202112,수인선,달월,84,89,173
202112,수인선,사리,2740,2263,5003
202112,수인선,야목,133,125,258
202112,수인선,어천,468,386,854
202112,수인선,오목천,1567,1445,3012
202112,수인선,고색,1874,1829,3703
202112,수인선,인천,676,959,1635
202112,수인선,신포,847,786,1633
202112,수인선,숭의,1451,1394,2845
202112,수인선,인하대,2345,2188,4533
202112,수인선,송도,1135,1064,2199
202112,수인선,연수,2616,2570,5186
202112,수인선,원인재,2260,2328,4588
202112,수인선,남동인더스파크,423,458,881
202112,수인선,호구포,1558,1578,3136
202112,수인선,인천논현,2258,2377,4635
202112,수인선,소래포구,2547,2443,4990
202112,수인선,월곶,1267,1200,2467
202112,수인선,달월,43,39,82
202112,수인선,사리,2002,1711,3713
202112,수인선,야목,138,105,243
202112,수인선,어천,357,437,794
202112,수인선,오목천,1154,1175,2329
202112,수인선,고색,1383,1526,2909
