사용일자,호선명,지하철역,승차총승객수,하차총승객수,승하차총승객수
20210102,9호선,노들,1719,1527,3246
20210102,9호선,신논현,12272,12017,24289
20210102,9호선,사평,926,893,1819
20210102,9호선,고속터미널,5633,6792,12425
20210102,9호선,신반포,1006,935,1941
20210102,9호선,구반포,866,957,1823
20210102,9호선,동작,655,494,1149
20210102,9호선,흑석,2712,2935,5647
20210102,9호선,노량진,9732,10192,19924
20210102,9호선,샛강,1307,1368,2675
20210102,9호선,여의도,3503,3367,6870
20210102,9호선,국회의사당,1723,1754,3477
20210102,9호선,당산,5978,5867,11845
20210102,9호선,선유도,1721,1743,3464
20210102,9호선,신목동,1115,953,2068
20210102,9호선,염창,5939,5855,11794
20210102,9호선,등촌,3824,3931,7755
20210102,9호선,증미,2420,2522,4942
20210102,9호선,가양,7249,7409,14658
20210102,9호선,양천향교,2870,3083,5953
20210102,9호선,마곡나루,3267,3279,6546
20210102,9호선,신방화,2576,2459,5035
20210102,9호선,공항시장,1333,1466,2799
20210102,9호선,김포공항,4344,5124,9468
20210102,9호선,개화,736,642,1378
20210103,9호선,개화,617,571,1188
20210103,9호선,김포공항,4806,5401,10207
20210103,9호선,공항시장,968,1163,2131
20210103,9호선,신방화,2003,2008,4011
20210103,9호선,마곡나루,2542,2807,5349
20210103,9호선,양천향교,2180,2521,4701
20210103,9호선,가양,5431,5568,10999
20210103,9호선,증미,1836,1963,3799
20210103,9호선,등촌,2789,3038,5827
20210103,9호선,염창,4531,4779,9310
20210103,9호선,신목동,904,831,1735
20210103,9호선,선유도,1310,1480,2790
20210103,9호선,당산,4584,4884,9468
20210103,9호선,국회의사당,1733,1607,3340
20210103,9호선,여의도,2833,2816,5649
20210103,9호선,샛강,915,1042,1957
20210103,9호선,노량진,7457,8261,15718
20210103,9호선,노들,1344,1174,2518
20210103,9호선,흑석,2023,2241,4264
20210103,9호선,동작,510,427,937
20210103,9호선,구반포,599,686,1285
20210103,9호선,신반포,676,670,1346
20210103,9호선,고속터미널,5713,5953,11666
20210103,9호선,사평,644,735,1379
20210103,9호선,신논현,7388,7228,14616
20210109,9호선,신논현,15833,15431,31264
20210109,9호선,사평,1292,1292,2584
20210109,9호선,고속터미널,6598,8880,15478
20210109,9호선,신반포,1425,1354,2779
20210109,9호선,구반포,1335,1394,2729
20210109,9호선,동작,706,509,1215
20210109,9호선,흑석,3588,3669,7257
20210109,9호선,노들,2001,1783,3784
20210109,9호선,노량진,11948,11933,23881
20210109,9호선,샛강,1702,1711,3413
20210109,9호선,여의도,4943,4681,9624
20210109,9호선,국회의사당,2489,2518,5007
20210109,9호선,당산,7724,7302,15026
20210109,9호선,선유도,2257,2333,4590
20210109,9호선,신목동,1270,1141,2411
20210109,9호선,염창,7233,6992,14225
20210109,9호선,등촌,4816,4808,9624
20210109,9호선,증미,3068,3087,6155
20210109,9호선,가양,9215,8906,18121
20210109,9호선,양천향교,3759,3791,7550
20210109,9호선,마곡나루,4506,4459,8965
20210109,9호선,신방화,3134,3114,6248
20210109,9호선,공항시장,1559,1695,3254
20210109,9호선,김포공항,4569,6287,10856
20210109,9호선,개화,799,685,1484
20210110,9호선,신논현,8298,8100,16398
20210110,9호선,사평,743,823,1566
20210110,9호선,고속터미널,5219,6506,11725
20210110,9호선,신반포,728,766,1494
20210110,9호선,구반포,734,739,1473
20210110,9호선,동작,513,431,944
20210110,9호선,흑석,4422,3844,8266
20210110,9호선,노들,1498,1312,2810
20210110,9호선,노량진,8147,9035,17182
20210110,9호선,샛강,1003,1043,2046
20210110,9호선,여의도,3277,3022,6299
20210110,9호선,국회의사당,1833,1815,3648
20210110,9호선,당산,4977,4886,9863
20210110,9호선,선유도,1448,1465,2913
20210110,9호선,신목동,921,831,1752
20210110,9호선,염창,4888,4930,9818
20210110,9호선,등촌,2980,3060,6040
20210110,9호선,증미,1564,1591,3155
20210110,9호선,가양,5874,5885,11759
20210110,9호선,양천향교,2482,2569,5051
20210110,9호선,마곡나루,2885,2950,5835
20210110,9호선,신방화,2060,1976,4036
20210110,9호선,공항시장,984,1130,2114
20210110,9호선,김포공항,4012,5420,9432
20210110,9호선,개화,600,535,1135
20210116,9호선,개화,974,803,1777
20210116,9호선,김포공항,5215,7517,12732
20210116,9호선,공항시장,1717,1906,3623
20210116,9호선,신방화,3481,3428,6909
20210116,9호선,마곡나루,5122,5086,10208
20210116,9호선,양천향교,4212,4160,8372
20210116,9호선,가양,10175,10019,20194
20210116,9호선,증미,3367,3315,6682
20210116,9호선,등촌,5506,5396,10902
20210116,9호선,염창,8223,7876,16099
20210116,9호선,신목동,1488,1360,2848
20210116,9호선,선유도,2573,2491,5064
20210116,9호선,당산,8802,8360,17162
20210116,9호선,국회의사당,2609,2802,5411
20210116,9호선,여의도,5577,5434,11011
20210116,9호선,샛강,1807,1795,3602
20210116,9호선,노량진,13803,13749,27552
20210116,9호선,노들,2288,2055,4343
20210116,9호선,흑석,3980,4011,7991
20210116,9호선,동작,850,665,1515
20210116,9호선,구반포,1447,1508,2955
20210116,9호선,신반포,1556,1463,3019
20210116,9호선,고속터미널,7737,10089,17826
20210116,9호선,사평,1493,1434,2927
20210116,9호선,신논현,17809,17142,34951
20210117,9호선,신논현,9569,8948,18517
20210117,9호선,사평,791,901,1692
20210117,9호선,고속터미널,6045,7190,13235
20210117,9호선,신반포,799,861,1660
20210117,9호선,구반포,784,851,1635
20210117,9호선,동작,616,433,1049
20210117,9호선,흑석,2574,2683,5257
20210117,9호선,노들,1528,1423,2951
20210117,9호선,노량진,8995,9680,18675
20210117,9호선,샛강,1072,1154,2226
20210117,9호선,여의도,3588,3312,6900
20210117,9호선,국회의사당,2119,1860,3979
20210117,9호선,당산,5590,5535,11125
20210117,9호선,선유도,1730,1766,3496
20210117,9호선,신목동,1026,902,1928
20210117,9호선,염창,5397,5580,10977
20210117,9호선,등촌,3309,3522,6831
20210117,9호선,증미,2269,2282,4551
20210117,9호선,가양,6669,6746,13415
20210117,9호선,양천향교,2658,2849,5507
20210117,9호선,마곡나루,3243,3264,6507
20210117,9호선,신방화,2347,2333,4680
20210117,9호선,공항시장,1162,1295,2457
20210117,9호선,김포공항,4832,6822,11654
20210117,9호선,개화,689,619,1308
20210123,9호선,개화,1017,867,1884
20210123,9호선,김포공항,5441,8060,13501
20210123,9호선,공항시장,1836,1965,3801
20210123,9호선,신방화,3627,3603,7230
20210123,9호선,마곡나루,5832,5711,11543
20210123,9호선,양천향교,4599,4537,9136
20210123,9호선,가양,11304,10771,22075
20210123,9호선,증미,3500,3522,7022
20210123,9호선,등촌,5942,5750,11692
20210123,9호선,염창,9138,8723,17861
20210123,9호선,신목동,1747,1571,3318
20210123,9호선,선유도,2821,2811,5632
20210123,9호선,당산,9889,9428,19317
20210123,9호선,국회의사당,2953,3012,5965
20210123,9호선,여의도,6203,5977,12180
20210123,9호선,샛강,2014,2112,4126
20210123,9호선,노량진,16271,16227,32498
20210123,9호선,노들,2522,2152,4674
20210123,9호선,흑석,4540,4414,8954
20210123,9호선,동작,1058,816,1874
20210123,9호선,구반포,1659,1825,3484
20210123,9호선,신반포,1787,1575,3362
20210123,9호선,고속터미널,8408,11355,19763
20210123,9호선,사평,1561,1473,3034
20210123,9호선,신논현,19731,19451,39182
20210124,9호선,동작,815,675,1490
20210124,9호선,개화,862,679,1541
20210124,9호선,김포공항,5005,7258,12263
20210124,9호선,공항시장,1273,1367,2640
20210124,9호선,신방화,2527,2499,5026
20210124,9호선,마곡나루,3858,3962,7820
20210124,9호선,양천향교,3016,3234,6250
20210124,9호선,가양,7455,7593,15048
20210124,9호선,증미,1886,1888,3774
20210124,9호선,등촌,3847,4019,7866
20210124,9호선,염창,6205,6143,12348
20210124,9호선,신목동,1230,1065,2295
20210124,9호선,선유도,1920,1970,3890
20210124,9호선,당산,6399,6233,12632
20210124,9호선,국회의사당,3058,2822,5880
20210124,9호선,여의도,4296,3922,8218
20210124,9호선,샛강,1216,1229,2445
20210124,9호선,노량진,10375,11066,21441
20210124,9호선,노들,1870,1644,3514
20210124,9호선,흑석,3046,3153,6199
20210124,9호선,구반포,867,869,1736
20210124,9호선,신반포,1056,1122,2178
20210124,9호선,고속터미널,6668,8174,14842
20210124,9호선,사평,905,1001,1906
20210124,9호선,신논현,11202,10650,21852
20210130,9호선,개화,994,851,1845
20210130,9호선,김포공항,5829,8601,14430
20210130,9호선,공항시장,1868,1962,3830
20210130,9호선,신방화,3824,3680,7504
20210130,9호선,마곡나루,5699,5719,11418
20210130,9호선,양천향교,4712,4603,9315
20210130,9호선,가양,11252,10849,22101
20210130,9호선,증미,3367,3496,6863
20210130,9호선,등촌,6020,5799,11819
20210130,9호선,염창,9168,8750,17918
20210130,9호선,신목동,1694,1497,3191
20210130,9호선,선유도,2795,2841,5636
20210130,9호선,당산,9963,9290,19253
20210130,9호선,국회의사당,3010,3098,6108
20210130,9호선,여의도,6072,5748,11820
20210130,9호선,샛강,2088,2204,4292
20210130,9호선,노량진,15932,16201,32133
20210130,9호선,노들,2521,2228,4749
20210130,9호선,흑석,4286,4370,8656
20210130,9호선,동작,1021,770,1791
20210130,9호선,구반포,1646,1755,3401
20210130,9호선,신반포,1914,1833,3747
20210130,9호선,고속터미널,8713,11653,20366
20210130,9호선,사평,1627,1514,3141
20210130,9호선,신논현,20266,19934,40200
20210131,9호선,염창,6509,6436,12945
20210131,9호선,개화,796,675,1471
20210131,9호선,김포공항,5363,7539,12902
20210131,9호선,공항시장,1338,1484,2822
20210131,9호선,신방화,2670,2641,5311
20210131,9호선,마곡나루,3905,3986,7891
20210131,9호선,양천향교,3086,3264,6350
20210131,9호선,가양,7898,7754,15652
20210131,9호선,증미,2369,2384,4753
20210131,9호선,등촌,3952,4119,8071
20210131,9호선,신목동,1270,1169,2439
20210131,9호선,선유도,2085,2065,4150
20210131,9호선,당산,6523,6400,12923
20210131,9호선,국회의사당,3055,2806,5861
20210131,9호선,여의도,4262,4054,8316
20210131,9호선,샛강,1312,1310,2622
20210131,9호선,노량진,10913,11534,22447
20210131,9호선,노들,1786,1636,3422
20210131,9호선,흑석,2855,3049,5904
20210131,9호선,동작,857,688,1545
20210131,9호선,구반포,885,969,1854
20210131,9호선,신반포,1007,1095,2102
20210131,9호선,고속터미널,6962,8609,15571
20210131,9호선,사평,1139,1167,2306
20210131,9호선,신논현,11605,10726,22331
20210206,9호선,개화,1191,986,2177
20210206,9호선,김포공항,5916,9614,15530
20210206,9호선,공항시장,1922,2031,3953
20210206,9호선,신방화,4058,3920,7978
20210206,9호선,마곡나루,6148,6151,12299
20210206,9호선,양천향교,4978,4902,9880
20210206,9호선,가양,11980,11284,23264
20210206,9호선,증미,3663,3757,7420
20210206,9호선,등촌,6489,6275,12764
20210206,9호선,염창,9727,9319,19046
20210206,9호선,신목동,1827,1595,3422
20210206,9호선,선유도,3067,3026,6093
20210206,9호선,당산,10299,9556,19855
20210206,9호선,국회의사당,2876,2948,5824
20210206,9호선,여의도,6259,5965,12224
20210206,9호선,샛강,2043,2118,4161
20210206,9호선,노량진,16829,16781,33610
20210206,9호선,노들,2584,2271,4855
20210206,9호선,흑석,5033,4809,9842
20210206,9호선,동작,1194,897,2091
20210206,9호선,구반포,1642,1755,3397
20210206,9호선,신반포,1786,1620,3406
20210206,9호선,고속터미널,9170,12641,21811
20210206,9호선,사평,1727,1614,3341
20210206,9호선,신논현,21520,21487,43007
20210207,9호선,신논현,12216,11319,23535
20210207,9호선,사평,967,1100,2067
20210207,9호선,고속터미널,6828,9100,15928
20210207,9호선,신반포,1094,1120,2214
20210207,9호선,구반포,942,1001,1943
20210207,9호선,동작,842,690,1532
20210207,9호선,흑석,2993,3801,6794
20210207,9호선,노들,1906,1709,3615
20210207,9호선,노량진,11512,12032,23544
20210207,9호선,샛강,1350,1411,2761
20210207,9호선,여의도,4501,4050,8551
20210207,9호선,국회의사당,3286,3007,6293
20210207,9호선,당산,6748,6631,13379
20210207,9호선,선유도,2156,2083,4239
20210207,9호선,신목동,1324,1207,2531
20210207,9호선,염창,6612,6611,13223
20210207,9호선,등촌,4402,4543,8945
20210207,9호선,증미,2658,2632,5290
20210207,9호선,가양,8009,8015,16024
20210207,9호선,양천향교,3265,3362,6627
20210207,9호선,마곡나루,4132,4025,8157
20210207,9호선,신방화,2811,2758,5569
20210207,9호선,공항시장,1388,1541,2929
20210207,9호선,김포공항,5683,8786,14469
20210207,9호선,개화,817,712,1529
20210213,9호선,개화,963,822,1785
20210213,9호선,김포공항,6935,8405,15340
20210213,9호선,공항시장,1285,1412,2697
20210213,9호선,신방화,2464,2517,4981
20210213,9호선,마곡나루,3801,4144,7945
20210213,9호선,양천향교,2933,3279,6212
20210213,9호선,가양,7286,7681,14967
20210213,9호선,증미,2212,2437,4649
20210213,9호선,등촌,3643,3960,7603
20210213,9호선,염창,6068,6297,12365
20210213,9호선,신목동,1345,1180,2525
20210213,9호선,선유도,1761,1955,3716
20210213,9호선,당산,5955,6334,12289
20210213,9호선,국회의사당,1629,1610,3239
20210213,9호선,여의도,4025,4047,8072
20210213,9호선,샛강,1251,1234,2485
20210213,9호선,노량진,10294,11590,21884
20210213,9호선,노들,1769,1601,3370
20210213,9호선,흑석,2721,2922,5643
20210213,9호선,동작,740,608,1348
20210213,9호선,구반포,825,910,1735
20210213,9호선,신반포,1026,964,1990
20210213,9호선,고속터미널,9239,8644,17883
20210213,9호선,사평,1063,999,2062
20210213,9호선,신논현,11642,11666,23308
20210214,9호선,노량진,9918,11574,21492
20210214,9호선,신논현,11297,11348,22645
20210214,9호선,사평,959,1071,2030
20210214,9호선,고속터미널,10938,9036,19974
20210214,9호선,신반포,1088,1054,2142
20210214,9호선,구반포,893,953,1846
20210214,9호선,동작,753,612,1365
20210214,9호선,흑석,2753,3046,5799
20210214,9호선,노들,1770,1622,3392
20210214,9호선,샛강,1170,1178,2348
20210214,9호선,여의도,3982,4045,8027
20210214,9호선,국회의사당,2722,2672,5394
20210214,9호선,당산,6040,6661,12701
20210214,9호선,선유도,1886,2136,4022
20210214,9호선,신목동,1249,1084,2333
20210214,9호선,염창,5963,6644,12607
20210214,9호선,등촌,3633,4028,7661
20210214,9호선,증미,1787,2068,3855
20210214,9호선,가양,7114,7536,14650
20210214,9호선,양천향교,2880,3511,6391
20210214,9호선,마곡나루,3498,4007,7505
20210214,9호선,신방화,2610,2673,5283
20210214,9호선,공항시장,1243,1401,2644
20210214,9호선,김포공항,7844,9263,17107
20210214,9호선,개화,823,727,1550
20210220,9호선,신논현,24188,23716,47904
20210220,9호선,사평,1751,1682,3433
20210220,9호선,고속터미널,10186,14096,24282
20210220,9호선,신반포,2111,2028,4139
20210220,9호선,구반포,1945,2099,4044
20210220,9호선,동작,1163,986,2149
20210220,9호선,흑석,4906,4854,9760
20210220,9호선,노들,2848,2355,5203
20210220,9호선,노량진,17350,17613,34963
20210220,9호선,샛강,2179,2086,4265
20210220,9호선,여의도,7620,7363,14983
20210220,9호선,국회의사당,3460,3619,7079
20210220,9호선,당산,11344,10554,21898
20210220,9호선,선유도,3350,3243,6593
20210220,9호선,신목동,2082,1745,3827
20210220,9호선,염창,10298,9672,19970
20210220,9호선,등촌,6498,6354,12852
20210220,9호선,증미,3853,3732,7585
20210220,9호선,가양,12615,11973,24588
20210220,9호선,양천향교,5325,5111,10436
20210220,9호선,마곡나루,6934,7002,13936
20210220,9호선,신방화,4089,3928,8017
20210220,9호선,공항시장,2018,2264,4282
20210220,9호선,김포공항,7215,10563,17778
20210220,9호선,개화,1178,970,2148
20210221,9호선,신논현,14063,13489,27552
20210221,9호선,사평,1116,1181,2297
20210221,9호선,고속터미널,7909,10358,18267
20210221,9호선,신반포,1415,1442,2857
20210221,9호선,구반포,1161,1217,2378
20210221,9호선,동작,986,814,1800
20210221,9호선,흑석,3320,3581,6901
20210221,9호선,노들,2122,1859,3981
20210221,9호선,노량진,11946,12671,24617
20210221,9호선,샛강,1547,1563,3110
20210221,9호선,여의도,5316,4990,10306
20210221,9호선,국회의사당,3849,3520,7369
20210221,9호선,당산,7339,7011,14350
20210221,9호선,선유도,2451,2376,4827
20210221,9호선,신목동,1430,1292,2722
20210221,9호선,염창,7275,7146,14421
20210221,9호선,등촌,4465,4534,8999
20210221,9호선,증미,2630,2661,5291
20210221,9호선,가양,8846,8814,17660
20210221,9호선,양천향교,3612,3740,7352
20210221,9호선,마곡나루,5110,5129,10239
20210221,9호선,신방화,3023,3005,6028
20210221,9호선,공항시장,1521,1676,3197
20210221,9호선,김포공항,6498,9829,16327
20210221,9호선,개화,910,821,1731
20210227,9호선,개화,1393,1112,2505
20210227,9호선,김포공항,7287,12305,19592
20210227,9호선,공항시장,2067,2241,4308
20210227,9호선,신방화,4438,4203,8641
20210227,9호선,마곡나루,7320,7157,14477
20210227,9호선,양천향교,5515,5195,10710
20210227,9호선,가양,13481,12798,26279
20210227,9호선,증미,4075,3973,8048
20210227,9호선,등촌,6829,6561,13390
20210227,9호선,염창,10974,10138,21112
20210227,9호선,신목동,2047,1854,3901
20210227,9호선,선유도,3653,3650,7303
20210227,9호선,당산,12328,11117,23445
20210227,9호선,국회의사당,3937,3970,7907
20210227,9호선,여의도,16512,15801,32313
20210227,9호선,샛강,2498,2297,4795
20210227,9호선,노량진,18904,18983,37887
20210227,9호선,노들,3053,2604,5657
20210227,9호선,흑석,5295,5277,10572
20210227,9호선,동작,1445,1195,2640
20210227,9호선,구반포,2015,2191,4206
20210227,9호선,신반포,2295,2268,4563
20210227,9호선,고속터미널,11120,16478,27598
20210227,9호선,사평,1962,1883,3845
20210227,9호선,신논현,25437,25242,50679
20210228,9호선,개화,960,885,1845
20210228,9호선,김포공항,6478,10319,16797
20210228,9호선,공항시장,1588,1704,3292
20210228,9호선,신방화,3271,3172,6443
20210228,9호선,마곡나루,5472,5453,10925
20210228,9호선,양천향교,3843,3850,7693
20210228,9호선,가양,9797,9232,19029
20210228,9호선,증미,2341,2351,4692
20210228,9호선,등촌,4734,4838,9572
20210228,9호선,염창,8004,7642,15646
20210228,9호선,신목동,1567,1372,2939
20210228,9호선,선유도,2697,2741,5438
20210228,9호선,당산,8386,7880,16266
20210228,9호선,국회의사당,4005,3637,7642
20210228,9호선,여의도,13862,12940,26802
20210228,9호선,샛강,1741,1557,3298
20210228,9호선,노량진,13442,14147,27589
20210228,9호선,노들,2427,2150,4577
20210228,9호선,흑석,3619,3843,7462
20210228,9호선,동작,1102,878,1980
20210228,9호선,구반포,1075,1221,2296
20210228,9호선,신반포,1388,1416,2804
20210228,9호선,고속터미널,8450,11664,20114
20210228,9호선,사평,1240,1228,2468
20210228,9호선,신논현,15295,14923,30218
20210306,9호선,개화,1391,1201,2592
20210306,9호선,김포공항,6781,11276,18057
20210306,9호선,공항시장,2093,2221,4314
20210306,9호선,신방화,4385,4352,8737
20210306,9호선,마곡나루,7278,7079,14357
20210306,9호선,양천향교,5581,5428,11009
20210306,9호선,가양,13184,12548,25732
20210306,9호선,증미,3866,3881,7747
20210306,9호선,등촌,6776,6720,13496
20210306,9호선,염창,10715,10224,20939
20210306,9호선,신목동,2174,1926,4100
20210306,9호선,선유도,3586,3581,7167
20210306,9호선,당산,12196,11281,23477
20210306,9호선,국회의사당,3813,3958,7771
20210306,9호선,여의도,13740,12587,26327
20210306,9호선,샛강,2495,2374,4869
20210306,9호선,노량진,19365,19436,38801
20210306,9호선,노들,2946,2635,5581
20210306,9호선,흑석,5377,5322,10699
20210306,9호선,동작,1209,1044,2253
20210306,9호선,구반포,1976,2021,3997
20210306,9호선,신반포,2278,2200,4478
20210306,9호선,고속터미널,11000,14878,25878
20210306,9호선,사평,2169,2012,4181
20210306,9호선,신논현,25069,24676,49745
20210307,9호선,노들,2283,2043,4326
20210307,9호선,신논현,14510,13704,28214
20210307,9호선,사평,1226,1310,2536
20210307,9호선,고속터미널,8486,11326,19812
20210307,9호선,신반포,1386,1536,2922
20210307,9호선,구반포,1091,1217,2308
20210307,9호선,동작,1014,863,1877
20210307,9호선,흑석,3621,3875,7496
20210307,9호선,노량진,12992,13849,26841
20210307,9호선,샛강,1669,1583,3252
20210307,9호선,여의도,10401,9416,19817
20210307,9호선,국회의사당,4067,3663,7730
20210307,9호선,당산,8097,7757,15854
20210307,9호선,선유도,2539,2552,5091
20210307,9호선,신목동,1570,1427,2997
20210307,9호선,염창,7654,7513,15167
20210307,9호선,등촌,4761,4801,9562
20210307,9호선,증미,2762,2942,5704
20210307,9호선,가양,9641,9488,19129
20210307,9호선,양천향교,3828,3982,7810
20210307,9호선,마곡나루,4950,4964,9914
20210307,9호선,신방화,3050,2928,5978
20210307,9호선,공항시장,1627,1828,3455
20210307,9호선,김포공항,6381,9403,15784
20210307,9호선,개화,1040,901,1941
20210313,9호선,개화,1365,1163,2528
20210313,9호선,김포공항,7179,11952,19131
20210313,9호선,공항시장,2129,2228,4357
20210313,9호선,신방화,4409,4301,8710
20210313,9호선,마곡나루,7481,7362,14843
20210313,9호선,양천향교,5510,5522,11032
20210313,9호선,가양,13244,12606,25850
20210313,9호선,증미,4040,3937,7977
20210313,9호선,등촌,6919,6663,13582
20210313,9호선,염창,10987,10464,21451
20210313,9호선,신목동,2223,1992,4215
20210313,9호선,선유도,3535,3610,7145
20210313,9호선,당산,11952,10977,22929
20210313,9호선,국회의사당,3909,4095,8004
20210313,9호선,여의도,13727,13004,26731
20210313,9호선,샛강,2566,2466,5032
20210313,9호선,노량진,20224,20041,40265
20210313,9호선,노들,3064,2553,5617
20210313,9호선,흑석,5555,5574,11129
20210313,9호선,동작,1330,1072,2402
20210313,9호선,구반포,1918,2076,3994
20210313,9호선,신반포,2359,2319,4678
20210313,9호선,고속터미널,11426,16251,27677
20210313,9호선,사평,1901,1867,3768
20210313,9호선,신논현,25552,24926,50478
20210314,9호선,신논현,14225,13566,27791
20210314,9호선,사평,1177,1178,2355
20210314,9호선,고속터미널,9066,12475,21541
20210314,9호선,신반포,1354,1514,2868
20210314,9호선,구반포,1104,1150,2254
20210314,9호선,동작,1071,868,1939
20210314,9호선,흑석,3701,3895,7596
20210314,9호선,노들,2330,2060,4390
20210314,9호선,노량진,13576,14980,28556
20210314,9호선,샛강,1761,1638,3399
20210314,9호선,여의도,10347,9419,19766
20210314,9호선,국회의사당,3996,3608,7604
20210314,9호선,당산,8015,7644,15659
20210314,9호선,선유도,2513,2441,4954
20210314,9호선,신목동,1545,1319,2864
20210314,9호선,염창,7658,7733,15391
20210314,9호선,등촌,4683,4668,9351
20210314,9호선,증미,2304,2347,4651
20210314,9호선,가양,9125,9087,18212
20210314,9호선,양천향교,3739,3958,7697
20210314,9호선,마곡나루,5233,5211,10444
20210314,9호선,신방화,3096,3035,6131
20210314,9호선,공항시장,1545,1720,3265
20210314,9호선,김포공항,6692,10534,17226
20210314,9호선,개화,966,821,1787
20210320,9호선,개화,1209,1016,2225
20210320,9호선,김포공항,6961,11769,18730
20210320,9호선,공항시장,2079,2113,4192
20210320,9호선,신방화,4285,4092,8377
20210320,9호선,마곡나루,6890,7055,13945
20210320,9호선,양천향교,5373,5158,10531
20210320,9호선,가양,12680,11990,24670
20210320,9호선,증미,3875,3759,7634
20210320,9호선,등촌,6523,6359,12882
20210320,9호선,염창,10245,9614,19859
20210320,9호선,신목동,1937,1648,3585
20210320,9호선,선유도,3266,3253,6519
20210320,9호선,당산,11804,10899,22703
20210320,9호선,국회의사당,4006,4270,8276
20210320,9호선,여의도,11777,10649,22426
20210320,9호선,샛강,2348,2356,4704
20210320,9호선,노량진,19395,19243,38638
20210320,9호선,노들,2750,2315,5065
20210320,9호선,흑석,4905,4877,9782
20210320,9호선,동작,1138,906,2044
20210320,9호선,구반포,2047,2141,4188
20210320,9호선,신반포,2100,2004,4104
20210320,9호선,고속터미널,10339,15133,25472
20210320,9호선,사평,1880,1786,3666
20210320,9호선,신논현,24447,24179,48626
20210321,9호선,개화,1006,881,1887
20210321,9호선,김포공항,6728,10943,17671
20210321,9호선,공항시장,1556,1724,3280
20210321,9호선,신방화,3268,3215,6483
20210321,9호선,마곡나루,5363,5286,10649
20210321,9호선,양천향교,4006,4142,8148
20210321,9호선,가양,9511,9561,19072
20210321,9호선,증미,2870,2905,5775
20210321,9호선,등촌,4728,4990,9718
20210321,9호선,염창,7732,7878,15610
20210321,9호선,신목동,1542,1358,2900
20210321,9호선,선유도,2431,2483,4914
20210321,9호선,당산,8229,8068,16297
20210321,9호선,국회의사당,4100,3905,8005
20210321,9호선,여의도,9640,7973,17613
20210321,9호선,샛강,1714,1601,3315
20210321,9호선,노량진,13885,14559,28444
20210321,9호선,노들,2237,2074,4311
20210321,9호선,흑석,3485,3770,7255
20210321,9호선,동작,1020,871,1891
20210321,9호선,구반포,1079,1135,2214
20210321,9호선,신반포,1461,1502,2963
20210321,9호선,고속터미널,8751,12145,20896
20210321,9호선,사평,1248,1296,2544
20210321,9호선,신논현,14748,13956,28704
20210327,9호선,신논현,24521,23781,48302
20210327,9호선,사평,2007,1973,3980
20210327,9호선,고속터미널,10571,15353,25924
20210327,9호선,신반포,2175,2169,4344
20210327,9호선,구반포,1865,1981,3846
20210327,9호선,동작,1207,972,2179
20210327,9호선,흑석,5193,5276,10469
20210327,9호선,노들,2796,2520,5316
20210327,9호선,노량진,19898,19519,39417
20210327,9호선,샛강,2440,2459,4899
20210327,9호선,여의도,12800,11115,23915
20210327,9호선,국회의사당,3910,4196,8106
20210327,9호선,당산,11951,10946,22897
20210327,9호선,선유도,3300,3400,6700
20210327,9호선,신목동,1990,1883,3873
20210327,9호선,염창,10454,9962,20416
20210327,9호선,등촌,6695,6542,13237
20210327,9호선,증미,3783,3824,7607
20210327,9호선,가양,12556,11875,24431
20210327,9호선,양천향교,5450,5269,10719
20210327,9호선,마곡나루,6942,6806,13748
20210327,9호선,신방화,4311,4322,8633
20210327,9호선,공항시장,2077,2179,4256
20210327,9호선,김포공항,7279,11281,18560
20210327,9호선,개화,1328,1095,2423
20210328,9호선,신논현,13456,12918,26374
20210328,9호선,사평,1133,1208,2341
20210328,9호선,고속터미널,8641,11746,20387
20210328,9호선,신반포,1333,1354,2687
20210328,9호선,구반포,1000,1062,2062
20210328,9호선,동작,1008,845,1853
20210328,9호선,흑석,3332,3593,6925
20210328,9호선,노들,2033,1799,3832
20210328,9호선,노량진,13195,14081,27276
20210328,9호선,샛강,1478,1458,2936
20210328,9호선,여의도,8968,8039,17007
20210328,9호선,국회의사당,4159,3777,7936
20210328,9호선,당산,7529,7278,14807
20210328,9호선,선유도,2295,2336,4631
20210328,9호선,신목동,1463,1328,2791
20210328,9호선,염창,7024,7139,14163
20210328,9호선,등촌,4352,4558,8910
20210328,9호선,증미,2264,2262,4526
20210328,9호선,가양,8627,8495,17122
20210328,9호선,양천향교,3631,3877,7508
20210328,9호선,마곡나루,4937,4873,9810
20210328,9호선,신방화,2908,2866,5774
20210328,9호선,공항시장,1515,1691,3206
20210328,9호선,김포공항,6586,9809,16395
20210328,9호선,개화,841,811,1652
20210403,9호선,개화,1062,940,2002
20210403,9호선,김포공항,6953,11375,18328
20210403,9호선,공항시장,1927,2092,4019
20210403,9호선,신방화,4040,3914,7954
20210403,9호선,마곡나루,6478,6403,12881
20210403,9호선,양천향교,5041,5048,10089
20210403,9호선,가양,11237,10792,22029
20210403,9호선,증미,3593,3592,7185
20210403,9호선,등촌,6256,6172,12428
20210403,9호선,염창,9652,9108,18760
20210403,9호선,신목동,1799,1577,3376
20210403,9호선,선유도,3083,2998,6081
20210403,9호선,당산,10780,9839,20619
20210403,9호선,국회의사당,4238,4099,8337
20210403,9호선,여의도,11781,10376,22157
20210403,9호선,샛강,2456,2171,4627
20210403,9호선,노량진,18021,17590,35611
20210403,9호선,노들,2451,2238,4689
20210403,9호선,흑석,4502,4538,9040
20210403,9호선,동작,1087,925,2012
20210403,9호선,구반포,1783,1907,3690
20210403,9호선,신반포,2059,1972,4031
20210403,9호선,고속터미널,9810,14377,24187
20210403,9호선,사평,1877,1816,3693
20210403,9호선,신논현,22297,21774,44071
20210404,9호선,개화,985,894,1879
20210404,9호선,김포공항,7061,10391,17452
20210404,9호선,공항시장,1624,1782,3406
20210404,9호선,신방화,3189,3149,6338
20210404,9호선,마곡나루,5144,5171,10315
20210404,9호선,양천향교,3802,4049,7851
20210404,9호선,가양,9270,9502,18772
20210404,9호선,증미,2995,3110,6105
20210404,9호선,등촌,4822,4928,9750
20210404,9호선,염창,7605,7774,15379
20210404,9호선,신목동,1511,1396,2907
20210404,9호선,선유도,2843,2909,5752
20210404,9호선,당산,8240,8047,16287
20210404,9호선,국회의사당,5506,4693,10199
20210404,9호선,여의도,10081,8577,18658
20210404,9호선,샛강,1922,1778,3700
20210404,9호선,노량진,13663,14458,28121
20210404,9호선,노들,2494,2189,4683
20210404,9호선,흑석,3568,3943,7511
20210404,9호선,동작,1158,1045,2203
20210404,9호선,구반포,1083,1188,2271
20210404,9호선,신반포,1562,1639,3201
20210404,9호선,고속터미널,9115,12014,21129
20210404,9호선,사평,1188,1284,2472
20210404,9호선,신논현,13821,13337,27158
20210410,9호선,신논현,24802,24113,48915
20210410,9호선,사평,1929,1788,3717
20210410,9호선,고속터미널,12148,17048,29196
20210410,9호선,신반포,2606,2637,5243
20210410,9호선,구반포,1974,2116,4090
20210410,9호선,동작,1327,1154,2481
20210410,9호선,흑석,5549,5512,11061
20210410,9호선,노들,3287,2852,6139
20210410,9호선,노량진,19977,19829,39806
20210410,9호선,샛강,2577,2374,4951
20210410,9호선,여의도,12565,11670,24235
20210410,9호선,국회의사당,3976,4070,8046
20210410,9호선,당산,12048,11073,23121
20210410,9호선,선유도,3899,4100,7999
20210410,9호선,신목동,2254,1974,4228
20210410,9호선,염창,11166,10498,21664
20210410,9호선,등촌,6983,6782,13765
20210410,9호선,증미,3959,3928,7887
20210410,9호선,가양,13411,12755,26166
20210410,9호선,양천향교,5667,5416,11083
20210410,9호선,마곡나루,8229,8120,16349
20210410,9호선,신방화,4412,4155,8567
20210410,9호선,공항시장,2162,2302,4464
20210410,9호선,김포공항,8027,11946,19973
20210410,9호선,개화,1444,1236,2680
20210411,9호선,신논현,14181,13474,27655
20210411,9호선,사평,1173,1228,2401
20210411,9호선,고속터미널,9464,12389,21853
20210411,9호선,신반포,1628,1804,3432
20210411,9호선,구반포,1242,1339,2581
20210411,9호선,동작,1068,881,1949
20210411,9호선,흑석,3604,3732,7336
20210411,9호선,노들,2464,2208,4672
20210411,9호선,노량진,13540,14714,28254
20210411,9호선,샛강,1652,1605,3257
20210411,9호선,여의도,8813,8135,16948
20210411,9호선,국회의사당,4111,3894,8005
20210411,9호선,당산,8163,7978,16141
20210411,9호선,선유도,2879,3016,5895
20210411,9호선,신목동,1548,1390,2938
20210411,9호선,염창,7876,7831,15707
20210411,9호선,증미,2346,2408,4754
20210411,9호선,가양,9393,9330,18723
20210411,9호선,양천향교,3868,4062,7930
20210411,9호선,마곡나루,5573,5670,11243
20210411,9호선,신방화,3100,3124,6224
20210411,9호선,공항시장,1602,1703,3305
20210411,9호선,김포공항,7194,9899,17093
20210411,9호선,개화,1054,929,1983
20210411,9호선,등촌,4856,4979,9835
20210417,9호선,개화,1317,1087,2404
20210417,9호선,김포공항,7386,11983,19369
20210417,9호선,공항시장,1956,2140,4096
20210417,9호선,신방화,4321,4138,8459
20210417,9호선,마곡나루,7335,7234,14569
20210417,9호선,양천향교,5681,5502,11183
20210417,9호선,가양,13046,12307,25353
20210417,9호선,증미,3784,3838,7622
20210417,9호선,등촌,6770,6415,13185
20210417,9호선,염창,10958,10402,21360
20210417,9호선,신목동,2191,1939,4130
20210417,9호선,선유도,3692,3659,7351
20210417,9호선,당산,12002,10989,22991
20210417,9호선,국회의사당,3779,4014,7793
20210417,9호선,여의도,11867,11081,22948
20210417,9호선,샛강,2554,2392,4946
20210417,9호선,노량진,20274,20091,40365
20210417,9호선,노들,2867,2452,5319
20210417,9호선,흑석,4854,4878,9732
20210417,9호선,동작,1300,1031,2331
20210417,9호선,구반포,2007,2161,4168
20210417,9호선,신반포,2365,2288,4653
20210417,9호선,고속터미널,10795,14903,25698
20210417,9호선,사평,2069,2000,4069
20210417,9호선,신논현,23335,22867,46202
20210418,9호선,신논현,13421,12741,26162
20210418,9호선,사평,1149,1232,2381
20210418,9호선,고속터미널,8931,11722,20653
20210418,9호선,신반포,1450,1535,2985
20210418,9호선,구반포,1067,1199,2266
20210418,9호선,동작,1072,888,1960
20210418,9호선,흑석,3384,3642,7026
20210418,9호선,노들,2357,2200,4557
20210418,9호선,노량진,13547,14601,28148
20210418,9호선,샛강,1564,1487,3051
20210418,9호선,여의도,8370,7397,15767
20210418,9호선,국회의사당,4059,3780,7839
20210418,9호선,당산,7970,7851,15821
20210418,9호선,선유도,2782,2752,5534
20210418,9호선,신목동,1548,1365,2913
20210418,9호선,염창,7606,7590,15196
20210418,9호선,등촌,4844,4992,9836
20210418,9호선,증미,2783,2876,5659
20210418,9호선,가양,9171,9148,18319
20210418,9호선,양천향교,3836,4127,7963
20210418,9호선,마곡나루,5485,5500,10985
20210418,9호선,신방화,3073,3100,6173
20210418,9호선,공항시장,1522,1642,3164
20210418,9호선,김포공항,7248,10175,17423
20210418,9호선,개화,1055,975,2030
20210424,9호선,신논현,23810,23559,47369
20210424,9호선,사평,2291,2086,4377
20210424,9호선,고속터미널,11841,16793,28634
20210424,9호선,신반포,2541,2501,5042
20210424,9호선,구반포,2072,2231,4303
20210424,9호선,동작,1422,1194,2616
20210424,9호선,흑석,5278,5334,10612
20210424,9호선,노들,3096,2708,5804
20210424,9호선,노량진,19971,20089,40060
20210424,9호선,샛강,2410,2373,4783
20210424,9호선,여의도,11395,11123,22518
20210424,9호선,국회의사당,3937,4035,7972
20210424,9호선,당산,12038,11278,23316
20210424,9호선,선유도,3834,3829,7663
20210424,9호선,신목동,2314,1932,4246
20210424,9호선,염창,10989,10230,21219
20210424,9호선,등촌,6891,6738,13629
20210424,9호선,증미,3997,3956,7953
20210424,9호선,가양,13256,12418,25674
20210424,9호선,양천향교,5571,5395,10966
20210424,9호선,마곡나루,7586,7573,15159
20210424,9호선,신방화,4328,4148,8476
20210424,9호선,공항시장,2231,2302,4533
20210424,9호선,김포공항,7522,12225,19747
20210424,9호선,개화,1425,1237,2662
20210425,9호선,신논현,13555,12884,26439
20210425,9호선,사평,1231,1289,2520
20210425,9호선,고속터미널,9557,12314,21871
20210425,9호선,신반포,1490,1612,3102
20210425,9호선,구반포,1206,1300,2506
20210425,9호선,동작,1150,968,2118
20210425,9호선,흑석,3515,3727,7242
20210425,9호선,노들,2498,2205,4703
20210425,9호선,노량진,13705,14865,28570
20210425,9호선,샛강,1519,1594,3113
20210425,9호선,여의도,8384,7719,16103
20210425,9호선,국회의사당,4000,3717,7717
20210425,9호선,당산,8300,8186,16486
20210425,9호선,선유도,2985,3040,6025
20210425,9호선,신목동,1596,1447,3043
20210425,9호선,염창,7924,7860,15784
20210425,9호선,등촌,4724,4970,9694
20210425,9호선,증미,2400,2429,4829
20210425,9호선,가양,9066,8914,17980
20210425,9호선,양천향교,3952,4206,8158
20210425,9호선,마곡나루,5750,5656,11406
20210425,9호선,신방화,3091,3023,6114
20210425,9호선,공항시장,1591,1855,3446
20210425,9호선,김포공항,7142,10418,17560
20210425,9호선,개화,1054,967,2021
20210501,9호선,노량진,19486,19311,38797
20210501,9호선,개화,1288,1077,2365
20210501,9호선,김포공항,7751,11500,19251
20210501,9호선,공항시장,2098,2187,4285
20210501,9호선,신방화,4103,4065,8168
20210501,9호선,마곡나루,7236,7108,14344
20210501,9호선,양천향교,5204,5097,10301
20210501,9호선,가양,12301,11673,23974
20210501,9호선,증미,3690,3607,7297
20210501,9호선,등촌,6385,6302,12687
20210501,9호선,염창,10277,9441,19718
20210501,9호선,신목동,2054,1733,3787
20210501,9호선,선유도,3408,3357,6765
20210501,9호선,당산,11175,10484,21659
20210501,9호선,국회의사당,4086,4386,8472
20210501,9호선,여의도,12402,10917,23319
20210501,9호선,샛강,2390,2291,4681
20210501,9호선,노들,2849,2431,5280
20210501,9호선,흑석,4591,4725,9316
20210501,9호선,동작,1205,998,2203
20210501,9호선,구반포,1954,2088,4042
20210501,9호선,신반포,1889,1784,3673
20210501,9호선,고속터미널,11244,16329,27573
20210501,9호선,사평,1828,1711,3539
20210501,9호선,신논현,22747,22080,44827
20210502,9호선,개화,1205,997,2202
20210502,9호선,김포공항,7279,10645,17924
20210502,9호선,공항시장,1593,1705,3298
20210502,9호선,신방화,3083,3154,6237
20210502,9호선,마곡나루,5635,5749,11384
20210502,9호선,양천향교,3919,4066,7985
20210502,9호선,가양,9320,9472,18792
20210502,9호선,증미,2937,2929,5866
20210502,9호선,염창,7871,7932,15803
20210502,9호선,신목동,1809,1594,3403
20210502,9호선,선유도,2951,3080,6031
20210502,9호선,당산,8141,7958,16099
20210502,9호선,국회의사당,4418,4259,8677
20210502,9호선,여의도,9228,8331,17559
20210502,9호선,샛강,1721,1685,3406
20210502,9호선,노량진,13564,14536,28100
20210502,9호선,노들,2468,2214,4682
20210502,9호선,흑석,3784,4008,7792
20210502,9호선,동작,1159,1000,2159
20210502,9호선,구반포,1203,1217,2420
20210502,9호선,신반포,1659,1749,3408
20210502,9호선,고속터미널,10100,13399,23499
20210502,9호선,사평,1207,1218,2425
20210502,9호선,신논현,14592,14175,28767
20210502,9호선,등촌,4927,5056,9983
20210508,9호선,개화,1280,1054,2334
20210508,9호선,김포공항,7171,11597,18768
20210508,9호선,공항시장,1878,2062,3940
20210508,9호선,신방화,4111,3912,8023
20210508,9호선,마곡나루,6387,6196,12583
20210508,9호선,양천향교,5063,4827,9890
20210508,9호선,가양,12360,11685,24045
20210508,9호선,증미,3606,3617,7223
20210508,9호선,등촌,6368,5986,12354
20210508,9호선,염창,9964,9311,19275
20210508,9호선,신목동,2068,1730,3798
20210508,9호선,선유도,3279,3121,6400
20210508,9호선,당산,10119,9353,19472
20210508,9호선,국회의사당,3126,3190,6316
20210508,9호선,여의도,9743,9084,18827
20210508,9호선,샛강,2202,2284,4486
20210508,9호선,노량진,18187,17586,35773
20210508,9호선,노들,2749,2354,5103
20210508,9호선,흑석,4835,4697,9532
20210508,9호선,동작,1402,1120,2522
20210508,9호선,구반포,1674,1759,3433
20210508,9호선,신반포,2107,1941,4048
20210508,9호선,고속터미널,10543,15869,26412
20210508,9호선,사평,1844,1742,3586
20210508,9호선,신논현,20246,19588,39834
20210509,9호선,신논현,14022,13738,27760
20210509,9호선,사평,1226,1322,2548
20210509,9호선,고속터미널,11071,12707,23778
20210509,9호선,신반포,1518,1655,3173
20210509,9호선,구반포,1179,1219,2398
20210509,9호선,동작,1206,1038,2244
20210509,9호선,흑석,3596,3859,7455
20210509,9호선,노들,2459,2205,4664
20210509,9호선,노량진,13152,14633,27785
20210509,9호선,샛강,1586,1645,3231
20210509,9호선,여의도,8202,7579,15781
20210509,9호선,국회의사당,3886,3643,7529
20210509,9호선,당산,8141,8172,16313
20210509,9호선,선유도,2866,3075,5941
20210509,9호선,신목동,1768,1512,3280
20210509,9호선,염창,7822,8126,15948
20210509,9호선,등촌,4659,5029,9688
20210509,9호선,증미,2358,2501,4859
20210509,9호선,가양,9149,9433,18582
20210509,9호선,양천향교,3729,4279,8008
20210509,9호선,마곡나루,5081,5343,10424
20210509,9호선,신방화,3121,3220,6341
20210509,9호선,공항시장,1618,1860,3478
20210509,9호선,김포공항,7350,10832,18182
20210509,9호선,개화,1102,1044,2146
20210515,9호선,개화,1307,1083,2390
20210515,9호선,김포공항,7806,11974,19780
20210515,9호선,공항시장,2220,2345,4565
20210515,9호선,신방화,4449,4267,8716
20210515,9호선,마곡나루,7424,7428,14852
20210515,9호선,양천향교,5718,5574,11292
20210515,9호선,가양,13156,12507,25663
20210515,9호선,증미,3970,3960,7930
20210515,9호선,등촌,6704,6576,13280
20210515,9호선,염창,10882,10092,20974
20210515,9호선,신목동,2230,1973,4203
20210515,9호선,선유도,3710,3635,7345
20210515,9호선,당산,11906,11166,23072
20210515,9호선,국회의사당,3978,4219,8197
20210515,9호선,여의도,12454,10934,23388
20210515,9호선,샛강,2566,2544,5110
20210515,9호선,노량진,19530,19016,38546
20210515,9호선,노들,2911,2580,5491
20210515,9호선,흑석,5189,5265,10454
20210515,9호선,동작,1280,1084,2364
20210515,9호선,구반포,2197,2288,4485
20210515,9호선,신반포,2262,2187,4449
20210515,9호선,고속터미널,11436,16598,28034
20210515,9호선,사평,2278,2145,4423
20210515,9호선,신논현,24542,23925,48467
20210516,9호선,개화,794,734,1528
20210516,9호선,김포공항,6814,10084,16898
20210516,9호선,공항시장,1442,1595,3037
20210516,9호선,신방화,2948,2899,5847
20210516,9호선,마곡나루,4122,4085,8207
20210516,9호선,양천향교,3430,3761,7191
20210516,9호선,가양,7833,7913,15746
20210516,9호선,증미,2416,2525,4941
20210516,9호선,등촌,4054,4150,8204
20210516,9호선,염창,6536,6629,13165
20210516,9호선,신목동,1263,1197,2460
20210516,9호선,선유도,2211,2233,4444
20210516,9호선,당산,7258,7045,14303
20210516,9호선,국회의사당,3773,3439,7212
20210516,9호선,여의도,8185,6644,14829
20210516,9호선,샛강,1356,1375,2731
20210516,9호선,노량진,11789,12315,24104
20210516,9호선,노들,1863,1646,3509
20210516,9호선,흑석,3105,3350,6455
20210516,9호선,동작,832,614,1446
20210516,9호선,구반포,1093,1208,2301
20210516,9호선,신반포,1134,1254,2388
20210516,9호선,고속터미널,7970,11277,19247
20210516,9호선,사평,1123,1261,2384
20210516,9호선,신논현,12667,12113,24780
20210522,9호선,신논현,25075,24921,49996
20210522,9호선,사평,2052,1994,4046
20210522,9호선,고속터미널,12453,17656,30109
20210522,9호선,신반포,2704,2653,5357
20210522,9호선,구반포,2089,2191,4280
20210522,9호선,동작,1831,1481,3312
20210522,9호선,흑석,5747,5525,11272
20210522,9호선,노들,3381,2959,6340
20210522,9호선,노량진,20556,19962,40518
20210522,9호선,샛강,2628,2535,5163
20210522,9호선,여의도,12291,11690,23981
20210522,9호선,국회의사당,4135,4437,8572
20210522,9호선,당산,12360,11579,23939
20210522,9호선,선유도,4388,4372,8760
20210522,9호선,신목동,2520,2107,4627
20210522,9호선,염창,11604,10704,22308
20210522,9호선,등촌,7323,6864,14187
20210522,9호선,증미,4160,4016,8176
20210522,9호선,가양,14097,13620,27717
20210522,9호선,양천향교,5887,5656,11543
20210522,9호선,마곡나루,8137,8085,16222
20210522,9호선,신방화,4574,4376,8950
20210522,9호선,공항시장,2158,2268,4426
20210522,9호선,김포공항,8660,12264,20924
20210522,9호선,개화,1398,1287,2685
20210523,9호선,개화,1076,1011,2087
20210523,9호선,김포공항,7377,10695,18072
20210523,9호선,공항시장,1572,1796,3368
20210523,9호선,신방화,3155,3069,6224
20210523,9호선,마곡나루,5542,5609,11151
20210523,9호선,양천향교,3885,4015,7900
20210523,9호선,가양,9858,9600,19458
20210523,9호선,증미,2372,2461,4833
20210523,9호선,등촌,4911,5042,9953
20210523,9호선,염창,7932,7856,15788
20210523,9호선,신목동,1640,1487,3127
20210523,9호선,선유도,2977,2936,5913
20210523,9호선,당산,8083,8032,16115
20210523,9호선,국회의사당,4166,3973,8139
20210523,9호선,여의도,8443,7657,16100
20210523,9호선,노량진,13316,14281,27597
20210523,9호선,노들,2402,2238,4640
20210523,9호선,흑석,3776,4024,7800
20210523,9호선,동작,1213,1032,2245
20210523,9호선,구반포,1184,1336,2520
20210523,9호선,신반포,1629,1748,3377
20210523,9호선,고속터미널,9951,13008,22959
20210523,9호선,사평,1207,1324,2531
20210523,9호선,신논현,14309,13838,28147
20210523,9호선,샛강,1728,1763,3491
20210529,9호선,개화,1348,1160,2508
20210529,9호선,김포공항,8029,13433,21462
20210529,9호선,공항시장,2196,2290,4486
20210529,9호선,신방화,4437,4201,8638
20210529,9호선,마곡나루,7699,7573,15272
20210529,9호선,양천향교,5823,5663,11486
20210529,9호선,가양,13544,12636,26180
20210529,9호선,증미,3968,3942,7910
20210529,9호선,등촌,7154,6762,13916
20210529,9호선,염창,11051,10254,21305
20210529,9호선,신목동,2258,1838,4096
20210529,9호선,선유도,3790,3770,7560
20210529,9호선,당산,12031,11208,23239
20210529,9호선,국회의사당,4050,4190,8240
20210529,9호선,여의도,12229,11295,23524
20210529,9호선,노량진,19547,19288,38835
20210529,9호선,노들,3113,2597,5710
20210529,9호선,흑석,5216,5326,10542
20210529,9호선,동작,1672,1364,3036
20210529,9호선,구반포,2036,2250,4286
20210529,9호선,신반포,2354,2356,4710
20210529,9호선,고속터미널,11766,16748,28514
20210529,9호선,사평,2076,1947,4023
20210529,9호선,신논현,24533,24214,48747
20210529,9호선,샛강,2566,2533,5099
20210530,9호선,신논현,14517,13755,28272
20210530,9호선,사평,1222,1454,2676
20210530,9호선,고속터미널,9611,12566,22177
20210530,9호선,신반포,1536,1620,3156
20210530,9호선,구반포,1153,1308,2461
20210530,9호선,동작,1419,1186,2605
20210530,9호선,흑석,3795,4032,7827
20210530,9호선,노들,2483,2279,4762
20210530,9호선,노량진,13902,14541,28443
20210530,9호선,샛강,1774,1717,3491
20210530,9호선,여의도,8578,7566,16144
20210530,9호선,국회의사당,4158,3962,8120
20210530,9호선,당산,8358,8343,16701
20210530,9호선,선유도,3131,3142,6273
20210530,9호선,신목동,1644,1551,3195
20210530,9호선,염창,7969,7819,15788
20210530,9호선,등촌,5014,5236,10250
20210530,9호선,증미,3036,3079,6115
20210530,9호선,가양,9649,9837,19486
20210530,9호선,양천향교,3996,4246,8242
20210530,9호선,마곡나루,5928,5676,11604
20210530,9호선,신방화,3185,3301,6486
20210530,9호선,공항시장,1682,1820,3502
20210530,9호선,김포공항,7707,11208,18915
20210530,9호선,개화,1045,986,2031
20210605,9호선,개화,1426,1274,2700
20210605,9호선,김포공항,7690,12651,20341
20210605,9호선,공항시장,2174,2282,4456
20210605,9호선,신방화,4471,4271,8742
20210605,9호선,마곡나루,7679,7657,15336
20210605,9호선,양천향교,5789,5545,11334
20210605,9호선,가양,13836,13199,27035
20210605,9호선,증미,4169,4064,8233
20210605,9호선,등촌,7183,6759,13942
20210605,9호선,염창,11376,10737,22113
20210605,9호선,신목동,2240,1972,4212
20210605,9호선,선유도,4037,4093,8130
20210605,9호선,당산,12336,11626,23962
20210605,9호선,국회의사당,4007,4283,8290
20210605,9호선,여의도,11501,11059,22560
20210605,9호선,샛강,2574,2617,5191
20210605,9호선,노량진,19962,19603,39565
20210605,9호선,노들,3490,2831,6321
20210605,9호선,흑석,5327,5287,10614
20210605,9호선,동작,3903,3686,7589
20210605,9호선,구반포,1980,2095,4075
20210605,9호선,신반포,2569,2514,5083
20210605,9호선,고속터미널,12398,17344,29742
20210605,9호선,사평,2032,1892,3924
20210605,9호선,신논현,24486,24181,48667
20210606,9호선,당산,8171,8011,16182
20210606,9호선,샛강,1689,1629,3318
20210606,9호선,개화,1065,984,2049
20210606,9호선,김포공항,7202,10629,17831
20210606,9호선,공항시장,1573,1756,3329
20210606,9호선,신방화,3116,3199,6315
20210606,9호선,마곡나루,5243,5320,10563
20210606,9호선,양천향교,3853,4080,7933
20210606,9호선,가양,9720,9669,19389
20210606,9호선,증미,3009,2974,5983
20210606,9호선,등촌,4852,4993,9845
20210606,9호선,염창,7875,7912,15787
20210606,9호선,신목동,1587,1426,3013
20210606,9호선,선유도,2822,2807,5629
20210606,9호선,국회의사당,4660,4485,9145
20210606,9호선,여의도,7677,7279,14956
20210606,9호선,노량진,13313,13964,27277
20210606,9호선,노들,2531,2304,4835
20210606,9호선,흑석,3795,3858,7653
20210606,9호선,동작,7885,7786,15671
20210606,9호선,구반포,1135,1229,2364
20210606,9호선,신반포,1591,1697,3288
20210606,9호선,고속터미널,9763,12687,22450
20210606,9호선,사평,1317,1326,2643
20210606,9호선,신논현,13815,12979,26794
20210612,9호선,개화,1371,1240,2611
20210612,9호선,김포공항,7570,12334,19904
20210612,9호선,공항시장,2170,2266,4436
20210612,9호선,신방화,4486,4304,8790
20210612,9호선,마곡나루,7478,7474,14952
20210612,9호선,양천향교,5792,5566,11358
20210612,9호선,가양,13673,12787,26460
20210612,9호선,증미,4062,3921,7983
20210612,9호선,등촌,7105,6756,13861
20210612,9호선,염창,11014,10052,21066
20210612,9호선,신목동,2253,1992,4245
20210612,9호선,선유도,3838,3850,7688
20210612,9호선,당산,11640,10940,22580
20210612,9호선,국회의사당,3709,3970,7679
20210612,9호선,여의도,11597,11115,22712
20210612,9호선,샛강,2396,2492,4888
20210612,9호선,노량진,19669,18963,38632
20210612,9호선,노들,3166,2673,5839
20210612,9호선,흑석,5106,5110,10216
20210612,9호선,동작,1734,1499,3233
20210612,9호선,구반포,1995,2107,4102
20210612,9호선,신반포,2447,2390,4837
20210612,9호선,고속터미널,11848,16851,28699
20210612,9호선,사평,1948,1830,3778
20210612,9호선,신논현,23940,23684,47624
20210613,9호선,개화,1002,950,1952
20210613,9호선,김포공항,7193,10806,17999
20210613,9호선,공항시장,1561,1740,3301
20210613,9호선,신방화,3125,3077,6202
20210613,9호선,마곡나루,5075,5130,10205
20210613,9호선,양천향교,3778,4019,7797
20210613,9호선,가양,9237,9323,18560
20210613,9호선,증미,2471,2440,4911
20210613,9호선,등촌,4799,4789,9588
20210613,9호선,염창,7672,7685,15357
20210613,9호선,신목동,1496,1369,2865
20210613,9호선,선유도,2887,2892,5779
20210613,9호선,당산,7946,7778,15724
20210613,9호선,국회의사당,4050,3774,7824
20210613,9호선,여의도,8623,7736,16359
20210613,9호선,샛강,1537,1589,3126
20210613,9호선,노량진,12832,13724,26556
20210613,9호선,노들,2290,2077,4367
20210613,9호선,흑석,3495,3655,7150
20210613,9호선,동작,1159,953,2112
20210613,9호선,구반포,1074,1113,2187
20210613,9호선,신반포,1437,1472,2909
20210613,9호선,고속터미널,9446,12169,21615
20210613,9호선,사평,1287,1384,2671
20210613,9호선,신논현,13729,13276,27005
20210619,9호선,개화,1430,1234,2664
20210619,9호선,김포공항,8036,13736,21772
20210619,9호선,공항시장,2123,2251,4374
20210619,9호선,신방화,4555,4355,8910
20210619,9호선,마곡나루,7792,7694,15486
20210619,9호선,양천향교,5891,5576,11467
20210619,9호선,가양,14097,13401,27498
20210619,9호선,증미,4261,3986,8247
20210619,9호선,등촌,7131,6829,13960
20210619,9호선,염창,11220,10346,21566
20210619,9호선,신목동,2374,2104,4478
20210619,9호선,선유도,3995,3848,7843
20210619,9호선,당산,12363,11525,23888
20210619,9호선,국회의사당,3998,4215,8213
20210619,9호선,여의도,12263,11856,24119
20210619,9호선,샛강,2570,2583,5153
20210619,9호선,노량진,20064,19786,39850
20210619,9호선,노들,3351,2795,6146
20210619,9호선,흑석,5268,5159,10427
20210619,9호선,동작,1582,1275,2857
20210619,9호선,구반포,1853,1900,3753
20210619,9호선,신반포,2600,2505,5105
20210619,9호선,고속터미널,12524,17807,30331
20210619,9호선,사평,2055,1924,3979
20210619,9호선,신논현,26104,25694,51798
20210620,9호선,신논현,14693,14044,28737
20210620,9호선,사평,1281,1383,2664
20210620,9호선,고속터미널,10234,12890,23124
20210620,9호선,신반포,1546,1630,3176
20210620,9호선,구반포,1106,1146,2252
20210620,9호선,동작,1193,990,2183
20210620,9호선,흑석,3655,3873,7528
20210620,9호선,노들,2549,2173,4722
20210620,9호선,노량진,13963,14717,28680
20210620,9호선,샛강,1601,1773,3374
20210620,9호선,여의도,8568,7640,16208
20210620,9호선,국회의사당,4146,3926,8072
20210620,9호선,당산,8330,8117,16447
20210620,9호선,선유도,2861,2757,5618
20210620,9호선,신목동,1657,1531,3188
20210620,9호선,염창,7847,7930,15777
20210620,9호선,등촌,4908,5000,9908
20210620,9호선,증미,2929,2941,5870
20210620,9호선,가양,9733,9698,19431
20210620,9호선,양천향교,3857,4091,7948
20210620,9호선,마곡나루,4977,5110,10087
20210620,9호선,신방화,3203,3217,6420
20210620,9호선,공항시장,1635,1744,3379
20210620,9호선,김포공항,7797,11972,19769
20210620,9호선,개화,989,953,1942
20210626,9호선,개화,1257,1197,2454
20210626,9호선,김포공항,8282,13151,21433
20210626,9호선,공항시장,2185,2171,4356
20210626,9호선,신방화,4482,4291,8773
20210626,9호선,마곡나루,7538,7540,15078
20210626,9호선,양천향교,5695,5344,11039
20210626,9호선,가양,13508,12696,26204
20210626,9호선,증미,4192,4086,8278
20210626,9호선,등촌,7112,6768,13880
20210626,9호선,염창,11045,10152,21197
20210626,9호선,신목동,2308,1965,4273
20210626,9호선,선유도,3821,3633,7454
20210626,9호선,당산,12187,11230,23417
20210626,9호선,국회의사당,3901,4198,8099
20210626,9호선,여의도,11904,11478,23382
20210626,9호선,샛강,2486,2596,5082
20210626,9호선,노량진,20884,20404,41288
20210626,9호선,노들,3287,2725,6012
20210626,9호선,흑석,5513,5367,10880
20210626,9호선,동작,1630,1273,2903
20210626,9호선,구반포,1858,1968,3826
20210626,9호선,신반포,2132,2191,4323
20210626,9호선,고속터미널,12575,17809,30384
20210626,9호선,사평,2104,1877,3981
20210626,9호선,신논현,25421,25401,50822
20210627,9호선,개화,1064,979,2043
20210627,9호선,김포공항,7735,12157,19892
20210627,9호선,공항시장,1648,1838,3486
20210627,9호선,신방화,3209,3265,6474
20210627,9호선,마곡나루,5243,5308,10551
20210627,9호선,양천향교,3902,4137,8039
20210627,9호선,가양,9671,9578,19249
20210627,9호선,증미,2457,2570,5027
20210627,9호선,등촌,4762,4946,9708
20210627,9호선,염창,7973,7925,15898
20210627,9호선,신목동,1698,1595,3293
20210627,9호선,선유도,2790,2814,5604
20210627,9호선,당산,8297,8211,16508
20210627,9호선,국회의사당,4052,3793,7845
20210627,9호선,여의도,9038,7865,16903
20210627,9호선,샛강,1604,1694,3298
20210627,9호선,노량진,14328,15192,29520
20210627,9호선,노들,2530,2262,4792
20210627,9호선,흑석,3763,3944,7707
20210627,9호선,동작,1255,995,2250
20210627,9호선,구반포,1120,1146,2266
20210627,9호선,신반포,1570,1756,3326
20210627,9호선,고속터미널,10102,13476,23578
20210627,9호선,사평,1367,1420,2787
20210627,9호선,신논현,15257,14360,29617
20210703,9호선,신논현,23908,23609,47517
20210703,9호선,사평,2138,2024,4162
20210703,9호선,고속터미널,10833,15908,26741
20210703,9호선,신반포,2083,2170,4253
20210703,9호선,구반포,1895,2039,3934
20210703,9호선,동작,1294,1089,2383
20210703,9호선,흑석,5044,5113,10157
20210703,9호선,노들,2821,2554,5375
20210703,9호선,노량진,19143,18674,37817
20210703,9호선,샛강,2842,2685,5527
20210703,9호선,여의도,12483,10585,23068
20210703,9호선,국회의사당,4583,4836,9419
20210703,9호선,당산,12378,11136,23514
20210703,9호선,선유도,3599,3532,7131
20210703,9호선,신목동,2171,1872,4043
20210703,9호선,염창,10377,9654,20031
20210703,9호선,등촌,6674,6870,13544
20210703,9호선,증미,3877,3928,7805
20210703,9호선,가양,12477,12048,24525
20210703,9호선,양천향교,5273,5191,10464
20210703,9호선,마곡나루,7270,6666,13936
20210703,9호선,신방화,4261,4224,8485
20210703,9호선,공항시장,2077,2238,4315
20210703,9호선,김포공항,8208,11990,20198
20210703,9호선,개화,1405,1127,2532
20210704,9호선,개화,785,791,1576
20210704,9호선,김포공항,7279,10397,17676
20210704,9호선,공항시장,1487,1635,3122
20210704,9호선,신방화,2969,2968,5937
20210704,9호선,마곡나루,4514,4532,9046
20210704,9호선,양천향교,3373,3735,7108
20210704,9호선,가양,8330,8529,16859
20210704,9호선,증미,2541,2703,5244
20210704,9호선,등촌,4288,4288,8576
20210704,9호선,염창,6986,6981,13967
20210704,9호선,신목동,1346,1247,2593
20210704,9호선,선유도,2326,2217,4543
20210704,9호선,당산,7387,7334,14721
20210704,9호선,국회의사당,4027,3542,7569
20210704,9호선,여의도,7545,6603,14148
20210704,9호선,샛강,1488,1525,3013
20210704,9호선,노량진,12458,12981,25439
20210704,9호선,노들,2099,1840,3939
20210704,9호선,흑석,3176,3364,6540
20210704,9호선,동작,887,736,1623
20210704,9호선,구반포,923,976,1899
20210704,9호선,신반포,1338,1360,2698
20210704,9호선,고속터미널,8578,11127,19705
20210704,9호선,사평,1352,1333,2685
20210704,9호선,신논현,13603,13172,26775
20210710,9호선,개화,1130,1037,2167
20210710,9호선,김포공항,6416,11168,17584
20210710,9호선,공항시장,2013,2108,4121
20210710,9호선,신방화,3953,3713,7666
20210710,9호선,마곡나루,6214,6147,12361
20210710,9호선,양천향교,4930,4864,9794
20210710,9호선,가양,11422,10900,22322
20210710,9호선,증미,3533,3513,7046
20210710,9호선,등촌,6373,6144,12517
20210710,9호선,염창,9643,8775,18418
20210710,9호선,신목동,1920,1677,3597
20210710,9호선,선유도,3195,3059,6254
20210710,9호선,당산,9875,9295,19170
20210710,9호선,국회의사당,3064,3197,6261
20210710,9호선,여의도,7373,6916,14289
20210710,9호선,샛강,1992,1976,3968
20210710,9호선,노량진,16970,16497,33467
20210710,9호선,노들,2699,2242,4941
20210710,9호선,흑석,4404,4353,8757
20210710,9호선,동작,1149,878,2027
20210710,9호선,구반포,1524,1622,3146
20210710,9호선,신반포,1968,1959,3927
20210710,9호선,고속터미널,8547,12117,20664
20210710,9호선,사평,1746,1626,3372
20210710,9호선,신논현,18947,18981,37928
20210711,9호선,개화,813,789,1602
20210711,9호선,김포공항,6141,9418,15559
20210711,9호선,공항시장,1340,1548,2888
20210711,9호선,신방화,2533,2623,5156
20210711,9호선,마곡나루,4032,4153,8185
20210711,9호선,양천향교,3120,3354,6474
20210711,9호선,가양,7674,7735,15409
20210711,9호선,증미,1942,1988,3930
20210711,9호선,등촌,4070,4152,8222
20210711,9호선,염창,6227,6150,12377
20210711,9호선,신목동,1284,1179,2463
20210711,9호선,선유도,2082,2108,4190
20210711,9호선,당산,6292,6306,12598
20210711,9호선,국회의사당,3268,3073,6341
20210711,9호선,여의도,4916,4596,9512
20210711,9호선,샛강,1206,1250,2456
20210711,9호선,노량진,11051,11760,22811
20210711,9호선,노들,1937,1651,3588
20210711,9호선,흑석,2883,3040,5923
20210711,9호선,동작,859,677,1536
20210711,9호선,구반포,806,875,1681
20210711,9호선,신반포,1153,1194,2347
20210711,9호선,고속터미널,7002,8439,15441
20210711,9호선,사평,999,1072,2071
20210711,9호선,신논현,10914,10609,21523
20210717,9호선,신논현,17272,17185,34457
20210717,9호선,사평,1673,1567,3240
20210717,9호선,고속터미널,7913,11061,18974
20210717,9호선,신반포,1773,1682,3455
20210717,9호선,구반포,1344,1335,2679
20210717,9호선,동작,1064,860,1924
20210717,9호선,흑석,4028,4007,8035
20210717,9호선,노들,2445,2078,4523
20210717,9호선,노량진,16091,15511,31602
20210717,9호선,샛강,1798,1806,3604
20210717,9호선,여의도,6396,6075,12471
20210717,9호선,국회의사당,2328,2382,4710
20210717,9호선,당산,9022,8440,17462
20210717,9호선,선유도,2861,2707,5568
20210717,9호선,신목동,1757,1495,3252
20210717,9호선,염창,8403,7723,16126
20210717,9호선,등촌,5737,5616,11353
20210717,9호선,증미,3310,3228,6538
20210717,9호선,가양,10512,10106,20618
20210717,9호선,양천향교,4481,4397,8878
20210717,9호선,마곡나루,5229,5102,10331
20210717,9호선,신방화,3624,3519,7143
20210717,9호선,공항시장,1822,1925,3747
20210717,9호선,김포공항,6155,10006,16161
20210717,9호선,개화,1082,1007,2089
20210718,9호선,신논현,10029,9891,19920
20210718,9호선,사평,1054,1119,2173
20210718,9호선,고속터미널,6860,7785,14645
20210718,9호선,신반포,959,1012,1971
20210718,9호선,구반포,795,847,1642
20210718,9호선,동작,862,722,1584
20210718,9호선,흑석,2625,2823,5448
20210718,9호선,노들,1707,1530,3237
20210718,9호선,노량진,10454,11375,21829
20210718,9호선,샛강,1212,1264,2476
20210718,9호선,여의도,4558,4431,8989
20210718,9호선,국회의사당,1879,1919,3798
20210718,9호선,당산,5776,5797,11573
20210718,9호선,선유도,1942,1982,3924
20210718,9호선,신목동,1187,1064,2251
20210718,9호선,염창,5856,5824,11680
20210718,9호선,등촌,3722,4002,7724
20210718,9호선,증미,2133,2306,4439
20210718,9호선,가양,6985,7168,14153
20210718,9호선,양천향교,2996,3163,6159
20210718,9호선,마곡나루,3630,3812,7442
20210718,9호선,신방화,2492,2456,4948
20210718,9호선,공항시장,1285,1415,2700
20210718,9호선,김포공항,6158,8530,14688
20210718,9호선,개화,819,810,1629
20210724,9호선,김포공항,6283,9817,16100
20210724,9호선,공항시장,1775,2054,3829
20210724,9호선,신방화,3623,3542,7165
20210724,9호선,마곡나루,5250,5161,10411
20210724,9호선,양천향교,4450,4362,8812
20210724,9호선,가양,10306,9924,20230
20210724,9호선,증미,3384,3354,6738
20210724,9호선,등촌,5877,5727,11604
20210724,9호선,염창,8417,7892,16309
20210724,9호선,신목동,1661,1418,3079
20210724,9호선,선유도,2792,2663,5455
20210724,9호선,당산,8941,8466,17407
20210724,9호선,국회의사당,2293,2345,4638
20210724,9호선,여의도,7212,6497,13709
20210724,9호선,샛강,1876,1847,3723
20210724,9호선,노량진,16194,15800,31994
20210724,9호선,노들,2400,2029,4429
20210724,9호선,흑석,3866,3902,7768
20210724,9호선,동작,964,792,1756
20210724,9호선,구반포,1352,1379,2731
20210724,9호선,신반포,1779,1707,3486
20210724,9호선,고속터미널,8036,11262,19298
20210724,9호선,사평,1559,1505,3064
20210724,9호선,신논현,17759,17379,35138
20210724,9호선,개화,1066,985,2051
20210725,9호선,개화,775,788,1563
20210725,9호선,김포공항,6369,8514,14883
20210725,9호선,공항시장,1319,1456,2775
20210725,9호선,신방화,2483,2445,4928
20210725,9호선,마곡나루,3534,3739,7273
20210725,9호선,양천향교,2925,3230,6155
20210725,9호선,가양,6747,6899,13646
20210725,9호선,증미,1820,1866,3686
20210725,9호선,등촌,3774,3995,7769
20210725,9호선,염창,5854,5778,11632
20210725,9호선,신목동,1119,1060,2179
20210725,9호선,선유도,1923,1939,3862
20210725,9호선,당산,5840,5868,11708
20210725,9호선,국회의사당,2024,2023,4047
20210725,9호선,여의도,5340,4906,10246
20210725,9호선,샛강,1148,1174,2322
20210725,9호선,노량진,10496,11145,21641
20210725,9호선,노들,1665,1492,3157
20210725,9호선,흑석,2541,2716,5257
20210725,9호선,동작,736,605,1341
20210725,9호선,구반포,745,819,1564
20210725,9호선,신반포,922,930,1852
20210725,9호선,고속터미널,6645,8078,14723
20210725,9호선,사평,1096,1117,2213
20210725,9호선,신논현,10297,9941,20238
20210731,9호선,신논현,17617,17226,34843
20210731,9호선,사평,1571,1527,3098
20210731,9호선,고속터미널,8054,11373,19427
20210731,9호선,신반포,1617,1588,3205
20210731,9호선,구반포,1306,1337,2643
20210731,9호선,동작,978,804,1782
20210731,9호선,흑석,3689,3787,7476
20210731,9호선,노들,2428,2074,4502
20210731,9호선,노량진,15703,14969,30672
20210731,9호선,샛강,1716,1720,3436
20210731,9호선,여의도,7254,6755,14009
20210731,9호선,국회의사당,2254,2296,4550
20210731,9호선,당산,8960,8360,17320
20210731,9호선,선유도,2753,2727,5480
20210731,9호선,신목동,1626,1451,3077
20210731,9호선,염창,8250,7711,15961
20210731,9호선,등촌,5631,5492,11123
20210731,9호선,증미,3288,3251,6539
20210731,9호선,가양,10074,9747,19821
20210731,9호선,양천향교,4413,4279,8692
20210731,9호선,마곡나루,5001,4964,9965
20210731,9호선,신방화,3637,3536,7173
20210731,9호선,공항시장,1821,1917,3738
20210731,9호선,김포공항,6220,10228,16448
20210731,9호선,개화,1087,888,1975
20210801,9호선,신논현,10268,10072,20340
20210801,9호선,사평,1003,1051,2054
20210801,9호선,고속터미널,6436,7929,14365
20210801,9호선,신반포,906,918,1824
20210801,9호선,구반포,663,786,1449
20210801,9호선,동작,710,608,1318
20210801,9호선,흑석,2550,2651,5201
20210801,9호선,노들,1641,1422,3063
20210801,9호선,노량진,10253,11229,21482
20210801,9호선,샛강,1150,1195,2345
20210801,9호선,여의도,5344,4698,10042
20210801,9호선,국회의사당,2073,2064,4137
20210801,9호선,당산,6019,5909,11928
20210801,9호선,선유도,1796,1951,3747
20210801,9호선,신목동,1243,1113,2356
20210801,9호선,염창,5702,5784,11486
20210801,9호선,등촌,3648,3927,7575
20210801,9호선,증미,2274,2397,4671
20210801,9호선,가양,6607,6618,13225
20210801,9호선,양천향교,2938,3203,6141
20210801,9호선,마곡나루,3492,3507,6999
20210801,9호선,신방화,2516,2535,5051
20210801,9호선,공항시장,1244,1481,2725
20210801,9호선,김포공항,6155,9150,15305
20210801,9호선,개화,788,728,1516
20210807,9호선,개화,1095,1010,2105
20210807,9호선,김포공항,6242,10015,16257
20210807,9호선,공항시장,1839,1983,3822
20210807,9호선,신방화,3853,3749,7602
20210807,9호선,마곡나루,5722,5568,11290
20210807,9호선,양천향교,4547,4530,9077
20210807,9호선,가양,10557,10184,20741
20210807,9호선,증미,3486,3467,6953
20210807,9호선,등촌,6026,5817,11843
20210807,9호선,염창,8964,8233,17197
20210807,9호선,신목동,1704,1497,3201
20210807,9호선,선유도,2953,2875,5828
20210807,9호선,당산,9488,9046,18534
20210807,9호선,국회의사당,2446,2411,4857
20210807,9호선,여의도,7883,7450,15333
20210807,9호선,샛강,1839,1945,3784
20210807,9호선,노량진,16218,15851,32069
20210807,9호선,노들,2474,2224,4698
20210807,9호선,흑석,4072,4108,8180
20210807,9호선,동작,1060,857,1917
20210807,9호선,구반포,1242,1350,2592
20210807,9호선,신반포,1816,1689,3505
20210807,9호선,고속터미널,8480,11790,20270
20210807,9호선,사평,1670,1639,3309
20210807,9호선,신논현,18794,18640,37434
20210808,9호선,개화,918,827,1745
20210808,9호선,김포공항,6172,8875,15047
20210808,9호선,공항시장,1315,1533,2848
20210808,9호선,신방화,2527,2577,5104
20210808,9호선,마곡나루,3734,3941,7675
20210808,9호선,양천향교,3026,3226,6252
20210808,9호선,가양,6977,7057,14034
20210808,9호선,증미,1882,1934,3816
20210808,9호선,등촌,3831,3932,7763
20210808,9호선,염창,6010,6094,12104
20210808,9호선,신목동,1200,1057,2257
20210808,9호선,선유도,2028,2093,4121
20210808,9호선,당산,6242,6336,12578
20210808,9호선,국회의사당,2193,2121,4314
20210808,9호선,여의도,5859,5185,11044
20210808,9호선,샛강,1138,1192,2330
20210808,9호선,노량진,10568,11273,21841
20210808,9호선,노들,1683,1434,3117
20210808,9호선,흑석,2684,2925,5609
20210808,9호선,동작,765,645,1410
20210808,9호선,구반포,700,804,1504
20210808,9호선,신반포,919,1005,1924
20210808,9호선,고속터미널,6840,8420,15260
20210808,9호선,사평,1104,1102,2206
20210808,9호선,신논현,10967,10604,21571
20210814,9호선,신논현,19158,18585,37743
20210814,9호선,사평,1659,1620,3279
20210814,9호선,고속터미널,8713,13093,21806
20210814,9호선,신반포,1804,1700,3504
20210814,9호선,구반포,1327,1356,2683
20210814,9호선,동작,1195,974,2169
20210814,9호선,흑석,4308,4200,8508
20210814,9호선,노들,2601,2184,4785
20210814,9호선,노량진,16220,15478,31698
20210814,9호선,샛강,2016,1935,3951
20210814,9호선,여의도,7848,7347,15195
20210814,9호선,국회의사당,2537,2597,5134
20210814,9호선,당산,9553,8917,18470
20210814,9호선,선유도,3252,2976,6228
20210814,9호선,신목동,1778,1558,3336
20210814,9호선,염창,9135,8296,17431
20210814,9호선,등촌,6179,5860,12039
20210814,9호선,증미,3547,3466,7013
20210814,9호선,가양,10883,10166,21049
20210814,9호선,양천향교,4644,4482,9126
20210814,9호선,마곡나루,5978,5813,11791
20210814,9호선,신방화,3858,3719,7577
20210814,9호선,공항시장,1904,2016,3920
20210814,9호선,김포공항,6145,11742,17887
20210814,9호선,개화,1230,973,2203
20210815,9호선,신논현,11591,11460,23051
20210815,9호선,사평,1133,1146,2279
20210815,9호선,고속터미널,7023,8946,15969
20210815,9호선,신반포,1192,1234,2426
20210815,9호선,구반포,815,900,1715
20210815,9호선,동작,1165,986,2151
20210815,9호선,흑석,2884,2974,5858
20210815,9호선,노들,2004,1672,3676
20210815,9호선,노량진,11417,11897,23314
20210815,9호선,샛강,1229,1334,2563
20210815,9호선,여의도,6068,5846,11914
20210815,9호선,국회의사당,2454,2455,4909
20210815,9호선,당산,6589,6481,13070
20210815,9호선,선유도,2239,2224,4463
20210815,9호선,신목동,1283,1150,2433
20210815,9호선,염창,6548,6486,13034
20210815,9호선,등촌,4168,4227,8395
20210815,9호선,증미,2453,2497,4950
20210815,9호선,가양,7767,7572,15339
20210815,9호선,양천향교,3248,3269,6517
20210815,9호선,마곡나루,4195,4285,8480
20210815,9호선,신방화,2688,2617,5305
20210815,9호선,공항시장,1440,1576,3016
20210815,9호선,김포공항,6179,9483,15662
20210815,9호선,개화,957,906,1863
20210821,9호선,신논현,18305,18110,36415
20210821,9호선,사평,2051,1881,3932
20210821,9호선,고속터미널,7899,11395,19294
20210821,9호선,신반포,1761,1672,3433
20210821,9호선,구반포,1234,1310,2544
20210821,9호선,동작,976,785,1761
20210821,9호선,흑석,3967,3840,7807
20210821,9호선,노들,2391,2056,4447
20210821,9호선,노량진,16114,15464,31578
20210821,9호선,샛강,1743,1808,3551
20210821,9호선,여의도,8178,7589,15767
20210821,9호선,국회의사당,2585,2654,5239
20210821,9호선,당산,9203,8780,17983
20210821,9호선,선유도,2778,2709,5487
20210821,9호선,신목동,1613,1389,3002
20210821,9호선,염창,8321,7872,16193
20210821,9호선,등촌,5700,5464,11164
20210821,9호선,증미,3135,3223,6358
20210821,9호선,가양,9982,9606,19588
20210821,9호선,양천향교,4467,4375,8842
20210821,9호선,마곡나루,5412,5389,10801
20210821,9호선,신방화,3703,3556,7259
20210821,9호선,공항시장,1805,1856,3661
20210821,9호선,김포공항,5499,8362,13861
20210821,9호선,개화,1038,893,1931
20210822,9호선,개화,956,911,1867
20210822,9호선,김포공항,6197,9396,15593
20210822,9호선,공항시장,1444,1540,2984
20210822,9호선,신방화,2796,2735,5531
20210822,9호선,마곡나루,4332,4487,8819
20210822,9호선,양천향교,3413,3619,7032
20210822,9호선,가양,7956,7852,15808
20210822,9호선,증미,2067,2082,4149
20210822,9호선,등촌,4257,4351,8608
20210822,9호선,염창,6656,6576,13232
20210822,9호선,신목동,1396,1303,2699
20210822,9호선,선유도,2299,2300,4599
20210822,9호선,당산,6790,6839,13629
20210822,9호선,국회의사당,2647,2585,5232
20210822,9호선,여의도,6208,5921,12129
20210822,9호선,샛강,1242,1295,2537
20210822,9호선,노량진,11610,12286,23896
20210822,9호선,노들,1984,1736,3720
20210822,9호선,흑석,3088,3308,6396
20210822,9호선,동작,1044,850,1894
20210822,9호선,구반포,875,930,1805
20210822,9호선,신반포,1196,1231,2427
20210822,9호선,고속터미널,7377,9367,16744
20210822,9호선,사평,1140,1279,2419
20210822,9호선,신논현,12102,11774,23876
20210828,9호선,개화,1413,1171,2584
20210828,9호선,김포공항,6751,10978,17729
20210828,9호선,공항시장,1997,2155,4152
20210828,9호선,신방화,4062,4025,8087
20210828,9호선,마곡나루,6883,6882,13765
20210828,9호선,양천향교,5254,5110,10364
20210828,9호선,가양,11951,11214,23165
20210828,9호선,증미,3764,3627,7391
20210828,9호선,등촌,6690,6608,13298
20210828,9호선,염창,9780,9132,18912
20210828,9호선,신목동,2025,1677,3702
20210828,9호선,선유도,3378,3221,6599
20210828,9호선,당산,10577,9814,20391
20210828,9호선,국회의사당,3012,3094,6106
20210828,9호선,여의도,9074,9000,18074
20210828,9호선,샛강,2192,2194,4386
20210828,9호선,노량진,18145,17612,35757
20210828,9호선,노들,2897,2384,5281
20210828,9호선,흑석,4630,4653,9283
20210828,9호선,동작,1371,1052,2423
20210828,9호선,구반포,1532,1617,3149
20210828,9호선,신반포,2081,2032,4113
20210828,9호선,고속터미널,10106,13948,24054
20210828,9호선,사평,1854,1748,3602
20210828,9호선,신논현,21276,20932,42208
20210829,9호선,개화,942,867,1809
20210829,9호선,김포공항,6525,10141,16666
20210829,9호선,공항시장,1424,1620,3044
20210829,9호선,신방화,2875,2791,5666
20210829,9호선,마곡나루,4650,4805,9455
20210829,9호선,양천향교,3393,3643,7036
20210829,9호선,가양,8037,8195,16232
20210829,9호선,증미,2454,2501,4955
20210829,9호선,등촌,4576,4593,9169
20210829,9호선,염창,6871,6936,13807
20210829,9호선,신목동,1374,1246,2620
20210829,9호선,선유도,2282,2280,4562
20210829,9호선,당산,7150,6981,14131
20210829,9호선,국회의사당,2854,2827,5681
20210829,9호선,여의도,6468,6132,12600
20210829,9호선,샛강,1448,1391,2839
20210829,9호선,노량진,12069,12830,24899
20210829,9호선,노들,2013,1778,3791
20210829,9호선,흑석,3144,3277,6421
20210829,9호선,동작,969,801,1770
20210829,9호선,구반포,780,834,1614
20210829,9호선,신반포,1274,1278,2552
20210829,9호선,고속터미널,8146,9939,18085
20210829,9호선,사평,1206,1256,2462
20210829,9호선,신논현,12636,12125,24761
20210904,9호선,개화,1460,1202,2662
20210904,9호선,김포공항,6575,10712,17287
20210904,9호선,공항시장,1974,2125,4099
20210904,9호선,신방화,4196,4098,8294
20210904,9호선,마곡나루,6902,6922,13824
20210904,9호선,양천향교,5293,5220,10513
20210904,9호선,가양,12626,11708,24334
20210904,9호선,증미,3840,3719,7559
20210904,9호선,등촌,6853,6683,13536
20210904,9호선,염창,10303,9581,19884
20210904,9호선,신목동,2122,1794,3916
20210904,9호선,선유도,3714,3557,7271
20210904,9호선,당산,11312,10489,21801
20210904,9호선,국회의사당,3307,3347,6654
20210904,9호선,여의도,9748,9668,19416
20210904,9호선,샛강,2165,2273,4438
20210904,9호선,노량진,18974,18666,37640
20210904,9호선,노들,3143,2585,5728
20210904,9호선,흑석,5031,4999,10030
20210904,9호선,동작,1469,1201,2670
20210904,9호선,구반포,1573,1640,3213
20210904,9호선,신반포,2305,2270,4575
20210904,9호선,고속터미널,10817,14872,25689
20210904,9호선,사평,1896,1795,3691
20210904,9호선,신논현,21641,21223,42864
20210905,9호선,신논현,13001,12489,25490
20210905,9호선,사평,1243,1266,2509
20210905,9호선,고속터미널,8871,11073,19944
20210905,9호선,신반포,1393,1447,2840
20210905,9호선,구반포,859,912,1771
20210905,9호선,동작,1131,921,2052
20210905,9호선,흑석,3249,3396,6645
20210905,9호선,노들,2282,2026,4308
20210905,9호선,노량진,12855,13678,26533
20210905,9호선,샛강,1505,1481,2986
20210905,9호선,여의도,7043,6803,13846
20210905,9호선,국회의사당,3250,3150,6400
20210905,9호선,당산,7515,7593,15108
20210905,9호선,선유도,2590,2477,5067
20210905,9호선,신목동,1444,1354,2798
20210905,9호선,염창,7183,7184,14367
20210905,9호선,증미,2589,2584,5173
20210905,9호선,가양,8529,8627,17156
20210905,9호선,양천향교,3753,3858,7611
20210905,9호선,마곡나루,4781,4987,9768
20210905,9호선,신방화,3005,2870,5875
20210905,9호선,공항시장,1443,1669,3112
20210905,9호선,김포공항,6203,9682,15885
20210905,9호선,개화,1080,1079,2159
20210905,9호선,등촌,4442,4729,9171
20210911,9호선,개화,1401,1248,2649
20210911,9호선,김포공항,6701,10908,17609
20210911,9호선,공항시장,2143,2271,4414
20210911,9호선,신방화,4474,4184,8658
20210911,9호선,마곡나루,7233,7492,14725
20210911,9호선,양천향교,5307,5180,10487
20210911,9호선,가양,12727,12014,24741
20210911,9호선,증미,3932,3817,7749
20210911,9호선,등촌,7017,6866,13883
20210911,9호선,염창,10783,9860,20643
20210911,9호선,신목동,2166,1906,4072
20210911,9호선,선유도,3604,3566,7170
20210911,9호선,당산,11604,10789,22393
20210911,9호선,국회의사당,3409,3562,6971
20210911,9호선,여의도,9906,9713,19619
20210911,9호선,샛강,2201,2344,4545
20210911,9호선,노량진,19933,19581,39514
20210911,9호선,노들,3157,2729,5886
20210911,9호선,흑석,5065,5184,10249
20210911,9호선,동작,1605,1319,2924
20210911,9호선,구반포,1711,1877,3588
20210911,9호선,신반포,2434,2467,4901
20210911,9호선,고속터미널,11008,15555,26563
20210911,9호선,사평,1940,1820,3760
20210911,9호선,신논현,22473,21847,44320
20210912,9호선,신논현,13763,13025,26788
20210912,9호선,사평,1301,1341,2642
20210912,9호선,고속터미널,9142,11769,20911
20210912,9호선,신반포,1405,1458,2863
20210912,9호선,개화,1076,1028,2104
20210912,9호선,김포공항,6564,9734,16298
20210912,9호선,공항시장,1505,1655,3160
20210912,9호선,신방화,3104,3039,6143
20210912,9호선,마곡나루,5316,5309,10625
20210912,9호선,양천향교,3803,4055,7858
20210912,9호선,가양,8737,8709,17446
20210912,9호선,증미,2269,2354,4623
20210912,9호선,등촌,4707,4801,9508
20210912,9호선,염창,7550,7307,14857
20210912,9호선,신목동,1543,1425,2968
20210912,9호선,선유도,2958,2911,5869
20210912,9호선,당산,7850,7631,15481
20210912,9호선,국회의사당,3222,3244,6466
20210912,9호선,여의도,7589,6989,14578
20210912,9호선,샛강,1500,1544,3044
20210912,9호선,노량진,13150,14008,27158
20210912,9호선,노들,2393,2061,4454
20210912,9호선,흑석,3496,3656,7152
20210912,9호선,동작,1367,1158,2525
20210912,9호선,구반포,854,950,1804
20210918,9호선,개화,1382,1133,2515
20210918,9호선,김포공항,6151,13871,20022
20210918,9호선,공항시장,1940,2012,3952
20210918,9호선,신방화,4099,3828,7927
20210918,9호선,마곡나루,5842,5623,11465
20210918,9호선,양천향교,4888,4309,9197
20210918,9호선,가양,12189,10707,22896
20210918,9호선,증미,3852,3592,7444
20210918,9호선,등촌,6840,6267,13107
20210918,9호선,염창,9985,8617,18602
20210918,9호선,신목동,2063,1730,3793
20210918,9호선,선유도,3398,3123,6521
20210918,9호선,당산,10309,8918,19227
20210918,9호선,국회의사당,2611,2613,5224
20210918,9호선,여의도,8497,8162,16659
20210918,9호선,샛강,2235,2232,4467
20210918,9호선,노량진,18733,17062,35795
20210918,9호선,노들,2933,2451,5384
20210918,9호선,흑석,4842,4707,9549
20210918,9호선,동작,1109,839,1948
20210918,9호선,구반포,1397,1456,2853
20210918,9호선,신반포,2036,1959,3995
20210918,9호선,고속터미널,10214,22050,32264
20210918,9호선,사평,1948,1791,3739
20210918,9호선,신논현,20449,20109,40558
20210919,9호선,신논현,12166,11349,23515
20210919,9호선,사평,1200,1144,2344
20210919,9호선,고속터미널,7338,15878,23216
20210919,9호선,신반포,1188,1246,2434
20210919,9호선,구반포,749,793,1542
20210919,9호선,동작,828,638,1466
20210919,9호선,흑석,3128,3090,6218
20210919,9호선,노들,2277,1837,4114
20210919,9호선,노량진,12792,11607,24399
20210919,9호선,샛강,1321,1343,2664
20210919,9호선,여의도,6320,5889,12209
20210919,9호선,국회의사당,2352,2177,4529
20210919,9호선,당산,6574,5870,12444
20210919,9호선,선유도,2296,2106,4402
20210919,9호선,신목동,1397,1278,2675
20210919,9호선,염창,7096,6167,13263
20210919,9호선,등촌,4825,4443,9268
20210919,9호선,증미,2835,2532,5367
20210919,9호선,가양,8496,7663,16159
20210919,9호선,양천향교,3434,3024,6458
20210919,9호선,마곡나루,4014,3676,7690
20210919,9호선,신방화,2915,2668,5583
20210919,9호선,공항시장,1503,1518,3021
20210919,9호선,김포공항,5293,11406,16699
20210919,9호선,개화,1051,898,1949
20210925,9호선,신논현,21900,21875,43775
20210925,9호선,사평,1877,1769,3646
20210925,9호선,고속터미널,10937,14640,25577
20210925,9호선,신반포,2302,2228,4530
20210925,9호선,구반포,1454,1562,3016
20210925,9호선,동작,1335,1171,2506
20210925,9호선,흑석,5009,4978,9987
20210925,9호선,노들,3097,2737,5834
20210925,9호선,노량진,18561,18425,36986
20210925,9호선,샛강,2210,2296,4506
20210925,9호선,여의도,9528,9231,18759
20210925,9호선,국회의사당,3454,3647,7101
20210925,9호선,당산,10846,10368,21214
20210925,9호선,선유도,3478,3610,7088
20210925,9호선,신목동,2082,1801,3883
20210925,9호선,염창,10111,9732,19843
20210925,9호선,등촌,6599,6388,12987
20210925,9호선,증미,3615,3558,7173
20210925,9호선,가양,12136,11578,23714
20210925,9호선,양천향교,5135,5063,10198
20210925,9호선,마곡나루,7001,7139,14140
20210925,9호선,신방화,4190,3945,8135
20210925,9호선,공항시장,2051,2160,4211
20210925,9호선,김포공항,6971,10390,17361
20210925,9호선,개화,1372,1192,2564
20210926,9호선,신논현,12961,12730,25691
20210926,9호선,사평,1168,1273,2441
20210926,9호선,고속터미널,8659,11236,19895
20210926,9호선,신반포,1380,1458,2838
20210926,9호선,구반포,874,942,1816
20210926,9호선,동작,1089,935,2024
20210926,9호선,흑석,3294,3465,6759
20210926,9호선,노들,2568,2259,4827
20210926,9호선,노량진,12952,13633,26585
20210926,9호선,샛강,1452,1550,3002
20210926,9호선,여의도,6936,6506,13442
20210926,9호선,국회의사당,3265,3192,6457
20210926,9호선,당산,7546,7501,15047
20210926,9호선,선유도,2704,2646,5350
20210926,9호선,신목동,1512,1297,2809
20210926,9호선,염창,7175,7091,14266
20210926,9호선,등촌,4518,4529,9047
20210926,9호선,증미,2129,2155,4284
20210926,9호선,가양,8607,8555,17162
20210926,9호선,양천향교,3628,3841,7469
20210926,9호선,마곡나루,4909,5111,10020
20210926,9호선,신방화,2855,2863,5718
20210926,9호선,공항시장,1579,1661,3240
20210926,9호선,김포공항,6525,9324,15849
20210926,9호선,개화,1040,992,2032
20211002,9호선,개화,1462,1198,2660
20211002,9호선,김포공항,6845,12880,19725
20211002,9호선,공항시장,2139,2264,4403
20211002,9호선,신방화,4300,4109,8409
20211002,9호선,마곡나루,7284,7135,14419
20211002,9호선,양천향교,5442,5204,10646
20211002,9호선,가양,13112,12218,25330
20211002,9호선,증미,3775,3552,7327
20211002,9호선,등촌,7015,6734,13749
20211002,9호선,염창,10885,9975,20860
20211002,9호선,신목동,2220,1844,4064
20211002,9호선,선유도,3923,3725,7648
20211002,9호선,당산,11790,10985,22775
20211002,9호선,국회의사당,3597,3750,7347
20211002,9호선,여의도,10475,10030,20505
20211002,9호선,샛강,2247,2356,4603
20211002,9호선,노량진,20274,19652,39926
20211002,9호선,노들,3334,2837,6171
20211002,9호선,흑석,5108,5110,10218
20211002,9호선,동작,1464,1216,2680
20211002,9호선,구반포,1553,1633,3186
20211002,9호선,신반포,2437,2338,4775
20211002,9호선,고속터미널,11669,16708,28377
20211002,9호선,사평,2025,1852,3877
20211002,9호선,신논현,22811,22032,44843
20211003,9호선,개화,1152,1090,2242
20211003,9호선,김포공항,6479,10464,16943
20211003,9호선,공항시장,1651,1741,3392
20211003,9호선,신방화,3293,3147,6440
20211003,9호선,마곡나루,5616,5664,11280
20211003,9호선,양천향교,3927,4024,7951
20211003,9호선,가양,9324,9122,18446
20211003,9호선,증미,2836,2772,5608
20211003,9호선,등촌,5072,4956,10028
20211003,9호선,염창,7931,7666,15597
20211003,9호선,신목동,1605,1441,3046
20211003,9호선,선유도,2961,2913,5874
20211003,9호선,당산,8364,7903,16267
20211003,9호선,국회의사당,3575,3550,7125
20211003,9호선,여의도,8145,7656,15801
20211003,9호선,샛강,1558,1528,3086
20211003,9호선,노량진,14314,14684,28998
20211003,9호선,노들,2675,2350,5025
20211003,9호선,흑석,3652,3714,7366
20211003,9호선,동작,1183,964,2147
20211003,9호선,구반포,1056,1184,2240
20211003,9호선,신반포,1554,1603,3157
20211003,9호선,고속터미널,8869,12115,20984
20211003,9호선,사평,1277,1283,2560
20211003,9호선,신논현,14338,13618,27956
20211009,9호선,개화,1484,1253,2737
20211009,9호선,김포공항,7541,13036,20577
20211009,9호선,공항시장,2040,2075,4115
20211009,9호선,신방화,4132,3837,7969
20211009,9호선,마곡나루,7341,7381,14722
20211009,9호선,양천향교,5156,4861,10017
20211009,9호선,가양,12000,11132,23132
20211009,9호선,증미,3560,3399,6959
20211009,9호선,등촌,6319,5969,12288
20211009,9호선,염창,10503,9322,19825
20211009,9호선,신목동,2282,1915,4197
20211009,9호선,선유도,3604,3423,7027
20211009,9호선,당산,10963,10222,21185
20211009,9호선,국회의사당,3528,3725,7253
20211009,9호선,여의도,10359,10143,20502
20211009,9호선,샛강,2113,2239,4352
20211009,9호선,노량진,19222,18703,37925
20211009,9호선,노들,3140,2601,5741
20211009,9호선,흑석,4506,4437,8943
20211009,9호선,동작,1348,1165,2513
20211009,9호선,구반포,1640,1790,3430
20211009,9호선,신반포,2005,1923,3928
20211009,9호선,고속터미널,11202,17452,28654
20211009,9호선,사평,1723,1593,3316
20211009,9호선,신논현,19896,19049,38945
20211010,9호선,신논현,13958,13330,27288
20211010,9호선,사평,1271,1247,2518
20211010,9호선,고속터미널,8321,11633,19954
20211010,9호선,신반포,1327,1355,2682
20211010,9호선,구반포,930,985,1915
20211010,9호선,동작,944,800,1744
20211010,9호선,흑석,3342,3487,6829
20211010,9호선,노들,2151,1892,4043
20211010,9호선,노량진,13260,13764,27024
20211010,9호선,샛강,1448,1554,3002
20211010,9호선,여의도,9163,7722,16885
20211010,9호선,국회의사당,3376,3530,6906
20211010,9호선,당산,7854,7614,15468
20211010,9호선,선유도,2548,2562,5110
20211010,9호선,신목동,1497,1352,2849
20211010,9호선,염창,7508,7319,14827
20211010,9호선,등촌,4585,4634,9219
20211010,9호선,증미,2221,2259,4480
20211010,9호선,가양,8551,8262,16813
20211010,9호선,양천향교,3795,3754,7549
20211010,9호선,마곡나루,5217,5141,10358
20211010,9호선,신방화,2918,2968,5886
20211010,9호선,공항시장,1522,1693,3215
20211010,9호선,김포공항,6773,11495,18268
20211010,9호선,개화,1091,968,2059
20211016,9호선,개화,1505,1336,2841
20211016,9호선,김포공항,7660,12387,20047
20211016,9호선,공항시장,2230,2327,4557
20211016,9호선,신방화,4596,4333,8929
20211016,9호선,마곡나루,7720,7573,15293
20211016,9호선,양천향교,5746,5592,11338
20211016,9호선,가양,13562,12868,26430
20211016,9호선,증미,3977,3899,7876
20211016,9호선,등촌,7082,6948,14030
20211016,9호선,염창,11019,10298,21317
20211016,9호선,신목동,2240,1960,4200
20211016,9호선,선유도,3796,3755,7551
20211016,9호선,당산,12360,11589,23949
20211016,9호선,국회의사당,3965,4303,8268
20211016,9호선,여의도,11848,10474,22322
20211016,9호선,샛강,2379,2574,4953
20211016,9호선,노량진,20898,20087,40985
20211016,9호선,노들,3159,2844,6003
20211016,9호선,흑석,5109,5135,10244
20211016,9호선,동작,1346,1141,2487
20211016,9호선,구반포,1676,1765,3441
20211016,9호선,신반포,2433,2508,4941
20211016,9호선,고속터미널,11424,16684,28108
20211016,9호선,사평,2382,2322,4704
20211016,9호선,신논현,24152,23216,47368
20211017,9호선,당산,8131,7982,16113
20211017,9호선,개화,1071,987,2058
20211017,9호선,김포공항,6912,10749,17661
20211017,9호선,공항시장,1558,1672,3230
20211017,9호선,신방화,3078,3056,6134
20211017,9호선,마곡나루,5126,5195,10321
20211017,9호선,양천향교,3949,4089,8038
20211017,9호선,가양,8918,8690,17608
20211017,9호선,증미,2502,2553,5055
20211017,9호선,등촌,4602,4760,9362
20211017,9호선,염창,7556,7349,14905
20211017,9호선,신목동,1527,1409,2936
20211017,9호선,선유도,2613,2574,5187
20211017,9호선,국회의사당,3790,3707,7497
20211017,9호선,여의도,8066,7168,15234
20211017,9호선,샛강,1591,1566,3157
20211017,9호선,노량진,13439,14118,27557
20211017,9호선,노들,2340,2027,4367
20211017,9호선,흑석,3331,3432,6763
20211017,9호선,동작,1050,854,1904
20211017,9호선,구반포,818,882,1700
20211017,9호선,신반포,1425,1466,2891
20211017,9호선,고속터미널,8870,11823,20693
20211017,9호선,사평,1308,1382,2690
20211017,9호선,신논현,13358,12949,26307
20211023,9호선,신논현,25082,24415,49497
20211023,9호선,사평,2201,2046,4247
20211023,9호선,고속터미널,12117,17484,29601
20211023,9호선,신반포,2701,2519,5220
20211023,9호선,구반포,1659,1757,3416
20211023,9호선,동작,1492,1259,2751
20211023,9호선,흑석,5625,5490,11115
20211023,9호선,노들,3311,2830,6141
20211023,9호선,노량진,21292,20717,42009
20211023,9호선,샛강,2444,2520,4964
20211023,9호선,여의도,11535,11238,22773
20211023,9호선,국회의사당,3932,4156,8088
20211023,9호선,당산,12588,12032,24620
20211023,9호선,선유도,4003,3788,7791
20211023,9호선,신목동,2372,2057,4429
20211023,9호선,염창,11705,10780,22485
20211023,9호선,등촌,7280,7045,14325
20211023,9호선,증미,3999,3870,7869
20211023,9호선,가양,14236,13453,27689
20211023,9호선,양천향교,5846,5668,11514
20211023,9호선,마곡나루,7979,7992,15971
20211023,9호선,신방화,4673,4504,9177
20211023,9호선,공항시장,2121,2286,4407
20211023,9호선,김포공항,7935,12714,20649
20211023,9호선,개화,1586,1340,2926
20211024,9호선,개화,1229,1122,2351
20211024,9호선,김포공항,7248,11702,18950
20211024,9호선,공항시장,1675,1913,3588
20211024,9호선,신방화,3296,3182,6478
20211024,9호선,마곡나루,5639,5786,11425
20211024,9호선,양천향교,4191,4358,8549
20211024,9호선,가양,9792,9897,19689
20211024,9호선,증미,2360,2336,4696
20211024,9호선,등촌,4994,5001,9995
20211024,9호선,염창,8188,8178,16366
20211024,9호선,신목동,1672,1529,3201
20211024,9호선,선유도,2920,2842,5762
20211024,9호선,당산,8548,8561,17109
20211024,9호선,국회의사당,4050,3974,8024
20211024,9호선,여의도,8537,7824,16361
20211024,9호선,샛강,1603,1642,3245
20211024,9호선,노량진,14200,15247,29447
20211024,9호선,노들,2450,2244,4694
20211024,9호선,흑석,3529,3637,7166
20211024,9호선,동작,1122,1003,2125
20211024,9호선,신반포,1543,1668,3211
20211024,9호선,고속터미널,9919,13239,23158
20211024,9호선,사평,1399,1436,2835
20211024,9호선,신논현,14608,13624,28232
20211024,9호선,구반포,947,981,1928
20211030,9호선,신논현,25609,25052,50661
20211030,9호선,사평,2217,2067,4284
20211030,9호선,고속터미널,12396,17855,30251
20211030,9호선,신반포,2511,2557,5068
20211030,9호선,구반포,1719,1782,3501
20211030,9호선,동작,1645,1327,2972
20211030,9호선,흑석,5557,5564,11121
20211030,9호선,노들,3383,2888,6271
20211030,9호선,노량진,21559,21312,42871
20211030,9호선,샛강,2516,2565,5081
20211030,9호선,여의도,11503,10924,22427
20211030,9호선,국회의사당,4216,4403,8619
20211030,9호선,당산,12812,12135,24947
20211030,9호선,선유도,4028,4092,8120
20211030,9호선,신목동,2633,2211,4844
20211030,9호선,염창,12233,10977,23210
20211030,9호선,등촌,7522,7161,14683
20211030,9호선,증미,4343,4260,8603
20211030,9호선,가양,14087,13286,27373
20211030,9호선,양천향교,5823,5630,11453
20211030,9호선,마곡나루,8562,8301,16863
20211030,9호선,신방화,4726,4424,9150
20211030,9호선,공항시장,2317,2465,4782
20211030,9호선,김포공항,7899,12421,20320
20211030,9호선,개화,1571,1327,2898
20211031,9호선,증미,3295,3367,6662
20211031,9호선,신논현,15830,15007,30837
20211031,9호선,사평,1431,1518,2949
20211031,9호선,고속터미널,10200,13597,23797
20211031,9호선,신반포,1783,1810,3593
20211031,9호선,구반포,815,841,1656
20211031,9호선,동작,1235,1025,2260
20211031,9호선,흑석,3895,4083,7978
20211031,9호선,노들,2636,2308,4944
20211031,9호선,노량진,14525,15405,29930
20211031,9호선,샛강,1826,1809,3635
20211031,9호선,여의도,8341,7886,16227
20211031,9호선,국회의사당,4818,4550,9368
20211031,9호선,당산,9003,8881,17884
20211031,9호선,선유도,3021,2955,5976
20211031,9호선,신목동,1815,1641,3456
20211031,9호선,염창,8511,8464,16975
20211031,9호선,등촌,5157,5280,10437
20211031,9호선,가양,10149,9943,20092
20211031,9호선,양천향교,4235,4517,8752
20211031,9호선,마곡나루,6173,5975,12148
20211031,9호선,신방화,3521,3369,6890
20211031,9호선,공항시장,1823,1945,3768
20211031,9호선,김포공항,7164,11649,18813
20211031,9호선,개화,1175,1094,2269
20211106,9호선,개화,1589,1368,2957
20211106,9호선,김포공항,8350,12857,21207
20211106,9호선,공항시장,2374,2430,4804
20211106,9호선,신방화,4995,4583,9578
20211106,9호선,마곡나루,8663,8413,17076
20211106,9호선,양천향교,6111,5749,11860
20211106,9호선,가양,14878,13920,28798
20211106,9호선,증미,4013,3772,7785
20211106,9호선,등촌,7509,7261,14770
20211106,9호선,염창,12306,11081,23387
20211106,9호선,신목동,2704,2285,4989
20211106,9호선,선유도,4132,3924,8056
20211106,9호선,당산,12912,11920,24832
20211106,9호선,국회의사당,4418,4709,9127
20211106,9호선,여의도,11999,11344,23343
20211106,9호선,샛강,2595,2644,5239
20211106,9호선,노량진,21813,21381,43194
20211106,9호선,노들,3377,2771,6148
20211106,9호선,흑석,5515,5558,11073
20211106,9호선,동작,1780,1546,3326
20211106,9호선,구반포,1664,1801,3465
20211106,9호선,신반포,2720,2601,5321
20211106,9호선,고속터미널,12598,18496,31094
20211106,9호선,사평,2303,2123,4426
20211106,9호선,신논현,26036,26386,52422
20211107,9호선,신논현,16024,15215,31239
20211107,9호선,사평,1580,1621,3201
20211107,9호선,고속터미널,10620,14490,25110
20211107,9호선,신반포,1861,1891,3752
20211107,9호선,구반포,1062,1152,2214
20211107,9호선,동작,1507,1261,2768
20211107,9호선,흑석,3945,4089,8034
20211107,9호선,노들,2655,2300,4955
20211107,9호선,노량진,15062,16048,31110
20211107,9호선,샛강,1697,1729,3426
20211107,9호선,여의도,8631,7899,16530
20211107,9호선,국회의사당,5031,4779,9810
20211107,9호선,당산,9304,8939,18243
20211107,9호선,선유도,2920,2950,5870
20211107,9호선,신목동,1869,1630,3499
20211107,9호선,염창,8887,8827,17714
20211107,9호선,등촌,5266,5286,10552
20211107,9호선,증미,2884,2930,5814
20211107,9호선,가양,10640,10618,21258
20211107,9호선,양천향교,4213,4553,8766
20211107,9호선,마곡나루,6009,6145,12154
20211107,9호선,신방화,3420,3442,6862
20211107,9호선,공항시장,1786,1934,3720
20211107,9호선,김포공항,7343,11781,19124
20211107,9호선,개화,1265,1171,2436
20211113,9호선,신논현,26240,26723,52963
20211113,9호선,사평,2381,2178,4559
20211113,9호선,고속터미널,12773,19090,31863
20211113,9호선,신반포,2547,2520,5067
20211113,9호선,구반포,1516,1535,3051
20211113,9호선,동작,1567,1345,2912
20211113,9호선,흑석,5779,5767,11546
20211113,9호선,노들,3335,2742,6077
20211113,9호선,노량진,21809,21508,43317
20211113,9호선,샛강,2646,2611,5257
20211113,9호선,여의도,12090,11324,23414
20211113,9호선,국회의사당,4667,4711,9378
20211113,9호선,당산,13013,12129,25142
20211113,9호선,선유도,4013,3841,7854
20211113,9호선,신목동,2554,2121,4675
20211113,9호선,염창,12253,11061,23314
20211113,9호선,등촌,7366,6960,14326
20211113,9호선,증미,4121,3878,7999
20211113,9호선,가양,14947,13747,28694
20211113,9호선,양천향교,5943,5544,11487
20211113,9호선,마곡나루,8348,8213,16561
20211113,9호선,신방화,4718,4329,9047
20211113,9호선,공항시장,2409,2456,4865
20211113,9호선,김포공항,8070,13050,21120
20211113,9호선,개화,1565,1267,2832
20211114,9호선,신논현,15775,15094,30869
20211114,9호선,사평,1398,1501,2899
20211114,9호선,고속터미널,10506,14206,24712
20211114,9호선,신반포,1570,1745,3315
20211114,9호선,구반포,934,955,1889
20211114,9호선,동작,1281,1071,2352
20211114,9호선,흑석,3768,3990,7758
20211114,9호선,노들,2529,2290,4819
20211114,9호선,노량진,14421,15407,29828
20211114,9호선,샛강,1613,1599,3212
20211114,9호선,여의도,8956,8082,17038
20211114,9호선,국회의사당,4753,4524,9277
20211114,9호선,당산,9007,8801,17808
20211114,9호선,선유도,2894,2905,5799
20211114,9호선,신목동,1666,1516,3182
20211114,9호선,염창,8563,8514,17077
20211114,9호선,등촌,5110,5283,10393
20211114,9호선,증미,2519,2460,4979
20211114,9호선,가양,10162,10011,20173
20211114,9호선,양천향교,4244,4423,8667
20211114,9호선,마곡나루,6035,5989,12024
20211114,9호선,신방화,3316,3347,6663
20211114,9호선,공항시장,1776,1956,3732
20211114,9호선,김포공항,7430,11761,19191
20211114,9호선,개화,1183,1011,2194
20211120,9호선,신논현,26436,27464,53900
20211120,9호선,사평,2163,2043,4206
20211120,9호선,고속터미널,13136,18984,32120
20211120,9호선,신반포,2691,2620,5311
20211120,9호선,구반포,1644,1799,3443
20211120,9호선,동작,1499,1275,2774
20211120,9호선,흑석,5649,5704,11353
20211120,9호선,노들,3284,2749,6033
20211120,9호선,노량진,21566,21101,42667
20211120,9호선,샛강,2652,2677,5329
20211120,9호선,여의도,12600,11523,24123
20211120,9호선,국회의사당,5017,5212,10229
20211120,9호선,당산,13113,12153,25266
20211120,9호선,선유도,3778,3605,7383
20211120,9호선,신목동,2466,2110,4576
20211120,9호선,염창,12225,11088,23313
20211120,9호선,등촌,7513,7048,14561
20211120,9호선,증미,4064,3836,7900
20211120,9호선,가양,13883,12977,26860
20211120,9호선,양천향교,6126,5629,11755
20211120,9호선,마곡나루,8223,8067,16290
20211120,9호선,신방화,4794,4409,9203
20211120,9호선,공항시장,2332,2293,4625
20211120,9호선,김포공항,8103,13071,21174
20211120,9호선,개화,1450,1212,2662
20211121,9호선,신논현,16398,15425,31823
20211121,9호선,사평,1426,1503,2929
20211121,9호선,고속터미널,10670,14419,25089
20211121,9호선,신반포,1621,1786,3407
20211121,9호선,구반포,691,747,1438
20211121,9호선,동작,1052,892,1944
20211121,9호선,흑석,3772,3920,7692
20211121,9호선,노들,2470,2135,4605
20211121,9호선,노량진,14502,15223,29725
20211121,9호선,샛강,1584,1588,3172
20211121,9호선,여의도,9064,7987,17051
20211121,9호선,국회의사당,5089,4641,9730
20211121,9호선,당산,8974,8773,17747
20211121,9호선,선유도,2726,2637,5363
20211121,9호선,신목동,1670,1526,3196
20211121,9호선,염창,8264,8280,16544
20211121,9호선,등촌,4997,5223,10220
20211121,9호선,증미,2821,2881,5702
20211121,9호선,가양,10106,10035,20141
20211121,9호선,양천향교,4069,4389,8458
20211121,9호선,마곡나루,5417,5456,10873
20211121,9호선,신방화,3365,3361,6726
20211121,9호선,공항시장,1628,1846,3474
20211121,9호선,김포공항,7364,11440,18804
20211121,9호선,개화,1009,981,1990
20211127,9호선,개화,1508,1213,2721
20211127,9호선,김포공항,8417,13259,21676
20211127,9호선,공항시장,2233,2336,4569
20211127,9호선,신방화,4835,4614,9449
20211127,9호선,마곡나루,8284,8121,16405
20211127,9호선,양천향교,5886,5439,11325
20211127,9호선,가양,13950,12910,26860
20211127,9호선,증미,3853,3755,7608
20211127,9호선,등촌,7593,7152,14745
20211127,9호선,염창,12128,11003,23131
20211127,9호선,신목동,2561,2091,4652
20211127,9호선,선유도,4074,3924,7998
20211127,9호선,당산,13509,12572,26081
20211127,9호선,국회의사당,5028,5076,10104
20211127,9호선,여의도,13272,11899,25171
20211127,9호선,샛강,2947,2798,5745
20211127,9호선,노량진,20573,20107,40680
20211127,9호선,노들,3383,2831,6214
20211127,9호선,흑석,10788,9638,20426
20211127,9호선,동작,1549,1321,2870
20211127,9호선,구반포,1594,1697,3291
20211127,9호선,신반포,2728,2625,5353
20211127,9호선,고속터미널,12971,19106,32077
20211127,9호선,사평,2251,2168,4419
20211127,9호선,신논현,26680,27664,54344
20211128,9호선,개화,1082,984,2066
20211128,9호선,김포공항,7373,11470,18843
20211128,9호선,공항시장,1630,1813,3443
20211128,9호선,신방화,3263,3314,6577
20211128,9호선,마곡나루,5911,5787,11698
20211128,9호선,양천향교,4060,4145,8205
20211128,9호선,가양,9915,9807,19722
20211128,9호선,증미,2385,2433,4818
20211128,9호선,등촌,5155,5255,10410
20211128,9호선,염창,8579,8511,17090
20211128,9호선,신목동,1922,1662,3584
20211128,9호선,선유도,2907,2799,5706
20211128,9호선,당산,8786,8858,17644
20211128,9호선,국회의사당,4992,4676,9668
20211128,9호선,여의도,9360,8243,17603
20211128,9호선,샛강,1657,1714,3371
20211128,9호선,노량진,14046,15241,29287
20211128,9호선,노들,2573,2209,4782
20211128,9호선,흑석,7247,6694,13941
20211128,9호선,동작,1215,1094,2309
20211128,9호선,구반포,810,913,1723
20211128,9호선,신반포,1679,1736,3415
20211128,9호선,고속터미널,10445,14405,24850
20211128,9호선,사평,1623,1637,3260
20211128,9호선,신논현,15860,15563,31423
20211204,9호선,개화,1354,1161,2515
20211204,9호선,김포공항,7328,11766,19094
20211204,9호선,공항시장,2221,2230,4451
20211204,9호선,신방화,4516,4297,8813
20211204,9호선,마곡나루,7670,7414,15084
20211204,9호선,양천향교,5807,5441,11248
20211204,9호선,가양,13667,12656,26323
20211204,9호선,증미,3897,3722,7619
20211204,9호선,등촌,7153,6794,13947
20211204,9호선,염창,11395,10364,21759
20211204,9호선,신목동,2240,1901,4141
20211204,9호선,선유도,3716,3599,7315
20211204,9호선,당산,12329,11605,23934
20211204,9호선,국회의사당,4909,4954,9863
20211204,9호선,여의도,10925,10348,21273
20211204,9호선,샛강,2476,2689,5165
20211204,9호선,노량진,20002,19401,39403
20211204,9호선,노들,3124,2562,5686
20211204,9호선,흑석,5617,5569,11186
20211204,9호선,동작,1361,1153,2514
20211204,9호선,구반포,1238,1330,2568
20211204,9호선,신반포,2554,2416,4970
20211204,9호선,고속터미널,11578,16928,28506
20211204,9호선,사평,2005,1862,3867
20211204,9호선,신논현,24924,25870,50794
20211205,9호선,개화,982,940,1922
20211205,9호선,김포공항,6862,10315,17177
20211205,9호선,공항시장,1735,1867,3602
20211205,9호선,신방화,3274,3234,6508
20211205,9호선,마곡나루,5319,5466,10785
20211205,9호선,양천향교,4024,4301,8325
20211205,9호선,가양,9633,9524,19157
20211205,9호선,증미,2694,2836,5530
20211205,9호선,등촌,4949,4986,9935
20211205,9호선,염창,7952,7825,15777
20211205,9호선,신목동,1645,1474,3119
20211205,9호선,선유도,2630,2607,5237
20211205,9호선,당산,8350,8324,16674
20211205,9호선,국회의사당,4651,4387,9038
20211205,9호선,여의도,7441,6795,14236
20211205,9호선,샛강,1464,1598,3062
20211205,9호선,노량진,12908,13644,26552
20211205,9호선,노들,2361,2106,4467
20211205,9호선,흑석,3998,4012,8010
20211205,9호선,동작,1029,835,1864
20211205,9호선,구반포,681,659,1340
20211205,9호선,신반포,1455,1536,2991
20211205,9호선,고속터미널,9077,12475,21552
20211205,9호선,사평,1376,1431,2807
20211205,9호선,신논현,14557,13836,28393
20211211,9호선,신논현,24313,25083,49396
20211211,9호선,사평,2013,1894,3907
20211211,9호선,고속터미널,11255,15600,26855
20211211,9호선,신반포,2378,2265,4643
20211211,9호선,구반포,1324,1294,2618
20211211,9호선,동작,1365,1159,2524
20211211,9호선,흑석,5108,5100,10208
20211211,9호선,노들,2911,2419,5330
20211211,9호선,노량진,19756,18702,38458
20211211,9호선,샛강,2256,2278,4534
20211211,9호선,여의도,10514,9829,20343
20211211,9호선,국회의사당,4282,4454,8736
20211211,9호선,당산,12103,11229,23332
20211211,9호선,선유도,3710,3362,7072
20211211,9호선,신목동,2204,1805,4009
20211211,9호선,염창,11182,10081,21263
20211211,9호선,등촌,6854,6652,13506
20211211,9호선,증미,3757,3675,7432
20211211,9호선,가양,13130,12191,25321
20211211,9호선,양천향교,5722,5367,11089
20211211,9호선,마곡나루,7530,7465,14995
20211211,9호선,신방화,4390,4044,8434
20211211,9호선,공항시장,2118,2220,4338
20211211,9호선,김포공항,6810,11294,18104
20211211,9호선,개화,1309,1179,2488
20211212,9호선,개화,915,837,1752
20211212,9호선,김포공항,6622,10078,16700
20211212,9호선,공항시장,1586,1692,3278
20211212,9호선,신방화,3123,3126,6249
20211212,9호선,마곡나루,5200,5118,10318
20211212,9호선,양천향교,3751,4062,7813
20211212,9호선,가양,9002,8871,17873
20211212,9호선,증미,2408,2415,4823
20211212,9호선,등촌,4819,4988,9807
20211212,9호선,염창,7546,7486,15032
20211212,9호선,신목동,1478,1384,2862
20211212,9호선,선유도,2555,2623,5178
20211212,9호선,당산,8371,8249,16620
20211212,9호선,국회의사당,4573,4325,8898
20211212,9호선,여의도,7865,7073,14938
20211212,9호선,샛강,1508,1614,3122
20211212,9호선,노량진,13020,13882,26902
20211212,9호선,노들,2271,1931,4202
20211212,9호선,흑석,3231,3443,6674
20211212,9호선,동작,1100,924,2024
20211212,9호선,구반포,667,732,1399
20211212,9호선,신반포,1395,1517,2912
20211212,9호선,고속터미널,8717,11453,20170
20211212,9호선,사평,1287,1458,2745
20211212,9호선,신논현,14803,14189,28992
20211218,9호선,신논현,25854,24234,50088
20211218,9호선,사평,2311,2268,4579
20211218,9호선,고속터미널,11373,15732,27105
20211218,9호선,신반포,2509,2356,4865
20211218,9호선,구반포,1377,1276,2653
20211218,9호선,동작,1233,1021,2254
20211218,9호선,흑석,5174,5376,10550
20211218,9호선,노들,2966,2754,5720
20211218,9호선,노량진,20094,18941,39035
20211218,9호선,샛강,2449,2436,4885
20211218,9호선,여의도,11942,10611,22553
20211218,9호선,국회의사당,5079,5138,10217
20211218,9호선,당산,12143,11503,23646
20211218,9호선,선유도,4001,3860,7861
20211218,9호선,신목동,2116,1983,4099
20211218,9호선,염창,11023,10718,21741
20211218,9호선,등촌,7295,7165,14460
20211218,9호선,증미,3964,3926,7890
20211218,9호선,가양,13359,12780,26139
20211218,9호선,양천향교,5740,5626,11366
20211218,9호선,마곡나루,7411,7304,14715
20211218,9호선,신방화,4537,4517,9054
20211218,9호선,공항시장,2078,2275,4353
20211218,9호선,김포공항,8113,12698,20811
20211218,9호선,개화,1208,945,2153
20211219,9호선,개화,850,861,1711
20211219,9호선,김포공항,7588,11978,19566
20211219,9호선,공항시장,1675,1829,3504
20211219,9호선,신방화,3223,3269,6492
20211219,9호선,마곡나루,5490,5350,10840
20211219,9호선,양천향교,3849,4224,8073
20211219,9호선,가양,9534,9456,18990
20211219,9호선,증미,2894,2928,5822
20211219,9호선,등촌,5029,5144,10173
20211219,9호선,염창,7971,7928,15899
20211219,9호선,신목동,1594,1481,3075
20211219,9호선,선유도,2567,2601,5168
20211219,9호선,당산,8510,8491,17001
20211219,9호선,국회의사당,4247,4008,8255
20211219,9호선,여의도,8382,7700,16082
20211219,9호선,샛강,1495,1648,3143
20211219,9호선,노량진,13508,14095,27603
20211219,9호선,노들,2302,2019,4321
20211219,9호선,흑석,3409,3540,6949
20211219,9호선,동작,978,807,1785
20211219,9호선,구반포,550,540,1090
20211219,9호선,신반포,1588,1670,3258
20211219,9호선,고속터미널,8945,12128,21073
20211219,9호선,사평,1515,1590,3105
20211219,9호선,신논현,15070,14395,29465
20211225,9호선,신논현,17572,16342,33914
20211225,9호선,사평,1560,1529,3089
20211225,9호선,고속터미널,8505,12528,21033
20211225,9호선,신반포,1497,1542,3039
20211225,9호선,구반포,655,643,1298
20211225,9호선,동작,997,736,1733
20211225,9호선,흑석,3619,3921,7540
20211225,9호선,노들,2388,2146,4534
20211225,9호선,노량진,16448,15931,32379
20211225,9호선,샛강,1718,1737,3455
20211225,9호선,여의도,9913,8677,18590
20211225,9호선,국회의사당,3766,3733,7499
20211225,9호선,당산,8948,8571,17519
20211225,9호선,선유도,2846,2698,5544
20211225,9호선,신목동,1603,1404,3007
20211225,9호선,염창,8497,8089,16586
20211225,9호선,등촌,5440,5329,10769
20211225,9호선,증미,3108,3299,6407
20211225,9호선,가양,9989,9554,19543
20211225,9호선,양천향교,4391,4158,8549
20211225,9호선,마곡나루,5674,5465,11139
20211225,9호선,신방화,3583,3526,7109
20211225,9호선,공항시장,1799,1889,3688
20211225,9호선,김포공항,7123,10893,18016
20211225,9호선,개화,984,845,1829
20211226,9호선,신논현,13516,12405,25921
20211226,9호선,사평,1235,1333,2568
20211226,9호선,고속터미널,8216,10720,18936
20211226,9호선,신반포,1237,1308,2545
20211226,9호선,구반포,668,580,1248
20211226,9호선,동작,840,672,1512
20211226,9호선,흑석,3022,3241,6263
20211226,9호선,노들,2038,1813,3851
20211226,9호선,노량진,11927,12874,24801
20211226,9호선,샛강,1279,1344,2623
20211226,9호선,여의도,7666,6731,14397
20211226,9호선,국회의사당,3788,3530,7318
20211226,9호선,당산,7224,7372,14596
20211226,9호선,선유도,2297,2369,4666
20211226,9호선,신목동,1352,1209,2561
20211226,9호선,염창,6852,6876,13728
20211226,9호선,등촌,4190,4330,8520
20211226,9호선,증미,2094,2093,4187
20211226,9호선,가양,7910,7869,15779
20211226,9호선,양천향교,3431,3652,7083
20211226,9호선,마곡나루,4119,4047,8166
20211226,9호선,신방화,2745,2799,5544
20211226,9호선,공항시장,1450,1573,3023
20211226,9호선,김포공항,6309,10568,16877
20211226,9호선,개화,726,677,1403
