사용일자,호선명,지하철역,승차총승객수,하차총승객수,승하차총승객수
20210102,경부선,광명,1109,840,1949
20210102,경부선,서동탄,491,480,971
20210102,경부선,당정,2110,2008,4118
20210102,경부선,천안,2932,2870,5802
20210102,경부선,두정,2363,2571,4934
20210102,경부선,직산,357,310,667
20210102,경부선,성환,1498,1565,3063
20210102,경부선,평택,6604,6489,13093
20210102,경부선,지제,1110,966,2076
20210102,경부선,서정리,2572,2788,5360
20210102,경부선,송탄,2187,2166,4353
20210102,경부선,진위,531,448,979
20210102,경부선,오산,4655,4751,9406
20210102,경부선,오산대,1253,1121,2374
20210102,경부선,세마,1006,966,1972
20210102,경부선,병점,5402,5754,11156
20210102,경부선,세류,1187,1246,2433
20210102,경부선,독산,4358,4480,8838
20210102,경부선,수원,18845,19061,37906
20210102,경부선,화서,2418,2374,4792
20210102,경부선,성균관대,4958,5081,10039
20210102,경부선,의왕,3203,3144,6347
20210102,경부선,군포,2314,2305,4619
20210102,경부선,금정,9649,9671,19320
20210102,경부선,명학,2458,2389,4847
20210102,경부선,안양,9055,9027,18082
20210102,경부선,관악,3139,2932,6071
20210102,경부선,석수,3594,3550,7144
20210102,경부선,금천구청,4336,4334,8670
20210102,경부선,가산디지털단지,2882,4278,7160
20210102,경부선,구로,6720,6934,13654
20210102,경부선,신길,3240,2848,6088
20210102,경부선,신도림,1292,1375,2667
20210102,경부선,영등포,21565,21970,43535
20210102,경부선,대방,3911,3934,7845
20210102,경부선,노량진,4195,4115,8310
20210102,경부선,용산,15207,13779,28986
20210102,경부선,남영,2809,3091,5900
20210102,경부선,서울,2092,513,2605
20210103,경부선,광명,1535,856,2391
20210103,경부선,서동탄,458,386,844
20210103,경부선,당정,1673,1697,3370
20210103,경부선,천안,3425,3195,6620
20210103,경부선,두정,2318,2535,4853
20210103,경부선,직산,309,387,696
20210103,경부선,성환,1369,1719,3088
20210103,경부선,평택,6328,6970,13298
20210103,경부선,지제,1309,1253,2562
20210103,경부선,서정리,2143,4158,6301
20210103,경부선,송탄,2016,2450,4466
20210103,경부선,진위,440,448,888
20210103,경부선,오산,4553,5137,9690
20210103,경부선,오산대,1108,1078,2186
20210103,경부선,세마,903,853,1756
20210103,경부선,병점,4795,5551,10346
20210103,경부선,세류,1268,1205,2473
20210103,경부선,독산,3344,3638,6982
20210103,경부선,수원,17961,17314,35275
20210103,경부선,화서,2062,1990,4052
20210103,경부선,성균관대,4207,4630,8837
20210103,경부선,의왕,2446,2468,4914
20210103,경부선,군포,1958,1900,3858
20210103,경부선,서울,3889,580,4469
20210103,경부선,남영,2100,2404,4504
20210103,경부선,용산,16227,12871,29098
20210103,경부선,노량진,3046,3141,6187
20210103,경부선,대방,3183,3578,6761
20210103,경부선,영등포,18497,17774,36271
20210103,경부선,신도림,1090,1096,2186
20210103,경부선,신길,2724,2559,5283
20210103,경부선,구로,5546,5575,11121
20210103,경부선,가산디지털단지,2505,3653,6158
20210103,경부선,금천구청,3585,3504,7089
20210103,경부선,석수,3066,2988,6054
20210103,경부선,관악,2646,2436,5082
20210103,경부선,안양,7605,7249,14854
20210103,경부선,명학,1921,1979,3900
20210103,경부선,금정,7531,7871,15402
20210109,경부선,광명,1323,1188,2511
20210109,경부선,서동탄,527,551,1078
20210109,경부선,당정,2609,2482,5091
20210109,경부선,천안,3040,3225,6265
20210109,경부선,두정,3008,2973,5981
20210109,경부선,직산,359,320,679
20210109,경부선,성환,1643,1587,3230
20210109,경부선,평택,7496,7175,14671
20210109,경부선,지제,1738,1557,3295
20210109,경부선,서정리,4046,3229,7275
20210109,경부선,송탄,2731,2457,5188
20210109,경부선,진위,647,544,1191
20210109,경부선,오산,5555,5390,10945
20210109,경부선,오산대,1560,1430,2990
20210109,경부선,세마,1248,1111,2359
20210109,경부선,병점,7141,7061,14202
20210109,경부선,세류,1461,1544,3005
20210109,경부선,독산,5757,5767,11524
20210109,경부선,수원,21380,23025,44405
20210109,경부선,화서,2886,2927,5813
20210109,경부선,성균관대,6211,6181,12392
20210109,경부선,의왕,3720,3693,7413
20210109,경부선,군포,3119,2919,6038
20210109,경부선,금정,11706,11807,23513
20210109,경부선,명학,3368,3224,6592
20210109,경부선,안양,11003,11050,22053
20210109,경부선,관악,3329,3253,6582
20210109,경부선,석수,4137,3937,8074
20210109,경부선,금천구청,5092,5225,10317
20210109,경부선,가산디지털단지,3829,5300,9129
20210109,경부선,구로,8388,8635,17023
20210109,경부선,신길,4159,3431,7590
20210109,경부선,신도림,1529,1551,3080
20210109,경부선,영등포,25182,25854,51036
20210109,경부선,대방,4890,4863,9753
20210109,경부선,노량진,4793,4605,9398
20210109,경부선,용산,16928,17657,34585
20210109,경부선,남영,3501,3701,7202
20210109,경부선,서울,2336,775,3111
20210110,경부선,광명,1170,926,2096
20210110,경부선,서동탄,444,397,841
20210110,경부선,당정,1785,1762,3547
20210110,경부선,천안,3057,2966,6023
20210110,경부선,두정,2291,2557,4848
20210110,경부선,직산,281,333,614
20210110,경부선,성환,1365,1568,2933
20210110,경부선,평택,6295,6716,13011
20210110,경부선,지제,1170,1214,2384
20210110,경부선,서정리,2359,3572,5931
20210110,경부선,송탄,2141,2343,4484
20210110,경부선,진위,406,436,842
20210110,경부선,오산,4387,4786,9173
20210110,경부선,오산대,1189,1122,2311
20210110,경부선,세마,871,831,1702
20210110,경부선,병점,5095,5691,10786
20210110,경부선,세류,1128,1181,2309
20210110,경부선,독산,3516,3575,7091
20210110,경부선,수원,18411,18242,36653
20210110,경부선,화서,2037,2017,4054
20210110,경부선,성균관대,4366,4591,8957
20210110,경부선,의왕,2481,2596,5077
20210110,경부선,군포,2104,2182,4286
20210110,경부선,금정,7977,8537,16514
20210110,경부선,명학,2138,2083,4221
20210110,경부선,안양,8110,7804,15914
20210110,경부선,관악,2601,2431,5032
20210110,경부선,석수,3021,2943,5964
20210110,경부선,금천구청,3597,3575,7172
20210110,경부선,가산디지털단지,2720,3668,6388
20210110,경부선,구로,5944,5923,11867
20210110,경부선,신길,2956,2468,5424
20210110,경부선,신도림,1083,1106,2189
20210110,경부선,영등포,19529,18997,38526
20210110,경부선,대방,3304,3676,6980
20210110,경부선,노량진,3418,3293,6711
20210110,경부선,용산,14700,13261,27961
20210110,경부선,남영,2260,2499,4759
20210110,경부선,서울,2766,678,3444
20210116,경부선,서울,2830,881,3711
20210116,경부선,남영,4078,4222,8300
20210116,경부선,용산,19603,20461,40064
20210116,경부선,노량진,5819,5634,11453
20210116,경부선,대방,5688,5693,11381
20210116,경부선,영등포,28288,29528,57816
20210116,경부선,신도림,1845,1982,3827
20210116,경부선,신길,4736,3850,8586
20210116,경부선,구로,9707,10014,19721
20210116,경부선,가산디지털단지,4399,6058,10457
20210116,경부선,금천구청,6039,6139,12178
20210116,경부선,석수,5082,4777,9859
20210116,경부선,관악,4371,4083,8454
20210116,경부선,안양,12522,12784,25306
20210116,경부선,명학,3886,3700,7586
20210116,경부선,금정,13352,13458,26810
20210116,경부선,군포,3716,3478,7194
20210116,경부선,의왕,4187,4184,8371
20210116,경부선,성균관대,6948,7015,13963
20210116,경부선,화서,3538,3439,6977
20210116,경부선,수원,24421,26746,51167
20210116,경부선,독산,6359,6491,12850
20210116,경부선,세류,1691,1791,3482
20210116,경부선,병점,8206,8165,16371
20210116,경부선,세마,1443,1247,2690
20210116,경부선,오산대,1835,1652,3487
20210116,경부선,오산,6358,5991,12349
20210116,경부선,진위,781,665,1446
20210116,경부선,송탄,3202,2866,6068
20210116,경부선,서정리,4603,3661,8264
20210116,경부선,지제,2063,1719,3782
20210116,경부선,평택,8942,8472,17414
20210116,경부선,성환,2113,1926,4039
20210116,경부선,직산,496,475,971
20210116,경부선,두정,3288,3371,6659
20210116,경부선,천안,3916,4128,8044
20210116,경부선,당정,2831,2736,5567
20210116,경부선,서동탄,656,661,1317
20210116,경부선,광명,1510,1399,2909
20210117,경부선,금천구청,4139,4147,8286
20210117,경부선,구로,6430,6391,12821
20210117,경부선,신길,3205,2857,6062
20210117,경부선,신도림,1260,1209,2469
20210117,경부선,영등포,21754,20890,42644
20210117,경부선,대방,3592,4004,7596
20210117,경부선,노량진,3834,3842,7676
20210117,경부선,용산,17668,15715,33383
20210117,경부선,남영,2586,2930,5516
20210117,경부선,서울,3498,774,4272
20210117,경부선,광명,1499,1026,2525
20210117,경부선,서동탄,475,433,908
20210117,경부선,당정,2029,2042,4071
20210117,경부선,천안,3795,3581,7376
20210117,경부선,두정,2647,2832,5479
20210117,경부선,직산,323,378,701
20210117,경부선,성환,1572,1826,3398
20210117,경부선,평택,7571,8044,15615
20210117,경부선,지제,1424,1455,2879
20210117,경부선,서정리,2770,4298,7068
20210117,경부선,송탄,2510,2699,5209
20210117,경부선,진위,515,495,1010
20210117,경부선,오산,5116,5576,10692
20210117,경부선,오산대,1276,1175,2451
20210117,경부선,세마,1033,963,1996
20210117,경부선,병점,5911,6585,12496
20210117,경부선,세류,1345,1401,2746
20210117,경부선,독산,4001,4074,8075
20210117,경부선,수원,21659,21081,42740
20210117,경부선,화서,2479,2407,4886
20210117,경부선,성균관대,4947,5262,10209
20210117,경부선,의왕,2781,2836,5617
20210117,경부선,군포,2380,2243,4623
20210117,경부선,금정,9024,9473,18497
20210117,경부선,명학,2439,2381,4820
20210117,경부선,안양,8948,8594,17542
20210117,경부선,관악,3031,2910,5941
20210117,경부선,석수,3479,3433,6912
20210117,경부선,가산디지털단지,3067,4188,7255
20210123,경부선,서울,3149,960,4109
20210123,경부선,남영,4441,4767,9208
20210123,경부선,용산,20933,21985,42918
20210123,경부선,노량진,6995,6587,13582
20210123,경부선,대방,6296,6121,12417
20210123,경부선,영등포,29349,30772,60121
20210123,경부선,신도림,2243,2227,4470
20210123,경부선,신길,5134,4314,9448
20210123,경부선,구로,10575,11058,21633
20210123,경부선,가산디지털단지,4968,6607,11575
20210123,경부선,금천구청,6630,6709,13339
20210123,경부선,석수,5602,5332,10934
20210123,경부선,관악,4716,4498,9214
20210123,경부선,안양,13970,14060,28030
20210123,경부선,명학,4146,3959,8105
20210123,경부선,금정,14683,14705,29388
20210123,경부선,군포,3794,3528,7322
20210123,경부선,의왕,4678,4601,9279
20210123,경부선,성균관대,7759,7787,15546
20210123,경부선,화서,3918,3953,7871
20210123,경부선,수원,27275,29600,56875
20210123,경부선,독산,7109,7137,14246
20210123,경부선,세류,1897,1854,3751
20210123,경부선,병점,9086,8808,17894
20210123,경부선,세마,1627,1422,3049
20210123,경부선,오산대,1947,1858,3805
20210123,경부선,오산,7232,6791,14023
20210123,경부선,진위,874,723,1597
20210123,경부선,송탄,3367,2981,6348
20210123,경부선,서정리,4863,3922,8785
20210123,경부선,지제,2074,1848,3922
20210123,경부선,평택,9761,9210,18971
20210123,경부선,성환,2200,2137,4337
20210123,경부선,직산,470,434,904
20210123,경부선,두정,3464,3532,6996
20210123,경부선,천안,4194,4342,8536
20210123,경부선,당정,3101,3018,6119
20210123,경부선,서동탄,804,808,1612
20210123,경부선,광명,1791,1666,3457
20210124,경부선,서울,3484,790,4274
20210124,경부선,남영,3095,3472,6567
20210124,경부선,용산,18319,16708,35027
20210124,경부선,노량진,4677,4567,9244
20210124,경부선,대방,4393,4680,9073
20210124,경부선,영등포,22525,21801,44326
20210124,경부선,신도림,1589,1575,3164
20210124,경부선,신길,3740,3261,7001
20210124,경부선,구로,7388,7373,14761
20210124,경부선,가산디지털단지,3439,4734,8173
20210124,경부선,금천구청,4810,4689,9499
20210124,경부선,석수,4076,4188,8264
20210124,경부선,관악,3770,3393,7163
20210124,경부선,안양,10164,9852,20016
20210124,경부선,명학,2667,2629,5296
20210124,경부선,금정,10232,10705,20937
20210124,경부선,군포,2568,2474,5042
20210124,경부선,의왕,3309,3279,6588
20210124,경부선,성균관대,5801,6097,11898
20210124,경부선,화서,2838,2784,5622
20210124,경부선,수원,23385,23091,46476
20210124,경부선,독산,4576,4634,9210
20210124,경부선,세류,1506,1543,3049
20210124,경부선,병점,6472,7239,13711
20210124,경부선,세마,1167,1092,2259
20210124,경부선,오산대,1465,1377,2842
20210124,경부선,오산,5389,5908,11297
20210124,경부선,진위,547,583,1130
20210124,경부선,송탄,2577,2851,5428
20210124,경부선,서정리,3034,4399,7433
20210124,경부선,지제,1407,1443,2850
20210124,경부선,평택,8099,8720,16819
20210124,경부선,성환,1763,1970,3733
20210124,경부선,직산,369,409,778
20210124,경부선,두정,2921,3166,6087
20210124,경부선,천안,4223,4057,8280
20210124,경부선,당정,2238,2301,4539
20210124,경부선,서동탄,632,578,1210
20210124,경부선,광명,1561,1123,2684
20210130,경부선,서울,3154,878,4032
20210130,경부선,남영,4805,4992,9797
20210130,경부선,용산,21473,22570,44043
20210130,경부선,노량진,6741,6445,13186
20210130,경부선,대방,6136,6091,12227
20210130,경부선,영등포,30010,31202,61212
20210130,경부선,신도림,2103,2204,4307
20210130,경부선,신길,5117,4181,9298
20210130,경부선,구로,10646,10817,21463
20210130,경부선,가산디지털단지,4865,6525,11390
20210130,경부선,금천구청,6569,6401,12970
20210130,경부선,석수,5409,5093,10502
20210130,경부선,관악,4565,4429,8994
20210130,경부선,안양,14072,14160,28232
20210130,경부선,명학,4212,3978,8190
20210130,경부선,금정,14620,14888,29508
20210130,경부선,군포,3598,3472,7070
20210130,경부선,의왕,4625,4655,9280
20210130,경부선,성균관대,7891,7834,15725
20210130,경부선,화서,3844,3830,7674
20210130,경부선,수원,27006,29176,56182
20210130,경부선,독산,7057,7125,14182
20210130,경부선,세류,1931,1977,3908
20210130,경부선,병점,8986,8838,17824
20210130,경부선,세마,1608,1374,2982
20210130,경부선,오산대,1916,1741,3657
20210130,경부선,오산,6950,6500,13450
20210130,경부선,진위,868,770,1638
20210130,경부선,송탄,3288,2961,6249
20210130,경부선,서정리,4785,3870,8655
20210130,경부선,지제,2070,1837,3907
20210130,경부선,평택,9814,9156,18970
20210130,경부선,성환,2102,1918,4020
20210130,경부선,직산,528,497,1025
20210130,경부선,두정,3511,3562,7073
20210130,경부선,천안,4192,4388,8580
20210130,경부선,당정,3140,3143,6283
20210130,경부선,서동탄,834,833,1667
20210130,경부선,광명,1729,1447,3176
20210131,경부선,서울,3488,757,4245
20210131,경부선,남영,3106,3392,6498
20210131,경부선,용산,19026,17347,36373
20210131,경부선,노량진,4738,4558,9296
20210131,경부선,대방,4413,4666,9079
20210131,경부선,영등포,23209,22845,46054
20210131,경부선,신도림,1494,1559,3053
20210131,경부선,신길,3931,3462,7393
20210131,경부선,구로,7348,7259,14607
20210131,경부선,가산디지털단지,3451,4883,8334
20210131,경부선,금천구청,4786,4724,9510
20210131,경부선,석수,4064,4096,8160
20210131,경부선,관악,3831,3488,7319
20210131,경부선,안양,10365,10075,20440
20210131,경부선,명학,2631,2603,5234
20210131,경부선,금정,10177,10637,20814
20210131,경부선,군포,2471,2365,4836
20210131,경부선,의왕,3305,3261,6566
20210131,경부선,성균관대,5611,5867,11478
20210131,경부선,화서,2705,2755,5460
20210131,경부선,수원,23629,23507,47136
20210131,경부선,독산,4562,4766,9328
20210131,경부선,세류,1453,1496,2949
20210131,경부선,병점,6656,7311,13967
20210131,경부선,세마,1104,1053,2157
20210131,경부선,오산대,1474,1364,2838
20210131,경부선,오산,5618,6098,11716
20210131,경부선,진위,554,552,1106
20210131,경부선,송탄,2609,2817,5426
20210131,경부선,서정리,3054,4271,7325
20210131,경부선,지제,1445,1450,2895
20210131,경부선,평택,8340,8537,16877
20210131,경부선,성환,1758,1992,3750
20210131,경부선,직산,384,440,824
20210131,경부선,두정,2864,3195,6059
20210131,경부선,천안,3946,3821,7767
20210131,경부선,당정,2401,2319,4720
20210131,경부선,서동탄,560,596,1156
20210131,경부선,광명,1576,1156,2732
20210206,경부선,서울,3381,984,4365
20210206,경부선,남영,4905,5127,10032
20210206,경부선,용산,22187,23921,46108
20210206,경부선,노량진,7079,6763,13842
20210206,경부선,대방,6483,6506,12989
20210206,경부선,영등포,31010,32590,63600
20210206,경부선,신도림,2276,2350,4626
20210206,경부선,신길,5560,4535,10095
20210206,경부선,구로,10940,11117,22057
20210206,경부선,가산디지털단지,4960,6847,11807
20210206,경부선,금천구청,6976,6990,13966
20210206,경부선,석수,5640,5529,11169
20210206,경부선,관악,4983,4776,9759
20210206,경부선,안양,14823,14811,29634
20210206,경부선,명학,4170,4125,8295
20210206,경부선,금정,15198,15254,30452
20210206,경부선,군포,3901,3675,7576
20210206,경부선,의왕,4886,4860,9746
20210206,경부선,성균관대,8374,8248,16622
20210206,경부선,화서,4205,4212,8417
20210206,경부선,수원,28825,31364,60189
20210206,경부선,독산,7614,7724,15338
20210206,경부선,세류,1957,1953,3910
20210206,경부선,병점,9668,9445,19113
20210206,경부선,세마,1649,1497,3146
20210206,경부선,오산대,2100,1955,4055
20210206,경부선,오산,7123,6899,14022
20210206,경부선,진위,858,761,1619
20210206,경부선,송탄,3463,3071,6534
20210206,경부선,서정리,5074,4187,9261
20210206,경부선,지제,2099,1836,3935
20210206,경부선,평택,10038,9694,19732
20210206,경부선,성환,2241,2057,4298
20210206,경부선,직산,502,495,997
20210206,경부선,두정,3600,3603,7203
20210206,경부선,천안,4317,4502,8819
20210206,경부선,당정,3369,3293,6662
20210206,경부선,서동탄,896,870,1766
20210206,경부선,광명,1730,1585,3315
20210207,경부선,광명,1560,1226,2786
20210207,경부선,서동탄,619,594,1213
20210207,경부선,당정,2350,2439,4789
20210207,경부선,천안,4068,3727,7795
20210207,경부선,두정,2822,3028,5850
20210207,경부선,직산,374,415,789
20210207,경부선,성환,1680,1968,3648
20210207,경부선,평택,8245,8491,16736
20210207,경부선,지제,1369,1498,2867
20210207,경부선,서정리,3195,4344,7539
20210207,경부선,송탄,2470,2730,5200
20210207,경부선,진위,521,542,1063
20210207,경부선,오산,5536,5967,11503
20210207,경부선,오산대,1489,1432,2921
20210207,경부선,세마,1237,1187,2424
20210207,경부선,병점,7108,7670,14778
20210207,경부선,세류,1448,1522,2970
20210207,경부선,독산,5217,5351,10568
20210207,경부선,수원,24419,24463,48882
20210207,경부선,화서,2931,2797,5728
20210207,경부선,성균관대,5920,6124,12044
20210207,경부선,의왕,3448,3425,6873
20210207,경부선,군포,2542,2490,5032
20210207,경부선,금정,10555,11121,21676
20210207,경부선,명학,2720,2703,5423
20210207,경부선,안양,10704,10576,21280
20210207,경부선,관악,3766,3471,7237
20210207,경부선,석수,4111,4082,8193
20210207,경부선,금천구청,4867,4826,9693
20210207,경부선,가산디지털단지,3465,4802,8267
20210207,경부선,구로,7620,7677,15297
20210207,경부선,신길,4054,3392,7446
20210207,경부선,신도림,1563,1666,3229
20210207,경부선,영등포,24356,23700,48056
20210207,경부선,대방,4563,4863,9426
20210207,경부선,노량진,4927,4676,9603
20210207,경부선,용산,19301,18543,37844
20210207,경부선,남영,3495,3518,7013
20210207,경부선,서울,3473,874,4347
20210213,경부선,서울,4000,617,4617
20210213,경부선,남영,2890,3322,6212
20210213,경부선,용산,22449,18916,41365
20210213,경부선,노량진,5040,5045,10085
20210213,경부선,대방,4234,4474,8708
20210213,경부선,영등포,27249,28303,55552
20210213,경부선,신도림,1509,1802,3311
20210213,경부선,신길,3468,3158,6626
20210213,경부선,구로,7301,7863,15164
20210213,경부선,가산디지털단지,3688,5764,9452
20210213,경부선,금천구청,5103,5239,10342
20210213,경부선,석수,4436,4364,8800
20210213,경부선,관악,4157,3695,7852
20210213,경부선,안양,11472,11295,22767
20210213,경부선,명학,2643,2395,5038
20210213,경부선,금정,11251,11480,22731
20210213,경부선,군포,2687,2457,5144
20210213,경부선,의왕,3565,3457,7022
20210213,경부선,성균관대,5770,6327,12097
20210213,경부선,화서,3160,3078,6238
20210213,경부선,수원,30811,30692,61503
20210213,경부선,독산,4400,4722,9122
20210213,경부선,세류,1557,1559,3116
20210213,경부선,병점,7227,7747,14974
20210213,경부선,세마,1296,1186,2482
20210213,경부선,오산대,1644,1603,3247
20210213,경부선,오산,6614,6619,13233
20210213,경부선,진위,655,558,1213
20210213,경부선,송탄,2816,2799,5615
20210213,경부선,서정리,3132,3410,6542
20210213,경부선,지제,1377,1174,2551
20210213,경부선,평택,9689,9002,18691
20210213,경부선,성환,2013,1922,3935
20210213,경부선,직산,499,445,944
20210213,경부선,두정,2879,2957,5836
20210213,경부선,천안,5110,4326,9436
20210213,경부선,당정,2443,2396,4839
20210213,경부선,서동탄,748,646,1394
20210213,경부선,광명,1818,1089,2907
20210214,경부선,광명,1822,1121,2943
20210214,경부선,서동탄,716,680,1396
20210214,경부선,당정,2446,2371,4817
20210214,경부선,천안,5271,4468,9739
20210214,경부선,두정,2989,3150,6139
20210214,경부선,직산,426,456,882
20210214,경부선,성환,1955,2224,4179
20210214,경부선,평택,9707,10025,19732
20210214,경부선,지제,1494,1552,3046
20210214,경부선,서정리,3077,5005,8082
20210214,경부선,송탄,2673,3166,5839
20210214,경부선,진위,641,615,1256
20210214,경부선,오산,6656,7241,13897
20210214,경부선,오산대,1613,1577,3190
20210214,경부선,세마,1314,1212,2526
20210214,경부선,병점,7050,8179,15229
20210214,경부선,세류,1835,1656,3491
20210214,경부선,독산,4364,4813,9177
20210214,경부선,수원,28612,28008,56620
20210214,경부선,화서,2955,2855,5810
20210214,경부선,성균관대,5832,6529,12361
20210214,경부선,의왕,3431,3372,6803
20210214,경부선,군포,2575,2461,5036
20210214,경부선,금정,10832,11128,21960
20210214,경부선,명학,2533,2521,5054
20210214,경부선,안양,10959,10683,21642
20210214,경부선,관악,3899,3565,7464
20210214,경부선,석수,4080,4059,8139
20210214,경부선,금천구청,4821,4781,9602
20210214,경부선,가산디지털단지,3506,5335,8841
20210214,경부선,구로,7345,7410,14755
20210214,경부선,신길,3729,3514,7243
20210214,경부선,신도림,1560,1654,3214
20210214,경부선,영등포,24689,24430,49119
20210214,경부선,대방,4120,4846,8966
20210214,경부선,노량진,4251,4252,8503
20210214,경부선,용산,22014,18039,40053
20210214,경부선,남영,2887,3347,6234
20210214,경부선,서울,5117,854,5971
20210220,경부선,광명,1996,1808,3804
20210220,경부선,서동탄,933,928,1861
20210220,경부선,당정,3689,3537,7226
20210220,경부선,천안,4573,4669,9242
20210220,경부선,두정,4176,4316,8492
20210220,경부선,직산,514,489,1003
20210220,경부선,성환,2336,2161,4497
20210220,경부선,평택,10843,10461,21304
20210220,경부선,지제,2287,2121,4408
20210220,경부선,서정리,5589,4535,10124
20210220,경부선,송탄,4039,3783,7822
20210220,경부선,진위,901,800,1701
20210220,경부선,오산,8032,7534,15566
20210220,경부선,오산대,2306,2080,4386
20210220,경부선,세마,1881,1706,3587
20210220,경부선,병점,10404,10444,20848
20210220,경부선,세류,2116,2175,4291
20210220,경부선,독산,7825,7780,15605
20210220,경부선,수원,33228,35490,68718
20210220,경부선,화서,4532,4546,9078
20210220,경부선,성균관대,9224,9195,18419
20210220,경부선,의왕,5330,5185,10515
20210220,경부선,군포,4130,3794,7924
20210220,경부선,금정,16323,16473,32796
20210220,경부선,명학,4564,4411,8975
20210220,경부선,안양,16043,15999,32042
20210220,경부선,관악,5415,5092,10507
20210220,경부선,석수,6192,5948,12140
20210220,경부선,금천구청,7527,7443,14970
20210220,경부선,가산디지털단지,5548,7448,12996
20210220,경부선,구로,12325,12807,25132
20210220,경부선,신길,6032,4997,11029
20210220,경부선,신도림,2563,2633,5196
20210220,경부선,영등포,34638,35927,70565
20210220,경부선,대방,7210,7222,14432
20210220,경부선,노량진,7523,6976,14499
20210220,경부선,용산,25505,26724,52229
20210220,경부선,남영,5522,5589,11111
20210220,경부선,서울,4380,1189,5569
20210221,경부선,광명,1876,1338,3214
20210221,경부선,서동탄,694,760,1454
20210221,경부선,당정,2635,2727,5362
20210221,경부선,천안,4351,4161,8512
20210221,경부선,두정,3457,3587,7044
20210221,경부선,직산,417,520,937
20210221,경부선,성환,1924,2181,4105
20210221,경부선,평택,9103,9479,18582
20210221,경부선,지제,1724,1651,3375
20210221,경부선,서정리,3414,4694,8108
20210221,경부선,송탄,2921,3279,6200
20210221,경부선,진위,612,672,1284
20210221,경부선,오산,6198,6747,12945
20210221,경부선,오산대,1740,1640,3380
20210221,경부선,세마,1445,1331,2776
20210221,경부선,병점,7842,8414,16256
20210221,경부선,세류,1702,1733,3435
20210221,경부선,독산,5205,5252,10457
20210221,경부선,수원,28536,28078,56614
20210221,경부선,화서,3202,3182,6384
20210221,경부선,성균관대,6886,7315,14201
20210221,경부선,의왕,3861,3946,7807
20210221,경부선,군포,2789,2699,5488
20210221,경부선,금정,11793,12206,23999
20210221,경부선,명학,3006,3035,6041
20210221,경부선,안양,12010,11522,23532
20210221,경부선,관악,4352,3914,8266
20210221,경부선,석수,4726,4659,9385
20210221,경부선,금천구청,5464,5449,10913
20210221,경부선,가산디지털단지,3911,5405,9316
20210221,경부선,구로,8182,8350,16532
20210221,경부선,신길,4474,3797,8271
20210221,경부선,신도림,1872,1990,3862
20210221,경부선,영등포,27179,26281,53460
20210221,경부선,대방,5175,5364,10539
20210221,경부선,노량진,5166,4948,10114
20210221,경부선,용산,22487,20674,43161
20210221,경부선,남영,3582,3825,7407
20210221,경부선,서울,4462,1055,5517
20210227,경부선,서울,5215,1627,6842
20210227,경부선,남영,5450,5583,11033
20210227,경부선,용산,27766,31588,59354
20210227,경부선,노량진,7989,7282,15271
20210227,경부선,대방,7656,7506,15162
20210227,경부선,영등포,36100,37963,74063
20210227,경부선,신도림,2729,2831,5560
20210227,경부선,신길,6098,4896,10994
20210227,경부선,구로,12703,13201,25904
20210227,경부선,가산디지털단지,5770,7658,13428
20210227,경부선,금천구청,7868,7836,15704
20210227,경부선,석수,6735,6513,13248
20210227,경부선,관악,5692,5341,11033
20210227,경부선,안양,16828,16766,33594
20210227,경부선,명학,4900,4683,9583
20210227,경부선,금정,17169,16976,34145
20210227,경부선,군포,4016,3741,7757
20210227,경부선,의왕,5680,5497,11177
20210227,경부선,성균관대,9600,9620,19220
20210227,경부선,화서,4805,4887,9692
20210227,경부선,수원,34763,37869,72632
20210227,경부선,독산,8015,8179,16194
20210227,경부선,세류,2358,2310,4668
20210227,경부선,병점,10997,10758,21755
20210227,경부선,세마,1914,1731,3645
20210227,경부선,오산대,2446,2352,4798
20210227,경부선,오산,8804,8107,16911
20210227,경부선,진위,994,871,1865
20210227,경부선,송탄,4303,3803,8106
20210227,경부선,서정리,5841,4776,10617
20210227,경부선,지제,2555,2408,4963
20210227,경부선,평택,11907,11389,23296
20210227,경부선,성환,2587,2387,4974
20210227,경부선,직산,601,559,1160
20210227,경부선,두정,4335,4556,8891
20210227,경부선,천안,5141,5493,10634
20210227,경부선,당정,3786,3520,7306
20210227,경부선,서동탄,969,977,1946
20210227,경부선,광명,2166,2286,4452
20210228,경부선,서울,4501,1078,5579
20210228,경부선,남영,4270,4356,8626
20210228,경부선,용산,24675,23127,47802
20210228,경부선,노량진,5884,5580,11464
20210228,경부선,대방,5389,5663,11052
20210228,경부선,영등포,29696,29330,59026
20210228,경부선,신도림,1997,2061,4058
20210228,경부선,신길,4682,3928,8610
20210228,경부선,구로,9112,9402,18514
20210228,경부선,가산디지털단지,4283,5845,10128
20210228,경부선,금천구청,5804,5615,11419
20210228,경부선,석수,5200,5143,10343
20210228,경부선,관악,4611,4118,8729
20210228,경부선,안양,13339,13168,26507
20210228,경부선,명학,3135,3166,6301
20210228,경부선,금정,12945,12921,25866
20210228,경부선,군포,2814,2603,5417
20210228,경부선,의왕,4055,4104,8159
20210228,경부선,성균관대,7390,7645,15035
20210228,경부선,화서,3543,3540,7083
20210228,경부선,수원,31242,31297,62539
20210228,경부선,독산,5681,5769,11450
20210228,경부선,세류,1769,1895,3664
20210228,경부선,병점,8423,9033,17456
20210228,경부선,세마,1551,1429,2980
20210228,경부선,오산대,1974,1773,3747
20210228,경부선,오산,7155,7249,14404
20210228,경부선,진위,658,647,1305
20210228,경부선,송탄,3159,3168,6327
20210228,경부선,서정리,3706,4038,7744
20210228,경부선,지제,1803,1519,3322
20210228,경부선,평택,9533,9839,19372
20210228,경부선,성환,2035,2154,4189
20210228,경부선,직산,469,482,951
20210228,경부선,두정,3613,3987,7600
20210228,경부선,천안,4667,4584,9251
20210228,경부선,당정,2906,2822,5728
20210228,경부선,서동탄,818,840,1658
20210228,경부선,광명,1810,1451,3261
20210306,경부선,서울,4112,1211,5323
20210306,경부선,남영,5444,5551,10995
20210306,경부선,용산,26019,27281,53300
20210306,경부선,노량진,7984,7201,15185
20210306,경부선,대방,7631,7700,15331
20210306,경부선,영등포,36112,37430,73542
20210306,경부선,신도림,2729,2775,5504
20210306,경부선,신길,6047,5020,11067
20210306,경부선,구로,12579,13228,25807
20210306,경부선,가산디지털단지,5546,7766,13312
20210306,경부선,금천구청,7922,7802,15724
20210306,경부선,석수,6650,6261,12911
20210306,경부선,관악,5702,5281,10983
20210306,경부선,안양,17025,17066,34091
20210306,경부선,명학,4662,4681,9343
20210306,경부선,금정,16997,17369,34366
20210306,경부선,군포,4192,3879,8071
20210306,경부선,의왕,5540,5460,11000
20210306,경부선,성균관대,9498,9369,18867
20210306,경부선,화서,4802,4896,9698
20210306,경부선,수원,34131,36620,70751
20210306,경부선,독산,7896,7830,15726
20210306,경부선,세류,2181,2234,4415
20210306,경부선,병점,10879,10794,21673
20210306,경부선,세마,1987,1700,3687
20210306,경부선,오산대,2432,2132,4564
20210306,경부선,오산,8511,7908,16419
20210306,경부선,진위,1007,851,1858
20210306,경부선,송탄,4363,3890,8253
20210306,경부선,서정리,5572,4654,10226
20210306,경부선,지제,2356,2161,4517
20210306,경부선,평택,11447,11228,22675
20210306,경부선,성환,2683,2451,5134
20210306,경부선,직산,544,520,1064
20210306,경부선,두정,4727,4779,9506
20210306,경부선,천안,4999,5113,10112
20210306,경부선,당정,3784,3670,7454
20210306,경부선,서동탄,961,967,1928
20210306,경부선,광명,2067,1951,4018
20210307,경부선,광명,1847,1459,3306
20210307,경부선,서동탄,654,698,1352
20210307,경부선,당정,2793,2807,5600
20210307,경부선,천안,4847,4613,9460
20210307,경부선,두정,3662,4337,7999
20210307,경부선,직산,442,525,967
20210307,경부선,성환,2135,2580,4715
20210307,경부선,평택,9744,10499,20243
20210307,경부선,지제,1979,1773,3752
20210307,경부선,서정리,3851,5114,8965
20210307,경부선,송탄,3231,3549,6780
20210307,경부선,진위,700,674,1374
20210307,경부선,오산,6720,7099,13819
20210307,경부선,오산대,1797,1733,3530
20210307,경부선,세마,1494,1393,2887
20210307,경부선,병점,8122,8872,16994
20210307,경부선,세류,1729,1756,3485
20210307,경부선,독산,5410,5495,10905
20210307,경부선,수원,29310,28735,58045
20210307,경부선,화서,3480,3309,6789
20210307,경부선,성균관대,6997,7430,14427
20210307,경부선,의왕,3892,4005,7897
20210307,경부선,군포,2787,2579,5366
20210307,경부선,금정,12303,12544,24847
20210307,경부선,명학,3342,3324,6666
20210307,경부선,안양,12807,12071,24878
20210307,경부선,관악,4652,4332,8984
20210307,경부선,석수,4871,4881,9752
20210307,경부선,금천구청,5811,5691,11502
20210307,경부선,가산디지털단지,4134,5701,9835
20210307,경부선,구로,9018,9223,18241
20210307,경부선,신길,4627,3962,8589
20210307,경부선,신도림,1997,1991,3988
20210307,경부선,영등포,28566,27632,56198
20210307,경부선,대방,5503,5826,11329
20210307,경부선,노량진,5425,5271,10696
20210307,경부선,용산,23263,21980,45243
20210307,경부선,남영,4027,4221,8248
20210307,경부선,서울,4597,1104,5701
20210313,경부선,서울,4466,1317,5783
20210313,경부선,남영,5253,5462,10715
20210313,경부선,용산,27656,29658,57314
20210313,경부선,노량진,8503,7816,16319
20210313,경부선,대방,7951,8045,15996
20210313,경부선,영등포,37491,38630,76121
20210313,경부선,신도림,2924,3134,6058
20210313,경부선,신길,6274,5084,11358
20210313,경부선,구로,12881,13517,26398
20210313,경부선,가산디지털단지,5846,7905,13751
20210313,경부선,금천구청,8169,8281,16450
20210313,경부선,석수,6763,6293,13056
20210313,경부선,관악,6003,5758,11761
20210313,경부선,안양,17600,17702,35302
20210313,경부선,명학,5007,4935,9942
20210313,경부선,금정,17794,17772,35566
20210313,경부선,군포,4217,3870,8087
20210313,경부선,의왕,5879,5702,11581
20210313,경부선,성균관대,10189,10149,20338
20210313,경부선,화서,5076,5013,10089
20210313,경부선,수원,35126,37926,73052
20210313,경부선,독산,8363,8251,16614
20210313,경부선,세류,2262,2340,4602
20210313,경부선,병점,11549,11293,22842
20210313,경부선,세마,2049,1774,3823
20210313,경부선,오산대,2624,2371,4995
20210313,경부선,오산,8933,8640,17573
20210313,경부선,진위,1022,859,1881
20210313,경부선,송탄,4353,3923,8276
20210313,경부선,서정리,5888,4885,10773
20210313,경부선,지제,2478,2414,4892
20210313,경부선,평택,12251,11618,23869
20210313,경부선,성환,2660,2421,5081
20210313,경부선,직산,602,544,1146
20210313,경부선,두정,4896,5028,9924
20210313,경부선,천안,5424,5780,11204
20210313,경부선,당정,3865,3693,7558
20210313,경부선,서동탄,1017,1000,2017
20210313,경부선,광명,2193,2028,4221
20210314,경부선,광명,2095,1444,3539
20210314,경부선,서동탄,770,773,1543
20210314,경부선,당정,2834,2842,5676
20210314,경부선,천안,5414,5109,10523
20210314,경부선,두정,4034,4691,8725
20210314,경부선,직산,453,523,976
20210314,경부선,성환,2162,2791,4953
20210314,경부선,평택,10506,10853,21359
20210314,경부선,지제,2038,1825,3863
20210314,경부선,서정리,3791,5241,9032
20210314,경부선,송탄,3336,3718,7054
20210314,경부선,진위,722,752,1474
20210314,경부선,오산,7033,7673,14706
20210314,경부선,오산대,2054,1964,4018
20210314,경부선,세마,1561,1539,3100
20210314,경부선,병점,8795,9541,18336
20210314,경부선,세류,1872,1952,3824
20210314,경부선,독산,5586,5760,11346
20210314,경부선,수원,31847,30929,62776
20210314,경부선,화서,3720,3788,7508
20210314,경부선,성균관대,7222,7718,14940
20210314,경부선,의왕,4201,4157,8358
20210314,경부선,군포,2921,2672,5593
20210314,경부선,금정,12387,12820,25207
20210314,경부선,명학,3361,3274,6635
20210314,경부선,안양,13100,12542,25642
20210314,경부선,관악,4801,4397,9198
20210314,경부선,석수,4855,4945,9800
20210314,경부선,금천구청,6031,5811,11842
20210314,경부선,가산디지털단지,4332,6190,10522
20210314,경부선,구로,9341,9464,18805
20210314,경부선,신길,4506,3959,8465
20210314,경부선,신도림,2000,2113,4113
20210314,경부선,영등포,30106,28889,58995
20210314,경부선,대방,5405,5748,11153
20210314,경부선,노량진,5764,5293,11057
20210314,경부선,용산,25119,23124,48243
20210314,경부선,남영,3811,4314,8125
20210314,경부선,서울,5061,1108,6169
20210320,경부선,직산,532,547,1079
20210320,경부선,광명,2224,2029,4253
20210320,경부선,서동탄,935,950,1885
20210320,경부선,당정,3618,3488,7106
20210320,경부선,천안,5033,5063,10096
20210320,경부선,두정,4811,5001,9812
20210320,경부선,서울,4549,1396,5945
20210320,경부선,남영,5617,5733,11350
20210320,경부선,용산,27238,29119,56357
20210320,경부선,노량진,7508,6890,14398
20210320,경부선,대방,7161,7248,14409
20210320,경부선,영등포,35681,37094,72775
20210320,경부선,신도림,2415,2620,5035
20210320,경부선,신길,5741,4738,10479
20210320,경부선,구로,12561,12963,25524
20210320,경부선,가산디지털단지,5502,7474,12976
20210320,경부선,금천구청,7253,7400,14653
20210320,경부선,석수,5948,5311,11259
20210320,경부선,관악,4935,4795,9730
20210320,경부선,안양,16247,16435,32682
20210320,경부선,명학,4867,4688,9555
20210320,경부선,금정,16289,16301,32590
20210320,경부선,군포,4097,3771,7868
20210320,경부선,의왕,5100,5060,10160
20210320,경부선,성균관대,9375,9222,18597
20210320,경부선,화서,4534,4558,9092
20210320,경부선,수원,33497,36256,69753
20210320,경부선,독산,7678,7671,15349
20210320,경부선,세류,2118,2180,4298
20210320,경부선,병점,10247,10081,20328
20210320,경부선,세마,1857,1668,3525
20210320,경부선,오산대,2195,2054,4249
20210320,경부선,오산,8162,7709,15871
20210320,경부선,진위,915,790,1705
20210320,경부선,송탄,4076,3846,7922
20210320,경부선,서정리,5444,4389,9833
20210320,경부선,지제,2294,2222,4516
20210320,경부선,평택,11218,10671,21889
20210320,경부선,성환,2561,2351,4912
20210321,경부선,서울,5506,1207,6713
20210321,경부선,남영,3848,4181,8029
20210321,경부선,용산,26472,23985,50457
20210321,경부선,노량진,5647,5505,11152
20210321,경부선,대방,5725,6010,11735
20210321,경부선,영등포,30587,29365,59952
20210321,경부선,신도림,1997,1999,3996
20210321,경부선,신길,4567,3941,8508
20210321,경부선,구로,9454,9493,18947
20210321,경부선,가산디지털단지,4192,5919,10111
20210321,경부선,금천구청,5868,5700,11568
20210321,경부선,석수,4895,4905,9800
20210321,경부선,관악,4728,4254,8982
20210321,경부선,안양,12727,12347,25074
20210321,경부선,명학,3148,3111,6259
20210321,경부선,금정,12461,12601,25062
20210321,경부선,군포,2852,2677,5529
20210321,경부선,의왕,3793,3890,7683
20210321,경부선,성균관대,6961,7512,14473
20210321,경부선,화서,3512,3364,6876
20210321,경부선,수원,31577,30503,62080
20210321,경부선,독산,5461,5678,11139
20210321,경부선,세류,1760,1858,3618
20210321,경부선,병점,8087,9145,17232
20210321,경부선,세마,1536,1423,2959
20210321,경부선,오산대,1873,1906,3779
20210321,경부선,오산,6819,7367,14186
20210321,경부선,진위,702,723,1425
20210321,경부선,송탄,3284,3683,6967
20210321,경부선,서정리,3591,5228,8819
20210321,경부선,지제,2074,1827,3901
20210321,경부선,평택,9964,10714,20678
20210321,경부선,성환,2198,2716,4914
20210321,경부선,직산,534,560,1094
20210321,경부선,두정,3969,4477,8446
20210321,경부선,천안,5240,5028,10268
20210321,경부선,당정,2847,2876,5723
20210321,경부선,서동탄,754,740,1494
20210321,경부선,광명,2098,1463,3561
20210327,경부선,광명,2202,2103,4305
20210327,경부선,서동탄,934,970,1904
20210327,경부선,당정,3601,3581,7182
20210327,경부선,천안,5237,5345,10582
20210327,경부선,두정,4640,4730,9370
20210327,경부선,직산,558,563,1121
20210327,경부선,성환,2527,2362,4889
20210327,경부선,평택,11161,10596,21757
20210327,경부선,지제,2349,2325,4674
20210327,경부선,서정리,5511,4671,10182
20210327,경부선,송탄,3946,3560,7506
20210327,경부선,진위,902,802,1704
20210327,경부선,오산,8240,7801,16041
20210327,경부선,오산대,2281,2054,4335
20210327,경부선,세마,1916,1701,3617
20210327,경부선,병점,10261,10096,20357
20210327,경부선,세류,2234,2208,4442
20210327,경부선,독산,7695,7742,15437
20210327,경부선,수원,32611,34715,67326
20210327,경부선,화서,4585,4604,9189
20210327,경부선,성균관대,9200,9066,18266
20210327,경부선,의왕,5150,5091,10241
20210327,경부선,군포,3779,3583,7362
20210327,경부선,금정,16420,16286,32706
20210327,경부선,명학,4800,4681,9481
20210327,경부선,안양,16174,16310,32484
20210327,경부선,관악,5234,4969,10203
20210327,경부선,석수,6134,5736,11870
20210327,경부선,금천구청,7295,7323,14618
20210327,경부선,가산디지털단지,5227,7218,12445
20210327,경부선,구로,12405,12834,25239
20210327,경부선,신길,5766,4791,10557
20210327,경부선,신도림,2270,2383,4653
20210327,경부선,영등포,37538,38489,76027
20210327,경부선,대방,7481,7656,15137
20210327,경부선,노량진,7447,7038,14485
20210327,경부선,용산,28050,29327,57377
20210327,경부선,남영,5326,5454,10780
20210327,경부선,서울,5016,1536,6552
20210328,경부선,광명,2194,1437,3631
20210328,경부선,서동탄,668,634,1302
20210328,경부선,당정,2601,2591,5192
20210328,경부선,천안,5011,4712,9723
20210328,경부선,두정,3910,4389,8299
20210328,경부선,직산,448,486,934
20210328,경부선,성환,2171,2606,4777
20210328,경부선,평택,9598,10204,19802
20210328,경부선,지제,1883,1677,3560
20210328,경부선,서정리,3444,4802,8246
20210328,경부선,송탄,2989,3304,6293
20210328,경부선,진위,617,625,1242
20210328,경부선,오산,6675,7290,13965
20210328,경부선,오산대,1736,1651,3387
20210328,경부선,세마,1363,1302,2665
20210328,경부선,병점,7578,8457,16035
20210328,경부선,세류,1662,1735,3397
20210328,경부선,독산,5125,5288,10413
20210328,경부선,수원,28714,27902,56616
20210328,경부선,화서,3200,3125,6325
20210328,경부선,성균관대,6476,6930,13406
20210328,경부선,의왕,3578,3619,7197
20210328,경부선,군포,2599,2488,5087
20210328,경부선,금정,11745,11898,23643
20210328,경부선,명학,3002,2961,5963
20210328,경부선,안양,11792,11583,23375
20210328,경부선,관악,3547,3367,6914
20210328,경부선,석수,4190,3910,8100
20210328,경부선,금천구청,5280,5324,10604
20210328,경부선,가산디지털단지,4022,5520,9542
20210328,경부선,구로,8900,8923,17823
20210328,경부선,신길,4297,3678,7975
20210328,경부선,신도림,1704,1614,3318
20210328,경부선,영등포,28509,27258,55767
20210328,경부선,대방,5227,5638,10865
20210328,경부선,노량진,5316,5138,10454
20210328,경부선,용산,25694,23265,48959
20210328,경부선,남영,3704,4082,7786
20210328,경부선,서울,5864,1253,7117
20210403,경부선,서울,4780,1503,6283
20210403,경부선,남영,5061,5078,10139
20210403,경부선,용산,26783,28340,55123
20210403,경부선,노량진,6286,6039,12325
20210403,경부선,대방,6934,6908,13842
20210403,경부선,영등포,34610,35790,70400
20210403,경부선,신도림,2107,2250,4357
20210403,경부선,신길,5171,4306,9477
20210403,경부선,구로,10811,10983,21794
20210403,경부선,가산디지털단지,4798,6669,11467
20210403,경부선,금천구청,6460,6484,12944
20210403,경부선,석수,5407,4940,10347
20210403,경부선,관악,4284,4164,8448
20210403,경부선,안양,14272,14588,28860
20210403,경부선,명학,4215,4048,8263
20210403,경부선,금정,14939,15026,29965
20210403,경부선,군포,3646,3398,7044
20210403,경부선,의왕,4609,4585,9194
20210403,경부선,성균관대,8493,8231,16724
20210403,경부선,화서,4101,4125,8226
20210403,경부선,수원,31442,33164,64606
20210403,경부선,독산,6944,7017,13961
20210403,경부선,세류,1955,2004,3959
20210403,경부선,병점,9599,9410,19009
20210403,경부선,세마,1692,1564,3256
20210403,경부선,오산대,2128,1976,4104
20210403,경부선,오산,7879,7289,15168
20210403,경부선,진위,886,774,1660
20210403,경부선,송탄,3669,3397,7066
20210403,경부선,서정리,5331,4447,9778
20210403,경부선,지제,2373,2066,4439
20210403,경부선,평택,10551,10041,20592
20210403,경부선,성환,2403,2195,4598
20210403,경부선,직산,514,509,1023
20210403,경부선,두정,4425,4492,8917
20210403,경부선,천안,4993,4985,9978
20210403,경부선,당정,3291,3139,6430
20210403,경부선,서동탄,884,939,1823
20210403,경부선,광명,2092,1921,4013
20210404,경부선,금천구청,5862,5865,11727
20210404,경부선,서울,5588,1176,6764
20210404,경부선,남영,3808,4063,7871
20210404,경부선,용산,25556,22980,48536
20210404,경부선,노량진,5509,5318,10827
20210404,경부선,대방,5608,5986,11594
20210404,경부선,영등포,29714,28623,58337
20210404,경부선,신도림,2194,2136,4330
20210404,경부선,신길,4450,4043,8493
20210404,경부선,구로,8659,8810,17469
20210404,경부선,가산디지털단지,4450,6152,10602
20210404,경부선,석수,4756,4616,9372
20210404,경부선,관악,4261,3942,8203
20210404,경부선,안양,12278,12089,24367
20210404,경부선,명학,3219,3125,6344
20210404,경부선,금정,12370,12657,25027
20210404,경부선,군포,2775,2584,5359
20210404,경부선,의왕,3928,4074,8002
20210404,경부선,성균관대,6844,7273,14117
20210404,경부선,화서,3622,3504,7126
20210404,경부선,수원,30832,29356,60188
20210404,경부선,독산,5425,5675,11100
20210404,경부선,세류,1741,1873,3614
20210404,경부선,병점,8021,8892,16913
20210404,경부선,세마,1536,1436,2972
20210404,경부선,오산대,1976,1873,3849
20210404,경부선,오산,6828,7466,14294
20210404,경부선,진위,707,714,1421
20210404,경부선,송탄,3132,3562,6694
20210404,경부선,서정리,3699,5177,8876
20210404,경부선,지제,1987,1756,3743
20210404,경부선,평택,9968,10704,20672
20210404,경부선,성환,2213,2853,5066
20210404,경부선,직산,495,533,1028
20210404,경부선,두정,3970,4505,8475
20210404,경부선,천안,5384,5051,10435
20210404,경부선,당정,2725,2757,5482
20210404,경부선,서동탄,743,725,1468
20210404,경부선,광명,2095,1422,3517
20210410,경부선,광명,2387,2269,4656
20210410,경부선,서동탄,1074,1108,2182
20210410,경부선,당정,4129,3849,7978
20210410,경부선,천안,5956,6127,12083
20210410,경부선,두정,5040,5381,10421
20210410,경부선,직산,667,632,1299
20210410,경부선,성환,2933,2791,5724
20210410,경부선,평택,13011,12287,25298
20210410,경부선,지제,2546,2388,4934
20210410,경부선,서정리,5810,4987,10797
20210410,경부선,송탄,4536,4159,8695
20210410,경부선,진위,1096,914,2010
20210410,경부선,오산,8990,8295,17285
20210410,경부선,오산대,2966,2621,5587
20210410,경부선,세마,2068,1830,3898
20210410,경부선,병점,11426,11374,22800
20210410,경부선,세류,2434,2505,4939
20210410,경부선,독산,8346,8324,16670
20210410,경부선,수원,36307,39034,75341
20210410,경부선,화서,5152,5180,10332
20210410,경부선,성균관대,9979,9802,19781
20210410,경부선,의왕,5907,5805,11712
20210410,경부선,군포,4363,4002,8365
20210410,경부선,금정,17920,17858,35778
20210410,경부선,명학,5085,4921,10006
20210410,경부선,안양,17579,17390,34969
20210410,경부선,관악,6111,5619,11730
20210410,경부선,석수,6907,6662,13569
20210410,경부선,금천구청,8321,8263,16584
20210410,경부선,가산디지털단지,6278,8393,14671
20210410,경부선,구로,13197,13475,26672
20210410,경부선,신길,6222,5251,11473
20210410,경부선,신도림,2991,3039,6030
20210410,경부선,영등포,36288,37613,73901
20210410,경부선,대방,7943,7743,15686
20210410,경부선,노량진,8387,7650,16037
20210410,경부선,용산,28542,30697,59239
20210410,경부선,남영,5248,5371,10619
20210410,경부선,서울,5585,1569,7154
20210411,경부선,광명,2189,1468,3657
20210411,경부선,서동탄,744,720,1464
20210411,경부선,당정,2861,2947,5808
20210411,경부선,천안,5972,5377,11349
20210411,경부선,두정,4230,4583,8813
20210411,경부선,직산,550,616,1166
20210411,경부선,성환,2692,3126,5818
20210411,경부선,평택,11076,11916,22992
20210411,경부선,지제,2101,1858,3959
20210411,경부선,서정리,4070,5445,9515
20210411,경부선,송탄,3589,3962,7551
20210411,경부선,진위,826,851,1677
20210411,경부선,오산,7363,7960,15323
20210411,경부선,오산대,2278,2191,4469
20210411,경부선,세마,1570,1460,3030
20210411,경부선,병점,8441,9423,17864
20210411,경부선,세류,2004,1999,4003
20210411,경부선,독산,5741,5845,11586
20210411,경부선,수원,31899,30718,62617
20210411,경부선,화서,3778,3688,7466
20210411,경부선,성균관대,6945,7315,14260
20210411,경부선,의왕,4087,4273,8360
20210411,경부선,군포,2983,2825,5808
20210411,경부선,금정,13187,13389,26576
20210411,경부선,명학,3459,3483,6942
20210411,경부선,안양,13288,12947,26235
20210411,경부선,관악,5066,4489,9555
20210411,경부선,석수,5305,5201,10506
20210411,경부선,금천구청,6090,6030,12120
20210411,경부선,가산디지털단지,4488,6251,10739
20210411,경부선,구로,9437,9852,19289
20210411,경부선,신길,4786,4310,9096
20210411,경부선,신도림,2298,2293,4591
20210411,경부선,영등포,28652,27722,56374
20210411,경부선,대방,5535,5946,11481
20210411,경부선,노량진,5638,5503,11141
20210411,경부선,용산,26391,23096,49487
20210411,경부선,남영,3829,4161,7990
20210411,경부선,서울,6116,1238,7354
20210417,경부선,서울,4889,1494,6383
20210417,경부선,남영,5626,5771,11397
20210417,경부선,용산,27420,29927,57347
20210417,경부선,노량진,8213,7463,15676
20210417,경부선,대방,7390,7468,14858
20210417,경부선,영등포,34828,36167,70995
20210417,경부선,신도림,2714,2790,5504
20210417,경부선,신길,6064,5063,11127
20210417,경부선,구로,12587,12779,25366
20210417,경부선,가산디지털단지,5702,7740,13442
20210417,경부선,금천구청,7890,7814,15704
20210417,경부선,석수,6463,6073,12536
20210417,경부선,관악,5612,5279,10891
20210417,경부선,안양,16405,16607,33012
20210417,경부선,명학,4971,4856,9827
20210417,경부선,금정,17522,17348,34870
20210417,경부선,군포,4174,3917,8091
20210417,경부선,의왕,5711,5624,11335
20210417,경부선,성균관대,9553,9313,18866
20210417,경부선,화서,5005,4985,9990
20210417,경부선,수원,33601,36433,70034
20210417,경부선,독산,8019,8093,16112
20210417,경부선,세류,2273,2321,4594
20210417,경부선,병점,11183,11077,22260
20210417,경부선,세마,1948,1753,3701
20210417,경부선,오산대,2502,2287,4789
20210417,경부선,오산,8751,8011,16762
20210417,경부선,진위,954,816,1770
20210417,경부선,송탄,4864,4294,9158
20210417,경부선,서정리,5704,4952,10656
20210417,경부선,지제,2446,2392,4838
20210417,경부선,평택,12779,11895,24674
20210417,경부선,성환,2769,2581,5350
20210417,경부선,직산,643,631,1274
20210417,경부선,두정,4727,5059,9786
20210417,경부선,천안,5467,5660,11127
20210417,경부선,당정,3677,3594,7271
20210417,경부선,서동탄,975,1062,2037
20210417,경부선,광명,2160,1990,4150
20210418,경부선,광명,2137,1424,3561
20210418,경부선,서동탄,759,785,1544
20210418,경부선,당정,2706,2778,5484
20210418,경부선,천안,5409,4923,10332
20210418,경부선,두정,4061,4337,8398
20210418,경부선,직산,522,573,1095
20210418,경부선,성환,2178,2469,4647
20210418,경부선,평택,10043,10782,20825
20210418,경부선,지제,2101,1866,3967
20210418,경부선,서정리,3707,5239,8946
20210418,경부선,송탄,3358,4052,7410
20210418,경부선,진위,774,810,1584
20210418,경부선,오산,7346,7980,15326
20210418,경부선,오산대,2024,1958,3982
20210418,경부선,세마,1543,1435,2978
20210418,경부선,병점,8083,8917,17000
20210418,경부선,세류,1754,1853,3607
20210418,경부선,독산,5534,5656,11190
20210418,경부선,수원,29670,28319,57989
20210418,경부선,화서,3541,3503,7044
20210418,경부선,성균관대,6750,7236,13986
20210418,경부선,의왕,4026,4036,8062
20210418,경부선,군포,2888,2748,5636
20210418,경부선,금정,12599,12867,25466
20210418,경부선,명학,3256,3201,6457
20210418,경부선,안양,12460,12119,24579
20210418,경부선,관악,4649,4314,8963
20210418,경부선,석수,5150,4930,10080
20210418,경부선,금천구청,5922,5906,11828
20210418,경부선,가산디지털단지,4371,5965,10336
20210418,경부선,구로,8899,8869,17768
20210418,경부선,신길,4496,3965,8461
20210418,경부선,신도림,2134,2175,4309
20210418,경부선,영등포,27761,26648,54409
20210418,경부선,대방,5369,5784,11153
20210418,경부선,노량진,5504,5411,10915
20210418,경부선,용산,25814,22638,48452
20210418,경부선,남영,3775,4002,7777
20210418,경부선,서울,5733,1145,6878
20210424,경부선,의왕,5809,5612,11421
20210424,경부선,군포,4178,3776,7954
20210424,경부선,금정,17591,17655,35246
20210424,경부선,명학,5174,5060,10234
20210424,경부선,안양,17101,17173,34274
20210424,경부선,관악,5978,5495,11473
20210424,경부선,석수,6982,6376,13358
20210424,경부선,금천구청,7997,7971,15968
20210424,경부선,가산디지털단지,5985,8046,14031
20210424,경부선,구로,12822,13225,26047
20210424,경부선,신길,6173,5235,11408
20210424,경부선,신도림,3120,3252,6372
20210424,경부선,영등포,34925,36282,71207
20210424,경부선,대방,7538,7478,15016
20210424,경부선,노량진,8506,7605,16111
20210424,경부선,용산,28293,30761,59054
20210424,경부선,남영,5385,5481,10866
20210424,경부선,서울,5245,1490,6735
20210424,경부선,광명,2207,2125,4332
20210424,경부선,서동탄,973,1068,2041
20210424,경부선,당정,3844,3671,7515
20210424,경부선,천안,5835,6098,11933
20210424,경부선,두정,5068,5357,10425
20210424,경부선,직산,645,678,1323
20210424,경부선,성환,2773,2630,5403
20210424,경부선,평택,12648,12031,24679
20210424,경부선,지제,2529,2512,5041
20210424,경부선,서정리,5896,4920,10816
20210424,경부선,송탄,4594,4114,8708
20210424,경부선,진위,1005,911,1916
20210424,경부선,오산,8868,8098,16966
20210424,경부선,오산대,2783,2480,5263
20210424,경부선,세마,2054,1878,3932
20210424,경부선,병점,11341,11220,22561
20210424,경부선,세류,2348,2407,4755
20210424,경부선,독산,8334,8131,16465
20210424,경부선,수원,34740,37242,71982
20210424,경부선,화서,4986,4907,9893
20210424,경부선,성균관대,9775,9615,19390
20210425,경부선,광명,2187,1501,3688
20210425,경부선,서동탄,692,735,1427
20210425,경부선,당정,2979,2880,5859
20210425,경부선,천안,5758,5286,11044
20210425,경부선,두정,4276,4576,8852
20210425,경부선,직산,521,598,1119
20210425,경부선,성환,2180,2632,4812
20210425,경부선,평택,10571,11504,22075
20210425,경부선,지제,2095,1863,3958
20210425,경부선,서정리,3716,5251,8967
20210425,경부선,송탄,3258,3877,7135
20210425,경부선,진위,783,798,1581
20210425,경부선,오산,7108,7552,14660
20210425,경부선,오산대,2258,2094,4352
20210425,경부선,세마,1480,1395,2875
20210425,경부선,병점,8296,9261,17557
20210425,경부선,세류,1943,1953,3896
20210425,경부선,독산,5514,5604,11118
20210425,경부선,수원,31009,29551,60560
20210425,경부선,화서,3736,3735,7471
20210425,경부선,성균관대,7263,7652,14915
20210425,경부선,의왕,4114,4216,8330
20210425,경부선,군포,3105,2932,6037
20210425,경부선,금정,13143,13303,26446
20210425,경부선,명학,3254,3310,6564
20210425,경부선,안양,12845,12601,25446
20210425,경부선,관악,4819,4248,9067
20210425,경부선,석수,4955,5107,10062
20210425,경부선,금천구청,6051,5904,11955
20210425,경부선,가산디지털단지,4368,6186,10554
20210425,경부선,구로,9419,9676,19095
20210425,경부선,신길,4708,4204,8912
20210425,경부선,신도림,2286,2277,4563
20210425,경부선,영등포,27648,26879,54527
20210425,경부선,대방,5447,5860,11307
20210425,경부선,노량진,5838,5574,11412
20210425,경부선,용산,26092,23342,49434
20210425,경부선,남영,3907,4266,8173
20210425,경부선,서울,6035,1281,7316
20210501,경부선,서울,5011,1588,6599
20210501,경부선,남영,4910,5197,10107
20210501,경부선,용산,29764,32555,62319
20210501,경부선,노량진,7681,7173,14854
20210501,경부선,대방,6944,7122,14066
20210501,경부선,영등포,36895,38077,74972
20210501,경부선,신도림,2600,2722,5322
20210501,경부선,신길,5591,4669,10260
20210501,경부선,구로,11880,12428,24308
20210501,경부선,가산디지털단지,5335,7374,12709
20210501,경부선,금천구청,7234,7230,14464
20210501,경부선,석수,5897,5387,11284
20210501,경부선,관악,5105,4771,9876
20210501,경부선,안양,16350,16210,32560
20210501,경부선,명학,4425,4278,8703
20210501,경부선,금정,16305,16203,32508
20210501,경부선,군포,3740,3430,7170
20210501,경부선,의왕,5181,5014,10195
20210501,경부선,성균관대,8978,9023,18001
20210501,경부선,화서,4568,4413,8981
20210501,경부선,수원,35438,38282,73720
20210501,경부선,독산,7526,7443,14969
20210501,경부선,세류,2113,2223,4336
20210501,경부선,병점,10494,10630,21124
20210501,경부선,세마,1907,1693,3600
20210501,경부선,오산대,2439,2239,4678
20210501,경부선,오산,8381,7972,16353
20210501,경부선,진위,916,815,1731
20210501,경부선,송탄,4151,3761,7912
20210501,경부선,서정리,4846,4393,9239
20210501,경부선,지제,2035,2028,4063
20210501,경부선,평택,12024,11431,23455
20210501,경부선,성환,2762,2539,5301
20210501,경부선,직산,526,525,1051
20210501,경부선,두정,4831,4861,9692
20210501,경부선,천안,5567,5835,11402
20210501,경부선,당정,3599,3392,6991
20210501,경부선,서동탄,958,975,1933
20210501,경부선,광명,2157,2037,4194
20210502,경부선,서울,6636,1332,7968
20210502,경부선,남영,4206,4488,8694
20210502,경부선,용산,28520,25557,54077
20210502,경부선,노량진,5637,5408,11045
20210502,경부선,대방,5625,6021,11646
20210502,경부선,영등포,29346,28259,57605
20210502,경부선,신도림,2210,2309,4519
20210502,경부선,신길,4686,4111,8797
20210502,경부선,구로,9102,9375,18477
20210502,경부선,가산디지털단지,4378,6108,10486
20210502,경부선,금천구청,6029,5852,11881
20210502,경부선,석수,5055,4974,10029
20210502,경부선,관악,4705,4305,9010
20210502,경부선,안양,13166,12753,25919
20210502,경부선,명학,3333,3396,6729
20210502,경부선,금정,13016,13262,26278
20210502,경부선,군포,2953,2742,5695
20210502,경부선,의왕,4166,4165,8331
20210502,경부선,성균관대,7222,7681,14903
20210502,경부선,화서,3702,3545,7247
20210502,경부선,수원,32562,31524,64086
20210502,경부선,독산,5671,5782,11453
20210502,경부선,세류,1833,1879,3712
20210502,경부선,병점,8622,9535,18157
20210502,경부선,세마,1547,1411,2958
20210502,경부선,오산대,2143,2125,4268
20210502,경부선,오산,7222,7815,15037
20210502,경부선,진위,762,805,1567
20210502,경부선,송탄,3316,3865,7181
20210502,경부선,서정리,3967,5651,9618
20210502,경부선,지제,2187,2004,4191
20210502,경부선,평택,10529,11624,22153
20210502,경부선,성환,2236,2740,4976
20210502,경부선,직산,523,601,1124
20210502,경부선,두정,4254,4649,8903
20210502,경부선,천안,5831,5433,11264
20210502,경부선,당정,2880,2915,5795
20210502,경부선,서동탄,757,774,1531
20210502,경부선,광명,2398,1659,4057
20210508,경부선,서울,4620,1497,6117
20210508,경부선,남영,4823,4844,9667
20210508,경부선,용산,26750,29444,56194
20210508,경부선,노량진,7134,6406,13540
20210508,경부선,대방,6909,6795,13704
20210508,경부선,영등포,31509,32741,64250
20210508,경부선,신도림,2608,2674,5282
20210508,경부선,신길,5723,4744,10467
20210508,경부선,구로,11781,11913,23694
20210508,경부선,가산디지털단지,5462,7251,12713
20210508,경부선,금천구청,7366,7370,14736
20210508,경부선,석수,5926,5490,11416
20210508,경부선,관악,4916,4728,9644
20210508,경부선,안양,14973,15396,30369
20210508,경부선,명학,4415,4156,8571
20210508,경부선,금정,15630,15704,31334
20210508,경부선,군포,3925,3699,7624
20210508,경부선,의왕,5092,4997,10089
20210508,경부선,성균관대,8690,8509,17199
20210508,경부선,화서,4335,4476,8811
20210508,경부선,수원,31630,33937,65567
20210508,경부선,독산,7370,7348,14718
20210508,경부선,세류,2209,2152,4361
20210508,경부선,병점,10163,10036,20199
20210508,경부선,세마,1890,1703,3593
20210508,경부선,오산대,2385,2068,4453
20210508,경부선,오산,8290,7837,16127
20210508,경부선,진위,907,827,1734
20210508,경부선,송탄,4409,3911,8320
20210508,경부선,서정리,5385,4638,10023
20210508,경부선,평택지제,2370,2198,4568
20210508,경부선,평택,11411,11258,22669
20210508,경부선,성환,2694,2572,5266
20210508,경부선,직산,583,594,1177
20210508,경부선,두정,4640,4661,9301
20210508,경부선,천안,5466,5785,11251
20210508,경부선,당정,3542,3464,7006
20210508,경부선,서동탄,905,924,1829
20210508,경부선,광명,1947,1937,3884
20210509,경부선,광명,2478,1463,3941
20210509,경부선,서동탄,740,725,1465
20210509,경부선,당정,3054,2948,6002
20210509,경부선,천안,6351,5638,11989
20210509,경부선,두정,4562,4908,9470
20210509,경부선,직산,565,600,1165
20210509,경부선,성환,2274,2818,5092
20210509,경부선,평택,11193,11495,22688
20210509,경부선,평택지제,2093,1813,3906
20210509,경부선,서정리,3907,5361,9268
20210509,경부선,송탄,3433,3888,7321
20210509,경부선,진위,788,762,1550
20210509,경부선,오산,7390,7823,15213
20210509,경부선,오산대,2241,2128,4369
20210509,경부선,세마,1632,1550,3182
20210509,경부선,병점,8744,9789,18533
20210509,경부선,세류,1948,1936,3884
20210509,경부선,독산,5543,5809,11352
20210509,경부선,수원,32101,30891,62992
20210509,경부선,화서,3876,3769,7645
20210509,경부선,성균관대,7231,8022,15253
20210509,경부선,의왕,4301,4215,8516
20210509,경부선,군포,2986,2801,5787
20210509,경부선,금정,13062,13442,26504
20210509,경부선,명학,3260,3307,6567
20210509,경부선,안양,13545,12727,26272
20210509,경부선,관악,4966,4338,9304
20210509,경부선,석수,5301,5264,10565
20210509,경부선,금천구청,6082,6090,12172
20210509,경부선,가산디지털단지,4232,6147,10379
20210509,경부선,구로,9251,9597,18848
20210509,경부선,신길,4546,4161,8707
20210509,경부선,신도림,2215,2290,4505
20210509,경부선,영등포,28283,27290,55573
20210509,경부선,대방,5426,5978,11404
20210509,경부선,노량진,5179,5041,10220
20210509,경부선,용산,29375,24075,53450
20210509,경부선,남영,3692,4219,7911
20210509,경부선,서울,7143,1282,8425
20210515,경부선,서울,5392,1702,7094
20210515,경부선,남영,5239,5307,10546
20210515,경부선,용산,30877,32829,63706
20210515,경부선,노량진,7347,6747,14094
20210515,경부선,대방,7422,7527,14949
20210515,경부선,영등포,36784,37517,74301
20210515,경부선,신도림,2473,2773,5246
20210515,경부선,신길,5888,4949,10837
20210515,경부선,구로,12437,12793,25230
20210515,경부선,가산디지털단지,5607,7807,13414
20210515,경부선,금천구청,7726,7606,15332
20210515,경부선,석수,6732,6145,12877
20210515,경부선,관악,5390,5280,10670
20210515,경부선,안양,16845,16972,33817
20210515,경부선,명학,5211,5072,10283
20210515,경부선,금정,16972,17103,34075
20210515,경부선,군포,4148,3837,7985
20210515,경부선,의왕,5578,5369,10947
20210515,경부선,성균관대,9840,9626,19466
20210515,경부선,화서,4748,4742,9490
20210515,경부선,수원,36310,39245,75555
20210515,경부선,독산,8250,8149,16399
20210515,경부선,세류,2386,2352,4738
20210515,경부선,병점,11433,11400,22833
20210515,경부선,세마,1993,1800,3793
20210515,경부선,오산대,2542,2311,4853
20210515,경부선,오산,8705,8159,16864
20210515,경부선,진위,942,809,1751
20210515,경부선,송탄,4394,4019,8413
20210515,경부선,서정리,5809,4806,10615
20210515,경부선,평택지제,2510,2336,4846
20210515,경부선,평택,12492,11682,24174
20210515,경부선,성환,2919,2632,5551
20210515,경부선,직산,573,577,1150
20210515,경부선,두정,5086,5152,10238
20210515,경부선,천안,5912,5958,11870
20210515,경부선,당정,3944,3775,7719
20210515,경부선,서동탄,1005,1008,2013
20210515,경부선,광명,2361,2217,4578
20210516,경부선,서울,6182,1333,7515
20210516,경부선,남영,3321,3654,6975
20210516,경부선,용산,26320,23044,49364
20210516,경부선,노량진,4001,4104,8105
20210516,경부선,대방,4541,5133,9674
20210516,경부선,영등포,26785,25218,52003
20210516,경부선,신도림,1427,1708,3135
20210516,경부선,신길,4114,3679,7793
20210516,경부선,구로,7983,8016,15999
20210516,경부선,가산디지털단지,3380,4919,8299
20210516,경부선,금천구청,4487,4670,9157
20210516,경부선,석수,3838,3365,7203
20210516,경부선,관악,3131,3047,6178
20210516,경부선,안양,10758,10471,21229
20210516,경부선,명학,2806,2707,5513
20210516,경부선,금정,10428,10898,21326
20210516,경부선,군포,2343,2271,4614
20210516,경부선,의왕,3228,3249,6477
20210516,경부선,성균관대,5898,6422,12320
20210516,경부선,화서,2828,2837,5665
20210516,경부선,수원,27897,26509,54406
20210516,경부선,독산,4705,4881,9586
20210516,경부선,세류,1607,1651,3258
20210516,경부선,병점,7256,8149,15405
20210516,경부선,세마,1304,1250,2554
20210516,경부선,오산대,1542,1507,3049
20210516,경부선,오산,6087,6640,12727
20210516,경부선,진위,599,590,1189
20210516,경부선,송탄,2758,3201,5959
20210516,경부선,서정리,3133,4527,7660
20210516,경부선,평택지제,1856,1649,3505
20210516,경부선,평택,8954,9735,18689
20210516,경부선,성환,1964,2471,4435
20210516,경부선,직산,408,458,866
20210516,경부선,두정,3713,4111,7824
20210516,경부선,천안,4935,4642,9577
20210516,경부선,당정,2309,2359,4668
20210516,경부선,서동탄,628,637,1265
20210516,경부선,광명,2174,1441,3615
20210522,경부선,노량진,8503,7485,15988
20210522,경부선,광명,2662,2494,5156
20210522,경부선,서동탄,1074,1117,2191
20210522,경부선,당정,4072,3854,7926
20210522,경부선,천안,6347,6397,12744
20210522,경부선,두정,5330,5537,10867
20210522,경부선,직산,666,647,1313
20210522,경부선,성환,2853,2658,5511
20210522,경부선,평택,13225,12499,25724
20210522,경부선,평택지제,2634,2458,5092
20210522,경부선,서정리,6090,5320,11410
20210522,경부선,송탄,4647,4314,8961
20210522,경부선,진위,979,918,1897
20210522,경부선,오산,9168,8598,17766
20210522,경부선,오산대,3039,2742,5781
20210522,경부선,세마,2218,1922,4140
20210522,경부선,병점,11936,11954,23890
20210522,경부선,세류,2437,2473,4910
20210522,경부선,독산,8635,8581,17216
20210522,경부선,수원,37235,39792,77027
20210522,경부선,화서,5263,5242,10505
20210522,경부선,성균관대,10294,10355,20649
20210522,경부선,의왕,6093,5857,11950
20210522,경부선,군포,4418,4127,8545
20210522,경부선,금정,18453,18060,36513
20210522,경부선,명학,5458,5234,10692
20210522,경부선,안양,17905,18024,35929
20210522,경부선,관악,6257,5896,12153
20210522,경부선,석수,7318,7042,14360
20210522,경부선,금천구청,8496,8430,16926
20210522,경부선,가산디지털단지,6137,8217,14354
20210522,경부선,구로,13141,13564,26705
20210522,경부선,신길,6308,5315,11623
20210522,경부선,신도림,3135,3201,6336
20210522,경부선,영등포,36368,37825,74193
20210522,경부선,대방,7816,7774,15590
20210522,경부선,용산,31549,34026,65575
20210522,경부선,남영,5806,5944,11750
20210522,경부선,서울,5776,1550,7326
20210523,경부선,서울,6594,1287,7881
20210523,경부선,남영,3910,4349,8259
20210523,경부선,용산,28393,25460,53853
20210523,경부선,노량진,5656,5372,11028
20210523,경부선,대방,5584,6054,11638
20210523,경부선,영등포,28268,27265,55533
20210523,경부선,신도림,2333,2411,4744
20210523,경부선,신길,4777,4220,8997
20210523,경부선,구로,9290,9559,18849
20210523,경부선,가산디지털단지,4441,6083,10524
20210523,경부선,금천구청,6097,6004,12101
20210523,경부선,석수,5394,5380,10774
20210523,경부선,관악,5036,4389,9425
20210523,경부선,안양,13226,12762,25988
20210523,경부선,명학,3336,3329,6665
20210523,경부선,금정,12901,13445,26346
20210523,경부선,군포,2902,2889,5791
20210523,경부선,의왕,4211,4303,8514
20210523,경부선,성균관대,7117,7571,14688
20210523,경부선,화서,3661,3583,7244
20210523,경부선,수원,31959,30764,62723
20210523,경부선,독산,5711,5844,11555
20210523,경부선,세류,1917,1974,3891
20210523,경부선,병점,8849,9579,18428
20210523,경부선,세마,1709,1559,3268
20210523,경부선,오산대,2282,2238,4520
20210523,경부선,오산,7484,8050,15534
20210523,경부선,진위,703,718,1421
20210523,경부선,송탄,3287,3718,7005
20210523,경부선,서정리,3871,5433,9304
20210523,경부선,평택지제,2125,1892,4017
20210523,경부선,평택,10632,11601,22233
20210523,경부선,성환,2165,2742,4907
20210523,경부선,직산,560,581,1141
20210523,경부선,두정,4420,4744,9164
20210523,경부선,천안,6009,5537,11546
20210523,경부선,당정,2869,2862,5731
20210523,경부선,서동탄,759,762,1521
20210523,경부선,광명,2403,1546,3949
20210529,경부선,서울,5228,1630,6858
20210529,경부선,남영,5601,5811,11412
20210529,경부선,용산,30940,33218,64158
20210529,경부선,노량진,7953,7071,15024
20210529,경부선,대방,7926,7893,15819
20210529,경부선,영등포,35516,36834,72350
20210529,경부선,신도림,2851,3023,5874
20210529,경부선,신길,6106,5053,11159
20210529,경부선,구로,13143,13650,26793
20210529,경부선,가산디지털단지,6003,7965,13968
20210529,경부선,금천구청,8246,8068,16314
20210529,경부선,석수,6970,6588,13558
20210529,경부선,관악,5976,5613,11589
20210529,경부선,안양,17328,17272,34600
20210529,경부선,명학,5482,5307,10789
20210529,경부선,금정,17891,17749,35640
20210529,경부선,군포,4135,3807,7942
20210529,경부선,의왕,5834,5797,11631
20210529,경부선,성균관대,9798,9831,19629
20210529,경부선,화서,5087,5100,10187
20210529,경부선,수원,36279,39046,75325
20210529,경부선,독산,8325,8354,16679
20210529,경부선,세류,2507,2485,4992
20210529,경부선,병점,11740,11669,23409
20210529,경부선,세마,2153,1955,4108
20210529,경부선,오산대,2935,2658,5593
20210529,경부선,오산,9060,8492,17552
20210529,경부선,진위,1011,916,1927
20210529,경부선,송탄,4827,4324,9151
20210529,경부선,서정리,5983,5111,11094
20210529,경부선,평택지제,2601,2502,5103
20210529,경부선,평택,12903,12380,25283
20210529,경부선,성환,2786,2617,5403
20210529,경부선,직산,624,623,1247
20210529,경부선,두정,5256,5466,10722
20210529,경부선,천안,6095,6264,12359
20210529,경부선,당정,3951,3650,7601
20210529,경부선,서동탄,1070,1073,2143
20210529,경부선,광명,2450,2208,4658
20210530,경부선,광명,2428,1651,4079
20210530,경부선,서동탄,865,826,1691
20210530,경부선,당정,2861,2954,5815
20210530,경부선,천안,5604,5258,10862
20210530,경부선,두정,4422,4696,9118
20210530,경부선,직산,508,589,1097
20210530,경부선,성환,2141,2543,4684
20210530,경부선,평택,10550,10981,21531
20210530,경부선,평택지제,2134,1996,4130
20210530,경부선,서정리,3758,5162,8920
20210530,경부선,송탄,3451,3888,7339
20210530,경부선,진위,713,694,1407
20210530,경부선,오산,7052,7706,14758
20210530,경부선,오산대,2283,2174,4457
20210530,경부선,세마,1663,1532,3195
20210530,경부선,병점,8412,9473,17885
20210530,경부선,세류,1880,1927,3807
20210530,경부선,독산,5559,5798,11357
20210530,경부선,수원,31558,29984,61542
20210530,경부선,화서,3871,3783,7654
20210530,경부선,성균관대,6746,7045,13791
20210530,경부선,의왕,4207,4278,8485
20210530,경부선,군포,2987,2864,5851
20210530,경부선,금정,12983,13374,26357
20210530,경부선,명학,3225,3288,6513
20210530,경부선,안양,12856,12694,25550
20210530,경부선,관악,4934,4428,9362
20210530,경부선,석수,5232,5205,10437
20210530,경부선,금천구청,6231,6116,12347
20210530,경부선,가산디지털단지,4504,6342,10846
20210530,경부선,구로,9408,9532,18940
20210530,경부선,신길,4528,4093,8621
20210530,경부선,신도림,2259,2241,4500
20210530,경부선,영등포,29200,27653,56853
20210530,경부선,대방,5555,5971,11526
20210530,경부선,노량진,5621,5325,10946
20210530,경부선,용산,28779,25253,54032
20210530,경부선,남영,4129,4507,8636
20210530,경부선,서울,6497,1302,7799
20210605,경부선,서울,5413,1625,7038
20210605,경부선,남영,5763,5945,11708
20210605,경부선,용산,30324,33049,63373
20210605,경부선,노량진,8373,7650,16023
20210605,경부선,대방,7793,7805,15598
20210605,경부선,영등포,35646,37281,72927
20210605,경부선,신도림,3163,3256,6419
20210605,경부선,신길,6354,5296,11650
20210605,경부선,구로,13049,13565,26614
20210605,경부선,가산디지털단지,6141,8248,14389
20210605,경부선,금천구청,8824,8645,17469
20210605,경부선,석수,7276,6754,14030
20210605,경부선,관악,6087,5694,11781
20210605,경부선,안양,17492,17463,34955
20210605,경부선,명학,5032,4887,9919
20210605,경부선,금정,18106,17779,35885
20210605,경부선,군포,4465,4001,8466
20210605,경부선,의왕,6024,5797,11821
20210605,경부선,성균관대,10391,9985,20376
20210605,경부선,화서,5546,5424,10970
20210605,경부선,수원,36010,39115,75125
20210605,경부선,독산,8326,8290,16616
20210605,경부선,세류,2525,2433,4958
20210605,경부선,병점,11945,11903,23848
20210605,경부선,세마,2148,1855,4003
20210605,경부선,오산대,2914,2561,5475
20210605,경부선,오산,9192,8531,17723
20210605,경부선,진위,1000,872,1872
20210605,경부선,송탄,4520,4148,8668
20210605,경부선,서정리,5775,5172,10947
20210605,경부선,평택지제,2570,2474,5044
20210605,경부선,평택,13323,12631,25954
20210605,경부선,성환,2903,2676,5579
20210605,경부선,직산,653,697,1350
20210605,경부선,두정,5188,5330,10518
20210605,경부선,천안,5780,6126,11906
20210605,경부선,당정,4148,3893,8041
20210605,경부선,서동탄,989,1047,2036
20210605,경부선,광명,2543,2191,4734
20210606,경부선,서울,6223,1255,7478
20210606,경부선,남영,3754,4086,7840
20210606,경부선,용산,28287,24846,53133
20210606,경부선,노량진,5523,5332,10855
20210606,경부선,대방,5508,5913,11421
20210606,경부선,영등포,28739,27813,56552
20210606,경부선,신도림,2213,2147,4360
20210606,경부선,신길,4561,4023,8584
20210606,경부선,구로,9111,9282,18393
20210606,경부선,가산디지털단지,4405,6091,10496
20210606,경부선,금천구청,5855,5834,11689
20210606,경부선,석수,5113,5156,10269
20210606,경부선,관악,4780,4353,9133
20210606,경부선,안양,12759,12301,25060
20210606,경부선,명학,3311,3255,6566
20210606,경부선,금정,12984,13312,26296
20210606,경부선,군포,2984,2828,5812
20210606,경부선,의왕,4110,4196,8306
20210606,경부선,성균관대,6952,7316,14268
20210606,경부선,화서,3656,3527,7183
20210606,경부선,수원,30695,29564,60259
20210606,경부선,독산,5511,5750,11261
20210606,경부선,세류,1917,1951,3868
20210606,경부선,병점,8548,9462,18010
20210606,경부선,세마,1514,1453,2967
20210606,경부선,오산대,2083,2081,4164
20210606,경부선,오산,7162,7627,14789
20210606,경부선,진위,698,756,1454
20210606,경부선,송탄,3281,3631,6912
20210606,경부선,서정리,3847,5195,9042
20210606,경부선,평택지제,2115,1940,4055
20210606,경부선,평택,10482,11329,21811
20210606,경부선,성환,2245,2755,5000
20210606,경부선,직산,523,553,1076
20210606,경부선,두정,4197,4397,8594
20210606,경부선,천안,5703,5279,10982
20210606,경부선,당정,2903,3024,5927
20210606,경부선,서동탄,828,830,1658
20210606,경부선,광명,2221,1646,3867
20210612,경부선,서울,5256,1554,6810
20210612,경부선,남영,5545,5543,11088
20210612,경부선,용산,29525,32284,61809
20210612,경부선,노량진,7955,7181,15136
20210612,경부선,대방,7571,7425,14996
20210612,경부선,영등포,35189,36672,71861
20210612,경부선,신도림,2917,2975,5892
20210612,경부선,신길,5968,4924,10892
20210612,경부선,구로,12620,12957,25577
20210612,경부선,가산디지털단지,5963,8004,13967
20210612,경부선,금천구청,7927,7815,15742
20210612,경부선,석수,6792,6315,13107
20210612,경부선,관악,5743,5267,11010
20210612,경부선,안양,16950,17071,34021
20210612,경부선,명학,4745,4597,9342
20210612,경부선,금정,17790,17365,35155
20210612,경부선,군포,4198,3907,8105
20210612,경부선,의왕,5505,5414,10919
20210612,경부선,성균관대,9797,9757,19554
20210612,경부선,화서,5144,5053,10197
20210612,경부선,수원,35617,38375,73992
20210612,경부선,독산,8081,8025,16106
20210612,경부선,세류,2347,2428,4775
20210612,경부선,병점,11546,11359,22905
20210612,경부선,세마,2023,1849,3872
20210612,경부선,오산대,2839,2547,5386
20210612,경부선,오산,8814,8166,16980
20210612,경부선,진위,981,899,1880
20210612,경부선,송탄,4571,4165,8736
20210612,경부선,서정리,5987,5352,11339
20210612,경부선,평택지제,2495,2499,4994
20210612,경부선,평택,12949,12254,25203
20210612,경부선,성환,2865,2623,5488
20210612,경부선,직산,586,589,1175
20210612,경부선,두정,4983,5241,10224
20210612,경부선,천안,5787,5981,11768
20210612,경부선,당정,3802,3560,7362
20210612,경부선,서동탄,1028,1002,2030
20210612,경부선,광명,2411,2250,4661
20210613,경부선,서울,6068,1394,7462
20210613,경부선,남영,3851,4187,8038
20210613,경부선,용산,27123,23894,51017
20210613,경부선,노량진,5374,5049,10423
20210613,경부선,대방,5321,5703,11024
20210613,경부선,영등포,28729,28021,56750
20210613,경부선,신도림,2150,2317,4467
20210613,경부선,신길,4546,3972,8518
20210613,경부선,구로,9162,9249,18411
20210613,경부선,가산디지털단지,4274,6098,10372
20210613,경부선,금천구청,5675,5576,11251
20210613,경부선,석수,4972,4919,9891
20210613,경부선,관악,4560,4131,8691
20210613,경부선,안양,12380,12141,24521
20210613,경부선,명학,3189,3080,6269
20210613,경부선,금정,12519,12940,25459
20210613,경부선,군포,2870,2867,5737
20210613,경부선,의왕,3929,4021,7950
20210613,경부선,성균관대,6864,7210,14074
20210613,경부선,화서,3497,3414,6911
20210613,경부선,수원,30938,29843,60781
20210613,경부선,독산,5403,5494,10897
20210613,경부선,세류,1894,1933,3827
20210613,경부선,병점,8436,9422,17858
20210613,경부선,세마,1557,1436,2993
20210613,경부선,오산대,2020,1997,4017
20210613,경부선,오산,7466,8034,15500
20210613,경부선,진위,742,780,1522
20210613,경부선,송탄,3418,3782,7200
20210613,경부선,서정리,3765,5230,8995
20210613,경부선,평택지제,2075,1906,3981
20210613,경부선,평택,10565,11384,21949
20210613,경부선,성환,2197,2640,4837
20210613,경부선,직산,492,574,1066
20210613,경부선,두정,4077,4322,8399
20210613,경부선,천안,5936,5364,11300
20210613,경부선,당정,2737,2716,5453
20210613,경부선,서동탄,716,745,1461
20210613,경부선,광명,2259,1485,3744
20210619,경부선,서울,5673,1661,7334
20210619,경부선,남영,5693,5820,11513
20210619,경부선,용산,31602,34735,66337
20210619,경부선,노량진,8286,7363,15649
20210619,경부선,대방,7946,7851,15797
20210619,경부선,영등포,37564,39315,76879
20210619,경부선,신도림,3001,3156,6157
20210619,경부선,신길,6259,5107,11366
20210619,경부선,구로,13471,13856,27327
20210619,경부선,가산디지털단지,6177,8224,14401
20210619,경부선,금천구청,8231,8221,16452
20210619,경부선,석수,7175,6737,13912
20210619,경부선,관악,5972,5581,11553
20210619,경부선,안양,17838,17869,35707
20210619,경부선,명학,5104,4878,9982
20210619,경부선,금정,17963,17940,35903
20210619,경부선,군포,4314,3840,8154
20210619,경부선,의왕,5937,5643,11580
20210619,경부선,성균관대,10197,10134,20331
20210619,경부선,화서,5270,5337,10607
20210619,경부선,수원,37150,39938,77088
20210619,경부선,독산,8445,8527,16972
20210619,경부선,세류,2485,2495,4980
20210619,경부선,병점,12128,11802,23930
20210619,경부선,세마,2153,1903,4056
20210619,경부선,오산대,2819,2594,5413
20210619,경부선,오산,9519,8776,18295
20210619,경부선,진위,1046,965,2011
20210619,경부선,송탄,4510,4089,8599
20210619,경부선,서정리,6078,5151,11229
20210619,경부선,평택지제,2600,2556,5156
20210619,경부선,평택,13347,12864,26211
20210619,경부선,성환,2910,2595,5505
20210619,경부선,직산,658,674,1332
20210619,경부선,두정,5291,5702,10993
20210619,경부선,천안,6579,6602,13181
20210619,경부선,당정,4012,3864,7876
20210619,경부선,서동탄,1073,1116,2189
20210619,경부선,광명,2505,2374,4879
20210620,경부선,광명,2048,1442,3490
20210620,경부선,서동탄,759,770,1529
20210620,경부선,당정,2935,2860,5795
20210620,경부선,천안,6061,5499,11560
20210620,경부선,두정,4342,4448,8790
20210620,경부선,직산,541,596,1137
20210620,경부선,성환,2268,2609,4877
20210620,경부선,평택,10962,11200,22162
20210620,경부선,평택지제,2098,2001,4099
20210620,경부선,서정리,3919,5262,9181
20210620,경부선,송탄,3332,3785,7117
20210620,경부선,진위,737,749,1486
20210620,경부선,오산,7235,7769,15004
20210620,경부선,오산대,2071,2089,4160
20210620,경부선,세마,1552,1439,2991
20210620,경부선,병점,8639,9632,18271
20210620,경부선,세류,1971,1978,3949
20210620,경부선,독산,5656,5885,11541
20210620,경부선,수원,32302,31106,63408
20210620,경부선,화서,3643,3606,7249
20210620,경부선,성균관대,7163,7554,14717
20210620,경부선,의왕,4100,4210,8310
20210620,경부선,군포,2920,2822,5742
20210620,경부선,금정,12919,13327,26246
20210620,경부선,명학,3332,3240,6572
20210620,경부선,안양,13180,12818,25998
20210620,경부선,관악,4674,4486,9160
20210620,경부선,석수,5040,4873,9913
20210620,경부선,금천구청,6071,5808,11879
20210620,경부선,가산디지털단지,4459,6301,10760
20210620,경부선,구로,9093,9388,18481
20210620,경부선,신길,4531,4003,8534
20210620,경부선,신도림,2190,2518,4708
20210620,경부선,영등포,29367,28274,57641
20210620,경부선,대방,5494,5911,11405
20210620,경부선,노량진,5424,5083,10507
20210620,경부선,용산,29824,26768,56592
20210620,경부선,남영,4339,4555,8894
20210620,경부선,서울,6605,1380,7985
20210626,경부선,서울,5973,1752,7725
20210626,경부선,남영,5809,5995,11804
20210626,경부선,용산,32065,34950,67015
20210626,경부선,노량진,8391,7564,15955
20210626,경부선,대방,7578,7358,14936
20210626,경부선,영등포,37888,38901,76789
20210626,경부선,신도림,2852,3019,5871
20210626,경부선,신길,6057,5011,11068
20210626,경부선,구로,12607,12998,25605
20210626,경부선,가산디지털단지,5991,8025,14016
20210626,경부선,금천구청,8117,8092,16209
20210626,경부선,석수,6600,5966,12566
20210626,경부선,관악,5478,5302,10780
20210626,경부선,안양,17261,17336,34597
20210626,경부선,명학,4795,4659,9454
20210626,경부선,금정,17727,17595,35322
20210626,경부선,군포,4329,3998,8327
20210626,경부선,의왕,5678,5531,11209
20210626,경부선,성균관대,10107,9923,20030
20210626,경부선,화서,5018,5075,10093
20210626,경부선,수원,36249,39073,75322
20210626,경부선,독산,8332,8416,16748
20210626,경부선,세류,2346,2448,4794
20210626,경부선,병점,11546,11282,22828
20210626,경부선,세마,2175,1945,4120
20210626,경부선,오산대,2743,2517,5260
20210626,경부선,오산,9174,8491,17665
20210626,경부선,진위,1003,888,1891
20210626,경부선,송탄,4668,4187,8855
20210626,경부선,서정리,5863,5067,10930
20210626,경부선,평택지제,2627,2463,5090
20210626,경부선,평택,12659,12125,24784
20210626,경부선,성환,2786,2616,5402
20210626,경부선,직산,628,623,1251
20210626,경부선,두정,5047,5349,10396
20210626,경부선,천안,6027,6161,12188
20210626,경부선,당정,3974,3702,7676
20210626,경부선,서동탄,1033,1050,2083
20210626,경부선,광명,2411,2287,4698
20210627,경부선,광명,2402,1610,4012
20210627,경부선,서동탄,753,810,1563
20210627,경부선,당정,2808,2905,5713
20210627,경부선,천안,6271,5655,11926
20210627,경부선,두정,4427,4534,8961
20210627,경부선,직산,522,536,1058
20210627,경부선,성환,2181,2545,4726
20210627,경부선,평택,10751,11437,22188
20210627,경부선,평택지제,2081,1913,3994
20210627,경부선,서정리,3918,5329,9247
20210627,경부선,송탄,3273,3685,6958
20210627,경부선,진위,728,774,1502
20210627,경부선,오산,7311,7656,14967
20210627,경부선,오산대,2223,2206,4429
20210627,경부선,세마,1617,1519,3136
20210627,경부선,병점,8599,9687,18286
20210627,경부선,세류,2063,2034,4097
20210627,경부선,독산,5652,5878,11530
20210627,경부선,수원,32148,31157,63305
20210627,경부선,화서,3753,3779,7532
20210627,경부선,성균관대,7470,7830,15300
20210627,경부선,의왕,4228,4273,8501
20210627,경부선,군포,2860,2811,5671
20210627,경부선,금정,13137,13565,26702
20210627,경부선,명학,3231,3270,6501
20210627,경부선,안양,13033,12684,25717
20210627,경부선,관악,5032,4446,9478
20210627,경부선,석수,5248,5288,10536
20210627,경부선,금천구청,6040,5860,11900
20210627,경부선,가산디지털단지,4387,6143,10530
20210627,경부선,구로,9502,9767,19269
20210627,경부선,신길,4649,4118,8767
20210627,경부선,신도림,2152,2365,4517
20210627,경부선,영등포,31177,29577,60754
20210627,경부선,대방,5462,5889,11351
20210627,경부선,노량진,5777,5446,11223
20210627,경부선,용산,30669,27090,57759
20210627,경부선,남영,4290,4734,9024
20210627,경부선,서울,7092,1489,8581
20210703,경부선,광명,2278,2092,4370
20210703,경부선,서동탄,918,978,1896
20210703,경부선,당정,3604,3462,7066
20210703,경부선,천안,5489,6066,11555
20210703,경부선,두정,5116,5439,10555
20210703,경부선,직산,558,549,1107
20210703,경부선,성환,2431,2279,4710
20210703,경부선,평택,11423,11335,22758
20210703,경부선,평택지제,2482,2333,4815
20210703,경부선,서정리,5083,4471,9554
20210703,경부선,송탄,4117,3666,7783
20210703,경부선,진위,944,899,1843
20210703,경부선,오산,8468,8074,16542
20210703,경부선,오산대,2450,2225,4675
20210703,경부선,세마,1914,1771,3685
20210703,경부선,병점,10646,10512,21158
20210703,경부선,세류,2257,2258,4515
20210703,경부선,독산,7707,7743,15450
20210703,경부선,수원,33601,35621,69222
20210703,경부선,화서,4601,4509,9110
20210703,경부선,성균관대,9054,9090,18144
20210703,경부선,의왕,5117,5049,10166
20210703,경부선,군포,3892,3567,7459
20210703,경부선,금정,16446,16474,32920
20210703,경부선,명학,4399,4224,8623
20210703,경부선,안양,15997,16094,32091
20210703,경부선,관악,5227,4988,10215
20210703,경부선,석수,6243,5889,12132
20210703,경부선,금천구청,7461,7541,15002
20210703,경부선,가산디지털단지,5386,7407,12793
20210703,경부선,구로,12244,12516,24760
20210703,경부선,신길,6363,4899,11262
20210703,경부선,신도림,2499,2757,5256
20210703,경부선,영등포,38445,37530,75975
20210703,경부선,대방,7570,7559,15129
20210703,경부선,노량진,7323,6628,13951
20210703,경부선,용산,31056,31827,62883
20210703,경부선,남영,5160,5333,10493
20210703,경부선,서울,5229,1477,6706
20210704,경부선,서울,6213,1339,7552
20210704,경부선,남영,3728,3918,7646
20210704,경부선,용산,27155,23956,51111
20210704,경부선,노량진,4571,4524,9095
20210704,경부선,대방,4904,5298,10202
20210704,경부선,영등포,27096,26338,53434
20210704,경부선,신도림,1718,1936,3654
20210704,경부선,신길,4203,3715,7918
20210704,경부선,구로,8039,8044,16083
20210704,경부선,가산디지털단지,3824,5283,9107
20210704,경부선,금천구청,4959,5040,9999
20210704,경부선,석수,4066,3697,7763
20210704,경부선,관악,3410,3198,6608
20210704,경부선,안양,10871,10727,21598
20210704,경부선,명학,2632,2566,5198
20210704,경부선,금정,10983,11477,22460
20210704,경부선,군포,2549,2418,4967
20210704,경부선,의왕,3446,3542,6988
20210704,경부선,성균관대,6212,6719,12931
20210704,경부선,화서,3185,3225,6410
20210704,경부선,수원,27794,26758,54552
20210704,경부선,독산,4911,5159,10070
20210704,경부선,세류,1703,1743,3446
20210704,경부선,병점,7469,8398,15867
20210704,경부선,세마,1425,1344,2769
20210704,경부선,오산대,1649,1605,3254
20210704,경부선,오산,6429,6995,13424
20210704,경부선,진위,725,786,1511
20210704,경부선,송탄,3085,3453,6538
20210704,경부선,서정리,3368,4742,8110
20210704,경부선,평택지제,1852,1752,3604
20210704,경부선,평택,9592,9770,19362
20210704,경부선,성환,2034,2292,4326
20210704,경부선,직산,439,507,946
20210704,경부선,두정,4437,4477,8914
20210704,경부선,천안,5472,4998,10470
20210704,경부선,당정,2460,2527,4987
20210704,경부선,서동탄,696,742,1438
20210704,경부선,광명,2061,1431,3492
20210710,경부선,직산,507,502,1009
20210710,경부선,두정,4905,5341,10246
20210710,경부선,천안,5166,5467,10633
20210710,경부선,서울,3864,1354,5218
20210710,경부선,남영,4783,4837,9620
20210710,경부선,용산,24079,27204,51283
20210710,경부선,노량진,6409,5703,12112
20210710,경부선,대방,6348,6365,12713
20210710,경부선,영등포,28436,29905,58341
20210710,경부선,신도림,2401,2410,4811
20210710,경부선,신길,5396,4329,9725
20210710,경부선,구로,10860,11111,21971
20210710,경부선,가산디지털단지,5196,6635,11831
20210710,경부선,금천구청,6808,6752,13560
20210710,경부선,석수,5299,4863,10162
20210710,경부선,관악,4768,4671,9439
20210710,경부선,안양,14038,14153,28191
20210710,경부선,명학,4011,3893,7904
20210710,경부선,금정,14897,15035,29932
20210710,경부선,군포,3696,3430,7126
20210710,경부선,의왕,4959,4737,9696
20210710,경부선,성균관대,8395,8259,16654
20210710,경부선,화서,4159,4218,8377
20210710,경부선,수원,29020,31532,60552
20210710,경부선,독산,7059,7058,14117
20210710,경부선,세류,2132,2217,4349
20210710,경부선,병점,9718,9489,19207
20210710,경부선,세마,1815,1615,3430
20210710,경부선,오산대,2293,2058,4351
20210710,경부선,오산,7709,7309,15018
20210710,경부선,진위,870,787,1657
20210710,경부선,송탄,3767,3471,7238
20210710,경부선,서정리,5080,4286,9366
20210710,경부선,평택지제,2253,2107,4360
20210710,경부선,평택,10771,10422,21193
20210710,경부선,성환,2517,2403,4920
20210710,경부선,당정,3357,3255,6612
20210710,경부선,서동탄,758,800,1558
20210710,경부선,광명,1856,1806,3662
20210711,경부선,서울,5154,1045,6199
20210711,경부선,남영,3186,3409,6595
20210711,경부선,용산,22908,19894,42802
20210711,경부선,노량진,4150,3922,8072
20210711,경부선,대방,4302,4787,9089
20210711,경부선,영등포,22375,21463,43838
20210711,경부선,신도림,1717,1693,3410
20210711,경부선,신길,3812,3366,7178
20210711,경부선,구로,7365,7657,15022
20210711,경부선,가산디지털단지,3536,4795,8331
20210711,경부선,금천구청,4781,4825,9606
20210711,경부선,석수,3863,3715,7578
20210711,경부선,관악,3510,3214,6724
20210711,경부선,안양,10219,9934,20153
20210711,경부선,명학,2633,2610,5243
20210711,경부선,금정,10409,10836,21245
20210711,경부선,군포,2426,2311,4737
20210711,경부선,의왕,3312,3348,6660
20210711,경부선,성균관대,5888,6232,12120
20210711,경부선,화서,3132,2949,6081
20210711,경부선,수원,25250,24388,49638
20210711,경부선,독산,4499,4748,9247
20210711,경부선,세류,1565,1630,3195
20210711,경부선,병점,6870,7673,14543
20210711,경부선,세마,1329,1286,2615
20210711,경부선,오산대,1638,1640,3278
20210711,경부선,오산,5988,6505,12493
20210711,경부선,진위,704,716,1420
20210711,경부선,송탄,2786,3086,5872
20210711,경부선,서정리,3403,4671,8074
20210711,경부선,평택지제,1815,1622,3437
20210711,경부선,평택,9024,9396,18420
20210711,경부선,성환,2141,2434,4575
20210711,경부선,직산,437,520,957
20210711,경부선,두정,4274,4361,8635
20210711,경부선,천안,5161,4753,9914
20210711,경부선,당정,2295,2327,4622
20210711,경부선,서동탄,588,586,1174
20210711,경부선,광명,1789,1218,3007
20210717,경부선,광명,1687,1596,3283
20210717,경부선,서동탄,727,731,1458
20210717,경부선,당정,2800,2691,5491
20210717,경부선,천안,4673,5084,9757
20210717,경부선,두정,4021,4286,8307
20210717,경부선,직산,514,558,1072
20210717,경부선,성환,2240,2074,4314
20210717,경부선,평택,9465,9338,18803
20210717,경부선,평택지제,2094,1925,4019
20210717,경부선,서정리,4729,4051,8780
20210717,경부선,송탄,3410,3007,6417
20210717,경부선,진위,790,746,1536
20210717,경부선,오산,7227,6760,13987
20210717,경부선,오산대,1924,1803,3727
20210717,경부선,세마,1545,1365,2910
20210717,경부선,병점,8561,8597,17158
20210717,경부선,세류,1916,2002,3918
20210717,경부선,독산,6459,6570,13029
20210717,경부선,수원,25930,28092,54022
20210717,경부선,화서,3618,3624,7242
20210717,경부선,성균관대,7212,7154,14366
20210717,경부선,의왕,4418,4337,8755
20210717,경부선,군포,3456,3274,6730
20210717,경부선,금정,13568,13509,27077
20210717,경부선,명학,3794,3658,7452
20210717,경부선,안양,12997,12989,25986
20210717,경부선,관악,4308,4048,8356
20210717,경부선,석수,5094,4763,9857
20210717,경부선,금천구청,6032,6137,12169
20210717,경부선,가산디지털단지,4538,6171,10709
20210717,경부선,구로,9759,9885,19644
20210717,경부선,신길,4718,3833,8551
20210717,경부선,신도림,2094,2103,4197
20210717,경부선,영등포,25594,26924,52518
20210717,경부선,대방,5806,5734,11540
20210717,경부선,노량진,5788,5093,10881
20210717,경부선,용산,21294,23961,45255
20210717,경부선,남영,3951,4010,7961
20210717,경부선,서울,3148,1169,4317
20210718,경부선,광명,1680,1143,2823
20210718,경부선,서동탄,515,559,1074
20210718,경부선,당정,2021,2088,4109
20210718,경부선,천안,4924,4533,9457
20210718,경부선,두정,3568,3686,7254
20210718,경부선,직산,416,470,886
20210718,경부선,성환,1809,1991,3800
20210718,경부선,평택,8194,8417,16611
20210718,경부선,평택지제,1757,1562,3319
20210718,경부선,서정리,3071,4261,7332
20210718,경부선,송탄,2596,2882,5478
20210718,경부선,진위,513,550,1063
20210718,경부선,오산,5856,6338,12194
20210718,경부선,오산대,1529,1578,3107
20210718,경부선,세마,1198,1177,2375
20210718,경부선,병점,6402,6981,13383
20210718,경부선,세류,1503,1563,3066
20210718,경부선,독산,4237,4387,8624
20210718,경부선,수원,23322,22104,45426
20210718,경부선,화서,2599,2580,5179
20210718,경부선,성균관대,5270,5558,10828
20210718,경부선,의왕,2947,3074,6021
20210718,경부선,군포,2226,2128,4354
20210718,경부선,금정,9496,10005,19501
20210718,경부선,명학,2345,2455,4800
20210718,경부선,안양,9423,9197,18620
20210718,경부선,관악,3397,3060,6457
20210718,경부선,석수,3500,3461,6961
20210718,경부선,금천구청,4389,4331,8720
20210718,경부선,가산디지털단지,3334,4579,7913
20210718,경부선,구로,6732,6701,13433
20210718,경부선,서울,4340,872,5212
20210718,경부선,남영,2739,3009,5748
20210718,경부선,용산,22322,18834,41156
20210718,경부선,노량진,3858,3796,7654
20210718,경부선,대방,3732,4170,7902
20210718,경부선,영등포,21894,20625,42519
20210718,경부선,신도림,1460,1549,3009
20210718,경부선,신길,3519,3026,6545
20210724,경부선,서울,3172,1025,4197
20210724,경부선,남영,3858,3720,7578
20210724,경부선,용산,21101,24380,45481
20210724,경부선,노량진,5823,5468,11291
20210724,경부선,대방,5552,5810,11362
20210724,경부선,영등포,26401,27568,53969
20210724,경부선,신도림,1951,1929,3880
20210724,경부선,신길,4637,3854,8491
20210724,경부선,구로,9629,10257,19886
20210724,경부선,가산디지털단지,4572,6226,10798
20210724,경부선,금천구청,5745,6285,12030
20210724,경부선,석수,5154,4816,9970
20210724,경부선,관악,4130,4059,8189
20210724,경부선,안양,12739,13263,26002
20210724,경부선,명학,4048,3898,7946
20210724,경부선,금정,13376,13733,27109
20210724,경부선,군포,3377,3048,6425
20210724,경부선,의왕,4315,4324,8639
20210724,경부선,성균관대,7254,7281,14535
20210724,경부선,화서,3548,3608,7156
20210724,경부선,수원,26049,27781,53830
20210724,경부선,독산,6282,6518,12800
20210724,경부선,세류,1997,1990,3987
20210724,경부선,병점,8817,8667,17484
20210724,경부선,세마,1508,1377,2885
20210724,경부선,오산대,1917,1799,3716
20210724,경부선,오산,6834,6574,13408
20210724,경부선,진위,775,674,1449
20210724,경부선,송탄,3430,3226,6656
20210724,경부선,서정리,4591,3843,8434
20210724,경부선,평택지제,2094,1976,4070
20210724,경부선,평택,9654,9384,19038
20210724,경부선,성환,2159,2057,4216
20210724,경부선,직산,507,477,984
20210724,경부선,두정,4156,4366,8522
20210724,경부선,천안,4939,5222,10161
20210724,경부선,당정,2889,2740,5629
20210724,경부선,서동탄,761,803,1564
20210724,경부선,광명,1586,1629,3215
20210725,경부선,서울,4262,931,5193
20210725,경부선,남영,2664,3005,5669
20210725,경부선,용산,21124,17773,38897
20210725,경부선,노량진,3875,3626,7501
20210725,경부선,대방,3796,4109,7905
20210725,경부선,영등포,21861,20681,42542
20210725,경부선,신도림,1335,1475,2810
20210725,경부선,신길,3367,2934,6301
20210725,경부선,구로,6560,6604,13164
20210725,경부선,가산디지털단지,3074,4482,7556
20210725,경부선,금천구청,4220,4169,8389
20210725,경부선,석수,3421,3279,6700
20210725,경부선,관악,3162,3038,6200
20210725,경부선,안양,9454,9283,18737
20210725,경부선,명학,2348,2314,4662
20210725,경부선,금정,9355,9779,19134
20210725,경부선,군포,2206,2105,4311
20210725,경부선,의왕,2817,2884,5701
20210725,경부선,성균관대,5113,5501,10614
20210725,경부선,화서,2507,2420,4927
20210725,경부선,수원,23067,21794,44861
20210725,경부선,독산,3973,4174,8147
20210725,경부선,세류,1461,1542,3003
20210725,경부선,병점,6276,6934,13210
20210725,경부선,세마,1130,1069,2199
20210725,경부선,오산대,1479,1487,2966
20210725,경부선,오산,5486,5855,11341
20210725,경부선,진위,542,584,1126
20210725,경부선,송탄,2574,2877,5451
20210725,경부선,서정리,2921,4092,7013
20210725,경부선,평택지제,1643,1454,3097
20210725,경부선,평택,8094,8410,16504
20210725,경부선,성환,1672,1973,3645
20210725,경부선,직산,382,424,806
20210725,경부선,두정,3724,3716,7440
20210725,경부선,천안,4947,4591,9538
20210725,경부선,당정,1895,1943,3838
20210725,경부선,서동탄,493,503,996
20210725,경부선,광명,1721,1130,2851
20210731,경부선,독산,6260,6400,12660
20210731,경부선,수원,26469,28685,55154
20210731,경부선,화서,3370,3328,6698
20210731,경부선,성균관대,6834,6795,13629
20210731,경부선,의왕,4030,3997,8027
20210731,경부선,군포,3162,2820,5982
20210731,경부선,금정,13239,13047,26286
20210731,경부선,명학,3595,3304,6899
20210731,경부선,안양,12497,12796,25293
20210731,경부선,관악,4090,3864,7954
20210731,경부선,석수,4777,4445,9222
20210731,경부선,금천구청,5691,5656,11347
20210731,경부선,가산디지털단지,4431,5929,10360
20210731,경부선,구로,9372,9357,18729
20210731,경부선,신길,4456,3670,8126
20210731,경부선,신도림,1859,1936,3795
20210731,경부선,영등포,26525,28231,54756
20210731,경부선,대방,5475,5455,10930
20210731,경부선,노량진,5581,5040,10621
20210731,경부선,용산,22193,25368,47561
20210731,경부선,남영,4111,4147,8258
20210731,경부선,서울,3294,1161,4455
20210731,경부선,세류,1802,1895,3697
20210731,경부선,병점,8439,8525,16964
20210731,경부선,세마,1482,1352,2834
20210731,경부선,오산대,1795,1697,3492
20210731,경부선,오산,7206,6573,13779
20210731,경부선,진위,731,663,1394
20210731,경부선,송탄,3394,3104,6498
20210731,경부선,서정리,4557,3880,8437
20210731,경부선,평택지제,2049,2023,4072
20210731,경부선,평택,9885,9687,19572
20210731,경부선,성환,2238,2131,4369
20210731,경부선,직산,493,478,971
20210731,경부선,두정,3831,3829,7660
20210731,경부선,천안,4873,5275,10148
20210731,경부선,당정,2832,2622,5454
20210731,경부선,서동탄,676,664,1340
20210731,경부선,광명,1615,1730,3345
20210801,경부선,광명,1817,1252,3069
20210801,경부선,서동탄,494,580,1074
20210801,경부선,당정,2085,2025,4110
20210801,경부선,천안,4801,4299,9100
20210801,경부선,두정,3356,3392,6748
20210801,경부선,직산,400,389,789
20210801,경부선,성환,1870,1831,3701
20210801,경부선,평택,8426,8632,17058
20210801,경부선,평택지제,1630,1468,3098
20210801,경부선,서정리,2910,4180,7090
20210801,경부선,송탄,2601,2843,5444
20210801,경부선,진위,529,486,1015
20210801,경부선,오산,5611,5821,11432
20210801,경부선,오산대,1377,1343,2720
20210801,경부선,세마,1123,1061,2184
20210801,경부선,병점,6261,6833,13094
20210801,경부선,세류,1446,1432,2878
20210801,경부선,독산,4121,4161,8282
20210801,경부선,수원,23297,22449,45746
20210801,경부선,화서,2437,2377,4814
20210801,경부선,성균관대,4966,5292,10258
20210801,경부선,의왕,2786,2802,5588
20210801,경부선,군포,2054,2007,4061
20210801,경부선,금정,9170,9678,18848
20210801,경부선,명학,2274,2177,4451
20210801,경부선,안양,9075,8912,17987
20210801,경부선,관악,2952,2880,5832
20210801,경부선,석수,3229,3178,6407
20210801,경부선,금천구청,4052,4125,8177
20210801,경부선,가산디지털단지,3164,4650,7814
20210801,경부선,구로,6476,6637,13113
20210801,경부선,신길,3234,2888,6122
20210801,경부선,신도림,1219,1297,2516
20210801,경부선,영등포,21952,21033,42985
20210801,경부선,대방,3804,4153,7957
20210801,경부선,노량진,3735,3776,7511
20210801,경부선,용산,23032,19322,42354
20210801,경부선,남영,2574,2923,5497
20210801,경부선,서울,4556,1013,5569
20210807,경부선,화서,3645,3711,7356
20210807,경부선,서울,3398,1152,4550
20210807,경부선,남영,4203,4314,8517
20210807,경부선,용산,23233,25445,48678
20210807,경부선,노량진,5865,5025,10890
20210807,경부선,대방,5973,5929,11902
20210807,경부선,영등포,27389,28264,55653
20210807,경부선,신도림,2015,2036,4051
20210807,경부선,신길,4854,3916,8770
20210807,경부선,구로,9919,10163,20082
20210807,경부선,가산디지털단지,4585,6201,10786
20210807,경부선,금천구청,6271,6347,12618
20210807,경부선,석수,5119,4755,9874
20210807,경부선,관악,4342,4269,8611
20210807,경부선,안양,13371,13508,26879
20210807,경부선,명학,3678,3579,7257
20210807,경부선,금정,13792,13769,27561
20210807,경부선,군포,3338,3079,6417
20210807,경부선,의왕,4516,4332,8848
20210807,경부선,성균관대,7257,7440,14697
20210807,경부선,수원,26720,28467,55187
20210807,경부선,독산,6785,6888,13673
20210807,경부선,세류,1777,1835,3612
20210807,경부선,병점,8734,8794,17528
20210807,경부선,세마,1548,1467,3015
20210807,경부선,오산대,2007,1824,3831
20210807,경부선,오산,7026,6770,13796
20210807,경부선,진위,775,700,1475
20210807,경부선,송탄,3471,3137,6608
20210807,경부선,서정리,4827,4202,9029
20210807,경부선,평택지제,2186,2044,4230
20210807,경부선,평택,9760,9575,19335
20210807,경부선,성환,2165,2091,4256
20210807,경부선,직산,488,475,963
20210807,경부선,두정,3987,4060,8047
20210807,경부선,천안,4737,5207,9944
20210807,경부선,당정,2909,2883,5792
20210807,경부선,서동탄,753,777,1530
20210807,경부선,광명,1738,1673,3411
20210808,경부선,서울,4447,1051,5498
20210808,경부선,남영,2761,3013,5774
20210808,경부선,용산,23888,19844,43732
20210808,경부선,노량진,3760,3608,7368
20210808,경부선,대방,3881,4310,8191
20210808,경부선,영등포,22387,21280,43667
20210808,경부선,신도림,1374,1465,2839
20210808,경부선,신길,3455,3128,6583
20210808,경부선,구로,6832,6870,13702
20210808,경부선,가산디지털단지,3282,4619,7901
20210808,경부선,금천구청,4449,4497,8946
20210808,경부선,석수,3821,3638,7459
20210808,경부선,관악,3456,3215,6671
20210808,경부선,안양,10017,9680,19697
20210808,경부선,명학,2383,2394,4777
20210808,경부선,금정,9632,10099,19731
20210808,경부선,군포,2212,2170,4382
20210808,경부선,의왕,2980,3062,6042
20210808,경부선,성균관대,5387,5741,11128
20210808,경부선,화서,2579,2537,5116
20210808,경부선,수원,23709,22799,46508
20210808,경부선,독산,4359,4377,8736
20210808,경부선,세류,1477,1520,2997
20210808,경부선,병점,6593,7288,13881
20210808,경부선,세마,1218,1126,2344
20210808,경부선,오산대,1545,1554,3099
20210808,경부선,오산,5765,6297,12062
20210808,경부선,진위,515,508,1023
20210808,경부선,송탄,2635,2908,5543
20210808,경부선,서정리,3079,4333,7412
20210808,경부선,평택지제,1739,1561,3300
20210808,경부선,평택,8288,8699,16987
20210808,경부선,성환,1725,1975,3700
20210808,경부선,직산,405,444,849
20210808,경부선,두정,3448,3536,6984
20210808,경부선,천안,4882,4460,9342
20210808,경부선,당정,2206,2171,4377
20210808,경부선,서동탄,578,560,1138
20210808,경부선,광명,1809,1275,3084
20210814,경부선,광명,1810,1872,3682
20210814,경부선,서동탄,783,796,1579
20210814,경부선,당정,3113,2987,6100
20210814,경부선,천안,4950,5465,10415
20210814,경부선,두정,3679,3798,7477
20210814,경부선,직산,533,559,1092
20210814,경부선,성환,2352,2206,4558
20210814,경부선,평택,10612,10475,21087
20210814,경부선,평택지제,2397,2237,4634
20210814,경부선,서정리,5033,4279,9312
20210814,경부선,송탄,3942,3556,7498
20210814,경부선,진위,789,687,1476
20210814,경부선,오산,7372,7006,14378
20210814,경부선,오산대,2145,1989,4134
20210814,경부선,세마,1625,1455,3080
20210814,경부선,병점,9492,9226,18718
20210814,경부선,세류,1926,1963,3889
20210814,경부선,독산,6868,6826,13694
20210814,경부선,수원,27529,30301,57830
20210814,경부선,화서,3745,3701,7446
20210814,경부선,성균관대,7681,7524,15205
20210814,경부선,의왕,4716,4618,9334
20210814,경부선,군포,3590,3293,6883
20210814,경부선,금정,14223,14144,28367
20210814,경부선,명학,3887,3706,7593
20210814,경부선,안양,13843,13874,27717
20210814,경부선,관악,4628,4483,9111
20210814,경부선,석수,5422,5004,10426
20210814,경부선,금천구청,6445,6476,12921
20210814,경부선,가산디지털단지,4839,6194,11033
20210814,경부선,구로,10126,10035,20161
20210814,경부선,신길,5024,4123,9147
20210814,경부선,신도림,2068,2129,4197
20210814,경부선,영등포,27392,29079,56471
20210814,경부선,대방,6057,5940,11997
20210814,경부선,노량진,6185,5365,11550
20210814,경부선,용산,24667,29066,53733
20210814,경부선,남영,4270,4361,8631
20210814,경부선,서울,3535,1418,4953
20210815,경부선,광명,1588,1254,2842
20210815,경부선,서동탄,618,659,1277
20210815,경부선,당정,2325,2301,4626
20210815,경부선,천안,4657,4612,9269
20210815,경부선,두정,3036,3168,6204
20210815,경부선,직산,413,480,893
20210815,경부선,성환,1910,1989,3899
20210815,경부선,평택,8816,9034,17850
20210815,경부선,평택지제,1753,1553,3306
20210815,경부선,서정리,3410,3964,7374
20210815,경부선,송탄,2904,2959,5863
20210815,경부선,진위,616,543,1159
20210815,경부선,오산,5854,6135,11989
20210815,경부선,오산대,1607,1555,3162
20210815,경부선,세마,1257,1146,2403
20210815,경부선,병점,7311,7714,15025
20210815,경부선,세류,1565,1576,3141
20210815,경부선,독산,4867,4764,9631
20210815,경부선,수원,24475,24526,49001
20210815,경부선,화서,2794,2802,5596
20210815,경부선,성균관대,5864,6114,11978
20210815,경부선,의왕,3461,3375,6836
20210815,경부선,군포,2461,2268,4729
20210815,경부선,금정,10493,10771,21264
20210815,경부선,명학,2673,2558,5231
20210815,경부선,안양,10652,10512,21164
20210815,경부선,관악,3725,3439,7164
20210815,경부선,석수,4168,4021,8189
20210815,경부선,금천구청,5012,4899,9911
20210815,경부선,가산디지털단지,3601,4875,8476
20210815,경부선,구로,7150,7201,14351
20210815,경부선,신길,3745,3154,6899
20210815,경부선,신도림,1601,1620,3221
20210815,경부선,영등포,22853,22668,45521
20210815,경부선,대방,4239,4377,8616
20210815,경부선,노량진,4532,3845,8377
20210815,경부선,용산,23536,21517,45053
20210815,경부선,남영,3531,3613,7144
20210815,경부선,서울,3882,816,4698
20210821,경부선,광명,1710,1587,3297
20210821,경부선,서동탄,676,661,1337
20210821,경부선,당정,2852,2776,5628
20210821,경부선,천안,4390,4660,9050
20210821,경부선,두정,3353,3489,6842
20210821,경부선,직산,429,493,922
20210821,경부선,성환,2113,1957,4070
20210821,경부선,평택,9286,9071,18357
20210821,경부선,평택지제,2244,2006,4250
20210821,경부선,서정리,4508,3795,8303
20210821,경부선,송탄,3390,3085,6475
20210821,경부선,진위,779,683,1462
20210821,경부선,오산,7060,6483,13543
20210821,경부선,오산대,1877,1773,3650
20210821,경부선,세마,1506,1409,2915
20210821,경부선,병점,8663,8626,17289
20210821,경부선,세류,1735,1737,3472
20210821,경부선,독산,6477,6345,12822
20210821,경부선,수원,25161,26933,52094
20210821,경부선,화서,3516,3510,7026
20210821,경부선,성균관대,7052,7182,14234
20210821,경부선,의왕,4150,4091,8241
20210821,경부선,군포,3120,2930,6050
20210821,경부선,금정,13110,13124,26234
20210821,경부선,명학,3641,3546,7187
20210821,경부선,안양,12331,12535,24866
20210821,경부선,관악,3648,3661,7309
20210821,경부선,석수,4717,4384,9101
20210821,경부선,금천구청,5594,5826,11420
20210821,경부선,가산디지털단지,4351,6011,10362
20210821,경부선,구로,9378,9548,18926
20210821,경부선,신길,4600,3707,8307
20210821,경부선,신도림,1838,1929,3767
20210821,경부선,영등포,26589,27876,54465
20210821,경부선,대방,5417,5518,10935
20210821,경부선,노량진,5646,4997,10643
20210821,경부선,용산,22748,24534,47282
20210821,경부선,남영,4127,4201,8328
20210821,경부선,서울,4000,1252,5252
20210822,경부선,서울,4419,1003,5422
20210822,경부선,남영,3429,3707,7136
20210822,경부선,용산,23032,20794,43826
20210822,경부선,노량진,4657,4245,8902
20210822,경부선,대방,4520,4911,9431
20210822,경부선,영등포,23642,22615,46257
20210822,경부선,신도림,1687,1792,3479
20210822,경부선,신길,4215,3780,7995
20210822,경부선,구로,7538,7625,15163
20210822,경부선,가산디지털단지,3733,5131,8864
20210822,경부선,금천구청,5098,5051,10149
20210822,경부선,석수,4229,4164,8393
20210822,경부선,관악,4322,3967,8289
20210822,경부선,안양,11180,11016,22196
20210822,경부선,명학,2774,2643,5417
20210822,경부선,금정,10917,11199,22116
20210822,경부선,군포,2446,2388,4834
20210822,경부선,의왕,3479,3525,7004
20210822,경부선,성균관대,6250,6422,12672
20210822,경부선,화서,3075,2983,6058
20210822,경부선,수원,25386,25026,50412
20210822,경부선,독산,5067,5020,10087
20210822,경부선,세류,1619,1676,3295
20210822,경부선,병점,7586,8309,15895
20210822,경부선,세마,1312,1265,2577
20210822,경부선,오산대,1683,1619,3302
20210822,경부선,오산,6151,6556,12707
20210822,경부선,진위,593,606,1199
20210822,경부선,송탄,3008,3150,6158
20210822,경부선,서정리,3452,4657,8109
20210822,경부선,평택지제,1864,1677,3541
20210822,경부선,평택,9056,9510,18566
20210822,경부선,성환,1948,2169,4117
20210822,경부선,직산,452,449,901
20210822,경부선,두정,3041,3317,6358
20210822,경부선,천안,5177,4809,9986
20210822,경부선,당정,2515,2465,4980
20210822,경부선,서동탄,591,605,1196
20210822,경부선,광명,1825,1337,3162
20210828,경부선,서울,4295,1309,5604
20210828,경부선,남영,4811,4873,9684
20210828,경부선,용산,25883,27887,53770
20210828,경부선,노량진,6860,6032,12892
20210828,경부선,대방,6690,6626,13316
20210828,경부선,영등포,29969,31369,61338
20210828,경부선,신도림,2480,2442,4922
20210828,경부선,신길,5366,4515,9881
20210828,경부선,구로,11145,11186,22331
20210828,경부선,가산디지털단지,5370,7016,12386
20210828,경부선,금천구청,7140,7207,14347
20210828,경부선,석수,5917,5580,11497
20210828,경부선,관악,4907,4694,9601
20210828,경부선,안양,15157,15087,30244
20210828,경부선,명학,4307,4280,8587
20210828,경부선,금정,15617,15465,31082
20210828,경부선,군포,3698,3447,7145
20210828,경부선,의왕,5190,5185,10375
20210828,경부선,성균관대,8773,8908,17681
20210828,경부선,화서,4481,4412,8893
20210828,경부선,수원,29942,31699,61641
20210828,경부선,독산,7568,7395,14963
20210828,경부선,세류,1992,2140,4132
20210828,경부선,병점,10300,10138,20438
20210828,경부선,세마,1737,1607,3344
20210828,경부선,오산대,2283,2250,4533
20210828,경부선,오산,8043,7792,15835
20210828,경부선,진위,933,847,1780
20210828,경부선,송탄,4044,3584,7628
20210828,경부선,서정리,5199,4583,9782
20210828,경부선,평택지제,2370,2298,4668
20210828,경부선,평택,10978,10482,21460
20210828,경부선,성환,2448,2367,4815
20210828,경부선,직산,560,547,1107
20210828,경부선,두정,3976,4022,7998
20210828,경부선,천안,5285,5496,10781
20210828,경부선,당정,3435,3266,6701
20210828,경부선,서동탄,870,911,1781
20210828,경부선,광명,1993,1912,3905
20210829,경부선,서울,5113,1131,6244
20210829,경부선,남영,3379,3621,7000
20210829,경부선,용산,24464,21285,45749
20210829,경부선,노량진,4684,4422,9106
20210829,경부선,대방,4563,4999,9562
20210829,경부선,영등포,24421,23566,47987
20210829,경부선,신도림,1807,1915,3722
20210829,경부선,신길,4061,3594,7655
20210829,경부선,구로,7698,7801,15499
20210829,경부선,가산디지털단지,3720,5300,9020
20210829,경부선,금천구청,5434,5383,10817
20210829,경부선,석수,4273,4152,8425
20210829,경부선,관악,3848,3503,7351
20210829,경부선,안양,11435,11106,22541
20210829,경부선,명학,2676,2741,5417
20210829,경부선,금정,11095,11513,22608
20210829,경부선,군포,2555,2430,4985
20210829,경부선,의왕,3568,3661,7229
20210829,경부선,성균관대,6506,6938,13444
20210829,경부선,화서,3133,3162,6295
20210829,경부선,수원,26499,25748,52247
20210829,경부선,독산,5142,5226,10368
20210829,경부선,세류,1696,1651,3347
20210829,경부선,병점,7637,8197,15834
20210829,경부선,세마,1338,1223,2561
20210829,경부선,오산대,1736,1681,3417
20210829,경부선,오산,6335,6630,12965
20210829,경부선,진위,622,643,1265
20210829,경부선,송탄,2901,3224,6125
20210829,경부선,서정리,3568,4846,8414
20210829,경부선,평택지제,2024,1906,3930
20210829,경부선,평택,9332,9502,18834
20210829,경부선,성환,1891,2344,4235
20210829,경부선,직산,505,549,1054
20210829,경부선,두정,3481,3823,7304
20210829,경부선,천안,5498,4987,10485
20210829,경부선,당정,2574,2570,5144
20210829,경부선,서동탄,658,691,1349
20210829,경부선,광명,2078,1451,3529
20210904,경부선,서울,4462,1352,5814
20210904,경부선,남영,5006,5143,10149
20210904,경부선,용산,28037,30272,58309
20210904,경부선,노량진,7474,6827,14301
20210904,경부선,대방,7106,7056,14162
20210904,경부선,영등포,32197,33937,66134
20210904,경부선,신도림,2673,2617,5290
20210904,경부선,신길,5819,4690,10509
20210904,경부선,구로,11546,11783,23329
20210904,경부선,가산디지털단지,5467,7350,12817
20210904,경부선,금천구청,7492,7481,14973
20210904,경부선,석수,6465,6015,12480
20210904,경부선,관악,5153,4990,10143
20210904,경부선,안양,16001,16265,32266
20210904,경부선,명학,4581,4394,8975
20210904,경부선,금정,16439,16214,32653
20210904,경부선,군포,3987,3668,7655
20210904,경부선,의왕,5497,5335,10832
20210904,경부선,성균관대,9105,9131,18236
20210904,경부선,화서,4677,4720,9397
20210904,경부선,수원,31695,34285,65980
20210904,경부선,독산,8168,7958,16126
20210904,경부선,세류,2221,2197,4418
20210904,경부선,병점,10893,10699,21592
20210904,경부선,세마,1936,1751,3687
20210904,경부선,오산대,2525,2371,4896
20210904,경부선,오산,8240,7802,16042
20210904,경부선,진위,965,890,1855
20210904,경부선,송탄,4521,3887,8408
20210904,경부선,서정리,5633,4919,10552
20210904,경부선,평택지제,2673,2598,5271
20210904,경부선,평택,12039,11457,23496
20210904,경부선,성환,2712,2628,5340
20210904,경부선,직산,608,615,1223
20210904,경부선,두정,4288,4437,8725
20210904,경부선,천안,5823,6123,11946
20210904,경부선,당정,3686,3522,7208
20210904,경부선,서동탄,899,956,1855
20210904,경부선,광명,2143,1922,4065
20210905,경부선,광명,2207,1579,3786
20210905,경부선,서동탄,675,704,1379
20210905,경부선,당정,2669,2628,5297
20210905,경부선,천안,5746,5197,10943
20210905,경부선,두정,3599,4024,7623
20210905,경부선,직산,512,542,1054
20210905,경부선,성환,2122,2488,4610
20210905,경부선,평택,10431,10496,20927
20210905,경부선,평택지제,2068,2056,4124
20210905,경부선,서정리,3779,5147,8926
20210905,경부선,송탄,3184,3534,6718
20210905,경부선,진위,716,688,1404
20210905,경부선,오산,6511,6944,13455
20210905,경부선,오산대,1913,1847,3760
20210905,경부선,세마,1522,1400,2922
20210905,경부선,병점,8129,8828,16957
20210905,경부선,세류,1676,1734,3410
20210905,경부선,독산,5542,5537,11079
20210905,경부선,수원,28167,27492,55659
20210905,경부선,화서,3469,3334,6803
20210905,경부선,성균관대,6793,7159,13952
20210905,경부선,의왕,3835,3910,7745
20210905,경부선,군포,2646,2549,5195
20210905,경부선,금정,11999,12337,24336
20210905,경부선,명학,3092,2954,6046
20210905,경부선,안양,11864,11480,23344
20210905,경부선,관악,4348,3947,8295
20210905,경부선,석수,4827,4615,9442
20210905,경부선,금천구청,5583,5595,11178
20210905,경부선,가산디지털단지,4059,5833,9892
20210905,경부선,구로,8189,8210,16399
20210905,경부선,신길,4432,3948,8380
20210905,경부선,신도림,2008,2101,4109
20210905,경부선,영등포,25914,25073,50987
20210905,경부선,대방,4993,5341,10334
20210905,경부선,노량진,5291,5001,10292
20210905,경부선,용산,27071,23462,50533
20210905,경부선,남영,3798,4113,7911
20210905,경부선,서울,5463,1129,6592
20210911,경부선,서울,4812,1524,6336
20210911,경부선,남영,5132,5326,10458
20210911,경부선,용산,29304,30958,60262
20210911,경부선,노량진,8153,7143,15296
20210911,경부선,대방,7098,7202,14300
20210911,경부선,영등포,32598,34478,67076
20210911,경부선,신도림,2660,2803,5463
20210911,경부선,신길,5944,4768,10712
20210911,경부선,구로,11949,12276,24225
20210911,경부선,가산디지털단지,5587,7611,13198
20210911,경부선,금천구청,7752,7636,15388
20210911,경부선,석수,6516,5962,12478
20210911,경부선,관악,5390,4993,10383
20210911,경부선,안양,16125,16242,32367
20210911,경부선,명학,4504,4337,8841
20210911,경부선,금정,16583,16523,33106
20210911,경부선,군포,4104,3692,7796
20210911,경부선,의왕,5538,5391,10929
20210911,경부선,성균관대,9450,9550,19000
20210911,경부선,화서,4853,4981,9834
20210911,경부선,수원,32804,35681,68485
20210911,경부선,독산,8366,8125,16491
20210911,경부선,세류,2360,2324,4684
20210911,경부선,병점,11002,10891,21893
20210911,경부선,세마,1984,1806,3790
20210911,경부선,오산대,2624,2320,4944
20210911,경부선,오산,8189,7900,16089
20210911,경부선,진위,970,881,1851
20210911,경부선,송탄,4358,3888,8246
20210911,경부선,서정리,5848,5115,10963
20210911,경부선,평택지제,2659,2534,5193
20210911,경부선,평택,11997,11359,23356
20210911,경부선,성환,2793,2665,5458
20210911,경부선,직산,565,608,1173
20210911,경부선,두정,5131,5199,10330
20210911,경부선,천안,5701,5957,11658
20210911,경부선,당정,3625,3489,7114
20210911,경부선,서동탄,942,935,1877
20210911,경부선,광명,2101,2059,4160
20210912,경부선,광명,2122,1547,3669
20210912,경부선,서동탄,659,694,1353
20210912,경부선,당정,2737,2756,5493
20210912,경부선,천안,5848,5360,11208
20210912,경부선,두정,4480,4905,9385
20210912,경부선,직산,502,554,1056
20210912,경부선,성환,2164,2546,4710
20210912,경부선,평택,10395,10912,21307
20210912,경부선,평택지제,2150,1970,4120
20210912,경부선,서정리,4166,5567,9733
20210912,경부선,송탄,3258,3506,6764
20210912,경부선,진위,687,697,1384
20210912,경부선,오산,6848,7380,14228
20210912,경부선,오산대,1990,1916,3906
20210912,경부선,세마,1572,1491,3063
20210912,경부선,병점,8212,8852,17064
20210912,경부선,세류,1845,1795,3640
20210912,경부선,독산,5837,5945,11782
20210912,경부선,수원,28803,28623,57426
20210912,경부선,화서,3631,3534,7165
20210912,경부선,성균관대,6863,7175,14038
20210912,경부선,의왕,3895,4035,7930
20210912,경부선,군포,2857,2738,5595
20210912,경부선,금정,12249,12619,24868
20210912,경부선,명학,2988,2858,5846
20210912,경부선,안양,12425,12120,24545
20210912,경부선,관악,4374,3960,8334
20210912,경부선,석수,4852,4838,9690
20210912,경부선,금천구청,5719,5625,11344
20210912,경부선,가산디지털단지,4166,5859,10025
20210912,경부선,구로,8405,8537,16942
20210912,경부선,신길,4426,3918,8344
20210912,경부선,신도림,2026,2100,4126
20210912,경부선,영등포,26795,25988,52783
20210912,경부선,대방,4941,5282,10223
20210912,경부선,노량진,5429,5155,10584
20210912,경부선,용산,26642,23763,50405
20210912,경부선,남영,3757,4107,7864
20210912,경부선,서울,5590,1142,6732
20210918,경부선,신길,5298,4106,9404
20210918,경부선,서울,3007,1425,4432
20210918,경부선,남영,4900,4837,9737
20210918,경부선,용산,25332,29607,54939
20210918,경부선,노량진,7791,6880,14671
20210918,경부선,대방,6462,6068,12530
20210918,경부선,영등포,29624,30712,60336
20210918,경부선,신도림,2385,2335,4720
20210918,경부선,구로,10523,10660,21183
20210918,경부선,가산디지털단지,5307,6756,12063
20210918,경부선,금천구청,7251,6881,14132
20210918,경부선,석수,5851,5340,11191
20210918,경부선,관악,4842,4630,9472
20210918,경부선,안양,14939,14948,29887
20210918,경부선,명학,3855,3698,7553
20210918,경부선,금정,15534,15826,31360
20210918,경부선,군포,3648,3259,6907
20210918,경부선,의왕,4848,4824,9672
20210918,경부선,성균관대,8770,8129,16899
20210918,경부선,화서,4152,4280,8432
20210918,경부선,수원,31670,34216,65886
20210918,경부선,독산,7902,7602,15504
20210918,경부선,세류,2263,2452,4715
20210918,경부선,병점,10070,9986,20056
20210918,경부선,세마,1892,1718,3610
20210918,경부선,오산대,2433,2190,4623
20210918,경부선,오산,8969,8772,17741
20210918,경부선,진위,944,789,1733
20210918,경부선,송탄,4294,3714,8008
20210918,경부선,서정리,5432,4617,10049
20210918,경부선,평택지제,2213,2420,4633
20210918,경부선,평택,13095,13032,26127
20210918,경부선,성환,2730,2647,5377
20210918,경부선,직산,616,619,1235
20210918,경부선,두정,5167,5365,10532
20210918,경부선,천안,6115,7364,13479
20210918,경부선,당정,3317,3139,6456
20210918,경부선,서동탄,840,843,1683
20210918,경부선,광명,1724,1840,3564
20210919,경부선,광명,1383,1530,2913
20210919,경부선,서동탄,644,706,1350
20210919,경부선,당정,2397,2333,4730
20210919,경부선,천안,5369,6579,11948
20210919,경부선,두정,4390,4266,8656
20210919,경부선,직산,497,539,1036
20210919,경부선,성환,2399,2451,4850
20210919,경부선,평택,10525,11054,21579
20210919,경부선,평택지제,1652,1713,3365
20210919,경부선,서정리,3869,3682,7551
20210919,경부선,송탄,3278,3094,6372
20210919,경부선,진위,660,652,1312
20210919,경부선,오산,7042,6793,13835
20210919,경부선,오산대,1819,1694,3513
20210919,경부선,세마,1421,1334,2755
20210919,경부선,병점,7721,7768,15489
20210919,경부선,세류,1816,2017,3833
20210919,경부선,독산,5683,5184,10867
20210919,경부선,수원,28115,30313,58428
20210919,경부선,화서,3232,3263,6495
20210919,경부선,성균관대,6411,6141,12552
20210919,경부선,의왕,3553,3503,7056
20210919,경부선,군포,2792,2496,5288
20210919,경부선,금정,12019,12072,24091
20210919,경부선,명학,2817,2625,5442
20210919,경부선,안양,11227,11339,22566
20210919,경부선,관악,3666,3473,7139
20210919,경부선,석수,4321,4228,8549
20210919,경부선,금천구청,5308,5182,10490
20210919,경부선,가산디지털단지,3972,5262,9234
20210919,경부선,구로,7963,8011,15974
20210919,경부선,신길,4058,3260,7318
20210919,경부선,신도림,1753,1677,3430
20210919,경부선,영등포,23324,23986,47310
20210919,경부선,대방,4545,4274,8819
20210919,경부선,노량진,5739,5308,11047
20210919,경부선,용산,20724,23998,44722
20210919,경부선,남영,3320,3289,6609
20210919,경부선,서울,2686,1151,3837
20210925,경부선,용산,26593,27320,53913
20210925,경부선,남영,4636,4848,9484
20210925,경부선,서울,4882,1267,6149
20210925,경부선,광명,2103,1942,4045
20210925,경부선,서동탄,900,912,1812
20210925,경부선,당정,3596,3421,7017
20210925,경부선,천안,5498,5803,11301
20210925,경부선,두정,4290,4539,8829
20210925,경부선,직산,581,580,1161
20210925,경부선,성환,2661,2530,5191
20210925,경부선,평택,11386,10887,22273
20210925,경부선,평택지제,2561,2400,4961
20210925,경부선,서정리,5300,4802,10102
20210925,경부선,송탄,4142,3826,7968
20210925,경부선,진위,913,812,1725
20210925,경부선,오산,7806,7538,15344
20210925,경부선,오산대,2550,2419,4969
20210925,경부선,세마,1928,1745,3673
20210925,경부선,병점,10350,10460,20810
20210925,경부선,세류,2190,2203,4393
20210925,경부선,독산,8142,8005,16147
20210925,경부선,수원,30818,32579,63397
20210925,경부선,화서,4773,4714,9487
20210925,경부선,성균관대,8966,9013,17979
20210925,경부선,의왕,5343,5338,10681
20210925,경부선,군포,4022,3713,7735
20210925,경부선,금정,16506,16339,32845
20210925,경부선,명학,4466,4217,8683
20210925,경부선,안양,15525,15494,31019
20210925,경부선,관악,5441,4944,10385
20210925,경부선,석수,6457,5850,12307
20210925,경부선,금천구청,7429,7425,14854
20210925,경부선,가산디지털단지,5464,7505,12969
20210925,경부선,구로,11075,11137,22212
20210925,경부선,신길,5570,4715,10285
20210925,경부선,신도림,2659,2742,5401
20210925,경부선,영등포,31867,33105,64972
20210925,경부선,대방,6520,6692,13212
20210925,경부선,노량진,7551,6670,14221
20210926,경부선,광명,1938,1362,3300
20210926,경부선,서동탄,681,713,1394
20210926,경부선,당정,2653,2603,5256
20210926,경부선,천안,5527,5248,10775
20210926,경부선,두정,3594,3993,7587
20210926,경부선,직산,494,534,1028
20210926,경부선,성환,2097,2490,4587
20210926,경부선,평택,9350,10152,19502
20210926,경부선,평택지제,2046,1810,3856
20210926,경부선,서정리,3758,4999,8757
20210926,경부선,송탄,3126,3550,6676
20210926,경부선,진위,651,640,1291
20210926,경부선,오산,6388,6629,13017
20210926,경부선,오산대,2016,1946,3962
20210926,경부선,세마,1487,1406,2893
20210926,경부선,병점,7875,8535,16410
20210926,경부선,세류,1787,1772,3559
20210926,경부선,독산,5307,5270,10577
20210926,경부선,수원,27575,26428,54003
20210926,경부선,화서,3441,3389,6830
20210926,경부선,성균관대,6674,7110,13784
20210926,경부선,의왕,3764,3890,7654
20210926,경부선,군포,2778,2717,5495
20210926,경부선,금정,12088,12310,24398
20210926,경부선,명학,2906,2836,5742
20210926,경부선,안양,11581,11342,22923
20210926,경부선,관악,4330,4085,8415
20210926,경부선,석수,4784,4714,9498
20210926,경부선,금천구청,5466,5459,10925
20210926,경부선,가산디지털단지,4011,5511,9522
20210926,경부선,구로,8067,8252,16319
20210926,경부선,신길,4188,3629,7817
20210926,경부선,신도림,1990,2080,4070
20210926,경부선,영등포,24900,24355,49255
20210926,경부선,대방,4648,5033,9681
20210926,경부선,노량진,5238,4987,10225
20210926,경부선,용산,23864,21232,45096
20210926,경부선,남영,3513,3835,7348
20210926,경부선,서울,5630,1152,6782
20211002,경부선,서울,5621,1758,7379
20211002,경부선,남영,5073,5693,10766
20211002,경부선,용산,27946,31991,59937
20211002,경부선,노량진,8208,7533,15741
20211002,경부선,대방,7472,7388,14860
20211002,경부선,영등포,33486,35194,68680
20211002,경부선,신도림,2852,2867,5719
20211002,경부선,신길,5910,5065,10975
20211002,경부선,구로,12052,12347,24399
20211002,경부선,가산디지털단지,5765,7902,13667
20211002,경부선,금천구청,7895,7817,15712
20211002,경부선,석수,6740,6193,12933
20211002,경부선,관악,5425,5167,10592
20211002,경부선,안양,16185,16295,32480
20211002,경부선,명학,4825,4580,9405
20211002,경부선,금정,17222,17287,34509
20211002,경부선,군포,4070,3688,7758
20211002,경부선,의왕,5811,5529,11340
20211002,경부선,성균관대,9456,9494,18950
20211002,경부선,화서,5098,5118,10216
20211002,경부선,수원,33270,36149,69419
20211002,경부선,독산,8456,8183,16639
20211002,경부선,세류,2349,2342,4691
20211002,경부선,병점,11408,11022,22430
20211002,경부선,세마,2000,1743,3743
20211002,경부선,오산대,2663,2447,5110
20211002,경부선,오산,8477,8083,16560
20211002,경부선,진위,992,868,1860
20211002,경부선,송탄,4267,3879,8146
20211002,경부선,서정리,6138,5259,11397
20211002,경부선,평택지제,2843,2647,5490
20211002,경부선,평택,12511,12038,24549
20211002,경부선,성환,2982,2775,5757
20211002,경부선,직산,639,617,1256
20211002,경부선,두정,5509,5541,11050
20211002,경부선,천안,6172,6666,12838
20211002,경부선,당정,3864,3650,7514
20211002,경부선,서동탄,930,1035,1965
20211002,경부선,광명,2469,2365,4834
20211003,경부선,서울,4954,1210,6164
20211003,경부선,남영,3768,4033,7801
20211003,경부선,용산,25239,23511,48750
20211003,경부선,노량진,5865,5665,11530
20211003,경부선,대방,5248,5437,10685
20211003,경부선,영등포,27222,26897,54119
20211003,경부선,신도림,2122,2262,4384
20211003,경부선,신길,4616,3962,8578
20211003,경부선,구로,8614,8697,17311
20211003,경부선,가산디지털단지,4458,6039,10497
20211003,경부선,금천구청,6066,5851,11917
20211003,경부선,석수,5235,4909,10144
20211003,경부선,관악,4670,4248,8918
20211003,경부선,안양,12699,12372,25071
20211003,경부선,명학,3226,3206,6432
20211003,경부선,금정,13098,13231,26329
20211003,경부선,군포,2697,2574,5271
20211003,경부선,의왕,4115,4102,8217
20211003,경부선,성균관대,7056,7482,14538
20211003,경부선,화서,3786,3756,7542
20211003,경부선,수원,29372,29407,58779
20211003,경부선,독산,6103,5933,12036
20211003,경부선,세류,1918,1963,3881
20211003,경부선,병점,8705,8970,17675
20211003,경부선,세마,1655,1498,3153
20211003,경부선,오산대,2171,2054,4225
20211003,경부선,오산,7307,7508,14815
20211003,경부선,진위,711,699,1410
20211003,경부선,송탄,3367,3552,6919
20211003,경부선,서정리,3903,4921,8824
20211003,경부선,평택지제,2042,1966,4008
20211003,경부선,평택,9914,10541,20455
20211003,경부선,성환,2201,2399,4600
20211003,경부선,직산,506,538,1044
20211003,경부선,두정,4555,4824,9379
20211003,경부선,천안,5736,5592,11328
20211003,경부선,당정,2897,2783,5680
20211003,경부선,서동탄,794,809,1603
20211003,경부선,광명,1922,1548,3470
20211009,경부선,서울,6291,2052,8343
20211009,경부선,남영,4966,5034,10000
20211009,경부선,용산,29688,33515,63203
20211009,경부선,노량진,8402,7454,15856
20211009,경부선,대방,7287,7071,14358
20211009,경부선,영등포,33235,34507,67742
20211009,경부선,신도림,2890,3020,5910
20211009,경부선,신길,5622,4620,10242
20211009,경부선,구로,11494,11889,23383
20211009,경부선,가산디지털단지,5934,7668,13602
20211009,경부선,금천구청,7539,7289,14828
20211009,경부선,석수,6440,5906,12346
20211009,경부선,관악,5460,5116,10576
20211009,경부선,안양,16988,16843,33831
20211009,경부선,명학,5213,4909,10122
20211009,경부선,금정,16656,16404,33060
20211009,경부선,군포,3975,3596,7571
20211009,경부선,의왕,5513,5304,10817
20211009,경부선,성균관대,9321,9239,18560
20211009,경부선,화서,5018,4991,10009
20211009,경부선,수원,34064,37159,71223
20211009,경부선,독산,8162,7840,16002
20211009,경부선,세류,2457,2457,4914
20211009,경부선,병점,11335,11092,22427
20211009,경부선,세마,2031,1793,3824
20211009,경부선,오산대,2739,2507,5246
20211009,경부선,오산,8619,8063,16682
20211009,경부선,진위,948,861,1809
20211009,경부선,송탄,4535,3837,8372
20211009,경부선,서정리,5916,5154,11070
20211009,경부선,평택지제,2830,2747,5577
20211009,경부선,평택,12948,12359,25307
20211009,경부선,성환,2852,2680,5532
20211009,경부선,직산,649,628,1277
20211009,경부선,두정,5506,5642,11148
20211009,경부선,천안,6569,7167,13736
20211009,경부선,당정,3646,3490,7136
20211009,경부선,서동탄,1073,1074,2147
20211009,경부선,광명,2621,2629,5250
20211010,경부선,광명,2163,1674,3837
20211010,경부선,서동탄,646,719,1365
20211010,경부선,당정,2662,2671,5333
20211010,경부선,천안,5589,5414,11003
20211010,경부선,두정,4561,4589,9150
20211010,경부선,직산,545,525,1070
20211010,경부선,성환,2089,2363,4452
20211010,경부선,평택,10187,10348,20535
20211010,경부선,평택지제,2039,1924,3963
20211010,경부선,서정리,3954,4810,8764
20211010,경부선,송탄,3284,3549,6833
20211010,경부선,진위,683,656,1339
20211010,경부선,오산,6722,7048,13770
20211010,경부선,오산대,1941,1847,3788
20211010,경부선,세마,1454,1366,2820
20211010,경부선,병점,8366,8702,17068
20211010,경부선,세류,1815,1838,3653
20211010,경부선,독산,5640,5592,11232
20211010,경부선,수원,29184,28768,57952
20211010,경부선,화서,3601,3622,7223
20211010,경부선,성균관대,6714,6845,13559
20211010,경부선,의왕,3812,3799,7611
20211010,경부선,군포,2667,2422,5089
20211010,경부선,금정,12338,12630,24968
20211010,경부선,명학,3188,3170,6358
20211010,경부선,안양,13082,12836,25918
20211010,경부선,관악,4012,3812,7824
20211010,경부선,석수,4639,4336,8975
20211010,경부선,금천구청,5476,5393,10869
20211010,경부선,가산디지털단지,4095,5746,9841
20211010,경부선,구로,8744,8690,17434
20211010,경부선,신길,4375,3716,8091
20211010,경부선,신도림,1857,2011,3868
20211010,경부선,영등포,27887,27309,55196
20211010,경부선,대방,4892,5141,10033
20211010,경부선,노량진,5346,5170,10516
20211010,경부선,용산,27501,24761,52262
20211010,경부선,남영,4062,4210,8272
20211010,경부선,서울,5905,1329,7234
20211016,경부선,천안,6182,6353,12535
20211016,경부선,서울,5584,1706,7290
20211016,경부선,남영,5608,5869,11477
20211016,경부선,용산,31310,33538,64848
20211016,경부선,노량진,8348,7655,16003
20211016,경부선,대방,7824,7927,15751
20211016,경부선,영등포,36553,37527,74080
20211016,경부선,신도림,2663,2962,5625
20211016,경부선,신길,5933,4922,10855
20211016,경부선,구로,12884,13167,26051
20211016,경부선,가산디지털단지,5992,8446,14438
20211016,경부선,금천구청,8219,8152,16371
20211016,경부선,석수,6883,6299,13182
20211016,경부선,관악,5780,5432,11212
20211016,경부선,안양,18320,18163,36483
20211016,경부선,명학,5042,4887,9929
20211016,경부선,금정,17889,17884,35773
20211016,경부선,군포,4193,3890,8083
20211016,경부선,의왕,5935,5795,11730
20211016,경부선,성균관대,9608,9715,19323
20211016,경부선,화서,5280,5344,10624
20211016,경부선,수원,35415,37724,73139
20211016,경부선,독산,8644,8526,17170
20211016,경부선,세류,2465,2525,4990
20211016,경부선,병점,11581,11684,23265
20211016,경부선,세마,1982,1781,3763
20211016,경부선,오산대,2761,2504,5265
20211016,경부선,오산,9079,8563,17642
20211016,경부선,진위,986,905,1891
20211016,경부선,송탄,4811,4177,8988
20211016,경부선,서정리,6467,5411,11878
20211016,경부선,평택지제,2977,2755,5732
20211016,경부선,평택,13192,12419,25611
20211016,경부선,성환,2886,2764,5650
20211016,경부선,직산,633,606,1239
20211016,경부선,두정,5475,5408,10883
20211016,경부선,당정,3815,3619,7434
20211016,경부선,서동탄,992,1003,1995
20211016,경부선,광명,2522,2242,4764
20211017,경부선,서울,5999,1419,7418
20211017,경부선,남영,3824,3923,7747
20211017,경부선,용산,28100,25536,53636
20211017,경부선,노량진,5589,5236,10825
20211017,경부선,대방,5017,5376,10393
20211017,경부선,영등포,29039,28175,57214
20211017,경부선,신도림,1935,2059,3994
20211017,경부선,신길,4821,4289,9110
20211017,경부선,구로,8868,8823,17691
20211017,경부선,가산디지털단지,4525,6585,11110
20211017,경부선,금천구청,5677,5637,11314
20211017,경부선,석수,4805,4611,9416
20211017,경부선,관악,4374,3913,8287
20211017,경부선,안양,13409,12885,26294
20211017,경부선,명학,3227,3131,6358
20211017,경부선,금정,12529,12829,25358
20211017,경부선,군포,2758,2729,5487
20211017,경부선,의왕,3932,4113,8045
20211017,경부선,성균관대,6629,6724,13353
20211017,경부선,화서,3585,3555,7140
20211017,경부선,수원,30351,29561,59912
20211017,경부선,독산,5716,5729,11445
20211017,경부선,세류,1869,1851,3720
20211017,경부선,병점,8497,9182,17679
20211017,경부선,세마,1567,1467,3034
20211017,경부선,오산대,1913,1905,3818
20211017,경부선,오산,6957,7573,14530
20211017,경부선,진위,726,700,1426
20211017,경부선,송탄,3430,3928,7358
20211017,경부선,서정리,4302,5773,10075
20211017,경부선,평택지제,2153,2161,4314
20211017,경부선,평택,10716,11444,22160
20211017,경부선,성환,2295,2764,5059
20211017,경부선,직산,538,621,1159
20211017,경부선,두정,4473,4796,9269
20211017,경부선,천안,5859,5598,11457
20211017,경부선,당정,2705,2600,5305
20211017,경부선,서동탄,693,742,1435
20211017,경부선,광명,2379,1798,4177
20211023,경부선,광명,2929,2719,5648
20211023,경부선,서동탄,1055,1129,2184
20211023,경부선,당정,4094,3966,8060
20211023,경부선,천안,6733,6895,13628
20211023,경부선,두정,5755,5937,11692
20211023,경부선,직산,678,665,1343
20211023,경부선,성환,3084,2892,5976
20211023,경부선,평택,14330,13391,27721
20211023,경부선,평택지제,3161,3047,6208
20211023,경부선,서정리,6651,5666,12317
20211023,경부선,송탄,5033,4394,9427
20211023,경부선,진위,1119,961,2080
20211023,경부선,오산,10071,9458,19529
20211023,경부선,오산대,3130,2873,6003
20211023,경부선,세마,2290,2079,4369
20211023,경부선,병점,12994,12782,25776
20211023,경부선,세류,2579,2603,5182
20211023,경부선,독산,9061,9017,18078
20211023,경부선,수원,38641,41568,80209
20211023,경부선,화서,5689,5620,11309
20211023,경부선,성균관대,10849,10559,21408
20211023,경부선,의왕,6372,6245,12617
20211023,경부선,군포,4406,4034,8440
20211023,경부선,금정,18848,18797,37645
20211023,경부선,명학,5379,5144,10523
20211023,경부선,안양,18188,18248,36436
20211023,경부선,관악,6108,5840,11948
20211023,경부선,석수,6930,6564,13494
20211023,경부선,금천구청,8638,8465,17103
20211023,경부선,가산디지털단지,6638,8851,15489
20211023,경부선,구로,13595,13782,27377
20211023,경부선,신길,6433,5438,11871
20211023,경부선,신도림,3176,3260,6436
20211023,경부선,영등포,37282,38755,76037
20211023,경부선,대방,8095,8133,16228
20211023,경부선,노량진,8842,8320,17162
20211023,경부선,용산,32674,35227,67901
20211023,경부선,남영,5869,5839,11708
20211023,경부선,서울,6455,1688,8143
20211024,경부선,서울,6931,1571,8502
20211024,경부선,남영,4052,4380,8432
20211024,경부선,용산,29989,27067,57056
20211024,경부선,노량진,6134,5820,11954
20211024,경부선,대방,5711,6013,11724
20211024,경부선,영등포,29756,28794,58550
20211024,경부선,신도림,2265,2431,4696
20211024,경부선,신길,4896,4265,9161
20211024,경부선,구로,10007,10211,20218
20211024,경부선,가산디지털단지,5008,7066,12074
20211024,경부선,금천구청,6468,6346,12814
20211024,경부선,석수,5451,5113,10564
20211024,경부선,관악,5068,4443,9511
20211024,경부선,안양,13656,13554,27210
20211024,경부선,명학,3559,3498,7057
20211024,경부선,금정,13707,14186,27893
20211024,경부선,군포,3087,2929,6016
20211024,경부선,의왕,4450,4613,9063
20211024,경부선,성균관대,7468,7940,15408
20211024,경부선,화서,4316,4135,8451
20211024,경부선,수원,34743,33467,68210
20211024,경부선,독산,6175,6175,12350
20211024,경부선,세류,2103,2103,4206
20211024,경부선,병점,9394,10233,19627
20211024,경부선,세마,1771,1692,3463
20211024,경부선,오산대,2489,2337,4826
20211024,경부선,오산,7509,8024,15533
20211024,경부선,진위,863,810,1673
20211024,경부선,송탄,3609,4156,7765
20211024,경부선,서정리,4509,6190,10699
20211024,경부선,평택지제,2429,2317,4746
20211024,경부선,평택,11808,12656,24464
20211024,경부선,성환,2360,2779,5139
20211024,경부선,직산,596,635,1231
20211024,경부선,두정,4985,5471,10456
20211024,경부선,천안,6883,6615,13498
20211024,경부선,당정,3142,3123,6265
20211024,경부선,서동탄,786,780,1566
20211024,경부선,광명,2824,2017,4841
20211030,경부선,광명,3026,2824,5850
20211030,경부선,서동탄,1026,1012,2038
20211030,경부선,당정,4529,4219,8748
20211030,경부선,천안,6997,7292,14289
20211030,경부선,두정,5860,6151,12011
20211030,경부선,직산,711,689,1400
20211030,경부선,성환,3254,2958,6212
20211030,경부선,평택,14942,13933,28875
20211030,경부선,평택지제,3224,2987,6211
20211030,경부선,서정리,6863,5666,12529
20211030,경부선,송탄,5015,4454,9469
20211030,경부선,진위,1083,955,2038
20211030,경부선,오산,9589,9035,18624
20211030,경부선,오산대,3099,2852,5951
20211030,경부선,세마,2189,1914,4103
20211030,경부선,병점,13036,13004,26040
20211030,경부선,세류,2598,2527,5125
20211030,경부선,독산,9399,9234,18633
20211030,경부선,수원,38382,42331,80713
20211030,경부선,화서,5828,5824,11652
20211030,경부선,성균관대,10899,10799,21698
20211030,경부선,의왕,6136,6066,12202
20211030,경부선,군포,4425,4089,8514
20211030,경부선,금정,19149,18815,37964
20211030,경부선,명학,5194,5025,10219
20211030,경부선,안양,18094,18088,36182
20211030,경부선,관악,6302,5915,12217
20211030,경부선,석수,7209,6679,13888
20211030,경부선,금천구청,8907,8696,17603
20211030,경부선,가산디지털단지,6588,8763,15351
20211030,경부선,구로,13675,14101,27776
20211030,경부선,신길,6580,5549,12129
20211030,경부선,신도림,3178,3363,6541
20211030,경부선,영등포,37477,39348,76825
20211030,경부선,대방,8064,8279,16343
20211030,경부선,노량진,9098,8426,17524
20211030,경부선,용산,35179,37587,72766
20211030,경부선,남영,5923,6125,12048
20211030,경부선,서울,6910,1903,8813
20211031,경부선,광명,2792,2090,4882
20211031,경부선,서동탄,807,849,1656
20211031,경부선,당정,3072,3106,6178
20211031,경부선,천안,6782,6364,13146
20211031,경부선,두정,4916,5421,10337
20211031,경부선,직산,577,633,1210
20211031,경부선,성환,2419,2916,5335
20211031,경부선,평택,11787,12560,24347
20211031,경부선,평택지제,2435,2345,4780
20211031,경부선,서정리,4437,5995,10432
20211031,경부선,송탄,3790,4239,8029
20211031,경부선,진위,887,817,1704
20211031,경부선,오산,7676,8220,15896
20211031,경부선,오산대,2433,2389,4822
20211031,경부선,세마,1792,1656,3448
20211031,경부선,병점,9361,10189,19550
20211031,경부선,세류,2040,2050,4090
20211031,경부선,독산,6282,6493,12775
20211031,경부선,수원,34338,33918,68256
20211031,경부선,화서,4279,4091,8370
20211031,경부선,성균관대,7780,8333,16113
20211031,경부선,의왕,4508,4665,9173
20211031,경부선,군포,2996,2834,5830
20211031,경부선,금정,14047,14533,28580
20211031,경부선,명학,3299,3197,6496
20211031,경부선,안양,13630,13233,26863
20211031,경부선,관악,5093,4478,9571
20211031,경부선,석수,5481,5338,10819
20211031,경부선,금천구청,6397,6372,12769
20211031,경부선,가산디지털단지,4943,6770,11713
20211031,경부선,구로,9746,9905,19651
20211031,경부선,신길,4775,4349,9124
20211031,경부선,신도림,2291,2456,4747
20211031,경부선,영등포,30739,29207,59946
20211031,경부선,대방,5756,6387,12143
20211031,경부선,노량진,6093,5818,11911
20211031,경부선,용산,32816,29923,62739
20211031,경부선,남영,4188,4455,8643
20211031,경부선,서울,7461,1651,9112
20211106,경부선,병점,13252,12963,26215
20211106,경부선,오산,10242,9577,19819
20211106,경부선,진위,1159,1013,2172
20211106,경부선,송탄,5139,4505,9644
20211106,경부선,서정리,7116,5848,12964
20211106,경부선,평택지제,3252,3036,6288
20211106,경부선,평택,14430,13754,28184
20211106,경부선,성환,3144,2983,6127
20211106,경부선,직산,756,674,1430
20211106,경부선,두정,5212,5304,10516
20211106,경부선,천안,7102,7375,14477
20211106,경부선,당정,4511,4170,8681
20211106,경부선,서동탄,1082,1128,2210
20211106,경부선,광명,2970,2625,5595
20211106,경부선,서울,7642,2082,9724
20211106,경부선,남영,6298,6287,12585
20211106,경부선,용산,38616,40888,79504
20211106,경부선,노량진,9521,8932,18453
20211106,경부선,대방,9141,8856,17997
20211106,경부선,영등포,39729,42395,82124
20211106,경부선,신도림,3473,3553,7026
20211106,경부선,신길,6505,5529,12034
20211106,경부선,구로,14161,14592,28753
20211106,경부선,가산디지털단지,6874,8991,15865
20211106,경부선,금천구청,9107,8755,17862
20211106,경부선,석수,7573,7022,14595
20211106,경부선,관악,6846,6123,12969
20211106,경부선,안양,18979,18800,37779
20211106,경부선,명학,5540,5321,10861
20211106,경부선,금정,19979,19818,39797
20211106,경부선,군포,4662,4137,8799
20211106,경부선,의왕,6437,6158,12595
20211106,경부선,성균관대,11398,11115,22513
20211106,경부선,화서,6081,5937,12018
20211106,경부선,수원,40808,44258,85066
20211106,경부선,독산,9683,9222,18905
20211106,경부선,세류,2745,2726,5471
20211106,경부선,세마,2422,2101,4523
20211106,경부선,오산대,3331,3063,6394
20211107,경부선,광명,2916,2009,4925
20211107,경부선,서동탄,830,875,1705
20211107,경부선,당정,3197,3289,6486
20211107,경부선,천안,6974,6602,13576
20211107,경부선,두정,4324,4884,9208
20211107,경부선,직산,622,701,1323
20211107,경부선,성환,2556,3122,5678
20211107,경부선,평택,12173,12898,25071
20211107,경부선,평택지제,2581,2433,5014
20211107,경부선,서정리,4836,6431,11267
20211107,경부선,송탄,3742,4206,7948
20211107,경부선,진위,938,999,1937
20211107,경부선,오산,8150,8563,16713
20211107,경부선,오산대,2658,2526,5184
20211107,경부선,세마,1747,1714,3461
20211107,경부선,병점,9815,10635,20450
20211107,경부선,세류,2190,2124,4314
20211107,경부선,독산,6643,6650,13293
20211107,경부선,수원,35833,35536,71369
20211107,경부선,화서,4527,4450,8977
20211107,경부선,성균관대,8003,8457,16460
20211107,경부선,의왕,4497,4583,9080
20211107,경부선,군포,3233,2997,6230
20211107,경부선,금정,14648,14824,29472
20211107,경부선,명학,3752,3685,7437
20211107,경부선,안양,14243,13763,28006
20211107,경부선,관악,5581,4912,10493
20211107,경부선,석수,5531,5329,10860
20211107,경부선,금천구청,6679,6708,13387
20211107,경부선,가산디지털단지,5363,7179,12542
20211107,경부선,구로,10100,10333,20433
20211107,경부선,신길,5177,4488,9665
20211107,경부선,신도림,2373,2519,4892
20211107,경부선,영등포,32172,31429,63601
20211107,경부선,대방,6291,6742,13033
20211107,경부선,노량진,6509,6358,12867
20211107,경부선,용산,35072,31801,66873
20211107,경부선,남영,4318,4558,8876
20211107,경부선,서울,7977,1693,9670
20211113,경부선,광명,3036,2680,5716
20211113,경부선,서동탄,1118,1173,2291
20211113,경부선,당정,4110,3892,8002
20211113,경부선,천안,6564,6768,13332
20211113,경부선,두정,5077,5134,10211
20211113,경부선,직산,725,693,1418
20211113,경부선,성환,3014,2880,5894
20211113,경부선,평택,13935,13701,27636
20211113,경부선,평택지제,3304,2952,6256
20211113,경부선,서정리,6941,6067,13008
20211113,경부선,송탄,4994,4705,9699
20211113,경부선,진위,1084,1016,2100
20211113,경부선,오산,10158,9279,19437
20211113,경부선,오산대,3098,2659,5757
20211113,경부선,세마,2206,1959,4165
20211113,경부선,병점,12993,12493,25486
20211113,경부선,세류,2644,2686,5330
20211113,경부선,독산,9297,8932,18229
20211113,경부선,수원,38809,42163,80972
20211113,경부선,화서,5789,5721,11510
20211113,경부선,성균관대,10879,10638,21517
20211113,경부선,의왕,6245,5928,12173
20211113,경부선,군포,4551,4073,8624
20211113,경부선,금정,19283,19136,38419
20211113,경부선,명학,5344,5061,10405
20211113,경부선,안양,18258,18189,36447
20211113,경부선,관악,6356,6035,12391
20211113,경부선,석수,7323,6570,13893
20211113,경부선,금천구청,8702,8347,17049
20211113,경부선,가산디지털단지,6919,8907,15826
20211113,경부선,구로,13669,14499,28168
20211113,경부선,신길,6335,5314,11649
20211113,경부선,신도림,3042,3306,6348
20211113,경부선,영등포,40652,43110,83762
20211113,경부선,대방,8466,8188,16654
20211113,경부선,노량진,9551,8997,18548
20211113,경부선,용산,37771,40479,78250
20211113,경부선,남영,5902,6115,12017
20211113,경부선,서울,8030,2156,10186
20211114,경부선,광명,3021,2121,5142
20211114,경부선,서동탄,815,830,1645
20211114,경부선,당정,3079,2966,6045
20211114,경부선,천안,6729,6487,13216
20211114,경부선,두정,4432,5090,9522
20211114,경부선,직산,631,639,1270
20211114,경부선,성환,2658,3092,5750
20211114,경부선,평택,11947,12976,24923
20211114,경부선,평택지제,2523,2386,4909
20211114,경부선,서정리,4554,6217,10771
20211114,경부선,송탄,3702,4237,7939
20211114,경부선,진위,919,940,1859
20211114,경부선,오산,7906,8380,16286
20211114,경부선,오산대,2246,2243,4489
20211114,경부선,세마,1757,1587,3344
20211114,경부선,병점,9767,10510,20277
20211114,경부선,세류,2207,2118,4325
20211114,경부선,독산,6407,6502,12909
20211114,경부선,수원,35147,34049,69196
20211114,경부선,화서,4513,4425,8938
20211114,경부선,성균관대,8070,8512,16582
20211114,경부선,의왕,4376,4496,8872
20211114,경부선,군포,3171,3045,6216
20211114,경부선,금정,14311,14694,29005
20211114,경부선,명학,3840,3920,7760
20211114,경부선,안양,13961,13509,27470
20211114,경부선,관악,4974,4517,9491
20211114,경부선,석수,5356,4968,10324
20211114,경부선,금천구청,6666,6461,13127
20211114,경부선,가산디지털단지,5186,7103,12289
20211114,경부선,구로,11022,10680,21702
20211114,경부선,신길,4877,4319,9196
20211114,경부선,신도림,2476,2628,5104
20211114,경부선,영등포,33051,31933,64984
20211114,경부선,대방,5999,6436,12435
20211114,경부선,노량진,6387,6237,12624
20211114,경부선,용산,34358,30680,65038
20211114,경부선,남영,4656,4981,9637
20211114,경부선,서울,8087,1768,9855
20211120,경부선,평택,14141,13647,27788
20211120,경부선,평택지제,3353,3037,6390
20211120,경부선,서정리,7196,5885,13081
20211120,경부선,송탄,5114,4514,9628
20211120,경부선,진위,1044,962,2006
20211120,경부선,오산,9587,9002,18589
20211120,경부선,오산대,2906,2669,5575
20211120,경부선,세마,2277,2037,4314
20211120,경부선,병점,12698,12477,25175
20211120,경부선,세류,2605,2563,5168
20211120,경부선,독산,9317,9117,18434
20211120,경부선,수원,38586,42267,80853
20211120,경부선,화서,5873,5843,11716
20211120,경부선,성균관대,10946,10882,21828
20211120,경부선,의왕,6157,5925,12082
20211120,경부선,군포,4516,4126,8642
20211120,경부선,금정,19374,19036,38410
20211120,경부선,명학,5432,5192,10624
20211120,경부선,안양,18077,18078,36155
20211120,경부선,관악,6099,5788,11887
20211120,경부선,석수,7154,6471,13625
20211120,경부선,금천구청,8681,8470,17151
20211120,경부선,가산디지털단지,6840,8893,15733
20211120,경부선,구로,13862,14645,28507
20211120,경부선,신길,6319,5188,11507
20211120,경부선,신도림,3041,3343,6384
20211120,경부선,영등포,40299,42461,82760
20211120,경부선,대방,8493,8375,16868
20211120,경부선,노량진,9469,9211,18680
20211120,경부선,용산,38056,40154,78210
20211120,경부선,남영,6310,6611,12921
20211120,경부선,서울,9020,2209,11229
20211120,경부선,성환,3084,2896,5980
20211120,경부선,광명,3058,2738,5796
20211120,경부선,서동탄,1031,1052,2083
20211120,경부선,당정,4130,3812,7942
20211120,경부선,천안,6539,6677,13216
20211120,경부선,두정,5168,5232,10400
20211120,경부선,직산,682,725,1407
20211121,경부선,가산디지털단지,4838,6778,11616
20211121,경부선,구로,9797,10150,19947
20211121,경부선,신길,4797,4243,9040
20211121,경부선,신도림,2193,2361,4554
20211121,경부선,영등포,32033,30665,62698
20211121,경부선,대방,5795,6410,12205
20211121,경부선,노량진,6041,5901,11942
20211121,경부선,용산,34428,30715,65143
20211121,경부선,남영,4443,4694,9137
20211121,경부선,서울,8515,1836,10351
20211121,경부선,천안,6351,6036,12387
20211121,경부선,당정,2985,2922,5907
20211121,경부선,서동탄,727,765,1492
20211121,경부선,광명,2948,2035,4983
20211121,경부선,두정,4227,4803,9030
20211121,경부선,직산,599,639,1238
20211121,경부선,성환,2540,3108,5648
20211121,경부선,평택,11681,12523,24204
20211121,경부선,평택지제,2535,2387,4922
20211121,경부선,서정리,4497,6149,10646
20211121,경부선,송탄,3576,4109,7685
20211121,경부선,진위,848,914,1762
20211121,경부선,오산,7552,8073,15625
20211121,경부선,오산대,2190,2034,4224
20211121,경부선,세마,1680,1582,3262
20211121,경부선,병점,9151,10114,19265
20211121,경부선,세류,2033,1979,4012
20211121,경부선,독산,6189,6286,12475
20211121,경부선,수원,33889,32669,66558
20211121,경부선,화서,3946,3916,7862
20211121,경부선,성균관대,7605,7999,15604
20211121,경부선,의왕,4303,4319,8622
20211121,경부선,군포,2955,2833,5788
20211121,경부선,금정,13731,14101,27832
20211121,경부선,명학,3592,3394,6986
20211121,경부선,안양,13017,12813,25830
20211121,경부선,관악,5010,4549,9559
20211121,경부선,석수,5039,4801,9840
20211121,경부선,금천구청,6262,6054,12316
20211127,경부선,서울,8683,2270,10953
20211127,경부선,남영,5865,6130,11995
20211127,경부선,용산,36606,38782,75388
20211127,경부선,노량진,8242,7599,15841
20211127,경부선,대방,8497,8310,16807
20211127,경부선,영등포,39536,41947,81483
20211127,경부선,신도림,2901,3130,6031
20211127,경부선,신길,6142,5124,11266
20211127,경부선,구로,13242,13729,26971
20211127,경부선,가산디지털단지,6607,8825,15432
20211127,경부선,금천구청,8376,8360,16736
20211127,경부선,석수,7016,6359,13375
20211127,경부선,관악,6023,5695,11718
20211127,경부선,안양,18402,18616,37018
20211127,경부선,명학,5423,5153,10576
20211127,경부선,금정,19044,18951,37995
20211127,경부선,군포,4422,3980,8402
20211127,경부선,의왕,6096,5847,11943
20211127,경부선,성균관대,10835,10657,21492
20211127,경부선,화서,6094,5830,11924
20211127,경부선,수원,38578,41627,80205
20211127,경부선,독산,9089,8796,17885
20211127,경부선,세류,2607,2515,5122
20211127,경부선,병점,12844,12266,25110
20211127,경부선,세마,2233,1970,4203
20211127,경부선,오산대,2867,2608,5475
20211127,경부선,오산,9828,8848,18676
20211127,경부선,진위,1087,872,1959
20211127,경부선,송탄,5033,4522,9555
20211127,경부선,서정리,7202,5841,13043
20211127,경부선,평택지제,3393,3101,6494
20211127,경부선,평택,13734,13422,27156
20211127,경부선,성환,3005,2725,5730
20211127,경부선,직산,651,624,1275
20211127,경부선,두정,5322,5286,10608
20211127,경부선,천안,6323,6482,12805
20211127,경부선,당정,4056,3816,7872
20211127,경부선,서동탄,1030,1069,2099
20211127,경부선,광명,3028,2733,5761
20211128,경부선,서울,8975,1927,10902
20211128,경부선,남영,4236,4563,8799
20211128,경부선,용산,33078,29599,62677
20211128,경부선,노량진,5486,5154,10640
20211128,경부선,대방,5966,6298,12264
20211128,경부선,영등포,32282,31029,63311
20211128,경부선,신도림,2222,2392,4614
20211128,경부선,신길,4807,4269,9076
20211128,경부선,구로,9560,9887,19447
20211128,경부선,가산디지털단지,4926,6829,11755
20211128,경부선,금천구청,6238,6046,12284
20211128,경부선,석수,5295,5101,10396
20211128,경부선,관악,4999,4651,9650
20211128,경부선,안양,13962,13438,27400
20211128,경부선,명학,3631,3566,7197
20211128,경부선,금정,13883,14086,27969
20211128,경부선,군포,3084,2941,6025
20211128,경부선,의왕,4161,4235,8396
20211128,경부선,성균관대,7882,8207,16089
20211128,경부선,화서,4166,4010,8176
20211128,경부선,수원,33950,32858,66808
20211128,경부선,독산,6152,6148,12300
20211128,경부선,세류,2060,2179,4239
20211128,경부선,병점,9456,10352,19808
20211128,경부선,세마,1800,1681,3481
20211128,경부선,오산대,2103,2126,4229
20211128,경부선,오산,8118,8785,16903
20211128,경부선,진위,878,868,1746
20211128,경부선,송탄,3627,4214,7841
20211128,경부선,서정리,4436,6223,10659
20211128,경부선,평택지제,2426,2307,4733
20211128,경부선,평택,11593,12509,24102
20211128,경부선,성환,2357,2848,5205
20211128,경부선,직산,555,645,1200
20211128,경부선,두정,4183,4888,9071
20211128,경부선,천안,6046,5844,11890
20211128,경부선,당정,3065,2958,6023
20211128,경부선,서동탄,797,815,1612
20211128,경부선,광명,3127,2126,5253
20211204,경부선,서울,6703,1931,8634
20211204,경부선,남영,5361,5438,10799
20211204,경부선,용산,34080,36549,70629
20211204,경부선,노량진,7826,7355,15181
20211204,경부선,대방,7842,7884,15726
20211204,경부선,영등포,39042,40854,79896
20211204,경부선,신도림,2758,2926,5684
20211204,경부선,신길,5754,4704,10458
20211204,경부선,구로,12969,13695,26664
20211204,경부선,가산디지털단지,6270,8270,14540
20211204,경부선,금천구청,8204,8125,16329
20211204,경부선,석수,6586,6152,12738
20211204,경부선,관악,5949,5551,11500
20211204,경부선,안양,17775,17633,35408
20211204,경부선,명학,5116,4967,10083
20211204,경부선,금정,18335,18236,36571
20211204,경부선,군포,4338,3954,8292
20211204,경부선,의왕,5887,5564,11451
20211204,경부선,성균관대,9492,9496,18988
20211204,경부선,화서,5291,5212,10503
20211204,경부선,수원,34867,38020,72887
20211204,경부선,독산,8635,8377,17012
20211204,경부선,세류,2517,2466,4983
20211204,경부선,병점,11719,11317,23036
20211204,경부선,세마,2068,1879,3947
20211204,경부선,오산대,2628,2328,4956
20211204,경부선,오산,8987,8252,17239
20211204,경부선,진위,967,849,1816
20211204,경부선,송탄,4712,4087,8799
20211204,경부선,서정리,6780,5382,12162
20211204,경부선,평택지제,3106,2900,6006
20211204,경부선,평택,12773,12432,25205
20211204,경부선,성환,2819,2490,5309
20211204,경부선,직산,631,592,1223
20211204,경부선,두정,4730,4836,9566
20211204,경부선,천안,5610,5794,11404
20211204,경부선,당정,3916,3664,7580
20211204,경부선,서동탄,1009,1009,2018
20211204,경부선,광명,2827,2506,5333
20211205,경부선,서울,7671,1567,9238
20211205,경부선,남영,4255,4379,8634
20211205,경부선,용산,31001,26993,57994
20211205,경부선,노량진,5230,4966,10196
20211205,경부선,대방,5453,5927,11380
20211205,경부선,영등포,30686,29535,60221
20211205,경부선,신도림,2074,2167,4241
20211205,경부선,신길,4531,3980,8511
20211205,경부선,구로,9166,9460,18626
20211205,경부선,가산디지털단지,4541,6276,10817
20211205,경부선,금천구청,5989,6051,12040
20211205,경부선,석수,5044,4809,9853
20211205,경부선,관악,4582,4184,8766
20211205,경부선,안양,12643,12365,25008
20211205,경부선,명학,3308,3153,6461
20211205,경부선,금정,12880,13266,26146
20211205,경부선,군포,2891,2711,5602
20211205,경부선,의왕,3987,4031,8018
20211205,경부선,성균관대,6913,7013,13926
20211205,경부선,화서,3864,3749,7613
20211205,경부선,수원,31007,29138,60145
20211205,경부선,독산,5865,5898,11763
20211205,경부선,세류,1841,1894,3735
20211205,경부선,병점,8598,9334,17932
20211205,경부선,세마,1566,1499,3065
20211205,경부선,오산대,1885,1893,3778
20211205,경부선,오산,7049,7512,14561
20211205,경부선,진위,813,835,1648
20211205,경부선,송탄,3459,4021,7480
20211205,경부선,서정리,4123,5747,9870
20211205,경부선,평택지제,2277,2269,4546
20211205,경부선,평택,10517,11163,21680
20211205,경부선,성환,2192,2717,4909
20211205,경부선,직산,528,599,1127
20211205,경부선,두정,3828,4308,8136
20211205,경부선,천안,5363,5225,10588
20211205,경부선,당정,2891,2758,5649
20211205,경부선,서동탄,744,774,1518
20211205,경부선,광명,2609,1854,4463
20211211,경부선,서울,6173,1820,7993
20211211,경부선,남영,5196,5470,10666
20211211,경부선,용산,30171,32523,62694
20211211,경부선,노량진,7787,7344,15131
20211211,경부선,대방,7468,7320,14788
20211211,경부선,영등포,36044,38228,74272
20211211,경부선,신도림,2742,2835,5577
20211211,경부선,신길,5708,4703,10411
20211211,경부선,구로,12643,13180,25823
20211211,경부선,가산디지털단지,6222,8214,14436
20211211,경부선,금천구청,7914,7797,15711
20211211,경부선,석수,6501,5912,12413
20211211,경부선,관악,5716,5277,10993
20211211,경부선,안양,16402,16504,32906
20211211,경부선,명학,5209,4846,10055
20211211,경부선,금정,18199,17918,36117
20211211,경부선,군포,4170,3773,7943
20211211,경부선,의왕,5663,5540,11203
20211211,경부선,성균관대,9999,9437,19436
20211211,경부선,화서,5197,5081,10278
20211211,경부선,수원,34074,37793,71867
20211211,경부선,독산,8628,8391,17019
20211211,경부선,세류,2423,2419,4842
20211211,경부선,병점,11356,11152,22508
20211211,경부선,세마,1997,1818,3815
20211211,경부선,오산대,2549,2292,4841
20211211,경부선,오산,8831,8178,17009
20211211,경부선,진위,963,831,1794
20211211,경부선,송탄,4501,3883,8384
20211211,경부선,서정리,6626,5458,12084
20211211,경부선,평택지제,3161,2861,6022
20211211,경부선,평택,12528,11956,24484
20211211,경부선,성환,2793,2535,5328
20211211,경부선,직산,666,612,1278
20211211,경부선,두정,4744,4764,9508
20211211,경부선,천안,5535,5754,11289
20211211,경부선,당정,3686,3437,7123
20211211,경부선,서동탄,945,950,1895
20211211,경부선,광명,2624,2497,5121
20211212,경부선,서울,7124,1580,8704
20211212,경부선,남영,3861,4076,7937
20211212,경부선,용산,28960,24855,53815
20211212,경부선,노량진,5108,5012,10120
20211212,경부선,대방,5321,5828,11149
20211212,경부선,영등포,30003,28730,58733
20211212,경부선,신도림,1808,1987,3795
20211212,경부선,신길,4207,3739,7946
20211212,경부선,구로,9184,9228,18412
20211212,경부선,가산디지털단지,4179,5953,10132
20211212,경부선,금천구청,5745,5611,11356
20211212,경부선,석수,4682,4272,8954
20211212,경부선,관악,4490,4194,8684
20211212,경부선,안양,12115,11799,23914
20211212,경부선,명학,3149,3141,6290
20211212,경부선,금정,12650,13098,25748
20211212,경부선,군포,2855,2737,5592
20211212,경부선,의왕,3728,3803,7531
20211212,경부선,성균관대,6845,7018,13863
20211212,경부선,화서,3714,3617,7331
20211212,경부선,수원,29818,28594,58412
20211212,경부선,독산,5666,5637,11303
20211212,경부선,세류,1779,1820,3599
20211212,경부선,병점,8210,9036,17246
20211212,경부선,세마,1475,1430,2905
20211212,경부선,오산대,1833,1819,3652
20211212,경부선,오산,7028,7476,14504
20211212,경부선,진위,760,783,1543
20211212,경부선,송탄,3287,3679,6966
20211212,경부선,서정리,4347,5875,10222
20211212,경부선,평택지제,2266,2214,4480
20211212,경부선,평택,10268,11008,21276
20211212,경부선,성환,2092,2582,4674
20211212,경부선,직산,541,587,1128
20211212,경부선,두정,3837,4120,7957
20211212,경부선,천안,5196,5182,10378
20211212,경부선,당정,2749,2754,5503
20211212,경부선,서동탄,606,677,1283
20211212,경부선,광명,2632,1778,4410
20211218,경부선,광명,2803,2538,5341
20211218,경부선,서동탄,817,891,1708
20211218,경부선,당정,3572,3486,7058
20211218,경부선,천안,4776,5025,9801
20211218,경부선,두정,4481,4334,8815
20211218,경부선,직산,550,523,1073
20211218,경부선,성환,2360,2132,4492
20211218,경부선,평택,11486,10949,22435
20211218,경부선,평택지제,2907,2655,5562
20211218,경부선,서정리,6109,5084,11193
20211218,경부선,송탄,4302,3959,8261
20211218,경부선,진위,872,833,1705
20211218,경부선,오산,8100,7984,16084
20211218,경부선,오산대,2282,2142,4424
20211218,경부선,세마,1826,1652,3478
20211218,경부선,병점,10879,11144,22023
20211218,경부선,세류,2220,2252,4472
20211218,경부선,독산,8286,8347,16633
20211218,경부선,수원,34567,37045,71612
20211218,경부선,화서,4752,4913,9665
20211218,경부선,성균관대,9323,9474,18797
20211218,경부선,의왕,5279,5339,10618
20211218,경부선,군포,3843,3528,7371
20211218,경부선,금정,16752,17093,33845
20211218,경부선,명학,4669,4611,9280
20211218,경부선,안양,15866,16079,31945
20211218,경부선,관악,4866,4776,9642
20211218,경부선,석수,5875,5496,11371
20211218,경부선,금천구청,7226,7555,14781
20211218,경부선,가산디지털단지,5738,7661,13399
20211218,경부선,구로,13084,13105,26189
20211218,경부선,신길,5560,4702,10262
20211218,경부선,신도림,2506,2554,5060
20211218,경부선,영등포,39435,39765,79200
20211218,경부선,대방,7908,7645,15553
20211218,경부선,노량진,7259,6855,14114
20211218,경부선,용산,34565,36357,70922
20211218,경부선,남영,5286,5728,11014
20211218,경부선,서울,6309,1972,8281
20211219,경부선,서울,7250,1749,8999
20211219,경부선,남영,4173,4366,8539
20211219,경부선,용산,32037,28885,60922
20211219,경부선,노량진,5117,4980,10097
20211219,경부선,대방,5378,5852,11230
20211219,경부선,영등포,32030,31265,63295
20211219,경부선,신도림,1910,1960,3870
20211219,경부선,신길,4218,3655,7873
20211219,경부선,구로,9034,9219,18253
20211219,경부선,가산디지털단지,4423,6109,10532
20211219,경부선,금천구청,5482,5566,11048
20211219,경부선,석수,4538,4375,8913
20211219,경부선,관악,4057,3760,7817
20211219,경부선,안양,12248,11839,24087
20211219,경부선,명학,3310,3273,6583
20211219,경부선,금정,12387,12828,25215
20211219,경부선,군포,2665,2606,5271
20211219,경부선,의왕,3908,4031,7939
20211219,경부선,성균관대,7154,7639,14793
20211219,경부선,화서,3758,3735,7493
20211219,경부선,수원,32332,31020,63352
20211219,경부선,독산,5780,5851,11631
20211219,경부선,세류,1890,1844,3734
20211219,경부선,병점,8571,9305,17876
20211219,경부선,세마,1468,1435,2903
20211219,경부선,오산대,1882,1794,3676
20211219,경부선,오산,7005,7612,14617
20211219,경부선,진위,788,785,1573
20211219,경부선,송탄,3512,4025,7537
20211219,경부선,서정리,4298,5847,10145
20211219,경부선,평택지제,2439,2285,4724
20211219,경부선,평택,10387,11194,21581
20211219,경부선,성환,1941,2309,4250
20211219,경부선,직산,449,512,961
20211219,경부선,두정,3858,4335,8193
20211219,경부선,천안,5131,4984,10115
20211219,경부선,당정,2748,2761,5509
20211219,경부선,서동탄,664,675,1339
20211219,경부선,광명,2697,1931,4628
20211225,경부선,광명,1835,1811,3646
20211225,경부선,서동탄,725,778,1503
20211225,경부선,당정,2964,2839,5803
20211225,경부선,천안,4938,4911,9849
20211225,경부선,두정,3888,3986,7874
20211225,경부선,직산,438,438,876
20211225,경부선,성환,2127,1992,4119
20211225,경부선,평택,10704,10449,21153
20211225,경부선,평택지제,2226,2119,4345
20211225,경부선,서정리,5173,4409,9582
20211225,경부선,송탄,3843,3471,7314
20211225,경부선,진위,783,648,1431
20211225,경부선,오산,7918,7508,15426
20211225,경부선,오산대,2085,1907,3992
20211225,경부선,세마,1745,1583,3328
20211225,경부선,병점,9849,10095,19944
20211225,경부선,세류,1840,1874,3714
20211225,경부선,독산,6500,6348,12848
20211225,경부선,수원,34432,36726,71158
20211225,경부선,화서,3636,3745,7381
20211225,경부선,성균관대,7903,8006,15909
20211225,경부선,의왕,4089,4072,8161
20211225,경부선,군포,2982,2690,5672
20211225,경부선,금정,13159,13538,26697
20211225,경부선,명학,3159,3000,6159
20211225,경부선,안양,13518,13587,27105
20211225,경부선,관악,3786,3715,7501
20211225,경부선,석수,4714,4450,9164
20211225,경부선,금천구청,5928,5943,11871
20211225,경부선,가산디지털단지,4276,6179,10455
20211225,경부선,구로,9368,9592,18960
20211225,경부선,신길,4369,3769,8138
20211225,경부선,신도림,1843,1840,3683
20211225,경부선,영등포,42133,41728,83861
20211225,경부선,대방,5893,5930,11823
20211225,경부선,노량진,6194,6102,12296
20211225,경부선,용산,29683,31402,61085
20211225,경부선,남영,4085,4394,8479
20211225,경부선,서울,4732,1796,6528
20211226,경부선,광명,2258,1493,3751
20211226,경부선,서동탄,536,532,1068
20211226,경부선,당정,2145,2258,4403
20211226,경부선,천안,4600,4641,9241
20211226,경부선,두정,3527,3684,7211
20211226,경부선,직산,430,467,897
20211226,경부선,성환,1753,2135,3888
20211226,경부선,평택,9297,9605,18902
20211226,경부선,평택지제,2023,1964,3987
20211226,경부선,서정리,3480,5305,8785
20211226,경부선,송탄,3004,3675,6679
20211226,경부선,진위,656,702,1358
20211226,경부선,오산,6073,6686,12759
20211226,경부선,오산대,1606,1542,3148
20211226,경부선,세마,1352,1346,2698
20211226,경부선,병점,7283,8129,15412
20211226,경부선,세류,1611,1574,3185
20211226,경부선,독산,4771,4901,9672
20211226,경부선,수원,28096,27139,55235
20211226,경부선,화서,2971,2931,5902
20211226,경부선,성균관대,6119,6610,12729
20211226,경부선,의왕,3078,3232,6310
20211226,경부선,군포,2319,2258,4577
20211226,경부선,금정,10644,11216,21860
20211226,경부선,명학,2431,2334,4765
20211226,경부선,안양,10266,10047,20313
20211226,경부선,관악,3149,2943,6092
20211226,경부선,석수,3568,3408,6976
20211226,경부선,금천구청,4572,4406,8978
20211226,경부선,가산디지털단지,3483,5006,8489
20211226,경부선,구로,7575,7610,15185
20211226,경부선,신길,3592,3196,6788
20211226,경부선,신도림,1489,1446,2935
20211226,경부선,영등포,29314,27097,56411
20211226,경부선,대방,4460,4857,9317
20211226,경부선,노량진,4309,4343,8652
20211226,경부선,용산,29347,25430,54777
20211226,경부선,남영,3230,3477,6707
20211226,경부선,서울,6819,1663,8482
