사용월,호선명,지하철역,승차총승객수,하차총승객수,승하차총승객수
202201,8호선,가락시장,2644,2828,5472
202201,8호선,강동구청,3371,3526,6897
202201,8호선,남위례,1367,1592,2959
202201,8호선,남한산성입구,5323,5004,10327
202201,8호선,단대오거리,4316,4142,8458
202201,8호선,모란,2208,1927,4135
202201,8호선,몽촌토성,2779,2571,5350
202201,8호선,문정,3686,3717,7403
202201,8호선,복정,3374,3023,6397
202201,8호선,산성,2435,2447,4882
202201,8호선,석촌,3107,3797,6904
202201,8호선,송파,2576,2707,5283
202201,8호선,수진,2462,2262,4724
202201,8호선,신흥,2273,2602,4875
202201,8호선,암사,6855,6471,13326
202201,8호선,잠실,8337,9287,17624
202201,8호선,장지,7522,7404,14926
202201,8호선,천호,6431,7632,14063
202201,8호선,가락시장,2587,3313,5900
202201,8호선,강동구청,3987,4302,8289
202201,8호선,남위례,1560,1796,3356
202201,8호선,남한산성입구,5625,5333,10958
202201,8호선,단대오거리,4737,4721,9458
202201,8호선,모란,2400,1983,4383
202201,8호선,몽촌토성,2790,2862,5652
202201,8호선,문정,3765,4409,8174
202201,8호선,복정,3633,3498,7131
202201,8호선,산성,2646,2693,5339
202201,8호선,석촌,3587,4643,8230
202201,8호선,송파,3028,3320,6348
202201,8호선,수진,2671,2496,5167
202201,8호선,신흥,2385,2611,4996
202201,8호선,암사,7687,7350,15037
202201,8호선,잠실,9634,10188,19822
202201,8호선,장지,8000,8381,16381
202201,8호선,천호,7651,9029,16680
202201,8호선,가락시장,5231,5359,10590
202201,8호선,강동구청,5689,5761,11450
202201,8호선,남위례,2576,2796,5372
202201,8호선,남한산성입구,8715,7794,16509
202201,8호선,단대오거리,7072,6655,13727
202201,8호선,모란,3455,3021,6476
202201,8호선,몽촌토성,3961,4008,7969
202201,8호선,문정,8089,8252,16341
202201,8호선,복정,6021,5045,11066
202201,8호선,산성,3813,3893,7706
202201,8호선,석촌,5696,6892,12588
202201,8호선,송파,4613,4937,9550
202201,8호선,수진,4026,3763,7789
202201,8호선,신흥,3256,3630,6886
202201,8호선,암사,11597,10700,22297
202201,8호선,잠실,12827,14581,27408
202201,8호선,장지,11516,10918,22434
202201,8호선,천호,11676,13571,25247
202201,8호선,가락시장,2847,3580,6427
202201,8호선,강동구청,4146,4348,8494
202201,8호선,남위례,1793,2029,3822
202201,8호선,남한산성입구,6318,5883,12201
202201,8호선,단대오거리,5287,5212,10499
202201,8호선,모란,4599,3762,8361
202201,8호선,몽촌토성,2787,2774,5561
202201,8호선,문정,5089,5522,10611
202201,8호선,복정,4167,3909,8076
202201,8호선,산성,2863,2834,5697
202201,8호선,석촌,3966,4859,8825
202201,8호선,송파,3368,3491,6859
202201,8호선,수진,2955,2782,5737
202201,8호선,신흥,2600,2882,5482
202201,8호선,암사,8075,7758,15833
202201,8호선,잠실,9598,10440,20038
202201,8호선,장지,8508,8588,17096
202201,8호선,천호,8222,9376,17598
202201,8호선,가락시장,5472,5521,10993
202201,8호선,강동구청,5902,5996,11898
202201,8호선,남위례,2519,2715,5234
202201,8호선,남한산성입구,8714,7830,16544
202201,8호선,단대오거리,7284,6924,14208
202201,8호선,모란,3439,3017,6456
202201,8호선,몽촌토성,3858,3819,7677
202201,8호선,문정,8426,8599,17025
202201,8호선,복정,5907,4987,10894
202201,8호선,산성,3791,3893,7684
202201,8호선,석촌,5846,7047,12893
202201,8호선,송파,4847,4877,9724
202201,8호선,수진,3988,3606,7594
202201,8호선,신흥,3292,3509,6801
202201,8호선,암사,11830,10864,22694
202201,8호선,잠실,12444,14527,26971
202201,8호선,장지,11519,10824,22343
202201,8호선,천호,11512,13528,25040
202201,8호선,가락시장,2964,3801,6765
202201,8호선,강동구청,4295,4475,8770
202201,8호선,남위례,1778,1967,3745
202201,8호선,남한산성입구,6208,5874,12082
202201,8호선,단대오거리,5053,5072,10125
202201,8호선,모란,2510,2093,4603
202201,8호선,몽촌토성,2944,3028,5972
202201,8호선,문정,5142,5456,10598
202201,8호선,복정,4024,3805,7829
202201,8호선,산성,2747,2745,5492
202201,8호선,석촌,3983,5007,8990
202201,8호선,송파,3271,3472,6743
202201,8호선,수진,2943,2709,5652
202201,8호선,신흥,2476,2696,5172
202201,8호선,암사,8236,8070,16306
202201,8호선,잠실,10113,11270,21383
202201,8호선,장지,8662,8746,17408
202201,8호선,천호,8652,9819,18471
202201,8호선,가락시장,5883,5887,11770
202201,8호선,강동구청,6185,6220,12405
202201,8호선,남위례,2658,2880,5538
202201,8호선,남한산성입구,8769,8088,16857
202201,8호선,단대오거리,7453,7067,14520
202201,8호선,모란,3589,3011,6600
202201,8호선,몽촌토성,4014,4091,8105
202201,8호선,문정,8589,8743,17332
202201,8호선,복정,6099,5114,11213
202201,8호선,산성,3864,3874,7738
202201,8호선,석촌,5792,7183,12975
202201,8호선,송파,4863,5000,9863
202201,8호선,수진,4074,3678,7752
202201,8호선,신흥,3352,3585,6937
202201,8호선,암사,12331,11344,23675
202201,8호선,잠실,12627,14506,27133
202201,8호선,장지,11707,10848,22555
202201,8호선,천호,11970,13941,25911
202201,8호선,가락시장,3133,3872,7005
202201,8호선,강동구청,4229,4513,8742
202201,8호선,남위례,1942,2032,3974
202201,8호선,남한산성입구,6380,6071,12451
202201,8호선,단대오거리,5107,5105,10212
202201,8호선,모란,2502,2108,4610
202201,8호선,몽촌토성,2978,2856,5834
202201,8호선,문정,5295,5512,10807
202201,8호선,복정,4316,3986,8302
202201,8호선,산성,2937,2949,5886
202201,8호선,석촌,4109,4941,9050
202201,8호선,송파,3221,3436,6657
202201,8호선,수진,2964,2644,5608
202201,8호선,신흥,2405,2522,4927
202201,8호선,암사,8359,7999,16358
202201,8호선,잠실,9225,10588,19813
202201,8호선,장지,8295,8632,16927
202201,8호선,천호,8351,9556,17907
202201,8호선,가락시장,5084,5705,10789
202201,8호선,강동구청,5153,5137,10290
202201,8호선,남위례,2222,2236,4458
202201,8호선,남한산성입구,7826,6925,14751
202201,8호선,단대오거리,6551,6120,12671
202201,8호선,모란,4927,4000,8927
202201,8호선,몽촌토성,3485,3329,6814
202201,8호선,문정,5578,5290,10868
202201,8호선,복정,4782,4108,8890
202201,8호선,산성,3376,3377,6753
202201,8호선,석촌,4953,5749,10702
202201,8호선,송파,4191,4137,8328
202201,8호선,수진,3790,3323,7113
202201,8호선,신흥,3142,3294,6436
202201,8호선,암사,10636,9834,20470
202201,8호선,잠실,10491,11558,22049
202201,8호선,장지,9408,9080,18488
202201,8호선,천호,10117,11536,21653
202201,8호선,가락시장,3320,3538,6858
202201,8호선,강동구청,3744,3750,7494
202201,8호선,남위례,1514,1624,3138
202201,8호선,남한산성입구,5605,4994,10599
202201,8호선,단대오거리,4615,4357,8972
202201,8호선,모란,2273,1848,4121
202201,8호선,몽촌토성,2417,2245,4662
202201,8호선,문정,3601,3364,6965
202201,8호선,복정,3441,3114,6555
202201,8호선,산성,2460,2545,5005
202201,8호선,석촌,3235,3898,7133
202201,8호선,송파,2729,2899,5628
202201,8호선,수진,2490,2232,4722
202201,8호선,신흥,2102,2252,4354
202201,8호선,암사,7761,7202,14963
202201,8호선,잠실,7950,9081,17031
202201,8호선,장지,7142,6972,14114
202201,8호선,천호,7325,8256,15581
202202,8호선,가락시장,4608,4524,9132
202202,8호선,강동구청,5399,5418,10817
202202,8호선,남위례,2149,2257,4406
202202,8호선,남한산성입구,7576,6799,14375
202202,8호선,단대오거리,6378,6099,12477
202202,8호선,모란,3058,2640,5698
202202,8호선,몽촌토성,3778,3686,7464
202202,8호선,문정,7161,7368,14529
202202,8호선,복정,5222,4411,9633
202202,8호선,산성,3337,3329,6666
202202,8호선,석촌,5111,5994,11105
202202,8호선,송파,4202,4378,8580
202202,8호선,수진,3529,3374,6903
202202,8호선,신흥,3072,3375,6447
202202,8호선,암사,10447,9858,20305
202202,8호선,잠실,10690,12103,22793
202202,8호선,장지,10206,9561,19767
202202,8호선,천호,10179,12068,22247
202202,8호선,가락시장,2486,3198,5684
202202,8호선,강동구청,3809,4075,7884
202202,8호선,남위례,1640,1749,3389
202202,8호선,남한산성입구,5496,5172,10668
202202,8호선,단대오거리,4530,4557,9087
202202,8호선,모란,2188,1785,3973
202202,8호선,몽촌토성,2605,2623,5228
202202,8호선,문정,4384,4591,8975
202202,8호선,복정,3782,3553,7335
202202,8호선,산성,2416,2507,4923
202202,8호선,석촌,3509,4126,7635
202202,8호선,송파,2861,3048,5909
202202,8호선,수진,2558,2279,4837
202202,8호선,신흥,2178,2368,4546
202202,8호선,암사,7344,7126,14470
202202,8호선,잠실,7800,8573,16373
202202,8호선,장지,7330,7894,15224
202202,8호선,천호,7387,8289,15676
202202,8호선,가락시장,4871,5054,9925
202202,8호선,강동구청,5670,5634,11304
202202,8호선,남위례,2806,2902,5708
202202,8호선,남한산성입구,8257,7475,15732
202202,8호선,단대오거리,6856,6665,13521
202202,8호선,모란,3339,2844,6183
202202,8호선,몽촌토성,3744,3778,7522
202202,8호선,문정,8035,8202,16237
202202,8호선,복정,5771,4946,10717
202202,8호선,산성,3541,3652,7193
202202,8호선,석촌,5320,6488,11808
202202,8호선,송파,4500,4529,9029
202202,8호선,수진,3828,3474,7302
202202,8호선,신흥,3227,3504,6731
202202,8호선,암사,11234,10308,21542
202202,8호선,잠실,10971,12733,23704
202202,8호선,장지,10861,10159,21020
202202,8호선,천호,11085,13021,24106
202202,8호선,가락시장,2765,3463,6228
202202,8호선,강동구청,3966,4204,8170
202202,8호선,남위례,1803,1937,3740
202202,8호선,남한산성입구,5872,5566,11438
202202,8호선,단대오거리,4882,4831,9713
202202,8호선,모란,2337,2030,4367
202202,8호선,몽촌토성,2810,2742,5552
202202,8호선,문정,4885,5249,10134
202202,8호선,복정,3987,3658,7645
202202,8호선,산성,2738,2813,5551
202202,8호선,석촌,3738,4573,8311
202202,8호선,송파,3141,3336,6477
202202,8호선,수진,2718,2573,5291
202202,8호선,신흥,2245,2437,4682
202202,8호선,암사,7777,7316,15093
202202,8호선,잠실,8315,9247,17562
202202,8호선,장지,7780,8161,15941
202202,8호선,천호,7826,9003,16829
202202,8호선,가락시장,4989,5067,10056
202202,8호선,강동구청,5492,5524,11016
202202,8호선,남위례,2626,2747,5373
202202,8호선,남한산성입구,8324,7575,15899
202202,8호선,단대오거리,7052,6753,13805
202202,8호선,모란,5105,4275,9380
202202,8호선,몽촌토성,4120,3906,8026
202202,8호선,문정,7990,8221,16211
202202,8호선,복정,5758,4761,10519
202202,8호선,산성,3757,3858,7615
202202,8호선,석촌,5353,6576,11929
202202,8호선,송파,4636,4683,9319
202202,8호선,수진,4092,3725,7817
202202,8호선,신흥,3279,3530,6809
202202,8호선,암사,11055,10353,21408
202202,8호선,잠실,11153,12641,23794
202202,8호선,장지,10933,10256,21189
202202,8호선,천호,10997,12912,23909
202202,8호선,가락시장,2714,3414,6128
202202,8호선,강동구청,3945,4161,8106
202202,8호선,남위례,1660,1781,3441
202202,8호선,남한산성입구,5730,5305,11035
202202,8호선,단대오거리,4672,4625,9297
202202,8호선,모란,2215,1811,4026
202202,8호선,몽촌토성,2705,2721,5426
202202,8호선,문정,5045,5287,10332
202202,8호선,복정,3810,3630,7440
202202,8호선,산성,2485,2488,4973
202202,8호선,석촌,3553,4318,7871
202202,8호선,송파,2822,3114,5936
202202,8호선,수진,2542,2345,4887
202202,8호선,신흥,2273,2481,4754
202202,8호선,암사,7640,7310,14950
202202,8호선,잠실,8618,9601,18219
202202,8호선,장지,7934,8231,16165
202202,8호선,천호,7841,8908,16749
202202,8호선,가락시장,4715,4733,9448
202202,8호선,강동구청,5355,5394,10749
202202,8호선,남위례,2436,2586,5022
202202,8호선,남한산성입구,7902,7111,15013
202202,8호선,단대오거리,6610,6435,13045
202202,8호선,모란,3171,2715,5886
202202,8호선,몽촌토성,3829,3744,7573
202202,8호선,문정,7539,7658,15197
202202,8호선,복정,5361,4541,9902
202202,8호선,산성,3508,3481,6989
202202,8호선,석촌,4948,6126,11074
202202,8호선,송파,4360,4561,8921
202202,8호선,수진,3790,3389,7179
202202,8호선,신흥,3030,3245,6275
202202,8호선,암사,10642,9853,20495
202202,8호선,잠실,10614,11934,22548
202202,8호선,장지,10430,9814,20244
202202,8호선,천호,10462,12230,22692
202202,8호선,가락시장,2730,3321,6051
202202,8호선,강동구청,3877,4023,7900
202202,8호선,남위례,1772,1877,3649
202202,8호선,남한산성입구,5986,5574,11560
202202,8호선,단대오거리,4815,4648,9463
202202,8호선,모란,2328,1914,4242
202202,8호선,몽촌토성,2886,2802,5688
202202,8호선,문정,5119,5387,10506
202202,8호선,복정,4036,3722,7758
202202,8호선,산성,2683,2769,5452
202202,8호선,석촌,3619,4344,7963
202202,8호선,송파,3012,3178,6190
202202,8호선,수진,2703,2457,5160
202202,8호선,신흥,2319,2526,4845
202202,8호선,암사,7651,7285,14936
202202,8호선,잠실,8273,9431,17704
202202,8호선,장지,7819,8000,15819
202202,8호선,천호,7655,8875,16530
202203,8호선,가락시장,4879,4761,9640
202203,8호선,강동구청,5492,5494,10986
202203,8호선,남위례,2546,2696,5242
202203,8호선,남한산성입구,7860,7050,14910
202203,8호선,단대오거리,6677,6256,12933
202203,8호선,모란,3160,2692,5852
202203,8호선,몽촌토성,4073,3930,8003
202203,8호선,문정,7739,7851,15590
202203,8호선,복정,5514,4671,10185
202203,8호선,산성,3456,3478,6934
202203,8호선,석촌,5367,6257,11624
202203,8호선,송파,4438,4541,8979
202203,8호선,수진,3915,3535,7450
202203,8호선,신흥,3071,3167,6238
202203,8호선,암사,10782,9921,20703
202203,8호선,잠실,10759,12490,23249
202203,8호선,장지,10238,9612,19850
202203,8호선,천호,10785,12576,23361
202203,8호선,가락시장,2655,3375,6030
202203,8호선,강동구청,3782,3939,7721
202203,8호선,남위례,1643,1796,3439
202203,8호선,남한산성입구,5602,5269,10871
202203,8호선,단대오거리,4466,4606,9072
202203,8호선,모란,2213,1824,4037
202203,8호선,몽촌토성,2830,2725,5555
202203,8호선,문정,4489,4689,9178
202203,8호선,복정,3813,3552,7365
202203,8호선,산성,2602,2660,5262
202203,8호선,석촌,3460,4307,7767
202203,8호선,송파,2888,3004,5892
202203,8호선,수진,2636,2292,4928
202203,8호선,신흥,2233,2399,4632
202203,8호선,암사,7377,6966,14343
202203,8호선,잠실,8233,8988,17221
202203,8호선,장지,7415,7761,15176
202203,8호선,천호,7586,8744,16330
202203,8호선,가락시장,4741,5014,9755
202203,8호선,강동구청,5356,5501,10857
202203,8호선,남위례,2561,2662,5223
202203,8호선,남한산성입구,8234,7359,15593
202203,8호선,단대오거리,6632,6304,12936
202203,8호선,모란,3164,2699,5863
202203,8호선,몽촌토성,3765,3818,7583
202203,8호선,문정,7724,7766,15490
202203,8호선,복정,5493,4594,10087
202203,8호선,산성,3693,3765,7458
202203,8호선,석촌,5204,6470,11674
202203,8호선,송파,4316,4387,8703
202203,8호선,수진,3613,3254,6867
202203,8호선,신흥,2921,3218,6139
202203,8호선,암사,10839,9920,20759
202203,8호선,잠실,10990,12758,23748
202203,8호선,장지,11165,10289,21454
202203,8호선,천호,10671,12429,23100
202203,8호선,가락시장,2391,2992,5383
202203,8호선,강동구청,3487,3490,6977
202203,8호선,남위례,1569,1665,3234
202203,8호선,남한산성입구,5068,4712,9780
202203,8호선,단대오거리,4134,4157,8291
202203,8호선,모란,1877,1665,3542
202203,8호선,몽촌토성,2434,2389,4823
202203,8호선,문정,4626,4768,9394
202203,8호선,복정,3416,3270,6686
202203,8호선,산성,2070,2097,4167
202203,8호선,석촌,3336,4015,7351
202203,8호선,송파,2685,2836,5521
202203,8호선,수진,2325,2083,4408
202203,8호선,신흥,1944,2116,4060
202203,8호선,암사,6762,6309,13071
202203,8호선,잠실,7696,8798,16494
202203,8호선,장지,6934,7268,14202
202203,8호선,천호,6752,7867,14619
202203,8호선,가락시장,4452,4514,8966
202203,8호선,강동구청,4979,5028,10007
202203,8호선,남위례,2524,2674,5198
202203,8호선,남한산성입구,7484,6573,14057
202203,8호선,단대오거리,6263,6073,12336
202203,8호선,모란,3923,3311,7234
202203,8호선,몽촌토성,3251,3212,6463
202203,8호선,문정,7349,7382,14731
202203,8호선,복정,4888,4246,9134
202203,8호선,산성,3156,3137,6293
202203,8호선,석촌,4807,5678,10485
202203,8호선,송파,4264,4376,8640
202203,8호선,수진,3615,3299,6914
202203,8호선,신흥,2990,3142,6132
202203,8호선,암사,9968,9201,19169
202203,8호선,잠실,10181,11662,21843
202203,8호선,장지,10217,9677,19894
202203,8호선,천호,9763,11626,21389
202203,8호선,가락시장,2731,3467,6198
202203,8호선,강동구청,3715,3957,7672
202203,8호선,남위례,1888,2031,3919
202203,8호선,남한산성입구,5641,5372,11013
202203,8호선,단대오거리,4679,4620,9299
202203,8호선,모란,2185,1889,4074
202203,8호선,몽촌토성,2893,2816,5709
202203,8호선,문정,4827,5011,9838
202203,8호선,복정,3862,3597,7459
202203,8호선,산성,2564,2656,5220
202203,8호선,석촌,3694,4513,8207
202203,8호선,송파,2974,3167,6141
202203,8호선,수진,2625,2459,5084
202203,8호선,신흥,2241,2358,4599
202203,8호선,암사,7522,7218,14740
202203,8호선,잠실,8648,9260,17908
202203,8호선,장지,7843,8206,16049
202203,8호선,천호,7730,8820,16550
202203,8호선,가락시장,4502,4754,9256
202203,8호선,강동구청,5212,5253,10465
202203,8호선,남위례,2587,2802,5389
202203,8호선,남한산성입구,7786,6940,14726
202203,8호선,단대오거리,6474,6010,12484
202203,8호선,모란,3074,2652,5726
202203,8호선,몽촌토성,3550,3522,7072
202203,8호선,문정,7654,7592,15246
202203,8호선,복정,5219,4394,9613
202203,8호선,산성,3253,3224,6477
202203,8호선,석촌,5168,6251,11419
202203,8호선,송파,4213,4218,8431
202203,8호선,수진,3536,3198,6734
202203,8호선,신흥,2890,3181,6071
202203,8호선,암사,10532,9656,20188
202203,8호선,잠실,10679,12300,22979
202203,8호선,장지,10216,9630,19846
202203,8호선,천호,10258,12245,22503
202203,8호선,가락시장,2779,3553,6332
202203,8호선,강동구청,4027,4139,8166
202203,8호선,남위례,1951,2086,4037
202203,8호선,남한산성입구,6248,5954,12202
202203,8호선,단대오거리,5074,5030,10104
202203,8호선,모란,2414,2030,4444
202203,8호선,몽촌토성,3363,3166,6529
202203,8호선,문정,4974,5172,10146
202203,8호선,복정,4109,3913,8022
202203,8호선,산성,2823,2910,5733
202203,8호선,석촌,3905,5039,8944
202203,8호선,송파,3119,3231,6350
202203,8호선,수진,2672,2444,5116
202203,8호선,신흥,2300,2543,4843
202203,8호선,암사,7814,7434,15248
202203,8호선,잠실,9119,9806,18925
202203,8호선,장지,8159,8294,16453
202203,8호선,천호,7845,9070,16915
202204,8호선,가락시장,5315,5483,10798
202204,8호선,강동구청,5739,5816,11555
202204,8호선,남위례,2969,3113,6082
202204,8호선,남한산성입구,8906,7964,16870
202204,8호선,단대오거리,7439,6869,14308
202204,8호선,모란,3779,3320,7099
202204,8호선,몽촌토성,4768,4639,9407
202204,8호선,문정,8299,8256,16555
202204,8호선,복정,5831,5061,10892
202204,8호선,산성,4104,4121,8225
202204,8호선,석촌,6302,8346,14648
202204,8호선,송파,5386,5370,10756
202204,8호선,수진,4160,3670,7830
202204,8호선,신흥,3388,3596,6984
202204,8호선,암사,11877,10784,22661
202204,8호선,잠실,14450,16018,30468
202204,8호선,장지,11485,10649,22134
202204,8호선,천호,11244,13367,24611
202204,8호선,가락시장,2967,3748,6715
202204,8호선,강동구청,4232,4325,8557
202204,8호선,남위례,2258,2271,4529
202204,8호선,남한산성입구,6596,6214,12810
202204,8호선,단대오거리,5330,5273,10603
202204,8호선,모란,2623,2230,4853
202204,8호선,몽촌토성,3652,3536,7188
202204,8호선,문정,5399,5679,11078
202204,8호선,복정,4252,3930,8182
202204,8호선,산성,2935,3131,6066
202204,8호선,석촌,4567,6226,10793
202204,8호선,송파,3525,3634,7159
202204,8호선,수진,2980,2646,5626
202204,8호선,신흥,2464,2690,5154
202204,8호선,암사,8386,8016,16402
202204,8호선,잠실,11559,12496,24055
202204,8호선,장지,8295,8690,16985
202204,8호선,천호,8419,9667,18086
202204,8호선,가락시장,5872,6252,12124
202204,8호선,강동구청,6633,6539,13172
202204,8호선,남위례,3491,3778,7269
202204,8호선,남한산성입구,10137,8838,18975
202204,8호선,단대오거리,8326,7756,16082
202204,8호선,모란,6470,5738,12208
202204,8호선,몽촌토성,6592,5754,12346
202204,8호선,문정,9307,9402,18709
202204,8호선,복정,6750,5637,12387
202204,8호선,산성,4446,4433,8879
202204,8호선,석촌,10038,14568,24606
202204,8호선,송파,6241,5926,12167
202204,8호선,수진,4487,3865,8352
202204,8호선,신흥,3750,3878,7628
202204,8호선,암사,13154,11789,24943
202204,8호선,잠실,22933,26129,49062
202204,8호선,장지,13198,12133,25331
202204,8호선,천호,12853,15392,28245
202204,8호선,가락시장,3390,4175,7565
202204,8호선,강동구청,4909,4754,9663
202204,8호선,남위례,2674,2771,5445
202204,8호선,남한산성입구,7581,6954,14535
202204,8호선,단대오거리,6213,6045,12258
202204,8호선,모란,3138,2748,5886
202204,8호선,몽촌토성,4997,4687,9684
202204,8호선,문정,6055,6502,12557
202204,8호선,복정,4969,4659,9628
202204,8호선,산성,3566,3696,7262
202204,8호선,석촌,7157,11008,18165
202204,8호선,송파,4066,4011,8077
202204,8호선,수진,3330,3048,6378
202204,8호선,신흥,2770,2961,5731
202204,8호선,암사,9599,9020,18619
202204,8호선,잠실,17985,19454,37439
202204,8호선,장지,9732,9983,19715
202204,8호선,천호,9396,10845,20241
202204,8호선,가락시장,5527,5863,11390
202204,8호선,강동구청,6181,6009,12190
202204,8호선,남위례,3486,3560,7046
202204,8호선,남한산성입구,9439,8369,17808
202204,8호선,단대오거리,7698,6988,14686
202204,8호선,모란,3802,3347,7149
202204,8호선,몽촌토성,5005,4951,9956
202204,8호선,문정,8798,8770,17568
202204,8호선,복정,6409,5353,11762
202204,8호선,산성,4278,4252,8530
202204,8호선,석촌,6079,7822,13901
202204,8호선,송파,5602,5422,11024
202204,8호선,수진,4255,3718,7973
202204,8호선,신흥,3511,3720,7231
202204,8호선,암사,12531,11391,23922
202204,8호선,잠실,13818,16025,29843
202204,8호선,장지,11996,11012,23008
202204,8호선,천호,12039,14146,26185
202204,8호선,가락시장,3238,4077,7315
202204,8호선,강동구청,4420,4551,8971
202204,8호선,남위례,2323,2601,4924
202204,8호선,남한산성입구,6919,6393,13312
202204,8호선,단대오거리,5599,5444,11043
202204,8호선,모란,2680,2270,4950
202204,8호선,몽촌토성,3668,3683,7351
202204,8호선,문정,5687,6042,11729
202204,8호선,복정,4886,4627,9513
202204,8호선,산성,3105,3337,6442
202204,8호선,석촌,4182,5399,9581
202204,8호선,송파,3877,3988,7865
202204,8호선,수진,3053,2717,5770
202204,8호선,신흥,2564,2694,5258
202204,8호선,암사,8971,8410,17381
202204,8호선,잠실,10205,11447,21652
202204,8호선,장지,8773,8857,17630
202204,8호선,천호,8793,9767,18560
202204,8호선,가락시장,5472,5744,11216
202204,8호선,강동구청,6165,6018,12183
202204,8호선,남위례,3486,3443,6929
202204,8호선,남한산성입구,9681,8296,17977
202204,8호선,단대오거리,7989,7244,15233
202204,8호선,모란,3750,3336,7086
202204,8호선,몽촌토성,4916,5034,9950
202204,8호선,문정,8734,8728,17462
202204,8호선,복정,6439,5415,11854
202204,8호선,산성,4461,4509,8970
202204,8호선,석촌,6072,7760,13832
202204,8호선,송파,5669,5341,11010
202204,8호선,수진,4231,3788,8019
202204,8호선,신흥,3508,3637,7145
202204,8호선,암사,12682,11473,24155
202204,8호선,잠실,12799,15208,28007
202204,8호선,장지,12362,11133,23495
202204,8호선,천호,12181,14342,26523
202204,8호선,가락시장,3112,3877,6989
202204,8호선,강동구청,4423,4618,9041
202204,8호선,남위례,2396,2532,4928
202204,8호선,남한산성입구,7257,6704,13961
202204,8호선,단대오거리,6180,5954,12134
202204,8호선,모란,5563,4685,10248
202204,8호선,몽촌토성,3822,3834,7656
202204,8호선,문정,5843,6191,12034
202204,8호선,복정,5028,4547,9575
202204,8호선,산성,3413,3435,6848
202204,8호선,석촌,4166,5304,9470
202204,8호선,송파,4146,4303,8449
202204,8호선,수진,3269,3084,6353
202204,8호선,신흥,2680,2887,5567
202204,8호선,암사,9131,8551,17682
202204,8호선,잠실,9864,10979,20843
202204,8호선,장지,9065,9244,18309
202204,8호선,천호,8865,9912,18777
202204,8호선,가락시장,5485,5738,11223
202204,8호선,강동구청,6486,6493,12979
202204,8호선,남위례,3782,3871,7653
202204,8호선,남한산성입구,9795,8380,18175
202204,8호선,단대오거리,8371,7630,16001
202204,8호선,모란,3831,3657,7488
202204,8호선,몽촌토성,5039,5063,10102
202204,8호선,문정,9399,9227,18626
202204,8호선,복정,6887,5706,12593
202204,8호선,산성,4552,4518,9070
202204,8호선,석촌,6345,7966,14311
202204,8호선,송파,5870,5620,11490
202204,8호선,수진,4381,3827,8208
202204,8호선,신흥,3586,3869,7455
202204,8호선,암사,12963,11721,24684
202204,8호선,잠실,14219,17507,31726
202204,8호선,장지,13139,11838,24977
202204,8호선,천호,12584,14930,27514
202205,8호선,가락시장,3370,4176,7546
202205,8호선,강동구청,4719,4979,9698
202205,8호선,남위례,2544,2583,5127
202205,8호선,남한산성입구,7112,6916,14028
202205,8호선,단대오거리,5900,5764,11664
202205,8호선,모란,2971,2429,5400
202205,8호선,몽촌토성,3865,3766,7631
202205,8호선,문정,5602,5966,11568
202205,8호선,복정,5132,4863,9995
202205,8호선,산성,3424,3580,7004
202205,8호선,석촌,4368,5529,9897
202205,8호선,송파,4212,4352,8564
202205,8호선,수진,3209,2937,6146
202205,8호선,신흥,2692,3033,5725
202205,8호선,암사,9599,9113,18712
202205,8호선,잠실,10802,12451,23253
202205,8호선,장지,9723,9796,19519
202205,8호선,천호,9280,10601,19881
202205,8호선,가락시장,5306,5434,10740
202205,8호선,강동구청,5930,5895,11825
202205,8호선,남위례,3404,3416,6820
202205,8호선,남한산성입구,9323,8303,17626
202205,8호선,단대오거리,7703,7238,14941
202205,8호선,모란,3615,3198,6813
202205,8호선,몽촌토성,4312,4153,8465
202205,8호선,문정,7978,7954,15932
202205,8호선,복정,6294,5219,11513
202205,8호선,산성,4127,4184,8311
202205,8호선,석촌,5707,7041,12748
202205,8호선,송파,5754,5456,11210
202205,8호선,수진,4381,3762,8143
202205,8호선,신흥,3470,3714,7184
202205,8호선,암사,12691,11614,24305
202205,8호선,잠실,12525,15407,27932
202205,8호선,장지,11979,10879,22858
202205,8호선,천호,11703,13804,25507
202205,8호선,가락시장,3032,3826,6858
202205,8호선,강동구청,4560,4762,9322
202205,8호선,남위례,2385,2489,4874
202205,8호선,남한산성입구,6886,6594,13480
202205,8호선,단대오거리,5551,5662,11213
202205,8호선,모란,2509,2181,4690
202205,8호선,몽촌토성,2992,3124,6116
202205,8호선,문정,4844,5418,10262
202205,8호선,복정,4546,4431,8977
202205,8호선,산성,3044,3136,6180
202205,8호선,석촌,4276,5418,9694
202205,8호선,송파,3933,4149,8082
202205,8호선,수진,3021,2864,5885
202205,8호선,신흥,2640,2876,5516
202205,8호선,암사,8861,8611,17472
202205,8호선,잠실,9941,10725,20666
202205,8호선,장지,8983,9059,18042
202205,8호선,천호,8373,9803,18176
202205,8호선,가락시장,5874,6055,11929
202205,8호선,강동구청,7017,6841,13858
202205,8호선,남위례,4187,4256,8443
202205,8호선,남한산성입구,10930,9467,20397
202205,8호선,단대오거리,9233,8447,17680
202205,8호선,모란,6476,5625,12101
202205,8호선,몽촌토성,5273,5294,10567
202205,8호선,문정,9787,9900,19687
202205,8호선,복정,7185,6005,13190
202205,8호선,산성,4942,4849,9791
202205,8호선,석촌,6691,8275,14966
202205,8호선,송파,6726,6565,13291
202205,8호선,수진,4860,4279,9139
202205,8호선,신흥,3993,4193,8186
202205,8호선,암사,14112,12648,26760
202205,8호선,잠실,14160,16835,30995
202205,8호선,장지,13620,12443,26063
202205,8호선,천호,13273,16242,29515
202205,8호선,가락시장,3456,4233,7689
202205,8호선,강동구청,5045,5145,10190
202205,8호선,남위례,2950,3089,6039
202205,8호선,남한산성입구,7885,7507,15392
202205,8호선,단대오거리,6168,6123,12291
202205,8호선,모란,3070,2590,5660
202205,8호선,몽촌토성,4069,4125,8194
202205,8호선,문정,6113,6335,12448
202205,8호선,복정,5587,5265,10852
202205,8호선,산성,3608,3705,7313
202205,8호선,석촌,4676,5811,10487
202205,8호선,송파,4457,4462,8919
202205,8호선,수진,3256,2947,6203
202205,8호선,신흥,2829,3089,5918
202205,8호선,암사,9875,9439,19314
202205,8호선,잠실,10836,12658,23494
202205,8호선,장지,10080,10010,20090
202205,8호선,천호,9853,11332,21185
202205,8호선,가락시장,6030,6417,12447
202205,8호선,강동구청,6909,6641,13550
202205,8호선,남위례,4027,4152,8179
202205,8호선,남한산성입구,10382,9186,19568
202205,8호선,단대오거리,8675,7843,16518
202205,8호선,모란,4070,3744,7814
202205,8호선,몽촌토성,5831,5677,11508
202205,8호선,문정,9833,9847,19680
202205,8호선,복정,7226,6177,13403
202205,8호선,산성,5041,4908,9949
202205,8호선,석촌,6509,7972,14481
202205,8호선,송파,6468,6115,12583
202205,8호선,수진,4447,3896,8343
202205,8호선,신흥,3986,4203,8189
202205,8호선,암사,14000,12258,26258
202205,8호선,잠실,14369,17482,31851
202205,8호선,장지,13671,12363,26034
202205,8호선,천호,13057,15949,29006
202205,8호선,가락시장,3295,4139,7434
202205,8호선,강동구청,4939,4880,9819
202205,8호선,남위례,2894,3040,5934
202205,8호선,남한산성입구,7461,7015,14476
202205,8호선,단대오거리,6277,6071,12348
202205,8호선,모란,2993,2497,5490
202205,8호선,몽촌토성,4040,3763,7803
202205,8호선,문정,6347,6588,12935
202205,8호선,복정,5487,4955,10442
202205,8호선,산성,3500,3655,7155
202205,8호선,석촌,4539,5691,10230
202205,8호선,송파,4550,4539,9089
202205,8호선,수진,3208,2989,6197
202205,8호선,신흥,2916,3238,6154
202205,8호선,암사,9789,9226,19015
202205,8호선,잠실,10975,12821,23796
202205,8호선,장지,9595,9702,19297
202205,8호선,천호,9667,10977,20644
202205,8호선,가락시장,5629,5847,11476
202205,8호선,강동구청,6669,6621,13290
202205,8호선,남위례,4102,4112,8214
202205,8호선,남한산성입구,10468,9064,19532
202205,8호선,단대오거리,8594,7769,16363
202205,8호선,모란,3990,3778,7768
202205,8호선,몽촌토성,5707,6043,11750
202205,8호선,문정,9482,9403,18885
202205,8호선,복정,7273,6076,13349
202205,8호선,산성,4944,4914,9858
202205,8호선,석촌,6217,7743,13960
202205,8호선,송파,6727,6233,12960
202205,8호선,수진,4583,4081,8664
202205,8호선,신흥,4034,4115,8149
202205,8호선,암사,13596,12173,25769
202205,8호선,잠실,13998,17034,31032
202205,8호선,장지,13586,12340,25926
202205,8호선,천호,12822,15281,28103
202205,8호선,가락시장,3429,4119,7548
202205,8호선,강동구청,4966,5078,10044
202205,8호선,남위례,2837,2914,5751
202205,8호선,남한산성입구,7467,7089,14556
202205,8호선,단대오거리,6310,6217,12527
202205,8호선,모란,5326,4440,9766
202205,8호선,몽촌토성,4175,4223,8398
202205,8호선,문정,6169,6558,12727
202205,8호선,복정,5510,5049,10559
202205,8호선,산성,3566,3631,7197
202205,8호선,석촌,4354,5476,9830
202205,8호선,송파,4428,4286,8714
202205,8호선,수진,3397,3130,6527
202205,8호선,신흥,3003,3250,6253
202205,8호선,암사,9772,9002,18774
202205,8호선,잠실,10715,12089,22804
202205,8호선,장지,9627,9668,19295
202205,8호선,천호,9639,10749,20388
202206,8호선,가락시장,5333,5644,10977
202206,8호선,강동구청,6383,6170,12553
202206,8호선,남위례,3843,3881,7724
202206,8호선,남한산성입구,9989,8560,18549
202206,8호선,단대오거리,8402,7345,15747
202206,8호선,모란,5832,4975,10807
202206,8호선,몽촌토성,4542,4469,9011
202206,8호선,문정,8573,8600,17173
202206,8호선,복정,6589,5349,11938
202206,8호선,산성,4495,4419,8914
202206,8호선,석촌,5754,7138,12892
202206,8호선,송파,5817,5373,11190
202206,8호선,수진,4620,4177,8797
202206,8호선,신흥,3785,4000,7785
202206,8호선,암사,12986,11297,24283
202206,8호선,잠실,12907,15812,28719
202206,8호선,장지,12579,11513,24092
202206,8호선,천호,12141,14349,26490
202206,8호선,가락시장,3379,4158,7537
202206,8호선,강동구청,4671,4658,9329
202206,8호선,남위례,2566,2708,5274
202206,8호선,남한산성입구,7179,6332,13511
202206,8호선,단대오거리,5928,5487,11415
202206,8호선,모란,2790,2351,5141
202206,8호선,몽촌토성,3447,3437,6884
202206,8호선,문정,5391,5511,10902
202206,8호선,복정,5156,4475,9631
202206,8호선,산성,3244,3311,6555
202206,8호선,석촌,4218,5088,9306
202206,8호선,송파,4135,4098,8233
202206,8호선,수진,3044,2744,5788
202206,8호선,신흥,2622,2882,5504
202206,8호선,암사,9243,8410,17653
202206,8호선,잠실,10647,12246,22893
202206,8호선,장지,9202,8988,18190
202206,8호선,천호,9005,10690,19695
202206,8호선,가락시장,5887,6295,12182
202206,8호선,강동구청,6717,6513,13230
202206,8호선,남위례,4041,4229,8270
202206,8호선,남한산성입구,10252,8929,19181
202206,8호선,단대오거리,8314,7719,16033
202206,8호선,모란,4186,3747,7933
202206,8호선,몽촌토성,5204,5744,10948
202206,8호선,문정,9771,9821,19592
202206,8호선,복정,6898,5658,12556
202206,8호선,산성,4684,4770,9454
202206,8호선,석촌,6321,7551,13872
202206,8호선,송파,6412,5906,12318
202206,8호선,수진,4768,4272,9040
202206,8호선,신흥,3730,4045,7775
202206,8호선,암사,13431,12085,25516
202206,8호선,잠실,13859,16741,30600
202206,8호선,장지,12947,11784,24731
202206,8호선,천호,12786,14853,27639
202206,8호선,가락시장,3064,3852,6916
202206,8호선,강동구청,4816,4894,9710
202206,8호선,남위례,2711,2769,5480
202206,8호선,남한산성입구,7322,6741,14063
202206,8호선,단대오거리,5706,5659,11365
202206,8호선,모란,2785,2292,5077
202206,8호선,몽촌토성,3683,3812,7495
202206,8호선,문정,6020,6422,12442
202206,8호선,복정,5448,4950,10398
202206,8호선,산성,3452,3585,7037
202206,8호선,석촌,4216,5352,9568
202206,8호선,송파,4333,4301,8634
202206,8호선,수진,3149,2902,6051
202206,8호선,신흥,2784,2942,5726
202206,8호선,암사,9369,8765,18134
202206,8호선,잠실,10453,11875,22328
202206,8호선,장지,9141,9320,18461
202206,8호선,천호,9321,10448,19769
202206,8호선,가락시장,5660,5893,11553
202206,8호선,강동구청,6695,6587,13282
202206,8호선,남위례,4009,4203,8212
202206,8호선,남한산성입구,10061,8732,18793
202206,8호선,단대오거리,8204,7661,15865
202206,8호선,모란,4139,3579,7718
202206,8호선,몽촌토성,4710,4808,9518
202206,8호선,문정,9410,9523,18933
202206,8호선,복정,6888,5670,12558
202206,8호선,산성,4661,4601,9262
202206,8호선,석촌,5934,7585,13519
202206,8호선,송파,6257,5893,12150
202206,8호선,수진,4696,4115,8811
202206,8호선,신흥,3810,3980,7790
202206,8호선,암사,13161,11692,24853
202206,8호선,잠실,13735,16522,30257
202206,8호선,장지,12758,11614,24372
202206,8호선,천호,12735,14683,27418
202206,8호선,가락시장,3166,4016,7182
202206,8호선,강동구청,4729,4923,9652
202206,8호선,남위례,2948,3011,5959
202206,8호선,남한산성입구,7375,6876,14251
202206,8호선,단대오거리,6149,5940,12089
202206,8호선,모란,4921,4157,9078
202206,8호선,몽촌토성,3330,3325,6655
202206,8호선,문정,5642,6033,11675
202206,8호선,복정,5530,5063,10593
202206,8호선,산성,3333,3518,6851
202206,8호선,석촌,4269,5369,9638
202206,8호선,송파,4385,4390,8775
202206,8호선,수진,3390,3053,6443
202206,8호선,신흥,2823,3118,5941
202206,8호선,암사,9420,8797,18217
202206,8호선,잠실,10431,11602,22033
202206,8호선,장지,9394,9438,18832
202206,8호선,천호,9164,10411,19575
202206,8호선,가락시장,5749,5848,11597
202206,8호선,강동구청,6713,6544,13257
202206,8호선,남위례,3960,4188,8148
202206,8호선,남한산성입구,10245,8882,19127
202206,8호선,단대오거리,8415,7713,16128
202206,8호선,모란,4026,3698,7724
202206,8호선,몽촌토성,4969,5220,10189
202206,8호선,문정,9506,9465,18971
202206,8호선,복정,6899,5838,12737
202206,8호선,산성,4644,4449,9093
202206,8호선,석촌,6159,7680,13839
202206,8호선,송파,6373,6165,12538
202206,8호선,수진,4592,4284,8876
202206,8호선,신흥,3761,4092,7853
202206,8호선,암사,13633,12031,25664
202206,8호선,잠실,14653,17132,31785
202206,8호선,장지,12784,11807,24591
202206,8호선,천호,13075,15430,28505
202206,8호선,가락시장,3048,3880,6928
202206,8호선,강동구청,4439,4707,9146
202206,8호선,남위례,2590,2732,5322
202206,8호선,남한산성입구,6839,6373,13212
202206,8호선,단대오거리,5553,5485,11038
202206,8호선,모란,2656,2268,4924
202206,8호선,몽촌토성,3417,3556,6973
202206,8호선,문정,5649,5977,11626
202206,8호선,복정,5236,4637,9873
202206,8호선,산성,3071,3268,6339
202206,8호선,석촌,4105,5111,9216
202206,8호선,송파,4097,4161,8258
202206,8호선,수진,3164,2834,5998
202206,8호선,신흥,2610,2849,5459
202206,8호선,암사,8991,8394,17385
202206,8호선,잠실,10735,11928,22663
202206,8호선,장지,8921,9233,18154
202206,8호선,천호,8820,10122,18942
202207,8호선,가락시장,5586,5788,11374
202207,8호선,강동구청,6383,6354,12737
202207,8호선,남위례,3567,3733,7300
202207,8호선,남한산성입구,9693,8340,18033
202207,8호선,단대오거리,8006,7433,15439
202207,8호선,모란,3919,3505,7424
202207,8호선,몽촌토성,4295,4281,8576
202207,8호선,문정,8982,8890,17872
202207,8호선,복정,6384,5453,11837
202207,8호선,산성,4267,4192,8459
202207,8호선,석촌,6031,7280,13311
202207,8호선,송파,6512,6259,12771
202207,8호선,수진,4438,3867,8305
202207,8호선,신흥,3776,4038,7814
202207,8호선,암사,13218,11890,25108
202207,8호선,잠실,15477,18471,33948
202207,8호선,장지,13326,12356,25682
202207,8호선,천호,12569,15119,27688
202207,8호선,가락시장,3244,4090,7334
202207,8호선,강동구청,4842,4898,9740
202207,8호선,남위례,2469,2650,5119
202207,8호선,남한산성입구,6807,6404,13211
202207,8호선,단대오거리,5462,5475,10937
202207,8호선,모란,2685,2270,4955
202207,8호선,몽촌토성,3227,3272,6499
202207,8호선,문정,5662,5894,11556
202207,8호선,복정,5103,4642,9745
202207,8호선,산성,3039,3293,6332
202207,8호선,석촌,4014,5122,9136
202207,8호선,송파,4580,4508,9088
202207,8호선,수진,3167,2941,6108
202207,8호선,신흥,2807,2973,5780
202207,8호선,암사,9154,8635,17789
202207,8호선,잠실,11650,13287,24937
202207,8호선,장지,9515,9711,19226
202207,8호선,천호,9245,10388,19633
202207,8호선,가락시장,5476,5673,11149
202207,8호선,강동구청,6488,6526,13014
202207,8호선,남위례,3864,3870,7734
202207,8호선,남한산성입구,9898,8434,18332
202207,8호선,단대오거리,8047,7634,15681
202207,8호선,모란,5501,4762,10263
202207,8호선,몽촌토성,4269,4404,8673
202207,8호선,문정,8923,8787,17710
202207,8호선,복정,6613,5458,12071
202207,8호선,산성,4508,4462,8970
202207,8호선,석촌,6092,7205,13297
202207,8호선,송파,6263,5867,12130
202207,8호선,수진,4568,4114,8682
202207,8호선,신흥,3924,4156,8080
202207,8호선,암사,13192,11709,24901
202207,8호선,잠실,14921,17837,32758
202207,8호선,장지,13304,12385,25689
202207,8호선,천호,12786,15230,28016
202207,8호선,가락시장,3245,3891,7136
202207,8호선,강동구청,4678,4819,9497
202207,8호선,남위례,2551,2629,5180
202207,8호선,남한산성입구,6965,6423,13388
202207,8호선,단대오거리,5519,5495,11014
202207,8호선,모란,2738,2398,5136
202207,8호선,몽촌토성,3177,3218,6395
202207,8호선,문정,5466,5754,11220
202207,8호선,복정,4998,4665,9663
202207,8호선,산성,3046,3191,6237
202207,8호선,석촌,4314,5212,9526
202207,8호선,송파,4657,4599,9256
202207,8호선,수진,3157,2846,6003
202207,8호선,신흥,2922,3132,6054
202207,8호선,암사,9043,8603,17646
202207,8호선,잠실,11782,13335,25117
202207,8호선,장지,9597,9939,19536
202207,8호선,천호,9130,10433,19563
202207,8호선,가락시장,5241,5445,10686
202207,8호선,강동구청,6214,6172,12386
202207,8호선,남위례,3584,3596,7180
202207,8호선,남한산성입구,9365,8223,17588
202207,8호선,단대오거리,7653,7180,14833
202207,8호선,모란,3703,3305,7008
202207,8호선,몽촌토성,4401,4327,8728
202207,8호선,문정,8628,8551,17179
202207,8호선,복정,6138,5171,11309
202207,8호선,산성,4301,4262,8563
202207,8호선,석촌,5984,7015,12999
202207,8호선,송파,6155,6047,12202
202207,8호선,수진,4376,3937,8313
202207,8호선,신흥,3764,3951,7715
202207,8호선,암사,12717,11663,24380
202207,8호선,잠실,13926,16394,30320
202207,8호선,장지,12745,11756,24501
202207,8호선,천호,12049,14004,26053
202207,8호선,가락시장,3083,3946,7029
202207,8호선,강동구청,4607,4778,9385
202207,8호선,남위례,2632,2813,5445
202207,8호선,남한산성입구,6859,6189,13048
202207,8호선,단대오거리,5554,5536,11090
202207,8호선,모란,2825,2236,5061
202207,8호선,몽촌토성,3197,3312,6509
202207,8호선,문정,5404,5576,10980
202207,8호선,복정,5039,4632,9671
202207,8호선,산성,3104,3229,6333
202207,8호선,석촌,4213,5278,9491
202207,8호선,송파,4399,4399,8798
202207,8호선,수진,3010,2747,5757
202207,8호선,신흥,2622,2909,5531
202207,8호선,암사,9169,8527,17696
202207,8호선,잠실,11043,12516,23559
202207,8호선,장지,9295,9499,18794
202207,8호선,천호,8942,10182,19124
202207,8호선,가락시장,5274,5491,10765
202207,8호선,강동구청,6175,6257,12432
202207,8호선,남위례,3585,3595,7180
202207,8호선,남한산성입구,9362,8260,17622
202207,8호선,단대오거리,7476,6985,14461
202207,8호선,모란,3656,3240,6896
202207,8호선,몽촌토성,4134,4163,8297
202207,8호선,문정,8191,8159,16350
202207,8호선,복정,5961,4913,10874
202207,8호선,산성,4018,3975,7993
202207,8호선,석촌,5800,7003,12803
202207,8호선,송파,6199,6272,12471
202207,8호선,수진,4366,3937,8303
202207,8호선,신흥,3617,3967,7584
202207,8호선,암사,12366,11142,23508
202207,8호선,잠실,14274,15843,30117
202207,8호선,장지,12135,11099,23234
202207,8호선,천호,11384,13560,24944
202207,8호선,가락시장,2978,3799,6777
202207,8호선,강동구청,4511,4782,9293
202207,8호선,남위례,2629,2775,5404
202207,8호선,남한산성입구,6750,6263,13013
202207,8호선,단대오거리,5544,5416,10960
202207,8호선,모란,4293,3689,7982
202207,8호선,몽촌토성,3272,3316,6588
202207,8호선,문정,5033,5287,10320
202207,8호선,복정,4798,4385,9183
202207,8호선,산성,2833,2938,5771
202207,8호선,석촌,3970,4984,8954
202207,8호선,송파,4317,4404,8721
202207,8호선,수진,3441,3084,6525
202207,8호선,신흥,2696,2919,5615
202207,8호선,암사,8806,8370,17176
202207,8호선,잠실,10063,11165,21228
202207,8호선,장지,8761,8923,17684
202207,8호선,천호,8174,9343,17517
202207,8호선,가락시장,4648,4923,9571
202207,8호선,강동구청,5781,5679,11460
202207,8호선,남위례,3101,3056,6157
202207,8호선,남한산성입구,8491,7458,15949
202207,8호선,단대오거리,7069,6478,13547
202207,8호선,모란,3404,3047,6451
202207,8호선,몽촌토성,3850,3785,7635
202207,8호선,문정,7384,7316,14700
202207,8호선,복정,5320,4455,9775
202207,8호선,산성,3832,3848,7680
202207,8호선,석촌,5339,6359,11698
202207,8호선,송파,6078,5725,11803
202207,8호선,수진,4021,3455,7476
202207,8호선,신흥,3472,3725,7197
202207,8호선,암사,11537,10438,21975
202207,8호선,잠실,14158,16124,30282
202207,8호선,장지,11491,10484,21975
202207,8호선,천호,11153,13009,24162
202207,8호선,가락시장,2710,3445,6155
202207,8호선,강동구청,4158,4375,8533
202207,8호선,남위례,2085,2230,4315
202207,8호선,남한산성입구,5790,5514,11304
202207,8호선,단대오거리,4697,4780,9477
202207,8호선,모란,2274,1990,4264
202207,8호선,몽촌토성,2945,2881,5826
202207,8호선,문정,4306,4475,8781
202207,8호선,복정,4356,3990,8346
202207,8호선,산성,2494,2548,5042
202207,8호선,석촌,3883,4600,8483
202207,8호선,송파,4095,4361,8456
202207,8호선,수진,2784,2561,5345
202207,8호선,신흥,2620,2792,5412
202207,8호선,암사,7839,7539,15378
202207,8호선,잠실,11285,12180,23465
202207,8호선,장지,8212,8496,16708
202207,8호선,천호,7880,8931,16811
202208,8호선,가락시장,4226,4662,8888
202208,8호선,강동구청,5608,5622,11230
202208,8호선,남위례,3237,3303,6540
202208,8호선,남한산성입구,8471,7331,15802
202208,8호선,단대오거리,7007,6559,13566
202208,8호선,모란,3457,3072,6529
202208,8호선,몽촌토성,4106,3962,8068
202208,8호선,문정,7327,7367,14694
202208,8호선,복정,5347,4536,9883
202208,8호선,산성,3810,3759,7569
202208,8호선,석촌,5400,6478,11878
202208,8호선,송파,6229,5931,12160
202208,8호선,수진,4237,3622,7859
202208,8호선,신흥,3612,3958,7570
202208,8호선,암사,11701,10483,22184
202208,8호선,잠실,13333,15562,28895
202208,8호선,장지,11354,10617,21971
202208,8호선,천호,11067,12998,24065
202208,8호선,가락시장,2685,3464,6149
202208,8호선,강동구청,4225,4477,8702
202208,8호선,남위례,2426,2569,4995
202208,8호선,남한산성입구,6199,5766,11965
202208,8호선,단대오거리,5050,5011,10061
202208,8호선,모란,2512,2074,4586
202208,8호선,몽촌토성,2887,2937,5824
202208,8호선,문정,4808,5046,9854
202208,8호선,복정,4535,4189,8724
202208,8호선,산성,2759,2876,5635
202208,8호선,석촌,3933,4696,8629
202208,8호선,송파,4046,4148,8194
202208,8호선,수진,2944,2650,5594
202208,8호선,신흥,2791,3033,5824
202208,8호선,암사,8375,7993,16368
202208,8호선,잠실,10865,11947,22812
202208,8호선,장지,8343,8675,17018
202208,8호선,천호,8248,9267,17515
202208,8호선,가락시장,4843,5015,9858
202208,8호선,강동구청,5628,5520,11148
202208,8호선,남위례,3145,3224,6369
202208,8호선,남한산성입구,8209,7005,15214
202208,8호선,단대오거리,7097,6400,13497
202208,8호선,모란,3465,3046,6511
202208,8호선,몽촌토성,3931,3862,7793
202208,8호선,문정,6986,6885,13871
202208,8호선,복정,5284,4449,9733
202208,8호선,산성,3529,3495,7024
202208,8호선,석촌,5073,6022,11095
202208,8호선,송파,5632,5403,11035
202208,8호선,수진,4053,3502,7555
202208,8호선,신흥,3330,3601,6931
202208,8호선,암사,11455,10118,21573
202208,8호선,잠실,12979,15482,28461
202208,8호선,장지,10670,10149,20819
202208,8호선,천호,10838,12570,23408
202208,8호선,가락시장,2845,3663,6508
202208,8호선,강동구청,4537,4585,9122
202208,8호선,남위례,2491,2581,5072
202208,8호선,남한산성입구,6670,6021,12691
202208,8호선,단대오거리,5412,5273,10685
202208,8호선,모란,4415,3811,8226
202208,8호선,몽촌토성,3080,2921,6001
202208,8호선,문정,4813,4668,9481
202208,8호선,복정,4463,4206,8669
202208,8호선,산성,2822,2811,5633
202208,8호선,석촌,3881,4883,8764
202208,8호선,송파,4394,4336,8730
202208,8호선,수진,3251,2865,6116
202208,8호선,신흥,2703,2886,5589
202208,8호선,암사,8960,8215,17175
202208,8호선,잠실,10984,12634,23618
202208,8호선,장지,8944,8780,17724
202208,8호선,천호,8484,10028,18512
202208,8호선,가락시장,5303,5449,10752
202208,8호선,강동구청,5962,5922,11884
202208,8호선,남위례,3719,3641,7360
202208,8호선,남한산성입구,9032,7889,16921
202208,8호선,단대오거리,7589,7032,14621
202208,8호선,모란,3758,3179,6937
202208,8호선,몽촌토성,4381,4220,8601
202208,8호선,문정,8489,8401,16890
202208,8호선,복정,5853,4985,10838
202208,8호선,산성,4080,3973,8053
202208,8호선,석촌,5710,7100,12810
202208,8호선,송파,6526,6122,12648
202208,8호선,수진,4262,3823,8085
202208,8호선,신흥,3614,3824,7438
202208,8호선,암사,12423,11207,23630
202208,8호선,잠실,13588,15898,29486
202208,8호선,장지,12270,10794,23064
202208,8호선,천호,11908,14010,25918
202208,8호선,가락시장,3101,3881,6982
202208,8호선,강동구청,4389,4583,8972
202208,8호선,남위례,2531,2692,5223
202208,8호선,남한산성입구,6506,6090,12596
202208,8호선,단대오거리,5399,5365,10764
202208,8호선,모란,2515,2250,4765
202208,8호선,몽촌토성,3264,3225,6489
202208,8호선,문정,5351,5741,11092
202208,8호선,복정,4937,4493,9430
202208,8호선,산성,2951,3067,6018
202208,8호선,석촌,4035,4829,8864
202208,8호선,송파,4315,4339,8654
202208,8호선,수진,3026,2697,5723
202208,8호선,신흥,2702,2871,5573
202208,8호선,암사,8805,8267,17072
202208,8호선,잠실,10700,11888,22588
202208,8호선,장지,8738,8979,17717
202208,8호선,천호,8580,9757,18337
202208,8호선,가락시장,5789,5973,11762
202208,8호선,강동구청,6702,6548,13250
202208,8호선,남위례,4138,4161,8299
202208,8호선,남한산성입구,9794,8394,18188
202208,8호선,단대오거리,8202,7535,15737
202208,8호선,모란,3856,3454,7310
202208,8호선,몽촌토성,5094,5091,10185
202208,8호선,문정,9123,9188,18311
202208,8호선,복정,6602,5607,12209
202208,8호선,산성,4454,4487,8941
202208,8호선,석촌,5936,7494,13430
202208,8호선,송파,6253,5812,12065
202208,8호선,수진,4464,3904,8368
202208,8호선,신흥,3655,3803,7458
202208,8호선,암사,13355,11806,25161
202208,8호선,잠실,14176,16577,30753
202208,8호선,장지,12666,11330,23996
202208,8호선,천호,12239,14659,26898
202208,8호선,가락시장,3112,4012,7124
202208,8호선,강동구청,4560,4747,9307
202208,8호선,남위례,2978,3053,6031
202208,8호선,남한산성입구,7126,6570,13696
202208,8호선,단대오거리,5701,5601,11302
202208,8호선,모란,2733,2332,5065
202208,8호선,몽촌토성,3634,3657,7291
202208,8호선,문정,5958,6166,12124
202208,8호선,복정,5213,4770,9983
202208,8호선,산성,3079,3244,6323
202208,8호선,석촌,4159,5470,9629
202208,8호선,송파,4297,4312,8609
202208,8호선,수진,3142,2825,5967
202208,8호선,신흥,2742,2936,5678
202208,8호선,암사,9284,8790,18074
202208,8호선,잠실,10746,12152,22898
202208,8호선,장지,9299,9359,18658
202208,8호선,천호,9079,10122,19201
202209,8호선,가락시장,6260,6571,12831
202209,8호선,강동구청,6615,6476,13091
202209,8호선,남위례,4064,4068,8132
202209,8호선,남한산성입구,9980,8711,18691
202209,8호선,단대오거리,8173,7480,15653
202209,8호선,모란,3919,3486,7405
202209,8호선,몽촌토성,4963,5240,10203
202209,8호선,문정,9675,9576,19251
202209,8호선,복정,6687,5533,12220
202209,8호선,산성,4327,4376,8703
202209,8호선,석촌,5887,7329,13216
202209,8호선,송파,6365,6029,12394
202209,8호선,수진,4576,4012,8588
202209,8호선,신흥,3860,4145,8005
202209,8호선,암사,13660,12285,25945
202209,8호선,잠실,13566,16458,30024
202209,8호선,장지,13037,11813,24850
202209,8호선,천호,12656,14703,27359
202209,8호선,가락시장,3438,4306,7744
202209,8호선,강동구청,4402,4528,8930
202209,8호선,남위례,2613,2691,5304
202209,8호선,남한산성입구,6478,5998,12476
202209,8호선,단대오거리,5398,5364,10762
202209,8호선,모란,4368,3597,7965
202209,8호선,몽촌토성,3172,3153,6325
202209,8호선,문정,5721,5946,11667
202209,8호선,복정,4655,4458,9113
202209,8호선,산성,2618,2686,5304
202209,8호선,석촌,4033,4921,8954
202209,8호선,송파,4431,4572,9003
202209,8호선,수진,3069,2847,5916
202209,8호선,신흥,2683,2866,5549
202209,8호선,암사,8680,8332,17012
202209,8호선,잠실,10119,10983,21102
202209,8호선,장지,8907,9190,18097
202209,8호선,천호,8462,9374,17836
202209,8호선,가락시장,1749,2014,3763
202209,8호선,강동구청,2815,2851,5666
202209,8호선,남위례,1671,1688,3359
202209,8호선,남한산성입구,4725,4418,9143
202209,8호선,단대오거리,3913,3821,7734
202209,8호선,모란,1765,1695,3460
202209,8호선,몽촌토성,2260,2206,4466
202209,8호선,문정,2434,2473,4907
202209,8호선,복정,2570,2089,4659
202209,8호선,산성,2095,2057,4152
202209,8호선,석촌,2408,2964,5372
202209,8호선,송파,2521,2409,4930
202209,8호선,수진,1910,1666,3576
202209,8호선,신흥,1757,1845,3602
202209,8호선,암사,6102,5699,11801
202209,8호선,잠실,7175,8303,15478
202209,8호선,장지,4367,4020,8387
202209,8호선,천호,4854,5706,10560
202209,8호선,가락시장,2438,2873,5311
202209,8호선,강동구청,3764,3841,7605
202209,8호선,남위례,2417,2445,4862
202209,8호선,남한산성입구,6263,5707,11970
202209,8호선,단대오거리,5197,4839,10036
202209,8호선,모란,2339,2212,4551
202209,8호선,몽촌토성,2748,3157,5905
202209,8호선,문정,3491,3916,7407
202209,8호선,복정,3858,3476,7334
202209,8호선,산성,3015,2947,5962
202209,8호선,석촌,3230,4265,7495
202209,8호선,송파,3520,3604,7124
202209,8호선,수진,2528,2371,4899
202209,8호선,신흥,2427,2610,5037
202209,8호선,암사,7700,7252,14952
202209,8호선,잠실,10366,11694,22060
202209,8호선,장지,7765,7614,15379
202209,8호선,천호,7049,8610,15659
202209,8호선,가락시장,5590,5982,11572
202209,8호선,강동구청,6685,6591,13276
202209,8호선,남위례,4425,4486,8911
202209,8호선,남한산성입구,10025,8582,18607
202209,8호선,단대오거리,8060,7415,15475
202209,8호선,모란,3869,3561,7430
202209,8호선,몽촌토성,11470,11235,22705
202209,8호선,문정,9645,9670,19315
202209,8호선,복정,6861,5588,12449
202209,8호선,산성,4477,4481,8958
202209,8호선,석촌,6108,7594,13702
202209,8호선,송파,6531,6125,12656
202209,8호선,수진,4516,4082,8598
202209,8호선,신흥,3695,3917,7612
202209,8호선,암사,13341,12017,25358
202209,8호선,잠실,13738,16932,30670
202209,8호선,장지,13051,12037,25088
202209,8호선,천호,12610,15082,27692
202209,8호선,가락시장,3450,4156,7606
202209,8호선,강동구청,4772,4715,9487
202209,8호선,남위례,2983,3110,6093
202209,8호선,남한산성입구,7221,6615,13836
202209,8호선,단대오거리,5605,5675,11280
202209,8호선,모란,2736,2341,5077
202209,8호선,몽촌토성,3958,3938,7896
202209,8호선,문정,6436,6717,13153
202209,8호선,복정,5660,5062,10722
202209,8호선,산성,3318,3439,6757
202209,8호선,석촌,4154,5312,9466
202209,8호선,송파,4285,4324,8609
202209,8호선,수진,3178,2880,6058
202209,8호선,신흥,2816,3002,5818
202209,8호선,암사,9643,8915,18558
202209,8호선,잠실,10876,12347,23223
202209,8호선,장지,9605,9669,19274
202209,8호선,천호,9184,10283,19467
202209,8호선,가락시장,6062,6467,12529
202209,8호선,강동구청,6957,6902,13859
202209,8호선,남위례,4993,5065,10058
202209,8호선,남한산성입구,10977,9356,20333
202209,8호선,단대오거리,8865,8088,16953
202209,8호선,모란,6379,5619,11998
202209,8호선,몽촌토성,5750,6061,11811
202209,8호선,문정,10302,10421,20723
202209,8호선,복정,7416,6037,13453
202209,8호선,산성,4899,4809,9708
202209,8호선,석촌,6317,8185,14502
202209,8호선,송파,6678,6319,12997
202209,8호선,수진,4803,4203,9006
202209,8호선,신흥,3954,4146,8100
202209,8호선,암사,13909,12508,26417
202209,8호선,잠실,14416,17515,31931
202209,8호선,장지,13948,12623,26571
202209,8호선,천호,13195,15296,28491
202209,8호선,가락시장,3454,4242,7696
202209,8호선,강동구청,4915,4994,9909
202209,8호선,남위례,3188,3287,6475
202209,8호선,남한산성입구,7459,6930,14389
202209,8호선,단대오거리,5962,6025,11987
202209,8호선,모란,2781,2472,5253
202209,8호선,몽촌토성,4386,4364,8750
202209,8호선,문정,6477,6659,13136
202209,8호선,복정,5445,5010,10455
202209,8호선,산성,3463,3594,7057
202209,8호선,석촌,4350,5645,9995
202209,8호선,송파,4446,4523,8969
202209,8호선,수진,3316,2954,6270
202209,8호선,신흥,2896,2976,5872
202209,8호선,암사,10566,10042,20608
202209,8호선,잠실,11060,12497,23557
202209,8호선,장지,10162,9985,20147
202209,8호선,천호,9364,10404,19768
202210,8호선,가락시장,6217,6431,12648
202210,8호선,강동구청,6693,6582,13275
202210,8호선,남위례,4499,4459,8958
202210,8호선,남한산성입구,10148,8784,18932
202210,8호선,단대오거리,8373,7597,15970
202210,8호선,모란,3917,3576,7493
202210,8호선,몽촌토성,9586,9988,19574
202210,8호선,문정,9618,9547,19165
202210,8호선,복정,6790,5631,12421
202210,8호선,산성,4608,4433,9041
202210,8호선,석촌,6191,7889,14080
202210,8호선,송파,6606,6348,12954
202210,8호선,수진,4496,4030,8526
202210,8호선,신흥,3827,3930,7757
202210,8호선,암사,13548,12217,25765
202210,8호선,잠실,15030,17708,32738
202210,8호선,장지,13435,12380,25815
202210,8호선,천호,12724,14589,27313
202210,8호선,가락시장,3802,4887,8689
202210,8호선,강동구청,5041,5226,10267
202210,8호선,남위례,3035,3092,6127
202210,8호선,남한산성입구,7341,6309,13650
202210,8호선,단대오거리,6114,5807,11921
202210,8호선,모란,2833,2555,5388
202210,8호선,몽촌토성,7679,7555,15234
202210,8호선,문정,6527,6608,13135
202210,8호선,복정,5535,4849,10384
202210,8호선,산성,3351,3344,6695
202210,8호선,석촌,4709,6104,10813
202210,8호선,송파,4759,5153,9912
202210,8호선,수진,3219,2889,6108
202210,8호선,신흥,2892,3074,5966
202210,8호선,암사,9792,9230,19022
202210,8호선,잠실,14308,15379,29687
202210,8호선,장지,10157,9786,19943
202210,8호선,천호,9534,10888,20422
202210,8호선,가락시장,6127,6397,12524
202210,8호선,강동구청,7072,6953,14025
202210,8호선,남위례,4851,4970,9821
202210,8호선,남한산성입구,10835,9218,20053
202210,8호선,단대오거리,8772,7913,16685
202210,8호선,모란,4119,3654,7773
202210,8호선,몽촌토성,5726,5853,11579
202210,8호선,문정,10063,9818,19881
202210,8호선,복정,7128,5791,12919
202210,8호선,산성,5087,4922,10009
202210,8호선,석촌,6392,8645,15037
202210,8호선,송파,6647,6341,12988
202210,8호선,수진,4620,4096,8716
202210,8호선,신흥,4147,4185,8332
202210,8호선,암사,16065,15115,31180
202210,8호선,잠실,16709,19139,35848
202210,8호선,장지,13998,12578,26576
202210,8호선,천호,13246,15556,28802
202210,8호선,가락시장,3557,4569,8126
202210,8호선,강동구청,4748,4866,9614
202210,8호선,남위례,2882,2961,5843
202210,8호선,남한산성입구,6957,6188,13145
202210,8호선,단대오거리,5778,5493,11271
202210,8호선,모란,3950,3550,7500
202210,8호선,몽촌토성,3643,3799,7442
202210,8호선,문정,6445,6630,13075
202210,8호선,복정,5030,4569,9599
202210,8호선,산성,3023,3001,6024
202210,8호선,석촌,4456,5483,9939
202210,8호선,송파,4765,4734,9499
202210,8호선,수진,3356,3054,6410
202210,8호선,신흥,2788,3094,5882
202210,8호선,암사,10169,9665,19834
202210,8호선,잠실,13632,15068,28700
202210,8호선,장지,9518,9278,18796
202210,8호선,천호,9363,10657,20020
202210,8호선,가락시장,6259,6509,12768
202210,8호선,강동구청,7058,6882,13940
202210,8호선,남위례,4962,5017,9979
202210,8호선,남한산성입구,10692,9273,19965
202210,8호선,단대오거리,9156,8469,17625
202210,8호선,모란,4085,3780,7865
202210,8호선,몽촌토성,6441,6731,13172
202210,8호선,문정,9844,9806,19650
202210,8호선,복정,7231,5902,13133
202210,8호선,산성,4997,4855,9852
202210,8호선,석촌,6420,8316,14736
202210,8호선,송파,6543,6207,12750
202210,8호선,수진,4675,4191,8866
202210,8호선,신흥,3915,4177,8092
202210,8호선,암사,14064,12704,26768
202210,8호선,잠실,15615,18671,34286
202210,8호선,장지,13861,12653,26514
202210,8호선,천호,12942,15478,28420
202210,8호선,가락시장,3668,4466,8134
202210,8호선,강동구청,4908,4894,9802
202210,8호선,남위례,3344,3477,6821
202210,8호선,남한산성입구,7309,6662,13971
202210,8호선,단대오거리,6525,6391,12916
202210,8호선,모란,2850,2442,5292
202210,8호선,몽촌토성,5351,5992,11343
202210,8호선,문정,6703,7046,13749
202210,8호선,복정,5601,5207,10808
202210,8호선,산성,3359,3476,6835
202210,8호선,석촌,4468,5779,10247
202210,8호선,송파,4559,4550,9109
202210,8호선,수진,3270,2930,6200
202210,8호선,신흥,2967,3150,6117
202210,8호선,암사,9675,9118,18793
202210,8호선,잠실,11834,13462,25296
202210,8호선,장지,9639,9635,19274
202210,8호선,천호,9348,10678,20026
202210,8호선,가락시장,6190,6336,12526
202210,8호선,강동구청,6891,6659,13550
202210,8호선,남위례,4773,4951,9724
202210,8호선,남한산성입구,10338,9121,19459
202210,8호선,단대오거리,8524,7715,16239
202210,8호선,모란,4079,3830,7909
202210,8호선,몽촌토성,5977,6364,12341
202210,8호선,문정,9659,9776,19435
202210,8호선,복정,7162,5849,13011
202210,8호선,산성,4908,4932,9840
202210,8호선,석촌,6368,8339,14707
202210,8호선,송파,6563,6169,12732
202210,8호선,수진,4631,4064,8695
202210,8호선,신흥,4192,4378,8570
202210,8호선,암사,13990,12641,26631
202210,8호선,잠실,15017,18220,33237
202210,8호선,장지,13469,12208,25677
202210,8호선,천호,12921,15177,28098
202210,8호선,가락시장,3597,4465,8062
202210,8호선,강동구청,4764,4879,9643
202210,8호선,남위례,3365,3559,6924
202210,8호선,남한산성입구,7490,6840,14330
202210,8호선,단대오거리,5981,5833,11814
202210,8호선,모란,2765,2334,5099
202210,8호선,몽촌토성,4832,4838,9670
202210,8호선,문정,6592,6697,13289
202210,8호선,복정,5483,5111,10594
202210,8호선,산성,3585,3813,7398
202210,8호선,석촌,4601,5843,10444
202210,8호선,송파,4538,4653,9191
202210,8호선,수진,3225,2955,6180
202210,8호선,신흥,3056,3105,6161
202210,8호선,암사,9859,9348,19207
202210,8호선,잠실,11612,13397,25009
202210,8호선,장지,9645,9694,19339
202210,8호선,천호,9409,10424,19833
202210,8호선,가락시장,6288,6783,13071
202210,8호선,강동구청,7280,7114,14394
202210,8호선,남위례,4906,5013,9919
202210,8호선,남한산성입구,11213,9741,20954
202210,8호선,단대오거리,8645,7911,16556
202210,8호선,모란,6480,5600,12080
202210,8호선,몽촌토성,6401,6588,12989
202210,8호선,문정,10111,10115,20226
202210,8호선,복정,7343,6106,13449
202210,8호선,산성,5451,5415,10866
202210,8호선,석촌,6733,8627,15360
202210,8호선,송파,6888,6457,13345
202210,8호선,수진,4838,4312,9150
202210,8호선,신흥,4368,4560,8928
202210,8호선,암사,14450,12722,27172
202210,8호선,잠실,15783,19212,34995
202210,8호선,장지,14182,12648,26830
202210,8호선,천호,13200,15298,28498
202210,8호선,가락시장,3460,4344,7804
202210,8호선,강동구청,4921,5071,9992
202210,8호선,남위례,3175,3361,6536
202210,8호선,남한산성입구,7510,7023,14533
202210,8호선,단대오거리,5827,5827,11654
202210,8호선,모란,2764,2411,5175
202210,8호선,몽촌토성,4240,4199,8439
202210,8호선,문정,6629,6982,13611
202210,8호선,복정,5664,5147,10811
202210,8호선,산성,3560,3854,7414
202210,8호선,석촌,4500,6115,10615
202210,8호선,송파,4364,4379,8743
202210,8호선,수진,3215,2869,6084
202210,8호선,신흥,3002,3190,6192
202210,8호선,암사,9572,9119,18691
202210,8호선,잠실,11442,12786,24228
202210,8호선,장지,9847,9741,19588
202210,8호선,천호,9317,10494,19811
202211,8호선,가락시장,6162,6527,12689
202211,8호선,강동구청,6681,6513,13194
202211,8호선,남위례,4640,4636,9276
202211,8호선,남한산성입구,10075,8659,18734
202211,8호선,단대오거리,8057,7470,15527
202211,8호선,모란,3834,3585,7419
202211,8호선,몽촌토성,5535,5653,11188
202211,8호선,문정,9520,9645,19165
202211,8호선,복정,6754,5577,12331
202211,8호선,산성,4811,4936,9747
202211,8호선,석촌,6322,7761,14083
202211,8호선,송파,7056,6754,13810
202211,8호선,수진,4603,4086,8689
202211,8호선,신흥,4011,4231,8242
202211,8호선,암사,13381,12240,25621
202211,8호선,잠실,14440,17099,31539
202211,8호선,장지,13612,12312,25924
202211,8호선,천호,12793,15011,27804
202211,8호선,가락시장,3651,4539,8190
202211,8호선,강동구청,5150,5129,10279
202211,8호선,남위례,3327,3443,6770
202211,8호선,남한산성입구,7531,6986,14517
202211,8호선,단대오거리,5777,5743,11520
202211,8호선,모란,2767,2351,5118
202211,8호선,몽촌토성,4203,4374,8577
202211,8호선,문정,6421,6758,13179
202211,8호선,복정,5387,4932,10319
202211,8호선,산성,3508,3685,7193
202211,8호선,석촌,4529,5963,10492
202211,8호선,송파,5263,4987,10250
202211,8호선,수진,3174,2883,6057
202211,8호선,신흥,3010,3183,6193
202211,8호선,암사,9796,9129,18925
202211,8호선,잠실,11658,13484,25142
202211,8호선,장지,10492,10345,20837
202211,8호선,천호,10106,10782,20888
202211,8호선,가락시장,6146,6239,12385
202211,8호선,강동구청,6509,6529,13038
202211,8호선,남위례,4339,4480,8819
202211,8호선,남한산성입구,9573,8481,18054
202211,8호선,단대오거리,7732,7280,15012
202211,8호선,모란,3807,3415,7222
202211,8호선,몽촌토성,4990,5139,10129
202211,8호선,문정,9374,9545,18919
202211,8호선,복정,6545,5467,12012
202211,8호선,산성,4498,4423,8921
202211,8호선,석촌,6188,7525,13713
202211,8호선,송파,6457,6543,13000
202211,8호선,수진,4420,4056,8476
202211,8호선,신흥,4183,4442,8625
202211,8호선,암사,12981,11780,24761
202211,8호선,잠실,15111,16812,31923
202211,8호선,장지,12961,11703,24664
202211,8호선,천호,12196,14363,26559
202211,8호선,가락시장,3310,4229,7539
202211,8호선,강동구청,4421,4527,8948
202211,8호선,남위례,3012,3112,6124
202211,8호선,남한산성입구,6990,6499,13489
202211,8호선,단대오거리,5386,5232,10618
202211,8호선,모란,2629,2179,4808
202211,8호선,몽촌토성,4726,5038,9764
202211,8호선,문정,6117,6369,12486
202211,8호선,복정,5058,4709,9767
202211,8호선,산성,2979,3125,6104
202211,8호선,석촌,4238,5207,9445
202211,8호선,송파,4363,4313,8676
202211,8호선,수진,3160,2875,6035
202211,8호선,신흥,2993,3065,6058
202211,8호선,암사,9054,8456,17510
202211,8호선,잠실,11098,12771,23869
202211,8호선,장지,9146,9263,18409
202211,8호선,천호,8947,10128,19075
202211,8호선,가락시장,6347,6784,13131
202211,8호선,강동구청,6664,6421,13085
202211,8호선,남위례,4570,4749,9319
202211,8호선,남한산성입구,10383,8937,19320
202211,8호선,단대오거리,8445,7723,16168
202211,8호선,모란,6011,5169,11180
202211,8호선,몽촌토성,5383,5371,10754
202211,8호선,문정,9501,9660,19161
202211,8호선,복정,6819,5686,12505
202211,8호선,산성,4672,4629,9301
202211,8호선,석촌,6214,7882,14096
202211,8호선,송파,6424,6008,12432
202211,8호선,수진,4776,4547,9323
202211,8호선,신흥,4349,4339,8688
202211,8호선,암사,13559,12066,25625
202211,8호선,잠실,15403,17776,33179
202211,8호선,장지,13590,12166,25756
202211,8호선,천호,12978,15299,28277
202211,8호선,가락시장,3602,4439,8041
202211,8호선,강동구청,4901,5009,9910
202211,8호선,남위례,3244,3270,6514
202211,8호선,남한산성입구,7307,6741,14048
202211,8호선,단대오거리,5778,5621,11399
202211,8호선,모란,3005,2306,5311
202211,8호선,몽촌토성,3803,3916,7719
202211,8호선,문정,6369,6712,13081
202211,8호선,복정,5393,4941,10334
202211,8호선,산성,3277,3388,6665
202211,8호선,석촌,4475,5772,10247
202211,8호선,송파,4547,4523,9070
202211,8호선,수진,3281,2933,6214
202211,8호선,신흥,3145,3331,6476
202211,8호선,암사,9649,9038,18687
202211,8호선,잠실,11500,12758,24258
202211,8호선,장지,9894,9907,19801
202211,8호선,천호,9757,10985,20742
202211,8호선,가락시장,6279,6690,12969
202211,8호선,강동구청,6745,6654,13399
202211,8호선,남위례,4531,4554,9085
202211,8호선,남한산성입구,9861,8464,18325
202211,8호선,단대오거리,8114,7460,15574
202211,8호선,모란,3797,3448,7245
202211,8호선,몽촌토성,5083,5226,10309
202211,8호선,문정,9798,9766,19564
202211,8호선,복정,6817,5511,12328
202211,8호선,산성,4540,4534,9074
202211,8호선,석촌,6405,7862,14267
202211,8호선,송파,6519,6285,12804
202211,8호선,수진,4465,4079,8544
202211,8호선,신흥,4205,4375,8580
202211,8호선,암사,13365,12163,25528
202211,8호선,잠실,15842,18073,33915
202211,8호선,장지,13562,12232,25794
202211,8호선,천호,12812,15105,27917
202211,8호선,가락시장,3506,4227,7733
202211,8호선,강동구청,4684,4741,9425
202211,8호선,남위례,3131,3215,6346
202211,8호선,남한산성입구,6877,6422,13299
202211,8호선,단대오거리,5922,5705,11627
202211,8호선,모란,2772,2322,5094
202211,8호선,몽촌토성,3616,3700,7316
202211,8호선,문정,6454,6899,13353
202211,8호선,복정,5160,4891,10051
202211,8호선,산성,3216,3347,6563
202211,8호선,석촌,4339,5683,10022
202211,8호선,송파,4421,4486,8907
202211,8호선,수진,3146,2870,6016
202211,8호선,신흥,3105,3226,6331
202211,8호선,암사,9325,8788,18113
202211,8호선,잠실,11644,13177,24821
202211,8호선,장지,9851,9666,19517
202211,8호선,천호,9135,10409,19544
202212,8호선,가락시장,6416,6878,13294
202212,8호선,강동구청,6697,6541,13238
202212,8호선,남위례,4529,4554,9083
202212,8호선,남한산성입구,9445,8298,17743
202212,8호선,단대오거리,8089,7548,15637
202212,8호선,모란,3870,3243,7113
202212,8호선,몽촌토성,4875,4946,9821
202212,8호선,문정,9644,9762,19406
202212,8호선,복정,6407,5227,11634
202212,8호선,산성,4142,4054,8196
202212,8호선,석촌,6092,7410,13502
202212,8호선,송파,6720,6375,13095
202212,8호선,수진,4444,3977,8421
202212,8호선,신흥,4138,4328,8466
202212,8호선,암사,13141,12036,25177
202212,8호선,잠실,16122,18343,34465
202212,8호선,장지,13235,12313,25548
202212,8호선,천호,12577,14706,27283
202212,8호선,가락시장,3572,4403,7975
202212,8호선,강동구청,4756,4984,9740
202212,8호선,남위례,2965,3075,6040
202212,8호선,남한산성입구,6763,6406,13169
202212,8호선,단대오거리,6024,5911,11935
202212,8호선,모란,4612,3396,8008
202212,8호선,몽촌토성,3612,3598,7210
202212,8호선,문정,5893,6137,12030
202212,8호선,복정,4967,4584,9551
202212,8호선,산성,2910,3024,5934
202212,8호선,석촌,4316,5508,9824
202212,8호선,송파,4519,4658,9177
202212,8호선,수진,3394,3116,6510
202212,8호선,신흥,3281,3385,6666
202212,8호선,암사,9074,8579,17653
202212,8호선,잠실,12492,13542,26034
202212,8호선,장지,9940,9804,19744
202212,8호선,천호,9442,10589,20031
202212,8호선,가락시장,6959,7520,14479
202212,8호선,강동구청,6952,6859,13811
202212,8호선,남위례,4808,4684,9492
202212,8호선,남한산성입구,10196,8842,19038
202212,8호선,단대오거리,8706,8028,16734
202212,8호선,모란,4060,3421,7481
202212,8호선,몽촌토성,4971,5417,10388
202212,8호선,문정,9832,10130,19962
202212,8호선,복정,6935,5398,12333
202212,8호선,산성,4562,4370,8932
202212,8호선,석촌,6634,8292,14926
202212,8호선,송파,6655,6376,13031
202212,8호선,수진,4628,4250,8878
202212,8호선,신흥,4221,4570,8791
202212,8호선,암사,13848,12307,26155
202212,8호선,잠실,16630,19256,35886
202212,8호선,장지,13659,12433,26092
202212,8호선,천호,13213,15617,28830
202212,8호선,가락시장,3758,4559,8317
202212,8호선,강동구청,4891,5056,9947
202212,8호선,남위례,3180,3277,6457
202212,8호선,남한산성입구,7035,6423,13458
202212,8호선,단대오거리,5942,5839,11781
202212,8호선,모란,2855,2251,5106
202212,8호선,몽촌토성,4013,3934,7947
202212,8호선,문정,6438,6705,13143
202212,8호선,복정,5369,4944,10313
202212,8호선,산성,3082,3198,6280
202212,8호선,석촌,4512,5711,10223
202212,8호선,송파,4513,4561,9074
202212,8호선,수진,3256,2978,6234
202212,8호선,신흥,3220,3289,6509
202212,8호선,암사,9523,8966,18489
202212,8호선,잠실,12488,13441,25929
202212,8호선,장지,9695,9799,19494
202212,8호선,천호,9508,10743,20251
202212,8호선,가락시장,7217,7711,14928
202212,8호선,강동구청,7350,7376,14726
202212,8호선,남위례,4584,4609,9193
202212,8호선,남한산성입구,10060,8532,18592
202212,8호선,단대오거리,9192,8506,17698
202212,8호선,모란,3977,3612,7589
202212,8호선,몽촌토성,5518,5820,11338
202212,8호선,문정,10239,10303,20542
202212,8호선,복정,6833,5574,12407
202212,8호선,산성,4485,4274,8759
202212,8호선,석촌,7068,8550,15618
202212,8호선,송파,7551,7300,14851
202212,8호선,수진,4777,4145,8922
202212,8호선,신흥,4666,4841,9507
202212,8호선,암사,14133,12848,26981
202212,8호선,잠실,19548,22252,41800
202212,8호선,장지,14839,13353,28192
202212,8호선,천호,13510,16141,29651
202212,8호선,가락시장,3796,4691,8487
202212,8호선,강동구청,4832,4993,9825
202212,8호선,남위례,2866,3088,5954
202212,8호선,남한산성입구,6425,5954,12379
202212,8호선,단대오거리,5888,5671,11559
202212,8호선,모란,2618,2269,4887
202212,8호선,몽촌토성,3524,3652,7176
202212,8호선,문정,6074,6301,12375
202212,8호선,복정,4895,4487,9382
202212,8호선,산성,2786,2758,5544
202212,8호선,석촌,4592,5606,10198
202212,8호선,송파,4605,4808,9413
202212,8호선,수진,3282,3069,6351
202212,8호선,신흥,3270,3426,6696
202212,8호선,암사,9020,8539,17559
202212,8호선,잠실,14160,15342,29502
202212,8호선,장지,9740,9726,19466
202212,8호선,천호,9586,10809,20395
202212,8호선,가락시장,6096,6175,12271
202212,8호선,강동구청,6478,6433,12911
202212,8호선,남위례,3731,3886,7617
202212,8호선,남한산성입구,8934,7656,16590
202212,8호선,단대오거리,8206,7742,15948
202212,8호선,모란,4795,4232,9027
202212,8호선,몽촌토성,4364,4423,8787
202212,8호선,문정,8196,7961,16157
202212,8호선,복정,5517,4557,10074
202212,8호선,산성,3787,3648,7435
202212,8호선,석촌,6336,7805,14141
202212,8호선,송파,6630,6409,13039
202212,8호선,수진,4659,4138,8797
202212,8호선,신흥,4379,4729,9108
202212,8호선,암사,12370,11138,23508
202212,8호선,잠실,20381,22842,43223
202212,8호선,장지,12858,12129,24987
202212,8호선,천호,12348,15029,27377
202212,8호선,가락시장,3439,4324,7763
202212,8호선,강동구청,4846,4884,9730
202212,8호선,남위례,2899,3021,5920
202212,8호선,남한산성입구,6899,6218,13117
202212,8호선,단대오거리,6318,6208,12526
202212,8호선,모란,3027,2656,5683
202212,8호선,몽촌토성,3645,3595,7240
202212,8호선,문정,4714,4818,9532
202212,8호선,복정,4604,4306,8910
202212,8호선,산성,2885,2888,5773
202212,8호선,석촌,4774,6091,10865
202212,8호선,송파,4614,4724,9338
202212,8호선,수진,3346,2977,6323
202212,8호선,신흥,3533,3817,7350
202212,8호선,암사,9343,8702,18045
202212,8호선,잠실,17041,18905,35946
202212,8호선,장지,10098,10237,20335
202212,8호선,천호,9374,11446,20820
202212,8호선,가락시장,5489,5828,11317
202212,8호선,강동구청,5740,5733,11473
202212,8호선,남위례,3380,3522,6902
202212,8호선,남한산성입구,8553,7168,15721
202212,8호선,단대오거리,7736,7031,14767
202212,8호선,모란,3502,3361,6863
202212,8호선,몽촌토성,3888,3980,7868
202212,8호선,문정,6146,5933,12079
202212,8호선,복정,5331,4590,9921
202212,8호선,산성,3567,3400,6967
202212,8호선,석촌,5527,6861,12388
202212,8호선,송파,5701,5469,11170
202212,8호선,수진,3960,3482,7442
202212,8호선,신흥,3864,4036,7900
202212,8호선,암사,11804,10328,22132
202212,8호선,잠실,14674,17134,31808
202212,8호선,장지,11622,10642,22264
202212,8호선,천호,10873,12859,23732
