사용월,호선명,지하철역,승차총승객수,하차총승객수,승하차총승객수
202201,경춘선,가평,1183,1126,2309
202201,경춘선,갈매,996,977,1973
202201,경춘선,강촌,304,319,623
202201,경춘선,굴봉산,118,122,240
202201,경춘선,금곡,643,614,1257
202201,경춘선,김유정,207,200,407
202201,경춘선,남춘천,1573,1664,3237
202201,경춘선,대성리,391,247,638
202201,경춘선,마석,1805,1841,3646
202201,경춘선,백양리,326,255,581
202201,경춘선,별내,1348,1285,2633
202201,경춘선,사릉,1227,1256,2483
202201,경춘선,상천,151,146,297
202201,경춘선,신내,652,648,1300
202201,경춘선,천마산,800,805,1605
202201,경춘선,청평,1089,1001,2090
202201,경춘선,춘천,976,904,1880
202201,경춘선,퇴계원,1457,1421,2878
202201,경춘선,평내호평,2636,2550,5186
202201,경춘선,가평,1277,955,2232
202201,경춘선,갈매,1167,1047,2214
202201,경춘선,강촌,409,343,752
202201,경춘선,굴봉산,120,164,284
202201,경춘선,금곡,704,667,1371
202201,경춘선,김유정,292,243,535
202201,경춘선,남춘천,2315,2209,4524
202201,경춘선,대성리,359,239,598
202201,경춘선,마석,1994,1943,3937
202201,경춘선,백양리,234,167,401
202201,경춘선,별내,1547,1514,3061
202201,경춘선,사릉,1329,1356,2685
202201,경춘선,상천,256,182,438
202201,경춘선,신내,715,735,1450
202201,경춘선,천마산,927,917,1844
202201,경춘선,청평,1144,966,2110
202201,경춘선,춘천,1174,952,2126
202201,경춘선,퇴계원,1729,1499,3228
202201,경춘선,평내호평,2856,2644,5500
202201,경춘선,가평,1287,1337,2624
202201,경춘선,갈매,1871,1587,3458
202201,경춘선,강촌,413,430,843
202201,경춘선,굴봉산,142,196,338
202201,경춘선,금곡,1072,931,2003
202201,경춘선,김유정,299,342,641
202201,경춘선,남춘천,2137,2323,4460
202201,경춘선,대성리,407,368,775
202201,경춘선,마석,3028,3065,6093
202201,경춘선,백양리,366,309,675
202201,경춘선,별내,2261,2158,4419
202201,경춘선,사릉,2027,1975,4002
202201,경춘선,상천,256,213,469
202201,경춘선,신내,1119,1126,2245
202201,경춘선,천마산,1239,1252,2491
202201,경춘선,청평,1278,1331,2609
202201,경춘선,춘천,1239,1130,2369
202201,경춘선,퇴계원,2366,2181,4547
202201,경춘선,평내호평,4127,3954,8081
202201,경춘선,가평,1163,1055,2218
202201,경춘선,갈매,1293,1139,2432
202201,경춘선,강촌,455,407,862
202201,경춘선,굴봉산,126,142,268
202201,경춘선,금곡,719,692,1411
202201,경춘선,김유정,300,305,605
202201,경춘선,남춘천,1805,1870,3675
202201,경춘선,대성리,420,299,719
202201,경춘선,마석,2042,2007,4049
202201,경춘선,백양리,303,256,559
202201,경춘선,별내,1702,1547,3249
202201,경춘선,사릉,1375,1369,2744
202201,경춘선,상천,279,233,512
202201,경춘선,신내,772,798,1570
202201,경춘선,천마산,928,922,1850
202201,경춘선,청평,1167,1035,2202
202201,경춘선,춘천,1087,929,2016
202201,경춘선,퇴계원,1765,1577,3342
202201,경춘선,평내호평,3028,2865,5893
202201,경춘선,가평,1302,1358,2660
202201,경춘선,갈매,1831,1523,3354
202201,경춘선,강촌,374,465,839
202201,경춘선,굴봉산,182,224,406
202201,경춘선,금곡,1015,926,1941
202201,경춘선,김유정,369,382,751
202201,경춘선,남춘천,2268,2289,4557
202201,경춘선,대성리,344,332,676
202201,경춘선,마석,2654,2646,5300
202201,경춘선,백양리,397,309,706
202201,경춘선,별내,2163,2089,4252
202201,경춘선,사릉,1985,1927,3912
202201,경춘선,상천,208,206,414
202201,경춘선,신내,1049,1012,2061
202201,경춘선,천마산,1193,1211,2404
202201,경춘선,청평,1180,1381,2561
202201,경춘선,춘천,1249,1185,2434
202201,경춘선,퇴계원,2380,2202,4582
202201,경춘선,평내호평,4183,3964,8147
202201,경춘선,가평,1311,1118,2429
202201,경춘선,갈매,1228,1118,2346
202201,경춘선,강촌,466,402,868
202201,경춘선,굴봉산,179,152,331
202201,경춘선,금곡,772,670,1442
202201,경춘선,김유정,364,362,726
202201,경춘선,남춘천,1971,1990,3961
202201,경춘선,대성리,349,283,632
202201,경춘선,마석,2148,2014,4162
202201,경춘선,백양리,365,277,642
202201,경춘선,별내,1614,1639,3253
202201,경춘선,사릉,1464,1394,2858
202201,경춘선,상천,295,181,476
202201,경춘선,신내,771,797,1568
202201,경춘선,천마산,959,900,1859
202201,경춘선,청평,1238,991,2229
202201,경춘선,춘천,1233,1009,2242
202201,경춘선,퇴계원,1752,1693,3445
202201,경춘선,평내호평,3132,2941,6073
202201,경춘선,가평,1270,1478,2748
202201,경춘선,갈매,1929,1626,3555
202201,경춘선,강촌,473,529,1002
202201,경춘선,굴봉산,141,169,310
202201,경춘선,금곡,1014,998,2012
202201,경춘선,김유정,352,400,752
202201,경춘선,남춘천,2854,2905,5759
202201,경춘선,대성리,402,422,824
202201,경춘선,마석,2897,2761,5658
202201,경춘선,백양리,411,388,799
202201,경춘선,별내,2279,2203,4482
202201,경춘선,사릉,2099,1915,4014
202201,경춘선,상천,232,213,445
202201,경춘선,신내,1100,1050,2150
202201,경춘선,천마산,1286,1250,2536
202201,경춘선,청평,1297,1465,2762
202201,경춘선,춘천,1187,1185,2372
202201,경춘선,퇴계원,2509,2191,4700
202201,경춘선,평내호평,4200,3973,8173
202201,경춘선,가평,1351,1163,2514
202201,경춘선,갈매,1409,1201,2610
202201,경춘선,강촌,497,373,870
202201,경춘선,굴봉산,174,187,361
202201,경춘선,금곡,818,796,1614
202201,경춘선,김유정,345,347,692
202201,경춘선,남춘천,1934,1923,3857
202201,경춘선,대성리,432,346,778
202201,경춘선,마석,2604,2614,5218
202201,경춘선,백양리,301,262,563
202201,경춘선,별내,1779,1691,3470
202201,경춘선,사릉,1543,1526,3069
202201,경춘선,상천,251,224,475
202201,경춘선,신내,863,896,1759
202201,경춘선,천마산,986,989,1975
202201,경춘선,청평,1277,1058,2335
202201,경춘선,춘천,1280,1092,2372
202201,경춘선,퇴계원,1872,1776,3648
202201,경춘선,평내호평,3232,3036,6268
202201,경춘선,가평,1204,1523,2727
202201,경춘선,갈매,1530,1290,2820
202201,경춘선,강촌,453,396,849
202201,경춘선,굴봉산,137,205,342
202201,경춘선,금곡,912,859,1771
202201,경춘선,김유정,226,301,527
202201,경춘선,남춘천,1904,2318,4222
202201,경춘선,대성리,352,403,755
202201,경춘선,마석,2378,2398,4776
202201,경춘선,백양리,329,270,599
202201,경춘선,별내,1903,1755,3658
202201,경춘선,사릉,1780,1731,3511
202201,경춘선,상천,191,174,365
202201,경춘선,신내,877,770,1647
202201,경춘선,천마산,1096,1124,2220
202201,경춘선,청평,1148,1361,2509
202201,경춘선,춘천,1016,1201,2217
202201,경춘선,퇴계원,2098,1937,4035
202201,경춘선,평내호평,3569,3483,7052
202201,경춘선,가평,1095,1220,2315
202201,경춘선,갈매,1127,994,2121
202201,경춘선,강촌,301,388,689
202201,경춘선,굴봉산,119,127,246
202201,경춘선,금곡,704,695,1399
202201,경춘선,김유정,304,331,635
202201,경춘선,남춘천,1654,1943,3597
202201,경춘선,대성리,355,241,596
202201,경춘선,마석,1868,1932,3800
202201,경춘선,백양리,438,353,791
202201,경춘선,별내,1412,1324,2736
202201,경춘선,사릉,1268,1312,2580
202201,경춘선,상천,208,167,375
202201,경춘선,신내,661,645,1306
202201,경춘선,천마산,891,866,1757
202201,경춘선,청평,945,1057,2002
202201,경춘선,춘천,883,1055,1938
202201,경춘선,퇴계원,1591,1506,3097
202201,경춘선,평내호평,2623,2602,5225
202202,경춘선,가평,1150,1260,2410
202202,경춘선,갈매,1575,1393,2968
202202,경춘선,강촌,293,336,629
202202,경춘선,굴봉산,120,196,316
202202,경춘선,금곡,850,822,1672
202202,경춘선,김유정,308,320,628
202202,경춘선,남춘천,1751,1780,3531
202202,경춘선,대성리,397,354,751
202202,경춘선,마석,2274,2184,4458
202202,경춘선,백양리,338,261,599
202202,경춘선,별내,1917,1790,3707
202202,경춘선,사릉,1706,1681,3387
202202,경춘선,상천,169,157,326
202202,경춘선,신내,940,924,1864
202202,경춘선,천마산,988,1010,1998
202202,경춘선,청평,1062,1187,2249
202202,경춘선,춘천,932,859,1791
202202,경춘선,퇴계원,2071,1866,3937
202202,경춘선,평내호평,3602,3449,7051
202202,경춘선,가평,1168,1001,2169
202202,경춘선,갈매,1123,979,2102
202202,경춘선,강촌,399,372,771
202202,경춘선,굴봉산,146,134,280
202202,경춘선,금곡,697,681,1378
202202,경춘선,김유정,312,268,580
202202,경춘선,남춘천,1614,1579,3193
202202,경춘선,대성리,359,279,638
202202,경춘선,마석,1809,1719,3528
202202,경춘선,백양리,275,216,491
202202,경춘선,별내,1465,1356,2821
202202,경춘선,사릉,1298,1335,2633
202202,경춘선,상천,187,164,351
202202,경춘선,신내,706,720,1426
202202,경춘선,천마산,849,818,1667
202202,경춘선,청평,1036,863,1899
202202,경춘선,춘천,861,760,1621
202202,경춘선,퇴계원,1516,1447,2963
202202,경춘선,평내호평,2567,2500,5067
202202,경춘선,가평,1396,1548,2944
202202,경춘선,갈매,1765,1543,3308
202202,경춘선,강촌,468,430,898
202202,경춘선,굴봉산,179,224,403
202202,경춘선,금곡,1010,1006,2016
202202,경춘선,김유정,393,438,831
202202,경춘선,남춘천,2760,2776,5536
202202,경춘선,대성리,461,468,929
202202,경춘선,마석,2667,2709,5376
202202,경춘선,백양리,377,349,726
202202,경춘선,별내,2123,2068,4191
202202,경춘선,사릉,1913,1900,3813
202202,경춘선,상천,313,269,582
202202,경춘선,신내,1147,1069,2216
202202,경춘선,천마산,1187,1231,2418
202202,경춘선,청평,1357,1456,2813
202202,경춘선,춘천,1321,1210,2531
202202,경춘선,퇴계원,2327,2181,4508
202202,경춘선,평내호평,4047,3905,7952
202202,경춘선,가평,1298,1203,2501
202202,경춘선,갈매,1260,1117,2377
202202,경춘선,강촌,593,494,1087
202202,경춘선,굴봉산,244,214,458
202202,경춘선,금곡,837,846,1683
202202,경춘선,김유정,361,358,719
202202,경춘선,남춘천,1913,1884,3797
202202,경춘선,대성리,474,298,772
202202,경춘선,마석,2418,2381,4799
202202,경춘선,백양리,327,280,607
202202,경춘선,별내,1596,1513,3109
202202,경춘선,사릉,1438,1441,2879
202202,경춘선,상천,285,214,499
202202,경춘선,신내,827,834,1661
202202,경춘선,천마산,998,1015,2013
202202,경춘선,청평,1159,1052,2211
202202,경춘선,춘천,1078,927,2005
202202,경춘선,퇴계원,1783,1648,3431
202202,경춘선,평내호평,3002,2798,5800
202202,경춘선,가평,1317,1510,2827
202202,경춘선,갈매,1734,1502,3236
202202,경춘선,강촌,374,435,809
202202,경춘선,굴봉산,126,160,286
202202,경춘선,금곡,948,834,1782
202202,경춘선,김유정,392,381,773
202202,경춘선,남춘천,2060,2063,4123
202202,경춘선,대성리,410,415,825
202202,경춘선,마석,2550,2397,4947
202202,경춘선,백양리,318,301,619
202202,경춘선,별내,2029,1907,3936
202202,경춘선,사릉,1951,1864,3815
202202,경춘선,상천,239,271,510
202202,경춘선,신내,1093,1038,2131
202202,경춘선,천마산,1138,1180,2318
202202,경춘선,청평,1280,1327,2607
202202,경춘선,춘천,1076,1062,2138
202202,경춘선,퇴계원,2167,2009,4176
202202,경춘선,평내호평,3778,3682,7460
202202,경춘선,가평,1354,1088,2442
202202,경춘선,갈매,1101,1014,2115
202202,경춘선,강촌,413,382,795
202202,경춘선,굴봉산,174,171,345
202202,경춘선,금곡,672,677,1349
202202,경춘선,김유정,387,353,740
202202,경춘선,남춘천,1803,1733,3536
202202,경춘선,대성리,365,290,655
202202,경춘선,마석,1918,1859,3777
202202,경춘선,백양리,249,262,511
202202,경춘선,별내,1505,1450,2955
202202,경춘선,사릉,1319,1352,2671
202202,경춘선,상천,219,176,395
202202,경춘선,신내,831,764,1595
202202,경춘선,천마산,811,821,1632
202202,경춘선,청평,1093,1000,2093
202202,경춘선,춘천,992,822,1814
202202,경춘선,퇴계원,1617,1569,3186
202202,경춘선,평내호평,2705,2608,5313
202202,경춘선,가평,1158,1259,2417
202202,경춘선,갈매,1672,1461,3133
202202,경춘선,강촌,367,394,761
202202,경춘선,굴봉산,123,135,258
202202,경춘선,금곡,904,851,1755
202202,경춘선,김유정,294,306,600
202202,경춘선,남춘천,1995,2075,4070
202202,경춘선,대성리,360,412,772
202202,경춘선,마석,2357,2332,4689
202202,경춘선,백양리,260,202,462
202202,경춘선,별내,1990,1883,3873
202202,경춘선,사릉,1797,1723,3520
202202,경춘선,상천,231,208,439
202202,경춘선,신내,1052,1024,2076
202202,경춘선,천마산,1086,1084,2170
202202,경춘선,청평,1047,1192,2239
202202,경춘선,춘천,1143,1091,2234
202202,경춘선,퇴계원,2082,1964,4046
202202,경춘선,평내호평,3496,3317,6813
202202,경춘선,가평,1305,1239,2544
202202,경춘선,갈매,1217,1156,2373
202202,경춘선,강촌,513,471,984
202202,경춘선,굴봉산,147,180,327
202202,경춘선,금곡,773,753,1526
202202,경춘선,김유정,413,423,836
202202,경춘선,남춘천,2466,2567,5033
202202,경춘선,대성리,525,407,932
202202,경춘선,마석,2053,2026,4079
202202,경춘선,백양리,424,300,724
202202,경춘선,별내,1578,1454,3032
202202,경춘선,사릉,1411,1415,2826
202202,경춘선,상천,225,187,412
202202,경춘선,신내,815,801,1616
202202,경춘선,천마산,976,953,1929
202202,경춘선,청평,1191,1063,2254
202202,경춘선,춘천,1176,1024,2200
202202,경춘선,퇴계원,1683,1620,3303
202202,경춘선,평내호평,3004,2827,5831
202203,경춘선,가평,1150,1314,2464
202203,경춘선,갈매,1634,1421,3055
202203,경춘선,강촌,409,454,863
202203,경춘선,굴봉산,142,151,293
202203,경춘선,금곡,977,945,1922
202203,경춘선,김유정,353,386,739
202203,경춘선,남춘천,2007,1976,3983
202203,경춘선,대성리,363,349,712
202203,경춘선,마석,2574,2458,5032
202203,경춘선,백양리,244,280,524
202203,경춘선,별내,1994,1923,3917
202203,경춘선,사릉,1962,1900,3862
202203,경춘선,상천,239,229,468
202203,경춘선,신내,992,961,1953
202203,경춘선,천마산,1151,1161,2312
202203,경춘선,청평,1134,1272,2406
202203,경춘선,춘천,1153,1022,2175
202203,경춘선,퇴계원,2116,1981,4097
202203,경춘선,평내호평,4089,3955,8044
202203,경춘선,가평,1095,894,1989
202203,경춘선,갈매,1232,1015,2247
202203,경춘선,강촌,440,389,829
202203,경춘선,굴봉산,158,119,277
202203,경춘선,금곡,702,701,1403
202203,경춘선,김유정,346,342,688
202203,경춘선,남춘천,1702,2285,3987
202203,경춘선,대성리,404,301,705
202203,경춘선,마석,1972,1897,3869
202203,경춘선,백양리,176,135,311
202203,경춘선,별내,1569,1396,2965
202203,경춘선,사릉,1351,1308,2659
202203,경춘선,상천,297,192,489
202203,경춘선,신내,906,784,1690
202203,경춘선,천마산,847,833,1680
202203,경춘선,청평,1150,969,2119
202203,경춘선,춘천,1105,1103,2208
202203,경춘선,퇴계원,1713,1551,3264
202203,경춘선,평내호평,2737,2508,5245
202203,경춘선,가평,1256,1300,2556
202203,경춘선,갈매,1746,1514,3260
202203,경춘선,강촌,480,482,962
202203,경춘선,굴봉산,113,164,277
202203,경춘선,금곡,962,915,1877
202203,경춘선,김유정,435,428,863
202203,경춘선,남춘천,2594,2649,5243
202203,경춘선,대성리,543,518,1061
202203,경춘선,마석,2647,2651,5298
202203,경춘선,백양리,86,90,176
202203,경춘선,별내,2126,2006,4132
202203,경춘선,사릉,1871,1833,3704
202203,경춘선,상천,321,265,586
202203,경춘선,신내,1122,1036,2158
202203,경춘선,천마산,1193,1226,2419
202203,경춘선,청평,1234,1367,2601
202203,경춘선,춘천,1373,1209,2582
202203,경춘선,퇴계원,2186,2030,4216
202203,경춘선,평내호평,3950,3842,7792
202203,경춘선,가평,908,727,1635
202203,경춘선,갈매,1011,910,1921
202203,경춘선,강촌,243,245,488
202203,경춘선,굴봉산,99,86,185
202203,경춘선,금곡,597,547,1144
202203,경춘선,김유정,189,159,348
202203,경춘선,남춘천,1514,2072,3586
202203,경춘선,대성리,347,205,552
202203,경춘선,마석,1816,1718,3534
202203,경춘선,백양리,68,54,122
202203,경춘선,별내,1371,1241,2612
202203,경춘선,사릉,1232,1138,2370
202203,경춘선,상천,134,124,258
202203,경춘선,신내,680,636,1316
202203,경춘선,천마산,739,684,1423
202203,경춘선,청평,951,744,1695
202203,경춘선,춘천,784,946,1730
202203,경춘선,퇴계원,1495,1315,2810
202203,경춘선,평내호평,2240,2170,4410
202203,경춘선,가평,981,1050,2031
202203,경춘선,갈매,1480,1199,2679
202203,경춘선,강촌,217,272,489
202203,경춘선,굴봉산,74,68,142
202203,경춘선,금곡,815,760,1575
202203,경춘선,김유정,226,232,458
202203,경춘선,남춘천,1870,1872,3742
202203,경춘선,대성리,286,317,603
202203,경춘선,마석,2157,2080,4237
202203,경춘선,백양리,49,49,98
202203,경춘선,별내,1700,1642,3342
202203,경춘선,사릉,1247,1275,2522
202203,경춘선,상천,139,140,279
202203,경춘선,신내,876,844,1720
202203,경춘선,천마산,878,874,1752
202203,경춘선,청평,897,999,1896
202203,경춘선,춘천,921,894,1815
202203,경춘선,퇴계원,1799,1621,3420
202203,경춘선,평내호평,3223,3197,6420
202203,경춘선,가평,1150,962,2112
202203,경춘선,갈매,1228,1089,2317
202203,경춘선,강촌,419,370,789
202203,경춘선,굴봉산,122,109,231
202203,경춘선,금곡,715,701,1416
202203,경춘선,김유정,298,290,588
202203,경춘선,남춘천,1796,2230,4026
202203,경춘선,대성리,445,300,745
202203,경춘선,마석,1955,1852,3807
202203,경춘선,백양리,84,58,142
202203,경춘선,별내,1537,1373,2910
202203,경춘선,사릉,1204,1132,2336
202203,경춘선,상천,295,244,539
202203,경춘선,신내,825,750,1575
202203,경춘선,천마산,946,915,1861
202203,경춘선,청평,1094,930,2024
202203,경춘선,춘천,1039,1149,2188
202203,경춘선,퇴계원,1689,1522,3211
202203,경춘선,평내호평,2867,2615,5482
202203,경춘선,가평,1064,1224,2288
202203,경춘선,갈매,1671,1413,3084
202203,경춘선,강촌,350,391,741
202203,경춘선,굴봉산,115,107,222
202203,경춘선,금곡,821,801,1622
202203,경춘선,김유정,226,289,515
202203,경춘선,남춘천,2003,1902,3905
202203,경춘선,대성리,409,538,947
202203,경춘선,마석,2274,2337,4611
202203,경춘선,백양리,65,78,143
202203,경춘선,별내,1910,1810,3720
202203,경춘선,사릉,1384,1412,2796
202203,경춘선,상천,202,172,374
202203,경춘선,신내,1000,950,1950
202203,경춘선,천마산,1038,1027,2065
202203,경춘선,청평,1029,1120,2149
202203,경춘선,춘천,1112,996,2108
202203,경춘선,퇴계원,1952,1776,3728
202203,경춘선,평내호평,3471,3339,6810
202203,경춘선,가평,1498,1267,2765
202203,경춘선,갈매,1389,1268,2657
202203,경춘선,강촌,660,533,1193
202203,경춘선,굴봉산,215,190,405
202203,경춘선,금곡,892,774,1666
202203,경춘선,김유정,484,522,1006
202203,경춘선,남춘천,2598,3228,5826
202203,경춘선,대성리,825,501,1326
202203,경춘선,마석,2307,2285,4592
202203,경춘선,백양리,96,91,187
202203,경춘선,별내,1799,1591,3390
202203,경춘선,사릉,1305,1277,2582
202203,경춘선,상천,485,373,858
202203,경춘선,신내,976,977,1953
202203,경춘선,천마산,1112,1055,2167
202203,경춘선,청평,1407,1177,2584
202203,경춘선,춘천,1421,1312,2733
202203,경춘선,퇴계원,1841,1629,3470
202203,경춘선,평내호평,3207,2984,6191
202204,경춘선,가평,1718,1800,3518
202204,경춘선,갈매,1875,1597,3472
202204,경춘선,강촌,719,705,1424
202204,경춘선,굴봉산,207,242,449
202204,경춘선,금곡,1144,1059,2203
202204,경춘선,김유정,520,593,1113
202204,경춘선,남춘천,3237,3243,6480
202204,경춘선,대성리,846,979,1825
202204,경춘선,마석,3045,2978,6023
202204,경춘선,백양리,104,130,234
202204,경춘선,별내,2378,2193,4571
202204,경춘선,사릉,1663,1605,3268
202204,경춘선,상천,410,382,792
202204,경춘선,신내,1277,1229,2506
202204,경춘선,천마산,1364,1400,2764
202204,경춘선,청평,1760,1682,3442
202204,경춘선,춘천,1734,1540,3274
202204,경춘선,퇴계원,2466,2256,4722
202204,경춘선,평내호평,4460,4293,8753
202204,경춘선,가평,1650,1398,3048
202204,경춘선,갈매,1446,1261,2707
202204,경춘선,강촌,686,624,1310
202204,경춘선,굴봉산,221,219,440
202204,경춘선,금곡,996,911,1907
202204,경춘선,김유정,474,430,904
202204,경춘선,남춘천,2067,2691,4758
202204,경춘선,대성리,1009,556,1565
202204,경춘선,마석,3049,2997,6046
202204,경춘선,백양리,112,84,196
202204,경춘선,별내,1795,1586,3381
202204,경춘선,사릉,1367,1349,2716
202204,경춘선,상천,394,288,682
202204,경춘선,신내,970,996,1966
202204,경춘선,천마산,1153,1099,2252
202204,경춘선,청평,1559,1191,2750
202204,경춘선,춘천,1537,1457,2994
202204,경춘선,퇴계원,1985,1807,3792
202204,경춘선,평내호평,3546,3381,6927
202204,경춘선,가평,2004,2145,4149
202204,경춘선,갈매,2044,1695,3739
202204,경춘선,강촌,699,763,1462
202204,경춘선,굴봉산,200,240,440
202204,경춘선,금곡,1190,1136,2326
202204,경춘선,김유정,691,760,1451
202204,경춘선,남춘천,2873,2937,5810
202204,경춘선,대성리,975,1100,2075
202204,경춘선,마석,3341,3184,6525
202204,경춘선,백양리,84,90,174
202204,경춘선,별내,2350,2146,4496
202204,경춘선,사릉,1818,1757,3575
202204,경춘선,상천,466,402,868
202204,경춘선,신내,1384,1307,2691
202204,경춘선,천마산,1426,1414,2840
202204,경춘선,청평,1802,1901,3703
202204,경춘선,춘천,1981,1732,3713
202204,경춘선,퇴계원,2609,2325,4934
202204,경춘선,평내호평,4745,4572,9317
202204,경춘선,가평,2104,1712,3816
202204,경춘선,갈매,1514,1322,2836
202204,경춘선,강촌,805,647,1452
202204,경춘선,굴봉산,260,214,474
202204,경춘선,금곡,953,906,1859
202204,경춘선,김유정,503,560,1063
202204,경춘선,남춘천,2330,2936,5266
202204,경춘선,대성리,1246,1006,2252
202204,경춘선,마석,2869,2745,5614
202204,경춘선,백양리,131,107,238
202204,경춘선,별내,2007,1838,3845
202204,경춘선,사릉,1455,1434,2889
202204,경춘선,상천,538,423,961
202204,경춘선,신내,1045,1054,2099
202204,경춘선,천마산,1200,1173,2373
202204,경춘선,청평,1878,1354,3232
202204,경춘선,춘천,1993,1644,3637
202204,경춘선,퇴계원,2125,1931,4056
202204,경춘선,평내호평,3738,3579,7317
202204,경춘선,가평,2243,2421,4664
202204,경춘선,갈매,2081,1817,3898
202204,경춘선,강촌,882,872,1754
202204,경춘선,굴봉산,293,349,642
202204,경춘선,금곡,1278,1148,2426
202204,경춘선,김유정,561,720,1281
202204,경춘선,남춘천,2812,3187,5999
202204,경춘선,대성리,1186,1306,2492
202204,경춘선,마석,3528,3486,7014
202204,경춘선,백양리,178,179,357
202204,경춘선,별내,2375,2173,4548
202204,경춘선,사릉,1895,1841,3736
202204,경춘선,상천,695,597,1292
202204,경춘선,신내,1343,1280,2623
202204,경춘선,천마산,1491,1479,2970
202204,경춘선,청평,2051,2172,4223
202204,경춘선,춘천,2388,1980,4368
202204,경춘선,퇴계원,2719,2457,5176
202204,경춘선,평내호평,4799,4728,9527
202204,경춘선,가평,2078,1728,3806
202204,경춘선,갈매,1552,1384,2936
202204,경춘선,강촌,937,767,1704
202204,경춘선,굴봉산,350,303,653
202204,경춘선,금곡,989,959,1948
202204,경춘선,김유정,533,539,1072
202204,경춘선,남춘천,3290,3516,6806
202204,경춘선,대성리,1029,817,1846
202204,경춘선,마석,2902,2819,5721
202204,경춘선,백양리,179,128,307
202204,경춘선,별내,1936,1722,3658
202204,경춘선,사릉,1505,1477,2982
202204,경춘선,상천,696,581,1277
202204,경춘선,신내,1028,993,2021
202204,경춘선,천마산,1248,1269,2517
202204,경춘선,청평,2049,1621,3670
202204,경춘선,춘천,2116,1670,3786
202204,경춘선,퇴계원,2195,2001,4196
202204,경춘선,평내호평,3661,3583,7244
202204,경춘선,가평,2295,2559,4854
202204,경춘선,갈매,2108,1812,3920
202204,경춘선,강촌,841,925,1766
202204,경춘선,굴봉산,362,350,712
202204,경춘선,금곡,1232,1176,2408
202204,경춘선,김유정,653,799,1452
202204,경춘선,남춘천,2983,3203,6186
202204,경춘선,대성리,999,1233,2232
202204,경춘선,마석,4201,4040,8241
202204,경춘선,백양리,165,185,350
202204,경춘선,별내,2407,2296,4703
202204,경춘선,사릉,1943,1900,3843
202204,경춘선,상천,603,600,1203
202204,경춘선,신내,1443,1409,2852
202204,경춘선,천마산,1574,1526,3100
202204,경춘선,청평,1993,2252,4245
202204,경춘선,춘천,2422,2034,4456
202204,경춘선,퇴계원,2833,2555,5388
202204,경춘선,평내호평,5018,4788,9806
202204,경춘선,가평,2273,1774,4047
202204,경춘선,갈매,1609,1434,3043
202204,경춘선,강촌,922,776,1698
202204,경춘선,굴봉산,376,380,756
202204,경춘선,금곡,954,911,1865
202204,경춘선,김유정,502,501,1003
202204,경춘선,남춘천,2385,2724,5109
202204,경춘선,대성리,1189,667,1856
202204,경춘선,마석,2844,2785,5629
202204,경춘선,백양리,185,184,369
202204,경춘선,별내,1798,1667,3465
202204,경춘선,사릉,1407,1424,2831
202204,경춘선,상천,673,571,1244
202204,경춘선,신내,1094,1083,2177
202204,경춘선,천마산,1137,1201,2338
202204,경춘선,청평,2026,1578,3604
202204,경춘선,춘천,2226,1784,4010
202204,경춘선,퇴계원,2294,2039,4333
202204,경춘선,평내호평,3614,3437,7051
202204,경춘선,가평,2740,3161,5901
202204,경춘선,갈매,2198,1817,4015
202204,경춘선,강촌,986,1110,2096
202204,경춘선,굴봉산,328,354,682
202204,경춘선,금곡,1206,1100,2306
202204,경춘선,김유정,635,795,1430
202204,경춘선,남춘천,3483,3527,7010
202204,경춘선,대성리,1679,2557,4236
202204,경춘선,마석,3853,3707,7560
202204,경춘선,백양리,212,205,417
202204,경춘선,별내,2485,2352,4837
202204,경춘선,사릉,1947,1857,3804
202204,경춘선,상천,628,610,1238
202204,경춘선,신내,1367,1331,2698
202204,경춘선,천마산,1565,1490,3055
202204,경춘선,청평,2151,2547,4698
202204,경춘선,춘천,2322,2093,4415
202204,경춘선,퇴계원,2820,2478,5298
202204,경춘선,평내호평,5223,5049,10272
202205,경춘선,가평,2836,1934,4770
202205,경춘선,갈매,1622,1391,3013
202205,경춘선,강촌,1175,745,1920
202205,경춘선,굴봉산,374,353,727
202205,경춘선,금곡,1029,1060,2089
202205,경춘선,김유정,613,611,1224
202205,경춘선,남춘천,2847,3637,6484
202205,경춘선,대성리,2399,717,3116
202205,경춘선,마석,3122,3040,6162
202205,경춘선,백양리,212,210,422
202205,경춘선,별내,1916,1782,3698
202205,경춘선,사릉,1559,1507,3066
202205,경춘선,상천,743,621,1364
202205,경춘선,신내,1141,1108,2249
202205,경춘선,천마산,1305,1291,2596
202205,경춘선,청평,2536,1675,4211
202205,경춘선,춘천,2418,1974,4392
202205,경춘선,퇴계원,2310,2111,4421
202205,경춘선,평내호평,3917,3751,7668
202205,경춘선,가평,2562,2831,5393
202205,경춘선,갈매,2139,1844,3983
202205,경춘선,강촌,857,852,1709
202205,경춘선,굴봉산,214,240,454
202205,경춘선,금곡,1151,1136,2287
202205,경춘선,김유정,628,735,1363
202205,경춘선,남춘천,3935,4091,8026
202205,경춘선,대성리,2604,2862,5466
202205,경춘선,마석,3716,3663,7379
202205,경춘선,백양리,161,163,324
202205,경춘선,별내,2539,2260,4799
202205,경춘선,사릉,1857,1880,3737
202205,경춘선,상천,430,565,995
202205,경춘선,신내,1372,1286,2658
202205,경춘선,천마산,1413,1453,2866
202205,경춘선,청평,2125,2494,4619
202205,경춘선,춘천,2437,2169,4606
202205,경춘선,퇴계원,2722,2502,5224
202205,경춘선,평내호평,5033,4900,9933
202205,경춘선,가평,2573,1677,4250
202205,경춘선,갈매,1564,1435,2999
202205,경춘선,강촌,856,526,1382
202205,경춘선,굴봉산,252,210,462
202205,경춘선,금곡,1055,999,2054
202205,경춘선,김유정,509,465,974
202205,경춘선,남춘천,2852,3447,6299
202205,경춘선,대성리,3173,631,3804
202205,경춘선,마석,3498,3292,6790
202205,경춘선,백양리,142,98,240
202205,경춘선,별내,2024,1837,3861
202205,경춘선,사릉,1540,1503,3043
202205,경춘선,상천,621,374,995
202205,경춘선,신내,1051,1102,2153
202205,경춘선,천마산,1231,1141,2372
202205,경춘선,청평,2479,1586,4065
202205,경춘선,춘천,2243,1714,3957
202205,경춘선,퇴계원,2251,2011,4262
202205,경춘선,평내호평,3784,3599,7383
202205,경춘선,가평,3019,3834,6853
202205,경춘선,갈매,2323,1987,4310
202205,경춘선,강촌,1110,1374,2484
202205,경춘선,굴봉산,342,360,702
202205,경춘선,금곡,1385,1239,2624
202205,경춘선,김유정,739,881,1620
202205,경춘선,남춘천,3876,4280,8156
202205,경춘선,대성리,3105,3721,6826
202205,경춘선,마석,4189,3961,8150
202205,경춘선,백양리,167,215,382
202205,경춘선,별내,2773,2548,5321
202205,경춘선,사릉,2097,2009,4106
202205,경춘선,상천,661,519,1180
202205,경춘선,신내,1527,1451,2978
202205,경춘선,천마산,1606,1597,3203
202205,경춘선,청평,2675,2896,5571
202205,경춘선,춘천,2900,2347,5247
202205,경춘선,퇴계원,3092,2751,5843
202205,경춘선,평내호평,5742,5458,11200
202205,경춘선,가평,3290,1910,5200
202205,경춘선,갈매,1767,1547,3314
202205,경춘선,강촌,1367,782,2149
202205,경춘선,굴봉산,260,219,479
202205,경춘선,금곡,1041,1068,2109
202205,경춘선,김유정,684,712,1396
202205,경춘선,남춘천,2919,3559,6478
202205,경춘선,대성리,3459,854,4313
202205,경춘선,마석,3316,3242,6558
202205,경춘선,백양리,173,97,270
202205,경춘선,별내,2132,2046,4178
202205,경춘선,사릉,1633,1623,3256
202205,경춘선,상천,747,524,1271
202205,경춘선,신내,1203,1264,2467
202205,경춘선,천마산,1298,1242,2540
202205,경춘선,청평,2734,1684,4418
202205,경춘선,춘천,2506,2053,4559
202205,경춘선,퇴계원,2370,2245,4615
202205,경춘선,평내호평,4020,3827,7847
202205,경춘선,가평,2911,3587,6498
202205,경춘선,갈매,2386,1946,4332
202205,경춘선,강촌,1233,1390,2623
202205,경춘선,굴봉산,288,233,521
202205,경춘선,금곡,1356,1236,2592
202205,경춘선,김유정,783,900,1683
202205,경춘선,남춘천,3855,4173,8028
202205,경춘선,대성리,3510,3249,6759
202205,경춘선,마석,4094,3898,7992
202205,경춘선,백양리,136,253,389
202205,경춘선,별내,2852,2554,5406
202205,경춘선,사릉,2041,1966,4007
202205,경춘선,상천,685,500,1185
202205,경춘선,신내,1550,1553,3103
202205,경춘선,천마산,1607,1574,3181
202205,경춘선,청평,2740,3098,5838
202205,경춘선,춘천,2988,2475,5463
202205,경춘선,퇴계원,3071,2755,5826
202205,경춘선,평내호평,5638,5437,11075
202205,경춘선,가평,3321,2039,5360
202205,경춘선,갈매,1707,1477,3184
202205,경춘선,강촌,1187,676,1863
202205,경춘선,굴봉산,285,248,533
202205,경춘선,금곡,1067,1048,2115
202205,경춘선,김유정,662,630,1292
202205,경춘선,남춘천,3633,4199,7832
202205,경춘선,대성리,2987,1107,4094
202205,경춘선,마석,3126,2965,6091
202205,경춘선,백양리,259,145,404
202205,경춘선,별내,2046,2019,4065
202205,경춘선,사릉,1622,1557,3179
202205,경춘선,상천,641,423,1064
202205,경춘선,신내,1195,1221,2416
202205,경춘선,천마산,1334,1328,2662
202205,경춘선,청평,2803,1722,4525
202205,경춘선,춘천,2296,2028,4324
202205,경춘선,퇴계원,2394,2187,4581
202205,경춘선,평내호평,4229,4134,8363
202205,경춘선,가평,2805,3438,6243
202205,경춘선,갈매,2271,1960,4231
202205,경춘선,강촌,959,1101,2060
202205,경춘선,굴봉산,242,255,497
202205,경춘선,금곡,1393,1287,2680
202205,경춘선,김유정,710,911,1621
202205,경춘선,남춘천,3616,4123,7739
202205,경춘선,대성리,2751,2754,5505
202205,경춘선,마석,4370,4395,8765
202205,경춘선,백양리,240,223,463
202205,경춘선,별내,2624,2450,5074
202205,경춘선,사릉,2135,1974,4109
202205,경춘선,상천,668,548,1216
202205,경춘선,신내,1531,1486,3017
202205,경춘선,천마산,1674,1635,3309
202205,경춘선,청평,2447,2715,5162
202205,경춘선,춘천,2780,2351,5131
202205,경춘선,퇴계원,3095,2733,5828
202205,경춘선,평내호평,5650,5447,11097
202205,경춘선,가평,3042,2010,5052
202205,경춘선,갈매,1567,1411,2978
202205,경춘선,강촌,1062,719,1781
202205,경춘선,굴봉산,292,264,556
202205,경춘선,금곡,1029,967,1996
202205,경춘선,김유정,480,505,985
202205,경춘선,남춘천,2826,3427,6253
202205,경춘선,대성리,2407,817,3224
202205,경춘선,마석,2864,2744,5608
202205,경춘선,백양리,207,129,336
202205,경춘선,별내,1930,1821,3751
202205,경춘선,사릉,1588,1477,3065
202205,경춘선,상천,647,439,1086
202205,경춘선,신내,1103,1107,2210
202205,경춘선,천마산,1255,1251,2506
202205,경춘선,청평,2352,1513,3865
202205,경춘선,춘천,2317,1901,4218
202205,경춘선,퇴계원,2357,2073,4430
202205,경춘선,평내호평,4022,3850,7872
202206,경춘선,가평,2605,3479,6084
202206,경춘선,갈매,2179,1807,3986
202206,경춘선,강촌,798,941,1739
202206,경춘선,굴봉산,271,283,554
202206,경춘선,금곡,1332,1258,2590
202206,경춘선,김유정,611,823,1434
202206,경춘선,남춘천,3367,4026,7393
202206,경춘선,대성리,1556,1752,3308
202206,경춘선,마석,3657,3615,7272
202206,경춘선,백양리,167,139,306
202206,경춘선,별내,2541,2360,4901
202206,경춘선,사릉,1909,1828,3737
202206,경춘선,상천,506,472,978
202206,경춘선,신내,1450,1342,2792
202206,경춘선,천마산,1540,1514,3054
202206,경춘선,청평,2208,2545,4753
202206,경춘선,춘천,2745,2535,5280
202206,경춘선,퇴계원,2830,2544,5374
202206,경춘선,평내호평,5122,4901,10023
202206,경춘선,가평,3050,2742,5792
202206,경춘선,갈매,1652,1406,3058
202206,경춘선,강촌,1026,842,1868
202206,경춘선,굴봉산,349,290,639
202206,경춘선,금곡,956,897,1853
202206,경춘선,김유정,726,846,1572
202206,경춘선,남춘천,2841,3153,5994
202206,경춘선,대성리,1558,1363,2921
202206,경춘선,마석,2908,2839,5747
202206,경춘선,백양리,103,96,199
202206,경춘선,별내,1960,1869,3829
202206,경춘선,사릉,1455,1487,2942
202206,경춘선,상천,621,522,1143
202206,경춘선,신내,1095,1088,2183
202206,경춘선,천마산,1277,1212,2489
202206,경춘선,청평,2181,2013,4194
202206,경춘선,춘천,2848,2109,4957
202206,경춘선,퇴계원,2302,2047,4349
202206,경춘선,평내호평,3810,3669,7479
202206,경춘선,가평,2618,3150,5768
202206,경춘선,갈매,2210,1925,4135
202206,경춘선,강촌,706,870,1576
202206,경춘선,굴봉산,408,1000,1408
202206,경춘선,금곡,1319,1211,2530
202206,경춘선,김유정,567,726,1293
202206,경춘선,남춘천,3136,3563,6699
202206,경춘선,대성리,1103,1045,2148
202206,경춘선,마석,3555,3467,7022
202206,경춘선,백양리,133,182,315
202206,경춘선,별내,2591,2420,5011
202206,경춘선,사릉,1979,1900,3879
202206,경춘선,상천,497,453,950
202206,경춘선,신내,1500,1384,2884
202206,경춘선,천마산,1537,1482,3019
202206,경춘선,청평,2411,2579,4990
202206,경춘선,춘천,2301,2019,4320
202206,경춘선,퇴계원,2777,2594,5371
202206,경춘선,평내호평,5054,4965,10019
202206,경춘선,가평,2859,2275,5134
202206,경춘선,갈매,1565,1433,2998
202206,경춘선,강촌,936,659,1595
202206,경춘선,굴봉산,1086,298,1384
202206,경춘선,금곡,1041,980,2021
202206,경춘선,김유정,566,651,1217
202206,경춘선,남춘천,3434,3823,7257
202206,경춘선,대성리,1076,678,1754
202206,경춘선,마석,2809,2818,5627
202206,경춘선,백양리,156,125,281
202206,경춘선,별내,2023,1905,3928
202206,경춘선,사릉,1520,1477,2997
202206,경춘선,상천,553,365,918
202206,경춘선,신내,1130,1153,2283
202206,경춘선,천마산,1303,1228,2531
202206,경춘선,청평,2182,1761,3943
202206,경춘선,춘천,2390,1762,4152
202206,경춘선,퇴계원,2227,2074,4301
202206,경춘선,평내호평,3763,3691,7454
202206,경춘선,가평,2665,3452,6117
202206,경춘선,갈매,2173,1821,3994
202206,경춘선,강촌,725,875,1600
202206,경춘선,굴봉산,208,203,411
202206,경춘선,금곡,1368,1252,2620
202206,경춘선,김유정,632,752,1384
202206,경춘선,남춘천,3384,3749,7133
202206,경춘선,대성리,1661,1682,3343
202206,경춘선,마석,4078,4051,8129
202206,경춘선,백양리,141,120,261
202206,경춘선,별내,2673,2462,5135
202206,경춘선,사릉,1998,1866,3864
202206,경춘선,상천,513,483,996
202206,경춘선,신내,1479,1331,2810
202206,경춘선,천마산,1570,1464,3034
202206,경춘선,청평,2161,2410,4571
202206,경춘선,춘천,2373,2085,4458
202206,경춘선,퇴계원,2933,2569,5502
202206,경춘선,평내호평,5420,5195,10615
202206,경춘선,가평,2951,2171,5122
202206,경춘선,갈매,1584,1393,2977
202206,경춘선,강촌,933,590,1523
202206,경춘선,굴봉산,269,276,545
202206,경춘선,금곡,1008,967,1975
202206,경춘선,김유정,562,578,1140
202206,경춘선,남춘천,2725,2863,5588
202206,경춘선,대성리,1641,752,2393
202206,경춘선,마석,2843,2795,5638
202206,경춘선,백양리,111,100,211
202206,경춘선,별내,1984,1894,3878
202206,경춘선,사릉,1420,1450,2870
202206,경춘선,상천,598,486,1084
202206,경춘선,신내,1145,1075,2220
202206,경춘선,천마산,1234,1138,2372
202206,경춘선,청평,2149,1701,3850
202206,경춘선,춘천,2246,1580,3826
202206,경춘선,퇴계원,2152,2020,4172
202206,경춘선,평내호평,3639,3505,7144
202206,경춘선,가평,3214,3983,7197
202206,경춘선,갈매,2214,1941,4155
202206,경춘선,강촌,920,1009,1929
202206,경춘선,굴봉산,229,253,482
202206,경춘선,금곡,1342,1291,2633
202206,경춘선,김유정,546,689,1235
202206,경춘선,남춘천,3455,3728,7183
202206,경춘선,대성리,2834,2480,5314
202206,경춘선,마석,3805,3546,7351
202206,경춘선,백양리,174,191,365
202206,경춘선,별내,2538,2414,4952
202206,경춘선,사릉,1925,1870,3795
202206,경춘선,상천,760,477,1237
202206,경춘선,신내,1487,1386,2873
202206,경춘선,천마산,1600,1496,3096
202206,경춘선,청평,2955,2943,5898
202206,경춘선,춘천,2307,2059,4366
202206,경춘선,퇴계원,2859,2583,5442
202206,경춘선,평내호평,5240,5056,10296
202206,경춘선,가평,2980,2079,5059
202206,경춘선,갈매,1493,1273,2766
202206,경춘선,강촌,996,625,1621
202206,경춘선,굴봉산,213,193,406
202206,경춘선,금곡,976,921,1897
202206,경춘선,김유정,423,412,835
202206,경춘선,남춘천,2789,2659,5448
202206,경춘선,대성리,2189,1519,3708
202206,경춘선,마석,2646,2640,5286
202206,경춘선,백양리,168,127,295
202206,경춘선,별내,1853,1731,3584
202206,경춘선,사릉,1342,1366,2708
202206,경춘선,상천,377,301,678
202206,경춘선,신내,1016,1000,2016
202206,경춘선,천마산,1116,1115,2231
202206,경춘선,청평,2553,1895,4448
202206,경춘선,춘천,1925,1403,3328
202206,경춘선,퇴계원,2044,1859,3903
202206,경춘선,평내호평,3440,3384,6824
202207,경춘선,가평,3033,3794,6827
202207,경춘선,갈매,2145,1723,3868
202207,경춘선,강촌,866,932,1798
202207,경춘선,굴봉산,244,244,488
202207,경춘선,금곡,1213,1131,2344
202207,경춘선,김유정,539,630,1169
202207,경춘선,남춘천,3788,4176,7964
202207,경춘선,대성리,2493,1882,4375
202207,경춘선,마석,3525,3503,7028
202207,경춘선,백양리,159,180,339
202207,경춘선,별내,2497,2330,4827
202207,경춘선,사릉,1729,1728,3457
202207,경춘선,상천,520,488,1008
202207,경춘선,신내,1456,1417,2873
202207,경춘선,천마산,1541,1394,2935
202207,경춘선,청평,2568,2773,5341
202207,경춘선,춘천,2067,1965,4032
202207,경춘선,퇴계원,3022,2874,5896
202207,경춘선,평내호평,5100,4912,10012
202207,경춘선,가평,3263,2229,5492
202207,경춘선,갈매,1394,1278,2672
202207,경춘선,강촌,915,546,1461
202207,경춘선,굴봉산,230,169,399
202207,경춘선,금곡,980,863,1843
202207,경춘선,김유정,391,423,814
202207,경춘선,남춘천,2819,2800,5619
202207,경춘선,대성리,1941,932,2873
202207,경춘선,마석,2973,2915,5888
202207,경춘선,백양리,168,119,287
202207,경춘선,별내,1768,1732,3500
202207,경춘선,사릉,1331,1328,2659
202207,경춘선,상천,607,495,1102
202207,경춘선,신내,1025,1059,2084
202207,경춘선,천마산,1173,1120,2293
202207,경춘선,청평,2313,1676,3989
202207,경춘선,춘천,2083,1538,3621
202207,경춘선,퇴계원,1997,1929,3926
202207,경춘선,평내호평,3536,3471,7007
202207,경춘선,가평,3208,4472,7680
202207,경춘선,갈매,2148,1765,3913
202207,경춘선,강촌,745,872,1617
202207,경춘선,굴봉산,198,209,407
202207,경춘선,금곡,1187,1086,2273
202207,경춘선,김유정,496,625,1121
202207,경춘선,남춘천,3149,3382,6531
202207,경춘선,대성리,1932,1669,3601
202207,경춘선,마석,3575,3474,7049
202207,경춘선,백양리,108,170,278
202207,경춘선,별내,2508,2323,4831
202207,경춘선,사릉,1891,1801,3692
202207,경춘선,상천,401,373,774
202207,경춘선,신내,1425,1374,2799
202207,경춘선,천마산,1462,1366,2828
202207,경춘선,청평,2292,2703,4995
202207,경춘선,춘천,2114,1954,4068
202207,경춘선,퇴계원,2769,2416,5185
202207,경춘선,평내호평,4987,4851,9838
202207,경춘선,가평,3780,2494,6274
202207,경춘선,갈매,1504,1245,2749
202207,경춘선,강촌,1006,557,1563
202207,경춘선,굴봉산,288,174,462
202207,경춘선,금곡,908,895,1803
202207,경춘선,김유정,414,441,855
202207,경춘선,남춘천,2789,2731,5520
202207,경춘선,대성리,1568,938,2506
202207,경춘선,마석,2839,2749,5588
202207,경춘선,백양리,194,127,321
202207,경춘선,별내,1899,1775,3674
202207,경춘선,사릉,1357,1401,2758
202207,경춘선,상천,418,332,750
202207,경춘선,신내,1013,1081,2094
202207,경춘선,천마산,1117,1109,2226
202207,경춘선,청평,2442,1665,4107
202207,경춘선,춘천,2181,1589,3770
202207,경춘선,퇴계원,2028,1962,3990
202207,경춘선,평내호평,3615,3419,7034
202207,경춘선,가평,2885,3875,6760
202207,경춘선,갈매,2026,1755,3781
202207,경춘선,강촌,672,823,1495
202207,경춘선,굴봉산,193,186,379
202207,경춘선,금곡,1130,1065,2195
202207,경춘선,김유정,457,501,958
202207,경춘선,남춘천,2851,3144,5995
202207,경춘선,대성리,1560,1464,3024
202207,경춘선,마석,3425,3282,6707
202207,경춘선,백양리,136,113,249
202207,경춘선,별내,2309,2142,4451
202207,경춘선,사릉,1734,1630,3364
202207,경춘선,상천,400,341,741
202207,경춘선,신내,1372,1300,2672
202207,경춘선,천마산,1342,1320,2662
202207,경춘선,청평,2288,2568,4856
202207,경춘선,춘천,1839,1593,3432
202207,경춘선,퇴계원,2574,2360,4934
202207,경춘선,평내호평,4696,4645,9341
202207,경춘선,가평,3265,2300,5565
202207,경춘선,갈매,1509,1326,2835
202207,경춘선,강촌,1012,536,1548
202207,경춘선,굴봉산,255,171,426
202207,경춘선,금곡,992,872,1864
202207,경춘선,김유정,407,404,811
202207,경춘선,남춘천,3137,3090,6227
202207,경춘선,대성리,1457,932,2389
202207,경춘선,마석,2820,2811,5631
202207,경춘선,백양리,186,108,294
202207,경춘선,별내,1888,1787,3675
202207,경춘선,사릉,1292,1363,2655
202207,경춘선,상천,499,413,912
202207,경춘선,신내,1013,1078,2091
202207,경춘선,천마산,1159,1064,2223
202207,경춘선,청평,2269,1679,3948
202207,경춘선,춘천,1959,1454,3413
202207,경춘선,퇴계원,2024,1910,3934
202207,경춘선,평내호평,3596,3582,7178
202207,경춘선,가평,2944,4085,7029
202207,경춘선,갈매,2069,1857,3926
202207,경춘선,강촌,742,757,1499
202207,경춘선,굴봉산,190,188,378
202207,경춘선,금곡,1131,1080,2211
202207,경춘선,김유정,454,541,995
202207,경춘선,남춘천,2719,3039,5758
202207,경춘선,대성리,1396,1469,2865
202207,경춘선,마석,3845,3587,7432
202207,경춘선,백양리,135,151,286
202207,경춘선,별내,2390,2231,4621
202207,경춘선,사릉,1635,1570,3205
202207,경춘선,상천,401,355,756
202207,경춘선,신내,1398,1342,2740
202207,경춘선,천마산,1357,1296,2653
202207,경춘선,청평,2195,2539,4734
202207,경춘선,춘천,1818,1631,3449
202207,경춘선,퇴계원,2593,2284,4877
202207,경춘선,평내호평,4672,4494,9166
202207,경춘선,가평,3249,2156,5405
202207,경춘선,갈매,1444,1229,2673
202207,경춘선,강촌,743,479,1222
202207,경춘선,굴봉산,204,131,335
202207,경춘선,금곡,887,815,1702
202207,경춘선,김유정,429,394,823
202207,경춘선,남춘천,2477,2345,4822
202207,경춘선,대성리,1195,979,2174
202207,경춘선,마석,2654,2573,5227
202207,경춘선,백양리,140,108,248
202207,경춘선,별내,1794,1692,3486
202207,경춘선,사릉,1274,1269,2543
202207,경춘선,상천,316,264,580
202207,경춘선,신내,991,1039,2030
202207,경춘선,천마산,1072,1030,2102
202207,경춘선,청평,2222,1529,3751
202207,경춘선,춘천,1639,1249,2888
202207,경춘선,퇴계원,1952,1894,3846
202207,경춘선,평내호평,3415,3347,6762
202207,경춘선,가평,3291,4377,7668
202207,경춘선,갈매,1729,1429,3158
202207,경춘선,강촌,752,819,1571
202207,경춘선,굴봉산,241,222,463
202207,경춘선,금곡,1042,952,1994
202207,경춘선,김유정,384,406,790
202207,경춘선,남춘천,2985,3346,6331
202207,경춘선,대성리,1380,1288,2668
202207,경춘선,마석,3211,3120,6331
202207,경춘선,백양리,185,202,387
202207,경춘선,별내,2172,1983,4155
202207,경춘선,사릉,1518,1519,3037
202207,경춘선,상천,407,448,855
202207,경춘선,신내,1247,1143,2390
202207,경춘선,천마산,1236,1182,2418
202207,경춘선,청평,2207,2475,4682
202207,경춘선,춘천,1952,1871,3823
202207,경춘선,퇴계원,2416,2122,4538
202207,경춘선,평내호평,4197,4063,8260
202207,경춘선,가평,3500,2293,5793
202207,경춘선,갈매,1215,1076,2291
202207,경춘선,강촌,882,516,1398
202207,경춘선,굴봉산,270,173,443
202207,경춘선,금곡,795,738,1533
202207,경춘선,김유정,381,345,726
202207,경춘선,남춘천,2576,2481,5057
202207,경춘선,대성리,1226,649,1875
202207,경춘선,마석,2342,2312,4654
202207,경춘선,백양리,171,121,292
202207,경춘선,별내,1516,1463,2979
202207,경춘선,사릉,1138,1171,2309
202207,경춘선,상천,348,269,617
202207,경춘선,신내,842,951,1793
202207,경춘선,천마산,962,884,1846
202207,경춘선,청평,2121,1504,3625
202207,경춘선,춘천,1985,1369,3354
202207,경춘선,퇴계원,1799,1738,3537
202207,경춘선,평내호평,3033,2928,5961
202208,경춘선,가평,2712,3790,6502
202208,경춘선,갈매,1787,1560,3347
202208,경춘선,강촌,647,748,1395
202208,경춘선,굴봉산,196,182,378
202208,경춘선,금곡,1034,937,1971
202208,경춘선,김유정,411,473,884
202208,경춘선,남춘천,2775,3055,5830
202208,경춘선,대성리,970,1280,2250
202208,경춘선,마석,2982,2988,5970
202208,경춘선,백양리,155,152,307
202208,경춘선,별내,2160,2000,4160
202208,경춘선,사릉,1538,1499,3037
202208,경춘선,상천,394,414,808
202208,경춘선,신내,1253,1185,2438
202208,경춘선,천마산,1220,1160,2380
202208,경춘선,청평,1919,2342,4261
202208,경춘선,춘천,1857,1681,3538
202208,경춘선,퇴계원,2279,2080,4359
202208,경춘선,평내호평,4401,4244,8645
202208,경춘선,가평,3453,2368,5821
202208,경춘선,갈매,1290,1175,2465
202208,경춘선,강촌,840,477,1317
202208,경춘선,굴봉산,270,206,476
202208,경춘선,금곡,855,851,1706
202208,경춘선,김유정,375,367,742
202208,경춘선,남춘천,3117,3047,6164
202208,경춘선,대성리,1227,792,2019
202208,경춘선,마석,2418,2413,4831
202208,경춘선,백양리,215,121,336
202208,경춘선,별내,1603,1549,3152
202208,경춘선,사릉,1174,1167,2341
202208,경춘선,상천,477,367,844
202208,경춘선,신내,928,941,1869
202208,경춘선,천마산,976,964,1940
202208,경춘선,청평,2199,1522,3721
202208,경춘선,춘천,1809,1325,3134
202208,경춘선,퇴계원,1839,1650,3489
202208,경춘선,평내호평,3205,3130,6335
202208,경춘선,가평,2806,3802,6608
202208,경춘선,갈매,1745,1485,3230
202208,경춘선,강촌,567,747,1314
202208,경춘선,굴봉산,161,137,298
202208,경춘선,금곡,1116,1018,2134
202208,경춘선,김유정,400,448,848
202208,경춘선,남춘천,2700,3178,5878
202208,경춘선,대성리,1097,1073,2170
202208,경춘선,마석,3378,3293,6671
202208,경춘선,백양리,126,127,253
202208,경춘선,별내,2062,1916,3978
202208,경춘선,사릉,1534,1472,3006
202208,경춘선,상천,311,288,599
202208,경춘선,신내,1266,1142,2408
202208,경춘선,천마산,1217,1181,2398
202208,경춘선,청평,1919,2307,4226
202208,경춘선,춘천,1763,1805,3568
202208,경춘선,퇴계원,2292,2076,4368
202208,경춘선,평내호평,4244,4090,8334
202208,경춘선,가평,3105,3224,6329
202208,경춘선,갈매,1345,1190,2535
202208,경춘선,강촌,859,627,1486
202208,경춘선,굴봉산,239,155,394
202208,경춘선,금곡,892,827,1719
202208,경춘선,김유정,468,481,949
202208,경춘선,남춘천,2570,2625,5195
202208,경춘선,대성리,1171,781,1952
202208,경춘선,마석,2523,2593,5116
202208,경춘선,백양리,203,113,316
202208,경춘선,별내,1758,1686,3444
202208,경춘선,사릉,1344,1237,2581
202208,경춘선,상천,360,329,689
202208,경춘선,신내,1030,950,1980
202208,경춘선,천마산,983,940,1923
202208,경춘선,청평,2052,1894,3946
202208,경춘선,춘천,2079,1699,3778
202208,경춘선,퇴계원,2047,1805,3852
202208,경춘선,평내호평,3249,3227,6476
202208,경춘선,가평,2824,4379,7203
202208,경춘선,갈매,2036,1705,3741
202208,경춘선,강촌,683,846,1529
202208,경춘선,굴봉산,222,216,438
202208,경춘선,금곡,1192,1055,2247
202208,경춘선,김유정,460,516,976
202208,경춘선,남춘천,2787,2921,5708
202208,경춘선,대성리,1121,1304,2425
202208,경춘선,마석,3198,3108,6306
202208,경춘선,백양리,140,176,316
202208,경춘선,별내,2200,2100,4300
202208,경춘선,사릉,1715,1590,3305
202208,경춘선,상천,437,435,872
202208,경춘선,신내,1320,1301,2621
202208,경춘선,천마산,1310,1242,2552
202208,경춘선,청평,2195,2586,4781
202208,경춘선,춘천,1798,1757,3555
202208,경춘선,퇴계원,2582,2291,4873
202208,경춘선,평내호평,4609,4484,9093
202208,경춘선,가평,3851,2647,6498
202208,경춘선,갈매,1453,1226,2679
202208,경춘선,강촌,981,548,1529
202208,경춘선,굴봉산,348,204,552
202208,경춘선,금곡,925,932,1857
202208,경춘선,김유정,506,482,988
202208,경춘선,남춘천,2584,2564,5148
202208,경춘선,대성리,1371,815,2186
202208,경춘선,마석,2569,2582,5151
202208,경춘선,백양리,223,115,338
202208,경춘선,별내,1828,1727,3555
202208,경춘선,사릉,1294,1315,2609
202208,경춘선,상천,630,491,1121
202208,경춘선,신내,1017,1034,2051
202208,경춘선,천마산,1118,1083,2201
202208,경춘선,청평,2512,1772,4284
202208,경춘선,춘천,2002,1430,3432
202208,경춘선,퇴계원,2103,1939,4042
202208,경춘선,평내호평,3475,3409,6884
202208,경춘선,가평,5286,7075,12361
202208,경춘선,갈매,2190,1877,4067
202208,경춘선,강촌,752,892,1644
202208,경춘선,굴봉산,182,231,413
202208,경춘선,금곡,1315,1154,2469
202208,경춘선,김유정,507,591,1098
202208,경춘선,남춘천,3913,4223,8136
202208,경춘선,대성리,1899,1737,3636
202208,경춘선,마석,4042,3833,7875
202208,경춘선,백양리,127,134,261
202208,경춘선,별내,2541,2334,4875
202208,경춘선,사릉,1914,1841,3755
202208,경춘선,상천,519,530,1049
202208,경춘선,신내,1526,1440,2966
202208,경춘선,천마산,1565,1460,3025
202208,경춘선,청평,2552,3019,5571
202208,경춘선,춘천,2440,2180,4620
202208,경춘선,퇴계원,2818,2536,5354
202208,경춘선,평내호평,5634,5283,10917
202208,경춘선,가평,4051,2507,6558
202208,경춘선,갈매,1596,1402,2998
202208,경춘선,강촌,1059,600,1659
202208,경춘선,굴봉산,271,215,486
202208,경춘선,금곡,1026,998,2024
202208,경춘선,김유정,539,511,1050
202208,경춘선,남춘천,2928,2932,5860
202208,경춘선,대성리,1518,1028,2546
202208,경춘선,마석,3492,3551,7043
202208,경춘선,백양리,149,107,256
202208,경춘선,별내,2113,1889,4002
202208,경춘선,사릉,1453,1494,2947
202208,경춘선,상천,515,378,893
202208,경춘선,신내,1129,1112,2241
202208,경춘선,천마산,1216,1175,2391
202208,경춘선,청평,2653,1782,4435
202208,경춘선,춘천,2134,1713,3847
202208,경춘선,퇴계원,2203,2027,4230
202208,경춘선,평내호평,3926,3786,7712
202209,경춘선,가평,4564,6374,10938
202209,경춘선,갈매,2254,1955,4209
202209,경춘선,강촌,827,921,1748
202209,경춘선,굴봉산,232,240,472
202209,경춘선,금곡,1351,1193,2544
202209,경춘선,김유정,503,631,1134
202209,경춘선,남춘천,3813,3700,7513
202209,경춘선,대성리,2427,2247,4674
202209,경춘선,마석,4296,4400,8696
202209,경춘선,백양리,138,117,255
202209,경춘선,별내,2625,2431,5056
202209,경춘선,사릉,2015,1965,3980
202209,경춘선,상천,551,488,1039
202209,경춘선,신내,1581,1397,2978
202209,경춘선,천마산,1540,1538,3078
202209,경춘선,청평,2423,2804,5227
202209,경춘선,춘천,2288,2051,4339
202209,경춘선,퇴계원,3017,2624,5641
202209,경춘선,평내호평,5427,5249,10676
202209,경춘선,가평,2561,1255,3816
202209,경춘선,갈매,1397,1225,2622
202209,경춘선,강촌,563,344,907
202209,경춘선,굴봉산,153,98,251
202209,경춘선,금곡,844,760,1604
202209,경춘선,김유정,244,253,497
202209,경춘선,남춘천,2166,2969,5135
202209,경춘선,대성리,1902,376,2278
202209,경춘선,마석,2411,2265,4676
202209,경춘선,백양리,111,57,168
202209,경춘선,별내,1622,1466,3088
202209,경춘선,사릉,1223,1138,2361
202209,경춘선,상천,366,286,652
202209,경춘선,신내,927,950,1877
202209,경춘선,천마산,922,865,1787
202209,경춘선,청평,1867,1079,2946
202209,경춘선,춘천,1377,1529,2906
202209,경춘선,퇴계원,1942,1780,3722
202209,경춘선,평내호평,3063,2865,5928
202209,경춘선,가평,2162,2206,4368
202209,경춘선,갈매,969,868,1837
202209,경춘선,강촌,661,527,1188
202209,경춘선,굴봉산,192,169,361
202209,경춘선,금곡,841,807,1648
202209,경춘선,김유정,424,523,947
202209,경춘선,남춘천,2293,2312,4605
202209,경춘선,대성리,569,470,1039
202209,경춘선,마석,2697,2534,5231
202209,경춘선,백양리,104,93,197
202209,경춘선,별내,1192,1135,2327
202209,경춘선,사릉,1221,1181,2402
202209,경춘선,상천,329,330,659
202209,경춘선,신내,808,696,1504
202209,경춘선,천마산,1030,971,2001
202209,경춘선,청평,1765,1564,3329
202209,경춘선,춘천,2113,1711,3824
202209,경춘선,퇴계원,1612,1467,3079
202209,경춘선,평내호평,2732,2723,5455
202209,경춘선,가평,2490,2058,4548
202209,경춘선,갈매,1359,1157,2516
202209,경춘선,강촌,833,674,1507
202209,경춘선,굴봉산,211,196,407
202209,경춘선,금곡,908,807,1715
202209,경춘선,김유정,647,660,1307
202209,경춘선,남춘천,2859,2719,5578
202209,경춘선,대성리,763,605,1368
202209,경춘선,마석,2732,2589,5321
202209,경춘선,백양리,123,115,238
202209,경춘선,별내,1702,1631,3333
202209,경춘선,사릉,1386,1389,2775
202209,경춘선,상천,508,430,938
202209,경춘선,신내,976,891,1867
202209,경춘선,천마산,1173,1081,2254
202209,경춘선,청평,1991,1686,3677
202209,경춘선,춘천,2637,1803,4440
202209,경춘선,퇴계원,2028,1737,3765
202209,경춘선,평내호평,3481,3370,6851
202209,경춘선,가평,2368,3204,5572
202209,경춘선,갈매,2230,1892,4122
202209,경춘선,강촌,807,866,1673
202209,경춘선,굴봉산,212,227,439
202209,경춘선,금곡,1261,1152,2413
202209,경춘선,김유정,524,626,1150
202209,경춘선,남춘천,4320,4497,8817
202209,경춘선,대성리,2115,2675,4790
202209,경춘선,마석,3535,3387,6922
202209,경춘선,백양리,175,183,358
202209,경춘선,별내,2471,2276,4747
202209,경춘선,사릉,1859,1825,3684
202209,경춘선,상천,519,603,1122
202209,경춘선,신내,1463,1386,2849
202209,경춘선,천마산,1484,1356,2840
202209,경춘선,청평,1930,2423,4353
202209,경춘선,춘천,2176,1878,4054
202209,경춘선,퇴계원,2711,2491,5202
202209,경춘선,평내호평,5013,4864,9877
202209,경춘선,가평,2678,1892,4570
202209,경춘선,갈매,1549,1368,2917
202209,경춘선,강촌,1027,713,1740
202209,경춘선,굴봉산,260,220,480
202209,경춘선,금곡,1052,1003,2055
202209,경춘선,김유정,477,508,985
202209,경춘선,남춘천,2649,3528,6177
202209,경춘선,대성리,2383,572,2955
202209,경춘선,마석,3199,3185,6384
202209,경춘선,백양리,173,126,299
202209,경춘선,별내,1918,1782,3700
202209,경춘선,사릉,1478,1461,2939
202209,경춘선,상천,700,553,1253
202209,경춘선,신내,1160,1146,2306
202209,경춘선,천마산,1222,1150,2372
202209,경춘선,청평,2328,1652,3980
202209,경춘선,춘천,2091,1977,4068
202209,경춘선,퇴계원,2216,1940,4156
202209,경춘선,평내호평,3843,3657,7500
202209,경춘선,가평,2694,3381,6075
202209,경춘선,갈매,2330,1997,4327
202209,경춘선,강촌,1010,930,1940
202209,경춘선,굴봉산,274,291,565
202209,경춘선,금곡,1338,1243,2581
202209,경춘선,김유정,705,941,1646
202209,경춘선,남춘천,3833,3983,7816
202209,경춘선,대성리,2278,2242,4520
202209,경춘선,마석,3923,3797,7720
202209,경춘선,백양리,413,522,935
202209,경춘선,별내,2624,2422,5046
202209,경춘선,사릉,1989,1888,3877
202209,경춘선,상천,735,553,1288
202209,경춘선,신내,1575,1519,3094
202209,경춘선,천마산,1583,1529,3112
202209,경춘선,청평,2279,2540,4819
202209,경춘선,춘천,2701,2393,5094
202209,경춘선,퇴계원,3004,2670,5674
202209,경춘선,평내호평,5172,4968,10140
202209,경춘선,가평,2764,2102,4866
202209,경춘선,갈매,1631,1475,3106
202209,경춘선,강촌,972,765,1737
202209,경춘선,굴봉산,304,229,533
202209,경춘선,금곡,997,1008,2005
202209,경춘선,김유정,565,610,1175
202209,경춘선,남춘천,2845,3753,6598
202209,경춘선,대성리,2068,792,2860
202209,경춘선,마석,2962,2895,5857
202209,경춘선,백양리,585,518,1103
202209,경춘선,별내,2089,1863,3952
202209,경춘선,사릉,1591,1525,3116
202209,경춘선,상천,589,456,1045
202209,경춘선,신내,1113,1063,2176
202209,경춘선,천마산,1354,1325,2679
202209,경춘선,청평,2243,1624,3867
202209,경춘선,춘천,2322,2065,4387
202209,경춘선,퇴계원,2258,2043,4301
202209,경춘선,평내호평,3971,3730,7701
202210,경춘선,가평,3560,4615,8175
202210,경춘선,갈매,2210,1934,4144
202210,경춘선,강촌,966,1037,2003
202210,경춘선,굴봉산,249,254,503
202210,경춘선,금곡,1289,1222,2511
202210,경춘선,김유정,661,909,1570
202210,경춘선,남춘천,4001,4598,8599
202210,경춘선,대성리,1944,2809,4753
202210,경춘선,마석,4089,3840,7929
202210,경춘선,백양리,111,193,304
202210,경춘선,별내,2582,2471,5053
202210,경춘선,사릉,1956,1886,3842
202210,경춘선,상천,574,604,1178
202210,경춘선,신내,1485,1360,2845
202210,경춘선,천마산,1611,1588,3199
202210,경춘선,청평,2327,2802,5129
202210,경춘선,춘천,2965,2729,5694
202210,경춘선,퇴계원,2892,2581,5473
202210,경춘선,평내호평,5402,5139,10541
202210,경춘선,가평,3434,3345,6779
202210,경춘선,갈매,1568,1345,2913
202210,경춘선,강촌,918,833,1751
202210,경춘선,굴봉산,270,226,496
202210,경춘선,금곡,1027,920,1947
202210,경춘선,김유정,753,754,1507
202210,경춘선,남춘천,3822,4250,8072
202210,경춘선,대성리,2333,1498,3831
202210,경춘선,마석,2874,2726,5600
202210,경춘선,백양리,186,149,335
202210,경춘선,별내,1879,1721,3600
202210,경춘선,사릉,1386,1426,2812
202210,경춘선,상천,554,483,1037
202210,경춘선,신내,1076,1081,2157
202210,경춘선,천마산,1262,1183,2445
202210,경춘선,청평,2164,1875,4039
202210,경춘선,춘천,2416,1978,4394
202210,경춘선,퇴계원,2304,2011,4315
202210,경춘선,평내호평,3663,3471,7134
202210,경춘선,가평,3072,3716,6788
202210,경춘선,갈매,2467,2047,4514
202210,경춘선,강촌,799,973,1772
202210,경춘선,굴봉산,269,265,534
202210,경춘선,금곡,1446,1372,2818
202210,경춘선,김유정,791,913,1704
202210,경춘선,남춘천,3908,4455,8363
202210,경춘선,대성리,1350,1431,2781
202210,경춘선,마석,4945,4658,9603
202210,경춘선,백양리,149,135,284
202210,경춘선,별내,2890,2552,5442
202210,경춘선,사릉,2220,1956,4176
202210,경춘선,상천,593,540,1133
202210,경춘선,신내,1582,1476,3058
202210,경춘선,천마산,1711,1668,3379
202210,경춘선,청평,2338,2630,4968
202210,경춘선,춘천,3203,2889,6092
202210,경춘선,퇴계원,3147,2823,5970
202210,경춘선,평내호평,5887,5427,11314
202210,경춘선,가평,2056,1881,3937
202210,경춘선,갈매,1495,1314,2809
202210,경춘선,강촌,642,553,1195
202210,경춘선,굴봉산,173,158,331
202210,경춘선,금곡,768,772,1540
202210,경춘선,김유정,512,562,1074
202210,경춘선,남춘천,2730,2802,5532
202210,경춘선,대성리,1013,687,1700
202210,경춘선,마석,2589,2458,5047
202210,경춘선,백양리,93,66,159
202210,경춘선,별내,1673,1520,3193
202210,경춘선,사릉,1269,1269,2538
202210,경춘선,상천,278,276,554
202210,경춘선,신내,932,984,1916
202210,경춘선,천마산,1021,968,1989
202210,경춘선,청평,1750,1473,3223
202210,경춘선,춘천,1963,1575,3538
202210,경춘선,퇴계원,1979,1846,3825
202210,경춘선,평내호평,3259,3137,6396
202210,경춘선,가평,2861,3239,6100
202210,경춘선,갈매,2408,1991,4399
202210,경춘선,강촌,790,839,1629
202210,경춘선,굴봉산,304,283,587
202210,경춘선,금곡,1369,1197,2566
202210,경춘선,김유정,739,941,1680
202210,경춘선,남춘천,3595,4063,7658
202210,경춘선,대성리,816,855,1671
202210,경춘선,마석,4024,3720,7744
202210,경춘선,백양리,90,135,225
202210,경춘선,별내,2599,2421,5020
202210,경춘선,사릉,2024,1975,3999
202210,경춘선,상천,526,529,1055
202210,경춘선,신내,1576,1410,2986
202210,경춘선,천마산,1593,1498,3091
202210,경춘선,청평,2095,2229,4324
202210,경춘선,춘천,2703,2295,4998
202210,경춘선,퇴계원,3044,2744,5788
202210,경춘선,평내호평,5301,5001,10302
202210,경춘선,가평,2859,2395,5254
202210,경춘선,갈매,1650,1430,3080
202210,경춘선,강촌,910,646,1556
202210,경춘선,굴봉산,236,185,421
202210,경춘선,금곡,1004,922,1926
202210,경춘선,김유정,618,629,1247
202210,경춘선,남춘천,2919,3361,6280
202210,경춘선,대성리,751,549,1300
202210,경춘선,마석,2963,2811,5774
202210,경춘선,백양리,140,128,268
202210,경춘선,별내,1995,1832,3827
202210,경춘선,사릉,1510,1522,3032
202210,경춘선,상천,628,462,1090
202210,경춘선,신내,1114,1132,2246
202210,경춘선,천마산,1193,1173,2366
202210,경춘선,청평,1987,1572,3559
202210,경춘선,춘천,2318,1958,4276
202210,경춘선,퇴계원,2282,2133,4415
202210,경춘선,평내호평,3795,3720,7515
202210,경춘선,가평,3796,4248,8044
202210,경춘선,갈매,2349,1956,4305
202210,경춘선,강촌,914,1030,1944
202210,경춘선,굴봉산,251,262,513
202210,경춘선,금곡,1358,1330,2688
202210,경춘선,김유정,823,1037,1860
202210,경춘선,남춘천,4286,4913,9199
202210,경춘선,대성리,768,1063,1831
202210,경춘선,마석,4126,3851,7977
202210,경춘선,백양리,143,142,285
202210,경춘선,별내,2623,2471,5094
202210,경춘선,사릉,2065,2009,4074
202210,경춘선,상천,601,520,1121
202210,경춘선,신내,1585,1506,3091
202210,경춘선,천마산,1589,1621,3210
202210,경춘선,청평,2327,2345,4672
202210,경춘선,춘천,3046,2680,5726
202210,경춘선,퇴계원,3052,2730,5782
202210,경춘선,평내호평,5758,5446,11204
202210,경춘선,가평,3987,3124,7111
202210,경춘선,갈매,1788,1541,3329
202210,경춘선,강촌,1061,774,1835
202210,경춘선,굴봉산,261,193,454
202210,경춘선,금곡,1090,984,2074
202210,경춘선,김유정,657,752,1409
202210,경춘선,남춘천,3746,3874,7620
202210,경춘선,대성리,1192,599,1791
202210,경춘선,마석,3643,3557,7200
202210,경춘선,백양리,168,172,340
202210,경춘선,별내,1972,1873,3845
202210,경춘선,사릉,1691,1616,3307
202210,경춘선,상천,652,518,1170
202210,경춘선,신내,1224,1249,2473
202210,경춘선,천마산,1324,1229,2553
202210,경춘선,청평,2185,1734,3919
202210,경춘선,춘천,3650,3152,6802
202210,경춘선,퇴계원,2603,2311,4914
202210,경춘선,평내호평,4221,4055,8276
202210,경춘선,가평,4737,4963,9700
202210,경춘선,갈매,2231,1951,4182
202210,경춘선,강촌,1036,1108,2144
202210,경춘선,굴봉산,243,243,486
202210,경춘선,금곡,1378,1261,2639
202210,경춘선,김유정,781,952,1733
202210,경춘선,남춘천,4018,4479,8497
202210,경춘선,대성리,1780,2140,3920
202210,경춘선,마석,4305,3981,8286
202210,경춘선,백양리,177,196,373
202210,경춘선,별내,2675,2520,5195
202210,경춘선,사릉,2150,2067,4217
202210,경춘선,상천,722,625,1347
202210,경춘선,신내,1702,1534,3236
202210,경춘선,천마산,1651,1585,3236
202210,경춘선,청평,2333,2550,4883
202210,경춘선,춘천,3376,2900,6276
202210,경춘선,퇴계원,3170,2784,5954
202210,경춘선,평내호평,5752,5434,11186
202210,경춘선,가평,4367,3686,8053
202210,경춘선,갈매,1607,1418,3025
202210,경춘선,강촌,1085,784,1869
202210,경춘선,굴봉산,268,224,492
202210,경춘선,금곡,1023,972,1995
202210,경춘선,김유정,721,724,1445
202210,경춘선,남춘천,3070,3865,6935
202210,경춘선,대성리,1945,687,2632
202210,경춘선,마석,3053,3033,6086
202210,경춘선,백양리,144,121,265
202210,경춘선,별내,2002,1813,3815
202210,경춘선,사릉,1633,1600,3233
202210,경춘선,상천,780,588,1368
202210,경춘선,신내,1141,1182,2323
202210,경춘선,천마산,1275,1254,2529
202210,경춘선,청평,2418,1732,4150
202210,경춘선,춘천,2773,2334,5107
202210,경춘선,퇴계원,2341,2120,4461
202210,경춘선,평내호평,3978,3813,7791
202211,경춘선,가평,3663,4246,7909
202211,경춘선,갈매,2198,1825,4023
202211,경춘선,강촌,809,970,1779
202211,경춘선,굴봉산,224,201,425
202211,경춘선,금곡,1182,1059,2241
202211,경춘선,김유정,618,878,1496
202211,경춘선,남춘천,3253,3626,6879
202211,경춘선,대성리,1392,2315,3707
202211,경춘선,마석,3577,3455,7032
202211,경춘선,백양리,116,146,262
202211,경춘선,별내,2440,2282,4722
202211,경춘선,사릉,1798,1770,3568
202211,경춘선,상천,568,575,1143
202211,경춘선,신내,1408,1352,2760
202211,경춘선,천마산,1418,1385,2803
202211,경춘선,청평,2177,2363,4540
202211,경춘선,춘천,2460,2014,4474
202211,경춘선,퇴계원,2774,2517,5291
202211,경춘선,평내호평,5039,4795,9834
202211,경춘선,가평,3366,2486,5852
202211,경춘선,갈매,1611,1451,3062
202211,경춘선,강촌,947,645,1592
202211,경춘선,굴봉산,184,147,331
202211,경춘선,금곡,877,830,1707
202211,경춘선,김유정,582,581,1163
202211,경춘선,남춘천,2871,3566,6437
202211,경춘선,대성리,1985,510,2495
202211,경춘선,마석,2915,2683,5598
202211,경춘선,백양리,134,105,239
202211,경춘선,별내,1938,1828,3766
202211,경춘선,사릉,1568,1411,2979
202211,경춘선,상천,715,465,1180
202211,경춘선,신내,1147,1178,2325
202211,경춘선,천마산,1189,1165,2354
202211,경춘선,청평,2319,1613,3932
202211,경춘선,춘천,2373,2077,4450
202211,경춘선,퇴계원,2258,2063,4321
202211,경춘선,평내호평,3823,3564,7387
202211,경춘선,가평,2154,2520,4674
202211,경춘선,갈매,2050,1749,3799
202211,경춘선,강촌,504,677,1181
202211,경춘선,굴봉산,139,163,302
202211,경춘선,금곡,1134,1074,2208
202211,경춘선,김유정,533,650,1183
202211,경춘선,남춘천,3667,3736,7403
202211,경춘선,대성리,1642,2001,3643
202211,경춘선,마석,3520,3198,6718
202211,경춘선,백양리,88,85,173
202211,경춘선,별내,2176,2054,4230
202211,경춘선,사릉,1683,1647,3330
202211,경춘선,상천,403,394,797
202211,경춘선,신내,1338,1301,2639
202211,경춘선,천마산,1350,1314,2664
202211,경춘선,청평,1682,2110,3792
202211,경춘선,춘천,1931,1808,3739
202211,경춘선,퇴계원,2768,2391,5159
202211,경춘선,평내호평,4771,4556,9327
202211,경춘선,가평,2206,1585,3791
202211,경춘선,갈매,1442,1263,2705
202211,경춘선,강촌,652,367,1019
202211,경춘선,굴봉산,165,122,287
202211,경춘선,금곡,892,814,1706
202211,경춘선,김유정,422,425,847
202211,경춘선,남춘천,2625,3445,6070
202211,경춘선,대성리,1880,429,2309
202211,경춘선,마석,2984,2860,5844
202211,경춘선,백양리,97,74,171
202211,경춘선,별내,1773,1697,3470
202211,경춘선,사릉,1331,1273,2604
202211,경춘선,상천,363,283,646
202211,경춘선,신내,981,963,1944
202211,경춘선,천마산,1071,1037,2108
202211,경춘선,청평,2078,1446,3524
202211,경춘선,춘천,1793,1752,3545
202211,경춘선,퇴계원,2086,1885,3971
202211,경춘선,평내호평,3530,3277,6807
202211,경춘선,가평,2273,2533,4806
202211,경춘선,갈매,2086,1826,3912
202211,경춘선,강촌,785,706,1491
202211,경춘선,굴봉산,177,229,406
202211,경춘선,금곡,1203,1127,2330
202211,경춘선,김유정,529,674,1203
202211,경춘선,남춘천,3286,3541,6827
202211,경춘선,대성리,1171,2015,3186
202211,경춘선,마석,3688,3379,7067
202211,경춘선,백양리,102,100,202
202211,경춘선,별내,2461,2305,4766
202211,경춘선,사릉,1745,1708,3453
202211,경춘선,상천,327,359,686
202211,경춘선,신내,1488,1381,2869
202211,경춘선,천마산,1464,1397,2861
202211,경춘선,청평,2051,2236,4287
202211,경춘선,춘천,2056,1836,3892
202211,경춘선,퇴계원,2817,2506,5323
202211,경춘선,평내호평,4946,4761,9707
202211,경춘선,가평,2276,1772,4048
202211,경춘선,갈매,1661,1420,3081
202211,경춘선,강촌,783,523,1306
202211,경춘선,굴봉산,300,247,547
202211,경춘선,금곡,909,848,1757
202211,경춘선,김유정,557,656,1213
202211,경춘선,남춘천,2645,3443,6088
202211,경춘선,대성리,1792,470,2262
202211,경춘선,마석,2793,2687,5480
202211,경춘선,백양리,93,87,180
202211,경춘선,별내,1975,1764,3739
202211,경춘선,사릉,1452,1367,2819
202211,경춘선,상천,575,424,999
202211,경춘선,신내,1121,1096,2217
202211,경춘선,천마산,1196,1115,2311
202211,경춘선,청평,1922,1414,3336
202211,경춘선,춘천,1942,1867,3809
202211,경춘선,퇴계원,2205,1979,4184
202211,경춘선,평내호평,3622,3401,7023
202211,경춘선,가평,2035,2217,4252
202211,경춘선,갈매,2076,1734,3810
202211,경춘선,강촌,552,698,1250
202211,경춘선,굴봉산,148,152,300
202211,경춘선,금곡,1176,1113,2289
202211,경춘선,김유정,463,575,1038
202211,경춘선,남춘천,3411,3624,7035
202211,경춘선,대성리,897,1082,1979
202211,경춘선,마석,3568,3306,6874
202211,경춘선,백양리,87,112,199
202211,경춘선,별내,2415,2239,4654
202211,경춘선,사릉,1722,1692,3414
202211,경춘선,상천,327,309,636
202211,경춘선,신내,1328,1218,2546
202211,경춘선,천마산,1441,1324,2765
202211,경춘선,청평,1822,2039,3861
202211,경춘선,춘천,2000,1712,3712
202211,경춘선,퇴계원,2838,2606,5444
202211,경춘선,평내호평,4894,4640,9534
202211,경춘선,가평,1872,1493,3365
202211,경춘선,갈매,1474,1240,2714
202211,경춘선,강촌,651,421,1072
202211,경춘선,굴봉산,175,123,298
202211,경춘선,금곡,944,825,1769
202211,경춘선,김유정,380,389,769
202211,경춘선,남춘천,3067,3741,6808
202211,경춘선,대성리,927,431,1358
202211,경춘선,마석,2562,2341,4903
202211,경춘선,백양리,131,88,219
202211,경춘선,별내,1960,1614,3574
202211,경춘선,사릉,1358,1416,2774
202211,경춘선,상천,320,290,610
202211,경춘선,신내,1055,986,2041
202211,경춘선,천마산,1129,1024,2153
202211,경춘선,청평,1737,1303,3040
202211,경춘선,춘천,1629,1674,3303
202211,경춘선,퇴계원,2187,2122,4309
202211,경춘선,평내호평,3591,3267,6858
202212,경춘선,가평,1675,1841,3516
202212,경춘선,갈매,2157,1846,4003
202212,경춘선,강촌,387,386,773
202212,경춘선,굴봉산,79,113,192
202212,경춘선,금곡,1054,976,2030
202212,경춘선,김유정,337,389,726
202212,경춘선,남춘천,3002,3132,6134
202212,경춘선,대성리,669,611,1280
202212,경춘선,마석,3540,3224,6764
202212,경춘선,백양리,117,89,206
202212,경춘선,별내,2200,2020,4220
202212,경춘선,사릉,1593,1604,3197
202212,경춘선,상천,226,231,457
202212,경춘선,신내,1246,1194,2440
202212,경춘선,천마산,1343,1245,2588
202212,경춘선,청평,1520,1546,3066
202212,경춘선,춘천,1559,1328,2887
202212,경춘선,퇴계원,2638,2392,5030
202212,경춘선,평내호평,4679,4337,9016
202212,경춘선,가평,1533,1146,2679
202212,경춘선,갈매,1590,1311,2901
202212,경춘선,강촌,387,313,700
202212,경춘선,굴봉산,124,111,235
202212,경춘선,금곡,800,719,1519
202212,경춘선,김유정,318,303,621
202212,경춘선,남춘천,2156,2710,4866
202212,경춘선,대성리,535,318,853
202212,경춘선,마석,2251,2239,4490
202212,경춘선,백양리,69,56,125
202212,경춘선,별내,1605,1547,3152
202212,경춘선,사릉,1253,1147,2400
202212,경춘선,상천,324,313,637
202212,경춘선,신내,897,811,1708
202212,경춘선,천마산,978,928,1906
202212,경춘선,청평,1377,1102,2479
202212,경춘선,춘천,1383,1306,2689
202212,경춘선,퇴계원,1932,1772,3704
202212,경춘선,평내호평,3289,3024,6313
202212,경춘선,가평,1682,1873,3555
202212,경춘선,갈매,2117,1794,3911
202212,경춘선,강촌,473,485,958
202212,경춘선,굴봉산,144,202,346
202212,경춘선,금곡,1187,1084,2271
202212,경춘선,김유정,443,515,958
202212,경춘선,남춘천,3051,3045,6096
202212,경춘선,대성리,623,645,1268
202212,경춘선,마석,3482,3239,6721
202212,경춘선,백양리,330,347,677
202212,경춘선,별내,2361,2155,4516
202212,경춘선,사릉,1749,1673,3422
202212,경춘선,상천,276,247,523
202212,경춘선,신내,1314,1238,2552
202212,경춘선,천마산,1497,1405,2902
202212,경춘선,청평,1622,1708,3330
202212,경춘선,춘천,1660,1449,3109
202212,경춘선,퇴계원,2780,2485,5265
202212,경춘선,평내호평,4873,4646,9519
202212,경춘선,가평,1511,1266,2777
202212,경춘선,갈매,1508,1284,2792
202212,경춘선,강촌,487,340,827
202212,경춘선,굴봉산,153,149,302
202212,경춘선,금곡,817,842,1659
202212,경춘선,김유정,389,350,739
202212,경춘선,남춘천,2380,2708,5088
202212,경춘선,대성리,603,397,1000
202212,경춘선,마석,2557,2457,5014
202212,경춘선,백양리,264,187,451
202212,경춘선,별내,1854,1685,3539
202212,경춘선,사릉,1301,1275,2576
202212,경춘선,상천,246,166,412
202212,경춘선,신내,958,975,1933
202212,경춘선,천마산,1135,1047,2182
202212,경춘선,청평,1526,1359,2885
202212,경춘선,춘천,1420,1268,2688
202212,경춘선,퇴계원,2071,1893,3964
202212,경춘선,평내호평,3518,3431,6949
202212,경춘선,가평,1795,2002,3797
202212,경춘선,갈매,2115,1692,3807
202212,경춘선,강촌,417,433,850
202212,경춘선,굴봉산,119,166,285
202212,경춘선,금곡,1049,911,1960
202212,경춘선,김유정,349,387,736
202212,경춘선,남춘천,3472,3498,6970
202212,경춘선,대성리,762,826,1588
202212,경춘선,마석,3380,3135,6515
202212,경춘선,백양리,374,360,734
202212,경춘선,별내,2257,2133,4390
202212,경춘선,사릉,1649,1523,3172
202212,경춘선,상천,200,243,443
202212,경춘선,신내,1298,1200,2498
202212,경춘선,천마산,1318,1189,2507
202212,경춘선,청평,1601,1686,3287
202212,경춘선,춘천,1582,1521,3103
202212,경춘선,퇴계원,2697,2415,5112
202212,경춘선,평내호평,4613,4439,9052
202212,경춘선,가평,1578,1185,2763
202212,경춘선,갈매,1384,1169,2553
202212,경춘선,강촌,368,262,630
202212,경춘선,굴봉산,136,85,221
202212,경춘선,금곡,752,718,1470
202212,경춘선,김유정,218,195,413
202212,경춘선,남춘천,2077,2413,4490
202212,경춘선,대성리,782,370,1152
202212,경춘선,마석,2287,2274,4561
202212,경춘선,백양리,313,232,545
202212,경춘선,별내,1505,1388,2893
202212,경춘선,사릉,1143,1085,2228
202212,경춘선,상천,248,217,465
202212,경춘선,신내,901,881,1782
202212,경춘선,천마산,957,862,1819
202212,경춘선,청평,1288,1039,2327
202212,경춘선,춘천,1240,1128,2368
202212,경춘선,퇴계원,1884,1728,3612
202212,경춘선,평내호평,3053,2827,5880
202212,경춘선,가평,1577,1738,3315
202212,경춘선,갈매,1768,1474,3242
202212,경춘선,강촌,310,346,656
202212,경춘선,굴봉산,168,209,377
202212,경춘선,금곡,985,913,1898
202212,경춘선,김유정,310,348,658
202212,경춘선,남춘천,2675,2784,5459
202212,경춘선,대성리,468,366,834
202212,경춘선,마석,2893,2640,5533
202212,경춘선,백양리,374,283,657
202212,경춘선,별내,1998,1925,3923
202212,경춘선,사릉,1428,1301,2729
202212,경춘선,상천,127,137,264
202212,경춘선,신내,1050,1002,2052
202212,경춘선,천마산,1208,1115,2323
202212,경춘선,청평,1608,1420,3028
202212,경춘선,춘천,1382,1330,2712
202212,경춘선,퇴계원,2262,2012,4274
202212,경춘선,평내호평,4089,3945,8034
202212,경춘선,가평,1706,1676,3382
202212,경춘선,갈매,1421,1240,2661
202212,경춘선,강촌,400,281,681
202212,경춘선,굴봉산,135,112,247
202212,경춘선,금곡,801,783,1584
202212,경춘선,김유정,338,316,654
202212,경춘선,남춘천,2627,2648,5275
202212,경춘선,대성리,449,306,755
202212,경춘선,마석,2458,2279,4737
202212,경춘선,백양리,365,257,622
202212,경춘선,별내,1684,1562,3246
202212,경춘선,사릉,1150,1186,2336
202212,경춘선,상천,183,197,380
202212,경춘선,신내,958,930,1888
202212,경춘선,천마산,1015,878,1893
202212,경춘선,청평,1486,1302,2788
202212,경춘선,춘천,1464,1232,2696
202212,경춘선,퇴계원,1911,1686,3597
202212,경춘선,평내호평,3481,3393,6874
202212,경춘선,가평,1524,1860,3384
202212,경춘선,갈매,1677,1398,3075
202212,경춘선,강촌,438,459,897
202212,경춘선,굴봉산,141,197,338
202212,경춘선,금곡,1035,891,1926
202212,경춘선,김유정,378,416,794
202212,경춘선,남춘천,2507,2570,5077
202212,경춘선,대성리,473,419,892
202212,경춘선,마석,2924,2735,5659
202212,경춘선,백양리,341,287,628
202212,경춘선,별내,2093,1884,3977
202212,경춘선,사릉,1524,1431,2955
202212,경춘선,상천,229,219,448
202212,경춘선,신내,1121,1054,2175
202212,경춘선,천마산,1143,1084,2227
202212,경춘선,청평,1399,1555,2954
202212,경춘선,춘천,1281,1378,2659
202212,경춘선,퇴계원,2455,2140,4595
202212,경춘선,평내호평,4039,4033,8072
