사용월,호선명,지하철역,승차총승객수,하차총승객수,승하차총승객수
202201,분당선,가천대,2542,2988,5530
202201,분당선,강남구청,2024,2355,4379
202201,분당선,개포동,1114,1121,2235
202201,분당선,구룡,468,542,1010
202201,분당선,구성,1805,1908,3713
202201,분당선,기흥,3933,3873,7806
202201,분당선,대모산입구,1430,1409,2839
202201,분당선,도곡,1858,1799,3657
202201,분당선,망포,5250,5034,10284
202201,분당선,매교,1075,1049,2124
202201,분당선,매탄권선,2034,2085,4119
202201,분당선,모란,8977,9270,18247
202201,분당선,미금,5774,6011,11785
202201,분당선,보정,833,801,1634
202201,분당선,복정,1,0,1
202201,분당선,상갈,2335,2371,4706
202201,분당선,서울숲,3164,3292,6456
202201,분당선,서현,11052,10765,21817
202201,분당선,선릉,1980,2837,4817
202201,분당선,선정릉,1210,1218,2428
202201,분당선,수내,3887,3641,7528
202201,분당선,수서,5513,5557,11070
202201,분당선,수원,4789,4007,8796
202201,분당선,수원시청,6412,6209,12621
202201,분당선,신갈,1426,1522,2948
202201,분당선,압구정로데오,5891,6496,12387
202201,분당선,야탑,9563,10027,19590
202201,분당선,영통,4036,3958,7994
202201,분당선,오리,4144,3475,7619
202201,분당선,이매,2019,2134,4153
202201,분당선,정자,5621,5722,11343
202201,분당선,죽전,5099,5796,10895
202201,분당선,청명,1364,1469,2833
202201,분당선,태평,6305,5972,12277
202201,분당선,한티,5769,5517,11286
202201,분당선,가천대,2683,3491,6174
202201,분당선,강남구청,2477,2897,5374
202201,분당선,개포동,1563,1573,3136
202201,분당선,구룡,593,726,1319
202201,분당선,구성,2122,2214,4336
202201,분당선,기흥,4334,4047,8381
202201,분당선,대모산입구,1722,1658,3380
202201,분당선,도곡,2245,2214,4459
202201,분당선,망포,5471,6140,11611
202201,분당선,매교,1181,1214,2395
202201,분당선,매탄권선,2188,2179,4367
202201,분당선,모란,9397,9996,19393
202201,분당선,미금,6679,7192,13871
202201,분당선,보정,1000,965,1965
202201,분당선,상갈,2507,2595,5102
202201,분당선,서울숲,3821,3894,7715
202201,분당선,서현,13629,13575,27204
202201,분당선,선릉,2172,3237,5409
202201,분당선,선정릉,1515,1666,3181
202201,분당선,수내,5245,5244,10489
202201,분당선,수서,8247,6553,14800
202201,분당선,수원,5264,4461,9725
202201,분당선,수원시청,6127,6320,12447
202201,분당선,신갈,1669,1739,3408
202201,분당선,압구정로데오,8748,9297,18045
202201,분당선,야탑,12108,11987,24095
202201,분당선,영통,4147,4351,8498
202201,분당선,오리,4600,4018,8618
202201,분당선,이매,2819,2981,5800
202201,분당선,정자,6446,6937,13383
202201,분당선,죽전,7083,8152,15235
202201,분당선,청명,1723,1753,3476
202201,분당선,태평,6910,6727,13637
202201,분당선,한티,7690,7513,15203
202201,분당선,가천대,4623,5211,9834
202201,분당선,강남구청,5286,6380,11666
202201,분당선,개포동,2425,2491,4916
202201,분당선,구룡,1069,993,2062
202201,분당선,구성,3054,3213,6267
202201,분당선,기흥,6121,5883,12004
202201,분당선,대모산입구,2964,2755,5719
202201,분당선,도곡,4469,4046,8515
202201,분당선,망포,8752,8215,16967
202201,분당선,매교,1837,1984,3821
202201,분당선,매탄권선,3388,3179,6567
202201,분당선,모란,15114,15287,30401
202201,분당선,미금,10469,10634,21103
202201,분당선,보정,1506,1417,2923
202201,분당선,복정,1,0,1
202201,분당선,상갈,3475,3460,6935
202201,분당선,서울숲,6730,6964,13694
202201,분당선,서현,18436,18221,36657
202201,분당선,선릉,4793,7354,12147
202201,분당선,선정릉,3065,3109,6174
202201,분당선,수내,8638,8085,16723
202201,분당선,수서,9421,9846,19267
202201,분당선,수원,7141,5763,12904
202201,분당선,수원시청,10596,11350,21946
202201,분당선,신갈,2567,2621,5188
202201,분당선,압구정로데오,18679,20419,39098
202201,분당선,야탑,16582,17217,33799
202201,분당선,영통,6405,6309,12714
202201,분당선,오리,7277,6047,13324
202201,분당선,이매,3930,3847,7777
202201,분당선,정자,10266,10519,20785
202201,분당선,죽전,9566,10657,20223
202201,분당선,청명,2528,2514,5042
202201,분당선,태평,10189,9712,19901
202201,분당선,한티,11728,11264,22992
202201,분당선,가천대,3353,4040,7393
202201,분당선,강남구청,3063,3735,6798
202201,분당선,개포동,1754,1791,3545
202201,분당선,구룡,646,708,1354
202201,분당선,구성,2323,2442,4765
202201,분당선,기흥,4523,4415,8938
202201,분당선,대모산입구,2041,1931,3972
202201,분당선,도곡,2292,2282,4574
202201,분당선,망포,5911,6274,12185
202201,분당선,매교,1322,1212,2534
202201,분당선,매탄권선,2286,2336,4622
202201,분당선,모란,16461,17275,33736
202201,분당선,미금,7032,7350,14382
202201,분당선,보정,1040,983,2023
202201,분당선,상갈,2522,2675,5197
202201,분당선,서울숲,5020,5138,10158
202201,분당선,서현,14712,14520,29232
202201,분당선,선릉,2650,4017,6667
202201,분당선,선정릉,1855,1950,3805
202201,분당선,수내,5664,5523,11187
202201,분당선,수서,8149,7844,15993
202201,분당선,수원,5281,4221,9502
202201,분당선,수원시청,7058,7005,14063
202201,분당선,신갈,1776,1814,3590
202201,분당선,압구정로데오,10452,10941,21393
202201,분당선,야탑,12388,12567,24955
202201,분당선,영통,4489,4492,8981
202201,분당선,오리,5231,4542,9773
202201,분당선,이매,2876,3027,5903
202201,분당선,정자,6932,7265,14197
202201,분당선,죽전,6893,7888,14781
202201,분당선,청명,1762,1792,3554
202201,분당선,태평,7701,7297,14998
202201,분당선,한티,8249,7985,16234
202201,분당선,가천대,4541,5127,9668
202201,분당선,강남구청,5479,6521,12000
202201,분당선,개포동,2414,2414,4828
202201,분당선,구룡,1122,1073,2195
202201,분당선,구성,3205,3300,6505
202201,분당선,기흥,6449,6147,12596
202201,분당선,대모산입구,2930,2662,5592
202201,분당선,도곡,4177,3916,8093
202201,분당선,망포,8994,8472,17466
202201,분당선,매교,2066,2067,4133
202201,분당선,매탄권선,3237,3079,6316
202201,분당선,모란,15383,15505,30888
202201,분당선,미금,10196,10516,20712
202201,분당선,보정,1531,1413,2944
202201,분당선,상갈,3507,3577,7084
202201,분당선,서울숲,6942,7408,14350
202201,분당선,서현,18704,18411,37115
202201,분당선,선릉,5010,7712,12722
202201,분당선,선정릉,3078,3127,6205
202201,분당선,수내,8473,7854,16327
202201,분당선,수서,9816,10256,20072
202201,분당선,수원,6966,5700,12666
202201,분당선,수원시청,10981,11545,22526
202201,분당선,신갈,2617,2649,5266
202201,분당선,압구정로데오,19388,20829,40217
202201,분당선,야탑,16472,17238,33710
202201,분당선,영통,6389,6273,12662
202201,분당선,오리,7422,6366,13788
202201,분당선,이매,3828,3777,7605
202201,분당선,정자,10272,10592,20864
202201,분당선,죽전,9507,10666,20173
202201,분당선,청명,2579,2619,5198
202201,분당선,태평,10157,9792,19949
202201,분당선,한티,11928,11494,23422
202201,분당선,가천대,3237,3987,7224
202201,분당선,강남구청,3347,3898,7245
202201,분당선,개포동,1700,1782,3482
202201,분당선,구룡,703,743,1446
202201,분당선,구성,2293,2342,4635
202201,분당선,기흥,4575,4367,8942
202201,분당선,대모산입구,1853,1859,3712
202201,분당선,도곡,2464,2507,4971
202201,분당선,망포,6055,6424,12479
202201,분당선,매교,1394,1372,2766
202201,분당선,매탄권선,2261,2296,4557
202201,분당선,모란,10451,10717,21168
202201,분당선,미금,6897,7342,14239
202201,분당선,보정,1069,1034,2103
202201,분당선,상갈,2613,2650,5263
202201,분당선,서울숲,5316,5344,10660
202201,분당선,서현,14650,14319,28969
202201,분당선,선릉,2666,4150,6816
202201,분당선,선정릉,1953,2012,3965
202201,분당선,수내,5459,5416,10875
202201,분당선,수서,8150,7843,15993
202201,분당선,수원,5472,4389,9861
202201,분당선,수원시청,7343,7346,14689
202201,분당선,신갈,1764,1843,3607
202201,분당선,압구정로데오,10944,11470,22414
202201,분당선,야탑,12415,12658,25073
202201,분당선,영통,4774,4707,9481
202201,분당선,오리,5015,4237,9252
202201,분당선,이매,2825,2992,5817
202201,분당선,정자,7112,7273,14385
202201,분당선,죽전,7289,8395,15684
202201,분당선,청명,1809,1783,3592
202201,분당선,태평,7709,7292,15001
202201,분당선,한티,8329,8048,16377
202201,분당선,가천대,4786,5291,10077
202201,분당선,강남구청,5721,6795,12516
202201,분당선,개포동,2478,2388,4866
202201,분당선,구룡,1308,1161,2469
202201,분당선,구성,3072,3202,6274
202201,분당선,기흥,6276,6006,12282
202201,분당선,대모산입구,3153,2890,6043
202201,분당선,도곡,4464,4054,8518
202201,분당선,망포,9355,8605,17960
202201,분당선,매교,1996,2126,4122
202201,분당선,매탄권선,3351,3263,6614
202201,분당선,모란,15844,16038,31882
202201,분당선,미금,10522,10905,21427
202201,분당선,보정,1480,1423,2903
202201,분당선,상갈,3562,3559,7121
202201,분당선,서울숲,7269,7814,15083
202201,분당선,서현,18979,19054,38033
202201,분당선,선릉,5017,7990,13007
202201,분당선,선정릉,3352,3420,6772
202201,분당선,수내,8597,8155,16752
202201,분당선,수서,9901,10355,20256
202201,분당선,수원,7087,5789,12876
202201,분당선,수원시청,10834,11700,22534
202201,분당선,신갈,2566,2551,5117
202201,분당선,압구정로데오,19759,21549,41308
202201,분당선,야탑,17161,17994,35155
202201,분당선,영통,6401,6306,12707
202201,분당선,오리,7680,6440,14120
202201,분당선,이매,4137,4088,8225
202201,분당선,정자,10454,10669,21123
202201,분당선,죽전,9671,10734,20405
202201,분당선,청명,2488,2459,4947
202201,분당선,태평,10566,10023,20589
202201,분당선,한티,12369,12159,24528
202201,분당선,가천대,3605,4204,7809
202201,분당선,강남구청,3445,4068,7513
202201,분당선,개포동,1817,1800,3617
202201,분당선,구룡,707,770,1477
202201,분당선,구성,2224,2399,4623
202201,분당선,기흥,4708,4553,9261
202201,분당선,대모산입구,2138,1976,4114
202201,분당선,도곡,2451,2404,4855
202201,분당선,망포,6126,6451,12577
202201,분당선,매교,1403,1506,2909
202201,분당선,매탄권선,2350,2370,4720
202201,분당선,모란,10658,11076,21734
202201,분당선,미금,6936,7440,14376
202201,분당선,보정,1022,1083,2105
202201,분당선,복정,1,0,1
202201,분당선,상갈,2586,2724,5310
202201,분당선,서울숲,5480,5640,11120
202201,분당선,서현,14459,14366,28825
202201,분당선,선릉,2755,4159,6914
202201,분당선,선정릉,1916,1988,3904
202201,분당선,수내,5913,5690,11603
202201,분당선,수서,7955,7945,15900
202201,분당선,수원,5553,4508,10061
202201,분당선,수원시청,7529,7564,15093
202201,분당선,신갈,1858,1491,3349
202201,분당선,압구정로데오,11133,11625,22758
202201,분당선,야탑,12382,12591,24973
202201,분당선,영통,4594,4564,9158
202201,분당선,오리,5250,4625,9875
202201,분당선,이매,3101,3252,6353
202201,분당선,정자,7473,7663,15136
202201,분당선,죽전,7179,7958,15137
202201,분당선,청명,1877,1929,3806
202201,분당선,태평,7707,7424,15131
202201,분당선,한티,8357,7981,16338
202201,분당선,가천대,3654,3924,7578
202201,분당선,강남구청,3974,4613,8587
202201,분당선,개포동,1990,2008,3998
202201,분당선,구룡,871,851,1722
202201,분당선,구성,2725,2874,5599
202201,분당선,기흥,5324,5177,10501
202201,분당선,대모산입구,2538,2311,4849
202201,분당선,도곡,3571,3214,6785
202201,분당선,망포,7228,6597,13825
202201,분당선,매교,1582,1649,3231
202201,분당선,매탄권선,2658,2615,5273
202201,분당선,모란,19705,20113,39818
202201,분당선,미금,9309,9524,18833
202201,분당선,보정,1339,1301,2640
202201,분당선,상갈,3044,3160,6204
202201,분당선,서울숲,5322,5518,10840
202201,분당선,서현,16619,10052,26671
202201,분당선,선릉,3649,5354,9003
202201,분당선,선정릉,2377,2306,4683
202201,분당선,수내,7781,7191,14972
202201,분당선,수서,6539,7983,14522
202201,분당선,수원,6036,4957,10993
202201,분당선,수원시청,8191,8333,16524
202201,분당선,신갈,2169,2268,4437
202201,분당선,압구정로데오,14416,15832,30248
202201,분당선,야탑,14408,16053,30461
202201,분당선,영통,5376,5113,10489
202201,분당선,오리,6667,5595,12262
202201,분당선,이매,3295,3311,6606
202201,분당선,정자,8875,8816,17691
202201,분당선,죽전,8394,9168,17562
202201,분당선,청명,2006,2031,4037
202201,분당선,태평,9719,9268,18987
202201,분당선,한티,10510,10114,20624
202201,분당선,가천대,2649,2864,5513
202201,분당선,강남구청,2134,2396,4530
202201,분당선,개포동,1417,1428,2845
202201,분당선,구룡,539,545,1084
202201,분당선,구성,1846,2099,3945
202201,분당선,기흥,3803,3766,7569
202201,분당선,대모산입구,1550,1485,3035
202201,분당선,도곡,2069,1953,4022
202201,분당선,망포,4793,4542,9335
202201,분당선,매교,1147,1167,2314
202201,분당선,매탄권선,1954,1771,3725
202201,분당선,모란,9339,9401,18740
202201,분당선,미금,6084,6245,12329
202201,분당선,보정,897,842,1739
202201,분당선,상갈,2261,2311,4572
202201,분당선,서울숲,4061,3961,8022
202201,분당선,서현,12223,6876,19099
202201,분당선,선릉,1845,2608,4453
202201,분당선,선정릉,1331,1269,2600
202201,분당선,수내,4926,4670,9596
202201,분당선,수서,4683,5781,10464
202201,분당선,수원,4639,3918,8557
202201,분당선,수원시청,5544,5288,10832
202201,분당선,신갈,1560,1550,3110
202201,분당선,압구정로데오,8252,9008,17260
202201,분당선,야탑,10374,11590,21964
202201,분당선,영통,3891,3465,7356
202201,분당선,오리,4605,3800,8405
202201,분당선,이매,2327,2452,4779
202201,분당선,정자,5773,5630,11403
202201,분당선,죽전,6302,6896,13198
202201,분당선,청명,1526,1500,3026
202201,분당선,태평,7103,6779,13882
202201,분당선,한티,6987,6499,13486
202202,분당선,가천대,3854,4601,8455
202202,분당선,강남구청,4794,5702,10496
202202,분당선,개포동,2238,2224,4462
202202,분당선,구룡,836,855,1691
202202,분당선,구성,2621,2749,5370
202202,분당선,기흥,5503,5209,10712
202202,분당선,대모산입구,2454,2294,4748
202202,분당선,도곡,3531,3367,6898
202202,분당선,망포,7434,7273,14707
202202,분당선,매교,1510,1626,3136
202202,분당선,매탄권선,2668,2643,5311
202202,분당선,모란,13272,13640,26912
202202,분당선,미금,9348,9638,18986
202202,분당선,보정,1196,1168,2364
202202,분당선,상갈,2964,3021,5985
202202,분당선,서울숲,5899,6091,11990
202202,분당선,서현,16848,16715,33563
202202,분당선,선릉,4186,6544,10730
202202,분당선,선정릉,2706,2776,5482
202202,분당선,수내,7644,7322,14966
202202,분당선,수서,8595,8478,17073
202202,분당선,수원,5851,4786,10637
202202,분당선,수원시청,8914,9391,18305
202202,분당선,신갈,2160,2271,4431
202202,분당선,압구정로데오,17287,18729,36016
202202,분당선,야탑,14620,15197,29817
202202,분당선,영통,5372,5240,10612
202202,분당선,오리,6212,5188,11400
202202,분당선,이매,3408,3309,6717
202202,분당선,정자,9061,9314,18375
202202,분당선,죽전,8248,9169,17417
202202,분당선,청명,2170,2192,4362
202202,분당선,태평,8955,8513,17468
202202,분당선,한티,10760,10537,21297
202202,분당선,가천대,2838,3429,6267
202202,분당선,강남구청,2535,3193,5728
202202,분당선,개포동,1665,1787,3452
202202,분당선,구룡,570,665,1235
202202,분당선,구성,1829,2031,3860
202202,분당선,기흥,3906,3749,7655
202202,분당선,대모산입구,1846,1766,3612
202202,분당선,도곡,2104,2148,4252
202202,분당선,망포,5240,5511,10751
202202,분당선,매교,1124,1191,2315
202202,분당선,매탄권선,1994,2060,4054
202202,분당선,모란,9230,9412,18642
202202,분당선,미금,5919,6307,12226
202202,분당선,보정,891,869,1760
202202,분당선,상갈,2261,2383,4644
202202,분당선,서울숲,4395,4420,8815
202202,분당선,서현,12093,12097,24190
202202,분당선,선릉,2289,3480,5769
202202,분당선,선정릉,1606,1641,3247
202202,분당선,수내,4935,4824,9759
202202,분당선,수서,7261,6320,13581
202202,분당선,수원,4438,3630,8068
202202,분당선,수원시청,5851,5753,11604
202202,분당선,신갈,1565,1639,3204
202202,분당선,압구정로데오,9213,9582,18795
202202,분당선,야탑,11261,11351,22612
202202,분당선,영통,3959,4009,7968
202202,분당선,오리,4174,3733,7907
202202,분당선,이매,2456,2570,5026
202202,분당선,정자,6360,6372,12732
202202,분당선,죽전,6292,7273,13565
202202,분당선,청명,1509,1619,3128
202202,분당선,태평,6742,6370,13112
202202,분당선,한티,7327,7075,14402
202202,분당선,가천대,4315,4913,9228
202202,분당선,강남구청,5158,6367,11525
202202,분당선,개포동,2357,2361,4718
202202,분당선,구룡,1160,1033,2193
202202,분당선,구성,2933,3086,6019
202202,분당선,기흥,5838,5565,11403
202202,분당선,대모산입구,2704,2481,5185
202202,분당선,도곡,4247,3881,8128
202202,분당선,망포,8470,7788,16258
202202,분당선,매교,1910,1783,3693
202202,분당선,매탄권선,3264,3088,6352
202202,분당선,모란,14791,14780,29571
202202,분당선,미금,10017,10398,20415
202202,분당선,보정,1381,1351,2732
202202,분당선,복정,2,0,2
202202,분당선,상갈,3290,3242,6532
202202,분당선,서울숲,6685,6912,13597
202202,분당선,서현,17770,17861,35631
202202,분당선,선릉,4423,6958,11381
202202,분당선,선정릉,3207,3327,6534
202202,분당선,수내,7996,7523,15519
202202,분당선,수서,9159,9700,18859
202202,분당선,수원,6535,5480,12015
202202,분당선,수원시청,10177,10869,21046
202202,분당선,신갈,2411,2432,4843
202202,분당선,압구정로데오,18740,20415,39155
202202,분당선,야탑,15679,16400,32079
202202,분당선,영통,5823,5761,11584
202202,분당선,오리,6858,5580,12438
202202,분당선,이매,3698,3715,7413
202202,분당선,정자,9780,9968,19748
202202,분당선,죽전,9099,10228,19327
202202,분당선,청명,2372,2365,4737
202202,분당선,태평,9836,9445,19281
202202,분당선,한티,11694,11430,23124
202202,분당선,가천대,3122,3644,6766
202202,분당선,강남구청,2902,3532,6434
202202,분당선,개포동,1608,1638,3246
202202,분당선,구룡,593,636,1229
202202,분당선,구성,1998,2224,4222
202202,분당선,기흥,4325,4106,8431
202202,분당선,대모산입구,1795,1709,3504
202202,분당선,도곡,2245,2248,4493
202202,분당선,망포,5493,5755,11248
202202,분당선,매교,1305,1368,2673
202202,분당선,매탄권선,2166,2158,4324
202202,분당선,모란,10026,10165,20191
202202,분당선,미금,6471,6842,13313
202202,분당선,보정,947,903,1850
202202,분당선,상갈,2374,2451,4825
202202,분당선,서울숲,4921,4982,9903
202202,분당선,서현,13641,13508,27149
202202,분당선,선릉,2503,3823,6326
202202,분당선,선정릉,1896,1935,3831
202202,분당선,수내,5164,5116,10280
202202,분당선,수서,7607,7210,14817
202202,분당선,수원,5003,4037,9040
202202,분당선,수원시청,6773,6759,13532
202202,분당선,신갈,1661,1736,3397
202202,분당선,압구정로데오,10369,10989,21358
202202,분당선,야탑,11436,12015,23451
202202,분당선,영통,4091,4030,8121
202202,분당선,오리,4699,4050,8749
202202,분당선,이매,2946,2929,5875
202202,분당선,정자,6733,6965,13698
202202,분당선,죽전,6497,7301,13798
202202,분당선,청명,1779,1815,3594
202202,분당선,태평,7332,6960,14292
202202,분당선,한티,7664,7440,15104
202202,분당선,가천대,4400,4931,9331
202202,분당선,강남구청,5305,6348,11653
202202,분당선,개포동,2413,2383,4796
202202,분당선,구룡,1071,1028,2099
202202,분당선,구성,2847,3074,5921
202202,분당선,기흥,5707,5605,11312
202202,분당선,대모산입구,2714,2547,5261
202202,분당선,도곡,4404,3815,8219
202202,분당선,망포,8164,7549,15713
202202,분당선,매교,1809,1804,3613
202202,분당선,매탄권선,2986,2854,5840
202202,분당선,모란,19649,20392,40041
202202,분당선,미금,9507,9903,19410
202202,분당선,보정,1414,1335,2749
202202,분당선,복정,1,0,1
202202,분당선,상갈,3169,3202,6371
202202,분당선,서울숲,6222,6408,12630
202202,분당선,서현,17895,17672,35567
202202,분당선,선릉,4754,7400,12154
202202,분당선,선정릉,3232,3302,6534
202202,분당선,수내,7827,7483,15310
202202,분당선,수서,9268,9621,18889
202202,분당선,수원,6114,5329,11443
202202,분당선,수원시청,9807,10131,19938
202202,분당선,신갈,2303,2364,4667
202202,분당선,압구정로데오,17529,18875,36404
202202,분당선,야탑,16008,16585,32593
202202,분당선,영통,5866,5790,11656
202202,분당선,오리,6919,5737,12656
202202,분당선,이매,3627,3728,7355
202202,분당선,정자,9641,9839,19480
202202,분당선,죽전,8915,9989,18904
202202,분당선,청명,2237,2295,4532
202202,분당선,태평,9907,9461,19368
202202,분당선,한티,11298,11141,22439
202202,분당선,가천대,3056,3660,6716
202202,분당선,강남구청,3086,3748,6834
202202,분당선,개포동,1527,1590,3117
202202,분당선,구룡,627,657,1284
202202,분당선,구성,2014,2235,4249
202202,분당선,기흥,4275,4163,8438
202202,분당선,대모산입구,1840,1816,3656
202202,분당선,도곡,2289,2362,4651
202202,분당선,망포,5341,5692,11033
202202,분당선,매교,1121,1155,2276
202202,분당선,매탄권선,2064,2076,4140
202202,분당선,모란,9507,9726,19233
202202,분당선,미금,6090,6611,12701
202202,분당선,보정,886,875,1761
202202,분당선,상갈,2327,2409,4736
202202,분당선,서울숲,4322,4492,8814
202202,분당선,서현,13171,12952,26123
202202,분당선,선릉,2384,3797,6181
202202,분당선,선정릉,1850,1895,3745
202202,분당선,수내,5209,4988,10197
202202,분당선,수서,7373,6948,14321
202202,분당선,수원,4808,3883,8691
202202,분당선,수원시청,6433,6454,12887
202202,분당선,신갈,1594,1638,3232
202202,분당선,압구정로데오,9740,10372,20112
202202,분당선,야탑,11272,11557,22829
202202,분당선,영통,4162,4099,8261
202202,분당선,오리,4562,4009,8571
202202,분당선,이매,2527,2641,5168
202202,분당선,정자,6629,6872,13501
202202,분당선,죽전,6626,7630,14256
202202,분당선,청명,1593,1637,3230
202202,분당선,태평,6777,6530,13307
202202,분당선,한티,7491,7151,14642
202202,분당선,가천대,4318,4794,9112
202202,분당선,강남구청,4857,6007,10864
202202,분당선,개포동,2295,2300,4595
202202,분당선,구룡,1204,1091,2295
202202,분당선,구성,2740,2848,5588
202202,분당선,기흥,5541,5267,10808
202202,분당선,대모산입구,2892,2586,5478
202202,분당선,도곡,4047,3703,7750
202202,분당선,망포,7662,7250,14912
202202,분당선,매교,1633,1667,3300
202202,분당선,매탄권선,2864,2871,5735
202202,분당선,모란,13732,13954,27686
202202,분당선,미금,9313,9596,18909
202202,분당선,보정,1371,1268,2639
202202,분당선,상갈,3107,3136,6243
202202,분당선,서울숲,5746,5830,11576
202202,분당선,서현,17033,16922,33955
202202,분당선,선릉,4447,6896,11343
202202,분당선,선정릉,2990,3071,6061
202202,분당선,수내,7679,7144,14823
202202,분당선,수서,8743,9441,18184
202202,분당선,수원,6144,5185,11329
202202,분당선,수원시청,9644,10116,19760
202202,분당선,신갈,2240,2263,4503
202202,분당선,압구정로데오,17158,18722,35880
202202,분당선,야탑,15362,15926,31288
202202,분당선,영통,5743,5523,11266
202202,분당선,오리,6523,5445,11968
202202,분당선,이매,3438,3314,6752
202202,분당선,정자,9113,9279,18392
202202,분당선,죽전,8340,9480,17820
202202,분당선,청명,2307,2274,4581
202202,분당선,태평,9391,8988,18379
202202,분당선,한티,11186,10894,22080
202202,분당선,가천대,3633,4135,7768
202202,분당선,강남구청,3079,3610,6689
202202,분당선,개포동,1579,1640,3219
202202,분당선,구룡,700,712,1412
202202,분당선,구성,2028,2227,4255
202202,분당선,기흥,4193,4076,8269
202202,분당선,대모산입구,1912,1897,3809
202202,분당선,도곡,2151,2160,4311
202202,분당선,망포,5354,5489,10843
202202,분당선,매교,1268,1290,2558
202202,분당선,매탄권선,2092,2078,4170
202202,분당선,모란,9794,9985,19779
202202,분당선,미금,6320,6774,13094
202202,분당선,보정,906,868,1774
202202,분당선,상갈,2363,2402,4765
202202,분당선,서울숲,5170,5196,10366
202202,분당선,서현,13755,13511,27266
202202,분당선,선릉,2457,3758,6215
202202,분당선,선정릉,1818,1915,3733
202202,분당선,수내,5289,5227,10516
202202,분당선,수서,7240,6726,13966
202202,분당선,수원,4903,4130,9033
202202,분당선,수원시청,6402,6483,12885
202202,분당선,신갈,1707,1729,3436
202202,분당선,압구정로데오,10101,10929,21030
202202,분당선,야탑,11451,11988,23439
202202,분당선,영통,4047,4050,8097
202202,분당선,오리,4687,3948,8635
202202,분당선,이매,2777,2872,5649
202202,분당선,정자,6485,6778,13263
202202,분당선,죽전,6334,7165,13499
202202,분당선,청명,1662,1683,3345
202202,분당선,태평,7180,6761,13941
202202,분당선,한티,7624,7248,14872
202203,분당선,가천대,4723,5221,9944
202203,분당선,강남구청,4790,5852,10642
202203,분당선,개포동,2297,2238,4535
202203,분당선,구룡,1133,1120,2253
202203,분당선,구성,2777,2869,5646
202203,분당선,기흥,5705,5569,11274
202203,분당선,대모산입구,2851,2575,5426
202203,분당선,도곡,4025,3629,7654
202203,분당선,망포,7865,7424,15289
202203,분당선,매교,1683,1854,3537
202203,분당선,매탄권선,2938,2870,5808
202203,분당선,모란,14167,14238,28405
202203,분당선,미금,9783,9994,19777
202203,분당선,보정,1338,1255,2593
202203,분당선,상갈,3116,3198,6314
202203,분당선,서울숲,6393,6592,12985
202203,분당선,서현,18234,18052,36286
202203,분당선,선릉,4332,6823,11155
202203,분당선,선정릉,3155,3232,6387
202203,분당선,수내,7769,7363,15132
202203,분당선,수서,8568,8957,17525
202203,분당선,수원,6277,5315,11592
202203,분당선,수원시청,9810,10480,20290
202203,분당선,신갈,2235,2334,4569
202203,분당선,압구정로데오,16622,18551,35173
202203,분당선,야탑,16045,16602,32647
202203,분당선,영통,6068,5815,11883
202203,분당선,오리,6524,5449,11973
202203,분당선,이매,3469,3522,6991
202203,분당선,정자,9446,9657,19103
202203,분당선,죽전,8730,9741,18471
202203,분당선,청명,2237,2267,4504
202203,분당선,태평,9431,9098,18529
202203,분당선,한티,11183,10895,22078
202203,분당선,가천대,3198,3779,6977
202203,분당선,강남구청,2812,3325,6137
202203,분당선,개포동,1625,1688,3313
202203,분당선,구룡,726,790,1516
202203,분당선,구성,1974,2075,4049
202203,분당선,기흥,4052,3976,8028
202203,분당선,대모산입구,1730,1648,3378
202203,분당선,도곡,2287,2212,4499
202203,분당선,망포,5197,5381,10578
202203,분당선,매교,1183,1225,2408
202203,분당선,매탄권선,2088,2074,4162
202203,분당선,모란,9494,9735,19229
202203,분당선,미금,6085,6466,12551
202203,분당선,보정,904,794,1698
202203,분당선,상갈,2281,2355,4636
202203,분당선,서울숲,4782,4918,9700
202203,분당선,서현,12684,12457,25141
202203,분당선,선릉,2497,3667,6164
202203,분당선,선정릉,1795,1779,3574
202203,분당선,수내,5103,4848,9951
202203,분당선,수서,6840,6605,13445
202203,분당선,수원,4804,3954,8758
202203,분당선,수원시청,6318,6155,12473
202203,분당선,신갈,1651,1723,3374
202203,분당선,압구정로데오,8958,9671,18629
202203,분당선,야탑,10898,11346,22244
202203,분당선,영통,4361,4354,8715
202203,분당선,오리,4488,3981,8469
202203,분당선,이매,2577,2629,5206
202203,분당선,정자,6167,6322,12489
202203,분당선,죽전,6518,7504,14022
202203,분당선,청명,1553,1653,3206
202203,분당선,태평,7012,6691,13703
202203,분당선,한티,7353,7051,14404
202203,분당선,가천대,4703,5055,9758
202203,분당선,강남구청,4749,5909,10658
202203,분당선,개포동,2312,2250,4562
202203,분당선,구룡,1187,1057,2244
202203,분당선,구성,2826,2934,5760
202203,분당선,기흥,5521,5386,10907
202203,분당선,대모산입구,2473,2314,4787
202203,분당선,도곡,4033,3656,7689
202203,분당선,망포,7958,7398,15356
202203,분당선,매교,1830,1862,3692
202203,분당선,매탄권선,3103,2977,6080
202203,분당선,모란,14112,14244,28356
202203,분당선,미금,9220,9697,18917
202203,분당선,보정,1328,1298,2626
202203,분당선,상갈,3147,3081,6228
202203,분당선,서울숲,7463,7838,15301
202203,분당선,서현,16724,16888,33612
202203,분당선,선릉,4486,7054,11540
202203,분당선,선정릉,3044,3122,6166
202203,분당선,수내,7810,7313,15123
202203,분당선,수서,8753,9257,18010
202203,분당선,수원,6684,5394,12078
202203,분당선,수원시청,10020,10829,20849
202203,분당선,신갈,2371,2338,4709
202203,분당선,압구정로데오,16939,19181,36120
202203,분당선,야탑,15569,16327,31896
202203,분당선,영통,6098,6036,12134
202203,분당선,오리,6777,5617,12394
202203,분당선,이매,3633,3576,7209
202203,분당선,정자,9429,9517,18946
202203,분당선,죽전,9009,10034,19043
202203,분당선,청명,2358,2356,4714
202203,분당선,태평,9543,8981,18524
202203,분당선,한티,10866,10576,21442
202203,분당선,가천대,3162,3839,7001
202203,분당선,강남구청,2728,3160,5888
202203,분당선,개포동,1362,1415,2777
202203,분당선,구룡,644,779,1423
202203,분당선,구성,1722,1862,3584
202203,분당선,기흥,3682,3469,7151
202203,분당선,대모산입구,1612,1498,3110
202203,분당선,도곡,1939,1996,3935
202203,분당선,망포,4849,4981,9830
202203,분당선,매교,976,978,1954
202203,분당선,매탄권선,1855,1754,3609
202203,분당선,모란,8424,8772,17196
202203,분당선,미금,5593,5938,11531
202203,분당선,보정,810,763,1573
202203,분당선,복정,1,0,1
202203,분당선,상갈,2108,2158,4266
202203,분당선,서울숲,3737,3870,7607
202203,분당선,서현,11714,11618,23332
202203,분당선,선릉,2280,3521,5801
202203,분당선,선정릉,1637,1695,3332
202203,분당선,수내,4845,4686,9531
202203,분당선,수서,7304,6901,14205
202203,분당선,수원,4404,3714,8118
202203,분당선,수원시청,5653,5586,11239
202203,분당선,신갈,1399,1412,2811
202203,분당선,압구정로데오,8250,9042,17292
202203,분당선,야탑,10406,10561,20967
202203,분당선,영통,3765,3851,7616
202203,분당선,오리,4119,3577,7696
202203,분당선,이매,2258,2316,4574
202203,분당선,정자,5910,6082,11992
202203,분당선,죽전,5526,6480,12006
202203,분당선,청명,1498,1517,3015
202203,분당선,태평,6333,5990,12323
202203,분당선,한티,7046,6697,13743
202203,분당선,가천대,4416,4888,9304
202203,분당선,강남구청,4624,5716,10340
202203,분당선,개포동,2102,2081,4183
202203,분당선,구룡,1093,978,2071
202203,분당선,구성,2504,2573,5077
202203,분당선,기흥,5392,4817,10209
202203,분당선,대모산입구,2370,2185,4555
202203,분당선,도곡,3752,3410,7162
202203,분당선,망포,7825,7061,14886
202203,분당선,매교,1493,1537,3030
202203,분당선,매탄권선,2758,2662,5420
202203,분당선,모란,15928,16808,32736
202203,분당선,미금,8727,8960,17687
202203,분당선,보정,1207,1144,2351
202203,분당선,상갈,2960,2961,5921
202203,분당선,서울숲,5631,5982,11613
202203,분당선,서현,16107,16158,32265
202203,분당선,선릉,4351,6754,11105
202203,분당선,선정릉,2754,2911,5665
202203,분당선,수내,7228,6751,13979
202203,분당선,수서,8340,8589,16929
202203,분당선,수원,5985,4881,10866
202203,분당선,수원시청,9206,9898,19104
202203,분당선,신갈,2159,2114,4273
202203,분당선,압구정로데오,15881,17918,33799
202203,분당선,야탑,14476,15136,29612
202203,분당선,영통,5692,5507,11199
202203,분당선,오리,6174,5220,11394
202203,분당선,이매,3388,3261,6649
202203,분당선,정자,8652,8842,17494
202203,분당선,죽전,7953,8898,16851
202203,분당선,청명,2059,2160,4219
202203,분당선,태평,8944,8642,17586
202203,분당선,한티,10644,10223,20867
202203,분당선,가천대,3499,4282,7781
202203,분당선,강남구청,2981,3578,6559
202203,분당선,개포동,1722,1744,3466
202203,분당선,구룡,664,754,1418
202203,분당선,구성,2080,2131,4211
202203,분당선,기흥,4354,4088,8442
202203,분당선,대모산입구,1741,1724,3465
202203,분당선,도곡,2348,2309,4657
202203,분당선,망포,5561,5750,11311
202203,분당선,매교,1284,1304,2588
202203,분당선,매탄권선,2227,2104,4331
202203,분당선,모란,9885,10131,20016
202203,분당선,미금,6238,6593,12831
202203,분당선,보정,958,863,1821
202203,분당선,복정,1,0,1
202203,분당선,상갈,2435,2491,4926
202203,분당선,서울숲,5358,5523,10881
202203,분당선,서현,12904,12633,25537
202203,분당선,선릉,2490,3756,6246
202203,분당선,선정릉,1813,1814,3627
202203,분당선,수내,5148,4984,10132
202203,분당선,수서,7303,6716,14019
202203,분당선,수원,5176,4075,9251
202203,분당선,수원시청,6384,6485,12869
202203,분당선,신갈,1638,1709,3347
202203,분당선,압구정로데오,10292,11075,21367
202203,분당선,야탑,11624,11950,23574
202203,분당선,영통,4461,4456,8917
202203,분당선,오리,4575,4050,8625
202203,분당선,이매,2815,2825,5640
202203,분당선,정자,6493,6738,13231
202203,분당선,죽전,6857,7761,14618
202203,분당선,청명,1587,1702,3289
202203,분당선,태평,6958,6607,13565
202203,분당선,한티,7478,7076,14554
202203,분당선,가천대,4835,5139,9974
202203,분당선,강남구청,4824,5885,10709
202203,분당선,개포동,2278,2294,4572
202203,분당선,구룡,1473,1176,2649
202203,분당선,구성,2675,2750,5425
202203,분당선,기흥,5553,5306,10859
202203,분당선,대모산입구,2363,2172,4535
202203,분당선,도곡,4038,3628,7666
202203,분당선,망포,7959,7324,15283
202203,분당선,매교,1657,1725,3382
202203,분당선,매탄권선,2863,2730,5593
202203,분당선,모란,14005,14280,28285
202203,분당선,미금,8903,9274,18177
202203,분당선,보정,1303,1183,2486
202203,분당선,복정,1,0,1
202203,분당선,상갈,3151,3077,6228
202203,분당선,서울숲,6705,7005,13710
202203,분당선,서현,16653,16800,33453
202203,분당선,선릉,4346,6903,11249
202203,분당선,선정릉,3003,3074,6077
202203,분당선,수내,7545,6982,14527
202203,분당선,수서,8849,9028,17877
202203,분당선,수원,6584,5413,11997
202203,분당선,수원시청,10376,10909,21285
202203,분당선,신갈,2173,2241,4414
202203,분당선,압구정로데오,17300,19535,36835
202203,분당선,야탑,15092,15919,31011
202203,분당선,영통,6069,5883,11952
202203,분당선,오리,6703,5586,12289
202203,분당선,이매,3315,3326,6641
202203,분당선,정자,9161,9284,18445
202203,분당선,죽전,8405,9471,17876
202203,분당선,청명,2383,2330,4713
202203,분당선,태평,9362,8824,18186
202203,분당선,한티,10788,10334,21122
202203,분당선,가천대,3646,4637,8283
202203,분당선,강남구청,3050,3669,6719
202203,분당선,개포동,1673,1734,3407
202203,분당선,구룡,722,853,1575
202203,분당선,구성,2117,2255,4372
202203,분당선,기흥,4592,4282,8874
202203,분당선,대모산입구,1953,1912,3865
202203,분당선,도곡,2438,2414,4852
202203,분당선,망포,5644,5804,11448
202203,분당선,매교,1293,1341,2634
202203,분당선,매탄권선,2343,2227,4570
202203,분당선,모란,10444,10800,21244
202203,분당선,미금,6640,7084,13724
202203,분당선,보정,975,918,1893
202203,분당선,복정,1,0,1
202203,분당선,상갈,2543,2557,5100
202203,분당선,서울숲,6639,6831,13470
202203,분당선,서현,13680,13687,27367
202203,분당선,선릉,2710,3992,6702
202203,분당선,선정릉,2000,1965,3965
202203,분당선,수내,5558,5292,10850
202203,분당선,수서,7726,7279,15005
202203,분당선,수원,5534,4506,10040
202203,분당선,수원시청,6902,6913,13815
202203,분당선,신갈,1768,1865,3633
202203,분당선,압구정로데오,10986,11839,22825
202203,분당선,야탑,12347,12673,25020
202203,분당선,영통,4492,4530,9022
202203,분당선,오리,4824,4213,9037
202203,분당선,이매,2899,2984,5883
202203,분당선,정자,6850,6989,13839
202203,분당선,죽전,6838,7795,14633
202203,분당선,청명,1709,1833,3542
202203,분당선,태평,7544,7151,14695
202203,분당선,한티,7864,7451,15315
202204,분당선,가천대,5417,5755,11172
202204,분당선,강남구청,5302,6498,11800
202204,분당선,개포동,2654,2667,5321
202204,분당선,구룡,1519,1400,2919
202204,분당선,구성,3139,3308,6447
202204,분당선,기흥,6119,5898,12017
202204,분당선,대모산입구,2997,2858,5855
202204,분당선,도곡,4502,4186,8688
202204,분당선,망포,8744,8041,16785
202204,분당선,매교,2098,2211,4309
202204,분당선,매탄권선,3311,3213,6524
202204,분당선,모란,15673,15977,31650
202204,분당선,미금,10021,10342,20363
202204,분당선,보정,1485,1419,2904
202204,분당선,상갈,3552,3589,7141
202204,분당선,서울숲,12451,13642,26093
202204,분당선,서현,18094,18181,36275
202204,분당선,선릉,4885,7304,12189
202204,분당선,선정릉,3248,3296,6544
202204,분당선,수내,8414,7754,16168
202204,분당선,수서,9584,10177,19761
202204,분당선,수원,7664,6100,13764
202204,분당선,수원시청,10430,11189,21619
202204,분당선,신갈,2603,2623,5226
202204,분당선,압구정로데오,19379,21738,41117
202204,분당선,야탑,16665,17519,34184
202204,분당선,영통,6352,6184,12536
202204,분당선,오리,7280,6113,13393
202204,분당선,이매,3936,3925,7861
202204,분당선,정자,10005,10138,20143
202204,분당선,죽전,9819,10952,20771
202204,분당선,청명,2500,2487,4987
202204,분당선,태평,10309,9624,19933
202204,분당선,한티,11644,11455,23099
202204,분당선,가천대,3774,4679,8453
202204,분당선,강남구청,2957,3569,6526
202204,분당선,개포동,1947,1935,3882
202204,분당선,구룡,768,836,1604
202204,분당선,구성,2245,2445,4690
202204,분당선,기흥,4703,4309,9012
202204,분당선,대모산입구,2035,1906,3941
202204,분당선,도곡,2708,2595,5303
202204,분당선,망포,5814,5994,11808
202204,분당선,매교,1339,1383,2722
202204,분당선,매탄권선,2281,2304,4585
202204,분당선,모란,10693,10989,21682
202204,분당선,미금,6747,7258,14005
202204,분당선,보정,1070,990,2060
202204,분당선,상갈,2566,2593,5159
202204,분당선,서울숲,10139,10714,20853
202204,분당선,서현,13588,13291,26879
202204,분당선,선릉,2702,4055,6757
202204,분당선,선정릉,1903,1954,3857
202204,분당선,수내,5607,5402,11009
202204,분당선,수서,8356,7521,15877
202204,분당선,수원,5701,4500,10201
202204,분당선,수원시청,6877,6731,13608
202204,분당선,신갈,1802,1955,3757
202204,분당선,압구정로데오,10417,11226,21643
202204,분당선,야탑,12752,12994,25746
202204,분당선,영통,4630,4583,9213
202204,분당선,오리,4983,4394,9377
202204,분당선,이매,2854,3035,5889
202204,분당선,정자,6844,7203,14047
202204,분당선,죽전,7394,8275,15669
202204,분당선,청명,1809,1918,3727
202204,분당선,태평,7647,7220,14867
202204,분당선,한티,7921,7731,15652
202204,분당선,가천대,5826,6132,11958
202204,분당선,강남구청,5673,7142,12815
202204,분당선,개포동,2974,2876,5850
202204,분당선,구룡,1759,1469,3228
202204,분당선,구성,3431,3485,6916
202204,분당선,기흥,6422,6064,12486
202204,분당선,대모산입구,3016,2819,5835
202204,분당선,도곡,5759,5422,11181
202204,분당선,망포,9396,8298,17694
202204,분당선,매교,2231,2351,4582
202204,분당선,매탄권선,3902,3468,7370
202204,분당선,모란,23965,25317,49282
202204,분당선,미금,10803,11403,22206
202204,분당선,보정,1601,1465,3066
202204,분당선,상갈,3862,3736,7598
202204,분당선,서울숲,21329,25385,46714
202204,분당선,서현,19119,19195,38314
202204,분당선,선릉,5191,7916,13107
202204,분당선,선정릉,3559,3593,7152
202204,분당선,수내,9103,8359,17462
202204,분당선,수서,10786,11133,21919
202204,분당선,수원,7657,6216,13873
202204,분당선,수원시청,10908,12101,23009
202204,분당선,신갈,2731,2712,5443
202204,분당선,압구정로데오,18696,22793,41489
202204,분당선,야탑,18903,19477,38380
202204,분당선,영통,6933,6636,13569
202204,분당선,오리,7752,6286,14038
202204,분당선,이매,4431,4217,8648
202204,분당선,정자,10519,10971,21490
202204,분당선,죽전,10327,11360,21687
202204,분당선,청명,2737,2647,5384
202204,분당선,태평,11279,10425,21704
202204,분당선,한티,11698,11314,23012
202204,분당선,가천대,4395,5324,9719
202204,분당선,강남구청,3555,4208,7763
202204,분당선,개포동,2177,2218,4395
202204,분당선,구룡,791,982,1773
202204,분당선,구성,2587,2558,5145
202204,분당선,기흥,5236,4834,10070
202204,분당선,대모산입구,2167,2158,4325
202204,분당선,도곡,3798,3720,7518
202204,분당선,망포,6331,6428,12759
202204,분당선,매교,1690,1633,3323
202204,분당선,매탄권선,2681,2620,5301
202204,분당선,모란,11488,11995,23483
202204,분당선,미금,7513,7998,15511
202204,분당선,보정,1120,1076,2196
202204,분당선,복정,1,0,1
202204,분당선,상갈,2819,2877,5696
202204,분당선,서울숲,17332,20450,37782
202204,분당선,서현,14724,14743,29467
202204,분당선,선릉,2939,4461,7400
202204,분당선,선정릉,2153,2175,4328
202204,분당선,수내,6237,5960,12197
202204,분당선,수서,8639,8145,16784
202204,분당선,수원,6323,4879,11202
202204,분당선,수원시청,7425,7346,14771
202204,분당선,신갈,2131,2165,4296
202204,분당선,압구정로데오,11113,12558,23671
202204,분당선,야탑,13796,13973,27769
202204,분당선,영통,4945,4980,9925
202204,분당선,오리,5494,4705,10199
202204,분당선,이매,3470,3547,7017
202204,분당선,정자,7599,7881,15480
202204,분당선,죽전,7861,8852,16713
202204,분당선,청명,1985,2131,4116
202204,분당선,태평,8474,7809,16283
202204,분당선,한티,8585,8205,16790
202204,분당선,가천대,5415,5958,11373
202204,분당선,강남구청,5736,6960,12696
202204,분당선,개포동,2721,2735,5456
202204,분당선,구룡,1365,1267,2632
202204,분당선,구성,3349,3376,6725
202204,분당선,기흥,6745,6424,13169
202204,분당선,대모산입구,2855,2602,5457
202204,분당선,도곡,4615,4160,8775
202204,분당선,망포,9467,8487,17954
202204,분당선,매교,2005,2064,4069
202204,분당선,매탄권선,3574,3305,6879
202204,분당선,모란,16276,16682,32958
202204,분당선,미금,10927,11194,22121
202204,분당선,보정,1591,1459,3050
202204,분당선,상갈,3868,3778,7646
202204,분당선,서울숲,13925,15990,29915
202204,분당선,서현,18960,19017,37977
202204,분당선,선릉,4985,7784,12769
202204,분당선,선정릉,3520,3633,7153
202204,분당선,수내,8936,8236,17172
202204,분당선,수서,10395,10755,21150
202204,분당선,수원,7786,6451,14237
202204,분당선,수원시청,10951,12253,23204
202204,분당선,신갈,2696,2757,5453
202204,분당선,압구정로데오,18726,21999,40725
202204,분당선,야탑,17840,18738,36578
202204,분당선,영통,6807,6453,13260
202204,분당선,오리,7814,6420,14234
202204,분당선,이매,4190,4081,8271
202204,분당선,정자,10485,10920,21405
202204,분당선,죽전,10371,11720,22091
202204,분당선,청명,2783,2756,5539
202204,분당선,태평,11065,10353,21418
202204,분당선,한티,11504,11108,22612
202204,분당선,가천대,3802,4677,8479
202204,분당선,강남구청,3401,4180,7581
202204,분당선,개포동,1934,1915,3849
202204,분당선,구룡,816,858,1674
202204,분당선,구성,2533,2608,5141
202204,분당선,기흥,5107,4732,9839
202204,분당선,대모산입구,2105,2020,4125
202204,분당선,도곡,2871,2760,5631
202204,분당선,망포,6241,6542,12783
202204,분당선,매교,1397,1512,2909
202204,분당선,매탄권선,2471,2438,4909
202204,분당선,모란,11429,11797,23226
202204,분당선,미금,7135,7584,14719
202204,분당선,보정,1138,1047,2185
202204,분당선,복정,1,0,1
202204,분당선,상갈,2837,2973,5810
202204,분당선,서울숲,10460,11113,21573
202204,분당선,서현,13589,13511,27100
202204,분당선,선릉,2933,4498,7431
202204,분당선,선정릉,2121,2219,4340
202204,분당선,수내,6004,5725,11729
202204,분당선,수서,8711,8029,16740
202204,분당선,수원,6204,4934,11138
202204,분당선,수원시청,7057,7188,14245
202204,분당선,신갈,1931,1997,3928
202204,분당선,압구정로데오,10334,11840,22174
202204,분당선,야탑,13601,13856,27457
202204,분당선,영통,4724,4762,9486
202204,분당선,오리,5166,4573,9739
202204,분당선,이매,3316,3246,6562
202204,분당선,정자,7274,7772,15046
202204,분당선,죽전,7615,8453,16068
202204,분당선,청명,1992,2059,4051
202204,분당선,태평,8182,7746,15928
202204,분당선,한티,7329,7351,14680
202204,분당선,가천대,5821,6033,11854
202204,분당선,강남구청,5384,6821,12205
202204,분당선,개포동,2634,2543,5177
202204,분당선,구룡,1436,1307,2743
202204,분당선,구성,3518,3599,7117
202204,분당선,기흥,6673,6355,13028
202204,분당선,대모산입구,2811,2479,5290
202204,분당선,도곡,4600,4151,8751
202204,분당선,망포,9618,8424,18042
202204,분당선,매교,2295,2292,4587
202204,분당선,매탄권선,3718,3371,7089
202204,분당선,모란,16264,16705,32969
202204,분당선,미금,10673,11059,21732
202204,분당선,보정,1728,1513,3241
202204,분당선,복정,2,0,2
202204,분당선,상갈,4023,3885,7908
202204,분당선,서울숲,13894,15617,29511
202204,분당선,서현,18716,18795,37511
202204,분당선,선릉,5076,8162,13238
202204,분당선,선정릉,3511,3640,7151
202204,분당선,수내,8914,8394,17308
202204,분당선,수서,10456,10937,21393
202204,분당선,수원,7856,6604,14460
202204,분당선,수원시청,11246,13371,24617
202204,분당선,신갈,2874,2897,5771
202204,분당선,압구정로데오,18502,22348,40850
202204,분당선,야탑,18161,19139,37300
202204,분당선,영통,6973,6080,13053
202204,분당선,오리,8129,6593,14722
202204,분당선,이매,4311,4094,8405
202204,분당선,정자,10777,10964,21741
202204,분당선,죽전,10317,11361,21678
202204,분당선,청명,2828,2790,5618
202204,분당선,태평,11014,10354,21368
202204,분당선,한티,10541,10279,20820
202204,분당선,가천대,4087,4808,8895
202204,분당선,강남구청,3409,4073,7482
202204,분당선,개포동,1970,2070,4040
202204,분당선,구룡,816,879,1695
202204,분당선,구성,2571,2723,5294
202204,분당선,기흥,5125,4810,9935
202204,분당선,대모산입구,2393,2349,4742
202204,분당선,도곡,2989,2799,5788
202204,분당선,망포,6185,6540,12725
202204,분당선,매교,1514,1560,3074
202204,분당선,매탄권선,2578,2552,5130
202204,분당선,모란,20060,20959,41019
202204,분당선,미금,7523,8151,15674
202204,분당선,보정,1126,1086,2212
202204,분당선,상갈,3026,3062,6088
202204,분당선,서울숲,9825,10299,20124
202204,분당선,서현,14220,14214,28434
202204,분당선,선릉,2787,4466,7253
202204,분당선,선정릉,2171,2199,4370
202204,분당선,수내,6037,5748,11785
202204,분당선,수서,9110,8621,17731
202204,분당선,수원,6397,5059,11456
202204,분당선,수원시청,7698,7574,15272
202204,분당선,신갈,2087,2082,4169
202204,분당선,압구정로데오,10015,11202,21217
202204,분당선,야탑,14180,14409,28589
202204,분당선,영통,4710,3064,7774
202204,분당선,오리,5579,4754,10333
202204,분당선,이매,3394,3529,6923
202204,분당선,정자,7697,7892,15589
202204,분당선,죽전,7773,8677,16450
202204,분당선,청명,2010,2185,4195
202204,분당선,태평,8437,8106,16543
202204,분당선,한티,7435,7428,14863
202204,분당선,가천대,5885,6221,12106
202204,분당선,강남구청,5868,7429,13297
202204,분당선,개포동,2808,2750,5558
202204,분당선,구룡,1628,1421,3049
202204,분당선,구성,3791,3882,7673
202204,분당선,기흥,7567,7046,14613
202204,분당선,대모산입구,3235,2954,6189
202204,분당선,도곡,5174,4487,9661
202204,분당선,망포,10233,9280,19513
202204,분당선,매교,2195,2161,4356
202204,분당선,매탄권선,3940,3648,7588
202204,분당선,모란,16911,17521,34432
202204,분당선,미금,11449,11871,23320
202204,분당선,보정,1792,1654,3446
202204,분당선,상갈,4233,4127,8360
202204,분당선,서울숲,12985,14500,27485
202204,분당선,서현,21214,21556,42770
202204,분당선,선릉,5336,8630,13966
202204,분당선,선정릉,3675,3792,7467
202204,분당선,수내,9291,8742,18033
202204,분당선,수서,11053,11524,22577
202204,분당선,수원,8541,6961,15502
202204,분당선,수원시청,11748,13919,25667
202204,분당선,신갈,3097,3090,6187
202204,분당선,압구정로데오,20418,24204,44622
202204,분당선,야탑,19792,20733,40525
202204,분당선,영통,7365,7152,14517
202204,분당선,오리,8413,6889,15302
202204,분당선,이매,4749,4483,9232
202204,분당선,정자,11399,11698,23097
202204,분당선,죽전,11284,12469,23753
202204,분당선,청명,3026,2944,5970
202204,분당선,태평,11403,10543,21946
202204,분당선,한티,11274,11062,22336
202205,분당선,가천대,4344,5367,9711
202205,분당선,강남구청,3310,4058,7368
202205,분당선,개포동,1972,2092,4064
202205,분당선,구룡,855,996,1851
202205,분당선,구성,2733,2918,5651
202205,분당선,기흥,5569,5228,10797
202205,분당선,대모산입구,2142,2014,4156
202205,분당선,도곡,2953,2888,5841
202205,분당선,망포,7082,7292,14374
202205,분당선,매교,1614,1732,3346
202205,분당선,매탄권선,2782,2671,5453
202205,분당선,모란,12218,12715,24933
202205,분당선,미금,7788,8362,16150
202205,분당선,보정,1274,1288,2562
202205,분당선,상갈,3194,3338,6532
202205,분당선,서울숲,10105,10537,20642
202205,분당선,서현,16001,15898,31899
202205,분당선,선릉,3042,4714,7756
202205,분당선,선정릉,2214,2271,4485
202205,분당선,수내,6295,6017,12312
202205,분당선,수서,9053,8626,17679
202205,분당선,수원,7821,5467,13288
202205,분당선,수원시청,8426,8248,16674
202205,분당선,신갈,2135,2212,4347
202205,분당선,압구정로데오,11300,12209,23509
202205,분당선,야탑,15097,15400,30497
202205,분당선,영통,5712,5728,11440
202205,분당선,오리,5694,4922,10616
202205,분당선,이매,3684,3733,7417
202205,분당선,정자,7826,8243,16069
202205,분당선,죽전,8558,9881,18439
202205,분당선,청명,2175,2330,4505
202205,분당선,태평,8681,8296,16977
202205,분당선,한티,7401,7549,14950
202205,분당선,가천대,5688,5775,11463
202205,분당선,강남구청,5464,6520,11984
202205,분당선,개포동,2688,2584,5272
202205,분당선,구룡,1388,1243,2631
202205,분당선,구성,3438,3517,6955
202205,분당선,기흥,6722,6492,13214
202205,분당선,대모산입구,3299,3010,6309
202205,분당선,도곡,4621,4215,8836
202205,분당선,망포,8881,8076,16957
202205,분당선,매교,2083,2041,4124
202205,분당선,매탄권선,3618,3375,6993
202205,분당선,모란,15941,16181,32122
202205,분당선,미금,10555,11167,21722
202205,분당선,보정,1743,1542,3285
202205,분당선,복정,1,0,1
202205,분당선,상갈,3951,3916,7867
202205,분당선,서울숲,10942,11578,22520
202205,분당선,서현,18981,19415,38396
202205,분당선,선릉,4849,7312,12161
202205,분당선,선정릉,3243,3269,6512
202205,분당선,수내,8845,8402,17247
202205,분당선,수서,10592,10639,21231
202205,분당선,수원,7691,6567,14258
202205,분당선,수원시청,10626,12108,22734
202205,분당선,신갈,2811,2804,5615
202205,분당선,압구정로데오,17347,20627,37974
202205,분당선,야탑,17832,18741,36573
202205,분당선,영통,6871,6537,13408
202205,분당선,오리,7801,6563,14364
202205,분당선,이매,4221,4171,8392
202205,분당선,정자,11321,11693,23014
202205,분당선,죽전,10463,11669,22132
202205,분당선,청명,2686,2682,5368
202205,분당선,태평,10984,10098,21082
202205,분당선,한티,12201,11616,23817
202205,분당선,가천대,3742,4855,8597
202205,분당선,강남구청,2924,3469,6393
202205,분당선,개포동,1941,1972,3913
202205,분당선,구룡,805,973,1778
202205,분당선,구성,2560,2729,5289
202205,분당선,기흥,5377,4928,10305
202205,분당선,대모산입구,2131,2115,4246
202205,분당선,도곡,2733,2723,5456
202205,분당선,망포,6182,6836,13018
202205,분당선,매교,1396,1407,2803
202205,분당선,매탄권선,2591,2579,5170
202205,분당선,모란,11056,11534,22590
202205,분당선,미금,7473,8051,15524
202205,분당선,보정,1195,1143,2338
202205,분당선,복정,1,0,1
202205,분당선,상갈,2974,3047,6021
202205,분당선,서울숲,6395,6559,12954
202205,분당선,서현,14619,14596,29215
202205,분당선,선릉,2667,4036,6703
202205,분당선,선정릉,1784,1930,3714
202205,분당선,수내,6223,6182,12405
202205,분당선,수서,9556,8341,17897
202205,분당선,수원,6053,4870,10923
202205,분당선,수원시청,7006,6975,13981
202205,분당선,신갈,2118,2151,4269
202205,분당선,압구정로데오,8946,9632,18578
202205,분당선,야탑,14252,14306,28558
202205,분당선,영통,4868,4966,9834
202205,분당선,오리,5548,4901,10449
202205,분당선,이매,3414,3762,7176
202205,분당선,정자,8513,9287,17800
202205,분당선,죽전,7946,9221,17167
202205,분당선,청명,2040,2171,4211
202205,분당선,태평,8426,8237,16663
202205,분당선,한티,8531,8535,17066
202205,분당선,가천대,6549,6818,13367
202205,분당선,강남구청,6152,7611,13763
202205,분당선,개포동,3039,2854,5893
202205,분당선,구룡,1744,1506,3250
202205,분당선,구성,4145,4131,8276
202205,분당선,기흥,8660,8040,16700
202205,분당선,대모산입구,3742,3442,7184
202205,분당선,도곡,5474,4810,10284
202205,분당선,망포,11066,9752,20818
202205,분당선,매교,2366,2382,4748
202205,분당선,매탄권선,4227,3984,8211
202205,분당선,모란,25958,26879,52837
202205,분당선,미금,12398,12949,25347
202205,분당선,보정,2013,1858,3871
202205,분당선,상갈,4496,4435,8931
202205,분당선,서울숲,13342,14279,27621
202205,분당선,서현,21913,22314,44227
202205,분당선,선릉,6050,9496,15546
202205,분당선,선정릉,4058,4060,8118
202205,분당선,수내,10071,9483,19554
202205,분당선,수서,11847,12296,24143
202205,분당선,수원,8878,7286,16164
202205,분당선,수원시청,12833,14954,27787
202205,분당선,신갈,3354,3238,6592
202205,분당선,압구정로데오,20729,24945,45674
202205,분당선,야탑,21258,22025,43283
202205,분당선,영통,8058,7725,15783
202205,분당선,오리,9171,7444,16615
202205,분당선,이매,5026,4782,9808
202205,분당선,정자,12228,12611,24839
202205,분당선,죽전,11780,13171,24951
202205,분당선,청명,3391,3269,6660
202205,분당선,태평,12197,11454,23651
202205,분당선,한티,13590,13104,26694
202205,분당선,가천대,4757,5655,10412
202205,분당선,강남구청,3654,4485,8139
202205,분당선,개포동,2410,2392,4802
202205,분당선,구룡,964,1061,2025
202205,분당선,구성,2975,3184,6159
202205,분당선,기흥,6780,6463,13243
202205,분당선,대모산입구,2544,2476,5020
202205,분당선,도곡,3329,3106,6435
202205,분당선,망포,7470,7841,15311
202205,분당선,매교,1692,1713,3405
202205,분당선,매탄권선,3018,3036,6054
202205,분당선,모란,12667,13182,25849
202205,분당선,미금,8443,8942,17385
202205,분당선,보정,1334,1233,2567
202205,분당선,상갈,3224,3360,6584
202205,분당선,서울숲,9768,10409,20177
202205,분당선,서현,16312,16444,32756
202205,분당선,선릉,3316,4926,8242
202205,분당선,선정릉,2410,2522,4932
202205,분당선,수내,6948,6434,13382
202205,분당선,수서,9497,9237,18734
202205,분당선,수원,6867,5581,12448
202205,분당선,수원시청,8536,8414,16950
202205,분당선,신갈,2440,2506,4946
202205,분당선,압구정로데오,12388,13617,26005
202205,분당선,야탑,15907,16459,32366
202205,분당선,영통,5773,5872,11645
202205,분당선,오리,6042,5224,11266
202205,분당선,이매,3726,3826,7552
202205,분당선,정자,8569,8887,17456
202205,분당선,죽전,9172,10305,19477
202205,분당선,청명,2361,2535,4896
202205,분당선,태평,9052,8512,17564
202205,분당선,한티,9622,9217,18839
202205,분당선,가천대,6517,6602,13119
202205,분당선,강남구청,6135,7529,13664
202205,분당선,개포동,3091,3009,6100
202205,분당선,구룡,1615,1386,3001
202205,분당선,구성,3852,3983,7835
202205,분당선,기흥,7935,7307,15242
202205,분당선,대모산입구,3441,3133,6574
202205,분당선,도곡,5516,4856,10372
202205,분당선,망포,10896,9719,20615
202205,분당선,매교,2346,2302,4648
202205,분당선,매탄권선,4154,3771,7925
202205,분당선,모란,17670,18025,35695
202205,분당선,미금,11800,12238,24038
202205,분당선,보정,1981,1712,3693
202205,분당선,복정,2,0,2
202205,분당선,상갈,4387,4254,8641
202205,분당선,서울숲,12552,13383,25935
202205,분당선,서현,21294,21598,42892
202205,분당선,선릉,5802,8832,14634
202205,분당선,선정릉,3956,4024,7980
202205,분당선,수내,9965,9396,19361
202205,분당선,수서,11841,12274,24115
202205,분당선,수원,8712,7238,15950
202205,분당선,수원시청,12600,15010,27610
202205,분당선,신갈,3357,3288,6645
202205,분당선,압구정로데오,19941,24215,44156
202205,분당선,야탑,21181,22167,43348
202205,분당선,영통,7982,7894,15876
202205,분당선,오리,8755,7129,15884
202205,분당선,이매,5173,4974,10147
202205,분당선,정자,11852,12417,24269
202205,분당선,죽전,11718,13092,24810
202205,분당선,청명,3234,3191,6425
202205,분당선,태평,12136,11160,23296
202205,분당선,한티,13489,12943,26432
202205,분당선,가천대,4501,5445,9946
202205,분당선,강남구청,3664,4383,8047
202205,분당선,개포동,2327,2383,4710
202205,분당선,구룡,924,1027,1951
202205,분당선,구성,2746,2952,5698
202205,분당선,기흥,5657,5294,10951
202205,분당선,대모산입구,2331,2191,4522
202205,분당선,도곡,3201,3008,6209
202205,분당선,망포,7151,7362,14513
202205,분당선,매교,1634,1632,3266
202205,분당선,매탄권선,2869,2745,5614
202205,분당선,모란,12165,12707,24872
202205,분당선,미금,8218,8855,17073
202205,분당선,보정,1224,1218,2442
202205,분당선,상갈,3187,3309,6496
202205,분당선,서울숲,9371,9549,18920
202205,분당선,서현,15992,16229,32221
202205,분당선,선릉,3062,4661,7723
202205,분당선,선정릉,2432,2472,4904
202205,분당선,수내,6785,6532,13317
202205,분당선,수서,9334,9166,18500
202205,분당선,수원,6766,5630,12396
202205,분당선,수원시청,8788,8684,17472
202205,분당선,신갈,2228,2285,4513
202205,분당선,압구정로데오,11309,12759,24068
202205,분당선,야탑,15719,16085,31804
202205,분당선,영통,5434,5581,11015
202205,분당선,오리,6028,5362,11390
202205,분당선,이매,3834,3924,7758
202205,분당선,정자,8220,8528,16748
202205,분당선,죽전,8568,9489,18057
202205,분당선,청명,2242,2275,4517
202205,분당선,태평,8893,8303,17196
202205,분당선,한티,9245,8902,18147
202205,분당선,가천대,6173,6660,12833
202205,분당선,강남구청,5953,7191,13144
202205,분당선,개포동,3010,2914,5924
202205,분당선,구룡,1633,1465,3098
202205,분당선,구성,3858,3862,7720
202205,분당선,기흥,7605,7114,14719
202205,분당선,대모산입구,3430,3150,6580
202205,분당선,도곡,5687,4870,10557
202205,분당선,망포,10843,9529,20372
202205,분당선,매교,2317,2431,4748
202205,분당선,매탄권선,4158,3750,7908
202205,분당선,모란,17722,17911,35633
202205,분당선,미금,11603,12138,23741
202205,분당선,보정,1853,1681,3534
202205,분당선,상갈,4328,4235,8563
202205,분당선,서울숲,12444,13107,25551
202205,분당선,서현,20746,21130,41876
202205,분당선,선릉,5842,8962,14804
202205,분당선,선정릉,3805,3873,7678
202205,분당선,수내,9784,9100,18884
202205,분당선,수서,11495,11785,23280
202205,분당선,수원,8628,7380,16008
202205,분당선,수원시청,12099,14305,26404
202205,분당선,신갈,3326,3277,6603
202205,분당선,압구정로데오,19312,23398,42710
202205,분당선,야탑,20379,21137,41516
202205,분당선,영통,7518,7365,14883
202205,분당선,오리,8518,7094,15612
202205,분당선,이매,4472,4323,8795
202205,분당선,정자,12051,12386,24437
202205,분당선,죽전,11244,12576,23820
202205,분당선,청명,3211,3098,6309
202205,분당선,태평,11656,11055,22711
202205,분당선,한티,13526,13084,26610
202205,분당선,가천대,4628,5554,10182
202205,분당선,강남구청,3510,4180,7690
202205,분당선,개포동,2227,2303,4530
202205,분당선,구룡,905,972,1877
202205,분당선,구성,2842,3047,5889
202205,분당선,기흥,5729,5389,11118
202205,분당선,대모산입구,2529,2485,5014
202205,분당선,도곡,3359,3150,6509
202205,분당선,망포,7100,7351,14451
202205,분당선,매교,1581,1583,3164
202205,분당선,매탄권선,2959,2825,5784
202205,분당선,모란,19836,20787,40623
202205,분당선,미금,8557,8955,17512
202205,분당선,보정,1328,1246,2574
202205,분당선,복정,2,0,2
202205,분당선,상갈,3124,3267,6391
202205,분당선,서울숲,8576,8811,17387
202205,분당선,서현,15815,15817,31632
202205,분당선,선릉,3177,4727,7904
202205,분당선,선정릉,2259,2356,4615
202205,분당선,수내,7048,6547,13595
202205,분당선,수서,9761,9661,19422
202205,분당선,수원,6551,5514,12065
202205,분당선,수원시청,8681,8530,17211
202205,분당선,신갈,2295,2311,4606
202205,분당선,압구정로데오,10724,11965,22689
202205,분당선,야탑,15695,16004,31699
202205,분당선,영통,5386,5555,10941
202205,분당선,오리,6279,5482,11761
202205,분당선,이매,3691,3736,7427
202205,분당선,정자,8505,8800,17305
202205,분당선,죽전,8809,9674,18483
202205,분당선,청명,2400,2427,4827
202205,분당선,태평,9223,8704,17927
202205,분당선,한티,8963,8759,17722
202206,분당선,가천대,5890,6207,12097
202206,분당선,강남구청,5288,6464,11752
202206,분당선,개포동,2721,2642,5363
202206,분당선,구룡,1508,1318,2826
202206,분당선,구성,3610,3780,7390
202206,분당선,기흥,7104,6650,13754
202206,분당선,대모산입구,3177,2761,5938
202206,분당선,도곡,4696,4130,8826
202206,분당선,망포,9590,8514,18104
202206,분당선,매교,2135,2128,4263
202206,분당선,매탄권선,3822,3467,7289
202206,분당선,모란,23559,24477,48036
202206,분당선,미금,11424,11905,23329
202206,분당선,보정,1781,1611,3392
202206,분당선,상갈,4026,4010,8036
202206,분당선,서울숲,10810,11525,22335
202206,분당선,서현,19849,19872,39721
202206,분당선,선릉,5154,8021,13175
202206,분당선,선정릉,3292,3288,6580
202206,분당선,수내,9686,8949,18635
202206,분당선,수서,10772,11898,22670
202206,분당선,수원,7922,6819,14741
202206,분당선,수원시청,11437,12872,24309
202206,분당선,신갈,3010,2892,5902
202206,분당선,압구정로데오,17261,21041,38302
202206,분당선,야탑,19061,19983,39044
202206,분당선,영통,7016,6858,13874
202206,분당선,오리,8283,6684,14967
202206,분당선,이매,4820,4568,9388
202206,분당선,정자,11370,7437,18807
202206,분당선,죽전,10806,11828,22634
202206,분당선,청명,2971,2928,5899
202206,분당선,태평,11752,10730,22482
202206,분당선,한티,12736,12225,24961
202206,분당선,가천대,4087,4778,8865
202206,분당선,강남구청,3139,3690,6829
202206,분당선,개포동,1984,2000,3984
202206,분당선,구룡,787,785,1572
202206,분당선,구성,2802,2761,5563
202206,분당선,기흥,5262,4890,10152
202206,분당선,대모산입구,2106,1972,4078
202206,분당선,도곡,2666,2597,5263
202206,분당선,망포,6777,6334,13111
202206,분당선,매교,1508,1520,3028
202206,분당선,매탄권선,2758,2549,5307
202206,분당선,모란,11583,12085,23668
202206,분당선,미금,7705,8193,15898
202206,분당선,보정,1251,1181,2432
202206,분당선,상갈,3167,3104,6271
202206,분당선,서울숲,8099,8392,16491
202206,분당선,서현,14408,14787,29195
202206,분당선,선릉,2809,4405,7214
202206,분당선,선정릉,2048,2155,4203
202206,분당선,수내,6501,5997,12498
202206,분당선,수서,8704,8527,17231
202206,분당선,수원,6419,5446,11865
202206,분당선,수원시청,7790,8912,16702
202206,분당선,신갈,2198,2231,4429
202206,분당선,압구정로데오,10372,12470,22842
202206,분당선,야탑,14098,14512,28610
202206,분당선,영통,5039,4959,9998
202206,분당선,오리,5621,4848,10469
202206,분당선,이매,3829,3884,7713
202206,분당선,정자,7905,3226,11131
202206,분당선,죽전,8267,9230,17497
202206,분당선,청명,2062,1990,4052
202206,분당선,태평,8621,7924,16545
202206,분당선,한티,8703,8338,17041
202206,분당선,가천대,5829,6123,11952
202206,분당선,강남구청,5564,6820,12384
202206,분당선,개포동,2968,2921,5889
202206,분당선,구룡,1610,1466,3076
202206,분당선,구성,3753,3761,7514
202206,분당선,기흥,7380,6983,14363
202206,분당선,대모산입구,3081,2834,5915
202206,분당선,도곡,5468,4724,10192
202206,분당선,망포,10583,9323,19906
202206,분당선,매교,2699,2720,5419
202206,분당선,매탄권선,4033,3694,7727
202206,분당선,모란,17821,18334,36155
202206,분당선,미금,11750,12119,23869
202206,분당선,보정,1954,1724,3678
202206,분당선,복정,1,0,1
202206,분당선,상갈,4288,4108,8396
202206,분당선,서울숲,10415,11173,21588
202206,분당선,서현,20320,20731,41051
202206,분당선,선릉,5597,9158,14755
202206,분당선,선정릉,3542,3509,7051
202206,분당선,수내,10002,9173,19175
202206,분당선,수서,11191,11684,22875
202206,분당선,수원,8145,6989,15134
202206,분당선,수원시청,12318,14152,26470
202206,분당선,신갈,3116,3077,6193
202206,분당선,압구정로데오,18772,22564,41336
202206,분당선,야탑,20050,21242,41292
202206,분당선,영통,7327,7283,14610
202206,분당선,오리,8536,7096,15632
202206,분당선,이매,4845,4672,9517
202206,분당선,정자,12020,12333,24353
202206,분당선,죽전,11102,12149,23251
202206,분당선,청명,3107,2983,6090
202206,분당선,태평,11649,10761,22410
202206,분당선,한티,13077,12610,25687
202206,분당선,가천대,4020,4836,8856
202206,분당선,강남구청,3406,3947,7353
202206,분당선,개포동,2225,2184,4409
202206,분당선,구룡,903,1010,1913
202206,분당선,구성,2617,2850,5467
202206,분당선,기흥,5427,5038,10465
202206,분당선,대모산입구,2269,2143,4412
202206,분당선,도곡,2971,2916,5887
202206,분당선,망포,6651,7040,13691
202206,분당선,매교,1830,1825,3655
202206,분당선,매탄권선,2768,2602,5370
202206,분당선,모란,12008,12263,24271
202206,분당선,미금,8001,8616,16617
202206,분당선,보정,1220,1172,2392
202206,분당선,상갈,3018,3173,6191
202206,분당선,서울숲,7717,8066,15783
202206,분당선,서현,14879,14763,29642
202206,분당선,선릉,2990,4728,7718
202206,분당선,선정릉,2137,2175,4312
202206,분당선,수내,6746,6572,13318
202206,분당선,수서,9131,8916,18047
202206,분당선,수원,6054,5200,11254
202206,분당선,수원시청,7880,7645,15525
202206,분당선,신갈,2159,2263,4422
202206,분당선,압구정로데오,10929,12208,23137
202206,분당선,야탑,14362,14619,28981
202206,분당선,영통,4865,4838,9703
202206,분당선,오리,5743,4858,10601
202206,분당선,이매,3833,3899,7732
202206,분당선,정자,8183,8529,16712
202206,분당선,죽전,7627,8694,16321
202206,분당선,청명,2139,2240,4379
202206,분당선,태평,8677,8175,16852
202206,분당선,한티,8639,8564,17203
202206,분당선,가천대,6124,6375,12499
202206,분당선,강남구청,5505,6723,12228
202206,분당선,개포동,2903,2748,5651
202206,분당선,구룡,1485,1323,2808
202206,분당선,구성,4028,4082,8110
202206,분당선,기흥,7622,7015,14637
202206,분당선,대모산입구,3383,3036,6419
202206,분당선,도곡,5511,4859,10370
202206,분당선,망포,10887,9638,20525
202206,분당선,매교,2252,2251,4503
202206,분당선,매탄권선,4260,3751,8011
202206,분당선,모란,17293,17985,35278
202206,분당선,미금,11668,12074,23742
202206,분당선,보정,1911,1725,3636
202206,분당선,상갈,4204,4187,8391
202206,분당선,서울숲,10075,10418,20493
202206,분당선,서현,20313,20608,40921
202206,분당선,선릉,5988,8994,14982
202206,분당선,선정릉,3790,3798,7588
202206,분당선,수내,9925,8902,18827
202206,분당선,수서,11680,12082,23762
202206,분당선,수원,8272,7068,15340
202206,분당선,수원시청,12488,14542,27030
202206,분당선,신갈,3176,3038,6214
202206,분당선,압구정로데오,19161,23757,42918
202206,분당선,야탑,20935,22064,42999
202206,분당선,영통,7341,7237,14578
202206,분당선,오리,8632,7243,15875
202206,분당선,이매,4789,4570,9359
202206,분당선,정자,11936,12301,24237
202206,분당선,죽전,11227,12424,23651
202206,분당선,청명,3291,3203,6494
202206,분당선,태평,11581,10577,22158
202206,분당선,한티,12330,11922,24252
202206,분당선,가천대,4325,5030,9355
202206,분당선,강남구청,3285,3861,7146
202206,분당선,개포동,2091,2179,4270
202206,분당선,구룡,1043,1188,2231
202206,분당선,구성,2761,2944,5705
202206,분당선,기흥,5564,5286,10850
202206,분당선,대모산입구,2230,2153,4383
202206,분당선,도곡,3022,2990,6012
202206,분당선,망포,6884,7156,14040
202206,분당선,매교,1598,1582,3180
202206,분당선,매탄권선,2769,2671,5440
202206,분당선,모란,19107,19789,38896
202206,분당선,미금,8109,8879,16988
202206,분당선,보정,1312,1217,2529
202206,분당선,상갈,2989,3190,6179
202206,분당선,서울숲,7761,7758,15519
202206,분당선,서현,14928,15065,29993
202206,분당선,선릉,3103,4811,7914
202206,분당선,선정릉,2114,2155,4269
202206,분당선,수내,6688,6362,13050
202206,분당선,수서,9763,9401,19164
202206,분당선,수원,6339,5361,11700
202206,분당선,수원시청,8250,8160,16410
202206,분당선,신갈,2202,2351,4553
202206,분당선,압구정로데오,11305,12948,24253
202206,분당선,야탑,14977,15631,30608
202206,분당선,영통,5254,5238,10492
202206,분당선,오리,5933,5113,11046
202206,분당선,이매,3793,3917,7710
202206,분당선,정자,8156,8508,16664
202206,분당선,죽전,8715,9391,18106
202206,분당선,청명,2258,2428,4686
202206,분당선,태평,9019,8727,17746
202206,분당선,한티,8229,8205,16434
202206,분당선,가천대,5729,6140,11869
202206,분당선,강남구청,5414,6537,11951
202206,분당선,개포동,3004,2899,5903
202206,분당선,구룡,1502,1307,2809
202206,분당선,구성,3832,3855,7687
202206,분당선,기흥,7464,6926,14390
202206,분당선,대모산입구,3197,2819,6016
202206,분당선,도곡,5454,4910,10364
202206,분당선,망포,10685,9403,20088
202206,분당선,매교,2210,2273,4483
202206,분당선,매탄권선,4137,3790,7927
202206,분당선,모란,17156,17492,34648
202206,분당선,미금,11506,11954,23460
202206,분당선,보정,1817,1716,3533
202206,분당선,복정,4,0,4
202206,분당선,상갈,4258,4231,8489
202206,분당선,서울숲,10315,10871,21186
202206,분당선,서현,20707,20792,41499
202206,분당선,선릉,5698,8130,13828
202206,분당선,선정릉,3464,3373,6837
202206,분당선,수내,9871,8088,17959
202206,분당선,수서,11355,11769,23124
202206,분당선,수원,8401,7126,15527
202206,분당선,수원시청,11805,13720,25525
202206,분당선,신갈,3070,3118,6188
202206,분당선,압구정로데오,19054,23027,42081
202206,분당선,야탑,20665,21220,41885
202206,분당선,영통,7509,7128,14637
202206,분당선,오리,8465,6826,15291
202206,분당선,이매,4526,4352,8878
202206,분당선,정자,11960,12213,24173
202206,분당선,죽전,10976,12252,23228
202206,분당선,청명,3132,3051,6183
202206,분당선,태평,11447,10538,21985
202206,분당선,한티,12023,11693,23716
202206,분당선,가천대,3950,4631,8581
202206,분당선,강남구청,3042,3654,6696
202206,분당선,개포동,2209,2270,4479
202206,분당선,구룡,837,949,1786
202206,분당선,구성,2512,2706,5218
202206,분당선,기흥,5233,4938,10171
202206,분당선,대모산입구,2234,2155,4389
202206,분당선,도곡,2860,2847,5707
202206,분당선,망포,6368,6811,13179
202206,분당선,매교,1477,1474,2951
202206,분당선,매탄권선,2682,2643,5325
202206,분당선,모란,11953,12076,24029
202206,분당선,미금,7597,8025,15622
202206,분당선,보정,1229,1097,2326
202206,분당선,복정,2,0,2
202206,분당선,상갈,2977,3045,6022
202206,분당선,서울숲,6141,6290,12431
202206,분당선,서현,14516,14308,28824
202206,분당선,선릉,2967,4623,7590
202206,분당선,선정릉,1932,1929,3861
202206,분당선,수내,6634,6127,12761
202206,분당선,수서,8941,8883,17824
202206,분당선,수원,5869,5018,10887
202206,분당선,수원시청,7863,7541,15404
202206,분당선,신갈,2087,2177,4264
202206,분당선,압구정로데오,10055,11303,21358
202206,분당선,야탑,14598,14845,29443
202206,분당선,영통,4993,5097,10090
202206,분당선,오리,5700,4954,10654
202206,분당선,이매,3490,3472,6962
202206,분당선,정자,8099,8292,16391
202206,분당선,죽전,7722,8753,16475
202206,분당선,청명,2155,2197,4352
202206,분당선,태평,8442,7854,16296
202206,분당선,한티,8269,8135,16404
202207,분당선,가천대,5450,5838,11288
202207,분당선,강남구청,5323,6331,11654
202207,분당선,개포동,2962,2840,5802
202207,분당선,구룡,1791,1603,3394
202207,분당선,구성,3740,3723,7463
202207,분당선,기흥,7492,7090,14582
202207,분당선,대모산입구,3527,3152,6679
202207,분당선,도곡,5098,4539,9637
202207,분당선,망포,10235,9352,19587
202207,분당선,매교,2129,2118,4247
202207,분당선,매탄권선,4026,3589,7615
202207,분당선,모란,16501,17061,33562
202207,분당선,미금,11389,11809,23198
202207,분당선,보정,1966,1753,3719
202207,분당선,복정,1,0,1
202207,분당선,상갈,4188,4103,8291
202207,분당선,서울숲,9927,10115,20042
202207,분당선,서현,20770,21115,41885
202207,분당선,선릉,5599,8685,14284
202207,분당선,선정릉,3383,3453,6836
202207,분당선,수내,9324,8895,18219
202207,분당선,수서,11065,11366,22431
202207,분당선,수원,8162,6689,14851
202207,분당선,수원시청,11807,13665,25472
202207,분당선,신갈,2959,3018,5977
202207,분당선,압구정로데오,18877,22653,41530
202207,분당선,야탑,19138,20390,39528
202207,분당선,영통,7238,7300,14538
202207,분당선,오리,8377,6785,15162
202207,분당선,이매,4241,4180,8421
202207,분당선,정자,11708,12029,23737
202207,분당선,죽전,10646,11931,22577
202207,분당선,청명,3027,3000,6027
202207,분당선,태평,11251,10286,21537
202207,분당선,한티,11546,11416,22962
202207,분당선,가천대,3758,4610,8368
202207,분당선,강남구청,3100,3736,6836
202207,분당선,개포동,2045,2025,4070
202207,분당선,구룡,790,846,1636
202207,분당선,구성,2414,2716,5130
202207,분당선,기흥,5460,5143,10603
202207,분당선,대모산입구,2284,2222,4506
202207,분당선,도곡,2922,2852,5774
202207,분당선,망포,6613,7022,13635
202207,분당선,매교,1464,1368,2832
202207,분당선,매탄권선,2644,2523,5167
202207,분당선,모란,11405,11846,23251
202207,분당선,미금,7686,8338,16024
202207,분당선,보정,1184,1145,2329
202207,분당선,상갈,2964,3103,6067
202207,분당선,서울숲,6329,6417,12746
202207,분당선,서현,15440,15372,30812
202207,분당선,선릉,2885,4358,7243
202207,분당선,선정릉,2015,2056,4071
202207,분당선,수내,6430,6159,12589
202207,분당선,수서,8865,8659,17524
202207,분당선,수원,6196,4970,11166
202207,분당선,수원시청,7563,7603,15166
202207,분당선,신갈,2108,2148,4256
202207,분당선,압구정로데오,10480,11478,21958
202207,분당선,야탑,14272,14305,28577
202207,분당선,영통,5282,5384,10666
202207,분당선,오리,5737,5000,10737
202207,분당선,이매,3437,3515,6952
202207,분당선,정자,7987,8190,16177
202207,분당선,죽전,8057,9185,17242
202207,분당선,청명,2204,2266,4470
202207,분당선,태평,8396,7964,16360
202207,분당선,한티,8200,8278,16478
202207,분당선,가천대,5170,5627,10797
202207,분당선,강남구청,5155,6141,11296
202207,분당선,개포동,3146,3011,6157
202207,분당선,구룡,1463,1279,2742
202207,분당선,구성,3789,3756,7545
202207,분당선,기흥,7765,7268,15033
202207,분당선,대모산입구,3405,3170,6575
202207,분당선,도곡,5008,4548,9556
202207,분당선,망포,10629,9581,20210
202207,분당선,매교,2230,2182,4412
202207,분당선,매탄권선,4096,3639,7735
202207,분당선,모란,22656,23646,46302
202207,분당선,미금,11495,11956,23451
202207,분당선,보정,1868,1643,3511
202207,분당선,복정,3,0,3
202207,분당선,상갈,4210,4102,8312
202207,분당선,서울숲,9009,9519,18528
202207,분당선,서현,21565,21745,43310
202207,분당선,선릉,5689,8582,14271
202207,분당선,선정릉,3373,3447,6820
202207,분당선,수내,9822,9158,18980
202207,분당선,수서,11137,11543,22680
202207,분당선,수원,8437,6812,15249
202207,분당선,수원시청,11722,13736,25458
202207,분당선,신갈,3038,3016,6054
202207,분당선,압구정로데오,18583,22073,40656
202207,분당선,야탑,18940,19874,38814
202207,분당선,영통,7479,7489,14968
202207,분당선,오리,8255,6686,14941
202207,분당선,이매,4352,4125,8477
202207,분당선,정자,11906,11800,23706
202207,분당선,죽전,10784,12152,22936
202207,분당선,청명,3042,2992,6034
202207,분당선,태평,11449,10752,22201
202207,분당선,한티,13381,12774,26155
202207,분당선,가천대,3996,4741,8737
202207,분당선,강남구청,3038,3462,6500
202207,분당선,개포동,2284,2248,4532
202207,분당선,구룡,824,944,1768
202207,분당선,구성,2617,2878,5495
202207,분당선,기흥,5783,5473,11256
202207,분당선,대모산입구,2253,2221,4474
202207,분당선,도곡,2802,2940,5742
202207,분당선,망포,6835,7179,14014
202207,분당선,매교,1666,1663,3329
202207,분당선,매탄권선,2908,2780,5688
202207,분당선,모란,11894,12202,24096
202207,분당선,미금,7867,8468,16335
202207,분당선,보정,1237,1156,2393
202207,분당선,상갈,3093,3245,6338
202207,분당선,서울숲,6249,6182,12431
202207,분당선,서현,16264,16205,32469
202207,분당선,선릉,2959,4347,7306
202207,분당선,선정릉,2007,2035,4042
202207,분당선,수내,6481,6351,12832
202207,분당선,수서,8718,8506,17224
202207,분당선,수원,6239,5362,11601
202207,분당선,수원시청,7881,7913,15794
202207,분당선,신갈,2209,2331,4540
202207,분당선,압구정로데오,10479,11553,22032
202207,분당선,야탑,14336,14638,28974
202207,분당선,영통,5329,5252,10581
202207,분당선,오리,5927,5127,11054
202207,분당선,이매,3756,3736,7492
202207,분당선,정자,7932,8304,16236
202207,분당선,죽전,7872,9080,16952
202207,분당선,청명,2164,2247,4411
202207,분당선,태평,8563,7978,16541
202207,분당선,한티,9735,9392,19127
202207,분당선,가천대,5187,5548,10735
202207,분당선,강남구청,5196,6052,11248
202207,분당선,개포동,2997,2915,5912
202207,분당선,구룡,2069,1825,3894
202207,분당선,구성,3550,3668,7218
202207,분당선,기흥,7464,6938,14402
202207,분당선,대모산입구,3418,3119,6537
202207,분당선,도곡,4963,4385,9348
202207,분당선,망포,10179,9206,19385
202207,분당선,매교,2321,2373,4694
202207,분당선,매탄권선,3816,3503,7319
202207,분당선,모란,16389,16755,33144
202207,분당선,미금,11186,11548,22734
202207,분당선,보정,1859,1617,3476
202207,분당선,상갈,4001,4060,8061
202207,분당선,서울숲,8615,9018,17633
202207,분당선,서현,20406,20746,41152
202207,분당선,선릉,5568,8397,13965
202207,분당선,선정릉,3283,3300,6583
202207,분당선,수내,9518,8969,18487
202207,분당선,수서,10962,11444,22406
202207,분당선,수원,8375,6851,15226
202207,분당선,수원시청,12487,14719,27206
202207,분당선,신갈,3025,3002,6027
202207,분당선,압구정로데오,19145,22800,41945
202207,분당선,야탑,18184,19211,37395
202207,분당선,영통,7365,7260,14625
202207,분당선,오리,8194,6672,14866
202207,분당선,이매,4309,4058,8367
202207,분당선,정자,11806,12171,23977
202207,분당선,죽전,10213,11757,21970
202207,분당선,청명,3031,2965,5996
202207,분당선,태평,11021,10135,21156
202207,분당선,한티,14989,13978,28967
202207,분당선,가천대,3559,4360,7919
202207,분당선,강남구청,2956,3486,6442
202207,분당선,개포동,2251,2242,4493
202207,분당선,구룡,871,908,1779
202207,분당선,구성,2577,2911,5488
202207,분당선,기흥,5411,5243,10654
202207,분당선,대모산입구,2142,2102,4244
202207,분당선,도곡,2958,2876,5834
202207,분당선,망포,6680,7065,13745
202207,분당선,매교,1694,1702,3396
202207,분당선,매탄권선,2759,2588,5347
202207,분당선,모란,11678,12036,23714
202207,분당선,미금,7749,8344,16093
202207,분당선,보정,1223,1146,2369
202207,분당선,상갈,2933,3055,5988
202207,분당선,서울숲,6928,6802,13730
202207,분당선,서현,15413,15488,30901
202207,분당선,선릉,2982,4431,7413
202207,분당선,선정릉,2081,2051,4132
202207,분당선,수내,6507,6200,12707
202207,분당선,수서,8914,8838,17752
202207,분당선,수원,6221,5247,11468
202207,분당선,수원시청,8340,7942,16282
202207,분당선,신갈,2119,2217,4336
202207,분당선,압구정로데오,11201,12325,23526
202207,분당선,야탑,14119,14603,28722
202207,분당선,영통,5323,5204,10527
202207,분당선,오리,5863,5087,10950
202207,분당선,이매,3439,3460,6899
202207,분당선,정자,8112,8447,16559
202207,분당선,죽전,7888,9061,16949
202207,분당선,청명,2211,2255,4466
202207,분당선,태평,8417,7961,16378
202207,분당선,한티,10680,10020,20700
202207,분당선,가천대,4722,4953,9675
202207,분당선,강남구청,4624,5536,10160
202207,분당선,개포동,2781,2793,5574
202207,분당선,구룡,1678,1452,3130
202207,분당선,구성,3340,3476,6816
202207,분당선,기흥,6879,6601,13480
202207,분당선,대모산입구,3233,2941,6174
202207,분당선,도곡,4734,4288,9022
202207,분당선,망포,9707,8686,18393
202207,분당선,매교,2027,2091,4118
202207,분당선,매탄권선,3651,3450,7101
202207,분당선,모란,15822,16261,32083
202207,분당선,미금,10728,11174,21902
202207,분당선,보정,1631,1530,3161
202207,분당선,상갈,3824,3833,7657
202207,분당선,서울숲,8186,8469,16655
202207,분당선,서현,19316,19313,38629
202207,분당선,선릉,5228,7854,13082
202207,분당선,선정릉,3119,3179,6298
202207,분당선,수내,9188,8710,17898
202207,분당선,수서,10391,10757,21148
202207,분당선,수원,7337,6337,13674
202207,분당선,수원시청,10652,12348,23000
202207,분당선,신갈,2893,2835,5728
202207,분당선,압구정로데오,18490,21501,39991
202207,분당선,야탑,17694,18568,36262
202207,분당선,영통,6815,6642,13457
202207,분당선,오리,7658,6321,13979
202207,분당선,이매,4352,4281,8633
202207,분당선,정자,11119,11590,22709
202207,분당선,죽전,9780,11022,20802
202207,분당선,청명,2691,2690,5381
202207,분당선,태평,10832,10070,20902
202207,분당선,한티,14825,13928,28753
202207,분당선,가천대,3698,4183,7881
202207,분당선,강남구청,2805,3273,6078
202207,분당선,개포동,2024,2082,4106
202207,분당선,구룡,816,828,1644
202207,분당선,구성,2437,2673,5110
202207,분당선,기흥,4888,4771,9659
202207,분당선,대모산입구,2239,2161,4400
202207,분당선,도곡,2825,2735,5560
202207,분당선,망포,6327,6703,13030
202207,분당선,매교,1404,1467,2871
202207,분당선,매탄권선,2652,2506,5158
202207,분당선,모란,16920,17879,34799
202207,분당선,미금,7472,7991,15463
202207,분당선,보정,1181,1115,2296
202207,분당선,상갈,2722,2837,5559
202207,분당선,서울숲,5668,5799,11467
202207,분당선,서현,14812,14828,29640
202207,분당선,선릉,2755,4328,7083
202207,분당선,선정릉,1907,1977,3884
202207,분당선,수내,6332,5992,12324
202207,분당선,수서,8805,8640,17445
202207,분당선,수원,5922,4837,10759
202207,분당선,수원시청,7517,7351,14868
202207,분당선,신갈,2057,2192,4249
202207,분당선,압구정로데오,10749,11921,22670
202207,분당선,야탑,13694,14071,27765
202207,분당선,영통,5066,4982,10048
202207,분당선,오리,5778,4903,10681
202207,분당선,이매,3340,3332,6672
202207,분당선,정자,7810,8055,15865
202207,분당선,죽전,7118,8420,15538
202207,분당선,청명,2044,2052,4096
202207,분당선,태평,8442,7858,16300
202207,분당선,한티,10364,9652,20016
202207,분당선,가천대,4326,4587,8913
202207,분당선,강남구청,4186,4900,9086
202207,분당선,개포동,2645,2555,5200
202207,분당선,구룡,1178,1071,2249
202207,분당선,구성,3016,3204,6220
202207,분당선,기흥,6649,6150,12799
202207,분당선,대모산입구,2726,2308,5034
202207,분당선,도곡,4051,3704,7755
202207,분당선,망포,8890,7919,16809
202207,분당선,매교,2024,2082,4106
202207,분당선,매탄권선,3279,3063,6342
202207,분당선,모란,14483,15010,29493
202207,분당선,미금,9883,10240,20123
202207,분당선,보정,1561,1432,2993
202207,분당선,상갈,3540,3578,7118
202207,분당선,서울숲,7465,7777,15242
202207,분당선,서현,17930,18190,36120
202207,분당선,선릉,4600,6683,11283
202207,분당선,선정릉,2784,2794,5578
202207,분당선,수내,8466,7907,16373
202207,분당선,수서,9506,10021,19527
202207,분당선,수원,7246,5987,13233
202207,분당선,수원시청,9446,10809,20255
202207,분당선,신갈,2610,2508,5118
202207,분당선,압구정로데오,16426,19798,36224
202207,분당선,야탑,16092,17202,33294
202207,분당선,영통,6478,6319,12797
202207,분당선,오리,6982,5615,12597
202207,분당선,이매,3885,3890,7775
202207,분당선,정자,10182,10463,20645
202207,분당선,죽전,9050,10298,19348
202207,분당선,청명,2579,2525,5104
202207,분당선,태평,10470,9645,20115
202207,분당선,한티,12943,12199,25142
202207,분당선,가천대,3091,3864,6955
202207,분당선,강남구청,2551,2964,5515
202207,분당선,개포동,1779,1874,3653
202207,분당선,구룡,734,804,1538
202207,분당선,구성,2074,2372,4446
202207,분당선,기흥,4812,4683,9495
202207,분당선,대모산입구,1852,1900,3752
202207,분당선,도곡,2472,2494,4966
202207,분당선,망포,5628,5925,11553
202207,분당선,매교,1380,1381,2761
202207,분당선,매탄권선,2289,2222,4511
202207,분당선,모란,10249,10611,20860
202207,분당선,미금,6748,7200,13948
202207,분당선,보정,1024,920,1944
202207,분당선,복정,1,0,1
202207,분당선,상갈,2541,2664,5205
202207,분당선,서울숲,4838,4972,9810
202207,분당선,서현,13672,13561,27233
202207,분당선,선릉,2529,3709,6238
202207,분당선,선정릉,1646,1626,3272
202207,분당선,수내,5603,5650,11253
202207,분당선,수서,8059,7955,16014
202207,분당선,수원,5473,4521,9994
202207,분당선,수원시청,6173,6297,12470
202207,분당선,신갈,1870,1932,3802
202207,분당선,압구정로데오,9504,10207,19711
202207,분당선,야탑,12476,12554,25030
202207,분당선,영통,4482,4468,8950
202207,분당선,오리,4948,4315,9263
202207,분당선,이매,3104,3255,6359
202207,분당선,정자,6883,7193,14076
202207,분당선,죽전,6786,7812,14598
202207,분당선,청명,1839,1826,3665
202207,분당선,태평,7465,7235,14700
202207,분당선,한티,9848,9210,19058
202208,분당선,가천대,4227,4591,8818
202208,분당선,강남구청,4363,5166,9529
202208,분당선,개포동,2512,2463,4975
202208,분당선,구룡,1263,1125,2388
202208,분당선,구성,3030,3097,6127
202208,분당선,기흥,6558,6248,12806
202208,분당선,대모산입구,2785,2483,5268
202208,분당선,도곡,4247,3925,8172
202208,분당선,망포,8846,8117,16963
202208,분당선,매교,2117,2161,4278
202208,분당선,매탄권선,3445,3095,6540
202208,분당선,모란,14834,15089,29923
202208,분당선,미금,9862,10238,20100
202208,분당선,보정,1617,1472,3089
202208,분당선,복정,1,0,1
202208,분당선,상갈,3593,3583,7176
202208,분당선,서울숲,7079,7394,14473
202208,분당선,서현,18041,18364,36405
202208,분당선,선릉,4668,7138,11806
202208,분당선,선정릉,2846,2864,5710
202208,분당선,수내,8737,8148,16885
202208,분당선,수서,9786,10171,19957
202208,분당선,수원,7362,6122,13484
202208,분당선,수원시청,9515,10911,20426
202208,분당선,신갈,2583,2592,5175
202208,분당선,압구정로데오,16791,19877,36668
202208,분당선,야탑,16312,17222,33534
202208,분당선,영통,6650,6635,13285
202208,분당선,오리,6992,5724,12716
202208,분당선,이매,3825,3694,7519
202208,분당선,정자,10384,10630,21014
202208,분당선,죽전,9032,10269,19301
202208,분당선,청명,2570,2459,5029
202208,분당선,태평,10398,9481,19879
202208,분당선,한티,13754,13029,26783
202208,분당선,가천대,3315,3886,7201
202208,분당선,강남구청,2724,3245,5969
202208,분당선,개포동,1892,1975,3867
202208,분당선,구룡,835,873,1708
202208,분당선,구성,2206,2477,4683
202208,분당선,기흥,5028,4807,9835
202208,분당선,대모산입구,2109,2019,4128
202208,분당선,도곡,2613,2556,5169
202208,분당선,망포,6079,6394,12473
202208,분당선,매교,1467,1432,2899
202208,분당선,매탄권선,2500,2359,4859
202208,분당선,모란,10593,11059,21652
202208,분당선,미금,7027,7622,14649
202208,분당선,보정,1104,1043,2147
202208,분당선,상갈,2735,2969,5704
202208,분당선,서울숲,5428,5495,10923
202208,분당선,서현,14068,14343,28411
202208,분당선,선릉,2680,3883,6563
202208,분당선,선정릉,1727,1795,3522
202208,분당선,수내,6131,5861,11992
202208,분당선,수서,8141,7856,15997
202208,분당선,수원,5553,4583,10136
202208,분당선,수원시청,6576,6702,13278
202208,분당선,신갈,1997,2055,4052
202208,분당선,압구정로데오,9636,10795,20431
202208,분당선,야탑,12873,13249,26122
202208,분당선,영통,5083,5009,10092
202208,분당선,오리,5007,4251,9258
202208,분당선,이매,3024,3088,6112
202208,분당선,정자,7372,7552,14924
202208,분당선,죽전,7211,8481,15692
202208,분당선,청명,1880,1950,3830
202208,분당선,태평,7635,7463,15098
202208,분당선,한티,10082,9328,19410
202208,분당선,가천대,4262,4517,8779
202208,분당선,강남구청,4563,5445,10008
202208,분당선,개포동,2442,2457,4899
202208,분당선,구룡,1638,1506,3144
202208,분당선,구성,3143,3115,6258
202208,분당선,기흥,6299,6030,12329
202208,분당선,대모산입구,2911,2539,5450
202208,분당선,도곡,4187,3766,7953
202208,분당선,망포,8687,7856,16543
202208,분당선,매교,2133,2089,4222
202208,분당선,매탄권선,3289,2914,6203
202208,분당선,모란,14468,14968,29436
202208,분당선,미금,9743,9946,19689
202208,분당선,보정,1604,1465,3069
202208,분당선,상갈,3445,3480,6925
202208,분당선,서울숲,7227,7445,14672
202208,분당선,서현,17982,18216,36198
202208,분당선,선릉,4602,6734,11336
202208,분당선,선정릉,2830,2757,5587
202208,분당선,수내,8504,7932,16436
202208,분당선,수서,9437,10595,20032
202208,분당선,수원,6861,5779,12640
202208,분당선,수원시청,9570,11101,20671
202208,분당선,신갈,2556,2524,5080
202208,분당선,압구정로데오,15310,18258,33568
202208,분당선,야탑,16282,17532,33814
202208,분당선,영통,6392,6188,12580
202208,분당선,오리,6781,5486,12267
202208,분당선,이매,4298,3998,8296
202208,분당선,정자,10048,10292,20340
202208,분당선,죽전,8865,9961,18826
202208,분당선,청명,2545,2427,4972
202208,분당선,태평,10146,9122,19268
202208,분당선,한티,13416,12510,25926
202208,분당선,가천대,3411,3851,7262
202208,분당선,강남구청,2612,3086,5698
202208,분당선,개포동,1843,1884,3727
202208,분당선,구룡,812,776,1588
202208,분당선,구성,2325,2511,4836
202208,분당선,기흥,5033,4739,9772
202208,분당선,대모산입구,2130,1976,4106
202208,분당선,도곡,2558,2459,5017
202208,분당선,망포,6449,6201,12650
202208,분당선,매교,1580,1590,3170
202208,분당선,매탄권선,2479,2307,4786
202208,분당선,모란,16522,17655,34177
202208,분당선,미금,7383,7649,15032
202208,분당선,보정,1094,1022,2116
202208,분당선,상갈,2811,2849,5660
202208,분당선,서울숲,5869,6132,12001
202208,분당선,서현,15233,15441,30674
202208,분당선,선릉,2718,3741,6459
202208,분당선,선정릉,1698,1779,3477
202208,분당선,수내,6215,5785,12000
202208,분당선,수서,8344,8203,16547
202208,분당선,수원,5901,4825,10726
202208,분당선,수원시청,7192,7714,14906
202208,분당선,신갈,1990,1987,3977
202208,분당선,압구정로데오,9819,11827,21646
202208,분당선,야탑,13183,13542,26725
202208,분당선,영통,4726,4616,9342
202208,분당선,오리,5196,4281,9477
202208,분당선,이매,3380,3413,6793
202208,분당선,정자,7399,7753,15152
202208,분당선,죽전,7097,7990,15087
202208,분당선,청명,1839,1854,3693
202208,분당선,태평,8163,7624,15787
202208,분당선,한티,10088,9214,19302
202208,분당선,가천대,4914,5339,10253
202208,분당선,강남구청,5237,6368,11605
202208,분당선,개포동,2734,2680,5414
202208,분당선,구룡,1374,1200,2574
202208,분당선,구성,3399,3501,6900
202208,분당선,기흥,7003,6558,13561
202208,분당선,대모산입구,3082,2841,5923
202208,분당선,도곡,4694,4306,9000
202208,분당선,망포,9653,8723,18376
202208,분당선,매교,2339,2427,4766
202208,분당선,매탄권선,3789,3312,7101
202208,분당선,모란,15725,16345,32070
202208,분당선,미금,10552,11279,21831
202208,분당선,보정,1694,1532,3226
202208,분당선,상갈,4142,4122,8264
202208,분당선,서울숲,9169,9323,18492
202208,분당선,서현,21062,21332,42394
202208,분당선,선릉,5410,8406,13816
202208,분당선,선정릉,3390,3352,6742
202208,분당선,수내,9701,9032,18733
202208,분당선,수서,10580,10842,21422
202208,분당선,수원,7806,6421,14227
202208,분당선,수원시청,11385,14196,25581
202208,분당선,신갈,2881,2797,5678
202208,분당선,압구정로데오,18068,21568,39636
202208,분당선,야탑,18023,18846,36869
202208,분당선,영통,6913,6815,13728
202208,분당선,오리,7325,5944,13269
202208,분당선,이매,4217,4074,8291
202208,분당선,정자,11261,11453,22714
202208,분당선,죽전,9731,10799,20530
202208,분당선,청명,2982,2868,5850
202208,분당선,태평,10646,9853,20499
202208,분당선,한티,13926,13277,27203
202208,분당선,가천대,3645,4148,7793
202208,분당선,강남구청,3181,3732,6913
202208,분당선,개포동,2193,2249,4442
202208,분당선,구룡,820,976,1796
202208,분당선,구성,2413,2625,5038
202208,분당선,기흥,5194,5063,10257
202208,분당선,대모산입구,2187,2154,4341
202208,분당선,도곡,2893,2780,5673
202208,분당선,망포,6405,6702,13107
202208,분당선,매교,1721,1664,3385
202208,분당선,매탄권선,2680,2590,5270
202208,분당선,모란,11250,11566,22816
202208,분당선,미금,7466,7960,15426
202208,분당선,보정,1141,1085,2226
202208,분당선,상갈,2955,3147,6102
202208,분당선,서울숲,6554,6582,13136
202208,분당선,서현,14803,14979,29782
202208,분당선,선릉,2956,4378,7334
202208,분당선,선정릉,2070,2074,4144
202208,분당선,수내,6277,5989,12266
202208,분당선,수서,8714,8538,17252
202208,분당선,수원,6277,5128,11405
202208,분당선,수원시청,7867,7493,15360
202208,분당선,신갈,2016,2154,4170
202208,분당선,압구정로데오,10855,11989,22844
202208,분당선,야탑,13423,13903,27326
202208,분당선,영통,5109,4946,10055
202208,분당선,오리,5193,4453,9646
202208,분당선,이매,3569,3699,7268
202208,분당선,정자,7776,7994,15770
202208,분당선,죽전,7680,8785,16465
202208,분당선,청명,2034,2153,4187
202208,분당선,태평,8023,7465,15488
202208,분당선,한티,10253,9843,20096
202208,분당선,가천대,5839,6121,11960
202208,분당선,강남구청,5659,6841,12500
202208,분당선,개포동,2956,2889,5845
202208,분당선,구룡,1512,1321,2833
202208,분당선,구성,3667,3667,7334
202208,분당선,기흥,7510,6934,14444
202208,분당선,대모산입구,3784,3453,7237
202208,분당선,도곡,5988,5061,11049
202208,분당선,망포,10178,9018,19196
202208,분당선,매교,2667,2673,5340
202208,분당선,매탄권선,3889,3514,7403
202208,분당선,모란,16573,17063,33636
202208,분당선,미금,11274,11799,23073
202208,분당선,보정,1765,1649,3414
202208,분당선,상갈,4122,4045,8167
202208,분당선,서울숲,11352,11884,23236
202208,분당선,서현,20102,20590,40692
202208,분당선,선릉,5825,9007,14832
202208,분당선,선정릉,3649,3636,7285
202208,분당선,수내,9864,9249,19113
202208,분당선,수서,11560,11623,23183
202208,분당선,수원,8066,6759,14825
202208,분당선,수원시청,11842,13747,25589
202208,분당선,신갈,2957,2922,5879
202208,분당선,압구정로데오,19669,23824,43493
202208,분당선,야탑,19187,19813,39000
202208,분당선,영통,7535,7442,14977
202208,분당선,오리,8205,6653,14858
202208,분당선,이매,4595,4362,8957
202208,분당선,정자,11529,12079,23608
202208,분당선,죽전,10372,11636,22008
202208,분당선,청명,3181,3215,6396
202208,분당선,태평,11596,10895,22491
202208,분당선,한티,14270,13752,28022
202208,분당선,가천대,4214,5046,9260
202208,분당선,강남구청,3415,4114,7529
202208,분당선,개포동,2170,2205,4375
202208,분당선,구룡,928,1015,1943
202208,분당선,구성,2573,2760,5333
202208,분당선,기흥,5486,5155,10641
202208,분당선,대모산입구,2366,2263,4629
202208,분당선,도곡,3022,2855,5877
202208,분당선,망포,6607,6971,13578
202208,분당선,매교,1941,1916,3857
202208,분당선,매탄권선,2768,2630,5398
202208,분당선,모란,11752,12077,23829
202208,분당선,미금,7715,8312,16027
202208,분당선,보정,1263,1159,2422
202208,분당선,상갈,3040,3146,6186
202208,분당선,서울숲,8528,8759,17287
202208,분당선,서현,15106,15286,30392
202208,분당선,선릉,3043,4550,7593
202208,분당선,선정릉,2324,2306,4630
202208,분당선,수내,6590,6236,12826
202208,분당선,수서,9362,9140,18502
202208,분당선,수원,6150,5098,11248
202208,분당선,수원시청,7915,8140,16055
202208,분당선,신갈,2164,2260,4424
202208,분당선,압구정로데오,11402,12561,23963
202208,분당선,야탑,14376,14730,29106
202208,분당선,영통,5175,5081,10256
202208,분당선,오리,5543,4809,10352
202208,분당선,이매,3595,3685,7280
202208,분당선,정자,7957,8418,16375
202208,분당선,죽전,7722,8747,16469
202208,분당선,청명,2109,2321,4430
202208,분당선,태평,8554,8062,16616
202208,분당선,한티,10240,9723,19963
202209,분당선,가천대,6278,6413,12691
202209,분당선,강남구청,5168,6928,12096
202209,분당선,개포동,3096,3038,6134
202209,분당선,구룡,1722,1504,3226
202209,분당선,구성,3774,3785,7559
202209,분당선,기흥,7566,6851,14417
202209,분당선,대모산입구,3371,2993,6364
202209,분당선,도곡,5511,4765,10276
202209,분당선,망포,10202,9214,19416
202209,분당선,매교,2969,3019,5988
202209,분당선,매탄권선,4022,3702,7724
202209,분당선,모란,17117,17920,35037
202209,분당선,미금,11523,12026,23549
202209,분당선,보정,1927,1785,3712
202209,분당선,복정,1,0,1
202209,분당선,상갈,4188,4164,8352
202209,분당선,서울숲,12734,13758,26492
202209,분당선,서현,21076,21454,42530
202209,분당선,선릉,5916,8321,14237
202209,분당선,선정릉,3592,3674,7266
202209,분당선,수내,10229,9554,19783
202209,분당선,수서,11539,11600,23139
202209,분당선,수원,8256,6748,15004
202209,분당선,수원시청,11933,14084,26017
202209,분당선,신갈,3103,3151,6254
202209,분당선,압구정로데오,20590,25132,45722
202209,분당선,야탑,19709,20353,40062
202209,분당선,영통,7833,7704,15537
202209,분당선,오리,8625,7265,15890
202209,분당선,이매,4849,4725,9574
202209,분당선,정자,11966,12328,24294
202209,분당선,죽전,10801,12062,22863
202209,분당선,청명,3029,3054,6083
202209,분당선,태평,11593,10788,22381
202209,분당선,한티,14970,14285,29255
202209,분당선,가천대,3944,4933,8877
202209,분당선,강남구청,3011,3724,6735
202209,분당선,개포동,2242,2284,4526
202209,분당선,구룡,862,1041,1903
202209,분당선,구성,2416,2578,4994
202209,분당선,기흥,5033,4870,9903
202209,분당선,대모산입구,2350,2353,4703
202209,분당선,도곡,2787,2654,5441
202209,분당선,망포,6250,6541,12791
202209,분당선,매교,1750,1708,3458
202209,분당선,매탄권선,2698,2508,5206
202209,분당선,모란,17254,18335,35589
202209,분당선,미금,7675,8105,15780
202209,분당선,보정,1224,1117,2341
202209,분당선,상갈,2639,2780,5419
202209,분당선,서울숲,5722,6078,11800
202209,분당선,서현,14561,14479,29040
202209,분당선,선릉,2913,4415,7328
202209,분당선,선정릉,2078,2095,4173
202209,분당선,수내,6326,6081,12407
202209,분당선,수서,8917,8682,17599
202209,분당선,수원,5395,4519,9914
202209,분당선,수원시청,7280,7265,14545
202209,분당선,신갈,2042,2057,4099
202209,분당선,압구정로데오,10877,11829,22706
202209,분당선,야탑,14046,14378,28424
202209,분당선,영통,5068,5119,10187
202209,분당선,오리,5589,4794,10383
202209,분당선,이매,3480,3505,6985
202209,분당선,정자,7716,7866,15582
202209,분당선,죽전,7506,8862,16368
202209,분당선,청명,2081,2251,4332
202209,분당선,태평,8379,8016,16395
202209,분당선,한티,10137,9392,19529
202209,분당선,가천대,2567,2816,5383
202209,분당선,강남구청,1254,1537,2791
202209,분당선,개포동,1037,1052,2089
202209,분당선,구룡,442,433,875
202209,분당선,구성,1615,1821,3436
202209,분당선,기흥,3691,3432,7123
202209,분당선,대모산입구,1487,1370,2857
202209,분당선,도곡,1651,1404,3055
202209,분당선,망포,4077,3850,7927
202209,분당선,매교,1398,1343,2741
202209,분당선,매탄권선,1829,1745,3574
202209,분당선,모란,7379,7892,15271
202209,분당선,미금,4229,4305,8534
202209,분당선,보정,761,745,1506
202209,분당선,복정,1,0,1
202209,분당선,상갈,2312,2252,4564
202209,분당선,서울숲,4486,4555,9041
202209,분당선,서현,6702,7176,13878
202209,분당선,선릉,1344,1920,3264
202209,분당선,선정릉,927,861,1788
202209,분당선,수내,2721,2754,5475
202209,분당선,수서,6328,6576,12904
202209,분당선,수원,4875,3932,8807
202209,분당선,수원시청,4242,5151,9393
202209,분당선,신갈,1393,1422,2815
202209,분당선,압구정로데오,3271,4479,7750
202209,분당선,야탑,8432,8638,17070
202209,분당선,영통,2928,2956,5884
202209,분당선,오리,3088,2493,5581
202209,분당선,이매,1973,2009,3982
202209,분당선,정자,4342,4587,8929
202209,분당선,죽전,3897,4435,8332
202209,분당선,청명,1325,1288,2613
202209,분당선,태평,6342,5982,12324
202209,분당선,한티,6327,6128,12455
202209,분당선,가천대,2990,3648,6638
202209,분당선,강남구청,1782,2166,3948
202209,분당선,개포동,1709,1687,3396
202209,분당선,구룡,656,659,1315
202209,분당선,구성,2251,2267,4518
202209,분당선,기흥,4876,4478,9354
202209,분당선,대모산입구,1768,1786,3554
202209,분당선,도곡,2308,2054,4362
202209,분당선,망포,5580,5407,10987
202209,분당선,매교,1680,1669,3349
202209,분당선,매탄권선,2498,2309,4807
202209,분당선,모란,9436,10511,19947
202209,분당선,미금,6296,6632,12928
202209,분당선,보정,1147,1047,2194
202209,분당선,상갈,2991,2936,5927
202209,분당선,서울숲,6334,6799,13133
202209,분당선,서현,11870,12514,24384
202209,분당선,선릉,1730,2742,4472
202209,분당선,선정릉,1211,1298,2509
202209,분당선,수내,4220,4294,8514
202209,분당선,수서,8519,5926,14445
202209,분당선,수원,6697,5316,12013
202209,분당선,수원시청,5876,7765,13641
202209,분당선,신갈,1868,1902,3770
202209,분당선,압구정로데오,5578,7489,13067
202209,분당선,야탑,12843,12177,25020
202209,분당선,영통,3830,4334,8164
202209,분당선,오리,4383,3723,8106
202209,분당선,이매,2899,2967,5866
202209,분당선,정자,6456,7252,13708
202209,분당선,죽전,6937,8120,15057
202209,분당선,청명,1811,1740,3551
202209,분당선,태평,7443,6972,14415
202209,분당선,한티,8926,8360,17286
202209,분당선,가천대,6618,6628,13246
202209,분당선,강남구청,5789,7311,13100
202209,분당선,개포동,3148,3138,6286
202209,분당선,구룡,1638,1407,3045
202209,분당선,구성,3712,3783,7495
202209,분당선,기흥,7904,7147,15051
202209,분당선,대모산입구,3301,3135,6436
202209,분당선,도곡,5862,5058,10920
202209,분당선,망포,10411,9286,19697
202209,분당선,매교,2889,2959,5848
202209,분당선,매탄권선,4005,3621,7626
202209,분당선,모란,17015,17445,34460
202209,분당선,미금,11264,11679,22943
202209,분당선,보정,1854,1677,3531
202209,분당선,상갈,4200,4090,8290
202209,분당선,서울숲,11980,12567,24547
202209,분당선,서현,20656,20818,41474
202209,분당선,선릉,6045,9265,15310
202209,분당선,선정릉,3729,3760,7489
202209,분당선,수내,9866,9366,19232
202209,분당선,수서,12274,12054,24328
202209,분당선,수원,8258,6877,15135
202209,분당선,수원시청,12449,14664,27113
202209,분당선,신갈,3158,3154,6312
202209,분당선,압구정로데오,20469,24663,45132
202209,분당선,야탑,19736,20494,40230
202209,분당선,영통,7699,7640,15339
202209,분당선,오리,8366,6841,15207
202209,분당선,이매,4685,4469,9154
202209,분당선,정자,12047,12136,24183
202209,분당선,죽전,11157,12338,23495
202209,분당선,청명,3171,3028,6199
202209,분당선,태평,11464,10554,22018
202209,분당선,한티,14819,14059,28878
202209,분당선,가천대,4489,5371,9860
202209,분당선,강남구청,3374,4144,7518
202209,분당선,개포동,2412,2400,4812
202209,분당선,구룡,958,1051,2009
202209,분당선,구성,2632,2854,5486
202209,분당선,기흥,5476,5222,10698
202209,분당선,대모산입구,2236,2202,4438
202209,분당선,도곡,3356,3191,6547
202209,분당선,망포,6876,7047,13923
202209,분당선,매교,2188,2202,4390
202209,분당선,매탄권선,2913,2752,5665
202209,분당선,모란,12190,12458,24648
202209,분당선,미금,7925,8256,16181
202209,분당선,보정,1301,1230,2531
202209,분당선,상갈,3035,3165,6200
202209,분당선,서울숲,8409,8668,17077
202209,분당선,서현,15333,15221,30554
202209,분당선,선릉,3263,5041,8304
202209,분당선,선정릉,2311,2395,4706
202209,분당선,수내,6772,6444,13216
202209,분당선,수서,9369,9472,18841
202209,분당선,수원,6739,5346,12085
202209,분당선,수원시청,8513,8408,16921
202209,분당선,신갈,2214,2324,4538
202209,분당선,압구정로데오,11894,13101,24995
202209,분당선,야탑,14751,15238,29989
202209,분당선,영통,5502,5519,11021
202209,분당선,오리,5673,4809,10482
202209,분당선,이매,3588,3744,7332
202209,분당선,정자,8300,8575,16875
202209,분당선,죽전,8386,9631,18017
202209,분당선,청명,2198,2353,4551
202209,분당선,태평,8769,8200,16969
202209,분당선,한티,10419,9725,20144
202209,분당선,가천대,7275,7169,14444
202209,분당선,강남구청,5787,7219,13006
202209,분당선,개포동,2993,2906,5899
202209,분당선,구룡,1807,1600,3407
202209,분당선,구성,3934,4103,8037
202209,분당선,기흥,8263,7601,15864
202209,분당선,대모산입구,3664,3279,6943
202209,분당선,도곡,5863,5155,11018
202209,분당선,망포,11178,10130,21308
202209,분당선,매교,3380,3397,6777
202209,분당선,매탄권선,4243,3904,8147
202209,분당선,모란,24438,25779,50217
202209,분당선,미금,11844,12424,24268
202209,분당선,보정,1942,1741,3683
202209,분당선,상갈,4482,4323,8805
202209,분당선,서울숲,13393,14397,27790
202209,분당선,서현,21302,21509,42811
202209,분당선,선릉,6148,9587,15735
202209,분당선,선정릉,3923,3876,7799
202209,분당선,수내,10425,9757,20182
202209,분당선,수서,12288,12707,24995
202209,분당선,수원,8802,7360,16162
202209,분당선,수원시청,13088,15340,28428
202209,분당선,신갈,3287,3251,6538
202209,분당선,압구정로데오,20526,24888,45414
202209,분당선,야탑,20904,21738,42642
202209,분당선,영통,7979,7850,15829
202209,분당선,오리,8695,7062,15757
202209,분당선,이매,4897,4465,9362
202209,분당선,정자,12660,12964,25624
202209,분당선,죽전,11878,13162,25040
202209,분당선,청명,3475,3376,6851
202209,분당선,태평,12225,11483,23708
202209,분당선,한티,14470,13805,28275
202209,분당선,가천대,4528,5355,9883
202209,분당선,강남구청,3568,4345,7913
202209,분당선,개포동,2293,2296,4589
202209,분당선,구룡,986,1135,2121
202209,분당선,구성,2613,2864,5477
202209,분당선,기흥,5864,5664,11528
202209,분당선,대모산입구,2502,2375,4877
202209,분당선,도곡,3382,3209,6591
202209,분당선,망포,7138,7253,14391
202209,분당선,매교,2276,2228,4504
202209,분당선,매탄권선,2936,2905,5841
202209,분당선,모란,12491,12603,25094
202209,분당선,미금,8036,8453,16489
202209,분당선,보정,1344,1270,2614
202209,분당선,상갈,3193,3324,6517
202209,분당선,서울숲,10091,10521,20612
202209,분당선,서현,15451,15271,30722
202209,분당선,선릉,3269,5008,8277
202209,분당선,선정릉,2300,2401,4701
202209,분당선,수내,6944,6539,13483
202209,분당선,수서,9523,9404,18927
202209,분당선,수원,6540,5475,12015
202209,분당선,수원시청,8705,8810,17515
202209,분당선,신갈,2280,2425,4705
202209,분당선,압구정로데오,11793,13268,25061
202209,분당선,야탑,15390,15911,31301
202209,분당선,영통,5479,5531,11010
202209,분당선,오리,5868,5040,10908
202209,분당선,이매,3758,3799,7557
202209,분당선,정자,8333,8720,17053
202209,분당선,죽전,8435,9302,17737
202209,분당선,청명,2464,2467,4931
202209,분당선,태평,9020,8554,17574
202209,분당선,한티,10322,9932,20254
202210,분당선,가천대,6494,6572,13066
202210,분당선,강남구청,5681,6784,12465
202210,분당선,개포동,3013,2988,6001
202210,분당선,구룡,1715,1478,3193
202210,분당선,구성,3843,3920,7763
202210,분당선,기흥,7792,7180,14972
202210,분당선,대모산입구,3405,3049,6454
202210,분당선,도곡,5903,5289,11192
202210,분당선,망포,10417,9359,19776
202210,분당선,매교,3100,3172,6272
202210,분당선,매탄권선,4014,3609,7623
202210,분당선,모란,16834,17004,33838
202210,분당선,미금,11168,11548,22716
202210,분당선,보정,1786,1572,3358
202210,분당선,복정,1,0,1
202210,분당선,상갈,4484,4378,8862
202210,분당선,서울숲,13153,14109,27262
202210,분당선,서현,20099,20577,40676
202210,분당선,선릉,5334,8507,13841
202210,분당선,선정릉,3543,3570,7113
202210,분당선,수내,9769,9149,18918
202210,분당선,수서,10927,11924,22851
202210,분당선,수원,8385,7408,15793
202210,분당선,수원시청,12345,14146,26491
202210,분당선,신갈,3171,3055,6226
202210,분당선,압구정로데오,18806,23106,41912
202210,분당선,야탑,19546,21027,40573
202210,분당선,영통,7888,7422,15310
202210,분당선,오리,8278,6660,14938
202210,분당선,이매,4683,4559,9242
202210,분당선,정자,11705,11914,23619
202210,분당선,죽전,11399,12477,23876
202210,분당선,청명,3179,3140,6319
202210,분당선,태평,11721,10673,22394
202210,분당선,한티,13599,13203,26802
202210,분당선,가천대,4590,5017,9607
202210,분당선,강남구청,3471,4212,7683
202210,분당선,개포동,2236,2274,4510
202210,분당선,구룡,922,935,1857
202210,분당선,구성,2640,2811,5451
202210,분당선,기흥,5684,5299,10983
202210,분당선,대모산입구,2375,2239,4614
202210,분당선,도곡,3265,3093,6358
202210,분당선,망포,7183,6883,14066
202210,분당선,매교,2166,2201,4367
202210,분당선,매탄권선,2925,2754,5679
202210,분당선,모란,11907,12489,24396
202210,분당선,미금,7980,8340,16320
202210,분당선,보정,1260,1189,2449
202210,분당선,복정,1,0,1
202210,분당선,상갈,3295,3437,6732
202210,분당선,서울숲,8530,8891,17421
202210,분당선,서현,14841,14756,29597
202210,분당선,선릉,3098,4722,7820
202210,분당선,선정릉,2229,2194,4423
202210,분당선,수내,6485,6199,12684
202210,분당선,수서,8990,9343,18333
202210,분당선,수원,6678,5918,12596
202210,분당선,수원시청,9056,10144,19200
202210,분당선,신갈,2151,2226,4377
202210,분당선,압구정로데오,11903,14188,26091
202210,분당선,야탑,14526,15173,29699
202210,분당선,영통,5502,5554,11056
202210,분당선,오리,5816,4874,10690
202210,분당선,이매,3682,3711,7393
202210,분당선,정자,8218,8575,16793
202210,분당선,죽전,8672,9370,18042
202210,분당선,청명,2212,2224,4436
202210,분당선,태평,8823,8150,16973
202210,분당선,한티,10113,9297,19410
202210,분당선,가천대,7294,7237,14531
202210,분당선,강남구청,5810,7121,12931
202210,분당선,개포동,3144,3010,6154
202210,분당선,구룡,1772,1560,3332
202210,분당선,구성,4012,4020,8032
202210,분당선,기흥,8092,7253,15345
202210,분당선,대모산입구,3462,3082,6544
202210,분당선,도곡,5990,5423,11413
202210,분당선,망포,10917,8585,19502
202210,분당선,매교,3483,3586,7069
202210,분당선,매탄권선,4221,3758,7979
202210,분당선,모란,17556,17835,35391
202210,분당선,미금,11292,11649,22941
202210,분당선,보정,2024,1556,3580
202210,분당선,상갈,4531,4422,8953
202210,분당선,서울숲,14806,15740,30546
202210,분당선,서현,20325,20155,40480
202210,분당선,선릉,5725,8943,14668
202210,분당선,선정릉,3660,3710,7370
202210,분당선,수내,10045,9286,19331
202210,분당선,수서,11501,12395,23896
202210,분당선,수원,8297,7352,15649
202210,분당선,수원시청,12566,14658,27224
202210,분당선,신갈,3167,3101,6268
202210,분당선,압구정로데오,19256,23006,42262
202210,분당선,야탑,20393,21424,41817
202210,분당선,영통,7633,7393,15026
202210,분당선,오리,8536,6756,15292
202210,분당선,이매,4949,4828,9777
202210,분당선,정자,12055,12211,24266
202210,분당선,죽전,11428,12570,23998
202210,분당선,청명,3352,3139,6491
202210,분당선,태평,12002,11036,23038
202210,분당선,한티,14988,14109,29097
202210,분당선,가천대,4511,5034,9545
202210,분당선,강남구청,3301,4079,7380
202210,분당선,개포동,2211,2175,4386
202210,분당선,구룡,816,848,1664
202210,분당선,구성,2369,2657,5026
202210,분당선,기흥,5246,5006,10252
202210,분당선,대모산입구,2473,2369,4842
202210,분당선,도곡,2877,2703,5580
202210,분당선,망포,6788,6675,13463
202210,분당선,매교,2344,2281,4625
202210,분당선,매탄권선,2656,2587,5243
202210,분당선,모란,15389,16289,31678
202210,분당선,미금,7396,7654,15050
202210,분당선,보정,1169,1090,2259
202210,분당선,상갈,3051,3085,6136
202210,분당선,서울숲,7616,7934,15550
202210,분당선,서현,14321,14699,29020
202210,분당선,선릉,3057,4744,7801
202210,분당선,선정릉,2086,2051,4137
202210,분당선,수내,6102,5959,12061
202210,분당선,수서,9102,9143,18245
202210,분당선,수원,6542,5531,12073
202210,분당선,수원시청,9076,10363,19439
202210,분당선,신갈,2011,2023,4034
202210,분당선,압구정로데오,11620,13271,24891
202210,분당선,야탑,13937,14314,28251
202210,분당선,영통,4946,5070,10016
202210,분당선,오리,5285,4367,9652
202210,분당선,이매,3836,3943,7779
202210,분당선,정자,7699,8087,15786
202210,분당선,죽전,7656,8357,16013
202210,분당선,청명,2112,2074,4186
202210,분당선,태평,8326,8027,16353
202210,분당선,한티,9980,9394,19374
202210,분당선,가천대,6586,6835,13421
202210,분당선,강남구청,5792,7209,13001
202210,분당선,개포동,3613,3446,7059
202210,분당선,구룡,1609,1451,3060
202210,분당선,구성,3916,3912,7828
202210,분당선,기흥,8219,7551,15770
202210,분당선,대모산입구,3625,3308,6933
202210,분당선,도곡,6242,5385,11627
202210,분당선,망포,10989,9745,20734
202210,분당선,매교,3449,3392,6841
202210,분당선,매탄권선,4290,3910,8200
202210,분당선,모란,16849,16472,33321
202210,분당선,미금,11386,11968,23354
202210,분당선,보정,2029,1787,3816
202210,분당선,상갈,4742,4598,9340
202210,분당선,서울숲,12183,12850,25033
202210,분당선,서현,20003,20376,40379
202210,분당선,선릉,5980,9250,15230
202210,분당선,선정릉,3908,3899,7807
202210,분당선,수내,10069,9395,19464
202210,분당선,수서,11740,12173,23913
202210,분당선,수원,8400,7121,15521
202210,분당선,수원시청,12371,14779,27150
202210,분당선,신갈,3338,3363,6701
202210,분당선,압구정로데오,19607,23986,43593
202210,분당선,야탑,20370,21368,41738
202210,분당선,영통,7724,7436,15160
202210,분당선,오리,8456,6876,15332
202210,분당선,이매,4869,4601,9470
202210,분당선,정자,12439,12859,25298
202210,분당선,죽전,11505,12812,24317
202210,분당선,청명,3236,3172,6408
202210,분당선,태평,11743,10614,22357
202210,분당선,한티,14612,14292,28904
202210,분당선,가천대,4961,5652,10613
202210,분당선,강남구청,3497,4288,7785
202210,분당선,개포동,2554,2536,5090
202210,분당선,구룡,959,1119,2078
202210,분당선,구성,2691,2879,5570
202210,분당선,기흥,5762,5404,11166
202210,분당선,대모산입구,2380,2347,4727
202210,분당선,도곡,3411,3240,6651
202210,분당선,망포,7358,7630,14988
202210,분당선,매교,2464,2391,4855
202210,분당선,매탄권선,2925,2805,5730
202210,분당선,모란,12240,12109,24349
202210,분당선,미금,7811,8392,16203
202210,분당선,보정,1398,1306,2704
202210,분당선,복정,2,0,2
202210,분당선,상갈,3135,3294,6429
202210,분당선,서울숲,8227,8410,16637
202210,분당선,서현,14651,14541,29192
202210,분당선,선릉,3224,4718,7942
202210,분당선,선정릉,2307,2402,4709
202210,분당선,수내,6447,6240,12687
202210,분당선,수서,9318,9164,18482
202210,분당선,수원,6381,5678,12059
202210,분당선,수원시청,8512,8576,17088
202210,분당선,신갈,2214,2284,4498
202210,분당선,압구정로데오,10925,12243,23168
202210,분당선,야탑,15077,15506,30583
202210,분당선,영통,5602,5598,11200
202210,분당선,오리,5835,4962,10797
202210,분당선,이매,3545,3642,7187
202210,분당선,정자,8248,8561,16809
202210,분당선,죽전,8626,9603,18229
202210,분당선,청명,2301,2433,4734
202210,분당선,태평,8844,8508,17352
202210,분당선,한티,10291,9807,20098
202210,분당선,가천대,7444,7295,14739
202210,분당선,강남구청,5854,7259,13113
202210,분당선,개포동,3185,3120,6305
202210,분당선,구룡,1686,1532,3218
202210,분당선,구성,3931,4068,7999
202210,분당선,기흥,7991,7670,15661
202210,분당선,대모산입구,3506,3209,6715
202210,분당선,도곡,5850,5146,10996
202210,분당선,망포,11042,10048,21090
202210,분당선,매교,3380,3453,6833
202210,분당선,매탄권선,4209,3946,8155
202210,분당선,모란,17706,18076,35782
202210,분당선,미금,11764,12143,23907
202210,분당선,보정,1942,1751,3693
202210,분당선,복정,1,0,1
202210,분당선,상갈,4641,4566,9207
202210,분당선,서울숲,11819,12739,24558
202210,분당선,서현,20625,21189,41814
202210,분당선,선릉,5848,9176,15024
202210,분당선,선정릉,3797,3823,7620
202210,분당선,수내,9787,9297,19084
202210,분당선,수서,12045,12677,24722
202210,분당선,수원,8794,7508,16302
202210,분당선,수원시청,12152,14493,26645
202210,분당선,신갈,3306,3334,6640
202210,분당선,압구정로데오,19248,23623,42871
202210,분당선,야탑,21183,22525,43708
202210,분당선,영통,7850,7878,15728
202210,분당선,오리,8825,7326,16151
202210,분당선,이매,4603,4498,9101
202210,분당선,정자,12413,12803,25216
202210,분당선,죽전,11848,13172,25020
202210,분당선,청명,3444,3368,6812
202210,분당선,태평,11913,11009,22922
202210,분당선,한티,14979,14406,29385
202210,분당선,가천대,4735,5671,10406
202210,분당선,강남구청,3661,4199,7860
202210,분당선,개포동,2308,2321,4629
202210,분당선,구룡,978,1157,2135
202210,분당선,구성,2727,2960,5687
202210,분당선,기흥,5737,5503,11240
202210,분당선,대모산입구,2404,2321,4725
202210,분당선,도곡,3280,3072,6352
202210,분당선,망포,7197,7469,14666
202210,분당선,매교,2396,2411,4807
202210,분당선,매탄권선,3049,2966,6015
202210,분당선,모란,12213,12571,24784
202210,분당선,미금,7817,8440,16257
202210,분당선,보정,1328,1242,2570
202210,분당선,상갈,3281,3397,6678
202210,분당선,서울숲,9076,9350,18426
202210,분당선,서현,15501,15462,30963
202210,분당선,선릉,3251,4856,8107
202210,분당선,선정릉,2384,2389,4773
202210,분당선,수내,6652,6349,13001
202210,분당선,수서,9663,9310,18973
202210,분당선,수원,6710,5750,12460
202210,분당선,수원시청,9063,8956,18019
202210,분당선,신갈,2311,2403,4714
202210,분당선,압구정로데오,12032,13123,25155
202210,분당선,야탑,15679,15873,31552
202210,분당선,영통,5271,5179,10450
202210,분당선,오리,5838,5067,10905
202210,분당선,이매,3593,3730,7323
202210,분당선,정자,8269,8744,17013
202210,분당선,죽전,8590,9445,18035
202210,분당선,청명,2366,2421,4787
202210,분당선,태평,8987,8505,17492
202210,분당선,한티,10648,10047,20695
202210,분당선,가천대,7945,7780,15725
202210,분당선,강남구청,6091,7459,13550
202210,분당선,개포동,3322,3190,6512
202210,분당선,구룡,2312,2020,4332
202210,분당선,구성,4047,4002,8049
202210,분당선,기흥,8448,7728,16176
202210,분당선,대모산입구,3710,3567,7277
202210,분당선,도곡,6119,5261,11380
202210,분당선,망포,11454,9935,21389
202210,분당선,매교,3436,3492,6928
202210,분당선,매탄권선,4340,3943,8283
202210,분당선,모란,25004,26133,51137
202210,분당선,미금,11555,12283,23838
202210,분당선,보정,2016,1867,3883
202210,분당선,복정,4,0,4
202210,분당선,상갈,4712,4581,9293
202210,분당선,서울숲,14191,15685,29876
202210,분당선,서현,20859,21176,42035
202210,분당선,선릉,5969,9373,15342
202210,분당선,선정릉,3848,3836,7684
202210,분당선,수내,10012,9249,19261
202210,분당선,수서,13070,13346,26416
202210,분당선,수원,8916,7569,16485
202210,분당선,수원시청,13130,15784,28914
202210,분당선,신갈,3436,3491,6927
202210,분당선,압구정로데오,20368,26286,46654
202210,분당선,야탑,21345,22051,43396
202210,분당선,영통,7998,7789,15787
202210,분당선,오리,8867,7158,16025
202210,분당선,이매,4990,4934,9924
202210,분당선,정자,12437,12957,25394
202210,분당선,죽전,12839,13858,26697
202210,분당선,청명,3499,3328,6827
202210,분당선,태평,12471,11552,24023
202210,분당선,한티,14873,14263,29136
202210,분당선,가천대,4604,5470,10074
202210,분당선,강남구청,3593,4363,7956
202210,분당선,개포동,2199,2229,4428
202210,분당선,구룡,1028,1156,2184
202210,분당선,구성,2778,3064,5842
202210,분당선,기흥,5943,5646,11589
202210,분당선,대모산입구,2461,2342,4803
202210,분당선,도곡,3634,3375,7009
202210,분당선,망포,7130,7571,14701
202210,분당선,매교,2483,2393,4876
202210,분당선,매탄권선,3158,3009,6167
202210,분당선,모란,11987,12384,24371
202210,분당선,미금,8139,8467,16606
202210,분당선,보정,1320,1227,2547
202210,분당선,복정,1,0,1
202210,분당선,상갈,3377,3541,6918
202210,분당선,서울숲,10540,11297,21837
202210,분당선,서현,14823,14821,29644
202210,분당선,선릉,3256,4964,8220
202210,분당선,선정릉,2198,2271,4469
202210,분당선,수내,6564,6363,12927
202210,분당선,수서,9538,9461,18999
202210,분당선,수원,6688,5700,12388
202210,분당선,수원시청,8846,8584,17430
202210,분당선,신갈,2313,2353,4666
202210,분당선,압구정로데오,12284,13017,25301
202210,분당선,야탑,15343,15732,31075
202210,분당선,영통,5552,5737,11289
202210,분당선,오리,5675,4717,10392
202210,분당선,이매,3863,3946,7809
202210,분당선,정자,8233,8548,16781
202210,분당선,죽전,9118,10101,19219
202210,분당선,청명,2406,2424,4830
202210,분당선,태평,8878,8479,17357
202210,분당선,한티,10535,10143,20678
202211,분당선,가천대,6589,6652,13241
202211,분당선,강남구청,5818,7201,13019
202211,분당선,개포동,3132,2991,6123
202211,분당선,구룡,2232,1994,4226
202211,분당선,구성,3770,3775,7545
202211,분당선,기흥,7605,7224,14829
202211,분당선,대모산입구,3443,3055,6498
202211,분당선,도곡,5474,4733,10207
202211,분당선,망포,10551,9442,19993
202211,분당선,매교,3289,3281,6570
202211,분당선,매탄권선,3994,3669,7663
202211,분당선,모란,16726,17115,33841
202211,분당선,미금,11044,11699,22743
202211,분당선,보정,1921,1745,3666
202211,분당선,복정,1,0,1
202211,분당선,상갈,4319,4162,8481
202211,분당선,서울숲,13249,14858,28107
202211,분당선,서현,20110,20238,40348
202211,분당선,선릉,5522,8891,14413
202211,분당선,선정릉,3841,3829,7670
202211,분당선,수내,9423,8807,18230
202211,분당선,수서,12020,12208,24228
202211,분당선,수원,8433,7326,15759
202211,분당선,수원시청,12550,14722,27272
202211,분당선,신갈,3225,3171,6396
202211,분당선,압구정로데오,19443,23133,42576
202211,분당선,야탑,19988,21262,41250
202211,분당선,영통,7666,7588,15254
202211,분당선,오리,8184,6626,14810
202211,분당선,이매,4538,4573,9111
202211,분당선,정자,11744,12153,23897
202211,분당선,죽전,11120,12319,23439
202211,분당선,청명,3227,3079,6306
202211,분당선,태평,11505,10644,22149
202211,분당선,한티,14112,13653,27765
202211,분당선,가천대,4483,5358,9841
202211,분당선,강남구청,3478,4259,7737
202211,분당선,개포동,2348,2361,4709
202211,분당선,구룡,1014,1199,2213
202211,분당선,구성,2615,2898,5513
202211,분당선,기흥,5597,5274,10871
202211,분당선,대모산입구,2244,2283,4527
202211,분당선,도곡,3530,3368,6898
202211,분당선,망포,7161,7440,14601
202211,분당선,매교,2252,2299,4551
202211,분당선,매탄권선,2726,2736,5462
202211,분당선,모란,12053,12411,24464
202211,분당선,미금,7931,8306,16237
202211,분당선,보정,1317,1249,2566
202211,분당선,상갈,3149,3333,6482
202211,분당선,서울숲,10530,11496,22026
202211,분당선,서현,14508,14679,29187
202211,분당선,선릉,3209,4981,8190
202211,분당선,선정릉,2437,2477,4914
202211,분당선,수내,6502,6155,12657
202211,분당선,수서,9299,9424,18723
202211,분당선,수원,6431,5549,11980
202211,분당선,수원시청,8951,9013,17964
202211,분당선,신갈,2317,2327,4644
202211,분당선,압구정로데오,11209,12555,23764
202211,분당선,야탑,15158,15510,30668
202211,분당선,영통,5395,5424,10819
202211,분당선,오리,5628,4996,10624
202211,분당선,이매,3802,3982,7784
202211,분당선,정자,8082,8314,16396
202211,분당선,죽전,8824,9527,18351
202211,분당선,청명,2343,2426,4769
202211,분당선,태평,8816,8407,17223
202211,분당선,한티,10166,9894,20060
202211,분당선,가천대,6250,6598,12848
202211,분당선,강남구청,5676,7002,12678
202211,분당선,개포동,3027,2936,5963
202211,분당선,구룡,1529,1386,2915
202211,분당선,구성,3539,3808,7347
202211,분당선,기흥,7570,7263,14833
202211,분당선,대모산입구,3256,3101,6357
202211,분당선,도곡,5568,5289,10857
202211,분당선,망포,10124,9322,19446
202211,분당선,매교,3172,3192,6364
202211,분당선,매탄권선,3929,3670,7599
202211,분당선,모란,16329,17023,33352
202211,분당선,미금,10701,11098,21799
202211,분당선,보정,1803,1681,3484
202211,분당선,상갈,3968,4063,8031
202211,분당선,서울숲,10151,10555,20706
202211,분당선,서현,19291,19627,38918
202211,분당선,선릉,5670,8713,14383
202211,분당선,선정릉,3810,3697,7507
202211,분당선,수내,9313,9058,18371
202211,분당선,수서,11702,12090,23792
202211,분당선,수원,8119,6706,14825
202211,분당선,수원시청,12019,14336,26355
202211,분당선,신갈,3050,3040,6090
202211,분당선,압구정로데오,19357,22847,42204
202211,분당선,야탑,19253,20632,39885
202211,분당선,영통,7268,7347,14615
202211,분당선,오리,7948,6502,14450
202211,분당선,이매,3975,4019,7994
202211,분당선,정자,11392,12013,23405
202211,분당선,죽전,10498,11574,22072
202211,분당선,청명,3004,3151,6155
202211,분당선,태평,11385,10722,22107
202211,분당선,한티,12591,12333,24924
202211,분당선,가천대,4518,5417,9935
202211,분당선,강남구청,3495,4020,7515
202211,분당선,개포동,2048,2121,4169
202211,분당선,구룡,949,1095,2044
202211,분당선,구성,2502,2701,5203
202211,분당선,기흥,5304,5107,10411
202211,분당선,대모산입구,2299,2264,4563
202211,분당선,도곡,3047,3019,6066
202211,분당선,망포,6559,6928,13487
202211,분당선,매교,2158,2160,4318
202211,분당선,매탄권선,2811,2674,5485
202211,분당선,모란,11553,11911,23464
202211,분당선,미금,7294,7741,15035
202211,분당선,보정,1230,1130,2360
202211,분당선,복정,1,0,1
202211,분당선,상갈,2945,3042,5987
202211,분당선,서울숲,7613,8065,15678
202211,분당선,서현,14532,14453,28985
202211,분당선,선릉,3116,4790,7906
202211,분당선,선정릉,2212,2207,4419
202211,분당선,수내,6198,5928,12126
202211,분당선,수서,9236,9242,18478
202211,분당선,수원,6327,5417,11744
202211,분당선,수원시청,8297,8430,16727
202211,분당선,신갈,2120,2222,4342
202211,분당선,압구정로데오,10996,12216,23212
202211,분당선,야탑,14661,14989,29650
202211,분당선,영통,5113,5269,10382
202211,분당선,오리,5541,4727,10268
202211,분당선,이매,3455,3554,7009
202211,분당선,정자,7750,8135,15885
202211,분당선,죽전,7939,8799,16738
202211,분당선,청명,2181,2271,4452
202211,분당선,태평,8581,8116,16697
202211,분당선,한티,8426,8187,16613
202211,분당선,가천대,7000,7037,14037
202211,분당선,강남구청,5795,7025,12820
202211,분당선,개포동,3095,3059,6154
202211,분당선,구룡,1695,1512,3207
202211,분당선,구성,3905,4028,7933
202211,분당선,기흥,7937,7235,15172
202211,분당선,대모산입구,3901,3409,7310
202211,분당선,도곡,5885,5330,11215
202211,분당선,망포,10780,9843,20623
202211,분당선,매교,3181,3061,6242
202211,분당선,매탄권선,4057,3740,7797
202211,분당선,모란,23305,24680,47985
202211,분당선,미금,11542,12157,23699
202211,분당선,보정,1939,1810,3749
202211,분당선,상갈,4244,4208,8452
202211,분당선,서울숲,11561,12441,24002
202211,분당선,서현,20206,20558,40764
202211,분당선,선릉,5819,9499,15318
202211,분당선,선정릉,3690,3616,7306
202211,분당선,수내,9757,9133,18890
202211,분당선,수서,12691,12800,25491
202211,분당선,수원,8534,7350,15884
202211,분당선,수원시청,12927,15239,28166
202211,분당선,신갈,3343,3314,6657
202211,분당선,압구정로데오,20122,24695,44817
202211,분당선,야탑,20416,21644,42060
202211,분당선,영통,8224,7809,16033
202211,분당선,오리,8792,7295,16087
202211,분당선,이매,4943,4864,9807
202211,분당선,정자,12172,12587,24759
202211,분당선,죽전,12631,13528,26159
202211,분당선,청명,3209,3074,6283
202211,분당선,태평,11969,11020,22989
202211,분당선,한티,13380,13465,26845
202211,분당선,가천대,4665,5581,10246
202211,분당선,강남구청,3604,4196,7800
202211,분당선,개포동,2342,2389,4731
202211,분당선,구룡,1053,1162,2215
202211,분당선,구성,2702,2790,5492
202211,분당선,기흥,5650,5306,10956
202211,분당선,대모산입구,2622,2570,5192
202211,분당선,도곡,3478,3573,7051
202211,분당선,망포,7049,7346,14395
202211,분당선,매교,2355,2275,4630
202211,분당선,매탄권선,2889,2828,5717
202211,분당선,모란,12015,12139,24154
202211,분당선,미금,7726,8374,16100
202211,분당선,보정,1293,1262,2555
202211,분당선,상갈,3074,3274,6348
202211,분당선,서울숲,9255,9758,19013
202211,분당선,서현,14928,15106,30034
202211,분당선,선릉,3508,5145,8653
202211,분당선,선정릉,2359,2400,4759
202211,분당선,수내,6688,6346,13034
202211,분당선,수서,10061,9541,19602
202211,분당선,수원,6375,5549,11924
202211,분당선,수원시청,8462,8545,17007
202211,분당선,신갈,2321,2336,4657
202211,분당선,압구정로데오,11647,12937,24584
202211,분당선,야탑,15383,15833,31216
202211,분당선,영통,5556,5687,11243
202211,분당선,오리,5741,4824,10565
202211,분당선,이매,4075,4127,8202
202211,분당선,정자,7995,8557,16552
202211,분당선,죽전,9491,10527,20018
202211,분당선,청명,2303,2512,4815
202211,분당선,태평,8817,8152,16969
202211,분당선,한티,9129,9474,18603
202211,분당선,가천대,6502,6530,13032
202211,분당선,강남구청,5967,7226,13193
202211,분당선,개포동,3160,3006,6166
202211,분당선,구룡,2109,1761,3870
202211,분당선,구성,3917,3978,7895
202211,분당선,기흥,7941,7248,15189
202211,분당선,대모산입구,3637,3434,7071
202211,분당선,도곡,6085,5399,11484
202211,분당선,망포,10972,9794,20766
202211,분당선,매교,3275,3192,6467
202211,분당선,매탄권선,4102,3664,7766
202211,분당선,모란,16817,17064,33881
202211,분당선,미금,11036,11716,22752
202211,분당선,보정,1866,1686,3552
202211,분당선,상갈,4119,4159,8278
202211,분당선,서울숲,10570,11163,21733
202211,분당선,서현,20687,20472,41159
202211,분당선,선릉,5906,9159,15065
202211,분당선,선정릉,3870,3783,7653
202211,분당선,수내,9853,9139,18992
202211,분당선,수서,12166,12540,24706
202211,분당선,수원,8246,7088,15334
202211,분당선,수원시청,12404,14621,27025
202211,분당선,신갈,3170,3155,6325
202211,분당선,압구정로데오,20455,24600,45055
202211,분당선,야탑,20058,21061,41119
202211,분당선,영통,7617,7496,15113
202211,분당선,오리,8374,7010,15384
202211,분당선,이매,4490,4496,8986
202211,분당선,정자,11839,12295,24134
202211,분당선,죽전,10971,12089,23060
202211,분당선,청명,3070,2976,6046
202211,분당선,태평,11398,10948,22346
202211,분당선,한티,12686,12629,25315
202211,분당선,가천대,4240,5185,9425
202211,분당선,강남구청,3403,4141,7544
202211,분당선,개포동,2366,2263,4629
202211,분당선,구룡,957,1084,2041
202211,분당선,구성,2636,2816,5452
202211,분당선,기흥,5357,5151,10508
202211,분당선,대모산입구,2495,2433,4928
202211,분당선,도곡,3224,3219,6443
202211,분당선,망포,6861,7163,14024
202211,분당선,매교,2216,2184,4400
202211,분당선,매탄권선,2951,2794,5745
202211,분당선,모란,11849,12139,23988
202211,분당선,미금,7924,8488,16412
202211,분당선,보정,1304,1259,2563
202211,분당선,복정,2,0,2
202211,분당선,상갈,3089,3178,6267
202211,분당선,서울숲,7443,7947,15390
202211,분당선,서현,15214,15246,30460
202211,분당선,선릉,3112,4676,7788
202211,분당선,선정릉,2054,2116,4170
202211,분당선,수내,6382,6218,12600
202211,분당선,수서,9525,9373,18898
202211,분당선,수원,6355,5485,11840
202211,분당선,수원시청,8328,8335,16663
202211,분당선,신갈,2182,2274,4456
202211,분당선,압구정로데오,11607,12801,24408
202211,분당선,야탑,14801,15249,30050
202211,분당선,영통,5469,5528,10997
202211,분당선,오리,5605,4882,10487
202211,분당선,이매,3845,4098,7943
202211,분당선,정자,7892,8210,16102
202211,분당선,죽전,7747,8847,16594
202211,분당선,청명,2207,2378,4585
202211,분당선,태평,8729,8230,16959
202211,분당선,한티,8541,8485,17026
202212,분당선,가천대,6051,6435,12486
202212,분당선,강남구청,5423,6637,12060
202212,분당선,개포동,2853,2794,5647
202212,분당선,구룡,1636,1452,3088
202212,분당선,구성,3557,3674,7231
202212,분당선,기흥,7347,6982,14329
202212,분당선,대모산입구,3256,2995,6251
202212,분당선,도곡,5303,4926,10229
202212,분당선,망포,10231,9523,19754
202212,분당선,매교,3156,3062,6218
202212,분당선,매탄권선,3936,3624,7560
202212,분당선,모란,16432,16825,33257
202212,분당선,미금,10928,11482,22410
202212,분당선,보정,1715,1595,3310
202212,분당선,복정,1,0,1
202212,분당선,상갈,4078,4020,8098
202212,분당선,서울숲,8032,8445,16477
202212,분당선,서현,19822,19835,39657
202212,분당선,선릉,5630,8674,14304
202212,분당선,선정릉,3599,3567,7166
202212,분당선,수내,9288,8550,17838
202212,분당선,수서,11438,12080,23518
202212,분당선,수원,8018,6711,14729
202212,분당선,수원시청,12664,14241,26905
202212,분당선,신갈,3067,3019,6086
202212,분당선,압구정로데오,18561,22275,40836
202212,분당선,야탑,19674,20941,40615
202212,분당선,영통,7490,7474,14964
202212,분당선,오리,8495,6984,15479
202212,분당선,이매,4330,4288,8618
202212,분당선,정자,11687,12000,23687
202212,분당선,죽전,10423,11732,22155
202212,분당선,청명,3096,3006,6102
202212,분당선,태평,11288,10634,21922
202212,분당선,한티,11450,11270,22720
202212,분당선,가천대,4119,4818,8937
202212,분당선,강남구청,3443,3968,7411
202212,분당선,개포동,2215,2180,4395
202212,분당선,구룡,934,1079,2013
202212,분당선,구성,2512,2678,5190
202212,분당선,기흥,5160,5066,10226
202212,분당선,대모산입구,2561,2474,5035
202212,분당선,도곡,3174,3055,6229
202212,분당선,망포,6680,7154,13834
202212,분당선,매교,2155,2155,4310
202212,분당선,매탄권선,2725,2678,5403
202212,분당선,모란,17027,18057,35084
202212,분당선,미금,7997,8377,16374
202212,분당선,보정,1221,1113,2334
202212,분당선,상갈,2922,3029,5951
202212,분당선,서울숲,5318,5619,10937
202212,분당선,서현,14924,14899,29823
202212,분당선,선릉,3119,4652,7771
202212,분당선,선정릉,2063,2186,4249
202212,분당선,수내,6494,6262,12756
202212,분당선,수서,9372,9101,18473
202212,분당선,수원,6118,5151,11269
202212,분당선,수원시청,8271,8135,16406
202212,분당선,신갈,2198,2226,4424
202212,분당선,압구정로데오,10978,11897,22875
202212,분당선,야탑,15357,15588,30945
202212,분당선,영통,5357,5385,10742
202212,분당선,오리,5377,4565,9942
202212,분당선,이매,3409,3638,7047
202212,분당선,정자,7948,8090,16038
202212,분당선,죽전,8178,9374,17552
202212,분당선,청명,2119,2314,4433
202212,분당선,태평,8780,8525,17305
202212,분당선,한티,7563,7672,15235
202212,분당선,가천대,6543,6661,13204
202212,분당선,강남구청,5550,6858,12408
202212,분당선,개포동,3170,3074,6244
202212,분당선,구룡,1939,1713,3652
202212,분당선,구성,3880,3949,7829
202212,분당선,기흥,7729,7064,14793
202212,분당선,대모산입구,3346,3102,6448
202212,분당선,도곡,5536,4998,10534
202212,분당선,망포,11064,9976,21040
202212,분당선,매교,3453,3339,6792
202212,분당선,매탄권선,4114,3686,7800
202212,분당선,모란,17533,18415,35948
202212,분당선,미금,11513,12026,23539
202212,분당선,보정,1919,1717,3636
202212,분당선,상갈,4175,4092,8267
202212,분당선,서울숲,9203,9865,19068
202212,분당선,서현,20956,20921,41877
202212,분당선,선릉,5776,9128,14904
202212,분당선,선정릉,3828,3866,7694
202212,분당선,수내,10047,9260,19307
202212,분당선,수서,11795,12197,23992
202212,분당선,수원,8223,6966,15189
202212,분당선,수원시청,12870,15321,28191
202212,분당선,신갈,3252,3196,6448
202212,분당선,압구정로데오,20227,24339,44566
202212,분당선,야탑,20936,22101,43037
202212,분당선,영통,7792,7794,15586
202212,분당선,오리,8565,7004,15569
202212,분당선,이매,4171,4154,8325
202212,분당선,정자,11953,12330,24283
202212,분당선,죽전,11346,12535,23881
202212,분당선,청명,3297,3111,6408
202212,분당선,태평,11910,11028,22938
202212,분당선,한티,11488,11324,22812
202212,분당선,가천대,4317,5130,9447
202212,분당선,강남구청,3444,4218,7662
202212,분당선,개포동,2152,2164,4316
202212,분당선,구룡,957,1079,2036
202212,분당선,구성,2549,2772,5321
202212,분당선,기흥,5355,5180,10535
202212,분당선,대모산입구,2265,2276,4541
202212,분당선,도곡,3018,3026,6044
202212,분당선,망포,6763,7296,14059
202212,분당선,매교,2311,2291,4602
202212,분당선,매탄권선,2851,2809,5660
202212,분당선,모란,12043,12443,24486
202212,분당선,미금,7881,8467,16348
202212,분당선,보정,1282,1230,2512
202212,분당선,복정,1,0,1
202212,분당선,상갈,2933,3152,6085
202212,분당선,서울숲,6456,6648,13104
202212,분당선,서현,15439,14976,30415
202212,분당선,선릉,3238,4978,8216
202212,분당선,선정릉,2196,2174,4370
202212,분당선,수내,6499,6236,12735
202212,분당선,수서,9219,9121,18340
202212,분당선,수원,6304,5053,11357
202212,분당선,수원시청,8327,8417,16744
202212,분당선,신갈,2238,2256,4494
202212,분당선,압구정로데오,11928,12804,24732
202212,분당선,야탑,15144,15469,30613
202212,분당선,영통,5065,5170,10235
202212,분당선,오리,5565,4778,10343
202212,분당선,이매,3401,3572,6973
202212,분당선,정자,7960,8311,16271
202212,분당선,죽전,8396,9212,17608
202212,분당선,청명,2262,2313,4575
202212,분당선,태평,8945,8666,17611
202212,분당선,한티,7861,7565,15426
202212,분당선,가천대,5984,6374,12358
202212,분당선,강남구청,5982,7497,13479
202212,분당선,개포동,3192,3120,6312
202212,분당선,구룡,1676,1490,3166
202212,분당선,구성,3948,4074,8022
202212,분당선,기흥,8683,7948,16631
202212,분당선,대모산입구,3485,3236,6721
202212,분당선,도곡,5718,5050,10768
202212,분당선,망포,12063,10945,23008
202212,분당선,매교,3425,3360,6785
202212,분당선,매탄권선,4394,3990,8384
202212,분당선,모란,17480,18262,35742
202212,분당선,미금,12254,12769,25023
202212,분당선,보정,1980,1796,3776
202212,분당선,복정,2,0,2
202212,분당선,상갈,4575,4452,9027
202212,분당선,서울숲,9252,9648,18900
202212,분당선,서현,22382,22517,44899
202212,분당선,선릉,6103,9663,15766
202212,분당선,선정릉,3835,3971,7806
202212,분당선,수내,10117,9769,19886
202212,분당선,수서,12521,12618,25139
202212,분당선,수원,9066,7392,16458
202212,분당선,수원시청,13960,16699,30659
202212,분당선,신갈,3473,3293,6766
202212,분당선,압구정로데오,21214,25592,46806
202212,분당선,야탑,22492,23951,46443
202212,분당선,영통,8575,8466,17041
202212,분당선,오리,9115,7251,16366
202212,분당선,이매,4670,4593,9263
202212,분당선,정자,12660,13449,26109
202212,분당선,죽전,12537,13877,26414
202212,분당선,청명,3513,3320,6833
202212,분당선,태평,12208,11321,23529
202212,분당선,한티,11913,11759,23672
202212,분당선,가천대,4103,4666,8769
202212,분당선,강남구청,3453,4076,7529
202212,분당선,개포동,2028,2021,4049
202212,분당선,구룡,776,880,1656
202212,분당선,구성,2398,2648,5046
202212,분당선,기흥,5444,5036,10480
202212,분당선,대모산입구,2205,2157,4362
202212,분당선,도곡,2962,2913,5875
202212,분당선,망포,7077,7729,14806
202212,분당선,매교,2132,2163,4295
202212,분당선,매탄권선,2739,2664,5403
202212,분당선,모란,11259,11602,22861
202212,분당선,미금,7639,8040,15679
202212,분당선,보정,1222,1186,2408
202212,분당선,복정,1,0,1
202212,분당선,상갈,2797,2984,5781
202212,분당선,서울숲,6125,6305,12430
202212,분당선,서현,15453,15302,30755
202212,분당선,선릉,3202,4817,8019
202212,분당선,선정릉,2043,2077,4120
202212,분당선,수내,6164,5973,12137
202212,분당선,수서,9139,8985,18124
202212,분당선,수원,6541,5299,11840
202212,분당선,수원시청,9030,9082,18112
202212,분당선,신갈,2112,2166,4278
202212,분당선,압구정로데오,11955,12867,24822
202212,분당선,야탑,14944,15271,30215
202212,분당선,영통,5483,5508,10991
202212,분당선,오리,5232,4524,9756
202212,분당선,이매,3089,3242,6331
202212,분당선,정자,7612,8063,15675
202212,분당선,죽전,8297,9176,17473
202212,분당선,청명,2205,2312,4517
202212,분당선,태평,8496,8086,16582
202212,분당선,한티,7381,7523,14904
202212,분당선,가천대,4988,5215,10203
202212,분당선,강남구청,4798,5664,10462
202212,분당선,개포동,2612,2537,5149
202212,분당선,구룡,1262,1096,2358
202212,분당선,구성,3149,3244,6393
202212,분당선,기흥,6966,6399,13365
202212,분당선,대모산입구,3012,2702,5714
202212,분당선,도곡,4672,4114,8786
202212,분당선,망포,9802,9107,18909
202212,분당선,매교,2985,2911,5896
202212,분당선,매탄권선,3669,3441,7110
202212,분당선,모란,18431,19423,37854
202212,분당선,미금,10214,10715,20929
202212,분당선,보정,1570,1545,3115
202212,분당선,복정,2,0,2
202212,분당선,상갈,3680,3666,7346
202212,분당선,서울숲,9642,10048,19690
202212,분당선,서현,21596,21680,43276
202212,분당선,선릉,4658,6922,11580
202212,분당선,선정릉,3027,2916,5943
202212,분당선,수내,8705,8261,16966
202212,분당선,수서,10466,11253,21719
202212,분당선,수원,8024,6856,14880
202212,분당선,수원시청,11294,13525,24819
202212,분당선,신갈,2749,2715,5464
202212,분당선,압구정로데오,19382,24249,43631
202212,분당선,야탑,17934,18853,36787
202212,분당선,영통,8678,7775,16453
202212,분당선,오리,7293,5895,13188
202212,분당선,이매,3725,3852,7577
202212,분당선,정자,10611,11015,21626
202212,분당선,죽전,10197,11405,21602
202212,분당선,청명,2693,2532,5225
202212,분당선,태평,11141,10207,21348
202212,분당선,한티,12155,11281,23436
202212,분당선,가천대,3569,4208,7777
202212,분당선,강남구청,2571,3013,5584
202212,분당선,개포동,1982,2036,4018
202212,분당선,구룡,865,1031,1896
202212,분당선,구성,2505,2699,5204
202212,분당선,기흥,5731,5398,11129
202212,분당선,대모산입구,2196,2071,4267
202212,분당선,도곡,2631,2666,5297
202212,분당선,망포,7257,7541,14798
202212,분당선,매교,2234,2294,4528
202212,분당선,매탄권선,3043,2838,5881
202212,분당선,모란,11629,12398,24027
202212,분당선,미금,7908,8352,16260
202212,분당선,보정,1280,1197,2477
202212,분당선,상갈,3099,3135,6234
202212,분당선,서울숲,7785,8104,15889
202212,분당선,서현,20000,19827,39827
202212,분당선,선릉,2631,3964,6595
202212,분당선,선정릉,1917,1839,3756
202212,분당선,수내,6054,5817,11871
202212,분당선,수서,8801,8747,17548
202212,분당선,수원,7093,5962,13055
202212,분당선,수원시청,8751,8709,17460
202212,분당선,신갈,2153,2149,4302
202212,분당선,압구정로데오,13007,14743,27750
202212,분당선,야탑,14552,14699,29251
202212,분당선,영통,5874,5806,11680
202212,분당선,오리,5192,4325,9517
202212,분당선,이매,3423,3533,6956
202212,분당선,정자,7717,8138,15855
202212,분당선,죽전,8158,9307,17465
202212,분당선,청명,2068,2122,4190
202212,분당선,태평,8842,8221,17063
202212,분당선,한티,8401,8185,16586
202212,분당선,가천대,4536,4422,8958
202212,분당선,강남구청,3835,4330,8165
202212,분당선,개포동,2442,2370,4812
202212,분당선,구룡,1099,949,2048
202212,분당선,구성,2876,3021,5897
202212,분당선,기흥,6187,5663,11850
202212,분당선,대모산입구,2799,2517,5316
202212,분당선,도곡,3882,3699,7581
202212,분당선,망포,8577,7667,16244
202212,분당선,매교,2688,2530,5218
202212,분당선,매탄권선,3218,3015,6233
202212,분당선,모란,14158,15026,29184
202212,분당선,미금,9922,10209,20131
202212,분당선,보정,1496,1447,2943
202212,분당선,복정,1,0,1
202212,분당선,상갈,3593,3329,6922
202212,분당선,서울숲,7018,7274,14292
202212,분당선,서현,17435,18077,35512
202212,분당선,선릉,4179,5746,9925
202212,분당선,선정릉,2426,2259,4685
202212,분당선,수내,8200,7643,15843
202212,분당선,수서,7865,8797,16662
202212,분당선,수원,7255,6344,13599
202212,분당선,수원시청,9481,11755,21236
202212,분당선,신갈,2569,2538,5107
202212,분당선,압구정로데오,15874,19768,35642
202212,분당선,야탑,16333,17179,33512
202212,분당선,영통,6508,6279,12787
202212,분당선,오리,6499,5267,11766
202212,분당선,이매,3894,3849,7743
202212,분당선,정자,9644,9991,19635
202212,분당선,죽전,9158,10564,19722
202212,분당선,청명,2436,2250,4686
202212,분당선,태평,10284,9488,19772
202212,분당선,한티,12141,11425,23566
