사용월,호선명,지하철역,승차총승객수,하차총승객수,승하차총승객수
202201,안산선,고잔,3162,3166,6328
202201,안산선,대야미,2182,1982,4164
202201,안산선,반월,1970,1970,3940
202201,안산선,산본,6805,6259,13064
202201,안산선,상록수,7257,7467,14724
202201,안산선,수리산,1548,1470,3018
202201,안산선,신길온천,869,821,1690
202201,안산선,안산,7473,7880,15353
202201,안산선,오이도,5359,5296,10655
202201,안산선,정왕,4086,4310,8396
202201,안산선,중앙,9574,9814,19388
202201,안산선,초지,1778,1866,3644
202201,안산선,한대앞,4099,4233,8332
202201,안산선,고잔,3616,3179,6795
202201,안산선,대야미,2394,2096,4490
202201,안산선,반월,2035,2075,4110
202201,안산선,산본,7632,6913,14545
202201,안산선,상록수,7844,7605,15449
202201,안산선,수리산,1707,1701,3408
202201,안산선,신길온천,991,896,1887
202201,안산선,안산,8478,7527,16005
202201,안산선,오이도,4978,4911,9889
202201,안산선,정왕,4372,4918,9290
202201,안산선,중앙,10335,9847,20182
202201,안산선,초지,2001,1852,3853
202201,안산선,한대앞,4433,4229,8662
202201,안산선,고잔,5712,5600,11312
202201,안산선,대야미,3638,3145,6783
202201,안산선,반월,3010,2788,5798
202201,안산선,산본,11638,12483,24121
202201,안산선,상록수,11507,11720,23227
202201,안산선,수리산,2541,2335,4876
202201,안산선,신길온천,1244,1188,2432
202201,안산선,안산,8376,8474,16850
202201,안산선,오이도,6576,6806,13382
202201,안산선,정왕,5818,5839,11657
202201,안산선,중앙,14741,15184,29925
202201,안산선,초지,3015,3069,6084
202201,안산선,한대앞,6725,6578,13303
202201,안산선,고잔,4035,3817,7852
202201,안산선,대야미,2525,2314,4839
202201,안산선,반월,2262,2204,4466
202201,안산선,산본,8032,8553,16585
202201,안산선,상록수,8296,8188,16484
202201,안산선,수리산,1821,1877,3698
202201,안산선,신길온천,979,958,1937
202201,안산선,안산,7911,7542,15453
202201,안산선,오이도,5068,4940,10008
202201,안산선,정왕,4453,5002,9455
202201,안산선,중앙,10621,10594,21215
202201,안산선,초지,2053,2098,4151
202201,안산선,한대앞,4685,4748,9433
202201,안산선,고잔,6090,5851,11941
202201,안산선,대야미,3433,3100,6533
202201,안산선,반월,3149,2984,6133
202201,안산선,산본,11572,12325,23897
202201,안산선,상록수,11105,11260,22365
202201,안산선,수리산,2679,2451,5130
202201,안산선,신길온천,1215,1200,2415
202201,안산선,안산,8467,8826,17293
202201,안산선,오이도,6586,6637,13223
202201,안산선,정왕,5747,5808,11555
202201,안산선,중앙,14733,15271,30004
202201,안산선,초지,3121,3230,6351
202201,안산선,한대앞,6517,6517,13034
202201,안산선,고잔,4027,3746,7773
202201,안산선,대야미,2561,2307,4868
202201,안산선,반월,2156,2192,4348
202201,안산선,산본,8014,8563,16577
202201,안산선,상록수,8365,8264,16629
202201,안산선,수리산,1834,1821,3655
202201,안산선,신길온천,943,936,1879
202201,안산선,안산,8229,7709,15938
202201,안산선,오이도,4945,4974,9919
202201,안산선,정왕,4373,4901,9274
202201,안산선,중앙,10802,10677,21479
202201,안산선,초지,2221,2163,4384
202201,안산선,한대앞,4792,4722,9514
202201,안산선,고잔,6147,6153,12300
202201,안산선,대야미,3560,3058,6618
202201,안산선,반월,3103,2963,6066
202201,안산선,산본,11816,12575,24391
202201,안산선,상록수,11706,11758,23464
202201,안산선,수리산,2645,2371,5016
202201,안산선,신길온천,1298,1212,2510
202201,안산선,안산,8541,8656,17197
202201,안산선,오이도,6608,6921,13529
202201,안산선,정왕,5803,5985,11788
202201,안산선,중앙,15709,15847,31556
202201,안산선,초지,3235,3203,6438
202201,안산선,한대앞,6636,6621,13257
202201,안산선,고잔,4076,3917,7993
202201,안산선,대야미,2637,2441,5078
202201,안산선,반월,2341,2310,4651
202201,안산선,산본,8186,8755,16941
202201,안산선,상록수,8363,8235,16598
202201,안산선,수리산,1912,1957,3869
202201,안산선,신길온천,1028,975,2003
202201,안산선,안산,8156,7754,15910
202201,안산선,오이도,5032,5028,10060
202201,안산선,정왕,4775,5135,9910
202201,안산선,중앙,11291,11076,22367
202201,안산선,초지,2271,2224,4495
202201,안산선,한대앞,4738,4858,9596
202201,안산선,고잔,4433,4282,8715
202201,안산선,대야미,3033,2752,5785
202201,안산선,반월,2774,2575,5349
202201,안산선,산본,10017,10358,20375
202201,안산선,상록수,9553,9906,19459
202201,안산선,수리산,2353,2044,4397
202201,안산선,신길온천,1080,1058,2138
202201,안산선,안산,8458,9160,17618
202201,안산선,오이도,5294,5728,11022
202201,안산선,정왕,5526,5148,10674
202201,안산선,중앙,11892,12464,24356
202201,안산선,초지,2460,2514,4974
202201,안산선,한대앞,5611,5471,11082
202201,안산선,고잔,3103,3076,6179
202201,안산선,대야미,2333,2006,4339
202201,안산선,반월,2086,2044,4130
202201,안산선,산본,7104,7393,14497
202201,안산선,상록수,7632,7755,15387
202201,안산선,수리산,1668,1564,3232
202201,안산선,신길온천,830,835,1665
202201,안산선,안산,8909,9676,18585
202201,안산선,오이도,4213,4450,8663
202201,안산선,정왕,4711,4556,9267
202201,안산선,중앙,8525,9048,17573
202201,안산선,초지,1702,1920,3622
202201,안산선,한대앞,4278,4335,8613
202202,안산선,고잔,4656,4520,9176
202202,안산선,대야미,3053,2705,5758
202202,안산선,반월,2568,2464,5032
202202,안산선,산본,10173,10754,20927
202202,안산선,상록수,9517,9728,19245
202202,안산선,수리산,2295,2038,4333
202202,안산선,신길온천,1056,983,2039
202202,안산선,안산,6984,6783,13767
202202,안산선,오이도,5404,5657,11061
202202,안산선,정왕,4610,4708,9318
202202,안산선,중앙,12233,12594,24827
202202,안산선,초지,2606,2541,5147
202202,안산선,한대앞,5432,5529,10961
202202,안산선,고잔,3337,3140,6477
202202,안산선,대야미,2119,2012,4131
202202,안산선,반월,1876,1894,3770
202202,안산선,산본,7115,7615,14730
202202,안산선,상록수,7171,7175,14346
202202,안산선,수리산,1596,1570,3166
202202,안산선,신길온천,763,737,1500
202202,안산선,안산,6419,6079,12498
202202,안산선,오이도,4095,4077,8172
202202,안산선,정왕,3549,3836,7385
202202,안산선,중앙,8859,8797,17656
202202,안산선,초지,1686,1731,3417
202202,안산선,한대앞,4009,3953,7962
202202,안산선,고잔,5546,5605,11151
202202,안산선,대야미,3429,3017,6446
202202,안산선,반월,2990,2832,5822
202202,안산선,산본,11087,11994,23081
202202,안산선,상록수,10936,10915,21851
202202,안산선,수리산,2485,2235,4720
202202,안산선,신길온천,1168,1155,2323
202202,안산선,안산,8122,8219,16341
202202,안산선,오이도,6343,6487,12830
202202,안산선,정왕,5574,5667,11241
202202,안산선,중앙,13777,14069,27846
202202,안산선,초지,2864,2894,5758
202202,안산선,한대앞,6086,6137,12223
202202,안산선,고잔,3867,3700,7567
202202,안산선,대야미,2527,2346,4873
202202,안산선,반월,2151,2117,4268
202202,안산선,산본,7674,8105,15779
202202,안산선,상록수,7940,7719,15659
202202,안산선,수리산,1797,1735,3532
202202,안산선,신길온천,950,897,1847
202202,안산선,안산,7420,6794,14214
202202,안산선,오이도,4762,4871,9633
202202,안산선,정왕,4206,4701,8907
202202,안산선,중앙,9886,9721,19607
202202,안산선,초지,1997,2028,4025
202202,안산선,한대앞,4495,4472,8967
202202,안산선,고잔,5246,5300,10546
202202,안산선,대야미,3222,2814,6036
202202,안산선,반월,2897,2707,5604
202202,안산선,산본,10681,11482,22163
202202,안산선,상록수,10536,10730,21266
202202,안산선,수리산,2546,2258,4804
202202,안산선,신길온천,1128,1143,2271
202202,안산선,안산,7667,7833,15500
202202,안산선,오이도,5974,6168,12142
202202,안산선,정왕,5276,5297,10573
202202,안산선,중앙,12903,13486,26389
202202,안산선,초지,2790,2849,5639
202202,안산선,한대앞,5963,5902,11865
202202,안산선,고잔,3812,3724,7536
202202,안산선,대야미,2327,2165,4492
202202,안산선,반월,1974,1925,3899
202202,안산선,산본,7201,7695,14896
202202,안산선,상록수,7376,7416,14792
202202,안산선,수리산,1667,1668,3335
202202,안산선,신길온천,844,807,1651
202202,안산선,안산,7136,6539,13675
202202,안산선,오이도,4526,4403,8929
202202,안산선,정왕,4054,4257,8311
202202,안산선,중앙,9173,9108,18281
202202,안산선,초지,1862,1862,3724
202202,안산선,한대앞,4352,4262,8614
202202,안산선,고잔,5350,5277,10627
202202,안산선,대야미,3149,2840,5989
202202,안산선,반월,2798,2575,5373
202202,안산선,산본,10143,10892,21035
202202,안산선,상록수,10245,10383,20628
202202,안산선,수리산,2393,2086,4479
202202,안산선,신길온천,1127,1069,2196
202202,안산선,안산,7481,7733,15214
202202,안산선,오이도,5742,5788,11530
202202,안산선,정왕,5335,5396,10731
202202,안산선,중앙,12519,13087,25606
202202,안산선,초지,2625,2628,5253
202202,안산선,한대앞,5732,5793,11525
202202,안산선,고잔,3783,3706,7489
202202,안산선,대야미,2471,2294,4765
202202,안산선,반월,2106,2084,4190
202202,안산선,산본,7648,7936,15584
202202,안산선,상록수,7840,8019,15859
202202,안산선,수리산,1810,1768,3578
202202,안산선,신길온천,923,880,1803
202202,안산선,안산,7833,7307,15140
202202,안산선,오이도,4994,5117,10111
202202,안산선,정왕,4438,4670,9108
202202,안산선,중앙,10142,9917,20059
202202,안산선,초지,1961,1957,3918
202202,안산선,한대앞,4674,4437,9111
202203,안산선,고잔,5045,4984,10029
202203,안산선,대야미,3309,2983,6292
202203,안산선,반월,2836,2653,5489
202203,안산선,산본,10531,11028,21559
202203,안산선,상록수,10492,10633,21125
202203,안산선,수리산,2458,2177,4635
202203,안산선,신길온천,1127,1108,2235
202203,안산선,안산,7778,7923,15701
202203,안산선,오이도,5731,6044,11775
202203,안산선,정왕,5610,5749,11359
202203,안산선,중앙,12880,13285,26165
202203,안산선,초지,2700,2777,5477
202203,안산선,한대앞,6107,5959,12066
202203,안산선,고잔,3590,3437,7027
202203,안산선,대야미,2327,2171,4498
202203,안산선,반월,2064,2059,4123
202203,안산선,산본,7229,7661,14890
202203,안산선,상록수,7480,7420,14900
202203,안산선,수리산,1710,1577,3287
202203,안산선,신길온천,858,843,1701
202203,안산선,안산,7561,7034,14595
202203,안산선,오이도,4466,4280,8746
202203,안산선,정왕,4241,4777,9018
202203,안산선,중앙,9497,9233,18730
202203,안산선,초지,1849,1810,3659
202203,안산선,한대앞,4298,4456,8754
202203,안산선,고잔,5472,5518,10990
202203,안산선,대야미,3600,3122,6722
202203,안산선,반월,3082,2815,5897
202203,안산선,산본,10693,11566,22259
202203,안산선,상록수,10791,10949,21740
202203,안산선,수리산,2557,2346,4903
202203,안산선,신길온천,1219,1235,2454
202203,안산선,안산,8202,8329,16531
202203,안산선,오이도,6288,6370,12658
202203,안산선,정왕,5743,5705,11448
202203,안산선,중앙,13584,13952,27536
202203,안산선,초지,2823,2761,5584
202203,안산선,한대앞,6488,6305,12793
202203,안산선,고잔,3358,3158,6516
202203,안산선,대야미,1998,1971,3969
202203,안산선,반월,1830,1906,3736
202203,안산선,산본,6563,6901,13464
202203,안산선,상록수,6908,6897,13805
202203,안산선,수리산,1538,1353,2891
202203,안산선,신길온천,859,791,1650
202203,안산선,안산,7170,6632,13802
202203,안산선,오이도,3963,3795,7758
202203,안산선,정왕,4119,4771,8890
202203,안산선,중앙,8827,8790,17617
202203,안산선,초지,1661,1589,3250
202203,안산선,한대앞,4074,4129,8203
202203,안산선,고잔,4899,4772,9671
202203,안산선,대야미,2732,2410,5142
202203,안산선,반월,2525,2388,4913
202203,안산선,산본,9761,10527,20288
202203,안산선,상록수,9679,9923,19602
202203,안산선,수리산,2216,1838,4054
202203,안산선,신길온천,1117,1042,2159
202203,안산선,안산,7291,7528,14819
202203,안산선,오이도,5154,5362,10516
202203,안산선,정왕,5206,5093,10299
202203,안산선,중앙,12401,12644,25045
202203,안산선,초지,2507,2540,5047
202203,안산선,한대앞,5792,5561,11353
202203,안산선,고잔,3924,3733,7657
202203,안산선,대야미,2587,2413,5000
202203,안산선,반월,2132,2116,4248
202203,안산선,산본,7736,8188,15924
202203,안산선,상록수,7944,7748,15692
202203,안산선,수리산,1893,1784,3677
202203,안산선,신길온천,978,948,1926
202203,안산선,안산,8027,7457,15484
202203,안산선,오이도,4872,4715,9587
202203,안산선,정왕,4535,5078,9613
202203,안산선,중앙,10055,10017,20072
202203,안산선,초지,1966,1889,3855
202203,안산선,한대앞,4608,4667,9275
202203,안산선,고잔,5548,5487,11035
202203,안산선,대야미,3169,2819,5988
202203,안산선,반월,2799,2597,5396
202203,안산선,산본,10450,11322,21772
202203,안산선,상록수,10401,10488,20889
202203,안산선,수리산,2461,1956,4417
202203,안산선,신길온천,1215,1132,2347
202203,안산선,안산,7731,8052,15783
202203,안산선,오이도,5781,5980,11761
202203,안산선,정왕,5675,5692,11367
202203,안산선,중앙,13422,14030,27452
202203,안산선,초지,2748,2803,5551
202203,안산선,한대앞,6305,6039,12344
202203,안산선,고잔,3905,3789,7694
202203,안산선,대야미,2957,2598,5555
202203,안산선,반월,2370,2331,4701
202203,안산선,산본,8158,8474,16632
202203,안산선,상록수,8203,8149,16352
202203,안산선,수리산,2013,1990,4003
202203,안산선,신길온천,1074,1008,2082
202203,안산선,안산,8564,7754,16318
202203,안산선,오이도,5389,5313,10702
202203,안산선,정왕,4845,5325,10170
202203,안산선,중앙,10995,10669,21664
202203,안산선,초지,2093,2030,4123
202203,안산선,한대앞,5014,5127,10141
202204,안산선,고잔,5967,6089,12056
202204,안산선,대야미,3977,3572,7549
202204,안산선,반월,3277,2997,6274
202204,안산선,산본,11825,12643,24468
202204,안산선,상록수,11823,11851,23674
202204,안산선,수리산,2863,2576,5439
202204,안산선,신길온천,1404,1339,2743
202204,안산선,안산,8720,9046,17766
202204,안산선,오이도,7268,7434,14702
202204,안산선,정왕,6156,6093,12249
202204,안산선,중앙,15227,15806,31033
202204,안산선,초지,3258,3304,6562
202204,안산선,한대앞,7246,6898,14144
202204,안산선,고잔,4311,4135,8446
202204,안산선,대야미,3156,2845,6001
202204,안산선,반월,2309,2369,4678
202204,안산선,산본,8571,9158,17729
202204,안산선,상록수,8658,8536,17194
202204,안산선,수리산,2086,2079,4165
202204,안산선,신길온천,1087,1030,2117
202204,안산선,안산,8747,8058,16805
202204,안산선,오이도,5621,5466,11087
202204,안산선,정왕,4981,5538,10519
202204,안산선,중앙,10992,10898,21890
202204,안산선,초지,2230,2211,4441
202204,안산선,한대앞,5185,5306,10491
202204,안산선,고잔,6770,6735,13505
202204,안산선,대야미,4328,3693,8021
202204,안산선,반월,3441,3176,6617
202204,안산선,산본,13104,13832,26936
202204,안산선,상록수,12599,12254,24853
202204,안산선,수리산,3055,2709,5764
202204,안산선,신길온천,1509,1463,2972
202204,안산선,안산,9405,9716,19121
202204,안산선,오이도,7444,7571,15015
202204,안산선,정왕,6826,6725,13551
202204,안산선,중앙,16042,17036,33078
202204,안산선,초지,3483,3607,7090
202204,안산선,한대앞,7713,7330,15043
202204,안산선,고잔,5125,4950,10075
202204,안산선,대야미,3439,3120,6559
202204,안산선,반월,2677,2599,5276
202204,안산선,산본,9617,10181,19798
202204,안산선,상록수,9828,9721,19549
202204,안산선,수리산,2349,2256,4605
202204,안산선,신길온천,1280,1241,2521
202204,안산선,안산,9759,9062,18821
202204,안산선,오이도,6172,6079,12251
202204,안산선,정왕,5818,6270,12088
202204,안산선,중앙,12633,12259,24892
202204,안산선,초지,2750,2811,5561
202204,안산선,한대앞,5680,5891,11571
202204,안산선,고잔,6959,6805,13764
202204,안산선,대야미,4554,3870,8424
202204,안산선,반월,3550,3231,6781
202204,안산선,산본,13047,13877,26924
202204,안산선,상록수,12785,12603,25388
202204,안산선,수리산,3065,2996,6061
202204,안산선,신길온천,1535,1487,3022
202204,안산선,안산,9997,10205,20202
202204,안산선,오이도,7870,8041,15911
202204,안산선,정왕,7019,7013,14032
202204,안산선,중앙,16387,17136,33523
202204,안산선,초지,3608,3742,7350
202204,안산선,한대앞,7738,7527,15265
202204,안산선,고잔,7583,7304,14887
202204,안산선,대야미,3364,3074,6438
202204,안산선,반월,2781,2653,5434
202204,안산선,산본,9318,9984,19302
202204,안산선,상록수,9525,9476,19001
202204,안산선,수리산,2460,2572,5032
202204,안산선,신길온천,1222,1106,2328
202204,안산선,안산,10835,10318,21153
202204,안산선,오이도,6295,6074,12369
202204,안산선,정왕,5561,5780,11341
202204,안산선,중앙,11996,11816,23812
202204,안산선,초지,2530,2518,5048
202204,안산선,한대앞,5666,5621,11287
202204,안산선,고잔,6894,6865,13759
202204,안산선,대야미,4645,3936,8581
202204,안산선,반월,3671,3422,7093
202204,안산선,산본,13913,14471,28384
202204,안산선,상록수,13148,12955,26103
202204,안산선,수리산,5137,5487,10624
202204,안산선,신길온천,1680,1549,3229
202204,안산선,안산,9912,10222,20134
202204,안산선,오이도,8161,8387,16548
202204,안산선,정왕,7064,6984,14048
202204,안산선,중앙,16505,17711,34216
202204,안산선,초지,3497,3475,6972
202204,안산선,한대앞,7739,7490,15229
202204,안산선,고잔,4915,4783,9698
202204,안산선,대야미,3601,3070,6671
202204,안산선,반월,2726,2790,5516
202204,안산선,산본,10019,9997,20016
202204,안산선,상록수,10041,9727,19768
202204,안산선,수리산,5143,5966,11109
202204,안산선,신길온천,1225,1180,2405
202204,안산선,안산,10130,9335,19465
202204,안산선,오이도,6193,6039,12232
202204,안산선,정왕,5691,6066,11757
202204,안산선,중앙,11889,11686,23575
202204,안산선,초지,2594,2523,5117
202204,안산선,한대앞,5521,5709,11230
202204,안산선,고잔,7490,7592,15082
202204,안산선,대야미,4839,4056,8895
202204,안산선,반월,3783,3463,7246
202204,안산선,산본,14611,15087,29698
202204,안산선,상록수,13954,13776,27730
202204,안산선,수리산,5089,5561,10650
202204,안산선,신길온천,1661,1643,3304
202204,안산선,안산,10391,10570,20961
202204,안산선,오이도,8844,8815,17659
202204,안산선,정왕,7482,7351,14833
202204,안산선,중앙,18302,19164,37466
202204,안산선,초지,3979,3864,7843
202204,안산선,한대앞,8411,8052,16463
202205,안산선,고잔,5366,5049,10415
202205,안산선,대야미,3698,3197,6895
202205,안산선,반월,2999,2876,5875
202205,안산선,산본,10901,11109,22010
202205,안산선,상록수,10516,10543,21059
202205,안산선,수리산,4528,5347,9875
202205,안산선,신길온천,1352,1262,2614
202205,안산선,안산,10531,9936,20467
202205,안산선,오이도,6860,6659,13519
202205,안산선,정왕,5986,6491,12477
202205,안산선,중앙,13825,13649,27474
202205,안산선,초지,2824,2856,5680
202205,안산선,한대앞,5947,6395,12342
202205,안산선,고잔,7167,7379,14546
202205,안산선,대야미,4107,3556,7663
202205,안산선,반월,3591,3352,6943
202205,안산선,산본,12870,13873,26743
202205,안산선,상록수,13165,12914,26079
202205,안산선,수리산,3239,2884,6123
202205,안산선,신길온천,1617,1561,3178
202205,안산선,안산,10225,10831,21056
202205,안산선,오이도,8275,8304,16579
202205,안산선,정왕,7329,7090,14419
202205,안산선,중앙,16831,18346,35177
202205,안산선,초지,3689,3711,7400
202205,안산선,한대앞,7588,7453,15041
202205,안산선,고잔,6190,5980,12170
202205,안산선,대야미,3427,3126,6553
202205,안산선,반월,2775,2739,5514
202205,안산선,산본,9259,9840,19099
202205,안산선,상록수,10502,10188,20690
202205,안산선,수리산,2354,2304,4658
202205,안산선,신길온천,1376,1251,2627
202205,안산선,안산,10970,9795,20765
202205,안산선,오이도,6261,5893,12154
202205,안산선,정왕,5787,6765,12552
202205,안산선,중앙,13422,13007,26429
202205,안산선,초지,2643,2515,5158
202205,안산선,한대앞,5745,5960,11705
202205,안산선,고잔,7548,7684,15232
202205,안산선,대야미,4865,4219,9084
202205,안산선,반월,4084,3743,7827
202205,안산선,산본,14520,15593,30113
202205,안산선,상록수,14537,14430,28967
202205,안산선,수리산,3449,3224,6673
202205,안산선,신길온천,1776,1624,3400
202205,안산선,안산,10830,11029,21859
202205,안산선,오이도,9209,9313,18522
202205,안산선,정왕,7801,7718,15519
202205,안산선,중앙,19030,19989,39019
202205,안산선,초지,4264,4054,8318
202205,안산선,한대앞,8823,8616,17439
202205,안산선,고잔,5285,5211,10496
202205,안산선,대야미,3728,3411,7139
202205,안산선,반월,3030,2905,5935
202205,안산선,산본,10466,11036,21502
202205,안산선,상록수,10714,10702,21416
202205,안산선,수리산,2533,2582,5115
202205,안산선,신길온천,1532,1386,2918
202205,안산선,안산,11417,10515,21932
202205,안산선,오이도,7474,6994,14468
202205,안산선,정왕,6206,6812,13018
202205,안산선,중앙,14082,13956,28038
202205,안산선,초지,2983,2941,5924
202205,안산선,한대앞,6333,6546,12879
202205,안산선,고잔,8121,7951,16072
202205,안산선,대야미,4926,4290,9216
202205,안산선,반월,4079,3843,7922
202205,안산선,산본,14659,15550,30209
202205,안산선,상록수,14492,14259,28751
202205,안산선,수리산,3333,3031,6364
202205,안산선,신길온천,1798,1664,3462
202205,안산선,안산,10851,11018,21869
202205,안산선,오이도,9387,9358,18745
202205,안산선,정왕,7929,7727,15656
202205,안산선,중앙,18650,19678,38328
202205,안산선,초지,4080,4065,8145
202205,안산선,한대앞,8915,8638,17553
202205,안산선,고잔,5779,5731,11510
202205,안산선,대야미,3658,3312,6970
202205,안산선,반월,2879,2863,5742
202205,안산선,산본,10374,11034,21408
202205,안산선,상록수,10763,10369,21132
202205,안산선,수리산,2469,2428,4897
202205,안산선,신길온천,1420,1325,2745
202205,안산선,안산,11233,10305,21538
202205,안산선,오이도,7017,6834,13851
202205,안산선,정왕,6327,6938,13265
202205,안산선,중앙,13944,13782,27726
202205,안산선,초지,2907,2819,5726
202205,안산선,한대앞,6097,6208,12305
202205,안산선,고잔,7413,7398,14811
202205,안산선,대야미,4707,4109,8816
202205,안산선,반월,4002,3685,7687
202205,안산선,산본,14729,15504,30233
202205,안산선,상록수,14144,13934,28078
202205,안산선,수리산,3357,3025,6382
202205,안산선,신길온천,1705,1628,3333
202205,안산선,안산,10745,11064,21809
202205,안산선,오이도,9167,9140,18307
202205,안산선,정왕,7659,7742,15401
202205,안산선,중앙,18803,19621,38424
202205,안산선,초지,4176,3986,8162
202205,안산선,한대앞,8780,8118,16898
202205,안산선,고잔,5947,5821,11768
202205,안산선,대야미,3528,3184,6712
202205,안산선,반월,2873,2868,5741
202205,안산선,산본,10173,10966,21139
202205,안산선,상록수,10555,10524,21079
202205,안산선,수리산,2518,2455,4973
202205,안산선,신길온천,1391,1317,2708
202205,안산선,안산,10935,10009,20944
202205,안산선,오이도,6742,6450,13192
202205,안산선,정왕,6159,6706,12865
202205,안산선,중앙,13487,13496,26983
202205,안산선,초지,2882,2751,5633
202205,안산선,한대앞,6257,6218,12475
202206,안산선,고잔,6726,6659,13385
202206,안산선,대야미,4219,3631,7850
202206,안산선,반월,3856,3528,7384
202206,안산선,산본,13451,14078,27529
202206,안산선,상록수,13284,12901,26185
202206,안산선,수리산,3128,2701,5829
202206,안산선,신길온천,1649,1560,3209
202206,안산선,안산,10699,11116,21815
202206,안산선,오이도,8486,8906,17392
202206,안산선,정왕,7587,7630,15217
202206,안산선,중앙,16786,17641,34427
202206,안산선,초지,3687,3620,7307
202206,안산선,한대앞,7884,7687,15571
202206,안산선,고잔,4847,4854,9701
202206,안산선,대야미,3369,2969,6338
202206,안산선,반월,2772,2734,5506
202206,안산선,산본,9670,10350,20020
202206,안산선,상록수,10177,9866,20043
202206,안산선,수리산,2405,2280,4685
202206,안산선,신길온천,1375,1254,2629
202206,안산선,안산,11542,10679,22221
202206,안산선,오이도,7014,7076,14090
202206,안산선,정왕,6112,6196,12308
202206,안산선,중앙,12734,13406,26140
202206,안산선,초지,2898,2740,5638
202206,안산선,한대앞,5975,5865,11840
202206,안산선,고잔,7421,7339,14760
202206,안산선,대야미,4573,3959,8532
202206,안산선,반월,3984,3674,7658
202206,안산선,산본,13927,14818,28745
202206,안산선,상록수,13912,13630,27542
202206,안산선,수리산,3365,3049,6414
202206,안산선,신길온천,1786,1610,3396
202206,안산선,안산,10584,11234,21818
202206,안산선,오이도,8809,8844,17653
202206,안산선,정왕,7649,7554,15203
202206,안산선,중앙,17855,18975,36830
202206,안산선,초지,3987,3818,7805
202206,안산선,한대앞,8372,8215,16587
202206,안산선,고잔,5388,5280,10668
202206,안산선,대야미,3525,3274,6799
202206,안산선,반월,2842,2800,5642
202206,안산선,산본,9854,10482,20336
202206,안산선,상록수,10090,9916,20006
202206,안산선,수리산,2452,2407,4859
202206,안산선,신길온천,1315,1291,2606
202206,안산선,안산,11019,10045,21064
202206,안산선,오이도,6652,6436,13088
202206,안산선,정왕,5889,6292,12181
202206,안산선,중앙,12545,12476,25021
202206,안산선,초지,2786,2749,5535
202206,안산선,한대앞,5934,5838,11772
202206,안산선,고잔,7477,7342,14819
202206,안산선,대야미,4579,4117,8696
202206,안산선,반월,3872,3606,7478
202206,안산선,산본,13969,15104,29073
202206,안산선,상록수,14010,13497,27507
202206,안산선,수리산,3280,2922,6202
202206,안산선,신길온천,1716,1557,3273
202206,안산선,안산,10615,10857,21472
202206,안산선,오이도,8469,8693,17162
202206,안산선,정왕,7561,7438,14999
202206,안산선,중앙,17700,18851,36551
202206,안산선,초지,4043,3877,7920
202206,안산선,한대앞,8352,8118,16470
202206,안산선,고잔,5287,5194,10481
202206,안산선,대야미,3344,3132,6476
202206,안산선,반월,2820,2706,5526
202206,안산선,산본,9537,10405,19942
202206,안산선,상록수,10199,10073,20272
202206,안산선,수리산,2306,2223,4529
202206,안산선,신길온천,1360,1279,2639
202206,안산선,안산,11062,10243,21305
202206,안산선,오이도,6437,6424,12861
202206,안산선,정왕,6179,6696,12875
202206,안산선,중앙,12505,12452,24957
202206,안산선,초지,2750,2673,5423
202206,안산선,한대앞,5851,5858,11709
202206,안산선,고잔,7398,7415,14813
202206,안산선,대야미,4501,3926,8427
202206,안산선,반월,3941,3671,7612
202206,안산선,산본,14106,15064,29170
202206,안산선,상록수,13615,13341,26956
202206,안산선,수리산,3206,2918,6124
202206,안산선,신길온천,1748,1559,3307
202206,안산선,안산,10238,10552,20790
202206,안산선,오이도,8470,8548,17018
202206,안산선,정왕,7213,7047,14260
202206,안산선,중앙,17460,16638,34098
202206,안산선,초지,3958,3826,7784
202206,안산선,한대앞,7844,7699,15543
202206,안산선,고잔,5055,4958,10013
202206,안산선,대야미,3072,2914,5986
202206,안산선,반월,2657,2637,5294
202206,안산선,산본,9406,10042,19448
202206,안산선,상록수,9860,9703,19563
202206,안산선,수리산,2261,2170,4431
202206,안산선,신길온천,1287,1265,2552
202206,안산선,안산,10339,9492,19831
202206,안산선,오이도,6020,5851,11871
202206,안산선,정왕,5878,6220,12098
202206,안산선,중앙,12659,11587,24246
202206,안산선,초지,2632,2624,5256
202206,안산선,한대앞,5715,5564,11279
202207,안산선,고잔,7147,6993,14140
202207,안산선,대야미,4203,3710,7913
202207,안산선,반월,3734,3536,7270
202207,안산선,산본,13667,14621,28288
202207,안산선,상록수,13188,13069,26257
202207,안산선,수리산,3132,2672,5804
202207,안산선,신길온천,1576,1459,3035
202207,안산선,안산,10102,10336,20438
202207,안산선,오이도,8565,8579,17144
202207,안산선,정왕,7232,7267,14499
202207,안산선,중앙,16894,17784,34678
202207,안산선,초지,3812,3703,7515
202207,안산선,한대앞,7502,7343,14845
202207,안산선,고잔,4693,4564,9257
202207,안산선,대야미,2899,2790,5689
202207,안산선,반월,2572,2629,5201
202207,안산선,산본,9378,10009,19387
202207,안산선,상록수,9648,9444,19092
202207,안산선,수리산,2188,2005,4193
202207,안산선,신길온천,1202,1133,2335
202207,안산선,안산,10006,9305,19311
202207,안산선,오이도,6287,6247,12534
202207,안산선,정왕,5609,6097,11706
202207,안산선,중앙,12336,12184,24520
202207,안산선,초지,2629,2517,5146
202207,안산선,한대앞,5534,5378,10912
202207,안산선,고잔,6887,6849,13736
202207,안산선,대야미,4175,3746,7921
202207,안산선,반월,3902,3680,7582
202207,안산선,산본,13790,14662,28452
202207,안산선,상록수,13391,12941,26332
202207,안산선,수리산,3123,2659,5782
202207,안산선,신길온천,1679,1608,3287
202207,안산선,안산,10398,10743,21141
202207,안산선,오이도,8269,8394,16663
202207,안산선,정왕,7208,7275,14483
202207,안산선,중앙,17546,18571,36117
202207,안산선,초지,3921,3712,7633
202207,안산선,한대앞,7638,7558,15196
202207,안산선,고잔,4806,4714,9520
202207,안산선,대야미,3031,2800,5831
202207,안산선,반월,2533,2566,5099
202207,안산선,산본,9270,10036,19306
202207,안산선,상록수,9994,9798,19792
202207,안산선,수리산,2155,2056,4211
202207,안산선,신길온천,1249,1219,2468
202207,안산선,안산,10636,9621,20257
202207,안산선,오이도,6300,6174,12474
202207,안산선,정왕,6041,6388,12429
202207,안산선,중앙,12904,12839,25743
202207,안산선,초지,2708,2569,5277
202207,안산선,한대앞,5601,5464,11065
202207,안산선,고잔,6578,6412,12990
202207,안산선,대야미,4202,3649,7851
202207,안산선,반월,3582,3378,6960
202207,안산선,산본,13337,14182,27519
202207,안산선,상록수,12867,12778,25645
202207,안산선,수리산,3177,2619,5796
202207,안산선,신길온천,1585,1553,3138
202207,안산선,안산,10130,10563,20693
202207,안산선,오이도,7896,8073,15969
202207,안산선,정왕,7130,7231,14361
202207,안산선,중앙,16662,17571,34233
202207,안산선,초지,3778,3664,7442
202207,안산선,한대앞,7585,7395,14980
202207,안산선,고잔,4677,4552,9229
202207,안산선,대야미,3126,2877,6003
202207,안산선,반월,2624,2641,5265
202207,안산선,산본,9333,10114,19447
202207,안산선,상록수,9935,9596,19531
202207,안산선,수리산,2248,2102,4350
202207,안산선,신길온천,1254,1195,2449
202207,안산선,안산,10866,10026,20892
202207,안산선,오이도,6190,6094,12284
202207,안산선,정왕,5637,6133,11770
202207,안산선,중앙,12243,12127,24370
202207,안산선,초지,2716,2480,5196
202207,안산선,한대앞,5561,5542,11103
202207,안산선,고잔,6904,6227,13131
202207,안산선,대야미,3982,3481,7463
202207,안산선,반월,3450,3224,6674
202207,안산선,산본,12919,13637,26556
202207,안산선,상록수,12299,12356,24655
202207,안산선,수리산,2945,2560,5505
202207,안산선,신길온천,1486,1374,2860
202207,안산선,안산,9685,10552,20237
202207,안산선,오이도,7546,7468,15014
202207,안산선,정왕,6782,6762,13544
202207,안산선,중앙,15651,16518,32169
202207,안산선,초지,3509,3397,6906
202207,안산선,한대앞,6995,7065,14060
202207,안산선,고잔,4296,4263,8559
202207,안산선,대야미,2878,2722,5600
202207,안산선,반월,2531,2550,5081
202207,안산선,산본,9008,9551,18559
202207,안산선,상록수,9590,9267,18857
202207,안산선,수리산,2148,1885,4033
202207,안산선,신길온천,1188,1176,2364
202207,안산선,안산,9811,9073,18884
202207,안산선,오이도,5729,5683,11412
202207,안산선,정왕,5510,5882,11392
202207,안산선,중앙,11898,11966,23864
202207,안산선,초지,2503,2446,4949
202207,안산선,한대앞,5400,5237,10637
202207,안산선,고잔,5347,5150,10497
202207,안산선,대야미,3604,3127,6731
202207,안산선,반월,3165,2926,6091
202207,안산선,산본,11477,12190,23667
202207,안산선,상록수,11253,11094,22347
202207,안산선,수리산,2687,2272,4959
202207,안산선,신길온천,1378,1329,2707
202207,안산선,안산,10410,10810,21220
202207,안산선,오이도,7227,7379,14606
202207,안산선,정왕,6564,6454,13018
202207,안산선,중앙,14279,15295,29574
202207,안산선,초지,3178,3009,6187
202207,안산선,한대앞,6305,6230,12535
202207,안산선,고잔,3981,3778,7759
202207,안산선,대야미,2476,2376,4852
202207,안산선,반월,2136,2039,4175
202207,안산선,산본,7784,8411,16195
202207,안산선,상록수,8147,8011,16158
202207,안산선,수리산,1847,1617,3464
202207,안산선,신길온천,1019,963,1982
202207,안산선,안산,9647,9552,19199
202207,안산선,오이도,5142,5095,10237
202207,안산선,정왕,4971,5092,10063
202207,안산선,중앙,9688,9759,19447
202207,안산선,초지,2183,1997,4180
202207,안산선,한대앞,4627,4569,9196
202208,안산선,고잔,5324,5089,10413
202208,안산선,대야미,3635,3195,6830
202208,안산선,반월,3127,3000,6127
202208,안산선,산본,12033,12845,24878
202208,안산선,상록수,11481,11398,22879
202208,안산선,수리산,2705,2366,5071
202208,안산선,신길온천,1442,1309,2751
202208,안산선,안산,9120,9464,18584
202208,안산선,오이도,7173,7391,14564
202208,안산선,정왕,6525,6605,13130
202208,안산선,중앙,14740,15386,30126
202208,안산선,초지,3262,3011,6273
202208,안산선,한대앞,6622,6599,13221
202208,안산선,고잔,4111,3971,8082
202208,안산선,대야미,2682,2537,5219
202208,안산선,반월,2429,2390,4819
202208,안산선,산본,8536,9280,17816
202208,안산선,상록수,8809,8746,17555
202208,안산선,수리산,1979,1735,3714
202208,안산선,신길온천,1124,1127,2251
202208,안산선,안산,9225,8634,17859
202208,안산선,오이도,5641,5595,11236
202208,안산선,정왕,5199,5558,10757
202208,안산선,중앙,11004,10995,21999
202208,안산선,초지,2263,2262,4525
202208,안산선,한대앞,4948,4804,9752
202208,안산선,고잔,5749,5493,11242
202208,안산선,대야미,3515,3071,6586
202208,안산선,반월,3250,2964,6214
202208,안산선,산본,11198,11994,23192
202208,안산선,상록수,10881,10784,21665
202208,안산선,수리산,2615,2080,4695
202208,안산선,신길온천,1338,1235,2573
202208,안산선,안산,9065,9874,18939
202208,안산선,오이도,6558,6797,13355
202208,안산선,정왕,6036,6264,12300
202208,안산선,중앙,13887,14811,28698
202208,안산선,초지,3067,2959,6026
202208,안산선,한대앞,6336,6170,12506
202208,안산선,고잔,4151,4011,8162
202208,안산선,대야미,2814,2546,5360
202208,안산선,반월,2502,2522,5024
202208,안산선,산본,8796,9441,18237
202208,안산선,상록수,9158,8848,18006
202208,안산선,수리산,2075,1758,3833
202208,안산선,신길온천,1152,1094,2246
202208,안산선,안산,10377,9732,20109
202208,안산선,오이도,5898,6089,11987
202208,안산선,정왕,5374,5449,10823
202208,안산선,중앙,11184,11653,22837
202208,안산선,초지,2399,2316,4715
202208,안산선,한대앞,5149,4961,10110
202208,안산선,고잔,6308,6206,12514
202208,안산선,대야미,3863,3448,7311
202208,안산선,반월,3507,3223,6730
202208,안산선,산본,12808,13777,26585
202208,안산선,상록수,12355,12056,24411
202208,안산선,수리산,2959,2387,5346
202208,안산선,신길온천,1540,1400,2940
202208,안산선,안산,9518,9852,19370
202208,안산선,오이도,7527,7620,15147
202208,안산선,정왕,6421,6670,13091
202208,안산선,중앙,15964,16830,32794
202208,안산선,초지,3569,3541,7110
202208,안산선,한대앞,7128,6972,14100
202208,안산선,고잔,4687,4502,9189
202208,안산선,대야미,3009,2780,5789
202208,안산선,반월,2588,2655,5243
202208,안산선,산본,9177,9857,19034
202208,안산선,상록수,9382,9333,18715
202208,안산선,수리산,2176,1986,4162
202208,안산선,신길온천,1248,1184,2432
202208,안산선,안산,10177,9340,19517
202208,안산선,오이도,6008,6006,12014
202208,안산선,정왕,5531,5851,11382
202208,안산선,중앙,11857,11971,23828
202208,안산선,초지,2547,2443,4990
202208,안산선,한대앞,5393,5155,10548
202208,안산선,고잔,7406,7254,14660
202208,안산선,대야미,4269,3746,8015
202208,안산선,반월,3699,3484,7183
202208,안산선,산본,14017,14836,28853
202208,안산선,상록수,12956,12854,25810
202208,안산선,수리산,3142,2745,5887
202208,안산선,신길온천,1726,1500,3226
202208,안산선,안산,10272,10509,20781
202208,안산선,오이도,8488,8692,17180
202208,안산선,정왕,7043,7072,14115
202208,안산선,중앙,17079,18094,35173
202208,안산선,초지,3969,3843,7812
202208,안산선,한대앞,7976,7838,15814
202208,안산선,고잔,4908,4821,9729
202208,안산선,대야미,3263,3036,6299
202208,안산선,반월,2774,2748,5522
202208,안산선,산본,9517,10111,19628
202208,안산선,상록수,9927,9709,19636
202208,안산선,수리산,2344,2212,4556
202208,안산선,신길온천,1340,1329,2669
202208,안산선,안산,10419,9562,19981
202208,안산선,오이도,6714,6452,13166
202208,안산선,정왕,6003,6367,12370
202208,안산선,중앙,12643,12604,25247
202208,안산선,초지,2671,2614,5285
202208,안산선,한대앞,5833,5710,11543
202209,안산선,고잔,7427,7300,14727
202209,안산선,대야미,4442,3631,8073
202209,안산선,반월,3813,3602,7415
202209,안산선,산본,13964,14418,28382
202209,안산선,상록수,13359,13206,26565
202209,안산선,수리산,3301,3027,6328
202209,안산선,신길온천,1662,1507,3169
202209,안산선,안산,10236,10484,20720
202209,안산선,오이도,8336,8394,16730
202209,안산선,정왕,7393,7444,14837
202209,안산선,중앙,17240,18240,35480
202209,안산선,초지,3859,3717,7576
202209,안산선,한대앞,8320,8251,16571
202209,안산선,고잔,4645,4467,9112
202209,안산선,대야미,2684,2567,5251
202209,안산선,반월,2404,2405,4809
202209,안산선,산본,8437,9085,17522
202209,안산선,상록수,8741,8767,17508
202209,안산선,수리산,1981,1710,3691
202209,안산선,신길온천,1066,1087,2153
202209,안산선,안산,9066,8381,17447
202209,안산선,오이도,4946,4647,9593
202209,안산선,정왕,5168,5837,11005
202209,안산선,중앙,11047,11019,22066
202209,안산선,초지,2302,2230,4532
202209,안산선,한대앞,5297,5182,10479
202209,안산선,고잔,3432,3417,6849
202209,안산선,대야미,2157,1839,3996
202209,안산선,반월,2095,1833,3928
202209,안산선,산본,5575,6000,11575
202209,안산선,상록수,8091,7829,15920
202209,안산선,수리산,1495,1339,2834
202209,안산선,신길온천,1092,1024,2116
202209,안산선,안산,13419,13526,26945
202209,안산선,오이도,5689,5941,11630
202209,안산선,정왕,5937,6142,12079
202209,안산선,중앙,9202,10189,19391
202209,안산선,초지,1990,1877,3867
202209,안산선,한대앞,4466,4539,9005
202209,안산선,고잔,4373,4073,8446
202209,안산선,대야미,2934,2540,5474
202209,안산선,반월,2653,2438,5091
202209,안산선,산본,8678,9454,18132
202209,안산선,상록수,9506,9041,18547
202209,안산선,수리산,2037,1934,3971
202209,안산선,신길온천,1354,1163,2517
202209,안산선,안산,13409,12541,25950
202209,안산선,오이도,7050,7066,14116
202209,안산선,정왕,5923,6634,12557
202209,안산선,중앙,13276,13357,26633
202209,안산선,초지,2488,2361,4849
202209,안산선,한대앞,5431,5345,10776
202209,안산선,고잔,8097,7990,16087
202209,안산선,대야미,4428,3840,8268
202209,안산선,반월,3857,3507,7364
202209,안산선,산본,14136,14816,28952
202209,안산선,상록수,13653,13220,26873
202209,안산선,수리산,3276,2880,6156
202209,안산선,신길온천,1669,1552,3221
202209,안산선,안산,10293,10450,20743
202209,안산선,오이도,8064,8499,16563
202209,안산선,정왕,7508,7433,14941
202209,안산선,중앙,17739,18695,36434
202209,안산선,초지,3953,3936,7889
202209,안산선,한대앞,8538,8276,16814
202209,안산선,고잔,8360,7845,16205
202209,안산선,대야미,3305,3032,6337
202209,안산선,반월,2917,2843,5760
202209,안산선,산본,9834,10169,20003
202209,안산선,상록수,10154,9959,20113
202209,안산선,수리산,2478,2354,4832
202209,안산선,신길온천,1386,1259,2645
202209,안산선,안산,11096,10607,21703
202209,안산선,오이도,6572,6243,12815
202209,안산선,정왕,6327,6677,13004
202209,안산선,중앙,13187,12889,26076
202209,안산선,초지,3333,3412,6745
202209,안산선,한대앞,6094,6109,12203
202209,안산선,고잔,7984,7939,15923
202209,안산선,대야미,4719,4087,8806
202209,안산선,반월,4019,3677,7696
202209,안산선,산본,14592,15450,30042
202209,안산선,상록수,14319,14031,28350
202209,안산선,수리산,3417,3027,6444
202209,안산선,신길온천,1819,1646,3465
202209,안산선,안산,10868,11338,22206
202209,안산선,오이도,9166,9283,18449
202209,안산선,정왕,7963,7808,15771
202209,안산선,중앙,18878,19795,38673
202209,안산선,초지,4421,4078,8499
202209,안산선,한대앞,8988,8887,17875
202209,안산선,고잔,5972,6018,11990
202209,안산선,대야미,3587,3250,6837
202209,안산선,반월,2878,2865,5743
202209,안산선,산본,10327,10790,21117
202209,안산선,상록수,10737,10634,21371
202209,안산선,수리산,2498,2336,4834
202209,안산선,신길온천,1452,1369,2821
202209,안산선,안산,11485,10415,21900
202209,안산선,오이도,7256,6969,14225
202209,안산선,정왕,6408,7123,13531
202209,안산선,중앙,13958,13689,27647
202209,안산선,초지,3112,3054,6166
202209,안산선,한대앞,6457,6533,12990
202210,안산선,고잔,8031,8029,16060
202210,안산선,대야미,4469,3935,8404
202210,안산선,반월,3918,3590,7508
202210,안산선,산본,13936,14785,28721
202210,안산선,상록수,13595,13617,27212
202210,안산선,수리산,3285,2953,6238
202210,안산선,신길온천,1936,1831,3767
202210,안산선,안산,11146,11822,22968
202210,안산선,오이도,9197,9508,18705
202210,안산선,정왕,8016,7798,15814
202210,안산선,중앙,17754,18197,35951
202210,안산선,초지,4100,4080,8180
202210,안산선,한대앞,8482,8406,16888
202210,안산선,고잔,5873,5928,11801
202210,안산선,대야미,3397,2941,6338
202210,안산선,반월,2853,2772,5625
202210,안산선,산본,10345,10941,21286
202210,안산선,상록수,10420,10276,20696
202210,안산선,수리산,2468,2312,4780
202210,안산선,신길온천,1472,1293,2765
202210,안산선,안산,11645,11001,22646
202210,안산선,오이도,7044,7144,14188
202210,안산선,정왕,6493,6660,13153
202210,안산선,중앙,13337,13918,27255
202210,안산선,초지,3089,2956,6045
202210,안산선,한대앞,6273,6223,12496
202210,안산선,고잔,8042,7997,16039
202210,안산선,대야미,4792,4177,8969
202210,안산선,반월,4118,3811,7929
202210,안산선,산본,15460,16237,31697
202210,안산선,상록수,14664,14536,29200
202210,안산선,수리산,3390,2903,6293
202210,안산선,신길온천,1917,1776,3693
202210,안산선,안산,11999,12571,24570
202210,안산선,오이도,9388,9576,18964
202210,안산선,정왕,8951,8272,17223
202210,안산선,중앙,18648,19321,37969
202210,안산선,초지,4371,4062,8433
202210,안산선,한대앞,9255,8880,18135
202210,안산선,고잔,5103,5091,10194
202210,안산선,대야미,2774,2532,5306
202210,안산선,반월,2447,2392,4839
202210,안산선,산본,9031,9748,18779
202210,안산선,상록수,9264,9281,18545
202210,안산선,수리산,2177,1833,4010
202210,안산선,신길온천,1184,1112,2296
202210,안산선,안산,10213,9550,19763
202210,안산선,오이도,5573,5615,11188
202210,안산선,정왕,5579,5654,11233
202210,안산선,중앙,11666,12106,23772
202210,안산선,초지,2497,2436,4933
202210,안산선,한대앞,5406,5331,10737
202210,안산선,고잔,8817,8876,17693
202210,안산선,대야미,4906,4248,9154
202210,안산선,반월,4075,3695,7770
202210,안산선,산본,14858,15821,30679
202210,안산선,상록수,14551,14203,28754
202210,안산선,수리산,3388,3037,6425
202210,안산선,신길온천,1847,1750,3597
202210,안산선,안산,10952,11369,22321
202210,안산선,오이도,8809,9068,17877
202210,안산선,정왕,7832,7844,15676
202210,안산선,중앙,20007,20335,40342
202210,안산선,초지,4375,4279,8654
202210,안산선,한대앞,8865,8911,17776
202210,안산선,고잔,5708,5760,11468
202210,안산선,대야미,3471,3204,6675
202210,안산선,반월,2945,2903,5848
202210,안산선,산본,10213,10817,21030
202210,안산선,상록수,10959,10692,21651
202210,안산선,수리산,2441,2483,4924
202210,안산선,신길온천,1479,1371,2850
202210,안산선,안산,11594,10608,22202
202210,안산선,오이도,6566,6295,12861
202210,안산선,정왕,6519,6923,13442
202210,안산선,중앙,13608,13307,26915
202210,안산선,초지,2959,2804,5763
202210,안산선,한대앞,6392,6610,13002
202210,안산선,고잔,9190,9130,18320
202210,안산선,대야미,4783,4144,8927
202210,안산선,반월,4102,3772,7874
202210,안산선,산본,14866,15644,30510
202210,안산선,상록수,14689,14420,29109
202210,안산선,수리산,3396,3113,6509
202210,안산선,신길온천,1905,1819,3724
202210,안산선,안산,11443,11746,23189
202210,안산선,오이도,9606,10138,19744
202210,안산선,정왕,8033,8175,16208
202210,안산선,중앙,19337,20261,39598
202210,안산선,초지,4367,4083,8450
202210,안산선,한대앞,8563,8572,17135
202210,안산선,고잔,5837,5830,11667
202210,안산선,대야미,3417,3204,6621
202210,안산선,반월,2895,2865,5760
202210,안산선,산본,10354,10733,21087
202210,안산선,상록수,10943,10787,21730
202210,안산선,수리산,2417,2378,4795
202210,안산선,신길온천,1559,1509,3068
202210,안산선,안산,11653,10635,22288
202210,안산선,오이도,7379,7250,14629
202210,안산선,정왕,6587,6979,13566
202210,안산선,중앙,14058,13760,27818
202210,안산선,초지,3060,2890,5950
202210,안산선,한대앞,6085,6225,12310
202210,안산선,고잔,8564,8478,17042
202210,안산선,대야미,4734,4028,8762
202210,안산선,반월,4118,3814,7932
202210,안산선,산본,15246,16299,31545
202210,안산선,상록수,14810,14421,29231
202210,안산선,수리산,3517,3171,6688
202210,안산선,신길온천,1913,1808,3721
202210,안산선,안산,11419,11835,23254
202210,안산선,오이도,9252,9172,18424
202210,안산선,정왕,8156,7924,16080
202210,안산선,중앙,19675,20422,40097
202210,안산선,초지,4502,4313,8815
202210,안산선,한대앞,8854,8527,17381
202210,안산선,고잔,6679,6682,13361
202210,안산선,대야미,3537,3262,6799
202210,안산선,반월,2840,2826,5666
202210,안산선,산본,10372,10726,21098
202210,안산선,상록수,10301,10298,20599
202210,안산선,수리산,2473,2480,4953
202210,안산선,신길온천,1497,1373,2870
202210,안산선,안산,11577,10681,22258
202210,안산선,오이도,6677,6383,13060
202210,안산선,정왕,6239,7016,13255
202210,안산선,중앙,13718,13550,27268
202210,안산선,초지,2992,2883,5875
202210,안산선,한대앞,6212,6526,12738
202211,안산선,고잔,7640,7394,15034
202211,안산선,대야미,4497,3880,8377
202211,안산선,반월,3788,3519,7307
202211,안산선,산본,14147,15019,29166
202211,안산선,상록수,14022,13854,27876
202211,안산선,수리산,3240,2947,6187
202211,안산선,신길온천,1741,1681,3422
202211,안산선,안산,10578,10994,21572
202211,안산선,오이도,8463,8547,17010
202211,안산선,정왕,7663,7565,15228
202211,안산선,중앙,17594,18610,36204
202211,안산선,초지,4120,3960,8080
202211,안산선,한대앞,8408,8374,16782
202211,안산선,고잔,5910,5761,11671
202211,안산선,대야미,3359,3010,6369
202211,안산선,반월,2861,2867,5728
202211,안산선,산본,10127,10442,20569
202211,안산선,상록수,10156,10080,20236
202211,안산선,수리산,2388,2337,4725
202211,안산선,신길온천,1391,1312,2703
202211,안산선,안산,11435,10347,21782
202211,안산선,오이도,6652,6303,12955
202211,안산선,정왕,6180,6818,12998
202211,안산선,중앙,13546,13184,26730
202211,안산선,초지,2911,2812,5723
202211,안산선,한대앞,6260,6162,12422
202211,안산선,고잔,7584,7501,15085
202211,안산선,대야미,4209,3581,7790
202211,안산선,반월,3531,3334,6865
202211,안산선,산본,13291,13841,27132
202211,안산선,상록수,13308,13299,26607
202211,안산선,수리산,2992,2643,5635
202211,안산선,신길온천,1612,1559,3171
202211,안산선,안산,10517,11255,21772
202211,안산선,오이도,7486,7747,15233
202211,안산선,정왕,7447,7217,14664
202211,안산선,중앙,16589,17745,34334
202211,안산선,초지,3912,3794,7706
202211,안산선,한대앞,7835,7852,15687
202211,안산선,고잔,5685,5696,11381
202211,안산선,대야미,3120,2842,5962
202211,안산선,반월,2657,2589,5246
202211,안산선,산본,9581,9996,19577
202211,안산선,상록수,9963,9862,19825
202211,안산선,수리산,2233,2076,4309
202211,안산선,신길온천,1338,1207,2545
202211,안산선,안산,11617,10503,22120
202211,안산선,오이도,5938,5657,11595
202211,안산선,정왕,6386,7038,13424
202211,안산선,중앙,12912,12448,25360
202211,안산선,초지,2707,2506,5213
202211,안산선,한대앞,5871,6049,11920
202211,안산선,고잔,8037,8018,16055
202211,안산선,대야미,4431,3698,8129
202211,안산선,반월,3734,3430,7164
202211,안산선,산본,13838,14919,28757
202211,안산선,상록수,14129,13724,27853
202211,안산선,수리산,3136,2729,5865
202211,안산선,신길온천,1743,1651,3394
202211,안산선,안산,10797,11488,22285
202211,안산선,오이도,8435,8359,16794
202211,안산선,정왕,7613,7598,15211
202211,안산선,중앙,18019,17944,35963
202211,안산선,초지,3999,3801,7800
202211,안산선,한대앞,8451,8189,16640
202211,안산선,고잔,5663,5602,11265
202211,안산선,대야미,3370,3027,6397
202211,안산선,반월,2827,2865,5692
202211,안산선,산본,10091,10695,20786
202211,안산선,상록수,10232,10250,20482
202211,안산선,수리산,2436,2253,4689
202211,안산선,신길온천,1471,1390,2861
202211,안산선,안산,11986,10529,22515
202211,안산선,오이도,6451,6208,12659
202211,안산선,정왕,6221,6864,13085
202211,안산선,중앙,13667,12626,26293
202211,안산선,초지,3000,2742,5742
202211,안산선,한대앞,6180,6194,12374
202211,안산선,고잔,7672,7683,15355
202211,안산선,대야미,4326,3743,8069
202211,안산선,반월,3692,3424,7116
202211,안산선,산본,14059,14752,28811
202211,안산선,상록수,13539,13649,27188
202211,안산선,수리산,3030,2706,5736
202211,안산선,신길온천,1714,1662,3376
202211,안산선,안산,10419,11070,21489
202211,안산선,오이도,8020,8201,16221
202211,안산선,정왕,7511,7534,15045
202211,안산선,중앙,17990,18658,36648
202211,안산선,초지,4182,3926,8108
202211,안산선,한대앞,8429,8243,16672
202211,안산선,고잔,5530,5325,10855
202211,안산선,대야미,3187,2931,6118
202211,안산선,반월,2671,2655,5326
202211,안산선,산본,9518,9972,19490
202211,안산선,상록수,10622,10608,21230
202211,안산선,수리산,2235,2122,4357
202211,안산선,신길온천,1293,1225,2518
202211,안산선,안산,11065,9849,20914
202211,안산선,오이도,6259,5805,12064
202211,안산선,정왕,6398,6988,13386
202211,안산선,중앙,13088,12711,25799
202211,안산선,초지,2716,2600,5316
202211,안산선,한대앞,5874,5901,11775
202212,안산선,고잔,7563,7759,15322
202212,안산선,대야미,4009,3601,7610
202212,안산선,반월,3630,3390,7020
202212,안산선,산본,13672,14647,28319
202212,안산선,상록수,13464,13196,26660
202212,안산선,수리산,2907,2436,5343
202212,안산선,신길온천,1605,1542,3147
202212,안산선,안산,9983,10475,20458
202212,안산선,오이도,7391,7453,14844
202212,안산선,정왕,7085,7104,14189
202212,안산선,중앙,17210,17997,35207
202212,안산선,초지,3793,3591,7384
202212,안산선,한대앞,8290,8212,16502
202212,안산선,고잔,5307,5085,10392
202212,안산선,대야미,2824,2594,5418
202212,안산선,반월,2469,2521,4990
202212,안산선,산본,9280,9793,19073
202212,안산선,상록수,9520,9265,18785
202212,안산선,수리산,2271,2057,4328
202212,안산선,신길온천,1292,1162,2454
202212,안산선,안산,10268,9261,19529
202212,안산선,오이도,5448,5294,10742
202212,안산선,정왕,5627,6124,11751
202212,안산선,중앙,12244,11841,24085
202212,안산선,초지,2601,2495,5096
202212,안산선,한대앞,5821,5710,11531
202212,안산선,고잔,8097,7982,16079
202212,안산선,대야미,4483,3727,8210
202212,안산선,반월,3938,3541,7479
202212,안산선,산본,14591,15560,30151
202212,안산선,상록수,13785,13551,27336
202212,안산선,수리산,3147,2720,5867
202212,안산선,신길온천,1662,1576,3238
202212,안산선,안산,10578,11104,21682
202212,안산선,오이도,8219,8303,16522
202212,안산선,정왕,7439,7532,14971
202212,안산선,중앙,18116,19247,37363
202212,안산선,초지,4272,4119,8391
202212,안산선,한대앞,8351,8183,16534
202212,안산선,고잔,5185,5143,10328
202212,안산선,대야미,3120,2861,5981
202212,안산선,반월,2690,2702,5392
202212,안산선,산본,9769,10228,19997
202212,안산선,상록수,10474,10306,20780
202212,안산선,수리산,2318,2218,4536
202212,안산선,신길온천,1347,1290,2637
202212,안산선,안산,11219,10096,21315
202212,안산선,오이도,6107,5798,11905
202212,안산선,정왕,6058,6415,12473
202212,안산선,중앙,13288,12912,26200
202212,안산선,초지,2796,2750,5546
202212,안산선,한대앞,5888,5815,11703
202212,안산선,고잔,7940,7994,15934
202212,안산선,대야미,4209,3582,7791
202212,안산선,반월,3720,3366,7086
202212,안산선,산본,14819,15734,30553
202212,안산선,상록수,14050,13807,27857
202212,안산선,수리산,3087,2474,5561
202212,안산선,신길온천,1745,1591,3336
202212,안산선,안산,10855,11275,22130
202212,안산선,오이도,8200,8354,16554
202212,안산선,정왕,7790,7657,15447
202212,안산선,중앙,19301,20668,39969
202212,안산선,초지,4233,4005,8238
202212,안산선,한대앞,8544,8592,17136
202212,안산선,고잔,5087,5005,10092
202212,안산선,대야미,2868,2718,5586
202212,안산선,반월,2433,2434,4867
202212,안산선,산본,9165,9568,18733
202212,안산선,상록수,9473,9388,18861
202212,안산선,수리산,1974,1759,3733
202212,안산선,신길온천,1188,1099,2287
202212,안산선,안산,10545,9518,20063
202212,안산선,오이도,5555,5376,10931
202212,안산선,정왕,5749,6069,11818
202212,안산선,중앙,12610,12362,24972
202212,안산선,초지,2703,2540,5243
202212,안산선,한대앞,5351,5390,10741
202212,안산선,고잔,5811,5673,11484
202212,안산선,대야미,3489,2894,6383
202212,안산선,반월,3193,2910,6103
202212,안산선,산본,12342,13459,25801
202212,안산선,상록수,11946,11661,23607
202212,안산선,수리산,2708,2074,4782
202212,안산선,신길온천,1426,1313,2739
202212,안산선,안산,9545,9988,19533
202212,안산선,오이도,6692,7096,13788
202212,안산선,정왕,6575,6598,13173
202212,안산선,중앙,16193,17785,33978
202212,안산선,초지,3485,3186,6671
202212,안산선,한대앞,7142,6943,14085
202212,안산선,고잔,4604,4341,8945
202212,안산선,대야미,2803,2577,5380
202212,안산선,반월,2541,2580,5121
202212,안산선,산본,10148,10693,20841
202212,안산선,상록수,9989,9856,19845
202212,안산선,수리산,1994,1803,3797
202212,안산선,신길온천,1257,1160,2417
202212,안산선,안산,10446,9368,19814
202212,안산선,오이도,6354,6396,12750
202212,안산선,정왕,5847,6163,12010
202212,안산선,중앙,14351,14482,28833
202212,안산선,초지,2664,2526,5190
202212,안산선,한대앞,5696,5679,11375
202212,안산선,고잔,5014,4947,9961
202212,안산선,대야미,3506,2937,6443
202212,안산선,반월,3258,2925,6183
202212,안산선,산본,12149,13135,25284
202212,안산선,상록수,11183,11041,22224
202212,안산선,수리산,2574,2065,4639
202212,안산선,신길온천,1433,1312,2745
202212,안산선,안산,10887,11259,22146
202212,안산선,오이도,6672,7199,13871
202212,안산선,정왕,6546,6435,12981
202212,안산선,중앙,14149,15979,30128
202212,안산선,초지,2971,3231,6202
202212,안산선,한대앞,6395,6295,12690
