사용월,호선명,지하철역,승차총승객수,하차총승객수,승하차총승객수,lat,lng
202101,1호선,가능,31769,30354,62123,37.7483685951812,127.044220735748
202101,1호선,가산디지털단지,36125,49894,86019,37.4815957375443,126.882559483336
202101,1호선,간석,26005,24727,50732,37.4646879052409,126.693451172704
202101,1호선,개봉,98194,98465,196659,37.4945222528654,126.859102583368
202101,1호선,관악,35999,33853,69852,37.4188017578979,126.909121118476
202101,1호선,광명,14803,11627,26430,37.4163635638303,126.884877197434
202101,1호선,광운대,34912,34907,69819,37.6230335564713,127.06176348127
202101,1호선,구로,78692,79979,158671,37.5024345090279,126.881491595821
202101,1호선,구일,25443,24782,50225,37.4963911827294,126.869920428658
202101,1호선,군포,28022,26866,54888,37.354076121748,126.948484962089
202101,1호선,금정,108951,111752,220703,37.3722878708479,126.943387264162
202101,1호선,금천구청,49583,49447,99030,37.455609978438,126.894514076077
202101,1호선,남영,32781,35470,68251,37.5405646005342,126.971332437837
202101,1호선,노량진,48256,46787,95043,37.5135735646312,126.940826454376
202101,1호선,녹양,20833,20110,40943,37.7593972381027,127.042273911226
202101,1호선,녹천,21601,18786,40387,37.6456959058103,127.050919992127
202101,1호선,당정,23917,23508,47425,37.3444543328447,126.948347418727
202101,1호선,대방,45806,47306,93112,37.5128688879851,126.925248506022
202101,1호선,덕계,12227,11348,23575,37.8187729615258,127.056653419502
202101,1호선,덕정,24733,24452,49185,37.844283985167,127.061969695022
202101,1호선,도봉,28355,26970,55325,37.6803629061562,127.045764016316
202101,1호선,도봉산,60817,40638,101455,37.6891205614059,127.046528790935
202101,1호선,도원,12888,13148,26036,37.468791983109,126.642404388038
202101,1호선,도화,19042,17761,36803,37.4661106428252,126.668375888234
202101,1호선,독산,50639,51687,102326,37.4659873169402,126.889514168718
202101,1호선,동대문,68231,67172,135403,37.5717775660734,127.011167102297
202101,1호선,동두천,9068,10761,19829,37.9278370541411,127.054940223638
202101,1호선,동두천중앙,15678,15627,31305,37.9018057802045,127.056238895955
202101,1호선,동묘앞,84741,87190,171931,37.5733722075697,127.01675118037
202101,1호선,동암,79012,79231,158243,37.4710056673671,126.702935214739
202101,1호선,동인천,71005,68954,139959,37.4759574845683,126.631750522383
202101,1호선,두정,28675,30294,58969,36.8329346310528,127.149020699344
202101,1호선,망월사,33582,34740,68322,37.725963479768,127.046509519875
202101,1호선,명학,29866,28925,58791,37.3852171904558,126.935265701361
202101,1호선,방학,46308,45384,91692,37.6663490420969,127.044424667701
202101,1호선,배방,5305,5558,10863,36.7775631745193,127.052904723378
202101,1호선,백운,33023,32619,65642,37.4832252226726,126.70727338322
202101,1호선,병점,67750,71003,138753,37.2068017946815,127.033243427141
202101,1호선,보산,9430,9106,18536,37.9143185033452,127.057237110508
202101,1호선,봉명,4572,4457,9029,36.8012573235829,127.135835679685
202101,1호선,부개,38042,36385,74427,37.4883181353962,126.740251327956
202101,1호선,부천,182165,182986,365151,37.4840369248427,126.782649695027
202101,1호선,부평,179462,190021,369483,37.4904472744166,126.723486369222
202101,1호선,서동탄,5881,5723,11604,37.1959264123992,127.052133990784
202101,1호선,서빙고,7463,7168,14631,37.5199555398566,126.990048630943
202101,1호선,서울,192014,156893,348907,37.549118478341,126.970484281315
202101,1호선,서정리,34229,38168,72397,37.0570033704623,127.053006355073
202101,1호선,석계,40320,43203,83523,37.6150480846952,127.066118430844
202101,1호선,석수,41530,40337,81867,37.4343424740399,126.902529209911
202101,1호선,성균관대,58699,60345,119044,37.3001863040678,126.972261050259
202101,1호선,성환,17383,18208,35591,36.9167500567322,127.126732155397
202101,1호선,세류,14867,15238,30105,37.2442506519983,127.014111849323
202101,1호선,세마,12010,10912,22922,37.1869917898194,127.043062518202
202101,1호선,소사,46738,44168,90906,37.4824529147477,126.796018552602
202101,1호선,소요산,22134,19269,41403,37.947953996357,127.061213156402
202101,1호선,송내,107357,105879,213236,37.4876747409104,126.752771844443
202101,1호선,송탄,26628,26591,53219,37.0752833781957,127.054299835138
202101,1호선,수원,223972,230843,454815,37.2656768667795,127.000096053009
202101,1호선,시청,50268,48833,99101,37.5654385176408,126.976983237511
202101,1호선,신길,38942,33231,72173,37.5176677017212,126.914336937521
202101,1호선,신도림,15528,15884,31412,37.5087701449787,126.891080501385
202101,1호선,신설동,59499,58590,118089,37.5762451837487,127.023278761358
202101,1호선,신이문,39113,36318,75431,37.604278644666,127.069577322142
202101,1호선,신창,5866,5911,11777,36.7694848050308,126.949921514343
202101,1호선,쌍용,8944,8126,17070,36.793655090373,127.121594290099
202101,1호선,아산,17644,14818,32462,36.7920474174232,127.104115243093
202101,1호선,안양,105814,104655,210469,37.4014349994721,126.92300270344
202101,1호선,양주,35350,34233,69583,37.7736548042753,127.044790945301
202101,1호선,역곡,120489,119578,240067,37.4852888314378,126.811871466794
202101,1호선,영등포,239908,241633,481541,37.5156680341198,126.907665995469
202101,1호선,오류동,55487,52577,108064,37.494359185399,126.844600701673
202101,1호선,오산,55813,56928,112741,37.1458951784684,127.066844907861
202101,1호선,오산대,15023,13918,28941,37.1693006160923,127.063064763281
202101,1호선,옥수,313,162,475,37.5409877747326,127.018965435917
202101,1호선,온수,28123,27075,55198,37.4921502838112,126.823380714316
202101,1호선,온양온천,24535,24458,48993,36.7804682813951,127.003451110541
202101,1호선,왕십리,68004,78563,146567,37.5612217415191,127.036655378283
202101,1호선,외대앞,40394,39378,79772,37.5954136758127,127.063058800869
202101,1호선,용산,180084,172354,352438,37.5297718014452,126.964741503485
202101,1호선,월계,29820,28118,57938,37.6321089404669,127.058729394991
202101,1호선,응봉,8242,7220,15462,37.5504482266748,127.034927944532
202101,1호선,의왕,34735,34717,69452,37.3211117738404,126.948383028902
202101,1호선,의정부,104996,107269,212265,37.7379901517646,127.045879450143
202101,1호선,이촌,16841,13077,29918,37.522520254623,126.973683151228
202101,1호선,인천,21618,17777,39395,37.4765938446837,126.617089760956
202101,1호선,제기동,95164,99887,195051,37.5781967284885,127.034690599752
202101,1호선,제물포,44597,43419,88016,37.466803102521,126.656869633392
202101,1호선,종각,91522,84900,176422,37.5702140381269,126.983239678933
202101,1호선,종로3가,110100,101870,211970,37.5704266025836,126.99202930223
202101,1호선,종로5가,84397,85093,169490,37.5709075371016,127.001916647342
202101,1호선,주안,94244,84631,178875,37.464767076602,126.679517004054
202101,1호선,중동,39743,37450,77193,37.4866184306426,126.764292213307
202101,1호선,지제,15810,14742,30552,37.0187847572567,127.070485287852
202101,1호선,지행,31135,30311,61446,37.8918774567748,127.055664161171
202101,1호선,직산,3876,3983,7859,36.8713897700414,127.143691456107
202101,1호선,진위,6163,5664,11827,37.1099375555493,127.062366903315
202101,1호선,창동,2,0,2,37.6532174818989,127.047714954434
202101,1호선,천안,36720,36573,73293,36.8123208138282,127.146822493854
202101,1호선,청량리,205325,208270,413595,37.5802331563072,127.045085886324
202101,1호선,평택,79250,79489,158739,36.9918974768998,127.083288658126
202101,1호선,한남,17025,16310,33335,37.5291881521046,127.008249820572
202101,1호선,화서,28725,28476,57201,37.2848936747156,126.989199634131
202101,1호선,회룡,56285,56108,112393,37.7244219058017,127.047218627472
202102,1호선,가능,30424,28539,58963,37.7483685951812,127.044220735748
202102,1호선,가산디지털단지,35131,49104,84235,37.4815957375443,126.882559483336
202102,1호선,간석,24971,23880,48851,37.4646879052409,126.693451172704
202102,1호선,개봉,93367,92960,186327,37.4945222528654,126.859102583368
202102,1호선,관악,36875,33972,70847,37.4188017578979,126.909121118476
202102,1호선,광명,14778,11904,26682,37.4163635638303,126.884877197434
202102,1호선,광운대,33296,33465,66761,37.6230335564713,127.06176348127
202102,1호선,구로,75528,77827,153355,37.5024345090279,126.881491595821
202102,1호선,구일,26018,25040,51058,37.4963911827294,126.869920428658
202102,1호선,군포,25454,23920,49374,37.354076121748,126.948484962089
202102,1호선,금정,106066,107559,213625,37.3722878708479,126.943387264162
202102,1호선,금천구청,48430,48179,96609,37.455609978438,126.894514076077
202102,1호선,남영,33001,34667,67668,37.5405646005342,126.971332437837
202102,1호선,노량진,47859,45522,93381,37.5135735646312,126.940826454376
202102,1호선,녹양,20961,20075,41036,37.7593972381027,127.042273911226
202102,1호선,녹천,20703,17581,38284,37.6456959058103,127.050919992127
202102,1호선,당정,23624,23105,46729,37.3444543328447,126.948347418727
202102,1호선,대방,44830,46444,91274,37.5128688879851,126.925248506022
202102,1호선,덕계,12345,11296,23641,37.8187729615258,127.056653419502
202102,1호선,덕정,24839,23972,48811,37.844283985167,127.061969695022
202102,1호선,도봉,27223,25691,52914,37.6803629061562,127.045764016316
202102,1호선,도봉산,66135,46162,112297,37.6891205614059,127.046528790935
202102,1호선,도원,13244,13412,26656,37.468791983109,126.642404388038
202102,1호선,도화,18635,16962,35597,37.4661106428252,126.668375888234
202102,1호선,독산,48321,49590,97911,37.4659873169402,126.889514168718
202102,1호선,동대문,67958,66656,134614,37.5717775660734,127.011167102297
202102,1호선,동두천,9157,11396,20553,37.9278370541411,127.054940223638
202102,1호선,동두천중앙,15644,15032,30676,37.9018057802045,127.056238895955
202102,1호선,동묘앞,84131,88362,172493,37.5733722075697,127.01675118037
202102,1호선,동암,76343,76284,152627,37.4710056673671,126.702935214739
202102,1호선,동인천,71956,69196,141152,37.4759574845683,126.631750522383
202102,1호선,두정,27871,29184,57055,36.8329346310528,127.149020699344
202102,1호선,망월사,32894,34061,66955,37.725963479768,127.046509519875
202102,1호선,명학,27671,27039,54710,37.3852171904558,126.935265701361
202102,1호선,방학,44738,43405,88143,37.6663490420969,127.044424667701
202102,1호선,배방,5353,5306,10659,36.7775631745193,127.052904723378
202102,1호선,백운,32018,31182,63200,37.4832252226726,126.70727338322
202102,1호선,병점,68719,71690,140409,37.2068017946815,127.033243427141
202102,1호선,보산,10495,9859,20354,37.9143185033452,127.057237110508
202102,1호선,봉명,4007,3979,7986,36.8012573235829,127.135835679685
202102,1호선,부개,37089,34252,71341,37.4883181353962,126.740251327956
202102,1호선,부천,173974,176130,350104,37.4840369248427,126.782649695027
202102,1호선,부평,183309,194151,377460,37.4904472744166,126.723486369222
202102,1호선,서동탄,6393,6295,12688,37.1959264123992,127.052133990784
202102,1호선,서빙고,8042,7693,15735,37.5199555398566,126.990048630943
202102,1호선,서울,201120,162353,363473,37.549118478341,126.970484281315
202102,1호선,서정리,33028,34989,68017,37.0570033704623,127.053006355073
202102,1호선,석계,39094,42228,81322,37.6150480846952,127.066118430844
202102,1호선,석수,41120,40297,81417,37.4343424740399,126.902529209911
202102,1호선,성균관대,58996,61003,119999,37.3001863040678,126.972261050259
202102,1호선,성환,16771,17054,33825,36.9167500567322,127.126732155397
202102,1호선,세류,14742,14803,29545,37.2442506519983,127.014111849323
202102,1호선,세마,12287,11279,23566,37.1869917898194,127.043062518202
202102,1호선,소사,44798,42382,87180,37.4824529147477,126.796018552602
202102,1호선,소요산,26316,22476,48792,37.947953996357,127.061213156402
202102,1호선,송내,104513,102499,207012,37.4876747409104,126.752771844443
202102,1호선,송탄,25844,25799,51643,37.0752833781957,127.054299835138
202102,1호선,수원,240436,247261,487697,37.2656768667795,127.000096053009
202102,1호선,시청,53243,52963,106206,37.5654385176408,126.976983237511
202102,1호선,신길,38097,32217,70314,37.5176677017212,126.914336937521
202102,1호선,신도림,16069,16987,33056,37.5087701449787,126.891080501385
202102,1호선,신설동,56206,55958,112164,37.5762451837487,127.023278761358
202102,1호선,신이문,37589,34563,72152,37.604278644666,127.069577322142
202102,1호선,신창,6102,5901,12003,36.7694848050308,126.949921514343
202102,1호선,쌍용,8357,7765,16122,36.793655090373,127.121594290099
202102,1호선,아산,16163,13909,30072,36.7920474174232,127.104115243093
202102,1호선,안양,106178,104820,210998,37.4014349994721,126.92300270344
202102,1호선,양주,36530,35164,71694,37.7736548042753,127.044790945301
202102,1호선,역곡,114666,113851,228517,37.4852888314378,126.811871466794
202102,1호선,영등포,234917,238524,473441,37.5156680341198,126.907665995469
202102,1호선,오류동,53060,49650,102710,37.494359185399,126.844600701673
202102,1호선,오산,56118,56363,112481,37.1458951784684,127.066844907861
202102,1호선,오산대,15312,14412,29724,37.1693006160923,127.063064763281
202102,1호선,옥수,314,175,489,37.5409877747326,127.018965435917
202102,1호선,온수,28016,26578,54594,37.4921502838112,126.823380714316
202102,1호선,온양온천,22487,22359,44846,36.7804682813951,127.003451110541
202102,1호선,왕십리,68071,77262,145333,37.5612217415191,127.036655378283
202102,1호선,외대앞,34145,33857,68002,37.5954136758127,127.063058800869
202102,1호선,용산,186384,181532,367916,37.5297718014452,126.964741503485
202102,1호선,월계,28666,26597,55263,37.6321089404669,127.058729394991
202102,1호선,응봉,8489,7607,16096,37.5504482266748,127.034927944532
202102,1호선,의왕,34256,33846,68102,37.3211117738404,126.948383028902
202102,1호선,의정부,107438,111565,219003,37.7379901517646,127.045879450143
202102,1호선,이촌,17658,13329,30987,37.522520254623,126.973683151228
202102,1호선,인천,29182,24547,53729,37.4765938446837,126.617089760956
202102,1호선,제기동,84051,87701,171752,37.5781967284885,127.034690599752
202102,1호선,제물포,43708,42002,85710,37.466803102521,126.656869633392
202102,1호선,종각,100039,89680,189719,37.5702140381269,126.983239678933
202102,1호선,종로3가,118716,108831,227547,37.5704266025836,126.99202930223
202102,1호선,종로5가,83964,85774,169738,37.5709075371016,127.001916647342
202102,1호선,주안,92504,82084,174588,37.464767076602,126.679517004054
202102,1호선,중동,37925,35489,73414,37.4866184306426,126.764292213307
202102,1호선,지제,14708,13759,28467,37.0187847572567,127.070485287852
202102,1호선,지행,32393,31190,63583,37.8918774567748,127.055664161171
202102,1호선,직산,3802,3861,7663,36.8713897700414,127.143691456107
202102,1호선,진위,5840,5466,11306,37.1099375555493,127.062366903315
202102,1호선,창동,5,0,5,37.6532174818989,127.047714954434
202102,1호선,천안,37498,35930,73428,36.8123208138282,127.146822493854
202102,1호선,청량리,197181,200327,397508,37.5802331563072,127.045085886324
202102,1호선,평택,79065,78380,157445,36.9918974768998,127.083288658126
202102,1호선,한남,16203,15726,31929,37.5291881521046,127.008249820572
202102,1호선,화서,29333,29097,58430,37.2848936747156,126.989199634131
202102,1호선,회룡,56237,56244,112481,37.7244219058017,127.047218627472
202103,1호선,가능,32346,31128,63474,37.7483685951812,127.044220735748
202103,1호선,가산디지털단지,38801,53693,92494,37.4815957375443,126.882559483336
202103,1호선,간석,27609,26281,53890,37.4646879052409,126.693451172704
202103,1호선,개봉,103697,103458,207155,37.4945222528654,126.859102583368
202103,1호선,관악,39602,37153,76755,37.4188017578979,126.909121118476
202103,1호선,광명,16920,13914,30834,37.4163635638303,126.884877197434
202103,1호선,광운대,37341,37218,74559,37.6230335564713,127.06176348127
202103,1호선,구로,87139,89645,176784,37.5024345090279,126.881491595821
202103,1호선,구일,28543,27766,56309,37.4963911827294,126.869920428658
202103,1호선,군포,27444,25519,52963,37.354076121748,126.948484962089
202103,1호선,금정,116396,117591,233987,37.3722878708479,126.943387264162
202103,1호선,금천구청,53629,53332,106961,37.455609978438,126.894514076077
202103,1호선,남영,37030,38998,76028,37.5405646005342,126.971332437837
202103,1호선,노량진,53594,50152,103746,37.5135735646312,126.940826454376
202103,1호선,녹양,22535,21721,44256,37.7593972381027,127.042273911226
202103,1호선,녹천,21892,18812,40704,37.6456959058103,127.050919992127
202103,1호선,당정,25943,25548,51491,37.3444543328447,126.948347418727
202103,1호선,대방,52084,53871,105955,37.5128688879851,126.925248506022
202103,1호선,덕계,13698,12744,26442,37.8187729615258,127.056653419502
202103,1호선,덕정,26819,26278,53097,37.844283985167,127.061969695022
202103,1호선,도봉,29072,27540,56612,37.6803629061562,127.045764016316
202103,1호선,도봉산,63372,43807,107179,37.6891205614059,127.046528790935
202103,1호선,도원,15425,15850,31275,37.468791983109,126.642404388038
202103,1호선,도화,19956,18464,38420,37.4661106428252,126.668375888234
202103,1호선,독산,53214,53715,106929,37.4659873169402,126.889514168718
202103,1호선,동대문,72088,71668,143756,37.5717775660734,127.011167102297
202103,1호선,동두천,10065,12950,23015,37.9278370541411,127.054940223638
202103,1호선,동두천중앙,15820,15442,31262,37.9018057802045,127.056238895955
202103,1호선,동묘앞,81973,85459,167432,37.5733722075697,127.01675118037
202103,1호선,동암,81879,82508,164387,37.4710056673671,126.702935214739
202103,1호선,동인천,75810,73458,149268,37.4759574845683,126.631750522383
202103,1호선,두정,34649,37432,72081,36.8329346310528,127.149020699344
202103,1호선,망월사,36003,37427,73430,37.725963479768,127.046509519875
202103,1호선,명학,32189,31655,63844,37.3852171904558,126.935265701361
202103,1호선,방학,47413,45896,93309,37.6663490420969,127.044424667701
202103,1호선,배방,6217,6434,12651,36.7775631745193,127.052904723378
202103,1호선,백운,34654,34295,68949,37.4832252226726,126.70727338322
202103,1호선,병점,75518,78279,153797,37.2068017946815,127.033243427141
202103,1호선,보산,8516,8297,16813,37.9143185033452,127.057237110508
202103,1호선,봉명,4631,4531,9162,36.8012573235829,127.135835679685
202103,1호선,부개,39946,37753,77699,37.4883181353962,126.740251327956
202103,1호선,부천,188956,191513,380469,37.4840369248427,126.782649695027
202103,1호선,부평,197278,207394,404672,37.4904472744166,126.723486369222
202103,1호선,서동탄,6693,6732,13425,37.1959264123992,127.052133990784
202103,1호선,서빙고,9376,8908,18284,37.5199555398566,126.990048630943
202103,1호선,서울,225718,187806,413524,37.549118478341,126.970484281315
202103,1호선,서정리,37092,38984,76076,37.0570033704623,127.053006355073
202103,1호선,석계,42697,45613,88310,37.6150480846952,127.066118430844
202103,1호선,석수,44306,42242,86548,37.4343424740399,126.902529209911
202103,1호선,성균관대,65918,67396,133314,37.3001863040678,126.972261050259
202103,1호선,성환,19097,20278,39375,36.9167500567322,127.126732155397
202103,1호선,세류,15818,16263,32081,37.2442506519983,127.014111849323
202103,1호선,세마,13763,12500,26263,37.1869917898194,127.043062518202
202103,1호선,소사,50512,48658,99170,37.4824529147477,126.796018552602
202103,1호선,소요산,24730,20927,45657,37.947953996357,127.061213156402
202103,1호선,송내,115769,114284,230053,37.4876747409104,126.752771844443
202103,1호선,송탄,29578,29473,59051,37.0752833781957,127.054299835138
202103,1호선,수원,256813,263586,520399,37.2656768667795,127.000096053009
202103,1호선,시청,59197,60576,119773,37.5654385176408,126.976983237511
202103,1호선,신길,41825,35173,76998,37.5176677017212,126.914336937521
202103,1호선,신도림,18036,18629,36665,37.5087701449787,126.891080501385
202103,1호선,신설동,60185,59485,119670,37.5762451837487,127.023278761358
202103,1호선,신이문,40326,37783,78109,37.604278644666,127.069577322142
202103,1호선,신창,7485,8590,16075,36.7694848050308,126.949921514343
202103,1호선,쌍용,9676,9627,19303,36.793655090373,127.121594290099
202103,1호선,아산,19911,16417,36328,36.7920474174232,127.104115243093
202103,1호선,안양,117472,116056,233528,37.4014349994721,126.92300270344
202103,1호선,양주,39550,38592,78142,37.7736548042753,127.044790945301
202103,1호선,역곡,128138,127081,255219,37.4852888314378,126.811871466794
202103,1호선,영등포,264590,264787,529377,37.5156680341198,126.907665995469
202103,1호선,오류동,59554,55681,115235,37.494359185399,126.844600701673
202103,1호선,오산,61093,61487,122580,37.1458951784684,127.066844907861
202103,1호선,오산대,16992,15865,32857,37.1693006160923,127.063064763281
202103,1호선,옥수,352,188,540,37.5409877747326,127.018965435917
202103,1호선,온수,31179,29585,60764,37.4921502838112,126.823380714316
202103,1호선,온양온천,25309,25226,50535,36.7804682813951,127.003451110541
202103,1호선,왕십리,78207,88590,166797,37.5612217415191,127.036655378283
202103,1호선,외대앞,41348,40648,81996,37.5954136758127,127.063058800869
202103,1호선,용산,209511,207739,417250,37.5297718014452,126.964741503485
202103,1호선,월계,30285,28110,58395,37.6321089404669,127.058729394991
202103,1호선,응봉,10413,9974,20387,37.5504482266748,127.034927944532
202103,1호선,의왕,37133,36984,74117,37.3211117738404,126.948383028902
202103,1호선,의정부,112215,115232,227447,37.7379901517646,127.045879450143
202103,1호선,이촌,19235,14665,33900,37.522520254623,126.973683151228
202103,1호선,인천,26081,21741,47822,37.4765938446837,126.617089760956
202103,1호선,제기동,91292,93884,185176,37.5781967284885,127.034690599752
202103,1호선,제물포,47428,45935,93363,37.466803102521,126.656869633392
202103,1호선,종각,113731,101334,215065,37.5702140381269,126.983239678933
202103,1호선,종로3가,132220,123012,255232,37.5704266025836,126.99202930223
202103,1호선,종로5가,99936,99941,199877,37.5709075371016,127.001916647342
202103,1호선,주안,102595,90504,193099,37.464767076602,126.679517004054
202103,1호선,중동,41949,39581,81530,37.4866184306426,126.764292213307
202103,1호선,지제,17451,16224,33675,37.0187847572567,127.070485287852
202103,1호선,지행,32558,32021,64579,37.8918774567748,127.055664161171
202103,1호선,직산,4113,4268,8381,36.8713897700414,127.143691456107
202103,1호선,진위,6587,6076,12663,37.1099375555493,127.062366903315
202103,1호선,창동,1,0,1,37.6532174818989,127.047714954434
202103,1호선,천안,41205,40763,81968,36.8123208138282,127.146822493854
202103,1호선,청량리,215174,219561,434735,37.5802331563072,127.045085886324
202103,1호선,평택,85889,86383,172272,36.9918974768998,127.083288658126
202103,1호선,한남,17617,16890,34507,37.5291881521046,127.008249820572
202103,1호선,화서,32909,32657,65566,37.2848936747156,126.989199634131
202103,1호선,회룡,61321,61262,122583,37.7244219058017,127.047218627472
202104,1호선,가능,34201,32939,67140,37.7483685951812,127.044220735748
202104,1호선,가산디지털단지,40440,55402,95842,37.4815957375443,126.882559483336
202104,1호선,간석,28119,27083,55202,37.4646879052409,126.693451172704
202104,1호선,개봉,104033,103315,207348,37.4945222528654,126.859102583368
202104,1호선,관악,40780,37550,78330,37.4188017578979,126.909121118476
202104,1호선,광명,17454,14120,31574,37.4163635638303,126.884877197434
202104,1호선,광운대,36947,37225,74172,37.6230335564713,127.06176348127
202104,1호선,구로,85831,87669,173500,37.5024345090279,126.881491595821
202104,1호선,구일,33517,33193,66710,37.4963911827294,126.869920428658
202104,1호선,군포,28112,26182,54294,37.354076121748,126.948484962089
202104,1호선,금정,119271,120103,239374,37.3722878708479,126.943387264162
202104,1호선,금천구청,54593,54237,108830,37.455609978438,126.894514076077
202104,1호선,남영,36639,38193,74832,37.5405646005342,126.971332437837
202104,1호선,노량진,53881,50563,104444,37.5135735646312,126.940826454376
202104,1호선,녹양,23129,22250,45379,37.7593972381027,127.042273911226
202104,1호선,녹천,22572,19538,42110,37.6456959058103,127.050919992127
202104,1호선,당정,26212,25615,51827,37.3444543328447,126.948347418727
202104,1호선,대방,51764,53173,104937,37.5128688879851,126.925248506022
202104,1호선,덕계,14419,13514,27933,37.8187729615258,127.056653419502
202104,1호선,덕정,28910,28356,57266,37.844283985167,127.061969695022
202104,1호선,도봉,30201,28583,58784,37.6803629061562,127.045764016316
202104,1호선,도봉산,70721,49912,120633,37.6891205614059,127.046528790935
202104,1호선,도원,15314,15492,30806,37.468791983109,126.642404388038
202104,1호선,도화,20481,19027,39508,37.4661106428252,126.668375888234
202104,1호선,독산,53857,54345,108202,37.4659873169402,126.889514168718
202104,1호선,동대문,76309,75392,151701,37.5717775660734,127.011167102297
202104,1호선,동두천,11451,15631,27082,37.9278370541411,127.054940223638
202104,1호선,동두천중앙,17824,17701,35525,37.9018057802045,127.056238895955
202104,1호선,동묘앞,89060,92648,181708,37.5733722075697,127.01675118037
202104,1호선,동암,83045,83210,166255,37.4710056673671,126.702935214739
202104,1호선,동인천,77903,75857,153760,37.4759574845683,126.631750522383
202104,1호선,두정,35797,38290,74087,36.8329346310528,127.149020699344
202104,1호선,망월사,38047,39524,77571,37.725963479768,127.046509519875
202104,1호선,명학,32633,32004,64637,37.3852171904558,126.935265701361
202104,1호선,방학,50064,48734,98798,37.6663490420969,127.044424667701
202104,1호선,배방,6514,6834,13348,36.7775631745193,127.052904723378
202104,1호선,백운,35287,35125,70412,37.4832252226726,126.70727338322
202104,1호선,병점,76390,79574,155964,37.2068017946815,127.033243427141
202104,1호선,보산,12423,12611,25034,37.9143185033452,127.057237110508
202104,1호선,봉명,4694,4798,9492,36.8012573235829,127.135835679685
202104,1호선,부개,41539,38929,80468,37.4883181353962,126.740251327956
202104,1호선,부천,188940,190186,379126,37.4840369248427,126.782649695027
202104,1호선,부평,195160,205051,400211,37.4904472744166,126.723486369222
202104,1호선,서동탄,6844,7142,13986,37.1959264123992,127.052133990784
202104,1호선,서빙고,10040,9483,19523,37.5199555398566,126.990048630943
202104,1호선,서울,243856,199044,442900,37.549118478341,126.970484281315
202104,1호선,서정리,37933,40418,78351,37.0570033704623,127.053006355073
202104,1호선,석계,43347,47018,90365,37.6150480846952,127.066118430844
202104,1호선,석수,45925,43905,89830,37.4343424740399,126.902529209911
202104,1호선,성균관대,65602,66437,132039,37.3001863040678,126.972261050259
202104,1호선,성환,20141,21277,41418,36.9167500567322,127.126732155397
202104,1호선,세류,16452,16915,33367,37.2442506519983,127.014111849323
202104,1호선,세마,13891,12751,26642,37.1869917898194,127.043062518202
202104,1호선,소사,50766,48604,99370,37.4824529147477,126.796018552602
202104,1호선,소요산,33477,28419,61896,37.947953996357,127.061213156402
202104,1호선,송내,116071,114206,230277,37.4876747409104,126.752771844443
202104,1호선,송탄,31000,31417,62417,37.0752833781957,127.054299835138
202104,1호선,수원,259500,263817,523317,37.2656768667795,127.000096053009
202104,1호선,시청,62651,64051,126702,37.5654385176408,126.976983237511
202104,1호선,신길,42070,36377,78447,37.5176677017212,126.914336937521
202104,1호선,신도림,19844,20212,40056,37.5087701449787,126.891080501385
202104,1호선,신설동,61657,59932,121589,37.5762451837487,127.023278761358
202104,1호선,신이문,41135,38462,79597,37.604278644666,127.069577322142
202104,1호선,신창,8054,8768,16822,36.7694848050308,126.949921514343
202104,1호선,쌍용,10114,9876,19990,36.793655090373,127.121594290099
202104,1호선,아산,21627,17581,39208,36.7920474174232,127.104115243093
202104,1호선,안양,116228,115514,231742,37.4014349994721,126.92300270344
202104,1호선,양주,42772,41516,84288,37.7736548042753,127.044790945301
202104,1호선,역곡,128251,126684,254935,37.4852888314378,126.811871466794
202104,1호선,영등포,254426,255724,510150,37.5156680341198,126.907665995469
202104,1호선,오류동,60387,56674,117061,37.494359185399,126.844600701673
202104,1호선,오산,63133,62651,125784,37.1458951784684,127.066844907861
202104,1호선,오산대,18915,17480,36395,37.1693006160923,127.063064763281
202104,1호선,옥수,406,257,663,37.5409877747326,127.018965435917
202104,1호선,온수,32232,30597,62829,37.4921502838112,126.823380714316
202104,1호선,온양온천,27691,27402,55093,36.7804682813951,127.003451110541
202104,1호선,왕십리,75622,87076,162698,37.5612217415191,127.036655378283
202104,1호선,외대앞,39104,38344,77448,37.5954136758127,127.063058800869
202104,1호선,용산,214891,211781,426672,37.5297718014452,126.964741503485
202104,1호선,월계,31657,29465,61122,37.6321089404669,127.058729394991
202104,1호선,응봉,10948,10550,21498,37.5504482266748,127.034927944532
202104,1호선,의왕,38191,38225,76416,37.3211117738404,126.948383028902
202104,1호선,의정부,114289,118206,232495,37.7379901517646,127.045879450143
202104,1호선,이촌,21368,15514,36882,37.522520254623,126.973683151228
202104,1호선,인천,30687,25641,56328,37.4765938446837,126.617089760956
202104,1호선,제기동,94214,97768,191982,37.5781967284885,127.034690599752
202104,1호선,제물포,48439,47155,95594,37.466803102521,126.656869633392
202104,1호선,종각,107963,96735,204698,37.5702140381269,126.983239678933
202104,1호선,종로3가,132169,121460,253629,37.5704266025836,126.99202930223
202104,1호선,종로5가,98086,99195,197281,37.5709075371016,127.001916647342
202104,1호선,주안,101851,89866,191717,37.464767076602,126.679517004054
202104,1호선,중동,42172,40044,82216,37.4866184306426,126.764292213307
202104,1호선,지제,18178,16701,34879,37.0187847572567,127.070485287852
202104,1호선,지행,35853,35739,71592,37.8918774567748,127.055664161171
202104,1호선,직산,4557,4770,9327,36.8713897700414,127.143691456107
202104,1호선,진위,7031,6588,13619,37.1099375555493,127.062366903315
202104,1호선,창동,2,0,2,37.6532174818989,127.047714954434
202104,1호선,천안,44774,43507,88281,36.8123208138282,127.146822493854
202104,1호선,청량리,223891,227283,451174,37.5802331563072,127.045085886324
202104,1호선,평택,90647,91160,181807,36.9918974768998,127.083288658126
202104,1호선,한남,18263,17578,35841,37.5291881521046,127.008249820572
202104,1호선,화서,33921,33627,67548,37.2848936747156,126.989199634131
202104,1호선,회룡,63853,61965,125818,37.7244219058017,127.047218627472
202105,1호선,가능,42372,40379,82751,37.7483685951812,127.044220735748
202105,1호선,가산디지털단지,49479,68213,117692,37.4815957375443,126.882559483336
202105,1호선,간석,35807,34488,70295,37.4646879052409,126.693451172704
202105,1호선,개봉,131302,130723,262025,37.4945222528654,126.859102583368
202105,1호선,관악,50416,46795,97211,37.4188017578979,126.909121118476
202105,1호선,광명,23458,18653,42111,37.4163635638303,126.884877197434
202105,1호선,광운대,47955,47845,95800,37.6230335564713,127.06176348127
202105,1호선,구로,107416,110427,217843,37.5024345090279,126.881491595821
202105,1호선,구일,40101,38906,79007,37.4963911827294,126.869920428658
202105,1호선,군포,34537,32467,67004,37.354076121748,126.948484962089
202105,1호선,금정,147641,149240,296881,37.3722878708479,126.943387264162
202105,1호선,금천구청,67994,67436,135430,37.455609978438,126.894514076077
202105,1호선,남영,45637,48320,93957,37.5405646005342,126.971332437837
202105,1호선,노량진,64712,60132,124844,37.5135735646312,126.940826454376
202105,1호선,녹양,28835,27916,56751,37.7593972381027,127.042273911226
202105,1호선,녹천,28358,24349,52707,37.6456959058103,127.050919992127
202105,1호선,당정,33081,32173,65254,37.3444543328447,126.948347418727
202105,1호선,대방,63748,66268,130016,37.5128688879851,126.925248506022
202105,1호선,덕계,18130,16970,35100,37.8187729615258,127.056653419502
202105,1호선,덕정,35619,35588,71207,37.844283985167,127.061969695022
202105,1호선,도봉,37181,35184,72365,37.6803629061562,127.045764016316
202105,1호선,도봉산,84139,59457,143596,37.6891205614059,127.046528790935
202105,1호선,도원,19517,19748,39265,37.468791983109,126.642404388038
202105,1호선,도화,26215,24403,50618,37.4661106428252,126.668375888234
202105,1호선,독산,67295,67989,135284,37.4659873169402,126.889514168718
202105,1호선,동대문,96019,94589,190608,37.5717775660734,127.011167102297
202105,1호선,동두천,13853,18243,32096,37.9278370541411,127.054940223638
202105,1호선,동두천중앙,21606,21395,43001,37.9018057802045,127.056238895955
202105,1호선,동묘앞,106424,108304,214728,37.5733722075697,127.01675118037
202105,1호선,동암,103300,103656,206956,37.4710056673671,126.702935214739
202105,1호선,동인천,97529,95280,192809,37.4759574845683,126.631750522383
202105,1호선,두정,46514,48785,95299,36.8329346310528,127.149020699344
202105,1호선,망월사,46703,48151,94854,37.725963479768,127.046509519875
202105,1호선,명학,40951,40074,81025,37.3852171904558,126.935265701361
202105,1호선,방학,61236,59642,120878,37.6663490420969,127.044424667701
202105,1호선,배방,8089,8473,16562,36.7775631745193,127.052904723378
202105,1호선,백운,44788,44521,89309,37.4832252226726,126.70727338322
202105,1호선,병점,97649,102214,199863,37.2068017946815,127.033243427141
202105,1호선,보산,14902,15371,30273,37.9143185033452,127.057237110508
202105,1호선,봉명,5831,5770,11601,36.8012573235829,127.135835679685
202105,1호선,부개,51829,48480,100309,37.4883181353962,126.740251327956
202105,1호선,부천,236500,238005,474505,37.4840369248427,126.782649695027
202105,1호선,부평,248069,258707,506776,37.4904472744166,126.723486369222
202105,1호선,서동탄,8761,8821,17582,37.1959264123992,127.052133990784
202105,1호선,서빙고,12440,11851,24291,37.5199555398566,126.990048630943
202105,1호선,서울,318429,259028,577457,37.549118478341,126.970484281315
202105,1호선,서정리,46749,50402,97151,37.0570033704623,127.053006355073
202105,1호선,석계,52755,57550,110305,37.6150480846952,127.066118430844
202105,1호선,석수,57663,54840,112503,37.4343424740399,126.902529209911
202105,1호선,성균관대,81814,84085,165899,37.3001863040678,126.972261050259
202105,1호선,성환,24794,26332,51126,36.9167500567322,127.126732155397
202105,1호선,세류,20837,21052,41889,37.2442506519983,127.014111849323
202105,1호선,세마,18016,16375,34391,37.1869917898194,127.043062518202
202105,1호선,소사,63192,61218,124410,37.4824529147477,126.796018552602
202105,1호선,소요산,38587,32741,71328,37.947953996357,127.061213156402
202105,1호선,송내,145662,143769,289431,37.4876747409104,126.752771844443
202105,1호선,송탄,38673,38889,77562,37.0752833781957,127.054299835138
202105,1호선,수원,332969,339974,672943,37.2656768667795,127.000096053009
202105,1호선,시청,77475,81598,159073,37.5654385176408,126.976983237511
202105,1호선,신길,52267,44994,97261,37.5176677017212,126.914336937521
202105,1호선,신도림,24111,25352,49463,37.5087701449787,126.891080501385
202105,1호선,신설동,74623,73084,147707,37.5762451837487,127.023278761358
202105,1호선,신이문,51408,47713,99121,37.604278644666,127.069577322142
202105,1호선,신창,10601,11540,22141,36.7694848050308,126.949921514343
202105,1호선,쌍용,12789,12597,25386,36.793655090373,127.121594290099
202105,1호선,아산,27509,22422,49931,36.7920474174232,127.104115243093
202105,1호선,안양,146952,145281,292233,37.4014349994721,126.92300270344
202105,1호선,양주,52706,51326,104032,37.7736548042753,127.044790945301
202105,1호선,역곡,160700,158946,319646,37.4852888314378,126.811871466794
202105,1호선,영등포,318954,318679,637633,37.5156680341198,126.907665995469
202105,1호선,오류동,75710,71107,146817,37.494359185399,126.844600701673
202105,1호선,오산,78839,79092,157931,37.1458951784684,127.066844907861
202105,1호선,오산대,23831,22190,46021,37.1693006160923,127.063064763281
202105,1호선,옥수,466,332,798,37.5409877747326,127.018965435917
202105,1호선,온수,41070,38467,79537,37.4921502838112,126.823380714316
202105,1호선,온양온천,32914,32742,65656,36.7804682813951,127.003451110541
202105,1호선,왕십리,96818,110693,207511,37.5612217415191,127.036655378283
202105,1호선,외대앞,51794,50842,102636,37.5954136758127,127.063058800869
202105,1호선,용산,291267,285461,576728,37.5297718014452,126.964741503485
202105,1호선,월계,39425,36704,76129,37.6321089404669,127.058729394991
202105,1호선,응봉,12571,11438,24009,37.5504482266748,127.034927944532
202105,1호선,의왕,47891,47244,95135,37.3211117738404,126.948383028902
202105,1호선,의정부,141891,146336,288227,37.7379901517646,127.045879450143
202105,1호선,이촌,25503,18750,44253,37.522520254623,126.973683151228
202105,1호선,인천,39876,32812,72688,37.4765938446837,126.617089760956
202105,1호선,제기동,111798,114881,226679,37.5781967284885,127.034690599752
202105,1호선,제물포,61215,59219,120434,37.466803102521,126.656869633392
202105,1호선,종각,139479,125691,265170,37.5702140381269,126.983239678933
202105,1호선,종로3가,160560,149984,310544,37.5704266025836,126.99202930223
202105,1호선,종로5가,125409,124340,249749,37.5709075371016,127.001916647342
202105,1호선,주안,128163,113330,241493,37.464767076602,126.679517004054
202105,1호선,중동,53599,50655,104254,37.4866184306426,126.764292213307
202105,1호선,지제,4222,4032,8254,37.0187847572567,127.070485287852
202105,1호선,지행,45019,44443,89462,37.8918774567748,127.055664161171
202105,1호선,직산,5536,5795,11331,36.8713897700414,127.143691456107
202105,1호선,진위,8320,7854,16174,37.1099375555493,127.062366903315
202105,1호선,창동,4,0,4,37.6532174818989,127.047714954434
202105,1호선,천안,58117,56747,114864,36.8123208138282,127.146822493854
202105,1호선,청량리,279017,283406,562423,37.5802331563072,127.045085886324
202105,1호선,평택,113913,114686,228599,36.9918974768998,127.083288658126
202105,1호선,평택지제,18323,16844,35167,,
202105,1호선,한남,22937,22021,44958,37.5291881521046,127.008249820572
202105,1호선,화서,41939,41490,83429,37.2848936747156,126.989199634131
202105,1호선,회룡,78816,78624,157440,37.7244219058017,127.047218627472
202106,1호선,가능,35409,33734,69143,37.7483685951812,127.044220735748
202106,1호선,가산디지털단지,41797,57134,98931,37.4815957375443,126.882559483336
202106,1호선,간석,29778,28307,58085,37.4646879052409,126.693451172704
202106,1호선,개봉,108262,106908,215170,37.4945222528654,126.859102583368
202106,1호선,관악,42326,39260,81586,37.4188017578979,126.909121118476
202106,1호선,광명,18800,15285,34085,37.4163635638303,126.884877197434
202106,1호선,광운대,38751,38437,77188,37.6230335564713,127.06176348127
202106,1호선,구로,88615,91062,179677,37.5024345090279,126.881491595821
202106,1호선,구일,34402,33369,67771,37.4963911827294,126.869920428658
202106,1호선,군포,28940,27074,56014,37.354076121748,126.948484962089
202106,1호선,금정,123145,123823,246968,37.3722878708479,126.943387264162
202106,1호선,금천구청,56740,55851,112591,37.455609978438,126.894514076077
202106,1호선,남영,39044,40865,79909,37.5405646005342,126.971332437837
202106,1호선,노량진,55103,50668,105771,37.5135735646312,126.940826454376
202106,1호선,녹양,24750,24034,48784,37.7593972381027,127.042273911226
202106,1호선,녹천,23484,19927,43411,37.6456959058103,127.050919992127
202106,1호선,당정,27319,26524,53843,37.3444543328447,126.948347418727
202106,1호선,대방,52673,53855,106528,37.5128688879851,126.925248506022
202106,1호선,덕계,15250,14382,29632,37.8187729615258,127.056653419502
202106,1호선,덕정,29953,29246,59199,37.844283985167,127.061969695022
202106,1호선,도봉,30759,29060,59819,37.6803629061562,127.045764016316
202106,1호선,도봉산,73010,51433,124443,37.6891205614059,127.046528790935
202106,1호선,도원,14699,15003,29702,37.468791983109,126.642404388038
202106,1호선,도화,21799,20149,41948,37.4661106428252,126.668375888234
202106,1호선,독산,55406,56265,111671,37.4659873169402,126.889514168718
202106,1호선,동대문,79081,79209,158290,37.5717775660734,127.011167102297
202106,1호선,동두천,11663,14707,26370,37.9278370541411,127.054940223638
202106,1호선,동두천중앙,18480,18348,36828,37.9018057802045,127.056238895955
202106,1호선,동묘앞,91435,92964,184399,37.5733722075697,127.01675118037
202106,1호선,동암,85019,85378,170397,37.4710056673671,126.702935214739
202106,1호선,동인천,82565,80334,162899,37.4759574845683,126.631750522383
202106,1호선,두정,37552,39323,76875,36.8329346310528,127.149020699344
202106,1호선,망월사,39028,40352,79380,37.725963479768,127.046509519875
202106,1호선,명학,32739,31866,64605,37.3852171904558,126.935265701361
202106,1호선,방학,51026,49825,100851,37.6663490420969,127.044424667701
202106,1호선,배방,6637,7208,13845,36.7775631745193,127.052904723378
202106,1호선,백운,36767,36379,73146,37.4832252226726,126.70727338322
202106,1호선,병점,81387,84549,165936,37.2068017946815,127.033243427141
202106,1호선,보산,11488,11676,23164,37.9143185033452,127.057237110508
202106,1호선,봉명,4909,4587,9496,36.8012573235829,127.135835679685
202106,1호선,부개,43084,40282,83366,37.4883181353962,126.740251327956
202106,1호선,부천,194451,192602,387053,37.4840369248427,126.782649695027
202106,1호선,부평,202986,213935,416921,37.4904472744166,126.723486369222
202106,1호선,서동탄,7179,7370,14549,37.1959264123992,127.052133990784
202106,1호선,서빙고,10552,9973,20525,37.5199555398566,126.990048630943
202106,1호선,서울,261186,213725,474911,37.549118478341,126.970484281315
202106,1호선,서정리,39152,41758,80910,37.0570033704623,127.053006355073
202106,1호선,석계,43552,47243,90795,37.6150480846952,127.066118430844
202106,1호선,석수,48216,46008,94224,37.4343424740399,126.902529209911
202106,1호선,성균관대,68941,69709,138650,37.3001863040678,126.972261050259
202106,1호선,성환,20355,21059,41414,36.9167500567322,127.126732155397
202106,1호선,세류,17548,17700,35248,37.2442506519983,127.014111849323
202106,1호선,세마,14739,13399,28138,37.1869917898194,127.043062518202
202106,1호선,소사,48599,47893,96492,37.4824529147477,126.796018552602
202106,1호선,소요산,34604,30357,64961,37.947953996357,127.061213156402
202106,1호선,송내,119983,118274,238257,37.4876747409104,126.752771844443
202106,1호선,송탄,31573,31472,63045,37.0752833781957,127.054299835138
202106,1호선,수원,271109,278171,549280,37.2656768667795,127.000096053009
202106,1호선,시청,64743,66399,131142,37.5654385176408,126.976983237511
202106,1호선,신길,42925,36454,79379,37.5176677017212,126.914336937521
202106,1호선,신도림,20638,21753,42391,37.5087701449787,126.891080501385
202106,1호선,신설동,62176,59983,122159,37.5762451837487,127.023278761358
202106,1호선,신이문,42127,38577,80704,37.604278644666,127.069577322142
202106,1호선,신창,8117,8025,16142,36.7694848050308,126.949921514343
202106,1호선,쌍용,10218,9819,20037,36.793655090373,127.121594290099
202106,1호선,아산,21578,18050,39628,36.7920474174232,127.104115243093
202106,1호선,안양,120893,119683,240576,37.4014349994721,126.92300270344
202106,1호선,양주,43212,42140,85352,37.7736548042753,127.044790945301
202106,1호선,역곡,132106,129931,262037,37.4852888314378,126.811871466794
202106,1호선,영등포,264299,265854,530153,37.5156680341198,126.907665995469
202106,1호선,오류동,63075,58828,121903,37.494359185399,126.844600701673
202106,1호선,오산,65873,65050,130923,37.1458951784684,127.066844907861
202106,1호선,오산대,19712,18592,38304,37.1693006160923,127.063064763281
202106,1호선,옥수,381,240,621,37.5409877747326,127.018965435917
202106,1호선,온수,34274,32002,66276,37.4921502838112,126.823380714316
202106,1호선,온양온천,26447,26374,52821,36.7804682813951,127.003451110541
202106,1호선,왕십리,79215,90648,169863,37.5612217415191,127.036655378283
202106,1호선,외대앞,40127,38749,78876,37.5954136758127,127.063058800869
202106,1호선,용산,239419,237616,477035,37.5297718014452,126.964741503485
202106,1호선,월계,32088,29640,61728,37.6321089404669,127.058729394991
202106,1호선,응봉,10004,8966,18970,37.5504482266748,127.034927944532
202106,1호선,의왕,39511,39085,78596,37.3211117738404,126.948383028902
202106,1호선,의정부,117855,122078,239933,37.7379901517646,127.045879450143
202106,1호선,이촌,22076,16052,38128,37.522520254623,126.973683151228
202106,1호선,인천,35378,29276,64654,37.4765938446837,126.617089760956
202106,1호선,제기동,94090,97145,191235,37.5781967284885,127.034690599752
202106,1호선,제물포,50853,49323,100176,37.466803102521,126.656869633392
202106,1호선,종각,115877,105419,221296,37.5702140381269,126.983239678933
202106,1호선,종로3가,138848,126405,265253,37.5704266025836,126.99202930223
202106,1호선,종로5가,105177,106217,211394,37.5709075371016,127.001916647342
202106,1호선,주안,104312,91754,196066,37.464767076602,126.679517004054
202106,1호선,중동,44472,41714,86186,37.4866184306426,126.764292213307
202106,1호선,지행,37130,37030,74160,37.8918774567748,127.055664161171
202106,1호선,직산,4603,4842,9445,36.8713897700414,127.143691456107
202106,1호선,진위,6935,6683,13618,37.1099375555493,127.062366903315
202106,1호선,천안,48144,46667,94811,36.8123208138282,127.146822493854
202106,1호선,청량리,235673,239082,474755,37.5802331563072,127.045085886324
202106,1호선,평택,95038,95224,190262,36.9918974768998,127.083288658126
202106,1호선,평택지제,18661,17752,36413,,
202106,1호선,한남,18645,17800,36445,37.5291881521046,127.008249820572
202106,1호선,화서,35527,35215,70742,37.2848936747156,126.989199634131
202106,1호선,회룡,65378,65307,130685,37.7244219058017,127.047218627472
202107,1호선,가능,33075,31687,64762,37.7483685951812,127.044220735748
202107,1호선,가산디지털단지,37891,51507,89398,37.4815957375443,126.882559483336
202107,1호선,간석,26981,26123,53104,37.4646879052409,126.693451172704
202107,1호선,개봉,99231,99059,198290,37.4945222528654,126.859102583368
202107,1호선,관악,36002,34140,70142,37.4188017578979,126.909121118476
202107,1호선,광명,16273,13775,30048,37.4163635638303,126.884877197434
202107,1호선,광운대,35215,34682,69897,37.6230335564713,127.06176348127
202107,1호선,구로,80560,82132,162692,37.5024345090279,126.881491595821
202107,1호선,구일,26637,25825,52462,37.4963911827294,126.869920428658
202107,1호선,군포,26990,25101,52091,37.354076121748,126.948484962089
202107,1호선,금정,111769,113895,225664,37.3722878708479,126.943387264162
202107,1호선,금천구청,50086,50736,100822,37.455609978438,126.894514076077
202107,1호선,남영,34180,35388,69568,37.5405646005342,126.971332437837
202107,1호선,노량진,47378,43800,91178,37.5135735646312,126.940826454376
202107,1호선,녹양,21723,21387,43110,37.7593972381027,127.042273911226
202107,1호선,녹천,22094,18630,40724,37.6456959058103,127.050919992127
202107,1호선,당정,24153,23655,47808,37.3444543328447,126.948347418727
202107,1호선,대방,47485,49287,96772,37.5128688879851,126.925248506022
202107,1호선,덕계,14128,13173,27301,37.8187729615258,127.056653419502
202107,1호선,덕정,26823,26299,53122,37.844283985167,127.061969695022
202107,1호선,도봉,28882,27310,56192,37.6803629061562,127.045764016316
202107,1호선,도봉산,58149,40897,99046,37.6891205614059,127.046528790935
202107,1호선,도원,12910,13368,26278,37.468791983109,126.642404388038
202107,1호선,도화,19891,18443,38334,37.4661106428252,126.668375888234
202107,1호선,독산,51387,52757,104144,37.4659873169402,126.889514168718
202107,1호선,동대문,69186,67174,136360,37.5717775660734,127.011167102297
202107,1호선,동두천,11174,13574,24748,37.9278370541411,127.054940223638
202107,1호선,동두천중앙,17114,16983,34097,37.9018057802045,127.056238895955
202107,1호선,동묘앞,72880,73084,145964,37.5733722075697,127.01675118037
202107,1호선,동암,78400,79600,158000,37.4710056673671,126.702935214739
202107,1호선,동인천,72918,71477,144395,37.4759574845683,126.631750522383
202107,1호선,두정,38032,39501,77533,36.8329346310528,127.149020699344
202107,1호선,망월사,36288,36880,73168,37.725963479768,127.046509519875
202107,1호선,명학,29805,28922,58727,37.3852171904558,126.935265701361
202107,1호선,방학,47671,46404,94075,37.6663490420969,127.044424667701
202107,1호선,배방,6155,6278,12433,36.7775631745193,127.052904723378
202107,1호선,백운,33237,33199,66436,37.4832252226726,126.70727338322
202107,1호선,병점,73198,75776,148974,37.2068017946815,127.033243427141
202107,1호선,보산,9313,9204,18517,37.9143185033452,127.057237110508
202107,1호선,봉명,4955,4612,9567,36.8012573235829,127.135835679685
202107,1호선,부개,39861,37770,77631,37.4883181353962,126.740251327956
202107,1호선,부천,181067,182615,363682,37.4840369248427,126.782649695027
202107,1호선,부평,185487,195786,381273,37.4904472744166,126.723486369222
202107,1호선,서동탄,6132,6366,12498,37.1959264123992,127.052133990784
202107,1호선,서빙고,8641,7974,16615,37.5199555398566,126.990048630943
202107,1호선,서울,217136,181853,398989,37.549118478341,126.970484281315
202107,1호선,서정리,36803,38297,75100,37.0570033704623,127.053006355073
202107,1호선,석계,40072,43275,83347,37.6150480846952,127.066118430844
202107,1호선,석수,41417,38928,80345,37.4343424740399,126.902529209911
202107,1호선,성균관대,61232,62589,123821,37.3001863040678,126.972261050259
202107,1호선,성환,19241,19634,38875,36.9167500567322,127.126732155397
202107,1호선,세류,16336,16840,33176,37.2442506519983,127.014111849323
202107,1호선,세마,13346,12356,25702,37.1869917898194,127.043062518202
202107,1호선,소사,43299,42932,86231,37.4824529147477,126.796018552602
202107,1호선,소요산,32183,28472,60655,37.947953996357,127.061213156402
202107,1호선,송내,108321,107859,216180,37.4876747409104,126.752771844443
202107,1호선,송탄,29159,28772,57931,37.0752833781957,127.054299835138
202107,1호선,수원,240502,246755,487257,37.2656768667795,127.000096053009
202107,1호선,시청,54971,54069,109040,37.5654385176408,126.976983237511
202107,1호선,신길,40471,33626,74097,37.5176677017212,126.914336937521
202107,1호선,신도림,17034,17788,34822,37.5087701449787,126.891080501385
202107,1호선,신설동,57864,55881,113745,37.5762451837487,127.023278761358
202107,1호선,신이문,39515,36715,76230,37.604278644666,127.069577322142
202107,1호선,신창,7438,7521,14959,36.7694848050308,126.949921514343
202107,1호선,쌍용,9472,8904,18376,36.793655090373,127.121594290099
202107,1호선,아산,19461,16696,36157,36.7920474174232,127.104115243093
202107,1호선,안양,108235,108436,216671,37.4014349994721,126.92300270344
202107,1호선,양주,38425,37461,75886,37.7736548042753,127.044790945301
202107,1호선,역곡,119819,119680,239499,37.4852888314378,126.811871466794
202107,1호선,영등포,238627,239265,477892,37.5156680341198,126.907665995469
202107,1호선,오류동,57527,53833,111360,37.494359185399,126.844600701673
202107,1호선,오산,61203,60983,122186,37.1458951784684,127.066844907861
202107,1호선,오산대,16674,15892,32566,37.1693006160923,127.063064763281
202107,1호선,옥수,394,229,623,37.5409877747326,127.018965435917
202107,1호선,온수,30149,28098,58247,37.4921502838112,126.823380714316
202107,1호선,온양온천,25743,26321,52064,36.7804682813951,127.003451110541
202107,1호선,왕십리,73541,85595,159136,37.5612217415191,127.036655378283
202107,1호선,외대앞,36778,36324,73102,37.5954136758127,127.063058800869
202107,1호선,용산,213232,213197,426429,37.5297718014452,126.964741503485
202107,1호선,월계,29966,28089,58055,37.6321089404669,127.058729394991
202107,1호선,응봉,8788,7713,16501,37.5504482266748,127.034927944532
202107,1호선,의왕,35361,35292,70653,37.3211117738404,126.948383028902
202107,1호선,의정부,107970,111386,219356,37.7379901517646,127.045879450143
202107,1호선,이촌,17866,14000,31866,37.522520254623,126.973683151228
202107,1호선,인천,25803,20973,46776,37.4765938446837,126.617089760956
202107,1호선,제기동,86611,89226,175837,37.5781967284885,127.034690599752
202107,1호선,제물포,44543,43761,88304,37.466803102521,126.656869633392
202107,1호선,종각,99204,94728,193932,37.5702140381269,126.983239678933
202107,1호선,종로3가,116808,111229,228037,37.5704266025836,126.99202930223
202107,1호선,종로5가,94477,92433,186910,37.5709075371016,127.001916647342
202107,1호선,주안,95231,84246,179477,37.464767076602,126.679517004054
202107,1호선,중동,40224,38277,78501,37.4866184306426,126.764292213307
202107,1호선,지행,33478,33358,66836,37.8918774567748,127.055664161171
202107,1호선,직산,4253,4485,8738,36.8713897700414,127.143691456107
202107,1호선,진위,6594,6405,12999,37.1099375555493,127.062366903315
202107,1호선,창동,3,0,3,37.6532174818989,127.047714954434
202107,1호선,천안,45644,45989,91633,36.8123208138282,127.146822493854
202107,1호선,청량리,215882,220824,436706,37.5802331563072,127.045085886324
202107,1호선,평택,86102,86159,172261,36.9918974768998,127.083288658126
202107,1호선,평택지제,18039,16754,34793,,
202107,1호선,한남,17294,16622,33916,37.5291881521046,127.008249820572
202107,1호선,화서,30719,30461,61180,37.2848936747156,126.989199634131
202107,1호선,회룡,58380,58888,117268,37.7244219058017,127.047218627472
202108,1호선,가능,32911,31444,64355,37.7483685951812,127.044220735748
202108,1호선,가산디지털단지,36645,49997,86642,37.4815957375443,126.882559483336
202108,1호선,간석,26392,25207,51599,37.4646879052409,126.693451172704
202108,1호선,개봉,97412,96994,194406,37.4945222528654,126.859102583368
202108,1호선,관악,35828,34111,69939,37.4188017578979,126.909121118476
202108,1호선,광명,16368,13613,29981,37.4163635638303,126.884877197434
202108,1호선,광운대,34649,34364,69013,37.6230335564713,127.06176348127
202108,1호선,구로,76262,77066,153328,37.5024345090279,126.881491595821
202108,1호선,구일,25363,24473,49836,37.4963911827294,126.869920428658
202108,1호선,군포,25474,24012,49486,37.354076121748,126.948484962089
202108,1호선,금정,108049,109762,217811,37.3722878708479,126.943387264162
202108,1호선,금천구청,49495,49811,99306,37.455609978438,126.894514076077
202108,1호선,남영,33085,34626,67711,37.5405646005342,126.971332437837
202108,1호선,노량진,45924,41315,87239,37.5135735646312,126.940826454376
202108,1호선,녹양,21578,21083,42661,37.7593972381027,127.042273911226
202108,1호선,녹천,21335,18175,39510,37.6456959058103,127.050919992127
202108,1호선,당정,24014,23444,47458,37.3444543328447,126.948347418727
202108,1호선,대방,45144,46763,91907,37.5128688879851,126.925248506022
202108,1호선,덕계,14058,13324,27382,37.8187729615258,127.056653419502
202108,1호선,덕정,26647,26229,52876,37.844283985167,127.061969695022
202108,1호선,도봉,28943,27387,56330,37.6803629061562,127.045764016316
202108,1호선,도봉산,62620,43592,106212,37.6891205614059,127.046528790935
202108,1호선,도원,12506,13013,25519,37.468791983109,126.642404388038
202108,1호선,도화,19418,18244,37662,37.4661106428252,126.668375888234
202108,1호선,독산,51254,51002,102256,37.4659873169402,126.889514168718
202108,1호선,동대문,67552,66662,134214,37.5717775660734,127.011167102297
202108,1호선,동두천,11138,13950,25088,37.9278370541411,127.054940223638
202108,1호선,동두천중앙,16997,16875,33872,37.9018057802045,127.056238895955
202108,1호선,동묘앞,83098,83698,166796,37.5733722075697,127.01675118037
202108,1호선,동암,76765,77870,154635,37.4710056673671,126.702935214739
202108,1호선,동인천,74220,72276,146496,37.4759574845683,126.631750522383
202108,1호선,두정,31357,32605,63962,36.8329346310528,127.149020699344
202108,1호선,망월사,36266,37089,73355,37.725963479768,127.046509519875
202108,1호선,명학,28293,27624,55917,37.3852171904558,126.935265701361
202108,1호선,방학,47173,46005,93178,37.6663490420969,127.044424667701
202108,1호선,배방,6023,6362,12385,36.7775631745193,127.052904723378
202108,1호선,백운,32691,32432,65123,37.4832252226726,126.70727338322
202108,1호선,병점,72577,75125,147702,37.2068017946815,127.033243427141
202108,1호선,보산,10561,10163,20724,37.9143185033452,127.057237110508
202108,1호선,봉명,4329,4235,8564,36.8012573235829,127.135835679685
202108,1호선,부개,38628,36276,74904,37.4883181353962,126.740251327956
202108,1호선,부천,177265,178963,356228,37.4840369248427,126.782649695027
202108,1호선,부평,176467,187345,363812,37.4904472744166,126.723486369222
202108,1호선,서동탄,6021,6240,12261,37.1959264123992,127.052133990784
202108,1호선,서빙고,8458,7697,16155,37.5199555398566,126.990048630943
202108,1호선,서울,214975,181279,396254,37.549118478341,126.970484281315
202108,1호선,서정리,35986,38839,74825,37.0570033704623,127.053006355073
202108,1호선,석계,40181,43344,83525,37.6150480846952,127.066118430844
202108,1호선,석수,40895,38876,79771,37.4343424740399,126.902529209911
202108,1호선,성균관대,59736,61561,121297,37.3001863040678,126.972261050259
202108,1호선,성환,18422,18929,37351,36.9167500567322,127.126732155397
202108,1호선,세류,15233,15530,30763,37.2442506519983,127.014111849323
202108,1호선,세마,12664,11759,24423,37.1869917898194,127.043062518202
202108,1호선,소사,42199,41118,83317,37.4824529147477,126.796018552602
202108,1호선,소요산,32836,28555,61391,37.947953996357,127.061213156402
202108,1호선,송내,105502,104342,209844,37.4876747409104,126.752771844443
202108,1호선,송탄,28896,28446,57342,37.0752833781957,127.054299835138
202108,1호선,수원,232718,237948,470666,37.2656768667795,127.000096053009
202108,1호선,시청,53094,49629,102723,37.5654385176408,126.976983237511
202108,1호선,신길,38554,32805,71359,37.5176677017212,126.914336937521
202108,1호선,신도림,16089,16625,32714,37.5087701449787,126.891080501385
202108,1호선,신설동,57609,56363,113972,37.5762451837487,127.023278761358
202108,1호선,신이문,39086,36194,75280,37.604278644666,127.069577322142
202108,1호선,신창,7572,7893,15465,36.7694848050308,126.949921514343
202108,1호선,쌍용,9181,8733,17914,36.793655090373,127.121594290099
202108,1호선,아산,19096,15854,34950,36.7920474174232,127.104115243093
202108,1호선,안양,107061,106230,213291,37.4014349994721,126.92300270344
202108,1호선,양주,40288,38953,79241,37.7736548042753,127.044790945301
202108,1호선,역곡,117237,117020,234257,37.4852888314378,126.811871466794
202108,1호선,영등포,226594,227750,454344,37.5156680341198,126.907665995469
202108,1호선,오류동,54880,51389,106269,37.494359185399,126.844600701673
202108,1호선,오산,59217,59490,118707,37.1458951784684,127.066844907861
202108,1호선,오산대,16260,15588,31848,37.1693006160923,127.063064763281
202108,1호선,옥수,350,247,597,37.5409877747326,127.018965435917
202108,1호선,온수,28756,26681,55437,37.4921502838112,126.823380714316
202108,1호선,온양온천,26098,26198,52296,36.7804682813951,127.003451110541
202108,1호선,왕십리,72197,83884,156081,37.5612217415191,127.036655378283
202108,1호선,외대앞,35776,35261,71037,37.5954136758127,127.063058800869
202108,1호선,용산,214483,209694,424177,37.5297718014452,126.964741503485
202108,1호선,월계,29838,27979,57817,37.6321089404669,127.058729394991
202108,1호선,응봉,8443,7366,15809,37.5504482266748,127.034927944532
202108,1호선,의왕,34846,34651,69497,37.3211117738404,126.948383028902
202108,1호선,의정부,107368,111434,218802,37.7379901517646,127.045879450143
202108,1호선,이촌,17677,13780,31457,37.522520254623,126.973683151228
202108,1호선,인천,29708,24703,54411,37.4765938446837,126.617089760956
202108,1호선,제기동,87571,90992,178563,37.5781967284885,127.034690599752
202108,1호선,제물포,43406,42802,86208,37.466803102521,126.656869633392
202108,1호선,종각,98211,90999,189210,37.5702140381269,126.983239678933
202108,1호선,종로3가,124631,116892,241523,37.5704266025836,126.99202930223
202108,1호선,종로5가,88630,88640,177270,37.5709075371016,127.001916647342
202108,1호선,주안,94667,85009,179676,37.464767076602,126.679517004054
202108,1호선,중동,39814,37595,77409,37.4866184306426,126.764292213307
202108,1호선,지행,34299,33965,68264,37.8918774567748,127.055664161171
202108,1호선,직산,4185,4385,8570,36.8713897700414,127.143691456107
202108,1호선,진위,6151,5703,11854,37.1099375555493,127.062366903315
202108,1호선,창동,2,0,2,37.6532174818989,127.047714954434
202108,1호선,천안,44377,43995,88372,36.8123208138282,127.146822493854
202108,1호선,청량리,218489,220660,439149,37.5802331563072,127.045085886324
202108,1호선,평택,84554,84980,169534,36.9918974768998,127.083288658126
202108,1호선,평택지제,18207,16750,34957,,
202108,1호선,한남,17149,16259,33408,37.5291881521046,127.008249820572
202108,1호선,화서,29405,29195,58600,37.2848936747156,126.989199634131
202108,1호선,회룡,59434,59122,118556,37.7244219058017,127.047218627472
202109,1호선,가능,34197,32559,66756,37.7483685951812,127.044220735748
202109,1호선,가산디지털단지,38033,51687,89720,37.4815957375443,126.882559483336
202109,1호선,간석,27151,25814,52965,37.4646879052409,126.693451172704
202109,1호선,개봉,99876,98451,198327,37.4945222528654,126.859102583368
202109,1호선,관악,37544,35022,72566,37.4188017578979,126.909121118476
202109,1호선,광명,15721,13781,29502,37.4163635638303,126.884877197434
202109,1호선,광운대,36230,35278,71508,37.6230335564713,127.06176348127
202109,1호선,구로,77717,78866,156583,37.5024345090279,126.881491595821
202109,1호선,구일,26770,25492,52262,37.4963911827294,126.869920428658
202109,1호선,군포,26834,24832,51666,37.354076121748,126.948484962089
202109,1호선,금정,113417,114240,227657,37.3722878708479,126.943387264162
202109,1호선,금천구청,52000,51284,103284,37.455609978438,126.894514076077
202109,1호선,남영,34062,35498,69560,37.5405646005342,126.971332437837
202109,1호선,노량진,52666,47971,100637,37.5135735646312,126.940826454376
202109,1호선,녹양,23173,22410,45583,37.7593972381027,127.042273911226
202109,1호선,녹천,21944,18734,40678,37.6456959058103,127.050919992127
202109,1호선,당정,24680,23891,48571,37.3444543328447,126.948347418727
202109,1호선,대방,46313,46948,93261,37.5128688879851,126.925248506022
202109,1호선,덕계,15007,14134,29141,37.8187729615258,127.056653419502
202109,1호선,덕정,28509,27832,56341,37.844283985167,127.061969695022
202109,1호선,도봉,30165,28412,58577,37.6803629061562,127.045764016316
202109,1호선,도봉산,69316,49119,118435,37.6891205614059,127.046528790935
202109,1호선,도원,13249,13570,26819,37.468791983109,126.642404388038
202109,1호선,도화,20272,18935,39207,37.4661106428252,126.668375888234
202109,1호선,독산,54947,53626,108573,37.4659873169402,126.889514168718
202109,1호선,동대문,73220,71958,145178,37.5717775660734,127.011167102297
202109,1호선,동두천,11448,14999,26447,37.9278370541411,127.054940223638
202109,1호선,동두천중앙,17779,17561,35340,37.9018057802045,127.056238895955
202109,1호선,동묘앞,89112,90309,179421,37.5733722075697,127.01675118037
202109,1호선,동암,79213,80172,159385,37.4710056673671,126.702935214739
202109,1호선,동인천,76338,75407,151745,37.4759574845683,126.631750522383
202109,1호선,두정,34939,36728,71667,36.8329346310528,127.149020699344
202109,1호선,망월사,37729,38684,76413,37.725963479768,127.046509519875
202109,1호선,명학,29209,27919,57128,37.3852171904558,126.935265701361
202109,1호선,방학,49330,47523,96853,37.6663490420969,127.044424667701
202109,1호선,배방,6402,6748,13150,36.7775631745193,127.052904723378
202109,1호선,백운,34407,33770,68177,37.4832252226726,126.70727338322
202109,1호선,병점,74252,76019,150271,37.2068017946815,127.033243427141
202109,1호선,보산,13317,12663,25980,37.9143185033452,127.057237110508
202109,1호선,봉명,4635,4349,8984,36.8012573235829,127.135835679685
202109,1호선,부개,40724,38190,78914,37.4883181353962,126.740251327956
202109,1호선,부천,180439,182626,363065,37.4840369248427,126.782649695027
202109,1호선,부평,183806,197717,381523,37.4904472744166,126.723486369222
202109,1호선,서동탄,6240,6463,12703,37.1959264123992,127.052133990784
202109,1호선,서빙고,9024,8345,17369,37.5199555398566,126.990048630943
202109,1호선,서울,215978,190655,406633,37.549118478341,126.970484281315
202109,1호선,서정리,37785,38848,76633,37.0570033704623,127.053006355073
202109,1호선,석계,42994,45754,88748,37.6150480846952,127.066118430844
202109,1호선,석수,44073,41562,85635,37.4343424740399,126.902529209911
202109,1호선,성균관대,63032,63408,126440,37.3001863040678,126.972261050259
202109,1호선,성환,19678,20445,40123,36.9167500567322,127.126732155397
202109,1호선,세류,16158,16494,32652,37.2442506519983,127.014111849323
202109,1호선,세마,13742,12651,26393,37.1869917898194,127.043062518202
202109,1호선,소사,43604,42814,86418,37.4824529147477,126.796018552602
202109,1호선,소요산,32353,28224,60577,37.947953996357,127.061213156402
202109,1호선,송내,109525,107909,217434,37.4876747409104,126.752771844443
202109,1호선,송탄,30161,28999,59160,37.0752833781957,127.054299835138
202109,1호선,수원,239647,249617,489264,37.2656768667795,127.000096053009
202109,1호선,시청,59230,58542,117772,37.5654385176408,126.976983237511
202109,1호선,신길,39735,33034,72769,37.5176677017212,126.914336937521
202109,1호선,신도림,18154,18455,36609,37.5087701449787,126.891080501385
202109,1호선,신설동,60908,57622,118530,37.5762451837487,127.023278761358
202109,1호선,신이문,40023,36966,76989,37.604278644666,127.069577322142
202109,1호선,신창,8579,10235,18814,36.7694848050308,126.949921514343
202109,1호선,쌍용,9689,9437,19126,36.793655090373,127.121594290099
202109,1호선,아산,20213,17696,37909,36.7920474174232,127.104115243093
202109,1호선,안양,109687,109230,218917,37.4014349994721,126.92300270344
202109,1호선,양주,44269,43158,87427,37.7736548042753,127.044790945301
202109,1호선,역곡,123522,121937,245459,37.4852888314378,126.811871466794
202109,1호선,영등포,227219,231634,458853,37.5156680341198,126.907665995469
202109,1호선,오류동,57271,52757,110028,37.494359185399,126.844600701673
202109,1호선,오산,59993,59758,119751,37.1458951784684,127.066844907861
202109,1호선,오산대,17870,16703,34573,37.1693006160923,127.063064763281
202109,1호선,옥수,325,239,564,37.5409877747326,127.018965435917
202109,1호선,온수,31059,28638,59697,37.4921502838112,126.823380714316
202109,1호선,온양온천,27296,27516,54812,36.7804682813951,127.003451110541
202109,1호선,왕십리,73454,84779,158233,37.5612217415191,127.036655378283
202109,1호선,외대앞,39552,38198,77750,37.5954136758127,127.063058800869
202109,1호선,용산,207567,210612,418179,37.5297718014452,126.964741503485
202109,1호선,월계,31035,28679,59714,37.6321089404669,127.058729394991
202109,1호선,응봉,9471,8267,17738,37.5504482266748,127.034927944532
202109,1호선,의왕,36273,36226,72499,37.3211117738404,126.948383028902
202109,1호선,의정부,112269,116673,228942,37.7379901517646,127.045879450143
202109,1호선,이촌,20189,14715,34904,37.522520254623,126.973683151228
202109,1호선,인천,31894,27335,59229,37.4765938446837,126.617089760956
202109,1호선,제기동,101750,106053,207803,37.5781967284885,127.034690599752
202109,1호선,제물포,45892,44766,90658,37.466803102521,126.656869633392
202109,1호선,종각,98513,90247,188760,37.5702140381269,126.983239678933
202109,1호선,종로3가,128174,117140,245314,37.5704266025836,126.99202930223
202109,1호선,종로5가,95374,96933,192307,37.5709075371016,127.001916647342
202109,1호선,주안,96455,86283,182738,37.464767076602,126.679517004054
202109,1호선,중동,42087,39838,81925,37.4866184306426,126.764292213307
202109,1호선,지행,36320,36783,73103,37.8918774567748,127.055664161171
202109,1호선,직산,4375,4591,8966,36.8713897700414,127.143691456107
202109,1호선,진위,6506,6049,12555,37.1099375555493,127.062366903315
202109,1호선,창동,4,0,4,37.6532174818989,127.047714954434
202109,1호선,천안,45627,47631,93258,36.8123208138282,127.146822493854
202109,1호선,청량리,223086,228862,451948,37.5802331563072,127.045085886324
202109,1호선,평택,89218,89349,178567,36.9918974768998,127.083288658126
202109,1호선,평택지제,18022,17501,35523,,
202109,1호선,한남,17800,16873,34673,37.5291881521046,127.008249820572
202109,1호선,화서,32228,32215,64443,37.2848936747156,126.989199634131
202109,1호선,회룡,62714,63003,125717,37.7244219058017,127.047218627472
202110,1호선,가능,44758,42532,87290,37.7483685951812,127.044220735748
202110,1호선,가산디지털단지,53946,73836,127782,37.4815957375443,126.882559483336
202110,1호선,간석,35577,34461,70038,37.4646879052409,126.693451172704
202110,1호선,개봉,135315,133534,268849,37.4945222528654,126.859102583368
202110,1호선,관악,52292,48364,100656,37.4188017578979,126.909121118476
202110,1호선,광명,25647,21906,47553,37.4163635638303,126.884877197434
202110,1호선,광운대,47041,46496,93537,37.6230335564713,127.06176348127
202110,1호선,구로,109679,111612,221291,37.5024345090279,126.881491595821
202110,1호선,구일,36769,35180,71949,37.4963911827294,126.869920428658
202110,1호선,군포,35274,32785,68059,37.354076121748,126.948484962089
202110,1호선,금정,155483,156596,312079,37.3722878708479,126.943387264162
202110,1호선,금천구청,71282,70018,141300,37.455609978438,126.894514076077
202110,1호선,남영,47333,49561,96894,37.5405646005342,126.971332437837
202110,1호선,노량진,71925,67097,139022,37.5135735646312,126.940826454376
202110,1호선,녹양,30082,29228,59310,37.7593972381027,127.042273911226
202110,1호선,녹천,28383,23847,52230,37.6456959058103,127.050919992127
202110,1호선,당정,34426,33227,67653,37.3444543328447,126.948347418727
202110,1호선,대방,65366,67152,132518,37.5128688879851,126.925248506022
202110,1호선,덕계,20194,18887,39081,37.8187729615258,127.056653419502
202110,1호선,덕정,37236,36553,73789,37.844283985167,127.061969695022
202110,1호선,도봉,39429,37090,76519,37.6803629061562,127.045764016316
202110,1호선,도봉산,95549,67878,163427,37.6891205614059,127.046528790935
202110,1호선,도원,17793,18407,36200,37.468791983109,126.642404388038
202110,1호선,도화,26337,24574,50911,37.4661106428252,126.668375888234
202110,1호선,독산,73638,72722,146360,37.4659873169402,126.889514168718
202110,1호선,동대문,94912,94723,189635,37.5717775660734,127.011167102297
202110,1호선,동두천,14648,19192,33840,37.9278370541411,127.054940223638
202110,1호선,동두천중앙,22930,22674,45604,37.9018057802045,127.056238895955
202110,1호선,동묘앞,114117,117304,231421,37.5733722075697,127.01675118037
202110,1호선,동암,104402,105886,210288,37.4710056673671,126.702935214739
202110,1호선,동인천,101645,99625,201270,37.4759574845683,126.631750522383
202110,1호선,두정,51595,53780,105375,36.8329346310528,127.149020699344
202110,1호선,망월사,53004,54566,107570,37.725963479768,127.046509519875
202110,1호선,명학,42152,40747,82899,37.3852171904558,126.935265701361
202110,1호선,방학,64116,61927,126043,37.6663490420969,127.044424667701
202110,1호선,배방,9400,9560,18960,36.7775631745193,127.052904723378
202110,1호선,백운,45623,44805,90428,37.4832252226726,126.70727338322
202110,1호선,병점,104677,106860,211537,37.2068017946815,127.033243427141
202110,1호선,보산,16240,16121,32361,37.9143185033452,127.057237110508
202110,1호선,봉명,5992,5851,11843,36.8012573235829,127.135835679685
202110,1호선,부개,53367,50199,103566,37.4883181353962,126.740251327956
202110,1호선,부천,240736,242281,483017,37.4840369248427,126.782649695027
202110,1호선,부평,244710,260361,505071,37.4904472744166,126.723486369222
202110,1호선,서동탄,8802,9152,17954,37.1959264123992,127.052133990784
202110,1호선,서빙고,13478,14789,28267,37.5199555398566,126.990048630943
202110,1호선,서울,340174,290776,630950,37.549118478341,126.970484281315
202110,1호선,서정리,53140,54845,107985,37.0570033704623,127.053006355073
202110,1호선,석계,56954,60826,117780,37.6150480846952,127.066118430844
202110,1호선,석수,59813,55948,115761,37.4343424740399,126.902529209911
202110,1호선,성균관대,85780,87130,172910,37.3001863040678,126.972261050259
202110,1호선,성환,26422,27290,53712,36.9167500567322,127.126732155397
202110,1호선,세류,22193,22259,44452,37.2442506519983,127.014111849323
202110,1호선,세마,18731,16989,35720,37.1869917898194,127.043062518202
202110,1호선,소사,63219,62061,125280,37.4824529147477,126.796018552602
202110,1호선,소요산,50209,44539,94748,37.947953996357,127.061213156402
202110,1호선,송내,149582,146691,296273,37.4876747409104,126.752771844443
202110,1호선,송탄,41141,40165,81306,37.0752833781957,127.054299835138
202110,1호선,수원,337760,350052,687812,37.2656768667795,127.000096053009
202110,1호선,시청,91007,92172,183179,37.5654385176408,126.976983237511
202110,1호선,신길,53961,46175,100136,37.5176677017212,126.914336937521
202110,1호선,신도림,25229,26691,51920,37.5087701449787,126.891080501385
202110,1호선,신설동,79666,77162,156828,37.5762451837487,127.023278761358
202110,1호선,신이문,51958,48166,100124,37.604278644666,127.069577322142
202110,1호선,신창,11626,13024,24650,36.7694848050308,126.949921514343
202110,1호선,쌍용,13657,13156,26813,36.793655090373,127.121594290099
202110,1호선,아산,30251,25413,55664,36.7920474174232,127.104115243093
202110,1호선,안양,154251,152517,306768,37.4014349994721,126.92300270344
202110,1호선,양주,59154,57550,116704,37.7736548042753,127.044790945301
202110,1호선,역곡,164622,161906,326528,37.4852888314378,126.811871466794
202110,1호선,영등포,322676,325713,648389,37.5156680341198,126.907665995469
202110,1호선,오류동,76609,70568,147177,37.494359185399,126.844600701673
202110,1호선,오산,82006,81575,163581,37.1458951784684,127.066844907861
202110,1호선,오산대,25339,23715,49054,37.1693006160923,127.063064763281
202110,1호선,옥수,453,313,766,37.5409877747326,127.018965435917
202110,1호선,온수,41392,38447,79839,37.4921502838112,126.823380714316
202110,1호선,온양온천,38285,38380,76665,36.7804682813951,127.003451110541
202110,1호선,왕십리,102721,116431,219152,37.5612217415191,127.036655378283
202110,1호선,외대앞,51164,49468,100632,37.5954136758127,127.063058800869
202110,1호선,용산,300442,302656,603098,37.5297718014452,126.964741503485
202110,1호선,월계,40559,37547,78106,37.6321089404669,127.058729394991
202110,1호선,응봉,12408,10762,23170,37.5504482266748,127.034927944532
202110,1호선,의왕,50584,50231,100815,37.3211117738404,126.948383028902
202110,1호선,의정부,148501,154280,302781,37.7379901517646,127.045879450143
202110,1호선,이촌,25302,18886,44188,37.522520254623,126.973683151228
202110,1호선,인천,43159,36299,79458,37.4765938446837,126.617089760956
202110,1호선,제기동,117915,121445,239360,37.5781967284885,127.034690599752
202110,1호선,제물포,61696,59956,121652,37.466803102521,126.656869633392
202110,1호선,종각,146488,130985,277473,37.5702140381269,126.983239678933
202110,1호선,종로3가,178941,162563,341504,37.5704266025836,126.99202930223
202110,1호선,종로5가,131488,132080,263568,37.5709075371016,127.001916647342
202110,1호선,주안,129803,115149,244952,37.464767076602,126.679517004054
202110,1호선,중동,56490,53374,109864,37.4866184306426,126.764292213307
202110,1호선,지행,47388,47144,94532,37.8918774567748,127.055664161171
202110,1호선,직산,6072,6157,12229,36.8713897700414,127.143691456107
202110,1호선,진위,8998,8232,17230,37.1099375555493,127.062366903315
202110,1호선,창동,1,0,1,37.6532174818989,127.047714954434
202110,1호선,천안,63502,63956,127458,36.8123208138282,127.146822493854
202110,1호선,청량리,293020,298611,591631,37.5802331563072,127.045085886324
202110,1호선,탕정,1066,1028,2094,36.7877232410844,127.084447967937
202110,1호선,평택,122335,121689,244024,36.9918974768998,127.083288658126
202110,1호선,평택지제,26133,24896,51029,,
202110,1호선,한남,22713,21923,44636,37.5291881521046,127.008249820572
202110,1호선,화서,46480,46056,92536,37.2848936747156,126.989199634131
202110,1호선,회룡,82799,82886,165685,37.7244219058017,127.047218627472
202111,1호선,가능,37082,35247,72329,37.7483685951812,127.044220735748
202111,1호선,가산디지털단지,47553,63505,111058,37.4815957375443,126.882559483336
202111,1호선,간석,29878,28514,58392,37.4646879052409,126.693451172704
202111,1호선,개봉,114824,111437,226261,37.4945222528654,126.859102583368
202111,1호선,관악,45888,42270,88158,37.4188017578979,126.909121118476
202111,1호선,광명,24104,19067,43171,37.4163635638303,126.884877197434
202111,1호선,광운대,43359,42638,85997,37.6230335564713,127.06176348127
202111,1호선,구로,95413,98515,193928,37.5024345090279,126.881491595821
202111,1호선,구일,36498,37077,73575,37.4963911827294,126.869920428658
202111,1호선,군포,30594,28132,58726,37.354076121748,126.948484962089
202111,1호선,금정,134253,134646,268899,37.3722878708479,126.943387264162
202111,1호선,금천구청,60711,59201,119912,37.455609978438,126.894514076077
202111,1호선,남영,42028,43939,85967,37.5405646005342,126.971332437837
202111,1호선,노량진,61206,58389,119595,37.5135735646312,126.940826454376
202111,1호선,녹양,25818,24510,50328,37.7593972381027,127.042273911226
202111,1호선,녹천,23992,20457,44449,37.6456959058103,127.050919992127
202111,1호선,당정,29133,27825,56958,37.3444543328447,126.948347418727
202111,1호선,대방,58648,59615,118263,37.5128688879851,126.925248506022
202111,1호선,덕계,17322,16083,33405,37.8187729615258,127.056653419502
202111,1호선,덕정,32186,31352,63538,37.844283985167,127.061969695022
202111,1호선,도봉,32471,30318,62789,37.6803629061562,127.045764016316
202111,1호선,도봉산,75706,53023,128729,37.6891205614059,127.046528790935
202111,1호선,도원,15999,16419,32418,37.468791983109,126.642404388038
202111,1호선,도화,22403,20508,42911,37.4661106428252,126.668375888234
202111,1호선,독산,62777,61653,124430,37.4659873169402,126.889514168718
202111,1호선,동대문,84850,81702,166552,37.5717775660734,127.011167102297
202111,1호선,동두천,11896,15533,27429,37.9278370541411,127.054940223638
202111,1호선,동두천중앙,19353,18776,38129,37.9018057802045,127.056238895955
202111,1호선,동묘앞,93012,95010,188022,37.5733722075697,127.01675118037
202111,1호선,동암,88110,88564,176674,37.4710056673671,126.702935214739
202111,1호선,동인천,86585,84356,170941,37.4759574845683,126.631750522383
202111,1호선,두정,37945,40621,78566,36.8329346310528,127.149020699344
202111,1호선,망월사,41899,43041,84940,37.725963479768,127.046509519875
202111,1호선,명학,36554,35292,71846,37.3852171904558,126.935265701361
202111,1호선,방학,53682,51706,105388,37.6663490420969,127.044424667701
202111,1호선,배방,7805,7807,15612,36.7775631745193,127.052904723378
202111,1호선,백운,37955,37481,75436,37.4832252226726,126.70727338322
202111,1호선,병점,89976,91810,181786,37.2068017946815,127.033243427141
202111,1호선,보산,12671,13254,25925,37.9143185033452,127.057237110508
202111,1호선,봉명,5106,4891,9997,36.8012573235829,127.135835679685
202111,1호선,부개,44985,41950,86935,37.4883181353962,126.740251327956
202111,1호선,부천,200274,203818,404092,37.4840369248427,126.782649695027
202111,1호선,부평,204609,222037,426646,37.4904472744166,126.723486369222
202111,1호선,서동탄,7430,7707,15137,37.1959264123992,127.052133990784
202111,1호선,서빙고,13342,15256,28598,37.5199555398566,126.990048630943
202111,1호선,서울,338540,278639,617179,37.549118478341,126.970484281315
202111,1호선,서정리,46778,48661,95439,37.0570033704623,127.053006355073
202111,1호선,석계,48760,52565,101325,37.6150480846952,127.066118430844
202111,1호선,석수,50287,46621,96908,37.4343424740399,126.902529209911
202111,1호선,성균관대,75618,76467,152085,37.3001863040678,126.972261050259
202111,1호선,성환,22358,23654,46012,36.9167500567322,127.126732155397
202111,1호선,세류,19091,18890,37981,37.2442506519983,127.014111849323
202111,1호선,세마,16122,14631,30753,37.1869917898194,127.043062518202
202111,1호선,소사,53361,51840,105201,37.4824529147477,126.796018552602
202111,1호선,소요산,39313,34150,73463,37.947953996357,127.061213156402
202111,1호선,송내,127394,124221,251615,37.4876747409104,126.752771844443
202111,1호선,송탄,34927,35012,69939,37.0752833781957,127.054299835138
202111,1호선,수원,295600,305427,601027,37.2656768667795,127.000096053009
202111,1호선,시청,86626,89780,176406,37.5654385176408,126.976983237511
202111,1호선,신길,44959,38474,83433,37.5176677017212,126.914336937521
202111,1호선,신도림,21721,23232,44953,37.5087701449787,126.891080501385
202111,1호선,신설동,72129,67368,139497,37.5762451837487,127.023278761358
202111,1호선,신이문,44730,41022,85752,37.604278644666,127.069577322142
202111,1호선,신창,10052,12027,22079,36.7694848050308,126.949921514343
202111,1호선,쌍용,11706,11251,22957,36.793655090373,127.121594290099
202111,1호선,아산,28366,22640,51006,36.7920474174232,127.104115243093
202111,1호선,안양,128899,127206,256105,37.4014349994721,126.92300270344
202111,1호선,양주,47548,45363,92911,37.7736548042753,127.044790945301
202111,1호선,역곡,141666,137365,279031,37.4852888314378,126.811871466794
202111,1호선,영등포,289754,294969,584723,37.5156680341198,126.907665995469
202111,1호선,오류동,65440,60085,125525,37.494359185399,126.844600701673
202111,1호선,오산,71541,70507,142048,37.1458951784684,127.066844907861
202111,1호선,오산대,21399,19928,41327,37.1693006160923,127.063064763281
202111,1호선,옥수,409,262,671,37.5409877747326,127.018965435917
202111,1호선,온수,34862,32088,66950,37.4921502838112,126.823380714316
202111,1호선,온양온천,32306,32384,64690,36.7804682813951,127.003451110541
202111,1호선,왕십리,92946,103951,196897,37.5612217415191,127.036655378283
202111,1호선,외대앞,55672,52190,107862,37.5954136758127,127.063058800869
202111,1호선,용산,287985,283098,571083,37.5297718014452,126.964741503485
202111,1호선,월계,34821,32263,67084,37.6321089404669,127.058729394991
202111,1호선,응봉,10369,9332,19701,37.5504482266748,127.034927944532
202111,1호선,의왕,42272,41491,83763,37.3211117738404,126.948383028902
202111,1호선,의정부,126958,132968,259926,37.7379901517646,127.045879450143
202111,1호선,이촌,20601,15686,36287,37.522520254623,126.973683151228
202111,1호선,인천,34639,29061,63700,37.4765938446837,126.617089760956
202111,1호선,제기동,100775,103106,203881,37.5781967284885,127.034690599752
202111,1호선,제물포,53180,50791,103971,37.466803102521,126.656869633392
202111,1호선,종각,136404,122194,258598,37.5702140381269,126.983239678933
202111,1호선,종로3가,157482,145887,303369,37.5704266025836,126.99202930223
202111,1호선,종로5가,112102,111900,224002,37.5709075371016,127.001916647342
202111,1호선,주안,112925,98926,211851,37.464767076602,126.679517004054
202111,1호선,중동,46584,43449,90033,37.4866184306426,126.764292213307
202111,1호선,지행,40399,40536,80935,37.8918774567748,127.055664161171
202111,1호선,직산,5221,5340,10561,36.8713897700414,127.143691456107
202111,1호선,진위,7957,7584,15541,37.1099375555493,127.062366903315
202111,1호선,창동,2,0,2,37.6532174818989,127.047714954434
202111,1호선,천안,52628,52271,104899,36.8123208138282,127.146822493854
202111,1호선,청량리,250866,252532,503398,37.5802331563072,127.045085886324
202111,1호선,탕정,3031,2962,5993,36.7877232410844,127.084447967937
202111,1호선,평택,103634,105430,209064,36.9918974768998,127.083288658126
202111,1호선,평택지제,23367,21639,45006,,
202111,1호선,한남,18733,18635,37368,37.5291881521046,127.008249820572
202111,1호선,화서,40989,40132,81121,37.2848936747156,126.989199634131
202111,1호선,회룡,70075,69187,139262,37.7244219058017,127.047218627472
202112,1호선,가능,31459,30191,61650,37.7483685951812,127.044220735748
202112,1호선,가산디지털단지,39132,53668,92800,37.4815957375443,126.882559483336
202112,1호선,간석,27168,26033,53201,37.4646879052409,126.693451172704
202112,1호선,개봉,97556,97232,194788,37.4945222528654,126.859102583368
202112,1호선,관악,36595,34400,70995,37.4188017578979,126.909121118476
202112,1호선,광명,20285,16408,36693,37.4163635638303,126.884877197434
202112,1호선,광운대,33941,34609,68550,37.6230335564713,127.06176348127
202112,1호선,구로,83023,85089,168112,37.5024345090279,126.881491595821
202112,1호선,구일,34980,35154,70134,37.4963911827294,126.869920428658
202112,1호선,군포,26063,24257,50320,37.354076121748,126.948484962089
202112,1호선,금정,115006,117193,232199,37.3722878708479,126.943387264162
202112,1호선,금천구청,51060,51054,102114,37.455609978438,126.894514076077
202112,1호선,남영,35447,37328,72775,37.5405646005342,126.971332437837
202112,1호선,노량진,48830,46957,95787,37.5135735646312,126.940826454376
202112,1호선,녹양,21993,20868,42861,37.7593972381027,127.042273911226
202112,1호선,녹천,19790,17092,36882,37.6456959058103,127.050919992127
202112,1호선,당정,24671,23957,48628,37.3444543328447,126.948347418727
202112,1호선,대방,49723,51243,100966,37.5128688879851,126.925248506022
202112,1호선,덕계,14088,13183,27271,37.8187729615258,127.056653419502
202112,1호선,덕정,27360,26905,54265,37.844283985167,127.061969695022
202112,1호선,도봉,27356,26059,53415,37.6803629061562,127.045764016316
202112,1호선,도봉산,53317,36753,90070,37.6891205614059,127.046528790935
202112,1호선,도원,12571,12796,25367,37.468791983109,126.642404388038
202112,1호선,도화,19884,18919,38803,37.4661106428252,126.668375888234
202112,1호선,독산,54131,53750,107881,37.4659873169402,126.889514168718
202112,1호선,동대문,68738,66622,135360,37.5717775660734,127.011167102297
202112,1호선,동두천,10058,12205,22263,37.9278370541411,127.054940223638
202112,1호선,동두천중앙,16186,15885,32071,37.9018057802045,127.056238895955
202112,1호선,동묘앞,73567,74219,147786,37.5733722075697,127.01675118037
202112,1호선,동암,76593,78691,155284,37.4710056673671,126.702935214739
202112,1호선,동인천,72642,71376,144018,37.4759574845683,126.631750522383
202112,1호선,두정,32893,34367,67260,36.8329346310528,127.149020699344
202112,1호선,망월사,34965,35869,70834,37.725963479768,127.046509519875
202112,1호선,명학,30351,29325,59676,37.3852171904558,126.935265701361
202112,1호선,방학,45955,44748,90703,37.6663490420969,127.044424667701
202112,1호선,배방,6035,6254,12289,36.7775631745193,127.052904723378
202112,1호선,백운,32748,32424,65172,37.4832252226726,126.70727338322
202112,1호선,병점,76465,79512,155977,37.2068017946815,127.033243427141
202112,1호선,보산,10754,10975,21729,37.9143185033452,127.057237110508
202112,1호선,봉명,4193,4101,8294,36.8012573235829,127.135835679685
202112,1호선,부개,39188,37146,76334,37.4883181353962,126.740251327956
202112,1호선,부천,181251,183366,364617,37.4840369248427,126.782649695027
202112,1호선,부평,185083,196816,381899,37.4904472744166,126.723486369222
202112,1호선,서동탄,6046,6286,12332,37.1959264123992,127.052133990784
202112,1호선,서빙고,9732,9813,19545,37.5199555398566,126.990048630943
202112,1호선,서울,272123,222816,494939,37.549118478341,126.970484281315
202112,1호선,서정리,40936,43107,84043,37.0570033704623,127.053006355073
202112,1호선,석계,40070,43293,83363,37.6150480846952,127.066118430844
202112,1호선,석수,41508,38874,80382,37.4343424740399,126.902529209911
202112,1호선,성균관대,63748,64693,128441,37.3001863040678,126.972261050259
202112,1호선,성환,18077,18892,36969,36.9167500567322,127.126732155397
202112,1호선,세류,16121,16143,32264,37.2442506519983,127.014111849323
202112,1호선,세마,13497,12642,26139,37.1869917898194,127.043062518202
202112,1호선,소사,45118,39316,84434,37.4824529147477,126.796018552602
202112,1호선,소요산,20757,17579,38336,37.947953996357,127.061213156402
202112,1호선,송내,109353,107649,217002,37.4876747409104,126.752771844443
202112,1호선,송탄,30620,30800,61420,37.0752833781957,127.054299835138
202112,1호선,수원,259193,265475,524668,37.2656768667795,127.000096053009
202112,1호선,시청,74663,71615,146278,37.5654385176408,126.976983237511
202112,1호선,신길,37939,32448,70387,37.5176677017212,126.914336937521
202112,1호선,신도림,17130,17715,34845,37.5087701449787,126.891080501385
202112,1호선,신설동,59172,57043,116215,37.5762451837487,127.023278761358
202112,1호선,신이문,37744,35188,72932,37.604278644666,127.069577322142
202112,1호선,신창,7051,7311,14362,36.7694848050308,126.949921514343
202112,1호선,쌍용,9484,9228,18712,36.793655090373,127.121594290099
202112,1호선,아산,22145,18019,40164,36.7920474174232,127.104115243093
202112,1호선,안양,110833,109853,220686,37.4014349994721,126.92300270344
202112,1호선,양주,38850,37542,76392,37.7736548042753,127.044790945301
202112,1호선,역곡,121729,120483,242212,37.4852888314378,126.811871466794
202112,1호선,영등포,278687,277202,555889,37.5156680341198,126.907665995469
202112,1호선,오류동,57349,53207,110556,37.494359185399,126.844600701673
202112,1호선,오산,60991,61208,122199,37.1458951784684,127.066844907861
202112,1호선,오산대,16750,15717,32467,37.1693006160923,127.063064763281
202112,1호선,옥수,334,222,556,37.5409877747326,127.018965435917
202112,1호선,온수,29846,27726,57572,37.4921502838112,126.823380714316
202112,1호선,온양온천,24979,25341,50320,36.7804682813951,127.003451110541
202112,1호선,왕십리,79924,89464,169388,37.5612217415191,127.036655378283
202112,1호선,외대앞,38541,37252,75793,37.5954136758127,127.063058800869
202112,1호선,용산,249844,242994,492838,37.5297718014452,126.964741503485
202112,1호선,월계,29200,27098,56298,37.6321089404669,127.058729394991
202112,1호선,응봉,7976,7092,15068,37.5504482266748,127.034927944532
202112,1호선,의왕,35619,35612,71231,37.3211117738404,126.948383028902
202112,1호선,의정부,116669,119708,236377,37.7379901517646,127.045879450143
202112,1호선,이촌,16899,13050,29949,37.522520254623,126.973683151228
202112,1호선,인천,22560,18033,40593,37.4765938446837,126.617089760956
202112,1호선,제기동,79452,81232,160684,37.5781967284885,127.034690599752
202112,1호선,제물포,47082,45409,92491,37.466803102521,126.656869633392
202112,1호선,종각,114078,104653,218731,37.5702140381269,126.983239678933
202112,1호선,종로3가,119494,111513,231007,37.5704266025836,126.99202930223
202112,1호선,종로5가,90526,88512,179038,37.5709075371016,127.001916647342
202112,1호선,주안,100086,87935,188021,37.464767076602,126.679517004054
202112,1호선,중동,40913,38519,79432,37.4866184306426,126.764292213307
202112,1호선,지행,34967,34897,69864,37.8918774567748,127.055664161171
202112,1호선,직산,4233,4330,8563,36.8713897700414,127.143691456107
202112,1호선,진위,6602,6266,12868,37.1099375555493,127.062366903315
202112,1호선,창동,3,0,3,37.6532174818989,127.047714954434
202112,1호선,천안,41149,41516,82665,36.8123208138282,127.146822493854
202112,1호선,청량리,208791,208564,417355,37.5802331563072,127.045085886324
202112,1호선,탕정,2285,2162,4447,36.7877232410844,127.084447967937
202112,1호선,평택,87960,88756,176716,36.9918974768998,127.083288658126
202112,1호선,평택지제,20405,19267,39672,,
202112,1호선,한남,16247,16228,32475,37.5291881521046,127.008249820572
202112,1호선,화서,33183,32983,66166,37.2848936747156,126.989199634131
202112,1호선,회룡,58613,58184,116797,37.7244219058017,127.047218627472
202101,2호선,강남,304638,295939,600577,37.4981646510326,127.028307900881
202101,2호선,강변,149398,146936,296334,37.5351692767888,127.094664569096
202101,2호선,건대입구,192524,206323,398847,37.5404188872176,127.069173281554
202101,2호선,교대,91008,100335,191343,37.4928178646055,127.013838469407
202101,2호선,구로디지털단지,206159,207477,413636,37.4853149237865,126.901494378412
202101,2호선,구의,98447,99504,197951,37.5371535596228,127.086179228767
202101,2호선,낙성대,128279,127785,256064,37.4770651843603,126.963409959152
202101,2호선,당산,70804,76446,147250,37.534956866618,126.90273071003
202101,2호선,대림,117159,122046,239205,37.4933105886136,126.8949461878
202101,2호선,도림천,4993,4935,9928,37.5144420510515,126.882702584468
202101,2호선,동대문역사문화공원,54200,61224,115424,37.5655895229776,127.009131498424
202101,2호선,뚝섬,64265,66783,131048,37.5471882244091,127.047365178682
202101,2호선,문래,62284,64835,127119,37.5179214637526,126.894763060556
202101,2호선,방배,56401,59001,115402,37.4814364876589,126.997694899327
202101,2호선,봉천,106250,102823,209073,37.4825562153548,126.941495272047
202101,2호선,사당,163364,177993,341357,37.4765228347619,126.981408909449
202101,2호선,삼성,157877,155765,313642,37.5088619974404,127.063073009788
202101,2호선,상왕십리,56999,56152,113151,37.5644687111181,127.029031221392
202101,2호선,서울대입구,224612,225167,449779,37.4811526631844,126.952645104944
202101,2호선,서초,56928,51728,108656,37.4918229990093,127.007580814715
202101,2호선,선릉,125643,111200,236843,37.5045028775835,127.048942471228
202101,2호선,성수,88587,97325,185912,37.5445023983984,127.056090471223
202101,2호선,시청,40191,33888,74079,37.5654385176408,126.976983237511
202101,2호선,신답,5721,6221,11942,37.5699910562183,127.046820203556
202101,2호선,신당,67606,70815,138421,37.5656540317328,127.019540574485
202101,2호선,신대방,124816,123267,248083,37.4875759745635,126.913175585996
202101,2호선,신도림,227534,225640,453174,37.5087701449787,126.891080501385
202101,2호선,신림,313335,309355,622690,37.4841196518392,126.928712092948
202101,2호선,신설동,21754,21980,43734,37.5762451837487,127.023278761358
202101,2호선,신정네거리,41260,42440,83700,37.5197975266787,126.852991645059
202101,2호선,신촌,166685,166332,333017,37.5554417865984,126.936119192554
202101,2호선,아현,44037,43698,87735,37.5573575723061,126.95603374504
202101,2호선,양천구청,25424,26303,51727,37.5126989358446,126.866065211751
202101,2호선,역삼,104520,113616,218136,37.5007162693593,127.036618203089
202101,2호선,영등포구청,70724,73253,143977,37.5256996614804,126.896626898379
202101,2호선,왕십리,75413,65362,140775,37.5612217415191,127.036655378283
202101,2호선,용답,13228,13044,26272,37.5620049052662,127.050729309179
202101,2호선,용두,10646,10810,21456,37.5739380503267,127.038031119837
202101,2호선,을지로3가,49034,46542,95576,37.56626594615,126.990308356253
202101,2호선,을지로4가,37730,38033,75763,37.5666369941572,126.997852780281
202101,2호선,을지로입구,123494,119981,243475,37.5660509513873,126.982372901787
202101,2호선,이대,51156,53975,105131,37.5567980142044,126.945758201019
202101,2호선,잠실,332424,316569,648993,37.513859279255,127.101857941447
202101,2호선,잠실나루,41494,41290,82784,37.5206867318088,127.103811089444
202101,2호선,잠실새내,91949,95907,187856,37.5115672093323,127.086373867207
202101,2호선,종합운동장,23963,25853,49816,37.5109692748993,127.073356018706
202101,2호선,충정로,31650,32413,64063,37.5598377952439,126.964474043785
202101,2호선,한양대,22847,22307,45154,37.55557788354,127.043584493543
202101,2호선,합정,142653,149026,291679,37.5501152068908,126.914638180431
202101,2호선,홍대입구,297833,304633,602466,37.5577458058734,126.926498328277
202102,2호선,강남,309141,300848,609989,37.4981646510326,127.028307900881
202102,2호선,강변,160509,151347,311856,37.5351692767888,127.094664569096
202102,2호선,건대입구,183861,192994,376855,37.5404188872176,127.069173281554
202102,2호선,교대,88125,97794,185919,37.4928178646055,127.013838469407
202102,2호선,구로디지털단지,192981,192854,385835,37.4853149237865,126.901494378412
202102,2호선,구의,91014,91011,182025,37.5371535596228,127.086179228767
202102,2호선,낙성대,119740,117797,237537,37.4770651843603,126.963409959152
202102,2호선,당산,71066,76441,147507,37.534956866618,126.90273071003
202102,2호선,대림,109357,113715,223072,37.4933105886136,126.8949461878
202102,2호선,도림천,4493,4579,9072,37.5144420510515,126.882702584468
202102,2호선,동대문역사문화공원,55642,62834,118476,37.5655895229776,127.009131498424
202102,2호선,뚝섬,73386,76988,150374,37.5471882244091,127.047365178682
202102,2호선,문래,63782,66486,130268,37.5179214637526,126.894763060556
202102,2호선,방배,53213,56115,109328,37.4814364876589,126.997694899327
202102,2호선,봉천,96713,93303,190016,37.4825562153548,126.941495272047
202102,2호선,사당,161960,179904,341864,37.4765228347619,126.981408909449
202102,2호선,삼성,153220,152603,305823,37.5088619974404,127.063073009788
202102,2호선,상왕십리,53748,52452,106200,37.5644687111181,127.029031221392
202102,2호선,서울대입구,215809,219625,435434,37.4811526631844,126.952645104944
202102,2호선,서초,63176,56489,119665,37.4918229990093,127.007580814715
202102,2호선,선릉,112115,100800,212915,37.5045028775835,127.048942471228
202102,2호선,성수,97836,109904,207740,37.5445023983984,127.056090471223
202102,2호선,시청,44294,37542,81836,37.5654385176408,126.976983237511
202102,2호선,신답,5926,6222,12148,37.5699910562183,127.046820203556
202102,2호선,신당,64148,67604,131752,37.5656540317328,127.019540574485
202102,2호선,신대방,114789,114155,228944,37.4875759745635,126.913175585996
202102,2호선,신도림,224898,225900,450798,37.5087701449787,126.891080501385
202102,2호선,신림,289716,287546,577262,37.4841196518392,126.928712092948
202102,2호선,신설동,20756,20686,41442,37.5762451837487,127.023278761358
202102,2호선,신정네거리,40564,40980,81544,37.5197975266787,126.852991645059
202102,2호선,신촌,163472,164653,328125,37.5554417865984,126.936119192554
202102,2호선,아현,41599,40788,82387,37.5573575723061,126.95603374504
202102,2호선,양천구청,25567,26311,51878,37.5126989358446,126.866065211751
202102,2호선,역삼,94978,105739,200717,37.5007162693593,127.036618203089
202102,2호선,영등포구청,65643,67690,133333,37.5256996614804,126.896626898379
202102,2호선,왕십리,72784,65051,137835,37.5612217415191,127.036655378283
202102,2호선,용답,12012,11984,23996,37.5620049052662,127.050729309179
202102,2호선,용두,9774,9786,19560,37.5739380503267,127.038031119837
202102,2호선,을지로3가,53821,51734,105555,37.56626594615,126.990308356253
202102,2호선,을지로4가,32826,32997,65823,37.5666369941572,126.997852780281
202102,2호선,을지로입구,120710,115688,236398,37.5660509513873,126.982372901787
202102,2호선,이대,50639,53812,104451,37.5567980142044,126.945758201019
202102,2호선,잠실,350968,332315,683283,37.513859279255,127.101857941447
202102,2호선,잠실나루,39749,39366,79115,37.5206867318088,127.103811089444
202102,2호선,잠실새내,87682,92507,180189,37.5115672093323,127.086373867207
202102,2호선,종합운동장,24857,26910,51767,37.5109692748993,127.073356018706
202102,2호선,충정로,29891,31436,61327,37.5598377952439,126.964474043785
202102,2호선,한양대,18960,19717,38677,37.55557788354,127.043584493543
202102,2호선,합정,150722,161418,312140,37.5501152068908,126.914638180431
202102,2호선,홍대입구,350517,369351,719868,37.5577458058734,126.926498328277
202103,2호선,강남,372146,363892,736038,37.4981646510326,127.028307900881
202103,2호선,강변,168981,170283,339264,37.5351692767888,127.094664569096
202103,2호선,건대입구,222423,229463,451886,37.5404188872176,127.069173281554
202103,2호선,교대,104179,115453,219632,37.4928178646055,127.013838469407
202103,2호선,구로디지털단지,218348,215662,434010,37.4853149237865,126.901494378412
202103,2호선,구의,101863,101244,203107,37.5371535596228,127.086179228767
202103,2호선,낙성대,139472,135306,274778,37.4770651843603,126.963409959152
202103,2호선,당산,78217,85532,163749,37.534956866618,126.90273071003
202103,2호선,대림,121818,127535,249353,37.4933105886136,126.8949461878
202103,2호선,도림천,4946,4968,9914,37.5144420510515,126.882702584468
202103,2호선,동대문역사문화공원,62319,70851,133170,37.5655895229776,127.009131498424
202103,2호선,뚝섬,81739,84711,166450,37.5471882244091,127.047365178682
202103,2호선,문래,72758,76117,148875,37.5179214637526,126.894763060556
202103,2호선,방배,63294,65833,129127,37.4814364876589,126.997694899327
202103,2호선,봉천,109898,103862,213760,37.4825562153548,126.941495272047
202103,2호선,사당,185709,205272,390981,37.4765228347619,126.981408909449
202103,2호선,삼성,195183,194598,389781,37.5088619974404,127.063073009788
202103,2호선,상왕십리,62030,59234,121264,37.5644687111181,127.029031221392
202103,2호선,서울대입구,246543,245258,491801,37.4811526631844,126.952645104944
202103,2호선,서초,77305,69593,146898,37.4918229990093,127.007580814715
202103,2호선,선릉,139479,124085,263564,37.5045028775835,127.048942471228
202103,2호선,성수,111496,122999,234495,37.5445023983984,127.056090471223
202103,2호선,시청,51342,43522,94864,37.5654385176408,126.976983237511
202103,2호선,신답,6404,6823,13227,37.5699910562183,127.046820203556
202103,2호선,신당,70432,73734,144166,37.5656540317328,127.019540574485
202103,2호선,신대방,128075,126008,254083,37.4875759745635,126.913175585996
202103,2호선,신도림,257868,258703,516571,37.5087701449787,126.891080501385
202103,2호선,신림,324164,312662,636826,37.4841196518392,126.928712092948
202103,2호선,신설동,22125,21634,43759,37.5762451837487,127.023278761358
202103,2호선,신정네거리,45436,46552,91988,37.5197975266787,126.852991645059
202103,2호선,신촌,194794,192933,387727,37.5554417865984,126.936119192554
202103,2호선,아현,46607,45981,92588,37.5573575723061,126.95603374504
202103,2호선,양천구청,28446,29331,57777,37.5126989358446,126.866065211751
202103,2호선,역삼,118622,128758,247380,37.5007162693593,127.036618203089
202103,2호선,영등포구청,77634,79396,157030,37.5256996614804,126.896626898379
202103,2호선,왕십리,86306,74568,160874,37.5612217415191,127.036655378283
202103,2호선,용답,13927,14011,27938,37.5620049052662,127.050729309179
202103,2호선,용두,10492,10567,21059,37.5739380503267,127.038031119837
202103,2호선,을지로3가,63006,59992,122998,37.56626594615,126.990308356253
202103,2호선,을지로4가,37596,37972,75568,37.5666369941572,126.997852780281
202103,2호선,을지로입구,130174,125377,255551,37.5660509513873,126.982372901787
202103,2호선,이대,60972,63917,124889,37.5567980142044,126.945758201019
202103,2호선,잠실,385324,363475,748799,37.513859279255,127.101857941447
202103,2호선,잠실나루,46713,46632,93345,37.5206867318088,127.103811089444
202103,2호선,잠실새내,100932,104905,205837,37.5115672093323,127.086373867207
202103,2호선,종합운동장,31502,35199,66701,37.5109692748993,127.073356018706
202103,2호선,충정로,35254,37432,72686,37.5598377952439,126.964474043785
202103,2호선,한양대,24355,25427,49782,37.55557788354,127.043584493543
202103,2호선,합정,171865,183247,355112,37.5501152068908,126.914638180431
202103,2호선,홍대입구,393573,405458,799031,37.5577458058734,126.926498328277
202104,2호선,강남,344498,340390,684888,37.4981646510326,127.028307900881
202104,2호선,강변,170226,171901,342127,37.5351692767888,127.094664569096
202104,2호선,건대입구,218169,224798,442967,37.5404188872176,127.069173281554
202104,2호선,교대,101245,112241,213486,37.4928178646055,127.013838469407
202104,2호선,구로디지털단지,214419,211400,425819,37.4853149237865,126.901494378412
202104,2호선,구의,101301,100170,201471,37.5371535596228,127.086179228767
202104,2호선,낙성대,138189,135054,273243,37.4770651843603,126.963409959152
202104,2호선,당산,81291,88254,169545,37.534956866618,126.90273071003
202104,2호선,대림,124416,130064,254480,37.4933105886136,126.8949461878
202104,2호선,도림천,5121,5272,10393,37.5144420510515,126.882702584468
202104,2호선,동대문역사문화공원,62046,69901,131947,37.5655895229776,127.009131498424
202104,2호선,뚝섬,100475,99904,200379,37.5471882244091,127.047365178682
202104,2호선,문래,72082,75699,147781,37.5179214637526,126.894763060556
202104,2호선,방배,60850,63770,124620,37.4814364876589,126.997694899327
202104,2호선,봉천,110030,104386,214416,37.4825562153548,126.941495272047
202104,2호선,사당,181630,201667,383297,37.4765228347619,126.981408909449
202104,2호선,삼성,171206,170296,341502,37.5088619974404,127.063073009788
202104,2호선,상왕십리,61421,58949,120370,37.5644687111181,127.029031221392
202104,2호선,서울대입구,240686,238818,479504,37.4811526631844,126.952645104944
202104,2호선,서초,79287,70562,149849,37.4918229990093,127.007580814715
202104,2호선,선릉,135077,119910,254987,37.5045028775835,127.048942471228
202104,2호선,성수,110598,121756,232354,37.5445023983984,127.056090471223
202104,2호선,시청,51069,42927,93996,37.5654385176408,126.976983237511
202104,2호선,신답,6346,6884,13230,37.5699910562183,127.046820203556
202104,2호선,신당,70174,73690,143864,37.5656540317328,127.019540574485
202104,2호선,신대방,132440,130196,262636,37.4875759745635,126.913175585996
202104,2호선,신도림,257315,258471,515786,37.5087701449787,126.891080501385
202104,2호선,신림,321200,310355,631555,37.4841196518392,126.928712092948
202104,2호선,신설동,23185,23021,46206,37.5762451837487,127.023278761358
202104,2호선,신정네거리,45950,46789,92739,37.5197975266787,126.852991645059
202104,2호선,신촌,181642,181409,363051,37.5554417865984,126.936119192554
202104,2호선,아현,46437,45621,92058,37.5573575723061,126.95603374504
202104,2호선,양천구청,28322,29178,57500,37.5126989358446,126.866065211751
202104,2호선,역삼,112294,120771,233065,37.5007162693593,127.036618203089
202104,2호선,영등포구청,75746,77941,153687,37.5256996614804,126.896626898379
202104,2호선,왕십리,83829,70353,154182,37.5612217415191,127.036655378283
202104,2호선,용답,13702,13281,26983,37.5620049052662,127.050729309179
202104,2호선,용두,10924,10583,21507,37.5739380503267,127.038031119837
202104,2호선,을지로3가,62287,59841,122128,37.56626594615,126.990308356253
202104,2호선,을지로4가,37799,37762,75561,37.5666369941572,126.997852780281
202104,2호선,을지로입구,129296,124103,253399,37.5660509513873,126.982372901787
202104,2호선,이대,58963,61411,120374,37.5567980142044,126.945758201019
202104,2호선,잠실,384321,363304,747625,37.513859279255,127.101857941447
202104,2호선,잠실나루,47065,47228,94293,37.5206867318088,127.103811089444
202104,2호선,잠실새내,100954,103982,204936,37.5115672093323,127.086373867207
202104,2호선,종합운동장,38459,43040,81499,37.5109692748993,127.073356018706
202104,2호선,충정로,35603,37933,73536,37.5598377952439,126.964474043785
202104,2호선,한양대,24031,25171,49202,37.55557788354,127.043584493543
202104,2호선,합정,169305,179032,348337,37.5501152068908,126.914638180431
202104,2호선,홍대입구,364020,377142,741162,37.5577458058734,126.926498328277
202105,2호선,강남,437337,426806,864143,37.4981646510326,127.028307900881
202105,2호선,강변,221824,220690,442514,37.5351692767888,127.094664569096
202105,2호선,건대입구,278566,288563,567129,37.5404188872176,127.069173281554
202105,2호선,교대,127432,142111,269543,37.4928178646055,127.013838469407
202105,2호선,구로디지털단지,262569,257108,519677,37.4853149237865,126.901494378412
202105,2호선,구의,126277,125746,252023,37.5371535596228,127.086179228767
202105,2호선,낙성대,169967,166589,336556,37.4770651843603,126.963409959152
202105,2호선,당산,98400,107547,205947,37.534956866618,126.90273071003
202105,2호선,대림,154301,161504,315805,37.4933105886136,126.8949461878
202105,2호선,도림천,6197,6365,12562,37.5144420510515,126.882702584468
202105,2호선,동대문역사문화공원,76907,85434,162341,37.5655895229776,127.009131498424
202105,2호선,뚝섬,113430,115735,229165,37.5471882244091,127.047365178682
202105,2호선,문래,91831,97176,189007,37.5179214637526,126.894763060556
202105,2호선,방배,78060,82280,160340,37.4814364876589,126.997694899327
202105,2호선,봉천,135860,129125,264985,37.4825562153548,126.941495272047
202105,2호선,사당,223795,249596,473391,37.4765228347619,126.981408909449
202105,2호선,삼성,225668,223728,449396,37.5088619974404,127.063073009788
202105,2호선,상왕십리,76863,73872,150735,37.5644687111181,127.029031221392
202105,2호선,서울대입구,298419,296465,594884,37.4811526631844,126.952645104944
202105,2호선,서초,99659,89251,188910,37.4918229990093,127.007580814715
202105,2호선,선릉,167359,148519,315878,37.5045028775835,127.048942471228
202105,2호선,성수,137566,153505,291071,37.5445023983984,127.056090471223
202105,2호선,시청,63332,51078,114410,37.5654385176408,126.976983237511
202105,2호선,신답,7816,8433,16249,37.5699910562183,127.046820203556
202105,2호선,신당,86422,90480,176902,37.5656540317328,127.019540574485
202105,2호선,신대방,162302,159518,321820,37.4875759745635,126.913175585996
202105,2호선,신도림,317892,318204,636096,37.5087701449787,126.891080501385
202105,2호선,신림,397300,385989,783289,37.4841196518392,126.928712092948
202105,2호선,신설동,27747,27185,54932,37.5762451837487,127.023278761358
202105,2호선,신정네거리,58060,59005,117065,37.5197975266787,126.852991645059
202105,2호선,신촌,235173,233879,469052,37.5554417865984,126.936119192554
202105,2호선,아현,58254,57037,115291,37.5573575723061,126.95603374504
202105,2호선,양천구청,36708,37964,74672,37.5126989358446,126.866065211751
202105,2호선,역삼,138289,149331,287620,37.5007162693593,127.036618203089
202105,2호선,영등포구청,93218,95834,189052,37.5256996614804,126.896626898379
202105,2호선,왕십리,104348,88686,193034,37.5612217415191,127.036655378283
202105,2호선,용답,17779,17225,35004,37.5620049052662,127.050729309179
202105,2호선,용두,13122,13173,26295,37.5739380503267,127.038031119837
202105,2호선,을지로3가,81856,79129,160985,37.56626594615,126.990308356253
202105,2호선,을지로4가,46254,46932,93186,37.5666369941572,126.997852780281
202105,2호선,을지로입구,157219,151778,308997,37.5660509513873,126.982372901787
202105,2호선,이대,77409,81837,159246,37.5567980142044,126.945758201019
202105,2호선,잠실,484711,459199,943910,37.513859279255,127.101857941447
202105,2호선,잠실나루,58280,58613,116893,37.5206867318088,127.103811089444
202105,2호선,잠실새내,127515,131407,258922,37.5115672093323,127.086373867207
202105,2호선,종합운동장,48645,53834,102479,37.5109692748993,127.073356018706
202105,2호선,충정로,43068,46306,89374,37.5598377952439,126.964474043785
202105,2호선,한양대,29947,30740,60687,37.55557788354,127.043584493543
202105,2호선,합정,213710,226829,440539,37.5501152068908,126.914638180431
202105,2호선,홍대입구,493998,509430,1003428,37.5577458058734,126.926498328277
202106,2호선,강남,366684,361032,727716,37.4981646510326,127.028307900881
202106,2호선,강변,182580,182452,365032,37.5351692767888,127.094664569096
202106,2호선,건대입구,222256,238417,460673,37.5404188872176,127.069173281554
202106,2호선,교대,104511,116382,220893,37.4928178646055,127.013838469407
202106,2호선,구로디지털단지,219549,214586,434135,37.4853149237865,126.901494378412
202106,2호선,구의,104265,102395,206660,37.5371535596228,127.086179228767
202106,2호선,낙성대,140957,135840,276797,37.4770651843603,126.963409959152
202106,2호선,당산,83582,90541,174123,37.534956866618,126.90273071003
202106,2호선,대림,128562,134145,262707,37.4933105886136,126.8949461878
202106,2호선,도림천,5164,5247,10411,37.5144420510515,126.882702584468
202106,2호선,동대문역사문화공원,64647,72364,137011,37.5655895229776,127.009131498424
202106,2호선,뚝섬,105352,110593,215945,37.5471882244091,127.047365178682
202106,2호선,문래,76245,81060,157305,37.5179214637526,126.894763060556
202106,2호선,방배,63454,67274,130728,37.4814364876589,126.997694899327
202106,2호선,봉천,112811,105889,218700,37.4825562153548,126.941495272047
202106,2호선,사당,188754,209786,398540,37.4765228347619,126.981408909449
202106,2호선,삼성,186606,187074,373680,37.5088619974404,127.063073009788
202106,2호선,상왕십리,64097,61488,125585,37.5644687111181,127.029031221392
202106,2호선,서울대입구,248077,245866,493943,37.4811526631844,126.952645104944
202106,2호선,서초,80318,71394,151712,37.4918229990093,127.007580814715
202106,2호선,선릉,138639,122015,260654,37.5045028775835,127.048942471228
202106,2호선,성수,114269,130909,245178,37.5445023983984,127.056090471223
202106,2호선,시청,53511,43939,97450,37.5654385176408,126.976983237511
202106,2호선,신답,6552,7019,13571,37.5699910562183,127.046820203556
202106,2호선,신당,71042,74628,145670,37.5656540317328,127.019540574485
202106,2호선,신대방,135475,131383,266858,37.4875759745635,126.913175585996
202106,2호선,신도림,263718,266687,530405,37.5087701449787,126.891080501385
202106,2호선,신림,330984,319574,650558,37.4841196518392,126.928712092948
202106,2호선,신설동,22890,22954,45844,37.5762451837487,127.023278761358
202106,2호선,신정네거리,47595,48077,95672,37.5197975266787,126.852991645059
202106,2호선,신촌,191006,189639,380645,37.5554417865984,126.936119192554
202106,2호선,아현,48672,47014,95686,37.5573575723061,126.95603374504
202106,2호선,양천구청,31064,31520,62584,37.5126989358446,126.866065211751
202106,2호선,역삼,112334,122857,235191,37.5007162693593,127.036618203089
202106,2호선,영등포구청,76645,78477,155122,37.5256996614804,126.896626898379
202106,2호선,왕십리,84650,71580,156230,37.5612217415191,127.036655378283
202106,2호선,용답,14263,13784,28047,37.5620049052662,127.050729309179
202106,2호선,용두,11118,10781,21899,37.5739380503267,127.038031119837
202106,2호선,을지로3가,72769,71385,144154,37.56626594615,126.990308356253
202106,2호선,을지로4가,40041,41108,81149,37.5666369941572,126.997852780281
202106,2호선,을지로입구,135176,131211,266387,37.5660509513873,126.982372901787
202106,2호선,이대,63524,66421,129945,37.5567980142044,126.945758201019
202106,2호선,잠실,400899,381575,782474,37.513859279255,127.101857941447
202106,2호선,잠실나루,49349,48817,98166,37.5206867318088,127.103811089444
202106,2호선,잠실새내,103517,107397,210914,37.5115672093323,127.086373867207
202106,2호선,종합운동장,45924,49901,95825,37.5109692748993,127.073356018706
202106,2호선,충정로,35962,38015,73977,37.5598377952439,126.964474043785
202106,2호선,한양대,24621,25697,50318,37.55557788354,127.043584493543
202106,2호선,합정,183546,196412,379958,37.5501152068908,126.914638180431
202106,2호선,홍대입구,409867,427433,837300,37.5577458058734,126.926498328277
202107,2호선,강남,328872,318993,647865,37.4981646510326,127.028307900881
202107,2호선,강변,156412,157698,314110,37.5351692767888,127.094664569096
202107,2호선,건대입구,189972,202659,392631,37.5404188872176,127.069173281554
202107,2호선,교대,98665,109818,208483,37.4928178646055,127.013838469407
202107,2호선,구로디지털단지,203062,201078,404140,37.4853149237865,126.901494378412
202107,2호선,구의,99293,98207,197500,37.5371535596228,127.086179228767
202107,2호선,낙성대,130518,126604,257122,37.4770651843603,126.963409959152
202107,2호선,당산,70695,77441,148136,37.534956866618,126.90273071003
202107,2호선,대림,116769,122642,239411,37.4933105886136,126.8949461878
202107,2호선,도림천,4722,4863,9585,37.5144420510515,126.882702584468
202107,2호선,동대문역사문화공원,57906,64415,122321,37.5655895229776,127.009131498424
202107,2호선,뚝섬,72559,75440,147999,37.5471882244091,127.047365178682
202107,2호선,문래,65602,68588,134190,37.5179214637526,126.894763060556
202107,2호선,방배,56614,59751,116365,37.4814364876589,126.997694899327
202107,2호선,봉천,107690,101508,209198,37.4825562153548,126.941495272047
202107,2호선,사당,163195,178517,341712,37.4765228347619,126.981408909449
202107,2호선,삼성,154057,153011,307068,37.5088619974404,127.063073009788
202107,2호선,상왕십리,59377,57235,116612,37.5644687111181,127.029031221392
202107,2호선,서울대입구,232466,229420,461886,37.4811526631844,126.952645104944
202107,2호선,서초,64189,56924,121113,37.4918229990093,127.007580814715
202107,2호선,선릉,131422,115563,246985,37.5045028775835,127.048942471228
202107,2호선,성수,100904,112629,213533,37.5445023983984,127.056090471223
202107,2호선,시청,46170,40971,87141,37.5654385176408,126.976983237511
202107,2호선,신답,5951,6491,12442,37.5699910562183,127.046820203556
202107,2호선,신당,65570,68559,134129,37.5656540317328,127.019540574485
202107,2호선,신대방,127441,124736,252177,37.4875759745635,126.913175585996
202107,2호선,신도림,229719,228964,458683,37.5087701449787,126.891080501385
202107,2호선,신림,312249,303614,615863,37.4841196518392,126.928712092948
202107,2호선,신설동,19535,19772,39307,37.5762451837487,127.023278761358
202107,2호선,신정네거리,44258,45065,89323,37.5197975266787,126.852991645059
202107,2호선,신촌,171150,170656,341806,37.5554417865984,126.936119192554
202107,2호선,아현,45686,44523,90209,37.5573575723061,126.95603374504
202107,2호선,양천구청,26950,28008,54958,37.5126989358446,126.866065211751
202107,2호선,역삼,101445,111031,212476,37.5007162693593,127.036618203089
202107,2호선,영등포구청,70804,72493,143297,37.5256996614804,126.896626898379
202107,2호선,왕십리,76693,64891,141584,37.5612217415191,127.036655378283
202107,2호선,용답,13708,13328,27036,37.5620049052662,127.050729309179
202107,2호선,용두,10708,10736,21444,37.5739380503267,127.038031119837
202107,2호선,을지로3가,58119,56021,114140,37.56626594615,126.990308356253
202107,2호선,을지로4가,36473,35095,71568,37.5666369941572,126.997852780281
202107,2호선,을지로입구,118212,116651,234863,37.5660509513873,126.982372901787
202107,2호선,이대,58092,61546,119638,37.5567980142044,126.945758201019
202107,2호선,잠실,342574,327006,669580,37.513859279255,127.101857941447
202107,2호선,잠실나루,44083,44164,88247,37.5206867318088,127.103811089444
202107,2호선,잠실새내,98454,101523,199977,37.5115672093323,127.086373867207
202107,2호선,종합운동장,29703,32654,62357,37.5109692748993,127.073356018706
202107,2호선,충정로,31581,32614,64195,37.5598377952439,126.964474043785
202107,2호선,한양대,22592,22560,45152,37.55557788354,127.043584493543
202107,2호선,합정,148320,156079,304399,37.5501152068908,126.914638180431
202107,2호선,홍대입구,294167,297741,591908,37.5577458058734,126.926498328277
202108,2호선,강남,311881,301463,613344,37.4981646510326,127.028307900881
202108,2호선,강변,154830,155803,310633,37.5351692767888,127.094664569096
202108,2호선,건대입구,190112,203330,393442,37.5404188872176,127.069173281554
202108,2호선,교대,92743,103806,196549,37.4928178646055,127.013838469407
202108,2호선,구로디지털단지,194622,191899,386521,37.4853149237865,126.901494378412
202108,2호선,구의,95054,94833,189887,37.5371535596228,127.086179228767
202108,2호선,낙성대,126753,123261,250014,37.4770651843603,126.963409959152
202108,2호선,당산,69696,75944,145640,37.534956866618,126.90273071003
202108,2호선,대림,113434,118075,231509,37.4933105886136,126.8949461878
202108,2호선,도림천,4371,4391,8762,37.5144420510515,126.882702584468
202108,2호선,동대문역사문화공원,57306,64850,122156,37.5655895229776,127.009131498424
202108,2호선,뚝섬,76492,80071,156563,37.5471882244091,127.047365178682
202108,2호선,문래,63990,67943,131933,37.5179214637526,126.894763060556
202108,2호선,방배,53798,58088,111886,37.4814364876589,126.997694899327
202108,2호선,봉천,103062,97611,200673,37.4825562153548,126.941495272047
202108,2호선,사당,159704,173978,333682,37.4765228347619,126.981408909449
202108,2호선,삼성,159062,158018,317080,37.5088619974404,127.063073009788
202108,2호선,상왕십리,57683,55633,113316,37.5644687111181,127.029031221392
202108,2호선,서울대입구,226410,225032,451442,37.4811526631844,126.952645104944
202108,2호선,서초,60056,52692,112748,37.4918229990093,127.007580814715
202108,2호선,선릉,120764,105919,226683,37.5045028775835,127.048942471228
202108,2호선,성수,101931,115409,217340,37.5445023983984,127.056090471223
202108,2호선,시청,46584,42409,88993,37.5654385176408,126.976983237511
202108,2호선,신답,5991,6397,12388,37.5699910562183,127.046820203556
202108,2호선,신당,65298,69020,134318,37.5656540317328,127.019540574485
202108,2호선,신대방,123759,121173,244932,37.4875759745635,126.913175585996
202108,2호선,신도림,214613,214045,428658,37.5087701449787,126.891080501385
202108,2호선,신림,302422,294802,597224,37.4841196518392,126.928712092948
202108,2호선,신설동,20275,20692,40967,37.5762451837487,127.023278761358
202108,2호선,신정네거리,43086,43567,86653,37.5197975266787,126.852991645059
202108,2호선,신촌,166124,165871,331995,37.5554417865984,126.936119192554
202108,2호선,아현,44410,43010,87420,37.5573575723061,126.95603374504
202108,2호선,양천구청,26316,26916,53232,37.5126989358446,126.866065211751
202108,2호선,역삼,92631,102291,194922,37.5007162693593,127.036618203089
202108,2호선,영등포구청,66289,67208,133497,37.5256996614804,126.896626898379
202108,2호선,왕십리,73204,62373,135577,37.5612217415191,127.036655378283
202108,2호선,용답,13427,13020,26447,37.5620049052662,127.050729309179
202108,2호선,용두,10177,10098,20275,37.5739380503267,127.038031119837
202108,2호선,을지로3가,55005,54215,109220,37.56626594615,126.990308356253
202108,2호선,을지로4가,34934,35050,69984,37.5666369941572,126.997852780281
202108,2호선,을지로입구,116426,114234,230660,37.5660509513873,126.982372901787
202108,2호선,이대,56118,59398,115516,37.5567980142044,126.945758201019
202108,2호선,잠실,342430,325772,668202,37.513859279255,127.101857941447
202108,2호선,잠실나루,43452,43508,86960,37.5206867318088,127.103811089444
202108,2호선,잠실새내,91224,94707,185931,37.5115672093323,127.086373867207
202108,2호선,종합운동장,26580,28821,55401,37.5109692748993,127.073356018706
202108,2호선,충정로,29794,31051,60845,37.5598377952439,126.964474043785
202108,2호선,한양대,20600,20732,41332,37.55557788354,127.043584493543
202108,2호선,합정,153876,162913,316789,37.5501152068908,126.914638180431
202108,2호선,홍대입구,329515,336706,666221,37.5577458058734,126.926498328277
202109,2호선,강남,318651,311422,630073,37.4981646510326,127.028307900881
202109,2호선,강변,159980,174109,334089,37.5351692767888,127.094664569096
202109,2호선,건대입구,199547,210220,409767,37.5404188872176,127.069173281554
202109,2호선,교대,94374,105136,199510,37.4928178646055,127.013838469407
202109,2호선,구로디지털단지,196966,190927,387893,37.4853149237865,126.901494378412
202109,2호선,구의,96771,93922,190693,37.5371535596228,127.086179228767
202109,2호선,낙성대,130687,121871,252558,37.4770651843603,126.963409959152
202109,2호선,당산,75373,80326,155699,37.534956866618,126.90273071003
202109,2호선,대림,114729,119862,234591,37.4933105886136,126.8949461878
202109,2호선,도림천,4510,4357,8867,37.5144420510515,126.882702584468
202109,2호선,동대문역사문화공원,58496,66204,124700,37.5655895229776,127.009131498424
202109,2호선,뚝섬,86306,88996,175302,37.5471882244091,127.047365178682
202109,2호선,문래,66320,69954,136274,37.5179214637526,126.894763060556
202109,2호선,방배,55217,57796,113013,37.4814364876589,126.997694899327
202109,2호선,봉천,104199,95612,199811,37.4825562153548,126.941495272047
202109,2호선,사당,167845,185228,353073,37.4765228347619,126.981408909449
202109,2호선,삼성,151041,150568,301609,37.5088619974404,127.063073009788
202109,2호선,상왕십리,58990,56148,115138,37.5644687111181,127.029031221392
202109,2호선,서울대입구,228356,222139,450495,37.4811526631844,126.952645104944
202109,2호선,서초,63932,56661,120593,37.4918229990093,127.007580814715
202109,2호선,선릉,122050,106861,228911,37.5045028775835,127.048942471228
202109,2호선,성수,110362,129039,239401,37.5445023983984,127.056090471223
202109,2호선,시청,47875,41837,89712,37.5654385176408,126.976983237511
202109,2호선,신답,6153,6380,12533,37.5699910562183,127.046820203556
202109,2호선,신당,67778,70361,138139,37.5656540317328,127.019540574485
202109,2호선,신대방,125678,120662,246340,37.4875759745635,126.913175585996
202109,2호선,신도림,225583,225288,450871,37.5087701449787,126.891080501385
202109,2호선,신림,304324,286903,591227,37.4841196518392,126.928712092948
202109,2호선,신설동,21288,15880,37168,37.5762451837487,127.023278761358
202109,2호선,신정네거리,44334,44869,89203,37.5197975266787,126.852991645059
202109,2호선,신촌,179098,177569,356667,37.5554417865984,126.936119192554
202109,2호선,아현,44493,42322,86815,37.5573575723061,126.95603374504
202109,2호선,양천구청,27910,28632,56542,37.5126989358446,126.866065211751
202109,2호선,역삼,95729,104911,200640,37.5007162693593,127.036618203089
202109,2호선,영등포구청,69006,70522,139528,37.5256996614804,126.896626898379
202109,2호선,왕십리,75278,61538,136816,37.5612217415191,127.036655378283
202109,2호선,용답,14047,13161,27208,37.5620049052662,127.050729309179
202109,2호선,용두,11084,10823,21907,37.5739380503267,127.038031119837
202109,2호선,을지로3가,57641,57150,114791,37.56626594615,126.990308356253
202109,2호선,을지로4가,36924,37377,74301,37.5666369941572,126.997852780281
202109,2호선,을지로입구,119380,116948,236328,37.5660509513873,126.982372901787
202109,2호선,이대,59799,61719,121518,37.5567980142044,126.945758201019
202109,2호선,잠실,355263,338152,693415,37.513859279255,127.101857941447
202109,2호선,잠실나루,45077,44856,89933,37.5206867318088,127.103811089444
202109,2호선,잠실새내,93288,96400,189688,37.5115672093323,127.086373867207
202109,2호선,종합운동장,28894,30733,59627,37.5109692748993,127.073356018706
202109,2호선,충정로,31222,32193,63415,37.5598377952439,126.964474043785
202109,2호선,한양대,20440,20407,40847,37.55557788354,127.043584493543
202109,2호선,합정,160634,172258,332892,37.5501152068908,126.914638180431
202109,2호선,홍대입구,356379,370550,726929,37.5577458058734,126.926498328277
202110,2호선,강남,436709,429813,866522,37.4981646510326,127.028307900881
202110,2호선,강변,228290,231138,459428,37.5351692767888,127.094664569096
202110,2호선,건대입구,282028,296294,578322,37.5404188872176,127.069173281554
202110,2호선,교대,127678,142271,269949,37.4928178646055,127.013838469407
202110,2호선,구로디지털단지,267947,262546,530493,37.4853149237865,126.901494378412
202110,2호선,구의,129336,126578,255914,37.5371535596228,127.086179228767
202110,2호선,낙성대,175356,167578,342934,37.4770651843603,126.963409959152
202110,2호선,당산,102991,111818,214809,37.534956866618,126.90273071003
202110,2호선,대림,152639,159275,311914,37.4933105886136,126.8949461878
202110,2호선,도림천,5954,6065,12019,37.5144420510515,126.882702584468
202110,2호선,동대문역사문화공원,81130,94446,175576,37.5655895229776,127.009131498424
202110,2호선,뚝섬,117465,119343,236808,37.5471882244091,127.047365178682
202110,2호선,문래,95168,99548,194716,37.5179214637526,126.894763060556
202110,2호선,방배,77243,80378,157621,37.4814364876589,126.997694899327
202110,2호선,봉천,137635,128945,266580,37.4825562153548,126.941495272047
202110,2호선,사당,240736,266811,507547,37.4765228347619,126.981408909449
202110,2호선,삼성,230328,230520,460848,37.5088619974404,127.063073009788
202110,2호선,상왕십리,78805,75565,154370,37.5644687111181,127.029031221392
202110,2호선,서울대입구,306889,303192,610081,37.4811526631844,126.952645104944
202110,2호선,서초,93519,82475,175994,37.4918229990093,127.007580814715
202110,2호선,선릉,173868,152098,325966,37.5045028775835,127.048942471228
202110,2호선,성수,151423,169165,320588,37.5445023983984,127.056090471223
202110,2호선,시청,72259,62994,135253,37.5654385176408,126.976983237511
202110,2호선,신답,8210,8653,16863,37.5699910562183,127.046820203556
202110,2호선,신당,89796,94234,184030,37.5656540317328,127.019540574485
202110,2호선,신대방,166296,161421,327717,37.4875759745635,126.913175585996
202110,2호선,신도림,327383,330435,657818,37.5087701449787,126.891080501385
202110,2호선,신림,409385,394487,803872,37.4841196518392,126.928712092948
202110,2호선,신설동,28224,24841,53065,37.5762451837487,127.023278761358
202110,2호선,신정네거리,60191,60366,120557,37.5197975266787,126.852991645059
202110,2호선,신촌,246562,243550,490112,37.5554417865984,126.936119192554
202110,2호선,아현,59776,57570,117346,37.5573575723061,126.95603374504
202110,2호선,양천구청,38899,39593,78492,37.5126989358446,126.866065211751
202110,2호선,역삼,135428,147979,283407,37.5007162693593,127.036618203089
202110,2호선,영등포구청,101099,104614,205713,37.5256996614804,126.896626898379
202110,2호선,왕십리,107157,92092,199249,37.5612217415191,127.036655378283
202110,2호선,용답,18345,17744,36089,37.5620049052662,127.050729309179
202110,2호선,용두,13171,13191,26362,37.5739380503267,127.038031119837
202110,2호선,을지로3가,86076,82988,169064,37.56626594615,126.990308356253
202110,2호선,을지로4가,49296,50070,99366,37.5666369941572,126.997852780281
202110,2호선,을지로입구,163298,159178,322476,37.5660509513873,126.982372901787
202110,2호선,이대,80475,84137,164612,37.5567980142044,126.945758201019
202110,2호선,잠실,541808,510287,1052095,37.513859279255,127.101857941447
202110,2호선,잠실나루,62103,62013,124116,37.5206867318088,127.103811089444
202110,2호선,잠실새내,128328,131867,260195,37.5115672093323,127.086373867207
202110,2호선,종합운동장,45255,48945,94200,37.5109692748993,127.073356018706
202110,2호선,충정로,44134,46811,90945,37.5598377952439,126.964474043785
202110,2호선,한양대,32419,33757,66176,37.55557788354,127.043584493543
202110,2호선,합정,227325,243203,470528,37.5501152068908,126.914638180431
202110,2호선,홍대입구,513859,532569,1046428,37.5577458058734,126.926498328277
202111,2호선,강남,391727,404998,796725,37.4981646510326,127.028307900881
202111,2호선,강변,207824,206049,413873,37.5351692767888,127.094664569096
202111,2호선,건대입구,248319,271272,519591,37.5404188872176,127.069173281554
202111,2호선,교대,112479,126834,239313,37.4928178646055,127.013838469407
202111,2호선,구로디지털단지,236264,231523,467787,37.4853149237865,126.901494378412
202111,2호선,구의,112285,109606,221891,37.5371535596228,127.086179228767
202111,2호선,낙성대,150803,142751,293554,37.4770651843603,126.963409959152
202111,2호선,당산,88321,95931,184252,37.534956866618,126.90273071003
202111,2호선,대림,130509,135393,265902,37.4933105886136,126.8949461878
202111,2호선,도림천,5040,5128,10168,37.5144420510515,126.882702584468
202111,2호선,동대문역사문화공원,72798,82963,155761,37.5655895229776,127.009131498424
202111,2호선,뚝섬,103199,102707,205906,37.5471882244091,127.047365178682
202111,2호선,문래,82839,88002,170841,37.5179214637526,126.894763060556
202111,2호선,방배,69110,71362,140472,37.4814364876589,126.997694899327
202111,2호선,봉천,117200,107794,224994,37.4825562153548,126.941495272047
202111,2호선,사당,217901,244216,462117,37.4765228347619,126.981408909449
202111,2호선,삼성,220943,220588,441531,37.5088619974404,127.063073009788
202111,2호선,상왕십리,68432,64851,133283,37.5644687111181,127.029031221392
202111,2호선,서울대입구,262930,260782,523712,37.4811526631844,126.952645104944
202111,2호선,서초,91917,78920,170837,37.4918229990093,127.007580814715
202111,2호선,선릉,153459,134379,287838,37.5045028775835,127.048942471228
202111,2호선,성수,134350,152023,286373,37.5445023983984,127.056090471223
202111,2호선,시청,68010,61213,129223,37.5654385176408,126.976983237511
202111,2호선,신답,7124,7443,14567,37.5699910562183,127.046820203556
202111,2호선,신당,76486,79564,156050,37.5656540317328,127.019540574485
202111,2호선,신대방,142032,136562,278594,37.4875759745635,126.913175585996
202111,2호선,신도림,283273,287145,570418,37.5087701449787,126.891080501385
202111,2호선,신림,349583,335390,684973,37.4841196518392,126.928712092948
202111,2호선,신설동,25227,25067,50294,37.5762451837487,127.023278761358
202111,2호선,신정네거리,51556,51531,103087,37.5197975266787,126.852991645059
202111,2호선,신촌,214494,212550,427044,37.5554417865984,126.936119192554
202111,2호선,아현,51045,48584,99629,37.5573575723061,126.95603374504
202111,2호선,양천구청,31896,32272,64168,37.5126989358446,126.866065211751
202111,2호선,역삼,120686,130993,251679,37.5007162693593,127.036618203089
202111,2호선,영등포구청,88325,91469,179794,37.5256996614804,126.896626898379
202111,2호선,왕십리,96495,84133,180628,37.5612217415191,127.036655378283
202111,2호선,용답,15536,15020,30556,37.5620049052662,127.050729309179
202111,2호선,용두,11366,11220,22586,37.5739380503267,127.038031119837
202111,2호선,을지로3가,83325,82186,165511,37.56626594615,126.990308356253
202111,2호선,을지로4가,43481,44134,87615,37.5666369941572,126.997852780281
202111,2호선,을지로입구,148208,142407,290615,37.5660509513873,126.982372901787
202111,2호선,이대,75581,77972,153553,37.5567980142044,126.945758201019
202111,2호선,잠실,467492,445385,912877,37.513859279255,127.101857941447
202111,2호선,잠실나루,53613,53031,106644,37.5206867318088,127.103811089444
202111,2호선,잠실새내,111605,114688,226293,37.5115672093323,127.086373867207
202111,2호선,종합운동장,58781,64848,123629,37.5109692748993,127.073356018706
202111,2호선,충정로,39842,42723,82565,37.5598377952439,126.964474043785
202111,2호선,한양대,45756,46782,92538,37.55557788354,127.043584493543
202111,2호선,합정,195520,216548,412068,37.5501152068908,126.914638180431
202111,2호선,홍대입구,445782,481409,927191,37.5577458058734,126.926498328277
202112,2호선,강남,339187,335590,674777,37.4981646510326,127.028307900881
202112,2호선,강변,169479,166947,336426,37.5351692767888,127.094664569096
202112,2호선,건대입구,213584,226103,439687,37.5404188872176,127.069173281554
202112,2호선,교대,94970,106275,201245,37.4928178646055,127.013838469407
202112,2호선,구로디지털단지,209072,206965,416037,37.4853149237865,126.901494378412
202112,2호선,구의,100271,99735,200006,37.5371535596228,127.086179228767
202112,2호선,낙성대,131456,128032,259488,37.4770651843603,126.963409959152
202112,2호선,당산,73458,81156,154614,37.534956866618,126.90273071003
202112,2호선,대림,111779,115916,227695,37.4933105886136,126.8949461878
202112,2호선,도림천,4184,4386,8570,37.5144420510515,126.882702584468
202112,2호선,동대문역사문화공원,66974,77033,144007,37.5655895229776,127.009131498424
202112,2호선,뚝섬,90964,90672,181636,37.5471882244091,127.047365178682
202112,2호선,문래,71112,74638,145750,37.5179214637526,126.894763060556
202112,2호선,방배,59038,61890,120928,37.4814364876589,126.997694899327
202112,2호선,봉천,104312,98358,202670,37.4825562153548,126.941495272047
202112,2호선,사당,180790,200599,381389,37.4765228347619,126.981408909449
202112,2호선,삼성,224519,218645,443164,37.5088619974404,127.063073009788
202112,2호선,상왕십리,60573,58777,119350,37.5644687111181,127.029031221392
202112,2호선,서울대입구,233175,231590,464765,37.4811526631844,126.952645104944
202112,2호선,서초,79029,70452,149481,37.4918229990093,127.007580814715
202112,2호선,선릉,134298,116780,251078,37.5045028775835,127.048942471228
202112,2호선,성수,114482,125216,239698,37.5445023983984,127.056090471223
202112,2호선,시청,59271,45592,104863,37.5654385176408,126.976983237511
202112,2호선,신답,5958,6650,12608,37.5699910562183,127.046820203556
202112,2호선,신당,66815,72058,138873,37.5656540317328,127.019540574485
202112,2호선,신대방,125307,122069,247376,37.4875759745635,126.913175585996
202112,2호선,신도림,241294,244534,485828,37.5087701449787,126.891080501385
202112,2호선,신림,318873,309731,628604,37.4841196518392,126.928712092948
202112,2호선,신설동,22642,22869,45511,37.5762451837487,127.023278761358
202112,2호선,신정네거리,43625,44419,88044,37.5197975266787,126.852991645059
202112,2호선,신촌,190558,186543,377101,37.5554417865984,126.936119192554
202112,2호선,아현,44302,43882,88184,37.5573575723061,126.95603374504
202112,2호선,양천구청,26976,27778,54754,37.5126989358446,126.866065211751
202112,2호선,역삼,111513,119463,230976,37.5007162693593,127.036618203089
202112,2호선,영등포구청,78390,80358,158748,37.5256996614804,126.896626898379
202112,2호선,왕십리,83484,73628,157112,37.5612217415191,127.036655378283
202112,2호선,용답,13210,13341,26551,37.5620049052662,127.050729309179
202112,2호선,용두,9825,9857,19682,37.5739380503267,127.038031119837
202112,2호선,을지로3가,73221,70278,143499,37.56626594615,126.990308356253
202112,2호선,을지로4가,36903,36439,73342,37.5666369941572,126.997852780281
202112,2호선,을지로입구,164805,151564,316369,37.5660509513873,126.982372901787
202112,2호선,이대,62917,66051,128968,37.5567980142044,126.945758201019
202112,2호선,잠실,426705,402942,829647,37.513859279255,127.101857941447
202112,2호선,잠실나루,43813,43518,87331,37.5206867318088,127.103811089444
202112,2호선,잠실새내,98171,102231,200402,37.5115672093323,127.086373867207
202112,2호선,종합운동장,32612,36219,68831,37.5109692748993,127.073356018706
202112,2호선,충정로,34214,36322,70536,37.5598377952439,126.964474043785
202112,2호선,한양대,23556,24898,48454,37.55557788354,127.043584493543
202112,2호선,합정,172640,185569,358209,37.5501152068908,126.914638180431
202112,2호선,홍대입구,401834,414171,816005,37.5577458058734,126.926498328277
202101,3호선,가락시장,36038,36053,72091,37.4927440321316,127.118485741487
202101,3호선,경복궁,67033,68537,135570,37.5758613027702,126.973062710191
202101,3호선,경찰병원,23361,23374,46735,37.4956031419934,127.124067847413
202101,3호선,고속터미널,282700,267873,550573,37.5049267445237,127.004949918697
202101,3호선,교대,33429,21160,54589,37.4928178646055,127.013838469407
202101,3호선,구파발,87717,88921,176638,37.6368417889316,126.918745426412
202101,3호선,금호,36657,35076,71733,37.5481125196986,127.015893753726
202101,3호선,남부터미널,114150,114432,228582,37.48514016604,127.016207055102
202101,3호선,녹번,57827,52293,110120,37.6007421809861,126.936019442532
202101,3호선,대곡,7092,5642,12734,37.6318206316005,126.810602730178
202101,3호선,대청,33653,31680,65333,37.4937218597788,127.079493645766
202101,3호선,대치,47669,43555,91224,37.4945627553067,127.063430193449
202101,3호선,대화,50408,46502,96910,37.675954868441,126.747305098166
202101,3호선,도곡,18057,18217,36274,37.4908647717187,127.05532337372
202101,3호선,독립문,31734,33878,65612,37.5744103589329,126.957750279047
202101,3호선,동대입구,34703,38707,73410,37.559030224347,127.005460196954
202101,3호선,마두,28790,28998,57788,37.6523303524635,126.778195968273
202101,3호선,매봉,34802,34421,69223,37.4869611285839,127.046614560925
202101,3호선,무악재,15770,16419,32189,37.5823841472467,126.950322097494
202101,3호선,백석,47544,47663,95207,37.6431608335662,126.788171623016
202101,3호선,불광,80126,91294,171420,37.6102072578868,126.92998576213
202101,3호선,삼송,82837,81711,164548,37.6550162726238,126.896562231497
202101,3호선,수서,69635,68970,138605,37.4873889933503,127.101859191018
202101,3호선,신사,135548,137950,273498,37.5171124958274,127.019494541135
202101,3호선,안국,58104,64012,122116,37.5767203705556,126.985823042976
202101,3호선,압구정,135195,138801,273996,37.5264308236177,127.028480919224
202101,3호선,약수,54671,52438,107109,37.5545595558163,127.010822526737
202101,3호선,양재,104720,118078,222798,37.4839347328908,127.034544193436
202101,3호선,연신내,184938,175666,360604,37.618962003178,126.921162124977
202101,3호선,오금,21492,20745,42237,37.5022659793733,127.127879247544
202101,3호선,옥수,40406,42567,82973,37.5409877747326,127.018965435917
202101,3호선,원당,49304,47831,97135,37.6534333656508,126.843104741837
202101,3호선,원흥,38903,37619,76522,37.6509206996283,126.873307347639
202101,3호선,을지로3가,23756,25120,48876,37.56626594615,126.990308356253
202101,3호선,일원,28270,29059,57329,37.4840735840284,127.084451750048
202101,3호선,잠원,18256,18073,36329,37.5127991148107,127.01122017966
202101,3호선,정발산,37245,37268,74513,37.6589801992463,126.773725939404
202101,3호선,종로3가,25782,35592,61374,37.5704266025836,126.99202930223
202101,3호선,주엽,35807,34384,70191,37.6704315940863,126.761046013417
202101,3호선,지축,13505,13131,26636,37.6496180734177,126.912167788573
202101,3호선,충무로,7,0,7,37.5612890978954,126.994207448462
202101,3호선,학여울,6731,6548,13279,37.4967171864138,127.071718971861
202101,3호선,홍제,76509,73917,150426,37.5887103667691,126.944242309924
202101,3호선,화정,76229,79262,155491,37.6345077843042,126.832630042005
202102,3호선,가락시장,33234,33492,66726,37.4927440321316,127.118485741487
202102,3호선,경복궁,82140,88761,170901,37.5758613027702,126.973062710191
202102,3호선,경찰병원,21871,22108,43979,37.4956031419934,127.124067847413
202102,3호선,고속터미널,306343,270562,576905,37.5049267445237,127.004949918697
202102,3호선,교대,33545,20598,54143,37.4928178646055,127.013838469407
202102,3호선,구파발,87198,88519,175717,37.6368417889316,126.918745426412
202102,3호선,금호,35239,32789,68028,37.5481125196986,127.015893753726
202102,3호선,남부터미널,118001,114820,232821,37.48514016604,127.016207055102
202102,3호선,녹번,54631,48751,103382,37.6007421809861,126.936019442532
202102,3호선,대곡,7471,6051,13522,37.6318206316005,126.810602730178
202102,3호선,대청,31836,30229,62065,37.4937218597788,127.079493645766
202102,3호선,대치,48653,43305,91958,37.4945627553067,127.063430193449
202102,3호선,대화,48606,44460,93066,37.675954868441,126.747305098166
202102,3호선,도곡,17212,17257,34469,37.4908647717187,127.05532337372
202102,3호선,독립문,32808,36377,69185,37.5744103589329,126.957750279047
202102,3호선,동대입구,33374,38492,71866,37.559030224347,127.005460196954
202102,3호선,마두,27708,28198,55906,37.6523303524635,126.778195968273
202102,3호선,매봉,32836,32299,65135,37.4869611285839,127.046614560925
202102,3호선,무악재,15067,15930,30997,37.5823841472467,126.950322097494
202102,3호선,백석,44889,44935,89824,37.6431608335662,126.788171623016
202102,3호선,불광,77068,89278,166346,37.6102072578868,126.92998576213
202102,3호선,삼송,82685,81138,163823,37.6550162726238,126.896562231497
202102,3호선,수서,69423,68459,137882,37.4873889933503,127.101859191018
202102,3호선,신사,135641,139571,275212,37.5171124958274,127.019494541135
202102,3호선,안국,72300,83137,155437,37.5767203705556,126.985823042976
202102,3호선,압구정,128457,132692,261149,37.5264308236177,127.028480919224
202102,3호선,약수,52152,50349,102501,37.5545595558163,127.010822526737
202102,3호선,양재,101596,113389,214985,37.4839347328908,127.034544193436
202102,3호선,연신내,177387,167999,345386,37.618962003178,126.921162124977
202102,3호선,오금,20560,20128,40688,37.5022659793733,127.127879247544
202102,3호선,옥수,41330,42985,84315,37.5409877747326,127.018965435917
202102,3호선,원당,48475,46530,95005,37.6534333656508,126.843104741837
202102,3호선,원흥,38173,36776,74949,37.6509206996283,126.873307347639
202102,3호선,을지로3가,24317,25690,50007,37.56626594615,126.990308356253
202102,3호선,일원,26871,27160,54031,37.4840735840284,127.084451750048
202102,3호선,잠원,19574,19461,39035,37.5127991148107,127.01122017966
202102,3호선,정발산,38885,39529,78414,37.6589801992463,126.773725939404
202102,3호선,종로3가,29141,42478,71619,37.5704266025836,126.99202930223
202102,3호선,주엽,35006,34522,69528,37.6704315940863,126.761046013417
202102,3호선,지축,14321,13581,27902,37.6496180734177,126.912167788573
202102,3호선,충무로,2,0,2,37.5612890978954,126.994207448462
202102,3호선,학여울,8551,8641,17192,37.4967171864138,127.071718971861
202102,3호선,홍제,72551,69602,142153,37.5887103667691,126.944242309924
202102,3호선,화정,74838,77453,152291,37.6345077843042,126.832630042005
202103,3호선,가락시장,37501,37374,74875,37.4927440321316,127.118485741487
202103,3호선,경복궁,85678,87645,173323,37.5758613027702,126.973062710191
202103,3호선,경찰병원,25293,24814,50107,37.4956031419934,127.124067847413
202103,3호선,고속터미널,318425,310500,628925,37.5049267445237,127.004949918697
202103,3호선,교대,40188,24583,64771,37.4928178646055,127.013838469407
202103,3호선,구파발,95862,96835,192697,37.6368417889316,126.918745426412
202103,3호선,금호,39062,36418,75480,37.5481125196986,127.015893753726
202103,3호선,남부터미널,128993,133299,262292,37.48514016604,127.016207055102
202103,3호선,녹번,62254,55724,117978,37.6007421809861,126.936019442532
202103,3호선,대곡,8648,7090,15738,37.6318206316005,126.810602730178
202103,3호선,대청,35537,33859,69396,37.4937218597788,127.079493645766
202103,3호선,대치,57148,50708,107856,37.4945627553067,127.063430193449
202103,3호선,대화,56408,51719,108127,37.675954868441,126.747305098166
202103,3호선,도곡,20664,21180,41844,37.4908647717187,127.05532337372
202103,3호선,독립문,35362,38575,73937,37.5744103589329,126.957750279047
202103,3호선,동대입구,38741,43014,81755,37.559030224347,127.005460196954
202103,3호선,마두,31370,31469,62839,37.6523303524635,126.778195968273
202103,3호선,매봉,37604,36821,74425,37.4869611285839,127.046614560925
202103,3호선,무악재,16858,18138,34996,37.5823841472467,126.950322097494
202103,3호선,백석,48431,48580,97011,37.6431608335662,126.788171623016
202103,3호선,불광,83311,94445,177756,37.6102072578868,126.92998576213
202103,3호선,삼송,87266,85277,172543,37.6550162726238,126.896562231497
202103,3호선,수서,82343,82600,164943,37.4873889933503,127.101859191018
202103,3호선,신사,147960,149998,297958,37.5171124958274,127.019494541135
202103,3호선,안국,84493,94174,178667,37.5767203705556,126.985823042976
202103,3호선,압구정,144342,150251,294593,37.5264308236177,127.028480919224
202103,3호선,약수,58171,55004,113175,37.5545595558163,127.010822526737
202103,3호선,양재,123439,137466,260905,37.4839347328908,127.034544193436
202103,3호선,연신내,190839,180617,371456,37.618962003178,126.921162124977
202103,3호선,오금,24050,23250,47300,37.5022659793733,127.127879247544
202103,3호선,옥수,45410,47055,92465,37.5409877747326,127.018965435917
202103,3호선,원당,53263,51482,104745,37.6534333656508,126.843104741837
202103,3호선,원흥,43530,41982,85512,37.6509206996283,126.873307347639
202103,3호선,을지로3가,28700,30460,59160,37.56626594615,126.990308356253
202103,3호선,일원,29059,29665,58724,37.4840735840284,127.084451750048
202103,3호선,잠원,21868,21708,43576,37.5127991148107,127.01122017966
202103,3호선,정발산,41945,42122,84067,37.6589801992463,126.773725939404
202103,3호선,종로3가,35132,48384,83516,37.5704266025836,126.99202930223
202103,3호선,주엽,38469,38070,76539,37.6704315940863,126.761046013417
202103,3호선,지축,16113,15470,31583,37.6496180734177,126.912167788573
202103,3호선,충무로,4,0,4,37.5612890978954,126.994207448462
202103,3호선,학여울,11234,11846,23080,37.4967171864138,127.071718971861
202103,3호선,홍제,81897,78359,160256,37.5887103667691,126.944242309924
202103,3호선,화정,81324,84022,165346,37.6345077843042,126.832630042005
202104,3호선,가락시장,36915,36892,73807,37.4927440321316,127.118485741487
202104,3호선,경복궁,92719,96804,189523,37.5758613027702,126.973062710191
202104,3호선,경찰병원,25594,25667,51261,37.4956031419934,127.124067847413
202104,3호선,고속터미널,322446,311435,633881,37.5049267445237,127.004949918697
202104,3호선,교대,39316,23947,63263,37.4928178646055,127.013838469407
202104,3호선,구파발,97502,98361,195863,37.6368417889316,126.918745426412
202104,3호선,금호,39174,36789,75963,37.5481125196986,127.015893753726
202104,3호선,남부터미널,121700,125687,247387,37.48514016604,127.016207055102
202104,3호선,녹번,61814,55139,116953,37.6007421809861,126.936019442532
202104,3호선,대곡,9042,7446,16488,37.6318206316005,126.810602730178
202104,3호선,대청,35819,34123,69942,37.4937218597788,127.079493645766
202104,3호선,대치,51987,47146,99133,37.4945627553067,127.063430193449
202104,3호선,대화,53315,47981,101296,37.675954868441,126.747305098166
202104,3호선,도곡,20879,21436,42315,37.4908647717187,127.05532337372
202104,3호선,독립문,37825,42200,80025,37.5744103589329,126.957750279047
202104,3호선,동대입구,43283,49428,92711,37.559030224347,127.005460196954
202104,3호선,마두,31446,31534,62980,37.6523303524635,126.778195968273
202104,3호선,매봉,38689,38006,76695,37.4869611285839,127.046614560925
202104,3호선,무악재,17030,17835,34865,37.5823841472467,126.950322097494
202104,3호선,백석,48254,48430,96684,37.6431608335662,126.788171623016
202104,3호선,불광,83736,96333,180069,37.6102072578868,126.92998576213
202104,3호선,삼송,87105,85406,172511,37.6550162726238,126.896562231497
202104,3호선,수서,85555,86283,171838,37.4873889933503,127.101859191018
202104,3호선,신사,140269,142246,282515,37.5171124958274,127.019494541135
202104,3호선,안국,82054,91810,173864,37.5767203705556,126.985823042976
202104,3호선,압구정,142661,147822,290483,37.5264308236177,127.028480919224
202104,3호선,약수,58184,55477,113661,37.5545595558163,127.010822526737
202104,3호선,양재,124142,138648,262790,37.4839347328908,127.034544193436
202104,3호선,연신내,191954,180011,371965,37.618962003178,126.921162124977
202104,3호선,오금,24546,23821,48367,37.5022659793733,127.127879247544
202104,3호선,옥수,46174,47696,93870,37.5409877747326,127.018965435917
202104,3호선,원당,54339,52541,106880,37.6534333656508,126.843104741837
202104,3호선,원흥,44521,42999,87520,37.6509206996283,126.873307347639
202104,3호선,을지로3가,28471,30045,58516,37.56626594615,126.990308356253
202104,3호선,일원,29756,30601,60357,37.4840735840284,127.084451750048
202104,3호선,잠원,22780,22504,45284,37.5127991148107,127.01122017966
202104,3호선,정발산,44382,44738,89120,37.6589801992463,126.773725939404
202104,3호선,종로3가,34080,46252,80332,37.5704266025836,126.99202930223
202104,3호선,주엽,39168,38940,78108,37.6704315940863,126.761046013417
202104,3호선,지축,16676,16456,33132,37.6496180734177,126.912167788573
202104,3호선,충무로,4,0,4,37.5612890978954,126.994207448462
202104,3호선,학여울,13193,14175,27368,37.4967171864138,127.071718971861
202104,3호선,홍제,82815,79306,162121,37.5887103667691,126.944242309924
202104,3호선,화정,81216,83633,164849,37.6345077843042,126.832630042005
202105,3호선,가락시장,44784,44785,89569,37.4927440321316,127.118485741487
202105,3호선,경복궁,117757,122336,240093,37.5758613027702,126.973062710191
202105,3호선,경찰병원,31094,30933,62027,37.4956031419934,127.124067847413
202105,3호선,고속터미널,412298,397557,809855,37.5049267445237,127.004949918697
202105,3호선,교대,50142,30630,80772,37.4928178646055,127.013838469407
202105,3호선,구파발,120968,122859,243827,37.6368417889316,126.918745426412
202105,3호선,금호,48240,45225,93465,37.5481125196986,127.015893753726
202105,3호선,남부터미널,170592,176954,347546,37.48514016604,127.016207055102
202105,3호선,녹번,78617,70214,148831,37.6007421809861,126.936019442532
202105,3호선,대곡,11575,9456,21031,37.6318206316005,126.810602730178
202105,3호선,대청,44944,42674,87618,37.4937218597788,127.079493645766
202105,3호선,대치,69294,62497,131791,37.4945627553067,127.063430193449
202105,3호선,대화,71170,64593,135763,37.675954868441,126.747305098166
202105,3호선,도곡,26150,27086,53236,37.4908647717187,127.05532337372
202105,3호선,독립문,46292,50429,96721,37.5744103589329,126.957750279047
202105,3호선,동대입구,49242,54262,103504,37.559030224347,127.005460196954
202105,3호선,마두,39209,39302,78511,37.6523303524635,126.778195968273
202105,3호선,매봉,47643,46672,94315,37.4869611285839,127.046614560925
202105,3호선,무악재,21065,21945,43010,37.5823841472467,126.950322097494
202105,3호선,백석,61004,61534,122538,37.6431608335662,126.788171623016
202105,3호선,불광,104283,119149,223432,37.6102072578868,126.92998576213
202105,3호선,삼송,110530,108874,219404,37.6550162726238,126.896562231497
202105,3호선,수서,108330,108248,216578,37.4873889933503,127.101859191018
202105,3호선,신사,176276,179417,355693,37.5171124958274,127.019494541135
202105,3호선,안국,103407,116244,219651,37.5767203705556,126.985823042976
202105,3호선,압구정,179081,186216,365297,37.5264308236177,127.028480919224
202105,3호선,약수,72497,68913,141410,37.5545595558163,127.010822526737
202105,3호선,양재,154173,170938,325111,37.4839347328908,127.034544193436
202105,3호선,연신내,239820,225648,465468,37.618962003178,126.921162124977
202105,3호선,오금,30471,29390,59861,37.5022659793733,127.127879247544
202105,3호선,옥수,56374,58740,115114,37.5409877747326,127.018965435917
202105,3호선,원당,67664,65182,132846,37.6534333656508,126.843104741837
202105,3호선,원흥,57256,55008,112264,37.6509206996283,126.873307347639
202105,3호선,을지로3가,37308,38872,76180,37.56626594615,126.990308356253
202105,3호선,일원,36275,37229,73504,37.4840735840284,127.084451750048
202105,3호선,잠원,27058,26670,53728,37.5127991148107,127.01122017966
202105,3호선,정발산,54977,55493,110470,37.6589801992463,126.773725939404
202105,3호선,종로3가,44730,59866,104596,37.5704266025836,126.99202930223
202105,3호선,주엽,50169,49139,99308,37.6704315940863,126.761046013417
202105,3호선,지축,20880,20135,41015,37.6496180734177,126.912167788573
202105,3호선,충무로,6,0,6,37.5612890978954,126.994207448462
202105,3호선,학여울,17620,18489,36109,37.4967171864138,127.071718971861
202105,3호선,홍제,102806,97667,200473,37.5887103667691,126.944242309924
202105,3호선,화정,101517,104698,206215,37.6345077843042,126.832630042005
202106,3호선,가락시장,37429,37173,74602,37.4927440321316,127.118485741487
202106,3호선,경복궁,94454,101607,196061,37.5758613027702,126.973062710191
202106,3호선,경찰병원,25668,25390,51058,37.4956031419934,127.124067847413
202106,3호선,고속터미널,337463,323946,661409,37.5049267445237,127.004949918697
202106,3호선,교대,41518,25180,66698,37.4928178646055,127.013838469407
202106,3호선,구파발,103159,105319,208478,37.6368417889316,126.918745426412
202106,3호선,금호,39422,36836,76258,37.5481125196986,127.015893753726
202106,3호선,남부터미널,137329,142408,279737,37.48514016604,127.016207055102
202106,3호선,녹번,66675,58809,125484,37.6007421809861,126.936019442532
202106,3호선,대곡,9578,8215,17793,37.6318206316005,126.810602730178
202106,3호선,대청,38079,35629,73708,37.4937218597788,127.079493645766
202106,3호선,대치,55295,49996,105291,37.4945627553067,127.063430193449
202106,3호선,대화,59484,54746,114230,37.675954868441,126.747305098166
202106,3호선,도곡,20204,20515,40719,37.4908647717187,127.05532337372
202106,3호선,독립문,38211,41284,79495,37.5744103589329,126.957750279047
202106,3호선,동대입구,38732,43302,82034,37.559030224347,127.005460196954
202106,3호선,마두,32943,32838,65781,37.6523303524635,126.778195968273
202106,3호선,매봉,39816,39129,78945,37.4869611285839,127.046614560925
202106,3호선,무악재,17368,17858,35226,37.5823841472467,126.950322097494
202106,3호선,백석,50320,50350,100670,37.6431608335662,126.788171623016
202106,3호선,불광,86965,100079,187044,37.6102072578868,126.92998576213
202106,3호선,삼송,90634,89052,179686,37.6550162726238,126.896562231497
202106,3호선,수서,89191,89222,178413,37.4873889933503,127.101859191018
202106,3호선,신사,143496,149486,292982,37.5171124958274,127.019494541135
202106,3호선,안국,85654,96652,182306,37.5767203705556,126.985823042976
202106,3호선,압구정,149796,155176,304972,37.5264308236177,127.028480919224
202106,3호선,약수,60374,57470,117844,37.5545595558163,127.010822526737
202106,3호선,양재,126883,140808,267691,37.4839347328908,127.034544193436
202106,3호선,연신내,199194,185877,385071,37.618962003178,126.921162124977
202106,3호선,오금,24376,23317,47693,37.5022659793733,127.127879247544
202106,3호선,옥수,47979,48851,96830,37.5409877747326,127.018965435917
202106,3호선,원당,56056,53513,109569,37.6534333656508,126.843104741837
202106,3호선,원흥,49220,47476,96696,37.6509206996283,126.873307347639
202106,3호선,을지로3가,32474,34928,67402,37.56626594615,126.990308356253
202106,3호선,일원,31051,31845,62896,37.4840735840284,127.084451750048
202106,3호선,잠원,22624,21830,44454,37.5127991148107,127.01122017966
202106,3호선,정발산,43714,44245,87959,37.6589801992463,126.773725939404
202106,3호선,종로3가,36184,50210,86394,37.5704266025836,126.99202930223
202106,3호선,주엽,42021,41356,83377,37.6704315940863,126.761046013417
202106,3호선,지축,17874,17227,35101,37.6496180734177,126.912167788573
202106,3호선,충무로,4,0,4,37.5612890978954,126.994207448462
202106,3호선,학여울,12518,13421,25939,37.4967171864138,127.071718971861
202106,3호선,홍제,84340,79857,164197,37.5887103667691,126.944242309924
202106,3호선,화정,83478,85455,168933,37.6345077843042,126.832630042005
202107,3호선,가락시장,34783,34164,68947,37.4927440321316,127.118485741487
202107,3호선,경복궁,77167,78647,155814,37.5758613027702,126.973062710191
202107,3호선,경찰병원,24188,24192,48380,37.4956031419934,127.124067847413
202107,3호선,고속터미널,278924,276083,555007,37.5049267445237,127.004949918697
202107,3호선,교대,38288,23301,61589,37.4928178646055,127.013838469407
202107,3호선,구파발,94940,96562,191502,37.6368417889316,126.918745426412
202107,3호선,금호,36152,33803,69955,37.5481125196986,127.015893753726
202107,3호선,남부터미널,116918,121354,238272,37.48514016604,127.016207055102
202107,3호선,녹번,61496,54964,116460,37.6007421809861,126.936019442532
202107,3호선,대곡,8463,7308,15771,37.6318206316005,126.810602730178
202107,3호선,대청,35188,33128,68316,37.4937218597788,127.079493645766
202107,3호선,대치,55485,49938,105423,37.4945627553067,127.063430193449
202107,3호선,대화,53070,48690,101760,37.675954868441,126.747305098166
202107,3호선,도곡,18848,18772,37620,37.4908647717187,127.05532337372
202107,3호선,독립문,32044,32156,64200,37.5744103589329,126.957750279047
202107,3호선,동대입구,35834,37592,73426,37.559030224347,127.005460196954
202107,3호선,마두,31056,30968,62024,37.6523303524635,126.778195968273
202107,3호선,매봉,36788,36362,73150,37.4869611285839,127.046614560925
202107,3호선,무악재,15928,16323,32251,37.5823841472467,126.950322097494
202107,3호선,백석,46893,47058,93951,37.6431608335662,126.788171623016
202107,3호선,불광,79439,89954,169393,37.6102072578868,126.92998576213
202107,3호선,삼송,83850,83103,166953,37.6550162726238,126.896562231497
202107,3호선,수서,78313,79723,158036,37.4873889933503,127.101859191018
202107,3호선,신사,125082,128248,253330,37.5171124958274,127.019494541135
202107,3호선,안국,65971,71481,137452,37.5767203705556,126.985823042976
202107,3호선,압구정,140155,145329,285484,37.5264308236177,127.028480919224
202107,3호선,약수,55729,53333,109062,37.5545595558163,127.010822526737
202107,3호선,양재,112507,124565,237072,37.4839347328908,127.034544193436
202107,3호선,연신내,185348,173715,359063,37.618962003178,126.921162124977
202107,3호선,오금,22657,21821,44478,37.5022659793733,127.127879247544
202107,3호선,옥수,42088,43920,86008,37.5409877747326,127.018965435917
202107,3호선,원당,50351,49101,99452,37.6534333656508,126.843104741837
202107,3호선,원흥,44323,42780,87103,37.6509206996283,126.873307347639
202107,3호선,을지로3가,28153,28496,56649,37.56626594615,126.990308356253
202107,3호선,일원,29085,29875,58960,37.4840735840284,127.084451750048
202107,3호선,잠원,19840,19317,39157,37.5127991148107,127.01122017966
202107,3호선,정발산,39563,39789,79352,37.6589801992463,126.773725939404
202107,3호선,종로3가,30594,40888,71482,37.5704266025836,126.99202930223
202107,3호선,주엽,39024,38698,77722,37.6704315940863,126.761046013417
202107,3호선,지축,16778,16183,32961,37.6496180734177,126.912167788573
202107,3호선,충무로,3,0,3,37.5612890978954,126.994207448462
202107,3호선,학여울,8246,8316,16562,37.4967171864138,127.071718971861
202107,3호선,홍제,78344,74639,152983,37.5887103667691,126.944242309924
202107,3호선,화정,77918,80443,158361,37.6345077843042,126.832630042005
202108,3호선,가락시장,32635,33095,65730,37.4927440321316,127.118485741487
202108,3호선,경복궁,78037,83041,161078,37.5758613027702,126.973062710191
202108,3호선,경찰병원,23051,23088,46139,37.4956031419934,127.124067847413
202108,3호선,고속터미널,274254,265183,539437,37.5049267445237,127.004949918697
202108,3호선,교대,36278,22095,58373,37.4928178646055,127.013838469407
202108,3호선,구파발,95754,96516,192270,37.6368417889316,126.918745426412
202108,3호선,금호,35773,33493,69266,37.5481125196986,127.015893753726
202108,3호선,남부터미널,117773,121514,239287,37.48514016604,127.016207055102
202108,3호선,녹번,60006,53303,113309,37.6007421809861,126.936019442532
202108,3호선,대곡,8494,7362,15856,37.6318206316005,126.810602730178
202108,3호선,대청,34399,32445,66844,37.4937218597788,127.079493645766
202108,3호선,대치,55966,48984,104950,37.4945627553067,127.063430193449
202108,3호선,대화,52727,48057,100784,37.675954868441,126.747305098166
202108,3호선,도곡,16971,16853,33824,37.4908647717187,127.05532337372
202108,3호선,독립문,33260,34114,67374,37.5744103589329,126.957750279047
202108,3호선,동대입구,35528,38271,73799,37.559030224347,127.005460196954
202108,3호선,마두,30196,29870,60066,37.6523303524635,126.778195968273
202108,3호선,매봉,34106,33836,67942,37.4869611285839,127.046614560925
202108,3호선,무악재,15904,16503,32407,37.5823841472467,126.950322097494
202108,3호선,백석,45706,46041,91747,37.6431608335662,126.788171623016
202108,3호선,불광,77028,87459,164487,37.6102072578868,126.92998576213
202108,3호선,삼송,84403,83049,167452,37.6550162726238,126.896562231497
202108,3호선,수서,76492,76175,152667,37.4873889933503,127.101859191018
202108,3호선,신사,120974,125176,246150,37.5171124958274,127.019494541135
202108,3호선,안국,71956,79304,151260,37.5767203705556,126.985823042976
202108,3호선,압구정,128654,133709,262363,37.5264308236177,127.028480919224
202108,3호선,약수,53527,50705,104232,37.5545595558163,127.010822526737
202108,3호선,양재,106795,119155,225950,37.4839347328908,127.034544193436
202108,3호선,연신내,181631,171712,353343,37.618962003178,126.921162124977
202108,3호선,오금,21719,21268,42987,37.5022659793733,127.127879247544
202108,3호선,옥수,42210,44007,86217,37.5409877747326,127.018965435917
202108,3호선,원당,50140,48566,98706,37.6534333656508,126.843104741837
202108,3호선,원흥,43410,41948,85358,37.6509206996283,126.873307347639
202108,3호선,을지로3가,25551,26630,52181,37.56626594615,126.990308356253
202108,3호선,일원,27486,28497,55983,37.4840735840284,127.084451750048
202108,3호선,잠원,19591,18864,38455,37.5127991148107,127.01122017966
202108,3호선,정발산,40596,41311,81907,37.6589801992463,126.773725939404
202108,3호선,종로3가,31084,42801,73885,37.5704266025836,126.99202930223
202108,3호선,주엽,38891,38508,77399,37.6704315940863,126.761046013417
202108,3호선,지축,17425,17165,34590,37.6496180734177,126.912167788573
202108,3호선,충무로,4,0,4,37.5612890978954,126.994207448462
202108,3호선,학여울,6708,6617,13325,37.4967171864138,127.071718971861
202108,3호선,홍제,75588,71395,146983,37.5887103667691,126.944242309924
202108,3호선,화정,76960,79911,156871,37.6345077843042,126.832630042005
202109,3호선,가락시장,34250,33487,67737,37.4927440321316,127.118485741487
202109,3호선,경복궁,96948,106399,203347,37.5758613027702,126.973062710191
202109,3호선,경찰병원,23752,23342,47094,37.4956031419934,127.124067847413
202109,3호선,고속터미널,285226,312978,598204,37.5049267445237,127.004949918697
202109,3호선,교대,37599,22564,60163,37.4928178646055,127.013838469407
202109,3호선,구파발,96164,96996,193160,37.6368417889316,126.918745426412
202109,3호선,금호,36754,33967,70721,37.5481125196986,127.015893753726
202109,3호선,남부터미널,117224,127500,244724,37.48514016604,127.016207055102
202109,3호선,녹번,62728,55263,117991,37.6007421809861,126.936019442532
202109,3호선,대곡,8989,7741,16730,37.6318206316005,126.810602730178
202109,3호선,대청,35511,33231,68742,37.4937218597788,127.079493645766
202109,3호선,대치,58411,51108,109519,37.4945627553067,127.063430193449
202109,3호선,대화,53341,47808,101149,37.675954868441,126.747305098166
202109,3호선,도곡,17797,17641,35438,37.4908647717187,127.05532337372
202109,3호선,독립문,36625,39057,75682,37.5744103589329,126.957750279047
202109,3호선,동대입구,38164,42000,80164,37.559030224347,127.005460196954
202109,3호선,마두,31433,31467,62900,37.6523303524635,126.778195968273
202109,3호선,매봉,35783,34892,70675,37.4869611285839,127.046614560925
202109,3호선,무악재,16608,17647,34255,37.5823841472467,126.950322097494
202109,3호선,백석,47075,46954,94029,37.6431608335662,126.788171623016
202109,3호선,불광,83647,95819,179466,37.6102072578868,126.92998576213
202109,3호선,삼송,89594,87432,177026,37.6550162726238,126.896562231497
202109,3호선,수서,76467,77904,154371,37.4873889933503,127.101859191018
202109,3호선,신사,128646,134493,263139,37.5171124958274,127.019494541135
202109,3호선,안국,82662,94223,176885,37.5767203705556,126.985823042976
202109,3호선,압구정,137669,142865,280534,37.5264308236177,127.028480919224
202109,3호선,약수,55566,52318,107884,37.5545595558163,127.010822526737
202109,3호선,양재,111137,122414,233551,37.4839347328908,127.034544193436
202109,3호선,연신내,187857,174896,362753,37.618962003178,126.921162124977
202109,3호선,오금,23008,21975,44983,37.5022659793733,127.127879247544
202109,3호선,옥수,44839,45130,89969,37.5409877747326,127.018965435917
202109,3호선,원당,53967,51822,105789,37.6534333656508,126.843104741837
202109,3호선,원흥,45743,43574,89317,37.6509206996283,126.873307347639
202109,3호선,을지로3가,27095,28089,55184,37.56626594615,126.990308356253
202109,3호선,일원,29011,29240,58251,37.4840735840284,127.084451750048
202109,3호선,잠원,21628,20452,42080,37.5127991148107,127.01122017966
202109,3호선,정발산,40924,41597,82521,37.6589801992463,126.773725939404
202109,3호선,종로3가,32271,44817,77088,37.5704266025836,126.99202930223
202109,3호선,주엽,40593,40015,80608,37.6704315940863,126.761046013417
202109,3호선,지축,18815,18175,36990,37.6496180734177,126.912167788573
202109,3호선,충무로,8,0,8,37.5612890978954,126.994207448462
202109,3호선,학여울,11568,12358,23926,37.4967171864138,127.071718971861
202109,3호선,홍제,79336,73952,153288,37.5887103667691,126.944242309924
202109,3호선,화정,81044,83028,164072,37.6345077843042,126.832630042005
202110,3호선,가락시장,45579,44939,90518,37.4927440321316,127.118485741487
202110,3호선,경복궁,146530,159262,305792,37.5758613027702,126.973062710191
202110,3호선,경찰병원,31326,31102,62428,37.4956031419934,127.124067847413
202110,3호선,고속터미널,399474,397503,796977,37.5049267445237,127.004949918697
202110,3호선,교대,51946,30976,82922,37.4928178646055,127.013838469407
202110,3호선,구파발,133647,134278,267925,37.6368417889316,126.918745426412
202110,3호선,금호,47820,44375,92195,37.5481125196986,127.015893753726
202110,3호선,남부터미널,163120,168799,331919,37.48514016604,127.016207055102
202110,3호선,녹번,83046,73552,156598,37.6007421809861,126.936019442532
202110,3호선,대곡,12076,10314,22390,37.6318206316005,126.810602730178
202110,3호선,대청,47136,44170,91306,37.4937218597788,127.079493645766
202110,3호선,대치,70958,62846,133804,37.4945627553067,127.063430193449
202110,3호선,대화,74620,68123,142743,37.675954868441,126.747305098166
202110,3호선,도곡,25117,25845,50962,37.4908647717187,127.05532337372
202110,3호선,독립문,48105,52948,101053,37.5744103589329,126.957750279047
202110,3호선,동대입구,56841,63415,120256,37.559030224347,127.005460196954
202110,3호선,마두,41396,41820,83216,37.6523303524635,126.778195968273
202110,3호선,매봉,48295,46665,94960,37.4869611285839,127.046614560925
202110,3호선,무악재,21988,23398,45386,37.5823841472467,126.950322097494
202110,3호선,백석,61954,62145,124099,37.6431608335662,126.788171623016
202110,3호선,불광,109494,125833,235327,37.6102072578868,126.92998576213
202110,3호선,삼송,117595,114606,232201,37.6550162726238,126.896562231497
202110,3호선,수서,109971,110577,220548,37.4873889933503,127.101859191018
202110,3호선,신사,180377,186686,367063,37.5171124958274,127.019494541135
202110,3호선,안국,127500,142184,269684,37.5767203705556,126.985823042976
202110,3호선,압구정,173781,181024,354805,37.5264308236177,127.028480919224
202110,3호선,약수,73039,69964,143003,37.5545595558163,127.010822526737
202110,3호선,양재,161362,178734,340096,37.4839347328908,127.034544193436
202110,3호선,연신내,243936,228250,472186,37.618962003178,126.921162124977
202110,3호선,오금,30306,28964,59270,37.5022659793733,127.127879247544
202110,3호선,옥수,57709,59623,117332,37.5409877747326,127.018965435917
202110,3호선,원당,70168,67323,137491,37.6534333656508,126.843104741837
202110,3호선,원흥,60059,57567,117626,37.6509206996283,126.873307347639
202110,3호선,을지로3가,39324,40850,80174,37.56626594615,126.990308356253
202110,3호선,일원,37483,37959,75442,37.4840735840284,127.084451750048
202110,3호선,잠원,27895,26959,54854,37.5127991148107,127.01122017966
202110,3호선,정발산,54776,56135,110911,37.6589801992463,126.773725939404
202110,3호선,종로3가,46755,64858,111613,37.5704266025836,126.99202930223
202110,3호선,주엽,53736,52604,106340,37.6704315940863,126.761046013417
202110,3호선,지축,24599,23660,48259,37.6496180734177,126.912167788573
202110,3호선,충무로,11,0,11,37.5612890978954,126.994207448462
202110,3호선,학여울,17885,18765,36650,37.4967171864138,127.071718971861
202110,3호선,홍제,105142,98979,204121,37.5887103667691,126.944242309924
202110,3호선,화정,106911,109654,216565,37.6345077843042,126.832630042005
202111,3호선,가락시장,39813,40204,80017,37.4927440321316,127.118485741487
202111,3호선,경복궁,136593,146657,283250,37.5758613027702,126.973062710191
202111,3호선,경찰병원,27554,27073,54627,37.4956031419934,127.124067847413
202111,3호선,고속터미널,360568,358735,719303,37.5049267445237,127.004949918697
202111,3호선,교대,46535,28076,74611,37.4928178646055,127.013838469407
202111,3호선,구파발,109100,109736,218836,37.6368417889316,126.918745426412
202111,3호선,금호,41171,37668,78839,37.5481125196986,127.015893753726
202111,3호선,남부터미널,148707,152267,300974,37.48514016604,127.016207055102
202111,3호선,녹번,72786,63359,136145,37.6007421809861,126.936019442532
202111,3호선,대곡,10222,8602,18824,37.6318206316005,126.810602730178
202111,3호선,대청,41183,38204,79387,37.4937218597788,127.079493645766
202111,3호선,대치,55090,50696,105786,37.4945627553067,127.063430193449
202111,3호선,대화,66704,60362,127066,37.675954868441,126.747305098166
202111,3호선,도곡,23188,24579,47767,37.4908647717187,127.05532337372
202111,3호선,독립문,41784,47773,89557,37.5744103589329,126.957750279047
202111,3호선,동대입구,56917,63539,120456,37.559030224347,127.005460196954
202111,3호선,마두,34866,34410,69276,37.6523303524635,126.778195968273
202111,3호선,매봉,41853,40723,82576,37.4869611285839,127.046614560925
202111,3호선,무악재,18948,19617,38565,37.5823841472467,126.950322097494
202111,3호선,백석,53093,53278,106371,37.6431608335662,126.788171623016
202111,3호선,불광,91664,104296,195960,37.6102072578868,126.92998576213
202111,3호선,삼송,99122,95376,194498,37.6550162726238,126.896562231497
202111,3호선,수서,97088,95663,192751,37.4873889933503,127.101859191018
202111,3호선,신사,158207,167856,326063,37.5171124958274,127.019494541135
202111,3호선,안국,118586,130889,249475,37.5767203705556,126.985823042976
202111,3호선,압구정,156455,165606,322061,37.5264308236177,127.028480919224
202111,3호선,약수,63025,59833,122858,37.5545595558163,127.010822526737
202111,3호선,양재,144745,160865,305610,37.4839347328908,127.034544193436
202111,3호선,연신내,203452,192481,395933,37.618962003178,126.921162124977
202111,3호선,오금,26961,25732,52693,37.5022659793733,127.127879247544
202111,3호선,옥수,49191,50338,99529,37.5409877747326,127.018965435917
202111,3호선,원당,59460,56191,115651,37.6534333656508,126.843104741837
202111,3호선,원흥,51998,49191,101189,37.6509206996283,126.873307347639
202111,3호선,을지로3가,36364,37465,73829,37.56626594615,126.990308356253
202111,3호선,일원,33252,33701,66953,37.4840735840284,127.084451750048
202111,3호선,잠원,24017,23387,47404,37.5127991148107,127.01122017966
202111,3호선,정발산,47532,49705,97237,37.6589801992463,126.773725939404
202111,3호선,종로3가,40495,57025,97520,37.5704266025836,126.99202930223
202111,3호선,주엽,45309,44049,89358,37.6704315940863,126.761046013417
202111,3호선,지축,20955,19572,40527,37.6496180734177,126.912167788573
202111,3호선,충무로,10,0,10,37.5612890978954,126.994207448462
202111,3호선,학여울,16515,17194,33709,37.4967171864138,127.071718971861
202111,3호선,홍제,90436,85018,175454,37.5887103667691,126.944242309924
202111,3호선,화정,91432,93288,184720,37.6345077843042,126.832630042005
202112,3호선,가락시장,34242,33902,68144,37.4927440321316,127.118485741487
202112,3호선,경복궁,87668,89630,177298,37.5758613027702,126.973062710191
202112,3호선,경찰병원,23898,23899,47797,37.4956031419934,127.124067847413
202112,3호선,고속터미널,311686,305873,617559,37.5049267445237,127.004949918697
202112,3호선,교대,37604,22736,60340,37.4928178646055,127.013838469407
202112,3호선,구파발,91638,91923,183561,37.6368417889316,126.918745426412
202112,3호선,금호,35422,33399,68821,37.5481125196986,127.015893753726
202112,3호선,남부터미널,122845,125235,248080,37.48514016604,127.016207055102
202112,3호선,녹번,63307,56276,119583,37.6007421809861,126.936019442532
202112,3호선,대곡,7860,6736,14596,37.6318206316005,126.810602730178
202112,3호선,대청,36007,33653,69660,37.4937218597788,127.079493645766
202112,3호선,대치,43690,41104,84794,37.4945627553067,127.063430193449
202112,3호선,대화,56441,52064,108505,37.675954868441,126.747305098166
202112,3호선,도곡,18101,18427,36528,37.4908647717187,127.05532337372
202112,3호선,독립문,31303,32960,64263,37.5744103589329,126.957750279047
202112,3호선,동대입구,47556,50700,98256,37.559030224347,127.005460196954
202112,3호선,마두,29617,29838,59455,37.6523303524635,126.778195968273
202112,3호선,매봉,36062,35478,71540,37.4869611285839,127.046614560925
202112,3호선,무악재,15950,16733,32683,37.5823841472467,126.950322097494
202112,3호선,백석,47699,47732,95431,37.6431608335662,126.788171623016
202112,3호선,불광,78284,88481,166765,37.6102072578868,126.92998576213
202112,3호선,삼송,89584,85131,174715,37.6550162726238,126.896562231497
202112,3호선,수서,85801,85004,170805,37.4873889933503,127.101859191018
202112,3호선,신사,138691,142494,281185,37.5171124958274,127.019494541135
202112,3호선,안국,85307,91760,177067,37.5767203705556,126.985823042976
202112,3호선,압구정,140139,145350,285489,37.5264308236177,127.028480919224
202112,3호선,약수,55410,53023,108433,37.5545595558163,127.010822526737
202112,3호선,양재,127052,140284,267336,37.4839347328908,127.034544193436
202112,3호선,연신내,176047,168201,344248,37.618962003178,126.921162124977
202112,3호선,오금,22521,21389,43910,37.5022659793733,127.127879247544
202112,3호선,옥수,40187,42758,82945,37.5409877747326,127.018965435917
202112,3호선,원당,50528,48552,99080,37.6534333656508,126.843104741837
202112,3호선,원흥,47337,44883,92220,37.6509206996283,126.873307347639
202112,3호선,을지로3가,31829,31831,63660,37.56626594615,126.990308356253
202112,3호선,일원,27603,28207,55810,37.4840735840284,127.084451750048
202112,3호선,잠원,19259,19193,38452,37.5127991148107,127.01122017966
202112,3호선,정발산,44019,44839,88858,37.6589801992463,126.773725939404
202112,3호선,종로3가,34133,45900,80033,37.5704266025836,126.99202930223
202112,3호선,주엽,37914,37892,75806,37.6704315940863,126.761046013417
202112,3호선,지축,17923,16770,34693,37.6496180734177,126.912167788573
202112,3호선,충무로,4,0,4,37.5612890978954,126.994207448462
202112,3호선,학여울,12945,13862,26807,37.4967171864138,127.071718971861
202112,3호선,홍제,75917,72760,148677,37.5887103667691,126.944242309924
202112,3호선,화정,79487,82444,161931,37.6345077843042,126.832630042005
202101,4호선,경마공원,6399,6233,12632,37.4441407439838,127.008051189437
202101,4호선,고잔,33973,32753,66726,37.310138887688,126.853604115068
202101,4호선,과천,23486,21270,44756,37.4334527847941,126.997456834042
202101,4호선,길음,80626,78732,159358,37.603183910563,127.024823216768
202101,4호선,남태령,4409,3823,8232,37.4648575576518,126.988656544337
202101,4호선,노원,96443,104989,201432,37.6562677764281,127.063030448739
202101,4호선,당고개,61891,59169,121060,37.6702926448965,127.079011159467
202101,4호선,대공원,19401,20935,40336,37.4357353154423,127.005564107175
202101,4호선,대야미,23424,20854,44278,37.3283278084294,126.917178861076
202101,4호선,동대문,66265,69361,135626,37.5717775660734,127.011167102297
202101,4호선,동대문역사문화공원,65053,60218,125271,37.5655895229776,127.009131498424
202101,4호선,동작,11995,12194,24189,37.5028703671011,126.980268385443
202101,4호선,명동,69356,74567,143923,37.5609100751113,126.985947030389
202101,4호선,미아,68709,66652,135361,37.6264436445109,127.026103434413
202101,4호선,미아사거리,136538,132891,269429,37.6132861094991,127.030098418544
202101,4호선,반월,20329,19641,39970,37.3120043860232,126.903795028845
202101,4호선,범계,115067,111291,226358,37.38973437119,126.950983854413
202101,4호선,사당,108364,100079,208443,37.4765228347619,126.981408909449
202101,4호선,산본,70810,73534,144344,37.3581051591978,126.933175158373
202101,4호선,삼각지,14806,17998,32804,37.5345937063675,126.973011032988
202101,4호선,상계,86619,82105,168724,37.6609038887184,127.073575379339
202101,4호선,상록수,75857,75572,151429,37.3029804927532,126.865417356052
202101,4호선,서울,29436,54359,83795,37.549118478341,126.970484281315
202101,4호선,선바위,27071,25515,52586,37.4518723418033,127.001363325574
202101,4호선,성신여대입구,99084,95863,194947,37.5927179261346,127.016477649743
202101,4호선,수리산,17242,16276,33518,37.350128811081,126.92549018064
202101,4호선,수유,166998,162512,329510,37.6377452337445,127.025356901379
202101,4호선,숙대입구,49279,47881,97160,37.5451939759064,126.971872351838
202101,4호선,신길온천,8399,7894,16293,37.3279773719144,126.787289454372
202101,4호선,신용산,52083,53890,105973,37.5296155628471,126.968215931799
202101,4호선,쌍문,132405,121718,254123,37.6488498649136,127.034880717215
202101,4호선,안산,71527,68746,140273,37.3206930878552,126.805905689102
202101,4호선,오이도,43104,43474,86578,37.3619270024133,126.738463594077
202101,4호선,이촌,29177,32886,62063,37.522520254623,126.973683151228
202101,4호선,인덕원,86767,85650,172417,37.4015080484355,126.976688773261
202101,4호선,정부과천청사,29428,30204,59632,37.4259969407168,126.990186147038
202101,4호선,정왕,37558,39476,77034,37.3375787569365,126.767149151692
202101,4호선,중앙,87623,88654,176277,37.3160120851693,126.838496502051
202101,4호선,창동,123563,131173,254736,37.6532174818989,127.047714954434
202101,4호선,초지,17818,17754,35572,37.3206930878552,126.805905689102
202101,4호선,총신대입구,85114,92403,177517,37.4875538278198,126.982199707405
202101,4호선,충무로,65162,66680,131842,37.5612890978954,126.994207448462
202101,4호선,평촌,52547,51853,104400,37.3944955073661,126.963866284332
202101,4호선,한대앞,40376,40043,80419,37.310138887688,126.853604115068
202101,4호선,한성대입구,60776,59490,120266,37.5883948842004,127.00595033342
202101,4호선,혜화,130989,133409,264398,37.5818036223189,127.001978401429
202101,4호선,회현,82675,86198,168873,37.5585353196435,126.978239147279
202102,4호선,경마공원,5736,5546,11282,37.4441407439838,127.008051189437
202102,4호선,고잔,33872,32937,66809,37.310138887688,126.853604115068
202102,4호선,과천,24550,21722,46272,37.4334527847941,126.997456834042
202102,4호선,길음,77805,75279,153084,37.603183910563,127.024823216768
202102,4호선,남태령,4864,3857,8721,37.4648575576518,126.988656544337
202102,4호선,노원,95117,102968,198085,37.6562677764281,127.063030448739
202102,4호선,당고개,59702,56654,116356,37.6702926448965,127.079011159467
202102,4호선,대공원,28412,30174,58586,37.4357353154423,127.005564107175
202102,4호선,대야미,23432,20644,44076,37.3283278084294,126.917178861076
202102,4호선,동대문,65014,67614,132628,37.5717775660734,127.011167102297
202102,4호선,동대문역사문화공원,63397,58136,121533,37.5655895229776,127.009131498424
202102,4호선,동작,13419,13520,26939,37.5028703671011,126.980268385443
202102,4호선,명동,75252,81644,156896,37.5609100751113,126.985947030389
202102,4호선,미아,64137,61562,125699,37.6264436445109,127.026103434413
202102,4호선,미아사거리,128502,123642,252144,37.6132861094991,127.030098418544
202102,4호선,반월,19722,18913,38635,37.3120043860232,126.903795028845
202102,4호선,범계,114616,110660,225276,37.38973437119,126.950983854413
202102,4호선,사당,107914,98693,206607,37.4765228347619,126.981408909449
202102,4호선,산본,70712,75217,145929,37.3581051591978,126.933175158373
202102,4호선,삼각지,14500,19046,33546,37.5345937063675,126.973011032988
202102,4호선,상계,82214,77027,159241,37.6609038887184,127.073575379339
202102,4호선,상록수,73534,72628,146162,37.3029804927532,126.865417356052
202102,4호선,서울,28911,58772,87683,37.549118478341,126.970484281315
202102,4호선,선바위,27555,24884,52439,37.4518723418033,127.001363325574
202102,4호선,성신여대입구,96265,93051,189316,37.5927179261346,127.016477649743
202102,4호선,수리산,16575,15668,32243,37.350128811081,126.92549018064
202102,4호선,수유,157007,153814,310821,37.6377452337445,127.025356901379
202102,4호선,숙대입구,49621,48936,98557,37.5451939759064,126.971872351838
202102,4호선,신길온천,8345,8012,16357,37.3279773719144,126.787289454372
202102,4호선,신용산,52761,54328,107089,37.5296155628471,126.968215931799
202102,4호선,쌍문,126822,115581,242403,37.6488498649136,127.034880717215
202102,4호선,안산,68933,65611,134544,37.3206930878552,126.805905689102
202102,4호선,오이도,48590,49024,97614,37.3619270024133,126.738463594077
202102,4호선,이촌,33460,37578,71038,37.522520254623,126.973683151228
202102,4호선,인덕원,86320,84617,170937,37.4015080484355,126.976688773261
202102,4호선,정부과천청사,31144,32203,63347,37.4259969407168,126.990186147038
202102,4호선,정왕,36524,38428,74952,37.3375787569365,126.767149151692
202102,4호선,중앙,92445,93471,185916,37.3160120851693,126.838496502051
202102,4호선,창동,117950,124220,242170,37.6532174818989,127.047714954434
202102,4호선,초지,18265,18238,36503,37.3206930878552,126.805905689102
202102,4호선,총신대입구,80783,88257,169040,37.4875538278198,126.982199707405
202102,4호선,충무로,62918,65014,127932,37.5612890978954,126.994207448462
202102,4호선,평촌,49925,49053,98978,37.3944955073661,126.963866284332
202102,4호선,한대앞,39450,39142,78592,37.310138887688,126.853604115068
202102,4호선,한성대입구,58898,57930,116828,37.5883948842004,127.00595033342
202102,4호선,혜화,148139,153207,301346,37.5818036223189,127.001978401429
202102,4호선,회현,79972,85257,165229,37.5585353196435,126.978239147279
202103,4호선,경마공원,7106,7118,14224,37.4441407439838,127.008051189437
202103,4호선,고잔,39019,38716,77735,37.310138887688,126.853604115068
202103,4호선,과천,26480,24272,50752,37.4334527847941,126.997456834042
202103,4호선,길음,88229,84532,172761,37.603183910563,127.024823216768
202103,4호선,남태령,6048,4897,10945,37.4648575576518,126.988656544337
202103,4호선,노원,103788,111606,215394,37.6562677764281,127.063030448739
202103,4호선,당고개,65105,61868,126973,37.6702926448965,127.079011159467
202103,4호선,대공원,27086,28856,55942,37.4357353154423,127.005564107175
202103,4호선,대야미,25550,22526,48076,37.3283278084294,126.917178861076
202103,4호선,동대문,78388,81543,159931,37.5717775660734,127.011167102297
202103,4호선,동대문역사문화공원,72358,65485,137843,37.5655895229776,127.009131498424
202103,4호선,동작,13340,13849,27189,37.5028703671011,126.980268385443
202103,4호선,명동,77736,84155,161891,37.5609100751113,126.985947030389
202103,4호선,미아,69478,66529,136007,37.6264436445109,127.026103434413
202103,4호선,미아사거리,140764,136261,277025,37.6132861094991,127.030098418544
202103,4호선,반월,21424,20695,42119,37.3120043860232,126.903795028845
202103,4호선,범계,127312,122174,249486,37.38973437119,126.950983854413
202103,4호선,사당,125644,112168,237812,37.4765228347619,126.981408909449
202103,4호선,산본,77005,81931,158936,37.3581051591978,126.933175158373
202103,4호선,삼각지,17859,23271,41130,37.5345937063675,126.973011032988
202103,4호선,상계,89138,84223,173361,37.6609038887184,127.073575379339
202103,4호선,상록수,79686,79152,158838,37.3029804927532,126.865417356052
202103,4호선,서울,33288,67616,100904,37.549118478341,126.970484281315
202103,4호선,선바위,31608,28676,60284,37.4518723418033,127.001363325574
202103,4호선,성신여대입구,109177,104390,213567,37.5927179261346,127.016477649743
202103,4호선,수리산,17957,16712,34669,37.350128811081,126.92549018064
202103,4호선,수유,172766,167679,340445,37.6377452337445,127.025356901379
202103,4호선,숙대입구,58396,56262,114658,37.5451939759064,126.971872351838
202103,4호선,신길온천,9113,8674,17787,37.3279773719144,126.787289454372
202103,4호선,신용산,59238,62188,121426,37.5296155628471,126.968215931799
202103,4호선,쌍문,137127,125100,262227,37.6488498649136,127.034880717215
202103,4호선,안산,70179,68079,138258,37.3206930878552,126.805905689102
202103,4호선,오이도,48557,49332,97889,37.3619270024133,126.738463594077
202103,4호선,이촌,36857,41525,78382,37.522520254623,126.973683151228
202103,4호선,인덕원,95610,93773,189383,37.4015080484355,126.976688773261
202103,4호선,정부과천청사,35477,36577,72054,37.4259969407168,126.990186147038
202103,4호선,정왕,40770,43709,84479,37.3375787569365,126.767149151692
202103,4호선,중앙,101544,103020,204564,37.3160120851693,126.838496502051
202103,4호선,창동,127409,134700,262109,37.6532174818989,127.047714954434
202103,4호선,초지,20100,19908,40008,37.3206930878552,126.805905689102
202103,4호선,총신대입구,90066,97518,187584,37.4875538278198,126.982199707405
202103,4호선,충무로,76722,78133,154855,37.5612890978954,126.994207448462
202103,4호선,평촌,55727,54632,110359,37.3944955073661,126.963866284332
202103,4호선,한대앞,44799,44507,89306,37.310138887688,126.853604115068
202103,4호선,한성대입구,66378,64934,131312,37.5883948842004,127.00595033342
202103,4호선,혜화,168909,173402,342311,37.5818036223189,127.001978401429
202103,4호선,회현,92421,96411,188832,37.5585353196435,126.978239147279
202104,4호선,경마공원,8047,8044,16091,37.4441407439838,127.008051189437
202104,4호선,고잔,40533,40114,80647,37.310138887688,126.853604115068
202104,4호선,과천,27330,25010,52340,37.4334527847941,126.997456834042
202104,4호선,길음,89586,86791,176377,37.603183910563,127.024823216768
202104,4호선,남태령,6322,4957,11279,37.4648575576518,126.988656544337
202104,4호선,노원,102217,109567,211784,37.6562677764281,127.063030448739
202104,4호선,당고개,65561,62373,127934,37.6702926448965,127.079011159467
202104,4호선,대공원,50529,52284,102813,37.4357353154423,127.005564107175
202104,4호선,대야미,27901,24620,52521,37.3283278084294,126.917178861076
202104,4호선,동대문,79391,81239,160630,37.5717775660734,127.011167102297
202104,4호선,동대문역사문화공원,70638,64349,134987,37.5655895229776,127.009131498424
202104,4호선,동작,15696,16252,31948,37.5028703671011,126.980268385443
202104,4호선,명동,83391,91036,174427,37.5609100751113,126.985947030389
202104,4호선,미아,70680,67034,137714,37.6264436445109,127.026103434413
202104,4호선,미아사거리,141196,136289,277485,37.6132861094991,127.030098418544
202104,4호선,반월,22135,21257,43392,37.3120043860232,126.903795028845
202104,4호선,범계,125559,121520,247079,37.38973437119,126.950983854413
202104,4호선,사당,125468,111992,237460,37.4765228347619,126.981408909449
202104,4호선,산본,76963,81952,158915,37.3581051591978,126.933175158373
202104,4호선,삼각지,18542,23833,42375,37.5345937063675,126.973011032988
202104,4호선,상계,90606,85746,176352,37.6609038887184,127.073575379339
202104,4호선,상록수,80321,79819,160140,37.3029804927532,126.865417356052
202104,4호선,서울,34088,71716,105804,37.549118478341,126.970484281315
202104,4호선,선바위,33325,30018,63343,37.4518723418033,127.001363325574
202104,4호선,성신여대입구,106605,101134,207739,37.5927179261346,127.016477649743
202104,4호선,수리산,20728,21024,41752,37.350128811081,126.92549018064
202104,4호선,수유,171936,166429,338365,37.6377452337445,127.025356901379
202104,4호선,숙대입구,57154,55685,112839,37.5451939759064,126.971872351838
202104,4호선,신길온천,9672,9153,18825,37.3279773719144,126.787289454372
202104,4호선,신용산,57742,60440,118182,37.5296155628471,126.968215931799
202104,4호선,쌍문,137638,125345,262983,37.6488498649136,127.034880717215
202104,4호선,안산,75019,73323,148342,37.3206930878552,126.805905689102
202104,4호선,오이도,50837,51469,102306,37.3619270024133,126.738463594077
202104,4호선,이촌,40204,46075,86279,37.522520254623,126.973683151228
202104,4호선,인덕원,97632,95350,192982,37.4015080484355,126.976688773261
202104,4호선,정부과천청사,36683,37742,74425,37.4259969407168,126.990186147038
202104,4호선,정왕,43763,46654,90417,37.3375787569365,126.767149151692
202104,4호선,중앙,100991,101869,202860,37.3160120851693,126.838496502051
202104,4호선,창동,126043,132926,258969,37.6532174818989,127.047714954434
202104,4호선,초지,21089,21274,42363,37.3206930878552,126.805905689102
202104,4호선,총신대입구,90189,97869,188058,37.4875538278198,126.982199707405
202104,4호선,충무로,78504,81093,159597,37.5612890978954,126.994207448462
202104,4호선,평촌,56500,55196,111696,37.3944955073661,126.963866284332
202104,4호선,한대앞,46113,45516,91629,37.310138887688,126.853604115068
202104,4호선,한성대입구,67420,66672,134092,37.5883948842004,127.00595033342
202104,4호선,혜화,160411,165582,325993,37.5818036223189,127.001978401429
202104,4호선,회현,93175,98294,191469,37.5585353196435,126.978239147279
202105,4호선,경마공원,9212,9106,18318,37.4441407439838,127.008051189437
202105,4호선,고잔,49992,49654,99646,37.310138887688,126.853604115068
202105,4호선,과천,34064,31317,65381,37.4334527847941,126.997456834042
202105,4호선,길음,110952,106648,217600,37.603183910563,127.024823216768
202105,4호선,남태령,7409,5803,13212,37.4648575576518,126.988656544337
202105,4호선,노원,128383,138111,266494,37.6562677764281,127.063030448739
202105,4호선,당고개,82611,78443,161054,37.6702926448965,127.079011159467
202105,4호선,대공원,53192,54956,108148,37.4357353154423,127.005564107175
202105,4호선,대야미,33599,29608,63207,37.3283278084294,126.917178861076
202105,4호선,동대문,99206,101141,200347,37.5717775660734,127.011167102297
202105,4호선,동대문역사문화공원,86518,78364,164882,37.5655895229776,127.009131498424
202105,4호선,동작,18582,19130,37712,37.5028703671011,126.980268385443
202105,4호선,명동,99596,107832,207428,37.5609100751113,126.985947030389
202105,4호선,미아,87455,83027,170482,37.6264436445109,127.026103434413
202105,4호선,미아사거리,176066,169444,345510,37.6132861094991,127.030098418544
202105,4호선,반월,27709,26511,54220,37.3120043860232,126.903795028845
202105,4호선,범계,159681,154188,313869,37.38973437119,126.950983854413
202105,4호선,사당,157395,139645,297040,37.4765228347619,126.981408909449
202105,4호선,산본,95268,101848,197116,37.3581051591978,126.933175158373
202105,4호선,삼각지,23272,30431,53703,37.5345937063675,126.973011032988
202105,4호선,상계,112294,106269,218563,37.6609038887184,127.073575379339
202105,4호선,상록수,100446,99685,200131,37.3029804927532,126.865417356052
202105,4호선,서울,41093,92159,133252,37.549118478341,126.970484281315
202105,4호선,선바위,40978,36936,77914,37.4518723418033,127.001363325574
202105,4호선,성신여대입구,134414,128949,263363,37.5927179261346,127.016477649743
202105,4호선,수리산,23739,22741,46480,37.350128811081,126.92549018064
202105,4호선,수유,211768,206197,417965,37.6377452337445,127.025356901379
202105,4호선,숙대입구,72127,69105,141232,37.5451939759064,126.971872351838
202105,4호선,신길온천,11978,11325,23303,37.3279773719144,126.787289454372
202105,4호선,신용산,76366,80648,157014,37.5296155628471,126.968215931799
202105,4호선,쌍문,172015,156896,328911,37.6488498649136,127.034880717215
202105,4호선,안산,93590,90873,184463,37.3206930878552,126.805905689102
202105,4호선,오이도,63295,64135,127430,37.3619270024133,126.738463594077
202105,4호선,이촌,50626,57772,108398,37.522520254623,126.973683151228
202105,4호선,인덕원,120372,118267,238639,37.4015080484355,126.976688773261
202105,4호선,정부과천청사,44824,46118,90942,37.4259969407168,126.990186147038
202105,4호선,정왕,53335,57404,110739,37.3375787569365,126.767149151692
202105,4호선,중앙,126996,128893,255889,37.3160120851693,126.838496502051
202105,4호선,창동,155756,163634,319390,37.6532174818989,127.047714954434
202105,4호선,초지,26144,25893,52037,37.3206930878552,126.805905689102
202105,4호선,총신대입구,113015,121867,234882,37.4875538278198,126.982199707405
202105,4호선,충무로,98382,100624,199006,37.5612890978954,126.994207448462
202105,4호선,평촌,70714,69596,140310,37.3944955073661,126.963866284332
202105,4호선,한대앞,58381,57752,116133,37.310138887688,126.853604115068
202105,4호선,한성대입구,84018,83353,167371,37.5883948842004,127.00595033342
202105,4호선,혜화,208826,215681,424507,37.5818036223189,127.001978401429
202105,4호선,회현,117272,123389,240661,37.5585353196435,126.978239147279
202106,4호선,경마공원,8082,7926,16008,37.4441407439838,127.008051189437
202106,4호선,고잔,41946,41234,83180,37.310138887688,126.853604115068
202106,4호선,과천,28788,26128,54916,37.4334527847941,126.997456834042
202106,4호선,길음,91719,87830,179549,37.603183910563,127.024823216768
202106,4호선,남태령,6171,4823,10994,37.4648575576518,126.988656544337
202106,4호선,노원,105329,114932,220261,37.6562677764281,127.063030448739
202106,4호선,당고개,69014,65588,134602,37.6702926448965,127.079011159467
202106,4호선,대공원,43578,45557,89135,37.4357353154423,127.005564107175
202106,4호선,대야미,27588,24799,52387,37.3283278084294,126.917178861076
202106,4호선,동대문,82343,84336,166679,37.5717775660734,127.011167102297
202106,4호선,동대문역사문화공원,74001,66807,140808,37.5655895229776,127.009131498424
202106,4호선,동작,17878,18121,35999,37.5028703671011,126.980268385443
202106,4호선,명동,91749,101653,193402,37.5609100751113,126.985947030389
202106,4호선,미아,72117,67882,139999,37.6264436445109,127.026103434413
202106,4호선,미아사거리,144335,137953,282288,37.6132861094991,127.030098418544
202106,4호선,반월,23215,22375,45590,37.3120043860232,126.903795028845
202106,4호선,범계,131782,128482,260264,37.38973437119,126.950983854413
202106,4호선,사당,130989,115776,246765,37.4765228347619,126.981408909449
202106,4호선,산본,79733,84989,164722,37.3581051591978,126.933175158373
202106,4호선,삼각지,20041,26256,46297,37.5345937063675,126.973011032988
202106,4호선,상계,92828,86891,179719,37.6609038887184,127.073575379339
202106,4호선,상록수,83098,81816,164914,37.3029804927532,126.865417356052
202106,4호선,서울,34335,78027,112362,37.549118478341,126.970484281315
202106,4호선,선바위,34214,30612,64826,37.4518723418033,127.001363325574
202106,4호선,성신여대입구,108422,102497,210919,37.5927179261346,127.016477649743
202106,4호선,수리산,19730,18532,38262,37.350128811081,126.92549018064
202106,4호선,수유,175746,168887,344633,37.6377452337445,127.025356901379
202106,4호선,숙대입구,60066,58277,118343,37.5451939759064,126.971872351838
202106,4호선,신길온천,10183,9745,19928,37.3279773719144,126.787289454372
202106,4호선,신용산,65877,70839,136716,37.5296155628471,126.968215931799
202106,4호선,쌍문,142627,128664,271291,37.6488498649136,127.034880717215
202106,4호선,안산,78434,76642,155076,37.3206930878552,126.805905689102
202106,4호선,오이도,54254,54949,109203,37.3619270024133,126.738463594077
202106,4호선,이촌,44250,49963,94213,37.522520254623,126.973683151228
202106,4호선,인덕원,101320,98277,199597,37.4015080484355,126.976688773261
202106,4호선,정부과천청사,38827,39350,78177,37.4259969407168,126.990186147038
202106,4호선,정왕,44940,47008,91948,37.3375787569365,126.767149151692
202106,4호선,중앙,104985,106884,211869,37.3160120851693,126.838496502051
202106,4호선,창동,128609,134481,263090,37.6532174818989,127.047714954434
202106,4호선,초지,21294,21434,42728,37.3206930878552,126.805905689102
202106,4호선,총신대입구,93977,100773,194750,37.4875538278198,126.982199707405
202106,4호선,충무로,80022,82137,162159,37.5612890978954,126.994207448462
202106,4호선,평촌,58738,57496,116234,37.3944955073661,126.963866284332
202106,4호선,한대앞,48342,47724,96066,37.310138887688,126.853604115068
202106,4호선,한성대입구,70218,68270,138488,37.5883948842004,127.00595033342
202106,4호선,혜화,172955,181336,354291,37.5818036223189,127.001978401429
202106,4호선,회현,99240,105508,204748,37.5585353196435,126.978239147279
202107,4호선,경마공원,7176,7011,14187,37.4441407439838,127.008051189437
202107,4호선,고잔,35387,34433,69820,37.310138887688,126.853604115068
202107,4호선,과천,25240,23913,49153,37.4334527847941,126.997456834042
202107,4호선,길음,82354,79089,161443,37.603183910563,127.024823216768
202107,4호선,남태령,5450,4526,9976,37.4648575576518,126.988656544337
202107,4호선,노원,98213,106366,204579,37.6562677764281,127.063030448739
202107,4호선,당고개,65525,62879,128404,37.6702926448965,127.079011159467
202107,4호선,대공원,21588,22471,44059,37.4357353154423,127.005564107175
202107,4호선,대야미,24162,22073,46235,37.3283278084294,126.917178861076
202107,4호선,동대문,72566,73976,146542,37.5717775660734,127.011167102297
202107,4호선,동대문역사문화공원,65712,60075,125787,37.5655895229776,127.009131498424
202107,4호선,동작,11137,11357,22494,37.5028703671011,126.980268385443
202107,4호선,명동,68989,75210,144199,37.5609100751113,126.985947030389
202107,4호선,미아,68096,65101,133197,37.6264436445109,127.026103434413
202107,4호선,미아사거리,135440,130379,265819,37.6132861094991,127.030098418544
202107,4호선,반월,20678,20004,40682,37.3120043860232,126.903795028845
202107,4호선,범계,118827,116030,234857,37.38973437119,126.950983854413
202107,4호선,사당,113081,99684,212765,37.4765228347619,126.981408909449
202107,4호선,산본,72913,78421,151334,37.3581051591978,126.933175158373
202107,4호선,삼각지,17751,21783,39534,37.5345937063675,126.973011032988
202107,4호선,상계,86696,81739,168435,37.6609038887184,127.073575379339
202107,4호선,상록수,74743,74779,149522,37.3029804927532,126.865417356052
202107,4호선,서울,31185,62694,93879,37.549118478341,126.970484281315
202107,4호선,선바위,29173,26978,56151,37.4518723418033,127.001363325574
202107,4호선,성신여대입구,101477,97014,198491,37.5927179261346,127.016477649743
202107,4호선,수리산,18011,16145,34156,37.350128811081,126.92549018064
202107,4호선,수유,166063,162168,328231,37.6377452337445,127.025356901379
202107,4호선,숙대입구,52553,50681,103234,37.5451939759064,126.971872351838
202107,4호선,신길온천,8883,8606,17489,37.3279773719144,126.787289454372
202107,4호선,신용산,59208,63601,122809,37.5296155628471,126.968215931799
202107,4호선,쌍문,133097,121567,254664,37.6488498649136,127.034880717215
202107,4호선,안산,69824,69366,139190,37.3206930878552,126.805905689102
202107,4호선,오이도,48400,49062,97462,37.3619270024133,126.738463594077
202107,4호선,이촌,37170,40949,78119,37.522520254623,126.973683151228
202107,4호선,인덕원,88766,86700,175466,37.4015080484355,126.976688773261
202107,4호선,정부과천청사,34525,35429,69954,37.4259969407168,126.990186147038
202107,4호선,정왕,41225,43526,84751,37.3375787569365,126.767149151692
202107,4호선,중앙,91854,93417,185271,37.3160120851693,126.838496502051
202107,4호선,창동,119056,126373,245429,37.6532174818989,127.047714954434
202107,4호선,초지,18572,18552,37124,37.3206930878552,126.805905689102
202107,4호선,총신대입구,86718,93993,180711,37.4875538278198,126.982199707405
202107,4호선,충무로,67914,69882,137796,37.5612890978954,126.994207448462
202107,4호선,평촌,53009,52083,105092,37.3944955073661,126.963866284332
202107,4호선,한대앞,42790,43086,85876,37.310138887688,126.853604115068
202107,4호선,한성대입구,63210,61642,124852,37.5883948842004,127.00595033342
202107,4호선,혜화,148490,153302,301792,37.5818036223189,127.001978401429
202107,4호선,회현,89572,92606,182178,37.5585353196435,126.978239147279
202108,4호선,경마공원,6819,6687,13506,37.4441407439838,127.008051189437
202108,4호선,고잔,34411,33229,67640,37.310138887688,126.853604115068
202108,4호선,과천,25612,23509,49121,37.4334527847941,126.997456834042
202108,4호선,길음,81079,77804,158883,37.603183910563,127.024823216768
202108,4호선,남태령,5226,4293,9519,37.4648575576518,126.988656544337
202108,4호선,노원,95952,103592,199544,37.6562677764281,127.063030448739
202108,4호선,당고개,64215,62150,126365,37.6702926448965,127.079011159467
202108,4호선,대공원,27454,28382,55836,37.4357353154423,127.005564107175
202108,4호선,대야미,23728,21696,45424,37.3283278084294,126.917178861076
202108,4호선,동대문,66708,68574,135282,37.5717775660734,127.011167102297
202108,4호선,동대문역사문화공원,64685,59180,123865,37.5655895229776,127.009131498424
202108,4호선,동작,11725,11618,23343,37.5028703671011,126.980268385443
202108,4호선,명동,69537,75305,144842,37.5609100751113,126.985947030389
202108,4호선,미아,65707,62836,128543,37.6264436445109,127.026103434413
202108,4호선,미아사거리,130975,125527,256502,37.6132861094991,127.030098418544
202108,4호선,반월,20118,19777,39895,37.3120043860232,126.903795028845
202108,4호선,범계,115763,112504,228267,37.38973437119,126.950983854413
202108,4호선,사당,111276,99009,210285,37.4765228347619,126.981408909449
202108,4호선,산본,72023,77368,149391,37.3581051591978,126.933175158373
202108,4호선,삼각지,17378,21966,39344,37.5345937063675,126.973011032988
202108,4호선,상계,85206,80212,165418,37.6609038887184,127.073575379339
202108,4호선,상록수,73577,73213,146790,37.3029804927532,126.865417356052
202108,4호선,서울,30761,61933,92694,37.549118478341,126.970484281315
202108,4호선,선바위,28813,27077,55890,37.4518723418033,127.001363325574
202108,4호선,성신여대입구,100399,96254,196653,37.5927179261346,127.016477649743
202108,4호선,수리산,17470,15880,33350,37.350128811081,126.92549018064
202108,4호선,수유,163158,158126,321284,37.6377452337445,127.025356901379
202108,4호선,숙대입구,50407,48670,99077,37.5451939759064,126.971872351838
202108,4호선,신길온천,8621,8394,17015,37.3279773719144,126.787289454372
202108,4호선,신용산,58141,62467,120608,37.5296155628471,126.968215931799
202108,4호선,쌍문,129845,119051,248896,37.6488498649136,127.034880717215
202108,4호선,안산,66255,64340,130595,37.3206930878552,126.805905689102
202108,4호선,오이도,49665,49727,99392,37.3619270024133,126.738463594077
202108,4호선,이촌,36587,40627,77214,37.522520254623,126.973683151228
202108,4호선,인덕원,85886,85722,171608,37.4015080484355,126.976688773261
202108,4호선,정부과천청사,33691,34762,68453,37.4259969407168,126.990186147038
202108,4호선,정왕,39715,41446,81161,37.3375787569365,126.767149151692
202108,4호선,중앙,89087,90727,179814,37.3160120851693,126.838496502051
202108,4호선,창동,118404,124408,242812,37.6532174818989,127.047714954434
202108,4호선,초지,18454,18438,36892,37.3206930878552,126.805905689102
202108,4호선,총신대입구,84358,91758,176116,37.4875538278198,126.982199707405
202108,4호선,충무로,65977,68395,134372,37.5612890978954,126.994207448462
202108,4호선,평촌,50767,49367,100134,37.3944955073661,126.963866284332
202108,4호선,한대앞,42226,41798,84024,37.310138887688,126.853604115068
202108,4호선,한성대입구,62675,60890,123565,37.5883948842004,127.00595033342
202108,4호선,혜화,154001,161062,315063,37.5818036223189,127.001978401429
202108,4호선,회현,80774,84729,165503,37.5585353196435,126.978239147279
202109,4호선,경마공원,6829,6676,13505,37.4441407439838,127.008051189437
202109,4호선,고잔,37091,36232,73323,37.310138887688,126.853604115068
202109,4호선,과천,27950,25431,53381,37.4334527847941,126.997456834042
202109,4호선,길음,85059,81055,166114,37.603183910563,127.024823216768
202109,4호선,남태령,5704,4746,10450,37.4648575576518,126.988656544337
202109,4호선,노원,97845,106740,204585,37.6562677764281,127.063030448739
202109,4호선,당고개,64364,61818,126182,37.6702926448965,127.079011159467
202109,4호선,대공원,42779,44436,87215,37.4357353154423,127.005564107175
202109,4호선,대야미,25711,22897,48608,37.3283278084294,126.917178861076
202109,4호선,동대문,74565,76166,150731,37.5717775660734,127.011167102297
202109,4호선,동대문역사문화공원,66054,60565,126619,37.5655895229776,127.009131498424
202109,4호선,동작,13252,13459,26711,37.5028703671011,126.980268385443
202109,4호선,명동,78594,86381,164975,37.5609100751113,126.985947030389
202109,4호선,미아,67465,64290,131755,37.6264436445109,127.026103434413
202109,4호선,미아사거리,135269,127994,263263,37.6132861094991,127.030098418544
202109,4호선,반월,21562,20806,42368,37.3120043860232,126.903795028845
202109,4호선,범계,118691,114516,233207,37.38973437119,126.950983854413
202109,4호선,사당,117234,103803,221037,37.4765228347619,126.981408909449
202109,4호선,산본,75144,77607,152751,37.3581051591978,126.933175158373
202109,4호선,삼각지,19245,24648,43893,37.5345937063675,126.973011032988
202109,4호선,상계,89129,83668,172797,37.6609038887184,127.073575379339
202109,4호선,상록수,75672,75454,151126,37.3029804927532,126.865417356052
202109,4호선,서울,31927,65962,97889,37.549118478341,126.970484281315
202109,4호선,선바위,30787,28309,59096,37.4518723418033,127.001363325574
202109,4호선,성신여대입구,103630,97678,201308,37.5927179261346,127.016477649743
202109,4호선,수리산,18460,17492,35952,37.350128811081,126.92549018064
202109,4호선,수유,165036,158367,323403,37.6377452337445,127.025356901379
202109,4호선,숙대입구,52041,49709,101750,37.5451939759064,126.971872351838
202109,4호선,신길온천,9236,8952,18188,37.3279773719144,126.787289454372
202109,4호선,신용산,58423,63540,121963,37.5296155628471,126.968215931799
202109,4호선,쌍문,132914,119411,252325,37.6488498649136,127.034880717215
202109,4호선,안산,68209,68426,136635,37.3206930878552,126.805905689102
202109,4호선,오이도,51250,51983,103233,37.3619270024133,126.738463594077
202109,4호선,이촌,38873,44064,82937,37.522520254623,126.973683151228
202109,4호선,인덕원,91835,91053,182888,37.4015080484355,126.976688773261
202109,4호선,정부과천청사,36016,36978,72994,37.4259969407168,126.990186147038
202109,4호선,정왕,41312,42705,84017,37.3375787569365,126.767149151692
202109,4호선,중앙,93382,95994,189376,37.3160120851693,126.838496502051
202109,4호선,창동,120923,126779,247702,37.6532174818989,127.047714954434
202109,4호선,초지,19676,19857,39533,37.3206930878552,126.805905689102
202109,4호선,총신대입구,88861,95838,184699,37.4875538278198,126.982199707405
202109,4호선,충무로,72727,74348,147075,37.5612890978954,126.994207448462
202109,4호선,평촌,52762,51302,104064,37.3944955073661,126.963866284332
202109,4호선,한대앞,44958,44550,89508,37.310138887688,126.853604115068
202109,4호선,한성대입구,65241,63263,128504,37.5883948842004,127.00595033342
202109,4호선,혜화,155059,162008,317067,37.5818036223189,127.001978401429
202109,4호선,회현,88762,95643,184405,37.5585353196435,126.978239147279
202110,4호선,경마공원,11013,10632,21645,37.4441407439838,127.008051189437
202110,4호선,고잔,53471,53265,106736,37.310138887688,126.853604115068
202110,4호선,과천,36058,32841,68899,37.4334527847941,126.997456834042
202110,4호선,길음,114431,110098,224529,37.603183910563,127.024823216768
202110,4호선,남태령,8569,6438,15007,37.4648575576518,126.988656544337
202110,4호선,노원,130742,140415,271157,37.6562677764281,127.063030448739
202110,4호선,당고개,82962,79111,162073,37.6702926448965,127.079011159467
202110,4호선,대공원,67016,69918,136934,37.4357353154423,127.005564107175
202110,4호선,대야미,34048,30540,64588,37.3283278084294,126.917178861076
202110,4호선,동대문,101022,103827,204849,37.5717775660734,127.011167102297
202110,4호선,동대문역사문화공원,91428,83827,175255,37.5655895229776,127.009131498424
202110,4호선,동작,14812,15425,30237,37.5028703671011,126.980268385443
202110,4호선,명동,119011,130364,249375,37.5609100751113,126.985947030389
202110,4호선,미아,88279,83697,171976,37.6264436445109,127.026103434413
202110,4호선,미아사거리,180724,171721,352445,37.6132861094991,127.030098418544
202110,4호선,반월,28540,27760,56300,37.3120043860232,126.903795028845
202110,4호선,범계,164854,159132,323986,37.38973437119,126.950983854413
202110,4호선,사당,167661,148840,316501,37.4765228347619,126.981408909449
202110,4호선,산본,100829,106730,207559,37.3581051591978,126.933175158373
202110,4호선,삼각지,28071,37627,65698,37.5345937063675,126.973011032988
202110,4호선,상계,115896,108105,224001,37.6609038887184,127.073575379339
202110,4호선,상록수,102935,101892,204827,37.3029804927532,126.865417356052
202110,4호선,서울,45159,104733,149892,37.549118478341,126.970484281315
202110,4호선,선바위,42685,38430,81115,37.4518723418033,127.001363325574
202110,4호선,성신여대입구,140556,131822,272378,37.5927179261346,127.016477649743
202110,4호선,수리산,24598,23488,48086,37.350128811081,126.92549018064
202110,4호선,수유,216473,207908,424381,37.6377452337445,127.025356901379
202110,4호선,숙대입구,72950,70008,142958,37.5451939759064,126.971872351838
202110,4호선,신길온천,12353,11908,24261,37.3279773719144,126.787289454372
202110,4호선,신용산,82638,87442,170080,37.5296155628471,126.968215931799
202110,4호선,쌍문,175833,157977,333810,37.6488498649136,127.034880717215
202110,4호선,안산,90287,88804,179091,37.3206930878552,126.805905689102
202110,4호선,오이도,69313,70525,139838,37.3619270024133,126.738463594077
202110,4호선,이촌,51557,57478,109035,37.522520254623,126.973683151228
202110,4호선,인덕원,128595,127712,256307,37.4015080484355,126.976688773261
202110,4호선,정부과천청사,49063,50234,99297,37.4259969407168,126.990186147038
202110,4호선,정왕,54757,56967,111724,37.3375787569365,126.767149151692
202110,4호선,중앙,131896,133935,265831,37.3160120851693,126.838496502051
202110,4호선,창동,157065,164946,322011,37.6532174818989,127.047714954434
202110,4호선,초지,27312,27274,54586,37.3206930878552,126.805905689102
202110,4호선,총신대입구,121683,131414,253097,37.4875538278198,126.982199707405
202110,4호선,충무로,105607,108962,214569,37.5612890978954,126.994207448462
202110,4호선,평촌,74724,73238,147962,37.3944955073661,126.963866284332
202110,4호선,한대앞,60996,60318,121314,37.310138887688,126.853604115068
202110,4호선,한성대입구,89175,87208,176383,37.5883948842004,127.00595033342
202110,4호선,혜화,225877,233080,458957,37.5818036223189,127.001978401429
202110,4호선,회현,123328,133028,256356,37.5585353196435,126.978239147279
202111,4호선,경마공원,53694,53455,107149,37.4441407439838,127.008051189437
202111,4호선,고잔,47236,46418,93654,37.310138887688,126.853604115068
202111,4호선,과천,31579,28416,59995,37.4334527847941,126.997456834042
202111,4호선,길음,101445,96198,197643,37.603183910563,127.024823216768
202111,4호선,남태령,8188,5433,13621,37.4648575576518,126.988656544337
202111,4호선,노원,108836,122237,231073,37.6562677764281,127.063030448739
202111,4호선,당고개,70520,66322,136842,37.6702926448965,127.079011159467
202111,4호선,대공원,51867,53722,105589,37.4357353154423,127.005564107175
202111,4호선,대야미,28258,24934,53192,37.3283278084294,126.917178861076
202111,4호선,동대문,88805,88771,177576,37.5717775660734,127.011167102297
202111,4호선,동대문역사문화공원,82519,74431,156950,37.5655895229776,127.009131498424
202111,4호선,동작,10802,11336,22138,37.5028703671011,126.980268385443
202111,4호선,명동,112025,121971,233996,37.5609100751113,126.985947030389
202111,4호선,미아,74895,70344,145239,37.6264436445109,127.026103434413
202111,4호선,미아사거리,154249,146760,301009,37.6132861094991,127.030098418544
202111,4호선,반월,24087,23008,47095,37.3120043860232,126.903795028845
202111,4호선,범계,142431,140182,282613,37.38973437119,126.950983854413
202111,4호선,사당,151532,137433,288965,37.4765228347619,126.981408909449
202111,4호선,산본,86336,92045,178381,37.3581051591978,126.933175158373
202111,4호선,삼각지,24766,33132,57898,37.5345937063675,126.973011032988
202111,4호선,상계,97760,89835,187595,37.6609038887184,127.073575379339
202111,4호선,상록수,89692,88208,177900,37.3029804927532,126.865417356052
202111,4호선,서울,41462,106073,147535,37.549118478341,126.970484281315
202111,4호선,선바위,39587,34763,74350,37.4518723418033,127.001363325574
202111,4호선,성신여대입구,117975,112831,230806,37.5927179261346,127.016477649743
202111,4호선,수리산,20436,19251,39687,37.350128811081,126.92549018064
202111,4호선,수유,185101,180189,365290,37.6377452337445,127.025356901379
202111,4호선,숙대입구,69402,66167,135569,37.5451939759064,126.971872351838
202111,4호선,신길온천,10634,10056,20690,37.3279773719144,126.787289454372
202111,4호선,신용산,76081,80280,156361,37.5296155628471,126.968215931799
202111,4호선,쌍문,149838,133519,283357,37.6488498649136,127.034880717215
202111,4호선,안산,77224,75255,152479,37.3206930878552,126.805905689102
202111,4호선,오이도,55698,55290,110988,37.3619270024133,126.738463594077
202111,4호선,이촌,45363,49755,95118,37.522520254623,126.973683151228
202111,4호선,인덕원,117000,115278,232278,37.4015080484355,126.976688773261
202111,4호선,정부과천청사,42891,42986,85877,37.4259969407168,126.990186147038
202111,4호선,정왕,48761,51111,99872,37.3375787569365,126.767149151692
202111,4호선,중앙,111753,116354,228107,37.3160120851693,126.838496502051
202111,4호선,창동,138063,144143,282206,37.6532174818989,127.047714954434
202111,4호선,초지,24033,23528,47561,37.3206930878552,126.805905689102
202111,4호선,총신대입구,98343,107686,206029,37.4875538278198,126.982199707405
202111,4호선,충무로,99366,102334,201700,37.5612890978954,126.994207448462
202111,4호선,평촌,66793,64838,131631,37.3944955073661,126.963866284332
202111,4호선,한대앞,52776,51270,104046,37.310138887688,126.853604115068
202111,4호선,한성대입구,76383,74647,151030,37.5883948842004,127.00595033342
202111,4호선,혜화,221350,229892,451242,37.5818036223189,127.001978401429
202111,4호선,회현,106803,114338,221141,37.5585353196435,126.978239147279
202112,4호선,경마공원,58870,58950,117820,37.4441407439838,127.008051189437
202112,4호선,고잔,39287,38268,77555,37.310138887688,126.853604115068
202112,4호선,과천,27077,25622,52699,37.4334527847941,126.997456834042
202112,4호선,길음,85875,83575,169450,37.603183910563,127.024823216768
202112,4호선,남태령,6072,4192,10264,37.4648575576518,126.988656544337
202112,4호선,노원,99910,109836,209746,37.6562677764281,127.063030448739
202112,4호선,당고개,61456,58225,119681,37.6702926448965,127.079011159467
202112,4호선,대공원,20610,21505,42115,37.4357353154423,127.005564107175
202112,4호선,대야미,23171,20651,43822,37.3283278084294,126.917178861076
202112,4호선,동대문,68829,71642,140471,37.5717775660734,127.011167102297
202112,4호선,동대문역사문화공원,78424,69688,148112,37.5655895229776,127.009131498424
202112,4호선,동작,6338,6944,13282,37.5028703671011,126.980268385443
202112,4호선,명동,139321,151225,290546,37.5609100751113,126.985947030389
202112,4호선,미아,66055,63435,129490,37.6264436445109,127.026103434413
202112,4호선,미아사거리,136824,131178,268002,37.6132861094991,127.030098418544
202112,4호선,반월,20605,19676,40281,37.3120043860232,126.903795028845
202112,4호선,범계,125981,121594,247575,37.38973437119,126.950983854413
202112,4호선,사당,127451,114363,241814,37.4765228347619,126.981408909449
202112,4호선,산본,74241,75340,149581,37.3581051591978,126.933175158373
202112,4호선,삼각지,21084,27356,48440,37.5345937063675,126.973011032988
202112,4호선,상계,85186,80110,165296,37.6609038887184,127.073575379339
202112,4호선,상록수,76617,76858,153475,37.3029804927532,126.865417356052
202112,4호선,서울,35700,86529,122229,37.549118478341,126.970484281315
202112,4호선,선바위,31419,28354,59773,37.4518723418033,127.001363325574
202112,4호선,성신여대입구,107593,102574,210167,37.5927179261346,127.016477649743
202112,4호선,수리산,17160,15652,32812,37.350128811081,126.92549018064
202112,4호선,수유,167350,164690,332040,37.6377452337445,127.025356901379
202112,4호선,숙대입구,58060,56015,114075,37.5451939759064,126.971872351838
202112,4호선,신길온천,8969,8550,17519,37.3279773719144,126.787289454372
202112,4호선,신용산,68581,71394,139975,37.5296155628471,126.968215931799
202112,4호선,쌍문,132781,120602,253383,37.6488498649136,127.034880717215
202112,4호선,안산,66588,65492,132080,37.3206930878552,126.805905689102
202112,4호선,오이도,46913,47484,94397,37.3619270024133,126.738463594077
202112,4호선,이촌,36379,39660,76039,37.522520254623,126.973683151228
202112,4호선,인덕원,98199,99781,197980,37.4015080484355,126.976688773261
202112,4호선,정부과천청사,35842,35928,71770,37.4259969407168,126.990186147038
202112,4호선,정왕,41946,44233,86179,37.3375787569365,126.767149151692
202112,4호선,중앙,99678,101694,201372,37.3160120851693,126.838496502051
202112,4호선,창동,121975,128993,250968,37.6532174818989,127.047714954434
202112,4호선,초지,20288,20128,40416,37.3206930878552,126.805905689102
202112,4호선,총신대입구,85226,93356,178582,37.4875538278198,126.982199707405
202112,4호선,충무로,77480,80175,157655,37.5612890978954,126.994207448462
202112,4호선,평촌,56098,55129,111227,37.3944955073661,126.963866284332
202112,4호선,한대앞,44135,44265,88400,37.310138887688,126.853604115068
202112,4호선,한성대입구,64959,64109,129068,37.5883948842004,127.00595033342
202112,4호선,혜화,186802,191861,378663,37.5818036223189,127.001978401429
202112,4호선,회현,123795,126695,250490,37.5585353196435,126.978239147279
202101,5호선,강동,79208,76041,155249,37.5355205088294,127.133529582127
202101,5호선,개롱,25210,26740,51950,37.4978146566399,127.135158595127
202101,5호선,개화산,22421,22976,45397,37.572270024754,126.806001672732
202101,5호선,거여,31095,30481,61576,37.4932073280335,127.144032331306
202101,5호선,고덕,34689,33989,68678,37.5550473189056,127.15394941502
202101,5호선,공덕,38313,39832,78145,37.5428436189268,126.95133595616
202101,5호선,광나루,57004,55035,112039,37.5452786641598,127.103686533578
202101,5호선,광화문,77687,76445,154132,37.5716228232824,126.976787992565
202101,5호선,군자,50222,55341,105563,37.5573631939521,127.079017279019
202101,5호선,굽은다리,42684,40660,83344,37.5457314720664,127.142970847846
202101,5호선,길동,36641,38569,75210,37.5378115570072,127.13999920444
202101,5호선,김포공항,48620,46502,95122,37.562313207852,126.801278424065
202101,5호선,까치산,130717,128982,259699,37.5319560847746,126.846611592059
202101,5호선,답십리,62361,58424,120785,37.5664458277827,127.05318095956
202101,5호선,동대문역사문화공원,6315,7714,14029,37.5655895229776,127.009131498424
202101,5호선,둔촌동,37323,37611,74934,37.5276413733277,127.136190298465
202101,5호선,마곡,27282,27026,54308,37.5601984535897,126.825547992125
202101,5호선,마장,24841,24353,49194,37.5662827804848,127.043163438528
202101,5호선,마천,27521,28830,56351,37.4946706182588,127.152320621872
202101,5호선,마포,40929,41592,82521,37.5395837885645,126.945920370023
202101,5호선,명일,34256,34781,69037,37.5512602756216,127.144000929119
202101,5호선,목동,65300,67642,132942,37.52619868083,126.864742584692
202101,5호선,미사,58763,58437,117200,37.5631031857702,127.19269715129
202101,5호선,발산,68070,70860,138930,37.5590292668195,126.837310771961
202101,5호선,방이,30039,29449,59488,37.5085564458698,127.125854699016
202101,5호선,방화,29598,28802,58400,37.5770031079469,126.81262993382
202101,5호선,상일동,60149,56746,116895,37.5566643781876,127.165829221931
202101,5호선,서대문,39945,39284,79229,37.565856271913,126.966637398787
202101,5호선,송정,30732,30706,61438,37.5614775483136,126.811055407613
202101,5호선,신금호,25135,26106,51241,37.5545324884294,127.020064146247
202101,5호선,신길,14799,16869,31668,37.5176677017212,126.914336937521
202101,5호선,신정,54164,47542,101706,37.5252107928783,126.857290392028
202101,5호선,아차산,77132,77907,155039,37.5524011361136,127.08937059931
202101,5호선,애오개,22508,22694,45202,37.5533624029594,126.95661326016
202101,5호선,양평,22045,22372,44417,37.5255116853806,126.886865676125
202101,5호선,여의나루,26200,25995,52195,37.5270851610199,126.932863954929
202101,5호선,여의도,46352,49279,95631,37.5218423045786,126.924484687694
202101,5호선,영등포구청,11687,11606,23293,37.5256996614804,126.896626898379
202101,5호선,영등포시장,39241,41075,80316,37.5227345248969,126.904959169819
202101,5호선,오금,13011,12319,25330,37.5022659793733,127.127879247544
202101,5호선,오목교,98782,102106,200888,37.5244500703802,126.875354626254
202101,5호선,올림픽공원,16589,14850,31439,37.5160876492782,127.130600140827
202101,5호선,왕십리,20697,23599,44296,37.5612217415191,127.036655378283
202101,5호선,우장산,55361,56611,111972,37.5490001953873,126.836408931785
202101,5호선,을지로4가,15911,16797,32708,37.5666369941572,126.997852780281
202101,5호선,장한평,63493,63727,127220,37.5615026802954,127.064421108758
202101,5호선,종로3가,54517,52399,106916,37.5704266025836,126.99202930223
202101,5호선,천호,103593,98114,201707,37.5385789820645,127.123742434482
202101,5호선,청구,15443,14360,29803,37.5602939125022,127.013806006802
202101,5호선,충정로,11617,11586,23203,37.5598377952439,126.964474043785
202101,5호선,하남풍산,21591,23542,45133,37.5520576727898,127.203870649661
202101,5호선,행당,33402,29915,63317,37.5572784369263,127.029232035475
202101,5호선,화곡,118946,112717,231663,37.5414336176977,126.840496450153
202102,5호선,강동,73323,70520,143843,37.5355205088294,127.133529582127
202102,5호선,개롱,24442,25893,50335,37.4978146566399,127.135158595127
202102,5호선,개화산,21592,21859,43451,37.572270024754,126.806001672732
202102,5호선,거여,29868,28943,58811,37.4932073280335,127.144032331306
202102,5호선,고덕,33190,32454,65644,37.5550473189056,127.15394941502
202102,5호선,공덕,37508,39208,76716,37.5428436189268,126.95133595616
202102,5호선,광나루,58048,56467,114515,37.5452786641598,127.103686533578
202102,5호선,광화문,86517,85840,172357,37.5716228232824,126.976787992565
202102,5호선,군자,47629,53072,100701,37.5573631939521,127.079017279019
202102,5호선,굽은다리,40603,37828,78431,37.5457314720664,127.142970847846
202102,5호선,길동,33017,34022,67039,37.5378115570072,127.13999920444
202102,5호선,김포공항,51095,48685,99780,37.562313207852,126.801278424065
202102,5호선,까치산,123581,121876,245457,37.5319560847746,126.846611592059
202102,5호선,답십리,58086,54191,112277,37.5664458277827,127.05318095956
202102,5호선,동대문역사문화공원,5504,6672,12176,37.5655895229776,127.009131498424
202102,5호선,둔촌동,35536,36012,71548,37.5276413733277,127.136190298465
202102,5호선,마곡,26240,26544,52784,37.5601984535897,126.825547992125
202102,5호선,마장,23278,22417,45695,37.5662827804848,127.043163438528
202102,5호선,마천,26080,27515,53595,37.4946706182588,127.152320621872
202102,5호선,마포,39363,40114,79477,37.5395837885645,126.945920370023
202102,5호선,명일,34552,34374,68926,37.5512602756216,127.144000929119
202102,5호선,목동,62741,64043,126784,37.52619868083,126.864742584692
202102,5호선,미사,56625,56398,113023,37.5631031857702,127.19269715129
202102,5호선,발산,68426,72154,140580,37.5590292668195,126.837310771961
202102,5호선,방이,28545,27913,56458,37.5085564458698,127.125854699016
202102,5호선,방화,28144,27260,55404,37.5770031079469,126.81262993382
202102,5호선,상일동,59296,55500,114796,37.5566643781876,127.165829221931
202102,5호선,서대문,37955,37648,75603,37.565856271913,126.966637398787
202102,5호선,송정,29188,28804,57992,37.5614775483136,126.811055407613
202102,5호선,신금호,23666,24988,48654,37.5545324884294,127.020064146247
202102,5호선,신길,14204,16023,30227,37.5176677017212,126.914336937521
202102,5호선,신정,50933,44841,95774,37.5252107928783,126.857290392028
202102,5호선,아차산,77385,77841,155226,37.5524011361136,127.08937059931
202102,5호선,애오개,21263,21302,42565,37.5533624029594,126.95661326016
202102,5호선,양평,20381,20553,40934,37.5255116853806,126.886865676125
202102,5호선,여의나루,61643,68571,130214,37.5270851610199,126.932863954929
202102,5호선,여의도,60547,60863,121410,37.5218423045786,126.924484687694
202102,5호선,영등포구청,11070,10990,22060,37.5256996614804,126.896626898379
202102,5호선,영등포시장,37583,40132,77715,37.5227345248969,126.904959169819
202102,5호선,오금,12812,11889,24701,37.5022659793733,127.127879247544
202102,5호선,오목교,95679,99368,195047,37.5244500703802,126.875354626254
202102,5호선,올림픽공원,16362,14621,30983,37.5160876492782,127.130600140827
202102,5호선,왕십리,19615,22933,42548,37.5612217415191,127.036655378283
202102,5호선,우장산,53167,53853,107020,37.5490001953873,126.836408931785
202102,5호선,을지로4가,15474,16811,32285,37.5666369941572,126.997852780281
202102,5호선,장한평,59216,58688,117904,37.5615026802954,127.064421108758
202102,5호선,종로3가,65964,65041,131005,37.5704266025836,126.99202930223
202102,5호선,천호,97857,92951,190808,37.5385789820645,127.123742434482
202102,5호선,청구,14635,13553,28188,37.5602939125022,127.013806006802
202102,5호선,충정로,11294,11035,22329,37.5598377952439,126.964474043785
202102,5호선,하남풍산,21682,23137,44819,37.5520576727898,127.203870649661
202102,5호선,행당,31725,27938,59663,37.5572784369263,127.029232035475
202102,5호선,화곡,113261,107045,220306,37.5414336176977,126.840496450153
202103,5호선,강동,83747,80185,163932,37.5355205088294,127.133529582127
202103,5호선,강일,4263,4321,8584,37.5575265973614,127.175938009116
202103,5호선,개롱,27522,29311,56833,37.4978146566399,127.135158595127
202103,5호선,개화산,23588,23829,47417,37.572270024754,126.806001672732
202103,5호선,거여,34350,33585,67935,37.4932073280335,127.144032331306
202103,5호선,고덕,38324,37594,75918,37.5550473189056,127.15394941502
202103,5호선,공덕,43917,45534,89451,37.5428436189268,126.95133595616
202103,5호선,광나루,63375,61306,124681,37.5452786641598,127.103686533578
202103,5호선,광화문,93761,93154,186915,37.5716228232824,126.976787992565
202103,5호선,군자,53192,58670,111862,37.5573631939521,127.079017279019
202103,5호선,굽은다리,45442,42506,87948,37.5457314720664,127.142970847846
202103,5호선,길동,37133,38306,75439,37.5378115570072,127.13999920444
202103,5호선,김포공항,52977,52873,105850,37.562313207852,126.801278424065
202103,5호선,까치산,136070,132261,268331,37.5319560847746,126.846611592059
202103,5호선,답십리,65349,60481,125830,37.5664458277827,127.05318095956
202103,5호선,동대문역사문화공원,6184,7515,13699,37.5655895229776,127.009131498424
202103,5호선,둔촌동,40153,40251,80404,37.5276413733277,127.136190298465
202103,5호선,마곡,30595,31089,61684,37.5601984535897,126.825547992125
202103,5호선,마장,24889,23811,48700,37.5662827804848,127.043163438528
202103,5호선,마천,28464,29992,58456,37.4946706182588,127.152320621872
202103,5호선,마포,45214,45263,90477,37.5395837885645,126.945920370023
202103,5호선,명일,38210,38219,76429,37.5512602756216,127.144000929119
202103,5호선,목동,70755,72209,142964,37.52619868083,126.864742584692
202103,5호선,미사,65180,64427,129607,37.5631031857702,127.19269715129
202103,5호선,발산,81837,84903,166740,37.5590292668195,126.837310771961
202103,5호선,방이,33784,33070,66854,37.5085564458698,127.125854699016
202103,5호선,방화,30829,29784,60613,37.5770031079469,126.81262993382
202103,5호선,상일동,65888,62420,128308,37.5566643781876,127.165829221931
202103,5호선,서대문,43343,42076,85419,37.565856271913,126.966637398787
202103,5호선,송정,32831,32174,65005,37.5614775483136,126.811055407613
202103,5호선,신금호,25621,26575,52196,37.5545324884294,127.020064146247
202103,5호선,신길,16365,18060,34425,37.5176677017212,126.914336937521
202103,5호선,신정,57344,50201,107545,37.5252107928783,126.857290392028
202103,5호선,아차산,84166,83712,167878,37.5524011361136,127.08937059931
202103,5호선,애오개,24260,23923,48183,37.5533624029594,126.95661326016
202103,5호선,양평,23403,23222,46625,37.5255116853806,126.886865676125
202103,5호선,여의나루,78694,101884,180578,37.5270851610199,126.932863954929
202103,5호선,여의도,90287,84949,175236,37.5218423045786,126.924484687694
202103,5호선,영등포구청,12809,12315,25124,37.5256996614804,126.896626898379
202103,5호선,영등포시장,43370,45674,89044,37.5227345248969,126.904959169819
202103,5호선,오금,14503,13224,27727,37.5022659793733,127.127879247544
202103,5호선,오목교,106255,109109,215364,37.5244500703802,126.875354626254
202103,5호선,올림픽공원,18000,16127,34127,37.5160876492782,127.130600140827
202103,5호선,왕십리,22155,24924,47079,37.5612217415191,127.036655378283
202103,5호선,우장산,59682,60687,120369,37.5490001953873,126.836408931785
202103,5호선,을지로4가,17728,19307,37035,37.5666369941572,126.997852780281
202103,5호선,장한평,67011,66425,133436,37.5615026802954,127.064421108758
202103,5호선,종로3가,75888,72270,148158,37.5704266025836,126.99202930223
202103,5호선,천호,108086,101848,209934,37.5385789820645,127.123742434482
202103,5호선,청구,16404,15425,31829,37.5602939125022,127.013806006802
202103,5호선,충정로,13481,12888,26369,37.5598377952439,126.964474043785
202103,5호선,하남검단산,11536,11717,23253,37.5397591397808,127.22344448627
202103,5호선,하남시청,7994,7907,15901,37.5419015378666,127.206464400472
202103,5호선,하남풍산,22520,23789,46309,37.5520576727898,127.203870649661
202103,5호선,행당,35575,31880,67455,37.5572784369263,127.029232035475
202103,5호선,화곡,126005,117874,243879,37.5414336176977,126.840496450153
202104,5호선,강동,80915,79013,159928,37.5355205088294,127.133529582127
202104,5호선,강일,15302,14723,30025,37.5575265973614,127.175938009116
202104,5호선,개롱,28290,30216,58506,37.4978146566399,127.135158595127
202104,5호선,개화산,24064,24625,48689,37.572270024754,126.806001672732
202104,5호선,거여,34547,33676,68223,37.4932073280335,127.144032331306
202104,5호선,고덕,38653,37937,76590,37.5550473189056,127.15394941502
202104,5호선,공덕,43944,45131,89075,37.5428436189268,126.95133595616
202104,5호선,광나루,64996,62723,127719,37.5452786641598,127.103686533578
202104,5호선,광화문,88276,88268,176544,37.5716228232824,126.976787992565
202104,5호선,군자,54199,58901,113100,37.5573631939521,127.079017279019
202104,5호선,굽은다리,45733,43163,88896,37.5457314720664,127.142970847846
202104,5호선,길동,38310,39486,77796,37.5378115570072,127.13999920444
202104,5호선,김포공항,54283,53547,107830,37.562313207852,126.801278424065
202104,5호선,까치산,138372,134908,273280,37.5319560847746,126.846611592059
202104,5호선,답십리,65026,60818,125844,37.5664458277827,127.05318095956
202104,5호선,동대문역사문화공원,6002,7740,13742,37.5655895229776,127.009131498424
202104,5호선,둔촌동,40182,40391,80573,37.5276413733277,127.136190298465
202104,5호선,마곡,31987,32443,64430,37.5601984535897,126.825547992125
202104,5호선,마장,25622,24534,50156,37.5662827804848,127.043163438528
202104,5호선,마천,29608,31229,60837,37.4946706182588,127.152320621872
202104,5호선,마포,45002,45107,90109,37.5395837885645,126.945920370023
202104,5호선,명일,41258,41321,82579,37.5512602756216,127.144000929119
202104,5호선,목동,70703,72472,143175,37.52619868083,126.864742584692
202104,5호선,미사,71821,71609,143430,37.5631031857702,127.19269715129
202104,5호선,발산,82586,86233,168819,37.5590292668195,126.837310771961
202104,5호선,방이,33639,32584,66223,37.5085564458698,127.125854699016
202104,5호선,방화,31162,30103,61265,37.5770031079469,126.81262993382
202104,5호선,상일동,61861,58941,120802,37.5566643781876,127.165829221931
202104,5호선,서대문,43818,42278,86096,37.565856271913,126.966637398787
202104,5호선,송정,33442,33149,66591,37.5614775483136,126.811055407613
202104,5호선,신금호,26338,27227,53565,37.5545324884294,127.020064146247
202104,5호선,신길,16708,18049,34757,37.5176677017212,126.914336937521
202104,5호선,신정,57660,50178,107838,37.5252107928783,126.857290392028
202104,5호선,아차산,93778,93925,187703,37.5524011361136,127.08937059931
202104,5호선,애오개,24120,24089,48209,37.5533624029594,126.95661326016
202104,5호선,양평,23603,23204,46807,37.5255116853806,126.886865676125
202104,5호선,여의나루,105488,119257,224745,37.5270851610199,126.932863954929
202104,5호선,여의도,80529,80489,161018,37.5218423045786,126.924484687694
202104,5호선,영등포구청,12615,12291,24906,37.5256996614804,126.896626898379
202104,5호선,영등포시장,43304,45625,88929,37.5227345248969,126.904959169819
202104,5호선,오금,15307,14006,29313,37.5022659793733,127.127879247544
202104,5호선,오목교,105366,108743,214109,37.5244500703802,126.875354626254
202104,5호선,올림픽공원,19483,17829,37312,37.5160876492782,127.130600140827
202104,5호선,왕십리,22452,25116,47568,37.5612217415191,127.036655378283
202104,5호선,우장산,60332,61223,121555,37.5490001953873,126.836408931785
202104,5호선,을지로4가,17749,19089,36838,37.5666369941572,126.997852780281
202104,5호선,장한평,67413,66757,134170,37.5615026802954,127.064421108758
202104,5호선,종로3가,72491,71547,144038,37.5704266025836,126.99202930223
202104,5호선,천호,108161,101137,209298,37.5385789820645,127.123742434482
202104,5호선,청구,16332,14760,31092,37.5602939125022,127.013806006802
202104,5호선,충정로,13151,12673,25824,37.5598377952439,126.964474043785
202104,5호선,하남검단산,38918,39694,78612,37.5397591397808,127.22344448627
202104,5호선,하남시청,29409,28385,57794,37.5419015378666,127.206464400472
202104,5호선,하남풍산,18888,18863,37751,37.5520576727898,127.203870649661
202104,5호선,행당,36580,32474,69054,37.5572784369263,127.029232035475
202104,5호선,화곡,127957,119580,247537,37.5414336176977,126.840496450153
202105,5호선,강동,98470,95649,194119,37.5355205088294,127.133529582127
202105,5호선,강일,18775,18126,36901,37.5575265973614,127.175938009116
202105,5호선,개롱,34184,36674,70858,37.4978146566399,127.135158595127
202105,5호선,개화산,30071,30430,60501,37.572270024754,126.806001672732
202105,5호선,거여,42137,40890,83027,37.4932073280335,127.144032331306
202105,5호선,고덕,47872,47467,95339,37.5550473189056,127.15394941502
202105,5호선,공덕,54163,54922,109085,37.5428436189268,126.95133595616
202105,5호선,광나루,80848,78085,158933,37.5452786641598,127.103686533578
202105,5호선,광화문,113689,115215,228904,37.5716228232824,126.976787992565
202105,5호선,군자,66646,73245,139891,37.5573631939521,127.079017279019
202105,5호선,굽은다리,57056,53987,111043,37.5457314720664,127.142970847846
202105,5호선,길동,47065,48178,95243,37.5378115570072,127.13999920444
202105,5호선,김포공항,69061,65647,134708,37.562313207852,126.801278424065
202105,5호선,까치산,170872,166007,336879,37.5319560847746,126.846611592059
202105,5호선,답십리,81545,75587,157132,37.5664458277827,127.05318095956
202105,5호선,동대문역사문화공원,7625,9449,17074,37.5655895229776,127.009131498424
202105,5호선,둔촌동,50842,51482,102324,37.5276413733277,127.136190298465
202105,5호선,마곡,40793,41718,82511,37.5601984535897,126.825547992125
202105,5호선,마장,31176,30112,61288,37.5662827804848,127.043163438528
202105,5호선,마천,36847,38549,75396,37.4946706182588,127.152320621872
202105,5호선,마포,56530,56122,112652,37.5395837885645,126.945920370023
202105,5호선,명일,50291,50575,100866,37.5512602756216,127.144000929119
202105,5호선,목동,88566,90948,179514,37.52619868083,126.864742584692
202105,5호선,미사,87766,87080,174846,37.5631031857702,127.19269715129
202105,5호선,발산,103377,108877,212254,37.5590292668195,126.837310771961
202105,5호선,방이,42591,41436,84027,37.5085564458698,127.125854699016
202105,5호선,방화,39416,38071,77487,37.5770031079469,126.81262993382
202105,5호선,상일동,77527,73947,151474,37.5566643781876,127.165829221931
202105,5호선,서대문,55948,54582,110530,37.565856271913,126.966637398787
202105,5호선,송정,41312,41148,82460,37.5614775483136,126.811055407613
202105,5호선,신금호,32760,34247,67007,37.5545324884294,127.020064146247
202105,5호선,신길,20005,21818,41823,37.5176677017212,126.914336937521
202105,5호선,신정,71347,63047,134394,37.5252107928783,126.857290392028
202105,5호선,아차산,112607,111530,224137,37.5524011361136,127.08937059931
202105,5호선,애오개,29838,29852,59690,37.5533624029594,126.95661326016
202105,5호선,양평,29210,28893,58103,37.5255116853806,126.886865676125
202105,5호선,여의나루,108478,128456,236934,37.5270851610199,126.932863954929
202105,5호선,여의도,97549,95304,192853,37.5218423045786,126.924484687694
202105,5호선,영등포구청,15429,15164,30593,37.5256996614804,126.896626898379
202105,5호선,영등포시장,52516,56021,108537,37.5227345248969,126.904959169819
202105,5호선,오금,18026,16801,34827,37.5022659793733,127.127879247544
202105,5호선,오목교,132925,136468,269393,37.5244500703802,126.875354626254
202105,5호선,올림픽공원,24584,22025,46609,37.5160876492782,127.130600140827
202105,5호선,왕십리,27202,31062,58264,37.5612217415191,127.036655378283
202105,5호선,우장산,75796,76958,152754,37.5490001953873,126.836408931785
202105,5호선,을지로4가,21773,24004,45777,37.5666369941572,126.997852780281
202105,5호선,장한평,84715,83938,168653,37.5615026802954,127.064421108758
202105,5호선,종로3가,94142,90863,185005,37.5704266025836,126.99202930223
202105,5호선,천호,134609,125363,259972,37.5385789820645,127.123742434482
202105,5호선,청구,20040,17931,37971,37.5602939125022,127.013806006802
202105,5호선,충정로,16023,15478,31501,37.5598377952439,126.964474043785
202105,5호선,하남검단산,42987,43678,86665,37.5397591397808,127.22344448627
202105,5호선,하남시청,35520,34744,70264,37.5419015378666,127.206464400472
202105,5호선,하남풍산,22348,22510,44858,37.5520576727898,127.203870649661
202105,5호선,행당,44836,40303,85139,37.5572784369263,127.029232035475
202105,5호선,화곡,158193,148298,306491,37.5414336176977,126.840496450153
202106,5호선,강동,81068,78093,159161,37.5355205088294,127.133529582127
202106,5호선,강일,15984,15260,31244,37.5575265973614,127.175938009116
202106,5호선,개롱,28662,30714,59376,37.4978146566399,127.135158595127
202106,5호선,개화산,24954,25195,50149,37.572270024754,126.806001672732
202106,5호선,거여,35864,34510,70374,37.4932073280335,127.144032331306
202106,5호선,고덕,39736,39546,79282,37.5550473189056,127.15394941502
202106,5호선,공덕,43259,44453,87712,37.5428436189268,126.95133595616
202106,5호선,광나루,67229,65296,132525,37.5452786641598,127.103686533578
202106,5호선,광화문,91670,94193,185863,37.5716228232824,126.976787992565
202106,5호선,군자,54564,59487,114051,37.5573631939521,127.079017279019
202106,5호선,굽은다리,47717,44990,92707,37.5457314720664,127.142970847846
202106,5호선,길동,38442,38863,77305,37.5378115570072,127.13999920444
202106,5호선,김포공항,56613,55157,111770,37.562313207852,126.801278424065
202106,5호선,까치산,140429,134942,275371,37.5319560847746,126.846611592059
202106,5호선,답십리,66452,60855,127307,37.5664458277827,127.05318095956
202106,5호선,동대문역사문화공원,6319,8122,14441,37.5655895229776,127.009131498424
202106,5호선,둔촌동,41772,42214,83986,37.5276413733277,127.136190298465
202106,5호선,마곡,32908,33429,66337,37.5601984535897,126.825547992125
202106,5호선,마장,25864,24319,50183,37.5662827804848,127.043163438528
202106,5호선,마천,30889,32547,63436,37.4946706182588,127.152320621872
202106,5호선,마포,44382,44538,88920,37.5395837885645,126.945920370023
202106,5호선,명일,41150,41110,82260,37.5512602756216,127.144000929119
202106,5호선,목동,75704,76799,152503,37.52619868083,126.864742584692
202106,5호선,미사,74050,73580,147630,37.5631031857702,127.19269715129
202106,5호선,발산,83652,89297,172949,37.5590292668195,126.837310771961
202106,5호선,방이,35869,34043,69912,37.5085564458698,127.125854699016
202106,5호선,방화,32057,30794,62851,37.5770031079469,126.81262993382
202106,5호선,상일동,63629,59656,123285,37.5566643781876,127.165829221931
202106,5호선,서대문,48782,47968,96750,37.565856271913,126.966637398787
202106,5호선,송정,33562,33033,66595,37.5614775483136,126.811055407613
202106,5호선,신금호,27026,27986,55012,37.5545324884294,127.020064146247
202106,5호선,신길,16685,17739,34424,37.5176677017212,126.914336937521
202106,5호선,신정,58376,50847,109223,37.5252107928783,126.857290392028
202106,5호선,아차산,87454,84640,172094,37.5524011361136,127.08937059931
202106,5호선,애오개,24480,24031,48511,37.5533624029594,126.95661326016
202106,5호선,양평,24154,23647,47801,37.5255116853806,126.886865676125
202106,5호선,여의나루,92308,103536,195844,37.5270851610199,126.932863954929
202106,5호선,여의도,75070,79759,154829,37.5218423045786,126.924484687694
202106,5호선,영등포구청,12769,12358,25127,37.5256996614804,126.896626898379
202106,5호선,영등포시장,43271,45767,89038,37.5227345248969,126.904959169819
202106,5호선,오금,14358,13397,27755,37.5022659793733,127.127879247544
202106,5호선,오목교,106688,110256,216944,37.5244500703802,126.875354626254
202106,5호선,올림픽공원,21476,20401,41877,37.5160876492782,127.130600140827
202106,5호선,왕십리,22707,25782,48489,37.5612217415191,127.036655378283
202106,5호선,우장산,62489,62527,125016,37.5490001953873,126.836408931785
202106,5호선,을지로4가,18965,20954,39919,37.5666369941572,126.997852780281
202106,5호선,장한평,70569,68964,139533,37.5615026802954,127.064421108758
202106,5호선,종로3가,77974,77110,155084,37.5704266025836,126.99202930223
202106,5호선,천호,109674,103610,213284,37.5385789820645,127.123742434482
202106,5호선,청구,16641,15366,32007,37.5602939125022,127.013806006802
202106,5호선,충정로,13329,12978,26307,37.5598377952439,126.964474043785
202106,5호선,하남검단산,36358,36954,73312,37.5397591397808,127.22344448627
202106,5호선,하남시청,29897,29086,58983,37.5419015378666,127.206464400472
202106,5호선,하남풍산,18432,18890,37322,37.5520576727898,127.203870649661
202106,5호선,행당,37475,33328,70803,37.5572784369263,127.029232035475
202106,5호선,화곡,131054,122247,253301,37.5414336176977,126.840496450153
202107,5호선,강동,74932,72971,147903,37.5355205088294,127.133529582127
202107,5호선,강일,13812,13401,27213,37.5575265973614,127.175938009116
202107,5호선,개롱,27042,28733,55775,37.4978146566399,127.135158595127
202107,5호선,개화산,23456,23366,46822,37.572270024754,126.806001672732
202107,5호선,거여,34261,33195,67456,37.4932073280335,127.144032331306
202107,5호선,고덕,37166,36891,74057,37.5550473189056,127.15394941502
202107,5호선,공덕,39690,40433,80123,37.5428436189268,126.95133595616
202107,5호선,광나루,60013,57140,117153,37.5452786641598,127.103686533578
202107,5호선,광화문,81451,84771,166222,37.5716228232824,126.976787992565
202107,5호선,군자,50976,56608,107584,37.5573631939521,127.079017279019
202107,5호선,굽은다리,46604,44041,90645,37.5457314720664,127.142970847846
202107,5호선,길동,37980,39142,77122,37.5378115570072,127.13999920444
202107,5호선,김포공항,55802,54172,109974,37.562313207852,126.801278424065
202107,5호선,까치산,132748,129778,262526,37.5319560847746,126.846611592059
202107,5호선,답십리,63087,58022,121109,37.5664458277827,127.05318095956
202107,5호선,동대문역사문화공원,6118,7296,13414,37.5655895229776,127.009131498424
202107,5호선,둔촌동,39766,39901,79667,37.5276413733277,127.136190298465
202107,5호선,마곡,31808,32429,64237,37.5601984535897,126.825547992125
202107,5호선,마장,23918,22476,46394,37.5662827804848,127.043163438528
202107,5호선,마천,28329,29307,57636,37.4946706182588,127.152320621872
202107,5호선,마포,42464,42120,84584,37.5395837885645,126.945920370023
202107,5호선,명일,36560,37012,73572,37.5512602756216,127.144000929119
202107,5호선,목동,67753,68671,136424,37.52619868083,126.864742584692
202107,5호선,미사,67594,67770,135364,37.5631031857702,127.19269715129
202107,5호선,발산,75666,79477,155143,37.5590292668195,126.837310771961
202107,5호선,방이,31925,31404,63329,37.5085564458698,127.125854699016
202107,5호선,방화,30163,29787,59950,37.5770031079469,126.81262993382
202107,5호선,상일동,58706,55751,114457,37.5566643781876,127.165829221931
202107,5호선,서대문,40907,40009,80916,37.565856271913,126.966637398787
202107,5호선,송정,31746,31575,63321,37.5614775483136,126.811055407613
202107,5호선,신금호,24875,26202,51077,37.5545324884294,127.020064146247
202107,5호선,신길,15768,16702,32470,37.5176677017212,126.914336937521
202107,5호선,신정,54877,48703,103580,37.5252107928783,126.857290392028
202107,5호선,아차산,73853,71842,145695,37.5524011361136,127.08937059931
202107,5호선,애오개,22851,22369,45220,37.5533624029594,126.95661326016
202107,5호선,양평,22106,21730,43836,37.5255116853806,126.886865676125
202107,5호선,여의나루,42548,49893,92441,37.5270851610199,126.932863954929
202107,5호선,여의도,62301,64074,126375,37.5218423045786,126.924484687694
202107,5호선,영등포구청,11979,11518,23497,37.5256996614804,126.896626898379
202107,5호선,영등포시장,39882,40633,80515,37.5227345248969,126.904959169819
202107,5호선,오금,14196,13207,27403,37.5022659793733,127.127879247544
202107,5호선,오목교,100784,104374,205158,37.5244500703802,126.875354626254
202107,5호선,올림픽공원,21185,18188,39373,37.5160876492782,127.130600140827
202107,5호선,왕십리,21260,23989,45249,37.5612217415191,127.036655378283
202107,5호선,우장산,57164,58037,115201,37.5490001953873,126.836408931785
202107,5호선,을지로4가,17108,18493,35601,37.5666369941572,126.997852780281
202107,5호선,장한평,66564,66201,132765,37.5615026802954,127.064421108758
202107,5호선,종로3가,60241,59515,119756,37.5704266025836,126.99202930223
202107,5호선,천호,101818,96258,198076,37.5385789820645,127.123742434482
202107,5호선,청구,15689,14034,29723,37.5602939125022,127.013806006802
202107,5호선,충정로,12182,11734,23916,37.5598377952439,126.964474043785
202107,5호선,하남검단산,30472,30451,60923,37.5397591397808,127.22344448627
202107,5호선,하남시청,27406,26897,54303,37.5419015378666,127.206464400472
202107,5호선,하남풍산,16899,17793,34692,37.5520576727898,127.203870649661
202107,5호선,행당,33822,29857,63679,37.5572784369263,127.029232035475
202107,5호선,화곡,122040,114391,236431,37.5414336176977,126.840496450153
202108,5호선,강동,71549,70086,141635,37.5355205088294,127.133529582127
202108,5호선,강일,14169,13592,27761,37.5575265973614,127.175938009116
202108,5호선,개롱,25555,27647,53202,37.4978146566399,127.135158595127
202108,5호선,개화산,23272,23328,46600,37.572270024754,126.806001672732
202108,5호선,거여,33733,32679,66412,37.4932073280335,127.144032331306
202108,5호선,고덕,38084,37726,75810,37.5550473189056,127.15394941502
202108,5호선,공덕,37238,38474,75712,37.5428436189268,126.95133595616
202108,5호선,광나루,57751,55097,112848,37.5452786641598,127.103686533578
202108,5호선,광화문,78969,82211,161180,37.5716228232824,126.976787992565
202108,5호선,군자,49326,54154,103480,37.5573631939521,127.079017279019
202108,5호선,굽은다리,43520,40888,84408,37.5457314720664,127.142970847846
202108,5호선,길동,36430,37631,74061,37.5378115570072,127.13999920444
202108,5호선,김포공항,53423,50393,103816,37.562313207852,126.801278424065
202108,5호선,까치산,128923,125498,254421,37.5319560847746,126.846611592059
202108,5호선,답십리,60487,55697,116184,37.5664458277827,127.05318095956
202108,5호선,동대문역사문화공원,5787,7271,13058,37.5655895229776,127.009131498424
202108,5호선,둔촌동,37147,37447,74594,37.5276413733277,127.136190298465
202108,5호선,마곡,30801,31331,62132,37.5601984535897,126.825547992125
202108,5호선,마장,23571,22345,45916,37.5662827804848,127.043163438528
202108,5호선,마천,27396,28628,56024,37.4946706182588,127.152320621872
202108,5호선,마포,40784,40786,81570,37.5395837885645,126.945920370023
202108,5호선,명일,35413,35725,71138,37.5512602756216,127.144000929119
202108,5호선,목동,64871,66380,131251,37.52619868083,126.864742584692
202108,5호선,미사,68137,68660,136797,37.5631031857702,127.19269715129
202108,5호선,발산,71763,76130,147893,37.5590292668195,126.837310771961
202108,5호선,방이,31165,30383,61548,37.5085564458698,127.125854699016
202108,5호선,방화,29893,29004,58897,37.5770031079469,126.81262993382
202108,5호선,상일동,56658,54023,110681,37.5566643781876,127.165829221931
202108,5호선,서대문,41186,40054,81240,37.565856271913,126.966637398787
202108,5호선,송정,30696,30583,61279,37.5614775483136,126.811055407613
202108,5호선,신금호,24663,25929,50592,37.5545324884294,127.020064146247
202108,5호선,신길,14862,16244,31106,37.5176677017212,126.914336937521
202108,5호선,신정,53095,46891,99986,37.5252107928783,126.857290392028
202108,5호선,아차산,75356,73506,148862,37.5524011361136,127.08937059931
202108,5호선,애오개,21846,21584,43430,37.5533624029594,126.95661326016
202108,5호선,양평,21649,21377,43026,37.5255116853806,126.886865676125
202108,5호선,여의나루,56537,61290,117827,37.5270851610199,126.932863954929
202108,5호선,여의도,58668,62116,120784,37.5218423045786,126.924484687694
202108,5호선,영등포구청,11301,11148,22449,37.5256996614804,126.896626898379
202108,5호선,영등포시장,37402,38504,75906,37.5227345248969,126.904959169819
202108,5호선,오금,14201,13016,27217,37.5022659793733,127.127879247544
202108,5호선,오목교,96087,98933,195020,37.5244500703802,126.875354626254
202108,5호선,올림픽공원,17456,14991,32447,37.5160876492782,127.130600140827
202108,5호선,왕십리,20211,23462,43673,37.5612217415191,127.036655378283
202108,5호선,우장산,56786,57210,113996,37.5490001953873,126.836408931785
202108,5호선,을지로4가,16139,17467,33606,37.5666369941572,126.997852780281
202108,5호선,장한평,64678,64091,128769,37.5615026802954,127.064421108758
202108,5호선,종로3가,63675,64039,127714,37.5704266025836,126.99202930223
202108,5호선,천호,99104,93948,193052,37.5385789820645,127.123742434482
202108,5호선,청구,15059,13867,28926,37.5602939125022,127.013806006802
202108,5호선,충정로,11943,11582,23525,37.5598377952439,126.964474043785
202108,5호선,하남검단산,31181,31297,62478,37.5397591397808,127.22344448627
202108,5호선,하남시청,28083,27206,55289,37.5419015378666,127.206464400472
202108,5호선,하남풍산,16256,16759,33015,37.5520576727898,127.203870649661
202108,5호선,행당,33289,29107,62396,37.5572784369263,127.029232035475
202108,5호선,화곡,117954,110856,228810,37.5414336176977,126.840496450153
202109,5호선,강동,72407,69454,141861,37.5355205088294,127.133529582127
202109,5호선,강일,15887,15037,30924,37.5575265973614,127.175938009116
202109,5호선,개롱,26637,28438,55075,37.4978146566399,127.135158595127
202109,5호선,개화산,23722,23674,47396,37.572270024754,126.806001672732
202109,5호선,거여,34850,33427,68277,37.4932073280335,127.144032331306
202109,5호선,고덕,38457,37643,76100,37.5550473189056,127.15394941502
202109,5호선,공덕,39180,39357,78537,37.5428436189268,126.95133595616
202109,5호선,광나루,62266,61050,123316,37.5452786641598,127.103686533578
202109,5호선,광화문,86831,86966,173797,37.5716228232824,126.976787992565
202109,5호선,군자,49695,53328,103023,37.5573631939521,127.079017279019
202109,5호선,굽은다리,43445,40266,83711,37.5457314720664,127.142970847846
202109,5호선,길동,36650,37589,74239,37.5378115570072,127.13999920444
202109,5호선,김포공항,49086,47918,97004,37.562313207852,126.801278424065
202109,5호선,까치산,132006,125891,257897,37.5319560847746,126.846611592059
202109,5호선,답십리,61923,56147,118070,37.5664458277827,127.05318095956
202109,5호선,동대문역사문화공원,5613,7109,12722,37.5655895229776,127.009131498424
202109,5호선,둔촌동,38045,38283,76328,37.5276413733277,127.136190298465
202109,5호선,마곡,31630,31830,63460,37.5601984535897,126.825547992125
202109,5호선,마장,25826,24861,50687,37.5662827804848,127.043163438528
202109,5호선,마천,28749,29920,58669,37.4946706182588,127.152320621872
202109,5호선,마포,41373,41217,82590,37.5395837885645,126.945920370023
202109,5호선,명일,36743,36900,73643,37.5512602756216,127.144000929119
202109,5호선,목동,67305,67940,135245,37.52619868083,126.864742584692
202109,5호선,미사,70778,70282,141060,37.5631031857702,127.19269715129
202109,5호선,발산,75938,80581,156519,37.5590292668195,126.837310771961
202109,5호선,방이,32619,31416,64035,37.5085564458698,127.125854699016
202109,5호선,방화,29862,28744,58606,37.5770031079469,126.81262993382
202109,5호선,상일동,58237,54689,112926,37.5566643781876,127.165829221931
202109,5호선,서대문,42347,41729,84076,37.565856271913,126.966637398787
202109,5호선,송정,31570,30800,62370,37.5614775483136,126.811055407613
202109,5호선,신금호,25459,26561,52020,37.5545324884294,127.020064146247
202109,5호선,신길,14883,15884,30767,37.5176677017212,126.914336937521
202109,5호선,신정,54159,47325,101484,37.5252107928783,126.857290392028
202109,5호선,아차산,83953,81246,165199,37.5524011361136,127.08937059931
202109,5호선,애오개,21949,21147,43096,37.5533624029594,126.95661326016
202109,5호선,양평,21825,20872,42697,37.5255116853806,126.886865676125
202109,5호선,여의나루,92568,95515,188083,37.5270851610199,126.932863954929
202109,5호선,여의도,59512,66010,125522,37.5218423045786,126.924484687694
202109,5호선,영등포구청,11951,11389,23340,37.5256996614804,126.896626898379
202109,5호선,영등포시장,39034,40232,79266,37.5227345248969,126.904959169819
202109,5호선,오금,13924,12953,26877,37.5022659793733,127.127879247544
202109,5호선,오목교,95876,98943,194819,37.5244500703802,126.875354626254
202109,5호선,올림픽공원,19466,18148,37614,37.5160876492782,127.130600140827
202109,5호선,왕십리,21031,24046,45077,37.5612217415191,127.036655378283
202109,5호선,우장산,59298,59601,118899,37.5490001953873,126.836408931785
202109,5호선,을지로4가,17555,18921,36476,37.5666369941572,126.997852780281
202109,5호선,장한평,65826,64337,130163,37.5615026802954,127.064421108758
202109,5호선,종로3가,68256,68947,137203,37.5704266025836,126.99202930223
202109,5호선,천호,98921,95061,193982,37.5385789820645,127.123742434482
202109,5호선,청구,15594,14257,29851,37.5602939125022,127.013806006802
202109,5호선,충정로,11923,11429,23352,37.5598377952439,126.964474043785
202109,5호선,하남검단산,33951,34322,68273,37.5397591397808,127.22344448627
202109,5호선,하남시청,30865,29819,60684,37.5419015378666,127.206464400472
202109,5호선,하남풍산,16746,17343,34089,37.5520576727898,127.203870649661
202109,5호선,행당,34203,29934,64137,37.5572784369263,127.029232035475
202109,5호선,화곡,122786,112264,235050,37.5414336176977,126.840496450153
202110,5호선,강동,102281,98908,201189,37.5355205088294,127.133529582127
202110,5호선,강일,22137,20557,42694,37.5575265973614,127.175938009116
202110,5호선,개롱,34675,37060,71735,37.4978146566399,127.135158595127
202110,5호선,개화산,30966,30858,61824,37.572270024754,126.806001672732
202110,5호선,거여,47345,45234,92579,37.4932073280335,127.144032331306
202110,5호선,고덕,52259,51124,103383,37.5550473189056,127.15394941502
202110,5호선,공덕,54691,56042,110733,37.5428436189268,126.95133595616
202110,5호선,광나루,87392,84388,171780,37.5452786641598,127.103686533578
202110,5호선,광화문,123863,124991,248854,37.5716228232824,126.976787992565
202110,5호선,군자,69169,75216,144385,37.5573631939521,127.079017279019
202110,5호선,굽은다리,58186,54725,112911,37.5457314720664,127.142970847846
202110,5호선,길동,47173,48690,95863,37.5378115570072,127.13999920444
202110,5호선,김포공항,68736,67621,136357,37.562313207852,126.801278424065
202110,5호선,까치산,173962,167510,341472,37.5319560847746,126.846611592059
202110,5호선,답십리,82452,75498,157950,37.5664458277827,127.05318095956
202110,5호선,동대문역사문화공원,7760,9921,17681,37.5655895229776,127.009131498424
202110,5호선,둔촌동,50583,50941,101524,37.5276413733277,127.136190298465
202110,5호선,마곡,41458,41753,83211,37.5601984535897,126.825547992125
202110,5호선,마장,31988,30238,62226,37.5662827804848,127.043163438528
202110,5호선,마천,38728,40332,79060,37.4946706182588,127.152320621872
202110,5호선,마포,56427,56780,113207,37.5395837885645,126.945920370023
202110,5호선,명일,50748,50660,101408,37.5512602756216,127.144000929119
202110,5호선,목동,88913,89929,178842,37.52619868083,126.864742584692
202110,5호선,미사,97226,97326,194552,37.5631031857702,127.19269715129
202110,5호선,발산,108671,115347,224018,37.5590292668195,126.837310771961
202110,5호선,방이,43028,41980,85008,37.5085564458698,127.125854699016
202110,5호선,방화,39280,37866,77146,37.5770031079469,126.81262993382
202110,5호선,상일동,78071,73742,151813,37.5566643781876,127.165829221931
202110,5호선,서대문,58602,57729,116331,37.565856271913,126.966637398787
202110,5호선,송정,42090,41238,83328,37.5614775483136,126.811055407613
202110,5호선,신금호,33752,35674,69426,37.5545324884294,127.020064146247
202110,5호선,신길,21094,22470,43564,37.5176677017212,126.914336937521
202110,5호선,신정,71371,63198,134569,37.5252107928783,126.857290392028
202110,5호선,아차산,112506,109611,222117,37.5524011361136,127.08937059931
202110,5호선,애오개,29358,28150,57508,37.5533624029594,126.95661326016
202110,5호선,양평,30081,29269,59350,37.5255116853806,126.886865676125
202110,5호선,여의나루,109623,121487,231110,37.5270851610199,126.932863954929
202110,5호선,여의도,90480,94335,184815,37.5218423045786,126.924484687694
202110,5호선,영등포구청,15623,15324,30947,37.5256996614804,126.896626898379
202110,5호선,영등포시장,56306,58762,115068,37.5227345248969,126.904959169819
202110,5호선,오금,18404,17289,35693,37.5022659793733,127.127879247544
202110,5호선,오목교,131001,134965,265966,37.5244500703802,126.875354626254
202110,5호선,올림픽공원,29962,29863,59825,37.5160876492782,127.130600140827
202110,5호선,왕십리,28727,33787,62514,37.5612217415191,127.036655378283
202110,5호선,우장산,77262,77641,154903,37.5490001953873,126.836408931785
202110,5호선,을지로4가,23015,25224,48239,37.5666369941572,126.997852780281
202110,5호선,장한평,88642,87100,175742,37.5615026802954,127.064421108758
202110,5호선,종로3가,104330,101585,205915,37.5704266025836,126.99202930223
202110,5호선,천호,138260,130042,268302,37.5385789820645,127.123742434482
202110,5호선,청구,20176,19446,39622,37.5602939125022,127.013806006802
202110,5호선,충정로,15935,15351,31286,37.5598377952439,126.964474043785
202110,5호선,하남검단산,45807,46365,92172,37.5397591397808,127.22344448627
202110,5호선,하남시청,41893,40079,81972,37.5419015378666,127.206464400472
202110,5호선,하남풍산,22603,23000,45603,37.5520576727898,127.203870649661
202110,5호선,행당,46466,41000,87466,37.5572784369263,127.029232035475
202110,5호선,화곡,162222,150749,312971,37.5414336176977,126.840496450153
202111,5호선,강동,89044,85632,174676,37.5355205088294,127.133529582127
202111,5호선,강일,18889,17330,36219,37.5575265973614,127.175938009116
202111,5호선,개롱,30143,31713,61856,37.4978146566399,127.135158595127
202111,5호선,개화산,26092,25539,51631,37.572270024754,126.806001672732
202111,5호선,거여,41693,39076,80769,37.4932073280335,127.144032331306
202111,5호선,고덕,43031,42198,85229,37.5550473189056,127.15394941502
202111,5호선,공덕,49261,50911,100172,37.5428436189268,126.95133595616
202111,5호선,광나루,74303,70596,144899,37.5452786641598,127.103686533578
202111,5호선,광화문,112872,115303,228175,37.5716228232824,126.976787992565
202111,5호선,군자,58904,64539,123443,37.5573631939521,127.079017279019
202111,5호선,굽은다리,49575,46207,95782,37.5457314720664,127.142970847846
202111,5호선,길동,40175,41360,81535,37.5378115570072,127.13999920444
202111,5호선,김포공항,58240,55791,114031,37.562313207852,126.801278424065
202111,5호선,까치산,146891,139637,286528,37.5319560847746,126.846611592059
202111,5호선,답십리,71176,64842,136018,37.5664458277827,127.05318095956
202111,5호선,동대문역사문화공원,6855,8441,15296,37.5655895229776,127.009131498424
202111,5호선,둔촌동,43188,43293,86481,37.5276413733277,127.136190298465
202111,5호선,마곡,35587,36095,71682,37.5601984535897,126.825547992125
202111,5호선,마장,27252,25986,53238,37.5662827804848,127.043163438528
202111,5호선,마천,33526,35038,68564,37.4946706182588,127.152320621872
202111,5호선,마포,49908,49995,99903,37.5395837885645,126.945920370023
202111,5호선,명일,44147,44145,88292,37.5512602756216,127.144000929119
202111,5호선,목동,76394,77008,153402,37.52619868083,126.864742584692
202111,5호선,미사,82638,81187,163825,37.5631031857702,127.19269715129
202111,5호선,발산,95059,102987,198046,37.5590292668195,126.837310771961
202111,5호선,방이,38333,36928,75261,37.5085564458698,127.125854699016
202111,5호선,방화,33239,31857,65096,37.5770031079469,126.81262993382
202111,5호선,상일동,67024,62339,129363,37.5566643781876,127.165829221931
202111,5호선,서대문,53111,52208,105319,37.565856271913,126.966637398787
202111,5호선,송정,35261,34495,69756,37.5614775483136,126.811055407613
202111,5호선,신금호,28466,29499,57965,37.5545324884294,127.020064146247
202111,5호선,신길,17742,18830,36572,37.5176677017212,126.914336937521
202111,5호선,신정,61681,53303,114984,37.5252107928783,126.857290392028
202111,5호선,아차산,92777,89920,182697,37.5524011361136,127.08937059931
202111,5호선,애오개,25447,25034,50481,37.5533624029594,126.95661326016
202111,5호선,양평,25231,24361,49592,37.5255116853806,126.886865676125
202111,5호선,여의나루,74276,83231,157507,37.5270851610199,126.932863954929
202111,5호선,여의도,78639,82539,161178,37.5218423045786,126.924484687694
202111,5호선,영등포구청,13223,13310,26533,37.5256996614804,126.896626898379
202111,5호선,영등포시장,53153,55726,108879,37.5227345248969,126.904959169819
202111,5호선,오금,16438,15183,31621,37.5022659793733,127.127879247544
202111,5호선,오목교,110884,116414,227298,37.5244500703802,126.875354626254
202111,5호선,올림픽공원,24314,23272,47586,37.5160876492782,127.130600140827
202111,5호선,왕십리,24562,29412,53974,37.5612217415191,127.036655378283
202111,5호선,우장산,67237,66315,133552,37.5490001953873,126.836408931785
202111,5호선,을지로4가,19889,21642,41531,37.5666369941572,126.997852780281
202111,5호선,장한평,77405,75841,153246,37.5615026802954,127.064421108758
202111,5호선,종로3가,90246,90487,180733,37.5704266025836,126.99202930223
202111,5호선,천호,116930,111609,228539,37.5385789820645,127.123742434482
202111,5호선,청구,17171,15696,32867,37.5602939125022,127.013806006802
202111,5호선,충정로,14019,13324,27343,37.5598377952439,126.964474043785
202111,5호선,하남검단산,37320,36987,74307,37.5397591397808,127.22344448627
202111,5호선,하남시청,35300,33679,68979,37.5419015378666,127.206464400472
202111,5호선,하남풍산,18868,19120,37988,37.5520576727898,127.203870649661
202111,5호선,행당,38803,34438,73241,37.5572784369263,127.029232035475
202111,5호선,화곡,138836,127878,266714,37.5414336176977,126.840496450153
202112,5호선,강동,79526,76932,156458,37.5355205088294,127.133529582127
202112,5호선,강일,16225,15697,31922,37.5575265973614,127.175938009116
202112,5호선,개롱,25916,27758,53674,37.4978146566399,127.135158595127
202112,5호선,개화산,23010,22765,45775,37.572270024754,126.806001672732
202112,5호선,거여,36068,34719,70787,37.4932073280335,127.144032331306
202112,5호선,고덕,37828,37255,75083,37.5550473189056,127.15394941502
202112,5호선,공덕,41341,42860,84201,37.5428436189268,126.95133595616
202112,5호선,광나루,62085,59705,121790,37.5452786641598,127.103686533578
202112,5호선,광화문,101270,103120,204390,37.5716228232824,126.976787992565
202112,5호선,군자,52911,58490,111401,37.5573631939521,127.079017279019
202112,5호선,굽은다리,47547,45153,92700,37.5457314720664,127.142970847846
202112,5호선,길동,37226,38124,75350,37.5378115570072,127.13999920444
202112,5호선,김포공항,55252,52649,107901,37.562313207852,126.801278424065
202112,5호선,까치산,131416,128400,259816,37.5319560847746,126.846611592059
202112,5호선,답십리,64096,59953,124049,37.5664458277827,127.05318095956
202112,5호선,동대문역사문화공원,6651,8389,15040,37.5655895229776,127.009131498424
202112,5호선,둔촌동,39022,39401,78423,37.5276413733277,127.136190298465
202112,5호선,마곡,32183,32611,64794,37.5601984535897,126.825547992125
202112,5호선,마장,24819,24025,48844,37.5662827804848,127.043163438528
202112,5호선,마천,29330,31048,60378,37.4946706182588,127.152320621872
202112,5호선,마포,44123,45027,89150,37.5395837885645,126.945920370023
202112,5호선,명일,39576,39593,79169,37.5512602756216,127.144000929119
202112,5호선,목동,68063,70262,138325,37.52619868083,126.864742584692
202112,5호선,미사,74681,74591,149272,37.5631031857702,127.19269715129
202112,5호선,발산,84978,88897,173875,37.5590292668195,126.837310771961
202112,5호선,방이,32686,31972,64658,37.5085564458698,127.125854699016
202112,5호선,방화,29148,28694,57842,37.5770031079469,126.81262993382
202112,5호선,상일동,58790,56024,114814,37.5566643781876,127.165829221931
202112,5호선,서대문,43583,42781,86364,37.565856271913,126.966637398787
202112,5호선,송정,31182,30725,61907,37.5614775483136,126.811055407613
202112,5호선,신금호,25412,26496,51908,37.5545324884294,127.020064146247
202112,5호선,신길,15980,17514,33494,37.5176677017212,126.914336937521
202112,5호선,신정,54667,48720,103387,37.5252107928783,126.857290392028
202112,5호선,아차산,77525,75027,152552,37.5524011361136,127.08937059931
202112,5호선,애오개,22851,22742,45593,37.5533624029594,126.95661326016
202112,5호선,양평,23116,22860,45976,37.5255116853806,126.886865676125
202112,5호선,여의나루,39105,47509,86614,37.5270851610199,126.932863954929
202112,5호선,여의도,71044,72632,143676,37.5218423045786,126.924484687694
202112,5호선,영등포구청,11384,11622,23006,37.5256996614804,126.896626898379
202112,5호선,영등포시장,48074,50458,98532,37.5227345248969,126.904959169819
202112,5호선,오금,12961,12323,25284,37.5022659793733,127.127879247544
202112,5호선,오목교,100338,104239,204577,37.5244500703802,126.875354626254
202112,5호선,올림픽공원,22915,21770,44685,37.5160876492782,127.130600140827
202112,5호선,왕십리,22182,26364,48546,37.5612217415191,127.036655378283
202112,5호선,우장산,58071,58811,116882,37.5490001953873,126.836408931785
202112,5호선,을지로4가,16138,17674,33812,37.5666369941572,126.997852780281
202112,5호선,장한평,68549,68728,137277,37.5615026802954,127.064421108758
202112,5호선,종로3가,73617,70585,144202,37.5704266025836,126.99202930223
202112,5호선,천호,107719,101212,208931,37.5385789820645,127.123742434482
202112,5호선,청구,15000,14303,29303,37.5602939125022,127.013806006802
202112,5호선,충정로,12216,11937,24153,37.5598377952439,126.964474043785
202112,5호선,하남검단산,33923,33668,67591,37.5397591397808,127.22344448627
202112,5호선,하남시청,32444,31419,63863,37.5419015378666,127.206464400472
202112,5호선,하남풍산,17402,18037,35439,37.5520576727898,127.203870649661
202112,5호선,행당,33064,29995,63059,37.5572784369263,127.029232035475
202112,5호선,화곡,124100,115654,239754,37.5414336176977,126.840496450153
202101,6호선,고려대,31742,30749,62491,37.590649686622,127.036284948669
202101,6호선,공덕,57024,54585,111609,37.5428436189268,126.95133595616
202101,6호선,광흥창,30868,29771,60639,37.5474860706906,126.931939240491
202101,6호선,구산,31852,25035,56887,37.6112122196295,126.917182386796
202101,6호선,녹사평,25140,25267,50407,37.5348314193581,126.987028473368
202101,6호선,대흥,30825,31179,62004,37.5476683544726,126.942465251709
202101,6호선,독바위,12894,15398,28292,37.6183988849915,126.932810138476
202101,6호선,돌곶이,35792,34001,69793,37.610550696559,127.056425217652
202101,6호선,동묘앞,48435,45300,93735,37.5733722075697,127.01675118037
202101,6호선,디지털미디어시티,42687,45018,87705,37.5768239035855,126.899020186183
202101,6호선,마포구청,58517,52886,111403,37.5634263131969,126.903356973848
202101,6호선,망원,75283,81797,157080,37.5560572923314,126.910033925408
202101,6호선,버티고개,9328,9665,18993,37.5480418375007,127.007084969776
202101,6호선,보문,30864,28987,59851,37.5847632748488,127.019790458317
202101,6호선,봉화산,31939,31147,63086,37.6176537624438,127.090758129505
202101,6호선,불광,23873,22047,45920,37.6102072578868,126.92998576213
202101,6호선,삼각지,22313,18385,40698,37.5345937063675,126.973011032988
202101,6호선,상수,39815,45424,85239,37.5477716665856,126.922409857908
202101,6호선,상월곡,26020,23316,49336,37.6062641394281,127.048326622029
202101,6호선,새절,55149,53239,108388,37.5918270544017,126.913911983591
202101,6호선,석계,54221,54379,108600,37.6150480846952,127.066118430844
202101,6호선,신내,1,0,1,37.6100945305971,127.110257980303
202101,6호선,신당,29952,30630,60582,37.5656540317328,127.019540574485
202101,6호선,안암,35804,35901,71705,37.5862804833256,127.029213030111
202101,6호선,약수,14584,14915,29499,37.5545595558163,127.010822526737
202101,6호선,역촌,16329,18778,35107,37.6060390534435,126.922967946327
202101,6호선,연신내,3,0,3,37.618962003178,126.921162124977
202101,6호선,월곡,46103,46300,92403,37.6014210523409,127.041184766468
202101,6호선,월드컵경기장,27577,27099,54676,37.569942569034,126.899033325814
202101,6호선,응암,78262,79319,157581,37.5987423282207,126.915512801302
202101,6호선,이태원,57216,56979,114195,37.534483277545,126.993721655506
202101,6호선,증산,47498,47997,95495,37.5841954778004,126.910057587886
202101,6호선,창신,13644,11910,25554,37.5800168892429,127.015211194258
202101,6호선,청구,14998,14906,29904,37.5602939125022,127.013806006802
202101,6호선,태릉입구,24067,25404,49471,37.6185137762138,127.075368429731
202101,6호선,한강진,33071,38382,71453,37.5402951544226,127.001748287649
202101,6호선,합정,67280,61178,128458,37.5501152068908,126.914638180431
202101,6호선,화랑대,38514,32967,71481,37.6198943887187,127.083744624338
202101,6호선,효창공원앞,27422,24689,52111,37.5393766399926,126.961258439813
202102,6호선,고려대,31997,31204,63201,37.590649686622,127.036284948669
202102,6호선,공덕,55312,53014,108326,37.5428436189268,126.95133595616
202102,6호선,광흥창,30575,28953,59528,37.5474860706906,126.931939240491
202102,6호선,구산,30496,23320,53816,37.6112122196295,126.917182386796
202102,6호선,녹사평,29583,30176,59759,37.5348314193581,126.987028473368
202102,6호선,대흥,28001,28680,56681,37.5476683544726,126.942465251709
202102,6호선,독바위,12481,15378,27859,37.6183988849915,126.932810138476
202102,6호선,돌곶이,34527,32398,66925,37.610550696559,127.056425217652
202102,6호선,동묘앞,48252,45028,93280,37.5733722075697,127.01675118037
202102,6호선,디지털미디어시티,40997,42602,83599,37.5768239035855,126.899020186183
202102,6호선,마포구청,55233,49697,104930,37.5634263131969,126.903356973848
202102,6호선,망원,76584,85175,161759,37.5560572923314,126.910033925408
202102,6호선,버티고개,9078,9492,18570,37.5480418375007,127.007084969776
202102,6호선,보문,29598,27646,57244,37.5847632748488,127.019790458317
202102,6호선,봉화산,30657,29559,60216,37.6176537624438,127.090758129505
202102,6호선,불광,23570,21902,45472,37.6102072578868,126.92998576213
202102,6호선,삼각지,24335,19001,43336,37.5345937063675,126.973011032988
202102,6호선,상수,42164,48800,90964,37.5477716665856,126.922409857908
202102,6호선,상월곡,24096,21714,45810,37.6062641394281,127.048326622029
202102,6호선,새절,52381,50528,102909,37.5918270544017,126.913911983591
202102,6호선,석계,51730,51657,103387,37.6150480846952,127.066118430844
202102,6호선,신내,2,0,2,37.6100945305971,127.110257980303
202102,6호선,신당,31976,30916,62892,37.5656540317328,127.019540574485
202102,6호선,안암,36522,37572,74094,37.5862804833256,127.029213030111
202102,6호선,약수,13363,13804,27167,37.5545595558163,127.010822526737
202102,6호선,역촌,14814,17352,32166,37.6060390534435,126.922967946327
202102,6호선,연신내,2,0,2,37.618962003178,126.921162124977
202102,6호선,월곡,42716,42595,85311,37.6014210523409,127.041184766468
202102,6호선,월드컵경기장,28237,27954,56191,37.569942569034,126.899033325814
202102,6호선,응암,73577,73847,147424,37.5987423282207,126.915512801302
202102,6호선,이태원,66104,66130,132234,37.534483277545,126.993721655506
202102,6호선,증산,44897,45203,90100,37.5841954778004,126.910057587886
202102,6호선,창신,12947,11441,24388,37.5800168892429,127.015211194258
202102,6호선,청구,14234,14097,28331,37.5602939125022,127.013806006802
202102,6호선,태릉입구,23717,25212,48929,37.6185137762138,127.075368429731
202102,6호선,한강진,45262,53339,98601,37.5402951544226,127.001748287649
202102,6호선,합정,71929,65026,136955,37.5501152068908,126.914638180431
202102,6호선,화랑대,38681,33200,71881,37.6198943887187,127.083744624338
202102,6호선,효창공원앞,26508,23859,50367,37.5393766399926,126.961258439813
202103,6호선,고려대,35542,33824,69366,37.590649686622,127.036284948669
202103,6호선,공덕,62024,58339,120363,37.5428436189268,126.95133595616
202103,6호선,광흥창,34687,33008,67695,37.5474860706906,126.931939240491
202103,6호선,구산,33936,26249,60185,37.6112122196295,126.917182386796
202103,6호선,녹사평,31925,33056,64981,37.5348314193581,126.987028473368
202103,6호선,대흥,32909,33731,66640,37.5476683544726,126.942465251709
202103,6호선,독바위,13335,15832,29167,37.6183988849915,126.932810138476
202103,6호선,돌곶이,39295,36878,76173,37.610550696559,127.056425217652
202103,6호선,동묘앞,51255,47994,99249,37.5733722075697,127.01675118037
202103,6호선,디지털미디어시티,44356,46291,90647,37.5768239035855,126.899020186183
202103,6호선,마포구청,60739,54740,115479,37.5634263131969,126.903356973848
202103,6호선,망원,83515,90884,174399,37.5560572923314,126.910033925408
202103,6호선,버티고개,9795,10306,20101,37.5480418375007,127.007084969776
202103,6호선,보문,33204,30821,64025,37.5847632748488,127.019790458317
202103,6호선,봉화산,33740,32814,66554,37.6176537624438,127.090758129505
202103,6호선,불광,26738,24188,50926,37.6102072578868,126.92998576213
202103,6호선,삼각지,29190,23294,52484,37.5345937063675,126.973011032988
202103,6호선,상수,49161,56049,105210,37.5477716665856,126.922409857908
202103,6호선,상월곡,26971,24156,51127,37.6062641394281,127.048326622029
202103,6호선,새절,56901,54906,111807,37.5918270544017,126.913911983591
202103,6호선,석계,56359,56638,112997,37.6150480846952,127.066118430844
202103,6호선,신내,2,0,2,37.6100945305971,127.110257980303
202103,6호선,신당,36029,34774,70803,37.5656540317328,127.019540574485
202103,6호선,안암,46547,46960,93507,37.5862804833256,127.029213030111
202103,6호선,약수,14693,15282,29975,37.5545595558163,127.010822526737
202103,6호선,역촌,16594,19444,36038,37.6060390534435,126.922967946327
202103,6호선,연신내,1,0,1,37.618962003178,126.921162124977
202103,6호선,월곡,47564,46855,94419,37.6014210523409,127.041184766468
202103,6호선,월드컵경기장,29493,30068,59561,37.569942569034,126.899033325814
202103,6호선,응암,80288,80624,160912,37.5987423282207,126.915512801302
202103,6호선,이태원,75696,75390,151086,37.534483277545,126.993721655506
202103,6호선,증산,48183,48475,96658,37.5841954778004,126.910057587886
202103,6호선,창신,14450,12529,26979,37.5800168892429,127.015211194258
202103,6호선,청구,15889,15925,31814,37.5602939125022,127.013806006802
202103,6호선,태릉입구,25840,28056,53896,37.6185137762138,127.075368429731
202103,6호선,한강진,51659,60640,112299,37.5402951544226,127.001748287649
202103,6호선,합정,80212,72700,152912,37.5501152068908,126.914638180431
202103,6호선,화랑대,42704,36464,79168,37.6198943887187,127.083744624338
202103,6호선,효창공원앞,29333,26569,55902,37.5393766399926,126.961258439813
202104,6호선,고려대,35032,33697,68729,37.590649686622,127.036284948669
202104,6호선,공덕,61680,58065,119745,37.5428436189268,126.95133595616
202104,6호선,광흥창,34970,32933,67903,37.5474860706906,126.931939240491
202104,6호선,구산,34412,26258,60670,37.6112122196295,126.917182386796
202104,6호선,녹사평,34241,33870,68111,37.5348314193581,126.987028473368
202104,6호선,대흥,33299,33948,67247,37.5476683544726,126.942465251709
202104,6호선,독바위,13656,16262,29918,37.6183988849915,126.932810138476
202104,6호선,돌곶이,39825,37461,77286,37.610550696559,127.056425217652
202104,6호선,동묘앞,53410,50118,103528,37.5733722075697,127.01675118037
202104,6호선,디지털미디어시티,45581,47150,92731,37.5768239035855,126.899020186183
202104,6호선,마포구청,60962,55189,116151,37.5634263131969,126.903356973848
202104,6호선,망원,83489,91467,174956,37.5560572923314,126.910033925408
202104,6호선,버티고개,9984,10689,20673,37.5480418375007,127.007084969776
202104,6호선,보문,33797,31080,64877,37.5847632748488,127.019790458317
202104,6호선,봉화산,34443,33587,68030,37.6176537624438,127.090758129505
202104,6호선,불광,27051,24605,51656,37.6102072578868,126.92998576213
202104,6호선,삼각지,30035,22710,52745,37.5345937063675,126.973011032988
202104,6호선,상수,46752,54183,100935,37.5477716665856,126.922409857908
202104,6호선,상월곡,27644,24842,52486,37.6062641394281,127.048326622029
202104,6호선,새절,59587,57679,117266,37.5918270544017,126.913911983591
202104,6호선,석계,57390,58230,115620,37.6150480846952,127.066118430844
202104,6호선,신내,1,0,1,37.6100945305971,127.110257980303
202104,6호선,신당,36528,35548,72076,37.5656540317328,127.019540574485
202104,6호선,안암,42674,42692,85366,37.5862804833256,127.029213030111
202104,6호선,약수,14853,15113,29966,37.5545595558163,127.010822526737
202104,6호선,역촌,16441,19383,35824,37.6060390534435,126.922967946327
202104,6호선,연신내,5,0,5,37.618962003178,126.921162124977
202104,6호선,월곡,47307,46723,94030,37.6014210523409,127.041184766468
202104,6호선,월드컵경기장,37129,37462,74591,37.569942569034,126.899033325814
202104,6호선,응암,81531,82581,164112,37.5987423282207,126.915512801302
202104,6호선,이태원,75419,75974,151393,37.534483277545,126.993721655506
202104,6호선,증산,48834,49370,98204,37.5841954778004,126.910057587886
202104,6호선,창신,14623,12773,27396,37.5800168892429,127.015211194258
202104,6호선,청구,15697,15772,31469,37.5602939125022,127.013806006802
202104,6호선,태릉입구,26323,28061,54384,37.6185137762138,127.075368429731
202104,6호선,한강진,52540,61403,113943,37.5402951544226,127.001748287649
202104,6호선,합정,78590,71859,150449,37.5501152068908,126.914638180431
202104,6호선,화랑대,45573,38503,84076,37.6198943887187,127.083744624338
202104,6호선,효창공원앞,29632,26635,56267,37.5393766399926,126.961258439813
202105,6호선,고려대,45187,43631,88818,37.590649686622,127.036284948669
202105,6호선,공덕,76807,72283,149090,37.5428436189268,126.95133595616
202105,6호선,광흥창,43270,41098,84368,37.5474860706906,126.931939240491
202105,6호선,구산,43052,33060,76112,37.6112122196295,126.917182386796
202105,6호선,녹사평,42632,43071,85703,37.5348314193581,126.987028473368
202105,6호선,대흥,41869,42442,84311,37.5476683544726,126.942465251709
202105,6호선,독바위,16982,19971,36953,37.6183988849915,126.932810138476
202105,6호선,돌곶이,50724,48007,98731,37.610550696559,127.056425217652
202105,6호선,동묘앞,66227,63256,129483,37.5733722075697,127.01675118037
202105,6호선,디지털미디어시티,56284,58781,115065,37.5768239035855,126.899020186183
202105,6호선,마포구청,76425,69869,146294,37.5634263131969,126.903356973848
202105,6호선,망원,104415,114749,219164,37.5560572923314,126.910033925408
202105,6호선,버티고개,12633,13507,26140,37.5480418375007,127.007084969776
202105,6호선,보문,42297,39004,81301,37.5847632748488,127.019790458317
202105,6호선,봉화산,43090,41744,84834,37.6176537624438,127.090758129505
202105,6호선,불광,32947,29909,62856,37.6102072578868,126.92998576213
202105,6호선,삼각지,38313,29344,67657,37.5345937063675,126.973011032988
202105,6호선,상수,62154,70413,132567,37.5477716665856,126.922409857908
202105,6호선,상월곡,34654,31081,65735,37.6062641394281,127.048326622029
202105,6호선,새절,71457,69005,140462,37.5918270544017,126.913911983591
202105,6호선,석계,71784,72327,144111,37.6150480846952,127.066118430844
202105,6호선,신내,1,0,1,37.6100945305971,127.110257980303
202105,6호선,신당,44867,43821,88688,37.5656540317328,127.019540574485
202105,6호선,안암,56055,56339,112394,37.5862804833256,127.029213030111
202105,6호선,약수,18500,18828,37328,37.5545595558163,127.010822526737
202105,6호선,역촌,21217,24904,46121,37.6060390534435,126.922967946327
202105,6호선,연신내,1,0,1,37.618962003178,126.921162124977
202105,6호선,월곡,59689,59445,119134,37.6014210523409,127.041184766468
202105,6호선,월드컵경기장,41464,41825,83289,37.569942569034,126.899033325814
202105,6호선,응암,101304,101322,202626,37.5987423282207,126.915512801302
202105,6호선,이태원,94849,95856,190705,37.534483277545,126.993721655506
202105,6호선,증산,60489,61358,121847,37.5841954778004,126.910057587886
202105,6호선,창신,18211,15848,34059,37.5800168892429,127.015211194258
202105,6호선,청구,19035,19701,38736,37.5602939125022,127.013806006802
202105,6호선,태릉입구,37998,42319,80317,37.6185137762138,127.075368429731
202105,6호선,한강진,59255,70309,129564,37.5402951544226,127.001748287649
202105,6호선,합정,97914,88725,186639,37.5501152068908,126.914638180431
202105,6호선,화랑대,56390,48143,104533,37.6198943887187,127.083744624338
202105,6호선,효창공원앞,37454,33479,70933,37.5393766399926,126.961258439813
202106,6호선,고려대,36157,33928,70085,37.590649686622,127.036284948669
202106,6호선,공덕,63309,59489,122798,37.5428436189268,126.95133595616
202106,6호선,광흥창,35537,32987,68524,37.5474860706906,126.931939240491
202106,6호선,구산,35742,26978,62720,37.6112122196295,126.917182386796
202106,6호선,녹사평,36137,36815,72952,37.5348314193581,126.987028473368
202106,6호선,대흥,34930,35667,70597,37.5476683544726,126.942465251709
202106,6호선,독바위,14293,16419,30712,37.6183988849915,126.932810138476
202106,6호선,돌곶이,41989,39386,81375,37.610550696559,127.056425217652
202106,6호선,동묘앞,54544,51613,106157,37.5733722075697,127.01675118037
202106,6호선,디지털미디어시티,47068,48618,95686,37.5768239035855,126.899020186183
202106,6호선,마포구청,64036,57122,121158,37.5634263131969,126.903356973848
202106,6호선,망원,86256,95745,182001,37.5560572923314,126.910033925408
202106,6호선,버티고개,9352,10241,19593,37.5480418375007,127.007084969776
202106,6호선,보문,34757,31518,66275,37.5847632748488,127.019790458317
202106,6호선,봉화산,35043,34376,69419,37.6176537624438,127.090758129505
202106,6호선,불광,27779,25047,52826,37.6102072578868,126.92998576213
202106,6호선,삼각지,34158,26213,60371,37.5345937063675,126.973011032988
202106,6호선,상수,51688,60487,112175,37.5477716665856,126.922409857908
202106,6호선,상월곡,28318,25293,53611,37.6062641394281,127.048326622029
202106,6호선,새절,59587,57242,116829,37.5918270544017,126.913911983591
202106,6호선,석계,58653,58637,117290,37.6150480846952,127.066118430844
202106,6호선,신내,2,0,2,37.6100945305971,127.110257980303
202106,6호선,신당,37077,36455,73532,37.5656540317328,127.019540574485
202106,6호선,안암,41782,41664,83446,37.5862804833256,127.029213030111
202106,6호선,약수,15866,15849,31715,37.5545595558163,127.010822526737
202106,6호선,역촌,18084,20705,38789,37.6060390534435,126.922967946327
202106,6호선,연신내,8,0,8,37.618962003178,126.921162124977
202106,6호선,월곡,48238,47453,95691,37.6014210523409,127.041184766468
202106,6호선,월드컵경기장,32935,34313,67248,37.569942569034,126.899033325814
202106,6호선,응암,84471,83874,168345,37.5987423282207,126.915512801302
202106,6호선,이태원,80724,83203,163927,37.534483277545,126.993721655506
202106,6호선,증산,50010,50117,100127,37.5841954778004,126.910057587886
202106,6호선,창신,14777,12804,27581,37.5800168892429,127.015211194258
202106,6호선,청구,15920,15461,31381,37.5602939125022,127.013806006802
202106,6호선,태릉입구,27672,29697,57369,37.6185137762138,127.075368429731
202106,6호선,한강진,56157,67033,123190,37.5402951544226,127.001748287649
202106,6호선,합정,84478,76319,160797,37.5501152068908,126.914638180431
202106,6호선,화랑대,45992,39499,85491,37.6198943887187,127.083744624338
202106,6호선,효창공원앞,30840,27296,58136,37.5393766399926,126.961258439813
202107,6호선,고려대,33013,31009,64022,37.590649686622,127.036284948669
202107,6호선,공덕,56974,53931,110905,37.5428436189268,126.95133595616
202107,6호선,광흥창,32808,30663,63471,37.5474860706906,126.931939240491
202107,6호선,구산,33096,26289,59385,37.6112122196295,126.917182386796
202107,6호선,녹사평,25630,25664,51294,37.5348314193581,126.987028473368
202107,6호선,대흥,33150,33360,66510,37.5476683544726,126.942465251709
202107,6호선,독바위,13373,15309,28682,37.6183988849915,126.932810138476
202107,6호선,돌곶이,39626,37332,76958,37.610550696559,127.056425217652
202107,6호선,동묘앞,46444,45177,91621,37.5733722075697,127.01675118037
202107,6호선,디지털미디어시티,42972,44327,87299,37.5768239035855,126.899020186183
202107,6호선,마포구청,60254,55156,115410,37.5634263131969,126.903356973848
202107,6호선,망원,74289,80805,155094,37.5560572923314,126.910033925408
202107,6호선,버티고개,8236,9231,17467,37.5480418375007,127.007084969776
202107,6호선,보문,31892,28934,60826,37.5847632748488,127.019790458317
202107,6호선,봉화산,33263,32923,66186,37.6176537624438,127.090758129505
202107,6호선,불광,24810,22316,47126,37.6102072578868,126.92998576213
202107,6호선,삼각지,27494,21603,49097,37.5345937063675,126.973011032988
202107,6호선,상수,41864,48432,90296,37.5477716665856,126.922409857908
202107,6호선,상월곡,26360,23481,49841,37.6062641394281,127.048326622029
202107,6호선,새절,56038,54523,110561,37.5918270544017,126.913911983591
202107,6호선,석계,54962,55271,110233,37.6150480846952,127.066118430844
202107,6호선,신내,2,0,2,37.6100945305971,127.110257980303
202107,6호선,신당,35769,34400,70169,37.5656540317328,127.019540574485
202107,6호선,안암,37190,36862,74052,37.5862804833256,127.029213030111
202107,6호선,약수,15569,14930,30499,37.5545595558163,127.010822526737
202107,6호선,역촌,17825,20085,37910,37.6060390534435,126.922967946327
202107,6호선,연신내,7,0,7,37.618962003178,126.921162124977
202107,6호선,월곡,46040,46348,92388,37.6014210523409,127.041184766468
202107,6호선,월드컵경기장,27935,28489,56424,37.569942569034,126.899033325814
202107,6호선,응암,78657,78866,157523,37.5987423282207,126.915512801302
202107,6호선,이태원,57667,60074,117741,37.534483277545,126.993721655506
202107,6호선,증산,47035,47039,94074,37.5841954778004,126.910057587886
202107,6호선,창신,14056,11955,26011,37.5800168892429,127.015211194258
202107,6호선,청구,14944,14839,29783,37.5602939125022,127.013806006802
202107,6호선,태릉입구,25035,26672,51707,37.6185137762138,127.075368429731
202107,6호선,한강진,44620,50914,95534,37.5402951544226,127.001748287649
202107,6호선,합정,69230,63642,132872,37.5501152068908,126.914638180431
202107,6호선,화랑대,41605,35333,76938,37.6198943887187,127.083744624338
202107,6호선,효창공원앞,27792,24577,52369,37.5393766399926,126.961258439813
202108,6호선,고려대,32162,30360,62522,37.590649686622,127.036284948669
202108,6호선,공덕,55710,52450,108160,37.5428436189268,126.95133595616
202108,6호선,광흥창,32026,29919,61945,37.5474860706906,126.931939240491
202108,6호선,구산,32866,25634,58500,37.6112122196295,126.917182386796
202108,6호선,녹사평,28006,28347,56353,37.5348314193581,126.987028473368
202108,6호선,대흥,32520,32904,65424,37.5476683544726,126.942465251709
202108,6호선,독바위,13183,15180,28363,37.6183988849915,126.932810138476
202108,6호선,돌곶이,38283,36269,74552,37.610550696559,127.056425217652
202108,6호선,동묘앞,47831,45631,93462,37.5733722075697,127.01675118037
202108,6호선,디지털미디어시티,41852,43218,85070,37.5768239035855,126.899020186183
202108,6호선,마포구청,58761,52342,111103,37.5634263131969,126.903356973848
202108,6호선,망원,77166,85184,162350,37.5560572923314,126.910033925408
202108,6호선,버티고개,8078,9265,17343,37.5480418375007,127.007084969776
202108,6호선,보문,30835,28388,59223,37.5847632748488,127.019790458317
202108,6호선,봉화산,32275,31601,63876,37.6176537624438,127.090758129505
202108,6호선,불광,23082,21559,44641,37.6102072578868,126.92998576213
202108,6호선,삼각지,27550,21462,49012,37.5345937063675,126.973011032988
202108,6호선,상수,44109,52414,96523,37.5477716665856,126.922409857908
202108,6호선,상월곡,25724,23228,48952,37.6062641394281,127.048326622029
202108,6호선,새절,53927,51461,105388,37.5918270544017,126.913911983591
202108,6호선,석계,53261,53660,106921,37.6150480846952,127.066118430844
202108,6호선,신당,37672,36696,74368,37.5656540317328,127.019540574485
202108,6호선,안암,36095,36073,72168,37.5862804833256,127.029213030111
202108,6호선,약수,14552,14079,28631,37.5545595558163,127.010822526737
202108,6호선,역촌,17442,19455,36897,37.6060390534435,126.922967946327
202108,6호선,연신내,7,0,7,37.618962003178,126.921162124977
202108,6호선,월곡,44787,44456,89243,37.6014210523409,127.041184766468
202108,6호선,월드컵경기장,29977,30361,60338,37.569942569034,126.899033325814
202108,6호선,응암,77025,77042,154067,37.5987423282207,126.915512801302
202108,6호선,이태원,59955,61681,121636,37.534483277545,126.993721655506
202108,6호선,증산,45742,45653,91395,37.5841954778004,126.910057587886
202108,6호선,창신,13612,11404,25016,37.5800168892429,127.015211194258
202108,6호선,청구,14194,14024,28218,37.5602939125022,127.013806006802
202108,6호선,태릉입구,25096,26850,51946,37.6185137762138,127.075368429731
202108,6호선,한강진,43502,50473,93975,37.5402951544226,127.001748287649
202108,6호선,합정,71885,65716,137601,37.5501152068908,126.914638180431
202108,6호선,화랑대,40345,34348,74693,37.6198943887187,127.083744624338
202108,6호선,효창공원앞,27130,23559,50689,37.5393766399926,126.961258439813
202109,6호선,고려대,33985,31991,65976,37.590649686622,127.036284948669
202109,6호선,공덕,57784,53983,111767,37.5428436189268,126.95133595616
202109,6호선,광흥창,33376,30445,63821,37.5474860706906,126.931939240491
202109,6호선,구산,33614,25113,58727,37.6112122196295,126.917182386796
202109,6호선,녹사평,33045,33133,66178,37.5348314193581,126.987028473368
202109,6호선,대흥,33205,32900,66105,37.5476683544726,126.942465251709
202109,6호선,독바위,13446,15881,29327,37.6183988849915,126.932810138476
202109,6호선,돌곶이,37352,34819,72171,37.610550696559,127.056425217652
202109,6호선,동묘앞,50824,48443,99267,37.5733722075697,127.01675118037
202109,6호선,디지털미디어시티,43148,44311,87459,37.5768239035855,126.899020186183
202109,6호선,마포구청,59401,51688,111089,37.5634263131969,126.903356973848
202109,6호선,망원,84426,93216,177642,37.5560572923314,126.910033925408
202109,6호선,버티고개,7769,9222,16991,37.5480418375007,127.007084969776
202109,6호선,보문,32158,28429,60587,37.5847632748488,127.019790458317
202109,6호선,봉화산,32907,32517,65424,37.6176537624438,127.090758129505
202109,6호선,불광,23384,22397,45781,37.6102072578868,126.92998576213
202109,6호선,삼각지,30091,22971,53062,37.5345937063675,126.973011032988
202109,6호선,상수,45230,53390,98620,37.5477716665856,126.922409857908
202109,6호선,상월곡,26102,23230,49332,37.6062641394281,127.048326622029
202109,6호선,새절,54809,52145,106954,37.5918270544017,126.913911983591
202109,6호선,석계,54948,55470,110418,37.6150480846952,127.066118430844
202109,6호선,신내,21,0,21,37.6100945305971,127.110257980303
202109,6호선,신당,37191,36259,73450,37.5656540317328,127.019540574485
202109,6호선,안암,39762,38835,78597,37.5862804833256,127.029213030111
202109,6호선,약수,15274,14198,29472,37.5545595558163,127.010822526737
202109,6호선,역촌,17189,19904,37093,37.6060390534435,126.922967946327
202109,6호선,연신내,7,0,7,37.618962003178,126.921162124977
202109,6호선,월곡,46383,44717,91100,37.6014210523409,127.041184766468
202109,6호선,월드컵경기장,36078,37235,73313,37.569942569034,126.899033325814
202109,6호선,응암,79739,77717,157456,37.5987423282207,126.915512801302
202109,6호선,이태원,74531,78638,153169,37.534483277545,126.993721655506
202109,6호선,증산,47056,46263,93319,37.5841954778004,126.910057587886
202109,6호선,창신,13734,11554,25288,37.5800168892429,127.015211194258
202109,6호선,청구,14759,14577,29336,37.5602939125022,127.013806006802
202109,6호선,태릉입구,25559,27263,52822,37.6185137762138,127.075368429731
202109,6호선,한강진,49743,59411,109154,37.5402951544226,127.001748287649
202109,6호선,합정,75886,68418,144304,37.5501152068908,126.914638180431
202109,6호선,화랑대,42145,35531,77676,37.6198943887187,127.083744624338
202109,6호선,효창공원앞,27939,24141,52080,37.5393766399926,126.961258439813
202110,6호선,고려대,44481,42633,87114,37.590649686622,127.036284948669
202110,6호선,공덕,80601,75967,156568,37.5428436189268,126.95133595616
202110,6호선,광흥창,43680,40732,84412,37.5474860706906,126.931939240491
202110,6호선,구산,44736,33500,78236,37.6112122196295,126.917182386796
202110,6호선,녹사평,48135,47060,95195,37.5348314193581,126.987028473368
202110,6호선,대흥,43363,43333,86696,37.5476683544726,126.942465251709
202110,6호선,독바위,17535,20822,38357,37.6183988849915,126.932810138476
202110,6호선,돌곶이,49956,46513,96469,37.610550696559,127.056425217652
202110,6호선,동묘앞,68183,64909,133092,37.5733722075697,127.01675118037
202110,6호선,디지털미디어시티,58368,59870,118238,37.5768239035855,126.899020186183
202110,6호선,마포구청,80828,70475,151303,37.5634263131969,126.903356973848
202110,6호선,망원,106703,115708,222411,37.5560572923314,126.910033925408
202110,6호선,버티고개,10179,10051,20230,37.5480418375007,127.007084969776
202110,6호선,보문,42576,38497,81073,37.5847632748488,127.019790458317
202110,6호선,봉화산,44111,43113,87224,37.6176537624438,127.090758129505
202110,6호선,불광,32237,30259,62496,37.6102072578868,126.92998576213
202110,6호선,삼각지,44512,34637,79149,37.5345937063675,126.973011032988
202110,6호선,상수,66734,76213,142947,37.5477716665856,126.922409857908
202110,6호선,상월곡,35384,31755,67139,37.6062641394281,127.048326622029
202110,6호선,새절,73359,69727,143086,37.5918270544017,126.913911983591
202110,6호선,석계,73129,73806,146935,37.6150480846952,127.066118430844
202110,6호선,신내,1,0,1,37.6100945305971,127.110257980303
202110,6호선,신당,48738,47649,96387,37.5656540317328,127.019540574485
202110,6호선,안암,53705,53618,107323,37.5862804833256,127.029213030111
202110,6호선,약수,19411,20035,39446,37.5545595558163,127.010822526737
202110,6호선,역촌,22241,26039,48280,37.6060390534435,126.922967946327
202110,6호선,연신내,5,0,5,37.618962003178,126.921162124977
202110,6호선,월곡,61874,59839,121713,37.6014210523409,127.041184766468
202110,6호선,월드컵경기장,58944,63932,122876,37.569942569034,126.899033325814
202110,6호선,응암,104609,103071,207680,37.5987423282207,126.915512801302
202110,6호선,이태원,132000,137845,269845,37.534483277545,126.993721655506
202110,6호선,증산,61599,61462,123061,37.5841954778004,126.910057587886
202110,6호선,창신,17962,15340,33302,37.5800168892429,127.015211194258
202110,6호선,청구,19928,19194,39122,37.5602939125022,127.013806006802
202110,6호선,태릉입구,35325,37711,73036,37.6185137762138,127.075368429731
202110,6호선,한강진,69841,82863,152704,37.5402951544226,127.001748287649
202110,6호선,합정,105255,96614,201869,37.5501152068908,126.914638180431
202110,6호선,화랑대,60908,51058,111966,37.6198943887187,127.083744624338
202110,6호선,효창공원앞,36941,32765,69706,37.5393766399926,126.961258439813
202111,6호선,고려대,40811,38458,79269,37.590649686622,127.036284948669
202111,6호선,공덕,70855,66573,137428,37.5428436189268,126.95133595616
202111,6호선,광흥창,37811,34971,72782,37.5474860706906,126.931939240491
202111,6호선,구산,37483,27751,65234,37.6112122196295,126.917182386796
202111,6호선,녹사평,36252,37796,74048,37.5348314193581,126.987028473368
202111,6호선,대흥,39459,39671,79130,37.5476683544726,126.942465251709
202111,6호선,독바위,14267,16500,30767,37.6183988849915,126.932810138476
202111,6호선,돌곶이,47662,43717,91379,37.610550696559,127.056425217652
202111,6호선,동묘앞,58191,56105,114296,37.5733722075697,127.01675118037
202111,6호선,디지털미디어시티,49992,51053,101045,37.5768239035855,126.899020186183
202111,6호선,마포구청,68248,59173,127421,37.5634263131969,126.903356973848
202111,6호선,망원,87178,94867,182045,37.5560572923314,126.910033925408
202111,6호선,버티고개,9072,9595,18667,37.5480418375007,127.007084969776
202111,6호선,보문,37223,33577,70800,37.5847632748488,127.019790458317
202111,6호선,봉화산,37953,36483,74436,37.6176537624438,127.090758129505
202111,6호선,불광,26826,24697,51523,37.6102072578868,126.92998576213
202111,6호선,삼각지,38441,29246,67687,37.5345937063675,126.973011032988
202111,6호선,상수,56063,67870,123933,37.5477716665856,126.922409857908
202111,6호선,상월곡,29739,26061,55800,37.6062641394281,127.048326622029
202111,6호선,새절,60924,57428,118352,37.5918270544017,126.913911983591
202111,6호선,석계,62500,63211,125711,37.6150480846952,127.066118430844
202111,6호선,신내,2,0,2,37.6100945305971,127.110257980303
202111,6호선,신당,40223,38428,78651,37.5656540317328,127.019540574485
202111,6호선,안암,53208,52878,106086,37.5862804833256,127.029213030111
202111,6호선,약수,16892,16768,33660,37.5545595558163,127.010822526737
202111,6호선,역촌,18917,21954,40871,37.6060390534435,126.922967946327
202111,6호선,연신내,8,0,8,37.618962003178,126.921162124977
202111,6호선,월곡,52449,50648,103097,37.6014210523409,127.041184766468
202111,6호선,월드컵경기장,36244,40017,76261,37.569942569034,126.899033325814
202111,6호선,응암,87537,85819,173356,37.5987423282207,126.915512801302
202111,6호선,이태원,89742,100838,190580,37.534483277545,126.993721655506
202111,6호선,증산,52403,51244,103647,37.5841954778004,126.910057587886
202111,6호선,창신,15559,13157,28716,37.5800168892429,127.015211194258
202111,6호선,청구,16494,16093,32587,37.5602939125022,127.013806006802
202111,6호선,태릉입구,29951,31755,61706,37.6185137762138,127.075368429731
202111,6호선,한강진,61103,74214,135317,37.5402951544226,127.001748287649
202111,6호선,합정,86912,82002,168914,37.5501152068908,126.914638180431
202111,6호선,화랑대,53983,44675,98658,37.6198943887187,127.083744624338
202111,6호선,효창공원앞,32768,28844,61612,37.5393766399926,126.961258439813
202112,6호선,고려대,33600,32444,66044,37.590649686622,127.036284948669
202112,6호선,공덕,60573,57638,118211,37.5428436189268,126.95133595616
202112,6호선,광흥창,34106,32816,66922,37.5474860706906,126.931939240491
202112,6호선,구산,33130,25132,58262,37.6112122196295,126.917182386796
202112,6호선,녹사평,29818,31293,61111,37.5348314193581,126.987028473368
202112,6호선,대흥,32527,32997,65524,37.5476683544726,126.942465251709
202112,6호선,독바위,12212,14404,26616,37.6183988849915,126.932810138476
202112,6호선,돌곶이,39607,37039,76646,37.610550696559,127.056425217652
202112,6호선,동묘앞,46598,45251,91849,37.5733722075697,127.01675118037
202112,6호선,디지털미디어시티,43029,44678,87707,37.5768239035855,126.899020186183
202112,6호선,마포구청,60084,54694,114778,37.5634263131969,126.903356973848
202112,6호선,망원,78587,85178,163765,37.5560572923314,126.910033925408
202112,6호선,버티고개,8603,9248,17851,37.5480418375007,127.007084969776
202112,6호선,보문,32789,30109,62898,37.5847632748488,127.019790458317
202112,6호선,봉화산,32506,31452,63958,37.6176537624438,127.090758129505
202112,6호선,불광,24849,21736,46585,37.6102072578868,126.92998576213
202112,6호선,삼각지,30895,24488,55383,37.5345937063675,126.973011032988
202112,6호선,상수,52193,60472,112665,37.5477716665856,126.922409857908
202112,6호선,상월곡,25825,23069,48894,37.6062641394281,127.048326622029
202112,6호선,새절,53140,51583,104723,37.5918270544017,126.913911983591
202112,6호선,석계,54033,55238,109271,37.6150480846952,127.066118430844
202112,6호선,신내,2,0,2,37.6100945305971,127.110257980303
202112,6호선,신당,40404,38105,78509,37.5656540317328,127.019540574485
202112,6호선,안암,41604,40985,82589,37.5862804833256,127.029213030111
202112,6호선,약수,14448,14517,28965,37.5545595558163,127.010822526737
202112,6호선,역촌,17351,19848,37199,37.6060390534435,126.922967946327
202112,6호선,연신내,5,0,5,37.618962003178,126.921162124977
202112,6호선,월곡,45961,44923,90884,37.6014210523409,127.041184766468
202112,6호선,월드컵경기장,22723,24147,46870,37.569942569034,126.899033325814
202112,6호선,응암,77947,77497,155444,37.5987423282207,126.915512801302
202112,6호선,이태원,76113,79711,155824,37.534483277545,126.993721655506
202112,6호선,증산,46420,46416,92836,37.5841954778004,126.910057587886
202112,6호선,창신,13509,11807,25316,37.5800168892429,127.015211194258
202112,6호선,청구,14980,14267,29247,37.5602939125022,127.013806006802
202112,6호선,태릉입구,25560,27068,52628,37.6185137762138,127.075368429731
202112,6호선,한강진,59157,67737,126894,37.5402951544226,127.001748287649
202112,6호선,합정,76989,70731,147720,37.5501152068908,126.914638180431
202112,6호선,화랑대,43953,36472,80425,37.6198943887187,127.083744624338
202112,6호선,효창공원앞,28239,25454,53693,37.5393766399926,126.961258439813
202101,7호선,가산디지털단지,94572,87864,182436,37.4815957375443,126.882559483336
202101,7호선,강남구청,53784,58099,111883,37.5171892352971,127.04130142966
202101,7호선,건대입구,67769,65931,133700,37.5404188872176,127.069173281554
202101,7호선,고속터미널,83880,61010,144890,37.5049267445237,127.004949918697
202101,7호선,공릉,53431,54136,107567,37.6254769202851,127.073005201049
202101,7호선,광명사거리,108282,107971,216253,37.4793355805984,126.854703171044
202101,7호선,군자,65421,52269,117690,37.5573631939521,127.079017279019
202101,7호선,굴포천,38475,39234,77709,37.5070784308537,126.731762426823
202101,7호선,까치울,31079,31031,62110,37.506199783967,126.811398277418
202101,7호선,남구로,58065,58965,117030,37.4861618372855,126.887341021559
202101,7호선,남성,48191,47276,95467,37.4844433924857,126.971706096071
202101,7호선,내방,48506,48390,96896,37.487533528504,126.993190309509
202101,7호선,노원,95087,96094,191181,37.6562677764281,127.063030448739
202101,7호선,논현,65731,70518,136249,37.5060527417451,127.023986887753
202101,7호선,대림,47549,47276,94825,37.4933105886136,126.8949461878
202101,7호선,도봉산,39580,57802,97382,37.6891205614059,127.046528790935
202101,7호선,뚝섬유원지,36592,35321,71913,37.5315862608622,127.06671773793
202101,7호선,마들,53144,50769,103913,37.6650864331785,127.057687709213
202101,7호선,먹골,47155,46965,94120,37.6106250591244,127.077764798784
202101,7호선,면목,70760,70687,141447,37.5883848968931,127.087567841531
202101,7호선,반포,25663,24698,50361,37.5081263886404,127.011497032246
202101,7호선,보라매,36495,36379,72874,37.5008205922635,126.920735867544
202101,7호선,부천시청,57065,56053,113118,37.5046422084139,126.764060373737
202101,7호선,부천종합운동장,18444,16928,35372,37.5054832436047,126.797430023467
202101,7호선,부평구청,42744,37525,80269,37.508225459146,126.720514883354
202101,7호선,사가정,78954,78193,157147,37.5807945533834,127.088439058456
202101,7호선,삼산체육관,18226,17337,35563,37.5065825037123,126.741906601707
202101,7호선,상도,45767,44431,90198,37.5032080456431,126.947700373641
202101,7호선,상동,56042,55858,111900,37.5058098548262,126.753186951602
202101,7호선,상봉,82477,78957,161434,37.5967093285386,127.085741817289
202101,7호선,수락산,64923,64968,129891,37.6776259369995,127.055374584266
202101,7호선,숭실대입구,48629,49974,98603,37.4958143308836,126.954060246067
202101,7호선,신대방삼거리,71271,69586,140857,37.4997218266711,126.928222967016
202101,7호선,신중동,57479,56517,113996,37.5029721503132,126.776499055771
202101,7호선,신풍,51322,49276,100598,37.5001172036762,126.909841656125
202101,7호선,어린이대공원,56773,55071,111844,37.547871203305,127.074549925093
202101,7호선,온수,35258,34695,69953,37.4921502838112,126.823380714316
202101,7호선,용마산,27582,28574,56156,37.5740302107904,127.087038114766
202101,7호선,이수,70260,66124,136384,37.4875538278198,126.982199707405
202101,7호선,장승배기,43687,42616,86303,37.5046658024741,126.938744364462
202101,7호선,장암,8853,5803,14656,37.7001189599459,127.053135359006
202101,7호선,중계,56520,51461,107981,37.6448906789921,127.064246723057
202101,7호선,중곡,43684,42493,86177,37.5655258842084,127.084072412789
202101,7호선,중화,49462,48706,98168,37.6015796992834,127.079469204905
202101,7호선,천왕,41385,39803,81188,37.4868219430207,126.838713741162
202101,7호선,철산,88934,89810,178744,37.4760980052319,126.868003853399
202101,7호선,청담,63825,66824,130649,37.5194406566749,127.053644513011
202101,7호선,춘의,31939,30677,62616,37.5036440878389,126.786866385135
202101,7호선,태릉입구,38326,34853,73179,37.6185137762138,127.075368429731
202101,7호선,하계,73260,69705,142965,37.6364521240646,127.067988537404
202101,7호선,학동,57418,60396,117814,37.5142064294604,127.031463762217
202102,7호선,가산디지털단지,88715,82813,171528,37.4815957375443,126.882559483336
202102,7호선,강남구청,48762,54095,102857,37.5171892352971,127.04130142966
202102,7호선,건대입구,60262,60630,120892,37.5404188872176,127.069173281554
202102,7호선,고속터미널,90475,57738,148213,37.5049267445237,127.004949918697
202102,7호선,공릉,50708,52153,102861,37.6254769202851,127.073005201049
202102,7호선,광명사거리,98312,97322,195634,37.4793355805984,126.854703171044
202102,7호선,군자,60185,47673,107858,37.5573631939521,127.079017279019
202102,7호선,굴포천,36188,36749,72937,37.5070784308537,126.731762426823
202102,7호선,까치울,30081,29978,60059,37.506199783967,126.811398277418
202102,7호선,남구로,51751,52538,104289,37.4861618372855,126.887341021559
202102,7호선,남성,43739,42392,86131,37.4844433924857,126.971706096071
202102,7호선,내방,42908,43857,86765,37.487533528504,126.993190309509
202102,7호선,노원,89468,92078,181546,37.6562677764281,127.063030448739
202102,7호선,논현,58782,63127,121909,37.5060527417451,127.023986887753
202102,7호선,대림,44784,44783,89567,37.4933105886136,126.8949461878
202102,7호선,도봉산,40290,59169,99459,37.6891205614059,127.046528790935
202102,7호선,뚝섬유원지,50927,48655,99582,37.5315862608622,127.06671773793
202102,7호선,마들,49295,46759,96054,37.6650864331785,127.057687709213
202102,7호선,먹골,44364,43745,88109,37.6106250591244,127.077764798784
202102,7호선,면목,64592,63918,128510,37.5883848968931,127.087567841531
202102,7호선,반포,23951,22832,46783,37.5081263886404,127.011497032246
202102,7호선,보라매,34819,34324,69143,37.5008205922635,126.920735867544
202102,7호선,부천시청,53514,52556,106070,37.5046422084139,126.764060373737
202102,7호선,부천종합운동장,18026,16370,34396,37.5054832436047,126.797430023467
202102,7호선,부평구청,39979,34883,74862,37.508225459146,126.720514883354
202102,7호선,사가정,74534,72344,146878,37.5807945533834,127.088439058456
202102,7호선,삼산체육관,19061,17657,36718,37.5065825037123,126.741906601707
202102,7호선,상도,40411,40142,80553,37.5032080456431,126.947700373641
202102,7호선,상동,54117,54143,108260,37.5058098548262,126.753186951602
202102,7호선,상봉,76740,72588,149328,37.5967093285386,127.085741817289
202102,7호선,수락산,64891,63619,128510,37.6776259369995,127.055374584266
202102,7호선,숭실대입구,44483,46232,90715,37.4958143308836,126.954060246067
202102,7호선,신대방삼거리,63673,62070,125743,37.4997218266711,126.928222967016
202102,7호선,신중동,54421,53333,107754,37.5029721503132,126.776499055771
202102,7호선,신풍,47212,45204,92416,37.5001172036762,126.909841656125
202102,7호선,어린이대공원,49465,49519,98984,37.547871203305,127.074549925093
202102,7호선,온수,32865,32503,65368,37.4921502838112,126.823380714316
202102,7호선,용마산,26635,28778,55413,37.5740302107904,127.087038114766
202102,7호선,이수,66614,63396,130010,37.4875538278198,126.982199707405
202102,7호선,장승배기,40072,39139,79211,37.5046658024741,126.938744364462
202102,7호선,장암,10217,7179,17396,37.7001189599459,127.053135359006
202102,7호선,중계,53517,48459,101976,37.6448906789921,127.064246723057
202102,7호선,중곡,40093,38807,78900,37.5655258842084,127.084072412789
202102,7호선,중화,46340,44921,91261,37.6015796992834,127.079469204905
202102,7호선,천왕,38790,36885,75675,37.4868219430207,126.838713741162
202102,7호선,철산,83737,85017,168754,37.4760980052319,126.868003853399
202102,7호선,청담,58828,62714,121542,37.5194406566749,127.053644513011
202102,7호선,춘의,28266,26993,55259,37.5036440878389,126.786866385135
202102,7호선,태릉입구,36684,33889,70573,37.6185137762138,127.075368429731
202102,7호선,하계,70568,66553,137121,37.6364521240646,127.067988537404
202102,7호선,학동,51743,55659,107402,37.5142064294604,127.031463762217
202103,7호선,가산디지털단지,98564,91146,189710,37.4815957375443,126.882559483336
202103,7호선,강남구청,58444,63567,122011,37.5171892352971,127.04130142966
202103,7호선,건대입구,69777,70868,140645,37.5404188872176,127.069173281554
202103,7호선,고속터미널,91413,68053,159466,37.5049267445237,127.004949918697
202103,7호선,공릉,56677,56957,113634,37.6254769202851,127.073005201049
202103,7호선,광명사거리,108379,107080,215459,37.4793355805984,126.854703171044
202103,7호선,군자,67802,52705,120507,37.5573631939521,127.079017279019
202103,7호선,굴포천,40111,41254,81365,37.5070784308537,126.731762426823
202103,7호선,까치울,34513,33891,68404,37.506199783967,126.811398277418
202103,7호선,남구로,57068,58127,115195,37.4861618372855,126.887341021559
202103,7호선,남성,48626,47001,95627,37.4844433924857,126.971706096071
202103,7호선,내방,49519,49810,99329,37.487533528504,126.993190309509
202103,7호선,노원,99900,100938,200838,37.6562677764281,127.063030448739
202103,7호선,논현,67666,72767,140433,37.5060527417451,127.023986887753
202103,7호선,대림,49735,49964,99699,37.4933105886136,126.8949461878
202103,7호선,도봉산,42035,60345,102380,37.6891205614059,127.046528790935
202103,7호선,뚝섬유원지,50126,48013,98139,37.5315862608622,127.06671773793
202103,7호선,마들,54185,51063,105248,37.6650864331785,127.057687709213
202103,7호선,먹골,50371,49742,100113,37.6106250591244,127.077764798784
202103,7호선,면목,71242,70966,142208,37.5883848968931,127.087567841531
202103,7호선,반포,27240,26335,53575,37.5081263886404,127.011497032246
202103,7호선,보라매,38296,37427,75723,37.5008205922635,126.920735867544
202103,7호선,부천시청,59262,57638,116900,37.5046422084139,126.764060373737
202103,7호선,부천종합운동장,22601,20512,43113,37.5054832436047,126.797430023467
202103,7호선,부평구청,44340,39251,83591,37.508225459146,126.720514883354
202103,7호선,사가정,81522,78876,160398,37.5807945533834,127.088439058456
202103,7호선,삼산체육관,21159,19960,41119,37.5065825037123,126.741906601707
202103,7호선,상도,46826,45413,92239,37.5032080456431,126.947700373641
202103,7호선,상동,63039,62505,125544,37.5058098548262,126.753186951602
202103,7호선,상봉,84682,79504,164186,37.5967093285386,127.085741817289
202103,7호선,수락산,69156,68492,137648,37.6776259369995,127.055374584266
202103,7호선,숭실대입구,51637,53356,104993,37.4958143308836,126.954060246067
202103,7호선,신대방삼거리,70097,67664,137761,37.4997218266711,126.928222967016
202103,7호선,신중동,60713,60105,120818,37.5029721503132,126.776499055771
202103,7호선,신풍,52073,49770,101843,37.5001172036762,126.909841656125
202103,7호선,어린이대공원,58690,56766,115456,37.547871203305,127.074549925093
202103,7호선,온수,35954,35913,71867,37.4921502838112,126.823380714316
202103,7호선,용마산,28867,31027,59894,37.5740302107904,127.087038114766
202103,7호선,이수,77211,72679,149890,37.4875538278198,126.982199707405
202103,7호선,장승배기,44132,42842,86974,37.5046658024741,126.938744364462
202103,7호선,장암,10873,7600,18473,37.7001189599459,127.053135359006
202103,7호선,중계,59193,53552,112745,37.6448906789921,127.064246723057
202103,7호선,중곡,43816,41833,85649,37.5655258842084,127.084072412789
202103,7호선,중화,51257,49424,100681,37.6015796992834,127.079469204905
202103,7호선,천왕,43742,41591,85333,37.4868219430207,126.838713741162
202103,7호선,철산,93870,94885,188755,37.4760980052319,126.868003853399
202103,7호선,청담,69660,74530,144190,37.5194406566749,127.053644513011
202103,7호선,춘의,31698,30252,61950,37.5036440878389,126.786866385135
202103,7호선,태릉입구,41194,37286,78480,37.6185137762138,127.075368429731
202103,7호선,하계,78852,74101,152953,37.6364521240646,127.067988537404
202103,7호선,학동,62773,67216,129989,37.5142064294604,127.031463762217
202104,7호선,가산디지털단지,98691,90276,188967,37.4815957375443,126.882559483336
202104,7호선,강남구청,57844,63402,121246,37.5171892352971,127.04130142966
202104,7호선,건대입구,68527,69249,137776,37.5404188872176,127.069173281554
202104,7호선,고속터미널,94928,68809,163737,37.5049267445237,127.004949918697
202104,7호선,공릉,57761,57809,115570,37.6254769202851,127.073005201049
202104,7호선,광명사거리,108562,107392,215954,37.4793355805984,126.854703171044
202104,7호선,군자,68936,52913,121849,37.5573631939521,127.079017279019
202104,7호선,굴포천,40334,41398,81732,37.5070784308537,126.731762426823
202104,7호선,까치울,36460,36098,72558,37.506199783967,126.811398277418
202104,7호선,남구로,57267,58655,115922,37.4861618372855,126.887341021559
202104,7호선,남성,49350,47411,96761,37.4844433924857,126.971706096071
202104,7호선,내방,48043,47854,95897,37.487533528504,126.993190309509
202104,7호선,노원,99697,101727,201424,37.6562677764281,127.063030448739
202104,7호선,논현,66505,71384,137889,37.5060527417451,127.023986887753
202104,7호선,대림,50627,50587,101214,37.4933105886136,126.8949461878
202104,7호선,도봉산,46128,65615,111743,37.6891205614059,127.046528790935
202104,7호선,뚝섬유원지,74570,72351,146921,37.5315862608622,127.06671773793
202104,7호선,마들,55765,52167,107932,37.6650864331785,127.057687709213
202104,7호선,먹골,49927,48875,98802,37.6106250591244,127.077764798784
202104,7호선,면목,72308,70970,143278,37.5883848968931,127.087567841531
202104,7호선,반포,27545,26869,54414,37.5081263886404,127.011497032246
202104,7호선,보라매,41173,40844,82017,37.5008205922635,126.920735867544
202104,7호선,부천시청,59577,58083,117660,37.5046422084139,126.764060373737
202104,7호선,부천종합운동장,21457,19713,41170,37.5054832436047,126.797430023467
202104,7호선,부평구청,45118,39516,84634,37.508225459146,126.720514883354
202104,7호선,사가정,81772,79667,161439,37.5807945533834,127.088439058456
202104,7호선,삼산체육관,22548,21300,43848,37.5065825037123,126.741906601707
202104,7호선,상도,46860,45380,92240,37.5032080456431,126.947700373641
202104,7호선,상동,62980,62410,125390,37.5058098548262,126.753186951602
202104,7호선,상봉,85797,80710,166507,37.5967093285386,127.085741817289
202104,7호선,수락산,70859,69964,140823,37.6776259369995,127.055374584266
202104,7호선,숭실대입구,52625,54351,106976,37.4958143308836,126.954060246067
202104,7호선,신대방삼거리,71616,68616,140232,37.4997218266711,126.928222967016
202104,7호선,신중동,61355,60509,121864,37.5029721503132,126.776499055771
202104,7호선,신풍,53518,50995,104513,37.5001172036762,126.909841656125
202104,7호선,어린이대공원,69363,69628,138991,37.547871203305,127.074549925093
202104,7호선,온수,36409,36843,73252,37.4921502838112,126.823380714316
202104,7호선,용마산,30178,32207,62385,37.5740302107904,127.087038114766
202104,7호선,이수,74253,70213,144466,37.4875538278198,126.982199707405
202104,7호선,장승배기,45033,43521,88554,37.5046658024741,126.938744364462
202104,7호선,장암,11413,8476,19889,37.7001189599459,127.053135359006
202104,7호선,중계,59854,54429,114283,37.6448906789921,127.064246723057
202104,7호선,중곡,44734,42379,87113,37.5655258842084,127.084072412789
202104,7호선,중화,52735,50855,103590,37.6015796992834,127.079469204905
202104,7호선,천왕,44453,42311,86764,37.4868219430207,126.838713741162
202104,7호선,철산,94975,96281,191256,37.4760980052319,126.868003853399
202104,7호선,청담,68531,73010,141541,37.5194406566749,127.053644513011
202104,7호선,춘의,32341,30867,63208,37.5036440878389,126.786866385135
202104,7호선,태릉입구,42921,39187,82108,37.6185137762138,127.075368429731
202104,7호선,하계,79512,74657,154169,37.6364521240646,127.067988537404
202104,7호선,학동,60521,64283,124804,37.5142064294604,127.031463762217
202105,7호선,가산디지털단지,120900,111335,232235,37.4815957375443,126.882559483336
202105,7호선,강남구청,71544,78242,149786,37.5171892352971,127.04130142966
202105,7호선,건대입구,86030,88858,174888,37.5404188872176,127.069173281554
202105,7호선,고속터미널,125054,88196,213250,37.5049267445237,127.004949918697
202105,7호선,공릉,72099,72157,144256,37.6254769202851,127.073005201049
202105,7호선,광명사거리,136191,135363,271554,37.4793355805984,126.854703171044
202105,7호선,군자,85500,66333,151833,37.5573631939521,127.079017279019
202105,7호선,굴포천,52466,53423,105889,37.5070784308537,126.731762426823
202105,7호선,까치울,45899,45234,91133,37.506199783967,126.811398277418
202105,7호선,남구로,72754,73954,146708,37.4861618372855,126.887341021559
202105,7호선,남성,61188,59152,120340,37.4844433924857,126.971706096071
202105,7호선,내방,61533,62187,123720,37.487533528504,126.993190309509
202105,7호선,노원,124653,127205,251858,37.6562677764281,127.063030448739
202105,7호선,논현,83428,89610,173038,37.5060527417451,127.023986887753
202105,7호선,대림,66513,66158,132671,37.4933105886136,126.8949461878
202105,7호선,도봉산,56772,80540,137312,37.6891205614059,127.046528790935
202105,7호선,뚝섬유원지,83633,80809,164442,37.5315862608622,127.06671773793
202105,7호선,마들,69207,65230,134437,37.6650864331785,127.057687709213
202105,7호선,먹골,64024,61751,125775,37.6106250591244,127.077764798784
202105,7호선,면목,89652,87803,177455,37.5883848968931,127.087567841531
202105,7호선,반포,34259,33598,67857,37.5081263886404,127.011497032246
202105,7호선,보라매,49721,48713,98434,37.5008205922635,126.920735867544
202105,7호선,부천시청,76449,74694,151143,37.5046422084139,126.764060373737
202105,7호선,부천종합운동장,26235,23941,50176,37.5054832436047,126.797430023467
202105,7호선,부평구청,51644,44899,96543,37.508225459146,126.720514883354
202105,7호선,사가정,102140,99428,201568,37.5807945533834,127.088439058456
202105,7호선,삼산체육관,28317,26698,55015,37.5065825037123,126.741906601707
202105,7호선,상도,59777,57943,117720,37.5032080456431,126.947700373641
202105,7호선,상동,80468,80229,160697,37.5058098548262,126.753186951602
202105,7호선,상봉,105421,100111,205532,37.5967093285386,127.085741817289
202105,7호선,수락산,87952,86019,173971,37.6776259369995,127.055374584266
202105,7호선,숭실대입구,64459,66751,131210,37.4958143308836,126.954060246067
202105,7호선,신대방삼거리,88596,85172,173768,37.4997218266711,126.928222967016
202105,7호선,신중동,76515,75105,151620,37.5029721503132,126.776499055771
202105,7호선,신풍,66918,64652,131570,37.5001172036762,126.909841656125
202105,7호선,어린이대공원,82068,80671,162739,37.547871203305,127.074549925093
202105,7호선,온수,44741,44859,89600,37.4921502838112,126.823380714316
202105,7호선,용마산,37042,38728,75770,37.5740302107904,127.087038114766
202105,7호선,이수,92974,87648,180622,37.4875538278198,126.982199707405
202105,7호선,장승배기,54306,52859,107165,37.5046658024741,126.938744364462
202105,7호선,장암,14246,10236,24482,37.7001189599459,127.053135359006
202105,7호선,중계,75544,68893,144437,37.6448906789921,127.064246723057
202105,7호선,중곡,55401,53131,108532,37.5655258842084,127.084072412789
202105,7호선,중화,66438,63621,130059,37.6015796992834,127.079469204905
202105,7호선,천왕,54568,52343,106911,37.4868219430207,126.838713741162
202105,7호선,철산,120320,121243,241563,37.4760980052319,126.868003853399
202105,7호선,청담,84167,89936,174103,37.5194406566749,127.053644513011
202105,7호선,춘의,40384,38599,78983,37.5036440878389,126.786866385135
202105,7호선,태릉입구,60162,57758,117920,37.6185137762138,127.075368429731
202105,7호선,하계,99635,94077,193712,37.6364521240646,127.067988537404
202105,7호선,학동,75245,79848,155093,37.5142064294604,127.031463762217
202106,7호선,가산디지털단지,100962,93533,194495,37.4815957375443,126.882559483336
202106,7호선,강남구청,59165,64871,124036,37.5171892352971,127.04130142966
202106,7호선,건대입구,70845,70594,141439,37.5404188872176,127.069173281554
202106,7호선,고속터미널,99735,72827,172562,37.5049267445237,127.004949918697
202106,7호선,공릉,58427,58465,116892,37.6254769202851,127.073005201049
202106,7호선,광명사거리,113016,111754,224770,37.4793355805984,126.854703171044
202106,7호선,군자,69694,54039,123733,37.5573631939521,127.079017279019
202106,7호선,굴포천,44178,44843,89021,37.5070784308537,126.731762426823
202106,7호선,까치울,38434,38276,76710,37.506199783967,126.811398277418
202106,7호선,남구로,59904,60829,120733,37.4861618372855,126.887341021559
202106,7호선,남성,50011,48244,98255,37.4844433924857,126.971706096071
202106,7호선,내방,49826,50327,100153,37.487533528504,126.993190309509
202106,7호선,노원,102787,106071,208858,37.6562677764281,127.063030448739
202106,7호선,논현,68153,73350,141503,37.5060527417451,127.023986887753
202106,7호선,대림,56443,56675,113118,37.4933105886136,126.8949461878
202106,7호선,도봉산,48012,69066,117078,37.6891205614059,127.046528790935
202106,7호선,뚝섬유원지,72868,68533,141401,37.5315862608622,127.06671773793
202106,7호선,마들,56965,53338,110303,37.6650864331785,127.057687709213
202106,7호선,먹골,52348,51278,103626,37.6106250591244,127.077764798784
202106,7호선,면목,74279,72274,146553,37.5883848968931,127.087567841531
202106,7호선,반포,28502,27493,55995,37.5081263886404,127.011497032246
202106,7호선,보라매,41331,40436,81767,37.5008205922635,126.920735867544
202106,7호선,부천시청,63629,62860,126489,37.5046422084139,126.764060373737
202106,7호선,부천종합운동장,22148,20264,42412,37.5054832436047,126.797430023467
202106,7호선,부평구청,34298,29935,64233,37.508225459146,126.720514883354
202106,7호선,사가정,84807,81970,166777,37.5807945533834,127.088439058456
202106,7호선,삼산체육관,24217,22407,46624,37.5065825037123,126.741906601707
202106,7호선,상도,48742,46649,95391,37.5032080456431,126.947700373641
202106,7호선,상동,67719,68060,135779,37.5058098548262,126.753186951602
202106,7호선,상봉,87298,82806,170104,37.5967093285386,127.085741817289
202106,7호선,수락산,74640,73373,148013,37.6776259369995,127.055374584266
202106,7호선,숭실대입구,53254,54139,107393,37.4958143308836,126.954060246067
202106,7호선,신대방삼거리,73925,70320,144245,37.4997218266711,126.928222967016
202106,7호선,신중동,64373,63617,127990,37.5029721503132,126.776499055771
202106,7호선,신풍,55492,52998,108490,37.5001172036762,126.909841656125
202106,7호선,어린이대공원,64507,63157,127664,37.547871203305,127.074549925093
202106,7호선,온수,37363,37070,74433,37.4921502838112,126.823380714316
202106,7호선,용마산,30449,31678,62127,37.5740302107904,127.087038114766
202106,7호선,이수,77296,73729,151025,37.4875538278198,126.982199707405
202106,7호선,장승배기,45430,44352,89782,37.5046658024741,126.938744364462
202106,7호선,장암,13067,9701,22768,37.7001189599459,127.053135359006
202106,7호선,중계,61323,55345,116668,37.6448906789921,127.064246723057
202106,7호선,중곡,44987,42772,87759,37.5655258842084,127.084072412789
202106,7호선,중화,52947,50098,103045,37.6015796992834,127.079469204905
202106,7호선,천왕,45512,43357,88869,37.4868219430207,126.838713741162
202106,7호선,철산,98846,99567,198413,37.4760980052319,126.868003853399
202106,7호선,청담,69061,73975,143036,37.5194406566749,127.053644513011
202106,7호선,춘의,33626,31839,65465,37.5036440878389,126.786866385135
202106,7호선,태릉입구,44315,40962,85277,37.6185137762138,127.075368429731
202106,7호선,하계,81388,76336,157724,37.6364521240646,127.067988537404
202106,7호선,학동,62929,67131,130060,37.5142064294604,127.031463762217
202107,7호선,가산디지털단지,92042,84507,176549,37.4815957375443,126.882559483336
202107,7호선,강남구청,54312,59139,113451,37.5171892352971,127.04130142966
202107,7호선,건대입구,64237,62598,126835,37.5404188872176,127.069173281554
202107,7호선,고속터미널,83339,60974,144313,37.5049267445237,127.004949918697
202107,7호선,공릉,53491,53539,107030,37.6254769202851,127.073005201049
202107,7호선,광명사거리,106440,106956,213396,37.4793355805984,126.854703171044
202107,7호선,군자,66989,52937,119926,37.5573631939521,127.079017279019
202107,7호선,굴포천,41428,42696,84124,37.5070784308537,126.731762426823
202107,7호선,까치울,34198,34404,68602,37.506199783967,126.811398277418
202107,7호선,남구로,57782,59555,117337,37.4861618372855,126.887341021559
202107,7호선,남성,47912,46173,94085,37.4844433924857,126.971706096071
202107,7호선,내방,47372,47722,95094,37.487533528504,126.993190309509
202107,7호선,노원,97837,100712,198549,37.6562677764281,127.063030448739
202107,7호선,논현,65210,70551,135761,37.5060527417451,127.023986887753
202107,7호선,대림,50638,51037,101675,37.4933105886136,126.8949461878
202107,7호선,도봉산,43473,58988,102461,37.6891205614059,127.046528790935
202107,7호선,뚝섬유원지,43241,41282,84523,37.5315862608622,127.06671773793
202107,7호선,마들,54114,51291,105405,37.6650864331785,127.057687709213
202107,7호선,먹골,48239,47242,95481,37.6106250591244,127.077764798784
202107,7호선,면목,70711,70170,140881,37.5883848968931,127.087567841531
202107,7호선,반포,26913,26015,52928,37.5081263886404,127.011497032246
202107,7호선,보라매,38804,37144,75948,37.5008205922635,126.920735867544
202107,7호선,부천시청,61326,60946,122272,37.5046422084139,126.764060373737
202107,7호선,부천종합운동장,21114,18729,39843,37.5054832436047,126.797430023467
202107,7호선,부평구청,31404,28197,59601,37.508225459146,126.720514883354
202107,7호선,사가정,78571,76723,155294,37.5807945533834,127.088439058456
202107,7호선,삼산체육관,21524,20130,41654,37.5065825037123,126.741906601707
202107,7호선,상도,45284,43496,88780,37.5032080456431,126.947700373641
202107,7호선,상동,62238,62611,124849,37.5058098548262,126.753186951602
202107,7호선,상봉,81373,77012,158385,37.5967093285386,127.085741817289
202107,7호선,수락산,68067,67771,135838,37.6776259369995,127.055374584266
202107,7호선,숭실대입구,47640,48929,96569,37.4958143308836,126.954060246067
202107,7호선,신대방삼거리,71354,68351,139705,37.4997218266711,126.928222967016
202107,7호선,신중동,60183,59429,119612,37.5029721503132,126.776499055771
202107,7호선,신풍,52066,50075,102141,37.5001172036762,126.909841656125
202107,7호선,어린이대공원,55654,53154,108808,37.547871203305,127.074549925093
202107,7호선,온수,35199,34663,69862,37.4921502838112,126.823380714316
202107,7호선,용마산,27936,28966,56902,37.5740302107904,127.087038114766
202107,7호선,이수,71429,67983,139412,37.4875538278198,126.982199707405
202107,7호선,장승배기,43050,41921,84971,37.5046658024741,126.938744364462
202107,7호선,장암,11037,8173,19210,37.7001189599459,127.053135359006
202107,7호선,중계,57751,52388,110139,37.6448906789921,127.064246723057
202107,7호선,중곡,42675,41095,83770,37.5655258842084,127.084072412789
202107,7호선,중화,50447,48827,99274,37.6015796992834,127.079469204905
202107,7호선,천왕,42416,40303,82719,37.4868219430207,126.838713741162
202107,7호선,철산,90872,91939,182811,37.4760980052319,126.868003853399
202107,7호선,청담,64214,67614,131828,37.5194406566749,127.053644513011
202107,7호선,춘의,32884,31463,64347,37.5036440878389,126.786866385135
202107,7호선,태릉입구,40617,37710,78327,37.6185137762138,127.075368429731
202107,7호선,하계,74766,70879,145645,37.6364521240646,127.067988537404
202107,7호선,학동,56515,59660,116175,37.5142064294604,127.031463762217
202108,7호선,가산디지털단지,84472,77655,162127,37.4815957375443,126.882559483336
202108,7호선,강남구청,50544,55146,105690,37.5171892352971,127.04130142966
202108,7호선,건대입구,61784,61771,123555,37.5404188872176,127.069173281554
202108,7호선,고속터미널,82083,58743,140826,37.5049267445237,127.004949918697
202108,7호선,공릉,52193,52390,104583,37.6254769202851,127.073005201049
202108,7호선,광명사거리,103423,103116,206539,37.4793355805984,126.854703171044
202108,7호선,군자,63375,50644,114019,37.5573631939521,127.079017279019
202108,7호선,굴포천,39864,40878,80742,37.5070784308537,126.731762426823
202108,7호선,까치울,33956,34613,68569,37.506199783967,126.811398277418
202108,7호선,남구로,55102,55900,111002,37.4861618372855,126.887341021559
202108,7호선,남성,45911,44048,89959,37.4844433924857,126.971706096071
202108,7호선,내방,45703,46227,91930,37.487533528504,126.993190309509
202108,7호선,노원,93691,96375,190066,37.6562677764281,127.063030448739
202108,7호선,논현,60840,65634,126474,37.5060527417451,127.023986887753
202108,7호선,대림,49493,49544,99037,37.4933105886136,126.8949461878
202108,7호선,도봉산,41985,59223,101208,37.6891205614059,127.046528790935
202108,7호선,뚝섬유원지,52459,47356,99815,37.5315862608622,127.06671773793
202108,7호선,마들,53587,50373,103960,37.6650864331785,127.057687709213
202108,7호선,먹골,46186,45010,91196,37.6106250591244,127.077764798784
202108,7호선,면목,69098,68186,137284,37.5883848968931,127.087567841531
202108,7호선,반포,25635,24360,49995,37.5081263886404,127.011497032246
202108,7호선,보라매,37362,36028,73390,37.5008205922635,126.920735867544
202108,7호선,부천시청,59028,57804,116832,37.5046422084139,126.764060373737
202108,7호선,부천종합운동장,20111,18074,38185,37.5054832436047,126.797430023467
202108,7호선,부평구청,30366,27184,57550,37.508225459146,126.720514883354
202108,7호선,사가정,76638,74676,151314,37.5807945533834,127.088439058456
202108,7호선,삼산체육관,21182,20154,41336,37.5065825037123,126.741906601707
202108,7호선,상도,43234,41784,85018,37.5032080456431,126.947700373641
202108,7호선,상동,59701,59612,119313,37.5058098548262,126.753186951602
202108,7호선,상봉,78280,74558,152838,37.5967093285386,127.085741817289
202108,7호선,수락산,67646,67463,135109,37.6776259369995,127.055374584266
202108,7호선,숭실대입구,46819,48588,95407,37.4958143308836,126.954060246067
202108,7호선,신대방삼거리,68410,65355,133765,37.4997218266711,126.928222967016
202108,7호선,신중동,57012,56177,113189,37.5029721503132,126.776499055771
202108,7호선,신풍,49473,47095,96568,37.5001172036762,126.909841656125
202108,7호선,어린이대공원,52892,51628,104520,37.547871203305,127.074549925093
202108,7호선,온수,33413,33108,66521,37.4921502838112,126.823380714316
202108,7호선,용마산,27203,28523,55726,37.5740302107904,127.087038114766
202108,7호선,이수,68367,65124,133491,37.4875538278198,126.982199707405
202108,7호선,장승배기,41250,40219,81469,37.5046658024741,126.938744364462
202108,7호선,장암,10991,8288,19279,37.7001189599459,127.053135359006
202108,7호선,중계,56111,51203,107314,37.6448906789921,127.064246723057
202108,7호선,중곡,41162,39997,81159,37.5655258842084,127.084072412789
202108,7호선,중화,48479,46721,95200,37.6015796992834,127.079469204905
202108,7호선,천왕,40401,38799,79200,37.4868219430207,126.838713741162
202108,7호선,철산,87552,88293,175845,37.4760980052319,126.868003853399
202108,7호선,청담,59266,62503,121769,37.5194406566749,127.053644513011
202108,7호선,춘의,31316,29819,61135,37.5036440878389,126.786866385135
202108,7호선,태릉입구,39532,37176,76708,37.6185137762138,127.075368429731
202108,7호선,하계,72909,68713,141622,37.6364521240646,127.067988537404
202108,7호선,학동,50983,53415,104398,37.5142064294604,127.031463762217
202109,7호선,가산디지털단지,88706,80164,168870,37.4815957375443,126.882559483336
202109,7호선,강남구청,52399,56838,109237,37.5171892352971,127.04130142966
202109,7호선,건대입구,62735,63226,125961,37.5404188872176,127.069173281554
202109,7호선,고속터미널,80227,66729,146956,37.5049267445237,127.004949918697
202109,7호선,공릉,53640,53533,107173,37.6254769202851,127.073005201049
202109,7호선,광명사거리,106783,106235,213018,37.4793355805984,126.854703171044
202109,7호선,군자,65023,49778,114801,37.5573631939521,127.079017279019
202109,7호선,굴포천,39520,40337,79857,37.5070784308537,126.731762426823
202109,7호선,까치울,34714,34727,69441,37.506199783967,126.811398277418
202109,7호선,남구로,53827,54311,108138,37.4861618372855,126.887341021559
202109,7호선,남성,46740,43197,89937,37.4844433924857,126.971706096071
202109,7호선,내방,46613,46329,92942,37.487533528504,126.993190309509
202109,7호선,노원,96054,99140,195194,37.6562677764281,127.063030448739
202109,7호선,논현,62444,67029,129473,37.5060527417451,127.023986887753
202109,7호선,대림,49876,49829,99705,37.4933105886136,126.8949461878
202109,7호선,도봉산,44793,63844,108637,37.6891205614059,127.046528790935
202109,7호선,뚝섬유원지,77408,69736,147144,37.5315862608622,127.06671773793
202109,7호선,마들,54024,50490,104514,37.6650864331785,127.057687709213
202109,7호선,먹골,47904,45853,93757,37.6106250591244,127.077764798784
202109,7호선,면목,70110,68580,138690,37.5883848968931,127.087567841531
202109,7호선,반포,25787,24853,50640,37.5081263886404,127.011497032246
202109,7호선,보라매,37402,36026,73428,37.5008205922635,126.920735867544
202109,7호선,부천시청,59117,58241,117358,37.5046422084139,126.764060373737
202109,7호선,부천종합운동장,20996,19019,40015,37.5054832436047,126.797430023467
202109,7호선,부평구청,30665,27621,58286,37.508225459146,126.720514883354
202109,7호선,사가정,78170,75069,153239,37.5807945533834,127.088439058456
202109,7호선,삼산체육관,22284,20554,42838,37.5065825037123,126.741906601707
202109,7호선,상도,45142,42114,87256,37.5032080456431,126.947700373641
202109,7호선,상동,61074,61659,122733,37.5058098548262,126.753186951602
202109,7호선,상봉,79468,75129,154597,37.5967093285386,127.085741817289
202109,7호선,수락산,69454,68274,137728,37.6776259369995,127.055374584266
202109,7호선,숭실대입구,49351,49589,98940,37.4958143308836,126.954060246067
202109,7호선,신대방삼거리,68894,64368,133262,37.4997218266711,126.928222967016
202109,7호선,신중동,58403,57569,115972,37.5029721503132,126.776499055771
202109,7호선,신풍,50305,47762,98067,37.5001172036762,126.909841656125
202109,7호선,어린이대공원,59919,57578,117497,37.547871203305,127.074549925093
202109,7호선,온수,34701,34020,68721,37.4921502838112,126.823380714316
202109,7호선,용마산,27872,30516,58388,37.5740302107904,127.087038114766
202109,7호선,이수,70306,65995,136301,37.4875538278198,126.982199707405
202109,7호선,장승배기,41799,39923,81722,37.5046658024741,126.938744364462
202109,7호선,장암,11628,8835,20463,37.7001189599459,127.053135359006
202109,7호선,중계,57721,51966,109687,37.6448906789921,127.064246723057
202109,7호선,중곡,43395,40864,84259,37.5655258842084,127.084072412789
202109,7호선,중화,48768,46205,94973,37.6015796992834,127.079469204905
202109,7호선,천왕,42341,40164,82505,37.4868219430207,126.838713741162
202109,7호선,철산,91716,92197,183913,37.4760980052319,126.868003853399
202109,7호선,청담,59264,63120,122384,37.5194406566749,127.053644513011
202109,7호선,춘의,31223,29890,61113,37.5036440878389,126.786866385135
202109,7호선,태릉입구,41183,38101,79284,37.6185137762138,127.075368429731
202109,7호선,하계,75074,69494,144568,37.6364521240646,127.067988537404
202109,7호선,학동,51533,53711,105244,37.5142064294604,127.031463762217
202110,7호선,가산디지털단지,126855,115225,242080,37.4815957375443,126.882559483336
202110,7호선,강남구청,74757,82615,157372,37.5171892352971,127.04130142966
202110,7호선,건대입구,86455,88913,175368,37.5404188872176,127.069173281554
202110,7호선,고속터미널,119963,88796,208759,37.5049267445237,127.004949918697
202110,7호선,공릉,72420,71588,144008,37.6254769202851,127.073005201049
202110,7호선,광명사거리,136981,135182,272163,37.4793355805984,126.854703171044
202110,7호선,군자,86296,66822,153118,37.5573631939521,127.079017279019
202110,7호선,굴포천,54001,55373,109374,37.5070784308537,126.731762426823
202110,7호선,까치울,47260,47436,94696,37.506199783967,126.811398277418
202110,7호선,남구로,69297,70025,139322,37.4861618372855,126.887341021559
202110,7호선,남성,60614,57040,117654,37.4844433924857,126.971706096071
202110,7호선,내방,60424,60221,120645,37.487533528504,126.993190309509
202110,7호선,노원,124725,127644,252369,37.6562677764281,127.063030448739
202110,7호선,논현,80912,86866,167778,37.5060527417451,127.023986887753
202110,7호선,대림,65681,65433,131114,37.4933105886136,126.8949461878
202110,7호선,도봉산,62358,87846,150204,37.6891205614059,127.046528790935
202110,7호선,뚝섬유원지,82629,77100,159729,37.5315862608622,127.06671773793
202110,7호선,마들,72458,67702,140160,37.6650864331785,127.057687709213
202110,7호선,먹골,65313,63509,128822,37.6106250591244,127.077764798784
202110,7호선,면목,91639,89523,181162,37.5883848968931,127.087567841531
202110,7호선,반포,33518,32703,66221,37.5081263886404,127.011497032246
202110,7호선,보라매,50669,49132,99801,37.5008205922635,126.920735867544
202110,7호선,부천시청,80222,78183,158405,37.5046422084139,126.764060373737
202110,7호선,부천종합운동장,27001,24292,51293,37.5054832436047,126.797430023467
202110,7호선,부평구청,40822,36428,77250,37.508225459146,126.720514883354
202110,7호선,사가정,102524,98705,201229,37.5807945533834,127.088439058456
202110,7호선,삼산체육관,30620,28746,59366,37.5065825037123,126.741906601707
202110,7호선,상도,59382,56258,115640,37.5032080456431,126.947700373641
202110,7호선,상동,86493,87219,173712,37.5058098548262,126.753186951602
202110,7호선,상봉,106878,101444,208322,37.5967093285386,127.085741817289
202110,7호선,수락산,88995,87635,176630,37.6776259369995,127.055374584266
202110,7호선,숭실대입구,67080,67910,134990,37.4958143308836,126.954060246067
202110,7호선,신대방삼거리,89497,85008,174505,37.4997218266711,126.928222967016
202110,7호선,신중동,78138,77250,155388,37.5029721503132,126.776499055771
202110,7호선,신풍,67317,64059,131376,37.5001172036762,126.909841656125
202110,7호선,어린이대공원,85211,84273,169484,37.547871203305,127.074549925093
202110,7호선,온수,45374,45172,90546,37.4921502838112,126.823380714316
202110,7호선,용마산,36518,38964,75482,37.5740302107904,127.087038114766
202110,7호선,이수,96160,90691,186851,37.4875538278198,126.982199707405
202110,7호선,장승배기,53668,52019,105687,37.5046658024741,126.938744364462
202110,7호선,장암,14953,10825,25778,37.7001189599459,127.053135359006
202110,7호선,중계,76730,69952,146682,37.6448906789921,127.064246723057
202110,7호선,중곡,58347,55525,113872,37.5655258842084,127.084072412789
202110,7호선,중화,63585,61004,124589,37.6015796992834,127.079469204905
202110,7호선,천왕,55102,52505,107607,37.4868219430207,126.838713741162
202110,7호선,철산,118597,118545,237142,37.4760980052319,126.868003853399
202110,7호선,청담,84104,90167,174271,37.5194406566749,127.053644513011
202110,7호선,춘의,41238,39196,80434,37.5036440878389,126.786866385135
202110,7호선,태릉입구,55243,51126,106369,37.6185137762138,127.075368429731
202110,7호선,하계,101431,94669,196100,37.6364521240646,127.067988537404
202110,7호선,학동,77422,81867,159289,37.5142064294604,127.031463762217
202111,7호선,가산디지털단지,108757,99725,208482,37.4815957375443,126.882559483336
202111,7호선,강남구청,64073,70339,134412,37.5171892352971,127.04130142966
202111,7호선,건대입구,76887,81208,158095,37.5404188872176,127.069173281554
202111,7호선,고속터미널,117255,82119,199374,37.5049267445237,127.004949918697
202111,7호선,공릉,62604,61428,124032,37.6254769202851,127.073005201049
202111,7호선,광명사거리,117427,116255,233682,37.4793355805984,126.854703171044
202111,7호선,군자,74188,56297,130485,37.5573631939521,127.079017279019
202111,7호선,굴포천,46049,46658,92707,37.5070784308537,126.731762426823
202111,7호선,까치울,39767,39279,79046,37.506199783967,126.811398277418
202111,7호선,남구로,58813,59812,118625,37.4861618372855,126.887341021559
202111,7호선,남성,52298,49040,101338,37.4844433924857,126.971706096071
202111,7호선,내방,51956,52132,104088,37.487533528504,126.993190309509
202111,7호선,노원,106780,110477,217257,37.6562677764281,127.063030448739
202111,7호선,논현,70329,77101,147430,37.5060527417451,127.023986887753
202111,7호선,대림,56655,57508,114163,37.4933105886136,126.8949461878
202111,7호선,도봉산,50422,70477,120899,37.6891205614059,127.046528790935
202111,7호선,뚝섬유원지,54948,50918,105866,37.5315862608622,127.06671773793
202111,7호선,마들,61133,56413,117546,37.6650864331785,127.057687709213
202111,7호선,먹골,56195,54625,110820,37.6106250591244,127.077764798784
202111,7호선,면목,76990,74150,151140,37.5883848968931,127.087567841531
202111,7호선,반포,29482,28223,57705,37.5081263886404,127.011497032246
202111,7호선,보라매,45548,43967,89515,37.5008205922635,126.920735867544
202111,7호선,부천시청,65906,64920,130826,37.5046422084139,126.764060373737
202111,7호선,부천종합운동장,23084,20369,43453,37.5054832436047,126.797430023467
202111,7호선,부평구청,34874,30931,65805,37.508225459146,126.720514883354
202111,7호선,사가정,86416,82516,168932,37.5807945533834,127.088439058456
202111,7호선,삼산체육관,26390,24398,50788,37.5065825037123,126.741906601707
202111,7호선,상도,54842,51699,106541,37.5032080456431,126.947700373641
202111,7호선,상동,74953,75882,150835,37.5058098548262,126.753186951602
202111,7호선,상봉,90773,86406,177179,37.5967093285386,127.085741817289
202111,7호선,수락산,73511,70968,144479,37.6776259369995,127.055374584266
202111,7호선,숭실대입구,60386,60433,120819,37.4958143308836,126.954060246067
202111,7호선,신대방삼거리,77721,73014,150735,37.4997218266711,126.928222967016
202111,7호선,신중동,66730,66605,133335,37.5029721503132,126.776499055771
202111,7호선,신풍,57623,54325,111948,37.5001172036762,126.909841656125
202111,7호선,어린이대공원,73072,72065,145137,37.547871203305,127.074549925093
202111,7호선,온수,39346,39323,78669,37.4921502838112,126.823380714316
202111,7호선,용마산,31291,32670,63961,37.5740302107904,127.087038114766
202111,7호선,이수,81982,78528,160510,37.4875538278198,126.982199707405
202111,7호선,장승배기,46045,44113,90158,37.5046658024741,126.938744364462
202111,7호선,장암,12142,8772,20914,37.7001189599459,127.053135359006
202111,7호선,중계,65971,59550,125521,37.6448906789921,127.064246723057
202111,7호선,중곡,48671,45920,94591,37.5655258842084,127.084072412789
202111,7호선,중화,53811,51385,105196,37.6015796992834,127.079469204905
202111,7호선,천왕,47961,44990,92951,37.4868219430207,126.838713741162
202111,7호선,철산,104638,105188,209826,37.4760980052319,126.868003853399
202111,7호선,청담,75601,82339,157940,37.5194406566749,127.053644513011
202111,7호선,춘의,34898,33127,68025,37.5036440878389,126.786866385135
202111,7호선,태릉입구,46692,42938,89630,37.6185137762138,127.075368429731
202111,7호선,하계,87015,80310,167325,37.6364521240646,127.067988537404
202111,7호선,학동,73574,78417,151991,37.5142064294604,127.031463762217
202112,7호선,가산디지털단지,93719,84345,178064,37.4815957375443,126.882559483336
202112,7호선,강남구청,56020,60971,116991,37.5171892352971,127.04130142966
202112,7호선,건대입구,68776,70248,139024,37.5404188872176,127.069173281554
202112,7호선,고속터미널,90734,65807,156541,37.5049267445237,127.004949918697
202112,7호선,공릉,54014,53999,108013,37.6254769202851,127.073005201049
202112,7호선,광명사거리,104451,104138,208589,37.4793355805984,126.854703171044
202112,7호선,군자,65289,51214,116503,37.5573631939521,127.079017279019
202112,7호선,굴포천,41883,43105,84988,37.5070784308537,126.731762426823
202112,7호선,까치울,32757,33349,66106,37.506199783967,126.811398277418
202112,7호선,남구로,53509,54139,107648,37.4861618372855,126.887341021559
202112,7호선,남성,47109,45102,92211,37.4844433924857,126.971706096071
202112,7호선,내방,45834,46653,92487,37.487533528504,126.993190309509
202112,7호선,노원,97676,98240,195916,37.6562677764281,127.063030448739
202112,7호선,논현,60617,65694,126311,37.5060527417451,127.023986887753
202112,7호선,대림,48467,48611,97078,37.4933105886136,126.8949461878
202112,7호선,도봉산,39412,53981,93393,37.6891205614059,127.046528790935
202112,7호선,뚝섬유원지,35859,34611,70470,37.5315862608622,127.06671773793
202112,7호선,마들,52546,49704,102250,37.6650864331785,127.057687709213
202112,7호선,먹골,48777,47874,96651,37.6106250591244,127.077764798784
202112,7호선,면목,69581,68488,138069,37.5883848968931,127.087567841531
202112,7호선,반포,25505,24271,49776,37.5081263886404,127.011497032246
202112,7호선,보라매,37734,36559,74293,37.5008205922635,126.920735867544
202112,7호선,부천시청,62275,60867,123142,37.5046422084139,126.764060373737
202112,7호선,부천종합운동장,20950,18969,39919,37.5054832436047,126.797430023467
202112,7호선,부평구청,30798,27739,58537,37.508225459146,126.720514883354
202112,7호선,사가정,74811,73342,148153,37.5807945533834,127.088439058456
202112,7호선,삼산체육관,22584,21337,43921,37.5065825037123,126.741906601707
202112,7호선,상도,44494,42971,87465,37.5032080456431,126.947700373641
202112,7호선,상동,66729,66751,133480,37.5058098548262,126.753186951602
202112,7호선,상봉,82037,77839,159876,37.5967093285386,127.085741817289
202112,7호선,수락산,61609,60475,122084,37.6776259369995,127.055374584266
202112,7호선,숭실대입구,48899,49931,98830,37.4958143308836,126.954060246067
202112,7호선,신대방삼거리,69587,66934,136521,37.4997218266711,126.928222967016
202112,7호선,신중동,60527,60590,121117,37.5029721503132,126.776499055771
202112,7호선,신풍,48937,46972,95909,37.5001172036762,126.909841656125
202112,7호선,어린이대공원,55218,54231,109449,37.547871203305,127.074549925093
202112,7호선,온수,33296,33742,67038,37.4921502838112,126.823380714316
202112,7호선,용마산,26994,27437,54431,37.5740302107904,127.087038114766
202112,7호선,이수,73475,68973,142448,37.4875538278198,126.982199707405
202112,7호선,장승배기,41263,39986,81249,37.5046658024741,126.938744364462
202112,7호선,장암,9408,6139,15547,37.7001189599459,127.053135359006
202112,7호선,중계,55798,51230,107028,37.6448906789921,127.064246723057
202112,7호선,중곡,44289,42778,87067,37.5655258842084,127.084072412789
202112,7호선,중화,46983,45858,92841,37.6015796992834,127.079469204905
202112,7호선,천왕,41630,39992,81622,37.4868219430207,126.838713741162
202112,7호선,철산,92238,93848,186086,37.4760980052319,126.868003853399
202112,7호선,청담,64702,70215,134917,37.5194406566749,127.053644513011
202112,7호선,춘의,31275,29740,61015,37.5036440878389,126.786866385135
202112,7호선,태릉입구,40245,36995,77240,37.6185137762138,127.075368429731
202112,7호선,하계,74742,70331,145073,37.6364521240646,127.067988537404
202112,7호선,학동,64034,67496,131530,37.5142064294604,127.031463762217
202101,8호선,가락시장,33536,37784,71320,37.4927440321316,127.118485741487
202101,8호선,강동구청,38266,39913,78179,37.5306740877124,127.12057605164
202101,8호선,남한산성입구,59019,54447,113466,37.4515683423116,127.159802461468
202101,8호선,단대오거리,47157,45741,92898,37.4451431531719,127.156687885923
202101,8호선,모란,24452,19739,44191,37.4338501673337,127.129551165797
202101,8호선,몽촌토성,25115,25326,50441,37.5176236317445,127.112429917071
202101,8호선,문정,48837,50513,99350,37.4862618233383,127.122290332976
202101,8호선,복정,39006,35815,74821,37.4710560005054,127.126771228018
202101,8호선,산성,32619,33096,65715,37.456524575777,127.149943523317
202101,8호선,석촌,35793,42324,78117,37.5059496431187,127.106345349428
202101,8호선,송파,32025,33332,65357,37.4996866748478,127.112179893361
202101,8호선,수진,27051,25226,52277,37.4374594671775,127.1403519473
202101,8호선,신흥,25031,26678,51709,37.4411840785188,127.148107604929
202101,8호선,암사,78296,73866,152162,37.5501403417224,127.127540246626
202101,8호선,잠실,80352,84273,164625,37.513859279255,127.101857941447
202101,8호선,장지,79166,80562,159728,37.4781192050612,127.126424204036
202101,8호선,천호,79056,90436,169492,37.5385789820645,127.123742434482
202102,8호선,가락시장,30239,33826,64065,37.4927440321316,127.118485741487
202102,8호선,강동구청,35434,36145,71579,37.5306740877124,127.12057605164
202102,8호선,남한산성입구,55112,50599,105711,37.4515683423116,127.159802461468
202102,8호선,단대오거리,43618,41681,85299,37.4451431531719,127.156687885923
202102,8호선,모란,21795,18251,40046,37.4338501673337,127.129551165797
202102,8호선,몽촌토성,23941,24349,48290,37.5176236317445,127.112429917071
202102,8호선,문정,44652,46921,91573,37.4862618233383,127.122290332976
202102,8호선,복정,38643,34897,73540,37.4710560005054,127.126771228018
202102,8호선,산성,30517,31202,61719,37.456524575777,127.149943523317
202102,8호선,석촌,32942,40530,73472,37.5059496431187,127.106345349428
202102,8호선,송파,29296,30112,59408,37.4996866748478,127.112179893361
202102,8호선,수진,23612,21493,45105,37.4374594671775,127.1403519473
202102,8호선,신흥,22273,23801,46074,37.4411840785188,127.148107604929
202102,8호선,암사,72303,67544,139847,37.5501403417224,127.127540246626
202102,8호선,잠실,76742,83642,160384,37.513859279255,127.101857941447
202102,8호선,장지,72526,71822,144348,37.4781192050612,127.126424204036
202102,8호선,천호,72321,84129,156450,37.5385789820645,127.123742434482
202103,8호선,가락시장,33886,37171,71057,37.4927440321316,127.118485741487
202103,8호선,강동구청,39422,40418,79840,37.5306740877124,127.12057605164
202103,8호선,남한산성입구,58644,54084,112728,37.4515683423116,127.159802461468
202103,8호선,단대오거리,47905,46391,94296,37.4451431531719,127.156687885923
202103,8호선,모란,24472,20800,45272,37.4338501673337,127.129551165797
202103,8호선,몽촌토성,26730,26472,53202,37.5176236317445,127.112429917071
202103,8호선,문정,53687,55662,109349,37.4862618233383,127.122290332976
202103,8호선,복정,44410,40272,84682,37.4710560005054,127.126771228018
202103,8호선,산성,32218,32742,64960,37.456524575777,127.149943523317
202103,8호선,석촌,37488,45658,83146,37.5059496431187,127.106345349428
202103,8호선,송파,33932,34993,68925,37.4996866748478,127.112179893361
202103,8호선,수진,26347,23774,50121,37.4374594671775,127.1403519473
202103,8호선,신흥,24237,25782,50019,37.4411840785188,127.148107604929
202103,8호선,암사,79944,74760,154704,37.5501403417224,127.127540246626
202103,8호선,잠실,82583,91739,174322,37.513859279255,127.101857941447
202103,8호선,장지,83571,81056,164627,37.4781192050612,127.126424204036
202103,8호선,천호,80092,92539,172631,37.5385789820645,127.123742434482
202104,8호선,가락시장,33019,36356,69375,37.4927440321316,127.118485741487
202104,8호선,강동구청,38363,39123,77486,37.5306740877124,127.12057605164
202104,8호선,남한산성입구,59714,54959,114673,37.4515683423116,127.159802461468
202104,8호선,단대오거리,49300,47619,96919,37.4451431531719,127.156687885923
202104,8호선,모란,26993,23132,50125,37.4338501673337,127.129551165797
202104,8호선,몽촌토성,28892,29062,57954,37.5176236317445,127.112429917071
202104,8호선,문정,53317,55690,109007,37.4862618233383,127.122290332976
202104,8호선,복정,45298,40686,85984,37.4710560005054,127.126771228018
202104,8호선,산성,32865,32906,65771,37.456524575777,127.149943523317
202104,8호선,석촌,37367,45155,82522,37.5059496431187,127.106345349428
202104,8호선,송파,32919,33875,66794,37.4996866748478,127.112179893361
202104,8호선,수진,27805,24634,52439,37.4374594671775,127.1403519473
202104,8호선,신흥,24573,26244,50817,37.4411840785188,127.148107604929
202104,8호선,암사,80578,75387,155965,37.5501403417224,127.127540246626
202104,8호선,잠실,79512,88766,168278,37.513859279255,127.101857941447
202104,8호선,장지,80259,77127,157386,37.4781192050612,127.126424204036
202104,8호선,천호,77663,90296,167959,37.5385789820645,127.123742434482
202105,8호선,가락시장,40786,44327,85113,37.4927440321316,127.118485741487
202105,8호선,강동구청,48071,49302,97373,37.5306740877124,127.12057605164
202105,8호선,남한산성입구,73075,67793,140868,37.4515683423116,127.159802461468
202105,8호선,단대오거리,60659,57975,118634,37.4451431531719,127.156687885923
202105,8호선,모란,31541,27167,58708,37.4338501673337,127.129551165797
202105,8호선,몽촌토성,34305,34631,68936,37.5176236317445,127.112429917071
202105,8호선,문정,65545,68123,133668,37.4862618233383,127.122290332976
202105,8호선,복정,56029,50375,106404,37.4710560005054,127.126771228018
202105,8호선,산성,38688,39132,77820,37.456524575777,127.149943523317
202105,8호선,석촌,46081,56116,102197,37.5059496431187,127.106345349428
202105,8호선,송파,41425,42443,83868,37.4996866748478,127.112179893361
202105,8호선,수진,32498,30014,62512,37.4374594671775,127.1403519473
202105,8호선,신흥,30641,32670,63311,37.4411840785188,127.148107604929
202105,8호선,암사,99006,93173,192179,37.5501403417224,127.127540246626
202105,8호선,잠실,100888,113603,214491,37.513859279255,127.101857941447
202105,8호선,장지,99797,95533,195330,37.4781192050612,127.126424204036
202105,8호선,천호,95532,111825,207357,37.5385789820645,127.123742434482
202106,8호선,가락시장,32402,35636,68038,37.4927440321316,127.118485741487
202106,8호선,강동구청,40115,40771,80886,37.5306740877124,127.12057605164
202106,8호선,남한산성입구,60313,55528,115841,37.4515683423116,127.159802461468
202106,8호선,단대오거리,49150,47586,96736,37.4451431531719,127.156687885923
202106,8호선,모란,24829,21277,46106,37.4338501673337,127.129551165797
202106,8호선,몽촌토성,28497,28434,56931,37.5176236317445,127.112429917071
202106,8호선,문정,52724,54383,107107,37.4862618233383,127.122290332976
202106,8호선,복정,46992,41997,88989,37.4710560005054,127.126771228018
202106,8호선,산성,31508,31530,63038,37.456524575777,127.149943523317
202106,8호선,석촌,37666,45730,83396,37.5059496431187,127.106345349428
202106,8호선,송파,32753,33084,65837,37.4996866748478,127.112179893361
202106,8호선,수진,27219,24341,51560,37.4374594671775,127.1403519473
202106,8호선,신흥,25006,26371,51377,37.4411840785188,127.148107604929
202106,8호선,암사,81947,76118,158065,37.5501403417224,127.127540246626
202106,8호선,잠실,82136,93925,176061,37.513859279255,127.101857941447
202106,8호선,장지,80979,77356,158335,37.4781192050612,127.126424204036
202106,8호선,천호,78145,91906,170051,37.5385789820645,127.123742434482
202107,8호선,가락시장,31164,33584,64748,37.4927440321316,127.118485741487
202107,8호선,강동구청,37820,38798,76618,37.5306740877124,127.12057605164
202107,8호선,남한산성입구,57218,52443,109661,37.4515683423116,127.159802461468
202107,8호선,단대오거리,47145,45621,92766,37.4451431531719,127.156687885923
202107,8호선,모란,24106,20954,45060,37.4338501673337,127.129551165797
202107,8호선,몽촌토성,26235,25850,52085,37.5176236317445,127.112429917071
202107,8호선,문정,47211,48508,95719,37.4862618233383,127.122290332976
202107,8호선,복정,42308,37620,79928,37.4710560005054,127.126771228018
202107,8호선,산성,27747,28276,56023,37.456524575777,127.149943523317
202107,8호선,석촌,36411,43258,79669,37.5059496431187,127.106345349428
202107,8호선,송파,31759,32247,64006,37.4996866748478,127.112179893361
202107,8호선,수진,26930,24160,51090,37.4374594671775,127.1403519473
202107,8호선,신흥,24790,26425,51215,37.4411840785188,127.148107604929
202107,8호선,암사,77449,73079,150528,37.5501403417224,127.127540246626
202107,8호선,잠실,76419,85498,161917,37.513859279255,127.101857941447
202107,8호선,장지,76888,75354,152242,37.4781192050612,127.126424204036
202107,8호선,천호,74099,86588,160687,37.5385789820645,127.123742434482
202108,8호선,가락시장,29269,32852,62121,37.4927440321316,127.118485741487
202108,8호선,강동구청,36228,37314,73542,37.5306740877124,127.12057605164
202108,8호선,남한산성입구,55984,51166,107150,37.4515683423116,127.159802461468
202108,8호선,단대오거리,45445,43749,89194,37.4451431531719,127.156687885923
202108,8호선,모란,23978,20555,44533,37.4338501673337,127.129551165797
202108,8호선,몽촌토성,26034,25219,51253,37.5176236317445,127.112429917071
202108,8호선,문정,43974,44981,88955,37.4862618233383,127.122290332976
202108,8호선,복정,40456,36743,77199,37.4710560005054,127.126771228018
202108,8호선,산성,27552,27902,55454,37.456524575777,127.149943523317
202108,8호선,석촌,35265,42801,78066,37.5059496431187,127.106345349428
202108,8호선,송파,30241,30945,61186,37.4996866748478,127.112179893361
202108,8호선,수진,26253,23330,49583,37.4374594671775,127.1403519473
202108,8호선,신흥,23173,24975,48148,37.4411840785188,127.148107604929
202108,8호선,암사,76103,71325,147428,37.5501403417224,127.127540246626
202108,8호선,잠실,73430,82304,155734,37.513859279255,127.101857941447
202108,8호선,장지,72797,71908,144705,37.4781192050612,127.126424204036
202108,8호선,천호,70705,82087,152792,37.5385789820645,127.123742434482
202109,8호선,가락시장,29777,32343,62120,37.4927440321316,127.118485741487
202109,8호선,강동구청,36573,36891,73464,37.5306740877124,127.12057605164
202109,8호선,남한산성입구,57010,51446,108456,37.4515683423116,127.159802461468
202109,8호선,단대오거리,46501,43859,90360,37.4451431531719,127.156687885923
202109,8호선,모란,25181,21504,46685,37.4338501673337,127.129551165797
202109,8호선,몽촌토성,27839,27074,54913,37.5176236317445,127.112429917071
202109,8호선,문정,45201,46212,91413,37.4862618233383,127.122290332976
202109,8호선,복정,41913,37412,79325,37.4710560005054,127.126771228018
202109,8호선,산성,28869,29206,58075,37.456524575777,127.149943523317
202109,8호선,석촌,34576,42417,76993,37.5059496431187,127.106345349428
202109,8호선,송파,30192,30356,60548,37.4996866748478,127.112179893361
202109,8호선,수진,25920,22972,48892,37.4374594671775,127.1403519473
202109,8호선,신흥,22892,24284,47176,37.4411840785188,127.148107604929
202109,8호선,암사,76567,70841,147408,37.5501403417224,127.127540246626
202109,8호선,잠실,72109,82416,154525,37.513859279255,127.101857941447
202109,8호선,장지,73227,70730,143957,37.4781192050612,127.126424204036
202109,8호선,천호,71508,82428,153936,37.5385789820645,127.123742434482
202110,8호선,가락시장,38291,42206,80497,37.4927440321316,127.118485741487
202110,8호선,강동구청,49268,50146,99414,37.5306740877124,127.12057605164
202110,8호선,남한산성입구,76280,69159,145439,37.4515683423116,127.159802461468
202110,8호선,단대오거리,61945,58415,120360,37.4451431531719,127.156687885923
202110,8호선,모란,35116,30106,65222,37.4338501673337,127.129551165797
202110,8호선,몽촌토성,43641,43093,86734,37.5176236317445,127.112429917071
202110,8호선,문정,68045,70144,138189,37.4862618233383,127.122290332976
202110,8호선,복정,59519,52957,112476,37.4710560005054,127.126771228018
202110,8호선,산성,39158,39505,78663,37.456524575777,127.149943523317
202110,8호선,석촌,47023,57952,104975,37.5059496431187,127.106345349428
202110,8호선,송파,41262,42429,83691,37.4996866748478,127.112179893361
202110,8호선,수진,33671,29856,63527,37.4374594671775,127.1403519473
202110,8호선,신흥,29604,31357,60961,37.4411840785188,127.148107604929
202110,8호선,암사,100851,93522,194373,37.5501403417224,127.127540246626
202110,8호선,잠실,106508,123378,229886,37.513859279255,127.101857941447
202110,8호선,장지,101423,97221,198644,37.4781192050612,127.126424204036
202110,8호선,천호,97821,114090,211911,37.5385789820645,127.123742434482
202111,8호선,가락시장,35208,39297,74505,37.4927440321316,127.118485741487
202111,8호선,강동구청,42964,43064,86028,37.5306740877124,127.12057605164
202111,8호선,남한산성입구,65265,58460,123725,37.4515683423116,127.159802461468
202111,8호선,단대오거리,52130,49370,101500,37.4451431531719,127.156687885923
202111,8호선,모란,26208,23461,49669,37.4338501673337,127.129551165797
202111,8호선,몽촌토성,37408,37150,74558,37.5176236317445,127.112429917071
202111,8호선,문정,60973,62390,123363,37.4862618233383,127.122290332976
202111,8호선,복정,52761,46809,99570,37.4710560005054,127.126771228018
202111,8호선,산성,32907,32971,65878,37.456524575777,127.149943523317
202111,8호선,석촌,39857,49049,88906,37.5059496431187,127.106345349428
202111,8호선,송파,35674,35815,71489,37.4996866748478,127.112179893361
202111,8호선,수진,29162,25788,54950,37.4374594671775,127.1403519473
202111,8호선,신흥,24311,25836,50147,37.4411840785188,127.148107604929
202111,8호선,암사,85322,77943,163265,37.5501403417224,127.127540246626
202111,8호선,잠실,89669,105529,195198,37.513859279255,127.101857941447
202111,8호선,장지,86715,82741,169456,37.4781192050612,127.126424204036
202111,8호선,천호,83767,97834,181601,37.5385789820645,127.123742434482
202112,8호선,가락시장,31071,34748,65819,37.4927440321316,127.118485741487
202112,8호선,강동구청,39563,40702,80265,37.5306740877124,127.12057605164
202112,8호선,남위례,8312,9121,17433,37.4631031217002,127.139274613689
202112,8호선,남한산성입구,56987,52210,109197,37.4515683423116,127.159802461468
202112,8호선,단대오거리,47777,45984,93761,37.4451431531719,127.156687885923
202112,8호선,모란,25025,21511,46536,37.4338501673337,127.129551165797
202112,8호선,몽촌토성,28069,27957,56026,37.5176236317445,127.112429917071
202112,8호선,문정,52533,54091,106624,37.4862618233383,127.122290332976
202112,8호선,복정,42516,37711,80227,37.4710560005054,127.126771228018
202112,8호선,산성,26282,26829,53111,37.456524575777,127.149943523317
202112,8호선,석촌,37687,45295,82982,37.5059496431187,127.106345349428
202112,8호선,송파,31181,32464,63645,37.4996866748478,127.112179893361
202112,8호선,수진,26695,24239,50934,37.4374594671775,127.1403519473
202112,8호선,신흥,23533,25316,48849,37.4411840785188,127.148107604929
202112,8호선,암사,77425,71890,149315,37.5501403417224,127.127540246626
202112,8호선,잠실,91835,104681,196516,37.513859279255,127.101857941447
202112,8호선,장지,80026,77816,157842,37.4781192050612,127.126424204036
202112,8호선,천호,77796,91700,169496,37.5385789820645,127.123742434482
202101,9호선,가양,82522,81500,164022,37.5615542602435,126.854388254338
202101,9호선,개화,8084,6927,15011,37.577886100861,126.798211244431
202101,9호선,고속터미널,67696,85201,152897,37.5049267445237,127.004949918697
202101,9호선,공항시장,14038,15433,29471,37.5635555121815,126.810492268589
202101,9호선,구반포,10822,11553,22375,37.501449823532,126.987374882947
202101,9호선,국회의사당,24582,24094,48676,37.5280674292228,126.917885535023
202101,9호선,김포공항,49416,68029,117445,37.562313207852,126.801278424065
202101,9호선,노들,19077,16934,36011,37.5127787896024,126.95306410612
202101,9호선,노량진,113573,117878,231451,37.5135735646312,126.940826454376
202101,9호선,당산,70429,68185,138614,37.534956866618,126.90273071003
202101,9호선,동작,7601,5908,13509,37.5028703671011,126.980268385443
202101,9호선,둔촌오륜,3803,3574,7377,,
202101,9호선,등촌,42985,43442,86427,37.5511171423354,126.864950041955
202101,9호선,마곡나루,40859,41223,82082,37.565821296795,126.827634421592
202101,9호선,봉은사,54173,53617,107790,,
202101,9호선,사평,11121,11233,22354,37.5041589041223,127.015434196641
202101,9호선,삼성중앙,17648,18008,35656,,
202101,9호선,삼전,30473,29682,60155,,
202101,9호선,샛강,14436,14968,29404,37.5175286381865,126.930460204563
202101,9호선,석촌,34912,30222,65134,37.5059496431187,127.106345349428
202101,9호선,석촌고분,25978,25823,51801,,
202101,9호선,선유도,20660,20965,41625,37.5381315240488,126.893420460707
202101,9호선,선정릉,26165,28696,54861,37.5108538860091,127.043641042222
202101,9호선,송파나루,21792,23439,45231,,
202101,9호선,신논현,133973,129627,263600,37.4903503986844,127.031507463771
202101,9호선,신목동,12665,11320,23985,37.5444916605385,126.882753513166
202101,9호선,신반포,11954,11674,23628,37.503413718529,126.995898957444
202101,9호선,신방화,28249,27741,55990,37.5676833982563,126.816524550899
202101,9호선,양천향교,33574,34611,68185,37.5687611941006,126.840817845045
202101,9호선,언주,32993,32846,65839,,
202101,9호선,여의도,44554,42333,86887,37.5218423045786,126.924484687694
202101,9호선,염창,67231,66064,133295,37.547059307287,126.875005005839
202101,9호선,올림픽공원,21941,21946,43887,37.5160876492782,127.130600140827
202101,9호선,종합운동장,16546,15548,32094,37.5109692748993,127.073356018706
202101,9호선,중앙보훈병원,24036,22595,46631,,
202101,9호선,증미,25646,26050,51696,37.5577194101414,126.861246868802
202101,9호선,한성백제,10456,9360,19816,,
202101,9호선,흑석,34026,34369,68395,37.5090853155754,126.963570097818
202102,9호선,가양,79128,77333,156461,37.5615542602435,126.854388254338
202102,9호선,개화,8235,7035,15270,37.577886100861,126.798211244431
202102,9호선,고속터미널,73840,92017,165857,37.5049267445237,127.004949918697
202102,9호선,공항시장,13032,14270,27302,37.5635555121815,126.810492268589
202102,9호선,구반포,10498,11347,21845,37.501449823532,126.987374882947
202102,9호선,국회의사당,25764,24983,50747,37.5280674292228,126.917885535023
202102,9호선,김포공항,53856,79084,132940,37.562313207852,126.801278424065
202102,9호선,노들,18479,16171,34650,37.5127787896024,126.95306410612
202102,9호선,노량진,110195,115391,225586,37.5135735646312,126.940826454376
202102,9호선,당산,68439,65744,134183,37.534956866618,126.90273071003
202102,9호선,동작,8225,6680,14905,37.5028703671011,126.980268385443
202102,9호선,둔촌오륜,3514,3411,6925,,
202102,9호선,등촌,40693,41093,81786,37.5511171423354,126.864950041955
202102,9호선,마곡나루,42415,43068,85483,37.565821296795,126.827634421592
202102,9호선,봉은사,55190,55911,111101,,
202102,9호선,사평,10785,10758,21543,37.5041589041223,127.015434196641
202102,9호선,삼성중앙,15690,16282,31972,,
202102,9호선,삼전,27674,26913,54587,,
202102,9호선,샛강,13779,13444,27223,37.5175286381865,126.930460204563
202102,9호선,석촌,35111,30275,65386,37.5059496431187,127.106345349428
202102,9호선,석촌고분,23647,23257,46904,,
202102,9호선,선유도,21021,21210,42231,37.5381315240488,126.893420460707
202102,9호선,선정릉,25782,28876,54658,37.5108538860091,127.043641042222
202102,9호선,송파나루,21582,24181,45763,,
202102,9호선,신논현,135658,133190,268848,37.4903503986844,127.031507463771
202102,9호선,신목동,12871,11329,24200,37.5444916605385,126.882753513166
202102,9호선,신반포,12203,11912,24115,37.503413718529,126.995898957444
202102,9호선,신방화,26764,26176,52940,37.5676833982563,126.816524550899
202102,9호선,양천향교,32351,32950,65301,37.5687611941006,126.840817845045
202102,9호선,언주,29636,29809,59445,,
202102,9호선,여의도,62077,59201,121278,37.5218423045786,126.924484687694
202102,9호선,염창,64921,63469,128390,37.547059307287,126.875005005839
202102,9호선,올림픽공원,22628,22556,45184,37.5160876492782,127.130600140827
202102,9호선,종합운동장,16559,15271,31830,37.5109692748993,127.073356018706
202102,9호선,중앙보훈병원,23781,22270,46051,,
202102,9호선,증미,23219,23611,46830,37.5577194101414,126.861246868802
202102,9호선,한성백제,10500,9168,19668,,
202102,9호선,흑석,30640,32133,62773,37.5090853155754,126.963570097818
202103,9호선,가양,88568,85650,174218,37.5615542602435,126.854388254338
202103,9호선,개화,9146,7889,17035,37.577886100861,126.798211244431
202103,9호선,고속터미널,78280,109307,187587,37.5049267445237,127.004949918697
202103,9호선,공항시장,14621,15704,30325,37.5635555121815,126.810492268589
202103,9호선,구반포,12080,12783,24863,37.501449823532,126.987374882947
202103,9호선,국회의사당,31960,31472,63432,37.5280674292228,126.917885535023
202103,9호선,김포공항,54587,86967,141554,37.562313207852,126.801278424065
202103,9호선,노들,20439,17999,38438,37.5127787896024,126.95306410612
202103,9호선,노량진,132530,135708,268238,37.5135735646312,126.940826454376
202103,9호선,당산,79773,74850,154623,37.534956866618,126.90273071003
202103,9호선,동작,8997,7441,16438,37.5028703671011,126.980268385443
202103,9호선,둔촌오륜,4086,3977,8063,,
202103,9호선,등촌,45437,45301,90738,37.5511171423354,126.864950041955
202103,9호선,마곡나루,49074,48636,97710,37.565821296795,126.827634421592
202103,9호선,봉은사,71618,72822,144440,,
202103,9호선,사평,12741,12630,25371,37.5041589041223,127.015434196641
202103,9호선,삼성중앙,18735,19091,37826,,
202103,9호선,삼전,30717,29496,60213,,
202103,9호선,샛강,16471,15935,32406,37.5175286381865,126.930460204563
202103,9호선,석촌,40255,33827,74082,37.5059496431187,127.106345349428
202103,9호선,석촌고분,26600,26094,52694,,
202103,9호선,선유도,23465,23656,47121,37.5381315240488,126.893420460707
202103,9호선,선정릉,30179,33670,63849,37.5108538860091,127.043641042222
202103,9호선,송파나루,24882,27000,51882,,
202103,9호선,신논현,156528,151706,308234,37.4903503986844,127.031507463771
202103,9호선,신목동,14444,12881,27325,37.5444916605385,126.882753513166
202103,9호선,신반포,14446,14598,29044,37.503413718529,126.995898957444
202103,9호선,신방화,29712,29111,58823,37.5676833982563,126.816524550899
202103,9호선,양천향교,37118,37336,74454,37.5687611941006,126.840817845045
202103,9호선,언주,36419,35836,72255,,
202103,9호선,여의도,91400,82202,173602,37.5218423045786,126.924484687694
202103,9호선,염창,72469,70527,142996,37.547059307287,126.875005005839
202103,9호선,올림픽공원,24969,24881,49850,37.5160876492782,127.130600140827
202103,9호선,종합운동장,19840,17343,37183,37.5109692748993,127.073356018706
202103,9호선,중앙보훈병원,27205,25174,52379,,
202103,9호선,증미,25764,25857,51621,37.5577194101414,126.861246868802
202103,9호선,한성백제,11428,10262,21690,,
202103,9호선,흑석,35169,36182,71351,37.5090853155754,126.963570097818
202104,9호선,가양,87850,85166,173016,37.5615542602435,126.854388254338
202104,9호선,개화,9396,8265,17661,37.577886100861,126.798211244431
202104,9호선,고속터미널,81661,111560,193221,37.5049267445237,127.004949918697
202104,9호선,공항시장,14615,15818,30433,37.5635555121815,126.810492268589
202104,9호선,구반포,12434,13441,25875,37.501449823532,126.987374882947
202104,9호선,국회의사당,33606,32302,65908,37.5280674292228,126.917885535023
202104,9호선,김포공항,58533,88412,146945,37.562313207852,126.801278424065
202104,9호선,노들,21514,19052,40566,37.5127787896024,126.95306410612
202104,9호선,노량진,132698,136237,268935,37.5135735646312,126.940826454376
202104,9호선,당산,79541,75241,154782,37.534956866618,126.90273071003
202104,9호선,동작,9584,8086,17670,37.5028703671011,126.980268385443
202104,9호선,둔촌오륜,3770,3721,7491,,
202104,9호선,등촌,46146,45976,92122,37.5511171423354,126.864950041955
202104,9호선,마곡나루,51580,51327,102907,37.565821296795,126.827634421592
202104,9호선,봉은사,62455,63539,125994,,
202104,9호선,사평,12907,12723,25630,37.5041589041223,127.015434196641
202104,9호선,삼성중앙,18087,18499,36586,,
202104,9호선,삼전,30906,29647,60553,,
202104,9호선,샛강,16654,15774,32428,37.5175286381865,126.930460204563
202104,9호선,석촌,40414,34547,74961,37.5059496431187,127.106345349428
202104,9호선,석촌고분,26264,25426,51690,,
202104,9호선,선유도,25997,26303,52300,37.5381315240488,126.893420460707
202104,9호선,선정릉,29523,33123,62646,37.5108538860091,127.043641042222
202104,9호선,송파나루,24447,26077,50524,,
202104,9호선,신논현,149222,144749,293971,37.4903503986844,127.031507463771
202104,9호선,신목동,14761,13020,27781,37.5444916605385,126.882753513166
202104,9호선,신반포,15701,15988,31689,37.503413718529,126.995898957444
202104,9호선,신방화,29554,28751,58305,37.5676833982563,126.816524550899
202104,9호선,양천향교,37418,37805,75223,37.5687611941006,126.840817845045
202104,9호선,언주,34769,34440,69209,,
202104,9호선,여의도,83256,76078,159334,37.5218423045786,126.924484687694
202104,9호선,염창,73776,71293,145069,37.547059307287,126.875005005839
202104,9호선,올림픽공원,27354,27943,55297,37.5160876492782,127.130600140827
202104,9호선,종합운동장,20282,17600,37882,37.5109692748993,127.073356018706
202104,9호선,중앙보훈병원,27965,26091,54056,,
202104,9호선,증미,25857,26137,51994,37.5577194101414,126.861246868802
202104,9호선,한성백제,12275,10682,22957,,
202104,9호선,흑석,34254,35306,69560,37.5090853155754,126.963570097818
202105,9호선,가양,111267,108376,219643,37.5615542602435,126.854388254338
202105,9호선,개화,11843,10433,22276,37.577886100861,126.798211244431
202105,9호선,고속터미널,106145,146157,252302,37.5049267445237,127.004949918697
202105,9호선,공항시장,18457,19928,38385,37.5635555121815,126.810492268589
202105,9호선,구반포,15762,16864,32626,37.501449823532,126.987374882947
202105,9호선,국회의사당,39776,39698,79474,37.5280674292228,126.917885535023
202105,9호선,김포공항,75944,114232,190176,37.562313207852,126.801278424065
202105,9호선,노들,26678,23503,50181,37.5127787896024,126.95306410612
202105,9호선,노량진,163029,165469,328498,37.5135735646312,126.940826454376
202105,9호선,당산,97572,93340,190912,37.534956866618,126.90273071003
202105,9호선,동작,13219,10917,24136,37.5028703671011,126.980268385443
202105,9호선,둔촌오륜,5195,5089,10284,,
202105,9호선,등촌,57499,57003,114502,37.5511171423354,126.864950041955
202105,9호선,마곡나루,63191,62852,126043,37.565821296795,126.827634421592
202105,9호선,봉은사,82480,84902,167382,,
202105,9호선,사평,16063,16118,32181,37.5041589041223,127.015434196641
202105,9호선,삼성중앙,22693,23236,45929,,
202105,9호선,삼전,37755,36765,74520,,
202105,9호선,샛강,20517,20372,40889,37.5175286381865,126.930460204563
202105,9호선,석촌,49654,43095,92749,37.5059496431187,127.106345349428
202105,9호선,석촌고분,32555,32073,64628,,
202105,9호선,선유도,32711,32721,65432,37.5381315240488,126.893420460707
202105,9호선,선정릉,37309,41668,78977,37.5108538860091,127.043641042222
202105,9호선,송파나루,31503,33697,65200,,
202105,9호선,신논현,187250,182347,369597,37.4903503986844,127.031507463771
202105,9호선,신목동,19254,16722,35976,37.5444916605385,126.882753513166
202105,9호선,신반포,18792,18947,37739,37.503413718529,126.995898957444
202105,9호선,신방화,37166,36464,73630,37.5676833982563,126.816524550899
202105,9호선,양천향교,46654,47184,93838,37.5687611941006,126.840817845045
202105,9호선,언주,43284,43507,86791,,
202105,9호선,여의도,101755,91697,193452,37.5218423045786,126.924484687694
202105,9호선,염창,91908,88164,180072,37.547059307287,126.875005005839
202105,9호선,올림픽공원,36730,37381,74111,37.5160876492782,127.130600140827
202105,9호선,종합운동장,24967,22279,47246,37.5109692748993,127.073356018706
202105,9호선,중앙보훈병원,35674,33815,69489,,
202105,9호선,증미,32513,32637,65150,37.5577194101414,126.861246868802
202105,9호선,한성백제,14970,13049,28019,,
202105,9호선,흑석,43634,44811,88445,37.5090853155754,126.963570097818
202106,9호선,가양,93475,90351,183826,37.5615542602435,126.854388254338
202106,9호선,개화,9604,8811,18415,37.577886100861,126.798211244431
202106,9호선,고속터미널,88890,121033,209923,37.5049267445237,127.004949918697
202106,9호선,공항시장,15069,16048,31117,37.5635555121815,126.810492268589
202106,9호선,구반포,12121,12704,24825,37.501449823532,126.987374882947
202106,9호선,국회의사당,32523,32644,65167,37.5280674292228,126.917885535023
202106,9호선,김포공항,61505,97436,158941,37.562313207852,126.801278424065
202106,9호선,노들,23194,19840,43034,37.5127787896024,126.95306410612
202106,9호선,노량진,135015,136353,271368,37.5135735646312,126.940826454376
202106,9호선,당산,81270,77438,158708,37.534956866618,126.90273071003
202106,9호선,동작,20341,18457,38798,37.5028703671011,126.980268385443
202106,9호선,둔촌오륜,4391,4538,8929,,
202106,9호선,등촌,47852,46840,94692,37.5511171423354,126.864950041955
202106,9호선,마곡나루,51025,51233,102258,37.565821296795,126.827634421592
202106,9호선,봉은사,70397,72806,143203,,
202106,9호선,사평,13391,13036,26427,37.5041589041223,127.015434196641
202106,9호선,삼성중앙,18747,19148,37895,,
202106,9호선,삼전,31641,30009,61650,,
202106,9호선,샛강,16457,16973,33430,37.5175286381865,126.930460204563
202106,9호선,석촌,41829,35700,77529,37.5059496431187,127.106345349428
202106,9호선,석촌고분,27230,26624,53854,,
202106,9호선,선유도,27051,26694,53745,37.5381315240488,126.893420460707
202106,9호선,선정릉,30614,34287,64901,37.5108538860091,127.043641042222
202106,9호선,송파나루,25654,28993,54647,,
202106,9호선,신논현,157445,153619,311064,37.4903503986844,127.031507463771
202106,9호선,신목동,15613,13954,29567,37.5444916605385,126.882753513166
202106,9호선,신반포,15892,16155,32047,37.503413718529,126.995898957444
202106,9호선,신방화,30647,29979,60626,37.5676833982563,126.816524550899
202106,9호선,양천향교,38557,38358,76915,37.5687611941006,126.840817845045
202106,9호선,언주,37000,37198,74198,,
202106,9호선,여의도,81171,76028,157199,37.5218423045786,126.924484687694
202106,9호선,염창,76022,72739,148761,37.547059307287,126.875005005839
202106,9호선,올림픽공원,42092,41564,83656,37.5160876492782,127.130600140827
202106,9호선,종합운동장,20991,19102,40093,37.5109692748993,127.073356018706
202106,9호선,중앙보훈병원,29815,28395,58210,,
202106,9호선,증미,27550,26982,54532,37.5577194101414,126.861246868802
202106,9호선,한성백제,13043,11334,24377,,
202106,9호선,흑석,35922,36253,72175,37.5090853155754,126.963570097818
202107,9호선,가양,84527,83056,167583,37.5615542602435,126.854388254338
202107,9호선,개화,8962,8222,17184,37.577886100861,126.798211244431
202107,9호선,고속터미널,72468,97150,169618,37.5049267445237,127.004949918697
202107,9호선,공항시장,14939,16296,31235,37.5635555121815,126.810492268589
202107,9호선,구반포,10690,11229,21919,37.501449823532,126.987374882947
202107,9호선,국회의사당,25720,25613,51333,37.5280674292228,126.917885535023
202107,9호선,김포공항,59229,90068,149297,37.562313207852,126.801278424065
202107,9호선,노들,20201,17490,37691,37.5127787896024,126.95306410612
202107,9호선,노량진,128560,128712,257272,37.5135735646312,126.940826454376
202107,9호선,당산,74471,71002,145473,37.534956866618,126.90273071003
202107,9호선,동작,8793,7163,15956,37.5028703671011,126.980268385443
202107,9호선,둔촌오륜,3944,4077,8021,,
202107,9호선,등촌,46146,46286,92432,37.5511171423354,126.864950041955
202107,9호선,마곡나루,44674,44276,88950,37.565821296795,126.827634421592
202107,9호선,봉은사,61767,63256,125023,,
202107,9호선,사평,13188,12890,26078,37.5041589041223,127.015434196641
202107,9호선,삼성중앙,18314,18650,36964,,
202107,9호선,삼전,30725,29762,60487,,
202107,9호선,샛강,15278,15247,30525,37.5175286381865,126.930460204563
202107,9호선,석촌,38194,32392,70586,37.5059496431187,127.106345349428
202107,9호선,석촌고분,26175,26028,52203,,
202107,9호선,선유도,23473,22934,46407,37.5381315240488,126.893420460707
202107,9호선,선정릉,27353,30185,57538,37.5108538860091,127.043641042222
202107,9호선,송파나루,24906,27003,51909,,
202107,9호선,신논현,140346,137993,278339,37.4903503986844,127.031507463771
202107,9호선,신목동,14071,12463,26534,37.5444916605385,126.882753513166
202107,9호선,신반포,13592,13602,27194,37.503413718529,126.995898957444
202107,9호선,신방화,29575,29026,58601,37.5676833982563,126.816524550899
202107,9호선,양천향교,35961,36575,72536,37.5687611941006,126.840817845045
202107,9호선,언주,33320,33277,66597,,
202107,9호선,여의도,63077,57364,120441,37.5218423045786,126.924484687694
202107,9호선,염창,70013,66488,136501,37.547059307287,126.875005005839
202107,9호선,올림픽공원,33883,33959,67842,37.5160876492782,127.130600140827
202107,9호선,종합운동장,20095,18150,38245,37.5109692748993,127.073356018706
202107,9호선,중앙보훈병원,27705,26304,54009,,
202107,9호선,증미,25828,26137,51965,37.5577194101414,126.861246868802
202107,9호선,한성백제,11138,10124,21262,,
202107,9호선,흑석,32256,33105,65361,37.5090853155754,126.963570097818
202108,9호선,가양,80717,78464,159181,37.5615542602435,126.854388254338
202108,9호선,개화,9337,8286,17623,37.577886100861,126.798211244431
202108,9호선,고속터미널,71020,94827,165847,37.5049267445237,127.004949918697
202108,9호선,공항시장,14412,15760,30172,37.5635555121815,126.810492268589
202108,9호선,구반포,9168,9887,19055,37.501449823532,126.987374882947
202108,9호선,국회의사당,22801,22808,45609,37.5280674292228,126.917885535023
202108,9호선,김포공항,55865,88142,144007,37.562313207852,126.801278424065
202108,9호선,노들,19688,16890,36578,37.5127787896024,126.95306410612
202108,9호선,노량진,122614,123920,246534,37.5135735646312,126.940826454376
202108,9호선,당산,71611,69103,140714,37.534956866618,126.90273071003
202108,9호선,동작,9255,7558,16813,37.5028703671011,126.980268385443
202108,9호선,둔촌오륜,3537,3756,7293,,
202108,9호선,등촌,45075,44779,89854,37.5511171423354,126.864950041955
202108,9호선,마곡나루,44398,44677,89075,37.565821296795,126.827634421592
202108,9호선,봉은사,62493,64455,126948,,
202108,9호선,사평,12820,12722,25542,37.5041589041223,127.015434196641
202108,9호선,삼성중앙,16940,17292,34232,,
202108,9호선,삼전,30126,28983,59109,,
202108,9호선,샛강,13997,14289,28286,37.5175286381865,126.930460204563
202108,9호선,석촌,37634,32682,70316,37.5059496431187,127.106345349428
202108,9호선,석촌고분,25195,24893,50088,,
202108,9호선,선유도,23005,22629,45634,37.5381315240488,126.893420460707
202108,9호선,선정릉,26156,28196,54352,37.5108538860091,127.043641042222
202108,9호선,송파나루,24244,27166,51410,,
202108,9호선,신논현,135097,132302,267399,37.4903503986844,127.031507463771
202108,9호선,신목동,13616,11990,25606,37.5444916605385,126.882753513166
202108,9호선,신반포,12949,12759,25708,37.503413718529,126.995898957444
202108,9호선,신방화,28878,28304,57182,37.5676833982563,126.816524550899
202108,9호선,양천향교,34930,35457,70387,37.5687611941006,126.840817845045
202108,9호선,언주,29723,29993,59716,,
202108,9호선,여의도,62930,59168,122098,37.5218423045786,126.924484687694
202108,9호선,염창,67987,65409,133396,37.547059307287,126.875005005839
202108,9호선,올림픽공원,27271,27083,54354,37.5160876492782,127.130600140827
202108,9호선,종합운동장,17676,16298,33974,37.5109692748993,127.073356018706
202108,9호선,중앙보훈병원,27625,26361,53986,,
202108,9호선,증미,25062,25194,50256,37.5577194101414,126.861246868802
202108,9호선,한성백제,11080,9980,21060,,
202108,9호선,흑석,31327,31936,63263,37.5090853155754,126.963570097818
202109,9호선,가양,84047,79561,163608,37.5615542602435,126.854388254338
202109,9호선,개화,9862,8772,18634,37.577886100861,126.798211244431
202109,9호선,고속터미널,76986,117073,194059,37.5049267445237,127.004949918697
202109,9호선,공항시장,14138,15071,29209,37.5635555121815,126.810492268589
202109,9호선,구반포,9471,10132,19603,37.501449823532,126.987374882947
202109,9호선,국회의사당,24870,24932,49802,37.5280674292228,126.917885535023
202109,9호선,김포공항,50983,86027,137010,37.562313207852,126.801278424065
202109,9호선,노들,21850,18685,40535,37.5127787896024,126.95306410612
202109,9호선,노량진,127950,126660,254610,37.5135735646312,126.940826454376
202109,9호선,당산,73556,69159,142715,37.534956866618,126.90273071003
202109,9호선,동작,9933,8182,18115,37.5028703671011,126.980268385443
202109,9호선,둔촌오륜,3650,3783,7433,,
202109,9호선,등촌,45801,44706,90507,37.5511171423354,126.864950041955
202109,9호선,마곡나루,45998,46259,92257,37.565821296795,126.827634421592
202109,9호선,봉은사,55066,56267,111333,,
202109,9호선,사평,12573,12199,24772,37.5041589041223,127.015434196641
202109,9호선,삼성중앙,16667,16686,33353,,
202109,9호선,삼전,29599,27570,57169,,
202109,9호선,샛강,14589,15063,29652,37.5175286381865,126.930460204563
202109,9호선,석촌,38743,33074,71817,37.5059496431187,127.106345349428
202109,9호선,석촌고분,25167,23973,49140,,
202109,9호선,선유도,24742,23996,48738,37.5381315240488,126.893420460707
202109,9호선,선정릉,27234,29664,56898,37.5108538860091,127.043641042222
202109,9호선,송파나루,23285,26322,49607,,
202109,9호선,신논현,138354,134647,273001,37.4903503986844,127.031507463771
202109,9호선,신목동,14329,12585,26914,37.5444916605385,126.882753513166
202109,9호선,신반포,14443,14533,28976,37.503413718529,126.995898957444
202109,9호선,신방화,28838,27495,56333,37.5676833982563,126.816524550899
202109,9호선,양천향교,35241,34550,69791,37.5687611941006,126.840817845045
202109,9호선,언주,30403,30249,60652,,
202109,9호선,여의도,65567,62961,128528,37.5218423045786,126.924484687694
202109,9호선,염창,70186,65539,135725,37.547059307287,126.875005005839
202109,9호선,올림픽공원,32536,33264,65800,37.5160876492782,127.130600140827
202109,9호선,종합운동장,17148,15680,32828,37.5109692748993,127.073356018706
202109,9호선,중앙보훈병원,27800,26395,54195,,
202109,9호선,증미,25061,24311,49372,37.5577194101414,126.861246868802
202109,9호선,한성백제,12220,10347,22567,,
202109,9호선,흑석,33114,33475,66589,37.5090853155754,126.963570097818
202110,9호선,가양,113731,108871,222602,37.5615542602435,126.854388254338
202110,9호선,개화,13326,11715,25041,37.577886100861,126.798211244431
202110,9호선,고속터미널,104987,148590,253577,37.5049267445237,127.004949918697
202110,9호선,공항시장,19076,20381,39457,37.5635555121815,126.810492268589
202110,9호선,구반포,12813,13600,26413,37.501449823532,126.987374882947
202110,9호선,국회의사당,38847,39648,78495,37.5280674292228,126.917885535023
202110,9호선,김포공항,72456,119497,191953,37.562313207852,126.801278424065
202110,9호선,노들,28579,24821,53400,37.5127787896024,126.95306410612
202110,9호선,노량진,172983,173689,346672,37.5135735646312,126.940826454376
202110,9호선,당산,102413,97904,200317,37.534956866618,126.90273071003
202110,9호선,동작,12829,10754,23583,37.5028703671011,126.980268385443
202110,9호선,둔촌오륜,5140,5261,10401,,
202110,9호선,등촌,59628,58488,118116,37.5511171423354,126.864950041955
202110,9호선,마곡나루,66657,66143,132800,37.565821296795,126.827634421592
202110,9호선,봉은사,86319,89537,175856,,
202110,9호선,사평,17234,16746,33980,37.5041589041223,127.015434196641
202110,9호선,삼성중앙,23331,23790,47121,,
202110,9호선,삼전,39907,37856,77763,,
202110,9호선,샛강,19725,20353,40078,37.5175286381865,126.930460204563
202110,9호선,석촌,54121,45368,99489,37.5059496431187,127.106345349428
202110,9호선,석촌고분,33676,32480,66156,,
202110,9호선,선유도,33417,32629,66046,37.5381315240488,126.893420460707
202110,9호선,선정릉,37960,43536,81496,37.5108538860091,127.043641042222
202110,9호선,송파나루,33820,36115,69935,,
202110,9호선,신논현,189642,182292,371934,37.4903503986844,127.031507463771
202110,9호선,신목동,19863,17359,37222,37.5444916605385,126.882753513166
202110,9호선,신반포,19719,19747,39466,37.503413718529,126.995898957444
202110,9호선,신방화,38533,36929,75462,37.5676833982563,126.816524550899
202110,9호선,양천향교,48110,47697,95807,37.5687611941006,126.840817845045
202110,9호선,언주,46404,47241,93645,,
202110,9호선,여의도,97972,91065,189037,37.5218423045786,126.924484687694
202110,9호선,염창,96039,90328,186367,37.547059307287,126.875005005839
202110,9호선,올림픽공원,57626,62197,119823,37.5160876492782,127.130600140827
202110,9호선,종합운동장,24702,21780,46482,37.5109692748993,127.073356018706
202110,9호선,중앙보훈병원,37423,36335,73758,,
202110,9호선,증미,32868,32267,65135,37.5577194101414,126.861246868802
202110,9호선,한성백제,19683,16483,36166,,
202110,9호선,흑석,43654,44089,87743,37.5090853155754,126.963570097818
202111,9호선,가양,98481,94025,192506,37.5615542602435,126.854388254338
202111,9호선,개화,10651,9207,19858,37.577886100861,126.798211244431
202111,9호선,고속터미널,93719,133196,226915,37.5049267445237,127.004949918697
202111,9호선,공항시장,16168,17064,33232,37.5635555121815,126.810492268589
202111,9호선,구반포,9915,10599,20514,37.501449823532,126.987374882947
202111,9호선,국회의사당,38995,38328,77323,37.5280674292228,126.917885535023
202111,9호선,김포공항,62450,98689,161139,37.562313207852,126.801278424065
202111,9호선,노들,23606,20027,43633,37.5127787896024,126.95306410612
202111,9호선,노량진,143792,146016,289808,37.5135735646312,126.940826454376
202111,9호선,당산,88618,84145,172763,37.534956866618,126.90273071003
202111,9호선,동작,11450,9805,21255,37.5028703671011,126.980268385443
202111,9호선,둔촌오륜,4527,4486,9013,,
202111,9호선,등촌,50509,49468,99977,37.5511171423354,126.864950041955
202111,9호선,마곡나루,56890,56191,113081,37.565821296795,126.827634421592
202111,9호선,봉은사,85001,89966,174967,,
202111,9호선,사평,15125,14774,29899,37.5041589041223,127.015434196641
202111,9호선,삼성중앙,20285,20885,41170,,
202111,9호선,삼전,34078,31704,65782,,
202111,9호선,샛강,17391,17360,34751,37.5175286381865,126.930460204563
202111,9호선,석촌,46353,38808,85161,37.5059496431187,127.106345349428
202111,9호선,석촌고분,29249,27976,57225,,
202111,9호선,선유도,27444,26585,54029,37.5381315240488,126.893420460707
202111,9호선,선정릉,32281,36352,68633,37.5108538860091,127.043641042222
202111,9호선,송파나루,28371,31670,60041,,
202111,9호선,신논현,169449,169534,338983,37.4903503986844,127.031507463771
202111,9호선,신목동,17412,14941,32353,37.5444916605385,126.882753513166
202111,9호선,신반포,17417,17524,34941,37.503413718529,126.995898957444
202111,9호선,신방화,32706,31399,64105,37.5676833982563,126.816524550899
202111,9호선,양천향교,40652,39871,80523,37.5687611941006,126.840817845045
202111,9호선,언주,42581,42572,85153,,
202111,9호선,여의도,85972,78301,164273,37.5218423045786,126.924484687694
202111,9호선,염창,83205,78365,161570,37.547059307287,126.875005005839
202111,9호선,올림픽공원,46452,48092,94544,37.5160876492782,127.130600140827
202111,9호선,종합운동장,23804,21018,44822,37.5109692748993,127.073356018706
202111,9호선,중앙보훈병원,32131,30104,62235,,
202111,9호선,증미,26660,25945,52605,37.5577194101414,126.861246868802
202111,9호선,한성백제,15568,13230,28798,,
202111,9호선,흑석,46463,45360,91823,37.5090853155754,126.963570097818
202112,9호선,가양,86224,82901,169125,37.5615542602435,126.854388254338
202112,9호선,개화,8328,7445,15773,37.577886100861,126.798211244431
202112,9호선,고속터미널,77666,107564,185230,37.5049267445237,127.004949918697
202112,9호선,공항시장,14662,15575,30237,37.5635555121815,126.810492268589
202112,9호선,구반포,7160,7054,14214,37.501449823532,126.987374882947
202112,9호선,국회의사당,35295,34529,69824,37.5280674292228,126.917885535023
202112,9호선,김포공항,56755,89590,146345,37.562313207852,126.801278424065
202112,9호선,노들,20361,17750,38111,37.5127787896024,126.95306410612
202112,9호선,노량진,127663,127470,255133,37.5135735646312,126.940826454376
202112,9호선,당산,77978,75344,153322,37.534956866618,126.90273071003
202112,9호선,동작,8903,7307,16210,37.5028703671011,126.980268385443
202112,9호선,둔촌오륜,3909,3977,7886,,
202112,9호선,등촌,45729,45388,91117,37.5511171423354,126.864950041955
202112,9호선,마곡나루,48413,47629,96042,37.565821296795,126.827634421592
202112,9호선,봉은사,86949,91489,178438,,
202112,9호선,사평,13302,13365,26667,37.5041589041223,127.015434196641
202112,9호선,삼성중앙,18243,18914,37157,,
202112,9호선,삼전,31241,30622,61863,,
202112,9호선,샛강,14645,15344,29989,37.5175286381865,126.930460204563
202112,9호선,석촌,40734,34528,75262,37.5059496431187,127.106345349428
202112,9호선,석촌고분,26894,26791,53685,,
202112,9호선,선유도,24322,23719,48041,37.5381315240488,126.893420460707
202112,9호선,선정릉,27724,31147,58871,37.5108538860091,127.043641042222
202112,9호선,송파나루,27671,30153,57824,,
202112,9호선,신논현,150609,146354,296963,37.4903503986844,127.031507463771
202112,9호선,신목동,14232,12641,26873,37.5444916605385,126.882753513166
202112,9호선,신반포,14613,14610,29223,37.503413718529,126.995898957444
202112,9호선,신방화,29391,28812,58203,37.5676833982563,126.816524550899
202112,9호선,양천향교,36715,36831,73546,37.5687611941006,126.840817845045
202112,9호선,언주,38612,38634,77246,,
202112,9호선,여의도,74648,67764,142412,37.5218423045786,126.924484687694
202112,9호선,염창,72418,69367,141785,37.547059307287,126.875005005839
202112,9호선,올림픽공원,55237,53512,108749,37.5160876492782,127.130600140827
202112,9호선,종합운동장,18489,16693,35182,37.5109692748993,127.073356018706
202112,9호선,중앙보훈병원,27705,25895,53600,,
202112,9호선,증미,24816,24894,49710,37.5577194101414,126.861246868802
202112,9호선,한성백제,11533,10348,21881,,
202112,9호선,흑석,33178,34202,67380,37.5090853155754,126.963570097818
202101,수인분당선,가천대,28021,33075,61096,37.4489646883029,127.127142141828
202101,수인분당선,강남구청,28393,33485,61878,37.5171892352971,127.04130142966
202101,수인분당선,개포동,14289,14369,28658,37.4892484725195,127.066474949768
202101,수인분당선,고색,13361,13558,26919,37.2497641029802,126.980512216022
202101,수인분당선,구룡,6066,5944,12010,37.4877508712393,127.058902040245
202101,수인분당선,구성,18568,19517,38085,37.2988793074736,127.105772956042
202101,수인분당선,기흥,40774,38584,79358,37.2753187070748,127.115952887482
202101,수인분당선,남동인더스파크,6508,6614,13122,37.4071199316831,126.694692825365
202101,수인분당선,달월,383,352,735,37.3798590670709,126.745771786914
202101,수인분당선,대모산입구,13923,12765,26688,37.4915453291369,127.07316864715
202101,수인분당선,도곡,23407,22299,45706,37.4908647717187,127.05532337372
202101,수인분당선,망포,53155,52722,105877,37.2456841497125,127.057336156052
202101,수인분당선,매교,11713,12141,23854,37.2654547365162,127.016173497897
202101,수인분당선,매탄권선,19993,19456,39449,37.2496541911308,127.040436063804
202101,수인분당선,모란,100644,102677,203321,37.4338501673337,127.129551165797
202101,수인분당선,미금,64794,67177,131971,37.3497814901408,127.108786347263
202101,수인분당선,보정,8921,8385,17306,37.3250029632519,127.108105699045
202101,수인분당선,복정,3,0,3,37.4710560005054,127.126771228018
202101,수인분당선,사리,17464,15091,32555,37.2908856912992,126.857182474188
202101,수인분당선,상갈,23061,23448,46509,37.2618298132945,127.108877632339
202101,수인분당선,서울숲,33074,33556,66630,37.5436182408959,127.044706934942
202101,수인분당선,서현,116989,116450,233439,37.3850142562829,127.123430800216
202101,수인분당선,선릉,28143,40532,68675,37.5045028775835,127.048942471228
202101,수인분당선,선정릉,19341,20182,39523,37.5108538860091,127.043641042222
202101,수인분당선,소래포구,33460,33650,67110,37.4009287634109,126.733519454146
202101,수인분당선,송도,12966,12206,25172,37.429936352757,126.654627246887
202101,수인분당선,수내,54201,52035,106236,37.3784524525527,127.114295370128
202101,수인분당선,수서,55186,54907,110093,37.4873889933503,127.101859191018
202101,수인분당선,수원,45083,36657,81740,37.2656768667795,127.000096053009
202101,수인분당선,수원시청,61739,63924,125663,37.2609055800354,127.031319421846
202101,수인분당선,숭의,16788,15820,32608,37.4603808978026,126.63875878501
202101,수인분당선,신갈,16037,16494,32531,37.286222191892,127.111247645105
202101,수인분당선,신포,8552,8698,17250,37.4683932257932,126.625173241416
202101,수인분당선,압구정로데오,94820,100166,194986,37.529440360849,127.041260327992
202101,수인분당선,야목,1096,979,2075,37.2611984735928,126.88411915315
202101,수인분당선,야탑,104531,108374,212905,37.411051183903,127.12872651224
202101,수인분당선,어천,3094,3379,6473,37.2501194651188,126.908785661434
202101,수인분당선,연수,23438,23344,46782,37.4178036012082,126.678963980409
202101,수인분당선,영통,38984,38825,77809,37.2514466747718,127.071296921866
202101,수인분당선,오리,47086,40670,87756,37.3399767000124,127.108947909824
202101,수인분당선,오목천,10440,9857,20297,37.2433708193918,126.963947123606
202101,수인분당선,원인재,22902,23636,46538,37.4121078839743,126.68762757215
202101,수인분당선,월곶,13048,12622,25670,37.3908170312727,126.742529746629
202101,수인분당선,이매,22116,21997,44113,37.3956853431968,127.12824815972
202101,수인분당선,인천,6973,11119,18092,37.4765938446837,126.617089760956
202101,수인분당선,인천논현,27074,27637,54711,37.4006702911636,126.722563735787
202101,수인분당선,인하대,26365,24531,50896,37.448211740425,126.649971611338
202101,수인분당선,정자,64210,65612,129822,37.3661836450479,127.10806292752
202101,수인분당선,죽전,62668,70538,133206,37.3250029632519,127.108105699045
202101,수인분당선,청명,15723,15411,31134,37.2595060450476,127.078981816646
202101,수인분당선,태평,68837,66476,135313,37.4398906358669,127.127671669567
202101,수인분당선,한티,65152,63968,129120,37.4962424687085,127.052882352599
202101,수인분당선,호구포,15919,15912,31831,37.4016559405807,126.708639070703
202102,수인분당선,가천대,26755,31256,58011,37.4489646883029,127.127142141828
202102,수인분당선,강남구청,27079,32369,59448,37.5171892352971,127.04130142966
202102,수인분당선,개포동,13978,13943,27921,37.4892484725195,127.066474949768
202102,수인분당선,고색,11689,12476,24165,37.2497641029802,126.980512216022
202102,수인분당선,구룡,5931,5806,11737,37.4877508712393,127.058902040245
202102,수인분당선,구성,18105,19093,37198,37.2988793074736,127.105772956042
202102,수인분당선,기흥,39035,37707,76742,37.2753187070748,127.115952887482
202102,수인분당선,남동인더스파크,5742,5664,11406,37.4071199316831,126.694692825365
202102,수인분당선,달월,409,423,832,37.3798590670709,126.745771786914
202102,수인분당선,대모산입구,13897,12789,26686,37.4915453291369,127.07316864715
202102,수인분당선,도곡,21952,20673,42625,37.4908647717187,127.05532337372
202102,수인분당선,망포,51030,49866,100896,37.2456841497125,127.057336156052
202102,수인분당선,매교,11611,12095,23706,37.2654547365162,127.016173497897
202102,수인분당선,매탄권선,19597,18592,38189,37.2496541911308,127.040436063804
202102,수인분당선,모란,92350,94340,186690,37.4338501673337,127.129551165797
202102,수인분당선,미금,59885,63176,123061,37.3497814901408,127.108786347263
202102,수인분당선,보정,8908,8355,17263,37.3250029632519,127.108105699045
202102,수인분당선,복정,3,0,3,37.4710560005054,127.126771228018
202102,수인분당선,사리,18528,15946,34474,37.2908856912992,126.857182474188
202102,수인분당선,상갈,22986,22970,45956,37.2618298132945,127.108877632339
202102,수인분당선,서울숲,39902,40953,80855,37.5436182408959,127.044706934942
202102,수인분당선,서현,111535,112414,223949,37.3850142562829,127.123430800216
202102,수인분당선,선릉,24822,36942,61764,37.5045028775835,127.048942471228
202102,수인분당선,선정릉,18480,19426,37906,37.5108538860091,127.043641042222
202102,수인분당선,소래포구,36879,36782,73661,37.4009287634109,126.733519454146
202102,수인분당선,송도,12949,12362,25311,37.429936352757,126.654627246887
202102,수인분당선,수내,48945,46293,95238,37.3784524525527,127.114295370128
202102,수인분당선,수서,55611,54380,109991,37.4873889933503,127.101859191018
202102,수인분당선,수원,47152,38510,85662,37.2656768667795,127.000096053009
202102,수인분당선,수원시청,59439,61932,121371,37.2609055800354,127.031319421846
202102,수인분당선,숭의,15952,14851,30803,37.4603808978026,126.63875878501
202102,수인분당선,신갈,15753,16114,31867,37.286222191892,127.111247645105
202102,수인분당선,신포,8906,9044,17950,37.4683932257932,126.625173241416
202102,수인분당선,압구정로데오,93345,102490,195835,37.529440360849,127.041260327992
202102,수인분당선,야목,1160,1016,2176,37.2611984735928,126.88411915315
202102,수인분당선,야탑,100264,103189,203453,37.411051183903,127.12872651224
202102,수인분당선,어천,3342,3507,6849,37.2501194651188,126.908785661434
202102,수인분당선,연수,23116,22699,45815,37.4178036012082,126.678963980409
202102,수인분당선,영통,36381,36900,73281,37.2514466747718,127.071296921866
202102,수인분당선,오리,43738,37427,81165,37.3399767000124,127.108947909824
202102,수인분당선,오목천,10261,9526,19787,37.2433708193918,126.963947123606
202102,수인분당선,원인재,22163,22927,45090,37.4121078839743,126.68762757215
202102,수인분당선,월곶,13280,12616,25896,37.3908170312727,126.742529746629
202102,수인분당선,이매,22485,22583,45068,37.3956853431968,127.12824815972
202102,수인분당선,인천,9129,14516,23645,37.4765938446837,126.617089760956
202102,수인분당선,인천논현,25861,26586,52447,37.4006702911636,126.722563735787
202102,수인분당선,인하대,24752,23529,48281,37.448211740425,126.649971611338
202102,수인분당선,정자,61186,59164,120350,37.3661836450479,127.10806292752
202102,수인분당선,죽전,62239,69979,132218,37.3250029632519,127.108105699045
202102,수인분당선,청명,15449,14893,30342,37.2595060450476,127.078981816646
202102,수인분당선,태평,62301,59392,121693,37.4398906358669,127.127671669567
202102,수인분당선,한티,63671,61206,124877,37.4962424687085,127.052882352599
202102,수인분당선,호구포,14762,14937,29699,37.4016559405807,126.708639070703
202103,수인분당선,가천대,31717,37179,68896,37.4489646883029,127.127142141828
202103,수인분당선,강남구청,31845,38773,70618,37.5171892352971,127.04130142966
202103,수인분당선,개포동,16853,16594,33447,37.4892484725195,127.066474949768
202103,수인분당선,고색,13565,14193,27758,37.2497641029802,126.980512216022
202103,수인분당선,구룡,7637,7737,15374,37.4877508712393,127.058902040245
202103,수인분당선,구성,19745,21312,41057,37.2988793074736,127.105772956042
202103,수인분당선,기흥,42116,40794,82910,37.2753187070748,127.115952887482
202103,수인분당선,남동인더스파크,6414,6189,12603,37.4071199316831,126.694692825365
202103,수인분당선,달월,435,466,901,37.3798590670709,126.745771786914
202103,수인분당선,대모산입구,14905,13679,28584,37.4915453291369,127.07316864715
202103,수인분당선,도곡,26256,24429,50685,37.4908647717187,127.05532337372
202103,수인분당선,망포,56884,55669,112553,37.2456841497125,127.057336156052
202103,수인분당선,매교,12614,12768,25382,37.2654547365162,127.016173497897
202103,수인분당선,매탄권선,21761,20951,42712,37.2496541911308,127.040436063804
202103,수인분당선,모란,106567,107094,213661,37.4338501673337,127.129551165797
202103,수인분당선,미금,67034,70041,137075,37.3497814901408,127.108786347263
202103,수인분당선,보정,9856,9018,18874,37.3250029632519,127.108105699045
202103,수인분당선,복정,2,0,2,37.4710560005054,127.126771228018
202103,수인분당선,사리,20016,17688,37704,37.2908856912992,126.857182474188
202103,수인분당선,상갈,24813,24947,49760,37.2618298132945,127.108877632339
202103,수인분당선,서울숲,43238,44525,87763,37.5436182408959,127.044706934942
202103,수인분당선,서현,119976,119985,239961,37.3850142562829,127.123430800216
202103,수인분당선,선릉,30249,45965,76214,37.5045028775835,127.048942471228
202103,수인분당선,선정릉,22457,23243,45700,37.5108538860091,127.043641042222
202103,수인분당선,소래포구,37734,38117,75851,37.4009287634109,126.733519454146
202103,수인분당선,송도,13491,13017,26508,37.429936352757,126.654627246887
202103,수인분당선,수내,55116,52389,107505,37.3784524525527,127.114295370128
202103,수인분당선,수서,65880,66077,131957,37.4873889933503,127.101859191018
202103,수인분당선,수원,50835,41602,92437,37.2656768667795,127.000096053009
202103,수인분당선,수원시청,68829,71851,140680,37.2609055800354,127.031319421846
202103,수인분당선,숭의,17086,16113,33199,37.4603808978026,126.63875878501
202103,수인분당선,신갈,17523,17794,35317,37.286222191892,127.111247645105
202103,수인분당선,신포,9117,9370,18487,37.4683932257932,126.625173241416
202103,수인분당선,압구정로데오,107907,118775,226682,37.529440360849,127.041260327992
202103,수인분당선,야목,1248,1080,2328,37.2611984735928,126.88411915315
202103,수인분당선,야탑,109928,114548,224476,37.411051183903,127.12872651224
202103,수인분당선,어천,3804,3807,7611,37.2501194651188,126.908785661434
202103,수인분당선,연수,24861,24587,49448,37.4178036012082,126.678963980409
202103,수인분당선,영통,42001,42077,84078,37.2514466747718,127.071296921866
202103,수인분당선,오리,48830,41735,90565,37.3399767000124,127.108947909824
202103,수인분당선,오목천,11837,10594,22431,37.2433708193918,126.963947123606
202103,수인분당선,원인재,23159,24389,47548,37.4121078839743,126.68762757215
202103,수인분당선,월곶,13759,13042,26801,37.3908170312727,126.742529746629
202103,수인분당선,이매,26145,26062,52207,37.3956853431968,127.12824815972
202103,수인분당선,인천,7900,12778,20678,37.4765938446837,126.617089760956
202103,수인분당선,인천논현,27570,28256,55826,37.4006702911636,126.722563735787
202103,수인분당선,인하대,28236,26731,54967,37.448211740425,126.649971611338
202103,수인분당선,정자,68193,69466,137659,37.3661836450479,127.10806292752
202103,수인분당선,죽전,66560,75370,141930,37.3250029632519,127.108105699045
202103,수인분당선,청명,16702,16822,33524,37.2595060450476,127.078981816646
202103,수인분당선,태평,68518,64838,133356,37.4398906358669,127.127671669567
202103,수인분당선,한티,73786,71246,145032,37.4962424687085,127.052882352599
202103,수인분당선,호구포,15921,15967,31888,37.4016559405807,126.708639070703
202104,수인분당선,가천대,32243,37375,69618,37.4489646883029,127.127142141828
202104,수인분당선,강남구청,31490,38047,69537,37.5171892352971,127.04130142966
202104,수인분당선,개포동,17306,16811,34117,37.4892484725195,127.066474949768
202104,수인분당선,고색,13835,14632,28467,37.2497641029802,126.980512216022
202104,수인분당선,구룡,7423,7581,15004,37.4877508712393,127.058902040245
202104,수인분당선,구성,20081,21425,41506,37.2988793074736,127.105772956042
202104,수인분당선,기흥,42398,41017,83415,37.2753187070748,127.115952887482
202104,수인분당선,남동인더스파크,6543,6181,12724,37.4071199316831,126.694692825365
202104,수인분당선,달월,513,583,1096,37.3798590670709,126.745771786914
202104,수인분당선,대모산입구,15536,14529,30065,37.4915453291369,127.07316864715
202104,수인분당선,도곡,26202,24407,50609,37.4908647717187,127.05532337372
202104,수인분당선,망포,55924,54616,110540,37.2456841497125,127.057336156052
202104,수인분당선,매교,12954,13528,26482,37.2654547365162,127.016173497897
202104,수인분당선,매탄권선,21377,20854,42231,37.2496541911308,127.040436063804
202104,수인분당선,모란,114369,115067,229436,37.4338501673337,127.129551165797
202104,수인분당선,미금,66460,69432,135892,37.3497814901408,127.108786347263
202104,수인분당선,보정,9706,9139,18845,37.3250029632519,127.108105699045
202104,수인분당선,복정,3,0,3,37.4710560005054,127.126771228018
202104,수인분당선,사리,20750,18159,38909,37.2908856912992,126.857182474188
202104,수인분당선,상갈,24846,25417,50263,37.2618298132945,127.108877632339
202104,수인분당선,서울숲,75424,85411,160835,37.5436182408959,127.044706934942
202104,수인분당선,서현,113977,113992,227969,37.3850142562829,127.123430800216
202104,수인분당선,선릉,30005,44984,74989,37.5045028775835,127.048942471228
202104,수인분당선,선정릉,22253,23065,45318,37.5108538860091,127.043641042222
202104,수인분당선,소래포구,41746,41760,83506,37.4009287634109,126.733519454146
202104,수인분당선,송도,13480,13059,26539,37.429936352757,126.654627246887
202104,수인분당선,수내,54935,51736,106671,37.3784524525527,127.114295370128
202104,수인분당선,수서,68917,69123,138040,37.4873889933503,127.101859191018
202104,수인분당선,수원,50524,41746,92270,37.2656768667795,127.000096053009
202104,수인분당선,수원시청,67309,69744,137053,37.2609055800354,127.031319421846
202104,수인분당선,숭의,17673,16641,34314,37.4603808978026,126.63875878501
202104,수인분당선,신갈,17593,18022,35615,37.286222191892,127.111247645105
202104,수인분당선,신포,9590,9627,19217,37.4683932257932,126.625173241416
202104,수인분당선,압구정로데오,105174,118985,224159,37.529440360849,127.041260327992
202104,수인분당선,야목,1405,1352,2757,37.2611984735928,126.88411915315
202104,수인분당선,야탑,111058,115470,226528,37.411051183903,127.12872651224
202104,수인분당선,어천,4302,4337,8639,37.2501194651188,126.908785661434
202104,수인분당선,연수,24932,24559,49491,37.4178036012082,126.678963980409
202104,수인분당선,영통,40199,39878,80077,37.2514466747718,127.071296921866
202104,수인분당선,오리,48253,40779,89032,37.3399767000124,127.108947909824
202104,수인분당선,오목천,12020,10922,22942,37.2433708193918,126.963947123606
202104,수인분당선,원인재,23958,25406,49364,37.4121078839743,126.68762757215
202104,수인분당선,월곶,14263,13511,27774,37.3908170312727,126.742529746629
202104,수인분당선,이매,27094,26457,53551,37.3956853431968,127.12824815972
202104,수인분당선,인천,8733,13692,22425,37.4765938446837,126.617089760956
202104,수인분당선,인천논현,28242,28905,57147,37.4006702911636,126.722563735787
202104,수인분당선,인하대,27827,26440,54267,37.448211740425,126.649971611338
202104,수인분당선,정자,67355,69186,136541,37.3661836450479,127.10806292752
202104,수인분당선,죽전,65553,74014,139567,37.3250029632519,127.108105699045
202104,수인분당선,청명,17118,16945,34063,37.2595060450476,127.078981816646
202104,수인분당선,태평,69651,66165,135816,37.4398906358669,127.127671669567
202104,수인분당선,한티,68955,68021,136976,37.4962424687085,127.052882352599
202104,수인분당선,호구포,17068,17036,34104,37.4016559405807,126.708639070703
202105,수인분당선,가천대,41273,47580,88853,37.4489646883029,127.127142141828
202105,수인분당선,강남구청,39060,47050,86110,37.5171892352971,127.04130142966
202105,수인분당선,개포동,20993,20757,41750,37.4892484725195,127.066474949768
202105,수인분당선,고색,17740,18294,36034,37.2497641029802,126.980512216022
202105,수인분당선,구룡,10185,10270,20455,37.4877508712393,127.058902040245
202105,수인분당선,구성,25665,27271,52936,37.2988793074736,127.105772956042
202105,수인분당선,기흥,53835,51888,105723,37.2753187070748,127.115952887482
202105,수인분당선,남동인더스파크,8023,7626,15649,37.4071199316831,126.694692825365
202105,수인분당선,달월,558,617,1175,37.3798590670709,126.745771786914
202105,수인분당선,대모산입구,19087,17956,37043,37.4915453291369,127.07316864715
202105,수인분당선,도곡,32077,30021,62098,37.4908647717187,127.05532337372
202105,수인분당선,망포,70634,68888,139522,37.2456841497125,127.057336156052
202105,수인분당선,매교,16407,16723,33130,37.2654547365162,127.016173497897
202105,수인분당선,매탄권선,27296,26379,53675,37.2496541911308,127.040436063804
202105,수인분당선,모란,136966,137883,274849,37.4338501673337,127.129551165797
202105,수인분당선,미금,82764,87308,170072,37.3497814901408,127.108786347263
202105,수인분당선,보정,12720,11863,24583,37.3250029632519,127.108105699045
202105,수인분당선,복정,4,0,4,37.4710560005054,127.126771228018
202105,수인분당선,사리,26478,23151,49629,37.2908856912992,126.857182474188
202105,수인분당선,상갈,31945,32222,64167,37.2618298132945,127.108877632339
202105,수인분당선,서울숲,71071,75457,146528,37.5436182408959,127.044706934942
202105,수인분당선,서현,147006,146809,293815,37.3850142562829,127.123430800216
202105,수인분당선,선릉,37210,55989,93199,37.5045028775835,127.048942471228
202105,수인분당선,선정릉,28117,29237,57354,37.5108538860091,127.043641042222
202105,수인분당선,소래포구,51971,52286,104257,37.4009287634109,126.733519454146
202105,수인분당선,송도,17440,17075,34515,37.429936352757,126.654627246887
202105,수인분당선,수내,67489,64968,132457,37.3784524525527,127.114295370128
202105,수인분당선,수서,87613,86897,174510,37.4873889933503,127.101859191018
202105,수인분당선,수원,62905,52232,115137,37.2656768667795,127.000096053009
202105,수인분당선,수원시청,85060,89236,174296,37.2609055800354,127.031319421846
202105,수인분당선,숭의,22117,20821,42938,37.4603808978026,126.63875878501
202105,수인분당선,신갈,21930,22384,44314,37.286222191892,127.111247645105
202105,수인분당선,신포,11709,11675,23384,37.4683932257932,126.625173241416
202105,수인분당선,압구정로데오,134775,149035,283810,37.529440360849,127.041260327992
202105,수인분당선,야목,1681,1528,3209,37.2611984735928,126.88411915315
202105,수인분당선,야탑,137860,143589,281449,37.411051183903,127.12872651224
202105,수인분당선,어천,5650,5697,11347,37.2501194651188,126.908785661434
202105,수인분당선,연수,31639,31405,63044,37.4178036012082,126.678963980409
202105,수인분당선,영통,51289,51653,102942,37.2514466747718,127.071296921866
202105,수인분당선,오리,60213,50810,111023,37.3399767000124,127.108947909824
202105,수인분당선,오목천,15351,13933,29284,37.2433708193918,126.963947123606
202105,수인분당선,원인재,30164,31702,61866,37.4121078839743,126.68762757215
202105,수인분당선,월곶,17674,16892,34566,37.3908170312727,126.742529746629
202105,수인분당선,이매,33349,33439,66788,37.3956853431968,127.12824815972
202105,수인분당선,인천,11263,18199,29462,37.4765938446837,126.617089760956
202105,수인분당선,인천논현,34802,35925,70727,37.4006702911636,126.722563735787
202105,수인분당선,인하대,34952,33316,68268,37.448211740425,126.649971611338
202105,수인분당선,정자,83941,86565,170506,37.3661836450479,127.10806292752
202105,수인분당선,죽전,84125,94629,178754,37.3250029632519,127.108105699045
202105,수인분당선,청명,21449,21332,42781,37.2595060450476,127.078981816646
202105,수인분당선,태평,86434,82126,168560,37.4398906358669,127.127671669567
202105,수인분당선,한티,91147,88586,179733,37.4962424687085,127.052882352599
202105,수인분당선,호구포,20601,20522,41123,37.4016559405807,126.708639070703
202106,수인분당선,가천대,31885,36643,68528,37.4489646883029,127.127142141828
202106,수인분당선,강남구청,32809,39565,72374,37.5171892352971,127.04130142966
202106,수인분당선,개포동,17755,17506,35261,37.4892484725195,127.066474949768
202106,수인분당선,고색,14833,15212,30045,37.2497641029802,126.980512216022
202106,수인분당선,구룡,8626,8370,16996,37.4877508712393,127.058902040245
202106,수인분당선,구성,21372,22001,43373,37.2988793074736,127.105772956042
202106,수인분당선,기흥,44654,43082,87736,37.2753187070748,127.115952887482
202106,수인분당선,남동인더스파크,6387,6021,12408,37.4071199316831,126.694692825365
202106,수인분당선,달월,470,473,943,37.3798590670709,126.745771786914
202106,수인분당선,대모산입구,16327,15392,31719,37.4915453291369,127.07316864715
202106,수인분당선,도곡,26658,24595,51253,37.4908647717187,127.05532337372
202106,수인분당선,망포,58739,56722,115461,37.2456841497125,127.057336156052
202106,수인분당선,매교,13186,13626,26812,37.2654547365162,127.016173497897
202106,수인분당선,매탄권선,22371,21627,43998,37.2496541911308,127.040436063804
202106,수인분당선,모란,108498,108965,217463,37.4338501673337,127.129551165797
202106,수인분당선,미금,69928,73033,142961,37.3497814901408,127.108786347263
202106,수인분당선,보정,10358,9539,19897,37.3250029632519,127.108105699045
202106,수인분당선,복정,1,0,1,37.4710560005054,127.126771228018
202106,수인분당선,사리,22115,19346,41461,37.2908856912992,126.857182474188
202106,수인분당선,상갈,25850,26265,52115,37.2618298132945,127.108877632339
202106,수인분당선,서울숲,61594,62902,124496,37.5436182408959,127.044706934942
202106,수인분당선,서현,118439,119773,238212,37.3850142562829,127.123430800216
202106,수인분당선,선릉,30360,45683,76043,37.5045028775835,127.048942471228
202106,수인분당선,선정릉,22526,23721,46247,37.5108538860091,127.043641042222
202106,수인분당선,소래포구,43076,43057,86133,37.4009287634109,126.733519454146
202106,수인분당선,송도,14275,14112,28387,37.429936352757,126.654627246887
202106,수인분당선,수내,57359,54531,111890,37.3784524525527,127.114295370128
202106,수인분당선,수서,70509,71017,141526,37.4873889933503,127.101859191018
202106,수인분당선,수원,51403,42689,94092,37.2656768667795,127.000096053009
202106,수인분당선,수원시청,69423,73029,142452,37.2609055800354,127.031319421846
202106,수인분당선,숭의,18625,16981,35606,37.4603808978026,126.63875878501
202106,수인분당선,신갈,18309,18363,36672,37.286222191892,127.111247645105
202106,수인분당선,신포,10078,10154,20232,37.4683932257932,126.625173241416
202106,수인분당선,압구정로데오,111996,126407,238403,37.529440360849,127.041260327992
202106,수인분당선,야목,1387,1316,2703,37.2611984735928,126.88411915315
202106,수인분당선,야탑,114241,118570,232811,37.411051183903,127.12872651224
202106,수인분당선,어천,4564,4728,9292,37.2501194651188,126.908785661434
202106,수인분당선,연수,26224,25820,52044,37.4178036012082,126.678963980409
202106,수인분당선,영통,41887,41905,83792,37.2514466747718,127.071296921866
202106,수인분당선,오리,49290,42574,91864,37.3399767000124,127.108947909824
202106,수인분당선,오목천,13341,12219,25560,37.2433708193918,126.963947123606
202106,수인분당선,원인재,25087,26168,51255,37.4121078839743,126.68762757215
202106,수인분당선,월곶,14664,13932,28596,37.3908170312727,126.742529746629
202106,수인분당선,이매,27390,27368,54758,37.3956853431968,127.12824815972
202106,수인분당선,인천,9675,15405,25080,37.4765938446837,126.617089760956
202106,수인분당선,인천논현,29175,30219,59394,37.4006702911636,126.722563735787
202106,수인분당선,인하대,28230,26766,54996,37.448211740425,126.649971611338
202106,수인분당선,정자,69210,71600,140810,37.3661836450479,127.10806292752
202106,수인분당선,죽전,67222,75895,143117,37.3250029632519,127.108105699045
202106,수인분당선,청명,17909,17710,35619,37.2595060450476,127.078981816646
202106,수인분당선,태평,71705,66915,138620,37.4398906358669,127.127671669567
202106,수인분당선,한티,72437,71091,143528,37.4962424687085,127.052882352599
202106,수인분당선,호구포,17510,17403,34913,37.4016559405807,126.708639070703
202107,수인분당선,가천대,29245,34096,63341,37.4489646883029,127.127142141828
202107,수인분당선,강남구청,30140,35421,65561,37.5171892352971,127.04130142966
202107,수인분당선,개포동,16186,16021,32207,37.4892484725195,127.066474949768
202107,수인분당선,고색,14774,14555,29329,37.2497641029802,126.980512216022
202107,수인분당선,구룡,8362,7872,16234,37.4877508712393,127.058902040245
202107,수인분당선,구성,19027,20675,39702,37.2988793074736,127.105772956042
202107,수인분당선,기흥,42591,40968,83559,37.2753187070748,127.115952887482
202107,수인분당선,남동인더스파크,6494,6272,12766,37.4071199316831,126.694692825365
202107,수인분당선,달월,379,392,771,37.3798590670709,126.745771786914
202107,수인분당선,대모산입구,14680,13499,28179,37.4915453291369,127.07316864715
202107,수인분당선,도곡,25210,23495,48705,37.4908647717187,127.05532337372
202107,수인분당선,망포,54452,53335,107787,37.2456841497125,127.057336156052
202107,수인분당선,매교,12283,12391,24674,37.2654547365162,127.016173497897
202107,수인분당선,매탄권선,20759,20119,40878,37.2496541911308,127.040436063804
202107,수인분당선,모란,104059,105335,209394,37.4338501673337,127.129551165797
202107,수인분당선,미금,66145,68849,134994,37.3497814901408,127.108786347263
202107,수인분당선,보정,9655,8870,18525,37.3250029632519,127.108105699045
202107,수인분당선,복정,4,0,4,37.4710560005054,127.126771228018
202107,수인분당선,사리,19951,17319,37270,37.2908856912992,126.857182474188
202107,수인분당선,상갈,23937,24078,48015,37.2618298132945,127.108877632339
202107,수인분당선,서울숲,39907,40093,80000,37.5436182408959,127.044706934942
202107,수인분당선,서현,115275,116874,232149,37.3850142562829,127.123430800216
202107,수인분당선,선릉,28955,43018,71973,37.5045028775835,127.048942471228
202107,수인분당선,선정릉,20401,20796,41197,37.5108538860091,127.043641042222
202107,수인분당선,소래포구,32641,32691,65332,37.4009287634109,126.733519454146
202107,수인분당선,송도,12334,12052,24386,37.429936352757,126.654627246887
202107,수인분당선,수내,54724,52782,107506,37.3784524525527,127.114295370128
202107,수인분당선,수서,62997,63806,126803,37.4873889933503,127.101859191018
202107,수인분당선,수원,46466,38743,85209,37.2656768667795,127.000096053009
202107,수인분당선,수원시청,63444,66183,129627,37.2609055800354,127.031319421846
202107,수인분당선,숭의,16842,15735,32577,37.4603808978026,126.63875878501
202107,수인분당선,신갈,16785,17071,33856,37.286222191892,127.111247645105
202107,수인분당선,신포,8812,8935,17747,37.4683932257932,126.625173241416
202107,수인분당선,압구정로데오,98356,108024,206380,37.529440360849,127.041260327992
202107,수인분당선,야목,1283,1151,2434,37.2611984735928,126.88411915315
202107,수인분당선,야탑,105594,110266,215860,37.411051183903,127.12872651224
202107,수인분당선,어천,4480,4516,8996,37.2501194651188,126.908785661434
202107,수인분당선,연수,23608,23624,47232,37.4178036012082,126.678963980409
202107,수인분당선,영통,40232,39962,80194,37.2514466747718,127.071296921866
202107,수인분당선,오리,47273,40341,87614,37.3399767000124,127.108947909824
202107,수인분당선,오목천,12116,11332,23448,37.2433708193918,126.963947123606
202107,수인분당선,원인재,23009,23906,46915,37.4121078839743,126.68762757215
202107,수인분당선,월곶,13361,13063,26424,37.3908170312727,126.742529746629
202107,수인분당선,이매,25726,25355,51081,37.3956853431968,127.12824815972
202107,수인분당선,인천,8327,12568,20895,37.4765938446837,126.617089760956
202107,수인분당선,인천논현,26708,27833,54541,37.4006702911636,126.722563735787
202107,수인분당선,인하대,26052,24405,50457,37.448211740425,126.649971611338
202107,수인분당선,정자,65887,67832,133719,37.3661836450479,127.10806292752
202107,수인분당선,죽전,63172,72570,135742,37.3250029632519,127.108105699045
202107,수인분당선,청명,16391,16271,32662,37.2595060450476,127.078981816646
202107,수인분당선,태평,70740,65939,136679,37.4398906358669,127.127671669567
202107,수인분당선,한티,76473,73663,150136,37.4962424687085,127.052882352599
202107,수인분당선,호구포,16925,16677,33602,37.4016559405807,126.708639070703
202108,수인분당선,가천대,28329,32814,61143,37.4489646883029,127.127142141828
202108,수인분당선,강남구청,28641,33909,62550,37.5171892352971,127.04130142966
202108,수인분당선,개포동,15118,15011,30129,37.4892484725195,127.066474949768
202108,수인분당선,고색,13558,13514,27072,37.2497641029802,126.980512216022
202108,수인분당선,구룡,7795,7546,15341,37.4877508712393,127.058902040245
202108,수인분당선,구성,18840,20366,39206,37.2988793074736,127.105772956042
202108,수인분당선,기흥,41154,39718,80872,37.2753187070748,127.115952887482
202108,수인분당선,남동인더스파크,6280,6042,12322,37.4071199316831,126.694692825365
202108,수인분당선,달월,368,387,755,37.3798590670709,126.745771786914
202108,수인분당선,대모산입구,16344,15295,31639,37.4915453291369,127.07316864715
202108,수인분당선,도곡,23656,21795,45451,37.4908647717187,127.05532337372
202108,수인분당선,망포,51524,50461,101985,37.2456841497125,127.057336156052
202108,수인분당선,매교,11544,11855,23399,37.2654547365162,127.016173497897
202108,수인분당선,매탄권선,19839,19121,38960,37.2496541911308,127.040436063804
202108,수인분당선,모란,102782,105015,207797,37.4338501673337,127.129551165797
202108,수인분당선,미금,62929,65343,128272,37.3497814901408,127.108786347263
202108,수인분당선,보정,9336,8429,17765,37.3250029632519,127.108105699045
202108,수인분당선,복정,2,0,2,37.4710560005054,127.126771228018
202108,수인분당선,사리,19652,17412,37064,37.2908856912992,126.857182474188
202108,수인분당선,상갈,23312,23769,47081,37.2618298132945,127.108877632339
202108,수인분당선,서울숲,45637,45278,90915,37.5436182408959,127.044706934942
202108,수인분당선,서현,111925,113373,225298,37.3850142562829,127.123430800216
202108,수인분당선,선릉,26807,38981,65788,37.5045028775835,127.048942471228
202108,수인분당선,선정릉,18071,18483,36554,37.5108538860091,127.043641042222
202108,수인분당선,소래포구,37011,37157,74168,37.4009287634109,126.733519454146
202108,수인분당선,송도,12484,12082,24566,37.429936352757,126.654627246887
202108,수인분당선,수내,52510,50288,102798,37.3784524525527,127.114295370128
202108,수인분당선,수서,61650,62076,123726,37.4873889933503,127.101859191018
202108,수인분당선,수원,44769,37419,82188,37.2656768667795,127.000096053009
202108,수인분당선,수원시청,57590,59838,117428,37.2609055800354,127.031319421846
202108,수인분당선,숭의,16567,15254,31821,37.4603808978026,126.63875878501
202108,수인분당선,신갈,16052,16576,32628,37.286222191892,127.111247645105
202108,수인분당선,신포,9118,9155,18273,37.4683932257932,126.625173241416
202108,수인분당선,압구정로데오,97031,106762,203793,37.529440360849,127.041260327992
202108,수인분당선,야목,1335,1209,2544,37.2611984735928,126.88411915315
202108,수인분당선,야탑,100640,105764,206404,37.411051183903,127.12872651224
202108,수인분당선,어천,4334,4487,8821,37.2501194651188,126.908785661434
202108,수인분당선,연수,23390,23364,46754,37.4178036012082,126.678963980409
202108,수인분당선,영통,37858,37876,75734,37.2514466747718,127.071296921866
202108,수인분당선,오리,46151,39015,85166,37.3399767000124,127.108947909824
202108,수인분당선,오목천,11356,10687,22043,37.2433708193918,126.963947123606
202108,수인분당선,원인재,23288,24044,47332,37.4121078839743,126.68762757215
202108,수인분당선,월곶,13441,13107,26548,37.3908170312727,126.742529746629
202108,수인분당선,이매,24711,24454,49165,37.3956853431968,127.12824815972
202108,수인분당선,인천,9233,13660,22893,37.4765938446837,126.617089760956
202108,수인분당선,인천논현,25826,26850,52676,37.4006702911636,126.722563735787
202108,수인분당선,인하대,25421,24303,49724,37.448211740425,126.649971611338
202108,수인분당선,정자,62972,64626,127598,37.3661836450479,127.10806292752
202108,수인분당선,죽전,61610,70305,131915,37.3250029632519,127.108105699045
202108,수인분당선,청명,15491,15121,30612,37.2595060450476,127.078981816646
202108,수인분당선,태평,68245,63470,131715,37.4398906358669,127.127671669567
202108,수인분당선,한티,77192,73619,150811,37.4962424687085,127.052882352599
202108,수인분당선,호구포,16113,16110,32223,37.4016559405807,126.708639070703
202109,수인분당선,가천대,31036,34212,65248,37.4489646883029,127.127142141828
202109,수인분당선,강남구청,28655,34421,63076,37.5171892352971,127.04130142966
202109,수인분당선,개포동,16313,16220,32533,37.4892484725195,127.066474949768
202109,수인분당선,고색,14426,14714,29140,37.2497641029802,126.980512216022
202109,수인분당선,구룡,7309,6991,14300,37.4877508712393,127.058902040245
202109,수인분당선,구성,19982,21319,41301,37.2988793074736,127.105772956042
202109,수인분당선,기흥,41427,39664,81091,37.2753187070748,127.115952887482
202109,수인분당선,남동인더스파크,6075,5812,11887,37.4071199316831,126.694692825365
202109,수인분당선,달월,487,489,976,37.3798590670709,126.745771786914
202109,수인분당선,대모산입구,17537,16270,33807,37.4915453291369,127.07316864715
202109,수인분당선,도곡,24678,22240,46918,37.4908647717187,127.05532337372
202109,수인분당선,망포,52994,50709,103703,37.2456841497125,127.057336156052
202109,수인분당선,매교,12133,12586,24719,37.2654547365162,127.016173497897
202109,수인분당선,매탄권선,20994,20083,41077,37.2496541911308,127.040436063804
202109,수인분당선,모란,108691,110959,219650,37.4338501673337,127.129551165797
202109,수인분당선,미금,64691,67224,131915,37.3497814901408,127.108786347263
202109,수인분당선,보정,9601,8841,18442,37.3250029632519,127.108105699045
202109,수인분당선,복정,3,0,3,37.4710560005054,127.126771228018
202109,수인분당선,사리,21293,18363,39656,37.2908856912992,126.857182474188
202109,수인분당선,상갈,24769,25001,49770,37.2618298132945,127.108877632339
202109,수인분당선,서울숲,57845,58648,116493,37.5436182408959,127.044706934942
202109,수인분당선,서현,112001,113244,225245,37.3850142562829,127.123430800216
202109,수인분당선,선릉,27282,40023,67305,37.5045028775835,127.048942471228
202109,수인분당선,선정릉,18727,19569,38296,37.5108538860091,127.043641042222
202109,수인분당선,소래포구,47992,49356,97348,37.4009287634109,126.733519454146
202109,수인분당선,송도,13330,12836,26166,37.429936352757,126.654627246887
202109,수인분당선,수내,53666,51171,104837,37.3784524525527,127.114295370128
202109,수인분당선,수서,60872,62175,123047,37.4873889933503,127.101859191018
202109,수인분당선,수원,45194,37981,83175,37.2656768667795,127.000096053009
202109,수인분당선,수원시청,59184,61352,120536,37.2609055800354,127.031319421846
202109,수인분당선,숭의,17842,16287,34129,37.4603808978026,126.63875878501
202109,수인분당선,신갈,16811,17243,34054,37.286222191892,127.111247645105
202109,수인분당선,신포,9450,9722,19172,37.4683932257932,126.625173241416
202109,수인분당선,압구정로데오,98839,111670,210509,37.529440360849,127.041260327992
202109,수인분당선,야목,1460,1380,2840,37.2611984735928,126.88411915315
202109,수인분당선,야탑,104008,110772,214780,37.411051183903,127.12872651224
202109,수인분당선,어천,4657,4568,9225,37.2501194651188,126.908785661434
202109,수인분당선,연수,24105,23615,47720,37.4178036012082,126.678963980409
202109,수인분당선,영통,39679,39018,78697,37.2514466747718,127.071296921866
202109,수인분당선,오리,47311,40083,87394,37.3399767000124,127.108947909824
202109,수인분당선,오목천,12401,11243,23644,37.2433708193918,126.963947123606
202109,수인분당선,원인재,24101,25187,49288,37.4121078839743,126.68762757215
202109,수인분당선,월곶,13707,13508,27215,37.3908170312727,126.742529746629
202109,수인분당선,이매,25773,25514,51287,37.3956853431968,127.12824815972
202109,수인분당선,인천,9259,14052,23311,37.4765938446837,126.617089760956
202109,수인분당선,인천논현,26938,27839,54777,37.4006702911636,126.722563735787
202109,수인분당선,인하대,27525,26026,53551,37.448211740425,126.649971611338
202109,수인분당선,정자,63964,65361,129325,37.3661836450479,127.10806292752
202109,수인분당선,죽전,64508,71571,136079,37.3250029632519,127.108105699045
202109,수인분당선,청명,16269,15834,32103,37.2595060450476,127.078981816646
202109,수인분당선,태평,68971,64532,133503,37.4398906358669,127.127671669567
202109,수인분당선,한티,77741,74490,152231,37.4962424687085,127.052882352599
202109,수인분당선,호구포,16534,16059,32593,37.4016559405807,126.708639070703
202110,수인분당선,가천대,46153,50896,97049,37.4489646883029,127.127142141828
202110,수인분당선,강남구청,40694,50097,90791,37.5171892352971,127.04130142966
202110,수인분당선,개포동,21853,21770,43623,37.4892484725195,127.066474949768
202110,수인분당선,고색,20053,20336,40389,37.2497641029802,126.980512216022
202110,수인분당선,구룡,10576,10155,20731,37.4877508712393,127.058902040245
202110,수인분당선,구성,27618,28893,56511,37.2988793074736,127.105772956042
202110,수인분당선,기흥,56730,53720,110450,37.2753187070748,127.115952887482
202110,수인분당선,남동인더스파크,7847,7269,15116,37.4071199316831,126.694692825365
202110,수인분당선,달월,591,640,1231,37.3798590670709,126.745771786914
202110,수인분당선,대모산입구,24943,23659,48602,37.4915453291369,127.07316864715
202110,수인분당선,도곡,33819,30707,64526,37.4908647717187,127.05532337372
202110,수인분당선,망포,74120,70828,144948,37.2456841497125,127.057336156052
202110,수인분당선,매교,16610,17044,33654,37.2654547365162,127.016173497897
202110,수인분당선,매탄권선,28737,27506,56243,37.2496541911308,127.040436063804
202110,수인분당선,모란,146679,148715,295394,37.4338501673337,127.129551165797
202110,수인분당선,미금,84622,88360,172982,37.3497814901408,127.108786347263
202110,수인분당선,보정,13285,12228,25513,37.3250029632519,127.108105699045
202110,수인분당선,복정,5,0,5,37.4710560005054,127.126771228018
202110,수인분당선,사리,28884,24749,53633,37.2908856912992,126.857182474188
202110,수인분당선,상갈,33616,33965,67581,37.2618298132945,127.108877632339
202110,수인분당선,서울숲,78824,81565,160389,37.5436182408959,127.044706934942
202110,수인분당선,서현,147856,146170,294026,37.3850142562829,127.123430800216
202110,수인분당선,선릉,37210,57004,94214,37.5045028775835,127.048942471228
202110,수인분당선,선정릉,27249,28415,55664,37.5108538860091,127.043641042222
202110,수인분당선,소래포구,72888,73998,146886,37.4009287634109,126.733519454146
202110,수인분당선,송도,17458,16955,34413,37.429936352757,126.654627246887
202110,수인분당선,수내,68999,66142,135141,37.3784524525527,127.114295370128
202110,수인분당선,수서,88278,89120,177398,37.4873889933503,127.101859191018
202110,수인분당선,수원,62369,52319,114688,37.2656768667795,127.000096053009
202110,수인분당선,수원시청,85825,90424,176249,37.2609055800354,127.031319421846
202110,수인분당선,숭의,23387,21679,45066,37.4603808978026,126.63875878501
202110,수인분당선,신갈,22755,23170,45925,37.286222191892,127.111247645105
202110,수인분당선,신포,12688,12846,25534,37.4683932257932,126.625173241416
202110,수인분당선,압구정로데오,137843,154786,292629,37.529440360849,127.041260327992
202110,수인분당선,야목,2094,1913,4007,37.2611984735928,126.88411915315
202110,수인분당선,야탑,143938,149579,293517,37.411051183903,127.12872651224
202110,수인분당선,어천,6324,6329,12653,37.2501194651188,126.908785661434
202110,수인분당선,연수,31963,31463,63426,37.4178036012082,126.678963980409
202110,수인분당선,영통,52682,52177,104859,37.2514466747718,127.071296921866
202110,수인분당선,오리,63297,53288,116585,37.3399767000124,127.108947909824
202110,수인분당선,오목천,17286,15859,33145,37.2433708193918,126.963947123606
202110,수인분당선,원인재,32077,33353,65430,37.4121078839743,126.68762757215
202110,수인분당선,월곶,18570,17872,36442,37.3908170312727,126.742529746629
202110,수인분당선,이매,35038,35409,70447,37.3956853431968,127.12824815972
202110,수인분당선,인천,12234,19257,31491,37.4765938446837,126.617089760956
202110,수인분당선,인천논현,35074,36027,71101,37.4006702911636,126.722563735787
202110,수인분당선,인하대,36655,34423,71078,37.448211740425,126.649971611338
202110,수인분당선,정자,85275,88216,173491,37.3661836450479,127.10806292752
202110,수인분당선,죽전,89643,98895,188538,37.3250029632519,127.108105699045
202110,수인분당선,청명,22652,22037,44689,37.2595060450476,127.078981816646
202110,수인분당선,태평,90023,83625,173648,37.4398906358669,127.127671669567
202110,수인분당선,한티,97311,93798,191109,37.4962424687085,127.052882352599
202110,수인분당선,호구포,21252,20929,42181,37.4016559405807,126.708639070703
202111,수인분당선,가천대,39092,43336,82428,37.4489646883029,127.127142141828
202111,수인분당선,강남구청,36846,44594,81440,37.5171892352971,127.04130142966
202111,수인분당선,개포동,18889,18613,37502,37.4892484725195,127.066474949768
202111,수인분당선,고색,17169,17372,34541,37.2497641029802,126.980512216022
202111,수인분당선,구룡,8868,8782,17650,37.4877508712393,127.058902040245
202111,수인분당선,구성,23803,24672,48475,37.2988793074736,127.105772956042
202111,수인분당선,기흥,48286,45153,93439,37.2753187070748,127.115952887482
202111,수인분당선,남동인더스파크,6368,6115,12483,37.4071199316831,126.694692825365
202111,수인분당선,달월,441,470,911,37.3798590670709,126.745771786914
202111,수인분당선,대모산입구,21312,19635,40947,37.4915453291369,127.07316864715
202111,수인분당선,도곡,31123,27200,58323,37.4908647717187,127.05532337372
202111,수인분당선,망포,64402,60907,125309,37.2456841497125,127.057336156052
202111,수인분당선,매교,14004,14287,28291,37.2654547365162,127.016173497897
202111,수인분당선,매탄권선,24983,23041,48024,37.2496541911308,127.040436063804
202111,수인분당선,모란,117140,119973,237113,37.4338501673337,127.129551165797
202111,수인분당선,미금,72823,75513,148336,37.3497814901408,127.108786347263
202111,수인분당선,보정,11176,10399,21575,37.3250029632519,127.108105699045
202111,수인분당선,복정,7,0,7,37.4710560005054,127.126771228018
202111,수인분당선,사리,24603,20467,45070,37.2908856912992,126.857182474188
202111,수인분당선,상갈,28140,27724,55864,37.2618298132945,127.108877632339
202111,수인분당선,서울숲,67886,72529,140415,37.5436182408959,127.044706934942
202111,수인분당선,서현,131443,132886,264329,37.3850142562829,127.123430800216
202111,수인분당선,선릉,32605,51024,83629,37.5045028775835,127.048942471228
202111,수인분당선,선정릉,22939,23865,46804,37.5108538860091,127.043641042222
202111,수인분당선,소래포구,46846,46544,93390,37.4009287634109,126.733519454146
202111,수인분당선,송도,14333,14365,28698,37.429936352757,126.654627246887
202111,수인분당선,수내,59105,56093,115198,37.3784524525527,127.114295370128
202111,수인분당선,수서,78290,77862,156152,37.4873889933503,127.101859191018
202111,수인분당선,수원,54876,45825,100701,37.2656768667795,127.000096053009
202111,수인분당선,수원시청,76308,84878,161186,37.2609055800354,127.031319421846
202111,수인분당선,숭의,19504,17986,37490,37.4603808978026,126.63875878501
202111,수인분당선,신갈,19431,19349,38780,37.286222191892,127.111247645105
202111,수인분당선,신포,10446,10522,20968,37.4683932257932,126.625173241416
202111,수인분당선,압구정로데오,113153,133900,247053,37.529440360849,127.041260327992
202111,수인분당선,야목,1829,1570,3399,37.2611984735928,126.88411915315
202111,수인분당선,야탑,129074,133196,262270,37.411051183903,127.12872651224
202111,수인분당선,어천,5115,5306,10421,37.2501194651188,126.908785661434
202111,수인분당선,연수,28107,27927,56034,37.4178036012082,126.678963980409
202111,수인분당선,영통,47751,47688,95439,37.2514466747718,127.071296921866
202111,수인분당선,오리,55813,47265,103078,37.3399767000124,127.108947909824
202111,수인분당선,오목천,15022,13334,28356,37.2433708193918,126.963947123606
202111,수인분당선,원인재,26862,27769,54631,37.4121078839743,126.68762757215
202111,수인분당선,월곶,14946,14275,29221,37.3908170312727,126.742529746629
202111,수인분당선,이매,30145,30376,60521,37.3956853431968,127.12824815972
202111,수인분당선,인천,9413,15073,24486,37.4765938446837,126.617089760956
202111,수인분당선,인천논현,29054,30056,59110,37.4006702911636,126.722563735787
202111,수인분당선,인하대,31587,29810,61397,37.448211740425,126.649971611338
202111,수인분당선,정자,72574,75147,147721,37.3661836450479,127.10806292752
202111,수인분당선,죽전,74769,83089,157858,37.3250029632519,127.108105699045
202111,수인분당선,청명,19785,19292,39077,37.2595060450476,127.078981816646
202111,수인분당선,태평,75619,70476,146095,37.4398906358669,127.127671669567
202111,수인분당선,한티,76408,75948,152356,37.4962424687085,127.052882352599
202111,수인분당선,호구포,18264,17974,36238,37.4016559405807,126.708639070703
202112,수인분당선,가천대,32627,37416,70043,37.4489646883029,127.127142141828
202112,수인분당선,강남구청,33156,39658,72814,37.5171892352971,127.04130142966
202112,수인분당선,개포동,15505,15665,31170,37.4892484725195,127.066474949768
202112,수인분당선,고색,15626,15821,31447,37.2497641029802,126.980512216022
202112,수인분당선,구룡,7734,7659,15393,37.4877508712393,127.058902040245
202112,수인분당선,구성,20312,21698,42010,37.2988793074736,127.105772956042
202112,수인분당선,기흥,43882,41648,85530,37.2753187070748,127.115952887482
202112,수인분당선,남동인더스파크,5658,5237,10895,37.4071199316831,126.694692825365
202112,수인분당선,달월,429,467,896,37.3798590670709,126.745771786914
202112,수인분당선,대모산입구,18108,16955,35063,37.4915453291369,127.07316864715
202112,수인분당선,도곡,25149,23705,48854,37.4908647717187,127.05532337372
202112,수인분당선,망포,58404,57124,115528,37.2456841497125,127.057336156052
202112,수인분당선,매교,12325,12837,25162,37.2654547365162,127.016173497897
202112,수인분당선,매탄권선,22387,21362,43749,37.2496541911308,127.040436063804
202112,수인분당선,모란,106564,109826,216390,37.4338501673337,127.129551165797
202112,수인분당선,미금,66463,69033,135496,37.3497814901408,127.108786347263
202112,수인분당선,보정,9438,9065,18503,37.3250029632519,127.108105699045
202112,수인분당선,복정,4,0,4,37.4710560005054,127.126771228018
202112,수인분당선,사리,21434,18205,39639,37.2908856912992,126.857182474188
202112,수인분당선,상갈,23574,23975,47549,37.2618298132945,127.108877632339
202112,수인분당선,서울숲,45670,47598,93268,37.5436182408959,127.044706934942
202112,수인분당선,서현,128508,127638,256146,37.3850142562829,127.123430800216
202112,수인분당선,선릉,28952,44307,73259,37.5045028775835,127.048942471228
202112,수인분당선,선정릉,20149,20720,40869,37.5108538860091,127.043641042222
202112,수인분당선,소래포구,32374,32181,64555,37.4009287634109,126.733519454146
202112,수인분당선,송도,13250,13099,26349,37.429936352757,126.654627246887
202112,수인분당선,수내,53806,51520,105326,37.3784524525527,127.114295370128
202112,수인분당선,수서,68728,69196,137924,37.4873889933503,127.101859191018
202112,수인분당선,수원,48948,41533,90481,37.2656768667795,127.000096053009
202112,수인분당선,수원시청,70090,73968,144058,37.2609055800354,127.031319421846
202112,수인분당선,숭의,17174,15890,33064,37.4603808978026,126.63875878501
202112,수인분당선,신갈,17098,17411,34509,37.286222191892,127.111247645105
202112,수인분당선,신포,8953,9100,18053,37.4683932257932,126.625173241416
202112,수인분당선,압구정로데오,108859,120828,229687,37.529440360849,127.041260327992
202112,수인분당선,야목,1465,1287,2752,37.2611984735928,126.88411915315
202112,수인분당선,야탑,114470,118149,232619,37.411051183903,127.12872651224
202112,수인분당선,어천,4198,4180,8378,37.2501194651188,126.908785661434
202112,수인분당선,연수,25639,25739,51378,37.4178036012082,126.678963980409
202112,수인분당선,영통,44146,43233,87379,37.2514466747718,127.071296921866
202112,수인분당선,오리,49206,41157,90363,37.3399767000124,127.108947909824
202112,수인분당선,오목천,13313,12277,25590,37.2433708193918,126.963947123606
202112,수인분당선,원인재,23373,24657,48030,37.4121078839743,126.68762757215
202112,수인분당선,월곶,13835,13211,27046,37.3908170312727,126.742529746629
202112,수인분당선,이매,26564,27442,54006,37.3956853431968,127.12824815972
202112,수인분당선,인천,6866,10430,17296,37.4765938446837,126.617089760956
202112,수인분당선,인천논현,26529,27740,54269,37.4006702911636,126.722563735787
202112,수인분당선,인하대,29982,26927,56909,37.448211740425,126.649971611338
202112,수인분당선,정자,65024,67448,132472,37.3661836450479,127.10806292752
202112,수인분당선,죽전,68480,76087,144567,37.3250029632519,127.108105699045
202112,수인분당선,청명,17047,17171,34218,37.2595060450476,127.078981816646
202112,수인분당선,태평,68349,64863,133212,37.4398906358669,127.127671669567
202112,수인분당선,한티,64132,63792,127924,37.4962424687085,127.052882352599
202112,수인분당선,호구포,16984,16712,33696,37.4016559405807,126.708639070703
202101,경의중앙선,가좌,21773,21573,43346,37.5688870324193,126.915149791265
202101,경의중앙선,강매,10966,10202,21168,37.6124170870804,126.845066303327
202101,경의중앙선,곡산,2063,2093,4156,37.6455215922844,126.801703048195
202101,경의중앙선,공덕,13618,10565,24183,37.5428436189268,126.95133595616
202101,경의중앙선,구리,59428,62251,121679,37.603333764096,127.143610890921
202101,경의중앙선,국수,3782,3931,7713,37.5159971877418,127.399469211218
202101,경의중앙선,금릉,19889,19454,39343,37.7522266074194,126.765044092685
202101,경의중앙선,금촌,30790,31656,62446,37.7655567434097,126.773936400512
202101,경의중앙선,능곡,16261,15680,31941,37.6189344509008,126.820864666736
202101,경의중앙선,덕소,26580,26818,53398,37.5868975781597,127.208819520604
202101,경의중앙선,도농,38165,37368,75533,37.6088256177708,127.161152955692
202101,경의중앙선,도심,9613,8591,18204,37.5796327348454,127.222654178048
202101,경의중앙선,디지털미디어시티,10246,9380,19626,37.5768239035855,126.899020186183
202101,경의중앙선,망우,36316,36461,72777,37.5992876153903,127.092756577852
202101,경의중앙선,문산,24589,24588,49177,37.854588695275,126.787595361922
202101,경의중앙선,백마,23775,22988,46763,37.6583237579557,126.794456622803
202101,경의중앙선,상봉,30342,30049,60391,37.5967093285386,127.085741817289
202101,경의중앙선,서강대,9642,9219,18861,37.5527051004675,126.934808313154
202101,경의중앙선,서울,6340,6547,12887,37.549118478341,126.970484281315
202101,경의중앙선,수색,7288,7510,14798,37.5808147253405,126.895659201671
202101,경의중앙선,신원,1718,1263,2981,37.5255305127415,127.372518999221
202101,경의중앙선,신촌,2016,1985,4001,37.5554417865984,126.936119192554
202101,경의중앙선,아신,2756,2839,5595,37.5136938387664,127.443105656936
202101,경의중앙선,야당,27472,26528,54000,37.7128499204904,126.761526821868
202101,경의중앙선,양수,10278,10082,20360,37.5457522473669,127.328842901585
202101,경의중앙선,양원,6296,6354,12650,37.606554361502,127.107921489043
202101,경의중앙선,양정,3195,2784,5979,37.6040110360008,127.194607323013
202101,경의중앙선,양평,14274,13920,28194,37.5255116853806,126.886865676125
202101,경의중앙선,오빈,1351,1347,2698,37.5034201426364,127.472779337041
202101,경의중앙선,용문,11719,11030,22749,37.4828215032131,127.593964601093
202101,경의중앙선,운길산,6756,6172,12928,37.5548032008651,127.309850206074
202101,경의중앙선,운정,23932,23204,47136,37.7254220154625,126.766908191096
202101,경의중앙선,원덕,2003,1731,3734,37.4689980743792,127.548481848278
202101,경의중앙선,월롱,6711,8605,15316,37.7961431510064,126.792204696676
202101,경의중앙선,일산,34852,33862,68714,37.6821407179955,126.769478094594
202101,경의중앙선,임진강,220,188,408,37.8885657915464,126.746995041436
202101,경의중앙선,중랑,27395,26523,53918,37.595012523673,127.074833812483
202101,경의중앙선,지평,298,228,526,37.4763755008819,127.630041823792
202101,경의중앙선,탄현,30364,29603,59967,37.6939232739143,126.761038902542
202101,경의중앙선,파주,4544,3606,8150,37.8151635252393,126.792604079404
202101,경의중앙선,팔당,8701,9236,17937,37.546890022725,127.243831432648
202101,경의중앙선,풍산,24091,23257,47348,37.6723127365476,126.786451209886
202101,경의중앙선,행신,29119,29435,58554,37.6152819539218,126.84349267417
202101,경의중앙선,홍대입구,9307,10110,19417,37.5577458058734,126.926498328277
202101,경의중앙선,화전,6465,6172,12637,37.6033139647057,126.868385382583
202101,경의중앙선,회기,112558,110120,222678,37.5897442387671,127.058035421223
202101,경의중앙선,효창공원앞,10425,11894,22319,37.5393766399926,126.961258439813
202102,경의중앙선,가좌,21768,21689,43457,37.5688870324193,126.915149791265
202102,경의중앙선,강매,11268,10610,21878,37.6124170870804,126.845066303327
202102,경의중앙선,곡산,2207,2185,4392,37.6455215922844,126.801703048195
202102,경의중앙선,공덕,13245,10964,24209,37.5428436189268,126.95133595616
202102,경의중앙선,구리,60320,62500,122820,37.603333764096,127.143610890921
202102,경의중앙선,국수,4299,4241,8540,37.5159971877418,127.399469211218
202102,경의중앙선,금릉,20631,20015,40646,37.7522266074194,126.765044092685
202102,경의중앙선,금촌,31989,32300,64289,37.7655567434097,126.773936400512
202102,경의중앙선,능곡,16079,15676,31755,37.6189344509008,126.820864666736
202102,경의중앙선,덕소,27203,27555,54758,37.5868975781597,127.208819520604
202102,경의중앙선,도농,38014,36938,74952,37.6088256177708,127.161152955692
202102,경의중앙선,도심,9938,8775,18713,37.5796327348454,127.222654178048
202102,경의중앙선,디지털미디어시티,10365,9451,19816,37.5768239035855,126.899020186183
202102,경의중앙선,망우,36516,36226,72742,37.5992876153903,127.092756577852
202102,경의중앙선,문산,25907,25044,50951,37.854588695275,126.787595361922
202102,경의중앙선,백마,24623,23672,48295,37.6583237579557,126.794456622803
202102,경의중앙선,상봉,30186,30692,60878,37.5967093285386,127.085741817289
202102,경의중앙선,서강대,9222,8884,18106,37.5527051004675,126.934808313154
202102,경의중앙선,서울,6944,7144,14088,37.549118478341,126.970484281315
202102,경의중앙선,수색,7081,7105,14186,37.5808147253405,126.895659201671
202102,경의중앙선,신원,2205,1571,3776,37.5255305127415,127.372518999221
202102,경의중앙선,신촌,2004,2086,4090,37.5554417865984,126.936119192554
202102,경의중앙선,아신,3615,3474,7089,37.5136938387664,127.443105656936
202102,경의중앙선,야당,29424,28043,57467,37.7128499204904,126.761526821868
202102,경의중앙선,양수,12801,12259,25060,37.5457522473669,127.328842901585
202102,경의중앙선,양원,6373,6484,12857,37.606554361502,127.107921489043
202102,경의중앙선,양정,3447,3003,6450,37.6040110360008,127.194607323013
202102,경의중앙선,양평,17359,16657,34016,37.5255116853806,126.886865676125
202102,경의중앙선,오빈,1452,1483,2935,37.5034201426364,127.472779337041
202102,경의중앙선,용문,13915,12840,26755,37.4828215032131,127.593964601093
202102,경의중앙선,운길산,8877,8337,17214,37.5548032008651,127.309850206074
202102,경의중앙선,운정,25027,23662,48689,37.7254220154625,126.766908191096
202102,경의중앙선,원덕,2403,2139,4542,37.4689980743792,127.548481848278
202102,경의중앙선,월롱,6537,7760,14297,37.7961431510064,126.792204696676
202102,경의중앙선,일산,35871,34551,70422,37.6821407179955,126.769478094594
202102,경의중앙선,임진강,445,307,752,37.8885657915464,126.746995041436
202102,경의중앙선,중랑,25943,25400,51343,37.595012523673,127.074833812483
202102,경의중앙선,지평,334,311,645,37.4763755008819,127.630041823792
202102,경의중앙선,탄현,30557,29394,59951,37.6939232739143,126.761038902542
202102,경의중앙선,파주,4702,3768,8470,37.8151635252393,126.792604079404
202102,경의중앙선,팔당,10660,11241,21901,37.546890022725,127.243831432648
202102,경의중앙선,풍산,24872,24061,48933,37.6723127365476,126.786451209886
202102,경의중앙선,행신,29745,29798,59543,37.6152819539218,126.84349267417
202102,경의중앙선,홍대입구,10941,12541,23482,37.5577458058734,126.926498328277
202102,경의중앙선,화전,5492,5414,10906,37.6033139647057,126.868385382583
202102,경의중앙선,회기,110152,109318,219470,37.5897442387671,127.058035421223
202102,경의중앙선,효창공원앞,10033,11276,21309,37.5393766399926,126.961258439813
202103,경의중앙선,가좌,23949,23583,47532,37.5688870324193,126.915149791265
202103,경의중앙선,강매,12039,11454,23493,37.6124170870804,126.845066303327
202103,경의중앙선,곡산,2674,2618,5292,37.6455215922844,126.801703048195
202103,경의중앙선,공덕,15984,12282,28266,37.5428436189268,126.95133595616
202103,경의중앙선,구리,65241,68004,133245,37.603333764096,127.143610890921
202103,경의중앙선,국수,4724,4622,9346,37.5159971877418,127.399469211218
202103,경의중앙선,금릉,22354,21639,43993,37.7522266074194,126.765044092685
202103,경의중앙선,금촌,34815,34873,69688,37.7655567434097,126.773936400512
202103,경의중앙선,능곡,18016,17635,35651,37.6189344509008,126.820864666736
202103,경의중앙선,덕소,29049,29054,58103,37.5868975781597,127.208819520604
202103,경의중앙선,도농,41988,41086,83074,37.6088256177708,127.161152955692
202103,경의중앙선,도심,10244,9209,19453,37.5796327348454,127.222654178048
202103,경의중앙선,디지털미디어시티,11659,10584,22243,37.5768239035855,126.899020186183
202103,경의중앙선,망우,39496,38911,78407,37.5992876153903,127.092756577852
202103,경의중앙선,문산,28486,27936,56422,37.854588695275,126.787595361922
202103,경의중앙선,백마,27863,26818,54681,37.6583237579557,126.794456622803
202103,경의중앙선,상봉,32804,33081,65885,37.5967093285386,127.085741817289
202103,경의중앙선,서강대,10509,10384,20893,37.5527051004675,126.934808313154
202103,경의중앙선,서울,7841,8237,16078,37.549118478341,126.970484281315
202103,경의중앙선,수색,7939,8140,16079,37.5808147253405,126.895659201671
202103,경의중앙선,신원,2234,1840,4074,37.5255305127415,127.372518999221
202103,경의중앙선,신촌,2239,2422,4661,37.5554417865984,126.936119192554
202103,경의중앙선,아신,3824,3798,7622,37.5136938387664,127.443105656936
202103,경의중앙선,야당,32486,31283,63769,37.7128499204904,126.761526821868
202103,경의중앙선,양수,13309,12881,26190,37.5457522473669,127.328842901585
202103,경의중앙선,양원,7269,7501,14770,37.606554361502,127.107921489043
202103,경의중앙선,양정,4084,3569,7653,37.6040110360008,127.194607323013
202103,경의중앙선,양평,18012,17791,35803,37.5255116853806,126.886865676125
202103,경의중앙선,오빈,1613,1664,3277,37.5034201426364,127.472779337041
202103,경의중앙선,용문,13949,13511,27460,37.4828215032131,127.593964601093
202103,경의중앙선,운길산,9489,8730,18219,37.5548032008651,127.309850206074
202103,경의중앙선,운정,28608,27048,55656,37.7254220154625,126.766908191096
202103,경의중앙선,원덕,3093,3038,6131,37.4689980743792,127.548481848278
202103,경의중앙선,월롱,7447,9220,16667,37.7961431510064,126.792204696676
202103,경의중앙선,일산,40289,38688,78977,37.6821407179955,126.769478094594
202103,경의중앙선,임진강,351,310,661,37.8885657915464,126.746995041436
202103,경의중앙선,중랑,28605,27741,56346,37.595012523673,127.074833812483
202103,경의중앙선,지평,342,407,749,37.4763755008819,127.630041823792
202103,경의중앙선,탄현,34080,32625,66705,37.6939232739143,126.761038902542
202103,경의중앙선,파주,5384,4561,9945,37.8151635252393,126.792604079404
202103,경의중앙선,팔당,10313,11146,21459,37.546890022725,127.243831432648
202103,경의중앙선,풍산,27464,26539,54003,37.6723127365476,126.786451209886
202103,경의중앙선,행신,34047,33479,67526,37.6152819539218,126.84349267417
202103,경의중앙선,홍대입구,12084,13756,25840,37.5577458058734,126.926498328277
202103,경의중앙선,화전,6978,6884,13862,37.6033139647057,126.868385382583
202103,경의중앙선,회기,129033,126120,255153,37.5897442387671,127.058035421223
202103,경의중앙선,효창공원앞,10978,12396,23374,37.5393766399926,126.961258439813
202104,경의중앙선,가좌,24692,24268,48960,37.5688870324193,126.915149791265
202104,경의중앙선,강매,12472,11840,24312,37.6124170870804,126.845066303327
202104,경의중앙선,곡산,2911,2845,5756,37.6455215922844,126.801703048195
202104,경의중앙선,공덕,15015,11897,26912,37.5428436189268,126.95133595616
202104,경의중앙선,구리,67804,71497,139301,37.603333764096,127.143610890921
202104,경의중앙선,국수,6004,5688,11692,37.5159971877418,127.399469211218
202104,경의중앙선,금릉,24164,23279,47443,37.7522266074194,126.765044092685
202104,경의중앙선,금촌,35726,36015,71741,37.7655567434097,126.773936400512
202104,경의중앙선,능곡,18531,18354,36885,37.6189344509008,126.820864666736
202104,경의중앙선,덕소,30990,31310,62300,37.5868975781597,127.208819520604
202104,경의중앙선,도농,41487,38804,80291,37.6088256177708,127.161152955692
202104,경의중앙선,도심,11198,10093,21291,37.5796327348454,127.222654178048
202104,경의중앙선,디지털미디어시티,12202,10978,23180,37.5768239035855,126.899020186183
202104,경의중앙선,망우,41913,41902,83815,37.5992876153903,127.092756577852
202104,경의중앙선,문산,30478,30305,60783,37.854588695275,126.787595361922
202104,경의중앙선,백마,27862,26979,54841,37.6583237579557,126.794456622803
202104,경의중앙선,상봉,35258,34253,69511,37.5967093285386,127.085741817289
202104,경의중앙선,서강대,10750,10291,21041,37.5527051004675,126.934808313154
202104,경의중앙선,서울,8229,8633,16862,37.549118478341,126.970484281315
202104,경의중앙선,수색,8494,8794,17288,37.5808147253405,126.895659201671
202104,경의중앙선,신원,3420,2335,5755,37.5255305127415,127.372518999221
202104,경의중앙선,신촌,2302,2348,4650,37.5554417865984,126.936119192554
202104,경의중앙선,아신,5072,4846,9918,37.5136938387664,127.443105656936
202104,경의중앙선,야당,34194,33095,67289,37.7128499204904,126.761526821868
202104,경의중앙선,양수,16904,16760,33664,37.5457522473669,127.328842901585
202104,경의중앙선,양원,8009,8439,16448,37.606554361502,127.107921489043
202104,경의중앙선,양정,5077,4527,9604,37.6040110360008,127.194607323013
202104,경의중앙선,양평,21680,21333,43013,37.5255116853806,126.886865676125
202104,경의중앙선,오빈,2243,2222,4465,37.5034201426364,127.472779337041
202104,경의중앙선,용문,22288,21482,43770,37.4828215032131,127.593964601093
202104,경의중앙선,운길산,13081,12177,25258,37.5548032008651,127.309850206074
202104,경의중앙선,운정,29642,28493,58135,37.7254220154625,126.766908191096
202104,경의중앙선,원덕,4438,3920,8358,37.4689980743792,127.548481848278
202104,경의중앙선,월롱,8334,10267,18601,37.7961431510064,126.792204696676
202104,경의중앙선,일산,41159,39708,80867,37.6821407179955,126.769478094594
202104,경의중앙선,임진강,528,469,997,37.8885657915464,126.746995041436
202104,경의중앙선,중랑,29826,29038,58864,37.595012523673,127.074833812483
202104,경의중앙선,지평,448,615,1063,37.4763755008819,127.630041823792
202104,경의중앙선,탄현,33769,32449,66218,37.6939232739143,126.761038902542
202104,경의중앙선,파주,5940,5066,11006,37.8151635252393,126.792604079404
202104,경의중앙선,팔당,13014,14349,27363,37.546890022725,127.243831432648
202104,경의중앙선,풍산,28112,27028,55140,37.6723127365476,126.786451209886
202104,경의중앙선,행신,34777,33678,68455,37.6152819539218,126.84349267417
202104,경의중앙선,홍대입구,11550,13335,24885,37.5577458058734,126.926498328277
202104,경의중앙선,화전,7309,7216,14525,37.6033139647057,126.868385382583
202104,경의중앙선,회기,127497,124483,251980,37.5897442387671,127.058035421223
202104,경의중앙선,효창공원앞,11103,12700,23803,37.5393766399926,126.961258439813
202105,경의중앙선,가좌,31254,30706,61960,37.5688870324193,126.915149791265
202105,경의중앙선,강매,16287,15040,31327,37.6124170870804,126.845066303327
202105,경의중앙선,계양,1,0,1,37.5716093704302,126.736023400683
202105,경의중앙선,곡산,3376,3514,6890,37.6455215922844,126.801703048195
202105,경의중앙선,공덕,19060,15606,34666,37.5428436189268,126.95133595616
202105,경의중앙선,구리,85024,88284,173308,37.603333764096,127.143610890921
202105,경의중앙선,국수,6475,6272,12747,37.5159971877418,127.399469211218
202105,경의중앙선,금릉,29567,28576,58143,37.7522266074194,126.765044092685
202105,경의중앙선,금촌,44249,44640,88889,37.7655567434097,126.773936400512
202105,경의중앙선,김포공항,1,0,1,37.562313207852,126.801278424065
202105,경의중앙선,능곡,23259,22858,46117,37.6189344509008,126.820864666736
202105,경의중앙선,덕소,37672,37872,75544,37.5868975781597,127.208819520604
202105,경의중앙선,도농,53417,52326,105743,37.6088256177708,127.161152955692
202105,경의중앙선,도심,13564,12096,25660,37.5796327348454,127.222654178048
202105,경의중앙선,디지털미디어시티,14919,13975,28894,37.5768239035855,126.899020186183
202105,경의중앙선,망우,51940,51796,103736,37.5992876153903,127.092756577852
202105,경의중앙선,문산,38046,37576,75622,37.854588695275,126.787595361922
202105,경의중앙선,백마,36438,34827,71265,37.6583237579557,126.794456622803
202105,경의중앙선,상봉,43662,42727,86389,37.5967093285386,127.085741817289
202105,경의중앙선,서강대,13752,13352,27104,37.5527051004675,126.934808313154
202105,경의중앙선,서울,10669,11144,21813,37.549118478341,126.970484281315
202105,경의중앙선,수색,10595,11041,21636,37.5808147253405,126.895659201671
202105,경의중앙선,신원,3077,2153,5230,37.5255305127415,127.372518999221
202105,경의중앙선,신촌,2915,3019,5934,37.5554417865984,126.936119192554
202105,경의중앙선,아신,5901,5782,11683,37.5136938387664,127.443105656936
202105,경의중앙선,야당,43932,42241,86173,37.7128499204904,126.761526821868
202105,경의중앙선,양수,20044,19472,39516,37.5457522473669,127.328842901585
202105,경의중앙선,양원,9671,10038,19709,37.606554361502,127.107921489043
202105,경의중앙선,양정,5511,4860,10371,37.6040110360008,127.194607323013
202105,경의중앙선,양평,26735,25841,52576,37.5255116853806,126.886865676125
202105,경의중앙선,오빈,2556,2616,5172,37.5034201426364,127.472779337041
202105,경의중앙선,용문,25386,24304,49690,37.4828215032131,127.593964601093
202105,경의중앙선,운길산,14092,13043,27135,37.5548032008651,127.309850206074
202105,경의중앙선,운정,38401,37162,75563,37.7254220154625,126.766908191096
202105,경의중앙선,원덕,4306,4232,8538,37.4689980743792,127.548481848278
202105,경의중앙선,월롱,9771,12691,22462,37.7961431510064,126.792204696676
202105,경의중앙선,일산,51591,49615,101206,37.6821407179955,126.769478094594
202105,경의중앙선,임진강,669,590,1259,37.8885657915464,126.746995041436
202105,경의중앙선,중랑,37815,36631,74446,37.595012523673,127.074833812483
202105,경의중앙선,지평,555,641,1196,37.4763755008819,127.630041823792
202105,경의중앙선,탄현,43799,42196,85995,37.6939232739143,126.761038902542
202105,경의중앙선,파주,7270,6135,13405,37.8151635252393,126.792604079404
202105,경의중앙선,팔당,14162,15747,29909,37.546890022725,127.243831432648
202105,경의중앙선,풍산,35929,34299,70228,37.6723127365476,126.786451209886
202105,경의중앙선,행신,43884,43144,87028,37.6152819539218,126.84349267417
202105,경의중앙선,홍대입구,15968,19141,35109,37.5577458058734,126.926498328277
202105,경의중앙선,화전,9335,9259,18594,37.6033139647057,126.868385382583
202105,경의중앙선,회기,163020,160228,323248,37.5897442387671,127.058035421223
202105,경의중앙선,효창공원앞,14106,15950,30056,37.5393766399926,126.961258439813
202106,경의중앙선,가좌,26523,25675,52198,37.5688870324193,126.915149791265
202106,경의중앙선,강매,13269,12427,25696,37.6124170870804,126.845066303327
202106,경의중앙선,곡산,2910,2951,5861,37.6455215922844,126.801703048195
202106,경의중앙선,공덕,16359,13178,29537,37.5428436189268,126.95133595616
202106,경의중앙선,구리,69462,71609,141071,37.603333764096,127.143610890921
202106,경의중앙선,국수,5335,5127,10462,37.5159971877418,127.399469211218
202106,경의중앙선,금릉,24747,23997,48744,37.7522266074194,126.765044092685
202106,경의중앙선,금촌,37408,37845,75253,37.7655567434097,126.773936400512
202106,경의중앙선,능곡,19305,19121,38426,37.6189344509008,126.820864666736
202106,경의중앙선,덕소,31417,31589,63006,37.5868975781597,127.208819520604
202106,경의중앙선,도농,44338,43001,87339,37.6088256177708,127.161152955692
202106,경의중앙선,도심,11482,10252,21734,37.5796327348454,127.222654178048
202106,경의중앙선,디지털미디어시티,12808,11922,24730,37.5768239035855,126.899020186183
202106,경의중앙선,망우,43523,43040,86563,37.5992876153903,127.092756577852
202106,경의중앙선,문산,31937,31607,63544,37.854588695275,126.787595361922
202106,경의중앙선,백마,29513,28359,57872,37.6583237579557,126.794456622803
202106,경의중앙선,상봉,36879,35672,72551,37.5967093285386,127.085741817289
202106,경의중앙선,서강대,11516,10716,22232,37.5527051004675,126.934808313154
202106,경의중앙선,서울,8938,9132,18070,37.549118478341,126.970484281315
202106,경의중앙선,수색,9614,9806,19420,37.5808147253405,126.895659201671
202106,경의중앙선,신원,2460,1721,4181,37.5255305127415,127.372518999221
202106,경의중앙선,신촌,2379,2493,4872,37.5554417865984,126.936119192554
202106,경의중앙선,아신,4855,4666,9521,37.5136938387664,127.443105656936
202106,경의중앙선,야당,36393,36221,72614,37.7128499204904,126.761526821868
202106,경의중앙선,양수,17532,17372,34904,37.5457522473669,127.328842901585
202106,경의중앙선,양원,8335,8610,16945,37.606554361502,127.107921489043
202106,경의중앙선,양정,4735,4096,8831,37.6040110360008,127.194607323013
202106,경의중앙선,양평,21135,20606,41741,37.5255116853806,126.886865676125
202106,경의중앙선,오빈,2173,2111,4284,37.5034201426364,127.472779337041
202106,경의중앙선,용문,21928,21303,43231,37.4828215032131,127.593964601093
202106,경의중앙선,운길산,12087,11514,23601,37.5548032008651,127.309850206074
202106,경의중앙선,운정,32527,30965,63492,37.7254220154625,126.766908191096
202106,경의중앙선,원덕,3466,3251,6717,37.4689980743792,127.548481848278
202106,경의중앙선,월롱,8255,10493,18748,37.7961431510064,126.792204696676
202106,경의중앙선,일산,41868,40099,81967,37.6821407179955,126.769478094594
202106,경의중앙선,임진강,729,679,1408,37.8885657915464,126.746995041436
202106,경의중앙선,중랑,30914,29771,60685,37.595012523673,127.074833812483
202106,경의중앙선,지평,439,507,946,37.4763755008819,127.630041823792
202106,경의중앙선,탄현,36346,34487,70833,37.6939232739143,126.761038902542
202106,경의중앙선,파주,6097,5119,11216,37.8151635252393,126.792604079404
202106,경의중앙선,팔당,11992,12818,24810,37.546890022725,127.243831432648
202106,경의중앙선,풍산,29572,28634,58206,37.6723127365476,126.786451209886
202106,경의중앙선,행신,36257,35672,71929,37.6152819539218,126.84349267417
202106,경의중앙선,홍대입구,13528,15387,28915,37.5577458058734,126.926498328277
202106,경의중앙선,화전,7185,7114,14299,37.6033139647057,126.868385382583
202106,경의중앙선,회기,129902,124898,254800,37.5897442387671,127.058035421223
202106,경의중앙선,효창공원앞,11379,12794,24173,37.5393766399926,126.961258439813
202107,경의중앙선,가좌,23682,23241,46923,37.5688870324193,126.915149791265
202107,경의중앙선,강매,11534,10982,22516,37.6124170870804,126.845066303327
202107,경의중앙선,곡산,2516,2576,5092,37.6455215922844,126.801703048195
202107,경의중앙선,공덕,13742,11465,25207,37.5428436189268,126.95133595616
202107,경의중앙선,구리,63258,65569,128827,37.603333764096,127.143610890921
202107,경의중앙선,국수,4366,4194,8560,37.5159971877418,127.399469211218
202107,경의중앙선,금릉,22270,21762,44032,37.7522266074194,126.765044092685
202107,경의중앙선,금촌,34375,34781,69156,37.7655567434097,126.773936400512
202107,경의중앙선,능곡,17474,17180,34654,37.6189344509008,126.820864666736
202107,경의중앙선,덕소,28568,29006,57574,37.5868975781597,127.208819520604
202107,경의중앙선,도농,39587,38903,78490,37.6088256177708,127.161152955692
202107,경의중앙선,도심,10048,8901,18949,37.5796327348454,127.222654178048
202107,경의중앙선,디지털미디어시티,11434,10718,22152,37.5768239035855,126.899020186183
202107,경의중앙선,망우,39490,39464,78954,37.5992876153903,127.092756577852
202107,경의중앙선,문산,29497,29375,58872,37.854588695275,126.787595361922
202107,경의중앙선,백마,26070,25285,51355,37.6583237579557,126.794456622803
202107,경의중앙선,상봉,33502,33098,66600,37.5967093285386,127.085741817289
202107,경의중앙선,서강대,10267,9854,20121,37.5527051004675,126.934808313154
202107,경의중앙선,서울,7450,7374,14824,37.549118478341,126.970484281315
202107,경의중앙선,수색,8434,8535,16969,37.5808147253405,126.895659201671
202107,경의중앙선,신원,1660,1235,2895,37.5255305127415,127.372518999221
202107,경의중앙선,신촌,2087,2137,4224,37.5554417865984,126.936119192554
202107,경의중앙선,아신,4105,3955,8060,37.5136938387664,127.443105656936
202107,경의중앙선,야당,32945,32422,65367,37.7128499204904,126.761526821868
202107,경의중앙선,양수,15506,15562,31068,37.5457522473669,127.328842901585
202107,경의중앙선,양원,7116,7296,14412,37.606554361502,127.107921489043
202107,경의중앙선,양정,4210,3721,7931,37.6040110360008,127.194607323013
202107,경의중앙선,양평,18797,18636,37433,37.5255116853806,126.886865676125
202107,경의중앙선,오빈,1781,1813,3594,37.5034201426364,127.472779337041
202107,경의중앙선,용문,20986,21054,42040,37.4828215032131,127.593964601093
202107,경의중앙선,운길산,8162,7569,15731,37.5548032008651,127.309850206074
202107,경의중앙선,운정,28522,27908,56430,37.7254220154625,126.766908191096
202107,경의중앙선,원덕,2554,2550,5104,37.4689980743792,127.548481848278
202107,경의중앙선,월롱,8221,10599,18820,37.7961431510064,126.792204696676
202107,경의중앙선,일산,37382,36469,73851,37.6821407179955,126.769478094594
202107,경의중앙선,임진강,427,398,825,37.8885657915464,126.746995041436
202107,경의중앙선,중랑,29050,28112,57162,37.595012523673,127.074833812483
202107,경의중앙선,지평,446,498,944,37.4763755008819,127.630041823792
202107,경의중앙선,탄현,33229,32011,65240,37.6939232739143,126.761038902542
202107,경의중앙선,파주,5568,4592,10160,37.8151635252393,126.792604079404
202107,경의중앙선,팔당,9778,9688,19466,37.546890022725,127.243831432648
202107,경의중앙선,풍산,26366,25648,52014,37.6723127365476,126.786451209886
202107,경의중앙선,행신,32253,32227,64480,37.6152819539218,126.84349267417
202107,경의중앙선,홍대입구,9801,10937,20738,37.5577458058734,126.926498328277
202107,경의중앙선,화전,6115,6074,12189,37.6033139647057,126.868385382583
202107,경의중앙선,회기,117111,113482,230593,37.5897442387671,127.058035421223
202107,경의중앙선,효창공원앞,10475,12081,22556,37.5393766399926,126.961258439813
202108,경의중앙선,가좌,23968,23314,47282,37.5688870324193,126.915149791265
202108,경의중앙선,강매,12033,11289,23322,37.6124170870804,126.845066303327
202108,경의중앙선,검암,1,0,1,37.5687914198721,126.675472176848
202108,경의중앙선,곡산,2536,2582,5118,37.6455215922844,126.801703048195
202108,경의중앙선,공덕,13394,11447,24841,37.5428436189268,126.95133595616
202108,경의중앙선,구리,62485,64718,127203,37.603333764096,127.143610890921
202108,경의중앙선,국수,4390,4225,8615,37.5159971877418,127.399469211218
202108,경의중앙선,금릉,22378,22100,44478,37.7522266074194,126.765044092685
202108,경의중앙선,금촌,33574,34304,67878,37.7655567434097,126.773936400512
202108,경의중앙선,능곡,17838,17267,35105,37.6189344509008,126.820864666736
202108,경의중앙선,덕소,28773,28952,57725,37.5868975781597,127.208819520604
202108,경의중앙선,도농,39706,39036,78742,37.6088256177708,127.161152955692
202108,경의중앙선,도심,10212,9085,19297,37.5796327348454,127.222654178048
202108,경의중앙선,디지털미디어시티,11046,10005,21051,37.5768239035855,126.899020186183
202108,경의중앙선,망우,39962,39584,79546,37.5992876153903,127.092756577852
202108,경의중앙선,문산,29799,29483,59282,37.854588695275,126.787595361922
202108,경의중앙선,백마,26529,25522,52051,37.6583237579557,126.794456622803
202108,경의중앙선,상봉,33689,32886,66575,37.5967093285386,127.085741817289
202108,경의중앙선,서강대,10811,10092,20903,37.5527051004675,126.934808313154
202108,경의중앙선,서울,7785,7807,15592,37.549118478341,126.970484281315
202108,경의중앙선,수색,7922,8061,15983,37.5808147253405,126.895659201671
202108,경의중앙선,신원,1875,1368,3243,37.5255305127415,127.372518999221
202108,경의중앙선,신촌,2323,2253,4576,37.5554417865984,126.936119192554
202108,경의중앙선,아신,4337,4140,8477,37.5136938387664,127.443105656936
202108,경의중앙선,야당,33445,32908,66353,37.7128499204904,126.761526821868
202108,경의중앙선,양수,16382,16010,32392,37.5457522473669,127.328842901585
202108,경의중앙선,양원,7598,7812,15410,37.606554361502,127.107921489043
202108,경의중앙선,양정,4288,3726,8014,37.6040110360008,127.194607323013
202108,경의중앙선,양평,19696,19126,38822,37.5255116853806,126.886865676125
202108,경의중앙선,오빈,1975,1959,3934,37.5034201426364,127.472779337041
202108,경의중앙선,용문,20130,19776,39906,37.4828215032131,127.593964601093
202108,경의중앙선,운길산,9444,8698,18142,37.5548032008651,127.309850206074
202108,경의중앙선,운정,28322,27572,55894,37.7254220154625,126.766908191096
202108,경의중앙선,원덕,2814,2516,5330,37.4689980743792,127.548481848278
202108,경의중앙선,월롱,8112,10610,18722,37.7961431510064,126.792204696676
202108,경의중앙선,일산,38137,37041,75178,37.6821407179955,126.769478094594
202108,경의중앙선,임진강,589,483,1072,37.8885657915464,126.746995041436
202108,경의중앙선,중랑,28996,28085,57081,37.595012523673,127.074833812483
202108,경의중앙선,지평,394,490,884,37.4763755008819,127.630041823792
202108,경의중앙선,탄현,33115,31904,65019,37.6939232739143,126.761038902542
202108,경의중앙선,파주,5601,4645,10246,37.8151635252393,126.792604079404
202108,경의중앙선,팔당,10596,10643,21239,37.546890022725,127.243831432648
202108,경의중앙선,풍산,27249,26293,53542,37.6723127365476,126.786451209886
202108,경의중앙선,행신,32608,31894,64502,37.6152819539218,126.84349267417
202108,경의중앙선,홍대입구,11580,13089,24669,37.5577458058734,126.926498328277
202108,경의중앙선,화전,6229,6282,12511,37.6033139647057,126.868385382583
202108,경의중앙선,회기,116108,113564,229672,37.5897442387671,127.058035421223
202108,경의중앙선,효창공원앞,10266,11893,22159,37.5393766399926,126.961258439813
202109,경의중앙선,가좌,24618,23760,48378,37.5688870324193,126.915149791265
202109,경의중앙선,강매,12639,11876,24515,37.6124170870804,126.845066303327
202109,경의중앙선,검암,1,0,1,37.5687914198721,126.675472176848
202109,경의중앙선,계양,1,0,1,37.5716093704302,126.736023400683
202109,경의중앙선,곡산,2735,2863,5598,37.6455215922844,126.801703048195
202109,경의중앙선,공덕,13788,11728,25516,37.5428436189268,126.95133595616
202109,경의중앙선,구리,64860,67087,131947,37.603333764096,127.143610890921
202109,경의중앙선,국수,5267,5092,10359,37.5159971877418,127.399469211218
202109,경의중앙선,금릉,23887,23535,47422,37.7522266074194,126.765044092685
202109,경의중앙선,금촌,37042,37318,74360,37.7655567434097,126.773936400512
202109,경의중앙선,능곡,18886,18004,36890,37.6189344509008,126.820864666736
202109,경의중앙선,덕소,30261,30616,60877,37.5868975781597,127.208819520604
202109,경의중앙선,도농,42672,41494,84166,37.6088256177708,127.161152955692
202109,경의중앙선,도심,10752,9545,20297,37.5796327348454,127.222654178048
202109,경의중앙선,디지털미디어시티,11635,10751,22386,37.5768239035855,126.899020186183
202109,경의중앙선,망우,41040,40055,81095,37.5992876153903,127.092756577852
202109,경의중앙선,문산,31740,31339,63079,37.854588695275,126.787595361922
202109,경의중앙선,백마,27918,26807,54725,37.6583237579557,126.794456622803
202109,경의중앙선,상봉,34326,32949,67275,37.5967093285386,127.085741817289
202109,경의중앙선,서강대,11064,10127,21191,37.5527051004675,126.934808313154
202109,경의중앙선,서울,8089,8365,16454,37.549118478341,126.970484281315
202109,경의중앙선,수색,8671,8622,17293,37.5808147253405,126.895659201671
202109,경의중앙선,신원,2993,2437,5430,37.5255305127415,127.372518999221
202109,경의중앙선,신촌,2355,2382,4737,37.5554417865984,126.936119192554
202109,경의중앙선,아신,4791,4631,9422,37.5136938387664,127.443105656936
202109,경의중앙선,야당,36269,35543,71812,37.7128499204904,126.761526821868
202109,경의중앙선,양수,17615,17289,34904,37.5457522473669,127.328842901585
202109,경의중앙선,양원,8450,8651,17101,37.606554361502,127.107921489043
202109,경의중앙선,양정,4413,4027,8440,37.6040110360008,127.194607323013
202109,경의중앙선,양평,20723,21258,41981,37.5255116853806,126.886865676125
202109,경의중앙선,오빈,2001,2051,4052,37.5034201426364,127.472779337041
202109,경의중앙선,용문,20960,21503,42463,37.4828215032131,127.593964601093
202109,경의중앙선,운길산,11903,11416,23319,37.5548032008651,127.309850206074
202109,경의중앙선,운정,30445,29003,59448,37.7254220154625,126.766908191096
202109,경의중앙선,원덕,3189,3117,6306,37.4689980743792,127.548481848278
202109,경의중앙선,월롱,8786,10969,19755,37.7961431510064,126.792204696676
202109,경의중앙선,일산,40481,38857,79338,37.6821407179955,126.769478094594
202109,경의중앙선,임진강,704,606,1310,37.8885657915464,126.746995041436
202109,경의중앙선,중랑,29726,28473,58199,37.595012523673,127.074833812483
202109,경의중앙선,지평,409,595,1004,37.4763755008819,127.630041823792
202109,경의중앙선,탄현,33965,32614,66579,37.6939232739143,126.761038902542
202109,경의중앙선,파주,5745,4808,10553,37.8151635252393,126.792604079404
202109,경의중앙선,팔당,12566,13492,26058,37.546890022725,127.243831432648
202109,경의중앙선,풍산,28299,27212,55511,37.6723127365476,126.786451209886
202109,경의중앙선,행신,33426,32913,66339,37.6152819539218,126.84349267417
202109,경의중앙선,홍대입구,12582,13781,26363,37.5577458058734,126.926498328277
202109,경의중앙선,화전,6881,6747,13628,37.6033139647057,126.868385382583
202109,경의중앙선,회기,123205,116828,240033,37.5897442387671,127.058035421223
202109,경의중앙선,효창공원앞,10777,12238,23015,37.5393766399926,126.961258439813
202110,경의중앙선,가좌,32955,31878,64833,37.5688870324193,126.915149791265
202110,경의중앙선,강매,16634,15567,32201,37.6124170870804,126.845066303327
202110,경의중앙선,곡산,3878,3972,7850,37.6455215922844,126.801703048195
202110,경의중앙선,공덕,21407,17169,38576,37.5428436189268,126.95133595616
202110,경의중앙선,구리,88443,90344,178787,37.603333764096,127.143610890921
202110,경의중앙선,국수,6741,6604,13345,37.5159971877418,127.399469211218
202110,경의중앙선,금릉,31394,30831,62225,37.7522266074194,126.765044092685
202110,경의중앙선,금촌,46732,47128,93860,37.7655567434097,126.773936400512
202110,경의중앙선,김포공항,1,0,1,37.562313207852,126.801278424065
202110,경의중앙선,능곡,24780,23711,48491,37.6189344509008,126.820864666736
202110,경의중앙선,덕소,39738,40373,80111,37.5868975781597,127.208819520604
202110,경의중앙선,도농,58007,56882,114889,37.6088256177708,127.161152955692
202110,경의중앙선,도심,14060,12740,26800,37.5796327348454,127.222654178048
202110,경의중앙선,디지털미디어시티,16014,14703,30717,37.5768239035855,126.899020186183
202110,경의중앙선,망우,54419,53408,107827,37.5992876153903,127.092756577852
202110,경의중앙선,문산,40331,40158,80489,37.854588695275,126.787595361922
202110,경의중앙선,백마,37998,36293,74291,37.6583237579557,126.794456622803
202110,경의중앙선,상봉,45986,44876,90862,37.5967093285386,127.085741817289
202110,경의중앙선,서강대,14108,13629,27737,37.5527051004675,126.934808313154
202110,경의중앙선,서울,11786,12764,24550,37.549118478341,126.970484281315
202110,경의중앙선,수색,11354,11352,22706,37.5808147253405,126.895659201671
202110,경의중앙선,신원,3302,2363,5665,37.5255305127415,127.372518999221
202110,경의중앙선,신촌,3568,3620,7188,37.5554417865984,126.936119192554
202110,경의중앙선,아신,6429,6241,12670,37.5136938387664,127.443105656936
202110,경의중앙선,야당,48981,48071,97052,37.7128499204904,126.761526821868
202110,경의중앙선,양수,22388,22034,44422,37.5457522473669,127.328842901585
202110,경의중앙선,양원,11382,11518,22900,37.606554361502,127.107921489043
202110,경의중앙선,양정,6624,5971,12595,37.6040110360008,127.194607323013
202110,경의중앙선,양평,29632,29939,59571,37.5255116853806,126.886865676125
202110,경의중앙선,오빈,2826,2892,5718,37.5034201426364,127.472779337041
202110,경의중앙선,용문,30392,30199,60591,37.4828215032131,127.593964601093
202110,경의중앙선,운길산,15498,14847,30345,37.5548032008651,127.309850206074
202110,경의중앙선,운정,41442,39383,80825,37.7254220154625,126.766908191096
202110,경의중앙선,원덕,4281,4176,8457,37.4689980743792,127.548481848278
202110,경의중앙선,월롱,11807,14505,26312,37.7961431510064,126.792204696676
202110,경의중앙선,일산,54586,51637,106223,37.6821407179955,126.769478094594
202110,경의중앙선,임진강,803,656,1459,37.8885657915464,126.746995041436
202110,경의중앙선,중랑,38474,36657,75131,37.595012523673,127.074833812483
202110,경의중앙선,지평,542,694,1236,37.4763755008819,127.630041823792
202110,경의중앙선,탄현,46224,44104,90328,37.6939232739143,126.761038902542
202110,경의중앙선,파주,7631,6200,13831,37.8151635252393,126.792604079404
202110,경의중앙선,팔당,15299,16497,31796,37.546890022725,127.243831432648
202110,경의중앙선,풍산,37707,36076,73783,37.6723127365476,126.786451209886
202110,경의중앙선,행신,46363,45530,91893,37.6152819539218,126.84349267417
202110,경의중앙선,홍대입구,16711,19679,36390,37.5577458058734,126.926498328277
202110,경의중앙선,화전,9569,9207,18776,37.6033139647057,126.868385382583
202110,경의중앙선,회기,166683,161224,327907,37.5897442387671,127.058035421223
202110,경의중앙선,효창공원앞,14766,16362,31128,37.5393766399926,126.961258439813
202111,경의중앙선,가좌,27609,26955,54564,37.5688870324193,126.915149791265
202111,경의중앙선,강매,14526,13271,27797,37.6124170870804,126.845066303327
202111,경의중앙선,계양,1,0,1,37.5716093704302,126.736023400683
202111,경의중앙선,곡산,3090,3199,6289,37.6455215922844,126.801703048195
202111,경의중앙선,공덕,19063,14873,33936,37.5428436189268,126.95133595616
202111,경의중앙선,구리,74330,75797,150127,37.603333764096,127.143610890921
202111,경의중앙선,국수,4911,4814,9725,37.5159971877418,127.399469211218
202111,경의중앙선,금릉,26596,25504,52100,37.7522266074194,126.765044092685
202111,경의중앙선,금촌,39938,39505,79443,37.7655567434097,126.773936400512
202111,경의중앙선,능곡,20493,19848,40341,37.6189344509008,126.820864666736
202111,경의중앙선,덕소,32288,27375,59663,37.5868975781597,127.208819520604
202111,경의중앙선,도농,50580,48171,98751,37.6088256177708,127.161152955692
202111,경의중앙선,도심,11456,9843,21299,37.5796327348454,127.222654178048
202111,경의중앙선,디지털미디어시티,13595,12552,26147,37.5768239035855,126.899020186183
202111,경의중앙선,망우,45721,44868,90589,37.5992876153903,127.092756577852
202111,경의중앙선,문산,34554,34460,69014,37.854588695275,126.787595361922
202111,경의중앙선,백마,32381,30571,62952,37.6583237579557,126.794456622803
202111,경의중앙선,상봉,38170,36843,75013,37.5967093285386,127.085741817289
202111,경의중앙선,서강대,13736,13354,27090,37.5527051004675,126.934808313154
202111,경의중앙선,서울,10895,10813,21708,37.549118478341,126.970484281315
202111,경의중앙선,수색,9851,9719,19570,37.5808147253405,126.895659201671
202111,경의중앙선,신원,1925,1454,3379,37.5255305127415,127.372518999221
202111,경의중앙선,신촌,2904,2974,5878,37.5554417865984,126.936119192554
202111,경의중앙선,아신,4916,4566,9482,37.5136938387664,127.443105656936
202111,경의중앙선,야당,41459,41804,83263,37.7128499204904,126.761526821868
202111,경의중앙선,양수,15679,15455,31134,37.5457522473669,127.328842901585
202111,경의중앙선,양원,9376,9467,18843,37.606554361502,127.107921489043
202111,경의중앙선,양정,4505,3930,8435,37.6040110360008,127.194607323013
202111,경의중앙선,양평,22539,22533,45072,37.5255116853806,126.886865676125
202111,경의중앙선,오빈,2130,2095,4225,37.5034201426364,127.472779337041
202111,경의중앙선,용문,19845,19508,39353,37.4828215032131,127.593964601093
202111,경의중앙선,운길산,9593,9228,18821,37.5548032008651,127.309850206074
202111,경의중앙선,운정,36928,34294,71222,37.7254220154625,126.766908191096
202111,경의중앙선,원덕,3115,3253,6368,37.4689980743792,127.548481848278
202111,경의중앙선,월롱,10114,12858,22972,37.7961431510064,126.792204696676
202111,경의중앙선,일산,47212,44584,91796,37.6821407179955,126.769478094594
202111,경의중앙선,임진강,504,454,958,37.8885657915464,126.746995041436
202111,경의중앙선,중랑,32098,30455,62553,37.595012523673,127.074833812483
202111,경의중앙선,지평,449,447,896,37.4763755008819,127.630041823792
202111,경의중앙선,탄현,39248,36643,75891,37.6939232739143,126.761038902542
202111,경의중앙선,파주,6277,5126,11403,37.8151635252393,126.792604079404
202111,경의중앙선,팔당,10346,10989,21335,37.546890022725,127.243831432648
202111,경의중앙선,풍산,32124,30602,62726,37.6723127365476,126.786451209886
202111,경의중앙선,행신,40068,38956,79024,37.6152819539218,126.84349267417
202111,경의중앙선,홍대입구,14171,17509,31680,37.5577458058734,126.926498328277
202111,경의중앙선,화전,9349,8762,18111,37.6033139647057,126.868385382583
202111,경의중앙선,회기,158621,150465,309086,37.5897442387671,127.058035421223
202111,경의중앙선,효창공원앞,12689,13820,26509,37.5393766399926,126.961258439813
202112,경의중앙선,가좌,22969,22948,45917,37.5688870324193,126.915149791265
202112,경의중앙선,강매,12163,11540,23703,37.6124170870804,126.845066303327
202112,경의중앙선,검암,1,0,1,37.5687914198721,126.675472176848
202112,경의중앙선,곡산,2400,2324,4724,37.6455215922844,126.801703048195
202112,경의중앙선,공덕,16530,12331,28861,37.5428436189268,126.95133595616
202112,경의중앙선,구리,63351,66079,129430,37.603333764096,127.143610890921
202112,경의중앙선,국수,3606,3496,7102,37.5159971877418,127.399469211218
202112,경의중앙선,금릉,23583,22727,46310,37.7522266074194,126.765044092685
202112,경의중앙선,금촌,33999,34276,68275,37.7655567434097,126.773936400512
202112,경의중앙선,능곡,17264,16783,34047,37.6189344509008,126.820864666736
202112,경의중앙선,덕소,26838,27473,54311,37.5868975781597,127.208819520604
202112,경의중앙선,도농,42661,41323,83984,37.6088256177708,127.161152955692
202112,경의중앙선,도심,9248,7914,17162,37.5796327348454,127.222654178048
202112,경의중앙선,디지털미디어시티,11437,10600,22037,37.5768239035855,126.899020186183
202112,경의중앙선,망우,39607,39163,78770,37.5992876153903,127.092756577852
202112,경의중앙선,문산,27161,27444,54605,37.854588695275,126.787595361922
202112,경의중앙선,백마,26928,26002,52930,37.6583237579557,126.794456622803
202112,경의중앙선,상봉,30392,30314,60706,37.5967093285386,127.085741817289
202112,경의중앙선,서강대,10331,10146,20477,37.5527051004675,126.934808313154
202112,경의중앙선,서울,8610,8727,17337,37.549118478341,126.970484281315
202112,경의중앙선,수색,7929,8205,16134,37.5808147253405,126.895659201671
202112,경의중앙선,신원,1271,1001,2272,37.5255305127415,127.372518999221
202112,경의중앙선,신촌,2343,2520,4863,37.5554417865984,126.936119192554
202112,경의중앙선,아신,3103,3135,6238,37.5136938387664,127.443105656936
202112,경의중앙선,야당,36640,36075,72715,37.7128499204904,126.761526821868
202112,경의중앙선,양수,10526,10606,21132,37.5457522473669,127.328842901585
202112,경의중앙선,양원,8150,8166,16316,37.606554361502,127.107921489043
202112,경의중앙선,양정,3168,2660,5828,37.6040110360008,127.194607323013
202112,경의중앙선,양평,15226,15413,30639,37.5255116853806,126.886865676125
202112,경의중앙선,오빈,1515,1490,3005,37.5034201426364,127.472779337041
202112,경의중앙선,용문,12843,12618,25461,37.4828215032131,127.593964601093
202112,경의중앙선,운길산,5640,5306,10946,37.5548032008651,127.309850206074
202112,경의중앙선,운정,30624,29264,59888,37.7254220154625,126.766908191096
202112,경의중앙선,원덕,2101,1981,4082,37.4689980743792,127.548481848278
202112,경의중앙선,월롱,8655,11594,20249,37.7961431510064,126.792204696676
202112,경의중앙선,일산,37961,36701,74662,37.6821407179955,126.769478094594
202112,경의중앙선,임진강,330,330,660,37.8885657915464,126.746995041436
202112,경의중앙선,중랑,27554,26389,53943,37.595012523673,127.074833812483
202112,경의중앙선,지평,324,325,649,37.4763755008819,127.630041823792
202112,경의중앙선,탄현,33868,32336,66204,37.6939232739143,126.761038902542
202112,경의중앙선,파주,5255,3997,9252,37.8151635252393,126.792604079404
202112,경의중앙선,팔당,7900,8120,16020,37.546890022725,127.243831432648
202112,경의중앙선,풍산,27915,26357,54272,37.6723127365476,126.786451209886
202112,경의중앙선,행신,34452,33664,68116,37.6152819539218,126.84349267417
202112,경의중앙선,홍대입구,12179,14993,27172,37.5577458058734,126.926498328277
202112,경의중앙선,화전,7785,7229,15014,37.6033139647057,126.868385382583
202112,경의중앙선,회기,126376,122312,248688,37.5897442387671,127.058035421223
202112,경의중앙선,효창공원앞,11006,12140,23146,37.5393766399926,126.961258439813
202101,우이신설선,4.19민주묘지,15242,13424,28666,37.6494786329719,127.013478245674
202101,우이신설선,가오리,18540,17746,36286,37.641713417798,127.016940435565
202101,우이신설선,보문,7430,7505,14935,37.5847632748488,127.019790458317
202101,우이신설선,북한산보국문,28049,26335,54384,37.6121461272569,127.008208009279
202101,우이신설선,북한산우이,18393,19040,37433,37.6629661525542,127.012702176264
202101,우이신설선,삼양,10102,10730,20832,37.626835165677,127.018198221331
202101,우이신설선,삼양사거리,12242,12148,24390,37.6214280999689,127.020237295242
202101,우이신설선,성신여대입구,16800,19420,36220,37.5927179261346,127.016477649743
202101,우이신설선,솔밭공원,11321,11003,22324,37.6561546882896,127.013091650663
202101,우이신설선,솔샘,22306,20447,42753,37.6202522935181,127.013408969328
202101,우이신설선,신설동,9522,9113,18635,37.5762451837487,127.023278761358
202101,우이신설선,정릉,21377,18604,39981,37.6026876819314,127.013496185509
202101,우이신설선,화계,15893,14831,30724,37.6339304770753,127.0172978051
202102,우이신설선,4.19민주묘지,14457,12677,27134,37.6494786329719,127.013478245674
202102,우이신설선,가오리,17650,16494,34144,37.641713417798,127.016940435565
202102,우이신설선,보문,6784,6841,13625,37.5847632748488,127.019790458317
202102,우이신설선,북한산보국문,27700,25254,52954,37.6121461272569,127.008208009279
202102,우이신설선,북한산우이,21357,22353,43710,37.6629661525542,127.012702176264
202102,우이신설선,삼양,9284,9554,18838,37.626835165677,127.018198221331
202102,우이신설선,삼양사거리,11369,11353,22722,37.6214280999689,127.020237295242
202102,우이신설선,성신여대입구,16258,19090,35348,37.5927179261346,127.016477649743
202102,우이신설선,솔밭공원,10874,10508,21382,37.6561546882896,127.013091650663
202102,우이신설선,솔샘,21679,19683,41362,37.6202522935181,127.013408969328
202102,우이신설선,신설동,9004,8572,17576,37.5762451837487,127.023278761358
202102,우이신설선,정릉,20600,17395,37995,37.6026876819314,127.013496185509
202102,우이신설선,화계,15181,14077,29258,37.6339304770753,127.0172978051
202103,우이신설선,4.19민주묘지,15457,13850,29307,37.6494786329719,127.013478245674
202103,우이신설선,가오리,19385,18401,37786,37.641713417798,127.016940435565
202103,우이신설선,보문,7602,7656,15258,37.5847632748488,127.019790458317
202103,우이신설선,북한산보국문,30486,27633,58119,37.6121461272569,127.008208009279
202103,우이신설선,북한산우이,22411,23154,45565,37.6629661525542,127.012702176264
202103,우이신설선,삼양,10114,10318,20432,37.626835165677,127.018198221331
202103,우이신설선,삼양사거리,12121,12052,24173,37.6214280999689,127.020237295242
202103,우이신설선,성신여대입구,18868,21084,39952,37.5927179261346,127.016477649743
202103,우이신설선,솔밭공원,11839,11372,23211,37.6561546882896,127.013091650663
202103,우이신설선,솔샘,24131,21839,45970,37.6202522935181,127.013408969328
202103,우이신설선,신설동,9579,9329,18908,37.5762451837487,127.023278761358
202103,우이신설선,정릉,22459,19559,42018,37.6026876819314,127.013496185509
202103,우이신설선,화계,16539,15662,32201,37.6339304770753,127.0172978051
202104,우이신설선,4.19민주묘지,16613,14680,31293,37.6494786329719,127.013478245674
202104,우이신설선,가오리,19700,18552,38252,37.641713417798,127.016940435565
202104,우이신설선,보문,7652,7723,15375,37.5847632748488,127.019790458317
202104,우이신설선,북한산보국문,31783,28913,60696,37.6121461272569,127.008208009279
202104,우이신설선,북한산우이,24459,25494,49953,37.6629661525542,127.012702176264
202104,우이신설선,삼양,10322,10852,21174,37.626835165677,127.018198221331
202104,우이신설선,삼양사거리,12655,12381,25036,37.6214280999689,127.020237295242
202104,우이신설선,성신여대입구,17839,20280,38119,37.5927179261346,127.016477649743
202104,우이신설선,솔밭공원,11801,11559,23360,37.6561546882896,127.013091650663
202104,우이신설선,솔샘,23712,22112,45824,37.6202522935181,127.013408969328
202104,우이신설선,신설동,9598,9528,19126,37.5762451837487,127.023278761358
202104,우이신설선,정릉,22757,19581,42338,37.6026876819314,127.013496185509
202104,우이신설선,화계,16945,15882,32827,37.6339304770753,127.0172978051
202105,우이신설선,4.19민주묘지,20532,18313,38845,37.6494786329719,127.013478245674
202105,우이신설선,가오리,24243,23326,47569,37.641713417798,127.016940435565
202105,우이신설선,보문,9458,9766,19224,37.5847632748488,127.019790458317
202105,우이신설선,북한산보국문,39321,35869,75190,37.6121461272569,127.008208009279
202105,우이신설선,북한산우이,29534,30452,59986,37.6629661525542,127.012702176264
202105,우이신설선,삼양,12874,13217,26091,37.626835165677,127.018198221331
202105,우이신설선,삼양사거리,15488,15297,30785,37.6214280999689,127.020237295242
202105,우이신설선,성신여대입구,22728,26416,49144,37.5927179261346,127.016477649743
202105,우이신설선,솔밭공원,14868,14302,29170,37.6561546882896,127.013091650663
202105,우이신설선,솔샘,29608,27354,56962,37.6202522935181,127.013408969328
202105,우이신설선,신설동,11839,11368,23207,37.5762451837487,127.023278761358
202105,우이신설선,정릉,28872,25004,53876,37.6026876819314,127.013496185509
202105,우이신설선,화계,21116,19643,40759,37.6339304770753,127.0172978051
202106,우이신설선,4.19민주묘지,17238,15044,32282,37.6494786329719,127.013478245674
202106,우이신설선,가오리,20359,19275,39634,37.641713417798,127.016940435565
202106,우이신설선,보문,7872,7919,15791,37.5847632748488,127.019790458317
202106,우이신설선,북한산보국문,31715,28829,60544,37.6121461272569,127.008208009279
202106,우이신설선,북한산우이,25347,27163,52510,37.6629661525542,127.012702176264
202106,우이신설선,삼양,10505,10796,21301,37.626835165677,127.018198221331
202106,우이신설선,삼양사거리,13190,12900,26090,37.6214280999689,127.020237295242
202106,우이신설선,성신여대입구,18155,20912,39067,37.5927179261346,127.016477649743
202106,우이신설선,솔밭공원,12708,12290,24998,37.6561546882896,127.013091650663
202106,우이신설선,솔샘,24664,22623,47287,37.6202522935181,127.013408969328
202106,우이신설선,신설동,9845,9404,19249,37.5762451837487,127.023278761358
202106,우이신설선,정릉,23624,20183,43807,37.6026876819314,127.013496185509
202106,우이신설선,화계,17376,16065,33441,37.6339304770753,127.0172978051
202107,우이신설선,4.19민주묘지,15319,13724,29043,37.6494786329719,127.013478245674
202107,우이신설선,가오리,19566,18761,38327,37.641713417798,127.016940435565
202107,우이신설선,보문,7846,7700,15546,37.5847632748488,127.019790458317
202107,우이신설선,북한산보국문,28807,26612,55419,37.6121461272569,127.008208009279
202107,우이신설선,북한산우이,22069,23133,45202,37.6629661525542,127.012702176264
202107,우이신설선,삼양,10066,10395,20461,37.626835165677,127.018198221331
202107,우이신설선,삼양사거리,12782,12755,25537,37.6214280999689,127.020237295242
202107,우이신설선,성신여대입구,17477,19904,37381,37.5927179261346,127.016477649743
202107,우이신설선,솔밭공원,12001,11727,23728,37.6561546882896,127.013091650663
202107,우이신설선,솔샘,22460,20739,43199,37.6202522935181,127.013408969328
202107,우이신설선,신설동,8901,8537,17438,37.5762451837487,127.023278761358
202107,우이신설선,정릉,21236,18275,39511,37.6026876819314,127.013496185509
202107,우이신설선,화계,16546,15585,32131,37.6339304770753,127.0172978051
202108,우이신설선,4.19민주묘지,16065,14085,30150,37.6494786329719,127.013478245674
202108,우이신설선,가오리,19715,18750,38465,37.641713417798,127.016940435565
202108,우이신설선,보문,7277,7170,14447,37.5847632748488,127.019790458317
202108,우이신설선,북한산보국문,28611,25925,54536,37.6121461272569,127.008208009279
202108,우이신설선,북한산우이,25661,26641,52302,37.6629661525542,127.012702176264
202108,우이신설선,삼양,10062,10455,20517,37.626835165677,127.018198221331
202108,우이신설선,삼양사거리,12741,12532,25273,37.6214280999689,127.020237295242
202108,우이신설선,성신여대입구,17190,19795,36985,37.5927179261346,127.016477649743
202108,우이신설선,솔밭공원,12006,12007,24013,37.6561546882896,127.013091650663
202108,우이신설선,솔샘,22393,20716,43109,37.6202522935181,127.013408969328
202108,우이신설선,신설동,9207,8816,18023,37.5762451837487,127.023278761358
202108,우이신설선,정릉,21506,18068,39574,37.6026876819314,127.013496185509
202108,우이신설선,화계,16481,15634,32115,37.6339304770753,127.0172978051
202109,우이신설선,4.19민주묘지,16735,14327,31062,37.6494786329719,127.013478245674
202109,우이신설선,가오리,19892,18696,38588,37.641713417798,127.016940435565
202109,우이신설선,보문,7413,7198,14611,37.5847632748488,127.019790458317
202109,우이신설선,북한산보국문,30228,27119,57347,37.6121461272569,127.008208009279
202109,우이신설선,북한산우이,25367,26363,51730,37.6629661525542,127.012702176264
202109,우이신설선,삼양,9919,10544,20463,37.626835165677,127.018198221331
202109,우이신설선,삼양사거리,13000,12571,25571,37.6214280999689,127.020237295242
202109,우이신설선,성신여대입구,18246,20687,38933,37.5927179261346,127.016477649743
202109,우이신설선,솔밭공원,12073,11736,23809,37.6561546882896,127.013091650663
202109,우이신설선,솔샘,23904,21508,45412,37.6202522935181,127.013408969328
202109,우이신설선,신설동,9556,9392,18948,37.5762451837487,127.023278761358
202109,우이신설선,정릉,22412,18777,41189,37.6026876819314,127.013496185509
202109,우이신설선,화계,16966,15653,32619,37.6339304770753,127.0172978051
202110,우이신설선,4.19민주묘지,22012,18861,40873,37.6494786329719,127.013478245674
202110,우이신설선,가오리,25647,24119,49766,37.641713417798,127.016940435565
202110,우이신설선,보문,9570,9400,18970,37.5847632748488,127.019790458317
202110,우이신설선,북한산보국문,40259,36436,76695,37.6121461272569,127.008208009279
202110,우이신설선,북한산우이,36788,36800,73588,37.6629661525542,127.012702176264
202110,우이신설선,삼양,13080,13683,26763,37.626835165677,127.018198221331
202110,우이신설선,삼양사거리,16523,16005,32528,37.6214280999689,127.020237295242
202110,우이신설선,성신여대입구,23361,26653,50014,37.5927179261346,127.016477649743
202110,우이신설선,솔밭공원,15568,14784,30352,37.6561546882896,127.013091650663
202110,우이신설선,솔샘,31286,28610,59896,37.6202522935181,127.013408969328
202110,우이신설선,신설동,12171,11799,23970,37.5762451837487,127.023278761358
202110,우이신설선,정릉,29875,24969,54844,37.6026876819314,127.013496185509
202110,우이신설선,화계,21594,20096,41690,37.6339304770753,127.0172978051
202111,우이신설선,4.19민주묘지,19230,16664,35894,37.6494786329719,127.013478245674
202111,우이신설선,가오리,21342,19698,41040,37.641713417798,127.016940435565
202111,우이신설선,보문,8101,8042,16143,37.5847632748488,127.019790458317
202111,우이신설선,북한산보국문,34255,30186,64441,37.6121461272569,127.008208009279
202111,우이신설선,북한산우이,29013,29354,58367,37.6629661525542,127.012702176264
202111,우이신설선,삼양,10773,10899,21672,37.626835165677,127.018198221331
202111,우이신설선,삼양사거리,13637,13315,26952,37.6214280999689,127.020237295242
202111,우이신설선,성신여대입구,19771,23455,43226,37.5927179261346,127.016477649743
202111,우이신설선,솔밭공원,12991,12268,25259,37.6561546882896,127.013091650663
202111,우이신설선,솔샘,27232,24435,51667,37.6202522935181,127.013408969328
202111,우이신설선,신설동,10549,10342,20891,37.5762451837487,127.023278761358
202111,우이신설선,정릉,25950,21209,47159,37.6026876819314,127.013496185509
202111,우이신설선,화계,18396,16805,35201,37.6339304770753,127.0172978051
202112,우이신설선,4.19민주묘지,14210,12615,26825,37.6494786329719,127.013478245674
202112,우이신설선,가오리,18603,17773,36376,37.641713417798,127.016940435565
202112,우이신설선,보문,7466,7540,15006,37.5847632748488,127.019790458317
202112,우이신설선,북한산보국문,29541,26734,56275,37.6121461272569,127.008208009279
202112,우이신설선,북한산우이,19537,19721,39258,37.6629661525542,127.012702176264
202112,우이신설선,삼양,9807,10144,19951,37.626835165677,127.018198221331
202112,우이신설선,삼양사거리,12081,11760,23841,37.6214280999689,127.020237295242
202112,우이신설선,성신여대입구,17938,20883,38821,37.5927179261346,127.016477649743
202112,우이신설선,솔밭공원,10938,10344,21282,37.6561546882896,127.013091650663
202112,우이신설선,솔샘,23954,21874,45828,37.6202522935181,127.013408969328
202112,우이신설선,신설동,8772,8533,17305,37.5762451837487,127.023278761358
202112,우이신설선,정릉,21992,18772,40764,37.6026876819314,127.013496185509
202112,우이신설선,화계,15955,15025,30980,37.6339304770753,127.0172978051
202101,경춘선,가평,7969,7674,15643,37.8142501843797,127.511017051625
202101,경춘선,갈매,11440,10139,21579,37.6339772561856,127.114708032421
202101,경춘선,강촌,3201,3111,6312,37.8058064415298,127.634125952836
202101,경춘선,굴봉산,788,856,1644,37.8321010361171,127.557660392646
202101,경춘선,금곡,6554,6079,12633,37.6332724810872,127.202628598035
202101,경춘선,김유정,2123,2087,4210,37.81963260788,127.716616948432
202101,경춘선,남춘천,14098,14610,28708,37.8640443861226,127.723915185217
202101,경춘선,대성리,3037,2485,5522,37.6840857391866,127.379235925376
202101,경춘선,마석,17676,17704,35380,37.6523558892506,127.311850178148
202101,경춘선,백양리,1345,1295,2640,37.830833476156,127.589196393763
202101,경춘선,별내,12624,12339,24963,37.6421997379186,127.12726521217
202101,경춘선,사릉,13332,13287,26619,37.6515252056783,127.17693293409
202101,경춘선,상천,2158,1799,3957,37.7701212332923,127.454481962908
202101,경춘선,신내,5969,6064,12033,37.6100945305971,127.110257980303
202101,경춘선,천마산,8193,8036,16229,37.6595591008046,127.285603649115
202101,경춘선,청평,7919,7789,15708,37.7355360346828,127.426649292956
202101,경춘선,춘천,7750,7113,14863,37.8846680007615,127.717003832754
202101,경춘선,퇴계원,15522,14531,30053,37.6482373139625,127.144404953155
202101,경춘선,평내호평,25700,24591,50291,37.6532330134255,127.244434272129
202102,경춘선,가평,10220,9750,19970,37.8142501843797,127.511017051625
202102,경춘선,갈매,11041,9772,20813,37.6339772561856,127.114708032421
202102,경춘선,강촌,4413,3865,8278,37.8058064415298,127.634125952836
202102,경춘선,굴봉산,1050,1121,2171,37.8321010361171,127.557660392646
202102,경춘선,금곡,6629,6271,12900,37.6332724810872,127.202628598035
202102,경춘선,김유정,3300,3447,6747,37.81963260788,127.716616948432
202102,경춘선,남춘천,16185,16027,32212,37.8640443861226,127.723915185217
202102,경춘선,대성리,3930,3246,7176,37.6840857391866,127.379235925376
202102,경춘선,마석,18531,18533,37064,37.6523558892506,127.311850178148
202102,경춘선,백양리,1774,1560,3334,37.830833476156,127.589196393763
202102,경춘선,별내,12199,11806,24005,37.6421997379186,127.12726521217
202102,경춘선,사릉,13383,12975,26358,37.6515252056783,127.17693293409
202102,경춘선,상천,2484,2052,4536,37.7701212332923,127.454481962908
202102,경춘선,신내,5960,6083,12043,37.6100945305971,127.110257980303
202102,경춘선,천마산,8369,8326,16695,37.6595591008046,127.285603649115
202102,경춘선,청평,9759,8878,18637,37.7355360346828,127.426649292956
202102,경춘선,춘천,10331,8954,19285,37.8846680007615,127.717003832754
202102,경춘선,퇴계원,15370,14303,29673,37.6482373139625,127.144404953155
202102,경춘선,평내호평,26540,25379,51919,37.6532330134255,127.244434272129
202103,경춘선,가평,9725,9491,19216,37.8142501843797,127.511017051625
202103,경춘선,갈매,12240,10716,22956,37.6339772561856,127.114708032421
202103,경춘선,강촌,4344,4117,8461,37.8058064415298,127.634125952836
202103,경춘선,굴봉산,1092,1143,2235,37.8321010361171,127.557660392646
202103,경춘선,금곡,7089,6598,13687,37.6332724810872,127.202628598035
202103,경춘선,김유정,2946,3330,6276,37.81963260788,127.716616948432
202103,경춘선,남춘천,16969,18522,35491,37.8640443861226,127.723915185217
202103,경춘선,대성리,3899,3267,7166,37.6840857391866,127.379235925376
202103,경춘선,마석,20134,20042,40176,37.6523558892506,127.311850178148
202103,경춘선,백양리,740,723,1463,37.830833476156,127.589196393763
202103,경춘선,별내,13219,12708,25927,37.6421997379186,127.12726521217
202103,경춘선,사릉,14495,14093,28588,37.6515252056783,127.17693293409
202103,경춘선,상천,2653,2226,4879,37.7701212332923,127.454481962908
202103,경춘선,신내,6574,6675,13249,37.6100945305971,127.110257980303
202103,경춘선,천마산,8752,8593,17345,37.6595591008046,127.285603649115
202103,경춘선,청평,10322,9655,19977,37.7355360346828,127.426649292956
202103,경춘선,춘천,9817,9852,19669,37.8846680007615,127.717003832754
202103,경춘선,퇴계원,16817,15607,32424,37.6482373139625,127.144404953155
202103,경춘선,평내호평,28802,28219,57021,37.6532330134255,127.244434272129
202104,경춘선,가평,13273,12928,26201,37.8142501843797,127.511017051625
202104,경춘선,갈매,12858,11327,24185,37.6339772561856,127.114708032421
202104,경춘선,강촌,6235,5886,12121,37.8058064415298,127.634125952836
202104,경춘선,굴봉산,2430,2550,4980,37.8321010361171,127.557660392646
202104,경춘선,금곡,7777,7253,15030,37.6332724810872,127.202628598035
202104,경춘선,김유정,3829,4288,8117,37.81963260788,127.716616948432
202104,경춘선,남춘천,17346,18843,36189,37.8640443861226,127.723915185217
202104,경춘선,대성리,6638,6021,12659,37.6840857391866,127.379235925376
202104,경춘선,마석,22806,22760,45566,37.6523558892506,127.311850178148
202104,경춘선,백양리,1317,1334,2651,37.830833476156,127.589196393763
202104,경춘선,별내,14397,13697,28094,37.6421997379186,127.12726521217
202104,경춘선,사릉,15436,15111,30547,37.6515252056783,127.17693293409
202104,경춘선,상천,4550,3784,8334,37.7701212332923,127.454481962908
202104,경춘선,신내,7368,7353,14721,37.6100945305971,127.110257980303
202104,경춘선,천마산,9651,9733,19384,37.6595591008046,127.285603649115
202104,경춘선,청평,13251,12601,25852,37.7355360346828,127.426649292956
202104,경춘선,춘천,12699,11400,24099,37.8846680007615,127.717003832754
202104,경춘선,퇴계원,17931,16335,34266,37.6482373139625,127.144404953155
202104,경춘선,평내호평,30139,29802,59941,37.6532330134255,127.244434272129
202105,경춘선,가평,18040,17430,35470,37.8142501843797,127.511017051625
202105,경춘선,갈매,16137,14113,30250,37.6339772561856,127.114708032421
202105,경춘선,강촌,7012,6436,13448,37.8058064415298,127.634125952836
202105,경춘선,굴봉산,2379,2367,4746,37.8321010361171,127.557660392646
202105,경춘선,금곡,9601,9065,18666,37.6332724810872,127.202628598035
202105,경춘선,김유정,5084,5554,10638,37.81963260788,127.716616948432
202105,경춘선,남춘천,23067,25148,48215,37.8640443861226,127.723915185217
202105,경춘선,대성리,6331,5536,11867,37.6840857391866,127.379235925376
202105,경춘선,마석,28771,27973,56744,37.6523558892506,127.311850178148
202105,경춘선,백양리,1365,1397,2762,37.830833476156,127.589196393763
202105,경춘선,별내,18885,18100,36985,37.6421997379186,127.12726521217
202105,경춘선,사릉,19318,18846,38164,37.6515252056783,127.17693293409
202105,경춘선,상천,4278,3490,7768,37.7701212332923,127.454481962908
202105,경춘선,신내,9154,9277,18431,37.6100945305971,127.110257980303
202105,경춘선,천마산,11859,11634,23493,37.6595591008046,127.285603649115
202105,경춘선,청평,16211,15226,31437,37.7355360346828,127.426649292956
202105,경춘선,춘천,16645,14719,31364,37.8846680007615,127.717003832754
202105,경춘선,퇴계원,22331,20932,43263,37.6482373139625,127.144404953155
202105,경춘선,평내호평,37568,37053,74621,37.6532330134255,127.244434272129
202106,경춘선,가평,17391,17049,34440,37.8142501843797,127.511017051625
202106,경춘선,갈매,13245,11787,25032,37.6339772561856,127.114708032421
202106,경춘선,강촌,6155,5877,12032,37.8058064415298,127.634125952836
202106,경춘선,굴봉산,1977,1996,3973,37.8321010361171,127.557660392646
202106,경춘선,금곡,8143,7666,15809,37.6332724810872,127.202628598035
202106,경춘선,김유정,4081,4619,8700,37.81963260788,127.716616948432
202106,경춘선,남춘천,19025,19901,38926,37.8640443861226,127.723915185217
202106,경춘선,대성리,5577,5146,10723,37.6840857391866,127.379235925376
202106,경춘선,마석,22992,22799,45791,37.6523558892506,127.311850178148
202106,경춘선,백양리,1181,1127,2308,37.830833476156,127.589196393763
202106,경춘선,별내,15933,15323,31256,37.6421997379186,127.12726521217
202106,경춘선,사릉,16021,15928,31949,37.6515252056783,127.17693293409
202106,경춘선,상천,3704,3016,6720,37.7701212332923,127.454481962908
202106,경춘선,신내,7741,7756,15497,37.6100945305971,127.110257980303
202106,경춘선,천마산,9987,9868,19855,37.6595591008046,127.285603649115
202106,경춘선,청평,14113,13815,27928,37.7355360346828,127.426649292956
202106,경춘선,춘천,14036,11684,25720,37.8846680007615,127.717003832754
202106,경춘선,퇴계원,18452,17325,35777,37.6482373139625,127.144404953155
202106,경춘선,평내호평,31452,30868,62320,37.6532330134255,127.244434272129
202107,경춘선,가평,16470,16447,32917,37.8142501843797,127.511017051625
202107,경춘선,갈매,11943,10630,22573,37.6339772561856,127.114708032421
202107,경춘선,강촌,5211,5050,10261,37.8058064415298,127.634125952836
202107,경춘선,굴봉산,1669,1595,3264,37.8321010361171,127.557660392646
202107,경춘선,금곡,7445,7021,14466,37.6332724810872,127.202628598035
202107,경춘선,김유정,2861,3221,6082,37.81963260788,127.716616948432
202107,경춘선,남춘천,18047,18457,36504,37.8640443861226,127.723915185217
202107,경춘선,대성리,4560,4007,8567,37.6840857391866,127.379235925376
202107,경춘선,마석,20749,20898,41647,37.6523558892506,127.311850178148
202107,경춘선,백양리,1317,1226,2543,37.830833476156,127.589196393763
202107,경춘선,별내,14656,14057,28713,37.6421997379186,127.12726521217
202107,경춘선,사릉,14075,14535,28610,37.6515252056783,127.17693293409
202107,경춘선,상천,2735,2435,5170,37.7701212332923,127.454481962908
202107,경춘선,신내,7137,6971,14108,37.6100945305971,127.110257980303
202107,경춘선,천마산,8933,8753,17686,37.6595591008046,127.285603649115
202107,경춘선,청평,12154,11744,23898,37.7355360346828,127.426649292956
202107,경춘선,춘천,11636,10408,22044,37.8846680007615,127.717003832754
202107,경춘선,퇴계원,17165,16311,33476,37.6482373139625,127.144404953155
202107,경춘선,평내호평,27963,27776,55739,37.6532330134255,127.244434272129
202108,경춘선,가평,17892,17862,35754,37.8142501843797,127.511017051625
202108,경춘선,갈매,11789,10589,22378,37.6339772561856,127.114708032421
202108,경춘선,강촌,6439,5983,12422,37.8058064415298,127.634125952836
202108,경춘선,굴봉산,1723,1609,3332,37.8321010361171,127.557660392646
202108,경춘선,금곡,7672,7137,14809,37.6332724810872,127.202628598035
202108,경춘선,김유정,3532,3830,7362,37.81963260788,127.716616948432
202108,경춘선,남춘천,19067,20219,39286,37.8640443861226,127.723915185217
202108,경춘선,대성리,4949,4468,9417,37.6840857391866,127.379235925376
202108,경춘선,마석,21092,21420,42512,37.6523558892506,127.311850178148
202108,경춘선,백양리,1453,1252,2705,37.830833476156,127.589196393763
202108,경춘선,별내,15273,14737,30010,37.6421997379186,127.12726521217
202108,경춘선,사릉,14131,14328,28459,37.6515252056783,127.17693293409
202108,경춘선,상천,3201,2658,5859,37.7701212332923,127.454481962908
202108,경춘선,신내,7202,7117,14319,37.6100945305971,127.110257980303
202108,경춘선,천마산,9088,9160,18248,37.6595591008046,127.285603649115
202108,경춘선,청평,12824,12232,25056,37.7355360346828,127.426649292956
202108,경춘선,춘천,13627,11733,25360,37.8846680007615,127.717003832754
202108,경춘선,퇴계원,17249,16368,33617,37.6482373139625,127.144404953155
202108,경춘선,평내호평,28813,28368,57181,37.6532330134255,127.244434272129
202109,경춘선,가평,15484,15951,31435,37.8142501843797,127.511017051625
202109,경춘선,갈매,12620,11189,23809,37.6339772561856,127.114708032421
202109,경춘선,강촌,6337,5962,12299,37.8058064415298,127.634125952836
202109,경춘선,굴봉산,1708,1739,3447,37.8321010361171,127.557660392646
202109,경춘선,금곡,8124,7558,15682,37.6332724810872,127.202628598035
202109,경춘선,김유정,4284,5204,9488,37.81963260788,127.716616948432
202109,경춘선,남춘천,18897,20706,39603,37.8640443861226,127.723915185217
202109,경춘선,대성리,5658,5327,10985,37.6840857391866,127.379235925376
202109,경춘선,마석,22207,22568,44775,37.6523558892506,127.311850178148
202109,경춘선,백양리,1161,1153,2314,37.830833476156,127.589196393763
202109,경춘선,별내,15920,15119,31039,37.6421997379186,127.12726521217
202109,경춘선,사릉,15290,15349,30639,37.6515252056783,127.17693293409
202109,경춘선,상천,3901,3301,7202,37.7701212332923,127.454481962908
202109,경춘선,신내,7766,7527,15293,37.6100945305971,127.110257980303
202109,경춘선,천마산,9595,9594,19189,37.6595591008046,127.285603649115
202109,경춘선,청평,13004,13054,26058,37.7355360346828,127.426649292956
202109,경춘선,춘천,14253,13367,27620,37.8846680007615,127.717003832754
202109,경춘선,퇴계원,17938,16413,34351,37.6482373139625,127.144404953155
202109,경춘선,평내호평,30336,29735,60071,37.6532330134255,127.244434272129
202110,경춘선,가평,28691,27866,56557,37.8142501843797,127.511017051625
202110,경춘선,갈매,16949,14750,31699,37.6339772561856,127.114708032421
202110,경춘선,강촌,8818,8388,17206,37.8058064415298,127.634125952836
202110,경춘선,굴봉산,2241,2094,4335,37.8321010361171,127.557660392646
202110,경춘선,금곡,10240,9793,20033,37.6332724810872,127.202628598035
202110,경춘선,김유정,6267,7289,13556,37.81963260788,127.716616948432
202110,경춘선,남춘천,28055,30247,58302,37.8640443861226,127.723915185217
202110,경춘선,대성리,6850,6309,13159,37.6840857391866,127.379235925376
202110,경춘선,마석,29394,29423,58817,37.6523558892506,127.311850178148
202110,경춘선,백양리,1410,1429,2839,37.830833476156,127.589196393763
202110,경춘선,별내,21127,20180,41307,37.6421997379186,127.12726521217
202110,경춘선,사릉,19997,19756,39753,37.6515252056783,127.17693293409
202110,경춘선,상천,4419,3626,8045,37.7701212332923,127.454481962908
202110,경춘선,신내,10412,10495,20907,37.6100945305971,127.110257980303
202110,경춘선,천마산,12206,12444,24650,37.6595591008046,127.285603649115
202110,경춘선,청평,17535,16987,34522,37.7355360346828,127.426649292956
202110,경춘선,춘천,21983,18824,40807,37.8846680007615,127.717003832754
202110,경춘선,퇴계원,23799,21618,45417,37.6482373139625,127.144404953155
202110,경춘선,평내호평,40472,38471,78943,37.6532330134255,127.244434272129
202111,경춘선,가평,21710,20633,42343,37.8142501843797,127.511017051625
202111,경춘선,갈매,14318,12150,26468,37.6339772561856,127.114708032421
202111,경춘선,강촌,6398,5549,11947,37.8058064415298,127.634125952836
202111,경춘선,굴봉산,1505,1427,2932,37.8321010361171,127.557660392646
202111,경춘선,금곡,8180,7759,15939,37.6332724810872,127.202628598035
202111,경춘선,김유정,3944,4717,8661,37.81963260788,127.716616948432
202111,경춘선,남춘천,23089,24511,47600,37.8640443861226,127.723915185217
202111,경춘선,대성리,6538,5447,11985,37.6840857391866,127.379235925376
202111,경춘선,마석,24111,23686,47797,37.6523558892506,127.311850178148
202111,경춘선,백양리,968,1005,1973,37.830833476156,127.589196393763
202111,경춘선,별내,17679,16467,34146,37.6421997379186,127.12726521217
202111,경춘선,사릉,16575,15997,32572,37.6515252056783,127.17693293409
202111,경춘선,상천,3166,2628,5794,37.7701212332923,127.454481962908
202111,경춘선,신내,8968,8908,17876,37.6100945305971,127.110257980303
202111,경춘선,천마산,9967,9744,19711,37.6595591008046,127.285603649115
202111,경춘선,청평,13734,13000,26734,37.7355360346828,127.426649292956
202111,경춘선,춘천,15076,13398,28474,37.8846680007615,127.717003832754
202111,경춘선,퇴계원,19264,17477,36741,37.6482373139625,127.144404953155
202111,경춘선,평내호평,33181,31647,64828,37.6532330134255,127.244434272129
202112,경춘선,가평,10629,9873,20502,37.8142501843797,127.511017051625
202112,경춘선,갈매,11873,10368,22241,37.6339772561856,127.114708032421
202112,경춘선,강촌,3207,3069,6276,37.8058064415298,127.634125952836
202112,경춘선,굴봉산,1089,1252,2341,37.8321010361171,127.557660392646
202112,경춘선,금곡,6555,6212,12767,37.6332724810872,127.202628598035
202112,경춘선,김유정,2402,2381,4783,37.81963260788,127.716616948432
202112,경춘선,남춘천,16115,16861,32976,37.8640443861226,127.723915185217
202112,경춘선,대성리,3365,2849,6214,37.6840857391866,127.379235925376
202112,경춘선,마석,18724,18574,37298,37.6523558892506,127.311850178148
202112,경춘선,백양리,1772,1564,3336,37.830833476156,127.589196393763
202112,경춘선,별내,14824,14116,28940,37.6421997379186,127.12726521217
202112,경춘선,사릉,13378,13271,26649,37.6515252056783,127.17693293409
202112,경춘선,상천,1777,1661,3438,37.7701212332923,127.454481962908
202112,경춘선,신내,7213,7045,14258,37.6100945305971,127.110257980303
202112,경춘선,천마산,8119,7892,16011,37.6595591008046,127.285603649115
202112,경춘선,청평,9660,9204,18864,37.7355360346828,127.426649292956
202112,경춘선,춘천,8941,8278,17219,37.8846680007615,127.717003832754
202112,경춘선,퇴계원,15928,14577,30505,37.6482373139625,127.144404953155
202112,경춘선,평내호평,26860,25816,52676,37.6532330134255,127.244434272129
