사용월,호선명,지하철역,승차총승객수,하차총승객수,승하차총승객수,lat,lng
202101,1호선,가능,107119,105533,212652,37.7483685951812,127.044220735748
202101,1호선,가산디지털단지,326367,379970,706337,37.4815957375443,126.882559483336
202101,1호선,간석,99325,95507,194832,37.4646879052409,126.693451172704
202101,1호선,개봉,375003,395170,770173,37.4945222528654,126.859102583368
202101,1호선,관악,126040,118817,244857,37.4188017578979,126.909121118476
202101,1호선,광명,53292,46844,100136,37.4163635638303,126.884877197434
202101,1호선,광운대,136165,130829,266994,37.6230335564713,127.06176348127
202101,1호선,구로,334271,339299,673570,37.5024345090279,126.881491595821
202101,1호선,구일,105623,110857,216480,37.4963911827294,126.869920428658
202101,1호선,군포,144171,144729,288900,37.354076121748,126.948484962089
202101,1호선,금정,464489,480412,944901,37.3722878708479,126.943387264162
202101,1호선,금천구청,206542,208170,414712,37.455609978438,126.894514076077
202101,1호선,남영,161848,169539,331387,37.5405646005342,126.971332437837
202101,1호선,노량진,134269,142715,276984,37.5135735646312,126.940826454376
202101,1호선,녹양,76935,73790,150725,37.7593972381027,127.042273911226
202101,1호선,녹천,82057,70231,152288,37.6456959058103,127.050919992127
202101,1호선,당정,107801,103364,211165,37.3444543328447,126.948347418727
202101,1호선,대방,224913,234111,459024,37.5128688879851,126.925248506022
202101,1호선,덕계,45279,41200,86479,37.8187729615258,127.056653419502
202101,1호선,덕정,87718,86839,174557,37.844283985167,127.061969695022
202101,1호선,도봉,104432,101700,206132,37.6803629061562,127.045764016316
202101,1호선,도봉산,126800,74099,200899,37.6891205614059,127.046528790935
202101,1호선,도원,46108,47599,93707,37.468791983109,126.642404388038
202101,1호선,도화,70899,65804,136703,37.4661106428252,126.668375888234
202101,1호선,독산,313840,333548,647388,37.4659873169402,126.889514168718
202101,1호선,동대문,185270,174894,360164,37.5717775660734,127.011167102297
202101,1호선,동두천,31029,35550,66579,37.9278370541411,127.054940223638
202101,1호선,동두천중앙,50115,48924,99039,37.9018057802045,127.056238895955
202101,1호선,동묘앞,127823,133762,261585,37.5733722075697,127.01675118037
202101,1호선,동암,265685,269579,535264,37.4710056673671,126.702935214739
202101,1호선,동인천,232364,220721,453085,37.4759574845683,126.631750522383
202101,1호선,두정,81137,81134,162271,36.8329346310528,127.149020699344
202101,1호선,망월사,117374,122716,240090,37.725963479768,127.046509519875
202101,1호선,명학,166448,166019,332467,37.3852171904558,126.935265701361
202101,1호선,방학,161196,159635,320831,37.6663490420969,127.044424667701
202101,1호선,배방,15821,14871,30692,36.7775631745193,127.052904723378
202101,1호선,백운,122300,121833,244133,37.4832252226726,126.70727338322
202101,1호선,병점,223854,221694,445548,37.2068017946815,127.033243427141
202101,1호선,보산,23379,21852,45231,37.9143185033452,127.057237110508
202101,1호선,봉명,20831,20041,40872,36.8012573235829,127.135835679685
202101,1호선,부개,146486,140148,286634,37.4883181353962,126.740251327956
202101,1호선,부천,565559,569615,1135174,37.4840369248427,126.782649695027
202101,1호선,부평,505461,533648,1039109,37.4904472744166,126.723486369222
202101,1호선,서동탄,26737,22534,49271,37.1959264123992,127.052133990784
202101,1호선,서빙고,32412,30097,62509,37.5199555398566,126.990048630943
202101,1호선,서울,774530,673026,1447556,37.549118478341,126.970484281315
202101,1호선,서정리,97547,91996,189543,37.0570033704623,127.053006355073
202101,1호선,석계,136711,156550,293261,37.6150480846952,127.066118430844
202101,1호선,석수,179143,159541,338684,37.4343424740399,126.902529209911
202101,1호선,성균관대,240854,241934,482788,37.3001863040678,126.972261050259
202101,1호선,성환,50876,50613,101489,36.9167500567322,127.126732155397
202101,1호선,세류,50894,48020,98914,37.2442506519983,127.014111849323
202101,1호선,세마,43378,40259,83637,37.1869917898194,127.043062518202
202101,1호선,소사,161616,153496,315112,37.4824529147477,126.796018552602
202101,1호선,소요산,37756,32116,69872,37.947953996357,127.061213156402
202101,1호선,송내,481602,482116,963718,37.4876747409104,126.752771844443
202101,1호선,송탄,66194,63344,129538,37.0752833781957,127.054299835138
202101,1호선,수원,533303,567660,1100963,37.2656768667795,127.000096053009
202101,1호선,시청,367905,360739,728644,37.5654385176408,126.976983237511
202101,1호선,신길,164047,137528,301575,37.5176677017212,126.914336937521
202101,1호선,신도림,68097,67406,135503,37.5087701449787,126.891080501385
202101,1호선,신설동,242779,238892,481671,37.5762451837487,127.023278761358
202101,1호선,신이문,150928,141926,292854,37.604278644666,127.069577322142
202101,1호선,신창,15260,14779,30039,36.7694848050308,126.949921514343
202101,1호선,쌍용,30208,28246,58454,36.793655090373,127.121594290099
202101,1호선,아산,43723,40271,83994,36.7920474174232,127.104115243093
202101,1호선,안양,360850,365273,726123,37.4014349994721,126.92300270344
202101,1호선,양주,122186,116821,239007,37.7736548042753,127.044790945301
202101,1호선,역곡,471621,474147,945768,37.4852888314378,126.811871466794
202101,1호선,영등포,622656,640597,1263253,37.5156680341198,126.907665995469
202101,1호선,오류동,205382,198363,403745,37.494359185399,126.844600701673
202101,1호선,오산,156170,155998,312168,37.1458951784684,127.066844907861
202101,1호선,오산대,51269,46439,97708,37.1693006160923,127.063064763281
202101,1호선,옥수,788,562,1350,37.5409877747326,127.018965435917
202101,1호선,온수,110093,109561,219654,37.4921502838112,126.823380714316
202101,1호선,온양온천,56852,56773,113625,36.7804682813951,127.003451110541
202101,1호선,왕십리,218425,250136,468561,37.5612217415191,127.036655378283
202101,1호선,외대앞,119661,120935,240596,37.5954136758127,127.063058800869
202101,1호선,용산,511793,517694,1029487,37.5297718014452,126.964741503485
202101,1호선,월계,104066,100239,204305,37.6321089404669,127.058729394991
202101,1호선,응봉,30931,26861,57792,37.5504482266748,127.034927944532
202101,1호선,의왕,154715,155240,309955,37.3211117738404,126.948383028902
202101,1호선,의정부,300817,305728,606545,37.7379901517646,127.045879450143
202101,1호선,이촌,64556,50486,115042,37.522520254623,126.973683151228
202101,1호선,인천,51086,37123,88209,37.4765938446837,126.617089760956
202101,1호선,제기동,305145,312697,617842,37.5781967284885,127.034690599752
202101,1호선,제물포,172074,165179,337253,37.466803102521,126.656869633392
202101,1호선,종각,591385,561228,1152613,37.5702140381269,126.983239678933
202101,1호선,종로3가,391446,355298,746744,37.5704266025836,126.99202930223
202101,1호선,종로5가,382717,374431,757148,37.5709075371016,127.001916647342
202101,1호선,주안,317488,291839,609327,37.464767076602,126.679517004054
202101,1호선,중동,158172,151274,309446,37.4866184306426,126.764292213307
202101,1호선,지제,47226,44286,91512,37.0187847572567,127.070485287852
202101,1호선,지행,100988,100122,201110,37.8918774567748,127.055664161171
202101,1호선,직산,11976,12059,24035,36.8713897700414,127.143691456107
202101,1호선,진위,27709,23828,51537,37.1099375555493,127.062366903315
202101,1호선,창동,6,0,6,37.6532174818989,127.047714954434
202101,1호선,천안,74151,76577,150728,36.8123208138282,127.146822493854
202101,1호선,청량리,586064,603369,1189433,37.5802331563072,127.045085886324
202101,1호선,평택,180581,176163,356744,36.9918974768998,127.083288658126
202101,1호선,한남,74320,69526,143846,37.5291881521046,127.008249820572
202101,1호선,화서,127720,125252,252972,37.2848936747156,126.989199634131
202101,1호선,회룡,210209,211553,421762,37.7244219058017,127.047218627472
202102,1호선,가능,109509,106341,215850,37.7483685951812,127.044220735748
202102,1호선,가산디지털단지,315368,367937,683305,37.4815957375443,126.882559483336
202102,1호선,간석,100712,96628,197340,37.4646879052409,126.693451172704
202102,1호선,개봉,376406,391532,767938,37.4945222528654,126.859102583368
202102,1호선,관악,125344,117201,242545,37.4188017578979,126.909121118476
202102,1호선,광명,54222,47675,101897,37.4163635638303,126.884877197434
202102,1호선,광운대,137234,132342,269576,37.6230335564713,127.06176348127
202102,1호선,구로,331266,337793,669059,37.5024345090279,126.881491595821
202102,1호선,구일,107069,111199,218268,37.4963911827294,126.869920428658
202102,1호선,군포,136390,136474,272864,37.354076121748,126.948484962089
202102,1호선,금정,455301,464821,920122,37.3722878708479,126.943387264162
202102,1호선,금천구청,205816,205714,411530,37.455609978438,126.894514076077
202102,1호선,남영,162987,170862,333849,37.5405646005342,126.971332437837
202102,1호선,노량진,145001,149567,294568,37.5135735646312,126.940826454376
202102,1호선,녹양,78476,74667,153143,37.7593972381027,127.042273911226
202102,1호선,녹천,81874,69735,151609,37.6456959058103,127.050919992127
202102,1호선,당정,106049,101378,207427,37.3444543328447,126.948347418727
202102,1호선,대방,226950,233552,460502,37.5128688879851,126.925248506022
202102,1호선,덕계,46805,42420,89225,37.8187729615258,127.056653419502
202102,1호선,덕정,91812,89555,181367,37.844283985167,127.061969695022
202102,1호선,도봉,104824,101339,206163,37.6803629061562,127.045764016316
202102,1호선,도봉산,130502,79554,210056,37.6891205614059,127.046528790935
202102,1호선,도원,45721,47164,92885,37.468791983109,126.642404388038
202102,1호선,도화,71745,66254,137999,37.4661106428252,126.668375888234
202102,1호선,독산,300195,317804,617999,37.4659873169402,126.889514168718
202102,1호선,동대문,193403,182159,375562,37.5717775660734,127.011167102297
202102,1호선,동두천,32228,37384,69612,37.9278370541411,127.054940223638
202102,1호선,동두천중앙,52037,51091,103128,37.9018057802045,127.056238895955
202102,1호선,동묘앞,137115,143704,280819,37.5733722075697,127.01675118037
202102,1호선,동암,266767,270403,537170,37.4710056673671,126.702935214739
202102,1호선,동인천,236370,224887,461257,37.4759574845683,126.631750522383
202102,1호선,두정,80619,81120,161739,36.8329346310528,127.149020699344
202102,1호선,망월사,120758,124932,245690,37.725963479768,127.046509519875
202102,1호선,명학,157700,156509,314209,37.3852171904558,126.935265701361
202102,1호선,방학,164183,161568,325751,37.6663490420969,127.044424667701
202102,1호선,배방,16403,15583,31986,36.7775631745193,127.052904723378
202102,1호선,백운,122866,122455,245321,37.4832252226726,126.70727338322
202102,1호선,병점,230107,228459,458566,37.2068017946815,127.033243427141
202102,1호선,보산,25404,23695,49099,37.9143185033452,127.057237110508
202102,1호선,봉명,20286,19538,39824,36.8012573235829,127.135835679685
202102,1호선,부개,148028,140439,288467,37.4883181353962,126.740251327956
202102,1호선,부천,580658,584565,1165223,37.4840369248427,126.782649695027
202102,1호선,부평,538543,573482,1112025,37.4904472744166,126.723486369222
202102,1호선,서동탄,26628,22915,49543,37.1959264123992,127.052133990784
202102,1호선,서빙고,32476,30093,62569,37.5199555398566,126.990048630943
202102,1호선,서울,805849,710050,1515899,37.549118478341,126.970484281315
202102,1호선,서정리,100862,93821,194683,37.0570033704623,127.053006355073
202102,1호선,석계,140750,160485,301235,37.6150480846952,127.066118430844
202102,1호선,석수,173906,154653,328559,37.4343424740399,126.902529209911
202102,1호선,성균관대,243745,241721,485466,37.3001863040678,126.972261050259
202102,1호선,성환,52539,52560,105099,36.9167500567322,127.126732155397
202102,1호선,세류,50684,47540,98224,37.2442506519983,127.014111849323
202102,1호선,세마,43875,40739,84614,37.1869917898194,127.043062518202
202102,1호선,소사,161799,156013,317812,37.4824529147477,126.796018552602
202102,1호선,소요산,43617,36459,80076,37.947953996357,127.061213156402
202102,1호선,송내,478482,477356,955838,37.4876747409104,126.752771844443
202102,1호선,송탄,69998,65845,135843,37.0752833781957,127.054299835138
202102,1호선,수원,583619,617918,1201537,37.2656768667795,127.000096053009
202102,1호선,시청,365204,362363,727567,37.5654385176408,126.976983237511
202102,1호선,신길,164966,137778,302744,37.5176677017212,126.914336937521
202102,1호선,신도림,68334,68344,136678,37.5087701449787,126.891080501385
202102,1호선,신설동,243868,239287,483155,37.5762451837487,127.023278761358
202102,1호선,신이문,151126,140866,291992,37.604278644666,127.069577322142
202102,1호선,신창,17347,17096,34443,36.7694848050308,126.949921514343
202102,1호선,쌍용,30005,28145,58150,36.793655090373,127.121594290099
202102,1호선,아산,44819,42677,87496,36.7920474174232,127.104115243093
202102,1호선,안양,373162,377520,750682,37.4014349994721,126.92300270344
202102,1호선,양주,129376,121834,251210,37.7736548042753,127.044790945301
202102,1호선,역곡,470417,471843,942260,37.4852888314378,126.811871466794
202102,1호선,영등포,653878,673479,1327357,37.5156680341198,126.907665995469
202102,1호선,오류동,207452,198142,405594,37.494359185399,126.844600701673
202102,1호선,오산,163916,162332,326248,37.1458951784684,127.066844907861
202102,1호선,오산대,52313,47237,99550,37.1693006160923,127.063064763281
202102,1호선,옥수,865,584,1449,37.5409877747326,127.018965435917
202102,1호선,온수,111115,110302,221417,37.4921502838112,126.823380714316
202102,1호선,온양온천,59925,60854,120779,36.7804682813951,127.003451110541
202102,1호선,왕십리,231397,259192,490589,37.5612217415191,127.036655378283
202102,1호선,외대앞,122710,122900,245610,37.5954136758127,127.063058800869
202102,1호선,용산,548335,562997,1111332,37.5297718014452,126.964741503485
202102,1호선,월계,106710,101712,208422,37.6321089404669,127.058729394991
202102,1호선,응봉,31926,27117,59043,37.5504482266748,127.034927944532
202102,1호선,의왕,151916,151191,303107,37.3211117738404,126.948383028902
202102,1호선,의정부,317247,325793,643040,37.7379901517646,127.045879450143
202102,1호선,이촌,66307,51748,118055,37.522520254623,126.973683151228
202102,1호선,인천,57235,42964,100199,37.4765938446837,126.617089760956
202102,1호선,제기동,312746,321006,633752,37.5781967284885,127.034690599752
202102,1호선,제물포,175178,168018,343196,37.466803102521,126.656869633392
202102,1호선,종각,603950,574974,1178924,37.5702140381269,126.983239678933
202102,1호선,종로3가,425665,389288,814953,37.5704266025836,126.99202930223
202102,1호선,종로5가,389291,383511,772802,37.5709075371016,127.001916647342
202102,1호선,주안,326671,297986,624657,37.464767076602,126.679517004054
202102,1호선,중동,159491,152178,311669,37.4866184306426,126.764292213307
202102,1호선,지제,47821,45171,92992,37.0187847572567,127.070485287852
202102,1호선,지행,107947,107087,215034,37.8918774567748,127.055664161171
202102,1호선,직산,12199,12038,24237,36.8713897700414,127.143691456107
202102,1호선,진위,27198,23393,50591,37.1099375555493,127.062366903315
202102,1호선,창동,6,0,6,37.6532174818989,127.047714954434
202102,1호선,천안,80454,85340,165794,36.8123208138282,127.146822493854
202102,1호선,청량리,612348,633092,1245440,37.5802331563072,127.045085886324
202102,1호선,평택,195116,191968,387084,36.9918974768998,127.083288658126
202102,1호선,한남,71720,67256,138976,37.5291881521046,127.008249820572
202102,1호선,화서,125876,122590,248466,37.2848936747156,126.989199634131
202102,1호선,회룡,215009,213007,428016,37.7244219058017,127.047218627472
202103,1호선,가능,145304,140748,286052,37.7483685951812,127.044220735748
202103,1호선,가산디지털단지,407275,474271,881546,37.4815957375443,126.882559483336
202103,1호선,간석,135249,128754,264003,37.4646879052409,126.693451172704
202103,1호선,개봉,482981,496594,979575,37.4945222528654,126.859102583368
202103,1호선,관악,162065,150701,312766,37.4188017578979,126.909121118476
202103,1호선,광명,68902,60095,128997,37.4163635638303,126.884877197434
202103,1호선,광운대,201188,194663,395851,37.6230335564713,127.06176348127
202103,1호선,구로,426046,436397,862443,37.5024345090279,126.881491595821
202103,1호선,구일,143023,146560,289583,37.4963911827294,126.869920428658
202103,1호선,군포,172358,171653,344011,37.354076121748,126.948484962089
202103,1호선,금정,590985,601942,1192927,37.3722878708479,126.943387264162
202103,1호선,금천구청,268309,266998,535307,37.455609978438,126.894514076077
202103,1호선,남영,216939,227603,444542,37.5405646005342,126.971332437837
202103,1호선,노량진,188507,192305,380812,37.5135735646312,126.940826454376
202103,1호선,녹양,102169,97497,199666,37.7593972381027,127.042273911226
202103,1호선,녹천,105926,89408,195334,37.6456959058103,127.050919992127
202103,1호선,당정,140309,134181,274490,37.3444543328447,126.948347418727
202103,1호선,대방,297640,305629,603269,37.5128688879851,126.925248506022
202103,1호선,덕계,66805,59247,126052,37.8187729615258,127.056653419502
202103,1호선,덕정,129330,125366,254696,37.844283985167,127.061969695022
202103,1호선,도봉,134542,129957,264499,37.6803629061562,127.045764016316
202103,1호선,도봉산,177889,113316,291205,37.6891205614059,127.046528790935
202103,1호선,도원,75294,76114,151408,37.468791983109,126.642404388038
202103,1호선,도화,94540,87448,181988,37.4661106428252,126.668375888234
202103,1호선,독산,374878,398585,773463,37.4659873169402,126.889514168718
202103,1호선,동대문,246823,235067,481890,37.5717775660734,127.011167102297
202103,1호선,동두천,49095,56402,105497,37.9278370541411,127.054940223638
202103,1호선,동두천중앙,67690,65240,132930,37.9018057802045,127.056238895955
202103,1호선,동묘앞,189725,199639,389364,37.5733722075697,127.01675118037
202103,1호선,동암,342754,346490,689244,37.4710056673671,126.702935214739
202103,1호선,동인천,310610,293639,604249,37.4759574845683,126.631750522383
202103,1호선,두정,122981,123834,246815,36.8329346310528,127.149020699344
202103,1호선,망월사,166048,169484,335532,37.725963479768,127.046509519875
202103,1호선,명학,203518,202466,405984,37.3852171904558,126.935265701361
202103,1호선,방학,211374,207459,418833,37.6663490420969,127.044424667701
202103,1호선,배방,21810,20773,42583,36.7775631745193,127.052904723378
202103,1호선,백운,161455,159291,320746,37.4832252226726,126.70727338322
202103,1호선,병점,302561,304628,607189,37.2068017946815,127.033243427141
202103,1호선,보산,30307,27771,58078,37.9143185033452,127.057237110508
202103,1호선,봉명,27381,26299,53680,36.8012573235829,127.135835679685
202103,1호선,부개,193039,182239,375278,37.4883181353962,126.740251327956
202103,1호선,부천,742863,745990,1488853,37.4840369248427,126.782649695027
202103,1호선,부평,669983,713192,1383175,37.4904472744166,126.723486369222
202103,1호선,서동탄,34550,30121,64671,37.1959264123992,127.052133990784
202103,1호선,서빙고,41450,38280,79730,37.5199555398566,126.990048630943
202103,1호선,서울,1026361,894932,1921293,37.549118478341,126.970484281315
202103,1호선,서정리,145748,138663,284411,37.0570033704623,127.053006355073
202103,1호선,석계,180757,205644,386401,37.6150480846952,127.066118430844
202103,1호선,석수,223987,198245,422232,37.4343424740399,126.902529209911
202103,1호선,성균관대,335488,332648,668136,37.3001863040678,126.972261050259
202103,1호선,성환,91453,89443,180896,36.9167500567322,127.126732155397
202103,1호선,세류,66427,61854,128281,37.2442506519983,127.014111849323
202103,1호선,세마,58580,54220,112800,37.1869917898194,127.043062518202
202103,1호선,소사,214228,204130,418358,37.4824529147477,126.796018552602
202103,1호선,소요산,61731,51617,113348,37.947953996357,127.061213156402
202103,1호선,송내,628111,628478,1256589,37.4876747409104,126.752771844443
202103,1호선,송탄,91562,85494,177056,37.0752833781957,127.054299835138
202103,1호선,수원,751758,793047,1544805,37.2656768667795,127.000096053009
202103,1호선,시청,472244,471307,943551,37.5654385176408,126.976983237511
202103,1호선,신길,216592,183191,399783,37.5176677017212,126.914336937521
202103,1호선,신도림,93116,91220,184336,37.5087701449787,126.891080501385
202103,1호선,신설동,313161,308986,622147,37.5762451837487,127.023278761358
202103,1호선,신이문,191128,177428,368556,37.604278644666,127.069577322142
202103,1호선,신창,35506,33788,69294,36.7694848050308,126.949921514343
202103,1호선,쌍용,44906,42607,87513,36.793655090373,127.121594290099
202103,1호선,아산,61096,56470,117566,36.7920474174232,127.104115243093
202103,1호선,안양,551269,550465,1101734,37.4014349994721,126.92300270344
202103,1호선,양주,171578,159824,331402,37.7736548042753,127.044790945301
202103,1호선,역곡,640060,635071,1275131,37.4852888314378,126.811871466794
202103,1호선,영등포,819505,842916,1662421,37.5156680341198,126.907665995469
202103,1호선,오류동,272678,258094,530772,37.494359185399,126.844600701673
202103,1호선,오산,214396,212874,427270,37.1458951784684,127.066844907861
202103,1호선,오산대,78230,71165,149395,37.1693006160923,127.063064763281
202103,1호선,옥수,1190,692,1882,37.5409877747326,127.018965435917
202103,1호선,온수,156350,153320,309670,37.4921502838112,126.823380714316
202103,1호선,온양온천,78227,79563,157790,36.7804682813951,127.003451110541
202103,1호선,왕십리,299832,334113,633945,37.5612217415191,127.036655378283
202103,1호선,외대앞,163373,163906,327279,37.5954136758127,127.063058800869
202103,1호선,용산,681542,689352,1370894,37.5297718014452,126.964741503485
202103,1호선,월계,149063,140392,289455,37.6321089404669,127.058729394991
202103,1호선,응봉,43626,39735,83361,37.5504482266748,127.034927944532
202103,1호선,의왕,199986,198527,398513,37.3211117738404,126.948383028902
202103,1호선,의정부,396830,406614,803444,37.7379901517646,127.045879450143
202103,1호선,이촌,84893,65745,150638,37.522520254623,126.973683151228
202103,1호선,인천,76246,58142,134388,37.4765938446837,126.617089760956
202103,1호선,제기동,393454,400257,793711,37.5781967284885,127.034690599752
202103,1호선,제물포,243321,233588,476909,37.466803102521,126.656869633392
202103,1호선,종각,764235,736423,1500658,37.5702140381269,126.983239678933
202103,1호선,종로3가,561207,512876,1074083,37.5704266025836,126.99202930223
202103,1호선,종로5가,504800,501752,1006552,37.5709075371016,127.001916647342
202103,1호선,주안,430291,391048,821339,37.464767076602,126.679517004054
202103,1호선,중동,207369,197614,404983,37.4866184306426,126.764292213307
202103,1호선,지제,63803,60455,124258,37.0187847572567,127.070485287852
202103,1호선,지행,136103,134578,270681,37.8918774567748,127.055664161171
202103,1호선,직산,15886,16011,31897,36.8713897700414,127.143691456107
202103,1호선,진위,35781,31233,67014,37.1099375555493,127.062366903315
202103,1호선,창동,6,0,6,37.6532174818989,127.047714954434
202103,1호선,천안,107611,108864,216475,36.8123208138282,127.146822493854
202103,1호선,청량리,768599,784775,1553374,37.5802331563072,127.045085886324
202103,1호선,평택,255238,251455,506693,36.9918974768998,127.083288658126
202103,1호선,한남,91293,86000,177293,37.5291881521046,127.008249820572
202103,1호선,화서,167079,161917,328996,37.2848936747156,126.989199634131
202103,1호선,회룡,278927,277146,556073,37.7244219058017,127.047218627472
202104,1호선,가능,144014,139452,283466,37.7483685951812,127.044220735748
202104,1호선,가산디지털단지,409492,476068,885560,37.4815957375443,126.882559483336
202104,1호선,간석,133693,127129,260822,37.4646879052409,126.693451172704
202104,1호선,개봉,478648,490247,968895,37.4945222528654,126.859102583368
202104,1호선,관악,162981,151852,314833,37.4188017578979,126.909121118476
202104,1호선,광명,69124,61462,130586,37.4163635638303,126.884877197434
202104,1호선,광운대,197116,189143,386259,37.6230335564713,127.06176348127
202104,1호선,구로,422843,431954,854797,37.5024345090279,126.881491595821
202104,1호선,구일,155092,159909,315001,37.4963911827294,126.869920428658
202104,1호선,군포,171690,170818,342508,37.354076121748,126.948484962089
202104,1호선,금정,584559,594612,1179171,37.3722878708479,126.943387264162
202104,1호선,금천구청,266228,266118,532346,37.455609978438,126.894514076077
202104,1호선,남영,213046,222276,435322,37.5405646005342,126.971332437837
202104,1호선,노량진,187065,190052,377117,37.5135735646312,126.940826454376
202104,1호선,녹양,101960,97062,199022,37.7593972381027,127.042273911226
202104,1호선,녹천,104947,88730,193677,37.6456959058103,127.050919992127
202104,1호선,당정,139746,134305,274051,37.3444543328447,126.948347418727
202104,1호선,대방,289904,296988,586892,37.5128688879851,126.925248506022
202104,1호선,덕계,67915,61113,129028,37.8187729615258,127.056653419502
202104,1호선,덕정,130955,126231,257186,37.844283985167,127.061969695022
202104,1호선,도봉,133505,128873,262378,37.6803629061562,127.045764016316
202104,1호선,도봉산,177482,114109,291591,37.6891205614059,127.046528790935
202104,1호선,도원,73407,74506,147913,37.468791983109,126.642404388038
202104,1호선,도화,94810,88129,182939,37.4661106428252,126.668375888234
202104,1호선,독산,373600,395504,769104,37.4659873169402,126.889514168718
202104,1호선,동대문,240947,228906,469853,37.5717775660734,127.011167102297
202104,1호선,동두천,48993,57270,106263,37.9278370541411,127.054940223638
202104,1호선,동두천중앙,69279,67201,136480,37.9018057802045,127.056238895955
202104,1호선,동묘앞,183182,191739,374921,37.5733722075697,127.01675118037
202104,1호선,동암,337692,339206,676898,37.4710056673671,126.702935214739
202104,1호선,동인천,307494,290777,598271,37.4759574845683,126.631750522383
202104,1호선,두정,120306,120980,241286,36.8329346310528,127.149020699344
202104,1호선,망월사,168560,171750,340310,37.725963479768,127.046509519875
202104,1호선,명학,204640,202787,407427,37.3852171904558,126.935265701361
202104,1호선,방학,211006,206946,417952,37.6663490420969,127.044424667701
202104,1호선,배방,21680,20528,42208,36.7775631745193,127.052904723378
202104,1호선,백운,159967,159071,319038,37.4832252226726,126.70727338322
202104,1호선,병점,309381,310510,619891,37.2068017946815,127.033243427141
202104,1호선,보산,34120,30545,64665,37.9143185033452,127.057237110508
202104,1호선,봉명,27371,26478,53849,36.8012573235829,127.135835679685
202104,1호선,부개,190586,178618,369204,37.4883181353962,126.740251327956
202104,1호선,부천,724853,729330,1454183,37.4840369248427,126.782649695027
202104,1호선,부평,652442,697229,1349671,37.4904472744166,126.723486369222
202104,1호선,서동탄,34314,29641,63955,37.1959264123992,127.052133990784
202104,1호선,서빙고,41367,37721,79088,37.5199555398566,126.990048630943
202104,1호선,서울,1016039,900941,1916980,37.549118478341,126.970484281315
202104,1호선,서정리,148477,136912,285389,37.0570033704623,127.053006355073
202104,1호선,석계,177965,202883,380848,37.6150480846952,127.066118430844
202104,1호선,석수,222587,197870,420457,37.4343424740399,126.902529209911
202104,1호선,성균관대,328203,323447,651650,37.3001863040678,126.972261050259
202104,1호선,성환,84255,82412,166667,36.9167500567322,127.126732155397
202104,1호선,세류,66199,62138,128337,37.2442506519983,127.014111849323
202104,1호선,세마,59039,54778,113817,37.1869917898194,127.043062518202
202104,1호선,소사,209734,200659,410393,37.4824529147477,126.796018552602
202104,1호선,소요산,66443,55468,121911,37.947953996357,127.061213156402
202104,1호선,송내,618112,619515,1237627,37.4876747409104,126.752771844443
202104,1호선,송탄,91435,84259,175694,37.0752833781957,127.054299835138
202104,1호선,수원,739944,781498,1521442,37.2656768667795,127.000096053009
202104,1호선,시청,467273,470718,937991,37.5654385176408,126.976983237511
202104,1호선,신길,212597,180672,393269,37.5176677017212,126.914336937521
202104,1호선,신도림,93341,93405,186746,37.5087701449787,126.891080501385
202104,1호선,신설동,307338,301764,609102,37.5762451837487,127.023278761358
202104,1호선,신이문,188218,174042,362260,37.604278644666,127.069577322142
202104,1호선,신창,35657,32864,68521,36.7694848050308,126.949921514343
202104,1호선,쌍용,48171,44941,93112,36.793655090373,127.121594290099
202104,1호선,아산,61045,57877,118922,36.7920474174232,127.104115243093
202104,1호선,안양,548233,549618,1097851,37.4014349994721,126.92300270344
202104,1호선,양주,171513,159559,331072,37.7736548042753,127.044790945301
202104,1호선,역곡,628654,623578,1252232,37.4852888314378,126.811871466794
202104,1호선,영등포,792781,819221,1612002,37.5156680341198,126.907665995469
202104,1호선,오류동,269766,252912,522678,37.494359185399,126.844600701673
202104,1호선,오산,213784,211014,424798,37.1458951784684,127.066844907861
202104,1호선,오산대,81271,75407,156678,37.1693006160923,127.063064763281
202104,1호선,옥수,1246,750,1996,37.5409877747326,127.018965435917
202104,1호선,온수,156177,151882,308059,37.4921502838112,126.823380714316
202104,1호선,온양온천,75915,78018,153933,36.7804682813951,127.003451110541
202104,1호선,왕십리,293491,328260,621751,37.5612217415191,127.036655378283
202104,1호선,외대앞,154757,154977,309734,37.5954136758127,127.063058800869
202104,1호선,용산,669589,681890,1351479,37.5297718014452,126.964741503485
202104,1호선,월계,149539,140617,290156,37.6321089404669,127.058729394991
202104,1호선,응봉,42225,37278,79503,37.5504482266748,127.034927944532
202104,1호선,의왕,201141,200335,401476,37.3211117738404,126.948383028902
202104,1호선,의정부,389512,400734,790246,37.7379901517646,127.045879450143
202104,1호선,이촌,85120,65220,150340,37.522520254623,126.973683151228
202104,1호선,인천,77478,59381,136859,37.4765938446837,126.617089760956
202104,1호선,제기동,380507,388497,769004,37.5781967284885,127.034690599752
202104,1호선,제물포,243369,233426,476795,37.466803102521,126.656869633392
202104,1호선,종각,752259,729797,1482056,37.5702140381269,126.983239678933
202104,1호선,종로3가,544857,497657,1042514,37.5704266025836,126.99202930223
202104,1호선,종로5가,489862,484299,974161,37.5709075371016,127.001916647342
202104,1호선,주안,421863,382593,804456,37.464767076602,126.679517004054
202104,1호선,중동,205323,194593,399916,37.4866184306426,126.764292213307
202104,1호선,지제,64211,61335,125546,37.0187847572567,127.070485287852
202104,1호선,지행,140480,139256,279736,37.8918774567748,127.055664161171
202104,1호선,직산,16449,16441,32890,36.8713897700414,127.143691456107
202104,1호선,진위,36311,31483,67794,37.1099375555493,127.062366903315
202104,1호선,창동,9,0,9,37.6532174818989,127.047714954434
202104,1호선,천안,108542,109945,218487,36.8123208138282,127.146822493854
202104,1호선,청량리,755746,774345,1530091,37.5802331563072,127.045085886324
202104,1호선,평택,256944,250261,507205,36.9918974768998,127.083288658126
202104,1호선,한남,91643,86294,177937,37.5291881521046,127.008249820572
202104,1호선,화서,167073,161909,328982,37.2848936747156,126.989199634131
202104,1호선,회룡,275780,271327,547107,37.7244219058017,127.047218627472
202105,1호선,가능,134389,129622,264011,37.7483685951812,127.044220735748
202105,1호선,가산디지털단지,367412,428383,795795,37.4815957375443,126.882559483336
202105,1호선,간석,122553,116354,238907,37.4646879052409,126.693451172704
202105,1호선,개봉,441825,448534,890359,37.4945222528654,126.859102583368
202105,1호선,관악,152288,142044,294332,37.4188017578979,126.909121118476
202105,1호선,광명,65571,57688,123259,37.4163635638303,126.884877197434
202105,1호선,광운대,179662,172740,352402,37.6230335564713,127.06176348127
202105,1호선,구로,389451,396126,785577,37.5024345090279,126.881491595821
202105,1호선,구일,134718,136546,271264,37.4963911827294,126.869920428658
202105,1호선,군포,156615,155234,311849,37.354076121748,126.948484962089
202105,1호선,금정,532244,538759,1071003,37.3722878708479,126.943387264162
202105,1호선,금천구청,245240,244691,489931,37.455609978438,126.894514076077
202105,1호선,남영,192509,200850,393359,37.5405646005342,126.971332437837
202105,1호선,노량진,172389,172876,345265,37.5135735646312,126.940826454376
202105,1호선,녹양,94372,90258,184630,37.7593972381027,127.042273911226
202105,1호선,녹천,95958,81019,176977,37.6456959058103,127.050919992127
202105,1호선,당정,127668,122763,250431,37.3444543328447,126.948347418727
202105,1호선,대방,260520,267586,528106,37.5128688879851,126.925248506022
202105,1호선,덕계,62659,56796,119455,37.8187729615258,127.056653419502
202105,1호선,덕정,118455,114702,233157,37.844283985167,127.061969695022
202105,1호선,도봉,124109,119190,243299,37.6803629061562,127.045764016316
202105,1호선,도봉산,165899,107179,273078,37.6891205614059,127.046528790935
202105,1호선,도원,68619,69492,138111,37.468791983109,126.642404388038
202105,1호선,도화,88837,82124,170961,37.4661106428252,126.668375888234
202105,1호선,독산,340338,359153,699491,37.4659873169402,126.889514168718
202105,1호선,동대문,231135,221755,452890,37.5717775660734,127.011167102297
202105,1호선,동두천,44086,50667,94753,37.9278370541411,127.054940223638
202105,1호선,동두천중앙,64492,62303,126795,37.9018057802045,127.056238895955
202105,1호선,동묘앞,170846,178939,349785,37.5733722075697,127.01675118037
202105,1호선,동암,312178,313492,625670,37.4710056673671,126.702935214739
202105,1호선,동인천,286191,271387,557578,37.4759574845683,126.631750522383
202105,1호선,두정,112041,114827,226868,36.8329346310528,127.149020699344
202105,1호선,망월사,159926,162354,322280,37.725963479768,127.046509519875
202105,1호선,명학,185195,184725,369920,37.3852171904558,126.935265701361
202105,1호선,방학,195950,192488,388438,37.6663490420969,127.044424667701
202105,1호선,배방,20597,19843,40440,36.7775631745193,127.052904723378
202105,1호선,백운,147445,145862,293307,37.4832252226726,126.70727338322
202105,1호선,병점,289579,289251,578830,37.2068017946815,127.033243427141
202105,1호선,보산,32388,29541,61929,37.9143185033452,127.057237110508
202105,1호선,봉명,24612,23778,48390,36.8012573235829,127.135835679685
202105,1호선,부개,175254,163493,338747,37.4883181353962,126.740251327956
202105,1호선,부천,673638,676741,1350379,37.4840369248427,126.782649695027
202105,1호선,부평,619687,658295,1277982,37.4904472744166,126.723486369222
202105,1호선,서동탄,31268,27364,58632,37.1959264123992,127.052133990784
202105,1호선,서빙고,38440,35381,73821,37.5199555398566,126.990048630943
202105,1호선,서울,961930,843986,1805916,37.549118478341,126.970484281315
202105,1호선,서정리,138010,129162,267172,37.0570033704623,127.053006355073
202105,1호선,석계,165470,188491,353961,37.6150480846952,127.066118430844
202105,1호선,석수,204904,182130,387034,37.4343424740399,126.902529209911
202105,1호선,성균관대,299822,297758,597580,37.3001863040678,126.972261050259
202105,1호선,성환,81151,79337,160488,36.9167500567322,127.126732155397
202105,1호선,세류,61576,57687,119263,37.2442506519983,127.014111849323
202105,1호선,세마,54882,50824,105706,37.1869917898194,127.043062518202
202105,1호선,소사,192146,185224,377370,37.4824529147477,126.796018552602
202105,1호선,소요산,60626,50830,111456,37.947953996357,127.061213156402
202105,1호선,송내,561383,561306,1122689,37.4876747409104,126.752771844443
202105,1호선,송탄,85891,80812,166703,37.0752833781957,127.054299835138
202105,1호선,수원,710007,747303,1457310,37.2656768667795,127.000096053009
202105,1호선,시청,422794,431124,853918,37.5654385176408,126.976983237511
202105,1호선,신길,193216,162441,355657,37.5176677017212,126.914336937521
202105,1호선,신도림,85326,86597,171923,37.5087701449787,126.891080501385
202105,1호선,신설동,280463,273210,553673,37.5762451837487,127.023278761358
202105,1호선,신이문,173598,160972,334570,37.604278644666,127.069577322142
202105,1호선,신창,34109,32626,66735,36.7694848050308,126.949921514343
202105,1호선,쌍용,43959,41460,85419,36.793655090373,127.121594290099
202105,1호선,아산,59780,55624,115404,36.7920474174232,127.104115243093
202105,1호선,안양,486489,486236,972725,37.4014349994721,126.92300270344
202105,1호선,양주,159634,147867,307501,37.7736548042753,127.044790945301
202105,1호선,역곡,573593,568789,1142382,37.4852888314378,126.811871466794
202105,1호선,영등포,748669,770135,1518804,37.5156680341198,126.907665995469
202105,1호선,오류동,250772,236058,486830,37.494359185399,126.844600701673
202105,1호선,오산,197763,195938,393701,37.1458951784684,127.066844907861
202105,1호선,오산대,71909,66476,138385,37.1693006160923,127.063064763281
202105,1호선,옥수,1157,795,1952,37.5409877747326,127.018965435917
202105,1호선,온수,145851,140098,285949,37.4921502838112,126.823380714316
202105,1호선,온양온천,70027,71777,141804,36.7804682813951,127.003451110541
202105,1호선,왕십리,276632,311073,587705,37.5612217415191,127.036655378283
202105,1호선,외대앞,146719,146440,293159,37.5954136758127,127.063058800869
202105,1호선,용산,658180,672389,1330569,37.5297718014452,126.964741503485
202105,1호선,월계,139937,131018,270955,37.6321089404669,127.058729394991
202105,1호선,응봉,38182,33240,71422,37.5504482266748,127.034927944532
202105,1호선,의왕,185817,184760,370577,37.3211117738404,126.948383028902
202105,1호선,의정부,368962,381233,750195,37.7379901517646,127.045879450143
202105,1호선,이촌,78708,59682,138390,37.522520254623,126.973683151228
202105,1호선,인천,76534,59181,135715,37.4765938446837,126.617089760956
202105,1호선,제기동,343194,349006,692200,37.5781967284885,127.034690599752
202105,1호선,제물포,223290,214610,437900,37.466803102521,126.656869633392
202105,1호선,종각,694365,675971,1370336,37.5702140381269,126.983239678933
202105,1호선,종로3가,512767,467950,980717,37.5704266025836,126.99202930223
202105,1호선,종로5가,456259,454875,911134,37.5709075371016,127.001916647342
202105,1호선,주안,393156,356111,749267,37.464767076602,126.679517004054
202105,1호선,중동,189419,178879,368298,37.4866184306426,126.764292213307
202105,1호선,지제,2948,2759,5707,37.0187847572567,127.070485287852
202105,1호선,지행,131024,130605,261629,37.8918774567748,127.055664161171
202105,1호선,직산,15293,15276,30569,36.8713897700414,127.143691456107
202105,1호선,진위,32113,28157,60270,37.1099375555493,127.062366903315
202105,1호선,창동,8,0,8,37.6532174818989,127.047714954434
202105,1호선,천안,105133,106423,211556,36.8123208138282,127.146822493854
202105,1호선,청량리,708128,726241,1434369,37.5802331563072,127.045085886324
202105,1호선,평택,243504,239191,482695,36.9918974768998,127.083288658126
202105,1호선,평택지제,58061,55071,113132,,
202105,1호선,한남,84774,80272,165046,37.5291881521046,127.008249820572
202105,1호선,화서,152159,147482,299641,37.2848936747156,126.989199634131
202105,1호선,회룡,255711,255424,511135,37.7244219058017,127.047218627472
202106,1호선,가능,145939,140577,286516,37.7483685951812,127.044220735748
202106,1호선,가산디지털단지,415250,481621,896871,37.4815957375443,126.882559483336
202106,1호선,간석,134004,127534,261538,37.4646879052409,126.693451172704
202106,1호선,개봉,475055,481615,956670,37.4945222528654,126.859102583368
202106,1호선,관악,162990,150577,313567,37.4188017578979,126.909121118476
202106,1호선,광명,71945,63205,135150,37.4163635638303,126.884877197434
202106,1호선,광운대,188736,181002,369738,37.6230335564713,127.06176348127
202106,1호선,구로,422130,429470,851600,37.5024345090279,126.881491595821
202106,1호선,구일,152601,154871,307472,37.4963911827294,126.869920428658
202106,1호선,군포,171202,170481,341683,37.354076121748,126.948484962089
202106,1호선,금정,583952,591470,1175422,37.3722878708479,126.943387264162
202106,1호선,금천구청,264821,265131,529952,37.455609978438,126.894514076077
202106,1호선,남영,207000,216060,423060,37.5405646005342,126.971332437837
202106,1호선,노량진,182157,184695,366852,37.5135735646312,126.940826454376
202106,1호선,녹양,103253,98937,202190,37.7593972381027,127.042273911226
202106,1호선,녹천,104874,88632,193506,37.6456959058103,127.050919992127
202106,1호선,당정,139954,133031,272985,37.3444543328447,126.948347418727
202106,1호선,대방,288170,293945,582115,37.5128688879851,126.925248506022
202106,1호선,덕계,68007,60938,128945,37.8187729615258,127.056653419502
202106,1호선,덕정,127162,123462,250624,37.844283985167,127.061969695022
202106,1호선,도봉,131922,127095,259017,37.6803629061562,127.045764016316
202106,1호선,도봉산,168266,106884,275150,37.6891205614059,127.046528790935
202106,1호선,도원,75460,76357,151817,37.468791983109,126.642404388038
202106,1호선,도화,94908,88382,183290,37.4661106428252,126.668375888234
202106,1호선,독산,383990,405233,789223,37.4659873169402,126.889514168718
202106,1호선,동대문,241377,229852,471229,37.5717775660734,127.011167102297
202106,1호선,동두천,47590,53851,101441,37.9278370541411,127.054940223638
202106,1호선,동두천중앙,68704,66642,135346,37.9018057802045,127.056238895955
202106,1호선,동묘앞,171330,179087,350417,37.5733722075697,127.01675118037
202106,1호선,동암,334035,334705,668740,37.4710056673671,126.702935214739
202106,1호선,동인천,308641,292226,600867,37.4759574845683,126.631750522383
202106,1호선,두정,113841,115900,229741,36.8329346310528,127.149020699344
202106,1호선,망월사,164962,167356,332318,37.725963479768,127.046509519875
202106,1호선,명학,202801,202058,404859,37.3852171904558,126.935265701361
202106,1호선,방학,210911,205761,416672,37.6663490420969,127.044424667701
202106,1호선,배방,21874,21033,42907,36.7775631745193,127.052904723378
202106,1호선,백운,159330,157076,316406,37.4832252226726,126.70727338322
202106,1호선,병점,311513,310950,622463,37.2068017946815,127.033243427141
202106,1호선,보산,33328,30333,63661,37.9143185033452,127.057237110508
202106,1호선,봉명,27408,26274,53682,36.8012573235829,127.135835679685
202106,1호선,부개,190538,177857,368395,37.4883181353962,126.740251327956
202106,1호선,부천,711829,715118,1426947,37.4840369248427,126.782649695027
202106,1호선,부평,647432,688710,1336142,37.4904472744166,126.723486369222
202106,1호선,서동탄,34014,29638,63652,37.1959264123992,127.052133990784
202106,1호선,서빙고,42292,38771,81063,37.5199555398566,126.990048630943
202106,1호선,서울,1055673,925024,1980697,37.549118478341,126.970484281315
202106,1호선,서정리,142601,132502,275103,37.0570033704623,127.053006355073
202106,1호선,석계,176489,201886,378375,37.6150480846952,127.066118430844
202106,1호선,석수,221069,195639,416708,37.4343424740399,126.902529209911
202106,1호선,성균관대,316556,314021,630577,37.3001863040678,126.972261050259
202106,1호선,성환,81858,80851,162709,36.9167500567322,127.126732155397
202106,1호선,세류,67440,62839,130279,37.2442506519983,127.014111849323
202106,1호선,세마,59479,55117,114596,37.1869917898194,127.043062518202
202106,1호선,소사,197013,193222,390235,37.4824529147477,126.796018552602
202106,1호선,소요산,60017,50999,111016,37.947953996357,127.061213156402
202106,1호선,송내,607379,608963,1216342,37.4876747409104,126.752771844443
202106,1호선,송탄,90426,84353,174779,37.0752833781957,127.054299835138
202106,1호선,수원,735159,775789,1510948,37.2656768667795,127.000096053009
202106,1호선,시청,469036,479343,948379,37.5654385176408,126.976983237511
202106,1호선,신길,208898,176631,385529,37.5176677017212,126.914336937521
202106,1호선,신도림,94167,95240,189407,37.5087701449787,126.891080501385
202106,1호선,신설동,307039,300153,607192,37.5762451837487,127.023278761358
202106,1호선,신이문,187022,172861,359883,37.604278644666,127.069577322142
202106,1호선,신창,29947,28834,58781,36.7694848050308,126.949921514343
202106,1호선,쌍용,45221,42282,87503,36.793655090373,127.121594290099
202106,1호선,아산,60848,57038,117886,36.7920474174232,127.104115243093
202106,1호선,안양,514277,513648,1027925,37.4014349994721,126.92300270344
202106,1호선,양주,168763,156319,325082,37.7736548042753,127.044790945301
202106,1호선,역곡,609390,602967,1212357,37.4852888314378,126.811871466794
202106,1호선,영등포,791736,816593,1608329,37.5156680341198,126.907665995469
202106,1호선,오류동,269368,252149,521517,37.494359185399,126.844600701673
202106,1호선,오산,210176,207564,417740,37.1458951784684,127.066844907861
202106,1호선,오산대,76874,72049,148923,37.1693006160923,127.063064763281
202106,1호선,옥수,1203,767,1970,37.5409877747326,127.018965435917
202106,1호선,온수,157195,150361,307556,37.4921502838112,126.823380714316
202106,1호선,온양온천,73890,75490,149380,36.7804682813951,127.003451110541
202106,1호선,왕십리,297801,334494,632295,37.5612217415191,127.036655378283
202106,1호선,외대앞,152365,152146,304511,37.5954136758127,127.063058800869
202106,1호선,용산,698865,714975,1413840,37.5297718014452,126.964741503485
202106,1호선,월계,148971,139991,288962,37.6321089404669,127.058729394991
202106,1호선,응봉,41026,34806,75832,37.5504482266748,127.034927944532
202106,1호선,의왕,203310,201957,405267,37.3211117738404,126.948383028902
202106,1호선,의정부,389701,402028,791729,37.7379901517646,127.045879450143
202106,1호선,이촌,85058,65194,150252,37.522520254623,126.973683151228
202106,1호선,인천,77131,58580,135711,37.4765938446837,126.617089760956
202106,1호선,제기동,365373,373446,738819,37.5781967284885,127.034690599752
202106,1호선,제물포,241151,231686,472837,37.466803102521,126.656869633392
202106,1호선,종각,767038,752733,1519771,37.5702140381269,126.983239678933
202106,1호선,종로3가,545985,498690,1044675,37.5704266025836,126.99202930223
202106,1호선,종로5가,492892,491052,983944,37.5709075371016,127.001916647342
202106,1호선,주안,416067,377091,793158,37.464767076602,126.679517004054
202106,1호선,중동,205652,194368,400020,37.4866184306426,126.764292213307
202106,1호선,지행,140481,140220,280701,37.8918774567748,127.055664161171
202106,1호선,직산,16372,16330,32702,36.8713897700414,127.143691456107
202106,1호선,진위,35377,30809,66186,37.1099375555493,127.062366903315
202106,1호선,창동,7,0,7,37.6532174818989,127.047714954434
202106,1호선,천안,107197,110016,217213,36.8123208138282,127.146822493854
202106,1호선,청량리,752518,773078,1525596,37.5802331563072,127.045085886324
202106,1호선,평택,250942,247196,498138,36.9918974768998,127.083288658126
202106,1호선,평택지제,65384,62065,127449,,
202106,1호선,한남,91970,86779,178749,37.5291881521046,127.008249820572
202106,1호선,화서,167008,160871,327879,37.2848936747156,126.989199634131
202106,1호선,회룡,274724,272899,547623,37.7244219058017,127.047218627472
202107,1호선,가능,132599,128145,260744,37.7483685951812,127.044220735748
202107,1호선,가산디지털단지,366247,429708,795955,37.4815957375443,126.882559483336
202107,1호선,간석,119837,114920,234757,37.4646879052409,126.693451172704
202107,1호선,개봉,429198,437669,866867,37.4945222528654,126.859102583368
202107,1호선,관악,142873,134160,277033,37.4188017578979,126.909121118476
202107,1호선,광명,62224,56241,118465,37.4163635638303,126.884877197434
202107,1호선,광운대,155843,147010,302853,37.6230335564713,127.06176348127
202107,1호선,구로,385078,390130,775208,37.5024345090279,126.881491595821
202107,1호선,구일,124657,127365,252022,37.4963911827294,126.869920428658
202107,1호선,군포,158057,157343,315400,37.354076121748,126.948484962089
202107,1호선,금정,524002,530664,1054666,37.3722878708479,126.943387264162
202107,1호선,금천구청,234512,235595,470107,37.455609978438,126.894514076077
202107,1호선,남영,180549,188717,369266,37.5405646005342,126.971332437837
202107,1호선,노량진,160031,161174,321205,37.5135735646312,126.940826454376
202107,1호선,녹양,91934,88089,180023,37.7593972381027,127.042273911226
202107,1호선,녹천,95125,80648,175773,37.6456959058103,127.050919992127
202107,1호선,당정,120425,115231,235656,37.3444543328447,126.948347418727
202107,1호선,대방,257101,263277,520378,37.5128688879851,126.925248506022
202107,1호선,덕계,58270,52196,110466,37.8187729615258,127.056653419502
202107,1호선,덕정,103638,100914,204552,37.844283985167,127.061969695022
202107,1호선,도봉,120578,116449,237027,37.6803629061562,127.045764016316
202107,1호선,도봉산,150214,96096,246310,37.6891205614059,127.046528790935
202107,1호선,도원,58264,59412,117676,37.468791983109,126.642404388038
202107,1호선,도화,84515,78690,163205,37.4661106428252,126.668375888234
202107,1호선,독산,353817,372073,725890,37.4659873169402,126.889514168718
202107,1호선,동대문,221717,208199,429916,37.5717775660734,127.011167102297
202107,1호선,동두천,41872,47070,88942,37.9278370541411,127.054940223638
202107,1호선,동두천중앙,62928,60773,123701,37.9018057802045,127.056238895955
202107,1호선,동묘앞,152040,158117,310157,37.5733722075697,127.01675118037
202107,1호선,동암,299749,301342,601091,37.4710056673671,126.702935214739
202107,1호선,동인천,276860,262929,539789,37.4759574845683,126.631750522383
202107,1호선,두정,97783,99391,197174,36.8329346310528,127.149020699344
202107,1호선,망월사,143886,147138,291024,37.725963479768,127.046509519875
202107,1호선,명학,184922,184372,369294,37.3852171904558,126.935265701361
202107,1호선,방학,191170,187317,378487,37.6663490420969,127.044424667701
202107,1호선,배방,19480,18786,38266,36.7775631745193,127.052904723378
202107,1호선,백운,140466,138970,279436,37.4832252226726,126.70727338322
202107,1호선,병점,270483,267475,537958,37.2068017946815,127.033243427141
202107,1호선,보산,29806,27101,56907,37.9143185033452,127.057237110508
202107,1호선,봉명,25117,23892,49009,36.8012573235829,127.135835679685
202107,1호선,부개,170712,161007,331719,37.4883181353962,126.740251327956
202107,1호선,부천,644568,646971,1291539,37.4840369248427,126.782649695027
202107,1호선,부평,587702,622137,1209839,37.4904472744166,126.723486369222
202107,1호선,서동탄,29932,25892,55824,37.1959264123992,127.052133990784
202107,1호선,서빙고,37847,34365,72212,37.5199555398566,126.990048630943
202107,1호선,서울,890192,797627,1687819,37.549118478341,126.970484281315
202107,1호선,서정리,119216,111042,230258,37.0570033704623,127.053006355073
202107,1호선,석계,158330,179827,338157,37.6150480846952,127.066118430844
202107,1호선,석수,197119,175185,372304,37.4343424740399,126.902529209911
202107,1호선,성균관대,268882,267772,536654,37.3001863040678,126.972261050259
202107,1호선,성환,60930,60880,121810,36.9167500567322,127.126732155397
202107,1호선,세류,60189,56300,116489,37.2442506519983,127.014111849323
202107,1호선,세마,53412,49975,103387,37.1869917898194,127.043062518202
202107,1호선,소사,171735,168010,339745,37.4824529147477,126.796018552602
202107,1호선,소요산,65700,57624,123324,37.947953996357,127.061213156402
202107,1호선,송내,539769,540897,1080666,37.4876747409104,126.752771844443
202107,1호선,송탄,81087,76868,157955,37.0752833781957,127.054299835138
202107,1호선,수원,628573,668172,1296745,37.2656768667795,127.000096053009
202107,1호선,시청,420758,421051,841809,37.5654385176408,126.976983237511
202107,1호선,신길,182848,152111,334959,37.5176677017212,126.914336937521
202107,1호선,신도림,82324,82639,164963,37.5087701449787,126.891080501385
202107,1호선,신설동,280223,275702,555925,37.5762451837487,127.023278761358
202107,1호선,신이문,171232,158408,329640,37.604278644666,127.069577322142
202107,1호선,신창,22813,22237,45050,36.7694848050308,126.949921514343
202107,1호선,쌍용,34912,32731,67643,36.793655090373,127.121594290099
202107,1호선,아산,52083,49582,101665,36.7920474174232,127.104115243093
202107,1호선,안양,412777,413253,826030,37.4014349994721,126.92300270344
202107,1호선,양주,151853,142648,294501,37.7736548042753,127.044790945301
202107,1호선,역곡,534233,533063,1067296,37.4852888314378,126.811871466794
202107,1호선,영등포,707800,726818,1434618,37.5156680341198,126.907665995469
202107,1호선,오류동,243149,229040,472189,37.494359185399,126.844600701673
202107,1호선,오산,183987,183168,367155,37.1458951784684,127.066844907861
202107,1호선,오산대,62276,58052,120328,37.1693006160923,127.063064763281
202107,1호선,옥수,989,697,1686,37.5409877747326,127.018965435917
202107,1호선,온수,132475,128739,261214,37.4921502838112,126.823380714316
202107,1호선,온양온천,67535,69061,136596,36.7804682813951,127.003451110541
202107,1호선,왕십리,265373,302813,568186,37.5612217415191,127.036655378283
202107,1호선,외대앞,133322,135208,268530,37.5954136758127,127.063058800869
202107,1호선,용산,619310,638914,1258224,37.5297718014452,126.964741503485
202107,1호선,월계,123357,118312,241669,37.6321089404669,127.058729394991
202107,1호선,응봉,34699,29443,64142,37.5504482266748,127.034927944532
202107,1호선,의왕,179491,179030,358521,37.3211117738404,126.948383028902
202107,1호선,의정부,353545,364390,717935,37.7379901517646,127.045879450143
202107,1호선,이촌,73823,57305,131128,37.522520254623,126.973683151228
202107,1호선,인천,72594,55017,127611,37.4765938446837,126.617089760956
202107,1호선,제기동,329397,335294,664691,37.5781967284885,127.034690599752
202107,1호선,제물포,203577,196118,399695,37.466803102521,126.656869633392
202107,1호선,종각,665878,648623,1314501,37.5702140381269,126.983239678933
202107,1호선,종로3가,488876,453363,942239,37.5704266025836,126.99202930223
202107,1호선,종로5가,439565,436799,876364,37.5709075371016,127.001916647342
202107,1호선,주안,365110,332242,697352,37.464767076602,126.679517004054
202107,1호선,중동,183828,174355,358183,37.4866184306426,126.764292213307
202107,1호선,지행,124527,124989,249516,37.8918774567748,127.055664161171
202107,1호선,직산,15337,15053,30390,36.8713897700414,127.143691456107
202107,1호선,진위,32791,28491,61282,37.1099375555493,127.062366903315
202107,1호선,창동,2,0,2,37.6532174818989,127.047714954434
202107,1호선,천안,97355,101511,198866,36.8123208138282,127.146822493854
202107,1호선,청량리,677776,699357,1377133,37.5802331563072,127.045085886324
202107,1호선,평택,219008,214676,433684,36.9918974768998,127.083288658126
202107,1호선,평택지제,59868,57552,117420,,
202107,1호선,한남,84078,79624,163702,37.5291881521046,127.008249820572
202107,1호선,화서,146971,142643,289614,37.2848936747156,126.989199634131
202107,1호선,회룡,246328,244364,490692,37.7244219058017,127.047218627472
202108,1호선,가능,128987,124640,253627,37.7483685951812,127.044220735748
202108,1호선,가산디지털단지,336639,398060,734699,37.4815957375443,126.882559483336
202108,1호선,간석,114167,109514,223681,37.4646879052409,126.693451172704
202108,1호선,개봉,411187,421148,832335,37.4945222528654,126.859102583368
202108,1호선,관악,133423,126045,259468,37.4188017578979,126.909121118476
202108,1호선,광명,60862,53545,114407,37.4163635638303,126.884877197434
202108,1호선,광운대,147851,140886,288737,37.6230335564713,127.06176348127
202108,1호선,구로,360086,363945,724031,37.5024345090279,126.881491595821
202108,1호선,구일,114087,116097,230184,37.4963911827294,126.869920428658
202108,1호선,군포,145076,144117,289193,37.354076121748,126.948484962089
202108,1호선,금정,492039,500301,992340,37.3722878708479,126.943387264162
202108,1호선,금천구청,220613,221261,441874,37.455609978438,126.894514076077
202108,1호선,남영,170052,178222,348274,37.5405646005342,126.971332437837
202108,1호선,노량진,148459,149244,297703,37.5135735646312,126.940826454376
202108,1호선,녹양,88058,84984,173042,37.7593972381027,127.042273911226
202108,1호선,녹천,89457,75975,165432,37.6456959058103,127.050919992127
202108,1호선,당정,112320,108443,220763,37.3444543328447,126.948347418727
202108,1호선,대방,242082,249595,491677,37.5128688879851,126.925248506022
202108,1호선,덕계,56595,50961,107556,37.8187729615258,127.056653419502
202108,1호선,덕정,101818,99078,200896,37.844283985167,127.061969695022
202108,1호선,도봉,118926,115062,233988,37.6803629061562,127.045764016316
202108,1호선,도봉산,146756,92286,239042,37.6891205614059,127.046528790935
202108,1호선,도원,53829,54815,108644,37.468791983109,126.642404388038
202108,1호선,도화,79525,74065,153590,37.4661106428252,126.668375888234
202108,1호선,독산,333111,350043,683154,37.4659873169402,126.889514168718
202108,1호선,동대문,207126,193994,401120,37.5717775660734,127.011167102297
202108,1호선,동두천,40217,45447,85664,37.9278370541411,127.054940223638
202108,1호선,동두천중앙,61312,59413,120725,37.9018057802045,127.056238895955
202108,1호선,동묘앞,146013,151316,297329,37.5733722075697,127.01675118037
202108,1호선,동암,284550,286506,571056,37.4710056673671,126.702935214739
202108,1호선,동인천,260879,248235,509114,37.4759574845683,126.631750522383
202108,1호선,두정,89620,90598,180218,36.8329346310528,127.149020699344
202108,1호선,망월사,140494,143596,284090,37.725963479768,127.046509519875
202108,1호선,명학,172318,170378,342696,37.3852171904558,126.935265701361
202108,1호선,방학,185092,181661,366753,37.6663490420969,127.044424667701
202108,1호선,배방,18554,17980,36534,36.7775631745193,127.052904723378
202108,1호선,백운,133964,133213,267177,37.4832252226726,126.70727338322
202108,1호선,병점,258304,255918,514222,37.2068017946815,127.033243427141
202108,1호선,보산,29386,26710,56096,37.9143185033452,127.057237110508
202108,1호선,봉명,22823,21980,44803,36.8012573235829,127.135835679685
202108,1호선,부개,161696,152122,313818,37.4883181353962,126.740251327956
202108,1호선,부천,618150,620258,1238408,37.4840369248427,126.782649695027
202108,1호선,부평,556816,586910,1143726,37.4904472744166,126.723486369222
202108,1호선,서동탄,27428,24318,51746,37.1959264123992,127.052133990784
202108,1호선,서빙고,36836,32730,69566,37.5199555398566,126.990048630943
202108,1호선,서울,862530,755443,1617973,37.549118478341,126.970484281315
202108,1호선,서정리,115380,109841,225221,37.0570033704623,127.053006355073
202108,1호선,석계,153103,173984,327087,37.6150480846952,127.066118430844
202108,1호선,석수,184990,164880,349870,37.4343424740399,126.902529209911
202108,1호선,성균관대,252525,252812,505337,37.3001863040678,126.972261050259
202108,1호선,성환,58699,59993,118692,36.9167500567322,127.126732155397
202108,1호선,세류,56381,51966,108347,37.2442506519983,127.014111849323
202108,1호선,세마,49509,46912,96421,37.1869917898194,127.043062518202
202108,1호선,소사,164707,161399,326106,37.4824529147477,126.796018552602
202108,1호선,소요산,61349,52918,114267,37.947953996357,127.061213156402
202108,1호선,송내,507596,507934,1015530,37.4876747409104,126.752771844443
202108,1호선,송탄,77545,73511,151056,37.0752833781957,127.054299835138
202108,1호선,수원,612207,644011,1256218,37.2656768667795,127.000096053009
202108,1호선,시청,395899,393315,789214,37.5654385176408,126.976983237511
202108,1호선,신길,171237,143843,315080,37.5176677017212,126.914336937521
202108,1호선,신도림,75578,76072,151650,37.5087701449787,126.891080501385
202108,1호선,신설동,261668,259759,521427,37.5762451837487,127.023278761358
202108,1호선,신이문,162478,151530,314008,37.604278644666,127.069577322142
202108,1호선,신창,25635,25278,50913,36.7694848050308,126.949921514343
202108,1호선,쌍용,33044,31141,64185,36.793655090373,127.121594290099
202108,1호선,아산,52522,48046,100568,36.7920474174232,127.104115243093
202108,1호선,안양,397437,398814,796251,37.4014349994721,126.92300270344
202108,1호선,양주,150238,141869,292107,37.7736548042753,127.044790945301
202108,1호선,역곡,506942,506352,1013294,37.4852888314378,126.811871466794
202108,1호선,영등포,683718,695829,1379547,37.5156680341198,126.907665995469
202108,1호선,오류동,231481,219139,450620,37.494359185399,126.844600701673
202108,1호선,오산,175770,176470,352240,37.1458951784684,127.066844907861
202108,1호선,오산대,58591,54498,113089,37.1693006160923,127.063064763281
202108,1호선,옥수,1054,676,1730,37.5409877747326,127.018965435917
202108,1호선,온수,124658,121011,245669,37.4921502838112,126.823380714316
202108,1호선,온양온천,65122,67011,132133,36.7804682813951,127.003451110541
202108,1호선,왕십리,256059,295701,551760,37.5612217415191,127.036655378283
202108,1호선,외대앞,131766,134224,265990,37.5954136758127,127.063058800869
202108,1호선,용산,621337,622380,1243717,37.5297718014452,126.964741503485
202108,1호선,월계,118182,113788,231970,37.6321089404669,127.058729394991
202108,1호선,응봉,33680,28782,62462,37.5504482266748,127.034927944532
202108,1호선,의왕,165881,166045,331926,37.3211117738404,126.948383028902
202108,1호선,의정부,344496,354591,699087,37.7379901517646,127.045879450143
202108,1호선,이촌,70420,55405,125825,37.522520254623,126.973683151228
202108,1호선,인천,70166,53667,123833,37.4765938446837,126.617089760956
202108,1호선,제기동,323117,331080,654197,37.5781967284885,127.034690599752
202108,1호선,제물포,193413,186997,380410,37.466803102521,126.656869633392
202108,1호선,종각,619560,600341,1219901,37.5702140381269,126.983239678933
202108,1호선,종로3가,469833,435583,905416,37.5704266025836,126.99202930223
202108,1호선,종로5가,418059,412248,830307,37.5709075371016,127.001916647342
202108,1호선,주안,350702,318808,669510,37.464767076602,126.679517004054
202108,1호선,중동,175546,167036,342582,37.4866184306426,126.764292213307
202108,1호선,지행,120141,120343,240484,37.8918774567748,127.055664161171
202108,1호선,직산,14153,13892,28045,36.8713897700414,127.143691456107
202108,1호선,진위,29628,25855,55483,37.1099375555493,127.062366903315
202108,1호선,창동,4,0,4,37.6532174818989,127.047714954434
202108,1호선,천안,95900,99263,195163,36.8123208138282,127.146822493854
202108,1호선,청량리,665031,681455,1346486,37.5802331563072,127.045085886324
202108,1호선,평택,212932,210243,423175,36.9918974768998,127.083288658126
202108,1호선,평택지제,58403,55689,114092,,
202108,1호선,한남,80370,75494,155864,37.5291881521046,127.008249820572
202108,1호선,화서,137135,133064,270199,37.2848936747156,126.989199634131
202108,1호선,회룡,239522,237867,477389,37.7244219058017,127.047218627472
202109,1호선,가능,132508,127264,259772,37.7483685951812,127.044220735748
202109,1호선,가산디지털단지,336000,398778,734778,37.4815957375443,126.882559483336
202109,1호선,간석,116549,111021,227570,37.4646879052409,126.693451172704
202109,1호선,개봉,417581,422518,840099,37.4945222528654,126.859102583368
202109,1호선,관악,137400,128555,265955,37.4188017578979,126.909121118476
202109,1호선,광명,60205,52911,113116,37.4163635638303,126.884877197434
202109,1호선,광운대,156919,150843,307762,37.6230335564713,127.06176348127
202109,1호선,구로,360453,367079,727532,37.5024345090279,126.881491595821
202109,1호선,구일,119183,121213,240396,37.4963911827294,126.869920428658
202109,1호선,군포,146099,145008,291107,37.354076121748,126.948484962089
202109,1호선,금정,499710,509541,1009251,37.3722878708479,126.943387264162
202109,1호선,금천구청,228369,227831,456200,37.455609978438,126.894514076077
202109,1호선,남영,173647,181692,355339,37.5405646005342,126.971332437837
202109,1호선,노량진,163896,164207,328103,37.5135735646312,126.940826454376
202109,1호선,녹양,89619,86054,175673,37.7593972381027,127.042273911226
202109,1호선,녹천,93021,78674,171695,37.6456959058103,127.050919992127
202109,1호선,당정,115140,110576,225716,37.3444543328447,126.948347418727
202109,1호선,대방,242577,249178,491755,37.5128688879851,126.925248506022
202109,1호선,덕계,59036,53604,112640,37.8187729615258,127.056653419502
202109,1호선,덕정,110084,106997,217081,37.844283985167,127.061969695022
202109,1호선,도봉,120634,116539,237173,37.6803629061562,127.045764016316
202109,1호선,도봉산,153659,100118,253777,37.6891205614059,127.046528790935
202109,1호선,도원,64055,65373,129428,37.468791983109,126.642404388038
202109,1호선,도화,82574,76066,158640,37.4661106428252,126.668375888234
202109,1호선,독산,334343,350115,684458,37.4659873169402,126.889514168718
202109,1호선,동대문,218555,206020,424575,37.5717775660734,127.011167102297
202109,1호선,동두천,41644,47505,89149,37.9278370541411,127.054940223638
202109,1호선,동두천중앙,64735,62788,127523,37.9018057802045,127.056238895955
202109,1호선,동묘앞,160657,168905,329562,37.5733722075697,127.01675118037
202109,1호선,동암,291782,294618,586400,37.4710056673671,126.702935214739
202109,1호선,동인천,269917,256595,526512,37.4759574845683,126.631750522383
202109,1호선,두정,105963,105292,211255,36.8329346310528,127.149020699344
202109,1호선,망월사,144479,147206,291685,37.725963479768,127.046509519875
202109,1호선,명학,172647,170539,343186,37.3852171904558,126.935265701361
202109,1호선,방학,191108,187100,378208,37.6663490420969,127.044424667701
202109,1호선,배방,20708,19885,40593,36.7775631745193,127.052904723378
202109,1호선,백운,139038,137397,276435,37.4832252226726,126.70727338322
202109,1호선,병점,271325,271168,542493,37.2068017946815,127.033243427141
202109,1호선,보산,32756,29971,62727,37.9143185033452,127.057237110508
202109,1호선,봉명,23681,22778,46459,36.8012573235829,127.135835679685
202109,1호선,부개,167656,157654,325310,37.4883181353962,126.740251327956
202109,1호선,부천,630478,633760,1264238,37.4840369248427,126.782649695027
202109,1호선,부평,569409,606746,1176155,37.4904472744166,126.723486369222
202109,1호선,서동탄,28119,24558,52677,37.1959264123992,127.052133990784
202109,1호선,서빙고,36764,33217,69981,37.5199555398566,126.990048630943
202109,1호선,서울,877573,773773,1651346,37.549118478341,126.970484281315
202109,1호선,서정리,130842,124819,255661,37.0570033704623,127.053006355073
202109,1호선,석계,158384,178567,336951,37.6150480846952,127.066118430844
202109,1호선,석수,190756,169158,359914,37.4343424740399,126.902529209911
202109,1호선,성균관대,261810,262279,524089,37.3001863040678,126.972261050259
202109,1호선,성환,80035,80032,160067,36.9167500567322,127.126732155397
202109,1호선,세류,60328,55087,115415,37.2442506519983,127.014111849323
202109,1호선,세마,52408,49406,101814,37.1869917898194,127.043062518202
202109,1호선,소사,170752,167089,337841,37.4824529147477,126.796018552602
202109,1호선,소요산,60152,51064,111216,37.947953996357,127.061213156402
202109,1호선,송내,508349,509407,1017756,37.4876747409104,126.752771844443
202109,1호선,송탄,84461,80167,164628,37.0752833781957,127.054299835138
202109,1호선,수원,651400,685140,1336540,37.2656768667795,127.000096053009
202109,1호선,시청,390403,391043,781446,37.5654385176408,126.976983237511
202109,1호선,신길,176784,149008,325792,37.5176677017212,126.914336937521
202109,1호선,신도림,78948,79445,158393,37.5087701449787,126.891080501385
202109,1호선,신설동,268128,263896,532024,37.5762451837487,127.023278761358
202109,1호선,신이문,165181,153767,318948,37.604278644666,127.069577322142
202109,1호선,신창,48325,44261,92586,36.7694848050308,126.949921514343
202109,1호선,쌍용,39483,36808,76291,36.793655090373,127.121594290099
202109,1호선,아산,60306,55162,115468,36.7920474174232,127.104115243093
202109,1호선,안양,427154,425970,853124,37.4014349994721,126.92300270344
202109,1호선,양주,156785,149014,305799,37.7736548042753,127.044790945301
202109,1호선,역곡,517659,515274,1032933,37.4852888314378,126.811871466794
202109,1호선,영등포,690994,709633,1400627,37.5156680341198,126.907665995469
202109,1호선,오류동,235808,221744,457552,37.494359185399,126.844600701673
202109,1호선,오산,189261,188769,378030,37.1458951784684,127.066844907861
202109,1호선,오산대,65815,61313,127128,37.1693006160923,127.063064763281
202109,1호선,옥수,962,651,1613,37.5409877747326,127.018965435917
202109,1호선,온수,132700,127072,259772,37.4921502838112,126.823380714316
202109,1호선,온양온천,71310,73072,144382,36.7804682813951,127.003451110541
202109,1호선,왕십리,256127,299304,555431,37.5612217415191,127.036655378283
202109,1호선,외대앞,136534,137258,273792,37.5954136758127,127.063058800869
202109,1호선,용산,617535,621350,1238885,37.5297718014452,126.964741503485
202109,1호선,월계,130259,123927,254186,37.6321089404669,127.058729394991
202109,1호선,응봉,36305,30837,67142,37.5504482266748,127.034927944532
202109,1호선,의왕,169920,169112,339032,37.3211117738404,126.948383028902
202109,1호선,의정부,351460,362268,713728,37.7379901517646,127.045879450143
202109,1호선,이촌,73487,56665,130152,37.522520254623,126.973683151228
202109,1호선,인천,74328,58028,132356,37.4765938446837,126.617089760956
202109,1호선,제기동,340335,350980,691315,37.5781967284885,127.034690599752
202109,1호선,제물포,203297,196386,399683,37.466803102521,126.656869633392
202109,1호선,종각,601534,586549,1188083,37.5702140381269,126.983239678933
202109,1호선,종로3가,473384,432375,905759,37.5704266025836,126.99202930223
202109,1호선,종로5가,421995,417943,839938,37.5709075371016,127.001916647342
202109,1호선,주안,358235,327535,685770,37.464767076602,126.679517004054
202109,1호선,중동,180811,171396,352207,37.4866184306426,126.764292213307
202109,1호선,지행,128126,127769,255895,37.8918774567748,127.055664161171
202109,1호선,직산,15008,14619,29627,36.8713897700414,127.143691456107
202109,1호선,진위,31102,27307,58409,37.1099375555493,127.062366903315
202109,1호선,창동,5,0,5,37.6532174818989,127.047714954434
202109,1호선,천안,111434,112312,223746,36.8123208138282,127.146822493854
202109,1호선,청량리,676858,692007,1368865,37.5802331563072,127.045085886324
202109,1호선,평택,236942,233464,470406,36.9918974768998,127.083288658126
202109,1호선,평택지제,60888,58335,119223,,
202109,1호선,한남,81450,76334,157784,37.5291881521046,127.008249820572
202109,1호선,화서,144312,139832,284144,37.2848936747156,126.989199634131
202109,1호선,회룡,246025,244134,490159,37.7244219058017,127.047218627472
202110,1호선,가능,136771,131155,267926,37.7483685951812,127.044220735748
202110,1호선,가산디지털단지,355470,419211,774681,37.4815957375443,126.882559483336
202110,1호선,간석,119569,114124,233693,37.4646879052409,126.693451172704
202110,1호선,개봉,433650,436155,869805,37.4945222528654,126.859102583368
202110,1호선,관악,145394,135323,280717,37.4188017578979,126.909121118476
202110,1호선,광명,66948,58307,125255,37.4163635638303,126.884877197434
202110,1호선,광운대,166666,160389,327055,37.6230335564713,127.06176348127
202110,1호선,구로,373811,380343,754154,37.5024345090279,126.881491595821
202110,1호선,구일,129886,131289,261175,37.4963911827294,126.869920428658
202110,1호선,군포,153518,152735,306253,37.354076121748,126.948484962089
202110,1호선,금정,527431,538201,1065632,37.3722878708479,126.943387264162
202110,1호선,금천구청,240186,239390,479576,37.455609978438,126.894514076077
202110,1호선,남영,183291,191733,375024,37.5405646005342,126.971332437837
202110,1호선,노량진,169538,171492,341030,37.5135735646312,126.940826454376
202110,1호선,녹양,93610,88961,182571,37.7593972381027,127.042273911226
202110,1호선,녹천,94610,79739,174349,37.6456959058103,127.050919992127
202110,1호선,당정,124201,118798,242999,37.3444543328447,126.948347418727
202110,1호선,대방,254791,261570,516361,37.5128688879851,126.925248506022
202110,1호선,덕계,63162,57107,120269,37.8187729615258,127.056653419502
202110,1호선,덕정,119562,115612,235174,37.844283985167,127.061969695022
202110,1호선,도봉,124651,120728,245379,37.6803629061562,127.045764016316
202110,1호선,도봉산,162685,106999,269684,37.6891205614059,127.046528790935
202110,1호선,도원,65480,66362,131842,37.468791983109,126.642404388038
202110,1호선,도화,85427,78730,164157,37.4661106428252,126.668375888234
202110,1호선,독산,357773,374139,731912,37.4659873169402,126.889514168718
202110,1호선,동대문,221336,209338,430674,37.5717775660734,127.011167102297
202110,1호선,동두천,43564,50122,93686,37.9278370541411,127.054940223638
202110,1호선,동두천중앙,65305,63293,128598,37.9018057802045,127.056238895955
202110,1호선,동묘앞,163562,171218,334780,37.5733722075697,127.01675118037
202110,1호선,동암,299556,303357,602913,37.4710056673671,126.702935214739
202110,1호선,동인천,280539,266505,547044,37.4759574845683,126.631750522383
202110,1호선,두정,115427,115506,230933,36.8329346310528,127.149020699344
202110,1호선,망월사,149871,152515,302386,37.725963479768,127.046509519875
202110,1호선,명학,183392,181467,364859,37.3852171904558,126.935265701361
202110,1호선,방학,196530,191471,388001,37.6663490420969,127.044424667701
202110,1호선,배방,21953,21300,43253,36.7775631745193,127.052904723378
202110,1호선,백운,144996,142419,287415,37.4832252226726,126.70727338322
202110,1호선,병점,289945,291420,581365,37.2068017946815,127.033243427141
202110,1호선,보산,32931,29435,62366,37.9143185033452,127.057237110508
202110,1호선,봉명,25112,24021,49133,36.8012573235829,127.135835679685
202110,1호선,부개,174629,163216,337845,37.4883181353962,126.740251327956
202110,1호선,부천,651050,654613,1305663,37.4840369248427,126.782649695027
202110,1호선,부평,579378,621076,1200454,37.4904472744166,126.723486369222
202110,1호선,서동탄,29742,26438,56180,37.1959264123992,127.052133990784
202110,1호선,서빙고,39381,37219,76600,37.5199555398566,126.990048630943
202110,1호선,서울,961892,844954,1806846,37.549118478341,126.970484281315
202110,1호선,서정리,144367,132658,277025,37.0570033704623,127.053006355073
202110,1호선,석계,165033,186501,351534,37.6150480846952,127.066118430844
202110,1호선,석수,199437,177760,377197,37.4343424740399,126.902529209911
202110,1호선,성균관대,283495,281130,564625,37.3001863040678,126.972261050259
202110,1호선,성환,82640,81853,164493,36.9167500567322,127.126732155397
202110,1호선,세류,62191,56772,118963,37.2442506519983,127.014111849323
202110,1호선,세마,56164,53052,109216,37.1869917898194,127.043062518202
202110,1호선,소사,178605,175033,353638,37.4824529147477,126.796018552602
202110,1호선,소요산,63728,54910,118638,37.947953996357,127.061213156402
202110,1호선,송내,536533,540453,1076986,37.4876747409104,126.752771844443
202110,1호선,송탄,88396,83676,172072,37.0752833781957,127.054299835138
202110,1호선,수원,690548,727352,1417900,37.2656768667795,127.000096053009
202110,1호선,시청,414272,420269,834541,37.5654385176408,126.976983237511
202110,1호선,신길,185267,157059,342326,37.5176677017212,126.914336937521
202110,1호선,신도림,83577,85064,168641,37.5087701449787,126.891080501385
202110,1호선,신설동,275427,270163,545590,37.5762451837487,127.023278761358
202110,1호선,신이문,169638,157290,326928,37.604278644666,127.069577322142
202110,1호선,신창,49024,44301,93325,36.7694848050308,126.949921514343
202110,1호선,쌍용,47188,43750,90938,36.793655090373,127.121594290099
202110,1호선,아산,67951,61560,129511,36.7920474174232,127.104115243093
202110,1호선,안양,470195,469263,939458,37.4014349994721,126.92300270344
202110,1호선,양주,163609,154966,318575,37.7736548042753,127.044790945301
202110,1호선,역곡,545518,541687,1087205,37.4852888314378,126.811871466794
202110,1호선,영등포,725284,743669,1468953,37.5156680341198,126.907665995469
202110,1호선,오류동,243040,227531,470571,37.494359185399,126.844600701673
202110,1호선,오산,199878,198070,397948,37.1458951784684,127.066844907861
202110,1호선,오산대,74768,70077,144845,37.1693006160923,127.063064763281
202110,1호선,옥수,1122,766,1888,37.5409877747326,127.018965435917
202110,1호선,온수,141476,136033,277509,37.4921502838112,126.823380714316
202110,1호선,온양온천,76708,78732,155440,36.7804682813951,127.003451110541
202110,1호선,왕십리,270695,307309,578004,37.5612217415191,127.036655378283
202110,1호선,외대앞,140901,140720,281621,37.5954136758127,127.063058800869
202110,1호선,용산,654228,659607,1313835,37.5297718014452,126.964741503485
202110,1호선,월계,140849,132281,273130,37.6321089404669,127.058729394991
202110,1호선,응봉,37447,31917,69364,37.5504482266748,127.034927944532
202110,1호선,의왕,183881,183040,366921,37.3211117738404,126.948383028902
202110,1호선,의정부,361041,370310,731351,37.7379901517646,127.045879450143
202110,1호선,이촌,74923,58278,133201,37.522520254623,126.973683151228
202110,1호선,인천,76083,58321,134404,37.4765938446837,126.617089760956
202110,1호선,제기동,347874,355807,703681,37.5781967284885,127.034690599752
202110,1호선,제물포,216124,208719,424843,37.466803102521,126.656869633392
202110,1호선,종각,650602,635308,1285910,37.5702140381269,126.983239678933
202110,1호선,종로3가,510564,467105,977669,37.5704266025836,126.99202930223
202110,1호선,종로5가,449620,445937,895557,37.5709075371016,127.001916647342
202110,1호선,주안,376637,342368,719005,37.464767076602,126.679517004054
202110,1호선,중동,189704,178695,368399,37.4866184306426,126.764292213307
202110,1호선,지행,130766,130326,261092,37.8918774567748,127.055664161171
202110,1호선,직산,15582,15660,31242,36.8713897700414,127.143691456107
202110,1호선,진위,33192,28935,62127,37.1099375555493,127.062366903315
202110,1호선,창동,4,0,4,37.6532174818989,127.047714954434
202110,1호선,천안,113075,114975,228050,36.8123208138282,127.146822493854
202110,1호선,청량리,701339,716419,1417758,37.5802331563072,127.045085886324
202110,1호선,평택,243043,237917,480960,36.9918974768998,127.083288658126
202110,1호선,평택지제,66877,64386,131263,,
202110,1호선,한남,84202,78768,162970,37.5291881521046,127.008249820572
202110,1호선,화서,156132,151185,307317,37.2848936747156,126.989199634131
202110,1호선,회룡,255389,252000,507389,37.7244219058017,127.047218627472
202111,1호선,가능,147325,140753,288078,37.7483685951812,127.044220735748
202111,1호선,가산디지털단지,412727,478000,890727,37.4815957375443,126.882559483336
202111,1호선,간석,130634,124173,254807,37.4646879052409,126.693451172704
202111,1호선,개봉,481324,476431,957755,37.4945222528654,126.859102583368
202111,1호선,관악,163046,149229,312275,37.4188017578979,126.909121118476
202111,1호선,광명,76977,65876,142853,37.4163635638303,126.884877197434
202111,1호선,광운대,186303,179971,366274,37.6230335564713,127.06176348127
202111,1호선,구로,418536,431759,850295,37.5024345090279,126.881491595821
202111,1호선,구일,162225,166358,328583,37.4963911827294,126.869920428658
202111,1호선,군포,173676,172401,346077,37.354076121748,126.948484962089
202111,1호선,금정,594909,605558,1200467,37.3722878708479,126.943387264162
202111,1호선,금천구청,266963,263361,530324,37.455609978438,126.894514076077
202111,1호선,남영,207415,216803,424218,37.5405646005342,126.971332437837
202111,1호선,노량진,188802,194254,383056,37.5135735646312,126.940826454376
202111,1호선,녹양,102055,95849,197904,37.7593972381027,127.042273911226
202111,1호선,녹천,104386,87744,192130,37.6456959058103,127.050919992127
202111,1호선,당정,140856,133462,274318,37.3444543328447,126.948347418727
202111,1호선,대방,290960,297542,588502,37.5128688879851,126.925248506022
202111,1호선,덕계,70267,62537,132804,37.8187729615258,127.056653419502
202111,1호선,덕정,131406,126292,257698,37.844283985167,127.061969695022
202111,1호선,도봉,135839,130093,265932,37.6803629061562,127.045764016316
202111,1호선,도봉산,170359,109507,279866,37.6891205614059,127.046528790935
202111,1호선,도원,65841,67347,133188,37.468791983109,126.642404388038
202111,1호선,도화,92343,85229,177572,37.4661106428252,126.668375888234
202111,1호선,독산,415552,431485,847037,37.4659873169402,126.889514168718
202111,1호선,동대문,238250,224524,462774,37.5717775660734,127.011167102297
202111,1호선,동두천,47163,52623,99786,37.9278370541411,127.054940223638
202111,1호선,동두천중앙,69808,67878,137686,37.9018057802045,127.056238895955
202111,1호선,동묘앞,163790,171618,335408,37.5733722075697,127.01675118037
202111,1호선,동암,326930,328192,655122,37.4710056673671,126.702935214739
202111,1호선,동인천,304152,287270,591422,37.4759574845683,126.631750522383
202111,1호선,두정,124889,125886,250775,36.8329346310528,127.149020699344
202111,1호선,망월사,174493,175880,350373,37.725963479768,127.046509519875
202111,1호선,명학,211358,208132,419490,37.3852171904558,126.935265701361
202111,1호선,방학,212687,206416,419103,37.6663490420969,127.044424667701
202111,1호선,배방,24015,23046,47061,36.7775631745193,127.052904723378
202111,1호선,백운,158217,154008,312225,37.4832252226726,126.70727338322
202111,1호선,병점,326361,324028,650389,37.2068017946815,127.033243427141
202111,1호선,보산,35556,30580,66136,37.9143185033452,127.057237110508
202111,1호선,봉명,27267,26105,53372,36.8012573235829,127.135835679685
202111,1호선,부개,191271,177245,368516,37.4883181353962,126.740251327956
202111,1호선,부천,712106,716203,1428309,37.4840369248427,126.782649695027
202111,1호선,부평,631519,684457,1315976,37.4904472744166,126.723486369222
202111,1호선,서동탄,33212,29106,62318,37.1959264123992,127.052133990784
202111,1호선,서빙고,46321,45119,91440,37.5199555398566,126.990048630943
202111,1호선,서울,1132795,997216,2130011,37.549118478341,126.970484281315
202111,1호선,서정리,161020,145416,306436,37.0570033704623,127.053006355073
202111,1호선,석계,179953,205304,385257,37.6150480846952,127.066118430844
202111,1호선,석수,221290,195831,417121,37.4343424740399,126.902529209911
202111,1호선,성균관대,330527,324588,655115,37.3001863040678,126.972261050259
202111,1호선,성환,101002,100243,201245,36.9167500567322,127.126732155397
202111,1호선,세류,67996,61358,129354,37.2442506519983,127.014111849323
202111,1호선,세마,62081,57686,119767,37.1869917898194,127.043062518202
202111,1호선,소사,195357,190173,385530,37.4824529147477,126.796018552602
202111,1호선,소요산,63106,54575,117681,37.947953996357,127.061213156402
202111,1호선,송내,605027,602475,1207502,37.4876747409104,126.752771844443
202111,1호선,송탄,96621,90562,187183,37.0752833781957,127.054299835138
202111,1호선,수원,761999,816581,1578580,37.2656768667795,127.000096053009
202111,1호선,시청,502100,510423,1012523,37.5654385176408,126.976983237511
202111,1호선,신길,204488,173513,378001,37.5176677017212,126.914336937521
202111,1호선,신도림,91132,93009,184141,37.5087701449787,126.891080501385
202111,1호선,신설동,307007,299125,606132,37.5762451837487,127.023278761358
202111,1호선,신이문,188591,172653,361244,37.604278644666,127.069577322142
202111,1호선,신창,51929,48084,100013,36.7694848050308,126.949921514343
202111,1호선,쌍용,56133,52311,108444,36.793655090373,127.121594290099
202111,1호선,아산,78536,69802,148338,36.7920474174232,127.104115243093
202111,1호선,안양,539424,536863,1076287,37.4014349994721,126.92300270344
202111,1호선,양주,175756,162729,338485,37.7736548042753,127.044790945301
202111,1호선,역곡,624882,610984,1235866,37.4852888314378,126.811871466794
202111,1호선,영등포,808244,842713,1650957,37.5156680341198,126.907665995469
202111,1호선,오류동,267136,247420,514556,37.494359185399,126.844600701673
202111,1호선,오산,223051,220117,443168,37.1458951784684,127.066844907861
202111,1호선,오산대,84712,77525,162237,37.1693006160923,127.063064763281
202111,1호선,옥수,1160,816,1976,37.5409877747326,127.018965435917
202111,1호선,온수,152839,145849,298688,37.4921502838112,126.823380714316
202111,1호선,온양온천,82629,85363,167992,36.7804682813951,127.003451110541
202111,1호선,왕십리,306993,349484,656477,37.5612217415191,127.036655378283
202111,1호선,외대앞,186236,185588,371824,37.5954136758127,127.063058800869
202111,1호선,용산,747193,764115,1511308,37.5297718014452,126.964741503485
202111,1호선,월계,157334,146297,303631,37.6321089404669,127.058729394991
202111,1호선,응봉,42031,35448,77479,37.5504482266748,127.034927944532
202111,1호선,의왕,207231,205751,412982,37.3211117738404,126.948383028902
202111,1호선,의정부,395222,408707,803929,37.7379901517646,127.045879450143
202111,1호선,이촌,81593,62962,144555,37.522520254623,126.973683151228
202111,1호선,인천,76138,57440,133578,37.4765938446837,126.617089760956
202111,1호선,제기동,369187,375200,744387,37.5781967284885,127.034690599752
202111,1호선,제물포,240331,228188,468519,37.466803102521,126.656869633392
202111,1호선,종각,780371,769671,1550042,37.5702140381269,126.983239678933
202111,1호선,종로3가,548553,505883,1054436,37.5704266025836,126.99202930223
202111,1호선,종로5가,481115,479004,960119,37.5709075371016,127.001916647342
202111,1호선,주안,419340,378603,797943,37.464767076602,126.679517004054
202111,1호선,중동,210083,196611,406694,37.4866184306426,126.764292213307
202111,1호선,지행,145467,143931,289398,37.8918774567748,127.055664161171
202111,1호선,직산,17331,16777,34108,36.8713897700414,127.143691456107
202111,1호선,진위,36748,31942,68690,37.1099375555493,127.062366903315
202111,1호선,창동,5,0,5,37.6532174818989,127.047714954434
202111,1호선,천안,121948,125480,247428,36.8123208138282,127.146822493854
202111,1호선,청량리,756570,771292,1527862,37.5802331563072,127.045085886324
202111,1호선,탕정,7913,7116,15029,36.7877232410844,127.084447967937
202111,1호선,평택,266923,262150,529073,36.9918974768998,127.083288658126
202111,1호선,평택지제,74735,71574,146309,,
202111,1호선,한남,91895,87291,179186,37.5291881521046,127.008249820572
202111,1호선,화서,179376,170924,350300,37.2848936747156,126.989199634131
202111,1호선,회룡,278243,272677,550920,37.7244219058017,127.047218627472
202112,1호선,가능,147886,142573,290459,37.7483685951812,127.044220735748
202112,1호선,가산디지털단지,407102,472090,879192,37.4815957375443,126.882559483336
202112,1호선,간석,131315,125116,256431,37.4646879052409,126.693451172704
202112,1호선,개봉,476469,476187,952656,37.4945222528654,126.859102583368
202112,1호선,관악,161066,148545,309611,37.4188017578979,126.909121118476
202112,1호선,광명,73879,65326,139205,37.4163635638303,126.884877197434
202112,1호선,광운대,179328,173204,352532,37.6230335564713,127.06176348127
202112,1호선,구로,419769,428508,848277,37.5024345090279,126.881491595821
202112,1호선,구일,146887,147828,294715,37.4963911827294,126.869920428658
202112,1호선,군포,174727,173949,348676,37.354076121748,126.948484962089
202112,1호선,금정,593199,604169,1197368,37.3722878708479,126.943387264162
202112,1호선,금천구청,267215,264596,531811,37.455609978438,126.894514076077
202112,1호선,남영,206156,214878,421034,37.5405646005342,126.971332437837
202112,1호선,노량진,181617,185517,367134,37.5135735646312,126.940826454376
202112,1호선,녹양,101175,95422,196597,37.7593972381027,127.042273911226
202112,1호선,녹천,103585,87324,190909,37.6456959058103,127.050919992127
202112,1호선,당정,137845,130977,268822,37.3444543328447,126.948347418727
202112,1호선,대방,287446,295655,583101,37.5128688879851,126.925248506022
202112,1호선,덕계,68526,60750,129276,37.8187729615258,127.056653419502
202112,1호선,덕정,127344,122983,250327,37.844283985167,127.061969695022
202112,1호선,도봉,133586,129902,263488,37.6803629061562,127.045764016316
202112,1호선,도봉산,156877,101433,258310,37.6891205614059,127.046528790935
202112,1호선,도원,66635,66969,133604,37.468791983109,126.642404388038
202112,1호선,도화,93678,86946,180624,37.4661106428252,126.668375888234
202112,1호선,독산,419182,435835,855017,37.4659873169402,126.889514168718
202112,1호선,동대문,240044,222959,463003,37.5717775660734,127.011167102297
202112,1호선,동두천,47152,51583,98735,37.9278370541411,127.054940223638
202112,1호선,동두천중앙,69368,67603,136971,37.9018057802045,127.056238895955
202112,1호선,동묘앞,161704,168050,329754,37.5733722075697,127.01675118037
202112,1호선,동암,327165,330528,657693,37.4710056673671,126.702935214739
202112,1호선,동인천,304347,288721,593068,37.4759574845683,126.631750522383
202112,1호선,두정,117153,116477,233630,36.8329346310528,127.149020699344
202112,1호선,망월사,168516,172094,340610,37.725963479768,127.046509519875
202112,1호선,명학,204431,201437,405868,37.3852171904558,126.935265701361
202112,1호선,방학,213743,209226,422969,37.6663490420969,127.044424667701
202112,1호선,배방,22211,21184,43395,36.7775631745193,127.052904723378
202112,1호선,백운,154741,152446,307187,37.4832252226726,126.70727338322
202112,1호선,병점,320986,318295,639281,37.2068017946815,127.033243427141
202112,1호선,보산,35496,31705,67201,37.9143185033452,127.057237110508
202112,1호선,봉명,26256,25070,51326,36.8012573235829,127.135835679685
202112,1호선,부개,191304,179093,370397,37.4883181353962,126.740251327956
202112,1호선,부천,715321,720001,1435322,37.4840369248427,126.782649695027
202112,1호선,부평,640355,689383,1329738,37.4904472744166,126.723486369222
202112,1호선,서동탄,32006,27956,59962,37.1959264123992,127.052133990784
202112,1호선,서빙고,44515,41811,86326,37.5199555398566,126.990048630943
202112,1호선,서울,1097119,980310,2077429,37.549118478341,126.970484281315
202112,1호선,서정리,158988,143588,302576,37.0570033704623,127.053006355073
202112,1호선,석계,177792,202617,380409,37.6150480846952,127.066118430844
202112,1호선,석수,218646,193251,411897,37.4343424740399,126.902529209911
202112,1호선,성균관대,317394,311355,628749,37.3001863040678,126.972261050259
202112,1호선,성환,83832,82150,165982,36.9167500567322,127.126732155397
202112,1호선,세류,67214,61116,128330,37.2442506519983,127.014111849323
202112,1호선,세마,62630,58552,121182,37.1869917898194,127.043062518202
202112,1호선,소사,192421,172125,364546,37.4824529147477,126.796018552602
202112,1호선,소요산,50514,42745,93259,37.947953996357,127.061213156402
202112,1호선,송내,595845,594482,1190327,37.4876747409104,126.752771844443
202112,1호선,송탄,96875,92010,188885,37.0752833781957,127.054299835138
202112,1호선,수원,752961,803635,1556596,37.2656768667795,127.000096053009
202112,1호선,시청,495374,497918,993292,37.5654385176408,126.976983237511
202112,1호선,신길,201605,171062,372667,37.5176677017212,126.914336937521
202112,1호선,신도림,91080,90281,181361,37.5087701449787,126.891080501385
202112,1호선,신설동,303454,295712,599166,37.5762451837487,127.023278761358
202112,1호선,신이문,188932,175113,364045,37.604278644666,127.069577322142
202112,1호선,신창,35989,33085,69074,36.7694848050308,126.949921514343
202112,1호선,쌍용,47748,43974,91722,36.793655090373,127.121594290099
202112,1호선,아산,68328,63799,132127,36.7920474174232,127.104115243093
202112,1호선,안양,509570,507845,1017415,37.4014349994721,126.92300270344
202112,1호선,양주,169917,159189,329106,37.7736548042753,127.044790945301
202112,1호선,역곡,605826,597024,1202850,37.4852888314378,126.811871466794
202112,1호선,영등포,835002,865494,1700496,37.5156680341198,126.907665995469
202112,1호선,오류동,267272,250148,517420,37.494359185399,126.844600701673
202112,1호선,오산,217584,214384,431968,37.1458951784684,127.066844907861
202112,1호선,오산대,77357,71041,148398,37.1693006160923,127.063064763281
202112,1호선,옥수,1165,758,1923,37.5409877747326,127.018965435917
202112,1호선,온수,150348,143404,293752,37.4921502838112,126.823380714316
202112,1호선,온양온천,75119,77840,152959,36.7804682813951,127.003451110541
202112,1호선,왕십리,315267,351706,666973,37.5612217415191,127.036655378283
202112,1호선,외대앞,164993,163572,328565,37.5954136758127,127.063058800869
202112,1호선,용산,759285,780590,1539875,37.5297718014452,126.964741503485
202112,1호선,월계,153195,144160,297355,37.6321089404669,127.058729394991
202112,1호선,응봉,41329,34870,76199,37.5504482266748,127.034927944532
202112,1호선,의왕,205600,204660,410260,37.3211117738404,126.948383028902
202112,1호선,의정부,407333,419764,827097,37.7379901517646,127.045879450143
202112,1호선,이촌,81033,62874,143907,37.522520254623,126.973683151228
202112,1호선,인천,71327,53740,125067,37.4765938446837,126.617089760956
202112,1호선,제기동,364647,369148,733795,37.5781967284885,127.034690599752
202112,1호선,제물포,239763,227753,467516,37.466803102521,126.656869633392
202112,1호선,종각,758101,744721,1502822,37.5702140381269,126.983239678933
202112,1호선,종로3가,537795,498296,1036091,37.5704266025836,126.99202930223
202112,1호선,종로5가,488767,484778,973545,37.5709075371016,127.001916647342
202112,1호선,주안,417260,376317,793577,37.464767076602,126.679517004054
202112,1호선,중동,209235,197723,406958,37.4866184306426,126.764292213307
202112,1호선,지행,146168,145299,291467,37.8918774567748,127.055664161171
202112,1호선,직산,17338,16470,33808,36.8713897700414,127.143691456107
202112,1호선,진위,37556,32239,69795,37.1099375555493,127.062366903315
202112,1호선,창동,5,0,5,37.6532174818989,127.047714954434
202112,1호선,천안,109819,113935,223754,36.8123208138282,127.146822493854
202112,1호선,청량리,761424,775902,1537326,37.5802331563072,127.045085886324
202112,1호선,탕정,8274,7294,15568,36.7877232410844,127.084447967937
202112,1호선,평택,260326,255793,516119,36.9918974768998,127.083288658126
202112,1호선,평택지제,77568,73470,151038,,
202112,1호선,한남,92102,87960,180062,37.5291881521046,127.008249820572
202112,1호선,화서,175739,169100,344839,37.2848936747156,126.989199634131
202112,1호선,회룡,273824,270448,544272,37.7244219058017,127.047218627472
202101,2호선,강남,1430221,1379140,2809361,37.4981646510326,127.028307900881
202101,2호선,강변,500307,493820,994127,37.5351692767888,127.094664569096
202101,2호선,건대입구,557862,594899,1152761,37.5404188872176,127.069173281554
202101,2호선,교대,612937,677646,1290583,37.4928178646055,127.013838469407
202101,2호선,구로디지털단지,1111277,1116902,2228179,37.4853149237865,126.901494378412
202101,2호선,구의,420005,419390,839395,37.5371535596228,127.086179228767
202101,2호선,낙성대,480002,470839,950841,37.4770651843603,126.963409959152
202101,2호선,당산,322763,371032,693795,37.534956866618,126.90273071003
202101,2호선,대림,439786,448205,887991,37.4933105886136,126.8949461878
202101,2호선,도림천,26278,27268,53546,37.5144420510515,126.882702584468
202101,2호선,동대문역사문화공원,191500,212543,404043,37.5655895229776,127.009131498424
202101,2호선,뚝섬,369822,395813,765635,37.5471882244091,127.047365178682
202101,2호선,문래,383422,388646,772068,37.5179214637526,126.894763060556
202101,2호선,방배,301132,312695,613827,37.4814364876589,126.997694899327
202101,2호선,봉천,430508,409200,839708,37.4825562153548,126.941495272047
202101,2호선,사당,611584,658728,1270312,37.4765228347619,126.981408909449
202101,2호선,삼성,881913,876317,1758230,37.5088619974404,127.063073009788
202101,2호선,상왕십리,246743,242496,489239,37.5644687111181,127.029031221392
202101,2호선,서울대입구,816482,802976,1619458,37.4811526631844,126.952645104944
202101,2호선,서초,382804,373643,756447,37.4918229990093,127.007580814715
202101,2호선,선릉,1026795,909891,1936686,37.5045028775835,127.048942471228
202101,2호선,성수,631845,680466,1312311,37.5445023983984,127.056090471223
202101,2호선,시청,426920,408203,835123,37.5654385176408,126.976983237511
202101,2호선,신답,27956,33094,61050,37.5699910562183,127.046820203556
202101,2호선,신당,240950,249429,490379,37.5656540317328,127.019540574485
202101,2호선,신대방,464051,456675,920726,37.4875759745635,126.913175585996
202101,2호선,신도림,845248,815916,1661164,37.5087701449787,126.891080501385
202101,2호선,신림,1120081,1100046,2220127,37.4841196518392,126.928712092948
202101,2호선,신설동,58652,58552,117204,37.5762451837487,127.023278761358
202101,2호선,신정네거리,174199,184636,358835,37.5197975266787,126.852991645059
202101,2호선,신촌,513804,528750,1042554,37.5554417865984,126.936119192554
202101,2호선,아현,175582,171878,347460,37.5573575723061,126.95603374504
202101,2호선,양천구청,117919,127845,245764,37.5126989358446,126.866065211751
202101,2호선,역삼,932771,993577,1926348,37.5007162693593,127.036618203089
202101,2호선,영등포구청,424220,427550,851770,37.5256996614804,126.896626898379
202101,2호선,왕십리,260438,217026,477464,37.5612217415191,127.036655378283
202101,2호선,용답,44639,44622,89261,37.5620049052662,127.050729309179
202101,2호선,용두,42497,44738,87235,37.5739380503267,127.038031119837
202101,2호선,을지로3가,376440,367177,743617,37.56626594615,126.990308356253
202101,2호선,을지로4가,240553,236049,476602,37.5666369941572,126.997852780281
202101,2호선,을지로입구,683120,686428,1369548,37.5660509513873,126.982372901787
202101,2호선,이대,191162,198333,389495,37.5567980142044,126.945758201019
202101,2호선,잠실,1076272,1067165,2143437,37.513859279255,127.101857941447
202101,2호선,잠실나루,254284,247014,501298,37.5206867318088,127.103811089444
202101,2호선,잠실새내,358114,355894,714008,37.5115672093323,127.086373867207
202101,2호선,종합운동장,111479,120532,232011,37.5109692748993,127.073356018706
202101,2호선,충정로,179629,185478,365107,37.5598377952439,126.964474043785
202101,2호선,한양대,115522,118916,234438,37.55557788354,127.043584493543
202101,2호선,합정,499794,515241,1015035,37.5501152068908,126.914638180431
202101,2호선,홍대입구,766439,790762,1557201,37.5577458058734,126.926498328277
202102,2호선,강남,1521569,1481260,3002829,37.4981646510326,127.028307900881
202102,2호선,강변,534799,538432,1073231,37.5351692767888,127.094664569096
202102,2호선,건대입구,573435,605589,1179024,37.5404188872176,127.069173281554
202102,2호선,교대,602150,671914,1274064,37.4928178646055,127.013838469407
202102,2호선,구로디지털단지,1092622,1094683,2187305,37.4853149237865,126.901494378412
202102,2호선,구의,418850,416231,835081,37.5371535596228,127.086179228767
202102,2호선,낙성대,478064,462526,940590,37.4770651843603,126.963409959152
202102,2호선,당산,322810,373009,695819,37.534956866618,126.90273071003
202102,2호선,대림,436659,446919,883578,37.4933105886136,126.8949461878
202102,2호선,도림천,25794,26414,52208,37.5144420510515,126.882702584468
202102,2호선,동대문역사문화공원,193396,214988,408384,37.5655895229776,127.009131498424
202102,2호선,뚝섬,376036,401514,777550,37.5471882244091,127.047365178682
202102,2호선,문래,379872,384147,764019,37.5179214637526,126.894763060556
202102,2호선,방배,294216,307989,602205,37.4814364876589,126.997694899327
202102,2호선,봉천,426577,398961,825538,37.4825562153548,126.941495272047
202102,2호선,사당,622179,681764,1303943,37.4765228347619,126.981408909449
202102,2호선,삼성,881587,885328,1766915,37.5088619974404,127.063073009788
202102,2호선,상왕십리,247104,240572,487676,37.5644687111181,127.029031221392
202102,2호선,서울대입구,831235,808854,1640089,37.4811526631844,126.952645104944
202102,2호선,서초,377844,368288,746132,37.4918229990093,127.007580814715
202102,2호선,선릉,994065,884450,1878515,37.5045028775835,127.048942471228
202102,2호선,성수,627760,679990,1307750,37.5445023983984,127.056090471223
202102,2호선,시청,420564,400876,821440,37.5654385176408,126.976983237511
202102,2호선,신답,27819,32516,60335,37.5699910562183,127.046820203556
202102,2호선,신당,243591,252461,496052,37.5656540317328,127.019540574485
202102,2호선,신대방,461224,449346,910570,37.4875759745635,126.913175585996
202102,2호선,신도림,856938,830458,1687396,37.5087701449787,126.891080501385
202102,2호선,신림,1115179,1084301,2199480,37.4841196518392,126.928712092948
202102,2호선,신설동,58946,59032,117978,37.5762451837487,127.023278761358
202102,2호선,신정네거리,178640,186477,365117,37.5197975266787,126.852991645059
202102,2호선,신촌,560761,573952,1134713,37.5554417865984,126.936119192554
202102,2호선,아현,175637,171043,346680,37.5573575723061,126.95603374504
202102,2호선,양천구청,119382,128476,247858,37.5126989358446,126.866065211751
202102,2호선,역삼,901269,974358,1875627,37.5007162693593,127.036618203089
202102,2호선,영등포구청,414721,418644,833365,37.5256996614804,126.896626898379
202102,2호선,왕십리,272509,228412,500921,37.5612217415191,127.036655378283
202102,2호선,용답,44811,44730,89541,37.5620049052662,127.050729309179
202102,2호선,용두,43057,44245,87302,37.5739380503267,127.038031119837
202102,2호선,을지로3가,372831,365115,737946,37.56626594615,126.990308356253
202102,2호선,을지로4가,231483,226756,458239,37.5666369941572,126.997852780281
202102,2호선,을지로입구,679716,684039,1363755,37.5660509513873,126.982372901787
202102,2호선,이대,202872,210382,413254,37.5567980142044,126.945758201019
202102,2호선,잠실,1142362,1134073,2276435,37.513859279255,127.101857941447
202102,2호선,잠실나루,251073,243902,494975,37.5206867318088,127.103811089444
202102,2호선,잠실새내,364857,365149,730006,37.5115672093323,127.086373867207
202102,2호선,종합운동장,114618,123254,237872,37.5109692748993,127.073356018706
202102,2호선,충정로,176624,183660,360284,37.5598377952439,126.964474043785
202102,2호선,한양대,115307,120223,235530,37.55557788354,127.043584493543
202102,2호선,합정,528515,546525,1075040,37.5501152068908,126.914638180431
202102,2호선,홍대입구,894836,926250,1821086,37.5577458058734,126.926498328277
202103,2호선,강남,1861081,1835558,3696639,37.4981646510326,127.028307900881
202103,2호선,강변,660815,642870,1303685,37.5351692767888,127.094664569096
202103,2호선,건대입구,738977,782234,1521211,37.5404188872176,127.069173281554
202103,2호선,교대,771020,869222,1640242,37.4928178646055,127.013838469407
202103,2호선,구로디지털단지,1395960,1401640,2797600,37.4853149237865,126.901494378412
202103,2호선,구의,521028,515526,1036554,37.5371535596228,127.086179228767
202103,2호선,낙성대,607992,589043,1197035,37.4770651843603,126.963409959152
202103,2호선,당산,427489,496413,923902,37.534956866618,126.90273071003
202103,2호선,대림,556023,568419,1124442,37.4933105886136,126.8949461878
202103,2호선,도림천,32459,33892,66351,37.5144420510515,126.882702584468
202103,2호선,동대문역사문화공원,259607,289157,548764,37.5655895229776,127.009131498424
202103,2호선,뚝섬,479125,516259,995384,37.5471882244091,127.047365178682
202103,2호선,문래,479350,488529,967879,37.5179214637526,126.894763060556
202103,2호선,방배,410340,427915,838255,37.4814364876589,126.997694899327
202103,2호선,봉천,544073,506738,1050811,37.4825562153548,126.941495272047
202103,2호선,사당,803286,878978,1682264,37.4765228347619,126.981408909449
202103,2호선,삼성,1126433,1145306,2271739,37.5088619974404,127.063073009788
202103,2호선,상왕십리,316313,307592,623905,37.5644687111181,127.029031221392
202103,2호선,서울대입구,1050429,1032099,2082528,37.4811526631844,126.952645104944
202103,2호선,서초,477236,469516,946752,37.4918229990093,127.007580814715
202103,2호선,선릉,1264866,1135319,2400185,37.5045028775835,127.048942471228
202103,2호선,성수,783329,854732,1638061,37.5445023983984,127.056090471223
202103,2호선,시청,525481,508868,1034349,37.5654385176408,126.976983237511
202103,2호선,신답,36131,41695,77826,37.5699910562183,127.046820203556
202103,2호선,신당,309122,320473,629595,37.5656540317328,127.019540574485
202103,2호선,신대방,585116,571804,1156920,37.4875759745635,126.913175585996
202103,2호선,신도림,1079535,1055709,2135244,37.5087701449787,126.891080501385
202103,2호선,신림,1392545,1355954,2748499,37.4841196518392,126.928712092948
202103,2호선,신설동,72499,72227,144726,37.5762451837487,127.023278761358
202103,2호선,신정네거리,232428,240780,473208,37.5197975266787,126.852991645059
202103,2호선,신촌,694912,714659,1409571,37.5554417865984,126.936119192554
202103,2호선,아현,235998,228322,464320,37.5573575723061,126.95603374504
202103,2호선,양천구청,152528,161817,314345,37.5126989358446,126.866065211751
202103,2호선,역삼,1131214,1250203,2381417,37.5007162693593,127.036618203089
202103,2호선,영등포구청,524894,532071,1056965,37.5256996614804,126.896626898379
202103,2호선,왕십리,355730,291000,646730,37.5612217415191,127.036655378283
202103,2호선,용답,60318,60597,120915,37.5620049052662,127.050729309179
202103,2호선,용두,52596,54913,107509,37.5739380503267,127.038031119837
202103,2호선,을지로3가,472382,464979,937361,37.56626594615,126.990308356253
202103,2호선,을지로4가,287490,285100,572590,37.5666369941572,126.997852780281
202103,2호선,을지로입구,847315,864090,1711405,37.5660509513873,126.982372901787
202103,2호선,이대,281483,293819,575302,37.5567980142044,126.945758201019
202103,2호선,잠실,1432576,1421609,2854185,37.513859279255,127.101857941447
202103,2호선,잠실나루,324300,315599,639899,37.5206867318088,127.103811089444
202103,2호선,잠실새내,455795,455952,911747,37.5115672093323,127.086373867207
202103,2호선,종합운동장,158370,171117,329487,37.5109692748993,127.073356018706
202103,2호선,충정로,226371,236816,463187,37.5598377952439,126.964474043785
202103,2호선,한양대,180046,194778,374824,37.55557788354,127.043584493543
202103,2호선,합정,658007,690663,1348670,37.5501152068908,126.914638180431
202103,2호선,홍대입구,1071560,1122433,2193993,37.5577458058734,126.926498328277
202104,2호선,강남,1809938,1780618,3590556,37.4981646510326,127.028307900881
202104,2호선,강변,646271,633477,1279748,37.5351692767888,127.094664569096
202104,2호선,건대입구,724861,768171,1493032,37.5404188872176,127.069173281554
202104,2호선,교대,754628,850771,1605399,37.4928178646055,127.013838469407
202104,2호선,구로디지털단지,1370496,1375316,2745812,37.4853149237865,126.901494378412
202104,2호선,구의,512797,506762,1019559,37.5371535596228,127.086179228767
202104,2호선,낙성대,595805,576068,1171873,37.4770651843603,126.963409959152
202104,2호선,당산,423033,494449,917482,37.534956866618,126.90273071003
202104,2호선,대림,546223,557635,1103858,37.4933105886136,126.8949461878
202104,2호선,도림천,31984,33291,65275,37.5144420510515,126.882702584468
202104,2호선,동대문역사문화공원,252789,281156,533945,37.5655895229776,127.009131498424
202104,2호선,뚝섬,491319,525858,1017177,37.5471882244091,127.047365178682
202104,2호선,문래,475891,486865,962756,37.5179214637526,126.894763060556
202104,2호선,방배,384368,401295,785663,37.4814364876589,126.997694899327
202104,2호선,봉천,535777,497171,1032948,37.4825562153548,126.941495272047
202104,2호선,사당,783229,858416,1641645,37.4765228347619,126.981408909449
202104,2호선,삼성,1096711,1114773,2211484,37.5088619974404,127.063073009788
202104,2호선,상왕십리,312121,302555,614676,37.5644687111181,127.029031221392
202104,2호선,서울대입구,1026470,1002931,2029401,37.4811526631844,126.952645104944
202104,2호선,서초,477673,465906,943579,37.4918229990093,127.007580814715
202104,2호선,선릉,1233043,1103518,2336561,37.5045028775835,127.048942471228
202104,2호선,성수,772142,845214,1617356,37.5445023983984,127.056090471223
202104,2호선,시청,513749,497477,1011226,37.5654385176408,126.976983237511
202104,2호선,신답,35079,40567,75646,37.5699910562183,127.046820203556
202104,2호선,신당,301782,312591,614373,37.5656540317328,127.019540574485
202104,2호선,신대방,581601,566952,1148553,37.4875759745635,126.913175585996
202104,2호선,신도림,1060452,1035765,2096217,37.5087701449787,126.891080501385
202104,2호선,신림,1364411,1322967,2687378,37.4841196518392,126.928712092948
202104,2호선,신설동,71339,70815,142154,37.5762451837487,127.023278761358
202104,2호선,신정네거리,231787,239792,471579,37.5197975266787,126.852991645059
202104,2호선,신촌,676198,700902,1377100,37.5554417865984,126.936119192554
202104,2호선,아현,233356,224480,457836,37.5573575723061,126.95603374504
202104,2호선,양천구청,150828,160068,310896,37.5126989358446,126.866065211751
202104,2호선,역삼,1121995,1232285,2354280,37.5007162693593,127.036618203089
202104,2호선,영등포구청,515231,522410,1037641,37.5256996614804,126.896626898379
202104,2호선,왕십리,349750,282058,631808,37.5612217415191,127.036655378283
202104,2호선,용답,59002,60138,119140,37.5620049052662,127.050729309179
202104,2호선,용두,51407,53263,104670,37.5739380503267,127.038031119837
202104,2호선,을지로3가,471039,465625,936664,37.56626594615,126.990308356253
202104,2호선,을지로4가,283522,282043,565565,37.5666369941572,126.997852780281
202104,2호선,을지로입구,830545,848462,1679007,37.5660509513873,126.982372901787
202104,2호선,이대,266041,275719,541760,37.5567980142044,126.945758201019
202104,2호선,잠실,1392755,1381694,2774449,37.513859279255,127.101857941447
202104,2호선,잠실나루,319829,312912,632741,37.5206867318088,127.103811089444
202104,2호선,잠실새내,449051,448433,897484,37.5115672093323,127.086373867207
202104,2호선,종합운동장,173648,187030,360678,37.5109692748993,127.073356018706
202104,2호선,충정로,222328,234398,456726,37.5598377952439,126.964474043785
202104,2호선,한양대,191635,206992,398627,37.55557788354,127.043584493543
202104,2호선,합정,647662,679882,1327544,37.5501152068908,126.914638180431
202104,2호선,홍대입구,1042603,1089967,2132570,37.5577458058734,126.926498328277
202105,2호선,강남,1675849,1649762,3325611,37.4981646510326,127.028307900881
202105,2호선,강변,611311,596940,1208251,37.5351692767888,127.094664569096
202105,2호선,건대입구,698773,743320,1442093,37.5404188872176,127.069173281554
202105,2호선,교대,677684,767424,1445108,37.4928178646055,127.013838469407
202105,2호선,구로디지털단지,1232248,1235787,2468035,37.4853149237865,126.901494378412
202105,2호선,구의,473482,466051,939533,37.5371535596228,127.086179228767
202105,2호선,낙성대,550913,531407,1082320,37.4770651843603,126.963409959152
202105,2호선,당산,388125,448934,837059,37.534956866618,126.90273071003
202105,2호선,대림,502052,512471,1014523,37.4933105886136,126.8949461878
202105,2호선,도림천,29031,29944,58975,37.5144420510515,126.882702584468
202105,2호선,동대문역사문화공원,236603,264248,500851,37.5655895229776,127.009131498424
202105,2호선,뚝섬,449718,481022,930740,37.5471882244091,127.047365178682
202105,2호선,문래,434654,445349,880003,37.5179214637526,126.894763060556
202105,2호선,방배,349432,367130,716562,37.4814364876589,126.997694899327
202105,2호선,봉천,491919,456129,948048,37.4825562153548,126.941495272047
202105,2호선,사당,725764,794031,1519795,37.4765228347619,126.981408909449
202105,2호선,삼성,1008635,1025149,2033784,37.5088619974404,127.063073009788
202105,2호선,상왕십리,288734,278582,567316,37.5644687111181,127.029031221392
202105,2호선,서울대입구,951485,932639,1884124,37.4811526631844,126.952645104944
202105,2호선,서초,427090,417399,844489,37.4918229990093,127.007580814715
202105,2호선,선릉,1108639,992779,2101418,37.5045028775835,127.048942471228
202105,2호선,성수,705481,777294,1482775,37.5445023983984,127.056090471223
202105,2호선,시청,449991,433579,883570,37.5654385176408,126.976983237511
202105,2호선,신답,32710,37558,70268,37.5699910562183,127.046820203556
202105,2호선,신당,281553,289985,571538,37.5656540317328,127.019540574485
202105,2호선,신대방,537383,520549,1057932,37.4875759745635,126.913175585996
202105,2호선,신도림,979368,957829,1937197,37.5087701449787,126.891080501385
202105,2호선,신림,1266990,1226326,2493316,37.4841196518392,126.928712092948
202105,2호선,신설동,65714,66008,131722,37.5762451837487,127.023278761358
202105,2호선,신정네거리,212622,219108,431730,37.5197975266787,126.852991645059
202105,2호선,신촌,647406,668685,1316091,37.5554417865984,126.936119192554
202105,2호선,아현,215288,206224,421512,37.5573575723061,126.95603374504
202105,2호선,양천구청,138833,146342,285175,37.5126989358446,126.866065211751
202105,2호선,역삼,1004813,1115527,2120340,37.5007162693593,127.036618203089
202105,2호선,영등포구청,466638,474401,941039,37.5256996614804,126.896626898379
202105,2호선,왕십리,325784,265935,591719,37.5612217415191,127.036655378283
202105,2호선,용답,55771,55509,111280,37.5620049052662,127.050729309179
202105,2호선,용두,47255,48172,95427,37.5739380503267,127.038031119837
202105,2호선,을지로3가,429987,427620,857607,37.56626594615,126.990308356253
202105,2호선,을지로4가,256793,255605,512398,37.5666369941572,126.997852780281
202105,2호선,을지로입구,741537,758117,1499654,37.5660509513873,126.982372901787
202105,2호선,이대,264448,275662,540110,37.5567980142044,126.945758201019
202105,2호선,잠실,1316810,1310964,2627774,37.513859279255,127.101857941447
202105,2호선,잠실나루,293113,285080,578193,37.5206867318088,127.103811089444
202105,2호선,잠실새내,421243,421642,842885,37.5115672093323,127.086373867207
202105,2호선,종합운동장,157787,171095,328882,37.5109692748993,127.073356018706
202105,2호선,충정로,201241,210546,411787,37.5598377952439,126.964474043785
202105,2호선,한양대,163333,174921,338254,37.55557788354,127.043584493543
202105,2호선,합정,613972,643567,1257539,37.5501152068908,126.914638180431
202105,2호선,홍대입구,1049100,1095613,2144713,37.5577458058734,126.926498328277
202106,2호선,강남,1843153,1810206,3653359,37.4981646510326,127.028307900881
202106,2호선,강변,655881,638831,1294712,37.5351692767888,127.094664569096
202106,2호선,건대입구,726080,781217,1507297,37.5404188872176,127.069173281554
202106,2호선,교대,758000,855694,1613694,37.4928178646055,127.013838469407
202106,2호선,구로디지털단지,1367842,1370185,2738027,37.4853149237865,126.901494378412
202106,2호선,구의,515029,507988,1023017,37.5371535596228,127.086179228767
202106,2호선,낙성대,599389,579570,1178959,37.4770651843603,126.963409959152
202106,2호선,당산,420876,489095,909971,37.534956866618,126.90273071003
202106,2호선,대림,538657,550304,1088961,37.4933105886136,126.8949461878
202106,2호선,도림천,32329,33264,65593,37.5144420510515,126.882702584468
202106,2호선,동대문역사문화공원,256387,284760,541147,37.5655895229776,127.009131498424
202106,2호선,뚝섬,490935,530281,1021216,37.5471882244091,127.047365178682
202106,2호선,문래,478602,491069,969671,37.5179214637526,126.894763060556
202106,2호선,방배,377567,396853,774420,37.4814364876589,126.997694899327
202106,2호선,봉천,535556,494531,1030087,37.4825562153548,126.941495272047
202106,2호선,사당,783275,853407,1636682,37.4765228347619,126.981408909449
202106,2호선,삼성,1142566,1161639,2304205,37.5088619974404,127.063073009788
202106,2호선,상왕십리,315614,306551,622165,37.5644687111181,127.029031221392
202106,2호선,서울대입구,1031629,1012698,2044327,37.4811526631844,126.952645104944
202106,2호선,서초,483993,474823,958816,37.4918229990093,127.007580814715
202106,2호선,선릉,1255792,1121300,2377092,37.5045028775835,127.048942471228
202106,2호선,성수,792072,867666,1659738,37.5445023983984,127.056090471223
202106,2호선,시청,511004,492324,1003328,37.5654385176408,126.976983237511
202106,2호선,신답,36075,41608,77683,37.5699910562183,127.046820203556
202106,2호선,신당,299440,308939,608379,37.5656540317328,127.019540574485
202106,2호선,신대방,581933,563881,1145814,37.4875759745635,126.913175585996
202106,2호선,신도림,1064785,1042535,2107320,37.5087701449787,126.891080501385
202106,2호선,신림,1367428,1327127,2694555,37.4841196518392,126.928712092948
202106,2호선,신설동,69010,68525,137535,37.5762451837487,127.023278761358
202106,2호선,신정네거리,228376,234418,462794,37.5197975266787,126.852991645059
202106,2호선,신촌,688352,712389,1400741,37.5554417865984,126.936119192554
202106,2호선,아현,233920,223020,456940,37.5573575723061,126.95603374504
202106,2호선,양천구청,150770,158737,309507,37.5126989358446,126.866065211751
202106,2호선,역삼,1140430,1270238,2410668,37.5007162693593,127.036618203089
202106,2호선,영등포구청,515284,521173,1036457,37.5256996614804,126.896626898379
202106,2호선,왕십리,348724,282106,630830,37.5612217415191,127.036655378283
202106,2호선,용답,59533,59402,118935,37.5620049052662,127.050729309179
202106,2호선,용두,51348,52950,104298,37.5739380503267,127.038031119837
202106,2호선,을지로3가,487004,484010,971014,37.56626594615,126.990308356253
202106,2호선,을지로4가,287406,284172,571578,37.5666369941572,126.997852780281
202106,2호선,을지로입구,842190,865558,1707748,37.5660509513873,126.982372901787
202106,2호선,이대,279854,292095,571949,37.5567980142044,126.945758201019
202106,2호선,잠실,1416422,1417971,2834393,37.513859279255,127.101857941447
202106,2호선,잠실나루,325705,316002,641707,37.5206867318088,127.103811089444
202106,2호선,잠실새내,454574,454963,909537,37.5115672093323,127.086373867207
202106,2호선,종합운동장,176841,189143,365984,37.5109692748993,127.073356018706
202106,2호선,충정로,225417,236352,461769,37.5598377952439,126.964474043785
202106,2호선,한양대,183714,198174,381888,37.55557788354,127.043584493543
202106,2호선,합정,667509,699263,1366772,37.5501152068908,126.914638180431
202106,2호선,홍대입구,1096827,1144980,2241807,37.5577458058734,126.926498328277
202107,2호선,강남,1663179,1624689,3287868,37.4981646510326,127.028307900881
202107,2호선,강변,580436,572408,1152844,37.5351692767888,127.094664569096
202107,2호선,건대입구,633466,680216,1313682,37.5404188872176,127.069173281554
202107,2호선,교대,675714,759809,1435523,37.4928178646055,127.013838469407
202107,2호선,구로디지털단지,1216332,1225923,2442255,37.4853149237865,126.901494378412
202107,2호선,구의,470366,465660,936026,37.5371535596228,127.086179228767
202107,2호선,낙성대,544874,527127,1072001,37.4770651843603,126.963409959152
202107,2호선,당산,363964,423089,787053,37.534956866618,126.90273071003
202107,2호선,대림,481237,492845,974082,37.4933105886136,126.8949461878
202107,2호선,도림천,28959,29406,58365,37.5144420510515,126.882702584468
202107,2호선,동대문역사문화공원,223905,248135,472040,37.5655895229776,127.009131498424
202107,2호선,뚝섬,429705,465542,895247,37.5471882244091,127.047365178682
202107,2호선,문래,428494,439522,868016,37.5179214637526,126.894763060556
202107,2호선,방배,317335,334226,651561,37.4814364876589,126.997694899327
202107,2호선,봉천,483699,449380,933079,37.4825562153548,126.941495272047
202107,2호선,사당,681175,735184,1416359,37.4765228347619,126.981408909449
202107,2호선,삼성,941204,948325,1889529,37.5088619974404,127.063073009788
202107,2호선,상왕십리,282175,274926,557101,37.5644687111181,127.029031221392
202107,2호선,서울대입구,936281,917356,1853637,37.4811526631844,126.952645104944
202107,2호선,서초,427368,416320,843688,37.4918229990093,127.007580814715
202107,2호선,선릉,1129284,1003808,2133092,37.5045028775835,127.048942471228
202107,2호선,성수,728003,793498,1521501,37.5445023983984,127.056090471223
202107,2호선,시청,452587,441463,894050,37.5654385176408,126.976983237511
202107,2호선,신답,32434,37963,70397,37.5699910562183,127.046820203556
202107,2호선,신당,271567,282030,553597,37.5656540317328,127.019540574485
202107,2호선,신대방,529529,513534,1043063,37.4875759745635,126.913175585996
202107,2호선,신도림,946843,918248,1865091,37.5087701449787,126.891080501385
202107,2호선,신림,1253076,1217271,2470347,37.4841196518392,126.928712092948
202107,2호선,신설동,63259,63018,126277,37.5762451837487,127.023278761358
202107,2호선,신정네거리,205508,214396,419904,37.5197975266787,126.852991645059
202107,2호선,신촌,620591,638725,1259316,37.5554417865984,126.936119192554
202107,2호선,아현,204791,196339,401130,37.5573575723061,126.95603374504
202107,2호선,양천구청,132615,142010,274625,37.5126989358446,126.866065211751
202107,2호선,역삼,1016230,1118957,2135187,37.5007162693593,127.036618203089
202107,2호선,영등포구청,468184,471769,939953,37.5256996614804,126.896626898379
202107,2호선,왕십리,299761,247589,547350,37.5612217415191,127.036655378283
202107,2호선,용답,53054,51853,104907,37.5620049052662,127.050729309179
202107,2호선,용두,47993,49684,97677,37.5739380503267,127.038031119837
202107,2호선,을지로3가,428684,426086,854770,37.56626594615,126.990308356253
202107,2호선,을지로4가,260195,253231,513426,37.5666369941572,126.997852780281
202107,2호선,을지로입구,741084,755672,1496756,37.5660509513873,126.982372901787
202107,2호선,이대,240931,251111,492042,37.5567980142044,126.945758201019
202107,2호선,잠실,1230475,1234370,2464845,37.513859279255,127.101857941447
202107,2호선,잠실나루,286728,278791,565519,37.5206867318088,127.103811089444
202107,2호선,잠실새내,405187,403771,808958,37.5115672093323,127.086373867207
202107,2호선,종합운동장,141305,150787,292092,37.5109692748993,127.073356018706
202107,2호선,충정로,200005,208831,408836,37.5598377952439,126.964474043785
202107,2호선,한양대,131218,135006,266224,37.55557788354,127.043584493543
202107,2호선,합정,584399,602620,1187019,37.5501152068908,126.914638180431
202107,2호선,홍대입구,895328,919326,1814654,37.5577458058734,126.926498328277
202108,2호선,강남,1562830,1517687,3080517,37.4981646510326,127.028307900881
202108,2호선,강변,565181,548969,1114150,37.5351692767888,127.094664569096
202108,2호선,건대입구,604615,647204,1251819,37.5404188872176,127.069173281554
202108,2호선,교대,641756,723018,1364774,37.4928178646055,127.013838469407
202108,2호선,구로디지털단지,1136682,1147594,2284276,37.4853149237865,126.901494378412
202108,2호선,구의,448420,446034,894454,37.5371535596228,127.086179228767
202108,2호선,낙성대,521687,510641,1032328,37.4770651843603,126.963409959152
202108,2호선,당산,346591,400137,746728,37.534956866618,126.90273071003
202108,2호선,대림,461399,472941,934340,37.4933105886136,126.8949461878
202108,2호선,도림천,26807,27372,54179,37.5144420510515,126.882702584468
202108,2호선,동대문역사문화공원,209594,231080,440674,37.5655895229776,127.009131498424
202108,2호선,뚝섬,403770,436158,839928,37.5471882244091,127.047365178682
202108,2호선,문래,400808,410101,810909,37.5179214637526,126.894763060556
202108,2호선,방배,301038,318461,619499,37.4814364876589,126.997694899327
202108,2호선,봉천,461517,433220,894737,37.4825562153548,126.941495272047
202108,2호선,사당,651271,703514,1354785,37.4765228347619,126.981408909449
202108,2호선,삼성,917218,919235,1836453,37.5088619974404,127.063073009788
202108,2호선,상왕십리,269052,263880,532932,37.5644687111181,127.029031221392
202108,2호선,서울대입구,894902,880305,1775207,37.4811526631844,126.952645104944
202108,2호선,서초,407872,393064,800936,37.4918229990093,127.007580814715
202108,2호선,선릉,1060464,942634,2003098,37.5045028775835,127.048942471228
202108,2호선,성수,687958,748487,1436445,37.5445023983984,127.056090471223
202108,2호선,시청,424767,409157,833924,37.5654385176408,126.976983237511
202108,2호선,신답,30435,36282,66717,37.5699910562183,127.046820203556
202108,2호선,신당,259920,270686,530606,37.5656540317328,127.019540574485
202108,2호선,신대방,505952,493129,999081,37.4875759745635,126.913175585996
202108,2호선,신도림,895869,867963,1763832,37.5087701449787,126.891080501385
202108,2호선,신림,1201182,1173137,2374319,37.4841196518392,126.928712092948
202108,2호선,신설동,59929,58218,118147,37.5762451837487,127.023278761358
202108,2호선,신정네거리,195575,205083,400658,37.5197975266787,126.852991645059
202108,2호선,신촌,598285,614852,1213137,37.5554417865984,126.936119192554
202108,2호선,아현,196860,190025,386885,37.5573575723061,126.95603374504
202108,2호선,양천구청,125178,134746,259924,37.5126989358446,126.866065211751
202108,2호선,역삼,960910,1052606,2013516,37.5007162693593,127.036618203089
202108,2호선,영등포구청,439608,441258,880866,37.5256996614804,126.896626898379
202108,2호선,왕십리,284711,231916,516627,37.5612217415191,127.036655378283
202108,2호선,용답,50418,50211,100629,37.5620049052662,127.050729309179
202108,2호선,용두,45930,47066,92996,37.5739380503267,127.038031119837
202108,2호선,을지로3가,402503,398577,801080,37.56626594615,126.990308356253
202108,2호선,을지로4가,246067,242842,488909,37.5666369941572,126.997852780281
202108,2호선,을지로입구,701694,709555,1411249,37.5660509513873,126.982372901787
202108,2호선,이대,231462,244948,476410,37.5567980142044,126.945758201019
202108,2호선,잠실,1196926,1188555,2385481,37.513859279255,127.101857941447
202108,2호선,잠실나루,274467,268738,543205,37.5206867318088,127.103811089444
202108,2호선,잠실새내,386664,385800,772464,37.5115672093323,127.086373867207
202108,2호선,종합운동장,127302,136034,263336,37.5109692748993,127.073356018706
202108,2호선,충정로,185447,193634,379081,37.5598377952439,126.964474043785
202108,2호선,한양대,119476,122166,241642,37.55557788354,127.043584493543
202108,2호선,합정,571311,586621,1157932,37.5501152068908,126.914638180431
202108,2호선,홍대입구,918417,936747,1855164,37.5577458058734,126.926498328277
202109,2호선,강남,1482396,1445170,2927566,37.4981646510326,127.028307900881
202109,2호선,강변,586083,559007,1145090,37.5351692767888,127.094664569096
202109,2호선,건대입구,613253,660291,1273544,37.5404188872176,127.069173281554
202109,2호선,교대,626844,710458,1337302,37.4928178646055,127.013838469407
202109,2호선,구로디지털단지,1111461,1120563,2232024,37.4853149237865,126.901494378412
202109,2호선,구의,446210,442205,888415,37.5371535596228,127.086179228767
202109,2호선,낙성대,514701,500851,1015552,37.4770651843603,126.963409959152
202109,2호선,당산,349999,404538,754537,37.534956866618,126.90273071003
202109,2호선,대림,463373,475636,939009,37.4933105886136,126.8949461878
202109,2호선,도림천,26567,26853,53420,37.5144420510515,126.882702584468
202109,2호선,동대문역사문화공원,217351,241400,458751,37.5655895229776,127.009131498424
202109,2호선,뚝섬,401144,432930,834074,37.5471882244091,127.047365178682
202109,2호선,문래,394416,404073,798489,37.5179214637526,126.894763060556
202109,2호선,방배,318168,334634,652802,37.4814364876589,126.997694899327
202109,2호선,봉천,458147,429060,887207,37.4825562153548,126.941495272047
202109,2호선,사당,658488,710180,1368668,37.4765228347619,126.981408909449
202109,2호선,삼성,895917,906238,1802155,37.5088619974404,127.063073009788
202109,2호선,상왕십리,268511,263368,531879,37.5644687111181,127.029031221392
202109,2호선,서울대입구,880229,869229,1749458,37.4811526631844,126.952645104944
202109,2호선,서초,394515,382699,777214,37.4918229990093,127.007580814715
202109,2호선,선릉,1017266,906341,1923607,37.5045028775835,127.048942471228
202109,2호선,성수,671351,735928,1407279,37.5445023983984,127.056090471223
202109,2호선,시청,408928,394392,803320,37.5654385176408,126.976983237511
202109,2호선,신답,30806,35735,66541,37.5699910562183,127.046820203556
202109,2호선,신당,261819,271826,533645,37.5656540317328,127.019540574485
202109,2호선,신대방,504710,492817,997527,37.4875759745635,126.913175585996
202109,2호선,신도림,888702,869048,1757750,37.5087701449787,126.891080501385
202109,2호선,신림,1183463,1159675,2343138,37.4841196518392,126.928712092948
202109,2호선,신설동,59692,49596,109288,37.5762451837487,127.023278761358
202109,2호선,신정네거리,196065,203584,399649,37.5197975266787,126.852991645059
202109,2호선,신촌,589763,608728,1198491,37.5554417865984,126.936119192554
202109,2호선,아현,201631,194322,395953,37.5573575723061,126.95603374504
202109,2호선,양천구청,128022,136142,264164,37.5126989358446,126.866065211751
202109,2호선,역삼,922154,1017537,1939691,37.5007162693593,127.036618203089
202109,2호선,영등포구청,433168,437679,870847,37.5256996614804,126.896626898379
202109,2호선,왕십리,288325,228883,517208,37.5612217415191,127.036655378283
202109,2호선,용답,51982,51878,103860,37.5620049052662,127.050729309179
202109,2호선,용두,46334,47364,93698,37.5739380503267,127.038031119837
202109,2호선,을지로3가,386415,385222,771637,37.56626594615,126.990308356253
202109,2호선,을지로4가,240299,237581,477880,37.5666369941572,126.997852780281
202109,2호선,을지로입구,685419,697815,1383234,37.5660509513873,126.982372901787
202109,2호선,이대,239331,252684,492015,37.5567980142044,126.945758201019
202109,2호선,잠실,1191785,1184302,2376087,37.513859279255,127.101857941447
202109,2호선,잠실나루,273863,268060,541923,37.5206867318088,127.103811089444
202109,2호선,잠실새내,383740,383976,767716,37.5115672093323,127.086373867207
202109,2호선,종합운동장,131679,139669,271348,37.5109692748993,127.073356018706
202109,2호선,충정로,184069,192326,376395,37.5598377952439,126.964474043785
202109,2호선,한양대,125859,130988,256847,37.55557788354,127.043584493543
202109,2호선,합정,557509,582825,1140334,37.5501152068908,126.914638180431
202109,2호선,홍대입구,920385,958397,1878782,37.5577458058734,126.926498328277
202110,2호선,강남,1577439,1544387,3121826,37.4981646510326,127.028307900881
202110,2호선,강변,598368,579047,1177415,37.5351692767888,127.094664569096
202110,2호선,건대입구,651300,697803,1349103,37.5404188872176,127.069173281554
202110,2호선,교대,668304,758532,1426836,37.4928178646055,127.013838469407
202110,2호선,구로디지털단지,1169753,1175252,2345005,37.4853149237865,126.901494378412
202110,2호선,구의,463456,458442,921898,37.5371535596228,127.086179228767
202110,2호선,낙성대,537873,519941,1057814,37.4770651843603,126.963409959152
202110,2호선,당산,366134,426653,792787,37.534956866618,126.90273071003
202110,2호선,대림,477252,489959,967211,37.4933105886136,126.8949461878
202110,2호선,도림천,27062,27961,55023,37.5144420510515,126.882702584468
202110,2호선,동대문역사문화공원,231545,259063,490608,37.5655895229776,127.009131498424
202110,2호선,뚝섬,421407,454240,875647,37.5471882244091,127.047365178682
202110,2호선,문래,414901,423786,838687,37.5179214637526,126.894763060556
202110,2호선,방배,342603,360328,702931,37.4814364876589,126.997694899327
202110,2호선,봉천,474839,441262,916101,37.4825562153548,126.941495272047
202110,2호선,사당,713226,772653,1485879,37.4765228347619,126.981408909449
202110,2호선,삼성,970663,985471,1956134,37.5088619974404,127.063073009788
202110,2호선,상왕십리,281684,274843,556527,37.5644687111181,127.029031221392
202110,2호선,서울대입구,932986,914497,1847483,37.4811526631844,126.952645104944
202110,2호선,서초,422938,410560,833498,37.4918229990093,127.007580814715
202110,2호선,선릉,1093238,974269,2067507,37.5045028775835,127.048942471228
202110,2호선,성수,707271,771079,1478350,37.5445023983984,127.056090471223
202110,2호선,시청,434542,419161,853703,37.5654385176408,126.976983237511
202110,2호선,신답,32366,37220,69586,37.5699910562183,127.046820203556
202110,2호선,신당,272824,283526,556350,37.5656540317328,127.019540574485
202110,2호선,신대방,522203,510615,1032818,37.4875759745635,126.913175585996
202110,2호선,신도림,935937,919663,1855600,37.5087701449787,126.891080501385
202110,2호선,신림,1235481,1202275,2437756,37.4841196518392,126.928712092948
202110,2호선,신설동,61270,51655,112925,37.5762451837487,127.023278761358
202110,2호선,신정네거리,204539,212797,417336,37.5197975266787,126.852991645059
202110,2호선,신촌,608945,624408,1233353,37.5554417865984,126.936119192554
202110,2호선,아현,211951,203529,415480,37.5573575723061,126.95603374504
202110,2호선,양천구청,133442,141795,275237,37.5126989358446,126.866065211751
202110,2호선,역삼,985105,1094117,2079222,37.5007162693593,127.036618203089
202110,2호선,영등포구청,451092,456218,907310,37.5256996614804,126.896626898379
202110,2호선,왕십리,309922,250271,560193,37.5612217415191,127.036655378283
202110,2호선,용답,54705,54267,108972,37.5620049052662,127.050729309179
202110,2호선,용두,46141,47674,93815,37.5739380503267,127.038031119837
202110,2호선,을지로3가,414267,411759,826026,37.56626594615,126.990308356253
202110,2호선,을지로4가,255850,254716,510566,37.5666369941572,126.997852780281
202110,2호선,을지로입구,722658,738709,1461367,37.5660509513873,126.982372901787
202110,2호선,이대,251934,265341,517275,37.5567980142044,126.945758201019
202110,2호선,잠실,1283978,1275884,2559862,37.513859279255,127.101857941447
202110,2호선,잠실나루,290089,284612,574701,37.5206867318088,127.103811089444
202110,2호선,잠실새내,407629,406859,814488,37.5115672093323,127.086373867207
202110,2호선,종합운동장,145036,156140,301176,37.5109692748993,127.073356018706
202110,2호선,충정로,193317,202144,395461,37.5598377952439,126.964474043785
202110,2호선,한양대,150240,161539,311779,37.55557788354,127.043584493543
202110,2호선,합정,592403,620044,1212447,37.5501152068908,126.914638180431
202110,2호선,홍대입구,967056,1005964,1973020,37.5577458058734,126.926498328277
202111,2호선,강남,1834796,1843748,3678544,37.4981646510326,127.028307900881
202111,2호선,강변,667777,641249,1309026,37.5351692767888,127.094664569096
202111,2호선,건대입구,739402,810235,1549637,37.5404188872176,127.069173281554
202111,2호선,교대,763663,869817,1633480,37.4928178646055,127.013838469407
202111,2호선,구로디지털단지,1354714,1355439,2710153,37.4853149237865,126.901494378412
202111,2호선,구의,524711,514675,1039386,37.5371535596228,127.086179228767
202111,2호선,낙성대,601880,574826,1176706,37.4770651843603,126.963409959152
202111,2호선,당산,414308,483502,897810,37.534956866618,126.90273071003
202111,2호선,대림,529633,539537,1069170,37.4933105886136,126.8949461878
202111,2호선,도림천,30347,31520,61867,37.5144420510515,126.882702584468
202111,2호선,동대문역사문화공원,255623,289481,545104,37.5655895229776,127.009131498424
202111,2호선,뚝섬,482858,519541,1002399,37.5471882244091,127.047365178682
202111,2호선,문래,483045,493896,976941,37.5179214637526,126.894763060556
202111,2호선,방배,395664,413573,809237,37.4814364876589,126.997694899327
202111,2호선,봉천,528813,483790,1012603,37.4825562153548,126.941495272047
202111,2호선,사당,825037,906084,1731121,37.4765228347619,126.981408909449
202111,2호선,삼성,1178362,1204819,2383181,37.5088619974404,127.063073009788
202111,2호선,상왕십리,318384,306969,625353,37.5644687111181,127.029031221392
202111,2호선,서울대입구,1049404,1029493,2078897,37.4811526631844,126.952645104944
202111,2호선,서초,496051,478933,974984,37.4918229990093,127.007580814715
202111,2호선,선릉,1283748,1148512,2432260,37.5045028775835,127.048942471228
202111,2호선,성수,816360,896227,1712587,37.5445023983984,127.056090471223
202111,2호선,시청,529161,515173,1044334,37.5654385176408,126.976983237511
202111,2호선,신답,36876,41859,78735,37.5699910562183,127.046820203556
202111,2호선,신당,301743,311274,613017,37.5656540317328,127.019540574485
202111,2호선,신대방,583571,563278,1146849,37.4875759745635,126.913175585996
202111,2호선,신도림,1052061,1044467,2096528,37.5087701449787,126.891080501385
202111,2호선,신림,1383783,1334257,2718040,37.4841196518392,126.928712092948
202111,2호선,신설동,70248,71031,141279,37.5762451837487,127.023278761358
202111,2호선,신정네거리,230947,235929,466876,37.5197975266787,126.852991645059
202111,2호선,신촌,695041,719187,1414228,37.5554417865984,126.936119192554
202111,2호선,아현,231703,220163,451866,37.5573575723061,126.95603374504
202111,2호선,양천구청,152168,159929,312097,37.5126989358446,126.866065211751
202111,2호선,역삼,1181405,1320111,2501516,37.5007162693593,127.036618203089
202111,2호선,영등포구청,516817,522527,1039344,37.5256996614804,126.896626898379
202111,2호선,왕십리,353987,293433,647420,37.5612217415191,127.036655378283
202111,2호선,용답,61538,61689,123227,37.5620049052662,127.050729309179
202111,2호선,용두,51603,53149,104752,37.5739380503267,127.038031119837
202111,2호선,을지로3가,495997,498946,994943,37.56626594615,126.990308356253
202111,2호선,을지로4가,291501,289318,580819,37.5666369941572,126.997852780281
202111,2호선,을지로입구,859513,887774,1747287,37.5660509513873,126.982372901787
202111,2호선,이대,299173,315392,614565,37.5567980142044,126.945758201019
202111,2호선,잠실,1484943,1489346,2974289,37.513859279255,127.101857941447
202111,2호선,잠실나루,329052,317585,646637,37.5206867318088,127.103811089444
202111,2호선,잠실새내,464392,466841,931233,37.5115672093323,127.086373867207
202111,2호선,종합운동장,197449,219361,416810,37.5109692748993,127.073356018706
202111,2호선,충정로,222863,234491,457354,37.5598377952439,126.964474043785
202111,2호선,한양대,185927,201648,387575,37.55557788354,127.043584493543
202111,2호선,합정,668381,713945,1382326,37.5501152068908,126.914638180431
202111,2호선,홍대입구,1098891,1179876,2278767,37.5577458058734,126.926498328277
202112,2호선,강남,1853921,1835738,3689659,37.4981646510326,127.028307900881
202112,2호선,강변,668324,644560,1312884,37.5351692767888,127.094664569096
202112,2호선,건대입구,757563,818306,1575869,37.5404188872176,127.069173281554
202112,2호선,교대,755842,856943,1612785,37.4928178646055,127.013838469407
202112,2호선,구로디지털단지,1360257,1361195,2721452,37.4853149237865,126.901494378412
202112,2호선,구의,532849,524122,1056971,37.5371535596228,127.086179228767
202112,2호선,낙성대,608960,583652,1192612,37.4770651843603,126.963409959152
202112,2호선,당산,409553,477994,887547,37.534956866618,126.90273071003
202112,2호선,대림,534049,544812,1078861,37.4933105886136,126.8949461878
202112,2호선,도림천,31875,33050,64925,37.5144420510515,126.882702584468
202112,2호선,동대문역사문화공원,268354,301591,569945,37.5655895229776,127.009131498424
202112,2호선,뚝섬,488978,524467,1013445,37.5471882244091,127.047365178682
202112,2호선,문래,483190,493635,976825,37.5179214637526,126.894763060556
202112,2호선,방배,374506,391530,766036,37.4814364876589,126.997694899327
202112,2호선,봉천,531589,489705,1021294,37.4825562153548,126.941495272047
202112,2호선,사당,805142,882973,1688115,37.4765228347619,126.981408909449
202112,2호선,삼성,1196575,1207624,2404199,37.5088619974404,127.063073009788
202112,2호선,상왕십리,322038,313137,635175,37.5644687111181,127.029031221392
202112,2호선,서울대입구,1061976,1038346,2100322,37.4811526631844,126.952645104944
202112,2호선,서초,483072,469819,952891,37.4918229990093,127.007580814715
202112,2호선,선릉,1274452,1136586,2411038,37.5045028775835,127.048942471228
202112,2호선,성수,838162,910225,1748387,37.5445023983984,127.056090471223
202112,2호선,시청,527398,505510,1032908,37.5654385176408,126.976983237511
202112,2호선,신답,37242,42518,79760,37.5699910562183,127.046820203556
202112,2호선,신당,306933,318710,625643,37.5656540317328,127.019540574485
202112,2호선,신대방,586504,569382,1155886,37.4875759745635,126.913175585996
202112,2호선,신도림,1054351,1042301,2096652,37.5087701449787,126.891080501385
202112,2호선,신림,1414969,1368626,2783595,37.4841196518392,126.928712092948
202112,2호선,신설동,71956,72359,144315,37.5762451837487,127.023278761358
202112,2호선,신정네거리,229184,236566,465750,37.5197975266787,126.852991645059
202112,2호선,신촌,705040,725033,1430073,37.5554417865984,126.936119192554
202112,2호선,아현,228266,219868,448134,37.5573575723061,126.95603374504
202112,2호선,양천구청,151731,159839,311570,37.5126989358446,126.866065211751
202112,2호선,역삼,1171388,1298615,2470003,37.5007162693593,127.036618203089
202112,2호선,영등포구청,526038,534400,1060438,37.5256996614804,126.896626898379
202112,2호선,왕십리,361840,304217,666057,37.5612217415191,127.036655378283
202112,2호선,용답,61988,61422,123410,37.5620049052662,127.050729309179
202112,2호선,용두,54866,55899,110765,37.5739380503267,127.038031119837
202112,2호선,을지로3가,500743,503995,1004738,37.56626594615,126.990308356253
202112,2호선,을지로4가,295527,293223,588750,37.5666369941572,126.997852780281
202112,2호선,을지로입구,904859,918058,1822917,37.5660509513873,126.982372901787
202112,2호선,이대,289088,302914,592002,37.5567980142044,126.945758201019
202112,2호선,잠실,1549767,1548508,3098275,37.513859279255,127.101857941447
202112,2호선,잠실나루,321500,310268,631768,37.5206867318088,127.103811089444
202112,2호선,잠실새내,470458,470266,940724,37.5115672093323,127.086373867207
202112,2호선,종합운동장,157853,169406,327259,37.5109692748993,127.073356018706
202112,2호선,충정로,223351,236871,460222,37.5598377952439,126.964474043785
202112,2호선,한양대,178428,189570,367998,37.55557788354,127.043584493543
202112,2호선,합정,683958,722935,1406893,37.5501152068908,126.914638180431
202112,2호선,홍대입구,1180319,1238912,2419231,37.5577458058734,126.926498328277
202101,3호선,가락시장,164786,160717,325503,37.4927440321316,127.118485741487
202101,3호선,경복궁,305464,294095,599559,37.5758613027702,126.973062710191
202101,3호선,경찰병원,144849,146807,291656,37.4956031419934,127.124067847413
202101,3호선,고속터미널,636939,620531,1257470,37.5049267445237,127.004949918697
202101,3호선,교대,253761,166324,420085,37.4928178646055,127.013838469407
202101,3호선,구파발,352537,333164,685701,37.6368417889316,126.918745426412
202101,3호선,금호,144278,138677,282955,37.5481125196986,127.015893753726
202101,3호선,남부터미널,524761,533381,1058142,37.48514016604,127.016207055102
202101,3호선,녹번,264063,245916,509979,37.6007421809861,126.936019442532
202101,3호선,대곡,28522,20731,49253,37.6318206316005,126.810602730178
202101,3호선,대청,171518,159193,330711,37.4937218597788,127.079493645766
202101,3호선,대치,197138,193401,390539,37.4945627553067,127.063430193449
202101,3호선,대화,221597,179782,401379,37.675954868441,126.747305098166
202101,3호선,도곡,98256,99300,197556,37.4908647717187,127.05532337372
202101,3호선,독립문,116538,121592,238130,37.5744103589329,126.957750279047
202101,3호선,동대입구,118144,122419,240563,37.559030224347,127.005460196954
202101,3호선,마두,126219,132707,258926,37.6523303524635,126.778195968273
202101,3호선,매봉,230698,217809,448507,37.4869611285839,127.046614560925
202101,3호선,무악재,69642,71741,141383,37.5823841472467,126.950322097494
202101,3호선,백석,174923,177328,352251,37.6431608335662,126.788171623016
202101,3호선,불광,280807,301941,582748,37.6102072578868,126.92998576213
202101,3호선,삼송,310878,308083,618961,37.6550162726238,126.896562231497
202101,3호선,수서,273325,283128,556453,37.4873889933503,127.101859191018
202101,3호선,신사,562069,573754,1135823,37.5171124958274,127.019494541135
202101,3호선,안국,306289,307173,613462,37.5767203705556,126.985823042976
202101,3호선,압구정,574733,599646,1174379,37.5264308236177,127.028480919224
202101,3호선,약수,223681,220389,444070,37.5545595558163,127.010822526737
202101,3호선,양재,707493,745365,1452858,37.4839347328908,127.034544193436
202101,3호선,연신내,646801,618678,1265479,37.618962003178,126.921162124977
202101,3호선,오금,112595,102374,214969,37.5022659793733,127.127879247544
202101,3호선,옥수,154836,164004,318840,37.5409877747326,127.018965435917
202101,3호선,원당,188570,182649,371219,37.6534333656508,126.843104741837
202101,3호선,원흥,160764,154444,315208,37.6509206996283,126.873307347639
202101,3호선,을지로3가,190775,193873,384648,37.56626594615,126.990308356253
202101,3호선,일원,179848,176495,356343,37.4840735840284,127.084451750048
202101,3호선,잠원,81959,81989,163948,37.5127991148107,127.01122017966
202101,3호선,정발산,118576,116985,235561,37.6589801992463,126.773725939404
202101,3호선,종로3가,167623,189085,356708,37.5704266025836,126.99202930223
202101,3호선,주엽,148050,149997,298047,37.6704315940863,126.761046013417
202101,3호선,지축,60560,60796,121356,37.6496180734177,126.912167788573
202101,3호선,충무로,17,0,17,37.5612890978954,126.994207448462
202101,3호선,학여울,31412,32039,63451,37.4967171864138,127.071718971861
202101,3호선,홍제,298753,291176,589929,37.5887103667691,126.944242309924
202101,3호선,화정,288736,300911,589647,37.6345077843042,126.832630042005
202102,3호선,가락시장,165707,161275,326982,37.4927440321316,127.118485741487
202102,3호선,경복궁,321069,312863,633932,37.5758613027702,126.973062710191
202102,3호선,경찰병원,137347,137969,275316,37.4956031419934,127.124067847413
202102,3호선,고속터미널,702879,724393,1427272,37.5049267445237,127.004949918697
202102,3호선,교대,248683,161885,410568,37.4928178646055,127.013838469407
202102,3호선,구파발,359905,339563,699468,37.6368417889316,126.918745426412
202102,3호선,금호,145972,139222,285194,37.5481125196986,127.015893753726
202102,3호선,남부터미널,529605,550036,1079641,37.48514016604,127.016207055102
202102,3호선,녹번,261711,240932,502643,37.6007421809861,126.936019442532
202102,3호선,대곡,29868,22258,52126,37.6318206316005,126.810602730178
202102,3호선,대청,170610,158484,329094,37.4937218597788,127.079493645766
202102,3호선,대치,201481,198686,400167,37.4945627553067,127.063430193449
202102,3호선,대화,226618,182560,409178,37.675954868441,126.747305098166
202102,3호선,도곡,96827,98335,195162,37.4908647717187,127.05532337372
202102,3호선,독립문,120508,124346,244854,37.5744103589329,126.957750279047
202102,3호선,동대입구,122147,127497,249644,37.559030224347,127.005460196954
202102,3호선,마두,129848,136230,266078,37.6523303524635,126.778195968273
202102,3호선,매봉,221879,210903,432782,37.4869611285839,127.046614560925
202102,3호선,무악재,70025,71531,141556,37.5823841472467,126.950322097494
202102,3호선,백석,178466,179131,357597,37.6431608335662,126.788171623016
202102,3호선,불광,284111,304912,589023,37.6102072578868,126.92998576213
202102,3호선,삼송,322616,316676,639292,37.6550162726238,126.896562231497
202102,3호선,수서,282593,291863,574456,37.4873889933503,127.101859191018
202102,3호선,신사,576050,592191,1168241,37.5171124958274,127.019494541135
202102,3호선,안국,320147,327139,647286,37.5767203705556,126.985823042976
202102,3호선,압구정,585161,619729,1204890,37.5264308236177,127.028480919224
202102,3호선,약수,227281,220795,448076,37.5545595558163,127.010822526737
202102,3호선,양재,686088,729985,1416073,37.4839347328908,127.034544193436
202102,3호선,연신내,660325,628711,1289036,37.618962003178,126.921162124977
202102,3호선,오금,109069,99091,208160,37.5022659793733,127.127879247544
202102,3호선,옥수,160416,168139,328555,37.5409877747326,127.018965435917
202102,3호선,원당,194772,188065,382837,37.6534333656508,126.843104741837
202102,3호선,원흥,164837,157339,322176,37.6509206996283,126.873307347639
202102,3호선,을지로3가,185649,189106,374755,37.56626594615,126.990308356253
202102,3호선,일원,173584,168727,342311,37.4840735840284,127.084451750048
202102,3호선,잠원,83254,82851,166105,37.5127991148107,127.01122017966
202102,3호선,정발산,128077,127847,255924,37.6589801992463,126.773725939404
202102,3호선,종로3가,169234,196392,365626,37.5704266025836,126.99202930223
202102,3호선,주엽,154776,156410,311186,37.6704315940863,126.761046013417
202102,3호선,지축,65741,64556,130297,37.6496180734177,126.912167788573
202102,3호선,충무로,13,0,13,37.5612890978954,126.994207448462
202102,3호선,학여울,32906,33306,66212,37.4967171864138,127.071718971861
202102,3호선,홍제,302155,291054,593209,37.5887103667691,126.944242309924
202102,3호선,화정,299950,310861,610811,37.6345077843042,126.832630042005
202103,3호선,가락시장,206376,202830,409206,37.4927440321316,127.118485741487
202103,3호선,경복궁,414456,402742,817198,37.5758613027702,126.973062710191
202103,3호선,경찰병원,170444,171930,342374,37.4956031419934,127.124067847413
202103,3호선,고속터미널,845907,815957,1661864,37.5049267445237,127.004949918697
202103,3호선,교대,322695,209312,532007,37.4928178646055,127.013838469407
202103,3호선,구파발,459667,433734,893401,37.6368417889316,126.918745426412
202103,3호선,금호,184942,175717,360659,37.5481125196986,127.015893753726
202103,3호선,남부터미널,647370,663965,1311335,37.48514016604,127.016207055102
202103,3호선,녹번,335131,307066,642197,37.6007421809861,126.936019442532
202103,3호선,대곡,41413,31552,72965,37.6318206316005,126.810602730178
202103,3호선,대청,223154,205606,428760,37.4937218597788,127.079493645766
202103,3호선,대치,242364,245236,487600,37.4945627553067,127.063430193449
202103,3호선,대화,293727,233715,527442,37.675954868441,126.747305098166
202103,3호선,도곡,124499,127728,252227,37.4908647717187,127.05532337372
202103,3호선,독립문,159472,165124,324596,37.5744103589329,126.957750279047
202103,3호선,동대입구,170524,180163,350687,37.559030224347,127.005460196954
202103,3호선,마두,168469,175937,344406,37.6523303524635,126.778195968273
202103,3호선,매봉,279312,267183,546495,37.4869611285839,127.046614560925
202103,3호선,무악재,88686,90201,178887,37.5823841472467,126.950322097494
202103,3호선,백석,222543,222902,445445,37.6431608335662,126.788171623016
202103,3호선,불광,367233,392737,759970,37.6102072578868,126.92998576213
202103,3호선,삼송,409951,400421,810372,37.6550162726238,126.896562231497
202103,3호선,수서,373298,379671,752969,37.4873889933503,127.101859191018
202103,3호선,신사,679787,708046,1387833,37.5171124958274,127.019494541135
202103,3호선,안국,435836,453809,889645,37.5767203705556,126.985823042976
202103,3호선,압구정,700611,746045,1446656,37.5264308236177,127.028480919224
202103,3호선,약수,288928,282256,571184,37.5545595558163,127.010822526737
202103,3호선,양재,875396,940128,1815524,37.4839347328908,127.034544193436
202103,3호선,연신내,833158,788172,1621330,37.618962003178,126.921162124977
202103,3호선,오금,139713,126024,265737,37.5022659793733,127.127879247544
202103,3호선,옥수,205283,212917,418200,37.5409877747326,127.018965435917
202103,3호선,원당,252584,241924,494508,37.6534333656508,126.843104741837
202103,3호선,원흥,218706,208716,427422,37.6509206996283,126.873307347639
202103,3호선,을지로3가,232905,242549,475454,37.56626594615,126.990308356253
202103,3호선,일원,223707,218061,441768,37.4840735840284,127.084451750048
202103,3호선,잠원,108930,107061,215991,37.5127991148107,127.01122017966
202103,3호선,정발산,158042,157603,315645,37.6589801992463,126.773725939404
202103,3호선,종로3가,218778,253470,472248,37.5704266025836,126.99202930223
202103,3호선,주엽,198546,199476,398022,37.6704315940863,126.761046013417
202103,3호선,지축,88449,86023,174472,37.6496180734177,126.912167788573
202103,3호선,충무로,31,0,31,37.5612890978954,126.994207448462
202103,3호선,학여울,43468,44345,87813,37.4967171864138,127.071718971861
202103,3호선,홍제,396122,379018,775140,37.5887103667691,126.944242309924
202103,3호선,화정,380106,392376,772482,37.6345077843042,126.832630042005
202104,3호선,가락시장,200713,197532,398245,37.4927440321316,127.118485741487
202104,3호선,경복궁,415775,408164,823939,37.5758613027702,126.973062710191
202104,3호선,경찰병원,167217,167912,335129,37.4956031419934,127.124067847413
202104,3호선,고속터미널,819548,809112,1628660,37.5049267445237,127.004949918697
202104,3호선,교대,315900,205986,521886,37.4928178646055,127.013838469407
202104,3호선,구파발,451114,427118,878232,37.6368417889316,126.918745426412
202104,3호선,금호,181476,172040,353516,37.5481125196986,127.015893753726
202104,3호선,남부터미널,628856,646504,1275360,37.48514016604,127.016207055102
202104,3호선,녹번,328365,301074,629439,37.6007421809861,126.936019442532
202104,3호선,대곡,42170,32518,74688,37.6318206316005,126.810602730178
202104,3호선,대청,220096,201698,421794,37.4937218597788,127.079493645766
202104,3호선,대치,234157,235578,469735,37.4945627553067,127.063430193449
202104,3호선,대화,283126,222901,506027,37.675954868441,126.747305098166
202104,3호선,도곡,124326,125871,250197,37.4908647717187,127.05532337372
202104,3호선,독립문,159503,164658,324161,37.5744103589329,126.957750279047
202104,3호선,동대입구,171741,183908,355649,37.559030224347,127.005460196954
202104,3호선,마두,165171,171245,336416,37.6523303524635,126.778195968273
202104,3호선,매봉,278713,267292,546005,37.4869611285839,127.046614560925
202104,3호선,무악재,86572,87732,174304,37.5823841472467,126.950322097494
202104,3호선,백석,216483,218227,434710,37.6431608335662,126.788171623016
202104,3호선,불광,360315,384231,744546,37.6102072578868,126.92998576213
202104,3호선,삼송,406567,397439,804006,37.6550162726238,126.896562231497
202104,3호선,수서,370736,377936,748672,37.4873889933503,127.101859191018
202104,3호선,신사,658896,687719,1346615,37.5171124958274,127.019494541135
202104,3호선,안국,423331,439078,862409,37.5767203705556,126.985823042976
202104,3호선,압구정,682310,726179,1408489,37.5264308236177,127.028480919224
202104,3호선,약수,284976,278062,563038,37.5545595558163,127.010822526737
202104,3호선,양재,868271,932284,1800555,37.4839347328908,127.034544193436
202104,3호선,연신내,820515,772806,1593321,37.618962003178,126.921162124977
202104,3호선,오금,136847,123317,260164,37.5022659793733,127.127879247544
202104,3호선,옥수,202269,210313,412582,37.5409877747326,127.018965435917
202104,3호선,원당,247877,237850,485727,37.6534333656508,126.843104741837
202104,3호선,원흥,221986,212179,434165,37.6509206996283,126.873307347639
202104,3호선,을지로3가,229616,238897,468513,37.56626594615,126.990308356253
202104,3호선,일원,221611,216238,437849,37.4840735840284,127.084451750048
202104,3호선,잠원,106904,105355,212259,37.5127991148107,127.01122017966
202104,3호선,정발산,159043,159686,318729,37.6589801992463,126.773725939404
202104,3호선,종로3가,216646,249413,466059,37.5704266025836,126.99202930223
202104,3호선,주엽,195710,196579,392289,37.6704315940863,126.761046013417
202104,3호선,지축,89328,86431,175759,37.6496180734177,126.912167788573
202104,3호선,충무로,31,0,31,37.5612890978954,126.994207448462
202104,3호선,학여울,48120,49396,97516,37.4967171864138,127.071718971861
202104,3호선,홍제,390363,371476,761839,37.5887103667691,126.944242309924
202104,3호선,화정,373391,384246,757637,37.6345077843042,126.832630042005
202105,3호선,가락시장,182325,178013,360338,37.4927440321316,127.118485741487
202105,3호선,경복궁,391111,387951,779062,37.5758613027702,126.973062710191
202105,3호선,경찰병원,150609,151179,301788,37.4956031419934,127.124067847413
202105,3호선,고속터미널,794731,782596,1577327,37.5049267445237,127.004949918697
202105,3호선,교대,284661,184550,469211,37.4928178646055,127.013838469407
202105,3호선,구파발,417414,396362,813776,37.6368417889316,126.918745426412
202105,3호선,금호,167125,157021,324146,37.5481125196986,127.015893753726
202105,3호선,남부터미널,586996,606783,1193779,37.48514016604,127.016207055102
202105,3호선,녹번,306206,280911,587117,37.6007421809861,126.936019442532
202105,3호선,대곡,39225,30296,69521,37.6318206316005,126.810602730178
202105,3호선,대청,198991,182718,381709,37.4937218597788,127.079493645766
202105,3호선,대치,214769,217275,432044,37.4945627553067,127.063430193449
202105,3호선,대화,268524,213182,481706,37.675954868441,126.747305098166
202105,3호선,도곡,111291,111912,223203,37.4908647717187,127.05532337372
202105,3호선,독립문,147713,152682,300395,37.5744103589329,126.957750279047
202105,3호선,동대입구,153632,162972,316604,37.559030224347,127.005460196954
202105,3호선,마두,151847,156611,308458,37.6523303524635,126.778195968273
202105,3호선,매봉,250986,240156,491142,37.4869611285839,127.046614560925
202105,3호선,무악재,79526,79986,159512,37.5823841472467,126.950322097494
202105,3호선,백석,199963,201287,401250,37.6431608335662,126.788171623016
202105,3호선,불광,335308,358737,694045,37.6102072578868,126.92998576213
202105,3호선,삼송,374393,364893,739286,37.6550162726238,126.896562231497
202105,3호선,수서,342056,349483,691539,37.4873889933503,127.101859191018
202105,3호선,신사,601543,632067,1233610,37.5171124958274,127.019494541135
202105,3호선,안국,393015,412321,805336,37.5767203705556,126.985823042976
202105,3호선,압구정,626106,665726,1291832,37.5264308236177,127.028480919224
202105,3호선,약수,262626,255381,518007,37.5545595558163,127.010822526737
202105,3호선,양재,783361,844477,1627838,37.4839347328908,127.034544193436
202105,3호선,연신내,760304,718094,1478398,37.618962003178,126.921162124977
202105,3호선,오금,124297,112329,236626,37.5022659793733,127.127879247544
202105,3호선,옥수,186688,193985,380673,37.5409877747326,127.018965435917
202105,3호선,원당,229953,220013,449966,37.6534333656508,126.843104741837
202105,3호선,원흥,207568,198483,406051,37.6509206996283,126.873307347639
202105,3호선,을지로3가,209040,216480,425520,37.56626594615,126.990308356253
202105,3호선,일원,200608,195325,395933,37.4840735840284,127.084451750048
202105,3호선,잠원,97641,96212,193853,37.5127991148107,127.01122017966
202105,3호선,정발산,150155,151354,301509,37.6589801992463,126.773725939404
202105,3호선,종로3가,199562,234362,433924,37.5704266025836,126.99202930223
202105,3호선,주엽,181311,182176,363487,37.6704315940863,126.761046013417
202105,3호선,지축,83049,79413,162462,37.6496180734177,126.912167788573
202105,3호선,충무로,33,0,33,37.5612890978954,126.994207448462
202105,3호선,학여울,41411,41920,83331,37.4967171864138,127.071718971861
202105,3호선,홍제,357394,338942,696336,37.5887103667691,126.944242309924
202105,3호선,화정,346926,355507,702433,37.6345077843042,126.832630042005
202106,3호선,가락시장,200304,194396,394700,37.4927440321316,127.118485741487
202106,3호선,경복궁,419376,410718,830094,37.5758613027702,126.973062710191
202106,3호선,경찰병원,163790,164020,327810,37.4956031419934,127.124067847413
202106,3호선,고속터미널,840360,821136,1661496,37.5049267445237,127.004949918697
202106,3호선,교대,318117,207005,525122,37.4928178646055,127.013838469407
202106,3호선,구파발,450876,426756,877632,37.6368417889316,126.918745426412
202106,3호선,금호,180237,169752,349989,37.5481125196986,127.015893753726
202106,3호선,남부터미널,636475,659654,1296129,37.48514016604,127.016207055102
202106,3호선,녹번,337722,307294,645016,37.6007421809861,126.936019442532
202106,3호선,대곡,42233,32620,74853,37.6318206316005,126.810602730178
202106,3호선,대청,222335,203213,425548,37.4937218597788,127.079493645766
202106,3호선,대치,236428,238696,475124,37.4945627553067,127.063430193449
202106,3호선,대화,289107,229371,518478,37.675954868441,126.747305098166
202106,3호선,도곡,120920,123458,244378,37.4908647717187,127.05532337372
202106,3호선,독립문,156033,158843,314876,37.5744103589329,126.957750279047
202106,3호선,동대입구,160369,168656,329025,37.559030224347,127.005460196954
202106,3호선,마두,163664,168852,332516,37.6523303524635,126.778195968273
202106,3호선,매봉,281425,268586,550011,37.4869611285839,127.046614560925
202106,3호선,무악재,86041,86880,172921,37.5823841472467,126.950322097494
202106,3호선,백석,217069,217935,435004,37.6431608335662,126.788171623016
202106,3호선,불광,360419,383695,744114,37.6102072578868,126.92998576213
202106,3호선,삼송,404493,395287,799780,37.6550162726238,126.896562231497
202106,3호선,수서,373415,382248,755663,37.4873889933503,127.101859191018
202106,3호선,신사,657388,692598,1349986,37.5171124958274,127.019494541135
202106,3호선,안국,427087,443282,870369,37.5767203705556,126.985823042976
202106,3호선,압구정,693695,736270,1429965,37.5264308236177,127.028480919224
202106,3호선,약수,287647,280195,567842,37.5545595558163,127.010822526737
202106,3호선,양재,867902,937216,1805118,37.4839347328908,127.034544193436
202106,3호선,연신내,815135,767913,1583048,37.618962003178,126.921162124977
202106,3호선,오금,137266,123707,260973,37.5022659793733,127.127879247544
202106,3호선,옥수,201834,209545,411379,37.5409877747326,127.018965435917
202106,3호선,원당,248046,238037,486083,37.6534333656508,126.843104741837
202106,3호선,원흥,227170,216251,443421,37.6509206996283,126.873307347639
202106,3호선,을지로3가,234611,243423,478034,37.56626594615,126.990308356253
202106,3호선,일원,226215,220531,446746,37.4840735840284,127.084451750048
202106,3호선,잠원,107114,105666,212780,37.5127991148107,127.01122017966
202106,3호선,정발산,153815,155640,309455,37.6589801992463,126.773725939404
202106,3호선,종로3가,219320,253063,472383,37.5704266025836,126.99202930223
202106,3호선,주엽,195848,195749,391597,37.6704315940863,126.761046013417
202106,3호선,지축,91277,88284,179561,37.6496180734177,126.912167788573
202106,3호선,충무로,24,0,24,37.5612890978954,126.994207448462
202106,3호선,학여울,43006,43876,86882,37.4967171864138,127.071718971861
202106,3호선,홍제,380058,357514,737572,37.5887103667691,126.944242309924
202106,3호선,화정,368735,377873,746608,37.6345077843042,126.832630042005
202107,3호선,가락시장,178666,173974,352640,37.4927440321316,127.118485741487
202107,3호선,경복궁,367923,359063,726986,37.5758613027702,126.973062710191
202107,3호선,경찰병원,149934,149639,299573,37.4956031419934,127.124067847413
202107,3호선,고속터미널,719574,715130,1434704,37.5049267445237,127.004949918697
202107,3호선,교대,280594,181909,462503,37.4928178646055,127.013838469407
202107,3호선,구파발,411893,391245,803138,37.6368417889316,126.918745426412
202107,3호선,금호,160469,151930,312399,37.5481125196986,127.015893753726
202107,3호선,남부터미널,566312,587214,1153526,37.48514016604,127.016207055102
202107,3호선,녹번,307007,281296,588303,37.6007421809861,126.936019442532
202107,3호선,대곡,37170,28877,66047,37.6318206316005,126.810602730178
202107,3호선,대청,202609,185929,388538,37.4937218597788,127.079493645766
202107,3호선,대치,220426,219932,440358,37.4945627553067,127.063430193449
202107,3호선,대화,262042,210300,472342,37.675954868441,126.747305098166
202107,3호선,도곡,107299,109122,216421,37.4908647717187,127.05532337372
202107,3호선,독립문,137015,137841,274856,37.5744103589329,126.957750279047
202107,3호선,동대입구,140096,144425,284521,37.559030224347,127.005460196954
202107,3호선,마두,150026,155677,305703,37.6523303524635,126.778195968273
202107,3호선,매봉,257235,245676,502911,37.4869611285839,127.046614560925
202107,3호선,무악재,78237,78914,157151,37.5823841472467,126.950322097494
202107,3호선,백석,198864,200871,399735,37.6431608335662,126.788171623016
202107,3호선,불광,326809,347184,673993,37.6102072578868,126.92998576213
202107,3호선,삼송,361882,355424,717306,37.6550162726238,126.896562231497
202107,3호선,수서,327291,338327,665618,37.4873889933503,127.101859191018
202107,3호선,신사,588372,617110,1205482,37.5171124958274,127.019494541135
202107,3호선,안국,365948,374573,740521,37.5767203705556,126.985823042976
202107,3호선,압구정,631807,666201,1298008,37.5264308236177,127.028480919224
202107,3호선,약수,257527,251386,508913,37.5545595558163,127.010822526737
202107,3호선,양재,774912,834204,1609116,37.4839347328908,127.034544193436
202107,3호선,연신내,740348,699873,1440221,37.618962003178,126.921162124977
202107,3호선,오금,125085,112450,237535,37.5022659793733,127.127879247544
202107,3호선,옥수,176205,185074,361279,37.5409877747326,127.018965435917
202107,3호선,원당,221300,212894,434194,37.6534333656508,126.843104741837
202107,3호선,원흥,205064,196642,401706,37.6509206996283,126.873307347639
202107,3호선,을지로3가,208786,213995,422781,37.56626594615,126.990308356253
202107,3호선,일원,199663,195886,395549,37.4840735840284,127.084451750048
202107,3호선,잠원,93601,91808,185409,37.5127991148107,127.01122017966
202107,3호선,정발산,143268,144133,287401,37.6589801992463,126.773725939404
202107,3호선,종로3가,196619,222971,419590,37.5704266025836,126.99202930223
202107,3호선,주엽,178300,179138,357438,37.6704315940863,126.761046013417
202107,3호선,지축,85394,83020,168414,37.6496180734177,126.912167788573
202107,3호선,충무로,20,0,20,37.5612890978954,126.994207448462
202107,3호선,학여울,36379,37158,73537,37.4967171864138,127.071718971861
202107,3호선,홍제,340443,323141,663584,37.5887103667691,126.944242309924
202107,3호선,화정,335602,345932,681534,37.6345077843042,126.832630042005
202108,3호선,가락시장,169753,164631,334384,37.4927440321316,127.118485741487
202108,3호선,경복궁,352258,344652,696910,37.5758613027702,126.973062710191
202108,3호선,경찰병원,142390,143097,285487,37.4956031419934,127.124067847413
202108,3호선,고속터미널,717481,693783,1411264,37.5049267445237,127.004949918697
202108,3호선,교대,265093,170770,435863,37.4928178646055,127.013838469407
202108,3호선,구파발,389676,372228,761904,37.6368417889316,126.918745426412
202108,3호선,금호,152730,145391,298121,37.5481125196986,127.015893753726
202108,3호선,남부터미널,554785,570269,1125054,37.48514016604,127.016207055102
202108,3호선,녹번,291744,267780,559524,37.6007421809861,126.936019442532
202108,3호선,대곡,35682,28074,63756,37.6318206316005,126.810602730178
202108,3호선,대청,192926,178655,371581,37.4937218597788,127.079493645766
202108,3호선,대치,213831,212914,426745,37.4945627553067,127.063430193449
202108,3호선,대화,247311,200537,447848,37.675954868441,126.747305098166
202108,3호선,도곡,99952,101389,201341,37.4908647717187,127.05532337372
202108,3호선,독립문,131812,133196,265008,37.5744103589329,126.957750279047
202108,3호선,동대입구,137883,142484,280367,37.559030224347,127.005460196954
202108,3호선,마두,144755,150669,295424,37.6523303524635,126.778195968273
202108,3호선,매봉,241283,230218,471501,37.4869611285839,127.046614560925
202108,3호선,무악재,74773,76006,150779,37.5823841472467,126.950322097494
202108,3호선,백석,189171,189516,378687,37.6431608335662,126.788171623016
202108,3호선,불광,310701,331636,642337,37.6102072578868,126.92998576213
202108,3호선,삼송,350904,342593,693497,37.6550162726238,126.896562231497
202108,3호선,수서,315392,323609,639001,37.4873889933503,127.101859191018
202108,3호선,신사,561232,587126,1148358,37.5171124958274,127.019494541135
202108,3호선,안국,346562,355382,701944,37.5767203705556,126.985823042976
202108,3호선,압구정,597915,627208,1225123,37.5264308236177,127.028480919224
202108,3호선,약수,245676,240110,485786,37.5545595558163,127.010822526737
202108,3호선,양재,727041,784203,1511244,37.4839347328908,127.034544193436
202108,3호선,연신내,708224,674443,1382667,37.618962003178,126.921162124977
202108,3호선,오금,118912,108258,227170,37.5022659793733,127.127879247544
202108,3호선,옥수,169603,178600,348203,37.5409877747326,127.018965435917
202108,3호선,원당,211961,203026,414987,37.6534333656508,126.843104741837
202108,3호선,원흥,195661,188304,383965,37.6509206996283,126.873307347639
202108,3호선,을지로3가,195359,198434,393793,37.56626594615,126.990308356253
202108,3호선,일원,192631,190241,382872,37.4840735840284,127.084451750048
202108,3호선,잠원,89648,88023,177671,37.5127991148107,127.01122017966
202108,3호선,정발산,137363,136955,274318,37.6589801992463,126.773725939404
202108,3호선,종로3가,185963,212620,398583,37.5704266025836,126.99202930223
202108,3호선,주엽,172953,173825,346778,37.6704315940863,126.761046013417
202108,3호선,지축,84651,83057,167708,37.6496180734177,126.912167788573
202108,3호선,충무로,29,0,29,37.5612890978954,126.994207448462
202108,3호선,학여울,32683,33042,65725,37.4967171864138,127.071718971861
202108,3호선,홍제,324505,310095,634600,37.5887103667691,126.944242309924
202108,3호선,화정,322484,333459,655943,37.6345077843042,126.832630042005
202109,3호선,가락시장,165998,162084,328082,37.4927440321316,127.118485741487
202109,3호선,경복궁,365926,362621,728547,37.5758613027702,126.973062710191
202109,3호선,경찰병원,138485,138741,277226,37.4956031419934,127.124067847413
202109,3호선,고속터미널,777856,735895,1513751,37.5049267445237,127.004949918697
202109,3호선,교대,263104,169643,432747,37.4928178646055,127.013838469407
202109,3호선,구파발,391939,373836,765775,37.6368417889316,126.918745426412
202109,3호선,금호,153809,146413,300222,37.5481125196986,127.015893753726
202109,3호선,남부터미널,546353,556809,1103162,37.48514016604,127.016207055102
202109,3호선,녹번,292920,269027,561947,37.6007421809861,126.936019442532
202109,3호선,대곡,36653,28767,65420,37.6318206316005,126.810602730178
202109,3호선,대청,196071,180292,376363,37.4937218597788,127.079493645766
202109,3호선,대치,208759,209827,418586,37.4945627553067,127.063430193449
202109,3호선,대화,248679,201181,449860,37.675954868441,126.747305098166
202109,3호선,도곡,99439,100780,200219,37.4908647717187,127.05532337372
202109,3호선,독립문,137956,141620,279576,37.5744103589329,126.957750279047
202109,3호선,동대입구,145531,153550,299081,37.559030224347,127.005460196954
202109,3호선,마두,144793,149474,294267,37.6523303524635,126.778195968273
202109,3호선,매봉,236331,226005,462336,37.4869611285839,127.046614560925
202109,3호선,무악재,75318,76986,152304,37.5823841472467,126.950322097494
202109,3호선,백석,191318,191325,382643,37.6431608335662,126.788171623016
202109,3호선,불광,318551,340635,659186,37.6102072578868,126.92998576213
202109,3호선,삼송,360296,353228,713524,37.6550162726238,126.896562231497
202109,3호선,수서,317224,322381,639605,37.4873889933503,127.101859191018
202109,3호선,신사,544237,571166,1115403,37.5171124958274,127.019494541135
202109,3호선,안국,361576,376394,737970,37.5767203705556,126.985823042976
202109,3호선,압구정,581395,613218,1194613,37.5264308236177,127.028480919224
202109,3호선,약수,248481,245934,494415,37.5545595558163,127.010822526737
202109,3호선,양재,712006,772744,1484750,37.4839347328908,127.034544193436
202109,3호선,연신내,715325,679409,1394734,37.618962003178,126.921162124977
202109,3호선,오금,117633,108291,225924,37.5022659793733,127.127879247544
202109,3호선,옥수,173971,180900,354871,37.5409877747326,127.018965435917
202109,3호선,원당,219091,209763,428854,37.6534333656508,126.843104741837
202109,3호선,원흥,199464,191080,390544,37.6509206996283,126.873307347639
202109,3호선,을지로3가,187182,192312,379494,37.56626594615,126.990308356253
202109,3호선,일원,194109,190596,384705,37.4840735840284,127.084451750048
202109,3호선,잠원,91351,89611,180962,37.5127991148107,127.01122017966
202109,3호선,정발산,138072,139144,277216,37.6589801992463,126.773725939404
202109,3호선,종로3가,186520,216463,402983,37.5704266025836,126.99202930223
202109,3호선,주엽,173433,173612,347045,37.6704315940863,126.761046013417
202109,3호선,지축,86140,83606,169746,37.6496180734177,126.912167788573
202109,3호선,충무로,21,0,21,37.5612890978954,126.994207448462
202109,3호선,학여울,37080,38000,75080,37.4967171864138,127.071718971861
202109,3호선,홍제,333917,317552,651469,37.5887103667691,126.944242309924
202109,3호선,화정,326694,337039,663733,37.6345077843042,126.832630042005
202110,3호선,가락시장,173932,170058,343990,37.4927440321316,127.118485741487
202110,3호선,경복궁,388762,385409,774171,37.5758613027702,126.973062710191
202110,3호선,경찰병원,144656,145532,290188,37.4956031419934,127.124067847413
202110,3호선,고속터미널,780872,764212,1545084,37.5049267445237,127.004949918697
202110,3호선,교대,283114,181618,464732,37.4928178646055,127.013838469407
202110,3호선,구파발,409978,391100,801078,37.6368417889316,126.918745426412
202110,3호선,금호,159524,150266,309790,37.5481125196986,127.015893753726
202110,3호선,남부터미널,570621,586214,1156835,37.48514016604,127.016207055102
202110,3호선,녹번,306945,281288,588233,37.6007421809861,126.936019442532
202110,3호선,대곡,38961,30468,69429,37.6318206316005,126.810602730178
202110,3호선,대청,204715,188556,393271,37.4937218597788,127.079493645766
202110,3호선,대치,213074,214054,427128,37.4945627553067,127.063430193449
202110,3호선,대화,262427,211646,474073,37.675954868441,126.747305098166
202110,3호선,도곡,105379,107046,212425,37.4908647717187,127.05532337372
202110,3호선,독립문,146156,148887,295043,37.5744103589329,126.957750279047
202110,3호선,동대입구,151572,161020,312592,37.559030224347,127.005460196954
202110,3호선,마두,153622,157698,311320,37.6523303524635,126.778195968273
202110,3호선,매봉,246106,235628,481734,37.4869611285839,127.046614560925
202110,3호선,무악재,78920,80608,159528,37.5823841472467,126.950322097494
202110,3호선,백석,197338,197003,394341,37.6431608335662,126.788171623016
202110,3호선,불광,331404,353628,685032,37.6102072578868,126.92998576213
202110,3호선,삼송,376972,368259,745231,37.6550162726238,126.896562231497
202110,3호선,수서,339992,346309,686301,37.4873889933503,127.101859191018
202110,3호선,신사,590341,618129,1208470,37.5171124958274,127.019494541135
202110,3호선,안국,399310,416971,816281,37.5767203705556,126.985823042976
202110,3호선,압구정,609476,646652,1256128,37.5264308236177,127.028480919224
202110,3호선,약수,259193,255853,515046,37.5545595558163,127.010822526737
202110,3호선,양재,759857,826953,1586810,37.4839347328908,127.034544193436
202110,3호선,연신내,738018,699554,1437572,37.618962003178,126.921162124977
202110,3호선,오금,124354,112260,236614,37.5022659793733,127.127879247544
202110,3호선,옥수,180949,188408,369357,37.5409877747326,127.018965435917
202110,3호선,원당,228351,217260,445611,37.6534333656508,126.843104741837
202110,3호선,원흥,210085,200228,410313,37.6509206996283,126.873307347639
202110,3호선,을지로3가,200972,207023,407995,37.56626594615,126.990308356253
202110,3호선,일원,199693,195710,395403,37.4840735840284,127.084451750048
202110,3호선,잠원,96156,95057,191213,37.5127991148107,127.01122017966
202110,3호선,정발산,142988,142783,285771,37.6589801992463,126.773725939404
202110,3호선,종로3가,201311,232666,433977,37.5704266025836,126.99202930223
202110,3호선,주엽,181494,181956,363450,37.6704315940863,126.761046013417
202110,3호선,지축,90654,87317,177971,37.6496180734177,126.912167788573
202110,3호선,충무로,18,0,18,37.5612890978954,126.994207448462
202110,3호선,학여울,41642,42907,84549,37.4967171864138,127.071718971861
202110,3호선,홍제,350216,332464,682680,37.5887103667691,126.944242309924
202110,3호선,화정,340023,349857,689880,37.6345077843042,126.832630042005
202111,3호선,가락시장,200034,196621,396655,37.4927440321316,127.118485741487
202111,3호선,경복궁,473406,473843,947249,37.5758613027702,126.973062710191
202111,3호선,경찰병원,166723,167007,333730,37.4956031419934,127.124067847413
202111,3호선,고속터미널,854964,845216,1700180,37.5049267445237,127.004949918697
202111,3호선,교대,324074,210840,534914,37.4928178646055,127.013838469407
202111,3호선,구파발,461828,437674,899502,37.6368417889316,126.918745426412
202111,3호선,금호,177772,164533,342305,37.5481125196986,127.015893753726
202111,3호선,남부터미널,646134,662269,1308403,37.48514016604,127.016207055102
202111,3호선,녹번,347903,313145,661048,37.6007421809861,126.936019442532
202111,3호선,대곡,43085,34091,77176,37.6318206316005,126.810602730178
202111,3호선,대청,229517,209669,439186,37.4937218597788,127.079493645766
202111,3호선,대치,238464,241680,480144,37.4945627553067,127.063430193449
202111,3호선,대화,299575,238414,537989,37.675954868441,126.747305098166
202111,3호선,도곡,120948,123884,244832,37.4908647717187,127.05532337372
202111,3호선,독립문,155256,161611,316867,37.5744103589329,126.957750279047
202111,3호선,동대입구,176638,188346,364984,37.559030224347,127.005460196954
202111,3호선,마두,172067,174986,347053,37.6523303524635,126.778195968273
202111,3호선,매봉,283686,271792,555478,37.4869611285839,127.046614560925
202111,3호선,무악재,87871,88688,176559,37.5823841472467,126.950322097494
202111,3호선,백석,218278,216974,435252,37.6431608335662,126.788171623016
202111,3호선,불광,365471,388125,753596,37.6102072578868,126.92998576213
202111,3호선,삼송,422565,406919,829484,37.6550162726238,126.896562231497
202111,3호선,수서,381880,386843,768723,37.4873889933503,127.101859191018
202111,3호선,신사,662314,709756,1372070,37.5171124958274,127.019494541135
202111,3호선,안국,475107,495904,971011,37.5767203705556,126.985823042976
202111,3호선,압구정,689261,741609,1430870,37.5264308236177,127.028480919224
202111,3호선,약수,287009,282148,569157,37.5545595558163,127.010822526737
202111,3호선,양재,883372,959362,1842734,37.4839347328908,127.034544193436
202111,3호선,연신내,808296,763829,1572125,37.618962003178,126.921162124977
202111,3호선,오금,141879,126085,267964,37.5022659793733,127.127879247544
202111,3호선,옥수,199451,205365,404816,37.5409877747326,127.018965435917
202111,3호선,원당,253160,238084,491244,37.6534333656508,126.843104741837
202111,3호선,원흥,238921,224771,463692,37.6509206996283,126.873307347639
202111,3호선,을지로3가,237665,247281,484946,37.56626594615,126.990308356253
202111,3호선,일원,229068,220858,449926,37.4840735840284,127.084451750048
202111,3호선,잠원,109101,107520,216621,37.5127991148107,127.01122017966
202111,3호선,정발산,156011,158796,314807,37.6589801992463,126.773725939404
202111,3호선,종로3가,221021,254189,475210,37.5704266025836,126.99202930223
202111,3호선,주엽,202320,199184,401504,37.6704315940863,126.761046013417
202111,3호선,지축,101565,95462,197027,37.6496180734177,126.912167788573
202111,3호선,충무로,24,0,24,37.5612890978954,126.994207448462
202111,3호선,학여울,47363,48586,95949,37.4967171864138,127.071718971861
202111,3호선,홍제,385621,362690,748311,37.5887103667691,126.944242309924
202111,3호선,화정,377101,385108,762209,37.6345077843042,126.832630042005
202112,3호선,가락시장,199471,194792,394263,37.4927440321316,127.118485741487
202112,3호선,경복궁,435719,430137,865856,37.5758613027702,126.973062710191
202112,3호선,경찰병원,166312,166061,332373,37.4956031419934,127.124067847413
202112,3호선,고속터미널,888436,887336,1775772,37.5049267445237,127.004949918697
202112,3호선,교대,318510,206667,525177,37.4928178646055,127.013838469407
202112,3호선,구파발,461617,437626,899243,37.6368417889316,126.918745426412
202112,3호선,금호,178259,167227,345486,37.5481125196986,127.015893753726
202112,3호선,남부터미널,647335,665865,1313200,37.48514016604,127.016207055102
202112,3호선,녹번,349881,316253,666134,37.6007421809861,126.936019442532
202112,3호선,대곡,42896,33717,76613,37.6318206316005,126.810602730178
202112,3호선,대청,227916,209285,437201,37.4937218597788,127.079493645766
202112,3호선,대치,232155,234565,466720,37.4945627553067,127.063430193449
202112,3호선,대화,289501,231557,521058,37.675954868441,126.747305098166
202112,3호선,도곡,119563,120946,240509,37.4908647717187,127.05532337372
202112,3호선,독립문,151731,156119,307850,37.5744103589329,126.957750279047
202112,3호선,동대입구,168126,176434,344560,37.559030224347,127.005460196954
202112,3호선,마두,169232,174183,343415,37.6523303524635,126.778195968273
202112,3호선,매봉,283623,272208,555831,37.4869611285839,127.046614560925
202112,3호선,무악재,87567,88267,175834,37.5823841472467,126.950322097494
202112,3호선,백석,222364,222400,444764,37.6431608335662,126.788171623016
202112,3호선,불광,361223,385276,746499,37.6102072578868,126.92998576213
202112,3호선,삼송,431931,420843,852774,37.6550162726238,126.896562231497
202112,3호선,수서,382996,388803,771799,37.4873889933503,127.101859191018
202112,3호선,신사,696383,736622,1433005,37.5171124958274,127.019494541135
202112,3호선,안국,438704,453797,892501,37.5767203705556,126.985823042976
202112,3호선,압구정,733229,783177,1516406,37.5264308236177,127.028480919224
202112,3호선,약수,292041,284914,576955,37.5545595558163,127.010822526737
202112,3호선,양재,879836,951162,1830998,37.4839347328908,127.034544193436
202112,3호선,연신내,817142,772020,1589162,37.618962003178,126.921162124977
202112,3호선,오금,140428,125188,265616,37.5022659793733,127.127879247544
202112,3호선,옥수,197661,205589,403250,37.5409877747326,127.018965435917
202112,3호선,원당,249077,234526,483603,37.6534333656508,126.843104741837
202112,3호선,원흥,238569,224893,463462,37.6509206996283,126.873307347639
202112,3호선,을지로3가,240263,247577,487840,37.56626594615,126.990308356253
202112,3호선,일원,229258,220448,449706,37.4840735840284,127.084451750048
202112,3호선,잠원,108797,106860,215657,37.5127991148107,127.01122017966
202112,3호선,정발산,159582,161406,320988,37.6589801992463,126.773725939404
202112,3호선,종로3가,226398,259481,485879,37.5704266025836,126.99202930223
202112,3호선,주엽,198762,197770,396532,37.6704315940863,126.761046013417
202112,3호선,지축,100402,96420,196822,37.6496180734177,126.912167788573
202112,3호선,충무로,20,0,20,37.5612890978954,126.994207448462
202112,3호선,학여울,40994,42763,83757,37.4967171864138,127.071718971861
202112,3호선,홍제,382539,363878,746417,37.5887103667691,126.944242309924
202112,3호선,화정,380069,389354,769423,37.6345077843042,126.832630042005
202101,4호선,경마공원,20098,20158,40256,37.4441407439838,127.008051189437
202101,4호선,고잔,152577,146235,298812,37.310138887688,126.853604115068
202101,4호선,과천,95291,89177,184468,37.4334527847941,126.997456834042
202101,4호선,길음,353056,349869,702925,37.603183910563,127.024823216768
202101,4호선,남태령,21552,18359,39911,37.4648575576518,126.988656544337
202101,4호선,노원,322712,360600,683312,37.6562677764281,127.063030448739
202101,4호선,당고개,214649,198432,413081,37.6702926448965,127.079011159467
202101,4호선,대공원,29557,31455,61012,37.4357353154423,127.005564107175
202101,4호선,대야미,84595,77112,161707,37.3283278084294,126.917178861076
202101,4호선,동대문,348126,355543,703669,37.5717775660734,127.011167102297
202101,4호선,동대문역사문화공원,254374,234661,489035,37.5655895229776,127.009131498424
202101,4호선,동작,41143,43157,84300,37.5028703671011,126.980268385443
202101,4호선,명동,281090,285318,566408,37.5609100751113,126.985947030389
202101,4호선,미아,262548,259915,522463,37.6264436445109,127.026103434413
202101,4호선,미아사거리,482764,481076,963840,37.6132861094991,127.030098418544
202101,4호선,반월,73682,71139,144821,37.3120043860232,126.903795028845
202101,4호선,범계,443754,432965,876719,37.38973437119,126.950983854413
202101,4호선,사당,409224,340203,749427,37.4765228347619,126.981408909449
202101,4호선,산본,276162,287166,563328,37.3581051591978,126.933175158373
202101,4호선,삼각지,82263,89194,171457,37.5345937063675,126.973011032988
202101,4호선,상계,337471,316577,654048,37.6609038887184,127.073575379339
202101,4호선,상록수,280168,285053,565221,37.3029804927532,126.865417356052
202101,4호선,서울,188509,249945,438454,37.549118478341,126.970484281315
202101,4호선,선바위,147924,131514,279438,37.4518723418033,127.001363325574
202101,4호선,성신여대입구,333495,323676,657171,37.5927179261346,127.016477649743
202101,4호선,수리산,74409,61183,135592,37.350128811081,126.92549018064
202101,4호선,수유,601138,606093,1207231,37.6377452337445,127.025356901379
202101,4호선,숙대입구,213607,212286,425893,37.5451939759064,126.971872351838
202101,4호선,신길온천,28362,26113,54475,37.3279773719144,126.787289454372
202101,4호선,신용산,269584,278580,548164,37.5296155628471,126.968215931799
202101,4호선,쌍문,526260,492922,1019182,37.6488498649136,127.034880717215
202101,4호선,안산,216892,195821,412713,37.3206930878552,126.805905689102
202101,4호선,오이도,144204,140063,284267,37.3619270024133,126.738463594077
202101,4호선,이촌,117316,131552,248868,37.522520254623,126.973683151228
202101,4호선,인덕원,426777,447846,874623,37.4015080484355,126.976688773261
202101,4호선,정부과천청사,169370,167265,336635,37.4259969407168,126.990186147038
202101,4호선,정왕,132704,142666,275370,37.3375787569365,126.767149151692
202101,4호선,중앙,282461,293799,576260,37.3160120851693,126.838496502051
202101,4호선,창동,451561,483594,935155,37.6532174818989,127.047714954434
202101,4호선,초지,77614,79210,156824,37.3206930878552,126.805905689102
202101,4호선,총신대입구,332698,362385,695083,37.4875538278198,126.982199707405
202101,4호선,충무로,471544,480893,952437,37.5612890978954,126.994207448462
202101,4호선,평촌,332003,328144,660147,37.3944955073661,126.963866284332
202101,4호선,한대앞,144796,146038,290834,37.310138887688,126.853604115068
202101,4호선,한성대입구,225410,224777,450187,37.5883948842004,127.00595033342
202101,4호선,혜화,510046,497916,1007962,37.5818036223189,127.001978401429
202101,4호선,회현,396104,407300,803404,37.5585353196435,126.978239147279
202102,4호선,경마공원,19017,19048,38065,37.4441407439838,127.008051189437
202102,4호선,고잔,149281,143200,292481,37.310138887688,126.853604115068
202102,4호선,과천,96474,89472,185946,37.4334527847941,126.997456834042
202102,4호선,길음,354010,345829,699839,37.603183910563,127.024823216768
202102,4호선,남태령,20612,18319,38931,37.4648575576518,126.988656544337
202102,4호선,노원,335531,371207,706738,37.6562677764281,127.063030448739
202102,4호선,당고개,218238,200170,418408,37.6702926448965,127.079011159467
202102,4호선,대공원,36819,38312,75131,37.4357353154423,127.005564107175
202102,4호선,대야미,85365,76269,161634,37.3283278084294,126.917178861076
202102,4호선,동대문,337663,350550,688213,37.5717775660734,127.011167102297
202102,4호선,동대문역사문화공원,253068,234100,487168,37.5655895229776,127.009131498424
202102,4호선,동작,42477,44805,87282,37.5028703671011,126.980268385443
202102,4호선,명동,290035,299808,589843,37.5609100751113,126.985947030389
202102,4호선,미아,263040,259832,522872,37.6264436445109,127.026103434413
202102,4호선,미아사거리,486605,479246,965851,37.6132861094991,127.030098418544
202102,4호선,반월,73920,70935,144855,37.3120043860232,126.903795028845
202102,4호선,범계,445267,435154,880421,37.38973437119,126.950983854413
202102,4호선,사당,418420,349767,768187,37.4765228347619,126.981408909449
202102,4호선,산본,281072,300169,581241,37.3581051591978,126.933175158373
202102,4호선,삼각지,81074,89687,170761,37.5345937063675,126.973011032988
202102,4호선,상계,337713,314415,652128,37.6609038887184,127.073575379339
202102,4호선,상록수,279943,282785,562728,37.3029804927532,126.865417356052
202102,4호선,서울,185598,261994,447592,37.549118478341,126.970484281315
202102,4호선,선바위,144599,126147,270746,37.4518723418033,127.001363325574
202102,4호선,성신여대입구,345923,333204,679127,37.5927179261346,127.016477649743
202102,4호선,수리산,72848,58891,131739,37.350128811081,126.92549018064
202102,4호선,수유,603195,602910,1206105,37.6377452337445,127.025356901379
202102,4호선,숙대입구,219885,215809,435694,37.5451939759064,126.971872351838
202102,4호선,신길온천,28812,26597,55409,37.3279773719144,126.787289454372
202102,4호선,신용산,271491,284934,556425,37.5296155628471,126.968215931799
202102,4호선,쌍문,524451,485987,1010438,37.6488498649136,127.034880717215
202102,4호선,안산,214492,197016,411508,37.3206930878552,126.805905689102
202102,4호선,오이도,147233,143188,290421,37.3619270024133,126.738463594077
202102,4호선,이촌,123841,138587,262428,37.522520254623,126.973683151228
202102,4호선,인덕원,416462,429622,846084,37.4015080484355,126.976688773261
202102,4호선,정부과천청사,168721,167531,336252,37.4259969407168,126.990186147038
202102,4호선,정왕,130356,138784,269140,37.3375787569365,126.767149151692
202102,4호선,중앙,298111,309769,607880,37.3160120851693,126.838496502051
202102,4호선,창동,462396,492414,954810,37.6532174818989,127.047714954434
202102,4호선,초지,77866,79814,157680,37.3206930878552,126.805905689102
202102,4호선,총신대입구,336693,367596,704289,37.4875538278198,126.982199707405
202102,4호선,충무로,458514,470745,929259,37.5612890978954,126.994207448462
202102,4호선,평촌,316921,313231,630152,37.3944955073661,126.963866284332
202102,4호선,한대앞,146175,146024,292199,37.310138887688,126.853604115068
202102,4호선,한성대입구,231718,228160,459878,37.5883948842004,127.00595033342
202102,4호선,혜화,533867,531189,1065056,37.5818036223189,127.001978401429
202102,4호선,회현,393409,411344,804753,37.5585353196435,126.978239147279
202103,4호선,경마공원,25058,24804,49862,37.4441407439838,127.008051189437
202103,4호선,고잔,195747,188262,384009,37.310138887688,126.853604115068
202103,4호선,과천,123717,113946,237663,37.4334527847941,126.997456834042
202103,4호선,길음,457183,446895,904078,37.603183910563,127.024823216768
202103,4호선,남태령,27717,25133,52850,37.4648575576518,126.988656544337
202103,4호선,노원,421214,469236,890450,37.6562677764281,127.063030448739
202103,4호선,당고개,283653,259156,542809,37.6702926448965,127.079011159467
202103,4호선,대공원,56432,59004,115436,37.4357353154423,127.005564107175
202103,4호선,대야미,112331,100574,212905,37.3283278084294,126.917178861076
202103,4호선,동대문,461343,475105,936448,37.5717775660734,127.011167102297
202103,4호선,동대문역사문화공원,324391,300591,624982,37.5655895229776,127.009131498424
202103,4호선,동작,59177,62993,122170,37.5028703671011,126.980268385443
202103,4호선,명동,372295,384194,756489,37.5609100751113,126.985947030389
202103,4호선,미아,344006,336599,680605,37.6264436445109,127.026103434413
202103,4호선,미아사거리,619961,605325,1225286,37.6132861094991,127.030098418544
202103,4호선,반월,97688,93722,191410,37.3120043860232,126.903795028845
202103,4호선,범계,567656,560823,1128479,37.38973437119,126.950983854413
202103,4호선,사당,540547,455201,995748,37.4765228347619,126.981408909449
202103,4호선,산본,356960,383013,739973,37.3581051591978,126.933175158373
202103,4호선,삼각지,108600,119993,228593,37.5345937063675,126.973011032988
202103,4호선,상계,428245,398188,826433,37.6609038887184,127.073575379339
202103,4호선,상록수,363334,365296,728630,37.3029804927532,126.865417356052
202103,4호선,서울,239506,325286,564792,37.549118478341,126.970484281315
202103,4호선,선바위,190345,165121,355466,37.4518723418033,127.001363325574
202103,4호선,성신여대입구,445763,427116,872879,37.5927179261346,127.016477649743
202103,4호선,수리산,95450,77419,172869,37.350128811081,126.92549018064
202103,4호선,수유,759049,757328,1516377,37.6377452337445,127.025356901379
202103,4호선,숙대입구,293148,288263,581411,37.5451939759064,126.971872351838
202103,4호선,신길온천,37810,35293,73103,37.3279773719144,126.787289454372
202103,4호선,신용산,346294,365834,712128,37.5296155628471,126.968215931799
202103,4호선,쌍문,663834,611570,1275404,37.6488498649136,127.034880717215
202103,4호선,안산,262611,235859,498470,37.3206930878552,126.805905689102
202103,4호선,오이도,190003,185224,375227,37.3619270024133,126.738463594077
202103,4호선,이촌,158508,178239,336747,37.522520254623,126.973683151228
202103,4호선,인덕원,533168,547353,1080521,37.4015080484355,126.976688773261
202103,4호선,정부과천청사,224738,221868,446606,37.4259969407168,126.990186147038
202103,4호선,정왕,211521,219287,430808,37.3375787569365,126.767149151692
202103,4호선,중앙,392550,408185,800735,37.3160120851693,126.838496502051
202103,4호선,창동,579271,614878,1194149,37.6532174818989,127.047714954434
202103,4호선,초지,117375,125564,242939,37.3206930878552,126.805905689102
202103,4호선,총신대입구,426146,464538,890684,37.4875538278198,126.982199707405
202103,4호선,충무로,589907,605989,1195896,37.5612890978954,126.994207448462
202103,4호선,평촌,402934,397329,800263,37.3944955073661,126.963866284332
202103,4호선,한대앞,196877,197922,394799,37.310138887688,126.853604115068
202103,4호선,한성대입구,307364,298534,605898,37.5883948842004,127.00595033342
202103,4호선,혜화,685627,683662,1369289,37.5818036223189,127.001978401429
202103,4호선,회현,534839,563929,1098768,37.5585353196435,126.978239147279
202104,4호선,경마공원,27624,27322,54946,37.4441407439838,127.008051189437
202104,4호선,고잔,196616,188420,385036,37.310138887688,126.853604115068
202104,4호선,과천,122944,113919,236863,37.4334527847941,126.997456834042
202104,4호선,길음,449055,437550,886605,37.603183910563,127.024823216768
202104,4호선,남태령,27184,24596,51780,37.4648575576518,126.988656544337
202104,4호선,노원,409271,457497,866768,37.6562677764281,127.063030448739
202104,4호선,당고개,282857,259007,541864,37.6702926448965,127.079011159467
202104,4호선,대공원,77975,81096,159071,37.4357353154423,127.005564107175
202104,4호선,대야미,113615,102015,215630,37.3283278084294,126.917178861076
202104,4호선,동대문,450852,464169,915021,37.5717775660734,127.011167102297
202104,4호선,동대문역사문화공원,312050,290043,602093,37.5655895229776,127.009131498424
202104,4호선,동작,60045,64129,124174,37.5028703671011,126.980268385443
202104,4호선,명동,374897,387744,762641,37.5609100751113,126.985947030389
202104,4호선,미아,335399,327468,662867,37.6264436445109,127.026103434413
202104,4호선,미아사거리,609096,592465,1201561,37.6132861094991,127.030098418544
202104,4호선,반월,97881,93572,191453,37.3120043860232,126.903795028845
202104,4호선,범계,558817,551914,1110731,37.38973437119,126.950983854413
202104,4호선,사당,530461,445250,975711,37.4765228347619,126.981408909449
202104,4호선,산본,352450,377494,729944,37.3581051591978,126.933175158373
202104,4호선,삼각지,110469,120397,230866,37.5345937063675,126.973011032988
202104,4호선,상계,423682,393394,817076,37.6609038887184,127.073575379339
202104,4호선,상록수,362084,364684,726768,37.3029804927532,126.865417356052
202104,4호선,서울,237602,325353,562955,37.549118478341,126.970484281315
202104,4호선,선바위,189540,164256,353796,37.4518723418033,127.001363325574
202104,4호선,성신여대입구,432219,410573,842792,37.5927179261346,127.016477649743
202104,4호선,수리산,97085,80686,177771,37.350128811081,126.92549018064
202104,4호선,수유,744232,742389,1486621,37.6377452337445,127.025356901379
202104,4호선,숙대입구,285673,279700,565373,37.5451939759064,126.971872351838
202104,4호선,신길온천,38185,35287,73472,37.3279773719144,126.787289454372
202104,4호선,신용산,341283,357890,699173,37.5296155628471,126.968215931799
202104,4호선,쌍문,649025,598531,1247556,37.6488498649136,127.034880717215
202104,4호선,안산,258813,235941,494754,37.3206930878552,126.805905689102
202104,4호선,오이도,188755,183959,372714,37.3619270024133,126.738463594077
202104,4호선,이촌,157134,176395,333529,37.522520254623,126.973683151228
202104,4호선,인덕원,528919,541837,1070756,37.4015080484355,126.976688773261
202104,4호선,정부과천청사,220819,218906,439725,37.4259969407168,126.990186147038
202104,4호선,정왕,214088,220139,434227,37.3375787569365,126.767149151692
202104,4호선,중앙,380453,397642,778095,37.3160120851693,126.838496502051
202104,4호선,창동,561379,596655,1158034,37.6532174818989,127.047714954434
202104,4호선,초지,111943,120081,232024,37.3206930878552,126.805905689102
202104,4호선,총신대입구,415669,451704,867373,37.4875538278198,126.982199707405
202104,4호선,충무로,580793,599033,1179826,37.5612890978954,126.994207448462
202104,4호선,평촌,398405,392726,791131,37.3944955073661,126.963866284332
202104,4호선,한대앞,200919,200303,401222,37.310138887688,126.853604115068
202104,4호선,한성대입구,304897,296739,601636,37.5883948842004,127.00595033342
202104,4호선,혜화,663350,661730,1325080,37.5818036223189,127.001978401429
202104,4호선,회현,525524,554236,1079760,37.5585353196435,126.978239147279
202105,4호선,경마공원,25139,24318,49457,37.4441407439838,127.008051189437
202105,4호선,고잔,181033,173493,354526,37.310138887688,126.853604115068
202105,4호선,과천,114193,104932,219125,37.4334527847941,126.997456834042
202105,4호선,길음,411756,401068,812824,37.603183910563,127.024823216768
202105,4호선,남태령,25511,22540,48051,37.4648575576518,126.988656544337
202105,4호선,노원,385033,429747,814780,37.6562677764281,127.063030448739
202105,4호선,당고개,265855,242914,508769,37.6702926448965,127.079011159467
202105,4호선,대공원,80050,82827,162877,37.4357353154423,127.005564107175
202105,4호선,대야미,102434,92953,195387,37.3283278084294,126.917178861076
202105,4호선,동대문,423805,436926,860731,37.5717775660734,127.011167102297
202105,4호선,동대문역사문화공원,293037,272122,565159,37.5655895229776,127.009131498424
202105,4호선,동작,54062,58257,112319,37.5028703671011,126.980268385443
202105,4호선,명동,342033,355024,697057,37.5609100751113,126.985947030389
202105,4호선,미아,309626,301621,611247,37.6264436445109,127.026103434413
202105,4호선,미아사거리,561828,546970,1108798,37.6132861094991,127.030098418544
202105,4호선,반월,89425,85212,174637,37.3120043860232,126.903795028845
202105,4호선,범계,516058,508163,1024221,37.38973437119,126.950983854413
202105,4호선,사당,490910,415965,906875,37.4765228347619,126.981408909449
202105,4호선,산본,322829,345895,668724,37.3581051591978,126.933175158373
202105,4호선,삼각지,101460,110916,212376,37.5345937063675,126.973011032988
202105,4호선,상계,390130,362177,752307,37.6609038887184,127.073575379339
202105,4호선,상록수,331374,333307,664681,37.3029804927532,126.865417356052
202105,4호선,서울,211961,305556,517517,37.549118478341,126.970484281315
202105,4호선,선바위,173518,150840,324358,37.4518723418033,127.001363325574
202105,4호선,성신여대입구,409338,389170,798508,37.5927179261346,127.016477649743
202105,4호선,수리산,86706,71047,157753,37.350128811081,126.92549018064
202105,4호선,수유,690091,685629,1375720,37.6377452337445,127.025356901379
202105,4호선,숙대입구,260512,255218,515730,37.5451939759064,126.971872351838
202105,4호선,신길온천,34825,32214,67039,37.3279773719144,126.787289454372
202105,4호선,신용산,314299,333031,647330,37.5296155628471,126.968215931799
202105,4호선,쌍문,599885,547407,1147292,37.6488498649136,127.034880717215
202105,4호선,안산,239098,216930,456028,37.3206930878552,126.805905689102
202105,4호선,오이도,175868,171655,347523,37.3619270024133,126.738463594077
202105,4호선,이촌,149006,167426,316432,37.522520254623,126.973683151228
202105,4호선,인덕원,480184,489849,970033,37.4015080484355,126.976688773261
202105,4호선,정부과천청사,203452,202003,405455,37.4259969407168,126.990186147038
202105,4호선,정왕,194315,201214,395529,37.3375787569365,126.767149151692
202105,4호선,중앙,357860,373057,730917,37.3160120851693,126.838496502051
202105,4호선,창동,524909,555563,1080472,37.6532174818989,127.047714954434
202105,4호선,초지,97632,103458,201090,37.3206930878552,126.805905689102
202105,4호선,총신대입구,383869,417521,801390,37.4875538278198,126.982199707405
202105,4호선,충무로,522745,542233,1064978,37.5612890978954,126.994207448462
202105,4호선,평촌,359893,355035,714928,37.3944955073661,126.963866284332
202105,4호선,한대앞,186083,185231,371314,37.310138887688,126.853604115068
202105,4호선,한성대입구,285243,277694,562937,37.5883948842004,127.00595033342
202105,4호선,혜화,629982,631106,1261088,37.5818036223189,127.001978401429
202105,4호선,회현,479974,511122,991096,37.5585353196435,126.978239147279
202106,4호선,경마공원,29437,29182,58619,37.4441407439838,127.008051189437
202106,4호선,고잔,197181,188213,385394,37.310138887688,126.853604115068
202106,4호선,과천,124358,114040,238398,37.4334527847941,126.997456834042
202106,4호선,길음,441113,426312,867425,37.603183910563,127.024823216768
202106,4호선,남태령,27835,24422,52257,37.4648575576518,126.988656544337
202106,4호선,노원,405800,456003,861803,37.6562677764281,127.063030448739
202106,4호선,당고개,282749,257069,539818,37.6702926448965,127.079011159467
202106,4호선,대공원,61085,63688,124773,37.4357353154423,127.005564107175
202106,4호선,대야미,111191,100937,212128,37.3283278084294,126.917178861076
202106,4호선,동대문,451058,462343,913401,37.5717775660734,127.011167102297
202106,4호선,동대문역사문화공원,316985,293631,610616,37.5655895229776,127.009131498424
202106,4호선,동작,55286,59435,114721,37.5028703671011,126.980268385443
202106,4호선,명동,383187,400329,783516,37.5609100751113,126.985947030389
202106,4호선,미아,324546,316012,640558,37.6264436445109,127.026103434413
202106,4호선,미아사거리,603946,586031,1189977,37.6132861094991,127.030098418544
202106,4호선,반월,96561,92136,188697,37.3120043860232,126.903795028845
202106,4호선,범계,560800,555475,1116275,37.38973437119,126.950983854413
202106,4호선,사당,529857,444197,974054,37.4765228347619,126.981408909449
202106,4호선,산본,353061,373931,726992,37.3581051591978,126.933175158373
202106,4호선,삼각지,112776,122957,235733,37.5345937063675,126.973011032988
202106,4호선,상계,422058,390954,813012,37.6609038887184,127.073575379339
202106,4호선,상록수,354704,356772,711476,37.3029804927532,126.865417356052
202106,4호선,서울,234219,336028,570247,37.549118478341,126.970484281315
202106,4호선,선바위,190319,164983,355302,37.4518723418033,127.001363325574
202106,4호선,성신여대입구,426047,404507,830554,37.5927179261346,127.016477649743
202106,4호선,수리산,96026,77588,173614,37.350128811081,126.92549018064
202106,4호선,수유,739334,734377,1473711,37.6377452337445,127.025356901379
202106,4호선,숙대입구,283713,276436,560149,37.5451939759064,126.971872351838
202106,4호선,신길온천,37765,34985,72750,37.3279773719144,126.787289454372
202106,4호선,신용산,349934,372982,722916,37.5296155628471,126.968215931799
202106,4호선,쌍문,649585,596856,1246441,37.6488498649136,127.034880717215
202106,4호선,안산,256663,233055,489718,37.3206930878552,126.805905689102
202106,4호선,오이도,188978,182338,371316,37.3619270024133,126.738463594077
202106,4호선,이촌,161842,180976,342818,37.522520254623,126.973683151228
202106,4호선,인덕원,527536,540559,1068095,37.4015080484355,126.976688773261
202106,4호선,정부과천청사,224946,223753,448699,37.4259969407168,126.990186147038
202106,4호선,정왕,199715,206199,405914,37.3375787569365,126.767149151692
202106,4호선,중앙,383257,398153,781410,37.3160120851693,126.838496502051
202106,4호선,창동,563529,596899,1160428,37.6532174818989,127.047714954434
202106,4호선,초지,105056,111279,216335,37.3206930878552,126.805905689102
202106,4호선,총신대입구,414172,450155,864327,37.4875538278198,126.982199707405
202106,4호선,충무로,576669,597995,1174664,37.5612890978954,126.994207448462
202106,4호선,평촌,400422,396432,796854,37.3944955073661,126.963866284332
202106,4호선,한대앞,202119,201701,403820,37.310138887688,126.853604115068
202106,4호선,한성대입구,301163,291833,592996,37.5883948842004,127.00595033342
202106,4호선,혜화,666428,670222,1336650,37.5818036223189,127.001978401429
202106,4호선,회현,524228,556293,1080521,37.5585353196435,126.978239147279
202107,4호선,경마공원,23987,23717,47704,37.4441407439838,127.008051189437
202107,4호선,고잔,175836,167142,342978,37.310138887688,126.853604115068
202107,4호선,과천,112751,103771,216522,37.4334527847941,126.997456834042
202107,4호선,길음,393587,380437,774024,37.603183910563,127.024823216768
202107,4호선,남태령,23509,20056,43565,37.4648575576518,126.988656544337
202107,4호선,노원,372226,415282,787508,37.6562677764281,127.063030448739
202107,4호선,당고개,260766,237738,498504,37.6702926448965,127.079011159467
202107,4호선,대공원,45012,46852,91864,37.4357353154423,127.005564107175
202107,4호선,대야미,99371,90241,189612,37.3283278084294,126.917178861076
202107,4호선,동대문,413771,422871,836642,37.5717775660734,127.011167102297
202107,4호선,동대문역사문화공원,286845,265571,552416,37.5655895229776,127.009131498424
202107,4호선,동작,44195,46692,90887,37.5028703671011,126.980268385443
202107,4호선,명동,329589,339376,668965,37.5609100751113,126.985947030389
202107,4호선,미아,297001,289890,586891,37.6264436445109,127.026103434413
202107,4호선,미아사거리,549845,536172,1086017,37.6132861094991,127.030098418544
202107,4호선,반월,84917,81820,166737,37.3120043860232,126.903795028845
202107,4호선,범계,501837,496687,998524,37.38973437119,126.950983854413
202107,4호선,사당,461493,381962,843455,37.4765228347619,126.981408909449
202107,4호선,산본,316497,342127,658624,37.3581051591978,126.933175158373
202107,4호선,삼각지,98582,107142,205724,37.5345937063675,126.973011032988
202107,4호선,상계,385755,360376,746131,37.6609038887184,127.073575379339
202107,4호선,상록수,312218,315329,627547,37.3029804927532,126.865417356052
202107,4호선,서울,205156,282036,487192,37.549118478341,126.970484281315
202107,4호선,선바위,165925,144551,310476,37.4518723418033,127.001363325574
202107,4호선,성신여대입구,383697,368506,752203,37.5927179261346,127.016477649743
202107,4호선,수리산,85065,68607,153672,37.350128811081,126.92549018064
202107,4호선,수유,676987,674589,1351576,37.6377452337445,127.025356901379
202107,4호선,숙대입구,246153,240305,486458,37.5451939759064,126.971872351838
202107,4호선,신길온천,33948,31636,65584,37.3279773719144,126.787289454372
202107,4호선,신용산,302523,322571,625094,37.5296155628471,126.968215931799
202107,4호선,쌍문,594877,548394,1143271,37.6488498649136,127.034880717215
202107,4호선,안산,236952,215148,452100,37.3206930878552,126.805905689102
202107,4호선,오이도,172243,166564,338807,37.3619270024133,126.738463594077
202107,4호선,이촌,142082,158283,300365,37.522520254623,126.973683151228
202107,4호선,인덕원,469689,486068,955757,37.4015080484355,126.976688773261
202107,4호선,정부과천청사,204755,203326,408081,37.4259969407168,126.990186147038
202107,4호선,정왕,152577,163807,316384,37.3375787569365,126.767149151692
202107,4호선,중앙,335140,348293,683433,37.3160120851693,126.838496502051
202107,4호선,창동,505531,536396,1041927,37.6532174818989,127.047714954434
202107,4호선,초지,86595,88934,175529,37.3206930878552,126.805905689102
202107,4호선,총신대입구,371579,403521,775100,37.4875538278198,126.982199707405
202107,4호선,충무로,520571,539122,1059693,37.5612890978954,126.994207448462
202107,4호선,평촌,360442,356500,716942,37.3944955073661,126.963866284332
202107,4호선,한대앞,171640,172420,344060,37.310138887688,126.853604115068
202107,4호선,한성대입구,261154,252316,513470,37.5883948842004,127.00595033342
202107,4호선,혜화,593197,590358,1183555,37.5818036223189,127.001978401429
202107,4호선,회현,457422,481724,939146,37.5585353196435,126.978239147279
202108,4호선,경마공원,21589,20924,42513,37.4441407439838,127.008051189437
202108,4호선,고잔,164597,156587,321184,37.310138887688,126.853604115068
202108,4호선,과천,107465,100094,207559,37.4334527847941,126.997456834042
202108,4호선,길음,373231,365948,739179,37.603183910563,127.024823216768
202108,4호선,남태령,22070,18806,40876,37.4648575576518,126.988656544337
202108,4호선,노원,356097,396758,752855,37.6562677764281,127.063030448739
202108,4호선,당고개,246694,225584,472278,37.6702926448965,127.079011159467
202108,4호선,대공원,47368,49288,96656,37.4357353154423,127.005564107175
202108,4호선,대야미,94223,86006,180229,37.3283278084294,126.917178861076
202108,4호선,동대문,360251,369492,729743,37.5717775660734,127.011167102297
202108,4호선,동대문역사문화공원,270880,248259,519139,37.5655895229776,127.009131498424
202108,4호선,동작,39164,41028,80192,37.5028703671011,126.980268385443
202108,4호선,명동,314024,323615,637639,37.5609100751113,126.985947030389
202108,4호선,미아,282595,276530,559125,37.6264436445109,127.026103434413
202108,4호선,미아사거리,522486,508915,1031401,37.6132861094991,127.030098418544
202108,4호선,반월,80702,78435,159137,37.3120043860232,126.903795028845
202108,4호선,범계,471925,467382,939307,37.38973437119,126.950983854413
202108,4호선,사당,441190,364537,805727,37.4765228347619,126.981408909449
202108,4호선,산본,299907,324098,624005,37.3581051591978,126.933175158373
202108,4호선,삼각지,93852,102512,196364,37.5345937063675,126.973011032988
202108,4호선,상계,364822,341722,706544,37.6609038887184,127.073575379339
202108,4호선,상록수,296148,298794,594942,37.3029804927532,126.865417356052
202108,4호선,서울,193635,267582,461217,37.549118478341,126.970484281315
202108,4호선,선바위,156285,137776,294061,37.4518723418033,127.001363325574
202108,4호선,성신여대입구,367174,356430,723604,37.5927179261346,127.016477649743
202108,4호선,수리산,79484,65079,144563,37.350128811081,126.92549018064
202108,4호선,수유,645210,646299,1291509,37.6377452337445,127.025356901379
202108,4호선,숙대입구,233823,229483,463306,37.5451939759064,126.971872351838
202108,4호선,신길온천,31990,29427,61417,37.3279773719144,126.787289454372
202108,4호선,신용산,290402,307310,597712,37.5296155628471,126.968215931799
202108,4호선,쌍문,564698,522762,1087460,37.6488498649136,127.034880717215
202108,4호선,안산,222261,203988,426249,37.3206930878552,126.805905689102
202108,4호선,오이도,162969,157420,320389,37.3619270024133,126.738463594077
202108,4호선,이촌,138705,153919,292624,37.522520254623,126.973683151228
202108,4호선,인덕원,441959,462987,904946,37.4015080484355,126.976688773261
202108,4호선,정부과천청사,194288,192196,386484,37.4259969407168,126.990186147038
202108,4호선,정왕,143291,153083,296374,37.3375787569365,126.767149151692
202108,4호선,중앙,317420,328319,645739,37.3160120851693,126.838496502051
202108,4호선,창동,481162,511099,992261,37.6532174818989,127.047714954434
202108,4호선,초지,82677,85814,168491,37.3206930878552,126.805905689102
202108,4호선,총신대입구,357380,387916,745296,37.4875538278198,126.982199707405
202108,4호선,충무로,486716,505826,992542,37.5612890978954,126.994207448462
202108,4호선,평촌,336600,332260,668860,37.3944955073661,126.963866284332
202108,4호선,한대앞,162110,162704,324814,37.310138887688,126.853604115068
202108,4호선,한성대입구,250531,242797,493328,37.5883948842004,127.00595033342
202108,4호선,혜화,577500,576738,1154238,37.5818036223189,127.001978401429
202108,4호선,회현,421742,442196,863938,37.5585353196435,126.978239147279
202109,4호선,경마공원,22498,21953,44451,37.4441407439838,127.008051189437
202109,4호선,고잔,167230,159971,327201,37.310138887688,126.853604115068
202109,4호선,과천,108979,100492,209471,37.4334527847941,126.997456834042
202109,4호선,길음,384333,377804,762137,37.603183910563,127.024823216768
202109,4호선,남태령,23593,20496,44089,37.4648575576518,126.988656544337
202109,4호선,노원,357535,397882,755417,37.6562677764281,127.063030448739
202109,4호선,당고개,250865,229629,480494,37.6702926448965,127.079011159467
202109,4호선,대공원,63732,65993,129725,37.4357353154423,127.005564107175
202109,4호선,대야미,97006,88158,185164,37.3283278084294,126.917178861076
202109,4호선,동대문,372302,383110,755412,37.5717775660734,127.011167102297
202109,4호선,동대문역사문화공원,269387,249173,518560,37.5655895229776,127.009131498424
202109,4호선,동작,40372,42771,83143,37.5028703671011,126.980268385443
202109,4호선,명동,327510,336614,664124,37.5609100751113,126.985947030389
202109,4호선,미아,293801,287644,581445,37.6264436445109,127.026103434413
202109,4호선,미아사거리,532500,517893,1050393,37.6132861094991,127.030098418544
202109,4호선,반월,85178,82245,167423,37.3120043860232,126.903795028845
202109,4호선,범계,469558,466233,935791,37.38973437119,126.950983854413
202109,4호선,사당,444890,375046,819936,37.4765228347619,126.981408909449
202109,4호선,산본,303149,324255,627404,37.3581051591978,126.933175158373
202109,4호선,삼각지,93587,103405,196992,37.5345937063675,126.973011032988
202109,4호선,상계,372214,348209,720423,37.6609038887184,127.073575379339
202109,4호선,상록수,305763,309890,615653,37.3029804927532,126.865417356052
202109,4호선,서울,190534,268302,458836,37.549118478341,126.970484281315
202109,4호선,선바위,157046,137606,294652,37.4518723418033,127.001363325574
202109,4호선,성신여대입구,376839,363391,740230,37.5927179261346,127.016477649743
202109,4호선,수리산,81633,67652,149285,37.350128811081,126.92549018064
202109,4호선,수유,652812,652968,1305780,37.6377452337445,127.025356901379
202109,4호선,숙대입구,242174,235140,477314,37.5451939759064,126.971872351838
202109,4호선,신길온천,33907,31450,65357,37.3279773719144,126.787289454372
202109,4호선,신용산,288440,305576,594016,37.5296155628471,126.968215931799
202109,4호선,쌍문,568205,525342,1093547,37.6488498649136,127.034880717215
202109,4호선,안산,234951,214585,449536,37.3206930878552,126.805905689102
202109,4호선,오이도,167536,162489,330025,37.3619270024133,126.738463594077
202109,4호선,이촌,135991,152177,288168,37.522520254623,126.973683151228
202109,4호선,인덕원,444675,466320,910995,37.4015080484355,126.976688773261
202109,4호선,정부과천청사,195997,192329,388326,37.4259969407168,126.990186147038
202109,4호선,정왕,169210,176750,345960,37.3375787569365,126.767149151692
202109,4호선,중앙,326664,339627,666291,37.3160120851693,126.838496502051
202109,4호선,창동,487438,515440,1002878,37.6532174818989,127.047714954434
202109,4호선,초지,90484,95914,186398,37.3206930878552,126.805905689102
202109,4호선,총신대입구,362809,392957,755766,37.4875538278198,126.982199707405
202109,4호선,충무로,484937,504658,989595,37.5612890978954,126.994207448462
202109,4호선,평촌,335937,332107,668044,37.3944955073661,126.963866284332
202109,4호선,한대앞,167317,167075,334392,37.310138887688,126.853604115068
202109,4호선,한성대입구,260234,253175,513409,37.5883948842004,127.00595033342
202109,4호선,혜화,574841,575984,1150825,37.5818036223189,127.001978401429
202109,4호선,회현,429135,454151,883286,37.5585353196435,126.978239147279
202110,4호선,경마공원,24932,24386,49318,37.4441407439838,127.008051189437
202110,4호선,고잔,177350,169068,346418,37.310138887688,126.853604115068
202110,4호선,과천,113377,104198,217575,37.4334527847941,126.997456834042
202110,4호선,길음,398263,389522,787785,37.603183910563,127.024823216768
202110,4호선,남태령,24343,20966,45309,37.4648575576518,126.988656544337
202110,4호선,노원,370235,411797,782032,37.6562677764281,127.063030448739
202110,4호선,당고개,257607,235237,492844,37.6702926448965,127.079011159467
202110,4호선,대공원,69689,72175,141864,37.4357353154423,127.005564107175
202110,4호선,대야미,102560,92708,195268,37.3283278084294,126.917178861076
202110,4호선,동대문,401697,415900,817597,37.5717775660734,127.011167102297
202110,4호선,동대문역사문화공원,282134,263057,545191,37.5655895229776,127.009131498424
202110,4호선,동작,38968,41403,80371,37.5028703671011,126.980268385443
202110,4호선,명동,339462,353551,693013,37.5609100751113,126.985947030389
202110,4호선,미아,302484,294376,596860,37.6264436445109,127.026103434413
202110,4호선,미아사거리,550809,534519,1085328,37.6132861094991,127.030098418544
202110,4호선,반월,88685,84972,173657,37.3120043860232,126.903795028845
202110,4호선,범계,501531,497535,999066,37.38973437119,126.950983854413
202110,4호선,사당,479156,407225,886381,37.4765228347619,126.981408909449
202110,4호선,산본,319792,344007,663799,37.3581051591978,126.933175158373
202110,4호선,삼각지,100457,111358,211815,37.5345937063675,126.973011032988
202110,4호선,상계,382498,356089,738587,37.6609038887184,127.073575379339
202110,4호선,상록수,326419,330277,656696,37.3029804927532,126.865417356052
202110,4호선,서울,203961,296269,500230,37.549118478341,126.970484281315
202110,4호선,선바위,166415,146310,312725,37.4518723418033,127.001363325574
202110,4호선,성신여대입구,394363,379713,774076,37.5927179261346,127.016477649743
202110,4호선,수리산,86240,70955,157195,37.350128811081,126.92549018064
202110,4호선,수유,669932,669647,1339579,37.6377452337445,127.025356901379
202110,4호선,숙대입구,253056,246279,499335,37.5451939759064,126.971872351838
202110,4호선,신길온천,35062,32695,67757,37.3279773719144,126.787289454372
202110,4호선,신용산,307899,326161,634060,37.5296155628471,126.968215931799
202110,4호선,쌍문,586605,541343,1127948,37.6488498649136,127.034880717215
202110,4호선,안산,233438,212778,446216,37.3206930878552,126.805905689102
202110,4호선,오이도,174248,169481,343729,37.3619270024133,126.738463594077
202110,4호선,이촌,139713,155477,295190,37.522520254623,126.973683151228
202110,4호선,인덕원,474616,494610,969226,37.4015080484355,126.976688773261
202110,4호선,정부과천청사,208252,204392,412644,37.4259969407168,126.990186147038
202110,4호선,정왕,185933,192455,378388,37.3375787569365,126.767149151692
202110,4호선,중앙,353410,366813,720223,37.3160120851693,126.838496502051
202110,4호선,창동,503520,530013,1033533,37.6532174818989,127.047714954434
202110,4호선,초지,97200,103612,200812,37.3206930878552,126.805905689102
202110,4호선,총신대입구,389405,421679,811084,37.4875538278198,126.982199707405
202110,4호선,충무로,517197,537175,1054372,37.5612890978954,126.994207448462
202110,4호선,평촌,353018,349500,702518,37.3944955073661,126.963866284332
202110,4호선,한대앞,192179,192587,384766,37.310138887688,126.853604115068
202110,4호선,한성대입구,270602,262536,533138,37.5883948842004,127.00595033342
202110,4호선,혜화,606481,607089,1213570,37.5818036223189,127.001978401429
202110,4호선,회현,470437,500722,971159,37.5585353196435,126.978239147279
202111,4호선,경마공원,44092,42941,87033,37.4441407439838,127.008051189437
202111,4호선,고잔,197903,187978,385881,37.310138887688,126.853604115068
202111,4호선,과천,129713,118328,248041,37.4334527847941,126.997456834042
202111,4호선,길음,451395,435779,887174,37.603183910563,127.024823216768
202111,4호선,남태령,28271,24821,53092,37.4648575576518,126.988656544337
202111,4호선,노원,403754,460567,864321,37.6562677764281,127.063030448739
202111,4호선,당고개,284372,253697,538069,37.6702926448965,127.079011159467
202111,4호선,대공원,67338,70354,137692,37.4357353154423,127.005564107175
202111,4호선,대야미,111898,99538,211436,37.3283278084294,126.917178861076
202111,4호선,동대문,434688,451676,886364,37.5717775660734,127.011167102297
202111,4호선,동대문역사문화공원,320932,302030,622962,37.5655895229776,127.009131498424
202111,4호선,동작,37063,41844,78907,37.5028703671011,126.980268385443
202111,4호선,명동,399163,419413,818576,37.5609100751113,126.985947030389
202111,4호선,미아,328628,318349,646977,37.6264436445109,127.026103434413
202111,4호선,미아사거리,606120,582134,1188254,37.6132861094991,127.030098418544
202111,4호선,반월,96204,91440,187644,37.3120043860232,126.903795028845
202111,4호선,범계,568394,565921,1134315,37.38973437119,126.950983854413
202111,4호선,사당,550956,474631,1025587,37.4765228347619,126.981408909449
202111,4호선,산본,352581,376969,729550,37.3581051591978,126.933175158373
202111,4호선,삼각지,113072,127123,240195,37.5345937063675,126.973011032988
202111,4호선,상계,421895,385835,807730,37.6609038887184,127.073575379339
202111,4호선,상록수,358422,360620,719042,37.3029804927532,126.865417356052
202111,4호선,서울,247600,366955,614555,37.549118478341,126.970484281315
202111,4호선,선바위,192851,165969,358820,37.4518723418033,127.001363325574
202111,4호선,성신여대입구,443085,426711,869796,37.5927179261346,127.016477649743
202111,4호선,수리산,96016,77149,173165,37.350128811081,126.92549018064
202111,4호선,수유,740202,737814,1478016,37.6377452337445,127.025356901379
202111,4호선,숙대입구,291341,286558,577899,37.5451939759064,126.971872351838
202111,4호선,신길온천,38004,34662,72666,37.3279773719144,126.787289454372
202111,4호선,신용산,371542,395895,767437,37.5296155628471,126.968215931799
202111,4호선,쌍문,651199,587650,1238849,37.6488498649136,127.034880717215
202111,4호선,안산,253302,229924,483226,37.3206930878552,126.805905689102
202111,4호선,오이도,185717,179604,365321,37.3619270024133,126.738463594077
202111,4호선,이촌,158609,175252,333861,37.522520254623,126.973683151228
202111,4호선,인덕원,543067,564649,1107716,37.4015080484355,126.976688773261
202111,4호선,정부과천청사,241353,235508,476861,37.4259969407168,126.990186147038
202111,4호선,정왕,213098,219084,432182,37.3375787569365,126.767149151692
202111,4호선,중앙,391922,410959,802881,37.3160120851693,126.838496502051
202111,4호선,창동,561956,592864,1154820,37.6532174818989,127.047714954434
202111,4호선,초지,111317,117798,229115,37.3206930878552,126.805905689102
202111,4호선,총신대입구,415647,450544,866191,37.4875538278198,126.982199707405
202111,4호선,충무로,591523,618442,1209965,37.5612890978954,126.994207448462
202111,4호선,평촌,406321,399665,805986,37.3944955073661,126.963866284332
202111,4호선,한대앞,215695,215961,431656,37.310138887688,126.853604115068
202111,4호선,한성대입구,302184,298290,600474,37.5883948842004,127.00595033342
202111,4호선,혜화,696178,710444,1406622,37.5818036223189,127.001978401429
202111,4호선,회현,514303,553870,1068173,37.5585353196435,126.978239147279
202112,4호선,경마공원,43871,43516,87387,37.4441407439838,127.008051189437
202112,4호선,고잔,197276,186790,384066,37.310138887688,126.853604115068
202112,4호선,과천,133072,123213,256285,37.4334527847941,126.997456834042
202112,4호선,길음,451132,438171,889303,37.603183910563,127.024823216768
202112,4호선,남태령,27592,24004,51596,37.4648575576518,126.988656544337
202112,4호선,노원,416742,469810,886552,37.6562677764281,127.063030448739
202112,4호선,당고개,286384,257807,544191,37.6702926448965,127.079011159467
202112,4호선,대공원,46675,48615,95290,37.4357353154423,127.005564107175
202112,4호선,대야미,111177,99363,210540,37.3283278084294,126.917178861076
202112,4호선,동대문,427672,442482,870154,37.5717775660734,127.011167102297
202112,4호선,동대문역사문화공원,335052,308635,643687,37.5655895229776,127.009131498424
202112,4호선,동작,30604,34389,64993,37.5028703671011,126.980268385443
202112,4호선,명동,457228,482289,939517,37.5609100751113,126.985947030389
202112,4호선,미아,335586,323876,659462,37.6264436445109,127.026103434413
202112,4호선,미아사거리,619674,601253,1220927,37.6132861094991,127.030098418544
202112,4호선,반월,96360,92164,188524,37.3120043860232,126.903795028845
202112,4호선,범계,577122,571501,1148623,37.38973437119,126.950983854413
202112,4호선,사당,550743,462311,1013054,37.4765228347619,126.981408909449
202112,4호선,산본,354464,373331,727795,37.3581051591978,126.933175158373
202112,4호선,삼각지,109511,122284,231795,37.5345937063675,126.973011032988
202112,4호선,상계,425922,394172,820094,37.6609038887184,127.073575379339
202112,4호선,상록수,351866,356709,708575,37.3029804927532,126.865417356052
202112,4호선,서울,239848,363279,603127,37.549118478341,126.970484281315
202112,4호선,선바위,184621,161542,346163,37.4518723418033,127.001363325574
202112,4호선,성신여대입구,447802,431354,879156,37.5927179261346,127.016477649743
202112,4호선,수리산,96211,77876,174087,37.350128811081,126.92549018064
202112,4호선,수유,759290,761357,1520647,37.6377452337445,127.025356901379
202112,4호선,숙대입구,287897,281567,569464,37.5451939759064,126.971872351838
202112,4호선,신길온천,38328,35376,73704,37.3279773719144,126.787289454372
202112,4호선,신용산,370189,392184,762373,37.5296155628471,126.968215931799
202112,4호선,쌍문,662843,607514,1270357,37.6488498649136,127.034880717215
202112,4호선,안산,256920,232771,489691,37.3206930878552,126.805905689102
202112,4호선,오이도,184397,179565,363962,37.3619270024133,126.738463594077
202112,4호선,이촌,161256,177873,339129,37.522520254623,126.973683151228
202112,4호선,인덕원,539244,559418,1098662,37.4015080484355,126.976688773261
202112,4호선,정부과천청사,239218,236433,475651,37.4259969407168,126.990186147038
202112,4호선,정왕,195927,202289,398216,37.3375787569365,126.767149151692
202112,4호선,중앙,390681,409812,800493,37.3160120851693,126.838496502051
202112,4호선,창동,566070,598947,1165017,37.6532174818989,127.047714954434
202112,4호선,초지,104037,109072,213109,37.3206930878552,126.805905689102
202112,4호선,총신대입구,418052,453155,871207,37.4875538278198,126.982199707405
202112,4호선,충무로,581624,607822,1189446,37.5612890978954,126.994207448462
202112,4호선,평촌,404587,399715,804302,37.3944955073661,126.963866284332
202112,4호선,한대앞,207003,207934,414937,37.310138887688,126.853604115068
202112,4호선,한성대입구,300978,293491,594469,37.5883948842004,127.00595033342
202112,4호선,혜화,712061,716036,1428097,37.5818036223189,127.001978401429
202112,4호선,회현,553334,589641,1142975,37.5585353196435,126.978239147279
202101,5호선,강동,353146,333313,686459,37.5355205088294,127.133529582127
202101,5호선,개롱,113670,120223,233893,37.4978146566399,127.135158595127
202101,5호선,개화산,90076,87199,177275,37.572270024754,126.806001672732
202101,5호선,거여,141265,135872,277137,37.4932073280335,127.144032331306
202101,5호선,고덕,157031,156150,313181,37.5550473189056,127.15394941502
202101,5호선,공덕,258097,274658,532755,37.5428436189268,126.95133595616
202101,5호선,광나루,225004,202712,427716,37.5452786641598,127.103686533578
202101,5호선,광화문,543365,552083,1095448,37.5716228232824,126.976787992565
202101,5호선,군자,195265,214320,409585,37.5573631939521,127.079017279019
202101,5호선,굽은다리,167565,161087,328652,37.5457314720664,127.142970847846
202101,5호선,길동,141920,149252,291172,37.5378115570072,127.13999920444
202101,5호선,김포공항,112920,107886,220806,37.562313207852,126.801278424065
202101,5호선,까치산,513359,505349,1018708,37.5319560847746,126.846611592059
202101,5호선,답십리,288082,269082,557164,37.5664458277827,127.05318095956
202101,5호선,동대문역사문화공원,55252,61710,116962,37.5655895229776,127.009131498424
202101,5호선,둔촌동,152305,152877,305182,37.5276413733277,127.136190298465
202101,5호선,마곡,173957,168213,342170,37.5601984535897,126.825547992125
202101,5호선,마장,100360,95871,196231,37.5662827804848,127.043163438528
202101,5호선,마천,106691,107644,214335,37.4946706182588,127.152320621872
202101,5호선,마포,261890,268532,530422,37.5395837885645,126.945920370023
202101,5호선,명일,148447,155362,303809,37.5512602756216,127.144000929119
202101,5호선,목동,302338,337327,639665,37.52619868083,126.864742584692
202101,5호선,미사,250502,252666,503168,37.5631031857702,127.19269715129
202101,5호선,발산,329308,332725,662033,37.5590292668195,126.837310771961
202101,5호선,방이,127575,130713,258288,37.5085564458698,127.125854699016
202101,5호선,방화,117338,113416,230754,37.5770031079469,126.81262993382
202101,5호선,상일동,299239,276889,576128,37.5566643781876,127.165829221931
202101,5호선,서대문,343099,349285,692384,37.565856271913,126.966637398787
202101,5호선,송정,115269,108754,224023,37.5614775483136,126.811055407613
202101,5호선,신금호,110929,115657,226586,37.5545324884294,127.020064146247
202101,5호선,신길,72554,81830,154384,37.5176677017212,126.914336937521
202101,5호선,신정,252047,203341,455388,37.5252107928783,126.857290392028
202101,5호선,아차산,244831,246517,491348,37.5524011361136,127.08937059931
202101,5호선,애오개,122539,125784,248323,37.5533624029594,126.95661326016
202101,5호선,양평,139688,140900,280588,37.5255116853806,126.886865676125
202101,5호선,여의나루,136298,138106,274404,37.5270851610199,126.932863954929
202101,5호선,여의도,504171,511657,1015828,37.5218423045786,126.924484687694
202101,5호선,영등포구청,74193,74560,148753,37.5256996614804,126.896626898379
202101,5호선,영등포시장,170494,175319,345813,37.5227345248969,126.904959169819
202101,5호선,오금,67913,66102,134015,37.5022659793733,127.127879247544
202101,5호선,오목교,393449,421227,814676,37.5244500703802,126.875354626254
202101,5호선,올림픽공원,72627,62861,135488,37.5160876492782,127.130600140827
202101,5호선,왕십리,79368,85198,164566,37.5612217415191,127.036655378283
202101,5호선,우장산,239885,243488,483373,37.5490001953873,126.836408931785
202101,5호선,을지로4가,106364,106368,212732,37.5666369941572,126.997852780281
202101,5호선,장한평,337049,336388,673437,37.5615026802954,127.064421108758
202101,5호선,종로3가,176911,173915,350826,37.5704266025836,126.99202930223
202101,5호선,천호,314391,312449,626840,37.5385789820645,127.123742434482
202101,5호선,청구,72430,67272,139702,37.5602939125022,127.013806006802
202101,5호선,충정로,86954,88874,175828,37.5598377952439,126.964474043785
202101,5호선,하남풍산,90545,91651,182196,37.5520576727898,127.203870649661
202101,5호선,행당,146588,134450,281038,37.5572784369263,127.029232035475
202101,5호선,화곡,501450,476618,978068,37.5414336176977,126.840496450153
202102,5호선,강동,344542,322561,667103,37.5355205088294,127.133529582127
202102,5호선,개롱,112688,117796,230484,37.4978146566399,127.135158595127
202102,5호선,개화산,92674,88916,181590,37.572270024754,126.806001672732
202102,5호선,거여,140346,134076,274422,37.4932073280335,127.144032331306
202102,5호선,고덕,157380,156648,314028,37.5550473189056,127.15394941502
202102,5호선,공덕,259363,275647,535010,37.5428436189268,126.95133595616
202102,5호선,광나루,224209,202644,426853,37.5452786641598,127.103686533578
202102,5호선,광화문,543833,554429,1098262,37.5716228232824,126.976787992565
202102,5호선,군자,195306,213704,409010,37.5573631939521,127.079017279019
202102,5호선,굽은다리,165434,157478,322912,37.5457314720664,127.142970847846
202102,5호선,길동,141411,147292,288703,37.5378115570072,127.13999920444
202102,5호선,김포공항,129204,128098,257302,37.562313207852,126.801278424065
202102,5호선,까치산,515656,500726,1016382,37.5319560847746,126.846611592059
202102,5호선,답십리,282256,261627,543883,37.5664458277827,127.05318095956
202102,5호선,동대문역사문화공원,52047,59745,111792,37.5655895229776,127.009131498424
202102,5호선,둔촌동,151844,151722,303566,37.5276413733277,127.136190298465
202102,5호선,마곡,170779,165836,336615,37.5601984535897,126.825547992125
202102,5호선,마장,100522,95339,195861,37.5662827804848,127.043163438528
202102,5호선,마천,105486,106234,211720,37.4946706182588,127.152320621872
202102,5호선,마포,258840,266121,524961,37.5395837885645,126.945920370023
202102,5호선,명일,149728,154736,304464,37.5512602756216,127.144000929119
202102,5호선,목동,303321,333288,636609,37.52619868083,126.864742584692
202102,5호선,미사,244843,242496,487339,37.5631031857702,127.19269715129
202102,5호선,발산,337472,341734,679206,37.5590292668195,126.837310771961
202102,5호선,방이,124906,128522,253428,37.5085564458698,127.125854699016
202102,5호선,방화,118093,112050,230143,37.5770031079469,126.81262993382
202102,5호선,상일동,302099,277420,579519,37.5566643781876,127.165829221931
202102,5호선,서대문,337294,344384,681678,37.565856271913,126.966637398787
202102,5호선,송정,117932,111669,229601,37.5614775483136,126.811055407613
202102,5호선,신금호,109702,112606,222308,37.5545324884294,127.020064146247
202102,5호선,신길,72104,80307,152411,37.5176677017212,126.914336937521
202102,5호선,신정,247820,199838,447658,37.5252107928783,126.857290392028
202102,5호선,아차산,247409,245229,492638,37.5524011361136,127.08937059931
202102,5호선,애오개,120766,122850,243616,37.5533624029594,126.95661326016
202102,5호선,양평,136224,136269,272493,37.5255116853806,126.886865676125
202102,5호선,여의나루,155976,164064,320040,37.5270851610199,126.932863954929
202102,5호선,여의도,504785,516120,1020905,37.5218423045786,126.924484687694
202102,5호선,영등포구청,72661,72831,145492,37.5256996614804,126.896626898379
202102,5호선,영등포시장,171592,176182,347774,37.5227345248969,126.904959169819
202102,5호선,오금,64718,63194,127912,37.5022659793733,127.127879247544
202102,5호선,오목교,403225,434578,837803,37.5244500703802,126.875354626254
202102,5호선,올림픽공원,71414,61795,133209,37.5160876492782,127.130600140827
202102,5호선,왕십리,80809,88469,169278,37.5612217415191,127.036655378283
202102,5호선,우장산,246987,248065,495052,37.5490001953873,126.836408931785
202102,5호선,을지로4가,106484,108285,214769,37.5666369941572,126.997852780281
202102,5호선,장한평,327546,325298,652844,37.5615026802954,127.064421108758
202102,5호선,종로3가,202870,198155,401025,37.5704266025836,126.99202930223
202102,5호선,천호,318663,316893,635556,37.5385789820645,127.123742434482
202102,5호선,청구,71478,65904,137382,37.5602939125022,127.013806006802
202102,5호선,충정로,84988,86231,171219,37.5598377952439,126.964474043785
202102,5호선,하남풍산,89122,90419,179541,37.5520576727898,127.203870649661
202102,5호선,행당,144578,131321,275899,37.5572784369263,127.029232035475
202102,5호선,화곡,502528,473894,976422,37.5414336176977,126.840496450153
202103,5호선,강동,433815,408527,842342,37.5355205088294,127.133529582127
202103,5호선,강일,8884,9785,18669,37.5575265973614,127.175938009116
202103,5호선,개롱,145495,150482,295977,37.4978146566399,127.135158595127
202103,5호선,개화산,119961,114244,234205,37.572270024754,126.806001672732
202103,5호선,거여,186136,177913,364049,37.4932073280335,127.144032331306
202103,5호선,고덕,205092,202130,407222,37.5550473189056,127.15394941502
202103,5호선,공덕,335934,357431,693365,37.5428436189268,126.95133595616
202103,5호선,광나루,290527,265353,555880,37.5452786641598,127.103686533578
202103,5호선,광화문,681733,708249,1389982,37.5716228232824,126.976787992565
202103,5호선,군자,249392,274813,524205,37.5573631939521,127.079017279019
202103,5호선,굽은다리,206591,196611,403202,37.5457314720664,127.142970847846
202103,5호선,길동,175744,182152,357896,37.5378115570072,127.13999920444
202103,5호선,김포공항,153826,147594,301420,37.562313207852,126.801278424065
202103,5호선,까치산,655395,632472,1287867,37.5319560847746,126.846611592059
202103,5호선,답십리,360250,331837,692087,37.5664458277827,127.05318095956
202103,5호선,동대문역사문화공원,64566,75179,139745,37.5655895229776,127.009131498424
202103,5호선,둔촌동,193425,192102,385527,37.5276413733277,127.136190298465
202103,5호선,마곡,225777,222111,447888,37.5601984535897,126.825547992125
202103,5호선,마장,125328,117142,242470,37.5662827804848,127.043163438528
202103,5호선,마천,139163,138357,277520,37.4946706182588,127.152320621872
202103,5호선,마포,327939,335795,663734,37.5395837885645,126.945920370023
202103,5호선,명일,191289,196354,387643,37.5512602756216,127.144000929119
202103,5호선,목동,384409,420992,805401,37.52619868083,126.864742584692
202103,5호선,미사,313231,309449,622680,37.5631031857702,127.19269715129
202103,5호선,발산,443851,452506,896357,37.5590292668195,126.837310771961
202103,5호선,방이,154282,159933,314215,37.5085564458698,127.125854699016
202103,5호선,방화,152807,145456,298263,37.5770031079469,126.81262993382
202103,5호선,상일동,390211,352896,743107,37.5566643781876,127.165829221931
202103,5호선,서대문,428871,436012,864883,37.565856271913,126.966637398787
202103,5호선,송정,152043,143945,295988,37.5614775483136,126.811055407613
202103,5호선,신금호,142918,147414,290332,37.5545324884294,127.020064146247
202103,5호선,신길,92443,101191,193634,37.5176677017212,126.914336937521
202103,5호선,신정,318327,254141,572468,37.5252107928783,126.857290392028
202103,5호선,아차산,326769,321417,648186,37.5524011361136,127.08937059931
202103,5호선,애오개,156405,157510,313915,37.5533624029594,126.95661326016
202103,5호선,양평,171536,171112,342648,37.5255116853806,126.886865676125
202103,5호선,여의나루,277826,318531,596357,37.5270851610199,126.932863954929
202103,5호선,여의도,676141,693832,1369973,37.5218423045786,126.924484687694
202103,5호선,영등포구청,92761,93594,186355,37.5256996614804,126.896626898379
202103,5호선,영등포시장,217650,225581,443231,37.5227345248969,126.904959169819
202103,5호선,오금,85520,83754,169274,37.5022659793733,127.127879247544
202103,5호선,오목교,498961,542678,1041639,37.5244500703802,126.875354626254
202103,5호선,올림픽공원,95407,82470,177877,37.5160876492782,127.130600140827
202103,5호선,왕십리,102148,111612,213760,37.5612217415191,127.036655378283
202103,5호선,우장산,323240,319994,643234,37.5490001953873,126.836408931785
202103,5호선,을지로4가,137701,141508,279209,37.5666369941572,126.997852780281
202103,5호선,장한평,416697,413492,830189,37.5615026802954,127.064421108758
202103,5호선,종로3가,263912,260719,524631,37.5704266025836,126.99202930223
202103,5호선,천호,394844,398639,793483,37.5385789820645,127.123742434482
202103,5호선,청구,91722,84655,176377,37.5602939125022,127.013806006802
202103,5호선,충정로,113463,115104,228567,37.5598377952439,126.964474043785
202103,5호선,하남검단산,15019,15010,30029,37.5397591397808,127.22344448627
202103,5호선,하남시청,14894,15054,29948,37.5419015378666,127.206464400472
202103,5호선,하남풍산,111996,111513,223509,37.5520576727898,127.203870649661
202103,5호선,행당,185338,165955,351293,37.5572784369263,127.029232035475
202103,5호선,화곡,639837,601707,1241544,37.5414336176977,126.840496450153
202104,5호선,강동,410807,390851,801658,37.5355205088294,127.133529582127
202104,5호선,강일,66635,69955,136590,37.5575265973614,127.175938009116
202104,5호선,개롱,143751,149230,292981,37.4978146566399,127.135158595127
202104,5호선,개화산,120674,114800,235474,37.572270024754,126.806001672732
202104,5호선,거여,184438,176164,360602,37.4932073280335,127.144032331306
202104,5호선,고덕,207043,204236,411279,37.5550473189056,127.15394941502
202104,5호선,공덕,328889,349967,678856,37.5428436189268,126.95133595616
202104,5호선,광나루,287647,262573,550220,37.5452786641598,127.103686533578
202104,5호선,광화문,657938,687499,1345437,37.5716228232824,126.976787992565
202104,5호선,군자,245268,269643,514911,37.5573631939521,127.079017279019
202104,5호선,굽은다리,206255,196304,402559,37.5457314720664,127.142970847846
202104,5호선,길동,177265,183335,360600,37.5378115570072,127.13999920444
202104,5호선,김포공항,155937,149647,305584,37.562313207852,126.801278424065
202104,5호선,까치산,646722,624146,1270868,37.5319560847746,126.846611592059
202104,5호선,답십리,354918,325879,680797,37.5664458277827,127.05318095956
202104,5호선,동대문역사문화공원,62980,73093,136073,37.5655895229776,127.009131498424
202104,5호선,둔촌동,189377,188696,378073,37.5276413733277,127.136190298465
202104,5호선,마곡,225688,223119,448807,37.5601984535897,126.825547992125
202104,5호선,마장,123831,114775,238606,37.5662827804848,127.043163438528
202104,5호선,마천,139938,138691,278629,37.4946706182588,127.152320621872
202104,5호선,마포,324283,333336,657619,37.5395837885645,126.945920370023
202104,5호선,명일,193611,199366,392977,37.5512602756216,127.144000929119
202104,5호선,목동,377548,413209,790757,37.52619868083,126.864742584692
202104,5호선,미사,323534,318873,642407,37.5631031857702,127.19269715129
202104,5호선,발산,435864,445738,881602,37.5590292668195,126.837310771961
202104,5호선,방이,150478,155760,306238,37.5085564458698,127.125854699016
202104,5호선,방화,150032,142944,292976,37.5770031079469,126.81262993382
202104,5호선,상일동,355135,319420,674555,37.5566643781876,127.165829221931
202104,5호선,서대문,423379,430780,854159,37.565856271913,126.966637398787
202104,5호선,송정,150179,141724,291903,37.5614775483136,126.811055407613
202104,5호선,신금호,142082,146044,288126,37.5545324884294,127.020064146247
202104,5호선,신길,90575,98899,189474,37.5176677017212,126.914336937521
202104,5호선,신정,316049,250902,566951,37.5252107928783,126.857290392028
202104,5호선,아차산,327862,322170,650032,37.5524011361136,127.08937059931
202104,5호선,애오개,155286,155717,311003,37.5533624029594,126.95661326016
202104,5호선,양평,168622,166997,335619,37.5255116853806,126.886865676125
202104,5호선,여의나루,280129,308844,588973,37.5270851610199,126.932863954929
202104,5호선,여의도,641431,669904,1311335,37.5218423045786,126.924484687694
202104,5호선,영등포구청,90811,92151,182962,37.5256996614804,126.896626898379
202104,5호선,영등포시장,214291,222277,436568,37.5227345248969,126.904959169819
202104,5호선,오금,85902,84058,169960,37.5022659793733,127.127879247544
202104,5호선,오목교,486550,527607,1014157,37.5244500703802,126.875354626254
202104,5호선,올림픽공원,95420,83567,178987,37.5160876492782,127.130600140827
202104,5호선,왕십리,100788,109168,209956,37.5612217415191,127.036655378283
202104,5호선,우장산,321801,317165,638966,37.5490001953873,126.836408931785
202104,5호선,을지로4가,135222,138132,273354,37.5666369941572,126.997852780281
202104,5호선,장한평,410164,405990,816154,37.5615026802954,127.064421108758
202104,5호선,종로3가,256487,256881,513368,37.5704266025836,126.99202930223
202104,5호선,천호,389891,389706,779597,37.5385789820645,127.123742434482
202104,5호선,청구,89772,82290,172062,37.5602939125022,127.013806006802
202104,5호선,충정로,111670,113063,224733,37.5598377952439,126.964474043785
202104,5호선,하남검단산,104055,101938,205993,37.5397591397808,127.22344448627
202104,5호선,하남시청,108253,109294,217547,37.5419015378666,127.206464400472
202104,5호선,하남풍산,84231,83395,167626,37.5520576727898,127.203870649661
202104,5호선,행당,181982,163364,345346,37.5572784369263,127.029232035475
202104,5호선,화곡,629614,590662,1220276,37.5414336176977,126.840496450153
202105,5호선,강동,374679,355562,730241,37.5355205088294,127.133529582127
202105,5호선,강일,63437,66028,129465,37.5575265973614,127.175938009116
202105,5호선,개롱,132069,136989,269058,37.4978146566399,127.135158595127
202105,5호선,개화산,110816,105160,215976,37.572270024754,126.806001672732
202105,5호선,거여,170534,162452,332986,37.4932073280335,127.144032331306
202105,5호선,고덕,188975,187191,376166,37.5550473189056,127.15394941502
202105,5호선,공덕,289240,306878,596118,37.5428436189268,126.95133595616
202105,5호선,광나루,264903,243100,508003,37.5452786641598,127.103686533578
202105,5호선,광화문,595755,626805,1222560,37.5716228232824,126.976787992565
202105,5호선,군자,227404,251014,478418,37.5573631939521,127.079017279019
202105,5호선,굽은다리,193245,182745,375990,37.5457314720664,127.142970847846
202105,5호선,길동,164529,170745,335274,37.5378115570072,127.13999920444
202105,5호선,김포공항,148482,142164,290646,37.562313207852,126.801278424065
202105,5호선,까치산,592445,570870,1163315,37.5319560847746,126.846611592059
202105,5호선,답십리,323591,295323,618914,37.5664458277827,127.05318095956
202105,5호선,동대문역사문화공원,56004,65881,121885,37.5655895229776,127.009131498424
202105,5호선,둔촌동,174805,173764,348569,37.5276413733277,127.136190298465
202105,5호선,마곡,209730,208622,418352,37.5601984535897,126.825547992125
202105,5호선,마장,113540,105720,219260,37.5662827804848,127.043163438528
202105,5호선,마천,129939,128659,258598,37.4946706182588,127.152320621872
202105,5호선,마포,291911,299702,591613,37.5395837885645,126.945920370023
202105,5호선,명일,175775,180929,356704,37.5512602756216,127.144000929119
202105,5호선,목동,344226,376959,721185,37.52619868083,126.864742584692
202105,5호선,미사,300729,295691,596420,37.5631031857702,127.19269715129
202105,5호선,발산,401471,413393,814864,37.5590292668195,126.837310771961
202105,5호선,방이,139045,142927,281972,37.5085564458698,127.125854699016
202105,5호선,방화,137184,130502,267686,37.5770031079469,126.81262993382
202105,5호선,상일동,323489,289996,613485,37.5566643781876,127.165829221931
202105,5호선,서대문,376294,384917,761211,37.565856271913,126.966637398787
202105,5호선,송정,138630,130880,269510,37.5614775483136,126.811055407613
202105,5호선,신금호,128290,132341,260631,37.5545324884294,127.020064146247
202105,5호선,신길,82201,87629,169830,37.5176677017212,126.914336937521
202105,5호선,신정,285853,228605,514458,37.5252107928783,126.857290392028
202105,5호선,아차산,309482,301663,611145,37.5524011361136,127.08937059931
202105,5호선,애오개,139749,140304,280053,37.5533624029594,126.95661326016
202105,5호선,양평,153014,151049,304063,37.5255116853806,126.886865676125
202105,5호선,여의나루,257280,286159,543439,37.5270851610199,126.932863954929
202105,5호선,여의도,560246,589518,1149764,37.5218423045786,126.924484687694
202105,5호선,영등포구청,80923,82095,163018,37.5256996614804,126.896626898379
202105,5호선,영등포시장,195026,200795,395821,37.5227345248969,126.904959169819
202105,5호선,오금,77042,75584,152626,37.5022659793733,127.127879247544
202105,5호선,오목교,447342,484373,931715,37.5244500703802,126.875354626254
202105,5호선,올림픽공원,90236,79386,169622,37.5160876492782,127.130600140827
202105,5호선,왕십리,93830,102175,196005,37.5612217415191,127.036655378283
202105,5호선,우장산,293543,288215,581758,37.5490001953873,126.836408931785
202105,5호선,을지로4가,122636,126801,249437,37.5666369941572,126.997852780281
202105,5호선,장한평,374431,369033,743464,37.5615026802954,127.064421108758
202105,5호선,종로3가,252336,251167,503503,37.5704266025836,126.99202930223
202105,5호선,천호,367449,365340,732789,37.5385789820645,127.123742434482
202105,5호선,청구,81876,74085,155961,37.5602939125022,127.013806006802
202105,5호선,충정로,100150,101639,201789,37.5598377952439,126.964474043785
202105,5호선,하남검단산,98852,96835,195687,37.5397591397808,127.22344448627
202105,5호선,하남시청,104574,105467,210041,37.5419015378666,127.206464400472
202105,5호선,하남풍산,79379,79243,158622,37.5520576727898,127.203870649661
202105,5호선,행당,167726,148335,316061,37.5572784369263,127.029232035475
202105,5호선,화곡,576353,540297,1116650,37.5414336176977,126.840496450153
202106,5호선,강동,410132,390646,800778,37.5355205088294,127.133529582127
202106,5호선,강일,71025,73671,144696,37.5575265973614,127.175938009116
202106,5호선,개롱,145379,150518,295897,37.4978146566399,127.135158595127
202106,5호선,개화산,121172,114579,235751,37.572270024754,126.806001672732
202106,5호선,거여,191244,182461,373705,37.4932073280335,127.144032331306
202106,5호선,고덕,207312,206060,413372,37.5550473189056,127.15394941502
202106,5호선,공덕,321831,342229,664060,37.5428436189268,126.95133595616
202106,5호선,광나루,285064,259767,544831,37.5452786641598,127.103686533578
202106,5호선,광화문,660503,695603,1356106,37.5716228232824,126.976787992565
202106,5호선,군자,244955,268368,513323,37.5573631939521,127.079017279019
202106,5호선,굽은다리,211491,201292,412783,37.5457314720664,127.142970847846
202106,5호선,길동,176836,183659,360495,37.5378115570072,127.13999920444
202106,5호선,김포공항,156649,149965,306614,37.562313207852,126.801278424065
202106,5호선,까치산,635947,611606,1247553,37.5319560847746,126.846611592059
202106,5호선,답십리,352059,321426,673485,37.5664458277827,127.05318095956
202106,5호선,동대문역사문화공원,63983,75013,138996,37.5655895229776,127.009131498424
202106,5호선,둔촌동,191768,190778,382546,37.5276413733277,127.136190298465
202106,5호선,마곡,229591,228258,457849,37.5601984535897,126.825547992125
202106,5호선,마장,122123,113576,235699,37.5662827804848,127.043163438528
202106,5호선,마천,141849,140820,282669,37.4946706182588,127.152320621872
202106,5호선,마포,321694,328486,650180,37.5395837885645,126.945920370023
202106,5호선,명일,190714,197089,387803,37.5512602756216,127.144000929119
202106,5호선,목동,373569,408943,782512,37.52619868083,126.864742584692
202106,5호선,미사,326566,323586,650152,37.5631031857702,127.19269715129
202106,5호선,발산,437448,450971,888419,37.5590292668195,126.837310771961
202106,5호선,방이,153220,158275,311495,37.5085564458698,127.125854699016
202106,5호선,방화,150064,142885,292949,37.5770031079469,126.81262993382
202106,5호선,상일동,354855,318764,673619,37.5566643781876,127.165829221931
202106,5호선,서대문,423315,432672,855987,37.565856271913,126.966637398787
202106,5호선,송정,146850,136472,283322,37.5614775483136,126.811055407613
202106,5호선,신금호,143189,147451,290640,37.5545324884294,127.020064146247
202106,5호선,신길,89991,96502,186493,37.5176677017212,126.914336937521
202106,5호선,신정,310716,248492,559208,37.5252107928783,126.857290392028
202106,5호선,아차산,312129,304171,616300,37.5524011361136,127.08937059931
202106,5호선,애오개,154937,155721,310658,37.5533624029594,126.95661326016
202106,5호선,양평,168877,166682,335559,37.5255116853806,126.886865676125
202106,5호선,여의나루,238356,267863,506219,37.5270851610199,126.932863954929
202106,5호선,여의도,630135,666237,1296372,37.5218423045786,126.924484687694
202106,5호선,영등포구청,88700,90018,178718,37.5256996614804,126.896626898379
202106,5호선,영등포시장,211546,218475,430021,37.5227345248969,126.904959169819
202106,5호선,오금,86240,84259,170499,37.5022659793733,127.127879247544
202106,5호선,오목교,481369,523559,1004928,37.5244500703802,126.875354626254
202106,5호선,올림픽공원,97065,84474,181539,37.5160876492782,127.130600140827
202106,5호선,왕십리,100889,110259,211148,37.5612217415191,127.036655378283
202106,5호선,우장산,319023,312627,631650,37.5490001953873,126.836408931785
202106,5호선,을지로4가,136242,140661,276903,37.5666369941572,126.997852780281
202106,5호선,장한평,410158,405937,816095,37.5615026802954,127.064421108758
202106,5호선,종로3가,262982,262627,525609,37.5704266025836,126.99202930223
202106,5호선,천호,385802,386291,772093,37.5385789820645,127.123742434482
202106,5호선,청구,89176,81623,170799,37.5602939125022,127.013806006802
202106,5호선,충정로,111129,113172,224301,37.5598377952439,126.964474043785
202106,5호선,하남검단산,105037,102346,207383,37.5397591397808,127.22344448627
202106,5호선,하남시청,113682,114397,228079,37.5419015378666,127.206464400472
202106,5호선,하남풍산,88437,88072,176509,37.5520576727898,127.203870649661
202106,5호선,행당,184699,163875,348574,37.5572784369263,127.029232035475
202106,5호선,화곡,623675,583126,1206801,37.5414336176977,126.840496450153
202107,5호선,강동,373637,355959,729596,37.5355205088294,127.133529582127
202107,5호선,강일,64836,65894,130730,37.5575265973614,127.175938009116
202107,5호선,개롱,131182,137386,268568,37.4978146566399,127.135158595127
202107,5호선,개화산,109372,104378,213750,37.572270024754,126.806001672732
202107,5호선,거여,172689,165672,338361,37.4932073280335,127.144032331306
202107,5호선,고덕,187641,188391,376032,37.5550473189056,127.15394941502
202107,5호선,공덕,276654,295054,571708,37.5428436189268,126.95133595616
202107,5호선,광나루,252511,230246,482757,37.5452786641598,127.103686533578
202107,5호선,광화문,584906,612433,1197339,37.5716228232824,126.976787992565
202107,5호선,군자,223544,241568,465112,37.5573631939521,127.079017279019
202107,5호선,굽은다리,197302,188884,386186,37.5457314720664,127.142970847846
202107,5호선,길동,162012,168740,330752,37.5378115570072,127.13999920444
202107,5호선,김포공항,149834,142519,292353,37.562313207852,126.801278424065
202107,5호선,까치산,580216,562400,1142616,37.5319560847746,126.846611592059
202107,5호선,답십리,319729,292972,612701,37.5664458277827,127.05318095956
202107,5호선,동대문역사문화공원,57351,66382,123733,37.5655895229776,127.009131498424
202107,5호선,둔촌동,172471,172460,344931,37.5276413733277,127.136190298465
202107,5호선,마곡,210549,207830,418379,37.5601984535897,126.825547992125
202107,5호선,마장,108809,100233,209042,37.5662827804848,127.043163438528
202107,5호선,마천,129010,127059,256069,37.4946706182588,127.152320621872
202107,5호선,마포,281617,287787,569404,37.5395837885645,126.945920370023
202107,5호선,명일,168120,174602,342722,37.5512602756216,127.144000929119
202107,5호선,목동,334395,368161,702556,37.52619868083,126.864742584692
202107,5호선,미사,295792,295807,591599,37.5631031857702,127.19269715129
202107,5호선,발산,386856,396194,783050,37.5590292668195,126.837310771961
202107,5호선,방이,138098,142952,281050,37.5085564458698,127.125854699016
202107,5호선,방화,135685,130746,266431,37.5770031079469,126.81262993382
202107,5호선,상일동,314566,287402,601968,37.5566643781876,127.165829221931
202107,5호선,서대문,378347,384669,763016,37.565856271913,126.966637398787
202107,5호선,송정,132114,123171,255285,37.5614775483136,126.811055407613
202107,5호선,신금호,124405,129884,254289,37.5545324884294,127.020064146247
202107,5호선,신길,80445,86588,167033,37.5176677017212,126.914336937521
202107,5호선,신정,280511,225555,506066,37.5252107928783,126.857290392028
202107,5호선,아차산,276968,271853,548821,37.5524011361136,127.08937059931
202107,5호선,애오개,137388,138040,275428,37.5533624029594,126.95661326016
202107,5호선,양평,150319,148991,299310,37.5255116853806,126.886865676125
202107,5호선,여의나루,181410,197458,378868,37.5270851610199,126.932863954929
202107,5호선,여의도,528274,552810,1081084,37.5218423045786,126.924484687694
202107,5호선,영등포구청,80068,81102,161170,37.5256996614804,126.896626898379
202107,5호선,영등포시장,191118,195707,386825,37.5227345248969,126.904959169819
202107,5호선,오금,76263,74612,150875,37.5022659793733,127.127879247544
202107,5호선,오목교,433267,468959,902226,37.5244500703802,126.875354626254
202107,5호선,올림픽공원,84985,73652,158637,37.5160876492782,127.130600140827
202107,5호선,왕십리,93391,99917,193308,37.5612217415191,127.036655378283
202107,5호선,우장산,277589,276435,554024,37.5490001953873,126.836408931785
202107,5호선,을지로4가,121396,125091,246487,37.5666369941572,126.997852780281
202107,5호선,장한평,376819,372968,749787,37.5615026802954,127.064421108758
202107,5호선,종로3가,224278,224858,449136,37.5704266025836,126.99202930223
202107,5호선,천호,354610,352223,706833,37.5385789820645,127.123742434482
202107,5호선,청구,80859,74028,154887,37.5602939125022,127.013806006802
202107,5호선,충정로,97168,99950,197118,37.5598377952439,126.964474043785
202107,5호선,하남검단산,96042,93514,189556,37.5397591397808,127.22344448627
202107,5호선,하남시청,105003,105360,210363,37.5419015378666,127.206464400472
202107,5호선,하남풍산,81630,82082,163712,37.5520576727898,127.203870649661
202107,5호선,행당,163014,145060,308074,37.5572784369263,127.029232035475
202107,5호선,화곡,566970,530545,1097515,37.5414336176977,126.840496450153
202108,5호선,강동,353358,338863,692221,37.5355205088294,127.133529582127
202108,5호선,강일,63781,63397,127178,37.5575265973614,127.175938009116
202108,5호선,개롱,124571,131659,256230,37.4978146566399,127.135158595127
202108,5호선,개화산,104620,100618,205238,37.572270024754,126.806001672732
202108,5호선,거여,165803,160927,326730,37.4932073280335,127.144032331306
202108,5호선,고덕,180360,182998,363358,37.5550473189056,127.15394941502
202108,5호선,공덕,258359,275337,533696,37.5428436189268,126.95133595616
202108,5호선,광나루,242563,220820,463383,37.5452786641598,127.103686533578
202108,5호선,광화문,549031,568305,1117336,37.5716228232824,126.976787992565
202108,5호선,군자,211710,229430,441140,37.5573631939521,127.079017279019
202108,5호선,굽은다리,186158,178851,365009,37.5457314720664,127.142970847846
202108,5호선,길동,155128,161143,316271,37.5378115570072,127.13999920444
202108,5호선,김포공항,142968,131425,274393,37.562313207852,126.801278424065
202108,5호선,까치산,553988,540591,1094579,37.5319560847746,126.846611592059
202108,5호선,답십리,302508,278538,581046,37.5664458277827,127.05318095956
202108,5호선,동대문역사문화공원,54965,62636,117601,37.5655895229776,127.009131498424
202108,5호선,둔촌동,163818,164018,327836,37.5276413733277,127.136190298465
202108,5호선,마곡,196846,194726,391572,37.5601984535897,126.825547992125
202108,5호선,마장,104538,96634,201172,37.5662827804848,127.043163438528
202108,5호선,마천,122417,120319,242736,37.4946706182588,127.152320621872
202108,5호선,마포,266089,272210,538299,37.5395837885645,126.945920370023
202108,5호선,명일,159536,167237,326773,37.5512602756216,127.144000929119
202108,5호선,목동,319766,351504,671270,37.52619868083,126.864742584692
202108,5호선,미사,287206,287746,574952,37.5631031857702,127.19269715129
202108,5호선,발산,372448,380376,752824,37.5590292668195,126.837310771961
202108,5호선,방이,133305,137419,270724,37.5085564458698,127.125854699016
202108,5호선,방화,130352,125345,255697,37.5770031079469,126.81262993382
202108,5호선,상일동,293983,272364,566347,37.5566643781876,127.165829221931
202108,5호선,서대문,354419,357795,712214,37.565856271913,126.966637398787
202108,5호선,송정,127096,119528,246624,37.5614775483136,126.811055407613
202108,5호선,신금호,118059,124010,242069,37.5545324884294,127.020064146247
202108,5호선,신길,76794,82482,159276,37.5176677017212,126.914336937521
202108,5호선,신정,263772,215566,479338,37.5252107928783,126.857290392028
202108,5호선,아차산,269144,265114,534258,37.5524011361136,127.08937059931
202108,5호선,애오개,129210,128931,258141,37.5533624029594,126.95661326016
202108,5호선,양평,140593,140388,280981,37.5255116853806,126.886865676125
202108,5호선,여의나루,175128,188870,363998,37.5270851610199,126.932863954929
202108,5호선,여의도,508547,525135,1033682,37.5218423045786,126.924484687694
202108,5호선,영등포구청,73918,75088,149006,37.5256996614804,126.896626898379
202108,5호선,영등포시장,182630,188518,371148,37.5227345248969,126.904959169819
202108,5호선,오금,72761,70733,143494,37.5022659793733,127.127879247544
202108,5호선,오목교,410584,444563,855147,37.5244500703802,126.875354626254
202108,5호선,올림픽공원,80933,70170,151103,37.5160876492782,127.130600140827
202108,5호선,왕십리,88180,96182,184362,37.5612217415191,127.036655378283
202108,5호선,우장산,268228,267906,536134,37.5490001953873,126.836408931785
202108,5호선,을지로4가,113199,113930,227129,37.5666369941572,126.997852780281
202108,5호선,장한평,356678,353173,709851,37.5615026802954,127.064421108758
202108,5호선,종로3가,215607,216239,431846,37.5704266025836,126.99202930223
202108,5호선,천호,339235,337396,676631,37.5385789820645,127.123742434482
202108,5호선,청구,76848,71256,148104,37.5602939125022,127.013806006802
202108,5호선,충정로,89349,90853,180202,37.5598377952439,126.964474043785
202108,5호선,하남검단산,93750,90707,184457,37.5397591397808,127.22344448627
202108,5호선,하남시청,103392,103517,206909,37.5419015378666,127.206464400472
202108,5호선,하남풍산,77503,77657,155160,37.5520576727898,127.203870649661
202108,5호선,행당,156052,141111,297163,37.5572784369263,127.029232035475
202108,5호선,화곡,538757,507512,1046269,37.5414336176977,126.840496450153
202109,5호선,강동,346022,333704,679726,37.5355205088294,127.133529582127
202109,5호선,강일,66999,66459,133458,37.5575265973614,127.175938009116
202109,5호선,개롱,126271,131505,257776,37.4978146566399,127.135158595127
202109,5호선,개화산,105900,101208,207108,37.572270024754,126.806001672732
202109,5호선,거여,169691,164186,333877,37.4932073280335,127.144032331306
202109,5호선,고덕,182709,182255,364964,37.5550473189056,127.15394941502
202109,5호선,공덕,256549,272183,528732,37.5428436189268,126.95133595616
202109,5호선,광나루,244618,225462,470080,37.5452786641598,127.103686533578
202109,5호선,광화문,528779,552139,1080918,37.5716228232824,126.976787992565
202109,5호선,군자,210633,228592,439225,37.5573631939521,127.079017279019
202109,5호선,굽은다리,182852,173976,356828,37.5457314720664,127.142970847846
202109,5호선,길동,153603,159590,313193,37.5378115570072,127.13999920444
202109,5호선,김포공항,138664,127456,266120,37.562313207852,126.801278424065
202109,5호선,까치산,557982,541997,1099979,37.5319560847746,126.846611592059
202109,5호선,답십리,299654,275296,574950,37.5664458277827,127.05318095956
202109,5호선,동대문역사문화공원,52495,61145,113640,37.5655895229776,127.009131498424
202109,5호선,둔촌동,163200,162701,325901,37.5276413733277,127.136190298465
202109,5호선,마곡,192234,191377,383611,37.5601984535897,126.825547992125
202109,5호선,마장,109316,101596,210912,37.5662827804848,127.043163438528
202109,5호선,마천,126373,123380,249753,37.4946706182588,127.152320621872
202109,5호선,마포,261071,267446,528517,37.5395837885645,126.945920370023
202109,5호선,명일,161873,167451,329324,37.5512602756216,127.144000929119
202109,5호선,목동,317781,347273,665054,37.52619868083,126.864742584692
202109,5호선,미사,292505,291996,584501,37.5631031857702,127.19269715129
202109,5호선,발산,371594,382735,754329,37.5590292668195,126.837310771961
202109,5호선,방이,132104,137231,269335,37.5085564458698,127.125854699016
202109,5호선,방화,131442,126112,257554,37.5770031079469,126.81262993382
202109,5호선,상일동,294621,269887,564508,37.5566643781876,127.165829221931
202109,5호선,서대문,347116,351447,698563,37.565856271913,126.966637398787
202109,5호선,송정,129868,121813,251681,37.5614775483136,126.811055407613
202109,5호선,신금호,123077,128460,251537,37.5545324884294,127.020064146247
202109,5호선,신길,75210,81070,156280,37.5176677017212,126.914336937521
202109,5호선,신정,262257,215018,477275,37.5252107928783,126.857290392028
202109,5호선,아차산,278699,271660,550359,37.5524011361136,127.08937059931
202109,5호선,애오개,128026,126662,254688,37.5533624029594,126.95661326016
202109,5호선,양평,137570,136907,274477,37.5255116853806,126.886865676125
202109,5호선,여의나루,208248,219812,428060,37.5270851610199,126.932863954929
202109,5호선,여의도,486015,513789,999804,37.5218423045786,126.924484687694
202109,5호선,영등포구청,73814,74790,148604,37.5256996614804,126.896626898379
202109,5호선,영등포시장,180349,185752,366101,37.5227345248969,126.904959169819
202109,5호선,오금,73378,71770,145148,37.5022659793733,127.127879247544
202109,5호선,오목교,402531,436114,838645,37.5244500703802,126.875354626254
202109,5호선,올림픽공원,84093,74235,158328,37.5160876492782,127.130600140827
202109,5호선,왕십리,87636,96011,183647,37.5612217415191,127.036655378283
202109,5호선,우장산,274194,271231,545425,37.5490001953873,126.836408931785
202109,5호선,을지로4가,111712,113723,225435,37.5666369941572,126.997852780281
202109,5호선,장한평,349852,348199,698051,37.5615026802954,127.064421108758
202109,5호선,종로3가,218768,221544,440312,37.5704266025836,126.99202930223
202109,5호선,천호,335706,336654,672360,37.5385789820645,127.123742434482
202109,5호선,청구,78785,72314,151099,37.5602939125022,127.013806006802
202109,5호선,충정로,89238,90259,179497,37.5598377952439,126.964474043785
202109,5호선,하남검단산,98673,95541,194214,37.5397591397808,127.22344448627
202109,5호선,하남시청,111115,109976,221091,37.5419015378666,127.206464400472
202109,5호선,하남풍산,78865,78184,157049,37.5520576727898,127.203870649661
202109,5호선,행당,156237,139482,295719,37.5572784369263,127.029232035475
202109,5호선,화곡,540262,506128,1046390,37.5414336176977,126.840496450153
202110,5호선,강동,362770,348553,711323,37.5355205088294,127.133529582127
202110,5호선,강일,73068,72443,145511,37.5575265973614,127.175938009116
202110,5호선,개롱,132445,136854,269299,37.4978146566399,127.135158595127
202110,5호선,개화산,111415,106450,217865,37.572270024754,126.806001672732
202110,5호선,거여,181443,173156,354599,37.4932073280335,127.144032331306
202110,5호선,고덕,194233,192243,386476,37.5550473189056,127.15394941502
202110,5호선,공덕,272758,288461,561219,37.5428436189268,126.95133595616
202110,5호선,광나루,261676,240363,502039,37.5452786641598,127.103686533578
202110,5호선,광화문,554738,584463,1139201,37.5716228232824,126.976787992565
202110,5호선,군자,223277,244179,467456,37.5573631939521,127.079017279019
202110,5호선,굽은다리,189481,180549,370030,37.5457314720664,127.142970847846
202110,5호선,길동,159219,164988,324207,37.5378115570072,127.13999920444
202110,5호선,김포공항,146949,136608,283557,37.562313207852,126.801278424065
202110,5호선,까치산,576216,556378,1132594,37.5319560847746,126.846611592059
202110,5호선,답십리,312937,287116,600053,37.5664458277827,127.05318095956
202110,5호선,동대문역사문화공원,55338,64779,120117,37.5655895229776,127.009131498424
202110,5호선,둔촌동,171587,170939,342526,37.5276413733277,127.136190298465
202110,5호선,마곡,205766,204163,409929,37.5601984535897,126.825547992125
202110,5호선,마장,110868,102663,213531,37.5662827804848,127.043163438528
202110,5호선,마천,135303,132002,267305,37.4946706182588,127.152320621872
202110,5호선,마포,277765,284409,562174,37.5395837885645,126.945920370023
202110,5호선,명일,171606,176829,348435,37.5512602756216,127.144000929119
202110,5호선,목동,331142,360172,691314,37.52619868083,126.864742584692
202110,5호선,미사,313772,310634,624406,37.5631031857702,127.19269715129
202110,5호선,발산,393276,404202,797478,37.5590292668195,126.837310771961
202110,5호선,방이,138149,143809,281958,37.5085564458698,127.125854699016
202110,5호선,방화,136103,130717,266820,37.5770031079469,126.81262993382
202110,5호선,상일동,309427,281860,591287,37.5566643781876,127.165829221931
202110,5호선,서대문,371758,373691,745449,37.565856271913,126.966637398787
202110,5호선,송정,134448,126067,260515,37.5614775483136,126.811055407613
202110,5호선,신금호,128689,134856,263545,37.5545324884294,127.020064146247
202110,5호선,신길,79238,85277,164515,37.5176677017212,126.914336937521
202110,5호선,신정,272980,222334,495314,37.5252107928783,126.857290392028
202110,5호선,아차산,290588,282112,572700,37.5524011361136,127.08937059931
202110,5호선,애오개,133257,132784,266041,37.5533624029594,126.95661326016
202110,5호선,양평,144287,142577,286864,37.5255116853806,126.886865676125
202110,5호선,여의나루,201796,220384,422180,37.5270851610199,126.932863954929
202110,5호선,여의도,519357,549529,1068886,37.5218423045786,126.924484687694
202110,5호선,영등포구청,76716,77868,154584,37.5256996614804,126.896626898379
202110,5호선,영등포시장,189415,195006,384421,37.5227345248969,126.904959169819
202110,5호선,오금,75817,76287,152104,37.5022659793733,127.127879247544
202110,5호선,오목교,421936,456251,878187,37.5244500703802,126.875354626254
202110,5호선,올림픽공원,89911,80680,170591,37.5160876492782,127.130600140827
202110,5호선,왕십리,90463,100037,190500,37.5612217415191,127.036655378283
202110,5호선,우장산,286692,283754,570446,37.5490001953873,126.836408931785
202110,5호선,을지로4가,120406,123461,243867,37.5666369941572,126.997852780281
202110,5호선,장한평,368114,365627,733741,37.5615026802954,127.064421108758
202110,5호선,종로3가,240890,239772,480662,37.5704266025836,126.99202930223
202110,5호선,천호,352620,353470,706090,37.5385789820645,127.123742434482
202110,5호선,청구,80760,73834,154594,37.5602939125022,127.013806006802
202110,5호선,충정로,93670,94704,188374,37.5598377952439,126.964474043785
202110,5호선,하남검단산,104172,100995,205167,37.5397591397808,127.22344448627
202110,5호선,하남시청,119909,118022,237931,37.5419015378666,127.206464400472
202110,5호선,하남풍산,82874,82233,165107,37.5520576727898,127.203870649661
202110,5호선,행당,161339,143609,304948,37.5572784369263,127.029232035475
202110,5호선,화곡,560363,524952,1085315,37.5414336176977,126.840496450153
202111,5호선,강동,410418,387898,798316,37.5355205088294,127.133529582127
202111,5호선,강일,84722,83911,168633,37.5575265973614,127.175938009116
202111,5호선,개롱,146731,150949,297680,37.4978146566399,127.135158595127
202111,5호선,개화산,124390,117264,241654,37.572270024754,126.806001672732
202111,5호선,거여,206347,193275,399622,37.4932073280335,127.144032331306
202111,5호선,고덕,215092,212597,427689,37.5550473189056,127.15394941502
202111,5호선,공덕,317859,340517,658376,37.5428436189268,126.95133595616
202111,5호선,광나루,295078,268179,563257,37.5452786641598,127.103686533578
202111,5호선,광화문,680804,722977,1403781,37.5716228232824,126.976787992565
202111,5호선,군자,247023,272456,519479,37.5573631939521,127.079017279019
202111,5호선,굽은다리,210867,198472,409339,37.5457314720664,127.142970847846
202111,5호선,길동,176635,183864,360499,37.5378115570072,127.13999920444
202111,5호선,김포공항,162116,149622,311738,37.562313207852,126.801278424065
202111,5호선,까치산,641659,609922,1251581,37.5319560847746,126.846611592059
202111,5호선,답십리,356212,321701,677913,37.5664458277827,127.05318095956
202111,5호선,동대문역사문화공원,65563,77072,142635,37.5655895229776,127.009131498424
202111,5호선,둔촌동,191594,190822,382416,37.5276413733277,127.136190298465
202111,5호선,마곡,240095,236798,476893,37.5601984535897,126.825547992125
202111,5호선,마장,125314,117794,243108,37.5662827804848,127.043163438528
202111,5호선,마천,153052,148343,301395,37.4946706182588,127.152320621872
202111,5호선,마포,324401,335142,659543,37.5395837885645,126.945920370023
202111,5호선,명일,193866,198442,392308,37.5512602756216,127.144000929119
202111,5호선,목동,372472,402253,774725,37.52619868083,126.864742584692
202111,5호선,미사,353201,347501,700702,37.5631031857702,127.19269715129
202111,5호선,발산,451522,468334,919856,37.5590292668195,126.837310771961
202111,5호선,방이,156700,162329,319029,37.5085564458698,127.125854699016
202111,5호선,방화,150699,143322,294021,37.5770031079469,126.81262993382
202111,5호선,상일동,352248,314257,666505,37.5566643781876,127.165829221931
202111,5호선,서대문,433035,445711,878746,37.565856271913,126.966637398787
202111,5호선,송정,148463,138141,286604,37.5614775483136,126.811055407613
202111,5호선,신금호,144904,149462,294366,37.5545324884294,127.020064146247
202111,5호선,신길,91708,97648,189356,37.5176677017212,126.914336937521
202111,5호선,신정,310823,249017,559840,37.5252107928783,126.857290392028
202111,5호선,아차산,318623,306772,625395,37.5524011361136,127.08937059931
202111,5호선,애오개,152135,152535,304670,37.5533624029594,126.95661326016
202111,5호선,양평,168412,164765,333177,37.5255116853806,126.886865676125
202111,5호선,여의나루,207067,233894,440961,37.5270851610199,126.932863954929
202111,5호선,여의도,636199,675373,1311572,37.5218423045786,126.924484687694
202111,5호선,영등포구청,86478,89375,175853,37.5256996614804,126.896626898379
202111,5호선,영등포시장,219091,224702,443793,37.5227345248969,126.904959169819
202111,5호선,오금,84620,83951,168571,37.5022659793733,127.127879247544
202111,5호선,오목교,476759,515863,992622,37.5244500703802,126.875354626254
202111,5호선,올림픽공원,98668,87530,186198,37.5160876492782,127.130600140827
202111,5호선,왕십리,100844,115278,216122,37.5612217415191,127.036655378283
202111,5호선,우장산,325422,317929,643351,37.5490001953873,126.836408931785
202111,5호선,을지로4가,136368,140096,276464,37.5666369941572,126.997852780281
202111,5호선,장한평,418313,412794,831107,37.5615026802954,127.064421108758
202111,5호선,종로3가,270612,271855,542467,37.5704266025836,126.99202930223
202111,5호선,천호,386622,390145,776767,37.5385789820645,127.123742434482
202111,5호선,청구,90190,82049,172239,37.5602939125022,127.013806006802
202111,5호선,충정로,109767,111565,221332,37.5598377952439,126.964474043785
202111,5호선,하남검단산,115084,110408,225492,37.5397591397808,127.22344448627
202111,5호선,하남시청,135565,132403,267968,37.5419015378666,127.206464400472
202111,5호선,하남풍산,93862,92843,186705,37.5520576727898,127.203870649661
202111,5호선,행당,183293,160868,344161,37.5572784369263,127.029232035475
202111,5호선,화곡,630300,582781,1213081,37.5414336176977,126.840496450153
202112,5호선,강동,416020,394597,810617,37.5355205088294,127.133529582127
202112,5호선,강일,86586,86658,173244,37.5575265973614,127.175938009116
202112,5호선,개롱,146615,152231,298846,37.4978146566399,127.135158595127
202112,5호선,개화산,125333,118794,244127,37.572270024754,126.806001672732
202112,5호선,거여,210054,200134,410188,37.4932073280335,127.144032331306
202112,5호선,고덕,217404,215331,432735,37.5550473189056,127.15394941502
202112,5호선,공덕,314647,336340,650987,37.5428436189268,126.95133595616
202112,5호선,광나루,295224,271685,566909,37.5452786641598,127.103686533578
202112,5호선,광화문,676791,704581,1381372,37.5716228232824,126.976787992565
202112,5호선,군자,253691,278525,532216,37.5573631939521,127.079017279019
202112,5호선,굽은다리,217196,208903,426099,37.5457314720664,127.142970847846
202112,5호선,길동,181394,191374,372768,37.5378115570072,127.13999920444
202112,5호선,김포공항,164963,155602,320565,37.562313207852,126.801278424065
202112,5호선,까치산,651465,625026,1276491,37.5319560847746,126.846611592059
202112,5호선,답십리,364486,332448,696934,37.5664458277827,127.05318095956
202112,5호선,동대문역사문화공원,66349,77164,143513,37.5655895229776,127.009131498424
202112,5호선,둔촌동,193497,193510,387007,37.5276413733277,127.136190298465
202112,5호선,마곡,242146,239903,482049,37.5601984535897,126.825547992125
202112,5호선,마장,128114,120504,248618,37.5662827804848,127.043163438528
202112,5호선,마천,155196,151517,306713,37.4946706182588,127.152320621872
202112,5호선,마포,327365,336310,663675,37.5395837885645,126.945920370023
202112,5호선,명일,192760,200848,393608,37.5512602756216,127.144000929119
202112,5호선,목동,373176,404858,778034,37.52619868083,126.864742584692
202112,5호선,미사,356564,353540,710104,37.5631031857702,127.19269715129
202112,5호선,발산,448559,461552,910111,37.5590292668195,126.837310771961
202112,5호선,방이,157896,164704,322600,37.5085564458698,127.125854699016
202112,5호선,방화,151542,146290,297832,37.5770031079469,126.81262993382
202112,5호선,상일동,349207,318221,667428,37.5566643781876,127.165829221931
202112,5호선,서대문,423949,429888,853837,37.565856271913,126.966637398787
202112,5호선,송정,148205,138951,287156,37.5614775483136,126.811055407613
202112,5호선,신금호,146254,151338,297592,37.5545324884294,127.020064146247
202112,5호선,신길,92774,100045,192819,37.5176677017212,126.914336937521
202112,5호선,신정,313881,252814,566695,37.5252107928783,126.857290392028
202112,5호선,아차산,322773,311349,634122,37.5524011361136,127.08937059931
202112,5호선,애오개,152899,154034,306933,37.5533624029594,126.95661326016
202112,5호선,양평,171269,169137,340406,37.5255116853806,126.886865676125
202112,5호선,여의나루,187390,209785,397175,37.5270851610199,126.932863954929
202112,5호선,여의도,646333,672240,1318573,37.5218423045786,126.924484687694
202112,5호선,영등포구청,86406,89502,175908,37.5256996614804,126.896626898379
202112,5호선,영등포시장,223508,230599,454107,37.5227345248969,126.904959169819
202112,5호선,오금,85780,85194,170974,37.5022659793733,127.127879247544
202112,5호선,오목교,488323,526424,1014747,37.5244500703802,126.875354626254
202112,5호선,올림픽공원,96848,85717,182565,37.5160876492782,127.130600140827
202112,5호선,왕십리,105275,119502,224777,37.5612217415191,127.036655378283
202112,5호선,우장산,322967,318051,641018,37.5490001953873,126.836408931785
202112,5호선,을지로4가,138200,139617,277817,37.5666369941572,126.997852780281
202112,5호선,장한평,422398,419937,842335,37.5615026802954,127.064421108758
202112,5호선,종로3가,267200,268150,535350,37.5704266025836,126.99202930223
202112,5호선,천호,402478,401308,803786,37.5385789820645,127.123742434482
202112,5호선,청구,90584,82934,173518,37.5602939125022,127.013806006802
202112,5호선,충정로,109233,110816,220049,37.5598377952439,126.964474043785
202112,5호선,하남검단산,120119,115317,235436,37.5397591397808,127.22344448627
202112,5호선,하남시청,139798,137787,277585,37.5419015378666,127.206464400472
202112,5호선,하남풍산,94709,95331,190040,37.5520576727898,127.203870649661
202112,5호선,행당,182097,162505,344602,37.5572784369263,127.029232035475
202112,5호선,화곡,638939,595780,1234719,37.5414336176977,126.840496450153
202101,6호선,고려대,134036,131166,265202,37.590649686622,127.036284948669
202101,6호선,공덕,328860,319808,648668,37.5428436189268,126.95133595616
202101,6호선,광흥창,154096,150458,304554,37.5474860706906,126.931939240491
202101,6호선,구산,127259,101299,228558,37.6112122196295,126.917182386796
202101,6호선,녹사평,77155,75225,152380,37.5348314193581,126.987028473368
202101,6호선,대흥,136517,141064,277581,37.5476683544726,126.942465251709
202101,6호선,독바위,49360,52594,101954,37.6183988849915,126.932810138476
202101,6호선,돌곶이,152343,145112,297455,37.610550696559,127.056425217652
202101,6호선,동묘앞,136755,139531,276286,37.5733722075697,127.01675118037
202101,6호선,디지털미디어시티,247493,273830,521323,37.5768239035855,126.899020186183
202101,6호선,마포구청,247652,227644,475296,37.5634263131969,126.903356973848
202101,6호선,망원,237041,258658,495699,37.5560572923314,126.910033925408
202101,6호선,버티고개,40719,39373,80092,37.5480418375007,127.007084969776
202101,6호선,보문,126546,119006,245552,37.5847632748488,127.019790458317
202101,6호선,봉화산,160418,151060,311478,37.6176537624438,127.090758129505
202101,6호선,불광,72477,74413,146890,37.6102072578868,126.92998576213
202101,6호선,삼각지,96547,85939,182486,37.5345937063675,126.973011032988
202101,6호선,상수,128584,138853,267437,37.5477716665856,126.922409857908
202101,6호선,상월곡,109133,98877,208010,37.6062641394281,127.048326622029
202101,6호선,새절,224786,214025,438811,37.5918270544017,126.913911983591
202101,6호선,석계,217584,224135,441719,37.6150480846952,127.066118430844
202101,6호선,신내,9,0,9,37.6100945305971,127.110257980303
202101,6호선,신당,135626,144040,279666,37.5656540317328,127.019540574485
202101,6호선,안암,169216,167579,336795,37.5862804833256,127.029213030111
202101,6호선,약수,61541,62137,123678,37.5545595558163,127.010822526737
202101,6호선,역촌,66773,79160,145933,37.6060390534435,126.922967946327
202101,6호선,연신내,8,0,8,37.618962003178,126.921162124977
202101,6호선,월곡,197365,198423,395788,37.6014210523409,127.041184766468
202101,6호선,월드컵경기장,74143,76636,150779,37.569942569034,126.899033325814
202101,6호선,응암,310496,313799,624295,37.5987423282207,126.915512801302
202101,6호선,이태원,144085,147271,291356,37.534483277545,126.993721655506
202101,6호선,증산,178025,179077,357102,37.5841954778004,126.910057587886
202101,6호선,창신,62853,51757,114610,37.5800168892429,127.015211194258
202101,6호선,청구,68705,72909,141614,37.5602939125022,127.013806006802
202101,6호선,태릉입구,91069,99504,190573,37.6185137762138,127.075368429731
202101,6호선,한강진,116456,129226,245682,37.5402951544226,127.001748287649
202101,6호선,합정,211598,206504,418102,37.5501152068908,126.914638180431
202101,6호선,화랑대,195882,155512,351394,37.6198943887187,127.083744624338
202101,6호선,효창공원앞,122586,113214,235800,37.5393766399926,126.961258439813
202102,6호선,고려대,135268,131318,266586,37.590649686622,127.036284948669
202102,6호선,공덕,330548,318655,649203,37.5428436189268,126.95133595616
202102,6호선,광흥창,154527,151640,306167,37.5474860706906,126.931939240491
202102,6호선,구산,129271,101148,230419,37.6112122196295,126.917182386796
202102,6호선,녹사평,81216,79128,160344,37.5348314193581,126.987028473368
202102,6호선,대흥,137938,142232,280170,37.5476683544726,126.942465251709
202102,6호선,독바위,49201,51919,101120,37.6183988849915,126.932810138476
202102,6호선,돌곶이,154533,145103,299636,37.610550696559,127.056425217652
202102,6호선,동묘앞,137231,139325,276556,37.5733722075697,127.01675118037
202102,6호선,디지털미디어시티,242079,265827,507906,37.5768239035855,126.899020186183
202102,6호선,마포구청,249091,226937,476028,37.5634263131969,126.903356973848
202102,6호선,망원,253155,275626,528781,37.5560572923314,126.910033925408
202102,6호선,버티고개,40190,38455,78645,37.5480418375007,127.007084969776
202102,6호선,보문,126195,116910,243105,37.5847632748488,127.019790458317
202102,6호선,봉화산,157103,147700,304803,37.6176537624438,127.090758129505
202102,6호선,불광,74607,75672,150279,37.6102072578868,126.92998576213
202102,6호선,삼각지,98360,87290,185650,37.5345937063675,126.973011032988
202102,6호선,상수,135522,148228,283750,37.5477716665856,126.922409857908
202102,6호선,상월곡,107764,96305,204069,37.6062641394281,127.048326622029
202102,6호선,새절,225943,214053,439996,37.5918270544017,126.913911983591
202102,6호선,석계,215393,221433,436826,37.6150480846952,127.066118430844
202102,6호선,신내,4,0,4,37.6100945305971,127.110257980303
202102,6호선,신당,133080,139276,272356,37.5656540317328,127.019540574485
202102,6호선,안암,171067,169652,340719,37.5862804833256,127.029213030111
202102,6호선,약수,61499,62990,124489,37.5545595558163,127.010822526737
202102,6호선,역촌,66253,77531,143784,37.6060390534435,126.922967946327
202102,6호선,연신내,13,0,13,37.618962003178,126.921162124977
202102,6호선,월곡,195783,195305,391088,37.6014210523409,127.041184766468
202102,6호선,월드컵경기장,78378,80875,159253,37.569942569034,126.899033325814
202102,6호선,응암,312314,312032,624346,37.5987423282207,126.915512801302
202102,6호선,이태원,160230,162715,322945,37.534483277545,126.993721655506
202102,6호선,증산,178228,177169,355397,37.5841954778004,126.910057587886
202102,6호선,창신,61248,49897,111145,37.5800168892429,127.015211194258
202102,6호선,청구,67480,71938,139418,37.5602939125022,127.013806006802
202102,6호선,태릉입구,92621,101267,193888,37.6185137762138,127.075368429731
202102,6호선,한강진,128465,145148,273613,37.5402951544226,127.001748287649
202102,6호선,합정,225026,219387,444413,37.5501152068908,126.914638180431
202102,6호선,화랑대,195638,153674,349312,37.6198943887187,127.083744624338
202102,6호선,효창공원앞,121817,111322,233139,37.5393766399926,126.961258439813
202103,6호선,고려대,176919,170368,347287,37.590649686622,127.036284948669
202103,6호선,공덕,423575,408319,831894,37.5428436189268,126.95133595616
202103,6호선,광흥창,200439,195806,396245,37.5474860706906,126.931939240491
202103,6호선,구산,169123,128754,297877,37.6112122196295,126.917182386796
202103,6호선,녹사평,105991,103053,209044,37.5348314193581,126.987028473368
202103,6호선,대흥,180386,185865,366251,37.5476683544726,126.942465251709
202103,6호선,독바위,63138,65801,128939,37.6183988849915,126.932810138476
202103,6호선,돌곶이,205592,192822,398414,37.610550696559,127.056425217652
202103,6호선,동묘앞,176461,179595,356056,37.5733722075697,127.01675118037
202103,6호선,디지털미디어시티,311232,340297,651529,37.5768239035855,126.899020186183
202103,6호선,마포구청,315116,286423,601539,37.5634263131969,126.903356973848
202103,6호선,망원,309545,334948,644493,37.5560572923314,126.910033925408
202103,6호선,버티고개,50909,48692,99601,37.5480418375007,127.007084969776
202103,6호선,보문,159737,148419,308156,37.5847632748488,127.019790458317
202103,6호선,봉화산,199462,186341,385803,37.6176537624438,127.090758129505
202103,6호선,불광,97458,98845,196303,37.6102072578868,126.92998576213
202103,6호선,삼각지,129585,113315,242900,37.5345937063675,126.973011032988
202103,6호선,상수,166422,183381,349803,37.5477716665856,126.922409857908
202103,6호선,상월곡,139816,124845,264661,37.6062641394281,127.048326622029
202103,6호선,새절,291189,274508,565697,37.5918270544017,126.913911983591
202103,6호선,석계,275333,283088,558421,37.6150480846952,127.066118430844
202103,6호선,신내,3,0,3,37.6100945305971,127.110257980303
202103,6호선,신당,177290,188015,365305,37.5656540317328,127.019540574485
202103,6호선,안암,229783,231656,461439,37.5862804833256,127.029213030111
202103,6호선,약수,78158,79836,157994,37.5545595558163,127.010822526737
202103,6호선,역촌,82460,96323,178783,37.6060390534435,126.922967946327
202103,6호선,연신내,9,0,9,37.618962003178,126.921162124977
202103,6호선,월곡,252833,250870,503703,37.6014210523409,127.041184766468
202103,6호선,월드컵경기장,103139,107083,210222,37.569942569034,126.899033325814
202103,6호선,응암,397219,393029,790248,37.5987423282207,126.915512801302
202103,6호선,이태원,205808,210611,416419,37.534483277545,126.993721655506
202103,6호선,증산,225821,224046,449867,37.5841954778004,126.910057587886
202103,6호선,창신,82560,68158,150718,37.5800168892429,127.015211194258
202103,6호선,청구,87180,93584,180764,37.5602939125022,127.013806006802
202103,6호선,태릉입구,118913,132807,251720,37.6185137762138,127.075368429731
202103,6호선,한강진,168817,191810,360627,37.5402951544226,127.001748287649
202103,6호선,합정,281818,277319,559137,37.5501152068908,126.914638180431
202103,6호선,화랑대,253961,199247,453208,37.6198943887187,127.083744624338
202103,6호선,효창공원앞,156330,144239,300569,37.5393766399926,126.961258439813
202104,6호선,고려대,175265,168328,343593,37.590649686622,127.036284948669
202104,6호선,공덕,416010,401791,817801,37.5428436189268,126.95133595616
202104,6호선,광흥창,196838,191330,388168,37.5474860706906,126.931939240491
202104,6호선,구산,168670,126986,295656,37.6112122196295,126.917182386796
202104,6호선,녹사평,106459,103474,209933,37.5348314193581,126.987028473368
202104,6호선,대흥,175689,182450,358139,37.5476683544726,126.942465251709
202104,6호선,독바위,61300,64758,126058,37.6183988849915,126.932810138476
202104,6호선,돌곶이,202296,188795,391091,37.610550696559,127.056425217652
202104,6호선,동묘앞,173917,177517,351434,37.5733722075697,127.01675118037
202104,6호선,디지털미디어시티,307677,335333,643010,37.5768239035855,126.899020186183
202104,6호선,마포구청,311265,281317,592582,37.5634263131969,126.903356973848
202104,6호선,망원,302802,327499,630301,37.5560572923314,126.910033925408
202104,6호선,버티고개,49330,48219,97549,37.5480418375007,127.007084969776
202104,6호선,보문,156716,145835,302551,37.5847632748488,127.019790458317
202104,6호선,봉화산,195475,182659,378134,37.6176537624438,127.090758129505
202104,6호선,불광,95580,97229,192809,37.6102072578868,126.92998576213
202104,6호선,삼각지,130228,114163,244391,37.5345937063675,126.973011032988
202104,6호선,상수,163959,182278,346237,37.5477716665856,126.922409857908
202104,6호선,상월곡,138508,124061,262569,37.6062641394281,127.048326622029
202104,6호선,새절,288816,272298,561114,37.5918270544017,126.913911983591
202104,6호선,석계,270083,278522,548605,37.6150480846952,127.066118430844
202104,6호선,신내,2,0,2,37.6100945305971,127.110257980303
202104,6호선,신당,176111,186089,362200,37.5656540317328,127.019540574485
202104,6호선,안암,225841,225399,451240,37.5862804833256,127.029213030111
202104,6호선,약수,77627,79181,156808,37.5545595558163,127.010822526737
202104,6호선,역촌,80209,92223,172432,37.6060390534435,126.922967946327
202104,6호선,연신내,19,0,19,37.618962003178,126.921162124977
202104,6호선,월곡,247790,246169,493959,37.6014210523409,127.041184766468
202104,6호선,월드컵경기장,104008,107811,211819,37.569942569034,126.899033325814
202104,6호선,응암,394747,389582,784329,37.5987423282207,126.915512801302
202104,6호선,이태원,201537,207937,409474,37.534483277545,126.993721655506
202104,6호선,증산,222675,220909,443584,37.5841954778004,126.910057587886
202104,6호선,창신,81204,67094,148298,37.5800168892429,127.015211194258
202104,6호선,청구,84889,90769,175658,37.5602939125022,127.013806006802
202104,6호선,태릉입구,117414,131067,248481,37.6185137762138,127.075368429731
202104,6호선,한강진,165621,188829,354450,37.5402951544226,127.001748287649
202104,6호선,합정,277282,272331,549613,37.5501152068908,126.914638180431
202104,6호선,화랑대,252542,196829,449371,37.6198943887187,127.083744624338
202104,6호선,효창공원앞,154013,140527,294540,37.5393766399926,126.961258439813
202105,6호선,고려대,161888,152973,314861,37.590649686622,127.036284948669
202105,6호선,공덕,373241,359374,732615,37.5428436189268,126.95133595616
202105,6호선,광흥창,180486,174747,355233,37.5474860706906,126.931939240491
202105,6호선,구산,155732,117103,272835,37.6112122196295,126.917182386796
202105,6호선,녹사평,102513,100126,202639,37.5348314193581,126.987028473368
202105,6호선,대흥,164068,169683,333751,37.5476683544726,126.942465251709
202105,6호선,독바위,56986,59590,116576,37.6183988849915,126.932810138476
202105,6호선,돌곶이,188106,176453,364559,37.610550696559,127.056425217652
202105,6호선,동묘앞,165182,167786,332968,37.5733722075697,127.01675118037
202105,6호선,디지털미디어시티,278589,300309,578898,37.5768239035855,126.899020186183
202105,6호선,마포구청,286990,258053,545043,37.5634263131969,126.903356973848
202105,6호선,망원,288508,313644,602152,37.5560572923314,126.910033925408
202105,6호선,버티고개,45972,44857,90829,37.5480418375007,127.007084969776
202105,6호선,보문,146935,136376,283311,37.5847632748488,127.019790458317
202105,6호선,봉화산,179722,167631,347353,37.6176537624438,127.090758129505
202105,6호선,불광,89383,89200,178583,37.6102072578868,126.92998576213
202105,6호선,삼각지,121354,105006,226360,37.5345937063675,126.973011032988
202105,6호선,상수,157245,174303,331548,37.5477716665856,126.922409857908
202105,6호선,상월곡,128688,115255,243943,37.6062641394281,127.048326622029
202105,6호선,새절,263754,246965,510719,37.5918270544017,126.913911983591
202105,6호선,석계,251144,256894,508038,37.6150480846952,127.066118430844
202105,6호선,신내,5,0,5,37.6100945305971,127.110257980303
202105,6호선,신당,161670,171542,333212,37.5656540317328,127.019540574485
202105,6호선,안암,209018,209082,418100,37.5862804833256,127.029213030111
202105,6호선,약수,71778,73485,145263,37.5545595558163,127.010822526737
202105,6호선,역촌,76254,88731,164985,37.6060390534435,126.922967946327
202105,6호선,연신내,9,0,9,37.618962003178,126.921162124977
202105,6호선,월곡,228683,226893,455576,37.6014210523409,127.041184766468
202105,6호선,월드컵경기장,94985,99638,194623,37.569942569034,126.899033325814
202105,6호선,응암,360888,355571,716459,37.5987423282207,126.915512801302
202105,6호선,이태원,194273,199553,393826,37.534483277545,126.993721655506
202105,6호선,증산,204370,201350,405720,37.5841954778004,126.910057587886
202105,6호선,창신,73156,60100,133256,37.5800168892429,127.015211194258
202105,6호선,청구,77739,83149,160888,37.5602939125022,127.013806006802
202105,6호선,태릉입구,115103,130629,245732,37.6185137762138,127.075368429731
202105,6호선,한강진,146430,170618,317048,37.5402951544226,127.001748287649
202105,6호선,합정,262814,255467,518281,37.5501152068908,126.914638180431
202105,6호선,화랑대,233020,182041,415061,37.6198943887187,127.083744624338
202105,6호선,효창공원앞,142015,128839,270854,37.5393766399926,126.961258439813
202106,6호선,고려대,174113,166493,340606,37.590649686622,127.036284948669
202106,6호선,공덕,411499,396540,808039,37.5428436189268,126.95133595616
202106,6호선,광흥창,198998,192274,391272,37.5474860706906,126.931939240491
202106,6호선,구산,168354,126815,295169,37.6112122196295,126.917182386796
202106,6호선,녹사평,107804,105226,213030,37.5348314193581,126.987028473368
202106,6호선,대흥,177768,183256,361024,37.5476683544726,126.942465251709
202106,6호선,독바위,61737,64611,126348,37.6183988849915,126.932810138476
202106,6호선,돌곶이,203517,190774,394291,37.610550696559,127.056425217652
202106,6호선,동묘앞,170279,174648,344927,37.5733722075697,127.01675118037
202106,6호선,디지털미디어시티,308141,335322,643463,37.5768239035855,126.899020186183
202106,6호선,마포구청,314008,283616,597624,37.5634263131969,126.903356973848
202106,6호선,망원,303734,328925,632659,37.5560572923314,126.910033925408
202106,6호선,버티고개,45619,45634,91253,37.5480418375007,127.007084969776
202106,6호선,보문,157644,146207,303851,37.5847632748488,127.019790458317
202106,6호선,봉화산,197910,184287,382197,37.6176537624438,127.090758129505
202106,6호선,불광,96032,95718,191750,37.6102072578868,126.92998576213
202106,6호선,삼각지,133679,116993,250672,37.5345937063675,126.973011032988
202106,6호선,상수,174244,192725,366969,37.5477716665856,126.922409857908
202106,6호선,상월곡,139215,125645,264860,37.6062641394281,127.048326622029
202106,6호선,새절,286990,268038,555028,37.5918270544017,126.913911983591
202106,6호선,석계,270799,278221,549020,37.6150480846952,127.066118430844
202106,6호선,신내,5,0,5,37.6100945305971,127.110257980303
202106,6호선,신당,175512,185620,361132,37.5656540317328,127.019540574485
202106,6호선,안암,227826,227204,455030,37.5862804833256,127.029213030111
202106,6호선,약수,80766,79974,160740,37.5545595558163,127.010822526737
202106,6호선,역촌,84293,98070,182363,37.6060390534435,126.922967946327
202106,6호선,연신내,13,0,13,37.618962003178,126.921162124977
202106,6호선,월곡,247469,245987,493456,37.6014210523409,127.041184766468
202106,6호선,월드컵경기장,99612,104761,204373,37.569942569034,126.899033325814
202106,6호선,응암,390295,384414,774709,37.5987423282207,126.915512801302
202106,6호선,이태원,201013,208432,409445,37.534483277545,126.993721655506
202106,6호선,증산,220887,217490,438377,37.5841954778004,126.910057587886
202106,6호선,창신,81031,66143,147174,37.5800168892429,127.015211194258
202106,6호선,청구,85079,90561,175640,37.5602939125022,127.013806006802
202106,6호선,태릉입구,118056,131549,249605,37.6185137762138,127.075368429731
202106,6호선,한강진,165860,192540,358400,37.5402951544226,127.001748287649
202106,6호선,합정,282521,276530,559051,37.5501152068908,126.914638180431
202106,6호선,화랑대,255637,200249,455886,37.6198943887187,127.083744624338
202106,6호선,효창공원앞,155341,140937,296278,37.5393766399926,126.961258439813
202107,6호선,고려대,151282,144903,296185,37.590649686622,127.036284948669
202107,6호선,공덕,359961,347142,707103,37.5428436189268,126.95133595616
202107,6호선,광흥창,178721,171948,350669,37.5474860706906,126.931939240491
202107,6호선,구산,153565,118141,271706,37.6112122196295,126.917182386796
202107,6호선,녹사평,92534,90700,183234,37.5348314193581,126.987028473368
202107,6호선,대흥,160976,166413,327389,37.5476683544726,126.942465251709
202107,6호선,독바위,56499,60052,116551,37.6183988849915,126.932810138476
202107,6호선,돌곶이,181570,171011,352581,37.610550696559,127.056425217652
202107,6호선,동묘앞,162814,167060,329874,37.5733722075697,127.01675118037
202107,6호선,디지털미디어시티,273257,298496,571753,37.5768239035855,126.899020186183
202107,6호선,마포구청,289334,261543,550877,37.5634263131969,126.903356973848
202107,6호선,망원,274754,295857,570611,37.5560572923314,126.910033925408
202107,6호선,버티고개,38318,39498,77816,37.5480418375007,127.007084969776
202107,6호선,보문,143182,132584,275766,37.5847632748488,127.019790458317
202107,6호선,봉화산,180922,169856,350778,37.6176537624438,127.090758129505
202107,6호선,불광,87322,85785,173107,37.6102072578868,126.92998576213
202107,6호선,삼각지,117746,103433,221179,37.5345937063675,126.973011032988
202107,6호선,상수,146357,160577,306934,37.5477716665856,126.922409857908
202107,6호선,상월곡,126277,113534,239811,37.6062641394281,127.048326622029
202107,6호선,새절,255505,239313,494818,37.5918270544017,126.913911983591
202107,6호선,석계,242308,249366,491674,37.6150480846952,127.066118430844
202107,6호선,신내,6,0,6,37.6100945305971,127.110257980303
202107,6호선,신당,164969,173724,338693,37.5656540317328,127.019540574485
202107,6호선,안암,191888,189412,381300,37.5862804833256,127.029213030111
202107,6호선,약수,74145,72226,146371,37.5545595558163,127.010822526737
202107,6호선,역촌,81705,93569,175274,37.6060390534435,126.922967946327
202107,6호선,연신내,21,0,21,37.618962003178,126.921162124977
202107,6호선,월곡,225556,226120,451676,37.6014210523409,127.041184766468
202107,6호선,월드컵경기장,90394,95199,185593,37.569942569034,126.899033325814
202107,6호선,응암,354395,353827,708222,37.5987423282207,126.915512801302
202107,6호선,이태원,164225,170077,334302,37.534483277545,126.993721655506
202107,6호선,증산,201394,199646,401040,37.5841954778004,126.910057587886
202107,6호선,창신,70982,57368,128350,37.5800168892429,127.015211194258
202107,6호선,청구,78184,82825,161009,37.5602939125022,127.013806006802
202107,6호선,태릉입구,106534,117101,223635,37.6185137762138,127.075368429731
202107,6호선,한강진,144902,164825,309727,37.5402951544226,127.001748287649
202107,6호선,합정,245960,241419,487379,37.5501152068908,126.914638180431
202107,6호선,화랑대,225647,176607,402254,37.6198943887187,127.083744624338
202107,6호선,효창공원앞,137311,124298,261609,37.5393766399926,126.961258439813
202108,6호선,고려대,143131,138078,281209,37.590649686622,127.036284948669
202108,6호선,공덕,339611,327979,667590,37.5428436189268,126.95133595616
202108,6호선,광흥창,170090,164914,335004,37.5474860706906,126.931939240491
202108,6호선,구산,147669,115793,263462,37.6112122196295,126.917182386796
202108,6호선,녹사평,90758,89284,180042,37.5348314193581,126.987028473368
202108,6호선,대흥,154995,159711,314706,37.5476683544726,126.942465251709
202108,6호선,독바위,53702,57331,111033,37.6183988849915,126.932810138476
202108,6호선,돌곶이,172727,163512,336239,37.610550696559,127.056425217652
202108,6호선,동묘앞,151621,157039,308660,37.5733722075697,127.01675118037
202108,6호선,디지털미디어시티,256132,278586,534718,37.5768239035855,126.899020186183
202108,6호선,마포구청,274568,249255,523823,37.5634263131969,126.903356973848
202108,6호선,망원,268107,290026,558133,37.5560572923314,126.910033925408
202108,6호선,버티고개,36187,39059,75246,37.5480418375007,127.007084969776
202108,6호선,보문,134346,125699,260045,37.5847632748488,127.019790458317
202108,6호선,봉화산,169277,159773,329050,37.6176537624438,127.090758129505
202108,6호선,불광,81202,80709,161911,37.6102072578868,126.92998576213
202108,6호선,삼각지,113699,99364,213063,37.5345937063675,126.973011032988
202108,6호선,상수,145947,161444,307391,37.5477716665856,126.922409857908
202108,6호선,상월곡,118851,107228,226079,37.6062641394281,127.048326622029
202108,6호선,새절,241937,228463,470400,37.5918270544017,126.913911983591
202108,6호선,석계,230178,239351,469529,37.6150480846952,127.066118430844
202108,6호선,신내,3,0,3,37.6100945305971,127.110257980303
202108,6호선,신당,155233,162504,317737,37.5656540317328,127.019540574485
202108,6호선,안암,183282,182871,366153,37.5862804833256,127.029213030111
202108,6호선,약수,70646,68337,138983,37.5545595558163,127.010822526737
202108,6호선,역촌,78368,90133,168501,37.6060390534435,126.922967946327
202108,6호선,연신내,28,0,28,37.618962003178,126.921162124977
202108,6호선,월곡,213186,213918,427104,37.6014210523409,127.041184766468
202108,6호선,월드컵경기장,87141,91114,178255,37.569942569034,126.899033325814
202108,6호선,응암,336242,337808,674050,37.5987423282207,126.915512801302
202108,6호선,이태원,159757,164534,324291,37.534483277545,126.993721655506
202108,6호선,증산,191909,191588,383497,37.5841954778004,126.910057587886
202108,6호선,창신,67199,54816,122015,37.5800168892429,127.015211194258
202108,6호선,청구,73838,77656,151494,37.5602939125022,127.013806006802
202108,6호선,태릉입구,102543,113130,215673,37.6185137762138,127.075368429731
202108,6호선,한강진,134135,151750,285885,37.5402951544226,127.001748287649
202108,6호선,합정,239099,232819,471918,37.5501152068908,126.914638180431
202108,6호선,화랑대,214027,168096,382123,37.6198943887187,127.083744624338
202108,6호선,효창공원앞,130943,117482,248425,37.5393766399926,126.961258439813
202109,6호선,고려대,146781,141188,287969,37.590649686622,127.036284948669
202109,6호선,공덕,339009,327907,666916,37.5428436189268,126.95133595616
202109,6호선,광흥창,169536,164357,333893,37.5474860706906,126.931939240491
202109,6호선,구산,149994,115000,264994,37.6112122196295,126.917182386796
202109,6호선,녹사평,93690,91354,185044,37.5348314193581,126.987028473368
202109,6호선,대흥,154554,159092,313646,37.5476683544726,126.942465251709
202109,6호선,독바위,54230,57334,111564,37.6183988849915,126.932810138476
202109,6호선,돌곶이,176115,166122,342237,37.610550696559,127.056425217652
202109,6호선,동묘앞,154007,157304,311311,37.5733722075697,127.01675118037
202109,6호선,디지털미디어시티,254630,275005,529635,37.5768239035855,126.899020186183
202109,6호선,마포구청,269755,243364,513119,37.5634263131969,126.903356973848
202109,6호선,망원,271174,294518,565692,37.5560572923314,126.910033925408
202109,6호선,버티고개,35711,39017,74728,37.5480418375007,127.007084969776
202109,6호선,보문,138360,128436,266796,37.5847632748488,127.019790458317
202109,6호선,봉화산,169546,160172,329718,37.6176537624438,127.090758129505
202109,6호선,불광,80622,80749,161371,37.6102072578868,126.92998576213
202109,6호선,삼각지,113601,98661,212262,37.5345937063675,126.973011032988
202109,6호선,상수,142719,160320,303039,37.5477716665856,126.922409857908
202109,6호선,상월곡,121641,109984,231625,37.6062641394281,127.048326622029
202109,6호선,새절,246817,230998,477815,37.5918270544017,126.913911983591
202109,6호선,석계,233982,242395,476377,37.6150480846952,127.066118430844
202109,6호선,신내,4,0,4,37.6100945305971,127.110257980303
202109,6호선,신당,160456,168736,329192,37.5656540317328,127.019540574485
202109,6호선,안암,189820,190131,379951,37.5862804833256,127.029213030111
202109,6호선,약수,71735,67851,139586,37.5545595558163,127.010822526737
202109,6호선,역촌,75651,88818,164469,37.6060390534435,126.922967946327
202109,6호선,연신내,32,0,32,37.618962003178,126.921162124977
202109,6호선,월곡,216402,214854,431256,37.6014210523409,127.041184766468
202109,6호선,월드컵경기장,95386,99713,195099,37.569942569034,126.899033325814
202109,6호선,응암,338865,337411,676276,37.5987423282207,126.915512801302
202109,6호선,이태원,179143,186014,365157,37.534483277545,126.993721655506
202109,6호선,증산,193347,191493,384840,37.5841954778004,126.910057587886
202109,6호선,창신,67699,55519,123218,37.5800168892429,127.015211194258
202109,6호선,청구,74046,78505,152551,37.5602939125022,127.013806006802
202109,6호선,태릉입구,103168,113760,216928,37.6185137762138,127.075368429731
202109,6호선,한강진,141940,162137,304077,37.5402951544226,127.001748287649
202109,6호선,합정,235674,231788,467462,37.5501152068908,126.914638180431
202109,6호선,화랑대,218589,170424,389013,37.6198943887187,127.083744624338
202109,6호선,효창공원앞,133101,119414,252515,37.5393766399926,126.961258439813
202110,6호선,고려대,152782,147423,300205,37.590649686622,127.036284948669
202110,6호선,공덕,358918,345817,704735,37.5428436189268,126.95133595616
202110,6호선,광흥창,175545,170317,345862,37.5474860706906,126.931939240491
202110,6호선,구산,156106,118227,274333,37.6112122196295,126.917182386796
202110,6호선,녹사평,95397,94625,190022,37.5348314193581,126.987028473368
202110,6호선,대흥,159056,163672,322728,37.5476683544726,126.942465251709
202110,6호선,독바위,55414,58712,114126,37.6183988849915,126.932810138476
202110,6호선,돌곶이,184715,172892,357607,37.610550696559,127.056425217652
202110,6호선,동묘앞,156784,160261,317045,37.5733722075697,127.01675118037
202110,6호선,디지털미디어시티,267575,290443,558018,37.5768239035855,126.899020186183
202110,6호선,마포구청,280433,250976,531409,37.5634263131969,126.903356973848
202110,6호선,망원,275574,294669,570243,37.5560572923314,126.910033925408
202110,6호선,버티고개,36185,34267,70452,37.5480418375007,127.007084969776
202110,6호선,보문,142351,132395,274746,37.5847632748488,127.019790458317
202110,6호선,봉화산,176930,167129,344059,37.6176537624438,127.090758129505
202110,6호선,불광,84077,84044,168121,37.6102072578868,126.92998576213
202110,6호선,삼각지,119411,104585,223996,37.5345937063675,126.973011032988
202110,6호선,상수,151005,167267,318272,37.5477716665856,126.922409857908
202110,6호선,상월곡,125985,113133,239118,37.6062641394281,127.048326622029
202110,6호선,새절,256517,240043,496560,37.5918270544017,126.913911983591
202110,6호선,석계,242727,253320,496047,37.6150480846952,127.066118430844
202110,6호선,신내,5,0,5,37.6100945305971,127.110257980303
202110,6호선,신당,167196,175863,343059,37.5656540317328,127.019540574485
202110,6호선,안암,201876,201528,403404,37.5862804833256,127.029213030111
202110,6호선,약수,74868,74641,149509,37.5545595558163,127.010822526737
202110,6호선,역촌,76538,90649,167187,37.6060390534435,126.922967946327
202110,6호선,연신내,43,0,43,37.618962003178,126.921162124977
202110,6호선,월곡,225254,222695,447949,37.6014210523409,127.041184766468
202110,6호선,월드컵경기장,104013,110836,214849,37.569942569034,126.899033325814
202110,6호선,응암,351333,346534,697867,37.5987423282207,126.915512801302
202110,6호선,이태원,188882,194389,383271,37.534483277545,126.993721655506
202110,6호선,증산,199958,198132,398090,37.5841954778004,126.910057587886
202110,6호선,창신,69706,57255,126961,37.5800168892429,127.015211194258
202110,6호선,청구,76457,81864,158321,37.5602939125022,127.013806006802
202110,6호선,태릉입구,107706,119277,226983,37.6185137762138,127.075368429731
202110,6호선,한강진,154309,176764,331073,37.5402951544226,127.001748287649
202110,6호선,합정,251024,247241,498265,37.5501152068908,126.914638180431
202110,6호선,화랑대,230435,180705,411140,37.6198943887187,127.083744624338
202110,6호선,효창공원앞,139147,124955,264102,37.5393766399926,126.961258439813
202111,6호선,고려대,176182,168186,344368,37.590649686622,127.036284948669
202111,6호선,공덕,415281,402379,817660,37.5428436189268,126.95133595616
202111,6호선,광흥창,201403,195707,397110,37.5474860706906,126.931939240491
202111,6호선,구산,171805,128260,300065,37.6112122196295,126.917182386796
202111,6호선,녹사평,100958,102671,203629,37.5348314193581,126.987028473368
202111,6호선,대흥,178922,182902,361824,37.5476683544726,126.942465251709
202111,6호선,독바위,60386,62608,122994,37.6183988849915,126.932810138476
202111,6호선,돌곶이,213470,197266,410736,37.610550696559,127.056425217652
202111,6호선,동묘앞,167245,171048,338293,37.5733722075697,127.01675118037
202111,6호선,디지털미디어시티,309890,336826,646716,37.5768239035855,126.899020186183
202111,6호선,마포구청,320316,285582,605898,37.5634263131969,126.903356973848
202111,6호선,망원,301032,322836,623868,37.5560572923314,126.910033925408
202111,6호선,버티고개,42214,40587,82801,37.5480418375007,127.007084969776
202111,6호선,보문,160571,147111,307682,37.5847632748488,127.019790458317
202111,6호선,봉화산,199240,185234,384474,37.6176537624438,127.090758129505
202111,6호선,불광,93807,92596,186403,37.6102072578868,126.92998576213
202111,6호선,삼각지,135444,119800,255244,37.5345937063675,126.973011032988
202111,6호선,상수,173242,198598,371840,37.5477716665856,126.922409857908
202111,6호선,상월곡,141597,125983,267580,37.6062641394281,127.048326622029
202111,6호선,새절,286999,265917,552916,37.5918270544017,126.913911983591
202111,6호선,석계,274272,284208,558480,37.6150480846952,127.066118430844
202111,6호선,신내,2,0,2,37.6100945305971,127.110257980303
202111,6호선,신당,179404,188963,368367,37.5656540317328,127.019540574485
202111,6호선,안암,236755,237794,474549,37.5862804833256,127.029213030111
202111,6호선,약수,81896,81290,163186,37.5545595558163,127.010822526737
202111,6호선,역촌,85728,99801,185529,37.6060390534435,126.922967946327
202111,6호선,연신내,21,0,21,37.618962003178,126.921162124977
202111,6호선,월곡,257752,252932,510684,37.6014210523409,127.041184766468
202111,6호선,월드컵경기장,91544,99341,190885,37.569942569034,126.899033325814
202111,6호선,응암,392261,381013,773274,37.5987423282207,126.915512801302
202111,6호선,이태원,208957,226355,435312,37.534483277545,126.993721655506
202111,6호선,증산,224048,218220,442268,37.5841954778004,126.910057587886
202111,6호선,창신,79849,65730,145579,37.5800168892429,127.015211194258
202111,6호선,청구,84260,89733,173993,37.5602939125022,127.013806006802
202111,6호선,태릉입구,120751,132149,252900,37.6185137762138,127.075368429731
202111,6호선,한강진,168449,197663,366112,37.5402951544226,127.001748287649
202111,6호선,합정,280379,281293,561672,37.5501152068908,126.914638180431
202111,6호선,화랑대,264823,205218,470041,37.6198943887187,127.083744624338
202111,6호선,효창공원앞,157067,141021,298088,37.5393766399926,126.961258439813
202112,6호선,고려대,174622,166931,341553,37.590649686622,127.036284948669
202112,6호선,공덕,414043,401821,815864,37.5428436189268,126.95133595616
202112,6호선,광흥창,202048,196970,399018,37.5474860706906,126.931939240491
202112,6호선,구산,173278,130129,303407,37.6112122196295,126.917182386796
202112,6호선,녹사평,105025,106296,211321,37.5348314193581,126.987028473368
202112,6호선,대흥,177486,182067,359553,37.5476683544726,126.942465251709
202112,6호선,독바위,60273,63110,123383,37.6183988849915,126.932810138476
202112,6호선,돌곶이,209710,195388,405098,37.610550696559,127.056425217652
202112,6호선,동묘앞,171569,175189,346758,37.5733722075697,127.01675118037
202112,6호선,디지털미디어시티,309034,336291,645325,37.5768239035855,126.899020186183
202112,6호선,마포구청,327138,294702,621840,37.5634263131969,126.903356973848
202112,6호선,망원,310750,335683,646433,37.5560572923314,126.910033925408
202112,6호선,버티고개,43553,44893,88446,37.5480418375007,127.007084969776
202112,6호선,보문,164045,150469,314514,37.5847632748488,127.019790458317
202112,6호선,봉화산,200191,187052,387243,37.6176537624438,127.090758129505
202112,6호선,불광,95393,94215,189608,37.6102072578868,126.92998576213
202112,6호선,삼각지,136725,122072,258797,37.5345937063675,126.973011032988
202112,6호선,상수,185023,207846,392869,37.5477716665856,126.922409857908
202112,6호선,상월곡,140204,124143,264347,37.6062641394281,127.048326622029
202112,6호선,새절,287118,266542,553660,37.5918270544017,126.913911983591
202112,6호선,석계,274841,284610,559451,37.6150480846952,127.066118430844
202112,6호선,신내,6,0,6,37.6100945305971,127.110257980303
202112,6호선,신당,194899,200680,395579,37.5656540317328,127.019540574485
202112,6호선,안암,235219,231895,467114,37.5862804833256,127.029213030111
202112,6호선,약수,81782,81408,163190,37.5545595558163,127.010822526737
202112,6호선,역촌,87678,102782,190460,37.6060390534435,126.922967946327
202112,6호선,연신내,21,0,21,37.618962003178,126.921162124977
202112,6호선,월곡,258022,255745,513767,37.6014210523409,127.041184766468
202112,6호선,월드컵경기장,83102,89792,172894,37.569942569034,126.899033325814
202112,6호선,응암,396273,391845,788118,37.5987423282207,126.915512801302
202112,6호선,이태원,211821,224630,436451,37.534483277545,126.993721655506
202112,6호선,증산,227062,223835,450897,37.5841954778004,126.910057587886
202112,6호선,창신,80116,65843,145959,37.5800168892429,127.015211194258
202112,6호선,청구,84492,89855,174347,37.5602939125022,127.013806006802
202112,6호선,태릉입구,121432,131996,253428,37.6185137762138,127.075368429731
202112,6호선,한강진,189555,217115,406670,37.5402951544226,127.001748287649
202112,6호선,합정,289778,285888,575666,37.5501152068908,126.914638180431
202112,6호선,화랑대,263329,206106,469435,37.6198943887187,127.083744624338
202112,6호선,효창공원앞,157198,141885,299083,37.5393766399926,126.961258439813
202101,7호선,가산디지털단지,913790,902789,1816579,37.4815957375443,126.882559483336
202101,7호선,강남구청,298419,321643,620062,37.5171892352971,127.04130142966
202101,7호선,건대입구,212389,215614,428003,37.5404188872176,127.069173281554
202101,7호선,고속터미널,265338,229314,494652,37.5049267445237,127.004949918697
202101,7호선,공릉,200833,202311,403144,37.6254769202851,127.073005201049
202101,7호선,광명사거리,404398,403362,807760,37.4793355805984,126.854703171044
202101,7호선,군자,261617,212020,473637,37.5573631939521,127.079017279019
202101,7호선,굴포천,156009,166929,322938,37.5070784308537,126.731762426823
202101,7호선,까치울,130776,127895,258671,37.506199783967,126.811398277418
202101,7호선,남구로,307084,323608,630692,37.4861618372855,126.887341021559
202101,7호선,남성,202685,192258,394943,37.4844433924857,126.971706096071
202101,7호선,내방,270387,273083,543470,37.487533528504,126.993190309509
202101,7호선,노원,344477,359441,703918,37.6562677764281,127.063030448739
202101,7호선,논현,376682,401793,778475,37.5060527417451,127.023986887753
202101,7호선,대림,137109,137280,274389,37.4933105886136,126.8949461878
202101,7호선,도봉산,157052,182854,339906,37.6891205614059,127.046528790935
202101,7호선,뚝섬유원지,123091,122103,245194,37.5315862608622,127.06671773793
202101,7호선,마들,221248,215858,437106,37.6650864331785,127.057687709213
202101,7호선,먹골,181051,180273,361324,37.6106250591244,127.077764798784
202101,7호선,면목,275265,275383,550648,37.5883848968931,127.087567841531
202101,7호선,반포,101152,96980,198132,37.5081263886404,127.011497032246
202101,7호선,보라매,174675,174523,349198,37.5008205922635,126.920735867544
202101,7호선,부천시청,221246,219146,440392,37.5046422084139,126.764060373737
202101,7호선,부천종합운동장,79967,70232,150199,37.5054832436047,126.797430023467
202101,7호선,부평구청,210526,175808,386334,37.508225459146,126.720514883354
202101,7호선,사가정,293979,297624,591603,37.5807945533834,127.088439058456
202101,7호선,삼산체육관,83941,76308,160249,37.5065825037123,126.741906601707
202101,7호선,상도,181748,178961,360709,37.5032080456431,126.947700373641
202101,7호선,상동,220027,228029,448056,37.5058098548262,126.753186951602
202101,7호선,상봉,303984,286940,590924,37.5967093285386,127.085741817289
202101,7호선,수락산,220180,222719,442899,37.6776259369995,127.055374584266
202101,7호선,숭실대입구,207362,214206,421568,37.4958143308836,126.954060246067
202101,7호선,신대방삼거리,297773,292197,589970,37.4997218266711,126.928222967016
202101,7호선,신중동,257320,253711,511031,37.5029721503132,126.776499055771
202101,7호선,신풍,209814,202926,412740,37.5001172036762,126.909841656125
202101,7호선,어린이대공원,205846,202847,408693,37.547871203305,127.074549925093
202101,7호선,온수,191569,177713,369282,37.4921502838112,126.823380714316
202101,7호선,용마산,108075,104597,212672,37.5740302107904,127.087038114766
202101,7호선,이수,274587,267079,541666,37.4875538278198,126.982199707405
202101,7호선,장승배기,174702,172314,347016,37.5046658024741,126.938744364462
202101,7호선,장암,40339,14419,54758,37.7001189599459,127.053135359006
202101,7호선,중계,247372,227316,474688,37.6448906789921,127.064246723057
202101,7호선,중곡,177240,171163,348403,37.5655258842084,127.084072412789
202101,7호선,중화,199117,197725,396842,37.6015796992834,127.079469204905
202101,7호선,천왕,200097,191629,391726,37.4868219430207,126.838713741162
202101,7호선,철산,385148,394092,779240,37.4760980052319,126.868003853399
202101,7호선,청담,361797,393414,755211,37.5194406566749,127.053644513011
202101,7호선,춘의,185903,183453,369356,37.5036440878389,126.786866385135
202101,7호선,태릉입구,140245,130255,270500,37.6185137762138,127.075368429731
202101,7호선,하계,308122,296594,604716,37.6364521240646,127.067988537404
202101,7호선,학동,462649,482017,944666,37.5142064294604,127.031463762217
202102,7호선,가산디지털단지,858215,850094,1708309,37.4815957375443,126.882559483336
202102,7호선,강남구청,290799,316036,606835,37.5171892352971,127.04130142966
202102,7호선,건대입구,209525,212811,422336,37.5404188872176,127.069173281554
202102,7호선,고속터미널,275493,236636,512129,37.5049267445237,127.004949918697
202102,7호선,공릉,202204,203095,405299,37.6254769202851,127.073005201049
202102,7호선,광명사거리,400736,398965,799701,37.4793355805984,126.854703171044
202102,7호선,군자,260350,208554,468904,37.5573631939521,127.079017279019
202102,7호선,굴포천,154483,165125,319608,37.5070784308537,126.731762426823
202102,7호선,까치울,129994,126293,256287,37.506199783967,126.811398277418
202102,7호선,남구로,293550,310123,603673,37.4861618372855,126.887341021559
202102,7호선,남성,197879,184395,382274,37.4844433924857,126.971706096071
202102,7호선,내방,260792,265184,525976,37.487533528504,126.993190309509
202102,7호선,노원,348564,366157,714721,37.6562677764281,127.063030448739
202102,7호선,논현,369578,397146,766724,37.5060527417451,127.023986887753
202102,7호선,대림,142429,141526,283955,37.4933105886136,126.8949461878
202102,7호선,도봉산,155641,181977,337618,37.6891205614059,127.046528790935
202102,7호선,뚝섬유원지,132523,130266,262789,37.5315862608622,127.06671773793
202102,7호선,마들,220725,212806,433531,37.6650864331785,127.057687709213
202102,7호선,먹골,179007,176376,355383,37.6106250591244,127.077764798784
202102,7호선,면목,271052,268382,539434,37.5883848968931,127.087567841531
202102,7호선,반포,101710,97638,199348,37.5081263886404,127.011497032246
202102,7호선,보라매,171463,170352,341815,37.5008205922635,126.920735867544
202102,7호선,부천시청,220487,218474,438961,37.5046422084139,126.764060373737
202102,7호선,부천종합운동장,79622,69739,149361,37.5054832436047,126.797430023467
202102,7호선,부평구청,207787,172947,380734,37.508225459146,126.720514883354
202102,7호선,사가정,292425,294422,586847,37.5807945533834,127.088439058456
202102,7호선,삼산체육관,84238,77076,161314,37.5065825037123,126.741906601707
202102,7호선,상도,179503,175167,354670,37.5032080456431,126.947700373641
202102,7호선,상동,223670,230385,454055,37.5058098548262,126.753186951602
202102,7호선,상봉,305374,284975,590349,37.5967093285386,127.085741817289
202102,7호선,수락산,222052,221346,443398,37.6776259369995,127.055374584266
202102,7호선,숭실대입구,203639,208179,411818,37.4958143308836,126.954060246067
202102,7호선,신대방삼거리,290777,280601,571378,37.4997218266711,126.928222967016
202102,7호선,신중동,254574,251730,506304,37.5029721503132,126.776499055771
202102,7호선,신풍,207962,199844,407806,37.5001172036762,126.909841656125
202102,7호선,어린이대공원,204364,199963,404327,37.547871203305,127.074549925093
202102,7호선,온수,184843,170481,355324,37.4921502838112,126.823380714316
202102,7호선,용마산,108058,103854,211912,37.5740302107904,127.087038114766
202102,7호선,이수,276186,268132,544318,37.4875538278198,126.982199707405
202102,7호선,장승배기,172041,167612,339653,37.5046658024741,126.938744364462
202102,7호선,장암,40049,14991,55040,37.7001189599459,127.053135359006
202102,7호선,중계,247044,225355,472399,37.6448906789921,127.064246723057
202102,7호선,중곡,177641,168570,346211,37.5655258842084,127.084072412789
202102,7호선,중화,195930,193202,389132,37.6015796992834,127.079469204905
202102,7호선,천왕,198895,188005,386900,37.4868219430207,126.838713741162
202102,7호선,철산,379591,389927,769518,37.4760980052319,126.868003853399
202102,7호선,청담,350131,386792,736923,37.5194406566749,127.053644513011
202102,7호선,춘의,173907,170448,344355,37.5036440878389,126.786866385135
202102,7호선,태릉입구,142977,132284,275261,37.6185137762138,127.075368429731
202102,7호선,하계,306482,291909,598391,37.6364521240646,127.067988537404
202102,7호선,학동,435448,460786,896234,37.5142064294604,127.031463762217
202103,7호선,가산디지털단지,1065157,1070943,2136100,37.4815957375443,126.882559483336
202103,7호선,강남구청,367892,403884,771776,37.5171892352971,127.04130142966
202103,7호선,건대입구,263801,274334,538135,37.5404188872176,127.069173281554
202103,7호선,고속터미널,339045,289348,628393,37.5049267445237,127.004949918697
202103,7호선,공릉,267109,266204,533313,37.6254769202851,127.073005201049
202103,7호선,광명사거리,502501,494262,996763,37.4793355805984,126.854703171044
202103,7호선,군자,328052,263391,591443,37.5573631939521,127.079017279019
202103,7호선,굴포천,193040,206295,399335,37.5070784308537,126.731762426823
202103,7호선,까치울,172021,165175,337196,37.506199783967,126.811398277418
202103,7호선,남구로,361373,384063,745436,37.4861618372855,126.887341021559
202103,7호선,남성,250843,232604,483447,37.4844433924857,126.971706096071
202103,7호선,내방,322327,330177,652504,37.487533528504,126.993190309509
202103,7호선,노원,432858,461013,893871,37.6562677764281,127.063030448739
202103,7호선,논현,463604,497791,961395,37.5060527417451,127.023986887753
202103,7호선,대림,171340,170733,342073,37.4933105886136,126.8949461878
202103,7호선,도봉산,205044,240411,445455,37.6891205614059,127.046528790935
202103,7호선,뚝섬유원지,189101,185740,374841,37.5315862608622,127.06671773793
202103,7호선,마들,277854,265730,543584,37.6650864331785,127.057687709213
202103,7호선,먹골,224092,219122,443214,37.6106250591244,127.077764798784
202103,7호선,면목,351696,345033,696729,37.5883848968931,127.087567841531
202103,7호선,반포,129805,125136,254941,37.5081263886404,127.011497032246
202103,7호선,보라매,222217,220863,443080,37.5008205922635,126.920735867544
202103,7호선,부천시청,277912,276860,554772,37.5046422084139,126.764060373737
202103,7호선,부천종합운동장,107837,95514,203351,37.5054832436047,126.797430023467
202103,7호선,부평구청,264645,219798,484443,37.508225459146,126.720514883354
202103,7호선,사가정,369718,369741,739459,37.5807945533834,127.088439058456
202103,7호선,삼산체육관,111617,100897,212514,37.5065825037123,126.741906601707
202103,7호선,상도,231711,225628,457339,37.5032080456431,126.947700373641
202103,7호선,상동,278654,288124,566778,37.5058098548262,126.753186951602
202103,7호선,상봉,382911,357953,740864,37.5967093285386,127.085741817289
202103,7호선,수락산,284563,281373,565936,37.6776259369995,127.055374584266
202103,7호선,숭실대입구,277751,283337,561088,37.4958143308836,126.954060246067
202103,7호선,신대방삼거리,363215,352858,716073,37.4997218266711,126.928222967016
202103,7호선,신중동,320839,318197,639036,37.5029721503132,126.776499055771
202103,7호선,신풍,263726,252123,515849,37.5001172036762,126.909841656125
202103,7호선,어린이대공원,282403,281862,564265,37.547871203305,127.074549925093
202103,7호선,온수,251436,230207,481643,37.4921502838112,126.823380714316
202103,7호선,용마산,137046,133201,270247,37.5740302107904,127.087038114766
202103,7호선,이수,346783,337511,684294,37.4875538278198,126.982199707405
202103,7호선,장승배기,216872,211163,428035,37.5046658024741,126.938744364462
202103,7호선,장암,52477,21013,73490,37.7001189599459,127.053135359006
202103,7호선,중계,320889,291858,612747,37.6448906789921,127.064246723057
202103,7호선,중곡,225721,209373,435094,37.5655258842084,127.084072412789
202103,7호선,중화,248400,244231,492631,37.6015796992834,127.079469204905
202103,7호선,천왕,256922,243783,500705,37.4868219430207,126.838713741162
202103,7호선,철산,479132,489909,969041,37.4760980052319,126.868003853399
202103,7호선,청담,440666,492071,932737,37.5194406566749,127.053644513011
202103,7호선,춘의,216565,213098,429663,37.5036440878389,126.786866385135
202103,7호선,태릉입구,182999,171790,354789,37.6185137762138,127.075368429731
202103,7호선,하계,394078,374748,768826,37.6364521240646,127.067988537404
202103,7호선,학동,545973,584524,1130497,37.5142064294604,127.031463762217
202104,7호선,가산디지털단지,1060724,1061517,2122241,37.4815957375443,126.882559483336
202104,7호선,강남구청,364409,400130,764539,37.5171892352971,127.04130142966
202104,7호선,건대입구,255193,265257,520450,37.5404188872176,127.069173281554
202104,7호선,고속터미널,330195,286377,616572,37.5049267445237,127.004949918697
202104,7호선,공릉,261497,260340,521837,37.6254769202851,127.073005201049
202104,7호선,광명사거리,492632,484320,976952,37.4793355805984,126.854703171044
202104,7호선,군자,323436,259967,583403,37.5573631939521,127.079017279019
202104,7호선,굴포천,190658,203734,394392,37.5070784308537,126.731762426823
202104,7호선,까치울,173743,166644,340387,37.506199783967,126.811398277418
202104,7호선,남구로,360077,383129,743206,37.4861618372855,126.887341021559
202104,7호선,남성,249404,231567,480971,37.4844433924857,126.971706096071
202104,7호선,내방,315846,322610,638456,37.487533528504,126.993190309509
202104,7호선,노원,420465,449168,869633,37.6562677764281,127.063030448739
202104,7호선,논현,459117,493644,952761,37.5060527417451,127.023986887753
202104,7호선,대림,168790,168595,337385,37.4933105886136,126.8949461878
202104,7호선,도봉산,205798,240909,446707,37.6891205614059,127.046528790935
202104,7호선,뚝섬유원지,209217,205862,415079,37.5315862608622,127.06671773793
202104,7호선,마들,276092,262481,538573,37.6650864331785,127.057687709213
202104,7호선,먹골,219966,215670,435636,37.6106250591244,127.077764798784
202104,7호선,면목,353822,344812,698634,37.5883848968931,127.087567841531
202104,7호선,반포,127829,123426,251255,37.5081263886404,127.011497032246
202104,7호선,보라매,218411,216861,435272,37.5008205922635,126.920735867544
202104,7호선,부천시청,273528,272046,545574,37.5046422084139,126.764060373737
202104,7호선,부천종합운동장,104551,91624,196175,37.5054832436047,126.797430023467
202104,7호선,부평구청,263246,217908,481154,37.508225459146,126.720514883354
202104,7호선,사가정,364564,364111,728675,37.5807945533834,127.088439058456
202104,7호선,삼산체육관,114107,103969,218076,37.5065825037123,126.741906601707
202104,7호선,상도,231634,225245,456879,37.5032080456431,126.947700373641
202104,7호선,상동,271685,283997,555682,37.5058098548262,126.753186951602
202104,7호선,상봉,376147,351867,728014,37.5967093285386,127.085741817289
202104,7호선,수락산,282595,279154,561749,37.6776259369995,127.055374584266
202104,7호선,숭실대입구,275925,280558,556483,37.4958143308836,126.954060246067
202104,7호선,신대방삼거리,360566,349103,709669,37.4997218266711,126.928222967016
202104,7호선,신중동,315517,314376,629893,37.5029721503132,126.776499055771
202104,7호선,신풍,261480,249636,511116,37.5001172036762,126.909841656125
202104,7호선,어린이대공원,281751,281526,563277,37.547871203305,127.074549925093
202104,7호선,온수,246820,227075,473895,37.4921502838112,126.823380714316
202104,7호선,용마산,136111,131812,267923,37.5740302107904,127.087038114766
202104,7호선,이수,338922,329099,668021,37.4875538278198,126.982199707405
202104,7호선,장승배기,214612,208276,422888,37.5046658024741,126.938744364462
202104,7호선,장암,51906,20816,72722,37.7001189599459,127.053135359006
202104,7호선,중계,320897,293549,614446,37.6448906789921,127.064246723057
202104,7호선,중곡,221365,203716,425081,37.5655258842084,127.084072412789
202104,7호선,중화,245077,240590,485667,37.6015796992834,127.079469204905
202104,7호선,천왕,257233,243897,501130,37.4868219430207,126.838713741162
202104,7호선,철산,475775,489115,964890,37.4760980052319,126.868003853399
202104,7호선,청담,432375,483075,915450,37.5194406566749,127.053644513011
202104,7호선,춘의,215249,211583,426832,37.5036440878389,126.786866385135
202104,7호선,태릉입구,183337,173280,356617,37.6185137762138,127.075368429731
202104,7호선,하계,389675,368514,758189,37.6364521240646,127.067988537404
202104,7호선,학동,541069,578122,1119191,37.5142064294604,127.031463762217
202105,7호선,가산디지털단지,942444,945667,1888111,37.4815957375443,126.882559483336
202105,7호선,강남구청,327463,359667,687130,37.5171892352971,127.04130142966
202105,7호선,건대입구,243146,251428,494574,37.5404188872176,127.069173281554
202105,7호선,고속터미널,312715,264255,576970,37.5049267445237,127.004949918697
202105,7호선,공릉,244276,242902,487178,37.6254769202851,127.073005201049
202105,7호선,광명사거리,455620,446367,901987,37.4793355805984,126.854703171044
202105,7호선,군자,301502,241998,543500,37.5573631939521,127.079017279019
202105,7호선,굴포천,177603,189077,366680,37.5070784308537,126.731762426823
202105,7호선,까치울,157963,152904,310867,37.506199783967,126.811398277418
202105,7호선,남구로,327789,346747,674536,37.4861618372855,126.887341021559
202105,7호선,남성,231039,215298,446337,37.4844433924857,126.971706096071
202105,7호선,내방,290037,296807,586844,37.487533528504,126.993190309509
202105,7호선,노원,393530,420720,814250,37.6562677764281,127.063030448739
202105,7호선,논현,414885,445014,859899,37.5060527417451,127.023986887753
202105,7호선,대림,161371,160711,322082,37.4933105886136,126.8949461878
202105,7호선,도봉산,191292,224825,416117,37.6891205614059,127.046528790935
202105,7호선,뚝섬유원지,199874,197031,396905,37.5315862608622,127.06671773793
202105,7호선,마들,255276,241615,496891,37.6650864331785,127.057687709213
202105,7호선,먹골,206823,201267,408090,37.6106250591244,127.077764798784
202105,7호선,면목,319272,311037,630309,37.5883848968931,127.087567841531
202105,7호선,반포,117710,113207,230917,37.5081263886404,127.011497032246
202105,7호선,보라매,200622,200209,400831,37.5008205922635,126.920735867544
202105,7호선,부천시청,255100,252477,507577,37.5046422084139,126.764060373737
202105,7호선,부천종합운동장,94999,83440,178439,37.5054832436047,126.797430023467
202105,7호선,부평구청,217917,180321,398238,37.508225459146,126.720514883354
202105,7호선,사가정,337208,335560,672768,37.5807945533834,127.088439058456
202105,7호선,삼산체육관,105297,95118,200415,37.5065825037123,126.741906601707
202105,7호선,상도,217566,210663,428229,37.5032080456431,126.947700373641
202105,7호선,상동,253836,264884,518720,37.5058098548262,126.753186951602
202105,7호선,상봉,348595,327976,676571,37.5967093285386,127.085741817289
202105,7호선,수락산,263570,259639,523209,37.6776259369995,127.055374584266
202105,7호선,숭실대입구,245718,249984,495702,37.4958143308836,126.954060246067
202105,7호선,신대방삼거리,329434,316882,646316,37.4997218266711,126.928222967016
202105,7호선,신중동,291509,289130,580639,37.5029721503132,126.776499055771
202105,7호선,신풍,240878,229064,469942,37.5001172036762,126.909841656125
202105,7호선,어린이대공원,264440,263892,528332,37.547871203305,127.074549925093
202105,7호선,온수,220977,203368,424345,37.4921502838112,126.823380714316
202105,7호선,용마산,125879,122577,248456,37.5740302107904,127.087038114766
202105,7호선,이수,314418,306486,620904,37.4875538278198,126.982199707405
202105,7호선,장승배기,197213,191012,388225,37.5046658024741,126.938744364462
202105,7호선,장암,47648,19881,67529,37.7001189599459,127.053135359006
202105,7호선,중계,291900,265914,557814,37.6448906789921,127.064246723057
202105,7호선,중곡,202328,187444,389772,37.5655258842084,127.084072412789
202105,7호선,중화,226118,220663,446781,37.6015796992834,127.079469204905
202105,7호선,천왕,234676,222437,457113,37.4868219430207,126.838713741162
202105,7호선,철산,441070,449622,890692,37.4760980052319,126.868003853399
202105,7호선,청담,390446,436256,826702,37.5194406566749,127.053644513011
202105,7호선,춘의,194608,191519,386127,37.5036440878389,126.786866385135
202105,7호선,태릉입구,179536,173212,352748,37.6185137762138,127.075368429731
202105,7호선,하계,358288,338103,696391,37.6364521240646,127.067988537404
202105,7호선,학동,481766,514627,996393,37.5142064294604,127.031463762217
202106,7호선,가산디지털단지,1067905,1070640,2138545,37.4815957375443,126.882559483336
202106,7호선,강남구청,362494,400626,763120,37.5171892352971,127.04130142966
202106,7호선,건대입구,257384,262479,519863,37.5404188872176,127.069173281554
202106,7호선,고속터미널,341790,292192,633982,37.5049267445237,127.004949918697
202106,7호선,공릉,262958,261789,524747,37.6254769202851,127.073005201049
202106,7호선,광명사거리,492546,483727,976273,37.4793355805984,126.854703171044
202106,7호선,군자,324904,262974,587878,37.5573631939521,127.079017279019
202106,7호선,굴포천,200447,213250,413697,37.5070784308537,126.731762426823
202106,7호선,까치울,173680,167987,341667,37.506199783967,126.811398277418
202106,7호선,남구로,365584,387080,752664,37.4861618372855,126.887341021559
202106,7호선,남성,246573,228599,475172,37.4844433924857,126.971706096071
202106,7호선,내방,320071,327239,647310,37.487533528504,126.993190309509
202106,7호선,노원,421367,450554,871921,37.6562677764281,127.063030448739
202106,7호선,논현,459576,493457,953033,37.5060527417451,127.023986887753
202106,7호선,대림,175058,174597,349655,37.4933105886136,126.8949461878
202106,7호선,도봉산,203230,236420,439650,37.6891205614059,127.046528790935
202106,7호선,뚝섬유원지,190654,188047,378701,37.5315862608622,127.06671773793
202106,7호선,마들,279298,264643,543941,37.6650864331785,127.057687709213
202106,7호선,먹골,221027,216237,437264,37.6106250591244,127.077764798784
202106,7호선,면목,347581,337697,685278,37.5883848968931,127.087567841531
202106,7호선,반포,128146,123313,251459,37.5081263886404,127.011497032246
202106,7호선,보라매,217617,218086,435703,37.5008205922635,126.920735867544
202106,7호선,부천시청,281159,279717,560876,37.5046422084139,126.764060373737
202106,7호선,부천종합운동장,104378,91406,195784,37.5054832436047,126.797430023467
202106,7호선,부평구청,176135,153145,329280,37.508225459146,126.720514883354
202106,7호선,사가정,364647,363903,728550,37.5807945533834,127.088439058456
202106,7호선,삼산체육관,120731,109583,230314,37.5065825037123,126.741906601707
202106,7호선,상도,235234,226787,462021,37.5032080456431,126.947700373641
202106,7호선,상동,284192,296794,580986,37.5058098548262,126.753186951602
202106,7호선,상봉,374880,354318,729198,37.5967093285386,127.085741817289
202106,7호선,수락산,284128,281092,565220,37.6776259369995,127.055374584266
202106,7호선,숭실대입구,272035,275933,547968,37.4958143308836,126.954060246067
202106,7호선,신대방삼거리,361447,346566,708013,37.4997218266711,126.928222967016
202106,7호선,신중동,319730,318298,638028,37.5029721503132,126.776499055771
202106,7호선,신풍,262975,250594,513569,37.5001172036762,126.909841656125
202106,7호선,어린이대공원,272613,269599,542212,37.547871203305,127.074549925093
202106,7호선,온수,244156,224403,468559,37.4921502838112,126.823380714316
202106,7호선,용마산,136147,131926,268073,37.5740302107904,127.087038114766
202106,7호선,이수,343305,335508,678813,37.4875538278198,126.982199707405
202106,7호선,장승배기,211691,206406,418097,37.5046658024741,126.938744364462
202106,7호선,장암,51857,20364,72221,37.7001189599459,127.053135359006
202106,7호선,중계,321892,294435,616327,37.6448906789921,127.064246723057
202106,7호선,중곡,220938,203106,424044,37.5655258842084,127.084072412789
202106,7호선,중화,244137,238490,482627,37.6015796992834,127.079469204905
202106,7호선,천왕,258717,245432,504149,37.4868219430207,126.838713741162
202106,7호선,철산,476339,488181,964520,37.4760980052319,126.868003853399
202106,7호선,청담,430479,481969,912448,37.5194406566749,127.053644513011
202106,7호선,춘의,218075,213654,431729,37.5036440878389,126.786866385135
202106,7호선,태릉입구,183386,174252,357638,37.6185137762138,127.075368429731
202106,7호선,하계,391195,368987,760182,37.6364521240646,127.067988537404
202106,7호선,학동,541884,579211,1121095,37.5142064294604,127.031463762217
202107,7호선,가산디지털단지,976813,970790,1947603,37.4815957375443,126.882559483336
202107,7호선,강남구청,328380,360490,688870,37.5171892352971,127.04130142966
202107,7호선,건대입구,234906,236593,471499,37.5404188872176,127.069173281554
202107,7호선,고속터미널,296466,256852,553318,37.5049267445237,127.004949918697
202107,7호선,공릉,228567,228363,456930,37.6254769202851,127.073005201049
202107,7호선,광명사거리,450385,446047,896432,37.4793355805984,126.854703171044
202107,7호선,군자,294826,241969,536795,37.5573631939521,127.079017279019
202107,7호선,굴포천,184740,196001,380741,37.5070784308537,126.731762426823
202107,7호선,까치울,157042,152067,309109,37.506199783967,126.811398277418
202107,7호선,남구로,335226,352620,687846,37.4861618372855,126.887341021559
202107,7호선,남성,223683,207345,431028,37.4844433924857,126.971706096071
202107,7호선,내방,295158,300235,595393,37.487533528504,126.993190309509
202107,7호선,노원,395392,419642,815034,37.6562677764281,127.063030448739
202107,7호선,논현,416274,449077,865351,37.5060527417451,127.023986887753
202107,7호선,대림,158808,158678,317486,37.4933105886136,126.8949461878
202107,7호선,도봉산,187454,213432,400886,37.6891205614059,127.046528790935
202107,7호선,뚝섬유원지,160984,159014,319998,37.5315862608622,127.06671773793
202107,7호선,마들,256130,244541,500671,37.6650864331785,127.057687709213
202107,7호선,먹골,205337,202404,407741,37.6106250591244,127.077764798784
202107,7호선,면목,311810,306089,617899,37.5883848968931,127.087567841531
202107,7호선,반포,115819,110637,226456,37.5081263886404,127.011497032246
202107,7호선,보라매,194323,193498,387821,37.5008205922635,126.920735867544
202107,7호선,부천시청,259528,258999,518527,37.5046422084139,126.764060373737
202107,7호선,부천종합운동장,99793,87709,187502,37.5054832436047,126.797430023467
202107,7호선,부평구청,156550,138813,295363,37.508225459146,126.720514883354
202107,7호선,사가정,330954,329420,660374,37.5807945533834,127.088439058456
202107,7호선,삼산체육관,107862,97790,205652,37.5065825037123,126.741906601707
202107,7호선,상도,210740,203136,413876,37.5032080456431,126.947700373641
202107,7호선,상동,263112,275787,538899,37.5058098548262,126.753186951602
202107,7호선,상봉,338965,321025,659990,37.5967093285386,127.085741817289
202107,7호선,수락산,259303,259269,518572,37.6776259369995,127.055374584266
202107,7호선,숭실대입구,227824,232552,460376,37.4958143308836,126.954060246067
202107,7호선,신대방삼거리,329486,318956,648442,37.4997218266711,126.928222967016
202107,7호선,신중동,291684,291221,582905,37.5029721503132,126.776499055771
202107,7호선,신풍,238241,227314,465555,37.5001172036762,126.909841656125
202107,7호선,어린이대공원,235409,229817,465226,37.547871203305,127.074549925093
202107,7호선,온수,213962,194872,408834,37.4921502838112,126.823380714316
202107,7호선,용마산,122938,119711,242649,37.5740302107904,127.087038114766
202107,7호선,이수,309856,304844,614700,37.4875538278198,126.982199707405
202107,7호선,장승배기,194229,189080,383309,37.5046658024741,126.938744364462
202107,7호선,장암,47822,19335,67157,37.7001189599459,127.053135359006
202107,7호선,중계,283775,259302,543077,37.6448906789921,127.064246723057
202107,7호선,중곡,202527,190150,392677,37.5655258842084,127.084072412789
202107,7호선,중화,224271,219280,443551,37.6015796992834,127.079469204905
202107,7호선,천왕,230647,220258,450905,37.4868219430207,126.838713741162
202107,7호선,철산,427852,439848,867700,37.4760980052319,126.868003853399
202107,7호선,청담,385160,423113,808273,37.5194406566749,127.053644513011
202107,7호선,춘의,206130,202789,408919,37.5036440878389,126.786866385135
202107,7호선,태릉입구,164280,155996,320276,37.6185137762138,127.075368429731
202107,7호선,하계,349189,330381,679570,37.6364521240646,127.067988537404
202107,7호선,학동,497483,523982,1021465,37.5142064294604,127.031463762217
202108,7호선,가산디지털단지,897941,886339,1784280,37.4815957375443,126.882559483336
202108,7호선,강남구청,313594,342500,656094,37.5171892352971,127.04130142966
202108,7호선,건대입구,227728,230856,458584,37.5404188872176,127.069173281554
202108,7호선,고속터미널,295668,248467,544135,37.5049267445237,127.004949918697
202108,7호선,공릉,216711,217641,434352,37.6254769202851,127.073005201049
202108,7호선,광명사거리,431196,426825,858021,37.4793355805984,126.854703171044
202108,7호선,군자,280956,231435,512391,37.5573631939521,127.079017279019
202108,7호선,굴포천,174928,185397,360325,37.5070784308537,126.731762426823
202108,7호선,까치울,149087,145006,294093,37.506199783967,126.811398277418
202108,7호선,남구로,314161,328794,642955,37.4861618372855,126.887341021559
202108,7호선,남성,212795,198834,411629,37.4844433924857,126.971706096071
202108,7호선,내방,280311,284871,565182,37.487533528504,126.993190309509
202108,7호선,노원,376163,396935,773098,37.6562677764281,127.063030448739
202108,7호선,논현,392098,421682,813780,37.5060527417451,127.023986887753
202108,7호선,대림,156161,154835,310996,37.4933105886136,126.8949461878
202108,7호선,도봉산,173491,201380,374871,37.6891205614059,127.046528790935
202108,7호선,뚝섬유원지,155186,149949,305135,37.5315862608622,127.06671773793
202108,7호선,마들,245171,236015,481186,37.6650864331785,127.057687709213
202108,7호선,먹골,195997,193770,389767,37.6106250591244,127.077764798784
202108,7호선,면목,297708,295306,593014,37.5883848968931,127.087567841531
202108,7호선,반포,110963,105925,216888,37.5081263886404,127.011497032246
202108,7호선,보라매,185610,185731,371341,37.5008205922635,126.920735867544
202108,7호선,부천시청,245772,245832,491604,37.5046422084139,126.764060373737
202108,7호선,부천종합운동장,91502,80812,172314,37.5054832436047,126.797430023467
202108,7호선,부평구청,146592,130224,276816,37.508225459146,126.720514883354
202108,7호선,사가정,315408,315982,631390,37.5807945533834,127.088439058456
202108,7호선,삼산체육관,101131,93224,194355,37.5065825037123,126.741906601707
202108,7호선,상도,200447,195158,395605,37.5032080456431,126.947700373641
202108,7호선,상동,246948,258322,505270,37.5058098548262,126.753186951602
202108,7호선,상봉,323122,304274,627396,37.5967093285386,127.085741817289
202108,7호선,수락산,247705,247087,494792,37.6776259369995,127.055374584266
202108,7호선,숭실대입구,217358,224111,441469,37.4958143308836,126.954060246067
202108,7호선,신대방삼거리,314916,305778,620694,37.4997218266711,126.928222967016
202108,7호선,신중동,271408,271027,542435,37.5029721503132,126.776499055771
202108,7호선,신풍,224762,214730,439492,37.5001172036762,126.909841656125
202108,7호선,어린이대공원,225185,221062,446247,37.547871203305,127.074549925093
202108,7호선,온수,198950,181607,380557,37.4921502838112,126.823380714316
202108,7호선,용마산,116957,115564,232521,37.5740302107904,127.087038114766
202108,7호선,이수,294181,289709,583890,37.4875538278198,126.982199707405
202108,7호선,장승배기,184106,180654,364760,37.5046658024741,126.938744364462
202108,7호선,장암,44650,18837,63487,37.7001189599459,127.053135359006
202108,7호선,중계,267499,245357,512856,37.6448906789921,127.064246723057
202108,7호선,중곡,192951,183170,376121,37.5655258842084,127.084072412789
202108,7호선,중화,212946,209976,422922,37.6015796992834,127.079469204905
202108,7호선,천왕,216175,206895,423070,37.4868219430207,126.838713741162
202108,7호선,철산,403438,417876,821314,37.4760980052319,126.868003853399
202108,7호선,청담,362551,395336,757887,37.5194406566749,127.053644513011
202108,7호선,춘의,191231,189138,380369,37.5036440878389,126.786866385135
202108,7호선,태릉입구,157478,149155,306633,37.6185137762138,127.075368429731
202108,7호선,하계,331966,315662,647628,37.6364521240646,127.067988537404
202108,7호선,학동,462740,483985,946725,37.5142064294604,127.031463762217
202109,7호선,가산디지털단지,868550,862621,1731171,37.4815957375443,126.882559483336
202109,7호선,강남구청,305985,332800,638785,37.5171892352971,127.04130142966
202109,7호선,건대입구,226923,233400,460323,37.5404188872176,127.069173281554
202109,7호선,고속터미널,315577,251791,567368,37.5049267445237,127.004949918697
202109,7호선,공릉,225991,226300,452291,37.6254769202851,127.073005201049
202109,7호선,광명사거리,435304,428490,863794,37.4793355805984,126.854703171044
202109,7호선,군자,279277,230095,509372,37.5573631939521,127.079017279019
202109,7호선,굴포천,174043,183421,357464,37.5070784308537,126.731762426823
202109,7호선,까치울,151229,146688,297917,37.506199783967,126.811398277418
202109,7호선,남구로,310190,325245,635435,37.4861618372855,126.887341021559
202109,7호선,남성,212154,197623,409777,37.4844433924857,126.971706096071
202109,7호선,내방,275276,279420,554696,37.487533528504,126.993190309509
202109,7호선,노원,369527,392382,761909,37.6562677764281,127.063030448739
202109,7호선,논현,377575,408226,785801,37.5060527417451,127.023986887753
202109,7호선,대림,159728,158428,318156,37.4933105886136,126.8949461878
202109,7호선,도봉산,178017,207795,385812,37.6891205614059,127.046528790935
202109,7호선,뚝섬유원지,178498,172816,351314,37.5315862608622,127.06671773793
202109,7호선,마들,247766,236672,484438,37.6650864331785,127.057687709213
202109,7호선,먹골,194838,191284,386122,37.6106250591244,127.077764798784
202109,7호선,면목,298846,295719,594565,37.5883848968931,127.087567841531
202109,7호선,반포,112029,106399,218428,37.5081263886404,127.011497032246
202109,7호선,보라매,188057,187206,375263,37.5008205922635,126.920735867544
202109,7호선,부천시청,245997,244827,490824,37.5046422084139,126.764060373737
202109,7호선,부천종합운동장,95207,84433,179640,37.5054832436047,126.797430023467
202109,7호선,부평구청,146088,130721,276809,37.508225459146,126.720514883354
202109,7호선,사가정,316220,315889,632109,37.5807945533834,127.088439058456
202109,7호선,삼산체육관,103329,94707,198036,37.5065825037123,126.741906601707
202109,7호선,상도,201425,195770,397195,37.5032080456431,126.947700373641
202109,7호선,상동,245045,257309,502354,37.5058098548262,126.753186951602
202109,7호선,상봉,322394,306625,629019,37.5967093285386,127.085741817289
202109,7호선,수락산,250916,249135,500051,37.6776259369995,127.055374584266
202109,7호선,숭실대입구,228795,234725,463520,37.4958143308836,126.954060246067
202109,7호선,신대방삼거리,313451,303454,616905,37.4997218266711,126.928222967016
202109,7호선,신중동,268758,270470,539228,37.5029721503132,126.776499055771
202109,7호선,신풍,224684,215726,440410,37.5001172036762,126.909841656125
202109,7호선,어린이대공원,231194,229337,460531,37.547871203305,127.074549925093
202109,7호선,온수,203057,184321,387378,37.4921502838112,126.823380714316
202109,7호선,용마산,118851,116834,235685,37.5740302107904,127.087038114766
202109,7호선,이수,293377,287570,580947,37.4875538278198,126.982199707405
202109,7호선,장승배기,184117,180736,364853,37.5046658024741,126.938744364462
202109,7호선,장암,44749,19073,63822,37.7001189599459,127.053135359006
202109,7호선,중계,274720,252235,526955,37.6448906789921,127.064246723057
202109,7호선,중곡,198512,185375,383887,37.5655258842084,127.084072412789
202109,7호선,중화,213240,209718,422958,37.6015796992834,127.079469204905
202109,7호선,천왕,220212,210831,431043,37.4868219430207,126.838713741162
202109,7호선,철산,406900,418752,825652,37.4760980052319,126.868003853399
202109,7호선,청담,353565,388098,741663,37.5194406566749,127.053644513011
202109,7호선,춘의,189609,187391,377000,37.5036440878389,126.786866385135
202109,7호선,태릉입구,159486,151890,311376,37.6185137762138,127.075368429731
202109,7호선,하계,338740,320401,659141,37.6364521240646,127.067988537404
202109,7호선,학동,442539,464688,907227,37.5142064294604,127.031463762217
202110,7호선,가산디지털단지,901968,898379,1800347,37.4815957375443,126.882559483336
202110,7호선,강남구청,321422,352999,674421,37.5171892352971,127.04130142966
202110,7호선,건대입구,236530,241993,478523,37.5404188872176,127.069173281554
202110,7호선,고속터미널,313660,263764,577424,37.5049267445237,127.004949918697
202110,7호선,공릉,236999,235181,472180,37.6254769202851,127.073005201049
202110,7호선,광명사거리,450904,444366,895270,37.4793355805984,126.854703171044
202110,7호선,군자,292205,238421,530626,37.5573631939521,127.079017279019
202110,7호선,굴포천,182276,191881,374157,37.5070784308537,126.731762426823
202110,7호선,까치울,159880,154755,314635,37.506199783967,126.811398277418
202110,7호선,남구로,316677,333033,649710,37.4861618372855,126.887341021559
202110,7호선,남성,218489,202272,420761,37.4844433924857,126.971706096071
202110,7호선,내방,286318,290448,576766,37.487533528504,126.993190309509
202110,7호선,노원,380057,402288,782345,37.6562677764281,127.063030448739
202110,7호선,논현,401805,432686,834491,37.5060527417451,127.023986887753
202110,7호선,대림,158443,158970,317413,37.4933105886136,126.8949461878
202110,7호선,도봉산,188543,220793,409336,37.6891205614059,127.046528790935
202110,7호선,뚝섬유원지,171871,167264,339135,37.5315862608622,127.06671773793
202110,7호선,마들,256911,243523,500434,37.6650864331785,127.057687709213
202110,7호선,먹골,201562,197231,398793,37.6106250591244,127.077764798784
202110,7호선,면목,316438,311441,627879,37.5883848968931,127.087567841531
202110,7호선,반포,116421,111689,228110,37.5081263886404,127.011497032246
202110,7호선,보라매,197013,195300,392313,37.5008205922635,126.920735867544
202110,7호선,부천시청,256267,254401,510668,37.5046422084139,126.764060373737
202110,7호선,부천종합운동장,96047,84832,180879,37.5054832436047,126.797430023467
202110,7호선,부평구청,151019,136058,287077,37.508225459146,126.720514883354
202110,7호선,사가정,328263,328528,656791,37.5807945533834,127.088439058456
202110,7호선,삼산체육관,108148,98553,206701,37.5065825037123,126.741906601707
202110,7호선,상도,208926,201707,410633,37.5032080456431,126.947700373641
202110,7호선,상동,261007,274040,535047,37.5058098548262,126.753186951602
202110,7호선,상봉,335208,317251,652459,37.5967093285386,127.085741817289
202110,7호선,수락산,257483,256500,513983,37.6776259369995,127.055374584266
202110,7호선,숭실대입구,256347,259770,516117,37.4958143308836,126.954060246067
202110,7호선,신대방삼거리,323717,311670,635387,37.4997218266711,126.928222967016
202110,7호선,신중동,282879,284871,567750,37.5029721503132,126.776499055771
202110,7호선,신풍,235203,225502,460705,37.5001172036762,126.909841656125
202110,7호선,어린이대공원,238478,236090,474568,37.547871203305,127.074549925093
202110,7호선,온수,217511,199270,416781,37.4921502838112,126.823380714316
202110,7호선,용마산,122919,120503,243422,37.5740302107904,127.087038114766
202110,7호선,이수,311676,303212,614888,37.4875538278198,126.982199707405
202110,7호선,장승배기,187836,184028,371864,37.5046658024741,126.938744364462
202110,7호선,장암,46966,19602,66568,37.7001189599459,127.053135359006
202110,7호선,중계,287937,263797,551734,37.6448906789921,127.064246723057
202110,7호선,중곡,207247,193082,400329,37.5655258842084,127.084072412789
202110,7호선,중화,219952,216545,436497,37.6015796992834,127.079469204905
202110,7호선,천왕,230379,219240,449619,37.4868219430207,126.838713741162
202110,7호선,철산,418081,427255,845336,37.4760980052319,126.868003853399
202110,7호선,청담,373930,415071,789001,37.5194406566749,127.053644513011
202110,7호선,춘의,199251,197219,396470,37.5036440878389,126.786866385135
202110,7호선,태릉입구,167909,160050,327959,37.6185137762138,127.075368429731
202110,7호선,하계,353107,333156,686263,37.6364521240646,127.067988537404
202110,7호선,학동,467577,493035,960612,37.5142064294604,127.031463762217
202111,7호선,가산디지털단지,1052675,1052776,2105451,37.4815957375443,126.882559483336
202111,7호선,강남구청,367388,408126,775514,37.5171892352971,127.04130142966
202111,7호선,건대입구,263507,277678,541185,37.5404188872176,127.069173281554
202111,7호선,고속터미널,348668,296620,645288,37.5049267445237,127.004949918697
202111,7호선,공릉,268894,265241,534135,37.6254769202851,127.073005201049
202111,7호선,광명사거리,500268,489521,989789,37.4793355805984,126.854703171044
202111,7호선,군자,329095,265326,594421,37.5573631939521,127.079017279019
202111,7호선,굴포천,206081,215228,421309,37.5070784308537,126.731762426823
202111,7호선,까치울,176454,167308,343762,37.506199783967,126.811398277418
202111,7호선,남구로,358105,377145,735250,37.4861618372855,126.887341021559
202111,7호선,남성,245776,224749,470525,37.4844433924857,126.971706096071
202111,7호선,내방,325495,331940,657435,37.487533528504,126.993190309509
202111,7호선,노원,420657,448446,869103,37.6562677764281,127.063030448739
202111,7호선,논현,453103,499082,952185,37.5060527417451,127.023986887753
202111,7호선,대림,173750,173544,347294,37.4933105886136,126.8949461878
202111,7호선,도봉산,209176,239751,448927,37.6891205614059,127.046528790935
202111,7호선,뚝섬유원지,168238,162941,331179,37.5315862608622,127.06671773793
202111,7호선,마들,288054,271065,559119,37.6650864331785,127.057687709213
202111,7호선,먹골,223414,215896,439310,37.6106250591244,127.077764798784
202111,7호선,면목,359978,349265,709243,37.5883848968931,127.087567841531
202111,7호선,반포,129908,124250,254158,37.5081263886404,127.011497032246
202111,7호선,보라매,223317,220312,443629,37.5008205922635,126.920735867544
202111,7호선,부천시청,283857,283364,567221,37.5046422084139,126.764060373737
202111,7호선,부천종합운동장,107941,93998,201939,37.5054832436047,126.797430023467
202111,7호선,부평구청,169147,151645,320792,37.508225459146,126.720514883354
202111,7호선,사가정,361706,359166,720872,37.5807945533834,127.088439058456
202111,7호선,삼산체육관,122154,109411,231565,37.5065825037123,126.741906601707
202111,7호선,상도,235631,225279,460910,37.5032080456431,126.947700373641
202111,7호선,상동,291832,305378,597210,37.5058098548262,126.753186951602
202111,7호선,상봉,376826,354325,731151,37.5967093285386,127.085741817289
202111,7호선,수락산,280169,271820,551989,37.6776259369995,127.055374584266
202111,7호선,숭실대입구,294238,296213,590451,37.4958143308836,126.954060246067
202111,7호선,신대방삼거리,368238,350340,718578,37.4997218266711,126.928222967016
202111,7호선,신중동,318445,319353,637798,37.5029721503132,126.776499055771
202111,7호선,신풍,260792,248802,509594,37.5001172036762,126.909841656125
202111,7호선,어린이대공원,279234,276924,556158,37.547871203305,127.074549925093
202111,7호선,온수,244275,226096,470371,37.4921502838112,126.823380714316
202111,7호선,용마산,138341,131179,269520,37.5740302107904,127.087038114766
202111,7호선,이수,345375,338487,683862,37.4875538278198,126.982199707405
202111,7호선,장승배기,208255,202519,410774,37.5046658024741,126.938744364462
202111,7호선,장암,52359,19981,72340,37.7001189599459,127.053135359006
202111,7호선,중계,320651,290258,610909,37.6448906789921,127.064246723057
202111,7호선,중곡,236491,218569,455060,37.5655258842084,127.084072412789
202111,7호선,중화,244737,239310,484047,37.6015796992834,127.079469204905
202111,7호선,천왕,259766,243568,503334,37.4868219430207,126.838713741162
202111,7호선,철산,470606,483198,953804,37.4760980052319,126.868003853399
202111,7호선,청담,431501,488585,920086,37.5194406566749,127.053644513011
202111,7호선,춘의,226645,221770,448415,37.5036440878389,126.786866385135
202111,7호선,태릉입구,187872,178935,366807,37.6185137762138,127.075368429731
202111,7호선,하계,397649,370559,768208,37.6364521240646,127.067988537404
202111,7호선,학동,545803,583189,1128992,37.5142064294604,127.031463762217
202112,7호선,가산디지털단지,1050911,1043413,2094324,37.4815957375443,126.882559483336
202112,7호선,강남구청,374876,411705,786581,37.5171892352971,127.04130142966
202112,7호선,건대입구,278254,287990,566244,37.5404188872176,127.069173281554
202112,7호선,고속터미널,345258,297348,642606,37.5049267445237,127.004949918697
202112,7호선,공릉,271049,267707,538756,37.6254769202851,127.073005201049
202112,7호선,광명사거리,506704,498740,1005444,37.4793355805984,126.854703171044
202112,7호선,군자,337485,271908,609393,37.5573631939521,127.079017279019
202112,7호선,굴포천,209807,219845,429652,37.5070784308537,126.731762426823
202112,7호선,까치울,173875,165885,339760,37.506199783967,126.811398277418
202112,7호선,남구로,362383,381613,743996,37.4861618372855,126.887341021559
202112,7호선,남성,250395,232878,483273,37.4844433924857,126.971706096071
202112,7호선,내방,329110,335842,664952,37.487533528504,126.993190309509
202112,7호선,노원,440115,461069,901184,37.6562677764281,127.063030448739
202112,7호선,논현,461640,505448,967088,37.5060527417451,127.023986887753
202112,7호선,대림,176387,178146,354533,37.4933105886136,126.8949461878
202112,7호선,도봉산,207452,234301,441753,37.6891205614059,127.046528790935
202112,7호선,뚝섬유원지,161863,157773,319636,37.5315862608622,127.06671773793
202112,7호선,마들,291287,277388,568675,37.6650864331785,127.057687709213
202112,7호선,먹골,227757,222259,450016,37.6106250591244,127.077764798784
202112,7호선,면목,363498,355584,719082,37.5883848968931,127.087567841531
202112,7호선,반포,131319,126345,257664,37.5081263886404,127.011497032246
202112,7호선,보라매,223752,221159,444911,37.5008205922635,126.920735867544
202112,7호선,부천시청,292933,292959,585892,37.5046422084139,126.764060373737
202112,7호선,부천종합운동장,113017,98968,211985,37.5054832436047,126.797430023467
202112,7호선,부평구청,167991,150751,318742,37.508225459146,126.720514883354
202112,7호선,사가정,362961,362782,725743,37.5807945533834,127.088439058456
202112,7호선,삼산체육관,123284,111680,234964,37.5065825037123,126.741906601707
202112,7호선,상도,237442,228390,465832,37.5032080456431,126.947700373641
202112,7호선,상동,297412,312006,609418,37.5058098548262,126.753186951602
202112,7호선,상봉,382716,359561,742277,37.5967093285386,127.085741817289
202112,7호선,수락산,280816,273626,554442,37.6776259369995,127.055374584266
202112,7호선,숭실대입구,282933,284404,567337,37.4958143308836,126.954060246067
202112,7호선,신대방삼거리,373153,356181,729334,37.4997218266711,126.928222967016
202112,7호선,신중동,324196,323799,647995,37.5029721503132,126.776499055771
202112,7호선,신풍,261100,249469,510569,37.5001172036762,126.909841656125
202112,7호선,어린이대공원,272658,269816,542474,37.547871203305,127.074549925093
202112,7호선,온수,241745,221799,463544,37.4921502838112,126.823380714316
202112,7호선,용마산,137363,131963,269326,37.5740302107904,127.087038114766
202112,7호선,이수,351890,342872,694762,37.4875538278198,126.982199707405
202112,7호선,장승배기,211313,207649,418962,37.5046658024741,126.938744364462
202112,7호선,장암,50986,19337,70323,37.7001189599459,127.053135359006
202112,7호선,중계,321824,293074,614898,37.6448906789921,127.064246723057
202112,7호선,중곡,249395,233367,482762,37.5655258842084,127.084072412789
202112,7호선,중화,247013,242417,489430,37.6015796992834,127.079469204905
202112,7호선,천왕,261882,247685,509567,37.4868219430207,126.838713741162
202112,7호선,철산,477435,491161,968596,37.4760980052319,126.868003853399
202112,7호선,청담,435419,491019,926438,37.5194406566749,127.053644513011
202112,7호선,춘의,231165,227406,458571,37.5036440878389,126.786866385135
202112,7호선,태릉입구,188207,177732,365939,37.6185137762138,127.075368429731
202112,7호선,하계,399138,374741,773879,37.6364521240646,127.067988537404
202112,7호선,학동,556310,590345,1146655,37.5142064294604,127.031463762217
202101,8호선,가락시장,147969,162281,310250,37.4927440321316,127.118485741487
202101,8호선,강동구청,199064,208600,407664,37.5306740877124,127.12057605164
202101,8호선,남한산성입구,248040,232001,480041,37.4515683423116,127.159802461468
202101,8호선,단대오거리,198220,192152,390372,37.4451431531719,127.156687885923
202101,8호선,모란,81506,58676,140182,37.4338501673337,127.129551165797
202101,8호선,몽촌토성,102742,106144,208886,37.5176236317445,127.112429917071
202101,8호선,문정,429069,444248,873317,37.4862618233383,127.122290332976
202101,8호선,복정,189485,166777,356262,37.4710560005054,127.126771228018
202101,8호선,산성,123288,124547,247835,37.456524575777,127.149943523317
202101,8호선,석촌,139084,157946,297030,37.5059496431187,127.106345349428
202101,8호선,송파,143858,145885,289743,37.4996866748478,127.112179893361
202101,8호선,수진,96413,89087,185500,37.4374594671775,127.1403519473
202101,8호선,신흥,86501,91951,178452,37.4411840785188,127.148107604929
202101,8호선,암사,343720,310632,654352,37.5501403417224,127.127540246626
202101,8호선,잠실,246358,270478,516836,37.513859279255,127.101857941447
202101,8호선,장지,319876,313449,633325,37.4781192050612,127.126424204036
202101,8호선,천호,276273,310729,587002,37.5385789820645,127.123742434482
202102,8호선,가락시장,145839,160101,305940,37.4927440321316,127.118485741487
202102,8호선,강동구청,191384,199587,390971,37.5306740877124,127.12057605164
202102,8호선,남한산성입구,237489,219032,456521,37.4515683423116,127.159802461468
202102,8호선,단대오거리,185391,180252,365643,37.4451431531719,127.156687885923
202102,8호선,모란,79560,59658,139218,37.4338501673337,127.129551165797
202102,8호선,몽촌토성,98904,102033,200937,37.5176236317445,127.112429917071
202102,8호선,문정,401479,418535,820014,37.4862618233383,127.122290332976
202102,8호선,복정,184776,159791,344567,37.4710560005054,127.126771228018
202102,8호선,산성,116964,117110,234074,37.456524575777,127.149943523317
202102,8호선,석촌,136258,156839,293097,37.5059496431187,127.106345349428
202102,8호선,송파,139150,141212,280362,37.4996866748478,127.112179893361
202102,8호선,수진,92034,84498,176532,37.4374594671775,127.1403519473
202102,8호선,신흥,80837,87310,168147,37.4411840785188,127.148107604929
202102,8호선,암사,337437,301953,639390,37.5501403417224,127.127540246626
202102,8호선,잠실,247046,277135,524181,37.513859279255,127.101857941447
202102,8호선,장지,303838,293975,597813,37.4781192050612,127.126424204036
202102,8호선,천호,273320,310536,583856,37.5385789820645,127.123742434482
202103,8호선,가락시장,177140,197362,374502,37.4927440321316,127.118485741487
202103,8호선,강동구청,237637,246897,484534,37.5306740877124,127.12057605164
202103,8호선,남한산성입구,306684,281404,588088,37.4515683423116,127.159802461468
202103,8호선,단대오거리,234220,227167,461387,37.4451431531719,127.156687885923
202103,8호선,모란,102527,79137,181664,37.4338501673337,127.129551165797
202103,8호선,몽촌토성,127873,132175,260048,37.5176236317445,127.112429917071
202103,8호선,문정,500792,526474,1027266,37.4862618233383,127.122290332976
202103,8호선,복정,257869,221821,479690,37.4710560005054,127.126771228018
202103,8호선,산성,146556,147215,293771,37.456524575777,127.149943523317
202103,8호선,석촌,170922,197558,368480,37.5059496431187,127.106345349428
202103,8호선,송파,177311,177640,354951,37.4996866748478,127.112179893361
202103,8호선,수진,113745,105045,218790,37.4374594671775,127.1403519473
202103,8호선,신흥,99967,105642,205609,37.4411840785188,127.148107604929
202103,8호선,암사,427025,378886,805911,37.5501403417224,127.127540246626
202103,8호선,잠실,299078,345270,644348,37.513859279255,127.101857941447
202103,8호선,장지,385800,371627,757427,37.4781192050612,127.126424204036
202103,8호선,천호,336107,383955,720062,37.5385789820645,127.123742434482
202104,8호선,가락시장,172488,191227,363715,37.4927440321316,127.118485741487
202104,8호선,강동구청,230496,239614,470110,37.5306740877124,127.12057605164
202104,8호선,남한산성입구,311793,286746,598539,37.4515683423116,127.159802461468
202104,8호선,단대오거리,235459,225113,460572,37.4451431531719,127.156687885923
202104,8호선,모란,99242,77103,176345,37.4338501673337,127.129551165797
202104,8호선,몽촌토성,129566,133018,262584,37.5176236317445,127.112429917071
202104,8호선,문정,492286,516777,1009063,37.4862618233383,127.122290332976
202104,8호선,복정,254529,218528,473057,37.4710560005054,127.126771228018
202104,8호선,산성,142362,142891,285253,37.456524575777,127.149943523317
202104,8호선,석촌,165788,192693,358481,37.5059496431187,127.106345349428
202104,8호선,송파,171979,172456,344435,37.4996866748478,127.112179893361
202104,8호선,수진,110731,102220,212951,37.4374594671775,127.1403519473
202104,8호선,신흥,97006,104273,201279,37.4411840785188,127.148107604929
202104,8호선,암사,419496,372350,791846,37.5501403417224,127.127540246626
202104,8호선,잠실,286553,333124,619677,37.513859279255,127.101857941447
202104,8호선,장지,376976,360075,737051,37.4781192050612,127.126424204036
202104,8호선,천호,323768,372067,695835,37.5385789820645,127.123742434482
202105,8호선,가락시장,157313,174298,331611,37.4927440321316,127.118485741487
202105,8호선,강동구청,211999,219845,431844,37.5306740877124,127.12057605164
202105,8호선,남한산성입구,281154,258384,539538,37.4515683423116,127.159802461468
202105,8호선,단대오거리,216286,208256,424542,37.4451431531719,127.156687885923
202105,8호선,모란,92406,71910,164316,37.4338501673337,127.129551165797
202105,8호선,몽촌토성,120072,122972,243044,37.5176236317445,127.112429917071
202105,8호선,문정,434073,457041,891114,37.4862618233383,127.122290332976
202105,8호선,복정,224572,195611,420183,37.4710560005054,127.126771228018
202105,8호선,산성,126293,126326,252619,37.456524575777,127.149943523317
202105,8호선,석촌,155072,178595,333667,37.5059496431187,127.106345349428
202105,8호선,송파,155405,155295,310700,37.4996866748478,127.112179893361
202105,8호선,수진,104001,95282,199283,37.4374594671775,127.1403519473
202105,8호선,신흥,90967,97204,188171,37.4411840785188,127.148107604929
202105,8호선,암사,384470,341419,725889,37.5501403417224,127.127540246626
202105,8호선,잠실,269112,316081,585193,37.513859279255,127.101857941447
202105,8호선,장지,345051,327952,673003,37.4781192050612,127.126424204036
202105,8호선,천호,300500,346047,646547,37.5385789820645,127.123742434482
202106,8호선,가락시장,168262,187191,355453,37.4927440321316,127.118485741487
202106,8호선,강동구청,234659,241071,475730,37.5306740877124,127.12057605164
202106,8호선,남한산성입구,308950,282827,591777,37.4515683423116,127.159802461468
202106,8호선,단대오거리,232098,223365,455463,37.4451431531719,127.156687885923
202106,8호선,모란,99528,77061,176589,37.4338501673337,127.129551165797
202106,8호선,몽촌토성,129531,133908,263439,37.5176236317445,127.112429917071
202106,8호선,문정,491369,517237,1008606,37.4862618233383,127.122290332976
202106,8호선,복정,246416,214570,460986,37.4710560005054,127.126771228018
202106,8호선,산성,132745,133470,266215,37.456524575777,127.149943523317
202106,8호선,석촌,166669,192120,358789,37.5059496431187,127.106345349428
202106,8호선,송파,170088,169652,339740,37.4996866748478,127.112179893361
202106,8호선,수진,112026,102709,214735,37.4374594671775,127.1403519473
202106,8호선,신흥,95840,102834,198674,37.4411840785188,127.148107604929
202106,8호선,암사,421010,371232,792242,37.5501403417224,127.127540246626
202106,8호선,잠실,290667,342341,633008,37.513859279255,127.101857941447
202106,8호선,장지,377369,359974,737343,37.4781192050612,127.126424204036
202106,8호선,천호,322866,369602,692468,37.5385789820645,127.123742434482
202107,8호선,가락시장,152256,168941,321197,37.4927440321316,127.118485741487
202107,8호선,강동구청,210749,219578,430327,37.5306740877124,127.12057605164
202107,8호선,남한산성입구,269451,242988,512439,37.4515683423116,127.159802461468
202107,8호선,단대오거리,210540,205596,416136,37.4451431531719,127.156687885923
202107,8호선,모란,87444,67299,154743,37.4338501673337,127.129551165797
202107,8호선,몽촌토성,117970,120032,238002,37.5176236317445,127.112429917071
202107,8호선,문정,451167,473017,924184,37.4862618233383,127.122290332976
202107,8호선,복정,214544,189657,404201,37.4710560005054,127.126771228018
202107,8호선,산성,114215,116561,230776,37.456524575777,127.149943523317
202107,8호선,석촌,153647,175420,329067,37.5059496431187,127.106345349428
202107,8호선,송파,150209,150888,301097,37.4996866748478,127.112179893361
202107,8호선,수진,104305,95811,200116,37.4374594671775,127.1403519473
202107,8호선,신흥,89895,97289,187184,37.4411840785188,127.148107604929
202107,8호선,암사,381196,339934,721130,37.5501403417224,127.127540246626
202107,8호선,잠실,261228,302335,563563,37.513859279255,127.101857941447
202107,8호선,장지,340797,331090,671887,37.4781192050612,127.126424204036
202107,8호선,천호,294407,335776,630183,37.5385789820645,127.123742434482
202108,8호선,가락시장,145337,160364,305701,37.4927440321316,127.118485741487
202108,8호선,강동구청,199569,209224,408793,37.5306740877124,127.12057605164
202108,8호선,남한산성입구,255884,232961,488845,37.4515683423116,127.159802461468
202108,8호선,단대오거리,200127,195746,395873,37.4451431531719,127.156687885923
202108,8호선,모란,83334,64871,148205,37.4338501673337,127.129551165797
202108,8호선,몽촌토성,113168,114520,227688,37.5176236317445,127.112429917071
202108,8호선,문정,421168,440559,861727,37.4862618233383,127.122290332976
202108,8호선,복정,201868,177130,378998,37.4710560005054,127.126771228018
202108,8호선,산성,107790,110723,218513,37.456524575777,127.149943523317
202108,8호선,석촌,147407,168803,316210,37.5059496431187,127.106345349428
202108,8호선,송파,142383,144670,287053,37.4996866748478,127.112179893361
202108,8호선,수진,100598,92178,192776,37.4374594671775,127.1403519473
202108,8호선,신흥,85880,92735,178615,37.4411840785188,127.148107604929
202108,8호선,암사,362938,326744,689682,37.5501403417224,127.127540246626
202108,8호선,잠실,253139,289839,542978,37.513859279255,127.101857941447
202108,8호선,장지,319635,311892,631527,37.4781192050612,127.126424204036
202108,8호선,천호,281674,319474,601148,37.5385789820645,127.123742434482
202109,8호선,가락시장,141307,156820,298127,37.4927440321316,127.118485741487
202109,8호선,강동구청,196691,205646,402337,37.5306740877124,127.12057605164
202109,8호선,남한산성입구,259849,235060,494909,37.4515683423116,127.159802461468
202109,8호선,단대오거리,199972,194202,394174,37.4451431531719,127.156687885923
202109,8호선,모란,85810,67074,152884,37.4338501673337,127.129551165797
202109,8호선,몽촌토성,114334,115889,230223,37.5176236317445,127.112429917071
202109,8호선,문정,405242,424904,830146,37.4862618233383,127.122290332976
202109,8호선,복정,206793,180131,386924,37.4710560005054,127.126771228018
202109,8호선,산성,108728,110601,219329,37.456524575777,127.149943523317
202109,8호선,석촌,144170,167333,311503,37.5059496431187,127.106345349428
202109,8호선,송파,144923,145496,290419,37.4996866748478,127.112179893361
202109,8호선,수진,99354,90675,190029,37.4374594671775,127.1403519473
202109,8호선,신흥,84284,90312,174596,37.4411840785188,127.148107604929
202109,8호선,암사,356824,319224,676048,37.5501403417224,127.127540246626
202109,8호선,잠실,248844,290042,538886,37.513859279255,127.101857941447
202109,8호선,장지,317528,308248,625776,37.4781192050612,127.126424204036
202109,8호선,천호,278903,316319,595222,37.5385789820645,127.123742434482
202110,8호선,가락시장,146705,163082,309787,37.4927440321316,127.118485741487
202110,8호선,강동구청,205363,212600,417963,37.5306740877124,127.12057605164
202110,8호선,남한산성입구,278915,255420,534335,37.4515683423116,127.159802461468
202110,8호선,단대오거리,210402,201877,412279,37.4451431531719,127.156687885923
202110,8호선,모란,92385,71901,164286,37.4338501673337,127.129551165797
202110,8호선,몽촌토성,122810,124808,247618,37.5176236317445,127.112429917071
202110,8호선,문정,426020,447175,873195,37.4862618233383,127.122290332976
202110,8호선,복정,225114,194668,419782,37.4710560005054,127.126771228018
202110,8호선,산성,116313,117766,234079,37.456524575777,127.149943523317
202110,8호선,석촌,151812,175404,327216,37.5059496431187,127.106345349428
202110,8호선,송파,151574,150944,302518,37.4996866748478,127.112179893361
202110,8호선,수진,102938,94088,197026,37.4374594671775,127.1403519473
202110,8호선,신흥,85189,91457,176646,37.4411840785188,127.148107604929
202110,8호선,암사,373695,333350,707045,37.5501403417224,127.127540246626
202110,8호선,잠실,263833,310352,574185,37.513859279255,127.101857941447
202110,8호선,장지,335826,326311,662137,37.4781192050612,127.126424204036
202110,8호선,천호,292133,333675,625808,37.5385789820645,127.123742434482
202111,8호선,가락시장,171856,192361,364217,37.4927440321316,127.118485741487
202111,8호선,강동구청,236088,242602,478690,37.5306740877124,127.12057605164
202111,8호선,남한산성입구,311905,282751,594656,37.4515683423116,127.159802461468
202111,8호선,단대오거리,232935,223303,456238,37.4451431531719,127.156687885923
202111,8호선,모란,99882,79582,179464,37.4338501673337,127.129551165797
202111,8호선,몽촌토성,140468,142532,283000,37.5176236317445,127.112429917071
202111,8호선,문정,495957,522179,1018136,37.4862618233383,127.122290332976
202111,8호선,복정,258764,221711,480475,37.4710560005054,127.126771228018
202111,8호선,산성,130585,129896,260481,37.456524575777,127.149943523317
202111,8호선,석촌,169729,194457,364186,37.5059496431187,127.106345349428
202111,8호선,송파,170005,168295,338300,37.4996866748478,127.112179893361
202111,8호선,수진,116179,104412,220591,37.4374594671775,127.1403519473
202111,8호선,신흥,92771,99556,192327,37.4411840785188,127.148107604929
202111,8호선,암사,422624,370134,792758,37.5501403417224,127.127540246626
202111,8호선,잠실,299440,360725,660165,37.513859279255,127.101857941447
202111,8호선,장지,383573,366168,749741,37.4781192050612,127.126424204036
202111,8호선,천호,325729,372766,698495,37.5385789820645,127.123742434482
202112,8호선,가락시장,173559,192201,365760,37.4927440321316,127.118485741487
202112,8호선,강동구청,239807,248340,488147,37.5306740877124,127.12057605164
202112,8호선,남위례,32230,36326,68556,37.4631031217002,127.139274613689
202112,8호선,남한산성입구,314812,284669,599481,37.4515683423116,127.159802461468
202112,8호선,단대오거리,235749,229122,464871,37.4451431531719,127.156687885923
202112,8호선,모란,101074,78529,179603,37.4338501673337,127.129551165797
202112,8호선,몽촌토성,139253,142291,281544,37.5176236317445,127.112429917071
202112,8호선,문정,500320,523660,1023980,37.4862618233383,127.122290332976
202112,8호선,복정,240814,205636,446450,37.4710560005054,127.126771228018
202112,8호선,산성,124866,124536,249402,37.456524575777,127.149943523317
202112,8호선,석촌,176352,202442,378794,37.5059496431187,127.106345349428
202112,8호선,송파,172300,172816,345116,37.4996866748478,127.112179893361
202112,8호선,수진,119001,108421,227422,37.4374594671775,127.1403519473
202112,8호선,신흥,96392,104369,200761,37.4411840785188,127.148107604929
202112,8호선,암사,428854,377471,806325,37.5501403417224,127.127540246626
202112,8호선,잠실,324540,384835,709375,37.513859279255,127.101857941447
202112,8호선,장지,390418,376549,766967,37.4781192050612,127.126424204036
202112,8호선,천호,338581,387667,726248,37.5385789820645,127.123742434482
202101,9호선,가양,355716,351743,707459,37.5615542602435,126.854388254338
202101,9호선,개화,43700,30760,74460,37.577886100861,126.798211244431
202101,9호선,고속터미널,185423,234510,419933,37.5049267445237,127.004949918697
202101,9호선,공항시장,49163,55131,104294,37.5635555121815,126.810492268589
202101,9호선,구반포,49154,50888,100042,37.501449823532,126.987374882947
202101,9호선,국회의사당,294180,288320,582500,37.5280674292228,126.917885535023
202101,9호선,김포공항,114011,154044,268055,37.562313207852,126.801278424065
202101,9호선,노들,76915,68745,145660,37.5127787896024,126.95306410612
202101,9호선,노량진,413449,404153,817602,37.5135735646312,126.940826454376
202101,9호선,당산,313064,312036,625100,37.534956866618,126.90273071003
202101,9호선,동작,29548,22606,52154,37.5028703671011,126.980268385443
202101,9호선,둔촌오륜,18287,16803,35090,,
202101,9호선,등촌,194304,196168,390472,37.5511171423354,126.864950041955
202101,9호선,마곡나루,191137,191307,382444,37.565821296795,126.827634421592
202101,9호선,봉은사,270438,268111,538549,,
202101,9호선,사평,56464,56649,113113,37.5041589041223,127.015434196641
202101,9호선,삼성중앙,126271,129232,255503,,
202101,9호선,삼전,121732,120415,242147,,
202101,9호선,샛강,104700,108427,213127,37.5175286381865,126.930460204563
202101,9호선,석촌,134654,119860,254514,37.5059496431187,127.106345349428
202101,9호선,석촌고분,107218,109328,216546,,
202101,9호선,선유도,140888,136319,277207,37.5381315240488,126.893420460707
202101,9호선,선정릉,168608,180335,348943,37.5108538860091,127.043641042222
202101,9호선,송파나루,82050,86547,168597,,
202101,9호선,신논현,542826,530348,1073174,37.4903503986844,127.031507463771
202101,9호선,신목동,68506,62961,131467,37.5444916605385,126.882753513166
202101,9호선,신반포,54133,53590,107723,37.503413718529,126.995898957444
202101,9호선,신방화,117175,116218,233393,37.5676833982563,126.816524550899
202101,9호선,양천향교,164955,171297,336252,37.5687611941006,126.840817845045
202101,9호선,언주,187966,186233,374199,,
202101,9호선,여의도,441211,419801,861012,37.5218423045786,126.924484687694
202101,9호선,염창,299682,300672,600354,37.547059307287,126.875005005839
202101,9호선,올림픽공원,92529,90627,183156,37.5160876492782,127.130600140827
202101,9호선,종합운동장,74972,72823,147795,37.5109692748993,127.073356018706
202101,9호선,중앙보훈병원,172187,151908,324095,,
202101,9호선,증미,134177,136213,270390,37.5577194101414,126.861246868802
202101,9호선,한성백제,43538,40073,83611,,
202101,9호선,흑석,131408,139834,271242,37.5090853155754,126.963570097818
202102,9호선,가양,358031,350716,708747,37.5615542602435,126.854388254338
202102,9호선,개화,43898,30913,74811,37.577886100861,126.798211244431
202102,9호선,고속터미널,202166,276691,478857,37.5049267445237,127.004949918697
202102,9호선,공항시장,50013,55165,105178,37.5635555121815,126.810492268589
202102,9호선,구반포,49592,51100,100692,37.501449823532,126.987374882947
202102,9호선,국회의사당,288367,283393,571760,37.5280674292228,126.917885535023
202102,9호선,김포공항,132826,202856,335682,37.562313207852,126.801278424065
202102,9호선,노들,76956,67285,144241,37.5127787896024,126.95306410612
202102,9호선,노량진,434180,425311,859491,37.5135735646312,126.940826454376
202102,9호선,당산,316593,316154,632747,37.534956866618,126.90273071003
202102,9호선,동작,30734,24007,54741,37.5028703671011,126.980268385443
202102,9호선,둔촌오륜,18845,16952,35797,,
202102,9호선,등촌,195981,196009,391990,37.5511171423354,126.864950041955
202102,9호선,마곡나루,194794,193967,388761,37.565821296795,126.827634421592
202102,9호선,봉은사,273781,272792,546573,,
202102,9호선,사평,56694,56418,113112,37.5041589041223,127.015434196641
202102,9호선,삼성중앙,125009,129305,254314,,
202102,9호선,삼전,119611,116696,236307,,
202102,9호선,샛강,106503,109416,215919,37.5175286381865,126.930460204563
202102,9호선,석촌,138366,122523,260889,37.5059496431187,127.106345349428
202102,9호선,석촌고분,104638,105013,209651,,
202102,9호선,선유도,138703,133505,272208,37.5381315240488,126.893420460707
202102,9호선,선정릉,168375,180056,348431,37.5108538860091,127.043641042222
202102,9호선,송파나루,83313,88194,171507,,
202102,9호선,신논현,572724,562066,1134790,37.4903503986844,127.031507463771
202102,9호선,신목동,68689,62948,131637,37.5444916605385,126.882753513166
202102,9호선,신반포,55060,54265,109325,37.503413718529,126.995898957444
202102,9호선,신방화,117958,115634,233592,37.5676833982563,126.816524550899
202102,9호선,양천향교,164646,168204,332850,37.5687611941006,126.840817845045
202102,9호선,언주,182233,183270,365503,,
202102,9호선,여의도,455869,431192,887061,37.5218423045786,126.924484687694
202102,9호선,염창,300710,297863,598573,37.547059307287,126.875005005839
202102,9호선,올림픽공원,93954,91861,185815,37.5160876492782,127.130600140827
202102,9호선,종합운동장,74703,73094,147797,37.5109692748993,127.073356018706
202102,9호선,중앙보훈병원,169552,149921,319473,,
202102,9호선,증미,132930,133576,266506,37.5577194101414,126.861246868802
202102,9호선,한성백제,43008,39065,82073,,
202102,9호선,흑석,133566,140544,274110,37.5090853155754,126.963570097818
202103,9호선,가양,452378,444509,896887,37.5615542602435,126.854388254338
202103,9호선,개화,57763,40007,97770,37.577886100861,126.798211244431
202103,9호선,고속터미널,255889,323570,579459,37.5049267445237,127.004949918697
202103,9호선,공항시장,63372,69269,132641,37.5635555121815,126.810492268589
202103,9호선,구반포,61922,63662,125584,37.501449823532,126.987374882947
202103,9호선,국회의사당,359772,365379,725151,37.5280674292228,126.917885535023
202103,9호선,김포공항,158742,236182,394924,37.562313207852,126.801278424065
202103,9호선,노들,98563,84500,183063,37.5127787896024,126.95306410612
202103,9호선,노량진,568753,561241,1129994,37.5135735646312,126.940826454376
202103,9호선,당산,401534,403326,804860,37.534956866618,126.90273071003
202103,9호선,동작,41497,32897,74394,37.5028703671011,126.980268385443
202103,9호선,둔촌오륜,28801,24973,53774,,
202103,9호선,등촌,249217,247778,496995,37.5511171423354,126.864950041955
202103,9호선,마곡나루,248110,248941,497051,37.565821296795,126.827634421592
202103,9호선,봉은사,345081,348237,693318,,
202103,9호선,사평,73166,71510,144676,37.5041589041223,127.015434196641
202103,9호선,삼성중앙,154903,160940,315843,,
202103,9호선,삼전,146318,141924,288242,,
202103,9호선,샛강,132680,138218,270898,37.5175286381865,126.930460204563
202103,9호선,석촌,177131,158554,335685,37.5059496431187,127.106345349428
202103,9호선,석촌고분,130260,131007,261267,,
202103,9호선,선유도,176830,171499,348329,37.5381315240488,126.893420460707
202103,9호선,선정릉,213392,231243,444635,37.5108538860091,127.043641042222
202103,9호선,송파나루,102247,109712,211959,,
202103,9호선,신논현,699206,693317,1392523,37.4903503986844,127.031507463771
202103,9호선,신목동,88848,81089,169937,37.5444916605385,126.882753513166
202103,9호선,신반포,72096,71049,143145,37.503413718529,126.995898957444
202103,9호선,신방화,152331,148028,300359,37.5676833982563,126.816524550899
202103,9호선,양천향교,215875,222482,438357,37.5687611941006,126.840817845045
202103,9호선,언주,220310,225057,445367,,
202103,9호선,여의도,626182,595533,1221715,37.5218423045786,126.924484687694
202103,9호선,염창,379932,375788,755720,37.547059307287,126.875005005839
202103,9호선,올림픽공원,121646,120480,242126,37.5160876492782,127.130600140827
202103,9호선,종합운동장,92094,91986,184080,37.5109692748993,127.073356018706
202103,9호선,중앙보훈병원,223619,198725,422344,,
202103,9호선,증미,164954,165611,330565,37.5577194101414,126.861246868802
202103,9호선,한성백제,53331,49212,102543,,
202103,9호선,흑석,173419,181727,355146,37.5090853155754,126.963570097818
202104,9호선,가양,445097,435440,880537,37.5615542602435,126.854388254338
202104,9호선,개화,57884,39716,97600,37.577886100861,126.798211244431
202104,9호선,고속터미널,253764,322121,575885,37.5049267445237,127.004949918697
202104,9호선,공항시장,62936,68773,131709,37.5635555121815,126.810492268589
202104,9호선,구반포,60994,62501,123495,37.501449823532,126.987374882947
202104,9호선,국회의사당,348471,354494,702965,37.5280674292228,126.917885535023
202104,9호선,김포공항,165365,245580,410945,37.562313207852,126.801278424065
202104,9호선,노들,97010,83561,180571,37.5127787896024,126.95306410612
202104,9호선,노량진,566657,557086,1123743,37.5135735646312,126.940826454376
202104,9호선,당산,392010,395265,787275,37.534956866618,126.90273071003
202104,9호선,동작,39976,32431,72407,37.5028703671011,126.980268385443
202104,9호선,둔촌오륜,27803,23921,51724,,
202104,9호선,등촌,247189,243686,490875,37.5511171423354,126.864950041955
202104,9호선,마곡나루,249211,248514,497725,37.565821296795,126.827634421592
202104,9호선,봉은사,334647,338201,672848,,
202104,9호선,사평,72465,70688,143153,37.5041589041223,127.015434196641
202104,9호선,삼성중앙,149765,155942,305707,,
202104,9호선,삼전,143029,138029,281058,,
202104,9호선,샛강,130788,135631,266419,37.5175286381865,126.930460204563
202104,9호선,석촌,174744,154895,329639,37.5059496431187,127.106345349428
202104,9호선,석촌고분,127203,126857,254060,,
202104,9호선,선유도,179064,174019,353083,37.5381315240488,126.893420460707
202104,9호선,선정릉,211199,229831,441030,37.5108538860091,127.043641042222
202104,9호선,송파나루,98999,106173,205172,,
202104,9호선,신논현,680531,676193,1356724,37.4903503986844,127.031507463771
202104,9호선,신목동,88295,80002,168297,37.5444916605385,126.882753513166
202104,9호선,신반포,71678,70757,142435,37.503413718529,126.995898957444
202104,9호선,신방화,150122,145827,295949,37.5676833982563,126.816524550899
202104,9호선,양천향교,213266,217837,431103,37.5687611941006,126.840817845045
202104,9호선,언주,217425,223188,440613,,
202104,9호선,여의도,599090,572559,1171649,37.5218423045786,126.924484687694
202104,9호선,염창,375155,370400,745555,37.547059307287,126.875005005839
202104,9호선,올림픽공원,124465,124116,248581,37.5160876492782,127.130600140827
202104,9호선,종합운동장,90555,90092,180647,37.5109692748993,127.073356018706
202104,9호선,중앙보훈병원,221572,195984,417556,,
202104,9호선,증미,163051,162325,325376,37.5577194101414,126.861246868802
202104,9호선,한성백제,53649,48707,102356,,
202104,9호선,흑석,168622,175390,344012,37.5090853155754,126.963570097818
202105,9호선,가양,407391,397506,804897,37.5615542602435,126.854388254338
202105,9호선,개화,52092,35777,87869,37.577886100861,126.798211244431
202105,9호선,고속터미널,245304,316934,562238,37.5049267445237,127.004949918697
202105,9호선,공항시장,58408,63157,121565,37.5635555121815,126.810492268589
202105,9호선,구반포,55912,57383,113295,37.501449823532,126.987374882947
202105,9호선,국회의사당,304906,313485,618391,37.5280674292228,126.917885535023
202105,9호선,김포공항,157075,233904,390979,37.562313207852,126.801278424065
202105,9호선,노들,90718,76816,167534,37.5127787896024,126.95306410612
202105,9호선,노량진,522146,513056,1035202,37.5135735646312,126.940826454376
202105,9호선,당산,359231,359028,718259,37.534956866618,126.90273071003
202105,9호선,동작,38260,30768,69028,37.5028703671011,126.980268385443
202105,9호선,둔촌오륜,24667,21574,46241,,
202105,9호선,등촌,228405,222493,450898,37.5511171423354,126.864950041955
202105,9호선,마곡나루,230264,230765,461029,37.565821296795,126.827634421592
202105,9호선,봉은사,318587,323958,642545,,
202105,9호선,사평,66340,64617,130957,37.5041589041223,127.015434196641
202105,9호선,삼성중앙,134970,140908,275878,,
202105,9호선,삼전,133864,128908,262772,,
202105,9호선,샛강,116595,120439,237034,37.5175286381865,126.930460204563
202105,9호선,석촌,160985,143367,304352,37.5059496431187,127.106345349428
202105,9호선,석촌고분,118307,117124,235431,,
202105,9호선,선유도,167667,163145,330812,37.5381315240488,126.893420460707
202105,9호선,선정릉,190497,206833,397330,37.5108538860091,127.043641042222
202105,9호선,송파나루,93076,100638,193714,,
202105,9호선,신논현,632802,626961,1259763,37.4903503986844,127.031507463771
202105,9호선,신목동,79967,72252,152219,37.5444916605385,126.882753513166
202105,9호선,신반포,66082,65327,131409,37.503413718529,126.995898957444
202105,9호선,신방화,138047,133080,271127,37.5676833982563,126.816524550899
202105,9호선,양천향교,195253,198703,393956,37.5687611941006,126.840817845045
202105,9호선,언주,197910,202627,400537,,
202105,9호선,여의도,532892,509141,1042033,37.5218423045786,126.924484687694
202105,9호선,염창,343279,338179,681458,37.547059307287,126.875005005839
202105,9호선,올림픽공원,118279,118029,236308,37.5160876492782,127.130600140827
202105,9호선,종합운동장,83424,83755,167179,37.5109692748993,127.073356018706
202105,9호선,중앙보훈병원,201506,179615,381121,,
202105,9호선,증미,149079,149433,298512,37.5577194101414,126.861246868802
202105,9호선,한성백제,49622,45509,95131,,
202105,9호선,흑석,158498,164686,323184,37.5090853155754,126.963570097818
202106,9호선,가양,445503,434555,880058,37.5615542602435,126.854388254338
202106,9호선,개화,58374,39939,98313,37.577886100861,126.798211244431
202106,9호선,고속터미널,262846,337608,600454,37.5049267445237,127.004949918697
202106,9호선,공항시장,63932,68905,132837,37.5635555121815,126.810492268589
202106,9호선,구반포,59551,61529,121080,37.501449823532,126.987374882947
202106,9호선,국회의사당,349389,359514,708903,37.5280674292228,126.917885535023
202106,9호선,김포공항,166987,251605,418592,37.562313207852,126.801278424065
202106,9호선,노들,97838,82928,180766,37.5127787896024,126.95306410612
202106,9호선,노량진,563219,545174,1108393,37.5135735646312,126.940826454376
202106,9호선,당산,394590,393670,788260,37.534956866618,126.90273071003
202106,9호선,동작,42832,34420,77252,37.5028703671011,126.980268385443
202106,9호선,둔촌오륜,27773,23834,51607,,
202106,9호선,등촌,250516,244997,495513,37.5511171423354,126.864950041955
202106,9호선,마곡나루,249940,251066,501006,37.565821296795,126.827634421592
202106,9호선,봉은사,353147,359169,712316,,
202106,9호선,사평,73461,72544,146005,37.5041589041223,127.015434196641
202106,9호선,삼성중앙,151060,159118,310178,,
202106,9호선,삼전,146842,142320,289162,,
202106,9호선,샛강,131078,137103,268181,37.5175286381865,126.930460204563
202106,9호선,석촌,175553,157631,333184,37.5059496431187,127.106345349428
202106,9호선,석촌고분,130828,129969,260797,,
202106,9호선,선유도,187383,180757,368140,37.5381315240488,126.893420460707
202106,9호선,선정릉,214848,233241,448089,37.5108538860091,127.043641042222
202106,9호선,송파나루,101857,110475,212332,,
202106,9호선,신논현,694520,690988,1385508,37.4903503986844,127.031507463771
202106,9호선,신목동,88789,80055,168844,37.5444916605385,126.882753513166
202106,9호선,신반포,71139,70309,141448,37.503413718529,126.995898957444
202106,9호선,신방화,150255,146168,296423,37.5676833982563,126.816524550899
202106,9호선,양천향교,213421,217631,431052,37.5687611941006,126.840817845045
202106,9호선,언주,225193,230745,455938,,
202106,9호선,여의도,599095,571677,1170772,37.5218423045786,126.924484687694
202106,9호선,염창,374701,367889,742590,37.547059307287,126.875005005839
202106,9호선,올림픽공원,128862,128747,257609,37.5160876492782,127.130600140827
202106,9호선,종합운동장,91715,92320,184035,37.5109692748993,127.073356018706
202106,9호선,중앙보훈병원,230688,204605,435293,,
202106,9호선,증미,167083,167603,334686,37.5577194101414,126.861246868802
202106,9호선,한성백제,55052,50636,105688,,
202106,9호선,흑석,170176,177524,347700,37.5090853155754,126.963570097818
202107,9호선,가양,406055,396244,802299,37.5615542602435,126.854388254338
202107,9호선,개화,55643,38711,94354,37.577886100861,126.798211244431
202107,9호선,고속터미널,226139,290661,516800,37.5049267445237,127.004949918697
202107,9호선,공항시장,59048,64170,123218,37.5635555121815,126.810492268589
202107,9호선,구반포,50709,52736,103445,37.501449823532,126.987374882947
202107,9호선,국회의사당,303327,308908,612235,37.5280674292228,126.917885535023
202107,9호선,김포공항,151414,231732,383146,37.562313207852,126.801278424065
202107,9호선,노들,88597,75981,164578,37.5127787896024,126.95306410612
202107,9호선,노량진,517021,499324,1016345,37.5135735646312,126.940826454376
202107,9호선,당산,350850,349786,700636,37.534956866618,126.90273071003
202107,9호선,동작,36315,28085,64400,37.5028703671011,126.980268385443
202107,9호선,둔촌오륜,23289,21129,44418,,
202107,9호선,등촌,229261,228498,457759,37.5511171423354,126.864950041955
202107,9호선,마곡나루,225359,226646,452005,37.565821296795,126.827634421592
202107,9호선,봉은사,301605,303620,605225,,
202107,9호선,사평,67394,66801,134195,37.5041589041223,127.015434196641
202107,9호선,삼성중앙,132876,138782,271658,,
202107,9호선,삼전,136268,132363,268631,,
202107,9호선,샛강,114264,119171,233435,37.5175286381865,126.930460204563
202107,9호선,석촌,159328,141959,301287,37.5059496431187,127.106345349428
202107,9호선,석촌고분,121437,121524,242961,,
202107,9호선,선유도,168753,163885,332638,37.5381315240488,126.893420460707
202107,9호선,선정릉,192927,207221,400148,37.5108538860091,127.043641042222
202107,9호선,송파나루,94904,102875,197779,,
202107,9호선,신논현,612252,606897,1219149,37.4903503986844,127.031507463771
202107,9호선,신목동,77918,70239,148157,37.5444916605385,126.882753513166
202107,9호선,신반포,64643,63453,128096,37.503413718529,126.995898957444
202107,9호선,신방화,136730,134526,271256,37.5676833982563,126.816524550899
202107,9호선,양천향교,186489,190639,377128,37.5687611941006,126.840817845045
202107,9호선,언주,211650,214998,426648,,
202107,9호선,여의도,493859,466391,960250,37.5218423045786,126.924484687694
202107,9호선,염창,335262,328710,663972,37.547059307287,126.875005005839
202107,9호선,올림픽공원,113810,112087,225897,37.5160876492782,127.130600140827
202107,9호선,종합운동장,81610,83133,164743,37.5109692748993,127.073356018706
202107,9호선,중앙보훈병원,212246,189227,401473,,
202107,9호선,증미,153259,154649,307908,37.5577194101414,126.861246868802
202107,9호선,한성백제,50626,47477,98103,,
202107,9호선,흑석,149602,157226,306828,37.5090853155754,126.963570097818
202108,9호선,가양,387258,378141,765399,37.5615542602435,126.854388254338
202108,9호선,개화,51363,36450,87813,37.577886100861,126.798211244431
202108,9호선,고속터미널,219777,279469,499246,37.5049267445237,127.004949918697
202108,9호선,공항시장,56950,62738,119688,37.5635555121815,126.810492268589
202108,9호선,구반포,46580,48713,95293,37.501449823532,126.987374882947
202108,9호선,국회의사당,288530,291684,580214,37.5280674292228,126.917885535023
202108,9호선,김포공항,142992,217131,360123,37.562313207852,126.801278424065
202108,9호선,노들,85223,73580,158803,37.5127787896024,126.95306410612
202108,9호선,노량진,489640,473269,962909,37.5135735646312,126.940826454376
202108,9호선,당산,338198,337623,675821,37.534956866618,126.90273071003
202108,9호선,동작,34351,27368,61719,37.5028703671011,126.980268385443
202108,9호선,둔촌오륜,21732,20161,41893,,
202108,9호선,등촌,222544,223614,446158,37.5511171423354,126.864950041955
202108,9호선,마곡나루,215915,216972,432887,37.565821296795,126.827634421592
202108,9호선,봉은사,294626,295797,590423,,
202108,9호선,사평,65681,65424,131105,37.5041589041223,127.015434196641
202108,9호선,삼성중앙,126510,131495,258005,,
202108,9호선,삼전,130871,128623,259494,,
202108,9호선,샛강,108654,111946,220600,37.5175286381865,126.930460204563
202108,9호선,석촌,154473,138822,293295,37.5059496431187,127.106345349428
202108,9호선,석촌고분,116274,117445,233719,,
202108,9호선,선유도,160527,156750,317277,37.5381315240488,126.893420460707
202108,9호선,선정릉,181944,196288,378232,37.5108538860091,127.043641042222
202108,9호선,송파나루,92385,99973,192358,,
202108,9호선,신논현,580614,575637,1156251,37.4903503986844,127.031507463771
202108,9호선,신목동,73298,66709,140007,37.5444916605385,126.882753513166
202108,9호선,신반포,61055,60133,121188,37.503413718529,126.995898957444
202108,9호선,신방화,131729,130070,261799,37.5676833982563,126.816524550899
202108,9호선,양천향교,180110,184594,364704,37.5687611941006,126.840817845045
202108,9호선,언주,202222,203396,405618,,
202108,9호선,여의도,479425,451849,931274,37.5218423045786,126.924484687694
202108,9호선,염창,319519,314993,634512,37.547059307287,126.875005005839
202108,9호선,올림픽공원,108540,105932,214472,37.5160876492782,127.130600140827
202108,9호선,종합운동장,77754,78523,156277,37.5109692748993,127.073356018706
202108,9호선,중앙보훈병원,206449,185977,392426,,
202108,9호선,증미,144470,146038,290508,37.5577194101414,126.861246868802
202108,9호선,한성백제,48860,45767,94627,,
202108,9호선,흑석,143604,151369,294973,37.5090853155754,126.963570097818
202109,9호선,가양,387239,378035,765274,37.5615542602435,126.854388254338
202109,9호선,개화,51515,36900,88415,37.577886100861,126.798211244431
202109,9호선,고속터미널,237107,294345,531452,37.5049267445237,127.004949918697
202109,9호선,공항시장,57319,62161,119480,37.5635555121815,126.810492268589
202109,9호선,구반포,43421,44758,88179,37.501449823532,126.987374882947
202109,9호선,국회의사당,279550,287036,566586,37.5280674292228,126.917885535023
202109,9호선,김포공항,141232,217106,358338,37.562313207852,126.801278424065
202109,9호선,노들,87456,74962,162418,37.5127787896024,126.95306410612
202109,9호선,노량진,501304,487769,989073,37.5135735646312,126.940826454376
202109,9호선,당산,331282,334708,665990,37.534956866618,126.90273071003
202109,9호선,동작,35733,28329,64062,37.5028703671011,126.980268385443
202109,9호선,둔촌오륜,24078,21587,45665,,
202109,9호선,등촌,218951,217170,436121,37.5511171423354,126.864950041955
202109,9호선,마곡나루,214080,216378,430458,37.565821296795,126.827634421592
202109,9호선,봉은사,283310,285741,569051,,
202109,9호선,사평,65481,64969,130450,37.5041589041223,127.015434196641
202109,9호선,삼성중앙,122660,127206,249866,,
202109,9호선,삼전,128544,125678,254222,,
202109,9호선,샛강,105635,109845,215480,37.5175286381865,126.930460204563
202109,9호선,석촌,154955,138781,293736,37.5059496431187,127.106345349428
202109,9호선,석촌고분,113525,114130,227655,,
202109,9호선,선유도,156862,152670,309532,37.5381315240488,126.893420460707
202109,9호선,선정릉,177134,191935,369069,37.5108538860091,127.043641042222
202109,9호선,송파나루,89871,96429,186300,,
202109,9호선,신논현,562403,557218,1119621,37.4903503986844,127.031507463771
202109,9호선,신목동,74549,67230,141779,37.5444916605385,126.882753513166
202109,9호선,신반포,63593,62573,126166,37.503413718529,126.995898957444
202109,9호선,신방화,131902,129457,261359,37.5676833982563,126.816524550899
202109,9호선,양천향교,180517,185003,365520,37.5687611941006,126.840817845045
202109,9호선,언주,191969,195003,386972,,
202109,9호선,여의도,468940,450319,919259,37.5218423045786,126.924484687694
202109,9호선,염창,320203,314357,634560,37.547059307287,126.875005005839
202109,9호선,올림픽공원,112905,111654,224559,37.5160876492782,127.130600140827
202109,9호선,종합운동장,75570,75859,151429,37.5109692748993,127.073356018706
202109,9호선,중앙보훈병원,202132,182264,384396,,
202109,9호선,증미,141472,142017,283489,37.5577194101414,126.861246868802
202109,9호선,한성백제,48674,45291,93965,,
202109,9호선,흑석,148564,155464,304028,37.5090853155754,126.963570097818
202110,9호선,가양,408561,398303,806864,37.5615542602435,126.854388254338
202110,9호선,개화,54901,38383,93284,37.577886100861,126.798211244431
202110,9호선,고속터미널,242680,306121,548801,37.5049267445237,127.004949918697
202110,9호선,공항시장,59993,64699,124692,37.5635555121815,126.810492268589
202110,9호선,구반포,40808,42143,82951,37.501449823532,126.987374882947
202110,9호선,국회의사당,294891,305326,600217,37.5280674292228,126.917885535023
202110,9호선,김포공항,152836,236478,389314,37.562313207852,126.801278424065
202110,9호선,노들,89577,76128,165705,37.5127787896024,126.95306410612
202110,9호선,노량진,515593,499336,1014929,37.5135735646312,126.940826454376
202110,9호선,당산,350146,353359,703505,37.534956866618,126.90273071003
202110,9호선,동작,36944,29694,66638,37.5028703671011,126.980268385443
202110,9호선,둔촌오륜,25299,22639,47938,,
202110,9호선,등촌,227498,224240,451738,37.5511171423354,126.864950041955
202110,9호선,마곡나루,230003,229680,459683,37.565821296795,126.827634421592
202110,9호선,봉은사,303651,309494,613145,,
202110,9호선,사평,68893,68225,137118,37.5041589041223,127.015434196641
202110,9호선,삼성중앙,129812,136504,266316,,
202110,9호선,삼전,134052,130778,264830,,
202110,9호선,샛강,112142,116776,228918,37.5175286381865,126.930460204563
202110,9호선,석촌,165344,147118,312462,37.5059496431187,127.106345349428
202110,9호선,석촌고분,117780,117396,235176,,
202110,9호선,선유도,168826,162392,331218,37.5381315240488,126.893420460707
202110,9호선,선정릉,188705,205308,394013,37.5108538860091,127.043641042222
202110,9호선,송파나루,94740,100912,195652,,
202110,9호선,신논현,604608,597125,1201733,37.4903503986844,127.031507463771
202110,9호선,신목동,80451,72330,152781,37.5444916605385,126.882753513166
202110,9호선,신반포,65884,64591,130475,37.503413718529,126.995898957444
202110,9호선,신방화,137182,133790,270972,37.5676833982563,126.816524550899
202110,9호선,양천향교,190436,193921,384357,37.5687611941006,126.840817845045
202110,9호선,언주,202058,206835,408893,,
202110,9호선,여의도,504277,483625,987902,37.5218423045786,126.924484687694
202110,9호선,염창,338040,329768,667808,37.547059307287,126.875005005839
202110,9호선,올림픽공원,126396,127274,253670,37.5160876492782,127.130600140827
202110,9호선,종합운동장,79156,79153,158309,37.5109692748993,127.073356018706
202110,9호선,중앙보훈병원,214051,193060,407111,,
202110,9호선,증미,145302,144847,290149,37.5577194101414,126.861246868802
202110,9호선,한성백제,53160,48441,101601,,
202110,9호선,흑석,154677,161297,315974,37.5090853155754,126.963570097818
202111,9호선,가양,458787,443558,902345,37.5615542602435,126.854388254338
202111,9호선,개화,60125,40910,101035,37.577886100861,126.798211244431
202111,9호선,고속터미널,265062,339307,604369,37.5049267445237,127.004949918697
202111,9호선,공항시장,66051,71131,137182,37.5635555121815,126.810492268589
202111,9호선,구반포,42270,44076,86346,37.501449823532,126.987374882947
202111,9호선,국회의사당,367975,380676,748651,37.5280674292228,126.917885535023
202111,9호선,김포공항,165112,258015,423127,37.562313207852,126.801278424065
202111,9호선,노들,99818,83603,183421,37.5127787896024,126.95306410612
202111,9호선,노량진,580320,562839,1143159,37.5135735646312,126.940826454376
202111,9호선,당산,401651,404132,805783,37.534956866618,126.90273071003
202111,9호선,동작,41109,33033,74142,37.5028703671011,126.980268385443
202111,9호선,둔촌오륜,25805,23760,49565,,
202111,9호선,등촌,260521,253399,513920,37.5511171423354,126.864950041955
202111,9호선,마곡나루,261533,260625,522158,37.565821296795,126.827634421592
202111,9호선,봉은사,363594,374202,737796,,
202111,9호선,사평,79589,76913,156502,37.5041589041223,127.015434196641
202111,9호선,삼성중앙,152808,162240,315048,,
202111,9호선,삼전,151729,146234,297963,,
202111,9호선,샛강,130478,138388,268866,37.5175286381865,126.930460204563
202111,9호선,석촌,186389,164292,350681,37.5059496431187,127.106345349428
202111,9호선,석촌고분,134938,132251,267189,,
202111,9호선,선유도,196513,187348,383861,37.5381315240488,126.893420460707
202111,9호선,선정릉,217776,238990,456766,37.5108538860091,127.043641042222
202111,9호선,송파나루,107055,113988,221043,,
202111,9호선,신논현,693513,702272,1395785,37.4903503986844,127.031507463771
202111,9호선,신목동,92430,81054,173484,37.5444916605385,126.882753513166
202111,9호선,신반포,73995,71940,145935,37.503413718529,126.995898957444
202111,9호선,신방화,155816,149505,305321,37.5676833982563,126.816524550899
202111,9호선,양천향교,218485,220832,439317,37.5687611941006,126.840817845045
202111,9호선,언주,235904,241986,477890,,
202111,9호선,여의도,614825,589861,1204686,37.5218423045786,126.924484687694
202111,9호선,염창,387057,372813,759870,37.547059307287,126.875005005839
202111,9호선,올림픽공원,140488,140189,280677,37.5160876492782,127.130600140827
202111,9호선,종합운동장,92071,92295,184366,37.5109692748993,127.073356018706
202111,9호선,중앙보훈병원,235853,206842,442695,,
202111,9호선,증미,164315,161698,326013,37.5577194101414,126.861246868802
202111,9호선,한성백제,58823,53312,112135,,
202111,9호선,흑석,176166,184158,360324,37.5090853155754,126.963570097818
202112,9호선,가양,458328,444151,902479,37.5615542602435,126.854388254338
202112,9호선,개화,55960,39099,95059,37.577886100861,126.798211244431
202112,9호선,고속터미널,267079,346039,613118,37.5049267445237,127.004949918697
202112,9호선,공항시장,66821,72363,139184,37.5635555121815,126.810492268589
202112,9호선,구반포,36166,37929,74095,37.501449823532,126.987374882947
202112,9호선,국회의사당,366724,377279,744003,37.5280674292228,126.917885535023
202112,9호선,김포공항,165444,261922,427366,37.562313207852,126.801278424065
202112,9호선,노들,99389,84075,183464,37.5127787896024,126.95306410612
202112,9호선,노량진,581414,558760,1140174,37.5135735646312,126.940826454376
202112,9호선,당산,405329,405378,810707,37.534956866618,126.90273071003
202112,9호선,동작,40397,32166,72563,37.5028703671011,126.980268385443
202112,9호선,둔촌오륜,26699,24688,51387,,
202112,9호선,등촌,262961,256773,519734,37.5511171423354,126.864950041955
202112,9호선,마곡나루,261896,259438,521334,37.565821296795,126.827634421592
202112,9호선,봉은사,371118,381517,752635,,
202112,9호선,사평,79546,77942,157488,37.5041589041223,127.015434196641
202112,9호선,삼성중앙,152845,161279,314124,,
202112,9호선,삼전,155516,150228,305744,,
202112,9호선,샛강,131627,139115,270742,37.5175286381865,126.930460204563
202112,9호선,석촌,187186,165591,352777,37.5059496431187,127.106345349428
202112,9호선,석촌고분,138275,136780,275055,,
202112,9호선,선유도,198745,190244,388989,37.5381315240488,126.893420460707
202112,9호선,선정릉,216805,237316,454121,37.5108538860091,127.043641042222
202112,9호선,송파나루,113219,120210,233429,,
202112,9호선,신논현,719013,719702,1438715,37.4903503986844,127.031507463771
202112,9호선,신목동,91088,80659,171747,37.5444916605385,126.882753513166
202112,9호선,신반포,73405,72126,145531,37.503413718529,126.995898957444
202112,9호선,신방화,156034,150886,306920,37.5676833982563,126.816524550899
202112,9호선,양천향교,217225,220453,437678,37.5687611941006,126.840817845045
202112,9호선,언주,242599,247334,489933,,
202112,9호선,여의도,614070,587710,1201780,37.5218423045786,126.924484687694
202112,9호선,염창,387111,374252,761363,37.547059307287,126.875005005839
202112,9호선,올림픽공원,142428,139495,281923,37.5160876492782,127.130600140827
202112,9호선,종합운동장,92387,91241,183628,37.5109692748993,127.073356018706
202112,9호선,중앙보훈병원,236040,207402,443442,,
202112,9호선,증미,166533,164815,331348,37.5577194101414,126.861246868802
202112,9호선,한성백제,57160,51927,109087,,
202112,9호선,흑석,176346,183653,359999,37.5090853155754,126.963570097818
202101,수인분당선,가천대,115512,133181,248693,37.4489646883029,127.127142141828
202101,수인분당선,강남구청,175540,197608,373148,37.5171892352971,127.04130142966
202101,수인분당선,개포동,62437,65146,127583,37.4892484725195,127.066474949768
202101,수인분당선,고색,65785,64263,130048,37.2497641029802,126.980512216022
202101,수인분당선,구룡,28193,28162,56355,37.4877508712393,127.058902040245
202101,수인분당선,구성,87010,91757,178767,37.2988793074736,127.105772956042
202101,수인분당선,기흥,166830,160665,327495,37.2753187070748,127.115952887482
202101,수인분당선,남동인더스파크,48766,54175,102941,37.4071199316831,126.694692825365
202101,수인분당선,달월,1728,1105,2833,37.3798590670709,126.745771786914
202101,수인분당선,대모산입구,62707,58896,121603,37.4915453291369,127.07316864715
202101,수인분당선,도곡,118340,118033,236373,37.4908647717187,127.05532337372
202101,수인분당선,망포,255474,246853,502327,37.2456841497125,127.057336156052
202101,수인분당선,매교,47590,48943,96533,37.2654547365162,127.016173497897
202101,수인분당선,매탄권선,84398,81279,165677,37.2496541911308,127.040436063804
202101,수인분당선,모란,363391,362050,725441,37.4338501673337,127.129551165797
202101,수인분당선,미금,279101,295886,574987,37.3497814901408,127.108786347263
202101,수인분당선,보정,42043,36702,78745,37.3250029632519,127.108105699045
202101,수인분당선,복정,7,0,7,37.4710560005054,127.126771228018
202101,수인분당선,사리,62254,57778,120032,37.2908856912992,126.857182474188
202101,수인분당선,상갈,95721,93227,188948,37.2618298132945,127.108877632339
202101,수인분당선,서울숲,151138,152272,303410,37.5436182408959,127.044706934942
202101,수인분당선,서현,436953,442827,879780,37.3850142562829,127.123430800216
202101,수인분당선,선릉,254999,364919,619918,37.5045028775835,127.048942471228
202101,수인분당선,선정릉,151532,158616,310148,37.5108538860091,127.043641042222
202101,수인분당선,소래포구,81743,77866,159609,37.4009287634109,126.733519454146
202101,수인분당선,송도,42914,39996,82910,37.429936352757,126.654627246887
202101,수인분당선,수내,240608,242163,482771,37.3784524525527,127.114295370128
202101,수인분당선,수서,219030,230473,449503,37.4873889933503,127.101859191018
202101,수인분당선,수원,135021,110564,245585,37.2656768667795,127.000096053009
202101,수인분당선,수원시청,219043,231208,450251,37.2609055800354,127.031319421846
202101,수인분당선,숭의,69411,65733,135144,37.4603808978026,126.63875878501
202101,수인분당선,신갈,80692,80554,161246,37.286222191892,127.111247645105
202101,수인분당선,신포,28167,28380,56547,37.4683932257932,126.625173241416
202101,수인분당선,압구정로데오,320494,334968,655462,37.529440360849,127.041260327992
202101,수인분당선,야목,3446,2941,6387,37.2611984735928,126.88411915315
202101,수인분당선,야탑,470854,489322,960176,37.411051183903,127.12872651224
202101,수인분당선,어천,10137,10153,20290,37.2501194651188,126.908785661434
202101,수인분당선,연수,75360,74180,149540,37.4178036012082,126.678963980409
202101,수인분당선,영통,141722,144003,285725,37.2514466747718,127.071296921866
202101,수인분당선,오리,215647,183837,399484,37.3399767000124,127.108947909824
202101,수인분당선,오목천,39003,37196,76199,37.2433708193918,126.963947123606
202101,수인분당선,원인재,76804,79337,156141,37.4121078839743,126.68762757215
202101,수인분당선,월곶,42916,40699,83615,37.3908170312727,126.742529746629
202101,수인분당선,이매,95320,91980,187300,37.3956853431968,127.12824815972
202101,수인분당선,인천,15946,26793,42739,37.4765938446837,126.617089760956
202101,수인분당선,인천논현,98677,102968,201645,37.4006702911636,126.722563735787
202101,수인분당선,인하대,95789,90771,186560,37.448211740425,126.649971611338
202101,수인분당선,정자,296224,312206,608430,37.3661836450479,127.10806292752
202101,수인분당선,죽전,227982,249889,477871,37.3250029632519,127.108105699045
202101,수인분당선,청명,75629,73011,148640,37.2595060450476,127.078981816646
202101,수인분당선,태평,248869,244825,493694,37.4398906358669,127.127671669567
202101,수인분당선,한티,252206,264821,517027,37.4962424687085,127.052882352599
202101,수인분당선,호구포,70569,72911,143480,37.4016559405807,126.708639070703
202102,수인분당선,가천대,110458,127278,237736,37.4489646883029,127.127142141828
202102,수인분당선,강남구청,173220,196067,369287,37.5171892352971,127.04130142966
202102,수인분당선,개포동,63218,65669,128887,37.4892484725195,127.066474949768
202102,수인분당선,고색,62928,60832,123760,37.2497641029802,126.980512216022
202102,수인분당선,구룡,29412,28924,58336,37.4877508712393,127.058902040245
202102,수인분당선,구성,84230,88759,172989,37.2988793074736,127.105772956042
202102,수인분당선,기흥,163589,156886,320475,37.2753187070748,127.115952887482
202102,수인분당선,남동인더스파크,43901,48472,92373,37.4071199316831,126.694692825365
202102,수인분당선,달월,1607,1071,2678,37.3798590670709,126.745771786914
202102,수인분당선,대모산입구,60456,56671,117127,37.4915453291369,127.07316864715
202102,수인분당선,도곡,117303,117046,234349,37.4908647717187,127.05532337372
202102,수인분당선,망포,246924,235975,482899,37.2456841497125,127.057336156052
202102,수인분당선,매교,46523,47878,94401,37.2654547365162,127.016173497897
202102,수인분당선,매탄권선,81985,79007,160992,37.2496541911308,127.040436063804
202102,수인분당선,모란,362039,365141,727180,37.4338501673337,127.129551165797
202102,수인분당선,미금,275866,292322,568188,37.3497814901408,127.108786347263
202102,수인분당선,보정,41652,36510,78162,37.3250029632519,127.108105699045
202102,수인분당선,복정,13,0,13,37.4710560005054,127.126771228018
202102,수인분당선,사리,64567,58972,123539,37.2908856912992,126.857182474188
202102,수인분당선,상갈,94086,91287,185373,37.2618298132945,127.108877632339
202102,수인분당선,서울숲,160196,161166,321362,37.5436182408959,127.044706934942
202102,수인분당선,서현,442446,445590,888036,37.3850142562829,127.123430800216
202102,수인분당선,선릉,242250,349993,592243,37.5045028775835,127.048942471228
202102,수인분당선,선정릉,146950,155192,302142,37.5108538860091,127.043641042222
202102,수인분당선,소래포구,83054,79345,162399,37.4009287634109,126.733519454146
202102,수인분당선,송도,42142,39011,81153,37.429936352757,126.654627246887
202102,수인분당선,수내,233465,233542,467007,37.3784524525527,127.114295370128
202102,수인분당선,수서,226853,238652,465505,37.4873889933503,127.101859191018
202102,수인분당선,수원,141695,117280,258975,37.2656768667795,127.000096053009
202102,수인분당선,수원시청,218693,231280,449973,37.2609055800354,127.031319421846
202102,수인분당선,숭의,67614,63256,130870,37.4603808978026,126.63875878501
202102,수인분당선,신갈,79355,79515,158870,37.286222191892,127.111247645105
202102,수인분당선,신포,28458,28832,57290,37.4683932257932,126.625173241416
202102,수인분당선,압구정로데오,331292,356064,687356,37.529440360849,127.041260327992
202102,수인분당선,야목,3862,3282,7144,37.2611984735928,126.88411915315
202102,수인분당선,야탑,454557,474770,929327,37.411051183903,127.12872651224
202102,수인분당선,어천,10876,10457,21333,37.2501194651188,126.908785661434
202102,수인분당선,연수,76030,75075,151105,37.4178036012082,126.678963980409
202102,수인분당선,영통,143008,144519,287527,37.2514466747718,127.071296921866
202102,수인분당선,오리,212207,178968,391175,37.3399767000124,127.108947909824
202102,수인분당선,오목천,39496,37447,76943,37.2433708193918,126.963947123606
202102,수인분당선,원인재,76364,79128,155492,37.4121078839743,126.68762757215
202102,수인분당선,월곶,43224,41019,84243,37.3908170312727,126.742529746629
202102,수인분당선,이매,94306,90989,185295,37.3956853431968,127.12824815972
202102,수인분당선,인천,18218,30048,48266,37.4765938446837,126.617089760956
202102,수인분당선,인천논현,97936,102505,200441,37.4006702911636,126.722563735787
202102,수인분당선,인하대,94880,89968,184848,37.448211740425,126.649971611338
202102,수인분당선,정자,306026,314494,620520,37.3661836450479,127.10806292752
202102,수인분당선,죽전,228672,251871,480543,37.3250029632519,127.108105699045
202102,수인분당선,청명,71854,68779,140633,37.2595060450476,127.078981816646
202102,수인분당선,태평,240488,235438,475926,37.4398906358669,127.127671669567
202102,수인분당선,한티,249029,262493,511522,37.4962424687085,127.052882352599
202102,수인분당선,호구포,65973,68934,134907,37.4016559405807,126.708639070703
202103,수인분당선,가천대,193108,216876,409984,37.4489646883029,127.127142141828
202103,수인분당선,강남구청,221089,251195,472284,37.5171892352971,127.04130142966
202103,수인분당선,개포동,82893,86144,169037,37.4892484725195,127.066474949768
202103,수인분당선,고색,81595,78599,160194,37.2497641029802,126.980512216022
202103,수인분당선,구룡,44955,43723,88678,37.4877508712393,127.058902040245
202103,수인분당선,구성,109036,113455,222491,37.2988793074736,127.105772956042
202103,수인분당선,기흥,208036,198159,406195,37.2753187070748,127.115952887482
202103,수인분당선,남동인더스파크,53646,60002,113648,37.4071199316831,126.694692825365
202103,수인분당선,달월,2199,1595,3794,37.3798590670709,126.745771786914
202103,수인분당선,대모산입구,78289,72241,150530,37.4915453291369,127.07316864715
202103,수인분당선,도곡,150378,150451,300829,37.4908647717187,127.05532337372
202103,수인분당선,망포,312350,298045,610395,37.2456841497125,127.057336156052
202103,수인분당선,매교,67118,68278,135396,37.2654547365162,127.016173497897
202103,수인분당선,매탄권선,109225,105271,214496,37.2496541911308,127.040436063804
202103,수인분당선,모란,465960,468942,934902,37.4338501673337,127.129551165797
202103,수인분당선,미금,348057,367179,715236,37.3497814901408,127.108786347263
202103,수인분당선,보정,56278,50049,106327,37.3250029632519,127.108105699045
202103,수인분당선,복정,13,0,13,37.4710560005054,127.126771228018
202103,수인분당선,사리,88350,79994,168344,37.2908856912992,126.857182474188
202103,수인분당선,상갈,119595,115248,234843,37.2618298132945,127.108877632339
202103,수인분당선,서울숲,219525,222826,442351,37.5436182408959,127.044706934942
202103,수인분당선,서현,537488,544015,1081503,37.3850142562829,127.123430800216
202103,수인분당선,선릉,304578,451551,756129,37.5045028775835,127.048942471228
202103,수인분당선,선정릉,184163,195776,379939,37.5108538860091,127.043641042222
202103,수인분당선,소래포구,118458,113368,231826,37.4009287634109,126.733519454146
202103,수인분당선,송도,59000,53696,112696,37.429936352757,126.654627246887
202103,수인분당선,수내,290828,292050,582878,37.3784524525527,127.114295370128
202103,수인분당선,수서,299385,306328,605713,37.4873889933503,127.101859191018
202103,수인분당선,수원,181176,150602,331778,37.2656768667795,127.000096053009
202103,수인분당선,수원시청,271407,289768,561175,37.2609055800354,127.031319421846
202103,수인분당선,숭의,89247,83679,172926,37.4603808978026,126.63875878501
202103,수인분당선,신갈,101108,101215,202323,37.286222191892,127.111247645105
202103,수인분당선,신포,40769,41309,82078,37.4683932257932,126.625173241416
202103,수인분당선,압구정로데오,401993,440190,842183,37.529440360849,127.041260327992
202103,수인분당선,야목,5599,4509,10108,37.2611984735928,126.88411915315
202103,수인분당선,야탑,568335,592637,1160972,37.411051183903,127.12872651224
202103,수인분당선,어천,14669,15015,29684,37.2501194651188,126.908785661434
202103,수인분당선,연수,100479,98555,199034,37.4178036012082,126.678963980409
202103,수인분당선,영통,181594,186333,367927,37.2514466747718,127.071296921866
202103,수인분당선,오리,265582,224965,490547,37.3399767000124,127.108947909824
202103,수인분당선,오목천,62159,57218,119377,37.2433708193918,126.963947123606
202103,수인분당선,원인재,99262,103320,202582,37.4121078839743,126.68762757215
202103,수인분당선,월곶,56524,52427,108951,37.3908170312727,126.742529746629
202103,수인분당선,이매,125921,117000,242921,37.3956853431968,127.12824815972
202103,수인분당선,인천,22257,36865,59122,37.4765938446837,126.617089760956
202103,수인분당선,인천논현,124574,132819,257393,37.4006702911636,126.722563735787
202103,수인분당선,인하대,134517,126171,260688,37.448211740425,126.649971611338
202103,수인분당선,정자,384366,399886,784252,37.3661836450479,127.10806292752
202103,수인분당선,죽전,297573,326227,623800,37.3250029632519,127.108105699045
202103,수인분당선,청명,94548,89735,184283,37.2595060450476,127.078981816646
202103,수인분당선,태평,300813,292054,592867,37.4398906358669,127.127671669567
202103,수인분당선,한티,299314,320967,620281,37.4962424687085,127.052882352599
202103,수인분당선,호구포,85864,90386,176250,37.4016559405807,126.708639070703
202104,수인분당선,가천대,199069,220185,419254,37.4489646883029,127.127142141828
202104,수인분당선,강남구청,218072,247547,465619,37.5171892352971,127.04130142966
202104,수인분당선,개포동,82980,86640,169620,37.4892484725195,127.066474949768
202104,수인분당선,고색,85202,81473,166675,37.2497641029802,126.980512216022
202104,수인분당선,구룡,44999,43977,88976,37.4877508712393,127.058902040245
202104,수인분당선,구성,108272,112382,220654,37.2988793074736,127.105772956042
202104,수인분당선,기흥,208303,196872,405175,37.2753187070748,127.115952887482
202104,수인분당선,남동인더스파크,52142,58688,110830,37.4071199316831,126.694692825365
202104,수인분당선,달월,2204,1634,3838,37.3798590670709,126.745771786914
202104,수인분당선,대모산입구,77243,72188,149431,37.4915453291369,127.07316864715
202104,수인분당선,도곡,144504,145135,289639,37.4908647717187,127.05532337372
202104,수인분당선,망포,307892,291143,599035,37.2456841497125,127.057336156052
202104,수인분당선,매교,66509,67875,134384,37.2654547365162,127.016173497897
202104,수인분당선,매탄권선,107939,104234,212173,37.2496541911308,127.040436063804
202104,수인분당선,모란,455379,458124,913503,37.4338501673337,127.129551165797
202104,수인분당선,미금,338679,358087,696766,37.3497814901408,127.108786347263
202104,수인분당선,보정,55019,49102,104121,37.3250029632519,127.108105699045
202104,수인분당선,복정,8,0,8,37.4710560005054,127.126771228018
202104,수인분당선,사리,90526,81773,172299,37.2908856912992,126.857182474188
202104,수인분당선,상갈,118854,114067,232921,37.2618298132945,127.108877632339
202104,수인분당선,서울숲,252412,261509,513921,37.5436182408959,127.044706934942
202104,수인분당선,서현,519605,526069,1045674,37.3850142562829,127.123430800216
202104,수인분당선,선릉,295233,438954,734187,37.5045028775835,127.048942471228
202104,수인분당선,선정릉,182396,193836,376232,37.5108538860091,127.043641042222
202104,수인분당선,소래포구,121872,116487,238359,37.4009287634109,126.733519454146
202104,수인분당선,송도,58459,53368,111827,37.429936352757,126.654627246887
202104,수인분당선,수내,284179,285764,569943,37.3784524525527,127.114295370128
202104,수인분당선,수서,296277,307849,604126,37.4873889933503,127.101859191018
202104,수인분당선,수원,177176,148556,325732,37.2656768667795,127.000096053009
202104,수인분당선,수원시청,264478,285449,549927,37.2609055800354,127.031319421846
202104,수인분당선,숭의,88901,82881,171782,37.4603808978026,126.63875878501
202104,수인분당선,신갈,98803,98942,197745,37.286222191892,127.111247645105
202104,수인분당선,신포,40860,41143,82003,37.4683932257932,126.625173241416
202104,수인분당선,압구정로데오,399335,440339,839674,37.529440360849,127.041260327992
202104,수인분당선,야목,5735,4665,10400,37.2611984735928,126.88411915315
202104,수인분당선,야탑,555815,579108,1134923,37.411051183903,127.12872651224
202104,수인분당선,어천,15636,15590,31226,37.2501194651188,126.908785661434
202104,수인분당선,연수,100475,98051,198526,37.4178036012082,126.678963980409
202104,수인분당선,영통,176139,181335,357474,37.2514466747718,127.071296921866
202104,수인분당선,오리,259219,217451,476670,37.3399767000124,127.108947909824
202104,수인분당선,오목천,66589,60351,126940,37.2433708193918,126.963947123606
202104,수인분당선,원인재,97614,101860,199474,37.4121078839743,126.68762757215
202104,수인분당선,월곶,56500,53031,109531,37.3908170312727,126.742529746629
202104,수인분당선,이매,125161,115189,240350,37.3956853431968,127.12824815972
202104,수인분당선,인천,21950,36452,58402,37.4765938446837,126.617089760956
202104,수인분당선,인천논현,123187,132072,255259,37.4006702911636,126.722563735787
202104,수인분당선,인하대,133715,126023,259738,37.448211740425,126.649971611338
202104,수인분당선,정자,372921,396915,769836,37.3661836450479,127.10806292752
202104,수인분당선,죽전,290222,317546,607768,37.3250029632519,127.108105699045
202104,수인분당선,청명,93505,88684,182189,37.2595060450476,127.078981816646
202104,수인분당선,태평,296331,287067,583398,37.4398906358669,127.127671669567
202104,수인분당선,한티,293222,312939,606161,37.4962424687085,127.052882352599
202104,수인분당선,호구포,87079,91184,178263,37.4016559405807,126.708639070703
202105,수인분당선,가천대,170977,189192,360169,37.4489646883029,127.127142141828
202105,수인분당선,강남구청,198337,226829,425166,37.5171892352971,127.04130142966
202105,수인분당선,개포동,77542,80005,157547,37.4892484725195,127.066474949768
202105,수인분당선,고색,78973,75448,154421,37.2497641029802,126.980512216022
202105,수인분당선,구룡,40240,38970,79210,37.4877508712393,127.058902040245
202105,수인분당선,구성,99315,103296,202611,37.2988793074736,127.105772956042
202105,수인분당선,기흥,192437,180356,372793,37.2753187070748,127.115952887482
202105,수인분당선,남동인더스파크,46117,52231,98348,37.4071199316831,126.694692825365
202105,수인분당선,달월,1888,1282,3170,37.3798590670709,126.745771786914
202105,수인분당선,대모산입구,71334,66415,137749,37.4915453291369,127.07316864715
202105,수인분당선,도곡,130458,130171,260629,37.4908647717187,127.05532337372
202105,수인분당선,망포,282967,267729,550696,37.2456841497125,127.057336156052
202105,수인분당선,매교,61223,62642,123865,37.2654547365162,127.016173497897
202105,수인분당선,매탄권선,99929,96370,196299,37.2496541911308,127.040436063804
202105,수인분당선,모란,419692,422528,842220,37.4338501673337,127.129551165797
202105,수인분당선,미금,311383,329476,640859,37.3497814901408,127.108786347263
202105,수인분당선,보정,51460,44787,96247,37.3250029632519,127.108105699045
202105,수인분당선,복정,8,0,8,37.4710560005054,127.126771228018
202105,수인분당선,사리,83923,76434,160357,37.2908856912992,126.857182474188
202105,수인분당선,상갈,110584,106072,216656,37.2618298132945,127.108877632339
202105,수인분당선,서울숲,219199,225303,444502,37.5436182408959,127.044706934942
202105,수인분당선,서현,488223,495588,983811,37.3850142562829,127.123430800216
202105,수인분당선,선릉,267592,397602,665194,37.5045028775835,127.048942471228
202105,수인분당선,선정릉,163098,174315,337413,37.5108538860091,127.043641042222
202105,수인분당선,소래포구,118360,113673,232033,37.4009287634109,126.733519454146
202105,수인분당선,송도,53676,49811,103487,37.429936352757,126.654627246887
202105,수인분당선,수내,261450,260995,522445,37.3784524525527,127.114295370128
202105,수인분당선,수서,274136,284105,558241,37.4873889933503,127.101859191018
202105,수인분당선,수원,166090,139301,305391,37.2656768667795,127.000096053009
202105,수인분당선,수원시청,248646,268060,516706,37.2609055800354,127.031319421846
202105,수인분당선,숭의,80900,75739,156639,37.4603808978026,126.63875878501
202105,수인분당선,신갈,90800,90702,181502,37.286222191892,127.111247645105
202105,수인분당선,신포,37607,37873,75480,37.4683932257932,126.625173241416
202105,수인분당선,압구정로데오,376736,416636,793372,37.529440360849,127.041260327992
202105,수인분당선,야목,5191,4177,9368,37.2611984735928,126.88411915315
202105,수인분당선,야탑,509818,532312,1042130,37.411051183903,127.12872651224
202105,수인분당선,어천,14475,14489,28964,37.2501194651188,126.908785661434
202105,수인분당선,연수,92828,90853,183681,37.4178036012082,126.678963980409
202105,수인분당선,영통,166443,170462,336905,37.2514466747718,127.071296921866
202105,수인분당선,오리,237257,198767,436024,37.3399767000124,127.108947909824
202105,수인분당선,오목천,59008,53853,112861,37.2433708193918,126.963947123606
202105,수인분당선,원인재,89699,93577,183276,37.4121078839743,126.68762757215
202105,수인분당선,월곶,52432,49016,101448,37.3908170312727,126.742529746629
202105,수인분당선,이매,114728,106440,221168,37.3956853431968,127.12824815972
202105,수인분당선,인천,22721,36516,59237,37.4765938446837,126.617089760956
202105,수인분당선,인천논현,113963,121358,235321,37.4006702911636,126.722563735787
202105,수인분당선,인하대,121583,114881,236464,37.448211740425,126.649971611338
202105,수인분당선,정자,351368,370085,721453,37.3661836450479,127.10806292752
202105,수인분당선,죽전,268917,297086,566003,37.3250029632519,127.108105699045
202105,수인분당선,청명,85879,81656,167535,37.2595060450476,127.078981816646
202105,수인분당선,태평,275398,266377,541775,37.4398906358669,127.127671669567
202105,수인분당선,한티,274192,291813,566005,37.4962424687085,127.052882352599
202105,수인분당선,호구포,79205,82773,161978,37.4016559405807,126.708639070703
202106,수인분당선,가천대,177422,198226,375648,37.4489646883029,127.127142141828
202106,수인분당선,강남구청,220236,251839,472075,37.5171892352971,127.04130142966
202106,수인분당선,개포동,84648,87638,172286,37.4892484725195,127.066474949768
202106,수인분당선,고색,89822,84248,174070,37.2497641029802,126.980512216022
202106,수인분당선,구룡,47549,45566,93115,37.4877508712393,127.058902040245
202106,수인분당선,구성,108986,113338,222324,37.2988793074736,127.105772956042
202106,수인분당선,기흥,208137,197102,405239,37.2753187070748,127.115952887482
202106,수인분당선,남동인더스파크,51028,57646,108674,37.4071199316831,126.694692825365
202106,수인분당선,달월,1934,1348,3282,37.3798590670709,126.745771786914
202106,수인분당선,대모산입구,76663,71406,148069,37.4915453291369,127.07316864715
202106,수인분당선,도곡,150025,148210,298235,37.4908647717187,127.05532337372
202106,수인분당선,망포,311762,295133,606895,37.2456841497125,127.057336156052
202106,수인분당선,매교,66284,67228,133512,37.2654547365162,127.016173497897
202106,수인분당선,매탄권선,110151,106518,216669,37.2496541911308,127.040436063804
202106,수인분당선,모란,455338,459539,914877,37.4338501673337,127.129551165797
202106,수인분당선,미금,340083,360517,700600,37.3497814901408,127.108786347263
202106,수인분당선,보정,56476,49433,105909,37.3250029632519,127.108105699045
202106,수인분당선,복정,13,0,13,37.4710560005054,127.126771228018
202106,수인분당선,사리,92822,83641,176463,37.2908856912992,126.857182474188
202106,수인분당선,상갈,119879,114247,234126,37.2618298132945,127.108877632339
202106,수인분당선,서울숲,235585,238795,474380,37.5436182408959,127.044706934942
202106,수인분당선,서현,528767,537335,1066102,37.3850142562829,127.123430800216
202106,수인분당선,선릉,303452,450006,753458,37.5045028775835,127.048942471228
202106,수인분당선,선정릉,181208,193768,374976,37.5108538860091,127.043641042222
202106,수인분당선,소래포구,120154,114384,234538,37.4009287634109,126.733519454146
202106,수인분당선,송도,58598,53795,112393,37.429936352757,126.654627246887
202106,수인분당선,수내,285235,287096,572331,37.3784524525527,127.114295370128
202106,수인분당선,수서,298477,307951,606428,37.4873889933503,127.101859191018
202106,수인분당선,수원,174204,146376,320580,37.2656768667795,127.000096053009
202106,수인분당선,수원시청,271048,292647,563695,37.2609055800354,127.031319421846
202106,수인분당선,숭의,88895,83524,172419,37.4603808978026,126.63875878501
202106,수인분당선,신갈,100471,99529,200000,37.286222191892,127.111247645105
202106,수인분당선,신포,40504,41500,82004,37.4683932257932,126.625173241416
202106,수인분당선,압구정로데오,404086,444945,849031,37.529440360849,127.041260327992
202106,수인분당선,야목,5659,4656,10315,37.2611984735928,126.88411915315
202106,수인분당선,야탑,562655,586193,1148848,37.411051183903,127.12872651224
202106,수인분당선,어천,15493,16072,31565,37.2501194651188,126.908785661434
202106,수인분당선,연수,99951,97370,197321,37.4178036012082,126.678963980409
202106,수인분당선,영통,178724,182982,361706,37.2514466747718,127.071296921866
202106,수인분당선,오리,260210,218607,478817,37.3399767000124,127.108947909824
202106,수인분당선,오목천,64240,59304,123544,37.2433708193918,126.963947123606
202106,수인분당선,원인재,96121,100671,196792,37.4121078839743,126.68762757215
202106,수인분당선,월곶,56453,52845,109298,37.3908170312727,126.742529746629
202106,수인분당선,이매,125721,116975,242696,37.3956853431968,127.12824815972
202106,수인분당선,인천,22362,36371,58733,37.4765938446837,126.617089760956
202106,수인분당선,인천논현,124224,131163,255387,37.4006702911636,126.722563735787
202106,수인분당선,인하대,130966,123200,254166,37.448211740425,126.649971611338
202106,수인분당선,정자,388063,407159,795222,37.3661836450479,127.10806292752
202106,수인분당선,죽전,288668,317221,605889,37.3250029632519,127.108105699045
202106,수인분당선,청명,94480,90361,184841,37.2595060450476,127.078981816646
202106,수인분당선,태평,297183,286124,583307,37.4398906358669,127.127671669567
202106,수인분당선,한티,304195,326092,630287,37.4962424687085,127.052882352599
202106,수인분당선,호구포,86933,91519,178452,37.4016559405807,126.708639070703
202107,수인분당선,가천대,127796,145656,273452,37.4489646883029,127.127142141828
202107,수인분당선,강남구청,197953,225621,423574,37.5171892352971,127.04130142966
202107,수인분당선,개포동,74497,77621,152118,37.4892484725195,127.066474949768
202107,수인분당선,고색,83452,77569,161021,37.2497641029802,126.980512216022
202107,수인분당선,구룡,37351,35730,73081,37.4877508712393,127.058902040245
202107,수인분당선,구성,94654,100695,195349,37.2988793074736,127.105772956042
202107,수인분당선,기흥,187090,177838,364928,37.2753187070748,127.115952887482
202107,수인분당선,남동인더스파크,49095,54686,103781,37.4071199316831,126.694692825365
202107,수인분당선,달월,1957,1336,3293,37.3798590670709,126.745771786914
202107,수인분당선,대모산입구,66560,61854,128414,37.4915453291369,127.07316864715
202107,수인분당선,도곡,133699,132811,266510,37.4908647717187,127.05532337372
202107,수인분당선,망포,278316,263361,541677,37.2456841497125,127.057336156052
202107,수인분당선,매교,57028,57272,114300,37.2654547365162,127.016173497897
202107,수인분당선,매탄권선,97190,94219,191409,37.2496541911308,127.040436063804
202107,수인분당선,모란,405239,407539,812778,37.4338501673337,127.129551165797
202107,수인분당선,미금,308686,327869,636555,37.3497814901408,127.108786347263
202107,수인분당선,보정,48491,42710,91201,37.3250029632519,127.108105699045
202107,수인분당선,복정,9,0,9,37.4710560005054,127.126771228018
202107,수인분당선,사리,82353,74001,156354,37.2908856912992,126.857182474188
202107,수인분당선,상갈,108087,103141,211228,37.2618298132945,127.108877632339
202107,수인분당선,서울숲,200151,201373,401524,37.5436182408959,127.044706934942
202107,수인분당선,서현,485514,491176,976690,37.3850142562829,127.123430800216
202107,수인분당선,선릉,274433,398884,673317,37.5045028775835,127.048942471228
202107,수인분당선,선정릉,163166,173786,336952,37.5108538860091,127.043641042222
202107,수인분당선,소래포구,96501,91783,188284,37.4009287634109,126.733519454146
202107,수인분당선,송도,49559,45331,94890,37.429936352757,126.654627246887
202107,수인분당선,수내,261577,262497,524074,37.3784524525527,127.114295370128
202107,수인분당선,수서,261414,273979,535393,37.4873889933503,127.101859191018
202107,수인분당선,수원,156153,131617,287770,37.2656768667795,127.000096053009
202107,수인분당선,수원시청,244898,262607,507505,37.2609055800354,127.031319421846
202107,수인분당선,숭의,80741,75242,155983,37.4603808978026,126.63875878501
202107,수인분당선,신갈,89284,88978,178262,37.286222191892,127.111247645105
202107,수인분당선,신포,34408,34682,69090,37.4683932257932,126.625173241416
202107,수인분당선,압구정로데오,353699,386518,740217,37.529440360849,127.041260327992
202107,수인분당선,야목,5358,4574,9932,37.2611984735928,126.88411915315
202107,수인분당선,야탑,504023,526841,1030864,37.411051183903,127.12872651224
202107,수인분당선,어천,14286,14524,28810,37.2501194651188,126.908785661434
202107,수인분당선,연수,86422,85073,171495,37.4178036012082,126.678963980409
202107,수인분당선,영통,159169,161688,320857,37.2514466747718,127.071296921866
202107,수인분당선,오리,236063,196844,432907,37.3399767000124,127.108947909824
202107,수인분당선,오목천,50214,47136,97350,37.2433708193918,126.963947123606
202107,수인분당선,원인재,85567,90448,176015,37.4121078839743,126.68762757215
202107,수인분당선,월곶,50399,47663,98062,37.3908170312727,126.742529746629
202107,수인분당선,이매,109961,102692,212653,37.3956853431968,127.12824815972
202107,수인분당선,인천,23057,36077,59134,37.4765938446837,126.617089760956
202107,수인분당선,인천논현,110212,116200,226412,37.4006702911636,126.722563735787
202107,수인분당선,인하대,111375,104495,215870,37.448211740425,126.649971611338
202107,수인분당선,정자,338086,355868,693954,37.3661836450479,127.10806292752
202107,수인분당선,죽전,256925,283117,540042,37.3250029632519,127.108105699045
202107,수인분당선,청명,82934,79675,162609,37.2595060450476,127.078981816646
202107,수인분당선,태평,274326,263816,538142,37.4398906358669,127.127671669567
202107,수인분당선,한티,284249,302700,586949,37.4962424687085,127.052882352599
202107,수인분당선,호구포,79461,84089,163550,37.4016559405807,126.708639070703
202108,수인분당선,가천대,119219,138277,257496,37.4489646883029,127.127142141828
202108,수인분당선,강남구청,188381,214575,402956,37.5171892352971,127.04130142966
202108,수인분당선,개포동,69955,72427,142382,37.4892484725195,127.066474949768
202108,수인분당선,고색,75961,71621,147582,37.2497641029802,126.980512216022
202108,수인분당선,구룡,34887,34072,68959,37.4877508712393,127.058902040245
202108,수인분당선,구성,89065,96412,185477,37.2988793074736,127.105772956042
202108,수인분당선,기흥,177020,169466,346486,37.2753187070748,127.115952887482
202108,수인분당선,남동인더스파크,44325,49253,93578,37.4071199316831,126.694692825365
202108,수인분당선,달월,1914,1190,3104,37.3798590670709,126.745771786914
202108,수인분당선,대모산입구,70166,65512,135678,37.4915453291369,127.07316864715
202108,수인분당선,도곡,127361,126266,253627,37.4908647717187,127.05532337372
202108,수인분당선,망포,256154,244024,500178,37.2456841497125,127.057336156052
202108,수인분당선,매교,53724,53768,107492,37.2654547365162,127.016173497897
202108,수인분당선,매탄권선,90831,87316,178147,37.2496541911308,127.040436063804
202108,수인분당선,모란,390385,393715,784100,37.4338501673337,127.129551165797
202108,수인분당선,미금,293156,312339,605495,37.3497814901408,127.108786347263
202108,수인분당선,보정,45200,40050,85250,37.3250029632519,127.108105699045
202108,수인분당선,복정,9,0,9,37.4710560005054,127.126771228018
202108,수인분당선,사리,78251,70168,148419,37.2908856912992,126.857182474188
202108,수인분당선,상갈,100493,97802,198295,37.2618298132945,127.108877632339
202108,수인분당선,서울숲,192277,194018,386295,37.5436182408959,127.044706934942
202108,수인분당선,서현,459157,464500,923657,37.3850142562829,127.123430800216
202108,수인분당선,선릉,253843,370752,624595,37.5045028775835,127.048942471228
202108,수인분당선,선정릉,153501,162979,316480,37.5108538860091,127.043641042222
202108,수인분당선,소래포구,94787,91003,185790,37.4009287634109,126.733519454146
202108,수인분당선,송도,45655,42481,88136,37.429936352757,126.654627246887
202108,수인분당선,수내,248112,248517,496629,37.3784524525527,127.114295370128
202108,수인분당선,수서,253036,261327,514363,37.4873889933503,127.101859191018
202108,수인분당선,수원,148024,124071,272095,37.2656768667795,127.000096053009
202108,수인분당선,수원시청,229830,244008,473838,37.2609055800354,127.031319421846
202108,수인분당선,숭의,75264,70016,145280,37.4603808978026,126.63875878501
202108,수인분당선,신갈,84803,84565,169368,37.286222191892,127.111247645105
202108,수인분당선,신포,32858,33031,65889,37.4683932257932,126.625173241416
202108,수인분당선,압구정로데오,341138,368319,709457,37.529440360849,127.041260327992
202108,수인분당선,야목,5304,4400,9704,37.2611984735928,126.88411915315
202108,수인분당선,야탑,477746,498986,976732,37.411051183903,127.12872651224
202108,수인분당선,어천,13463,13587,27050,37.2501194651188,126.908785661434
202108,수인분당선,연수,81001,80267,161268,37.4178036012082,126.678963980409
202108,수인분당선,영통,148800,151820,300620,37.2514466747718,127.071296921866
202108,수인분당선,오리,223139,185453,408592,37.3399767000124,127.108947909824
202108,수인분당선,오목천,47193,45121,92314,37.2433708193918,126.963947123606
202108,수인분당선,원인재,82213,85994,168207,37.4121078839743,126.68762757215
202108,수인분당선,월곶,48131,45648,93779,37.3908170312727,126.742529746629
202108,수인분당선,이매,104492,98516,203008,37.3956853431968,127.12824815972
202108,수인분당선,인천,22389,34707,57096,37.4765938446837,126.617089760956
202108,수인분당선,인천논현,103483,109058,212541,37.4006702911636,126.722563735787
202108,수인분당선,인하대,103314,98042,201356,37.448211740425,126.649971611338
202108,수인분당선,정자,311718,328572,640290,37.3661836450479,127.10806292752
202108,수인분당선,죽전,240132,265902,506034,37.3250029632519,127.108105699045
202108,수인분당선,청명,77167,74404,151571,37.2595060450476,127.078981816646
202108,수인분당선,태평,263077,252837,515914,37.4398906358669,127.127671669567
202108,수인분당선,한티,275021,294433,569454,37.4962424687085,127.052882352599
202108,수인분당선,호구포,73801,78388,152189,37.4016559405807,126.708639070703
202109,수인분당선,가천대,137055,155952,293007,37.4489646883029,127.127142141828
202109,수인분당선,강남구청,184850,210529,395379,37.5171892352971,127.04130142966
202109,수인분당선,개포동,72373,75431,147804,37.4892484725195,127.066474949768
202109,수인분당선,고색,79396,74557,153953,37.2497641029802,126.980512216022
202109,수인분당선,구룡,39944,38235,78179,37.4877508712393,127.058902040245
202109,수인분당선,구성,93234,99953,193187,37.2988793074736,127.105772956042
202109,수인분당선,기흥,181330,171183,352513,37.2753187070748,127.115952887482
202109,수인분당선,남동인더스파크,43075,48093,91168,37.4071199316831,126.694692825365
202109,수인분당선,달월,2042,1314,3356,37.3798590670709,126.745771786914
202109,수인분당선,대모산입구,78843,73606,152449,37.4915453291369,127.07316864715
202109,수인분당선,도곡,127012,125006,252018,37.4908647717187,127.05532337372
202109,수인분당선,망포,260446,244942,505388,37.2456841497125,127.057336156052
202109,수인분당선,매교,56393,57021,113414,37.2654547365162,127.016173497897
202109,수인분당선,매탄권선,93248,89583,182831,37.2496541911308,127.040436063804
202109,수인분당선,모란,394509,398994,793503,37.4338501673337,127.129551165797
202109,수인분당선,미금,292070,311091,603161,37.3497814901408,127.108786347263
202109,수인분당선,보정,46878,41598,88476,37.3250029632519,127.108105699045
202109,수인분당선,복정,12,0,12,37.4710560005054,127.126771228018
202109,수인분당선,사리,83714,74666,158380,37.2908856912992,126.857182474188
202109,수인분당선,상갈,104409,100945,205354,37.2618298132945,127.108877632339
202109,수인분당선,서울숲,199677,202743,402420,37.5436182408959,127.044706934942
202109,수인분당선,서현,452140,460473,912613,37.3850142562829,127.123430800216
202109,수인분당선,선릉,245723,361106,606829,37.5045028775835,127.048942471228
202109,수인분당선,선정릉,147873,157778,305651,37.5108538860091,127.043641042222
202109,수인분당선,소래포구,117440,114155,231595,37.4009287634109,126.733519454146
202109,수인분당선,송도,49432,45408,94840,37.429936352757,126.654627246887
202109,수인분당선,수내,242867,245552,488419,37.3784524525527,127.114295370128
202109,수인분당선,수서,252706,259375,512081,37.4873889933503,127.101859191018
202109,수인분당선,수원,151278,128492,279770,37.2656768667795,127.000096053009
202109,수인분당선,수원시청,231871,247828,479699,37.2609055800354,127.031319421846
202109,수인분당선,숭의,78073,73151,151224,37.4603808978026,126.63875878501
202109,수인분당선,신갈,84828,84263,169091,37.286222191892,127.111247645105
202109,수인분당선,신포,35914,36209,72123,37.4683932257932,126.625173241416
202109,수인분당선,압구정로데오,336627,366252,702879,37.529440360849,127.041260327992
202109,수인분당선,야목,5809,4720,10529,37.2611984735928,126.88411915315
202109,수인분당선,야탑,478733,496687,975420,37.411051183903,127.12872651224
202109,수인분당선,어천,14758,15182,29940,37.2501194651188,126.908785661434
202109,수인분당선,연수,87514,85267,172781,37.4178036012082,126.678963980409
202109,수인분당선,영통,153110,157485,310595,37.2514466747718,127.071296921866
202109,수인분당선,오리,222966,184867,407833,37.3399767000124,127.108947909824
202109,수인분당선,오목천,53202,49869,103071,37.2433708193918,126.963947123606
202109,수인분당선,원인재,86588,90057,176645,37.4121078839743,126.68762757215
202109,수인분당선,월곶,49794,47097,96891,37.3908170312727,126.742529746629
202109,수인분당선,이매,108898,101073,209971,37.3956853431968,127.12824815972
202109,수인분당선,인천,22271,34296,56567,37.4765938446837,126.617089760956
202109,수인분당선,인천논현,107341,113438,220779,37.4006702911636,126.722563735787
202109,수인분당선,인하대,108766,102878,211644,37.448211740425,126.649971611338
202109,수인분당선,정자,308348,328839,637187,37.3661836450479,127.10806292752
202109,수인분당선,죽전,247981,273360,521341,37.3250029632519,127.108105699045
202109,수인분당선,청명,79264,75951,155215,37.2595060450476,127.078981816646
202109,수인분당선,태평,263065,253324,516389,37.4398906358669,127.127671669567
202109,수인분당선,한티,271517,292181,563698,37.4962424687085,127.052882352599
202109,수인분당선,호구포,76224,79556,155780,37.4016559405807,126.708639070703
202110,수인분당선,가천대,177530,195609,373139,37.4489646883029,127.127142141828
202110,수인분당선,강남구청,193617,222177,415794,37.5171892352971,127.04130142966
202110,수인분당선,개포동,77785,80477,158262,37.4892484725195,127.066474949768
202110,수인분당선,고색,86560,82148,168708,37.2497641029802,126.980512216022
202110,수인분당선,구룡,42590,40841,83431,37.4877508712393,127.058902040245
202110,수인분당선,구성,101248,106913,208161,37.2988793074736,127.105772956042
202110,수인분당선,기흥,192837,181211,374048,37.2753187070748,127.115952887482
202110,수인분당선,남동인더스파크,45134,50175,95309,37.4071199316831,126.694692825365
202110,수인분당선,달월,1977,1348,3325,37.3798590670709,126.745771786914
202110,수인분당선,대모산입구,86550,80534,167084,37.4915453291369,127.07316864715
202110,수인분당선,도곡,135072,132110,267182,37.4908647717187,127.05532337372
202110,수인분당선,망포,283028,266699,549727,37.2456841497125,127.057336156052
202110,수인분당선,매교,62120,62637,124757,37.2654547365162,127.016173497897
202110,수인분당선,매탄권선,99549,96422,195971,37.2496541911308,127.040436063804
202110,수인분당선,모란,424832,429557,854389,37.4338501673337,127.129551165797
202110,수인분당선,미금,306574,328081,634655,37.3497814901408,127.108786347263
202110,수인분당선,보정,50319,44235,94554,37.3250029632519,127.108105699045
202110,수인분당선,복정,7,0,7,37.4710560005054,127.126771228018
202110,수인분당선,사리,89974,79851,169825,37.2908856912992,126.857182474188
202110,수인분당선,상갈,109747,105747,215494,37.2618298132945,127.108877632339
202110,수인분당선,서울숲,213470,215189,428659,37.5436182408959,127.044706934942
202110,수인분당선,서현,477060,485716,962776,37.3850142562829,127.123430800216
202110,수인분당선,선릉,261021,387995,649016,37.5045028775835,127.048942471228
202110,수인분당선,선정릉,155353,167182,322535,37.5108538860091,127.043641042222
202110,수인분당선,소래포구,141118,136455,277573,37.4009287634109,126.733519454146
202110,수인분당선,송도,52012,47995,100007,37.429936352757,126.654627246887
202110,수인분당선,수내,257370,257368,514738,37.3784524525527,127.114295370128
202110,수인분당선,수서,273159,281592,554751,37.4873889933503,127.101859191018
202110,수인분당선,수원,158761,136546,295307,37.2656768667795,127.000096053009
202110,수인분당선,수원시청,246321,262998,509319,37.2609055800354,127.031319421846
202110,수인분당선,숭의,82893,76973,159866,37.4603808978026,126.63875878501
202110,수인분당선,신갈,90228,89992,180220,37.286222191892,127.111247645105
202110,수인분당선,신포,37963,38440,76403,37.4683932257932,126.625173241416
202110,수인분당선,압구정로데오,364356,399307,763663,37.529440360849,127.041260327992
202110,수인분당선,야목,6337,4931,11268,37.2611984735928,126.88411915315
202110,수인분당선,야탑,504093,526301,1030394,37.411051183903,127.12872651224
202110,수인분당선,어천,16029,16127,32156,37.2501194651188,126.908785661434
202110,수인분당선,연수,91519,89616,181135,37.4178036012082,126.678963980409
202110,수인분당선,영통,164104,167566,331670,37.2514466747718,127.071296921866
202110,수인분당선,오리,234262,194431,428693,37.3399767000124,127.108947909824
202110,수인분당선,오목천,64111,59195,123306,37.2433708193918,126.963947123606
202110,수인분당선,원인재,89530,93143,182673,37.4121078839743,126.68762757215
202110,수인분당선,월곶,51285,48820,100105,37.3908170312727,126.742529746629
202110,수인분당선,이매,115184,106576,221760,37.3956853431968,127.12824815972
202110,수인분당선,인천,21907,35171,57078,37.4765938446837,126.617089760956
202110,수인분당선,인천논현,112378,119190,231568,37.4006702911636,126.722563735787
202110,수인분당선,인하대,120380,113066,233446,37.448211740425,126.649971611338
202110,수인분당선,정자,333669,354174,687843,37.3661836450479,127.10806292752
202110,수인분당선,죽전,266063,290601,556664,37.3250029632519,127.108105699045
202110,수인분당선,청명,86093,82120,168213,37.2595060450476,127.078981816646
202110,수인분당선,태평,271101,261436,532537,37.4398906358669,127.127671669567
202110,수인분당선,한티,275124,296229,571353,37.4962424687085,127.052882352599
202110,수인분당선,호구포,79827,83174,163001,37.4016559405807,126.708639070703
202111,수인분당선,가천대,207064,224855,431919,37.4489646883029,127.127142141828
202111,수인분당선,강남구청,228289,261219,489508,37.5171892352971,127.04130142966
202111,수인분당선,개포동,85145,87908,173053,37.4892484725195,127.066474949768
202111,수인분당선,고색,100173,93731,193904,37.2497641029802,126.980512216022
202111,수인분당선,구룡,47471,45438,92909,37.4877508712393,127.058902040245
202111,수인분당선,구성,115288,120074,235362,37.2988793074736,127.105772956042
202111,수인분당선,기흥,221953,206792,428745,37.2753187070748,127.115952887482
202111,수인분당선,남동인더스파크,50642,57079,107721,37.4071199316831,126.694692825365
202111,수인분당선,달월,2179,1344,3523,37.3798590670709,126.745771786914
202111,수인분당선,대모산입구,99339,90920,190259,37.4915453291369,127.07316864715
202111,수인분당선,도곡,155751,146948,302699,37.4908647717187,127.05532337372
202111,수인분당선,망포,328371,306534,634905,37.2456841497125,127.057336156052
202111,수인분당선,매교,66509,66707,133216,37.2654547365162,127.016173497897
202111,수인분당선,매탄권선,113709,108243,221952,37.2496541911308,127.040436063804
202111,수인분당선,모란,461637,469025,930662,37.4338501673337,127.129551165797
202111,수인분당선,미금,341731,364921,706652,37.3497814901408,127.108786347263
202111,수인분당선,보정,57690,50345,108035,37.3250029632519,127.108105699045
202111,수인분당선,복정,18,0,18,37.4710560005054,127.126771228018
202111,수인분당선,사리,100816,88286,189102,37.2908856912992,126.857182474188
202111,수인분당선,상갈,123792,117847,241639,37.2618298132945,127.108877632339
202111,수인분당선,서울숲,246166,253304,499470,37.5436182408959,127.044706934942
202111,수인분당선,서현,540312,553875,1094187,37.3850142562829,127.123430800216
202111,수인분당선,선릉,305467,464522,769989,37.5045028775835,127.048942471228
202111,수인분당선,선정릉,181484,195943,377427,37.5108538860091,127.043641042222
202111,수인분당선,소래포구,125092,118995,244087,37.4009287634109,126.733519454146
202111,수인분당선,송도,55492,50883,106375,37.429936352757,126.654627246887
202111,수인분당선,수내,293483,293711,587194,37.3784524525527,127.114295370128
202111,수인분당선,수서,308354,317050,625404,37.4873889933503,127.101859191018
202111,수인분당선,수원,178228,152484,330712,37.2656768667795,127.000096053009
202111,수인분당선,수원시청,279019,306579,585598,37.2609055800354,127.031319421846
202111,수인분당선,숭의,89445,82776,172221,37.4603808978026,126.63875878501
202111,수인분당선,신갈,102991,101314,204305,37.286222191892,127.111247645105
202111,수인분당선,신포,40022,40749,80771,37.4683932257932,126.625173241416
202111,수인분당선,압구정로데오,400736,455210,855946,37.529440360849,127.041260327992
202111,수인분당선,야목,7292,5309,12601,37.2611984735928,126.88411915315
202111,수인분당선,야탑,578136,601031,1179167,37.411051183903,127.12872651224
202111,수인분당선,어천,17261,17060,34321,37.2501194651188,126.908785661434
202111,수인분당선,연수,99139,97987,197126,37.4178036012082,126.678963980409
202111,수인분당선,영통,187818,189565,377383,37.2514466747718,127.071296921866
202111,수인분당선,오리,269036,222634,491670,37.3399767000124,127.108947909824
202111,수인분당선,오목천,72764,66574,139338,37.2433708193918,126.963947123606
202111,수인분당선,원인재,99541,102706,202247,37.4121078839743,126.68762757215
202111,수인분당선,월곶,56719,53073,109792,37.3908170312727,126.742529746629
202111,수인분당선,이매,127798,119360,247158,37.3956853431968,127.12824815972
202111,수인분당선,인천,22329,36989,59318,37.4765938446837,126.617089760956
202111,수인분당선,인천논현,122636,130564,253200,37.4006702911636,126.722563735787
202111,수인분당선,인하대,135500,127396,262896,37.448211740425,126.649971611338
202111,수인분당선,정자,389927,416137,806064,37.3661836450479,127.10806292752
202111,수인분당선,죽전,299545,328418,627963,37.3250029632519,127.108105699045
202111,수인분당선,청명,98139,92595,190734,37.2595060450476,127.078981816646
202111,수인분당선,태평,300541,285489,586030,37.4398906358669,127.127671669567
202111,수인분당선,한티,313883,337629,651512,37.4962424687085,127.052882352599
202111,수인분당선,호구포,88736,92228,180964,37.4016559405807,126.708639070703
202112,수인분당선,가천대,182111,200144,382255,37.4489646883029,127.127142141828
202112,수인분당선,강남구청,233701,266589,500290,37.5171892352971,127.04130142966
202112,수인분당선,개포동,83946,87569,171515,37.4892484725195,127.066474949768
202112,수인분당선,고색,103624,97148,200772,37.2497641029802,126.980512216022
202112,수인분당선,구룡,47197,45021,92218,37.4877508712393,127.058902040245
202112,수인분당선,구성,113943,119839,233782,37.2988793074736,127.105772956042
202112,수인분당선,기흥,219134,206867,426001,37.2753187070748,127.115952887482
202112,수인분당선,남동인더스파크,50832,57093,107925,37.4071199316831,126.694692825365
202112,수인분당선,달월,2195,1335,3530,37.3798590670709,126.745771786914
202112,수인분당선,대모산입구,99131,91877,191008,37.4915453291369,127.07316864715
202112,수인분당선,도곡,154387,153959,308346,37.4908647717187,127.05532337372
202112,수인분당선,망포,329498,309658,639156,37.2456841497125,127.057336156052
202112,수인분당선,매교,68442,68047,136489,37.2654547365162,127.016173497897
202112,수인분당선,매탄권선,115108,110037,225145,37.2496541911308,127.040436063804
202112,수인분당선,모란,459962,466508,926470,37.4338501673337,127.129551165797
202112,수인분당선,미금,349880,371104,720984,37.3497814901408,127.108786347263
202112,수인분당선,보정,56605,49013,105618,37.3250029632519,127.108105699045
202112,수인분당선,복정,12,0,12,37.4710560005054,127.126771228018
202112,수인분당선,사리,101776,89416,191192,37.2908856912992,126.857182474188
202112,수인분당선,상갈,120712,115184,235896,37.2618298132945,127.108877632339
202112,수인분당선,서울숲,232483,236403,468886,37.5436182408959,127.044706934942
202112,수인분당선,서현,564061,572066,1136127,37.3850142562829,127.123430800216
202112,수인분당선,선릉,307216,463273,770489,37.5045028775835,127.048942471228
202112,수인분당선,선정릉,181878,194578,376456,37.5108538860091,127.043641042222
202112,수인분당선,소래포구,108797,102229,211026,37.4009287634109,126.733519454146
202112,수인분당선,송도,54900,51246,106146,37.429936352757,126.654627246887
202112,수인분당선,수내,299623,299120,598743,37.3784524525527,127.114295370128
202112,수인분당선,수서,306147,319262,625409,37.4873889933503,127.101859191018
202112,수인분당선,수원,181338,156063,337401,37.2656768667795,127.000096053009
202112,수인분당선,수원시청,288660,313632,602292,37.2609055800354,127.031319421846
202112,수인분당선,숭의,89180,83136,172316,37.4603808978026,126.63875878501
202112,수인분당선,신갈,104933,102674,207607,37.286222191892,127.111247645105
202112,수인분당선,신포,39613,40066,79679,37.4683932257932,126.625173241416
202112,수인분당선,압구정로데오,433621,480517,914138,37.529440360849,127.041260327992
202112,수인분당선,야목,7206,5431,12637,37.2611984735928,126.88411915315
202112,수인분당선,야탑,583462,609508,1192970,37.411051183903,127.12872651224
202112,수인분당선,어천,16366,15818,32184,37.2501194651188,126.908785661434
202112,수인분당선,연수,99357,98696,198053,37.4178036012082,126.678963980409
202112,수인분당선,영통,191482,193522,385004,37.2514466747718,127.071296921866
202112,수인분당선,오리,268059,221500,489559,37.3399767000124,127.108947909824
202112,수인분당선,오목천,70177,64034,134211,37.2433708193918,126.963947123606
202112,수인분당선,원인재,98819,102336,201155,37.4121078839743,126.68762757215
202112,수인분당선,월곶,57787,54296,112083,37.3908170312727,126.742529746629
202112,수인분당선,이매,127718,119274,246992,37.3956853431968,127.12824815972
202112,수인분당선,인천,21802,35236,57038,37.4765938446837,126.617089760956
202112,수인분당선,인천논현,122479,130625,253104,37.4006702911636,126.722563735787
202112,수인분당선,인하대,130723,123302,254025,37.448211740425,126.649971611338
202112,수인분당선,정자,388762,414525,803287,37.3661836450479,127.10806292752
202112,수인분당선,죽전,299823,329034,628857,37.3250029632519,127.108105699045
202112,수인분당선,청명,97458,92624,190082,37.2595060450476,127.078981816646
202112,수인분당선,태평,306203,293988,600191,37.4398906358669,127.127671669567
202112,수인분당선,한티,312078,335622,647700,37.4962424687085,127.052882352599
202112,수인분당선,호구포,89791,92919,182710,37.4016559405807,126.708639070703
202101,경의중앙선,가좌,91065,87138,178203,37.5688870324193,126.915149791265
202101,경의중앙선,강매,53527,47490,101017,37.6124170870804,126.845066303327
202101,경의중앙선,검암,1,0,1,37.5687914198721,126.675472176848
202101,경의중앙선,계양,3,0,3,37.5716093704302,126.736023400683
202101,경의중앙선,곡산,8839,9048,17887,37.6455215922844,126.801703048195
202101,경의중앙선,공덕,61846,52888,114734,37.5428436189268,126.95133595616
202101,경의중앙선,구리,232020,238050,470070,37.603333764096,127.143610890921
202101,경의중앙선,국수,10126,10225,20351,37.5159971877418,127.399469211218
202101,경의중앙선,금릉,73856,71450,145306,37.7522266074194,126.765044092685
202101,경의중앙선,금촌,102411,102371,204782,37.7655567434097,126.773936400512
202101,경의중앙선,능곡,61783,56804,118587,37.6189344509008,126.820864666736
202101,경의중앙선,덕소,94993,95564,190557,37.5868975781597,127.208819520604
202101,경의중앙선,도농,169913,158210,328123,37.6088256177708,127.161152955692
202101,경의중앙선,도심,41919,33503,75422,37.5796327348454,127.222654178048
202101,경의중앙선,디지털미디어시티,41076,39994,81070,37.5768239035855,126.899020186183
202101,경의중앙선,망우,128328,127897,256225,37.5992876153903,127.092756577852
202101,경의중앙선,문산,79695,79174,158869,37.854588695275,126.787595361922
202101,경의중앙선,백마,113617,111094,224711,37.6583237579557,126.794456622803
202101,경의중앙선,상봉,98341,100600,198941,37.5967093285386,127.085741817289
202101,경의중앙선,서강대,32738,31384,64122,37.5527051004675,126.934808313154
202101,경의중앙선,서울,68543,84407,152950,37.549118478341,126.970484281315
202101,경의중앙선,수색,43801,44955,88756,37.5808147253405,126.895659201671
202101,경의중앙선,신원,2942,2698,5640,37.5255305127415,127.372518999221
202101,경의중앙선,신촌,13958,16361,30319,37.5554417865984,126.936119192554
202101,경의중앙선,아신,7771,7772,15543,37.5136938387664,127.443105656936
202101,경의중앙선,야당,101199,98365,199564,37.7128499204904,126.761526821868
202101,경의중앙선,양수,25585,25823,51408,37.5457522473669,127.328842901585
202101,경의중앙선,양원,24215,24447,48662,37.606554361502,127.107921489043
202101,경의중앙선,양정,12832,10836,23668,37.6040110360008,127.194607323013
202101,경의중앙선,양평,41120,40661,81781,37.5255116853806,126.886865676125
202101,경의중앙선,오빈,4407,4299,8706,37.5034201426364,127.472779337041
202101,경의중앙선,용문,25338,26085,51423,37.4828215032131,127.593964601093
202101,경의중앙선,운길산,10198,9348,19546,37.5548032008651,127.309850206074
202101,경의중앙선,운정,102869,98553,201422,37.7254220154625,126.766908191096
202101,경의중앙선,원덕,4518,4416,8934,37.4689980743792,127.548481848278
202101,경의중앙선,월롱,36062,31527,67589,37.7961431510064,126.792204696676
202101,경의중앙선,일산,152592,155553,308145,37.6821407179955,126.769478094594
202101,경의중앙선,임진강,183,109,292,37.8885657915464,126.746995041436
202101,경의중앙선,중랑,93890,91408,185298,37.595012523673,127.074833812483
202101,경의중앙선,지평,811,840,1651,37.4763755008819,127.630041823792
202101,경의중앙선,탄현,126350,125110,251460,37.6939232739143,126.761038902542
202101,경의중앙선,파주,15700,11885,27585,37.8151635252393,126.792604079404
202101,경의중앙선,팔당,13363,13304,26667,37.546890022725,127.243831432648
202101,경의중앙선,풍산,89106,85044,174150,37.6723127365476,126.786451209886
202101,경의중앙선,행신,130009,132096,262105,37.6152819539218,126.84349267417
202101,경의중앙선,홍대입구,24991,27264,52255,37.5577458058734,126.926498328277
202101,경의중앙선,화전,24199,22642,46841,37.6033139647057,126.868385382583
202101,경의중앙선,회기,382625,374410,757035,37.5897442387671,127.058035421223
202101,경의중앙선,효창공원앞,51184,59373,110557,37.5393766399926,126.961258439813
202102,경의중앙선,가좌,93374,88284,181658,37.5688870324193,126.915149791265
202102,경의중앙선,강매,54617,47872,102489,37.6124170870804,126.845066303327
202102,경의중앙선,검암,1,0,1,37.5687914198721,126.675472176848
202102,경의중앙선,계양,3,0,3,37.5716093704302,126.736023400683
202102,경의중앙선,곡산,8994,9091,18085,37.6455215922844,126.801703048195
202102,경의중앙선,공덕,62011,53994,116005,37.5428436189268,126.95133595616
202102,경의중앙선,구리,234666,239721,474387,37.603333764096,127.143610890921
202102,경의중앙선,국수,11071,11159,22230,37.5159971877418,127.399469211218
202102,경의중앙선,금릉,78220,75889,154109,37.7522266074194,126.765044092685
202102,경의중앙선,금촌,108932,108117,217049,37.7655567434097,126.773936400512
202102,경의중앙선,김포공항,1,0,1,37.562313207852,126.801278424065
202102,경의중앙선,능곡,63845,57899,121744,37.6189344509008,126.820864666736
202102,경의중앙선,덕소,97501,96996,194497,37.5868975781597,127.208819520604
202102,경의중앙선,도농,170711,157354,328065,37.6088256177708,127.161152955692
202102,경의중앙선,도심,41572,32902,74474,37.5796327348454,127.222654178048
202102,경의중앙선,디지털미디어시티,42440,41130,83570,37.5768239035855,126.899020186183
202102,경의중앙선,망우,130698,129377,260075,37.5992876153903,127.092756577852
202102,경의중앙선,문산,85043,84482,169525,37.854588695275,126.787595361922
202102,경의중앙선,백마,117913,114116,232029,37.6583237579557,126.794456622803
202102,경의중앙선,상봉,100712,104610,205322,37.5967093285386,127.085741817289
202102,경의중앙선,서강대,34848,33909,68757,37.5527051004675,126.934808313154
202102,경의중앙선,서울,68695,86037,154732,37.549118478341,126.970484281315
202102,경의중앙선,수색,44009,45473,89482,37.5808147253405,126.895659201671
202102,경의중앙선,신원,3174,2814,5988,37.5255305127415,127.372518999221
202102,경의중앙선,신촌,14587,17368,31955,37.5554417865984,126.936119192554
202102,경의중앙선,아신,8694,8776,17470,37.5136938387664,127.443105656936
202102,경의중앙선,야당,109690,106711,216401,37.7128499204904,126.761526821868
202102,경의중앙선,양수,28814,29221,58035,37.5457522473669,127.328842901585
202102,경의중앙선,양원,24962,25090,50052,37.606554361502,127.107921489043
202102,경의중앙선,양정,12682,10880,23562,37.6040110360008,127.194607323013
202102,경의중앙선,양평,46255,47443,93698,37.5255116853806,126.886865676125
202102,경의중앙선,오빈,4455,4391,8846,37.5034201426364,127.472779337041
202102,경의중앙선,용문,28684,30129,58813,37.4828215032131,127.593964601093
202102,경의중앙선,운길산,11060,10260,21320,37.5548032008651,127.309850206074
202102,경의중앙선,운정,106731,100868,207599,37.7254220154625,126.766908191096
202102,경의중앙선,원덕,5287,5198,10485,37.4689980743792,127.548481848278
202102,경의중앙선,월롱,36821,31709,68530,37.7961431510064,126.792204696676
202102,경의중앙선,일산,158588,160159,318747,37.6821407179955,126.769478094594
202102,경의중앙선,임진강,251,161,412,37.8885657915464,126.746995041436
202102,경의중앙선,중랑,94965,91509,186474,37.595012523673,127.074833812483
202102,경의중앙선,지평,964,921,1885,37.4763755008819,127.630041823792
202102,경의중앙선,탄현,130698,127737,258435,37.6939232739143,126.761038902542
202102,경의중앙선,파주,17137,12922,30059,37.8151635252393,126.792604079404
202102,경의중앙선,팔당,14909,14907,29816,37.546890022725,127.243831432648
202102,경의중앙선,풍산,93679,88702,182381,37.6723127365476,126.786451209886
202102,경의중앙선,행신,133348,134107,267455,37.6152819539218,126.84349267417
202102,경의중앙선,홍대입구,27122,30018,57140,37.5577458058734,126.926498328277
202102,경의중앙선,화전,24748,23106,47854,37.6033139647057,126.868385382583
202102,경의중앙선,회기,404604,390733,795337,37.5897442387671,127.058035421223
202102,경의중앙선,효창공원앞,50379,57736,108115,37.5393766399926,126.961258439813
202103,경의중앙선,가좌,120613,112808,233421,37.5688870324193,126.915149791265
202103,경의중앙선,강매,71662,62795,134457,37.6124170870804,126.845066303327
202103,경의중앙선,계양,7,0,7,37.5716093704302,126.736023400683
202103,경의중앙선,곡산,13497,14029,27526,37.6455215922844,126.801703048195
202103,경의중앙선,공덕,78243,69836,148079,37.5428436189268,126.95133595616
202103,경의중앙선,구리,301598,307565,609163,37.603333764096,127.143610890921
202103,경의중앙선,국수,16925,16388,33313,37.5159971877418,127.399469211218
202103,경의중앙선,금릉,101338,99433,200771,37.7522266074194,126.765044092685
202103,경의중앙선,금촌,141588,139654,281242,37.7655567434097,126.773936400512
202103,경의중앙선,능곡,85683,77425,163108,37.6189344509008,126.820864666736
202103,경의중앙선,덕소,125696,126577,252273,37.5868975781597,127.208819520604
202103,경의중앙선,도농,223853,203632,427485,37.6088256177708,127.161152955692
202103,경의중앙선,도심,55637,43722,99359,37.5796327348454,127.222654178048
202103,경의중앙선,디지털미디어시티,55560,53706,109266,37.5768239035855,126.899020186183
202103,경의중앙선,망우,168187,165701,333888,37.5992876153903,127.092756577852
202103,경의중앙선,문산,113787,112725,226512,37.854588695275,126.787595361922
202103,경의중앙선,백마,156577,150272,306849,37.6583237579557,126.794456622803
202103,경의중앙선,상봉,130224,133725,263949,37.5967093285386,127.085741817289
202103,경의중앙선,서강대,45021,44127,89148,37.5527051004675,126.934808313154
202103,경의중앙선,서울,92747,118484,211231,37.549118478341,126.970484281315
202103,경의중앙선,수색,60084,63077,123161,37.5808147253405,126.895659201671
202103,경의중앙선,신원,5002,4487,9489,37.5255305127415,127.372518999221
202103,경의중앙선,신촌,18827,24023,42850,37.5554417865984,126.936119192554
202103,경의중앙선,아신,11844,11802,23646,37.5136938387664,127.443105656936
202103,경의중앙선,야당,146947,143458,290405,37.7128499204904,126.761526821868
202103,경의중앙선,양수,40077,40544,80621,37.5457522473669,127.328842901585
202103,경의중앙선,양원,40828,40671,81499,37.606554361502,127.107921489043
202103,경의중앙선,양정,17988,15661,33649,37.6040110360008,127.194607323013
202103,경의중앙선,양평,60689,62496,123185,37.5255116853806,126.886865676125
202103,경의중앙선,오빈,6533,6549,13082,37.5034201426364,127.472779337041
202103,경의중앙선,용문,44479,44183,88662,37.4828215032131,127.593964601093
202103,경의중앙선,운길산,17958,17132,35090,37.5548032008651,127.309850206074
202103,경의중앙선,운정,143785,136826,280611,37.7254220154625,126.766908191096
202103,경의중앙선,원덕,8088,7795,15883,37.4689980743792,127.548481848278
202103,경의중앙선,월롱,58598,52870,111468,37.7961431510064,126.792204696676
202103,경의중앙선,일산,214191,213482,427673,37.6821407179955,126.769478094594
202103,경의중앙선,임진강,340,187,527,37.8885657915464,126.746995041436
202103,경의중앙선,중랑,122336,117175,239511,37.595012523673,127.074833812483
202103,경의중앙선,지평,1540,1787,3327,37.4763755008819,127.630041823792
202103,경의중앙선,탄현,170563,164325,334888,37.6939232739143,126.761038902542
202103,경의중앙선,파주,35080,26487,61567,37.8151635252393,126.792604079404
202103,경의중앙선,팔당,20020,19881,39901,37.546890022725,127.243831432648
202103,경의중앙선,풍산,123001,115325,238326,37.6723127365476,126.786451209886
202103,경의중앙선,행신,174258,174455,348713,37.6152819539218,126.84349267417
202103,경의중앙선,홍대입구,34283,38160,72443,37.5577458058734,126.926498328277
202103,경의중앙선,화전,44008,41439,85447,37.6033139647057,126.868385382583
202103,경의중앙선,회기,539129,523617,1062746,37.5897442387671,127.058035421223
202103,경의중앙선,효창공원앞,64755,74288,139043,37.5393766399926,126.961258439813
202104,경의중앙선,가좌,120408,112295,232703,37.5688870324193,126.915149791265
202104,경의중앙선,강매,72040,62777,134817,37.6124170870804,126.845066303327
202104,경의중앙선,검암,1,0,1,37.5687914198721,126.675472176848
202104,경의중앙선,계양,6,0,6,37.5716093704302,126.736023400683
202104,경의중앙선,곡산,13830,14092,27922,37.6455215922844,126.801703048195
202104,경의중앙선,공덕,77287,69394,146681,37.5428436189268,126.95133595616
202104,경의중앙선,구리,299006,303830,602836,37.603333764096,127.143610890921
202104,경의중앙선,국수,18077,17900,35977,37.5159971877418,127.399469211218
202104,경의중앙선,금릉,101237,99608,200845,37.7522266074194,126.765044092685
202104,경의중앙선,금촌,140143,138474,278617,37.7655567434097,126.773936400512
202104,경의중앙선,김포공항,1,0,1,37.562313207852,126.801278424065
202104,경의중앙선,능곡,85676,77534,163210,37.6189344509008,126.820864666736
202104,경의중앙선,덕소,125235,125315,250550,37.5868975781597,127.208819520604
202104,경의중앙선,도농,222276,203547,425823,37.6088256177708,127.161152955692
202104,경의중앙선,도심,55813,43983,99796,37.5796327348454,127.222654178048
202104,경의중앙선,디지털미디어시티,55089,52443,107532,37.5768239035855,126.899020186183
202104,경의중앙선,망우,169262,167675,336937,37.5992876153903,127.092756577852
202104,경의중앙선,문산,112135,111320,223455,37.854588695275,126.787595361922
202104,경의중앙선,백마,154380,148599,302979,37.6583237579557,126.794456622803
202104,경의중앙선,상봉,131924,132644,264568,37.5967093285386,127.085741817289
202104,경의중앙선,서강대,44843,43190,88033,37.5527051004675,126.934808313154
202104,경의중앙선,서울,93127,117994,211121,37.549118478341,126.970484281315
202104,경의중앙선,수색,60524,63533,124057,37.5808147253405,126.895659201671
202104,경의중앙선,신원,5873,5405,11278,37.5255305127415,127.372518999221
202104,경의중앙선,신촌,18521,23535,42056,37.5554417865984,126.936119192554
202104,경의중앙선,아신,12807,12981,25788,37.5136938387664,127.443105656936
202104,경의중앙선,야당,148970,145338,294308,37.7128499204904,126.761526821868
202104,경의중앙선,양수,42225,43009,85234,37.5457522473669,127.328842901585
202104,경의중앙선,양원,42287,42226,84513,37.606554361502,127.107921489043
202104,경의중앙선,양정,18823,16300,35123,37.6040110360008,127.194607323013
202104,경의중앙선,양평,62794,65507,128301,37.5255116853806,126.886865676125
202104,경의중앙선,오빈,6985,6949,13934,37.5034201426364,127.472779337041
202104,경의중앙선,용문,47501,47429,94930,37.4828215032131,127.593964601093
202104,경의중앙선,운길산,21071,20244,41315,37.5548032008651,127.309850206074
202104,경의중앙선,운정,146756,139719,286475,37.7254220154625,126.766908191096
202104,경의중앙선,원덕,9450,9039,18489,37.4689980743792,127.548481848278
202104,경의중앙선,월롱,52891,48255,101146,37.7961431510064,126.792204696676
202104,경의중앙선,일산,212287,212615,424902,37.6821407179955,126.769478094594
202104,경의중앙선,임진강,435,289,724,37.8885657915464,126.746995041436
202104,경의중앙선,중랑,121249,116154,237403,37.595012523673,127.074833812483
202104,경의중앙선,지평,1695,2023,3718,37.4763755008819,127.630041823792
202104,경의중앙선,탄현,168307,162117,330424,37.6939232739143,126.761038902542
202104,경의중앙선,파주,35669,26590,62259,37.8151635252393,126.792604079404
202104,경의중앙선,팔당,21125,21356,42481,37.546890022725,127.243831432648
202104,경의중앙선,풍산,122492,115565,238057,37.6723127365476,126.786451209886
202104,경의중앙선,행신,172117,172492,344609,37.6152819539218,126.84349267417
202104,경의중앙선,홍대입구,33671,37911,71582,37.5577458058734,126.926498328277
202104,경의중앙선,화전,43676,40114,83790,37.6033139647057,126.868385382583
202104,경의중앙선,회기,528775,511062,1039837,37.5897442387671,127.058035421223
202104,경의중앙선,효창공원앞,64523,73483,138006,37.5393766399926,126.961258439813
202105,경의중앙선,가좌,111718,104156,215874,37.5688870324193,126.915149791265
202105,경의중앙선,강매,66307,57796,124103,37.6124170870804,126.845066303327
202105,경의중앙선,검암,1,0,1,37.5687914198721,126.675472176848
202105,경의중앙선,곡산,12407,12346,24753,37.6455215922844,126.801703048195
202105,경의중앙선,공덕,71739,63490,135229,37.5428436189268,126.95133595616
202105,경의중앙선,구리,277519,281799,559318,37.603333764096,127.143610890921
202105,경의중앙선,국수,16186,15801,31987,37.5159971877418,127.399469211218
202105,경의중앙선,금릉,95421,93177,188598,37.7522266074194,126.765044092685
202105,경의중앙선,금촌,130520,129742,260262,37.7655567434097,126.773936400512
202105,경의중앙선,능곡,78214,71194,149408,37.6189344509008,126.820864666736
202105,경의중앙선,덕소,116409,115994,232403,37.5868975781597,127.208819520604
202105,경의중앙선,도농,205105,186469,391574,37.6088256177708,127.161152955692
202105,경의중앙선,도심,50992,40728,91720,37.5796327348454,127.222654178048
202105,경의중앙선,디지털미디어시티,51843,49430,101273,37.5768239035855,126.899020186183
202105,경의중앙선,망우,156668,154378,311046,37.5992876153903,127.092756577852
202105,경의중앙선,문산,104624,104230,208854,37.854588695275,126.787595361922
202105,경의중앙선,백마,142366,136654,279020,37.6583237579557,126.794456622803
202105,경의중앙선,상봉,123707,124068,247775,37.5967093285386,127.085741817289
202105,경의중앙선,서강대,42256,40884,83140,37.5527051004675,126.934808313154
202105,경의중앙선,서울,83700,105412,189112,37.549118478341,126.970484281315
202105,경의중앙선,수색,55645,57868,113513,37.5808147253405,126.895659201671
202105,경의중앙선,신원,5223,4404,9627,37.5255305127415,127.372518999221
202105,경의중앙선,신촌,17437,21542,38979,37.5554417865984,126.936119192554
202105,경의중앙선,아신,12065,12151,24216,37.5136938387664,127.443105656936
202105,경의중앙선,야당,140595,137172,277767,37.7128499204904,126.761526821868
202105,경의중앙선,양수,41168,41432,82600,37.5457522473669,127.328842901585
202105,경의중앙선,양원,37503,37258,74761,37.606554361502,127.107921489043
202105,경의중앙선,양정,16955,14580,31535,37.6040110360008,127.194607323013
202105,경의중앙선,양평,59398,61043,120441,37.5255116853806,126.886865676125
202105,경의중앙선,오빈,6339,6291,12630,37.5034201426364,127.472779337041
202105,경의중앙선,용문,44807,44623,89430,37.4828215032131,127.593964601093
202105,경의중앙선,운길산,20149,19113,39262,37.5548032008651,127.309850206074
202105,경의중앙선,운정,136184,128862,265046,37.7254220154625,126.766908191096
202105,경의중앙선,원덕,8092,7722,15814,37.4689980743792,127.548481848278
202105,경의중앙선,월롱,50679,46663,97342,37.7961431510064,126.792204696676
202105,경의중앙선,일산,192205,191318,383523,37.6821407179955,126.769478094594
202105,경의중앙선,임진강,493,390,883,37.8885657915464,126.746995041436
202105,경의중앙선,중랑,115322,109732,225054,37.595012523673,127.074833812483
202105,경의중앙선,지평,1600,1811,3411,37.4763755008819,127.630041823792
202105,경의중앙선,탄현,157142,150841,307983,37.6939232739143,126.761038902542
202105,경의중앙선,파주,30984,22942,53926,37.8151635252393,126.792604079404
202105,경의중앙선,팔당,20569,21292,41861,37.546890022725,127.243831432648
202105,경의중앙선,풍산,114419,107184,221603,37.6723127365476,126.786451209886
202105,경의중앙선,행신,159560,160230,319790,37.6152819539218,126.84349267417
202105,경의중앙선,홍대입구,34352,39057,73409,37.5577458058734,126.926498328277
202105,경의중앙선,화전,36656,34085,70741,37.6033139647057,126.868385382583
202105,경의중앙선,회기,496571,481837,978408,37.5897442387671,127.058035421223
202105,경의중앙선,효창공원앞,59221,67064,126285,37.5393766399926,126.961258439813
202106,경의중앙선,가좌,120043,111412,231455,37.5688870324193,126.915149791265
202106,경의중앙선,강매,72608,62696,135304,37.6124170870804,126.845066303327
202106,경의중앙선,검암,1,0,1,37.5687914198721,126.675472176848
202106,경의중앙선,계양,3,0,3,37.5716093704302,126.736023400683
202106,경의중앙선,곡산,13356,13697,27053,37.6455215922844,126.801703048195
202106,경의중앙선,공덕,78253,70551,148804,37.5428436189268,126.95133595616
202106,경의중앙선,구리,298387,302550,600937,37.603333764096,127.143610890921
202106,경의중앙선,국수,16904,16502,33406,37.5159971877418,127.399469211218
202106,경의중앙선,금릉,102732,100243,202975,37.7522266074194,126.765044092685
202106,경의중앙선,금촌,139263,137882,277145,37.7655567434097,126.773936400512
202106,경의중앙선,김포공항,1,0,1,37.562313207852,126.801278424065
202106,경의중앙선,능곡,83402,76306,159708,37.6189344509008,126.820864666736
202106,경의중앙선,덕소,125663,124751,250414,37.5868975781597,127.208819520604
202106,경의중앙선,도농,222215,200919,423134,37.6088256177708,127.161152955692
202106,경의중앙선,도심,56003,44359,100362,37.5796327348454,127.222654178048
202106,경의중앙선,디지털미디어시티,56881,54408,111289,37.5768239035855,126.899020186183
202106,경의중앙선,망우,168769,166043,334812,37.5992876153903,127.092756577852
202106,경의중앙선,문산,110842,110590,221432,37.854588695275,126.787595361922
202106,경의중앙선,백마,155311,149021,304332,37.6583237579557,126.794456622803
202106,경의중앙선,상봉,131877,131924,263801,37.5967093285386,127.085741817289
202106,경의중앙선,서강대,45647,43786,89433,37.5527051004675,126.934808313154
202106,경의중앙선,서울,94529,118828,213357,37.549118478341,126.970484281315
202106,경의중앙선,수색,64093,67044,131137,37.5808147253405,126.895659201671
202106,경의중앙선,신원,4648,4032,8680,37.5255305127415,127.372518999221
202106,경의중앙선,신촌,19124,23668,42792,37.5554417865984,126.936119192554
202106,경의중앙선,아신,11805,11964,23769,37.5136938387664,127.443105656936
202106,경의중앙선,야당,151478,148866,300344,37.7128499204904,126.761526821868
202106,경의중앙선,양수,42539,43396,85935,37.5457522473669,127.328842901585
202106,경의중앙선,양원,41207,40982,82189,37.606554361502,127.107921489043
202106,경의중앙선,양정,18322,15851,34173,37.6040110360008,127.194607323013
202106,경의중앙선,양평,61507,63874,125381,37.5255116853806,126.886865676125
202106,경의중앙선,오빈,6641,6367,13008,37.5034201426364,127.472779337041
202106,경의중앙선,용문,44498,44719,89217,37.4828215032131,127.593964601093
202106,경의중앙선,운길산,19373,18702,38075,37.5548032008651,127.309850206074
202106,경의중앙선,운정,148378,140199,288577,37.7254220154625,126.766908191096
202106,경의중앙선,원덕,8007,7759,15766,37.4689980743792,127.548481848278
202106,경의중앙선,월롱,55351,50698,106049,37.7961431510064,126.792204696676
202106,경의중앙선,일산,209041,207506,416547,37.6821407179955,126.769478094594
202106,경의중앙선,임진강,371,301,672,37.8885657915464,126.746995041436
202106,경의중앙선,중랑,123495,117324,240819,37.595012523673,127.074833812483
202106,경의중앙선,지평,1543,1722,3265,37.4763755008819,127.630041823792
202106,경의중앙선,탄현,169933,163414,333347,37.6939232739143,126.761038902542
202106,경의중앙선,파주,31885,22685,54570,37.8151635252393,126.792604079404
202106,경의중앙선,팔당,18933,18820,37753,37.546890022725,127.243831432648
202106,경의중앙선,풍산,123337,115854,239191,37.6723127365476,126.786451209886
202106,경의중앙선,행신,173738,173528,347266,37.6152819539218,126.84349267417
202106,경의중앙선,홍대입구,35795,39953,75748,37.5577458058734,126.926498328277
202106,경의중앙선,화전,40632,36973,77605,37.6033139647057,126.868385382583
202106,경의중앙선,회기,526474,508988,1035462,37.5897442387671,127.058035421223
202106,경의중앙선,효창공원앞,63555,72473,136028,37.5393766399926,126.961258439813
202107,경의중앙선,가좌,105597,99937,205534,37.5688870324193,126.915149791265
202107,경의중앙선,강매,62971,54316,117287,37.6124170870804,126.845066303327
202107,경의중앙선,계양,2,0,2,37.5716093704302,126.736023400683
202107,경의중앙선,곡산,11327,11573,22900,37.6455215922844,126.801703048195
202107,경의중앙선,공덕,68993,62455,131448,37.5428436189268,126.95133595616
202107,경의중앙선,구리,268350,273180,541530,37.603333764096,127.143610890921
202107,경의중앙선,국수,13414,13387,26801,37.5159971877418,127.399469211218
202107,경의중앙선,금릉,92237,89292,181529,37.7522266074194,126.765044092685
202107,경의중앙선,금촌,124283,123667,247950,37.7655567434097,126.773936400512
202107,경의중앙선,김포공항,1,0,1,37.562313207852,126.801278424065
202107,경의중앙선,능곡,73420,67337,140757,37.6189344509008,126.820864666736
202107,경의중앙선,덕소,113567,112961,226528,37.5868975781597,127.208819520604
202107,경의중앙선,도농,194808,179407,374215,37.6088256177708,127.161152955692
202107,경의중앙선,도심,48868,38407,87275,37.5796327348454,127.222654178048
202107,경의중앙선,디지털미디어시티,49120,46678,95798,37.5768239035855,126.899020186183
202107,경의중앙선,망우,150710,149683,300393,37.5992876153903,127.092756577852
202107,경의중앙선,문산,103497,102454,205951,37.854588695275,126.787595361922
202107,경의중앙선,백마,134951,130221,265172,37.6583237579557,126.794456622803
202107,경의중앙선,상봉,120565,119536,240101,37.5967093285386,127.085741817289
202107,경의중앙선,서강대,41851,39565,81416,37.5527051004675,126.934808313154
202107,경의중앙선,서울,83529,103139,186668,37.549118478341,126.970484281315
202107,경의중앙선,수색,54532,56031,110563,37.5808147253405,126.895659201671
202107,경의중앙선,신원,3886,3331,7217,37.5255305127415,127.372518999221
202107,경의중앙선,신촌,16901,20407,37308,37.5554417865984,126.936119192554
202107,경의중앙선,아신,10291,10710,21001,37.5136938387664,127.443105656936
202107,경의중앙선,야당,132879,128895,261774,37.7128499204904,126.761526821868
202107,경의중앙선,양수,40228,40715,80943,37.5457522473669,127.328842901585
202107,경의중앙선,양원,34159,34068,68227,37.606554361502,127.107921489043
202107,경의중앙선,양정,16893,14669,31562,37.6040110360008,127.194607323013
202107,경의중앙선,양평,53734,54960,108694,37.5255116853806,126.886865676125
202107,경의중앙선,오빈,5988,5910,11898,37.5034201426364,127.472779337041
202107,경의중앙선,용문,46550,47811,94361,37.4828215032131,127.593964601093
202107,경의중앙선,운길산,15482,14614,30096,37.5548032008651,127.309850206074
202107,경의중앙선,운정,129914,123105,253019,37.7254220154625,126.766908191096
202107,경의중앙선,원덕,6818,6641,13459,37.4689980743792,127.548481848278
202107,경의중앙선,월롱,45330,42331,87661,37.7961431510064,126.792204696676
202107,경의중앙선,일산,178464,179400,357864,37.6821407179955,126.769478094594
202107,경의중앙선,임진강,260,167,427,37.8885657915464,126.746995041436
202107,경의중앙선,중랑,113783,108072,221855,37.595012523673,127.074833812483
202107,경의중앙선,지평,1570,1709,3279,37.4763755008819,127.630041823792
202107,경의중앙선,탄현,149770,144511,294281,37.6939232739143,126.761038902542
202107,경의중앙선,파주,22523,15873,38396,37.8151635252393,126.792604079404
202107,경의중앙선,팔당,17744,17929,35673,37.546890022725,127.243831432648
202107,경의중앙선,풍산,107299,100572,207871,37.6723127365476,126.786451209886
202107,경의중앙선,행신,152582,155564,308146,37.6152819539218,126.84349267417
202107,경의중앙선,홍대입구,29408,32191,61599,37.5577458058734,126.926498328277
202107,경의중앙선,화전,29913,27683,57596,37.6033139647057,126.868385382583
202107,경의중앙선,회기,457471,440528,897999,37.5897442387671,127.058035421223
202107,경의중앙선,효창공원앞,56971,65773,122744,37.5393766399926,126.961258439813
202108,경의중앙선,가좌,100795,97176,197971,37.5688870324193,126.915149791265
202108,경의중앙선,강매,59867,52092,111959,37.6124170870804,126.845066303327
202108,경의중앙선,검암,3,0,3,37.5687914198721,126.675472176848
202108,경의중앙선,계양,5,0,5,37.5716093704302,126.736023400683
202108,경의중앙선,곡산,10999,11411,22410,37.6455215922844,126.801703048195
202108,경의중앙선,공덕,66004,59322,125326,37.5428436189268,126.95133595616
202108,경의중앙선,구리,252736,258807,511543,37.603333764096,127.143610890921
202108,경의중앙선,국수,13487,13365,26852,37.5159971877418,127.399469211218
202108,경의중앙선,금릉,88908,85843,174751,37.7522266074194,126.765044092685
202108,경의중앙선,금촌,120766,120293,241059,37.7655567434097,126.773936400512
202108,경의중앙선,능곡,71912,65917,137829,37.6189344509008,126.820864666736
202108,경의중앙선,덕소,108717,108840,217557,37.5868975781597,127.208819520604
202108,경의중앙선,도농,185996,171802,357798,37.6088256177708,127.161152955692
202108,경의중앙선,도심,46361,36407,82768,37.5796327348454,127.222654178048
202108,경의중앙선,디지털미디어시티,46327,43546,89873,37.5768239035855,126.899020186183
202108,경의중앙선,망우,145980,144799,290779,37.5992876153903,127.092756577852
202108,경의중앙선,문산,98814,97860,196674,37.854588695275,126.787595361922
202108,경의중앙선,백마,131490,128327,259817,37.6583237579557,126.794456622803
202108,경의중앙선,상봉,114441,114281,228722,37.5967093285386,127.085741817289
202108,경의중앙선,서강대,40810,39031,79841,37.5527051004675,126.934808313154
202108,경의중앙선,서울,78965,96044,175009,37.549118478341,126.970484281315
202108,경의중앙선,수색,50431,51112,101543,37.5808147253405,126.895659201671
202108,경의중앙선,신원,4035,3366,7401,37.5255305127415,127.372518999221
202108,경의중앙선,신촌,16284,19673,35957,37.5554417865984,126.936119192554
202108,경의중앙선,아신,10687,10713,21400,37.5136938387664,127.443105656936
202108,경의중앙선,야당,127583,124395,251978,37.7128499204904,126.761526821868
202108,경의중앙선,양수,38113,38775,76888,37.5457522473669,127.328842901585
202108,경의중앙선,양원,34250,34541,68791,37.606554361502,127.107921489043
202108,경의중앙선,양정,15656,13678,29334,37.6040110360008,127.194607323013
202108,경의중앙선,양평,52846,53415,106261,37.5255116853806,126.886865676125
202108,경의중앙선,오빈,5988,5892,11880,37.5034201426364,127.472779337041
202108,경의중앙선,용문,45166,44973,90139,37.4828215032131,127.593964601093
202108,경의중앙선,운길산,15342,14451,29793,37.5548032008651,127.309850206074
202108,경의중앙선,운정,124765,119157,243922,37.7254220154625,126.766908191096
202108,경의중앙선,원덕,6975,6535,13510,37.4689980743792,127.548481848278
202108,경의중앙선,월롱,43752,41652,85404,37.7961431510064,126.792204696676
202108,경의중앙선,일산,171011,172217,343228,37.6821407179955,126.769478094594
202108,경의중앙선,임진강,323,203,526,37.8885657915464,126.746995041436
202108,경의중앙선,중랑,110499,105260,215759,37.595012523673,127.074833812483
202108,경의중앙선,지평,1458,1529,2987,37.4763755008819,127.630041823792
202108,경의중앙선,탄현,143483,139161,282644,37.6939232739143,126.761038902542
202108,경의중앙선,파주,21642,15546,37188,37.8151635252393,126.792604079404
202108,경의중앙선,팔당,17828,18058,35886,37.546890022725,127.243831432648
202108,경의중앙선,풍산,104427,98042,202469,37.6723127365476,126.786451209886
202108,경의중앙선,행신,146240,149555,295795,37.6152819539218,126.84349267417
202108,경의중앙선,홍대입구,30319,33610,63929,37.5577458058734,126.926498328277
202108,경의중앙선,화전,28146,26105,54251,37.6033139647057,126.868385382583
202108,경의중앙선,회기,444480,434207,878687,37.5897442387671,127.058035421223
202108,경의중앙선,효창공원앞,54860,63725,118585,37.5393766399926,126.961258439813
202109,경의중앙선,가좌,103719,99101,202820,37.5688870324193,126.915149791265
202109,경의중앙선,강매,61861,53609,115470,37.6124170870804,126.845066303327
202109,경의중앙선,검암,2,0,2,37.5687914198721,126.675472176848
202109,경의중앙선,계양,2,0,2,37.5716093704302,126.736023400683
202109,경의중앙선,곡산,11736,12095,23831,37.6455215922844,126.801703048195
202109,경의중앙선,공덕,65702,60242,125944,37.5428436189268,126.95133595616
202109,경의중앙선,구리,256782,261656,518438,37.603333764096,127.143610890921
202109,경의중앙선,국수,15617,15295,30912,37.5159971877418,127.399469211218
202109,경의중앙선,금릉,92353,90092,182445,37.7522266074194,126.765044092685
202109,경의중앙선,금촌,127442,126842,254284,37.7655567434097,126.773936400512
202109,경의중앙선,능곡,74852,68377,143229,37.6189344509008,126.820864666736
202109,경의중앙선,덕소,112100,111748,223848,37.5868975781597,127.208819520604
202109,경의중앙선,도농,192236,176257,368493,37.6088256177708,127.161152955692
202109,경의중앙선,도심,47439,37570,85009,37.5796327348454,127.222654178048
202109,경의중앙선,디지털미디어시티,47764,44085,91849,37.5768239035855,126.899020186183
202109,경의중앙선,망우,150005,147644,297649,37.5992876153903,127.092756577852
202109,경의중앙선,문산,102524,101798,204322,37.854588695275,126.787595361922
202109,경의중앙선,백마,133842,129772,263614,37.6583237579557,126.794456622803
202109,경의중앙선,상봉,117335,116376,233711,37.5967093285386,127.085741817289
202109,경의중앙선,서강대,41215,39307,80522,37.5527051004675,126.934808313154
202109,경의중앙선,서울,77970,96239,174209,37.549118478341,126.970484281315
202109,경의중앙선,수색,50893,51953,102846,37.5808147253405,126.895659201671
202109,경의중앙선,신원,5742,5015,10757,37.5255305127415,127.372518999221
202109,경의중앙선,신촌,16419,20154,36573,37.5554417865984,126.936119192554
202109,경의중앙선,아신,11950,12028,23978,37.5136938387664,127.443105656936
202109,경의중앙선,야당,134282,131596,265878,37.7128499204904,126.761526821868
202109,경의중앙선,양수,40139,40424,80563,37.5457522473669,127.328842901585
202109,경의중앙선,양원,38339,38939,77278,37.606554361502,127.107921489043
202109,경의중앙선,양정,16359,14084,30443,37.6040110360008,127.194607323013
202109,경의중앙선,양평,59695,60041,119736,37.5255116853806,126.886865676125
202109,경의중앙선,오빈,6382,6305,12687,37.5034201426364,127.472779337041
202109,경의중앙선,용문,45558,44746,90304,37.4828215032131,127.593964601093
202109,경의중앙선,운길산,19117,18117,37234,37.5548032008651,127.309850206074
202109,경의중앙선,운정,130755,124195,254950,37.7254220154625,126.766908191096
202109,경의중앙선,원덕,7878,7412,15290,37.4689980743792,127.548481848278
202109,경의중앙선,월롱,48180,45930,94110,37.7961431510064,126.792204696676
202109,경의중앙선,일산,180070,179606,359676,37.6821407179955,126.769478094594
202109,경의중앙선,임진강,492,408,900,37.8885657915464,126.746995041436
202109,경의중앙선,중랑,112070,106292,218362,37.595012523673,127.074833812483
202109,경의중앙선,지평,1505,1713,3218,37.4763755008819,127.630041823792
202109,경의중앙선,탄현,147239,140908,288147,37.6939232739143,126.761038902542
202109,경의중앙선,파주,24687,17341,42028,37.8151635252393,126.792604079404
202109,경의중앙선,팔당,20118,20650,40768,37.546890022725,127.243831432648
202109,경의중앙선,풍산,107888,101382,209270,37.6723127365476,126.786451209886
202109,경의중앙선,행신,148616,150909,299525,37.6152819539218,126.84349267417
202109,경의중앙선,홍대입구,31127,34119,65246,37.5577458058734,126.926498328277
202109,경의중앙선,화전,32516,30064,62580,37.6033139647057,126.868385382583
202109,경의중앙선,회기,459692,448916,908608,37.5897442387671,127.058035421223
202109,경의중앙선,효창공원앞,54647,63469,118116,37.5393766399926,126.961258439813
202110,경의중앙선,가좌,107593,102645,210238,37.5688870324193,126.915149791265
202110,경의중앙선,강매,64692,55914,120606,37.6124170870804,126.845066303327
202110,경의중앙선,검암,1,0,1,37.5687914198721,126.675472176848
202110,경의중앙선,계양,7,0,7,37.5716093704302,126.736023400683
202110,경의중앙선,곡산,12467,13017,25484,37.6455215922844,126.801703048195
202110,경의중앙선,공덕,69362,64065,133427,37.5428436189268,126.95133595616
202110,경의중앙선,구리,272167,275052,547219,37.603333764096,127.143610890921
202110,경의중앙선,국수,16110,16000,32110,37.5159971877418,127.399469211218
202110,경의중앙선,금릉,96759,94361,191120,37.7522266074194,126.765044092685
202110,경의중앙선,금촌,130713,130894,261607,37.7655567434097,126.773936400512
202110,경의중앙선,김포공항,1,0,1,37.562313207852,126.801278424065
202110,경의중앙선,능곡,77696,71697,149393,37.6189344509008,126.820864666736
202110,경의중앙선,덕소,116147,116446,232593,37.5868975781597,127.208819520604
202110,경의중앙선,도농,204458,186219,390677,37.6088256177708,127.161152955692
202110,경의중앙선,도심,50341,39463,89804,37.5796327348454,127.222654178048
202110,경의중앙선,디지털미디어시티,50094,46720,96814,37.5768239035855,126.899020186183
202110,경의중앙선,망우,154627,152706,307333,37.5992876153903,127.092756577852
202110,경의중앙선,문산,104378,104043,208421,37.854588695275,126.787595361922
202110,경의중앙선,백마,141073,135712,276785,37.6583237579557,126.794456622803
202110,경의중앙선,상봉,122719,120867,243586,37.5967093285386,127.085741817289
202110,경의중앙선,서강대,42164,40103,82267,37.5527051004675,126.934808313154
202110,경의중앙선,서울,83261,104617,187878,37.549118478341,126.970484281315
202110,경의중앙선,수색,54365,56113,110478,37.5808147253405,126.895659201671
202110,경의중앙선,신원,4805,4088,8893,37.5255305127415,127.372518999221
202110,경의중앙선,신촌,16523,20652,37175,37.5554417865984,126.936119192554
202110,경의중앙선,아신,12176,12363,24539,37.5136938387664,127.443105656936
202110,경의중앙선,야당,144475,140104,284579,37.7128499204904,126.761526821868
202110,경의중앙선,양수,41684,42089,83773,37.5457522473669,127.328842901585
202110,경의중앙선,양원,41062,41352,82414,37.606554361502,127.107921489043
202110,경의중앙선,양정,17850,15792,33642,37.6040110360008,127.194607323013
202110,경의중앙선,양평,61409,61920,123329,37.5255116853806,126.886865676125
202110,경의중앙선,오빈,6526,6454,12980,37.5034201426364,127.472779337041
202110,경의중앙선,용문,48808,48440,97248,37.4828215032131,127.593964601093
202110,경의중앙선,운길산,19375,18477,37852,37.5548032008651,127.309850206074
202110,경의중앙선,운정,139519,133044,272563,37.7254220154625,126.766908191096
202110,경의중앙선,원덕,8017,7654,15671,37.4689980743792,127.548481848278
202110,경의중앙선,월롱,53909,51157,105066,37.7961431510064,126.792204696676
202110,경의중앙선,일산,189433,188382,377815,37.6821407179955,126.769478094594
202110,경의중앙선,임진강,334,296,630,37.8885657915464,126.746995041436
202110,경의중앙선,중랑,114036,108414,222450,37.595012523673,127.074833812483
202110,경의중앙선,지평,1465,1743,3208,37.4763755008819,127.630041823792
202110,경의중앙선,탄현,155521,148563,304084,37.6939232739143,126.761038902542
202110,경의중앙선,파주,29403,21009,50412,37.8151635252393,126.792604079404
202110,경의중앙선,팔당,19744,20503,40247,37.546890022725,127.243831432648
202110,경의중앙선,풍산,113849,106864,220713,37.6723127365476,126.786451209886
202110,경의중앙선,행신,157755,159355,317110,37.6152819539218,126.84349267417
202110,경의중앙선,홍대입구,31888,36321,68209,37.5577458058734,126.926498328277
202110,경의중앙선,화전,35482,32969,68451,37.6033139647057,126.868385382583
202110,경의중앙선,회기,481729,466020,947749,37.5897442387671,127.058035421223
202110,경의중앙선,효창공원앞,57552,66182,123734,37.5393766399926,126.961258439813
202111,경의중앙선,가좌,120174,113384,233558,37.5688870324193,126.915149791265
202111,경의중앙선,강매,72987,62500,135487,37.6124170870804,126.845066303327
202111,경의중앙선,검암,1,0,1,37.5687914198721,126.675472176848
202111,경의중앙선,계양,4,0,4,37.5716093704302,126.736023400683
202111,경의중앙선,곡산,13671,14227,27898,37.6455215922844,126.801703048195
202111,경의중앙선,공덕,79700,72468,152168,37.5428436189268,126.95133595616
202111,경의중앙선,구리,303447,303370,606817,37.603333764096,127.143610890921
202111,경의중앙선,국수,15518,15446,30964,37.5159971877418,127.399469211218
202111,경의중앙선,금릉,106663,102565,209228,37.7522266074194,126.765044092685
202111,경의중앙선,금촌,142072,140607,282679,37.7655567434097,126.773936400512
202111,경의중앙선,김포공항,1,0,1,37.562313207852,126.801278424065
202111,경의중앙선,능곡,85173,78050,163223,37.6189344509008,126.820864666736
202111,경의중앙선,덕소,126567,107193,233760,37.5868975781597,127.208819520604
202111,경의중앙선,도농,234811,209699,444510,37.6088256177708,127.161152955692
202111,경의중앙선,도심,54742,42000,96742,37.5796327348454,127.222654178048
202111,경의중앙선,디지털미디어시티,57120,52351,109471,37.5768239035855,126.899020186183
202111,경의중앙선,망우,170492,166937,337429,37.5992876153903,127.092756577852
202111,경의중앙선,문산,113088,111556,224644,37.854588695275,126.787595361922
202111,경의중앙선,백마,158054,149979,308033,37.6583237579557,126.794456622803
202111,경의중앙선,상봉,132541,130594,263135,37.5967093285386,127.085741817289
202111,경의중앙선,서강대,47118,46235,93353,37.5527051004675,126.934808313154
202111,경의중앙선,서울,98054,124958,223012,37.549118478341,126.970484281315
202111,경의중앙선,수색,62740,65349,128089,37.5808147253405,126.895659201671
202111,경의중앙선,신원,4012,3701,7713,37.5255305127415,127.372518999221
202111,경의중앙선,신촌,19429,24324,43753,37.5554417865984,126.936119192554
202111,경의중앙선,아신,11879,12227,24106,37.5136938387664,127.443105656936
202111,경의중앙선,야당,159913,155887,315800,37.7128499204904,126.761526821868
202111,경의중앙선,양수,40129,40469,80598,37.5457522473669,127.328842901585
202111,경의중앙선,양원,44977,44699,89676,37.606554361502,127.107921489043
202111,경의중앙선,양정,17363,15124,32487,37.6040110360008,127.194607323013
202111,경의중앙선,양평,60593,61722,122315,37.5255116853806,126.886865676125
202111,경의중앙선,오빈,6666,6514,13180,37.5034201426364,127.472779337041
202111,경의중앙선,용문,47080,47555,94635,37.4828215032131,127.593964601093
202111,경의중앙선,운길산,15676,14579,30255,37.5548032008651,127.309850206074
202111,경의중앙선,운정,157305,147107,304412,37.7254220154625,126.766908191096
202111,경의중앙선,원덕,7671,7534,15205,37.4689980743792,127.548481848278
202111,경의중앙선,월롱,61211,56154,117365,37.7961431510064,126.792204696676
202111,경의중앙선,일산,210849,207394,418243,37.6821407179955,126.769478094594
202111,경의중앙선,임진강,242,261,503,37.8885657915464,126.746995041436
202111,경의중앙선,중랑,124986,117787,242773,37.595012523673,127.074833812483
202111,경의중앙선,지평,1403,1543,2946,37.4763755008819,127.630041823792
202111,경의중앙선,탄현,175822,165432,341254,37.6939232739143,126.761038902542
202111,경의중앙선,파주,32720,23949,56669,37.8151635252393,126.792604079404
202111,경의중앙선,팔당,18107,18738,36845,37.546890022725,127.243831432648
202111,경의중앙선,풍산,125915,116918,242833,37.6723127365476,126.786451209886
202111,경의중앙선,행신,178730,178948,357678,37.6152819539218,126.84349267417
202111,경의중앙선,홍대입구,34649,41076,75725,37.5577458058734,126.926498328277
202111,경의중앙선,화전,41862,38341,80203,37.6033139647057,126.868385382583
202111,경의중앙선,회기,547593,527620,1075213,37.5897442387671,127.058035421223
202111,경의중앙선,효창공원앞,65021,74197,139218,37.5393766399926,126.961258439813
202112,경의중앙선,가좌,118326,112612,230938,37.5688870324193,126.915149791265
202112,경의중앙선,강매,71605,61714,133319,37.6124170870804,126.845066303327
202112,경의중앙선,검암,1,0,1,37.5687914198721,126.675472176848
202112,경의중앙선,계양,8,0,8,37.5716093704302,126.736023400683
202112,경의중앙선,곡산,12716,13445,26161,37.6455215922844,126.801703048195
202112,경의중앙선,공덕,79902,71723,151625,37.5428436189268,126.95133595616
202112,경의중앙선,구리,302141,304132,606273,37.603333764096,127.143610890921
202112,경의중앙선,국수,15471,15156,30627,37.5159971877418,127.399469211218
202112,경의중앙선,금릉,108121,104672,212793,37.7522266074194,126.765044092685
202112,경의중앙선,금촌,142868,142280,285148,37.7655567434097,126.773936400512
202112,경의중앙선,능곡,84775,77892,162667,37.6189344509008,126.820864666736
202112,경의중앙선,덕소,124062,122002,246064,37.5868975781597,127.208819520604
202112,경의중앙선,도농,237464,213995,451459,37.6088256177708,127.161152955692
202112,경의중앙선,도심,53722,41879,95601,37.5796327348454,127.222654178048
202112,경의중앙선,디지털미디어시티,55443,51855,107298,37.5768239035855,126.899020186183
202112,경의중앙선,망우,170337,169305,339642,37.5992876153903,127.092756577852
202112,경의중앙선,문산,112235,111034,223269,37.854588695275,126.787595361922
202112,경의중앙선,백마,154280,148141,302421,37.6583237579557,126.794456622803
202112,경의중앙선,상봉,130379,128862,259241,37.5967093285386,127.085741817289
202112,경의중앙선,서강대,47574,46276,93850,37.5527051004675,126.934808313154
202112,경의중앙선,서울,94942,120684,215626,37.549118478341,126.970484281315
202112,경의중앙선,수색,61842,63792,125634,37.5808147253405,126.895659201671
202112,경의중앙선,신원,4079,3717,7796,37.5255305127415,127.372518999221
202112,경의중앙선,신촌,18625,23149,41774,37.5554417865984,126.936119192554
202112,경의중앙선,아신,11015,11082,22097,37.5136938387664,127.443105656936
202112,경의중앙선,야당,161938,158128,320066,37.7128499204904,126.761526821868
202112,경의중앙선,양수,36968,37617,74585,37.5457522473669,127.328842901585
202112,경의중앙선,양원,46874,46354,93228,37.606554361502,127.107921489043
202112,경의중앙선,양정,15874,13587,29461,37.6040110360008,127.194607323013
202112,경의중앙선,양평,60712,61696,122408,37.5255116853806,126.886865676125
202112,경의중앙선,오빈,6180,6205,12385,37.5034201426364,127.472779337041
202112,경의중앙선,용문,36883,37291,74174,37.4828215032131,127.593964601093
202112,경의중앙선,운길산,13382,12332,25714,37.5548032008651,127.309850206074
202112,경의중앙선,운정,157414,149988,307402,37.7254220154625,126.766908191096
202112,경의중앙선,원덕,7015,6823,13838,37.4689980743792,127.548481848278
202112,경의중앙선,월롱,59593,52225,111818,37.7961431510064,126.792204696676
202112,경의중앙선,일산,211521,209901,421422,37.6821407179955,126.769478094594
202112,경의중앙선,임진강,206,166,372,37.8885657915464,126.746995041436
202112,경의중앙선,중랑,124768,117815,242583,37.595012523673,127.074833812483
202112,경의중앙선,지평,1335,1484,2819,37.4763755008819,127.630041823792
202112,경의중앙선,탄현,173440,165494,338934,37.6939232739143,126.761038902542
202112,경의중앙선,파주,30851,20639,51490,37.8151635252393,126.792604079404
202112,경의중앙선,팔당,17751,18545,36296,37.546890022725,127.243831432648
202112,경의중앙선,풍산,123646,115768,239414,37.6723127365476,126.786451209886
202112,경의중앙선,행신,175853,177590,353443,37.6152819539218,126.84349267417
202112,경의중앙선,홍대입구,37318,43950,81268,37.5577458058734,126.926498328277
202112,경의중앙선,화전,42013,37982,79995,37.6033139647057,126.868385382583
202112,경의중앙선,회기,540566,518337,1058903,37.5897442387671,127.058035421223
202112,경의중앙선,효창공원앞,66091,76308,142399,37.5393766399926,126.961258439813
202101,우이신설선,4.19민주묘지,44926,44102,89028,37.6494786329719,127.013478245674
202101,우이신설선,가오리,68464,70089,138553,37.641713417798,127.016940435565
202101,우이신설선,보문,25870,26105,51975,37.5847632748488,127.019790458317
202101,우이신설선,북한산보국문,100182,100493,200675,37.6121461272569,127.008208009279
202101,우이신설선,북한산우이,38936,35495,74431,37.6629661525542,127.012702176264
202101,우이신설선,삼양,35231,38142,73373,37.626835165677,127.018198221331
202101,우이신설선,삼양사거리,40223,42342,82565,37.6214280999689,127.020237295242
202101,우이신설선,성신여대입구,53012,57677,110689,37.5927179261346,127.016477649743
202101,우이신설선,솔밭공원,40355,40560,80915,37.6561546882896,127.013091650663
202101,우이신설선,솔샘,99364,95353,194717,37.6202522935181,127.013408969328
202101,우이신설선,신설동,38093,36005,74098,37.5762451837487,127.023278761358
202101,우이신설선,정릉,76482,74576,151058,37.6026876819314,127.013496185509
202101,우이신설선,화계,56538,54733,111271,37.6339304770753,127.0172978051
202102,우이신설선,4.19민주묘지,46863,45231,92094,37.6494786329719,127.013478245674
202102,우이신설선,가오리,69493,70021,139514,37.641713417798,127.016940435565
202102,우이신설선,보문,25758,26273,52031,37.5847632748488,127.019790458317
202102,우이신설선,북한산보국문,100995,98862,199857,37.6121461272569,127.008208009279
202102,우이신설선,북한산우이,41948,38397,80345,37.6629661525542,127.012702176264
202102,우이신설선,삼양,34949,37671,72620,37.626835165677,127.018198221331
202102,우이신설선,삼양사거리,40977,42670,83647,37.6214280999689,127.020237295242
202102,우이신설선,성신여대입구,55072,60889,115961,37.5927179261346,127.016477649743
202102,우이신설선,솔밭공원,41169,40125,81294,37.6561546882896,127.013091650663
202102,우이신설선,솔샘,99770,94398,194168,37.6202522935181,127.013408969328
202102,우이신설선,신설동,37557,36416,73973,37.5762451837487,127.023278761358
202102,우이신설선,정릉,77348,73452,150800,37.6026876819314,127.013496185509
202102,우이신설선,화계,57535,54824,112359,37.6339304770753,127.0172978051
202103,우이신설선,4.19민주묘지,65067,62902,127969,37.6494786329719,127.013478245674
202103,우이신설선,가오리,89265,88672,177937,37.641713417798,127.016940435565
202103,우이신설선,보문,33080,33414,66494,37.5847632748488,127.019790458317
202103,우이신설선,북한산보국문,131464,126403,257867,37.6121461272569,127.008208009279
202103,우이신설선,북한산우이,59297,54818,114115,37.6629661525542,127.012702176264
202103,우이신설선,삼양,44246,47556,91802,37.626835165677,127.018198221331
202103,우이신설선,삼양사거리,52600,54037,106637,37.6214280999689,127.020237295242
202103,우이신설선,성신여대입구,70369,77092,147461,37.5927179261346,127.016477649743
202103,우이신설선,솔밭공원,53442,51740,105182,37.6561546882896,127.013091650663
202103,우이신설선,솔샘,127021,119257,246278,37.6202522935181,127.013408969328
202103,우이신설선,신설동,49244,47862,97106,37.5762451837487,127.023278761358
202103,우이신설선,정릉,99467,94189,193656,37.6026876819314,127.013496185509
202103,우이신설선,화계,73534,69450,142984,37.6339304770753,127.0172978051
202104,우이신설선,4.19민주묘지,65667,63633,129300,37.6494786329719,127.013478245674
202104,우이신설선,가오리,89053,88341,177394,37.641713417798,127.016940435565
202104,우이신설선,보문,32297,32536,64833,37.5847632748488,127.019790458317
202104,우이신설선,북한산보국문,130235,124814,255049,37.6121461272569,127.008208009279
202104,우이신설선,북한산우이,61995,57218,119213,37.6629661525542,127.012702176264
202104,우이신설선,삼양,43819,46937,90756,37.626835165677,127.018198221331
202104,우이신설선,삼양사거리,51859,53888,105747,37.6214280999689,127.020237295242
202104,우이신설선,성신여대입구,68122,74620,142742,37.5927179261346,127.016477649743
202104,우이신설선,솔밭공원,52695,51040,103735,37.6561546882896,127.013091650663
202104,우이신설선,솔샘,123937,117155,241092,37.6202522935181,127.013408969328
202104,우이신설선,신설동,48486,47480,95966,37.5762451837487,127.023278761358
202104,우이신설선,정릉,98357,91975,190332,37.6026876819314,127.013496185509
202104,우이신설선,화계,72410,68353,140763,37.6339304770753,127.0172978051
202105,우이신설선,4.19민주묘지,61261,59047,120308,37.6494786329719,127.013478245674
202105,우이신설선,가오리,83224,82592,165816,37.641713417798,127.016940435565
202105,우이신설선,보문,30346,30499,60845,37.5847632748488,127.019790458317
202105,우이신설선,북한산보국문,121760,117445,239205,37.6121461272569,127.008208009279
202105,우이신설선,북한산우이,62508,58332,120840,37.6629661525542,127.012702176264
202105,우이신설선,삼양,41049,43871,84920,37.626835165677,127.018198221331
202105,우이신설선,삼양사거리,48812,50440,99252,37.6214280999689,127.020237295242
202105,우이신설선,성신여대입구,65055,71987,137042,37.5927179261346,127.016477649743
202105,우이신설선,솔밭공원,48832,47390,96222,37.6561546882896,127.013091650663
202105,우이신설선,솔샘,114724,107394,222118,37.6202522935181,127.013408969328
202105,우이신설선,신설동,44088,42902,86990,37.5762451837487,127.023278761358
202105,우이신설선,정릉,92715,85973,178688,37.6026876819314,127.013496185509
202105,우이신설선,화계,68981,64494,133475,37.6339304770753,127.0172978051
202106,우이신설선,4.19민주묘지,63403,61117,124520,37.6494786329719,127.013478245674
202106,우이신설선,가오리,91958,91436,183394,37.641713417798,127.016940435565
202106,우이신설선,보문,32507,32470,64977,37.5847632748488,127.019790458317
202106,우이신설선,북한산보국문,129217,124361,253578,37.6121461272569,127.008208009279
202106,우이신설선,북한산우이,58708,54179,112887,37.6629661525542,127.012702176264
202106,우이신설선,삼양,43977,47362,91339,37.626835165677,127.018198221331
202106,우이신설선,삼양사거리,52314,54295,106609,37.6214280999689,127.020237295242
202106,우이신설선,성신여대입구,68269,74894,143163,37.5927179261346,127.016477649743
202106,우이신설선,솔밭공원,54135,52236,106371,37.6561546882896,127.013091650663
202106,우이신설선,솔샘,125687,118568,244255,37.6202522935181,127.013408969328
202106,우이신설선,신설동,47951,46483,94434,37.5762451837487,127.023278761358
202106,우이신설선,정릉,99297,92119,191416,37.6026876819314,127.013496185509
202106,우이신설선,화계,72718,68635,141353,37.6339304770753,127.0172978051
202107,우이신설선,4.19민주묘지,56286,53787,110073,37.6494786329719,127.013478245674
202107,우이신설선,가오리,83246,84299,167545,37.641713417798,127.016940435565
202107,우이신설선,보문,29671,29614,59285,37.5847632748488,127.019790458317
202107,우이신설선,북한산보국문,115569,112027,227596,37.6121461272569,127.008208009279
202107,우이신설선,북한산우이,55014,50567,105581,37.6629661525542,127.012702176264
202107,우이신설선,삼양,40760,43894,84654,37.626835165677,127.018198221331
202107,우이신설선,삼양사거리,49735,50941,100676,37.6214280999689,127.020237295242
202107,우이신설선,성신여대입구,62020,67591,129611,37.5927179261346,127.016477649743
202107,우이신설선,솔밭공원,49544,48722,98266,37.6561546882896,127.013091650663
202107,우이신설선,솔샘,112367,106901,219268,37.6202522935181,127.013408969328
202107,우이신설선,신설동,43525,41182,84707,37.5762451837487,127.023278761358
202107,우이신설선,정릉,88368,82968,171336,37.6026876819314,127.013496185509
202107,우이신설선,화계,67120,63427,130547,37.6339304770753,127.0172978051
202108,우이신설선,4.19민주묘지,54442,51840,106282,37.6494786329719,127.013478245674
202108,우이신설선,가오리,81582,82347,163929,37.641713417798,127.016940435565
202108,우이신설선,보문,28507,27902,56409,37.5847632748488,127.019790458317
202108,우이신설선,북한산보국문,109897,106786,216683,37.6121461272569,127.008208009279
202108,우이신설선,북한산우이,53899,50231,104130,37.6629661525542,127.012702176264
202108,우이신설선,삼양,38677,41962,80639,37.626835165677,127.018198221331
202108,우이신설선,삼양사거리,48374,49926,98300,37.6214280999689,127.020237295242
202108,우이신설선,성신여대입구,59836,64957,124793,37.5927179261346,127.016477649743
202108,우이신설선,솔밭공원,47576,46774,94350,37.6561546882896,127.013091650663
202108,우이신설선,솔샘,107026,102220,209246,37.6202522935181,127.013408969328
202108,우이신설선,신설동,40920,38869,79789,37.5762451837487,127.023278761358
202108,우이신설선,정릉,84930,78824,163754,37.6026876819314,127.013496185509
202108,우이신설선,화계,65073,62129,127202,37.6339304770753,127.0172978051
202109,우이신설선,4.19민주묘지,57336,54551,111887,37.6494786329719,127.013478245674
202109,우이신설선,가오리,82190,82187,164377,37.641713417798,127.016940435565
202109,우이신설선,보문,29793,29385,59178,37.5847632748488,127.019790458317
202109,우이신설선,북한산보국문,114440,111210,225650,37.6121461272569,127.008208009279
202109,우이신설선,북한산우이,55598,51985,107583,37.6629661525542,127.012702176264
202109,우이신설선,삼양,40068,43107,83175,37.626835165677,127.018198221331
202109,우이신설선,삼양사거리,50227,50741,100968,37.6214280999689,127.020237295242
202109,우이신설선,성신여대입구,61813,67017,128830,37.5927179261346,127.016477649743
202109,우이신설선,솔밭공원,48254,47363,95617,37.6561546882896,127.013091650663
202109,우이신설선,솔샘,109934,104031,213965,37.6202522935181,127.013408969328
202109,우이신설선,신설동,42663,41455,84118,37.5762451837487,127.023278761358
202109,우이신설선,정릉,89231,81522,170753,37.6026876819314,127.013496185509
202109,우이신설선,화계,67531,63565,131096,37.6339304770753,127.0172978051
202110,우이신설선,4.19민주묘지,58867,55935,114802,37.6494786329719,127.013478245674
202110,우이신설선,가오리,84400,83524,167924,37.641713417798,127.016940435565
202110,우이신설선,보문,30298,30253,60551,37.5847632748488,127.019790458317
202110,우이신설선,북한산보국문,118363,113529,231892,37.6121461272569,127.008208009279
202110,우이신설선,북한산우이,58453,53497,111950,37.6629661525542,127.012702176264
202110,우이신설선,삼양,40694,43146,83840,37.626835165677,127.018198221331
202110,우이신설선,삼양사거리,50698,51097,101795,37.6214280999689,127.020237295242
202110,우이신설선,성신여대입구,64435,69612,134047,37.5927179261346,127.016477649743
202110,우이신설선,솔밭공원,49300,47451,96751,37.6561546882896,127.013091650663
202110,우이신설선,솔샘,114343,107445,221788,37.6202522935181,127.013408969328
202110,우이신설선,신설동,43210,42289,85499,37.5762451837487,127.023278761358
202110,우이신설선,정릉,92881,84047,176928,37.6026876819314,127.013496185509
202110,우이신설선,화계,68974,65112,134086,37.6339304770753,127.0172978051
202111,우이신설선,4.19민주묘지,63811,60730,124541,37.6494786329719,127.013478245674
202111,우이신설선,가오리,91407,89550,180957,37.641713417798,127.016940435565
202111,우이신설선,보문,33218,33076,66294,37.5847632748488,127.019790458317
202111,우이신설선,북한산보국문,132131,123780,255911,37.6121461272569,127.008208009279
202111,우이신설선,북한산우이,61887,55930,117817,37.6629661525542,127.012702176264
202111,우이신설선,삼양,44558,46536,91094,37.626835165677,127.018198221331
202111,우이신설선,삼양사거리,53578,54046,107624,37.6214280999689,127.020237295242
202111,우이신설선,성신여대입구,72995,79990,152985,37.5927179261346,127.016477649743
202111,우이신설선,솔밭공원,54476,51672,106148,37.6561546882896,127.013091650663
202111,우이신설선,솔샘,130057,119804,249861,37.6202522935181,127.013408969328
202111,우이신설선,신설동,47544,46706,94250,37.5762451837487,127.023278761358
202111,우이신설선,정릉,103760,94249,198009,37.6026876819314,127.013496185509
202111,우이신설선,화계,75052,70109,145161,37.6339304770753,127.0172978051
202112,우이신설선,4.19민주묘지,62785,59961,122746,37.6494786329719,127.013478245674
202112,우이신설선,가오리,91408,90661,182069,37.641713417798,127.016940435565
202112,우이신설선,보문,33546,33671,67217,37.5847632748488,127.019790458317
202112,우이신설선,북한산보국문,133065,127222,260287,37.6121461272569,127.008208009279
202112,우이신설선,북한산우이,57269,51177,108446,37.6629661525542,127.012702176264
202112,우이신설선,삼양,45380,48535,93915,37.626835165677,127.018198221331
202112,우이신설선,삼양사거리,54451,55222,109673,37.6214280999689,127.020237295242
202112,우이신설선,성신여대입구,73633,80443,154076,37.5927179261346,127.016477649743
202112,우이신설선,솔밭공원,54791,52363,107154,37.6561546882896,127.013091650663
202112,우이신설선,솔샘,130202,121744,251946,37.6202522935181,127.013408969328
202112,우이신설선,신설동,46997,45739,92736,37.5762451837487,127.023278761358
202112,우이신설선,정릉,102888,94609,197497,37.6026876819314,127.013496185509
202112,우이신설선,화계,75575,70726,146301,37.6339304770753,127.0172978051
202101,경춘선,가평,21504,21425,42929,37.8142501843797,127.511017051625
202101,경춘선,갈매,52277,46439,98716,37.6339772561856,127.114708032421
202101,경춘선,강촌,4511,4582,9093,37.8058064415298,127.634125952836
202101,경춘선,굴봉산,1306,1417,2723,37.8321010361171,127.557660392646
202101,경춘선,금곡,25725,24356,50081,37.6332724810872,127.202628598035
202101,경춘선,김유정,3346,3335,6681,37.81963260788,127.716616948432
202101,경춘선,남춘천,34744,35460,70204,37.8640443861226,127.723915185217
202101,경춘선,대성리,7032,6082,13114,37.6840857391866,127.379235925376
202101,경춘선,마석,62504,61965,124469,37.6523558892506,127.311850178148
202101,경춘선,백양리,2677,2430,5107,37.830833476156,127.589196393763
202101,경춘선,별내,45197,44938,90135,37.6421997379186,127.12726521217
202101,경춘선,사릉,57984,56900,114884,37.6515252056783,127.17693293409
202101,경춘선,상천,3310,3047,6357,37.7701212332923,127.454481962908
202101,경춘선,신내,25227,25446,50673,37.6100945305971,127.110257980303
202101,경춘선,천마산,26731,25363,52094,37.6595591008046,127.285603649115
202101,경춘선,청평,20732,20566,41298,37.7355360346828,127.426649292956
202101,경춘선,춘천,17132,16150,33282,37.8846680007615,127.717003832754
202101,경춘선,퇴계원,62493,59198,121691,37.6482373139625,127.144404953155
202101,경춘선,평내호평,102069,100777,202846,37.6532330134255,127.244434272129
202102,경춘선,가평,24657,25054,49711,37.8142501843797,127.511017051625
202102,경춘선,갈매,51877,45792,97669,37.6339772561856,127.114708032421
202102,경춘선,강촌,5106,5127,10233,37.8058064415298,127.634125952836
202102,경춘선,굴봉산,1543,1691,3234,37.8321010361171,127.557660392646
202102,경춘선,금곡,25915,24492,50407,37.6332724810872,127.202628598035
202102,경춘선,김유정,4322,4454,8776,37.81963260788,127.716616948432
202102,경춘선,남춘천,36684,38518,75202,37.8640443861226,127.723915185217
202102,경춘선,대성리,7512,6635,14147,37.6840857391866,127.379235925376
202102,경춘선,마석,65317,64047,129364,37.6523558892506,127.311850178148
202102,경춘선,백양리,3461,3110,6571,37.830833476156,127.589196393763
202102,경춘선,별내,45513,44768,90281,37.6421997379186,127.12726521217
202102,경춘선,사릉,56829,54845,111674,37.6515252056783,127.17693293409
202102,경춘선,상천,3689,3445,7134,37.7701212332923,127.454481962908
202102,경춘선,신내,25512,25542,51054,37.6100945305971,127.110257980303
202102,경춘선,천마산,27752,26191,53943,37.6595591008046,127.285603649115
202102,경춘선,청평,23893,23956,47849,37.7355360346828,127.426649292956
202102,경춘선,춘천,19423,18386,37809,37.8846680007615,127.717003832754
202102,경춘선,퇴계원,62731,58533,121264,37.6482373139625,127.144404953155
202102,경춘선,평내호평,104918,102995,207913,37.6532330134255,127.244434272129
202103,경춘선,가평,30477,30434,60911,37.8142501843797,127.511017051625
202103,경춘선,갈매,69600,60756,130356,37.6339772561856,127.114708032421
202103,경춘선,강촌,8706,8694,17400,37.8058064415298,127.634125952836
202103,경춘선,굴봉산,2707,2632,5339,37.8321010361171,127.557660392646
202103,경춘선,금곡,35399,34025,69424,37.6332724810872,127.202628598035
202103,경춘선,김유정,5911,6102,12013,37.81963260788,127.716616948432
202103,경춘선,남춘천,51607,50962,102569,37.8640443861226,127.723915185217
202103,경춘선,대성리,10851,9436,20287,37.6840857391866,127.379235925376
202103,경춘선,마석,87765,87006,174771,37.6523558892506,127.311850178148
202103,경춘선,백양리,1515,1469,2984,37.830833476156,127.589196393763
202103,경춘선,별내,61522,59575,121097,37.6421997379186,127.12726521217
202103,경춘선,사릉,79203,75026,154229,37.6515252056783,127.17693293409
202103,경춘선,상천,6306,5997,12303,37.7701212332923,127.454481962908
202103,경춘선,신내,36736,37224,73960,37.6100945305971,127.110257980303
202103,경춘선,천마산,37343,34919,72262,37.6595591008046,127.285603649115
202103,경춘선,청평,32506,32642,65148,37.7355360346828,127.426649292956
202103,경춘선,춘천,32335,29251,61586,37.8846680007615,127.717003832754
202103,경춘선,퇴계원,81167,75617,156784,37.6482373139625,127.144404953155
202103,경춘선,평내호평,141799,140701,282500,37.6532330134255,127.244434272129
202104,경춘선,가평,34179,34700,68879,37.8142501843797,127.511017051625
202104,경춘선,갈매,69644,60626,130270,37.6339772561856,127.114708032421
202104,경춘선,강촌,11187,11209,22396,37.8058064415298,127.634125952836
202104,경춘선,굴봉산,4589,4604,9193,37.8321010361171,127.557660392646
202104,경춘선,금곡,35340,34086,69426,37.6332724810872,127.202628598035
202104,경춘선,김유정,6632,7203,13835,37.81963260788,127.716616948432
202104,경춘선,남춘천,52912,52947,105859,37.8640443861226,127.723915185217
202104,경춘선,대성리,13503,12430,25933,37.6840857391866,127.379235925376
202104,경춘선,마석,90449,89537,179986,37.6523558892506,127.311850178148
202104,경춘선,백양리,2340,2351,4691,37.830833476156,127.589196393763
202104,경춘선,별내,64292,62086,126378,37.6421997379186,127.12726521217
202104,경춘선,사릉,79932,76339,156271,37.6515252056783,127.17693293409
202104,경춘선,상천,8170,7786,15956,37.7701212332923,127.454481962908
202104,경춘선,신내,37900,38634,76534,37.6100945305971,127.110257980303
202104,경춘선,천마산,38285,35935,74220,37.6595591008046,127.285603649115
202104,경춘선,청평,34879,35521,70400,37.7355360346828,127.426649292956
202104,경춘선,춘천,33051,29833,62884,37.8846680007615,127.717003832754
202104,경춘선,퇴계원,81742,75916,157658,37.6482373139625,127.144404953155
202104,경춘선,평내호평,142958,141653,284611,37.6532330134255,127.244434272129
202105,경춘선,가평,34694,34924,69618,37.8142501843797,127.511017051625
202105,경춘선,갈매,64491,56296,120787,37.6339772561856,127.114708032421
202105,경춘선,강촌,10688,10229,20917,37.8058064415298,127.634125952836
202105,경춘선,굴봉산,3402,3505,6907,37.8321010361171,127.557660392646
202105,경춘선,금곡,32902,31801,64703,37.6332724810872,127.202628598035
202105,경춘선,김유정,7069,7840,14909,37.81963260788,127.716616948432
202105,경춘선,남춘천,49284,50123,99407,37.8640443861226,127.723915185217
202105,경춘선,대성리,11588,10092,21680,37.6840857391866,127.379235925376
202105,경춘선,마석,84387,83054,167441,37.6523558892506,127.311850178148
202105,경춘선,백양리,2122,2083,4205,37.830833476156,127.589196393763
202105,경춘선,별내,62846,60068,122914,37.6421997379186,127.12726521217
202105,경춘선,사릉,73198,69413,142611,37.6515252056783,127.17693293409
202105,경춘선,상천,6519,6145,12664,37.7701212332923,127.454481962908
202105,경춘선,신내,35404,35576,70980,37.6100945305971,127.110257980303
202105,경춘선,천마산,35927,33951,69878,37.6595591008046,127.285603649115
202105,경춘선,청평,33800,33873,67673,37.7355360346828,127.426649292956
202105,경춘선,춘천,32370,29151,61521,37.8846680007615,127.717003832754
202105,경춘선,퇴계원,76348,70102,146450,37.6482373139625,127.144404953155
202105,경춘선,평내호평,131763,129614,261377,37.6532330134255,127.244434272129
202106,경춘선,가평,38678,39542,78220,37.8142501843797,127.511017051625
202106,경춘선,갈매,70692,61402,132094,37.6339772561856,127.114708032421
202106,경춘선,강촌,9628,9636,19264,37.8058064415298,127.634125952836
202106,경춘선,굴봉산,3142,3123,6265,37.8321010361171,127.557660392646
202106,경춘선,금곡,34679,33500,68179,37.6332724810872,127.202628598035
202106,경춘선,김유정,6262,6793,13055,37.81963260788,127.716616948432
202106,경춘선,남춘천,51447,52274,103721,37.8640443861226,127.723915185217
202106,경춘선,대성리,11692,10428,22120,37.6840857391866,127.379235925376
202106,경춘선,마석,88917,87435,176352,37.6523558892506,127.311850178148
202106,경춘선,백양리,1764,1808,3572,37.830833476156,127.589196393763
202106,경춘선,별내,68644,65491,134135,37.6421997379186,127.12726521217
202106,경춘선,사릉,77455,73930,151385,37.6515252056783,127.17693293409
202106,경춘선,상천,6113,5781,11894,37.7701212332923,127.454481962908
202106,경춘선,신내,38074,38295,76369,37.6100945305971,127.110257980303
202106,경춘선,천마산,37990,35553,73543,37.6595591008046,127.285603649115
202106,경춘선,청평,36030,35618,71648,37.7355360346828,127.426649292956
202106,경춘선,춘천,30272,27487,57759,37.8846680007615,127.717003832754
202106,경춘선,퇴계원,81231,75086,156317,37.6482373139625,127.144404953155
202106,경춘선,평내호평,139674,137644,277318,37.6532330134255,127.244434272129
202107,경춘선,가평,38196,39084,77280,37.8142501843797,127.511017051625
202107,경춘선,갈매,62000,54460,116460,37.6339772561856,127.114708032421
202107,경춘선,강촌,9794,9946,19740,37.8058064415298,127.634125952836
202107,경춘선,굴봉산,3210,3102,6312,37.8321010361171,127.557660392646
202107,경춘선,금곡,30258,29299,59557,37.6332724810872,127.202628598035
202107,경춘선,김유정,6067,6438,12505,37.81963260788,127.716616948432
202107,경춘선,남춘천,45592,47755,93347,37.8640443861226,127.723915185217
202107,경춘선,대성리,10502,9413,19915,37.6840857391866,127.379235925376
202107,경춘선,마석,76866,76525,153391,37.6523558892506,127.311850178148
202107,경춘선,백양리,2582,2441,5023,37.830833476156,127.589196393763
202107,경춘선,별내,62372,60489,122861,37.6421997379186,127.12726521217
202107,경춘선,사릉,66835,64442,131277,37.6515252056783,127.17693293409
202107,경춘선,상천,5595,5345,10940,37.7701212332923,127.454481962908
202107,경춘선,신내,33395,32803,66198,37.6100945305971,127.110257980303
202107,경춘선,천마산,34027,31834,65861,37.6595591008046,127.285603649115
202107,경춘선,청평,32563,32175,64738,37.7355360346828,127.426649292956
202107,경춘선,춘천,25367,23351,48718,37.8846680007615,127.717003832754
202107,경춘선,퇴계원,73358,68110,141468,37.6482373139625,127.144404953155
202107,경춘선,평내호평,123255,121658,244913,37.6532330134255,127.244434272129
202108,경춘선,가평,39494,39452,78946,37.8142501843797,127.511017051625
202108,경춘선,갈매,57891,51305,109196,37.6339772561856,127.114708032421
202108,경춘선,강촌,11191,10995,22186,37.8058064415298,127.634125952836
202108,경춘선,굴봉산,3213,2807,6020,37.8321010361171,127.557660392646
202108,경춘선,금곡,28897,27940,56837,37.6332724810872,127.202628598035
202108,경춘선,김유정,6495,6960,13455,37.81963260788,127.716616948432
202108,경춘선,남춘천,46189,48080,94269,37.8640443861226,127.723915185217
202108,경춘선,대성리,10258,9076,19334,37.6840857391866,127.379235925376
202108,경춘선,마석,75044,75015,150059,37.6523558892506,127.311850178148
202108,경춘선,백양리,2615,2243,4858,37.830833476156,127.589196393763
202108,경춘선,별내,59641,57976,117617,37.6421997379186,127.12726521217
202108,경춘선,사릉,63019,61843,124862,37.6515252056783,127.17693293409
202108,경춘선,상천,5434,4981,10415,37.7701212332923,127.454481962908
202108,경춘선,신내,33078,32022,65100,37.6100945305971,127.110257980303
202108,경춘선,천마산,32966,31060,64026,37.6595591008046,127.285603649115
202108,경춘선,청평,31705,30963,62668,37.7355360346828,127.426649292956
202108,경춘선,춘천,27229,24816,52045,37.8846680007615,127.717003832754
202108,경춘선,퇴계원,69873,65661,135534,37.6482373139625,127.144404953155
202108,경춘선,평내호평,118539,116225,234764,37.6532330134255,127.244434272129
202109,경춘선,가평,35794,35648,71442,37.8142501843797,127.511017051625
202109,경춘선,갈매,59850,52357,112207,37.6339772561856,127.114708032421
202109,경춘선,강촌,10231,9883,20114,37.8058064415298,127.634125952836
202109,경춘선,굴봉산,2977,2839,5816,37.8321010361171,127.557660392646
202109,경춘선,금곡,30793,30074,60867,37.6332724810872,127.202628598035
202109,경춘선,김유정,6723,7291,14014,37.81963260788,127.716616948432
202109,경춘선,남춘천,50618,49827,100445,37.8640443861226,127.723915185217
202109,경춘선,대성리,11493,10447,21940,37.6840857391866,127.379235925376
202109,경춘선,마석,79560,78909,158469,37.6523558892506,127.311850178148
202109,경춘선,백양리,1842,1822,3664,37.830833476156,127.589196393763
202109,경춘선,별내,62392,59841,122233,37.6421997379186,127.12726521217
202109,경춘선,사릉,67624,65442,133066,37.6515252056783,127.17693293409
202109,경춘선,상천,6770,6363,13133,37.7701212332923,127.454481962908
202109,경춘선,신내,36499,35270,71769,37.6100945305971,127.110257980303
202109,경춘선,천마산,34609,32462,67071,37.6595591008046,127.285603649115
202109,경춘선,청평,33618,33026,66644,37.7355360346828,127.426649292956
202109,경춘선,춘천,33065,28870,61935,37.8846680007615,127.717003832754
202109,경춘선,퇴계원,72307,67004,139311,37.6482373139625,127.144404953155
202109,경춘선,평내호평,123635,120520,244155,37.6532330134255,127.244434272129
202110,경춘선,가평,39627,39629,79256,37.8142501843797,127.511017051625
202110,경춘선,갈매,64229,55437,119666,37.6339772561856,127.114708032421
202110,경춘선,강촌,11321,11122,22443,37.8058064415298,127.634125952836
202110,경춘선,굴봉산,2949,2716,5665,37.8321010361171,127.557660392646
202110,경춘선,금곡,32079,31135,63214,37.6332724810872,127.202628598035
202110,경춘선,김유정,7279,7933,15212,37.81963260788,127.716616948432
202110,경춘선,남춘천,55626,55951,111577,37.8640443861226,127.723915185217
202110,경춘선,대성리,10935,9753,20688,37.6840857391866,127.379235925376
202110,경춘선,마석,82573,82069,164642,37.6523558892506,127.311850178148
202110,경춘선,백양리,1853,1767,3620,37.830833476156,127.589196393763
202110,경춘선,별내,67731,64116,131847,37.6421997379186,127.12726521217
202110,경춘선,사릉,71925,68289,140214,37.6515252056783,127.17693293409
202110,경춘선,상천,6089,5802,11891,37.7701212332923,127.454481962908
202110,경춘선,신내,40483,39237,79720,37.6100945305971,127.110257980303
202110,경춘선,천마산,35289,33046,68335,37.6595591008046,127.285603649115
202110,경춘선,청평,33530,33472,67002,37.7355360346828,127.426649292956
202110,경춘선,춘천,34882,30387,65269,37.8846680007615,127.717003832754
202110,경춘선,퇴계원,74637,68840,143477,37.6482373139625,127.144404953155
202110,경춘선,평내호평,128443,125004,253447,37.6532330134255,127.244434272129
202111,경춘선,가평,37400,38057,75457,37.8142501843797,127.511017051625
202111,경춘선,갈매,70320,60239,130559,37.6339772561856,127.114708032421
202111,경춘선,강촌,10189,9952,20141,37.8058064415298,127.634125952836
202111,경춘선,굴봉산,2749,2645,5394,37.8321010361171,127.557660392646
202111,경춘선,금곡,34031,32560,66591,37.6332724810872,127.202628598035
202111,경춘선,김유정,6703,7264,13967,37.81963260788,127.716616948432
202111,경춘선,남춘천,55052,55796,110848,37.8640443861226,127.723915185217
202111,경춘선,대성리,10550,10000,20550,37.6840857391866,127.379235925376
202111,경춘선,마석,88180,86491,174671,37.6523558892506,127.311850178148
202111,경춘선,백양리,1727,1713,3440,37.830833476156,127.589196393763
202111,경춘선,별내,75980,70780,146760,37.6421997379186,127.12726521217
202111,경춘선,사릉,78501,73955,152456,37.6515252056783,127.17693293409
202111,경춘선,상천,5546,5306,10852,37.7701212332923,127.454481962908
202111,경춘선,신내,45909,43478,89387,37.6100945305971,127.110257980303
202111,경춘선,천마산,37692,34204,71896,37.6595591008046,127.285603649115
202111,경춘선,청평,33323,33370,66693,37.7355360346828,127.426649292956
202111,경춘선,춘천,34117,30548,64665,37.8846680007615,127.717003832754
202111,경춘선,퇴계원,81981,74585,156566,37.6482373139625,127.144404953155
202111,경춘선,평내호평,139905,135391,275296,37.6532330134255,127.244434272129
202112,경춘선,가평,32502,33761,66263,37.8142501843797,127.511017051625
202112,경춘선,갈매,69600,60219,129819,37.6339772561856,127.114708032421
202112,경춘선,강촌,8528,8617,17145,37.8058064415298,127.634125952836
202112,경춘선,굴봉산,2443,2676,5119,37.8321010361171,127.557660392646
202112,경춘선,금곡,33595,32121,65716,37.6332724810872,127.202628598035
202112,경춘선,김유정,6680,6899,13579,37.81963260788,127.716616948432
202112,경춘선,남춘천,52000,52364,104364,37.8640443861226,127.723915185217
202112,경춘선,대성리,9586,8867,18453,37.6840857391866,127.379235925376
202112,경춘선,마석,85132,83947,169079,37.6523558892506,127.311850178148
202112,경춘선,백양리,4467,4255,8722,37.830833476156,127.589196393763
202112,경춘선,별내,75911,71296,147207,37.6421997379186,127.12726521217
202112,경춘선,사릉,76036,72557,148593,37.6515252056783,127.17693293409
202112,경춘선,상천,4643,4377,9020,37.7701212332923,127.454481962908
202112,경춘선,신내,47074,44251,91325,37.6100945305971,127.110257980303
202112,경춘선,천마산,36681,33960,70641,37.6595591008046,127.285603649115
202112,경춘선,청평,32486,32304,64790,37.7355360346828,127.426649292956
202112,경춘선,춘천,29001,25947,54948,37.8846680007615,127.717003832754
202112,경춘선,퇴계원,81044,74112,155156,37.6482373139625,127.144404953155
202112,경춘선,평내호평,136727,133472,270199,37.6532330134255,127.244434272129
