사용일자,호선명,지하철역,승차총승객수,하차총승객수,승하차총승객수
20210102,1호선,가능,3054,2896,5950
20210102,1호선,가산디지털단지,2882,4278,7160
20210102,1호선,간석,2425,2241,4666
20210102,1호선,개봉,8901,8849,17750
20210102,1호선,검암,2453,2469,4922
20210102,1호선,계양,3031,3034,6065
20210102,1호선,공덕,669,968,1637
20210102,1호선,공항화물청사,1000,1059,2059
20210102,1호선,관악,3139,2932,6071
20210102,1호선,광명,1109,840,1949
20210102,1호선,광운대,3172,3125,6297
20210102,1호선,구로,6720,6934,13654
20210102,1호선,구일,2172,2235,4407
20210102,1호선,군포,2314,2305,4619
20210102,1호선,금정,9649,9671,19320
20210102,1호선,금천구청,4336,4334,8670
20210102,1호선,김포공항,5590,2573,8163
20210102,1호선,남영,2809,3091,5900
20210102,1호선,노량진,4195,4115,8310
20210102,1호선,녹양,1952,1956,3908
20210102,1호선,녹천,2035,1729,3764
20210102,1호선,당정,2110,2008,4118
20210102,1호선,대방,3911,3934,7845
20210102,1호선,덕계,1132,1034,2166
20210102,1호선,덕정,2270,2205,4475
20210102,1호선,도봉,2726,2563,5289
20210102,1호선,도봉산,5859,3861,9720
20210102,1호선,도원,1205,1281,2486
20210102,1호선,도화,1807,1638,3445
20210102,1호선,독산,4358,4480,8838
20210102,1호선,동대문,5624,5478,11102
20210102,1호선,동두천,762,937,1699
20210102,1호선,동두천중앙,1499,1503,3002
20210102,1호선,동묘앞,7075,7283,14358
20210102,1호선,동암,7320,7422,14742
20210102,1호선,동인천,6559,6479,13038
20210102,1호선,두정,2363,2571,4934
20210102,1호선,디지털미디어시티,2435,2360,4795
20210102,1호선,마곡나루,1084,1149,2233
20210102,1호선,망월사,3158,3235,6393
20210102,1호선,명학,2458,2389,4847
20210102,1호선,방학,4326,4290,8616
20210102,1호선,배방,408,407,815
20210102,1호선,백운,3149,3086,6235
20210102,1호선,병점,5402,5754,11156
20210102,1호선,보산,934,900,1834
20210102,1호선,봉명,411,375,786
20210102,1호선,부개,3487,3347,6834
20210102,1호선,부천,16718,16978,33696
20210102,1호선,부평,16218,17379,33597
20210102,1호선,서동탄,491,480,971
20210102,1호선,서빙고,707,611,1318
20210102,1호선,서울,18266,14041,32307
20210102,1호선,서정리,2572,2788,5360
20210102,1호선,석계,3556,3848,7404
20210102,1호선,석수,3594,3550,7144
20210102,1호선,성균관대,4958,5081,10039
20210102,1호선,성환,1498,1565,3063
20210102,1호선,세류,1187,1246,2433
20210102,1호선,세마,1006,966,1972
20210102,1호선,소사,4045,3650,7695
20210102,1호선,소요산,2090,1770,3860
20210102,1호선,송내,9715,9377,19092
20210102,1호선,송탄,2187,2166,4353
20210102,1호선,수원,18845,19061,37906
20210102,1호선,시청,4165,3871,8036
20210102,1호선,신길,3240,2848,6088
20210102,1호선,신도림,1292,1375,2667
20210102,1호선,신설동,5013,4977,9990
20210102,1호선,신이문,3548,3314,6862
20210102,1호선,신창,425,447,872
20210102,1호선,쌍용,773,703,1476
20210102,1호선,아산,1344,1102,2446
20210102,1호선,안양,9055,9027,18082
20210102,1호선,양주,3320,3111,6431
20210102,1호선,역곡,10963,11069,22032
20210102,1호선,영등포,21565,21970,43535
20210102,1호선,영종,1351,1383,2734
20210102,1호선,오류동,5052,4797,9849
20210102,1호선,오산,4655,4751,9406
20210102,1호선,오산대,1253,1121,2374
20210102,1호선,옥수,29,12,41
20210102,1호선,온수,2639,2513,5152
20210102,1호선,온양온천,2035,2011,4046
20210102,1호선,왕십리,5792,7150,12942
20210102,1호선,외대앞,3161,3161,6322
20210102,1호선,용산,15207,13779,28986
20210102,1호선,운서,3250,3399,6649
20210102,1호선,월계,2761,2708,5469
20210102,1호선,응봉,703,638,1341
20210102,1호선,의왕,3203,3144,6347
20210102,1호선,의정부,9693,10142,19835
20210102,1호선,이촌,1571,1210,2781
20210102,1호선,인천,1879,1538,3417
20210102,1호선,인천공항1터미널,2500,2491,4991
20210102,1호선,인천공항2터미널,1362,1267,2629
20210102,1호선,제기동,8727,9173,17900
20210102,1호선,제물포,3870,3784,7654
20210102,1호선,종각,7837,7398,15235
20210102,1호선,종로3가,9509,8927,18436
20210102,1호선,종로5가,7837,7863,15700
20210102,1호선,주안,8530,7736,16266
20210102,1호선,중동,3629,3505,7134
20210102,1호선,지제,1110,966,2076
20210102,1호선,지행,2975,2905,5880
20210102,1호선,직산,357,310,667
20210102,1호선,진위,531,448,979
20210102,1호선,천안,2932,2870,5802
20210102,1호선,청라국제도시,1850,1693,3543
20210102,1호선,청량리,18164,18342,36506
20210102,1호선,평택,6604,6489,13093
20210102,1호선,한남,1500,1417,2917
20210102,1호선,홍대입구,3907,3896,7803
20210102,1호선,화서,2418,2374,4792
20210102,1호선,회룡,5137,5195,10332
20210103,1호선,가능,2399,2192,4591
20210103,1호선,가산디지털단지,2505,3653,6158
20210103,1호선,간석,1945,1751,3696
20210103,1호선,개봉,6825,6652,13477
20210103,1호선,검암,2081,2077,4158
20210103,1호선,계양,2634,2492,5126
20210103,1호선,공덕,590,856,1446
20210103,1호선,공항화물청사,738,827,1565
20210103,1호선,관악,2646,2436,5082
20210103,1호선,광명,1535,856,2391
20210103,1호선,광운대,2489,2600,5089
20210103,1호선,구로,5546,5575,11121
20210103,1호선,구일,1734,1737,3471
20210103,1호선,군포,1958,1900,3858
20210103,1호선,금정,7531,7871,15402
20210103,1호선,금천구청,3585,3504,7089
20210103,1호선,김포공항,7307,3153,10460
20210103,1호선,남영,2100,2404,4504
20210103,1호선,노량진,3046,3141,6187
20210103,1호선,녹양,1588,1469,3057
20210103,1호선,녹천,1540,1383,2923
20210103,1호선,당정,1673,1697,3370
20210103,1호선,대방,3183,3578,6761
20210103,1호선,덕계,884,827,1711
20210103,1호선,덕정,1792,1873,3665
20210103,1호선,도봉,2152,1985,4137
20210103,1호선,도봉산,5493,3708,9201
20210103,1호선,도원,876,869,1745
20210103,1호선,도화,1350,1290,2640
20210103,1호선,독산,3344,3638,6982
20210103,1호선,동대문,5211,5605,10816
20210103,1호선,동두천,756,861,1617
20210103,1호선,동두천중앙,1250,1168,2418
20210103,1호선,동묘앞,7806,7925,15731
20210103,1호선,동암,5814,5503,11317
20210103,1호선,동인천,5224,4852,10076
20210103,1호선,두정,2318,2535,4853
20210103,1호선,디지털미디어시티,1916,2039,3955
20210103,1호선,마곡나루,934,1067,2001
20210103,1호선,망월사,2491,2541,5032
20210103,1호선,명학,1921,1979,3900
20210103,1호선,방학,3454,3274,6728
20210103,1호선,배방,357,475,832
20210103,1호선,백운,2416,2295,4711
20210103,1호선,병점,4795,5551,10346
20210103,1호선,보산,820,669,1489
20210103,1호선,봉명,342,328,670
20210103,1호선,부개,2683,2525,5208
20210103,1호선,부천,13282,12648,25930
20210103,1호선,부평,12578,12499,25077
20210103,1호선,서동탄,458,386,844
20210103,1호선,서빙고,476,514,990
20210103,1호선,서울,22246,14871,37117
20210103,1호선,서정리,2143,4158,6301
20210103,1호선,석계,2888,3139,6027
20210103,1호선,석수,3066,2988,6054
20210103,1호선,성균관대,4207,4630,8837
20210103,1호선,성환,1369,1719,3088
20210103,1호선,세류,1268,1205,2473
20210103,1호선,세마,903,853,1756
20210103,1호선,소사,3384,2852,6236
20210103,1호선,소요산,2089,1735,3824
20210103,1호선,송내,7596,7167,14763
20210103,1호선,송탄,2016,2450,4466
20210103,1호선,수원,17961,17314,35275
20210103,1호선,시청,3296,3144,6440
20210103,1호선,신길,2724,2559,5283
20210103,1호선,신도림,1090,1096,2186
20210103,1호선,신설동,4245,4413,8658
20210103,1호선,신이문,2759,2591,5350
20210103,1호선,신창,484,584,1068
20210103,1호선,쌍용,694,321,1015
20210103,1호선,아산,1990,1231,3221
20210103,1호선,안양,7605,7249,14854
20210103,1호선,양주,2710,2568,5278
20210103,1호선,역곡,8357,8193,16550
20210103,1호선,영등포,18497,17774,36271
20210103,1호선,영종,1131,1107,2238
20210103,1호선,오류동,3814,3766,7580
20210103,1호선,오산,4553,5137,9690
20210103,1호선,오산대,1108,1078,2186
20210103,1호선,옥수,37,12,49
20210103,1호선,온수,1955,1839,3794
20210103,1호선,온양온천,2108,2025,4133
20210103,1호선,왕십리,4555,5779,10334
20210103,1호선,외대앞,2584,2647,5231
20210103,1호선,용산,16227,12871,29098
20210103,1호선,운서,2822,3256,6078
20210103,1호선,월계,2244,2141,4385
20210103,1호선,응봉,554,496,1050
20210103,1호선,의왕,2446,2468,4914
20210103,1호선,의정부,7790,7638,15428
20210103,1호선,이촌,1077,858,1935
20210103,1호선,인천,1556,1280,2836
20210103,1호선,인천공항1터미널,2393,2370,4763
20210103,1호선,인천공항2터미널,1351,1286,2637
20210103,1호선,제기동,5641,6088,11729
20210103,1호선,제물포,3071,2905,5976
20210103,1호선,종각,5717,5337,11054
20210103,1호선,종로3가,6507,5928,12435
20210103,1호선,종로5가,3881,4125,8006
20210103,1호선,주안,6707,5902,12609
20210103,1호선,중동,2876,2585,5461
20210103,1호선,지제,1309,1253,2562
20210103,1호선,지행,2319,2125,4444
20210103,1호선,직산,309,387,696
20210103,1호선,진위,440,448,888
20210103,1호선,천안,3425,3195,6620
20210103,1호선,청라국제도시,1616,1433,3049
20210103,1호선,청량리,14814,14438,29252
20210103,1호선,평택,6328,6970,13298
20210103,1호선,한남,1130,1110,2240
20210103,1호선,홍대입구,3208,3285,6493
20210103,1호선,화서,2062,1990,4052
20210103,1호선,회룡,3957,3828,7785
20210109,1호선,가능,3157,3127,6284
20210109,1호선,가산디지털단지,3829,5300,9129
20210109,1호선,간석,2662,2549,5211
20210109,1호선,개봉,10423,10438,20861
20210109,1호선,검암,2791,2798,5589
20210109,1호선,계양,3483,3551,7034
20210109,1호선,공덕,914,1378,2292
20210109,1호선,공항화물청사,1153,1206,2359
20210109,1호선,관악,3329,3253,6582
20210109,1호선,광명,1323,1188,2511
20210109,1호선,광운대,3589,3604,7193
20210109,1호선,구로,8388,8635,17023
20210109,1호선,구일,2575,2490,5065
20210109,1호선,군포,3119,2919,6038
20210109,1호선,금정,11706,11807,23513
20210109,1호선,금천구청,5092,5225,10317
20210109,1호선,김포공항,5658,3140,8798
20210109,1호선,남영,3501,3701,7202
20210109,1호선,노량진,4793,4605,9398
20210109,1호선,녹양,2107,2009,4116
20210109,1호선,녹천,2206,1970,4176
20210109,1호선,당정,2609,2482,5091
20210109,1호선,대방,4890,4863,9753
20210109,1호선,덕계,1143,1131,2274
20210109,1호선,덕정,2420,2359,4779
20210109,1호선,도봉,2834,2691,5525
20210109,1호선,도봉산,4422,2728,7150
20210109,1호선,도원,1375,1368,2743
20210109,1호선,도화,1930,1817,3747
20210109,1호선,독산,5757,5767,11524
20210109,1호선,동대문,6780,6012,12792
20210109,1호선,동두천,883,1019,1902
20210109,1호선,동두천중앙,1381,1459,2840
20210109,1호선,동묘앞,6238,6212,12450
20210109,1호선,동암,8019,8354,16373
20210109,1호선,동인천,6874,6742,13616
20210109,1호선,두정,3008,2973,5981
20210109,1호선,디지털미디어시티,3125,3062,6187
20210109,1호선,마곡나루,1416,1386,2802
20210109,1호선,망월사,3393,3437,6830
20210109,1호선,명학,3368,3224,6592
20210109,1호선,방학,4597,4534,9131
20210109,1호선,배방,552,491,1043
20210109,1호선,백운,3419,3424,6843
20210109,1호선,병점,7141,7061,14202
20210109,1호선,보산,906,919,1825
20210109,1호선,봉명,509,515,1024
20210109,1호선,부개,3990,3764,7754
20210109,1호선,부천,18706,19707,38413
20210109,1호선,부평,18550,20233,38783
20210109,1호선,서동탄,527,551,1078
20210109,1호선,서빙고,762,721,1483
20210109,1호선,서울,21139,19118,40257
20210109,1호선,서정리,4046,3229,7275
20210109,1호선,석계,4123,4338,8461
20210109,1호선,석수,4137,3937,8074
20210109,1호선,성균관대,6211,6181,12392
20210109,1호선,성환,1643,1587,3230
20210109,1호선,세류,1461,1544,3005
20210109,1호선,세마,1248,1111,2359
20210109,1호선,소사,4839,4529,9368
20210109,1호선,소요산,1382,1191,2573
20210109,1호선,송내,11456,11568,23024
20210109,1호선,송탄,2731,2457,5188
20210109,1호선,수원,21380,23025,44405
20210109,1호선,시청,4859,4737,9596
20210109,1호선,신길,4159,3431,7590
20210109,1호선,신도림,1529,1551,3080
20210109,1호선,신설동,5946,5950,11896
20210109,1호선,신이문,4135,3902,8037
20210109,1호선,신창,519,484,1003
20210109,1호선,쌍용,971,836,1807
20210109,1호선,아산,1469,1473,2942
20210109,1호선,안양,11003,11050,22053
20210109,1호선,양주,3273,3296,6569
20210109,1호선,역곡,12928,12990,25918
20210109,1호선,영등포,25182,25854,51036
20210109,1호선,영종,1433,1514,2947
20210109,1호선,오류동,5740,5583,11323
20210109,1호선,오산,5555,5390,10945
20210109,1호선,오산대,1560,1430,2990
20210109,1호선,옥수,20,17,37
20210109,1호선,온수,2975,2753,5728
20210109,1호선,온양온천,2363,2407,4770
20210109,1호선,왕십리,7411,8676,16087
20210109,1호선,외대앞,3832,3852,7684
20210109,1호선,용산,16928,17657,34585
20210109,1호선,운서,3579,3675,7254
20210109,1호선,월계,2953,2718,5671
20210109,1호선,응봉,815,668,1483
20210109,1호선,의왕,3720,3693,7413
20210109,1호선,의정부,10443,10907,21350
20210109,1호선,이촌,1786,1334,3120
20210109,1호선,인천,1685,1360,3045
20210109,1호선,인천공항1터미널,2344,2493,4837
20210109,1호선,인천공항2터미널,1533,1403,2936
20210109,1호선,제기동,8808,9038,17846
20210109,1호선,제물포,4633,4527,9160
20210109,1호선,종각,9390,8893,18283
20210109,1호선,종로3가,11016,10443,21459
20210109,1호선,종로5가,10212,10244,20456
20210109,1호선,주안,10239,9370,19609
20210109,1호선,중동,4155,3939,8094
20210109,1호선,지제,1738,1557,3295
20210109,1호선,지행,3031,2995,6026
20210109,1호선,직산,359,320,679
20210109,1호선,진위,647,544,1191
20210109,1호선,천안,3040,3225,6265
20210109,1호선,청라국제도시,2272,2130,4402
20210109,1호선,청량리,19290,20047,39337
20210109,1호선,평택,7496,7175,14671
20210109,1호선,한남,1828,1696,3524
20210109,1호선,홍대입구,4761,4800,9561
20210109,1호선,화서,2886,2927,5813
20210109,1호선,회룡,5363,5504,10867
20210110,1호선,가능,2298,2182,4480
20210110,1호선,가산디지털단지,2720,3668,6388
20210110,1호선,간석,1940,1820,3760
20210110,1호선,개봉,7134,7042,14176
20210110,1호선,검암,2146,2124,4270
20210110,1호선,계양,2567,2517,5084
20210110,1호선,공덕,597,794,1391
20210110,1호선,공항화물청사,858,899,1757
20210110,1호선,관악,2601,2431,5032
20210110,1호선,광명,1170,926,2096
20210110,1호선,광운대,2580,2585,5165
20210110,1호선,구로,5944,5923,11867
20210110,1호선,구일,1766,1737,3503
20210110,1호선,군포,2104,2182,4286
20210110,1호선,금정,7977,8537,16514
20210110,1호선,금천구청,3597,3575,7172
20210110,1호선,김포공항,5375,2999,8374
20210110,1호선,남영,2260,2499,4759
20210110,1호선,노량진,3418,3293,6711
20210110,1호선,녹양,1515,1476,2991
20210110,1호선,녹천,1562,1300,2862
20210110,1호선,당정,1785,1762,3547
20210110,1호선,대방,3304,3676,6980
20210110,1호선,덕계,876,768,1644
20210110,1호선,덕정,1886,1910,3796
20210110,1호선,도봉,2048,1886,3934
20210110,1호선,도봉산,4527,3068,7595
20210110,1호선,도원,900,918,1818
20210110,1호선,도화,1393,1328,2721
20210110,1호선,독산,3516,3575,7091
20210110,1호선,동대문,5239,5553,10792
20210110,1호선,동두천,712,814,1526
20210110,1호선,동두천중앙,1187,1169,2356
20210110,1호선,동묘앞,7170,7380,14550
20210110,1호선,동암,5900,5771,11671
20210110,1호선,동인천,5237,5054,10291
20210110,1호선,두정,2291,2557,4848
20210110,1호선,디지털미디어시티,2061,2048,4109
20210110,1호선,마곡나루,981,1044,2025
20210110,1호선,망월사,2491,2495,4986
20210110,1호선,명학,2138,2083,4221
20210110,1호선,방학,3248,3175,6423
20210110,1호선,배방,381,471,852
20210110,1호선,백운,2359,2289,4648
20210110,1호선,병점,5095,5691,10786
20210110,1호선,보산,774,697,1471
20210110,1호선,봉명,367,343,710
20210110,1호선,부개,2729,2589,5318
20210110,1호선,부천,13245,12799,26044
20210110,1호선,부평,13550,13867,27417
20210110,1호선,서동탄,444,397,841
20210110,1호선,서빙고,501,510,1011
20210110,1호선,서울,19023,14843,33866
20210110,1호선,서정리,2359,3572,5931
20210110,1호선,석계,2860,3063,5923
20210110,1호선,석수,3021,2943,5964
20210110,1호선,성균관대,4366,4591,8957
20210110,1호선,성환,1365,1568,2933
20210110,1호선,세류,1128,1181,2309
20210110,1호선,세마,871,831,1702
20210110,1호선,소사,3515,3382,6897
20210110,1호선,소요산,1705,1482,3187
20210110,1호선,송내,7609,7504,15113
20210110,1호선,송탄,2141,2343,4484
20210110,1호선,수원,18411,18242,36653
20210110,1호선,시청,3543,3372,6915
20210110,1호선,신길,2956,2468,5424
20210110,1호선,신도림,1083,1106,2189
20210110,1호선,신설동,4365,4328,8693
20210110,1호선,신이문,2935,2670,5605
20210110,1호선,신창,459,488,947
20210110,1호선,쌍용,687,695,1382
20210110,1호선,아산,1500,1151,2651
20210110,1호선,안양,8110,7804,15914
20210110,1호선,양주,2451,2476,4927
20210110,1호선,역곡,9003,8738,17741
20210110,1호선,영등포,19529,18997,38526
20210110,1호선,영종,1211,1154,2365
20210110,1호선,오류동,3984,3772,7756
20210110,1호선,오산,4387,4786,9173
20210110,1호선,오산대,1189,1122,2311
20210110,1호선,옥수,35,17,52
20210110,1호선,온수,1941,1913,3854
20210110,1호선,온양온천,1867,1958,3825
20210110,1호선,왕십리,5011,5648,10659
20210110,1호선,외대앞,2840,2704,5544
20210110,1호선,용산,14700,13261,27961
20210110,1호선,운서,2917,3110,6027
20210110,1호선,월계,2066,1919,3985
20210110,1호선,응봉,568,530,1098
20210110,1호선,의왕,2481,2596,5077
20210110,1호선,의정부,8148,8021,16169
20210110,1호선,이촌,1093,938,2031
20210110,1호선,인천,1444,1169,2613
20210110,1호선,인천공항1터미널,2340,2434,4774
20210110,1호선,인천공항2터미널,1415,1392,2807
20210110,1호선,제기동,5566,5871,11437
20210110,1호선,제물포,3327,3233,6560
20210110,1호선,종각,6303,6017,12320
20210110,1호선,종로3가,7088,6445,13533
20210110,1호선,종로5가,4146,4306,8452
20210110,1호선,주안,7157,6316,13473
20210110,1호선,중동,2889,2656,5545
20210110,1호선,지제,1170,1214,2384
20210110,1호선,지행,2421,2287,4708
20210110,1호선,직산,281,333,614
20210110,1호선,진위,406,436,842
20210110,1호선,천안,3057,2966,6023
20210110,1호선,청라국제도시,1624,1509,3133
20210110,1호선,청량리,14963,14711,29674
20210110,1호선,평택,6295,6716,13011
20210110,1호선,한남,1192,1185,2377
20210110,1호선,홍대입구,3779,3464,7243
20210110,1호선,화서,2037,2017,4054
20210110,1호선,회룡,3845,3783,7628
20210116,1호선,가능,3803,3749,7552
20210116,1호선,가산디지털단지,4399,6058,10457
20210116,1호선,간석,3123,3002,6125
20210116,1호선,개봉,12260,12373,24633
20210116,1호선,검암,3151,3144,6295
20210116,1호선,계양,4178,4131,8309
20210116,1호선,공덕,956,1437,2393
20210116,1호선,공항화물청사,1215,1184,2399
20210116,1호선,관악,4371,4083,8454
20210116,1호선,광명,1510,1399,2909
20210116,1호선,광운대,4234,4174,8408
20210116,1호선,구로,9707,10014,19721
20210116,1호선,구일,3204,2994,6198
20210116,1호선,군포,3716,3478,7194
20210116,1호선,금정,13352,13458,26810
20210116,1호선,금천구청,6039,6139,12178
20210116,1호선,김포공항,6300,3720,10020
20210116,1호선,남영,4078,4222,8300
20210116,1호선,노량진,5819,5634,11453
20210116,1호선,녹양,2477,2406,4883
20210116,1호선,녹천,2671,2388,5059
20210116,1호선,당정,2831,2736,5567
20210116,1호선,대방,5688,5693,11381
20210116,1호선,덕계,1507,1415,2922
20210116,1호선,덕정,3054,2864,5918
20210116,1호선,도봉,3400,3418,6818
20210116,1호선,도봉산,6547,4196,10743
20210116,1호선,도원,1516,1587,3103
20210116,1호선,도화,2319,2100,4419
20210116,1호선,독산,6359,6491,12850
20210116,1호선,동대문,8287,7502,15789
20210116,1호선,동두천,995,1236,2231
20210116,1호선,동두천중앙,1789,1932,3721
20210116,1호선,동묘앞,8746,9028,17774
20210116,1호선,동암,9380,9624,19004
20210116,1호선,동인천,8281,8103,16384
20210116,1호선,두정,3288,3371,6659
20210116,1호선,디지털미디어시티,3434,3253,6687
20210116,1호선,마곡나루,1724,1769,3493
20210116,1호선,망월사,4301,4486,8787
20210116,1호선,명학,3886,3700,7586
20210116,1호선,방학,5589,5615,11204
20210116,1호선,배방,628,596,1224
20210116,1호선,백운,4026,3985,8011
20210116,1호선,병점,8206,8165,16371
20210116,1호선,보산,1046,1102,2148
20210116,1호선,봉명,582,552,1134
20210116,1호선,부개,4753,4686,9439
20210116,1호선,부천,21615,22581,44196
20210116,1호선,부평,21229,23249,44478
20210116,1호선,서동탄,656,661,1317
20210116,1호선,서빙고,815,735,1550
20210116,1호선,서울,24862,22588,47450
20210116,1호선,서정리,4603,3661,8264
20210116,1호선,석계,5064,5396,10460
20210116,1호선,석수,5082,4777,9859
20210116,1호선,성균관대,6948,7015,13963
20210116,1호선,성환,2113,1926,4039
20210116,1호선,세류,1691,1791,3482
20210116,1호선,세마,1443,1247,2690
20210116,1호선,소사,5646,5501,11147
20210116,1호선,소요산,2183,1977,4160
20210116,1호선,송내,13004,12997,26001
20210116,1호선,송탄,3202,2866,6068
20210116,1호선,수원,24421,26746,51167
20210116,1호선,시청,6143,6108,12251
20210116,1호선,신길,4736,3850,8586
20210116,1호선,신도림,1845,1982,3827
20210116,1호선,신설동,7252,7007,14259
20210116,1호선,신이문,4792,4463,9255
20210116,1호선,신창,664,539,1203
20210116,1호선,쌍용,1038,908,1946
20210116,1호선,아산,1696,1667,3363
20210116,1호선,안양,12522,12784,25306
20210116,1호선,양주,4236,4081,8317
20210116,1호선,역곡,14828,14847,29675
20210116,1호선,영등포,28288,29528,57816
20210116,1호선,영종,1718,1839,3557
20210116,1호선,오류동,6749,6383,13132
20210116,1호선,오산,6358,5991,12349
20210116,1호선,오산대,1835,1652,3487
20210116,1호선,옥수,24,16,40
20210116,1호선,온수,3394,3340,6734
20210116,1호선,온양온천,2605,2578,5183
20210116,1호선,왕십리,8455,9745,18200
20210116,1호선,외대앞,7964,7669,15633
20210116,1호선,용산,19603,20461,40064
20210116,1호선,운서,4063,4092,8155
20210116,1호선,월계,3502,3426,6928
20210116,1호선,응봉,1024,879,1903
20210116,1호선,의왕,4187,4184,8371
20210116,1호선,의정부,12176,12648,24824
20210116,1호선,이촌,2035,1579,3614
20210116,1호선,인천,2236,1879,4115
20210116,1호선,인천공항1터미널,2629,2858,5487
20210116,1호선,인천공항2터미널,1556,1376,2932
20210116,1호선,제기동,13126,13672,26798
20210116,1호선,제물포,5380,5231,10611
20210116,1호선,종각,11176,10574,21750
20210116,1호선,종로3가,14145,13348,27493
20210116,1호선,종로5가,13292,13110,26402
20210116,1호선,주안,11169,10190,21359
20210116,1호선,중동,4892,4796,9688
20210116,1호선,지제,2063,1719,3782
20210116,1호선,지행,3586,3625,7211
20210116,1호선,직산,496,475,971
20210116,1호선,진위,781,665,1446
20210116,1호선,천안,3916,4128,8044
20210116,1호선,청라국제도시,2514,2453,4967
20210116,1호선,청량리,25351,26551,51902
20210116,1호선,평택,8942,8472,17414
20210116,1호선,한남,2089,1956,4045
20210116,1호선,홍대입구,5975,5830,11805
20210116,1호선,화서,3538,3439,6977
20210116,1호선,회룡,6904,6934,13838
20210117,1호선,가능,2701,2580,5281
20210117,1호선,가산디지털단지,3067,4188,7255
20210117,1호선,간석,2162,2068,4230
20210117,1호선,개봉,7872,8056,15928
20210117,1호선,검암,2299,2392,4691
20210117,1호선,계양,2883,2791,5674
20210117,1호선,공덕,795,1019,1814
20210117,1호선,공항화물청사,830,945,1775
20210117,1호선,관악,3031,2910,5941
20210117,1호선,광명,1499,1026,2525
20210117,1호선,광운대,2924,2988,5912
20210117,1호선,구로,6430,6391,12821
20210117,1호선,구일,2059,2017,4076
20210117,1호선,군포,2380,2243,4623
20210117,1호선,금정,9024,9473,18497
20210117,1호선,금천구청,4139,4147,8286
20210117,1호선,김포공항,6833,3784,10617
20210117,1호선,남영,2586,2930,5516
20210117,1호선,노량진,3834,3842,7676
20210117,1호선,녹양,1724,1613,3337
20210117,1호선,녹천,1712,1479,3191
20210117,1호선,당정,2029,2042,4071
20210117,1호선,대방,3592,4004,7596
20210117,1호선,덕계,1042,963,2005
20210117,1호선,덕정,2169,2232,4401
20210117,1호선,도봉,2398,2231,4629
20210117,1호선,도봉산,5579,3762,9341
20210117,1호선,도원,1066,1055,2121
20210117,1호선,도화,1548,1497,3045
20210117,1호선,독산,4001,4074,8075
20210117,1호선,동대문,5925,6306,12231
20210117,1호선,동두천,787,895,1682
20210117,1호선,동두천중앙,1417,1310,2727
20210117,1호선,동묘앞,8497,8690,17187
20210117,1호선,동암,6563,6471,13034
20210117,1호선,동인천,6093,5709,11802
20210117,1호선,두정,2647,2832,5479
20210117,1호선,디지털미디어시티,2477,2397,4874
20210117,1호선,마곡나루,1159,1203,2362
20210117,1호선,망월사,2887,2931,5818
20210117,1호선,명학,2439,2381,4820
20210117,1호선,방학,3867,3768,7635
20210117,1호선,배방,502,544,1046
20210117,1호선,백운,2714,2690,5404
20210117,1호선,병점,5911,6585,12496
20210117,1호선,보산,860,773,1633
20210117,1호선,봉명,377,368,745
20210117,1호선,부개,3195,2993,6188
20210117,1호선,부천,15639,15171,30810
20210117,1호선,부평,15666,15989,31655
20210117,1호선,서동탄,475,433,908
20210117,1호선,서빙고,564,583,1147
20210117,1호선,서울,22685,18124,40809
20210117,1호선,서정리,2770,4298,7068
20210117,1호선,석계,3235,3543,6778
20210117,1호선,석수,3479,3433,6912
20210117,1호선,성균관대,4947,5262,10209
20210117,1호선,성환,1572,1826,3398
20210117,1호선,세류,1345,1401,2746
20210117,1호선,세마,1033,963,1996
20210117,1호선,소사,3927,3605,7532
20210117,1호선,소요산,2066,1792,3858
20210117,1호선,송내,8877,8555,17432
20210117,1호선,송탄,2510,2699,5209
20210117,1호선,수원,21659,21081,42740
20210117,1호선,시청,4129,3984,8113
20210117,1호선,신길,3205,2857,6062
20210117,1호선,신도림,1260,1209,2469
20210117,1호선,신설동,4969,5022,9991
20210117,1호선,신이문,3232,3054,6286
20210117,1호선,신창,535,621,1156
20210117,1호선,쌍용,737,761,1498
20210117,1호선,아산,1893,1391,3284
20210117,1호선,안양,8948,8594,17542
20210117,1호선,양주,3037,2964,6001
20210117,1호선,역곡,9638,9611,19249
20210117,1호선,영등포,21754,20890,42644
20210117,1호선,영종,1349,1305,2654
20210117,1호선,오류동,4517,4371,8888
20210117,1호선,오산,5116,5576,10692
20210117,1호선,오산대,1276,1175,2451
20210117,1호선,옥수,37,12,49
20210117,1호선,온수,2193,2136,4329
20210117,1호선,온양온천,2299,2247,4546
20210117,1호선,왕십리,5685,6748,12433
20210117,1호선,외대앞,3254,3109,6363
20210117,1호선,용산,17668,15715,33383
20210117,1호선,운서,3251,3468,6719
20210117,1호선,월계,2465,2434,4899
20210117,1호선,응봉,676,624,1300
20210117,1호선,의왕,2781,2836,5617
20210117,1호선,의정부,9354,9243,18597
20210117,1호선,이촌,1272,1048,2320
20210117,1호선,인천,1782,1476,3258
20210117,1호선,인천공항1터미널,2530,2600,5130
20210117,1호선,인천공항2터미널,1490,1389,2879
20210117,1호선,제기동,6858,7299,14157
20210117,1호선,제물포,3748,3662,7410
20210117,1호선,종각,7096,6561,13657
20210117,1호선,종로3가,8250,7474,15724
20210117,1호선,종로5가,5013,5150,10163
20210117,1호선,주안,7954,6947,14901
20210117,1호선,중동,3285,3025,6310
20210117,1호선,지제,1424,1455,2879
20210117,1호선,지행,2630,2534,5164
20210117,1호선,직산,323,378,701
20210117,1호선,진위,515,495,1010
20210117,1호선,천안,3795,3581,7376
20210117,1호선,청라국제도시,1882,1686,3568
20210117,1호선,청량리,17482,16917,34399
20210117,1호선,평택,7571,8044,15615
20210117,1호선,한남,1347,1362,2709
20210117,1호선,홍대입구,4647,4094,8741
20210117,1호선,화서,2479,2407,4886
20210117,1호선,회룡,4564,4533,9097
20210123,1호선,가능,4104,3930,8034
20210123,1호선,가산디지털단지,4968,6607,11575
20210123,1호선,간석,3465,3299,6764
20210123,1호선,개봉,13375,13414,26789
20210123,1호선,검암,3566,3688,7254
20210123,1호선,계양,4705,4370,9075
20210123,1호선,공덕,1112,1685,2797
20210123,1호선,공항화물청사,1237,1240,2477
20210123,1호선,관악,4716,4498,9214
20210123,1호선,광명,1791,1666,3457
20210123,1호선,광운대,4777,4632,9409
20210123,1호선,구로,10575,11058,21633
20210123,1호선,구일,3449,3304,6753
20210123,1호선,군포,3794,3528,7322
20210123,1호선,금정,14683,14705,29388
20210123,1호선,금천구청,6630,6709,13339
20210123,1호선,김포공항,6862,3886,10748
20210123,1호선,남영,4441,4767,9208
20210123,1호선,노량진,6995,6587,13582
20210123,1호선,녹양,2687,2699,5386
20210123,1호선,녹천,2825,2448,5273
20210123,1호선,당정,3101,3018,6119
20210123,1호선,대방,6296,6121,12417
20210123,1호선,덕계,1708,1506,3214
20210123,1호선,덕정,3207,3133,6340
20210123,1호선,도봉,3595,3441,7036
20210123,1호선,도봉산,7504,4991,12495
20210123,1호선,도원,1671,1712,3383
20210123,1호선,도화,2485,2318,4803
20210123,1호선,독산,7109,7137,14246
20210123,1호선,동대문,8571,7655,16226
20210123,1호선,동두천,1185,1432,2617
20210123,1호선,동두천중앙,1940,2019,3959
20210123,1호선,동묘앞,9622,10043,19665
20210123,1호선,동암,10460,10695,21155
20210123,1호선,동인천,9314,9156,18470
20210123,1호선,두정,3464,3532,6996
20210123,1호선,디지털미디어시티,4193,3829,8022
20210123,1호선,마곡나루,2122,2280,4402
20210123,1호선,망월사,4293,4490,8783
20210123,1호선,명학,4146,3959,8105
20210123,1호선,방학,6083,5986,12069
20210123,1호선,배방,658,652,1310
20210123,1호선,백운,4446,4384,8830
20210123,1호선,병점,9086,8808,17894
20210123,1호선,보산,1120,1172,2292
20210123,1호선,봉명,557,550,1107
20210123,1호선,부개,5006,4833,9839
20210123,1호선,부천,23802,24704,48506
20210123,1호선,부평,22937,25328,48265
20210123,1호선,서동탄,804,808,1612
20210123,1호선,서빙고,1015,902,1917
20210123,1호선,서울,27434,24806,52240
20210123,1호선,서정리,4863,3922,8785
20210123,1호선,석계,5607,5794,11401
20210123,1호선,석수,5602,5332,10934
20210123,1호선,성균관대,7759,7787,15546
20210123,1호선,성환,2200,2137,4337
20210123,1호선,세류,1897,1854,3751
20210123,1호선,세마,1627,1422,3049
20210123,1호선,소사,6237,6053,12290
20210123,1호선,소요산,2732,2423,5155
20210123,1호선,송내,14425,14326,28751
20210123,1호선,송탄,3367,2981,6348
20210123,1호선,수원,27275,29600,56875
20210123,1호선,시청,6974,6981,13955
20210123,1호선,신길,5134,4314,9448
20210123,1호선,신도림,2243,2227,4470
20210123,1호선,신설동,8025,7669,15694
20210123,1호선,신이문,5087,4628,9715
20210123,1호선,신창,700,647,1347
20210123,1호선,쌍용,1099,1034,2133
20210123,1호선,아산,1928,1981,3909
20210123,1호선,안양,13970,14060,28030
20210123,1호선,양주,4491,4401,8892
20210123,1호선,역곡,16319,16158,32477
20210123,1호선,영등포,29349,30772,60121
20210123,1호선,영종,1961,2047,4008
20210123,1호선,오류동,7389,7028,14417
20210123,1호선,오산,7232,6791,14023
20210123,1호선,오산대,1947,1858,3805
20210123,1호선,옥수,24,25,49
20210123,1호선,온수,3845,3629,7474
20210123,1호선,온양온천,2840,2784,5624
20210123,1호선,왕십리,9164,10259,19423
20210123,1호선,외대앞,4863,4705,9568
20210123,1호선,용산,20933,21985,42918
20210123,1호선,운서,4414,4457,8871
20210123,1호선,월계,4111,3756,7867
20210123,1호선,응봉,1108,978,2086
20210123,1호선,의왕,4678,4601,9279
20210123,1호선,의정부,13347,14021,27368
20210123,1호선,이촌,2322,1774,4096
20210123,1호선,인천,2953,2392,5345
20210123,1호선,인천공항1터미널,2642,2793,5435
20210123,1호선,인천공항2터미널,1543,1393,2936
20210123,1호선,제기동,14311,14915,29226
20210123,1호선,제물포,5893,5814,11707
20210123,1호선,종각,13291,12283,25574
20210123,1호선,종로3가,16598,15552,32150
20210123,1호선,종로5가,13883,13930,27813
20210123,1호선,주안,12292,11187,23479
20210123,1호선,중동,5212,5009,10221
20210123,1호선,지제,2074,1848,3922
20210123,1호선,지행,4005,3971,7976
20210123,1호선,직산,470,434,904
20210123,1호선,진위,874,723,1597
20210123,1호선,천안,4194,4342,8536
20210123,1호선,청라국제도시,3027,2884,5911
20210123,1호선,청량리,27064,28350,55414
20210123,1호선,평택,9761,9210,18971
20210123,1호선,한남,2401,2166,4567
20210123,1호선,홍대입구,7364,7226,14590
20210123,1호선,화서,3918,3953,7871
20210123,1호선,회룡,7698,7743,15441
20210124,1호선,가능,3158,2919,6077
20210124,1호선,가산디지털단지,3439,4734,8173
20210124,1호선,간석,2466,2291,4757
20210124,1호선,개봉,8851,9050,17901
20210124,1호선,검암,2666,2800,5466
20210124,1호선,계양,3353,3246,6599
20210124,1호선,공덕,849,1195,2044
20210124,1호선,공항화물청사,822,924,1746
20210124,1호선,관악,3770,3393,7163
20210124,1호선,광명,1561,1123,2684
20210124,1호선,광운대,3263,3312,6575
20210124,1호선,구로,7388,7373,14761
20210124,1호선,구일,2450,2411,4861
20210124,1호선,군포,2568,2474,5042
20210124,1호선,금정,10232,10705,20937
20210124,1호선,금천구청,4810,4689,9499
20210124,1호선,김포공항,7233,4081,11314
20210124,1호선,남영,3095,3472,6567
20210124,1호선,노량진,4677,4567,9244
20210124,1호선,녹양,1977,1896,3873
20210124,1호선,녹천,2186,1916,4102
20210124,1호선,당정,2238,2301,4539
20210124,1호선,대방,4393,4680,9073
20210124,1호선,덕계,1178,1083,2261
20210124,1호선,덕정,2336,2433,4769
20210124,1호선,도봉,2765,2605,5370
20210124,1호선,도봉산,7352,5244,12596
20210124,1호선,도원,1308,1325,2633
20210124,1호선,도화,1782,1710,3492
20210124,1호선,독산,4576,4634,9210
20210124,1호선,동대문,7072,7786,14858
20210124,1호선,동두천,929,1100,2029
20210124,1호선,동두천중앙,1543,1434,2977
20210124,1호선,동묘앞,10510,10859,21369
20210124,1호선,동암,7481,7370,14851
20210124,1호선,동인천,7161,6924,14085
20210124,1호선,두정,2921,3166,6087
20210124,1호선,디지털미디어시티,2712,2613,5325
20210124,1호선,마곡나루,1544,1598,3142
20210124,1호선,망월사,3091,3275,6366
20210124,1호선,명학,2667,2629,5296
20210124,1호선,방학,4507,4382,8889
20210124,1호선,배방,603,689,1292
20210124,1호선,백운,3001,2911,5912
20210124,1호선,병점,6472,7239,13711
20210124,1호선,보산,951,906,1857
20210124,1호선,봉명,469,454,923
20210124,1호선,부개,3439,3303,6742
20210124,1호선,부천,16644,15901,32545
20210124,1호선,부평,17352,17540,34892
20210124,1호선,서동탄,632,578,1210
20210124,1호선,서빙고,826,819,1645
20210124,1호선,서울,23798,19177,42975
20210124,1호선,서정리,3034,4399,7433
20210124,1호선,석계,3792,4058,7850
20210124,1호선,석수,4076,4188,8264
20210124,1호선,성균관대,5801,6097,11898
20210124,1호선,성환,1763,1970,3733
20210124,1호선,세류,1506,1543,3049
20210124,1호선,세마,1167,1092,2259
20210124,1호선,소사,4374,4163,8537
20210124,1호선,소요산,2985,2603,5588
20210124,1호선,송내,9942,9770,19712
20210124,1호선,송탄,2577,2851,5428
20210124,1호선,수원,23385,23091,46476
20210124,1호선,시청,5073,4913,9986
20210124,1호선,신길,3740,3261,7001
20210124,1호선,신도림,1589,1575,3164
20210124,1호선,신설동,5880,5919,11799
20210124,1호선,신이문,3700,3479,7179
20210124,1호선,신창,718,723,1441
20210124,1호선,쌍용,967,948,1915
20210124,1호선,아산,2061,1511,3572
20210124,1호선,안양,10164,9852,20016
20210124,1호선,양주,3514,3335,6849
20210124,1호선,역곡,10765,10503,21268
20210124,1호선,영등포,22525,21801,44326
20210124,1호선,영종,1567,1569,3136
20210124,1호선,오류동,5210,4862,10072
20210124,1호선,오산,5389,5908,11297
20210124,1호선,오산대,1465,1377,2842
20210124,1호선,옥수,47,10,57
20210124,1호선,온수,2675,2645,5320
20210124,1호선,온양온천,3241,3300,6541
20210124,1호선,왕십리,6139,6875,13014
20210124,1호선,외대앞,3554,3407,6961
20210124,1호선,용산,18319,16708,35027
20210124,1호선,운서,3525,3732,7257
20210124,1호선,월계,2916,2645,5561
20210124,1호선,응봉,820,732,1552
20210124,1호선,의왕,3309,3279,6588
20210124,1호선,의정부,10224,10127,20351
20210124,1호선,이촌,1675,1287,2962
20210124,1호선,인천,2829,2292,5121
20210124,1호선,인천공항1터미널,2761,2688,5449
20210124,1호선,인천공항2터미널,1393,1248,2641
20210124,1호선,제기동,8491,8979,17470
20210124,1호선,제물포,4377,4242,8619
20210124,1호선,종각,8840,7709,16549
20210124,1호선,종로3가,10098,9047,19145
20210124,1호선,종로5가,6012,6056,12068
20210124,1호선,주안,8977,7937,16914
20210124,1호선,중동,3736,3455,7191
20210124,1호선,지제,1407,1443,2850
20210124,1호선,지행,3032,2923,5955
20210124,1호선,직산,369,409,778
20210124,1호선,진위,547,583,1130
20210124,1호선,천안,4223,4057,8280
20210124,1호선,청라국제도시,2158,2067,4225
20210124,1호선,청량리,19521,19474,38995
20210124,1호선,평택,8099,8720,16819
20210124,1호선,한남,1568,1545,3113
20210124,1호선,홍대입구,6020,5465,11485
20210124,1호선,화서,2838,2784,5622
20210124,1호선,회룡,5649,5552,11201
20210130,1호선,가능,4028,3933,7961
20210130,1호선,가산디지털단지,4865,6525,11390
20210130,1호선,간석,3389,3343,6732
20210130,1호선,개봉,13331,13498,26829
20210130,1호선,검암,3528,3510,7038
20210130,1호선,계양,4681,4414,9095
20210130,1호선,공덕,1124,1665,2789
20210130,1호선,공항화물청사,1192,1203,2395
20210130,1호선,관악,4565,4429,8994
20210130,1호선,광명,1729,1447,3176
20210130,1호선,광운대,4443,4469,8912
20210130,1호선,구로,10646,10817,21463
20210130,1호선,구일,3370,3225,6595
20210130,1호선,군포,3598,3472,7070
20210130,1호선,금정,14620,14888,29508
20210130,1호선,금천구청,6569,6401,12970
20210130,1호선,김포공항,7512,4143,11655
20210130,1호선,남영,4805,4992,9797
20210130,1호선,노량진,6741,6445,13186
20210130,1호선,녹양,2715,2647,5362
20210130,1호선,녹천,2648,2269,4917
20210130,1호선,당정,3140,3143,6283
20210130,1호선,대방,6136,6091,12227
20210130,1호선,덕계,1562,1502,3064
20210130,1호선,덕정,3203,3046,6249
20210130,1호선,도봉,3662,3525,7187
20210130,1호선,도봉산,6413,4190,10603
20210130,1호선,도원,1685,1705,3390
20210130,1호선,도화,2520,2298,4818
20210130,1호선,독산,7057,7125,14182
20210130,1호선,동대문,8543,7806,16349
20210130,1호선,동두천,1149,1375,2524
20210130,1호선,동두천중앙,2062,2153,4215
20210130,1호선,동묘앞,8969,9312,18281
20210130,1호선,동암,10570,10902,21472
20210130,1호선,동인천,9253,9151,18404
20210130,1호선,두정,3511,3562,7073
20210130,1호선,디지털미디어시티,3811,3475,7286
20210130,1호선,마곡나루,2086,2234,4320
20210130,1호선,망월사,4276,4526,8802
20210130,1호선,명학,4212,3978,8190
20210130,1호선,방학,6001,5901,11902
20210130,1호선,배방,687,666,1353
20210130,1호선,백운,4336,4429,8765
20210130,1호선,병점,8986,8838,17824
20210130,1호선,보산,1063,1083,2146
20210130,1호선,봉명,566,561,1127
20210130,1호선,부개,5230,4969,10199
20210130,1호선,부천,24400,24942,49342
20210130,1호선,부평,23570,25795,49365
20210130,1호선,서동탄,834,833,1667
20210130,1호선,서빙고,977,925,1902
20210130,1호선,서울,27464,24451,51915
20210130,1호선,서정리,4785,3870,8655
20210130,1호선,석계,5362,5820,11182
20210130,1호선,석수,5409,5093,10502
20210130,1호선,성균관대,7891,7834,15725
20210130,1호선,성환,2102,1918,4020
20210130,1호선,세류,1931,1977,3908
20210130,1호선,세마,1608,1374,2982
20210130,1호선,소사,6196,6134,12330
20210130,1호선,소요산,2191,1902,4093
20210130,1호선,송내,14586,14806,29392
20210130,1호선,송탄,3288,2961,6249
20210130,1호선,수원,27006,29176,56182
20210130,1호선,시청,7080,7002,14082
20210130,1호선,신길,5117,4181,9298
20210130,1호선,신도림,2103,2204,4307
20210130,1호선,신설동,7878,7479,15357
20210130,1호선,신이문,5145,4620,9765
20210130,1호선,신창,727,683,1410
20210130,1호선,쌍용,1125,1030,2155
20210130,1호선,아산,1797,1788,3585
20210130,1호선,안양,14072,14160,28232
20210130,1호선,양주,4678,4529,9207
20210130,1호선,역곡,16574,16345,32919
20210130,1호선,영등포,30010,31202,61212
20210130,1호선,영종,1986,2133,4119
20210130,1호선,오류동,7589,7093,14682
20210130,1호선,오산,6950,6500,13450
20210130,1호선,오산대,1916,1741,3657
20210130,1호선,옥수,27,25,52
20210130,1호선,온수,3813,3682,7495
20210130,1호선,온양온천,2692,2719,5411
20210130,1호선,왕십리,9117,10297,19414
20210130,1호선,외대앞,4722,4515,9237
20210130,1호선,용산,21473,22570,44043
20210130,1호선,운서,4360,4342,8702
20210130,1호선,월계,3833,3623,7456
20210130,1호선,응봉,1112,911,2023
20210130,1호선,의왕,4625,4655,9280
20210130,1호선,의정부,13499,14248,27747
20210130,1호선,이촌,2366,1739,4105
20210130,1호선,인천,2749,2358,5107
20210130,1호선,인천공항1터미널,2586,2789,5375
20210130,1호선,인천공항2터미널,1565,1423,2988
20210130,1호선,제기동,14031,14657,28688
20210130,1호선,제물포,5895,5808,11703
20210130,1호선,종각,13267,12430,25697
20210130,1호선,종로3가,16478,15372,31850
20210130,1호선,종로5가,13906,13999,27905
20210130,1호선,주안,12267,11058,23325
20210130,1호선,중동,5250,4968,10218
20210130,1호선,지제,2070,1837,3907
20210130,1호선,지행,4060,4029,8089
20210130,1호선,직산,528,497,1025
20210130,1호선,진위,868,770,1638
20210130,1호선,창동,1,0,1
20210130,1호선,천안,4192,4388,8580
20210130,1호선,청라국제도시,2949,2839,5788
20210130,1호선,청량리,27650,28713,56363
20210130,1호선,평택,9814,9156,18970
20210130,1호선,한남,2287,2183,4470
20210130,1호선,홍대입구,8013,7493,15506
20210130,1호선,화서,3844,3830,7674
20210130,1호선,회룡,7528,7458,14986
20210131,1호선,가능,3067,2846,5913
20210131,1호선,가산디지털단지,3451,4883,8334
20210131,1호선,간석,2428,2363,4791
20210131,1호선,개봉,9222,9093,18315
20210131,1호선,검암,2740,2790,5530
20210131,1호선,계양,3343,3321,6664
20210131,1호선,공덕,860,1169,2029
20210131,1호선,공항화물청사,885,943,1828
20210131,1호선,관악,3831,3488,7319
20210131,1호선,광명,1576,1156,2732
20210131,1호선,광운대,3441,3418,6859
20210131,1호선,구로,7348,7259,14607
20210131,1호선,구일,2664,2632,5296
20210131,1호선,군포,2471,2365,4836
20210131,1호선,금정,10177,10637,20814
20210131,1호선,금천구청,4786,4724,9510
20210131,1호선,김포공항,7986,4279,12265
20210131,1호선,남영,3106,3392,6498
20210131,1호선,노량진,4738,4558,9296
20210131,1호선,녹양,2091,1939,4030
20210131,1호선,녹천,2216,1904,4120
20210131,1호선,당정,2401,2319,4720
20210131,1호선,대방,4413,4666,9079
20210131,1호선,덕계,1195,1119,2314
20210131,1호선,덕정,2396,2397,4793
20210131,1호선,도봉,2775,2625,5400
20210131,1호선,도봉산,7121,4890,12011
20210131,1호선,도원,1286,1328,2614
20210131,1호선,도화,1908,1765,3673
20210131,1호선,독산,4562,4766,9328
20210131,1호선,동대문,6979,7469,14448
20210131,1호선,동두천,910,1092,2002
20210131,1호선,동두천중앙,1610,1480,3090
20210131,1호선,동묘앞,10108,10458,20566
20210131,1호선,동암,7505,7119,14624
20210131,1호선,동인천,7009,6784,13793
20210131,1호선,두정,2864,3195,6059
20210131,1호선,디지털미디어시티,2701,2718,5419
20210131,1호선,마곡나루,1582,1692,3274
20210131,1호선,망월사,3201,3324,6525
20210131,1호선,명학,2631,2603,5234
20210131,1호선,방학,4636,4459,9095
20210131,1호선,배방,529,567,1096
20210131,1호선,백운,3157,3126,6283
20210131,1호선,병점,6656,7311,13967
20210131,1호선,보산,956,885,1841
20210131,1호선,봉명,392,411,803
20210131,1호선,부개,3530,3376,6906
20210131,1호선,부천,18114,17555,35669
20210131,1호선,부평,17812,18142,35954
20210131,1호선,서동탄,560,596,1156
20210131,1호선,서빙고,820,848,1668
20210131,1호선,서울,24137,19497,43634
20210131,1호선,서정리,3054,4271,7325
20210131,1호선,석계,3833,4204,8037
20210131,1호선,석수,4064,4096,8160
20210131,1호선,성균관대,5611,5867,11478
20210131,1호선,성환,1758,1992,3750
20210131,1호선,세류,1453,1496,2949
20210131,1호선,세마,1104,1053,2157
20210131,1호선,소사,4575,4299,8874
20210131,1호선,소요산,2711,2394,5105
20210131,1호선,송내,10147,9809,19956
20210131,1호선,송탄,2609,2817,5426
20210131,1호선,수원,23629,23507,47136
20210131,1호선,시청,5006,4721,9727
20210131,1호선,신길,3931,3462,7393
20210131,1호선,신도림,1494,1559,3053
20210131,1호선,신설동,5926,5826,11752
20210131,1호선,신이문,3780,3597,7377
20210131,1호선,신창,635,695,1330
20210131,1호선,쌍용,853,890,1743
20210131,1호선,아산,1966,1523,3489
20210131,1호선,안양,10365,10075,20440
20210131,1호선,양주,3640,3472,7112
20210131,1호선,역곡,11114,11124,22238
20210131,1호선,영등포,23209,22845,46054
20210131,1호선,영종,1632,1538,3170
20210131,1호선,오류동,5443,4922,10365
20210131,1호선,오산,5618,6098,11716
20210131,1호선,오산대,1474,1364,2838
20210131,1호선,옥수,33,16,49
20210131,1호선,온수,2693,2625,5318
20210131,1호선,온양온천,2485,2429,4914
20210131,1호선,왕십리,6675,7386,14061
20210131,1호선,외대앞,3620,3609,7229
20210131,1호선,용산,19026,17347,36373
20210131,1호선,운서,3661,3883,7544
20210131,1호선,월계,2969,2748,5717
20210131,1호선,응봉,862,764,1626
20210131,1호선,의왕,3305,3261,6566
20210131,1호선,의정부,10322,10274,20596
20210131,1호선,이촌,1644,1310,2954
20210131,1호선,인천,2505,2033,4538
20210131,1호선,인천공항1터미널,2781,2889,5670
20210131,1호선,인천공항2터미널,1454,1428,2882
20210131,1호선,제기동,9605,10195,19800
20210131,1호선,제물포,4403,4213,8616
20210131,1호선,종각,8605,7698,16303
20210131,1호선,종로3가,10411,9334,19745
20210131,1호선,종로5가,6215,6310,12525
20210131,1호선,주안,8952,7988,16940
20210131,1호선,중동,3819,3512,7331
20210131,1호선,지제,1445,1450,2895
20210131,1호선,지행,3076,2917,5993
20210131,1호선,직산,384,440,824
20210131,1호선,진위,554,552,1106
20210131,1호선,창동,1,0,1
20210131,1호선,천안,3946,3821,7767
20210131,1호선,청라국제도시,2215,2066,4281
20210131,1호선,청량리,21026,20727,41753
20210131,1호선,평택,8340,8537,16877
20210131,1호선,한남,1683,1690,3373
20210131,1호선,홍대입구,6195,5711,11906
20210131,1호선,화서,2705,2755,5460
20210131,1호선,회룡,5640,5578,11218
20210206,1호선,가능,4399,4192,8591
20210206,1호선,가산디지털단지,4960,6847,11807
20210206,1호선,간석,3516,3443,6959
20210206,1호선,개봉,13878,13834,27712
20210206,1호선,검암,3643,3665,7308
20210206,1호선,계양,5056,4727,9783
20210206,1호선,공덕,1181,1672,2853
20210206,1호선,공항화물청사,1174,1226,2400
20210206,1호선,관악,4983,4776,9759
20210206,1호선,광명,1730,1585,3315
20210206,1호선,광운대,4929,4748,9677
20210206,1호선,구로,10940,11117,22057
20210206,1호선,구일,3814,3590,7404
20210206,1호선,군포,3901,3675,7576
20210206,1호선,금정,15198,15254,30452
20210206,1호선,금천구청,6976,6990,13966
20210206,1호선,김포공항,8022,4659,12681
20210206,1호선,남영,4905,5127,10032
20210206,1호선,노량진,7079,6763,13842
20210206,1호선,녹양,2870,2853,5723
20210206,1호선,녹천,2995,2499,5494
20210206,1호선,당정,3369,3293,6662
20210206,1호선,대방,6483,6506,12989
20210206,1호선,덕계,1729,1586,3315
20210206,1호선,덕정,3427,3274,6701
20210206,1호선,도봉,3789,3600,7389
20210206,1호선,도봉산,7186,4824,12010
20210206,1호선,도원,2084,2066,4150
20210206,1호선,도화,2661,2440,5101
20210206,1호선,독산,7614,7724,15338
20210206,1호선,동대문,8850,7830,16680
20210206,1호선,동두천,1302,1516,2818
20210206,1호선,동두천중앙,2126,2075,4201
20210206,1호선,동묘앞,9739,10119,19858
20210206,1호선,동암,10762,11064,21826
20210206,1호선,동인천,9776,9559,19335
20210206,1호선,두정,3600,3603,7203
20210206,1호선,디지털미디어시티,4165,3803,7968
20210206,1호선,마곡나루,2190,2371,4561
20210206,1호선,망월사,4678,4827,9505
20210206,1호선,명학,4170,4125,8295
20210206,1호선,방학,6468,6364,12832
20210206,1호선,배방,726,666,1392
20210206,1호선,백운,4693,4592,9285
20210206,1호선,병점,9668,9445,19113
20210206,1호선,보산,1058,1067,2125
20210206,1호선,봉명,639,610,1249
20210206,1호선,부개,5497,5071,10568
20210206,1호선,부천,25065,25890,50955
20210206,1호선,부평,24777,27306,52083
20210206,1호선,서동탄,896,870,1766
20210206,1호선,서빙고,1108,997,2105
20210206,1호선,서울,28066,25748,53814
20210206,1호선,서정리,5074,4187,9261
20210206,1호선,석계,5757,6143,11900
20210206,1호선,석수,5640,5529,11169
20210206,1호선,성균관대,8374,8248,16622
20210206,1호선,성환,2241,2057,4298
20210206,1호선,세류,1957,1953,3910
20210206,1호선,세마,1649,1497,3146
20210206,1호선,소사,6253,6101,12354
20210206,1호선,소요산,2620,2250,4870
20210206,1호선,송내,15432,15189,30621
20210206,1호선,송탄,3463,3071,6534
20210206,1호선,수원,28825,31364,60189
20210206,1호선,시청,7484,7416,14900
20210206,1호선,신길,5560,4535,10095
20210206,1호선,신도림,2276,2350,4626
20210206,1호선,신설동,8418,8188,16606
20210206,1호선,신이문,5589,5100,10689
20210206,1호선,신창,676,656,1332
20210206,1호선,쌍용,1196,1061,2257
20210206,1호선,아산,1934,1893,3827
20210206,1호선,안양,14823,14811,29634
20210206,1호선,양주,4859,4638,9497
20210206,1호선,역곡,17081,17128,34209
20210206,1호선,영등포,31010,32590,63600
20210206,1호선,영종,2022,2087,4109
20210206,1호선,오류동,7841,7220,15061
20210206,1호선,오산,7123,6899,14022
20210206,1호선,오산대,2100,1955,4055
20210206,1호선,옥수,27,23,50
20210206,1호선,온수,4003,3901,7904
20210206,1호선,온양온천,2836,2851,5687
20210206,1호선,왕십리,9906,11027,20933
20210206,1호선,외대앞,5000,4850,9850
20210206,1호선,용산,22187,23921,46108
20210206,1호선,운서,4448,4665,9113
20210206,1호선,월계,4133,3828,7961
20210206,1호선,응봉,1201,1052,2253
20210206,1호선,의왕,4886,4860,9746
20210206,1호선,의정부,14315,15029,29344
20210206,1호선,이촌,2460,1843,4303
20210206,1호선,인천,3017,2489,5506
20210206,1호선,인천공항1터미널,2616,2702,5318
20210206,1호선,인천공항2터미널,1535,1409,2944
20210206,1호선,제기동,16464,17388,33852
20210206,1호선,제물포,6243,5948,12191
20210206,1호선,종각,14295,13388,27683
20210206,1호선,종로3가,17899,16988,34887
20210206,1호선,종로5가,14959,15324,30283
20210206,1호선,주안,12843,11563,24406
20210206,1호선,중동,5548,5333,10881
20210206,1호선,지제,2099,1836,3935
20210206,1호선,지행,4214,4251,8465
20210206,1호선,직산,502,495,997
20210206,1호선,진위,858,761,1619
20210206,1호선,천안,4317,4502,8819
20210206,1호선,청라국제도시,3115,3049,6164
20210206,1호선,청량리,29875,31547,61422
20210206,1호선,평택,10038,9694,19732
20210206,1호선,한남,2440,2311,4751
20210206,1호선,홍대입구,8633,8144,16777
20210206,1호선,화서,4205,4212,8417
20210206,1호선,회룡,7999,8241,16240
20210207,1호선,가능,3140,2969,6109
20210207,1호선,가산디지털단지,3465,4802,8267
20210207,1호선,간석,2579,2447,5026
20210207,1호선,개봉,9195,9402,18597
20210207,1호선,검암,2679,2701,5380
20210207,1호선,계양,3528,3435,6963
20210207,1호선,공덕,866,1146,2012
20210207,1호선,공항화물청사,908,991,1899
20210207,1호선,관악,3766,3471,7237
20210207,1호선,광명,1560,1226,2786
20210207,1호선,광운대,3596,3585,7181
20210207,1호선,구로,7620,7677,15297
20210207,1호선,구일,2466,2402,4868
20210207,1호선,군포,2542,2490,5032
20210207,1호선,금정,10555,11121,21676
20210207,1호선,금천구청,4867,4826,9693
20210207,1호선,김포공항,8219,4730,12949
20210207,1호선,남영,3495,3518,7013
20210207,1호선,노량진,4927,4676,9603
20210207,1호선,녹양,2250,2152,4402
20210207,1호선,녹천,2215,1904,4119
20210207,1호선,당정,2350,2439,4789
20210207,1호선,대방,4563,4863,9426
20210207,1호선,덕계,1255,1146,2401
20210207,1호선,덕정,2570,2630,5200
20210207,1호선,도봉,2876,2674,5550
20210207,1호선,도봉산,6825,4841,11666
20210207,1호선,도원,1318,1345,2663
20210207,1호선,도화,1969,1772,3741
20210207,1호선,독산,5217,5351,10568
20210207,1호선,동대문,7033,7843,14876
20210207,1호선,동두천,961,1196,2157
20210207,1호선,동두천중앙,1640,1593,3233
20210207,1호선,동묘앞,10672,10792,21464
20210207,1호선,동암,7813,7715,15528
20210207,1호선,동인천,7258,6964,14222
20210207,1호선,두정,2822,3028,5850
20210207,1호선,디지털미디어시티,2721,2718,5439
20210207,1호선,마곡나루,1423,1596,3019
20210207,1호선,망월사,3906,4024,7930
20210207,1호선,명학,2720,2703,5423
20210207,1호선,방학,4856,4721,9577
20210207,1호선,배방,574,609,1183
20210207,1호선,백운,3212,3204,6416
20210207,1호선,병점,7108,7670,14778
20210207,1호선,보산,969,858,1827
20210207,1호선,봉명,426,443,869
20210207,1호선,부개,3761,3575,7336
20210207,1호선,부천,18720,18328,37048
20210207,1호선,부평,18967,19446,38413
20210207,1호선,서동탄,619,594,1213
20210207,1호선,서빙고,808,826,1634
20210207,1호선,서울,23780,20429,44209
20210207,1호선,서정리,3195,4344,7539
20210207,1호선,석계,3942,4234,8176
20210207,1호선,석수,4111,4082,8193
20210207,1호선,성균관대,5920,6124,12044
20210207,1호선,성환,1680,1968,3648
20210207,1호선,세류,1448,1522,2970
20210207,1호선,세마,1237,1187,2424
20210207,1호선,소사,4325,4095,8420
20210207,1호선,소요산,2625,2313,4938
20210207,1호선,송내,10441,10367,20808
20210207,1호선,송탄,2470,2730,5200
20210207,1호선,수원,24419,24463,48882
20210207,1호선,시청,5293,4932,10225
20210207,1호선,신길,4054,3392,7446
20210207,1호선,신도림,1563,1666,3229
20210207,1호선,신설동,6056,6146,12202
20210207,1호선,신이문,4044,3755,7799
20210207,1호선,신창,625,640,1265
20210207,1호선,쌍용,901,886,1787
20210207,1호선,아산,1811,1504,3315
20210207,1호선,안양,10704,10576,21280
20210207,1호선,양주,3651,3568,7219
20210207,1호선,역곡,11810,11769,23579
20210207,1호선,영등포,24356,23700,48056
20210207,1호선,영종,1603,1622,3225
20210207,1호선,오류동,5753,5213,10966
20210207,1호선,오산,5536,5967,11503
20210207,1호선,오산대,1489,1432,2921
20210207,1호선,옥수,44,21,65
20210207,1호선,온수,2869,2729,5598
20210207,1호선,온양온천,2349,2481,4830
20210207,1호선,왕십리,7214,7962,15176
20210207,1호선,외대앞,3658,3647,7305
20210207,1호선,용산,19301,18543,37844
20210207,1호선,운서,3906,3861,7767
20210207,1호선,월계,3224,2979,6203
20210207,1호선,응봉,787,757,1544
20210207,1호선,의왕,3448,3425,6873
20210207,1호선,의정부,11279,11372,22651
20210207,1호선,이촌,1697,1382,3079
20210207,1호선,인천,2499,2017,4516
20210207,1호선,인천공항1터미널,2599,2618,5217
20210207,1호선,인천공항2터미널,1406,1264,2670
20210207,1호선,제기동,10574,11317,21891
20210207,1호선,제물포,4404,4304,8708
20210207,1호선,종각,9458,8401,17859
20210207,1호선,종로3가,10665,9734,20399
20210207,1호선,종로5가,6889,6852,13741
20210207,1호선,주안,9449,8312,17761
20210207,1호선,중동,3905,3592,7497
20210207,1호선,지제,1369,1498,2867
20210207,1호선,지행,3274,3171,6445
20210207,1호선,직산,374,415,789
20210207,1호선,진위,521,542,1063
20210207,1호선,천안,4068,3727,7795
20210207,1호선,청라국제도시,2212,2115,4327
20210207,1호선,청량리,22285,22415,44700
20210207,1호선,평택,8245,8491,16736
20210207,1호선,한남,1645,1651,3296
20210207,1호선,홍대입구,6711,5992,12703
20210207,1호선,화서,2931,2797,5728
20210207,1호선,회룡,5793,5759,11552
20210213,1호선,가능,3271,2960,6231
20210213,1호선,가산디지털단지,3688,5764,9452
20210213,1호선,간석,2855,2599,5454
20210213,1호선,개봉,9555,9503,19058
20210213,1호선,검암,3006,3006,6012
20210213,1호선,계양,3880,3600,7480
20210213,1호선,공덕,819,1193,2012
20210213,1호선,공항화물청사,858,889,1747
20210213,1호선,관악,4157,3695,7852
20210213,1호선,광명,1818,1089,2907
20210213,1호선,광운대,3344,3544,6888
20210213,1호선,구로,7301,7863,15164
20210213,1호선,구일,2610,2539,5149
20210213,1호선,군포,2687,2457,5144
20210213,1호선,금정,11251,11480,22731
20210213,1호선,금천구청,5103,5239,10342
20210213,1호선,김포공항,9303,4219,13522
20210213,1호선,남영,2890,3322,6212
20210213,1호선,노량진,5040,5045,10085
20210213,1호선,녹양,2267,2037,4304
20210213,1호선,녹천,2223,1902,4125
20210213,1호선,당정,2443,2396,4839
20210213,1호선,대방,4234,4474,8708
20210213,1호선,덕계,1361,1145,2506
20210213,1호선,덕정,2769,2565,5334
20210213,1호선,도봉,2896,2682,5578
20210213,1호선,도봉산,8050,5702,13752
20210213,1호선,도원,1305,1344,2649
20210213,1호선,도화,1912,1782,3694
20210213,1호선,독산,4400,4722,9122
20210213,1호선,동대문,7782,7636,15418
20210213,1호선,동두천,998,1181,2179
20210213,1호선,동두천중앙,1835,1669,3504
20210213,1호선,동묘앞,8574,9357,17931
20210213,1호선,동암,8418,8295,16713
20210213,1호선,동인천,8047,7749,15796
20210213,1호선,두정,2879,2957,5836
20210213,1호선,디지털미디어시티,2724,2788,5512
20210213,1호선,마곡나루,1475,1722,3197
20210213,1호선,망월사,3222,3375,6597
20210213,1호선,명학,2643,2395,5038
20210213,1호선,방학,4618,4515,9133
20210213,1호선,배방,574,533,1107
20210213,1호선,백운,3472,3258,6730
20210213,1호선,병점,7227,7747,14974
20210213,1호선,보산,1119,1030,2149
20210213,1호선,봉명,379,383,762
20210213,1호선,부개,3794,3406,7200
20210213,1호선,부천,18478,18878,37356
20210213,1호선,부평,22283,23100,45383
20210213,1호선,서동탄,748,646,1394
20210213,1호선,서빙고,739,687,1426
20210213,1호선,서울,28331,18205,46536
20210213,1호선,서정리,3132,3410,6542
20210213,1호선,석계,4038,4517,8555
20210213,1호선,석수,4436,4364,8800
20210213,1호선,성균관대,5770,6327,12097
20210213,1호선,성환,2013,1922,3935
20210213,1호선,세류,1557,1559,3116
20210213,1호선,세마,1296,1186,2482
20210213,1호선,소사,4497,4116,8613
20210213,1호선,소요산,3246,2673,5919
20210213,1호선,송내,10868,10493,21361
20210213,1호선,송탄,2816,2799,5615
20210213,1호선,수원,30811,30692,61503
20210213,1호선,시청,5492,5409,10901
20210213,1호선,신길,3468,3158,6626
20210213,1호선,신도림,1509,1802,3311
20210213,1호선,신설동,5197,5442,10639
20210213,1호선,신이문,3819,3531,7350
20210213,1호선,신창,798,615,1413
20210213,1호선,쌍용,934,796,1730
20210213,1호선,아산,1907,1430,3337
20210213,1호선,안양,11472,11295,22767
20210213,1호선,양주,4118,3810,7928
20210213,1호선,역곡,11787,11490,23277
20210213,1호선,영등포,27249,28303,55552
20210213,1호선,영종,1796,1794,3590
20210213,1호선,오류동,5071,4944,10015
20210213,1호선,오산,6614,6619,13233
20210213,1호선,오산대,1644,1603,3247
20210213,1호선,옥수,35,9,44
20210213,1호선,온수,2907,2646,5553
20210213,1호선,온양온천,2810,2513,5323
20210213,1호선,왕십리,6664,8087,14751
20210213,1호선,외대앞,3117,3335,6452
20210213,1호선,용산,22449,18916,41365
20210213,1호선,운서,3623,3987,7610
20210213,1호선,월계,3009,2850,5859
20210213,1호선,응봉,956,851,1807
20210213,1호선,의왕,3565,3457,7022
20210213,1호선,의정부,12466,13063,25529
20210213,1호선,이촌,1716,1377,3093
20210213,1호선,인천,4413,3719,8132
20210213,1호선,인천공항1터미널,2940,2910,5850
20210213,1호선,인천공항2터미널,1492,1283,2775
20210213,1호선,제기동,5254,5521,10775
20210213,1호선,제물포,4637,4374,9011
20210213,1호선,종각,10947,9664,20611
20210213,1호선,종로3가,12456,11093,23549
20210213,1호선,종로5가,7384,7822,15206
20210213,1호선,주안,9776,8698,18474
20210213,1호선,중동,3927,3727,7654
20210213,1호선,지제,1377,1174,2551
20210213,1호선,지행,3688,3318,7006
20210213,1호선,직산,499,445,944
20210213,1호선,진위,655,558,1213
20210213,1호선,창동,1,0,1
20210213,1호선,천안,5110,4326,9436
20210213,1호선,청라국제도시,2394,2184,4578
20210213,1호선,청량리,18717,18132,36849
20210213,1호선,평택,9689,9002,18691
20210213,1호선,한남,1645,1608,3253
20210213,1호선,홍대입구,6784,6954,13738
20210213,1호선,화서,3160,3078,6238
20210213,1호선,회룡,5935,5700,11635
20210214,1호선,가능,3192,2974,6166
20210214,1호선,가산디지털단지,3506,5335,8841
20210214,1호선,간석,2496,2332,4828
20210214,1호선,개봉,9134,9065,18199
20210214,1호선,검암,2803,2818,5621
20210214,1호선,계양,3554,3494,7048
20210214,1호선,공덕,856,1119,1975
20210214,1호선,공항화물청사,805,902,1707
20210214,1호선,관악,3899,3565,7464
20210214,1호선,광명,1822,1121,2943
20210214,1호선,광운대,3088,3326,6414
20210214,1호선,구로,7345,7410,14755
20210214,1호선,구일,2398,2487,4885
20210214,1호선,군포,2575,2461,5036
20210214,1호선,금정,10832,11128,21960
20210214,1호선,금천구청,4821,4781,9602
20210214,1호선,김포공항,12693,4938,17631
20210214,1호선,남영,2887,3347,6234
20210214,1호선,노량진,4251,4252,8503
20210214,1호선,녹양,2131,1996,4127
20210214,1호선,녹천,2022,1771,3793
20210214,1호선,당정,2446,2371,4817
20210214,1호선,대방,4120,4846,8966
20210214,1호선,덕계,1283,1167,2450
20210214,1호선,덕정,2572,2555,5127
20210214,1호선,도봉,2744,2715,5459
20210214,1호선,도봉산,7610,5310,12920
20210214,1호선,도원,1390,1367,2757
20210214,1호선,도화,1976,1757,3733
20210214,1호선,독산,4364,4813,9177
20210214,1호선,동대문,7228,7000,14228
20210214,1호선,동두천,988,1166,2154
20210214,1호선,동두천중앙,1718,1518,3236
20210214,1호선,동묘앞,9133,9720,18853
20210214,1호선,동암,7955,7549,15504
20210214,1호선,동인천,7346,6946,14292
20210214,1호선,두정,2989,3150,6139
20210214,1호선,디지털미디어시티,2561,2789,5350
20210214,1호선,마곡나루,1387,1549,2936
20210214,1호선,망월사,3341,3465,6806
20210214,1호선,명학,2533,2521,5054
20210214,1호선,방학,4654,4536,9190
20210214,1호선,배방,624,670,1294
20210214,1호선,백운,3195,3042,6237
20210214,1호선,병점,7050,8179,15229
20210214,1호선,보산,1150,951,2101
20210214,1호선,봉명,390,418,808
20210214,1호선,부개,3670,3278,6948
20210214,1호선,부천,17180,16735,33915
20210214,1호선,부평,19627,19506,39133
20210214,1호선,서동탄,716,680,1396
20210214,1호선,서빙고,814,847,1661
20210214,1호선,서울,29543,19403,48946
20210214,1호선,서정리,3077,5005,8082
20210214,1호선,석계,3863,4315,8178
20210214,1호선,석수,4080,4059,8139
20210214,1호선,성균관대,5832,6529,12361
20210214,1호선,성환,1955,2224,4179
20210214,1호선,세류,1835,1656,3491
20210214,1호선,세마,1314,1212,2526
20210214,1호선,소사,4480,4045,8525
20210214,1호선,소요산,3174,2551,5725
20210214,1호선,송내,10330,9841,20171
20210214,1호선,송탄,2673,3166,5839
20210214,1호선,수원,28612,28008,56620
20210214,1호선,시청,5015,5090,10105
20210214,1호선,신길,3729,3514,7243
20210214,1호선,신도림,1560,1654,3214
20210214,1호선,신설동,5224,5718,10942
20210214,1호선,신이문,3651,3479,7130
20210214,1호선,신창,860,791,1651
20210214,1호선,쌍용,909,870,1779
20210214,1호선,아산,2271,1616,3887
20210214,1호선,안양,10959,10683,21642
20210214,1호선,양주,4012,3741,7753
20210214,1호선,역곡,10948,10730,21678
20210214,1호선,영등포,24689,24430,49119
20210214,1호선,영종,1667,1637,3304
20210214,1호선,오류동,5116,5180,10296
20210214,1호선,오산,6656,7241,13897
20210214,1호선,오산대,1613,1577,3190
20210214,1호선,옥수,47,12,59
20210214,1호선,온수,2754,2704,5458
20210214,1호선,온양온천,3131,2993,6124
20210214,1호선,왕십리,6136,7527,13663
20210214,1호선,외대앞,3156,3385,6541
20210214,1호선,용산,22014,18039,40053
20210214,1호선,운서,3597,4087,7684
20210214,1호선,월계,2838,2589,5427
20210214,1호선,응봉,767,700,1467
20210214,1호선,의왕,3431,3372,6803
20210214,1호선,의정부,11693,11975,23668
20210214,1호선,이촌,1695,1391,3086
20210214,1호선,인천,3234,2625,5859
20210214,1호선,인천공항1터미널,2668,2629,5297
20210214,1호선,인천공항2터미널,1389,1270,2659
20210214,1호선,제기동,5872,6183,12055
20210214,1호선,제물포,4429,4257,8686
20210214,1호선,종각,9275,8386,17661
20210214,1호선,종로3가,10589,9277,19866
20210214,1호선,종로5가,5780,6060,11840
20210214,1호선,주안,9492,8391,17883
20210214,1호선,중동,3854,3430,7284
20210214,1호선,지제,1494,1552,3046
20210214,1호선,지행,3555,3257,6812
20210214,1호선,직산,426,456,882
20210214,1호선,진위,641,615,1256
20210214,1호선,창동,1,0,1
20210214,1호선,천안,5271,4468,9739
20210214,1호선,청라국제도시,2327,2171,4498
20210214,1호선,청량리,18308,17619,35927
20210214,1호선,평택,9707,10025,19732
20210214,1호선,한남,1528,1535,3063
20210214,1호선,홍대입구,6645,6558,13203
20210214,1호선,화서,2955,2855,5810
20210214,1호선,회룡,5778,5768,11546
20210220,1호선,가능,4602,4390,8992
20210220,1호선,가산디지털단지,5548,7448,12996
20210220,1호선,간석,3852,3746,7598
20210220,1호선,개봉,14698,14758,29456
20210220,1호선,검암,4212,4374,8586
20210220,1호선,계양,5640,5145,10785
20210220,1호선,공덕,1364,1915,3279
20210220,1호선,공항화물청사,1191,1261,2452
20210220,1호선,관악,5415,5092,10507
20210220,1호선,광명,1996,1808,3804
20210220,1호선,광운대,5046,5024,10070
20210220,1호선,구로,12325,12807,25132
20210220,1호선,구일,4188,3943,8131
20210220,1호선,군포,4130,3794,7924
20210220,1호선,금정,16323,16473,32796
20210220,1호선,금천구청,7527,7443,14970
20210220,1호선,김포공항,9382,5023,14405
20210220,1호선,남영,5522,5589,11111
20210220,1호선,노량진,7523,6976,14499
20210220,1호선,녹양,3197,3082,6279
20210220,1호선,녹천,3134,2634,5768
20210220,1호선,당정,3689,3537,7226
20210220,1호선,대방,7210,7222,14432
20210220,1호선,덕계,1843,1699,3542
20210220,1호선,덕정,3732,3421,7153
20210220,1호선,도봉,4178,3968,8146
20210220,1호선,도봉산,8849,6061,14910
20210220,1호선,도원,2007,2029,4036
20210220,1호선,도화,2886,2614,5500
20210220,1호선,독산,7825,7780,15605
20210220,1호선,동대문,9650,8894,18544
20210220,1호선,동두천,1387,1630,3017
20210220,1호선,동두천중앙,2423,2513,4936
20210220,1호선,동묘앞,10852,11506,22358
20210220,1호선,동암,11677,11796,23473
20210220,1호선,동인천,10844,10385,21229
20210220,1호선,두정,4176,4316,8492
20210220,1호선,디지털미디어시티,4583,4419,9002
20210220,1호선,마곡나루,2503,2759,5262
20210220,1호선,망월사,4847,4982,9829
20210220,1호선,명학,4564,4411,8975
20210220,1호선,방학,6677,6483,13160
20210220,1호선,배방,749,718,1467
20210220,1호선,백운,4942,4893,9835
20210220,1호선,병점,10404,10444,20848
20210220,1호선,보산,1826,1719,3545
20210220,1호선,봉명,616,605,1221
20210220,1호선,부개,5931,5444,11375
20210220,1호선,부천,26416,27291,53707
20210220,1호선,부평,26980,29464,56444
20210220,1호선,서동탄,933,928,1861
20210220,1호선,서빙고,1191,1009,2200
20210220,1호선,서울,34137,30480,64617
20210220,1호선,서정리,5589,4535,10124
20210220,1호선,석계,6031,6562,12593
20210220,1호선,석수,6192,5948,12140
20210220,1호선,성균관대,9224,9195,18419
20210220,1호선,성환,2336,2161,4497
20210220,1호선,세류,2116,2175,4291
20210220,1호선,세마,1881,1706,3587
20210220,1호선,소사,7049,6805,13854
20210220,1호선,소요산,3293,2908,6201
20210220,1호선,송내,16325,16031,32356
20210220,1호선,송탄,4039,3783,7822
20210220,1호선,수원,33228,35490,68718
20210220,1호선,시청,8461,8691,17152
20210220,1호선,신길,6032,4997,11029
20210220,1호선,신도림,2563,2633,5196
20210220,1호선,신설동,8747,8401,17148
20210220,1호선,신이문,5776,5161,10937
20210220,1호선,신창,806,664,1470
20210220,1호선,쌍용,1241,1146,2387
20210220,1호선,아산,2058,1984,4042
20210220,1호선,안양,16043,15999,32042
20210220,1호선,양주,5475,5341,10816
20210220,1호선,역곡,18217,18137,36354
20210220,1호선,영등포,34638,35927,70565
20210220,1호선,영종,2385,2451,4836
20210220,1호선,오류동,8243,7590,15833
20210220,1호선,오산,8032,7534,15566
20210220,1호선,오산대,2306,2080,4386
20210220,1호선,옥수,23,31,54
20210220,1호선,온수,4309,4009,8318
20210220,1호선,온양온천,2830,2952,5782
20210220,1호선,왕십리,10838,12228,23066
20210220,1호선,외대앞,5225,5003,10228
20210220,1호선,용산,25505,26724,52229
20210220,1호선,운서,5002,5112,10114
20210220,1호선,월계,4322,3943,8265
20210220,1호선,응봉,1360,1126,2486
20210220,1호선,의왕,5330,5185,10515
20210220,1호선,의정부,15756,16763,32519
20210220,1호선,이촌,2774,2038,4812
20210220,1호선,인천,3843,3278,7121
20210220,1호선,인천공항1터미널,2895,3099,5994
20210220,1호선,인천공항2터미널,1523,1367,2890
20210220,1호선,제기동,14447,14892,29339
20210220,1호선,제물포,6817,6475,13292
20210220,1호선,종각,16344,14808,31152
20210220,1호선,종로3가,19769,18618,38387
20210220,1호선,종로5가,16124,16425,32549
20210220,1호선,주안,14563,12869,27432
20210220,1호선,중동,5911,5611,11522
20210220,1호선,지제,2287,2121,4408
20210220,1호선,지행,4945,4810,9755
20210220,1호선,직산,514,489,1003
20210220,1호선,진위,901,800,1701
20210220,1호선,창동,1,0,1
20210220,1호선,천안,4573,4669,9242
20210220,1호선,청라국제도시,3493,3333,6826
20210220,1호선,청량리,29935,31550,61485
20210220,1호선,평택,10843,10461,21304
20210220,1호선,한남,2574,2373,4947
20210220,1호선,홍대입구,10031,9531,19562
20210220,1호선,화서,4532,4546,9078
20210220,1호선,회룡,8676,8602,17278
20210221,1호선,가능,3321,3143,6464
20210221,1호선,가산디지털단지,3911,5405,9316
20210221,1호선,간석,2691,2641,5332
20210221,1호선,개봉,10337,10263,20600
20210221,1호선,검암,3128,3266,6394
20210221,1호선,계양,4115,4071,8186
20210221,1호선,공덕,995,1363,2358
20210221,1호선,공항화물청사,886,967,1853
20210221,1호선,관악,4352,3914,8266
20210221,1호선,광명,1876,1338,3214
20210221,1호선,광운대,3805,3838,7643
20210221,1호선,구로,8182,8350,16532
20210221,1호선,구일,2953,2874,5827
20210221,1호선,군포,2789,2699,5488
20210221,1호선,금정,11793,12206,23999
20210221,1호선,금천구청,5464,5449,10913
20210221,1호선,김포공항,9657,4897,14554
20210221,1호선,남영,3582,3825,7407
20210221,1호선,노량진,5166,4948,10114
20210221,1호선,녹양,2402,2333,4735
20210221,1호선,녹천,2318,2019,4337
20210221,1호선,당정,2635,2727,5362
20210221,1호선,대방,5175,5364,10539
20210221,1호선,덕계,1344,1287,2631
20210221,1호선,덕정,2778,2785,5563
20210221,1호선,도봉,3158,2998,6156
20210221,1호선,도봉산,8735,6478,15213
20210221,1호선,도원,1609,1568,3177
20210221,1호선,도화,2061,1959,4020
20210221,1호선,독산,5205,5252,10457
20210221,1호선,동대문,8109,8457,16566
20210221,1호선,동두천,1062,1385,2447
20210221,1호선,동두천중앙,1771,1663,3434
20210221,1호선,동묘앞,11818,12254,24072
20210221,1호선,동암,8442,8359,16801
20210221,1호선,동인천,8102,7785,15887
20210221,1호선,두정,3457,3587,7044
20210221,1호선,디지털미디어시티,3171,3191,6362
20210221,1호선,마곡나루,1752,1937,3689
20210221,1호선,망월사,3704,3816,7520
20210221,1호선,명학,3006,3035,6041
20210221,1호선,방학,5220,4957,10177
20210221,1호선,배방,635,690,1325
20210221,1호선,백운,3468,3440,6908
20210221,1호선,병점,7842,8414,16256
20210221,1호선,보산,1413,1191,2604
20210221,1호선,봉명,471,438,909
20210221,1호선,부개,4148,3867,8015
20210221,1호선,부천,19971,19746,39717
20210221,1호선,부평,20187,20789,40976
20210221,1호선,서동탄,694,760,1454
20210221,1호선,서빙고,1070,1080,2150
20210221,1호선,서울,29346,23608,52954
20210221,1호선,서정리,3414,4694,8108
20210221,1호선,석계,4388,4705,9093
20210221,1호선,석수,4726,4659,9385
20210221,1호선,성균관대,6886,7315,14201
20210221,1호선,성환,1924,2181,4105
20210221,1호선,세류,1702,1733,3435
20210221,1호선,세마,1445,1331,2776
20210221,1호선,소사,5114,4802,9916
20210221,1호선,소요산,3723,3225,6948
20210221,1호선,송내,11478,11358,22836
20210221,1호선,송탄,2921,3279,6200
20210221,1호선,수원,28536,28078,56614
20210221,1호선,시청,5985,5805,11790
20210221,1호선,신길,4474,3797,8271
20210221,1호선,신도림,1872,1990,3862
20210221,1호선,신설동,6707,6681,13388
20210221,1호선,신이문,4327,3988,8315
20210221,1호선,신창,681,763,1444
20210221,1호선,쌍용,902,932,1834
20210221,1호선,아산,1949,1538,3487
20210221,1호선,안양,12010,11522,23532
20210221,1호선,양주,4154,4061,8215
20210221,1호선,역곡,12469,12509,24978
20210221,1호선,영등포,27179,26281,53460
20210221,1호선,영종,1937,1911,3848
20210221,1호선,오류동,5998,5533,11531
20210221,1호선,오산,6198,6747,12945
20210221,1호선,오산대,1740,1640,3380
20210221,1호선,옥수,37,15,52
20210221,1호선,온수,3216,3133,6349
20210221,1호선,온양온천,2496,2527,5023
20210221,1호선,왕십리,7816,8636,16452
20210221,1호선,외대앞,4022,3876,7898
20210221,1호선,용산,22487,20674,43161
20210221,1호선,운서,4068,4415,8483
20210221,1호선,월계,3308,3173,6481
20210221,1호선,응봉,963,949,1912
20210221,1호선,의왕,3861,3946,7807
20210221,1호선,의정부,12429,12539,24968
20210221,1호선,이촌,2164,1568,3732
20210221,1호선,인천,3590,2997,6587
20210221,1호선,인천공항1터미널,3095,3096,6191
20210221,1호선,인천공항2터미널,1452,1331,2783
20210221,1호선,제기동,8641,9066,17707
20210221,1호선,제물포,4778,4735,9513
20210221,1호선,종각,10628,9207,19835
20210221,1호선,종로3가,12583,11196,23779
20210221,1호선,종로5가,7657,7748,15405
20210221,1호선,주안,10393,9112,19505
20210221,1호선,중동,4158,3953,8111
20210221,1호선,지제,1724,1651,3375
20210221,1호선,지행,3750,3629,7379
20210221,1호선,직산,417,520,937
20210221,1호선,진위,612,672,1284
20210221,1호선,천안,4351,4161,8512
20210221,1호선,청라국제도시,2603,2501,5104
20210221,1호선,청량리,22655,22017,44672
20210221,1호선,평택,9103,9479,18582
20210221,1호선,한남,1762,1728,3490
20210221,1호선,홍대입구,8279,7254,15533
20210221,1호선,화서,3202,3182,6384
20210221,1호선,회룡,6366,6306,12672
20210227,1호선,가능,4752,4466,9218
20210227,1호선,가산디지털단지,5770,7658,13428
20210227,1호선,간석,4098,3927,8025
20210227,1호선,개봉,15487,15017,30504
20210227,1호선,검암,4513,4487,9000
20210227,1호선,계양,6115,5521,11636
20210227,1호선,공덕,1321,2054,3375
20210227,1호선,공항화물청사,1253,1286,2539
20210227,1호선,관악,5692,5341,11033
20210227,1호선,광명,2166,2286,4452
20210227,1호선,광운대,5306,5194,10500
20210227,1호선,구로,12703,13201,25904
20210227,1호선,구일,4457,4123,8580
20210227,1호선,군포,4016,3741,7757
20210227,1호선,금정,17169,16976,34145
20210227,1호선,금천구청,7868,7836,15704
20210227,1호선,김포공항,11102,5131,16233
20210227,1호선,남영,5450,5583,11033
20210227,1호선,노량진,7989,7282,15271
20210227,1호선,녹양,3309,3189,6498
20210227,1호선,녹천,3075,2543,5618
20210227,1호선,당정,3786,3520,7306
20210227,1호선,대방,7656,7506,15162
20210227,1호선,덕계,2007,1849,3856
20210227,1호선,덕정,3972,3758,7730
20210227,1호선,도봉,4155,3914,8069
20210227,1호선,도봉산,9503,6359,15862
20210227,1호선,도원,2032,2092,4124
20210227,1호선,도화,2950,2660,5610
20210227,1호선,독산,8015,8179,16194
20210227,1호선,동대문,10170,9424,19594
20210227,1호선,동두천,1340,1741,3081
20210227,1호선,동두천중앙,2316,2282,4598
20210227,1호선,동묘앞,11380,11950,23330
20210227,1호선,동암,12006,12185,24191
20210227,1호선,동인천,11213,10915,22128
20210227,1호선,두정,4335,4556,8891
20210227,1호선,디지털미디어시티,5068,4524,9592
20210227,1호선,마곡나루,2663,2895,5558
20210227,1호선,망월사,5111,5272,10383
20210227,1호선,명학,4900,4683,9583
20210227,1호선,방학,6871,6722,13593
20210227,1호선,배방,866,784,1650
20210227,1호선,백운,5199,5074,10273
20210227,1호선,병점,10997,10758,21755
20210227,1호선,보산,1727,1684,3411
20210227,1호선,봉명,626,610,1236
20210227,1호선,부개,5953,5517,11470
20210227,1호선,부천,27726,28450,56176
20210227,1호선,부평,28124,30605,58729
20210227,1호선,서동탄,969,977,1946
20210227,1호선,서빙고,1258,1114,2372
20210227,1호선,서울,37879,37110,74989
20210227,1호선,서정리,5841,4776,10617
20210227,1호선,석계,6307,6673,12980
20210227,1호선,석수,6735,6513,13248
20210227,1호선,성균관대,9600,9620,19220
20210227,1호선,성환,2587,2387,4974
20210227,1호선,세류,2358,2310,4668
20210227,1호선,세마,1914,1731,3645
20210227,1호선,소사,7460,7130,14590
20210227,1호선,소요산,3723,3168,6891
20210227,1호선,송내,17094,16949,34043
20210227,1호선,송탄,4303,3803,8106
20210227,1호선,수원,34763,37869,72632
20210227,1호선,시청,8899,9000,17899
20210227,1호선,신길,6098,4896,10994
20210227,1호선,신도림,2729,2831,5560
20210227,1호선,신설동,9053,8671,17724
20210227,1호선,신이문,5849,5373,11222
20210227,1호선,신창,835,874,1709
20210227,1호선,쌍용,1301,1143,2444
20210227,1호선,아산,2272,2364,4636
20210227,1호선,안양,16828,16766,33594
20210227,1호선,양주,5747,5548,11295
20210227,1호선,역곡,18821,18624,37445
20210227,1호선,영등포,36100,37963,74063
20210227,1호선,영종,2523,2614,5137
20210227,1호선,오류동,8675,7984,16659
20210227,1호선,오산,8804,8107,16911
20210227,1호선,오산대,2446,2352,4798
20210227,1호선,옥수,46,27,73
20210227,1호선,온수,4535,4249,8784
20210227,1호선,온양온천,3262,3274,6536
20210227,1호선,왕십리,11304,12667,23971
20210227,1호선,외대앞,5513,5243,10756
20210227,1호선,용산,27766,31588,59354
20210227,1호선,운서,5247,5516,10763
20210227,1호선,월계,4404,4135,8539
20210227,1호선,응봉,1391,1166,2557
20210227,1호선,의왕,5680,5497,11177
20210227,1호선,의정부,16498,17311,33809
20210227,1호선,이촌,3052,2162,5214
20210227,1호선,인천,4412,3884,8296
20210227,1호선,인천공항1터미널,3264,3512,6776
20210227,1호선,인천공항2터미널,1597,1498,3095
20210227,1호선,제기동,14004,14303,28307
20210227,1호선,제물포,6961,6700,13661
20210227,1호선,종각,16747,15236,31983
20210227,1호선,종로3가,20695,19485,40180
20210227,1호선,종로5가,16608,16859,33467
20210227,1호선,주안,14767,13165,27932
20210227,1호선,중동,6113,5711,11824
20210227,1호선,지제,2555,2408,4963
20210227,1호선,지행,5007,4873,9880
20210227,1호선,직산,601,559,1160
20210227,1호선,진위,994,871,1865
20210227,1호선,창동,2,0,2
20210227,1호선,천안,5141,5493,10634
20210227,1호선,청라국제도시,3843,3552,7395
20210227,1호선,청량리,31082,33094,64176
20210227,1호선,평택,11907,11389,23296
20210227,1호선,한남,2666,2587,5253
20210227,1호선,홍대입구,10436,10063,20499
20210227,1호선,화서,4805,4887,9692
20210227,1호선,회룡,8962,8926,17888
20210228,1호선,가능,3747,3445,7192
20210228,1호선,가산디지털단지,4283,5845,10128
20210228,1호선,간석,2884,2745,5629
20210228,1호선,개봉,11083,11118,22201
20210228,1호선,검암,3404,3544,6948
20210228,1호선,계양,4485,4229,8714
20210228,1호선,공덕,977,1410,2387
20210228,1호선,공항화물청사,897,939,1836
20210228,1호선,관악,4611,4118,8729
20210228,1호선,광명,1810,1451,3261
20210228,1호선,광운대,4182,4206,8388
20210228,1호선,구로,9112,9402,18514
20210228,1호선,구일,3132,3082,6214
20210228,1호선,군포,2814,2603,5417
20210228,1호선,금정,12945,12921,25866
20210228,1호선,금천구청,5804,5615,11419
20210228,1호선,김포공항,9626,5047,14673
20210228,1호선,남영,4270,4356,8626
20210228,1호선,노량진,5884,5580,11464
20210228,1호선,녹양,2535,2433,4968
20210228,1호선,녹천,2721,2309,5030
20210228,1호선,당정,2906,2822,5728
20210228,1호선,대방,5389,5663,11052
20210228,1호선,덕계,1523,1417,2940
20210228,1호선,덕정,3019,2984,6003
20210228,1호선,도봉,3427,3140,6567
20210228,1호선,도봉산,9377,6587,15964
20210228,1호선,도원,1499,1601,3100
20210228,1호선,도화,2220,1978,4198
20210228,1호선,독산,5681,5769,11450
20210228,1호선,동대문,9136,9572,18708
20210228,1호선,동두천,1119,1581,2700
20210228,1호선,동두천중앙,1815,1719,3534
20210228,1호선,동묘앞,11963,12664,24627
20210228,1호선,동암,9270,9321,18591
20210228,1호선,동인천,9370,8893,18263
20210228,1호선,두정,3613,3987,7600
20210228,1호선,디지털미디어시티,3185,3241,6426
20210228,1호선,마곡나루,1924,2211,4135
20210228,1호선,망월사,4085,4300,8385
20210228,1호선,명학,3135,3166,6301
20210228,1호선,방학,5374,5107,10481
20210228,1호선,배방,605,636,1241
20210228,1호선,백운,3837,3679,7516
20210228,1호선,병점,8423,9033,17456
20210228,1호선,보산,1233,1359,2592
20210228,1호선,봉명,460,472,932
20210228,1호선,부개,4335,4094,8429
20210228,1호선,부천,20418,20812,41230
20210228,1호선,부평,22364,23935,46299
20210228,1호선,서동탄,818,840,1658
20210228,1호선,서빙고,1054,1133,2187
20210228,1호선,서울,31081,25164,56245
20210228,1호선,서정리,3706,4038,7744
20210228,1호선,석계,4768,5079,9847
20210228,1호선,석수,5200,5143,10343
20210228,1호선,성균관대,7390,7645,15035
20210228,1호선,성환,2035,2154,4189
20210228,1호선,세류,1769,1895,3664
20210228,1호선,세마,1551,1429,2980
20210228,1호선,소사,5620,5288,10908
20210228,1호선,소요산,3912,3388,7300
20210228,1호선,송내,12545,12271,24816
20210228,1호선,송탄,3159,3168,6327
20210228,1호선,수원,31242,31297,62539
20210228,1호선,시청,6614,6620,13234
20210228,1호선,신길,4682,3928,8610
20210228,1호선,신도림,1997,2061,4058
20210228,1호선,신설동,6804,6711,13515
20210228,1호선,신이문,4534,4176,8710
20210228,1호선,신창,821,898,1719
20210228,1호선,쌍용,973,931,1904
20210228,1호선,아산,1961,1580,3541
20210228,1호선,안양,13339,13168,26507
20210228,1호선,양주,4514,4457,8971
20210228,1호선,역곡,13533,13464,26997
20210228,1호선,영등포,29696,29330,59026
20210228,1호선,영종,2116,2196,4312
20210228,1호선,오류동,6363,5986,12349
20210228,1호선,오산,7155,7249,14404
20210228,1호선,오산대,1974,1773,3747
20210228,1호선,옥수,55,37,92
20210228,1호선,온수,3423,3207,6630
20210228,1호선,온양온천,2773,2768,5541
20210228,1호선,왕십리,8193,9128,17321
20210228,1호선,외대앞,4454,4518,8972
20210228,1호선,용산,24675,23127,47802
20210228,1호선,운서,4684,4824,9508
20210228,1호선,월계,3428,3100,6528
20210228,1호선,응봉,1064,1006,2070
20210228,1호선,의왕,4055,4104,8159
20210228,1호선,의정부,13002,13513,26515
20210228,1호선,이촌,2100,1568,3668
20210228,1호선,인천,4174,3538,7712
20210228,1호선,인천공항1터미널,3523,3563,7086
20210228,1호선,인천공항2터미널,1582,1395,2977
20210228,1호선,제기동,8795,9031,17826
20210228,1호선,제물포,5439,5209,10648
20210228,1호선,종각,12345,10590,22935
20210228,1호선,종로3가,14060,12440,26500
20210228,1호선,종로5가,8563,8684,17247
20210228,1호선,주안,11221,9974,21195
20210228,1호선,중동,4509,4132,8641
20210228,1호선,지제,1803,1519,3322
20210228,1호선,지행,3960,3881,7841
20210228,1호선,직산,469,482,951
20210228,1호선,진위,658,647,1305
20210228,1호선,천안,4667,4584,9251
20210228,1호선,청라국제도시,2791,2701,5492
20210228,1호선,청량리,24324,23953,48277
20210228,1호선,평택,9533,9839,19372
20210228,1호선,한남,1943,1933,3876
20210228,1호선,홍대입구,8709,8048,16757
20210228,1호선,화서,3543,3540,7083
20210228,1호선,회룡,6728,6942,13670
20210306,1호선,가능,4628,4470,9098
20210306,1호선,가산디지털단지,5546,7766,13312
20210306,1호선,간석,4118,3959,8077
20210306,1호선,개봉,15584,15266,30850
20210306,1호선,검암,4180,4245,8425
20210306,1호선,계양,5992,5502,11494
20210306,1호선,공덕,1377,2095,3472
20210306,1호선,공항화물청사,1332,1301,2633
20210306,1호선,관악,5702,5281,10983
20210306,1호선,광명,2067,1951,4018
20210306,1호선,광운대,5534,5332,10866
20210306,1호선,구로,12579,13228,25807
20210306,1호선,구일,4331,4102,8433
20210306,1호선,군포,4192,3879,8071
20210306,1호선,금정,16997,17369,34366
20210306,1호선,금천구청,7922,7802,15724
20210306,1호선,김포공항,9455,5148,14603
20210306,1호선,남영,5444,5551,10995
20210306,1호선,노량진,7984,7201,15185
20210306,1호선,녹양,3245,3108,6353
20210306,1호선,녹천,3133,2726,5859
20210306,1호선,당정,3784,3670,7454
20210306,1호선,대방,7631,7700,15331
20210306,1호선,덕계,1920,1726,3646
20210306,1호선,덕정,3829,3705,7534
20210306,1호선,도봉,4362,4135,8497
20210306,1호선,도봉산,9325,6559,15884
20210306,1호선,도원,2684,2811,5495
20210306,1호선,도화,2860,2642,5502
20210306,1호선,독산,7896,7830,15726
20210306,1호선,동대문,9954,9440,19394
20210306,1호선,동두천,1405,1826,3231
20210306,1호선,동두천중앙,2104,2062,4166
20210306,1호선,동묘앞,11369,12066,23435
20210306,1호선,동암,12123,12250,24373
20210306,1호선,동인천,11193,11000,22193
20210306,1호선,두정,4727,4779,9506
20210306,1호선,디지털미디어시티,4745,4441,9186
20210306,1호선,마곡나루,2680,2934,5614
20210306,1호선,망월사,5165,5328,10493
20210306,1호선,명학,4662,4681,9343
20210306,1호선,방학,6806,6818,13624
20210306,1호선,배방,858,804,1662
20210306,1호선,백운,5169,4986,10155
20210306,1호선,병점,10879,10794,21673
20210306,1호선,보산,930,938,1868
20210306,1호선,봉명,670,639,1309
20210306,1호선,부개,5862,5627,11489
20210306,1호선,부천,27478,28624,56102
20210306,1호선,부평,28111,30574,58685
20210306,1호선,서동탄,961,967,1928
20210306,1호선,서빙고,1194,1099,2293
20210306,1호선,서울,33691,30866,64557
20210306,1호선,서정리,5572,4654,10226
20210306,1호선,석계,6268,6643,12911
20210306,1호선,석수,6650,6261,12911
20210306,1호선,성균관대,9498,9369,18867
20210306,1호선,성환,2683,2451,5134
20210306,1호선,세류,2181,2234,4415
20210306,1호선,세마,1987,1700,3687
20210306,1호선,소사,7585,7245,14830
20210306,1호선,소요산,3402,2907,6309
20210306,1호선,송내,16950,17011,33961
20210306,1호선,송탄,4363,3890,8253
20210306,1호선,수원,34131,36620,70751
20210306,1호선,시청,8798,9143,17941
20210306,1호선,신길,6047,5020,11067
20210306,1호선,신도림,2729,2775,5504
20210306,1호선,신설동,8887,8795,17682
20210306,1호선,신이문,5897,5488,11385
20210306,1호선,신창,1026,881,1907
20210306,1호선,쌍용,1329,1241,2570
20210306,1호선,아산,2249,2184,4433
20210306,1호선,안양,17025,17066,34091
20210306,1호선,양주,5689,5358,11047
20210306,1호선,역곡,19044,18908,37952
20210306,1호선,영등포,36112,37430,73542
20210306,1호선,영종,2511,2570,5081
20210306,1호선,오류동,8684,8042,16726
20210306,1호선,오산,8511,7908,16419
20210306,1호선,오산대,2432,2132,4564
20210306,1호선,옥수,40,31,71
20210306,1호선,온수,4605,4301,8906
20210306,1호선,온양온천,3163,3209,6372
20210306,1호선,왕십리,11295,12941,24236
20210306,1호선,외대앞,5993,5604,11597
20210306,1호선,용산,26019,27281,53300
20210306,1호선,운서,5088,5212,10300
20210306,1호선,월계,4308,4010,8318
20210306,1호선,응봉,1356,1207,2563
20210306,1호선,의왕,5540,5460,11000
20210306,1호선,의정부,15853,16571,32424
20210306,1호선,이촌,2976,2207,5183
20210306,1호선,인천,3752,3199,6951
20210306,1호선,인천공항1터미널,2919,3074,5993
20210306,1호선,인천공항2터미널,1633,1441,3074
20210306,1호선,제기동,14604,14941,29545
20210306,1호선,제물포,6916,6723,13639
20210306,1호선,종각,17768,15743,33511
20210306,1호선,종로3가,20753,19762,40515
20210306,1호선,종로5가,17121,17001,34122
20210306,1호선,주안,14984,13407,28391
20210306,1호선,중동,6334,6034,12368
20210306,1호선,지제,2356,2161,4517
20210306,1호선,지행,4244,4164,8408
20210306,1호선,직산,544,520,1064
20210306,1호선,진위,1007,851,1858
20210306,1호선,천안,4999,5113,10112
20210306,1호선,청라국제도시,3669,3512,7181
20210306,1호선,청량리,30922,32345,63267
20210306,1호선,평택,11447,11228,22675
20210306,1호선,한남,2701,2531,5232
20210306,1호선,홍대입구,10001,9838,19839
20210306,1호선,화서,4802,4896,9698
20210306,1호선,회룡,8919,9060,17979
20210307,1호선,가능,3667,3512,7179
20210307,1호선,가산디지털단지,4134,5701,9835
20210307,1호선,간석,2858,2765,5623
20210307,1호선,개봉,10906,10953,21859
20210307,1호선,검암,3224,3308,6532
20210307,1호선,계양,4267,4095,8362
20210307,1호선,공덕,976,1373,2349
20210307,1호선,공항화물청사,900,1012,1912
20210307,1호선,관악,4652,4332,8984
20210307,1호선,광명,1847,1459,3306
20210307,1호선,광운대,4069,4173,8242
20210307,1호선,구로,9018,9223,18241
20210307,1호선,구일,3279,3254,6533
20210307,1호선,군포,2787,2579,5366
20210307,1호선,금정,12303,12544,24847
20210307,1호선,금천구청,5811,5691,11502
20210307,1호선,김포공항,9535,4849,14384
20210307,1호선,남영,4027,4221,8248
20210307,1호선,노량진,5425,5271,10696
20210307,1호선,녹양,2437,2311,4748
20210307,1호선,녹천,2490,2139,4629
20210307,1호선,당정,2793,2807,5600
20210307,1호선,대방,5503,5826,11329
20210307,1호선,덕계,1467,1385,2852
20210307,1호선,덕정,2877,2874,5751
20210307,1호선,도봉,3256,3017,6273
20210307,1호선,도봉산,9121,6556,15677
20210307,1호선,도원,1572,1688,3260
20210307,1호선,도화,2229,1989,4218
20210307,1호선,독산,5410,5495,10905
20210307,1호선,동대문,8638,9310,17948
20210307,1호선,동두천,1074,1440,2514
20210307,1호선,동두천중앙,1666,1588,3254
20210307,1호선,동묘앞,12714,13109,25823
20210307,1호선,동암,8847,8752,17599
20210307,1호선,동인천,8654,8208,16862
20210307,1호선,두정,3662,4337,7999
20210307,1호선,디지털미디어시티,3268,3205,6473
20210307,1호선,마곡나루,1935,2180,4115
20210307,1호선,망월사,4002,4221,8223
20210307,1호선,명학,3342,3324,6666
20210307,1호선,방학,5346,5085,10431
20210307,1호선,배방,684,804,1488
20210307,1호선,백운,3702,3721,7423
20210307,1호선,병점,8122,8872,16994
20210307,1호선,보산,823,723,1546
20210307,1호선,봉명,469,473,942
20210307,1호선,부개,4313,4051,8364
20210307,1호선,부천,20965,20518,41483
20210307,1호선,부평,20984,21536,42520
20210307,1호선,서동탄,654,698,1352
20210307,1호선,서빙고,1184,1152,2336
20210307,1호선,서울,30002,24385,54387
20210307,1호선,서정리,3851,5114,8965
20210307,1호선,석계,4633,5078,9711
20210307,1호선,석수,4871,4881,9752
20210307,1호선,성균관대,6997,7430,14427
20210307,1호선,성환,2135,2580,4715
20210307,1호선,세류,1729,1756,3485
20210307,1호선,세마,1494,1393,2887
20210307,1호선,소사,5450,5363,10813
20210307,1호선,소요산,3393,2881,6274
20210307,1호선,송내,12225,11750,23975
20210307,1호선,송탄,3231,3549,6780
20210307,1호선,수원,29310,28735,58045
20210307,1호선,시청,6133,6139,12272
20210307,1호선,신길,4627,3962,8589
20210307,1호선,신도림,1997,1991,3988
20210307,1호선,신설동,7166,7065,14231
20210307,1호선,신이문,4504,4212,8716
20210307,1호선,신창,842,1214,2056
20210307,1호선,쌍용,1010,1076,2086
20210307,1호선,아산,2307,1760,4067
20210307,1호선,안양,12807,12071,24878
20210307,1호선,양주,4288,4248,8536
20210307,1호선,역곡,13335,13339,26674
20210307,1호선,영등포,28566,27632,56198
20210307,1호선,영종,1948,1901,3849
20210307,1호선,오류동,6410,6293,12703
20210307,1호선,오산,6720,7099,13819
20210307,1호선,오산대,1797,1733,3530
20210307,1호선,옥수,50,20,70
20210307,1호선,온수,3391,3202,6593
20210307,1호선,온양온천,2851,2812,5663
20210307,1호선,왕십리,8294,9517,17811
20210307,1호선,외대앞,4506,4495,9001
20210307,1호선,용산,23263,21980,45243
20210307,1호선,운서,4206,4438,8644
20210307,1호선,월계,3790,3487,7277
20210307,1호선,응봉,1090,1030,2120
20210307,1호선,의왕,3892,4005,7897
20210307,1호선,의정부,11754,11837,23591
20210307,1호선,이촌,2168,1684,3852
20210307,1호선,인천,3345,2815,6160
20210307,1호선,인천공항1터미널,2715,2772,5487
20210307,1호선,인천공항2터미널,1430,1344,2774
20210307,1호선,제기동,9282,9770,19052
20210307,1호선,제물포,5139,4915,10054
20210307,1호선,종각,11463,9904,21367
20210307,1호선,종로3가,12986,11449,24435
20210307,1호선,종로5가,8100,8000,16100
20210307,1호선,주안,10838,9481,20319
20210307,1호선,중동,4502,4168,8670
20210307,1호선,지제,1979,1773,3752
20210307,1호선,지행,3375,3299,6674
20210307,1호선,직산,442,525,967
20210307,1호선,진위,700,674,1374
20210307,1호선,천안,4847,4613,9460
20210307,1호선,청라국제도시,2669,2599,5268
20210307,1호선,청량리,23476,23298,46774
20210307,1호선,평택,9744,10499,20243
20210307,1호선,한남,1809,1827,3636
20210307,1호선,홍대입구,7781,7143,14924
20210307,1호선,화서,3480,3309,6789
20210307,1호선,회룡,6714,6757,13471
20210313,1호선,가능,4735,4646,9381
20210313,1호선,가산디지털단지,5846,7905,13751
20210313,1호선,간석,4297,4050,8347
20210313,1호선,개봉,16126,15936,32062
20210313,1호선,검암,4871,4769,9640
20210313,1호선,계양,6127,5646,11773
20210313,1호선,공덕,1294,2050,3344
20210313,1호선,공항화물청사,1263,1318,2581
20210313,1호선,관악,6003,5758,11761
20210313,1호선,광명,2193,2028,4221
20210313,1호선,광운대,5629,5422,11051
20210313,1호선,구로,12881,13517,26398
20210313,1호선,구일,4712,4276,8988
20210313,1호선,군포,4217,3870,8087
20210313,1호선,금정,17794,17772,35566
20210313,1호선,금천구청,8169,8281,16450
20210313,1호선,김포공항,10142,5346,15488
20210313,1호선,남영,5253,5462,10715
20210313,1호선,노량진,8503,7816,16319
20210313,1호선,녹양,3411,3285,6696
20210313,1호선,녹천,3266,2751,6017
20210313,1호선,당정,3865,3693,7558
20210313,1호선,대방,7951,8045,15996
20210313,1호선,덕계,2076,1873,3949
20210313,1호선,덕정,3962,3747,7709
20210313,1호선,도봉,4236,4038,8274
20210313,1호선,도봉산,9451,6463,15914
20210313,1호선,도원,2799,2757,5556
20210313,1호선,도화,3101,2867,5968
20210313,1호선,독산,8363,8251,16614
20210313,1호선,동대문,10561,9800,20361
20210313,1호선,동두천,1364,1865,3229
20210313,1호선,동두천중앙,2342,2307,4649
20210313,1호선,동묘앞,11730,12431,24161
20210313,1호선,동암,12311,12659,24970
20210313,1호선,동인천,11373,11137,22510
20210313,1호선,두정,4896,5028,9924
20210313,1호선,디지털미디어시티,4699,4393,9092
20210313,1호선,마곡나루,2798,3035,5833
20210313,1호선,망월사,5443,5675,11118
20210313,1호선,명학,5007,4935,9942
20210313,1호선,방학,7023,6689,13712
20210313,1호선,배방,928,842,1770
20210313,1호선,백운,5306,5231,10537
20210313,1호선,병점,11549,11293,22842
20210313,1호선,보산,977,1009,1986
20210313,1호선,봉명,684,610,1294
20210313,1호선,부개,6061,5699,11760
20210313,1호선,부천,28384,29717,58101
20210313,1호선,부평,29689,32094,61783
20210313,1호선,서동탄,1017,1000,2017
20210313,1호선,서빙고,1303,1127,2430
20210313,1호선,서울,35774,32670,68444
20210313,1호선,서정리,5888,4885,10773
20210313,1호선,석계,6506,6823,13329
20210313,1호선,석수,6763,6293,13056
20210313,1호선,성균관대,10189,10149,20338
20210313,1호선,성환,2660,2421,5081
20210313,1호선,세류,2262,2340,4602
20210313,1호선,세마,2049,1774,3823
20210313,1호선,소사,7479,7194,14673
20210313,1호선,소요산,3812,3230,7042
20210313,1호선,송내,17456,17496,34952
20210313,1호선,송탄,4353,3923,8276
20210313,1호선,수원,35126,37926,73052
20210313,1호선,시청,9089,9569,18658
20210313,1호선,신길,6274,5084,11358
20210313,1호선,신도림,2924,3134,6058
20210313,1호선,신설동,8904,8682,17586
20210313,1호선,신이문,6106,5571,11677
20210313,1호선,신창,1056,972,2028
20210313,1호선,쌍용,1411,1313,2724
20210313,1호선,아산,2389,2274,4663
20210313,1호선,안양,17600,17702,35302
20210313,1호선,양주,5972,5796,11768
20210313,1호선,역곡,19738,19577,39315
20210313,1호선,영등포,37491,38630,76121
20210313,1호선,영종,2615,2694,5309
20210313,1호선,오류동,8839,8043,16882
20210313,1호선,오산,8933,8640,17573
20210313,1호선,오산대,2624,2371,4995
20210313,1호선,옥수,30,37,67
20210313,1호선,온수,4585,4331,8916
20210313,1호선,온양온천,3372,3357,6729
20210313,1호선,왕십리,12053,13416,25469
20210313,1호선,외대앞,6046,5790,11836
20210313,1호선,용산,27656,29658,57314
20210313,1호선,운서,5131,5305,10436
20210313,1호선,월계,4431,4091,8522
20210313,1호선,응봉,1621,1483,3104
20210313,1호선,의왕,5879,5702,11581
20210313,1호선,의정부,16254,16999,33253
20210313,1호선,이촌,2880,2135,5015
20210313,1호선,인천,4253,3679,7932
20210313,1호선,인천공항1터미널,2965,3131,6096
20210313,1호선,인천공항2터미널,1523,1417,2940
20210313,1호선,제기동,14972,15364,30336
20210313,1호선,제물포,7233,6938,14171
20210313,1호선,종각,18599,16679,35278
20210313,1호선,종로3가,21841,20479,42320
20210313,1호선,종로5가,17477,17635,35112
20210313,1호선,주안,15823,13744,29567
20210313,1호선,중동,6376,6020,12396
20210313,1호선,지제,2478,2414,4892
20210313,1호선,지행,4698,4728,9426
20210313,1호선,직산,602,544,1146
20210313,1호선,진위,1022,859,1881
20210313,1호선,천안,5424,5780,11204
20210313,1호선,청라국제도시,3782,3635,7417
20210313,1호선,청량리,31536,33256,64792
20210313,1호선,평택,12251,11618,23869
20210313,1호선,한남,2754,2534,5288
20210313,1호선,홍대입구,10967,10486,21453
20210313,1호선,화서,5076,5013,10089
20210313,1호선,회룡,9350,9296,18646
20210314,1호선,가능,3590,3383,6973
20210314,1호선,가산디지털단지,4332,6190,10522
20210314,1호선,간석,2994,2746,5740
20210314,1호선,개봉,10926,10863,21789
20210314,1호선,검암,3842,3910,7752
20210314,1호선,계양,4397,4295,8692
20210314,1호선,공덕,1006,1309,2315
20210314,1호선,공항화물청사,922,990,1912
20210314,1호선,관악,4801,4397,9198
20210314,1호선,광명,2095,1444,3539
20210314,1호선,광운대,4074,4218,8292
20210314,1호선,구로,9341,9464,18805
20210314,1호선,구일,3027,3006,6033
20210314,1호선,군포,2921,2672,5593
20210314,1호선,금정,12387,12820,25207
20210314,1호선,금천구청,6031,5811,11842
20210314,1호선,김포공항,10725,5562,16287
20210314,1호선,남영,3811,4314,8125
20210314,1호선,노량진,5764,5293,11057
20210314,1호선,녹양,2530,2481,5011
20210314,1호선,녹천,2411,2110,4521
20210314,1호선,당정,2834,2842,5676
20210314,1호선,대방,5405,5748,11153
20210314,1호선,덕계,1542,1445,2987
20210314,1호선,덕정,2971,2986,5957
20210314,1호선,도봉,3314,3037,6351
20210314,1호선,도봉산,8898,6424,15322
20210314,1호선,도원,1641,1666,3307
20210314,1호선,도화,2168,1984,4152
20210314,1호선,독산,5586,5760,11346
20210314,1호선,동대문,8811,9541,18352
20210314,1호선,동두천,1154,1546,2700
20210314,1호선,동두천중앙,1795,1655,3450
20210314,1호선,동묘앞,12482,12790,25272
20210314,1호선,동암,9062,8888,17950
20210314,1호선,동인천,8625,8327,16952
20210314,1호선,두정,4034,4691,8725
20210314,1호선,디지털미디어시티,3098,3117,6215
20210314,1호선,마곡나루,1951,2202,4153
20210314,1호선,망월사,4215,4442,8657
20210314,1호선,명학,3361,3274,6635
20210314,1호선,방학,5315,5008,10323
20210314,1호선,배방,693,870,1563
20210314,1호선,백운,3722,3696,7418
20210314,1호선,병점,8795,9541,18336
20210314,1호선,보산,883,839,1722
20210314,1호선,봉명,567,628,1195
20210314,1호선,부개,4273,4031,8304
20210314,1호선,부천,20418,20099,40517
20210314,1호선,부평,22186,22438,44624
20210314,1호선,서동탄,770,773,1543
20210314,1호선,서빙고,1212,1252,2464
20210314,1호선,서울,32233,25561,57794
20210314,1호선,서정리,3791,5241,9032
20210314,1호선,석계,4656,5140,9796
20210314,1호선,석수,4855,4945,9800
20210314,1호선,성균관대,7222,7718,14940
20210314,1호선,성환,2162,2791,4953
20210314,1호선,세류,1872,1952,3824
20210314,1호선,세마,1561,1539,3100
20210314,1호선,소사,5324,5086,10410
20210314,1호선,소요산,3801,3190,6991
20210314,1호선,송내,12358,11987,24345
20210314,1호선,송탄,3336,3718,7054
20210314,1호선,수원,31847,30929,62776
20210314,1호선,시청,6310,6046,12356
20210314,1호선,신길,4506,3959,8465
20210314,1호선,신도림,2000,2113,4113
20210314,1호선,신설동,6821,6900,13721
20210314,1호선,신이문,4438,4230,8668
20210314,1호선,신창,893,1278,2171
20210314,1호선,쌍용,1208,1295,2503
20210314,1호선,아산,2813,1993,4806
20210314,1호선,안양,13100,12542,25642
20210314,1호선,양주,4408,4396,8804
20210314,1호선,역곡,13505,13375,26880
20210314,1호선,영등포,30106,28889,58995
20210314,1호선,영종,2163,2045,4208
20210314,1호선,오류동,6517,6193,12710
20210314,1호선,오산,7033,7673,14706
20210314,1호선,오산대,2054,1964,4018
20210314,1호선,옥수,43,20,63
20210314,1호선,온수,3278,3308,6586
20210314,1호선,온양온천,4007,3935,7942
20210314,1호선,왕십리,7846,8969,16815
20210314,1호선,외대앞,4475,4582,9057
20210314,1호선,용산,25119,23124,48243
20210314,1호선,운서,4166,4554,8720
20210314,1호선,월계,3256,2990,6246
20210314,1호선,응봉,1039,979,2018
20210314,1호선,의왕,4201,4157,8358
20210314,1호선,의정부,12884,12940,25824
20210314,1호선,이촌,2157,1606,3763
20210314,1호선,인천,3682,3011,6693
20210314,1호선,인천공항1터미널,2997,2991,5988
20210314,1호선,인천공항2터미널,1419,1345,2764
20210314,1호선,제기동,9072,9562,18634
20210314,1호선,제물포,5224,4992,10216
20210314,1호선,종각,11458,9844,21302
20210314,1호선,종로3가,13338,11811,25149
20210314,1호선,종로5가,8496,8533,17029
20210314,1호선,주안,11147,9779,20926
20210314,1호선,중동,4444,4120,8564
20210314,1호선,지제,2038,1825,3863
20210314,1호선,지행,3724,3637,7361
20210314,1호선,직산,453,523,976
20210314,1호선,진위,722,752,1474
20210314,1호선,천안,5414,5109,10523
20210314,1호선,청라국제도시,2830,2692,5522
20210314,1호선,청량리,24256,23685,47941
20210314,1호선,평택,10506,10853,21359
20210314,1호선,한남,1886,1874,3760
20210314,1호선,홍대입구,8610,7795,16405
20210314,1호선,화서,3720,3788,7508
20210314,1호선,회룡,6761,6646,13407
20210320,1호선,가능,4411,4252,8663
20210320,1호선,가산디지털단지,5502,7474,12976
20210320,1호선,간석,3808,3705,7513
20210320,1호선,개봉,14849,14585,29434
20210320,1호선,검암,4161,4116,8277
20210320,1호선,계양,5656,5106,10762
20210320,1호선,공덕,1319,1981,3300
20210320,1호선,공항화물청사,1250,1281,2531
20210320,1호선,관악,4935,4795,9730
20210320,1호선,광명,2224,2029,4253
20210320,1호선,광운대,5060,4934,9994
20210320,1호선,구로,12561,12963,25524
20210320,1호선,구일,3730,3627,7357
20210320,1호선,군포,4097,3771,7868
20210320,1호선,금정,16289,16301,32590
20210320,1호선,금천구청,7253,7400,14653
20210320,1호선,김포공항,10348,5485,15833
20210320,1호선,남영,5617,5733,11350
20210320,1호선,노량진,7508,6890,14398
20210320,1호선,녹양,3027,2911,5938
20210320,1호선,녹천,3092,2565,5657
20210320,1호선,당정,3618,3488,7106
20210320,1호선,대방,7161,7248,14409
20210320,1호선,덕계,1859,1734,3593
20210320,1호선,덕정,3656,3482,7138
20210320,1호선,도봉,3895,3679,7574
20210320,1호선,도봉산,5954,3896,9850
20210320,1호선,도원,1899,1926,3825
20210320,1호선,도화,2651,2497,5148
20210320,1호선,독산,7678,7671,15349
20210320,1호선,동대문,9067,8191,17258
20210320,1호선,동두천,1362,1684,3046
20210320,1호선,동두천중앙,2257,2268,4525
20210320,1호선,동묘앞,6199,6524,12723
20210320,1호선,동암,11063,11540,22603
20210320,1호선,동인천,9872,9596,19468
20210320,1호선,두정,4811,5001,9812
20210320,1호선,디지털미디어시티,4739,4396,9135
20210320,1호선,마곡나루,2363,2705,5068
20210320,1호선,망월사,4723,4795,9518
20210320,1호선,명학,4867,4688,9555
20210320,1호선,방학,6363,6290,12653
20210320,1호선,배방,888,771,1659
20210320,1호선,백운,4823,4705,9528
20210320,1호선,병점,10247,10081,20328
20210320,1호선,보산,1228,1234,2462
20210320,1호선,봉명,649,617,1266
20210320,1호선,부개,5628,5187,10815
20210320,1호선,부천,25900,26776,52676
20210320,1호선,부평,26585,28871,55456
20210320,1호선,서동탄,935,950,1885
20210320,1호선,서빙고,1078,1006,2084
20210320,1호선,서울,35265,32099,67364
20210320,1호선,서정리,5444,4389,9833
20210320,1호선,석계,5777,6132,11909
20210320,1호선,석수,5948,5311,11259
20210320,1호선,성균관대,9375,9222,18597
20210320,1호선,성환,2561,2351,4912
20210320,1호선,세류,2118,2180,4298
20210320,1호선,세마,1857,1668,3525
20210320,1호선,소사,7147,6991,14138
20210320,1호선,소요산,2300,1886,4186
20210320,1호선,송내,16293,16187,32480
20210320,1호선,송탄,4076,3846,7922
20210320,1호선,수원,33497,36256,69753
20210320,1호선,시청,8285,8603,16888
20210320,1호선,신길,5741,4738,10479
20210320,1호선,신도림,2415,2620,5035
20210320,1호선,신설동,7796,7597,15393
20210320,1호선,신이문,5495,5105,10600
20210320,1호선,신창,991,895,1886
20210320,1호선,쌍용,1356,1199,2555
20210320,1호선,아산,2356,2247,4603
20210320,1호선,안양,16247,16435,32682
20210320,1호선,양주,5301,5048,10349
20210320,1호선,역곡,18224,18015,36239
20210320,1호선,영등포,35681,37094,72775
20210320,1호선,영종,2412,2456,4868
20210320,1호선,오류동,8312,7527,15839
20210320,1호선,오산,8162,7709,15871
20210320,1호선,오산대,2195,2054,4249
20210320,1호선,옥수,34,26,60
20210320,1호선,온수,4320,3992,8312
20210320,1호선,온양온천,3094,3104,6198
20210320,1호선,왕십리,11155,12695,23850
20210320,1호선,외대앞,5562,5381,10943
20210320,1호선,용산,27238,29119,56357
20210320,1호선,운서,4846,4841,9687
20210320,1호선,월계,3977,3628,7605
20210320,1호선,응봉,1185,1019,2204
20210320,1호선,의왕,5100,5060,10160
20210320,1호선,의정부,15045,15888,30933
20210320,1호선,이촌,2536,1919,4455
20210320,1호선,인천,2579,2270,4849
20210320,1호선,인천공항1터미널,2690,2887,5577
20210320,1호선,인천공항2터미널,1573,1537,3110
20210320,1호선,제기동,12228,12218,24446
20210320,1호선,제물포,6456,6306,12762
20210320,1호선,종각,15963,14898,30861
20210320,1호선,종로3가,18992,18297,37289
20210320,1호선,종로5가,15851,16139,31990
20210320,1호선,주안,14278,12687,26965
20210320,1호선,중동,5789,5424,11213
20210320,1호선,지제,2294,2222,4516
20210320,1호선,지행,4519,4426,8945
20210320,1호선,직산,532,547,1079
20210320,1호선,진위,915,790,1705
20210320,1호선,천안,5033,5063,10096
20210320,1호선,청라국제도시,3476,3402,6878
20210320,1호선,청량리,28495,29848,58343
20210320,1호선,평택,11218,10671,21889
20210320,1호선,한남,2447,2310,4757
20210320,1호선,홍대입구,9816,9950,19766
20210320,1호선,화서,4534,4558,9092
20210320,1호선,회룡,8303,8400,16703
20210321,1호선,가능,3613,3402,7015
20210321,1호선,가산디지털단지,4192,5919,10111
20210321,1호선,간석,2964,2709,5673
20210321,1호선,개봉,10751,10888,21639
20210321,1호선,검암,3477,3679,7156
20210321,1호선,계양,4500,4278,8778
20210321,1호선,공덕,1021,1388,2409
20210321,1호선,공항화물청사,934,998,1932
20210321,1호선,관악,4728,4254,8982
20210321,1호선,광명,2098,1463,3561
20210321,1호선,광운대,4081,4246,8327
20210321,1호선,구로,9454,9493,18947
20210321,1호선,구일,2974,2984,5958
20210321,1호선,군포,2852,2677,5529
20210321,1호선,금정,12461,12601,25062
20210321,1호선,금천구청,5868,5700,11568
20210321,1호선,김포공항,10801,5745,16546
20210321,1호선,남영,3848,4181,8029
20210321,1호선,노량진,5647,5505,11152
20210321,1호선,녹양,2536,2482,5018
20210321,1호선,녹천,2405,2032,4437
20210321,1호선,당정,2847,2876,5723
20210321,1호선,대방,5725,6010,11735
20210321,1호선,덕계,1525,1519,3044
20210321,1호선,덕정,2959,2988,5947
20210321,1호선,도봉,3228,3049,6277
20210321,1호선,도봉산,8592,5952,14544
20210321,1호선,도원,1685,1743,3428
20210321,1호선,도화,2195,2067,4262
20210321,1호선,독산,5461,5678,11139
20210321,1호선,동대문,8468,9229,17697
20210321,1호선,동두천,1185,1548,2733
20210321,1호선,동두천중앙,1831,1726,3557
20210321,1호선,동묘앞,12226,12557,24783
20210321,1호선,동암,9024,8825,17849
20210321,1호선,동인천,8507,8092,16599
20210321,1호선,두정,3969,4477,8446
20210321,1호선,디지털미디어시티,3203,3315,6518
20210321,1호선,마곡나루,1812,2229,4041
20210321,1호선,망월사,4097,4309,8406
20210321,1호선,명학,3148,3111,6259
20210321,1호선,방학,5363,5133,10496
20210321,1호선,배방,711,847,1558
20210321,1호선,백운,3733,3724,7457
20210321,1호선,병점,8087,9145,17232
20210321,1호선,보산,1142,1125,2267
20210321,1호선,봉명,475,498,973
20210321,1호선,부개,4286,4049,8335
20210321,1호선,부천,20914,20761,41675
20210321,1호선,부평,22301,22412,44713
20210321,1호선,서동탄,754,740,1494
20210321,1호선,서빙고,1135,1135,2270
20210321,1호선,서울,34416,27302,61718
20210321,1호선,서정리,3591,5228,8819
20210321,1호선,석계,4609,5032,9641
20210321,1호선,석수,4895,4905,9800
20210321,1호선,성균관대,6961,7512,14473
20210321,1호선,성환,2198,2716,4914
20210321,1호선,세류,1760,1858,3618
20210321,1호선,세마,1536,1423,2959
20210321,1호선,소사,5471,5168,10639
20210321,1호선,소요산,3256,2722,5978
20210321,1호선,송내,12397,12006,24403
20210321,1호선,송탄,3284,3683,6967
20210321,1호선,수원,31577,30503,62080
20210321,1호선,시청,6338,6294,12632
20210321,1호선,신길,4567,3941,8508
20210321,1호선,신도림,1997,1999,3996
20210321,1호선,신설동,6758,6898,13656
20210321,1호선,신이문,4333,4211,8544
20210321,1호선,신창,898,1236,2134
20210321,1호선,쌍용,1059,1148,2207
20210321,1호선,아산,2781,1860,4641
20210321,1호선,안양,12727,12347,25074
20210321,1호선,양주,4632,4687,9319
20210321,1호선,역곡,13675,13582,27257
20210321,1호선,영등포,30587,29365,59952
20210321,1호선,영종,2239,2062,4301
20210321,1호선,오류동,6665,6365,13030
20210321,1호선,오산,6819,7367,14186
20210321,1호선,오산대,1873,1906,3779
20210321,1호선,옥수,65,22,87
20210321,1호선,온수,3477,3306,6783
20210321,1호선,온양온천,3035,3025,6060
20210321,1호선,왕십리,8838,9894,18732
20210321,1호선,외대앞,4459,4555,9014
20210321,1호선,용산,26472,23985,50457
20210321,1호선,운서,4293,4575,8868
20210321,1호선,월계,3460,3264,6724
20210321,1호선,응봉,1244,1341,2585
20210321,1호선,의왕,3793,3890,7683
20210321,1호선,의정부,12794,12837,25631
20210321,1호선,이촌,2102,1648,3750
20210321,1호선,인천,3270,2587,5857
20210321,1호선,인천공항1터미널,2852,2768,5620
20210321,1호선,인천공항2터미널,1471,1349,2820
20210321,1호선,제기동,9841,10338,20179
20210321,1호선,제물포,5118,4992,10110
20210321,1호선,종각,11362,9662,21024
20210321,1호선,종로3가,13218,11970,25188
20210321,1호선,종로5가,8537,8409,16946
20210321,1호선,주안,11080,9876,20956
20210321,1호선,중동,4356,4152,8508
20210321,1호선,지제,2074,1827,3901
20210321,1호선,지행,3807,3751,7558
20210321,1호선,직산,534,560,1094
20210321,1호선,진위,702,723,1425
20210321,1호선,천안,5240,5028,10268
20210321,1호선,청라국제도시,2787,2642,5429
20210321,1호선,청량리,25057,24653,49710
20210321,1호선,평택,9964,10714,20678
20210321,1호선,한남,1809,1805,3614
20210321,1호선,홍대입구,8268,7749,16017
20210321,1호선,화서,3512,3364,6876
20210321,1호선,회룡,6730,6631,13361
20210327,1호선,가능,4361,4290,8651
20210327,1호선,가산디지털단지,5227,7218,12445
20210327,1호선,간석,3824,3782,7606
20210327,1호선,개봉,14644,14928,29572
20210327,1호선,검암,4001,3996,7997
20210327,1호선,계양,5711,5167,10878
20210327,1호선,공덕,1400,2246,3646
20210327,1호선,공항화물청사,1182,1264,2446
20210327,1호선,관악,5234,4969,10203
20210327,1호선,광명,2202,2103,4305
20210327,1호선,광운대,5123,5067,10190
20210327,1호선,구로,12405,12834,25239
20210327,1호선,구일,3754,3735,7489
20210327,1호선,군포,3779,3583,7362
20210327,1호선,금정,16420,16286,32706
20210327,1호선,금천구청,7295,7323,14618
20210327,1호선,김포공항,11071,5423,16494
20210327,1호선,남영,5326,5454,10780
20210327,1호선,노량진,7447,7038,14485
20210327,1호선,녹양,3111,3022,6133
20210327,1호선,녹천,2802,2434,5236
20210327,1호선,당정,3601,3581,7182
20210327,1호선,대방,7481,7656,15137
20210327,1호선,덕계,1993,1778,3771
20210327,1호선,덕정,3871,3694,7565
20210327,1호선,도봉,3942,3876,7818
20210327,1호선,도봉산,6669,4382,11051
20210327,1호선,도원,1748,1798,3546
20210327,1호선,도화,2746,2545,5291
20210327,1호선,독산,7695,7742,15437
20210327,1호선,동대문,9446,8542,17988
20210327,1호선,동두천,1432,1719,3151
20210327,1호선,동두천중앙,2149,2232,4381
20210327,1호선,동묘앞,7132,7581,14713
20210327,1호선,동암,11100,11359,22459
20210327,1호선,동인천,9776,9734,19510
20210327,1호선,두정,4640,4730,9370
20210327,1호선,디지털미디어시티,4752,4414,9166
20210327,1호선,마곡나루,2363,2613,4976
20210327,1호선,망월사,4841,4958,9799
20210327,1호선,명학,4800,4681,9481
20210327,1호선,방학,6565,6499,13064
20210327,1호선,배방,812,715,1527
20210327,1호선,백운,4814,4882,9696
20210327,1호선,병점,10261,10096,20357
20210327,1호선,보산,1392,1277,2669
20210327,1호선,봉명,652,589,1241
20210327,1호선,부개,5511,5275,10786
20210327,1호선,부천,25925,26469,52394
20210327,1호선,부평,26834,28707,55541
20210327,1호선,서동탄,934,970,1904
20210327,1호선,서빙고,1150,1054,2204
20210327,1호선,서울,36529,34928,71457
20210327,1호선,서정리,5511,4671,10182
20210327,1호선,석계,6118,6198,12316
20210327,1호선,석수,6134,5736,11870
20210327,1호선,성균관대,9200,9066,18266
20210327,1호선,성환,2527,2362,4889
20210327,1호선,세류,2234,2208,4442
20210327,1호선,세마,1916,1701,3617
20210327,1호선,소사,7033,6954,13987
20210327,1호선,소요산,2528,2213,4741
20210327,1호선,송내,16498,16647,33145
20210327,1호선,송탄,3946,3560,7506
20210327,1호선,수원,32611,34715,67326
20210327,1호선,시청,8497,9087,17584
20210327,1호선,신길,5766,4791,10557
20210327,1호선,신도림,2270,2383,4653
20210327,1호선,신설동,8130,7824,15954
20210327,1호선,신이문,5557,5180,10737
20210327,1호선,신창,994,863,1857
20210327,1호선,쌍용,1334,1230,2564
20210327,1호선,아산,2335,2350,4685
20210327,1호선,안양,16174,16310,32484
20210327,1호선,양주,5462,5246,10708
20210327,1호선,역곡,18097,17848,35945
20210327,1호선,영등포,37538,38489,76027
20210327,1호선,영종,2351,2363,4714
20210327,1호선,오류동,8084,7513,15597
20210327,1호선,오산,8240,7801,16041
20210327,1호선,오산대,2281,2054,4335
20210327,1호선,옥수,40,21,61
20210327,1호선,온수,4373,4169,8542
20210327,1호선,온양온천,3096,3061,6157
20210327,1호선,왕십리,11234,12631,23865
20210327,1호선,외대앞,5573,5451,11024
20210327,1호선,용산,28050,29327,57377
20210327,1호선,운서,4735,4776,9511
20210327,1호선,월계,4020,3838,7858
20210327,1호선,응봉,1880,1880,3760
20210327,1호선,의왕,5150,5091,10241
20210327,1호선,의정부,15766,16134,31900
20210327,1호선,이촌,2560,1988,4548
20210327,1호선,인천,2761,2153,4914
20210327,1호선,인천공항1터미널,2600,2782,5382
20210327,1호선,인천공항2터미널,1557,1473,3030
20210327,1호선,제기동,13115,13249,26364
20210327,1호선,제물포,6558,6406,12964
20210327,1호선,종각,16772,15535,32307
20210327,1호선,종로3가,19115,18466,37581
20210327,1호선,종로5가,17214,16689,33903
20210327,1호선,주안,13995,12397,26392
20210327,1호선,중동,5886,5736,11622
20210327,1호선,지제,2349,2325,4674
20210327,1호선,지행,4613,4558,9171
20210327,1호선,직산,558,563,1121
20210327,1호선,진위,902,802,1704
20210327,1호선,천안,5237,5345,10582
20210327,1호선,청라국제도시,3384,3294,6678
20210327,1호선,청량리,29821,31199,61020
20210327,1호선,평택,11161,10596,21757
20210327,1호선,한남,2544,2389,4933
20210327,1호선,홍대입구,8860,8712,17572
20210327,1호선,화서,4585,4604,9189
20210327,1호선,회룡,8346,8427,16773
20210328,1호선,가능,3341,3173,6514
20210328,1호선,가산디지털단지,4022,5520,9542
20210328,1호선,간석,2746,2565,5311
20210328,1호선,개봉,9911,10039,19950
20210328,1호선,검암,3169,3144,6313
20210328,1호선,계양,3911,3852,7763
20210328,1호선,공덕,989,1214,2203
20210328,1호선,공항화물청사,844,965,1809
20210328,1호선,관악,3547,3367,6914
20210328,1호선,광명,2194,1437,3631
20210328,1호선,광운대,3771,3826,7597
20210328,1호선,구로,8900,8923,17823
20210328,1호선,구일,2736,2782,5518
20210328,1호선,군포,2599,2488,5087
20210328,1호선,금정,11745,11898,23643
20210328,1호선,금천구청,5280,5324,10604
20210328,1호선,김포공항,10564,5473,16037
20210328,1호선,남영,3704,4082,7786
20210328,1호선,노량진,5316,5138,10454
20210328,1호선,녹양,2238,2121,4359
20210328,1호선,녹천,2293,2055,4348
20210328,1호선,당정,2601,2591,5192
20210328,1호선,대방,5227,5638,10865
20210328,1호선,덕계,1316,1284,2600
20210328,1호선,덕정,2694,2802,5496
20210328,1호선,도봉,2839,2709,5548
20210328,1호선,도봉산,5362,3575,8937
20210328,1호선,도원,1397,1461,2858
20210328,1호선,도화,2006,1873,3879
20210328,1호선,독산,5125,5288,10413
20210328,1호선,동대문,7143,7615,14758
20210328,1호선,동두천,1089,1322,2411
20210328,1호선,동두천중앙,1676,1604,3280
20210328,1호선,동묘앞,8121,8401,16522
20210328,1호선,동암,8349,8235,16584
20210328,1호선,동인천,7810,7364,15174
20210328,1호선,두정,3910,4389,8299
20210328,1호선,디지털미디어시티,3269,3295,6564
20210328,1호선,마곡나루,1758,2039,3797
20210328,1호선,망월사,3517,3699,7216
20210328,1호선,명학,3002,2961,5963
20210328,1호선,방학,4632,4374,9006
20210328,1호선,배방,643,781,1424
20210328,1호선,백운,3385,3350,6735
20210328,1호선,병점,7578,8457,16035
20210328,1호선,보산,1141,1152,2293
20210328,1호선,봉명,465,477,942
20210328,1호선,부개,4012,3834,7846
20210328,1호선,부천,18972,18549,37521
20210328,1호선,부평,20588,20762,41350
20210328,1호선,서동탄,668,634,1302
20210328,1호선,서빙고,1120,1083,2203
20210328,1호선,서울,34029,25171,59200
20210328,1호선,서정리,3444,4802,8246
20210328,1호선,석계,4130,4567,8697
20210328,1호선,석수,4190,3910,8100
20210328,1호선,성균관대,6476,6930,13406
20210328,1호선,성환,2171,2606,4777
20210328,1호선,세류,1662,1735,3397
20210328,1호선,세마,1363,1302,2665
20210328,1호선,소사,5023,4657,9680
20210328,1호선,소요산,2238,1898,4136
20210328,1호선,송내,11592,11200,22792
20210328,1호선,송탄,2989,3304,6293
20210328,1호선,수원,28714,27902,56616
20210328,1호선,시청,5747,5695,11442
20210328,1호선,신길,4297,3678,7975
20210328,1호선,신도림,1704,1614,3318
20210328,1호선,신설동,5723,5724,11447
20210328,1호선,신이문,3996,3786,7782
20210328,1호선,신창,785,1251,2036
20210328,1호선,쌍용,969,1125,2094
20210328,1호선,아산,2681,1749,4430
20210328,1호선,안양,11792,11583,23375
20210328,1호선,양주,3798,3813,7611
20210328,1호선,역곡,12520,12437,24957
20210328,1호선,영등포,28509,27258,55767
20210328,1호선,영종,1891,1813,3704
20210328,1호선,오류동,6043,5705,11748
20210328,1호선,오산,6675,7290,13965
20210328,1호선,오산대,1736,1651,3387
20210328,1호선,옥수,50,11,61
20210328,1호선,온수,3150,2976,6126
20210328,1호선,온양온천,2691,2723,5414
20210328,1호선,왕십리,7492,8527,16019
20210328,1호선,외대앞,4734,4790,9524
20210328,1호선,용산,25694,23265,48959
20210328,1호선,운서,3942,4221,8163
20210328,1호선,월계,3043,2802,5845
20210328,1호선,응봉,998,1035,2033
20210328,1호선,의왕,3578,3619,7197
20210328,1호선,의정부,11865,12026,23891
20210328,1호선,이촌,1856,1478,3334
20210328,1호선,인천,2439,2027,4466
20210328,1호선,인천공항1터미널,2719,2671,5390
20210328,1호선,인천공항2터미널,1433,1441,2874
20210328,1호선,제기동,8178,8442,16620
20210328,1호선,제물포,4784,4663,9447
20210328,1호선,종각,10346,9069,19415
20210328,1호선,종로3가,11977,10778,22755
20210328,1호선,종로5가,7140,7535,14675
20210328,1호선,주안,10450,9133,19583
20210328,1호선,중동,4262,3927,8189
20210328,1호선,지제,1883,1677,3560
20210328,1호선,지행,3578,3458,7036
20210328,1호선,직산,448,486,934
20210328,1호선,진위,617,625,1242
20210328,1호선,창동,1,0,1
20210328,1호선,천안,5011,4712,9723
20210328,1호선,청라국제도시,2581,2445,5026
20210328,1호선,청량리,21611,21277,42888
20210328,1호선,평택,9598,10204,19802
20210328,1호선,한남,1667,1620,3287
20210328,1호선,홍대입구,7323,6745,14068
20210328,1호선,화서,3200,3125,6325
20210328,1호선,회룡,6198,6045,12243
20210403,1호선,가능,4150,4012,8162
20210403,1호선,가산디지털단지,4798,6669,11467
20210403,1호선,간석,3513,3477,6990
20210403,1호선,개봉,13250,13243,26493
20210403,1호선,검암,3601,3576,7177
20210403,1호선,계양,5172,4717,9889
20210403,1호선,공덕,1260,1929,3189
20210403,1호선,공항화물청사,1151,1204,2355
20210403,1호선,관악,4284,4164,8448
20210403,1호선,광명,2092,1921,4013
20210403,1호선,광운대,4819,4774,9593
20210403,1호선,구로,10811,10983,21794
20210403,1호선,구일,4582,4562,9144
20210403,1호선,군포,3646,3398,7044
20210403,1호선,금정,14939,15026,29965
20210403,1호선,금천구청,6460,6484,12944
20210403,1호선,김포공항,9525,5486,15011
20210403,1호선,남영,5061,5078,10139
20210403,1호선,노량진,6286,6039,12325
20210403,1호선,녹양,2738,2592,5330
20210403,1호선,녹천,2610,2305,4915
20210403,1호선,당정,3291,3139,6430
20210403,1호선,대방,6934,6908,13842
20210403,1호선,덕계,1711,1600,3311
20210403,1호선,덕정,3317,3189,6506
20210403,1호선,도봉,3633,3467,7100
20210403,1호선,도봉산,4994,3222,8216
20210403,1호선,도원,1609,1615,3224
20210403,1호선,도화,2348,2218,4566
20210403,1호선,독산,6944,7017,13961
20210403,1호선,동대문,8380,7536,15916
20210403,1호선,동두천,1193,1433,2626
20210403,1호선,동두천중앙,1924,1987,3911
20210403,1호선,동묘앞,4741,5048,9789
20210403,1호선,동암,10153,10413,20566
20210403,1호선,동인천,8462,8367,16829
20210403,1호선,두정,4425,4492,8917
20210403,1호선,디지털미디어시티,4210,4009,8219
20210403,1호선,마곡나루,2104,2359,4463
20210403,1호선,망월사,4376,4545,8921
20210403,1호선,명학,4215,4048,8263
20210403,1호선,방학,5853,5821,11674
20210403,1호선,배방,774,747,1521
20210403,1호선,백운,4299,4319,8618
20210403,1호선,병점,9599,9410,19009
20210403,1호선,보산,1287,1329,2616
20210403,1호선,봉명,648,616,1264
20210403,1호선,부개,5114,4900,10014
20210403,1호선,부천,23682,24480,48162
20210403,1호선,부평,24350,26097,50447
20210403,1호선,서동탄,884,939,1823
20210403,1호선,서빙고,1071,986,2057
20210403,1호선,서울,34535,31279,65814
20210403,1호선,서정리,5331,4447,9778
20210403,1호선,석계,5421,5924,11345
20210403,1호선,석수,5407,4940,10347
20210403,1호선,성균관대,8493,8231,16724
20210403,1호선,성환,2403,2195,4598
20210403,1호선,세류,1955,2004,3959
20210403,1호선,세마,1692,1564,3256
20210403,1호선,소사,6225,6150,12375
20210403,1호선,소요산,1946,1646,3592
20210403,1호선,송내,14789,14776,29565
20210403,1호선,송탄,3669,3397,7066
20210403,1호선,수원,31442,33164,64606
20210403,1호선,시청,7511,7688,15199
20210403,1호선,신길,5171,4306,9477
20210403,1호선,신도림,2107,2250,4357
20210403,1호선,신설동,7238,7012,14250
20210403,1호선,신이문,4992,4828,9820
20210403,1호선,신창,1032,849,1881
20210403,1호선,쌍용,1244,1146,2390
20210403,1호선,아산,2193,2126,4319
20210403,1호선,안양,14272,14588,28860
20210403,1호선,양주,4837,4539,9376
20210403,1호선,역곡,16234,16186,32420
20210403,1호선,영등포,34610,35790,70400
20210403,1호선,영종,2166,2083,4249
20210403,1호선,오류동,7475,7110,14585
20210403,1호선,오산,7879,7289,15168
20210403,1호선,오산대,2128,1976,4104
20210403,1호선,옥수,34,43,77
20210403,1호선,온수,3974,3798,7772
20210403,1호선,온양온천,2882,2848,5730
20210403,1호선,왕십리,10558,11984,22542
20210403,1호선,외대앞,5094,5026,10120
20210403,1호선,용산,26783,28340,55123
20210403,1호선,운서,4322,4282,8604
20210403,1호선,월계,3756,3477,7233
20210403,1호선,응봉,1380,1268,2648
20210403,1호선,의왕,4609,4585,9194
20210403,1호선,의정부,13541,14514,28055
20210403,1호선,이촌,2369,1759,4128
20210403,1호선,인천,2038,1586,3624
20210403,1호선,인천공항1터미널,2276,2534,4810
20210403,1호선,인천공항2터미널,1501,1412,2913
20210403,1호선,제기동,10607,10701,21308
20210403,1호선,제물포,5763,5667,11430
20210403,1호선,종각,14818,13694,28512
20210403,1호선,종로3가,16463,16029,32492
20210403,1호선,종로5가,14522,14420,28942
20210403,1호선,주안,12822,11431,24253
20210403,1호선,중동,5247,5075,10322
20210403,1호선,지제,2373,2066,4439
20210403,1호선,지행,4137,4026,8163
20210403,1호선,직산,514,509,1023
20210403,1호선,진위,886,774,1660
20210403,1호선,천안,4993,4985,9978
20210403,1호선,청라국제도시,3121,3045,6166
20210403,1호선,청량리,26190,27443,53633
20210403,1호선,평택,10551,10041,20592
20210403,1호선,한남,2191,2149,4340
20210403,1호선,홍대입구,8283,8082,16365
20210403,1호선,화서,4101,4125,8226
20210403,1호선,회룡,7689,7579,15268
20210404,1호선,가능,3708,3504,7212
20210404,1호선,가산디지털단지,4450,6152,10602
20210404,1호선,간석,2952,2849,5801
20210404,1호선,개봉,10854,10803,21657
20210404,1호선,검암,3366,3638,7004
20210404,1호선,계양,4332,4047,8379
20210404,1호선,공덕,957,1387,2344
20210404,1호선,공항화물청사,898,989,1887
20210404,1호선,관악,4261,3942,8203
20210404,1호선,광명,2095,1422,3517
20210404,1호선,광운대,3973,4204,8177
20210404,1호선,구로,8659,8810,17469
20210404,1호선,구일,4252,4357,8609
20210404,1호선,군포,2775,2584,5359
20210404,1호선,금정,12370,12657,25027
20210404,1호선,금천구청,5862,5865,11727
20210404,1호선,김포공항,10554,5519,16073
20210404,1호선,남영,3808,4063,7871
20210404,1호선,노량진,5509,5318,10827
20210404,1호선,녹양,2511,2456,4967
20210404,1호선,녹천,2466,2200,4666
20210404,1호선,당정,2725,2757,5482
20210404,1호선,대방,5608,5986,11594
20210404,1호선,덕계,1482,1434,2916
20210404,1호선,덕정,3159,3204,6363
20210404,1호선,도봉,3215,2979,6194
20210404,1호선,도봉산,8087,5781,13868
20210404,1호선,도원,1660,1672,3332
20210404,1호선,도화,2261,2082,4343
20210404,1호선,독산,5425,5675,11100
20210404,1호선,동대문,9026,9555,18581
20210404,1호선,동두천,1273,1603,2876
20210404,1호선,동두천중앙,2009,1854,3863
20210404,1호선,동묘앞,12138,12799,24937
20210404,1호선,동암,9170,9031,18201
20210404,1호선,동인천,8600,8265,16865
20210404,1호선,두정,3970,4505,8475
20210404,1호선,디지털미디어시티,3116,3124,6240
20210404,1호선,마곡나루,2015,2273,4288
20210404,1호선,망월사,4062,4204,8266
20210404,1호선,명학,3219,3125,6344
20210404,1호선,방학,5588,5366,10954
20210404,1호선,배방,706,840,1546
20210404,1호선,백운,3670,3620,7290
20210404,1호선,병점,8021,8892,16913
20210404,1호선,보산,1303,1420,2723
20210404,1호선,봉명,504,547,1051
20210404,1호선,부개,4486,4209,8695
20210404,1호선,부천,21206,20666,41872
20210404,1호선,부평,21939,22181,44120
20210404,1호선,서동탄,743,725,1468
20210404,1호선,서빙고,1245,1259,2504
20210404,1호선,서울,34629,26663,61292
20210404,1호선,서정리,3699,5177,8876
20210404,1호선,석계,4659,5026,9685
20210404,1호선,석수,4756,4616,9372
20210404,1호선,성균관대,6844,7273,14117
20210404,1호선,성환,2213,2853,5066
20210404,1호선,세류,1741,1873,3614
20210404,1호선,세마,1536,1436,2972
20210404,1호선,소사,5341,4958,10299
20210404,1호선,소요산,3845,3325,7170
20210404,1호선,송내,12217,11803,24020
20210404,1호선,송탄,3132,3562,6694
20210404,1호선,수원,30832,29356,60188
20210404,1호선,시청,6446,6517,12963
20210404,1호선,신길,4450,4043,8493
20210404,1호선,신도림,2194,2136,4330
20210404,1호선,신설동,6957,6929,13886
20210404,1호선,신이문,4411,4096,8507
20210404,1호선,신창,885,1268,2153
20210404,1호선,쌍용,1194,1311,2505
20210404,1호선,아산,2799,1904,4703
20210404,1호선,안양,12278,12089,24367
20210404,1호선,양주,4592,4541,9133
20210404,1호선,역곡,13544,13424,26968
20210404,1호선,영등포,29714,28623,58337
20210404,1호선,영종,1945,1961,3906
20210404,1호선,오류동,6714,6331,13045
20210404,1호선,오산,6828,7466,14294
20210404,1호선,오산대,1976,1873,3849
20210404,1호선,옥수,45,27,72
20210404,1호선,온수,3533,3392,6925
20210404,1호선,온양온천,3705,3761,7466
20210404,1호선,왕십리,8255,9662,17917
20210404,1호선,외대앞,4409,4410,8819
20210404,1호선,용산,25556,22980,48536
20210404,1호선,운서,4325,4599,8924
20210404,1호선,월계,3498,3324,6822
20210404,1호선,응봉,1172,1188,2360
20210404,1호선,의왕,3928,4074,8002
20210404,1호선,의정부,12656,12886,25542
20210404,1호선,이촌,2330,1702,4032
20210404,1호선,인천,3460,2936,6396
20210404,1호선,인천공항1터미널,2556,2536,5092
20210404,1호선,인천공항2터미널,1367,1353,2720
20210404,1호선,제기동,9935,10484,20419
20210404,1호선,제물포,5130,5067,10197
20210404,1호선,종각,10820,9214,20034
20210404,1호선,종로3가,13292,11834,25126
20210404,1호선,종로5가,8174,8531,16705
20210404,1호선,주안,10960,9550,20510
20210404,1호선,중동,4536,4248,8784
20210404,1호선,지제,1987,1756,3743
20210404,1호선,지행,4033,4102,8135
20210404,1호선,직산,495,533,1028
20210404,1호선,진위,707,714,1421
20210404,1호선,천안,5384,5051,10435
20210404,1호선,청라국제도시,2745,2632,5377
20210404,1호선,청량리,24412,24224,48636
20210404,1호선,평택,9968,10704,20672
20210404,1호선,한남,1854,1770,3624
20210404,1호선,홍대입구,8378,7548,15926
20210404,1호선,화서,3622,3504,7126
20210404,1호선,회룡,6957,6941,13898
20210410,1호선,가능,5093,4908,10001
20210410,1호선,가산디지털단지,6278,8393,14671
20210410,1호선,간석,4365,4138,8503
20210410,1호선,개봉,16060,15857,31917
20210410,1호선,검암,4828,4946,9774
20210410,1호선,계양,6508,5917,12425
20210410,1호선,공덕,1402,2061,3463
20210410,1호선,공항화물청사,1294,1366,2660
20210410,1호선,관악,6111,5619,11730
20210410,1호선,광명,2387,2269,4656
20210410,1호선,광운대,5469,5402,10871
20210410,1호선,구로,13197,13475,26672
20210410,1호선,구일,4646,4368,9014
20210410,1호선,군포,4363,4002,8365
20210410,1호선,금정,17920,17858,35778
20210410,1호선,금천구청,8321,8263,16584
20210410,1호선,김포공항,10843,6717,17560
20210410,1호선,남영,5248,5371,10619
20210410,1호선,노량진,8387,7650,16037
20210410,1호선,녹양,3563,3350,6913
20210410,1호선,녹천,3434,2830,6264
20210410,1호선,당정,4129,3849,7978
20210410,1호선,대방,7943,7743,15686
20210410,1호선,덕계,2150,1993,4143
20210410,1호선,덕정,4387,4098,8485
20210410,1호선,도봉,4403,4184,8587
20210410,1호선,도봉산,10303,7237,17540
20210410,1호선,도원,2154,2206,4360
20210410,1호선,도화,3032,2843,5875
20210410,1호선,독산,8346,8324,16670
20210410,1호선,동대문,10780,10153,20933
20210410,1호선,동두천,1657,2248,3905
20210410,1호선,동두천중앙,2847,2817,5664
20210410,1호선,동묘앞,11859,12320,24179
20210410,1호선,동암,12277,12439,24716
20210410,1호선,동인천,11641,11629,23270
20210410,1호선,두정,5040,5381,10421
20210410,1호선,디지털미디어시티,4763,4535,9298
20210410,1호선,마곡나루,3179,3547,6726
20210410,1호선,망월사,5569,5745,11314
20210410,1호선,명학,5085,4921,10006
20210410,1호선,방학,7418,7278,14696
20210410,1호선,배방,972,970,1942
20210410,1호선,백운,5322,5399,10721
20210410,1호선,병점,11426,11374,22800
20210410,1호선,보산,1808,1705,3513
20210410,1호선,봉명,690,631,1321
20210410,1호선,부개,6197,5821,12018
20210410,1호선,부천,28172,29040,57212
20210410,1호선,부평,28585,30904,59489
20210410,1호선,서동탄,1074,1108,2182
20210410,1호선,서빙고,1423,1276,2699
20210410,1호선,서울,40351,37040,77391
20210410,1호선,서정리,5810,4987,10797
20210410,1호선,석계,6573,7053,13626
20210410,1호선,석수,6907,6662,13569
20210410,1호선,성균관대,9979,9802,19781
20210410,1호선,성환,2933,2791,5724
20210410,1호선,세류,2434,2505,4939
20210410,1호선,세마,2068,1830,3898
20210410,1호선,소사,7644,7248,14892
20210410,1호선,소요산,4929,4216,9145
20210410,1호선,송내,17564,17460,35024
20210410,1호선,송탄,4536,4159,8695
20210410,1호선,수원,36307,39034,75341
20210410,1호선,시청,10255,10847,21102
20210410,1호선,신길,6222,5251,11473
20210410,1호선,신도림,2991,3039,6030
20210410,1호선,신설동,9264,8702,17966
20210410,1호선,신이문,6172,5681,11853
20210410,1호선,신창,1053,1049,2102
20210410,1호선,쌍용,1452,1249,2701
20210410,1호선,아산,2771,2651,5422
20210410,1호선,안양,17579,17390,34969
20210410,1호선,양주,6416,6121,12537
20210410,1호선,역곡,19712,19376,39088
20210410,1호선,영등포,36288,37613,73901
20210410,1호선,영종,2766,2829,5595
20210410,1호선,오류동,8933,8409,17342
20210410,1호선,오산,8990,8295,17285
20210410,1호선,오산대,2966,2621,5587
20210410,1호선,옥수,54,38,92
20210410,1호선,온수,4724,4519,9243
20210410,1호선,온양온천,3605,3653,7258
20210410,1호선,왕십리,11359,13080,24439
20210410,1호선,외대앞,6045,5824,11869
20210410,1호선,용산,28542,30697,59239
20210410,1호선,운서,5691,5821,11512
20210410,1호선,월계,4624,4253,8877
20210410,1호선,응봉,1704,1524,3228
20210410,1호선,의왕,5907,5805,11712
20210410,1호선,의정부,17018,17723,34741
20210410,1호선,이촌,3353,2296,5649
20210410,1호선,인천,4703,3972,8675
20210410,1호선,인천공항1터미널,2812,2978,5790
20210410,1호선,인천공항2터미널,1557,1455,3012
20210410,1호선,제기동,15822,16390,32212
20210410,1호선,제물포,7178,6892,14070
20210410,1호선,종각,17173,15213,32386
20210410,1호선,종로3가,21610,20229,41839
20210410,1호선,종로5가,17249,17214,34463
20210410,1호선,주안,15318,13612,28930
20210410,1호선,중동,6400,6098,12498
20210410,1호선,지제,2546,2388,4934
20210410,1호선,지행,5357,5408,10765
20210410,1호선,직산,667,632,1299
20210410,1호선,진위,1096,914,2010
20210410,1호선,천안,5956,6127,12083
20210410,1호선,청라국제도시,3817,3737,7554
20210410,1호선,청량리,33181,34823,68004
20210410,1호선,평택,13011,12287,25298
20210410,1호선,한남,2846,2668,5514
20210410,1호선,홍대입구,10325,10101,20426
20210410,1호선,화서,5152,5180,10332
20210410,1호선,회룡,9665,9780,19445
20210411,1호선,가능,3884,3688,7572
20210411,1호선,가산디지털단지,4488,6251,10739
20210411,1호선,간석,2993,2864,5857
20210411,1호선,개봉,11101,11095,22196
20210411,1호선,검암,3538,3803,7341
20210411,1호선,계양,4646,4550,9196
20210411,1호선,공덕,978,1305,2283
20210411,1호선,공항화물청사,1015,1085,2100
20210411,1호선,관악,5066,4489,9555
20210411,1호선,광명,2189,1468,3657
20210411,1호선,광운대,4035,4228,8263
20210411,1호선,구로,9437,9852,19289
20210411,1호선,구일,3179,3180,6359
20210411,1호선,군포,2983,2825,5808
20210411,1호선,금정,13187,13389,26576
20210411,1호선,금천구청,6090,6030,12120
20210411,1호선,김포공항,11157,5925,17082
20210411,1호선,남영,3829,4161,7990
20210411,1호선,노량진,5638,5503,11141
20210411,1호선,녹양,2677,2591,5268
20210411,1호선,녹천,2585,2225,4810
20210411,1호선,당정,2861,2947,5808
20210411,1호선,대방,5535,5946,11481
20210411,1호선,덕계,1586,1533,3119
20210411,1호선,덕정,3395,3438,6833
20210411,1호선,도봉,3529,3218,6747
20210411,1호선,도봉산,9782,7127,16909
20210411,1호선,도원,1624,1637,3261
20210411,1호선,도화,2224,2078,4302
20210411,1호선,독산,5741,5845,11586
20210411,1호선,동대문,9323,9844,19167
20210411,1호선,동두천,1447,1888,3335
20210411,1호선,동두천중앙,2125,2026,4151
20210411,1호선,동묘앞,12795,13158,25953
20210411,1호선,동암,9332,9106,18438
20210411,1호선,동인천,9203,8668,17871
20210411,1호선,두정,4230,4583,8813
20210411,1호선,디지털미디어시티,3374,3540,6914
20210411,1호선,마곡나루,2213,2530,4743
20210411,1호선,망월사,4821,5024,9845
20210411,1호선,명학,3459,3483,6942
20210411,1호선,방학,5816,5511,11327
20210411,1호선,배방,772,881,1653
20210411,1호선,백운,3810,3766,7576
20210411,1호선,병점,8441,9423,17864
20210411,1호선,보산,1613,1739,3352
20210411,1호선,봉명,492,574,1066
20210411,1호선,부개,4464,4182,8646
20210411,1호선,부천,20623,20260,40883
20210411,1호선,부평,22127,22569,44696
20210411,1호선,서동탄,744,720,1464
20210411,1호선,서빙고,1233,1258,2491
20210411,1호선,서울,36603,27301,63904
20210411,1호선,서정리,4070,5445,9515
20210411,1호선,석계,4668,5260,9928
20210411,1호선,석수,5305,5201,10506
20210411,1호선,성균관대,6945,7315,14260
20210411,1호선,성환,2692,3126,5818
20210411,1호선,세류,2004,1999,4003
20210411,1호선,세마,1570,1460,3030
20210411,1호선,소사,5681,5440,11121
20210411,1호선,소요산,4868,4307,9175
20210411,1호선,송내,12358,12170,24528
20210411,1호선,송탄,3589,3962,7551
20210411,1호선,수원,31899,30718,62617
20210411,1호선,시청,6741,6717,13458
20210411,1호선,신길,4786,4310,9096
20210411,1호선,신도림,2298,2293,4591
20210411,1호선,신설동,7099,6909,14008
20210411,1호선,신이문,4599,4334,8933
20210411,1호선,신창,1056,1347,2403
20210411,1호선,쌍용,1156,1251,2407
20210411,1호선,아산,3070,2042,5112
20210411,1호선,안양,13288,12947,26235
20210411,1호선,양주,5165,5069,10234
20210411,1호선,역곡,13670,13660,27330
20210411,1호선,영등포,28652,27722,56374
20210411,1호선,영종,2198,2098,4296
20210411,1호선,오류동,6791,6511,13302
20210411,1호선,오산,7363,7960,15323
20210411,1호선,오산대,2278,2191,4469
20210411,1호선,옥수,71,30,101
20210411,1호선,온수,3460,3414,6874
20210411,1호선,온양온천,3155,3080,6235
20210411,1호선,왕십리,7898,9145,17043
20210411,1호선,외대앞,4609,4602,9211
20210411,1호선,용산,26391,23096,49487
20210411,1호선,운서,4718,4993,9711
20210411,1호선,월계,3565,3327,6892
20210411,1호선,응봉,1276,1246,2522
20210411,1호선,의왕,4087,4273,8360
20210411,1호선,의정부,13454,13545,26999
20210411,1호선,이촌,2419,1797,4216
20210411,1호선,인천,4153,3420,7573
20210411,1호선,인천공항1터미널,2906,2859,5765
20210411,1호선,인천공항2터미널,1449,1375,2824
20210411,1호선,제기동,10297,10752,21049
20210411,1호선,제물포,5403,5211,10614
20210411,1호선,종각,10815,9518,20333
20210411,1호선,종로3가,13756,12123,25879
20210411,1호선,종로5가,8363,8533,16896
20210411,1호선,주안,11063,9839,20902
20210411,1호선,중동,4613,4263,8876
20210411,1호선,지제,2101,1858,3959
20210411,1호선,지행,4177,4126,8303
20210411,1호선,직산,550,616,1166
20210411,1호선,진위,826,851,1677
20210411,1호선,천안,5972,5377,11349
20210411,1호선,청라국제도시,2958,2883,5841
20210411,1호선,청량리,25796,24845,50641
20210411,1호선,평택,11076,11916,22992
20210411,1호선,한남,1856,1883,3739
20210411,1호선,홍대입구,8327,7700,16027
20210411,1호선,화서,3778,3688,7466
20210411,1호선,회룡,7240,7263,14503
20210417,1호선,가능,4600,4597,9197
20210417,1호선,가산디지털단지,5702,7740,13442
20210417,1호선,간석,4113,3959,8072
20210417,1호선,개봉,15126,14997,30123
20210417,1호선,검암,4179,4321,8500
20210417,1호선,계양,5818,5366,11184
20210417,1호선,공덕,1295,1870,3165
20210417,1호선,공항화물청사,1267,1326,2593
20210417,1호선,관악,5612,5279,10891
20210417,1호선,광명,2160,1990,4150
20210417,1호선,광운대,5265,5063,10328
20210417,1호선,구로,12587,12779,25366
20210417,1호선,구일,4435,4276,8711
20210417,1호선,군포,4174,3917,8091
20210417,1호선,금정,17522,17348,34870
20210417,1호선,금천구청,7890,7814,15704
20210417,1호선,김포공항,10432,5833,16265
20210417,1호선,남영,5626,5771,11397
20210417,1호선,노량진,8213,7463,15676
20210417,1호선,녹양,3235,3100,6335
20210417,1호선,녹천,3102,2698,5800
20210417,1호선,당정,3677,3594,7271
20210417,1호선,대방,7390,7468,14858
20210417,1호선,덕계,2099,1939,4038
20210417,1호선,덕정,4005,3875,7880
20210417,1호선,도봉,4230,3969,8199
20210417,1호선,도봉산,8176,5563,13739
20210417,1호선,도원,2437,2439,4876
20210417,1호선,도화,2870,2650,5520
20210417,1호선,독산,8019,8093,16112
20210417,1호선,동대문,10009,9011,19020
20210417,1호선,동두천,1534,2136,3670
20210417,1호선,동두천중앙,2364,2388,4752
20210417,1호선,동묘앞,10307,10800,21107
20210417,1호선,동암,11762,11822,23584
20210417,1호선,동인천,10751,10648,21399
20210417,1호선,두정,4727,5059,9786
20210417,1호선,디지털미디어시티,4883,4657,9540
20210417,1호선,마곡나루,2755,3109,5864
20210417,1호선,망월사,5120,5234,10354
20210417,1호선,명학,4971,4856,9827
20210417,1호선,방학,6897,6840,13737
20210417,1호선,배방,937,842,1779
20210417,1호선,백운,5174,5056,10230
20210417,1호선,병점,11183,11077,22260
20210417,1호선,보산,2097,1833,3930
20210417,1호선,봉명,643,635,1278
20210417,1호선,부개,6101,5701,11802
20210417,1호선,부천,26941,27758,54699
20210417,1호선,부평,27770,29933,57703
20210417,1호선,서동탄,975,1062,2037
20210417,1호선,서빙고,1225,1070,2295
20210417,1호선,서울,36889,34359,71248
20210417,1호선,서정리,5704,4952,10656
20210417,1호선,석계,6260,6730,12990
20210417,1호선,석수,6463,6073,12536
20210417,1호선,성균관대,9553,9313,18866
20210417,1호선,성환,2769,2581,5350
20210417,1호선,세류,2273,2321,4594
20210417,1호선,세마,1948,1753,3701
20210417,1호선,소사,7332,7058,14390
20210417,1호선,소요산,3531,2941,6472
20210417,1호선,송내,16977,16799,33776
20210417,1호선,송탄,4864,4294,9158
20210417,1호선,수원,33601,36433,70034
20210417,1호선,시청,8996,9416,18412
20210417,1호선,신길,6064,5063,11127
20210417,1호선,신도림,2714,2790,5504
20210417,1호선,신설동,8440,8160,16600
20210417,1호선,신이문,5905,5367,11272
20210417,1호선,신창,1034,909,1943
20210417,1호선,쌍용,1340,1227,2567
20210417,1호선,아산,2615,2562,5177
20210417,1호선,안양,16405,16607,33012
20210417,1호선,양주,5776,5565,11341
20210417,1호선,역곡,19088,18629,37717
20210417,1호선,영등포,34828,36167,70995
20210417,1호선,영종,2578,2755,5333
20210417,1호선,오류동,8554,7739,16293
20210417,1호선,오산,8751,8011,16762
20210417,1호선,오산대,2502,2287,4789
20210417,1호선,옥수,34,30,64
20210417,1호선,온수,4665,4352,9017
20210417,1호선,온양온천,3436,3416,6852
20210417,1호선,왕십리,10861,12512,23373
20210417,1호선,외대앞,5242,5231,10473
20210417,1호선,용산,27420,29927,57347
20210417,1호선,운서,5345,5290,10635
20210417,1호선,월계,4202,3887,8089
20210417,1호선,응봉,1417,1350,2767
20210417,1호선,의왕,5711,5624,11335
20210417,1호선,의정부,15853,16580,32433
20210417,1호선,이촌,2792,2100,4892
20210417,1호선,인천,3723,3093,6816
20210417,1호선,인천공항1터미널,2749,2768,5517
20210417,1호선,인천공항2터미널,1475,1439,2914
20210417,1호선,제기동,14438,14864,29302
20210417,1호선,제물포,7033,6780,13813
20210417,1호선,종각,16102,14981,31083
20210417,1호선,종로3가,19564,18567,38131
20210417,1호선,종로5가,16150,16370,32520
20210417,1호선,주안,14622,13074,27696
20210417,1호선,중동,6143,5843,11986
20210417,1호선,지제,2446,2392,4838
20210417,1호선,지행,4878,4842,9720
20210417,1호선,직산,643,631,1274
20210417,1호선,진위,954,816,1770
20210417,1호선,천안,5467,5660,11127
20210417,1호선,청라국제도시,3551,3472,7023
20210417,1호선,청량리,31085,32752,63837
20210417,1호선,평택,12779,11895,24674
20210417,1호선,한남,2642,2448,5090
20210417,1호선,홍대입구,9493,9242,18735
20210417,1호선,화서,5005,4985,9990
20210417,1호선,회룡,8940,7947,16887
20210418,1호선,가능,3821,3720,7541
20210418,1호선,가산디지털단지,4371,5965,10336
20210418,1호선,간석,2937,2830,5767
20210418,1호선,개봉,10802,10771,21573
20210418,1호선,검암,3378,3644,7022
20210418,1호선,계양,4361,4210,8571
20210418,1호선,공덕,1025,1295,2320
20210418,1호선,공항화물청사,968,1057,2025
20210418,1호선,관악,4649,4314,8963
20210418,1호선,광명,2137,1424,3561
20210418,1호선,광운대,3895,4096,7991
20210418,1호선,구로,8899,8869,17768
20210418,1호선,구일,3115,3182,6297
20210418,1호선,군포,2888,2748,5636
20210418,1호선,금정,12599,12867,25466
20210418,1호선,금천구청,5922,5906,11828
20210418,1호선,김포공항,10901,5555,16456
20210418,1호선,남영,3775,4002,7777
20210418,1호선,노량진,5504,5411,10915
20210418,1호선,녹양,2543,2484,5027
20210418,1호선,녹천,2444,2124,4568
20210418,1호선,당정,2706,2778,5484
20210418,1호선,대방,5369,5784,11153
20210418,1호선,덕계,1613,1496,3109
20210418,1호선,덕정,3203,3338,6541
20210418,1호선,도봉,3367,3277,6644
20210418,1호선,도봉산,9931,7158,17089
20210418,1호선,도원,1584,1623,3207
20210418,1호선,도화,2234,2008,4242
20210418,1호선,독산,5534,5656,11190
20210418,1호선,동대문,9000,9583,18583
20210418,1호선,동두천,1374,2016,3390
20210418,1호선,동두천중앙,1970,1873,3843
20210418,1호선,동묘앞,12894,13358,26252
20210418,1호선,동암,8951,8997,17948
20210418,1호선,동인천,8747,8365,17112
20210418,1호선,두정,4061,4337,8398
20210418,1호선,디지털미디어시티,3235,3280,6515
20210418,1호선,마곡나루,2378,2553,4931
20210418,1호선,망월사,4126,4422,8548
20210418,1호선,명학,3256,3201,6457
20210418,1호선,방학,5683,5464,11147
20210418,1호선,배방,650,812,1462
20210418,1호선,백운,3711,3721,7432
20210418,1호선,병점,8083,8917,17000
20210418,1호선,보산,1326,1592,2918
20210418,1호선,봉명,434,487,921
20210418,1호선,부개,4370,4142,8512
20210418,1호선,부천,20928,20307,41235
20210418,1호선,부평,20863,21158,42021
20210418,1호선,서동탄,759,785,1544
20210418,1호선,서빙고,1200,1187,2387
20210418,1호선,서울,35457,26205,61662
20210418,1호선,서정리,3707,5239,8946
20210418,1호선,석계,4637,5114,9751
20210418,1호선,석수,5150,4930,10080
20210418,1호선,성균관대,6750,7236,13986
20210418,1호선,성환,2178,2469,4647
20210418,1호선,세류,1754,1853,3607
20210418,1호선,세마,1543,1435,2978
20210418,1호선,소사,5411,5086,10497
20210418,1호선,소요산,4886,4124,9010
20210418,1호선,송내,12016,11794,23810
20210418,1호선,송탄,3358,4052,7410
20210418,1호선,수원,29670,28319,57989
20210418,1호선,시청,6575,6472,13047
20210418,1호선,신길,4496,3965,8461
20210418,1호선,신도림,2134,2175,4309
20210418,1호선,신설동,6952,6884,13836
20210418,1호선,신이문,4577,4303,8880
20210418,1호선,신창,879,1084,1963
20210418,1호선,쌍용,1027,1101,2128
20210418,1호선,아산,2629,1788,4417
20210418,1호선,안양,12460,12119,24579
20210418,1호선,양주,4844,4827,9671
20210418,1호선,역곡,13223,13180,26403
20210418,1호선,영등포,27761,26648,54409
20210418,1호선,영종,2186,2145,4331
20210418,1호선,오류동,6626,6388,13014
20210418,1호선,오산,7346,7980,15326
20210418,1호선,오산대,2024,1958,3982
20210418,1호선,옥수,64,25,89
20210418,1호선,온수,3453,3265,6718
20210418,1호선,온양온천,2869,2767,5636
20210418,1호선,왕십리,7973,9324,17297
20210418,1호선,외대앞,4000,3901,7901
20210418,1호선,용산,25814,22638,48452
20210418,1호선,운서,4453,4793,9246
20210418,1호선,월계,3537,3390,6927
20210418,1호선,응봉,1184,1256,2440
20210418,1호선,의왕,4026,4036,8062
20210418,1호선,의정부,12850,12873,25723
20210418,1호선,이촌,2268,1724,3992
20210418,1호선,인천,3811,3092,6903
20210418,1호선,인천공항1터미널,2767,2786,5553
20210418,1호선,인천공항2터미널,1439,1433,2872
20210418,1호선,제기동,9351,9849,19200
20210418,1호선,제물포,5178,5118,10296
20210418,1호선,종각,10912,9427,20339
20210418,1호선,종로3가,12927,11380,24307
20210418,1호선,종로5가,8127,8258,16385
20210418,1호선,주안,10618,9360,19978
20210418,1호선,중동,4512,4315,8827
20210418,1호선,지제,2101,1866,3967
20210418,1호선,지행,4009,4079,8088
20210418,1호선,직산,522,573,1095
20210418,1호선,진위,774,810,1584
20210418,1호선,창동,1,0,1
20210418,1호선,천안,5409,4923,10332
20210418,1호선,청라국제도시,2663,2601,5264
20210418,1호선,청량리,25484,24653,50137
20210418,1호선,평택,10043,10782,20825
20210418,1호선,한남,1962,1973,3935
20210418,1호선,홍대입구,8032,7007,15039
20210418,1호선,화서,3541,3503,7044
20210418,1호선,회룡,6865,5924,12789
20210424,1호선,가능,5012,4776,9788
20210424,1호선,가산디지털단지,5985,8046,14031
20210424,1호선,간석,4233,4065,8298
20210424,1호선,개봉,15875,15632,31507
20210424,1호선,검암,4576,4640,9216
20210424,1호선,계양,6271,5638,11909
20210424,1호선,공덕,1296,1939,3235
20210424,1호선,공항화물청사,1342,1367,2709
20210424,1호선,관악,5978,5495,11473
20210424,1호선,광명,2207,2125,4332
20210424,1호선,광운대,5537,5386,10923
20210424,1호선,구로,12822,13225,26047
20210424,1호선,구일,5361,5195,10556
20210424,1호선,군포,4178,3776,7954
20210424,1호선,금정,17591,17655,35246
20210424,1호선,금천구청,7997,7971,15968
20210424,1호선,김포공항,10402,5751,16153
20210424,1호선,남영,5385,5481,10866
20210424,1호선,노량진,8506,7605,16111
20210424,1호선,녹양,3324,3172,6496
20210424,1호선,녹천,3218,2815,6033
20210424,1호선,당정,3844,3671,7515
20210424,1호선,대방,7538,7478,15016
20210424,1호선,덕계,2134,1959,4093
20210424,1호선,덕정,4207,3971,8178
20210424,1호선,도봉,4327,4210,8537
20210424,1호선,도봉산,9611,6704,16315
20210424,1호선,도원,2045,2072,4117
20210424,1호선,도화,3103,2900,6003
20210424,1호선,독산,8334,8131,16465
20210424,1호선,동대문,10584,9907,20491
20210424,1호선,동두천,1583,2414,3997
20210424,1호선,동두천중앙,2461,2548,5009
20210424,1호선,동묘앞,11582,12003,23585
20210424,1호선,동암,12256,12341,24597
20210424,1호선,동인천,11368,11180,22548
20210424,1호선,두정,5068,5357,10425
20210424,1호선,디지털미디어시티,4918,4712,9630
20210424,1호선,마곡나루,3263,3480,6743
20210424,1호선,망월사,5384,5563,10947
20210424,1호선,명학,5174,5060,10234
20210424,1호선,방학,7389,7127,14516
20210424,1호선,배방,935,913,1848
20210424,1호선,백운,5366,5414,10780
20210424,1호선,병점,11341,11220,22561
20210424,1호선,보산,1723,1580,3303
20210424,1호선,봉명,745,747,1492
20210424,1호선,부개,6180,5749,11929
20210424,1호선,부천,27414,28167,55581
20210424,1호선,부평,28151,30604,58755
20210424,1호선,서동탄,973,1068,2041
20210424,1호선,서빙고,1310,1142,2452
20210424,1호선,서울,39017,36091,75108
20210424,1호선,서정리,5896,4920,10816
20210424,1호선,석계,6524,6883,13407
20210424,1호선,석수,6982,6376,13358
20210424,1호선,성균관대,9775,9615,19390
20210424,1호선,성환,2773,2630,5403
20210424,1호선,세류,2348,2407,4755
20210424,1호선,세마,2054,1878,3932
20210424,1호선,소사,7640,7426,15066
20210424,1호선,소요산,4526,3707,8233
20210424,1호선,송내,17563,17225,34788
20210424,1호선,송탄,4594,4114,8708
20210424,1호선,수원,34740,37242,71982
20210424,1호선,시청,9575,9907,19482
20210424,1호선,신길,6173,5235,11408
20210424,1호선,신도림,3120,3252,6372
20210424,1호선,신설동,8908,8391,17299
20210424,1호선,신이문,6028,5499,11527
20210424,1호선,신창,1147,1020,2167
20210424,1호선,쌍용,1647,1418,3065
20210424,1호선,아산,2674,2540,5214
20210424,1호선,안양,17101,17173,34274
20210424,1호선,양주,6207,6050,12257
20210424,1호선,역곡,19375,18902,38277
20210424,1호선,영등포,34925,36282,71207
20210424,1호선,영종,2604,2678,5282
20210424,1호선,오류동,8871,8187,17058
20210424,1호선,오산,8868,8098,16966
20210424,1호선,오산대,2783,2480,5263
20210424,1호선,옥수,52,40,92
20210424,1호선,온수,4889,4497,9386
20210424,1호선,온양온천,4939,4897,9836
20210424,1호선,왕십리,11142,12795,23937
20210424,1호선,외대앞,5538,5218,10756
20210424,1호선,용산,28293,30761,59054
20210424,1호선,운서,5509,5633,11142
20210424,1호선,월계,4602,4262,8864
20210424,1호선,응봉,1658,1572,3230
20210424,1호선,의왕,5809,5612,11421
20210424,1호선,의정부,16337,17449,33786
20210424,1호선,이촌,3254,2312,5566
20210424,1호선,인천,4442,3730,8172
20210424,1호선,인천공항1터미널,2675,3005,5680
20210424,1호선,인천공항2터미널,1521,1352,2873
20210424,1호선,제기동,14568,14899,29467
20210424,1호선,제물포,7322,6995,14317
20210424,1호선,종각,16382,15226,31608
20210424,1호선,종로3가,21135,19712,40847
20210424,1호선,종로5가,16991,17235,34226
20210424,1호선,주안,15096,13151,28247
20210424,1호선,중동,6337,5971,12308
20210424,1호선,지제,2529,2512,5041
20210424,1호선,지행,5229,5126,10355
20210424,1호선,직산,645,678,1323
20210424,1호선,진위,1005,911,1916
20210424,1호선,천안,5835,6098,11933
20210424,1호선,청라국제도시,3761,3654,7415
20210424,1호선,청량리,32195,34190,66385
20210424,1호선,평택,12648,12031,24679
20210424,1호선,한남,2919,2718,5637
20210424,1호선,홍대입구,10380,9991,20371
20210424,1호선,화서,4986,4907,9893
20210424,1호선,회룡,9522,9400,18922
20210425,1호선,가능,3933,3734,7667
20210425,1호선,가산디지털단지,4368,6186,10554
20210425,1호선,간석,3013,2901,5914
20210425,1호선,개봉,10965,10917,21882
20210425,1호선,검암,3536,3675,7211
20210425,1호선,계양,4549,4364,8913
20210425,1호선,공덕,1016,1311,2327
20210425,1호선,공항화물청사,1031,1095,2126
20210425,1호선,관악,4819,4248,9067
20210425,1호선,광명,2187,1501,3688
20210425,1호선,광운대,3954,4072,8026
20210425,1호선,구로,9419,9676,19095
20210425,1호선,구일,3947,4073,8020
20210425,1호선,군포,3105,2932,6037
20210425,1호선,금정,13143,13303,26446
20210425,1호선,금천구청,6051,5904,11955
20210425,1호선,김포공항,10844,5500,16344
20210425,1호선,남영,3907,4266,8173
20210425,1호선,노량진,5838,5574,11412
20210425,1호선,녹양,2538,2505,5043
20210425,1호선,녹천,2713,2341,5054
20210425,1호선,당정,2979,2880,5859
20210425,1호선,대방,5447,5860,11307
20210425,1호선,덕계,1644,1560,3204
20210425,1호선,덕정,3237,3243,6480
20210425,1호선,도봉,3497,3279,6776
20210425,1호선,도봉산,9837,7120,16957
20210425,1호선,도원,2201,2228,4429
20210425,1호선,도화,2409,2248,4657
20210425,1호선,독산,5514,5604,11118
20210425,1호선,동대문,9207,9803,19010
20210425,1호선,동두천,1390,1893,3283
20210425,1호선,동두천중앙,2124,2208,4332
20210425,1호선,동묘앞,12744,13162,25906
20210425,1호선,동암,9144,9061,18205
20210425,1호선,동인천,9131,8735,17866
20210425,1호선,두정,4276,4576,8852
20210425,1호선,디지털미디어시티,3127,3203,6330
20210425,1호선,마곡나루,2377,2657,5034
20210425,1호선,망월사,4589,4787,9376
20210425,1호선,명학,3254,3310,6564
20210425,1호선,방학,5420,5327,10747
20210425,1호선,배방,768,829,1597
20210425,1호선,백운,3935,3830,7765
20210425,1호선,병점,8296,9261,17557
20210425,1호선,보산,1266,1413,2679
20210425,1호선,봉명,538,561,1099
20210425,1호선,부개,4627,4225,8852
20210425,1호선,부천,19974,19508,39482
20210425,1호선,부평,21375,21605,42980
20210425,1호선,서동탄,692,735,1427
20210425,1호선,서빙고,1333,1305,2638
20210425,1호선,서울,35786,26915,62701
20210425,1호선,서정리,3716,5251,8967
20210425,1호선,석계,4605,5028,9633
20210425,1호선,석수,4955,5107,10062
20210425,1호선,성균관대,7263,7652,14915
20210425,1호선,성환,2180,2632,4812
20210425,1호선,세류,1943,1953,3896
20210425,1호선,세마,1480,1395,2875
20210425,1호선,소사,5492,5238,10730
20210425,1호선,소요산,4946,4153,9099
20210425,1호선,송내,12587,12179,24766
20210425,1호선,송탄,3258,3877,7135
20210425,1호선,수원,31009,29551,60560
20210425,1호선,시청,6552,6487,13039
20210425,1호선,신길,4708,4204,8912
20210425,1호선,신도림,2286,2277,4563
20210425,1호선,신설동,6799,6945,13744
20210425,1호선,신이문,4451,4354,8805
20210425,1호선,신창,968,1242,2210
20210425,1호선,쌍용,1054,1173,2227
20210425,1호선,아산,2876,1968,4844
20210425,1호선,안양,12845,12601,25446
20210425,1호선,양주,4935,4804,9739
20210425,1호선,역곡,13405,13327,26732
20210425,1호선,영등포,27648,26879,54527
20210425,1호선,영종,2174,2088,4262
20210425,1호선,오류동,6423,5999,12422
20210425,1호선,오산,7108,7552,14660
20210425,1호선,오산대,2258,2094,4352
20210425,1호선,옥수,52,24,76
20210425,1호선,온수,3534,3360,6894
20210425,1호선,온양온천,3100,2980,6080
20210425,1호선,왕십리,7576,8574,16150
20210425,1호선,외대앞,4167,4132,8299
20210425,1호선,용산,26092,23342,49434
20210425,1호선,운서,4764,4957,9721
20210425,1호선,월계,3873,3545,7418
20210425,1호선,응봉,1157,1146,2303
20210425,1호선,의왕,4114,4216,8330
20210425,1호선,의정부,12580,12636,25216
20210425,1호선,이촌,2583,1824,4407
20210425,1호선,인천,4357,3812,8169
20210425,1호선,인천공항1터미널,2984,2921,5905
20210425,1호선,인천공항2터미널,1451,1411,2862
20210425,1호선,제기동,9196,9829,19025
20210425,1호선,제물포,5432,5425,10857
20210425,1호선,종각,10941,9462,20403
20210425,1호선,종로3가,13422,11586,25008
20210425,1호선,종로5가,8510,8634,17144
20210425,1호선,주안,11352,9849,21201
20210425,1호선,중동,4384,4231,8615
20210425,1호선,지제,2095,1863,3958
20210425,1호선,지행,4033,4030,8063
20210425,1호선,직산,521,598,1119
20210425,1호선,진위,783,798,1581
20210425,1호선,창동,1,0,1
20210425,1호선,천안,5758,5286,11044
20210425,1호선,청라국제도시,2890,2805,5695
20210425,1호선,청량리,25548,24353,49901
20210425,1호선,평택,10571,11504,22075
20210425,1호선,한남,1993,1969,3962
20210425,1호선,홍대입구,8386,7602,15988
20210425,1호선,화서,3736,3735,7471
20210425,1호선,회룡,6975,7131,14106
20210501,1호선,가능,4462,4265,8727
20210501,1호선,가산디지털단지,5335,7374,12709
20210501,1호선,간석,3878,3897,7775
20210501,1호선,개봉,14394,14139,28533
20210501,1호선,검암,4122,4184,8306
20210501,1호선,계양,5719,5308,11027
20210501,1호선,공덕,1348,2099,3447
20210501,1호선,공항화물청사,1188,1236,2424
20210501,1호선,관악,5105,4771,9876
20210501,1호선,광명,2157,2037,4194
20210501,1호선,광운대,5271,5048,10319
20210501,1호선,구로,11880,12428,24308
20210501,1호선,구일,4077,3757,7834
20210501,1호선,군포,3740,3430,7170
20210501,1호선,금정,16305,16203,32508
20210501,1호선,금천구청,7234,7230,14464
20210501,1호선,김포공항,10076,5468,15544
20210501,1호선,남영,4910,5197,10107
20210501,1호선,노량진,7681,7173,14854
20210501,1호선,녹양,2886,2853,5739
20210501,1호선,녹천,2993,2554,5547
20210501,1호선,당정,3599,3392,6991
20210501,1호선,대방,6944,7122,14066
20210501,1호선,덕계,1776,1618,3394
20210501,1호선,덕정,3485,3281,6766
20210501,1호선,도봉,3758,3568,7326
20210501,1호선,도봉산,6844,4659,11503
20210501,1호선,도원,1819,1826,3645
20210501,1호선,도화,2759,2617,5376
20210501,1호선,독산,7526,7443,14969
20210501,1호선,동대문,11032,10116,21148
20210501,1호선,동두천,1349,1715,3064
20210501,1호선,동두천중앙,2123,2162,4285
20210501,1호선,동묘앞,9578,9794,19372
20210501,1호선,동암,11203,11221,22424
20210501,1호선,동인천,10490,10349,20839
20210501,1호선,두정,4831,4861,9692
20210501,1호선,디지털미디어시티,4503,4312,8815
20210501,1호선,마곡나루,2534,2763,5297
20210501,1호선,망월사,4714,4830,9544
20210501,1호선,명학,4425,4278,8703
20210501,1호선,방학,6203,6124,12327
20210501,1호선,배방,832,840,1672
20210501,1호선,백운,4947,4921,9868
20210501,1호선,병점,10494,10630,21124
20210501,1호선,보산,1803,1718,3521
20210501,1호선,봉명,577,533,1110
20210501,1호선,부개,5570,5212,10782
20210501,1호선,부천,26633,27124,53757
20210501,1호선,부평,27725,30120,57845
20210501,1호선,서동탄,958,975,1933
20210501,1호선,서빙고,1085,989,2074
20210501,1호선,서울,37804,36281,74085
20210501,1호선,서정리,4846,4393,9239
20210501,1호선,석계,5729,6108,11837
20210501,1호선,석수,5897,5387,11284
20210501,1호선,성균관대,8978,9023,18001
20210501,1호선,성환,2762,2539,5301
20210501,1호선,세류,2113,2223,4336
20210501,1호선,세마,1907,1693,3600
20210501,1호선,소사,6954,6751,13705
20210501,1호선,소요산,2796,2464,5260
20210501,1호선,송내,16264,15941,32205
20210501,1호선,송탄,4151,3761,7912
20210501,1호선,수원,35438,38282,73720
20210501,1호선,시청,8253,8774,17027
20210501,1호선,신길,5591,4669,10260
20210501,1호선,신도림,2600,2722,5322
20210501,1호선,신설동,7777,7497,15274
20210501,1호선,신이문,5520,5057,10577
20210501,1호선,신창,1102,981,2083
20210501,1호선,쌍용,1361,1196,2557
20210501,1호선,아산,2491,2444,4935
20210501,1호선,안양,16350,16210,32560
20210501,1호선,양주,5338,5183,10521
20210501,1호선,역곡,17957,17479,35436
20210501,1호선,영등포,36895,38077,74972
20210501,1호선,영종,2439,2580,5019
20210501,1호선,오류동,8060,7441,15501
20210501,1호선,오산,8381,7972,16353
20210501,1호선,오산대,2439,2239,4678
20210501,1호선,옥수,26,38,64
20210501,1호선,온수,4501,4156,8657
20210501,1호선,온양온천,3151,3323,6474
20210501,1호선,왕십리,10831,12175,23006
20210501,1호선,외대앞,5265,5154,10419
20210501,1호선,용산,29764,32555,62319
20210501,1호선,운서,4945,5180,10125
20210501,1호선,월계,3989,3721,7710
20210501,1호선,응봉,1249,1067,2316
20210501,1호선,의왕,5181,5014,10195
20210501,1호선,의정부,15558,16291,31849
20210501,1호선,이촌,2552,1829,4381
20210501,1호선,인천,3752,3207,6959
20210501,1호선,인천공항1터미널,2625,2895,5520
20210501,1호선,인천공항2터미널,1492,1399,2891
20210501,1호선,제기동,13612,13889,27501
20210501,1호선,제물포,6609,6289,12898
20210501,1호선,종각,16189,14738,30927
20210501,1호선,종로3가,19003,18406,37409
20210501,1호선,종로5가,18029,17366,35395
20210501,1호선,주안,14368,12701,27069
20210501,1호선,중동,5758,5448,11206
20210501,1호선,지제,2035,2028,4063
20210501,1호선,지행,4672,4622,9294
20210501,1호선,직산,526,525,1051
20210501,1호선,진위,916,815,1731
20210501,1호선,천안,5567,5835,11402
20210501,1호선,청라국제도시,3583,3444,7027
20210501,1호선,청량리,29568,31284,60852
20210501,1호선,평택,12024,11431,23455
20210501,1호선,한남,2433,2342,4775
20210501,1호선,홍대입구,11150,11187,22337
20210501,1호선,화서,4568,4413,8981
20210501,1호선,회룡,8088,8098,16186
20210502,1호선,가능,3751,3476,7227
20210502,1호선,가산디지털단지,4378,6108,10486
20210502,1호선,간석,3154,2972,6126
20210502,1호선,개봉,11203,11173,22376
20210502,1호선,검암,3474,3665,7139
20210502,1호선,계양,4704,4467,9171
20210502,1호선,공덕,1072,1412,2484
20210502,1호선,공항화물청사,1010,1073,2083
20210502,1호선,관악,4705,4305,9010
20210502,1호선,광명,2398,1659,4057
20210502,1호선,광운대,4192,4485,8677
20210502,1호선,구로,9102,9375,18477
20210502,1호선,구일,3479,3387,6866
20210502,1호선,군포,2953,2742,5695
20210502,1호선,금정,13016,13262,26278
20210502,1호선,금천구청,6029,5852,11881
20210502,1호선,김포공항,10870,5329,16199
20210502,1호선,남영,4206,4488,8694
20210502,1호선,노량진,5637,5408,11045
20210502,1호선,녹양,2613,2475,5088
20210502,1호선,녹천,2587,2248,4835
20210502,1호선,당정,2880,2915,5795
20210502,1호선,대방,5625,6021,11646
20210502,1호선,덕계,1630,1675,3305
20210502,1호선,덕정,3327,3567,6894
20210502,1호선,도봉,3424,3168,6592
20210502,1호선,도봉산,9595,6999,16594
20210502,1호선,도원,2189,2192,4381
20210502,1호선,도화,2317,2201,4518
20210502,1호선,독산,5671,5782,11453
20210502,1호선,동대문,9510,10299,19809
20210502,1호선,동두천,1386,2013,3399
20210502,1호선,동두천중앙,2031,1924,3955
20210502,1호선,동묘앞,13040,13363,26403
20210502,1호선,동암,9394,9223,18617
20210502,1호선,동인천,9102,8826,17928
20210502,1호선,두정,4254,4649,8903
20210502,1호선,디지털미디어시티,3293,3295,6588
20210502,1호선,마곡나루,2391,2551,4942
20210502,1호선,망월사,4193,4339,8532
20210502,1호선,명학,3333,3396,6729
20210502,1호선,방학,5648,5511,11159
20210502,1호선,배방,716,887,1603
20210502,1호선,백운,3964,3941,7905
20210502,1호선,병점,8622,9535,18157
20210502,1호선,보산,1314,1535,2849
20210502,1호선,봉명,496,520,1016
20210502,1호선,부개,4559,4244,8803
20210502,1호선,부천,21883,21326,43209
20210502,1호선,부평,23207,23188,46395
20210502,1호선,서동탄,757,774,1531
20210502,1호선,서빙고,1287,1242,2529
20210502,1호선,서울,38269,29284,67553
20210502,1호선,서정리,3967,5651,9618
20210502,1호선,석계,4636,5085,9721
20210502,1호선,석수,5055,4974,10029
20210502,1호선,성균관대,7222,7681,14903
20210502,1호선,성환,2236,2740,4976
20210502,1호선,세류,1833,1879,3712
20210502,1호선,세마,1547,1411,2958
20210502,1호선,소사,5582,5363,10945
20210502,1호선,소요산,4670,3857,8527
20210502,1호선,송내,12734,12480,25214
20210502,1호선,송탄,3316,3865,7181
20210502,1호선,수원,32562,31524,64086
20210502,1호선,시청,6893,6599,13492
20210502,1호선,신길,4686,4111,8797
20210502,1호선,신도림,2210,2309,4519
20210502,1호선,신설동,7127,7096,14223
20210502,1호선,신이문,4698,4388,9086
20210502,1호선,신창,962,1337,2299
20210502,1호선,쌍용,1113,1217,2330
20210502,1호선,아산,2968,2058,5026
20210502,1호선,안양,13166,12753,25919
20210502,1호선,양주,4921,4898,9819
20210502,1호선,역곡,13853,13763,27616
20210502,1호선,영등포,29346,28259,57605
20210502,1호선,영종,2299,2202,4501
20210502,1호선,오류동,6855,6561,13416
20210502,1호선,오산,7222,7815,15037
20210502,1호선,오산대,2143,2125,4268
20210502,1호선,옥수,58,30,88
20210502,1호선,온수,3483,3423,6906
20210502,1호선,온양온천,3203,3079,6282
20210502,1호선,왕십리,8606,10048,18654
20210502,1호선,외대앞,4497,4509,9006
20210502,1호선,용산,28520,25557,54077
20210502,1호선,운서,4669,5079,9748
20210502,1호선,월계,3573,3455,7028
20210502,1호선,응봉,1283,1194,2477
20210502,1호선,의왕,4166,4165,8331
20210502,1호선,의정부,13017,13057,26074
20210502,1호선,이촌,2483,1874,4357
20210502,1호선,인천,4585,3554,8139
20210502,1호선,인천공항1터미널,2796,2861,5657
20210502,1호선,인천공항2터미널,1463,1452,2915
20210502,1호선,제기동,9487,9963,19450
20210502,1호선,제물포,5180,5135,10315
20210502,1호선,종각,11439,9876,21315
20210502,1호선,종로3가,13429,11906,25335
20210502,1호선,종로5가,8205,8249,16454
20210502,1호선,주안,11197,9856,21053
20210502,1호선,중동,4546,4305,8851
20210502,1호선,지제,2187,2004,4191
20210502,1호선,지행,4173,4164,8337
20210502,1호선,직산,523,601,1124
20210502,1호선,진위,762,805,1567
20210502,1호선,천안,5831,5433,11264
20210502,1호선,청라국제도시,3069,2940,6009
20210502,1호선,청량리,26095,25338,51433
20210502,1호선,평택,10529,11624,22153
20210502,1호선,한남,1984,1904,3888
20210502,1호선,홍대입구,9543,8682,18225
20210502,1호선,화서,3702,3545,7247
20210502,1호선,회룡,7180,7173,14353
20210508,1호선,가능,4632,4490,9122
20210508,1호선,가산디지털단지,5462,7251,12713
20210508,1호선,간석,3898,3828,7726
20210508,1호선,개봉,14678,14599,29277
20210508,1호선,검암,4065,4109,8174
20210508,1호선,계양,5554,5271,10825
20210508,1호선,공덕,1211,1594,2805
20210508,1호선,공항화물청사,1249,1272,2521
20210508,1호선,관악,4916,4728,9644
20210508,1호선,광명,1947,1937,3884
20210508,1호선,광운대,5274,5008,10282
20210508,1호선,구로,11781,11913,23694
20210508,1호선,구일,3797,3688,7485
20210508,1호선,군포,3925,3699,7624
20210508,1호선,금정,15630,15704,31334
20210508,1호선,금천구청,7366,7370,14736
20210508,1호선,김포공항,10056,5768,15824
20210508,1호선,남영,4823,4844,9667
20210508,1호선,노량진,7134,6406,13540
20210508,1호선,녹양,3107,3025,6132
20210508,1호선,녹천,3234,2676,5910
20210508,1호선,당정,3542,3464,7006
20210508,1호선,대방,6909,6795,13704
20210508,1호선,덕계,1885,1789,3674
20210508,1호선,덕정,3909,3780,7689
20210508,1호선,도봉,3808,3756,7564
20210508,1호선,도봉산,7245,4924,12169
20210508,1호선,도원,1882,1908,3790
20210508,1호선,도화,2794,2600,5394
20210508,1호선,독산,7370,7348,14718
20210508,1호선,동대문,9730,8876,18606
20210508,1호선,동두천,1417,1964,3381
20210508,1호선,동두천중앙,2344,2452,4796
20210508,1호선,동묘앞,10080,10197,20277
20210508,1호선,동암,11218,11730,22948
20210508,1호선,동인천,9971,9938,19909
20210508,1호선,두정,4640,4661,9301
20210508,1호선,디지털미디어시티,4468,4103,8571
20210508,1호선,마곡나루,2649,2785,5434
20210508,1호선,망월사,4973,5090,10063
20210508,1호선,명학,4415,4156,8571
20210508,1호선,방학,6692,6573,13265
20210508,1호선,배방,793,765,1558
20210508,1호선,백운,5091,5008,10099
20210508,1호선,병점,10163,10036,20199
20210508,1호선,보산,1741,1631,3372
20210508,1호선,봉명,713,672,1385
20210508,1호선,부개,5767,5548,11315
20210508,1호선,부천,25263,26215,51478
20210508,1호선,부평,26057,28207,54264
20210508,1호선,서동탄,905,924,1829
20210508,1호선,서빙고,1171,1003,2174
20210508,1호선,서울,35280,33979,69259
20210508,1호선,서정리,5385,4638,10023
20210508,1호선,석계,5668,6098,11766
20210508,1호선,석수,5926,5490,11416
20210508,1호선,성균관대,8690,8509,17199
20210508,1호선,성환,2694,2572,5266
20210508,1호선,세류,2209,2152,4361
20210508,1호선,세마,1890,1703,3593
20210508,1호선,소사,6773,6667,13440
20210508,1호선,소요산,3308,2908,6216
20210508,1호선,송내,15445,15626,31071
20210508,1호선,송탄,4409,3911,8320
20210508,1호선,수원,31630,33937,65567
20210508,1호선,시청,8022,8383,16405
20210508,1호선,신길,5723,4744,10467
20210508,1호선,신도림,2608,2674,5282
20210508,1호선,신설동,8313,7849,16162
20210508,1호선,신이문,5696,5309,11005
20210508,1호선,신창,1150,1032,2182
20210508,1호선,쌍용,1418,1260,2678
20210508,1호선,아산,2384,2304,4688
20210508,1호선,안양,14973,15396,30369
20210508,1호선,양주,5437,5590,11027
20210508,1호선,역곡,17829,18067,35896
20210508,1호선,영등포,31509,32741,64250
20210508,1호선,영종,2415,2527,4942
20210508,1호선,오류동,8176,7494,15670
20210508,1호선,오산,8290,7837,16127
20210508,1호선,오산대,2385,2068,4453
20210508,1호선,옥수,33,38,71
20210508,1호선,온수,4433,4114,8547
20210508,1호선,온양온천,3151,3348,6499
20210508,1호선,왕십리,10013,11266,21279
20210508,1호선,외대앞,5851,5616,11467
20210508,1호선,용산,26750,29444,56194
20210508,1호선,운서,4908,4771,9679
20210508,1호선,월계,4283,3936,8219
20210508,1호선,응봉,1204,1018,2222
20210508,1호선,의왕,5092,4997,10089
20210508,1호선,의정부,15085,15705,30790
20210508,1호선,이촌,2604,1951,4555
20210508,1호선,인천,3601,2994,6595
20210508,1호선,인천공항1터미널,2423,2627,5050
20210508,1호선,인천공항2터미널,1449,1410,2859
20210508,1호선,제기동,12614,12608,25222
20210508,1호선,제물포,6719,6569,13288
20210508,1호선,종각,14115,13164,27279
20210508,1호선,종로3가,16577,15871,32448
20210508,1호선,종로5가,13783,13619,27402
20210508,1호선,주안,13994,12476,26470
20210508,1호선,중동,5815,5652,11467
20210508,1호선,지행,4736,4923,9659
20210508,1호선,직산,583,594,1177
20210508,1호선,진위,907,827,1734
20210508,1호선,창동,3,0,3
20210508,1호선,천안,5466,5785,11251
20210508,1호선,청라국제도시,3251,3282,6533
20210508,1호선,청량리,29041,31249,60290
20210508,1호선,평택,11411,11258,22669
20210508,1호선,평택지제,2370,2198,4568
20210508,1호선,한남,2592,2357,4949
20210508,1호선,홍대입구,9165,8679,17844
20210508,1호선,화서,4335,4476,8811
20210508,1호선,회룡,8173,8234,16407
20210509,1호선,가능,3946,3582,7528
20210509,1호선,가산디지털단지,4232,6147,10379
20210509,1호선,간석,3204,2910,6114
20210509,1호선,개봉,11350,11167,22517
20210509,1호선,검암,3498,3749,7247
20210509,1호선,계양,4842,4469,9311
20210509,1호선,공덕,1008,1421,2429
20210509,1호선,공항화물청사,914,1058,1972
20210509,1호선,관악,4966,4338,9304
20210509,1호선,광명,2478,1463,3941
20210509,1호선,광운대,4144,4423,8567
20210509,1호선,구로,9251,9597,18848
20210509,1호선,구일,3289,3398,6687
20210509,1호선,군포,2986,2801,5787
20210509,1호선,금정,13062,13442,26504
20210509,1호선,금천구청,6082,6090,12172
20210509,1호선,김포공항,11828,5531,17359
20210509,1호선,남영,3692,4219,7911
20210509,1호선,노량진,5179,5041,10220
20210509,1호선,녹양,2788,2612,5400
20210509,1호선,녹천,2541,2274,4815
20210509,1호선,당정,3054,2948,6002
20210509,1호선,대방,5426,5978,11404
20210509,1호선,덕계,1693,1512,3205
20210509,1호선,덕정,3198,3362,6560
20210509,1호선,도봉,3477,3233,6710
20210509,1호선,도봉산,9712,6962,16674
20210509,1호선,도원,1686,1713,3399
20210509,1호선,도화,2339,2165,4504
20210509,1호선,독산,5543,5809,11352
20210509,1호선,동대문,8922,9653,18575
20210509,1호선,동두천,1372,1756,3128
20210509,1호선,동두천중앙,2155,1963,4118
20210509,1호선,동묘앞,12483,12531,25014
20210509,1호선,동암,9618,9259,18877
20210509,1호선,동인천,9183,8983,18166
20210509,1호선,두정,4562,4908,9470
20210509,1호선,디지털미디어시티,3209,3268,6477
20210509,1호선,마곡나루,2376,2711,5087
20210509,1호선,망월사,4175,4396,8571
20210509,1호선,명학,3260,3307,6567
20210509,1호선,방학,5535,5304,10839
20210509,1호선,배방,806,953,1759
20210509,1호선,백운,3920,3804,7724
20210509,1호선,병점,8744,9789,18533
20210509,1호선,보산,1261,1508,2769
20210509,1호선,봉명,542,584,1126
20210509,1호선,부개,4682,4240,8922
20210509,1호선,부천,20588,20360,40948
20210509,1호선,부평,22374,22515,44889
20210509,1호선,서동탄,740,725,1465
20210509,1호선,서빙고,1316,1335,2651
20210509,1호선,서울,39924,27590,67514
20210509,1호선,서정리,3907,5361,9268
20210509,1호선,석계,4625,5188,9813
20210509,1호선,석수,5301,5264,10565
20210509,1호선,성균관대,7231,8022,15253
20210509,1호선,성환,2274,2818,5092
20210509,1호선,세류,1948,1936,3884
20210509,1호선,세마,1632,1550,3182
20210509,1호선,소사,5711,5333,11044
20210509,1호선,소요산,4646,3770,8416
20210509,1호선,송내,13025,12423,25448
20210509,1호선,송탄,3433,3888,7321
20210509,1호선,수원,32101,30891,62992
20210509,1호선,시청,6548,6877,13425
20210509,1호선,신길,4546,4161,8707
20210509,1호선,신도림,2215,2290,4505
20210509,1호선,신설동,6692,6864,13556
20210509,1호선,신이문,4608,4292,8900
20210509,1호선,신창,1124,1407,2531
20210509,1호선,쌍용,1249,1368,2617
20210509,1호선,아산,3306,2045,5351
20210509,1호선,안양,13545,12727,26272
20210509,1호선,양주,4980,4642,9622
20210509,1호선,역곡,13924,13769,27693
20210509,1호선,영등포,28283,27290,55573
20210509,1호선,영종,2292,2154,4446
20210509,1호선,오류동,6655,6650,13305
20210509,1호선,오산,7390,7823,15213
20210509,1호선,오산대,2241,2128,4369
20210509,1호선,옥수,91,31,122
20210509,1호선,온수,3666,3368,7034
20210509,1호선,온양온천,4223,3980,8203
20210509,1호선,왕십리,8131,9508,17639
20210509,1호선,외대앞,4344,4504,8848
20210509,1호선,용산,29375,24075,53450
20210509,1호선,운서,4249,4900,9149
20210509,1호선,월계,3618,3314,6932
20210509,1호선,응봉,1235,1151,2386
20210509,1호선,의왕,4301,4215,8516
20210509,1호선,의정부,12993,13233,26226
20210509,1호선,이촌,2472,1799,4271
20210509,1호선,인천,4512,3696,8208
20210509,1호선,인천공항1터미널,2845,2770,5615
20210509,1호선,인천공항2터미널,1523,1434,2957
20210509,1호선,제기동,8908,9480,18388
20210509,1호선,제물포,5581,5357,10938
20210509,1호선,종각,11210,9986,21196
20210509,1호선,종로3가,12861,11660,24521
20210509,1호선,종로5가,8081,8251,16332
20210509,1호선,주안,11393,10168,21561
20210509,1호선,중동,4732,4449,9181
20210509,1호선,지행,4319,4120,8439
20210509,1호선,직산,565,600,1165
20210509,1호선,진위,788,762,1550
20210509,1호선,창동,1,0,1
20210509,1호선,천안,6351,5638,11989
20210509,1호선,청라국제도시,3225,3037,6262
20210509,1호선,청량리,25773,24200,49973
20210509,1호선,평택,11193,11495,22688
20210509,1호선,평택지제,2093,1813,3906
20210509,1호선,한남,1957,1963,3920
20210509,1호선,홍대입구,9324,8928,18252
20210509,1호선,화서,3876,3769,7645
20210509,1호선,회룡,7253,7160,14413
20210515,1호선,가능,4815,4624,9439
20210515,1호선,가산디지털단지,5607,7807,13414
20210515,1호선,간석,4068,4019,8087
20210515,1호선,개봉,15515,15576,31091
20210515,1호선,검암,4274,4312,8586
20210515,1호선,계양,6096,5548,11644
20210515,1호선,공덕,1397,2084,3481
20210515,1호선,공항화물청사,1233,1288,2521
20210515,1호선,관악,5390,5280,10670
20210515,1호선,광명,2361,2217,4578
20210515,1호선,광운대,5614,5428,11042
20210515,1호선,구로,12437,12793,25230
20210515,1호선,구일,5288,5012,10300
20210515,1호선,군포,4148,3837,7985
20210515,1호선,금정,16972,17103,34075
20210515,1호선,금천구청,7726,7606,15332
20210515,1호선,김포공항,10333,5613,15946
20210515,1호선,남영,5239,5307,10546
20210515,1호선,노량진,7347,6747,14094
20210515,1호선,녹양,3246,3179,6425
20210515,1호선,녹천,3171,2760,5931
20210515,1호선,당정,3944,3775,7719
20210515,1호선,대방,7422,7527,14949
20210515,1호선,덕계,2206,2025,4231
20210515,1호선,덕정,4148,3930,8078
20210515,1호선,도봉,4199,4099,8298
20210515,1호선,도봉산,7750,5210,12960
20210515,1호선,도원,2481,2453,4934
20210515,1호선,도화,2906,2713,5619
20210515,1호선,독산,8250,8149,16399
20210515,1호선,동대문,9882,9078,18960
20210515,1호선,동두천,1471,1893,3364
20210515,1호선,동두천중앙,2490,2536,5026
20210515,1호선,동묘앞,8564,8575,17139
20210515,1호선,동암,11614,11862,23476
20210515,1호선,동인천,10424,10262,20686
20210515,1호선,두정,5086,5152,10238
20210515,1호선,디지털미디어시티,4854,4562,9416
20210515,1호선,마곡나루,2648,2835,5483
20210515,1호선,망월사,5317,5447,10764
20210515,1호선,명학,5211,5072,10283
20210515,1호선,방학,6976,6760,13736
20210515,1호선,배방,903,797,1700
20210515,1호선,백운,5147,5253,10400
20210515,1호선,병점,11433,11400,22833
20210515,1호선,보산,1617,1613,3230
20210515,1호선,봉명,654,658,1312
20210515,1호선,부개,6085,5664,11749
20210515,1호선,부천,26464,27161,53625
20210515,1호선,부평,28207,30107,58314
20210515,1호선,서동탄,1005,1008,2013
20210515,1호선,서빙고,1223,1105,2328
20210515,1호선,서울,38886,35921,74807
20210515,1호선,서정리,5809,4806,10615
20210515,1호선,석계,6168,6647,12815
20210515,1호선,석수,6732,6145,12877
20210515,1호선,성균관대,9840,9626,19466
20210515,1호선,성환,2919,2632,5551
20210515,1호선,세류,2386,2352,4738
20210515,1호선,세마,1993,1800,3793
20210515,1호선,소사,6928,6707,13635
20210515,1호선,소요산,3471,2891,6362
20210515,1호선,송내,16702,16837,33539
20210515,1호선,송탄,4394,4019,8413
20210515,1호선,수원,36310,39245,75555
20210515,1호선,시청,8799,9626,18425
20210515,1호선,신길,5888,4949,10837
20210515,1호선,신도림,2473,2773,5246
20210515,1호선,신설동,8099,8028,16127
20210515,1호선,신이문,5738,5364,11102
20210515,1호선,신창,1224,1108,2332
20210515,1호선,쌍용,1476,1286,2762
20210515,1호선,아산,2565,2567,5132
20210515,1호선,안양,16845,16972,33817
20210515,1호선,양주,6009,5620,11629
20210515,1호선,역곡,18609,18424,37033
20210515,1호선,영등포,36784,37517,74301
20210515,1호선,영종,2562,2597,5159
20210515,1호선,오류동,8473,7864,16337
20210515,1호선,오산,8705,8159,16864
20210515,1호선,오산대,2542,2311,4853
20210515,1호선,옥수,30,31,61
20210515,1호선,온수,4734,4424,9158
20210515,1호선,온양온천,3334,3284,6618
20210515,1호선,왕십리,11414,13171,24585
20210515,1호선,외대앞,5594,5482,11076
20210515,1호선,용산,30877,32829,63706
20210515,1호선,운서,5163,5301,10464
20210515,1호선,월계,4832,4433,9265
20210515,1호선,응봉,1490,1430,2920
20210515,1호선,의왕,5578,5369,10947
20210515,1호선,의정부,16230,17001,33231
20210515,1호선,이촌,2678,1967,4645
20210515,1호선,인천,3244,2667,5911
20210515,1호선,인천공항1터미널,2728,2812,5540
20210515,1호선,인천공항2터미널,1444,1403,2847
20210515,1호선,제기동,12957,13029,25986
20210515,1호선,제물포,6905,6687,13592
20210515,1호선,종각,17252,15941,33193
20210515,1호선,종로3가,19300,18816,38116
20210515,1호선,종로5가,17172,16857,34029
20210515,1호선,주안,14626,12936,27562
20210515,1호선,중동,6283,5902,12185
20210515,1호선,지행,5119,5059,10178
20210515,1호선,직산,573,577,1150
20210515,1호선,진위,942,809,1751
20210515,1호선,천안,5912,5958,11870
20210515,1호선,청라국제도시,3639,3617,7256
20210515,1호선,청량리,30908,32779,63687
20210515,1호선,평택,12492,11682,24174
20210515,1호선,평택지제,2510,2336,4846
20210515,1호선,한남,2658,2483,5141
20210515,1호선,홍대입구,10993,11007,22000
20210515,1호선,화서,4748,4742,9490
20210515,1호선,회룡,9219,9184,18403
20210516,1호선,가능,2948,2847,5795
20210516,1호선,가산디지털단지,3380,4919,8299
20210516,1호선,간석,2571,2444,5015
20210516,1호선,개봉,9081,9281,18362
20210516,1호선,검암,2649,2697,5346
20210516,1호선,계양,3571,3695,7266
20210516,1호선,공덕,1006,1317,2323
20210516,1호선,공항화물청사,850,945,1795
20210516,1호선,관악,3131,3047,6178
20210516,1호선,광명,2174,1441,3615
20210516,1호선,광운대,3536,3588,7124
20210516,1호선,구로,7983,8016,15999
20210516,1호선,구일,3127,3172,6299
20210516,1호선,군포,2343,2271,4614
20210516,1호선,금정,10428,10898,21326
20210516,1호선,금천구청,4487,4670,9157
20210516,1호선,김포공항,10173,5269,15442
20210516,1호선,남영,3321,3654,6975
20210516,1호선,노량진,4001,4104,8105
20210516,1호선,녹양,1971,1936,3907
20210516,1호선,녹천,2022,1693,3715
20210516,1호선,당정,2309,2359,4668
20210516,1호선,대방,4541,5133,9674
20210516,1호선,덕계,1221,1158,2379
20210516,1호선,덕정,2372,2572,4944
20210516,1호선,도봉,2553,2450,5003
20210516,1호선,도봉산,3880,2681,6561
20210516,1호선,도원,1294,1359,2653
20210516,1호선,도화,1879,1767,3646
20210516,1호선,독산,4705,4881,9586
20210516,1호선,동대문,6075,6234,12309
20210516,1호선,동두천,934,1161,2095
20210516,1호선,동두천중앙,1412,1397,2809
20210516,1호선,동묘앞,4306,4664,8970
20210516,1호선,동암,7605,7560,15165
20210516,1호선,동인천,6795,6545,13340
20210516,1호선,두정,3713,4111,7824
20210516,1호선,디지털미디어시티,2741,2862,5603
20210516,1호선,마곡나루,1431,1624,3055
20210516,1호선,망월사,3662,3668,7330
20210516,1호선,명학,2806,2707,5513
20210516,1호선,방학,4360,4321,8681
20210516,1호선,배방,616,717,1333
20210516,1호선,백운,3199,3160,6359
20210516,1호선,병점,7256,8149,15405
20210516,1호선,보산,949,1115,2064
20210516,1호선,봉명,394,446,840
20210516,1호선,부개,3703,3565,7268
20210516,1호선,부천,17976,17415,35391
20210516,1호선,부평,18486,18320,36806
20210516,1호선,서동탄,628,637,1265
20210516,1호선,서빙고,1076,1075,2151
20210516,1호선,서울,35286,26269,61555
20210516,1호선,서정리,3133,4527,7660
20210516,1호선,석계,3559,3997,7556
20210516,1호선,석수,3838,3365,7203
20210516,1호선,성균관대,5898,6422,12320
20210516,1호선,성환,1964,2471,4435
20210516,1호선,세류,1607,1651,3258
20210516,1호선,세마,1304,1250,2554
20210516,1호선,소사,4568,4377,8945
20210516,1호선,소요산,1832,1496,3328
20210516,1호선,송내,10388,10277,20665
20210516,1호선,송탄,2758,3201,5959
20210516,1호선,수원,27897,26509,54406
20210516,1호선,시청,5477,5417,10894
20210516,1호선,신길,4114,3679,7793
20210516,1호선,신도림,1427,1708,3135
20210516,1호선,신설동,4608,4616,9224
20210516,1호선,신이문,3746,3526,7272
20210516,1호선,신창,772,1111,1883
20210516,1호선,쌍용,884,1048,1932
20210516,1호선,아산,2513,1765,4278
20210516,1호선,안양,10758,10471,21229
20210516,1호선,양주,3536,3512,7048
20210516,1호선,역곡,11318,11458,22776
20210516,1호선,영등포,26785,25218,52003
20210516,1호선,영종,1777,1683,3460
20210516,1호선,오류동,5703,5396,11099
20210516,1호선,오산,6087,6640,12727
20210516,1호선,오산대,1542,1507,3049
20210516,1호선,옥수,45,20,65
20210516,1호선,온수,2958,2759,5717
20210516,1호선,온양온천,2627,2512,5139
20210516,1호선,왕십리,7505,8650,16155
20210516,1호선,외대앞,3950,3868,7818
20210516,1호선,용산,26320,23044,49364
20210516,1호선,운서,3847,4075,7922
20210516,1호선,월계,2680,2626,5306
20210516,1호선,응봉,702,689,1391
20210516,1호선,의왕,3228,3249,6477
20210516,1호선,의정부,10353,10410,20763
20210516,1호선,이촌,1576,1280,2856
20210516,1호선,인천,1958,1462,3420
20210516,1호선,인천공항1터미널,2501,2469,4970
20210516,1호선,인천공항2터미널,1395,1367,2762
20210516,1호선,제기동,5893,6069,11962
20210516,1호선,제물포,4289,4190,8479
20210516,1호선,종각,9553,8588,18141
20210516,1호선,종로3가,9851,8938,18789
20210516,1호선,종로5가,6814,6863,13677
20210516,1호선,주안,9627,8544,18171
20210516,1호선,중동,3956,3776,7732
20210516,1호선,지행,3062,3078,6140
20210516,1호선,직산,408,458,866
20210516,1호선,진위,599,590,1189
20210516,1호선,천안,4935,4642,9577
20210516,1호선,청라국제도시,2453,2328,4781
20210516,1호선,청량리,20314,19312,39626
20210516,1호선,평택,8954,9735,18689
20210516,1호선,평택지제,1856,1649,3505
20210516,1호선,한남,1461,1457,2918
20210516,1호선,홍대입구,7225,6754,13979
20210516,1호선,화서,2828,2837,5665
20210516,1호선,회룡,5334,5225,10559
20210522,1호선,가능,5266,4932,10198
20210522,1호선,가산디지털단지,6137,8217,14354
20210522,1호선,간석,4455,4276,8731
20210522,1호선,개봉,16651,16336,32987
20210522,1호선,검암,4669,4820,9489
20210522,1호선,계양,6718,6081,12799
20210522,1호선,공덕,1496,2210,3706
20210522,1호선,공항화물청사,1345,1403,2748
20210522,1호선,관악,6257,5896,12153
20210522,1호선,광명,2662,2494,5156
20210522,1호선,광운대,5876,5837,11713
20210522,1호선,구로,13141,13564,26705
20210522,1호선,구일,5442,5152,10594
20210522,1호선,군포,4418,4127,8545
20210522,1호선,금정,18453,18060,36513
20210522,1호선,금천구청,8496,8430,16926
20210522,1호선,김포공항,11009,5766,16775
20210522,1호선,남영,5806,5944,11750
20210522,1호선,노량진,8503,7485,15988
20210522,1호선,녹양,3535,3360,6895
20210522,1호선,녹천,3480,2833,6313
20210522,1호선,당정,4072,3854,7926
20210522,1호선,대방,7816,7774,15590
20210522,1호선,덕계,2331,2054,4385
20210522,1호선,덕정,4576,4313,8889
20210522,1호선,도봉,4623,4373,8996
20210522,1호선,도봉산,10485,7485,17970
20210522,1호선,도원,2230,2241,4471
20210522,1호선,도화,3380,3121,6501
20210522,1호선,독산,8635,8581,17216
20210522,1호선,동대문,11330,10625,21955
20210522,1호선,동두천,1641,2121,3762
20210522,1호선,동두천중앙,2492,2516,5008
20210522,1호선,동묘앞,12241,12613,24854
20210522,1호선,동암,12647,12857,25504
20210522,1호선,동인천,12026,11923,23949
20210522,1호선,두정,5330,5537,10867
20210522,1호선,디지털미디어시티,5373,4942,10315
20210522,1호선,마곡나루,3447,3833,7280
20210522,1호선,망월사,5644,5830,11474
20210522,1호선,명학,5458,5234,10692
20210522,1호선,방학,7462,7156,14618
20210522,1호선,배방,974,917,1891
20210522,1호선,백운,5494,5446,10940
20210522,1호선,병점,11936,11954,23890
20210522,1호선,보산,1823,1696,3519
20210522,1호선,봉명,737,643,1380
20210522,1호선,부개,6286,5857,12143
20210522,1호선,부천,28885,29627,58512
20210522,1호선,부평,30177,32286,62463
20210522,1호선,서동탄,1074,1117,2191
20210522,1호선,서빙고,1426,1316,2742
20210522,1호선,서울,41897,38011,79908
20210522,1호선,서정리,6090,5320,11410
20210522,1호선,석계,6733,7208,13941
20210522,1호선,석수,7318,7042,14360
20210522,1호선,성균관대,10294,10355,20649
20210522,1호선,성환,2853,2658,5511
20210522,1호선,세류,2437,2473,4910
20210522,1호선,세마,2218,1922,4140
20210522,1호선,소사,7971,7830,15801
20210522,1호선,소요산,4654,4078,8732
20210522,1호선,송내,18280,17960,36240
20210522,1호선,송탄,4647,4314,8961
20210522,1호선,수원,37235,39792,77027
20210522,1호선,시청,10193,11218,21411
20210522,1호선,신길,6308,5315,11623
20210522,1호선,신도림,3135,3201,6336
20210522,1호선,신설동,9346,8866,18212
20210522,1호선,신이문,6200,5681,11881
20210522,1호선,신창,1176,1092,2268
20210522,1호선,쌍용,1516,1410,2926
20210522,1호선,아산,2679,2594,5273
20210522,1호선,안양,17905,18024,35929
20210522,1호선,양주,6440,6293,12733
20210522,1호선,역곡,20388,19922,40310
20210522,1호선,영등포,36368,37825,74193
20210522,1호선,영종,2884,2930,5814
20210522,1호선,오류동,9305,8501,17806
20210522,1호선,오산,9168,8598,17766
20210522,1호선,오산대,3039,2742,5781
20210522,1호선,옥수,38,29,67
20210522,1호선,온수,5176,4735,9911
20210522,1호선,온양온천,3427,3404,6831
20210522,1호선,왕십리,12008,13519,25527
20210522,1호선,외대앞,6427,6125,12552
20210522,1호선,용산,31549,34026,65575
20210522,1호선,운서,5533,5773,11306
20210522,1호선,월계,4827,4411,9238
20210522,1호선,응봉,1552,1341,2893
20210522,1호선,의왕,6093,5857,11950
20210522,1호선,의정부,16808,17888,34696
20210522,1호선,이촌,3542,2380,5922
20210522,1호선,인천,5319,4710,10029
20210522,1호선,인천공항1터미널,2961,3196,6157
20210522,1호선,인천공항2터미널,1553,1458,3011
20210522,1호선,제기동,15095,15440,30535
20210522,1호선,제물포,7852,7445,15297
20210522,1호선,종각,18603,16805,35408
20210522,1호선,종로3가,22137,20869,43006
20210522,1호선,종로5가,17761,17812,35573
20210522,1호선,주안,15714,13764,29478
20210522,1호선,중동,6718,6375,13093
20210522,1호선,지행,5407,5382,10789
20210522,1호선,직산,666,647,1313
20210522,1호선,진위,979,918,1897
20210522,1호선,천안,6347,6397,12744
20210522,1호선,청라국제도시,4099,4045,8144
20210522,1호선,청량리,33547,35649,69196
20210522,1호선,평택,13225,12499,25724
20210522,1호선,평택지제,2634,2458,5092
20210522,1호선,한남,2948,2752,5700
20210522,1호선,홍대입구,12003,11680,23683
20210522,1호선,화서,5263,5242,10505
20210522,1호선,회룡,9776,9673,19449
20210523,1호선,가능,3891,3746,7637
20210523,1호선,가산디지털단지,4441,6083,10524
20210523,1호선,간석,3189,2994,6183
20210523,1호선,개봉,11374,11326,22700
20210523,1호선,검암,3319,3597,6916
20210523,1호선,계양,4638,4467,9105
20210523,1호선,공덕,1068,1454,2522
20210523,1호선,공항화물청사,1054,1097,2151
20210523,1호선,관악,5036,4389,9425
20210523,1호선,광명,2403,1546,3949
20210523,1호선,광운대,4259,4274,8533
20210523,1호선,구로,9290,9559,18849
20210523,1호선,구일,3980,4002,7982
20210523,1호선,군포,2902,2889,5791
20210523,1호선,금정,12901,13445,26346
20210523,1호선,금천구청,6097,6004,12101
20210523,1호선,김포공항,11413,5790,17203
20210523,1호선,남영,3910,4349,8259
20210523,1호선,노량진,5656,5372,11028
20210523,1호선,녹양,2714,2573,5287
20210523,1호선,녹천,2512,2244,4756
20210523,1호선,당정,2869,2862,5731
20210523,1호선,대방,5584,6054,11638
20210523,1호선,덕계,1670,1656,3326
20210523,1호선,덕정,3323,3479,6802
20210523,1호선,도봉,3524,3255,6779
20210523,1호선,도봉산,10053,7244,17297
20210523,1호선,도원,1656,1608,3264
20210523,1호선,도화,2390,2270,4660
20210523,1호선,독산,5711,5844,11555
20210523,1호선,동대문,9501,9989,19490
20210523,1호선,동두천,1370,1823,3193
20210523,1호선,동두천중앙,2034,1961,3995
20210523,1호선,동묘앞,12712,12977,25689
20210523,1호선,동암,9068,9054,18122
20210523,1호선,동인천,9185,8759,17944
20210523,1호선,두정,4420,4744,9164
20210523,1호선,디지털미디어시티,3358,3373,6731
20210523,1호선,마곡나루,2354,2637,4991
20210523,1호선,망월사,4267,4488,8755
20210523,1호선,명학,3336,3329,6665
20210523,1호선,방학,5599,5362,10961
20210523,1호선,배방,768,888,1656
20210523,1호선,백운,3889,3865,7754
20210523,1호선,병점,8849,9579,18428
20210523,1호선,보산,1247,1438,2685
20210523,1호선,봉명,461,524,985
20210523,1호선,부개,4520,4264,8784
20210523,1호선,부천,20351,20045,40396
20210523,1호선,부평,21827,21875,43702
20210523,1호선,서동탄,759,762,1521
20210523,1호선,서빙고,1315,1325,2640
20210523,1호선,서울,38522,28373,66895
20210523,1호선,서정리,3871,5433,9304
20210523,1호선,석계,4645,5242,9887
20210523,1호선,석수,5394,5380,10774
20210523,1호선,성균관대,7117,7571,14688
20210523,1호선,성환,2165,2742,4907
20210523,1호선,세류,1917,1974,3891
20210523,1호선,세마,1709,1559,3268
20210523,1호선,소사,5502,5336,10838
20210523,1호선,소요산,4732,4052,8784
20210523,1호선,송내,12793,12611,25404
20210523,1호선,송탄,3287,3718,7005
20210523,1호선,수원,31959,30764,62723
20210523,1호선,시청,6858,7017,13875
20210523,1호선,신길,4777,4220,8997
20210523,1호선,신도림,2333,2411,4744
20210523,1호선,신설동,6876,6842,13718
20210523,1호선,신이문,4681,4319,9000
20210523,1호선,신창,987,1273,2260
20210523,1호선,쌍용,1149,1198,2347
20210523,1호선,아산,2905,1989,4894
20210523,1호선,안양,13226,12762,25988
20210523,1호선,양주,5091,4929,10020
20210523,1호선,역곡,13836,13557,27393
20210523,1호선,영등포,28268,27265,55533
20210523,1호선,영종,2290,2193,4483
20210523,1호선,오류동,6864,6601,13465
20210523,1호선,오산,7484,8050,15534
20210523,1호선,오산대,2282,2238,4520
20210523,1호선,옥수,47,42,89
20210523,1호선,온수,3696,3518,7214
20210523,1호선,온양온천,2763,2696,5459
20210523,1호선,왕십리,7953,9056,17009
20210523,1호선,외대앞,4583,4527,9110
20210523,1호선,용산,28393,25460,53853
20210523,1호선,운서,4682,4895,9577
20210523,1호선,월계,3577,3268,6845
20210523,1호선,응봉,1130,1062,2192
20210523,1호선,의왕,4211,4303,8514
20210523,1호선,의정부,12833,13023,25856
20210523,1호선,이촌,2400,1726,4126
20210523,1호선,인천,4425,3491,7916
20210523,1호선,인천공항1터미널,2896,2796,5692
20210523,1호선,인천공항2터미널,1424,1356,2780
20210523,1호선,제기동,9310,9676,18986
20210523,1호선,제물포,5389,5299,10688
20210523,1호선,종각,12073,10436,22509
20210523,1호선,종로3가,13297,11892,25189
20210523,1호선,종로5가,8315,8399,16714
20210523,1호선,주안,11381,10125,21506
20210523,1호선,중동,4694,4288,8982
20210523,1호선,지행,4153,4128,8281
20210523,1호선,직산,560,581,1141
20210523,1호선,진위,703,718,1421
20210523,1호선,천안,6009,5537,11546
20210523,1호선,청라국제도시,3057,2957,6014
20210523,1호선,청량리,25529,24439,49968
20210523,1호선,평택,10632,11601,22233
20210523,1호선,평택지제,2125,1892,4017
20210523,1호선,한남,2000,1917,3917
20210523,1호선,홍대입구,9373,8523,17896
20210523,1호선,화서,3661,3583,7244
20210523,1호선,회룡,7379,7342,14721
20210529,1호선,가능,4751,4607,9358
20210529,1호선,가산디지털단지,6003,7965,13968
20210529,1호선,간석,4314,4157,8471
20210529,1호선,개봉,15705,15478,31183
20210529,1호선,검암,4332,4463,8795
20210529,1호선,계양,6346,5678,12024
20210529,1호선,공덕,1404,2024,3428
20210529,1호선,공항화물청사,1364,1373,2737
20210529,1호선,관악,5976,5613,11589
20210529,1호선,광명,2450,2208,4658
20210529,1호선,광운대,5612,5420,11032
20210529,1호선,구로,13143,13650,26793
20210529,1호선,구일,4260,3987,8247
20210529,1호선,군포,4135,3807,7942
20210529,1호선,금정,17891,17749,35640
20210529,1호선,금천구청,8246,8068,16314
20210529,1호선,김포공항,10944,5020,15964
20210529,1호선,남영,5601,5811,11412
20210529,1호선,노량진,7953,7071,15024
20210529,1호선,녹양,3347,3251,6598
20210529,1호선,녹천,3070,2633,5703
20210529,1호선,당정,3951,3650,7601
20210529,1호선,대방,7926,7893,15819
20210529,1호선,덕계,2107,1940,4047
20210529,1호선,덕정,4184,4058,8242
20210529,1호선,도봉,4239,3996,8235
20210529,1호선,도봉산,8908,6155,15063
20210529,1호선,도원,2685,2730,5415
20210529,1호선,도화,3062,2755,5817
20210529,1호선,독산,8325,8354,16679
20210529,1호선,동대문,10494,9811,20305
20210529,1호선,동두천,1564,2063,3627
20210529,1호선,동두천중앙,2361,2362,4723
20210529,1호선,동묘앞,10046,10122,20168
20210529,1호선,동암,11941,12029,23970
20210529,1호선,동인천,11375,11165,22540
20210529,1호선,두정,5256,5466,10722
20210529,1호선,디지털미디어시티,5178,4787,9965
20210529,1호선,마곡나루,2911,3129,6040
20210529,1호선,망월사,5518,5630,11148
20210529,1호선,명학,5482,5307,10789
20210529,1호선,방학,7009,6986,13995
20210529,1호선,배방,962,871,1833
20210529,1호선,백운,5301,5285,10586
20210529,1호선,병점,11740,11669,23409
20210529,1호선,보산,1693,1604,3297
20210529,1호선,봉명,765,726,1491
20210529,1호선,부개,6160,5609,11769
20210529,1호선,부천,27299,27923,55222
20210529,1호선,부평,28315,30627,58942
20210529,1호선,서동탄,1070,1073,2143
20210529,1호선,서빙고,1291,1161,2452
20210529,1호선,서울,39662,36612,76274
20210529,1호선,서정리,5983,5111,11094
20210529,1호선,석계,6334,6718,13052
20210529,1호선,석수,6970,6588,13558
20210529,1호선,성균관대,9798,9831,19629
20210529,1호선,성환,2786,2617,5403
20210529,1호선,세류,2507,2485,4992
20210529,1호선,세마,2153,1955,4108
20210529,1호선,소사,7570,7333,14903
20210529,1호선,소요산,3882,3232,7114
20210529,1호선,송내,17570,17385,34955
20210529,1호선,송탄,4827,4324,9151
20210529,1호선,수원,36279,39046,75325
20210529,1호선,시청,9533,10675,20208
20210529,1호선,신길,6106,5053,11159
20210529,1호선,신도림,2851,3023,5874
20210529,1호선,신설동,8699,8237,16936
20210529,1호선,신이문,5947,5429,11376
20210529,1호선,신창,1219,1032,2251
20210529,1호선,쌍용,1536,1403,2939
20210529,1호선,아산,2713,2740,5453
20210529,1호선,안양,17328,17272,34600
20210529,1호선,양주,6105,5860,11965
20210529,1호선,역곡,19280,18946,38226
20210529,1호선,영등포,35516,36834,72350
20210529,1호선,영종,2755,2825,5580
20210529,1호선,오류동,8855,8147,17002
20210529,1호선,오산,9060,8492,17552
20210529,1호선,오산대,2935,2658,5593
20210529,1호선,옥수,37,48,85
20210529,1호선,온수,4826,4438,9264
20210529,1호선,온양온천,4216,4323,8539
20210529,1호선,왕십리,11634,13224,24858
20210529,1호선,외대앞,6150,6009,12159
20210529,1호선,용산,30940,33218,64158
20210529,1호선,운서,5531,5472,11003
20210529,1호선,월계,4448,4079,8527
20210529,1호선,응봉,1556,1387,2943
20210529,1호선,의왕,5834,5797,11631
20210529,1호선,의정부,16038,16706,32744
20210529,1호선,이촌,2921,2166,5087
20210529,1호선,인천,4263,3513,7776
20210529,1호선,인천공항1터미널,2856,3093,5949
20210529,1호선,인천공항2터미널,1590,1475,3065
20210529,1호선,제기동,14345,14439,28784
20210529,1호선,제물포,7330,6950,14280
20210529,1호선,종각,17239,15798,33037
20210529,1호선,종로3가,20756,19671,40427
20210529,1호선,종로5가,18034,17796,35830
20210529,1호선,주안,14985,13216,28201
20210529,1호선,중동,6416,5991,12407
20210529,1호선,지행,5175,4974,10149
20210529,1호선,직산,624,623,1247
20210529,1호선,진위,1011,916,1927
20210529,1호선,천안,6095,6264,12359
20210529,1호선,청라국제도시,3967,3966,7933
20210529,1호선,청량리,32054,33788,65842
20210529,1호선,평택,12903,12380,25283
20210529,1호선,평택지제,2601,2502,5103
20210529,1호선,한남,2761,2731,5492
20210529,1호선,홍대입구,10969,10827,21796
20210529,1호선,화서,5087,5100,10187
20210529,1호선,회룡,9310,9390,18700
20210530,1호선,가능,3910,3810,7720
20210530,1호선,가산디지털단지,4504,6342,10846
20210530,1호선,간석,3076,2991,6067
20210530,1호선,개봉,11351,11648,22999
20210530,1호선,검암,3392,3567,6959
20210530,1호선,계양,4511,4440,8951
20210530,1호선,공덕,1053,1444,2497
20210530,1호선,공항화물청사,972,1055,2027
20210530,1호선,관악,4934,4428,9362
20210530,1호선,광명,2428,1651,4079
20210530,1호선,광운대,4177,4334,8511
20210530,1호선,구로,9408,9532,18940
20210530,1호선,구일,3362,3351,6713
20210530,1호선,군포,2987,2864,5851
20210530,1호선,금정,12983,13374,26357
20210530,1호선,금천구청,6231,6116,12347
20210530,1호선,김포공항,10977,4646,15623
20210530,1호선,남영,4129,4507,8636
20210530,1호선,노량진,5621,5325,10946
20210530,1호선,녹양,2628,2652,5280
20210530,1호선,녹천,2748,2434,5182
20210530,1호선,당정,2861,2954,5815
20210530,1호선,대방,5555,5971,11526
20210530,1호선,덕계,1611,1543,3154
20210530,1호선,덕정,3097,3246,6343
20210530,1호선,도봉,3576,3286,6862
20210530,1호선,도봉산,9667,7138,16805
20210530,1호선,도원,1595,1718,3313
20210530,1호선,도화,2389,2194,4583
20210530,1호선,독산,5559,5798,11357
20210530,1호선,동대문,9543,9908,19451
20210530,1호선,동두천,1349,1734,3083
20210530,1호선,동두천중앙,2164,2122,4286
20210530,1호선,동묘앞,13374,13468,26842
20210530,1호선,동암,8992,8861,17853
20210530,1호선,동인천,8978,8530,17508
20210530,1호선,두정,4422,4696,9118
20210530,1호선,디지털미디어시티,3358,3355,6713
20210530,1호선,마곡나루,2180,2371,4551
20210530,1호선,망월사,4240,4433,8673
20210530,1호선,명학,3225,3288,6513
20210530,1호선,방학,5752,5545,11297
20210530,1호선,배방,719,838,1557
20210530,1호선,백운,3836,3838,7674
20210530,1호선,병점,8412,9473,17885
20210530,1호선,보산,1454,1513,2967
20210530,1호선,봉명,492,464,956
20210530,1호선,부개,4497,4277,8774
20210530,1호선,부천,21158,20809,41967
20210530,1호선,부평,21694,21462,43156
20210530,1호선,서동탄,865,826,1691
20210530,1호선,서빙고,1250,1300,2550
20210530,1호선,서울,38426,28356,66782
20210530,1호선,서정리,3758,5162,8920
20210530,1호선,석계,4658,5259,9917
20210530,1호선,석수,5232,5205,10437
20210530,1호선,성균관대,6746,7045,13791
20210530,1호선,성환,2141,2543,4684
20210530,1호선,세류,1880,1927,3807
20210530,1호선,세마,1663,1532,3195
20210530,1호선,소사,5633,5521,11154
20210530,1호선,소요산,4596,3993,8589
20210530,1호선,송내,12461,12229,24690
20210530,1호선,송탄,3451,3888,7339
20210530,1호선,수원,31558,29984,61542
20210530,1호선,시청,6899,7012,13911
20210530,1호선,신길,4528,4093,8621
20210530,1호선,신도림,2259,2241,4500
20210530,1호선,신설동,7086,7189,14275
20210530,1호선,신이문,4574,4348,8922
20210530,1호선,신창,885,1167,2052
20210530,1호선,쌍용,1087,1211,2298
20210530,1호선,아산,2985,1916,4901
20210530,1호선,안양,12856,12694,25550
20210530,1호선,양주,4849,4799,9648
20210530,1호선,역곡,13706,13561,27267
20210530,1호선,영등포,29200,27653,56853
20210530,1호선,영종,2217,2252,4469
20210530,1호선,오류동,6764,6452,13216
20210530,1호선,오산,7052,7706,14758
20210530,1호선,오산대,2283,2174,4457
20210530,1호선,옥수,61,25,86
20210530,1호선,온수,3597,3532,7129
20210530,1호선,온양온천,2819,2793,5612
20210530,1호선,왕십리,8723,10076,18799
20210530,1호선,외대앞,5133,5048,10181
20210530,1호선,용산,28779,25253,54032
20210530,1호선,운서,4487,4686,9173
20210530,1호선,월계,3598,3461,7059
20210530,1호선,응봉,1170,1099,2269
20210530,1호선,의왕,4207,4278,8485
20210530,1호선,의정부,12976,13022,25998
20210530,1호선,이촌,2275,1778,4053
20210530,1호선,인천,4217,3518,7735
20210530,1호선,인천공항1터미널,2843,2874,5717
20210530,1호선,인천공항2터미널,1406,1364,2770
20210530,1호선,제기동,9577,10288,19865
20210530,1호선,제물포,5361,5298,10659
20210530,1호선,종각,11806,10359,22165
20210530,1호선,종로3가,13349,11955,25304
20210530,1호선,종로5가,9215,9128,18343
20210530,1호선,주안,10878,9544,20422
20210530,1호선,중동,4681,4469,9150
20210530,1호선,지행,4203,3993,8196
20210530,1호선,직산,508,589,1097
20210530,1호선,진위,713,694,1407
20210530,1호선,천안,5604,5258,10862
20210530,1호선,청라국제도시,2937,2896,5833
20210530,1호선,청량리,26188,25368,51556
20210530,1호선,평택,10550,10981,21531
20210530,1호선,평택지제,2134,1996,4130
20210530,1호선,한남,2143,2115,4258
20210530,1호선,홍대입구,8892,8269,17161
20210530,1호선,화서,3871,3783,7654
20210530,1호선,회룡,7104,7145,14249
20210605,1호선,가능,5008,4797,9805
20210605,1호선,가산디지털단지,6141,8248,14389
20210605,1호선,간석,4654,4325,8979
20210605,1호선,개봉,16144,15736,31880
20210605,1호선,검암,4494,4640,9134
20210605,1호선,계양,6420,5868,12288
20210605,1호선,공덕,1438,2135,3573
20210605,1호선,공항화물청사,1341,1367,2708
20210605,1호선,관악,6087,5694,11781
20210605,1호선,광명,2543,2191,4734
20210605,1호선,광운대,5570,5370,10940
20210605,1호선,구로,13049,13565,26614
20210605,1호선,구일,5496,5166,10662
20210605,1호선,군포,4465,4001,8466
20210605,1호선,금정,18106,17779,35885
20210605,1호선,금천구청,8824,8645,17469
20210605,1호선,김포공항,11019,5842,16861
20210605,1호선,남영,5763,5945,11708
20210605,1호선,노량진,8373,7650,16023
20210605,1호선,녹양,3644,3584,7228
20210605,1호선,녹천,3468,2854,6322
20210605,1호선,당정,4148,3893,8041
20210605,1호선,대방,7793,7805,15598
20210605,1호선,덕계,2326,2122,4448
20210605,1호선,덕정,4345,4078,8423
20210605,1호선,도봉,4386,4199,8585
20210605,1호선,도봉산,9623,6551,16174
20210605,1호선,도원,2251,2260,4511
20210605,1호선,도화,3224,2888,6112
20210605,1호선,독산,8326,8290,16616
20210605,1호선,동대문,10867,10148,21015
20210605,1호선,동두천,1713,2144,3857
20210605,1호선,동두천중앙,2892,2914,5806
20210605,1호선,동묘앞,11510,11932,23442
20210605,1호선,동암,12438,12599,25037
20210605,1호선,동인천,11838,11911,23749
20210605,1호선,두정,5188,5330,10518
20210605,1호선,디지털미디어시티,4909,4395,9304
20210605,1호선,마곡나루,3207,3368,6575
20210605,1호선,망월사,6021,6134,12155
20210605,1호선,명학,5032,4887,9919
20210605,1호선,방학,7457,7346,14803
20210605,1호선,배방,1018,976,1994
20210605,1호선,백운,5377,5334,10711
20210605,1호선,병점,11945,11903,23848
20210605,1호선,보산,1793,1722,3515
20210605,1호선,봉명,793,710,1503
20210605,1호선,부개,6297,5777,12074
20210605,1호선,부천,28334,26615,54949
20210605,1호선,부평,28739,31308,60047
20210605,1호선,서동탄,989,1047,2036
20210605,1호선,서빙고,1334,1188,2522
20210605,1호선,서울,40128,36570,76698
20210605,1호선,서정리,5775,5172,10947
20210605,1호선,석계,6298,6961,13259
20210605,1호선,석수,7276,6754,14030
20210605,1호선,성균관대,10391,9985,20376
20210605,1호선,성환,2903,2676,5579
20210605,1호선,세류,2525,2433,4958
20210605,1호선,세마,2148,1855,4003
20210605,1호선,소사,7074,7131,14205
20210605,1호선,소요산,4238,3739,7977
20210605,1호선,송내,17908,17830,35738
20210605,1호선,송탄,4520,4148,8668
20210605,1호선,수원,36010,39115,75125
20210605,1호선,시청,9418,10352,19770
20210605,1호선,신길,6354,5296,11650
20210605,1호선,신도림,3163,3256,6419
20210605,1호선,신설동,9040,8438,17478
20210605,1호선,신이문,6181,5531,11712
20210605,1호선,신창,1065,1011,2076
20210605,1호선,쌍용,1491,1353,2844
20210605,1호선,아산,2679,2673,5352
20210605,1호선,안양,17492,17463,34955
20210605,1호선,양주,6102,5887,11989
20210605,1호선,역곡,19846,19509,39355
20210605,1호선,영등포,35646,37281,72927
20210605,1호선,영종,2720,2789,5509
20210605,1호선,오류동,9124,8464,17588
20210605,1호선,오산,9192,8531,17723
20210605,1호선,오산대,2914,2561,5475
20210605,1호선,옥수,32,40,72
20210605,1호선,온수,5080,4573,9653
20210605,1호선,온양온천,3414,3453,6867
20210605,1호선,왕십리,11831,13531,25362
20210605,1호선,외대앞,6053,5949,12002
20210605,1호선,용산,30324,33049,63373
20210605,1호선,운서,5598,5765,11363
20210605,1호선,월계,4698,4351,9049
20210605,1호선,응봉,1741,1581,3322
20210605,1호선,의왕,6024,5797,11821
20210605,1호선,의정부,17162,18121,35283
20210605,1호선,이촌,3207,2284,5491
20210605,1호선,인천,4533,3929,8462
20210605,1호선,인천공항1터미널,2882,3132,6014
20210605,1호선,인천공항2터미널,1588,1481,3069
20210605,1호선,제기동,14669,15098,29767
20210605,1호선,제물포,7562,7468,15030
20210605,1호선,종각,17102,16012,33114
20210605,1호선,종로3가,22078,20479,42557
20210605,1호선,종로5가,17857,17904,35761
20210605,1호선,주안,15026,13431,28457
20210605,1호선,중동,6632,6247,12879
20210605,1호선,지행,5354,5334,10688
20210605,1호선,직산,653,697,1350
20210605,1호선,진위,1000,872,1872
20210605,1호선,천안,5780,6126,11906
20210605,1호선,청라국제도시,3976,3786,7762
20210605,1호선,청량리,33553,35366,68919
20210605,1호선,평택,13323,12631,25954
20210605,1호선,평택지제,2570,2474,5044
20210605,1호선,한남,2794,2609,5403
20210605,1호선,홍대입구,11634,11207,22841
20210605,1호선,화서,5546,5424,10970
20210605,1호선,회룡,9527,9540,19067
20210606,1호선,가능,3832,3574,7406
20210606,1호선,가산디지털단지,4405,6091,10496
20210606,1호선,간석,3077,2845,5922
20210606,1호선,개봉,11190,10975,22165
20210606,1호선,검암,3319,3485,6804
20210606,1호선,계양,4682,4408,9090
20210606,1호선,공덕,1066,1359,2425
20210606,1호선,공항화물청사,1017,1085,2102
20210606,1호선,관악,4780,4353,9133
20210606,1호선,광명,2221,1646,3867
20210606,1호선,광운대,3960,4143,8103
20210606,1호선,구로,9111,9282,18393
20210606,1호선,구일,3860,3923,7783
20210606,1호선,군포,2984,2828,5812
20210606,1호선,금정,12984,13312,26296
20210606,1호선,금천구청,5855,5834,11689
20210606,1호선,김포공항,10703,5752,16455
20210606,1호선,남영,3754,4086,7840
20210606,1호선,노량진,5523,5332,10855
20210606,1호선,녹양,2785,2662,5447
20210606,1호선,녹천,2490,2170,4660
20210606,1호선,당정,2903,3024,5927
20210606,1호선,대방,5508,5913,11421
20210606,1호선,덕계,1639,1560,3199
20210606,1호선,덕정,3111,3387,6498
20210606,1호선,도봉,3264,3156,6420
20210606,1호선,도봉산,9373,6727,16100
20210606,1호선,도원,1636,1675,3311
20210606,1호선,도화,2291,2123,4414
20210606,1호선,독산,5511,5750,11261
20210606,1호선,동대문,9010,9615,18625
20210606,1호선,동두천,1328,1664,2992
20210606,1호선,동두천중앙,2032,1914,3946
20210606,1호선,동묘앞,12501,12489,24990
20210606,1호선,동암,8942,8802,17744
20210606,1호선,동인천,9074,8640,17714
20210606,1호선,두정,4197,4397,8594
20210606,1호선,디지털미디어시티,3248,3327,6575
20210606,1호선,마곡나루,2104,2308,4412
20210606,1호선,망월사,4146,4363,8509
20210606,1호선,명학,3311,3255,6566
20210606,1호선,방학,5472,5378,10850
20210606,1호선,배방,684,823,1507
20210606,1호선,백운,3759,3736,7495
20210606,1호선,병점,8548,9462,18010
20210606,1호선,보산,1350,1552,2902
20210606,1호선,봉명,506,506,1012
20210606,1호선,부개,4478,4184,8662
20210606,1호선,부천,21143,20517,41660
20210606,1호선,부평,21456,21710,43166
20210606,1호선,서동탄,828,830,1658
20210606,1호선,서빙고,1267,1252,2519
20210606,1호선,서울,36392,27644,64036
20210606,1호선,서정리,3847,5195,9042
20210606,1호선,석계,4409,4906,9315
20210606,1호선,석수,5113,5156,10269
20210606,1호선,성균관대,6952,7316,14268
20210606,1호선,성환,2245,2755,5000
20210606,1호선,세류,1917,1951,3868
20210606,1호선,세마,1514,1453,2967
20210606,1호선,소사,5174,4915,10089
20210606,1호선,소요산,4457,3837,8294
20210606,1호선,송내,12372,11900,24272
20210606,1호선,송탄,3281,3631,6912
20210606,1호선,수원,30695,29564,60259
20210606,1호선,시청,6610,6440,13050
20210606,1호선,신길,4561,4023,8584
20210606,1호선,신도림,2213,2147,4360
20210606,1호선,신설동,6453,6672,13125
20210606,1호선,신이문,4476,4202,8678
20210606,1호선,신창,816,1010,1826
20210606,1호선,쌍용,1064,1139,2203
20210606,1호선,아산,2635,1790,4425
20210606,1호선,안양,12759,12301,25060
20210606,1호선,양주,4796,4592,9388
20210606,1호선,역곡,13488,13427,26915
20210606,1호선,영등포,28739,27813,56552
20210606,1호선,영종,2265,2174,4439
20210606,1호선,오류동,6785,6506,13291
20210606,1호선,오산,7162,7627,14789
20210606,1호선,오산대,2083,2081,4164
20210606,1호선,옥수,66,17,83
20210606,1호선,온수,3634,3426,7060
20210606,1호선,온양온천,2871,2774,5645
20210606,1호선,왕십리,8283,9575,17858
20210606,1호선,외대앞,4141,4103,8244
20210606,1호선,용산,28287,24846,53133
20210606,1호선,운서,4593,5013,9606
20210606,1호선,월계,3530,3349,6879
20210606,1호선,응봉,1085,959,2044
20210606,1호선,의왕,4110,4196,8306
20210606,1호선,의정부,12728,12817,25545
20210606,1호선,이촌,2431,1776,4207
20210606,1호선,인천,4058,3384,7442
20210606,1호선,인천공항1터미널,2771,2823,5594
20210606,1호선,인천공항2터미널,1513,1464,2977
20210606,1호선,제기동,9088,9534,18622
20210606,1호선,제물포,5224,5091,10315
20210606,1호선,종각,11063,9746,20809
20210606,1호선,종로3가,13179,11591,24770
20210606,1호선,종로5가,8312,8413,16725
20210606,1호선,주안,10476,9520,19996
20210606,1호선,중동,4689,4486,9175
20210606,1호선,지행,4031,4010,8041
20210606,1호선,직산,523,553,1076
20210606,1호선,진위,698,756,1454
20210606,1호선,천안,5703,5279,10982
20210606,1호선,청라국제도시,2881,2785,5666
20210606,1호선,청량리,25752,24420,50172
20210606,1호선,평택,10482,11329,21811
20210606,1호선,평택지제,2115,1940,4055
20210606,1호선,한남,1926,1928,3854
20210606,1호선,홍대입구,9056,8343,17399
20210606,1호선,화서,3656,3527,7183
20210606,1호선,회룡,7042,7131,14173
20210612,1호선,가능,5029,4679,9708
20210612,1호선,가산디지털단지,5963,8004,13967
20210612,1호선,간석,4137,4051,8188
20210612,1호선,개봉,15760,15322,31082
20210612,1호선,검암,4438,4497,8935
20210612,1호선,계양,6391,5806,12197
20210612,1호선,공덕,1484,2090,3574
20210612,1호선,공항화물청사,1405,1378,2783
20210612,1호선,관악,5743,5267,11010
20210612,1호선,광명,2411,2250,4661
20210612,1호선,광운대,5507,5500,11007
20210612,1호선,구로,12620,12957,25577
20210612,1호선,구일,4269,4181,8450
20210612,1호선,군포,4198,3907,8105
20210612,1호선,금정,17790,17365,35155
20210612,1호선,금천구청,7927,7815,15742
20210612,1호선,김포공항,10587,5860,16447
20210612,1호선,남영,5545,5543,11088
20210612,1호선,노량진,7955,7181,15136
20210612,1호선,녹양,3432,3357,6789
20210612,1호선,녹천,3282,2711,5993
20210612,1호선,당정,3802,3560,7362
20210612,1호선,대방,7571,7425,14996
20210612,1호선,덕계,2137,2050,4187
20210612,1호선,덕정,4524,4220,8744
20210612,1호선,도봉,4384,4111,8495
20210612,1호선,도봉산,9171,6415,15586
20210612,1호선,도원,2068,2077,4145
20210612,1호선,도화,3061,2810,5871
20210612,1호선,독산,8081,8025,16106
20210612,1호선,동대문,10589,9917,20506
20210612,1호선,동두천,1576,1982,3558
20210612,1호선,동두천중앙,2421,2536,4957
20210612,1호선,동묘앞,10738,11159,21897
20210612,1호선,동암,11947,12087,24034
20210612,1호선,동인천,11467,11365,22832
20210612,1호선,두정,4983,5241,10224
20210612,1호선,디지털미디어시티,4906,4816,9722
20210612,1호선,마곡나루,3035,3189,6224
20210612,1호선,망월사,5551,5731,11282
20210612,1호선,명학,4745,4597,9342
20210612,1호선,방학,7043,6889,13932
20210612,1호선,배방,864,910,1774
20210612,1호선,백운,5337,5356,10693
20210612,1호선,병점,11546,11359,22905
20210612,1호선,보산,1631,1528,3159
20210612,1호선,봉명,704,595,1299
20210612,1호선,부개,6161,5771,11932
20210612,1호선,부천,27501,28289,55790
20210612,1호선,부평,28677,31279,59956
20210612,1호선,서동탄,1028,1002,2030
20210612,1호선,서빙고,1355,1244,2599
20210612,1호선,서울,38495,35449,73944
20210612,1호선,서정리,5987,5352,11339
20210612,1호선,석계,6214,6601,12815
20210612,1호선,석수,6792,6315,13107
20210612,1호선,성균관대,9797,9757,19554
20210612,1호선,성환,2865,2623,5488
20210612,1호선,세류,2347,2428,4775
20210612,1호선,세마,2023,1849,3872
20210612,1호선,소사,6938,6907,13845
20210612,1호선,소요산,4460,3976,8436
20210612,1호선,송내,16969,16874,33843
20210612,1호선,송탄,4571,4165,8736
20210612,1호선,수원,35617,38375,73992
20210612,1호선,시청,9078,9496,18574
20210612,1호선,신길,5968,4924,10892
20210612,1호선,신도림,2917,2975,5892
20210612,1호선,신설동,8730,8215,16945
20210612,1호선,신이문,5874,5287,11161
20210612,1호선,신창,1260,1019,2279
20210612,1호선,쌍용,1425,1344,2769
20210612,1호선,아산,2539,2580,5119
20210612,1호선,안양,16950,17071,34021
20210612,1호선,양주,5959,5926,11885
20210612,1호선,역곡,19038,18664,37702
20210612,1호선,영등포,35189,36672,71861
20210612,1호선,영종,2791,2881,5672
20210612,1호선,오류동,8721,8004,16725
20210612,1호선,오산,8814,8166,16980
20210612,1호선,오산대,2839,2547,5386
20210612,1호선,옥수,35,32,67
20210612,1호선,온수,4853,4469,9322
20210612,1호선,온양온천,3336,3395,6731
20210612,1호선,왕십리,11151,12872,24023
20210612,1호선,외대앞,5328,5213,10541
20210612,1호선,용산,29525,32284,61809
20210612,1호선,운서,5510,5681,11191
20210612,1호선,월계,4422,4027,8449
20210612,1호선,응봉,1366,1180,2546
20210612,1호선,의왕,5505,5414,10919
20210612,1호선,의정부,16515,17342,33857
20210612,1호선,이촌,3150,2258,5408
20210612,1호선,인천,4589,3945,8534
20210612,1호선,인천공항1터미널,2830,3107,5937
20210612,1호선,인천공항2터미널,1522,1497,3019
20210612,1호선,제기동,14058,14418,28476
20210612,1호선,제물포,7323,6940,14263
20210612,1호선,종각,16883,15548,32431
20210612,1호선,종로3가,20641,19176,39817
20210612,1호선,종로5가,17287,17311,34598
20210612,1호선,주안,14747,13072,27819
20210612,1호선,중동,6419,6004,12423
20210612,1호선,지행,5098,5118,10216
20210612,1호선,직산,586,589,1175
20210612,1호선,진위,981,899,1880
20210612,1호선,천안,5787,5981,11768
20210612,1호선,청라국제도시,4026,3819,7845
20210612,1호선,청량리,31917,34193,66110
20210612,1호선,평택,12949,12254,25203
20210612,1호선,평택지제,2495,2499,4994
20210612,1호선,한남,2774,2610,5384
20210612,1호선,홍대입구,11153,10989,22142
20210612,1호선,화서,5144,5053,10197
20210612,1호선,회룡,9366,9403,18769
20210613,1호선,가능,3801,3510,7311
20210613,1호선,가산디지털단지,4274,6098,10372
20210613,1호선,간석,3076,2884,5960
20210613,1호선,개봉,10923,10825,21748
20210613,1호선,검암,3347,3531,6878
20210613,1호선,계양,4551,4412,8963
20210613,1호선,공덕,1039,1400,2439
20210613,1호선,공항화물청사,1006,1074,2080
20210613,1호선,관악,4560,4131,8691
20210613,1호선,광명,2259,1485,3744
20210613,1호선,광운대,3906,3896,7802
20210613,1호선,구로,9162,9249,18411
20210613,1호선,구일,3205,3128,6333
20210613,1호선,군포,2870,2867,5737
20210613,1호선,금정,12519,12940,25459
20210613,1호선,금천구청,5675,5576,11251
20210613,1호선,김포공항,11084,5733,16817
20210613,1호선,남영,3851,4187,8038
20210613,1호선,노량진,5374,5049,10423
20210613,1호선,녹양,2510,2353,4863
20210613,1호선,녹천,2357,2003,4360
20210613,1호선,당정,2737,2716,5453
20210613,1호선,대방,5321,5703,11024
20210613,1호선,덕계,1564,1542,3106
20210613,1호선,덕정,3073,3216,6289
20210613,1호선,도봉,3190,2976,6166
20210613,1호선,도봉산,8778,6247,15025
20210613,1호선,도원,1526,1544,3070
20210613,1호선,도화,2347,2105,4452
20210613,1호선,독산,5403,5494,10897
20210613,1호선,동대문,8830,9682,18512
20210613,1호선,동두천,1301,1718,3019
20210613,1호선,동두천중앙,1974,1907,3881
20210613,1호선,동묘앞,11331,11328,22659
20210613,1호선,동암,9004,9019,18023
20210613,1호선,동인천,8996,8437,17433
20210613,1호선,두정,4077,4322,8399
20210613,1호선,디지털미디어시티,3350,3365,6715
20210613,1호선,마곡나루,1875,2184,4059
20210613,1호선,망월사,4137,4375,8512
20210613,1호선,명학,3189,3080,6269
20210613,1호선,방학,5182,5030,10212
20210613,1호선,배방,659,876,1535
20210613,1호선,백운,3821,3729,7550
20210613,1호선,병점,8436,9422,17858
20210613,1호선,보산,1231,1315,2546
20210613,1호선,봉명,499,460,959
20210613,1호선,부개,4379,4187,8566
20210613,1호선,부천,19899,19369,39268
20210613,1호선,부평,21481,21716,43197
20210613,1호선,서동탄,716,745,1461
20210613,1호선,서빙고,1246,1281,2527
20210613,1호선,서울,36203,27300,63503
20210613,1호선,서정리,3765,5230,8995
20210613,1호선,석계,4397,4866,9263
20210613,1호선,석수,4972,4919,9891
20210613,1호선,성균관대,6864,7210,14074
20210613,1호선,성환,2197,2640,4837
20210613,1호선,세류,1894,1933,3827
20210613,1호선,세마,1557,1436,2993
20210613,1호선,소사,5211,5172,10383
20210613,1호선,소요산,4418,3762,8180
20210613,1호선,송내,11929,11663,23592
20210613,1호선,송탄,3418,3782,7200
20210613,1호선,수원,30938,29843,60781
20210613,1호선,시청,6316,6216,12532
20210613,1호선,신길,4546,3972,8518
20210613,1호선,신도림,2150,2317,4467
20210613,1호선,신설동,6560,6385,12945
20210613,1호선,신이문,4358,4136,8494
20210613,1호선,신창,983,1063,2046
20210613,1호선,쌍용,1023,1078,2101
20210613,1호선,아산,2649,1896,4545
20210613,1호선,안양,12380,12141,24521
20210613,1호선,양주,4610,4618,9228
20210613,1호선,역곡,13130,13057,26187
20210613,1호선,영등포,28729,28021,56750
20210613,1호선,영종,2198,2131,4329
20210613,1호선,오류동,6647,6314,12961
20210613,1호선,오산,7466,8034,15500
20210613,1호선,오산대,2020,1997,4017
20210613,1호선,옥수,67,29,96
20210613,1호선,온수,3619,3416,7035
20210613,1호선,온양온천,2900,2870,5770
20210613,1호선,왕십리,7392,8568,15960
20210613,1호선,외대앞,3856,3739,7595
20210613,1호선,용산,27123,23894,51017
20210613,1호선,운서,4474,4797,9271
20210613,1호선,월계,3148,2935,6083
20210613,1호선,응봉,997,902,1899
20210613,1호선,의왕,3929,4021,7950
20210613,1호선,의정부,12319,12668,24987
20210613,1호선,이촌,2179,1695,3874
20210613,1호선,인천,4131,3368,7499
20210613,1호선,인천공항1터미널,2976,3059,6035
20210613,1호선,인천공항2터미널,1498,1509,3007
20210613,1호선,제기동,8578,8966,17544
20210613,1호선,제물포,5243,5193,10436
20210613,1호선,종각,10829,9599,20428
20210613,1호선,종로3가,12425,10820,23245
20210613,1호선,종로5가,8209,8299,16508
20210613,1호선,주안,10905,9483,20388
20210613,1호선,중동,4515,4208,8723
20210613,1호선,지행,4023,3977,8000
20210613,1호선,직산,492,574,1066
20210613,1호선,진위,742,780,1522
20210613,1호선,천안,5936,5364,11300
20210613,1호선,청라국제도시,2939,2781,5720
20210613,1호선,청량리,24886,23863,48749
20210613,1호선,평택,10565,11384,21949
20210613,1호선,평택지제,2075,1906,3981
20210613,1호선,한남,1807,1783,3590
20210613,1호선,홍대입구,8359,7878,16237
20210613,1호선,화서,3497,3414,6911
20210613,1호선,회룡,6793,6754,13547
20210619,1호선,가능,5196,4972,10168
20210619,1호선,가산디지털단지,6177,8224,14401
20210619,1호선,간석,4418,4267,8685
20210619,1호선,개봉,16248,15813,32061
20210619,1호선,검암,4494,4600,9094
20210619,1호선,계양,6603,6029,12632
20210619,1호선,공덕,1486,2140,3626
20210619,1호선,공항화물청사,1421,1386,2807
20210619,1호선,관악,5972,5581,11553
20210619,1호선,광명,2505,2374,4879
20210619,1호선,광운대,5805,5580,11385
20210619,1호선,구로,13471,13856,27327
20210619,1호선,구일,4376,4077,8453
20210619,1호선,군포,4314,3840,8154
20210619,1호선,금정,17963,17940,35903
20210619,1호선,금천구청,8231,8221,16452
20210619,1호선,김포공항,11407,6274,17681
20210619,1호선,남영,5693,5820,11513
20210619,1호선,노량진,8286,7363,15649
20210619,1호선,녹양,3595,3451,7046
20210619,1호선,녹천,3421,2862,6283
20210619,1호선,당정,4012,3864,7876
20210619,1호선,대방,7946,7851,15797
20210619,1호선,덕계,2236,2113,4349
20210619,1호선,덕정,4378,4027,8405
20210619,1호선,도봉,4436,4143,8579
20210619,1호선,도봉산,9612,6734,16346
20210619,1호선,도원,2011,2112,4123
20210619,1호선,도화,3244,3025,6269
20210619,1호선,독산,8445,8527,16972
20210619,1호선,동대문,11113,10533,21646
20210619,1호선,동두천,1612,2090,3702
20210619,1호선,동두천중앙,2570,2558,5128
20210619,1호선,동묘앞,11412,11818,23230
20210619,1호선,동암,12266,12417,24683
20210619,1호선,동인천,11718,11389,23107
20210619,1호선,두정,5291,5702,10993
20210619,1호선,디지털미디어시티,5231,4811,10042
20210619,1호선,마곡나루,3125,3263,6388
20210619,1호선,망월사,5519,5678,11197
20210619,1호선,명학,5104,4878,9982
20210619,1호선,방학,7431,7258,14689
20210619,1호선,배방,999,1031,2030
20210619,1호선,백운,5541,5346,10887
20210619,1호선,병점,12128,11802,23930
20210619,1호선,보산,1587,1560,3147
20210619,1호선,봉명,793,711,1504
20210619,1호선,부개,6437,5948,12385
20210619,1호선,부천,28217,28896,57113
20210619,1호선,부평,29628,32390,62018
20210619,1호선,서동탄,1073,1116,2189
20210619,1호선,서빙고,1396,1177,2573
20210619,1호선,서울,41784,38032,79816
20210619,1호선,서정리,6078,5151,11229
20210619,1호선,석계,6484,7052,13536
20210619,1호선,석수,7175,6737,13912
20210619,1호선,성균관대,10197,10134,20331
20210619,1호선,성환,2910,2595,5505
20210619,1호선,세류,2485,2495,4980
20210619,1호선,세마,2153,1903,4056
20210619,1호선,소사,7098,7044,14142
20210619,1호선,소요산,4507,4050,8557
20210619,1호선,송내,17755,17477,35232
20210619,1호선,송탄,4510,4089,8599
20210619,1호선,수원,37150,39938,77088
20210619,1호선,시청,9919,10785,20704
20210619,1호선,신길,6259,5107,11366
20210619,1호선,신도림,3001,3156,6157
20210619,1호선,신설동,9114,8425,17539
20210619,1호선,신이문,6179,5511,11690
20210619,1호선,신창,1191,1038,2229
20210619,1호선,쌍용,1644,1455,3099
20210619,1호선,아산,2784,2731,5515
20210619,1호선,안양,17838,17869,35707
20210619,1호선,양주,6296,6018,12314
20210619,1호선,역곡,19887,19350,39237
20210619,1호선,영등포,37564,39315,76879
20210619,1호선,영종,2804,2895,5699
20210619,1호선,오류동,9158,8291,17449
20210619,1호선,오산,9519,8776,18295
20210619,1호선,오산대,2819,2594,5413
20210619,1호선,옥수,36,41,77
20210619,1호선,온수,5055,4673,9728
20210619,1호선,온양온천,4693,4757,9450
20210619,1호선,왕십리,11958,13652,25610
20210619,1호선,외대앞,5975,5555,11530
20210619,1호선,용산,31602,34735,66337
20210619,1호선,운서,5788,6036,11824
20210619,1호선,월계,4680,4340,9020
20210619,1호선,응봉,1395,1243,2638
20210619,1호선,의왕,5937,5643,11580
20210619,1호선,의정부,17084,18021,35105
20210619,1호선,이촌,3275,2277,5552
20210619,1호선,인천,5025,4171,9196
20210619,1호선,인천공항1터미널,3106,3471,6577
20210619,1호선,인천공항2터미널,1731,1695,3426
20210619,1호선,제기동,14880,15214,30094
20210619,1호선,제물포,7560,7275,14835
20210619,1호선,종각,18084,16808,34892
20210619,1호선,종로3가,22361,20566,42927
20210619,1호선,종로5가,18205,18521,36726
20210619,1호선,주안,15952,13586,29538
20210619,1호선,중동,6354,6101,12455
20210619,1호선,지행,5480,5522,11002
20210619,1호선,직산,658,674,1332
20210619,1호선,진위,1046,965,2011
20210619,1호선,천안,6579,6602,13181
20210619,1호선,청라국제도시,4093,4052,8145
20210619,1호선,청량리,34080,36100,70180
20210619,1호선,평택,13347,12864,26211
20210619,1호선,평택지제,2600,2556,5156
20210619,1호선,한남,2732,2640,5372
20210619,1호선,홍대입구,12042,11766,23808
20210619,1호선,화서,5270,5337,10607
20210619,1호선,회룡,9529,9388,18917
20210620,1호선,가능,3824,3776,7600
20210620,1호선,가산디지털단지,4459,6301,10760
20210620,1호선,간석,3025,2921,5946
20210620,1호선,개봉,11025,11503,22528
20210620,1호선,검암,3221,3557,6778
20210620,1호선,계양,4714,4614,9328
20210620,1호선,공덕,1145,1460,2605
20210620,1호선,공항화물청사,1035,1123,2158
20210620,1호선,관악,4674,4486,9160
20210620,1호선,광명,2048,1442,3490
20210620,1호선,광운대,4208,4298,8506
20210620,1호선,구로,9093,9388,18481
20210620,1호선,구일,3059,3128,6187
20210620,1호선,군포,2920,2822,5742
20210620,1호선,금정,12919,13327,26246
20210620,1호선,금천구청,6071,5808,11879
20210620,1호선,김포공항,11281,6306,17587
20210620,1호선,남영,4339,4555,8894
20210620,1호선,노량진,5424,5083,10507
20210620,1호선,녹양,2727,2655,5382
20210620,1호선,녹천,2489,2214,4703
20210620,1호선,당정,2935,2860,5795
20210620,1호선,대방,5494,5911,11405
20210620,1호선,덕계,1642,1541,3183
20210620,1호선,덕정,3174,3184,6358
20210620,1호선,도봉,3393,3290,6683
20210620,1호선,도봉산,9181,6580,15761
20210620,1호선,도원,1638,1692,3330
20210620,1호선,도화,2305,2233,4538
20210620,1호선,독산,5656,5885,11541
20210620,1호선,동대문,9094,9690,18784
20210620,1호선,동두천,1258,1588,2846
20210620,1호선,동두천중앙,2186,2166,4352
20210620,1호선,동묘앞,11990,11968,23958
20210620,1호선,동암,8937,8852,17789
20210620,1호선,동인천,9000,8694,17694
20210620,1호선,두정,4342,4448,8790
20210620,1호선,디지털미디어시티,3327,3363,6690
20210620,1호선,마곡나루,2083,2344,4427
20210620,1호선,망월사,4244,4402,8646
20210620,1호선,명학,3332,3240,6572
20210620,1호선,방학,5607,5380,10987
20210620,1호선,배방,737,853,1590
20210620,1호선,백운,3807,3879,7686
20210620,1호선,병점,8639,9632,18271
20210620,1호선,보산,1283,1275,2558
20210620,1호선,봉명,489,479,968
20210620,1호선,부개,4633,4463,9096
20210620,1호선,부천,21070,20077,41147
20210620,1호선,부평,21985,21957,43942
20210620,1호선,서동탄,759,770,1529
20210620,1호선,서빙고,1274,1261,2535
20210620,1호선,서울,39112,29680,68792
20210620,1호선,서정리,3919,5262,9181
20210620,1호선,석계,4611,5037,9648
20210620,1호선,석수,5040,4873,9913
20210620,1호선,성균관대,7163,7554,14717
20210620,1호선,성환,2268,2609,4877
20210620,1호선,세류,1971,1978,3949
20210620,1호선,세마,1552,1439,2991
20210620,1호선,소사,5029,4985,10014
20210620,1호선,소요산,4523,3921,8444
20210620,1호선,송내,12593,12188,24781
20210620,1호선,송탄,3332,3785,7117
20210620,1호선,수원,32302,31106,63408
20210620,1호선,시청,6851,6777,13628
20210620,1호선,신길,4531,4003,8534
20210620,1호선,신도림,2190,2518,4708
20210620,1호선,신설동,6623,6802,13425
20210620,1호선,신이문,4450,4196,8646
20210620,1호선,신창,936,1053,1989
20210620,1호선,쌍용,1052,1049,2101
20210620,1호선,아산,2891,1973,4864
20210620,1호선,안양,13180,12818,25998
20210620,1호선,양주,4934,4872,9806
20210620,1호선,역곡,13767,13304,27071
20210620,1호선,영등포,29367,28274,57641
20210620,1호선,영종,2198,2194,4392
20210620,1호선,오류동,6757,6550,13307
20210620,1호선,오산,7235,7769,15004
20210620,1호선,오산대,2071,2089,4160
20210620,1호선,옥수,62,26,88
20210620,1호선,온수,3578,3597,7175
20210620,1호선,온양온천,2970,2899,5869
20210620,1호선,왕십리,8697,9980,18677
20210620,1호선,외대앞,4232,4149,8381
20210620,1호선,용산,29824,26768,56592
20210620,1호선,운서,4729,5110,9839
20210620,1호선,월계,3578,3302,6880
20210620,1호선,응봉,1041,998,2039
20210620,1호선,의왕,4100,4210,8310
20210620,1호선,의정부,12818,13054,25872
20210620,1호선,이촌,2500,1842,4342
20210620,1호선,인천,4300,3392,7692
20210620,1호선,인천공항1터미널,3006,3121,6127
20210620,1호선,인천공항2터미널,1529,1500,3029
20210620,1호선,제기동,9096,9373,18469
20210620,1호선,제물포,5518,5287,10805
20210620,1호선,종각,11504,10096,21600
20210620,1호선,종로3가,13228,11470,24698
20210620,1호선,종로5가,8508,8626,17134
20210620,1호선,주안,11141,9605,20746
20210620,1호선,중동,4783,4478,9261
20210620,1호선,지행,4050,3886,7936
20210620,1호선,직산,541,596,1137
20210620,1호선,진위,737,749,1486
20210620,1호선,천안,6061,5499,11560
20210620,1호선,청라국제도시,3041,2923,5964
20210620,1호선,청량리,26437,25308,51745
20210620,1호선,평택,10962,11200,22162
20210620,1호선,평택지제,2098,2001,4099
20210620,1호선,한남,1880,1804,3684
20210620,1호선,홍대입구,9327,8519,17846
20210620,1호선,화서,3643,3606,7249
20210620,1호선,회룡,6985,7150,14135
20210626,1호선,가능,4762,4599,9361
20210626,1호선,가산디지털단지,5991,8025,14016
20210626,1호선,간석,4261,4094,8355
20210626,1호선,개봉,15909,15447,31356
20210626,1호선,검암,4288,4304,8592
20210626,1호선,계양,6396,5832,12228
20210626,1호선,공덕,1476,2193,3669
20210626,1호선,공항화물청사,1273,1340,2613
20210626,1호선,관악,5478,5302,10780
20210626,1호선,광명,2411,2287,4698
20210626,1호선,광운대,5598,5379,10977
20210626,1호선,구로,12607,12998,25605
20210626,1호선,구일,5795,5578,11373
20210626,1호선,군포,4329,3998,8327
20210626,1호선,금정,17727,17595,35322
20210626,1호선,금천구청,8117,8092,16209
20210626,1호선,김포공항,12092,5821,17913
20210626,1호선,남영,5809,5995,11804
20210626,1호선,노량진,8391,7564,15955
20210626,1호선,녹양,3360,3341,6701
20210626,1호선,녹천,3189,2612,5801
20210626,1호선,당정,3974,3702,7676
20210626,1호선,대방,7578,7358,14936
20210626,1호선,덕계,2089,1921,4010
20210626,1호선,덕정,4105,3829,7934
20210626,1호선,도봉,4263,3954,8217
20210626,1호선,도봉산,7557,5213,12770
20210626,1호선,도원,1959,2020,3979
20210626,1호선,도화,3037,2869,5906
20210626,1호선,독산,8332,8416,16748
20210626,1호선,동대문,10311,9827,20138
20210626,1호선,동두천,1495,1792,3287
20210626,1호선,동두천중앙,2354,2387,4741
20210626,1호선,동묘앞,9715,10332,20047
20210626,1호선,동암,12141,12336,24477
20210626,1호선,동인천,11321,11127,22448
20210626,1호선,두정,5047,5349,10396
20210626,1호선,디지털미디어시티,5013,4705,9718
20210626,1호선,마곡나루,3011,3166,6177
20210626,1호선,망월사,5111,5252,10363
20210626,1호선,명학,4795,4659,9454
20210626,1호선,방학,7226,7019,14245
20210626,1호선,배방,962,949,1911
20210626,1호선,백운,5320,5173,10493
20210626,1호선,병점,11546,11282,22828
20210626,1호선,보산,1389,1361,2750
20210626,1호선,봉명,668,603,1271
20210626,1호선,부개,6145,5739,11884
20210626,1호선,부천,27847,28679,56526
20210626,1호선,부평,28855,31304,60159
20210626,1호선,서동탄,1033,1050,2083
20210626,1호선,서빙고,1371,1231,2602
20210626,1호선,서울,42033,38623,80656
20210626,1호선,서정리,5863,5067,10930
20210626,1호선,석계,6516,6794,13310
20210626,1호선,석수,6600,5966,12566
20210626,1호선,성균관대,10107,9923,20030
20210626,1호선,성환,2786,2616,5402
20210626,1호선,세류,2346,2448,4794
20210626,1호선,세마,2175,1945,4120
20210626,1호선,소사,6766,6640,13406
20210626,1호선,소요산,3214,2840,6054
20210626,1호선,송내,17497,17454,34951
20210626,1호선,송탄,4668,4187,8855
20210626,1호선,수원,36249,39073,75322
20210626,1호선,시청,9706,9835,19541
20210626,1호선,신길,6057,5011,11068
20210626,1호선,신도림,2852,3019,5871
20210626,1호선,신설동,8650,7969,16619
20210626,1호선,신이문,6038,5419,11457
20210626,1호선,신창,966,898,1864
20210626,1호선,쌍용,1476,1325,2801
20210626,1호선,아산,2512,2501,5013
20210626,1호선,안양,17261,17336,34597
20210626,1호선,양주,5754,5458,11212
20210626,1호선,역곡,19276,18948,38224
20210626,1호선,영등포,37888,38901,76789
20210626,1호선,영종,2700,2806,5506
20210626,1호선,오류동,9058,8150,17208
20210626,1호선,오산,9174,8491,17665
20210626,1호선,오산대,2743,2517,5260
20210626,1호선,옥수,32,31,63
20210626,1호선,온수,4787,4437,9224
20210626,1호선,온양온천,3332,3353,6685
20210626,1호선,왕십리,11714,13318,25032
20210626,1호선,외대앞,5835,5352,11187
20210626,1호선,용산,32065,34950,67015
20210626,1호선,운서,5468,5668,11136
20210626,1호선,월계,4457,4100,8557
20210626,1호선,응봉,1358,1094,2452
20210626,1호선,의왕,5678,5531,11209
20210626,1호선,의정부,15995,16879,32874
20210626,1호선,이촌,3095,2173,5268
20210626,1호선,인천,4243,3601,7844
20210626,1호선,인천공항1터미널,2938,3400,6338
20210626,1호선,인천공항2터미널,1587,1612,3199
20210626,1호선,제기동,14507,14832,29339
20210626,1호선,제물포,6984,6752,13736
20210626,1호선,종각,17840,16629,34469
20210626,1호선,종로3가,21646,20297,41943
20210626,1호선,종로5가,17741,18121,35862
20210626,1호선,주안,14704,13044,27748
20210626,1호선,중동,6375,5973,12348
20210626,1호선,지행,4967,5029,9996
20210626,1호선,직산,628,623,1251
20210626,1호선,진위,1003,888,1891
20210626,1호선,천안,6027,6161,12188
20210626,1호선,청라국제도시,3964,3846,7810
20210626,1호선,청량리,32709,34389,67098
20210626,1호선,평택,12659,12125,24784
20210626,1호선,평택지제,2627,2463,5090
20210626,1호선,한남,2829,2568,5397
20210626,1호선,홍대입구,11610,11511,23121
20210626,1호선,화서,5018,5075,10093
20210626,1호선,회룡,8957,8880,17837
20210627,1호선,가능,3957,3827,7784
20210627,1호선,가산디지털단지,4387,6143,10530
20210627,1호선,간석,3130,2920,6050
20210627,1호선,개봉,11063,11287,22350
20210627,1호선,검암,3342,3525,6867
20210627,1호선,계양,4791,4654,9445
20210627,1호선,공덕,1068,1434,2502
20210627,1호선,공항화물청사,1071,1129,2200
20210627,1호선,관악,5032,4446,9478
20210627,1호선,광명,2402,1610,4012
20210627,1호선,광운대,4197,4271,8468
20210627,1호선,구로,9502,9767,19269
20210627,1호선,구일,4342,4188,8530
20210627,1호선,군포,2860,2811,5671
20210627,1호선,금정,13137,13565,26702
20210627,1호선,금천구청,6040,5860,11900
20210627,1호선,김포공항,11525,6001,17526
20210627,1호선,남영,4290,4734,9024
20210627,1호선,노량진,5777,5446,11223
20210627,1호선,녹양,2697,2631,5328
20210627,1호선,녹천,2788,2501,5289
20210627,1호선,당정,2808,2905,5713
20210627,1호선,대방,5462,5889,11351
20210627,1호선,덕계,1617,1533,3150
20210627,1호선,덕정,3243,3305,6548
20210627,1호선,도봉,3443,3231,6674
20210627,1호선,도봉산,9715,6966,16681
20210627,1호선,도원,1610,1623,3233
20210627,1호선,도화,2290,2096,4386
20210627,1호선,독산,5652,5878,11530
20210627,1호선,동대문,9267,9797,19064
20210627,1호선,동두천,1380,1729,3109
20210627,1호선,동두천중앙,2051,1966,4017
20210627,1호선,동묘앞,12238,11938,24176
20210627,1호선,동암,9344,9266,18610
20210627,1호선,동인천,9151,8771,17922
20210627,1호선,두정,4427,4534,8961
20210627,1호선,디지털미디어시티,3469,3519,6988
20210627,1호선,마곡나루,2135,2309,4444
20210627,1호선,망월사,4299,4417,8716
20210627,1호선,명학,3231,3270,6501
20210627,1호선,방학,5608,5525,11133
20210627,1호선,배방,714,790,1504
20210627,1호선,백운,3805,3826,7631
20210627,1호선,병점,8599,9687,18286
20210627,1호선,보산,1224,1363,2587
20210627,1호선,봉명,457,523,980
20210627,1호선,부개,4554,4213,8767
20210627,1호선,부천,20440,20160,40600
20210627,1호선,부평,22165,22271,44436
20210627,1호선,서동탄,753,810,1563
20210627,1호선,서빙고,1309,1339,2648
20210627,1호선,서울,40440,30399,70839
20210627,1호선,서정리,3918,5329,9247
20210627,1호선,석계,4623,5026,9649
20210627,1호선,석수,5248,5288,10536
20210627,1호선,성균관대,7470,7830,15300
20210627,1호선,성환,2181,2545,4726
20210627,1호선,세류,2063,2034,4097
20210627,1호선,세마,1617,1519,3136
20210627,1호선,소사,5309,5099,10408
20210627,1호선,소요산,4787,4232,9019
20210627,1호선,송내,12960,12888,25848
20210627,1호선,송탄,3273,3685,6958
20210627,1호선,수원,32148,31157,63305
20210627,1호선,시청,6845,6498,13343
20210627,1호선,신길,4649,4118,8767
20210627,1호선,신도림,2152,2365,4517
20210627,1호선,신설동,7006,7077,14083
20210627,1호선,신이문,4571,4295,8866
20210627,1호선,신창,900,933,1833
20210627,1호선,쌍용,1043,1076,2119
20210627,1호선,아산,2889,1906,4795
20210627,1호선,안양,13033,12684,25717
20210627,1호선,양주,4761,4769,9530
20210627,1호선,역곡,13674,13672,27346
20210627,1호선,영등포,31177,29577,60754
20210627,1호선,영종,2376,2265,4641
20210627,1호선,오류동,6825,6549,13374
20210627,1호선,오산,7311,7656,14967
20210627,1호선,오산대,2223,2206,4429
20210627,1호선,옥수,51,24,75
20210627,1호선,온수,3668,3411,7079
20210627,1호선,온양온천,2931,2873,5804
20210627,1호선,왕십리,8189,9152,17341
20210627,1호선,외대앞,4707,4689,9396
20210627,1호선,용산,30669,27090,57759
20210627,1호선,운서,4878,5314,10192
20210627,1호선,월계,3575,3236,6811
20210627,1호선,응봉,1021,1009,2030
20210627,1호선,의왕,4228,4273,8501
20210627,1호선,의정부,13234,13176,26410
20210627,1호선,이촌,2239,1747,3986
20210627,1호선,인천,4499,3486,7985
20210627,1호선,인천공항1터미널,3203,3432,6635
20210627,1호선,인천공항2터미널,1614,1684,3298
20210627,1호선,제기동,9214,9710,18924
20210627,1호선,제물포,5439,5317,10756
20210627,1호선,종각,12572,10981,23553
20210627,1호선,종로3가,13290,12006,25296
20210627,1호선,종로5가,9058,9022,18080
20210627,1호선,주안,11361,10013,21374
20210627,1호선,중동,4705,4217,8922
20210627,1호선,지행,4127,4154,8281
20210627,1호선,직산,522,536,1058
20210627,1호선,진위,728,774,1502
20210627,1호선,천안,6271,5655,11926
20210627,1호선,청라국제도시,3124,3001,6125
20210627,1호선,청량리,26339,25443,51782
20210627,1호선,평택,10751,11437,22188
20210627,1호선,평택지제,2081,1913,3994
20210627,1호선,한남,1903,1858,3761
20210627,1호선,홍대입구,9238,8906,18144
20210627,1호선,화서,3753,3779,7532
20210627,1호선,회룡,7179,7061,14240
20210703,1호선,가능,4582,4487,9069
20210703,1호선,가산디지털단지,5386,7407,12793
20210703,1호선,간석,3905,3912,7817
20210703,1호선,개봉,14543,14812,29355
20210703,1호선,검암,3967,3867,7834
20210703,1호선,계양,5720,5224,10944
20210703,1호선,공덕,1275,1924,3199
20210703,1호선,공항화물청사,1204,1266,2470
20210703,1호선,관악,5227,4988,10215
20210703,1호선,광명,2278,2092,4370
20210703,1호선,광운대,5140,4988,10128
20210703,1호선,구로,12244,12516,24760
20210703,1호선,구일,3819,3626,7445
20210703,1호선,군포,3892,3567,7459
20210703,1호선,금정,16446,16474,32920
20210703,1호선,금천구청,7461,7541,15002
20210703,1호선,김포공항,10725,5686,16411
20210703,1호선,남영,5160,5333,10493
20210703,1호선,노량진,7323,6628,13951
20210703,1호선,녹양,3124,3068,6192
20210703,1호선,녹천,3130,2727,5857
20210703,1호선,당정,3604,3462,7066
20210703,1호선,대방,7570,7559,15129
20210703,1호선,덕계,2060,1896,3956
20210703,1호선,덕정,3673,3430,7103
20210703,1호선,도봉,4003,3857,7860
20210703,1호선,도봉산,7650,5164,12814
20210703,1호선,도원,1814,1893,3707
20210703,1호선,도화,2835,2661,5496
20210703,1호선,독산,7707,7743,15450
20210703,1호선,동대문,10108,9211,19319
20210703,1호선,동두천,1381,1740,3121
20210703,1호선,동두천중앙,2296,2315,4611
20210703,1호선,동묘앞,8612,8737,17349
20210703,1호선,동암,10985,11307,22292
20210703,1호선,동인천,9908,9788,19696
20210703,1호선,두정,5116,5439,10555
20210703,1호선,디지털미디어시티,4727,4514,9241
20210703,1호선,마곡나루,2413,2620,5033
20210703,1호선,망월사,5073,5263,10336
20210703,1호선,명학,4399,4224,8623
20210703,1호선,방학,6586,6526,13112
20210703,1호선,배방,802,777,1579
20210703,1호선,백운,4857,4907,9764
20210703,1호선,병점,10646,10512,21158
20210703,1호선,보산,1285,1337,2622
20210703,1호선,봉명,660,597,1257
20210703,1호선,부개,5661,5513,11174
20210703,1호선,부천,25558,26253,51811
20210703,1호선,부평,26955,28777,55732
20210703,1호선,서동탄,918,978,1896
20210703,1호선,서빙고,1157,1128,2285
20210703,1호선,서울,38271,35120,73391
20210703,1호선,서정리,5083,4471,9554
20210703,1호선,석계,6009,6350,12359
20210703,1호선,석수,6243,5889,12132
20210703,1호선,성균관대,9054,9090,18144
20210703,1호선,성환,2431,2279,4710
20210703,1호선,세류,2257,2258,4515
20210703,1호선,세마,1914,1771,3685
20210703,1호선,소사,6681,6838,13519
20210703,1호선,소요산,3148,2848,5996
20210703,1호선,송내,16145,16401,32546
20210703,1호선,송탄,4117,3666,7783
20210703,1호선,수원,33601,35621,69222
20210703,1호선,시청,8587,8957,17544
20210703,1호선,신길,6363,4899,11262
20210703,1호선,신도림,2499,2757,5256
20210703,1호선,신설동,8496,8155,16651
20210703,1호선,신이문,5553,5239,10792
20210703,1호선,신창,859,852,1711
20210703,1호선,쌍용,1292,1145,2437
20210703,1호선,아산,2300,2283,4583
20210703,1호선,안양,15997,16094,32091
20210703,1호선,양주,5329,5130,10459
20210703,1호선,역곡,17806,17509,35315
20210703,1호선,영등포,38445,37530,75975
20210703,1호선,영종,2497,2552,5049
20210703,1호선,오류동,8107,7739,15846
20210703,1호선,오산,8468,8074,16542
20210703,1호선,오산대,2450,2225,4675
20210703,1호선,옥수,46,39,85
20210703,1호선,온수,4432,4190,8622
20210703,1호선,온양온천,2890,3016,5906
20210703,1호선,왕십리,10935,12689,23624
20210703,1호선,외대앞,5327,5186,10513
20210703,1호선,용산,31056,31827,62883
20210703,1호선,운서,4908,4946,9854
20210703,1호선,월계,3973,3840,7813
20210703,1호선,응봉,1155,1017,2172
20210703,1호선,의왕,5117,5049,10166
20210703,1호선,의정부,15350,15858,31208
20210703,1호선,이촌,2748,2101,4849
20210703,1호선,인천,3101,2530,5631
20210703,1호선,인천공항1터미널,2748,2946,5694
20210703,1호선,인천공항2터미널,1579,1595,3174
20210703,1호선,제기동,13458,13922,27380
20210703,1호선,제물포,6339,6240,12579
20210703,1호선,종각,18584,18138,36722
20210703,1호선,종로3가,17048,17680,34728
20210703,1호선,종로5가,20945,17892,38837
20210703,1호선,주안,13698,11977,25675
20210703,1호선,중동,5756,5623,11379
20210703,1호선,지행,4750,4705,9455
20210703,1호선,직산,558,549,1107
20210703,1호선,진위,944,899,1843
20210703,1호선,천안,5489,6066,11555
20210703,1호선,청라국제도시,3471,3434,6905
20210703,1호선,청량리,30844,32735,63579
20210703,1호선,평택,11423,11335,22758
20210703,1호선,평택지제,2482,2333,4815
20210703,1호선,한남,2511,2445,4956
20210703,1호선,홍대입구,8291,8404,16695
20210703,1호선,화서,4601,4509,9110
20210703,1호선,회룡,8546,8462,17008
20210704,1호선,가능,3181,3005,6186
20210704,1호선,가산디지털단지,3824,5283,9107
20210704,1호선,간석,2530,2457,4987
20210704,1호선,개봉,9533,9619,19152
20210704,1호선,검암,2786,2862,5648
20210704,1호선,계양,3844,3774,7618
20210704,1호선,공덕,902,1281,2183
20210704,1호선,공항화물청사,914,954,1868
20210704,1호선,관악,3410,3198,6608
20210704,1호선,광명,2061,1431,3492
20210704,1호선,광운대,3470,3604,7074
20210704,1호선,구로,8039,8044,16083
20210704,1호선,구일,2561,2531,5092
20210704,1호선,군포,2549,2418,4967
20210704,1호선,금정,10983,11477,22460
20210704,1호선,금천구청,4959,5040,9999
20210704,1호선,김포공항,10638,5377,16015
20210704,1호선,남영,3728,3918,7646
20210704,1호선,노량진,4571,4524,9095
20210704,1호선,녹양,2178,2125,4303
20210704,1호선,녹천,2045,1806,3851
20210704,1호선,당정,2460,2527,4987
20210704,1호선,대방,4904,5298,10202
20210704,1호선,덕계,1292,1235,2527
20210704,1호선,덕정,2500,2617,5117
20210704,1호선,도봉,2783,2579,5362
20210704,1호선,도봉산,4489,3059,7548
20210704,1호선,도원,1390,1437,2827
20210704,1호선,도화,1949,1779,3728
20210704,1호선,독산,4911,5159,10070
20210704,1호선,동대문,6446,6688,13134
20210704,1호선,동두천,1183,1279,2462
20210704,1호선,동두천중앙,1685,1597,3282
20210704,1호선,동묘앞,5605,5775,11380
20210704,1호선,동암,7943,7964,15907
20210704,1호선,동인천,7257,7013,14270
20210704,1호선,두정,4437,4477,8914
20210704,1호선,디지털미디어시티,2915,3046,5961
20210704,1호선,마곡나루,1671,1851,3522
20210704,1호선,망월사,3430,3510,6940
20210704,1호선,명학,2632,2566,5198
20210704,1호선,방학,4678,4580,9258
20210704,1호선,배방,697,767,1464
20210704,1호선,백운,3273,3254,6527
20210704,1호선,병점,7469,8398,15867
20210704,1호선,보산,1057,1023,2080
20210704,1호선,봉명,531,507,1038
20210704,1호선,부개,3899,3676,7575
20210704,1호선,부천,18541,18087,36628
20210704,1호선,부평,19159,19501,38660
20210704,1호선,서동탄,696,742,1438
20210704,1호선,서빙고,1131,1081,2212
20210704,1호선,서울,35308,26210,61518
20210704,1호선,서정리,3368,4742,8110
20210704,1호선,석계,3800,4228,8028
20210704,1호선,석수,4066,3697,7763
20210704,1호선,성균관대,6212,6719,12931
20210704,1호선,성환,2034,2292,4326
20210704,1호선,세류,1703,1743,3446
20210704,1호선,세마,1425,1344,2769
20210704,1호선,소사,4576,4407,8983
20210704,1호선,소요산,2406,1945,4351
20210704,1호선,송내,10852,10483,21335
20210704,1호선,송탄,3085,3453,6538
20210704,1호선,수원,27794,26758,54552
20210704,1호선,시청,5671,5415,11086
20210704,1호선,신길,4203,3715,7918
20210704,1호선,신도림,1718,1936,3654
20210704,1호선,신설동,5114,5165,10279
20210704,1호선,신이문,3762,3575,7337
20210704,1호선,신창,718,844,1562
20210704,1호선,쌍용,1076,1125,2201
20210704,1호선,아산,2516,1742,4258
20210704,1호선,안양,10871,10727,21598
20210704,1호선,양주,3597,3668,7265
20210704,1호선,역곡,11655,11713,23368
20210704,1호선,영등포,27096,26338,53434
20210704,1호선,영종,1854,1748,3602
20210704,1호선,오류동,6044,5710,11754
20210704,1호선,오산,6429,6995,13424
20210704,1호선,오산대,1649,1605,3254
20210704,1호선,옥수,47,22,69
20210704,1호선,온수,3130,2934,6064
20210704,1호선,온양온천,3460,3457,6917
20210704,1호선,왕십리,7526,8530,16056
20210704,1호선,외대앞,3692,3657,7349
20210704,1호선,용산,27155,23956,51111
20210704,1호선,운서,3894,4184,8078
20210704,1호선,월계,3192,2929,6121
20210704,1호선,응봉,981,868,1849
20210704,1호선,의왕,3446,3542,6988
20210704,1호선,의정부,10668,10782,21450
20210704,1호선,이촌,1785,1415,3200
20210704,1호선,인천,2350,1737,4087
20210704,1호선,인천공항1터미널,2521,2592,5113
20210704,1호선,인천공항2터미널,1580,1445,3025
20210704,1호선,제기동,6494,6688,13182
20210704,1호선,제물포,4476,4409,8885
20210704,1호선,종각,9596,8868,18464
20210704,1호선,종로3가,10938,9895,20833
20210704,1호선,종로5가,6812,7067,13879
20210704,1호선,주안,9390,8254,17644
20210704,1호선,중동,4088,3808,7896
20210704,1호선,지행,3406,3431,6837
20210704,1호선,직산,439,507,946
20210704,1호선,진위,725,786,1511
20210704,1호선,천안,5472,4998,10470
20210704,1호선,청라국제도시,2528,2468,4996
20210704,1호선,청량리,21868,20428,42296
20210704,1호선,평택,9592,9770,19362
20210704,1호선,평택지제,1852,1752,3604
20210704,1호선,한남,1545,1605,3150
20210704,1호선,홍대입구,6370,6097,12467
20210704,1호선,화서,3185,3225,6410
20210704,1호선,회룡,5641,5614,11255
20210710,1호선,가능,4527,4266,8793
20210710,1호선,가산디지털단지,5196,6635,11831
20210710,1호선,간석,3774,3646,7420
20210710,1호선,개봉,13520,13315,26835
20210710,1호선,검암,3637,3774,7411
20210710,1호선,계양,4938,4687,9625
20210710,1호선,공덕,1113,1615,2728
20210710,1호선,공항화물청사,1217,1217,2434
20210710,1호선,관악,4768,4671,9439
20210710,1호선,광명,1856,1806,3662
20210710,1호선,광운대,4747,4575,9322
20210710,1호선,구로,10860,11111,21971
20210710,1호선,구일,4032,3826,7858
20210710,1호선,군포,3696,3430,7126
20210710,1호선,금정,14897,15035,29932
20210710,1호선,금천구청,6808,6752,13560
20210710,1호선,김포공항,9302,5464,14766
20210710,1호선,남영,4783,4837,9620
20210710,1호선,노량진,6409,5703,12112
20210710,1호선,녹양,2943,2881,5824
20210710,1호선,녹천,2930,2464,5394
20210710,1호선,당정,3357,3255,6612
20210710,1호선,대방,6348,6365,12713
20210710,1호선,덕계,1901,1813,3714
20210710,1호선,덕정,3476,3413,6889
20210710,1호선,도봉,3894,3631,7525
20210710,1호선,도봉산,7129,4815,11944
20210710,1호선,도원,1777,1878,3655
20210710,1호선,도화,2672,2465,5137
20210710,1호선,독산,7059,7058,14117
20210710,1호선,동대문,8863,8072,16935
20210710,1호선,동두천,1357,1731,3088
20210710,1호선,동두천중앙,2275,2349,4624
20210710,1호선,동묘앞,8761,8998,17759
20210710,1호선,동암,10579,10811,21390
20210710,1호선,동인천,9424,9361,18785
20210710,1호선,두정,4905,5341,10246
20210710,1호선,디지털미디어시티,4014,3757,7771
20210710,1호선,마곡나루,2384,2499,4883
20210710,1호선,망월사,4750,4776,9526
20210710,1호선,명학,4011,3893,7904
20210710,1호선,방학,6344,6161,12505
20210710,1호선,배방,818,845,1663
20210710,1호선,백운,4570,4580,9150
20210710,1호선,병점,9718,9489,19207
20210710,1호선,보산,1146,1188,2334
20210710,1호선,봉명,700,619,1319
20210710,1호선,부개,5579,5203,10782
20210710,1호선,부천,23716,24467,48183
20210710,1호선,부평,23956,26158,50114
20210710,1호선,서동탄,758,800,1558
20210710,1호선,서빙고,1079,957,2036
20210710,1호선,서울,29317,28632,57949
20210710,1호선,서정리,5080,4286,9366
20210710,1호선,석계,5350,5667,11017
20210710,1호선,석수,5299,4863,10162
20210710,1호선,성균관대,8395,8259,16654
20210710,1호선,성환,2517,2403,4920
20210710,1호선,세류,2132,2217,4349
20210710,1호선,세마,1815,1615,3430
20210710,1호선,소사,5758,5801,11559
20210710,1호선,소요산,3252,2904,6156
20210710,1호선,송내,14534,14516,29050
20210710,1호선,송탄,3767,3471,7238
20210710,1호선,수원,29020,31532,60552
20210710,1호선,시청,7348,7357,14705
20210710,1호선,신길,5396,4329,9725
20210710,1호선,신도림,2401,2410,4811
20210710,1호선,신설동,7672,7110,14782
20210710,1호선,신이문,5325,4797,10122
20210710,1호선,신창,876,842,1718
20210710,1호선,쌍용,1259,1144,2403
20210710,1호선,아산,2200,2208,4408
20210710,1호선,안양,14038,14153,28191
20210710,1호선,양주,4913,4715,9628
20210710,1호선,역곡,16327,16191,32518
20210710,1호선,영등포,28436,29905,58341
20210710,1호선,영종,2203,2356,4559
20210710,1호선,오류동,7797,7152,14949
20210710,1호선,오산,7709,7309,15018
20210710,1호선,오산대,2293,2058,4351
20210710,1호선,옥수,37,27,64
20210710,1호선,온수,4154,3918,8072
20210710,1호선,온양온천,2936,3056,5992
20210710,1호선,왕십리,9780,11309,21089
20210710,1호선,외대앞,4897,4778,9675
20210710,1호선,용산,24079,27204,51283
20210710,1호선,운서,4844,4832,9676
20210710,1호선,월계,4163,3817,7980
20210710,1호선,응봉,1116,909,2025
20210710,1호선,의왕,4959,4737,9696
20210710,1호선,의정부,13801,14741,28542
20210710,1호선,이촌,2449,1839,4288
20210710,1호선,인천,3221,2750,5971
20210710,1호선,인천공항1터미널,2811,2939,5750
20210710,1호선,인천공항2터미널,1733,1547,3280
20210710,1호선,제기동,13044,13400,26444
20210710,1호선,제물포,6187,5964,12151
20210710,1호선,종각,13128,12573,25701
20210710,1호선,종로3가,16366,15707,32073
20210710,1호선,종로5가,13441,13566,27007
20210710,1호선,주안,12917,11395,24312
20210710,1호선,중동,5502,5202,10704
20210710,1호선,지행,4378,4288,8666
20210710,1호선,직산,507,502,1009
20210710,1호선,진위,870,787,1657
20210710,1호선,천안,5166,5467,10633
20210710,1호선,청라국제도시,3036,3018,6054
20210710,1호선,청량리,27190,29582,56772
20210710,1호선,평택,10771,10422,21193
20210710,1호선,평택지제,2253,2107,4360
20210710,1호선,한남,2414,2184,4598
20210710,1호선,홍대입구,7263,6693,13956
20210710,1호선,화서,4159,4218,8377
20210710,1호선,회룡,7797,7836,15633
20210711,1호선,가능,3178,3025,6203
20210711,1호선,가산디지털단지,3536,4795,8331
20210711,1호선,간석,2499,2368,4867
20210711,1호선,개봉,9101,8983,18084
20210711,1호선,검암,2703,2713,5416
20210711,1호선,계양,3660,3616,7276
20210711,1호선,공덕,810,1081,1891
20210711,1호선,공항화물청사,902,986,1888
20210711,1호선,관악,3510,3214,6724
20210711,1호선,광명,1789,1218,3007
20210711,1호선,광운대,3184,3243,6427
20210711,1호선,구로,7365,7657,15022
20210711,1호선,구일,2447,2460,4907
20210711,1호선,군포,2426,2311,4737
20210711,1호선,금정,10409,10836,21245
20210711,1호선,금천구청,4781,4825,9606
20210711,1호선,김포공항,10119,5058,15177
20210711,1호선,남영,3186,3409,6595
20210711,1호선,노량진,4150,3922,8072
20210711,1호선,녹양,2092,2088,4180
20210711,1호선,녹천,2077,1799,3876
20210711,1호선,당정,2295,2327,4622
20210711,1호선,대방,4302,4787,9089
20210711,1호선,덕계,1362,1253,2615
20210711,1호선,덕정,2583,2731,5314
20210711,1호선,도봉,2688,2515,5203
20210711,1호선,도봉산,5820,4161,9981
20210711,1호선,도원,1241,1303,2544
20210711,1호선,도화,1869,1686,3555
20210711,1호선,독산,4499,4748,9247
20210711,1호선,동대문,6591,7164,13755
20210711,1호선,동두천,1066,1290,2356
20210711,1호선,동두천중앙,1676,1608,3284
20210711,1호선,동묘앞,7941,7994,15935
20210711,1호선,동암,7568,7483,15051
20210711,1호선,동인천,6887,6716,13603
20210711,1호선,두정,4274,4361,8635
20210711,1호선,디지털미디어시티,2681,2655,5336
20210711,1호선,마곡나루,1553,1695,3248
20210711,1호선,망월사,3707,3617,7324
20210711,1호선,명학,2633,2610,5243
20210711,1호선,방학,4552,4388,8940
20210711,1호선,배방,596,660,1256
20210711,1호선,백운,3117,3120,6237
20210711,1호선,병점,6870,7673,14543
20210711,1호선,보산,987,864,1851
20210711,1호선,봉명,450,451,901
20210711,1호선,부개,3661,3487,7148
20210711,1호선,부천,16755,16277,33032
20210711,1호선,부평,17447,17673,35120
20210711,1호선,서동탄,588,586,1174
20210711,1호선,서빙고,953,995,1948
20210711,1호선,서울,28867,21074,49941
20210711,1호선,서정리,3403,4671,8074
20210711,1호선,석계,3616,3953,7569
20210711,1호선,석수,3863,3715,7578
20210711,1호선,성균관대,5888,6232,12120
20210711,1호선,성환,2141,2434,4575
20210711,1호선,세류,1565,1630,3195
20210711,1호선,세마,1329,1286,2615
20210711,1호선,소사,4116,3942,8058
20210711,1호선,소요산,3283,2750,6033
20210711,1호선,송내,10277,10053,20330
20210711,1호선,송탄,2786,3086,5872
20210711,1호선,수원,25250,24388,49638
20210711,1호선,시청,5024,4787,9811
20210711,1호선,신길,3812,3366,7178
20210711,1호선,신도림,1717,1693,3410
20210711,1호선,신설동,5228,5175,10403
20210711,1호선,신이문,3639,3454,7093
20210711,1호선,신창,769,865,1634
20210711,1호선,쌍용,911,903,1814
20210711,1호선,아산,2388,1634,4022
20210711,1호선,안양,10219,9934,20153
20210711,1호선,양주,3674,3570,7244
20210711,1호선,역곡,10751,10730,21481
20210711,1호선,영등포,22375,21463,43838
20210711,1호선,영종,1740,1760,3500
20210711,1호선,오류동,5507,5135,10642
20210711,1호선,오산,5988,6505,12493
20210711,1호선,오산대,1638,1640,3278
20210711,1호선,옥수,55,24,79
20210711,1호선,온수,2761,2607,5368
20210711,1호선,온양온천,2575,2507,5082
20210711,1호선,왕십리,6535,7676,14211
20210711,1호선,외대앞,3772,3701,7473
20210711,1호선,용산,22908,19894,42802
20210711,1호선,운서,3829,4124,7953
20210711,1호선,월계,2853,2629,5482
20210711,1호선,응봉,792,725,1517
20210711,1호선,의왕,3312,3348,6660
20210711,1호선,의정부,10373,10575,20948
20210711,1호선,이촌,1646,1385,3031
20210711,1호선,인천,2583,2015,4598
20210711,1호선,인천공항1터미널,2803,2761,5564
20210711,1호선,인천공항2터미널,1549,1459,3008
20210711,1호선,제기동,7336,7685,15021
20210711,1호선,제물포,4233,4105,8338
20210711,1호선,종각,8286,7681,15967
20210711,1호선,종로3가,9748,8909,18657
20210711,1호선,종로5가,5782,5967,11749
20210711,1호선,주안,8986,8039,17025
20210711,1호선,중동,3838,3567,7405
20210711,1호선,지행,3301,3240,6541
20210711,1호선,직산,437,520,957
20210711,1호선,진위,704,716,1420
20210711,1호선,천안,5161,4753,9914
20210711,1호선,청라국제도시,2325,2215,4540
20210711,1호선,청량리,20628,19413,40041
20210711,1호선,평택,9024,9396,18420
20210711,1호선,평택지제,1815,1622,3437
20210711,1호선,한남,1472,1516,2988
20210711,1호선,홍대입구,5258,5048,10306
20210711,1호선,화서,3132,2949,6081
20210711,1호선,회룡,5326,5416,10742
20210717,1호선,가능,4050,3900,7950
20210717,1호선,가산디지털단지,4538,6171,10709
20210717,1호선,간석,3268,3190,6458
20210717,1호선,개봉,12395,12045,24440
20210717,1호선,검암,3150,3251,6401
20210717,1호선,계양,4691,4450,9141
20210717,1호선,공덕,1047,1309,2356
20210717,1호선,공항화물청사,1219,1319,2538
20210717,1호선,관악,4308,4048,8356
20210717,1호선,광명,1687,1596,3283
20210717,1호선,광운대,4299,4153,8452
20210717,1호선,구로,9759,9885,19644
20210717,1호선,구일,3198,3080,6278
20210717,1호선,군포,3456,3274,6730
20210717,1호선,금정,13568,13509,27077
20210717,1호선,금천구청,6032,6137,12169
20210717,1호선,김포공항,8932,5149,14081
20210717,1호선,남영,3951,4010,7961
20210717,1호선,노량진,5788,5093,10881
20210717,1호선,녹양,2612,2574,5186
20210717,1호선,녹천,2731,2273,5004
20210717,1호선,당정,2800,2691,5491
20210717,1호선,대방,5806,5734,11540
20210717,1호선,덕계,1876,1712,3588
20210717,1호선,덕정,3294,3106,6400
20210717,1호선,도봉,3569,3431,7000
20210717,1호선,도봉산,7559,5068,12627
20210717,1호선,도원,1609,1597,3206
20210717,1호선,도화,2402,2247,4649
20210717,1호선,독산,6459,6570,13029
20210717,1호선,동대문,8369,7520,15889
20210717,1호선,동두천,1280,1661,2941
20210717,1호선,동두천중앙,1958,1991,3949
20210717,1호선,동묘앞,8423,8395,16818
20210717,1호선,동암,9399,9644,19043
20210717,1호선,동인천,8736,8505,17241
20210717,1호선,두정,4021,4286,8307
20210717,1호선,디지털미디어시티,3677,3435,7112
20210717,1호선,마곡나루,2050,2137,4187
20210717,1호선,망월사,4280,4504,8784
20210717,1호선,명학,3794,3658,7452
20210717,1호선,방학,5946,5768,11714
20210717,1호선,배방,739,703,1442
20210717,1호선,백운,3958,3939,7897
20210717,1호선,병점,8561,8597,17158
20210717,1호선,보산,993,985,1978
20210717,1호선,봉명,617,567,1184
20210717,1호선,부개,4950,4737,9687
20210717,1호선,부천,21635,22321,43956
20210717,1호선,부평,21610,23228,44838
20210717,1호선,서동탄,727,731,1458
20210717,1호선,서빙고,1011,839,1850
20210717,1호선,서울,26174,25390,51564
20210717,1호선,서정리,4729,4051,8780
20210717,1호선,석계,4894,5169,10063
20210717,1호선,석수,5094,4763,9857
20210717,1호선,성균관대,7212,7154,14366
20210717,1호선,성환,2240,2074,4314
20210717,1호선,세류,1916,2002,3918
20210717,1호선,세마,1545,1365,2910
20210717,1호선,소사,5047,5040,10087
20210717,1호선,소요산,3947,3573,7520
20210717,1호선,송내,12986,13064,26050
20210717,1호선,송탄,3410,3007,6417
20210717,1호선,수원,25930,28092,54022
20210717,1호선,시청,6325,6322,12647
20210717,1호선,신길,4718,3833,8551
20210717,1호선,신도림,2094,2103,4197
20210717,1호선,신설동,7186,6937,14123
20210717,1호선,신이문,4863,4568,9431
20210717,1호선,신창,825,754,1579
20210717,1호선,쌍용,1094,1008,2102
20210717,1호선,아산,2033,1997,4030
20210717,1호선,안양,12997,12989,25986
20210717,1호선,양주,4682,4482,9164
20210717,1호선,역곡,14889,14905,29794
20210717,1호선,영등포,25594,26924,52518
20210717,1호선,영종,1940,2019,3959
20210717,1호선,오류동,6986,6481,13467
20210717,1호선,오산,7227,6760,13987
20210717,1호선,오산대,1924,1803,3727
20210717,1호선,옥수,31,29,60
20210717,1호선,온수,3681,3326,7007
20210717,1호선,온양온천,2690,2772,5462
20210717,1호선,왕십리,8756,10185,18941
20210717,1호선,외대앞,4468,4284,8752
20210717,1호선,용산,21294,23961,45255
20210717,1호선,운서,4482,4483,8965
20210717,1호선,월계,3558,3412,6970
20210717,1호선,응봉,1302,1170,2472
20210717,1호선,의왕,4418,4337,8755
20210717,1호선,의정부,12760,13288,26048
20210717,1호선,이촌,2147,1679,3826
20210717,1호선,인천,2914,2363,5277
20210717,1호선,인천공항1터미널,2942,3033,5975
20210717,1호선,인천공항2터미널,1799,1693,3492
20210717,1호선,제기동,11410,11731,23141
20210717,1호선,제물포,5249,5246,10495
20210717,1호선,종각,11152,10772,21924
20210717,1호선,종로3가,14925,14442,29367
20210717,1호선,종로5가,12549,12634,25183
20210717,1호선,주안,11437,10154,21591
20210717,1호선,중동,4811,4669,9480
20210717,1호선,지행,3949,4041,7990
20210717,1호선,직산,514,558,1072
20210717,1호선,진위,790,746,1536
20210717,1호선,창동,1,0,1
20210717,1호선,천안,4673,5084,9757
20210717,1호선,청라국제도시,2879,2817,5696
20210717,1호선,청량리,25176,27259,52435
20210717,1호선,평택,9465,9338,18803
20210717,1호선,평택지제,2094,1925,4019
20210717,1호선,한남,2222,1956,4178
20210717,1호선,홍대입구,6670,6278,12948
20210717,1호선,화서,3618,3624,7242
20210717,1호선,회룡,7271,7371,14642
20210718,1호선,가능,2944,2772,5716
20210718,1호선,가산디지털단지,3334,4579,7913
20210718,1호선,간석,2307,2216,4523
20210718,1호선,개봉,8131,8220,16351
20210718,1호선,검암,2477,2574,5051
20210718,1호선,계양,3324,3327,6651
20210718,1호선,공덕,757,1023,1780
20210718,1호선,공항화물청사,974,1003,1977
20210718,1호선,관악,3397,3060,6457
20210718,1호선,광명,1680,1143,2823
20210718,1호선,광운대,3092,3179,6271
20210718,1호선,구로,6732,6701,13433
20210718,1호선,구일,2194,2210,4404
20210718,1호선,군포,2226,2128,4354
20210718,1호선,금정,9496,10005,19501
20210718,1호선,금천구청,4389,4331,8720
20210718,1호선,김포공항,10038,4853,14891
20210718,1호선,남영,2739,3009,5748
20210718,1호선,노량진,3858,3796,7654
20210718,1호선,녹양,1860,1894,3754
20210718,1호선,녹천,1936,1607,3543
20210718,1호선,당정,2021,2088,4109
20210718,1호선,대방,3732,4170,7902
20210718,1호선,덕계,1144,1125,2269
20210718,1호선,덕정,2339,2465,4804
20210718,1호선,도봉,2631,2453,5084
20210718,1호선,도봉산,6986,4927,11913
20210718,1호선,도원,1110,1183,2293
20210718,1호선,도화,1755,1580,3335
20210718,1호선,독산,4237,4387,8624
20210718,1호선,동대문,6426,7027,13453
20210718,1호선,동두천,1066,1273,2339
20210718,1호선,동두천중앙,1651,1475,3126
20210718,1호선,동묘앞,9224,9032,18256
20210718,1호선,동암,6979,6890,13869
20210718,1호선,동인천,6529,6297,12826
20210718,1호선,두정,3568,3686,7254
20210718,1호선,디지털미디어시티,2492,2553,5045
20210718,1호선,마곡나루,1398,1617,3015
20210718,1호선,망월사,3270,3387,6657
20210718,1호선,명학,2345,2455,4800
20210718,1호선,방학,4189,4136,8325
20210718,1호선,배방,540,598,1138
20210718,1호선,백운,2853,2833,5686
20210718,1호선,병점,6402,6981,13383
20210718,1호선,보산,880,818,1698
20210718,1호선,봉명,431,432,863
20210718,1호선,부개,3462,3259,6721
20210718,1호선,부천,16333,16017,32350
20210718,1호선,부평,16789,16990,33779
20210718,1호선,서동탄,515,559,1074
20210718,1호선,서빙고,691,676,1367
20210718,1호선,서울,26819,18926,45745
20210718,1호선,서정리,3071,4261,7332
20210718,1호선,석계,3449,3883,7332
20210718,1호선,석수,3500,3461,6961
20210718,1호선,성균관대,5270,5558,10828
20210718,1호선,성환,1809,1991,3800
20210718,1호선,세류,1503,1563,3066
20210718,1호선,세마,1198,1177,2375
20210718,1호선,소사,3758,3586,7344
20210718,1호선,소요산,4159,3643,7802
20210718,1호선,송내,9180,9115,18295
20210718,1호선,송탄,2596,2882,5478
20210718,1호선,수원,23322,22104,45426
20210718,1호선,시청,4502,4310,8812
20210718,1호선,신길,3519,3026,6545
20210718,1호선,신도림,1460,1549,3009
20210718,1호선,신설동,5292,5342,10634
20210718,1호선,신이문,3580,3264,6844
20210718,1호선,신창,759,826,1585
20210718,1호선,쌍용,824,826,1650
20210718,1호선,아산,2152,1480,3632
20210718,1호선,안양,9423,9197,18620
20210718,1호선,양주,3485,3496,6981
20210718,1호선,역곡,10012,10121,20133
20210718,1호선,영등포,21894,20625,42519
20210718,1호선,영종,1634,1624,3258
20210718,1호선,오류동,4680,4577,9257
20210718,1호선,오산,5856,6338,12194
20210718,1호선,오산대,1529,1578,3107
20210718,1호선,옥수,50,11,61
20210718,1호선,온수,2460,2390,4850
20210718,1호선,온양온천,2478,2524,5002
20210718,1호선,왕십리,6538,7813,14351
20210718,1호선,외대앞,3146,3214,6360
20210718,1호선,용산,22322,18834,41156
20210718,1호선,운서,3795,4082,7877
20210718,1호선,월계,2669,2537,5206
20210718,1호선,응봉,771,724,1495
20210718,1호선,의왕,2947,3074,6021
20210718,1호선,의정부,9942,10043,19985
20210718,1호선,이촌,1415,1129,2544
20210718,1호선,인천,2674,2190,4864
20210718,1호선,인천공항1터미널,2919,2968,5887
20210718,1호선,인천공항2터미널,1791,1720,3511
20210718,1호선,제기동,6770,7164,13934
20210718,1호선,제물포,3849,3823,7672
20210718,1호선,종각,7638,7222,14860
20210718,1호선,종로3가,9246,8494,17740
20210718,1호선,종로5가,5401,5703,11104
20210718,1호선,주안,8452,7289,15741
20210718,1호선,중동,3386,3206,6592
20210718,1호선,지행,3039,2940,5979
20210718,1호선,직산,416,470,886
20210718,1호선,진위,513,550,1063
20210718,1호선,창동,1,0,1
20210718,1호선,천안,4924,4533,9457
20210718,1호선,청라국제도시,2236,2086,4322
20210718,1호선,청량리,20554,19137,39691
20210718,1호선,평택,8194,8417,16611
20210718,1호선,평택지제,1757,1562,3319
20210718,1호선,한남,1446,1484,2930
20210718,1호선,홍대입구,5385,5329,10714
20210718,1호선,화서,2599,2580,5179
20210718,1호선,회룡,5065,5150,10215
20210724,1호선,가능,3914,3708,7622
20210724,1호선,가산디지털단지,4572,6226,10798
20210724,1호선,간석,3230,3106,6336
20210724,1호선,개봉,12109,12145,24254
20210724,1호선,검암,3249,3320,6569
20210724,1호선,계양,4724,4481,9205
20210724,1호선,공덕,1053,1371,2424
20210724,1호선,공항화물청사,1246,1241,2487
20210724,1호선,관악,4130,4059,8189
20210724,1호선,광명,1586,1629,3215
20210724,1호선,광운대,4226,4045,8271
20210724,1호선,구로,9629,10257,19886
20210724,1호선,구일,3282,3096,6378
20210724,1호선,군포,3377,3048,6425
20210724,1호선,금정,13376,13733,27109
20210724,1호선,금천구청,5745,6285,12030
20210724,1호선,김포공항,8780,4893,13673
20210724,1호선,남영,3858,3720,7578
20210724,1호선,노량진,5823,5468,11291
20210724,1호선,녹양,2555,2435,4990
20210724,1호선,녹천,2515,2100,4615
20210724,1호선,당정,2889,2740,5629
20210724,1호선,대방,5552,5810,11362
20210724,1호선,덕계,1670,1516,3186
20210724,1호선,덕정,3292,3110,6402
20210724,1호선,도봉,3421,3217,6638
20210724,1호선,도봉산,6213,4722,10935
20210724,1호선,도원,1453,1517,2970
20210724,1호선,도화,2469,2337,4806
20210724,1호선,독산,6282,6518,12800
20210724,1호선,동대문,8020,7331,15351
20210724,1호선,동두천,1391,1695,3086
20210724,1호선,동두천중앙,1912,1978,3890
20210724,1호선,동묘앞,7698,7735,15433
20210724,1호선,동암,9233,9527,18760
20210724,1호선,동인천,8841,8656,17497
20210724,1호선,두정,4156,4366,8522
20210724,1호선,디지털미디어시티,3402,3189,6591
20210724,1호선,마곡나루,2000,2175,4175
20210724,1호선,망월사,4409,4398,8807
20210724,1호선,명학,4048,3898,7946
20210724,1호선,방학,5814,5583,11397
20210724,1호선,배방,718,659,1377
20210724,1호선,백운,4065,3968,8033
20210724,1호선,병점,8817,8667,17484
20210724,1호선,보산,1034,1064,2098
20210724,1호선,봉명,585,527,1112
20210724,1호선,부개,4718,4446,9164
20210724,1호선,부천,21786,22367,44153
20210724,1호선,부평,21622,23323,44945
20210724,1호선,서동탄,761,803,1564
20210724,1호선,서빙고,956,822,1778
20210724,1호선,서울,25497,24076,49573
20210724,1호선,서정리,4591,3843,8434
20210724,1호선,석계,4858,5037,9895
20210724,1호선,석수,5154,4816,9970
20210724,1호선,성균관대,7254,7281,14535
20210724,1호선,성환,2159,2057,4216
20210724,1호선,세류,1997,1990,3987
20210724,1호선,세마,1508,1377,2885
20210724,1호선,소사,4980,4910,9890
20210724,1호선,소요산,4061,3680,7741
20210724,1호선,송내,12967,12948,25915
20210724,1호선,송탄,3430,3226,6656
20210724,1호선,수원,26049,27781,53830
20210724,1호선,시청,6466,6176,12642
20210724,1호선,신길,4637,3854,8491
20210724,1호선,신도림,1951,1929,3880
20210724,1호선,신설동,7044,6553,13597
20210724,1호선,신이문,4774,4251,9025
20210724,1호선,신창,884,838,1722
20210724,1호선,쌍용,1127,1037,2164
20210724,1호선,아산,1960,1908,3868
20210724,1호선,안양,12739,13263,26002
20210724,1호선,양주,4695,4522,9217
20210724,1호선,역곡,14384,14587,28971
20210724,1호선,영등포,26401,27568,53969
20210724,1호선,영종,2023,2156,4179
20210724,1호선,오류동,7051,6379,13430
20210724,1호선,오산,6834,6574,13408
20210724,1호선,오산대,1917,1799,3716
20210724,1호선,옥수,37,34,71
20210724,1호선,온수,3633,3261,6894
20210724,1호선,온양온천,3546,3629,7175
20210724,1호선,왕십리,8762,10298,19060
20210724,1호선,외대앞,4090,4048,8138
20210724,1호선,용산,21101,24380,45481
20210724,1호선,운서,4471,4584,9055
20210724,1호선,월계,3689,3371,7060
20210724,1호선,응봉,1002,808,1810
20210724,1호선,의왕,4315,4324,8639
20210724,1호선,의정부,12790,13405,26195
20210724,1호선,이촌,2107,1618,3725
20210724,1호선,인천,3046,2516,5562
20210724,1호선,인천공항1터미널,3410,3354,6764
20210724,1호선,인천공항2터미널,2269,2120,4389
20210724,1호선,제기동,10643,10602,21245
20210724,1호선,제물포,5196,5233,10429
20210724,1호선,종각,11376,10998,22374
20210724,1호선,종로3가,14941,14142,29083
20210724,1호선,종로5가,12106,12087,24193
20210724,1호선,주안,11261,10020,21281
20210724,1호선,중동,4780,4603,9383
20210724,1호선,지행,3908,4016,7924
20210724,1호선,직산,507,477,984
20210724,1호선,진위,775,674,1449
20210724,1호선,천안,4939,5222,10161
20210724,1호선,청라국제도시,2814,2674,5488
20210724,1호선,청량리,24548,26315,50863
20210724,1호선,평택,9654,9384,19038
20210724,1호선,평택지제,2094,1976,4070
20210724,1호선,한남,2107,1945,4052
20210724,1호선,홍대입구,6766,6454,13220
20210724,1호선,화서,3548,3608,7156
20210724,1호선,회룡,6880,7073,13953
20210725,1호선,가능,2861,2763,5624
20210725,1호선,가산디지털단지,3074,4482,7556
20210725,1호선,간석,2267,2170,4437
20210725,1호선,개봉,7828,7992,15820
20210725,1호선,검암,2446,2541,4987
20210725,1호선,계양,3297,3298,6595
20210725,1호선,공덕,798,1059,1857
20210725,1호선,공항화물청사,941,980,1921
20210725,1호선,관악,3162,3038,6200
20210725,1호선,광명,1721,1130,2851
20210725,1호선,광운대,2977,2891,5868
20210725,1호선,구로,6560,6604,13164
20210725,1호선,구일,2106,2120,4226
20210725,1호선,군포,2206,2105,4311
20210725,1호선,금정,9355,9779,19134
20210725,1호선,금천구청,4220,4169,8389
20210725,1호선,김포공항,10291,4705,14996
20210725,1호선,남영,2664,3005,5669
20210725,1호선,노량진,3875,3626,7501
20210725,1호선,녹양,1803,1824,3627
20210725,1호선,녹천,2012,1682,3694
20210725,1호선,당정,1895,1943,3838
20210725,1호선,대방,3796,4109,7905
20210725,1호선,덕계,1174,1105,2279
20210725,1호선,덕정,2337,2354,4691
20210725,1호선,도봉,2492,2338,4830
20210725,1호선,도봉산,5773,4539,10312
20210725,1호선,도원,1010,1054,2064
20210725,1호선,도화,1641,1553,3194
20210725,1호선,독산,3973,4174,8147
20210725,1호선,동대문,6082,6636,12718
20210725,1호선,동두천,1148,1321,2469
20210725,1호선,동두천중앙,1699,1603,3302
20210725,1호선,동묘앞,8210,7968,16178
20210725,1호선,동암,6650,6641,13291
20210725,1호선,동인천,6561,6363,12924
20210725,1호선,두정,3724,3716,7440
20210725,1호선,디지털미디어시티,2396,2580,4976
20210725,1호선,마곡나루,1361,1491,2852
20210725,1호선,망월사,3166,3221,6387
20210725,1호선,명학,2348,2314,4662
20210725,1호선,방학,3905,3783,7688
20210725,1호선,배방,570,618,1188
20210725,1호선,백운,2586,2580,5166
20210725,1호선,병점,6276,6934,13210
20210725,1호선,보산,921,846,1767
20210725,1호선,봉명,437,426,863
20210725,1호선,부개,3289,3113,6402
20210725,1호선,부천,15066,14787,29853
20210725,1호선,부평,16180,16484,32664
20210725,1호선,서동탄,493,503,996
20210725,1호선,서빙고,691,652,1343
20210725,1호선,서울,25457,18441,43898
20210725,1호선,서정리,2921,4092,7013
20210725,1호선,석계,3277,3708,6985
20210725,1호선,석수,3421,3279,6700
20210725,1호선,성균관대,5113,5501,10614
20210725,1호선,성환,1672,1973,3645
20210725,1호선,세류,1461,1542,3003
20210725,1호선,세마,1130,1069,2199
20210725,1호선,소사,3555,3458,7013
20210725,1호선,소요산,4292,3812,8104
20210725,1호선,송내,8890,8761,17651
20210725,1호선,송탄,2574,2877,5451
20210725,1호선,수원,23067,21794,44861
20210725,1호선,시청,4563,4450,9013
20210725,1호선,신길,3367,2934,6301
20210725,1호선,신도림,1335,1475,2810
20210725,1호선,신설동,4908,4933,9841
20210725,1호선,신이문,3353,3254,6607
20210725,1호선,신창,820,902,1722
20210725,1호선,쌍용,838,831,1669
20210725,1호선,아산,2030,1481,3511
20210725,1호선,안양,9454,9283,18737
20210725,1호선,양주,3414,3387,6801
20210725,1호선,역곡,9555,9538,19093
20210725,1호선,영등포,21861,20681,42542
20210725,1호선,영종,1600,1696,3296
20210725,1호선,오류동,4528,4340,8868
20210725,1호선,오산,5486,5855,11341
20210725,1호선,오산대,1479,1487,2966
20210725,1호선,옥수,52,17,69
20210725,1호선,온수,2333,2227,4560
20210725,1호선,온양온천,2392,2465,4857
20210725,1호선,왕십리,6031,7179,13210
20210725,1호선,외대앞,3125,3177,6302
20210725,1호선,용산,21124,17773,38897
20210725,1호선,운서,3683,4021,7704
20210725,1호선,월계,2437,2328,4765
20210725,1호선,응봉,725,703,1428
20210725,1호선,의왕,2817,2884,5701
20210725,1호선,의정부,9609,9546,19155
20210725,1호선,이촌,1394,1185,2579
20210725,1호선,인천,2718,2143,4861
20210725,1호선,인천공항1터미널,3296,3297,6593
20210725,1호선,인천공항2터미널,2274,2145,4419
20210725,1호선,제기동,6541,6813,13354
20210725,1호선,제물포,3851,3622,7473
20210725,1호선,종각,7803,7279,15082
20210725,1호선,종로3가,9222,8528,17750
20210725,1호선,종로5가,5403,5566,10969
20210725,1호선,주안,8100,7243,15343
20210725,1호선,중동,3305,3080,6385
20210725,1호선,지행,2919,2887,5806
20210725,1호선,직산,382,424,806
20210725,1호선,진위,542,584,1126
20210725,1호선,창동,1,0,1
20210725,1호선,천안,4947,4591,9538
20210725,1호선,청라국제도시,2209,2105,4314
20210725,1호선,청량리,20000,18817,38817
20210725,1호선,평택,8094,8410,16504
20210725,1호선,평택지제,1643,1454,3097
20210725,1호선,한남,1450,1454,2904
20210725,1호선,홍대입구,5193,5113,10306
20210725,1호선,화서,2507,2420,4927
20210725,1호선,회룡,4963,5003,9966
20210731,1호선,가능,3838,3761,7599
20210731,1호선,가산디지털단지,4431,5929,10360
20210731,1호선,간석,3201,3058,6259
20210731,1호선,개봉,12071,11928,23999
20210731,1호선,검암,3244,3310,6554
20210731,1호선,계양,4779,4425,9204
20210731,1호선,공덕,1019,1389,2408
20210731,1호선,공항화물청사,1180,1231,2411
20210731,1호선,관악,4090,3864,7954
20210731,1호선,광명,1615,1730,3345
20210731,1호선,광운대,4080,4004,8084
20210731,1호선,구로,9372,9357,18729
20210731,1호선,구일,2998,2876,5874
20210731,1호선,군포,3162,2820,5982
20210731,1호선,금정,13239,13047,26286
20210731,1호선,금천구청,5691,5656,11347
20210731,1호선,김포공항,9019,5161,14180
20210731,1호선,남영,4111,4147,8258
20210731,1호선,노량진,5581,5040,10621
20210731,1호선,녹양,2556,2498,5054
20210731,1호선,녹천,2718,2172,4890
20210731,1호선,당정,2832,2622,5454
20210731,1호선,대방,5475,5455,10930
20210731,1호선,덕계,1649,1518,3167
20210731,1호선,덕정,3329,3073,6402
20210731,1호선,도봉,3401,3289,6690
20210731,1호선,도봉산,6530,4442,10972
20210731,1호선,도원,1506,1506,3012
20210731,1호선,도화,2299,2135,4434
20210731,1호선,독산,6260,6400,12660
20210731,1호선,동대문,8281,7525,15806
20210731,1호선,동두천,1302,1584,2886
20210731,1호선,동두천중앙,1962,2067,4029
20210731,1호선,동묘앞,8406,8450,16856
20210731,1호선,동암,9064,9333,18397
20210731,1호선,동인천,8775,8778,17553
20210731,1호선,두정,3831,3829,7660
20210731,1호선,디지털미디어시티,3373,3248,6621
20210731,1호선,마곡나루,2005,2125,4130
20210731,1호선,망월사,4203,4204,8407
20210731,1호선,명학,3595,3304,6899
20210731,1호선,방학,5657,5479,11136
20210731,1호선,배방,675,651,1326
20210731,1호선,백운,3958,4018,7976
20210731,1호선,병점,8439,8525,16964
20210731,1호선,보산,1010,1079,2089
20210731,1호선,봉명,544,486,1030
20210731,1호선,부개,4642,4336,8978
20210731,1호선,부천,21677,22039,43716
20210731,1호선,부평,21769,23652,45421
20210731,1호선,서동탄,676,664,1340
20210731,1호선,서빙고,972,824,1796
20210731,1호선,서울,27181,26897,54078
20210731,1호선,서정리,4557,3880,8437
20210731,1호선,석계,4819,5280,10099
20210731,1호선,석수,4777,4445,9222
20210731,1호선,성균관대,6834,6795,13629
20210731,1호선,성환,2238,2131,4369
20210731,1호선,세류,1802,1895,3697
20210731,1호선,세마,1482,1352,2834
20210731,1호선,소사,4828,4950,9778
20210731,1호선,소요산,3635,3317,6952
20210731,1호선,송내,12490,12518,25008
20210731,1호선,송탄,3394,3104,6498
20210731,1호선,수원,26469,28685,55154
20210731,1호선,시청,6485,6295,12780
20210731,1호선,신길,4456,3670,8126
20210731,1호선,신도림,1859,1936,3795
20210731,1호선,신설동,6924,6511,13435
20210731,1호선,신이문,4666,4313,8979
20210731,1호선,신창,928,798,1726
20210731,1호선,쌍용,1051,885,1936
20210731,1호선,아산,1882,1963,3845
20210731,1호선,안양,12497,12796,25293
20210731,1호선,양주,4636,4491,9127
20210731,1호선,역곡,14440,14386,28826
20210731,1호선,영등포,26525,28231,54756
20210731,1호선,영종,2113,2124,4237
20210731,1호선,오류동,6827,6320,13147
20210731,1호선,오산,7206,6573,13779
20210731,1호선,오산대,1795,1697,3492
20210731,1호선,옥수,39,26,65
20210731,1호선,온수,3565,3245,6810
20210731,1호선,온양온천,2776,2895,5671
20210731,1호선,왕십리,8678,9916,18594
20210731,1호선,외대앞,4261,4279,8540
20210731,1호선,용산,22193,25368,47561
20210731,1호선,운서,4477,4662,9139
20210731,1호선,월계,3432,3226,6658
20210731,1호선,응봉,944,789,1733
20210731,1호선,의왕,4030,3997,8027
20210731,1호선,의정부,12677,13148,25825
20210731,1호선,이촌,2175,1649,3824
20210731,1호선,인천,3196,2729,5925
20210731,1호선,인천공항1터미널,3830,3917,7747
20210731,1호선,인천공항2터미널,2473,2274,4747
20210731,1호선,제기동,10915,11221,22136
20210731,1호선,제물포,5163,5119,10282
20210731,1호선,종각,11641,11197,22838
20210731,1호선,종로3가,14374,13432,27806
20210731,1호선,종로5가,12038,11951,23989
20210731,1호선,주안,10990,9875,20865
20210731,1호선,중동,4758,4519,9277
20210731,1호선,지행,3828,3810,7638
20210731,1호선,직산,493,478,971
20210731,1호선,진위,731,663,1394
20210731,1호선,천안,4873,5275,10148
20210731,1호선,청라국제도시,2860,2784,5644
20210731,1호선,청량리,25074,27138,52212
20210731,1호선,평택,9885,9687,19572
20210731,1호선,평택지제,2049,2023,4072
20210731,1호선,한남,2127,2033,4160
20210731,1호선,홍대입구,7347,6874,14221
20210731,1호선,화서,3370,3328,6698
20210731,1호선,회룡,6891,6963,13854
20210801,1호선,가능,2824,2642,5466
20210801,1호선,가산디지털단지,3164,4650,7814
20210801,1호선,간석,2231,2143,4374
20210801,1호선,개봉,8027,8227,16254
20210801,1호선,검암,2409,2528,4937
20210801,1호선,계양,3344,3302,6646
20210801,1호선,공덕,828,1087,1915
20210801,1호선,공항화물청사,844,934,1778
20210801,1호선,관악,2952,2880,5832
20210801,1호선,광명,1817,1252,3069
20210801,1호선,광운대,2984,3005,5989
20210801,1호선,구로,6476,6637,13113
20210801,1호선,구일,2017,2007,4024
20210801,1호선,군포,2054,2007,4061
20210801,1호선,금정,9170,9678,18848
20210801,1호선,금천구청,4052,4125,8177
20210801,1호선,김포공항,10177,4875,15052
20210801,1호선,남영,2574,2923,5497
20210801,1호선,노량진,3735,3776,7511
20210801,1호선,녹양,1796,1745,3541
20210801,1호선,녹천,1755,1526,3281
20210801,1호선,당정,2085,2025,4110
20210801,1호선,대방,3804,4153,7957
20210801,1호선,덕계,1136,1110,2246
20210801,1호선,덕정,2287,2235,4522
20210801,1호선,도봉,2463,2371,4834
20210801,1호선,도봉산,5676,3875,9551
20210801,1호선,도원,1010,1064,2074
20210801,1호선,도화,1668,1516,3184
20210801,1호선,독산,4121,4161,8282
20210801,1호선,동대문,6247,6718,12965
20210801,1호선,동두천,1061,1242,2303
20210801,1호선,동두천중앙,1572,1477,3049
20210801,1호선,동묘앞,7760,7771,15531
20210801,1호선,동암,6736,6712,13448
20210801,1호선,동인천,6501,6241,12742
20210801,1호선,두정,3356,3392,6748
20210801,1호선,디지털미디어시티,2513,2565,5078
20210801,1호선,마곡나루,1209,1303,2512
20210801,1호선,망월사,3015,3091,6106
20210801,1호선,명학,2274,2177,4451
20210801,1호선,방학,3846,3778,7624
20210801,1호선,배방,554,614,1168
20210801,1호선,백운,2680,2674,5354
20210801,1호선,병점,6261,6833,13094
20210801,1호선,보산,908,837,1745
20210801,1호선,봉명,369,369,738
20210801,1호선,부개,3254,3004,6258
20210801,1호선,부천,15938,15563,31501
20210801,1호선,부평,16162,16546,32708
20210801,1호선,서동탄,494,580,1074
20210801,1호선,서빙고,665,659,1324
20210801,1호선,서울,27540,20673,48213
20210801,1호선,서정리,2910,4180,7090
20210801,1호선,석계,3393,3905,7298
20210801,1호선,석수,3229,3178,6407
20210801,1호선,성균관대,4966,5292,10258
20210801,1호선,성환,1870,1831,3701
20210801,1호선,세류,1446,1432,2878
20210801,1호선,세마,1123,1061,2184
20210801,1호선,소사,3578,3435,7013
20210801,1호선,소요산,3392,2902,6294
20210801,1호선,송내,8823,8661,17484
20210801,1호선,송탄,2601,2843,5444
20210801,1호선,수원,23297,22449,45746
20210801,1호선,시청,4436,4308,8744
20210801,1호선,신길,3234,2888,6122
20210801,1호선,신도림,1219,1297,2516
20210801,1호선,신설동,4833,4972,9805
20210801,1호선,신이문,3374,3198,6572
20210801,1호선,신창,762,716,1478
20210801,1호선,쌍용,801,787,1588
20210801,1호선,아산,1950,1505,3455
20210801,1호선,안양,9075,8912,17987
20210801,1호선,양주,3411,3235,6646
20210801,1호선,역곡,9603,9606,19209
20210801,1호선,영등포,21952,21033,42985
20210801,1호선,영종,1598,1585,3183
20210801,1호선,오류동,4643,4334,8977
20210801,1호선,오산,5611,5821,11432
20210801,1호선,오산대,1377,1343,2720
20210801,1호선,옥수,49,18,67
20210801,1호선,온수,2304,2158,4462
20210801,1호선,온양온천,2468,2310,4778
20210801,1호선,왕십리,6525,7535,14060
20210801,1호선,외대앞,3105,3138,6243
20210801,1호선,용산,23032,19322,42354
20210801,1호선,운서,3612,3863,7475
20210801,1호선,월계,2629,2453,5082
20210801,1호선,응봉,681,623,1304
20210801,1호선,의왕,2786,2802,5588
20210801,1호선,의정부,9570,9552,19122
20210801,1호선,이촌,1281,1107,2388
20210801,1호선,인천,2698,2118,4816
20210801,1호선,인천공항1터미널,3063,3136,6199
20210801,1호선,인천공항2터미널,2176,2058,4234
20210801,1호선,제기동,6581,7113,13694
20210801,1호선,제물포,3569,3453,7022
20210801,1호선,종각,7972,7438,15410
20210801,1호선,종로3가,8999,8604,17603
20210801,1호선,종로5가,5528,5629,11157
20210801,1호선,주안,8138,7264,15402
20210801,1호선,중동,3412,3144,6556
20210801,1호선,지행,2699,2777,5476
20210801,1호선,직산,400,389,789
20210801,1호선,진위,529,486,1015
20210801,1호선,천안,4801,4299,9100
20210801,1호선,청라국제도시,2133,2067,4200
20210801,1호선,청량리,20888,19397,40285
20210801,1호선,평택,8426,8632,17058
20210801,1호선,평택지제,1630,1468,3098
20210801,1호선,한남,1412,1412,2824
20210801,1호선,홍대입구,5472,5283,10755
20210801,1호선,화서,2437,2377,4814
20210801,1호선,회룡,4918,4779,9697
20210807,1호선,가능,4142,4040,8182
20210807,1호선,가산디지털단지,4585,6201,10786
20210807,1호선,간석,3392,3225,6617
20210807,1호선,개봉,12659,12452,25111
20210807,1호선,검암,3432,3447,6879
20210807,1호선,계양,4826,4752,9578
20210807,1호선,공덕,1120,1527,2647
20210807,1호선,공항화물청사,1231,1289,2520
20210807,1호선,관악,4342,4269,8611
20210807,1호선,광명,1738,1673,3411
20210807,1호선,광운대,4399,4360,8759
20210807,1호선,구로,9919,10163,20082
20210807,1호선,구일,3117,2998,6115
20210807,1호선,군포,3338,3079,6417
20210807,1호선,금정,13792,13769,27561
20210807,1호선,금천구청,6271,6347,12618
20210807,1호선,김포공항,9148,5171,14319
20210807,1호선,남영,4203,4314,8517
20210807,1호선,노량진,5865,5025,10890
20210807,1호선,녹양,2728,2694,5422
20210807,1호선,녹천,2710,2260,4970
20210807,1호선,당정,2909,2883,5792
20210807,1호선,대방,5973,5929,11902
20210807,1호선,덕계,1812,1697,3509
20210807,1호선,덕정,3391,3272,6663
20210807,1호선,도봉,3624,3390,7014
20210807,1호선,도봉산,7304,5007,12311
20210807,1호선,도원,1682,1687,3369
20210807,1호선,도화,2391,2236,4627
20210807,1호선,독산,6785,6888,13673
20210807,1호선,동대문,8329,7627,15956
20210807,1호선,동두천,1388,1823,3211
20210807,1호선,동두천중앙,2029,2076,4105
20210807,1호선,동묘앞,8839,8860,17699
20210807,1호선,동암,9767,9953,19720
20210807,1호선,동인천,9265,9262,18527
20210807,1호선,두정,3987,4060,8047
20210807,1호선,디지털미디어시티,3788,3509,7297
20210807,1호선,마곡나루,2001,2150,4151
20210807,1호선,망월사,4659,4680,9339
20210807,1호선,명학,3678,3579,7257
20210807,1호선,방학,6180,6009,12189
20210807,1호선,배방,698,721,1419
20210807,1호선,백운,4085,4156,8241
20210807,1호선,병점,8734,8794,17528
20210807,1호선,보산,1066,1103,2169
20210807,1호선,봉명,546,524,1070
20210807,1호선,부개,4947,4715,9662
20210807,1호선,부천,22687,23531,46218
20210807,1호선,부평,22315,24080,46395
20210807,1호선,서동탄,753,777,1530
20210807,1호선,서빙고,1061,923,1984
20210807,1호선,서울,27541,25970,53511
20210807,1호선,서정리,4827,4202,9029
20210807,1호선,석계,5074,5355,10429
20210807,1호선,석수,5119,4755,9874
20210807,1호선,성균관대,7257,7440,14697
20210807,1호선,성환,2165,2091,4256
20210807,1호선,세류,1777,1835,3612
20210807,1호선,세마,1548,1467,3015
20210807,1호선,소사,5211,5084,10295
20210807,1호선,소요산,3898,3574,7472
20210807,1호선,송내,13477,13483,26960
20210807,1호선,송탄,3471,3137,6608
20210807,1호선,수원,26720,28467,55187
20210807,1호선,시청,6752,6536,13288
20210807,1호선,신길,4854,3916,8770
20210807,1호선,신도림,2015,2036,4051
20210807,1호선,신설동,7148,6862,14010
20210807,1호선,신이문,4910,4536,9446
20210807,1호선,신창,820,800,1620
20210807,1호선,쌍용,1064,977,2041
20210807,1호선,아산,2057,1832,3889
20210807,1호선,안양,13371,13508,26879
20210807,1호선,양주,4943,4755,9698
20210807,1호선,역곡,15347,15394,30741
20210807,1호선,영등포,27389,28264,55653
20210807,1호선,영종,2289,2328,4617
20210807,1호선,오류동,7151,6636,13787
20210807,1호선,오산,7026,6770,13796
20210807,1호선,오산대,2007,1824,3831
20210807,1호선,옥수,27,39,66
20210807,1호선,온수,3783,3385,7168
20210807,1호선,온양온천,2728,2840,5568
20210807,1호선,왕십리,9121,10951,20072
20210807,1호선,외대앞,4531,4332,8863
20210807,1호선,용산,23233,25445,48678
20210807,1호선,운서,4654,5023,9677
20210807,1호선,월계,3653,3461,7114
20210807,1호선,응봉,1056,882,1938
20210807,1호선,의왕,4516,4332,8848
20210807,1호선,의정부,13451,14064,27515
20210807,1호선,이촌,2268,1704,3972
20210807,1호선,인천,3439,2991,6430
20210807,1호선,인천공항1터미널,3533,3528,7061
20210807,1호선,인천공항2터미널,2240,2138,4378
20210807,1호선,제기동,11822,12088,23910
20210807,1호선,제물포,5468,5367,10835
20210807,1호선,종각,12454,11943,24397
20210807,1호선,종로3가,16339,15198,31537
20210807,1호선,종로5가,13620,13507,27127
20210807,1호선,주안,11671,10645,22316
20210807,1호선,중동,5137,5007,10144
20210807,1호선,지행,4307,4229,8536
20210807,1호선,직산,488,475,963
20210807,1호선,진위,775,700,1475
20210807,1호선,천안,4737,5207,9944
20210807,1호선,청라국제도시,3114,3062,6176
20210807,1호선,청량리,26103,27924,54027
20210807,1호선,평택,9760,9575,19335
20210807,1호선,평택지제,2186,2044,4230
20210807,1호선,한남,2181,2065,4246
20210807,1호선,홍대입구,8021,7811,15832
20210807,1호선,화서,3645,3711,7356
20210807,1호선,회룡,7565,7577,15142
20210808,1호선,가능,3061,2917,5978
20210808,1호선,가산디지털단지,3282,4619,7901
20210808,1호선,간석,2305,2198,4503
20210808,1호선,개봉,8553,8819,17372
20210808,1호선,검암,2610,2668,5278
20210808,1호선,계양,3534,3655,7189
20210808,1호선,공덕,816,1097,1913
20210808,1호선,공항화물청사,892,965,1857
20210808,1호선,관악,3456,3215,6671
20210808,1호선,광명,1809,1275,3084
20210808,1호선,광운대,3123,3126,6249
20210808,1호선,구로,6832,6870,13702
20210808,1호선,구일,2228,2201,4429
20210808,1호선,군포,2212,2170,4382
20210808,1호선,금정,9632,10099,19731
20210808,1호선,금천구청,4449,4497,8946
20210808,1호선,김포공항,10303,5197,15500
20210808,1호선,남영,2761,3013,5774
20210808,1호선,노량진,3760,3608,7368
20210808,1호선,녹양,1987,1968,3955
20210808,1호선,녹천,2033,1734,3767
20210808,1호선,당정,2206,2171,4377
20210808,1호선,대방,3881,4310,8191
20210808,1호선,덕계,1186,1183,2369
20210808,1호선,덕정,2429,2527,4956
20210808,1호선,도봉,2600,2492,5092
20210808,1호선,도봉산,6799,4641,11440
20210808,1호선,도원,1130,1156,2286
20210808,1호선,도화,1773,1651,3424
20210808,1호선,독산,4359,4377,8736
20210808,1호선,동대문,6455,6300,12755
20210808,1호선,동두천,1063,1304,2367
20210808,1호선,동두천중앙,1675,1573,3248
20210808,1호선,동묘앞,9241,9027,18268
20210808,1호선,동암,6977,6932,13909
20210808,1호선,동인천,6961,6648,13609
20210808,1호선,두정,3448,3536,6984
20210808,1호선,디지털미디어시티,2633,2695,5328
20210808,1호선,마곡나루,1451,1577,3028
20210808,1호선,망월사,3382,3419,6801
20210808,1호선,명학,2383,2394,4777
20210808,1호선,방학,4139,4092,8231
20210808,1호선,배방,562,637,1199
20210808,1호선,백운,2854,2928,5782
20210808,1호선,병점,6593,7288,13881
20210808,1호선,보산,966,908,1874
20210808,1호선,봉명,406,403,809
20210808,1호선,부개,3520,3351,6871
20210808,1호선,부천,15947,15763,31710
20210808,1호선,부평,16525,16861,33386
20210808,1호선,서동탄,578,560,1138
20210808,1호선,서빙고,663,650,1313
20210808,1호선,서울,27722,20299,48021
20210808,1호선,서정리,3079,4333,7412
20210808,1호선,석계,3602,3992,7594
20210808,1호선,석수,3821,3638,7459
20210808,1호선,성균관대,5387,5741,11128
20210808,1호선,성환,1725,1975,3700
20210808,1호선,세류,1477,1520,2997
20210808,1호선,세마,1218,1126,2344
20210808,1호선,소사,3724,3673,7397
20210808,1호선,소요산,4008,3457,7465
20210808,1호선,송내,9330,9232,18562
20210808,1호선,송탄,2635,2908,5543
20210808,1호선,수원,23709,22799,46508
20210808,1호선,시청,4921,4584,9505
20210808,1호선,신길,3455,3128,6583
20210808,1호선,신도림,1374,1465,2839
20210808,1호선,신설동,5339,5405,10744
20210808,1호선,신이문,3571,3416,6987
20210808,1호선,신창,740,779,1519
20210808,1호선,쌍용,842,856,1698
20210808,1호선,아산,2081,1378,3459
20210808,1호선,안양,10017,9680,19697
20210808,1호선,양주,3841,3789,7630
20210808,1호선,역곡,10384,10198,20582
20210808,1호선,영등포,22387,21280,43667
20210808,1호선,영종,1791,1872,3663
20210808,1호선,오류동,4869,4683,9552
20210808,1호선,오산,5765,6297,12062
20210808,1호선,오산대,1545,1554,3099
20210808,1호선,옥수,43,16,59
20210808,1호선,온수,2443,2245,4688
20210808,1호선,온양온천,2381,2452,4833
20210808,1호선,왕십리,6383,7575,13958
20210808,1호선,외대앞,3279,3311,6590
20210808,1호선,용산,23888,19844,43732
20210808,1호선,운서,3946,4132,8078
20210808,1호선,월계,2575,2420,4995
20210808,1호선,응봉,707,674,1381
20210808,1호선,의왕,2980,3062,6042
20210808,1호선,의정부,10012,10258,20270
20210808,1호선,이촌,1391,1170,2561
20210808,1호선,인천,3065,2485,5550
20210808,1호선,인천공항1터미널,3376,3301,6677
20210808,1호선,인천공항2터미널,2240,2139,4379
20210808,1호선,제기동,7235,7819,15054
20210808,1호선,제물포,3958,3838,7796
20210808,1호선,종각,8768,8122,16890
20210808,1호선,종로3가,9967,9205,19172
20210808,1호선,종로5가,5996,6002,11998
20210808,1호선,주안,8707,7709,16416
20210808,1호선,중동,3508,3213,6721
20210808,1호선,지행,3027,3081,6108
20210808,1호선,직산,405,444,849
20210808,1호선,진위,515,508,1023
20210808,1호선,천안,4882,4460,9342
20210808,1호선,청라국제도시,2329,2226,4555
20210808,1호선,청량리,21236,19868,41104
20210808,1호선,평택,8288,8699,16987
20210808,1호선,평택지제,1739,1561,3300
20210808,1호선,한남,1431,1443,2874
20210808,1호선,홍대입구,6204,6203,12407
20210808,1호선,화서,2579,2537,5116
20210808,1호선,회룡,5353,5325,10678
20210814,1호선,가능,4372,4193,8565
20210814,1호선,가산디지털단지,4839,6194,11033
20210814,1호선,간석,3509,3298,6807
20210814,1호선,개봉,13076,12822,25898
20210814,1호선,검암,3680,3640,7320
20210814,1호선,계양,5259,4912,10171
20210814,1호선,공덕,1178,1561,2739
20210814,1호선,공항화물청사,1219,1202,2421
20210814,1호선,관악,4628,4483,9111
20210814,1호선,광명,1810,1872,3682
20210814,1호선,광운대,4567,4350,8917
20210814,1호선,구로,10126,10035,20161
20210814,1호선,구일,3418,3224,6642
20210814,1호선,군포,3590,3293,6883
20210814,1호선,금정,14223,14144,28367
20210814,1호선,금천구청,6445,6476,12921
20210814,1호선,김포공항,9753,5767,15520
20210814,1호선,남영,4270,4361,8631
20210814,1호선,노량진,6185,5365,11550
20210814,1호선,녹양,2738,2713,5451
20210814,1호선,녹천,2838,2350,5188
20210814,1호선,당정,3113,2987,6100
20210814,1호선,대방,6057,5940,11997
20210814,1호선,덕계,1845,1735,3580
20210814,1호선,덕정,3513,3284,6797
20210814,1호선,도봉,3866,3633,7499
20210814,1호선,도봉산,7462,5184,12646
20210814,1호선,도원,1722,1772,3494
20210814,1호선,도화,2665,2506,5171
20210814,1호선,독산,6868,6826,13694
20210814,1호선,동대문,7765,7506,15271
20210814,1호선,동두천,1352,1771,3123
20210814,1호선,동두천중앙,2022,2187,4209
20210814,1호선,동묘앞,9368,9560,18928
20210814,1호선,동암,10050,10405,20455
20210814,1호선,동인천,9633,9559,19192
20210814,1호선,두정,3679,3798,7477
20210814,1호선,디지털미디어시티,3721,3513,7234
20210814,1호선,마곡나루,2337,2458,4795
20210814,1호선,망월사,4774,4883,9657
20210814,1호선,명학,3887,3706,7593
20210814,1호선,방학,6090,5878,11968
20210814,1호선,배방,744,736,1480
20210814,1호선,백운,4485,4428,8913
20210814,1호선,병점,9492,9226,18718
20210814,1호선,보산,1189,1159,2348
20210814,1호선,봉명,591,559,1150
20210814,1호선,부개,5131,4706,9837
20210814,1호선,부천,23058,23650,46708
20210814,1호선,부평,22371,24392,46763
20210814,1호선,서동탄,783,796,1579
20210814,1호선,서빙고,1129,959,2088
20210814,1호선,서울,29864,31115,60979
20210814,1호선,서정리,5033,4279,9312
20210814,1호선,석계,5303,5489,10792
20210814,1호선,석수,5422,5004,10426
20210814,1호선,성균관대,7681,7524,15205
20210814,1호선,성환,2352,2206,4558
20210814,1호선,세류,1926,1963,3889
20210814,1호선,세마,1625,1455,3080
20210814,1호선,소사,5545,5330,10875
20210814,1호선,소요산,3780,3306,7086
20210814,1호선,송내,14019,13897,27916
20210814,1호선,송탄,3942,3556,7498
20210814,1호선,수원,27529,30301,57830
20210814,1호선,시청,5601,3452,9053
20210814,1호선,신길,5024,4123,9147
20210814,1호선,신도림,2068,2129,4197
20210814,1호선,신설동,7557,7101,14658
20210814,1호선,신이문,5103,4530,9633
20210814,1호선,신창,890,766,1656
20210814,1호선,쌍용,1287,1175,2462
20210814,1호선,아산,2082,2146,4228
20210814,1호선,안양,13843,13874,27717
20210814,1호선,양주,5224,5004,10228
20210814,1호선,역곡,15605,15469,31074
20210814,1호선,영등포,27392,29079,56471
20210814,1호선,영종,2267,2535,4802
20210814,1호선,오류동,7360,6769,14129
20210814,1호선,오산,7372,7006,14378
20210814,1호선,오산대,2145,1989,4134
20210814,1호선,옥수,32,32,64
20210814,1호선,온수,3790,3571,7361
20210814,1호선,온양온천,3615,3813,7428
20210814,1호선,왕십리,9515,10793,20308
20210814,1호선,외대앞,4550,4535,9085
20210814,1호선,용산,24667,29066,53733
20210814,1호선,운서,4879,5089,9968
20210814,1호선,월계,3669,3541,7210
20210814,1호선,응봉,1136,899,2035
20210814,1호선,의왕,4716,4618,9334
20210814,1호선,의정부,13576,14453,28029
20210814,1호선,이촌,2520,1794,4314
20210814,1호선,인천,3734,3345,7079
20210814,1호선,인천공항1터미널,3596,3582,7178
20210814,1호선,인천공항2터미널,1900,1749,3649
20210814,1호선,제기동,12330,12612,24942
20210814,1호선,제물포,5836,5755,11591
20210814,1호선,종각,13776,12412,26188
20210814,1호선,종로3가,18102,17077,35179
20210814,1호선,종로5가,13993,13791,27784
20210814,1호선,주안,12433,11048,23481
20210814,1호선,중동,5343,5012,10355
20210814,1호선,지행,4331,4339,8670
20210814,1호선,직산,533,559,1092
20210814,1호선,진위,789,687,1476
20210814,1호선,천안,4950,5465,10415
20210814,1호선,청라국제도시,3253,3068,6321
20210814,1호선,청량리,27502,30119,57621
20210814,1호선,평택,10612,10475,21087
20210814,1호선,평택지제,2397,2237,4634
20210814,1호선,한남,2401,2140,4541
20210814,1호선,홍대입구,8343,7729,16072
20210814,1호선,화서,3745,3701,7446
20210814,1호선,회룡,7801,7912,15713
20210815,1호선,가능,3282,3109,6391
20210815,1호선,가산디지털단지,3601,4875,8476
20210815,1호선,간석,2616,2504,5120
20210815,1호선,개봉,9242,9186,18428
20210815,1호선,검암,2794,2899,5693
20210815,1호선,계양,3935,4030,7965
20210815,1호선,공덕,894,1213,2107
20210815,1호선,공항화물청사,954,972,1926
20210815,1호선,관악,3725,3439,7164
20210815,1호선,광명,1588,1254,2842
20210815,1호선,광운대,3360,3456,6816
20210815,1호선,구로,7150,7201,14351
20210815,1호선,구일,2501,2418,4919
20210815,1호선,군포,2461,2268,4729
20210815,1호선,금정,10493,10771,21264
20210815,1호선,금천구청,5012,4899,9911
20210815,1호선,김포공항,9467,4911,14378
20210815,1호선,남영,3531,3613,7144
20210815,1호선,노량진,4532,3845,8377
20210815,1호선,녹양,2207,2111,4318
20210815,1호선,녹천,2020,1729,3749
20210815,1호선,당정,2325,2301,4626
20210815,1호선,대방,4239,4377,8616
20210815,1호선,덕계,1275,1248,2523
20210815,1호선,덕정,2652,2781,5433
20210815,1호선,도봉,2867,2684,5551
20210815,1호선,도봉산,7760,5480,13240
20210815,1호선,도원,1221,1316,2537
20210815,1호선,도화,1925,1791,3716
20210815,1호선,독산,4867,4764,9631
20210815,1호선,동대문,7044,7086,14130
20210815,1호선,동두천,1117,1457,2574
20210815,1호선,동두천중앙,1829,1769,3598
20210815,1호선,동묘앞,10245,10256,20501
20210815,1호선,동암,7650,7756,15406
20210815,1호선,동인천,7856,7680,15536
20210815,1호선,두정,3036,3168,6204
20210815,1호선,디지털미디어시티,2784,2787,5571
20210815,1호선,마곡나루,1657,1899,3556
20210815,1호선,망월사,3581,3836,7417
20210815,1호선,명학,2673,2558,5231
20210815,1호선,방학,4786,4649,9435
20210815,1호선,배방,613,661,1274
20210815,1호선,백운,3215,3178,6393
20210815,1호선,병점,7311,7714,15025
20210815,1호선,보산,936,968,1904
20210815,1호선,봉명,394,399,793
20210815,1호선,부개,3665,3524,7189
20210815,1호선,부천,17555,17667,35222
20210815,1호선,부평,17687,18913,36600
20210815,1호선,서동탄,618,659,1277
20210815,1호선,서빙고,891,847,1738
20210815,1호선,서울,27444,21742,49186
20210815,1호선,서정리,3410,3964,7374
20210815,1호선,석계,3874,4293,8167
20210815,1호선,석수,4168,4021,8189
20210815,1호선,성균관대,5864,6114,11978
20210815,1호선,성환,1910,1989,3899
20210815,1호선,세류,1565,1576,3141
20210815,1호선,세마,1257,1146,2403
20210815,1호선,소사,4130,3956,8086
20210815,1호선,소요산,4217,3560,7777
20210815,1호선,송내,10349,10144,20493
20210815,1호선,송탄,2904,2959,5863
20210815,1호선,수원,24475,24526,49001
20210815,1호선,시청,4851,4874,9725
20210815,1호선,신길,3745,3154,6899
20210815,1호선,신도림,1601,1620,3221
20210815,1호선,신설동,5652,5544,11196
20210815,1호선,신이문,3754,3520,7274
20210815,1호선,신창,723,755,1478
20210815,1호선,쌍용,849,815,1664
20210815,1호선,아산,1835,1560,3395
20210815,1호선,안양,10652,10512,21164
20210815,1호선,양주,3933,3931,7864
20210815,1호선,역곡,11140,11127,22267
20210815,1호선,영등포,22853,22668,45521
20210815,1호선,영종,1967,2116,4083
20210815,1호선,오류동,5147,4958,10105
20210815,1호선,오산,5854,6135,11989
20210815,1호선,오산대,1607,1555,3162
20210815,1호선,옥수,27,22,49
20210815,1호선,온수,2763,2548,5311
20210815,1호선,온양온천,2482,2463,4945
20210815,1호선,왕십리,7162,8226,15388
20210815,1호선,외대앞,3412,3410,6822
20210815,1호선,용산,23536,21517,45053
20210815,1호선,운서,4117,4408,8525
20210815,1호선,월계,3297,2951,6248
20210815,1호선,응봉,875,794,1669
20210815,1호선,의왕,3461,3375,6836
20210815,1호선,의정부,10919,11342,22261
20210815,1호선,이촌,1729,1327,3056
20210815,1호선,인천,3909,3145,7054
20210815,1호선,인천공항1터미널,3654,3565,7219
20210815,1호선,인천공항2터미널,2002,1948,3950
20210815,1호선,제기동,7666,7930,15596
20210815,1호선,제물포,4348,4263,8611
20210815,1호선,종각,9730,8618,18348
20210815,1호선,종로3가,12730,12000,24730
20210815,1호선,종로5가,7415,7130,14545
20210815,1호선,주안,9221,8357,17578
20210815,1호선,중동,3806,3563,7369
20210815,1호선,지행,3371,3224,6595
20210815,1호선,직산,413,480,893
20210815,1호선,진위,616,543,1159
20210815,1호선,천안,4657,4612,9269
20210815,1호선,청라국제도시,2454,2464,4918
20210815,1호선,청량리,22467,21614,44081
20210815,1호선,평택,8816,9034,17850
20210815,1호선,평택지제,1753,1553,3306
20210815,1호선,한남,1680,1707,3387
20210815,1호선,홍대입구,6947,6826,13773
20210815,1호선,화서,2794,2802,5596
20210815,1호선,회룡,5878,5902,11780
20210821,1호선,가능,3860,3754,7614
20210821,1호선,가산디지털단지,4351,6011,10362
20210821,1호선,간석,3184,3088,6272
20210821,1호선,개봉,11814,11801,23615
20210821,1호선,검암,3050,3152,6202
20210821,1호선,계양,4609,4372,8981
20210821,1호선,공덕,994,1422,2416
20210821,1호선,공항화물청사,1157,1174,2331
20210821,1호선,관악,3648,3661,7309
20210821,1호선,광명,1710,1587,3297
20210821,1호선,광운대,4068,4033,8101
20210821,1호선,구로,9378,9548,18926
20210821,1호선,구일,3195,3090,6285
20210821,1호선,군포,3120,2930,6050
20210821,1호선,금정,13110,13124,26234
20210821,1호선,금천구청,5594,5826,11420
20210821,1호선,김포공항,8529,4315,12844
20210821,1호선,남영,4127,4201,8328
20210821,1호선,노량진,5646,4997,10643
20210821,1호선,녹양,2530,2479,5009
20210821,1호선,녹천,2447,2142,4589
20210821,1호선,당정,2852,2776,5628
20210821,1호선,대방,5417,5518,10935
20210821,1호선,덕계,1767,1660,3427
20210821,1호선,덕정,2973,2791,5764
20210821,1호선,도봉,3425,3191,6616
20210821,1호선,도봉산,4821,3237,8058
20210821,1호선,도원,1305,1390,2695
20210821,1호선,도화,2277,2107,4384
20210821,1호선,독산,6477,6345,12822
20210821,1호선,동대문,7404,6675,14079
20210821,1호선,동두천,1214,1549,2763
20210821,1호선,동두천중앙,1815,1877,3692
20210821,1호선,동묘앞,5209,5302,10511
20210821,1호선,동암,8800,9128,17928
20210821,1호선,동인천,7772,7568,15340
20210821,1호선,두정,3353,3489,6842
20210821,1호선,디지털미디어시티,3509,3291,6800
20210821,1호선,마곡나루,2024,2158,4182
20210821,1호선,망월사,4172,4244,8416
20210821,1호선,명학,3641,3546,7187
20210821,1호선,방학,5645,5456,11101
20210821,1호선,배방,693,665,1358
20210821,1호선,백운,3849,3887,7736
20210821,1호선,병점,8663,8626,17289
20210821,1호선,보산,974,1013,1987
20210821,1호선,봉명,531,491,1022
20210821,1호선,부개,4661,4418,9079
20210821,1호선,부천,20533,21222,41755
20210821,1호선,부평,20030,21906,41936
20210821,1호선,서동탄,676,661,1337
20210821,1호선,서빙고,915,810,1725
20210821,1호선,서울,29625,28671,58296
20210821,1호선,서정리,4508,3795,8303
20210821,1호선,석계,4713,5010,9723
20210821,1호선,석수,4717,4384,9101
20210821,1호선,성균관대,7052,7182,14234
20210821,1호선,성환,2113,1957,4070
20210821,1호선,세류,1735,1737,3472
20210821,1호선,세마,1506,1409,2915
20210821,1호선,소사,4972,4967,9939
20210821,1호선,소요산,2042,1799,3841
20210821,1호선,송내,12705,12608,25313
20210821,1호선,송탄,3390,3085,6475
20210821,1호선,수원,25161,26933,52094
20210821,1호선,시청,6530,6456,12986
20210821,1호선,신길,4600,3707,8307
20210821,1호선,신도림,1838,1929,3767
20210821,1호선,신설동,6347,6154,12501
20210821,1호선,신이문,4666,4330,8996
20210821,1호선,신창,807,695,1502
20210821,1호선,쌍용,1040,926,1966
20210821,1호선,아산,1944,1848,3792
20210821,1호선,안양,12331,12535,24866
20210821,1호선,양주,4540,4249,8789
20210821,1호선,역곡,14273,14371,28644
20210821,1호선,영등포,26589,27876,54465
20210821,1호선,영종,2004,2018,4022
20210821,1호선,오류동,6687,6135,12822
20210821,1호선,오산,7060,6483,13543
20210821,1호선,오산대,1877,1773,3650
20210821,1호선,옥수,31,43,74
20210821,1호선,온수,3513,3291,6804
20210821,1호선,온양온천,2493,2592,5085
20210821,1호선,왕십리,8817,10253,19070
20210821,1호선,외대앞,4215,4079,8294
20210821,1호선,용산,22748,24534,47282
20210821,1호선,운서,4221,4326,8547
20210821,1호선,월계,3368,3146,6514
20210821,1호선,응봉,921,768,1689
20210821,1호선,의왕,4150,4091,8241
20210821,1호선,의정부,12178,12883,25061
20210821,1호선,이촌,2059,1579,3638
20210821,1호선,인천,2218,1711,3929
20210821,1호선,인천공항1터미널,2852,2827,5679
20210821,1호선,인천공항2터미널,1844,1763,3607
20210821,1호선,제기동,9758,9744,19502
20210821,1호선,제물포,5002,4936,9938
20210821,1호선,종각,11331,10912,22243
20210821,1호선,종로3가,14823,14197,29020
20210821,1호선,종로5가,12683,12676,25359
20210821,1호선,주안,11200,10123,21323
20210821,1호선,중동,4757,4712,9469
20210821,1호선,지행,3858,3807,7665
20210821,1호선,직산,429,493,922
20210821,1호선,진위,779,683,1462
20210821,1호선,천안,4390,4660,9050
20210821,1호선,청라국제도시,2939,2799,5738
20210821,1호선,청량리,23162,25084,48246
20210821,1호선,평택,9286,9071,18357
20210821,1호선,평택지제,2244,2006,4250
20210821,1호선,한남,2101,1991,4092
20210821,1호선,홍대입구,7282,7182,14464
20210821,1호선,화서,3516,3510,7026
20210821,1호선,회룡,6810,6828,13638
20210822,1호선,가능,3446,3300,6746
20210822,1호선,가산디지털단지,3733,5131,8864
20210822,1호선,간석,2607,2469,5076
20210822,1호선,개봉,9729,9612,19341
20210822,1호선,검암,2930,3034,5964
20210822,1호선,계양,4001,4014,8015
20210822,1호선,공덕,928,1189,2117
20210822,1호선,공항화물청사,941,981,1922
20210822,1호선,관악,4322,3967,8289
20210822,1호선,광명,1825,1337,3162
20210822,1호선,광운대,3539,3495,7034
20210822,1호선,구로,7538,7625,15163
20210822,1호선,구일,2584,2513,5097
20210822,1호선,군포,2446,2388,4834
20210822,1호선,금정,10917,11199,22116
20210822,1호선,금천구청,5098,5051,10149
20210822,1호선,김포공항,10239,5210,15449
20210822,1호선,남영,3429,3707,7136
20210822,1호선,노량진,4657,4245,8902
20210822,1호선,녹양,2292,2159,4451
20210822,1호선,녹천,2260,1914,4174
20210822,1호선,당정,2515,2465,4980
20210822,1호선,대방,4520,4911,9431
20210822,1호선,덕계,1419,1337,2756
20210822,1호선,덕정,2827,2776,5603
20210822,1호선,도봉,2972,2934,5906
20210822,1호선,도봉산,7319,5303,12622
20210822,1호선,도원,1340,1375,2715
20210822,1호선,도화,1965,1857,3822
20210822,1호선,독산,5067,5020,10087
20210822,1호선,동대문,7229,7784,15013
20210822,1호선,동두천,1241,1397,2638
20210822,1호선,동두천중앙,1793,1727,3520
20210822,1호선,동묘앞,10739,10843,21582
20210822,1호선,동암,7839,7821,15660
20210822,1호선,동인천,7678,7349,15027
20210822,1호선,두정,3041,3317,6358
20210822,1호선,디지털미디어시티,2871,2947,5818
20210822,1호선,마곡나루,1751,1914,3665
20210822,1호선,망월사,3783,3891,7674
20210822,1호선,명학,2774,2643,5417
20210822,1호선,방학,4860,4781,9641
20210822,1호선,배방,643,717,1360
20210822,1호선,백운,3360,3235,6595
20210822,1호선,병점,7586,8309,15895
20210822,1호선,보산,979,972,1951
20210822,1호선,봉명,415,411,826
20210822,1호선,부개,3809,3597,7406
20210822,1호선,부천,17595,17245,34840
20210822,1호선,부평,17865,18429,36294
20210822,1호선,서동탄,591,605,1196
20210822,1호선,서빙고,930,860,1790
20210822,1호선,서울,28193,22640,50833
20210822,1호선,서정리,3452,4657,8109
20210822,1호선,석계,4068,4341,8409
20210822,1호선,석수,4229,4164,8393
20210822,1호선,성균관대,6250,6422,12672
20210822,1호선,성환,1948,2169,4117
20210822,1호선,세류,1619,1676,3295
20210822,1호선,세마,1312,1265,2577
20210822,1호선,소사,4316,4134,8450
20210822,1호선,소요산,3790,3289,7079
20210822,1호선,송내,10452,10079,20531
20210822,1호선,송탄,3008,3150,6158
20210822,1호선,수원,25386,25026,50412
20210822,1호선,시청,5715,5499,11214
20210822,1호선,신길,4215,3780,7995
20210822,1호선,신도림,1687,1792,3479
20210822,1호선,신설동,6027,6027,12054
20210822,1호선,신이문,4075,3746,7821
20210822,1호선,신창,820,913,1733
20210822,1호선,쌍용,930,927,1857
20210822,1호선,아산,2093,1523,3616
20210822,1호선,안양,11180,11016,22196
20210822,1호선,양주,4261,4214,8475
20210822,1호선,역곡,11544,11415,22959
20210822,1호선,영등포,23642,22615,46257
20210822,1호선,영종,1925,1950,3875
20210822,1호선,오류동,5540,5260,10800
20210822,1호선,오산,6151,6556,12707
20210822,1호선,오산대,1683,1619,3302
20210822,1호선,옥수,51,18,69
20210822,1호선,온수,2921,2749,5670
20210822,1호선,온양온천,2671,2568,5239
20210822,1호선,왕십리,6789,7937,14726
20210822,1호선,외대앞,3584,3520,7104
20210822,1호선,용산,23032,20794,43826
20210822,1호선,운서,4032,4280,8312
20210822,1호선,월계,3137,2868,6005
20210822,1호선,응봉,897,795,1692
20210822,1호선,의왕,3479,3525,7004
20210822,1호선,의정부,11148,11323,22471
20210822,1호선,이촌,1803,1540,3343
20210822,1호선,인천,3205,2796,6001
20210822,1호선,인천공항1터미널,2966,2914,5880
20210822,1호선,인천공항2터미널,1834,1700,3534
20210822,1호선,제기동,8697,9265,17962
20210822,1호선,제물포,4405,4480,8885
20210822,1호선,종각,9965,9024,18989
20210822,1호선,종로3가,11860,10842,22702
20210822,1호선,종로5가,7088,7272,14360
20210822,1호선,주안,9936,8951,18887
20210822,1호선,중동,3983,3751,7734
20210822,1호선,지행,3557,3547,7104
20210822,1호선,직산,452,449,901
20210822,1호선,진위,593,606,1199
20210822,1호선,창동,1,0,1
20210822,1호선,천안,5177,4809,9986
20210822,1호선,청라국제도시,2560,2579,5139
20210822,1호선,청량리,22991,21899,44890
20210822,1호선,평택,9056,9510,18566
20210822,1호선,평택지제,1864,1677,3541
20210822,1호선,한남,1645,1663,3308
20210822,1호선,홍대입구,7268,6704,13972
20210822,1호선,화서,3075,2983,6058
20210822,1호선,회룡,6210,6016,12226
20210828,1호선,가능,4508,4295,8803
20210828,1호선,가산디지털단지,5370,7016,12386
20210828,1호선,간석,3858,3724,7582
20210828,1호선,개봉,14336,14201,28537
20210828,1호선,검암,4203,4230,8433
20210828,1호선,계양,5671,5469,11140
20210828,1호선,공덕,1244,1655,2899
20210828,1호선,공항화물청사,1275,1324,2599
20210828,1호선,관악,4907,4694,9601
20210828,1호선,광명,1993,1912,3905
20210828,1호선,광운대,4940,4773,9713
20210828,1호선,구로,11145,11186,22331
20210828,1호선,구일,3687,3498,7185
20210828,1호선,군포,3698,3447,7145
20210828,1호선,금정,15617,15465,31082
20210828,1호선,금천구청,7140,7207,14347
20210828,1호선,김포공항,9903,5539,15442
20210828,1호선,남영,4811,4873,9684
20210828,1호선,노량진,6860,6032,12892
20210828,1호선,녹양,3047,2968,6015
20210828,1호선,녹천,2872,2423,5295
20210828,1호선,당정,3435,3266,6701
20210828,1호선,대방,6690,6626,13316
20210828,1호선,덕계,2113,1926,4039
20210828,1호선,덕정,3718,3647,7365
20210828,1호선,도봉,4047,3779,7826
20210828,1호선,도봉산,8104,5579,13683
20210828,1호선,도원,1721,1824,3545
20210828,1호선,도화,2689,2618,5307
20210828,1호선,독산,7568,7395,14963
20210828,1호선,동대문,9620,8947,18567
20210828,1호선,동두천,1444,1893,3337
20210828,1호선,동두천중앙,2381,2391,4772
20210828,1호선,동묘앞,10706,11008,21714
20210828,1호선,동암,10756,11085,21841
20210828,1호선,동인천,10427,10240,20667
20210828,1호선,두정,3976,4022,7998
20210828,1호선,디지털미디어시티,4250,3929,8179
20210828,1호선,마곡나루,2784,2876,5660
20210828,1호선,망월사,5056,5178,10234
20210828,1호선,명학,4307,4280,8587
20210828,1호선,방학,6551,6423,12974
20210828,1호선,배방,810,790,1600
20210828,1호선,백운,4718,4634,9352
20210828,1호선,병점,10300,10138,20438
20210828,1호선,보산,2028,1780,3808
20210828,1호선,봉명,575,545,1120
20210828,1호선,부개,5590,5152,10742
20210828,1호선,부천,24925,25773,50698
20210828,1호선,부평,24736,26868,51604
20210828,1호선,서동탄,870,911,1781
20210828,1호선,서빙고,1267,1055,2322
20210828,1호선,서울,32884,30831,63715
20210828,1호선,서정리,5199,4583,9782
20210828,1호선,석계,5857,6253,12110
20210828,1호선,석수,5917,5580,11497
20210828,1호선,성균관대,8773,8908,17681
20210828,1호선,성환,2448,2367,4815
20210828,1호선,세류,1992,2140,4132
20210828,1호선,세마,1737,1607,3344
20210828,1호선,소사,6144,6023,12167
20210828,1호선,소요산,3914,3475,7389
20210828,1호선,송내,15287,15350,30637
20210828,1호선,송탄,4044,3584,7628
20210828,1호선,수원,29942,31699,61641
20210828,1호선,시청,8303,8063,16366
20210828,1호선,신길,5366,4515,9881
20210828,1호선,신도림,2480,2442,4922
20210828,1호선,신설동,8502,8076,16578
20210828,1호선,신이문,5463,5104,10567
20210828,1호선,신창,981,1054,2035
20210828,1호선,쌍용,1234,1123,2357
20210828,1호선,아산,2312,2246,4558
20210828,1호선,안양,15157,15087,30244
20210828,1호선,양주,5803,5471,11274
20210828,1호선,역곡,17224,17312,34536
20210828,1호선,영등포,29969,31369,61338
20210828,1호선,영종,2540,2613,5153
20210828,1호선,오류동,7831,7142,14973
20210828,1호선,오산,8043,7792,15835
20210828,1호선,오산대,2283,2250,4533
20210828,1호선,옥수,34,39,73
20210828,1호선,온수,4199,3874,8073
20210828,1호선,온양온천,3011,3083,6094
20210828,1호선,왕십리,10162,11601,21763
20210828,1호선,외대앞,5125,4909,10034
20210828,1호선,용산,25883,27887,53770
20210828,1호선,운서,4962,5211,10173
20210828,1호선,월계,4242,4012,8254
20210828,1호선,응봉,1230,1083,2313
20210828,1호선,의왕,5190,5185,10375
20210828,1호선,의정부,14888,15790,30678
20210828,1호선,이촌,2756,2023,4779
20210828,1호선,인천,4033,3364,7397
20210828,1호선,인천공항1터미널,3306,3341,6647
20210828,1호선,인천공항2터미널,1937,1848,3785
20210828,1호선,제기동,14864,15280,30144
20210828,1호선,제물포,6230,6204,12434
20210828,1호선,종각,14583,13710,28293
20210828,1호선,종로3가,19684,18681,38365
20210828,1호선,종로5가,15315,15426,30741
20210828,1호선,주안,13381,12169,25550
20210828,1호선,중동,5669,5332,11001
20210828,1호선,지행,5208,5112,10320
20210828,1호선,직산,560,547,1107
20210828,1호선,진위,933,847,1780
20210828,1호선,천안,5285,5496,10781
20210828,1호선,청라국제도시,3416,3421,6837
20210828,1호선,청량리,30161,32310,62471
20210828,1호선,평택,10978,10482,21460
20210828,1호선,평택지제,2370,2298,4668
20210828,1호선,한남,2586,2237,4823
20210828,1호선,홍대입구,9726,9311,19037
20210828,1호선,화서,4481,4412,8893
20210828,1호선,회룡,8609,8642,17251
20210829,1호선,가능,3416,3194,6610
20210829,1호선,가산디지털단지,3720,5300,9020
20210829,1호선,간석,2690,2558,5248
20210829,1호선,개봉,9976,9874,19850
20210829,1호선,검암,3228,3304,6532
20210829,1호선,계양,4219,4109,8328
20210829,1호선,공덕,915,1242,2157
20210829,1호선,공항화물청사,918,967,1885
20210829,1호선,관악,3848,3503,7351
20210829,1호선,광명,2078,1451,3529
20210829,1호선,광운대,3669,3766,7435
20210829,1호선,구로,7698,7801,15499
20210829,1호선,구일,2616,2524,5140
20210829,1호선,군포,2555,2430,4985
20210829,1호선,금정,11095,11513,22608
20210829,1호선,금천구청,5434,5383,10817
20210829,1호선,김포공항,10680,5391,16071
20210829,1호선,남영,3379,3621,7000
20210829,1호선,노량진,4684,4422,9106
20210829,1호선,녹양,2253,2246,4499
20210829,1호선,녹천,2400,2097,4497
20210829,1호선,당정,2574,2570,5144
20210829,1호선,대방,4563,4999,9562
20210829,1호선,덕계,1505,1428,2933
20210829,1호선,덕정,2857,2916,5773
20210829,1호선,도봉,3079,2913,5992
20210829,1호선,도봉산,7375,5286,12661
20210829,1호선,도원,1375,1429,2804
20210829,1호선,도화,2065,1962,4027
20210829,1호선,독산,5142,5226,10368
20210829,1호선,동대문,7459,8019,15478
20210829,1호선,동두천,1258,1514,2772
20210829,1호선,동두천중앙,1881,1798,3679
20210829,1호선,동묘앞,10991,11071,22062
20210829,1호선,동암,8190,8078,16268
20210829,1호선,동인천,8127,7729,15856
20210829,1호선,두정,3481,3823,7304
20210829,1호선,디지털미디어시티,2878,2928,5806
20210829,1호선,마곡나루,1999,2122,4121
20210829,1호선,망월사,3844,3867,7711
20210829,1호선,명학,2676,2741,5417
20210829,1호선,방학,5076,4939,10015
20210829,1호선,배방,706,821,1527
20210829,1호선,백운,3445,3312,6757
20210829,1호선,병점,7637,8197,15834
20210829,1호선,보산,1515,1423,2938
20210829,1호선,봉명,502,534,1036
20210829,1호선,부개,4051,3809,7860
20210829,1호선,부천,19027,18549,37576
20210829,1호선,부평,18776,19350,38126
20210829,1호선,서동탄,658,691,1349
20210829,1호선,서빙고,937,934,1871
20210829,1호선,서울,31172,24450,55622
20210829,1호선,서정리,3568,4846,8414
20210829,1호선,석계,4297,4706,9003
20210829,1호선,석수,4273,4152,8425
20210829,1호선,성균관대,6506,6938,13444
20210829,1호선,성환,1891,2344,4235
20210829,1호선,세류,1696,1651,3347
20210829,1호선,세마,1338,1223,2561
20210829,1호선,소사,4579,4516,9095
20210829,1호선,소요산,3795,3193,6988
20210829,1호선,송내,11060,10888,21948
20210829,1호선,송탄,2901,3224,6125
20210829,1호선,수원,26499,25748,52247
20210829,1호선,시청,5985,5857,11842
20210829,1호선,신길,4061,3594,7655
20210829,1호선,신도림,1807,1915,3722
20210829,1호선,신설동,6204,6222,12426
20210829,1호선,신이문,4170,3814,7984
20210829,1호선,신창,1029,1415,2444
20210829,1호선,쌍용,1134,1147,2281
20210829,1호선,아산,2742,1816,4558
20210829,1호선,안양,11435,11106,22541
20210829,1호선,양주,4332,4305,8637
20210829,1호선,역곡,12117,12128,24245
20210829,1호선,영등포,24421,23566,47987
20210829,1호선,영종,2057,1968,4025
20210829,1호선,오류동,5652,5472,11124
20210829,1호선,오산,6335,6630,12965
20210829,1호선,오산대,1736,1681,3417
20210829,1호선,옥수,56,20,76
20210829,1호선,온수,3040,2860,5900
20210829,1호선,온양온천,4249,4077,8326
20210829,1호선,왕십리,7723,9013,16736
20210829,1호선,외대앞,3975,4027,8002
20210829,1호선,용산,24464,21285,45749
20210829,1호선,운서,4253,4488,8741
20210829,1호선,월계,3268,3127,6395
20210829,1호선,응봉,940,848,1788
20210829,1호선,의왕,3568,3661,7229
20210829,1호선,의정부,11626,11769,23395
20210829,1호선,이촌,1870,1536,3406
20210829,1호선,인천,3407,2748,6155
20210829,1호선,인천공항1터미널,3240,3206,6446
20210829,1호선,인천공항2터미널,1734,1614,3348
20210829,1호선,제기동,8618,9141,17759
20210829,1호선,제물포,4590,4506,9096
20210829,1호선,종각,9632,8820,18452
20210829,1호선,종로3가,12127,11088,23215
20210829,1호선,종로5가,6992,7207,14199
20210829,1호선,주안,9980,8743,18723
20210829,1호선,중동,4199,3861,8060
20210829,1호선,지행,3941,3849,7790
20210829,1호선,직산,505,549,1054
20210829,1호선,진위,622,643,1265
20210829,1호선,창동,1,0,1
20210829,1호선,천안,5498,4987,10485
20210829,1호선,청라국제도시,2673,2571,5244
20210829,1호선,청량리,23979,22445,46424
20210829,1호선,평택,9332,9502,18834
20210829,1호선,평택지제,2024,1906,3930
20210829,1호선,한남,1712,1601,3313
20210829,1호선,홍대입구,7960,7389,15349
20210829,1호선,화서,3133,3162,6295
20210829,1호선,회룡,6290,6141,12431
20210904,1호선,가능,4753,4578,9331
20210904,1호선,가산디지털단지,5467,7350,12817
20210904,1호선,간석,4038,3854,7892
20210904,1호선,개봉,14720,14636,29356
20210904,1호선,검암,4363,4457,8820
20210904,1호선,계양,6055,5871,11926
20210904,1호선,공덕,1280,1750,3030
20210904,1호선,공항화물청사,1347,1371,2718
20210904,1호선,관악,5153,4990,10143
20210904,1호선,광명,2143,1922,4065
20210904,1호선,광운대,5174,5044,10218
20210904,1호선,구로,11546,11783,23329
20210904,1호선,구일,3837,3690,7527
20210904,1호선,군포,3987,3668,7655
20210904,1호선,금정,16439,16214,32653
20210904,1호선,금천구청,7492,7481,14973
20210904,1호선,김포공항,9444,5103,14547
20210904,1호선,남영,5006,5143,10149
20210904,1호선,노량진,7474,6827,14301
20210904,1호선,녹양,3319,3187,6506
20210904,1호선,녹천,3126,2682,5808
20210904,1호선,당정,3686,3522,7208
20210904,1호선,대방,7106,7056,14162
20210904,1호선,덕계,2203,2033,4236
20210904,1호선,덕정,3968,3776,7744
20210904,1호선,도봉,4211,3978,8189
20210904,1호선,도봉산,8911,6302,15213
20210904,1호선,도원,1926,1972,3898
20210904,1호선,도화,2982,2774,5756
20210904,1호선,독산,8168,7958,16126
20210904,1호선,동대문,10089,9002,19091
20210904,1호선,동두천,1545,2051,3596
20210904,1호선,동두천중앙,2431,2409,4840
20210904,1호선,동묘앞,10958,11133,22091
20210904,1호선,동암,11421,11801,23222
20210904,1호선,동인천,10892,10780,21672
20210904,1호선,두정,4288,4437,8725
20210904,1호선,디지털미디어시티,4316,4088,8404
20210904,1호선,마곡나루,2889,3136,6025
20210904,1호선,망월사,5173,5337,10510
20210904,1호선,명학,4581,4394,8975
20210904,1호선,방학,6861,6701,13562
20210904,1호선,배방,911,938,1849
20210904,1호선,백운,4933,4873,9806
20210904,1호선,병점,10893,10699,21592
20210904,1호선,보산,2024,1909,3933
20210904,1호선,봉명,805,747,1552
20210904,1호선,부개,5837,5589,11426
20210904,1호선,부천,25927,26666,52593
20210904,1호선,부평,25710,27836,53546
20210904,1호선,서동탄,899,956,1855
20210904,1호선,서빙고,1326,1170,2496
20210904,1호선,서울,34299,32206,66505
20210904,1호선,서정리,5633,4919,10552
20210904,1호선,석계,6337,6691,13028
20210904,1호선,석수,6465,6015,12480
20210904,1호선,성균관대,9105,9131,18236
20210904,1호선,성환,2712,2628,5340
20210904,1호선,세류,2221,2197,4418
20210904,1호선,세마,1936,1751,3687
20210904,1호선,소사,6333,6223,12556
20210904,1호선,소요산,4221,3708,7929
20210904,1호선,송내,16105,15904,32009
20210904,1호선,송탄,4521,3887,8408
20210904,1호선,수원,31695,34285,65980
20210904,1호선,시청,8521,8546,17067
20210904,1호선,신길,5819,4690,10509
20210904,1호선,신도림,2673,2617,5290
20210904,1호선,신설동,8523,8063,16586
20210904,1호선,신이문,5600,5159,10759
20210904,1호선,신창,1270,1193,2463
20210904,1호선,쌍용,1561,1402,2963
20210904,1호선,아산,2561,2445,5006
20210904,1호선,안양,16001,16265,32266
20210904,1호선,양주,6086,5824,11910
20210904,1호선,역곡,18331,17979,36310
20210904,1호선,영등포,32197,33937,66134
20210904,1호선,영종,2603,2800,5403
20210904,1호선,오류동,8391,7772,16163
20210904,1호선,오산,8240,7802,16042
20210904,1호선,오산대,2525,2371,4896
20210904,1호선,옥수,43,45,88
20210904,1호선,온수,4505,4157,8662
20210904,1호선,온양온천,5285,5246,10531
20210904,1호선,왕십리,10976,13003,23979
20210904,1호선,외대앞,5432,5255,10687
20210904,1호선,용산,28037,30272,58309
20210904,1호선,운서,5487,5667,11154
20210904,1호선,월계,4360,4024,8384
20210904,1호선,응봉,1278,1087,2365
20210904,1호선,의왕,5497,5335,10832
20210904,1호선,의정부,15387,16194,31581
20210904,1호선,이촌,3023,2053,5076
20210904,1호선,인천,4385,3790,8175
20210904,1호선,인천공항1터미널,3232,3353,6585
20210904,1호선,인천공항2터미널,1888,1641,3529
20210904,1호선,제기동,15135,15598,30733
20210904,1호선,제물포,6495,6502,12997
20210904,1호선,종각,15128,13917,29045
20210904,1호선,종로3가,19780,18399,38179
20210904,1호선,종로5가,15828,15940,31768
20210904,1호선,주안,13960,12509,26469
20210904,1호선,중동,6122,5842,11964
20210904,1호선,지행,5271,5243,10514
20210904,1호선,직산,608,615,1223
20210904,1호선,진위,965,890,1855
20210904,1호선,천안,5823,6123,11946
20210904,1호선,청라국제도시,3639,3500,7139
20210904,1호선,청량리,31260,33185,64445
20210904,1호선,평택,12039,11457,23496
20210904,1호선,평택지제,2673,2598,5271
20210904,1호선,한남,2706,2515,5221
20210904,1호선,홍대입구,10325,9986,20311
20210904,1호선,화서,4677,4720,9397
20210904,1호선,회룡,9008,8936,17944
20210905,1호선,가능,3646,3471,7117
20210905,1호선,가산디지털단지,4059,5833,9892
20210905,1호선,간석,2832,2621,5453
20210905,1호선,개봉,10260,10305,20565
20210905,1호선,검암,3266,3422,6688
20210905,1호선,계양,4505,4326,8831
20210905,1호선,공덕,956,1282,2238
20210905,1호선,공항화물청사,943,1017,1960
20210905,1호선,관악,4348,3947,8295
20210905,1호선,광명,2207,1579,3786
20210905,1호선,광운대,3872,3908,7780
20210905,1호선,구로,8189,8210,16399
20210905,1호선,구일,2754,2728,5482
20210905,1호선,군포,2646,2549,5195
20210905,1호선,금정,11999,12337,24336
20210905,1호선,금천구청,5583,5595,11178
20210905,1호선,김포공항,10192,5211,15403
20210905,1호선,남영,3798,4113,7911
20210905,1호선,노량진,5291,5001,10292
20210905,1호선,녹양,2507,2376,4883
20210905,1호선,녹천,2280,2052,4332
20210905,1호선,당정,2669,2628,5297
20210905,1호선,대방,4993,5341,10334
20210905,1호선,덕계,1531,1499,3030
20210905,1호선,덕정,3089,3182,6271
20210905,1호선,도봉,3217,3063,6280
20210905,1호선,도봉산,8877,6225,15102
20210905,1호선,도원,1456,1461,2917
20210905,1호선,도화,2136,2082,4218
20210905,1호선,독산,5542,5537,11079
20210905,1호선,동대문,8307,8715,17022
20210905,1호선,동두천,1261,1589,2850
20210905,1호선,동두천중앙,2105,2021,4126
20210905,1호선,동묘앞,12050,12245,24295
20210905,1호선,동암,8404,8380,16784
20210905,1호선,동인천,8471,8131,16602
20210905,1호선,두정,3599,4024,7623
20210905,1호선,디지털미디어시티,2977,3052,6029
20210905,1호선,마곡나루,2103,2264,4367
20210905,1호선,망월사,4112,4197,8309
20210905,1호선,명학,3092,2954,6046
20210905,1호선,방학,5353,5140,10493
20210905,1호선,배방,691,802,1493
20210905,1호선,백운,3584,3557,7141
20210905,1호선,병점,8129,8828,16957
20210905,1호선,보산,1603,1444,3047
20210905,1호선,봉명,461,466,927
20210905,1호선,부개,4350,3997,8347
20210905,1호선,부천,19462,19033,38495
20210905,1호선,부평,19470,20410,39880
20210905,1호선,서동탄,675,704,1379
20210905,1호선,서빙고,1025,929,1954
20210905,1호선,서울,33081,25328,58409
20210905,1호선,서정리,3779,5147,8926
20210905,1호선,석계,4543,5054,9597
20210905,1호선,석수,4827,4615,9442
20210905,1호선,성균관대,6793,7159,13952
20210905,1호선,성환,2122,2488,4610
20210905,1호선,세류,1676,1734,3410
20210905,1호선,세마,1522,1400,2922
20210905,1호선,소사,4595,4477,9072
20210905,1호선,소요산,4046,3490,7536
20210905,1호선,송내,11555,11198,22753
20210905,1호선,송탄,3184,3534,6718
20210905,1호선,수원,28167,27492,55659
20210905,1호선,시청,6205,6025,12230
20210905,1호선,신길,4432,3948,8380
20210905,1호선,신도림,2008,2101,4109
20210905,1호선,신설동,6671,6542,13213
20210905,1호선,신이문,4220,3980,8200
20210905,1호선,신창,997,1555,2552
20210905,1호선,쌍용,1046,1149,2195
20210905,1호선,아산,2863,1911,4774
20210905,1호선,안양,11864,11480,23344
20210905,1호선,양주,4758,4642,9400
20210905,1호선,역곡,12655,12515,25170
20210905,1호선,영등포,25914,25073,50987
20210905,1호선,영종,2182,2089,4271
20210905,1호선,오류동,6102,5867,11969
20210905,1호선,오산,6511,6944,13455
20210905,1호선,오산대,1913,1847,3760
20210905,1호선,옥수,52,26,78
20210905,1호선,온수,3270,3061,6331
20210905,1호선,온양온천,2899,2661,5560
20210905,1호선,왕십리,8049,9522,17571
20210905,1호선,외대앞,4820,4788,9608
20210905,1호선,용산,27071,23462,50533
20210905,1호선,운서,4426,4827,9253
20210905,1호선,월계,3320,3150,6470
20210905,1호선,응봉,1048,949,1997
20210905,1호선,의왕,3835,3910,7745
20210905,1호선,의정부,12071,12262,24333
20210905,1호선,이촌,2057,1614,3671
20210905,1호선,인천,3779,3062,6841
20210905,1호선,인천공항1터미널,3299,3185,6484
20210905,1호선,인천공항2터미널,1639,1504,3143
20210905,1호선,제기동,9438,10062,19500
20210905,1호선,제물포,4960,4903,9863
20210905,1호선,종각,9911,8725,18636
20210905,1호선,종로3가,12539,11143,23682
20210905,1호선,종로5가,7235,7435,14670
20210905,1호선,주안,10353,9175,19528
20210905,1호선,중동,4393,4199,8592
20210905,1호선,지행,4119,4020,8139
20210905,1호선,직산,512,542,1054
20210905,1호선,진위,716,688,1404
20210905,1호선,천안,5746,5197,10943
20210905,1호선,청라국제도시,2703,2662,5365
20210905,1호선,청량리,24814,24029,48843
20210905,1호선,평택,10431,10496,20927
20210905,1호선,평택지제,2068,2056,4124
20210905,1호선,한남,1895,1939,3834
20210905,1호선,홍대입구,8125,7648,15773
20210905,1호선,화서,3469,3334,6803
20210905,1호선,회룡,6783,6730,13513
20210911,1호선,가능,4999,4755,9754
20210911,1호선,가산디지털단지,5587,7611,13198
20210911,1호선,간석,4025,3844,7869
20210911,1호선,개봉,14946,14865,29811
20210911,1호선,검암,4393,4456,8849
20210911,1호선,계양,6110,5724,11834
20210911,1호선,공덕,1293,1828,3121
20210911,1호선,공항화물청사,1257,1313,2570
20210911,1호선,관악,5390,4993,10383
20210911,1호선,광명,2101,2059,4160
20210911,1호선,광운대,5406,5229,10635
20210911,1호선,구로,11949,12276,24225
20210911,1호선,구일,3942,3724,7666
20210911,1호선,군포,4104,3692,7796
20210911,1호선,금정,16583,16523,33106
20210911,1호선,금천구청,7752,7636,15388
20210911,1호선,김포공항,10005,5299,15304
20210911,1호선,남영,5132,5326,10458
20210911,1호선,노량진,8153,7143,15296
20210911,1호선,녹양,3389,3268,6657
20210911,1호선,녹천,3169,2780,5949
20210911,1호선,당정,3625,3489,7114
20210911,1호선,대방,7098,7202,14300
20210911,1호선,덕계,2271,2076,4347
20210911,1호선,덕정,4188,3951,8139
20210911,1호선,도봉,4240,3978,8218
20210911,1호선,도봉산,8876,6096,14972
20210911,1호선,도원,2122,2101,4223
20210911,1호선,도화,3047,2793,5840
20210911,1호선,독산,8366,8125,16491
20210911,1호선,동대문,9980,9226,19206
20210911,1호선,동두천,1557,2014,3571
20210911,1호선,동두천중앙,2439,2440,4879
20210911,1호선,동묘앞,10721,11019,21740
20210911,1호선,동암,11837,11973,23810
20210911,1호선,동인천,11061,10852,21913
20210911,1호선,두정,5131,5199,10330
20210911,1호선,디지털미디어시티,4592,4290,8882
20210911,1호선,마곡나루,2979,3183,6162
20210911,1호선,망월사,5804,5850,11654
20210911,1호선,명학,4504,4337,8841
20210911,1호선,방학,7117,6897,14014
20210911,1호선,배방,873,850,1723
20210911,1호선,백운,5281,5237,10518
20210911,1호선,병점,11002,10891,21893
20210911,1호선,보산,1830,1767,3597
20210911,1호선,봉명,664,580,1244
20210911,1호선,부개,6027,5687,11714
20210911,1호선,부천,26406,27512,53918
20210911,1호선,부평,27119,29580,56699
20210911,1호선,서동탄,942,935,1877
20210911,1호선,서빙고,1259,1178,2437
20210911,1호선,서울,36148,33731,69879
20210911,1호선,서정리,5848,5115,10963
20210911,1호선,석계,6409,6751,13160
20210911,1호선,석수,6516,5962,12478
20210911,1호선,성균관대,9450,9550,19000
20210911,1호선,성환,2793,2665,5458
20210911,1호선,세류,2360,2324,4684
20210911,1호선,세마,1984,1806,3790
20210911,1호선,소사,6482,6366,12848
20210911,1호선,소요산,4212,3616,7828
20210911,1호선,송내,16728,16628,33356
20210911,1호선,송탄,4358,3888,8246
20210911,1호선,수원,32804,35681,68485
20210911,1호선,시청,9094,9032,18126
20210911,1호선,신길,5944,4768,10712
20210911,1호선,신도림,2660,2803,5463
20210911,1호선,신설동,9030,8381,17411
20210911,1호선,신이문,5677,5193,10870
20210911,1호선,신창,1153,1118,2271
20210911,1호선,쌍용,1333,1204,2537
20210911,1호선,아산,2586,2377,4963
20210911,1호선,안양,16125,16242,32367
20210911,1호선,양주,6339,6137,12476
20210911,1호선,역곡,18668,18302,36970
20210911,1호선,영등포,32598,34478,67076
20210911,1호선,영종,2701,2753,5454
20210911,1호선,오류동,8369,7678,16047
20210911,1호선,오산,8189,7900,16089
20210911,1호선,오산대,2624,2320,4944
20210911,1호선,옥수,29,34,63
20210911,1호선,온수,4665,4238,8903
20210911,1호선,온양온천,3099,3104,6203
20210911,1호선,왕십리,11052,13071,24123
20210911,1호선,외대앞,5802,5662,11464
20210911,1호선,용산,29304,30958,60262
20210911,1호선,운서,5527,5694,11221
20210911,1호선,월계,4345,4215,8560
20210911,1호선,응봉,1742,1381,3123
20210911,1호선,의왕,5538,5391,10929
20210911,1호선,의정부,16070,16762,32832
20210911,1호선,이촌,3010,2210,5220
20210911,1호선,인천,4180,3644,7824
20210911,1호선,인천공항1터미널,3268,3385,6653
20210911,1호선,인천공항2터미널,1735,1625,3360
20210911,1호선,제기동,16611,17326,33937
20210911,1호선,제물포,6858,6606,13464
20210911,1호선,종각,15528,14371,29899
20210911,1호선,종로3가,20221,18768,38989
20210911,1호선,종로5가,16853,16942,33795
20210911,1호선,주안,14590,13033,27623
20210911,1호선,중동,6409,6048,12457
20210911,1호선,지행,5421,5478,10899
20210911,1호선,직산,565,608,1173
20210911,1호선,진위,970,881,1851
20210911,1호선,천안,5701,5957,11658
20210911,1호선,청라국제도시,3736,3678,7414
20210911,1호선,청량리,32532,34370,66902
20210911,1호선,평택,11997,11359,23356
20210911,1호선,평택지제,2659,2534,5193
20210911,1호선,한남,2649,2437,5086
20210911,1호선,홍대입구,10774,10365,21139
20210911,1호선,화서,4853,4981,9834
20210911,1호선,회룡,9303,9362,18665
20210912,1호선,가능,3810,3557,7367
20210912,1호선,가산디지털단지,4166,5859,10025
20210912,1호선,간석,2937,2703,5640
20210912,1호선,개봉,10689,10563,21252
20210912,1호선,검암,3350,3454,6804
20210912,1호선,계양,4560,4465,9025
20210912,1호선,공덕,1033,1370,2403
20210912,1호선,공항화물청사,981,1044,2025
20210912,1호선,관악,4374,3960,8334
20210912,1호선,광명,2122,1547,3669
20210912,1호선,광운대,3876,3953,7829
20210912,1호선,구로,8405,8537,16942
20210912,1호선,구일,3245,3092,6337
20210912,1호선,군포,2857,2738,5595
20210912,1호선,금정,12249,12619,24868
20210912,1호선,금천구청,5719,5625,11344
20210912,1호선,김포공항,10048,5298,15346
20210912,1호선,남영,3757,4107,7864
20210912,1호선,노량진,5429,5155,10584
20210912,1호선,녹양,2562,2452,5014
20210912,1호선,녹천,2320,2060,4380
20210912,1호선,당정,2737,2756,5493
20210912,1호선,대방,4941,5282,10223
20210912,1호선,덕계,1715,1595,3310
20210912,1호선,덕정,3136,3334,6470
20210912,1호선,도봉,3298,3108,6406
20210912,1호선,도봉산,8602,6267,14869
20210912,1호선,도원,1494,1513,3007
20210912,1호선,도화,2159,2042,4201
20210912,1호선,독산,5837,5945,11782
20210912,1호선,동대문,8377,8698,17075
20210912,1호선,동두천,1281,1585,2866
20210912,1호선,동두천중앙,2008,1866,3874
20210912,1호선,동묘앞,11956,11819,23775
20210912,1호선,동암,8811,8864,17675
20210912,1호선,동인천,8607,8320,16927
20210912,1호선,두정,4480,4905,9385
20210912,1호선,디지털미디어시티,3223,3229,6452
20210912,1호선,마곡나루,2135,2419,4554
20210912,1호선,망월사,4349,4420,8769
20210912,1호선,명학,2988,2858,5846
20210912,1호선,방학,5346,5228,10574
20210912,1호선,배방,705,829,1534
20210912,1호선,백운,3788,3704,7492
20210912,1호선,병점,8212,8852,17064
20210912,1호선,보산,1345,1413,2758
20210912,1호선,봉명,426,454,880
20210912,1호선,부개,4522,4169,8691
20210912,1호선,부천,19683,19257,38940
20210912,1호선,부평,20947,21839,42786
20210912,1호선,서동탄,659,694,1353
20210912,1호선,서빙고,969,958,1927
20210912,1호선,서울,32980,25756,58736
20210912,1호선,서정리,4166,5567,9733
20210912,1호선,석계,4480,4949,9429
20210912,1호선,석수,4852,4838,9690
20210912,1호선,성균관대,6863,7175,14038
20210912,1호선,성환,2164,2546,4710
20210912,1호선,세류,1845,1795,3640
20210912,1호선,세마,1572,1491,3063
20210912,1호선,소사,4778,4746,9524
20210912,1호선,소요산,4109,3566,7675
20210912,1호선,송내,12162,11595,23757
20210912,1호선,송탄,3258,3506,6764
20210912,1호선,수원,28803,28623,57426
20210912,1호선,시청,6352,6259,12611
20210912,1호선,신길,4426,3918,8344
20210912,1호선,신도림,2026,2100,4126
20210912,1호선,신설동,6758,6615,13373
20210912,1호선,신이문,4453,4167,8620
20210912,1호선,신창,997,1546,2543
20210912,1호선,쌍용,1044,1106,2150
20210912,1호선,아산,2870,1960,4830
20210912,1호선,안양,12425,12120,24545
20210912,1호선,양주,4921,4832,9753
20210912,1호선,역곡,13063,13090,26153
20210912,1호선,영등포,26795,25988,52783
20210912,1호선,영종,2206,2123,4329
20210912,1호선,오류동,6304,5953,12257
20210912,1호선,오산,6848,7380,14228
20210912,1호선,오산대,1990,1916,3906
20210912,1호선,옥수,50,26,76
20210912,1호선,온수,3308,3080,6388
20210912,1호선,온양온천,2773,2702,5475
20210912,1호선,왕십리,7652,9137,16789
20210912,1호선,외대앞,4433,4405,8838
20210912,1호선,용산,26642,23763,50405
20210912,1호선,운서,4637,4921,9558
20210912,1호선,월계,3634,3218,6852
20210912,1호선,응봉,969,931,1900
20210912,1호선,의왕,3895,4035,7930
20210912,1호선,의정부,12405,12534,24939
20210912,1호선,이촌,2124,1612,3736
20210912,1호선,인천,3663,2967,6630
20210912,1호선,인천공항1터미널,3120,3010,6130
20210912,1호선,인천공항2터미널,1742,1634,3376
20210912,1호선,제기동,10748,11427,22175
20210912,1호선,제물포,5216,5105,10321
20210912,1호선,종각,10381,9236,19617
20210912,1호선,종로3가,13019,11431,24450
20210912,1호선,종로5가,8183,8376,16559
20210912,1호선,주안,10893,9694,20587
20210912,1호선,중동,4563,4191,8754
20210912,1호선,지행,4048,4138,8186
20210912,1호선,직산,502,554,1056
20210912,1호선,진위,687,697,1384
20210912,1호선,창동,1,0,1
20210912,1호선,천안,5848,5360,11208
20210912,1호선,청라국제도시,2914,2852,5766
20210912,1호선,청량리,25764,25127,50891
20210912,1호선,평택,10395,10912,21307
20210912,1호선,평택지제,2150,1970,4120
20210912,1호선,한남,1784,1700,3484
20210912,1호선,홍대입구,9124,8380,17504
20210912,1호선,화서,3631,3534,7165
20210912,1호선,회룡,6882,6937,13819
20210918,1호선,가능,4753,4477,9230
20210918,1호선,가산디지털단지,5307,6756,12063
20210918,1호선,간석,3656,3591,7247
20210918,1호선,개봉,13934,13509,27443
20210918,1호선,검암,3825,3867,7692
20210918,1호선,계양,5556,5308,10864
20210918,1호선,공덕,1214,1469,2683
20210918,1호선,공항화물청사,1252,1310,2562
20210918,1호선,관악,4842,4630,9472
20210918,1호선,광명,1724,1840,3564
20210918,1호선,광운대,5194,4860,10054
20210918,1호선,구로,10523,10660,21183
20210918,1호선,구일,3655,3336,6991
20210918,1호선,군포,3648,3259,6907
20210918,1호선,금정,15534,15826,31360
20210918,1호선,금천구청,7251,6881,14132
20210918,1호선,김포공항,10190,6841,17031
20210918,1호선,남영,4900,4837,9737
20210918,1호선,노량진,7791,6880,14671
20210918,1호선,녹양,3200,3146,6346
20210918,1호선,녹천,3050,2555,5605
20210918,1호선,당정,3317,3139,6456
20210918,1호선,대방,6462,6068,12530
20210918,1호선,덕계,2001,1906,3907
20210918,1호선,덕정,4052,3755,7807
20210918,1호선,도봉,4232,3938,8170
20210918,1호선,도봉산,8006,5533,13539
20210918,1호선,도원,1633,1695,3328
20210918,1호선,도화,2785,2521,5306
20210918,1호선,독산,7902,7602,15504
20210918,1호선,동대문,10021,9369,19390
20210918,1호선,동두천,1525,2117,3642
20210918,1호선,동두천중앙,2393,2395,4788
20210918,1호선,동묘앞,10535,10684,21219
20210918,1호선,동암,10878,11020,21898
20210918,1호선,동인천,10362,10434,20796
20210918,1호선,두정,5167,5365,10532
20210918,1호선,디지털미디어시티,4023,3537,7560
20210918,1호선,마곡나루,2507,2490,4997
20210918,1호선,망월사,5189,5372,10561
20210918,1호선,명학,3855,3698,7553
20210918,1호선,방학,6951,6570,13521
20210918,1호선,배방,872,898,1770
20210918,1호선,백운,4820,4681,9501
20210918,1호선,병점,10070,9986,20056
20210918,1호선,보산,2065,1727,3792
20210918,1호선,봉명,647,588,1235
20210918,1호선,부개,5747,5445,11192
20210918,1호선,부천,25438,25914,51352
20210918,1호선,부평,25196,27980,53176
20210918,1호선,서동탄,840,843,1683
20210918,1호선,서빙고,1192,1078,2270
20210918,1호선,서울,30305,33671,63976
20210918,1호선,서정리,5432,4617,10049
20210918,1호선,석계,6041,6248,12289
20210918,1호선,석수,5851,5340,11191
20210918,1호선,성균관대,8770,8129,16899
20210918,1호선,성환,2730,2647,5377
20210918,1호선,세류,2263,2452,4715
20210918,1호선,세마,1892,1718,3610
20210918,1호선,소사,5795,5806,11601
20210918,1호선,소요산,3508,3180,6688
20210918,1호선,송내,15002,14945,29947
20210918,1호선,송탄,4294,3714,8008
20210918,1호선,수원,31670,34216,65886
20210918,1호선,시청,7786,7761,15547
20210918,1호선,신길,5298,4106,9404
20210918,1호선,신도림,2385,2335,4720
20210918,1호선,신설동,8476,7696,16172
20210918,1호선,신이문,5780,5277,11057
20210918,1호선,신창,1143,1156,2299
20210918,1호선,쌍용,1260,1178,2438
20210918,1호선,아산,2306,2789,5095
20210918,1호선,안양,14939,14948,29887
20210918,1호선,양주,5872,5863,11735
20210918,1호선,역곡,17160,17014,34174
20210918,1호선,영등포,29624,30712,60336
20210918,1호선,영종,2570,2681,5251
20210918,1호선,오류동,8039,7058,15097
20210918,1호선,오산,8969,8772,17741
20210918,1호선,오산대,2433,2190,4623
20210918,1호선,옥수,21,20,41
20210918,1호선,온수,4271,3901,8172
20210918,1호선,온양온천,3293,3526,6819
20210918,1호선,왕십리,10296,11154,21450
20210918,1호선,외대앞,5377,4821,10198
20210918,1호선,용산,25332,29607,54939
20210918,1호선,운서,5269,5320,10589
20210918,1호선,월계,4405,3974,8379
20210918,1호선,응봉,1245,1052,2297
20210918,1호선,의왕,4848,4824,9672
20210918,1호선,의정부,16011,16958,32969
20210918,1호선,이촌,2835,1998,4833
20210918,1호선,인천,3756,3434,7190
20210918,1호선,인천공항1터미널,3236,3475,6711
20210918,1호선,인천공항2터미널,1964,1803,3767
20210918,1호선,제기동,16939,17860,34799
20210918,1호선,제물포,6178,5970,12148
20210918,1호선,종각,13406,12824,26230
20210918,1호선,종로3가,18360,17183,35543
20210918,1호선,종로5가,15648,15823,31471
20210918,1호선,주안,13093,11701,24794
20210918,1호선,중동,5749,5565,11314
20210918,1호선,지행,4990,5125,10115
20210918,1호선,직산,616,619,1235
20210918,1호선,진위,944,789,1733
20210918,1호선,창동,1,0,1
20210918,1호선,천안,6115,7364,13479
20210918,1호선,청라국제도시,3367,3345,6712
20210918,1호선,청량리,32121,33599,65720
20210918,1호선,평택,13095,13032,26127
20210918,1호선,평택지제,2213,2420,4633
20210918,1호선,한남,2603,2389,4992
20210918,1호선,홍대입구,9567,9000,18567
20210918,1호선,화서,4152,4280,8432
20210918,1호선,회룡,8751,8841,17592
20210919,1호선,가능,3688,3509,7197
20210919,1호선,가산디지털단지,3972,5262,9234
20210919,1호선,간석,2874,2706,5580
20210919,1호선,개봉,10292,9925,20217
20210919,1호선,검암,2958,3034,5992
20210919,1호선,계양,4161,3922,8083
20210919,1호선,공덕,990,1109,2099
20210919,1호선,공항화물청사,946,947,1893
20210919,1호선,관악,3666,3473,7139
20210919,1호선,광명,1383,1530,2913
20210919,1호선,광운대,3967,3621,7588
20210919,1호선,구로,7963,8011,15974
20210919,1호선,구일,2702,2430,5132
20210919,1호선,군포,2792,2496,5288
20210919,1호선,금정,12019,12072,24091
20210919,1호선,금천구청,5308,5182,10490
20210919,1호선,김포공항,8929,5573,14502
20210919,1호선,남영,3320,3289,6609
20210919,1호선,노량진,5739,5308,11047
20210919,1호선,녹양,2351,2329,4680
20210919,1호선,녹천,2406,1856,4262
20210919,1호선,당정,2397,2333,4730
20210919,1호선,대방,4545,4274,8819
20210919,1호선,덕계,1506,1449,2955
20210919,1호선,덕정,3216,2962,6178
20210919,1호선,도봉,3317,3131,6448
20210919,1호선,도봉산,7301,5113,12414
20210919,1호선,도원,1428,1464,2892
20210919,1호선,도화,2117,1990,4107
20210919,1호선,독산,5683,5184,10867
20210919,1호선,동대문,9354,9909,19263
20210919,1호선,동두천,1306,1728,3034
20210919,1호선,동두천중앙,2023,2081,4104
20210919,1호선,동묘앞,11071,11073,22144
20210919,1호선,동암,8326,8635,16961
20210919,1호선,동인천,8017,8228,16245
20210919,1호선,두정,4390,4266,8656
20210919,1호선,디지털미디어시티,2983,2677,5660
20210919,1호선,마곡나루,1703,1726,3429
20210919,1호선,망월사,3846,3993,7839
20210919,1호선,명학,2817,2625,5442
20210919,1호선,방학,5416,5175,10591
20210919,1호선,배방,731,734,1465
20210919,1호선,백운,3460,3390,6850
20210919,1호선,병점,7721,7768,15489
20210919,1호선,보산,1606,1622,3228
20210919,1호선,봉명,478,454,932
20210919,1호선,부개,4309,3964,8273
20210919,1호선,부천,20059,20298,40357
20210919,1호선,부평,20149,22055,42204
20210919,1호선,서동탄,644,706,1350
20210919,1호선,서빙고,995,874,1869
20210919,1호선,서울,24879,28501,53380
20210919,1호선,서정리,3869,3682,7551
20210919,1호선,석계,4566,4739,9305
20210919,1호선,석수,4321,4228,8549
20210919,1호선,성균관대,6411,6141,12552
20210919,1호선,성환,2399,2451,4850
20210919,1호선,세류,1816,2017,3833
20210919,1호선,세마,1421,1334,2755
20210919,1호선,소사,4536,4380,8916
20210919,1호선,소요산,3306,3077,6383
20210919,1호선,송내,10620,10676,21296
20210919,1호선,송탄,3278,3094,6372
20210919,1호선,수원,28115,30313,58428
20210919,1호선,시청,5782,5831,11613
20210919,1호선,신길,4058,3260,7318
20210919,1호선,신도림,1753,1677,3430
20210919,1호선,신설동,6513,5651,12164
20210919,1호선,신이문,4531,4066,8597
20210919,1호선,신창,855,1084,1939
20210919,1호선,쌍용,1085,1075,2160
20210919,1호선,아산,1852,2145,3997
20210919,1호선,안양,11227,11339,22566
20210919,1호선,양주,4789,4758,9547
20210919,1호선,역곡,12650,12368,25018
20210919,1호선,영등포,23324,23986,47310
20210919,1호선,영종,2017,2146,4163
20210919,1호선,오류동,5809,5162,10971
20210919,1호선,오산,7042,6793,13835
20210919,1호선,오산대,1819,1694,3513
20210919,1호선,옥수,36,21,57
20210919,1호선,온수,3298,2984,6282
20210919,1호선,온양온천,4045,4271,8316
20210919,1호선,왕십리,7303,8011,15314
20210919,1호선,외대앞,4095,3660,7755
20210919,1호선,용산,20724,23998,44722
20210919,1호선,운서,4216,4286,8502
20210919,1호선,월계,3521,3127,6648
20210919,1호선,응봉,965,816,1781
20210919,1호선,의왕,3553,3503,7056
20210919,1호선,의정부,13240,13744,26984
20210919,1호선,이촌,2022,1524,3546
20210919,1호선,인천,3796,3179,6975
20210919,1호선,인천공항1터미널,3107,3186,6293
20210919,1호선,인천공항2터미널,1698,1588,3286
20210919,1호선,제기동,12011,12515,24526
20210919,1호선,제물포,4711,4638,9349
20210919,1호선,종각,9589,8540,18129
20210919,1호선,종로3가,12168,10948,23116
20210919,1호선,종로5가,8627,8762,17389
20210919,1호선,주안,9788,8692,18480
20210919,1호선,중동,4509,4336,8845
20210919,1호선,지행,3757,4004,7761
20210919,1호선,직산,497,539,1036
20210919,1호선,진위,660,652,1312
20210919,1호선,천안,5369,6579,11948
20210919,1호선,청라국제도시,2538,2531,5069
20210919,1호선,청량리,25089,26423,51512
20210919,1호선,평택,10525,11054,21579
20210919,1호선,평택지제,1652,1713,3365
20210919,1호선,한남,1764,1678,3442
20210919,1호선,홍대입구,7537,6568,14105
20210919,1호선,화서,3232,3263,6495
20210919,1호선,회룡,6289,6492,12781
20210925,1호선,가능,4815,4668,9483
20210925,1호선,가산디지털단지,5464,7505,12969
20210925,1호선,간석,3913,3781,7694
20210925,1호선,개봉,14721,14569,29290
20210925,1호선,검암,4270,4347,8617
20210925,1호선,계양,6160,5842,12002
20210925,1호선,공덕,1262,1744,3006
20210925,1호선,공항화물청사,1372,1431,2803
20210925,1호선,관악,5441,4944,10385
20210925,1호선,광명,2103,1942,4045
20210925,1호선,광운대,5084,4938,10022
20210925,1호선,구로,11075,11137,22212
20210925,1호선,구일,3859,3759,7618
20210925,1호선,군포,4022,3713,7735
20210925,1호선,금정,16506,16339,32845
20210925,1호선,금천구청,7429,7425,14854
20210925,1호선,김포공항,10903,5062,15965
20210925,1호선,남영,4636,4848,9484
20210925,1호선,노량진,7551,6670,14221
20210925,1호선,녹양,3344,3228,6572
20210925,1호선,녹천,3003,2531,5534
20210925,1호선,당정,3596,3421,7017
20210925,1호선,대방,6520,6692,13212
20210925,1호선,덕계,2195,2087,4282
20210925,1호선,덕정,3902,3691,7593
20210925,1호선,도봉,4334,4157,8491
20210925,1호선,도봉산,9356,6745,16101
20210925,1호선,도원,1722,1876,3598
20210925,1호선,도화,2949,2731,5680
20210925,1호선,독산,8142,8005,16147
20210925,1호선,동대문,9524,8829,18353
20210925,1호선,동두천,1615,2183,3798
20210925,1호선,동두천중앙,2487,2533,5020
20210925,1호선,동묘앞,10477,11009,21486
20210925,1호선,동암,11208,11276,22484
20210925,1호선,동인천,10601,10505,21106
20210925,1호선,두정,4290,4539,8829
20210925,1호선,디지털미디어시티,4167,4128,8295
20210925,1호선,마곡나루,2929,3060,5989
20210925,1호선,망월사,5023,5194,10217
20210925,1호선,명학,4466,4217,8683
20210925,1호선,방학,7005,6720,13725
20210925,1호선,배방,935,875,1810
20210925,1호선,백운,4943,4730,9673
20210925,1호선,병점,10350,10460,20810
20210925,1호선,보산,1612,1516,3128
20210925,1호선,봉명,658,588,1246
20210925,1호선,부개,5784,5406,11190
20210925,1호선,부천,24955,25753,50708
20210925,1호선,부평,25790,28121,53911
20210925,1호선,서동탄,900,912,1812
20210925,1호선,서빙고,1237,1140,2377
20210925,1호선,서울,35923,30722,66645
20210925,1호선,서정리,5300,4802,10102
20210925,1호선,석계,6157,6497,12654
20210925,1호선,석수,6457,5850,12307
20210925,1호선,성균관대,8966,9013,17979
20210925,1호선,성환,2661,2530,5191
20210925,1호선,세류,2190,2203,4393
20210925,1호선,세마,1928,1745,3673
20210925,1호선,소사,6422,6238,12660
20210925,1호선,소요산,4298,3594,7892
20210925,1호선,송내,15935,15788,31723
20210925,1호선,송탄,4142,3826,7968
20210925,1호선,수원,30818,32579,63397
20210925,1호선,시청,8987,8773,17760
20210925,1호선,신길,5570,4715,10285
20210925,1호선,신도림,2659,2742,5401
20210925,1호선,신설동,8439,8116,16555
20210925,1호선,신이문,5546,5103,10649
20210925,1호선,신창,1164,1114,2278
20210925,1호선,쌍용,1404,1283,2687
20210925,1호선,아산,2496,2263,4759
20210925,1호선,안양,15525,15494,31019
20210925,1호선,양주,6430,6111,12541
20210925,1호선,역곡,18276,18018,36294
20210925,1호선,영등포,31867,33105,64972
20210925,1호선,영종,2562,2690,5252
20210925,1호선,오류동,8197,7508,15705
20210925,1호선,오산,7806,7538,15344
20210925,1호선,오산대,2550,2419,4969
20210925,1호선,옥수,22,36,58
20210925,1호선,온수,4434,4119,8553
20210925,1호선,온양온천,3129,3304,6433
20210925,1호선,왕십리,10428,12185,22613
20210925,1호선,외대앞,5483,5430,10913
20210925,1호선,용산,26593,27320,53913
20210925,1호선,운서,5305,5681,10986
20210925,1호선,월계,4285,4075,8360
20210925,1호선,응봉,1257,1091,2348
20210925,1호선,의왕,5343,5338,10681
20210925,1호선,의정부,15199,16158,31357
20210925,1호선,이촌,2903,2112,5015
20210925,1호선,인천,4395,3929,8324
20210925,1호선,인천공항1터미널,3057,3125,6182
20210925,1호선,인천공항2터미널,1832,1683,3515
20210925,1호선,제기동,12789,12898,25687
20210925,1호선,제물포,6597,6338,12935
20210925,1호선,종각,14983,13965,28948
20210925,1호선,종로3가,19826,18334,38160
20210925,1호선,종로5가,15671,16097,31768
20210925,1호선,주안,13557,12321,25878
20210925,1호선,중동,6083,5667,11750
20210925,1호선,지행,4946,4936,9882
20210925,1호선,직산,581,580,1161
20210925,1호선,진위,913,812,1725
20210925,1호선,창동,1,0,1
20210925,1호선,천안,5498,5803,11301
20210925,1호선,청라국제도시,3836,3728,7564
20210925,1호선,청량리,28651,30158,58809
20210925,1호선,평택,11386,10887,22273
20210925,1호선,평택지제,2561,2400,4961
20210925,1호선,한남,2614,2434,5048
20210925,1호선,홍대입구,9651,9717,19368
20210925,1호선,화서,4773,4714,9487
20210925,1호선,회룡,9016,9004,18020
20210926,1호선,가능,3733,3544,7277
20210926,1호선,가산디지털단지,4011,5511,9522
20210926,1호선,간석,2876,2714,5590
20210926,1호선,개봉,10314,10079,20393
20210926,1호선,검암,3220,3271,6491
20210926,1호선,계양,4428,4404,8832
20210926,1호선,공덕,975,1417,2392
20210926,1호선,공항화물청사,1050,1086,2136
20210926,1호선,관악,4330,4085,8415
20210926,1호선,광명,1938,1362,3300
20210926,1호선,광운대,3657,3725,7382
20210926,1호선,구로,8067,8252,16319
20210926,1호선,구일,2776,2733,5509
20210926,1호선,군포,2778,2717,5495
20210926,1호선,금정,12088,12310,24398
20210926,1호선,금천구청,5466,5459,10925
20210926,1호선,김포공항,11369,5192,16561
20210926,1호선,남영,3513,3835,7348
20210926,1호선,노량진,5238,4987,10225
20210926,1호선,녹양,2501,2424,4925
20210926,1호선,녹천,2590,2218,4808
20210926,1호선,당정,2653,2603,5256
20210926,1호선,대방,4648,5033,9681
20210926,1호선,덕계,1585,1489,3074
20210926,1호선,덕정,2958,3181,6139
20210926,1호선,도봉,3316,3059,6375
20210926,1호선,도봉산,9387,6838,16225
20210926,1호선,도원,1468,1488,2956
20210926,1호선,도화,2097,2002,4099
20210926,1호선,독산,5307,5270,10577
20210926,1호선,동대문,7568,8210,15778
20210926,1호선,동두천,1358,1732,3090
20210926,1호선,동두천중앙,1893,1816,3709
20210926,1호선,동묘앞,11344,11327,22671
20210926,1호선,동암,8328,8223,16551
20210926,1호선,동인천,8327,8157,16484
20210926,1호선,두정,3594,3993,7587
20210926,1호선,디지털미디어시티,3115,3170,6285
20210926,1호선,마곡나루,2223,2321,4544
20210926,1호선,망월사,4233,4321,8554
20210926,1호선,명학,2906,2836,5742
20210926,1호선,방학,5281,5092,10373
20210926,1호선,배방,684,822,1506
20210926,1호선,백운,3598,3598,7196
20210926,1호선,병점,7875,8535,16410
20210926,1호선,보산,1232,1265,2497
20210926,1호선,봉명,496,472,968
20210926,1호선,부개,4148,3933,8081
20210926,1호선,부천,18509,18193,36702
20210926,1호선,부평,19425,19896,39321
20210926,1호선,서동탄,681,713,1394
20210926,1호선,서빙고,1021,1018,2039
20210926,1호선,서울,33142,24877,58019
20210926,1호선,서정리,3758,4999,8757
20210926,1호선,석계,4461,4825,9286
20210926,1호선,석수,4784,4714,9498
20210926,1호선,성균관대,6674,7110,13784
20210926,1호선,성환,2097,2490,4587
20210926,1호선,세류,1787,1772,3559
20210926,1호선,세마,1487,1406,2893
20210926,1호선,소사,4663,4578,9241
20210926,1호선,소요산,4653,3993,8646
20210926,1호선,송내,11418,11175,22593
20210926,1호선,송탄,3126,3550,6676
20210926,1호선,수원,27575,26428,54003
20210926,1호선,시청,6503,6315,12818
20210926,1호선,신길,4188,3629,7817
20210926,1호선,신도림,1990,2080,4070
20210926,1호선,신설동,6498,6558,13056
20210926,1호선,신이문,4216,4021,8237
20210926,1호선,신창,1000,1469,2469
20210926,1호선,쌍용,956,1040,1996
20210926,1호선,아산,2679,1806,4485
20210926,1호선,안양,11581,11342,22923
20210926,1호선,양주,5074,4991,10065
20210926,1호선,역곡,12719,12651,25370
20210926,1호선,영등포,24900,24355,49255
20210926,1호선,영종,2094,2027,4121
20210926,1호선,오류동,6060,5759,11819
20210926,1호선,오산,6388,6629,13017
20210926,1호선,오산대,2016,1946,3962
20210926,1호선,옥수,72,31,103
20210926,1호선,온수,3308,3098,6406
20210926,1호선,온양온천,2773,2702,5475
20210926,1호선,왕십리,7698,8696,16394
20210926,1호선,외대앞,4110,4177,8287
20210926,1호선,용산,23864,21232,45096
20210926,1호선,운서,4578,4784,9362
20210926,1호선,월계,3165,2896,6061
20210926,1호선,응봉,967,960,1927
20210926,1호선,의왕,3764,3890,7654
20210926,1호선,의정부,11886,12061,23947
20210926,1호선,이촌,2215,1592,3807
20210926,1호선,인천,3940,3330,7270
20210926,1호선,인천공항1터미널,3331,3257,6588
20210926,1호선,인천공항2터미널,1777,1645,3422
20210926,1호선,제기동,8079,8367,16446
20210926,1호선,제물포,4877,4704,9581
20210926,1호선,종각,9587,8669,18256
20210926,1호선,종로3가,12261,10934,23195
20210926,1호선,종로5가,7329,7558,14887
20210926,1호선,주안,10221,9158,19379
20210926,1호선,중동,4259,3990,8249
20210926,1호선,지행,3768,3839,7607
20210926,1호선,직산,494,534,1028
20210926,1호선,진위,651,640,1291
20210926,1호선,창동,1,0,1
20210926,1호선,천안,5527,5248,10775
20210926,1호선,청라국제도시,2820,2667,5487
20210926,1호선,청량리,22855,21971,44826
20210926,1호선,평택,9350,10152,19502
20210926,1호선,평택지제,2046,1810,3856
20210926,1호선,한남,1785,1781,3566
20210926,1호선,홍대입구,7759,7472,15231
20210926,1호선,화서,3441,3389,6830
20210926,1호선,회룡,6682,6701,13383
20211002,1호선,가능,4835,4615,9450
20211002,1호선,가산디지털단지,5765,7902,13667
20211002,1호선,간석,3995,3959,7954
20211002,1호선,개봉,15637,15166,30803
20211002,1호선,검암,4326,4512,8838
20211002,1호선,계양,6595,5986,12581
20211002,1호선,공덕,1419,2016,3435
20211002,1호선,공항화물청사,1361,1357,2718
20211002,1호선,관악,5425,5167,10592
20211002,1호선,광명,2469,2365,4834
20211002,1호선,광운대,5336,5124,10460
20211002,1호선,구로,12052,12347,24399
20211002,1호선,구일,4093,3867,7960
20211002,1호선,군포,4070,3688,7758
20211002,1호선,금정,17222,17287,34509
20211002,1호선,금천구청,7895,7817,15712
20211002,1호선,김포공항,10971,6300,17271
20211002,1호선,남영,5073,5693,10766
20211002,1호선,노량진,8208,7533,15741
20211002,1호선,녹양,3376,3324,6700
20211002,1호선,녹천,3252,2660,5912
20211002,1호선,당정,3864,3650,7514
20211002,1호선,대방,7472,7388,14860
20211002,1호선,덕계,2304,2040,4344
20211002,1호선,덕정,4118,3906,8024
20211002,1호선,도봉,4271,3990,8261
20211002,1호선,도봉산,9050,6481,15531
20211002,1호선,도원,1922,2034,3956
20211002,1호선,도화,3078,2785,5863
20211002,1호선,독산,8456,8183,16639
20211002,1호선,동대문,9894,9300,19194
20211002,1호선,동두천,1574,2254,3828
20211002,1호선,동두천중앙,2427,2440,4867
20211002,1호선,동묘앞,10868,11022,21890
20211002,1호선,동암,11314,11673,22987
20211002,1호선,동인천,11094,11089,22183
20211002,1호선,두정,5509,5541,11050
20211002,1호선,디지털미디어시티,4820,4402,9222
20211002,1호선,마곡나루,3070,3228,6298
20211002,1호선,망월사,5302,5539,10841
20211002,1호선,명학,4825,4580,9405
20211002,1호선,방학,7064,6861,13925
20211002,1호선,배방,966,952,1918
20211002,1호선,백운,5190,5079,10269
20211002,1호선,병점,11408,11022,22430
20211002,1호선,보산,1657,1535,3192
20211002,1호선,봉명,648,615,1263
20211002,1호선,부개,6018,5590,11608
20211002,1호선,부천,26490,26909,53399
20211002,1호선,부평,26083,28445,54528
20211002,1호선,서동탄,930,1035,1965
20211002,1호선,서빙고,1381,1314,2695
20211002,1호선,서울,39864,39128,78992
20211002,1호선,서정리,6138,5259,11397
20211002,1호선,석계,6534,6889,13423
20211002,1호선,석수,6740,6193,12933
20211002,1호선,성균관대,9456,9494,18950
20211002,1호선,성환,2982,2775,5757
20211002,1호선,세류,2349,2342,4691
20211002,1호선,세마,2000,1743,3743
20211002,1호선,소사,6568,6595,13163
20211002,1호선,소요산,4316,3629,7945
20211002,1호선,송내,16613,16422,33035
20211002,1호선,송탄,4267,3879,8146
20211002,1호선,수원,33270,36149,69419
20211002,1호선,시청,9264,9301,18565
20211002,1호선,신길,5910,5065,10975
20211002,1호선,신도림,2852,2867,5719
20211002,1호선,신설동,8994,8457,17451
20211002,1호선,신이문,5794,5249,11043
20211002,1호선,신창,1352,1270,2622
20211002,1호선,쌍용,1441,1277,2718
20211002,1호선,아산,2924,2965,5889
20211002,1호선,안양,16185,16295,32480
20211002,1호선,양주,6614,6477,13091
20211002,1호선,역곡,18832,18537,37369
20211002,1호선,영등포,33486,35194,68680
20211002,1호선,영종,2742,2936,5678
20211002,1호선,오류동,8668,7851,16519
20211002,1호선,오산,8477,8083,16560
20211002,1호선,오산대,2663,2447,5110
20211002,1호선,옥수,33,26,59
20211002,1호선,온수,4666,4245,8911
20211002,1호선,온양온천,3446,3516,6962
20211002,1호선,왕십리,11082,12613,23695
20211002,1호선,외대앞,5784,5502,11286
20211002,1호선,용산,27946,31991,59937
20211002,1호선,운서,5814,5868,11682
20211002,1호선,월계,4345,4042,8387
20211002,1호선,응봉,1382,1134,2516
20211002,1호선,의왕,5811,5529,11340
20211002,1호선,의정부,15451,16188,31639
20211002,1호선,이촌,3084,2076,5160
20211002,1호선,인천,4709,4037,8746
20211002,1호선,인천공항1터미널,3387,3383,6770
20211002,1호선,인천공항2터미널,1915,1722,3637
20211002,1호선,제기동,13916,14155,28071
20211002,1호선,제물포,6733,6573,13306
20211002,1호선,종각,15950,14612,30562
20211002,1호선,종로3가,21164,19652,40816
20211002,1호선,종로5가,16986,16811,33797
20211002,1호선,주안,14096,12542,26638
20211002,1호선,중동,6378,6053,12431
20211002,1호선,지행,5241,5151,10392
20211002,1호선,직산,639,617,1256
20211002,1호선,진위,992,868,1860
20211002,1호선,천안,6172,6666,12838
20211002,1호선,청라국제도시,3874,3791,7665
20211002,1호선,청량리,30784,32604,63388
20211002,1호선,평택,12511,12038,24549
20211002,1호선,평택지제,2843,2647,5490
20211002,1호선,한남,2754,2574,5328
20211002,1호선,홍대입구,10582,10208,20790
20211002,1호선,화서,5098,5118,10216
20211002,1호선,회룡,9197,9152,18349
20211003,1호선,가능,3908,3722,7630
20211003,1호선,가산디지털단지,4458,6039,10497
20211003,1호선,간석,2983,2880,5863
20211003,1호선,개봉,11225,11105,22330
20211003,1호선,검암,3507,3639,7146
20211003,1호선,계양,4898,4761,9659
20211003,1호선,공덕,1141,1499,2640
20211003,1호선,공항화물청사,1055,1121,2176
20211003,1호선,관악,4670,4248,8918
20211003,1호선,광명,1922,1548,3470
20211003,1호선,광운대,4117,4101,8218
20211003,1호선,구로,8614,8697,17311
20211003,1호선,구일,3254,3107,6361
20211003,1호선,군포,2697,2574,5271
20211003,1호선,금정,13098,13231,26329
20211003,1호선,금천구청,6066,5851,11917
20211003,1호선,김포공항,10176,5344,15520
20211003,1호선,남영,3768,4033,7801
20211003,1호선,노량진,5865,5665,11530
20211003,1호선,녹양,2561,2474,5035
20211003,1호선,녹천,2444,2053,4497
20211003,1호선,당정,2897,2783,5680
20211003,1호선,대방,5248,5437,10685
20211003,1호선,덕계,1634,1572,3206
20211003,1호선,덕정,3152,3242,6394
20211003,1호선,도봉,3457,3276,6733
20211003,1호선,도봉산,9810,7204,17014
20211003,1호선,도원,1531,1560,3091
20211003,1호선,도화,2228,2117,4345
20211003,1호선,독산,6103,5933,12036
20211003,1호선,동대문,8421,9063,17484
20211003,1호선,동두천,1419,1811,3230
20211003,1호선,동두천중앙,1971,1886,3857
20211003,1호선,동묘앞,12249,12387,24636
20211003,1호선,동암,9104,8995,18099
20211003,1호선,동인천,9208,8887,18095
20211003,1호선,두정,4555,4824,9379
20211003,1호선,디지털미디어시티,3430,3426,6856
20211003,1호선,마곡나루,2348,2548,4896
20211003,1호선,망월사,4243,4432,8675
20211003,1호선,명학,3226,3206,6432
20211003,1호선,방학,5669,5363,11032
20211003,1호선,배방,806,857,1663
20211003,1호선,백운,3807,3795,7602
20211003,1호선,병점,8705,8970,17675
20211003,1호선,보산,1163,1299,2462
20211003,1호선,봉명,479,510,989
20211003,1호선,부개,4585,4271,8856
20211003,1호선,부천,20644,20787,41431
20211003,1호선,부평,21055,22161,43216
20211003,1호선,서동탄,794,809,1603
20211003,1호선,서빙고,1131,1132,2263
20211003,1호선,서울,33536,27353,60889
20211003,1호선,서정리,3903,4921,8824
20211003,1호선,석계,4907,5205,10112
20211003,1호선,석수,5235,4909,10144
20211003,1호선,성균관대,7056,7482,14538
20211003,1호선,성환,2201,2399,4600
20211003,1호선,세류,1918,1963,3881
20211003,1호선,세마,1655,1498,3153
20211003,1호선,소사,5101,5120,10221
20211003,1호선,소요산,4857,4187,9044
20211003,1호선,송내,12740,12351,25091
20211003,1호선,송탄,3367,3552,6919
20211003,1호선,수원,29372,29407,58779
20211003,1호선,시청,7295,7213,14508
20211003,1호선,신길,4616,3962,8578
20211003,1호선,신도림,2122,2262,4384
20211003,1호선,신설동,6810,6701,13511
20211003,1호선,신이문,4408,4170,8578
20211003,1호선,신창,1046,1207,2253
20211003,1호선,쌍용,984,994,1978
20211003,1호선,아산,2425,1997,4422
20211003,1호선,안양,12699,12372,25071
20211003,1호선,양주,5638,5581,11219
20211003,1호선,역곡,13738,13507,27245
20211003,1호선,영등포,27222,26897,54119
20211003,1호선,영종,2378,2411,4789
20211003,1호선,오류동,6611,6125,12736
20211003,1호선,오산,7307,7508,14815
20211003,1호선,오산대,2171,2054,4225
20211003,1호선,옥수,50,35,85
20211003,1호선,온수,3544,3321,6865
20211003,1호선,온양온천,2923,2858,5781
20211003,1호선,왕십리,8397,9632,18029
20211003,1호선,외대앞,4473,4408,8881
20211003,1호선,용산,25239,23511,48750
20211003,1호선,운서,4875,5193,10068
20211003,1호선,월계,3644,3440,7084
20211003,1호선,응봉,1134,960,2094
20211003,1호선,의왕,4115,4102,8217
20211003,1호선,의정부,12921,13311,26232
20211003,1호선,이촌,2438,1699,4137
20211003,1호선,인천,4726,4035,8761
20211003,1호선,인천공항1터미널,3655,3622,7277
20211003,1호선,인천공항2터미널,1676,1688,3364
20211003,1호선,제기동,8933,9104,18037
20211003,1호선,제물포,5372,5156,10528
20211003,1호선,종각,11484,10121,21605
20211003,1호선,종로3가,14455,12486,26941
20211003,1호선,종로5가,8165,8441,16606
20211003,1호선,주안,10807,9805,20612
20211003,1호선,중동,4742,4536,9278
20211003,1호선,지행,3932,4036,7968
20211003,1호선,직산,506,538,1044
20211003,1호선,진위,711,699,1410
20211003,1호선,천안,5736,5592,11328
20211003,1호선,청라국제도시,3087,2918,6005
20211003,1호선,청량리,25160,24898,50058
20211003,1호선,평택,9914,10541,20455
20211003,1호선,평택지제,2042,1966,4008
20211003,1호선,한남,1964,1967,3931
20211003,1호선,홍대입구,9092,8909,18001
20211003,1호선,화서,3786,3756,7542
20211003,1호선,회룡,7059,7058,14117
20211009,1호선,가능,4609,4428,9037
20211009,1호선,가산디지털단지,5934,7668,13602
20211009,1호선,간석,3781,3631,7412
20211009,1호선,개봉,14901,14392,29293
20211009,1호선,검암,4410,4385,8795
20211009,1호선,계양,6355,5712,12067
20211009,1호선,공덕,1433,2064,3497
20211009,1호선,공항화물청사,1326,1347,2673
20211009,1호선,관악,5460,5116,10576
20211009,1호선,광명,2621,2629,5250
20211009,1호선,광운대,5063,4809,9872
20211009,1호선,구로,11494,11889,23383
20211009,1호선,구일,3894,3535,7429
20211009,1호선,군포,3975,3596,7571
20211009,1호선,금정,16656,16404,33060
20211009,1호선,금천구청,7539,7289,14828
20211009,1호선,김포공항,12069,6257,18326
20211009,1호선,남영,4966,5034,10000
20211009,1호선,노량진,8402,7454,15856
20211009,1호선,녹양,3128,3077,6205
20211009,1호선,녹천,3002,2522,5524
20211009,1호선,당정,3646,3490,7136
20211009,1호선,대방,7287,7071,14358
20211009,1호선,덕계,2203,2066,4269
20211009,1호선,덕정,3833,3652,7485
20211009,1호선,도봉,4205,3860,8065
20211009,1호선,도봉산,8515,6023,14538
20211009,1호선,도원,1737,1800,3537
20211009,1호선,도화,2763,2528,5291
20211009,1호선,독산,8162,7840,16002
20211009,1호선,동대문,9819,9278,19097
20211009,1호선,동두천,1480,1943,3423
20211009,1호선,동두천중앙,2226,2246,4472
20211009,1호선,동묘앞,10903,11375,22278
20211009,1호선,동암,11279,11587,22866
20211009,1호선,동인천,10755,10706,21461
20211009,1호선,두정,5506,5642,11148
20211009,1호선,디지털미디어시티,5007,4722,9729
20211009,1호선,마곡나루,3044,3197,6241
20211009,1호선,망월사,4894,5087,9981
20211009,1호선,명학,5213,4909,10122
20211009,1호선,방학,6641,6385,13026
20211009,1호선,배방,998,1017,2015
20211009,1호선,백운,4971,4887,9858
20211009,1호선,병점,11335,11092,22427
20211009,1호선,보산,1825,1577,3402
20211009,1호선,봉명,630,624,1254
20211009,1호선,부개,5819,5476,11295
20211009,1호선,부천,25208,25784,50992
20211009,1호선,부평,25593,27805,53398
20211009,1호선,서동탄,1073,1074,2147
20211009,1호선,서빙고,1349,1196,2545
20211009,1호선,서울,42712,42184,84896
20211009,1호선,서정리,5916,5154,11070
20211009,1호선,석계,6191,6448,12639
20211009,1호선,석수,6440,5906,12346
20211009,1호선,성균관대,9321,9239,18560
20211009,1호선,성환,2852,2680,5532
20211009,1호선,세류,2457,2457,4914
20211009,1호선,세마,2031,1793,3824
20211009,1호선,소사,6754,6645,13399
20211009,1호선,소요산,4054,3632,7686
20211009,1호선,송내,16086,15670,31756
20211009,1호선,송탄,4535,3837,8372
20211009,1호선,수원,34064,37159,71223
20211009,1호선,시청,9707,10111,19818
20211009,1호선,신길,5622,4620,10242
20211009,1호선,신도림,2890,3020,5910
20211009,1호선,신설동,8232,7724,15956
20211009,1호선,신이문,5662,5083,10745
20211009,1호선,신창,1236,1198,2434
20211009,1호선,쌍용,1586,1436,3022
20211009,1호선,아산,2893,3067,5960
20211009,1호선,안양,16988,16843,33831
20211009,1호선,양주,6301,6066,12367
20211009,1호선,역곡,17751,17298,35049
20211009,1호선,영등포,33235,34507,67742
20211009,1호선,영종,2841,2939,5780
20211009,1호선,오류동,8004,7057,15061
20211009,1호선,오산,8619,8063,16682
20211009,1호선,오산대,2739,2507,5246
20211009,1호선,옥수,49,41,90
20211009,1호선,온수,4463,3998,8461
20211009,1호선,온양온천,5071,5284,10355
20211009,1호선,왕십리,10773,12324,23097
20211009,1호선,외대앞,5075,4826,9901
20211009,1호선,용산,29688,33515,63203
20211009,1호선,운서,5590,5834,11424
20211009,1호선,월계,4159,3844,8003
20211009,1호선,응봉,1472,1122,2594
20211009,1호선,의왕,5513,5304,10817
20211009,1호선,의정부,15251,16000,31251
20211009,1호선,이촌,2723,1924,4647
20211009,1호선,인천,4822,4210,9032
20211009,1호선,인천공항1터미널,3454,3498,6952
20211009,1호선,인천공항2터미널,1850,1638,3488
20211009,1호선,제기동,13835,14130,27965
20211009,1호선,제물포,6568,6367,12935
20211009,1호선,종각,15451,14224,29675
20211009,1호선,종로3가,20835,19163,39998
20211009,1호선,종로5가,16603,17132,33735
20211009,1호선,주안,13830,12397,26227
20211009,1호선,중동,5984,5525,11509
20211009,1호선,지행,4741,4906,9647
20211009,1호선,직산,649,628,1277
20211009,1호선,진위,948,861,1809
20211009,1호선,창동,1,0,1
20211009,1호선,천안,6569,7167,13736
20211009,1호선,청라국제도시,3889,3699,7588
20211009,1호선,청량리,32056,33309,65365
20211009,1호선,평택,12948,12359,25307
20211009,1호선,평택지제,2830,2747,5577
20211009,1호선,한남,2557,2289,4846
20211009,1호선,홍대입구,10884,10688,21572
20211009,1호선,화서,5018,4991,10009
20211009,1호선,회룡,8692,8552,17244
20211010,1호선,가능,3560,3379,6939
20211010,1호선,가산디지털단지,4095,5746,9841
20211010,1호선,간석,2757,2742,5499
20211010,1호선,개봉,10160,10390,20550
20211010,1호선,검암,3165,3177,6342
20211010,1호선,계양,4494,4406,8900
20211010,1호선,공덕,992,1488,2480
20211010,1호선,공항화물청사,953,1002,1955
20211010,1호선,관악,4012,3812,7824
20211010,1호선,광명,2163,1674,3837
20211010,1호선,광운대,3566,3636,7202
20211010,1호선,구로,8744,8690,17434
20211010,1호선,구일,2674,2682,5356
20211010,1호선,군포,2667,2422,5089
20211010,1호선,금정,12338,12630,24968
20211010,1호선,금천구청,5476,5393,10869
20211010,1호선,김포공항,11102,5763,16865
20211010,1호선,남영,4062,4210,8272
20211010,1호선,노량진,5346,5170,10516
20211010,1호선,녹양,2244,2240,4484
20211010,1호선,녹천,2159,1885,4044
20211010,1호선,당정,2662,2671,5333
20211010,1호선,대방,4892,5141,10033
20211010,1호선,덕계,1450,1410,2860
20211010,1호선,덕정,2733,2826,5559
20211010,1호선,도봉,3065,2881,5946
20211010,1호선,도봉산,6491,4628,11119
20211010,1호선,도원,1336,1378,2714
20211010,1호선,도화,2082,1982,4064
20211010,1호선,독산,5640,5592,11232
20211010,1호선,동대문,7177,7697,14874
20211010,1호선,동두천,1155,1430,2585
20211010,1호선,동두천중앙,1833,1830,3663
20211010,1호선,동묘앞,7693,7815,15508
20211010,1호선,동암,8399,8553,16952
20211010,1호선,동인천,8226,8018,16244
20211010,1호선,두정,4561,4589,9150
20211010,1호선,디지털미디어시티,3202,3198,6400
20211010,1호선,마곡나루,1943,2151,4094
20211010,1호선,망월사,3806,3918,7724
20211010,1호선,명학,3188,3170,6358
20211010,1호선,방학,4925,4889,9814
20211010,1호선,배방,775,733,1508
20211010,1호선,백운,3484,3478,6962
20211010,1호선,병점,8366,8702,17068
20211010,1호선,보산,1232,1221,2453
20211010,1호선,봉명,479,485,964
20211010,1호선,부개,4043,3943,7986
20211010,1호선,부천,18652,18362,37014
20211010,1호선,부평,19973,20589,40562
20211010,1호선,서동탄,646,719,1365
20211010,1호선,서빙고,921,914,1835
20211010,1호선,서울,36239,28650,64889
20211010,1호선,서정리,3954,4810,8764
20211010,1호선,석계,4348,4595,8943
20211010,1호선,석수,4639,4336,8975
20211010,1호선,성균관대,6714,6845,13559
20211010,1호선,성환,2089,2363,4452
20211010,1호선,세류,1815,1838,3653
20211010,1호선,세마,1454,1366,2820
20211010,1호선,소사,4906,4767,9673
20211010,1호선,소요산,3258,2802,6060
20211010,1호선,송내,11470,11220,22690
20211010,1호선,송탄,3284,3549,6833
20211010,1호선,수원,29184,28768,57952
20211010,1호선,시청,7214,6993,14207
20211010,1호선,신길,4375,3716,8091
20211010,1호선,신도림,1857,2011,3868
20211010,1호선,신설동,5705,5889,11594
20211010,1호선,신이문,4039,3796,7835
20211010,1호선,신창,916,1081,1997
20211010,1호선,쌍용,995,1032,2027
20211010,1호선,아산,2558,1941,4499
20211010,1호선,안양,13082,12836,25918
20211010,1호선,양주,4662,4616,9278
20211010,1호선,역곡,12568,12458,25026
20211010,1호선,영등포,27887,27309,55196
20211010,1호선,영종,2197,2251,4448
20211010,1호선,오류동,6042,5739,11781
20211010,1호선,오산,6722,7048,13770
20211010,1호선,오산대,1941,1847,3788
20211010,1호선,옥수,65,42,107
20211010,1호선,온수,3183,3001,6184
20211010,1호선,온양온천,2920,2791,5711
20211010,1호선,왕십리,7801,9002,16803
20211010,1호선,외대앞,4045,4044,8089
20211010,1호선,용산,27501,24761,52262
20211010,1호선,운서,4467,4725,9192
20211010,1호선,월계,2979,2670,5649
20211010,1호선,응봉,880,830,1710
20211010,1호선,의왕,3812,3799,7611
20211010,1호선,의정부,11568,12043,23611
20211010,1호선,이촌,1788,1483,3271
20211010,1호선,인천,3288,2586,5874
20211010,1호선,인천공항1터미널,3283,3234,6517
20211010,1호선,인천공항2터미널,1625,1522,3147
20211010,1호선,제기동,7522,7654,15176
20211010,1호선,제물포,4710,4702,9412
20211010,1호선,종각,11034,9947,20981
20211010,1호선,종로3가,12461,11467,23928
20211010,1호선,종로5가,8214,8388,16602
20211010,1호선,주안,10360,9329,19689
20211010,1호선,중동,4224,4066,8290
20211010,1호선,지행,3538,3462,7000
20211010,1호선,직산,545,525,1070
20211010,1호선,진위,683,656,1339
20211010,1호선,천안,5589,5414,11003
20211010,1호선,청라국제도시,2742,2748,5490
20211010,1호선,청량리,23579,23251,46830
20211010,1호선,평택,10187,10348,20535
20211010,1호선,평택지제,2039,1924,3963
20211010,1호선,한남,1660,1683,3343
20211010,1호선,홍대입구,8735,8440,17175
20211010,1호선,화서,3601,3622,7223
20211010,1호선,회룡,6169,6204,12373
20211016,1호선,가능,5234,4907,10141
20211016,1호선,가산디지털단지,5992,8446,14438
20211016,1호선,간석,4027,4002,8029
20211016,1호선,개봉,15703,15653,31356
20211016,1호선,검암,4273,4364,8637
20211016,1호선,계양,6679,6233,12912
20211016,1호선,공덕,1407,2098,3505
20211016,1호선,공항화물청사,1263,1313,2576
20211016,1호선,관악,5780,5432,11212
20211016,1호선,광명,2522,2242,4764
20211016,1호선,광운대,5291,5174,10465
20211016,1호선,구로,12884,13167,26051
20211016,1호선,구일,4509,4214,8723
20211016,1호선,군포,4193,3890,8083
20211016,1호선,금정,17889,17884,35773
20211016,1호선,금천구청,8219,8152,16371
20211016,1호선,김포공항,11117,5881,16998
20211016,1호선,남영,5608,5869,11477
20211016,1호선,노량진,8348,7655,16003
20211016,1호선,녹양,3552,3473,7025
20211016,1호선,녹천,3355,2758,6113
20211016,1호선,당정,3815,3619,7434
20211016,1호선,대방,7824,7927,15751
20211016,1호선,덕계,2413,2173,4586
20211016,1호선,덕정,4410,4061,8471
20211016,1호선,도봉,4470,4284,8754
20211016,1호선,도봉산,9719,6726,16445
20211016,1호선,도원,1873,2017,3890
20211016,1호선,도화,2980,2780,5760
20211016,1호선,독산,8644,8526,17170
20211016,1호선,동대문,10521,9715,20236
20211016,1호선,동두천,1583,2206,3789
20211016,1호선,동두천중앙,2544,2621,5165
20211016,1호선,동묘앞,11113,11496,22609
20211016,1호선,동암,11581,12047,23628
20211016,1호선,동인천,11072,10973,22045
20211016,1호선,두정,5475,5408,10883
20211016,1호선,디지털미디어시티,5497,5216,10713
20211016,1호선,마곡나루,2935,3165,6100
20211016,1호선,망월사,6858,6913,13771
20211016,1호선,명학,5042,4887,9929
20211016,1호선,방학,7315,7110,14425
20211016,1호선,배방,984,985,1969
20211016,1호선,백운,5385,5226,10611
20211016,1호선,병점,11581,11684,23265
20211016,1호선,보산,2010,1874,3884
20211016,1호선,봉명,673,636,1309
20211016,1호선,부개,6265,5919,12184
20211016,1호선,부천,27125,27739,54864
20211016,1호선,부평,27733,29914,57647
20211016,1호선,서동탄,992,1003,1995
20211016,1호선,서빙고,1402,1591,2993
20211016,1호선,서울,41778,39045,80823
20211016,1호선,서정리,6467,5411,11878
20211016,1호선,석계,6540,7012,13552
20211016,1호선,석수,6883,6299,13182
20211016,1호선,성균관대,9608,9715,19323
20211016,1호선,성환,2886,2764,5650
20211016,1호선,세류,2465,2525,4990
20211016,1호선,세마,1982,1781,3763
20211016,1호선,소사,7315,7155,14470
20211016,1호선,소요산,4224,3803,8027
20211016,1호선,송내,17114,16851,33965
20211016,1호선,송탄,4811,4177,8988
20211016,1호선,수원,35415,37724,73139
20211016,1호선,시청,10127,10793,20920
20211016,1호선,신길,5933,4922,10855
20211016,1호선,신도림,2663,2962,5625
20211016,1호선,신설동,9232,8885,18117
20211016,1호선,신이문,6055,5568,11623
20211016,1호선,신창,1191,1147,2338
20211016,1호선,쌍용,1481,1341,2822
20211016,1호선,아산,2719,2613,5332
20211016,1호선,안양,18320,18163,36483
20211016,1호선,양주,6709,6476,13185
20211016,1호선,역곡,19117,18818,37935
20211016,1호선,영등포,36553,37527,74080
20211016,1호선,영종,2778,2766,5544
20211016,1호선,오류동,8598,7806,16404
20211016,1호선,오산,9079,8563,17642
20211016,1호선,오산대,2761,2504,5265
20211016,1호선,옥수,26,31,57
20211016,1호선,온수,4761,4375,9136
20211016,1호선,온양온천,3573,3659,7232
20211016,1호선,왕십리,12001,13489,25490
20211016,1호선,외대앞,5569,5526,11095
20211016,1호선,용산,31310,33538,64848
20211016,1호선,운서,5402,5535,10937
20211016,1호선,월계,4603,4204,8807
20211016,1호선,응봉,1367,1212,2579
20211016,1호선,의왕,5935,5795,11730
20211016,1호선,의정부,17023,17916,34939
20211016,1호선,이촌,2819,2236,5055
20211016,1호선,인천,3822,3276,7098
20211016,1호선,인천공항1터미널,3208,3211,6419
20211016,1호선,인천공항2터미널,1880,1578,3458
20211016,1호선,제기동,14738,15329,30067
20211016,1호선,제물포,7052,6923,13975
20211016,1호선,종각,17400,16078,33478
20211016,1호선,종로3가,21077,20260,41337
20211016,1호선,종로5가,18633,18048,36681
20211016,1호선,주안,15039,13278,28317
20211016,1호선,중동,6679,6452,13131
20211016,1호선,지행,5471,5308,10779
20211016,1호선,직산,633,606,1239
20211016,1호선,진위,986,905,1891
20211016,1호선,천안,6182,6353,12535
20211016,1호선,청라국제도시,3838,3784,7622
20211016,1호선,청량리,32705,34230,66935
20211016,1호선,평택,13192,12419,25611
20211016,1호선,평택지제,2977,2755,5732
20211016,1호선,한남,2668,2495,5163
20211016,1호선,홍대입구,10330,10303,20633
20211016,1호선,화서,5280,5344,10624
20211016,1호선,회룡,9613,9456,19069
20211017,1호선,가능,3716,3584,7300
20211017,1호선,가산디지털단지,4525,6585,11110
20211017,1호선,간석,2928,2830,5758
20211017,1호선,개봉,10353,10566,20919
20211017,1호선,검암,3314,3290,6604
20211017,1호선,계양,4719,4637,9356
20211017,1호선,공덕,1087,1585,2672
20211017,1호선,공항화물청사,935,1031,1966
20211017,1호선,관악,4374,3913,8287
20211017,1호선,광명,2379,1798,4177
20211017,1호선,광운대,3772,3800,7572
20211017,1호선,구로,8868,8823,17691
20211017,1호선,구일,2739,2742,5481
20211017,1호선,군포,2758,2729,5487
20211017,1호선,금정,12529,12829,25358
20211017,1호선,금천구청,5677,5637,11314
20211017,1호선,김포공항,10670,6285,16955
20211017,1호선,남영,3824,3923,7747
20211017,1호선,노량진,5589,5236,10825
20211017,1호선,녹양,2554,2390,4944
20211017,1호선,녹천,2214,1971,4185
20211017,1호선,당정,2705,2600,5305
20211017,1호선,대방,5017,5376,10393
20211017,1호선,덕계,1557,1550,3107
20211017,1호선,덕정,3139,3391,6530
20211017,1호선,도봉,3252,3075,6327
20211017,1호선,도봉산,8436,6002,14438
20211017,1호선,도원,1398,1413,2811
20211017,1호선,도화,2087,2074,4161
20211017,1호선,독산,5716,5729,11445
20211017,1호선,동대문,8531,9048,17579
20211017,1호선,동두천,1255,1568,2823
20211017,1호선,동두천중앙,1889,1849,3738
20211017,1호선,동묘앞,11641,11967,23608
20211017,1호선,동암,8689,8585,17274
20211017,1호선,동인천,8184,7987,16171
20211017,1호선,두정,4473,4796,9269
20211017,1호선,디지털미디어시티,3458,3397,6855
20211017,1호선,마곡나루,2001,2193,4194
20211017,1호선,망월사,5193,5118,10311
20211017,1호선,명학,3227,3131,6358
20211017,1호선,방학,5375,5213,10588
20211017,1호선,배방,819,873,1692
20211017,1호선,백운,3476,3544,7020
20211017,1호선,병점,8497,9182,17679
20211017,1호선,보산,1315,1511,2826
20211017,1호선,봉명,448,483,931
20211017,1호선,부개,4299,4063,8362
20211017,1호선,부천,20249,19674,39923
20211017,1호선,부평,20622,21181,41803
20211017,1호선,서동탄,693,742,1435
20211017,1호선,서빙고,989,1107,2096
20211017,1호선,서울,37685,30077,67762
20211017,1호선,서정리,4302,5773,10075
20211017,1호선,석계,4569,5018,9587
20211017,1호선,석수,4805,4611,9416
20211017,1호선,성균관대,6629,6724,13353
20211017,1호선,성환,2295,2764,5059
20211017,1호선,세류,1869,1851,3720
20211017,1호선,세마,1567,1467,3034
20211017,1호선,소사,5182,5050,10232
20211017,1호선,소요산,3808,3266,7074
20211017,1호선,송내,11897,11515,23412
20211017,1호선,송탄,3430,3928,7358
20211017,1호선,수원,30351,29561,59912
20211017,1호선,시청,6944,6625,13569
20211017,1호선,신길,4821,4289,9110
20211017,1호선,신도림,1935,2059,3994
20211017,1호선,신설동,6801,6696,13497
20211017,1호선,신이문,4343,4056,8399
20211017,1호선,신창,913,1245,2158
20211017,1호선,쌍용,1016,1143,2159
20211017,1호선,아산,2954,1987,4941
20211017,1호선,안양,13409,12885,26294
20211017,1호선,양주,4962,4815,9777
20211017,1호선,역곡,12887,12702,25589
20211017,1호선,영등포,29039,28175,57214
20211017,1호선,영종,2085,2061,4146
20211017,1호선,오류동,6212,5854,12066
20211017,1호선,오산,6957,7573,14530
20211017,1호선,오산대,1913,1905,3818
20211017,1호선,옥수,45,21,66
20211017,1호선,온수,3256,3129,6385
20211017,1호선,온양온천,3032,2916,5948
20211017,1호선,왕십리,8548,9604,18152
20211017,1호선,외대앞,4238,4138,8376
20211017,1호선,용산,28100,25536,53636
20211017,1호선,운서,4356,4851,9207
20211017,1호선,월계,3256,3154,6410
20211017,1호선,응봉,971,885,1856
20211017,1호선,의왕,3932,4113,8045
20211017,1호선,의정부,12768,13077,25845
20211017,1호선,이촌,1818,1524,3342
20211017,1호선,인천,3180,2525,5705
20211017,1호선,인천공항1터미널,3006,2871,5877
20211017,1호선,인천공항2터미널,1611,1563,3174
20211017,1호선,제기동,8639,8994,17633
20211017,1호선,제물포,4958,4702,9660
20211017,1호선,종각,11095,9753,20848
20211017,1호선,종로3가,12433,11082,23515
20211017,1호선,종로5가,7956,7883,15839
20211017,1호선,주안,10730,9128,19858
20211017,1호선,중동,4397,4116,8513
20211017,1호선,지행,3947,3992,7939
20211017,1호선,직산,538,621,1159
20211017,1호선,진위,726,700,1426
20211017,1호선,천안,5859,5598,11457
20211017,1호선,청라국제도시,2718,2651,5369
20211017,1호선,청량리,24580,23968,48548
20211017,1호선,평택,10716,11444,22160
20211017,1호선,평택지제,2153,2161,4314
20211017,1호선,한남,1783,1744,3527
20211017,1호선,홍대입구,8319,7413,15732
20211017,1호선,화서,3585,3555,7140
20211017,1호선,회룡,6673,6674,13347
20211023,1호선,가능,5322,5111,10433
20211023,1호선,가산디지털단지,6638,8851,15489
20211023,1호선,간석,4279,4115,8394
20211023,1호선,개봉,16763,16530,33293
20211023,1호선,검암,4757,4712,9469
20211023,1호선,계양,7019,6529,13548
20211023,1호선,공덕,1459,2319,3778
20211023,1호선,공항화물청사,1286,1363,2649
20211023,1호선,관악,6108,5840,11948
20211023,1호선,광명,2929,2719,5648
20211023,1호선,광운대,5687,5501,11188
20211023,1호선,구로,13595,13782,27377
20211023,1호선,구일,4405,4186,8591
20211023,1호선,군포,4406,4034,8440
20211023,1호선,금정,18848,18797,37645
20211023,1호선,금천구청,8638,8465,17103
20211023,1호선,김포공항,11692,6115,17807
20211023,1호선,남영,5869,5839,11708
20211023,1호선,노량진,8842,8320,17162
20211023,1호선,녹양,3540,3471,7011
20211023,1호선,녹천,3371,2781,6152
20211023,1호선,당정,4094,3966,8060
20211023,1호선,대방,8095,8133,16228
20211023,1호선,덕계,2487,2296,4783
20211023,1호선,덕정,4387,4189,8576
20211023,1호선,도봉,4598,4397,8995
20211023,1호선,도봉산,10572,7193,17765
20211023,1호선,도원,2092,2109,4201
20211023,1호선,도화,3228,2943,6171
20211023,1호선,독산,9061,9017,18078
20211023,1호선,동대문,10697,10207,20904
20211023,1호선,동두천,1584,2190,3774
20211023,1호선,동두천중앙,2634,2633,5267
20211023,1호선,동묘앞,11985,12393,24378
20211023,1호선,동암,12323,12608,24931
20211023,1호선,동인천,12070,11961,24031
20211023,1호선,두정,5755,5937,11692
20211023,1호선,디지털미디어시티,5393,5122,10515
20211023,1호선,마곡나루,3473,3575,7048
20211023,1호선,망월사,6704,6860,13564
20211023,1호선,명학,5379,5144,10523
20211023,1호선,방학,7742,7373,15115
20211023,1호선,배방,1117,1071,2188
20211023,1호선,백운,5670,5535,11205
20211023,1호선,병점,12994,12782,25776
20211023,1호선,보산,1988,1937,3925
20211023,1호선,봉명,736,678,1414
20211023,1호선,부개,6258,5935,12193
20211023,1호선,부천,28873,29677,58550
20211023,1호선,부평,29186,31821,61007
20211023,1호선,서동탄,1055,1129,2184
20211023,1호선,서빙고,1950,2489,4439
20211023,1호선,서울,45041,41253,86294
20211023,1호선,서정리,6651,5666,12317
20211023,1호선,석계,6813,7277,14090
20211023,1호선,석수,6930,6564,13494
20211023,1호선,성균관대,10849,10559,21408
20211023,1호선,성환,3084,2892,5976
20211023,1호선,세류,2579,2603,5182
20211023,1호선,세마,2290,2079,4369
20211023,1호선,소사,7689,7562,15251
20211023,1호선,소요산,5474,4865,10339
20211023,1호선,송내,18051,17958,36009
20211023,1호선,송탄,5033,4394,9427
20211023,1호선,수원,38641,41568,80209
20211023,1호선,시청,10925,11168,22093
20211023,1호선,신길,6433,5438,11871
20211023,1호선,신도림,3176,3260,6436
20211023,1호선,신설동,9326,8898,18224
20211023,1호선,신이문,6123,5609,11732
20211023,1호선,신창,1470,1266,2736
20211023,1호선,쌍용,1922,1703,3625
20211023,1호선,아산,3106,2948,6054
20211023,1호선,안양,18188,18248,36436
20211023,1호선,양주,6776,6448,13224
20211023,1호선,역곡,20180,19905,40085
20211023,1호선,영등포,37282,38755,76037
20211023,1호선,영종,2918,3013,5931
20211023,1호선,오류동,9034,8255,17289
20211023,1호선,오산,10071,9458,19529
20211023,1호선,오산대,3130,2873,6003
20211023,1호선,옥수,50,38,88
20211023,1호선,온수,4836,4457,9293
20211023,1호선,온양온천,3963,4113,8076
20211023,1호선,왕십리,12319,13956,26275
20211023,1호선,외대앞,6188,5786,11974
20211023,1호선,용산,32674,35227,67901
20211023,1호선,운서,5986,5810,11796
20211023,1호선,월계,4822,4451,9273
20211023,1호선,응봉,1456,1253,2709
20211023,1호선,의왕,6372,6245,12617
20211023,1호선,의정부,17978,18783,36761
20211023,1호선,이촌,3116,2246,5362
20211023,1호선,인천,4823,4022,8845
20211023,1호선,인천공항1터미널,3404,3373,6777
20211023,1호선,인천공항2터미널,1847,1675,3522
20211023,1호선,제기동,15448,15893,31341
20211023,1호선,제물포,7489,7273,14762
20211023,1호선,종각,18820,16799,35619
20211023,1호선,종로3가,23230,21555,44785
20211023,1호선,종로5가,18293,18518,36811
20211023,1호선,주안,15716,14044,29760
20211023,1호선,중동,6829,6447,13276
20211023,1호선,지행,5735,5734,11469
20211023,1호선,직산,678,665,1343
20211023,1호선,진위,1119,961,2080
20211023,1호선,천안,6733,6895,13628
20211023,1호선,청라국제도시,4182,4108,8290
20211023,1호선,청량리,34772,36297,71069
20211023,1호선,평택,14330,13391,27721
20211023,1호선,평택지제,3161,3047,6208
20211023,1호선,한남,2711,2674,5385
20211023,1호선,홍대입구,11556,11031,22587
20211023,1호선,화서,5689,5620,11309
20211023,1호선,회룡,10064,10182,20246
20211024,1호선,가능,4181,3806,7987
20211024,1호선,가산디지털단지,5008,7066,12074
20211024,1호선,간석,3146,2965,6111
20211024,1호선,개봉,11599,11531,23130
20211024,1호선,검암,3651,3756,7407
20211024,1호선,계양,5411,5073,10484
20211024,1호선,공덕,1190,1625,2815
20211024,1호선,공항화물청사,980,1080,2060
20211024,1호선,관악,5068,4443,9511
20211024,1호선,광명,2824,2017,4841
20211024,1호선,광운대,4039,4215,8254
20211024,1호선,구로,10007,10211,20218
20211024,1호선,구일,3111,3089,6200
20211024,1호선,군포,3087,2929,6016
20211024,1호선,금정,13707,14186,27893
20211024,1호선,금천구청,6468,6346,12814
20211024,1호선,김포공항,12081,5755,17836
20211024,1호선,남영,4052,4380,8432
20211024,1호선,노량진,6134,5820,11954
20211024,1호선,녹양,2758,2696,5454
20211024,1호선,녹천,2565,2185,4750
20211024,1호선,당정,3142,3123,6265
20211024,1호선,대방,5711,6013,11724
20211024,1호선,덕계,1737,1710,3447
20211024,1호선,덕정,3366,3400,6766
20211024,1호선,도봉,3558,3304,6862
20211024,1호선,도봉산,10540,7733,18273
20211024,1호선,도원,1553,1601,3154
20211024,1호선,도화,2344,2228,4572
20211024,1호선,독산,6175,6175,12350
20211024,1호선,동대문,9513,10138,19651
20211024,1호선,동두천,1406,1772,3178
20211024,1호선,동두천중앙,2180,2020,4200
20211024,1호선,동묘앞,13042,13347,26389
20211024,1호선,동암,9590,9586,19176
20211024,1호선,동인천,9476,9167,18643
20211024,1호선,두정,4985,5471,10456
20211024,1호선,디지털미디어시티,3904,3866,7770
20211024,1호선,마곡나루,2348,2567,4915
20211024,1호선,망월사,5224,5369,10593
20211024,1호선,명학,3559,3498,7057
20211024,1호선,방학,5710,5492,11202
20211024,1호선,배방,890,1026,1916
20211024,1호선,백운,3923,3799,7722
20211024,1호선,병점,9394,10233,19627
20211024,1호선,보산,1416,1564,2980
20211024,1호선,봉명,594,605,1199
20211024,1호선,부개,4702,4450,9152
20211024,1호선,부천,21559,21085,42644
20211024,1호선,부평,22112,22793,44905
20211024,1호선,서동탄,786,780,1566
20211024,1호선,서빙고,1179,1279,2458
20211024,1호선,서울,40442,31721,72163
20211024,1호선,서정리,4509,6190,10699
20211024,1호선,석계,4866,5360,10226
20211024,1호선,석수,5451,5113,10564
20211024,1호선,성균관대,7468,7940,15408
20211024,1호선,성환,2360,2779,5139
20211024,1호선,세류,2103,2103,4206
20211024,1호선,세마,1771,1692,3463
20211024,1호선,소사,6024,5718,11742
20211024,1호선,소요산,5848,5159,11007
20211024,1호선,송내,13159,12867,26026
20211024,1호선,송탄,3609,4156,7765
20211024,1호선,수원,34743,33467,68210
20211024,1호선,시청,8144,7899,16043
20211024,1호선,신길,4896,4265,9161
20211024,1호선,신도림,2265,2431,4696
20211024,1호선,신설동,7351,7372,14723
20211024,1호선,신이문,4612,4401,9013
20211024,1호선,신창,1052,1691,2743
20211024,1호선,쌍용,1346,1406,2752
20211024,1호선,아산,3574,2397,5971
20211024,1호선,안양,13656,13554,27210
20211024,1호선,양주,5258,5116,10374
20211024,1호선,역곡,14034,13868,27902
20211024,1호선,영등포,29756,28794,58550
20211024,1호선,영종,2414,2405,4819
20211024,1호선,오류동,6944,6503,13447
20211024,1호선,오산,7509,8024,15533
20211024,1호선,오산대,2489,2337,4826
20211024,1호선,옥수,47,25,72
20211024,1호선,온수,3714,3559,7273
20211024,1호선,온양온천,5503,5354,10857
20211024,1호선,왕십리,8480,9775,18255
20211024,1호선,외대앞,4396,4255,8651
20211024,1호선,용산,29989,27067,57056
20211024,1호선,운서,4586,5272,9858
20211024,1호선,월계,3565,3333,6898
20211024,1호선,응봉,1082,994,2076
20211024,1호선,의왕,4450,4613,9063
20211024,1호선,의정부,13686,13920,27606
20211024,1호선,이촌,2173,1651,3824
20211024,1호선,인천,4433,3770,8203
20211024,1호선,인천공항1터미널,3319,3197,6516
20211024,1호선,인천공항2터미널,1678,1663,3341
20211024,1호선,제기동,9856,10339,20195
20211024,1호선,제물포,5505,5358,10863
20211024,1호선,종각,12329,10701,23030
20211024,1호선,종로3가,14155,12196,26351
20211024,1호선,종로5가,8873,8917,17790
20211024,1호선,주안,11405,10042,21447
20211024,1호선,중동,4968,4597,9565
20211024,1호선,지행,4401,4357,8758
20211024,1호선,직산,596,635,1231
20211024,1호선,진위,863,810,1673
20211024,1호선,천안,6883,6615,13498
20211024,1호선,청라국제도시,3137,3003,6140
20211024,1호선,청량리,26775,26253,53028
20211024,1호선,평택,11808,12656,24464
20211024,1호선,평택지제,2429,2317,4746
20211024,1호선,한남,1861,1857,3718
20211024,1호선,홍대입구,9243,8509,17752
20211024,1호선,화서,4316,4135,8451
20211024,1호선,회룡,7450,7506,14956
20211030,1호선,가능,5233,5001,10234
20211030,1호선,가산디지털단지,6588,8763,15351
20211030,1호선,간석,4432,4241,8673
20211030,1호선,개봉,16970,16149,33119
20211030,1호선,검암,4731,4847,9578
20211030,1호선,계양,7356,6736,14092
20211030,1호선,공덕,1615,2361,3976
20211030,1호선,공항화물청사,1276,1331,2607
20211030,1호선,관악,6302,5915,12217
20211030,1호선,광명,3026,2824,5850
20211030,1호선,광운대,5776,5654,11430
20211030,1호선,구로,13675,14101,27776
20211030,1호선,구일,4812,4499,9311
20211030,1호선,군포,4425,4089,8514
20211030,1호선,금정,19149,18815,37964
20211030,1호선,금천구청,8907,8696,17603
20211030,1호선,김포공항,11940,6210,18150
20211030,1호선,남영,5923,6125,12048
20211030,1호선,노량진,9098,8426,17524
20211030,1호선,녹양,3627,3423,7050
20211030,1호선,녹천,3312,2771,6083
20211030,1호선,당정,4529,4219,8748
20211030,1호선,대방,8064,8279,16343
20211030,1호선,덕계,2502,2264,4766
20211030,1호선,덕정,4579,4302,8881
20211030,1호선,도봉,4704,4431,9135
20211030,1호선,도봉산,10944,7658,18602
20211030,1호선,도원,2725,2814,5539
20211030,1호선,도화,3097,2793,5890
20211030,1호선,독산,9399,9234,18633
20211030,1호선,동대문,10856,10139,20995
20211030,1호선,동두천,1817,2294,4111
20211030,1호선,동두천중앙,3036,3028,6064
20211030,1호선,동묘앞,11568,11989,23557
20211030,1호선,동암,12299,12687,24986
20211030,1호선,동인천,11945,11760,23705
20211030,1호선,두정,5860,6151,12011
20211030,1호선,디지털미디어시티,5625,5345,10970
20211030,1호선,마곡나루,3534,3840,7374
20211030,1호선,망월사,6009,6212,12221
20211030,1호선,명학,5194,5025,10219
20211030,1호선,방학,7693,7409,15102
20211030,1호선,배방,1196,1085,2281
20211030,1호선,백운,5750,5509,11259
20211030,1호선,병점,13036,13004,26040
20211030,1호선,보산,2103,1889,3992
20211030,1호선,봉명,763,681,1444
20211030,1호선,부개,6666,6170,12836
20211030,1호선,부천,29098,29844,58942
20211030,1호선,부평,29361,32026,61387
20211030,1호선,서동탄,1026,1012,2038
20211030,1호선,서빙고,1960,2495,4455
20211030,1호선,서울,47655,43967,91622
20211030,1호선,서정리,6863,5666,12529
20211030,1호선,석계,7011,7440,14451
20211030,1호선,석수,7209,6679,13888
20211030,1호선,성균관대,10899,10799,21698
20211030,1호선,성환,3254,2958,6212
20211030,1호선,세류,2598,2527,5125
20211030,1호선,세마,2189,1914,4103
20211030,1호선,소사,7861,7691,15552
20211030,1호선,소요산,6410,5978,12388
20211030,1호선,송내,18901,18462,37363
20211030,1호선,송탄,5015,4454,9469
20211030,1호선,수원,38382,42331,80713
20211030,1호선,시청,12330,12974,25304
20211030,1호선,신길,6580,5549,12129
20211030,1호선,신도림,3178,3363,6541
20211030,1호선,신설동,9538,9187,18725
20211030,1호선,신이문,6148,5623,11771
20211030,1호선,신창,1382,1252,2634
20211030,1호선,쌍용,1665,1490,3155
20211030,1호선,아산,3320,3106,6426
20211030,1호선,안양,18094,18088,36182
20211030,1호선,양주,6757,6582,13339
20211030,1호선,역곡,20809,20245,41054
20211030,1호선,영등포,37477,39348,76825
20211030,1호선,영종,3154,3185,6339
20211030,1호선,오류동,9331,8520,17851
20211030,1호선,오산,9589,9035,18624
20211030,1호선,오산대,3099,2852,5951
20211030,1호선,옥수,36,32,68
20211030,1호선,온수,5219,4691,9910
20211030,1호선,온양온천,4209,4245,8454
20211030,1호선,왕십리,13274,14632,27906
20211030,1호선,외대앞,6125,5871,11996
20211030,1호선,용산,35179,37587,72766
20211030,1호선,운서,6090,6195,12285
20211030,1호선,월계,5317,4736,10053
20211030,1호선,응봉,1572,1347,2919
20211030,1호선,의왕,6136,6066,12202
20211030,1호선,의정부,17409,18581,35990
20211030,1호선,이촌,3126,2300,5426
20211030,1호선,인천,4897,4181,9078
20211030,1호선,인천공항1터미널,3601,3485,7086
20211030,1호선,인천공항2터미널,1915,1702,3617
20211030,1호선,제기동,15069,15480,30549
20211030,1호선,제물포,7773,7495,15268
20211030,1호선,종각,19327,17398,36725
20211030,1호선,종로3가,23632,21596,45228
20211030,1호선,종로5가,18610,18802,37412
20211030,1호선,주안,16021,14135,30156
20211030,1호선,중동,7031,6655,13686
20211030,1호선,지행,5773,5670,11443
20211030,1호선,직산,711,689,1400
20211030,1호선,진위,1083,955,2038
20211030,1호선,천안,6997,7292,14289
20211030,1호선,청라국제도시,4426,4177,8603
20211030,1호선,청량리,35034,36285,71319
20211030,1호선,탕정,600,613,1213
20211030,1호선,평택,14942,13933,28875
20211030,1호선,평택지제,3224,2987,6211
20211030,1호선,한남,2888,2667,5555
20211030,1호선,홍대입구,12484,12328,24812
20211030,1호선,화서,5828,5824,11652
20211030,1호선,회룡,10107,10227,20334
20211031,1호선,가능,4160,3979,8139
20211031,1호선,가산디지털단지,4943,6770,11713
20211031,1호선,간석,3249,3096,6345
20211031,1호선,개봉,12004,12052,24056
20211031,1호선,검암,3693,3878,7571
20211031,1호선,계양,5388,5260,10648
20211031,1호선,공덕,1232,1659,2891
20211031,1호선,공항화물청사,976,1077,2053
20211031,1호선,관악,5093,4478,9571
20211031,1호선,광명,2792,2090,4882
20211031,1호선,광운대,4394,4482,8876
20211031,1호선,구로,9746,9905,19651
20211031,1호선,구일,3278,3259,6537
20211031,1호선,군포,2996,2834,5830
20211031,1호선,금정,14047,14533,28580
20211031,1호선,금천구청,6397,6372,12769
20211031,1호선,김포공항,11999,5999,17998
20211031,1호선,남영,4188,4455,8643
20211031,1호선,노량진,6093,5818,11911
20211031,1호선,녹양,2742,2660,5402
20211031,1호선,녹천,2709,2261,4970
20211031,1호선,당정,3072,3106,6178
20211031,1호선,대방,5756,6387,12143
20211031,1호선,덕계,1907,1806,3713
20211031,1호선,덕정,3519,3584,7103
20211031,1호선,도봉,3849,3592,7441
20211031,1호선,도봉산,11472,8230,19702
20211031,1호선,도원,1626,1681,3307
20211031,1호선,도화,2450,2344,4794
20211031,1호선,독산,6282,6493,12775
20211031,1호선,동대문,9483,10138,19621
20211031,1호선,동두천,1375,1724,3099
20211031,1호선,동두천중앙,2190,2121,4311
20211031,1호선,동묘앞,13055,13513,26568
20211031,1호선,동암,9824,9565,19389
20211031,1호선,동인천,9615,9077,18692
20211031,1호선,두정,4916,5421,10337
20211031,1호선,디지털미디어시티,3802,3749,7551
20211031,1호선,마곡나루,2361,2809,5170
20211031,1호선,망월사,4771,5118,9889
20211031,1호선,명학,3299,3197,6496
20211031,1호선,방학,5982,5832,11814
20211031,1호선,배방,849,961,1810
20211031,1호선,백운,3967,3953,7920
20211031,1호선,병점,9361,10189,19550
20211031,1호선,보산,1531,1714,3245
20211031,1호선,봉명,542,534,1076
20211031,1호선,부개,4712,4382,9094
20211031,1호선,부천,22838,22420,45258
20211031,1호선,부평,22992,23626,46618
20211031,1호선,서동탄,807,849,1656
20211031,1호선,서빙고,1216,1272,2488
20211031,1호선,서울,44394,35625,80019
20211031,1호선,서정리,4437,5995,10432
20211031,1호선,석계,5175,5582,10757
20211031,1호선,석수,5481,5338,10819
20211031,1호선,성균관대,7780,8333,16113
20211031,1호선,성환,2419,2916,5335
20211031,1호선,세류,2040,2050,4090
20211031,1호선,세마,1792,1656,3448
20211031,1호선,소사,5819,5758,11577
20211031,1호선,소요산,7960,7218,15178
20211031,1호선,송내,13551,13375,26926
20211031,1호선,송탄,3790,4239,8029
20211031,1호선,수원,34338,33918,68256
20211031,1호선,시청,9057,9095,18152
20211031,1호선,신길,4775,4349,9124
20211031,1호선,신도림,2291,2456,4747
20211031,1호선,신설동,7677,7353,15030
20211031,1호선,신이문,4774,4611,9385
20211031,1호선,신창,1068,1667,2735
20211031,1호선,쌍용,1221,1334,2555
20211031,1호선,아산,3778,2392,6170
20211031,1호선,안양,13630,13233,26863
20211031,1호선,양주,5477,5373,10850
20211031,1호선,역곡,14706,14568,29274
20211031,1호선,영등포,30739,29207,59946
20211031,1호선,영종,2552,2513,5065
20211031,1호선,오류동,7165,6858,14023
20211031,1호선,오산,7676,8220,15896
20211031,1호선,오산대,2433,2389,4822
20211031,1호선,옥수,52,22,74
20211031,1호선,온수,3750,3671,7421
20211031,1호선,온양온천,3645,3644,7289
20211031,1호선,왕십리,10046,11404,21450
20211031,1호선,외대앞,5271,5112,10383
20211031,1호선,용산,32816,29923,62739
20211031,1호선,운서,5087,5325,10412
20211031,1호선,월계,3869,3673,7542
20211031,1호선,응봉,1092,1025,2117
20211031,1호선,의왕,4508,4665,9173
20211031,1호선,의정부,14446,14461,28907
20211031,1호선,이촌,2217,1747,3964
20211031,1호선,인천,4459,3657,8116
20211031,1호선,인천공항1터미널,3489,3403,6892
20211031,1호선,인천공항2터미널,1730,1648,3378
20211031,1호선,제기동,9959,10367,20326
20211031,1호선,제물포,5536,5407,10943
20211031,1호선,종각,13598,11352,24950
20211031,1호선,종로3가,15499,13106,28605
20211031,1호선,종로5가,9155,9140,18295
20211031,1호선,주안,11799,10449,22248
20211031,1호선,중동,5258,4927,10185
20211031,1호선,지행,4609,4528,9137
20211031,1호선,직산,577,633,1210
20211031,1호선,진위,887,817,1704
20211031,1호선,천안,6782,6364,13146
20211031,1호선,청라국제도시,3338,3190,6528
20211031,1호선,청량리,27575,27516,55091
20211031,1호선,탕정,466,415,881
20211031,1호선,평택,11787,12560,24347
20211031,1호선,평택지제,2435,2345,4780
20211031,1호선,한남,1867,1973,3840
20211031,1호선,홍대입구,10460,9590,20050
20211031,1호선,화서,4279,4091,8370
20211031,1호선,회룡,7775,7875,15650
20211106,1호선,가능,5501,5133,10634
20211106,1호선,가산디지털단지,6874,8991,15865
20211106,1호선,간석,4547,4359,8906
20211106,1호선,개봉,17365,16529,33894
20211106,1호선,검암,4881,4936,9817
20211106,1호선,계양,7338,6703,14041
20211106,1호선,공덕,1539,2415,3954
20211106,1호선,공항화물청사,1303,1356,2659
20211106,1호선,관악,6846,6123,12969
20211106,1호선,광명,2970,2625,5595
20211106,1호선,광운대,6544,6228,12772
20211106,1호선,구로,14161,14592,28753
20211106,1호선,구일,4531,4203,8734
20211106,1호선,군포,4662,4137,8799
20211106,1호선,금정,19979,19818,39797
20211106,1호선,금천구청,9107,8755,17862
20211106,1호선,김포공항,11970,5906,17876
20211106,1호선,남영,6298,6287,12585
20211106,1호선,노량진,9521,8932,18453
20211106,1호선,녹양,4006,3701,7707
20211106,1호선,녹천,3618,3003,6621
20211106,1호선,당정,4511,4170,8681
20211106,1호선,대방,9141,8856,17997
20211106,1호선,덕계,2636,2362,4998
20211106,1호선,덕정,4763,4450,9213
20211106,1호선,도봉,4853,4483,9336
20211106,1호선,도봉산,11384,7956,19340
20211106,1호선,도원,2276,2306,4582
20211106,1호선,도화,3411,3052,6463
20211106,1호선,독산,9683,9222,18905
20211106,1호선,동대문,11133,10373,21506
20211106,1호선,동두천,1685,2224,3909
20211106,1호선,동두천중앙,2824,2823,5647
20211106,1호선,동묘앞,11725,12160,23885
20211106,1호선,동암,12888,13034,25922
20211106,1호선,동인천,12436,12239,24675
20211106,1호선,두정,5212,5304,10516
20211106,1호선,디지털미디어시티,5813,5404,11217
20211106,1호선,마곡나루,3529,3856,7385
20211106,1호선,망월사,5867,6080,11947
20211106,1호선,명학,5540,5321,10861
20211106,1호선,방학,7954,7570,15524
20211106,1호선,배방,1134,1075,2209
20211106,1호선,백운,5871,5671,11542
20211106,1호선,병점,13252,12963,26215
20211106,1호선,보산,1939,1832,3771
20211106,1호선,봉명,736,698,1434
20211106,1호선,부개,6945,6522,13467
20211106,1호선,부천,29482,30622,60104
20211106,1호선,부평,29254,33338,62592
20211106,1호선,서동탄,1082,1128,2210
20211106,1호선,서빙고,2190,2806,4996
20211106,1호선,서울,51271,46665,97936
20211106,1호선,서정리,7116,5848,12964
20211106,1호선,석계,7201,7800,15001
20211106,1호선,석수,7573,7022,14595
20211106,1호선,성균관대,11398,11115,22513
20211106,1호선,성환,3144,2983,6127
20211106,1호선,세류,2745,2726,5471
20211106,1호선,세마,2422,2101,4523
20211106,1호선,소사,7722,7596,15318
20211106,1호선,소요산,7415,6764,14179
20211106,1호선,송내,19576,18954,38530
20211106,1호선,송탄,5139,4505,9644
20211106,1호선,수원,40808,44258,85066
20211106,1호선,시청,14691,16181,30872
20211106,1호선,신길,6505,5529,12034
20211106,1호선,신도림,3473,3553,7026
20211106,1호선,신설동,10033,9287,19320
20211106,1호선,신이문,6515,5928,12443
20211106,1호선,신창,1430,1304,2734
20211106,1호선,쌍용,1710,1503,3213
20211106,1호선,아산,3400,3073,6473
20211106,1호선,안양,18979,18800,37779
20211106,1호선,양주,6892,6522,13414
20211106,1호선,역곡,21793,20930,42723
20211106,1호선,영등포,39729,42395,82124
20211106,1호선,영종,3076,3086,6162
20211106,1호선,오류동,9603,8638,18241
20211106,1호선,오산,10242,9577,19819
20211106,1호선,오산대,3331,3063,6394
20211106,1호선,옥수,41,37,78
20211106,1호선,온수,5188,4772,9960
20211106,1호선,온양온천,4388,4581,8969
20211106,1호선,왕십리,13350,15012,28362
20211106,1호선,외대앞,6904,6385,13289
20211106,1호선,용산,38616,40888,79504
20211106,1호선,운서,6285,6299,12584
20211106,1호선,월계,5101,4772,9873
20211106,1호선,응봉,1551,1334,2885
20211106,1호선,의왕,6437,6158,12595
20211106,1호선,의정부,18317,19761,38078
20211106,1호선,이촌,3260,2323,5583
20211106,1호선,인천,5364,4877,10241
20211106,1호선,인천공항1터미널,3692,3684,7376
20211106,1호선,인천공항2터미널,1974,1748,3722
20211106,1호선,제기동,16236,16355,32591
20211106,1호선,제물포,7994,7559,15553
20211106,1호선,종각,21775,19437,41212
20211106,1호선,종로3가,24571,23079,47650
20211106,1호선,종로5가,19032,19008,38040
20211106,1호선,주안,16890,14654,31544
20211106,1호선,중동,7037,6487,13524
20211106,1호선,지행,6003,6021,12024
20211106,1호선,직산,756,674,1430
20211106,1호선,진위,1159,1013,2172
20211106,1호선,천안,7102,7375,14477
20211106,1호선,청라국제도시,4539,4387,8926
20211106,1호선,청량리,36372,37510,73882
20211106,1호선,탕정,463,447,910
20211106,1호선,평택,14430,13754,28184
20211106,1호선,평택지제,3252,3036,6288
20211106,1호선,한남,2712,2713,5425
20211106,1호선,홍대입구,11789,12169,23958
20211106,1호선,화서,6081,5937,12018
20211106,1호선,회룡,10435,10242,20677
20211107,1호선,가능,4320,4202,8522
20211107,1호선,가산디지털단지,5363,7179,12542
20211107,1호선,간석,3290,3047,6337
20211107,1호선,개봉,12131,12131,24262
20211107,1호선,검암,3813,3894,7707
20211107,1호선,계양,5675,5482,11157
20211107,1호선,공덕,1296,1773,3069
20211107,1호선,공항화물청사,1005,1129,2134
20211107,1호선,관악,5581,4912,10493
20211107,1호선,광명,2916,2009,4925
20211107,1호선,광운대,4889,4960,9849
20211107,1호선,구로,10100,10333,20433
20211107,1호선,구일,3222,3258,6480
20211107,1호선,군포,3233,2997,6230
20211107,1호선,금정,14648,14824,29472
20211107,1호선,금천구청,6679,6708,13387
20211107,1호선,김포공항,11937,5935,17872
20211107,1호선,남영,4318,4558,8876
20211107,1호선,노량진,6509,6358,12867
20211107,1호선,녹양,2813,2732,5545
20211107,1호선,녹천,2700,2342,5042
20211107,1호선,당정,3197,3289,6486
20211107,1호선,대방,6291,6742,13033
20211107,1호선,덕계,1899,1880,3779
20211107,1호선,덕정,3721,3788,7509
20211107,1호선,도봉,3710,3566,7276
20211107,1호선,도봉산,11433,8223,19656
20211107,1호선,도원,1598,1706,3304
20211107,1호선,도화,2495,2334,4829
20211107,1호선,독산,6643,6650,13293
20211107,1호선,동대문,10052,10283,20335
20211107,1호선,동두천,1422,1934,3356
20211107,1호선,동두천중앙,2316,2153,4469
20211107,1호선,동묘앞,12287,12566,24853
20211107,1호선,동암,9827,9658,19485
20211107,1호선,동인천,9642,9267,18909
20211107,1호선,두정,4324,4884,9208
20211107,1호선,디지털미디어시티,3662,3686,7348
20211107,1호선,마곡나루,2488,2714,5202
20211107,1호선,망월사,4828,5139,9967
20211107,1호선,명학,3752,3685,7437
20211107,1호선,방학,6249,5963,12212
20211107,1호선,배방,921,970,1891
20211107,1호선,백운,4160,4112,8272
20211107,1호선,병점,9815,10635,20450
20211107,1호선,보산,1417,1559,2976
20211107,1호선,봉명,525,522,1047
20211107,1호선,부개,4883,4530,9413
20211107,1호선,부천,22435,21996,44431
20211107,1호선,부평,22689,23625,46314
20211107,1호선,서동탄,830,875,1705
20211107,1호선,서빙고,1444,1588,3032
20211107,1호선,서울,47025,37239,84264
20211107,1호선,서정리,4836,6431,11267
20211107,1호선,석계,5269,5782,11051
20211107,1호선,석수,5531,5329,10860
20211107,1호선,성균관대,8003,8457,16460
20211107,1호선,성환,2556,3122,5678
20211107,1호선,세류,2190,2124,4314
20211107,1호선,세마,1747,1714,3461
20211107,1호선,소사,5861,5682,11543
20211107,1호선,소요산,8061,7065,15126
20211107,1호선,송내,13859,13668,27527
20211107,1호선,송탄,3742,4206,7948
20211107,1호선,수원,35833,35536,71369
20211107,1호선,시청,10181,10494,20675
20211107,1호선,신길,5177,4488,9665
20211107,1호선,신도림,2373,2519,4892
20211107,1호선,신설동,7810,7776,15586
20211107,1호선,신이문,4865,4526,9391
20211107,1호선,신창,1158,1797,2955
20211107,1호선,쌍용,1220,1399,2619
20211107,1호선,아산,3868,2600,6468
20211107,1호선,안양,14243,13763,28006
20211107,1호선,양주,5627,5351,10978
20211107,1호선,역곡,15427,15316,30743
20211107,1호선,영등포,32172,31429,63601
20211107,1호선,영종,2413,2382,4795
20211107,1호선,오류동,7365,6817,14182
20211107,1호선,오산,8150,8563,16713
20211107,1호선,오산대,2658,2526,5184
20211107,1호선,옥수,58,29,87
20211107,1호선,온수,4134,3802,7936
20211107,1호선,온양온천,4428,4199,8627
20211107,1호선,왕십리,10677,12114,22791
20211107,1호선,외대앞,4959,4933,9892
20211107,1호선,용산,35072,31801,66873
20211107,1호선,운서,5229,5365,10594
20211107,1호선,월계,4035,3797,7832
20211107,1호선,응봉,1236,1153,2389
20211107,1호선,의왕,4497,4583,9080
20211107,1호선,의정부,14259,14361,28620
20211107,1호선,이촌,2446,1890,4336
20211107,1호선,인천,4644,3750,8394
20211107,1호선,인천공항1터미널,3713,3426,7139
20211107,1호선,인천공항2터미널,1891,1789,3680
20211107,1호선,제기동,10551,11055,21606
20211107,1호선,제물포,5782,5718,11500
20211107,1호선,종각,14538,11693,26231
20211107,1호선,종로3가,16015,13450,29465
20211107,1호선,종로5가,9051,8928,17979
20211107,1호선,주안,12077,10653,22730
20211107,1호선,중동,5068,4772,9840
20211107,1호선,지행,4559,4574,9133
20211107,1호선,직산,622,701,1323
20211107,1호선,진위,938,999,1937
20211107,1호선,창동,1,0,1
20211107,1호선,천안,6974,6602,13576
20211107,1호선,청라국제도시,3260,3054,6314
20211107,1호선,청량리,28932,28659,57591
20211107,1호선,탕정,332,348,680
20211107,1호선,평택,12173,12898,25071
20211107,1호선,평택지제,2581,2433,5014
20211107,1호선,한남,2000,1999,3999
20211107,1호선,홍대입구,9883,9178,19061
20211107,1호선,화서,4527,4450,8977
20211107,1호선,회룡,7918,7849,15767
20211113,1호선,가능,5132,4906,10038
20211113,1호선,가산디지털단지,6919,8907,15826
20211113,1호선,간석,4322,4183,8505
20211113,1호선,개봉,16851,16013,32864
20211113,1호선,검암,4761,4924,9685
20211113,1호선,계양,7095,6656,13751
20211113,1호선,공덕,1625,2500,4125
20211113,1호선,공항화물청사,1319,1356,2675
20211113,1호선,관악,6356,6035,12391
20211113,1호선,광명,3036,2680,5716
20211113,1호선,광운대,5723,5689,11412
20211113,1호선,구로,13669,14499,28168
20211113,1호선,구일,4502,4265,8767
20211113,1호선,군포,4551,4073,8624
20211113,1호선,금정,19283,19136,38419
20211113,1호선,금천구청,8702,8347,17049
20211113,1호선,김포공항,11927,6216,18143
20211113,1호선,남영,5902,6115,12017
20211113,1호선,노량진,9551,8997,18548
20211113,1호선,녹양,3625,3395,7020
20211113,1호선,녹천,3442,2848,6290
20211113,1호선,당정,4110,3892,8002
20211113,1호선,대방,8466,8188,16654
20211113,1호선,덕계,2416,2247,4663
20211113,1호선,덕정,4612,4272,8884
20211113,1호선,도봉,4617,4163,8780
20211113,1호선,도봉산,9527,6449,15976
20211113,1호선,도원,2290,2355,4645
20211113,1호선,도화,3249,2891,6140
20211113,1호선,독산,9297,8932,18229
20211113,1호선,동대문,14503,12154,26657
20211113,1호선,동두천,1610,2088,3698
20211113,1호선,동두천중앙,2748,2680,5428
20211113,1호선,동묘앞,11909,11877,23786
20211113,1호선,동암,12370,12652,25022
20211113,1호선,동인천,12822,12365,25187
20211113,1호선,두정,5077,5134,10211
20211113,1호선,디지털미디어시티,5816,5443,11259
20211113,1호선,마곡나루,3377,3575,6952
20211113,1호선,망월사,6104,6122,12226
20211113,1호선,명학,5344,5061,10405
20211113,1호선,방학,7509,7142,14651
20211113,1호선,배방,1085,1018,2103
20211113,1호선,백운,5634,5462,11096
20211113,1호선,병점,12993,12493,25486
20211113,1호선,보산,1886,1795,3681
20211113,1호선,봉명,722,684,1406
20211113,1호선,부개,6564,6011,12575
20211113,1호선,부천,28762,29959,58721
20211113,1호선,부평,29383,33132,62515
20211113,1호선,서동탄,1118,1173,2291
20211113,1호선,서빙고,1952,2432,4384
20211113,1호선,서울,54686,50188,104874
20211113,1호선,서정리,6941,6067,13008
20211113,1호선,석계,7264,7515,14779
20211113,1호선,석수,7323,6570,13893
20211113,1호선,성균관대,10879,10638,21517
20211113,1호선,성환,3014,2880,5894
20211113,1호선,세류,2644,2686,5330
20211113,1호선,세마,2206,1959,4165
20211113,1호선,소사,7774,7434,15208
20211113,1호선,소요산,4317,3822,8139
20211113,1호선,송내,18528,18177,36705
20211113,1호선,송탄,4994,4705,9699
20211113,1호선,수원,38809,42163,80972
20211113,1호선,시청,11179,11876,23055
20211113,1호선,신길,6335,5314,11649
20211113,1호선,신도림,3042,3306,6348
20211113,1호선,신설동,11672,9491,21163
20211113,1호선,신이문,6347,5736,12083
20211113,1호선,신창,1412,1280,2692
20211113,1호선,쌍용,1665,1392,3057
20211113,1호선,아산,3379,3319,6698
20211113,1호선,안양,18258,18189,36447
20211113,1호선,양주,6686,6196,12882
20211113,1호선,역곡,20608,19734,40342
20211113,1호선,영등포,40652,43110,83762
20211113,1호선,영종,3123,3097,6220
20211113,1호선,오류동,9380,8441,17821
20211113,1호선,오산,10158,9279,19437
20211113,1호선,오산대,3098,2659,5757
20211113,1호선,옥수,28,33,61
20211113,1호선,온수,4926,4438,9364
20211113,1호선,온양온천,4008,4049,8057
20211113,1호선,왕십리,12769,14693,27462
20211113,1호선,외대앞,6764,6258,13022
20211113,1호선,용산,37771,40479,78250
20211113,1호선,운서,5995,6050,12045
20211113,1호선,월계,4944,4463,9407
20211113,1호선,응봉,1477,1286,2763
20211113,1호선,의왕,6245,5928,12173
20211113,1호선,의정부,17747,18959,36706
20211113,1호선,이촌,2961,2119,5080
20211113,1호선,인천,4622,4032,8654
20211113,1호선,인천공항1터미널,3723,3728,7451
20211113,1호선,인천공항2터미널,2029,1823,3852
20211113,1호선,제기동,15716,15746,31462
20211113,1호선,제물포,8053,7279,15332
20211113,1호선,종각,18364,17064,35428
20211113,1호선,종로3가,27538,27226,54764
20211113,1호선,종로5가,21504,20706,42210
20211113,1호선,주안,16637,14329,30966
20211113,1호선,중동,6763,6119,12882
20211113,1호선,지행,5639,5659,11298
20211113,1호선,직산,725,693,1418
20211113,1호선,진위,1084,1016,2100
20211113,1호선,천안,6564,6768,13332
20211113,1호선,청라국제도시,4475,4186,8661
20211113,1호선,청량리,35664,37097,72761
20211113,1호선,탕정,380,330,710
20211113,1호선,평택,13935,13701,27636
20211113,1호선,평택지제,3304,2952,6256
20211113,1호선,한남,2656,2674,5330
20211113,1호선,홍대입구,12285,12646,24931
20211113,1호선,화서,5789,5721,11510
20211113,1호선,회룡,10025,9895,19920
20211114,1호선,가능,3922,3767,7689
20211114,1호선,가산디지털단지,5186,7103,12289
20211114,1호선,간석,3158,3021,6179
20211114,1호선,개봉,12322,11893,24215
20211114,1호선,검암,3684,3881,7565
20211114,1호선,계양,5265,5098,10363
20211114,1호선,공덕,1265,1667,2932
20211114,1호선,공항화물청사,947,1038,1985
20211114,1호선,관악,4974,4517,9491
20211114,1호선,광명,3021,2121,5142
20211114,1호선,광운대,4359,4407,8766
20211114,1호선,구로,11022,10680,21702
20211114,1호선,구일,9155,10975,20130
20211114,1호선,군포,3171,3045,6216
20211114,1호선,금정,14311,14694,29005
20211114,1호선,금천구청,6666,6461,13127
20211114,1호선,김포공항,11641,5867,17508
20211114,1호선,남영,4656,4981,9637
20211114,1호선,노량진,6387,6237,12624
20211114,1호선,녹양,2687,2452,5139
20211114,1호선,녹천,2616,2316,4932
20211114,1호선,당정,3079,2966,6045
20211114,1호선,대방,5999,6436,12435
20211114,1호선,덕계,1820,1729,3549
20211114,1호선,덕정,3396,3592,6988
20211114,1호선,도봉,3597,3419,7016
20211114,1호선,도봉산,9406,6727,16133
20211114,1호선,도원,1652,1676,3328
20211114,1호선,도화,2397,2200,4597
20211114,1호선,독산,6407,6502,12909
20211114,1호선,동대문,9606,10053,19659
20211114,1호선,동두천,1372,1682,3054
20211114,1호선,동두천중앙,2108,2054,4162
20211114,1호선,동묘앞,12093,12310,24403
20211114,1호선,동암,9570,9535,19105
20211114,1호선,동인천,9762,9532,19294
20211114,1호선,두정,4432,5090,9522
20211114,1호선,디지털미디어시티,3958,3956,7914
20211114,1호선,마곡나루,2353,2534,4887
20211114,1호선,망월사,4971,5052,10023
20211114,1호선,명학,3840,3920,7760
20211114,1호선,방학,5926,5728,11654
20211114,1호선,배방,897,975,1872
20211114,1호선,백운,3960,3991,7951
20211114,1호선,병점,9767,10510,20277
20211114,1호선,보산,1299,1623,2922
20211114,1호선,봉명,628,639,1267
20211114,1호선,부개,4748,4497,9245
20211114,1호선,부천,21351,21170,42521
20211114,1호선,부평,22825,23184,46009
20211114,1호선,서동탄,815,830,1645
20211114,1호선,서빙고,1380,1428,2808
20211114,1호선,서울,46603,36925,83528
20211114,1호선,서정리,4554,6217,10771
20211114,1호선,석계,5166,5725,10891
20211114,1호선,석수,5356,4968,10324
20211114,1호선,성균관대,8070,8512,16582
20211114,1호선,성환,2658,3092,5750
20211114,1호선,세류,2207,2118,4325
20211114,1호선,세마,1757,1587,3344
20211114,1호선,소사,5924,5757,11681
20211114,1호선,소요산,4668,4066,8734
20211114,1호선,송내,13380,13006,26386
20211114,1호선,송탄,3702,4237,7939
20211114,1호선,수원,35147,34049,69196
20211114,1호선,시청,9084,8819,17903
20211114,1호선,신길,4877,4319,9196
20211114,1호선,신도림,2476,2628,5104
20211114,1호선,신설동,7731,7697,15428
20211114,1호선,신이문,4756,4498,9254
20211114,1호선,신창,1086,1738,2824
20211114,1호선,쌍용,1389,1490,2879
20211114,1호선,아산,3879,2582,6461
20211114,1호선,안양,13961,13509,27470
20211114,1호선,양주,5258,5302,10560
20211114,1호선,역곡,14767,14588,29355
20211114,1호선,영등포,33051,31933,64984
20211114,1호선,영종,2369,2299,4668
20211114,1호선,오류동,7197,6728,13925
20211114,1호선,오산,7906,8380,16286
20211114,1호선,오산대,2246,2243,4489
20211114,1호선,옥수,66,32,98
20211114,1호선,온수,3790,3585,7375
20211114,1호선,온양온천,5334,5294,10628
20211114,1호선,왕십리,9556,10767,20323
20211114,1호선,외대앞,5267,5158,10425
20211114,1호선,용산,34358,30680,65038
20211114,1호선,운서,4896,5279,10175
20211114,1호선,월계,3921,3676,7597
20211114,1호선,응봉,1094,1011,2105
20211114,1호선,의왕,4376,4496,8872
20211114,1호선,의정부,14086,14310,28396
20211114,1호선,이촌,2150,1703,3853
20211114,1호선,인천,4156,3395,7551
20211114,1호선,인천공항1터미널,3650,3663,7313
20211114,1호선,인천공항2터미널,1813,1788,3601
20211114,1호선,제기동,10139,10636,20775
20211114,1호선,제물포,5561,5458,11019
20211114,1호선,종각,13246,11625,24871
20211114,1호선,종로3가,15147,13025,28172
20211114,1호선,종로5가,8926,8899,17825
20211114,1호선,주안,11979,10551,22530
20211114,1호선,중동,4875,4552,9427
20211114,1호선,지행,4430,4520,8950
20211114,1호선,직산,631,639,1270
20211114,1호선,진위,919,940,1859
20211114,1호선,천안,6729,6487,13216
20211114,1호선,청라국제도시,3297,3115,6412
20211114,1호선,청량리,26790,26206,52996
20211114,1호선,탕정,366,389,755
20211114,1호선,평택,11947,12976,24923
20211114,1호선,평택지제,2523,2386,4909
20211114,1호선,한남,1908,1823,3731
20211114,1호선,홍대입구,9775,9087,18862
20211114,1호선,화서,4513,4425,8938
20211114,1호선,회룡,7551,7595,15146
20211120,1호선,가능,5214,4927,10141
20211120,1호선,가산디지털단지,6840,8893,15733
20211120,1호선,간석,4270,4008,8278
20211120,1호선,개봉,16584,15908,32492
20211120,1호선,검암,4862,4746,9608
20211120,1호선,계양,7276,6620,13896
20211120,1호선,공덕,1593,2503,4096
20211120,1호선,공항화물청사,1258,1301,2559
20211120,1호선,관악,6099,5788,11887
20211120,1호선,광명,3058,2738,5796
20211120,1호선,광운대,5597,5451,11048
20211120,1호선,구로,13862,14645,28507
20211120,1호선,구일,4335,4032,8367
20211120,1호선,군포,4516,4126,8642
20211120,1호선,금정,19374,19036,38410
20211120,1호선,금천구청,8681,8470,17151
20211120,1호선,김포공항,12263,5931,18194
20211120,1호선,남영,6310,6611,12921
20211120,1호선,노량진,9469,9211,18680
20211120,1호선,녹양,3645,3505,7150
20211120,1호선,녹천,3351,2757,6108
20211120,1호선,당정,4130,3812,7942
20211120,1호선,대방,8493,8375,16868
20211120,1호선,덕계,2585,2296,4881
20211120,1호선,덕정,4540,4203,8743
20211120,1호선,도봉,4471,4227,8698
20211120,1호선,도봉산,8777,6101,14878
20211120,1호선,도원,2056,2142,4198
20211120,1호선,도화,3226,2889,6115
20211120,1호선,독산,9317,9117,18434
20211120,1호선,동대문,10537,9893,20430
20211120,1호선,동두천,1663,2192,3855
20211120,1호선,동두천중앙,2794,2755,5549
20211120,1호선,동묘앞,11170,11440,22610
20211120,1호선,동암,12736,12887,25623
20211120,1호선,동인천,11861,11658,23519
20211120,1호선,두정,5168,5232,10400
20211120,1호선,디지털미디어시티,5720,5478,11198
20211120,1호선,마곡나루,3309,3609,6918
20211120,1호선,망월사,5780,5807,11587
20211120,1호선,명학,5432,5192,10624
20211120,1호선,방학,7379,7168,14547
20211120,1호선,배방,1102,1034,2136
20211120,1호선,백운,5371,5299,10670
20211120,1호선,병점,12698,12477,25175
20211120,1호선,보산,1913,1740,3653
20211120,1호선,봉명,733,665,1398
20211120,1호선,부개,6454,5906,12360
20211120,1호선,부천,28257,29381,57638
20211120,1호선,부평,28884,32307,61191
20211120,1호선,서동탄,1031,1052,2083
20211120,1호선,서빙고,1889,2114,4003
20211120,1호선,서울,54817,47216,102033
20211120,1호선,서정리,7196,5885,13081
20211120,1호선,석계,6854,7343,14197
20211120,1호선,석수,7154,6471,13625
20211120,1호선,성균관대,10946,10882,21828
20211120,1호선,성환,3084,2896,5980
20211120,1호선,세류,2605,2563,5168
20211120,1호선,세마,2277,2037,4314
20211120,1호선,소사,7470,7308,14778
20211120,1호선,소요산,4010,3322,7332
20211120,1호선,송내,18424,17921,36345
20211120,1호선,송탄,5114,4514,9628
20211120,1호선,수원,38586,42267,80853
20211120,1호선,시청,12098,12547,24645
20211120,1호선,신길,6319,5188,11507
20211120,1호선,신도림,3041,3343,6384
20211120,1호선,신설동,10097,9333,19430
20211120,1호선,신이문,6279,5619,11898
20211120,1호선,신창,1463,1404,2867
20211120,1호선,쌍용,1631,1422,3053
20211120,1호선,아산,3353,3135,6488
20211120,1호선,안양,18077,18078,36155
20211120,1호선,양주,6711,6175,12886
20211120,1호선,역곡,20437,19534,39971
20211120,1호선,영등포,40299,42461,82760
20211120,1호선,영종,2965,3041,6006
20211120,1호선,오류동,8964,8234,17198
20211120,1호선,오산,9587,9002,18589
20211120,1호선,오산대,2906,2669,5575
20211120,1호선,옥수,56,47,103
20211120,1호선,온수,4956,4425,9381
20211120,1호선,온양온천,3752,3952,7704
20211120,1호선,왕십리,12756,14601,27357
20211120,1호선,외대앞,6850,6399,13249
20211120,1호선,용산,38056,40154,78210
20211120,1호선,운서,6102,6090,12192
20211120,1호선,월계,4799,4466,9265
20211120,1호선,응봉,1432,1253,2685
20211120,1호선,의왕,6157,5925,12082
20211120,1호선,의정부,17703,19186,36889
20211120,1호선,이촌,2894,2183,5077
20211120,1호선,인천,4627,3878,8505
20211120,1호선,인천공항1터미널,4022,3922,7944
20211120,1호선,인천공항2터미널,2187,1814,4001
20211120,1호선,제기동,14564,14995,29559
20211120,1호선,제물포,7705,7266,14971
20211120,1호선,종각,19783,18916,38699
20211120,1호선,종로3가,23167,22251,45418
20211120,1호선,종로5가,17697,18239,35936
20211120,1호선,주안,16256,14117,30373
20211120,1호선,중동,6749,6351,13100
20211120,1호선,지행,5745,5685,11430
20211120,1호선,직산,682,725,1407
20211120,1호선,진위,1044,962,2006
20211120,1호선,천안,6539,6677,13216
20211120,1호선,청라국제도시,4451,4268,8719
20211120,1호선,청량리,34801,35689,70490
20211120,1호선,탕정,406,368,774
20211120,1호선,평택,14141,13647,27788
20211120,1호선,평택지제,3353,3037,6390
20211120,1호선,한남,2845,2813,5658
20211120,1호선,홍대입구,12444,13061,25505
20211120,1호선,화서,5873,5843,11716
20211120,1호선,회룡,9813,9606,19419
20211121,1호선,가능,3867,3658,7525
20211121,1호선,가산디지털단지,4838,6778,11616
20211121,1호선,간석,3008,2900,5908
20211121,1호선,개봉,11939,11845,23784
20211121,1호선,검암,3478,3625,7103
20211121,1호선,계양,5045,5081,10126
20211121,1호선,공덕,1240,1711,2951
20211121,1호선,공항화물청사,965,1064,2029
20211121,1호선,관악,5010,4549,9559
20211121,1호선,광명,2948,2035,4983
20211121,1호선,광운대,4027,4248,8275
20211121,1호선,구로,9797,10150,19947
20211121,1호선,구일,3040,3061,6101
20211121,1호선,군포,2955,2833,5788
20211121,1호선,금정,13731,14101,27832
20211121,1호선,금천구청,6262,6054,12316
20211121,1호선,김포공항,11914,5804,17718
20211121,1호선,남영,4443,4694,9137
20211121,1호선,노량진,6041,5901,11942
20211121,1호선,녹양,2744,2643,5387
20211121,1호선,녹천,2504,2225,4729
20211121,1호선,당정,2985,2922,5907
20211121,1호선,대방,5795,6410,12205
20211121,1호선,덕계,1735,1650,3385
20211121,1호선,덕정,3226,3405,6631
20211121,1호선,도봉,3330,3105,6435
20211121,1호선,도봉산,7787,5396,13183
20211121,1호선,도원,1587,1612,3199
20211121,1호선,도화,2268,2096,4364
20211121,1호선,독산,6189,6286,12475
20211121,1호선,동대문,9041,9378,18419
20211121,1호선,동두천,1274,1645,2919
20211121,1호선,동두천중앙,1970,1897,3867
20211121,1호선,동묘앞,11018,11297,22315
20211121,1호선,동암,9289,9224,18513
20211121,1호선,동인천,9065,8745,17810
20211121,1호선,두정,4227,4803,9030
20211121,1호선,디지털미디어시티,3471,3498,6969
20211121,1호선,마곡나루,2191,2542,4733
20211121,1호선,망월사,4362,4513,8875
20211121,1호선,명학,3592,3394,6986
20211121,1호선,방학,5582,5430,11012
20211121,1호선,배방,814,871,1685
20211121,1호선,백운,3848,3894,7742
20211121,1호선,병점,9151,10114,19265
20211121,1호선,보산,1283,1515,2798
20211121,1호선,봉명,528,538,1066
20211121,1호선,부개,4544,4298,8842
20211121,1호선,부천,21469,21362,42831
20211121,1호선,부평,21655,22228,43883
20211121,1호선,서동탄,727,765,1492
20211121,1호선,서빙고,1332,1378,2710
20211121,1호선,서울,48868,38841,87709
20211121,1호선,서정리,4497,6149,10646
20211121,1호선,석계,5041,5498,10539
20211121,1호선,석수,5039,4801,9840
20211121,1호선,성균관대,7605,7999,15604
20211121,1호선,성환,2540,3108,5648
20211121,1호선,세류,2033,1979,4012
20211121,1호선,세마,1680,1582,3262
20211121,1호선,소사,5608,5480,11088
20211121,1호선,소요산,3445,2878,6323
20211121,1호선,송내,12973,12641,25614
20211121,1호선,송탄,3576,4109,7685
20211121,1호선,수원,33889,32669,66558
20211121,1호선,시청,8225,8046,16271
20211121,1호선,신길,4797,4243,9040
20211121,1호선,신도림,2193,2361,4554
20211121,1호선,신설동,7233,7112,14345
20211121,1호선,신이문,4599,4389,8988
20211121,1호선,신창,1136,1749,2885
20211121,1호선,쌍용,1242,1323,2565
20211121,1호선,아산,3691,2446,6137
20211121,1호선,안양,13017,12813,25830
20211121,1호선,양주,4922,4901,9823
20211121,1호선,역곡,14697,14262,28959
20211121,1호선,영등포,32033,30665,62698
20211121,1호선,영종,2370,2296,4666
20211121,1호선,오류동,7013,6569,13582
20211121,1호선,오산,7552,8073,15625
20211121,1호선,오산대,2190,2034,4224
20211121,1호선,옥수,56,31,87
20211121,1호선,온수,3546,3403,6949
20211121,1호선,온양온천,3365,3332,6697
20211121,1호선,왕십리,10174,11457,21631
20211121,1호선,외대앞,6047,5557,11604
20211121,1호선,용산,34428,30715,65143
20211121,1호선,운서,4898,5240,10138
20211121,1호선,월계,3630,3385,7015
20211121,1호선,응봉,928,912,1840
20211121,1호선,의왕,4303,4319,8622
20211121,1호선,의정부,13696,13783,27479
20211121,1호선,이촌,2025,1637,3662
20211121,1호선,인천,3470,2657,6127
20211121,1호선,인천공항1터미널,3722,3622,7344
20211121,1호선,인천공항2터미널,1942,1778,3720
20211121,1호선,제기동,9634,9964,19598
20211121,1호선,제물포,5303,5146,10449
20211121,1호선,종각,13015,11262,24277
20211121,1호선,종로3가,13909,12279,26188
20211121,1호선,종로5가,8748,8811,17559
20211121,1호선,주안,11547,10294,21841
20211121,1호선,중동,4778,4556,9334
20211121,1호선,지행,4222,4248,8470
20211121,1호선,직산,599,639,1238
20211121,1호선,진위,848,914,1762
20211121,1호선,천안,6351,6036,12387
20211121,1호선,청라국제도시,3200,3034,6234
20211121,1호선,청량리,27033,26151,53184
20211121,1호선,탕정,247,293,540
20211121,1호선,평택,11681,12523,24204
20211121,1호선,평택지제,2535,2387,4922
20211121,1호선,한남,1954,1947,3901
20211121,1호선,홍대입구,9973,8916,18889
20211121,1호선,화서,3946,3916,7862
20211121,1호선,회룡,7241,7169,14410
20211127,1호선,가능,5276,4955,10231
20211127,1호선,가산디지털단지,6607,8825,15432
20211127,1호선,간석,4305,4091,8396
20211127,1호선,개봉,16157,15627,31784
20211127,1호선,검암,4558,4640,9198
20211127,1호선,계양,7204,6473,13677
20211127,1호선,공덕,1548,2487,4035
20211127,1호선,공항화물청사,1294,1361,2655
20211127,1호선,관악,6023,5695,11718
20211127,1호선,광명,3028,2733,5761
20211127,1호선,광운대,6659,6386,13045
20211127,1호선,구로,13242,13729,26971
20211127,1호선,구일,4342,4066,8408
20211127,1호선,군포,4422,3980,8402
20211127,1호선,금정,19044,18951,37995
20211127,1호선,금천구청,8376,8360,16736
20211127,1호선,김포공항,12634,6066,18700
20211127,1호선,남영,5865,6130,11995
20211127,1호선,노량진,8242,7599,15841
20211127,1호선,녹양,3501,3394,6895
20211127,1호선,녹천,3136,2640,5776
20211127,1호선,당정,4056,3816,7872
20211127,1호선,대방,8497,8310,16807
20211127,1호선,덕계,2516,2253,4769
20211127,1호선,덕정,4685,4272,8957
20211127,1호선,도봉,4473,4086,8559
20211127,1호선,도봉산,8613,5873,14486
20211127,1호선,도원,1878,1921,3799
20211127,1호선,도화,3089,2879,5968
20211127,1호선,독산,9089,8796,17885
20211127,1호선,동대문,10728,9922,20650
20211127,1호선,동두천,1572,2015,3587
20211127,1호선,동두천중앙,2526,2465,4991
20211127,1호선,동묘앞,10863,11211,22074
20211127,1호선,동암,12175,12454,24629
20211127,1호선,동인천,11664,11514,23178
20211127,1호선,두정,5322,5286,10608
20211127,1호선,디지털미디어시티,5918,5600,11518
20211127,1호선,마곡나루,3277,3572,6849
20211127,1호선,망월사,5605,5682,11287
20211127,1호선,명학,5423,5153,10576
20211127,1호선,방학,7380,7085,14465
20211127,1호선,배방,1002,975,1977
20211127,1호선,백운,5337,5227,10564
20211127,1호선,병점,12844,12266,25110
20211127,1호선,보산,1690,1663,3353
20211127,1호선,봉명,725,649,1374
20211127,1호선,부개,6315,5928,12243
20211127,1호선,부천,27890,29050,56940
20211127,1호선,부평,28041,31876,59917
20211127,1호선,서동탄,1030,1069,2099
20211127,1호선,서빙고,1794,2048,3842
20211127,1호선,서울,54031,48390,102421
20211127,1호선,서정리,7202,5841,13043
20211127,1호선,석계,6975,7282,14257
20211127,1호선,석수,7016,6359,13375
20211127,1호선,성균관대,10835,10657,21492
20211127,1호선,성환,3005,2725,5730
20211127,1호선,세류,2607,2515,5122
20211127,1호선,세마,2233,1970,4203
20211127,1호선,소사,7451,7165,14616
20211127,1호선,소요산,3535,3014,6549
20211127,1호선,송내,17858,17503,35361
20211127,1호선,송탄,5033,4522,9555
20211127,1호선,수원,38578,41627,80205
20211127,1호선,시청,12424,13314,25738
20211127,1호선,신길,6142,5124,11266
20211127,1호선,신도림,2901,3130,6031
20211127,1호선,신설동,9852,9172,19024
20211127,1호선,신이문,6324,5739,12063
20211127,1호선,신창,1327,1210,2537
20211127,1호선,쌍용,1675,1469,3144
20211127,1호선,아산,3203,3210,6413
20211127,1호선,안양,18402,18616,37018
20211127,1호선,양주,6507,6078,12585
20211127,1호선,역곡,19971,19187,39158
20211127,1호선,영등포,39536,41947,81483
20211127,1호선,영종,2935,2923,5858
20211127,1호선,오류동,8907,7983,16890
20211127,1호선,오산,9828,8848,18676
20211127,1호선,오산대,2867,2608,5475
20211127,1호선,옥수,41,33,74
20211127,1호선,온수,4847,4325,9172
20211127,1호선,온양온천,3742,3749,7491
20211127,1호선,왕십리,13288,14400,27688
20211127,1호선,외대앞,9458,8951,18409
20211127,1호선,용산,36606,38782,75388
20211127,1호선,운서,5853,5945,11798
20211127,1호선,월계,4700,4342,9042
20211127,1호선,응봉,1594,1346,2940
20211127,1호선,의왕,6096,5847,11943
20211127,1호선,의정부,17729,18697,36426
20211127,1호선,이촌,2796,2143,4939
20211127,1호선,인천,4079,3518,7597
20211127,1호선,인천공항1터미널,3814,3884,7698
20211127,1호선,인천공항2터미널,2007,1817,3824
20211127,1호선,제기동,14316,14388,28704
20211127,1호선,제물포,7346,7057,14403
20211127,1호선,종각,21747,20237,41984
20211127,1호선,종로3가,22731,21929,44660
20211127,1호선,종로5가,18239,18455,36694
20211127,1호선,주안,16065,14089,30154
20211127,1호선,중동,6641,6210,12851
20211127,1호선,지행,5581,5548,11129
20211127,1호선,직산,651,624,1275
20211127,1호선,진위,1087,872,1959
20211127,1호선,천안,6323,6482,12805
20211127,1호선,청라국제도시,4300,4078,8378
20211127,1호선,청량리,34172,35063,69235
20211127,1호선,탕정,455,398,853
20211127,1호선,평택,13734,13422,27156
20211127,1호선,평택지제,3393,3101,6494
20211127,1호선,한남,2716,2735,5451
20211127,1호선,홍대입구,12006,12319,24325
20211127,1호선,화서,6094,5830,11924
20211127,1호선,회룡,9656,9513,19169
20211128,1호선,가능,3850,3699,7549
20211128,1호선,가산디지털단지,4926,6829,11755
20211128,1호선,간석,2978,2905,5883
20211128,1호선,개봉,11475,11491,22966
20211128,1호선,검암,3604,3598,7202
20211128,1호선,계양,5187,4974,10161
20211128,1호선,공덕,1225,1687,2912
20211128,1호선,공항화물청사,930,1055,1985
20211128,1호선,관악,4999,4651,9650
20211128,1호선,광명,3127,2126,5253
20211128,1호선,광운대,5561,5269,10830
20211128,1호선,구로,9560,9887,19447
20211128,1호선,구일,3371,3217,6588
20211128,1호선,군포,3084,2941,6025
20211128,1호선,금정,13883,14086,27969
20211128,1호선,금천구청,6238,6046,12284
20211128,1호선,김포공항,11803,5725,17528
20211128,1호선,남영,4236,4563,8799
20211128,1호선,노량진,5486,5154,10640
20211128,1호선,녹양,2797,2688,5485
20211128,1호선,녹천,2625,2326,4951
20211128,1호선,당정,3065,2958,6023
20211128,1호선,대방,5966,6298,12264
20211128,1호선,덕계,1715,1666,3381
20211128,1호선,덕정,3243,3370,6613
20211128,1호선,도봉,3420,3269,6689
20211128,1호선,도봉산,8779,6298,15077
20211128,1호선,도원,2662,2701,5363
20211128,1호선,도화,2268,2167,4435
20211128,1호선,독산,6152,6148,12300
20211128,1호선,동대문,9250,9646,18896
20211128,1호선,동두천,1298,1753,3051
20211128,1호선,동두천중앙,2067,1949,4016
20211128,1호선,동묘앞,11947,12149,24096
20211128,1호선,동암,9255,9120,18375
20211128,1호선,동인천,9333,9036,18369
20211128,1호선,두정,4183,4888,9071
20211128,1호선,디지털미디어시티,3743,3682,7425
20211128,1호선,마곡나루,2283,2630,4913
20211128,1호선,망월사,4382,4646,9028
20211128,1호선,명학,3631,3566,7197
20211128,1호선,방학,5703,5620,11323
20211128,1호선,배방,850,889,1739
20211128,1호선,백운,3774,3825,7599
20211128,1호선,병점,9456,10352,19808
20211128,1호선,보산,1244,1527,2771
20211128,1호선,봉명,509,496,1005
20211128,1호선,부개,4532,4258,8790
20211128,1호선,부천,20628,20278,40906
20211128,1호선,부평,21878,22347,44225
20211128,1호선,서동탄,797,815,1612
20211128,1호선,서빙고,1361,1462,2823
20211128,1호선,서울,48030,38291,86321
20211128,1호선,서정리,4436,6223,10659
20211128,1호선,석계,4990,5620,10610
20211128,1호선,석수,5295,5101,10396
20211128,1호선,성균관대,7882,8207,16089
20211128,1호선,성환,2357,2848,5205
20211128,1호선,세류,2060,2179,4239
20211128,1호선,세마,1800,1681,3481
20211128,1호선,소사,5551,5418,10969
20211128,1호선,소요산,3862,3219,7081
20211128,1호선,송내,12796,12351,25147
20211128,1호선,송탄,3627,4214,7841
20211128,1호선,수원,33950,32858,66808
20211128,1호선,시청,8744,8503,17247
20211128,1호선,신길,4807,4269,9076
20211128,1호선,신도림,2222,2392,4614
20211128,1호선,신설동,7701,7500,15201
20211128,1호선,신이문,5045,4587,9632
20211128,1호선,신창,1040,1545,2585
20211128,1호선,쌍용,1174,1253,2427
20211128,1호선,아산,3593,2275,5868
20211128,1호선,안양,13962,13438,27400
20211128,1호선,양주,4945,4838,9783
20211128,1호선,역곡,13966,13814,27780
20211128,1호선,영등포,32282,31029,63311
20211128,1호선,영종,2339,2167,4506
20211128,1호선,오류동,7011,6675,13686
20211128,1호선,오산,8118,8785,16903
20211128,1호선,오산대,2103,2126,4229
20211128,1호선,옥수,63,20,83
20211128,1호선,온수,3475,3338,6813
20211128,1호선,온양온천,3289,3228,6517
20211128,1호선,왕십리,10376,10907,21283
20211128,1호선,외대앞,9423,8549,17972
20211128,1호선,용산,33078,29599,62677
20211128,1호선,운서,4939,5259,10198
20211128,1호선,월계,3691,3362,7053
20211128,1호선,응봉,1057,1037,2094
20211128,1호선,의왕,4161,4235,8396
20211128,1호선,의정부,13421,13911,27332
20211128,1호선,이촌,2069,1688,3757
20211128,1호선,인천,3677,2954,6631
20211128,1호선,인천공항1터미널,3941,3763,7704
20211128,1호선,인천공항2터미널,1981,2091,4072
20211128,1호선,제기동,9619,9967,19586
20211128,1호선,제물포,5436,5308,10744
20211128,1호선,종각,13936,11960,25896
20211128,1호선,종로3가,14404,12648,27052
20211128,1호선,종로5가,8905,8854,17759
20211128,1호선,주안,11474,10239,21713
20211128,1호선,중동,4673,4402,9075
20211128,1호선,지행,4220,4281,8501
20211128,1호선,직산,555,645,1200
20211128,1호선,진위,878,868,1746
20211128,1호선,창동,1,0,1
20211128,1호선,천안,6046,5844,11890
20211128,1호선,청라국제도시,3138,3057,6195
20211128,1호선,청량리,27102,26157,53259
20211128,1호선,탕정,382,389,771
20211128,1호선,평택,11593,12509,24102
20211128,1호선,평택지제,2426,2307,4733
20211128,1호선,한남,1942,1931,3873
20211128,1호선,홍대입구,9575,8842,18417
20211128,1호선,화서,4166,4010,8176
20211128,1호선,회룡,7436,7318,14754
20211204,1호선,가능,4731,4540,9271
20211204,1호선,가산디지털단지,6270,8270,14540
20211204,1호선,간석,4075,3965,8040
20211204,1호선,개봉,15494,14987,30481
20211204,1호선,검암,4378,4260,8638
20211204,1호선,계양,6779,6165,12944
20211204,1호선,공덕,1515,2365,3880
20211204,1호선,공항화물청사,1293,1353,2646
20211204,1호선,관악,5949,5551,11500
20211204,1호선,광명,2827,2506,5333
20211204,1호선,광운대,5641,5575,11216
20211204,1호선,구로,12969,13695,26664
20211204,1호선,구일,5958,5865,11823
20211204,1호선,군포,4338,3954,8292
20211204,1호선,금정,18335,18236,36571
20211204,1호선,금천구청,8204,8125,16329
20211204,1호선,김포공항,10765,5717,16482
20211204,1호선,남영,5361,5438,10799
20211204,1호선,노량진,7826,7355,15181
20211204,1호선,녹양,3365,3158,6523
20211204,1호선,녹천,3148,2651,5799
20211204,1호선,당정,3916,3664,7580
20211204,1호선,대방,7842,7884,15726
20211204,1호선,덕계,2277,2063,4340
20211204,1호선,덕정,4322,3867,8189
20211204,1호선,도봉,4331,4150,8481
20211204,1호선,도봉산,8282,5532,13814
20211204,1호선,도원,1766,1867,3633
20211204,1호선,도화,2898,2705,5603
20211204,1호선,독산,8635,8377,17012
20211204,1호선,동대문,10359,9368,19727
20211204,1호선,동두천,1555,1833,3388
20211204,1호선,동두천중앙,2415,2403,4818
20211204,1호선,동묘앞,10484,10745,21229
20211204,1호선,동암,11590,11885,23475
20211204,1호선,동인천,10573,10468,21041
20211204,1호선,두정,4730,4836,9566
20211204,1호선,디지털미디어시티,5067,4864,9931
20211204,1호선,마곡나루,2937,3145,6082
20211204,1호선,망월사,5412,5524,10936
20211204,1호선,명학,5116,4967,10083
20211204,1호선,방학,7011,6754,13765
20211204,1호선,배방,967,958,1925
20211204,1호선,백운,5036,4884,9920
20211204,1호선,병점,11719,11317,23036
20211204,1호선,보산,1622,1578,3200
20211204,1호선,봉명,706,644,1350
20211204,1호선,부개,6033,5541,11574
20211204,1호선,부천,27418,28548,55966
20211204,1호선,부평,26301,29525,55826
20211204,1호선,서동탄,1009,1009,2018
20211204,1호선,서빙고,1504,1588,3092
20211204,1호선,서울,45321,42001,87322
20211204,1호선,서정리,6780,5382,12162
20211204,1호선,석계,6505,6971,13476
20211204,1호선,석수,6586,6152,12738
20211204,1호선,성균관대,9492,9496,18988
20211204,1호선,성환,2819,2490,5309
20211204,1호선,세류,2517,2466,4983
20211204,1호선,세마,2068,1879,3947
20211204,1호선,소사,7396,4702,12098
20211204,1호선,소요산,3016,2658,5674
20211204,1호선,송내,17455,16827,34282
20211204,1호선,송탄,4712,4087,8799
20211204,1호선,수원,34867,38020,72887
20211204,1호선,시청,11421,11907,23328
20211204,1호선,신길,5754,4704,10458
20211204,1호선,신도림,2758,2926,5684
20211204,1호선,신설동,9295,8782,18077
20211204,1호선,신이문,5908,5308,11216
20211204,1호선,신창,1022,960,1982
20211204,1호선,쌍용,1571,1476,3047
20211204,1호선,아산,2686,2764,5450
20211204,1호선,안양,17775,17633,35408
20211204,1호선,양주,6042,5570,11612
20211204,1호선,역곡,19102,18757,37859
20211204,1호선,영등포,39042,40854,79896
20211204,1호선,영종,2640,2594,5234
20211204,1호선,오류동,8825,7924,16749
20211204,1호선,오산,8987,8252,17239
20211204,1호선,오산대,2628,2328,4956
20211204,1호선,옥수,34,47,81
20211204,1호선,온수,4642,4198,8840
20211204,1호선,온양온천,4283,4257,8540
20211204,1호선,왕십리,11813,13280,25093
20211204,1호선,외대앞,6057,5827,11884
20211204,1호선,용산,34080,36549,70629
20211204,1호선,운서,5547,5596,11143
20211204,1호선,월계,4587,4202,8789
20211204,1호선,응봉,1334,1077,2411
20211204,1호선,의왕,5887,5564,11451
20211204,1호선,의정부,16744,17814,34558
20211204,1호선,이촌,2692,1948,4640
20211204,1호선,인천,3427,2798,6225
20211204,1호선,인천공항1터미널,3460,3270,6730
20211204,1호선,인천공항2터미널,1999,1684,3683
20211204,1호선,제기동,13940,14133,28073
20211204,1호선,제물포,7032,6464,13496
20211204,1호선,종각,21022,20033,41055
20211204,1호선,종로3가,21094,20515,41609
20211204,1호선,종로5가,16749,16773,33522
20211204,1호선,주안,15013,12960,27973
20211204,1호선,중동,6336,6022,12358
20211204,1호선,지행,5229,5189,10418
20211204,1호선,직산,631,592,1223
20211204,1호선,진위,967,849,1816
20211204,1호선,천안,5610,5794,11404
20211204,1호선,청라국제도시,4008,3736,7744
20211204,1호선,청량리,31301,32830,64131
20211204,1호선,탕정,387,335,722
20211204,1호선,평택,12773,12432,25205
20211204,1호선,평택지제,3106,2900,6006
20211204,1호선,한남,2660,2661,5321
20211204,1호선,홍대입구,10624,11214,21838
20211204,1호선,화서,5291,5212,10503
20211204,1호선,회룡,9347,9075,18422
20211205,1호선,가능,3789,3571,7360
20211205,1호선,가산디지털단지,4541,6276,10817
20211205,1호선,간석,2869,2780,5649
20211205,1호선,개봉,10845,10817,21662
20211205,1호선,검암,3353,3382,6735
20211205,1호선,계양,4851,4642,9493
20211205,1호선,공덕,1184,1816,3000
20211205,1호선,공항화물청사,1029,1098,2127
20211205,1호선,관악,4582,4184,8766
20211205,1호선,광명,2609,1854,4463
20211205,1호선,광운대,3980,4148,8128
20211205,1호선,구로,9166,9460,18626
20211205,1호선,구일,2977,2929,5906
20211205,1호선,군포,2891,2711,5602
20211205,1호선,금정,12880,13266,26146
20211205,1호선,금천구청,5989,6051,12040
20211205,1호선,김포공항,10695,5417,16112
20211205,1호선,남영,4255,4379,8634
20211205,1호선,노량진,5230,4966,10196
20211205,1호선,녹양,2497,2305,4802
20211205,1호선,녹천,2353,2087,4440
20211205,1호선,당정,2891,2758,5649
20211205,1호선,대방,5453,5927,11380
20211205,1호선,덕계,1646,1589,3235
20211205,1호선,덕정,3112,3221,6333
20211205,1호선,도봉,3291,3048,6339
20211205,1호선,도봉산,8023,5667,13690
20211205,1호선,도원,1375,1456,2831
20211205,1호선,도화,2084,2037,4121
20211205,1호선,독산,5865,5898,11763
20211205,1호선,동대문,8509,8902,17411
20211205,1호선,동두천,1221,1519,2740
20211205,1호선,동두천중앙,2124,2081,4205
20211205,1호선,동묘앞,11514,11472,22986
20211205,1호선,동암,8712,8631,17343
20211205,1호선,동인천,8023,7751,15774
20211205,1호선,두정,3828,4308,8136
20211205,1호선,디지털미디어시티,3517,3545,7062
20211205,1호선,마곡나루,2021,2322,4343
20211205,1호선,망월사,4150,4261,8411
20211205,1호선,명학,3308,3153,6461
20211205,1호선,방학,5483,5350,10833
20211205,1호선,배방,686,762,1448
20211205,1호선,백운,3504,3506,7010
20211205,1호선,병점,8598,9334,17932
20211205,1호선,보산,1252,1338,2590
20211205,1호선,봉명,495,476,971
20211205,1호선,부개,4380,4161,8541
20211205,1호선,부천,20651,20265,40916
20211205,1호선,부평,19826,20382,40208
20211205,1호선,서동탄,744,774,1518
20211205,1호선,서빙고,1177,1282,2459
20211205,1호선,서울,42494,32364,74858
20211205,1호선,서정리,4123,5747,9870
20211205,1호선,석계,4637,5075,9712
20211205,1호선,석수,5044,4809,9853
20211205,1호선,성균관대,6913,7013,13926
20211205,1호선,성환,2192,2717,4909
20211205,1호선,세류,1841,1894,3735
20211205,1호선,세마,1566,1499,3065
20211205,1호선,소사,5136,3220,8356
20211205,1호선,소요산,3250,2732,5982
20211205,1호선,송내,11928,11833,23761
20211205,1호선,송탄,3459,4021,7480
20211205,1호선,수원,31007,29138,60145
20211205,1호선,시청,7976,7531,15507
20211205,1호선,신길,4531,3980,8511
20211205,1호선,신도림,2074,2167,4241
20211205,1호선,신설동,7118,6955,14073
20211205,1호선,신이문,4374,4052,8426
20211205,1호선,신창,807,1190,1997
20211205,1호선,쌍용,1101,1135,2236
20211205,1호선,아산,3080,2064,5144
20211205,1호선,안양,12643,12365,25008
20211205,1호선,양주,4649,4666,9315
20211205,1호선,역곡,13361,13280,26641
20211205,1호선,영등포,30686,29535,60221
20211205,1호선,영종,2187,2105,4292
20211205,1호선,오류동,6664,6168,12832
20211205,1호선,오산,7049,7512,14561
20211205,1호선,오산대,1885,1893,3778
20211205,1호선,옥수,46,14,60
20211205,1호선,온수,3441,3181,6622
20211205,1호선,온양온천,2987,2996,5983
20211205,1호선,왕십리,9025,10285,19310
20211205,1호선,외대앞,4546,4502,9048
20211205,1호선,용산,31001,26993,57994
20211205,1호선,운서,4587,4987,9574
20211205,1호선,월계,3762,3491,7253
20211205,1호선,응봉,944,880,1824
20211205,1호선,의왕,3987,4031,8018
20211205,1호선,의정부,12928,13101,26029
20211205,1호선,이촌,1953,1564,3517
20211205,1호선,인천,3058,2393,5451
20211205,1호선,인천공항1터미널,3364,3256,6620
20211205,1호선,인천공항2터미널,1858,1680,3538
20211205,1호선,제기동,9075,9671,18746
20211205,1호선,제물포,4957,4955,9912
20211205,1호선,종각,12964,11194,24158
20211205,1호선,종로3가,13136,11530,24666
20211205,1호선,종로5가,7791,7804,15595
20211205,1호선,주안,10931,9654,20585
20211205,1호선,중동,4565,4182,8747
20211205,1호선,지행,3972,4006,7978
20211205,1호선,직산,528,599,1127
20211205,1호선,진위,813,835,1648
20211205,1호선,천안,5363,5225,10588
20211205,1호선,청라국제도시,2851,2793,5644
20211205,1호선,청량리,25085,23902,48987
20211205,1호선,탕정,257,293,550
20211205,1호선,평택,10517,11163,21680
20211205,1호선,평택지제,2277,2269,4546
20211205,1호선,한남,1733,1728,3461
20211205,1호선,홍대입구,8774,7902,16676
20211205,1호선,화서,3864,3749,7613
20211205,1호선,회룡,6936,7087,14023
20211211,1호선,가능,4964,4745,9709
20211211,1호선,가산디지털단지,6222,8214,14436
20211211,1호선,간석,3920,3757,7677
20211211,1호선,개봉,15024,14561,29585
20211211,1호선,검암,4352,4298,8650
20211211,1호선,계양,6571,5993,12564
20211211,1호선,공덕,1499,2375,3874
20211211,1호선,공항화물청사,1231,1327,2558
20211211,1호선,관악,5716,5277,10993
20211211,1호선,광명,2624,2497,5121
20211211,1호선,광운대,5056,5078,10134
20211211,1호선,구로,12643,13180,25823
20211211,1호선,구일,3938,3743,7681
20211211,1호선,군포,4170,3773,7943
20211211,1호선,금정,18199,17918,36117
20211211,1호선,금천구청,7914,7797,15711
20211211,1호선,김포공항,10400,5506,15906
20211211,1호선,남영,5196,5470,10666
20211211,1호선,노량진,7787,7344,15131
20211211,1호선,녹양,3337,3167,6504
20211211,1호선,녹천,2992,2479,5471
20211211,1호선,당정,3686,3437,7123
20211211,1호선,대방,7468,7320,14788
20211211,1호선,덕계,2212,2003,4215
20211211,1호선,덕정,4266,3943,8209
20211211,1호선,도봉,4173,3903,8076
20211211,1호선,도봉산,7834,5266,13100
20211211,1호선,도원,1953,2025,3978
20211211,1호선,도화,2988,2658,5646
20211211,1호선,독산,8628,8391,17019
20211211,1호선,동대문,9946,9077,19023
20211211,1호선,동두천,1556,1852,3408
20211211,1호선,동두천중앙,2398,2350,4748
20211211,1호선,동묘앞,10138,10361,20499
20211211,1호선,동암,11099,11520,22619
20211211,1호선,동인천,10734,10481,21215
20211211,1호선,두정,4744,4764,9508
20211211,1호선,디지털미디어시티,4976,4896,9872
20211211,1호선,마곡나루,2980,3087,6067
20211211,1호선,망월사,5213,5236,10449
20211211,1호선,명학,5209,4846,10055
20211211,1호선,방학,6948,6672,13620
20211211,1호선,배방,868,805,1673
20211211,1호선,백운,5018,4894,9912
20211211,1호선,병점,11356,11152,22508
20211211,1호선,보산,1523,1468,2991
20211211,1호선,봉명,648,623,1271
20211211,1호선,부개,5918,5586,11504
20211211,1호선,부천,26253,27493,53746
20211211,1호선,부평,25992,29070,55062
20211211,1호선,서동탄,945,950,1895
20211211,1호선,서빙고,1381,1233,2614
20211211,1호선,서울,41836,38744,80580
20211211,1호선,서정리,6626,5458,12084
20211211,1호선,석계,6203,6618,12821
20211211,1호선,석수,6501,5912,12413
20211211,1호선,성균관대,9999,9437,19436
20211211,1호선,성환,2793,2535,5328
20211211,1호선,세류,2423,2419,4842
20211211,1호선,세마,1997,1818,3815
20211211,1호선,소사,6982,6647,13629
20211211,1호선,소요산,3140,2741,5881
20211211,1호선,송내,16692,16258,32950
20211211,1호선,송탄,4501,3883,8384
20211211,1호선,수원,34074,37793,71867
20211211,1호선,시청,10761,11660,22421
20211211,1호선,신길,5708,4703,10411
20211211,1호선,신도림,2742,2835,5577
20211211,1호선,신설동,8807,8360,17167
20211211,1호선,신이문,5736,5210,10946
20211211,1호선,신창,1179,948,2127
20211211,1호선,쌍용,1456,1292,2748
20211211,1호선,아산,2695,2732,5427
20211211,1호선,안양,16402,16504,32906
20211211,1호선,양주,5781,5425,11206
20211211,1호선,역곡,18775,18103,36878
20211211,1호선,영등포,36044,38228,74272
20211211,1호선,영종,2516,2462,4978
20211211,1호선,오류동,8538,7602,16140
20211211,1호선,오산,8831,8178,17009
20211211,1호선,오산대,2549,2292,4841
20211211,1호선,옥수,42,26,68
20211211,1호선,온수,4546,4123,8669
20211211,1호선,온양온천,3275,3339,6614
20211211,1호선,왕십리,11047,12573,23620
20211211,1호선,외대앞,5513,5274,10787
20211211,1호선,용산,30171,32523,62694
20211211,1호선,운서,5567,5668,11235
20211211,1호선,월계,4497,4045,8542
20211211,1호선,응봉,1240,1068,2308
20211211,1호선,의왕,5663,5540,11203
20211211,1호선,의정부,16405,17363,33768
20211211,1호선,이촌,2586,1897,4483
20211211,1호선,인천,3099,2677,5776
20211211,1호선,인천공항1터미널,3124,3309,6433
20211211,1호선,인천공항2터미널,1787,1536,3323
20211211,1호선,제기동,13589,13901,27490
20211211,1호선,제물포,6826,6529,13355
20211211,1호선,종각,17633,16969,34602
20211211,1호선,종로3가,20286,19606,39892
20211211,1호선,종로5가,16512,16192,32704
20211211,1호선,주안,14306,12427,26733
20211211,1호선,중동,6205,5770,11975
20211211,1호선,지행,5142,4990,10132
20211211,1호선,직산,666,612,1278
20211211,1호선,진위,963,831,1794
20211211,1호선,창동,1,0,1
20211211,1호선,천안,5535,5754,11289
20211211,1호선,청라국제도시,3885,3642,7527
20211211,1호선,청량리,30366,31535,61901
20211211,1호선,탕정,383,269,652
20211211,1호선,평택,12528,11956,24484
20211211,1호선,평택지제,3161,2861,6022
20211211,1호선,한남,2537,2525,5062
20211211,1호선,홍대입구,9890,10375,20265
20211211,1호선,화서,5197,5081,10278
20211211,1호선,회룡,8724,8650,17374
20211212,1호선,가능,3525,3359,6884
20211212,1호선,가산디지털단지,4179,5953,10132
20211212,1호선,간석,2661,2668,5329
20211212,1호선,개봉,10446,10487,20933
20211212,1호선,검암,3117,3219,6336
20211212,1호선,계양,4745,4715,9460
20211212,1호선,공덕,1120,1619,2739
20211212,1호선,공항화물청사,905,975,1880
20211212,1호선,관악,4490,4194,8684
20211212,1호선,광명,2632,1778,4410
20211212,1호선,광운대,3405,3648,7053
20211212,1호선,구로,9184,9228,18412
20211212,1호선,구일,2792,2690,5482
20211212,1호선,군포,2855,2737,5592
20211212,1호선,금정,12650,13098,25748
20211212,1호선,금천구청,5745,5611,11356
20211212,1호선,김포공항,10670,5391,16061
20211212,1호선,남영,3861,4076,7937
20211212,1호선,노량진,5108,5012,10120
20211212,1호선,녹양,2433,2293,4726
20211212,1호선,녹천,2172,1876,4048
20211212,1호선,당정,2749,2754,5503
20211212,1호선,대방,5321,5828,11149
20211212,1호선,덕계,1487,1434,2921
20211212,1호선,덕정,3026,3122,6148
20211212,1호선,도봉,3155,3053,6208
20211212,1호선,도봉산,7758,5409,13167
20211212,1호선,도원,1333,1390,2723
20211212,1호선,도화,2033,2000,4033
20211212,1호선,독산,5666,5637,11303
20211212,1호선,동대문,8177,8706,16883
20211212,1호선,동두천,1232,1535,2767
20211212,1호선,동두천중앙,1903,1815,3718
20211212,1호선,동묘앞,10625,10619,21244
20211212,1호선,동암,8420,8357,16777
20211212,1호선,동인천,7915,7837,15752
20211212,1호선,두정,3837,4120,7957
20211212,1호선,디지털미디어시티,3406,3364,6770
20211212,1호선,마곡나루,1840,2058,3898
20211212,1호선,망월사,3976,4172,8148
20211212,1호선,명학,3149,3141,6290
20211212,1호선,방학,5350,5095,10445
20211212,1호선,배방,653,766,1419
20211212,1호선,백운,3362,3370,6732
20211212,1호선,병점,8210,9036,17246
20211212,1호선,보산,1229,1247,2476
20211212,1호선,봉명,433,449,882
20211212,1호선,부개,4125,3968,8093
20211212,1호선,부천,19335,19098,38433
20211212,1호선,부평,19718,20438,40156
20211212,1호선,서동탄,606,677,1283
20211212,1호선,서빙고,1155,1039,2194
20211212,1호선,서울,40669,29634,70303
20211212,1호선,서정리,4347,5875,10222
20211212,1호선,석계,4434,4762,9196
20211212,1호선,석수,4682,4272,8954
20211212,1호선,성균관대,6845,7018,13863
20211212,1호선,성환,2092,2582,4674
20211212,1호선,세류,1779,1820,3599
20211212,1호선,세마,1475,1430,2905
20211212,1호선,소사,5275,4941,10216
20211212,1호선,소요산,3095,2572,5667
20211212,1호선,송내,11569,11224,22793
20211212,1호선,송탄,3287,3679,6966
20211212,1호선,수원,29818,28594,58412
20211212,1호선,시청,7329,6774,14103
20211212,1호선,신길,4207,3739,7946
20211212,1호선,신도림,1808,1987,3795
20211212,1호선,신설동,6861,6825,13686
20211212,1호선,신이문,4093,3997,8090
20211212,1호선,신창,899,1063,1962
20211212,1호선,쌍용,1041,1116,2157
20211212,1호선,아산,2998,2032,5030
20211212,1호선,안양,12115,11799,23914
20211212,1호선,양주,4492,4365,8857
20211212,1호선,역곡,12653,12500,25153
20211212,1호선,영등포,30003,28730,58733
20211212,1호선,영종,2035,2010,4045
20211212,1호선,오류동,6343,5976,12319
20211212,1호선,오산,7028,7476,14504
20211212,1호선,오산대,1833,1819,3652
20211212,1호선,옥수,44,28,72
20211212,1호선,온수,3235,2971,6206
20211212,1호선,온양온천,2817,2789,5606
20211212,1호선,왕십리,8298,9031,17329
20211212,1호선,외대앞,3975,3853,7828
20211212,1호선,용산,28960,24855,53815
20211212,1호선,운서,4478,4772,9250
20211212,1호선,월계,3132,2945,6077
20211212,1호선,응봉,842,814,1656
20211212,1호선,의왕,3728,3803,7531
20211212,1호선,의정부,12921,13056,25977
20211212,1호선,이촌,1822,1446,3268
20211212,1호선,인천,2592,2098,4690
20211212,1호선,인천공항1터미널,3310,3285,6595
20211212,1호선,인천공항2터미널,1636,1605,3241
20211212,1호선,제기동,8684,9034,17718
20211212,1호선,제물포,4864,4701,9565
20211212,1호선,종각,10983,10017,21000
20211212,1호선,종로3가,12030,10838,22868
20211212,1호선,종로5가,8237,7918,16155
20211212,1호선,주안,10274,9114,19388
20211212,1호선,중동,4352,4267,8619
20211212,1호선,지행,4032,4006,8038
20211212,1호선,직산,541,587,1128
20211212,1호선,진위,760,783,1543
20211212,1호선,천안,5196,5182,10378
20211212,1호선,청라국제도시,2713,2646,5359
20211212,1호선,청량리,24004,22567,46571
20211212,1호선,탕정,248,267,515
20211212,1호선,평택,10268,11008,21276
20211212,1호선,평택지제,2266,2214,4480
20211212,1호선,한남,1575,1740,3315
20211212,1호선,홍대입구,8240,7808,16048
20211212,1호선,화서,3714,3617,7331
20211212,1호선,회룡,6676,6615,13291
20211218,1호선,가능,4428,4344,8772
20211218,1호선,가산디지털단지,5738,7661,13399
20211218,1호선,간석,4919,4575,9494
20211218,1호선,개봉,14668,15101,29769
20211218,1호선,검암,3991,4008,7999
20211218,1호선,계양,6006,6018,12024
20211218,1호선,공덕,1437,2284,3721
20211218,1호선,공항화물청사,1402,1321,2723
20211218,1호선,관악,4866,4776,9642
20211218,1호선,광명,2803,2538,5341
20211218,1호선,광운대,4815,4795,9610
20211218,1호선,구로,13084,13105,26189
20211218,1호선,구일,7655,8105,15760
20211218,1호선,군포,3843,3528,7371
20211218,1호선,금정,16752,17093,33845
20211218,1호선,금천구청,7226,7555,14781
20211218,1호선,김포공항,11382,5883,17265
20211218,1호선,남영,5286,5728,11014
20211218,1호선,노량진,7259,6855,14114
20211218,1호선,녹양,2997,2989,5986
20211218,1호선,녹천,2831,2387,5218
20211218,1호선,당정,3572,3486,7058
20211218,1호선,대방,7908,7645,15553
20211218,1호선,덕계,2089,1897,3986
20211218,1호선,덕정,3919,3762,7681
20211218,1호선,도봉,3819,3649,7468
20211218,1호선,도봉산,5736,3878,9614
20211218,1호선,도원,2155,1977,4132
20211218,1호선,도화,3614,3513,7127
20211218,1호선,독산,8286,8347,16633
20211218,1호선,동대문,9011,8191,17202
20211218,1호선,동두천,1290,1535,2825
20211218,1호선,동두천중앙,2092,2154,4246
20211218,1호선,동묘앞,7618,7786,15404
20211218,1호선,동암,11485,12698,24183
20211218,1호선,동인천,11145,10953,22098
20211218,1호선,두정,4481,4334,8815
20211218,1호선,디지털미디어시티,5441,4966,10407
20211218,1호선,마곡나루,2571,2726,5297
20211218,1호선,망월사,4717,5046,9763
20211218,1호선,명학,4669,4611,9280
20211218,1호선,방학,6269,6316,12585
20211218,1호선,배방,821,745,1566
20211218,1호선,백운,5564,5502,11066
20211218,1호선,병점,10879,11144,22023
20211218,1호선,보산,1682,1666,3348
20211218,1호선,봉명,579,561,1140
20211218,1호선,부개,6230,5974,12204
20211218,1호선,부천,27154,28077,55231
20211218,1호선,부평,28468,30318,58786
20211218,1호선,서동탄,817,891,1708
20211218,1호선,서빙고,1324,1261,2585
20211218,1호선,서울,43635,39030,82665
20211218,1호선,서정리,6109,5084,11193
20211218,1호선,석계,5540,6148,11688
20211218,1호선,석수,5875,5496,11371
20211218,1호선,성균관대,9323,9474,18797
20211218,1호선,성환,2360,2132,4492
20211218,1호선,세류,2220,2252,4472
20211218,1호선,세마,1826,1652,3478
20211218,1호선,소사,7038,6867,13905
20211218,1호선,소요산,1991,1746,3737
20211218,1호선,송내,16905,16990,33895
20211218,1호선,송탄,4302,3959,8261
20211218,1호선,수원,34567,37045,71612
20211218,1호선,시청,10474,10273,20747
20211218,1호선,신길,5560,4702,10262
20211218,1호선,신도림,2506,2554,5060
20211218,1호선,신설동,8156,7738,15894
20211218,1호선,신이문,5376,5056,10432
20211218,1호선,신창,882,794,1676
20211218,1호선,쌍용,1301,1161,2462
20211218,1호선,아산,2545,2509,5054
20211218,1호선,안양,15866,16079,31945
20211218,1호선,양주,5347,5288,10635
20211218,1호선,역곡,19037,18939,37976
20211218,1호선,영등포,39435,39765,79200
20211218,1호선,영종,2516,2708,5224
20211218,1호선,오류동,8123,7830,15953
20211218,1호선,오산,8100,7984,16084
20211218,1호선,오산대,2282,2142,4424
20211218,1호선,옥수,33,31,64
20211218,1호선,온수,4311,4072,8383
20211218,1호선,온양온천,2764,3006,5770
20211218,1호선,왕십리,11697,13403,25100
20211218,1호선,외대앞,5341,5199,10540
20211218,1호선,용산,34565,36357,70922
20211218,1호선,운서,5691,5697,11388
20211218,1호선,월계,3933,3740,7673
20211218,1호선,응봉,1146,1008,2154
20211218,1호선,의왕,5279,5339,10618
20211218,1호선,의정부,16972,17384,34356
20211218,1호선,이촌,2562,2023,4585
20211218,1호선,인천,2774,2098,4872
20211218,1호선,인천공항1터미널,3887,4067,7954
20211218,1호선,인천공항2터미널,2081,1995,4076
20211218,1호선,제기동,11161,11033,22194
20211218,1호선,제물포,8463,7990,16453
20211218,1호선,종각,16261,14924,31185
20211218,1호선,종로3가,17272,16091,33363
20211218,1호선,종로5가,14899,14385,29284
20211218,1호선,주안,16283,14593,30876
20211218,1호선,중동,6433,6214,12647
20211218,1호선,지행,4904,5017,9921
20211218,1호선,직산,550,523,1073
20211218,1호선,진위,872,833,1705
20211218,1호선,창동,1,0,1
20211218,1호선,천안,4776,5025,9801
20211218,1호선,청라국제도시,3674,3775,7449
20211218,1호선,청량리,28653,29865,58518
20211218,1호선,탕정,297,248,545
20211218,1호선,평택,11486,10949,22435
20211218,1호선,평택지제,2907,2655,5562
20211218,1호선,한남,2617,2370,4987
20211218,1호선,홍대입구,10698,10595,21293
20211218,1호선,화서,4752,4913,9665
20211218,1호선,회룡,8225,8125,16350
20211219,1호선,가능,3626,3325,6951
20211219,1호선,가산디지털단지,4423,6109,10532
20211219,1호선,간석,3068,2895,5963
20211219,1호선,개봉,10634,10512,21146
20211219,1호선,검암,3211,3309,6520
20211219,1호선,계양,4867,4695,9562
20211219,1호선,공덕,1203,1830,3033
20211219,1호선,공항화물청사,1047,1118,2165
20211219,1호선,관악,4057,3760,7817
20211219,1호선,광명,2697,1931,4628
20211219,1호선,광운대,3668,3817,7485
20211219,1호선,구로,9034,9219,18253
20211219,1호선,구일,6397,6634,13031
20211219,1호선,군포,2665,2606,5271
20211219,1호선,금정,12387,12828,25215
20211219,1호선,금천구청,5482,5566,11048
20211219,1호선,김포공항,11170,5783,16953
20211219,1호선,남영,4173,4366,8539
20211219,1호선,노량진,5117,4980,10097
20211219,1호선,녹양,2747,2567,5314
20211219,1호선,녹천,2177,1967,4144
20211219,1호선,당정,2748,2761,5509
20211219,1호선,대방,5378,5852,11230
20211219,1호선,덕계,1480,1419,2899
20211219,1호선,덕정,2957,3123,6080
20211219,1호선,도봉,3009,2854,5863
20211219,1호선,도봉산,5905,4460,10365
20211219,1호선,도원,1552,1624,3176
20211219,1호선,도화,2254,2103,4357
20211219,1호선,독산,5780,5851,11631
20211219,1호선,동대문,7624,7964,15588
20211219,1호선,동두천,1056,1317,2373
20211219,1호선,동두천중앙,1789,1684,3473
20211219,1호선,동묘앞,8845,9053,17898
20211219,1호선,동암,8896,8864,17760
20211219,1호선,동인천,8335,8124,16459
20211219,1호선,두정,3858,4335,8193
20211219,1호선,디지털미디어시티,3593,3680,7273
20211219,1호선,마곡나루,1920,2179,4099
20211219,1호선,망월사,4047,4105,8152
20211219,1호선,명학,3310,3273,6583
20211219,1호선,방학,5156,5058,10214
20211219,1호선,배방,695,822,1517
20211219,1호선,백운,3639,3494,7133
20211219,1호선,병점,8571,9305,17876
20211219,1호선,보산,1315,1517,2832
20211219,1호선,봉명,503,513,1016
20211219,1호선,부개,4388,4148,8536
20211219,1호선,부천,20312,19606,39918
20211219,1호선,부평,20826,21549,42375
20211219,1호선,서동탄,664,675,1339
20211219,1호선,서빙고,1134,1213,2347
20211219,1호선,서울,41338,31911,73249
20211219,1호선,서정리,4298,5847,10145
20211219,1호선,석계,4298,4705,9003
20211219,1호선,석수,4538,4375,8913
20211219,1호선,성균관대,7154,7639,14793
20211219,1호선,성환,1941,2309,4250
20211219,1호선,세류,1890,1844,3734
20211219,1호선,세마,1468,1435,2903
20211219,1호선,소사,4967,4768,9735
20211219,1호선,소요산,2659,2206,4865
20211219,1호선,송내,12157,11989,24146
20211219,1호선,송탄,3512,4025,7537
20211219,1호선,수원,32332,31020,63352
20211219,1호선,시청,7696,6993,14689
20211219,1호선,신길,4218,3655,7873
20211219,1호선,신도림,1910,1960,3870
20211219,1호선,신설동,6608,6428,13036
20211219,1호선,신이문,4169,3874,8043
20211219,1호선,신창,776,876,1652
20211219,1호선,쌍용,1071,1139,2210
20211219,1호선,아산,3118,2088,5206
20211219,1호선,안양,12248,11839,24087
20211219,1호선,양주,4223,4110,8333
20211219,1호선,역곡,13182,13108,26290
20211219,1호선,영등포,32030,31265,63295
20211219,1호선,영종,2215,2076,4291
20211219,1호선,오류동,6487,6068,12555
20211219,1호선,오산,7005,7612,14617
20211219,1호선,오산대,1882,1794,3676
20211219,1호선,옥수,48,20,68
20211219,1호선,온수,3350,3112,6462
20211219,1호선,온양온천,3353,3428,6781
20211219,1호선,왕십리,9361,10385,19746
20211219,1호선,외대앞,4143,3998,8141
20211219,1호선,용산,32037,28885,60922
20211219,1호선,운서,4769,4947,9716
20211219,1호선,월계,3356,3199,6555
20211219,1호선,응봉,935,856,1791
20211219,1호선,의왕,3908,4031,7939
20211219,1호선,의정부,13405,13574,26979
20211219,1호선,이촌,1882,1474,3356
20211219,1호선,인천,2580,2007,4587
20211219,1호선,인천공항1터미널,3635,3929,7564
20211219,1호선,인천공항2터미널,1836,1925,3761
20211219,1호선,제기동,7776,8105,15881
20211219,1호선,제물포,5474,5318,10792
20211219,1호선,종각,10694,9479,20173
20211219,1호선,종로3가,11456,10022,21478
20211219,1호선,종로5가,7293,7106,14399
20211219,1호선,주안,11139,9814,20953
20211219,1호선,중동,4617,4264,8881
20211219,1호선,지행,3997,3965,7962
20211219,1호선,직산,449,512,961
20211219,1호선,진위,788,785,1573
20211219,1호선,천안,5131,4984,10115
20211219,1호선,청라국제도시,2891,2755,5646
20211219,1호선,청량리,23840,22700,46540
20211219,1호선,탕정,264,315,579
20211219,1호선,평택,10387,11194,21581
20211219,1호선,평택지제,2439,2285,4724
20211219,1호선,한남,1848,1831,3679
20211219,1호선,홍대입구,9018,8206,17224
20211219,1호선,화서,3758,3735,7493
20211219,1호선,회룡,6449,6362,12811
20211225,1호선,가능,3607,3578,7185
20211225,1호선,가산디지털단지,4276,6179,10455
20211225,1호선,간석,3186,3017,6203
20211225,1호선,개봉,11750,11745,23495
20211225,1호선,검암,3230,3257,6487
20211225,1호선,계양,5138,5019,10157
20211225,1호선,공덕,1058,1625,2683
20211225,1호선,공항화물청사,1084,1136,2220
20211225,1호선,관악,3786,3715,7501
20211225,1호선,광명,1835,1811,3646
20211225,1호선,광운대,4282,4346,8628
20211225,1호선,구로,9368,9592,18960
20211225,1호선,구일,3051,2890,5941
20211225,1호선,군포,2982,2690,5672
20211225,1호선,금정,13159,13538,26697
20211225,1호선,금천구청,5928,5943,11871
20211225,1호선,김포공항,9338,5076,14414
20211225,1호선,남영,4085,4394,8479
20211225,1호선,노량진,6194,6102,12296
20211225,1호선,녹양,2519,2420,4939
20211225,1호선,녹천,2140,1879,4019
20211225,1호선,당정,2964,2839,5803
20211225,1호선,대방,5893,5930,11823
20211225,1호선,덕계,1661,1535,3196
20211225,1호선,덕정,3294,3152,6446
20211225,1호선,도봉,3143,3082,6225
20211225,1호선,도봉산,5165,3339,8504
20211225,1호선,도원,1356,1371,2727
20211225,1호선,도화,2313,2196,4509
20211225,1호선,독산,6500,6348,12848
20211225,1호선,동대문,8546,7852,16398
20211225,1호선,동두천,1167,1410,2577
20211225,1호선,동두천중앙,1958,1950,3908
20211225,1호선,동묘앞,7303,7270,14573
20211225,1호선,동암,9025,9514,18539
20211225,1호선,동인천,8889,8905,17794
20211225,1호선,두정,3888,3986,7874
20211225,1호선,디지털미디어시티,3399,3173,6572
20211225,1호선,마곡나루,1948,2142,4090
20211225,1호선,망월사,4060,4086,8146
20211225,1호선,명학,3159,3000,6159
20211225,1호선,방학,5419,5275,10694
20211225,1호선,배방,747,702,1449
20211225,1호선,백운,3785,3816,7601
20211225,1호선,병점,9849,10095,19944
20211225,1호선,보산,1086,1152,2238
20211225,1호선,봉명,401,430,831
20211225,1호선,부개,4499,4278,8777
20211225,1호선,부천,23435,24056,47491
20211225,1호선,부평,25346,27181,52527
20211225,1호선,서동탄,725,778,1503
20211225,1호선,서빙고,1088,1137,2225
20211225,1호선,서울,35354,32585,67939
20211225,1호선,서정리,5173,4409,9582
20211225,1호선,석계,4886,5065,9951
20211225,1호선,석수,4714,4450,9164
20211225,1호선,성균관대,7903,8006,15909
20211225,1호선,성환,2127,1992,4119
20211225,1호선,세류,1840,1874,3714
20211225,1호선,세마,1745,1583,3328
20211225,1호선,소사,4632,4516,9148
20211225,1호선,소요산,1939,1551,3490
20211225,1호선,송내,12741,12613,25354
20211225,1호선,송탄,3843,3471,7314
20211225,1호선,수원,34432,36726,71158
20211225,1호선,시청,12360,10532,22892
20211225,1호선,신길,4369,3769,8138
20211225,1호선,신도림,1843,1840,3683
20211225,1호선,신설동,6863,6500,13363
20211225,1호선,신이문,4535,4241,8776
20211225,1호선,신창,773,704,1477
20211225,1호선,쌍용,1056,1012,2068
20211225,1호선,아산,2230,2106,4336
20211225,1호선,안양,13518,13587,27105
20211225,1호선,양주,4756,4454,9210
20211225,1호선,역곡,14751,14753,29504
20211225,1호선,영등포,42133,41728,83861
20211225,1호선,영종,2140,2164,4304
20211225,1호선,오류동,6837,6517,13354
20211225,1호선,오산,7918,7508,15426
20211225,1호선,오산대,2085,1907,3992
20211225,1호선,옥수,24,36,60
20211225,1호선,온수,3667,3425,7092
20211225,1호선,온양온천,2961,2941,5902
20211225,1호선,왕십리,10767,11877,22644
20211225,1호선,외대앞,5074,4868,9942
20211225,1호선,용산,29683,31402,61085
20211225,1호선,운서,4933,4945,9878
20211225,1호선,월계,3374,3177,6551
20211225,1호선,응봉,847,738,1585
20211225,1호선,의왕,4089,4072,8161
20211225,1호선,의정부,15537,15921,31458
20211225,1호선,이촌,1814,1432,3246
20211225,1호선,인천,2924,2488,5412
20211225,1호선,인천공항1터미널,3576,3769,7345
20211225,1호선,인천공항2터미널,1732,1628,3360
20211225,1호선,제기동,8928,8894,17822
20211225,1호선,제물포,5337,5293,10630
20211225,1호선,종각,15257,13575,28832
20211225,1호선,종로3가,14748,14395,29143
20211225,1호선,종로5가,12710,12193,24903
20211225,1호선,주안,12437,11016,23453
20211225,1호선,중동,4728,4364,9092
20211225,1호선,지행,4364,4444,8808
20211225,1호선,직산,438,438,876
20211225,1호선,진위,783,648,1431
20211225,1호선,창동,1,0,1
20211225,1호선,천안,4938,4911,9849
20211225,1호선,청라국제도시,3095,3011,6106
20211225,1호선,청량리,25064,25819,50883
20211225,1호선,탕정,245,222,467
20211225,1호선,평택,10704,10449,21153
20211225,1호선,평택지제,2226,2119,4345
20211225,1호선,한남,1873,1955,3828
20211225,1호선,홍대입구,10580,10530,21110
20211225,1호선,화서,3636,3745,7381
20211225,1호선,회룡,6949,7037,13986
20211226,1호선,가능,2789,2729,5518
20211226,1호선,가산디지털단지,3483,5006,8489
20211226,1호선,간석,2470,2376,4846
20211226,1호선,개봉,8695,9022,17717
20211226,1호선,검암,2759,2776,5535
20211226,1호선,계양,4068,4116,8184
20211226,1호선,공덕,869,1327,2196
20211226,1호선,공항화물청사,909,979,1888
20211226,1호선,관악,3149,2943,6092
20211226,1호선,광명,2258,1493,3751
20211226,1호선,광운대,3094,3202,6296
20211226,1호선,구로,7575,7610,15185
20211226,1호선,구일,2212,2298,4510
20211226,1호선,군포,2319,2258,4577
20211226,1호선,금정,10644,11216,21860
20211226,1호선,금천구청,4572,4406,8978
20211226,1호선,김포공항,10015,5325,15340
20211226,1호선,남영,3230,3477,6707
20211226,1호선,노량진,4309,4343,8652
20211226,1호선,녹양,2098,1969,4067
20211226,1호선,녹천,1977,1766,3743
20211226,1호선,당정,2145,2258,4403
20211226,1호선,대방,4460,4857,9317
20211226,1호선,덕계,1236,1243,2479
20211226,1호선,덕정,2464,2715,5179
20211226,1호선,도봉,2435,2320,4755
20211226,1호선,도봉산,4614,3202,7816
20211226,1호선,도원,1081,1086,2167
20211226,1호선,도화,1700,1707,3407
20211226,1호선,독산,4771,4901,9672
20211226,1호선,동대문,6566,6562,13128
20211226,1호선,동두천,981,1204,2185
20211226,1호선,동두천중앙,1507,1448,2955
20211226,1호선,동묘앞,7040,6913,13953
20211226,1호선,동암,7366,7222,14588
20211226,1호선,동인천,7028,6857,13885
20211226,1호선,두정,3527,3684,7211
20211226,1호선,디지털미디어시티,2879,2847,5726
20211226,1호선,마곡나루,1481,1603,3084
20211226,1호선,망월사,3390,3439,6829
20211226,1호선,명학,2431,2334,4765
20211226,1호선,방학,4319,4228,8547
20211226,1호선,배방,598,694,1292
20211226,1호선,백운,2840,2958,5798
20211226,1호선,병점,7283,8129,15412
20211226,1호선,보산,1045,1009,2054
20211226,1호선,봉명,428,405,833
20211226,1호선,부개,3615,3490,7105
20211226,1호선,부천,16693,16223,32916
20211226,1호선,부평,18606,18353,36959
20211226,1호선,서동탄,536,532,1068
20211226,1호선,서빙고,969,1060,2029
20211226,1호선,서울,37789,28666,66455
20211226,1호선,서정리,3480,5305,8785
20211226,1호선,석계,3567,3949,7516
20211226,1호선,석수,3568,3408,6976
20211226,1호선,성균관대,6119,6610,12729
20211226,1호선,성환,1753,2135,3888
20211226,1호선,세류,1611,1574,3185
20211226,1호선,세마,1352,1346,2698
20211226,1호선,소사,3692,3655,7347
20211226,1호선,소요산,1667,1373,3040
20211226,1호선,송내,9906,9915,19821
20211226,1호선,송탄,3004,3675,6679
20211226,1호선,수원,28096,27139,55235
20211226,1호선,시청,6646,5945,12591
20211226,1호선,신길,3592,3196,6788
20211226,1호선,신도림,1489,1446,2935
20211226,1호선,신설동,5464,5455,10919
20211226,1호선,신이문,3553,3450,7003
20211226,1호선,신창,713,776,1489
20211226,1호선,쌍용,887,897,1784
20211226,1호선,아산,2793,1724,4517
20211226,1호선,안양,10266,10047,20313
20211226,1호선,양주,3560,3664,7224
20211226,1호선,역곡,10868,11043,21911
20211226,1호선,영등포,29314,27097,56411
20211226,1호선,영종,2015,1790,3805
20211226,1호선,오류동,5532,5122,10654
20211226,1호선,오산,6073,6686,12759
20211226,1호선,오산대,1606,1542,3148
20211226,1호선,옥수,63,20,83
20211226,1호선,온수,2654,2644,5298
20211226,1호선,온양온천,2539,2585,5124
20211226,1호선,왕십리,7916,8630,16546
20211226,1호선,외대앞,3892,3731,7623
20211226,1호선,용산,29347,25430,54777
20211226,1호선,운서,4129,4211,8340
20211226,1호선,월계,2559,2299,4858
20211226,1호선,응봉,688,651,1339
20211226,1호선,의왕,3078,3232,6310
20211226,1호선,의정부,11757,11495,23252
20211226,1호선,이촌,1588,1266,2854
20211226,1호선,인천,2106,1474,3580
20211226,1호선,인천공항1터미널,3209,3325,6534
20211226,1호선,인천공항2터미널,1623,1598,3221
20211226,1호선,제기동,6299,6461,12760
20211226,1호선,제물포,4129,4159,8288
20211226,1호선,종각,9264,8462,17726
20211226,1호선,종로3가,9472,8516,17988
20211226,1호선,종로5가,6335,6141,12476
20211226,1호선,주안,9703,8357,18060
20211226,1호선,중동,3677,3436,7113
20211226,1호선,지행,3327,3280,6607
20211226,1호선,직산,430,467,897
20211226,1호선,진위,656,702,1358
20211226,1호선,천안,4600,4641,9241
20211226,1호선,청라국제도시,2486,2391,4877
20211226,1호선,청량리,20478,19346,39824
20211226,1호선,탕정,204,213,417
20211226,1호선,평택,9297,9605,18902
20211226,1호선,평택지제,2023,1964,3987
20211226,1호선,한남,1404,1418,2822
20211226,1호선,홍대입구,7954,7605,15559
20211226,1호선,화서,2971,2931,5902
20211226,1호선,회룡,5307,5233,10540
