사용일자,호선명,지하철역,승차총승객수,하차총승객수,승하차총승객수
20210102,3호선,가락시장,3162,3202,6364
20210102,3호선,경복궁,5520,5715,11235
20210102,3호선,경찰병원,2064,2069,4133
20210102,3호선,고속터미널,23856,21535,45391
20210102,3호선,교대,2723,1843,4566
20210102,3호선,구파발,8041,8127,16168
20210102,3호선,금호,3345,3257,6602
20210102,3호선,남부터미널,9634,9188,18822
20210102,3호선,녹번,5162,4780,9942
20210102,3호선,대곡,644,478,1122
20210102,3호선,대청,2996,2847,5843
20210102,3호선,대치,4091,3847,7938
20210102,3호선,대화,4616,4245,8861
20210102,3호선,도곡,1718,1670,3388
20210102,3호선,독립문,2958,3232,6190
20210102,3호선,동대입구,2828,3273,6101
20210102,3호선,마두,2883,2841,5724
20210102,3호선,매봉,3152,3082,6234
20210102,3호선,무악재,1414,1489,2903
20210102,3호선,백석,4388,4521,8909
20210102,3호선,불광,7531,8485,16016
20210102,3호선,삼송,7405,7365,14770
20210102,3호선,수서,6183,5716,11899
20210102,3호선,신사,12035,12344,24379
20210102,3호선,안국,4235,4545,8780
20210102,3호선,압구정,13628,13960,27588
20210102,3호선,약수,4961,4890,9851
20210102,3호선,양재,8731,9797,18528
20210102,3호선,연신내,17233,16303,33536
20210102,3호선,오금,1902,1808,3710
20210102,3호선,옥수,3599,3680,7279
20210102,3호선,원당,4470,4325,8795
20210102,3호선,원흥,3623,3453,7076
20210102,3호선,을지로3가,2082,2103,4185
20210102,3호선,일원,2316,2331,4647
20210102,3호선,잠원,1565,1568,3133
20210102,3호선,정발산,3419,3487,6906
20210102,3호선,종로3가,2200,3036,5236
20210102,3호선,주엽,3317,3324,6641
20210102,3호선,지축,1184,1177,2361
20210102,3호선,충무로,2,0,2
20210102,3호선,학여울,572,540,1112
20210102,3호선,홍제,7206,7060,14266
20210102,3호선,화정,7146,7424,14570
20210103,3호선,가락시장,2291,2498,4789
20210103,3호선,경복궁,4169,4406,8575
20210103,3호선,경찰병원,1536,1612,3148
20210103,3호선,고속터미널,25617,19273,44890
20210103,3호선,교대,1797,1278,3075
20210103,3호선,구파발,6026,6407,12433
20210103,3호선,금호,2494,2377,4871
20210103,3호선,남부터미널,8597,7712,16309
20210103,3호선,녹번,3859,3599,7458
20210103,3호선,대곡,518,463,981
20210103,3호선,대청,2254,2244,4498
20210103,3호선,대치,2667,2514,5181
20210103,3호선,대화,3603,3297,6900
20210103,3호선,도곡,1076,1196,2272
20210103,3호선,독립문,2196,2446,4642
20210103,3호선,동대입구,2374,2817,5191
20210103,3호선,마두,1843,1849,3692
20210103,3호선,매봉,2197,2267,4464
20210103,3호선,무악재,1070,1122,2192
20210103,3호선,백석,3377,3349,6726
20210103,3호선,불광,5886,6639,12525
20210103,3호선,삼송,5645,5626,11271
20210103,3호선,수서,5413,4996,10409
20210103,3호선,신사,6411,6654,13065
20210103,3호선,안국,3288,3496,6784
20210103,3호선,압구정,6934,7381,14315
20210103,3호선,약수,3523,3512,7035
20210103,3호선,양재,6236,7731,13967
20210103,3호선,연신내,12780,12211,24991
20210103,3호선,오금,1379,1337,2716
20210103,3호선,옥수,2645,2925,5570
20210103,3호선,원당,3545,3321,6866
20210103,3호선,원흥,2701,2665,5366
20210103,3호선,을지로3가,1195,1163,2358
20210103,3호선,일원,1784,1952,3736
20210103,3호선,잠원,1115,1183,2298
20210103,3호선,정발산,2631,2559,5190
20210103,3호선,종로3가,1459,1887,3346
20210103,3호선,주엽,2373,949,3322
20210103,3호선,지축,853,872,1725
20210103,3호선,학여울,436,428,864
20210103,3호선,홍제,5102,4978,10080
20210103,3호선,화정,5239,5319,10558
20210109,3호선,가락시장,4385,4016,8401
20210109,3호선,경복궁,6056,5991,12047
20210109,3호선,경찰병원,2814,2717,5531
20210109,3호선,고속터미널,28566,28244,56810
20210109,3호선,교대,3958,2464,6422
20210109,3호선,구파발,9151,9183,18334
20210109,3호선,금호,3977,3722,7699
20210109,3호선,남부터미널,12584,12628,25212
20210109,3호선,녹번,6500,5730,12230
20210109,3호선,대곡,681,581,1262
20210109,3호선,대청,3860,3568,7428
20210109,3호선,대치,5580,5200,10780
20210109,3호선,대화,5316,5010,10326
20210109,3호선,도곡,2264,2234,4498
20210109,3호선,독립문,3189,3245,6434
20210109,3호선,동대입구,2935,3145,6080
20210109,3호선,마두,3078,3113,6191
20210109,3호선,매봉,4000,3851,7851
20210109,3호선,무악재,1758,1781,3539
20210109,3호선,백석,4916,5132,10048
20210109,3호선,불광,8082,9168,17250
20210109,3호선,삼송,8452,8427,16879
20210109,3호선,수서,7502,7631,15133
20210109,3호선,신사,16581,16975,33556
20210109,3호선,안국,5362,5784,11146
20210109,3호선,압구정,17258,17460,34718
20210109,3호선,약수,6102,5720,11822
20210109,3호선,양재,12243,13151,25394
20210109,3호선,연신내,19367,18600,37967
20210109,3호선,오금,2397,2252,4649
20210109,3호선,옥수,4153,4337,8490
20210109,3호선,원당,5024,4830,9854
20210109,3호선,원흥,4077,3907,7984
20210109,3호선,을지로3가,2947,3198,6145
20210109,3호선,일원,3653,3565,7218
20210109,3호선,잠원,2187,2012,4199
20210109,3호선,정발산,3609,3695,7304
20210109,3호선,종로3가,2791,3670,6461
20210109,3호선,주엽,3653,3607,7260
20210109,3호선,지축,1290,1321,2611
20210109,3호선,학여울,809,788,1597
20210109,3호선,홍제,8332,8123,16455
20210109,3호선,화정,7879,8243,16122
20210110,3호선,가락시장,2193,2416,4609
20210110,3호선,경복궁,4190,4281,8471
20210110,3호선,경찰병원,1673,1680,3353
20210110,3호선,고속터미널,22270,21035,43305
20210110,3호선,교대,2153,1502,3655
20210110,3호선,구파발,6049,6270,12319
20210110,3호선,금호,2673,2619,5292
20210110,3호선,남부터미널,8132,8433,16565
20210110,3호선,녹번,4077,3753,7830
20210110,3호선,대곡,528,395,923
20210110,3호선,대청,2542,2400,4942
20210110,3호선,대치,3146,2984,6130
20210110,3호선,대화,3783,3549,7332
20210110,3호선,도곡,1169,1233,2402
20210110,3호선,독립문,2146,2278,4424
20210110,3호선,동대입구,5938,5922,11860
20210110,3호선,마두,1903,1905,3808
20210110,3호선,매봉,2539,2571,5110
20210110,3호선,무악재,1112,1162,2274
20210110,3호선,백석,3586,3509,7095
20210110,3호선,불광,5814,6551,12365
20210110,3호선,삼송,6259,6203,12462
20210110,3호선,수서,5559,5521,11080
20210110,3호선,신사,7995,8190,16185
20210110,3호선,안국,3727,3854,7581
20210110,3호선,압구정,7621,7828,15449
20210110,3호선,약수,3774,3689,7463
20210110,3호선,양재,7309,8558,15867
20210110,3호선,연신내,13286,12627,25913
20210110,3호선,오금,1679,1636,3315
20210110,3호선,옥수,2819,3098,5917
20210110,3호선,원당,3622,3568,7190
20210110,3호선,원흥,2809,2714,5523
20210110,3호선,을지로3가,1423,1390,2813
20210110,3호선,일원,2092,2275,4367
20210110,3호선,잠원,1189,1231,2420
20210110,3호선,정발산,2723,2664,5387
20210110,3호선,종로3가,1715,2168,3883
20210110,3호선,주엽,2429,2394,4823
20210110,3호선,지축,926,906,1832
20210110,3호선,학여울,529,530,1059
20210110,3호선,홍제,5427,5306,10733
20210110,3호선,화정,5534,5747,11281
20210116,3호선,가락시장,4780,4485,9265
20210116,3호선,경복궁,7648,7681,15329
20210116,3호선,경찰병원,2915,2889,5804
20210116,3호선,고속터미널,31694,32232,63926
20210116,3호선,교대,4462,2730,7192
20210116,3호선,구파발,10653,10639,21292
20210116,3호선,금호,4418,4223,8641
20210116,3호선,남부터미널,14420,14490,28910
20210116,3호선,녹번,7364,6580,13944
20210116,3호선,대곡,815,637,1452
20210116,3호선,대청,4214,3802,8016
20210116,3호선,대치,5718,5307,11025
20210116,3호선,대화,6259,5649,11908
20210116,3호선,도곡,2346,2307,4653
20210116,3호선,독립문,3808,4088,7896
20210116,3호선,동대입구,3586,4033,7619
20210116,3호선,마두,3695,3795,7490
20210116,3호선,매봉,4263,4281,8544
20210116,3호선,무악재,2021,2101,4122
20210116,3호선,백석,5677,5902,11579
20210116,3호선,불광,9721,11117,20838
20210116,3호선,삼송,9997,9824,19821
20210116,3호선,수서,8154,8149,16303
20210116,3호선,신사,18234,18623,36857
20210116,3호선,안국,6727,7309,14036
20210116,3호선,압구정,18539,19027,37566
20210116,3호선,약수,6968,6551,13519
20210116,3호선,양재,13424,14409,27833
20210116,3호선,연신내,22721,21735,44456
20210116,3호선,오금,2637,2436,5073
20210116,3호선,옥수,4846,5058,9904
20210116,3호선,원당,5918,5902,11820
20210116,3호선,원흥,4738,4465,9203
20210116,3호선,을지로3가,3258,3556,6814
20210116,3호선,일원,3417,3466,6883
20210116,3호선,잠원,2232,2123,4355
20210116,3호선,정발산,4440,4459,8899
20210116,3호선,종로3가,3258,4511,7769
20210116,3호선,주엽,4412,4532,8944
20210116,3호선,지축,1660,1645,3305
20210116,3호선,충무로,2,0,2
20210116,3호선,학여울,856,806,1662
20210116,3호선,홍제,9566,9267,18833
20210116,3호선,화정,9258,9710,18968
20210117,3호선,가락시장,2743,2907,5650
20210117,3호선,경복궁,5170,5189,10359
20210117,3호선,경찰병원,1868,1945,3813
20210117,3호선,고속터미널,25846,23623,49469
20210117,3호선,교대,2493,1581,4074
20210117,3호선,구파발,7396,7603,14999
20210117,3호선,금호,2886,2920,5806
20210117,3호선,남부터미널,9242,9421,18663
20210117,3호선,녹번,4561,4177,8738
20210117,3호선,대곡,600,458,1058
20210117,3호선,대청,2637,2577,5214
20210117,3호선,대치,3333,3187,6520
20210117,3호선,대화,4243,4002,8245
20210117,3호선,도곡,1356,1425,2781
20210117,3호선,독립문,2494,2720,5214
20210117,3호선,동대입구,2585,3025,5610
20210117,3호선,마두,2214,2162,4376
20210117,3호선,매봉,2600,2608,5208
20210117,3호선,무악재,1171,1293,2464
20210117,3호선,백석,3977,3865,7842
20210117,3호선,불광,6574,7557,14131
20210117,3호선,삼송,6859,6631,13490
20210117,3호선,수서,6090,5908,11998
20210117,3호선,신사,9224,9188,18412
20210117,3호선,안국,4396,4743,9139
20210117,3호선,압구정,8611,8840,17451
20210117,3호선,약수,4120,4027,8147
20210117,3호선,양재,8053,9482,17535
20210117,3호선,연신내,14894,14154,29048
20210117,3호선,오금,1696,1687,3383
20210117,3호선,옥수,3106,3453,6559
20210117,3호선,원당,4088,3967,8055
20210117,3호선,원흥,3196,3126,6322
20210117,3호선,을지로3가,1559,1590,3149
20210117,3호선,일원,2153,2422,4575
20210117,3호선,잠원,1335,1406,2741
20210117,3호선,정발산,3140,3027,6167
20210117,3호선,종로3가,1834,2473,4307
20210117,3호선,주엽,2857,2812,5669
20210117,3호선,지축,1119,1066,2185
20210117,3호선,학여울,575,601,1176
20210117,3호선,홍제,5943,5903,11846
20210117,3호선,화정,6355,6441,12796
20210123,3호선,가락시장,5110,4938,10048
20210123,3호선,경복궁,9980,10203,20183
20210123,3호선,경찰병원,3098,3011,6109
20210123,3호선,고속터미널,33398,34387,67785
20210123,3호선,교대,4939,2989,7928
20210123,3호선,구파발,11657,11686,23343
20210123,3호선,금호,5052,4628,9680
20210123,3호선,남부터미널,15383,15529,30912
20210123,3호선,녹번,7923,6997,14920
20210123,3호선,대곡,916,779,1695
20210123,3호선,대청,4558,4241,8799
20210123,3호선,대치,7037,6227,13264
20210123,3호선,대화,6647,6214,12861
20210123,3호선,도곡,2668,2607,5275
20210123,3호선,독립문,4394,4562,8956
20210123,3호선,동대입구,4063,4656,8719
20210123,3호선,마두,3983,4058,8041
20210123,3호선,매봉,4710,4588,9298
20210123,3호선,무악재,2151,2214,4365
20210123,3호선,백석,6270,6398,12668
20210123,3호선,불광,10436,11839,22275
20210123,3호선,삼송,10913,10742,21655
20210123,3호선,수서,8618,8752,17370
20210123,3호선,신사,21044,21455,42499
20210123,3호선,안국,8627,9939,18566
20210123,3호선,압구정,20544,21095,41639
20210123,3호선,약수,7556,7176,14732
20210123,3호선,양재,15216,16542,31758
20210123,3호선,연신내,24696,23233,47929
20210123,3호선,오금,2801,2832,5633
20210123,3호선,옥수,5637,5751,11388
20210123,3호선,원당,6629,6344,12973
20210123,3호선,원흥,5136,5083,10219
20210123,3호선,을지로3가,3656,4085,7741
20210123,3호선,일원,3906,3861,7767
20210123,3호선,잠원,2594,2460,5054
20210123,3호선,정발산,4879,4854,9733
20210123,3호선,종로3가,3756,5651,9407
20210123,3호선,주엽,5036,5071,10107
20210123,3호선,지축,1912,1817,3729
20210123,3호선,충무로,1,0,1
20210123,3호선,학여울,884,828,1712
20210123,3호선,홍제,10459,9847,20306
20210123,3호선,화정,10223,10701,20924
20210124,3호선,가락시장,2868,3113,5981
20210124,3호선,경복궁,7286,7653,14939
20210124,3호선,경찰병원,2002,2154,4156
20210124,3호선,고속터미널,28080,25914,53994
20210124,3호선,교대,2892,1822,4714
20210124,3호선,구파발,8295,8334,16629
20210124,3호선,금호,3377,3349,6726
20210124,3호선,남부터미널,10322,10667,20989
20210124,3호선,녹번,5168,4677,9845
20210124,3호선,대곡,691,579,1270
20210124,3호선,대청,3028,2922,5950
20210124,3호선,대치,4378,3920,8298
20210124,3호선,대화,4555,4260,8815
20210124,3호선,도곡,1477,1444,2921
20210124,3호선,독립문,3102,3475,6577
20210124,3호선,동대입구,3430,4038,7468
20210124,3호선,마두,2544,2540,5084
20210124,3호선,매봉,3283,3253,6536
20210124,3호선,무악재,1429,1528,2957
20210124,3호선,백석,4466,4356,8822
20210124,3호선,불광,7635,9019,16654
20210124,3호선,삼송,7985,7872,15857
20210124,3호선,수서,6465,6497,12962
20210124,3호선,신사,10927,11078,22005
20210124,3호선,안국,6439,7079,13518
20210124,3호선,압구정,10073,10382,20455
20210124,3호선,약수,5089,4812,9901
20210124,3호선,양재,9336,10978,20314
20210124,3호선,연신내,17441,16321,33762
20210124,3호선,오금,2134,2109,4243
20210124,3호선,옥수,4069,4253,8322
20210124,3호선,원당,4777,4625,9402
20210124,3호선,원흥,3734,3555,7289
20210124,3호선,을지로3가,1900,1915,3815
20210124,3호선,일원,2695,2760,5455
20210124,3호선,잠원,1852,1846,3698
20210124,3호선,정발산,3772,3711,7483
20210124,3호선,종로3가,2247,3270,5517
20210124,3호선,주엽,3279,3207,6486
20210124,3호선,지축,1273,1196,2469
20210124,3호선,학여울,590,560,1150
20210124,3호선,홍제,6919,6655,13574
20210124,3호선,화정,6998,7269,14267
20210130,3호선,가락시장,5467,5195,10662
20210130,3호선,경복궁,9838,9996,19834
20210130,3호선,경찰병원,3222,3134,6356
20210130,3호선,고속터미널,35084,35475,70559
20210130,3호선,교대,5039,3047,8086
20210130,3호선,구파발,11906,11853,23759
20210130,3호선,금호,5106,4738,9844
20210130,3호선,남부터미널,15367,15497,30864
20210130,3호선,녹번,7878,7113,14991
20210130,3호선,대곡,982,743,1725
20210130,3호선,대청,4533,4161,8694
20210130,3호선,대치,7352,6461,13813
20210130,3호선,대화,6636,6020,12656
20210130,3호선,도곡,2538,2520,5058
20210130,3호선,독립문,4380,4564,8944
20210130,3호선,동대입구,3913,4316,8229
20210130,3호선,마두,4067,4128,8195
20210130,3호선,매봉,4785,4673,9458
20210130,3호선,무악재,2238,2212,4450
20210130,3호선,백석,6337,6290,12627
20210130,3호선,불광,10663,11960,22623
20210130,3호선,삼송,11080,11068,22148
20210130,3호선,수서,8872,9036,17908
20210130,3호선,신사,21771,22059,43830
20210130,3호선,안국,8994,10222,19216
20210130,3호선,압구정,21194,21791,42985
20210130,3호선,약수,7529,7133,14662
20210130,3호선,양재,14876,16317,31193
20210130,3호선,연신내,24939,23784,48723
20210130,3호선,오금,2909,2705,5614
20210130,3호선,옥수,5771,5825,11596
20210130,3호선,원당,6545,6405,12950
20210130,3호선,원흥,5174,5010,10184
20210130,3호선,을지로3가,3675,4129,7804
20210130,3호선,일원,3734,3699,7433
20210130,3호선,잠원,2570,2583,5153
20210130,3호선,정발산,4892,5068,9960
20210130,3호선,종로3가,4092,5632,9724
20210130,3호선,주엽,5098,5072,10170
20210130,3호선,지축,2024,1892,3916
20210130,3호선,충무로,2,0,2
20210130,3호선,학여울,877,843,1720
20210130,3호선,홍제,10583,10081,20664
20210130,3호선,화정,10364,10870,21234
20210131,3호선,가락시장,3039,3283,6322
20210131,3호선,경복궁,7176,7422,14598
20210131,3호선,경찰병원,2169,2163,4332
20210131,3호선,고속터미널,28289,26155,54444
20210131,3호선,교대,2973,1904,4877
20210131,3호선,구파발,8543,8819,17362
20210131,3호선,금호,3329,3243,6572
20210131,3호선,남부터미널,10469,10867,21336
20210131,3호선,녹번,5335,4887,10222
20210131,3호선,대곡,717,529,1246
20210131,3호선,대청,3031,2918,5949
20210131,3호선,대치,4367,3908,8275
20210131,3호선,대화,4750,4256,9006
20210131,3호선,도곡,1445,1581,3026
20210131,3호선,독립문,3067,3268,6335
20210131,3호선,동대입구,3051,3482,6533
20210131,3호선,마두,2580,2607,5187
20210131,3호선,매봉,3273,3247,6520
20210131,3호선,무악재,1406,1517,2923
20210131,3호선,백석,4550,4341,8891
20210131,3호선,불광,7784,8959,16743
20210131,3호선,삼송,8242,7953,16195
20210131,3호선,수서,6779,6764,13543
20210131,3호선,신사,11326,11384,22710
20210131,3호선,안국,6309,7041,13350
20210131,3호선,압구정,10793,11037,21830
20210131,3호선,약수,5049,4928,9977
20210131,3호선,양재,9296,11113,20409
20210131,3호선,연신내,17581,16698,34279
20210131,3호선,오금,1958,1943,3901
20210131,3호선,옥수,3761,4187,7948
20210131,3호선,원당,4686,4544,9230
20210131,3호선,원흥,3715,3641,7356
20210131,3호선,을지로3가,2061,1991,4052
20210131,3호선,일원,2520,2728,5248
20210131,3호선,잠원,1617,1661,3278
20210131,3호선,정발산,3740,3744,7484
20210131,3호선,종로3가,2430,3294,5724
20210131,3호선,주엽,3353,3416,6769
20210131,3호선,지축,1264,1239,2503
20210131,3호선,학여울,603,624,1227
20210131,3호선,홍제,6972,6697,13669
20210131,3호선,화정,7233,7538,14771
20210206,3호선,가락시장,5828,5588,11416
20210206,3호선,경복궁,10820,11366,22186
20210206,3호선,경찰병원,3400,3295,6695
20210206,3호선,고속터미널,36983,37371,74354
20210206,3호선,교대,5561,3348,8909
20210206,3호선,구파발,12830,12737,25567
20210206,3호선,금호,5189,4921,10110
20210206,3호선,남부터미널,16451,16897,33348
20210206,3호선,녹번,8440,7327,15767
20210206,3호선,대곡,986,858,1844
20210206,3호선,대청,4859,4540,9399
20210206,3호선,대치,7767,6950,14717
20210206,3호선,대화,7013,6488,13501
20210206,3호선,도곡,2716,2666,5382
20210206,3호선,독립문,4770,4855,9625
20210206,3호선,동대입구,4446,4991,9437
20210206,3호선,마두,4164,4286,8450
20210206,3호선,매봉,5017,4749,9766
20210206,3호선,무악재,2334,2383,4717
20210206,3호선,백석,6524,6657,13181
20210206,3호선,불광,11305,12617,23922
20210206,3호선,삼송,11719,11740,23459
20210206,3호선,수서,9415,9504,18919
20210206,3호선,신사,22708,23184,45892
20210206,3호선,안국,9785,11379,21164
20210206,3호선,압구정,23378,23855,47233
20210206,3호선,약수,8147,7632,15779
20210206,3호선,양재,16508,17734,34242
20210206,3호선,연신내,26207,24835,51042
20210206,3호선,오금,2967,2910,5877
20210206,3호선,옥수,5992,6003,11995
20210206,3호선,원당,6837,6751,13588
20210206,3호선,원흥,5612,5459,11071
20210206,3호선,을지로3가,3910,4224,8134
20210206,3호선,일원,4330,4290,8620
20210206,3호선,잠원,2931,2779,5710
20210206,3호선,정발산,5216,5292,10508
20210206,3호선,종로3가,4313,6204,10517
20210206,3호선,주엽,5455,5453,10908
20210206,3호선,지축,2036,1959,3995
20210206,3호선,학여울,935,929,1864
20210206,3호선,홍제,11041,10588,21629
20210206,3호선,화정,10868,11239,22107
20210207,3호선,가락시장,3302,3567,6869
20210207,3호선,경복궁,8151,8164,16315
20210207,3호선,경찰병원,2113,2275,4388
20210207,3호선,고속터미널,29290,28652,57942
20210207,3호선,교대,3178,1966,5144
20210207,3호선,구파발,8901,9133,18034
20210207,3호선,금호,3563,3367,6930
20210207,3호선,남부터미널,10207,10946,21153
20210207,3호선,녹번,5401,4884,10285
20210207,3호선,대곡,779,602,1381
20210207,3호선,대청,3220,3078,6298
20210207,3호선,대치,4748,4365,9113
20210207,3호선,대화,4957,4660,9617
20210207,3호선,도곡,1569,1524,3093
20210207,3호선,독립문,3398,3611,7009
20210207,3호선,동대입구,3470,3806,7276
20210207,3호선,마두,2716,2703,5419
20210207,3호선,매봉,3433,3438,6871
20210207,3호선,무악재,1518,1620,3138
20210207,3호선,백석,4690,4665,9355
20210207,3호선,불광,8104,9201,17305
20210207,3호선,삼송,8676,8560,17236
20210207,3호선,수서,6877,7003,13880
20210207,3호선,신사,12160,12042,24202
20210207,3호선,안국,6818,7295,14113
20210207,3호선,압구정,11789,12037,23826
20210207,3호선,약수,5370,5143,10513
20210207,3호선,양재,9889,11379,21268
20210207,3호선,연신내,18313,17252,35565
20210207,3호선,오금,2108,2072,4180
20210207,3호선,옥수,4106,4411,8517
20210207,3호선,원당,5033,4882,9915
20210207,3호선,원흥,3909,3814,7723
20210207,3호선,을지로3가,2071,2158,4229
20210207,3호선,일원,2882,3027,5909
20210207,3호선,잠원,1901,1921,3822
20210207,3호선,정발산,4011,3920,7931
20210207,3호선,종로3가,2700,3546,6246
20210207,3호선,주엽,3621,3553,7174
20210207,3호선,지축,1358,1362,2720
20210207,3호선,충무로,1,0,1
20210207,3호선,학여울,655,625,1280
20210207,3호선,홍제,7332,7097,14429
20210207,3호선,화정,7526,7711,15237
20210213,3호선,가락시장,2987,2941,5928
20210213,3호선,경복궁,9652,11422,21074
20210213,3호선,경찰병원,2034,2190,4224
20210213,3호선,고속터미널,39503,24201,63704
20210213,3호선,교대,2799,1814,4613
20210213,3호선,구파발,9258,9711,18969
20210213,3호선,금호,3473,3222,6695
20210213,3호선,남부터미널,12652,9760,22412
20210213,3호선,녹번,5288,4928,10216
20210213,3호선,대곡,773,615,1388
20210213,3호선,대청,2943,2908,5851
20210213,3호선,대치,4164,3689,7853
20210213,3호선,대화,5231,4796,10027
20210213,3호선,도곡,1548,1519,3067
20210213,3호선,독립문,3254,3880,7134
20210213,3호선,동대입구,3577,4412,7989
20210213,3호선,마두,2941,2896,5837
20210213,3호선,매봉,2979,2974,5953
20210213,3호선,무악재,1526,1592,3118
20210213,3호선,백석,4792,4688,9480
20210213,3호선,불광,7881,9430,17311
20210213,3호선,삼송,9150,8977,18127
20210213,3호선,수서,6849,5866,12715
20210213,3호선,신사,11256,12248,23504
20210213,3호선,안국,7867,9304,17171
20210213,3호선,압구정,8367,8992,17359
20210213,3호선,약수,4772,4865,9637
20210213,3호선,양재,8369,9644,18013
20210213,3호선,연신내,18465,17604,36069
20210213,3호선,오금,1862,1778,3640
20210213,3호선,옥수,4250,4377,8627
20210213,3호선,원당,5201,4901,10102
20210213,3호선,원흥,3853,3759,7612
20210213,3호선,을지로3가,2122,2172,4294
20210213,3호선,일원,2368,2422,4790
20210213,3호선,잠원,1808,1822,3630
20210213,3호선,정발산,4346,4580,8926
20210213,3호선,종로3가,2782,4529,7311
20210213,3호선,주엽,3541,3465,7006
20210213,3호선,지축,1491,1394,2885
20210213,3호선,학여울,547,499,1046
20210213,3호선,홍제,7099,6914,14013
20210213,3호선,화정,8166,8449,16615
20210214,3호선,가락시장,2713,2916,5629
20210214,3호선,경복궁,7701,8539,16240
20210214,3호선,경찰병원,1970,2198,4168
20210214,3호선,고속터미널,46854,27780,74634
20210214,3호선,교대,2852,1931,4783
20210214,3호선,구파발,8439,8799,17238
20210214,3호선,금호,3478,3319,6797
20210214,3호선,남부터미널,15042,11753,26795
20210214,3호선,녹번,5133,4802,9935
20210214,3호선,대곡,746,549,1295
20210214,3호선,대청,2998,3023,6021
20210214,3호선,대치,4158,3728,7886
20210214,3호선,대화,4784,4480,9264
20210214,3호선,도곡,1499,1484,2983
20210214,3호선,독립문,3086,3539,6625
20210214,3호선,동대입구,3405,4067,7472
20210214,3호선,마두,2632,2662,5294
20210214,3호선,매봉,3017,3133,6150
20210214,3호선,무악재,1505,1622,3127
20210214,3호선,백석,4575,4467,9042
20210214,3호선,불광,7694,9133,16827
20210214,3호선,삼송,8314,8245,16559
20210214,3호선,수서,7123,6324,13447
20210214,3호선,신사,10572,11320,21892
20210214,3호선,안국,6589,7727,14316
20210214,3호선,압구정,10794,11273,22067
20210214,3호선,약수,4869,5051,9920
20210214,3호선,양재,8257,10513,18770
20210214,3호선,연신내,17114,16748,33862
20210214,3호선,오금,1948,1961,3909
20210214,3호선,옥수,4100,4500,8600
20210214,3호선,원당,4914,4709,9623
20210214,3호선,원흥,3772,3608,7380
20210214,3호선,을지로3가,2036,1977,4013
20210214,3호선,일원,2402,2547,4949
20210214,3호선,잠원,1685,1715,3400
20210214,3호선,정발산,4054,3995,8049
20210214,3호선,종로3가,2597,3710,6307
20210214,3호선,주엽,3253,3165,6418
20210214,3호선,지축,1369,1239,2608
20210214,3호선,학여울,576,571,1147
20210214,3호선,홍제,6807,6787,13594
20210214,3호선,화정,7507,7675,15182
20210220,3호선,가락시장,5640,5440,11080
20210220,3호선,경복궁,12634,13252,25886
20210220,3호선,경찰병원,3606,3471,7077
20210220,3호선,고속터미널,41778,41188,82966
20210220,3호선,교대,5706,3508,9214
20210220,3호선,구파발,13511,13594,27105
20210220,3호선,금호,5736,5184,10920
20210220,3호선,남부터미널,18640,18891,37531
20210220,3호선,녹번,8948,7710,16658
20210220,3호선,대곡,1119,940,2059
20210220,3호선,대청,5247,4931,10178
20210220,3호선,대치,8351,7375,15726
20210220,3호선,대화,7408,6711,14119
20210220,3호선,도곡,3211,3168,6379
20210220,3호선,독립문,5014,5393,10407
20210220,3호선,동대입구,4886,5528,10414
20210220,3호선,마두,4462,4606,9068
20210220,3호선,매봉,5513,5214,10727
20210220,3호선,무악재,2477,2585,5062
20210220,3호선,백석,6878,6885,13763
20210220,3호선,불광,11876,13566,25442
20210220,3호선,삼송,12615,12273,24888
20210220,3호선,수서,10647,11096,21743
20210220,3호선,신사,25595,26337,51932
20210220,3호선,안국,11864,13670,25534
20210220,3호선,압구정,24003,24852,48855
20210220,3호선,약수,8289,7975,16264
20210220,3호선,양재,17705,18879,36584
20210220,3호선,연신내,27778,26046,53824
20210220,3호선,오금,3241,3124,6365
20210220,3호선,옥수,6517,6709,13226
20210220,3호선,원당,7361,7014,14375
20210220,3호선,원흥,5877,5624,11501
20210220,3호선,을지로3가,4365,4803,9168
20210220,3호선,일원,4455,4418,8873
20210220,3호선,잠원,3212,3138,6350
20210220,3호선,정발산,5945,6164,12109
20210220,3호선,종로3가,5032,7239,12271
20210220,3호선,주엽,5534,5507,11041
20210220,3호선,지축,2301,2203,4504
20210220,3호선,충무로,1,0,1
20210220,3호선,학여울,1278,1238,2516
20210220,3호선,홍제,11737,11159,22896
20210220,3호선,화정,11574,12092,23666
20210221,3호선,가락시장,3452,3625,7077
20210221,3호선,경복궁,9317,9911,19228
20210221,3호선,경찰병원,2468,2445,4913
20210221,3호선,고속터미널,32519,30583,63102
20210221,3호선,교대,3541,2066,5607
20210221,3호선,구파발,9644,9842,19486
20210221,3호선,금호,3847,3663,7510
20210221,3호선,남부터미널,11974,12683,24657
20210221,3호선,녹번,5908,5426,11334
20210221,3호선,대곡,918,702,1620
20210221,3호선,대청,3584,3466,7050
20210221,3호선,대치,5072,4541,9613
20210221,3호선,대화,5484,4960,10444
20210221,3호선,도곡,1750,1804,3554
20210221,3호선,독립문,3668,4259,7927
20210221,3호선,동대입구,3946,4651,8597
20210221,3호선,마두,2973,3024,5997
20210221,3호선,매봉,3661,3699,7360
20210221,3호선,무악재,1586,1788,3374
20210221,3호선,백석,5022,4964,9986
20210221,3호선,불광,8293,10053,18346
20210221,3호선,삼송,9089,9016,18105
20210221,3호선,수서,8497,8426,16923
20210221,3호선,신사,13724,13892,27616
20210221,3호선,안국,8096,9171,17267
20210221,3호선,압구정,12346,12679,25025
20210221,3호선,약수,5807,5613,11420
20210221,3호선,양재,11138,12863,24001
20210221,3호선,연신내,19666,18636,38302
20210221,3호선,오금,2353,2314,4667
20210221,3호선,옥수,4554,4817,9371
20210221,3호선,원당,5496,5307,10803
20210221,3호선,원흥,4181,3979,8160
20210221,3호선,을지로3가,2403,2344,4747
20210221,3호선,일원,2927,3086,6013
20210221,3호선,잠원,2188,2279,4467
20210221,3호선,정발산,4504,4434,8938
20210221,3호선,종로3가,3249,4676,7925
20210221,3호선,주엽,3835,3679,7514
20210221,3호선,지축,1619,1476,3095
20210221,3호선,학여울,873,872,1745
20210221,3호선,홍제,7811,7578,15389
20210221,3호선,화정,8196,8483,16679
20210227,3호선,가락시장,5898,5629,11527
20210227,3호선,경복궁,13348,14486,27834
20210227,3호선,경찰병원,3775,3704,7479
20210227,3호선,고속터미널,44514,47278,91792
20210227,3호선,교대,6068,3661,9729
20210227,3호선,구파발,14033,13816,27849
20210227,3호선,금호,5808,5251,11059
20210227,3호선,남부터미널,19978,20825,40803
20210227,3호선,녹번,9145,7997,17142
20210227,3호선,대곡,1242,1020,2262
20210227,3호선,대청,5293,4788,10081
20210227,3호선,대치,8910,7871,16781
20210227,3호선,대화,7841,7051,14892
20210227,3호선,도곡,3162,3183,6345
20210227,3호선,독립문,5342,5872,11214
20210227,3호선,동대입구,5170,5946,11116
20210227,3호선,마두,4645,4798,9443
20210227,3호선,매봉,5512,5342,10854
20210227,3호선,무악재,2445,2493,4938
20210227,3호선,백석,7151,7267,14418
20210227,3호선,불광,12369,13988,26357
20210227,3호선,삼송,13195,12671,25866
20210227,3호선,수서,11364,12004,23368
20210227,3호선,신사,25333,25843,51176
20210227,3호선,안국,12124,14050,26174
20210227,3호선,압구정,24487,25075,49562
20210227,3호선,약수,8624,8126,16750
20210227,3호선,양재,18127,19512,37639
20210227,3호선,연신내,28642,26953,55595
20210227,3호선,오금,3714,3493,7207
20210227,3호선,옥수,6848,6922,13770
20210227,3호선,원당,7833,7445,15278
20210227,3호선,원흥,6294,6024,12318
20210227,3호선,을지로3가,4543,5077,9620
20210227,3호선,일원,4327,4202,8529
20210227,3호선,잠원,3594,3564,7158
20210227,3호선,정발산,6040,6278,12318
20210227,3호선,종로3가,4972,7357,12329
20210227,3호선,주엽,5835,5726,11561
20210227,3호선,지축,2363,2261,4624
20210227,3호선,학여울,1987,2039,4026
20210227,3호선,홍제,12152,11330,23482
20210227,3호선,화정,11958,12344,24302
20210228,3호선,가락시장,3414,3786,7200
20210228,3호선,경복궁,10517,11621,22138
20210228,3호선,경찰병원,2505,2530,5035
20210228,3호선,고속터미널,34902,33509,68411
20210228,3호선,교대,3840,2304,6144
20210228,3호선,구파발,10582,10887,21469
20210228,3호선,금호,4145,3862,8007
20210228,3호선,남부터미널,13057,13065,26122
20210228,3호선,녹번,6368,5677,12045
20210228,3호선,대곡,908,765,1673
20210228,3호선,대청,3692,3495,7187
20210228,3호선,대치,5483,4786,10269
20210228,3호선,대화,5888,5314,11202
20210228,3호선,도곡,1757,1909,3666
20210228,3호선,독립문,4276,4968,9244
20210228,3호선,동대입구,4474,5091,9565
20210228,3호선,마두,3175,3223,6398
20210228,3호선,매봉,3704,3750,7454
20210228,3호선,무악재,1676,1847,3523
20210228,3호선,백석,5257,5342,10599
20210228,3호선,불광,9546,11290,20836
20210228,3호선,삼송,9927,9656,19583
20210228,3호선,수서,8651,8236,16887
20210228,3호선,신사,14293,14705,28998
20210228,3호선,안국,9157,10541,19698
20210228,3호선,압구정,13293,13929,27222
20210228,3호선,약수,6274,5944,12218
20210228,3호선,양재,11603,12865,24468
20210228,3호선,연신내,21202,19925,41127
20210228,3호선,오금,2367,2476,4843
20210228,3호선,옥수,4963,5246,10209
20210228,3호선,원당,5800,5521,11321
20210228,3호선,원흥,4675,4509,9184
20210228,3호선,을지로3가,2867,2935,5802
20210228,3호선,일원,3180,3168,6348
20210228,3호선,잠원,2255,2243,4498
20210228,3호선,정발산,4769,4866,9635
20210228,3호선,종로3가,3496,5217,8713
20210228,3호선,주엽,3932,3974,7906
20210228,3호선,지축,1784,1687,3471
20210228,3호선,학여울,1700,1868,3568
20210228,3호선,홍제,8572,8149,16721
20210228,3호선,화정,9043,9460,18503
20210306,3호선,가락시장,6019,5696,11715
20210306,3호선,경복궁,13685,14013,27698
20210306,3호선,경찰병원,3821,3603,7424
20210306,3호선,고속터미널,42823,42520,85343
20210306,3호선,교대,6268,3705,9973
20210306,3호선,구파발,14479,14548,29027
20210306,3호선,금호,5825,5413,11238
20210306,3호선,남부터미널,19360,19375,38735
20210306,3호선,녹번,9406,8377,17783
20210306,3호선,대곡,1217,1048,2265
20210306,3호선,대청,5334,5017,10351
20210306,3호선,대치,8855,7898,16753
20210306,3호선,대화,8208,7486,15694
20210306,3호선,도곡,3303,3279,6582
20210306,3호선,독립문,5321,5816,11137
20210306,3호선,동대입구,5085,5715,10800
20210306,3호선,마두,4836,4894,9730
20210306,3호선,매봉,5526,5303,10829
20210306,3호선,무악재,2503,2742,5245
20210306,3호선,백석,7093,7269,14362
20210306,3호선,불광,12378,14202,26580
20210306,3호선,삼송,12756,12497,25253
20210306,3호선,수서,10991,11351,22342
20210306,3호선,신사,25173,25543,50716
20210306,3호선,안국,12319,13624,25943
20210306,3호선,압구정,24179,25038,49217
20210306,3호선,약수,8807,8228,17035
20210306,3호선,양재,18446,20113,38559
20210306,3호선,연신내,29040,27023,56063
20210306,3호선,오금,3450,3228,6678
20210306,3호선,옥수,6876,6865,13741
20210306,3호선,원당,7969,7693,15662
20210306,3호선,원흥,6313,6091,12404
20210306,3호선,을지로3가,4612,5193,9805
20210306,3호선,일원,4265,4257,8522
20210306,3호선,잠원,3747,3663,7410
20210306,3호선,정발산,6052,6233,12285
20210306,3호선,종로3가,5314,7505,12819
20210306,3호선,주엽,5774,5879,11653
20210306,3호선,지축,2432,2461,4893
20210306,3호선,충무로,1,0,1
20210306,3호선,학여울,1147,1184,2331
20210306,3호선,홍제,12572,12071,24643
20210306,3호선,화정,12130,12536,24666
20210307,3호선,가락시장,3592,3806,7398
20210307,3호선,경복궁,9365,9920,19285
20210307,3호선,경찰병원,2606,2566,5172
20210307,3호선,고속터미널,33636,32105,65741
20210307,3호선,교대,3621,2300,5921
20210307,3호선,구파발,10698,11044,21742
20210307,3호선,금호,4064,3857,7921
20210307,3호선,남부터미널,12149,12878,25027
20210307,3호선,녹번,6210,5689,11899
20210307,3호선,대곡,996,741,1737
20210307,3호선,대청,3712,3553,7265
20210307,3호선,대치,5486,4823,10309
20210307,3호선,대화,5800,5301,11101
20210307,3호선,도곡,1900,1982,3882
20210307,3호선,독립문,3781,4253,8034
20210307,3호선,동대입구,4144,4824,8968
20210307,3호선,마두,3160,3201,6361
20210307,3호선,매봉,3780,3902,7682
20210307,3호선,무악재,1719,1920,3639
20210307,3호선,백석,5076,5005,10081
20210307,3호선,불광,9286,10740,20026
20210307,3호선,삼송,9456,9318,18774
20210307,3호선,수서,8799,8707,17506
20210307,3호선,신사,13036,12958,25994
20210307,3호선,안국,8370,9291,17661
20210307,3호선,압구정,12682,13104,25786
20210307,3호선,약수,6047,5785,11832
20210307,3호선,양재,12068,14045,26113
20210307,3호선,연신내,20804,19451,40255
20210307,3호선,오금,2665,2655,5320
20210307,3호선,옥수,4825,5193,10018
20210307,3호선,원당,5778,5536,11314
20210307,3호선,원흥,4549,4452,9001
20210307,3호선,을지로3가,2505,2517,5022
20210307,3호선,일원,2933,3078,6011
20210307,3호선,잠원,2140,2116,4256
20210307,3호선,정발산,4633,4584,9217
20210307,3호선,종로3가,3383,4522,7905
20210307,3호선,주엽,3900,3796,7696
20210307,3호선,지축,1759,1586,3345
20210307,3호선,충무로,1,0,1
20210307,3호선,학여울,779,774,1553
20210307,3호선,홍제,8258,8084,16342
20210307,3호선,화정,8559,8931,17490
20210313,3호선,가락시장,6148,5764,11912
20210313,3호선,경복궁,13718,14308,28026
20210313,3호선,경찰병원,3816,3702,7518
20210313,3호선,고속터미널,45132,45280,90412
20210313,3호선,교대,6571,3969,10540
20210313,3호선,구파발,14435,14602,29037
20210313,3호선,금호,6071,5425,11496
20210313,3호선,남부터미널,19785,19974,39759
20210313,3호선,녹번,9631,8533,18164
20210313,3호선,대곡,1278,1050,2328
20210313,3호선,대청,5399,4924,10323
20210313,3호선,대치,8961,7952,16913
20210313,3호선,대화,8045,7179,15224
20210313,3호선,도곡,3410,3401,6811
20210313,3호선,독립문,5518,6113,11631
20210313,3호선,동대입구,5663,6495,12158
20210313,3호선,마두,4960,4901,9861
20210313,3호선,매봉,5609,5401,11010
20210313,3호선,무악재,2645,2885,5530
20210313,3호선,백석,7343,7468,14811
20210313,3호선,불광,12591,14490,27081
20210313,3호선,삼송,13180,12834,26014
20210313,3호선,수서,11847,11904,23751
20210313,3호선,신사,25608,26229,51837
20210313,3호선,안국,13288,15046,28334
20210313,3호선,압구정,24233,25443,49676
20210313,3호선,약수,8788,8226,17014
20210313,3호선,양재,19350,20903,40253
20210313,3호선,연신내,29358,27644,57002
20210313,3호선,오금,3801,3771,7572
20210313,3호선,옥수,7006,7172,14178
20210313,3호선,원당,8007,7750,15757
20210313,3호선,원흥,6660,6278,12938
20210313,3호선,을지로3가,4913,5361,10274
20210313,3호선,일원,4320,4314,8634
20210313,3호선,잠원,3603,3501,7104
20210313,3호선,정발산,6478,6637,13115
20210313,3호선,종로3가,5421,8040,13461
20210313,3호선,주엽,6028,5932,11960
20210313,3호선,지축,2532,2441,4973
20210313,3호선,충무로,1,0,1
20210313,3호선,학여울,3001,3263,6264
20210313,3호선,홍제,12627,11921,24548
20210313,3호선,화정,12229,12876,25105
20210314,3호선,가락시장,3274,3590,6864
20210314,3호선,경복궁,9679,10046,19725
20210314,3호선,경찰병원,2634,2622,5256
20210314,3호선,고속터미널,36561,34745,71306
20210314,3호선,교대,3803,2430,6233
20210314,3호선,구파발,10493,10656,21149
20210314,3호선,금호,4097,3902,7999
20210314,3호선,남부터미널,12909,13995,26904
20210314,3호선,녹번,6518,6024,12542
20210314,3호선,대곡,1015,830,1845
20210314,3호선,대청,3676,3577,7253
20210314,3호선,대치,5590,4921,10511
20210314,3호선,대화,5787,5284,11071
20210314,3호선,도곡,1798,1922,3720
20210314,3호선,독립문,3918,4329,8247
20210314,3호선,동대입구,4384,4903,9287
20210314,3호선,마두,3179,3174,6353
20210314,3호선,매봉,3853,3892,7745
20210314,3호선,무악재,1721,1970,3691
20210314,3호선,백석,5176,5135,10311
20210314,3호선,불광,9274,10849,20123
20210314,3호선,삼송,9702,9343,19045
20210314,3호선,수서,9129,8965,18094
20210314,3호선,신사,13473,13612,27085
20210314,3호선,안국,8874,9872,18746
20210314,3호선,압구정,12458,13010,25468
20210314,3호선,약수,6238,5921,12159
20210314,3호선,양재,11906,13940,25846
20210314,3호선,연신내,20638,19376,40014
20210314,3호선,오금,2413,2425,4838
20210314,3호선,옥수,4904,5121,10025
20210314,3호선,원당,5891,5734,11625
20210314,3호선,원흥,4797,4780,9577
20210314,3호선,을지로3가,2646,2631,5277
20210314,3호선,일원,3048,3199,6247
20210314,3호선,잠원,2147,2200,4347
20210314,3호선,정발산,5168,5080,10248
20210314,3호선,종로3가,3565,4992,8557
20210314,3호선,주엽,3924,3883,7807
20210314,3호선,지축,1736,1641,3377
20210314,3호선,학여울,2235,2499,4734
20210314,3호선,홍제,8511,8176,16687
20210314,3호선,화정,8839,9027,17866
20210320,3호선,가락시장,5742,5556,11298
20210320,3호선,경복궁,10539,10769,21308
20210320,3호선,경찰병원,3652,3492,7144
20210320,3호선,고속터미널,43498,43569,87067
20210320,3호선,교대,6239,3744,9983
20210320,3호선,구파발,12620,12770,25390
20210320,3호선,금호,5401,4958,10359
20210320,3호선,남부터미널,19010,19370,38380
20210320,3호선,녹번,9011,7759,16770
20210320,3호선,대곡,1110,928,2038
20210320,3호선,대청,5125,4787,9912
20210320,3호선,대치,8666,7692,16358
20210320,3호선,대화,8403,7750,16153
20210320,3호선,도곡,3215,3242,6457
20210320,3호선,독립문,4608,4609,9217
20210320,3호선,동대입구,5155,5460,10615
20210320,3호선,마두,4568,4427,8995
20210320,3호선,매봉,5503,5204,10707
20210320,3호선,무악재,2454,2445,4899
20210320,3호선,백석,6716,6737,13453
20210320,3호선,불광,11077,12063,23140
20210320,3호선,삼송,11905,11565,23470
20210320,3호선,수서,11371,11508,22879
20210320,3호선,신사,22501,23455,45956
20210320,3호선,안국,11202,12822,24024
20210320,3호선,압구정,22880,23798,46678
20210320,3호선,약수,8008,7549,15557
20210320,3호선,양재,18859,20271,39130
20210320,3호선,연신내,25857,24917,50774
20210320,3호선,오금,3339,3099,6438
20210320,3호선,옥수,6280,6403,12683
20210320,3호선,원당,7244,7006,14250
20210320,3호선,원흥,6005,5815,11820
20210320,3호선,을지로3가,4412,4920,9332
20210320,3호선,일원,4336,4261,8597
20210320,3호선,잠원,3162,3084,6246
20210320,3호선,정발산,5295,5453,10748
20210320,3호선,종로3가,5040,7188,12228
20210320,3호선,주엽,5464,5485,10949
20210320,3호선,지축,2205,2139,4344
20210320,3호선,학여울,1038,1032,2070
20210320,3호선,홍제,11587,10880,22467
20210320,3호선,화정,11108,11494,22602
20210321,3호선,가락시장,3681,3911,7592
20210321,3호선,경복궁,9662,9717,19379
20210321,3호선,경찰병원,2542,2608,5150
20210321,3호선,고속터미널,37132,34791,71923
20210321,3호선,교대,3935,2405,6340
20210321,3호선,구파발,10972,11355,22327
20210321,3호선,금호,4148,3911,8059
20210321,3호선,남부터미널,13185,13979,27164
20210321,3호선,녹번,6592,6002,12594
20210321,3호선,대곡,1012,828,1840
20210321,3호선,대청,3638,3626,7264
20210321,3호선,대치,5394,4898,10292
20210321,3호선,대화,6615,6169,12784
20210321,3호선,도곡,1838,1911,3749
20210321,3호선,독립문,3840,4480,8320
20210321,3호선,동대입구,4426,4942,9368
20210321,3호선,마두,3212,3236,6448
20210321,3호선,매봉,3871,3856,7727
20210321,3호선,무악재,1824,2025,3849
20210321,3호선,백석,5434,5170,10604
20210321,3호선,불광,9458,10760,20218
20210321,3호선,삼송,9501,9317,18818
20210321,3호선,수서,9383,9360,18743
20210321,3호선,신사,13232,13080,26312
20210321,3호선,안국,9842,10761,20603
20210321,3호선,압구정,12479,12968,25447
20210321,3호선,약수,6171,5871,12042
20210321,3호선,양재,12282,14399,26681
20210321,3호선,연신내,20560,19380,39940
20210321,3호선,오금,2595,2527,5122
20210321,3호선,옥수,4865,5216,10081
20210321,3호선,원당,5817,5610,11427
20210321,3호선,원흥,4670,4444,9114
20210321,3호선,을지로3가,2659,2643,5302
20210321,3호선,일원,2982,3106,6088
20210321,3호선,잠원,2140,2204,4344
20210321,3호선,정발산,4670,4461,9131
20210321,3호선,종로3가,3749,4840,8589
20210321,3호선,주엽,4043,3935,7978
20210321,3호선,지축,1740,1599,3339
20210321,3호선,학여울,687,693,1380
20210321,3호선,홍제,8597,8421,17018
20210321,3호선,화정,8847,8983,17830
20210327,3호선,가락시장,5880,5452,11332
20210327,3호선,경복궁,11350,11109,22459
20210327,3호선,경찰병원,3825,3762,7587
20210327,3호선,고속터미널,44464,44664,89128
20210327,3호선,교대,6074,3777,9851
20210327,3호선,구파발,12905,12806,25711
20210327,3호선,금호,5612,5235,10847
20210327,3호선,남부터미널,19770,20157,39927
20210327,3호선,녹번,8939,7936,16875
20210327,3호선,대곡,1122,934,2056
20210327,3호선,대청,5094,4848,9942
20210327,3호선,대치,8890,7782,16672
20210327,3호선,대화,7864,7334,15198
20210327,3호선,도곡,3353,3301,6654
20210327,3호선,독립문,4992,5263,10255
20210327,3호선,동대입구,5322,5811,11133
20210327,3호선,마두,4562,4775,9337
20210327,3호선,매봉,5673,5493,11166
20210327,3호선,무악재,2429,2478,4907
20210327,3호선,백석,6725,7001,13726
20210327,3호선,불광,11397,12492,23889
20210327,3호선,삼송,12208,11900,24108
20210327,3호선,수서,11836,12278,24114
20210327,3호선,신사,22961,23227,46188
20210327,3호선,안국,12418,13641,26059
20210327,3호선,압구정,23244,24268,47512
20210327,3호선,약수,8323,7844,16167
20210327,3호선,양재,19287,20615,39902
20210327,3호선,연신내,26402,25184,51586
20210327,3호선,오금,3510,3245,6755
20210327,3호선,옥수,6318,6520,12838
20210327,3호선,원당,7313,7102,14415
20210327,3호선,원흥,6181,5908,12089
20210327,3호선,을지로3가,4474,4789,9263
20210327,3호선,일원,4269,4278,8547
20210327,3호선,잠원,3064,2985,6049
20210327,3호선,정발산,5480,5535,11015
20210327,3호선,종로3가,5241,7011,12252
20210327,3호선,주엽,5622,5609,11231
20210327,3호선,지축,2252,2185,4437
20210327,3호선,충무로,1,0,1
20210327,3호선,학여울,1624,1705,3329
20210327,3호선,홍제,11998,11350,23348
20210327,3호선,화정,11510,11974,23484
20210328,3호선,가락시장,3165,3599,6764
20210328,3호선,경복궁,7680,7763,15443
20210328,3호선,경찰병원,2397,2459,4856
20210328,3호선,고속터미널,35179,32826,68005
20210328,3호선,교대,3677,2253,5930
20210328,3호선,구파발,9260,9054,18314
20210328,3호선,금호,3844,3717,7561
20210328,3호선,남부터미널,12825,13571,26396
20210328,3호선,녹번,5947,5404,11351
20210328,3호선,대곡,898,731,1629
20210328,3호선,대청,3559,3527,7086
20210328,3호선,대치,5306,4742,10048
20210328,3호선,대화,5686,5216,10902
20210328,3호선,도곡,1847,2142,3989
20210328,3호선,독립문,3384,3712,7096
20210328,3호선,동대입구,4562,4864,9426
20210328,3호선,마두,2893,2861,5754
20210328,3호선,매봉,3789,3770,7559
20210328,3호선,무악재,1563,1673,3236
20210328,3호선,백석,4868,4795,9663
20210328,3호선,불광,7850,8849,16699
20210328,3호선,삼송,8558,8503,17061
20210328,3호선,수서,8987,8527,17514
20210328,3호선,신사,11976,11894,23870
20210328,3호선,안국,8180,9117,17297
20210328,3호선,압구정,12187,12622,24809
20210328,3호선,약수,5789,5580,11369
20210328,3호선,양재,11241,13180,24421
20210328,3호선,연신내,18180,17642,35822
20210328,3호선,오금,2277,2300,4577
20210328,3호선,옥수,4336,4565,8901
20210328,3호선,원당,5244,5051,10295
20210328,3호선,원흥,4355,4214,8569
20210328,3호선,을지로3가,2479,2406,4885
20210328,3호선,일원,2906,3172,6078
20210328,3호선,잠원,1865,1955,3820
20210328,3호선,정발산,4169,4139,8308
20210328,3호선,종로3가,3419,4286,7705
20210328,3호선,주엽,3714,3551,7265
20210328,3호선,지축,1457,1418,2875
20210328,3호선,학여울,723,696,1419
20210328,3호선,홍제,7747,7456,15203
20210328,3호선,화정,8102,8201,16303
20210403,3호선,가락시장,5418,5096,10514
20210403,3호선,경복궁,9644,9263,18907
20210403,3호선,경찰병원,3665,3517,7182
20210403,3호선,고속터미널,42696,42705,85401
20210403,3호선,교대,5724,3416,9140
20210403,3호선,구파발,11699,11523,23222
20210403,3호선,금호,5040,4671,9711
20210403,3호선,남부터미널,17108,17165,34273
20210403,3호선,녹번,8242,7284,15526
20210403,3호선,대곡,958,759,1717
20210403,3호선,대청,4944,4560,9504
20210403,3호선,대치,8242,7405,15647
20210403,3호선,대화,7035,6301,13336
20210403,3호선,도곡,2925,2900,5825
20210403,3호선,독립문,4427,4502,8929
20210403,3호선,동대입구,5036,5255,10291
20210403,3호선,마두,4214,4169,8383
20210403,3호선,매봉,5322,5033,10355
20210403,3호선,무악재,2222,2344,4566
20210403,3호선,백석,6163,6264,12427
20210403,3호선,불광,10295,11014,21309
20210403,3호선,삼송,10888,10937,21825
20210403,3호선,수서,11225,11695,22920
20210403,3호선,신사,20240,20749,40989
20210403,3호선,안국,9871,10759,20630
20210403,3호선,압구정,21591,22240,43831
20210403,3호선,약수,7715,7234,14949
20210403,3호선,양재,17196,18623,35819
20210403,3호선,연신내,23995,22878,46873
20210403,3호선,오금,3307,3174,6481
20210403,3호선,옥수,5584,5701,11285
20210403,3호선,원당,6505,6312,12817
20210403,3호선,원흥,5695,5521,11216
20210403,3호선,을지로3가,4128,4490,8618
20210403,3호선,일원,3797,3895,7692
20210403,3호선,잠원,3210,3172,6382
20210403,3호선,정발산,5499,5691,11190
20210403,3호선,종로3가,4702,6401,11103
20210403,3호선,주엽,5004,5157,10161
20210403,3호선,지축,2039,2025,4064
20210403,3호선,학여울,1499,1547,3046
20210403,3호선,홍제,10529,10145,20674
20210403,3호선,화정,10208,10601,20809
20210404,3호선,가락시장,3590,3803,7393
20210404,3호선,경복궁,9686,9817,19503
20210404,3호선,경찰병원,2465,2637,5102
20210404,3호선,고속터미널,36416,33645,70061
20210404,3호선,교대,3750,2326,6076
20210404,3호선,구파발,10271,10418,20689
20210404,3호선,금호,4201,4103,8304
20210404,3호선,남부터미널,11943,12713,24656
20210404,3호선,녹번,6180,5670,11850
20210404,3호선,대곡,986,773,1759
20210404,3호선,대청,3748,3694,7442
20210404,3호선,대치,5405,4864,10269
20210404,3호선,대화,5724,5259,10983
20210404,3호선,도곡,1866,2052,3918
20210404,3호선,독립문,3980,4458,8438
20210404,3호선,동대입구,5497,6425,11922
20210404,3호선,마두,3224,3199,6423
20210404,3호선,매봉,4128,4116,8244
20210404,3호선,무악재,1677,1789,3466
20210404,3호선,백석,5154,5051,10205
20210404,3호선,불광,8864,10147,19011
20210404,3호선,삼송,9626,9444,19070
20210404,3호선,수서,9320,9228,18548
20210404,3호선,신사,12054,11902,23956
20210404,3호선,안국,9005,10065,19070
20210404,3호선,압구정,12995,13466,26461
20210404,3호선,약수,6083,6026,12109
20210404,3호선,양재,12009,13951,25960
20210404,3호선,연신내,20155,19191,39346
20210404,3호선,오금,2458,2422,4880
20210404,3호선,옥수,4956,5254,10210
20210404,3호선,원당,5868,5744,11612
20210404,3호선,원흥,4761,4600,9361
20210404,3호선,을지로3가,2655,2589,5244
20210404,3호선,일원,3065,3308,6373
20210404,3호선,잠원,2295,2238,4533
20210404,3호선,정발산,5238,5202,10440
20210404,3호선,종로3가,3193,4402,7595
20210404,3호선,주엽,4058,3971,8029
20210404,3호선,지축,1763,1731,3494
20210404,3호선,학여울,1207,1332,2539
20210404,3호선,홍제,8587,8329,16916
20210404,3호선,화정,8697,8902,17599
20210410,3호선,가락시장,6076,5877,11953
20210410,3호선,경복궁,15612,16304,31916
20210410,3호선,경찰병원,4069,3941,8010
20210410,3호선,고속터미널,46911,47160,94071
20210410,3호선,교대,6356,3827,10183
20210410,3호선,구파발,14726,14596,29322
20210410,3호선,금호,5852,5465,11317
20210410,3호선,남부터미널,19106,19531,38637
20210410,3호선,녹번,9569,8442,18011
20210410,3호선,대곡,1331,1123,2454
20210410,3호선,대청,5419,5087,10506
20210410,3호선,대치,8387,7653,16040
20210410,3호선,대화,8104,7180,15284
20210410,3호선,도곡,3522,3548,7070
20210410,3호선,독립문,5970,6746,12716
20210410,3호선,동대입구,6414,7616,14030
20210410,3호선,마두,5025,5001,10026
20210410,3호선,매봉,5855,5644,11499
20210410,3호선,무악재,2725,2815,5540
20210410,3호선,백석,7324,7314,14638
20210410,3호선,불광,12552,14573,27125
20210410,3호선,삼송,13112,12733,25845
20210410,3호선,수서,12261,12724,24985
20210410,3호선,신사,24477,25010,49487
20210410,3호선,안국,13073,15050,28123
20210410,3호선,압구정,23643,24586,48229
20210410,3호선,약수,8767,8322,17089
20210410,3호선,양재,20198,22008,42206
20210410,3호선,연신내,29209,27359,56568
20210410,3호선,오금,3625,3379,7004
20210410,3호선,옥수,7138,7330,14468
20210410,3호선,원당,8311,7961,16272
20210410,3호선,원흥,6812,6557,13369
20210410,3호선,을지로3가,4548,5057,9605
20210410,3호선,일원,4509,4455,8964
20210410,3호선,잠원,3724,3671,7395
20210410,3호선,정발산,6673,6854,13527
20210410,3호선,종로3가,5499,7700,13199
20210410,3호선,주엽,6001,6072,12073
20210410,3호선,지축,2695,2650,5345
20210410,3호선,충무로,1,0,1
20210410,3호선,학여울,1163,1128,2291
20210410,3호선,홍제,12842,12249,25091
20210410,3호선,화정,12555,13000,25555
20210411,3호선,가락시장,3464,3737,7201
20210411,3호선,경복궁,10601,11423,22024
20210411,3호선,경찰병원,2497,2562,5059
20210411,3호선,고속터미널,37507,33795,71302
20210411,3호선,교대,3791,2410,6201
20210411,3호선,구파발,10999,10986,21985
20210411,3호선,금호,4169,4017,8186
20210411,3호선,남부터미널,13191,13593,26784
20210411,3호선,녹번,6492,5891,12383
20210411,3호선,대곡,1082,822,1904
20210411,3호선,대청,3701,3663,7364
20210411,3호선,대치,5466,4864,10330
20210411,3호선,대화,5888,5232,11120
20210411,3호선,도곡,1828,1968,3796
20210411,3호선,독립문,4236,4889,9125
20210411,3호선,동대입구,5289,6113,11402
20210411,3호선,마두,3255,3309,6564
20210411,3호선,매봉,4094,4120,8214
20210411,3호선,무악재,1813,1954,3767
20210411,3호선,백석,5229,5191,10420
20210411,3호선,불광,9283,11183,20466
20210411,3호선,삼송,9746,9609,19355
20210411,3호선,수서,9530,9289,18819
20210411,3호선,신사,13098,13062,26160
20210411,3호선,안국,8814,9654,18468
20210411,3호선,압구정,12757,13109,25866
20210411,3호선,약수,6222,5887,12109
20210411,3호선,양재,12105,14197,26302
20210411,3호선,연신내,21227,19775,41002
20210411,3호선,오금,2518,2562,5080
20210411,3호선,옥수,5052,5309,10361
20210411,3호선,원당,6172,5883,12055
20210411,3호선,원흥,4833,4712,9545
20210411,3호선,을지로3가,2723,2571,5294
20210411,3호선,일원,3156,3479,6635
20210411,3호선,잠원,2253,2262,4515
20210411,3호선,정발산,5057,4989,10046
20210411,3호선,종로3가,3445,4448,7893
20210411,3호선,주엽,4241,4098,8339
20210411,3호선,지축,1800,1769,3569
20210411,3호선,학여울,713,694,1407
20210411,3호선,홍제,8774,8485,17259
20210411,3호선,화정,8910,9157,18067
20210417,3호선,가락시장,5660,5436,11096
20210417,3호선,경복궁,12859,13115,25974
20210417,3호선,경찰병원,3820,3770,7590
20210417,3호선,고속터미널,42377,43468,85845
20210417,3호선,교대,6073,3664,9737
20210417,3호선,구파발,13735,13827,27562
20210417,3호선,금호,5598,5180,10778
20210417,3호선,남부터미널,18029,18350,36379
20210417,3호선,녹번,9063,7871,16934
20210417,3호선,대곡,1199,1057,2256
20210417,3호선,대청,5272,4962,10234
20210417,3호선,대치,7592,6875,14467
20210417,3호선,대화,7504,6822,14326
20210417,3호선,도곡,3232,3238,6470
20210417,3호선,독립문,5511,5889,11400
20210417,3호선,동대입구,5567,6360,11927
20210417,3호선,마두,4638,4644,9282
20210417,3호선,매봉,5673,5597,11270
20210417,3호선,무악재,2449,2558,5007
20210417,3호선,백석,6943,7065,14008
20210417,3호선,불광,11817,13158,24975
20210417,3호선,삼송,12320,11984,24304
20210417,3호선,수서,11829,12134,23963
20210417,3호선,신사,22251,22675,44926
20210417,3호선,안국,11449,12856,24305
20210417,3호선,압구정,23301,24175,47476
20210417,3호선,약수,8478,7890,16368
20210417,3호선,양재,18811,20507,39318
20210417,3호선,연신내,27593,25983,53576
20210417,3호선,오금,3592,3479,7071
20210417,3호선,옥수,6379,6412,12791
20210417,3호선,원당,7662,7366,15028
20210417,3호선,원흥,6293,6116,12409
20210417,3호선,을지로3가,4251,4812,9063
20210417,3호선,일원,4506,4508,9014
20210417,3호선,잠원,3254,3131,6385
20210417,3호선,정발산,5552,5741,11293
20210417,3호선,종로3가,5272,7205,12477
20210417,3호선,주엽,5706,5765,11471
20210417,3호선,지축,2368,2369,4737
20210417,3호선,충무로,1,0,1
20210417,3호선,학여울,1736,1649,3385
20210417,3호선,홍제,12320,11759,24079
20210417,3호선,화정,11522,11898,23420
20210418,3호선,가락시장,3482,3741,7223
20210418,3호선,경복궁,10340,10892,21232
20210418,3호선,경찰병원,2515,2681,5196
20210418,3호선,고속터미널,35600,32425,68025
20210418,3호선,교대,3588,2213,5801
20210418,3호선,구파발,10657,11098,21755
20210418,3호선,금호,4175,4004,8179
20210418,3호선,남부터미널,12205,12938,25143
20210418,3호선,녹번,6529,5794,12323
20210418,3호선,대곡,1006,844,1850
20210418,3호선,대청,3589,3586,7175
20210418,3호선,대치,4757,4328,9085
20210418,3호선,대화,5563,5081,10644
20210418,3호선,도곡,1783,1942,3725
20210418,3호선,독립문,4136,4976,9112
20210418,3호선,동대입구,4728,5420,10148
20210418,3호선,마두,3093,3154,6247
20210418,3호선,매봉,3780,3918,7698
20210418,3호선,무악재,1807,1971,3778
20210418,3호선,백석,5079,5026,10105
20210418,3호선,불광,9325,11114,20439
20210418,3호선,삼송,9351,9018,18369
20210418,3호선,수서,9619,9461,19080
20210418,3호선,신사,12444,12133,24577
20210418,3호선,안국,8885,9579,18464
20210418,3호선,압구정,12887,13321,26208
20210418,3호선,약수,6162,6034,12196
20210418,3호선,양재,12331,14238,26569
20210418,3호선,연신내,20497,19278,39775
20210418,3호선,오금,2515,2504,5019
20210418,3호선,옥수,5050,5348,10398
20210418,3호선,원당,5902,5747,11649
20210418,3호선,원흥,4758,4600,9358
20210418,3호선,을지로3가,2739,2639,5378
20210418,3호선,일원,2962,3119,6081
20210418,3호선,잠원,2115,2230,4345
20210418,3호선,정발산,4786,4554,9340
20210418,3호선,종로3가,3343,4269,7612
20210418,3호선,주엽,4119,3935,8054
20210418,3호선,지축,1787,1710,3497
20210418,3호선,학여울,1279,1429,2708
20210418,3호선,홍제,8492,8237,16729
20210418,3호선,화정,8535,8853,17388
20210424,3호선,가락시장,5919,5626,11545
20210424,3호선,경복궁,13573,14921,28494
20210424,3호선,경찰병원,3893,3777,7670
20210424,3호선,고속터미널,44123,44870,88993
20210424,3호선,교대,6185,3685,9870
20210424,3호선,구파발,14317,14531,28848
20210424,3호선,금호,5972,5356,11328
20210424,3호선,남부터미널,18051,18630,36681
20210424,3호선,녹번,9476,8288,17764
20210424,3호선,대곡,1399,1203,2602
20210424,3호선,대청,5443,4908,10351
20210424,3호선,대치,7557,6981,14538
20210424,3호선,대화,7733,6875,14608
20210424,3호선,도곡,3726,3684,7410
20210424,3호선,독립문,5514,6139,11653
20210424,3호선,동대입구,5871,6595,12466
20210424,3호선,마두,4864,4893,9757
20210424,3호선,매봉,5875,5595,11470
20210424,3호선,무악재,2587,2554,5141
20210424,3호선,백석,7177,7366,14543
20210424,3호선,불광,12264,14147,26411
20210424,3호선,삼송,12641,12360,25001
20210424,3호선,수서,12305,12497,24802
20210424,3호선,신사,23453,24261,47714
20210424,3호선,안국,12207,14007,26214
20210424,3호선,압구정,22979,24026,47005
20210424,3호선,약수,8617,8011,16628
20210424,3호선,양재,19411,20919,40330
20210424,3호선,연신내,28498,26414,54912
20210424,3호선,오금,3687,3542,7229
20210424,3호선,옥수,7109,7109,14218
20210424,3호선,원당,8083,7802,15885
20210424,3호선,원흥,6545,6340,12885
20210424,3호선,을지로3가,4682,5294,9976
20210424,3호선,일원,4530,4421,8951
20210424,3호선,잠원,3730,3562,7292
20210424,3호선,정발산,6425,6563,12988
20210424,3호선,종로3가,5187,7283,12470
20210424,3호선,주엽,5936,5909,11845
20210424,3호선,지축,2478,2463,4941
20210424,3호선,충무로,1,0,1
20210424,3호선,학여울,3155,3536,6691
20210424,3호선,홍제,12533,11658,24191
20210424,3호선,화정,12108,12440,24548
20210425,3호선,가락시장,3306,3576,6882
20210425,3호선,경복궁,10404,11069,21473
20210425,3호선,경찰병원,2670,2782,5452
20210425,3호선,고속터미널,36816,33367,70183
20210425,3호선,교대,3849,2406,6255
20210425,3호선,구파발,11098,11382,22480
20210425,3호선,금호,4167,3993,8160
20210425,3호선,남부터미널,12067,12767,24834
20210425,3호선,녹번,6263,5899,12162
20210425,3호선,대곡,1081,865,1946
20210425,3호선,대청,3703,3663,7366
20210425,3호선,대치,4581,4176,8757
20210425,3호선,대화,5764,5231,10995
20210425,3호선,도곡,1997,2104,4101
20210425,3호선,독립문,4051,4601,8652
20210425,3호선,동대입구,4881,5644,10525
20210425,3호선,마두,3133,3165,6298
20210425,3호선,매봉,3962,3983,7945
20210425,3호선,무악재,1750,1850,3600
20210425,3호선,백석,5185,5153,10338
20210425,3호선,불광,9336,10997,20333
20210425,3호선,삼송,9421,9321,18742
20210425,3호선,수서,9466,9255,18721
20210425,3호선,신사,12252,12454,24706
20210425,3호선,안국,8750,9840,18590
20210425,3호선,압구정,12508,12899,25407
20210425,3호선,약수,6140,6073,12213
20210425,3호선,양재,12081,14205,26286
20210425,3호선,연신내,20780,19133,39913
20210425,3호선,오금,2844,2759,5603
20210425,3호선,옥수,4906,5233,10139
20210425,3호선,원당,5836,5726,11562
20210425,3호선,원흥,4824,4553,9377
20210425,3호선,을지로3가,2745,2593,5338
20210425,3호선,일원,3231,3416,6647
20210425,3호선,잠원,2199,2238,4437
20210425,3호선,정발산,5152,5144,10296
20210425,3호선,종로3가,3439,4544,7983
20210425,3호선,주엽,4103,4033,8136
20210425,3호선,지축,1746,1739,3485
20210425,3호선,충무로,1,0,1
20210425,3호선,학여울,2441,2860,5301
20210425,3호선,홍제,8738,8444,17182
20210425,3호선,화정,8681,8782,17463
20210501,3호선,가락시장,5485,5181,10666
20210501,3호선,경복궁,12030,11754,23784
20210501,3호선,경찰병원,3547,3363,6910
20210501,3호선,고속터미널,43958,45622,89580
20210501,3호선,교대,5729,3475,9204
20210501,3호선,구파발,12266,12386,24652
20210501,3호선,금호,5279,4956,10235
20210501,3호선,남부터미널,19286,20221,39507
20210501,3호선,녹번,8506,7442,15948
20210501,3호선,대곡,1233,988,2221
20210501,3호선,대청,4773,4480,9253
20210501,3호선,대치,7053,6608,13661
20210501,3호선,대화,7377,6735,14112
20210501,3호선,도곡,3345,3390,6735
20210501,3호선,독립문,4691,4856,9547
20210501,3호선,동대입구,5275,5716,10991
20210501,3호선,마두,4341,4451,8792
20210501,3호선,매봉,5103,5055,10158
20210501,3호선,무악재,2329,2347,4676
20210501,3호선,백석,6864,6899,13763
20210501,3호선,불광,10991,12268,23259
20210501,3호선,삼송,12064,11997,24061
20210501,3호선,수서,11495,11546,23041
20210501,3호선,신사,22473,22832,45305
20210501,3호선,안국,11257,12531,23788
20210501,3호선,압구정,21480,22247,43727
20210501,3호선,약수,8089,7443,15532
20210501,3호선,양재,17674,18842,36516
20210501,3호선,연신내,25734,24119,49853
20210501,3호선,오금,3422,3305,6727
20210501,3호선,옥수,6034,6291,12325
20210501,3호선,원당,7177,6981,14158
20210501,3호선,원흥,6077,5912,11989
20210501,3호선,을지로3가,4332,4792,9124
20210501,3호선,일원,3604,3711,7315
20210501,3호선,잠원,2872,2812,5684
20210501,3호선,정발산,6059,6342,12401
20210501,3호선,종로3가,5556,7468,13024
20210501,3호선,주엽,5506,5408,10914
20210501,3호선,지축,2074,2059,4133
20210501,3호선,충무로,1,0,1
20210501,3호선,학여울,2928,2971,5899
20210501,3호선,홍제,11067,10484,21551
20210501,3호선,화정,11042,11490,22532
20210502,3호선,가락시장,3574,3879,7453
20210502,3호선,경복궁,11179,11867,23046
20210502,3호선,경찰병원,2675,2729,5404
20210502,3호선,고속터미널,38639,35327,73966
20210502,3호선,교대,3898,2439,6337
20210502,3호선,구파발,10981,11440,22421
20210502,3호선,금호,4324,4148,8472
20210502,3호선,남부터미널,13588,14266,27854
20210502,3호선,녹번,6439,5933,12372
20210502,3호선,대곡,1107,892,1999
20210502,3호선,대청,3716,3630,7346
20210502,3호선,대치,4573,4223,8796
20210502,3호선,대화,5984,5397,11381
20210502,3호선,도곡,2009,2244,4253
20210502,3호선,독립문,4235,4899,9134
20210502,3호선,동대입구,5087,5629,10716
20210502,3호선,마두,3344,3287,6631
20210502,3호선,매봉,4004,3903,7907
20210502,3호선,무악재,1720,1852,3572
20210502,3호선,백석,5348,5378,10726
20210502,3호선,불광,9583,11264,20847
20210502,3호선,삼송,10133,10009,20142
20210502,3호선,수서,9556,9524,19080
20210502,3호선,신사,13868,13659,27527
20210502,3호선,안국,9256,10336,19592
20210502,3호선,압구정,13301,13611,26912
20210502,3호선,약수,6389,6217,12606
20210502,3호선,양재,12297,14344,26641
20210502,3호선,연신내,20958,19584,40542
20210502,3호선,오금,2649,2514,5163
20210502,3호선,옥수,5183,5434,10617
20210502,3호선,원당,6101,5843,11944
20210502,3호선,원흥,4990,4739,9729
20210502,3호선,을지로3가,2891,2788,5679
20210502,3호선,일원,2926,3097,6023
20210502,3호선,잠원,2530,2547,5077
20210502,3호선,정발산,5575,5404,10979
20210502,3호선,종로3가,3586,4901,8487
20210502,3호선,주엽,4286,4127,8413
20210502,3호선,지축,1894,1743,3637
20210502,3호선,학여울,2246,2432,4678
20210502,3호선,홍제,8762,8210,16972
20210502,3호선,화정,9170,9448,18618
20210508,3호선,가락시장,5146,4762,9908
20210508,3호선,경복궁,11086,11120,22206
20210508,3호선,경찰병원,3245,3142,6387
20210508,3호선,고속터미널,40874,45879,86753
20210508,3호선,교대,5633,3357,8990
20210508,3호선,구파발,12792,12893,25685
20210508,3호선,금호,5406,5068,10474
20210508,3호선,남부터미널,17897,19471,37368
20210508,3호선,녹번,8872,7836,16708
20210508,3호선,대곡,1177,973,2150
20210508,3호선,대청,5013,4503,9516
20210508,3호선,대치,8491,7533,16024
20210508,3호선,대화,8323,7551,15874
20210508,3호선,도곡,2875,2939,5814
20210508,3호선,독립문,4864,4964,9828
20210508,3호선,동대입구,4429,4664,9093
20210508,3호선,마두,4271,4287,8558
20210508,3호선,매봉,5006,4873,9879
20210508,3호선,무악재,2331,2291,4622
20210508,3호선,백석,6369,6562,12931
20210508,3호선,불광,11030,12168,23198
20210508,3호선,삼송,12308,12120,24428
20210508,3호선,수서,10889,11415,22304
20210508,3호선,신사,20056,20188,40244
20210508,3호선,안국,10244,11357,21601
20210508,3호선,압구정,21850,22445,44295
20210508,3호선,약수,7931,7443,15374
20210508,3호선,양재,17106,18157,35263
20210508,3호선,연신내,26340,24868,51208
20210508,3호선,오금,3190,3022,6212
20210508,3호선,옥수,6090,6225,12315
20210508,3호선,원당,7360,7177,14537
20210508,3호선,원흥,6319,5964,12283
20210508,3호선,을지로3가,3780,4039,7819
20210508,3호선,일원,4077,4071,8148
20210508,3호선,잠원,2897,2784,5681
20210508,3호선,정발산,5406,5494,10900
20210508,3호선,종로3가,4595,6238,10833
20210508,3호선,주엽,5445,5589,11034
20210508,3호선,지축,2304,2216,4520
20210508,3호선,충무로,1,0,1
20210508,3호선,학여울,2994,3182,6176
20210508,3호선,홍제,11469,10715,22184
20210508,3호선,화정,10939,11463,22402
20210509,3호선,가락시장,3380,3672,7052
20210509,3호선,경복궁,10798,11804,22602
20210509,3호선,경찰병원,2507,2637,5144
20210509,3호선,고속터미널,42650,33485,76135
20210509,3호선,교대,3966,2428,6394
20210509,3호선,구파발,11200,11547,22747
20210509,3호선,금호,4212,4089,8301
20210509,3호선,남부터미널,16049,15325,31374
20210509,3호선,녹번,6647,6139,12786
20210509,3호선,대곡,1127,884,2011
20210509,3호선,대청,3759,3753,7512
20210509,3호선,대치,5573,5039,10612
20210509,3호선,대화,7441,6826,14267
20210509,3호선,도곡,2033,2049,4082
20210509,3호선,독립문,4322,5095,9417
20210509,3호선,동대입구,4572,5272,9844
20210509,3호선,마두,3367,3181,6548
20210509,3호선,매봉,3990,3994,7984
20210509,3호선,무악재,1820,1999,3819
20210509,3호선,백석,5409,5278,10687
20210509,3호선,불광,9414,11294,20708
20210509,3호선,삼송,9991,9752,19743
20210509,3호선,수서,10347,9505,19852
20210509,3호선,신사,12394,12876,25270
20210509,3호선,안국,8932,10339,19271
20210509,3호선,압구정,13013,13448,26461
20210509,3호선,약수,6176,6128,12304
20210509,3호선,양재,11994,14340,26334
20210509,3호선,연신내,21375,20274,41649
20210509,3호선,오금,2600,2565,5165
20210509,3호선,옥수,5044,5345,10389
20210509,3호선,원당,6208,5873,12081
20210509,3호선,원흥,5029,4874,9903
20210509,3호선,을지로3가,2740,2674,5414
20210509,3호선,일원,3206,3294,6500
20210509,3호선,잠원,2350,2399,4749
20210509,3호선,정발산,5255,5068,10323
20210509,3호선,종로3가,3556,4807,8363
20210509,3호선,주엽,4275,4137,8412
20210509,3호선,지축,1911,1745,3656
20210509,3호선,학여울,2526,2861,5387
20210509,3호선,홍제,8916,8566,17482
20210509,3호선,화정,9172,9354,18526
20210515,3호선,가락시장,5775,5461,11236
20210515,3호선,경복궁,12936,12632,25568
20210515,3호선,경찰병원,3973,3927,7900
20210515,3호선,고속터미널,45608,45516,91124
20210515,3호선,교대,6413,3907,10320
20210515,3호선,구파발,13729,13543,27272
20210515,3호선,금호,5492,5016,10508
20210515,3호선,남부터미널,20717,21173,41890
20210515,3호선,녹번,9457,8266,17723
20210515,3호선,대곡,1272,1068,2340
20210515,3호선,대청,5459,5147,10606
20210515,3호선,대치,9063,8096,17159
20210515,3호선,대화,8102,7301,15403
20210515,3호선,도곡,3758,3857,7615
20210515,3호선,독립문,5389,5637,11026
20210515,3호선,동대입구,5222,5622,10844
20210515,3호선,마두,4764,4823,9587
20210515,3호선,매봉,6127,5900,12027
20210515,3호선,무악재,2522,2643,5165
20210515,3호선,백석,7035,7332,14367
20210515,3호선,불광,11802,13299,25101
20210515,3호선,삼송,12641,12445,25086
20210515,3호선,수서,12194,12607,24801
20210515,3호선,신사,23138,23870,47008
20210515,3호선,안국,11797,13242,25039
20210515,3호선,압구정,23579,24677,48256
20210515,3호선,약수,8583,7932,16515
20210515,3호선,양재,19666,20984,40650
20210515,3호선,연신내,27830,26268,54098
20210515,3호선,오금,3765,3578,7343
20210515,3호선,옥수,6507,6761,13268
20210515,3호선,원당,7776,7437,15213
20210515,3호선,원흥,6786,6495,13281
20210515,3호선,을지로3가,4772,5092,9864
20210515,3호선,일원,4694,4793,9487
20210515,3호선,잠원,3216,3128,6344
20210515,3호선,정발산,5863,6076,11939
20210515,3호선,종로3가,5795,7641,13436
20210515,3호선,주엽,6056,5865,11921
20210515,3호선,지축,2460,2410,4870
20210515,3호선,충무로,1,0,1
20210515,3호선,학여울,1114,1075,2189
20210515,3호선,홍제,12207,11717,23924
20210515,3호선,화정,11645,12111,23756
20210516,3호선,가락시장,2956,3336,6292
20210516,3호선,경복궁,6878,6789,13667
20210516,3호선,경찰병원,2214,2283,4497
20210516,3호선,고속터미널,34301,32132,66433
20210516,3호선,교대,3526,2233,5759
20210516,3호선,구파발,8203,8289,16492
20210516,3호선,금호,3362,3287,6649
20210516,3호선,남부터미널,12210,13072,25282
20210516,3호선,녹번,5505,5082,10587
20210516,3호선,대곡,789,589,1378
20210516,3호선,대청,3291,3190,6481
20210516,3호선,대치,4831,4360,9191
20210516,3호선,대화,4959,4481,9440
20210516,3호선,도곡,1541,1627,3168
20210516,3호선,독립문,2839,2950,5789
20210516,3호선,동대입구,3696,3787,7483
20210516,3호선,마두,2704,2677,5381
20210516,3호선,매봉,3515,3515,7030
20210516,3호선,무악재,1453,1486,2939
20210516,3호선,백석,4524,4472,8996
20210516,3호선,불광,7040,7883,14923
20210516,3호선,삼송,7998,7947,15945
20210516,3호선,수서,9006,8696,17702
20210516,3호선,신사,10573,10495,21068
20210516,3호선,안국,6628,6735,13363
20210516,3호선,압구정,11285,11707,22992
20210516,3호선,약수,5218,5075,10293
20210516,3호선,양재,10958,12620,23578
20210516,3호선,연신내,16384,15962,32346
20210516,3호선,오금,2419,2392,4811
20210516,3호선,옥수,3704,3969,7673
20210516,3호선,원당,4563,4510,9073
20210516,3호선,원흥,3930,3881,7811
20210516,3호선,을지로3가,2475,2316,4791
20210516,3호선,일원,2642,2819,5461
20210516,3호선,잠원,1606,1647,3253
20210516,3호선,정발산,3715,3617,7332
20210516,3호선,종로3가,3194,3709,6903
20210516,3호선,주엽,3343,3246,6589
20210516,3호선,지축,1378,1325,2703
20210516,3호선,충무로,1,0,1
20210516,3호선,학여울,1091,1126,2217
20210516,3호선,홍제,6915,6849,13764
20210516,3호선,화정,7194,7407,14601
20210522,3호선,가락시장,5795,5567,11362
20210522,3호선,경복궁,16061,17436,33497
20210522,3호선,경찰병원,3953,3864,7817
20210522,3호선,고속터미널,46561,46326,92887
20210522,3호선,교대,6670,4058,10728
20210522,3호선,구파발,15198,15288,30486
20210522,3호선,금호,6007,5509,11516
20210522,3호선,남부터미널,21171,21894,43065
20210522,3호선,녹번,10065,8636,18701
20210522,3호선,대곡,1363,1173,2536
20210522,3호선,대청,5771,5358,11129
20210522,3호선,대치,9226,8303,17529
20210522,3호선,대화,8399,7409,15808
20210522,3호선,도곡,3572,3593,7165
20210522,3호선,독립문,5923,6525,12448
20210522,3호선,동대입구,6313,7116,13429
20210522,3호선,마두,5090,5145,10235
20210522,3호선,매봉,6280,5988,12268
20210522,3호선,무악재,2681,2781,5462
20210522,3호선,백석,7382,7492,14874
20210522,3호선,불광,12984,14691,27675
20210522,3호선,삼송,13334,13161,26495
20210522,3호선,수서,12649,13162,25811
20210522,3호선,신사,23980,25117,49097
20210522,3호선,안국,13829,16367,30196
20210522,3호선,압구정,24826,26093,50919
20210522,3호선,약수,9059,8500,17559
20210522,3호선,양재,19637,21268,40905
20210522,3호선,연신내,29889,27931,57820
20210522,3호선,오금,3821,3622,7443
20210522,3호선,옥수,7236,7235,14471
20210522,3호선,원당,8509,8082,16591
20210522,3호선,원흥,7134,6930,14064
20210522,3호선,을지로3가,5365,5880,11245
20210522,3호선,일원,4551,4473,9024
20210522,3호선,잠원,3810,3589,7399
20210522,3호선,정발산,6987,7387,14374
20210522,3호선,종로3가,5806,8046,13852
20210522,3호선,주엽,6578,6338,12916
20210522,3호선,지축,2715,2665,5380
20210522,3호선,충무로,1,0,1
20210522,3호선,학여울,1509,1518,3027
20210522,3호선,홍제,13182,12317,25499
20210522,3호선,화정,12814,13207,26021
20210523,3호선,가락시장,3282,3602,6884
20210523,3호선,경복궁,10905,11836,22741
20210523,3호선,경찰병원,2491,2594,5085
20210523,3호선,고속터미널,37673,34530,72203
20210523,3호선,교대,3909,2500,6409
20210523,3호선,구파발,11134,11450,22584
20210523,3호선,금호,4210,3977,8187
20210523,3호선,남부터미널,14364,14922,29286
20210523,3호선,녹번,6670,6149,12819
20210523,3호선,대곡,1062,902,1964
20210523,3호선,대청,3792,3692,7484
20210523,3호선,대치,5814,5057,10871
20210523,3호선,대화,5837,5296,11133
20210523,3호선,도곡,1807,2036,3843
20210523,3호선,독립문,4278,4793,9071
20210523,3호선,동대입구,4583,5201,9784
20210523,3호선,마두,3265,3247,6512
20210523,3호선,매봉,4015,3996,8011
20210523,3호선,무악재,1786,1927,3713
20210523,3호선,백석,5305,5243,10548
20210523,3호선,불광,9477,10933,20410
20210523,3호선,삼송,9795,9675,19470
20210523,3호선,수서,9904,9702,19606
20210523,3호선,신사,12623,12723,25346
20210523,3호선,안국,9075,10315,19390
20210523,3호선,압구정,13161,13501,26662
20210523,3호선,약수,6081,5891,11972
20210523,3호선,양재,12335,14446,26781
20210523,3호선,연신내,20814,19736,40550
20210523,3호선,오금,2507,2413,4920
20210523,3호선,옥수,4907,5320,10227
20210523,3호선,원당,6014,5847,11861
20210523,3호선,원흥,5133,4910,10043
20210523,3호선,을지로3가,2888,2848,5736
20210523,3호선,일원,3178,3294,6472
20210523,3호선,잠원,2236,2197,4433
20210523,3호선,정발산,4962,4941,9903
20210523,3호선,종로3가,3569,4672,8241
20210523,3호선,주엽,4160,4110,8270
20210523,3호선,지축,1791,1718,3509
20210523,3호선,충무로,1,0,1
20210523,3호선,학여울,1003,1068,2071
20210523,3호선,홍제,8748,8273,17021
20210523,3호선,화정,9077,9171,18248
20210529,3호선,가락시장,5775,5496,11271
20210529,3호선,경복궁,14363,15119,29482
20210529,3호선,경찰병원,3918,3722,7640
20210529,3호선,고속터미널,44400,44967,89367
20210529,3호선,교대,6439,3862,10301
20210529,3호선,구파발,14293,14555,28848
20210529,3호선,금호,5797,5177,10974
20210529,3호선,남부터미널,20853,21450,42303
20210529,3호선,녹번,9690,8448,18138
20210529,3호선,대곡,1382,1156,2538
20210529,3호선,대청,5508,5147,10655
20210529,3호선,대치,9095,8253,17348
20210529,3호선,대화,8472,7698,16170
20210529,3호선,도곡,3388,3453,6841
20210529,3호선,독립문,5571,6000,11571
20210529,3호선,동대입구,5422,6030,11452
20210529,3호선,마두,4889,4928,9817
20210529,3호선,매봉,5904,5649,11553
20210529,3호선,무악재,2603,2690,5293
20210529,3호선,백석,7255,7410,14665
20210529,3호선,불광,12432,14020,26452
20210529,3호선,삼송,12628,12212,24840
20210529,3호선,수서,12397,12397,24794
20210529,3호선,신사,23884,24642,48526
20210529,3호선,안국,12980,14851,27831
20210529,3호선,압구정,23398,24746,48144
20210529,3호선,약수,8667,8164,16831
20210529,3호선,양재,20087,21523,41610
20210529,3호선,연신내,28876,26790,55666
20210529,3호선,오금,3616,3460,7076
20210529,3호선,옥수,6765,6925,13690
20210529,3호선,원당,7966,7675,15641
20210529,3호선,원흥,6746,6402,13148
20210529,3호선,을지로3가,5031,5570,10601
20210529,3호선,일원,4402,4462,8864
20210529,3호선,잠원,3386,3340,6726
20210529,3호선,정발산,6037,6225,12262
20210529,3호선,종로3가,5450,7615,13065
20210529,3호선,주엽,6255,6075,12330
20210529,3호선,지축,2501,2496,4997
20210529,3호선,학여울,1214,1236,2450
20210529,3호선,홍제,12670,11845,24515
20210529,3호선,화정,11705,12117,23822
20210530,3호선,가락시장,3616,3829,7445
20210530,3호선,경복궁,11521,11979,23500
20210530,3호선,경찰병원,2571,2672,5243
20210530,3호선,고속터미널,37634,33773,71407
20210530,3호선,교대,3959,2371,6330
20210530,3호선,구파발,11172,11468,22640
20210530,3호선,금호,4151,3998,8149
20210530,3호선,남부터미널,14457,15160,29617
20210530,3호선,녹번,6766,6283,13049
20210530,3호선,대곡,1063,831,1894
20210530,3호선,대청,3862,3774,7636
20210530,3호선,대치,5575,5025,10600
20210530,3호선,대화,6276,5899,12175
20210530,3호선,도곡,1822,1898,3720
20210530,3호선,독립문,4180,4710,8890
20210530,3호선,동대입구,4643,5225,9868
20210530,3호선,마두,3174,3276,6450
20210530,3호선,매봉,3699,3799,7498
20210530,3호선,무악재,1820,1929,3749
20210530,3호선,백석,5513,5468,10981
20210530,3호선,불광,9530,11329,20859
20210530,3호선,삼송,9638,9556,19194
20210530,3호선,수서,9893,9694,19587
20210530,3호선,신사,13287,13015,26302
20210530,3호선,안국,9409,10171,19580
20210530,3호선,압구정,13188,13741,26929
20210530,3호선,약수,6304,6120,12424
20210530,3호선,양재,12419,14414,26833
20210530,3호선,연신내,21620,20116,41736
20210530,3호선,오금,2482,2519,5001
20210530,3호선,옥수,4904,5235,10139
20210530,3호선,원당,5990,5757,11747
20210530,3호선,원흥,5112,4901,10013
20210530,3호선,을지로3가,3034,2873,5907
20210530,3호선,일원,2995,3215,6210
20210530,3호선,잠원,2155,2227,4382
20210530,3호선,정발산,5118,4939,10057
20210530,3호선,종로3가,3623,4769,8392
20210530,3호선,주엽,4265,4244,8509
20210530,3호선,지축,1852,1758,3610
20210530,3호선,학여울,995,1020,2015
20210530,3호선,홍제,8870,8691,17561
20210530,3호선,화정,8759,8930,17689
20210605,3호선,가락시장,5989,5696,11685
20210605,3호선,경복궁,14076,15505,29581
20210605,3호선,경찰병원,3934,3777,7711
20210605,3호선,고속터미널,44730,45180,89910
20210605,3호선,교대,6179,3725,9904
20210605,3호선,구파발,15126,15435,30561
20210605,3호선,금호,5735,5211,10946
20210605,3호선,남부터미널,20668,21522,42190
20210605,3호선,녹번,9976,8542,18518
20210605,3호선,대곡,1448,1255,2703
20210605,3호선,대청,5688,5261,10949
20210605,3호선,대치,8980,8084,17064
20210605,3호선,대화,9257,8589,17846
20210605,3호선,도곡,3267,3143,6410
20210605,3호선,독립문,5919,6292,12211
20210605,3호선,동대입구,5657,6222,11879
20210605,3호선,마두,5111,5062,10173
20210605,3호선,매봉,6033,5843,11876
20210605,3호선,무악재,2590,2585,5175
20210605,3호선,백석,7684,7746,15430
20210605,3호선,불광,12791,14380,27171
20210605,3호선,삼송,13120,12903,26023
20210605,3호선,수서,12445,12676,25121
20210605,3호선,신사,23730,24547,48277
20210605,3호선,안국,12883,14764,27647
20210605,3호선,압구정,24345,25316,49661
20210605,3호선,약수,9007,8284,17291
20210605,3호선,양재,19675,21258,40933
20210605,3호선,연신내,29593,27567,57160
20210605,3호선,오금,3663,3354,7017
20210605,3호선,옥수,7438,7313,14751
20210605,3호선,원당,8357,7948,16305
20210605,3호선,원흥,7288,7040,14328
20210605,3호선,을지로3가,5106,5909,11015
20210605,3호선,일원,4883,4651,9534
20210605,3호선,잠원,3475,3365,6840
20210605,3호선,정발산,6515,6833,13348
20210605,3호선,종로3가,5547,7999,13546
20210605,3호선,주엽,6485,6342,12827
20210605,3호선,지축,2695,2588,5283
20210605,3호선,학여울,1700,1778,3478
20210605,3호선,홍제,12845,12018,24863
20210605,3호선,화정,12674,13038,25712
20210606,3호선,가락시장,3535,3819,7354
20210606,3호선,경복궁,9883,10546,20429
20210606,3호선,경찰병원,2654,2707,5361
20210606,3호선,고속터미널,36585,33197,69782
20210606,3호선,교대,3780,2355,6135
20210606,3호선,구파발,10978,11314,22292
20210606,3호선,금호,4055,3913,7968
20210606,3호선,남부터미널,13218,14203,27421
20210606,3호선,녹번,6638,6038,12676
20210606,3호선,대곡,1047,859,1906
20210606,3호선,대청,3832,3756,7588
20210606,3호선,대치,5548,4820,10368
20210606,3호선,대화,5847,5428,11275
20210606,3호선,도곡,2025,2080,4105
20210606,3호선,독립문,3939,4392,8331
20210606,3호선,동대입구,4172,4808,8980
20210606,3호선,마두,3208,3176,6384
20210606,3호선,매봉,3828,3850,7678
20210606,3호선,무악재,1737,1850,3587
20210606,3호선,백석,5397,5333,10730
20210606,3호선,불광,9237,10978,20215
20210606,3호선,삼송,9551,9403,18954
20210606,3호선,수서,9752,9439,19191
20210606,3호선,신사,11635,12028,23663
20210606,3호선,안국,8239,9282,17521
20210606,3호선,압구정,12826,13199,26025
20210606,3호선,약수,6231,6054,12285
20210606,3호선,양재,11852,13880,25732
20210606,3호선,연신내,20757,19719,40476
20210606,3호선,오금,2349,2315,4664
20210606,3호선,옥수,4825,5015,9840
20210606,3호선,원당,6080,5705,11785
20210606,3호선,원흥,5208,5025,10233
20210606,3호선,을지로3가,2927,2826,5753
20210606,3호선,일원,2977,3229,6206
20210606,3호선,잠원,2106,2054,4160
20210606,3호선,정발산,4769,4632,9401
20210606,3호선,종로3가,3386,4534,7920
20210606,3호선,주엽,4101,4069,8170
20210606,3호선,지축,1816,1719,3535
20210606,3호선,충무로,1,0,1
20210606,3호선,학여울,1101,1213,2314
20210606,3호선,홍제,8522,8111,16633
20210606,3호선,화정,8619,8733,17352
20210612,3호선,가락시장,5736,5500,11236
20210612,3호선,경복궁,13041,13901,26942
20210612,3호선,경찰병원,3715,3647,7362
20210612,3호선,고속터미널,44929,45085,90014
20210612,3호선,교대,6302,3755,10057
20210612,3호선,구파발,14676,14791,29467
20210612,3호선,금호,5725,5120,10845
20210612,3호선,남부터미널,19594,20156,39750
20210612,3호선,녹번,9933,8605,18538
20210612,3호선,대곡,1289,1155,2444
20210612,3호선,대청,5653,5110,10763
20210612,3호선,대치,8572,7774,16346
20210612,3호선,대화,8443,7675,16118
20210612,3호선,도곡,3012,3096,6108
20210612,3호선,독립문,5455,5869,11324
20210612,3호선,동대입구,5394,6095,11489
20210612,3호선,마두,4795,4828,9623
20210612,3호선,매봉,5767,5627,11394
20210612,3호선,무악재,2507,2558,5065
20210612,3호선,백석,7186,7336,14522
20210612,3호선,불광,12422,14094,26516
20210612,3호선,삼송,12656,12433,25089
20210612,3호선,수서,12123,12307,24430
20210612,3호선,신사,23021,24130,47151
20210612,3호선,안국,12121,13984,26105
20210612,3호선,압구정,23596,24576,48172
20210612,3호선,약수,8728,8284,17012
20210612,3호선,양재,19127,20543,39670
20210612,3호선,연신내,28632,26541,55173
20210612,3호선,오금,3439,3251,6690
20210612,3호선,옥수,6733,6782,13515
20210612,3호선,원당,7895,7477,15372
20210612,3호선,원흥,7016,6752,13768
20210612,3호선,을지로3가,4744,5628,10372
20210612,3호선,일원,4373,4382,8755
20210612,3호선,잠원,3452,3250,6702
20210612,3호선,정발산,6122,6296,12418
20210612,3호선,종로3가,5432,7808,13240
20210612,3호선,주엽,6218,6125,12343
20210612,3호선,지축,2528,2505,5033
20210612,3호선,충무로,1,0,1
20210612,3호선,학여울,1744,1829,3573
20210612,3호선,홍제,12402,11531,23933
20210612,3호선,화정,11832,12140,23972
20210613,3호선,가락시장,3222,3398,6620
20210613,3호선,경복궁,9163,9575,18738
20210613,3호선,경찰병원,2563,2563,5126
20210613,3호선,고속터미널,36825,33269,70094
20210613,3호선,교대,3920,2374,6294
20210613,3호선,구파발,10588,10644,21232
20210613,3호선,금호,3961,3780,7741
20210613,3호선,남부터미널,13439,14072,27511
20210613,3호선,녹번,6554,6013,12567
20210613,3호선,대곡,993,851,1844
20210613,3호선,대청,3742,3603,7345
20210613,3호선,대치,5369,4821,10190
20210613,3호선,대화,6748,6383,13131
20210613,3호선,도곡,1695,1775,3470
20210613,3호선,독립문,3769,4181,7950
20210613,3호선,동대입구,4051,4655,8706
20210613,3호선,마두,3239,3229,6468
20210613,3호선,매봉,3901,3842,7743
20210613,3호선,무악재,1642,1773,3415
20210613,3호선,백석,5139,5053,10192
20210613,3호선,불광,8825,10634,19459
20210613,3호선,삼송,9572,9447,19019
20210613,3호선,수서,9430,9230,18660
20210613,3호선,신사,11916,12073,23989
20210613,3호선,안국,8238,9073,17311
20210613,3호선,압구정,12714,13240,25954
20210613,3호선,약수,6089,5947,12036
20210613,3호선,양재,11704,13782,25486
20210613,3호선,연신내,20143,18741,38884
20210613,3호선,오금,2546,2499,5045
20210613,3호선,옥수,4894,5079,9973
20210613,3호선,원당,5610,5480,11090
20210613,3호선,원흥,5076,4931,10007
20210613,3호선,을지로3가,2834,2752,5586
20210613,3호선,일원,3169,3286,6455
20210613,3호선,잠원,1978,1928,3906
20210613,3호선,정발산,4708,4678,9386
20210613,3호선,종로3가,3341,4393,7734
20210613,3호선,주엽,4102,4033,8135
20210613,3호선,지축,1797,1642,3439
20210613,3호선,학여울,678,685,1363
20210613,3호선,홍제,8226,7937,16163
20210613,3호선,화정,8586,8668,17254
20210619,3호선,가락시장,5927,5677,11604
20210619,3호선,경복궁,13747,14925,28672
20210619,3호선,경찰병원,3747,3621,7368
20210619,3호선,고속터미널,47769,48093,95862
20210619,3호선,교대,6533,4045,10578
20210619,3호선,구파발,14939,15217,30156
20210619,3호선,금호,5995,5497,11492
20210619,3호선,남부터미널,21310,21996,43306
20210619,3호선,녹번,10092,8649,18741
20210619,3호선,대곡,1409,1244,2653
20210619,3호선,대청,5798,5190,10988
20210619,3호선,대치,8504,7703,16207
20210619,3호선,대화,8796,8050,16846
20210619,3호선,도곡,3443,3354,6797
20210619,3호선,독립문,5734,6086,11820
20210619,3호선,동대입구,5447,6079,11526
20210619,3호선,마두,5039,5066,10105
20210619,3호선,매봉,6031,5857,11888
20210619,3호선,무악재,2724,2628,5352
20210619,3호선,백석,7478,7407,14885
20210619,3호선,불광,12746,14372,27118
20210619,3호선,삼송,13236,12941,26177
20210619,3호선,수서,12827,13120,25947
20210619,3호선,신사,24352,25631,49983
20210619,3호선,안국,13263,15491,28754
20210619,3호선,압구정,24858,25505,50363
20210619,3호선,약수,8894,8372,17266
20210619,3호선,양재,19772,21411,41183
20210619,3호선,연신내,29594,27242,56836
20210619,3호선,오금,3743,3411,7154
20210619,3호선,옥수,7175,7136,14311
20210619,3호선,원당,8227,7949,16176
20210619,3호선,원흥,7450,7218,14668
20210619,3호선,을지로3가,5403,6131,11534
20210619,3호선,일원,4781,4733,9514
20210619,3호선,잠원,3610,3500,7110
20210619,3호선,정발산,6176,6374,12550
20210619,3호선,종로3가,5646,8154,13800
20210619,3호선,주엽,6452,6275,12727
20210619,3호선,지축,2684,2637,5321
20210619,3호선,충무로,2,0,2
20210619,3호선,학여울,1228,1204,2432
20210619,3호선,홍제,12674,11836,24510
20210619,3호선,화정,12596,12964,25560
20210620,3호선,가락시장,3623,3759,7382
20210620,3호선,경복궁,9711,10155,19866
20210620,3호선,경찰병원,2717,2765,5482
20210620,3호선,고속터미널,39515,35509,75024
20210620,3호선,교대,4133,2521,6654
20210620,3호선,구파발,11030,11534,22564
20210620,3호선,금호,3997,4017,8014
20210620,3호선,남부터미널,14100,14527,28627
20210620,3호선,녹번,6852,6158,13010
20210620,3호선,대곡,996,822,1818
20210620,3호선,대청,3947,3837,7784
20210620,3호선,대치,5085,4650,9735
20210620,3호선,대화,6321,5981,12302
20210620,3호선,도곡,1863,2012,3875
20210620,3호선,독립문,3879,4394,8273
20210620,3호선,동대입구,4220,4652,8872
20210620,3호선,마두,3357,3336,6693
20210620,3호선,매봉,4004,4167,8171
20210620,3호선,무악재,1834,1969,3803
20210620,3호선,백석,5282,5208,10490
20210620,3호선,불광,9341,10901,20242
20210620,3호선,삼송,9901,9566,19467
20210620,3호선,수서,10027,9739,19766
20210620,3호선,신사,12575,12899,25474
20210620,3호선,안국,8798,9934,18732
20210620,3호선,압구정,13423,13924,27347
20210620,3호선,약수,6189,6030,12219
20210620,3호선,양재,12285,14191,26476
20210620,3호선,연신내,20710,19441,40151
20210620,3호선,오금,2445,2522,4967
20210620,3호선,옥수,5006,5208,10214
20210620,3호선,원당,5876,5613,11489
20210620,3호선,원흥,5350,5126,10476
20210620,3호선,을지로3가,3136,2945,6081
20210620,3호선,일원,3130,3450,6580
20210620,3호선,잠원,2141,2055,4196
20210620,3호선,정발산,4592,4517,9109
20210620,3호선,종로3가,3662,4802,8464
20210620,3호선,주엽,4188,4155,8343
20210620,3호선,지축,1907,1843,3750
20210620,3호선,학여울,881,907,1788
20210620,3호선,홍제,8825,8554,17379
20210620,3호선,화정,8688,8955,17643
20210626,3호선,가락시장,5962,5564,11526
20210626,3호선,경복궁,13771,15391,29162
20210626,3호선,경찰병원,3854,3723,7577
20210626,3호선,고속터미널,45937,47364,93301
20210626,3호선,교대,6483,3907,10390
20210626,3호선,구파발,14432,14623,29055
20210626,3호선,금호,5768,5232,11000
20210626,3호선,남부터미널,20181,20807,40988
20210626,3호선,녹번,9755,8421,18176
20210626,3호선,대곡,1371,1180,2551
20210626,3호선,대청,5536,5108,10644
20210626,3호선,대치,8027,7286,15313
20210626,3호선,대화,8141,7167,15308
20210626,3호선,도곡,3101,3130,6231
20210626,3호선,독립문,5303,5457,10760
20210626,3호선,동대입구,5318,5974,11292
20210626,3호선,마두,4849,4811,9660
20210626,3호선,매봉,6120,5905,12025
20210626,3호선,무악재,2535,2521,5056
20210626,3호선,백석,6970,7037,14007
20210626,3호선,불광,12114,13656,25770
20210626,3호선,삼송,12779,12621,25400
20210626,3호선,수서,12503,12766,25269
20210626,3호선,신사,23253,24756,48009
20210626,3호선,안국,12596,13961,26557
20210626,3호선,압구정,24484,25385,49869
20210626,3호선,약수,8831,8172,17003
20210626,3호선,양재,19799,21402,41201
20210626,3호선,연신내,28521,26546,55067
20210626,3호선,오금,3630,3402,7032
20210626,3호선,옥수,6786,6938,13724
20210626,3호선,원당,7915,7566,15481
20210626,3호선,원흥,6879,6514,13393
20210626,3호선,을지로3가,5148,5666,10814
20210626,3호선,일원,4434,4560,8994
20210626,3호선,잠원,3697,3503,7200
20210626,3호선,정발산,5938,6210,12148
20210626,3호선,종로3가,5407,7786,13193
20210626,3호선,주엽,6289,6044,12333
20210626,3호선,지축,2572,2483,5055
20210626,3호선,학여울,2921,3247,6168
20210626,3호선,홍제,12255,11420,23675
20210626,3호선,화정,11859,12165,24024
20210627,3호선,가락시장,3435,3760,7195
20210627,3호선,경복궁,11062,11609,22671
20210627,3호선,경찰병원,2484,2587,5071
20210627,3호선,고속터미널,41173,36249,77422
20210627,3호선,교대,4188,2498,6686
20210627,3호선,구파발,11390,11761,23151
20210627,3호선,금호,4186,4066,8252
20210627,3호선,남부터미널,14819,15125,29944
20210627,3호선,녹번,6875,6383,13258
20210627,3호선,대곡,1025,849,1874
20210627,3호선,대청,3883,3764,7647
20210627,3호선,대치,5210,4858,10068
20210627,3호선,대화,5931,5473,11404
20210627,3호선,도곡,1798,1925,3723
20210627,3호선,독립문,4213,4613,8826
20210627,3호선,동대입구,4473,4817,9290
20210627,3호선,마두,3345,3330,6675
20210627,3호선,매봉,4132,4038,8170
20210627,3호선,무악재,1799,1974,3773
20210627,3호선,백석,5184,5230,10414
20210627,3호선,불광,9489,11064,20553
20210627,3호선,삼송,9819,9738,19557
20210627,3호선,수서,10084,9945,20029
20210627,3호선,신사,13014,13422,26436
20210627,3호선,안국,9516,10163,19679
20210627,3호선,압구정,13550,14031,27581
20210627,3호선,약수,6405,6327,12732
20210627,3호선,양재,12669,14341,27010
20210627,3호선,연신내,21244,20080,41324
20210627,3호선,오금,2561,2563,5124
20210627,3호선,옥수,5122,5380,10502
20210627,3호선,원당,6096,5775,11871
20210627,3호선,원흥,4953,4870,9823
20210627,3호선,을지로3가,3176,3071,6247
20210627,3호선,일원,3304,3554,6858
20210627,3호선,잠원,2165,2175,4340
20210627,3호선,정발산,4894,4705,9599
20210627,3호선,종로3가,3763,4734,8497
20210627,3호선,주엽,4186,4313,8499
20210627,3호선,지축,1875,1810,3685
20210627,3호선,학여울,2265,2558,4823
20210627,3호선,홍제,8591,8450,17041
20210627,3호선,화정,8624,8792,17416
20210703,3호선,가락시장,5521,5239,10760
20210703,3호선,경복궁,13491,13114,26605
20210703,3호선,경찰병원,3699,3594,7293
20210703,3호선,고속터미널,44159,45040,89199
20210703,3호선,교대,6235,3739,9974
20210703,3호선,구파발,13396,13515,26911
20210703,3호선,금호,5330,4940,10270
20210703,3호선,남부터미널,18164,18480,36644
20210703,3호선,녹번,9259,8310,17569
20210703,3호선,대곡,1321,1102,2423
20210703,3호선,대청,5212,4862,10074
20210703,3호선,대치,7491,6930,14421
20210703,3호선,대화,7899,7375,15274
20210703,3호선,도곡,3227,3193,6420
20210703,3호선,독립문,4880,5267,10147
20210703,3호선,동대입구,4763,5107,9870
20210703,3호선,마두,4551,4579,9130
20210703,3호선,매봉,5691,5471,11162
20210703,3호선,무악재,2387,2431,4818
20210703,3호선,백석,6773,6985,13758
20210703,3호선,불광,11765,13207,24972
20210703,3호선,삼송,12059,11884,23943
20210703,3호선,수서,11900,12263,24163
20210703,3호선,신사,22009,22038,44047
20210703,3호선,안국,12556,12904,25460
20210703,3호선,압구정,24090,24681,48771
20210703,3호선,약수,8361,8035,16396
20210703,3호선,양재,19498,20584,40082
20210703,3호선,연신내,26811,24925,51736
20210703,3호선,오금,3311,3014,6325
20210703,3호선,옥수,6282,6538,12820
20210703,3호선,원당,7319,7113,14432
20210703,3호선,원흥,6376,6048,12424
20210703,3호선,을지로3가,6030,6088,12118
20210703,3호선,일원,4297,4399,8696
20210703,3호선,잠원,2988,2993,5981
20210703,3호선,정발산,5657,5586,11243
20210703,3호선,종로3가,4775,7246,12021
20210703,3호선,주엽,5881,5763,11644
20210703,3호선,지축,2527,2401,4928
20210703,3호선,학여울,1751,1733,3484
20210703,3호선,홍제,11899,11430,23329
20210703,3호선,화정,11432,11807,23239
20210704,3호선,가락시장,3145,3383,6528
20210704,3호선,경복궁,7723,7877,15600
20210704,3호선,경찰병원,2376,2401,4777
20210704,3호선,고속터미널,34209,31554,65763
20210704,3호선,교대,3699,2252,5951
20210704,3호선,구파발,8621,8887,17508
20210704,3호선,금호,3554,3448,7002
20210704,3호선,남부터미널,12308,12484,24792
20210704,3호선,녹번,5751,5369,11120
20210704,3호선,대곡,784,684,1468
20210704,3호선,대청,3362,3407,6769
20210704,3호선,대치,4226,4027,8253
20210704,3호선,대화,5222,4698,9920
20210704,3호선,도곡,1710,1822,3532
20210704,3호선,독립문,2987,3003,5990
20210704,3호선,동대입구,3518,3699,7217
20210704,3호선,마두,2762,2733,5495
20210704,3호선,매봉,3564,3683,7247
20210704,3호선,무악재,1492,1556,3048
20210704,3호선,백석,4618,4554,9172
20210704,3호선,불광,7526,8388,15914
20210704,3호선,삼송,8317,8281,16598
20210704,3호선,수서,8892,8416,17308
20210704,3호선,신사,10251,10582,20833
20210704,3호선,안국,6419,6966,13385
20210704,3호선,압구정,11931,12495,24426
20210704,3호선,약수,5592,5392,10984
20210704,3호선,양재,10600,12496,23096
20210704,3호선,연신내,17106,16499,33605
20210704,3호선,오금,2329,2261,4590
20210704,3호선,옥수,4013,4341,8354
20210704,3호선,원당,4830,4649,9479
20210704,3호선,원흥,4245,4132,8377
20210704,3호선,을지로3가,2691,2378,5069
20210704,3호선,일원,2949,3203,6152
20210704,3호선,잠원,2021,1982,4003
20210704,3호선,정발산,3857,3822,7679
20210704,3호선,종로3가,2761,3637,6398
20210704,3호선,주엽,3517,3548,7065
20210704,3호선,지축,1495,1406,2901
20210704,3호선,충무로,1,0,1
20210704,3호선,학여울,760,764,1524
20210704,3호선,홍제,7537,7185,14722
20210704,3호선,화정,7392,7552,14944
20210710,3호선,가락시장,4973,4642,9615
20210710,3호선,경복궁,9993,10077,20070
20210710,3호선,경찰병원,3386,3296,6682
20210710,3호선,고속터미널,31672,34146,65818
20210710,3호선,교대,5431,3211,8642
20210710,3호선,구파발,12539,12521,25060
20210710,3호선,금호,4823,4355,9178
20210710,3호선,남부터미널,15295,16113,31408
20210710,3호선,녹번,8465,7435,15900
20210710,3호선,대곡,1120,955,2075
20210710,3호선,대청,4636,4307,8943
20210710,3호선,대치,7590,6944,14534
20210710,3호선,대화,6880,6208,13088
20210710,3호선,도곡,2918,2837,5755
20210710,3호선,독립문,4617,4655,9272
20210710,3호선,동대입구,4701,4953,9654
20210710,3호선,마두,4171,4139,8310
20210710,3호선,매봉,5188,5014,10202
20210710,3호선,무악재,2139,2171,4310
20210710,3호선,백석,6103,6232,12335
20210710,3호선,불광,10562,11818,22380
20210710,3호선,삼송,10928,10774,21702
20210710,3호선,수서,10005,10574,20579
20210710,3호선,신사,18104,18977,37081
20210710,3호선,안국,8448,9360,17808
20210710,3호선,압구정,19880,20642,40522
20210710,3호선,약수,7494,7233,14727
20210710,3호선,양재,15944,17183,33127
20210710,3호선,연신내,24988,23182,48170
20210710,3호선,오금,3192,2958,6150
20210710,3호선,옥수,5586,5744,11330
20210710,3호선,원당,6878,6688,13566
20210710,3호선,원흥,5931,5811,11742
20210710,3호선,을지로3가,3598,3939,7537
20210710,3호선,일원,4279,4153,8432
20210710,3호선,잠원,2859,2728,5587
20210710,3호선,정발산,5002,5260,10262
20210710,3호선,종로3가,4366,5763,10129
20210710,3호선,주엽,5266,5304,10570
20210710,3호선,지축,2267,2183,4450
20210710,3호선,충무로,1,0,1
20210710,3호선,학여울,1777,1964,3741
20210710,3호선,홍제,10701,10057,20758
20210710,3호선,화정,10335,10710,21045
20210711,3호선,가락시장,2657,2947,5604
20210711,3호선,경복궁,6998,7428,14426
20210711,3호선,경찰병원,2046,2098,4144
20210711,3호선,고속터미널,26981,24466,51447
20210711,3호선,교대,3297,2088,5385
20210711,3호선,구파발,8563,8811,17374
20210711,3호선,금호,3248,3113,6361
20210711,3호선,남부터미널,10611,10878,21489
20210711,3호선,녹번,5498,4930,10428
20210711,3호선,대곡,841,740,1581
20210711,3호선,대청,3007,3027,6034
20210711,3호선,대치,4548,4004,8552
20210711,3호선,대화,4661,4361,9022
20210711,3호선,도곡,1563,1550,3113
20210711,3호선,독립문,2941,2937,5878
20210711,3호선,동대입구,4120,4427,8547
20210711,3호선,마두,2593,2495,5088
20210711,3호선,매봉,3478,3487,6965
20210711,3호선,무악재,1460,1442,2902
20210711,3호선,백석,4312,4245,8557
20210711,3호선,불광,7251,8433,15684
20210711,3호선,삼송,7740,7718,15458
20210711,3호선,수서,7856,7520,15376
20210711,3호선,신사,9087,9271,18358
20210711,3호선,안국,5794,6118,11912
20210711,3호선,압구정,10376,10787,21163
20210711,3호선,약수,4970,4760,9730
20210711,3호선,양재,9541,11080,20621
20210711,3호선,연신내,16532,15870,32402
20210711,3호선,오금,2014,1994,4008
20210711,3호선,옥수,3747,4032,7779
20210711,3호선,원당,4819,4704,9523
20210711,3호선,원흥,4201,4069,8270
20210711,3호선,을지로3가,2220,2055,4275
20210711,3호선,일원,2373,2555,4928
20210711,3호선,잠원,1481,1585,3066
20210711,3호선,정발산,3757,3682,7439
20210711,3호선,종로3가,2678,3369,6047
20210711,3호선,주엽,3274,3206,6480
20210711,3호선,지축,1502,1432,2934
20210711,3호선,학여울,568,595,1163
20210711,3호선,홍제,6734,6528,13262
20210711,3호선,화정,7178,7370,14548
20210717,3호선,가락시장,4644,4219,8863
20210717,3호선,경복궁,8783,8868,17651
20210717,3호선,경찰병원,3023,2977,6000
20210717,3호선,고속터미널,28704,30498,59202
20210717,3호선,교대,4925,2980,7905
20210717,3호선,구파발,11965,12176,24141
20210717,3호선,금호,4455,4144,8599
20210717,3호선,남부터미널,13735,14479,28214
20210717,3호선,녹번,7640,6809,14449
20210717,3호선,대곡,997,904,1901
20210717,3호선,대청,4800,4398,9198
20210717,3호선,대치,7574,6854,14428
20210717,3호선,대화,6411,5794,12205
20210717,3호선,도곡,2358,2271,4629
20210717,3호선,독립문,3914,3826,7740
20210717,3호선,동대입구,4061,4303,8364
20210717,3호선,마두,4058,4033,8091
20210717,3호선,매봉,4537,4391,8928
20210717,3호선,무악재,1965,2002,3967
20210717,3호선,백석,5724,5768,11492
20210717,3호선,불광,9655,11037,20692
20210717,3호선,삼송,10055,9994,20049
20210717,3호선,수서,8289,9065,17354
20210717,3호선,신사,16149,16716,32865
20210717,3호선,안국,7323,8195,15518
20210717,3호선,압구정,18557,19121,37678
20210717,3호선,약수,6856,6501,13357
20210717,3호선,양재,14104,15193,29297
20210717,3호선,연신내,22915,21426,44341
20210717,3호선,오금,2646,2555,5201
20210717,3호선,옥수,5291,5271,10562
20210717,3호선,원당,6145,6020,12165
20210717,3호선,원흥,5408,5276,10684
20210717,3호선,을지로3가,3432,3516,6948
20210717,3호선,일원,3850,3908,7758
20210717,3호선,잠원,2512,2403,4915
20210717,3호선,정발산,4756,4843,9599
20210717,3호선,종로3가,3773,5046,8819
20210717,3호선,주엽,4944,4880,9824
20210717,3호선,지축,2117,2095,4212
20210717,3호선,학여울,806,755,1561
20210717,3호선,홍제,9676,9108,18784
20210717,3호선,화정,9541,9871,19412
20210718,3호선,가락시장,2504,2802,5306
20210718,3호선,경복궁,6457,6757,13214
20210718,3호선,경찰병원,1922,2028,3950
20210718,3호선,고속터미널,25789,22121,47910
20210718,3호선,교대,2747,1791,4538
20210718,3호선,구파발,8386,8816,17202
20210718,3호선,금호,2960,2887,5847
20210718,3호선,남부터미널,9903,9975,19878
20210718,3호선,녹번,5026,4539,9565
20210718,3호선,대곡,753,640,1393
20210718,3호선,대청,2846,2808,5654
20210718,3호선,대치,4644,4130,8774
20210718,3호선,대화,4521,4234,8755
20210718,3호선,도곡,1316,1425,2741
20210718,3호선,독립문,2515,2671,5186
20210718,3호선,동대입구,3668,3769,7437
20210718,3호선,마두,2622,2592,5214
20210718,3호선,매봉,2808,2893,5701
20210718,3호선,무악재,1278,1380,2658
20210718,3호선,백석,4256,4082,8338
20210718,3호선,불광,6611,7735,14346
20210718,3호선,삼송,7347,7122,14469
20210718,3호선,수서,7320,6756,14076
20210718,3호선,신사,8221,8290,16511
20210718,3호선,안국,5405,5939,11344
20210718,3호선,압구정,8908,9446,18354
20210718,3호선,약수,4521,4458,8979
20210718,3호선,양재,8181,9768,17949
20210718,3호선,연신내,15799,14818,30617
20210718,3호선,오금,1790,1805,3595
20210718,3호선,옥수,3575,3832,7407
20210718,3호선,원당,4304,4248,8552
20210718,3호선,원흥,3756,3524,7280
20210718,3호선,을지로3가,1746,1644,3390
20210718,3호선,일원,2206,2341,4547
20210718,3호선,잠원,1461,1414,2875
20210718,3호선,정발산,3545,3586,7131
20210718,3호선,종로3가,2435,3072,5507
20210718,3호선,주엽,3127,3057,6184
20210718,3호선,지축,1410,1351,2761
20210718,3호선,학여울,506,508,1014
20210718,3호선,홍제,6317,6083,12400
20210718,3호선,화정,6780,6998,13778
20210724,3호선,가락시장,4582,4255,8837
20210724,3호선,경복궁,8775,8938,17713
20210724,3호선,경찰병원,2958,2992,5950
20210724,3호선,고속터미널,30227,31777,62004
20210724,3호선,교대,4716,2802,7518
20210724,3호선,구파발,11839,11960,23799
20210724,3호선,금호,4415,4039,8454
20210724,3호선,남부터미널,13691,14671,28362
20210724,3호선,녹번,7628,6654,14282
20210724,3호선,대곡,943,839,1782
20210724,3호선,대청,4361,3981,8342
20210724,3호선,대치,7616,6778,14394
20210724,3호선,대화,6348,5861,12209
20210724,3호선,도곡,2341,2248,4589
20210724,3호선,독립문,3744,3589,7333
20210724,3호선,동대입구,3881,3919,7800
20210724,3호선,마두,3913,3978,7891
20210724,3호선,매봉,4372,4286,8658
20210724,3호선,무악재,1975,2029,4004
20210724,3호선,백석,5642,5605,11247
20210724,3호선,불광,9732,10918,20650
20210724,3호선,삼송,9844,9898,19742
20210724,3호선,수서,8461,9185,17646
20210724,3호선,신사,16665,17013,33678
20210724,3호선,안국,7311,8027,15338
20210724,3호선,압구정,18833,19475,38308
20210724,3호선,약수,6883,6437,13320
20210724,3호선,양재,13542,14656,28198
20210724,3호선,연신내,23075,21396,44471
20210724,3호선,오금,2944,2859,5803
20210724,3호선,옥수,5143,5283,10426
20210724,3호선,원당,5933,5738,11671
20210724,3호선,원흥,5302,5165,10467
20210724,3호선,을지로3가,3428,3622,7050
20210724,3호선,일원,3362,3401,6763
20210724,3호선,잠원,2524,2431,4955
20210724,3호선,정발산,4809,4865,9674
20210724,3호선,종로3가,3855,4950,8805
20210724,3호선,주엽,4863,4902,9765
20210724,3호선,지축,2041,1990,4031
20210724,3호선,학여울,744,689,1433
20210724,3호선,홍제,9662,9082,18744
20210724,3호선,화정,9280,9593,18873
20210725,3호선,가락시장,2348,2634,4982
20210725,3호선,경복궁,6176,6487,12663
20210725,3호선,경찰병원,1928,1988,3916
20210725,3호선,고속터미널,26540,23297,49837
20210725,3호선,교대,2779,1783,4562
20210725,3호선,구파발,8484,8686,17170
20210725,3호선,금호,2954,2802,5756
20210725,3호선,남부터미널,10008,10000,20008
20210725,3호선,녹번,4860,4439,9299
20210725,3호선,대곡,703,620,1323
20210725,3호선,대청,2759,2585,5344
20210725,3호선,대치,4605,3912,8517
20210725,3호선,대화,4753,4350,9103
20210725,3호선,도곡,1221,1309,2530
20210725,3호선,독립문,2610,2518,5128
20210725,3호선,동대입구,3118,3315,6433
20210725,3호선,마두,2509,2496,5005
20210725,3호선,매봉,2839,2930,5769
20210725,3호선,무악재,1249,1321,2570
20210725,3호선,백석,3983,3982,7965
20210725,3호선,불광,6845,7834,14679
20210725,3호선,삼송,7396,7281,14677
20210725,3호선,수서,7139,6628,13767
20210725,3호선,신사,8395,8540,16935
20210725,3호선,안국,5273,5765,11038
20210725,3호선,압구정,9573,10027,19600
20210725,3호선,약수,4309,4229,8538
20210725,3호선,양재,8147,9566,17713
20210725,3호선,연신내,15678,14886,30564
20210725,3호선,오금,1867,1903,3770
20210725,3호선,옥수,3408,3701,7109
20210725,3호선,원당,4176,4220,8396
20210725,3호선,원흥,3723,3573,7296
20210725,3호선,을지로3가,1767,1806,3573
20210725,3호선,일원,2203,2349,4552
20210725,3호선,잠원,1385,1386,2771
20210725,3호선,정발산,3534,3464,6998
20210725,3호선,종로3가,2449,3135,5584
20210725,3호선,주엽,3289,3210,6499
20210725,3호선,지축,1348,1280,2628
20210725,3호선,학여울,510,524,1034
20210725,3호선,홍제,6369,6163,12532
20210725,3호선,화정,6656,6876,13532
20210731,3호선,가락시장,4409,4043,8452
20210731,3호선,경복궁,8771,9101,17872
20210731,3호선,경찰병원,2850,2818,5668
20210731,3호선,고속터미널,30643,33184,63827
20210731,3호선,교대,4459,2655,7114
20210731,3호선,구파발,11147,11190,22337
20210731,3호선,금호,4413,4075,8488
20210731,3호선,남부터미널,13203,14274,27477
20210731,3호선,녹번,7369,6479,13848
20210731,3호선,대곡,1001,824,1825
20210731,3호선,대청,4205,3753,7958
20210731,3호선,대치,7191,6359,13550
20210731,3호선,대화,6375,5809,12184
20210731,3호선,도곡,2194,2117,4311
20210731,3호선,독립문,3836,3690,7526
20210731,3호선,동대입구,4004,4100,8104
20210731,3호선,마두,3877,3923,7800
20210731,3호선,매봉,4311,4207,8518
20210731,3호선,무악재,1983,1991,3974
20210731,3호선,백석,5482,5605,11087
20210731,3호선,불광,9492,10584,20076
20210731,3호선,삼송,10164,10151,20315
20210731,3호선,수서,8451,9316,17767
20210731,3호선,신사,16201,16821,33022
20210731,3호선,안국,7442,8207,15649
20210731,3호선,압구정,18007,18655,36662
20210731,3호선,약수,6743,6288,13031
20210731,3호선,양재,12950,14039,26989
20210731,3호선,연신내,22444,20713,43157
20210731,3호선,오금,2564,2472,5036
20210731,3호선,옥수,5043,5178,10221
20210731,3호선,원당,5947,5721,11668
20210731,3호선,원흥,5381,5182,10563
20210731,3호선,을지로3가,3241,3448,6689
20210731,3호선,일원,3566,3566,7132
20210731,3호선,잠원,2609,2395,5004
20210731,3호선,정발산,4646,4681,9327
20210731,3호선,종로3가,3502,4670,8172
20210731,3호선,주엽,4863,4828,9691
20210731,3호선,지축,2071,2045,4116
20210731,3호선,충무로,1,0,1
20210731,3호선,학여울,824,784,1608
20210731,3호선,홍제,9449,9003,18452
20210731,3호선,화정,9324,9666,18990
20210801,3호선,가락시장,2494,2803,5297
20210801,3호선,경복궁,5964,6162,12126
20210801,3호선,경찰병원,1908,1958,3866
20210801,3호선,고속터미널,27221,23843,51064
20210801,3호선,교대,2825,1764,4589
20210801,3호선,구파발,7881,8189,16070
20210801,3호선,금호,2836,2763,5599
20210801,3호선,남부터미널,10152,9991,20143
20210801,3호선,녹번,4777,4450,9227
20210801,3호선,대곡,771,611,1382
20210801,3호선,대청,2835,2761,5596
20210801,3호선,대치,4467,3861,8328
20210801,3호선,대화,4520,4151,8671
20210801,3호선,도곡,1444,1395,2839
20210801,3호선,독립문,2383,2502,4885
20210801,3호선,동대입구,2992,3188,6180
20210801,3호선,마두,2306,2354,4660
20210801,3호선,매봉,2658,2790,5448
20210801,3호선,무악재,1338,1380,2718
20210801,3호선,백석,3937,3888,7825
20210801,3호선,불광,6409,7178,13587
20210801,3호선,삼송,7121,7029,14150
20210801,3호선,수서,7124,6594,13718
20210801,3호선,신사,8348,8424,16772
20210801,3호선,안국,5440,5654,11094
20210801,3호선,압구정,8655,9056,17711
20210801,3호선,약수,4385,4207,8592
20210801,3호선,양재,7991,9542,17533
20210801,3호선,연신내,14890,14302,29192
20210801,3호선,오금,1687,1723,3410
20210801,3호선,옥수,3348,3679,7027
20210801,3호선,원당,4204,4128,8332
20210801,3호선,원흥,3656,3505,7161
20210801,3호선,을지로3가,1788,1735,3523
20210801,3호선,일원,2162,2293,4455
20210801,3호선,잠원,1407,1454,2861
20210801,3호선,정발산,3334,3307,6641
20210801,3호선,종로3가,2438,3034,5472
20210801,3호선,주엽,3047,3044,6091
20210801,3호선,지축,1265,1275,2540
20210801,3호선,학여울,553,565,1118
20210801,3호선,홍제,6141,5909,12050
20210801,3호선,화정,6483,6782,13265
20210807,3호선,가락시장,4286,4260,8546
20210807,3호선,경복궁,9927,10516,20443
20210807,3호선,경찰병원,3158,3223,6381
20210807,3호선,고속터미널,31873,32775,64648
20210807,3호선,교대,4926,2949,7875
20210807,3호선,구파발,12261,12243,24504
20210807,3호선,금호,4754,4416,9170
20210807,3호선,남부터미널,13951,14664,28615
20210807,3호선,녹번,7998,6887,14885
20210807,3호선,대곡,1040,904,1944
20210807,3호선,대청,4840,4490,9330
20210807,3호선,대치,7738,6762,14500
20210807,3호선,대화,7248,6312,13560
20210807,3호선,도곡,2303,2339,4642
20210807,3호선,독립문,4004,4055,8059
20210807,3호선,동대입구,4252,4447,8699
20210807,3호선,마두,4180,3761,7941
20210807,3호선,매봉,4570,4367,8937
20210807,3호선,무악재,2070,2108,4178
20210807,3호선,백석,5784,5979,11763
20210807,3호선,불광,9992,11160,21152
20210807,3호선,삼송,10562,10513,21075
20210807,3호선,수서,8913,9527,18440
20210807,3호선,신사,17814,18473,36287
20210807,3호선,안국,8435,9462,17897
20210807,3호선,압구정,18941,19472,38413
20210807,3호선,약수,7105,6732,13837
20210807,3호선,양재,14468,15509,29977
20210807,3호선,연신내,24229,22819,47048
20210807,3호선,오금,2828,2759,5587
20210807,3호선,옥수,5409,5625,11034
20210807,3호선,원당,6515,6140,12655
20210807,3호선,원흥,5695,5588,11283
20210807,3호선,을지로3가,3667,3852,7519
20210807,3호선,일원,3743,3807,7550
20210807,3호선,잠원,3107,3005,6112
20210807,3호선,정발산,5073,5189,10262
20210807,3호선,종로3가,4318,5755,10073
20210807,3호선,주엽,5272,5221,10493
20210807,3호선,지축,2246,2248,4494
20210807,3호선,충무로,1,0,1
20210807,3호선,학여울,773,728,1501
20210807,3호선,홍제,10086,9407,19493
20210807,3호선,화정,9921,10396,20317
20210808,3호선,가락시장,2518,2790,5308
20210808,3호선,경복궁,7058,7389,14447
20210808,3호선,경찰병원,2025,2036,4061
20210808,3호선,고속터미널,27806,24426,52232
20210808,3호선,교대,3009,1919,4928
20210808,3호선,구파발,8945,9018,17963
20210808,3호선,금호,3145,2995,6140
20210808,3호선,남부터미널,10534,10349,20883
20210808,3호선,녹번,5063,4739,9802
20210808,3호선,대곡,764,696,1460
20210808,3호선,대청,2885,2854,5739
20210808,3호선,대치,4685,4086,8771
20210808,3호선,대화,4695,4532,9227
20210808,3호선,도곡,1351,1452,2803
20210808,3호선,독립문,2845,2925,5770
20210808,3호선,동대입구,3289,3544,6833
20210808,3호선,마두,2531,2554,5085
20210808,3호선,매봉,2946,3019,5965
20210808,3호선,무악재,1381,1502,2883
20210808,3호선,백석,4218,4140,8358
20210808,3호선,불광,6869,8023,14892
20210808,3호선,삼송,7739,7571,15310
20210808,3호선,수서,7447,6872,14319
20210808,3호선,신사,9096,9365,18461
20210808,3호선,안국,6354,6891,13245
20210808,3호선,압구정,9614,9960,19574
20210808,3호선,약수,4581,4465,9046
20210808,3호선,양재,8611,10096,18707
20210808,3호선,연신내,16360,15670,32030
20210808,3호선,오금,1907,1857,3764
20210808,3호선,옥수,3753,4016,7769
20210808,3호선,원당,4487,4429,8916
20210808,3호선,원흥,3748,3669,7417
20210808,3호선,을지로3가,1825,1910,3735
20210808,3호선,일원,2459,2515,4974
20210808,3호선,잠원,1458,1456,2914
20210808,3호선,정발산,3548,3601,7149
20210808,3호선,종로3가,2673,3498,6171
20210808,3호선,주엽,3362,3389,6751
20210808,3호선,지축,1428,1352,2780
20210808,3호선,학여울,568,559,1127
20210808,3호선,홍제,6388,6277,12665
20210808,3호선,화정,6988,7134,14122
20210814,3호선,가락시장,4707,4456,9163
20210814,3호선,경복궁,9949,10620,20569
20210814,3호선,경찰병원,3185,3024,6209
20210814,3호선,고속터미널,32320,35864,68184
20210814,3호선,교대,5030,2982,8012
20210814,3호선,구파발,12832,12819,25651
20210814,3호선,금호,4766,4315,9081
20210814,3호선,남부터미널,14885,16588,31473
20210814,3호선,녹번,8102,6967,15069
20210814,3호선,대곡,1098,967,2065
20210814,3호선,대청,4547,4158,8705
20210814,3호선,대치,7575,6812,14387
20210814,3호선,대화,7032,6353,13385
20210814,3호선,도곡,2390,2327,4717
20210814,3호선,독립문,4597,4651,9248
20210814,3호선,동대입구,4395,4744,9139
20210814,3호선,마두,4118,4146,8264
20210814,3호선,매봉,4754,4550,9304
20210814,3호선,무악재,2128,2219,4347
20210814,3호선,백석,5976,6131,12107
20210814,3호선,불광,10202,11297,21499
20210814,3호선,삼송,10961,10789,21750
20210814,3호선,수서,9488,10352,19840
20210814,3호선,신사,17564,18321,35885
20210814,3호선,안국,9721,10320,20041
20210814,3호선,압구정,19303,20092,39395
20210814,3호선,약수,7290,6697,13987
20210814,3호선,양재,14785,15952,30737
20210814,3호선,연신내,24369,22534,46903
20210814,3호선,오금,2929,2791,5720
20210814,3호선,옥수,5675,5623,11298
20210814,3호선,원당,6616,6351,12967
20210814,3호선,원흥,5840,5610,11450
20210814,3호선,을지로3가,3663,3958,7621
20210814,3호선,일원,3666,3717,7383
20210814,3호선,잠원,2706,2458,5164
20210814,3호선,정발산,5076,5184,10260
20210814,3호선,종로3가,4149,6092,10241
20210814,3호선,주엽,5336,5220,10556
20210814,3호선,지축,2378,2369,4747
20210814,3호선,학여울,923,933,1856
20210814,3호선,홍제,10326,9576,19902
20210814,3호선,화정,10096,10625,20721
20210815,3호선,가락시장,2832,3065,5897
20210815,3호선,경복궁,7181,8038,15219
20210815,3호선,경찰병원,2115,2130,4245
20210815,3호선,고속터미널,26967,25089,52056
20210815,3호선,교대,3121,1907,5028
20210815,3호선,구파발,9685,10059,19744
20210815,3호선,금호,3280,3178,6458
20210815,3호선,남부터미널,10434,10458,20892
20210815,3호선,녹번,5559,5086,10645
20210815,3호선,대곡,877,780,1657
20210815,3호선,대청,3213,2998,6211
20210815,3호선,대치,4770,4134,8904
20210815,3호선,대화,5008,4581,9589
20210815,3호선,도곡,1462,1455,2917
20210815,3호선,독립문,3695,4056,7751
20210815,3호선,동대입구,3952,4393,8345
20210815,3호선,마두,2746,2779,5525
20210815,3호선,매봉,3113,3187,6300
20210815,3호선,무악재,1545,1565,3110
20210815,3호선,백석,4519,4493,9012
20210815,3호선,불광,7706,8931,16637
20210815,3호선,삼송,8448,8270,16718
20210815,3호선,수서,7346,7006,14352
20210815,3호선,신사,9963,10417,20380
20210815,3호선,안국,7769,8528,16297
20210815,3호선,압구정,10151,10767,20918
20210815,3호선,약수,5038,4720,9758
20210815,3호선,양재,9367,10547,19914
20210815,3호선,연신내,17805,16663,34468
20210815,3호선,오금,1851,1837,3688
20210815,3호선,옥수,4136,4323,8459
20210815,3호선,원당,4819,4757,9576
20210815,3호선,원흥,4207,3989,8196
20210815,3호선,을지로3가,2248,2332,4580
20210815,3호선,일원,2558,2702,5260
20210815,3호선,잠원,1693,1679,3372
20210815,3호선,정발산,3980,4129,8109
20210815,3호선,종로3가,2942,4342,7284
20210815,3호선,주엽,3642,3647,7289
20210815,3호선,지축,1670,1613,3283
20210815,3호선,학여울,620,648,1268
20210815,3호선,홍제,7192,6830,14022
20210815,3호선,화정,7492,7775,15267
20210821,3호선,가락시장,4406,4129,8535
20210821,3호선,경복궁,8746,8942,17688
20210821,3호선,경찰병원,2956,2978,5934
20210821,3호선,고속터미널,31775,32615,64390
20210821,3호선,교대,4980,3051,8031
20210821,3호선,구파발,10993,10776,21769
20210821,3호선,금호,4331,4025,8356
20210821,3호선,남부터미널,14896,15238,30134
20210821,3호선,녹번,7656,6701,14357
20210821,3호선,대곡,908,763,1671
20210821,3호선,대청,4239,3948,8187
20210821,3호선,대치,7736,6694,14430
20210821,3호선,대화,6008,5547,11555
20210821,3호선,도곡,2329,2184,4513
20210821,3호선,독립문,3771,3666,7437
20210821,3호선,동대입구,4041,4091,8132
20210821,3호선,마두,3733,3720,7453
20210821,3호선,매봉,4399,4351,8750
20210821,3호선,무악재,1976,2103,4079
20210821,3호선,백석,5352,5510,10862
20210821,3호선,불광,8779,9608,18387
20210821,3호선,삼송,9928,9677,19605
20210821,3호선,수서,9221,9326,18547
20210821,3호선,신사,16742,17513,34255
20210821,3호선,안국,8263,9105,17368
20210821,3호선,압구정,18686,19383,38069
20210821,3호선,약수,6707,6244,12951
20210821,3호선,양재,14370,15520,29890
20210821,3호선,연신내,21367,20553,41920
20210821,3호선,오금,2657,2549,5206
20210821,3호선,옥수,5074,5154,10228
20210821,3호선,원당,5703,5574,11277
20210821,3호선,원흥,5145,4872,10017
20210821,3호선,을지로3가,3582,3750,7332
20210821,3호선,일원,3524,3572,7096
20210821,3호선,잠원,2360,2302,4662
20210821,3호선,정발산,4574,4698,9272
20210821,3호선,종로3가,4122,5427,9549
20210821,3호선,주엽,4670,4686,9356
20210821,3호선,지축,2111,2172,4283
20210821,3호선,충무로,1,0,1
20210821,3호선,학여울,792,739,1531
20210821,3호선,홍제,9318,8669,17987
20210821,3호선,화정,8953,9426,18379
20210822,3호선,가락시장,2913,3172,6085
20210822,3호선,경복궁,8332,9014,17346
20210822,3호선,경찰병원,2096,2194,4290
20210822,3호선,고속터미널,28956,26322,55278
20210822,3호선,교대,3299,2129,5428
20210822,3호선,구파발,10135,10256,20391
20210822,3호선,금호,3636,3431,7067
20210822,3호선,남부터미널,12081,12397,24478
20210822,3호선,녹번,5921,5199,11120
20210822,3호선,대곡,912,774,1686
20210822,3호선,대청,3360,3242,6602
20210822,3호선,대치,5215,4480,9695
20210822,3호선,대화,5306,4786,10092
20210822,3호선,도곡,1355,1467,2822
20210822,3호선,독립문,3536,3602,7138
20210822,3호선,동대입구,3698,4102,7800
20210822,3호선,마두,2943,2893,5836
20210822,3호선,매봉,3260,3309,6569
20210822,3호선,무악재,1633,1644,3277
20210822,3호선,백석,4594,4569,9163
20210822,3호선,불광,8079,9208,17287
20210822,3호선,삼송,8726,8690,17416
20210822,3호선,수서,7998,7587,15585
20210822,3호선,신사,10356,10432,20788
20210822,3호선,안국,7697,8594,16291
20210822,3호선,압구정,10777,11166,21943
20210822,3호선,약수,5181,5023,10204
20210822,3호선,양재,10116,11836,21952
20210822,3호선,연신내,18345,17423,35768
20210822,3호선,오금,2294,2247,4541
20210822,3호선,옥수,4223,4550,8773
20210822,3호선,원당,5250,5013,10263
20210822,3호선,원흥,4312,4175,8487
20210822,3호선,을지로3가,2234,2264,4498
20210822,3호선,일원,2706,2867,5573
20210822,3호선,잠원,1814,1735,3549
20210822,3호선,정발산,4569,4636,9205
20210822,3호선,종로3가,2989,4141,7130
20210822,3호선,주엽,3864,3658,7522
20210822,3호선,지축,1835,1719,3554
20210822,3호선,충무로,1,0,1
20210822,3호선,학여울,625,613,1238
20210822,3호선,홍제,7527,7075,14602
20210822,3호선,화정,7697,7992,15689
20210828,3호선,가락시장,5411,5088,10499
20210828,3호선,경복궁,12275,13121,25396
20210828,3호선,경찰병원,3409,3288,6697
20210828,3호선,고속터미널,36560,36664,73224
20210828,3호선,교대,5648,3293,8941
20210828,3호선,구파발,13237,13119,26356
20210828,3호선,금호,5231,4778,10009
20210828,3호선,남부터미널,17665,18472,36137
20210828,3호선,녹번,8876,7783,16659
20210828,3호선,대곡,1187,1057,2244
20210828,3호선,대청,4995,4562,9557
20210828,3호선,대치,8384,7551,15935
20210828,3호선,대화,7606,6919,14525
20210828,3호선,도곡,2798,2640,5438
20210828,3호선,독립문,4832,4977,9809
20210828,3호선,동대입구,5136,5534,10670
20210828,3호선,마두,4590,4618,9208
20210828,3호선,매봉,5036,4917,9953
20210828,3호선,무악재,2303,2370,4673
20210828,3호선,백석,6487,6539,13026
20210828,3호선,불광,11064,12683,23747
20210828,3호선,삼송,12009,11890,23899
20210828,3호선,수서,10488,10776,21264
20210828,3호선,신사,20197,20902,41099
20210828,3호선,안국,10550,12168,22718
20210828,3호선,압구정,21503,22291,43794
20210828,3호선,약수,7953,7499,15452
20210828,3호선,양재,16745,17985,34730
20210828,3호선,연신내,25891,24424,50315
20210828,3호선,오금,3278,3184,6462
20210828,3호선,옥수,6311,6490,12801
20210828,3호선,원당,7368,7136,14504
20210828,3호선,원흥,6245,6217,12462
20210828,3호선,을지로3가,4266,4457,8723
20210828,3호선,일원,4115,4190,8305
20210828,3호선,잠원,2941,2767,5708
20210828,3호선,정발산,5925,6081,12006
20210828,3호선,종로3가,4666,6623,11289
20210828,3호선,주엽,5837,5739,11576
20210828,3호선,지축,2718,2662,5380
20210828,3호선,충무로,1,0,1
20210828,3호선,학여울,1063,1058,2121
20210828,3호선,홍제,11136,10457,21593
20210828,3호선,화정,11234,11532,22766
20210829,3호선,가락시장,3068,3332,6400
20210829,3호선,경복궁,8605,9239,17844
20210829,3호선,경찰병원,2199,2257,4456
20210829,3호선,고속터미널,30776,27585,58361
20210829,3호선,교대,3440,2101,5541
20210829,3호선,구파발,9785,10037,19822
20210829,3호선,금호,3794,3592,7386
20210829,3호선,남부터미널,13175,13357,26532
20210829,3호선,녹번,6054,5491,11545
20210829,3호선,대곡,937,810,1747
20210829,3호선,대청,3485,3432,6917
20210829,3호선,대치,5396,4604,10000
20210829,3호선,대화,5304,4876,10180
20210829,3호선,도곡,1539,1594,3133
20210829,3호선,독립문,3597,3680,7277
20210829,3호선,동대입구,3773,4228,8001
20210829,3호선,마두,3049,3045,6094
20210829,3호선,매봉,3370,3346,6716
20210829,3호선,무악재,1530,1612,3142
20210829,3호선,백석,4839,4792,9631
20210829,3호선,불광,7928,9371,17299
20210829,3호선,삼송,8909,8620,17529
20210829,3호선,수서,8467,8135,16602
20210829,3호선,신사,10894,11329,22223
20210829,3호선,안국,7727,8582,16309
20210829,3호선,압구정,11024,11522,22546
20210829,3호선,약수,5287,5118,10405
20210829,3호선,양재,10342,12168,22510
20210829,3호선,연신내,18375,17324,35699
20210829,3호선,오금,2288,2321,4609
20210829,3호선,옥수,4281,4547,8828
20210829,3호선,원당,5178,5038,10216
20210829,3호선,원흥,4562,4323,8885
20210829,3호선,을지로3가,2278,2372,4650
20210829,3호선,일원,2553,2834,5387
20210829,3호선,잠원,2105,2008,4113
20210829,3호선,정발산,4517,4486,9003
20210829,3호선,종로3가,2787,3889,6676
20210829,3호선,주엽,3861,3904,7765
20210829,3호선,지축,1774,1755,3529
20210829,3호선,학여울,791,774,1565
20210829,3호선,홍제,7474,7195,14669
20210829,3호선,화정,8096,8249,16345
20210904,3호선,가락시장,5685,5489,11174
20210904,3호선,경복궁,14231,15753,29984
20210904,3호선,경찰병원,3673,3523,7196
20210904,3호선,고속터미널,39199,40051,79250
20210904,3호선,교대,6006,3551,9557
20210904,3호선,구파발,14107,14185,28292
20210904,3호선,금호,5352,4903,10255
20210904,3호선,남부터미널,17957,18584,36541
20210904,3호선,녹번,9107,8195,17302
20210904,3호선,대곡,1319,1150,2469
20210904,3호선,대청,5259,4892,10151
20210904,3호선,대치,8878,7943,16821
20210904,3호선,대화,7775,7009,14784
20210904,3호선,도곡,2912,2746,5658
20210904,3호선,독립문,5292,5575,10867
20210904,3호선,동대입구,5270,5721,10991
20210904,3호선,마두,4701,4776,9477
20210904,3호선,매봉,5388,5164,10552
20210904,3호선,무악재,2452,2591,5043
20210904,3호선,백석,6864,6809,13673
20210904,3호선,불광,11799,13616,25415
20210904,3호선,삼송,12609,12489,25098
20210904,3호선,수서,11078,11350,22428
20210904,3호선,신사,21098,22333,43431
20210904,3호선,안국,12013,13833,25846
20210904,3호선,압구정,22868,23774,46642
20210904,3호선,약수,8225,7716,15941
20210904,3호선,양재,17309,18871,36180
20210904,3호선,연신내,27183,25490,52673
20210904,3호선,오금,3579,3472,7051
20210904,3호선,옥수,6689,6640,13329
20210904,3호선,원당,7794,7489,15283
20210904,3호선,원흥,6725,6499,13224
20210904,3호선,을지로3가,4480,4680,9160
20210904,3호선,일원,4577,4521,9098
20210904,3호선,잠원,3402,3136,6538
20210904,3호선,정발산,5791,5885,11676
20210904,3호선,종로3가,4986,7120,12106
20210904,3호선,주엽,5990,5880,11870
20210904,3호선,지축,2857,2702,5559
20210904,3호선,학여울,2035,2163,4198
20210904,3호선,홍제,11614,10913,22527
20210904,3호선,화정,11656,12011,23667
20210905,3호선,가락시장,3360,3563,6923
20210905,3호선,경복궁,10082,11076,21158
20210905,3호선,경찰병원,2344,2508,4852
20210905,3호선,고속터미널,32470,29426,61896
20210905,3호선,교대,3610,2282,5892
20210905,3호선,구파발,10313,10422,20735
20210905,3호선,금호,3753,3545,7298
20210905,3호선,남부터미널,13122,13179,26301
20210905,3호선,녹번,6389,5802,12191
20210905,3호선,대곡,904,770,1674
20210905,3호선,대청,3552,3492,7044
20210905,3호선,대치,5735,4927,10662
20210905,3호선,대화,5562,5033,10595
20210905,3호선,도곡,1626,1649,3275
20210905,3호선,독립문,3817,4177,7994
20210905,3호선,동대입구,4194,4715,8909
20210905,3호선,마두,3087,3048,6135
20210905,3호선,매봉,3628,3699,7327
20210905,3호선,무악재,1755,1964,3719
20210905,3호선,백석,4797,4742,9539
20210905,3호선,불광,8481,10162,18643
20210905,3호선,삼송,9377,9165,18542
20210905,3호선,수서,8851,8671,17522
20210905,3호선,신사,11584,11920,23504
20210905,3호선,안국,8507,9364,17871
20210905,3호선,압구정,11870,12334,24204
20210905,3호선,약수,5685,5521,11206
20210905,3호선,양재,11003,12867,23870
20210905,3호선,연신내,19295,17956,37251
20210905,3호선,오금,2369,2365,4734
20210905,3호선,옥수,4657,4747,9404
20210905,3호선,원당,5657,5473,11130
20210905,3호선,원흥,4893,4598,9491
20210905,3호선,을지로3가,2454,2479,4933
20210905,3호선,일원,2819,3044,5863
20210905,3호선,잠원,2302,2197,4499
20210905,3호선,정발산,4289,4249,8538
20210905,3호선,종로3가,3283,4339,7622
20210905,3호선,주엽,3994,3895,7889
20210905,3호선,지축,2021,1927,3948
20210905,3호선,학여울,1480,1531,3011
20210905,3호선,홍제,8013,7646,15659
20210905,3호선,화정,8520,8672,17192
20210911,3호선,가락시장,5707,5329,11036
20210911,3호선,경복궁,14501,15913,30414
20210911,3호선,경찰병원,3872,3737,7609
20210911,3호선,고속터미널,41028,41325,82353
20210911,3호선,교대,6202,3757,9959
20210911,3호선,구파발,14500,14654,29154
20210911,3호선,금호,5625,5066,10691
20210911,3호선,남부터미널,18122,18602,36724
20210911,3호선,녹번,9575,8437,18012
20210911,3호선,대곡,1280,1164,2444
20210911,3호선,대청,5645,5122,10767
20210911,3호선,대치,9018,7991,17009
20210911,3호선,대화,8303,7319,15622
20210911,3호선,도곡,3144,3209,6353
20210911,3호선,독립문,5420,5638,11058
20210911,3호선,동대입구,5470,6005,11475
20210911,3호선,마두,4850,4899,9749
20210911,3호선,매봉,5643,5474,11117
20210911,3호선,무악재,2565,2686,5251
20210911,3호선,백석,7162,7210,14372
20210911,3호선,불광,12377,14039,26416
20210911,3호선,삼송,13272,12878,26150
20210911,3호선,수서,12003,12184,24187
20210911,3호선,신사,22254,23140,45394
20210911,3호선,안국,12810,14782,27592
20210911,3호선,압구정,23807,24604,48411
20210911,3호선,약수,8447,8028,16475
20210911,3호선,양재,18448,19943,38391
20210911,3호선,연신내,28039,26277,54316
20210911,3호선,오금,3653,3547,7200
20210911,3호선,옥수,6702,6780,13482
20210911,3호선,원당,8031,7594,15625
20210911,3호선,원흥,6747,6564,13311
20210911,3호선,을지로3가,4469,4926,9395
20210911,3호선,일원,4592,4563,9155
20210911,3호선,잠원,3646,3462,7108
20210911,3호선,정발산,6308,6413,12721
20210911,3호선,종로3가,5259,7249,12508
20210911,3호선,주엽,6414,6290,12704
20210911,3호선,지축,2916,2877,5793
20210911,3호선,충무로,1,0,1
20210911,3호선,학여울,2626,2952,5578
20210911,3호선,홍제,12276,11449,23725
20210911,3호선,화정,12159,12581,24740
20210912,3호선,가락시장,3258,3535,6793
20210912,3호선,경복궁,11012,11879,22891
20210912,3호선,경찰병원,2530,2714,5244
20210912,3호선,고속터미널,34659,31506,66165
20210912,3호선,교대,3711,2331,6042
20210912,3호선,구파발,10510,10577,21087
20210912,3호선,금호,3843,3726,7569
20210912,3호선,남부터미널,12845,13235,26080
20210912,3호선,녹번,6639,6014,12653
20210912,3호선,대곡,990,831,1821
20210912,3호선,대청,3600,3539,7139
20210912,3호선,대치,5624,4941,10565
20210912,3호선,대화,5843,5352,11195
20210912,3호선,도곡,1540,1659,3199
20210912,3호선,독립문,4048,4368,8416
20210912,3호선,동대입구,4346,4678,9024
20210912,3호선,마두,3328,3293,6621
20210912,3호선,매봉,3849,3842,7691
20210912,3호선,무악재,1721,1824,3545
20210912,3호선,백석,5351,5205,10556
20210912,3호선,불광,9397,10830,20227
20210912,3호선,삼송,10181,9938,20119
20210912,3호선,수서,8988,8857,17845
20210912,3호선,신사,12082,12444,24526
20210912,3호선,안국,9190,10257,19447
20210912,3호선,압구정,12407,12832,25239
20210912,3호선,약수,5828,5666,11494
20210912,3호선,양재,11555,13424,24979
20210912,3호선,연신내,20312,18985,39297
20210912,3호선,오금,2617,2560,5177
20210912,3호선,옥수,4726,4983,9709
20210912,3호선,원당,5796,5625,11421
20210912,3호선,원흥,4894,4741,9635
20210912,3호선,을지로3가,2670,2558,5228
20210912,3호선,일원,2848,3082,5930
20210912,3호선,잠원,2058,2034,4092
20210912,3호선,정발산,4715,4747,9462
20210912,3호선,종로3가,3363,4684,8047
20210912,3호선,주엽,4283,4274,8557
20210912,3호선,지축,2009,1977,3986
20210912,3호선,학여울,1878,2133,4011
20210912,3호선,홍제,8292,8005,16297
20210912,3호선,화정,8786,8895,17681
20210918,3호선,가락시장,5422,4984,10406
20210918,3호선,경복궁,12829,13822,26651
20210918,3호선,경찰병원,3349,3025,6374
20210918,3호선,고속터미널,38223,59558,97781
20210918,3호선,교대,5296,3065,8361
20210918,3호선,구파발,13446,13118,26564
20210918,3호선,금호,5250,4749,9999
20210918,3호선,남부터미널,16103,20614,36717
20210918,3호선,녹번,9181,7629,16810
20210918,3호선,대곡,1287,1043,2330
20210918,3호선,대청,5107,4556,9663
20210918,3호선,대치,9021,7897,16918
20210918,3호선,대화,7393,6501,13894
20210918,3호선,도곡,2680,2494,5174
20210918,3호선,독립문,5192,5488,10680
20210918,3호선,동대입구,4933,5275,10208
20210918,3호선,마두,4464,4473,8937
20210918,3호선,매봉,5026,4813,9839
20210918,3호선,무악재,2336,2405,4741
20210918,3호선,백석,6669,6730,13399
20210918,3호선,불광,11867,13240,25107
20210918,3호선,삼송,12352,11989,24341
20210918,3호선,수서,9042,9905,18947
20210918,3호선,신사,18521,19506,38027
20210918,3호선,안국,11161,12803,23964
20210918,3호선,압구정,20968,21981,42949
20210918,3호선,약수,8126,7222,15348
20210918,3호선,양재,14964,15821,30785
20210918,3호선,연신내,26947,24527,51474
20210918,3호선,오금,3046,2800,5846
20210918,3호선,옥수,6418,6299,12717
20210918,3호선,원당,7595,7213,14808
20210918,3호선,원흥,6393,6006,12399
20210918,3호선,을지로3가,3897,4115,8012
20210918,3호선,일원,3974,3851,7825
20210918,3호선,잠원,3008,2797,5805
20210918,3호선,정발산,5430,5700,11130
20210918,3호선,종로3가,4483,6258,10741
20210918,3호선,주엽,5852,5676,11528
20210918,3호선,지축,2566,2477,5043
20210918,3호선,충무로,3,0,3
20210918,3호선,학여울,859,878,1737
20210918,3호선,홍제,11599,10513,22112
20210918,3호선,화정,11483,11777,23260
20210919,3호선,가락시장,3399,3214,6613
20210919,3호선,경복궁,10132,11228,21360
20210919,3호선,경찰병원,2232,2154,4386
20210919,3호선,고속터미널,28281,43841,72122
20210919,3호선,교대,3126,1730,4856
20210919,3호선,구파발,9636,9851,19487
20210919,3호선,금호,3784,3403,7187
20210919,3호선,남부터미널,9449,13139,22588
20210919,3호선,녹번,6361,5407,11768
20210919,3호선,대곡,878,799,1677
20210919,3호선,대청,3426,3128,6554
20210919,3호선,대치,5800,4894,10694
20210919,3호선,대화,5396,4928,10324
20210919,3호선,도곡,1518,1472,2990
20210919,3호선,독립문,3649,3828,7477
20210919,3호선,동대입구,3949,4406,8355
20210919,3호선,마두,3048,3100,6148
20210919,3호선,매봉,3295,3260,6555
20210919,3호선,무악재,1736,1819,3555
20210919,3호선,백석,4906,4924,9830
20210919,3호선,불광,8751,9647,18398
20210919,3호선,삼송,9571,9367,18938
20210919,3호선,수서,6444,7268,13712
20210919,3호선,신사,10156,10629,20785
20210919,3호선,안국,8018,9150,17168
20210919,3호선,압구정,11783,12071,23854
20210919,3호선,약수,5471,4977,10448
20210919,3호선,양재,9418,9816,19234
20210919,3호선,연신내,19792,17905,37697
20210919,3호선,오금,2175,1924,4099
20210919,3호선,옥수,4480,4374,8854
20210919,3호선,원당,5718,5703,11421
20210919,3호선,원흥,4725,4326,9051
20210919,3호선,을지로3가,2216,2184,4400
20210919,3호선,일원,2593,2529,5122
20210919,3호선,잠원,1883,1808,3691
20210919,3호선,정발산,4293,4382,8675
20210919,3호선,종로3가,2739,4056,6795
20210919,3호선,주엽,3967,4088,8055
20210919,3호선,지축,1771,1692,3463
20210919,3호선,충무로,2,0,2
20210919,3호선,학여울,587,572,1159
20210919,3호선,홍제,7979,7093,15072
20210919,3호선,화정,8223,8346,16569
20210925,3호선,가락시장,4718,4411,9129
20210925,3호선,경복궁,13592,15326,28918
20210925,3호선,경찰병원,3425,3290,6715
20210925,3호선,고속터미널,39401,38015,77416
20210925,3호선,교대,6008,3626,9634
20210925,3호선,구파발,13569,13700,27269
20210925,3호선,금호,5324,4905,10229
20210925,3호선,남부터미널,17656,17697,35353
20210925,3호선,녹번,9175,8091,17266
20210925,3호선,대곡,1313,1114,2427
20210925,3호선,대청,5288,4937,10225
20210925,3호선,대치,8741,7646,16387
20210925,3호선,대화,7629,6763,14392
20210925,3호선,도곡,2786,2700,5486
20210925,3호선,독립문,5377,5780,11157
20210925,3호선,동대입구,5413,5993,11406
20210925,3호선,마두,4725,4724,9449
20210925,3호선,매봉,5395,5123,10518
20210925,3호선,무악재,2447,2558,5005
20210925,3호선,백석,6566,6613,13179
20210925,3호선,불광,11997,13794,25791
20210925,3호선,삼송,12761,12374,25135
20210925,3호선,수서,11204,11102,22306
20210925,3호선,신사,21633,22688,44321
20210925,3호선,안국,12203,14050,26253
20210925,3호선,압구정,22087,23001,45088
20210925,3호선,약수,8111,7687,15798
20210925,3호선,양재,17702,19256,36958
20210925,3호선,연신내,26836,25500,52336
20210925,3호선,오금,3174,3052,6226
20210925,3호선,옥수,6532,6517,13049
20210925,3호선,원당,7754,7315,15069
20210925,3호선,원흥,6604,6381,12985
20210925,3호선,을지로3가,4354,4673,9027
20210925,3호선,일원,4398,4350,8748
20210925,3호선,잠원,3145,2956,6101
20210925,3호선,정발산,5781,5887,11668
20210925,3호선,종로3가,4924,6840,11764
20210925,3호선,주엽,6033,5893,11926
20210925,3호선,지축,2836,2772,5608
20210925,3호선,충무로,1,0,1
20210925,3호선,학여울,1321,1365,2686
20210925,3호선,홍제,11598,10825,22423
20210925,3호선,화정,11724,12063,23787
20210926,3호선,가락시장,2701,2962,5663
20210926,3호선,경복궁,10569,11402,21971
20210926,3호선,경찰병원,2327,2391,4718
20210926,3호선,고속터미널,31965,29256,61221
20210926,3호선,교대,3640,2222,5862
20210926,3호선,구파발,10083,10489,20572
20210926,3호선,금호,3823,3670,7493
20210926,3호선,남부터미널,11970,12450,24420
20210926,3호선,녹번,6301,5688,11989
20210926,3호선,대곡,1018,870,1888
20210926,3호선,대청,3634,3565,7199
20210926,3호선,대치,5594,4869,10463
20210926,3호선,대화,5440,4903,10343
20210926,3호선,도곡,1591,1712,3303
20210926,3호선,독립문,3830,4203,8033
20210926,3호선,동대입구,4589,5207,9796
20210926,3호선,마두,3230,3154,6384
20210926,3호선,매봉,3559,3517,7076
20210926,3호선,무악재,1596,1800,3396
20210926,3호선,백석,4760,4721,9481
20210926,3호선,불광,8978,10491,19469
20210926,3호선,삼송,9471,9232,18703
20210926,3호선,수서,8857,8567,17424
20210926,3호선,신사,11318,11833,23151
20210926,3호선,안국,8760,9984,18744
20210926,3호선,압구정,11879,12268,24147
20210926,3호선,약수,5673,5501,11174
20210926,3호선,양재,10738,12416,23154
20210926,3호선,연신내,19453,18256,37709
20210926,3호선,오금,2395,2255,4650
20210926,3호선,옥수,4635,4790,9425
20210926,3호선,원당,5622,5410,11032
20210926,3호선,원흥,4762,4459,9221
20210926,3호선,을지로3가,2555,2474,5029
20210926,3호선,일원,3210,3300,6510
20210926,3호선,잠원,2184,2062,4246
20210926,3호선,정발산,4317,4334,8651
20210926,3호선,종로3가,3234,4271,7505
20210926,3호선,주엽,4060,4019,8079
20210926,3호선,지축,1839,1751,3590
20210926,3호선,충무로,1,0,1
20210926,3호선,학여울,782,764,1546
20210926,3호선,홍제,7965,7508,15473
20210926,3호선,화정,8493,8683,17176
20211002,3호선,가락시장,5279,4924,10203
20211002,3호선,경복궁,15290,16547,31837
20211002,3호선,경찰병원,3640,3479,7119
20211002,3호선,고속터미널,41480,43984,85464
20211002,3호선,교대,6290,3723,10013
20211002,3호선,구파발,14312,14272,28584
20211002,3호선,금호,5553,5029,10582
20211002,3호선,남부터미널,17580,18712,36292
20211002,3호선,녹번,9609,8446,18055
20211002,3호선,대곡,1371,1219,2590
20211002,3호선,대청,5269,4913,10182
20211002,3호선,대치,8629,7760,16389
20211002,3호선,대화,8442,7583,16025
20211002,3호선,도곡,3350,3443,6793
20211002,3호선,독립문,5385,5735,11120
20211002,3호선,동대입구,6102,6697,12799
20211002,3호선,마두,4954,4980,9934
20211002,3호선,매봉,5655,5311,10966
20211002,3호선,무악재,2546,2617,5163
20211002,3호선,백석,6859,6854,13713
20211002,3호선,불광,12358,13797,26155
20211002,3호선,삼송,12742,12368,25110
20211002,3호선,수서,11735,12137,23872
20211002,3호선,신사,22615,23825,46440
20211002,3호선,안국,13093,14887,27980
20211002,3호선,압구정,22787,23713,46500
20211002,3호선,약수,8506,7962,16468
20211002,3호선,양재,18935,20872,39807
20211002,3호선,연신내,27011,25256,52267
20211002,3호선,오금,3344,3111,6455
20211002,3호선,옥수,6866,6923,13789
20211002,3호선,원당,7928,7565,15493
20211002,3호선,원흥,6767,6304,13071
20211002,3호선,을지로3가,4567,4997,9564
20211002,3호선,일원,4470,4436,8906
20211002,3호선,잠원,3620,3398,7018
20211002,3호선,정발산,6168,6480,12648
20211002,3호선,종로3가,5182,7418,12600
20211002,3호선,주엽,6393,6245,12638
20211002,3호선,지축,2915,2817,5732
20211002,3호선,학여울,3166,3271,6437
20211002,3호선,홍제,12142,11113,23255
20211002,3호선,화정,11847,12310,24157
20211003,3호선,가락시장,3386,3539,6925
20211003,3호선,경복궁,12662,14291,26953
20211003,3호선,경찰병원,2485,2495,4980
20211003,3호선,고속터미널,33212,31115,64327
20211003,3호선,교대,3792,2325,6117
20211003,3호선,구파발,11375,11463,22838
20211003,3호선,금호,3969,3735,7704
20211003,3호선,남부터미널,11429,11784,23213
20211003,3호선,녹번,6888,6118,13006
20211003,3호선,대곡,1019,862,1881
20211003,3호선,대청,3887,3621,7508
20211003,3호선,대치,5397,4622,10019
20211003,3호선,대화,6294,5910,12204
20211003,3호선,도곡,1804,1897,3701
20211003,3호선,독립문,4079,4631,8710
20211003,3호선,동대입구,4914,5549,10463
20211003,3호선,마두,3246,3208,6454
20211003,3호선,매봉,3787,3780,7567
20211003,3호선,무악재,1794,1939,3733
20211003,3호선,백석,5120,4952,10072
20211003,3호선,불광,9579,11413,20992
20211003,3호선,삼송,10006,9789,19795
20211003,3호선,수서,8771,8678,17449
20211003,3호선,신사,12370,13099,25469
20211003,3호선,안국,10123,11667,21790
20211003,3호선,압구정,12187,12738,24925
20211003,3호선,약수,6105,5884,11989
20211003,3호선,양재,12269,13506,25775
20211003,3호선,연신내,20557,19189,39746
20211003,3호선,오금,2415,2247,4662
20211003,3호선,옥수,4931,5048,9979
20211003,3호선,원당,5884,5734,11618
20211003,3호선,원흥,5137,4926,10063
20211003,3호선,을지로3가,2879,3037,5916
20211003,3호선,일원,2846,2897,5743
20211003,3호선,잠원,2191,2034,4225
20211003,3호선,정발산,5250,5382,10632
20211003,3호선,종로3가,3632,5387,9019
20211003,3호선,주엽,4336,4344,8680
20211003,3호선,지축,2077,1972,4049
20211003,3호선,학여울,2774,2847,5621
20211003,3호선,홍제,8693,8111,16804
20211003,3호선,화정,8914,9044,17958
20211009,3호선,가락시장,5163,4805,9968
20211009,3호선,경복궁,14789,16441,31230
20211009,3호선,경찰병원,3211,3197,6408
20211009,3호선,고속터미널,41222,46100,87322
20211009,3호선,교대,5577,3312,8889
20211009,3호선,구파발,14783,14494,29277
20211009,3호선,금호,5150,4552,9702
20211009,3호선,남부터미널,18098,19548,37646
20211009,3호선,녹번,9022,7726,16748
20211009,3호선,대곡,1336,1103,2439
20211009,3호선,대청,5150,4628,9778
20211009,3호선,대치,7807,6830,14637
20211009,3호선,대화,8217,7516,15733
20211009,3호선,도곡,2837,2855,5692
20211009,3호선,독립문,4906,5333,10239
20211009,3호선,동대입구,5599,6082,11681
20211009,3호선,마두,4412,4447,8859
20211009,3호선,매봉,5193,4924,10117
20211009,3호선,무악재,2419,2508,4927
20211009,3호선,백석,6482,6625,13107
20211009,3호선,불광,11522,12909,24431
20211009,3호선,삼송,12551,12110,24661
20211009,3호선,수서,11522,11904,23426
20211009,3호선,신사,19418,20482,39900
20211009,3호선,안국,13295,15260,28555
20211009,3호선,압구정,17565,18525,36090
20211009,3호선,약수,7512,7079,14591
20211009,3호선,양재,17838,19447,37285
20211009,3호선,연신내,25692,23745,49437
20211009,3호선,오금,3217,3066,6283
20211009,3호선,옥수,6214,6313,12527
20211009,3호선,원당,7578,7205,14783
20211009,3호선,원흥,6337,6079,12416
20211009,3호선,을지로3가,4275,4603,8878
20211009,3호선,일원,4607,4472,9079
20211009,3호선,잠원,3342,3210,6552
20211009,3호선,정발산,5952,6050,12002
20211009,3호선,종로3가,5230,7591,12821
20211009,3호선,주엽,5802,5546,11348
20211009,3호선,지축,2720,2634,5354
20211009,3호선,학여울,1803,2008,3811
20211009,3호선,홍제,11550,10696,22246
20211009,3호선,화정,11338,11720,23058
20211010,3호선,가락시장,2999,3316,6315
20211010,3호선,경복궁,10461,10962,21423
20211010,3호선,경찰병원,2427,2517,4944
20211010,3호선,고속터미널,34621,32085,66706
20211010,3호선,교대,3813,2295,6108
20211010,3호선,구파발,9480,9704,19184
20211010,3호선,금호,3685,3467,7152
20211010,3호선,남부터미널,12862,12976,25838
20211010,3호선,녹번,6334,5632,11966
20211010,3호선,대곡,908,759,1667
20211010,3호선,대청,3427,3330,6757
20211010,3호선,대치,5168,4512,9680
20211010,3호선,대화,6003,5549,11552
20211010,3호선,도곡,1517,1597,3114
20211010,3호선,독립문,3570,3968,7538
20211010,3호선,동대입구,4180,4618,8798
20211010,3호선,마두,2936,2920,5856
20211010,3호선,매봉,3601,3478,7079
20211010,3호선,무악재,1716,1794,3510
20211010,3호선,백석,4867,4813,9680
20211010,3호선,불광,8154,9207,17361
20211010,3호선,삼송,9094,8998,18092
20211010,3호선,수서,9003,8692,17695
20211010,3호선,신사,12559,13305,25864
20211010,3호선,안국,9422,10023,19445
20211010,3호선,압구정,11613,12065,23678
20211010,3호선,약수,5588,5467,11055
20211010,3호선,양재,12307,13521,25828
20211010,3호선,연신내,18396,17635,36031
20211010,3호선,오금,2296,2226,4522
20211010,3호선,옥수,4122,4424,8546
20211010,3호선,원당,5274,4771,10045
20211010,3호선,원흥,4568,4408,8976
20211010,3호선,을지로3가,2932,2732,5664
20211010,3호선,일원,2570,2811,5381
20211010,3호선,잠원,1841,1803,3644
20211010,3호선,정발산,3968,4122,8090
20211010,3호선,종로3가,3682,4948,8630
20211010,3호선,주엽,3912,3936,7848
20211010,3호선,지축,1692,1719,3411
20211010,3호선,학여울,1325,1444,2769
20211010,3호선,홍제,7727,7359,15086
20211010,3호선,화정,8087,8369,16456
20211016,3호선,가락시장,5930,5511,11441
20211016,3호선,경복궁,15607,16682,32289
20211016,3호선,경찰병원,3913,3818,7731
20211016,3호선,고속터미널,44333,44554,88887
20211016,3호선,교대,6528,3915,10443
20211016,3호선,구파발,15251,15215,30466
20211016,3호선,금호,5578,5242,10820
20211016,3호선,남부터미널,20000,20274,40274
20211016,3호선,녹번,9931,8576,18507
20211016,3호선,대곡,1430,1189,2619
20211016,3호선,대청,5792,5381,11173
20211016,3호선,대치,8863,7990,16853
20211016,3호선,대화,8866,7999,16865
20211016,3호선,도곡,3183,3206,6389
20211016,3호선,독립문,5778,6184,11962
20211016,3호선,동대입구,5903,6686,12589
20211016,3호선,마두,5113,5356,10469
20211016,3호선,매봉,5997,5717,11714
20211016,3호선,무악재,2660,2836,5496
20211016,3호선,백석,7371,7565,14936
20211016,3호선,불광,12679,14409,27088
20211016,3호선,삼송,13398,13174,26572
20211016,3호선,수서,12557,12621,25178
20211016,3호선,신사,24369,24669,49038
20211016,3호선,안국,14527,15591,30118
20211016,3호선,압구정,23392,24499,47891
20211016,3호선,약수,8815,8278,17093
20211016,3호선,양재,19799,21341,41140
20211016,3호선,연신내,28814,26941,55755
20211016,3호선,오금,3737,3480,7217
20211016,3호선,옥수,6817,7004,13821
20211016,3호선,원당,8122,7827,15949
20211016,3호선,원흥,7008,6760,13768
20211016,3호선,을지로3가,4751,5143,9894
20211016,3호선,일원,4577,4546,9123
20211016,3호선,잠원,3419,3339,6758
20211016,3호선,정발산,6130,6361,12491
20211016,3호선,종로3가,5738,7757,13495
20211016,3호선,주엽,6463,6353,12816
20211016,3호선,지축,2865,2805,5670
20211016,3호선,학여울,1486,1584,3070
20211016,3호선,홍제,12370,11789,24159
20211016,3호선,화정,12419,12870,25289
20211017,3호선,가락시장,3321,3524,6845
20211017,3호선,경복궁,10709,11398,22107
20211017,3호선,경찰병원,2545,2579,5124
20211017,3호선,고속터미널,35206,32974,68180
20211017,3호선,교대,3765,2264,6029
20211017,3호선,구파발,10594,10859,21453
20211017,3호선,금호,3751,3613,7364
20211017,3호선,남부터미널,12939,13590,26529
20211017,3호선,녹번,6502,5990,12492
20211017,3호선,대곡,931,832,1763
20211017,3호선,대청,3630,3578,7208
20211017,3호선,대치,5185,4546,9731
20211017,3호선,대화,5797,5472,11269
20211017,3호선,도곡,1699,1795,3494
20211017,3호선,독립문,3760,4084,7844
20211017,3호선,동대입구,4122,4715,8837
20211017,3호선,마두,3192,3165,6357
20211017,3호선,매봉,3924,3867,7791
20211017,3호선,무악재,1658,1840,3498
20211017,3호선,백석,5017,5042,10059
20211017,3호선,불광,8952,10394,19346
20211017,3호선,삼송,9777,9421,19198
20211017,3호선,수서,9316,9348,18664
20211017,3호선,신사,12456,12484,24940
20211017,3호선,안국,9390,10128,19518
20211017,3호선,압구정,11940,12111,24051
20211017,3호선,약수,5641,5583,11224
20211017,3호선,양재,12028,14037,26065
20211017,3호선,연신내,19654,18425,38079
20211017,3호선,오금,2478,2504,4982
20211017,3호선,옥수,4460,4756,9216
20211017,3호선,원당,5537,5386,10923
20211017,3호선,원흥,4756,4585,9341
20211017,3호선,을지로3가,2681,2627,5308
20211017,3호선,일원,2834,2984,5818
20211017,3호선,잠원,1896,1894,3790
20211017,3호선,정발산,4311,4237,8548
20211017,3호선,종로3가,3447,4459,7906
20211017,3호선,주엽,4081,3947,8028
20211017,3호선,지축,1760,1820,3580
20211017,3호선,충무로,3,0,3
20211017,3호선,학여울,1120,1155,2275
20211017,3호선,홍제,8059,7693,15752
20211017,3호선,화정,8466,8607,17073
20211023,3호선,가락시장,5884,5663,11547
20211023,3호선,경복궁,18209,19958,38167
20211023,3호선,경찰병원,3951,3821,7772
20211023,3호선,고속터미널,45283,46730,92013
20211023,3호선,교대,6858,4056,10914
20211023,3호선,구파발,16098,16085,32183
20211023,3호선,금호,5795,5305,11100
20211023,3호선,남부터미널,20299,20677,40976
20211023,3호선,녹번,9991,8931,18922
20211023,3호선,대곡,1399,1263,2662
20211023,3호선,대청,5853,5266,11119
20211023,3호선,대치,9155,8140,17295
20211023,3호선,대화,8571,7668,16239
20211023,3호선,도곡,3391,3448,6839
20211023,3호선,독립문,5811,6261,12072
20211023,3호선,동대입구,6326,7211,13537
20211023,3호선,마두,5191,5238,10429
20211023,3호선,매봉,5974,5679,11653
20211023,3호선,무악재,2703,2860,5563
20211023,3호선,백석,7475,7655,15130
20211023,3호선,불광,12941,14852,27793
20211023,3호선,삼송,14032,13514,27546
20211023,3호선,수서,13182,13520,26702
20211023,3호선,신사,24316,25218,49534
20211023,3호선,안국,16089,18156,34245
20211023,3호선,압구정,24216,25239,49455
20211023,3호선,약수,8872,8487,17359
20211023,3호선,양재,20681,22591,43272
20211023,3호선,연신내,29744,27854,57598
20211023,3호선,오금,3609,3445,7054
20211023,3호선,옥수,7092,7282,14374
20211023,3호선,원당,8735,8279,17014
20211023,3호선,원흥,7265,7007,14272
20211023,3호선,을지로3가,5147,5561,10708
20211023,3호선,일원,4742,4684,9426
20211023,3호선,잠원,3507,3273,6780
20211023,3호선,정발산,6305,6531,12836
20211023,3호선,종로3가,5882,8448,14330
20211023,3호선,주엽,6494,6426,12920
20211023,3호선,지축,3075,2865,5940
20211023,3호선,충무로,6,0,6
20211023,3호선,학여울,1283,1288,2571
20211023,3호선,홍제,12978,12255,25233
20211023,3호선,화정,13061,13464,26525
20211024,3호선,가락시장,3471,3695,7166
20211024,3호선,경복궁,13792,15004,28796
20211024,3호선,경찰병원,2583,2652,5235
20211024,3호선,고속터미널,37868,35168,73036
20211024,3호선,교대,4251,2528,6779
20211024,3호선,구파발,11946,12356,24302
20211024,3호선,금호,4178,4078,8256
20211024,3호선,남부터미널,14248,15050,29298
20211024,3호선,녹번,7008,6431,13439
20211024,3호선,대곡,1136,921,2057
20211024,3호선,대청,3914,3847,7761
20211024,3호선,대치,5666,4981,10647
20211024,3호선,대화,6043,5508,11551
20211024,3호선,도곡,1751,1842,3593
20211024,3호선,독립문,4315,4849,9164
20211024,3호선,동대입구,6851,7080,13931
20211024,3호선,마두,3556,3600,7156
20211024,3호선,매봉,3946,3948,7894
20211024,3호선,무악재,1852,2009,3861
20211024,3호선,백석,5461,5403,10864
20211024,3호선,불광,9888,11548,21436
20211024,3호선,삼송,10678,10468,21146
20211024,3호선,수서,9813,9731,19544
20211024,3호선,신사,13492,13543,27035
20211024,3호선,안국,11907,12702,24609
20211024,3호선,압구정,12854,13185,26039
20211024,3호선,약수,6136,6141,12277
20211024,3호선,양재,12957,14851,27808
20211024,3호선,연신내,21047,19650,40697
20211024,3호선,오금,2614,2547,5161
20211024,3호선,옥수,4816,5157,9973
20211024,3호선,원당,6192,6081,12273
20211024,3호선,원흥,5291,5105,10396
20211024,3호선,을지로3가,3116,2985,6101
20211024,3호선,일원,3023,3256,6279
20211024,3호선,잠원,2146,2151,4297
20211024,3호선,정발산,4785,4853,9638
20211024,3호선,종로3가,3830,4874,8704
20211024,3호선,주엽,4531,4424,8955
20211024,3호선,지축,2074,2005,4079
20211024,3호선,학여울,1039,1069,2108
20211024,3호선,홍제,9032,8674,17706
20211024,3호선,화정,9345,9508,18853
20211030,3호선,가락시장,6248,5906,12154
20211030,3호선,경복궁,19781,21545,41326
20211030,3호선,경찰병원,3893,3785,7678
20211030,3호선,고속터미널,46367,47957,94324
20211030,3호선,교대,6883,4039,10922
20211030,3호선,구파발,17095,16790,33885
20211030,3호선,금호,5966,5373,11339
20211030,3호선,남부터미널,20823,20720,41543
20211030,3호선,녹번,10495,9011,19506
20211030,3호선,대곡,1443,1277,2720
20211030,3호선,대청,6161,5661,11822
20211030,3호선,대치,9306,8360,17666
20211030,3호선,대화,9722,8740,18462
20211030,3호선,도곡,3610,3610,7220
20211030,3호선,독립문,6042,6741,12783
20211030,3호선,동대입구,7463,8393,15856
20211030,3호선,마두,5168,5254,10422
20211030,3호선,매봉,5959,5747,11706
20211030,3호선,무악재,2730,2910,5640
20211030,3호선,백석,7654,7710,15364
20211030,3호선,불광,13350,15374,28724
20211030,3호선,삼송,14298,14147,28445
20211030,3호선,수서,13774,13633,27407
20211030,3호선,신사,24821,25986,50807
20211030,3호선,안국,16886,19632,36518
20211030,3호선,압구정,24389,25661,50050
20211030,3호선,약수,9303,8734,18037
20211030,3호선,양재,21048,22942,43990
20211030,3호선,연신내,30930,28649,59579
20211030,3호선,오금,3914,3687,7601
20211030,3호선,옥수,7231,7409,14640
20211030,3호선,원당,8577,8236,16813
20211030,3호선,원흥,7589,7225,14814
20211030,3호선,을지로3가,5560,5946,11506
20211030,3호선,일원,4687,4576,9263
20211030,3호선,잠원,3665,3599,7264
20211030,3호선,정발산,6512,6788,13300
20211030,3호선,종로3가,5963,8551,14514
20211030,3호선,주엽,6951,6746,13697
20211030,3호선,지축,3193,2933,6126
20211030,3호선,충무로,1,0,1
20211030,3호선,학여울,2197,2256,4453
20211030,3호선,홍제,13287,12402,25689
20211030,3호선,화정,13430,13685,27115
20211031,3호선,가락시장,3898,4056,7954
20211031,3호선,경복궁,15230,16434,31664
20211031,3호선,경찰병원,2678,2759,5437
20211031,3호선,고속터미널,39882,36836,76718
20211031,3호선,교대,4189,2519,6708
20211031,3호선,구파발,12713,13040,25753
20211031,3호선,금호,4195,3981,8176
20211031,3호선,남부터미널,14842,15468,30310
20211031,3호선,녹번,7266,6691,13957
20211031,3호선,대곡,1103,889,1992
20211031,3호선,대청,4053,3945,7998
20211031,3호선,대치,5782,5105,10887
20211031,3호선,대화,6665,6178,12843
20211031,3호선,도곡,1975,2152,4127
20211031,3호선,독립문,4459,5162,9621
20211031,3호선,동대입구,5381,6384,11765
20211031,3호선,마두,3628,3652,7280
20211031,3호선,매봉,4259,4214,8473
20211031,3호선,무악재,1910,2085,3995
20211031,3호선,백석,5648,5526,11174
20211031,3호선,불광,10071,11930,22001
20211031,3호선,삼송,11019,10617,21636
20211031,3호선,수서,10298,10313,20611
20211031,3호선,신사,13961,14075,28036
20211031,3호선,안국,12768,14138,26906
20211031,3호선,압구정,12838,13288,26126
20211031,3호선,약수,6561,6349,12910
20211031,3호선,양재,13500,15626,29126
20211031,3호선,연신내,22091,20906,42997
20211031,3호선,오금,2682,2651,5333
20211031,3호선,옥수,5160,5307,10467
20211031,3호선,원당,6341,6239,12580
20211031,3호선,원흥,5341,5168,10509
20211031,3호선,을지로3가,3416,3219,6635
20211031,3호선,일원,3127,3297,6424
20211031,3호선,잠원,2268,2258,4526
20211031,3호선,정발산,5395,5331,10726
20211031,3호선,종로3가,4169,5425,9594
20211031,3호선,주엽,4773,4637,9410
20211031,3호선,지축,2228,2090,4318
20211031,3호선,충무로,1,0,1
20211031,3호선,학여울,1692,1843,3535
20211031,3호선,홍제,9304,8887,18191
20211031,3호선,화정,10004,10077,20081
20211106,3호선,가락시장,6401,6037,12438
20211106,3호선,경복궁,24310,26811,51121
20211106,3호선,경찰병원,4397,4112,8509
20211106,3호선,고속터미널,46622,48148,94770
20211106,3호선,교대,7093,4234,11327
20211106,3호선,구파발,17041,16931,33972
20211106,3호선,금호,6174,5503,11677
20211106,3호선,남부터미널,21770,21947,43717
20211106,3호선,녹번,10915,9379,20294
20211106,3호선,대곡,1448,1210,2658
20211106,3호선,대청,6170,5507,11677
20211106,3호선,대치,9287,8311,17598
20211106,3호선,대화,9414,7971,17385
20211106,3호선,도곡,4026,4239,8265
20211106,3호선,독립문,6874,7756,14630
20211106,3호선,동대입구,7481,8677,16158
20211106,3호선,마두,5432,5188,10620
20211106,3호선,매봉,6273,5954,12227
20211106,3호선,무악재,2826,2894,5720
20211106,3호선,백석,7722,8178,15900
20211106,3호선,불광,13535,15787,29322
20211106,3호선,삼송,14361,13834,28195
20211106,3호선,수서,13827,13403,27230
20211106,3호선,신사,25059,26843,51902
20211106,3호선,안국,20518,23322,43840
20211106,3호선,압구정,24458,25756,50214
20211106,3호선,약수,9207,8660,17867
20211106,3호선,양재,22093,23998,46091
20211106,3호선,연신내,30801,28765,59566
20211106,3호선,오금,4173,3992,8165
20211106,3호선,옥수,7502,7541,15043
20211106,3호선,원당,8967,8268,17235
20211106,3호선,원흥,7772,7270,15042
20211106,3호선,을지로3가,5788,6225,12013
20211106,3호선,일원,5156,4977,10133
20211106,3호선,잠원,3890,3735,7625
20211106,3호선,정발산,6849,7652,14501
20211106,3호선,종로3가,6404,9423,15827
20211106,3호선,주엽,7011,6629,13640
20211106,3호선,지축,3201,2995,6196
20211106,3호선,충무로,2,0,2
20211106,3호선,학여울,1848,1901,3749
20211106,3호선,홍제,13808,12716,26524
20211106,3호선,화정,13780,13915,27695
20211107,3호선,가락시장,3866,4161,8027
20211107,3호선,경복궁,18095,20102,38197
20211107,3호선,경찰병원,2721,2872,5593
20211107,3호선,고속터미널,40528,37685,78213
20211107,3호선,교대,4389,2624,7013
20211107,3호선,구파발,12573,13024,25597
20211107,3호선,금호,4521,4274,8795
20211107,3호선,남부터미널,15102,15972,31074
20211107,3호선,녹번,7820,7051,14871
20211107,3호선,대곡,1119,1006,2125
20211107,3호선,대청,4235,4069,8304
20211107,3호선,대치,5680,5034,10714
20211107,3호선,대화,6753,5893,12646
20211107,3호선,도곡,2116,2338,4454
20211107,3호선,독립문,4585,5268,9853
20211107,3호선,동대입구,5852,7108,12960
20211107,3호선,마두,3504,3423,6927
20211107,3호선,매봉,4287,4237,8524
20211107,3호선,무악재,1988,2133,4121
20211107,3호선,백석,5669,5654,11323
20211107,3호선,불광,10201,11892,22093
20211107,3호선,삼송,10937,10537,21474
20211107,3호선,수서,10377,10497,20874
20211107,3호선,신사,13866,14277,28143
20211107,3호선,안국,14832,16354,31186
20211107,3호선,압구정,13380,13918,27298
20211107,3호선,약수,6733,6586,13319
20211107,3호선,양재,14051,16350,30401
20211107,3호선,연신내,22169,20765,42934
20211107,3호선,오금,2812,2687,5499
20211107,3호선,옥수,5386,5610,10996
20211107,3호선,원당,6559,6406,12965
20211107,3호선,원흥,5492,5338,10830
20211107,3호선,을지로3가,3467,3200,6667
20211107,3호선,일원,3168,3470,6638
20211107,3호선,잠원,2469,2457,4926
20211107,3호선,정발산,5389,5424,10813
20211107,3호선,종로3가,4163,5353,9516
20211107,3호선,주엽,4767,4720,9487
20211107,3호선,지축,2223,2137,4360
20211107,3호선,충무로,2,0,2
20211107,3호선,학여울,1016,1004,2020
20211107,3호선,홍제,9530,9114,18644
20211107,3호선,화정,9878,10103,19981
20211113,3호선,가락시장,6160,5953,12113
20211113,3호선,경복궁,17584,18160,35744
20211113,3호선,경찰병원,4114,4015,8129
20211113,3호선,고속터미널,49211,51572,100783
20211113,3호선,교대,7266,4352,11618
20211113,3호선,구파발,15663,15437,31100
20211113,3호선,금호,6071,5462,11533
20211113,3호선,남부터미널,22135,22394,44529
20211113,3호선,녹번,10767,9114,19881
20211113,3호선,대곡,1494,1295,2789
20211113,3호선,대청,6133,5596,11729
20211113,3호선,대치,8263,7489,15752
20211113,3호선,대화,9091,8188,17279
20211113,3호선,도곡,3692,3797,7489
20211113,3호선,독립문,6743,9031,15774
20211113,3호선,동대입구,6958,8097,15055
20211113,3호선,마두,5286,5360,10646
20211113,3호선,매봉,6265,5979,12244
20211113,3호선,무악재,2923,2901,5824
20211113,3호선,백석,7750,7906,15656
20211113,3호선,불광,13472,15117,28589
20211113,3호선,삼송,14276,13460,27736
20211113,3호선,수서,14052,13596,27648
20211113,3호선,신사,25103,27316,52419
20211113,3호선,안국,16239,17438,33677
20211113,3호선,압구정,24832,26448,51280
20211113,3호선,약수,9222,8699,17921
20211113,3호선,양재,22335,23950,46285
20211113,3호선,연신내,29874,28090,57964
20211113,3호선,오금,4022,3684,7706
20211113,3호선,옥수,7224,7297,14521
20211113,3호선,원당,8613,7950,16563
20211113,3호선,원흥,7530,7007,14537
20211113,3호선,을지로3가,5783,6677,12460
20211113,3호선,일원,5131,5055,10186
20211113,3호선,잠원,3658,3526,7184
20211113,3호선,정발산,6474,6990,13464
20211113,3호선,종로3가,6471,10292,16763
20211113,3호선,주엽,6719,6542,13261
20211113,3호선,지축,3188,2919,6107
20211113,3호선,충무로,2,0,2
20211113,3호선,학여울,2441,2455,4896
20211113,3호선,홍제,13861,13003,26864
20211113,3호선,화정,13222,13471,26693
20211114,3호선,가락시장,3756,4072,7828
20211114,3호선,경복궁,15128,15947,31075
20211114,3호선,경찰병원,2839,2862,5701
20211114,3호선,고속터미널,41312,39077,80389
20211114,3호선,교대,4598,2698,7296
20211114,3호선,구파발,11725,11983,23708
20211114,3호선,금호,4357,4070,8427
20211114,3호선,남부터미널,14974,15793,30767
20211114,3호선,녹번,7447,6620,14067
20211114,3호선,대곡,1231,1014,2245
20211114,3호선,대청,4264,4105,8369
20211114,3호선,대치,5065,4586,9651
20211114,3호선,대화,6603,6326,12929
20211114,3호선,도곡,2028,2275,4303
20211114,3호선,독립문,4141,4851,8992
20211114,3호선,동대입구,6210,7251,13461
20211114,3호선,마두,3487,3410,6897
20211114,3호선,매봉,4192,4168,8360
20211114,3호선,무악재,1931,2079,4010
20211114,3호선,백석,5579,5456,11035
20211114,3호선,불광,9931,11367,21298
20211114,3호선,삼송,10652,10237,20889
20211114,3호선,수서,10099,10381,20480
20211114,3호선,신사,14504,14736,29240
20211114,3호선,안국,12040,13130,25170
20211114,3호선,압구정,13939,14504,28443
20211114,3호선,약수,6446,6367,12813
20211114,3호선,양재,13840,16061,29901
20211114,3호선,연신내,21299,20470,41769
20211114,3호선,오금,2851,2815,5666
20211114,3호선,옥수,5124,5326,10450
20211114,3호선,원당,6339,6108,12447
20211114,3호선,원흥,5470,5292,10762
20211114,3호선,을지로3가,3514,3209,6723
20211114,3호선,일원,3265,3387,6652
20211114,3호선,잠원,2449,2375,4824
20211114,3호선,정발산,5069,5110,10179
20211114,3호선,종로3가,4164,5021,9185
20211114,3호선,주엽,4403,4490,8893
20211114,3호선,지축,2160,2028,4188
20211114,3호선,학여울,1977,2058,4035
20211114,3호선,홍제,9400,9021,18421
20211114,3호선,화정,9367,9481,18848
20211120,3호선,가락시장,6164,6052,12216
20211120,3호선,경복궁,18402,19921,38323
20211120,3호선,경찰병원,3971,3805,7776
20211120,3호선,고속터미널,49254,51368,100622
20211120,3호선,교대,7030,4377,11407
20211120,3호선,구파발,15392,15244,30636
20211120,3호선,금호,5885,5258,11143
20211120,3호선,남부터미널,22606,22475,45081
20211120,3호선,녹번,10641,9107,19748
20211120,3호선,대곡,1395,1155,2550
20211120,3호선,대청,6079,5437,11516
20211120,3호선,대치,8357,7950,16307
20211120,3호선,대화,10516,9398,19914
20211120,3호선,도곡,3962,4157,8119
20211120,3호선,독립문,5619,5867,11486
20211120,3호선,동대입구,7381,8279,15660
20211120,3호선,마두,5282,5102,10384
20211120,3호선,매봉,6354,6085,12439
20211120,3호선,무악재,2761,2761,5522
20211120,3호선,백석,7609,7736,15345
20211120,3호선,불광,12873,14389,27262
20211120,3호선,삼송,14100,13426,27526
20211120,3호선,수서,13559,13356,26915
20211120,3호선,신사,25169,27349,52518
20211120,3호선,안국,16932,19083,36015
20211120,3호선,압구정,25287,27127,52414
20211120,3호선,약수,9096,8532,17628
20211120,3호선,양재,21852,23727,45579
20211120,3호선,연신내,29340,27657,56997
20211120,3호선,오금,3973,3752,7725
20211120,3호선,옥수,7193,7285,14478
20211120,3호선,원당,8517,8036,16553
20211120,3호선,원흥,7595,6990,14585
20211120,3호선,을지로3가,5368,6076,11444
20211120,3호선,일원,4913,4886,9799
20211120,3호선,잠원,3638,3505,7143
20211120,3호선,정발산,6897,7314,14211
20211120,3호선,종로3가,5884,8578,14462
20211120,3호선,주엽,6682,6346,13028
20211120,3호선,지축,3080,2848,5928
20211120,3호선,충무로,1,0,1
20211120,3호선,학여울,2004,2171,4175
20211120,3호선,홍제,12850,12069,24919
20211120,3호선,화정,13330,13711,27041
20211121,3호선,가락시장,3733,4073,7806
20211121,3호선,경복궁,12463,13168,25631
20211121,3호선,경찰병원,2681,2761,5442
20211121,3호선,고속터미널,42108,39633,81741
20211121,3호선,교대,4389,2624,7013
20211121,3호선,구파발,10819,11025,21844
20211121,3호선,금호,4193,3959,8152
20211121,3호선,남부터미널,15477,16216,31693
20211121,3호선,녹번,7275,6483,13758
20211121,3호선,대곡,1123,914,2037
20211121,3호선,대청,4262,4136,8398
20211121,3호선,대치,5352,5038,10390
20211121,3호선,대화,7318,6989,14307
20211121,3호선,도곡,1915,2138,4053
20211121,3호선,독립문,3948,4431,8379
20211121,3호선,동대입구,11861,11730,23591
20211121,3호선,마두,3369,3382,6751
20211121,3호선,매봉,4113,4208,8321
20211121,3호선,무악재,1837,2010,3847
20211121,3호선,백석,5544,5280,10824
20211121,3호선,불광,9281,10468,19749
20211121,3호선,삼송,10347,10182,20529
20211121,3호선,수서,10462,10380,20842
20211121,3호선,신사,14007,14314,28321
20211121,3호선,안국,11275,12230,23505
20211121,3호선,압구정,14112,14853,28965
20211121,3호선,약수,6675,6185,12860
20211121,3호선,양재,14419,16465,30884
20211121,3호선,연신내,20544,19470,40014
20211121,3호선,오금,2743,2724,5467
20211121,3호선,옥수,4894,5147,10041
20211121,3호선,원당,6128,5829,11957
20211121,3호선,원흥,5361,5191,10552
20211121,3호선,을지로3가,3559,3208,6767
20211121,3호선,일원,3367,3672,7039
20211121,3호선,잠원,2289,2314,4603
20211121,3호선,정발산,4993,4904,9897
20211121,3호선,종로3가,3807,5021,8828
20211121,3호선,주엽,4503,4444,8947
20211121,3호선,지축,1957,1903,3860
20211121,3호선,충무로,2,0,2
20211121,3호선,학여울,1722,1911,3633
20211121,3호선,홍제,9012,8475,17487
20211121,3호선,화정,9360,9538,18898
20211127,3호선,가락시장,6131,5942,12073
20211127,3호선,경복궁,17304,18670,35974
20211127,3호선,경찰병원,4086,3850,7936
20211127,3호선,고속터미널,50246,51673,101919
20211127,3호선,교대,7421,4561,11982
20211127,3호선,구파발,14805,14793,29598
20211127,3호선,금호,5789,5184,10973
20211127,3호선,남부터미널,21809,21746,43555
20211127,3호선,녹번,10584,8990,19574
20211127,3호선,대곡,1362,1126,2488
20211127,3호선,대청,5944,5407,11351
20211127,3호선,대치,8214,7696,15910
20211127,3호선,대화,9928,9032,18960
20211127,3호선,도곡,3572,3594,7166
20211127,3호선,독립문,5808,6138,11946
20211127,3호선,동대입구,6577,7380,13957
20211127,3호선,마두,5210,5173,10383
20211127,3호선,매봉,6155,5889,12044
20211127,3호선,무악재,2832,2853,5685
20211127,3호선,백석,7754,7790,15544
20211127,3호선,불광,12935,14375,27310
20211127,3호선,삼송,14031,13374,27405
20211127,3호선,수서,13918,13626,27544
20211127,3호선,신사,25857,27970,53827
20211127,3호선,안국,16002,17817,33819
20211127,3호선,압구정,25898,27838,53736
20211127,3호선,약수,9181,8568,17749
20211127,3호선,양재,21951,23871,45822
20211127,3호선,연신내,28721,27413,56134
20211127,3호선,오금,3699,3393,7092
20211127,3호선,옥수,6972,6978,13950
20211127,3호선,원당,8374,7842,16216
20211127,3호선,원흥,7564,7056,14620
20211127,3호선,을지로3가,5500,5794,11294
20211127,3호선,일원,4815,4673,9488
20211127,3호선,잠원,3418,3342,6760
20211127,3호선,정발산,6648,7145,13793
20211127,3호선,종로3가,5928,8468,14396
20211127,3호선,주엽,6687,6499,13186
20211127,3호선,지축,3071,2785,5856
20211127,3호선,학여울,3094,3174,6268
20211127,3호선,홍제,13146,12027,25173
20211127,3호선,화정,12988,13340,26328
20211128,3호선,가락시장,3602,3914,7516
20211128,3호선,경복궁,13307,13878,27185
20211128,3호선,경찰병원,2745,2796,5541
20211128,3호선,고속터미널,41287,39579,80866
20211128,3호선,교대,4349,2606,6955
20211128,3호선,구파발,11082,11299,22381
20211128,3호선,금호,4181,3958,8139
20211128,3호선,남부터미널,14834,15724,30558
20211128,3호선,녹번,7337,6615,13952
20211128,3호선,대곡,1050,882,1932
20211128,3호선,대청,4096,3947,8043
20211128,3호선,대치,4872,4592,9464
20211128,3호선,대화,7081,6565,13646
20211128,3호선,도곡,1877,2041,3918
20211128,3호선,독립문,4066,4431,8497
20211128,3호선,동대입구,4597,5017,9614
20211128,3호선,마두,3296,3372,6668
20211128,3호선,매봉,4214,4203,8417
20211128,3호선,무악재,1850,1986,3836
20211128,3호선,백석,5466,5278,10744
20211128,3호선,불광,9436,10901,20337
20211128,3호선,삼송,10418,10326,20744
20211128,3호선,수서,10794,10424,21218
20211128,3호선,신사,14642,15051,29693
20211128,3호선,안국,10748,11515,22263
20211128,3호선,압구정,14549,15162,29711
20211128,3호선,약수,6465,6236,12701
20211128,3호선,양재,14204,16443,30647
20211128,3호선,연신내,20704,19851,40555
20211128,3호선,오금,2688,2685,5373
20211128,3호선,옥수,4896,5154,10050
20211128,3호선,원당,5963,5752,11715
20211128,3호선,원흥,5214,5047,10261
20211128,3호선,을지로3가,3385,3076,6461
20211128,3호선,일원,3437,3581,7018
20211128,3호선,잠원,2206,2133,4339
20211128,3호선,정발산,5213,5166,10379
20211128,3호선,종로3가,3674,4869,8543
20211128,3호선,주엽,4537,4379,8916
20211128,3호선,지축,2075,1957,4032
20211128,3호선,충무로,1,0,1
20211128,3호선,학여울,2413,2520,4933
20211128,3호선,홍제,8829,8593,17422
20211128,3호선,화정,9507,9729,19236
20211204,3호선,가락시장,5897,5676,11573
20211204,3호선,경복궁,15002,15882,30884
20211204,3호선,경찰병원,3870,3665,7535
20211204,3호선,고속터미널,45930,46474,92404
20211204,3호선,교대,6773,4214,10987
20211204,3호선,구파발,13833,13778,27611
20211204,3호선,금호,5546,4980,10526
20211204,3호선,남부터미널,20497,20402,40899
20211204,3호선,녹번,10119,8716,18835
20211204,3호선,대곡,1243,1043,2286
20211204,3호선,대청,5893,5312,11205
20211204,3호선,대치,7535,6931,14466
20211204,3호선,대화,10106,9141,19247
20211204,3호선,도곡,3234,2989,6223
20211204,3호선,독립문,5077,5346,10423
20211204,3호선,동대입구,6513,7266,13779
20211204,3호선,마두,4746,4694,9440
20211204,3호선,매봉,5702,5544,11246
20211204,3호선,무악재,2682,2735,5417
20211204,3호선,백석,7214,7310,14524
20211204,3호선,불광,12197,13497,25694
20211204,3호선,삼송,13464,12977,26441
20211204,3호선,수서,13324,13003,26327
20211204,3호선,신사,24265,26266,50531
20211204,3호선,안국,14448,15973,30421
20211204,3호선,압구정,24347,25772,50119
20211204,3호선,약수,8632,8119,16751
20211204,3호선,양재,21650,23072,44722
20211204,3호선,연신내,27561,25725,53286
20211204,3호선,오금,3617,3262,6879
20211204,3호선,옥수,6722,6834,13556
20211204,3호선,원당,8086,7553,15639
20211204,3호선,원흥,7435,6910,14345
20211204,3호선,을지로3가,5057,5467,10524
20211204,3호선,일원,4599,4418,9017
20211204,3호선,잠원,3238,3006,6244
20211204,3호선,정발산,6305,6617,12922
20211204,3호선,종로3가,5254,7549,12803
20211204,3호선,주엽,6161,6042,12203
20211204,3호선,지축,3004,2765,5769
20211204,3호선,학여울,3879,4314,8193
20211204,3호선,홍제,12272,11469,23741
20211204,3호선,화정,12226,12644,24870
20211205,3호선,가락시장,3502,3764,7266
20211205,3호선,경복궁,10751,11296,22047
20211205,3호선,경찰병원,2544,2573,5117
20211205,3호선,고속터미널,36794,35346,72140
20211205,3호선,교대,3922,2340,6262
20211205,3호선,구파발,10455,10529,20984
20211205,3호선,금호,3883,3721,7604
20211205,3호선,남부터미널,13651,14440,28091
20211205,3호선,녹번,6927,6297,13224
20211205,3호선,대곡,945,827,1772
20211205,3호선,대청,3953,3768,7721
20211205,3호선,대치,4207,4055,8262
20211205,3호선,대화,7164,6837,14001
20211205,3호선,도곡,1958,2143,4101
20211205,3호선,독립문,3752,4117,7869
20211205,3호선,동대입구,4356,4855,9211
20211205,3호선,마두,3189,3180,6369
20211205,3호선,매봉,3914,3818,7732
20211205,3호선,무악재,1706,1766,3472
20211205,3호선,백석,5186,5109,10295
20211205,3호선,불광,8858,10074,18932
20211205,3호선,삼송,9742,9697,19439
20211205,3호선,수서,9844,9640,19484
20211205,3호선,신사,13002,13392,26394
20211205,3호선,안국,9626,10524,20150
20211205,3호선,압구정,13246,14004,27250
20211205,3호선,약수,6112,5905,12017
20211205,3호선,양재,13927,15816,29743
20211205,3호선,연신내,19747,18667,38414
20211205,3호선,오금,2564,2593,5157
20211205,3호선,옥수,4435,4795,9230
20211205,3호선,원당,5722,5422,11144
20211205,3호선,원흥,5412,5182,10594
20211205,3호선,을지로3가,2979,2954,5933
20211205,3호선,일원,3060,3300,6360
20211205,3호선,잠원,2147,2108,4255
20211205,3호선,정발산,4607,4624,9231
20211205,3호선,종로3가,3352,4422,7774
20211205,3호선,주엽,4161,4104,8265
20211205,3호선,지축,2039,1867,3906
20211205,3호선,충무로,1,0,1
20211205,3호선,학여울,2806,3144,5950
20211205,3호선,홍제,8515,8003,16518
20211205,3호선,화정,8926,9167,18093
20211211,3호선,가락시장,5788,5489,11277
20211211,3호선,경복궁,13488,13976,27464
20211211,3호선,경찰병원,3654,3620,7274
20211211,3호선,고속터미널,42249,43363,85612
20211211,3호선,교대,6452,3797,10249
20211211,3호선,구파발,13885,13839,27724
20211211,3호선,금호,5430,4958,10388
20211211,3호선,남부터미널,18550,18540,37090
20211211,3호선,녹번,9709,8329,18038
20211211,3호선,대곡,1303,1104,2407
20211211,3호선,대청,5621,5025,10646
20211211,3호선,대치,7001,6504,13505
20211211,3호선,대화,8219,7212,15431
20211211,3호선,도곡,3141,3152,6293
20211211,3호선,독립문,5168,5426,10594
20211211,3호선,동대입구,6757,7214,13971
20211211,3호선,마두,4576,4700,9276
20211211,3호선,매봉,5642,5318,10960
20211211,3호선,무악재,2543,2583,5126
20211211,3호선,백석,6915,7003,13918
20211211,3호선,불광,11957,13438,25395
20211211,3호선,삼송,12903,12411,25314
20211211,3호선,수서,12491,12307,24798
20211211,3호선,신사,23091,25144,48235
20211211,3호선,안국,13083,14888,27971
20211211,3호선,압구정,23363,24832,48195
20211211,3호선,약수,8578,8032,16610
20211211,3호선,양재,20271,22109,42380
20211211,3호선,연신내,27147,25466,52613
20211211,3호선,오금,3482,3132,6614
20211211,3호선,옥수,6341,6501,12842
20211211,3호선,원당,7791,7207,14998
20211211,3호선,원흥,7260,6804,14064
20211211,3호선,을지로3가,4962,5224,10186
20211211,3호선,일원,4376,4220,8596
20211211,3호선,잠원,3209,3058,6267
20211211,3호선,정발산,6215,6530,12745
20211211,3호선,종로3가,4987,7086,12073
20211211,3호선,주엽,5952,5928,11880
20211211,3호선,지축,2868,2630,5498
20211211,3호선,충무로,1,0,1
20211211,3호선,학여울,1345,1402,2747
20211211,3호선,홍제,11856,11012,22868
20211211,3호선,화정,11923,12157,24080
20211212,3호선,가락시장,3197,3358,6555
20211212,3호선,경복궁,9941,9828,19769
20211212,3호선,경찰병원,2427,2479,4906
20211212,3호선,고속터미널,35647,33664,69311
20211212,3호선,교대,3789,2290,6079
20211212,3호선,구파발,10072,10208,20280
20211212,3호선,금호,3887,3651,7538
20211212,3호선,남부터미널,12565,13347,25912
20211212,3호선,녹번,6807,6230,13037
20211212,3호선,대곡,869,723,1592
20211212,3호선,대청,3804,3678,7482
20211212,3호선,대치,4041,3798,7839
20211212,3호선,대화,5954,5457,11411
20211212,3호선,도곡,1645,1728,3373
20211212,3호선,독립문,3479,3766,7245
20211212,3호선,동대입구,5767,6230,11997
20211212,3호선,마두,3142,3079,6221
20211212,3호선,매봉,3760,3769,7529
20211212,3호선,무악재,1629,1756,3385
20211212,3호선,백석,5130,5075,10205
20211212,3호선,불광,8860,10042,18902
20211212,3호선,삼송,9491,9656,19147
20211212,3호선,수서,9681,9339,19020
20211212,3호선,신사,12697,12779,25476
20211212,3호선,안국,9498,9930,19428
20211212,3호선,압구정,12425,13129,25554
20211212,3호선,약수,5974,5764,11738
20211212,3호선,양재,13291,15199,28490
20211212,3호선,연신내,19450,18544,37994
20211212,3호선,오금,2460,2323,4783
20211212,3호선,옥수,4241,4496,8737
20211212,3호선,원당,5501,5302,10803
20211212,3호선,원흥,5238,4984,10222
20211212,3호선,을지로3가,2879,2898,5777
20211212,3호선,일원,2692,2964,5656
20211212,3호선,잠원,1779,1871,3650
20211212,3호선,정발산,4514,4537,9051
20211212,3호선,종로3가,3408,4287,7695
20211212,3호선,주엽,3997,3939,7936
20211212,3호선,지축,2002,1806,3808
20211212,3호선,학여울,777,756,1533
20211212,3호선,홍제,8066,7721,15787
20211212,3호선,화정,8503,8764,17267
20211218,3호선,가락시장,5498,5169,10667
20211218,3호선,경복궁,12221,11864,24085
20211218,3호선,경찰병원,3800,3830,7630
20211218,3호선,고속터미널,44020,43855,87875
20211218,3호선,교대,6063,3577,9640
20211218,3호선,구파발,13548,13328,26876
20211218,3호선,금호,5330,5245,10575
20211218,3호선,남부터미널,18849,18632,37481
20211218,3호선,녹번,9648,8700,18348
20211218,3호선,대곡,1093,929,2022
20211218,3호선,대청,5417,5028,10445
20211218,3호선,대치,7388,7071,14459
20211218,3호선,대화,7840,7276,15116
20211218,3호선,도곡,3088,3127,6215
20211218,3호선,독립문,4415,4467,8882
20211218,3호선,동대입구,7319,7432,14751
20211218,3호선,마두,4632,4776,9408
20211218,3호선,매봉,5754,5614,11368
20211218,3호선,무악재,2373,2568,4941
20211218,3호선,백석,7233,7361,14594
20211218,3호선,불광,10985,12458,23443
20211218,3호선,삼송,12715,9588,22303
20211218,3호선,수서,12651,12802,25453
20211218,3호선,신사,25626,24549,50175
20211218,3호선,안국,11980,12450,24430
20211218,3호선,압구정,26977,26074,53051
20211218,3호선,약수,8453,8179,16632
20211218,3호선,양재,20932,22197,43129
20211218,3호선,연신내,25141,24862,50003
20211218,3호선,오금,3261,3122,6383
20211218,3호선,옥수,6300,6804,13104
20211218,3호선,원당,7112,7124,14236
20211218,3호선,원흥,7027,6727,13754
20211218,3호선,을지로3가,4889,4820,9709
20211218,3호선,일원,4446,4273,8719
20211218,3호선,잠원,3367,3348,6715
20211218,3호선,정발산,6363,6545,12908
20211218,3호선,종로3가,5256,6872,12128
20211218,3호선,주엽,5791,5739,11530
20211218,3호선,지축,2513,2539,5052
20211218,3호선,충무로,1,0,1
20211218,3호선,학여울,1508,1529,3037
20211218,3호선,홍제,11349,11396,22745
20211218,3호선,화정,11705,12258,23963
20211219,3호선,가락시장,3513,3557,7070
20211219,3호선,경복궁,9364,9514,18878
20211219,3호선,경찰병원,2580,2655,5235
20211219,3호선,고속터미널,35916,34251,70167
20211219,3호선,교대,3671,2275,5946
20211219,3호선,구파발,10389,10577,20966
20211219,3호선,금호,3859,3793,7652
20211219,3호선,남부터미널,12593,13252,25845
20211219,3호선,녹번,6980,6150,13130
20211219,3호선,대곡,837,716,1553
20211219,3호선,대청,3968,3865,7833
20211219,3호선,대치,4446,4198,8644
20211219,3호선,대화,5866,5454,11320
20211219,3호선,도곡,1879,2020,3899
20211219,3호선,독립문,3281,3495,6776
20211219,3호선,동대입구,5992,6374,12366
20211219,3호선,마두,3176,3151,6327
20211219,3호선,매봉,3956,4057,8013
20211219,3호선,무악재,1656,1775,3431
20211219,3호선,백석,5574,5517,11091
20211219,3호선,불광,8673,9838,18511
20211219,3호선,삼송,10380,10300,20680
20211219,3호선,수서,9858,9877,19735
20211219,3호선,신사,13305,13349,26654
20211219,3호선,안국,8939,9478,18417
20211219,3호선,압구정,13271,13943,27214
20211219,3호선,약수,6014,5896,11910
20211219,3호선,양재,13584,15616,29200
20211219,3호선,연신내,19101,18069,37170
20211219,3호선,오금,2516,2439,4955
20211219,3호선,옥수,4385,4728,9113
20211219,3호선,원당,5583,5289,10872
20211219,3호선,원흥,5525,5277,10802
20211219,3호선,을지로3가,3113,2946,6059
20211219,3호선,일원,3060,3272,6332
20211219,3호선,잠원,1881,2020,3901
20211219,3호선,정발산,5076,5093,10169
20211219,3호선,종로3가,3444,4477,7921
20211219,3호선,주엽,4029,4125,8154
20211219,3호선,지축,1978,1894,3872
20211219,3호선,충무로,1,0,1
20211219,3호선,학여울,1232,1309,2541
20211219,3호선,홍제,8078,7745,15823
20211219,3호선,화정,8906,9206,18112
20211225,3호선,가락시장,4006,3864,7870
20211225,3호선,경복궁,9838,10227,20065
20211225,3호선,경찰병원,2744,2703,5447
20211225,3호선,고속터미널,36399,36608,73007
20211225,3호선,교대,3666,2196,5862
20211225,3호선,구파발,10848,11086,21934
20211225,3호선,금호,4182,3901,8083
20211225,3호선,남부터미널,13762,13854,27616
20211225,3호선,녹번,7349,6605,13954
20211225,3호선,대곡,865,803,1668
20211225,3호선,대청,4059,3827,7886
20211225,3호선,대치,5023,4728,9751
20211225,3호선,대화,6220,6025,12245
20211225,3호선,도곡,1777,1762,3539
20211225,3호선,독립문,3397,3530,6927
20211225,3호선,동대입구,5760,6129,11889
20211225,3호선,마두,3467,3525,6992
20211225,3호선,매봉,4027,3902,7929
20211225,3호선,무악재,1913,1964,3877
20211225,3호선,백석,5818,5845,11663
20211225,3호선,불광,9332,10704,20036
20211225,3호선,삼송,12137,11783,23920
20211225,3호선,수서,8925,9400,18325
20211225,3호선,신사,15375,15770,31145
20211225,3호선,안국,10840,11473,22313
20211225,3호선,압구정,14964,15808,30772
20211225,3호선,약수,6551,6204,12755
20211225,3호선,양재,12924,14139,27063
20211225,3호선,연신내,21344,20788,42132
20211225,3호선,오금,2480,2342,4822
20211225,3호선,옥수,4327,4730,9057
20211225,3호선,원당,6022,5961,11983
20211225,3호선,원흥,5249,5018,10267
20211225,3호선,을지로3가,5111,4848,9959
20211225,3호선,일원,2861,2977,5838
20211225,3호선,잠원,2051,2078,4129
20211225,3호선,정발산,6425,6536,12961
20211225,3호선,종로3가,5107,7265,12372
20211225,3호선,주엽,4364,4541,8905
20211225,3호선,지축,1998,1795,3793
20211225,3호선,학여울,709,705,1414
20211225,3호선,홍제,8988,8628,17616
20211225,3호선,화정,9862,10489,20351
20211226,3호선,가락시장,2841,3025,5866
20211226,3호선,경복궁,7063,7043,14106
20211226,3호선,경찰병원,2279,2374,4653
20211226,3호선,고속터미널,34731,32312,67043
20211226,3호선,교대,3268,2047,5315
20211226,3호선,구파발,8608,8578,17186
20211226,3호선,금호,3305,3150,6455
20211226,3호선,남부터미널,12378,12768,25146
20211226,3호선,녹번,5768,5249,11017
20211226,3호선,대곡,705,591,1296
20211226,3호선,대청,3292,3150,6442
20211226,3호선,대치,4049,3819,7868
20211226,3호선,대화,5072,4662,9734
20211226,3호선,도곡,1379,1506,2885
20211226,3호선,독립문,2734,2813,5547
20211226,3호선,동대입구,5092,5200,10292
20211226,3호선,마두,2689,2733,5422
20211226,3호선,매봉,3307,3456,6763
20211226,3호선,무악재,1448,1586,3034
20211226,3호선,백석,4629,4512,9141
20211226,3호선,불광,7422,8430,15852
20211226,3호선,삼송,8752,8719,17471
20211226,3호선,수서,9027,8636,17663
20211226,3호선,신사,11330,11245,22575
20211226,3호선,안국,6893,7044,13937
20211226,3호선,압구정,11546,11788,23334
20211226,3호선,약수,5096,4924,10020
20211226,3호선,양재,10473,12136,22609
20211226,3호선,연신내,16556,16080,32636
20211226,3호선,오금,2141,2176,4317
20211226,3호선,옥수,3436,3870,7306
20211226,3호선,원당,4711,4694,9405
20211226,3호선,원흥,4191,3981,8172
20211226,3호선,을지로3가,2839,2674,5513
20211226,3호선,일원,2509,2783,5292
20211226,3호선,잠원,1587,1704,3291
20211226,3호선,정발산,4514,4357,8871
20211226,3호선,종로3가,3325,3942,7267
20211226,3호선,주엽,3459,3474,6933
20211226,3호선,지축,1521,1474,2995
20211226,3호선,학여울,689,703,1392
20211226,3호선,홍제,6793,6786,13579
20211226,3호선,화정,7436,7759,15195
