사용일자,호선명,지하철역,승차총승객수,하차총승객수,승하차총승객수
20210102,7호선,가산디지털단지,8348,7926,16274
20210102,7호선,강남구청,4752,5195,9947
20210102,7호선,건대입구,6048,6063,12111
20210102,7호선,고속터미널,6786,4984,11770
20210102,7호선,공릉,4733,4965,9698
20210102,7호선,광명사거리,10002,10003,20005
20210102,7호선,군자,6023,4865,10888
20210102,7호선,굴포천,3511,3533,7044
20210102,7호선,까치울,2779,2797,5576
20210102,7호선,남구로,5356,5433,10789
20210102,7호선,남성,4508,4489,8997
20210102,7호선,내방,4439,4451,8890
20210102,7호선,노원,9538,9526,19064
20210102,7호선,논현,6241,6719,12960
20210102,7호선,대림,4185,4099,8284
20210102,7호선,도봉산,3799,5554,9353
20210102,7호선,뚝섬유원지,3051,2951,6002
20210102,7호선,마들,5241,5133,10374
20210102,7호선,먹골,4375,4358,8733
20210102,7호선,면목,6737,6775,13512
20210102,7호선,반포,2547,2372,4919
20210102,7호선,보라매,3049,3043,6092
20210102,7호선,부천시청,5311,5251,10562
20210102,7호선,부천종합운동장,1716,1539,3255
20210102,7호선,부평구청,3822,3404,7226
20210102,7호선,사가정,7520,7373,14893
20210102,7호선,삼산체육관,1567,1481,3048
20210102,7호선,상도,3819,3807,7626
20210102,7호선,상동,5086,4998,10084
20210102,7호선,상봉,7765,7612,15377
20210102,7호선,수락산,6122,6047,12169
20210102,7호선,숭실대입구,4311,4546,8857
20210102,7호선,신대방삼거리,6370,6505,12875
20210102,7호선,신중동,5267,5123,10390
20210102,7호선,신풍,4738,4554,9292
20210102,7호선,어린이대공원,6519,6429,12948
20210102,7호선,온수,3449,3291,6740
20210102,7호선,용마산,2652,2712,5364
20210102,7호선,이수,6211,5946,12157
20210102,7호선,장승배기,4047,3956,8003
20210102,7호선,장암,776,491,1267
20210102,7호선,중계,5312,4819,10131
20210102,7호선,중곡,4064,3952,8016
20210102,7호선,중화,4660,4605,9265
20210102,7호선,천왕,3655,3538,7193
20210102,7호선,철산,8164,8106,16270
20210102,7호선,청담,5865,6086,11951
20210102,7호선,춘의,2884,2800,5684
20210102,7호선,태릉입구,3525,3119,6644
20210102,7호선,하계,6884,6546,13430
20210102,7호선,학동,4812,5038,9850
20210103,7호선,가산디지털단지,6325,6146,12471
20210103,7호선,강남구청,2934,3211,6145
20210103,7호선,건대입구,4661,4680,9341
20210103,7호선,고속터미널,9182,4369,13551
20210103,7호선,공릉,3606,3817,7423
20210103,7호선,광명사거리,7651,7501,15152
20210103,7호선,군자,4405,3813,8218
20210103,7호선,굴포천,2758,2571,5329
20210103,7호선,까치울,2189,2083,4272
20210103,7호선,남구로,4494,4218,8712
20210103,7호선,남성,3178,3373,6551
20210103,7호선,내방,3025,3092,6117
20210103,7호선,노원,6282,6206,12488
20210103,7호선,논현,3759,4060,7819
20210103,7호선,대림,3747,3475,7222
20210103,7호선,도봉산,3116,4609,7725
20210103,7호선,뚝섬유원지,2431,2347,4778
20210103,7호선,마들,3443,3202,6645
20210103,7호선,먹골,3266,3297,6563
20210103,7호선,면목,5107,5158,10265
20210103,7호선,반포,1715,1744,3459
20210103,7호선,보라매,2316,2426,4742
20210103,7호선,부천시청,3893,3769,7662
20210103,7호선,부천종합운동장,1417,1268,2685
20210103,7호선,부평구청,2980,2611,5591
20210103,7호선,사가정,5658,5555,11213
20210103,7호선,삼산체육관,1220,1179,2399
20210103,7호선,상도,2822,2988,5810
20210103,7호선,상동,3690,3573,7263
20210103,7호선,상봉,5733,5488,11221
20210103,7호선,수락산,5125,5092,10217
20210103,7호선,숭실대입구,3129,3493,6622
20210103,7호선,신대방삼거리,4688,4888,9576
20210103,7호선,신중동,3971,3743,7714
20210103,7호선,신풍,3515,3355,6870
20210103,7호선,어린이대공원,5852,5920,11772
20210103,7호선,온수,2394,2399,4793
20210103,7호선,용마산,1988,2179,4167
20210103,7호선,이수,4398,4335,8733
20210103,7호선,장승배기,2935,2962,5897
20210103,7호선,장암,736,463,1199
20210103,7호선,중계,4017,3650,7667
20210103,7호선,중곡,3093,3012,6105
20210103,7호선,중화,3426,3413,6839
20210103,7호선,천왕,2730,2604,5334
20210103,7호선,철산,5680,5817,11497
20210103,7호선,청담,3667,3926,7593
20210103,7호선,춘의,2135,1949,4084
20210103,7호선,태릉입구,2571,2432,5003
20210103,7호선,하계,5029,4779,9808
20210103,7호선,학동,2952,3215,6167
20210109,7호선,가산디지털단지,11121,10329,21450
20210109,7호선,강남구청,6596,6899,13495
20210109,7호선,건대입구,7865,7517,15382
20210109,7호선,고속터미널,7516,6647,14163
20210109,7호선,공릉,5719,5817,11536
20210109,7호선,광명사거리,11838,11963,23801
20210109,7호선,군자,7269,5854,13123
20210109,7호선,굴포천,4390,4559,8949
20210109,7호선,까치울,3334,3440,6774
20210109,7호선,남구로,6310,6580,12890
20210109,7호선,남성,5697,5276,10973
20210109,7호선,내방,5808,5620,11428
20210109,7호선,노원,10695,10804,21499
20210109,7호선,논현,8041,8832,16873
20210109,7호선,대림,4836,4972,9808
20210109,7호선,도봉산,3657,5147,8804
20210109,7호선,뚝섬유원지,3235,3247,6482
20210109,7호선,마들,6194,5988,12182
20210109,7호선,먹골,5188,5274,10462
20210109,7호선,면목,7942,7894,15836
20210109,7호선,반포,3027,2806,5833
20210109,7호선,보라매,4035,4038,8073
20210109,7호선,부천시청,6387,6480,12867
20210109,7호선,부천종합운동장,1938,1745,3683
20210109,7호선,부평구청,4677,4280,8957
20210109,7호선,사가정,8519,8519,17038
20210109,7호선,삼산체육관,1975,1874,3849
20210109,7호선,상도,5006,4721,9727
20210109,7호선,상동,6299,6436,12735
20210109,7호선,상봉,9194,8877,18071
20210109,7호선,수락산,6334,6420,12754
20210109,7호선,숭실대입구,5518,5527,11045
20210109,7호선,신대방삼거리,8109,7749,15858
20210109,7호선,신중동,6451,6444,12895
20210109,7호선,신풍,5733,5563,11296
20210109,7호선,어린이대공원,5485,5262,10747
20210109,7호선,온수,4078,3979,8057
20210109,7호선,용마산,2918,2835,5753
20210109,7호선,이수,7955,7516,15471
20210109,7호선,장승배기,4942,4738,9680
20210109,7호선,장암,779,486,1265
20210109,7호선,중계,6184,5597,11781
20210109,7호선,중곡,4755,4603,9358
20210109,7호선,중화,5531,5433,10964
20210109,7호선,천왕,4646,4412,9058
20210109,7호선,철산,10200,10223,20423
20210109,7호선,청담,7938,8252,16190
20210109,7호선,춘의,3879,3836,7715
20210109,7호선,태릉입구,4115,3738,7853
20210109,7호선,하계,7929,7624,15553
20210109,7호선,학동,7609,7835,15444
20210110,7호선,가산디지털단지,7230,6687,13917
20210110,7호선,강남구청,3622,3856,7478
20210110,7호선,건대입구,4941,4676,9617
20210110,7호선,고속터미널,6412,4717,11129
20210110,7호선,공릉,3927,4041,7968
20210110,7호선,광명사거리,7910,7893,15803
20210110,7호선,군자,4695,3741,8436
20210110,7호선,굴포천,2728,2746,5474
20210110,7호선,까치울,2223,2192,4415
20210110,7호선,남구로,4590,4403,8993
20210110,7호선,남성,3497,3592,7089
20210110,7호선,내방,3445,3490,6935
20210110,7호선,노원,7082,6798,13880
20210110,7호선,논현,4205,4444,8649
20210110,7호선,대림,4006,3731,7737
20210110,7호선,도봉산,2863,4286,7149
20210110,7호선,뚝섬유원지,2344,2263,4607
20210110,7호선,마들,3538,3330,6868
20210110,7호선,먹골,3324,3351,6675
20210110,7호선,면목,5095,5205,10300
20210110,7호선,반포,1693,1766,3459
20210110,7호선,보라매,2741,2642,5383
20210110,7호선,부천시청,4025,3939,7964
20210110,7호선,부천종합운동장,1264,1209,2473
20210110,7호선,부평구청,3087,2653,5740
20210110,7호선,사가정,5693,5685,11378
20210110,7호선,삼산체육관,1247,1186,2433
20210110,7호선,상도,4984,4704,9688
20210110,7호선,상동,3884,3649,7533
20210110,7호선,상봉,5681,5280,10961
20210110,7호선,수락산,4700,4767,9467
20210110,7호선,숭실대입구,3479,3605,7084
20210110,7호선,신대방삼거리,5408,5345,10753
20210110,7호선,신중동,4078,3996,8074
20210110,7호선,신풍,3745,3511,7256
20210110,7호선,어린이대공원,4161,4021,8182
20210110,7호선,온수,2448,2372,4820
20210110,7호선,용마산,1962,2120,4082
20210110,7호선,이수,4851,4583,9434
20210110,7호선,장승배기,3341,3186,6527
20210110,7호선,장암,578,329,907
20210110,7호선,중계,4054,3786,7840
20210110,7호선,중곡,3169,3165,6334
20210110,7호선,중화,3552,3575,7127
20210110,7호선,천왕,2930,2887,5817
20210110,7호선,철산,6309,6322,12631
20210110,7호선,청담,4082,4272,8354
20210110,7호선,춘의,2131,2052,4183
20210110,7호선,태릉입구,2740,2507,5247
20210110,7호선,하계,5201,4987,10188
20210110,7호선,학동,3786,3999,7785
20210116,7호선,가산디지털단지,11878,10773,22651
20210116,7호선,강남구청,7182,7721,14903
20210116,7호선,건대입구,8377,7878,16255
20210116,7호선,고속터미널,8770,7230,16000
20210116,7호선,공릉,6590,6407,12997
20210116,7호선,광명사거리,13457,13504,26961
20210116,7호선,군자,8155,6316,14471
20210116,7호선,굴포천,4721,5019,9740
20210116,7호선,까치울,3725,3794,7519
20210116,7호선,남구로,6953,7507,14460
20210116,7호선,남성,6102,5749,11851
20210116,7호선,내방,6247,6172,12419
20210116,7호선,노원,11713,11930,23643
20210116,7호선,논현,8764,9363,18127
20210116,7호선,대림,5359,5652,11011
20210116,7호선,도봉산,4586,6681,11267
20210116,7호선,뚝섬유원지,3975,3984,7959
20210116,7호선,마들,6820,6643,13463
20210116,7호선,먹골,5910,5772,11682
20210116,7호선,면목,8683,8677,17360
20210116,7호선,반포,3242,3008,6250
20210116,7호선,보라매,4957,4701,9658
20210116,7호선,부천시청,7196,7032,14228
20210116,7호선,부천종합운동장,2278,2004,4282
20210116,7호선,부평구청,5247,4661,9908
20210116,7호선,사가정,9596,9556,19152
20210116,7호선,삼산체육관,2252,2107,4359
20210116,7호선,상도,5492,5254,10746
20210116,7호선,상동,6948,7128,14076
20210116,7호선,상봉,10198,9841,20039
20210116,7호선,수락산,7444,7389,14833
20210116,7호선,숭실대입구,5985,5919,11904
20210116,7호선,신대방삼거리,9288,8747,18035
20210116,7호선,신중동,7231,7158,14389
20210116,7호선,신풍,6270,6107,12377
20210116,7호선,어린이대공원,6281,6083,12364
20210116,7호선,온수,4453,4386,8839
20210116,7호선,용마산,3429,3368,6797
20210116,7호선,이수,9021,8303,17324
20210116,7호선,장승배기,5255,5264,10519
20210116,7호선,장암,985,666,1651
20210116,7호선,중계,7001,6288,13289
20210116,7호선,중곡,5383,5278,10661
20210116,7호선,중화,6060,5988,12048
20210116,7호선,천왕,5147,4920,10067
20210116,7호선,철산,11056,11472,22528
20210116,7호선,청담,8404,8780,17184
20210116,7호선,춘의,4270,4159,8429
20210116,7호선,태릉입구,4499,4206,8705
20210116,7호선,하계,8958,8639,17597
20210116,7호선,학동,7798,8230,16028
20210117,7호선,가산디지털단지,7977,7260,15237
20210117,7호선,강남구청,3863,4204,8067
20210117,7호선,건대입구,5789,5562,11351
20210117,7호선,고속터미널,8020,5229,13249
20210117,7호선,공릉,4297,4421,8718
20210117,7호선,광명사거리,8891,8664,17555
20210117,7호선,군자,5143,4216,9359
20210117,7호선,굴포천,3124,3251,6375
20210117,7호선,까치울,2532,2589,5121
20210117,7호선,남구로,4980,4906,9886
20210117,7호선,남성,3782,4047,7829
20210117,7호선,내방,3761,3752,7513
20210117,7호선,노원,7441,7286,14727
20210117,7호선,논현,4542,4920,9462
20210117,7호선,대림,4541,4336,8877
20210117,7호선,도봉산,3370,5088,8458
20210117,7호선,뚝섬유원지,2730,2753,5483
20210117,7호선,마들,3971,3921,7892
20210117,7호선,먹골,3839,3949,7788
20210117,7호선,면목,5682,5752,11434
20210117,7호선,반포,2051,2046,4097
20210117,7호선,보라매,2793,2900,5693
20210117,7호선,부천시청,4686,4471,9157
20210117,7호선,부천종합운동장,1499,1389,2888
20210117,7호선,부평구청,3514,3077,6591
20210117,7호선,사가정,6476,6523,12999
20210117,7호선,삼산체육관,1497,1489,2986
20210117,7호선,상도,3633,3567,7200
20210117,7호선,상동,4674,4378,9052
20210117,7호선,상봉,6737,6327,13064
20210117,7호선,수락산,5643,5702,11345
20210117,7호선,숭실대입구,3869,4217,8086
20210117,7호선,신대방삼거리,5544,5621,11165
20210117,7호선,신중동,4714,4489,9203
20210117,7호선,신풍,4136,3944,8080
20210117,7호선,어린이대공원,4464,4430,8894
20210117,7호선,온수,2729,2647,5376
20210117,7호선,용마산,2199,2435,4634
20210117,7호선,이수,5348,5087,10435
20210117,7호선,장승배기,3405,3427,6832
20210117,7호선,장암,770,469,1239
20210117,7호선,중계,4505,4215,8720
20210117,7호선,중곡,3444,3421,6865
20210117,7호선,중화,3961,3919,7880
20210117,7호선,천왕,3240,3186,6426
20210117,7호선,철산,6988,6998,13986
20210117,7호선,청담,4654,4924,9578
20210117,7호선,춘의,2517,2307,4824
20210117,7호선,태릉입구,3192,2758,5950
20210117,7호선,하계,5855,5618,11473
20210117,7호선,학동,4267,4439,8706
20210123,7호선,가산디지털단지,12427,11519,23946
20210123,7호선,강남구청,8012,8598,16610
20210123,7호선,건대입구,8803,8482,17285
20210123,7호선,고속터미널,9807,7864,17671
20210123,7호선,공릉,7299,7140,14439
20210123,7호선,광명사거리,14407,14516,28923
20210123,7호선,군자,8967,6929,15896
20210123,7호선,굴포천,5115,5302,10417
20210123,7호선,까치울,4249,4140,8389
20210123,7호선,남구로,7221,7741,14962
20210123,7호선,남성,6553,6095,12648
20210123,7호선,내방,6888,6656,13544
20210123,7호선,노원,12712,13370,26082
20210123,7호선,논현,9827,10622,20449
20210123,7호선,대림,5517,5900,11417
20210123,7호선,도봉산,5105,7160,12265
20210123,7호선,뚝섬유원지,5140,4921,10061
20210123,7호선,마들,7151,6895,14046
20210123,7호선,먹골,6360,6244,12604
20210123,7호선,면목,9411,9260,18671
20210123,7호선,반포,3562,3224,6786
20210123,7호선,보라매,4850,4825,9675
20210123,7호선,부천시청,7663,7547,15210
20210123,7호선,부천종합운동장,2438,2214,4652
20210123,7호선,부평구청,5800,5057,10857
20210123,7호선,사가정,10262,10279,20541
20210123,7호선,삼산체육관,2433,2336,4769
20210123,7호선,상도,6025,5643,11668
20210123,7호선,상동,7652,7899,15551
20210123,7호선,상봉,11018,10722,21740
20210123,7호선,수락산,8111,8198,16309
20210123,7호선,숭실대입구,6417,6359,12776
20210123,7호선,신대방삼거리,9649,9198,18847
20210123,7호선,신중동,7586,7585,15171
20210123,7호선,신풍,6817,6533,13350
20210123,7호선,어린이대공원,6934,6438,13372
20210123,7호선,온수,4830,4717,9547
20210123,7호선,용마산,3532,3647,7179
20210123,7호선,이수,9719,9061,18780
20210123,7호선,장승배기,5780,5667,11447
20210123,7호선,장암,1203,788,1991
20210123,7호선,중계,7515,6797,14312
20210123,7호선,중곡,5662,5424,11086
20210123,7호선,중화,6479,6320,12799
20210123,7호선,천왕,5436,5204,10640
20210123,7호선,철산,12150,12243,24393
20210123,7호선,청담,9416,9914,19330
20210123,7호선,춘의,4454,4247,8701
20210123,7호선,태릉입구,5346,4753,10099
20210123,7호선,하계,9709,9127,18836
20210123,7호선,학동,8506,8921,17427
20210124,7호선,가산디지털단지,8483,7953,16436
20210124,7호선,강남구청,4368,4682,9050
20210124,7호선,건대입구,5783,5670,11453
20210124,7호선,고속터미널,8795,5992,14787
20210124,7호선,공릉,4925,5110,10035
20210124,7호선,광명사거리,9742,9576,19318
20210124,7호선,군자,5868,4764,10632
20210124,7호선,굴포천,3475,3373,6848
20210124,7호선,까치울,2903,2875,5778
20210124,7호선,남구로,5517,5243,10760
20210124,7호선,남성,4155,4262,8417
20210124,7호선,내방,4064,4282,8346
20210124,7호선,노원,8375,8302,16677
20210124,7호선,논현,5310,5533,10843
20210124,7호선,대림,4733,4462,9195
20210124,7호선,도봉산,4180,6367,10547
20210124,7호선,뚝섬유원지,4704,4359,9063
20210124,7호선,마들,4706,4381,9087
20210124,7호선,먹골,4316,4201,8517
20210124,7호선,면목,6320,6375,12695
20210124,7호선,반포,2009,2058,4067
20210124,7호선,보라매,3332,3364,6696
20210124,7호선,부천시청,4922,4759,9681
20210124,7호선,부천종합운동장,1792,1684,3476
20210124,7호선,부평구청,3890,3316,7206
20210124,7호선,사가정,7424,7201,14625
20210124,7호선,삼산체육관,1724,1661,3385
20210124,7호선,상도,3949,4052,8001
20210124,7호선,상동,4836,4819,9655
20210124,7호선,상봉,7268,6847,14115
20210124,7호선,수락산,6615,6746,13361
20210124,7호선,숭실대입구,4380,4644,9024
20210124,7호선,신대방삼거리,6492,6352,12844
20210124,7호선,신중동,5173,4947,10120
20210124,7호선,신풍,4761,4525,9286
20210124,7호선,어린이대공원,5205,5129,10334
20210124,7호선,온수,2994,3140,6134
20210124,7호선,용마산,2588,2810,5398
20210124,7호선,이수,6069,5693,11762
20210124,7호선,장승배기,4131,3948,8079
20210124,7호선,장암,1029,697,1726
20210124,7호선,중계,5133,4744,9877
20210124,7호선,중곡,4118,4007,8125
20210124,7호선,중화,4591,4506,9097
20210124,7호선,천왕,3897,3762,7659
20210124,7호선,철산,7941,8062,16003
20210124,7호선,청담,4866,5114,9980
20210124,7호선,춘의,2720,2611,5331
20210124,7호선,태릉입구,3571,3389,6960
20210124,7호선,하계,6983,6671,13654
20210124,7호선,학동,4584,4813,9397
20210130,7호선,가산디지털단지,12447,11568,24015
20210130,7호선,강남구청,8033,8792,16825
20210130,7호선,건대입구,8951,8808,17759
20210130,7호선,고속터미널,10040,8301,18341
20210130,7호선,공릉,7276,7191,14467
20210130,7호선,광명사거리,14413,14542,28955
20210130,7호선,군자,8886,6908,15794
20210130,7호선,굴포천,5108,5283,10391
20210130,7호선,까치울,4142,4166,8308
20210130,7호선,남구로,7228,7629,14857
20210130,7호선,남성,6476,6112,12588
20210130,7호선,내방,6773,6652,13425
20210130,7호선,노원,12895,13343,26238
20210130,7호선,논현,9864,10533,20397
20210130,7호선,대림,5617,6045,11662
20210130,7호선,도봉산,4796,6728,11524
20210130,7호선,뚝섬유원지,4630,4419,9049
20210130,7호선,마들,7374,6956,14330
20210130,7호선,먹골,6295,6294,12589
20210130,7호선,면목,9259,9069,18328
20210130,7호선,반포,3540,3295,6835
20210130,7호선,보라매,5026,4949,9975
20210130,7호선,부천시청,7745,7720,15465
20210130,7호선,부천종합운동장,2337,2273,4610
20210130,7호선,부평구청,5708,5068,10776
20210130,7호선,사가정,10340,10283,20623
20210130,7호선,삼산체육관,2551,2405,4956
20210130,7호선,상도,5944,5658,11602
20210130,7호선,상동,7823,7925,15748
20210130,7호선,상봉,11137,10716,21853
20210130,7호선,수락산,8051,7950,16001
20210130,7호선,숭실대입구,7003,6880,13883
20210130,7호선,신대방삼거리,9502,9041,18543
20210130,7호선,신중동,7861,7913,15774
20210130,7호선,신풍,6925,6610,13535
20210130,7호선,어린이대공원,6738,6441,13179
20210130,7호선,온수,4839,4704,9543
20210130,7호선,용마산,3637,3597,7234
20210130,7호선,이수,10136,9424,19560
20210130,7호선,장승배기,5915,5630,11545
20210130,7호선,장암,1111,791,1902
20210130,7호선,중계,7532,6798,14330
20210130,7호선,중곡,5828,5568,11396
20210130,7호선,중화,6549,6338,12887
20210130,7호선,천왕,5811,5588,11399
20210130,7호선,철산,12339,12512,24851
20210130,7호선,청담,9272,9641,18913
20210130,7호선,춘의,4265,4216,8481
20210130,7호선,태릉입구,5100,4697,9797
20210130,7호선,하계,9823,9180,19003
20210130,7호선,학동,8681,9099,17780
20210131,7호선,가산디지털단지,8336,7703,16039
20210131,7호선,강남구청,4422,4941,9363
20210131,7호선,건대입구,6551,6595,13146
20210131,7호선,고속터미널,8552,5677,14229
20210131,7호선,공릉,5059,5227,10286
20210131,7호선,광명사거리,9971,9809,19780
20210131,7호선,군자,6010,4863,10873
20210131,7호선,굴포천,3545,3597,7142
20210131,7호선,까치울,3003,2955,5958
20210131,7호선,남구로,5416,5305,10721
20210131,7호선,남성,4243,4281,8524
20210131,7호선,내방,4056,4223,8279
20210131,7호선,노원,8354,8529,16883
20210131,7호선,논현,5178,5492,10670
20210131,7호선,대림,5008,4604,9612
20210131,7호선,도봉산,4108,6182,10290
20210131,7호선,뚝섬유원지,4352,4077,8429
20210131,7호선,마들,4706,4320,9026
20210131,7호선,먹골,4282,4225,8507
20210131,7호선,면목,6524,6522,13046
20210131,7호선,반포,2277,2379,4656
20210131,7호선,보라매,3396,3491,6887
20210131,7호선,부천시청,5237,5085,10322
20210131,7호선,부천종합운동장,1765,1603,3368
20210131,7호선,부평구청,4019,3398,7417
20210131,7호선,사가정,7466,7219,14685
20210131,7호선,삼산체육관,1760,1619,3379
20210131,7호선,상도,4093,4037,8130
20210131,7호선,상동,5150,5053,10203
20210131,7호선,상봉,7746,7247,14993
20210131,7호선,수락산,6778,6657,13435
20210131,7호선,숭실대입구,4538,4784,9322
20210131,7호선,신대방삼거리,6221,6140,12361
20210131,7호선,신중동,5147,5119,10266
20210131,7호선,신풍,4682,4574,9256
20210131,7호선,어린이대공원,5134,4918,10052
20210131,7호선,온수,3044,3060,6104
20210131,7호선,용마산,2677,2871,5548
20210131,7호선,이수,6552,6176,12728
20210131,7호선,장승배기,3936,3838,7774
20210131,7호선,장암,886,623,1509
20210131,7호선,중계,5267,4767,10034
20210131,7호선,중곡,4168,4063,8231
20210131,7호선,중화,4653,4609,9262
20210131,7호선,천왕,3893,3702,7595
20210131,7호선,철산,8107,8055,16162
20210131,7호선,청담,5661,5915,11576
20210131,7호선,춘의,2684,2500,5184
20210131,7호선,태릉입구,3667,3254,6921
20210131,7호선,하계,6889,6534,13423
20210131,7호선,학동,4423,4807,9230
20210206,7호선,가산디지털단지,13344,12283,25627
20210206,7호선,강남구청,8322,8926,17248
20210206,7호선,건대입구,8666,8252,16918
20210206,7호선,고속터미널,10013,8279,18292
20210206,7호선,공릉,7342,7388,14730
20210206,7호선,광명사거리,15417,15454,30871
20210206,7호선,군자,9286,7223,16509
20210206,7호선,굴포천,5439,5467,10906
20210206,7호선,까치울,4457,4317,8774
20210206,7호선,남구로,7525,8007,15532
20210206,7호선,남성,6791,6337,13128
20210206,7호선,내방,6954,7014,13968
20210206,7호선,노원,13380,14007,27387
20210206,7호선,논현,10430,11071,21501
20210206,7호선,대림,5860,6228,12088
20210206,7호선,도봉산,5216,7307,12523
20210206,7호선,뚝섬유원지,5318,5188,10506
20210206,7호선,마들,7621,7306,14927
20210206,7호선,먹골,6781,6471,13252
20210206,7호선,면목,9836,9673,19509
20210206,7호선,반포,3820,3505,7325
20210206,7호선,보라매,5483,5200,10683
20210206,7호선,부천시청,8044,7931,15975
20210206,7호선,부천종합운동장,2551,2328,4879
20210206,7호선,부평구청,5924,5215,11139
20210206,7호선,사가정,11105,10635,21740
20210206,7호선,삼산체육관,2777,2560,5337
20210206,7호선,상도,6262,5945,12207
20210206,7호선,상동,8319,8379,16698
20210206,7호선,상봉,11313,10959,22272
20210206,7호선,수락산,8951,8821,17772
20210206,7호선,숭실대입구,6714,6632,13346
20210206,7호선,신대방삼거리,10261,9626,19887
20210206,7호선,신중동,8193,8117,16310
20210206,7호선,신풍,7154,6905,14059
20210206,7호선,어린이대공원,6860,6610,13470
20210206,7호선,온수,5397,5091,10488
20210206,7호선,용마산,3961,3915,7876
20210206,7호선,이수,10587,9772,20359
20210206,7호선,장승배기,6091,5830,11921
20210206,7호선,장암,1264,816,2080
20210206,7호선,중계,7758,6999,14757
20210206,7호선,중곡,5879,5655,11534
20210206,7호선,중화,7200,6882,14082
20210206,7호선,천왕,5786,5439,11225
20210206,7호선,철산,12536,12806,25342
20210206,7호선,청담,10087,10814,20901
20210206,7호선,춘의,4521,4424,8945
20210206,7호선,태릉입구,5369,4850,10219
20210206,7호선,하계,10289,9591,19880
20210206,7호선,학동,9127,9892,19019
20210207,7호선,가산디지털단지,8856,8035,16891
20210207,7호선,강남구청,4346,4829,9175
20210207,7호선,건대입구,6082,5887,11969
20210207,7호선,고속터미널,7812,5848,13660
20210207,7호선,공릉,5397,5443,10840
20210207,7호선,광명사거리,10376,10274,20650
20210207,7호선,군자,6119,4886,11005
20210207,7호선,굴포천,3719,3803,7522
20210207,7호선,까치울,2981,3009,5990
20210207,7호선,남구로,5610,5509,11119
20210207,7호선,남성,4442,4412,8854
20210207,7호선,내방,4227,4433,8660
20210207,7호선,노원,8951,8748,17699
20210207,7호선,논현,5313,5684,10997
20210207,7호선,대림,5556,5173,10729
20210207,7호선,도봉산,3957,5931,9888
20210207,7호선,뚝섬유원지,3935,3778,7713
20210207,7호선,마들,4903,4647,9550
20210207,7호선,먹골,4526,4469,8995
20210207,7호선,면목,6654,6710,13364
20210207,7호선,반포,2320,2350,4670
20210207,7호선,보라매,3612,3486,7098
20210207,7호선,부천시청,5489,5409,10898
20210207,7호선,부천종합운동장,1743,1569,3312
20210207,7호선,부평구청,4046,3608,7654
20210207,7호선,사가정,7615,7337,14952
20210207,7호선,삼산체육관,1786,1762,3548
20210207,7호선,상도,4314,4315,8629
20210207,7호선,상동,5404,5308,10712
20210207,7호선,상봉,7883,7480,15363
20210207,7호선,수락산,6710,6642,13352
20210207,7호선,숭실대입구,4761,4995,9756
20210207,7호선,신대방삼거리,6523,6321,12844
20210207,7호선,신중동,5527,5267,10794
20210207,7호선,신풍,5139,4733,9872
20210207,7호선,어린이대공원,5494,5174,10668
20210207,7호선,온수,3348,3407,6755
20210207,7호선,용마산,2538,2851,5389
20210207,7호선,이수,6716,6306,13022
20210207,7호선,장승배기,4146,4035,8181
20210207,7호선,장암,997,708,1705
20210207,7호선,중계,5386,4980,10366
20210207,7호선,중곡,4212,4194,8406
20210207,7호선,중화,4750,4693,9443
20210207,7호선,천왕,4088,3999,8087
20210207,7호선,철산,8089,8282,16371
20210207,7호선,청담,5472,5817,11289
20210207,7호선,춘의,2771,2627,5398
20210207,7호선,태릉입구,3840,3550,7390
20210207,7호선,하계,7073,6700,13773
20210207,7호선,학동,4654,4945,9599
20210213,7호선,가산디지털단지,9564,9238,18802
20210213,7호선,강남구청,3276,3948,7224
20210213,7호선,건대입구,6014,6227,12241
20210213,7호선,고속터미널,12885,5192,18077
20210213,7호선,공릉,5051,5441,10492
20210213,7호선,광명사거리,9657,9330,18987
20210213,7호선,군자,5720,4856,10576
20210213,7호선,굴포천,3766,3751,7517
20210213,7호선,까치울,3055,2982,6037
20210213,7호선,남구로,5251,5186,10437
20210213,7호선,남성,3994,4219,8213
20210213,7호선,내방,3783,4016,7799
20210213,7호선,노원,9656,9836,19492
20210213,7호선,논현,4506,5086,9592
20210213,7호선,대림,4893,5092,9985
20210213,7호선,도봉산,4666,6936,11602
20210213,7호선,뚝섬유원지,5315,4933,10248
20210213,7호선,마들,5368,5215,10583
20210213,7호선,먹골,4239,4257,8496
20210213,7호선,면목,6334,6329,12663
20210213,7호선,반포,2311,2139,4450
20210213,7호선,보라매,2789,3074,5863
20210213,7호선,부천시청,5928,5688,11616
20210213,7호선,부천종합운동장,1827,1639,3466
20210213,7호선,부평구청,4179,3488,7667
20210213,7호선,사가정,7563,7432,14995
20210213,7호선,삼산체육관,2041,1820,3861
20210213,7호선,상도,3384,3687,7071
20210213,7호선,상동,5391,5403,10794
20210213,7호선,상봉,7948,7700,15648
20210213,7호선,수락산,7116,6887,14003
20210213,7호선,숭실대입구,3994,4495,8489
20210213,7호선,신대방삼거리,5514,6028,11542
20210213,7호선,신중동,5438,5379,10817
20210213,7호선,신풍,4373,4353,8726
20210213,7호선,어린이대공원,4161,4744,8905
20210213,7호선,온수,3162,3144,6306
20210213,7호선,용마산,2739,3063,5802
20210213,7호선,이수,6070,6246,12316
20210213,7호선,장승배기,3681,3735,7416
20210213,7호선,장암,1221,884,2105
20210213,7호선,중계,5669,5062,10731
20210213,7호선,중곡,3883,3979,7862
20210213,7호선,중화,4461,4434,8895
20210213,7호선,천왕,3643,3530,7173
20210213,7호선,철산,8841,8762,17603
20210213,7호선,청담,4266,4737,9003
20210213,7호선,춘의,2627,2476,5103
20210213,7호선,태릉입구,3491,3365,6856
20210213,7호선,하계,6973,6694,13667
20210213,7호선,학동,3048,3372,6420
20210214,7호선,가산디지털단지,8746,8663,17409
20210214,7호선,강남구청,3636,4312,7948
20210214,7호선,건대입구,5485,5788,11273
20210214,7호선,고속터미널,16987,5791,22778
20210214,7호선,공릉,4859,5459,10318
20210214,7호선,광명사거리,9444,9274,18718
20210214,7호선,군자,5460,4979,10439
20210214,7호선,굴포천,3498,3420,6918
20210214,7호선,까치울,2946,2926,5872
20210214,7호선,남구로,5419,5257,10676
20210214,7호선,남성,4144,4476,8620
20210214,7호선,내방,3868,4175,8043
20210214,7호선,노원,8770,9015,17785
20210214,7호선,논현,4602,5105,9707
20210214,7호선,대림,4957,4719,9676
20210214,7호선,도봉산,4115,6093,10208
20210214,7호선,뚝섬유원지,4759,4470,9229
20210214,7호선,마들,4535,4322,8857
20210214,7호선,먹골,4108,4204,8312
20210214,7호선,면목,6064,6326,12390
20210214,7호선,반포,2152,2043,4195
20210214,7호선,보라매,2981,3230,6211
20210214,7호선,부천시청,5026,4907,9933
20210214,7호선,부천종합운동장,1749,1513,3262
20210214,7호선,부평구청,3942,3309,7251
20210214,7호선,사가정,7392,7312,14704
20210214,7호선,삼산체육관,1865,1612,3477
20210214,7호선,상도,3681,4122,7803
20210214,7호선,상동,4899,4729,9628
20210214,7호선,상봉,7118,6731,13849
20210214,7호선,수락산,6699,6541,13240
20210214,7호선,숭실대입구,4117,4867,8984
20210214,7호선,신대방삼거리,5761,6403,12164
20210214,7호선,신중동,5183,5207,10390
20210214,7호선,신풍,4556,4418,8974
20210214,7호선,어린이대공원,4448,5357,9805
20210214,7호선,온수,3107,3232,6339
20210214,7호선,용마산,2488,2843,5331
20210214,7호선,이수,5859,5983,11842
20210214,7호선,장승배기,3766,3989,7755
20210214,7호선,장암,1079,753,1832
20210214,7호선,중계,5346,4933,10279
20210214,7호선,중곡,3900,3965,7865
20210214,7호선,중화,4434,4299,8733
20210214,7호선,천왕,3629,3455,7084
20210214,7호선,철산,7950,8056,16006
20210214,7호선,청담,4349,4695,9044
20210214,7호선,춘의,2656,2447,5103
20210214,7호선,태릉입구,3495,3539,7034
20210214,7호선,하계,6882,6650,13532
20210214,7호선,학동,3462,3833,7295
20210220,7호선,가산디지털단지,13729,12791,26520
20210220,7호선,강남구청,9370,10232,19602
20210220,7호선,건대입구,9640,9655,19295
20210220,7호선,고속터미널,11279,8932,20211
20210220,7호선,공릉,7728,7901,15629
20210220,7호선,광명사거리,15631,15565,31196
20210220,7호선,군자,9725,7413,17138
20210220,7호선,굴포천,5707,5958,11665
20210220,7호선,까치울,4701,4841,9542
20210220,7호선,남구로,7787,8280,16067
20210220,7호선,남성,7139,6654,13793
20210220,7호선,내방,7236,7208,14444
20210220,7호선,노원,14140,14806,28946
20210220,7호선,논현,10828,11674,22502
20210220,7호선,대림,5911,6332,12243
20210220,7호선,도봉산,5854,8411,14265
20210220,7호선,뚝섬유원지,7433,7165,14598
20210220,7호선,마들,7967,7489,15456
20210220,7호선,먹골,7184,7088,14272
20210220,7호선,면목,10229,10028,20257
20210220,7호선,반포,3878,3688,7566
20210220,7호선,보라매,5656,5540,11196
20210220,7호선,부천시청,8423,8263,16686
20210220,7호선,부천종합운동장,2836,2539,5375
20210220,7호선,부평구청,6218,5470,11688
20210220,7호선,사가정,11609,11305,22914
20210220,7호선,삼산체육관,3007,2749,5756
20210220,7호선,상도,6542,6320,12862
20210220,7호선,상동,8636,8848,17484
20210220,7호선,상봉,12358,11737,24095
20210220,7호선,수락산,9380,9217,18597
20210220,7호선,숭실대입구,7119,7106,14225
20210220,7호선,신대방삼거리,10391,9802,20193
20210220,7호선,신중동,8829,8624,17453
20210220,7호선,신풍,7466,7167,14633
20210220,7호선,어린이대공원,7773,7486,15259
20210220,7호선,온수,5283,5110,10393
20210220,7호선,용마산,4407,4596,9003
20210220,7호선,이수,11079,10327,21406
20210220,7호선,장승배기,6555,6290,12845
20210220,7호선,장암,1363,994,2357
20210220,7호선,중계,8553,7656,16209
20210220,7호선,중곡,6197,5998,12195
20210220,7호선,중화,7259,7113,14372
20210220,7호선,천왕,6120,5791,11911
20210220,7호선,철산,13510,13622,27132
20210220,7호선,청담,11077,11555,22632
20210220,7호선,춘의,4748,4618,9366
20210220,7호선,태릉입구,5771,5264,11035
20210220,7호선,하계,11056,10322,21378
20210220,7호선,학동,10222,10881,21103
20210221,7호선,가산디지털단지,9412,8770,18182
20210221,7호선,강남구청,5162,5667,10829
20210221,7호선,건대입구,6965,7073,14038
20210221,7호선,고속터미널,8993,6631,15624
20210221,7호선,공릉,5783,5813,11596
20210221,7호선,광명사거리,10747,10583,21330
20210221,7호선,군자,6669,5219,11888
20210221,7호선,굴포천,3942,3980,7922
20210221,7호선,까치울,3465,3444,6909
20210221,7호선,남구로,5949,5799,11748
20210221,7호선,남성,4773,4732,9505
20210221,7호선,내방,4693,4772,9465
20210221,7호선,노원,9356,9590,18946
20210221,7호선,논현,6022,6344,12366
20210221,7호선,대림,5517,5072,10589
20210221,7호선,도봉산,4859,7295,12154
20210221,7호선,뚝섬유원지,7826,7479,15305
20210221,7호선,마들,5109,4849,9958
20210221,7호선,먹골,4827,4723,9550
20210221,7호선,면목,7449,7303,14752
20210221,7호선,반포,2522,2535,5057
20210221,7호선,보라매,3819,3757,7576
20210221,7호선,부천시청,5781,5648,11429
20210221,7호선,부천종합운동장,2010,1860,3870
20210221,7호선,부평구청,4374,3856,8230
20210221,7호선,사가정,8304,8078,16382
20210221,7호선,삼산체육관,2173,2050,4223
20210221,7호선,상도,4548,4552,9100
20210221,7호선,상동,5960,5847,11807
20210221,7호선,상봉,8628,8007,16635
20210221,7호선,수락산,7676,7490,15166
20210221,7호선,숭실대입구,4850,5109,9959
20210221,7호선,신대방삼거리,6999,6872,13871
20210221,7호선,신중동,5981,5780,11761
20210221,7호선,신풍,5303,4983,10286
20210221,7호선,어린이대공원,6042,5779,11821
20210221,7호선,온수,3350,3445,6795
20210221,7호선,용마산,2870,3360,6230
20210221,7호선,이수,7116,6951,14067
20210221,7호선,장승배기,4519,4469,8988
20210221,7호선,장암,1326,899,2225
20210221,7호선,중계,5884,5490,11374
20210221,7호선,중곡,4698,4431,9129
20210221,7호선,중화,5197,5082,10279
20210221,7호선,천왕,4444,4230,8674
20210221,7호선,철산,8982,9206,18188
20210221,7호선,청담,6197,6613,12810
20210221,7호선,춘의,2980,2840,5820
20210221,7호선,태릉입구,4183,3763,7946
20210221,7호선,하계,7923,7624,15547
20210221,7호선,학동,5304,5662,10966
20210227,7호선,가산디지털단지,14389,13127,27516
20210227,7호선,강남구청,9340,10422,19762
20210227,7호선,건대입구,10007,10032,20039
20210227,7호선,고속터미널,12903,10234,23137
20210227,7호선,공릉,8135,8165,16300
20210227,7호선,광명사거리,15629,15535,31164
20210227,7호선,군자,10131,7547,17678
20210227,7호선,굴포천,5967,6167,12134
20210227,7호선,까치울,4877,4859,9736
20210227,7호선,남구로,7986,8465,16451
20210227,7호선,남성,7407,6776,14183
20210227,7호선,내방,7384,7300,14684
20210227,7호선,노원,14778,15353,30131
20210227,7호선,논현,11049,11736,22785
20210227,7호선,대림,6288,6608,12896
20210227,7호선,도봉산,6260,9025,15285
20210227,7호선,뚝섬유원지,9167,8799,17966
20210227,7호선,마들,8202,7746,15948
20210227,7호선,먹골,7390,7347,14737
20210227,7호선,면목,10468,10079,20547
20210227,7호선,반포,4260,3958,8218
20210227,7호선,보라매,6228,5910,12138
20210227,7호선,부천시청,8736,8692,17428
20210227,7호선,부천종합운동장,2894,2639,5533
20210227,7호선,부평구청,6727,5876,12603
20210227,7호선,사가정,11935,11562,23497
20210227,7호선,삼산체육관,3158,3001,6159
20210227,7호선,상도,6777,6381,13158
20210227,7호선,상동,9177,9326,18503
20210227,7호선,상봉,12677,11842,24519
20210227,7호선,수락산,10067,9843,19910
20210227,7호선,숭실대입구,7457,7504,14961
20210227,7호선,신대방삼거리,10892,9910,20802
20210227,7호선,신중동,9070,8760,17830
20210227,7호선,신풍,7547,7312,14859
20210227,7호선,어린이대공원,8310,7996,16306
20210227,7호선,온수,5545,5335,10880
20210227,7호선,용마산,4271,4354,8625
20210227,7호선,이수,11401,10499,21900
20210227,7호선,장승배기,6793,6480,13273
20210227,7호선,장암,1573,1041,2614
20210227,7호선,중계,8675,7651,16326
20210227,7호선,중곡,6533,6025,12558
20210227,7호선,중화,7412,7045,14457
20210227,7호선,천왕,6257,5947,12204
20210227,7호선,철산,14053,14235,28288
20210227,7호선,청담,11025,11945,22970
20210227,7호선,춘의,4755,4599,9354
20210227,7호선,태릉입구,6007,5425,11432
20210227,7호선,하계,11663,10835,22498
20210227,7호선,학동,10537,11341,21878
20210228,7호선,가산디지털단지,10675,9906,20581
20210228,7호선,강남구청,5310,5759,11069
20210228,7호선,건대입구,7403,7716,15119
20210228,7호선,고속터미널,9603,6831,16434
20210228,7호선,공릉,6413,6543,12956
20210228,7호선,광명사거리,11411,11307,22718
20210228,7호선,군자,7075,5550,12625
20210228,7호선,굴포천,4150,4203,8353
20210228,7호선,까치울,3599,3600,7199
20210228,7호선,남구로,6224,6035,12259
20210228,7호선,남성,5049,4786,9835
20210228,7호선,내방,4763,4939,9702
20210228,7호선,노원,10437,10723,21160
20210228,7호선,논현,6032,6427,12459
20210228,7호선,대림,5802,5559,11361
20210228,7호선,도봉산,5363,8171,13534
20210228,7호선,뚝섬유원지,7174,6843,14017
20210228,7호선,마들,5590,5185,10775
20210228,7호선,먹골,5309,5186,10495
20210228,7호선,면목,7558,7470,15028
20210228,7호선,반포,2688,2614,5302
20210228,7호선,보라매,4251,4127,8378
20210228,7호선,부천시청,6087,6018,12105
20210228,7호선,부천종합운동장,2416,2283,4699
20210228,7호선,부평구청,4569,4061,8630
20210228,7호선,사가정,9011,8683,17694
20210228,7호선,삼산체육관,2254,2103,4357
20210228,7호선,상도,4903,4820,9723
20210228,7호선,상동,6331,6303,12634
20210228,7호선,상봉,8815,8132,16947
20210228,7호선,수락산,8292,8178,16470
20210228,7호선,숭실대입구,5471,5524,10995
20210228,7호선,신대방삼거리,7332,7108,14440
20210228,7호선,신중동,6200,6199,12399
20210228,7호선,신풍,5674,5333,11007
20210228,7호선,어린이대공원,6377,6373,12750
20210228,7호선,온수,3673,3739,7412
20210228,7호선,용마산,3361,3796,7157
20210228,7호선,이수,7786,7312,15098
20210228,7호선,장승배기,4521,4311,8832
20210228,7호선,장암,1394,1084,2478
20210228,7호선,중계,6246,5688,11934
20210228,7호선,중곡,4791,4560,9351
20210228,7호선,중화,5627,5373,11000
20210228,7호선,천왕,4823,4494,9317
20210228,7호선,철산,9776,10048,19824
20210228,7호선,청담,6355,6538,12893
20210228,7호선,춘의,3208,2962,6170
20210228,7호선,태릉입구,4528,4133,8661
20210228,7호선,하계,8709,8137,16846
20210228,7호선,학동,5389,5733,11122
20210306,7호선,가산디지털단지,14546,13331,27877
20210306,7호선,강남구청,9783,10608,20391
20210306,7호선,건대입구,10568,10701,21269
20210306,7호선,고속터미널,11916,9775,21691
20210306,7호선,공릉,8295,8229,16524
20210306,7호선,광명사거리,16047,15870,31917
20210306,7호선,군자,10090,7800,17890
20210306,7호선,굴포천,6109,6477,12586
20210306,7호선,까치울,5059,5022,10081
20210306,7호선,남구로,7984,8552,16536
20210306,7호선,남성,7450,6940,14390
20210306,7호선,내방,7686,7575,15261
20210306,7호선,노원,15447,15720,31167
20210306,7호선,논현,11216,11943,23159
20210306,7호선,대림,6406,6716,13122
20210306,7호선,도봉산,6392,9130,15522
20210306,7호선,뚝섬유원지,6865,6886,13751
20210306,7호선,마들,8729,8227,16956
20210306,7호선,먹골,7960,7853,15813
20210306,7호선,면목,10664,10577,21241
20210306,7호선,반포,4553,4306,8859
20210306,7호선,보라매,5826,5499,11325
20210306,7호선,부천시청,8910,8688,17598
20210306,7호선,부천종합운동장,2931,2681,5612
20210306,7호선,부평구청,6503,5851,12354
20210306,7호선,사가정,12220,11785,24005
20210306,7호선,삼산체육관,2991,2795,5786
20210306,7호선,상도,7063,6811,13874
20210306,7호선,상동,9363,9458,18821
20210306,7호선,상봉,12720,12085,24805
20210306,7호선,수락산,9881,10040,19921
20210306,7호선,숭실대입구,7754,7879,15633
20210306,7호선,신대방삼거리,10670,10144,20814
20210306,7호선,신중동,9048,9011,18059
20210306,7호선,신풍,7555,7341,14896
20210306,7호선,어린이대공원,8331,8018,16349
20210306,7호선,온수,5477,5405,10882
20210306,7호선,용마산,4273,4575,8848
20210306,7호선,이수,11393,10675,22068
20210306,7호선,장승배기,6560,6335,12895
20210306,7호선,장암,1591,1127,2718
20210306,7호선,중계,8605,7708,16313
20210306,7호선,중곡,6448,6124,12572
20210306,7호선,중화,7540,7265,14805
20210306,7호선,천왕,6504,6159,12663
20210306,7호선,철산,14196,14470,28666
20210306,7호선,청담,10978,11725,22703
20210306,7호선,춘의,4790,4590,9380
20210306,7호선,태릉입구,6076,5526,11602
20210306,7호선,하계,11900,11008,22908
20210306,7호선,학동,10035,10626,20661
20210307,7호선,가산디지털단지,10548,9784,20332
20210307,7호선,강남구청,4924,5374,10298
20210307,7호선,건대입구,7611,7510,15121
20210307,7호선,고속터미널,9618,6774,16392
20210307,7호선,공릉,6144,6276,12420
20210307,7호선,광명사거리,11408,11128,22536
20210307,7호선,군자,6903,5532,12435
20210307,7호선,굴포천,4174,4174,8348
20210307,7호선,까치울,3773,3637,7410
20210307,7호선,남구로,6161,5948,12109
20210307,7호선,남성,4959,4981,9940
20210307,7호선,내방,4720,4814,9534
20210307,7호선,노원,10212,10169,20381
20210307,7호선,논현,5926,6281,12207
20210307,7호선,대림,5985,5628,11613
20210307,7호선,도봉산,5195,7746,12941
20210307,7호선,뚝섬유원지,6779,6353,13132
20210307,7호선,마들,5486,5046,10532
20210307,7호선,먹골,5121,5128,10249
20210307,7호선,면목,7429,7417,14846
20210307,7호선,반포,2673,2708,5381
20210307,7호선,보라매,4499,4494,8993
20210307,7호선,부천시청,6175,5765,11940
20210307,7호선,부천종합운동장,2185,2139,4324
20210307,7호선,부평구청,4623,4116,8739
20210307,7호선,사가정,8794,8515,17309
20210307,7호선,삼산체육관,2507,2363,4870
20210307,7호선,상도,4973,4945,9918
20210307,7호선,상동,6608,6173,12781
20210307,7호선,상봉,8800,8332,17132
20210307,7호선,수락산,8174,8133,16307
20210307,7호선,숭실대입구,5424,5785,11209
20210307,7호선,신대방삼거리,7184,7094,14278
20210307,7호선,신중동,6224,6073,12297
20210307,7호선,신풍,5487,5128,10615
20210307,7호선,어린이대공원,6094,6089,12183
20210307,7호선,온수,3781,3814,7595
20210307,7호선,용마산,3214,3731,6945
20210307,7호선,이수,7724,7248,14972
20210307,7호선,장승배기,4576,4490,9066
20210307,7호선,장암,1349,1010,2359
20210307,7호선,중계,6277,5832,12109
20210307,7호선,중곡,4689,4447,9136
20210307,7호선,중화,5500,5298,10798
20210307,7호선,천왕,4744,4620,9364
20210307,7호선,철산,9538,9437,18975
20210307,7호선,청담,6741,7257,13998
20210307,7호선,춘의,3116,2959,6075
20210307,7호선,태릉입구,4341,3903,8244
20210307,7호선,하계,8320,7973,16293
20210307,7호선,학동,5427,5921,11348
20210313,7호선,가산디지털단지,14992,13842,28834
20210313,7호선,강남구청,9483,10297,19780
20210313,7호선,건대입구,10390,10754,21144
20210313,7호선,고속터미널,12568,10210,22778
20210313,7호선,공릉,8388,8282,16670
20210313,7호선,광명사거리,16839,16729,33568
20210313,7호선,군자,10218,7706,17924
20210313,7호선,굴포천,5977,6258,12235
20210313,7호선,까치울,5157,5092,10249
20210313,7호선,남구로,8154,8343,16497
20210313,7호선,남성,7247,6760,14007
20210313,7호선,내방,7868,7723,15591
20210313,7호선,노원,15096,15765,30861
20210313,7호선,논현,11567,12262,23829
20210313,7호선,대림,6419,6956,13375
20210313,7호선,도봉산,6394,9179,15573
20210313,7호선,뚝섬유원지,9268,8886,18154
20210313,7호선,마들,8327,7806,16133
20210313,7호선,먹골,7598,7522,15120
20210313,7호선,면목,10846,10704,21550
20210313,7호선,반포,4314,4071,8385
20210313,7호선,보라매,5850,5551,11401
20210313,7호선,부천시청,9113,8912,18025
20210313,7호선,부천종합운동장,3417,3148,6565
20210313,7호선,부평구청,6775,5896,12671
20210313,7호선,사가정,12479,11828,24307
20210313,7호선,삼산체육관,3115,2946,6061
20210313,7호선,상도,7080,6740,13820
20210313,7호선,상동,9418,9661,19079
20210313,7호선,상봉,12968,12322,25290
20210313,7호선,수락산,10305,10088,20393
20210313,7호선,숭실대입구,7764,7865,15629
20210313,7호선,신대방삼거리,10651,10087,20738
20210313,7호선,신중동,9309,9239,18548
20210313,7호선,신풍,7829,7474,15303
20210313,7호선,어린이대공원,8328,7813,16141
20210313,7호선,온수,5633,5549,11182
20210313,7호선,용마산,4490,4628,9118
20210313,7호선,이수,11892,11142,23034
20210313,7호선,장승배기,6569,6198,12767
20210313,7호선,장암,1719,1298,3017
20210313,7호선,중계,8946,7899,16845
20210313,7호선,중곡,6488,6106,12594
20210313,7호선,중화,7838,7432,15270
20210313,7호선,천왕,6504,6235,12739
20210313,7호선,철산,14676,14887,29563
20210313,7호선,청담,11265,12147,23412
20210313,7호선,춘의,5029,4708,9737
20210313,7호선,태릉입구,6201,5487,11688
20210313,7호선,하계,11838,10955,22793
20210313,7호선,학동,10053,10928,20981
20210314,7호선,가산디지털단지,10600,9961,20561
20210314,7호선,강남구청,5063,5496,10559
20210314,7호선,건대입구,7299,7370,14669
20210314,7호선,고속터미널,10770,7319,18089
20210314,7호선,공릉,5954,6223,12177
20210314,7호선,광명사거리,11421,11198,22619
20210314,7호선,군자,7053,5616,12669
20210314,7호선,굴포천,4071,4106,8177
20210314,7호선,까치울,3699,3589,7288
20210314,7호선,남구로,6239,6096,12335
20210314,7호선,남성,4900,4945,9845
20210314,7호선,내방,4692,4972,9664
20210314,7호선,노원,10123,10191,20314
20210314,7호선,논현,6004,6427,12431
20210314,7호선,대림,5977,5738,11715
20210314,7호선,도봉산,4904,7384,12288
20210314,7호선,뚝섬유원지,7415,6921,14336
20210314,7호선,마들,5316,5050,10366
20210314,7호선,먹골,5139,4942,10081
20210314,7호선,면목,7482,7500,14982
20210314,7호선,반포,2588,2621,5209
20210314,7호선,보라매,3805,3825,7630
20210314,7호선,부천시청,6206,6101,12307
20210314,7호선,부천종합운동장,2932,2545,5477
20210314,7호선,부평구청,4648,4108,8756
20210314,7호선,사가정,8783,8515,17298
20210314,7호선,삼산체육관,2214,2056,4270
20210314,7호선,상도,4852,4869,9721
20210314,7호선,상동,6465,6051,12516
20210314,7호선,상봉,8711,7915,16626
20210314,7호선,수락산,8151,8210,16361
20210314,7호선,숭실대입구,5312,5804,11116
20210314,7호선,신대방삼거리,7299,7235,14534
20210314,7호선,신중동,6245,6092,12337
20210314,7호선,신풍,5535,5205,10740
20210314,7호선,어린이대공원,6577,6429,13006
20210314,7호선,온수,3601,3666,7267
20210314,7호선,용마산,3020,3569,6589
20210314,7호선,이수,7592,7145,14737
20210314,7호선,장승배기,4759,4562,9321
20210314,7호선,장암,1481,1005,2486
20210314,7호선,중계,6204,5680,11884
20210314,7호선,중곡,4766,4565,9331
20210314,7호선,중화,5565,5301,10866
20210314,7호선,천왕,4550,4333,8883
20210314,7호선,철산,9618,9621,19239
20210314,7호선,청담,6357,6724,13081
20210314,7호선,춘의,3197,3042,6239
20210314,7호선,태릉입구,4423,4069,8492
20210314,7호선,하계,8239,7837,16076
20210314,7호선,학동,5351,5756,11107
20210320,7호선,가산디지털단지,13763,12694,26457
20210320,7호선,강남구청,9645,10500,20145
20210320,7호선,건대입구,9586,9621,19207
20210320,7호선,고속터미널,12287,9563,21850
20210320,7호선,공릉,7980,7890,15870
20210320,7호선,광명사거리,15160,15036,30196
20210320,7호선,군자,9827,7390,17217
20210320,7호선,굴포천,5749,5949,11698
20210320,7호선,까치울,4745,4691,9436
20210320,7호선,남구로,8032,8545,16577
20210320,7호선,남성,7125,6676,13801
20210320,7호선,내방,7454,7417,14871
20210320,7호선,노원,14491,14754,29245
20210320,7호선,논현,10698,11563,22261
20210320,7호선,대림,6334,6789,13123
20210320,7호선,도봉산,5022,6792,11814
20210320,7호선,뚝섬유원지,5011,4829,9840
20210320,7호선,마들,7853,7409,15262
20210320,7호선,먹골,7363,7293,14656
20210320,7호선,면목,10048,9951,19999
20210320,7호선,반포,4015,3806,7821
20210320,7호선,보라매,5345,5155,10500
20210320,7호선,부천시청,8291,8068,16359
20210320,7호선,부천종합운동장,3324,2827,6151
20210320,7호선,부평구청,6248,5591,11839
20210320,7호선,사가정,11180,10917,22097
20210320,7호선,삼산체육관,2817,2653,5470
20210320,7호선,상도,6577,6209,12786
20210320,7호선,상동,9012,9329,18341
20210320,7호선,상봉,12126,11525,23651
20210320,7호선,수락산,8796,8756,17552
20210320,7호선,숭실대입구,7472,7262,14734
20210320,7호선,신대방삼거리,10127,9486,19613
20210320,7호선,신중동,8880,8787,17667
20210320,7호선,신풍,7374,7144,14518
20210320,7호선,어린이대공원,7531,7102,14633
20210320,7호선,온수,5153,5119,10272
20210320,7호선,용마산,4145,4024,8169
20210320,7호선,이수,11122,10472,21594
20210320,7호선,장승배기,6438,6124,12562
20210320,7호선,장암,1226,725,1951
20210320,7호선,중계,8279,7418,15697
20210320,7호선,중곡,6097,5677,11774
20210320,7호선,중화,7193,6819,14012
20210320,7호선,천왕,6092,5647,11739
20210320,7호선,철산,13598,13798,27396
20210320,7호선,청담,10840,11524,22364
20210320,7호선,춘의,4704,4583,9287
20210320,7호선,태릉입구,5812,5217,11029
20210320,7호선,하계,10956,10258,21214
20210320,7호선,학동,10479,11192,21671
20210321,7호선,가산디지털단지,10586,9807,20393
20210321,7호선,강남구청,5582,5967,11549
20210321,7호선,건대입구,8118,8187,16305
20210321,7호선,고속터미널,11170,7381,18551
20210321,7호선,공릉,6141,6286,12427
20210321,7호선,광명사거리,11667,11498,23165
20210321,7호선,군자,7167,5626,12793
20210321,7호선,굴포천,4308,4260,8568
20210321,7호선,까치울,3950,3762,7712
20210321,7호선,남구로,6492,6302,12794
20210321,7호선,남성,5028,5182,10210
20210321,7호선,내방,4757,4964,9721
20210321,7호선,노원,10188,10057,20245
20210321,7호선,논현,5990,6558,12548
20210321,7호선,대림,6418,5843,12261
20210321,7호선,도봉산,4876,7440,12316
20210321,7호선,뚝섬유원지,5935,5574,11509
20210321,7호선,마들,5449,5115,10564
20210321,7호선,먹골,5150,5124,10274
20210321,7호선,면목,7392,7475,14867
20210321,7호선,반포,2680,2693,5373
20210321,7호선,보라매,3842,3878,7720
20210321,7호선,부천시청,6451,6227,12678
20210321,7호선,부천종합운동장,2861,2622,5483
20210321,7호선,부평구청,4769,4220,8989
20210321,7호선,사가정,8757,8397,17154
20210321,7호선,삼산체육관,2178,2156,4334
20210321,7호선,상도,4822,4876,9698
20210321,7호선,상동,6804,6562,13366
20210321,7호선,상봉,9165,8418,17583
20210321,7호선,수락산,8199,7991,16190
20210321,7호선,숭실대입구,5453,5836,11289
20210321,7호선,신대방삼거리,7182,7204,14386
20210321,7호선,신중동,6314,6237,12551
20210321,7호선,신풍,5550,5193,10743
20210321,7호선,어린이대공원,7937,7761,15698
20210321,7호선,온수,3657,3702,7359
20210321,7호선,용마산,3012,3566,6578
20210321,7호선,이수,7925,7546,15471
20210321,7호선,장승배기,4631,4625,9256
20210321,7호선,장암,1312,1001,2313
20210321,7호선,중계,6242,5712,11954
20210321,7호선,중곡,4730,4637,9367
20210321,7호선,중화,5334,5285,10619
20210321,7호선,천왕,4525,4332,8857
20210321,7호선,철산,9804,9813,19617
20210321,7호선,청담,6680,7130,13810
20210321,7호선,춘의,3183,2994,6177
20210321,7호선,태릉입구,4328,4009,8337
20210321,7호선,하계,8356,7906,16262
20210321,7호선,학동,5737,6184,11921
20210327,7호선,가산디지털단지,13775,12624,26399
20210327,7호선,강남구청,9099,9959,19058
20210327,7호선,건대입구,9965,10132,20097
20210327,7호선,고속터미널,12348,9881,22229
20210327,7호선,공릉,8214,8074,16288
20210327,7호선,광명사거리,15214,15178,30392
20210327,7호선,군자,9904,7681,17585
20210327,7호선,굴포천,5804,6147,11951
20210327,7호선,까치울,4721,4723,9444
20210327,7호선,남구로,7978,8499,16477
20210327,7호선,남성,7220,6823,14043
20210327,7호선,내방,7760,7602,15362
20210327,7호선,노원,14703,14795,29498
20210327,7호선,논현,10640,11614,22254
20210327,7호선,대림,6241,6774,13015
20210327,7호선,도봉산,5488,7308,12796
20210327,7호선,뚝섬유원지,4780,4744,9524
20210327,7호선,마들,8055,7745,15800
20210327,7호선,먹골,7501,7440,14941
20210327,7호선,면목,10360,10316,20676
20210327,7호선,반포,4041,3722,7763
20210327,7호선,보라매,5526,5355,10881
20210327,7호선,부천시청,8635,8440,17075
20210327,7호선,부천종합운동장,2982,2712,5694
20210327,7호선,부평구청,6401,5601,12002
20210327,7호선,사가정,11502,11226,22728
20210327,7호선,삼산체육관,3222,3044,6266
20210327,7호선,상도,6815,6302,13117
20210327,7호선,상동,9360,9401,18761
20210327,7호선,상봉,12321,11648,23969
20210327,7호선,수락산,9182,8963,18145
20210327,7호선,숭실대입구,7455,7530,14985
20210327,7호선,신대방삼거리,10416,9721,20137
20210327,7호선,신중동,8771,8833,17604
20210327,7호선,신풍,7488,7332,14820
20210327,7호선,어린이대공원,7996,7645,15641
20210327,7호선,온수,5287,5209,10496
20210327,7호선,용마산,4021,4167,8188
20210327,7호선,이수,12201,11498,23699
20210327,7호선,장승배기,6201,6134,12335
20210327,7호선,장암,1209,810,2019
20210327,7호선,중계,8872,7969,16841
20210327,7호선,중곡,6162,6047,12209
20210327,7호선,중화,7315,6968,14283
20210327,7호선,천왕,6406,6060,12466
20210327,7호선,철산,13598,14005,27603
20210327,7호선,청담,10845,11737,22582
20210327,7호선,춘의,4722,4593,9315
20210327,7호선,태릉입구,5974,5318,11292
20210327,7호선,하계,11482,10766,22248
20210327,7호선,학동,10261,10761,21022
20210328,7호선,가산디지털단지,9754,9103,18857
20210328,7호선,강남구청,4865,5366,10231
20210328,7호선,건대입구,6240,6593,12833
20210328,7호선,고속터미널,10736,7150,17886
20210328,7호선,공릉,5561,5697,11258
20210328,7호선,광명사거리,10623,10443,21066
20210328,7호선,군자,6640,5354,11994
20210328,7호선,굴포천,3919,3883,7802
20210328,7호선,까치울,3409,3375,6784
20210328,7호선,남구로,6028,5842,11870
20210328,7호선,남성,4697,4694,9391
20210328,7호선,내방,4582,4743,9325
20210328,7호선,노원,9640,9487,19127
20210328,7호선,논현,5625,6119,11744
20210328,7호선,대림,5955,5520,11475
20210328,7호선,도봉산,3764,5366,9130
20210328,7호선,뚝섬유원지,4073,3820,7893
20210328,7호선,마들,4970,4665,9635
20210328,7호선,먹골,4539,4440,8979
20210328,7호선,면목,7021,7026,14047
20210328,7호선,반포,2376,2408,4784
20210328,7호선,보라매,3603,3670,7273
20210328,7호선,부천시청,5481,5437,10918
20210328,7호선,부천종합운동장,1969,1838,3807
20210328,7호선,부평구청,4373,3868,8241
20210328,7호선,사가정,7807,7693,15500
20210328,7호선,삼산체육관,2115,1947,4062
20210328,7호선,상도,4644,4661,9305
20210328,7호선,상동,6009,5870,11879
20210328,7호선,상봉,7871,7259,15130
20210328,7호선,수락산,6468,6311,12779
20210328,7호선,숭실대입구,5003,5395,10398
20210328,7호선,신대방삼거리,6568,6693,13261
20210328,7호선,신중동,5922,5833,11755
20210328,7호선,신풍,5255,4953,10208
20210328,7호선,어린이대공원,5896,5909,11805
20210328,7호선,온수,3365,3449,6814
20210328,7호선,용마산,2692,2767,5459
20210328,7호선,이수,7362,6953,14315
20210328,7호선,장승배기,4398,4374,8772
20210328,7호선,장암,986,624,1610
20210328,7호선,중계,5768,5334,11102
20210328,7호선,중곡,4436,4230,8666
20210328,7호선,중화,4972,5056,10028
20210328,7호선,천왕,4417,4205,8622
20210328,7호선,철산,8842,8854,17696
20210328,7호선,청담,5954,6286,12240
20210328,7호선,춘의,2957,2783,5740
20210328,7호선,태릉입구,4039,3757,7796
20210328,7호선,하계,7761,7398,15159
20210328,7호선,학동,5430,5848,11278
20210403,7호선,가산디지털단지,12478,11204,23682
20210403,7호선,강남구청,8492,9325,17817
20210403,7호선,건대입구,9620,9789,19409
20210403,7호선,고속터미널,11820,9412,21232
20210403,7호선,공릉,7751,7483,15234
20210403,7호선,광명사거리,14010,14157,28167
20210403,7호선,군자,8974,6970,15944
20210403,7호선,굴포천,5470,5884,11354
20210403,7호선,까치울,4215,4261,8476
20210403,7호선,남구로,7474,7960,15434
20210403,7호선,남성,6698,6205,12903
20210403,7호선,내방,6724,6554,13278
20210403,7호선,노원,13959,14093,28052
20210403,7호선,논현,9741,10584,20325
20210403,7호선,대림,6161,6444,12605
20210403,7호선,도봉산,4574,6022,10596
20210403,7호선,뚝섬유원지,4273,4292,8565
20210403,7호선,마들,8058,7602,15660
20210403,7호선,먹골,6536,6413,12949
20210403,7호선,면목,9278,9107,18385
20210403,7호선,반포,3932,3649,7581
20210403,7호선,보라매,5109,4913,10022
20210403,7호선,부천시청,8132,7966,16098
20210403,7호선,부천종합운동장,2512,2237,4749
20210403,7호선,부평구청,5769,5119,10888
20210403,7호선,사가정,10338,10241,20579
20210403,7호선,삼산체육관,2794,2625,5419
20210403,7호선,상도,6121,5788,11909
20210403,7호선,상동,8722,8867,17589
20210403,7호선,상봉,11067,10514,21581
20210403,7호선,수락산,8265,8000,16265
20210403,7호선,숭실대입구,7062,6936,13998
20210403,7호선,신대방삼거리,9451,8987,18438
20210403,7호선,신중동,8359,8271,16630
20210403,7호선,신풍,6923,6722,13645
20210403,7호선,어린이대공원,8791,8374,17165
20210403,7호선,온수,4836,4856,9692
20210403,7호선,용마산,3646,3529,7175
20210403,7호선,이수,10209,9793,20002
20210403,7호선,장승배기,5862,5622,11484
20210403,7호선,장암,1059,707,1766
20210403,7호선,중계,7527,6917,14444
20210403,7호선,중곡,5524,5352,10876
20210403,7호선,중화,6662,6505,13167
20210403,7호선,천왕,5887,5416,11303
20210403,7호선,철산,12589,12813,25402
20210403,7호선,청담,10427,10937,21364
20210403,7호선,춘의,4482,4278,8760
20210403,7호선,태릉입구,5508,4822,10330
20210403,7호선,하계,10359,9753,20112
20210403,7호선,학동,9214,9588,18802
20210404,7호선,가산디지털단지,10793,9878,20671
20210404,7호선,강남구청,4809,5393,10202
20210404,7호선,건대입구,7398,7480,14878
20210404,7호선,고속터미널,10892,7023,17915
20210404,7호선,공릉,6045,6312,12357
20210404,7호선,광명사거리,11574,11104,22678
20210404,7호선,군자,7255,5699,12954
20210404,7호선,굴포천,4218,4284,8502
20210404,7호선,까치울,3872,3780,7652
20210404,7호선,남구로,6304,6111,12415
20210404,7호선,남성,5063,5198,10261
20210404,7호선,내방,4716,4868,9584
20210404,7호선,노원,10494,10432,20926
20210404,7호선,논현,5857,6253,12110
20210404,7호선,대림,6241,5859,12100
20210404,7호선,도봉산,4991,7022,12013
20210404,7호선,뚝섬유원지,8020,7598,15618
20210404,7호선,마들,5615,5189,10804
20210404,7호선,먹골,4830,4830,9660
20210404,7호선,면목,7192,7197,14389
20210404,7호선,반포,2632,2742,5374
20210404,7호선,보라매,3787,3845,7632
20210404,7호선,부천시청,6408,6088,12496
20210404,7호선,부천종합운동장,2524,2277,4801
20210404,7호선,부평구청,4659,4068,8727
20210404,7호선,사가정,8507,8406,16913
20210404,7호선,삼산체육관,2327,2234,4561
20210404,7호선,상도,4922,4853,9775
20210404,7호선,상동,6337,6097,12434
20210404,7호선,상봉,8891,8281,17172
20210404,7호선,수락산,7539,7401,14940
20210404,7호선,숭실대입구,5476,5952,11428
20210404,7호선,신대방삼거리,7193,7191,14384
20210404,7호선,신중동,6420,6225,12645
20210404,7호선,신풍,5476,5239,10715
20210404,7호선,어린이대공원,8082,8344,16426
20210404,7호선,온수,3821,3837,7658
20210404,7호선,용마산,3097,3343,6440
20210404,7호선,이수,7549,7079,14628
20210404,7호선,장승배기,4867,4700,9567
20210404,7호선,장암,1263,814,2077
20210404,7호선,중계,6188,5757,11945
20210404,7호선,중곡,4677,4597,9274
20210404,7호선,중화,5434,5233,10667
20210404,7호선,천왕,4504,4361,8865
20210404,7호선,철산,9615,9751,19366
20210404,7호선,청담,5741,6296,12037
20210404,7호선,춘의,3154,3021,6175
20210404,7호선,태릉입구,4450,4021,8471
20210404,7호선,하계,8446,7983,16429
20210404,7호선,학동,5023,5362,10385
20210410,7호선,가산디지털단지,15133,13831,28964
20210410,7호선,강남구청,9746,10602,20348
20210410,7호선,건대입구,10420,10787,21207
20210410,7호선,고속터미널,12773,10443,23216
20210410,7호선,공릉,8483,8319,16802
20210410,7호선,광명사거리,16577,16270,32847
20210410,7호선,군자,10784,8179,18963
20210410,7호선,굴포천,6214,6356,12570
20210410,7호선,까치울,5620,5575,11195
20210410,7호선,남구로,8186,8805,16991
20210410,7호선,남성,7593,7061,14654
20210410,7호선,내방,7594,7494,15088
20210410,7호선,노원,15581,16195,31776
20210410,7호선,논현,11622,12195,23817
20210410,7호선,대림,6670,6976,13646
20210410,7호선,도봉산,6995,9686,16681
20210410,7호선,뚝섬유원지,13195,13298,26493
20210410,7호선,마들,8546,8035,16581
20210410,7호선,먹골,7557,7387,14944
20210410,7호선,면목,11199,10776,21975
20210410,7호선,반포,4400,4174,8574
20210410,7호선,보라매,6883,6652,13535
20210410,7호선,부천시청,9222,8939,18161
20210410,7호선,부천종합운동장,3247,2955,6202
20210410,7호선,부평구청,6859,6073,12932
20210410,7호선,사가정,12471,11976,24447
20210410,7호선,삼산체육관,3411,3324,6735
20210410,7호선,상도,7110,6695,13805
20210410,7호선,상동,10064,10258,20322
20210410,7호선,상봉,13412,12577,25989
20210410,7호선,수락산,10380,10225,20605
20210410,7호선,숭실대입구,7936,7925,15861
20210410,7호선,신대방삼거리,11133,10455,21588
20210410,7호선,신중동,9463,9415,18878
20210410,7호선,신풍,8279,7867,16146
20210410,7호선,어린이대공원,11551,11478,23029
20210410,7호선,온수,5678,5646,11324
20210410,7호선,용마산,4595,4854,9449
20210410,7호선,이수,11423,10736,22159
20210410,7호선,장승배기,6710,6436,13146
20210410,7호선,장암,1596,1264,2860
20210410,7호선,중계,9310,8160,17470
20210410,7호선,중곡,6636,6234,12870
20210410,7호선,중화,7859,7542,15401
20210410,7호선,천왕,6780,6425,13205
20210410,7호선,철산,14802,15131,29933
20210410,7호선,청담,11768,12762,24530
20210410,7호선,춘의,5005,4749,9754
20210410,7호선,태릉입구,6773,6211,12984
20210410,7호선,하계,12048,11179,23227
20210410,7호선,학동,10270,10849,21119
20210411,7호선,가산디지털단지,10908,10206,21114
20210411,7호선,강남구청,5612,6047,11659
20210411,7호선,건대입구,7269,7413,14682
20210411,7호선,고속터미널,11559,7243,18802
20210411,7호선,공릉,6336,6418,12754
20210411,7호선,광명사거리,11728,11635,23363
20210411,7호선,군자,7488,5718,13206
20210411,7호선,굴포천,4170,4253,8423
20210411,7호선,까치울,4170,4120,8290
20210411,7호선,남구로,6444,6254,12698
20210411,7호선,남성,5137,5177,10314
20210411,7호선,내방,4777,4891,9668
20210411,7호선,노원,10208,10490,20698
20210411,7호선,논현,6055,6392,12447
20210411,7호선,대림,6346,5881,12227
20210411,7호선,도봉산,5766,8651,14417
20210411,7호선,뚝섬유원지,10930,10446,21376
20210411,7호선,마들,5585,5247,10832
20210411,7호선,먹골,5555,5300,10855
20210411,7호선,면목,7883,7921,15804
20210411,7호선,반포,2638,2634,5272
20210411,7호선,보라매,4224,4260,8484
20210411,7호선,부천시청,6015,5979,11994
20210411,7호선,부천종합운동장,2503,2327,4830
20210411,7호선,부평구청,4809,4177,8986
20210411,7호선,사가정,8866,8681,17547
20210411,7호선,삼산체육관,2336,2158,4494
20210411,7호선,상도,4943,4976,9919
20210411,7호선,상동,6612,6205,12817
20210411,7호선,상봉,8912,8245,17157
20210411,7호선,수락산,8371,8393,16764
20210411,7호선,숭실대입구,5625,6114,11739
20210411,7호선,신대방삼거리,7440,7411,14851
20210411,7호선,신중동,6232,6220,12452
20210411,7호선,신풍,5777,5562,11339
20210411,7호선,어린이대공원,8053,8468,16521
20210411,7호선,온수,3774,3949,7723
20210411,7호선,용마산,3338,3861,7199
20210411,7호선,이수,7480,7172,14652
20210411,7호선,장승배기,4765,4567,9332
20210411,7호선,장암,1474,1105,2579
20210411,7호선,중계,6418,5981,12399
20210411,7호선,중곡,4948,4749,9697
20210411,7호선,중화,5742,5764,11506
20210411,7호선,천왕,4731,4540,9271
20210411,7호선,철산,10073,10028,20101
20210411,7호선,청담,6312,6822,13134
20210411,7호선,춘의,3269,3130,6399
20210411,7호선,태릉입구,4633,4455,9088
20210411,7호선,하계,8753,8205,16958
20210411,7호선,학동,5522,5943,11465
20210417,7호선,가산디지털단지,14009,12709,26718
20210417,7호선,강남구청,9374,10287,19661
20210417,7호선,건대입구,9741,9758,19499
20210417,7호선,고속터미널,12721,10035,22756
20210417,7호선,공릉,8419,8295,16714
20210417,7호선,광명사거리,15706,15701,31407
20210417,7호선,군자,9864,7506,17370
20210417,7호선,굴포천,5821,6060,11881
20210417,7호선,까치울,5023,4994,10017
20210417,7호선,남구로,7909,8366,16275
20210417,7호선,남성,7370,6766,14136
20210417,7호선,내방,7388,7197,14585
20210417,7호선,노원,14678,14961,29639
20210417,7호선,논현,10549,11486,22035
20210417,7호선,대림,6611,6993,13604
20210417,7호선,도봉산,5954,8328,14282
20210417,7호선,뚝섬유원지,6302,6119,12421
20210417,7호선,마들,8277,7827,16104
20210417,7호선,먹골,7473,7359,14832
20210417,7호선,면목,10488,10259,20747
20210417,7호선,반포,4170,4073,8243
20210417,7호선,보라매,6122,5859,11981
20210417,7호선,부천시청,8861,8596,17457
20210417,7호선,부천종합운동장,2990,2756,5746
20210417,7호선,부평구청,6614,5961,12575
20210417,7호선,사가정,11757,11548,23305
20210417,7호선,삼산체육관,3283,3120,6403
20210417,7호선,상도,6984,6535,13519
20210417,7호선,상동,9315,9322,18637
20210417,7호선,상봉,12662,11934,24596
20210417,7호선,수락산,9474,9413,18887
20210417,7호선,숭실대입구,7778,7907,15685
20210417,7호선,신대방삼거리,10853,10093,20946
20210417,7호선,신중동,9036,9002,18038
20210417,7호선,신풍,7916,7611,15527
20210417,7호선,어린이대공원,8251,7853,16104
20210417,7호선,온수,5245,5285,10530
20210417,7호선,용마산,4138,4260,8398
20210417,7호선,이수,11262,10598,21860
20210417,7호선,장승배기,6633,6340,12973
20210417,7호선,장암,1414,1064,2478
20210417,7호선,중계,8675,7825,16500
20210417,7호선,중곡,6739,6284,13023
20210417,7호선,중화,7723,7445,15168
20210417,7호선,천왕,6312,5985,12297
20210417,7호선,철산,14124,14421,28545
20210417,7호선,청담,10779,11378,22157
20210417,7호선,춘의,4898,4610,9508
20210417,7호선,태릉입구,6035,5420,11455
20210417,7호선,하계,11278,10506,21784
20210417,7호선,학동,10060,10636,20696
20210418,7호선,가산디지털단지,10272,9413,19685
20210418,7호선,강남구청,4985,5409,10394
20210418,7호선,건대입구,7200,6908,14108
20210418,7호선,고속터미널,10919,6838,17757
20210418,7호선,공릉,5853,6089,11942
20210418,7호선,광명사거리,11466,11277,22743
20210418,7호선,군자,7107,5622,12729
20210418,7호선,굴포천,4221,4164,8385
20210418,7호선,까치울,3926,3882,7808
20210418,7호선,남구로,6312,6173,12485
20210418,7호선,남성,5016,5074,10090
20210418,7호선,내방,4709,4769,9478
20210418,7호선,노원,9889,10053,19942
20210418,7호선,논현,5783,6256,12039
20210418,7호선,대림,6193,5825,12018
20210418,7호선,도봉산,5587,8287,13874
20210418,7호선,뚝섬유원지,7845,7878,15723
20210418,7호선,마들,5463,5047,10510
20210418,7호선,먹골,5072,4970,10042
20210418,7호선,면목,7565,7552,15117
20210418,7호선,반포,2672,2659,5331
20210418,7호선,보라매,4600,4848,9448
20210418,7호선,부천시청,6055,6097,12152
20210418,7호선,부천종합운동장,2304,2140,4444
20210418,7호선,부평구청,4658,4016,8674
20210418,7호선,사가정,8824,8522,17346
20210418,7호선,삼산체육관,2242,2190,4432
20210418,7호선,상도,4751,4838,9589
20210418,7호선,상동,6330,6065,12395
20210418,7호선,상봉,9026,8660,17686
20210418,7호선,수락산,8341,8355,16696
20210418,7호선,숭실대입구,5189,5601,10790
20210418,7호선,신대방삼거리,7304,7276,14580
20210418,7호선,신중동,6373,6151,12524
20210418,7호선,신풍,5574,5272,10846
20210418,7호선,어린이대공원,7308,7630,14938
20210418,7호선,온수,3648,3730,7378
20210418,7호선,용마산,3187,3743,6930
20210418,7호선,이수,7520,7133,14653
20210418,7호선,장승배기,4904,4933,9837
20210418,7호선,장암,1408,1068,2476
20210418,7호선,중계,6284,5761,12045
20210418,7호선,중곡,4865,4601,9466
20210418,7호선,중화,5551,5416,10967
20210418,7호선,천왕,4611,4466,9077
20210418,7호선,철산,9465,9531,18996
20210418,7호선,청담,6396,6643,13039
20210418,7호선,춘의,3267,3106,6373
20210418,7호선,태릉입구,4643,4184,8827
20210418,7호선,하계,8327,8016,16343
20210418,7호선,학동,5177,5575,10752
20210424,7호선,가산디지털단지,14322,13162,27484
20210424,7호선,강남구청,9457,10428,19885
20210424,7호선,건대입구,10045,10222,20267
20210424,7호선,고속터미널,12844,10251,23095
20210424,7호선,공릉,8880,8707,17587
20210424,7호선,광명사거리,15959,15838,31797
20210424,7호선,군자,10245,7581,17826
20210424,7호선,굴포천,5980,6233,12213
20210424,7호선,까치울,5425,5392,10817
20210424,7호선,남구로,8221,8666,16887
20210424,7호선,남성,7469,6905,14374
20210424,7호선,내방,7438,7327,14765
20210424,7호선,노원,14798,15254,30052
20210424,7호선,논현,10925,11900,22825
20210424,7호선,대림,6396,6842,13238
20210424,7호선,도봉산,6560,9159,15719
20210424,7호선,뚝섬유원지,12486,11974,24460
20210424,7호선,마들,8524,8024,16548
20210424,7호선,먹골,7655,7423,15078
20210424,7호선,면목,10955,10400,21355
20210424,7호선,반포,4428,4249,8677
20210424,7호선,보라매,5993,5943,11936
20210424,7호선,부천시청,8890,8532,17422
20210424,7호선,부천종합운동장,3057,2819,5876
20210424,7호선,부평구청,6929,5925,12854
20210424,7호선,사가정,12255,11790,24045
20210424,7호선,삼산체육관,3466,3167,6633
20210424,7호선,상도,7090,6710,13800
20210424,7호선,상동,9443,9607,19050
20210424,7호선,상봉,12892,12295,25187
20210424,7호선,수락산,10298,9935,20233
20210424,7호선,숭실대입구,8174,8073,16247
20210424,7호선,신대방삼거리,10962,10008,20970
20210424,7호선,신중동,9133,8996,18129
20210424,7호선,신풍,7996,7400,15396
20210424,7호선,어린이대공원,9426,9494,18920
20210424,7호선,온수,5518,5545,11063
20210424,7호선,용마산,4751,4776,9527
20210424,7호선,이수,11328,10691,22019
20210424,7호선,장승배기,6641,6332,12973
20210424,7호선,장암,1638,1232,2870
20210424,7호선,중계,9118,8115,17233
20210424,7호선,중곡,6453,5868,12321
20210424,7호선,중화,7681,7207,14888
20210424,7호선,천왕,6879,6451,13330
20210424,7호선,철산,14380,14743,29123
20210424,7호선,청담,11086,11764,22850
20210424,7호선,춘의,4837,4677,9514
20210424,7호선,태릉입구,6277,5762,12039
20210424,7호선,하계,12004,11110,23114
20210424,7호선,학동,9786,10455,20241
20210425,7호선,가산디지털단지,10776,9873,20649
20210425,7호선,강남구청,5369,5911,11280
20210425,7호선,건대입구,6834,6892,13726
20210425,7호선,고속터미널,11400,7564,18964
20210425,7호선,공릉,5994,6186,12180
20210425,7호선,광명사거리,11542,11410,22952
20210425,7호선,군자,7219,5638,12857
20210425,7호선,굴포천,4240,4164,8404
20210425,7호선,까치울,4209,4094,8303
20210425,7호선,남구로,6417,6320,12737
20210425,7호선,남성,5004,5025,10029
20210425,7호선,내방,4697,4754,9451
20210425,7호선,노원,10090,10249,20339
20210425,7호선,논현,5973,6318,12291
20210425,7호선,대림,6009,5767,11776
20210425,7호선,도봉산,5701,8460,14161
20210425,7호선,뚝섬유원지,11519,10746,22265
20210425,7호선,마들,5697,5196,10893
20210425,7호선,먹골,5249,5193,10442
20210425,7호선,면목,7748,7758,15506
20210425,7호선,반포,2673,2689,5362
20210425,7호선,보라매,4455,4524,8979
20210425,7호선,부천시청,5994,5886,11880
20210425,7호선,부천종합운동장,2320,2202,4522
20210425,7호선,부평구청,4821,4177,8998
20210425,7호선,사가정,8754,8503,17257
20210425,7호선,삼산체육관,2689,2482,5171
20210425,7호선,상도,4939,4985,9924
20210425,7호선,상동,6157,5989,12146
20210425,7호선,상봉,8935,8204,17139
20210425,7호선,수락산,8191,8242,16433
20210425,7호선,숭실대입구,5385,5843,11228
20210425,7호선,신대방삼거리,7280,7195,14475
20210425,7호선,신중동,6339,6229,12568
20210425,7호선,신풍,5577,5322,10899
20210425,7호선,어린이대공원,7901,7987,15888
20210425,7호선,온수,3889,3995,7884
20210425,7호선,용마산,3426,3841,7267
20210425,7호선,이수,7482,7011,14493
20210425,7호선,장승배기,4651,4591,9242
20210425,7호선,장암,1561,1222,2783
20210425,7호선,중계,6334,5913,12247
20210425,7호선,중곡,4892,4694,9586
20210425,7호선,중화,6083,5743,11826
20210425,7호선,천왕,4749,4667,9416
20210425,7호선,철산,9927,9863,19790
20210425,7호선,청담,6022,6408,12430
20210425,7호선,춘의,3429,3296,6725
20210425,7호선,태릉입구,4602,4312,8914
20210425,7호선,하계,8297,7905,16202
20210425,7호선,학동,5469,5875,11344
20210501,7호선,가산디지털단지,13779,12664,26443
20210501,7호선,강남구청,9064,10007,19071
20210501,7호선,건대입구,9769,9858,19627
20210501,7호선,고속터미널,12226,9514,21740
20210501,7호선,공릉,7922,7618,15540
20210501,7호선,광명사거리,15068,14954,30022
20210501,7호선,군자,9283,7202,16485
20210501,7호선,굴포천,5739,6021,11760
20210501,7호선,까치울,4825,4695,9520
20210501,7호선,남구로,7952,8037,15989
20210501,7호선,남성,6670,6295,12965
20210501,7호선,내방,7021,6898,13919
20210501,7호선,노원,13952,14244,28196
20210501,7호선,논현,9820,10704,20524
20210501,7호선,대림,7220,7235,14455
20210501,7호선,도봉산,5198,7206,12404
20210501,7호선,뚝섬유원지,5392,5260,10652
20210501,7호선,마들,7597,7140,14737
20210501,7호선,먹골,7306,7074,14380
20210501,7호선,면목,9696,9460,19156
20210501,7호선,반포,3789,3527,7316
20210501,7호선,보라매,5179,4945,10124
20210501,7호선,부천시청,8603,8433,17036
20210501,7호선,부천종합운동장,2648,2527,5175
20210501,7호선,부평구청,6196,5516,11712
20210501,7호선,사가정,10906,10553,21459
20210501,7호선,삼산체육관,2960,2836,5796
20210501,7호선,상도,6546,6198,12744
20210501,7호선,상동,9204,9225,18429
20210501,7호선,상봉,11505,10756,22261
20210501,7호선,수락산,8708,8528,17236
20210501,7호선,숭실대입구,7264,7381,14645
20210501,7호선,신대방삼거리,9782,9325,19107
20210501,7호선,신중동,8580,8322,16902
20210501,7호선,신풍,7270,7049,14319
20210501,7호선,어린이대공원,7579,7125,14704
20210501,7호선,온수,4961,4853,9814
20210501,7호선,용마산,3832,3647,7479
20210501,7호선,이수,10377,9687,20064
20210501,7호선,장승배기,6132,5738,11870
20210501,7호선,장암,1220,935,2155
20210501,7호선,중계,7978,7056,15034
20210501,7호선,중곡,5982,5593,11575
20210501,7호선,중화,6970,6684,13654
20210501,7호선,천왕,5878,5575,11453
20210501,7호선,철산,13522,13581,27103
20210501,7호선,청담,9741,10548,20289
20210501,7호선,춘의,4331,4171,8502
20210501,7호선,태릉입구,5548,5033,10581
20210501,7호선,하계,10737,10094,20831
20210501,7호선,학동,8982,9628,18610
20210502,7호선,가산디지털단지,10803,9926,20729
20210502,7호선,강남구청,5175,5578,10753
20210502,7호선,건대입구,7644,8123,15767
20210502,7호선,고속터미널,12260,7709,19969
20210502,7호선,공릉,6285,6437,12722
20210502,7호선,광명사거리,11609,11406,23015
20210502,7호선,군자,7234,5751,12985
20210502,7호선,굴포천,4374,4260,8634
20210502,7호선,까치울,4178,4081,8259
20210502,7호선,남구로,6470,6075,12545
20210502,7호선,남성,5039,5028,10067
20210502,7호선,내방,4742,4852,9594
20210502,7호선,노원,10323,10557,20880
20210502,7호선,논현,6054,6511,12565
20210502,7호선,대림,6461,5824,12285
20210502,7호선,도봉산,5918,8537,14455
20210502,7호선,뚝섬유원지,12145,11386,23531
20210502,7호선,마들,5629,5276,10905
20210502,7호선,먹골,5093,4960,10053
20210502,7호선,면목,7739,7645,15384
20210502,7호선,반포,2827,2917,5744
20210502,7호선,보라매,4757,4631,9388
20210502,7호선,부천시청,6323,6043,12366
20210502,7호선,부천종합운동장,2437,2291,4728
20210502,7호선,부평구청,4755,4232,8987
20210502,7호선,사가정,8911,8749,17660
20210502,7호선,삼산체육관,2383,2238,4621
20210502,7호선,상도,5042,5132,10174
20210502,7호선,상동,6512,6162,12674
20210502,7호선,상봉,9351,8830,18181
20210502,7호선,수락산,8402,8270,16672
20210502,7호선,숭실대입구,5454,5734,11188
20210502,7호선,신대방삼거리,7450,7369,14819
20210502,7호선,신중동,6270,6115,12385
20210502,7호선,신풍,5896,5663,11559
20210502,7호선,어린이대공원,7937,8143,16080
20210502,7호선,온수,3710,3757,7467
20210502,7호선,용마산,3180,3584,6764
20210502,7호선,이수,7641,7275,14916
20210502,7호선,장승배기,4433,4499,8932
20210502,7호선,장암,1484,1048,2532
20210502,7호선,중계,6454,6024,12478
20210502,7호선,중곡,4855,4654,9509
20210502,7호선,중화,5554,5469,11023
20210502,7호선,천왕,4647,4488,9135
20210502,7호선,철산,9980,10150,20130
20210502,7호선,청담,6225,6694,12919
20210502,7호선,춘의,3285,3015,6300
20210502,7호선,태릉입구,4819,4575,9394
20210502,7호선,하계,8472,8129,16601
20210502,7호선,학동,4967,5463,10430
20210508,7호선,가산디지털단지,13281,11922,25203
20210508,7호선,강남구청,8293,8935,17228
20210508,7호선,건대입구,8892,9266,18158
20210508,7호선,고속터미널,11934,9782,21716
20210508,7호선,공릉,7836,7677,15513
20210508,7호선,광명사거리,15162,15404,30566
20210508,7호선,군자,9600,7191,16791
20210508,7호선,굴포천,5775,6049,11824
20210508,7호선,까치울,4889,4926,9815
20210508,7호선,남구로,7938,8491,16429
20210508,7호선,남성,7007,6542,13549
20210508,7호선,내방,7070,6980,14050
20210508,7호선,노원,13877,14545,28422
20210508,7호선,논현,10372,10722,21094
20210508,7호선,대림,6412,6913,13325
20210508,7호선,도봉산,5410,7588,12998
20210508,7호선,뚝섬유원지,7607,7629,15236
20210508,7호선,마들,8102,7553,15655
20210508,7호선,먹골,6904,6761,13665
20210508,7호선,면목,10208,10166,20374
20210508,7호선,반포,3993,3928,7921
20210508,7호선,보라매,5711,5337,11048
20210508,7호선,부천시청,8290,8220,16510
20210508,7호선,부천종합운동장,3021,2722,5743
20210508,7호선,부평구청,6317,5750,12067
20210508,7호선,사가정,11398,11200,22598
20210508,7호선,삼산체육관,2993,2807,5800
20210508,7호선,상도,6607,6092,12699
20210508,7호선,상동,8607,8811,17418
20210508,7호선,상봉,11731,11207,22938
20210508,7호선,수락산,8805,8717,17522
20210508,7호선,숭실대입구,7295,7229,14524
20210508,7호선,신대방삼거리,10193,9526,19719
20210508,7호선,신중동,8362,8323,16685
20210508,7호선,신풍,7441,7233,14674
20210508,7호선,어린이대공원,8903,8190,17093
20210508,7호선,온수,5154,5092,10246
20210508,7호선,용마산,3896,3876,7772
20210508,7호선,이수,10125,9103,19228
20210508,7호선,장승배기,6170,5897,12067
20210508,7호선,장암,1331,888,2219
20210508,7호선,중계,8372,7494,15866
20210508,7호선,중곡,6044,5790,11834
20210508,7호선,중화,7095,6708,13803
20210508,7호선,천왕,6106,5736,11842
20210508,7호선,철산,13311,13642,26953
20210508,7호선,청담,10073,10471,20544
20210508,7호선,춘의,4662,4388,9050
20210508,7호선,태릉입구,5739,5190,10929
20210508,7호선,하계,10973,10362,21335
20210508,7호선,학동,8607,8660,17267
20210509,7호선,가산디지털단지,10123,9860,19983
20210509,7호선,강남구청,4986,5473,10459
20210509,7호선,건대입구,7099,7969,15068
20210509,7호선,고속터미널,14915,7546,22461
20210509,7호선,공릉,6022,6398,12420
20210509,7호선,광명사거리,11779,11572,23351
20210509,7호선,군자,7250,6013,13263
20210509,7호선,굴포천,4434,4305,8739
20210509,7호선,까치울,4253,4047,8300
20210509,7호선,남구로,6602,6469,13071
20210509,7호선,남성,4976,5228,10204
20210509,7호선,내방,4931,5210,10141
20210509,7호선,노원,10725,10997,21722
20210509,7호선,논현,6076,6761,12837
20210509,7호선,대림,6521,6094,12615
20210509,7호선,도봉산,5731,8441,14172
20210509,7호선,뚝섬유원지,12192,11743,23935
20210509,7호선,마들,5793,5430,11223
20210509,7호선,먹골,5181,5086,10267
20210509,7호선,면목,7750,7644,15394
20210509,7호선,반포,2816,2778,5594
20210509,7호선,보라매,3866,4031,7897
20210509,7호선,부천시청,6390,6102,12492
20210509,7호선,부천종합운동장,2371,2106,4477
20210509,7호선,부평구청,4981,4192,9173
20210509,7호선,사가정,8998,8940,17938
20210509,7호선,삼산체육관,2459,2190,4649
20210509,7호선,상도,4870,5227,10097
20210509,7호선,상동,6349,6165,12514
20210509,7호선,상봉,8763,8500,17263
20210509,7호선,수락산,8609,8306,16915
20210509,7호선,숭실대입구,5417,6079,11496
20210509,7호선,신대방삼거리,7268,7693,14961
20210509,7호선,신중동,6483,6298,12781
20210509,7호선,신풍,5702,5518,11220
20210509,7호선,어린이대공원,8165,8583,16748
20210509,7호선,온수,3866,3932,7798
20210509,7호선,용마산,3319,3669,6988
20210509,7호선,이수,7470,7220,14690
20210509,7호선,장승배기,4492,4540,9032
20210509,7호선,장암,1524,1078,2602
20210509,7호선,중계,6525,6078,12603
20210509,7호선,중곡,4964,4899,9863
20210509,7호선,중화,5755,5567,11322
20210509,7호선,천왕,4739,4533,9272
20210509,7호선,철산,10059,10050,20109
20210509,7호선,청담,5961,6303,12264
20210509,7호선,춘의,3317,3066,6383
20210509,7호선,태릉입구,4803,4625,9428
20210509,7호선,하계,8792,8261,17053
20210509,7호선,학동,4926,5328,10254
20210515,7호선,가산디지털단지,14034,12744,26778
20210515,7호선,강남구청,9098,10160,19258
20210515,7호선,건대입구,10398,10434,20832
20210515,7호선,고속터미널,13224,10300,23524
20210515,7호선,공릉,8817,8646,17463
20210515,7호선,광명사거리,15642,15892,31534
20210515,7호선,군자,10037,7823,17860
20210515,7호선,굴포천,6118,6433,12551
20210515,7호선,까치울,5100,5007,10107
20210515,7호선,남구로,8162,8727,16889
20210515,7호선,남성,7565,7109,14674
20210515,7호선,내방,7693,7731,15424
20210515,7호선,노원,15475,15565,31040
20210515,7호선,논현,10934,11844,22778
20210515,7호선,대림,6852,7355,14207
20210515,7호선,도봉산,5953,8207,14160
20210515,7호선,뚝섬유원지,5685,5555,11240
20210515,7호선,마들,8352,8000,16352
20210515,7호선,먹골,7591,7384,14975
20210515,7호선,면목,10529,10160,20689
20210515,7호선,반포,4304,4163,8467
20210515,7호선,보라매,5932,5705,11637
20210515,7호선,부천시청,9068,8863,17931
20210515,7호선,부천종합운동장,2895,2595,5490
20210515,7호선,부평구청,6563,5779,12342
20210515,7호선,사가정,11753,11494,23247
20210515,7호선,삼산체육관,3190,3047,6237
20210515,7호선,상도,7169,6823,13992
20210515,7호선,상동,9714,9906,19620
20210515,7호선,상봉,12535,12035,24570
20210515,7호선,수락산,9777,9597,19374
20210515,7호선,숭실대입구,7577,7658,15235
20210515,7호선,신대방삼거리,10815,10105,20920
20210515,7호선,신중동,9245,8935,18180
20210515,7호선,신풍,7713,7578,15291
20210515,7호선,어린이대공원,8465,8132,16597
20210515,7호선,온수,5385,5260,10645
20210515,7호선,용마산,4382,4419,8801
20210515,7호선,이수,11392,10597,21989
20210515,7호선,장승배기,6341,6297,12638
20210515,7호선,장암,1422,989,2411
20210515,7호선,중계,9002,8310,17312
20210515,7호선,중곡,6664,6325,12989
20210515,7호선,중화,8052,7788,15840
20210515,7호선,천왕,6344,6054,12398
20210515,7호선,철산,14582,14763,29345
20210515,7호선,청담,10964,11578,22542
20210515,7호선,춘의,4888,4695,9583
20210515,7호선,태릉입구,6396,5970,12366
20210515,7호선,하계,11806,10987,22793
20210515,7호선,학동,10128,10574,20702
20210516,7호선,가산디지털단지,8391,7547,15938
20210516,7호선,강남구청,4551,4887,9438
20210516,7호선,건대입구,6619,6910,13529
20210516,7호선,고속터미널,10365,6643,17008
20210516,7호선,공릉,5220,5398,10618
20210516,7호선,광명사거리,9939,9692,19631
20210516,7호선,군자,6097,4988,11085
20210516,7호선,굴포천,3746,3826,7572
20210516,7호선,까치울,3076,3115,6191
20210516,7호선,남구로,5914,5732,11646
20210516,7호선,남성,4282,4305,8587
20210516,7호선,내방,4186,4476,8662
20210516,7호선,노원,8652,8587,17239
20210516,7호선,논현,5234,5646,10880
20210516,7호선,대림,5880,5453,11333
20210516,7호선,도봉산,3317,4465,7782
20210516,7호선,뚝섬유원지,3230,3238,6468
20210516,7호선,마들,4804,4582,9386
20210516,7호선,먹골,4297,4240,8537
20210516,7호선,면목,6288,6384,12672
20210516,7호선,반포,2419,2488,4907
20210516,7호선,보라매,3335,3353,6688
20210516,7호선,부천시청,5367,5222,10589
20210516,7호선,부천종합운동장,1724,1508,3232
20210516,7호선,부평구청,4104,3666,7770
20210516,7호선,사가정,7039,7105,14144
20210516,7호선,삼산체육관,1808,1775,3583
20210516,7호선,상도,4428,4369,8797
20210516,7호선,상동,5620,5391,11011
20210516,7호선,상봉,7622,7164,14786
20210516,7호선,수락산,5644,5576,11220
20210516,7호선,숭실대입구,4573,4797,9370
20210516,7호선,신대방삼거리,6272,6148,12420
20210516,7호선,신중동,5332,5357,10689
20210516,7호선,신풍,5016,4896,9912
20210516,7호선,어린이대공원,6077,5943,12020
20210516,7호선,온수,3027,3054,6081
20210516,7호선,용마산,2702,2803,5505
20210516,7호선,이수,6623,6409,13032
20210516,7호선,장승배기,3950,3866,7816
20210516,7호선,장암,776,458,1234
20210516,7호선,중계,5330,5108,10438
20210516,7호선,중곡,4019,3951,7970
20210516,7호선,중화,4661,4537,9198
20210516,7호선,천왕,3822,3747,7569
20210516,7호선,철산,8358,8240,16598
20210516,7호선,청담,5666,5963,11629
20210516,7호선,춘의,2701,2606,5307
20210516,7호선,태릉입구,3868,3660,7528
20210516,7호선,하계,7149,6780,13929
20210516,7호선,학동,4477,4827,9304
20210522,7호선,가산디지털단지,14899,13774,28673
20210522,7호선,강남구청,9940,10749,20689
20210522,7호선,건대입구,10646,11042,21688
20210522,7호선,고속터미널,13406,10713,24119
20210522,7호선,공릉,8877,8823,17700
20210522,7호선,광명사거리,16815,16556,33371
20210522,7호선,군자,10734,7941,18675
20210522,7호선,굴포천,6747,6806,13553
20210522,7호선,까치울,5747,5692,11439
20210522,7호선,남구로,8505,8821,17326
20210522,7호선,남성,7843,7231,15074
20210522,7호선,내방,7933,7982,15915
20210522,7호선,노원,15681,16268,31949
20210522,7호선,논현,11535,12298,23833
20210522,7호선,대림,6930,7465,14395
20210522,7호선,도봉산,7336,10081,17417
20210522,7호선,뚝섬유원지,12770,12383,25153
20210522,7호선,마들,8917,8348,17265
20210522,7호선,먹골,8413,7944,16357
20210522,7호선,면목,11206,10869,22075
20210522,7호선,반포,4425,4161,8586
20210522,7호선,보라매,5857,5738,11595
20210522,7호선,부천시청,9773,9587,19360
20210522,7호선,부천종합운동장,3322,3064,6386
20210522,7호선,부평구청,6135,4887,11022
20210522,7호선,사가정,12679,12203,24882
20210522,7호선,삼산체육관,3768,3520,7288
20210522,7호선,상도,7357,7045,14402
20210522,7호선,상동,10527,10781,21308
20210522,7호선,상봉,13375,12761,26136
20210522,7호선,수락산,10781,10541,21322
20210522,7호선,숭실대입구,8063,8215,16278
20210522,7호선,신대방삼거리,11028,10163,21191
20210522,7호선,신중동,9747,9673,19420
20210522,7호선,신풍,8232,7947,16179
20210522,7호선,어린이대공원,10303,10011,20314
20210522,7호선,온수,5758,5625,11383
20210522,7호선,용마산,4985,5157,10142
20210522,7호선,이수,11724,11058,22782
20210522,7호선,장승배기,6992,6571,13563
20210522,7호선,장암,1747,1349,3096
20210522,7호선,중계,9560,8556,18116
20210522,7호선,중곡,6691,6455,13146
20210522,7호선,중화,8529,7996,16525
20210522,7호선,천왕,7020,6726,13746
20210522,7호선,철산,15556,15577,31133
20210522,7호선,청담,11267,12087,23354
20210522,7호선,춘의,5292,5155,10447
20210522,7호선,태릉입구,8906,8866,17772
20210522,7호선,하계,12446,11691,24137
20210522,7호선,학동,11007,11676,22683
20210523,7호선,가산디지털단지,10495,9908,20403
20210523,7호선,강남구청,5287,5729,11016
20210523,7호선,건대입구,7091,7257,14348
20210523,7호선,고속터미널,12010,7870,19880
20210523,7호선,공릉,6265,6391,12656
20210523,7호선,광명사거리,11786,11811,23597
20210523,7호선,군자,7477,5615,13092
20210523,7호선,굴포천,4525,4452,8977
20210523,7호선,까치울,4246,4183,8429
20210523,7호선,남구로,6524,6343,12867
20210523,7호선,남성,5186,5261,10447
20210523,7호선,내방,4980,5108,10088
20210523,7호선,노원,10439,10574,21013
20210523,7호선,논현,6290,6499,12789
20210523,7호선,대림,6689,6437,13126
20210523,7호선,도봉산,5860,8812,14672
20210523,7호선,뚝섬유원지,9446,8785,18231
20210523,7호선,마들,5784,5403,11187
20210523,7호선,먹골,5793,5270,11063
20210523,7호선,면목,7864,7616,15480
20210523,7호선,반포,2705,2750,5455
20210523,7호선,보라매,4246,4321,8567
20210523,7호선,부천시청,6455,6281,12736
20210523,7호선,부천종합운동장,2394,2227,4621
20210523,7호선,부평구청,3834,3292,7126
20210523,7호선,사가정,9067,8747,17814
20210523,7호선,삼산체육관,2695,2495,5190
20210523,7호선,상도,5209,5094,10303
20210523,7호선,상동,6913,6701,13614
20210523,7호선,상봉,8815,8193,17008
20210523,7호선,수락산,8727,8559,17286
20210523,7호선,숭실대입구,5378,5817,11195
20210523,7호선,신대방삼거리,7514,7472,14986
20210523,7호선,신중동,6669,6397,13066
20210523,7호선,신풍,5845,5466,11311
20210523,7호선,어린이대공원,7616,7661,15277
20210523,7호선,온수,3677,3935,7612
20210523,7호선,용마산,3257,3591,6848
20210523,7호선,이수,7884,7527,15411
20210523,7호선,장승배기,4564,4544,9108
20210523,7호선,장암,1572,1179,2751
20210523,7호선,중계,6629,6167,12796
20210523,7호선,중곡,4906,4745,9651
20210523,7호선,중화,6265,5967,12232
20210523,7호선,천왕,4736,4620,9356
20210523,7호선,철산,10081,10060,20141
20210523,7호선,청담,6491,6870,13361
20210523,7호선,춘의,3486,3420,6906
20210523,7호선,태릉입구,7182,7212,14394
20210523,7호선,하계,8695,8284,16979
20210523,7호선,학동,5557,6045,11602
20210529,7호선,가산디지털단지,14424,13241,27665
20210529,7호선,강남구청,9788,10791,20579
20210529,7호선,건대입구,10380,10434,20814
20210529,7호선,고속터미널,13148,10588,23736
20210529,7호선,공릉,8354,8271,16625
20210529,7호선,광명사거리,16389,16305,32694
20210529,7호선,군자,10305,7792,18097
20210529,7호선,굴포천,6489,6682,13171
20210529,7호선,까치울,5428,5375,10803
20210529,7호선,남구로,8242,8719,16961
20210529,7호선,남성,7517,7044,14561
20210529,7호선,내방,7883,7738,15621
20210529,7호선,노원,15123,15368,30491
20210529,7호선,논현,10954,12103,23057
20210529,7호선,대림,6768,7133,13901
20210529,7호선,도봉산,6303,8805,15108
20210529,7호선,뚝섬유원지,7032,6952,13984
20210529,7호선,마들,8524,8004,16528
20210529,7호선,먹골,7877,7569,15446
20210529,7호선,면목,10715,10209,20924
20210529,7호선,반포,4196,4018,8214
20210529,7호선,보라매,6456,6259,12715
20210529,7호선,부천시청,9360,9368,18728
20210529,7호선,부천종합운동장,3059,2760,5819
20210529,7호선,부평구청,5061,4372,9433
20210529,7호선,사가정,12335,11677,24012
20210529,7호선,삼산체육관,3543,3318,6861
20210529,7호선,상도,7338,6738,14076
20210529,7호선,상동,10132,10232,20364
20210529,7호선,상봉,12572,12040,24612
20210529,7호선,수락산,10079,9618,19697
20210529,7호선,숭실대입구,7947,7941,15888
20210529,7호선,신대방삼거리,10744,9876,20620
20210529,7호선,신중동,9320,9240,18560
20210529,7호선,신풍,7982,7645,15627
20210529,7호선,어린이대공원,9312,8913,18225
20210529,7호선,온수,5476,5463,10939
20210529,7호선,용마산,4256,4345,8601
20210529,7호선,이수,11846,11076,22922
20210529,7호선,장승배기,6554,6221,12775
20210529,7호선,장암,1593,1216,2809
20210529,7호선,중계,9121,8066,17187
20210529,7호선,중곡,6449,5993,12442
20210529,7호선,중화,7533,7267,14800
20210529,7호선,천왕,6569,6320,12889
20210529,7호선,철산,14825,14978,29803
20210529,7호선,청담,11271,12449,23720
20210529,7호선,춘의,5041,4808,9849
20210529,7호선,태릉입구,7020,6773,13793
20210529,7호선,하계,11795,11051,22846
20210529,7호선,학동,10539,11134,21673
20210530,7호선,가산디지털단지,10671,9749,20420
20210530,7호선,강남구청,5362,5933,11295
20210530,7호선,건대입구,7492,7565,15057
20210530,7호선,고속터미널,11566,7531,19097
20210530,7호선,공릉,6501,6498,12999
20210530,7호선,광명사거리,12002,11771,23773
20210530,7호선,군자,7483,6017,13500
20210530,7호선,굴포천,4519,4589,9108
20210530,7호선,까치울,4157,4113,8270
20210530,7호선,남구로,6445,6540,12985
20210530,7호선,남성,5103,5109,10212
20210530,7호선,내방,5094,5212,10306
20210530,7호선,노원,10406,10500,20906
20210530,7호선,논현,6159,6522,12681
20210530,7호선,대림,6780,6249,13029
20210530,7호선,도봉산,5746,8398,14144
20210530,7호선,뚝섬유원지,8134,7878,16012
20210530,7호선,마들,5705,5494,11199
20210530,7호선,먹골,5569,5463,11032
20210530,7호선,면목,7657,7650,15307
20210530,7호선,반포,2785,2868,5653
20210530,7호선,보라매,4382,4393,8775
20210530,7호선,부천시청,6820,6575,13395
20210530,7호선,부천종합운동장,2364,2141,4505
20210530,7호선,부평구청,3698,3213,6911
20210530,7호선,사가정,9054,8760,17814
20210530,7호선,삼산체육관,2518,2472,4990
20210530,7호선,상도,5211,5225,10436
20210530,7호선,상동,6890,6855,13745
20210530,7호선,상봉,9152,8625,17777
20210530,7호선,수락산,8420,8307,16727
20210530,7호선,숭실대입구,5491,5900,11391
20210530,7호선,신대방삼거리,7530,7495,15025
20210530,7호선,신중동,6507,6445,12952
20210530,7호선,신풍,5821,5657,11478
20210530,7호선,어린이대공원,7711,7970,15681
20210530,7호선,온수,3727,3888,7615
20210530,7호선,용마산,3233,3637,6870
20210530,7호선,이수,7892,7696,15588
20210530,7호선,장승배기,4678,4686,9364
20210530,7호선,장암,1577,1096,2673
20210530,7호선,중계,6573,6034,12607
20210530,7호선,중곡,4827,4726,9553
20210530,7호선,중화,6024,5638,11662
20210530,7호선,천왕,4707,4544,9251
20210530,7호선,철산,10046,10202,20248
20210530,7호선,청담,6508,6973,13481
20210530,7호선,춘의,3381,3275,6656
20210530,7호선,태릉입구,5881,5854,11735
20210530,7호선,하계,8770,8438,17208
20210530,7호선,학동,6055,6513,12568
20210605,7호선,가산디지털단지,15056,14040,29096
20210605,7호선,강남구청,9810,10840,20650
20210605,7호선,건대입구,10650,10595,21245
20210605,7호선,고속터미널,13105,10753,23858
20210605,7호선,공릉,8991,8980,17971
20210605,7호선,광명사거리,16829,16670,33499
20210605,7호선,군자,10537,8003,18540
20210605,7호선,굴포천,6656,6783,13439
20210605,7호선,까치울,5650,5582,11232
20210605,7호선,남구로,8299,8789,17088
20210605,7호선,남성,7637,7136,14773
20210605,7호선,내방,7769,7649,15418
20210605,7호선,노원,15603,16259,31862
20210605,7호선,논현,11317,12190,23507
20210605,7호선,대림,7092,7419,14511
20210605,7호선,도봉산,6765,9572,16337
20210605,7호선,뚝섬유원지,11019,10627,21646
20210605,7호선,마들,8882,8326,17208
20210605,7호선,먹골,8134,7929,16063
20210605,7호선,면목,11262,10703,21965
20210605,7호선,반포,4341,4122,8463
20210605,7호선,보라매,6974,6733,13707
20210605,7호선,부천시청,9650,9290,18940
20210605,7호선,부천종합운동장,3394,3086,6480
20210605,7호선,부평구청,5095,4439,9534
20210605,7호선,사가정,12477,11879,24356
20210605,7호선,삼산체육관,3665,3414,7079
20210605,7호선,상도,7398,6885,14283
20210605,7호선,상동,10181,10296,20477
20210605,7호선,상봉,13064,12488,25552
20210605,7호선,수락산,10542,10221,20763
20210605,7호선,숭실대입구,8138,8077,16215
20210605,7호선,신대방삼거리,11377,10460,21837
20210605,7호선,신중동,9698,9620,19318
20210605,7호선,신풍,8055,7747,15802
20210605,7호선,어린이대공원,9474,9284,18758
20210605,7호선,온수,5531,5551,11082
20210605,7호선,용마산,4428,4548,8976
20210605,7호선,이수,11626,11004,22630
20210605,7호선,장승배기,6949,6762,13711
20210605,7호선,장암,1820,1199,3019
20210605,7호선,중계,9255,8236,17491
20210605,7호선,중곡,6800,6320,13120
20210605,7호선,중화,8130,7578,15708
20210605,7호선,천왕,6819,6410,13229
20210605,7호선,철산,15139,15164,30303
20210605,7호선,청담,11070,11920,22990
20210605,7호선,춘의,5147,4850,9997
20210605,7호선,태릉입구,6682,6280,12962
20210605,7호선,하계,12080,11227,23307
20210605,7호선,학동,10356,11046,21402
20210606,7호선,가산디지털단지,10486,9866,20352
20210606,7호선,강남구청,5391,5765,11156
20210606,7호선,건대입구,7295,7117,14412
20210606,7호선,고속터미널,11085,7218,18303
20210606,7호선,공릉,5834,5968,11802
20210606,7호선,광명사거리,11851,11579,23430
20210606,7호선,군자,7081,5527,12608
20210606,7호선,굴포천,4557,4649,9206
20210606,7호선,까치울,4129,4096,8225
20210606,7호선,남구로,6496,6442,12938
20210606,7호선,남성,4945,5068,10013
20210606,7호선,내방,4919,5003,9922
20210606,7호선,노원,10108,10438,20546
20210606,7호선,논현,5790,6222,12012
20210606,7호선,대림,6875,6512,13387
20210606,7호선,도봉산,5498,8164,13662
20210606,7호선,뚝섬유원지,8174,7716,15890
20210606,7호선,마들,5620,5195,10815
20210606,7호선,먹골,5142,4977,10119
20210606,7호선,면목,7629,7538,15167
20210606,7호선,반포,2792,2764,5556
20210606,7호선,보라매,4358,4296,8654
20210606,7호선,부천시청,6413,6276,12689
20210606,7호선,부천종합운동장,2283,2100,4383
20210606,7호선,부평구청,3567,3081,6648
20210606,7호선,사가정,8938,8599,17537
20210606,7호선,삼산체육관,2521,2257,4778
20210606,7호선,상도,4930,4883,9813
20210606,7호선,상동,6888,6877,13765
20210606,7호선,상봉,8820,8435,17255
20210606,7호선,수락산,8299,8327,16626
20210606,7호선,숭실대입구,5354,5615,10969
20210606,7호선,신대방삼거리,7590,7592,15182
20210606,7호선,신중동,6360,6246,12606
20210606,7호선,신풍,5695,5526,11221
20210606,7호선,어린이대공원,6925,7087,14012
20210606,7호선,온수,3823,3841,7664
20210606,7호선,용마산,3154,3578,6732
20210606,7호선,이수,7646,7350,14996
20210606,7호선,장승배기,4477,4422,8899
20210606,7호선,장암,1613,1124,2737
20210606,7호선,중계,6257,5699,11956
20210606,7호선,중곡,4677,4634,9311
20210606,7호선,중화,5463,5239,10702
20210606,7호선,천왕,4595,4527,9122
20210606,7호선,철산,9756,9795,19551
20210606,7호선,청담,6427,6739,13166
20210606,7호선,춘의,3280,3157,6437
20210606,7호선,태릉입구,4729,4339,9068
20210606,7호선,하계,8415,8049,16464
20210606,7호선,학동,5620,6100,11720
20210612,7호선,가산디지털단지,14606,13336,27942
20210612,7호선,강남구청,9449,10329,19778
20210612,7호선,건대입구,9837,9925,19762
20210612,7호선,고속터미널,12592,10388,22980
20210612,7호선,공릉,8857,8699,17556
20210612,7호선,광명사거리,16027,15982,32009
20210612,7호선,군자,9923,7565,17488
20210612,7호선,굴포천,6630,6713,13343
20210612,7호선,까치울,5445,5410,10855
20210612,7호선,남구로,8404,8727,17131
20210612,7호선,남성,7457,6899,14356
20210612,7호선,내방,7576,7478,15054
20210612,7호선,노원,15059,15657,30716
20210612,7호선,논현,10922,11899,22821
20210612,7호선,대림,7218,7670,14888
20210612,7호선,도봉산,6630,9383,16013
20210612,7호선,뚝섬유원지,9469,9089,18558
20210612,7호선,마들,8486,7921,16407
20210612,7호선,먹골,7841,7645,15486
20210612,7호선,면목,10847,10392,21239
20210612,7호선,반포,4247,3991,8238
20210612,7호선,보라매,5828,5547,11375
20210612,7호선,부천시청,9480,9439,18919
20210612,7호선,부천종합운동장,3195,2848,6043
20210612,7호선,부평구청,5133,4394,9527
20210612,7호선,사가정,12200,11647,23847
20210612,7호선,삼산체육관,3471,3230,6701
20210612,7호선,상도,7024,6541,13565
20210612,7호선,상동,10184,10311,20495
20210612,7호선,상봉,12527,11800,24327
20210612,7호선,수락산,10223,9870,20093
20210612,7호선,숭실대입구,8155,8032,16187
20210612,7호선,신대방삼거리,10632,9845,20477
20210612,7호선,신중동,9551,9413,18964
20210612,7호선,신풍,7865,7538,15403
20210612,7호선,어린이대공원,8980,8341,17321
20210612,7호선,온수,5574,5399,10973
20210612,7호선,용마산,4353,4414,8767
20210612,7호선,이수,11576,10906,22482
20210612,7호선,장승배기,6754,6528,13282
20210612,7호선,장암,1589,1235,2824
20210612,7호선,중계,8872,7785,16657
20210612,7호선,중곡,6386,5932,12318
20210612,7호선,중화,7691,7280,14971
20210612,7호선,천왕,6934,6549,13483
20210612,7호선,철산,14468,14698,29166
20210612,7호선,청담,11169,12069,23238
20210612,7호선,춘의,5032,4775,9807
20210612,7호선,태릉입구,6276,5766,12042
20210612,7호선,하계,11663,10856,22519
20210612,7호선,학동,10049,10565,20614
20210613,7호선,가산디지털단지,10386,9671,20057
20210613,7호선,강남구청,5028,5608,10636
20210613,7호선,건대입구,6685,6687,13372
20210613,7호선,고속터미널,11050,7268,18318
20210613,7호선,공릉,5758,5840,11598
20210613,7호선,광명사거리,11422,11266,22688
20210613,7호선,군자,7026,5673,12699
20210613,7호선,굴포천,4372,4413,8785
20210613,7호선,까치울,3922,3925,7847
20210613,7호선,남구로,6477,6364,12841
20210613,7호선,남성,4853,4911,9764
20210613,7호선,내방,4801,4905,9706
20210613,7호선,노원,10105,10235,20340
20210613,7호선,논현,5909,6271,12180
20210613,7호선,대림,7089,6631,13720
20210613,7호선,도봉산,5386,7924,13310
20210613,7호선,뚝섬유원지,6954,6592,13546
20210613,7호선,마들,5449,5236,10685
20210613,7호선,먹골,4929,4871,9800
20210613,7호선,면목,7446,7376,14822
20210613,7호선,반포,2712,2719,5431
20210613,7호선,보라매,4059,4127,8186
20210613,7호선,부천시청,6126,6060,12186
20210613,7호선,부천종합운동장,2276,2066,4342
20210613,7호선,부평구청,3493,3061,6554
20210613,7호선,사가정,8445,8282,16727
20210613,7호선,삼산체육관,2384,2140,4524
20210613,7호선,상도,4789,4759,9548
20210613,7호선,상동,6471,6485,12956
20210613,7호선,상봉,8588,7865,16453
20210613,7호선,수락산,8256,8214,16470
20210613,7호선,숭실대입구,5171,5572,10743
20210613,7호선,신대방삼거리,7417,7346,14763
20210613,7호선,신중동,6506,6364,12870
20210613,7호선,신풍,5676,5287,10963
20210613,7호선,어린이대공원,6987,7079,14066
20210613,7호선,온수,3630,3696,7326
20210613,7호선,용마산,3101,3392,6493
20210613,7호선,이수,7320,7124,14444
20210613,7호선,장승배기,4421,4409,8830
20210613,7호선,장암,1568,1232,2800
20210613,7호선,중계,6069,5664,11733
20210613,7호선,중곡,4681,4657,9338
20210613,7호선,중화,5217,5118,10335
20210613,7호선,천왕,4435,4281,8716
20210613,7호선,철산,9685,9737,19422
20210613,7호선,청담,6231,6583,12814
20210613,7호선,춘의,3307,3090,6397
20210613,7호선,태릉입구,4352,4074,8426
20210613,7호선,하계,8338,7866,16204
20210613,7호선,학동,5552,5918,11470
20210619,7호선,가산디지털단지,14823,13611,28434
20210619,7호선,강남구청,9699,10540,20239
20210619,7호선,건대입구,11122,10998,22120
20210619,7호선,고속터미널,13765,11310,25075
20210619,7호선,공릉,8401,8396,16797
20210619,7호선,광명사거리,16678,16473,33151
20210619,7호선,군자,10321,7854,18175
20210619,7호선,굴포천,6704,6798,13502
20210619,7호선,까치울,5656,5520,11176
20210619,7호선,남구로,8451,8775,17226
20210619,7호선,남성,7478,7028,14506
20210619,7호선,내방,7585,7591,15176
20210619,7호선,노원,15374,16074,31448
20210619,7호선,논현,11208,12000,23208
20210619,7호선,대림,7231,7610,14841
20210619,7호선,도봉산,6702,9347,16049
20210619,7호선,뚝섬유원지,11818,11252,23070
20210619,7호선,마들,8747,8100,16847
20210619,7호선,먹골,8218,8080,16298
20210619,7호선,면목,11065,10841,21906
20210619,7호선,반포,4324,4179,8503
20210619,7호선,보라매,6223,5933,12156
20210619,7호선,부천시청,9707,9587,19294
20210619,7호선,부천종합운동장,3141,2855,5996
20210619,7호선,부평구청,5146,4349,9495
20210619,7호선,사가정,12508,12101,24609
20210619,7호선,삼산체육관,3645,3391,7036
20210619,7호선,상도,7142,6703,13845
20210619,7호선,상동,10684,10772,21456
20210619,7호선,상봉,13118,12616,25734
20210619,7호선,수락산,10456,10290,20746
20210619,7호선,숭실대입구,7950,7776,15726
20210619,7호선,신대방삼거리,11039,10172,21211
20210619,7호선,신중동,9740,9649,19389
20210619,7호선,신풍,8206,7853,16059
20210619,7호선,어린이대공원,9757,9232,18989
20210619,7호선,온수,5610,5557,11167
20210619,7호선,용마산,4447,4318,8765
20210619,7호선,이수,11915,11044,22959
20210619,7호선,장승배기,6695,6386,13081
20210619,7호선,장암,1661,1210,2871
20210619,7호선,중계,9116,8219,17335
20210619,7호선,중곡,6581,6132,12713
20210619,7호선,중화,7722,7156,14878
20210619,7호선,천왕,6700,6264,12964
20210619,7호선,철산,15108,15045,30153
20210619,7호선,청담,10967,11918,22885
20210619,7호선,춘의,5097,4883,9980
20210619,7호선,태릉입구,6499,5903,12402
20210619,7호선,하계,12115,11152,23267
20210619,7호선,학동,10250,10852,21102
20210620,7호선,가산디지털단지,10394,9698,20092
20210620,7호선,강남구청,5160,5593,10753
20210620,7호선,건대입구,7646,7527,15173
20210620,7호선,고속터미널,12087,7587,19674
20210620,7호선,공릉,6056,6111,12167
20210620,7호선,광명사거리,11872,11676,23548
20210620,7호선,군자,7354,5849,13203
20210620,7호선,굴포천,4430,4580,9010
20210620,7호선,까치울,4112,4166,8278
20210620,7호선,남구로,6658,6467,13125
20210620,7호선,남성,5140,5100,10240
20210620,7호선,내방,4773,5075,9848
20210620,7호선,노원,10246,10480,20726
20210620,7호선,논현,5982,6450,12432
20210620,7호선,대림,6647,6430,13077
20210620,7호선,도봉산,5492,8106,13598
20210620,7호선,뚝섬유원지,8501,7741,16242
20210620,7호선,마들,5597,5332,10929
20210620,7호선,먹골,5225,5183,10408
20210620,7호선,면목,7642,7542,15184
20210620,7호선,반포,2875,2796,5671
20210620,7호선,보라매,3832,3913,7745
20210620,7호선,부천시청,6532,6528,13060
20210620,7호선,부천종합운동장,2435,2334,4769
20210620,7호선,부평구청,3532,3190,6722
20210620,7호선,사가정,8839,8719,17558
20210620,7호선,삼산체육관,2551,2392,4943
20210620,7호선,상도,5023,4874,9897
20210620,7호선,상동,6741,6638,13379
20210620,7호선,상봉,9364,8787,18151
20210620,7호선,수락산,8566,8508,17074
20210620,7호선,숭실대입구,5423,5781,11204
20210620,7호선,신대방삼거리,7428,7461,14889
20210620,7호선,신중동,6396,6440,12836
20210620,7호선,신풍,5815,5625,11440
20210620,7호선,어린이대공원,6902,6694,13596
20210620,7호선,온수,3757,3884,7641
20210620,7호선,용마산,3173,3463,6636
20210620,7호선,이수,7739,7638,15377
20210620,7호선,장승배기,4965,4951,9916
20210620,7호선,장암,1573,1309,2882
20210620,7호선,중계,6436,5934,12370
20210620,7호선,중곡,4609,4482,9091
20210620,7호선,중화,5514,5222,10736
20210620,7호선,천왕,4664,4573,9237
20210620,7호선,철산,9850,9885,19735
20210620,7호선,청담,6562,6871,13433
20210620,7호선,춘의,3463,3211,6674
20210620,7호선,태릉입구,4755,4385,9140
20210620,7호선,하계,8292,7927,16219
20210620,7호선,학동,5462,5813,11275
20210626,7호선,가산디지털단지,14605,13536,28141
20210626,7호선,강남구청,9352,10334,19686
20210626,7호선,건대입구,10098,10265,20363
20210626,7호선,고속터미널,13555,10671,24226
20210626,7호선,공릉,8267,8171,16438
20210626,7호선,광명사거리,16375,16151,32526
20210626,7호선,군자,10091,7673,17764
20210626,7호선,굴포천,6402,6542,12944
20210626,7호선,까치울,5454,5439,10893
20210626,7호선,남구로,8458,8709,17167
20210626,7호선,남성,7425,6931,14356
20210626,7호선,내방,7433,7426,14859
20210626,7호선,노원,15222,15814,31036
20210626,7호선,논현,11000,11853,22853
20210626,7호선,대림,7148,7641,14789
20210626,7호선,도봉산,6016,8110,14126
20210626,7호선,뚝섬유원지,9338,8590,17928
20210626,7호선,마들,8454,7832,16286
20210626,7호선,먹골,7590,7305,14895
20210626,7호선,면목,10732,10211,20943
20210626,7호선,반포,4467,4197,8664
20210626,7호선,보라매,5894,5689,11583
20210626,7호선,부천시청,9284,9279,18563
20210626,7호선,부천종합운동장,3075,2858,5933
20210626,7호선,부평구청,4813,4307,9120
20210626,7호선,사가정,12258,11827,24085
20210626,7호선,삼산체육관,3473,3205,6678
20210626,7호선,상도,7330,6807,14137
20210626,7호선,상동,9888,10179,20067
20210626,7호선,상봉,12813,12368,25181
20210626,7호선,수락산,9580,9290,18870
20210626,7호선,숭실대입구,7718,7443,15161
20210626,7호선,신대방삼거리,10951,9980,20931
20210626,7호선,신중동,9494,9391,18885
20210626,7호선,신풍,8108,7602,15710
20210626,7호선,어린이대공원,8694,8382,17076
20210626,7호선,온수,5663,5362,11025
20210626,7호선,용마산,4381,4299,8680
20210626,7호선,이수,11660,10842,22502
20210626,7호선,장승배기,6533,6237,12770
20210626,7호선,장암,1454,1054,2508
20210626,7호선,중계,8852,7849,16701
20210626,7호선,중곡,6375,5859,12234
20210626,7호선,중화,7548,7113,14661
20210626,7호선,천왕,6558,6150,12708
20210626,7호선,철산,14696,15022,29718
20210626,7호선,청담,10520,11300,21820
20210626,7호선,춘의,5078,4704,9782
20210626,7호선,태릉입구,6366,5823,12189
20210626,7호선,하계,11973,10989,22962
20210626,7호선,학동,10164,10798,20962
20210627,7호선,가산디지털단지,10606,9775,20381
20210627,7호선,강남구청,5276,5862,11138
20210627,7호선,건대입구,7512,7480,14992
20210627,7호선,고속터미널,12496,7632,20128
20210627,7호선,공릉,6263,6300,12563
20210627,7호선,광명사거리,11962,11957,23919
20210627,7호선,군자,7361,5895,13256
20210627,7호선,굴포천,4427,4365,8792
20210627,7호선,까치울,4066,4138,8204
20210627,7호선,남구로,6661,6556,13217
20210627,7호선,남성,5076,5171,10247
20210627,7호선,내방,4970,5200,10170
20210627,7호선,노원,11070,11114,22184
20210627,7호선,논현,6025,6465,12490
20210627,7호선,대림,7143,6762,13905
20210627,7호선,도봉산,5523,8460,13983
20210627,7호선,뚝섬유원지,7595,6926,14521
20210627,7호선,마들,5730,5396,11126
20210627,7호선,먹골,5269,5288,10557
20210627,7호선,면목,7656,7671,15327
20210627,7호선,반포,2744,2725,5469
20210627,7호선,보라매,4163,4198,8361
20210627,7호선,부천시청,6437,6401,12838
20210627,7호선,부천종합운동장,2349,2117,4466
20210627,7호선,부평구청,3519,3114,6633
20210627,7호선,사가정,9142,8916,18058
20210627,7호선,삼산체육관,2507,2378,4885
20210627,7호선,상도,5106,5197,10303
20210627,7호선,상동,6682,6502,13184
20210627,7호선,상봉,9004,8447,17451
20210627,7호선,수락산,8718,8653,17371
20210627,7호선,숭실대입구,5345,5843,11188
20210627,7호선,신대방삼거리,7491,7464,14955
20210627,7호선,신중동,6628,6494,13122
20210627,7호선,신풍,6072,5820,11892
20210627,7호선,어린이대공원,6788,7058,13846
20210627,7호선,온수,3775,3780,7555
20210627,7호선,용마산,3412,3666,7078
20210627,7호선,이수,7814,7821,15635
20210627,7호선,장승배기,4636,4657,9293
20210627,7호선,장암,1789,1338,3127
20210627,7호선,중계,6466,5959,12425
20210627,7호선,중곡,4878,4756,9634
20210627,7호선,중화,5662,5392,11054
20210627,7호선,천왕,4807,4603,9410
20210627,7호선,철산,10144,10221,20365
20210627,7호선,청담,6115,6575,12690
20210627,7호선,춘의,3222,3169,6391
20210627,7호선,태릉입구,4656,4392,9048
20210627,7호선,하계,8512,8270,16782
20210627,7호선,학동,5476,6039,11515
20210703,7호선,가산디지털단지,13406,12116,25522
20210703,7호선,강남구청,8996,10080,19076
20210703,7호선,건대입구,9694,9620,19314
20210703,7호선,고속터미널,13134,10206,23340
20210703,7호선,공릉,7706,7623,15329
20210703,7호선,광명사거리,15437,15468,30905
20210703,7호선,군자,9724,7620,17344
20210703,7호선,굴포천,6294,6564,12858
20210703,7호선,까치울,4880,4919,9799
20210703,7호선,남구로,8015,8730,16745
20210703,7호선,남성,7032,6714,13746
20210703,7호선,내방,7036,6980,14016
20210703,7호선,노원,14647,14847,29494
20210703,7호선,논현,10096,11224,21320
20210703,7호선,대림,6477,6936,13413
20210703,7호선,도봉산,5616,7911,13527
20210703,7호선,뚝섬유원지,5182,5178,10360
20210703,7호선,마들,7907,7722,15629
20210703,7호선,먹골,7118,6964,14082
20210703,7호선,면목,10180,10059,20239
20210703,7호선,반포,4020,3767,7787
20210703,7호선,보라매,5942,5136,11078
20210703,7호선,부천시청,9219,8950,18169
20210703,7호선,부천종합운동장,2914,2563,5477
20210703,7호선,부평구청,4488,4000,8488
20210703,7호선,사가정,11232,10886,22118
20210703,7호선,삼산체육관,3158,3091,6249
20210703,7호선,상도,6741,6405,13146
20210703,7호선,상동,9543,9555,19098
20210703,7호선,상봉,11860,11165,23025
20210703,7호선,수락산,9429,9304,18733
20210703,7호선,숭실대입구,7043,7014,14057
20210703,7호선,신대방삼거리,10339,9679,20018
20210703,7호선,신중동,8963,8907,17870
20210703,7호선,신풍,7460,7413,14873
20210703,7호선,어린이대공원,7962,7625,15587
20210703,7호선,온수,5059,5012,10071
20210703,7호선,용마산,3874,3997,7871
20210703,7호선,이수,10858,10295,21153
20210703,7호선,장승배기,6172,5994,12166
20210703,7호선,장암,1423,1041,2464
20210703,7호선,중계,8319,7594,15913
20210703,7호선,중곡,5933,5721,11654
20210703,7호선,중화,7088,6812,13900
20210703,7호선,천왕,6040,5723,11763
20210703,7호선,철산,13649,14114,27763
20210703,7호선,청담,10671,11682,22353
20210703,7호선,춘의,4602,4511,9113
20210703,7호선,태릉입구,5986,5506,11492
20210703,7호선,하계,10776,10406,21182
20210703,7호선,학동,9588,10112,19700
20210704,7호선,가산디지털단지,8626,8029,16655
20210704,7호선,강남구청,4768,5072,9840
20210704,7호선,건대입구,6430,6588,13018
20210704,7호선,고속터미널,10650,6713,17363
20210704,7호선,공릉,5123,5219,10342
20210704,7호선,광명사거리,10486,10332,20818
20210704,7호선,군자,6214,4936,11150
20210704,7호선,굴포천,4018,4016,8034
20210704,7호선,까치울,3243,3378,6621
20210704,7호선,남구로,6113,5822,11935
20210704,7호선,남성,4452,4395,8847
20210704,7호선,내방,4343,4597,8940
20210704,7호선,노원,8901,9287,18188
20210704,7호선,논현,5410,5748,11158
20210704,7호선,대림,5993,5616,11609
20210704,7호선,도봉산,3493,4763,8256
20210704,7호선,뚝섬유원지,4050,3876,7926
20210704,7호선,마들,4899,4527,9426
20210704,7호선,먹골,4559,4520,9079
20210704,7호선,면목,6547,6600,13147
20210704,7호선,반포,2628,2681,5309
20210704,7호선,보라매,3749,3767,7516
20210704,7호선,부천시청,5676,5761,11437
20210704,7호선,부천종합운동장,1973,1733,3706
20210704,7호선,부평구청,2955,2717,5672
20210704,7호선,사가정,7414,7302,14716
20210704,7호선,삼산체육관,2132,1976,4108
20210704,7호선,상도,4488,4441,8929
20210704,7호선,상동,6037,5831,11868
20210704,7호선,상봉,8061,7634,15695
20210704,7호선,수락산,6007,5925,11932
20210704,7호선,숭실대입구,4483,4994,9477
20210704,7호선,신대방삼거리,6820,6822,13642
20210704,7호선,신중동,5668,5688,11356
20210704,7호선,신풍,5236,5003,10239
20210704,7호선,어린이대공원,6037,5562,11599
20210704,7호선,온수,3146,3312,6458
20210704,7호선,용마산,2778,2782,5560
20210704,7호선,이수,7038,6767,13805
20210704,7호선,장승배기,4161,4148,8309
20210704,7호선,장암,926,563,1489
20210704,7호선,중계,5399,4977,10376
20210704,7호선,중곡,4315,4170,8485
20210704,7호선,중화,4793,4723,9516
20210704,7호선,천왕,4212,3992,8204
20210704,7호선,철산,8719,8807,17526
20210704,7호선,청담,5734,6167,11901
20210704,7호선,춘의,2929,2682,5611
20210704,7호선,태릉입구,3827,3594,7421
20210704,7호선,하계,7255,6850,14105
20210704,7호선,학동,4687,5065,9752
20210710,7호선,가산디지털단지,12122,11109,23231
20210710,7호선,강남구청,7887,8701,16588
20210710,7호선,건대입구,8398,8013,16411
20210710,7호선,고속터미널,9448,8011,17459
20210710,7호선,공릉,7289,7128,14417
20210710,7호선,광명사거리,14390,14539,28929
20210710,7호선,군자,9212,7117,16329
20210710,7호선,굴포천,5568,5785,11353
20210710,7호선,까치울,4653,4717,9370
20210710,7호선,남구로,7637,7900,15537
20210710,7호선,남성,6712,6327,13039
20210710,7호선,내방,6558,6485,13043
20210710,7호선,노원,13224,13903,27127
20210710,7호선,논현,9588,10296,19884
20210710,7호선,대림,6122,6256,12378
20210710,7호선,도봉산,5248,7197,12445
20210710,7호선,뚝섬유원지,6002,5802,11804
20210710,7호선,마들,7553,7192,14745
20210710,7호선,먹골,6594,6359,12953
20210710,7호선,면목,9719,9468,19187
20210710,7호선,반포,3535,3424,6959
20210710,7호선,보라매,5567,5288,10855
20210710,7호선,부천시청,8443,8408,16851
20210710,7호선,부천종합운동장,2863,2566,5429
20210710,7호선,부평구청,4290,3831,8121
20210710,7호선,사가정,10641,10352,20993
20210710,7호선,삼산체육관,3093,2798,5891
20210710,7호선,상도,6304,5746,12050
20210710,7호선,상동,8676,8876,17552
20210710,7호선,상봉,11177,10813,21990
20210710,7호선,수락산,8637,8568,17205
20210710,7호선,숭실대입구,6637,6566,13203
20210710,7호선,신대방삼거리,9719,9063,18782
20210710,7호선,신중동,8200,8180,16380
20210710,7호선,신풍,6965,6742,13707
20210710,7호선,어린이대공원,7953,7416,15369
20210710,7호선,온수,5112,4834,9946
20210710,7호선,용마산,3940,3935,7875
20210710,7호선,이수,9709,8991,18700
20210710,7호선,장승배기,5862,5505,11367
20210710,7호선,장암,1232,877,2109
20210710,7호선,중계,8104,7230,15334
20210710,7호선,중곡,6002,5527,11529
20210710,7호선,중화,7161,6844,14005
20210710,7호선,천왕,5898,5617,11515
20210710,7호선,철산,12339,12614,24953
20210710,7호선,청담,9435,9825,19260
20210710,7호선,춘의,4399,4261,8660
20210710,7호선,태릉입구,5443,5125,10568
20210710,7호선,하계,10313,9603,19916
20210710,7호선,학동,8943,9330,18273
20210711,7호선,가산디지털단지,8102,7555,15657
20210711,7호선,강남구청,4238,4633,8871
20210711,7호선,건대입구,5289,5182,10471
20210711,7호선,고속터미널,8712,5454,14166
20210711,7호선,공릉,4818,4948,9766
20210711,7호선,광명사거리,9670,9506,19176
20210711,7호선,군자,5958,4819,10777
20210711,7호선,굴포천,3678,3747,7425
20210711,7호선,까치울,3242,3227,6469
20210711,7호선,남구로,5518,5492,11010
20210711,7호선,남성,4146,4245,8391
20210711,7호선,내방,3975,4076,8051
20210711,7호선,노원,8397,8540,16937
20210711,7호선,논현,4951,5297,10248
20210711,7호선,대림,5151,4833,9984
20210711,7호선,도봉산,3870,5385,9255
20210711,7호선,뚝섬유원지,4193,3964,8157
20210711,7호선,마들,4494,4251,8745
20210711,7호선,먹골,4195,4182,8377
20210711,7호선,면목,6261,6258,12519
20210711,7호선,반포,2108,2148,4256
20210711,7호선,보라매,3364,3417,6781
20210711,7호선,부천시청,5515,5337,10852
20210711,7호선,부천종합운동장,1948,1759,3707
20210711,7호선,부평구청,2832,2585,5417
20210711,7호선,사가정,7083,7011,14094
20210711,7호선,삼산체육관,1974,1791,3765
20210711,7호선,상도,3913,3980,7893
20210711,7호선,상동,5436,5343,10779
20210711,7호선,상봉,7036,6549,13585
20210711,7호선,수락산,6097,6147,12244
20210711,7호선,숭실대입구,4517,4751,9268
20210711,7호선,신대방삼거리,6293,6229,12522
20210711,7호선,신중동,5157,5058,10215
20210711,7호선,신풍,4762,4603,9365
20210711,7호선,어린이대공원,5280,5305,10585
20210711,7호선,온수,3059,3078,6137
20210711,7호선,용마산,2663,2772,5435
20210711,7호선,이수,6200,6076,12276
20210711,7호선,장승배기,3809,3859,7668
20210711,7호선,장암,1065,813,1878
20210711,7호선,중계,5134,4742,9876
20210711,7호선,중곡,3792,3797,7589
20210711,7호선,중화,4655,4513,9168
20210711,7호선,천왕,3878,3689,7567
20210711,7호선,철산,8035,8130,16165
20210711,7호선,청담,5265,5398,10663
20210711,7호선,춘의,2749,2641,5390
20210711,7호선,태릉입구,3725,3382,7107
20210711,7호선,하계,6566,6328,12894
20210711,7호선,학동,4453,4829,9282
20210717,7호선,가산디지털단지,11473,10498,21971
20210717,7호선,강남구청,7078,7563,14641
20210717,7호선,건대입구,8101,7714,15815
20210717,7호선,고속터미널,8080,6782,14862
20210717,7호선,공릉,6577,6498,13075
20210717,7호선,광명사거리,13142,13302,26444
20210717,7호선,군자,8251,6529,14780
20210717,7호선,굴포천,5071,5293,10364
20210717,7호선,까치울,4172,4144,8316
20210717,7호선,남구로,6889,7294,14183
20210717,7호선,남성,6126,5724,11850
20210717,7호선,내방,6072,6025,12097
20210717,7호선,노원,12252,12748,25000
20210717,7호선,논현,8929,9512,18441
20210717,7호선,대림,5547,5888,11435
20210717,7호선,도봉산,5279,7369,12648
20210717,7호선,뚝섬유원지,5426,5129,10555
20210717,7호선,마들,6886,6476,13362
20210717,7호선,먹골,6030,5863,11893
20210717,7호선,면목,8970,8752,17722
20210717,7호선,반포,3472,3297,6769
20210717,7호선,보라매,4609,4474,9083
20210717,7호선,부천시청,7623,7660,15283
20210717,7호선,부천종합운동장,2734,2401,5135
20210717,7호선,부평구청,3823,3423,7246
20210717,7호선,사가정,9707,9459,19166
20210717,7호선,삼산체육관,2510,2324,4834
20210717,7호선,상도,5479,5101,10580
20210717,7호선,상동,7567,7740,15307
20210717,7호선,상봉,10255,9754,20009
20210717,7호선,수락산,8633,8658,17291
20210717,7호선,숭실대입구,5854,5903,11757
20210717,7호선,신대방삼거리,9184,8630,17814
20210717,7호선,신중동,7511,7318,14829
20210717,7호선,신풍,6387,6095,12482
20210717,7호선,어린이대공원,6472,6185,12657
20210717,7호선,온수,4517,4383,8900
20210717,7호선,용마산,3309,3452,6761
20210717,7호선,이수,8972,8423,17395
20210717,7호선,장승배기,5299,5106,10405
20210717,7호선,장암,1358,1032,2390
20210717,7호선,중계,7145,6444,13589
20210717,7호선,중곡,5298,5076,10374
20210717,7호선,중화,6181,5913,12094
20210717,7호선,천왕,5105,4794,9899
20210717,7호선,철산,11264,11375,22639
20210717,7호선,청담,8001,8417,16418
20210717,7호선,춘의,4324,4172,8496
20210717,7호선,태릉입구,4980,4652,9632
20210717,7호선,하계,9077,8532,17609
20210717,7호선,학동,7254,7502,14756
20210718,7호선,가산디지털단지,7837,7366,15203
20210718,7호선,강남구청,4000,4287,8287
20210718,7호선,건대입구,5729,5391,11120
20210718,7호선,고속터미널,8110,4876,12986
20210718,7호선,공릉,4507,4635,9142
20210718,7호선,광명사거리,8899,8905,17804
20210718,7호선,군자,5586,4620,10206
20210718,7호선,굴포천,3602,3611,7213
20210718,7호선,까치울,2995,2939,5934
20210718,7호선,남구로,5155,5147,10302
20210718,7호선,남성,3900,3913,7813
20210718,7호선,내방,3718,3864,7582
20210718,7호선,노원,7973,8058,16031
20210718,7호선,논현,4665,5012,9677
20210718,7호선,대림,4932,4624,9556
20210718,7호선,도봉산,4263,6342,10605
20210718,7호선,뚝섬유원지,4498,4086,8584
20210718,7호선,마들,4259,4003,8262
20210718,7호선,먹골,4006,3978,7984
20210718,7호선,면목,6019,6126,12145
20210718,7호선,반포,2208,2230,4438
20210718,7호선,보라매,2973,3080,6053
20210718,7호선,부천시청,5258,5168,10426
20210718,7호선,부천종합운동장,1940,1776,3716
20210718,7호선,부평구청,2716,2425,5141
20210718,7호선,사가정,6753,6672,13425
20210718,7호선,삼산체육관,1825,1684,3509
20210718,7호선,상도,3727,3770,7497
20210718,7호선,상동,5207,5297,10504
20210718,7호선,상봉,6961,6542,13503
20210718,7호선,수락산,6801,6783,13584
20210718,7호선,숭실대입구,3916,4210,8126
20210718,7호선,신대방삼거리,5758,5622,11380
20210718,7호선,신중동,5022,4879,9901
20210718,7호선,신풍,4406,4166,8572
20210718,7호선,어린이대공원,5278,4951,10229
20210718,7호선,온수,2795,2826,5621
20210718,7호선,용마산,2356,2573,4929
20210718,7호선,이수,5733,5619,11352
20210718,7호선,장승배기,3528,3481,7009
20210718,7호선,장암,1332,1028,2360
20210718,7호선,중계,4950,4519,9469
20210718,7호선,중곡,3579,3530,7109
20210718,7호선,중화,4088,4056,8144
20210718,7호선,천왕,3417,3272,6689
20210718,7호선,철산,7296,7248,14544
20210718,7호선,청담,4505,4793,9298
20210718,7호선,춘의,2609,2499,5108
20210718,7호선,태릉입구,3531,3311,6842
20210718,7호선,하계,6322,6034,12356
20210718,7호선,학동,3777,4090,7867
20210724,7호선,가산디지털단지,11583,10553,22136
20210724,7호선,강남구청,6765,7362,14127
20210724,7호선,건대입구,7883,7516,15399
20210724,7호선,고속터미널,8460,6889,15349
20210724,7호선,공릉,6587,6467,13054
20210724,7호선,광명사거리,13060,13346,26406
20210724,7호선,군자,8430,6500,14930
20210724,7호선,굴포천,5022,5282,10304
20210724,7호선,까치울,4152,4096,8248
20210724,7호선,남구로,6804,7155,13959
20210724,7호선,남성,5830,5463,11293
20210724,7호선,내방,6130,6080,12210
20210724,7호선,노원,12179,12816,24995
20210724,7호선,논현,8699,9535,18234
20210724,7호선,대림,5710,6045,11755
20210724,7호선,도봉산,5867,7338,13205
20210724,7호선,뚝섬유원지,5070,4883,9953
20210724,7호선,마들,7096,6653,13749
20210724,7호선,먹골,5998,6019,12017
20210724,7호선,면목,8701,8559,17260
20210724,7호선,반포,3464,3204,6668
20210724,7호선,보라매,4832,4528,9360
20210724,7호선,부천시청,7452,7557,15009
20210724,7호선,부천종합운동장,2524,2256,4780
20210724,7호선,부평구청,3975,3478,7453
20210724,7호선,사가정,9641,9437,19078
20210724,7호선,삼산체육관,2565,2420,4985
20210724,7호선,상도,5629,5231,10860
20210724,7호선,상동,7506,7641,15147
20210724,7호선,상봉,9907,9408,19315
20210724,7호선,수락산,8198,8055,16253
20210724,7호선,숭실대입구,5695,5729,11424
20210724,7호선,신대방삼거리,8826,8429,17255
20210724,7호선,신중동,7567,7405,14972
20210724,7호선,신풍,6371,6054,12425
20210724,7호선,어린이대공원,6333,5991,12324
20210724,7호선,온수,4503,4392,8895
20210724,7호선,용마산,3552,3554,7106
20210724,7호선,이수,8747,8373,17120
20210724,7호선,장승배기,5584,5263,10847
20210724,7호선,장암,1347,1044,2391
20210724,7호선,중계,7032,6329,13361
20210724,7호선,중곡,5292,5086,10378
20210724,7호선,중화,6260,6000,12260
20210724,7호선,천왕,5130,4880,10010
20210724,7호선,철산,11438,11384,22822
20210724,7호선,청담,8166,8517,16683
20210724,7호선,춘의,4441,4250,8691
20210724,7호선,태릉입구,4894,4543,9437
20210724,7호선,하계,9200,8756,17956
20210724,7호선,학동,7263,7681,14944
20210725,7호선,가산디지털단지,7706,7066,14772
20210725,7호선,강남구청,3748,4102,7850
20210725,7호선,건대입구,5174,5251,10425
20210725,7호선,고속터미널,8207,4936,13143
20210725,7호선,공릉,4515,4596,9111
20210725,7호선,광명사거리,8658,8651,17309
20210725,7호선,군자,5417,4389,9806
20210725,7호선,굴포천,3334,3328,6662
20210725,7호선,까치울,2802,2930,5732
20210725,7호선,남구로,4937,4955,9892
20210725,7호선,남성,3882,3985,7867
20210725,7호선,내방,3682,3866,7548
20210725,7호선,노원,8213,8283,16496
20210725,7호선,논현,4594,4961,9555
20210725,7호선,대림,5011,4683,9694
20210725,7호선,도봉산,4989,5991,10980
20210725,7호선,뚝섬유원지,3863,3651,7514
20210725,7호선,마들,4236,3948,8184
20210725,7호선,먹골,3957,3812,7769
20210725,7호선,면목,5852,5938,11790
20210725,7호선,반포,1997,2027,4024
20210725,7호선,보라매,3165,3190,6355
20210725,7호선,부천시청,4761,4740,9501
20210725,7호선,부천종합운동장,1783,1527,3310
20210725,7호선,부평구청,2583,2355,4938
20210725,7호선,사가정,6662,6487,13149
20210725,7호선,삼산체육관,1735,1611,3346
20210725,7호선,상도,3636,3747,7383
20210725,7호선,상동,5073,4911,9984
20210725,7호선,상봉,6496,6030,12526
20210725,7호선,수락산,6459,6444,12903
20210725,7호선,숭실대입구,3768,4059,7827
20210725,7호선,신대방삼거리,5679,5700,11379
20210725,7호선,신중동,4806,4695,9501
20210725,7호선,신풍,4372,4164,8536
20210725,7호선,어린이대공원,4286,4400,8686
20210725,7호선,온수,2782,2703,5485
20210725,7호선,용마산,2240,2592,4832
20210725,7호선,이수,5517,5459,10976
20210725,7호선,장승배기,3501,3622,7123
20210725,7호선,장암,1158,915,2073
20210725,7호선,중계,4693,4368,9061
20210725,7호선,중곡,3428,3419,6847
20210725,7호선,중화,4231,4217,8448
20210725,7호선,천왕,3342,3263,6605
20210725,7호선,철산,7225,7276,14501
20210725,7호선,청담,4666,4754,9420
20210725,7호선,춘의,2731,2576,5307
20210725,7호선,태릉입구,3439,3212,6651
20210725,7호선,하계,6243,5940,12183
20210725,7호선,학동,3693,3968,7661
20210731,7호선,가산디지털단지,11187,10215,21402
20210731,7호선,강남구청,6832,7339,14171
20210731,7호선,건대입구,7539,7323,14862
20210731,7호선,고속터미널,8538,7107,15645
20210731,7호선,공릉,6369,6425,12794
20210731,7호선,광명사거리,12698,12907,25605
20210731,7호선,군자,8197,6407,14604
20210731,7호선,굴포천,4841,5070,9911
20210731,7호선,까치울,4059,4054,8113
20210731,7호선,남구로,6714,7060,13774
20210731,7호선,남성,5832,5407,11239
20210731,7호선,내방,5858,5749,11607
20210731,7호선,노원,12051,12230,24281
20210731,7호선,논현,8278,8966,17244
20210731,7호선,대림,5695,6156,11851
20210731,7호선,도봉산,4848,6692,11540
20210731,7호선,뚝섬유원지,4957,4713,9670
20210731,7호선,마들,6784,6519,13303
20210731,7호선,먹골,5782,5545,11327
20210731,7호선,면목,8462,8410,16872
20210731,7호선,반포,3481,3237,6718
20210731,7호선,보라매,4603,4264,8867
20210731,7호선,부천시청,7379,7365,14744
20210731,7호선,부천종합운동장,2435,2148,4583
20210731,7호선,부평구청,3742,3383,7125
20210731,7호선,사가정,9438,9117,18555
20210731,7호선,삼산체육관,2532,2435,4967
20210731,7호선,상도,5367,5075,10442
20210731,7호선,상동,7193,7417,14610
20210731,7호선,상봉,9620,9117,18737
20210731,7호선,수락산,7806,7887,15693
20210731,7호선,숭실대입구,5727,5703,11430
20210731,7호선,신대방삼거리,8736,8177,16913
20210731,7호선,신중동,7289,7299,14588
20210731,7호선,신풍,6107,5835,11942
20210731,7호선,어린이대공원,6053,5719,11772
20210731,7호선,온수,4226,4123,8349
20210731,7호선,용마산,3224,3309,6533
20210731,7호선,이수,8655,7980,16635
20210731,7호선,장승배기,5134,4943,10077
20210731,7호선,장암,1196,860,2056
20210731,7호선,중계,6975,6185,13160
20210731,7호선,중곡,5036,4769,9805
20210731,7호선,중화,5990,5749,11739
20210731,7호선,천왕,5394,5073,10467
20210731,7호선,철산,10907,10991,21898
20210731,7호선,청담,7771,8061,15832
20210731,7호선,춘의,4100,3871,7971
20210731,7호선,태릉입구,4792,4385,9177
20210731,7호선,하계,9014,8430,17444
20210731,7호선,학동,6857,7083,13940
20210801,7호선,가산디지털단지,7587,6916,14503
20210801,7호선,강남구청,3679,4026,7705
20210801,7호선,건대입구,5518,5505,11023
20210801,7호선,고속터미널,8568,5002,13570
20210801,7호선,공릉,4359,4448,8807
20210801,7호선,광명사거리,8765,8596,17361
20210801,7호선,군자,5256,4438,9694
20210801,7호선,굴포천,3529,3518,7047
20210801,7호선,까치울,2798,2889,5687
20210801,7호선,남구로,5025,4972,9997
20210801,7호선,남성,3724,3854,7578
20210801,7호선,내방,3490,3772,7262
20210801,7호선,노원,7703,7845,15548
20210801,7호선,논현,4318,4696,9014
20210801,7호선,대림,5152,5040,10192
20210801,7호선,도봉산,3613,5225,8838
20210801,7호선,뚝섬유원지,3332,3292,6624
20210801,7호선,마들,4202,3969,8171
20210801,7호선,먹골,3834,3786,7620
20210801,7호선,면목,5861,5934,11795
20210801,7호선,반포,2057,2038,4095
20210801,7호선,보라매,3224,3088,6312
20210801,7호선,부천시청,4993,4664,9657
20210801,7호선,부천종합운동장,1643,1426,3069
20210801,7호선,부평구청,2547,2284,4831
20210801,7호선,사가정,6402,6350,12752
20210801,7호선,삼산체육관,1707,1694,3401
20210801,7호선,상도,3443,3530,6973
20210801,7호선,상동,5070,4980,10050
20210801,7호선,상봉,6585,6412,12997
20210801,7호선,수락산,5971,5916,11887
20210801,7호선,숭실대입구,3818,4137,7955
20210801,7호선,신대방삼거리,5663,5617,11280
20210801,7호선,신중동,4617,4527,9144
20210801,7호선,신풍,4109,4010,8119
20210801,7호선,어린이대공원,4389,4442,8831
20210801,7호선,온수,2662,2763,5425
20210801,7호선,용마산,2199,2301,4500
20210801,7호선,이수,5355,5321,10676
20210801,7호선,장승배기,3348,3364,6712
20210801,7호선,장암,999,768,1767
20210801,7호선,중계,4718,4423,9141
20210801,7호선,중곡,3458,3457,6915
20210801,7호선,중화,4077,3942,8019
20210801,7호선,천왕,3253,3282,6535
20210801,7호선,철산,7104,7151,14255
20210801,7호선,청담,4298,4579,8877
20210801,7호선,춘의,2586,2383,4969
20210801,7호선,태릉입구,3252,3076,6328
20210801,7호선,하계,6114,5972,12086
20210801,7호선,학동,3700,3885,7585
20210807,7호선,가산디지털단지,11122,10234,21356
20210807,7호선,강남구청,6843,7530,14373
20210807,7호선,건대입구,7964,7790,15754
20210807,7호선,고속터미널,9029,7239,16268
20210807,7호선,공릉,6652,6655,13307
20210807,7호선,광명사거리,13536,13700,27236
20210807,7호선,군자,8354,6688,15042
20210807,7호선,굴포천,5127,5389,10516
20210807,7호선,까치울,4317,4454,8771
20210807,7호선,남구로,7003,7247,14250
20210807,7호선,남성,6095,5616,11711
20210807,7호선,내방,6288,6079,12367
20210807,7호선,노원,12674,13155,25829
20210807,7호선,논현,8762,9556,18318
20210807,7호선,대림,5810,5959,11769
20210807,7호선,도봉산,5220,7230,12450
20210807,7호선,뚝섬유원지,5915,5531,11446
20210807,7호선,마들,7129,6839,13968
20210807,7호선,먹골,6205,5997,12202
20210807,7호선,면목,9405,9107,18512
20210807,7호선,반포,3672,3441,7113
20210807,7호선,보라매,5332,4980,10312
20210807,7호선,부천시청,7934,7727,15661
20210807,7호선,부천종합운동장,2577,2371,4948
20210807,7호선,부평구청,3961,3550,7511
20210807,7호선,사가정,9921,9695,19616
20210807,7호선,삼산체육관,2688,2470,5158
20210807,7호선,상도,5569,5260,10829
20210807,7호선,상동,7978,8016,15994
20210807,7호선,상봉,10243,9907,20150
20210807,7호선,수락산,8490,8391,16881
20210807,7호선,숭실대입구,5987,6115,12102
20210807,7호선,신대방삼거리,9410,8663,18073
20210807,7호선,신중동,7501,7359,14860
20210807,7호선,신풍,6453,6207,12660
20210807,7호선,어린이대공원,6797,6421,13218
20210807,7호선,온수,4507,4446,8953
20210807,7호선,용마산,3536,3572,7108
20210807,7호선,이수,9082,8698,17780
20210807,7호선,장승배기,5438,5121,10559
20210807,7호선,장암,1337,1066,2403
20210807,7호선,중계,7348,6546,13894
20210807,7호선,중곡,5400,5146,10546
20210807,7호선,중화,6457,6071,12528
20210807,7호선,천왕,5319,5056,10375
20210807,7호선,철산,11664,11799,23463
20210807,7호선,청담,8339,8650,16989
20210807,7호선,춘의,4218,4028,8246
20210807,7호선,태릉입구,5066,4749,9815
20210807,7호선,하계,9354,8694,18048
20210807,7호선,학동,7627,7832,15459
20210808,7호선,가산디지털단지,7359,6891,14250
20210808,7호선,강남구청,3870,4293,8163
20210808,7호선,건대입구,5460,5263,10723
20210808,7호선,고속터미널,8634,5283,13917
20210808,7호선,공릉,4688,4803,9491
20210808,7호선,광명사거리,9114,9003,18117
20210808,7호선,군자,5694,4490,10184
20210808,7호선,굴포천,3556,3478,7034
20210808,7호선,까치울,3045,3141,6186
20210808,7호선,남구로,5201,5126,10327
20210808,7호선,남성,3936,3987,7923
20210808,7호선,내방,3803,3909,7712
20210808,7호선,노원,8398,8455,16853
20210808,7호선,논현,4794,5163,9957
20210808,7호선,대림,5162,4979,10141
20210808,7호선,도봉산,4050,5939,9989
20210808,7호선,뚝섬유원지,4427,3966,8393
20210808,7호선,마들,4560,4252,8812
20210808,7호선,먹골,3931,3910,7841
20210808,7호선,면목,6209,6212,12421
20210808,7호선,반포,2037,2032,4069
20210808,7호선,보라매,2999,3065,6064
20210808,7호선,부천시청,5034,4989,10023
20210808,7호선,부천종합운동장,1854,1652,3506
20210808,7호선,부평구청,2751,2423,5174
20210808,7호선,사가정,6967,6874,13841
20210808,7호선,삼산체육관,1854,1741,3595
20210808,7호선,상도,3699,3797,7496
20210808,7호선,상동,5165,5031,10196
20210808,7호선,상봉,6719,6381,13100
20210808,7호선,수락산,6652,6769,13421
20210808,7호선,숭실대입구,3957,4364,8321
20210808,7호선,신대방삼거리,5834,5866,11700
20210808,7호선,신중동,5002,4945,9947
20210808,7호선,신풍,4464,4291,8755
20210808,7호선,어린이대공원,4936,4864,9800
20210808,7호선,온수,2715,2762,5477
20210808,7호선,용마산,2382,2607,4989
20210808,7호선,이수,5771,5660,11431
20210808,7호선,장승배기,3641,3649,7290
20210808,7호선,장암,1303,1031,2334
20210808,7호선,중계,4890,4540,9430
20210808,7호선,중곡,3464,3496,6960
20210808,7호선,중화,4313,4238,8551
20210808,7호선,천왕,3548,3508,7056
20210808,7호선,철산,7586,7522,15108
20210808,7호선,청담,4783,5215,9998
20210808,7호선,춘의,2595,2462,5057
20210808,7호선,태릉입구,3537,3334,6871
20210808,7호선,하계,6398,6186,12584
20210808,7호선,학동,3879,4257,8136
20210814,7호선,가산디지털단지,11382,10408,21790
20210814,7호선,강남구청,7352,7932,15284
20210814,7호선,건대입구,8004,7860,15864
20210814,7호선,고속터미널,9525,7988,17513
20210814,7호선,공릉,6930,6835,13765
20210814,7호선,광명사거리,13851,14082,27933
20210814,7호선,군자,8546,6611,15157
20210814,7호선,굴포천,5355,5424,10779
20210814,7호선,까치울,4573,4684,9257
20210814,7호선,남구로,7129,7404,14533
20210814,7호선,남성,6280,5781,12061
20210814,7호선,내방,6313,6215,12528
20210814,7호선,노원,12659,13304,25963
20210814,7호선,논현,8950,9722,18672
20210814,7호선,대림,5861,6175,12036
20210814,7호선,도봉산,5232,7334,12566
20210814,7호선,뚝섬유원지,6796,6257,13053
20210814,7호선,마들,7513,6890,14403
20210814,7호선,먹골,6172,5994,12166
20210814,7호선,면목,9316,9179,18495
20210814,7호선,반포,3446,3252,6698
20210814,7호선,보라매,5032,4716,9748
20210814,7호선,부천시청,7953,7963,15916
20210814,7호선,부천종합운동장,2743,2456,5199
20210814,7호선,부평구청,4084,3629,7713
20210814,7호선,사가정,10220,9833,20053
20210814,7호선,삼산체육관,2786,2641,5427
20210814,7호선,상도,6014,5466,11480
20210814,7호선,상동,7746,7962,15708
20210814,7호선,상봉,10543,9869,20412
20210814,7호선,수락산,8549,8405,16954
20210814,7호선,숭실대입구,6157,6102,12259
20210814,7호선,신대방삼거리,9289,8536,17825
20210814,7호선,신중동,7891,7672,15563
20210814,7호선,신풍,6594,6227,12821
20210814,7호선,어린이대공원,6499,6176,12675
20210814,7호선,온수,4642,4360,9002
20210814,7호선,용마산,3797,3914,7711
20210814,7호선,이수,9311,8528,17839
20210814,7호선,장승배기,5363,5122,10485
20210814,7호선,장암,1282,958,2240
20210814,7호선,중계,7398,6672,14070
20210814,7호선,중곡,5513,5177,10690
20210814,7호선,중화,6816,6457,13273
20210814,7호선,천왕,5481,5072,10553
20210814,7호선,철산,12186,12193,24379
20210814,7호선,청담,8663,9113,17776
20210814,7호선,춘의,4382,4188,8570
20210814,7호선,태릉입구,5184,4817,10001
20210814,7호선,하계,9809,9156,18965
20210814,7호선,학동,7447,7625,15072
20210815,7호선,가산디지털단지,8067,7307,15374
20210815,7호선,강남구청,4175,4561,8736
20210815,7호선,건대입구,6153,6240,12393
20210815,7호선,고속터미널,8374,5572,13946
20210815,7호선,공릉,5256,5241,10497
20210815,7호선,광명사거리,9790,9610,19400
20210815,7호선,군자,6019,4911,10930
20210815,7호선,굴포천,3954,4061,8015
20210815,7호선,까치울,3398,3408,6806
20210815,7호선,남구로,5339,5264,10603
20210815,7호선,남성,4258,4130,8388
20210815,7호선,내방,4030,4226,8256
20210815,7호선,노원,8753,8888,17641
20210815,7호선,논현,5039,5432,10471
20210815,7호선,대림,5190,4944,10134
20210815,7호선,도봉산,4584,6748,11332
20210815,7호선,뚝섬유원지,6617,5838,12455
20210815,7호선,마들,4722,4537,9259
20210815,7호선,먹골,4412,4261,8673
20210815,7호선,면목,6487,6378,12865
20210815,7호선,반포,2331,2202,4533
20210815,7호선,보라매,3152,3169,6321
20210815,7호선,부천시청,5612,5550,11162
20210815,7호선,부천종합운동장,1945,1820,3765
20210815,7호선,부평구청,2900,2642,5542
20210815,7호선,사가정,7545,7307,14852
20210815,7호선,삼산체육관,2034,1984,4018
20210815,7호선,상도,4043,3880,7923
20210815,7호선,상동,5661,5742,11403
20210815,7호선,상봉,7639,7285,14924
20210815,7호선,수락산,7129,7381,14510
20210815,7호선,숭실대입구,4356,4572,8928
20210815,7호선,신대방삼거리,6237,5944,12181
20210815,7호선,신중동,5335,5328,10663
20210815,7호선,신풍,4720,4425,9145
20210815,7호선,어린이대공원,5199,5180,10379
20210815,7호선,온수,3022,3150,6172
20210815,7호선,용마산,2605,2916,5521
20210815,7호선,이수,6564,6114,12678
20210815,7호선,장승배기,4019,4008,8027
20210815,7호선,장암,1195,983,2178
20210815,7호선,중계,5348,5047,10395
20210815,7호선,중곡,3824,3762,7586
20210815,7호선,중화,4646,4464,9110
20210815,7호선,천왕,3622,3571,7193
20210815,7호선,철산,8313,8513,16826
20210815,7호선,청담,4923,5064,9987
20210815,7호선,춘의,2781,2618,5399
20210815,7호선,태릉입구,3858,3632,7490
20210815,7호선,하계,7110,6645,13755
20210815,7호선,학동,4023,4126,8149
20210821,7호선,가산디지털단지,10373,9467,19840
20210821,7호선,강남구청,7266,7930,15196
20210821,7호선,건대입구,7577,7666,15243
20210821,7호선,고속터미널,9261,7424,16685
20210821,7호선,공릉,6369,6251,12620
20210821,7호선,광명사거리,12719,12727,25446
20210821,7호선,군자,7992,6215,14207
20210821,7호선,굴포천,4862,5155,10017
20210821,7호선,까치울,3973,4088,8061
20210821,7호선,남구로,6694,6993,13687
20210821,7호선,남성,5933,5515,11448
20210821,7호선,내방,6041,5970,12011
20210821,7호선,노원,11831,11847,23678
20210821,7호선,논현,8522,9104,17626
20210821,7호선,대림,5334,5601,10935
20210821,7호선,도봉산,4320,5683,10003
20210821,7호선,뚝섬유원지,4517,4203,8720
20210821,7호선,마들,7664,7207,14871
20210821,7호선,먹골,5883,5753,11636
20210821,7호선,면목,8512,8519,17031
20210821,7호선,반포,3363,3177,6540
20210821,7호선,보라매,4847,4559,9406
20210821,7호선,부천시청,7420,7300,14720
20210821,7호선,부천종합운동장,2330,1994,4324
20210821,7호선,부평구청,3720,3264,6984
20210821,7호선,사가정,9271,9104,18375
20210821,7호선,삼산체육관,2588,2430,5018
20210821,7호선,상도,5392,5106,10498
20210821,7호선,상동,7488,7511,14999
20210821,7호선,상봉,9953,9346,19299
20210821,7호선,수락산,7407,7355,14762
20210821,7호선,숭실대입구,6055,6111,12166
20210821,7호선,신대방삼거리,8792,8172,16964
20210821,7호선,신중동,7184,7112,14296
20210821,7호선,신풍,6304,5966,12270
20210821,7호선,어린이대공원,6049,5537,11586
20210821,7호선,온수,4391,4325,8716
20210821,7호선,용마산,3199,3096,6295
20210821,7호선,이수,8675,8284,16959
20210821,7호선,장승배기,5151,4961,10112
20210821,7호선,장암,1059,653,1712
20210821,7호선,중계,7139,6495,13634
20210821,7호선,중곡,5125,4976,10101
20210821,7호선,중화,5836,5760,11596
20210821,7호선,천왕,5169,4896,10065
20210821,7호선,철산,10892,11053,21945
20210821,7호선,청담,8441,8748,17189
20210821,7호선,춘의,4185,4007,8192
20210821,7호선,태릉입구,4844,4528,9372
20210821,7호선,하계,9125,8476,17601
20210821,7호선,학동,7334,7722,15056
20210822,7호선,가산디지털단지,7947,7490,15437
20210822,7호선,강남구청,4416,4792,9208
20210822,7호선,건대입구,5720,5844,11564
20210822,7호선,고속터미널,8885,5707,14592
20210822,7호선,공릉,5192,5331,10523
20210822,7호선,광명사거리,10272,10157,20429
20210822,7호선,군자,6123,4963,11086
20210822,7호선,굴포천,3804,3858,7662
20210822,7호선,까치울,3393,3485,6878
20210822,7호선,남구로,5568,5465,11033
20210822,7호선,남성,4524,4445,8969
20210822,7호선,내방,4299,4460,8759
20210822,7호선,노원,9009,9305,18314
20210822,7호선,논현,5401,5718,11119
20210822,7호선,대림,5349,5092,10441
20210822,7호선,도봉산,4483,6452,10935
20210822,7호선,뚝섬유원지,6149,5307,11456
20210822,7호선,마들,4978,4720,9698
20210822,7호선,먹골,4348,4208,8556
20210822,7호선,면목,6719,6627,13346
20210822,7호선,반포,2276,2262,4538
20210822,7호선,보라매,3691,3596,7287
20210822,7호선,부천시청,5532,5403,10935
20210822,7호선,부천종합운동장,2038,1856,3894
20210822,7호선,부평구청,2852,2555,5407
20210822,7호선,사가정,7724,7519,15243
20210822,7호선,삼산체육관,2171,2115,4286
20210822,7호선,상도,4358,4323,8681
20210822,7호선,상동,5801,5581,11382
20210822,7호선,상봉,7314,6917,14231
20210822,7호선,수락산,7055,7115,14170
20210822,7호선,숭실대입구,4562,4997,9559
20210822,7호선,신대방삼거리,6568,6554,13122
20210822,7호선,신중동,5439,5433,10872
20210822,7호선,신풍,4878,4627,9505
20210822,7호선,어린이대공원,5392,5425,10817
20210822,7호선,온수,3170,3146,6316
20210822,7호선,용마산,2846,3088,5934
20210822,7호선,이수,6535,6394,12929
20210822,7호선,장승배기,4278,4196,8474
20210822,7호선,장암,1224,937,2161
20210822,7호선,중계,5551,5059,10610
20210822,7호선,중곡,4007,4030,8037
20210822,7호선,중화,4697,4500,9197
20210822,7호선,천왕,3951,3813,7764
20210822,7호선,철산,8445,8350,16795
20210822,7호선,청담,5318,5676,10994
20210822,7호선,춘의,2983,2791,5774
20210822,7호선,태릉입구,4014,3866,7880
20210822,7호선,하계,7226,6902,14128
20210822,7호선,학동,4380,4605,8985
20210828,7호선,가산디지털단지,12163,11156,23319
20210828,7호선,강남구청,8191,8910,17101
20210828,7호선,건대입구,8818,8944,17762
20210828,7호선,고속터미널,10361,8492,18853
20210828,7호선,공릉,7526,7477,15003
20210828,7호선,광명사거리,14976,15004,29980
20210828,7호선,군자,9148,7227,16375
20210828,7호선,굴포천,5714,5945,11659
20210828,7호선,까치울,4878,4907,9785
20210828,7호선,남구로,7441,7908,15349
20210828,7호선,남성,6710,6303,13013
20210828,7호선,내방,7029,7019,14048
20210828,7호선,노원,13451,14184,27635
20210828,7호선,논현,9739,10408,20147
20210828,7호선,대림,6103,6498,12601
20210828,7호선,도봉산,5894,8023,13917
20210828,7호선,뚝섬유원지,8052,7238,15290
20210828,7호선,마들,7783,7339,15122
20210828,7호선,먹골,6818,6631,13449
20210828,7호선,면목,9690,9397,19087
20210828,7호선,반포,3861,3472,7333
20210828,7호선,보라매,5545,5249,10794
20210828,7호선,부천시청,8430,8384,16814
20210828,7호선,부천종합운동장,2884,2566,5450
20210828,7호선,부평구청,4400,4026,8426
20210828,7호선,사가정,10911,10426,21337
20210828,7호선,삼산체육관,3138,2972,6110
20210828,7호선,상도,6326,5934,12260
20210828,7호선,상동,8899,8945,17844
20210828,7호선,상봉,11497,10912,22409
20210828,7호선,수락산,9096,8860,17956
20210828,7호선,숭실대입구,7135,7091,14226
20210828,7호선,신대방삼거리,9920,9465,19385
20210828,7호선,신중동,8366,8258,16624
20210828,7호선,신풍,7038,6648,13686
20210828,7호선,어린이대공원,7860,7694,15554
20210828,7호선,온수,5023,4875,9898
20210828,7호선,용마산,3881,4006,7887
20210828,7호선,이수,10344,9513,19857
20210828,7호선,장승배기,5774,5681,11455
20210828,7호선,장암,1374,1033,2407
20210828,7호선,중계,8005,7220,15225
20210828,7호선,중곡,5940,5669,11609
20210828,7호선,중화,6901,6598,13499
20210828,7호선,천왕,5809,5578,11387
20210828,7호선,철산,12767,13017,25784
20210828,7호선,청담,9172,9787,18959
20210828,7호선,춘의,4612,4444,9056
20210828,7호선,태릉입구,5601,5251,10852
20210828,7호선,하계,10572,9777,20349
20210828,7호선,학동,8296,8746,17042
20210829,7호선,가산디지털단지,8472,7786,16258
20210829,7호선,강남구청,4752,5172,9924
20210829,7호선,건대입구,6570,6659,13229
20210829,7호선,고속터미널,9446,6036,15482
20210829,7호선,공릉,5221,5349,10570
20210829,7호선,광명사거리,10400,10237,20637
20210829,7호선,군자,6243,5101,11344
20210829,7호선,굴포천,3963,4050,8013
20210829,7호선,까치울,3581,3557,7138
20210829,7호선,남구로,5702,5521,11223
20210829,7호선,남성,4451,4417,8868
20210829,7호선,내방,4410,4577,8987
20210829,7호선,노원,9213,9392,18605
20210829,7호선,논현,5315,5835,11150
20210829,7호선,대림,5532,5256,10788
20210829,7호선,도봉산,4589,6589,11178
20210829,7호선,뚝섬유원지,6654,5724,12378
20210829,7호선,마들,5036,4620,9656
20210829,7호선,먹골,4583,4470,9053
20210829,7호선,면목,6899,6833,13732
20210829,7호선,반포,2592,2484,5076
20210829,7호선,보라매,3540,3606,7146
20210829,7호선,부천시청,6120,5824,11944
20210829,7호선,부천종합운동장,2097,1933,4030
20210829,7호선,부평구청,3151,2811,5962
20210829,7호선,사가정,7677,7568,15245
20210829,7호선,삼산체육관,2216,2107,4323
20210829,7호선,상도,4390,4488,8878
20210829,7호선,상동,5893,5844,11737
20210829,7호선,상봉,7787,7529,15316
20210829,7호선,수락산,7297,7271,14568
20210829,7호선,숭실대입구,4792,5099,9891
20210829,7호선,신대방삼거리,6697,6538,13235
20210829,7호선,신중동,5677,5543,11220
20210829,7호선,신풍,4913,4694,9607
20210829,7호선,어린이대공원,5771,5889,11660
20210829,7호선,온수,3281,3281,6562
20210829,7호선,용마산,2758,3023,5781
20210829,7호선,이수,6730,6612,13342
20210829,7호선,장승배기,4238,4117,8355
20210829,7호선,장암,1218,859,2077
20210829,7호선,중계,5714,5201,10915
20210829,7호선,중곡,4431,4284,8715
20210829,7호선,중화,4736,4691,9427
20210829,7호선,천왕,4249,4023,8272
20210829,7호선,철산,8595,8695,17290
20210829,7호선,청담,5329,5671,11000
20210829,7호선,춘의,2974,2898,5872
20210829,7호선,태릉입구,4176,3923,8099
20210829,7호선,하계,7201,6905,14106
20210829,7호선,학동,4297,4617,8914
20210904,7호선,가산디지털단지,12778,11694,24472
20210904,7호선,강남구청,8534,9412,17946
20210904,7호선,건대입구,9352,9601,18953
20210904,7호선,고속터미널,11039,8907,19946
20210904,7호선,공릉,7711,7795,15506
20210904,7호선,광명사거리,15330,15371,30701
20210904,7호선,군자,9665,7444,17109
20210904,7호선,굴포천,5954,6081,12035
20210904,7호선,까치울,4950,5006,9956
20210904,7호선,남구로,7576,7876,15452
20210904,7호선,남성,7126,6386,13512
20210904,7호선,내방,7236,7150,14386
20210904,7호선,노원,14516,15103,29619
20210904,7호선,논현,10153,10959,21112
20210904,7호선,대림,6235,6652,12887
20210904,7호선,도봉산,6387,8746,15133
20210904,7호선,뚝섬유원지,11245,9915,21160
20210904,7호선,마들,8197,7715,15912
20210904,7호선,먹골,7289,7099,14388
20210904,7호선,면목,10368,10241,20609
20210904,7호선,반포,3991,3744,7735
20210904,7호선,보라매,5488,5295,10783
20210904,7호선,부천시청,8789,8738,17527
20210904,7호선,부천종합운동장,3045,2721,5766
20210904,7호선,부평구청,4513,3959,8472
20210904,7호선,사가정,11516,10976,22492
20210904,7호선,삼산체육관,3252,3012,6264
20210904,7호선,상도,6728,6207,12935
20210904,7호선,상동,9125,9287,18412
20210904,7호선,상봉,11901,11143,23044
20210904,7호선,수락산,9612,9551,19163
20210904,7호선,숭실대입구,7425,7353,14778
20210904,7호선,신대방삼거리,10318,9562,19880
20210904,7호선,신중동,8649,8584,17233
20210904,7호선,신풍,7193,6941,14134
20210904,7호선,어린이대공원,8387,8131,16518
20210904,7호선,온수,5121,5051,10172
20210904,7호선,용마산,4205,4399,8604
20210904,7호선,이수,10608,9979,20587
20210904,7호선,장승배기,6133,5692,11825
20210904,7호선,장암,1471,1137,2608
20210904,7호선,중계,8598,7789,16387
20210904,7호선,중곡,6414,5972,12386
20210904,7호선,중화,7017,6582,13599
20210904,7호선,천왕,6215,5811,12026
20210904,7호선,철산,13705,13750,27455
20210904,7호선,청담,9573,10256,19829
20210904,7호선,춘의,4749,4596,9345
20210904,7호선,태릉입구,5956,5612,11568
20210904,7호선,하계,11014,10194,21208
20210904,7호선,학동,8650,9007,17657
20210905,7호선,가산디지털단지,9036,8322,17358
20210905,7호선,강남구청,4976,5448,10424
20210905,7호선,건대입구,6889,7047,13936
20210905,7호선,고속터미널,10081,6399,16480
20210905,7호선,공릉,5655,5856,11511
20210905,7호선,광명사거리,10870,10777,21647
20210905,7호선,군자,6707,5341,12048
20210905,7호선,굴포천,4081,4123,8204
20210905,7호선,까치울,3728,3724,7452
20210905,7호선,남구로,5803,5764,11567
20210905,7호선,남성,4647,4612,9259
20210905,7호선,내방,4518,4672,9190
20210905,7호선,노원,9676,9826,19502
20210905,7호선,논현,5576,5875,11451
20210905,7호선,대림,5754,5361,11115
20210905,7호선,도봉산,4956,7542,12498
20210905,7호선,뚝섬유원지,8876,7784,16660
20210905,7호선,마들,5338,5085,10423
20210905,7호선,먹골,4891,4757,9648
20210905,7호선,면목,7140,7028,14168
20210905,7호선,반포,2621,2623,5244
20210905,7호선,보라매,3923,3855,7778
20210905,7호선,부천시청,6013,6073,12086
20210905,7호선,부천종합운동장,2291,2056,4347
20210905,7호선,부평구청,3260,2863,6123
20210905,7호선,사가정,8216,7953,16169
20210905,7호선,삼산체육관,2404,2199,4603
20210905,7호선,상도,4516,4664,9180
20210905,7호선,상동,6414,6276,12690
20210905,7호선,상봉,8344,7956,16300
20210905,7호선,수락산,7940,7863,15803
20210905,7호선,숭실대입구,4961,5376,10337
20210905,7호선,신대방삼거리,6850,6885,13735
20210905,7호선,신중동,6130,5961,12091
20210905,7호선,신풍,5310,5064,10374
20210905,7호선,어린이대공원,6446,6561,13007
20210905,7호선,온수,3493,3491,6984
20210905,7호선,용마산,2768,3323,6091
20210905,7호선,이수,7110,6917,14027
20210905,7호선,장승배기,4134,4081,8215
20210905,7호선,장암,1442,1025,2467
20210905,7호선,중계,6010,5623,11633
20210905,7호선,중곡,4525,4324,8849
20210905,7호선,중화,5058,4972,10030
20210905,7호선,천왕,4174,4054,8228
20210905,7호선,철산,9338,9358,18696
20210905,7호선,청담,5700,6099,11799
20210905,7호선,춘의,3124,3033,6157
20210905,7호선,태릉입구,4498,4201,8699
20210905,7호선,하계,7799,7483,15282
20210905,7호선,학동,4801,5101,9902
20210911,7호선,가산디지털단지,13597,12278,25875
20210911,7호선,강남구청,8932,9787,18719
20210911,7호선,건대입구,9550,9879,19429
20210911,7호선,고속터미널,11630,9411,21041
20210911,7호선,공릉,8091,7954,16045
20210911,7호선,광명사거리,15720,15768,31488
20210911,7호선,군자,9803,7628,17431
20210911,7호선,굴포천,6042,6204,12246
20210911,7호선,까치울,5146,5159,10305
20210911,7호선,남구로,7679,7987,15666
20210911,7호선,남성,7146,6467,13613
20210911,7호선,내방,7516,7284,14800
20210911,7호선,노원,14465,14994,29459
20210911,7호선,논현,10496,11282,21778
20210911,7호선,대림,6330,6653,12983
20210911,7호선,도봉산,6152,8630,14782
20210911,7호선,뚝섬유원지,10839,9972,20811
20210911,7호선,마들,8350,7812,16162
20210911,7호선,먹골,7170,6941,14111
20210911,7호선,면목,10427,10272,20699
20210911,7호선,반포,4090,3993,8083
20210911,7호선,보라매,6163,5922,12085
20210911,7호선,부천시청,9022,8900,17922
20210911,7호선,부천종합운동장,3066,2799,5865
20210911,7호선,부평구청,4651,4062,8713
20210911,7호선,사가정,11781,11395,23176
20210911,7호선,삼산체육관,3347,3047,6394
20210911,7호선,상도,6928,6434,13362
20210911,7호선,상동,9696,9815,19511
20210911,7호선,상봉,11917,11405,23322
20210911,7호선,수락산,9786,9475,19261
20210911,7호선,숭실대입구,7801,7806,15607
20210911,7호선,신대방삼거리,10657,10023,20680
20210911,7호선,신중동,9048,8944,17992
20210911,7호선,신풍,7579,7137,14716
20210911,7호선,어린이대공원,9190,8908,18098
20210911,7호선,온수,5403,5241,10644
20210911,7호선,용마산,4213,4420,8633
20210911,7호선,이수,10677,10009,20686
20210911,7호선,장승배기,6244,6075,12319
20210911,7호선,장암,1591,1153,2744
20210911,7호선,중계,8674,7808,16482
20210911,7호선,중곡,6565,6080,12645
20210911,7호선,중화,7404,6985,14389
20210911,7호선,천왕,6420,6043,12463
20210911,7호선,철산,14220,14252,28472
20210911,7호선,청담,9787,10621,20408
20210911,7호선,춘의,4836,4639,9475
20210911,7호선,태릉입구,6084,5683,11767
20210911,7호선,하계,11186,10235,21421
20210911,7호선,학동,9050,9428,18478
20210912,7호선,가산디지털단지,9691,8961,18652
20210912,7호선,강남구청,5062,5608,10670
20210912,7호선,건대입구,6775,6881,13656
20210912,7호선,고속터미널,10189,6815,17004
20210912,7호선,공릉,5874,6015,11889
20210912,7호선,광명사거리,11311,11199,22510
20210912,7호선,군자,6950,5485,12435
20210912,7호선,굴포천,4212,4193,8405
20210912,7호선,까치울,3797,3822,7619
20210912,7호선,남구로,5929,5800,11729
20210912,7호선,남성,4943,4821,9764
20210912,7호선,내방,4702,4874,9576
20210912,7호선,노원,10152,10282,20434
20210912,7호선,논현,5715,6064,11779
20210912,7호선,대림,6116,5749,11865
20210912,7호선,도봉산,5145,7469,12614
20210912,7호선,뚝섬유원지,8968,7918,16886
20210912,7호선,마들,5495,5028,10523
20210912,7호선,먹골,4901,4670,9571
20210912,7호선,면목,7355,7333,14688
20210912,7호선,반포,2509,2510,5019
20210912,7호선,보라매,4219,4219,8438
20210912,7호선,부천시청,6226,5974,12200
20210912,7호선,부천종합운동장,2269,2042,4311
20210912,7호선,부평구청,3256,3071,6327
20210912,7호선,사가정,8366,7926,16292
20210912,7호선,삼산체육관,2630,2422,5052
20210912,7호선,상도,4789,4760,9549
20210912,7호선,상동,6324,6191,12515
20210912,7호선,상봉,8326,7823,16149
20210912,7호선,수락산,8000,7934,15934
20210912,7호선,숭실대입구,5306,5618,10924
20210912,7호선,신대방삼거리,7315,7240,14555
20210912,7호선,신중동,6182,6120,12302
20210912,7호선,신풍,5442,5189,10631
20210912,7호선,어린이대공원,6579,6543,13122
20210912,7호선,온수,3464,3552,7016
20210912,7호선,용마산,3238,3641,6879
20210912,7호선,이수,7444,7245,14689
20210912,7호선,장승배기,4506,4488,8994
20210912,7호선,장암,1445,1056,2501
20210912,7호선,중계,6077,5591,11668
20210912,7호선,중곡,4541,4493,9034
20210912,7호선,중화,5463,5202,10665
20210912,7호선,천왕,4431,4253,8684
20210912,7호선,철산,9491,9491,18982
20210912,7호선,청담,6067,6329,12396
20210912,7호선,춘의,3220,3115,6335
20210912,7호선,태릉입구,4681,4347,9028
20210912,7호선,하계,8046,7461,15507
20210912,7호선,학동,4934,5224,10158
20210918,7호선,가산디지털단지,12187,10664,22851
20210918,7호선,강남구청,7081,7559,14640
20210918,7호선,건대입구,8885,8656,17541
20210918,7호선,고속터미널,9293,11644,20937
20210918,7호선,공릉,7647,7018,14665
20210918,7호선,광명사거리,15971,15790,31761
20210918,7호선,군자,9258,6710,15968
20210918,7호선,굴포천,5582,5643,11225
20210918,7호선,까치울,4636,4580,9216
20210918,7호선,남구로,7690,7703,15393
20210918,7호선,남성,6695,5762,12457
20210918,7호선,내방,6765,6652,13417
20210918,7호선,노원,14001,14616,28617
20210918,7호선,논현,9187,10085,19272
20210918,7호선,대림,7350,7565,14915
20210918,7호선,도봉산,5789,8052,13841
20210918,7호선,뚝섬유원지,10192,9253,19445
20210918,7호선,마들,8083,7478,15561
20210918,7호선,먹골,6911,6319,13230
20210918,7호선,면목,10210,9697,19907
20210918,7호선,반포,3731,3590,7321
20210918,7호선,보라매,5168,4734,9902
20210918,7호선,부천시청,8522,8389,16911
20210918,7호선,부천종합운동장,2775,2492,5267
20210918,7호선,부평구청,4207,3957,8164
20210918,7호선,사가정,10861,10398,21259
20210918,7호선,삼산체육관,3009,2723,5732
20210918,7호선,상도,6534,5435,11969
20210918,7호선,상동,8410,8838,17248
20210918,7호선,상봉,11392,10681,22073
20210918,7호선,수락산,9418,9131,18549
20210918,7호선,숭실대입구,6945,6334,13279
20210918,7호선,신대방삼거리,10036,8649,18685
20210918,7호선,신중동,8271,8034,16305
20210918,7호선,신풍,7162,6588,13750
20210918,7호선,어린이대공원,7951,6815,14766
20210918,7호선,온수,5055,4801,9856
20210918,7호선,용마산,3802,3857,7659
20210918,7호선,이수,10071,9055,19126
20210918,7호선,장승배기,6067,5516,11583
20210918,7호선,장암,1489,1164,2653
20210918,7호선,중계,8196,7108,15304
20210918,7호선,중곡,6036,5598,11634
20210918,7호선,중화,6740,6216,12956
20210918,7호선,천왕,6225,5822,12047
20210918,7호선,철산,13027,13014,26041
20210918,7호선,청담,8336,8818,17154
20210918,7호선,춘의,4475,4277,8752
20210918,7호선,태릉입구,5606,5000,10606
20210918,7호선,하계,10766,9674,20440
20210918,7호선,학동,7006,7226,14232
20210919,7호선,가산디지털단지,9521,8011,17532
20210919,7호선,강남구청,3768,3879,7647
20210919,7호선,건대입구,6126,5906,12032
20210919,7호선,고속터미널,7106,8420,15526
20210919,7호선,공릉,5465,5085,10550
20210919,7호선,광명사거리,12012,12019,24031
20210919,7호선,군자,6331,4400,10731
20210919,7호선,굴포천,3998,4280,8278
20210919,7호선,까치울,3343,3396,6739
20210919,7호선,남구로,6070,5931,12001
20210919,7호선,남성,4448,3886,8334
20210919,7호선,내방,4259,4035,8294
20210919,7호선,노원,9220,9650,18870
20210919,7호선,논현,5154,5388,10542
20210919,7호선,대림,7130,6942,14072
20210919,7호선,도봉산,4499,6646,11145
20210919,7호선,뚝섬유원지,7755,6818,14573
20210919,7호선,마들,5229,4711,9940
20210919,7호선,먹골,4700,4357,9057
20210919,7호선,면목,7358,7103,14461
20210919,7호선,반포,2385,2376,4761
20210919,7호선,보라매,3343,3021,6364
20210919,7호선,부천시청,5866,5715,11581
20210919,7호선,부천종합운동장,1995,1835,3830
20210919,7호선,부평구청,3051,2789,5840
20210919,7호선,사가정,8129,7624,15753
20210919,7호선,삼산체육관,2133,2076,4209
20210919,7호선,상도,4440,3788,8228
20210919,7호선,상동,5780,5789,11569
20210919,7호선,상봉,8013,7356,15369
20210919,7호선,수락산,7034,6927,13961
20210919,7호선,숭실대입구,4786,4406,9192
20210919,7호선,신대방삼거리,6664,5850,12514
20210919,7호선,신중동,5608,5674,11282
20210919,7호선,신풍,5062,4742,9804
20210919,7호선,어린이대공원,5925,5063,10988
20210919,7호선,온수,3608,3501,7109
20210919,7호선,용마산,2830,3033,5863
20210919,7호선,이수,6596,6007,12603
20210919,7호선,장승배기,4148,3854,8002
20210919,7호선,장암,1153,882,2035
20210919,7호선,중계,5853,5228,11081
20210919,7호선,중곡,4350,4026,8376
20210919,7호선,중화,4890,4585,9475
20210919,7호선,천왕,4449,4113,8562
20210919,7호선,철산,8982,9060,18042
20210919,7호선,청담,4468,4699,9167
20210919,7호선,춘의,3081,2886,5967
20210919,7호선,태릉입구,4012,3542,7554
20210919,7호선,하계,7743,7080,14823
20210919,7호선,학동,3442,3353,6795
20210925,7호선,가산디지털단지,12892,11822,24714
20210925,7호선,강남구청,8827,9509,18336
20210925,7호선,건대입구,8974,9051,18025
20210925,7호선,고속터미널,11313,8614,19927
20210925,7호선,공릉,7534,7820,15354
20210925,7호선,광명사거리,14738,14649,29387
20210925,7호선,군자,9579,7425,17004
20210925,7호선,굴포천,5661,5866,11527
20210925,7호선,까치울,5191,5119,10310
20210925,7호선,남구로,7380,7635,15015
20210925,7호선,남성,6962,6545,13507
20210925,7호선,내방,7068,7002,14070
20210925,7호선,노원,14370,14756,29126
20210925,7호선,논현,10339,11243,21582
20210925,7호선,대림,5750,5981,11731
20210925,7호선,도봉산,6457,8899,15356
20210925,7호선,뚝섬유원지,10233,9589,19822
20210925,7호선,마들,8071,7710,15781
20210925,7호선,먹골,6942,6742,13684
20210925,7호선,면목,10187,9886,20073
20210925,7호선,반포,3960,3579,7539
20210925,7호선,보라매,5395,5300,10695
20210925,7호선,부천시청,8641,8613,17254
20210925,7호선,부천종합운동장,3189,2886,6075
20210925,7호선,부평구청,4543,4034,8577
20210925,7호선,사가정,11022,10807,21829
20210925,7호선,삼산체육관,3245,2954,6199
20210925,7호선,상도,6494,6113,12607
20210925,7호선,상동,9250,9497,18747
20210925,7호선,상봉,11649,11271,22920
20210925,7호선,수락산,9609,9502,19111
20210925,7호선,숭실대입구,7116,7283,14399
20210925,7호선,신대방삼거리,10074,9293,19367
20210925,7호선,신중동,8653,8489,17142
20210925,7호선,신풍,7201,7008,14209
20210925,7호선,어린이대공원,8099,8167,16266
20210925,7호선,온수,5151,4984,10135
20210925,7호선,용마산,3944,4339,8283
20210925,7호선,이수,10661,9949,20610
20210925,7호선,장승배기,6206,5956,12162
20210925,7호선,장암,1574,1164,2738
20210925,7호선,중계,8355,7381,15736
20210925,7호선,중곡,6381,5970,12351
20210925,7호선,중화,7136,6802,13938
20210925,7호선,천왕,6014,5848,11862
20210925,7호선,철산,13861,14024,27885
20210925,7호선,청담,9685,10244,19929
20210925,7호선,춘의,4658,4450,9108
20210925,7호선,태릉입구,6020,5576,11596
20210925,7호선,하계,10663,9999,20662
20210925,7호선,학동,8578,8967,17545
20210926,7호선,가산디지털단지,9004,8412,17416
20210926,7호선,강남구청,5219,5636,10855
20210926,7호선,건대입구,6184,6205,12389
20210926,7호선,고속터미널,9576,6519,16095
20210926,7호선,공릉,5663,5990,11653
20210926,7호선,광명사거리,10831,10662,21493
20210926,7호선,군자,6730,5345,12075
20210926,7호선,굴포천,3990,3947,7937
20210926,7호선,까치울,3923,3921,7844
20210926,7호선,남구로,5700,5615,11315
20210926,7호선,남성,4773,4718,9491
20210926,7호선,내방,4549,4660,9209
20210926,7호선,노원,9654,9913,19567
20210926,7호선,논현,5824,6133,11957
20210926,7호선,대림,5211,4926,10137
20210926,7호선,도봉산,5408,7860,13268
20210926,7호선,뚝섬유원지,9300,8487,17787
20210926,7호선,마들,5261,4951,10212
20210926,7호선,먹골,5100,4968,10068
20210926,7호선,면목,7065,7020,14085
20210926,7호선,반포,2500,2438,4938
20210926,7호선,보라매,3703,3680,7383
20210926,7호선,부천시청,6038,5839,11877
20210926,7호선,부천종합운동장,2366,2188,4554
20210926,7호선,부평구청,3184,2886,6070
20210926,7호선,사가정,8279,7990,16269
20210926,7호선,삼산체육관,2264,2121,4385
20210926,7호선,상도,4713,4713,9426
20210926,7호선,상동,6075,5966,12041
20210926,7호선,상봉,7926,7494,15420
20210926,7호선,수락산,8055,7891,15946
20210926,7호선,숭실대입구,5011,5413,10424
20210926,7호선,신대방삼거리,6980,6866,13846
20210926,7호선,신중동,5862,5763,11625
20210926,7호선,신풍,5356,5093,10449
20210926,7호선,어린이대공원,7342,7390,14732
20210926,7호선,온수,3406,3399,6805
20210926,7호선,용마산,2872,3504,6376
20210926,7호선,이수,7139,6834,13973
20210926,7호선,장승배기,4361,4261,8622
20210926,7호선,장암,1463,1254,2717
20210926,7호선,중계,5958,5438,11396
20210926,7호선,중곡,4583,4401,8984
20210926,7호선,중화,5060,4861,9921
20210926,7호선,천왕,4413,4220,8633
20210926,7호선,철산,9092,9248,18340
20210926,7호선,청담,5648,6054,11702
20210926,7호선,춘의,3080,2894,5974
20210926,7호선,태릉입구,4326,4140,8466
20210926,7호선,하계,7857,7368,15225
20210926,7호선,학동,5072,5405,10477
20211002,7호선,가산디지털단지,13508,12152,25660
20211002,7호선,강남구청,9337,10209,19546
20211002,7호선,건대입구,9466,9772,19238
20211002,7호선,고속터미널,12018,10069,22087
20211002,7호선,공릉,8269,8069,16338
20211002,7호선,광명사거리,15425,15227,30652
20211002,7호선,군자,9777,7456,17233
20211002,7호선,굴포천,6001,6303,12304
20211002,7호선,까치울,5376,5352,10728
20211002,7호선,남구로,7496,7809,15305
20211002,7호선,남성,7193,6549,13742
20211002,7호선,내방,7265,7084,14349
20211002,7호선,노원,14487,15227,29714
20211002,7호선,논현,10390,11192,21582
20211002,7호선,대림,6307,6591,12898
20211002,7호선,도봉산,6632,8968,15600
20211002,7호선,뚝섬유원지,11238,10456,21694
20211002,7호선,마들,8438,7854,16292
20211002,7호선,먹골,7499,7289,14788
20211002,7호선,면목,10405,10049,20454
20211002,7호선,반포,4061,3891,7952
20211002,7호선,보라매,5518,5209,10727
20211002,7호선,부천시청,9004,8798,17802
20211002,7호선,부천종합운동장,3022,2745,5767
20211002,7호선,부평구청,4656,4111,8767
20211002,7호선,사가정,11732,11018,22750
20211002,7호선,삼산체육관,3471,3158,6629
20211002,7호선,상도,6861,6330,13191
20211002,7호선,상동,9686,10139,19825
20211002,7호선,상봉,12224,11559,23783
20211002,7호선,수락산,9592,9332,18924
20211002,7호선,숭실대입구,8112,8013,16125
20211002,7호선,신대방삼거리,10329,9511,19840
20211002,7호선,신중동,8950,8808,17758
20211002,7호선,신풍,7495,7057,14552
20211002,7호선,어린이대공원,10287,10305,20592
20211002,7호선,온수,5229,4954,10183
20211002,7호선,용마산,4032,4161,8193
20211002,7호선,이수,11022,10350,21372
20211002,7호선,장승배기,6381,6003,12384
20211002,7호선,장암,1630,1125,2755
20211002,7호선,중계,8747,7772,16519
20211002,7호선,중곡,6969,6637,13606
20211002,7호선,중화,7320,6863,14183
20211002,7호선,천왕,6296,5908,12204
20211002,7호선,철산,13609,13664,27273
20211002,7호선,청담,9840,10647,20487
20211002,7호선,춘의,4866,4539,9405
20211002,7호선,태릉입구,6453,6012,12465
20211002,7호선,하계,12005,10952,22957
20211002,7호선,학동,9188,9596,18784
20211003,7호선,가산디지털단지,9839,8969,18808
20211003,7호선,강남구청,5449,6037,11486
20211003,7호선,건대입구,7256,7374,14630
20211003,7호선,고속터미널,9160,6490,15650
20211003,7호선,공릉,6113,6296,12409
20211003,7호선,광명사거리,11455,11166,22621
20211003,7호선,군자,7244,5598,12842
20211003,7호선,굴포천,4421,4623,9044
20211003,7호선,까치울,4107,4146,8253
20211003,7호선,남구로,6021,5806,11827
20211003,7호선,남성,5097,4811,9908
20211003,7호선,내방,4712,4753,9465
20211003,7호선,노원,10151,10456,20607
20211003,7호선,논현,5927,6343,12270
20211003,7호선,대림,5898,5574,11472
20211003,7호선,도봉산,5752,8467,14219
20211003,7호선,뚝섬유원지,10482,9509,19991
20211003,7호선,마들,5669,5235,10904
20211003,7호선,먹골,5168,5031,10199
20211003,7호선,면목,7661,7588,15249
20211003,7호선,반포,2688,2725,5413
20211003,7호선,보라매,4437,4412,8849
20211003,7호선,부천시청,6664,6508,13172
20211003,7호선,부천종합운동장,2376,2107,4483
20211003,7호선,부평구청,3517,3062,6579
20211003,7호선,사가정,8799,8485,17284
20211003,7호선,삼산체육관,2494,2284,4778
20211003,7호선,상도,4933,4655,9588
20211003,7호선,상동,6693,6686,13379
20211003,7호선,상봉,8917,8551,17468
20211003,7호선,수락산,8392,8365,16757
20211003,7호선,숭실대입구,5290,5562,10852
20211003,7호선,신대방삼거리,7311,6989,14300
20211003,7호선,신중동,6281,6329,12610
20211003,7호선,신풍,5524,5245,10769
20211003,7호선,어린이대공원,8276,8237,16513
20211003,7호선,온수,3618,3666,7284
20211003,7호선,용마산,3040,3442,6482
20211003,7호선,이수,7730,7452,15182
20211003,7호선,장승배기,4589,4416,9005
20211003,7호선,장암,1497,1186,2683
20211003,7호선,중계,6449,5911,12360
20211003,7호선,중곡,4817,4503,9320
20211003,7호선,중화,5370,5147,10517
20211003,7호선,천왕,4714,4413,9127
20211003,7호선,철산,9684,9706,19390
20211003,7호선,청담,6134,6396,12530
20211003,7호선,춘의,3281,3074,6355
20211003,7호선,태릉입구,4770,4484,9254
20211003,7호선,하계,8498,7810,16308
20211003,7호선,학동,4970,5259,10229
20211009,7호선,가산디지털단지,13239,11949,25188
20211009,7호선,강남구청,8423,9362,17785
20211009,7호선,건대입구,9159,9593,18752
20211009,7호선,고속터미널,11955,10292,22247
20211009,7호선,공릉,7574,7303,14877
20211009,7호선,광명사거리,14639,14245,28884
20211009,7호선,군자,8988,6809,15797
20211009,7호선,굴포천,5809,5921,11730
20211009,7호선,까치울,4971,5030,10001
20211009,7호선,남구로,7207,7292,14499
20211009,7호선,남성,6526,5797,12323
20211009,7호선,내방,6531,6410,12941
20211009,7호선,노원,12661,13129,25790
20211009,7호선,논현,8594,9211,17805
20211009,7호선,대림,6226,6558,12784
20211009,7호선,도봉산,6037,8437,14474
20211009,7호선,뚝섬유원지,9707,8988,18695
20211009,7호선,마들,7964,7379,15343
20211009,7호선,먹골,6967,6719,13686
20211009,7호선,면목,9841,9257,19098
20211009,7호선,반포,3623,3428,7051
20211009,7호선,보라매,5330,4999,10329
20211009,7호선,부천시청,8181,8037,16218
20211009,7호선,부천종합운동장,2822,2578,5400
20211009,7호선,부평구청,4337,3767,8104
20211009,7호선,사가정,10636,10144,20780
20211009,7호선,삼산체육관,3263,2969,6232
20211009,7호선,상도,6184,5733,11917
20211009,7호선,상동,8911,9215,18126
20211009,7호선,상봉,11350,10827,22177
20211009,7호선,수락산,9086,8722,17808
20211009,7호선,숭실대입구,7408,7225,14633
20211009,7호선,신대방삼거리,9572,8764,18336
20211009,7호선,신중동,8225,7922,16147
20211009,7호선,신풍,7077,6570,13647
20211009,7호선,어린이대공원,8702,8312,17014
20211009,7호선,온수,4728,4616,9344
20211009,7호선,용마산,3813,3895,7708
20211009,7호선,이수,10469,9622,20091
20211009,7호선,장승배기,5591,5323,10914
20211009,7호선,장암,1467,1113,2580
20211009,7호선,중계,8022,7064,15086
20211009,7호선,중곡,5991,5537,11528
20211009,7호선,중화,6735,6208,12943
20211009,7호선,천왕,5808,5455,11263
20211009,7호선,철산,12615,12741,25356
20211009,7호선,청담,9185,9736,18921
20211009,7호선,춘의,4382,4150,8532
20211009,7호선,태릉입구,5619,5130,10749
20211009,7호선,하계,10443,9464,19907
20211009,7호선,학동,8078,8559,16637
20211010,7호선,가산디지털단지,9378,8273,17651
20211010,7호선,강남구청,5168,5842,11010
20211010,7호선,건대입구,6707,6785,13492
20211010,7호선,고속터미널,10241,6853,17094
20211010,7호선,공릉,5452,5625,11077
20211010,7호선,광명사거리,10593,10373,20966
20211010,7호선,군자,6754,5281,12035
20211010,7호선,굴포천,4001,4064,8065
20211010,7호선,까치울,3615,3666,7281
20211010,7호선,남구로,5734,5752,11486
20211010,7호선,남성,4588,4537,9125
20211010,7호선,내방,4430,4519,8949
20211010,7호선,노원,9496,9603,19099
20211010,7호선,논현,5497,5951,11448
20211010,7호선,대림,6181,5759,11940
20211010,7호선,도봉산,4400,6217,10617
20211010,7호선,뚝섬유원지,4406,4206,8612
20211010,7호선,마들,5109,4839,9948
20211010,7호선,먹골,4943,4873,9816
20211010,7호선,면목,6878,6952,13830
20211010,7호선,반포,2359,2300,4659
20211010,7호선,보라매,4187,4009,8196
20211010,7호선,부천시청,5925,5743,11668
20211010,7호선,부천종합운동장,2072,1823,3895
20211010,7호선,부평구청,3080,2798,5878
20211010,7호선,사가정,7695,7569,15264
20211010,7호선,삼산체육관,2127,2063,4190
20211010,7호선,상도,4680,4536,9216
20211010,7호선,상동,6221,6075,12296
20211010,7호선,상봉,7914,7301,15215
20211010,7호선,수락산,6852,6849,13701
20211010,7호선,숭실대입구,4829,5135,9964
20211010,7호선,신대방삼거리,7193,6995,14188
20211010,7호선,신중동,5983,5977,11960
20211010,7호선,신풍,5429,5245,10674
20211010,7호선,어린이대공원,6976,6683,13659
20211010,7호선,온수,3354,3401,6755
20211010,7호선,용마산,2702,2912,5614
20211010,7호선,이수,7376,7015,14391
20211010,7호선,장승배기,4122,4140,8262
20211010,7호선,장암,1123,757,1880
20211010,7호선,중계,5610,5341,10951
20211010,7호선,중곡,4403,4303,8706
20211010,7호선,중화,4903,4757,9660
20211010,7호선,천왕,4233,4088,8321
20211010,7호선,철산,8989,8964,17953
20211010,7호선,청담,5913,6360,12273
20211010,7호선,춘의,3197,3031,6228
20211010,7호선,태릉입구,4226,3891,8117
20211010,7호선,하계,7717,7305,15022
20211010,7호선,학동,5184,5506,10690
20211016,7호선,가산디지털단지,15145,13542,28687
20211016,7호선,강남구청,9733,10885,20618
20211016,7호선,건대입구,10554,10750,21304
20211016,7호선,고속터미널,12843,10434,23277
20211016,7호선,공릉,8481,8353,16834
20211016,7호선,광명사거리,16117,16024,32141
20211016,7호선,군자,10289,7971,18260
20211016,7호선,굴포천,6623,6798,13421
20211016,7호선,까치울,5523,5473,10996
20211016,7호선,남구로,7824,8223,16047
20211016,7호선,남성,7175,6757,13932
20211016,7호선,내방,7724,7552,15276
20211016,7호선,노원,15618,15563,31181
20211016,7호선,논현,10572,11619,22191
20211016,7호선,대림,6971,7231,14202
20211016,7호선,도봉산,6734,9144,15878
20211016,7호선,뚝섬유원지,7239,7066,14305
20211016,7호선,마들,9167,8606,17773
20211016,7호선,먹골,7978,7784,15762
20211016,7호선,면목,10885,10807,21692
20211016,7호선,반포,4322,4153,8475
20211016,7호선,보라매,6346,6124,12470
20211016,7호선,부천시청,9718,9524,19242
20211016,7호선,부천종합운동장,3141,2766,5907
20211016,7호선,부평구청,4922,4365,9287
20211016,7호선,사가정,12068,11487,23555
20211016,7호선,삼산체육관,3682,3588,7270
20211016,7호선,상도,7074,6612,13686
20211016,7호선,상동,10930,10868,21798
20211016,7호선,상봉,12882,12329,25211
20211016,7호선,수락산,9902,9866,19768
20211016,7호선,숭실대입구,7889,7751,15640
20211016,7호선,신대방삼거리,10816,10089,20905
20211016,7호선,신중동,9503,9495,18998
20211016,7호선,신풍,7829,7603,15432
20211016,7호선,어린이대공원,9117,9078,18195
20211016,7호선,온수,5508,5450,10958
20211016,7호선,용마산,4186,4464,8650
20211016,7호선,이수,11566,10832,22398
20211016,7호선,장승배기,6371,6097,12468
20211016,7호선,장암,1569,1155,2724
20211016,7호선,중계,9031,8311,17342
20211016,7호선,중곡,7154,6738,13892
20211016,7호선,중화,7825,7551,15376
20211016,7호선,천왕,6438,6137,12575
20211016,7호선,철산,14196,14386,28582
20211016,7호선,청담,10908,11791,22699
20211016,7호선,춘의,5052,4853,9905
20211016,7호선,태릉입구,6264,5807,12071
20211016,7호선,하계,11687,11101,22788
20211016,7호선,학동,10184,10694,20878
20211017,7호선,가산디지털단지,11609,10556,22165
20211017,7호선,강남구청,5388,5901,11289
20211017,7호선,건대입구,7100,7103,14203
20211017,7호선,고속터미널,10476,7026,17502
20211017,7호선,공릉,5782,5756,11538
20211017,7호선,광명사거리,10985,10953,21938
20211017,7호선,군자,7034,5560,12594
20211017,7호선,굴포천,4356,4399,8755
20211017,7호선,까치울,3744,3763,7507
20211017,7호선,남구로,5962,5845,11807
20211017,7호선,남성,4817,4692,9509
20211017,7호선,내방,4530,4633,9163
20211017,7호선,노원,9985,9902,19887
20211017,7호선,논현,5657,6145,11802
20211017,7호선,대림,6586,6074,12660
20211017,7호선,도봉산,5178,7323,12501
20211017,7호선,뚝섬유원지,5423,5113,10536
20211017,7호선,마들,5400,5024,10424
20211017,7호선,먹골,5113,5028,10141
20211017,7호선,면목,7441,7289,14730
20211017,7호선,반포,2552,2566,5118
20211017,7호선,보라매,4088,3960,8048
20211017,7호선,부천시청,6332,6252,12584
20211017,7호선,부천종합운동장,2110,1857,3967
20211017,7호선,부평구청,3319,2950,6269
20211017,7호선,사가정,8408,8168,16576
20211017,7호선,삼산체육관,2266,2264,4530
20211017,7호선,상도,4624,4544,9168
20211017,7호선,상동,6907,6719,13626
20211017,7호선,상봉,8703,8269,16972
20211017,7호선,수락산,7609,7376,14985
20211017,7호선,숭실대입구,5135,5520,10655
20211017,7호선,신대방삼거리,6992,6934,13926
20211017,7호선,신중동,6317,6156,12473
20211017,7호선,신풍,5568,5253,10821
20211017,7호선,어린이대공원,6357,6386,12743
20211017,7호선,온수,3609,3729,7338
20211017,7호선,용마산,3088,3443,6531
20211017,7호선,이수,7642,7358,15000
20211017,7호선,장승배기,4353,4402,8755
20211017,7호선,장암,1261,969,2230
20211017,7호선,중계,5888,5475,11363
20211017,7호선,중곡,4677,4679,9356
20211017,7호선,중화,5191,5016,10207
20211017,7호선,천왕,4321,4226,8547
20211017,7호선,철산,8993,8804,17797
20211017,7호선,청담,5996,6436,12432
20211017,7호선,춘의,3172,3060,6232
20211017,7호선,태릉입구,4593,4252,8845
20211017,7호선,하계,8194,7898,16092
20211017,7호선,학동,5520,5849,11369
20211023,7호선,가산디지털단지,16000,14578,30578
20211023,7호선,강남구청,9723,10762,20485
20211023,7호선,건대입구,10477,10693,21170
20211023,7호선,고속터미널,13756,10688,24444
20211023,7호선,공릉,8835,8495,17330
20211023,7호선,광명사거리,16674,16661,33335
20211023,7호선,군자,10542,8027,18569
20211023,7호선,굴포천,6622,6968,13590
20211023,7호선,까치울,5599,5621,11220
20211023,7호선,남구로,8026,8333,16359
20211023,7호선,남성,7300,6633,13933
20211023,7호선,내방,7571,7441,15012
20211023,7호선,노원,15197,15825,31022
20211023,7호선,논현,11098,11871,22969
20211023,7호선,대림,6773,7171,13944
20211023,7호선,도봉산,7157,9984,17141
20211023,7호선,뚝섬유원지,9025,8581,17606
20211023,7호선,마들,8995,8461,17456
20211023,7호선,먹골,8152,7884,16036
20211023,7호선,면목,11498,11085,22583
20211023,7호선,반포,4204,4076,8280
20211023,7호선,보라매,5812,5739,11551
20211023,7호선,부천시청,10129,9822,19951
20211023,7호선,부천종합운동장,3403,3028,6431
20211023,7호선,부평구청,4886,4478,9364
20211023,7호선,사가정,12475,12134,24609
20211023,7호선,삼산체육관,3936,3680,7616
20211023,7호선,상도,7355,6785,14140
20211023,7호선,상동,11129,11478,22607
20211023,7호선,상봉,13080,12444,25524
20211023,7호선,수락산,10351,10073,20424
20211023,7호선,숭실대입구,8727,8538,17265
20211023,7호선,신대방삼거리,11084,10267,21351
20211023,7호선,신중동,9805,9762,19567
20211023,7호선,신풍,8007,7550,15557
20211023,7호선,어린이대공원,9829,9631,19460
20211023,7호선,온수,5663,5553,11216
20211023,7호선,용마산,4562,4699,9261
20211023,7호선,이수,11824,11062,22886
20211023,7호선,장승배기,6370,6173,12543
20211023,7호선,장암,1755,1166,2921
20211023,7호선,중계,9509,8567,18076
20211023,7호선,중곡,6947,6541,13488
20211023,7호선,중화,7736,7304,15040
20211023,7호선,천왕,6881,6523,13404
20211023,7호선,철산,14911,14901,29812
20211023,7호선,청담,11422,12313,23735
20211023,7호선,춘의,5153,5026,10179
20211023,7호선,태릉입구,6516,5934,12450
20211023,7호선,하계,12284,11407,23691
20211023,7호선,학동,11041,11604,22645
20211024,7호선,가산디지털단지,11975,10889,22864
20211024,7호선,강남구청,5851,6375,12226
20211024,7호선,건대입구,6983,7415,14398
20211024,7호선,고속터미널,11919,7654,19573
20211024,7호선,공릉,5812,5881,11693
20211024,7호선,광명사거리,11950,11906,23856
20211024,7호선,군자,7308,5771,13079
20211024,7호선,굴포천,4615,4601,9216
20211024,7호선,까치울,4218,4226,8444
20211024,7호선,남구로,6386,6205,12591
20211024,7호선,남성,5065,5051,10116
20211024,7호선,내방,4912,5017,9929
20211024,7호선,노원,10532,10517,21049
20211024,7호선,논현,6051,6433,12484
20211024,7호선,대림,6887,6594,13481
20211024,7호선,도봉산,6054,8743,14797
20211024,7호선,뚝섬유원지,7568,7040,14608
20211024,7호선,마들,5815,5509,11324
20211024,7호선,먹골,5497,5392,10889
20211024,7호선,면목,7711,7784,15495
20211024,7호선,반포,2597,2655,5252
20211024,7호선,보라매,4071,4129,8200
20211024,7호선,부천시청,7067,6818,13885
20211024,7호선,부천종합운동장,2400,2218,4618
20211024,7호선,부평구청,3589,3274,6863
20211024,7호선,사가정,8908,8635,17543
20211024,7호선,삼산체육관,2802,2642,5444
20211024,7호선,상도,5026,4942,9968
20211024,7호선,상동,7460,7351,14811
20211024,7호선,상봉,8871,8364,17235
20211024,7호선,수락산,8283,8278,16561
20211024,7호선,숭실대입구,5418,5793,11211
20211024,7호선,신대방삼거리,7524,7464,14988
20211024,7호선,신중동,6650,6506,13156
20211024,7호선,신풍,6119,5818,11937
20211024,7호선,어린이대공원,7342,7608,14950
20211024,7호선,온수,3984,4046,8030
20211024,7호선,용마산,3182,3461,6643
20211024,7호선,이수,7894,7700,15594
20211024,7호선,장승배기,4562,4477,9039
20211024,7호선,장암,1440,1048,2488
20211024,7호선,중계,6614,6190,12804
20211024,7호선,중곡,5024,4893,9917
20211024,7호선,중화,5362,5364,10726
20211024,7호선,천왕,4758,4596,9354
20211024,7호선,철산,10102,10026,20128
20211024,7호선,청담,6702,7074,13776
20211024,7호선,춘의,3525,3252,6777
20211024,7호선,태릉입구,4843,4422,9265
20211024,7호선,하계,8592,8273,16865
20211024,7호선,학동,6162,6497,12659
20211030,7호선,가산디지털단지,15033,13819,28852
20211030,7호선,강남구청,9767,10892,20659
20211030,7호선,건대입구,10732,11051,21783
20211030,7호선,고속터미널,14412,11138,25550
20211030,7호선,공릉,9669,9262,18931
20211030,7호선,광명사거리,16820,16564,33384
20211030,7호선,군자,10705,8225,18930
20211030,7호선,굴포천,6723,6767,13490
20211030,7호선,까치울,5752,5838,11590
20211030,7호선,남구로,8190,8496,16686
20211030,7호선,남성,7590,7058,14648
20211030,7호선,내방,7778,7694,15472
20211030,7호선,노원,15839,16420,32259
20211030,7호선,논현,11263,11958,23221
20211030,7호선,대림,6858,7411,14269
20211030,7호선,도봉산,7605,10606,18211
20211030,7호선,뚝섬유원지,9613,9012,18625
20211030,7호선,마들,9744,9042,18786
20211030,7호선,먹골,8305,7909,16214
20211030,7호선,면목,11257,10833,22090
20211030,7호선,반포,4313,4179,8492
20211030,7호선,보라매,6711,6367,13078
20211030,7호선,부천시청,10001,9743,19744
20211030,7호선,부천종합운동장,3210,2924,6134
20211030,7호선,부평구청,4988,4481,9469
20211030,7호선,사가정,12482,11971,24453
20211030,7호선,삼산체육관,3885,3557,7442
20211030,7호선,상도,7477,6940,14417
20211030,7호선,상동,11094,11390,22484
20211030,7호선,상봉,13246,12695,25941
20211030,7호선,수락산,10498,10318,20816
20211030,7호선,숭실대입구,8667,8349,17016
20211030,7호선,신대방삼거리,11111,10375,21486
20211030,7호선,신중동,9724,9643,19367
20211030,7호선,신풍,8320,7959,16279
20211030,7호선,어린이대공원,9805,9436,19241
20211030,7호선,온수,5756,5708,11464
20211030,7호선,용마산,4648,4855,9503
20211030,7호선,이수,12285,11246,23531
20211030,7호선,장승배기,6732,6470,13202
20211030,7호선,장암,1722,1191,2913
20211030,7호선,중계,9886,8841,18727
20211030,7호선,중곡,7161,6723,13884
20211030,7호선,중화,7651,7400,15051
20211030,7호선,천왕,6842,6458,13300
20211030,7호선,철산,15102,15119,30221
20211030,7호선,청담,11347,12196,23543
20211030,7호선,춘의,5135,4883,10018
20211030,7호선,태릉입구,6952,6432,13384
20211030,7호선,하계,12796,11580,24376
20211030,7호선,학동,10978,11799,22777
20211031,7호선,가산디지털단지,11129,10498,21627
20211031,7호선,강남구청,5918,6350,12268
20211031,7호선,건대입구,8021,8377,16398
20211031,7호선,고속터미널,13183,8152,21335
20211031,7호선,공릉,6433,6548,12981
20211031,7호선,광명사거리,12323,12063,24386
20211031,7호선,군자,7655,6124,13779
20211031,7호선,굴포천,4830,4929,9759
20211031,7호선,까치울,4355,4321,8676
20211031,7호선,남구로,6451,6264,12715
20211031,7호선,남성,5263,5155,10418
20211031,7호선,내방,4971,5118,10089
20211031,7호선,노원,10759,11002,21761
20211031,7호선,논현,5863,6143,12006
20211031,7호선,대림,6994,6470,13464
20211031,7호선,도봉산,6809,9957,16766
20211031,7호선,뚝섬유원지,7928,7129,15057
20211031,7호선,마들,6157,5753,11910
20211031,7호선,먹골,5691,5600,11291
20211031,7호선,면목,8062,7879,15941
20211031,7호선,반포,2799,2730,5529
20211031,7호선,보라매,4169,4184,8353
20211031,7호선,부천시청,7201,6938,14139
20211031,7호선,부천종합운동장,2445,2246,4691
20211031,7호선,부평구청,3528,3142,6670
20211031,7호선,사가정,9321,9094,18415
20211031,7호선,삼산체육관,2694,2541,5235
20211031,7호선,상도,5168,5181,10349
20211031,7호선,상동,7462,7298,14760
20211031,7호선,상봉,9691,9105,18796
20211031,7호선,수락산,8430,8456,16886
20211031,7호선,숭실대입구,5605,6024,11629
20211031,7호선,신대방삼거리,7565,7620,15185
20211031,7호선,신중동,6700,6652,13352
20211031,7호선,신풍,5949,5759,11708
20211031,7호선,어린이대공원,8520,8597,17117
20211031,7호선,온수,3925,4049,7974
20211031,7호선,용마산,3265,3632,6897
20211031,7호선,이수,8352,8054,16406
20211031,7호선,장승배기,4597,4518,9115
20211031,7호선,장암,1489,1115,2604
20211031,7호선,중계,6974,6480,13454
20211031,7호선,중곡,5204,4971,10175
20211031,7호선,중화,5492,5394,10886
20211031,7호선,천왕,4811,4701,9512
20211031,7호선,철산,10396,10234,20630
20211031,7호선,청담,6657,7218,13875
20211031,7호선,춘의,3475,3328,6803
20211031,7호선,태릉입구,5007,4762,9769
20211031,7호선,하계,9215,8879,18094
20211031,7호선,학동,6117,6504,12621
20211106,7호선,가산디지털단지,15367,14178,29545
20211106,7호선,강남구청,10368,11453,21821
20211106,7호선,건대입구,10735,11689,22424
20211106,7호선,고속터미널,15216,12069,27285
20211106,7호선,공릉,9106,8835,17941
20211106,7호선,광명사거리,17560,17323,34883
20211106,7호선,군자,10744,7825,18569
20211106,7호선,굴포천,6934,6981,13915
20211106,7호선,까치울,6003,5852,11855
20211106,7호선,남구로,8370,8624,16994
20211106,7호선,남성,7837,7152,14989
20211106,7호선,내방,7854,7676,15530
20211106,7호선,노원,15674,16728,32402
20211106,7호선,논현,11400,12568,23968
20211106,7호선,대림,7090,7602,14692
20211106,7호선,도봉산,7715,10868,18583
20211106,7호선,뚝섬유원지,9838,9193,19031
20211106,7호선,마들,9649,8653,18302
20211106,7호선,먹골,8316,7916,16232
20211106,7호선,면목,11456,10849,22305
20211106,7호선,반포,4631,4332,8963
20211106,7호선,보라매,6696,6399,13095
20211106,7호선,부천시청,9955,9834,19789
20211106,7호선,부천종합운동장,3436,3009,6445
20211106,7호선,부평구청,5173,4478,9651
20211106,7호선,사가정,13046,12328,25374
20211106,7호선,삼산체육관,4027,3669,7696
20211106,7호선,상도,7609,6968,14577
20211106,7호선,상동,11250,11419,22669
20211106,7호선,상봉,13934,13166,27100
20211106,7호선,수락산,10880,10292,21172
20211106,7호선,숭실대입구,8506,8213,16719
20211106,7호선,신대방삼거리,11922,10844,22766
20211106,7호선,신중동,9968,10189,20157
20211106,7호선,신풍,8559,7957,16516
20211106,7호선,어린이대공원,11216,10875,22091
20211106,7호선,온수,6006,5831,11837
20211106,7호선,용마산,4697,4693,9390
20211106,7호선,이수,12187,11576,23763
20211106,7호선,장승배기,6955,6480,13435
20211106,7호선,장암,1718,1289,3007
20211106,7호선,중계,9780,8674,18454
20211106,7호선,중곡,7238,6760,13998
20211106,7호선,중화,8124,7543,15667
20211106,7호선,천왕,7333,6721,14054
20211106,7호선,철산,15841,15963,31804
20211106,7호선,청담,11644,12770,24414
20211106,7호선,춘의,5395,5102,10497
20211106,7호선,태릉입구,6844,6300,13144
20211106,7호선,하계,13039,11789,24828
20211106,7호선,학동,12006,12636,24642
20211107,7호선,가산디지털단지,11290,10627,21917
20211107,7호선,강남구청,5884,6561,12445
20211107,7호선,건대입구,7727,8208,15935
20211107,7호선,고속터미널,13720,8685,22405
20211107,7호선,공릉,6629,6656,13285
20211107,7호선,광명사거리,12778,12496,25274
20211107,7호선,군자,7986,6206,14192
20211107,7호선,굴포천,4852,4858,9710
20211107,7호선,까치울,4548,4441,8989
20211107,7호선,남구로,6669,6622,13291
20211107,7호선,남성,5487,5292,10779
20211107,7호선,내방,5039,5295,10334
20211107,7호선,노원,11114,11414,22528
20211107,7호선,논현,6317,6635,12952
20211107,7호선,대림,6989,6638,13627
20211107,7호선,도봉산,6786,9992,16778
20211107,7호선,뚝섬유원지,7907,6984,14891
20211107,7호선,마들,6362,5832,12194
20211107,7호선,먹골,5689,5647,11336
20211107,7호선,면목,8071,7897,15968
20211107,7호선,반포,2969,2886,5855
20211107,7호선,보라매,4435,4573,9008
20211107,7호선,부천시청,6938,6839,13777
20211107,7호선,부천종합운동장,2566,2284,4850
20211107,7호선,부평구청,3712,3422,7134
20211107,7호선,사가정,9271,8921,18192
20211107,7호선,삼산체육관,2804,2675,5479
20211107,7호선,상도,5327,5271,10598
20211107,7호선,상동,7819,7485,15304
20211107,7호선,상봉,9739,9370,19109
20211107,7호선,수락산,8592,8540,17132
20211107,7호선,숭실대입구,5807,6249,12056
20211107,7호선,신대방삼거리,7877,7896,15773
20211107,7호선,신중동,7012,6867,13879
20211107,7호선,신풍,6218,5949,12167
20211107,7호선,어린이대공원,8729,8886,17615
20211107,7호선,온수,4327,4331,8658
20211107,7호선,용마산,3272,3756,7028
20211107,7호선,이수,8374,8247,16621
20211107,7호선,장승배기,4615,4610,9225
20211107,7호선,장암,1538,1136,2674
20211107,7호선,중계,6914,6454,13368
20211107,7호선,중곡,5252,5070,10322
20211107,7호선,중화,5724,5605,11329
20211107,7호선,천왕,4960,4788,9748
20211107,7호선,철산,10814,10853,21667
20211107,7호선,청담,6972,7380,14352
20211107,7호선,춘의,3544,3446,6990
20211107,7호선,태릉입구,5175,4676,9851
20211107,7호선,하계,9190,8680,17870
20211107,7호선,학동,6741,7332,14073
20211113,7호선,가산디지털단지,16518,15011,31529
20211113,7호선,강남구청,10104,11039,21143
20211113,7호선,건대입구,10410,11255,21665
20211113,7호선,고속터미널,15393,11835,27228
20211113,7호선,공릉,8993,8543,17536
20211113,7호선,광명사거리,17039,16773,33812
20211113,7호선,군자,10820,8138,18958
20211113,7호선,굴포천,6760,6997,13757
20211113,7호선,까치울,5645,5654,11299
20211113,7호선,남구로,8081,8529,16610
20211113,7호선,남성,7714,6905,14619
20211113,7호선,내방,7933,7786,15719
20211113,7호선,노원,15658,16331,31989
20211113,7호선,논현,11420,12830,24250
20211113,7호선,대림,6981,7666,14647
20211113,7호선,도봉산,6775,9198,15973
20211113,7호선,뚝섬유원지,7147,6677,13824
20211113,7호선,마들,8896,8375,17271
20211113,7호선,먹골,8310,8002,16312
20211113,7호선,면목,11253,10725,21978
20211113,7호선,반포,4395,4098,8493
20211113,7호선,보라매,7018,6551,13569
20211113,7호선,부천시청,9855,9655,19510
20211113,7호선,부천종합운동장,3186,2809,5995
20211113,7호선,부평구청,5148,4516,9664
20211113,7호선,사가정,12459,11893,24352
20211113,7호선,삼산체육관,3751,3374,7125
20211113,7호선,상도,7467,6618,14085
20211113,7호선,상동,11365,11799,23164
20211113,7호선,상봉,13056,12697,25753
20211113,7호선,수락산,10145,9869,20014
20211113,7호선,숭실대입구,8695,8439,17134
20211113,7호선,신대방삼거리,11426,10350,21776
20211113,7호선,신중동,9939,9923,19862
20211113,7호선,신풍,8283,7785,16068
20211113,7호선,어린이대공원,9619,9299,18918
20211113,7호선,온수,5833,5816,11649
20211113,7호선,용마산,4493,4554,9047
20211113,7호선,이수,11963,11432,23395
20211113,7호선,장승배기,6724,6228,12952
20211113,7호선,장암,1747,1283,3030
20211113,7호선,중계,9666,8449,18115
20211113,7호선,중곡,7062,6561,13623
20211113,7호선,중화,7920,7364,15284
20211113,7호선,천왕,6922,6533,13455
20211113,7호선,철산,15748,15688,31436
20211113,7호선,청담,12093,13242,25335
20211113,7호선,춘의,5139,4815,9954
20211113,7호선,태릉입구,6793,6174,12967
20211113,7호선,하계,12394,11221,23615
20211113,7호선,학동,11771,12431,24202
20211114,7호선,가산디지털단지,12066,11050,23116
20211114,7호선,강남구청,5823,6280,12103
20211114,7호선,건대입구,7627,7978,15605
20211114,7호선,고속터미널,13868,8490,22358
20211114,7호선,공릉,6531,6707,13238
20211114,7호선,광명사거리,12477,12332,24809
20211114,7호선,군자,7527,5772,13299
20211114,7호선,굴포천,4809,4790,9599
20211114,7호선,까치울,4403,4286,8689
20211114,7호선,남구로,6533,6400,12933
20211114,7호선,남성,5410,5319,10729
20211114,7호선,내방,4972,5141,10113
20211114,7호선,노원,10855,10873,21728
20211114,7호선,논현,6341,6638,12979
20211114,7호선,대림,7569,7142,14711
20211114,7호선,도봉산,5766,8227,13993
20211114,7호선,뚝섬유원지,6192,5537,11729
20211114,7호선,마들,6017,5691,11708
20211114,7호선,먹골,6018,5996,12014
20211114,7호선,면목,7857,7842,15699
20211114,7호선,반포,2792,2720,5512
20211114,7호선,보라매,4899,4944,9843
20211114,7호선,부천시청,6766,6759,13525
20211114,7호선,부천종합운동장,2404,2246,4650
20211114,7호선,부평구청,3744,3317,7061
20211114,7호선,사가정,9025,8615,17640
20211114,7호선,삼산체육관,3340,3269,6609
20211114,7호선,상도,5219,5209,10428
20211114,7호선,상동,7832,7699,15531
20211114,7호선,상봉,9182,8587,17769
20211114,7호선,수락산,8190,8058,16248
20211114,7호선,숭실대입구,5943,6402,12345
20211114,7호선,신대방삼거리,7915,7824,15739
20211114,7호선,신중동,6842,6746,13588
20211114,7호선,신풍,6260,6023,12283
20211114,7호선,어린이대공원,7287,7499,14786
20211114,7호선,온수,3976,4063,8039
20211114,7호선,용마산,3532,3770,7302
20211114,7호선,이수,8364,8179,16543
20211114,7호선,장승배기,4796,4670,9466
20211114,7호선,장암,1406,1061,2467
20211114,7호선,중계,6543,6181,12724
20211114,7호선,중곡,5096,4928,10024
20211114,7호선,중화,5542,5403,10945
20211114,7호선,천왕,4953,4734,9687
20211114,7호선,철산,10693,10563,21256
20211114,7호선,청담,6900,7519,14419
20211114,7호선,춘의,3549,3346,6895
20211114,7호선,태릉입구,4942,4513,9455
20211114,7호선,하계,9229,8721,17950
20211114,7호선,학동,6989,7749,14738
20211120,7호선,가산디지털단지,15424,13960,29384
20211120,7호선,강남구청,10124,11217,21341
20211120,7호선,건대입구,14802,14799,29601
20211120,7호선,고속터미널,15821,12292,28113
20211120,7호선,공릉,9181,8824,18005
20211120,7호선,광명사거리,16561,16412,32973
20211120,7호선,군자,10955,8156,19111
20211120,7호선,굴포천,6838,6924,13762
20211120,7호선,까치울,5619,5521,11140
20211120,7호선,남구로,8233,8655,16888
20211120,7호선,남성,7674,6816,14490
20211120,7호선,내방,7984,7808,15792
20211120,7호선,노원,16131,17052,33183
20211120,7호선,논현,11252,12453,23705
20211120,7호선,대림,7188,7863,15051
20211120,7호선,도봉산,6707,8856,15563
20211120,7호선,뚝섬유원지,7251,6733,13984
20211120,7호선,마들,9127,8214,17341
20211120,7호선,먹골,8414,8166,16580
20211120,7호선,면목,11461,10799,22260
20211120,7호선,반포,4513,4232,8745
20211120,7호선,보라매,6636,6188,12824
20211120,7호선,부천시청,9445,9283,18728
20211120,7호선,부천종합운동장,3260,2853,6113
20211120,7호선,부평구청,5042,4409,9451
20211120,7호선,사가정,12525,11916,24441
20211120,7호선,삼산체육관,3764,3362,7126
20211120,7호선,상도,7464,6775,14239
20211120,7호선,상동,11041,11345,22386
20211120,7호선,상봉,13360,12547,25907
20211120,7호선,수락산,10068,9620,19688
20211120,7호선,숭실대입구,11315,10452,21767
20211120,7호선,신대방삼거리,11434,10297,21731
20211120,7호선,신중동,9869,9969,19838
20211120,7호선,신풍,8131,7631,15762
20211120,7호선,어린이대공원,10850,10859,21709
20211120,7호선,온수,5745,5753,11498
20211120,7호선,용마산,4580,4490,9070
20211120,7호선,이수,12069,11583,23652
20211120,7호선,장승배기,6788,6410,13198
20211120,7호선,장암,1607,1139,2746
20211120,7호선,중계,10318,9098,19416
20211120,7호선,중곡,7078,6391,13469
20211120,7호선,중화,7782,7374,15156
20211120,7호선,천왕,7247,6633,13880
20211120,7호선,철산,15313,15470,30783
20211120,7호선,청담,12094,13071,25165
20211120,7호선,춘의,5181,4890,10071
20211120,7호선,태릉입구,6882,6309,13191
20211120,7호선,하계,12827,11546,24373
20211120,7호선,학동,11301,11908,23209
20211121,7호선,가산디지털단지,10885,10147,21032
20211121,7호선,강남구청,5764,6233,11997
20211121,7호선,건대입구,7432,8037,15469
20211121,7호선,고속터미널,14364,8610,22974
20211121,7호선,공릉,6330,6436,12766
20211121,7호선,광명사거리,11887,11794,23681
20211121,7호선,군자,7451,5979,13430
20211121,7호선,굴포천,4666,4735,9401
20211121,7호선,까치울,4032,3999,8031
20211121,7호선,남구로,6505,6332,12837
20211121,7호선,남성,5268,5330,10598
20211121,7호선,내방,5064,5236,10300
20211121,7호선,노원,10860,10745,21605
20211121,7호선,논현,6098,6637,12735
20211121,7호선,대림,6967,6612,13579
20211121,7호선,도봉산,4888,6981,11869
20211121,7호선,뚝섬유원지,4994,4798,9792
20211121,7호선,마들,5943,5575,11518
20211121,7호선,먹골,5578,5579,11157
20211121,7호선,면목,7870,7650,15520
20211121,7호선,반포,2871,2883,5754
20211121,7호선,보라매,4222,4285,8507
20211121,7호선,부천시청,6736,6491,13227
20211121,7호선,부천종합운동장,2368,2021,4389
20211121,7호선,부평구청,3532,3116,6648
20211121,7호선,사가정,8839,8562,17401
20211121,7호선,삼산체육관,2485,2319,4804
20211121,7호선,상도,5094,5131,10225
20211121,7호선,상동,7403,7400,14803
20211121,7호선,상봉,9302,8801,18103
20211121,7호선,수락산,7571,7358,14929
20211121,7호선,숭실대입구,5634,6093,11727
20211121,7호선,신대방삼거리,7829,7664,15493
20211121,7호선,신중동,6529,6515,13044
20211121,7호선,신풍,6099,5750,11849
20211121,7호선,어린이대공원,6264,6309,12573
20211121,7호선,온수,3800,3979,7779
20211121,7호선,용마산,3125,3375,6500
20211121,7호선,이수,8349,7977,16326
20211121,7호선,장승배기,4748,4665,9413
20211121,7호선,장암,1217,872,2089
20211121,7호선,중계,6803,6277,13080
20211121,7호선,중곡,5109,4917,10026
20211121,7호선,중화,5563,5376,10939
20211121,7호선,천왕,4722,4525,9247
20211121,7호선,철산,10057,10180,20237
20211121,7호선,청담,7033,7693,14726
20211121,7호선,춘의,3456,3337,6793
20211121,7호선,태릉입구,4674,4420,9094
20211121,7호선,하계,8998,8586,17584
20211121,7호선,학동,6424,6813,13237
20211127,7호선,가산디지털단지,15662,14074,29736
20211127,7호선,강남구청,10203,11309,21512
20211127,7호선,건대입구,10789,11517,22306
20211127,7호선,고속터미널,15053,11650,26703
20211127,7호선,공릉,9132,8733,17865
20211127,7호선,광명사거리,16784,16867,33651
20211127,7호선,군자,10902,8129,19031
20211127,7호선,굴포천,6606,6820,13426
20211127,7호선,까치울,5487,5475,10962
20211127,7호선,남구로,8025,8478,16503
20211127,7호선,남성,7631,6976,14607
20211127,7호선,내방,7980,7840,15820
20211127,7호선,노원,15511,16139,31650
20211127,7호선,논현,11290,12695,23985
20211127,7호선,대림,6910,7389,14299
20211127,7호선,도봉산,6407,8717,15124
20211127,7호선,뚝섬유원지,6325,5979,12304
20211127,7호선,마들,9189,8476,17665
20211127,7호선,먹골,8253,7888,16141
20211127,7호선,면목,11290,10659,21949
20211127,7호선,반포,4512,4222,8734
20211127,7호선,보라매,6972,6409,13381
20211127,7호선,부천시청,9740,9581,19321
20211127,7호선,부천종합운동장,3318,2968,6286
20211127,7호선,부평구청,5037,4457,9494
20211127,7호선,사가정,12235,11646,23881
20211127,7호선,삼산체육관,3671,3341,7012
20211127,7호선,상도,9861,9115,18976
20211127,7호선,상동,10939,11576,22515
20211127,7호선,상봉,13222,12706,25928
20211127,7호선,수락산,10108,9549,19657
20211127,7호선,숭실대입구,8589,8356,16945
20211127,7호선,신대방삼거리,11438,10426,21864
20211127,7호선,신중동,9813,9806,19619
20211127,7호선,신풍,8059,7580,15639
20211127,7호선,어린이대공원,9927,9484,19411
20211127,7호선,온수,5658,5558,11216
20211127,7호선,용마산,4390,4537,8927
20211127,7호선,이수,12243,11518,23761
20211127,7호선,장승배기,6715,6409,13124
20211127,7호선,장암,1597,1119,2716
20211127,7호선,중계,9373,8282,17655
20211127,7호선,중곡,6972,6515,13487
20211127,7호선,중화,7768,7396,15164
20211127,7호선,천왕,7087,6450,13537
20211127,7호선,철산,15496,15867,31363
20211127,7호선,청담,11770,12889,24659
20211127,7호선,춘의,5156,4889,10045
20211127,7호선,태릉입구,6551,6047,12598
20211127,7호선,하계,12349,11164,23513
20211127,7호선,학동,11569,12349,23918
20211128,7호선,가산디지털단지,11545,10678,22223
20211128,7호선,강남구청,5803,6247,12050
20211128,7호선,건대입구,7365,7725,15090
20211128,7호선,고속터미널,13820,8488,22308
20211128,7호선,공릉,6702,6694,13396
20211128,7호선,광명사거리,12341,12258,24599
20211128,7호선,군자,7803,6092,13895
20211128,7호선,굴포천,4584,4553,9137
20211128,7호선,까치울,4030,4051,8081
20211128,7호선,남구로,6397,6172,12569
20211128,7호선,남성,5277,5250,10527
20211128,7호선,내방,5130,5350,10480
20211128,7호선,노원,10977,11195,22172
20211128,7호선,논현,6211,6645,12856
20211128,7호선,대림,6961,6596,13557
20211128,7호선,도봉산,5378,7638,13016
20211128,7호선,뚝섬유원지,5294,5017,10311
20211128,7호선,마들,5950,5597,11547
20211128,7호선,먹골,5617,5431,11048
20211128,7호선,면목,7732,7729,15461
20211128,7호선,반포,2799,2850,5649
20211128,7호선,보라매,4670,4618,9288
20211128,7호선,부천시청,6471,6478,12949
20211128,7호선,부천종합운동장,2546,2179,4725
20211128,7호선,부평구청,3486,3216,6702
20211128,7호선,사가정,9016,8635,17651
20211128,7호선,삼산체육관,2548,2389,4937
20211128,7호선,상도,6801,6612,13413
20211128,7호선,상동,7304,7159,14463
20211128,7호선,상봉,8978,8532,17510
20211128,7호선,수락산,7957,7682,15639
20211128,7호선,숭실대입구,5897,6229,12126
20211128,7호선,신대방삼거리,7880,7713,15593
20211128,7호선,신중동,6758,6590,13348
20211128,7호선,신풍,6014,5650,11664
20211128,7호선,어린이대공원,9180,8854,18034
20211128,7호선,온수,4001,3992,7993
20211128,7호선,용마산,3202,3495,6697
20211128,7호선,이수,8433,8016,16449
20211128,7호선,장승배기,4704,4641,9345
20211128,7호선,장암,1312,873,2185
20211128,7호선,중계,6574,6135,12709
20211128,7호선,중곡,4864,4778,9642
20211128,7호선,중화,5388,5324,10712
20211128,7호선,천왕,4737,4606,9343
20211128,7호선,철산,10676,10604,21280
20211128,7호선,청담,7095,7775,14870
20211128,7호선,춘의,3478,3302,6780
20211128,7호선,태릉입구,4831,4499,9330
20211128,7호선,하계,8989,8603,17592
20211128,7호선,학동,6773,7199,13972
20211204,7호선,가산디지털단지,14861,13409,28270
20211204,7호선,강남구청,9916,11035,20951
20211204,7호선,건대입구,10011,10577,20588
20211204,7호선,고속터미널,13522,10773,24295
20211204,7호선,공릉,8344,8243,16587
20211204,7호선,광명사거리,16369,16418,32787
20211204,7호선,군자,10116,7665,17781
20211204,7호선,굴포천,6492,6575,13067
20211204,7호선,까치울,5152,5183,10335
20211204,7호선,남구로,7893,8255,16148
20211204,7호선,남성,7405,6771,14176
20211204,7호선,내방,7508,7349,14857
20211204,7호선,노원,14687,15287,29974
20211204,7호선,논현,10859,12234,23093
20211204,7호선,대림,6603,7060,13663
20211204,7호선,도봉산,6020,8109,14129
20211204,7호선,뚝섬유원지,5889,5528,11417
20211204,7호선,마들,8593,7887,16480
20211204,7호선,먹골,7701,7311,15012
20211204,7호선,면목,11187,10616,21803
20211204,7호선,반포,4255,3841,8096
20211204,7호선,보라매,6251,5999,12250
20211204,7호선,부천시청,9367,9239,18606
20211204,7호선,부천종합운동장,3196,2857,6053
20211204,7호선,부평구청,4811,4097,8908
20211204,7호선,사가정,11933,11544,23477
20211204,7호선,삼산체육관,3339,3139,6478
20211204,7호선,상도,7185,6541,13726
20211204,7호선,상동,10269,10495,20764
20211204,7호선,상봉,12806,12051,24857
20211204,7호선,수락산,9374,9114,18488
20211204,7호선,숭실대입구,7722,7556,15278
20211204,7호선,신대방삼거리,11040,10067,21107
20211204,7호선,신중동,9371,9531,18902
20211204,7호선,신풍,7669,7288,14957
20211204,7호선,어린이대공원,8423,8226,16649
20211204,7호선,온수,5378,5375,10753
20211204,7호선,용마산,4199,4109,8308
20211204,7호선,이수,11783,11016,22799
20211204,7호선,장승배기,6366,6032,12398
20211204,7호선,장암,1571,1063,2634
20211204,7호선,중계,8899,7747,16646
20211204,7호선,중곡,6750,6282,13032
20211204,7호선,중화,7311,7015,14326
20211204,7호선,천왕,6694,6150,12844
20211204,7호선,철산,14467,14702,29169
20211204,7호선,청담,11051,12088,23139
20211204,7호선,춘의,5025,4763,9788
20211204,7호선,태릉입구,6353,5699,12052
20211204,7호선,하계,11568,10651,22219
20211204,7호선,학동,10991,11706,22697
20211205,7호선,가산디지털단지,10543,9756,20299
20211205,7호선,강남구청,5851,6327,12178
20211205,7호선,건대입구,7308,7468,14776
20211205,7호선,고속터미널,11749,7641,19390
20211205,7호선,공릉,6028,6057,12085
20211205,7호선,광명사거리,11852,11648,23500
20211205,7호선,군자,7100,5769,12869
20211205,7호선,굴포천,4426,4409,8835
20211205,7호선,까치울,3794,3750,7544
20211205,7호선,남구로,6087,5959,12046
20211205,7호선,남성,5087,5009,10096
20211205,7호선,내방,4765,5057,9822
20211205,7호선,노원,10243,10310,20553
20211205,7호선,논현,5709,6239,11948
20211205,7호선,대림,6183,5843,12026
20211205,7호선,도봉산,4938,7136,12074
20211205,7호선,뚝섬유원지,4488,4235,8723
20211205,7호선,마들,5648,5316,10964
20211205,7호선,먹골,5510,5312,10822
20211205,7호선,면목,7695,7649,15344
20211205,7호선,반포,2801,2856,5657
20211205,7호선,보라매,4420,4425,8845
20211205,7호선,부천시청,6429,6310,12739
20211205,7호선,부천종합운동장,2512,2315,4827
20211205,7호선,부평구청,3395,3010,6405
20211205,7호선,사가정,8500,8228,16728
20211205,7호선,삼산체육관,2489,2293,4782
20211205,7호선,상도,4905,4935,9840
20211205,7호선,상동,7018,7054,14072
20211205,7호선,상봉,9254,8740,17994
20211205,7호선,수락산,7445,7363,14808
20211205,7호선,숭실대입구,5300,5619,10919
20211205,7호선,신대방삼거리,7734,7653,15387
20211205,7호선,신중동,6317,6371,12688
20211205,7호선,신풍,5670,5334,11004
20211205,7호선,어린이대공원,6238,6320,12558
20211205,7호선,온수,3640,3747,7387
20211205,7호선,용마산,3240,3440,6680
20211205,7호선,이수,8014,7622,15636
20211205,7호선,장승배기,4790,4644,9434
20211205,7호선,장암,1248,851,2099
20211205,7호선,중계,6381,5844,12225
20211205,7호선,중곡,4822,4729,9551
20211205,7호선,중화,5243,5242,10485
20211205,7호선,천왕,4784,4640,9424
20211205,7호선,철산,9681,9742,19423
20211205,7호선,청담,6282,7011,13293
20211205,7호선,춘의,3312,2955,6267
20211205,7호선,태릉입구,4624,4223,8847
20211205,7호선,하계,8493,7893,16386
20211205,7호선,학동,6461,6825,13286
20211211,7호선,가산디지털단지,14502,13059,27561
20211211,7호선,강남구청,9315,10417,19732
20211211,7호선,건대입구,9439,9829,19268
20211211,7호선,고속터미널,12744,10110,22854
20211211,7호선,공릉,7977,7826,15803
20211211,7호선,광명사거리,16345,16128,32473
20211211,7호선,군자,10103,7761,17864
20211211,7호선,굴포천,6154,6352,12506
20211211,7호선,까치울,5060,5105,10165
20211211,7호선,남구로,7750,8064,15814
20211211,7호선,남성,7397,6768,14165
20211211,7호선,내방,7416,7446,14862
20211211,7호선,노원,14465,15026,29491
20211211,7호선,논현,10668,12018,22686
20211211,7호선,대림,6348,6837,13185
20211211,7호선,도봉산,5918,8034,13952
20211211,7호선,뚝섬유원지,5605,5485,11090
20211211,7호선,마들,8381,7745,16126
20211211,7호선,먹골,7692,7382,15074
20211211,7호선,면목,11404,10805,22209
20211211,7호선,반포,4011,3793,7804
20211211,7호선,보라매,5759,5431,11190
20211211,7호선,부천시청,9005,9020,18025
20211211,7호선,부천종합운동장,3187,2902,6089
20211211,7호선,부평구청,4671,4114,8785
20211211,7호선,사가정,11811,11394,23205
20211211,7호선,삼산체육관,3353,2987,6340
20211211,7호선,상도,6776,6298,13074
20211211,7호선,상동,9959,10292,20251
20211211,7호선,상봉,12561,12116,24677
20211211,7호선,수락산,9261,9034,18295
20211211,7호선,숭실대입구,8221,7816,16037
20211211,7호선,신대방삼거리,10843,10028,20871
20211211,7호선,신중동,9186,9194,18380
20211211,7호선,신풍,7409,7054,14463
20211211,7호선,어린이대공원,7772,7556,15328
20211211,7호선,온수,5367,5139,10506
20211211,7호선,용마산,4210,4024,8234
20211211,7호선,이수,11455,10590,22045
20211211,7호선,장승배기,6307,5988,12295
20211211,7호선,장암,1440,956,2396
20211211,7호선,중계,8673,7659,16332
20211211,7호선,중곡,6666,6291,12957
20211211,7호선,중화,7207,6883,14090
20211211,7호선,천왕,6476,6076,12552
20211211,7호선,철산,14859,15286,30145
20211211,7호선,청담,10620,11685,22305
20211211,7호선,춘의,4934,4648,9582
20211211,7호선,태릉입구,6181,5633,11814
20211211,7호선,하계,11204,10046,21250
20211211,7호선,학동,10893,11723,22616
20211212,7호선,가산디지털단지,10122,9331,19453
20211212,7호선,강남구청,5577,6131,11708
20211212,7호선,건대입구,6950,6870,13820
20211212,7호선,고속터미널,11004,7159,18163
20211212,7호선,공릉,5558,5730,11288
20211212,7호선,광명사거리,11472,11351,22823
20211212,7호선,군자,6904,5541,12445
20211212,7호선,굴포천,4266,4358,8624
20211212,7호선,까치울,3775,3692,7467
20211212,7호선,남구로,6004,5901,11905
20211212,7호선,남성,5030,4921,9951
20211212,7호선,내방,4653,4953,9606
20211212,7호선,노원,10239,10070,20309
20211212,7호선,논현,5689,6206,11895
20211212,7호선,대림,6061,5681,11742
20211212,7호선,도봉산,4441,6712,11153
20211212,7호선,뚝섬유원지,4232,4087,8319
20211212,7호선,마들,5290,5129,10419
20211212,7호선,먹골,5194,5209,10403
20211212,7호선,면목,7434,7434,14868
20211212,7호선,반포,2535,2457,4992
20211212,7호선,보라매,3871,3862,7733
20211212,7호선,부천시청,6344,6126,12470
20211212,7호선,부천종합운동장,2384,2166,4550
20211212,7호선,부평구청,3187,2845,6032
20211212,7호선,사가정,8015,7732,15747
20211212,7호선,삼산체육관,2315,2293,4608
20211212,7호선,상도,4570,4633,9203
20211212,7호선,상동,6961,6791,13752
20211212,7호선,상봉,8523,7862,16385
20211212,7호선,수락산,7394,7235,14629
20211212,7호선,숭실대입구,4986,5457,10443
20211212,7호선,신대방삼거리,7418,7350,14768
20211212,7호선,신중동,6261,6286,12547
20211212,7호선,신풍,5491,5253,10744
20211212,7호선,어린이대공원,5864,5969,11833
20211212,7호선,온수,3560,3663,7223
20211212,7호선,용마산,2866,3072,5938
20211212,7호선,이수,7575,7099,14674
20211212,7호선,장승배기,4425,4307,8732
20211212,7호선,장암,1210,794,2004
20211212,7호선,중계,5927,5624,11551
20211212,7호선,중곡,4871,4715,9586
20211212,7호선,중화,5071,4925,9996
20211212,7호선,천왕,4353,4283,8636
20211212,7호선,철산,9953,10021,19974
20211212,7호선,청담,6457,6987,13444
20211212,7호선,춘의,3076,2996,6072
20211212,7호선,태릉입구,4511,4064,8575
20211212,7호선,하계,8073,7664,15737
20211212,7호선,학동,6339,6677,13016
20211218,7호선,가산디지털단지,14292,12470,26762
20211218,7호선,강남구청,10304,10585,20889
20211218,7호선,건대입구,10698,10791,21489
20211218,7호선,고속터미널,12594,9793,22387
20211218,7호선,공릉,8135,8064,16199
20211218,7호선,광명사거리,15249,15493,30742
20211218,7호선,군자,9996,7809,17805
20211218,7호선,굴포천,7133,7457,14590
20211218,7호선,까치울,4677,4975,9652
20211218,7호선,남구로,7886,8303,16189
20211218,7호선,남성,7342,7107,14449
20211218,7호선,내방,7477,7410,14887
20211218,7호선,노원,15007,15091,30098
20211218,7호선,논현,11577,11352,22929
20211218,7호선,대림,6289,6650,12939
20211218,7호선,도봉산,5689,7144,12833
20211218,7호선,뚝섬유원지,4958,4915,9873
20211218,7호선,마들,7953,7759,15712
20211218,7호선,먹골,7555,7601,15156
20211218,7호선,면목,10034,10432,20466
20211218,7호선,반포,4195,3880,8075
20211218,7호선,보라매,6068,5670,11738
20211218,7호선,부천시청,10495,10170,20665
20211218,7호선,부천종합운동장,3178,2900,6078
20211218,7호선,부평구청,4880,4567,9447
20211218,7호선,사가정,10925,11063,21988
20211218,7호선,삼산체육관,3792,3660,7452
20211218,7호선,상도,6735,6638,13373
20211218,7호선,상동,11561,11546,23107
20211218,7호선,상봉,12557,12093,24650
20211218,7호선,수락산,8461,8455,16916
20211218,7호선,숭실대입구,7878,7939,15817
20211218,7호선,신대방삼거리,10698,10236,20934
20211218,7호선,신중동,10010,10105,20115
20211218,7호선,신풍,7062,7071,14133
20211218,7호선,어린이대공원,8961,8501,17462
20211218,7호선,온수,5008,5240,10248
20211218,7호선,용마산,3878,3991,7869
20211218,7호선,이수,11499,10776,22275
20211218,7호선,장승배기,6241,6032,12273
20211218,7호선,장암,1316,733,2049
20211218,7호선,중계,8200,7697,15897
20211218,7호선,중곡,6537,6453,12990
20211218,7호선,중화,6846,6949,13795
20211218,7호선,천왕,6141,6025,12166
20211218,7호선,철산,14338,14627,28965
20211218,7호선,청담,11850,11942,23792
20211218,7호선,춘의,5235,5029,10264
20211218,7호선,태릉입구,5939,5504,11443
20211218,7호선,하계,10842,10475,21317
20211218,7호선,학동,11999,12036,24035
20211219,7호선,가산디지털단지,9874,9387,19261
20211219,7호선,강남구청,5578,6238,11816
20211219,7호선,건대입구,7877,7989,15866
20211219,7호선,고속터미널,10522,7234,17756
20211219,7호선,공릉,6144,6163,12307
20211219,7호선,광명사거리,11373,11366,22739
20211219,7호선,군자,7106,5640,12746
20211219,7호선,굴포천,4720,4815,9535
20211219,7호선,까치울,3645,3754,7399
20211219,7호선,남구로,6156,5913,12069
20211219,7호선,남성,5088,5039,10127
20211219,7호선,내방,4920,4996,9916
20211219,7호선,노원,10507,10345,20852
20211219,7호선,논현,5630,6191,11821
20211219,7호선,대림,5778,5492,11270
20211219,7호선,도봉산,4934,6283,11217
20211219,7호선,뚝섬유원지,3861,3696,7557
20211219,7호선,마들,5674,5299,10973
20211219,7호선,먹골,5142,5109,10251
20211219,7호선,면목,7292,7056,14348
20211219,7호선,반포,2697,2634,5331
20211219,7호선,보라매,4013,3959,7972
20211219,7호선,부천시청,7103,6872,13975
20211219,7호선,부천종합운동장,2461,2174,4635
20211219,7호선,부평구청,3573,3165,6738
20211219,7호선,사가정,8098,8010,16108
20211219,7호선,삼산체육관,2521,2347,4868
20211219,7호선,상도,4928,4842,9770
20211219,7호선,상동,7352,7319,14671
20211219,7호선,상봉,8805,8536,17341
20211219,7호선,수락산,6992,6841,13833
20211219,7호선,숭실대입구,5170,5438,10608
20211219,7호선,신대방삼거리,7463,7420,14883
20211219,7호선,신중동,6755,6660,13415
20211219,7호선,신풍,5510,5254,10764
20211219,7호선,어린이대공원,6752,6546,13298
20211219,7호선,온수,3671,3719,7390
20211219,7호선,용마산,2959,2975,5934
20211219,7호선,이수,8332,7930,16262
20211219,7호선,장승배기,4741,4785,9526
20211219,7호선,장암,1031,644,1675
20211219,7호선,중계,5979,5641,11620
20211219,7호선,중곡,5041,4882,9923
20211219,7호선,중화,5214,4971,10185
20211219,7호선,천왕,4573,4497,9070
20211219,7호선,철산,9911,9788,19699
20211219,7호선,청담,6371,6901,13272
20211219,7호선,춘의,3394,3194,6588
20211219,7호선,태릉입구,4393,4107,8500
20211219,7호선,하계,8578,8233,16811
20211219,7호선,학동,6463,7014,13477
20211225,7호선,가산디지털단지,10964,9432,20396
20211225,7호선,강남구청,5219,5743,10962
20211225,7호선,건대입구,9928,10045,19973
20211225,7호선,고속터미널,8761,6943,15704
20211225,7호선,공릉,6813,6653,13466
20211225,7호선,광명사거리,12353,12265,24618
20211225,7호선,군자,7891,6120,14011
20211225,7호선,굴포천,4923,5318,10241
20211225,7호선,까치울,3714,3819,7533
20211225,7호선,남구로,6315,6509,12824
20211225,7호선,남성,5378,5126,10504
20211225,7호선,내방,5063,5078,10141
20211225,7호선,노원,12918,12837,25755
20211225,7호선,논현,5850,6416,12266
20211225,7호선,대림,5856,6025,11881
20211225,7호선,도봉산,4069,5697,9766
20211225,7호선,뚝섬유원지,3818,3664,7482
20211225,7호선,마들,6306,6071,12377
20211225,7호선,먹골,5677,5567,11244
20211225,7호선,면목,8196,8059,16255
20211225,7호선,반포,2786,2620,5406
20211225,7호선,보라매,4078,3902,7980
20211225,7호선,부천시청,7971,7852,15823
20211225,7호선,부천종합운동장,2223,1990,4213
20211225,7호선,부평구청,3512,3326,6838
20211225,7호선,사가정,8820,8579,17399
20211225,7호선,삼산체육관,2703,2600,5303
20211225,7호선,상도,5228,4877,10105
20211225,7호선,상동,7679,7602,15281
20211225,7호선,상봉,10097,9610,19707
20211225,7호선,수락산,6911,6742,13653
20211225,7호선,숭실대입구,5308,5322,10630
20211225,7호선,신대방삼거리,8008,7752,15760
20211225,7호선,신중동,7238,7083,14321
20211225,7호선,신풍,5525,5315,10840
20211225,7호선,어린이대공원,6241,6015,12256
20211225,7호선,온수,3715,3764,7479
20211225,7호선,용마산,3156,3186,6342
20211225,7호선,이수,8228,7706,15934
20211225,7호선,장승배기,4552,4375,8927
20211225,7호선,장암,850,591,1441
20211225,7호선,중계,6463,6020,12483
20211225,7호선,중곡,5426,5103,10529
20211225,7호선,중화,5584,5480,11064
20211225,7호선,천왕,4816,4667,9483
20211225,7호선,철산,11017,11275,22292
20211225,7호선,청담,6517,7445,13962
20211225,7호선,춘의,3530,3432,6962
20211225,7호선,태릉입구,4553,4344,8897
20211225,7호선,하계,8782,8403,17185
20211225,7호선,학동,6031,6394,12425
20211226,7호선,가산디지털단지,8561,7501,16062
20211226,7호선,강남구청,4260,4495,8755
20211226,7호선,건대입구,6565,6679,13244
20211226,7호선,고속터미널,9838,6154,15992
20211226,7호선,공릉,5015,5263,10278
20211226,7호선,광명사거리,9438,9469,18907
20211226,7호선,군자,6073,4909,10982
20211226,7호선,굴포천,3769,3821,7590
20211226,7호선,까치울,2940,3071,6011
20211226,7호선,남구로,5418,5235,10653
20211226,7호선,남성,4382,4361,8743
20211226,7호선,내방,4032,4364,8396
20211226,7호선,노원,9610,9274,18884
20211226,7호선,논현,4635,5038,9673
20211226,7호선,대림,5349,5023,10372
20211226,7호선,도봉산,3403,4866,8269
20211226,7호선,뚝섬유원지,3008,3001,6009
20211226,7호선,마들,4701,4498,9199
20211226,7호선,먹골,4306,4383,8689
20211226,7호선,면목,6339,6437,12776
20211226,7호선,반포,2225,2190,4415
20211226,7호선,보라매,3274,3311,6585
20211226,7호선,부천시청,5561,5278,10839
20211226,7호선,부천종합운동장,1809,1665,3474
20211226,7호선,부평구청,2769,2615,5384
20211226,7호선,사가정,6709,6792,13501
20211226,7호선,삼산체육관,2072,2018,4090
20211226,7호선,상도,4167,4207,8374
20211226,7호선,상동,5930,5652,11582
20211226,7호선,상봉,7434,6831,14265
20211226,7호선,수락산,5771,5691,11462
20211226,7호선,숭실대입구,4314,4784,9098
20211226,7호선,신대방삼거리,6383,6428,12811
20211226,7호선,신중동,5389,5360,10749
20211226,7호선,신풍,4601,4403,9004
20211226,7호선,어린이대공원,4967,5098,10065
20211226,7호선,온수,2957,3095,6052
20211226,7호선,용마산,2486,2640,5126
20211226,7호선,이수,6589,6234,12823
20211226,7호선,장승배기,3841,3823,7664
20211226,7호선,장암,742,507,1249
20211226,7호선,중계,5276,4998,10274
20211226,7호선,중곡,4176,4323,8499
20211226,7호선,중화,4507,4393,8900
20211226,7호선,천왕,3793,3654,7447
20211226,7호선,철산,8012,8407,16419
20211226,7호선,청담,5554,6156,11710
20211226,7호선,춘의,2769,2723,5492
20211226,7호선,태릉입구,3691,3421,7112
20211226,7호선,하계,7202,6966,14168
20211226,7호선,학동,4857,5121,9978
