사용월,호선명,지하철역,승차총승객수,하차총승객수,승하차총승객수
202101,3호선,대화,4616,4245,8861
202101,3호선,주엽,3317,3324,6641
202101,3호선,정발산,3419,3487,6906
202101,3호선,마두,2883,2841,5724
202101,3호선,백석,4388,4521,8909
202101,3호선,대곡,644,478,1122
202101,3호선,화정,7146,7424,14570
202101,3호선,원당,4470,4325,8795
202101,3호선,삼송,7405,7365,14770
202101,3호선,원흥,3623,3453,7076
202101,3호선,오금,1902,1808,3710
202101,3호선,경찰병원,2064,2069,4133
202101,3호선,가락시장,3162,3202,6364
202101,3호선,수서,6183,5716,11899
202101,3호선,일원,2316,2331,4647
202101,3호선,대청,2996,2847,5843
202101,3호선,학여울,572,540,1112
202101,3호선,대치,4091,3847,7938
202101,3호선,도곡,1718,1670,3388
202101,3호선,매봉,3152,3082,6234
202101,3호선,양재,8731,9797,18528
202101,3호선,남부터미널,9634,9188,18822
202101,3호선,교대,2723,1843,4566
202101,3호선,고속터미널,23856,21535,45391
202101,3호선,잠원,1565,1568,3133
202101,3호선,신사,12035,12344,24379
202101,3호선,압구정,13628,13960,27588
202101,3호선,옥수,3599,3680,7279
202101,3호선,금호,3345,3257,6602
202101,3호선,약수,4961,4890,9851
202101,3호선,동대입구,2828,3273,6101
202101,3호선,충무로,2,0,2
202101,3호선,을지로3가,2082,2103,4185
202101,3호선,종로3가,2200,3036,5236
202101,3호선,안국,4235,4545,8780
202101,3호선,경복궁,5520,5715,11235
202101,3호선,독립문,2958,3232,6190
202101,3호선,무악재,1414,1489,2903
202101,3호선,홍제,7206,7060,14266
202101,3호선,녹번,5162,4780,9942
202101,3호선,불광,7531,8485,16016
202101,3호선,연신내,17233,16303,33536
202101,3호선,구파발,8041,8127,16168
202101,3호선,지축,1184,1177,2361
202101,3호선,원흥,2701,2665,5366
202101,3호선,삼송,5645,5626,11271
202101,3호선,원당,3545,3321,6866
202101,3호선,화정,5239,5319,10558
202101,3호선,대곡,518,463,981
202101,3호선,백석,3377,3349,6726
202101,3호선,마두,1843,1849,3692
202101,3호선,정발산,2631,2559,5190
202101,3호선,주엽,2373,949,3322
202101,3호선,대화,3603,3297,6900
202101,3호선,약수,3523,3512,7035
202101,3호선,오금,1379,1337,2716
202101,3호선,경찰병원,1536,1612,3148
202101,3호선,가락시장,2291,2498,4789
202101,3호선,수서,5413,4996,10409
202101,3호선,일원,1784,1952,3736
202101,3호선,대청,2254,2244,4498
202101,3호선,학여울,436,428,864
202101,3호선,대치,2667,2514,5181
202101,3호선,도곡,1076,1196,2272
202101,3호선,매봉,2197,2267,4464
202101,3호선,양재,6236,7731,13967
202101,3호선,남부터미널,8597,7712,16309
202101,3호선,교대,1797,1278,3075
202101,3호선,고속터미널,25617,19273,44890
202101,3호선,잠원,1115,1183,2298
202101,3호선,신사,6411,6654,13065
202101,3호선,압구정,6934,7381,14315
202101,3호선,옥수,2645,2925,5570
202101,3호선,금호,2494,2377,4871
202101,3호선,동대입구,2374,2817,5191
202101,3호선,을지로3가,1195,1163,2358
202101,3호선,종로3가,1459,1887,3346
202101,3호선,안국,3288,3496,6784
202101,3호선,경복궁,4169,4406,8575
202101,3호선,독립문,2196,2446,4642
202101,3호선,무악재,1070,1122,2192
202101,3호선,홍제,5102,4978,10080
202101,3호선,녹번,3859,3599,7458
202101,3호선,불광,5886,6639,12525
202101,3호선,연신내,12780,12211,24991
202101,3호선,구파발,6026,6407,12433
202101,3호선,지축,853,872,1725
202101,3호선,대화,5316,5010,10326
202101,3호선,주엽,3653,3607,7260
202101,3호선,정발산,3609,3695,7304
202101,3호선,마두,3078,3113,6191
202101,3호선,백석,4916,5132,10048
202101,3호선,대곡,681,581,1262
202101,3호선,화정,7879,8243,16122
202101,3호선,원당,5024,4830,9854
202101,3호선,삼송,8452,8427,16879
202101,3호선,원흥,4077,3907,7984
202101,3호선,오금,2397,2252,4649
202101,3호선,경찰병원,2814,2717,5531
202101,3호선,가락시장,4385,4016,8401
202101,3호선,수서,7502,7631,15133
202101,3호선,일원,3653,3565,7218
202101,3호선,대청,3860,3568,7428
202101,3호선,학여울,809,788,1597
202101,3호선,대치,5580,5200,10780
202101,3호선,도곡,2264,2234,4498
202101,3호선,매봉,4000,3851,7851
202101,3호선,양재,12243,13151,25394
202101,3호선,남부터미널,12584,12628,25212
202101,3호선,교대,3958,2464,6422
202101,3호선,고속터미널,28566,28244,56810
202101,3호선,잠원,2187,2012,4199
202101,3호선,신사,16581,16975,33556
202101,3호선,압구정,17258,17460,34718
202101,3호선,옥수,4153,4337,8490
202101,3호선,금호,3977,3722,7699
202101,3호선,약수,6102,5720,11822
202101,3호선,동대입구,2935,3145,6080
202101,3호선,을지로3가,2947,3198,6145
202101,3호선,종로3가,2791,3670,6461
202101,3호선,안국,5362,5784,11146
202101,3호선,경복궁,6056,5991,12047
202101,3호선,독립문,3189,3245,6434
202101,3호선,무악재,1758,1781,3539
202101,3호선,홍제,8332,8123,16455
202101,3호선,녹번,6500,5730,12230
202101,3호선,불광,8082,9168,17250
202101,3호선,연신내,19367,18600,37967
202101,3호선,구파발,9151,9183,18334
202101,3호선,지축,1290,1321,2611
202101,3호선,지축,926,906,1832
202101,3호선,구파발,6049,6270,12319
202101,3호선,연신내,13286,12627,25913
202101,3호선,불광,5814,6551,12365
202101,3호선,녹번,4077,3753,7830
202101,3호선,무악재,1112,1162,2274
202101,3호선,대화,3783,3549,7332
202101,3호선,주엽,2429,2394,4823
202101,3호선,정발산,2723,2664,5387
202101,3호선,마두,1903,1905,3808
202101,3호선,백석,3586,3509,7095
202101,3호선,대곡,528,395,923
202101,3호선,화정,5534,5747,11281
202101,3호선,원당,3622,3568,7190
202101,3호선,삼송,6259,6203,12462
202101,3호선,원흥,2809,2714,5523
202101,3호선,홍제,5427,5306,10733
202101,3호선,오금,1679,1636,3315
202101,3호선,경찰병원,1673,1680,3353
202101,3호선,가락시장,2193,2416,4609
202101,3호선,수서,5559,5521,11080
202101,3호선,일원,2092,2275,4367
202101,3호선,대청,2542,2400,4942
202101,3호선,학여울,529,530,1059
202101,3호선,대치,3146,2984,6130
202101,3호선,도곡,1169,1233,2402
202101,3호선,매봉,2539,2571,5110
202101,3호선,양재,7309,8558,15867
202101,3호선,남부터미널,8132,8433,16565
202101,3호선,교대,2153,1502,3655
202101,3호선,고속터미널,22270,21035,43305
202101,3호선,잠원,1189,1231,2420
202101,3호선,신사,7995,8190,16185
202101,3호선,압구정,7621,7828,15449
202101,3호선,옥수,2819,3098,5917
202101,3호선,금호,2673,2619,5292
202101,3호선,약수,3774,3689,7463
202101,3호선,동대입구,5938,5922,11860
202101,3호선,을지로3가,1423,1390,2813
202101,3호선,종로3가,1715,2168,3883
202101,3호선,안국,3727,3854,7581
202101,3호선,경복궁,4190,4281,8471
202101,3호선,독립문,2146,2278,4424
202101,3호선,잠원,2232,2123,4355
202101,3호선,지축,1660,1645,3305
202101,3호선,구파발,10653,10639,21292
202101,3호선,연신내,22721,21735,44456
202101,3호선,불광,9721,11117,20838
202101,3호선,녹번,7364,6580,13944
202101,3호선,홍제,9566,9267,18833
202101,3호선,무악재,2021,2101,4122
202101,3호선,독립문,3808,4088,7896
202101,3호선,경복궁,7648,7681,15329
202101,3호선,안국,6727,7309,14036
202101,3호선,종로3가,3258,4511,7769
202101,3호선,을지로3가,3258,3556,6814
202101,3호선,충무로,2,0,2
202101,3호선,동대입구,3586,4033,7619
202101,3호선,약수,6968,6551,13519
202101,3호선,금호,4418,4223,8641
202101,3호선,옥수,4846,5058,9904
202101,3호선,압구정,18539,19027,37566
202101,3호선,신사,18234,18623,36857
202101,3호선,고속터미널,31694,32232,63926
202101,3호선,교대,4462,2730,7192
202101,3호선,남부터미널,14420,14490,28910
202101,3호선,양재,13424,14409,27833
202101,3호선,매봉,4263,4281,8544
202101,3호선,도곡,2346,2307,4653
202101,3호선,대치,5718,5307,11025
202101,3호선,학여울,856,806,1662
202101,3호선,대청,4214,3802,8016
202101,3호선,일원,3417,3466,6883
202101,3호선,수서,8154,8149,16303
202101,3호선,가락시장,4780,4485,9265
202101,3호선,경찰병원,2915,2889,5804
202101,3호선,오금,2637,2436,5073
202101,3호선,원흥,4738,4465,9203
202101,3호선,삼송,9997,9824,19821
202101,3호선,원당,5918,5902,11820
202101,3호선,화정,9258,9710,18968
202101,3호선,대곡,815,637,1452
202101,3호선,백석,5677,5902,11579
202101,3호선,마두,3695,3795,7490
202101,3호선,정발산,4440,4459,8899
202101,3호선,주엽,4412,4532,8944
202101,3호선,대화,6259,5649,11908
202101,3호선,대화,4243,4002,8245
202101,3호선,주엽,2857,2812,5669
202101,3호선,정발산,3140,3027,6167
202101,3호선,마두,2214,2162,4376
202101,3호선,백석,3977,3865,7842
202101,3호선,대곡,600,458,1058
202101,3호선,화정,6355,6441,12796
202101,3호선,원당,4088,3967,8055
202101,3호선,삼송,6859,6631,13490
202101,3호선,원흥,3196,3126,6322
202101,3호선,지축,1119,1066,2185
202101,3호선,구파발,7396,7603,14999
202101,3호선,연신내,14894,14154,29048
202101,3호선,불광,6574,7557,14131
202101,3호선,녹번,4561,4177,8738
202101,3호선,홍제,5943,5903,11846
202101,3호선,무악재,1171,1293,2464
202101,3호선,독립문,2494,2720,5214
202101,3호선,경복궁,5170,5189,10359
202101,3호선,안국,4396,4743,9139
202101,3호선,종로3가,1834,2473,4307
202101,3호선,을지로3가,1559,1590,3149
202101,3호선,동대입구,2585,3025,5610
202101,3호선,약수,4120,4027,8147
202101,3호선,금호,2886,2920,5806
202101,3호선,옥수,3106,3453,6559
202101,3호선,압구정,8611,8840,17451
202101,3호선,신사,9224,9188,18412
202101,3호선,잠원,1335,1406,2741
202101,3호선,고속터미널,25846,23623,49469
202101,3호선,교대,2493,1581,4074
202101,3호선,남부터미널,9242,9421,18663
202101,3호선,양재,8053,9482,17535
202101,3호선,매봉,2600,2608,5208
202101,3호선,도곡,1356,1425,2781
202101,3호선,대치,3333,3187,6520
202101,3호선,학여울,575,601,1176
202101,3호선,대청,2637,2577,5214
202101,3호선,일원,2153,2422,4575
202101,3호선,수서,6090,5908,11998
202101,3호선,가락시장,2743,2907,5650
202101,3호선,경찰병원,1868,1945,3813
202101,3호선,오금,1696,1687,3383
202101,3호선,지축,1912,1817,3729
202101,3호선,구파발,11657,11686,23343
202101,3호선,연신내,24696,23233,47929
202101,3호선,불광,10436,11839,22275
202101,3호선,녹번,7923,6997,14920
202101,3호선,홍제,10459,9847,20306
202101,3호선,무악재,2151,2214,4365
202101,3호선,독립문,4394,4562,8956
202101,3호선,경복궁,9980,10203,20183
202101,3호선,안국,8627,9939,18566
202101,3호선,종로3가,3756,5651,9407
202101,3호선,을지로3가,3656,4085,7741
202101,3호선,충무로,1,0,1
202101,3호선,동대입구,4063,4656,8719
202101,3호선,약수,7556,7176,14732
202101,3호선,금호,5052,4628,9680
202101,3호선,옥수,5637,5751,11388
202101,3호선,압구정,20544,21095,41639
202101,3호선,신사,21044,21455,42499
202101,3호선,잠원,2594,2460,5054
202101,3호선,고속터미널,33398,34387,67785
202101,3호선,교대,4939,2989,7928
202101,3호선,남부터미널,15383,15529,30912
202101,3호선,양재,15216,16542,31758
202101,3호선,매봉,4710,4588,9298
202101,3호선,도곡,2668,2607,5275
202101,3호선,대치,7037,6227,13264
202101,3호선,학여울,884,828,1712
202101,3호선,대청,4558,4241,8799
202101,3호선,일원,3906,3861,7767
202101,3호선,수서,8618,8752,17370
202101,3호선,가락시장,5110,4938,10048
202101,3호선,경찰병원,3098,3011,6109
202101,3호선,오금,2801,2832,5633
202101,3호선,원흥,5136,5083,10219
202101,3호선,삼송,10913,10742,21655
202101,3호선,원당,6629,6344,12973
202101,3호선,화정,10223,10701,20924
202101,3호선,대곡,916,779,1695
202101,3호선,백석,6270,6398,12668
202101,3호선,마두,3983,4058,8041
202101,3호선,정발산,4879,4854,9733
202101,3호선,주엽,5036,5071,10107
202101,3호선,대화,6647,6214,12861
202101,3호선,지축,1273,1196,2469
202101,3호선,구파발,8295,8334,16629
202101,3호선,연신내,17441,16321,33762
202101,3호선,불광,7635,9019,16654
202101,3호선,녹번,5168,4677,9845
202101,3호선,홍제,6919,6655,13574
202101,3호선,무악재,1429,1528,2957
202101,3호선,독립문,3102,3475,6577
202101,3호선,경복궁,7286,7653,14939
202101,3호선,안국,6439,7079,13518
202101,3호선,종로3가,2247,3270,5517
202101,3호선,을지로3가,1900,1915,3815
202101,3호선,동대입구,3430,4038,7468
202101,3호선,약수,5089,4812,9901
202101,3호선,금호,3377,3349,6726
202101,3호선,옥수,4069,4253,8322
202101,3호선,압구정,10073,10382,20455
202101,3호선,신사,10927,11078,22005
202101,3호선,잠원,1852,1846,3698
202101,3호선,고속터미널,28080,25914,53994
202101,3호선,교대,2892,1822,4714
202101,3호선,남부터미널,10322,10667,20989
202101,3호선,양재,9336,10978,20314
202101,3호선,매봉,3283,3253,6536
202101,3호선,도곡,1477,1444,2921
202101,3호선,대치,4378,3920,8298
202101,3호선,학여울,590,560,1150
202101,3호선,대청,3028,2922,5950
202101,3호선,일원,2695,2760,5455
202101,3호선,수서,6465,6497,12962
202101,3호선,가락시장,2868,3113,5981
202101,3호선,경찰병원,2002,2154,4156
202101,3호선,오금,2134,2109,4243
202101,3호선,원흥,3734,3555,7289
202101,3호선,삼송,7985,7872,15857
202101,3호선,원당,4777,4625,9402
202101,3호선,화정,6998,7269,14267
202101,3호선,대곡,691,579,1270
202101,3호선,백석,4466,4356,8822
202101,3호선,마두,2544,2540,5084
202101,3호선,정발산,3772,3711,7483
202101,3호선,주엽,3279,3207,6486
202101,3호선,대화,4555,4260,8815
202101,3호선,지축,2024,1892,3916
202101,3호선,구파발,11906,11853,23759
202101,3호선,연신내,24939,23784,48723
202101,3호선,불광,10663,11960,22623
202101,3호선,녹번,7878,7113,14991
202101,3호선,홍제,10583,10081,20664
202101,3호선,무악재,2238,2212,4450
202101,3호선,독립문,4380,4564,8944
202101,3호선,경복궁,9838,9996,19834
202101,3호선,안국,8994,10222,19216
202101,3호선,종로3가,4092,5632,9724
202101,3호선,을지로3가,3675,4129,7804
202101,3호선,충무로,2,0,2
202101,3호선,동대입구,3913,4316,8229
202101,3호선,약수,7529,7133,14662
202101,3호선,금호,5106,4738,9844
202101,3호선,옥수,5771,5825,11596
202101,3호선,압구정,21194,21791,42985
202101,3호선,신사,21771,22059,43830
202101,3호선,잠원,2570,2583,5153
202101,3호선,고속터미널,35084,35475,70559
202101,3호선,교대,5039,3047,8086
202101,3호선,남부터미널,15367,15497,30864
202101,3호선,양재,14876,16317,31193
202101,3호선,매봉,4785,4673,9458
202101,3호선,도곡,2538,2520,5058
202101,3호선,대치,7352,6461,13813
202101,3호선,학여울,877,843,1720
202101,3호선,대청,4533,4161,8694
202101,3호선,일원,3734,3699,7433
202101,3호선,수서,8872,9036,17908
202101,3호선,가락시장,5467,5195,10662
202101,3호선,경찰병원,3222,3134,6356
202101,3호선,오금,2909,2705,5614
202101,3호선,원흥,5174,5010,10184
202101,3호선,삼송,11080,11068,22148
202101,3호선,원당,6545,6405,12950
202101,3호선,화정,10364,10870,21234
202101,3호선,대곡,982,743,1725
202101,3호선,백석,6337,6290,12627
202101,3호선,마두,4067,4128,8195
202101,3호선,정발산,4892,5068,9960
202101,3호선,주엽,5098,5072,10170
202101,3호선,대화,6636,6020,12656
202101,3호선,지축,1264,1239,2503
202101,3호선,구파발,8543,8819,17362
202101,3호선,연신내,17581,16698,34279
202101,3호선,불광,7784,8959,16743
202101,3호선,녹번,5335,4887,10222
202101,3호선,홍제,6972,6697,13669
202101,3호선,무악재,1406,1517,2923
202101,3호선,독립문,3067,3268,6335
202101,3호선,경복궁,7176,7422,14598
202101,3호선,안국,6309,7041,13350
202101,3호선,종로3가,2430,3294,5724
202101,3호선,을지로3가,2061,1991,4052
202101,3호선,동대입구,3051,3482,6533
202101,3호선,약수,5049,4928,9977
202101,3호선,금호,3329,3243,6572
202101,3호선,옥수,3761,4187,7948
202101,3호선,압구정,10793,11037,21830
202101,3호선,신사,11326,11384,22710
202101,3호선,잠원,1617,1661,3278
202101,3호선,고속터미널,28289,26155,54444
202101,3호선,교대,2973,1904,4877
202101,3호선,남부터미널,10469,10867,21336
202101,3호선,양재,9296,11113,20409
202101,3호선,매봉,3273,3247,6520
202101,3호선,도곡,1445,1581,3026
202101,3호선,대치,4367,3908,8275
202101,3호선,학여울,603,624,1227
202101,3호선,대청,3031,2918,5949
202101,3호선,일원,2520,2728,5248
202101,3호선,수서,6779,6764,13543
202101,3호선,가락시장,3039,3283,6322
202101,3호선,경찰병원,2169,2163,4332
202101,3호선,오금,1958,1943,3901
202101,3호선,원흥,3715,3641,7356
202101,3호선,삼송,8242,7953,16195
202101,3호선,원당,4686,4544,9230
202101,3호선,화정,7233,7538,14771
202101,3호선,대곡,717,529,1246
202101,3호선,백석,4550,4341,8891
202101,3호선,마두,2580,2607,5187
202101,3호선,정발산,3740,3744,7484
202101,3호선,주엽,3353,3416,6769
202101,3호선,대화,4750,4256,9006
202102,3호선,지축,2036,1959,3995
202102,3호선,구파발,12830,12737,25567
202102,3호선,연신내,26207,24835,51042
202102,3호선,불광,11305,12617,23922
202102,3호선,녹번,8440,7327,15767
202102,3호선,홍제,11041,10588,21629
202102,3호선,무악재,2334,2383,4717
202102,3호선,독립문,4770,4855,9625
202102,3호선,경복궁,10820,11366,22186
202102,3호선,안국,9785,11379,21164
202102,3호선,종로3가,4313,6204,10517
202102,3호선,을지로3가,3910,4224,8134
202102,3호선,동대입구,4446,4991,9437
202102,3호선,약수,8147,7632,15779
202102,3호선,금호,5189,4921,10110
202102,3호선,옥수,5992,6003,11995
202102,3호선,압구정,23378,23855,47233
202102,3호선,신사,22708,23184,45892
202102,3호선,잠원,2931,2779,5710
202102,3호선,고속터미널,36983,37371,74354
202102,3호선,교대,5561,3348,8909
202102,3호선,남부터미널,16451,16897,33348
202102,3호선,양재,16508,17734,34242
202102,3호선,매봉,5017,4749,9766
202102,3호선,도곡,2716,2666,5382
202102,3호선,대치,7767,6950,14717
202102,3호선,학여울,935,929,1864
202102,3호선,대청,4859,4540,9399
202102,3호선,일원,4330,4290,8620
202102,3호선,수서,9415,9504,18919
202102,3호선,가락시장,5828,5588,11416
202102,3호선,경찰병원,3400,3295,6695
202102,3호선,오금,2967,2910,5877
202102,3호선,대화,7013,6488,13501
202102,3호선,주엽,5455,5453,10908
202102,3호선,정발산,5216,5292,10508
202102,3호선,마두,4164,4286,8450
202102,3호선,백석,6524,6657,13181
202102,3호선,대곡,986,858,1844
202102,3호선,화정,10868,11239,22107
202102,3호선,원당,6837,6751,13588
202102,3호선,삼송,11719,11740,23459
202102,3호선,원흥,5612,5459,11071
202102,3호선,대화,4957,4660,9617
202102,3호선,주엽,3621,3553,7174
202102,3호선,정발산,4011,3920,7931
202102,3호선,마두,2716,2703,5419
202102,3호선,백석,4690,4665,9355
202102,3호선,대곡,779,602,1381
202102,3호선,화정,7526,7711,15237
202102,3호선,원당,5033,4882,9915
202102,3호선,삼송,8676,8560,17236
202102,3호선,원흥,3909,3814,7723
202102,3호선,오금,2108,2072,4180
202102,3호선,경찰병원,2113,2275,4388
202102,3호선,가락시장,3302,3567,6869
202102,3호선,수서,6877,7003,13880
202102,3호선,일원,2882,3027,5909
202102,3호선,대청,3220,3078,6298
202102,3호선,학여울,655,625,1280
202102,3호선,대치,4748,4365,9113
202102,3호선,도곡,1569,1524,3093
202102,3호선,매봉,3433,3438,6871
202102,3호선,양재,9889,11379,21268
202102,3호선,남부터미널,10207,10946,21153
202102,3호선,교대,3178,1966,5144
202102,3호선,고속터미널,29290,28652,57942
202102,3호선,잠원,1901,1921,3822
202102,3호선,신사,12160,12042,24202
202102,3호선,압구정,11789,12037,23826
202102,3호선,옥수,4106,4411,8517
202102,3호선,금호,3563,3367,6930
202102,3호선,약수,5370,5143,10513
202102,3호선,동대입구,3470,3806,7276
202102,3호선,충무로,1,0,1
202102,3호선,을지로3가,2071,2158,4229
202102,3호선,종로3가,2700,3546,6246
202102,3호선,안국,6818,7295,14113
202102,3호선,경복궁,8151,8164,16315
202102,3호선,독립문,3398,3611,7009
202102,3호선,무악재,1518,1620,3138
202102,3호선,홍제,7332,7097,14429
202102,3호선,녹번,5401,4884,10285
202102,3호선,불광,8104,9201,17305
202102,3호선,연신내,18313,17252,35565
202102,3호선,구파발,8901,9133,18034
202102,3호선,지축,1358,1362,2720
202102,3호선,대화,5231,4796,10027
202102,3호선,주엽,3541,3465,7006
202102,3호선,정발산,4346,4580,8926
202102,3호선,마두,2941,2896,5837
202102,3호선,백석,4792,4688,9480
202102,3호선,지축,1491,1394,2885
202102,3호선,구파발,9258,9711,18969
202102,3호선,연신내,18465,17604,36069
202102,3호선,불광,7881,9430,17311
202102,3호선,녹번,5288,4928,10216
202102,3호선,홍제,7099,6914,14013
202102,3호선,무악재,1526,1592,3118
202102,3호선,독립문,3254,3880,7134
202102,3호선,경복궁,9652,11422,21074
202102,3호선,안국,7867,9304,17171
202102,3호선,종로3가,2782,4529,7311
202102,3호선,을지로3가,2122,2172,4294
202102,3호선,동대입구,3577,4412,7989
202102,3호선,약수,4772,4865,9637
202102,3호선,금호,3473,3222,6695
202102,3호선,옥수,4250,4377,8627
202102,3호선,압구정,8367,8992,17359
202102,3호선,신사,11256,12248,23504
202102,3호선,잠원,1808,1822,3630
202102,3호선,고속터미널,39503,24201,63704
202102,3호선,교대,2799,1814,4613
202102,3호선,남부터미널,12652,9760,22412
202102,3호선,양재,8369,9644,18013
202102,3호선,매봉,2979,2974,5953
202102,3호선,도곡,1548,1519,3067
202102,3호선,대치,4164,3689,7853
202102,3호선,학여울,547,499,1046
202102,3호선,대청,2943,2908,5851
202102,3호선,일원,2368,2422,4790
202102,3호선,수서,6849,5866,12715
202102,3호선,가락시장,2987,2941,5928
202102,3호선,경찰병원,2034,2190,4224
202102,3호선,오금,1862,1778,3640
202102,3호선,원흥,3853,3759,7612
202102,3호선,삼송,9150,8977,18127
202102,3호선,원당,5201,4901,10102
202102,3호선,화정,8166,8449,16615
202102,3호선,대곡,773,615,1388
202102,3호선,원흥,3772,3608,7380
202102,3호선,삼송,8314,8245,16559
202102,3호선,원당,4914,4709,9623
202102,3호선,화정,7507,7675,15182
202102,3호선,대곡,746,549,1295
202102,3호선,백석,4575,4467,9042
202102,3호선,마두,2632,2662,5294
202102,3호선,정발산,4054,3995,8049
202102,3호선,주엽,3253,3165,6418
202102,3호선,대화,4784,4480,9264
202102,3호선,오금,1948,1961,3909
202102,3호선,경찰병원,1970,2198,4168
202102,3호선,가락시장,2713,2916,5629
202102,3호선,수서,7123,6324,13447
202102,3호선,일원,2402,2547,4949
202102,3호선,대청,2998,3023,6021
202102,3호선,학여울,576,571,1147
202102,3호선,대치,4158,3728,7886
202102,3호선,도곡,1499,1484,2983
202102,3호선,매봉,3017,3133,6150
202102,3호선,양재,8257,10513,18770
202102,3호선,남부터미널,15042,11753,26795
202102,3호선,교대,2852,1931,4783
202102,3호선,고속터미널,46854,27780,74634
202102,3호선,잠원,1685,1715,3400
202102,3호선,신사,10572,11320,21892
202102,3호선,압구정,10794,11273,22067
202102,3호선,옥수,4100,4500,8600
202102,3호선,금호,3478,3319,6797
202102,3호선,약수,4869,5051,9920
202102,3호선,동대입구,3405,4067,7472
202102,3호선,을지로3가,2036,1977,4013
202102,3호선,종로3가,2597,3710,6307
202102,3호선,안국,6589,7727,14316
202102,3호선,경복궁,7701,8539,16240
202102,3호선,독립문,3086,3539,6625
202102,3호선,무악재,1505,1622,3127
202102,3호선,홍제,6807,6787,13594
202102,3호선,녹번,5133,4802,9935
202102,3호선,불광,7694,9133,16827
202102,3호선,연신내,17114,16748,33862
202102,3호선,구파발,8439,8799,17238
202102,3호선,지축,1369,1239,2608
202102,3호선,원흥,5877,5624,11501
202102,3호선,삼송,12615,12273,24888
202102,3호선,원당,7361,7014,14375
202102,3호선,화정,11574,12092,23666
202102,3호선,대곡,1119,940,2059
202102,3호선,백석,6878,6885,13763
202102,3호선,마두,4462,4606,9068
202102,3호선,정발산,5945,6164,12109
202102,3호선,주엽,5534,5507,11041
202102,3호선,대화,7408,6711,14119
202102,3호선,오금,3241,3124,6365
202102,3호선,경찰병원,3606,3471,7077
202102,3호선,가락시장,5640,5440,11080
202102,3호선,수서,10647,11096,21743
202102,3호선,일원,4455,4418,8873
202102,3호선,대청,5247,4931,10178
202102,3호선,학여울,1278,1238,2516
202102,3호선,대치,8351,7375,15726
202102,3호선,도곡,3211,3168,6379
202102,3호선,매봉,5513,5214,10727
202102,3호선,양재,17705,18879,36584
202102,3호선,남부터미널,18640,18891,37531
202102,3호선,무악재,2477,2585,5062
202102,3호선,홍제,11737,11159,22896
202102,3호선,녹번,8948,7710,16658
202102,3호선,교대,5706,3508,9214
202102,3호선,고속터미널,41778,41188,82966
202102,3호선,잠원,3212,3138,6350
202102,3호선,신사,25595,26337,51932
202102,3호선,압구정,24003,24852,48855
202102,3호선,옥수,6517,6709,13226
202102,3호선,금호,5736,5184,10920
202102,3호선,약수,8289,7975,16264
202102,3호선,동대입구,4886,5528,10414
202102,3호선,충무로,1,0,1
202102,3호선,지축,2301,2203,4504
202102,3호선,구파발,13511,13594,27105
202102,3호선,연신내,27778,26046,53824
202102,3호선,불광,11876,13566,25442
202102,3호선,독립문,5014,5393,10407
202102,3호선,경복궁,12634,13252,25886
202102,3호선,안국,11864,13670,25534
202102,3호선,종로3가,5032,7239,12271
202102,3호선,을지로3가,4365,4803,9168
202102,3호선,대화,5484,4960,10444
202102,3호선,주엽,3835,3679,7514
202102,3호선,정발산,4504,4434,8938
202102,3호선,마두,2973,3024,5997
202102,3호선,백석,5022,4964,9986
202102,3호선,대곡,918,702,1620
202102,3호선,화정,8196,8483,16679
202102,3호선,원당,5496,5307,10803
202102,3호선,삼송,9089,9016,18105
202102,3호선,원흥,4181,3979,8160
202102,3호선,오금,2353,2314,4667
202102,3호선,경찰병원,2468,2445,4913
202102,3호선,가락시장,3452,3625,7077
202102,3호선,수서,8497,8426,16923
202102,3호선,일원,2927,3086,6013
202102,3호선,대청,3584,3466,7050
202102,3호선,학여울,873,872,1745
202102,3호선,대치,5072,4541,9613
202102,3호선,도곡,1750,1804,3554
202102,3호선,매봉,3661,3699,7360
202102,3호선,양재,11138,12863,24001
202102,3호선,남부터미널,11974,12683,24657
202102,3호선,교대,3541,2066,5607
202102,3호선,고속터미널,32519,30583,63102
202102,3호선,잠원,2188,2279,4467
202102,3호선,신사,13724,13892,27616
202102,3호선,압구정,12346,12679,25025
202102,3호선,옥수,4554,4817,9371
202102,3호선,지축,1619,1476,3095
202102,3호선,구파발,9644,9842,19486
202102,3호선,연신내,19666,18636,38302
202102,3호선,불광,8293,10053,18346
202102,3호선,녹번,5908,5426,11334
202102,3호선,홍제,7811,7578,15389
202102,3호선,무악재,1586,1788,3374
202102,3호선,독립문,3668,4259,7927
202102,3호선,경복궁,9317,9911,19228
202102,3호선,안국,8096,9171,17267
202102,3호선,종로3가,3249,4676,7925
202102,3호선,을지로3가,2403,2344,4747
202102,3호선,동대입구,3946,4651,8597
202102,3호선,약수,5807,5613,11420
202102,3호선,금호,3847,3663,7510
202102,3호선,지축,2363,2261,4624
202102,3호선,구파발,14033,13816,27849
202102,3호선,연신내,28642,26953,55595
202102,3호선,불광,12369,13988,26357
202102,3호선,녹번,9145,7997,17142
202102,3호선,홍제,12152,11330,23482
202102,3호선,무악재,2445,2493,4938
202102,3호선,독립문,5342,5872,11214
202102,3호선,경복궁,13348,14486,27834
202102,3호선,안국,12124,14050,26174
202102,3호선,종로3가,4972,7357,12329
202102,3호선,을지로3가,4543,5077,9620
202102,3호선,동대입구,5170,5946,11116
202102,3호선,약수,8624,8126,16750
202102,3호선,금호,5808,5251,11059
202102,3호선,옥수,6848,6922,13770
202102,3호선,압구정,24487,25075,49562
202102,3호선,신사,25333,25843,51176
202102,3호선,잠원,3594,3564,7158
202102,3호선,고속터미널,44514,47278,91792
202102,3호선,교대,6068,3661,9729
202102,3호선,남부터미널,19978,20825,40803
202102,3호선,양재,18127,19512,37639
202102,3호선,매봉,5512,5342,10854
202102,3호선,도곡,3162,3183,6345
202102,3호선,대치,8910,7871,16781
202102,3호선,학여울,1987,2039,4026
202102,3호선,대청,5293,4788,10081
202102,3호선,일원,4327,4202,8529
202102,3호선,수서,11364,12004,23368
202102,3호선,가락시장,5898,5629,11527
202102,3호선,경찰병원,3775,3704,7479
202102,3호선,오금,3714,3493,7207
202102,3호선,원흥,6294,6024,12318
202102,3호선,삼송,13195,12671,25866
202102,3호선,원당,7833,7445,15278
202102,3호선,화정,11958,12344,24302
202102,3호선,대곡,1242,1020,2262
202102,3호선,백석,7151,7267,14418
202102,3호선,마두,4645,4798,9443
202102,3호선,정발산,6040,6278,12318
202102,3호선,주엽,5835,5726,11561
202102,3호선,대화,7841,7051,14892
202102,3호선,지축,1784,1687,3471
202102,3호선,구파발,10582,10887,21469
202102,3호선,연신내,21202,19925,41127
202102,3호선,불광,9546,11290,20836
202102,3호선,녹번,6368,5677,12045
202102,3호선,홍제,8572,8149,16721
202102,3호선,무악재,1676,1847,3523
202102,3호선,독립문,4276,4968,9244
202102,3호선,경복궁,10517,11621,22138
202102,3호선,안국,9157,10541,19698
202102,3호선,종로3가,3496,5217,8713
202102,3호선,을지로3가,2867,2935,5802
202102,3호선,동대입구,4474,5091,9565
202102,3호선,약수,6274,5944,12218
202102,3호선,금호,4145,3862,8007
202102,3호선,옥수,4963,5246,10209
202102,3호선,압구정,13293,13929,27222
202102,3호선,신사,14293,14705,28998
202102,3호선,잠원,2255,2243,4498
202102,3호선,고속터미널,34902,33509,68411
202102,3호선,교대,3840,2304,6144
202102,3호선,남부터미널,13057,13065,26122
202102,3호선,양재,11603,12865,24468
202102,3호선,매봉,3704,3750,7454
202102,3호선,도곡,1757,1909,3666
202102,3호선,대치,5483,4786,10269
202102,3호선,학여울,1700,1868,3568
202102,3호선,대청,3692,3495,7187
202102,3호선,일원,3180,3168,6348
202102,3호선,수서,8651,8236,16887
202102,3호선,가락시장,3414,3786,7200
202102,3호선,경찰병원,2505,2530,5035
202102,3호선,오금,2367,2476,4843
202102,3호선,원흥,4675,4509,9184
202102,3호선,삼송,9927,9656,19583
202102,3호선,원당,5800,5521,11321
202102,3호선,화정,9043,9460,18503
202102,3호선,대곡,908,765,1673
202102,3호선,백석,5257,5342,10599
202102,3호선,마두,3175,3223,6398
202102,3호선,정발산,4769,4866,9635
202102,3호선,주엽,3932,3974,7906
202102,3호선,대화,5888,5314,11202
202103,3호선,지축,2431,2461,4892
202103,3호선,구파발,14479,14548,29027
202103,3호선,연신내,29040,27023,56063
202103,3호선,불광,12378,14202,26580
202103,3호선,녹번,9406,8377,17783
202103,3호선,홍제,12572,12071,24643
202103,3호선,무악재,2503,2742,5245
202103,3호선,독립문,5321,5816,11137
202103,3호선,경복궁,13685,14013,27698
202103,3호선,안국,12319,13624,25943
202103,3호선,종로3가,5314,7505,12819
202103,3호선,을지로3가,4612,5193,9805
202103,3호선,충무로,1,0,1
202103,3호선,동대입구,5085,5715,10800
202103,3호선,약수,8807,8228,17035
202103,3호선,금호,5825,5413,11238
202103,3호선,옥수,6876,6865,13741
202103,3호선,압구정,24179,25038,49217
202103,3호선,신사,25173,25543,50716
202103,3호선,잠원,3747,3663,7410
202103,3호선,고속터미널,42823,42520,85343
202103,3호선,교대,6268,3705,9973
202103,3호선,남부터미널,19360,19375,38735
202103,3호선,양재,18446,20113,38559
202103,3호선,매봉,5526,5303,10829
202103,3호선,도곡,3303,3279,6582
202103,3호선,대치,8855,7898,16753
202103,3호선,학여울,1147,1184,2331
202103,3호선,대청,5334,5017,10351
202103,3호선,일원,4265,4257,8522
202103,3호선,수서,10991,11351,22342
202103,3호선,가락시장,6019,5696,11715
202103,3호선,경찰병원,3821,3603,7424
202103,3호선,오금,3450,3228,6678
202103,3호선,원흥,6313,6091,12404
202103,3호선,지축,1,0,1
202103,3호선,삼송,12756,12497,25253
202103,3호선,원당,7969,7693,15662
202103,3호선,화정,12130,12536,24666
202103,3호선,대곡,1217,1048,2265
202103,3호선,백석,7093,7269,14362
202103,3호선,마두,4836,4894,9730
202103,3호선,정발산,6052,6233,12285
202103,3호선,주엽,5774,5879,11653
202103,3호선,대화,8208,7486,15694
202103,3호선,대화,5800,5301,11101
202103,3호선,주엽,3900,3796,7696
202103,3호선,정발산,4633,4584,9217
202103,3호선,마두,3160,3201,6361
202103,3호선,백석,5076,5005,10081
202103,3호선,대곡,996,741,1737
202103,3호선,화정,8559,8931,17490
202103,3호선,원당,5778,5536,11314
202103,3호선,삼송,9456,9318,18774
202103,3호선,원흥,4549,4452,9001
202103,3호선,오금,2665,2655,5320
202103,3호선,경찰병원,2606,2566,5172
202103,3호선,가락시장,3592,3806,7398
202103,3호선,수서,8799,8707,17506
202103,3호선,일원,2933,3078,6011
202103,3호선,대청,3712,3553,7265
202103,3호선,학여울,779,774,1553
202103,3호선,대치,5486,4823,10309
202103,3호선,도곡,1900,1982,3882
202103,3호선,매봉,3780,3902,7682
202103,3호선,양재,12068,14045,26113
202103,3호선,남부터미널,12149,12878,25027
202103,3호선,교대,3621,2300,5921
202103,3호선,고속터미널,33636,32105,65741
202103,3호선,잠원,2140,2116,4256
202103,3호선,신사,13036,12958,25994
202103,3호선,압구정,12682,13104,25786
202103,3호선,옥수,4825,5193,10018
202103,3호선,금호,4064,3857,7921
202103,3호선,약수,6047,5785,11832
202103,3호선,동대입구,4144,4824,8968
202103,3호선,충무로,1,0,1
202103,3호선,을지로3가,2505,2517,5022
202103,3호선,종로3가,3383,4522,7905
202103,3호선,안국,8370,9291,17661
202103,3호선,경복궁,9365,9920,19285
202103,3호선,독립문,3781,4253,8034
202103,3호선,무악재,1719,1920,3639
202103,3호선,홍제,8258,8084,16342
202103,3호선,녹번,6210,5689,11899
202103,3호선,불광,9286,10740,20026
202103,3호선,연신내,20804,19451,40255
202103,3호선,구파발,10698,11044,21742
202103,3호선,지축,1759,1586,3345
202103,3호선,원흥,6660,6278,12938
202103,3호선,삼송,13180,12834,26014
202103,3호선,지축,2532,2441,4973
202103,3호선,구파발,14435,14602,29037
202103,3호선,연신내,29358,27644,57002
202103,3호선,불광,12591,14490,27081
202103,3호선,녹번,9631,8533,18164
202103,3호선,홍제,12627,11921,24548
202103,3호선,무악재,2645,2885,5530
202103,3호선,독립문,5518,6113,11631
202103,3호선,경복궁,13718,14308,28026
202103,3호선,안국,13288,15046,28334
202103,3호선,종로3가,5421,8040,13461
202103,3호선,을지로3가,4913,5361,10274
202103,3호선,충무로,1,0,1
202103,3호선,동대입구,5663,6495,12158
202103,3호선,약수,8788,8226,17014
202103,3호선,금호,6071,5425,11496
202103,3호선,옥수,7006,7172,14178
202103,3호선,압구정,24233,25443,49676
202103,3호선,신사,25608,26229,51837
202103,3호선,잠원,3603,3501,7104
202103,3호선,고속터미널,45132,45280,90412
202103,3호선,교대,6571,3969,10540
202103,3호선,남부터미널,19785,19974,39759
202103,3호선,양재,19350,20903,40253
202103,3호선,매봉,5609,5401,11010
202103,3호선,도곡,3410,3401,6811
202103,3호선,대치,8961,7952,16913
202103,3호선,학여울,3001,3263,6264
202103,3호선,대청,5399,4924,10323
202103,3호선,일원,4320,4314,8634
202103,3호선,수서,11847,11904,23751
202103,3호선,가락시장,6148,5764,11912
202103,3호선,경찰병원,3816,3702,7518
202103,3호선,오금,3801,3771,7572
202103,3호선,원당,8007,7750,15757
202103,3호선,화정,12229,12876,25105
202103,3호선,대곡,1278,1050,2328
202103,3호선,백석,7343,7468,14811
202103,3호선,마두,4960,4901,9861
202103,3호선,정발산,6478,6637,13115
202103,3호선,주엽,6028,5932,11960
202103,3호선,대화,8045,7179,15224
202103,3호선,오금,2413,2425,4838
202103,3호선,경찰병원,2634,2622,5256
202103,3호선,가락시장,3274,3590,6864
202103,3호선,수서,9129,8965,18094
202103,3호선,일원,3048,3199,6247
202103,3호선,대청,3676,3577,7253
202103,3호선,학여울,2235,2499,4734
202103,3호선,대치,5590,4921,10511
202103,3호선,도곡,1798,1922,3720
202103,3호선,매봉,3853,3892,7745
202103,3호선,양재,11906,13940,25846
202103,3호선,남부터미널,12909,13995,26904
202103,3호선,교대,3803,2430,6233
202103,3호선,고속터미널,36561,34745,71306
202103,3호선,잠원,2147,2200,4347
202103,3호선,신사,13473,13612,27085
202103,3호선,대화,5787,5284,11071
202103,3호선,주엽,3924,3883,7807
202103,3호선,정발산,5168,5080,10248
202103,3호선,마두,3179,3174,6353
202103,3호선,압구정,12458,13010,25468
202103,3호선,옥수,4904,5121,10025
202103,3호선,금호,4097,3902,7999
202103,3호선,약수,6238,5921,12159
202103,3호선,동대입구,4384,4903,9287
202103,3호선,대곡,1015,830,1845
202103,3호선,화정,8839,9027,17866
202103,3호선,원당,5891,5734,11625
202103,3호선,삼송,9702,9343,19045
202103,3호선,원흥,4797,4780,9577
202103,3호선,을지로3가,2646,2631,5277
202103,3호선,종로3가,3565,4992,8557
202103,3호선,안국,8874,9872,18746
202103,3호선,경복궁,9679,10046,19725
202103,3호선,독립문,3918,4329,8247
202103,3호선,무악재,1721,1970,3691
202103,3호선,홍제,8511,8176,16687
202103,3호선,녹번,6518,6024,12542
202103,3호선,불광,9274,10849,20123
202103,3호선,연신내,20638,19376,40014
202103,3호선,구파발,10493,10656,21149
202103,3호선,지축,1736,1641,3377
202103,3호선,백석,5176,5135,10311
202103,3호선,대화,8403,7750,16153
202103,3호선,주엽,5464,5485,10949
202103,3호선,정발산,5295,5453,10748
202103,3호선,마두,4568,4427,8995
202103,3호선,백석,6716,6737,13453
202103,3호선,대곡,1110,928,2038
202103,3호선,화정,11108,11494,22602
202103,3호선,원당,7244,7006,14250
202103,3호선,삼송,11905,11565,23470
202103,3호선,원흥,6005,5815,11820
202103,3호선,지축,2205,2139,4344
202103,3호선,구파발,12620,12770,25390
202103,3호선,연신내,25857,24917,50774
202103,3호선,불광,11077,12063,23140
202103,3호선,녹번,9011,7759,16770
202103,3호선,홍제,11587,10880,22467
202103,3호선,무악재,2454,2445,4899
202103,3호선,독립문,4608,4609,9217
202103,3호선,경복궁,10539,10769,21308
202103,3호선,안국,11202,12822,24024
202103,3호선,종로3가,5040,7188,12228
202103,3호선,을지로3가,4412,4920,9332
202103,3호선,동대입구,5155,5460,10615
202103,3호선,약수,8008,7549,15557
202103,3호선,금호,5401,4958,10359
202103,3호선,옥수,6280,6403,12683
202103,3호선,압구정,22880,23798,46678
202103,3호선,신사,22501,23455,45956
202103,3호선,잠원,3162,3084,6246
202103,3호선,고속터미널,43498,43569,87067
202103,3호선,교대,6239,3744,9983
202103,3호선,남부터미널,19010,19370,38380
202103,3호선,양재,18859,20271,39130
202103,3호선,매봉,5503,5204,10707
202103,3호선,도곡,3215,3242,6457
202103,3호선,대치,8666,7692,16358
202103,3호선,학여울,1038,1032,2070
202103,3호선,대청,5125,4787,9912
202103,3호선,일원,4336,4261,8597
202103,3호선,수서,11371,11508,22879
202103,3호선,가락시장,5742,5556,11298
202103,3호선,경찰병원,3652,3492,7144
202103,3호선,오금,3339,3099,6438
202103,3호선,지축,1740,1599,3339
202103,3호선,구파발,10972,11355,22327
202103,3호선,연신내,20560,19380,39940
202103,3호선,불광,9458,10760,20218
202103,3호선,녹번,6592,6002,12594
202103,3호선,홍제,8597,8421,17018
202103,3호선,무악재,1824,2025,3849
202103,3호선,독립문,3840,4480,8320
202103,3호선,경복궁,9662,9717,19379
202103,3호선,안국,9842,10761,20603
202103,3호선,종로3가,3749,4840,8589
202103,3호선,을지로3가,2659,2643,5302
202103,3호선,동대입구,4426,4942,9368
202103,3호선,금호,4148,3911,8059
202103,3호선,옥수,4865,5216,10081
202103,3호선,압구정,12479,12968,25447
202103,3호선,신사,13232,13080,26312
202103,3호선,잠원,2140,2204,4344
202103,3호선,고속터미널,37132,34791,71923
202103,3호선,교대,3935,2405,6340
202103,3호선,남부터미널,13185,13979,27164
202103,3호선,양재,12282,14399,26681
202103,3호선,매봉,3871,3856,7727
202103,3호선,도곡,1838,1911,3749
202103,3호선,대치,5394,4898,10292
202103,3호선,학여울,687,693,1380
202103,3호선,대청,3638,3626,7264
202103,3호선,일원,2982,3106,6088
202103,3호선,수서,9383,9360,18743
202103,3호선,가락시장,3681,3911,7592
202103,3호선,경찰병원,2542,2608,5150
202103,3호선,오금,2595,2527,5122
202103,3호선,화정,8847,8983,17830
202103,3호선,원당,5817,5610,11427
202103,3호선,삼송,9501,9317,18818
202103,3호선,원흥,4670,4444,9114
202103,3호선,대화,6615,6169,12784
202103,3호선,주엽,4043,3935,7978
202103,3호선,정발산,4670,4461,9131
202103,3호선,마두,3212,3236,6448
202103,3호선,백석,5434,5170,10604
202103,3호선,대곡,1012,828,1840
202103,3호선,약수,6171,5871,12042
202103,3호선,원흥,6181,5908,12089
202103,3호선,지축,1,0,1
202103,3호선,삼송,12208,11900,24108
202103,3호선,원당,7313,7102,14415
202103,3호선,화정,11510,11974,23484
202103,3호선,대곡,1122,934,2056
202103,3호선,백석,6725,7001,13726
202103,3호선,마두,4562,4775,9337
202103,3호선,정발산,5480,5535,11015
202103,3호선,주엽,5622,5609,11231
202103,3호선,대화,7864,7334,15198
202103,3호선,지축,2251,2185,4436
202103,3호선,구파발,12905,12806,25711
202103,3호선,연신내,26402,25184,51586
202103,3호선,불광,11397,12492,23889
202103,3호선,녹번,8939,7936,16875
202103,3호선,홍제,11998,11350,23348
202103,3호선,무악재,2429,2478,4907
202103,3호선,독립문,4992,5263,10255
202103,3호선,경복궁,11350,11109,22459
202103,3호선,안국,12418,13641,26059
202103,3호선,종로3가,5241,7011,12252
202103,3호선,을지로3가,4474,4789,9263
202103,3호선,충무로,1,0,1
202103,3호선,동대입구,5322,5811,11133
202103,3호선,약수,8323,7844,16167
202103,3호선,금호,5612,5235,10847
202103,3호선,옥수,6318,6520,12838
202103,3호선,압구정,23244,24268,47512
202103,3호선,신사,22961,23227,46188
202103,3호선,잠원,3064,2985,6049
202103,3호선,고속터미널,44464,44664,89128
202103,3호선,교대,6074,3777,9851
202103,3호선,남부터미널,19770,20157,39927
202103,3호선,양재,19287,20615,39902
202103,3호선,매봉,5673,5493,11166
202103,3호선,도곡,3353,3301,6654
202103,3호선,대치,8890,7782,16672
202103,3호선,학여울,1624,1705,3329
202103,3호선,대청,5094,4848,9942
202103,3호선,일원,4269,4278,8547
202103,3호선,수서,11836,12278,24114
202103,3호선,가락시장,5880,5452,11332
202103,3호선,경찰병원,3825,3762,7587
202103,3호선,오금,3510,3245,6755
202103,3호선,원흥,4355,4214,8569
202103,3호선,삼송,8558,8503,17061
202103,3호선,원당,5244,5051,10295
202103,3호선,화정,8102,8201,16303
202103,3호선,대곡,898,731,1629
202103,3호선,백석,4868,4795,9663
202103,3호선,마두,2893,2861,5754
202103,3호선,정발산,4169,4139,8308
202103,3호선,주엽,3714,3551,7265
202103,3호선,대화,5686,5216,10902
202103,3호선,오금,2277,2300,4577
202103,3호선,경찰병원,2397,2459,4856
202103,3호선,가락시장,3165,3599,6764
202103,3호선,수서,8987,8527,17514
202103,3호선,일원,2906,3172,6078
202103,3호선,대청,3559,3527,7086
202103,3호선,학여울,723,696,1419
202103,3호선,대치,5306,4742,10048
202103,3호선,도곡,1847,2142,3989
202103,3호선,매봉,3789,3770,7559
202103,3호선,양재,11241,13180,24421
202103,3호선,남부터미널,12825,13571,26396
202103,3호선,교대,3677,2253,5930
202103,3호선,고속터미널,35179,32826,68005
202103,3호선,잠원,1865,1955,3820
202103,3호선,신사,11976,11894,23870
202103,3호선,압구정,12187,12622,24809
202103,3호선,옥수,4336,4565,8901
202103,3호선,금호,3844,3717,7561
202103,3호선,약수,5789,5580,11369
202103,3호선,동대입구,4562,4864,9426
202103,3호선,을지로3가,2479,2406,4885
202103,3호선,종로3가,3419,4286,7705
202103,3호선,안국,8180,9117,17297
202103,3호선,경복궁,7680,7763,15443
202103,3호선,독립문,3384,3712,7096
202103,3호선,무악재,1563,1673,3236
202103,3호선,홍제,7747,7456,15203
202103,3호선,녹번,5947,5404,11351
202103,3호선,불광,7850,8849,16699
202103,3호선,연신내,18180,17642,35822
202103,3호선,구파발,9260,9054,18314
202103,3호선,지축,1457,1418,2875
202104,3호선,원흥,5695,5521,11216
202104,3호선,삼송,10888,10937,21825
202104,3호선,원당,6505,6312,12817
202104,3호선,화정,10208,10601,20809
202104,3호선,대곡,958,759,1717
202104,3호선,백석,6163,6264,12427
202104,3호선,마두,4214,4169,8383
202104,3호선,정발산,5499,5691,11190
202104,3호선,주엽,5004,5157,10161
202104,3호선,대화,7035,6301,13336
202104,3호선,지축,2039,2025,4064
202104,3호선,구파발,11699,11523,23222
202104,3호선,연신내,23995,22878,46873
202104,3호선,불광,10295,11014,21309
202104,3호선,녹번,8242,7284,15526
202104,3호선,홍제,10529,10145,20674
202104,3호선,무악재,2222,2344,4566
202104,3호선,독립문,4427,4502,8929
202104,3호선,경복궁,9644,9263,18907
202104,3호선,안국,9871,10759,20630
202104,3호선,종로3가,4702,6401,11103
202104,3호선,을지로3가,4128,4490,8618
202104,3호선,동대입구,5036,5255,10291
202104,3호선,약수,7715,7234,14949
202104,3호선,금호,5040,4671,9711
202104,3호선,옥수,5584,5701,11285
202104,3호선,압구정,21591,22240,43831
202104,3호선,신사,20240,20749,40989
202104,3호선,잠원,3210,3172,6382
202104,3호선,고속터미널,42696,42705,85401
202104,3호선,교대,5724,3416,9140
202104,3호선,남부터미널,17108,17165,34273
202104,3호선,양재,17196,18623,35819
202104,3호선,매봉,5322,5033,10355
202104,3호선,도곡,2925,2900,5825
202104,3호선,대치,8242,7405,15647
202104,3호선,학여울,1499,1547,3046
202104,3호선,대청,4944,4560,9504
202104,3호선,일원,3797,3895,7692
202104,3호선,수서,11225,11695,22920
202104,3호선,가락시장,5418,5096,10514
202104,3호선,경찰병원,3665,3517,7182
202104,3호선,오금,3307,3174,6481
202104,3호선,대화,5724,5259,10983
202104,3호선,주엽,4058,3971,8029
202104,3호선,정발산,5238,5202,10440
202104,3호선,마두,3224,3199,6423
202104,3호선,백석,5154,5051,10205
202104,3호선,대곡,986,773,1759
202104,3호선,화정,8697,8902,17599
202104,3호선,원당,5868,5744,11612
202104,3호선,삼송,9626,9444,19070
202104,3호선,원흥,4761,4600,9361
202104,3호선,지축,1763,1731,3494
202104,3호선,구파발,10271,10418,20689
202104,3호선,연신내,20155,19191,39346
202104,3호선,불광,8864,10147,19011
202104,3호선,녹번,6180,5670,11850
202104,3호선,홍제,8587,8329,16916
202104,3호선,무악재,1677,1789,3466
202104,3호선,독립문,3980,4458,8438
202104,3호선,경복궁,9686,9817,19503
202104,3호선,안국,9005,10065,19070
202104,3호선,종로3가,3193,4402,7595
202104,3호선,을지로3가,2655,2589,5244
202104,3호선,동대입구,5497,6425,11922
202104,3호선,약수,6083,6026,12109
202104,3호선,금호,4201,4103,8304
202104,3호선,옥수,4956,5254,10210
202104,3호선,압구정,12995,13466,26461
202104,3호선,신사,12054,11902,23956
202104,3호선,잠원,2295,2238,4533
202104,3호선,고속터미널,36416,33645,70061
202104,3호선,교대,3750,2326,6076
202104,3호선,남부터미널,11943,12713,24656
202104,3호선,양재,12009,13951,25960
202104,3호선,매봉,4128,4116,8244
202104,3호선,도곡,1866,2052,3918
202104,3호선,대치,5405,4864,10269
202104,3호선,학여울,1207,1332,2539
202104,3호선,대청,3748,3694,7442
202104,3호선,일원,3065,3308,6373
202104,3호선,수서,9320,9228,18548
202104,3호선,가락시장,3590,3803,7393
202104,3호선,경찰병원,2465,2637,5102
202104,3호선,오금,2458,2422,4880
202104,3호선,대화,8104,7180,15284
202104,3호선,주엽,6001,6072,12073
202104,3호선,정발산,6673,6854,13527
202104,3호선,마두,5025,5001,10026
202104,3호선,백석,7324,7314,14638
202104,3호선,대곡,1331,1123,2454
202104,3호선,화정,12555,13000,25555
202104,3호선,원당,8311,7961,16272
202104,3호선,삼송,13112,12733,25845
202104,3호선,원흥,6812,6557,13369
202104,3호선,경복궁,15612,16304,31916
202104,3호선,지축,2695,2650,5345
202104,3호선,구파발,14726,14596,29322
202104,3호선,연신내,29209,27359,56568
202104,3호선,불광,12552,14573,27125
202104,3호선,녹번,9569,8442,18011
202104,3호선,홍제,12842,12249,25091
202104,3호선,무악재,2725,2815,5540
202104,3호선,독립문,5970,6746,12716
202104,3호선,안국,13073,15050,28123
202104,3호선,종로3가,5499,7700,13199
202104,3호선,을지로3가,4548,5057,9605
202104,3호선,충무로,1,0,1
202104,3호선,동대입구,6414,7616,14030
202104,3호선,약수,8767,8322,17089
202104,3호선,금호,5852,5465,11317
202104,3호선,옥수,7138,7330,14468
202104,3호선,압구정,23643,24586,48229
202104,3호선,신사,24477,25010,49487
202104,3호선,잠원,3724,3671,7395
202104,3호선,고속터미널,46911,47160,94071
202104,3호선,교대,6356,3827,10183
202104,3호선,남부터미널,19106,19531,38637
202104,3호선,양재,20198,22008,42206
202104,3호선,매봉,5855,5644,11499
202104,3호선,도곡,3522,3548,7070
202104,3호선,대치,8387,7653,16040
202104,3호선,학여울,1163,1128,2291
202104,3호선,대청,5419,5087,10506
202104,3호선,일원,4509,4455,8964
202104,3호선,수서,12261,12724,24985
202104,3호선,가락시장,6076,5877,11953
202104,3호선,경찰병원,4069,3941,8010
202104,3호선,오금,3625,3379,7004
202104,3호선,오금,2518,2562,5080
202104,3호선,경찰병원,2497,2562,5059
202104,3호선,가락시장,3464,3737,7201
202104,3호선,수서,9530,9289,18819
202104,3호선,일원,3156,3479,6635
202104,3호선,대청,3701,3663,7364
202104,3호선,학여울,713,694,1407
202104,3호선,대치,5466,4864,10330
202104,3호선,도곡,1828,1968,3796
202104,3호선,매봉,4094,4120,8214
202104,3호선,양재,12105,14197,26302
202104,3호선,남부터미널,13191,13593,26784
202104,3호선,교대,3791,2410,6201
202104,3호선,고속터미널,37507,33795,71302
202104,3호선,잠원,2253,2262,4515
202104,3호선,신사,13098,13062,26160
202104,3호선,압구정,12757,13109,25866
202104,3호선,옥수,5052,5309,10361
202104,3호선,금호,4169,4017,8186
202104,3호선,약수,6222,5887,12109
202104,3호선,동대입구,5289,6113,11402
202104,3호선,을지로3가,2723,2571,5294
202104,3호선,종로3가,3445,4448,7893
202104,3호선,안국,8814,9654,18468
202104,3호선,경복궁,10601,11423,22024
202104,3호선,독립문,4236,4889,9125
202104,3호선,무악재,1813,1954,3767
202104,3호선,홍제,8774,8485,17259
202104,3호선,녹번,6492,5891,12383
202104,3호선,불광,9283,11183,20466
202104,3호선,연신내,21227,19775,41002
202104,3호선,구파발,10999,10986,21985
202104,3호선,지축,1800,1769,3569
202104,3호선,원흥,4833,4712,9545
202104,3호선,삼송,9746,9609,19355
202104,3호선,원당,6172,5883,12055
202104,3호선,화정,8910,9157,18067
202104,3호선,대곡,1082,822,1904
202104,3호선,백석,5229,5191,10420
202104,3호선,마두,3255,3309,6564
202104,3호선,정발산,5057,4989,10046
202104,3호선,주엽,4241,4098,8339
202104,3호선,대화,5888,5232,11120
202104,3호선,오금,3592,3479,7071
202104,3호선,경찰병원,3820,3770,7590
202104,3호선,가락시장,5660,5436,11096
202104,3호선,수서,11829,12134,23963
202104,3호선,일원,4506,4508,9014
202104,3호선,대청,5272,4962,10234
202104,3호선,학여울,1736,1649,3385
202104,3호선,대치,7592,6875,14467
202104,3호선,도곡,3232,3238,6470
202104,3호선,매봉,5673,5597,11270
202104,3호선,양재,18811,20507,39318
202104,3호선,남부터미널,18029,18350,36379
202104,3호선,교대,6073,3664,9737
202104,3호선,고속터미널,42377,43468,85845
202104,3호선,잠원,3254,3131,6385
202104,3호선,신사,22251,22675,44926
202104,3호선,압구정,23301,24175,47476
202104,3호선,옥수,6379,6412,12791
202104,3호선,금호,5598,5180,10778
202104,3호선,약수,8478,7890,16368
202104,3호선,동대입구,5567,6360,11927
202104,3호선,충무로,1,0,1
202104,3호선,을지로3가,4251,4812,9063
202104,3호선,종로3가,5272,7205,12477
202104,3호선,안국,11449,12856,24305
202104,3호선,경복궁,12859,13115,25974
202104,3호선,독립문,5511,5889,11400
202104,3호선,무악재,2449,2558,5007
202104,3호선,홍제,12320,11759,24079
202104,3호선,녹번,9063,7871,16934
202104,3호선,불광,11817,13158,24975
202104,3호선,연신내,27593,25983,53576
202104,3호선,구파발,13735,13827,27562
202104,3호선,지축,2368,2369,4737
202104,3호선,원흥,6293,6116,12409
202104,3호선,삼송,12320,11984,24304
202104,3호선,원당,7662,7366,15028
202104,3호선,화정,11522,11898,23420
202104,3호선,대곡,1199,1057,2256
202104,3호선,백석,6943,7065,14008
202104,3호선,마두,4638,4644,9282
202104,3호선,정발산,5552,5741,11293
202104,3호선,주엽,5706,5765,11471
202104,3호선,대화,7504,6822,14326
202104,3호선,화정,8535,8853,17388
202104,3호선,대화,5563,5081,10644
202104,3호선,주엽,4119,3935,8054
202104,3호선,정발산,4786,4554,9340
202104,3호선,마두,3093,3154,6247
202104,3호선,백석,5079,5026,10105
202104,3호선,대곡,1006,844,1850
202104,3호선,원당,5902,5747,11649
202104,3호선,삼송,9351,9018,18369
202104,3호선,원흥,4758,4600,9358
202104,3호선,오금,2515,2504,5019
202104,3호선,경찰병원,2515,2681,5196
202104,3호선,가락시장,3482,3741,7223
202104,3호선,수서,9619,9461,19080
202104,3호선,일원,2962,3119,6081
202104,3호선,대청,3589,3586,7175
202104,3호선,학여울,1279,1429,2708
202104,3호선,대치,4757,4328,9085
202104,3호선,도곡,1783,1942,3725
202104,3호선,매봉,3780,3918,7698
202104,3호선,양재,12331,14238,26569
202104,3호선,남부터미널,12205,12938,25143
202104,3호선,교대,3588,2213,5801
202104,3호선,고속터미널,35600,32425,68025
202104,3호선,잠원,2115,2230,4345
202104,3호선,신사,12444,12133,24577
202104,3호선,압구정,12887,13321,26208
202104,3호선,옥수,5050,5348,10398
202104,3호선,금호,4175,4004,8179
202104,3호선,약수,6162,6034,12196
202104,3호선,동대입구,4728,5420,10148
202104,3호선,을지로3가,2739,2639,5378
202104,3호선,종로3가,3343,4269,7612
202104,3호선,안국,8885,9579,18464
202104,3호선,경복궁,10340,10892,21232
202104,3호선,독립문,4136,4976,9112
202104,3호선,무악재,1807,1971,3778
202104,3호선,홍제,8492,8237,16729
202104,3호선,녹번,6529,5794,12323
202104,3호선,불광,9325,11114,20439
202104,3호선,연신내,20497,19278,39775
202104,3호선,구파발,10657,11098,21755
202104,3호선,지축,1787,1710,3497
202104,3호선,대화,7733,6875,14608
202104,3호선,주엽,5936,5909,11845
202104,3호선,정발산,6425,6563,12988
202104,3호선,마두,4864,4893,9757
202104,3호선,백석,7177,7366,14543
202104,3호선,대곡,1399,1203,2602
202104,3호선,화정,12108,12440,24548
202104,3호선,원당,8083,7802,15885
202104,3호선,삼송,12641,12360,25001
202104,3호선,원흥,6545,6340,12885
202104,3호선,지축,2478,2463,4941
202104,3호선,구파발,14317,14531,28848
202104,3호선,연신내,28498,26414,54912
202104,3호선,불광,12264,14147,26411
202104,3호선,녹번,9476,8288,17764
202104,3호선,홍제,12533,11658,24191
202104,3호선,무악재,2587,2554,5141
202104,3호선,독립문,5514,6139,11653
202104,3호선,경복궁,13573,14921,28494
202104,3호선,안국,12207,14007,26214
202104,3호선,종로3가,5187,7283,12470
202104,3호선,을지로3가,4682,5294,9976
202104,3호선,충무로,1,0,1
202104,3호선,동대입구,5871,6595,12466
202104,3호선,약수,8617,8011,16628
202104,3호선,금호,5972,5356,11328
202104,3호선,옥수,7109,7109,14218
202104,3호선,압구정,22979,24026,47005
202104,3호선,신사,23453,24261,47714
202104,3호선,잠원,3730,3562,7292
202104,3호선,고속터미널,44123,44870,88993
202104,3호선,교대,6185,3685,9870
202104,3호선,남부터미널,18051,18630,36681
202104,3호선,양재,19411,20919,40330
202104,3호선,매봉,5875,5595,11470
202104,3호선,도곡,3726,3684,7410
202104,3호선,대치,7557,6981,14538
202104,3호선,학여울,3155,3536,6691
202104,3호선,대청,5443,4908,10351
202104,3호선,일원,4530,4421,8951
202104,3호선,수서,12305,12497,24802
202104,3호선,가락시장,5919,5626,11545
202104,3호선,경찰병원,3893,3777,7670
202104,3호선,오금,3687,3542,7229
202104,3호선,원흥,4824,4553,9377
202104,3호선,삼송,9421,9321,18742
202104,3호선,원당,5836,5726,11562
202104,3호선,화정,8681,8782,17463
202104,3호선,대곡,1081,865,1946
202104,3호선,백석,5185,5153,10338
202104,3호선,마두,3133,3165,6298
202104,3호선,정발산,5152,5144,10296
202104,3호선,주엽,4103,4033,8136
202104,3호선,대화,5764,5231,10995
202104,3호선,오금,2844,2759,5603
202104,3호선,경찰병원,2670,2782,5452
202104,3호선,가락시장,3306,3576,6882
202104,3호선,수서,9466,9255,18721
202104,3호선,일원,3231,3416,6647
202104,3호선,대청,3703,3663,7366
202104,3호선,학여울,2441,2860,5301
202104,3호선,대치,4581,4176,8757
202104,3호선,도곡,1997,2104,4101
202104,3호선,매봉,3962,3983,7945
202104,3호선,양재,12081,14205,26286
202104,3호선,남부터미널,12067,12767,24834
202104,3호선,교대,3849,2406,6255
202104,3호선,고속터미널,36816,33367,70183
202104,3호선,잠원,2199,2238,4437
202104,3호선,신사,12252,12454,24706
202104,3호선,압구정,12508,12899,25407
202104,3호선,옥수,4906,5233,10139
202104,3호선,금호,4167,3993,8160
202104,3호선,약수,6140,6073,12213
202104,3호선,동대입구,4881,5644,10525
202104,3호선,충무로,1,0,1
202104,3호선,을지로3가,2745,2593,5338
202104,3호선,종로3가,3439,4544,7983
202104,3호선,안국,8750,9840,18590
202104,3호선,경복궁,10404,11069,21473
202104,3호선,독립문,4051,4601,8652
202104,3호선,무악재,1750,1850,3600
202104,3호선,홍제,8738,8444,17182
202104,3호선,녹번,6263,5899,12162
202104,3호선,불광,9336,10997,20333
202104,3호선,연신내,20780,19133,39913
202104,3호선,구파발,11098,11382,22480
202104,3호선,지축,1746,1739,3485
202105,3호선,오금,3422,3305,6727
202105,3호선,경찰병원,3547,3363,6910
202105,3호선,가락시장,5485,5181,10666
202105,3호선,수서,11495,11546,23041
202105,3호선,일원,3604,3711,7315
202105,3호선,대청,4773,4480,9253
202105,3호선,학여울,2928,2971,5899
202105,3호선,대치,7053,6608,13661
202105,3호선,도곡,3345,3390,6735
202105,3호선,매봉,5103,5055,10158
202105,3호선,양재,17674,18842,36516
202105,3호선,남부터미널,19286,20221,39507
202105,3호선,교대,5729,3475,9204
202105,3호선,고속터미널,43958,45622,89580
202105,3호선,잠원,2872,2812,5684
202105,3호선,신사,22473,22832,45305
202105,3호선,압구정,21480,22247,43727
202105,3호선,옥수,6034,6291,12325
202105,3호선,금호,5279,4956,10235
202105,3호선,약수,8089,7443,15532
202105,3호선,동대입구,5275,5716,10991
202105,3호선,충무로,1,0,1
202105,3호선,을지로3가,4332,4792,9124
202105,3호선,종로3가,5556,7468,13024
202105,3호선,안국,11257,12531,23788
202105,3호선,경복궁,12030,11754,23784
202105,3호선,독립문,4691,4856,9547
202105,3호선,무악재,2329,2347,4676
202105,3호선,홍제,11067,10484,21551
202105,3호선,녹번,8506,7442,15948
202105,3호선,불광,10991,12268,23259
202105,3호선,연신내,25734,24119,49853
202105,3호선,구파발,12266,12386,24652
202105,3호선,지축,2074,2059,4133
202105,3호선,원흥,6077,5912,11989
202105,3호선,삼송,12064,11997,24061
202105,3호선,원당,7177,6981,14158
202105,3호선,화정,11042,11490,22532
202105,3호선,대곡,1233,988,2221
202105,3호선,백석,6864,6899,13763
202105,3호선,마두,4341,4451,8792
202105,3호선,정발산,6059,6342,12401
202105,3호선,주엽,5506,5408,10914
202105,3호선,대화,7377,6735,14112
202105,3호선,지축,1893,1743,3636
202105,3호선,구파발,10981,11440,22421
202105,3호선,연신내,20958,19584,40542
202105,3호선,불광,9583,11264,20847
202105,3호선,녹번,6439,5933,12372
202105,3호선,홍제,8762,8210,16972
202105,3호선,무악재,1720,1852,3572
202105,3호선,독립문,4235,4899,9134
202105,3호선,경복궁,11179,11867,23046
202105,3호선,안국,9256,10336,19592
202105,3호선,종로3가,3586,4901,8487
202105,3호선,을지로3가,2891,2788,5679
202105,3호선,동대입구,5087,5629,10716
202105,3호선,약수,6389,6217,12606
202105,3호선,금호,4324,4148,8472
202105,3호선,옥수,5183,5434,10617
202105,3호선,압구정,13301,13611,26912
202105,3호선,신사,13868,13659,27527
202105,3호선,잠원,2530,2547,5077
202105,3호선,고속터미널,38639,35327,73966
202105,3호선,교대,3898,2439,6337
202105,3호선,남부터미널,13588,14266,27854
202105,3호선,양재,12297,14344,26641
202105,3호선,매봉,4004,3903,7907
202105,3호선,도곡,2009,2244,4253
202105,3호선,대치,4573,4223,8796
202105,3호선,학여울,2246,2432,4678
202105,3호선,대청,3716,3630,7346
202105,3호선,일원,2926,3097,6023
202105,3호선,수서,9556,9524,19080
202105,3호선,가락시장,3574,3879,7453
202105,3호선,경찰병원,2675,2729,5404
202105,3호선,오금,2649,2514,5163
202105,3호선,원흥,4990,4739,9729
202105,3호선,지축,1,0,1
202105,3호선,삼송,10133,10009,20142
202105,3호선,원당,6101,5843,11944
202105,3호선,화정,9170,9448,18618
202105,3호선,대곡,1107,892,1999
202105,3호선,백석,5348,5378,10726
202105,3호선,마두,3344,3287,6631
202105,3호선,정발산,5575,5404,10979
202105,3호선,주엽,4286,4127,8413
202105,3호선,대화,5984,5397,11381
202105,3호선,원흥,6319,5964,12283
202105,3호선,삼송,12308,12120,24428
202105,3호선,원당,7360,7177,14537
202105,3호선,화정,10939,11463,22402
202105,3호선,대곡,1177,973,2150
202105,3호선,백석,6369,6562,12931
202105,3호선,마두,4271,4287,8558
202105,3호선,정발산,5406,5494,10900
202105,3호선,주엽,5445,5589,11034
202105,3호선,대화,8323,7551,15874
202105,3호선,지축,2304,2216,4520
202105,3호선,구파발,12792,12893,25685
202105,3호선,연신내,26340,24868,51208
202105,3호선,불광,11030,12168,23198
202105,3호선,녹번,8872,7836,16708
202105,3호선,홍제,11469,10715,22184
202105,3호선,무악재,2331,2291,4622
202105,3호선,독립문,4864,4964,9828
202105,3호선,경복궁,11086,11120,22206
202105,3호선,안국,10244,11357,21601
202105,3호선,종로3가,4595,6238,10833
202105,3호선,을지로3가,3780,4039,7819
202105,3호선,충무로,1,0,1
202105,3호선,동대입구,4429,4664,9093
202105,3호선,약수,7931,7443,15374
202105,3호선,금호,5406,5068,10474
202105,3호선,옥수,6090,6225,12315
202105,3호선,압구정,21850,22445,44295
202105,3호선,신사,20056,20188,40244
202105,3호선,잠원,2897,2784,5681
202105,3호선,고속터미널,40874,45879,86753
202105,3호선,교대,5633,3357,8990
202105,3호선,남부터미널,17897,19471,37368
202105,3호선,양재,17106,18157,35263
202105,3호선,매봉,5006,4873,9879
202105,3호선,도곡,2875,2939,5814
202105,3호선,대치,8491,7533,16024
202105,3호선,학여울,2994,3182,6176
202105,3호선,대청,5013,4503,9516
202105,3호선,일원,4077,4071,8148
202105,3호선,수서,10889,11415,22304
202105,3호선,가락시장,5146,4762,9908
202105,3호선,경찰병원,3245,3142,6387
202105,3호선,오금,3190,3022,6212
202105,3호선,대화,7441,6826,14267
202105,3호선,주엽,4275,4137,8412
202105,3호선,정발산,5255,5068,10323
202105,3호선,마두,3367,3181,6548
202105,3호선,백석,5409,5278,10687
202105,3호선,대곡,1127,884,2011
202105,3호선,화정,9172,9354,18526
202105,3호선,원당,6208,5873,12081
202105,3호선,삼송,9991,9752,19743
202105,3호선,원흥,5029,4874,9903
202105,3호선,지축,1911,1745,3656
202105,3호선,구파발,11200,11547,22747
202105,3호선,연신내,21375,20274,41649
202105,3호선,불광,9414,11294,20708
202105,3호선,녹번,6647,6139,12786
202105,3호선,홍제,8916,8566,17482
202105,3호선,무악재,1820,1999,3819
202105,3호선,독립문,4322,5095,9417
202105,3호선,경복궁,10798,11804,22602
202105,3호선,안국,8932,10339,19271
202105,3호선,종로3가,3556,4807,8363
202105,3호선,을지로3가,2740,2674,5414
202105,3호선,동대입구,4572,5272,9844
202105,3호선,약수,6176,6128,12304
202105,3호선,금호,4212,4089,8301
202105,3호선,옥수,5044,5345,10389
202105,3호선,압구정,13013,13448,26461
202105,3호선,신사,12394,12876,25270
202105,3호선,잠원,2350,2399,4749
202105,3호선,고속터미널,42650,33485,76135
202105,3호선,교대,3966,2428,6394
202105,3호선,남부터미널,16049,15325,31374
202105,3호선,양재,11994,14340,26334
202105,3호선,매봉,3990,3994,7984
202105,3호선,도곡,2033,2049,4082
202105,3호선,대치,5573,5039,10612
202105,3호선,학여울,2526,2861,5387
202105,3호선,대청,3759,3753,7512
202105,3호선,일원,3206,3294,6500
202105,3호선,수서,10347,9505,19852
202105,3호선,가락시장,3380,3672,7052
202105,3호선,경찰병원,2507,2637,5144
202105,3호선,오금,2600,2565,5165
202105,3호선,지축,2460,2410,4870
202105,3호선,구파발,13729,13543,27272
202105,3호선,연신내,27830,26268,54098
202105,3호선,불광,11802,13299,25101
202105,3호선,녹번,9457,8266,17723
202105,3호선,홍제,12207,11717,23924
202105,3호선,무악재,2522,2643,5165
202105,3호선,독립문,5389,5637,11026
202105,3호선,경복궁,12936,12632,25568
202105,3호선,안국,11797,13242,25039
202105,3호선,종로3가,5795,7641,13436
202105,3호선,을지로3가,4772,5092,9864
202105,3호선,충무로,1,0,1
202105,3호선,동대입구,5222,5622,10844
202105,3호선,약수,8583,7932,16515
202105,3호선,금호,5492,5016,10508
202105,3호선,옥수,6507,6761,13268
202105,3호선,압구정,23579,24677,48256
202105,3호선,신사,23138,23870,47008
202105,3호선,잠원,3216,3128,6344
202105,3호선,고속터미널,45608,45516,91124
202105,3호선,교대,6413,3907,10320
202105,3호선,남부터미널,20717,21173,41890
202105,3호선,양재,19666,20984,40650
202105,3호선,매봉,6127,5900,12027
202105,3호선,도곡,3758,3857,7615
202105,3호선,학여울,1114,1075,2189
202105,3호선,대청,5459,5147,10606
202105,3호선,일원,4694,4793,9487
202105,3호선,수서,12194,12607,24801
202105,3호선,가락시장,5775,5461,11236
202105,3호선,경찰병원,3973,3927,7900
202105,3호선,오금,3765,3578,7343
202105,3호선,원흥,6786,6495,13281
202105,3호선,삼송,12641,12445,25086
202105,3호선,원당,7776,7437,15213
202105,3호선,화정,11645,12111,23756
202105,3호선,대곡,1272,1068,2340
202105,3호선,백석,7035,7332,14367
202105,3호선,마두,4764,4823,9587
202105,3호선,정발산,5863,6076,11939
202105,3호선,주엽,6056,5865,11921
202105,3호선,대화,8102,7301,15403
202105,3호선,대치,9063,8096,17159
202105,3호선,지축,1378,1325,2703
202105,3호선,구파발,8203,8289,16492
202105,3호선,연신내,16384,15962,32346
202105,3호선,불광,7040,7883,14923
202105,3호선,녹번,5505,5082,10587
202105,3호선,홍제,6915,6849,13764
202105,3호선,무악재,1453,1486,2939
202105,3호선,독립문,2839,2950,5789
202105,3호선,경복궁,6878,6789,13667
202105,3호선,안국,6628,6735,13363
202105,3호선,종로3가,3194,3709,6903
202105,3호선,을지로3가,2475,2316,4791
202105,3호선,충무로,1,0,1
202105,3호선,동대입구,3696,3787,7483
202105,3호선,약수,5218,5075,10293
202105,3호선,금호,3362,3287,6649
202105,3호선,옥수,3704,3969,7673
202105,3호선,압구정,11285,11707,22992
202105,3호선,신사,10573,10495,21068
202105,3호선,잠원,1606,1647,3253
202105,3호선,고속터미널,34301,32132,66433
202105,3호선,교대,3526,2233,5759
202105,3호선,남부터미널,12210,13072,25282
202105,3호선,양재,10958,12620,23578
202105,3호선,매봉,3515,3515,7030
202105,3호선,도곡,1541,1627,3168
202105,3호선,대치,4831,4360,9191
202105,3호선,학여울,1091,1126,2217
202105,3호선,대청,3291,3190,6481
202105,3호선,일원,2642,2819,5461
202105,3호선,수서,9006,8696,17702
202105,3호선,가락시장,2956,3336,6292
202105,3호선,경찰병원,2214,2283,4497
202105,3호선,오금,2419,2392,4811
202105,3호선,원흥,3930,3881,7811
202105,3호선,삼송,7998,7947,15945
202105,3호선,원당,4563,4510,9073
202105,3호선,화정,7194,7407,14601
202105,3호선,대곡,789,589,1378
202105,3호선,백석,4524,4472,8996
202105,3호선,마두,2704,2677,5381
202105,3호선,정발산,3715,3617,7332
202105,3호선,주엽,3343,3246,6589
202105,3호선,대화,4959,4481,9440
202105,3호선,대화,8399,7409,15808
202105,3호선,주엽,6578,6338,12916
202105,3호선,정발산,6987,7387,14374
202105,3호선,마두,5090,5145,10235
202105,3호선,백석,7382,7492,14874
202105,3호선,대곡,1363,1173,2536
202105,3호선,화정,12814,13207,26021
202105,3호선,원당,8509,8082,16591
202105,3호선,삼송,13334,13161,26495
202105,3호선,원흥,7134,6930,14064
202105,3호선,오금,3821,3622,7443
202105,3호선,경찰병원,3953,3864,7817
202105,3호선,가락시장,5795,5567,11362
202105,3호선,수서,12649,13162,25811
202105,3호선,일원,4551,4473,9024
202105,3호선,대청,5771,5358,11129
202105,3호선,학여울,1509,1518,3027
202105,3호선,대치,9226,8303,17529
202105,3호선,도곡,3572,3593,7165
202105,3호선,매봉,6280,5988,12268
202105,3호선,양재,19637,21268,40905
202105,3호선,남부터미널,21171,21894,43065
202105,3호선,교대,6670,4058,10728
202105,3호선,고속터미널,46561,46326,92887
202105,3호선,잠원,3810,3589,7399
202105,3호선,신사,23980,25117,49097
202105,3호선,압구정,24826,26093,50919
202105,3호선,옥수,7236,7235,14471
202105,3호선,금호,6007,5509,11516
202105,3호선,약수,9059,8500,17559
202105,3호선,동대입구,6313,7116,13429
202105,3호선,충무로,1,0,1
202105,3호선,을지로3가,5365,5880,11245
202105,3호선,종로3가,5806,8046,13852
202105,3호선,안국,13829,16367,30196
202105,3호선,경복궁,16061,17436,33497
202105,3호선,독립문,5923,6525,12448
202105,3호선,무악재,2681,2781,5462
202105,3호선,홍제,13182,12317,25499
202105,3호선,녹번,10065,8636,18701
202105,3호선,불광,12984,14691,27675
202105,3호선,연신내,29889,27931,57820
202105,3호선,구파발,15198,15288,30486
202105,3호선,지축,2715,2665,5380
202105,3호선,대화,5837,5296,11133
202105,3호선,주엽,4160,4110,8270
202105,3호선,정발산,4962,4941,9903
202105,3호선,마두,3265,3247,6512
202105,3호선,백석,5305,5243,10548
202105,3호선,대곡,1062,902,1964
202105,3호선,화정,9077,9171,18248
202105,3호선,원당,6014,5847,11861
202105,3호선,삼송,9795,9675,19470
202105,3호선,원흥,5133,4910,10043
202105,3호선,지축,1791,1718,3509
202105,3호선,구파발,11134,11450,22584
202105,3호선,연신내,20814,19736,40550
202105,3호선,불광,9477,10933,20410
202105,3호선,녹번,6670,6149,12819
202105,3호선,홍제,8748,8273,17021
202105,3호선,무악재,1786,1927,3713
202105,3호선,독립문,4278,4793,9071
202105,3호선,경복궁,10905,11836,22741
202105,3호선,안국,9075,10315,19390
202105,3호선,종로3가,3569,4672,8241
202105,3호선,을지로3가,2888,2848,5736
202105,3호선,충무로,1,0,1
202105,3호선,동대입구,4583,5201,9784
202105,3호선,약수,6081,5891,11972
202105,3호선,금호,4210,3977,8187
202105,3호선,옥수,4907,5320,10227
202105,3호선,압구정,13161,13501,26662
202105,3호선,신사,12623,12723,25346
202105,3호선,잠원,2236,2197,4433
202105,3호선,고속터미널,37673,34530,72203
202105,3호선,교대,3909,2500,6409
202105,3호선,남부터미널,14364,14922,29286
202105,3호선,양재,12335,14446,26781
202105,3호선,매봉,4015,3996,8011
202105,3호선,도곡,1807,2036,3843
202105,3호선,대치,5814,5057,10871
202105,3호선,학여울,1003,1068,2071
202105,3호선,대청,3792,3692,7484
202105,3호선,일원,3178,3294,6472
202105,3호선,수서,9904,9702,19606
202105,3호선,가락시장,3282,3602,6884
202105,3호선,경찰병원,2491,2594,5085
202105,3호선,오금,2507,2413,4920
202105,3호선,지축,2501,2496,4997
202105,3호선,구파발,14293,14555,28848
202105,3호선,연신내,28876,26790,55666
202105,3호선,불광,12432,14020,26452
202105,3호선,녹번,9690,8448,18138
202105,3호선,홍제,12670,11845,24515
202105,3호선,무악재,2603,2690,5293
202105,3호선,독립문,5571,6000,11571
202105,3호선,경복궁,14363,15119,29482
202105,3호선,안국,12980,14851,27831
202105,3호선,종로3가,5450,7615,13065
202105,3호선,을지로3가,5031,5570,10601
202105,3호선,동대입구,5422,6030,11452
202105,3호선,약수,8667,8164,16831
202105,3호선,금호,5797,5177,10974
202105,3호선,옥수,6765,6925,13690
202105,3호선,압구정,23398,24746,48144
202105,3호선,신사,23884,24642,48526
202105,3호선,잠원,3386,3340,6726
202105,3호선,고속터미널,44400,44967,89367
202105,3호선,교대,6439,3862,10301
202105,3호선,남부터미널,20853,21450,42303
202105,3호선,양재,20087,21523,41610
202105,3호선,매봉,5904,5649,11553
202105,3호선,도곡,3388,3453,6841
202105,3호선,대치,9095,8253,17348
202105,3호선,학여울,1214,1236,2450
202105,3호선,대청,5508,5147,10655
202105,3호선,일원,4402,4462,8864
202105,3호선,수서,12397,12397,24794
202105,3호선,가락시장,5775,5496,11271
202105,3호선,경찰병원,3918,3722,7640
202105,3호선,오금,3616,3460,7076
202105,3호선,원흥,6746,6402,13148
202105,3호선,삼송,12628,12212,24840
202105,3호선,원당,7966,7675,15641
202105,3호선,화정,11705,12117,23822
202105,3호선,대곡,1382,1156,2538
202105,3호선,백석,7255,7410,14665
202105,3호선,마두,4889,4928,9817
202105,3호선,정발산,6037,6225,12262
202105,3호선,주엽,6255,6075,12330
202105,3호선,대화,8472,7698,16170
202105,3호선,대화,6276,5899,12175
202105,3호선,주엽,4265,4244,8509
202105,3호선,정발산,5118,4939,10057
202105,3호선,마두,3174,3276,6450
202105,3호선,백석,5513,5468,10981
202105,3호선,대곡,1063,831,1894
202105,3호선,화정,8759,8930,17689
202105,3호선,원당,5990,5757,11747
202105,3호선,삼송,9638,9556,19194
202105,3호선,원흥,5112,4901,10013
202105,3호선,오금,2482,2519,5001
202105,3호선,경찰병원,2571,2672,5243
202105,3호선,가락시장,3616,3829,7445
202105,3호선,수서,9893,9694,19587
202105,3호선,일원,2995,3215,6210
202105,3호선,대청,3862,3774,7636
202105,3호선,학여울,995,1020,2015
202105,3호선,대치,5575,5025,10600
202105,3호선,도곡,1822,1898,3720
202105,3호선,매봉,3699,3799,7498
202105,3호선,양재,12419,14414,26833
202105,3호선,남부터미널,14457,15160,29617
202105,3호선,교대,3959,2371,6330
202105,3호선,고속터미널,37634,33773,71407
202105,3호선,잠원,2155,2227,4382
202105,3호선,신사,13287,13015,26302
202105,3호선,압구정,13188,13741,26929
202105,3호선,옥수,4904,5235,10139
202105,3호선,금호,4151,3998,8149
202105,3호선,약수,6304,6120,12424
202105,3호선,동대입구,4643,5225,9868
202105,3호선,을지로3가,3034,2873,5907
202105,3호선,종로3가,3623,4769,8392
202105,3호선,안국,9409,10171,19580
202105,3호선,경복궁,11521,11979,23500
202105,3호선,독립문,4180,4710,8890
202105,3호선,무악재,1820,1929,3749
202105,3호선,홍제,8870,8691,17561
202105,3호선,녹번,6766,6283,13049
202105,3호선,불광,9530,11329,20859
202105,3호선,연신내,21620,20116,41736
202105,3호선,구파발,11172,11468,22640
202105,3호선,지축,1852,1758,3610
202106,3호선,오금,3663,3354,7017
202106,3호선,경찰병원,3934,3777,7711
202106,3호선,가락시장,5989,5696,11685
202106,3호선,수서,12445,12676,25121
202106,3호선,일원,4883,4651,9534
202106,3호선,대청,5688,5261,10949
202106,3호선,학여울,1700,1778,3478
202106,3호선,대치,8980,8084,17064
202106,3호선,도곡,3267,3143,6410
202106,3호선,매봉,6033,5843,11876
202106,3호선,양재,19675,21258,40933
202106,3호선,남부터미널,20668,21522,42190
202106,3호선,교대,6179,3725,9904
202106,3호선,고속터미널,44730,45180,89910
202106,3호선,잠원,3475,3365,6840
202106,3호선,신사,23730,24547,48277
202106,3호선,압구정,24345,25316,49661
202106,3호선,옥수,7438,7313,14751
202106,3호선,금호,5735,5211,10946
202106,3호선,약수,9007,8284,17291
202106,3호선,동대입구,5657,6222,11879
202106,3호선,을지로3가,5106,5909,11015
202106,3호선,종로3가,5547,7999,13546
202106,3호선,안국,12883,14764,27647
202106,3호선,경복궁,14076,15505,29581
202106,3호선,독립문,5919,6292,12211
202106,3호선,무악재,2590,2585,5175
202106,3호선,홍제,12845,12018,24863
202106,3호선,녹번,9976,8542,18518
202106,3호선,불광,12791,14380,27171
202106,3호선,연신내,29593,27567,57160
202106,3호선,구파발,15126,15435,30561
202106,3호선,지축,2694,2588,5282
202106,3호선,원흥,7288,7040,14328
202106,3호선,지축,1,0,1
202106,3호선,삼송,13120,12903,26023
202106,3호선,원당,8357,7948,16305
202106,3호선,화정,12674,13038,25712
202106,3호선,대곡,1448,1255,2703
202106,3호선,백석,7684,7746,15430
202106,3호선,마두,5111,5062,10173
202106,3호선,정발산,6515,6833,13348
202106,3호선,주엽,6485,6342,12827
202106,3호선,대화,9257,8589,17846
202106,3호선,지축,1816,1719,3535
202106,3호선,구파발,10978,11314,22292
202106,3호선,연신내,20757,19719,40476
202106,3호선,불광,9237,10978,20215
202106,3호선,녹번,6638,6038,12676
202106,3호선,홍제,8522,8111,16633
202106,3호선,무악재,1737,1850,3587
202106,3호선,독립문,3939,4392,8331
202106,3호선,경복궁,9883,10546,20429
202106,3호선,안국,8239,9282,17521
202106,3호선,종로3가,3386,4534,7920
202106,3호선,을지로3가,2927,2826,5753
202106,3호선,충무로,1,0,1
202106,3호선,동대입구,4172,4808,8980
202106,3호선,약수,6231,6054,12285
202106,3호선,금호,4055,3913,7968
202106,3호선,옥수,4825,5015,9840
202106,3호선,압구정,12826,13199,26025
202106,3호선,신사,11635,12028,23663
202106,3호선,잠원,2106,2054,4160
202106,3호선,고속터미널,36585,33197,69782
202106,3호선,교대,3780,2355,6135
202106,3호선,남부터미널,13218,14203,27421
202106,3호선,양재,11852,13880,25732
202106,3호선,매봉,3828,3850,7678
202106,3호선,도곡,2025,2080,4105
202106,3호선,대치,5548,4820,10368
202106,3호선,학여울,1101,1213,2314
202106,3호선,대청,3832,3756,7588
202106,3호선,일원,2977,3229,6206
202106,3호선,수서,9752,9439,19191
202106,3호선,가락시장,3535,3819,7354
202106,3호선,경찰병원,2654,2707,5361
202106,3호선,오금,2349,2315,4664
202106,3호선,원흥,5208,5025,10233
202106,3호선,삼송,9551,9403,18954
202106,3호선,원당,6080,5705,11785
202106,3호선,화정,8619,8733,17352
202106,3호선,대곡,1047,859,1906
202106,3호선,백석,5397,5333,10730
202106,3호선,마두,3208,3176,6384
202106,3호선,정발산,4769,4632,9401
202106,3호선,주엽,4101,4069,8170
202106,3호선,대화,5847,5428,11275
202106,3호선,대화,8443,7675,16118
202106,3호선,주엽,6218,6125,12343
202106,3호선,정발산,6122,6296,12418
202106,3호선,마두,4795,4828,9623
202106,3호선,백석,7186,7336,14522
202106,3호선,대곡,1289,1155,2444
202106,3호선,화정,11832,12140,23972
202106,3호선,원당,7895,7477,15372
202106,3호선,삼송,12656,12433,25089
202106,3호선,지축,1,0,1
202106,3호선,원흥,7016,6752,13768
202106,3호선,오금,3439,3251,6690
202106,3호선,경찰병원,3715,3647,7362
202106,3호선,가락시장,5736,5500,11236
202106,3호선,수서,12123,12307,24430
202106,3호선,일원,4373,4382,8755
202106,3호선,대청,5653,5110,10763
202106,3호선,학여울,1744,1829,3573
202106,3호선,대치,8572,7774,16346
202106,3호선,도곡,3012,3096,6108
202106,3호선,매봉,5767,5627,11394
202106,3호선,양재,19127,20543,39670
202106,3호선,남부터미널,19594,20156,39750
202106,3호선,교대,6302,3755,10057
202106,3호선,고속터미널,44929,45085,90014
202106,3호선,잠원,3452,3250,6702
202106,3호선,신사,23021,24130,47151
202106,3호선,압구정,23596,24576,48172
202106,3호선,옥수,6733,6782,13515
202106,3호선,금호,5725,5120,10845
202106,3호선,약수,8728,8284,17012
202106,3호선,동대입구,5394,6095,11489
202106,3호선,충무로,1,0,1
202106,3호선,을지로3가,4744,5628,10372
202106,3호선,종로3가,5432,7808,13240
202106,3호선,안국,12121,13984,26105
202106,3호선,경복궁,13041,13901,26942
202106,3호선,독립문,5455,5869,11324
202106,3호선,무악재,2507,2558,5065
202106,3호선,홍제,12402,11531,23933
202106,3호선,녹번,9933,8605,18538
202106,3호선,불광,12422,14094,26516
202106,3호선,연신내,28632,26541,55173
202106,3호선,구파발,14676,14791,29467
202106,3호선,지축,2527,2505,5032
202106,3호선,마두,3239,3229,6468
202106,3호선,정발산,4708,4678,9386
202106,3호선,주엽,4102,4033,8135
202106,3호선,대화,6748,6383,13131
202106,3호선,지축,1797,1642,3439
202106,3호선,구파발,10588,10644,21232
202106,3호선,연신내,20143,18741,38884
202106,3호선,불광,8825,10634,19459
202106,3호선,녹번,6554,6013,12567
202106,3호선,홍제,8226,7937,16163
202106,3호선,무악재,1642,1773,3415
202106,3호선,독립문,3769,4181,7950
202106,3호선,경복궁,9163,9575,18738
202106,3호선,안국,8238,9073,17311
202106,3호선,종로3가,3341,4393,7734
202106,3호선,을지로3가,2834,2752,5586
202106,3호선,동대입구,4051,4655,8706
202106,3호선,약수,6089,5947,12036
202106,3호선,금호,3961,3780,7741
202106,3호선,옥수,4894,5079,9973
202106,3호선,압구정,12714,13240,25954
202106,3호선,신사,11916,12073,23989
202106,3호선,잠원,1978,1928,3906
202106,3호선,고속터미널,36825,33269,70094
202106,3호선,교대,3920,2374,6294
202106,3호선,남부터미널,13439,14072,27511
202106,3호선,양재,11704,13782,25486
202106,3호선,매봉,3901,3842,7743
202106,3호선,도곡,1695,1775,3470
202106,3호선,대치,5369,4821,10190
202106,3호선,학여울,678,685,1363
202106,3호선,대청,3742,3603,7345
202106,3호선,일원,3169,3286,6455
202106,3호선,수서,9430,9230,18660
202106,3호선,가락시장,3222,3398,6620
202106,3호선,경찰병원,2563,2563,5126
202106,3호선,오금,2546,2499,5045
202106,3호선,원흥,5076,4931,10007
202106,3호선,삼송,9572,9447,19019
202106,3호선,원당,5610,5480,11090
202106,3호선,화정,8586,8668,17254
202106,3호선,대곡,993,851,1844
202106,3호선,백석,5139,5053,10192
202106,3호선,남부터미널,21310,21996,43306
202106,3호선,교대,6533,4045,10578
202106,3호선,고속터미널,47769,48093,95862
202106,3호선,잠원,3610,3500,7110
202106,3호선,신사,24352,25631,49983
202106,3호선,압구정,24858,25505,50363
202106,3호선,옥수,7175,7136,14311
202106,3호선,금호,5995,5497,11492
202106,3호선,약수,8894,8372,17266
202106,3호선,동대입구,5447,6079,11526
202106,3호선,충무로,2,0,2
202106,3호선,을지로3가,5403,6131,11534
202106,3호선,종로3가,5646,8154,13800
202106,3호선,안국,13263,15491,28754
202106,3호선,경복궁,13747,14925,28672
202106,3호선,독립문,5734,6086,11820
202106,3호선,무악재,2724,2628,5352
202106,3호선,홍제,12674,11836,24510
202106,3호선,녹번,10092,8649,18741
202106,3호선,불광,12746,14372,27118
202106,3호선,연신내,29594,27242,56836
202106,3호선,구파발,14939,15217,30156
202106,3호선,지축,2684,2637,5321
202106,3호선,오금,3743,3411,7154
202106,3호선,경찰병원,3747,3621,7368
202106,3호선,가락시장,5927,5677,11604
202106,3호선,수서,12827,13120,25947
202106,3호선,일원,4781,4733,9514
202106,3호선,대청,5798,5190,10988
202106,3호선,원흥,7450,7218,14668
202106,3호선,삼송,13236,12941,26177
202106,3호선,원당,8227,7949,16176
202106,3호선,화정,12596,12964,25560
202106,3호선,대곡,1409,1244,2653
202106,3호선,백석,7478,7407,14885
202106,3호선,학여울,1228,1204,2432
202106,3호선,대치,8504,7703,16207
202106,3호선,도곡,3443,3354,6797
202106,3호선,매봉,6031,5857,11888
202106,3호선,마두,5039,5066,10105
202106,3호선,정발산,6176,6374,12550
202106,3호선,주엽,6452,6275,12727
202106,3호선,대화,8796,8050,16846
202106,3호선,양재,19772,21411,41183
202106,3호선,남부터미널,14100,14527,28627
202106,3호선,지축,1907,1843,3750
202106,3호선,구파발,11030,11534,22564
202106,3호선,연신내,20710,19441,40151
202106,3호선,불광,9341,10901,20242
202106,3호선,녹번,6852,6158,13010
202106,3호선,홍제,8825,8554,17379
202106,3호선,대화,6321,5981,12302
202106,3호선,주엽,4188,4155,8343
202106,3호선,정발산,4592,4517,9109
202106,3호선,마두,3357,3336,6693
202106,3호선,백석,5282,5208,10490
202106,3호선,대곡,996,822,1818
202106,3호선,화정,8688,8955,17643
202106,3호선,원당,5876,5613,11489
202106,3호선,삼송,9901,9566,19467
202106,3호선,원흥,5350,5126,10476
202106,3호선,오금,2445,2522,4967
202106,3호선,경찰병원,2717,2765,5482
202106,3호선,가락시장,3623,3759,7382
202106,3호선,수서,10027,9739,19766
202106,3호선,일원,3130,3450,6580
202106,3호선,대청,3947,3837,7784
202106,3호선,학여울,881,907,1788
202106,3호선,대치,5085,4650,9735
202106,3호선,도곡,1863,2012,3875
202106,3호선,매봉,4004,4167,8171
202106,3호선,양재,12285,14191,26476
202106,3호선,교대,4133,2521,6654
202106,3호선,고속터미널,39515,35509,75024
202106,3호선,잠원,2141,2055,4196
202106,3호선,신사,12575,12899,25474
202106,3호선,압구정,13423,13924,27347
202106,3호선,옥수,5006,5208,10214
202106,3호선,금호,3997,4017,8014
202106,3호선,약수,6189,6030,12219
202106,3호선,동대입구,4220,4652,8872
202106,3호선,을지로3가,3136,2945,6081
202106,3호선,종로3가,3662,4802,8464
202106,3호선,안국,8798,9934,18732
202106,3호선,경복궁,9711,10155,19866
202106,3호선,독립문,3879,4394,8273
202106,3호선,무악재,1834,1969,3803
202106,3호선,지축,2572,2483,5055
202106,3호선,구파발,14432,14623,29055
202106,3호선,연신내,28521,26546,55067
202106,3호선,불광,12114,13656,25770
202106,3호선,녹번,9755,8421,18176
202106,3호선,홍제,12255,11420,23675
202106,3호선,무악재,2535,2521,5056
202106,3호선,독립문,5303,5457,10760
202106,3호선,경복궁,13771,15391,29162
202106,3호선,안국,12596,13961,26557
202106,3호선,종로3가,5407,7786,13193
202106,3호선,원흥,6879,6514,13393
202106,3호선,삼송,12779,12621,25400
202106,3호선,원당,7915,7566,15481
202106,3호선,화정,11859,12165,24024
202106,3호선,대곡,1371,1180,2551
202106,3호선,백석,6970,7037,14007
202106,3호선,마두,4849,4811,9660
202106,3호선,정발산,5938,6210,12148
202106,3호선,주엽,6289,6044,12333
202106,3호선,대화,8141,7167,15308
202106,3호선,을지로3가,5148,5666,10814
202106,3호선,동대입구,5318,5974,11292
202106,3호선,약수,8831,8172,17003
202106,3호선,금호,5768,5232,11000
202106,3호선,옥수,6786,6938,13724
202106,3호선,압구정,24484,25385,49869
202106,3호선,신사,23253,24756,48009
202106,3호선,잠원,3697,3503,7200
202106,3호선,고속터미널,45937,47364,93301
202106,3호선,교대,6483,3907,10390
202106,3호선,남부터미널,20181,20807,40988
202106,3호선,양재,19799,21402,41201
202106,3호선,매봉,6120,5905,12025
202106,3호선,도곡,3101,3130,6231
202106,3호선,대치,8027,7286,15313
202106,3호선,학여울,2921,3247,6168
202106,3호선,대청,5536,5108,10644
202106,3호선,일원,4434,4560,8994
202106,3호선,수서,12503,12766,25269
202106,3호선,가락시장,5962,5564,11526
202106,3호선,경찰병원,3854,3723,7577
202106,3호선,오금,3630,3402,7032
202106,3호선,지축,1875,1810,3685
202106,3호선,구파발,11390,11761,23151
202106,3호선,연신내,21244,20080,41324
202106,3호선,불광,9489,11064,20553
202106,3호선,녹번,6875,6383,13258
202106,3호선,홍제,8591,8450,17041
202106,3호선,무악재,1799,1974,3773
202106,3호선,독립문,4213,4613,8826
202106,3호선,경복궁,11062,11609,22671
202106,3호선,안국,9516,10163,19679
202106,3호선,종로3가,3763,4734,8497
202106,3호선,을지로3가,3176,3071,6247
202106,3호선,동대입구,4473,4817,9290
202106,3호선,약수,6405,6327,12732
202106,3호선,금호,4186,4066,8252
202106,3호선,옥수,5122,5380,10502
202106,3호선,압구정,13550,14031,27581
202106,3호선,신사,13014,13422,26436
202106,3호선,잠원,2165,2175,4340
202106,3호선,고속터미널,41173,36249,77422
202106,3호선,교대,4188,2498,6686
202106,3호선,남부터미널,14819,15125,29944
202106,3호선,양재,12669,14341,27010
202106,3호선,매봉,4132,4038,8170
202106,3호선,도곡,1798,1925,3723
202106,3호선,대치,5210,4858,10068
202106,3호선,학여울,2265,2558,4823
202106,3호선,대청,3883,3764,7647
202106,3호선,일원,3304,3554,6858
202106,3호선,수서,10084,9945,20029
202106,3호선,가락시장,3435,3760,7195
202106,3호선,경찰병원,2484,2587,5071
202106,3호선,오금,2561,2563,5124
202106,3호선,정발산,4894,4705,9599
202106,3호선,주엽,4186,4313,8499
202106,3호선,대화,5931,5473,11404
202106,3호선,삼송,9819,9738,19557
202106,3호선,원당,6096,5775,11871
202106,3호선,화정,8624,8792,17416
202106,3호선,대곡,1025,849,1874
202106,3호선,백석,5184,5230,10414
202106,3호선,마두,3345,3330,6675
202106,3호선,원흥,4953,4870,9823
202107,3호선,오금,3311,3014,6325
202107,3호선,경찰병원,3699,3594,7293
202107,3호선,가락시장,5521,5239,10760
202107,3호선,수서,11900,12263,24163
202107,3호선,일원,4297,4399,8696
202107,3호선,학여울,1751,1733,3484
202107,3호선,대치,7491,6930,14421
202107,3호선,도곡,3227,3193,6420
202107,3호선,매봉,5691,5471,11162
202107,3호선,양재,19498,20584,40082
202107,3호선,남부터미널,18164,18480,36644
202107,3호선,교대,6235,3739,9974
202107,3호선,고속터미널,44159,45040,89199
202107,3호선,잠원,2988,2993,5981
202107,3호선,신사,22009,22038,44047
202107,3호선,압구정,24090,24681,48771
202107,3호선,옥수,6282,6538,12820
202107,3호선,금호,5330,4940,10270
202107,3호선,약수,8361,8035,16396
202107,3호선,동대입구,4763,5107,9870
202107,3호선,을지로3가,6030,6088,12118
202107,3호선,종로3가,4775,7246,12021
202107,3호선,안국,12556,12904,25460
202107,3호선,경복궁,13491,13114,26605
202107,3호선,독립문,4880,5267,10147
202107,3호선,무악재,2387,2431,4818
202107,3호선,홍제,11899,11430,23329
202107,3호선,녹번,9259,8310,17569
202107,3호선,불광,11765,13207,24972
202107,3호선,연신내,26811,24925,51736
202107,3호선,구파발,13396,13515,26911
202107,3호선,지축,2527,2401,4928
202107,3호선,원흥,6376,6048,12424
202107,3호선,삼송,12059,11884,23943
202107,3호선,원당,7319,7113,14432
202107,3호선,화정,11432,11807,23239
202107,3호선,대곡,1321,1102,2423
202107,3호선,백석,6773,6985,13758
202107,3호선,마두,4551,4579,9130
202107,3호선,정발산,5657,5586,11243
202107,3호선,주엽,5881,5763,11644
202107,3호선,대화,7899,7375,15274
202107,3호선,대청,5212,4862,10074
202107,3호선,지축,1495,1406,2901
202107,3호선,구파발,8621,8887,17508
202107,3호선,연신내,17106,16499,33605
202107,3호선,불광,7526,8388,15914
202107,3호선,녹번,5751,5369,11120
202107,3호선,홍제,7537,7185,14722
202107,3호선,무악재,1492,1556,3048
202107,3호선,독립문,2987,3003,5990
202107,3호선,경복궁,7723,7877,15600
202107,3호선,안국,6419,6966,13385
202107,3호선,종로3가,2761,3637,6398
202107,3호선,을지로3가,2691,2378,5069
202107,3호선,충무로,1,0,1
202107,3호선,동대입구,3518,3699,7217
202107,3호선,약수,5592,5392,10984
202107,3호선,금호,3554,3448,7002
202107,3호선,옥수,4013,4341,8354
202107,3호선,압구정,11931,12495,24426
202107,3호선,신사,10251,10582,20833
202107,3호선,잠원,2021,1982,4003
202107,3호선,고속터미널,34209,31554,65763
202107,3호선,교대,3699,2252,5951
202107,3호선,남부터미널,12308,12484,24792
202107,3호선,양재,10600,12496,23096
202107,3호선,매봉,3564,3683,7247
202107,3호선,도곡,1710,1822,3532
202107,3호선,대치,4226,4027,8253
202107,3호선,학여울,760,764,1524
202107,3호선,대청,3362,3407,6769
202107,3호선,일원,2949,3203,6152
202107,3호선,수서,8892,8416,17308
202107,3호선,가락시장,3145,3383,6528
202107,3호선,경찰병원,2376,2401,4777
202107,3호선,오금,2329,2261,4590
202107,3호선,원흥,4245,4132,8377
202107,3호선,삼송,8317,8281,16598
202107,3호선,원당,4830,4649,9479
202107,3호선,화정,7392,7552,14944
202107,3호선,대곡,784,684,1468
202107,3호선,백석,4618,4554,9172
202107,3호선,마두,2762,2733,5495
202107,3호선,정발산,3857,3822,7679
202107,3호선,주엽,3517,3548,7065
202107,3호선,대화,5222,4698,9920
202107,3호선,마두,4171,4139,8310
202107,3호선,백석,6103,6232,12335
202107,3호선,대곡,1120,955,2075
202107,3호선,대화,6880,6208,13088
202107,3호선,주엽,5266,5304,10570
202107,3호선,정발산,5002,5260,10262
202107,3호선,화정,10335,10710,21045
202107,3호선,원당,6878,6688,13566
202107,3호선,삼송,10928,10774,21702
202107,3호선,지축,1,0,1
202107,3호선,원흥,5931,5811,11742
202107,3호선,지축,2266,2183,4449
202107,3호선,구파발,12539,12521,25060
202107,3호선,연신내,24988,23182,48170
202107,3호선,불광,10562,11818,22380
202107,3호선,녹번,8465,7435,15900
202107,3호선,홍제,10701,10057,20758
202107,3호선,무악재,2139,2171,4310
202107,3호선,독립문,4617,4655,9272
202107,3호선,경복궁,9993,10077,20070
202107,3호선,안국,8448,9360,17808
202107,3호선,종로3가,4366,5763,10129
202107,3호선,을지로3가,3598,3939,7537
202107,3호선,충무로,1,0,1
202107,3호선,동대입구,4701,4953,9654
202107,3호선,약수,7494,7233,14727
202107,3호선,금호,4823,4355,9178
202107,3호선,옥수,5586,5744,11330
202107,3호선,압구정,19880,20642,40522
202107,3호선,신사,18104,18977,37081
202107,3호선,잠원,2859,2728,5587
202107,3호선,고속터미널,31672,34146,65818
202107,3호선,교대,5431,3211,8642
202107,3호선,남부터미널,15295,16113,31408
202107,3호선,양재,15944,17183,33127
202107,3호선,매봉,5188,5014,10202
202107,3호선,도곡,2918,2837,5755
202107,3호선,대치,7590,6944,14534
202107,3호선,학여울,1777,1964,3741
202107,3호선,대청,4636,4307,8943
202107,3호선,일원,4279,4153,8432
202107,3호선,수서,10005,10574,20579
202107,3호선,가락시장,4973,4642,9615
202107,3호선,경찰병원,3386,3296,6682
202107,3호선,오금,3192,2958,6150
202107,3호선,지축,1502,1432,2934
202107,3호선,구파발,8563,8811,17374
202107,3호선,연신내,16532,15870,32402
202107,3호선,불광,7251,8433,15684
202107,3호선,녹번,5498,4930,10428
202107,3호선,홍제,6734,6528,13262
202107,3호선,무악재,1460,1442,2902
202107,3호선,독립문,2941,2937,5878
202107,3호선,경복궁,6998,7428,14426
202107,3호선,안국,5794,6118,11912
202107,3호선,종로3가,2678,3369,6047
202107,3호선,을지로3가,2220,2055,4275
202107,3호선,동대입구,4120,4427,8547
202107,3호선,약수,4970,4760,9730
202107,3호선,금호,3248,3113,6361
202107,3호선,옥수,3747,4032,7779
202107,3호선,압구정,10376,10787,21163
202107,3호선,신사,9087,9271,18358
202107,3호선,잠원,1481,1585,3066
202107,3호선,고속터미널,26981,24466,51447
202107,3호선,교대,3297,2088,5385
202107,3호선,남부터미널,10611,10878,21489
202107,3호선,양재,9541,11080,20621
202107,3호선,매봉,3478,3487,6965
202107,3호선,도곡,1563,1550,3113
202107,3호선,대치,4548,4004,8552
202107,3호선,학여울,568,595,1163
202107,3호선,대청,3007,3027,6034
202107,3호선,일원,2373,2555,4928
202107,3호선,수서,7856,7520,15376
202107,3호선,가락시장,2657,2947,5604
202107,3호선,경찰병원,2046,2098,4144
202107,3호선,오금,2014,1994,4008
202107,3호선,원흥,4201,4069,8270
202107,3호선,삼송,7740,7718,15458
202107,3호선,원당,4819,4704,9523
202107,3호선,화정,7178,7370,14548
202107,3호선,대곡,841,740,1581
202107,3호선,백석,4312,4245,8557
202107,3호선,마두,2593,2495,5088
202107,3호선,정발산,3757,3682,7439
202107,3호선,주엽,3274,3206,6480
202107,3호선,대화,4661,4361,9022
202107,3호선,화정,9541,9871,19412
202107,3호선,원당,6145,6020,12165
202107,3호선,삼송,10055,9994,20049
202107,3호선,오금,2646,2555,5201
202107,3호선,경찰병원,3023,2977,6000
202107,3호선,가락시장,4644,4219,8863
202107,3호선,수서,8289,9065,17354
202107,3호선,일원,3850,3908,7758
202107,3호선,대청,4800,4398,9198
202107,3호선,학여울,806,755,1561
202107,3호선,대치,7574,6854,14428
202107,3호선,도곡,2358,2271,4629
202107,3호선,매봉,4537,4391,8928
202107,3호선,양재,14104,15193,29297
202107,3호선,남부터미널,13735,14479,28214
202107,3호선,교대,4925,2980,7905
202107,3호선,고속터미널,28704,30498,59202
202107,3호선,잠원,2512,2403,4915
202107,3호선,신사,16149,16716,32865
202107,3호선,압구정,18557,19121,37678
202107,3호선,옥수,5291,5271,10562
202107,3호선,금호,4455,4144,8599
202107,3호선,약수,6856,6501,13357
202107,3호선,동대입구,4061,4303,8364
202107,3호선,을지로3가,3432,3516,6948
202107,3호선,종로3가,3773,5046,8819
202107,3호선,안국,7323,8195,15518
202107,3호선,경복궁,8783,8868,17651
202107,3호선,독립문,3914,3826,7740
202107,3호선,무악재,1965,2002,3967
202107,3호선,홍제,9676,9108,18784
202107,3호선,녹번,7640,6809,14449
202107,3호선,불광,9655,11037,20692
202107,3호선,연신내,22915,21426,44341
202107,3호선,구파발,11965,12176,24141
202107,3호선,지축,2117,2095,4212
202107,3호선,원흥,5408,5276,10684
202107,3호선,대곡,997,904,1901
202107,3호선,백석,5724,5768,11492
202107,3호선,마두,4058,4033,8091
202107,3호선,정발산,4756,4843,9599
202107,3호선,주엽,4944,4880,9824
202107,3호선,대화,6411,5794,12205
202107,3호선,독립문,2515,2671,5186
202107,3호선,경복궁,6457,6757,13214
202107,3호선,안국,5405,5939,11344
202107,3호선,종로3가,2435,3072,5507
202107,3호선,을지로3가,1746,1644,3390
202107,3호선,동대입구,3668,3769,7437
202107,3호선,구파발,8386,8816,17202
202107,3호선,연신내,15799,14818,30617
202107,3호선,불광,6611,7735,14346
202107,3호선,녹번,5026,4539,9565
202107,3호선,홍제,6317,6083,12400
202107,3호선,무악재,1278,1380,2658
202107,3호선,대화,4521,4234,8755
202107,3호선,주엽,3127,3057,6184
202107,3호선,정발산,3545,3586,7131
202107,3호선,마두,2622,2592,5214
202107,3호선,백석,4256,4082,8338
202107,3호선,대곡,753,640,1393
202107,3호선,화정,6780,6998,13778
202107,3호선,원당,4304,4248,8552
202107,3호선,삼송,7347,7122,14469
202107,3호선,원흥,3756,3524,7280
202107,3호선,오금,1790,1805,3595
202107,3호선,경찰병원,1922,2028,3950
202107,3호선,가락시장,2504,2802,5306
202107,3호선,수서,7320,6756,14076
202107,3호선,일원,2206,2341,4547
202107,3호선,대청,2846,2808,5654
202107,3호선,학여울,506,508,1014
202107,3호선,대치,4644,4130,8774
202107,3호선,도곡,1316,1425,2741
202107,3호선,매봉,2808,2893,5701
202107,3호선,양재,8181,9768,17949
202107,3호선,남부터미널,9903,9975,19878
202107,3호선,교대,2747,1791,4538
202107,3호선,고속터미널,25789,22121,47910
202107,3호선,잠원,1461,1414,2875
202107,3호선,신사,8221,8290,16511
202107,3호선,압구정,8908,9446,18354
202107,3호선,옥수,3575,3832,7407
202107,3호선,금호,2960,2887,5847
202107,3호선,약수,4521,4458,8979
202107,3호선,지축,1410,1351,2761
202107,3호선,지축,2041,1990,4031
202107,3호선,구파발,11839,11960,23799
202107,3호선,연신내,23075,21396,44471
202107,3호선,불광,9732,10918,20650
202107,3호선,녹번,7628,6654,14282
202107,3호선,홍제,9662,9082,18744
202107,3호선,무악재,1975,2029,4004
202107,3호선,독립문,3744,3589,7333
202107,3호선,경복궁,8775,8938,17713
202107,3호선,안국,7311,8027,15338
202107,3호선,종로3가,3855,4950,8805
202107,3호선,을지로3가,3428,3622,7050
202107,3호선,동대입구,3881,3919,7800
202107,3호선,약수,6883,6437,13320
202107,3호선,금호,4415,4039,8454
202107,3호선,옥수,5143,5283,10426
202107,3호선,압구정,18833,19475,38308
202107,3호선,신사,16665,17013,33678
202107,3호선,잠원,2524,2431,4955
202107,3호선,고속터미널,30227,31777,62004
202107,3호선,교대,4716,2802,7518
202107,3호선,남부터미널,13691,14671,28362
202107,3호선,양재,13542,14656,28198
202107,3호선,매봉,4372,4286,8658
202107,3호선,도곡,2341,2248,4589
202107,3호선,대치,7616,6778,14394
202107,3호선,학여울,744,689,1433
202107,3호선,대청,4361,3981,8342
202107,3호선,일원,3362,3401,6763
202107,3호선,수서,8461,9185,17646
202107,3호선,가락시장,4582,4255,8837
202107,3호선,경찰병원,2958,2992,5950
202107,3호선,오금,2944,2859,5803
202107,3호선,원흥,5302,5165,10467
202107,3호선,삼송,9844,9898,19742
202107,3호선,원당,5933,5738,11671
202107,3호선,화정,9280,9593,18873
202107,3호선,대곡,943,839,1782
202107,3호선,백석,5642,5605,11247
202107,3호선,마두,3913,3978,7891
202107,3호선,정발산,4809,4865,9674
202107,3호선,주엽,4863,4902,9765
202107,3호선,대화,6348,5861,12209
202107,3호선,대화,4753,4350,9103
202107,3호선,지축,1347,1280,2627
202107,3호선,구파발,8484,8686,17170
202107,3호선,연신내,15678,14886,30564
202107,3호선,불광,6845,7834,14679
202107,3호선,녹번,4860,4439,9299
202107,3호선,홍제,6369,6163,12532
202107,3호선,무악재,1249,1321,2570
202107,3호선,독립문,2610,2518,5128
202107,3호선,경복궁,6176,6487,12663
202107,3호선,안국,5273,5765,11038
202107,3호선,종로3가,2449,3135,5584
202107,3호선,을지로3가,1767,1806,3573
202107,3호선,동대입구,3118,3315,6433
202107,3호선,약수,4309,4229,8538
202107,3호선,금호,2954,2802,5756
202107,3호선,옥수,3408,3701,7109
202107,3호선,압구정,9573,10027,19600
202107,3호선,신사,8395,8540,16935
202107,3호선,잠원,1385,1386,2771
202107,3호선,고속터미널,26540,23297,49837
202107,3호선,교대,2779,1783,4562
202107,3호선,남부터미널,10008,10000,20008
202107,3호선,양재,8147,9566,17713
202107,3호선,매봉,2839,2930,5769
202107,3호선,도곡,1221,1309,2530
202107,3호선,대치,4605,3912,8517
202107,3호선,학여울,510,524,1034
202107,3호선,대청,2759,2585,5344
202107,3호선,일원,2203,2349,4552
202107,3호선,수서,7139,6628,13767
202107,3호선,가락시장,2348,2634,4982
202107,3호선,경찰병원,1928,1988,3916
202107,3호선,오금,1867,1903,3770
202107,3호선,원흥,3723,3573,7296
202107,3호선,지축,1,0,1
202107,3호선,삼송,7396,7281,14677
202107,3호선,원당,4176,4220,8396
202107,3호선,화정,6656,6876,13532
202107,3호선,대곡,703,620,1323
202107,3호선,백석,3983,3982,7965
202107,3호선,마두,2509,2496,5005
202107,3호선,정발산,3534,3464,6998
202107,3호선,주엽,3289,3210,6499
202107,3호선,대화,6375,5809,12184
202107,3호선,오금,2564,2472,5036
202107,3호선,경찰병원,2850,2818,5668
202107,3호선,가락시장,4409,4043,8452
202107,3호선,수서,8451,9316,17767
202107,3호선,일원,3566,3566,7132
202107,3호선,대청,4205,3753,7958
202107,3호선,학여울,824,784,1608
202107,3호선,대치,7191,6359,13550
202107,3호선,도곡,2194,2117,4311
202107,3호선,매봉,4311,4207,8518
202107,3호선,양재,12950,14039,26989
202107,3호선,남부터미널,13203,14274,27477
202107,3호선,교대,4459,2655,7114
202107,3호선,고속터미널,30643,33184,63827
202107,3호선,잠원,2609,2395,5004
202107,3호선,신사,16201,16821,33022
202107,3호선,압구정,18007,18655,36662
202107,3호선,옥수,5043,5178,10221
202107,3호선,금호,4413,4075,8488
202107,3호선,약수,6743,6288,13031
202107,3호선,동대입구,4004,4100,8104
202107,3호선,충무로,1,0,1
202107,3호선,을지로3가,3241,3448,6689
202107,3호선,종로3가,3502,4670,8172
202107,3호선,안국,7442,8207,15649
202107,3호선,경복궁,8771,9101,17872
202107,3호선,독립문,3836,3690,7526
202107,3호선,무악재,1983,1991,3974
202107,3호선,홍제,9449,9003,18452
202107,3호선,녹번,7369,6479,13848
202107,3호선,불광,9492,10584,20076
202107,3호선,연신내,22444,20713,43157
202107,3호선,구파발,11147,11190,22337
202107,3호선,지축,2070,2045,4115
202107,3호선,원흥,5381,5182,10563
202107,3호선,지축,1,0,1
202107,3호선,삼송,10164,10151,20315
202107,3호선,원당,5947,5721,11668
202107,3호선,화정,9324,9666,18990
202107,3호선,대곡,1001,824,1825
202107,3호선,백석,5482,5605,11087
202107,3호선,마두,3877,3923,7800
202107,3호선,정발산,4646,4681,9327
202107,3호선,주엽,4863,4828,9691
202108,3호선,마두,2306,2354,4660
202108,3호선,정발산,3334,3307,6641
202108,3호선,주엽,3047,3044,6091
202108,3호선,대화,4520,4151,8671
202108,3호선,대곡,771,611,1382
202108,3호선,오금,1687,1723,3410
202108,3호선,경찰병원,1908,1958,3866
202108,3호선,가락시장,2494,2803,5297
202108,3호선,수서,7124,6594,13718
202108,3호선,일원,2162,2293,4455
202108,3호선,대청,2835,2761,5596
202108,3호선,학여울,553,565,1118
202108,3호선,대치,4467,3861,8328
202108,3호선,도곡,1444,1395,2839
202108,3호선,매봉,2658,2790,5448
202108,3호선,양재,7991,9542,17533
202108,3호선,남부터미널,10152,9991,20143
202108,3호선,교대,2825,1764,4589
202108,3호선,고속터미널,27221,23843,51064
202108,3호선,잠원,1407,1454,2861
202108,3호선,신사,8348,8424,16772
202108,3호선,압구정,8655,9056,17711
202108,3호선,옥수,3348,3679,7027
202108,3호선,금호,2836,2763,5599
202108,3호선,약수,4385,4207,8592
202108,3호선,동대입구,2992,3188,6180
202108,3호선,을지로3가,1788,1735,3523
202108,3호선,종로3가,2438,3034,5472
202108,3호선,안국,5440,5654,11094
202108,3호선,경복궁,5964,6162,12126
202108,3호선,독립문,2383,2502,4885
202108,3호선,무악재,1338,1380,2718
202108,3호선,홍제,6141,5909,12050
202108,3호선,녹번,4777,4450,9227
202108,3호선,불광,6409,7178,13587
202108,3호선,연신내,14890,14302,29192
202108,3호선,구파발,7881,8189,16070
202108,3호선,지축,1265,1275,2540
202108,3호선,백석,3937,3888,7825
202108,3호선,화정,6483,6782,13265
202108,3호선,원당,4204,4128,8332
202108,3호선,삼송,7121,7029,14150
202108,3호선,원흥,3656,3505,7161
202108,3호선,마두,4180,3761,7941
202108,3호선,정발산,5073,5189,10262
202108,3호선,주엽,5272,5221,10493
202108,3호선,대화,7248,6312,13560
202108,3호선,삼송,10562,10513,21075
202108,3호선,원당,6515,6140,12655
202108,3호선,화정,9921,10396,20317
202108,3호선,대곡,1040,904,1944
202108,3호선,백석,5784,5979,11763
202108,3호선,지축,2246,2248,4494
202108,3호선,구파발,12261,12243,24504
202108,3호선,연신내,24229,22819,47048
202108,3호선,불광,9992,11160,21152
202108,3호선,녹번,7998,6887,14885
202108,3호선,홍제,10086,9407,19493
202108,3호선,무악재,2070,2108,4178
202108,3호선,독립문,4004,4055,8059
202108,3호선,경복궁,9927,10516,20443
202108,3호선,안국,8435,9462,17897
202108,3호선,종로3가,4318,5755,10073
202108,3호선,을지로3가,3667,3852,7519
202108,3호선,충무로,1,0,1
202108,3호선,동대입구,4252,4447,8699
202108,3호선,약수,7105,6732,13837
202108,3호선,금호,4754,4416,9170
202108,3호선,옥수,5409,5625,11034
202108,3호선,압구정,18941,19472,38413
202108,3호선,신사,17814,18473,36287
202108,3호선,잠원,3107,3005,6112
202108,3호선,고속터미널,31873,32775,64648
202108,3호선,교대,4926,2949,7875
202108,3호선,남부터미널,13951,14664,28615
202108,3호선,양재,14468,15509,29977
202108,3호선,매봉,4570,4367,8937
202108,3호선,도곡,2303,2339,4642
202108,3호선,대치,7738,6762,14500
202108,3호선,학여울,773,728,1501
202108,3호선,대청,4840,4490,9330
202108,3호선,일원,3743,3807,7550
202108,3호선,수서,8913,9527,18440
202108,3호선,가락시장,4286,4260,8546
202108,3호선,경찰병원,3158,3223,6381
202108,3호선,오금,2828,2759,5587
202108,3호선,원흥,5695,5588,11283
202108,3호선,원흥,3748,3669,7417
202108,3호선,삼송,7739,7571,15310
202108,3호선,원당,4487,4429,8916
202108,3호선,화정,6988,7134,14122
202108,3호선,대곡,764,696,1460
202108,3호선,백석,4218,4140,8358
202108,3호선,마두,2531,2554,5085
202108,3호선,정발산,3548,3601,7149
202108,3호선,주엽,3362,3389,6751
202108,3호선,대화,4695,4532,9227
202108,3호선,지축,1428,1352,2780
202108,3호선,구파발,8945,9018,17963
202108,3호선,연신내,16360,15670,32030
202108,3호선,불광,6869,8023,14892
202108,3호선,녹번,5063,4739,9802
202108,3호선,홍제,6388,6277,12665
202108,3호선,무악재,1381,1502,2883
202108,3호선,독립문,2845,2925,5770
202108,3호선,경복궁,7058,7389,14447
202108,3호선,안국,6354,6891,13245
202108,3호선,종로3가,2673,3498,6171
202108,3호선,을지로3가,1825,1910,3735
202108,3호선,동대입구,3289,3544,6833
202108,3호선,약수,4581,4465,9046
202108,3호선,금호,3145,2995,6140
202108,3호선,옥수,3753,4016,7769
202108,3호선,압구정,9614,9960,19574
202108,3호선,신사,9096,9365,18461
202108,3호선,잠원,1458,1456,2914
202108,3호선,고속터미널,27806,24426,52232
202108,3호선,교대,3009,1919,4928
202108,3호선,남부터미널,10534,10349,20883
202108,3호선,양재,8611,10096,18707
202108,3호선,매봉,2946,3019,5965
202108,3호선,도곡,1351,1452,2803
202108,3호선,대치,4685,4086,8771
202108,3호선,학여울,568,559,1127
202108,3호선,대청,2885,2854,5739
202108,3호선,일원,2459,2515,4974
202108,3호선,수서,7447,6872,14319
202108,3호선,가락시장,2518,2790,5308
202108,3호선,경찰병원,2025,2036,4061
202108,3호선,오금,1907,1857,3764
202108,3호선,대화,7032,6353,13385
202108,3호선,주엽,5336,5220,10556
202108,3호선,정발산,5076,5184,10260
202108,3호선,마두,4118,4146,8264
202108,3호선,백석,5976,6131,12107
202108,3호선,대곡,1098,967,2065
202108,3호선,화정,10096,10625,20721
202108,3호선,원당,6616,6351,12967
202108,3호선,삼송,10961,10789,21750
202108,3호선,원흥,5840,5610,11450
202108,3호선,오금,2929,2791,5720
202108,3호선,경찰병원,3185,3024,6209
202108,3호선,가락시장,4707,4456,9163
202108,3호선,수서,9488,10352,19840
202108,3호선,일원,3666,3717,7383
202108,3호선,대청,4547,4158,8705
202108,3호선,학여울,923,933,1856
202108,3호선,대치,7575,6812,14387
202108,3호선,도곡,2390,2327,4717
202108,3호선,매봉,4754,4550,9304
202108,3호선,양재,14785,15952,30737
202108,3호선,남부터미널,14885,16588,31473
202108,3호선,교대,5030,2982,8012
202108,3호선,고속터미널,32320,35864,68184
202108,3호선,잠원,2706,2458,5164
202108,3호선,신사,17564,18321,35885
202108,3호선,압구정,19303,20092,39395
202108,3호선,옥수,5675,5623,11298
202108,3호선,금호,4766,4315,9081
202108,3호선,약수,7290,6697,13987
202108,3호선,동대입구,4395,4744,9139
202108,3호선,을지로3가,3663,3958,7621
202108,3호선,종로3가,4149,6092,10241
202108,3호선,안국,9721,10320,20041
202108,3호선,경복궁,9949,10620,20569
202108,3호선,독립문,4597,4651,9248
202108,3호선,무악재,2128,2219,4347
202108,3호선,홍제,10326,9576,19902
202108,3호선,녹번,8102,6967,15069
202108,3호선,불광,10202,11297,21499
202108,3호선,연신내,24369,22534,46903
202108,3호선,구파발,12832,12819,25651
202108,3호선,지축,2378,2369,4747
202108,3호선,대화,5008,4581,9589
202108,3호선,주엽,3642,3647,7289
202108,3호선,정발산,3980,4129,8109
202108,3호선,마두,2746,2779,5525
202108,3호선,백석,4519,4493,9012
202108,3호선,대곡,877,780,1657
202108,3호선,화정,7492,7775,15267
202108,3호선,원당,4819,4757,9576
202108,3호선,삼송,8448,8270,16718
202108,3호선,원흥,4207,3989,8196
202108,3호선,오금,1851,1837,3688
202108,3호선,경찰병원,2115,2130,4245
202108,3호선,가락시장,2832,3065,5897
202108,3호선,수서,7346,7006,14352
202108,3호선,일원,2558,2702,5260
202108,3호선,대청,3213,2998,6211
202108,3호선,학여울,620,648,1268
202108,3호선,대치,4770,4134,8904
202108,3호선,도곡,1462,1455,2917
202108,3호선,매봉,3113,3187,6300
202108,3호선,양재,9367,10547,19914
202108,3호선,남부터미널,10434,10458,20892
202108,3호선,교대,3121,1907,5028
202108,3호선,고속터미널,26967,25089,52056
202108,3호선,잠원,1693,1679,3372
202108,3호선,신사,9963,10417,20380
202108,3호선,압구정,10151,10767,20918
202108,3호선,옥수,4136,4323,8459
202108,3호선,금호,3280,3178,6458
202108,3호선,약수,5038,4720,9758
202108,3호선,동대입구,3952,4393,8345
202108,3호선,을지로3가,2248,2332,4580
202108,3호선,종로3가,2942,4342,7284
202108,3호선,안국,7769,8528,16297
202108,3호선,경복궁,7181,8038,15219
202108,3호선,독립문,3695,4056,7751
202108,3호선,무악재,1545,1565,3110
202108,3호선,홍제,7192,6830,14022
202108,3호선,녹번,5559,5086,10645
202108,3호선,불광,7706,8931,16637
202108,3호선,연신내,17805,16663,34468
202108,3호선,구파발,9685,10059,19744
202108,3호선,지축,1670,1613,3283
202108,3호선,대화,6008,5547,11555
202108,3호선,주엽,4670,4686,9356
202108,3호선,정발산,4574,4698,9272
202108,3호선,마두,3733,3720,7453
202108,3호선,백석,5352,5510,10862
202108,3호선,대곡,908,763,1671
202108,3호선,화정,8953,9426,18379
202108,3호선,원당,5703,5574,11277
202108,3호선,삼송,9928,9677,19605
202108,3호선,원흥,5145,4872,10017
202108,3호선,오금,2657,2549,5206
202108,3호선,경찰병원,2956,2978,5934
202108,3호선,가락시장,4406,4129,8535
202108,3호선,수서,9221,9326,18547
202108,3호선,일원,3524,3572,7096
202108,3호선,대청,4239,3948,8187
202108,3호선,학여울,792,739,1531
202108,3호선,대치,7736,6694,14430
202108,3호선,도곡,2329,2184,4513
202108,3호선,매봉,4399,4351,8750
202108,3호선,양재,14370,15520,29890
202108,3호선,남부터미널,14896,15238,30134
202108,3호선,교대,4980,3051,8031
202108,3호선,고속터미널,31775,32615,64390
202108,3호선,잠원,2360,2302,4662
202108,3호선,신사,16742,17513,34255
202108,3호선,압구정,18686,19383,38069
202108,3호선,옥수,5074,5154,10228
202108,3호선,금호,4331,4025,8356
202108,3호선,약수,6707,6244,12951
202108,3호선,동대입구,4041,4091,8132
202108,3호선,충무로,1,0,1
202108,3호선,을지로3가,3582,3750,7332
202108,3호선,종로3가,4122,5427,9549
202108,3호선,안국,8263,9105,17368
202108,3호선,경복궁,8746,8942,17688
202108,3호선,독립문,3771,3666,7437
202108,3호선,무악재,1976,2103,4079
202108,3호선,홍제,9318,8669,17987
202108,3호선,녹번,7656,6701,14357
202108,3호선,불광,8779,9608,18387
202108,3호선,연신내,21367,20553,41920
202108,3호선,구파발,10993,10776,21769
202108,3호선,지축,2111,2172,4283
202108,3호선,지축,1835,1719,3554
202108,3호선,구파발,10135,10256,20391
202108,3호선,연신내,18345,17423,35768
202108,3호선,불광,8079,9208,17287
202108,3호선,녹번,5921,5199,11120
202108,3호선,홍제,7527,7075,14602
202108,3호선,무악재,1633,1644,3277
202108,3호선,독립문,3536,3602,7138
202108,3호선,경복궁,8332,9014,17346
202108,3호선,안국,7697,8594,16291
202108,3호선,종로3가,2989,4141,7130
202108,3호선,을지로3가,2234,2264,4498
202108,3호선,충무로,1,0,1
202108,3호선,동대입구,3698,4102,7800
202108,3호선,약수,5181,5023,10204
202108,3호선,금호,3636,3431,7067
202108,3호선,옥수,4223,4550,8773
202108,3호선,압구정,10777,11166,21943
202108,3호선,신사,10356,10432,20788
202108,3호선,잠원,1814,1735,3549
202108,3호선,고속터미널,28956,26322,55278
202108,3호선,교대,3299,2129,5428
202108,3호선,남부터미널,12081,12397,24478
202108,3호선,양재,10116,11836,21952
202108,3호선,매봉,3260,3309,6569
202108,3호선,도곡,1355,1467,2822
202108,3호선,대치,5215,4480,9695
202108,3호선,학여울,625,613,1238
202108,3호선,대청,3360,3242,6602
202108,3호선,일원,2706,2867,5573
202108,3호선,수서,7998,7587,15585
202108,3호선,가락시장,2913,3172,6085
202108,3호선,경찰병원,2096,2194,4290
202108,3호선,오금,2294,2247,4541
202108,3호선,원흥,4312,4175,8487
202108,3호선,삼송,8726,8690,17416
202108,3호선,원당,5250,5013,10263
202108,3호선,화정,7697,7992,15689
202108,3호선,대곡,912,774,1686
202108,3호선,백석,4594,4569,9163
202108,3호선,마두,2943,2893,5836
202108,3호선,정발산,4569,4636,9205
202108,3호선,주엽,3864,3658,7522
202108,3호선,대화,5306,4786,10092
202108,3호선,지축,2717,2662,5379
202108,3호선,구파발,13237,13119,26356
202108,3호선,연신내,25891,24424,50315
202108,3호선,불광,11064,12683,23747
202108,3호선,녹번,8876,7783,16659
202108,3호선,홍제,11136,10457,21593
202108,3호선,무악재,2303,2370,4673
202108,3호선,독립문,4832,4977,9809
202108,3호선,경복궁,12275,13121,25396
202108,3호선,안국,10550,12168,22718
202108,3호선,종로3가,4666,6623,11289
202108,3호선,을지로3가,4266,4457,8723
202108,3호선,충무로,1,0,1
202108,3호선,동대입구,5136,5534,10670
202108,3호선,약수,7953,7499,15452
202108,3호선,금호,5231,4778,10009
202108,3호선,옥수,6311,6490,12801
202108,3호선,압구정,21503,22291,43794
202108,3호선,신사,20197,20902,41099
202108,3호선,잠원,2941,2767,5708
202108,3호선,고속터미널,36560,36664,73224
202108,3호선,교대,5648,3293,8941
202108,3호선,남부터미널,17665,18472,36137
202108,3호선,양재,16745,17985,34730
202108,3호선,매봉,5036,4917,9953
202108,3호선,도곡,2798,2640,5438
202108,3호선,대치,8384,7551,15935
202108,3호선,학여울,1063,1058,2121
202108,3호선,대청,4995,4562,9557
202108,3호선,일원,4115,4190,8305
202108,3호선,수서,10488,10776,21264
202108,3호선,가락시장,5411,5088,10499
202108,3호선,경찰병원,3409,3288,6697
202108,3호선,오금,3278,3184,6462
202108,3호선,원흥,6245,6217,12462
202108,3호선,지축,1,0,1
202108,3호선,삼송,12009,11890,23899
202108,3호선,원당,7368,7136,14504
202108,3호선,화정,11234,11532,22766
202108,3호선,대곡,1187,1057,2244
202108,3호선,백석,6487,6539,13026
202108,3호선,마두,4590,4618,9208
202108,3호선,정발산,5925,6081,12006
202108,3호선,주엽,5837,5739,11576
202108,3호선,대화,7606,6919,14525
202108,3호선,원흥,4562,4323,8885
202108,3호선,삼송,8909,8620,17529
202108,3호선,원당,5178,5038,10216
202108,3호선,화정,8096,8249,16345
202108,3호선,대곡,937,810,1747
202108,3호선,백석,4839,4792,9631
202108,3호선,마두,3049,3045,6094
202108,3호선,정발산,4517,4486,9003
202108,3호선,주엽,3861,3904,7765
202108,3호선,대화,5304,4876,10180
202108,3호선,지축,1774,1755,3529
202108,3호선,구파발,9785,10037,19822
202108,3호선,연신내,18375,17324,35699
202108,3호선,불광,7928,9371,17299
202108,3호선,녹번,6054,5491,11545
202108,3호선,홍제,7474,7195,14669
202108,3호선,무악재,1530,1612,3142
202108,3호선,독립문,3597,3680,7277
202108,3호선,경복궁,8605,9239,17844
202108,3호선,안국,7727,8582,16309
202108,3호선,종로3가,2787,3889,6676
202108,3호선,을지로3가,2278,2372,4650
202108,3호선,동대입구,3773,4228,8001
202108,3호선,약수,5287,5118,10405
202108,3호선,금호,3794,3592,7386
202108,3호선,옥수,4281,4547,8828
202108,3호선,압구정,11024,11522,22546
202108,3호선,신사,10894,11329,22223
202108,3호선,잠원,2105,2008,4113
202108,3호선,고속터미널,30776,27585,58361
202108,3호선,교대,3440,2101,5541
202108,3호선,남부터미널,13175,13357,26532
202108,3호선,양재,10342,12168,22510
202108,3호선,매봉,3370,3346,6716
202108,3호선,도곡,1539,1594,3133
202108,3호선,대치,5396,4604,10000
202108,3호선,학여울,791,774,1565
202108,3호선,대청,3485,3432,6917
202108,3호선,일원,2553,2834,5387
202108,3호선,수서,8467,8135,16602
202108,3호선,가락시장,3068,3332,6400
202108,3호선,경찰병원,2199,2257,4456
202108,3호선,오금,2288,2321,4609
202109,3호선,지축,2857,2702,5559
202109,3호선,구파발,14107,14185,28292
202109,3호선,연신내,27183,25490,52673
202109,3호선,불광,11799,13616,25415
202109,3호선,녹번,9107,8195,17302
202109,3호선,홍제,11614,10913,22527
202109,3호선,무악재,2452,2591,5043
202109,3호선,독립문,5292,5575,10867
202109,3호선,경복궁,14231,15753,29984
202109,3호선,안국,12013,13833,25846
202109,3호선,종로3가,4986,7120,12106
202109,3호선,을지로3가,4480,4680,9160
202109,3호선,동대입구,5270,5721,10991
202109,3호선,약수,8225,7716,15941
202109,3호선,금호,5352,4903,10255
202109,3호선,옥수,6689,6640,13329
202109,3호선,압구정,22868,23774,46642
202109,3호선,신사,21098,22333,43431
202109,3호선,잠원,3402,3136,6538
202109,3호선,고속터미널,39199,40051,79250
202109,3호선,교대,6006,3551,9557
202109,3호선,남부터미널,17957,18584,36541
202109,3호선,양재,17309,18871,36180
202109,3호선,매봉,5388,5164,10552
202109,3호선,도곡,2912,2746,5658
202109,3호선,대치,8878,7943,16821
202109,3호선,학여울,2035,2163,4198
202109,3호선,대청,5259,4892,10151
202109,3호선,일원,4577,4521,9098
202109,3호선,수서,11078,11350,22428
202109,3호선,가락시장,5685,5489,11174
202109,3호선,경찰병원,3673,3523,7196
202109,3호선,오금,3579,3472,7051
202109,3호선,백석,6864,6809,13673
202109,3호선,마두,4701,4776,9477
202109,3호선,정발산,5791,5885,11676
202109,3호선,주엽,5990,5880,11870
202109,3호선,대화,7775,7009,14784
202109,3호선,원흥,6725,6499,13224
202109,3호선,삼송,12609,12489,25098
202109,3호선,원당,7794,7489,15283
202109,3호선,화정,11656,12011,23667
202109,3호선,대곡,1319,1150,2469
202109,3호선,원당,5657,5473,11130
202109,3호선,원흥,4893,4598,9491
202109,3호선,화정,8520,8672,17192
202109,3호선,오금,2369,2365,4734
202109,3호선,경찰병원,2344,2508,4852
202109,3호선,가락시장,3360,3563,6923
202109,3호선,수서,8851,8671,17522
202109,3호선,일원,2819,3044,5863
202109,3호선,대청,3552,3492,7044
202109,3호선,학여울,1480,1531,3011
202109,3호선,대치,5735,4927,10662
202109,3호선,도곡,1626,1649,3275
202109,3호선,매봉,3628,3699,7327
202109,3호선,양재,11003,12867,23870
202109,3호선,남부터미널,13122,13179,26301
202109,3호선,교대,3610,2282,5892
202109,3호선,고속터미널,32470,29426,61896
202109,3호선,잠원,2302,2197,4499
202109,3호선,신사,11584,11920,23504
202109,3호선,압구정,11870,12334,24204
202109,3호선,옥수,4657,4747,9404
202109,3호선,금호,3753,3545,7298
202109,3호선,약수,5685,5521,11206
202109,3호선,동대입구,4194,4715,8909
202109,3호선,을지로3가,2454,2479,4933
202109,3호선,종로3가,3283,4339,7622
202109,3호선,안국,8507,9364,17871
202109,3호선,경복궁,10082,11076,21158
202109,3호선,독립문,3817,4177,7994
202109,3호선,무악재,1755,1964,3719
202109,3호선,홍제,8013,7646,15659
202109,3호선,녹번,6389,5802,12191
202109,3호선,불광,8481,10162,18643
202109,3호선,연신내,19295,17956,37251
202109,3호선,구파발,10313,10422,20735
202109,3호선,지축,2021,1927,3948
202109,3호선,삼송,9377,9165,18542
202109,3호선,대화,5562,5033,10595
202109,3호선,주엽,3994,3895,7889
202109,3호선,정발산,4289,4249,8538
202109,3호선,마두,3087,3048,6135
202109,3호선,백석,4797,4742,9539
202109,3호선,대곡,904,770,1674
202109,3호선,지축,2916,2877,5793
202109,3호선,구파발,14500,14654,29154
202109,3호선,연신내,28039,26277,54316
202109,3호선,불광,12377,14039,26416
202109,3호선,녹번,9575,8437,18012
202109,3호선,홍제,12276,11449,23725
202109,3호선,무악재,2565,2686,5251
202109,3호선,독립문,5420,5638,11058
202109,3호선,경복궁,14501,15913,30414
202109,3호선,안국,12810,14782,27592
202109,3호선,종로3가,5259,7249,12508
202109,3호선,을지로3가,4469,4926,9395
202109,3호선,충무로,1,0,1
202109,3호선,동대입구,5470,6005,11475
202109,3호선,약수,8447,8028,16475
202109,3호선,금호,5625,5066,10691
202109,3호선,옥수,6702,6780,13482
202109,3호선,압구정,23807,24604,48411
202109,3호선,신사,22254,23140,45394
202109,3호선,잠원,3646,3462,7108
202109,3호선,고속터미널,41028,41325,82353
202109,3호선,교대,6202,3757,9959
202109,3호선,남부터미널,18122,18602,36724
202109,3호선,양재,18448,19943,38391
202109,3호선,매봉,5643,5474,11117
202109,3호선,도곡,3144,3209,6353
202109,3호선,대치,9018,7991,17009
202109,3호선,학여울,2626,2952,5578
202109,3호선,대청,5645,5122,10767
202109,3호선,일원,4592,4563,9155
202109,3호선,수서,12003,12184,24187
202109,3호선,가락시장,5707,5329,11036
202109,3호선,경찰병원,3872,3737,7609
202109,3호선,오금,3653,3547,7200
202109,3호선,원흥,6747,6564,13311
202109,3호선,삼송,13272,12878,26150
202109,3호선,원당,8031,7594,15625
202109,3호선,화정,12159,12581,24740
202109,3호선,대곡,1280,1164,2444
202109,3호선,백석,7162,7210,14372
202109,3호선,마두,4850,4899,9749
202109,3호선,정발산,6308,6413,12721
202109,3호선,주엽,6414,6290,12704
202109,3호선,대화,8303,7319,15622
202109,3호선,대화,5843,5352,11195
202109,3호선,주엽,4283,4274,8557
202109,3호선,정발산,4715,4747,9462
202109,3호선,마두,3328,3293,6621
202109,3호선,백석,5351,5205,10556
202109,3호선,대곡,990,831,1821
202109,3호선,화정,8786,8895,17681
202109,3호선,원당,5796,5625,11421
202109,3호선,삼송,10181,9938,20119
202109,3호선,원흥,4894,4741,9635
202109,3호선,지축,2009,1977,3986
202109,3호선,구파발,10510,10577,21087
202109,3호선,연신내,20312,18985,39297
202109,3호선,불광,9397,10830,20227
202109,3호선,녹번,6639,6014,12653
202109,3호선,홍제,8292,8005,16297
202109,3호선,무악재,1721,1824,3545
202109,3호선,독립문,4048,4368,8416
202109,3호선,경복궁,11012,11879,22891
202109,3호선,안국,9190,10257,19447
202109,3호선,종로3가,3363,4684,8047
202109,3호선,을지로3가,2670,2558,5228
202109,3호선,동대입구,4346,4678,9024
202109,3호선,약수,5828,5666,11494
202109,3호선,금호,3843,3726,7569
202109,3호선,옥수,4726,4983,9709
202109,3호선,압구정,12407,12832,25239
202109,3호선,신사,12082,12444,24526
202109,3호선,잠원,2058,2034,4092
202109,3호선,고속터미널,34659,31506,66165
202109,3호선,교대,3711,2331,6042
202109,3호선,남부터미널,12845,13235,26080
202109,3호선,양재,11555,13424,24979
202109,3호선,매봉,3849,3842,7691
202109,3호선,도곡,1540,1659,3199
202109,3호선,대치,5624,4941,10565
202109,3호선,학여울,1878,2133,4011
202109,3호선,대청,3600,3539,7139
202109,3호선,일원,2848,3082,5930
202109,3호선,수서,8988,8857,17845
202109,3호선,가락시장,3258,3535,6793
202109,3호선,경찰병원,2530,2714,5244
202109,3호선,오금,2617,2560,5177
202109,3호선,구파발,13446,13118,26564
202109,3호선,연신내,26947,24527,51474
202109,3호선,불광,11867,13240,25107
202109,3호선,홍제,11599,10513,22112
202109,3호선,무악재,2336,2405,4741
202109,3호선,독립문,5192,5488,10680
202109,3호선,경복궁,12829,13822,26651
202109,3호선,안국,11161,12803,23964
202109,3호선,종로3가,4483,6258,10741
202109,3호선,을지로3가,3897,4115,8012
202109,3호선,충무로,3,0,3
202109,3호선,동대입구,4933,5275,10208
202109,3호선,약수,8126,7222,15348
202109,3호선,금호,5250,4749,9999
202109,3호선,옥수,6418,6299,12717
202109,3호선,압구정,20968,21981,42949
202109,3호선,신사,18521,19506,38027
202109,3호선,잠원,3008,2797,5805
202109,3호선,고속터미널,38223,59558,97781
202109,3호선,교대,5296,3065,8361
202109,3호선,남부터미널,16103,20614,36717
202109,3호선,양재,14964,15821,30785
202109,3호선,매봉,5026,4813,9839
202109,3호선,도곡,2680,2494,5174
202109,3호선,대치,9021,7897,16918
202109,3호선,학여울,859,878,1737
202109,3호선,대청,5107,4556,9663
202109,3호선,일원,3974,3851,7825
202109,3호선,수서,9042,9905,18947
202109,3호선,가락시장,5422,4984,10406
202109,3호선,경찰병원,3349,3025,6374
202109,3호선,오금,3046,2800,5846
202109,3호선,원흥,6393,6006,12399
202109,3호선,지축,2,0,2
202109,3호선,삼송,12352,11989,24341
202109,3호선,원당,7595,7213,14808
202109,3호선,화정,11483,11777,23260
202109,3호선,대곡,1287,1043,2330
202109,3호선,백석,6669,6730,13399
202109,3호선,마두,4464,4473,8937
202109,3호선,정발산,5430,5700,11130
202109,3호선,주엽,5852,5676,11528
202109,3호선,대화,7393,6501,13894
202109,3호선,녹번,9181,7629,16810
202109,3호선,지축,2564,2477,5041
202109,3호선,대화,5396,4928,10324
202109,3호선,주엽,3967,4088,8055
202109,3호선,정발산,4293,4382,8675
202109,3호선,마두,3048,3100,6148
202109,3호선,백석,4906,4924,9830
202109,3호선,대곡,878,799,1677
202109,3호선,화정,8223,8346,16569
202109,3호선,원당,5718,5703,11421
202109,3호선,삼송,9571,9367,18938
202109,3호선,원흥,4725,4326,9051
202109,3호선,오금,2175,1924,4099
202109,3호선,경찰병원,2232,2154,4386
202109,3호선,가락시장,3399,3214,6613
202109,3호선,수서,6444,7268,13712
202109,3호선,일원,2593,2529,5122
202109,3호선,대청,3426,3128,6554
202109,3호선,학여울,587,572,1159
202109,3호선,대치,5800,4894,10694
202109,3호선,도곡,1518,1472,2990
202109,3호선,매봉,3295,3260,6555
202109,3호선,양재,9418,9816,19234
202109,3호선,남부터미널,9449,13139,22588
202109,3호선,교대,3126,1730,4856
202109,3호선,고속터미널,28281,43841,72122
202109,3호선,잠원,1883,1808,3691
202109,3호선,신사,10156,10629,20785
202109,3호선,압구정,11783,12071,23854
202109,3호선,옥수,4480,4374,8854
202109,3호선,금호,3784,3403,7187
202109,3호선,약수,5471,4977,10448
202109,3호선,동대입구,3949,4406,8355
202109,3호선,충무로,2,0,2
202109,3호선,을지로3가,2216,2184,4400
202109,3호선,종로3가,2739,4056,6795
202109,3호선,안국,8018,9150,17168
202109,3호선,경복궁,10132,11228,21360
202109,3호선,독립문,3649,3828,7477
202109,3호선,무악재,1736,1819,3555
202109,3호선,홍제,7979,7093,15072
202109,3호선,녹번,6361,5407,11768
202109,3호선,불광,8751,9647,18398
202109,3호선,연신내,19792,17905,37697
202109,3호선,구파발,9636,9851,19487
202109,3호선,지축,1771,1692,3463
202109,3호선,대화,7629,6763,14392
202109,3호선,주엽,6033,5893,11926
202109,3호선,정발산,5781,5887,11668
202109,3호선,마두,4725,4724,9449
202109,3호선,백석,6566,6613,13179
202109,3호선,대곡,1313,1114,2427
202109,3호선,화정,11724,12063,23787
202109,3호선,원당,7754,7315,15069
202109,3호선,삼송,12761,12374,25135
202109,3호선,원흥,6604,6381,12985
202109,3호선,오금,3174,3052,6226
202109,3호선,경찰병원,3425,3290,6715
202109,3호선,가락시장,4718,4411,9129
202109,3호선,수서,11204,11102,22306
202109,3호선,일원,4398,4350,8748
202109,3호선,대청,5288,4937,10225
202109,3호선,학여울,1321,1365,2686
202109,3호선,대치,8741,7646,16387
202109,3호선,도곡,2786,2700,5486
202109,3호선,매봉,5395,5123,10518
202109,3호선,지축,2836,2772,5608
202109,3호선,구파발,13569,13700,27269
202109,3호선,연신내,26836,25500,52336
202109,3호선,불광,11997,13794,25791
202109,3호선,녹번,9175,8091,17266
202109,3호선,홍제,11598,10825,22423
202109,3호선,무악재,2447,2558,5005
202109,3호선,독립문,5377,5780,11157
202109,3호선,경복궁,13592,15326,28918
202109,3호선,안국,12203,14050,26253
202109,3호선,종로3가,4924,6840,11764
202109,3호선,을지로3가,4354,4673,9027
202109,3호선,충무로,1,0,1
202109,3호선,동대입구,5413,5993,11406
202109,3호선,약수,8111,7687,15798
202109,3호선,금호,5324,4905,10229
202109,3호선,옥수,6532,6517,13049
202109,3호선,압구정,22087,23001,45088
202109,3호선,신사,21633,22688,44321
202109,3호선,잠원,3145,2956,6101
202109,3호선,고속터미널,39401,38015,77416
202109,3호선,교대,6008,3626,9634
202109,3호선,남부터미널,17656,17697,35353
202109,3호선,양재,17702,19256,36958
202109,3호선,정발산,4317,4334,8651
202109,3호선,오금,2395,2255,4650
202109,3호선,경찰병원,2327,2391,4718
202109,3호선,가락시장,2701,2962,5663
202109,3호선,수서,8857,8567,17424
202109,3호선,일원,3210,3300,6510
202109,3호선,대청,3634,3565,7199
202109,3호선,학여울,782,764,1546
202109,3호선,대치,5594,4869,10463
202109,3호선,도곡,1591,1712,3303
202109,3호선,매봉,3559,3517,7076
202109,3호선,양재,10738,12416,23154
202109,3호선,남부터미널,11970,12450,24420
202109,3호선,교대,3640,2222,5862
202109,3호선,고속터미널,31965,29256,61221
202109,3호선,잠원,2184,2062,4246
202109,3호선,신사,11318,11833,23151
202109,3호선,압구정,11879,12268,24147
202109,3호선,옥수,4635,4790,9425
202109,3호선,금호,3823,3670,7493
202109,3호선,약수,5673,5501,11174
202109,3호선,동대입구,4589,5207,9796
202109,3호선,충무로,1,0,1
202109,3호선,을지로3가,2555,2474,5029
202109,3호선,종로3가,3234,4271,7505
202109,3호선,안국,8760,9984,18744
202109,3호선,경복궁,10569,11402,21971
202109,3호선,독립문,3830,4203,8033
202109,3호선,무악재,1596,1800,3396
202109,3호선,홍제,7965,7508,15473
202109,3호선,녹번,6301,5688,11989
202109,3호선,불광,8978,10491,19469
202109,3호선,연신내,19453,18256,37709
202109,3호선,구파발,10083,10489,20572
202109,3호선,지축,1839,1751,3590
202109,3호선,백석,4760,4721,9481
202109,3호선,대곡,1018,870,1888
202109,3호선,화정,8493,8683,17176
202109,3호선,원당,5622,5410,11032
202109,3호선,삼송,9471,9232,18703
202109,3호선,원흥,4762,4459,9221
202109,3호선,대화,5440,4903,10343
202109,3호선,주엽,4060,4019,8079
202109,3호선,마두,3230,3154,6384
202110,3호선,오금,3344,3111,6455
202110,3호선,경찰병원,3640,3479,7119
202110,3호선,가락시장,5279,4924,10203
202110,3호선,수서,11735,12137,23872
202110,3호선,일원,4470,4436,8906
202110,3호선,대청,5269,4913,10182
202110,3호선,학여울,3166,3271,6437
202110,3호선,대치,8629,7760,16389
202110,3호선,도곡,3350,3443,6793
202110,3호선,매봉,5655,5311,10966
202110,3호선,양재,18935,20872,39807
202110,3호선,남부터미널,17580,18712,36292
202110,3호선,교대,6290,3723,10013
202110,3호선,고속터미널,41480,43984,85464
202110,3호선,잠원,3620,3398,7018
202110,3호선,신사,22615,23825,46440
202110,3호선,압구정,22787,23713,46500
202110,3호선,옥수,6866,6923,13789
202110,3호선,지축,2914,2817,5731
202110,3호선,구파발,14312,14272,28584
202110,3호선,연신내,27011,25256,52267
202110,3호선,불광,12358,13797,26155
202110,3호선,녹번,9609,8446,18055
202110,3호선,홍제,12142,11113,23255
202110,3호선,무악재,2546,2617,5163
202110,3호선,독립문,5385,5735,11120
202110,3호선,경복궁,15290,16547,31837
202110,3호선,안국,13093,14887,27980
202110,3호선,종로3가,5182,7418,12600
202110,3호선,을지로3가,4567,4997,9564
202110,3호선,동대입구,6102,6697,12799
202110,3호선,약수,8506,7962,16468
202110,3호선,금호,5553,5029,10582
202110,3호선,화정,11847,12310,24157
202110,3호선,대곡,1371,1219,2590
202110,3호선,백석,6859,6854,13713
202110,3호선,마두,4954,4980,9934
202110,3호선,정발산,6168,6480,12648
202110,3호선,주엽,6393,6245,12638
202110,3호선,대화,8442,7583,16025
202110,3호선,원흥,6767,6304,13071
202110,3호선,원당,7928,7565,15493
202110,3호선,삼송,12742,12368,25110
202110,3호선,지축,1,0,1
202110,3호선,지축,2077,1972,4049
202110,3호선,구파발,11375,11463,22838
202110,3호선,연신내,20557,19189,39746
202110,3호선,불광,9579,11413,20992
202110,3호선,녹번,6888,6118,13006
202110,3호선,홍제,8693,8111,16804
202110,3호선,무악재,1794,1939,3733
202110,3호선,독립문,4079,4631,8710
202110,3호선,경복궁,12662,14291,26953
202110,3호선,안국,10123,11667,21790
202110,3호선,종로3가,3632,5387,9019
202110,3호선,을지로3가,2879,3037,5916
202110,3호선,동대입구,4914,5549,10463
202110,3호선,약수,6105,5884,11989
202110,3호선,금호,3969,3735,7704
202110,3호선,옥수,4931,5048,9979
202110,3호선,압구정,12187,12738,24925
202110,3호선,신사,12370,13099,25469
202110,3호선,잠원,2191,2034,4225
202110,3호선,고속터미널,33212,31115,64327
202110,3호선,교대,3792,2325,6117
202110,3호선,남부터미널,11429,11784,23213
202110,3호선,양재,12269,13506,25775
202110,3호선,매봉,3787,3780,7567
202110,3호선,도곡,1804,1897,3701
202110,3호선,대치,5397,4622,10019
202110,3호선,학여울,2774,2847,5621
202110,3호선,대청,3887,3621,7508
202110,3호선,일원,2846,2897,5743
202110,3호선,수서,8771,8678,17449
202110,3호선,가락시장,3386,3539,6925
202110,3호선,경찰병원,2485,2495,4980
202110,3호선,오금,2415,2247,4662
202110,3호선,대화,6294,5910,12204
202110,3호선,주엽,4336,4344,8680
202110,3호선,정발산,5250,5382,10632
202110,3호선,마두,3246,3208,6454
202110,3호선,백석,5120,4952,10072
202110,3호선,대곡,1019,862,1881
202110,3호선,화정,8914,9044,17958
202110,3호선,원당,5884,5734,11618
202110,3호선,삼송,10006,9789,19795
202110,3호선,원흥,5137,4926,10063
202110,3호선,대치,7807,6830,14637
202110,3호선,지축,2720,2634,5354
202110,3호선,구파발,14783,14494,29277
202110,3호선,연신내,25692,23745,49437
202110,3호선,불광,11522,12909,24431
202110,3호선,녹번,9022,7726,16748
202110,3호선,홍제,11550,10696,22246
202110,3호선,무악재,2419,2508,4927
202110,3호선,독립문,4906,5333,10239
202110,3호선,경복궁,14789,16441,31230
202110,3호선,안국,13295,15260,28555
202110,3호선,종로3가,5230,7591,12821
202110,3호선,을지로3가,4275,4603,8878
202110,3호선,동대입구,5599,6082,11681
202110,3호선,약수,7512,7079,14591
202110,3호선,금호,5150,4552,9702
202110,3호선,옥수,6214,6313,12527
202110,3호선,압구정,17565,18525,36090
202110,3호선,신사,19418,20482,39900
202110,3호선,잠원,3342,3210,6552
202110,3호선,고속터미널,41222,46100,87322
202110,3호선,교대,5577,3312,8889
202110,3호선,남부터미널,18098,19548,37646
202110,3호선,양재,17838,19447,37285
202110,3호선,매봉,5193,4924,10117
202110,3호선,도곡,2837,2855,5692
202110,3호선,학여울,1803,2008,3811
202110,3호선,대청,5150,4628,9778
202110,3호선,일원,4607,4472,9079
202110,3호선,수서,11522,11904,23426
202110,3호선,가락시장,5163,4805,9968
202110,3호선,경찰병원,3211,3197,6408
202110,3호선,오금,3217,3066,6283
202110,3호선,원흥,6337,6079,12416
202110,3호선,삼송,12551,12110,24661
202110,3호선,원당,7578,7205,14783
202110,3호선,화정,11338,11720,23058
202110,3호선,대곡,1336,1103,2439
202110,3호선,백석,6482,6625,13107
202110,3호선,마두,4412,4447,8859
202110,3호선,정발산,5952,6050,12002
202110,3호선,주엽,5802,5546,11348
202110,3호선,대화,8217,7516,15733
202110,3호선,대화,6003,5549,11552
202110,3호선,주엽,3912,3936,7848
202110,3호선,정발산,3968,4122,8090
202110,3호선,마두,2936,2920,5856
202110,3호선,백석,4867,4813,9680
202110,3호선,대곡,908,759,1667
202110,3호선,화정,8087,8369,16456
202110,3호선,원당,5274,4771,10045
202110,3호선,삼송,9094,8998,18092
202110,3호선,원흥,4568,4408,8976
202110,3호선,오금,2296,2226,4522
202110,3호선,경찰병원,2427,2517,4944
202110,3호선,가락시장,2999,3316,6315
202110,3호선,수서,9003,8692,17695
202110,3호선,일원,2570,2811,5381
202110,3호선,대청,3427,3330,6757
202110,3호선,학여울,1325,1444,2769
202110,3호선,대치,5168,4512,9680
202110,3호선,도곡,1517,1597,3114
202110,3호선,매봉,3601,3478,7079
202110,3호선,양재,12307,13521,25828
202110,3호선,남부터미널,12862,12976,25838
202110,3호선,교대,3813,2295,6108
202110,3호선,고속터미널,34621,32085,66706
202110,3호선,잠원,1841,1803,3644
202110,3호선,신사,12559,13305,25864
202110,3호선,압구정,11613,12065,23678
202110,3호선,옥수,4122,4424,8546
202110,3호선,금호,3685,3467,7152
202110,3호선,약수,5588,5467,11055
202110,3호선,동대입구,4180,4618,8798
202110,3호선,을지로3가,2932,2732,5664
202110,3호선,종로3가,3682,4948,8630
202110,3호선,안국,9422,10023,19445
202110,3호선,경복궁,10461,10962,21423
202110,3호선,독립문,3570,3968,7538
202110,3호선,무악재,1716,1794,3510
202110,3호선,홍제,7727,7359,15086
202110,3호선,녹번,6334,5632,11966
202110,3호선,불광,8154,9207,17361
202110,3호선,연신내,18396,17635,36031
202110,3호선,구파발,9480,9704,19184
202110,3호선,지축,1692,1719,3411
202110,3호선,지축,2865,2805,5670
202110,3호선,구파발,15251,15215,30466
202110,3호선,연신내,28814,26941,55755
202110,3호선,불광,12679,14409,27088
202110,3호선,녹번,9931,8576,18507
202110,3호선,홍제,12370,11789,24159
202110,3호선,무악재,2660,2836,5496
202110,3호선,독립문,5778,6184,11962
202110,3호선,경복궁,15607,16682,32289
202110,3호선,안국,14527,15591,30118
202110,3호선,종로3가,5738,7757,13495
202110,3호선,을지로3가,4751,5143,9894
202110,3호선,동대입구,5903,6686,12589
202110,3호선,약수,8815,8278,17093
202110,3호선,금호,5578,5242,10820
202110,3호선,옥수,6817,7004,13821
202110,3호선,압구정,23392,24499,47891
202110,3호선,신사,24369,24669,49038
202110,3호선,잠원,3419,3339,6758
202110,3호선,고속터미널,44333,44554,88887
202110,3호선,교대,6528,3915,10443
202110,3호선,남부터미널,20000,20274,40274
202110,3호선,양재,19799,21341,41140
202110,3호선,매봉,5997,5717,11714
202110,3호선,도곡,3183,3206,6389
202110,3호선,대치,8863,7990,16853
202110,3호선,학여울,1486,1584,3070
202110,3호선,대청,5792,5381,11173
202110,3호선,일원,4577,4546,9123
202110,3호선,수서,12557,12621,25178
202110,3호선,가락시장,5930,5511,11441
202110,3호선,경찰병원,3913,3818,7731
202110,3호선,오금,3737,3480,7217
202110,3호선,원흥,7008,6760,13768
202110,3호선,삼송,13398,13174,26572
202110,3호선,원당,8122,7827,15949
202110,3호선,화정,12419,12870,25289
202110,3호선,대곡,1430,1189,2619
202110,3호선,백석,7371,7565,14936
202110,3호선,마두,5113,5356,10469
202110,3호선,정발산,6130,6361,12491
202110,3호선,주엽,6463,6353,12816
202110,3호선,대화,8866,7999,16865
202110,3호선,경찰병원,2545,2579,5124
202110,3호선,오금,2478,2504,4982
202110,3호선,원흥,4756,4585,9341
202110,3호선,삼송,9777,9421,19198
202110,3호선,원당,5537,5386,10923
202110,3호선,화정,8466,8607,17073
202110,3호선,대곡,931,832,1763
202110,3호선,백석,5017,5042,10059
202110,3호선,마두,3192,3165,6357
202110,3호선,정발산,4311,4237,8548
202110,3호선,주엽,4081,3947,8028
202110,3호선,대화,5797,5472,11269
202110,3호선,지축,1760,1820,3580
202110,3호선,구파발,10594,10859,21453
202110,3호선,연신내,19654,18425,38079
202110,3호선,불광,8952,10394,19346
202110,3호선,녹번,6502,5990,12492
202110,3호선,홍제,8059,7693,15752
202110,3호선,무악재,1658,1840,3498
202110,3호선,독립문,3760,4084,7844
202110,3호선,경복궁,10709,11398,22107
202110,3호선,안국,9390,10128,19518
202110,3호선,종로3가,3447,4459,7906
202110,3호선,을지로3가,2681,2627,5308
202110,3호선,충무로,3,0,3
202110,3호선,동대입구,4122,4715,8837
202110,3호선,약수,5641,5583,11224
202110,3호선,금호,3751,3613,7364
202110,3호선,옥수,4460,4756,9216
202110,3호선,압구정,11940,12111,24051
202110,3호선,신사,12456,12484,24940
202110,3호선,잠원,1896,1894,3790
202110,3호선,고속터미널,35206,32974,68180
202110,3호선,교대,3765,2264,6029
202110,3호선,가락시장,3321,3524,6845
202110,3호선,남부터미널,12939,13590,26529
202110,3호선,양재,12028,14037,26065
202110,3호선,매봉,3924,3867,7791
202110,3호선,도곡,1699,1795,3494
202110,3호선,대치,5185,4546,9731
202110,3호선,학여울,1120,1155,2275
202110,3호선,대청,3630,3578,7208
202110,3호선,일원,2834,2984,5818
202110,3호선,수서,9316,9348,18664
202110,3호선,오금,3609,3445,7054
202110,3호선,경찰병원,3951,3821,7772
202110,3호선,가락시장,5884,5663,11547
202110,3호선,수서,13182,13520,26702
202110,3호선,일원,4742,4684,9426
202110,3호선,대청,5853,5266,11119
202110,3호선,학여울,1283,1288,2571
202110,3호선,대치,9155,8140,17295
202110,3호선,도곡,3391,3448,6839
202110,3호선,매봉,5974,5679,11653
202110,3호선,양재,20681,22591,43272
202110,3호선,남부터미널,20299,20677,40976
202110,3호선,교대,6858,4056,10914
202110,3호선,고속터미널,45283,46730,92013
202110,3호선,잠원,3507,3273,6780
202110,3호선,신사,24316,25218,49534
202110,3호선,압구정,24216,25239,49455
202110,3호선,옥수,7092,7282,14374
202110,3호선,금호,5795,5305,11100
202110,3호선,약수,8872,8487,17359
202110,3호선,동대입구,6326,7211,13537
202110,3호선,충무로,6,0,6
202110,3호선,을지로3가,5147,5561,10708
202110,3호선,종로3가,5882,8448,14330
202110,3호선,안국,16089,18156,34245
202110,3호선,경복궁,18209,19958,38167
202110,3호선,독립문,5811,6261,12072
202110,3호선,무악재,2703,2860,5563
202110,3호선,홍제,12978,12255,25233
202110,3호선,녹번,9991,8931,18922
202110,3호선,불광,12941,14852,27793
202110,3호선,연신내,29744,27854,57598
202110,3호선,구파발,16098,16085,32183
202110,3호선,지축,3075,2865,5940
202110,3호선,대화,8571,7668,16239
202110,3호선,주엽,6494,6426,12920
202110,3호선,정발산,6305,6531,12836
202110,3호선,마두,5191,5238,10429
202110,3호선,백석,7475,7655,15130
202110,3호선,대곡,1399,1263,2662
202110,3호선,화정,13061,13464,26525
202110,3호선,원당,8735,8279,17014
202110,3호선,삼송,14032,13514,27546
202110,3호선,원흥,7265,7007,14272
202110,3호선,지축,2074,2005,4079
202110,3호선,구파발,11946,12356,24302
202110,3호선,연신내,21047,19650,40697
202110,3호선,불광,9888,11548,21436
202110,3호선,녹번,7008,6431,13439
202110,3호선,홍제,9032,8674,17706
202110,3호선,무악재,1852,2009,3861
202110,3호선,독립문,4315,4849,9164
202110,3호선,경복궁,13792,15004,28796
202110,3호선,안국,11907,12702,24609
202110,3호선,종로3가,3830,4874,8704
202110,3호선,을지로3가,3116,2985,6101
202110,3호선,동대입구,6851,7080,13931
202110,3호선,약수,6136,6141,12277
202110,3호선,금호,4178,4078,8256
202110,3호선,옥수,4816,5157,9973
202110,3호선,압구정,12854,13185,26039
202110,3호선,신사,13492,13543,27035
202110,3호선,잠원,2146,2151,4297
202110,3호선,고속터미널,37868,35168,73036
202110,3호선,교대,4251,2528,6779
202110,3호선,남부터미널,14248,15050,29298
202110,3호선,양재,12957,14851,27808
202110,3호선,매봉,3946,3948,7894
202110,3호선,도곡,1751,1842,3593
202110,3호선,대치,5666,4981,10647
202110,3호선,학여울,1039,1069,2108
202110,3호선,대청,3914,3847,7761
202110,3호선,일원,3023,3256,6279
202110,3호선,수서,9813,9731,19544
202110,3호선,가락시장,3471,3695,7166
202110,3호선,경찰병원,2583,2652,5235
202110,3호선,오금,2614,2547,5161
202110,3호선,원흥,5291,5105,10396
202110,3호선,삼송,10678,10468,21146
202110,3호선,원당,6192,6081,12273
202110,3호선,화정,9345,9508,18853
202110,3호선,대곡,1136,921,2057
202110,3호선,백석,5461,5403,10864
202110,3호선,마두,3556,3600,7156
202110,3호선,정발산,4785,4853,9638
202110,3호선,주엽,4531,4424,8955
202110,3호선,대화,6043,5508,11551
202110,3호선,오금,3914,3687,7601
202110,3호선,경찰병원,3893,3785,7678
202110,3호선,가락시장,6248,5906,12154
202110,3호선,수서,13774,13633,27407
202110,3호선,일원,4687,4576,9263
202110,3호선,대청,6161,5661,11822
202110,3호선,학여울,2197,2256,4453
202110,3호선,대치,9306,8360,17666
202110,3호선,도곡,3610,3610,7220
202110,3호선,매봉,5959,5747,11706
202110,3호선,양재,21048,22942,43990
202110,3호선,남부터미널,20823,20720,41543
202110,3호선,교대,6883,4039,10922
202110,3호선,고속터미널,46367,47957,94324
202110,3호선,잠원,3665,3599,7264
202110,3호선,신사,24821,25986,50807
202110,3호선,압구정,24389,25661,50050
202110,3호선,옥수,7231,7409,14640
202110,3호선,금호,5966,5373,11339
202110,3호선,약수,9303,8734,18037
202110,3호선,동대입구,7463,8393,15856
202110,3호선,충무로,1,0,1
202110,3호선,을지로3가,5560,5946,11506
202110,3호선,종로3가,5963,8551,14514
202110,3호선,안국,16886,19632,36518
202110,3호선,경복궁,19781,21545,41326
202110,3호선,독립문,6042,6741,12783
202110,3호선,무악재,2730,2910,5640
202110,3호선,홍제,13287,12402,25689
202110,3호선,녹번,10495,9011,19506
202110,3호선,불광,13350,15374,28724
202110,3호선,연신내,30930,28649,59579
202110,3호선,구파발,17095,16790,33885
202110,3호선,지축,3193,2933,6126
202110,3호선,원흥,7589,7225,14814
202110,3호선,삼송,14298,14147,28445
202110,3호선,원당,8577,8236,16813
202110,3호선,화정,13430,13685,27115
202110,3호선,대곡,1443,1277,2720
202110,3호선,백석,7654,7710,15364
202110,3호선,마두,5168,5254,10422
202110,3호선,정발산,6512,6788,13300
202110,3호선,주엽,6951,6746,13697
202110,3호선,대화,9722,8740,18462
202110,3호선,원당,6341,6239,12580
202110,3호선,화정,10004,10077,20081
202110,3호선,대곡,1103,889,1992
202110,3호선,백석,5648,5526,11174
202110,3호선,마두,3628,3652,7280
202110,3호선,정발산,5395,5331,10726
202110,3호선,주엽,4773,4637,9410
202110,3호선,대화,6665,6178,12843
202110,3호선,오금,2682,2651,5333
202110,3호선,경찰병원,2678,2759,5437
202110,3호선,가락시장,3898,4056,7954
202110,3호선,수서,10298,10313,20611
202110,3호선,일원,3127,3297,6424
202110,3호선,대청,4053,3945,7998
202110,3호선,학여울,1692,1843,3535
202110,3호선,대치,5782,5105,10887
202110,3호선,도곡,1975,2152,4127
202110,3호선,매봉,4259,4214,8473
202110,3호선,양재,13500,15626,29126
202110,3호선,남부터미널,14842,15468,30310
202110,3호선,교대,4189,2519,6708
202110,3호선,고속터미널,39882,36836,76718
202110,3호선,잠원,2268,2258,4526
202110,3호선,신사,13961,14075,28036
202110,3호선,압구정,12838,13288,26126
202110,3호선,옥수,5160,5307,10467
202110,3호선,금호,4195,3981,8176
202110,3호선,약수,6561,6349,12910
202110,3호선,동대입구,5381,6384,11765
202110,3호선,충무로,1,0,1
202110,3호선,을지로3가,3416,3219,6635
202110,3호선,종로3가,4169,5425,9594
202110,3호선,안국,12768,14138,26906
202110,3호선,경복궁,15230,16434,31664
202110,3호선,독립문,4459,5162,9621
202110,3호선,무악재,1910,2085,3995
202110,3호선,홍제,9304,8887,18191
202110,3호선,녹번,7266,6691,13957
202110,3호선,불광,10071,11930,22001
202110,3호선,연신내,22091,20906,42997
202110,3호선,구파발,12713,13040,25753
202110,3호선,지축,2228,2090,4318
202110,3호선,원흥,5341,5168,10509
202110,3호선,삼송,11019,10617,21636
202111,3호선,대화,9414,7971,17385
202111,3호선,주엽,7011,6629,13640
202111,3호선,정발산,6849,7652,14501
202111,3호선,마두,5432,5188,10620
202111,3호선,백석,7722,8178,15900
202111,3호선,대곡,1448,1210,2658
202111,3호선,화정,13780,13915,27695
202111,3호선,원당,8967,8268,17235
202111,3호선,삼송,14361,13834,28195
202111,3호선,원흥,7772,7270,15042
202111,3호선,오금,4173,3992,8165
202111,3호선,경찰병원,4397,4112,8509
202111,3호선,가락시장,6401,6037,12438
202111,3호선,수서,13827,13403,27230
202111,3호선,일원,5156,4977,10133
202111,3호선,대청,6170,5507,11677
202111,3호선,학여울,1848,1901,3749
202111,3호선,대치,9287,8311,17598
202111,3호선,도곡,4026,4239,8265
202111,3호선,매봉,6273,5954,12227
202111,3호선,양재,22093,23998,46091
202111,3호선,남부터미널,21770,21947,43717
202111,3호선,교대,7093,4234,11327
202111,3호선,고속터미널,46622,48148,94770
202111,3호선,잠원,3890,3735,7625
202111,3호선,신사,25059,26843,51902
202111,3호선,압구정,24458,25756,50214
202111,3호선,옥수,7502,7541,15043
202111,3호선,금호,6174,5503,11677
202111,3호선,약수,9207,8660,17867
202111,3호선,동대입구,7481,8677,16158
202111,3호선,충무로,2,0,2
202111,3호선,을지로3가,5788,6225,12013
202111,3호선,종로3가,6404,9423,15827
202111,3호선,안국,20518,23322,43840
202111,3호선,경복궁,24310,26811,51121
202111,3호선,독립문,6874,7756,14630
202111,3호선,무악재,2826,2894,5720
202111,3호선,홍제,13808,12716,26524
202111,3호선,녹번,10915,9379,20294
202111,3호선,불광,13535,15787,29322
202111,3호선,연신내,30801,28765,59566
202111,3호선,구파발,17041,16931,33972
202111,3호선,지축,3201,2995,6196
202111,3호선,대화,6753,5893,12646
202111,3호선,주엽,4767,4720,9487
202111,3호선,정발산,5389,5424,10813
202111,3호선,마두,3504,3423,6927
202111,3호선,백석,5669,5654,11323
202111,3호선,대곡,1119,1006,2125
202111,3호선,화정,9878,10103,19981
202111,3호선,원당,6559,6406,12965
202111,3호선,삼송,10937,10537,21474
202111,3호선,지축,1,0,1
202111,3호선,원흥,5492,5338,10830
202111,3호선,오금,2812,2687,5499
202111,3호선,경찰병원,2721,2872,5593
202111,3호선,가락시장,3866,4161,8027
202111,3호선,수서,10377,10497,20874
202111,3호선,일원,3168,3470,6638
202111,3호선,대청,4235,4069,8304
202111,3호선,학여울,1016,1004,2020
202111,3호선,대치,5680,5034,10714
202111,3호선,도곡,2116,2338,4454
202111,3호선,매봉,4287,4237,8524
202111,3호선,양재,14051,16350,30401
202111,3호선,남부터미널,15102,15972,31074
202111,3호선,교대,4389,2624,7013
202111,3호선,고속터미널,40528,37685,78213
202111,3호선,잠원,2469,2457,4926
202111,3호선,신사,13866,14277,28143
202111,3호선,압구정,13380,13918,27298
202111,3호선,옥수,5386,5610,10996
202111,3호선,금호,4521,4274,8795
202111,3호선,약수,6733,6586,13319
202111,3호선,동대입구,5852,7108,12960
202111,3호선,충무로,2,0,2
202111,3호선,을지로3가,3467,3200,6667
202111,3호선,종로3가,4163,5353,9516
202111,3호선,안국,14832,16354,31186
202111,3호선,경복궁,18095,20102,38197
202111,3호선,독립문,4585,5268,9853
202111,3호선,무악재,1988,2133,4121
202111,3호선,홍제,9530,9114,18644
202111,3호선,녹번,7820,7051,14871
202111,3호선,불광,10201,11892,22093
202111,3호선,연신내,22169,20765,42934
202111,3호선,구파발,12573,13024,25597
202111,3호선,지축,2222,2137,4359
202111,3호선,원흥,7530,7007,14537
202111,3호선,삼송,14276,13460,27736
202111,3호선,원당,8613,7950,16563
202111,3호선,화정,13222,13471,26693
202111,3호선,대곡,1494,1295,2789
202111,3호선,백석,7750,7906,15656
202111,3호선,정발산,6474,6990,13464
202111,3호선,오금,4022,3684,7706
202111,3호선,경찰병원,4114,4015,8129
202111,3호선,가락시장,6160,5953,12113
202111,3호선,수서,14052,13596,27648
202111,3호선,일원,5131,5055,10186
202111,3호선,대청,6133,5596,11729
202111,3호선,학여울,2441,2455,4896
202111,3호선,대치,8263,7489,15752
202111,3호선,도곡,3692,3797,7489
202111,3호선,매봉,6265,5979,12244
202111,3호선,양재,22335,23950,46285
202111,3호선,남부터미널,22135,22394,44529
202111,3호선,교대,7266,4352,11618
202111,3호선,고속터미널,49211,51572,100783
202111,3호선,잠원,3658,3526,7184
202111,3호선,신사,25103,27316,52419
202111,3호선,압구정,24832,26448,51280
202111,3호선,옥수,7224,7297,14521
202111,3호선,금호,6071,5462,11533
202111,3호선,약수,9222,8699,17921
202111,3호선,동대입구,6958,8097,15055
202111,3호선,충무로,2,0,2
202111,3호선,을지로3가,5783,6677,12460
202111,3호선,종로3가,6471,10292,16763
202111,3호선,안국,16239,17438,33677
202111,3호선,경복궁,17584,18160,35744
202111,3호선,독립문,6743,9031,15774
202111,3호선,무악재,2923,2901,5824
202111,3호선,홍제,13861,13003,26864
202111,3호선,녹번,10767,9114,19881
202111,3호선,불광,13472,15117,28589
202111,3호선,연신내,29874,28090,57964
202111,3호선,구파발,15663,15437,31100
202111,3호선,지축,3188,2919,6107
202111,3호선,마두,5286,5360,10646
202111,3호선,주엽,6719,6542,13261
202111,3호선,대화,9091,8188,17279
202111,3호선,약수,6446,6367,12813
202111,3호선,오금,2851,2815,5666
202111,3호선,경찰병원,2839,2862,5701
202111,3호선,가락시장,3756,4072,7828
202111,3호선,수서,10099,10381,20480
202111,3호선,일원,3265,3387,6652
202111,3호선,대청,4264,4105,8369
202111,3호선,학여울,1977,2058,4035
202111,3호선,대치,5065,4586,9651
202111,3호선,도곡,2028,2275,4303
202111,3호선,매봉,4192,4168,8360
202111,3호선,양재,13840,16061,29901
202111,3호선,남부터미널,14974,15793,30767
202111,3호선,교대,4598,2698,7296
202111,3호선,고속터미널,41312,39077,80389
202111,3호선,잠원,2449,2375,4824
202111,3호선,신사,14504,14736,29240
202111,3호선,압구정,13939,14504,28443
202111,3호선,옥수,5124,5326,10450
202111,3호선,금호,4357,4070,8427
202111,3호선,동대입구,6210,7251,13461
202111,3호선,을지로3가,3514,3209,6723
202111,3호선,종로3가,4164,5021,9185
202111,3호선,안국,12040,13130,25170
202111,3호선,경복궁,15128,15947,31075
202111,3호선,독립문,4141,4851,8992
202111,3호선,무악재,1931,2079,4010
202111,3호선,홍제,9400,9021,18421
202111,3호선,녹번,7447,6620,14067
202111,3호선,불광,9931,11367,21298
202111,3호선,연신내,21299,20470,41769
202111,3호선,구파발,11725,11983,23708
202111,3호선,지축,2159,2028,4187
202111,3호선,대화,6603,6326,12929
202111,3호선,주엽,4403,4490,8893
202111,3호선,정발산,5069,5110,10179
202111,3호선,마두,3487,3410,6897
202111,3호선,백석,5579,5456,11035
202111,3호선,대곡,1231,1014,2245
202111,3호선,화정,9367,9481,18848
202111,3호선,원당,6339,6108,12447
202111,3호선,삼송,10652,10237,20889
202111,3호선,지축,1,0,1
202111,3호선,원흥,5470,5292,10762
202111,3호선,백석,7609,7736,15345
202111,3호선,오금,3973,3752,7725
202111,3호선,경찰병원,3971,3805,7776
202111,3호선,가락시장,6164,6052,12216
202111,3호선,수서,13559,13356,26915
202111,3호선,일원,4913,4886,9799
202111,3호선,대청,6079,5437,11516
202111,3호선,학여울,2004,2171,4175
202111,3호선,대치,8357,7950,16307
202111,3호선,도곡,3962,4157,8119
202111,3호선,매봉,6354,6085,12439
202111,3호선,양재,21852,23727,45579
202111,3호선,남부터미널,22606,22475,45081
202111,3호선,교대,7030,4377,11407
202111,3호선,고속터미널,49254,51368,100622
202111,3호선,잠원,3638,3505,7143
202111,3호선,신사,25169,27349,52518
202111,3호선,압구정,25287,27127,52414
202111,3호선,옥수,7193,7285,14478
202111,3호선,금호,5885,5258,11143
202111,3호선,약수,9096,8532,17628
202111,3호선,동대입구,7381,8279,15660
202111,3호선,충무로,1,0,1
202111,3호선,을지로3가,5368,6076,11444
202111,3호선,종로3가,5884,8578,14462
202111,3호선,안국,16932,19083,36015
202111,3호선,경복궁,18402,19921,38323
202111,3호선,독립문,5619,5867,11486
202111,3호선,무악재,2761,2761,5522
202111,3호선,홍제,12850,12069,24919
202111,3호선,녹번,10641,9107,19748
202111,3호선,불광,12873,14389,27262
202111,3호선,연신내,29340,27657,56997
202111,3호선,구파발,15392,15244,30636
202111,3호선,지축,3079,2848,5927
202111,3호선,대화,10516,9398,19914
202111,3호선,주엽,6682,6346,13028
202111,3호선,정발산,6897,7314,14211
202111,3호선,마두,5282,5102,10384
202111,3호선,대곡,1395,1155,2550
202111,3호선,화정,13330,13711,27041
202111,3호선,원당,8517,8036,16553
202111,3호선,삼송,14100,13426,27526
202111,3호선,지축,1,0,1
202111,3호선,원흥,7595,6990,14585
202111,3호선,삼송,10347,10182,20529
202111,3호선,원흥,5361,5191,10552
202111,3호선,지축,1957,1903,3860
202111,3호선,구파발,10819,11025,21844
202111,3호선,연신내,20544,19470,40014
202111,3호선,불광,9281,10468,19749
202111,3호선,녹번,7275,6483,13758
202111,3호선,홍제,9012,8475,17487
202111,3호선,무악재,1837,2010,3847
202111,3호선,독립문,3948,4431,8379
202111,3호선,경복궁,12463,13168,25631
202111,3호선,안국,11275,12230,23505
202111,3호선,종로3가,3807,5021,8828
202111,3호선,을지로3가,3559,3208,6767
202111,3호선,충무로,2,0,2
202111,3호선,동대입구,11861,11730,23591
202111,3호선,약수,6675,6185,12860
202111,3호선,금호,4193,3959,8152
202111,3호선,옥수,4894,5147,10041
202111,3호선,주엽,4503,4444,8947
202111,3호선,대화,7318,6989,14307
202111,3호선,원당,6128,5829,11957
202111,3호선,화정,9360,9538,18898
202111,3호선,대곡,1123,914,2037
202111,3호선,백석,5544,5280,10824
202111,3호선,마두,3369,3382,6751
202111,3호선,정발산,4993,4904,9897
202111,3호선,압구정,14112,14853,28965
202111,3호선,신사,14007,14314,28321
202111,3호선,잠원,2289,2314,4603
202111,3호선,고속터미널,42108,39633,81741
202111,3호선,교대,4389,2624,7013
202111,3호선,남부터미널,15477,16216,31693
202111,3호선,양재,14419,16465,30884
202111,3호선,매봉,4113,4208,8321
202111,3호선,도곡,1915,2138,4053
202111,3호선,대치,5352,5038,10390
202111,3호선,학여울,1722,1911,3633
202111,3호선,대청,4262,4136,8398
202111,3호선,일원,3367,3672,7039
202111,3호선,수서,10462,10380,20842
202111,3호선,가락시장,3733,4073,7806
202111,3호선,경찰병원,2681,2761,5442
202111,3호선,오금,2743,2724,5467
202111,3호선,원흥,7564,7056,14620
202111,3호선,삼송,14031,13374,27405
202111,3호선,원당,8374,7842,16216
202111,3호선,화정,12988,13340,26328
202111,3호선,대곡,1362,1126,2488
202111,3호선,백석,7754,7790,15544
202111,3호선,마두,5210,5173,10383
202111,3호선,정발산,6648,7145,13793
202111,3호선,주엽,6687,6499,13186
202111,3호선,대화,9928,9032,18960
202111,3호선,오금,3699,3393,7092
202111,3호선,경찰병원,4086,3850,7936
202111,3호선,가락시장,6131,5942,12073
202111,3호선,불광,12935,14375,27310
202111,3호선,수서,13918,13626,27544
202111,3호선,일원,4815,4673,9488
202111,3호선,대청,5944,5407,11351
202111,3호선,학여울,3094,3174,6268
202111,3호선,대치,8214,7696,15910
202111,3호선,도곡,3572,3594,7166
202111,3호선,매봉,6155,5889,12044
202111,3호선,양재,21951,23871,45822
202111,3호선,남부터미널,21809,21746,43555
202111,3호선,교대,7421,4561,11982
202111,3호선,고속터미널,50246,51673,101919
202111,3호선,잠원,3418,3342,6760
202111,3호선,신사,25857,27970,53827
202111,3호선,압구정,25898,27838,53736
202111,3호선,옥수,6972,6978,13950
202111,3호선,금호,5789,5184,10973
202111,3호선,약수,9181,8568,17749
202111,3호선,동대입구,6577,7380,13957
202111,3호선,을지로3가,5500,5794,11294
202111,3호선,종로3가,5928,8468,14396
202111,3호선,안국,16002,17817,33819
202111,3호선,경복궁,17304,18670,35974
202111,3호선,독립문,5808,6138,11946
202111,3호선,무악재,2832,2853,5685
202111,3호선,홍제,13146,12027,25173
202111,3호선,녹번,10584,8990,19574
202111,3호선,연신내,28721,27413,56134
202111,3호선,구파발,14805,14793,29598
202111,3호선,지축,3071,2785,5856
202111,3호선,대화,7081,6565,13646
202111,3호선,주엽,4537,4379,8916
202111,3호선,정발산,5213,5166,10379
202111,3호선,마두,3296,3372,6668
202111,3호선,백석,5466,5278,10744
202111,3호선,대곡,1050,882,1932
202111,3호선,화정,9507,9729,19236
202111,3호선,원당,5963,5752,11715
202111,3호선,삼송,10418,10326,20744
202111,3호선,원흥,5214,5047,10261
202111,3호선,지축,2075,1957,4032
202111,3호선,구파발,11082,11299,22381
202111,3호선,연신내,20704,19851,40555
202111,3호선,불광,9436,10901,20337
202111,3호선,녹번,7337,6615,13952
202111,3호선,홍제,8829,8593,17422
202111,3호선,무악재,1850,1986,3836
202111,3호선,독립문,4066,4431,8497
202111,3호선,경복궁,13307,13878,27185
202111,3호선,안국,10748,11515,22263
202111,3호선,종로3가,3674,4869,8543
202111,3호선,을지로3가,3385,3076,6461
202111,3호선,충무로,1,0,1
202111,3호선,동대입구,4597,5017,9614
202111,3호선,약수,6465,6236,12701
202111,3호선,금호,4181,3958,8139
202111,3호선,옥수,4896,5154,10050
202111,3호선,압구정,14549,15162,29711
202111,3호선,신사,14642,15051,29693
202111,3호선,잠원,2206,2133,4339
202111,3호선,고속터미널,41287,39579,80866
202111,3호선,교대,4349,2606,6955
202111,3호선,남부터미널,14834,15724,30558
202111,3호선,양재,14204,16443,30647
202111,3호선,매봉,4214,4203,8417
202111,3호선,도곡,1877,2041,3918
202111,3호선,대치,4872,4592,9464
202111,3호선,학여울,2413,2520,4933
202111,3호선,대청,4096,3947,8043
202111,3호선,일원,3437,3581,7018
202111,3호선,수서,10794,10424,21218
202111,3호선,가락시장,3602,3914,7516
202111,3호선,경찰병원,2745,2796,5541
202111,3호선,오금,2688,2685,5373
202112,3호선,지축,3004,2765,5769
202112,3호선,구파발,13833,13778,27611
202112,3호선,연신내,27561,25725,53286
202112,3호선,불광,12197,13497,25694
202112,3호선,녹번,10119,8716,18835
202112,3호선,홍제,12272,11469,23741
202112,3호선,무악재,2682,2735,5417
202112,3호선,독립문,5077,5346,10423
202112,3호선,경복궁,15002,15882,30884
202112,3호선,안국,14448,15973,30421
202112,3호선,종로3가,5254,7549,12803
202112,3호선,을지로3가,5057,5467,10524
202112,3호선,동대입구,6513,7266,13779
202112,3호선,약수,8632,8119,16751
202112,3호선,금호,5546,4980,10526
202112,3호선,옥수,6722,6834,13556
202112,3호선,압구정,24347,25772,50119
202112,3호선,신사,24265,26266,50531
202112,3호선,잠원,3238,3006,6244
202112,3호선,고속터미널,45930,46474,92404
202112,3호선,교대,6773,4214,10987
202112,3호선,남부터미널,20497,20402,40899
202112,3호선,양재,21650,23072,44722
202112,3호선,매봉,5702,5544,11246
202112,3호선,도곡,3234,2989,6223
202112,3호선,대치,7535,6931,14466
202112,3호선,학여울,3879,4314,8193
202112,3호선,대청,5893,5312,11205
202112,3호선,일원,4599,4418,9017
202112,3호선,수서,13324,13003,26327
202112,3호선,가락시장,5897,5676,11573
202112,3호선,경찰병원,3870,3665,7535
202112,3호선,오금,3617,3262,6879
202112,3호선,원흥,7435,6910,14345
202112,3호선,삼송,13464,12977,26441
202112,3호선,원당,8086,7553,15639
202112,3호선,화정,12226,12644,24870
202112,3호선,대곡,1243,1043,2286
202112,3호선,백석,7214,7310,14524
202112,3호선,마두,4746,4694,9440
202112,3호선,정발산,6305,6617,12922
202112,3호선,주엽,6161,6042,12203
202112,3호선,대화,10106,9141,19247
202112,3호선,종로3가,3352,4422,7774
202112,3호선,안국,9626,10524,20150
202112,3호선,경복궁,10751,11296,22047
202112,3호선,독립문,3752,4117,7869
202112,3호선,무악재,1706,1766,3472
202112,3호선,홍제,8515,8003,16518
202112,3호선,녹번,6927,6297,13224
202112,3호선,불광,8858,10074,18932
202112,3호선,연신내,19747,18667,38414
202112,3호선,구파발,10455,10529,20984
202112,3호선,지축,2039,1867,3906
202112,3호선,대화,7164,6837,14001
202112,3호선,주엽,4161,4104,8265
202112,3호선,정발산,4607,4624,9231
202112,3호선,마두,3189,3180,6369
202112,3호선,백석,5186,5109,10295
202112,3호선,대곡,945,827,1772
202112,3호선,화정,8926,9167,18093
202112,3호선,원당,5722,5422,11144
202112,3호선,삼송,9742,9697,19439
202112,3호선,원흥,5412,5182,10594
202112,3호선,을지로3가,2979,2954,5933
202112,3호선,충무로,1,0,1
202112,3호선,동대입구,4356,4855,9211
202112,3호선,약수,6112,5905,12017
202112,3호선,금호,3883,3721,7604
202112,3호선,옥수,4435,4795,9230
202112,3호선,압구정,13246,14004,27250
202112,3호선,신사,13002,13392,26394
202112,3호선,잠원,2147,2108,4255
202112,3호선,고속터미널,36794,35346,72140
202112,3호선,교대,3922,2340,6262
202112,3호선,남부터미널,13651,14440,28091
202112,3호선,양재,13927,15816,29743
202112,3호선,매봉,3914,3818,7732
202112,3호선,도곡,1958,2143,4101
202112,3호선,대치,4207,4055,8262
202112,3호선,학여울,2806,3144,5950
202112,3호선,대청,3953,3768,7721
202112,3호선,일원,3060,3300,6360
202112,3호선,수서,9844,9640,19484
202112,3호선,가락시장,3502,3764,7266
202112,3호선,경찰병원,2544,2573,5117
202112,3호선,오금,2564,2593,5157
202112,3호선,원흥,7260,6804,14064
202112,3호선,삼송,12903,12411,25314
202112,3호선,원당,7791,7207,14998
202112,3호선,화정,11923,12157,24080
202112,3호선,대곡,1303,1104,2407
202112,3호선,백석,6915,7003,13918
202112,3호선,마두,4576,4700,9276
202112,3호선,정발산,6215,6530,12745
202112,3호선,주엽,5952,5928,11880
202112,3호선,대화,8219,7212,15431
202112,3호선,오금,3482,3132,6614
202112,3호선,경찰병원,3654,3620,7274
202112,3호선,가락시장,5788,5489,11277
202112,3호선,수서,12491,12307,24798
202112,3호선,일원,4376,4220,8596
202112,3호선,대청,5621,5025,10646
202112,3호선,학여울,1345,1402,2747
202112,3호선,대치,7001,6504,13505
202112,3호선,도곡,3141,3152,6293
202112,3호선,매봉,5642,5318,10960
202112,3호선,양재,20271,22109,42380
202112,3호선,남부터미널,18550,18540,37090
202112,3호선,교대,6452,3797,10249
202112,3호선,고속터미널,42249,43363,85612
202112,3호선,잠원,3209,3058,6267
202112,3호선,신사,23091,25144,48235
202112,3호선,압구정,23363,24832,48195
202112,3호선,옥수,6341,6501,12842
202112,3호선,금호,5430,4958,10388
202112,3호선,약수,8578,8032,16610
202112,3호선,동대입구,6757,7214,13971
202112,3호선,충무로,1,0,1
202112,3호선,을지로3가,4962,5224,10186
202112,3호선,종로3가,4987,7086,12073
202112,3호선,안국,13083,14888,27971
202112,3호선,경복궁,13488,13976,27464
202112,3호선,독립문,5168,5426,10594
202112,3호선,무악재,2543,2583,5126
202112,3호선,홍제,11856,11012,22868
202112,3호선,녹번,9709,8329,18038
202112,3호선,불광,11957,13438,25395
202112,3호선,연신내,27147,25466,52613
202112,3호선,구파발,13885,13839,27724
202112,3호선,지축,2868,2630,5498
202112,3호선,지축,2001,1806,3807
202112,3호선,구파발,10072,10208,20280
202112,3호선,연신내,19450,18544,37994
202112,3호선,불광,8860,10042,18902
202112,3호선,녹번,6807,6230,13037
202112,3호선,홍제,8066,7721,15787
202112,3호선,무악재,1629,1756,3385
202112,3호선,독립문,3479,3766,7245
202112,3호선,경복궁,9941,9828,19769
202112,3호선,안국,9498,9930,19428
202112,3호선,종로3가,3408,4287,7695
202112,3호선,을지로3가,2879,2898,5777
202112,3호선,동대입구,5767,6230,11997
202112,3호선,약수,5974,5764,11738
202112,3호선,지축,1,0,1
202112,3호선,금호,3887,3651,7538
202112,3호선,옥수,4241,4496,8737
202112,3호선,압구정,12425,13129,25554
202112,3호선,신사,12697,12779,25476
202112,3호선,잠원,1779,1871,3650
202112,3호선,고속터미널,35647,33664,69311
202112,3호선,교대,3789,2290,6079
202112,3호선,남부터미널,12565,13347,25912
202112,3호선,양재,13291,15199,28490
202112,3호선,매봉,3760,3769,7529
202112,3호선,도곡,1645,1728,3373
202112,3호선,대치,4041,3798,7839
202112,3호선,학여울,777,756,1533
202112,3호선,대청,3804,3678,7482
202112,3호선,일원,2692,2964,5656
202112,3호선,수서,9681,9339,19020
202112,3호선,가락시장,3197,3358,6555
202112,3호선,경찰병원,2427,2479,4906
202112,3호선,오금,2460,2323,4783
202112,3호선,원흥,5238,4984,10222
202112,3호선,삼송,9491,9656,19147
202112,3호선,원당,5501,5302,10803
202112,3호선,화정,8503,8764,17267
202112,3호선,대곡,869,723,1592
202112,3호선,백석,5130,5075,10205
202112,3호선,마두,3142,3079,6221
202112,3호선,정발산,4514,4537,9051
202112,3호선,주엽,3997,3939,7936
202112,3호선,대화,5954,5457,11411
202112,3호선,지축,2513,2539,5052
202112,3호선,구파발,13548,13328,26876
202112,3호선,연신내,25141,24862,50003
202112,3호선,불광,10985,12458,23443
202112,3호선,녹번,9648,8700,18348
202112,3호선,홍제,11349,11396,22745
202112,3호선,무악재,2373,2568,4941
202112,3호선,독립문,4415,4467,8882
202112,3호선,경복궁,12221,11864,24085
202112,3호선,안국,11980,12450,24430
202112,3호선,종로3가,5256,6872,12128
202112,3호선,을지로3가,4889,4820,9709
202112,3호선,충무로,1,0,1
202112,3호선,동대입구,7319,7432,14751
202112,3호선,약수,8453,8179,16632
202112,3호선,금호,5330,5245,10575
202112,3호선,옥수,6300,6804,13104
202112,3호선,압구정,26977,26074,53051
202112,3호선,신사,25626,24549,50175
202112,3호선,잠원,3367,3348,6715
202112,3호선,고속터미널,44020,43855,87875
202112,3호선,교대,6063,3577,9640
202112,3호선,남부터미널,18849,18632,37481
202112,3호선,양재,20932,22197,43129
202112,3호선,매봉,5754,5614,11368
202112,3호선,도곡,3088,3127,6215
202112,3호선,대치,7388,7071,14459
202112,3호선,학여울,1508,1529,3037
202112,3호선,대청,5417,5028,10445
202112,3호선,일원,4446,4273,8719
202112,3호선,수서,12651,12802,25453
202112,3호선,가락시장,5498,5169,10667
202112,3호선,경찰병원,3800,3830,7630
202112,3호선,오금,3261,3122,6383
202112,3호선,대화,7840,7276,15116
202112,3호선,주엽,5791,5739,11530
202112,3호선,정발산,6363,6545,12908
202112,3호선,마두,4632,4776,9408
202112,3호선,백석,7233,7361,14594
202112,3호선,대곡,1093,929,2022
202112,3호선,화정,11705,12258,23963
202112,3호선,원당,7112,7124,14236
202112,3호선,삼송,12715,9588,22303
202112,3호선,원흥,7027,6727,13754
202112,3호선,지축,1977,1894,3871
202112,3호선,구파발,10389,10577,20966
202112,3호선,연신내,19101,18069,37170
202112,3호선,불광,8673,9838,18511
202112,3호선,녹번,6980,6150,13130
202112,3호선,홍제,8078,7745,15823
202112,3호선,무악재,1656,1775,3431
202112,3호선,독립문,3281,3495,6776
202112,3호선,경복궁,9364,9514,18878
202112,3호선,안국,8939,9478,18417
202112,3호선,종로3가,3444,4477,7921
202112,3호선,을지로3가,3113,2946,6059
202112,3호선,충무로,1,0,1
202112,3호선,동대입구,5992,6374,12366
202112,3호선,약수,6014,5896,11910
202112,3호선,금호,3859,3793,7652
202112,3호선,옥수,4385,4728,9113
202112,3호선,압구정,13271,13943,27214
202112,3호선,신사,13305,13349,26654
202112,3호선,잠원,1881,2020,3901
202112,3호선,고속터미널,35916,34251,70167
202112,3호선,교대,3671,2275,5946
202112,3호선,남부터미널,12593,13252,25845
202112,3호선,양재,13584,15616,29200
202112,3호선,매봉,3956,4057,8013
202112,3호선,도곡,1879,2020,3899
202112,3호선,대치,4446,4198,8644
202112,3호선,학여울,1232,1309,2541
202112,3호선,대청,3968,3865,7833
202112,3호선,일원,3060,3272,6332
202112,3호선,수서,9858,9877,19735
202112,3호선,가락시장,3513,3557,7070
202112,3호선,경찰병원,2580,2655,5235
202112,3호선,오금,2516,2439,4955
202112,3호선,원흥,5525,5277,10802
202112,3호선,지축,1,0,1
202112,3호선,삼송,10380,10300,20680
202112,3호선,원당,5583,5289,10872
202112,3호선,화정,8906,9206,18112
202112,3호선,대곡,837,716,1553
202112,3호선,백석,5574,5517,11091
202112,3호선,마두,3176,3151,6327
202112,3호선,정발산,5076,5093,10169
202112,3호선,주엽,4029,4125,8154
202112,3호선,대화,5866,5454,11320
202112,3호선,오금,2480,2342,4822
202112,3호선,경찰병원,2744,2703,5447
202112,3호선,가락시장,4006,3864,7870
202112,3호선,수서,8925,9400,18325
202112,3호선,일원,2861,2977,5838
202112,3호선,대청,4059,3827,7886
202112,3호선,학여울,709,705,1414
202112,3호선,대치,5023,4728,9751
202112,3호선,도곡,1777,1762,3539
202112,3호선,매봉,4027,3902,7929
202112,3호선,양재,12924,14139,27063
202112,3호선,남부터미널,13762,13854,27616
202112,3호선,교대,3666,2196,5862
202112,3호선,고속터미널,36399,36608,73007
202112,3호선,잠원,2051,2078,4129
202112,3호선,신사,15375,15770,31145
202112,3호선,압구정,14964,15808,30772
202112,3호선,옥수,4327,4730,9057
202112,3호선,금호,4182,3901,8083
202112,3호선,약수,6551,6204,12755
202112,3호선,동대입구,5760,6129,11889
202112,3호선,을지로3가,5111,4848,9959
202112,3호선,종로3가,5107,7265,12372
202112,3호선,안국,10840,11473,22313
202112,3호선,경복궁,9838,10227,20065
202112,3호선,독립문,3397,3530,6927
202112,3호선,무악재,1913,1964,3877
202112,3호선,홍제,8988,8628,17616
202112,3호선,녹번,7349,6605,13954
202112,3호선,불광,9332,10704,20036
202112,3호선,연신내,21344,20788,42132
202112,3호선,구파발,10848,11086,21934
202112,3호선,지축,1998,1795,3793
202112,3호선,대화,6220,6025,12245
202112,3호선,주엽,4364,4541,8905
202112,3호선,정발산,6425,6536,12961
202112,3호선,마두,3467,3525,6992
202112,3호선,백석,5818,5845,11663
202112,3호선,대곡,865,803,1668
202112,3호선,화정,9862,10489,20351
202112,3호선,원당,6022,5961,11983
202112,3호선,삼송,12137,11783,23920
202112,3호선,원흥,5249,5018,10267
202112,3호선,경복궁,7063,7043,14106
202112,3호선,대화,5072,4662,9734
202112,3호선,주엽,3459,3474,6933
202112,3호선,정발산,4514,4357,8871
202112,3호선,마두,2689,2733,5422
202112,3호선,백석,4629,4512,9141
202112,3호선,대곡,705,591,1296
202112,3호선,화정,7436,7759,15195
202112,3호선,원당,4711,4694,9405
202112,3호선,삼송,8752,8719,17471
202112,3호선,원흥,4191,3981,8172
202112,3호선,지축,1521,1474,2995
202112,3호선,구파발,8608,8578,17186
202112,3호선,연신내,16556,16080,32636
202112,3호선,불광,7422,8430,15852
202112,3호선,녹번,5768,5249,11017
202112,3호선,홍제,6793,6786,13579
202112,3호선,무악재,1448,1586,3034
202112,3호선,독립문,2734,2813,5547
202112,3호선,안국,6893,7044,13937
202112,3호선,종로3가,3325,3942,7267
202112,3호선,을지로3가,2839,2674,5513
202112,3호선,동대입구,5092,5200,10292
202112,3호선,약수,5096,4924,10020
202112,3호선,금호,3305,3150,6455
202112,3호선,옥수,3436,3870,7306
202112,3호선,압구정,11546,11788,23334
202112,3호선,신사,11330,11245,22575
202112,3호선,잠원,1587,1704,3291
202112,3호선,고속터미널,34731,32312,67043
202112,3호선,교대,3268,2047,5315
202112,3호선,남부터미널,12378,12768,25146
202112,3호선,양재,10473,12136,22609
202112,3호선,매봉,3307,3456,6763
202112,3호선,도곡,1379,1506,2885
202112,3호선,대치,4049,3819,7868
202112,3호선,학여울,689,703,1392
202112,3호선,대청,3292,3150,6442
202112,3호선,일원,2509,2783,5292
202112,3호선,수서,9027,8636,17663
202112,3호선,가락시장,2841,3025,5866
202112,3호선,경찰병원,2279,2374,4653
202112,3호선,오금,2141,2176,4317
