사용일자,호선명,지하철역,승차총승객수,하차총승객수,승하차총승객수
20210102,경춘선,가평,725,640,1365
20210102,경춘선,갈매,1089,981,2070
20210102,경춘선,강촌,283,281,564
20210102,경춘선,굴봉산,73,60,133
20210102,경춘선,금곡,586,540,1126
20210102,경춘선,김유정,158,160,318
20210102,경춘선,남춘천,1207,1300,2507
20210102,경춘선,대성리,282,226,508
20210102,경춘선,마석,1623,1606,3229
20210102,경춘선,백양리,44,77,121
20210102,경춘선,별내,1066,1034,2100
20210102,경춘선,사릉,1261,1277,2538
20210102,경춘선,상천,208,176,384
20210102,경춘선,신내,496,503,999
20210102,경춘선,천마산,753,717,1470
20210102,경춘선,청평,719,691,1410
20210102,경춘선,춘천,612,589,1201
20210102,경춘선,퇴계원,1445,1351,2796
20210102,경춘선,평내호평,2305,2225,4530
20210103,경춘선,가평,629,554,1183
20210103,경춘선,갈매,849,682,1531
20210103,경춘선,강촌,271,231,502
20210103,경춘선,굴봉산,72,76,148
20210103,경춘선,금곡,534,457,991
20210103,경춘선,김유정,165,133,298
20210103,경춘선,남춘천,1151,1208,2359
20210103,경춘선,대성리,248,186,434
20210103,경춘선,마석,1372,1345,2717
20210103,경춘선,백양리,45,72,117
20210103,경춘선,별내,847,852,1699
20210103,경춘선,사릉,969,968,1937
20210103,경춘선,상천,190,173,363
20210103,경춘선,신내,460,441,901
20210103,경춘선,천마산,592,557,1149
20210103,경춘선,청평,684,615,1299
20210103,경춘선,춘천,669,555,1224
20210103,경춘선,퇴계원,1208,1123,2331
20210103,경춘선,평내호평,1796,1666,3462
20210109,경춘선,가평,687,681,1368
20210109,경춘선,갈매,1128,1044,2172
20210109,경춘선,강촌,189,212,401
20210109,경춘선,굴봉산,37,39,76
20210109,경춘선,금곡,618,567,1185
20210109,경춘선,김유정,113,120,233
20210109,경춘선,남춘천,1199,1249,2448
20210109,경춘선,대성리,236,207,443
20210109,경춘선,마석,1610,1620,3230
20210109,경춘선,백양리,119,108,227
20210109,경춘선,별내,1244,1245,2489
20210109,경춘선,사릉,1326,1301,2627
20210109,경춘선,상천,121,120,241
20210109,경춘선,신내,573,579,1152
20210109,경춘선,천마산,778,738,1516
20210109,경춘선,청평,618,710,1328
20210109,경춘선,춘천,605,584,1189
20210109,경춘선,퇴계원,1505,1441,2946
20210109,경춘선,평내호평,2510,2517,5027
20210110,경춘선,가평,585,551,1136
20210110,경춘선,갈매,803,701,1504
20210110,경춘선,강촌,278,250,528
20210110,경춘선,굴봉산,68,79,147
20210110,경춘선,금곡,465,437,902
20210110,경춘선,김유정,199,187,386
20210110,경춘선,남춘천,1149,1141,2290
20210110,경춘선,대성리,220,166,386
20210110,경춘선,마석,1209,1210,2419
20210110,경춘선,백양리,110,112,222
20210110,경춘선,별내,921,888,1809
20210110,경춘선,사릉,896,982,1878
20210110,경춘선,상천,136,122,258
20210110,경춘선,신내,400,441,841
20210110,경춘선,천마산,596,591,1187
20210110,경춘선,청평,643,539,1182
20210110,경춘선,춘천,578,559,1137
20210110,경춘선,퇴계원,1125,1055,2180
20210110,경춘선,평내호평,1835,1715,3550
20210116,경춘선,가평,800,850,1650
20210116,경춘선,갈매,1406,1256,2662
20210116,경춘선,강촌,319,375,694
20210116,경춘선,굴봉산,81,106,187
20210116,경춘선,금곡,759,704,1463
20210116,경춘선,김유정,221,226,447
20210116,경춘선,남춘천,1513,1593,3106
20210116,경춘선,대성리,332,280,612
20210116,경춘선,마석,2093,2101,4194
20210116,경춘선,백양리,154,144,298
20210116,경춘선,별내,1551,1508,3059
20210116,경춘선,사릉,1623,1632,3255
20210116,경춘선,상천,271,183,454
20210116,경춘선,신내,724,738,1462
20210116,경춘선,천마산,913,948,1861
20210116,경춘선,청평,832,927,1759
20210116,경춘선,춘천,791,783,1574
20210116,경춘선,퇴계원,1804,1704,3508
20210116,경춘선,평내호평,3081,3018,6099
20210117,경춘선,가평,776,700,1476
20210117,경춘선,갈매,1011,851,1862
20210117,경춘선,강촌,404,336,740
20210117,경춘선,굴봉산,83,78,161
20210117,경춘선,금곡,574,553,1127
20210117,경춘선,김유정,227,209,436
20210117,경춘선,남춘천,1589,1594,3183
20210117,경춘선,대성리,297,229,526
20210117,경춘선,마석,1557,1567,3124
20210117,경춘선,백양리,148,133,281
20210117,경춘선,별내,1100,1064,2164
20210117,경춘선,사릉,1142,1132,2274
20210117,경춘선,상천,203,169,372
20210117,경춘선,신내,556,540,1096
20210117,경춘선,천마산,787,712,1499
20210117,경춘선,청평,733,639,1372
20210117,경춘선,춘천,751,661,1412
20210117,경춘선,퇴계원,1332,1233,2565
20210117,경춘선,평내호평,2183,2077,4260
20210123,경춘선,가평,936,1020,1956
20210123,경춘선,갈매,1500,1314,2814
20210123,경춘선,강촌,323,381,704
20210123,경춘선,굴봉산,79,96,175
20210123,경춘선,금곡,879,825,1704
20210123,경춘선,김유정,274,279,553
20210123,경춘선,남춘천,1604,1733,3337
20210123,경춘선,대성리,354,336,690
20210123,경춘선,마석,2374,2464,4838
20210123,경춘선,백양리,159,157,316
20210123,경춘선,별내,1665,1634,3299
20210123,경춘선,사릉,1811,1726,3537
20210123,경춘선,상천,246,206,452
20210123,경춘선,신내,791,836,1627
20210123,경춘선,천마산,1001,1081,2082
20210123,경춘선,청평,940,1028,1968
20210123,경춘선,춘천,949,925,1874
20210123,경춘선,퇴계원,2132,1988,4120
20210123,경춘선,평내호평,3520,3399,6919
20210124,경춘선,가평,1004,868,1872
20210124,경춘선,갈매,1103,961,2064
20210124,경춘선,강촌,474,375,849
20210124,경춘선,굴봉산,108,133,241
20210124,경춘선,금곡,646,632,1278
20210124,경춘선,김유정,281,314,595
20210124,경춘선,남춘천,1532,1619,3151
20210124,경춘선,대성리,414,291,705
20210124,경춘선,마석,1692,1702,3394
20210124,경춘선,백양리,205,151,356
20210124,경춘선,별내,1264,1240,2504
20210124,경춘선,사릉,1269,1241,2510
20210124,경춘선,상천,311,234,545
20210124,경춘선,신내,575,595,1170
20210124,경춘선,천마산,888,808,1696
20210124,경춘선,청평,913,842,1755
20210124,경춘선,춘천,1020,809,1829
20210124,경춘선,퇴계원,1502,1384,2886
20210124,경춘선,평내호평,2445,2353,4798
20210130,경춘선,가평,949,1021,1970
20210130,경춘선,갈매,1452,1359,2811
20210130,경춘선,강촌,297,344,641
20210130,경춘선,굴봉산,85,83,168
20210130,경춘선,금곡,808,727,1535
20210130,경춘선,김유정,262,243,505
20210130,경춘선,남춘천,1639,1727,3366
20210130,경춘선,대성리,336,299,635
20210130,경춘선,마석,2274,2270,4544
20210130,경춘선,백양리,168,178,346
20210130,경춘선,별내,1704,1652,3356
20210130,경춘선,사릉,1751,1746,3497
20210130,경춘선,상천,200,190,390
20210130,경춘선,신내,797,783,1580
20210130,경춘선,천마산,1039,1014,2053
20210130,경춘선,청평,920,988,1908
20210130,경춘선,춘천,832,861,1693
20210130,경춘선,퇴계원,2021,1893,3914
20210130,경춘선,평내호평,3413,3254,6667
20210131,경춘선,가평,878,789,1667
20210131,경춘선,갈매,1099,990,2089
20210131,경춘선,강촌,363,326,689
20210131,경춘선,굴봉산,102,106,208
20210131,경춘선,금곡,685,637,1322
20210131,경춘선,김유정,223,216,439
20210131,경춘선,남춘천,1515,1446,2961
20210131,경춘선,대성리,318,265,583
20210131,경춘선,마석,1872,1819,3691
20210131,경춘선,백양리,193,163,356
20210131,경춘선,별내,1262,1222,2484
20210131,경춘선,사릉,1284,1282,2566
20210131,경춘선,상천,272,226,498
20210131,경춘선,신내,597,608,1205
20210131,경춘선,천마산,846,870,1716
20210131,경춘선,청평,917,810,1727
20210131,경춘선,춘천,943,787,1730
20210131,경춘선,퇴계원,1448,1359,2807
20210131,경춘선,평내호평,2612,2367,4979
20210206,경춘선,가평,1023,1131,2154
20210206,경춘선,갈매,1575,1393,2968
20210206,경춘선,강촌,372,403,775
20210206,경춘선,굴봉산,103,91,194
20210206,경춘선,금곡,902,885,1787
20210206,경춘선,김유정,271,257,528
20210206,경춘선,남춘천,1658,1791,3449
20210206,경춘선,대성리,349,374,723
20210206,경춘선,마석,2380,2364,4744
20210206,경춘선,백양리,184,186,370
20210206,경춘선,별내,1738,1656,3394
20210206,경춘선,사릉,1865,1831,3696
20210206,경춘선,상천,250,234,484
20210206,경춘선,신내,842,826,1668
20210206,경춘선,천마산,1129,1130,2259
20210206,경춘선,청평,1028,1021,2049
20210206,경춘선,춘천,898,839,1737
20210206,경춘선,퇴계원,2153,2038,4191
20210206,경춘선,평내호평,3660,3507,7167
20210207,경춘선,가평,1009,920,1929
20210207,경춘선,갈매,1131,1023,2154
20210207,경춘선,강촌,402,347,749
20210207,경춘선,굴봉산,109,123,232
20210207,경춘선,금곡,741,701,1442
20210207,경춘선,김유정,317,321,638
20210207,경춘선,남춘천,2027,1955,3982
20210207,경춘선,대성리,395,296,691
20210207,경춘선,마석,1907,1869,3776
20210207,경춘선,백양리,176,127,303
20210207,경춘선,별내,1244,1124,2368
20210207,경춘선,사릉,1356,1390,2746
20210207,경춘선,상천,260,201,461
20210207,경춘선,신내,618,635,1253
20210207,경춘선,천마산,867,860,1727
20210207,경춘선,청평,931,790,1721
20210207,경춘선,춘천,873,785,1658
20210207,경춘선,퇴계원,1626,1539,3165
20210207,경춘선,평내호평,2682,2537,5219
20210213,경춘선,가평,1494,1241,2735
20210213,경춘선,갈매,1095,993,2088
20210213,경춘선,강촌,562,452,1014
20210213,경춘선,굴봉산,145,146,291
20210213,경춘선,금곡,709,617,1326
20210213,경춘선,김유정,368,415,783
20210213,경춘선,남춘천,2005,1751,3756
20210213,경춘선,대성리,476,380,856
20210213,경춘선,마석,2236,2168,4404
20210213,경춘선,백양리,329,285,614
20210213,경춘선,별내,1196,1220,2416
20210213,경춘선,사릉,1529,1330,2859
20210213,경춘선,상천,242,210,452
20210213,경춘선,신내,555,584,1139
20210213,경춘선,천마산,988,961,1949
20210213,경춘선,청평,1302,1089,2391
20210213,경춘선,춘천,1700,1310,3010
20210213,경춘선,퇴계원,1715,1551,3266
20210213,경춘선,평내호평,2949,2705,5654
20210214,경춘선,가평,1222,889,2111
20210214,경춘선,갈매,1125,997,2122
20210214,경춘선,강촌,558,406,964
20210214,경춘선,굴봉산,100,100,200
20210214,경춘선,금곡,699,657,1356
20210214,경춘선,김유정,325,285,610
20210214,경춘선,남춘천,2022,1663,3685
20210214,경춘선,대성리,464,336,800
20210214,경춘선,마석,1940,1861,3801
20210214,경춘선,백양리,184,130,314
20210214,경춘선,별내,1243,1244,2487
20210214,경춘선,사릉,1404,1337,2741
20210214,경춘선,상천,283,204,487
20210214,경춘선,신내,571,544,1115
20210214,경춘선,천마산,901,845,1746
20210214,경춘선,청평,1205,877,2082
20210214,경춘선,춘천,1388,959,2347
20210214,경춘선,퇴계원,1615,1469,3084
20210214,경춘선,평내호평,2771,2528,5299
20210220,경춘선,가평,1204,1201,2405
20210220,경춘선,갈매,1694,1423,3117
20210220,경춘선,강촌,516,529,1045
20210220,경춘선,굴봉산,116,133,249
20210220,경춘선,금곡,925,880,1805
20210220,경춘선,김유정,410,421,831
20210220,경춘선,남춘천,2055,2059,4114
20210220,경춘선,대성리,475,466,941
20210220,경춘선,마석,2626,2694,5320
20210220,경춘선,백양리,265,229,494
20210220,경춘선,별내,1778,1755,3533
20210220,경춘선,사릉,2039,1941,3980
20210220,경춘선,상천,323,283,606
20210220,경춘선,신내,883,899,1782
20210220,경춘선,천마산,1229,1189,2418
20210220,경춘선,청평,1231,1234,2465
20210220,경춘선,춘천,1183,1119,2302
20210220,경춘선,퇴계원,2237,2123,4360
20210220,경춘선,평내호평,3931,3796,7727
20210221,경춘선,가평,1156,1121,2277
20210221,경춘선,갈매,1285,1166,2451
20210221,경춘선,강촌,614,491,1105
20210221,경춘선,굴봉산,151,146,297
20210221,경춘선,금곡,766,738,1504
20210221,경춘선,김유정,428,446,874
20210221,경춘선,남춘천,1794,1858,3652
20210221,경춘선,대성리,561,407,968
20210221,경춘선,마석,2047,2150,4197
20210221,경춘선,백양리,189,207,396
20210221,경춘선,별내,1440,1342,2782
20210221,경춘선,사릉,1432,1419,2851
20210221,경춘선,상천,337,278,615
20210221,경춘선,신내,686,698,1384
20210221,경춘선,천마산,948,1001,1949
20210221,경춘선,청평,1183,974,2157
20210221,경춘선,춘천,1121,976,2097
20210221,경춘선,퇴계원,1730,1587,3317
20210221,경춘선,평내호평,2958,2867,5825
20210227,경춘선,가평,1665,1817,3482
20210227,경춘선,갈매,1786,1548,3334
20210227,경춘선,강촌,589,577,1166
20210227,경춘선,굴봉산,137,171,308
20210227,경춘선,금곡,1058,1008,2066
20210227,경춘선,김유정,550,619,1169
20210227,경춘선,남춘천,2685,2915,5600
20210227,경춘선,대성리,613,506,1119
20210227,경춘선,마석,2842,2817,5659
20210227,경춘선,백양리,199,194,393
20210227,경춘선,별내,1951,1935,3886
20210227,경춘선,사릉,2125,2071,4196
20210227,경춘선,상천,333,300,633
20210227,경춘선,신내,1037,1088,2125
20210227,경춘선,천마산,1294,1303,2597
20210227,경춘선,청평,1448,1614,3062
20210227,경춘선,춘천,1585,1564,3149
20210227,경춘선,퇴계원,2453,2323,4776
20210227,경춘선,평내호평,4305,4242,8547
20210228,경춘선,가평,1447,1430,2877
20210228,경춘선,갈매,1350,1229,2579
20210228,경춘선,강촌,800,660,1460
20210228,경춘선,굴봉산,189,211,400
20210228,경춘선,금곡,829,785,1614
20210228,경춘선,김유정,631,683,1314
20210228,경춘선,남춘천,1939,2035,3974
20210228,경춘선,대성리,597,481,1078
20210228,경춘선,마석,2553,2610,5163
20210228,경춘선,백양리,248,202,450
20210228,경춘선,별내,1609,1530,3139
20210228,경춘선,사릉,1633,1656,3289
20210228,경춘선,상천,456,342,798
20210228,경춘선,신내,768,809,1577
20210228,경춘선,천마산,1013,1037,2050
20210228,경춘선,청평,1431,1279,2710
20210228,경춘선,춘천,1583,1402,2985
20210228,경춘선,퇴계원,1841,1673,3514
20210228,경춘선,평내호평,3284,3197,6481
20210306,경춘선,가평,1261,1368,2629
20210306,경춘선,갈매,1758,1601,3359
20210306,경춘선,강촌,590,552,1142
20210306,경춘선,굴봉산,120,151,271
20210306,경춘선,금곡,964,884,1848
20210306,경춘선,김유정,365,418,783
20210306,경춘선,남춘천,2181,2172,4353
20210306,경춘선,대성리,516,469,985
20210306,경춘선,마석,2713,2721,5434
20210306,경춘선,백양리,82,111,193
20210306,경춘선,별내,1822,1782,3604
20210306,경춘선,사릉,2119,1985,4104
20210306,경춘선,상천,420,313,733
20210306,경춘선,신내,984,989,1973
20210306,경춘선,천마산,1211,1221,2432
20210306,경춘선,청평,1299,1366,2665
20210306,경춘선,춘천,1265,1287,2552
20210306,경춘선,퇴계원,2421,2263,4684
20210306,경춘선,평내호평,4099,4043,8142
20210307,경춘선,가평,1151,985,2136
20210307,경춘선,갈매,1386,1177,2563
20210307,경춘선,강촌,623,554,1177
20210307,경춘선,굴봉산,140,115,255
20210307,경춘선,금곡,862,751,1613
20210307,경춘선,김유정,395,446,841
20210307,경춘선,남춘천,2452,2807,5259
20210307,경춘선,대성리,570,407,977
20210307,경춘선,마석,2241,2177,4418
20210307,경춘선,백양리,73,57,130
20210307,경춘선,별내,1499,1425,2924
20210307,경춘선,사릉,1528,1540,3068
20210307,경춘선,상천,407,341,748
20210307,경춘선,신내,737,701,1438
20210307,경춘선,천마산,1048,1094,2142
20210307,경춘선,청평,1370,1139,2509
20210307,경춘선,춘천,1179,1267,2446
20210307,경춘선,퇴계원,1955,1718,3673
20210307,경춘선,평내호평,3285,3200,6485
20210313,경춘선,가평,1432,1554,2986
20210313,경춘선,갈매,1929,1618,3547
20210313,경춘선,강촌,647,693,1340
20210313,경춘선,굴봉산,140,180,320
20210313,경춘선,금곡,1088,1036,2124
20210313,경춘선,김유정,440,516,956
20210313,경춘선,남춘천,2221,2378,4599
20210313,경춘선,대성리,562,508,1070
20210313,경춘선,마석,3281,3371,6652
20210313,경춘선,백양리,104,102,206
20210313,경춘선,별내,2020,1998,4018
20210313,경춘선,사릉,2254,2180,4434
20210313,경춘선,상천,394,372,766
20210313,경춘선,신내,975,1007,1982
20210313,경춘선,천마산,1254,1273,2527
20210313,경춘선,청평,1533,1537,3070
20210313,경춘선,춘천,1526,1321,2847
20210313,경춘선,퇴계원,2532,2383,4915
20210313,경춘선,평내호평,4413,4455,8868
20210314,경춘선,가평,1338,1116,2454
20210314,경춘선,갈매,1310,1183,2493
20210314,경춘선,강촌,653,503,1156
20210314,경춘선,굴봉산,174,160,334
20210314,경춘선,금곡,863,803,1666
20210314,경춘선,김유정,392,448,840
20210314,경춘선,남춘천,1982,2268,4250
20210314,경춘선,대성리,596,437,1033
20210314,경춘선,마석,2236,2259,4495
20210314,경춘선,백양리,121,74,195
20210314,경춘선,별내,1569,1439,3008
20210314,경춘선,사릉,1596,1533,3129
20210314,경춘선,상천,472,351,823
20210314,경춘선,신내,686,784,1470
20210314,경춘선,천마산,1039,983,2022
20210314,경춘선,청평,1431,1229,2660
20210314,경춘선,춘천,1376,1432,2808
20210314,경춘선,퇴계원,1869,1690,3559
20210314,경춘선,평내호평,3273,3147,6420
20210320,경춘선,가평,1146,1287,2433
20210320,경춘선,갈매,1620,1392,3012
20210320,경춘선,강촌,407,412,819
20210320,경춘선,굴봉산,128,147,275
20210320,경춘선,금곡,902,830,1732
20210320,경춘선,김유정,354,424,778
20210320,경춘선,남춘천,2019,2088,4107
20210320,경춘선,대성리,381,388,769
20210320,경춘선,마석,2529,2577,5106
20210320,경춘선,백양리,105,122,227
20210320,경춘선,별내,1721,1726,3447
20210320,경춘선,사릉,1943,1855,3798
20210320,경춘선,상천,218,178,396
20210320,경춘선,신내,910,857,1767
20210320,경춘선,천마산,1135,1112,2247
20210320,경춘선,청평,1078,1222,2300
20210320,경춘선,춘천,1178,1073,2251
20210320,경춘선,퇴계원,2264,2105,4369
20210320,경춘선,평내호평,3818,3778,7596
20210321,경춘선,가평,1296,1094,2390
20210321,경춘선,갈매,1377,1160,2537
20210321,경춘선,강촌,608,575,1183
20210321,경춘선,굴봉산,158,152,310
20210321,경춘선,금곡,815,753,1568
20210321,경춘선,김유정,420,423,843
20210321,경춘선,남춘천,1974,2313,4287
20210321,경춘선,대성리,471,379,850
20210321,경춘선,마석,2361,2219,4580
20210321,경춘선,백양리,88,96,184
20210321,경춘선,별내,1463,1391,2854
20210321,경춘선,사릉,1625,1647,3272
20210321,경춘선,상천,331,284,615
20210321,경춘선,신내,767,771,1538
20210321,경춘선,천마산,983,905,1888
20210321,경춘선,청평,1321,1062,2383
20210321,경춘선,춘천,1234,1312,2546
20210321,경춘선,퇴계원,1885,1739,3624
20210321,경춘선,평내호평,3187,3053,6240
20210327,경춘선,가평,1108,1256,2364
20210327,경춘선,갈매,1671,1492,3163
20210327,경춘선,강촌,432,488,920
20210327,경춘선,굴봉산,127,148,275
20210327,경춘선,금곡,871,871,1742
20210327,경춘선,김유정,323,399,722
20210327,경춘선,남춘천,2425,2485,4910
20210327,경춘선,대성리,413,381,794
20210327,경춘선,마석,2617,2625,5242
20210327,경춘선,백양리,104,101,205
20210327,경춘선,별내,1743,1705,3448
20210327,경춘선,사릉,1982,1944,3926
20210327,경춘선,상천,217,221,438
20210327,경춘선,신내,872,872,1744
20210327,경춘선,천마산,1142,1190,2332
20210327,경춘선,청평,1247,1252,2499
20210327,경춘선,춘천,1128,1066,2194
20210327,경춘선,퇴계원,2212,2126,4338
20210327,경춘선,평내호평,3941,3853,7794
20210328,경춘선,가평,993,831,1824
20210328,경춘선,갈매,1189,1093,2282
20210328,경춘선,강촌,384,340,724
20210328,경춘선,굴봉산,105,90,195
20210328,경춘선,금곡,724,670,1394
20210328,경춘선,김유정,257,256,513
20210328,경춘선,남춘천,1715,2011,3726
20210328,경춘선,대성리,390,298,688
20210328,경춘선,마석,2156,2093,4249
20210328,경춘선,백양리,63,60,123
20210328,경춘선,별내,1382,1242,2624
20210328,경춘선,사릉,1448,1409,2857
20210328,경춘선,상천,194,166,360
20210328,경춘선,신내,643,694,1337
20210328,경춘선,천마산,940,815,1755
20210328,경춘선,청평,1043,848,1891
20210328,경춘선,춘천,931,1094,2025
20210328,경춘선,퇴계원,1679,1583,3262
20210328,경춘선,평내호평,2786,2690,5476
20210403,경춘선,가평,988,1103,2091
20210403,경춘선,갈매,1551,1305,2856
20210403,경춘선,강촌,276,294,570
20210403,경춘선,굴봉산,85,88,173
20210403,경춘선,금곡,796,740,1536
20210403,경춘선,김유정,205,253,458
20210403,경춘선,남춘천,1878,1819,3697
20210403,경춘선,대성리,400,379,779
20210403,경춘선,마석,2347,2370,4717
20210403,경춘선,백양리,59,66,125
20210403,경춘선,별내,1567,1524,3091
20210403,경춘선,사릉,1715,1694,3409
20210403,경춘선,상천,171,145,316
20210403,경춘선,신내,742,802,1544
20210403,경춘선,천마산,976,959,1935
20210403,경춘선,청평,1023,1105,2128
20210403,경춘선,춘천,1107,947,2054
20210403,경춘선,퇴계원,2022,1842,3864
20210403,경춘선,평내호평,3346,3257,6603
20210404,경춘선,가평,1238,1030,2268
20210404,경춘선,갈매,1372,1188,2560
20210404,경춘선,강촌,534,502,1036
20210404,경춘선,굴봉산,177,167,344
20210404,경춘선,금곡,908,797,1705
20210404,경춘선,김유정,332,327,659
20210404,경춘선,남춘천,1681,2092,3773
20210404,경춘선,대성리,1056,897,1953
20210404,경춘선,마석,2340,2230,4570
20210404,경춘선,백양리,96,90,186
20210404,경춘선,별내,1506,1471,2977
20210404,경춘선,사릉,1641,1611,3252
20210404,경춘선,상천,427,367,794
20210404,경춘선,신내,781,765,1546
20210404,경춘선,천마산,1072,1036,2108
20210404,경춘선,청평,1365,1192,2557
20210404,경춘선,춘천,1148,1289,2437
20210404,경춘선,퇴계원,1843,1665,3508
20210404,경춘선,평내호평,3226,3168,6394
20210410,경춘선,가평,2005,2292,4297
20210410,경춘선,갈매,1968,1738,3706
20210410,경춘선,강촌,885,894,1779
20210410,경춘선,굴봉산,367,410,777
20210410,경춘선,금곡,1114,1062,2176
20210410,경춘선,김유정,586,683,1269
20210410,경춘선,남춘천,2355,2694,5049
20210410,경춘선,대성리,1133,1114,2247
20210410,경춘선,마석,3438,3484,6922
20210410,경춘선,백양리,178,194,372
20210410,경춘선,별내,2085,2050,4135
20210410,경춘선,사릉,2377,2271,4648
20210410,경춘선,상천,652,536,1188
20210410,경춘선,신내,1095,1098,2193
20210410,경춘선,천마산,1399,1431,2830
20210410,경춘선,청평,1898,2006,3904
20210410,경춘선,춘천,2050,1715,3765
20210410,경춘선,퇴계원,2740,2461,5201
20210410,경춘선,평내호평,4739,4728,9467
20210411,경춘선,가평,1949,1643,3592
20210411,경춘선,갈매,1489,1332,2821
20210411,경춘선,강촌,978,842,1820
20210411,경춘선,굴봉산,367,334,701
20210411,경춘선,금곡,989,909,1898
20210411,경춘선,김유정,552,599,1151
20210411,경춘선,남춘천,2201,2376,4577
20210411,경춘선,대성리,1045,900,1945
20210411,경춘선,마석,2754,2641,5395
20210411,경춘선,백양리,185,177,362
20210411,경춘선,별내,1698,1600,3298
20210411,경춘선,사릉,1839,1806,3645
20210411,경춘선,상천,663,573,1236
20210411,경춘선,신내,853,851,1704
20210411,경춘선,천마산,1259,1295,2554
20210411,경춘선,청평,1946,1628,3574
20210411,경춘선,춘천,1905,1539,3444
20210411,경춘선,퇴계원,2003,1895,3898
20210411,경춘선,평내호평,3448,3435,6883
20210417,경춘선,가평,1502,1671,3173
20210417,경춘선,갈매,1736,1517,3253
20210417,경춘선,강촌,723,734,1457
20210417,경춘선,굴봉산,287,334,621
20210417,경춘선,금곡,1047,969,2016
20210417,경춘선,김유정,452,550,1002
20210417,경춘선,남춘천,2795,2905,5700
20210417,경춘선,대성리,564,635,1199
20210417,경춘선,마석,2895,2916,5811
20210417,경춘선,백양리,196,155,351
20210417,경춘선,별내,1936,1873,3809
20210417,경춘선,사릉,2171,2100,4271
20210417,경춘선,상천,563,495,1058
20210417,경춘선,신내,1046,1014,2060
20210417,경춘선,천마산,1282,1290,2572
20210417,경춘선,청평,1544,1658,3202
20210417,경춘선,춘천,1279,1228,2507
20210417,경춘선,퇴계원,2371,2227,4598
20210417,경춘선,평내호평,4141,4002,8143
20210418,경춘선,가평,1802,1538,3340
20210418,경춘선,갈매,1405,1185,2590
20210418,경춘선,강촌,1032,913,1945
20210418,경춘선,굴봉산,417,429,846
20210418,경춘선,금곡,902,869,1771
20210418,경춘선,김유정,511,533,1044
20210418,경춘선,남춘천,1999,2183,4182
20210418,경춘선,대성리,824,692,1516
20210418,경춘선,마석,3133,3234,6367
20210418,경춘선,백양리,202,207,409
20210418,경춘선,별내,1667,1537,3204
20210418,경춘선,사릉,1680,1699,3379
20210418,경춘선,상천,764,577,1341
20210418,경춘선,신내,855,867,1722
20210418,경춘선,천마산,1145,1180,2325
20210418,경춘선,청평,1956,1627,3583
20210418,경춘선,춘천,1648,1388,3036
20210418,경춘선,퇴계원,2147,1943,4090
20210418,경춘선,평내호평,3457,3386,6843
20210424,경춘선,가평,1820,2017,3837
20210424,경춘선,갈매,1846,1689,3535
20210424,경춘선,강촌,853,886,1739
20210424,경춘선,굴봉산,317,354,671
20210424,경춘선,금곡,1101,1059,2160
20210424,경춘선,김유정,550,674,1224
20210424,경춘선,남춘천,2295,2461,4756
20210424,경춘선,대성리,799,827,1626
20210424,경춘선,마석,3212,3258,6470
20210424,경춘선,백양리,228,261,489
20210424,경춘선,별내,2209,2043,4252
20210424,경춘선,사릉,2295,2237,4532
20210424,경춘선,상천,630,522,1152
20210424,경춘선,신내,1092,1104,2196
20210424,경춘선,천마산,1394,1452,2846
20210424,경춘선,청평,1793,1898,3691
20210424,경춘선,춘천,1910,1729,3639
20210424,경춘선,퇴계원,2690,2389,5079
20210424,경춘선,평내호평,4416,4437,8853
20210425,경춘선,가평,1969,1634,3603
20210425,경춘선,갈매,1491,1373,2864
20210425,경춘선,강촌,954,821,1775
20210425,경춘선,굴봉산,413,434,847
20210425,경춘선,금곡,920,848,1768
20210425,경춘선,김유정,641,669,1310
20210425,경춘선,남춘천,2142,2313,4455
20210425,경춘선,대성리,817,577,1394
20210425,경춘선,마석,2687,2627,5314
20210425,경춘선,백양리,173,184,357
20210425,경춘선,별내,1729,1599,3328
20210425,경춘선,사릉,1718,1693,3411
20210425,경춘선,상천,680,569,1249
20210425,경춘선,신내,904,852,1756
20210425,경춘선,천마산,1124,1090,2214
20210425,경춘선,청평,1726,1487,3213
20210425,경춘선,춘천,1652,1565,3217
20210425,경춘선,퇴계원,2115,1913,4028
20210425,경춘선,평내호평,3366,3389,6755
20210501,경춘선,가평,1412,1612,3024
20210501,경춘선,갈매,1615,1412,3027
20210501,경춘선,강촌,461,519,980
20210501,경춘선,굴봉산,200,208,408
20210501,경춘선,금곡,899,865,1764
20210501,경춘선,김유정,419,537,956
20210501,경춘선,남춘천,1949,2178,4127
20210501,경춘선,대성리,445,475,920
20210501,경춘선,마석,2742,2596,5338
20210501,경춘선,백양리,105,103,208
20210501,경춘선,별내,1809,1748,3557
20210501,경춘선,사릉,1890,1877,3767
20210501,경춘선,상천,266,286,552
20210501,경춘선,신내,842,854,1696
20210501,경춘선,천마산,1110,1101,2211
20210501,경춘선,청평,1265,1405,2670
20210501,경춘선,춘천,1303,1282,2585
20210501,경춘선,퇴계원,2194,2036,4230
20210501,경춘선,평내호평,3720,3671,7391
20210502,경춘선,가평,2201,1811,4012
20210502,경춘선,갈매,1438,1243,2681
20210502,경춘선,강촌,968,758,1726
20210502,경춘선,굴봉산,396,366,762
20210502,경춘선,금곡,936,924,1860
20210502,경춘선,김유정,629,630,1259
20210502,경춘선,남춘천,2721,3096,5817
20210502,경춘선,대성리,765,658,1423
20210502,경춘선,마석,2987,2892,5879
20210502,경춘선,백양리,140,182,322
20210502,경춘선,별내,1728,1640,3368
20210502,경춘선,사릉,1842,1808,3650
20210502,경춘선,상천,661,481,1142
20210502,경춘선,신내,821,916,1737
20210502,경춘선,천마산,1182,1130,2312
20210502,경춘선,청평,1821,1574,3395
20210502,경춘선,춘천,1865,1620,3485
20210502,경춘선,퇴계원,2051,2011,4062
20210502,경춘선,평내호평,3651,3535,7186
20210508,경춘선,가평,1594,1888,3482
20210508,경춘선,갈매,1812,1537,3349
20210508,경춘선,강촌,646,669,1315
20210508,경춘선,굴봉산,220,242,462
20210508,경춘선,금곡,1033,954,1987
20210508,경춘선,김유정,443,546,989
20210508,경춘선,남춘천,2141,2287,4428
20210508,경춘선,대성리,557,517,1074
20210508,경춘선,마석,3238,3375,6613
20210508,경춘선,백양리,126,111,237
20210508,경춘선,별내,2036,1895,3931
20210508,경춘선,사릉,2072,1983,4055
20210508,경춘선,상천,313,313,626
20210508,경춘선,신내,972,1027,1999
20210508,경춘선,천마산,1207,1227,2434
20210508,경춘선,청평,1546,1700,3246
20210508,경춘선,춘천,1515,1372,2887
20210508,경춘선,퇴계원,2347,2269,4616
20210508,경춘선,평내호평,4069,4107,8176
20210509,경춘선,가평,2132,1613,3745
20210509,경춘선,갈매,1471,1298,2769
20210509,경춘선,강촌,912,702,1614
20210509,경춘선,굴봉산,267,272,539
20210509,경춘선,금곡,943,855,1798
20210509,경춘선,김유정,630,611,1241
20210509,경춘선,남춘천,2277,2414,4691
20210509,경춘선,대성리,685,593,1278
20210509,경춘선,마석,2872,2620,5492
20210509,경춘선,백양리,177,160,337
20210509,경춘선,별내,1734,1663,3397
20210509,경춘선,사릉,1801,1751,3552
20210509,경춘선,상천,611,421,1032
20210509,경춘선,신내,879,923,1802
20210509,경춘선,천마산,1257,1177,2434
20210509,경춘선,청평,1836,1412,3248
20210509,경춘선,춘천,1976,1617,3593
20210509,경춘선,퇴계원,2094,1988,4082
20210509,경춘선,평내호평,3622,3535,7157
20210515,경춘선,가평,1544,1726,3270
20210515,경춘선,갈매,1876,1670,3546
20210515,경춘선,강촌,507,594,1101
20210515,경춘선,굴봉산,162,179,341
20210515,경춘선,금곡,1050,966,2016
20210515,경춘선,김유정,469,565,1034
20210515,경춘선,남춘천,2278,2335,4613
20210515,경춘선,대성리,519,542,1061
20210515,경춘선,마석,3076,3004,6080
20210515,경춘선,백양리,127,169,296
20210515,경춘선,별내,2116,2069,4185
20210515,경춘선,사릉,2195,2114,4309
20210515,경춘선,상천,346,301,647
20210515,경춘선,신내,991,976,1967
20210515,경춘선,천마산,1207,1143,2350
20210515,경춘선,청평,1501,1591,3092
20210515,경춘선,춘천,1534,1356,2890
20210515,경춘선,퇴계원,2498,2342,4840
20210515,경춘선,평내호평,4219,4194,8413
20210516,경춘선,가평,1181,861,2042
20210516,경춘선,갈매,1086,937,2023
20210516,경춘선,강촌,330,227,557
20210516,경춘선,굴봉산,90,66,156
20210516,경춘선,금곡,633,596,1229
20210516,경춘선,김유정,209,204,413
20210516,경춘선,남춘천,1716,1898,3614
20210516,경춘선,대성리,356,262,618
20210516,경춘선,마석,1849,1774,3623
20210516,경춘선,백양리,55,43,98
20210516,경춘선,별내,1257,1212,2469
20210516,경춘선,사릉,1298,1254,2552
20210516,경춘선,상천,151,111,262
20210516,경춘선,신내,559,596,1155
20210516,경춘선,천마산,784,711,1495
20210516,경춘선,청평,1064,791,1855
20210516,경춘선,춘천,1067,1005,2072
20210516,경춘선,퇴계원,1561,1432,2993
20210516,경춘선,평내호평,2338,2347,4685
20210522,경춘선,가평,1966,2378,4344
20210522,경춘선,갈매,1951,1739,3690
20210522,경춘선,강촌,817,846,1663
20210522,경춘선,굴봉산,253,285,538
20210522,경춘선,금곡,1209,1131,2340
20210522,경춘선,김유정,680,704,1384
20210522,경춘선,남춘천,3178,3452,6630
20210522,경춘선,대성리,790,765,1555
20210522,경춘선,마석,3301,3250,6551
20210522,경춘선,백양리,170,171,341
20210522,경춘선,별내,2352,2298,4650
20210522,경춘선,사릉,2449,2394,4843
20210522,경춘선,상천,475,393,868
20210522,경춘선,신내,1243,1192,2435
20210522,경춘선,천마산,1460,1477,2937
20210522,경춘선,청평,1869,2053,3922
20210522,경춘선,춘천,2054,1875,3929
20210522,경춘선,퇴계원,2817,2558,5375
20210522,경춘선,평내호평,4846,4769,9615
20210523,경춘선,가평,2150,1736,3886
20210523,경춘선,갈매,1557,1346,2903
20210523,경춘선,강촌,955,770,1725
20210523,경춘선,굴봉산,321,258,579
20210523,경춘선,금곡,960,938,1898
20210523,경춘선,김유정,542,608,1150
20210523,경춘선,남춘천,2298,2465,4763
20210523,경춘선,대성리,782,578,1360
20210523,경춘선,마석,3080,2994,6074
20210523,경춘선,백양리,132,151,283
20210523,경춘선,별내,1863,1720,3583
20210523,경춘선,사릉,1785,1759,3544
20210523,경춘선,상천,530,391,921
20210523,경춘선,신내,862,866,1728
20210523,경춘선,천마산,1241,1291,2532
20210523,경춘선,청평,1846,1456,3302
20210523,경춘선,춘천,1800,1542,3342
20210523,경춘선,퇴계원,2181,2084,4265
20210523,경춘선,평내호평,3519,3447,6966
20210529,경춘선,가평,1775,2145,3920
20210529,경춘선,갈매,1839,1602,3441
20210529,경춘선,강촌,692,741,1433
20210529,경춘선,굴봉산,204,230,434
20210529,경춘선,금곡,1045,967,2012
20210529,경춘선,김유정,533,627,1160
20210529,경춘선,남춘천,2426,2836,5262
20210529,경춘선,대성리,629,634,1263
20210529,경춘선,마석,3080,3035,6115
20210529,경춘선,백양리,207,179,386
20210529,경춘선,별내,2261,2160,4421
20210529,경춘선,사릉,2220,2203,4423
20210529,경춘선,상천,478,447,925
20210529,경춘선,신내,1087,1099,2186
20210529,경춘선,천마산,1266,1259,2525
20210529,경춘선,청평,1665,1814,3479
20210529,경춘선,춘천,1841,1568,3409
20210529,경춘선,퇴계원,2491,2283,4774
20210529,경춘선,평내호평,4226,4272,8498
20210530,경춘선,가평,2085,1660,3745
20210530,경춘선,갈매,1492,1329,2821
20210530,경춘선,강촌,724,610,1334
20210530,경춘선,굴봉산,266,261,527
20210530,경춘선,금곡,893,869,1762
20210530,경춘선,김유정,530,522,1052
20210530,경춘선,남춘천,2083,2187,4270
20210530,경춘선,대성리,803,512,1315
20210530,경춘선,마석,2546,2433,4979
20210530,경춘선,백양리,126,128,254
20210530,경춘선,별내,1729,1695,3424
20210530,경춘선,사릉,1766,1703,3469
20210530,경춘선,상천,447,346,793
20210530,경춘선,신내,898,828,1726
20210530,경춘선,천마산,1145,1118,2263
20210530,경춘선,청평,1798,1430,3228
20210530,경춘선,춘천,1690,1482,3172
20210530,경춘선,퇴계원,2097,1929,4026
20210530,경춘선,평내호평,3358,3176,6534
20210605,경춘선,가평,2292,2377,4669
20210605,경춘선,갈매,1996,1766,3762
20210605,경춘선,강촌,872,892,1764
20210605,경춘선,굴봉산,210,274,484
20210605,경춘선,금곡,1195,1070,2265
20210605,경춘선,김유정,569,708,1277
20210605,경춘선,남춘천,2419,2564,4983
20210605,경춘선,대성리,675,790,1465
20210605,경춘선,마석,3208,3287,6495
20210605,경춘선,백양리,140,181,321
20210605,경춘선,별내,2369,2288,4657
20210605,경춘선,사릉,2374,2287,4661
20210605,경춘선,상천,470,429,899
20210605,경춘선,신내,1127,1123,2250
20210605,경춘선,천마산,1378,1469,2847
20210605,경춘선,청평,1672,1947,3619
20210605,경춘선,춘천,1972,1663,3635
20210605,경춘선,퇴계원,2677,2466,5143
20210605,경춘선,평내호평,4847,4698,9545
20210606,경춘선,가평,2165,1643,3808
20210606,경춘선,갈매,1355,1201,2556
20210606,경춘선,강촌,762,636,1398
20210606,경춘선,굴봉산,271,228,499
20210606,경춘선,금곡,876,849,1725
20210606,경춘선,김유정,436,484,920
20210606,경춘선,남춘천,2061,2180,4241
20210606,경춘선,대성리,764,591,1355
20210606,경춘선,마석,2505,2460,4965
20210606,경춘선,백양리,145,129,274
20210606,경춘선,별내,1673,1556,3229
20210606,경춘선,사릉,1725,1744,3469
20210606,경춘선,상천,566,433,999
20210606,경춘선,신내,847,837,1684
20210606,경춘선,천마산,1210,1108,2318
20210606,경춘선,청평,1751,1516,3267
20210606,경춘선,춘천,1771,1448,3219
20210606,경춘선,퇴계원,1971,1863,3834
20210606,경춘선,평내호평,3399,3250,6649
20210612,경춘선,가평,1847,2279,4126
20210612,경춘선,갈매,1901,1672,3573
20210612,경춘선,강촌,719,801,1520
20210612,경춘선,굴봉산,234,270,504
20210612,경춘선,금곡,1164,1064,2228
20210612,경춘선,김유정,496,638,1134
20210612,경춘선,남춘천,2891,3012,5903
20210612,경춘선,대성리,611,753,1364
20210612,경춘선,마석,3095,3113,6208
20210612,경춘선,백양리,150,178,328
20210612,경춘선,별내,2255,2210,4465
20210612,경춘선,사릉,2288,2248,4536
20210612,경춘선,상천,426,340,766
20210612,경춘선,신내,1135,1109,2244
20210612,경춘선,천마산,1350,1347,2697
20210612,경춘선,청평,1758,1931,3689
20210612,경춘선,춘천,1690,1514,3204
20210612,경춘선,퇴계원,2510,2383,4893
20210612,경춘선,평내호평,4475,4333,8808
20210613,경춘선,가평,2051,1610,3661
20210613,경춘선,갈매,1355,1238,2593
20210613,경춘선,강촌,844,680,1524
20210613,경춘선,굴봉산,245,223,468
20210613,경춘선,금곡,859,854,1713
20210613,경춘선,김유정,455,445,900
20210613,경춘선,남춘천,1988,2055,4043
20210613,경춘선,대성리,687,499,1186
20210613,경춘선,마석,2824,2743,5567
20210613,경춘선,백양리,153,124,277
20210613,경춘선,별내,1609,1579,3188
20210613,경춘선,사릉,1615,1662,3277
20210613,경춘선,상천,498,406,904
20210613,경춘선,신내,865,890,1755
20210613,경춘선,천마산,1101,1051,2152
20210613,경춘선,청평,1702,1305,3007
20210613,경춘선,춘천,1577,1343,2920
20210613,경춘선,퇴계원,2022,1891,3913
20210613,경춘선,평내호평,3157,3092,6249
20210619,경춘선,가평,2070,2791,4861
20210619,경춘선,갈매,1977,1655,3632
20210619,경춘선,강촌,752,832,1584
20210619,경춘선,굴봉산,217,238,455
20210619,경춘선,금곡,1147,1074,2221
20210619,경춘선,김유정,632,729,1361
20210619,경춘선,남춘천,2535,2734,5269
20210619,경춘선,대성리,738,785,1523
20210619,경춘선,마석,3239,3169,6408
20210619,경춘선,백양리,151,173,324
20210619,경춘선,별내,2296,2199,4495
20210619,경춘선,사릉,2399,2405,4804
20210619,경춘선,상천,467,373,840
20210619,경춘선,신내,1120,1078,2198
20210619,경춘선,천마산,1417,1402,2819
20210619,경춘선,청평,1755,2019,3774
20210619,경춘선,춘천,1993,1748,3741
20210619,경춘선,퇴계원,2704,2512,5216
20210619,경춘선,평내호평,4508,4500,9008
20210620,경춘선,가평,2557,2056,4613
20210620,경춘선,갈매,1410,1320,2730
20210620,경춘선,강촌,784,696,1480
20210620,경춘선,굴봉산,334,292,626
20210620,경춘선,금곡,969,944,1913
20210620,경춘선,김유정,530,551,1081
20210620,경춘선,남춘천,2286,2300,4586
20210620,경춘선,대성리,765,578,1343
20210620,경춘선,마석,2576,2408,4984
20210620,경춘선,백양리,161,110,271
20210620,경춘선,별내,1749,1627,3376
20210620,경춘선,사릉,1727,1772,3499
20210620,경춘선,상천,514,355,869
20210620,경춘선,신내,814,886,1700
20210620,경춘선,천마산,1156,1120,2276
20210620,경춘선,청평,1869,1622,3491
20210620,경춘선,춘천,1870,1300,3170
20210620,경춘선,퇴계원,2093,2058,4151
20210620,경춘선,평내호평,3317,3284,6601
20210626,경춘선,가평,1854,2267,4121
20210626,경춘선,갈매,1839,1634,3473
20210626,경춘선,강촌,516,632,1148
20210626,경춘선,굴봉산,168,217,385
20210626,경춘선,금곡,1052,943,1995
20210626,경춘선,김유정,418,538,956
20210626,경춘선,남춘천,2106,2262,4368
20210626,경춘선,대성리,599,593,1192
20210626,경춘선,마석,2861,2957,5818
20210626,경춘선,백양리,100,95,195
20210626,경춘선,별내,2177,2102,4279
20210626,경춘선,사릉,2185,2095,4280
20210626,경춘선,상천,274,296,570
20210626,경춘선,신내,986,983,1969
20210626,경춘선,천마산,1286,1271,2557
20210626,경춘선,청평,1633,1871,3504
20210626,경춘선,춘천,1390,1327,2717
20210626,경춘선,퇴계원,2404,2190,4594
20210626,경춘선,평내호평,4279,4273,8552
20210627,경춘선,가평,2555,2026,4581
20210627,경춘선,갈매,1412,1301,2713
20210627,경춘선,강촌,906,708,1614
20210627,경춘선,굴봉산,298,254,552
20210627,경춘선,금곡,881,868,1749
20210627,경춘선,김유정,545,526,1071
20210627,경춘선,남춘천,2739,2794,5533
20210627,경춘선,대성리,738,557,1295
20210627,경춘선,마석,2684,2662,5346
20210627,경춘선,백양리,181,137,318
20210627,경춘선,별내,1805,1762,3567
20210627,경춘선,사릉,1708,1715,3423
20210627,경춘선,상천,489,384,873
20210627,경춘선,신내,847,850,1697
20210627,경춘선,천마산,1089,1100,2189
20210627,경춘선,청평,1973,1604,3577
20210627,경춘선,춘천,1773,1341,3114
20210627,경춘선,퇴계원,2071,1962,4033
20210627,경춘선,평내호평,3470,3438,6908
20210703,경춘선,가평,2052,2621,4673
20210703,경춘선,갈매,1754,1507,3261
20210703,경춘선,강촌,529,630,1159
20210703,경춘선,굴봉산,169,191,360
20210703,경춘선,금곡,1038,1023,2061
20210703,경춘선,김유정,404,494,898
20210703,경춘선,남춘천,2123,2214,4337
20210703,경춘선,대성리,570,594,1164
20210703,경춘선,마석,3103,3086,6189
20210703,경춘선,백양리,106,104,210
20210703,경춘선,별내,2022,2018,4040
20210703,경춘선,사릉,2090,2097,4187
20210703,경춘선,상천,311,281,592
20210703,경춘선,신내,1003,966,1969
20210703,경춘선,천마산,1257,1226,2483
20210703,경춘선,청평,1614,1752,3366
20210703,경춘선,춘천,1472,1323,2795
20210703,경춘선,퇴계원,2450,2304,4754
20210703,경춘선,평내호평,3999,3944,7943
20210704,경춘선,가평,1871,1205,3076
20210704,경춘선,갈매,1125,1032,2157
20210704,경춘선,강촌,497,314,811
20210704,경춘선,굴봉산,124,87,211
20210704,경춘선,금곡,673,631,1304
20210704,경춘선,김유정,242,224,466
20210704,경춘선,남춘천,1758,1781,3539
20210704,경춘선,대성리,428,321,749
20210704,경춘선,마석,1912,1837,3749
20210704,경춘선,백양리,110,88,198
20210704,경춘선,별내,1431,1360,2791
20210704,경춘선,사릉,1311,1444,2755
20210704,경춘선,상천,199,180,379
20210704,경춘선,신내,612,651,1263
20210704,경춘선,천마산,863,745,1608
20210704,경춘선,청평,1355,981,2336
20210704,경춘선,춘천,1062,881,1943
20210704,경춘선,퇴계원,1716,1659,3375
20210704,경춘선,평내호평,2688,2568,5256
20210710,경춘선,가평,1646,2070,3716
20210710,경춘선,갈매,1653,1483,3136
20210710,경춘선,강촌,416,509,925
20210710,경춘선,굴봉산,135,164,299
20210710,경춘선,금곡,971,933,1904
20210710,경춘선,김유정,252,348,600
20210710,경춘선,남춘천,1924,1907,3831
20210710,경춘선,대성리,532,462,994
20210710,경춘선,마석,2589,2684,5273
20210710,경춘선,백양리,100,108,208
20210710,경춘선,별내,1952,1870,3822
20210710,경춘선,사릉,1808,1899,3707
20210710,경춘선,상천,245,261,506
20210710,경춘선,신내,902,915,1817
20210710,경춘선,천마산,1138,1150,2288
20210710,경춘선,청평,1395,1572,2967
20210710,경춘선,춘천,1052,1033,2085
20210710,경춘선,퇴계원,2222,2065,4287
20210710,경춘선,평내호평,3711,3632,7343
20210711,경춘선,가평,1832,1382,3214
20210711,경춘선,갈매,1107,978,2085
20210711,경춘선,강촌,607,452,1059
20210711,경춘선,굴봉산,193,148,341
20210711,경춘선,금곡,746,690,1436
20210711,경춘선,김유정,281,264,545
20210711,경춘선,남춘천,1690,1724,3414
20210711,경춘선,대성리,566,427,993
20210711,경춘선,마석,1946,1866,3812
20210711,경춘선,백양리,135,92,227
20210711,경춘선,별내,1454,1337,2791
20210711,경춘선,사릉,1313,1422,2735
20210711,경춘선,상천,290,236,526
20210711,경춘선,신내,660,669,1329
20210711,경춘선,천마산,907,859,1766
20210711,경춘선,청평,1334,1088,2422
20210711,경춘선,춘천,1046,918,1964
20210711,경춘선,퇴계원,1593,1549,3142
20210711,경춘선,평내호평,2552,2527,5079
20210717,경춘선,가평,1659,1987,3646
20210717,경춘선,갈매,1453,1301,2754
20210717,경춘선,강촌,652,664,1316
20210717,경춘선,굴봉산,182,223,405
20210717,경춘선,금곡,914,836,1750
20210717,경춘선,김유정,353,434,787
20210717,경춘선,남춘천,2441,2591,5032
20210717,경춘선,대성리,518,536,1054
20210717,경춘선,마석,2448,2526,4974
20210717,경춘선,백양리,139,140,279
20210717,경춘선,별내,1816,1776,3592
20210717,경춘선,사릉,1854,1817,3671
20210717,경춘선,상천,336,298,634
20210717,경춘선,신내,898,855,1753
20210717,경춘선,천마산,1121,1119,2240
20210717,경춘선,청평,1403,1468,2871
20210717,경춘선,춘천,1362,1324,2686
20210717,경춘선,퇴계원,2143,1947,4090
20210717,경춘선,평내호평,3419,3474,6893
20210718,경춘선,가평,1803,1393,3196
20210718,경춘선,갈매,1056,958,2014
20210718,경춘선,강촌,657,601,1258
20210718,경춘선,굴봉산,237,176,413
20210718,경춘선,금곡,721,676,1397
20210718,경춘선,김유정,310,318,628
20210718,경춘선,남춘천,1886,1772,3658
20210718,경춘선,대성리,533,398,931
20210718,경춘선,마석,2035,2039,4074
20210718,경춘선,백양리,165,133,298
20210718,경춘선,별내,1328,1290,2618
20210718,경춘선,사릉,1170,1270,2440
20210718,경춘선,상천,385,306,691
20210718,경춘선,신내,627,616,1243
20210718,경춘선,천마산,849,825,1674
20210718,경춘선,청평,1291,1084,2375
20210718,경춘선,춘천,1409,1125,2534
20210718,경춘선,퇴계원,1504,1515,3019
20210718,경춘선,평내호평,2505,2562,5067
20210724,경춘선,가평,1768,1990,3758
20210724,경춘선,갈매,1438,1327,2765
20210724,경춘선,강촌,574,667,1241
20210724,경춘선,굴봉산,182,182,364
20210724,경춘선,금곡,825,772,1597
20210724,경춘선,김유정,350,435,785
20210724,경춘선,남춘천,2206,2199,4405
20210724,경춘선,대성리,457,460,917
20210724,경춘선,마석,2397,2537,4934
20210724,경춘선,백양리,182,203,385
20210724,경춘선,별내,1676,1635,3311
20210724,경춘선,사릉,1677,1723,3400
20210724,경춘선,상천,334,284,618
20210724,경춘선,신내,876,812,1688
20210724,경춘선,천마산,1036,1053,2089
20210724,경춘선,청평,1298,1373,2671
20210724,경춘선,춘천,1332,1306,2638
20210724,경춘선,퇴계원,2014,1891,3905
20210724,경춘선,평내호평,3295,3327,6622
20210725,경춘선,가평,1881,1563,3444
20210725,경춘선,갈매,1009,876,1885
20210725,경춘선,강촌,634,527,1161
20210725,경춘선,굴봉산,269,230,499
20210725,경춘선,금곡,652,653,1305
20210725,경춘선,김유정,341,317,658
20210725,경춘선,남춘천,2035,2050,4085
20210725,경춘선,대성리,479,354,833
20210725,경춘선,마석,1924,1859,3783
20210725,경춘선,백양리,220,202,422
20210725,경춘선,별내,1255,1138,2393
20210725,경춘선,사릉,1146,1187,2333
20210725,경춘선,상천,372,330,702
20210725,경춘선,신내,659,649,1308
20210725,경춘선,천마산,769,769,1538
20210725,경춘선,청평,1196,989,2185
20210725,경춘선,춘천,1514,1174,2688
20210725,경춘선,퇴계원,1439,1457,2896
20210725,경춘선,평내호평,2501,2443,4944
20210731,경춘선,가평,1958,2236,4194
20210731,경춘선,갈매,1348,1168,2516
20210731,경춘선,강촌,645,686,1331
20210731,경춘선,굴봉산,178,194,372
20210731,경춘선,금곡,905,807,1712
20210731,경춘선,김유정,328,387,715
20210731,경춘선,남춘천,1984,2219,4203
20210731,경춘선,대성리,477,455,932
20210731,경춘선,마석,2395,2464,4859
20210731,경춘선,백양리,160,156,316
20210731,경춘선,별내,1722,1633,3355
20210731,경춘선,사릉,1706,1676,3382
20210731,경춘선,상천,263,259,522
20210731,경춘선,신내,900,838,1738
20210731,경춘선,천마산,993,1007,2000
20210731,경춘선,청평,1268,1437,2705
20210731,경춘선,춘천,1387,1324,2711
20210731,경춘선,퇴계원,2084,1924,4008
20210731,경춘선,평내호평,3293,3299,6592
20210801,경춘선,가평,2088,1634,3722
20210801,경춘선,갈매,962,878,1840
20210801,경춘선,강촌,676,489,1165
20210801,경춘선,굴봉산,196,170,366
20210801,경춘선,금곡,659,629,1288
20210801,경춘선,김유정,294,264,558
20210801,경춘선,남춘천,1688,1816,3504
20210801,경춘선,대성리,523,390,913
20210801,경춘선,마석,1987,1889,3876
20210801,경춘선,백양리,121,90,211
20210801,경춘선,별내,1294,1274,2568
20210801,경춘선,사릉,1212,1235,2447
20210801,경춘선,상천,370,299,669
20210801,경춘선,신내,629,651,1280
20210801,경춘선,천마산,814,819,1633
20210801,경춘선,청평,1305,1065,2370
20210801,경춘선,춘천,1428,1122,2550
20210801,경춘선,퇴계원,1538,1505,3043
20210801,경춘선,평내호평,2430,2437,4867
20210807,경춘선,가평,2032,2482,4514
20210807,경춘선,갈매,1419,1297,2716
20210807,경춘선,강촌,638,703,1341
20210807,경춘선,굴봉산,209,196,405
20210807,경춘선,금곡,998,885,1883
20210807,경춘선,김유정,346,401,747
20210807,경춘선,남춘천,2589,2847,5436
20210807,경춘선,대성리,563,548,1111
20210807,경춘선,마석,2481,2655,5136
20210807,경춘선,백양리,141,161,302
20210807,경춘선,별내,2033,1940,3973
20210807,경춘선,사릉,1766,1829,3595
20210807,경춘선,상천,359,324,683
20210807,경춘선,신내,938,846,1784
20210807,경춘선,천마산,1122,1093,2215
20210807,경춘선,청평,1375,1553,2928
20210807,경춘선,춘천,1542,1392,2934
20210807,경춘선,퇴계원,2148,1989,4137
20210807,경춘선,평내호평,3609,3657,7266
20210808,경춘선,가평,2251,1808,4059
20210808,경춘선,갈매,1122,1021,2143
20210808,경춘선,강촌,736,662,1398
20210808,경춘선,굴봉산,207,189,396
20210808,경춘선,금곡,686,673,1359
20210808,경춘선,김유정,410,412,822
20210808,경춘선,남춘천,1968,1988,3956
20210808,경춘선,대성리,505,421,926
20210808,경춘선,마석,2129,2136,4265
20210808,경춘선,백양리,225,153,378
20210808,경춘선,별내,1431,1401,2832
20210808,경춘선,사릉,1242,1295,2537
20210808,경춘선,상천,408,318,726
20210808,경춘선,신내,691,681,1372
20210808,경춘선,천마산,900,885,1785
20210808,경춘선,청평,1371,1096,2467
20210808,경춘선,춘천,1480,1071,2551
20210808,경춘선,퇴계원,1604,1598,3202
20210808,경춘선,평내호평,2599,2577,5176
20210814,경춘선,가평,2242,2680,4922
20210814,경춘선,갈매,1591,1364,2955
20210814,경춘선,강촌,774,878,1652
20210814,경춘선,굴봉산,182,175,357
20210814,경춘선,금곡,1024,909,1933
20210814,경춘선,김유정,428,540,968
20210814,경춘선,남춘천,2153,2526,4679
20210814,경춘선,대성리,598,620,1218
20210814,경춘선,마석,2722,2825,5547
20210814,경춘선,백양리,165,159,324
20210814,경춘선,별내,1889,1897,3786
20210814,경춘선,사릉,1916,1943,3859
20210814,경춘선,상천,379,348,727
20210814,경춘선,신내,922,921,1843
20210814,경춘선,천마산,1182,1232,2414
20210814,경춘선,청평,1541,1732,3273
20210814,경춘선,춘천,1637,1599,3236
20210814,경춘선,퇴계원,2288,2151,4439
20210814,경춘선,평내호평,3998,3899,7897
20210815,경춘선,가평,2664,2447,5111
20210815,경춘선,갈매,1136,1038,2174
20210815,경춘선,강촌,902,733,1635
20210815,경춘선,굴봉산,271,237,508
20210815,경춘선,금곡,796,799,1595
20210815,경춘선,김유정,487,549,1036
20210815,경춘선,남춘천,2141,2192,4333
20210815,경춘선,대성리,677,577,1254
20210815,경춘선,마석,2267,2315,4582
20210815,경춘선,백양리,214,175,389
20210815,경춘선,별내,1601,1537,3138
20210815,경춘선,사릉,1421,1464,2885
20210815,경춘선,상천,435,321,756
20210815,경춘선,신내,689,727,1416
20210815,경춘선,천마산,979,1010,1989
20210815,경춘선,청평,1751,1453,3204
20210815,경춘선,춘천,1864,1471,3335
20210815,경춘선,퇴계원,1760,1664,3424
20210815,경춘선,평내호평,2906,2992,5898
20210821,경춘선,가평,1270,1509,2779
20210821,경춘선,갈매,1409,1231,2640
20210821,경춘선,강촌,483,548,1031
20210821,경춘선,굴봉산,125,138,263
20210821,경춘선,금곡,839,787,1626
20210821,경춘선,김유정,247,256,503
20210821,경춘선,남춘천,1796,1973,3769
20210821,경춘선,대성리,339,370,709
20210821,경춘선,마석,2207,2170,4377
20210821,경춘선,백양리,104,90,194
20210821,경춘선,별내,1718,1621,3339
20210821,경춘선,사릉,1567,1614,3181
20210821,경춘선,상천,152,176,328
20210821,경춘선,신내,809,748,1557
20210821,경춘선,천마산,939,866,1805
20210821,경춘선,청평,1014,1215,2229
20210821,경춘선,춘천,1037,970,2007
20210821,경춘선,퇴계원,1827,1777,3604
20210821,경춘선,평내호평,3075,3041,6116
20210822,경춘선,가평,1782,1564,3346
20210822,경춘선,갈매,1158,1110,2268
20210822,경춘선,강촌,765,585,1350
20210822,경춘선,굴봉산,169,133,302
20210822,경춘선,금곡,823,737,1560
20210822,경춘선,김유정,405,408,813
20210822,경춘선,남춘천,2398,2420,4818
20210822,경춘선,대성리,526,456,982
20210822,경춘선,마석,2184,2164,4348
20210822,경춘선,백양리,172,150,322
20210822,경춘선,별내,1622,1506,3128
20210822,경춘선,사릉,1393,1453,2846
20210822,경춘선,상천,338,266,604
20210822,경춘선,신내,707,736,1443
20210822,경춘선,천마산,937,959,1896
20210822,경춘선,청평,1436,1191,2627
20210822,경춘선,춘천,1411,1193,2604
20210822,경춘선,퇴계원,1778,1718,3496
20210822,경춘선,평내호평,2955,2916,5871
20210828,경춘선,가평,1743,2178,3921
20210828,경춘선,갈매,1723,1511,3234
20210828,경춘선,강촌,659,794,1453
20210828,경춘선,굴봉산,178,201,379
20210828,경춘선,금곡,1060,971,2031
20210828,경춘선,김유정,465,563,1028
20210828,경춘선,남춘천,2308,2494,4802
20210828,경춘선,대성리,678,598,1276
20210828,경춘선,마석,2894,3052,5946
20210828,경춘선,백양리,164,139,303
20210828,경춘선,별내,2052,2020,4072
20210828,경춘선,사릉,2119,2045,4164
20210828,경춘선,상천,386,333,719
20210828,경춘선,신내,1072,1004,2076
20210828,경춘선,천마산,1258,1348,2606
20210828,경춘선,청평,1603,1720,3323
20210828,경춘선,춘천,1698,1651,3349
20210828,경춘선,퇴계원,2489,2224,4713
20210828,경춘선,평내호평,4166,3933,8099
20210829,경춘선,가평,1820,1560,3380
20210829,경춘선,갈매,1269,1139,2408
20210829,경춘선,강촌,806,591,1397
20210829,경춘선,굴봉산,186,170,356
20210829,경춘선,금곡,787,747,1534
20210829,경춘선,김유정,450,437,887
20210829,경춘선,남춘천,2026,1963,3989
20210829,경춘선,대성리,540,488,1028
20210829,경춘선,마석,2221,2214,4435
20210829,경춘선,백양리,147,135,282
20210829,경춘선,별내,1633,1541,3174
20210829,경춘선,사릉,1495,1450,2945
20210829,경춘선,상천,374,273,647
20210829,경춘선,신내,745,803,1548
20210829,경춘선,천마산,957,948,1905
20210829,경춘선,청평,1428,1207,2635
20210829,경춘선,춘천,1530,1264,2794
20210829,경춘선,퇴계원,1817,1742,3559
20210829,경춘선,평내호평,3075,2916,5991
20210904,경춘선,가평,1934,2189,4123
20210904,경춘선,갈매,1832,1588,3420
20210904,경춘선,강촌,812,883,1695
20210904,경춘선,굴봉산,219,202,421
20210904,경춘선,금곡,1083,989,2072
20210904,경춘선,김유정,620,783,1403
20210904,경춘선,남춘천,2422,2561,4983
20210904,경춘선,대성리,790,768,1558
20210904,경춘선,마석,3128,3241,6369
20210904,경춘선,백양리,151,164,315
20210904,경춘선,별내,2286,2161,4447
20210904,경춘선,사릉,2097,2118,4215
20210904,경춘선,상천,456,438,894
20210904,경춘선,신내,1097,1094,2191
20210904,경춘선,천마산,1286,1269,2555
20210904,경춘선,청평,1648,1727,3375
20210904,경춘선,춘천,1896,1762,3658
20210904,경춘선,퇴계원,2495,2280,4775
20210904,경춘선,평내호평,4349,4343,8692
20210905,경춘선,가평,2007,1583,3590
20210905,경춘선,갈매,1288,1150,2438
20210905,경춘선,강촌,806,588,1394
20210905,경춘선,굴봉산,208,203,411
20210905,경춘선,금곡,894,838,1732
20210905,경춘선,김유정,516,564,1080
20210905,경춘선,남춘천,2258,2343,4601
20210905,경춘선,대성리,724,636,1360
20210905,경춘선,마석,2428,2384,4812
20210905,경춘선,백양리,136,113,249
20210905,경춘선,별내,1790,1639,3429
20210905,경춘선,사릉,1625,1565,3190
20210905,경춘선,상천,549,390,939
20210905,경춘선,신내,866,869,1735
20210905,경춘선,천마산,1047,1086,2133
20210905,경춘선,청평,1654,1365,3019
20210905,경춘선,춘천,1664,1511,3175
20210905,경춘선,퇴계원,1995,1812,3807
20210905,경춘선,평내호평,3260,3166,6426
20210911,경춘선,가평,1861,2084,3945
20210911,경춘선,갈매,1929,1689,3618
20210911,경춘선,강촌,795,871,1666
20210911,경춘선,굴봉산,166,191,357
20210911,경춘선,금곡,1125,1021,2146
20210911,경춘선,김유정,523,680,1203
20210911,경춘선,남춘천,2459,2599,5058
20210911,경춘선,대성리,708,710,1418
20210911,경춘선,마석,3025,3174,6199
20210911,경춘선,백양리,170,190,360
20210911,경춘선,별내,2256,2128,4384
20210911,경춘선,사릉,2245,2244,4489
20210911,경춘선,상천,447,380,827
20210911,경춘선,신내,1086,1078,2164
20210911,경춘선,천마산,1333,1342,2675
20210911,경춘선,청평,1626,1781,3407
20210911,경춘선,춘천,1921,1777,3698
20210911,경춘선,퇴계원,2558,2364,4922
20210911,경춘선,평내호평,4348,4203,8551
20210912,경춘선,가평,1875,1587,3462
20210912,경춘선,갈매,1453,1276,2729
20210912,경춘선,강촌,857,652,1509
20210912,경춘선,굴봉산,248,250,498
20210912,경춘선,금곡,948,911,1859
20210912,경춘선,김유정,513,551,1064
20210912,경춘선,남춘천,2907,3113,6020
20210912,경춘선,대성리,768,642,1410
20210912,경춘선,마석,2566,2455,5021
20210912,경춘선,백양리,142,128,270
20210912,경춘선,별내,1853,1692,3545
20210912,경춘선,사릉,1687,1750,3437
20210912,경춘선,상천,526,405,931
20210912,경춘선,신내,904,884,1788
20210912,경춘선,천마산,1110,1070,2180
20210912,경춘선,청평,1655,1370,3025
20210912,경춘선,춘천,1666,1455,3121
20210912,경춘선,퇴계원,2099,1858,3957
20210912,경춘선,평내호평,3403,3257,6660
20210918,경춘선,가평,1784,2391,4175
20210918,경춘선,갈매,1746,1549,3295
20210918,경춘선,강촌,677,773,1450
20210918,경춘선,굴봉산,176,198,374
20210918,경춘선,금곡,1113,986,2099
20210918,경춘선,김유정,417,589,1006
20210918,경춘선,남춘천,2425,2962,5387
20210918,경춘선,대성리,702,689,1391
20210918,경춘선,마석,3299,3467,6766
20210918,경춘선,백양리,140,189,329
20210918,경춘선,별내,2099,2086,4185
20210918,경춘선,사릉,2170,2194,4364
20210918,경춘선,상천,431,383,814
20210918,경춘선,신내,1002,944,1946
20210918,경춘선,천마산,1293,1293,2586
20210918,경춘선,청평,1648,1895,3543
20210918,경춘선,춘천,1772,1822,3594
20210918,경춘선,퇴계원,2345,2205,4550
20210918,경춘선,평내호평,4221,4237,8458
20210919,경춘선,가평,1974,2188,4162
20210919,경춘선,갈매,1251,1098,2349
20210919,경춘선,강촌,762,696,1458
20210919,경춘선,굴봉산,234,223,457
20210919,경춘선,금곡,894,827,1721
20210919,경춘선,김유정,455,576,1031
20210919,경춘선,남춘천,2067,2458,4525
20210919,경춘선,대성리,605,583,1188
20210919,경춘선,마석,2334,2431,4765
20210919,경춘선,백양리,116,130,246
20210919,경춘선,별내,1591,1544,3135
20210919,경춘선,사릉,1676,1644,3320
20210919,경춘선,상천,403,373,776
20210919,경춘선,신내,786,718,1504
20210919,경춘선,천마산,1077,1079,2156
20210919,경춘선,청평,1467,1661,3128
20210919,경춘선,춘천,1684,1730,3414
20210919,경춘선,퇴계원,1961,1827,3788
20210919,경춘선,평내호평,3224,3269,6493
20210925,경춘선,가평,2107,2247,4354
20210925,경춘선,갈매,1805,1673,3478
20210925,경춘선,강촌,804,782,1586
20210925,경춘선,굴봉산,207,243,450
20210925,경춘선,금곡,1170,1107,2277
20210925,경춘선,김유정,676,862,1538
20210925,경춘선,남춘천,2317,2504,4821
20210925,경춘선,대성리,647,707,1354
20210925,경춘선,마석,3042,3119,6161
20210925,경춘선,백양리,141,133,274
20210925,경춘선,별내,2278,2190,4468
20210925,경춘선,사릉,2127,2214,4341
20210925,경춘선,상천,580,518,1098
20210925,경춘선,신내,1166,1098,2264
20210925,경춘선,천마산,1364,1346,2710
20210925,경춘선,청평,1701,1783,3484
20210925,경춘선,춘천,1913,1718,3631
20210925,경춘선,퇴계원,2523,2319,4842
20210925,경춘선,평내호평,4279,4142,8421
20210926,경춘선,가평,1942,1682,3624
20210926,경춘선,갈매,1316,1166,2482
20210926,경춘선,강촌,824,717,1541
20210926,경춘선,굴봉산,250,229,479
20210926,경춘선,금곡,897,879,1776
20210926,경춘선,김유정,564,599,1163
20210926,경춘선,남춘천,2042,2166,4208
20210926,경춘선,대성리,714,592,1306
20210926,경춘선,마석,2385,2297,4682
20210926,경춘선,백양리,165,106,271
20210926,경춘선,별내,1767,1679,3446
20210926,경춘선,사릉,1663,1620,3283
20210926,경춘선,상천,509,414,923
20210926,경춘선,신내,859,842,1701
20210926,경춘선,천마산,1085,1109,2194
20210926,경춘선,청평,1605,1472,3077
20210926,경춘선,춘천,1737,1592,3329
20210926,경춘선,퇴계원,1962,1748,3710
20210926,경춘선,평내호평,3252,3118,6370
20211002,경춘선,가평,2454,2869,5323
20211002,경춘선,갈매,1875,1626,3501
20211002,경춘선,강촌,793,911,1704
20211002,경춘선,굴봉산,246,254,500
20211002,경춘선,금곡,1133,1115,2248
20211002,경춘선,김유정,646,762,1408
20211002,경춘선,남춘천,3258,3625,6883
20211002,경춘선,대성리,681,768,1449
20211002,경춘선,마석,3076,3218,6294
20211002,경춘선,백양리,135,145,280
20211002,경춘선,별내,2355,2313,4668
20211002,경춘선,사릉,2157,2193,4350
20211002,경춘선,상천,473,432,905
20211002,경춘선,신내,1165,1113,2278
20211002,경춘선,천마산,1335,1425,2760
20211002,경춘선,청평,1750,1966,3716
20211002,경춘선,춘천,2124,1973,4097
20211002,경춘선,퇴계원,2627,2436,5063
20211002,경춘선,평내호평,4500,4272,8772
20211003,경춘선,가평,2801,2612,5413
20211003,경춘선,갈매,1487,1268,2755
20211003,경춘선,강촌,1058,991,2049
20211003,경춘선,굴봉산,281,247,528
20211003,경춘선,금곡,978,939,1917
20211003,경춘선,김유정,794,850,1644
20211003,경춘선,남춘천,2426,2409,4835
20211003,경춘선,대성리,692,647,1339
20211003,경춘선,마석,2858,2971,5829
20211003,경춘선,백양리,188,124,312
20211003,경춘선,별내,1906,1779,3685
20211003,경춘선,사릉,1813,1795,3608
20211003,경춘선,상천,522,419,941
20211003,경춘선,신내,961,911,1872
20211003,경춘선,천마산,1171,1228,2399
20211003,경춘선,청평,1837,1657,3494
20211003,경춘선,춘천,2083,1791,3874
20211003,경춘선,퇴계원,2136,1999,4135
20211003,경춘선,평내호평,3611,3413,7024
20211009,경춘선,가평,2692,3270,5962
20211009,경춘선,갈매,1808,1596,3404
20211009,경춘선,강촌,847,921,1768
20211009,경춘선,굴봉산,226,191,417
20211009,경춘선,금곡,1095,1044,2139
20211009,경춘선,김유정,687,869,1556
20211009,경춘선,남춘천,2772,3311,6083
20211009,경춘선,대성리,693,694,1387
20211009,경춘선,마석,2997,2911,5908
20211009,경춘선,백양리,132,131,263
20211009,경춘선,별내,2229,2171,4400
20211009,경춘선,사릉,2139,2051,4190
20211009,경춘선,상천,375,343,718
20211009,경춘선,신내,1117,1089,2206
20211009,경춘선,천마산,1322,1363,2685
20211009,경춘선,청평,1688,1978,3666
20211009,경춘선,춘천,2125,2147,4272
20211009,경춘선,퇴계원,2505,2261,4766
20211009,경춘선,평내호평,4288,4050,8338
20211010,경춘선,가평,2084,1761,3845
20211010,경춘선,갈매,1293,1139,2432
20211010,경춘선,강촌,764,650,1414
20211010,경춘선,굴봉산,200,178,378
20211010,경춘선,금곡,781,785,1566
20211010,경춘선,김유정,600,674,1274
20211010,경춘선,남춘천,2359,2499,4858
20211010,경춘선,대성리,574,497,1071
20211010,경춘선,마석,2410,2380,4790
20211010,경춘선,백양리,127,80,207
20211010,경춘선,별내,1725,1640,3365
20211010,경춘선,사릉,1560,1558,3118
20211010,경춘선,상천,329,254,583
20211010,경춘선,신내,804,842,1646
20211010,경춘선,천마산,970,903,1873
20211010,경춘선,청평,1468,1333,2801
20211010,경춘선,춘천,1880,1482,3362
20211010,경춘선,퇴계원,1733,1596,3329
20211010,경춘선,평내호평,2937,2905,5842
20211016,경춘선,가평,2245,2361,4606
20211016,경춘선,갈매,1949,1625,3574
20211016,경춘선,강촌,695,824,1519
20211016,경춘선,굴봉산,216,217,433
20211016,경춘선,금곡,1123,1051,2174
20211016,경춘선,김유정,576,697,1273
20211016,경춘선,남춘천,2628,2936,5564
20211016,경춘선,대성리,612,579,1191
20211016,경춘선,마석,3267,3227,6494
20211016,경춘선,백양리,113,159,272
20211016,경춘선,별내,2308,2234,4542
20211016,경춘선,사릉,2259,2302,4561
20211016,경춘선,상천,471,415,886
20211016,경춘선,신내,1190,1161,2351
20211016,경춘선,천마산,1295,1344,2639
20211016,경춘선,청평,1674,1735,3409
20211016,경춘선,춘천,1822,1820,3642
20211016,경춘선,퇴계원,2643,2424,5067
20211016,경춘선,평내호평,4493,4281,8774
20211017,경춘선,가평,1960,1653,3613
20211017,경춘선,갈매,1328,1184,2512
20211017,경춘선,강촌,769,606,1375
20211017,경춘선,굴봉산,171,175,346
20211017,경춘선,금곡,872,830,1702
20211017,경춘선,김유정,485,474,959
20211017,경춘선,남춘천,2973,2965,5938
20211017,경춘선,대성리,593,446,1039
20211017,경춘선,마석,2354,2355,4709
20211017,경춘선,백양리,103,119,222
20211017,경춘선,별내,1668,1545,3213
20211017,경춘선,사릉,1605,1584,3189
20211017,경춘선,상천,382,318,700
20211017,경춘선,신내,814,858,1672
20211017,경춘선,천마산,1024,1019,2043
20211017,경춘선,청평,1524,1330,2854
20211017,경춘선,춘천,1790,1374,3164
20211017,경춘선,퇴계원,1959,1766,3725
20211017,경춘선,평내호평,3212,3023,6235
20211023,경춘선,가평,2769,3084,5853
20211023,경춘선,갈매,2064,1725,3789
20211023,경춘선,강촌,881,944,1825
20211023,경춘선,굴봉산,214,202,416
20211023,경춘선,금곡,1184,1117,2301
20211023,경춘선,김유정,621,824,1445
20211023,경춘선,남춘천,2886,3316,6202
20211023,경춘선,대성리,721,726,1447
20211023,경춘선,마석,3621,3714,7335
20211023,경춘선,백양리,132,216,348
20211023,경춘선,별내,2547,2411,4958
20211023,경춘선,사릉,2357,2312,4669
20211023,경춘선,상천,464,363,827
20211023,경춘선,신내,1235,1258,2493
20211023,경춘선,천마산,1400,1403,2803
20211023,경춘선,청평,1749,1869,3618
20211023,경춘선,춘천,2395,2170,4565
20211023,경춘선,퇴계원,2845,2611,5456
20211023,경춘선,평내호평,4931,4731,9662
20211024,경춘선,가평,2708,2255,4963
20211024,경춘선,갈매,1496,1364,2860
20211024,경춘선,강촌,1036,811,1847
20211024,경춘선,굴봉산,252,227,479
20211024,경춘선,금곡,887,865,1752
20211024,경춘선,김유정,611,670,1281
20211024,경춘선,남춘천,2849,2742,5591
20211024,경춘선,대성리,794,687,1481
20211024,경춘선,마석,2584,2488,5072
20211024,경춘선,백양리,163,147,310
20211024,경춘선,별내,1846,1779,3625
20211024,경춘선,사릉,1794,1780,3574
20211024,경춘선,상천,402,303,705
20211024,경춘선,신내,861,919,1780
20211024,경춘선,천마산,1147,1144,2291
20211024,경춘선,청평,1790,1460,3250
20211024,경춘선,춘천,2484,1762,4246
20211024,경춘선,퇴계원,2236,1927,4163
20211024,경춘선,평내호평,3568,3405,6973
20211030,경춘선,가평,3735,4067,7802
20211030,경춘선,갈매,2101,1805,3906
20211030,경춘선,강촌,923,944,1867
20211030,경춘선,굴봉산,200,211,411
20211030,경춘선,금곡,1261,1152,2413
20211030,경춘선,김유정,674,821,1495
20211030,경춘선,남춘천,3036,3496,6532
20211030,경춘선,대성리,749,721,1470
20211030,경춘선,마석,3482,3506,6988
20211030,경춘선,백양리,137,164,301
20211030,경춘선,별내,2548,2474,5022
20211030,경춘선,사릉,2440,2340,4780
20211030,경춘선,상천,487,433,920
20211030,경춘선,신내,1277,1310,2587
20211030,경춘선,천마산,1392,1435,2827
20211030,경춘선,청평,1959,2134,4093
20211030,경춘선,춘천,2643,2374,5017
20211030,경춘선,퇴계원,2832,2539,5371
20211030,경춘선,평내호평,5145,4891,10036
20211031,경춘선,가평,5243,3934,9177
20211031,경춘선,갈매,1548,1418,2966
20211031,경춘선,강촌,1052,786,1838
20211031,경춘선,굴봉산,235,192,427
20211031,경춘선,금곡,926,895,1821
20211031,경춘선,김유정,573,648,1221
20211031,경춘선,남춘천,2868,2948,5816
20211031,경춘선,대성리,741,544,1285
20211031,경춘선,마석,2745,2653,5398
20211031,경춘선,백양리,180,144,324
20211031,경춘선,별내,1995,1834,3829
20211031,경춘선,사릉,1873,1841,3714
20211031,경춘선,상천,514,346,860
20211031,경춘선,신내,988,1034,2022
20211031,경춘선,천마산,1150,1180,2330
20211031,경춘선,청평,2096,1525,3621
20211031,경춘선,춘천,2637,1931,4568
20211031,경춘선,퇴계원,2283,2059,4342
20211031,경춘선,평내호평,3787,3500,7287
20211106,경춘선,가평,4508,5091,9599
20211106,경춘선,갈매,2093,1797,3890
20211106,경춘선,강촌,920,970,1890
20211106,경춘선,굴봉산,228,213,441
20211106,경춘선,금곡,1171,1124,2295
20211106,경춘선,김유정,644,850,1494
20211106,경춘선,남춘천,3180,3661,6841
20211106,경춘선,대성리,769,889,1658
20211106,경춘선,마석,3549,3555,7104
20211106,경춘선,백양리,198,201,399
20211106,경춘선,별내,2563,2421,4984
20211106,경춘선,사릉,2524,2385,4909
20211106,경춘선,상천,567,427,994
20211106,경춘선,신내,1338,1303,2641
20211106,경춘선,천마산,1441,1423,2864
20211106,경춘선,청평,2001,2275,4276
20211106,경춘선,춘천,2679,2482,5161
20211106,경춘선,퇴계원,2875,2469,5344
20211106,경춘선,평내호평,4992,4873,9865
20211107,경춘선,가평,5149,4122,9271
20211107,경춘선,갈매,1635,1396,3031
20211107,경춘선,강촌,1217,873,2090
20211107,경춘선,굴봉산,275,241,516
20211107,경춘선,금곡,1020,944,1964
20211107,경춘선,김유정,618,702,1320
20211107,경춘선,남춘천,3506,3694,7200
20211107,경춘선,대성리,906,611,1517
20211107,경춘선,마석,2883,2799,5682
20211107,경춘선,백양리,133,116,249
20211107,경춘선,별내,2071,1839,3910
20211107,경춘선,사릉,2039,1932,3971
20211107,경춘선,상천,562,432,994
20211107,경춘선,신내,975,1031,2006
20211107,경춘선,천마산,1249,1189,2438
20211107,경춘선,청평,2275,1602,3877
20211107,경춘선,춘천,2430,1837,4267
20211107,경춘선,퇴계원,2330,2160,4490
20211107,경춘선,평내호평,3759,3637,7396
20211113,경춘선,가평,2160,2612,4772
20211113,경춘선,갈매,2153,1734,3887
20211113,경춘선,강촌,775,805,1580
20211113,경춘선,굴봉산,180,178,358
20211113,경춘선,금곡,1094,1045,2139
20211113,경춘선,김유정,529,683,1212
20211113,경춘선,남춘천,3025,3058,6083
20211113,경춘선,대성리,612,806,1418
20211113,경춘선,마석,3574,3562,7136
20211113,경춘선,백양리,120,154,274
20211113,경춘선,별내,2477,2295,4772
20211113,경춘선,사릉,2331,2137,4468
20211113,경춘선,상천,396,338,734
20211113,경춘선,신내,1253,1214,2467
20211113,경춘선,천마산,1411,1406,2817
20211113,경춘선,청평,1588,1975,3563
20211113,경춘선,춘천,1836,1717,3553
20211113,경춘선,퇴계원,2669,2451,5120
20211113,경춘선,평내호평,4732,4534,9266
20211114,경춘선,가평,2464,1810,4274
20211114,경춘선,갈매,1557,1317,2874
20211114,경춘선,강촌,837,603,1440
20211114,경춘선,굴봉산,177,148,325
20211114,경춘선,금곡,903,853,1756
20211114,경춘선,김유정,501,552,1053
20211114,경춘선,남춘천,2598,2728,5326
20211114,경춘선,대성리,964,445,1409
20211114,경춘선,마석,2462,2365,4827
20211114,경춘선,백양리,96,94,190
20211114,경춘선,별내,1964,1792,3756
20211114,경춘선,사릉,1743,1816,3559
20211114,경춘선,상천,364,296,660
20211114,경춘선,신내,925,920,1845
20211114,경춘선,천마산,1091,1077,2168
20211114,경춘선,청평,1637,1255,2892
20211114,경춘선,춘천,1741,1516,3257
20211114,경춘선,퇴계원,2057,1846,3903
20211114,경춘선,평내호평,3453,3323,6776
20211120,경춘선,가평,2072,2348,4420
20211120,경춘선,갈매,1956,1640,3596
20211120,경춘선,강촌,671,684,1355
20211120,경춘선,굴봉산,160,165,325
20211120,경춘선,금곡,1057,1062,2119
20211120,경춘선,김유정,463,604,1067
20211120,경춘선,남춘천,2862,2951,5813
20211120,경춘선,대성리,802,923,1725
20211120,경춘선,마석,3177,3089,6266
20211120,경춘선,백양리,115,122,237
20211120,경춘선,별내,2423,2341,4764
20211120,경춘선,사릉,2431,2307,4738
20211120,경춘선,상천,365,320,685
20211120,경춘선,신내,1309,1279,2588
20211120,경춘선,천마산,1358,1343,2701
20211120,경춘선,청평,1665,1881,3546
20211120,경춘선,춘천,1753,1615,3368
20211120,경춘선,퇴계원,2705,2396,5101
20211120,경춘선,평내호평,4726,4451,9177
20211121,경춘선,가평,1925,1366,3291
20211121,경춘선,갈매,1459,1315,2774
20211121,경춘선,강촌,741,535,1276
20211121,경춘선,굴봉산,150,152,302
20211121,경춘선,금곡,873,833,1706
20211121,경춘선,김유정,369,395,764
20211121,경춘선,남춘천,2359,2614,4973
20211121,경춘선,대성리,843,471,1314
20211121,경춘선,마석,2468,2368,4836
20211121,경춘선,백양리,109,100,209
20211121,경춘선,별내,1829,1719,3548
20211121,경춘선,사릉,1623,1635,3258
20211121,경춘선,상천,315,251,566
20211121,경춘선,신내,933,933,1866
20211121,경춘선,천마산,989,956,1945
20211121,경춘선,청평,1592,1171,2763
20211121,경춘선,춘천,1563,1392,2955
20211121,경춘선,퇴계원,1998,1886,3884
20211121,경춘선,평내호평,3413,3145,6558
20211127,경춘선,가평,1719,1943,3662
20211127,경춘선,갈매,1935,1654,3589
20211127,경춘선,강촌,578,665,1243
20211127,경춘선,굴봉산,158,189,347
20211127,경춘선,금곡,1133,1012,2145
20211127,경춘선,김유정,394,490,884
20211127,경춘선,남춘천,3273,3343,6616
20211127,경춘선,대성리,788,870,1658
20211127,경춘선,마석,3185,3186,6371
20211127,경춘선,백양리,75,124,199
20211127,경춘선,별내,2449,2191,4640
20211127,경춘선,사릉,2125,2044,4169
20211127,경춘선,상천,284,298,582
20211127,경춘선,신내,1298,1293,2591
20211127,경춘선,천마산,1344,1320,2664
20211127,경춘선,청평,1450,1689,3139
20211127,경춘선,춘천,1615,1500,3115
20211127,경춘선,퇴계원,2595,2328,4923
20211127,경춘선,평내호평,4663,4421,9084
20211128,경춘선,가평,1713,1341,3054
20211128,경춘선,갈매,1530,1297,2827
20211128,경춘선,강촌,659,414,1073
20211128,경춘선,굴봉산,177,141,318
20211128,경춘선,금곡,929,886,1815
20211128,경춘선,김유정,426,441,867
20211128,경춘선,남춘천,2286,2462,4748
20211128,경춘선,대성리,854,432,1286
20211128,경춘선,마석,2813,2762,5575
20211128,경춘선,백양리,122,94,216
20211128,경춘선,별내,1903,1869,3772
20211128,경춘선,사릉,1759,1741,3500
20211128,경춘선,상천,313,266,579
20211128,경춘선,신내,937,935,1872
20211128,경춘선,천마산,1084,1030,2114
20211128,경춘선,청평,1526,1152,2678
20211128,경춘선,춘천,1459,1339,2798
20211128,경춘선,퇴계원,2035,1941,3976
20211128,경춘선,평내호평,3443,3263,6706
20211204,경춘선,가평,1294,1623,2917
20211204,경춘선,갈매,1901,1649,3550
20211204,경춘선,강촌,395,493,888
20211204,경춘선,굴봉산,129,149,278
20211204,경춘선,금곡,1037,939,1976
20211204,경춘선,김유정,307,297,604
20211204,경춘선,남춘천,2088,2241,4329
20211204,경춘선,대성리,529,570,1099
20211204,경춘선,마석,2871,2771,5642
20211204,경춘선,백양리,161,173,334
20211204,경춘선,별내,2292,2207,4499
20211204,경춘선,사릉,2109,2008,4117
20211204,경춘선,상천,233,232,465
20211204,경춘선,신내,1147,1066,2213
20211204,경춘선,천마산,1281,1224,2505
20211204,경춘선,청평,1352,1527,2879
20211204,경춘선,춘천,1325,1154,2479
20211204,경춘선,퇴계원,2472,2143,4615
20211204,경춘선,평내호평,4256,4119,8375
20211205,경춘선,가평,1528,1058,2586
20211205,경춘선,갈매,1332,1185,2517
20211205,경춘선,강촌,520,358,878
20211205,경춘선,굴봉산,157,172,329
20211205,경춘선,금곡,796,762,1558
20211205,경춘선,김유정,339,308,647
20211205,경춘선,남춘천,2019,2172,4191
20211205,경춘선,대성리,522,318,840
20211205,경춘선,마석,2227,2189,4416
20211205,경춘선,백양리,179,161,340
20211205,경춘선,별내,1809,1597,3406
20211205,경춘선,사릉,1528,1534,3062
20211205,경춘선,상천,307,281,588
20211205,경춘선,신내,826,850,1676
20211205,경춘선,천마산,1039,987,2026
20211205,경춘선,청평,1289,1030,2319
20211205,경춘선,춘천,1146,1220,2366
20211205,경춘선,퇴계원,1937,1720,3657
20211205,경춘선,평내호평,3057,2919,5976
20211211,경춘선,가평,1333,1514,2847
20211211,경춘선,갈매,1783,1574,3357
20211211,경춘선,강촌,405,506,911
20211211,경춘선,굴봉산,127,174,301
20211211,경춘선,금곡,966,919,1885
20211211,경춘선,김유정,373,403,776
20211211,경춘선,남춘천,2115,2166,4281
20211211,경춘선,대성리,456,449,905
20211211,경춘선,마석,2776,2696,5472
20211211,경춘선,백양리,250,235,485
20211211,경춘선,별내,2133,2101,4234
20211211,경춘선,사릉,2122,2103,4225
20211211,경춘선,상천,251,288,539
20211211,경춘선,신내,1086,1060,2146
20211211,경춘선,천마산,1210,1183,2393
20211211,경춘선,청평,1225,1409,2634
20211211,경춘선,춘천,1246,1135,2381
20211211,경춘선,퇴계원,2369,2136,4505
20211211,경춘선,평내호평,4021,3855,7876
20211212,경춘선,가평,1391,1028,2419
20211212,경춘선,갈매,1297,1140,2437
20211212,경춘선,강촌,536,439,975
20211212,경춘선,굴봉산,163,187,350
20211212,경춘선,금곡,779,756,1535
20211212,경춘선,김유정,336,302,638
20211212,경춘선,남춘천,2282,2469,4751
20211212,경춘선,대성리,490,384,874
20211212,경춘선,마석,2204,2100,4304
20211212,경춘선,백양리,208,162,370
20211212,경춘선,별내,1677,1544,3221
20211212,경춘선,사릉,1476,1435,2911
20211212,경춘선,상천,314,230,544
20211212,경춘선,신내,805,780,1585
20211212,경춘선,천마산,981,960,1941
20211212,경춘선,청평,1257,1009,2266
20211212,경춘선,춘천,1134,1052,2186
20211212,경춘선,퇴계원,1808,1660,3468
20211212,경춘선,평내호평,2950,2808,5758
20211218,경춘선,가평,1234,1297,2531
20211218,경춘선,갈매,1792,1509,3301
20211218,경춘선,강촌,344,353,697
20211218,경춘선,굴봉산,109,156,265
20211218,경춘선,금곡,888,832,1720
20211218,경춘선,김유정,231,254,485
20211218,경춘선,남춘천,1900,2001,3901
20211218,경춘선,대성리,316,348,664
20211218,경춘선,마석,2627,2809,5436
20211218,경춘선,백양리,242,195,437
20211218,경춘선,별내,2129,2119,4248
20211218,경춘선,사릉,1931,2026,3957
20211218,경춘선,상천,139,156,295
20211218,경춘선,신내,1067,1002,2069
20211218,경춘선,천마산,1046,1106,2152
20211218,경춘선,청평,1092,1254,2346
20211218,경춘선,춘천,964,916,1880
20211218,경춘선,퇴계원,2224,2095,4319
20211218,경춘선,평내호평,3786,3754,7540
20211219,경춘선,가평,1266,1060,2326
20211219,경춘선,갈매,1314,1135,2449
20211219,경춘선,강촌,396,353,749
20211219,경춘선,굴봉산,155,139,294
20211219,경춘선,금곡,696,704,1400
20211219,경춘선,김유정,256,262,518
20211219,경춘선,남춘천,1944,2067,4011
20211219,경춘선,대성리,415,265,680
20211219,경춘선,마석,1998,1981,3979
20211219,경춘선,백양리,279,228,507
20211219,경춘선,별내,1719,1619,3338
20211219,경춘선,사릉,1483,1414,2897
20211219,경춘선,상천,218,208,426
20211219,경춘선,신내,782,790,1572
20211219,경춘선,천마산,893,861,1754
20211219,경춘선,청평,1241,940,2181
20211219,경춘선,춘천,1069,991,2060
20211219,경춘선,퇴계원,1777,1661,3438
20211219,경춘선,평내호평,2981,2789,5770
20211225,경춘선,가평,1439,1439,2878
20211225,경춘선,갈매,1394,1239,2633
20211225,경춘선,강촌,303,329,632
20211225,경춘선,굴봉산,142,164,306
20211225,경춘선,금곡,824,714,1538
20211225,경춘선,김유정,330,338,668
20211225,경춘선,남춘천,2012,2089,4101
20211225,경춘선,대성리,336,310,646
20211225,경춘선,마석,2265,2264,4529
20211225,경춘선,백양리,257,210,467
20211225,경춘선,별내,1694,1633,3327
20211225,경춘선,사릉,1591,1551,3142
20211225,경춘선,상천,177,149,326
20211225,경춘선,신내,806,855,1661
20211225,경춘선,천마산,939,906,1845
20211225,경춘선,청평,1231,1212,2443
20211225,경춘선,춘천,1111,1022,2133
20211225,경춘선,퇴계원,1909,1745,3654
20211225,경춘선,평내호평,3332,3253,6585
20211226,경춘선,가평,1144,854,1998
20211226,경춘선,갈매,1060,937,1997
20211226,경춘선,강촌,308,238,546
20211226,경춘선,굴봉산,107,111,218
20211226,경춘선,금곡,569,586,1155
20211226,경춘선,김유정,230,217,447
20211226,경춘선,남춘천,1755,1656,3411
20211226,경춘선,대성리,301,205,506
20211226,경춘선,마석,1756,1764,3520
20211226,경춘선,백양리,196,200,396
20211226,경춘선,별내,1371,1296,2667
20211226,경춘선,사릉,1138,1200,2338
20211226,경춘선,상천,138,117,255
20211226,경춘선,신내,694,642,1336
20211226,경춘선,천마산,730,665,1395
20211226,경춘선,청평,973,823,1796
20211226,경춘선,춘천,946,788,1734
20211226,경춘선,퇴계원,1432,1417,2849
20211226,경춘선,평내호평,2477,2319,4796
