사용일자,호선명,지하철역,승차총승객수,하차총승객수,승하차총승객수
20210102,공항철도,검암,2453,2469,4922
20210102,공항철도,계양,3031,3034,6065
20210102,공항철도,공덕,669,968,1637
20210102,공항철도,공항화물청사,1000,1059,2059
20210102,공항철도,김포공항,5590,2573,8163
20210102,공항철도,디지털미디어시티,2435,2360,4795
20210102,공항철도,마곡나루,1084,1149,2233
20210102,공항철도,서울,3039,2472,5511
20210102,공항철도,영종,1351,1383,2734
20210102,공항철도,운서,3250,3399,6649
20210102,공항철도,인천공항1터미널,2500,2491,4991
20210102,공항철도,인천공항2터미널,1362,1267,2629
20210102,공항철도,청라국제도시,1850,1693,3543
20210102,공항철도,홍대입구,3907,3896,7803
20210103,공항철도,검암,2081,2077,4158
20210103,공항철도,계양,2634,2492,5126
20210103,공항철도,공덕,590,856,1446
20210103,공항철도,공항화물청사,738,827,1565
20210103,공항철도,김포공항,7307,3153,10460
20210103,공항철도,디지털미디어시티,1916,2039,3955
20210103,공항철도,마곡나루,934,1067,2001
20210103,공항철도,서울,3898,2847,6745
20210103,공항철도,영종,1131,1107,2238
20210103,공항철도,운서,2822,3256,6078
20210103,공항철도,인천공항1터미널,2393,2370,4763
20210103,공항철도,인천공항2터미널,1351,1286,2637
20210103,공항철도,청라국제도시,1616,1433,3049
20210103,공항철도,홍대입구,3208,3285,6493
20210109,공항철도,검암,2791,2798,5589
20210109,공항철도,계양,3483,3551,7034
20210109,공항철도,공덕,914,1378,2292
20210109,공항철도,공항화물청사,1153,1206,2359
20210109,공항철도,김포공항,5658,3140,8798
20210109,공항철도,디지털미디어시티,3125,3062,6187
20210109,공항철도,마곡나루,1416,1386,2802
20210109,공항철도,서울,3444,3378,6822
20210109,공항철도,영종,1433,1514,2947
20210109,공항철도,운서,3579,3675,7254
20210109,공항철도,인천공항1터미널,2344,2493,4837
20210109,공항철도,인천공항2터미널,1533,1403,2936
20210109,공항철도,청라국제도시,2272,2130,4402
20210109,공항철도,홍대입구,4761,4800,9561
20210110,공항철도,검암,2146,2124,4270
20210110,공항철도,계양,2567,2517,5084
20210110,공항철도,공덕,597,794,1391
20210110,공항철도,공항화물청사,858,899,1757
20210110,공항철도,김포공항,5375,2999,8374
20210110,공항철도,디지털미디어시티,2061,2048,4109
20210110,공항철도,마곡나루,981,1044,2025
20210110,공항철도,서울,3342,2723,6065
20210110,공항철도,영종,1211,1154,2365
20210110,공항철도,운서,2917,3110,6027
20210110,공항철도,인천공항1터미널,2340,2434,4774
20210110,공항철도,인천공항2터미널,1415,1392,2807
20210110,공항철도,청라국제도시,1624,1509,3133
20210110,공항철도,홍대입구,3779,3464,7243
20210116,공항철도,검암,3151,3144,6295
20210116,공항철도,계양,4178,4131,8309
20210116,공항철도,공덕,956,1437,2393
20210116,공항철도,공항화물청사,1215,1184,2399
20210116,공항철도,김포공항,6300,3720,10020
20210116,공항철도,디지털미디어시티,3434,3253,6687
20210116,공항철도,마곡나루,1724,1769,3493
20210116,공항철도,서울,3907,3856,7763
20210116,공항철도,영종,1718,1839,3557
20210116,공항철도,운서,4063,4092,8155
20210116,공항철도,인천공항1터미널,2629,2858,5487
20210116,공항철도,인천공항2터미널,1556,1376,2932
20210116,공항철도,청라국제도시,2514,2453,4967
20210116,공항철도,홍대입구,5975,5830,11805
20210117,공항철도,검암,2299,2392,4691
20210117,공항철도,계양,2883,2791,5674
20210117,공항철도,공덕,795,1019,1814
20210117,공항철도,공항화물청사,830,945,1775
20210117,공항철도,김포공항,6833,3784,10617
20210117,공항철도,디지털미디어시티,2477,2397,4874
20210117,공항철도,마곡나루,1159,1203,2362
20210117,공항철도,서울,3989,3450,7439
20210117,공항철도,영종,1349,1305,2654
20210117,공항철도,운서,3251,3468,6719
20210117,공항철도,인천공항1터미널,2530,2600,5130
20210117,공항철도,인천공항2터미널,1490,1389,2879
20210117,공항철도,청라국제도시,1882,1686,3568
20210117,공항철도,홍대입구,4647,4094,8741
20210123,공항철도,검암,3566,3688,7254
20210123,공항철도,계양,4705,4370,9075
20210123,공항철도,공덕,1112,1685,2797
20210123,공항철도,공항화물청사,1237,1240,2477
20210123,공항철도,김포공항,6862,3886,10748
20210123,공항철도,디지털미디어시티,4193,3829,8022
20210123,공항철도,마곡나루,2122,2280,4402
20210123,공항철도,서울,4466,4274,8740
20210123,공항철도,영종,1961,2047,4008
20210123,공항철도,운서,4414,4457,8871
20210123,공항철도,인천공항1터미널,2642,2793,5435
20210123,공항철도,인천공항2터미널,1543,1393,2936
20210123,공항철도,청라국제도시,3027,2884,5911
20210123,공항철도,홍대입구,7364,7226,14590
20210124,공항철도,검암,2666,2800,5466
20210124,공항철도,계양,3353,3246,6599
20210124,공항철도,공덕,849,1195,2044
20210124,공항철도,공항화물청사,822,924,1746
20210124,공항철도,김포공항,7233,4081,11314
20210124,공항철도,디지털미디어시티,2712,2613,5325
20210124,공항철도,마곡나루,1544,1598,3142
20210124,공항철도,서울,4265,3662,7927
20210124,공항철도,영종,1567,1569,3136
20210124,공항철도,운서,3525,3732,7257
20210124,공항철도,인천공항1터미널,2761,2688,5449
20210124,공항철도,인천공항2터미널,1393,1248,2641
20210124,공항철도,청라국제도시,2158,2067,4225
20210124,공항철도,홍대입구,6020,5465,11485
20210130,공항철도,검암,3528,3510,7038
20210130,공항철도,계양,4681,4414,9095
20210130,공항철도,공덕,1124,1665,2789
20210130,공항철도,공항화물청사,1192,1203,2395
20210130,공항철도,김포공항,7512,4143,11655
20210130,공항철도,디지털미디어시티,3811,3475,7286
20210130,공항철도,마곡나루,2086,2234,4320
20210130,공항철도,서울,4394,4250,8644
20210130,공항철도,영종,1986,2133,4119
20210130,공항철도,운서,4360,4342,8702
20210130,공항철도,인천공항1터미널,2586,2789,5375
20210130,공항철도,인천공항2터미널,1565,1423,2988
20210130,공항철도,청라국제도시,2949,2839,5788
20210130,공항철도,홍대입구,8013,7493,15506
20210131,공항철도,검암,2740,2790,5530
20210131,공항철도,계양,3343,3321,6664
20210131,공항철도,공덕,860,1169,2029
20210131,공항철도,공항화물청사,885,943,1828
20210131,공항철도,김포공항,7986,4279,12265
20210131,공항철도,디지털미디어시티,2701,2718,5419
20210131,공항철도,마곡나루,1582,1692,3274
20210131,공항철도,서울,4296,3711,8007
20210131,공항철도,영종,1632,1538,3170
20210131,공항철도,운서,3661,3883,7544
20210131,공항철도,인천공항1터미널,2781,2889,5670
20210131,공항철도,인천공항2터미널,1454,1428,2882
20210131,공항철도,청라국제도시,2215,2066,4281
20210131,공항철도,홍대입구,6195,5711,11906
20210206,공항철도,검암,3643,3665,7308
20210206,공항철도,계양,5056,4727,9783
20210206,공항철도,공덕,1181,1672,2853
20210206,공항철도,공항화물청사,1174,1226,2400
20210206,공항철도,김포공항,8022,4659,12681
20210206,공항철도,디지털미디어시티,4165,3803,7968
20210206,공항철도,마곡나루,2190,2371,4561
20210206,공항철도,서울,4513,4437,8950
20210206,공항철도,영종,2022,2087,4109
20210206,공항철도,운서,4448,4665,9113
20210206,공항철도,인천공항1터미널,2616,2702,5318
20210206,공항철도,인천공항2터미널,1535,1409,2944
20210206,공항철도,청라국제도시,3115,3049,6164
20210206,공항철도,홍대입구,8633,8144,16777
20210207,공항철도,검암,2679,2701,5380
20210207,공항철도,계양,3528,3435,6963
20210207,공항철도,공덕,866,1146,2012
20210207,공항철도,공항화물청사,908,991,1899
20210207,공항철도,김포공항,8219,4730,12949
20210207,공항철도,디지털미디어시티,2721,2718,5439
20210207,공항철도,마곡나루,1423,1596,3019
20210207,공항철도,서울,4091,4015,8106
20210207,공항철도,영종,1603,1622,3225
20210207,공항철도,운서,3906,3861,7767
20210207,공항철도,인천공항1터미널,2599,2618,5217
20210207,공항철도,인천공항2터미널,1406,1264,2670
20210207,공항철도,청라국제도시,2212,2115,4327
20210207,공항철도,홍대입구,6711,5992,12703
20210213,공항철도,검암,3006,3006,6012
20210213,공항철도,계양,3880,3600,7480
20210213,공항철도,공덕,819,1193,2012
20210213,공항철도,공항화물청사,858,889,1747
20210213,공항철도,김포공항,9303,4219,13522
20210213,공항철도,디지털미디어시티,2724,2788,5512
20210213,공항철도,마곡나루,1475,1722,3197
20210213,공항철도,서울,4957,3264,8221
20210213,공항철도,영종,1796,1794,3590
20210213,공항철도,운서,3623,3987,7610
20210213,공항철도,인천공항1터미널,2940,2910,5850
20210213,공항철도,인천공항2터미널,1492,1283,2775
20210213,공항철도,청라국제도시,2394,2184,4578
20210213,공항철도,홍대입구,6784,6954,13738
20210214,공항철도,검암,2803,2818,5621
20210214,공항철도,계양,3554,3494,7048
20210214,공항철도,공덕,856,1119,1975
20210214,공항철도,공항화물청사,805,902,1707
20210214,공항철도,김포공항,12693,4938,17631
20210214,공항철도,디지털미디어시티,2561,2789,5350
20210214,공항철도,마곡나루,1387,1549,2936
20210214,공항철도,서울,5047,3875,8922
20210214,공항철도,영종,1667,1637,3304
20210214,공항철도,운서,3597,4087,7684
20210214,공항철도,인천공항1터미널,2668,2629,5297
20210214,공항철도,인천공항2터미널,1389,1270,2659
20210214,공항철도,청라국제도시,2327,2171,4498
20210214,공항철도,홍대입구,6645,6558,13203
20210220,공항철도,검암,4212,4374,8586
20210220,공항철도,계양,5640,5145,10785
20210220,공항철도,공덕,1364,1915,3279
20210220,공항철도,공항화물청사,1191,1261,2452
20210220,공항철도,김포공항,9382,5023,14405
20210220,공항철도,디지털미디어시티,4583,4419,9002
20210220,공항철도,마곡나루,2503,2759,5262
20210220,공항철도,서울,5696,5756,11452
20210220,공항철도,영종,2385,2451,4836
20210220,공항철도,운서,5002,5112,10114
20210220,공항철도,인천공항1터미널,2895,3099,5994
20210220,공항철도,인천공항2터미널,1523,1367,2890
20210220,공항철도,청라국제도시,3493,3333,6826
20210220,공항철도,홍대입구,10031,9531,19562
20210221,공항철도,검암,3128,3266,6394
20210221,공항철도,계양,4115,4071,8186
20210221,공항철도,공덕,995,1363,2358
20210221,공항철도,공항화물청사,886,967,1853
20210221,공항철도,김포공항,9657,4897,14554
20210221,공항철도,디지털미디어시티,3171,3191,6362
20210221,공항철도,마곡나루,1752,1937,3689
20210221,공항철도,서울,5234,4688,9922
20210221,공항철도,영종,1937,1911,3848
20210221,공항철도,운서,4068,4415,8483
20210221,공항철도,인천공항1터미널,3095,3096,6191
20210221,공항철도,인천공항2터미널,1452,1331,2783
20210221,공항철도,청라국제도시,2603,2501,5104
20210221,공항철도,홍대입구,8279,7254,15533
20210227,공항철도,검암,4513,4487,9000
20210227,공항철도,계양,6115,5521,11636
20210227,공항철도,공덕,1321,2054,3375
20210227,공항철도,공항화물청사,1253,1286,2539
20210227,공항철도,김포공항,11102,5131,16233
20210227,공항철도,디지털미디어시티,5068,4524,9592
20210227,공항철도,마곡나루,2663,2895,5558
20210227,공항철도,서울,6222,6895,13117
20210227,공항철도,영종,2523,2614,5137
20210227,공항철도,운서,5247,5516,10763
20210227,공항철도,인천공항1터미널,3264,3512,6776
20210227,공항철도,인천공항2터미널,1597,1498,3095
20210227,공항철도,청라국제도시,3843,3552,7395
20210227,공항철도,홍대입구,10436,10063,20499
20210228,공항철도,검암,3404,3544,6948
20210228,공항철도,계양,4485,4229,8714
20210228,공항철도,공덕,977,1410,2387
20210228,공항철도,공항화물청사,897,939,1836
20210228,공항철도,김포공항,9626,5047,14673
20210228,공항철도,디지털미디어시티,3185,3241,6426
20210228,공항철도,마곡나루,1924,2211,4135
20210228,공항철도,서울,5283,4864,10147
20210228,공항철도,영종,2116,2196,4312
20210228,공항철도,운서,4684,4824,9508
20210228,공항철도,인천공항1터미널,3523,3563,7086
20210228,공항철도,인천공항2터미널,1582,1395,2977
20210228,공항철도,청라국제도시,2791,2701,5492
20210228,공항철도,홍대입구,8709,8048,16757
20210306,공항철도,검암,4180,4245,8425
20210306,공항철도,계양,5992,5502,11494
20210306,공항철도,공덕,1377,2095,3472
20210306,공항철도,공항화물청사,1332,1301,2633
20210306,공항철도,김포공항,9455,5148,14603
20210306,공항철도,디지털미디어시티,4745,4441,9186
20210306,공항철도,마곡나루,2680,2934,5614
20210306,공항철도,서울,5498,5544,11042
20210306,공항철도,영종,2511,2570,5081
20210306,공항철도,운서,5088,5212,10300
20210306,공항철도,인천공항1터미널,2919,3074,5993
20210306,공항철도,인천공항2터미널,1633,1441,3074
20210306,공항철도,청라국제도시,3669,3512,7181
20210306,공항철도,홍대입구,10001,9838,19839
20210307,공항철도,검암,3224,3308,6532
20210307,공항철도,계양,4267,4095,8362
20210307,공항철도,공덕,976,1373,2349
20210307,공항철도,공항화물청사,900,1012,1912
20210307,공항철도,김포공항,9535,4849,14384
20210307,공항철도,디지털미디어시티,3268,3205,6473
20210307,공항철도,마곡나루,1935,2180,4115
20210307,공항철도,서울,5402,4942,10344
20210307,공항철도,영종,1948,1901,3849
20210307,공항철도,운서,4206,4438,8644
20210307,공항철도,인천공항1터미널,2715,2772,5487
20210307,공항철도,인천공항2터미널,1430,1344,2774
20210307,공항철도,청라국제도시,2669,2599,5268
20210307,공항철도,홍대입구,7781,7143,14924
20210313,공항철도,검암,4871,4769,9640
20210313,공항철도,계양,6127,5646,11773
20210313,공항철도,공덕,1294,2050,3344
20210313,공항철도,공항화물청사,1263,1318,2581
20210313,공항철도,김포공항,10142,5346,15488
20210313,공항철도,디지털미디어시티,4699,4393,9092
20210313,공항철도,마곡나루,2798,3035,5833
20210313,공항철도,서울,5985,5937,11922
20210313,공항철도,영종,2615,2694,5309
20210313,공항철도,운서,5131,5305,10436
20210313,공항철도,인천공항1터미널,2965,3131,6096
20210313,공항철도,인천공항2터미널,1523,1417,2940
20210313,공항철도,청라국제도시,3782,3635,7417
20210313,공항철도,홍대입구,10967,10486,21453
20210314,공항철도,검암,3842,3910,7752
20210314,공항철도,계양,4397,4295,8692
20210314,공항철도,공덕,1006,1309,2315
20210314,공항철도,공항화물청사,922,990,1912
20210314,공항철도,김포공항,10725,5562,16287
20210314,공항철도,디지털미디어시티,3098,3117,6215
20210314,공항철도,마곡나루,1951,2202,4153
20210314,공항철도,서울,5772,5345,11117
20210314,공항철도,영종,2163,2045,4208
20210314,공항철도,운서,4166,4554,8720
20210314,공항철도,인천공항1터미널,2997,2991,5988
20210314,공항철도,인천공항2터미널,1419,1345,2764
20210314,공항철도,청라국제도시,2830,2692,5522
20210314,공항철도,홍대입구,8610,7795,16405
20210320,공항철도,검암,4161,4116,8277
20210320,공항철도,계양,5656,5106,10762
20210320,공항철도,공덕,1319,1981,3300
20210320,공항철도,공항화물청사,1250,1281,2531
20210320,공항철도,김포공항,10348,5485,15833
20210320,공항철도,디지털미디어시티,4739,4396,9135
20210320,공항철도,마곡나루,2363,2705,5068
20210320,공항철도,서울,5721,5725,11446
20210320,공항철도,영종,2412,2456,4868
20210320,공항철도,운서,4846,4841,9687
20210320,공항철도,인천공항1터미널,2690,2887,5577
20210320,공항철도,인천공항2터미널,1573,1537,3110
20210320,공항철도,청라국제도시,3476,3402,6878
20210320,공항철도,홍대입구,9816,9950,19766
20210321,공항철도,검암,3477,3679,7156
20210321,공항철도,계양,4500,4278,8778
20210321,공항철도,공덕,1021,1388,2409
20210321,공항철도,공항화물청사,934,998,1932
20210321,공항철도,김포공항,10801,5745,16546
20210321,공항철도,디지털미디어시티,3203,3315,6518
20210321,공항철도,마곡나루,1812,2229,4041
20210321,공항철도,서울,6058,5414,11472
20210321,공항철도,영종,2239,2062,4301
20210321,공항철도,운서,4293,4575,8868
20210321,공항철도,인천공항1터미널,2852,2768,5620
20210321,공항철도,인천공항2터미널,1471,1349,2820
20210321,공항철도,청라국제도시,2787,2642,5429
20210321,공항철도,홍대입구,8268,7749,16017
20210327,공항철도,검암,4001,3996,7997
20210327,공항철도,계양,5711,5167,10878
20210327,공항철도,공덕,1400,2246,3646
20210327,공항철도,공항화물청사,1182,1264,2446
20210327,공항철도,김포공항,11071,5423,16494
20210327,공항철도,디지털미디어시티,4752,4414,9166
20210327,공항철도,마곡나루,2363,2613,4976
20210327,공항철도,서울,5833,7061,12894
20210327,공항철도,영종,2351,2363,4714
20210327,공항철도,운서,4735,4776,9511
20210327,공항철도,인천공항1터미널,2600,2782,5382
20210327,공항철도,인천공항2터미널,1557,1473,3030
20210327,공항철도,청라국제도시,3384,3294,6678
20210327,공항철도,홍대입구,8860,8712,17572
20210328,공항철도,검암,3169,3144,6313
20210328,공항철도,계양,3911,3852,7763
20210328,공항철도,공덕,989,1214,2203
20210328,공항철도,공항화물청사,844,965,1809
20210328,공항철도,김포공항,10564,5473,16037
20210328,공항철도,디지털미디어시티,3269,3295,6564
20210328,공항철도,마곡나루,1758,2039,3797
20210328,공항철도,서울,5952,5208,11160
20210328,공항철도,영종,1891,1813,3704
20210328,공항철도,운서,3942,4221,8163
20210328,공항철도,인천공항1터미널,2719,2671,5390
20210328,공항철도,인천공항2터미널,1433,1441,2874
20210328,공항철도,청라국제도시,2581,2445,5026
20210328,공항철도,홍대입구,7323,6745,14068
20210403,공항철도,검암,3601,3576,7177
20210403,공항철도,계양,5172,4717,9889
20210403,공항철도,공덕,1260,1929,3189
20210403,공항철도,공항화물청사,1151,1204,2355
20210403,공항철도,김포공항,9525,5486,15011
20210403,공항철도,디지털미디어시티,4210,4009,8219
20210403,공항철도,마곡나루,2104,2359,4463
20210403,공항철도,서울,5636,5805,11441
20210403,공항철도,영종,2166,2083,4249
20210403,공항철도,운서,4322,4282,8604
20210403,공항철도,인천공항1터미널,2276,2534,4810
20210403,공항철도,인천공항2터미널,1501,1412,2913
20210403,공항철도,청라국제도시,3121,3045,6166
20210403,공항철도,홍대입구,8283,8082,16365
20210404,공항철도,검암,3366,3638,7004
20210404,공항철도,계양,4332,4047,8379
20210404,공항철도,공덕,957,1387,2344
20210404,공항철도,공항화물청사,898,989,1887
20210404,공항철도,김포공항,10554,5519,16073
20210404,공항철도,디지털미디어시티,3116,3124,6240
20210404,공항철도,마곡나루,2015,2273,4288
20210404,공항철도,서울,5999,5276,11275
20210404,공항철도,영종,1945,1961,3906
20210404,공항철도,운서,4325,4599,8924
20210404,공항철도,인천공항1터미널,2556,2536,5092
20210404,공항철도,인천공항2터미널,1367,1353,2720
20210404,공항철도,청라국제도시,2745,2632,5377
20210404,공항철도,홍대입구,8378,7548,15926
20210410,공항철도,검암,4828,4946,9774
20210410,공항철도,계양,6508,5917,12425
20210410,공항철도,공덕,1402,2061,3463
20210410,공항철도,공항화물청사,1294,1366,2660
20210410,공항철도,김포공항,10843,6717,17560
20210410,공항철도,디지털미디어시티,4763,4535,9298
20210410,공항철도,마곡나루,3179,3547,6726
20210410,공항철도,서울,6442,6555,12997
20210410,공항철도,영종,2766,2829,5595
20210410,공항철도,운서,5691,5821,11512
20210410,공항철도,인천공항1터미널,2812,2978,5790
20210410,공항철도,인천공항2터미널,1557,1455,3012
20210410,공항철도,청라국제도시,3817,3737,7554
20210410,공항철도,홍대입구,10325,10101,20426
20210411,공항철도,검암,3538,3803,7341
20210411,공항철도,계양,4646,4550,9196
20210411,공항철도,공덕,978,1305,2283
20210411,공항철도,공항화물청사,1015,1085,2100
20210411,공항철도,김포공항,11157,5925,17082
20210411,공항철도,디지털미디어시티,3374,3540,6914
20210411,공항철도,마곡나루,2213,2530,4743
20210411,공항철도,서울,6434,5542,11976
20210411,공항철도,영종,2198,2098,4296
20210411,공항철도,운서,4718,4993,9711
20210411,공항철도,인천공항1터미널,2906,2859,5765
20210411,공항철도,인천공항2터미널,1449,1375,2824
20210411,공항철도,청라국제도시,2958,2883,5841
20210411,공항철도,홍대입구,8327,7700,16027
20210417,공항철도,검암,4179,4321,8500
20210417,공항철도,계양,5818,5366,11184
20210417,공항철도,공덕,1295,1870,3165
20210417,공항철도,공항화물청사,1267,1326,2593
20210417,공항철도,김포공항,10432,5833,16265
20210417,공항철도,디지털미디어시티,4883,4657,9540
20210417,공항철도,마곡나루,2755,3109,5864
20210417,공항철도,서울,5839,6265,12104
20210417,공항철도,영종,2578,2755,5333
20210417,공항철도,운서,5345,5290,10635
20210417,공항철도,인천공항1터미널,2749,2768,5517
20210417,공항철도,인천공항2터미널,1475,1439,2914
20210417,공항철도,청라국제도시,3551,3472,7023
20210417,공항철도,홍대입구,9493,9242,18735
20210418,공항철도,검암,3378,3644,7022
20210418,공항철도,계양,4361,4210,8571
20210418,공항철도,공덕,1025,1295,2320
20210418,공항철도,공항화물청사,968,1057,2025
20210418,공항철도,김포공항,10901,5555,16456
20210418,공항철도,디지털미디어시티,3235,3280,6515
20210418,공항철도,마곡나루,2378,2553,4931
20210418,공항철도,서울,6236,5339,11575
20210418,공항철도,영종,2186,2145,4331
20210418,공항철도,운서,4453,4793,9246
20210418,공항철도,인천공항1터미널,2767,2786,5553
20210418,공항철도,인천공항2터미널,1439,1433,2872
20210418,공항철도,청라국제도시,2663,2601,5264
20210418,공항철도,홍대입구,8032,7007,15039
20210424,공항철도,검암,4576,4640,9216
20210424,공항철도,계양,6271,5638,11909
20210424,공항철도,공덕,1296,1939,3235
20210424,공항철도,공항화물청사,1342,1367,2709
20210424,공항철도,김포공항,10402,5751,16153
20210424,공항철도,디지털미디어시티,4918,4712,9630
20210424,공항철도,마곡나루,3263,3480,6743
20210424,공항철도,서울,6552,6530,13082
20210424,공항철도,영종,2604,2678,5282
20210424,공항철도,운서,5509,5633,11142
20210424,공항철도,인천공항1터미널,2675,3005,5680
20210424,공항철도,인천공항2터미널,1521,1352,2873
20210424,공항철도,청라국제도시,3761,3654,7415
20210424,공항철도,홍대입구,10380,9991,20371
20210425,공항철도,검암,3536,3675,7211
20210425,공항철도,계양,4549,4364,8913
20210425,공항철도,공덕,1016,1311,2327
20210425,공항철도,공항화물청사,1031,1095,2126
20210425,공항철도,김포공항,10844,5500,16344
20210425,공항철도,디지털미디어시티,3127,3203,6330
20210425,공항철도,마곡나루,2377,2657,5034
20210425,공항철도,서울,6273,5497,11770
20210425,공항철도,영종,2174,2088,4262
20210425,공항철도,운서,4764,4957,9721
20210425,공항철도,인천공항1터미널,2984,2921,5905
20210425,공항철도,인천공항2터미널,1451,1411,2862
20210425,공항철도,청라국제도시,2890,2805,5695
20210425,공항철도,홍대입구,8386,7602,15988
20210501,공항철도,검암,4122,4184,8306
20210501,공항철도,계양,5719,5308,11027
20210501,공항철도,공덕,1348,2099,3447
20210501,공항철도,공항화물청사,1188,1236,2424
20210501,공항철도,김포공항,10076,5468,15544
20210501,공항철도,디지털미디어시티,4503,4312,8815
20210501,공항철도,마곡나루,2534,2763,5297
20210501,공항철도,서울,6245,6707,12952
20210501,공항철도,영종,2439,2580,5019
20210501,공항철도,운서,4945,5180,10125
20210501,공항철도,인천공항1터미널,2625,2895,5520
20210501,공항철도,인천공항2터미널,1492,1399,2891
20210501,공항철도,청라국제도시,3583,3444,7027
20210501,공항철도,홍대입구,11150,11187,22337
20210502,공항철도,검암,3474,3665,7139
20210502,공항철도,계양,4704,4467,9171
20210502,공항철도,공덕,1072,1412,2484
20210502,공항철도,공항화물청사,1010,1073,2083
20210502,공항철도,김포공항,10870,5329,16199
20210502,공항철도,디지털미디어시티,3293,3295,6588
20210502,공항철도,마곡나루,2391,2551,4942
20210502,공항철도,서울,6575,5974,12549
20210502,공항철도,영종,2299,2202,4501
20210502,공항철도,운서,4669,5079,9748
20210502,공항철도,인천공항1터미널,2796,2861,5657
20210502,공항철도,인천공항2터미널,1463,1452,2915
20210502,공항철도,청라국제도시,3069,2940,6009
20210502,공항철도,홍대입구,9543,8682,18225
20210508,공항철도,검암,4065,4109,8174
20210508,공항철도,계양,5554,5271,10825
20210508,공항철도,공덕,1211,1594,2805
20210508,공항철도,공항화물청사,1249,1272,2521
20210508,공항철도,김포공항,10056,5768,15824
20210508,공항철도,디지털미디어시티,4468,4103,8571
20210508,공항철도,마곡나루,2649,2785,5434
20210508,공항철도,서울,5969,6415,12384
20210508,공항철도,영종,2415,2527,4942
20210508,공항철도,운서,4908,4771,9679
20210508,공항철도,인천공항1터미널,2423,2627,5050
20210508,공항철도,인천공항2터미널,1449,1410,2859
20210508,공항철도,청라국제도시,3251,3282,6533
20210508,공항철도,홍대입구,9165,8679,17844
20210509,공항철도,검암,3498,3749,7247
20210509,공항철도,계양,4842,4469,9311
20210509,공항철도,공덕,1008,1421,2429
20210509,공항철도,공항화물청사,914,1058,1972
20210509,공항철도,김포공항,11828,5531,17359
20210509,공항철도,디지털미디어시티,3209,3268,6477
20210509,공항철도,마곡나루,2376,2711,5087
20210509,공항철도,서울,7295,5679,12974
20210509,공항철도,영종,2292,2154,4446
20210509,공항철도,운서,4249,4900,9149
20210509,공항철도,인천공항1터미널,2845,2770,5615
20210509,공항철도,인천공항2터미널,1523,1434,2957
20210509,공항철도,청라국제도시,3225,3037,6262
20210509,공항철도,홍대입구,9324,8928,18252
20210515,공항철도,검암,4274,4312,8586
20210515,공항철도,계양,6096,5548,11644
20210515,공항철도,공덕,1397,2084,3481
20210515,공항철도,공항화물청사,1233,1288,2521
20210515,공항철도,김포공항,10333,5613,15946
20210515,공항철도,디지털미디어시티,4854,4562,9416
20210515,공항철도,마곡나루,2648,2835,5483
20210515,공항철도,서울,6247,6587,12834
20210515,공항철도,영종,2562,2597,5159
20210515,공항철도,운서,5163,5301,10464
20210515,공항철도,인천공항1터미널,2728,2812,5540
20210515,공항철도,인천공항2터미널,1444,1403,2847
20210515,공항철도,청라국제도시,3639,3617,7256
20210515,공항철도,홍대입구,10993,11007,22000
20210516,공항철도,검암,2649,2697,5346
20210516,공항철도,계양,3571,3695,7266
20210516,공항철도,공덕,1006,1317,2323
20210516,공항철도,공항화물청사,850,945,1795
20210516,공항철도,김포공항,10173,5269,15442
20210516,공항철도,디지털미디어시티,2741,2862,5603
20210516,공항철도,마곡나루,1431,1624,3055
20210516,공항철도,서울,6406,5566,11972
20210516,공항철도,영종,1777,1683,3460
20210516,공항철도,운서,3847,4075,7922
20210516,공항철도,인천공항1터미널,2501,2469,4970
20210516,공항철도,인천공항2터미널,1395,1367,2762
20210516,공항철도,청라국제도시,2453,2328,4781
20210516,공항철도,홍대입구,7225,6754,13979
20210522,공항철도,검암,4669,4820,9489
20210522,공항철도,계양,6718,6081,12799
20210522,공항철도,공덕,1496,2210,3706
20210522,공항철도,공항화물청사,1345,1403,2748
20210522,공항철도,김포공항,11009,5766,16775
20210522,공항철도,디지털미디어시티,5373,4942,10315
20210522,공항철도,마곡나루,3447,3833,7280
20210522,공항철도,서울,6680,6884,13564
20210522,공항철도,영종,2884,2930,5814
20210522,공항철도,운서,5533,5773,11306
20210522,공항철도,인천공항1터미널,2961,3196,6157
20210522,공항철도,인천공항2터미널,1553,1458,3011
20210522,공항철도,청라국제도시,4099,4045,8144
20210522,공항철도,홍대입구,12003,11680,23683
20210523,공항철도,검암,3319,3597,6916
20210523,공항철도,계양,4638,4467,9105
20210523,공항철도,공덕,1068,1454,2522
20210523,공항철도,공항화물청사,1054,1097,2151
20210523,공항철도,김포공항,11413,5790,17203
20210523,공항철도,디지털미디어시티,3358,3373,6731
20210523,공항철도,마곡나루,2354,2637,4991
20210523,공항철도,서울,6921,5684,12605
20210523,공항철도,영종,2290,2193,4483
20210523,공항철도,운서,4682,4895,9577
20210523,공항철도,인천공항1터미널,2896,2796,5692
20210523,공항철도,인천공항2터미널,1424,1356,2780
20210523,공항철도,청라국제도시,3057,2957,6014
20210523,공항철도,홍대입구,9373,8523,17896
20210529,공항철도,검암,4332,4463,8795
20210529,공항철도,계양,6346,5678,12024
20210529,공항철도,공덕,1404,2024,3428
20210529,공항철도,공항화물청사,1364,1373,2737
20210529,공항철도,김포공항,10944,5020,15964
20210529,공항철도,디지털미디어시티,5178,4787,9965
20210529,공항철도,마곡나루,2911,3129,6040
20210529,공항철도,서울,6390,6518,12908
20210529,공항철도,영종,2755,2825,5580
20210529,공항철도,운서,5531,5472,11003
20210529,공항철도,인천공항1터미널,2856,3093,5949
20210529,공항철도,인천공항2터미널,1590,1475,3065
20210529,공항철도,청라국제도시,3967,3966,7933
20210529,공항철도,홍대입구,10969,10827,21796
20210530,공항철도,검암,3392,3567,6959
20210530,공항철도,계양,4511,4440,8951
20210530,공항철도,공덕,1053,1444,2497
20210530,공항철도,공항화물청사,972,1055,2027
20210530,공항철도,김포공항,10977,4646,15623
20210530,공항철도,디지털미디어시티,3358,3355,6713
20210530,공항철도,마곡나루,2180,2371,4551
20210530,공항철도,서울,6799,5634,12433
20210530,공항철도,영종,2217,2252,4469
20210530,공항철도,운서,4487,4686,9173
20210530,공항철도,인천공항1터미널,2843,2874,5717
20210530,공항철도,인천공항2터미널,1406,1364,2770
20210530,공항철도,청라국제도시,2937,2896,5833
20210530,공항철도,홍대입구,8892,8269,17161
20210605,공항철도,검암,4494,4640,9134
20210605,공항철도,계양,6420,5868,12288
20210605,공항철도,공덕,1438,2135,3573
20210605,공항철도,공항화물청사,1341,1367,2708
20210605,공항철도,김포공항,11019,5842,16861
20210605,공항철도,디지털미디어시티,4909,4395,9304
20210605,공항철도,마곡나루,3207,3368,6575
20210605,공항철도,서울,6465,6593,13058
20210605,공항철도,영종,2720,2789,5509
20210605,공항철도,운서,5598,5765,11363
20210605,공항철도,인천공항1터미널,2882,3132,6014
20210605,공항철도,인천공항2터미널,1588,1481,3069
20210605,공항철도,청라국제도시,3976,3786,7762
20210605,공항철도,홍대입구,11634,11207,22841
20210606,공항철도,검암,3319,3485,6804
20210606,공항철도,계양,4682,4408,9090
20210606,공항철도,공덕,1066,1359,2425
20210606,공항철도,공항화물청사,1017,1085,2102
20210606,공항철도,김포공항,10703,5752,16455
20210606,공항철도,디지털미디어시티,3248,3327,6575
20210606,공항철도,마곡나루,2104,2308,4412
20210606,공항철도,서울,6422,5496,11918
20210606,공항철도,영종,2265,2174,4439
20210606,공항철도,운서,4593,5013,9606
20210606,공항철도,인천공항1터미널,2771,2823,5594
20210606,공항철도,인천공항2터미널,1513,1464,2977
20210606,공항철도,청라국제도시,2881,2785,5666
20210606,공항철도,홍대입구,9056,8343,17399
20210612,공항철도,검암,4438,4497,8935
20210612,공항철도,계양,6391,5806,12197
20210612,공항철도,공덕,1484,2090,3574
20210612,공항철도,공항화물청사,1405,1378,2783
20210612,공항철도,김포공항,10587,5860,16447
20210612,공항철도,디지털미디어시티,4906,4816,9722
20210612,공항철도,마곡나루,3035,3189,6224
20210612,공항철도,서울,6216,6617,12833
20210612,공항철도,영종,2791,2881,5672
20210612,공항철도,운서,5510,5681,11191
20210612,공항철도,인천공항1터미널,2830,3107,5937
20210612,공항철도,인천공항2터미널,1522,1497,3019
20210612,공항철도,청라국제도시,4026,3819,7845
20210612,공항철도,홍대입구,11153,10989,22142
20210613,공항철도,검암,3347,3531,6878
20210613,공항철도,계양,4551,4412,8963
20210613,공항철도,공덕,1039,1400,2439
20210613,공항철도,공항화물청사,1006,1074,2080
20210613,공항철도,김포공항,11084,5733,16817
20210613,공항철도,디지털미디어시티,3350,3365,6715
20210613,공항철도,마곡나루,1875,2184,4059
20210613,공항철도,서울,6638,5356,11994
20210613,공항철도,영종,2198,2131,4329
20210613,공항철도,운서,4474,4797,9271
20210613,공항철도,인천공항1터미널,2976,3059,6035
20210613,공항철도,인천공항2터미널,1498,1509,3007
20210613,공항철도,청라국제도시,2939,2781,5720
20210613,공항철도,홍대입구,8359,7878,16237
20210619,공항철도,검암,4494,4600,9094
20210619,공항철도,계양,6603,6029,12632
20210619,공항철도,공덕,1486,2140,3626
20210619,공항철도,공항화물청사,1421,1386,2807
20210619,공항철도,김포공항,11407,6274,17681
20210619,공항철도,디지털미디어시티,5231,4811,10042
20210619,공항철도,마곡나루,3125,3263,6388
20210619,공항철도,서울,6862,6963,13825
20210619,공항철도,영종,2804,2895,5699
20210619,공항철도,운서,5788,6036,11824
20210619,공항철도,인천공항1터미널,3106,3471,6577
20210619,공항철도,인천공항2터미널,1731,1695,3426
20210619,공항철도,청라국제도시,4093,4052,8145
20210619,공항철도,홍대입구,12042,11766,23808
20210620,공항철도,검암,3221,3557,6778
20210620,공항철도,계양,4714,4614,9328
20210620,공항철도,공덕,1145,1460,2605
20210620,공항철도,공항화물청사,1035,1123,2158
20210620,공항철도,김포공항,11281,6306,17587
20210620,공항철도,디지털미디어시티,3327,3363,6690
20210620,공항철도,마곡나루,2083,2344,4427
20210620,공항철도,서울,6932,5819,12751
20210620,공항철도,영종,2198,2194,4392
20210620,공항철도,운서,4729,5110,9839
20210620,공항철도,인천공항1터미널,3006,3121,6127
20210620,공항철도,인천공항2터미널,1529,1500,3029
20210620,공항철도,청라국제도시,3041,2923,5964
20210620,공항철도,홍대입구,9327,8519,17846
20210626,공항철도,검암,4288,4304,8592
20210626,공항철도,계양,6396,5832,12228
20210626,공항철도,공덕,1476,2193,3669
20210626,공항철도,공항화물청사,1273,1340,2613
20210626,공항철도,김포공항,12092,5821,17913
20210626,공항철도,디지털미디어시티,5013,4705,9718
20210626,공항철도,마곡나루,3011,3166,6177
20210626,공항철도,서울,6664,7033,13697
20210626,공항철도,영종,2700,2806,5506
20210626,공항철도,운서,5468,5668,11136
20210626,공항철도,인천공항1터미널,2938,3400,6338
20210626,공항철도,인천공항2터미널,1587,1612,3199
20210626,공항철도,청라국제도시,3964,3846,7810
20210626,공항철도,홍대입구,11610,11511,23121
20210627,공항철도,검암,3342,3525,6867
20210627,공항철도,계양,4791,4654,9445
20210627,공항철도,공덕,1068,1434,2502
20210627,공항철도,공항화물청사,1071,1129,2200
20210627,공항철도,김포공항,11525,6001,17526
20210627,공항철도,디지털미디어시티,3469,3519,6988
20210627,공항철도,마곡나루,2135,2309,4444
20210627,공항철도,서울,7202,6095,13297
20210627,공항철도,영종,2376,2265,4641
20210627,공항철도,운서,4878,5314,10192
20210627,공항철도,인천공항1터미널,3203,3432,6635
20210627,공항철도,인천공항2터미널,1614,1684,3298
20210627,공항철도,청라국제도시,3124,3001,6125
20210627,공항철도,홍대입구,9238,8906,18144
20210703,공항철도,검암,3967,3867,7834
20210703,공항철도,계양,5720,5224,10944
20210703,공항철도,공덕,1275,1924,3199
20210703,공항철도,공항화물청사,1204,1266,2470
20210703,공항철도,김포공항,10725,5686,16411
20210703,공항철도,디지털미디어시티,4727,4514,9241
20210703,공항철도,마곡나루,2413,2620,5033
20210703,공항철도,서울,6113,6343,12456
20210703,공항철도,영종,2497,2552,5049
20210703,공항철도,운서,4908,4946,9854
20210703,공항철도,인천공항1터미널,2748,2946,5694
20210703,공항철도,인천공항2터미널,1579,1595,3174
20210703,공항철도,청라국제도시,3471,3434,6905
20210703,공항철도,홍대입구,8291,8404,16695
20210704,공항철도,검암,2786,2862,5648
20210704,공항철도,계양,3844,3774,7618
20210704,공항철도,공덕,902,1281,2183
20210704,공항철도,공항화물청사,914,954,1868
20210704,공항철도,김포공항,10638,5377,16015
20210704,공항철도,디지털미디어시티,2915,3046,5961
20210704,공항철도,마곡나루,1671,1851,3522
20210704,공항철도,서울,6227,5207,11434
20210704,공항철도,영종,1854,1748,3602
20210704,공항철도,운서,3894,4184,8078
20210704,공항철도,인천공항1터미널,2521,2592,5113
20210704,공항철도,인천공항2터미널,1580,1445,3025
20210704,공항철도,청라국제도시,2528,2468,4996
20210704,공항철도,홍대입구,6370,6097,12467
20210710,공항철도,검암,3637,3774,7411
20210710,공항철도,계양,4938,4687,9625
20210710,공항철도,공덕,1113,1615,2728
20210710,공항철도,공항화물청사,1217,1217,2434
20210710,공항철도,김포공항,9302,5464,14766
20210710,공항철도,디지털미디어시티,4014,3757,7771
20210710,공항철도,마곡나루,2384,2499,4883
20210710,공항철도,서울,4816,5217,10033
20210710,공항철도,영종,2203,2356,4559
20210710,공항철도,운서,4844,4832,9676
20210710,공항철도,인천공항1터미널,2811,2939,5750
20210710,공항철도,인천공항2터미널,1733,1547,3280
20210710,공항철도,청라국제도시,3036,3018,6054
20210710,공항철도,홍대입구,7263,6693,13956
20210711,공항철도,검암,2703,2713,5416
20210711,공항철도,계양,3660,3616,7276
20210711,공항철도,공덕,810,1081,1891
20210711,공항철도,공항화물청사,902,986,1888
20210711,공항철도,김포공항,10119,5058,15177
20210711,공항철도,디지털미디어시티,2681,2655,5336
20210711,공항철도,마곡나루,1553,1695,3248
20210711,공항철도,서울,5281,4179,9460
20210711,공항철도,영종,1740,1760,3500
20210711,공항철도,운서,3829,4124,7953
20210711,공항철도,인천공항1터미널,2803,2761,5564
20210711,공항철도,인천공항2터미널,1549,1459,3008
20210711,공항철도,청라국제도시,2325,2215,4540
20210711,공항철도,홍대입구,5258,5048,10306
20210717,공항철도,검암,3150,3251,6401
20210717,공항철도,계양,4691,4450,9141
20210717,공항철도,공덕,1047,1309,2356
20210717,공항철도,공항화물청사,1219,1319,2538
20210717,공항철도,김포공항,8932,5149,14081
20210717,공항철도,디지털미디어시티,3677,3435,7112
20210717,공항철도,마곡나루,2050,2137,4187
20210717,공항철도,서울,4492,4841,9333
20210717,공항철도,영종,1940,2019,3959
20210717,공항철도,운서,4482,4483,8965
20210717,공항철도,인천공항1터미널,2942,3033,5975
20210717,공항철도,인천공항2터미널,1799,1693,3492
20210717,공항철도,청라국제도시,2879,2817,5696
20210717,공항철도,홍대입구,6670,6278,12948
20210718,공항철도,검암,2477,2574,5051
20210718,공항철도,계양,3324,3327,6651
20210718,공항철도,공덕,757,1023,1780
20210718,공항철도,공항화물청사,974,1003,1977
20210718,공항철도,김포공항,10038,4853,14891
20210718,공항철도,디지털미디어시티,2492,2553,5045
20210718,공항철도,마곡나루,1398,1617,3015
20210718,공항철도,서울,4972,3666,8638
20210718,공항철도,영종,1634,1624,3258
20210718,공항철도,운서,3795,4082,7877
20210718,공항철도,인천공항1터미널,2919,2968,5887
20210718,공항철도,인천공항2터미널,1791,1720,3511
20210718,공항철도,청라국제도시,2236,2086,4322
20210718,공항철도,홍대입구,5385,5329,10714
20210724,공항철도,검암,3249,3320,6569
20210724,공항철도,계양,4724,4481,9205
20210724,공항철도,공덕,1053,1371,2424
20210724,공항철도,공항화물청사,1246,1241,2487
20210724,공항철도,김포공항,8780,4893,13673
20210724,공항철도,디지털미디어시티,3402,3189,6591
20210724,공항철도,마곡나루,2000,2175,4175
20210724,공항철도,서울,4270,4651,8921
20210724,공항철도,영종,2023,2156,4179
20210724,공항철도,운서,4471,4584,9055
20210724,공항철도,인천공항1터미널,3410,3354,6764
20210724,공항철도,인천공항2터미널,2269,2120,4389
20210724,공항철도,청라국제도시,2814,2674,5488
20210724,공항철도,홍대입구,6766,6454,13220
20210725,공항철도,검암,2446,2541,4987
20210725,공항철도,계양,3297,3298,6595
20210725,공항철도,공덕,798,1059,1857
20210725,공항철도,공항화물청사,941,980,1921
20210725,공항철도,김포공항,10291,4705,14996
20210725,공항철도,디지털미디어시티,2396,2580,4976
20210725,공항철도,마곡나루,1361,1491,2852
20210725,공항철도,서울,4924,3703,8627
20210725,공항철도,영종,1600,1696,3296
20210725,공항철도,운서,3683,4021,7704
20210725,공항철도,인천공항1터미널,3296,3297,6593
20210725,공항철도,인천공항2터미널,2274,2145,4419
20210725,공항철도,청라국제도시,2209,2105,4314
20210725,공항철도,홍대입구,5193,5113,10306
20210731,공항철도,검암,3244,3310,6554
20210731,공항철도,계양,4779,4425,9204
20210731,공항철도,공덕,1019,1389,2408
20210731,공항철도,공항화물청사,1180,1231,2411
20210731,공항철도,김포공항,9019,5161,14180
20210731,공항철도,디지털미디어시티,3373,3248,6621
20210731,공항철도,마곡나루,2005,2125,4130
20210731,공항철도,서울,4660,5106,9766
20210731,공항철도,영종,2113,2124,4237
20210731,공항철도,운서,4477,4662,9139
20210731,공항철도,인천공항1터미널,3830,3917,7747
20210731,공항철도,인천공항2터미널,2473,2274,4747
20210731,공항철도,청라국제도시,2860,2784,5644
20210731,공항철도,홍대입구,7347,6874,14221
20210801,공항철도,검암,2409,2528,4937
20210801,공항철도,계양,3344,3302,6646
20210801,공항철도,공덕,828,1087,1915
20210801,공항철도,공항화물청사,844,934,1778
20210801,공항철도,김포공항,10177,4875,15052
20210801,공항철도,디지털미디어시티,2513,2565,5078
20210801,공항철도,마곡나루,1209,1303,2512
20210801,공항철도,서울,5088,4192,9280
20210801,공항철도,영종,1598,1585,3183
20210801,공항철도,운서,3612,3863,7475
20210801,공항철도,인천공항1터미널,3063,3136,6199
20210801,공항철도,인천공항2터미널,2176,2058,4234
20210801,공항철도,청라국제도시,2133,2067,4200
20210801,공항철도,홍대입구,5472,5283,10755
20210807,공항철도,검암,3432,3447,6879
20210807,공항철도,계양,4826,4752,9578
20210807,공항철도,공덕,1120,1527,2647
20210807,공항철도,공항화물청사,1231,1289,2520
20210807,공항철도,김포공항,9148,5171,14319
20210807,공항철도,디지털미디어시티,3788,3509,7297
20210807,공항철도,마곡나루,2001,2150,4151
20210807,공항철도,서울,4771,4764,9535
20210807,공항철도,영종,2289,2328,4617
20210807,공항철도,운서,4654,5023,9677
20210807,공항철도,인천공항1터미널,3533,3528,7061
20210807,공항철도,인천공항2터미널,2240,2138,4378
20210807,공항철도,청라국제도시,3114,3062,6176
20210807,공항철도,홍대입구,8021,7811,15832
20210808,공항철도,검암,2610,2668,5278
20210808,공항철도,계양,3534,3655,7189
20210808,공항철도,공덕,816,1097,1913
20210808,공항철도,공항화물청사,892,965,1857
20210808,공항철도,김포공항,10303,5197,15500
20210808,공항철도,디지털미디어시티,2633,2695,5328
20210808,공항철도,마곡나루,1451,1577,3028
20210808,공항철도,서울,5234,4036,9270
20210808,공항철도,영종,1791,1872,3663
20210808,공항철도,운서,3946,4132,8078
20210808,공항철도,인천공항1터미널,3376,3301,6677
20210808,공항철도,인천공항2터미널,2240,2139,4379
20210808,공항철도,청라국제도시,2329,2226,4555
20210808,공항철도,홍대입구,6204,6203,12407
20210814,공항철도,검암,3680,3640,7320
20210814,공항철도,계양,5259,4912,10171
20210814,공항철도,공덕,1178,1561,2739
20210814,공항철도,공항화물청사,1219,1202,2421
20210814,공항철도,김포공항,9753,5767,15520
20210814,공항철도,디지털미디어시티,3721,3513,7234
20210814,공항철도,마곡나루,2337,2458,4795
20210814,공항철도,서울,5107,5785,10892
20210814,공항철도,영종,2267,2535,4802
20210814,공항철도,운서,4879,5089,9968
20210814,공항철도,인천공항1터미널,3596,3582,7178
20210814,공항철도,인천공항2터미널,1900,1749,3649
20210814,공항철도,청라국제도시,3253,3068,6321
20210814,공항철도,홍대입구,8343,7729,16072
20210815,공항철도,검암,2794,2899,5693
20210815,공항철도,계양,3935,4030,7965
20210815,공항철도,공덕,894,1213,2107
20210815,공항철도,공항화물청사,954,972,1926
20210815,공항철도,김포공항,9467,4911,14378
20210815,공항철도,디지털미디어시티,2784,2787,5571
20210815,공항철도,마곡나루,1657,1899,3556
20210815,공항철도,서울,4885,4244,9129
20210815,공항철도,영종,1967,2116,4083
20210815,공항철도,운서,4117,4408,8525
20210815,공항철도,인천공항1터미널,3654,3565,7219
20210815,공항철도,인천공항2터미널,2002,1948,3950
20210815,공항철도,청라국제도시,2454,2464,4918
20210815,공항철도,홍대입구,6947,6826,13773
20210821,공항철도,검암,3050,3152,6202
20210821,공항철도,계양,4609,4372,8981
20210821,공항철도,공덕,994,1422,2416
20210821,공항철도,공항화물청사,1157,1174,2331
20210821,공항철도,김포공항,8529,4315,12844
20210821,공항철도,디지털미디어시티,3509,3291,6800
20210821,공항철도,마곡나루,2024,2158,4182
20210821,공항철도,서울,5324,6777,12101
20210821,공항철도,영종,2004,2018,4022
20210821,공항철도,운서,4221,4326,8547
20210821,공항철도,인천공항1터미널,2852,2827,5679
20210821,공항철도,인천공항2터미널,1844,1763,3607
20210821,공항철도,청라국제도시,2939,2799,5738
20210821,공항철도,홍대입구,7282,7182,14464
20210822,공항철도,검암,2930,3034,5964
20210822,공항철도,계양,4001,4014,8015
20210822,공항철도,공덕,928,1189,2117
20210822,공항철도,공항화물청사,941,981,1922
20210822,공항철도,김포공항,10239,5210,15449
20210822,공항철도,디지털미디어시티,2871,2947,5818
20210822,공항철도,마곡나루,1751,1914,3665
20210822,공항철도,서울,5275,4484,9759
20210822,공항철도,영종,1925,1950,3875
20210822,공항철도,운서,4032,4280,8312
20210822,공항철도,인천공항1터미널,2966,2914,5880
20210822,공항철도,인천공항2터미널,1834,1700,3534
20210822,공항철도,청라국제도시,2560,2579,5139
20210822,공항철도,홍대입구,7268,6704,13972
20210828,공항철도,검암,4203,4230,8433
20210828,공항철도,계양,5671,5469,11140
20210828,공항철도,공덕,1244,1655,2899
20210828,공항철도,공항화물청사,1275,1324,2599
20210828,공항철도,김포공항,9903,5539,15442
20210828,공항철도,디지털미디어시티,4250,3929,8179
20210828,공항철도,마곡나루,2784,2876,5660
20210828,공항철도,서울,5601,5798,11399
20210828,공항철도,영종,2540,2613,5153
20210828,공항철도,운서,4962,5211,10173
20210828,공항철도,인천공항1터미널,3306,3341,6647
20210828,공항철도,인천공항2터미널,1937,1848,3785
20210828,공항철도,청라국제도시,3416,3421,6837
20210828,공항철도,홍대입구,9726,9311,19037
20210829,공항철도,검암,3228,3304,6532
20210829,공항철도,계양,4219,4109,8328
20210829,공항철도,공덕,915,1242,2157
20210829,공항철도,공항화물청사,918,967,1885
20210829,공항철도,김포공항,10680,5391,16071
20210829,공항철도,디지털미디어시티,2878,2928,5806
20210829,공항철도,마곡나루,1999,2122,4121
20210829,공항철도,서울,5725,5032,10757
20210829,공항철도,영종,2057,1968,4025
20210829,공항철도,운서,4253,4488,8741
20210829,공항철도,인천공항1터미널,3240,3206,6446
20210829,공항철도,인천공항2터미널,1734,1614,3348
20210829,공항철도,청라국제도시,2673,2571,5244
20210829,공항철도,홍대입구,7960,7389,15349
20210904,공항철도,검암,4363,4457,8820
20210904,공항철도,계양,6055,5871,11926
20210904,공항철도,공덕,1280,1750,3030
20210904,공항철도,공항화물청사,1347,1371,2718
20210904,공항철도,김포공항,9444,5103,14547
20210904,공항철도,디지털미디어시티,4316,4088,8404
20210904,공항철도,마곡나루,2889,3136,6025
20210904,공항철도,서울,5679,5980,11659
20210904,공항철도,영종,2603,2800,5403
20210904,공항철도,운서,5487,5667,11154
20210904,공항철도,인천공항1터미널,3232,3353,6585
20210904,공항철도,인천공항2터미널,1888,1641,3529
20210904,공항철도,청라국제도시,3639,3500,7139
20210904,공항철도,홍대입구,10325,9986,20311
20210905,공항철도,검암,3266,3422,6688
20210905,공항철도,계양,4505,4326,8831
20210905,공항철도,공덕,956,1282,2238
20210905,공항철도,공항화물청사,943,1017,1960
20210905,공항철도,김포공항,10192,5211,15403
20210905,공항철도,디지털미디어시티,2977,3052,6029
20210905,공항철도,마곡나루,2103,2264,4367
20210905,공항철도,서울,6019,5072,11091
20210905,공항철도,영종,2182,2089,4271
20210905,공항철도,운서,4426,4827,9253
20210905,공항철도,인천공항1터미널,3299,3185,6484
20210905,공항철도,인천공항2터미널,1639,1504,3143
20210905,공항철도,청라국제도시,2703,2662,5365
20210905,공항철도,홍대입구,8125,7648,15773
20210911,공항철도,검암,4393,4456,8849
20210911,공항철도,계양,6110,5724,11834
20210911,공항철도,공덕,1293,1828,3121
20210911,공항철도,공항화물청사,1257,1313,2570
20210911,공항철도,김포공항,10005,5299,15304
20210911,공항철도,디지털미디어시티,4592,4290,8882
20210911,공항철도,마곡나루,2979,3183,6162
20210911,공항철도,서울,6064,6278,12342
20210911,공항철도,영종,2701,2753,5454
20210911,공항철도,운서,5527,5694,11221
20210911,공항철도,인천공항1터미널,3268,3385,6653
20210911,공항철도,인천공항2터미널,1735,1625,3360
20210911,공항철도,청라국제도시,3736,3678,7414
20210911,공항철도,홍대입구,10774,10365,21139
20210912,공항철도,검암,3350,3454,6804
20210912,공항철도,계양,4560,4465,9025
20210912,공항철도,공덕,1033,1370,2403
20210912,공항철도,공항화물청사,981,1044,2025
20210912,공항철도,김포공항,10048,5298,15346
20210912,공항철도,디지털미디어시티,3223,3229,6452
20210912,공항철도,마곡나루,2135,2419,4554
20210912,공항철도,서울,6063,5209,11272
20210912,공항철도,영종,2206,2123,4329
20210912,공항철도,운서,4637,4921,9558
20210912,공항철도,인천공항1터미널,3120,3010,6130
20210912,공항철도,인천공항2터미널,1742,1634,3376
20210912,공항철도,청라국제도시,2914,2852,5766
20210912,공항철도,홍대입구,9124,8380,17504
20210918,공항철도,검암,3825,3867,7692
20210918,공항철도,계양,5556,5308,10864
20210918,공항철도,공덕,1214,1469,2683
20210918,공항철도,공항화물청사,1252,1310,2562
20210918,공항철도,김포공항,10190,6841,17031
20210918,공항철도,디지털미디어시티,4023,3537,7560
20210918,공항철도,마곡나루,2507,2490,4997
20210918,공항철도,서울,5098,5724,10822
20210918,공항철도,영종,2570,2681,5251
20210918,공항철도,운서,5269,5320,10589
20210918,공항철도,인천공항1터미널,3236,3475,6711
20210918,공항철도,인천공항2터미널,1964,1803,3767
20210918,공항철도,청라국제도시,3367,3345,6712
20210918,공항철도,홍대입구,9567,9000,18567
20210919,공항철도,검암,2958,3034,5992
20210919,공항철도,계양,4161,3922,8083
20210919,공항철도,공덕,990,1109,2099
20210919,공항철도,공항화물청사,946,947,1893
20210919,공항철도,김포공항,8929,5573,14502
20210919,공항철도,디지털미디어시티,2983,2677,5660
20210919,공항철도,마곡나루,1703,1726,3429
20210919,공항철도,서울,4045,5157,9202
20210919,공항철도,영종,2017,2146,4163
20210919,공항철도,운서,4216,4286,8502
20210919,공항철도,인천공항1터미널,3107,3186,6293
20210919,공항철도,인천공항2터미널,1698,1588,3286
20210919,공항철도,청라국제도시,2538,2531,5069
20210919,공항철도,홍대입구,7537,6568,14105
20210925,공항철도,검암,4270,4347,8617
20210925,공항철도,계양,6160,5842,12002
20210925,공항철도,공덕,1262,1744,3006
20210925,공항철도,공항화물청사,1372,1431,2803
20210925,공항철도,김포공항,10903,5062,15965
20210925,공항철도,디지털미디어시티,4167,4128,8295
20210925,공항철도,마곡나루,2929,3060,5989
20210925,공항철도,서울,6030,5543,11573
20210925,공항철도,영종,2562,2690,5252
20210925,공항철도,운서,5305,5681,10986
20210925,공항철도,인천공항1터미널,3057,3125,6182
20210925,공항철도,인천공항2터미널,1832,1683,3515
20210925,공항철도,청라국제도시,3836,3728,7564
20210925,공항철도,홍대입구,9651,9717,19368
20210926,공항철도,검암,3220,3271,6491
20210926,공항철도,계양,4428,4404,8832
20210926,공항철도,공덕,975,1417,2392
20210926,공항철도,공항화물청사,1050,1086,2136
20210926,공항철도,김포공항,11369,5192,16561
20210926,공항철도,디지털미디어시티,3115,3170,6285
20210926,공항철도,마곡나루,2223,2321,4544
20210926,공항철도,서울,5781,5174,10955
20210926,공항철도,영종,2094,2027,4121
20210926,공항철도,운서,4578,4784,9362
20210926,공항철도,인천공항1터미널,3331,3257,6588
20210926,공항철도,인천공항2터미널,1777,1645,3422
20210926,공항철도,청라국제도시,2820,2667,5487
20210926,공항철도,홍대입구,7759,7472,15231
20211002,공항철도,검암,4326,4512,8838
20211002,공항철도,계양,6595,5986,12581
20211002,공항철도,공덕,1419,2016,3435
20211002,공항철도,공항화물청사,1361,1357,2718
20211002,공항철도,김포공항,10971,6300,17271
20211002,공항철도,디지털미디어시티,4820,4402,9222
20211002,공항철도,마곡나루,3070,3228,6298
20211002,공항철도,서울,6331,7155,13486
20211002,공항철도,영종,2742,2936,5678
20211002,공항철도,운서,5814,5868,11682
20211002,공항철도,인천공항1터미널,3387,3383,6770
20211002,공항철도,인천공항2터미널,1915,1722,3637
20211002,공항철도,청라국제도시,3874,3791,7665
20211002,공항철도,홍대입구,10582,10208,20790
20211003,공항철도,검암,3507,3639,7146
20211003,공항철도,계양,4898,4761,9659
20211003,공항철도,공덕,1141,1499,2640
20211003,공항철도,공항화물청사,1055,1121,2176
20211003,공항철도,김포공항,10176,5344,15520
20211003,공항철도,디지털미디어시티,3430,3426,6856
20211003,공항철도,마곡나루,2348,2548,4896
20211003,공항철도,서울,6003,5368,11371
20211003,공항철도,영종,2378,2411,4789
20211003,공항철도,운서,4875,5193,10068
20211003,공항철도,인천공항1터미널,3655,3622,7277
20211003,공항철도,인천공항2터미널,1676,1688,3364
20211003,공항철도,청라국제도시,3087,2918,6005
20211003,공항철도,홍대입구,9092,8909,18001
20211009,공항철도,검암,4410,4385,8795
20211009,공항철도,계양,6355,5712,12067
20211009,공항철도,공덕,1433,2064,3497
20211009,공항철도,공항화물청사,1326,1347,2673
20211009,공항철도,김포공항,12069,6257,18326
20211009,공항철도,디지털미디어시티,5007,4722,9729
20211009,공항철도,마곡나루,3044,3197,6241
20211009,공항철도,서울,6880,7954,14834
20211009,공항철도,영종,2841,2939,5780
20211009,공항철도,운서,5590,5834,11424
20211009,공항철도,인천공항1터미널,3454,3498,6952
20211009,공항철도,인천공항2터미널,1850,1638,3488
20211009,공항철도,청라국제도시,3889,3699,7588
20211009,공항철도,홍대입구,10884,10688,21572
20211010,공항철도,검암,3165,3177,6342
20211010,공항철도,계양,4494,4406,8900
20211010,공항철도,공덕,992,1488,2480
20211010,공항철도,공항화물청사,953,1002,1955
20211010,공항철도,김포공항,11102,5763,16865
20211010,공항철도,디지털미디어시티,3202,3198,6400
20211010,공항철도,마곡나루,1943,2151,4094
20211010,공항철도,서울,6476,5742,12218
20211010,공항철도,영종,2197,2251,4448
20211010,공항철도,운서,4467,4725,9192
20211010,공항철도,인천공항1터미널,3283,3234,6517
20211010,공항철도,인천공항2터미널,1625,1522,3147
20211010,공항철도,청라국제도시,2742,2748,5490
20211010,공항철도,홍대입구,8735,8440,17175
20211016,공항철도,검암,4273,4364,8637
20211016,공항철도,계양,6679,6233,12912
20211016,공항철도,공덕,1407,2098,3505
20211016,공항철도,공항화물청사,1263,1313,2576
20211016,공항철도,김포공항,11117,5881,16998
20211016,공항철도,디지털미디어시티,5497,5216,10713
20211016,공항철도,마곡나루,2935,3165,6100
20211016,공항철도,서울,6533,6888,13421
20211016,공항철도,영종,2778,2766,5544
20211016,공항철도,운서,5402,5535,10937
20211016,공항철도,인천공항1터미널,3208,3211,6419
20211016,공항철도,인천공항2터미널,1880,1578,3458
20211016,공항철도,청라국제도시,3838,3784,7622
20211016,공항철도,홍대입구,10330,10303,20633
20211017,공항철도,검암,3314,3290,6604
20211017,공항철도,계양,4719,4637,9356
20211017,공항철도,공덕,1087,1585,2672
20211017,공항철도,공항화물청사,935,1031,1966
20211017,공항철도,김포공항,10670,6285,16955
20211017,공항철도,디지털미디어시티,3458,3397,6855
20211017,공항철도,마곡나루,2001,2193,4194
20211017,공항철도,서울,6556,5878,12434
20211017,공항철도,영종,2085,2061,4146
20211017,공항철도,운서,4356,4851,9207
20211017,공항철도,인천공항1터미널,3006,2871,5877
20211017,공항철도,인천공항2터미널,1611,1563,3174
20211017,공항철도,청라국제도시,2718,2651,5369
20211017,공항철도,홍대입구,8319,7413,15732
20211023,공항철도,검암,4757,4712,9469
20211023,공항철도,계양,7019,6529,13548
20211023,공항철도,공덕,1459,2319,3778
20211023,공항철도,공항화물청사,1286,1363,2649
20211023,공항철도,김포공항,11692,6115,17807
20211023,공항철도,디지털미디어시티,5393,5122,10515
20211023,공항철도,마곡나루,3473,3575,7048
20211023,공항철도,서울,7378,7629,15007
20211023,공항철도,영종,2918,3013,5931
20211023,공항철도,운서,5986,5810,11796
20211023,공항철도,인천공항1터미널,3404,3373,6777
20211023,공항철도,인천공항2터미널,1847,1675,3522
20211023,공항철도,청라국제도시,4182,4108,8290
20211023,공항철도,홍대입구,11556,11031,22587
20211024,공항철도,검암,3651,3756,7407
20211024,공항철도,계양,5411,5073,10484
20211024,공항철도,공덕,1190,1625,2815
20211024,공항철도,공항화물청사,980,1080,2060
20211024,공항철도,김포공항,12081,5755,17836
20211024,공항철도,디지털미디어시티,3904,3866,7770
20211024,공항철도,마곡나루,2348,2567,4915
20211024,공항철도,서울,7297,6341,13638
20211024,공항철도,영종,2414,2405,4819
20211024,공항철도,운서,4586,5272,9858
20211024,공항철도,인천공항1터미널,3319,3197,6516
20211024,공항철도,인천공항2터미널,1678,1663,3341
20211024,공항철도,청라국제도시,3137,3003,6140
20211024,공항철도,홍대입구,9243,8509,17752
20211030,공항철도,검암,4731,4847,9578
20211030,공항철도,계양,7356,6736,14092
20211030,공항철도,공덕,1615,2361,3976
20211030,공항철도,공항화물청사,1276,1331,2607
20211030,공항철도,김포공항,11940,6210,18150
20211030,공항철도,디지털미디어시티,5625,5345,10970
20211030,공항철도,마곡나루,3534,3840,7374
20211030,공항철도,서울,7824,8187,16011
20211030,공항철도,영종,3154,3185,6339
20211030,공항철도,운서,6090,6195,12285
20211030,공항철도,인천공항1터미널,3601,3485,7086
20211030,공항철도,인천공항2터미널,1915,1702,3617
20211030,공항철도,청라국제도시,4426,4177,8603
20211030,공항철도,홍대입구,12484,12328,24812
20211031,공항철도,검암,3693,3878,7571
20211031,공항철도,계양,5388,5260,10648
20211031,공항철도,공덕,1232,1659,2891
20211031,공항철도,공항화물청사,976,1077,2053
20211031,공항철도,김포공항,11999,5999,17998
20211031,공항철도,디지털미디어시티,3802,3749,7551
20211031,공항철도,마곡나루,2361,2809,5170
20211031,공항철도,서울,7894,7085,14979
20211031,공항철도,영종,2552,2513,5065
20211031,공항철도,운서,5087,5325,10412
20211031,공항철도,인천공항1터미널,3489,3403,6892
20211031,공항철도,인천공항2터미널,1730,1648,3378
20211031,공항철도,청라국제도시,3338,3190,6528
20211031,공항철도,홍대입구,10460,9590,20050
20211106,공항철도,검암,4881,4936,9817
20211106,공항철도,계양,7338,6703,14041
20211106,공항철도,공덕,1539,2415,3954
20211106,공항철도,공항화물청사,1303,1356,2659
20211106,공항철도,김포공항,11970,5906,17876
20211106,공항철도,디지털미디어시티,5813,5404,11217
20211106,공항철도,마곡나루,3529,3856,7385
20211106,공항철도,서울,7828,8391,16219
20211106,공항철도,영종,3076,3086,6162
20211106,공항철도,운서,6285,6299,12584
20211106,공항철도,인천공항1터미널,3692,3684,7376
20211106,공항철도,인천공항2터미널,1974,1748,3722
20211106,공항철도,청라국제도시,4539,4387,8926
20211106,공항철도,홍대입구,11789,12169,23958
20211107,공항철도,검암,3813,3894,7707
20211107,공항철도,계양,5675,5482,11157
20211107,공항철도,공덕,1296,1773,3069
20211107,공항철도,공항화물청사,1005,1129,2134
20211107,공항철도,김포공항,11937,5935,17872
20211107,공항철도,디지털미디어시티,3662,3686,7348
20211107,공항철도,마곡나루,2488,2714,5202
20211107,공항철도,서울,8276,7440,15716
20211107,공항철도,영종,2413,2382,4795
20211107,공항철도,운서,5229,5365,10594
20211107,공항철도,인천공항1터미널,3713,3426,7139
20211107,공항철도,인천공항2터미널,1891,1789,3680
20211107,공항철도,청라국제도시,3260,3054,6314
20211107,공항철도,홍대입구,9883,9178,19061
20211113,공항철도,검암,4761,4924,9685
20211113,공항철도,계양,7095,6656,13751
20211113,공항철도,공덕,1625,2500,4125
20211113,공항철도,공항화물청사,1319,1356,2675
20211113,공항철도,김포공항,11927,6216,18143
20211113,공항철도,디지털미디어시티,5816,5443,11259
20211113,공항철도,마곡나루,3377,3575,6952
20211113,공항철도,서울,8347,9060,17407
20211113,공항철도,영종,3123,3097,6220
20211113,공항철도,운서,5995,6050,12045
20211113,공항철도,인천공항1터미널,3723,3728,7451
20211113,공항철도,인천공항2터미널,2029,1823,3852
20211113,공항철도,청라국제도시,4475,4186,8661
20211113,공항철도,홍대입구,12285,12646,24931
20211114,공항철도,검암,3684,3881,7565
20211114,공항철도,계양,5265,5098,10363
20211114,공항철도,공덕,1265,1667,2932
20211114,공항철도,공항화물청사,947,1038,1985
20211114,공항철도,김포공항,11641,5867,17508
20211114,공항철도,디지털미디어시티,3958,3956,7914
20211114,공항철도,마곡나루,2353,2534,4887
20211114,공항철도,서울,8301,7486,15787
20211114,공항철도,영종,2369,2299,4668
20211114,공항철도,운서,4896,5279,10175
20211114,공항철도,인천공항1터미널,3650,3663,7313
20211114,공항철도,인천공항2터미널,1813,1788,3601
20211114,공항철도,청라국제도시,3297,3115,6412
20211114,공항철도,홍대입구,9775,9087,18862
20211120,공항철도,검암,4862,4746,9608
20211120,공항철도,계양,7276,6620,13896
20211120,공항철도,공덕,1593,2503,4096
20211120,공항철도,공항화물청사,1258,1301,2559
20211120,공항철도,김포공항,12263,5931,18194
20211120,공항철도,디지털미디어시티,5720,5478,11198
20211120,공항철도,마곡나루,3309,3609,6918
20211120,공항철도,서울,8625,8899,17524
20211120,공항철도,영종,2965,3041,6006
20211120,공항철도,운서,6102,6090,12192
20211120,공항철도,인천공항1터미널,4022,3922,7944
20211120,공항철도,인천공항2터미널,2187,1814,4001
20211120,공항철도,청라국제도시,4451,4268,8719
20211120,공항철도,홍대입구,12444,13061,25505
20211121,공항철도,검암,3478,3625,7103
20211121,공항철도,계양,5045,5081,10126
20211121,공항철도,공덕,1240,1711,2951
20211121,공항철도,공항화물청사,965,1064,2029
20211121,공항철도,김포공항,11914,5804,17718
20211121,공항철도,디지털미디어시티,3471,3498,6969
20211121,공항철도,마곡나루,2191,2542,4733
20211121,공항철도,서울,8546,7590,16136
20211121,공항철도,영종,2370,2296,4666
20211121,공항철도,운서,4898,5240,10138
20211121,공항철도,인천공항1터미널,3722,3622,7344
20211121,공항철도,인천공항2터미널,1942,1778,3720
20211121,공항철도,청라국제도시,3200,3034,6234
20211121,공항철도,홍대입구,9973,8916,18889
20211127,공항철도,검암,4558,4640,9198
20211127,공항철도,계양,7204,6473,13677
20211127,공항철도,공덕,1548,2487,4035
20211127,공항철도,공항화물청사,1294,1361,2655
20211127,공항철도,김포공항,12634,6066,18700
20211127,공항철도,디지털미디어시티,5918,5600,11518
20211127,공항철도,마곡나루,3277,3572,6849
20211127,공항철도,서울,8569,8694,17263
20211127,공항철도,영종,2935,2923,5858
20211127,공항철도,운서,5853,5945,11798
20211127,공항철도,인천공항1터미널,3814,3884,7698
20211127,공항철도,인천공항2터미널,2007,1817,3824
20211127,공항철도,청라국제도시,4300,4078,8378
20211127,공항철도,홍대입구,12006,12319,24325
20211128,공항철도,검암,3604,3598,7202
20211128,공항철도,계양,5187,4974,10161
20211128,공항철도,공덕,1225,1687,2912
20211128,공항철도,공항화물청사,930,1055,1985
20211128,공항철도,김포공항,11803,5725,17528
20211128,공항철도,디지털미디어시티,3743,3682,7425
20211128,공항철도,마곡나루,2283,2630,4913
20211128,공항철도,서울,8299,7556,15855
20211128,공항철도,영종,2339,2167,4506
20211128,공항철도,운서,4939,5259,10198
20211128,공항철도,인천공항1터미널,3941,3763,7704
20211128,공항철도,인천공항2터미널,1981,2091,4072
20211128,공항철도,청라국제도시,3138,3057,6195
20211128,공항철도,홍대입구,9575,8842,18417
20211204,공항철도,검암,4378,4260,8638
20211204,공항철도,계양,6779,6165,12944
20211204,공항철도,공덕,1515,2365,3880
20211204,공항철도,공항화물청사,1293,1353,2646
20211204,공항철도,김포공항,10765,5717,16482
20211204,공항철도,디지털미디어시티,5067,4864,9931
20211204,공항철도,마곡나루,2937,3145,6082
20211204,공항철도,서울,7393,7614,15007
20211204,공항철도,영종,2640,2594,5234
20211204,공항철도,운서,5547,5596,11143
20211204,공항철도,인천공항1터미널,3460,3270,6730
20211204,공항철도,인천공항2터미널,1999,1684,3683
20211204,공항철도,청라국제도시,4008,3736,7744
20211204,공항철도,홍대입구,10624,11214,21838
20211205,공항철도,검암,3353,3382,6735
20211205,공항철도,계양,4851,4642,9493
20211205,공항철도,공덕,1184,1816,3000
20211205,공항철도,공항화물청사,1029,1098,2127
20211205,공항철도,김포공항,10695,5417,16112
20211205,공항철도,디지털미디어시티,3517,3545,7062
20211205,공항철도,마곡나루,2021,2322,4343
20211205,공항철도,서울,7410,6412,13822
20211205,공항철도,영종,2187,2105,4292
20211205,공항철도,운서,4587,4987,9574
20211205,공항철도,인천공항1터미널,3364,3256,6620
20211205,공항철도,인천공항2터미널,1858,1680,3538
20211205,공항철도,청라국제도시,2851,2793,5644
20211205,공항철도,홍대입구,8774,7902,16676
20211211,공항철도,검암,4352,4298,8650
20211211,공항철도,계양,6571,5993,12564
20211211,공항철도,공덕,1499,2375,3874
20211211,공항철도,공항화물청사,1231,1327,2558
20211211,공항철도,김포공항,10400,5506,15906
20211211,공항철도,디지털미디어시티,4976,4896,9872
20211211,공항철도,마곡나루,2980,3087,6067
20211211,공항철도,서울,6853,7147,14000
20211211,공항철도,영종,2516,2462,4978
20211211,공항철도,운서,5567,5668,11235
20211211,공항철도,인천공항1터미널,3124,3309,6433
20211211,공항철도,인천공항2터미널,1787,1536,3323
20211211,공항철도,청라국제도시,3885,3642,7527
20211211,공항철도,홍대입구,9890,10375,20265
20211212,공항철도,검암,3117,3219,6336
20211212,공항철도,계양,4745,4715,9460
20211212,공항철도,공덕,1120,1619,2739
20211212,공항철도,공항화물청사,905,975,1880
20211212,공항철도,김포공항,10670,5391,16061
20211212,공항철도,디지털미디어시티,3406,3364,6770
20211212,공항철도,마곡나루,1840,2058,3898
20211212,공항철도,서울,7343,5982,13325
20211212,공항철도,영종,2035,2010,4045
20211212,공항철도,운서,4478,4772,9250
20211212,공항철도,인천공항1터미널,3310,3285,6595
20211212,공항철도,인천공항2터미널,1636,1605,3241
20211212,공항철도,청라국제도시,2713,2646,5359
20211212,공항철도,홍대입구,8240,7808,16048
20211218,공항철도,검암,3991,4008,7999
20211218,공항철도,계양,6006,6018,12024
20211218,공항철도,공덕,1437,2284,3721
20211218,공항철도,공항화물청사,1402,1321,2723
20211218,공항철도,김포공항,11382,5883,17265
20211218,공항철도,디지털미디어시티,5441,4966,10407
20211218,공항철도,마곡나루,2571,2726,5297
20211218,공항철도,서울,7376,7327,14703
20211218,공항철도,영종,2516,2708,5224
20211218,공항철도,운서,5691,5697,11388
20211218,공항철도,인천공항1터미널,3887,4067,7954
20211218,공항철도,인천공항2터미널,2081,1995,4076
20211218,공항철도,청라국제도시,3674,3775,7449
20211218,공항철도,홍대입구,10698,10595,21293
20211219,공항철도,검암,3211,3309,6520
20211219,공항철도,계양,4867,4695,9562
20211219,공항철도,공덕,1203,1830,3033
20211219,공항철도,공항화물청사,1047,1118,2165
20211219,공항철도,김포공항,11170,5783,16953
20211219,공항철도,디지털미디어시티,3593,3680,7273
20211219,공항철도,마곡나루,1920,2179,4099
20211219,공항철도,서울,7398,6174,13572
20211219,공항철도,영종,2215,2076,4291
20211219,공항철도,운서,4769,4947,9716
20211219,공항철도,인천공항1터미널,3635,3929,7564
20211219,공항철도,인천공항2터미널,1836,1925,3761
20211219,공항철도,청라국제도시,2891,2755,5646
20211219,공항철도,홍대입구,9018,8206,17224
20211225,공항철도,검암,3230,3257,6487
20211225,공항철도,계양,5138,5019,10157
20211225,공항철도,공덕,1058,1625,2683
20211225,공항철도,공항화물청사,1084,1136,2220
20211225,공항철도,김포공항,9338,5076,14414
20211225,공항철도,디지털미디어시티,3399,3173,6572
20211225,공항철도,마곡나루,1948,2142,4090
20211225,공항철도,서울,5659,5762,11421
20211225,공항철도,영종,2140,2164,4304
20211225,공항철도,운서,4933,4945,9878
20211225,공항철도,인천공항1터미널,3576,3769,7345
20211225,공항철도,인천공항2터미널,1732,1628,3360
20211225,공항철도,청라국제도시,3095,3011,6106
20211225,공항철도,홍대입구,10580,10530,21110
20211226,공항철도,검암,2759,2776,5535
20211226,공항철도,계양,4068,4116,8184
20211226,공항철도,공덕,869,1327,2196
20211226,공항철도,공항화물청사,909,979,1888
20211226,공항철도,김포공항,10015,5325,15340
20211226,공항철도,디지털미디어시티,2879,2847,5726
20211226,공항철도,마곡나루,1481,1603,3084
20211226,공항철도,서울,6881,5701,12582
20211226,공항철도,영종,2015,1790,3805
20211226,공항철도,운서,4129,4211,8340
20211226,공항철도,인천공항1터미널,3209,3325,6534
20211226,공항철도,인천공항2터미널,1623,1598,3221
20211226,공항철도,청라국제도시,2486,2391,4877
20211226,공항철도,홍대입구,7954,7605,15559
