사용일자,호선명,지하철역,승차총승객수,하차총승객수,승하차총승객수
20210101,4호선,경마공원,224,234,458
20210101,4호선,고잔,2051,1879,3930
20210101,4호선,과천,1237,1114,2351
20210101,4호선,길음,4472,4344,8816
20210101,4호선,남태령,256,235,491
20210101,4호선,노원,5372,5997,11369
20210101,4호선,당고개,3814,3739,7553
20210101,4호선,대공원,1004,992,1996
20210101,4호선,대야미,1445,1322,2767
20210101,4호선,동대문,2553,2506,5059
20210101,4호선,동대문역사문화공원,3433,2933,6366
20210101,4호선,동작,881,901,1782
20210101,4호선,명동,4270,4248,8518
20210101,4호선,미아,4256,4083,8339
20210101,4호선,미아사거리,7803,7425,15228
20210101,4호선,반월,1307,1311,2618
20210101,4호선,범계,5658,5396,11054
20210101,4호선,사당,5982,5539,11521
20210101,4호선,산본,4196,4530,8726
20210101,4호선,삼각지,770,852,1622
20210101,4호선,상계,5339,5022,10361
20210101,4호선,상록수,4734,4921,9655
20210101,4호선,서울,1925,3471,5396
20210101,4호선,선바위,1466,1467,2933
20210101,4호선,성신여대입구,5893,5612,11505
20210101,4호선,수리산,1062,968,2030
20210101,4호선,수유,10525,10242,20767
20210101,4호선,숙대입구,2782,2512,5294
20210101,4호선,신길온천,525,499,1024
20210101,4호선,신용산,2912,3251,6163
20210101,4호선,쌍문,7683,7352,15035
20210101,4호선,안산,4941,5147,10088
20210101,4호선,오이도,3185,3299,6484
20210101,4호선,이촌,1459,1662,3121
20210101,4호선,인덕원,4769,4876,9645
20210101,4호선,정부과천청사,1663,1723,3386
20210101,4호선,정왕,2906,2759,5665
20210101,4호선,중앙,4962,5197,10159
20210101,4호선,창동,7060,7804,14864
20210101,4호선,초지,1072,1214,2286
20210101,4호선,총신대입구,4704,4911,9615
20210101,4호선,충무로,3693,3421,7114
20210101,4호선,평촌,3055,2990,6045
20210101,4호선,한대앞,2416,2573,4989
20210101,4호선,한성대입구,3475,3358,6833
20210101,4호선,혜화,7099,7128,14227
20210101,4호선,회현,2567,2621,5188
20210104,4호선,경마공원,683,673,1356
20210104,4호선,고잔,6987,6648,13635
20210104,4호선,과천,4156,3834,7990
20210104,4호선,길음,16336,16016,32352
20210104,4호선,남태령,809,727,1536
20210104,4호선,노원,14702,16417,31119
20210104,4호선,당고개,10081,9261,19342
20210104,4호선,대공원,1264,1344,2608
20210104,4호선,대야미,3915,3653,7568
20210104,4호선,동대문,16383,17097,33480
20210104,4호선,동대문역사문화공원,11737,10955,22692
20210104,4호선,동작,1879,2018,3897
20210104,4호선,명동,13349,13603,26952
20210104,4호선,미아,12483,12416,24899
20210104,4호선,미아사거리,22804,22485,45289
20210104,4호선,반월,3419,3295,6714
20210104,4호선,범계,19781,19174,38955
20210104,4호선,사당,18371,15731,34102
20210104,4호선,산본,12625,13549,26174
20210104,4호선,삼각지,3697,3944,7641
20210104,4호선,상계,16198,15010,31208
20210104,4호선,상록수,13086,13257,26343
20210104,4호선,서울,8841,10657,19498
20210104,4호선,선바위,6888,5931,12819
20210104,4호선,성신여대입구,14939,14451,29390
20210104,4호선,수리산,3503,2958,6461
20210104,4호선,수유,28501,28601,57102
20210104,4호선,숙대입구,9791,9688,19479
20210104,4호선,신길온천,1328,1226,2554
20210104,4호선,신용산,12089,12545,24634
20210104,4호선,쌍문,24706,23125,47831
20210104,4호선,안산,10028,8952,18980
20210104,4호선,오이도,6491,6135,12626
20210104,4호선,이촌,5134,5773,10907
20210104,4호선,인덕원,19383,20340,39723
20210104,4호선,정부과천청사,7551,7486,15037
20210104,4호선,정왕,5993,6723,12716
20210104,4호선,중앙,12631,12890,25521
20210104,4호선,창동,20857,22094,42951
20210104,4호선,초지,3496,3567,7063
20210104,4호선,총신대입구,15008,16388,31396
20210104,4호선,충무로,22258,23061,45319
20210104,4호선,평촌,15205,15196,30401
20210104,4호선,한대앞,6587,6636,13223
20210104,4호선,한성대입구,9987,10003,19990
20210104,4호선,혜화,21467,21296,42763
20210104,4호선,회현,18674,19400,38074
20210105,4호선,경마공원,766,776,1542
20210105,4호선,고잔,6936,6663,13599
20210105,4호선,과천,4131,3865,7996
20210105,4호선,길음,16396,16253,32649
20210105,4호선,남태령,835,761,1596
20210105,4호선,노원,14850,16453,31303
20210105,4호선,당고개,10110,9315,19425
20210105,4호선,대공원,1312,1436,2748
20210105,4호선,대야미,3882,3557,7439
20210105,4호선,동대문,17081,17565,34646
20210105,4호선,동대문역사문화공원,11616,10737,22353
20210105,4호선,동작,1780,1966,3746
20210105,4호선,명동,13214,13468,26682
20210105,4호선,미아,12436,12319,24755
20210105,4호선,미아사거리,22845,22604,45449
20210105,4호선,반월,3429,3260,6689
20210105,4호선,범계,20157,19661,39818
20210105,4호선,사당,18574,15738,34312
20210105,4호선,산본,12497,13395,25892
20210105,4호선,삼각지,3778,4024,7802
20210105,4호선,상계,16051,15078,31129
20210105,4호선,상록수,13068,13295,26363
20210105,4호선,서울,8622,10450,19072
20210105,4호선,선바위,6696,5960,12656
20210105,4호선,성신여대입구,15108,14590,29698
20210105,4호선,수리산,3573,2951,6524
20210105,4호선,수유,28226,28103,56329
20210105,4호선,숙대입구,9876,9766,19642
20210105,4호선,신길온천,1254,1146,2400
20210105,4호선,신용산,12115,12456,24571
20210105,4호선,쌍문,24758,23239,47997
20210105,4호선,안산,9797,8794,18591
20210105,4호선,오이도,6402,6202,12604
20210105,4호선,이촌,5099,5812,10911
20210105,4호선,인덕원,19314,20115,39429
20210105,4호선,정부과천청사,7555,7458,15013
20210105,4호선,정왕,5864,6207,12071
20210105,4호선,중앙,12249,12628,24877
20210105,4호선,창동,20982,22588,43570
20210105,4호선,초지,3589,3674,7263
20210105,4호선,총신대입구,15304,16655,31959
20210105,4호선,충무로,22450,22992,45442
20210105,4호선,평촌,15357,15121,30478
20210105,4호선,한대앞,6488,6536,13024
20210105,4호선,한성대입구,10487,10330,20817
20210105,4호선,혜화,23031,22626,45657
20210105,4호선,회현,18729,19371,38100
20210106,4호선,경마공원,976,982,1958
20210106,4호선,고잔,7163,6857,14020
20210106,4호선,과천,4323,4830,9153
20210106,4호선,길음,16286,17153,33439
20210106,4호선,남태령,2533,871,3404
20210106,4호선,노원,15137,16577,31714
20210106,4호선,당고개,9950,9461,19411
20210106,4호선,대공원,1342,1317,2659
20210106,4호선,대야미,3852,3603,7455
20210106,4호선,동대문,16500,16776,33276
20210106,4호선,동대문역사문화공원,11964,10955,22919
20210106,4호선,동작,2057,2166,4223
20210106,4호선,명동,13887,13040,26927
20210106,4호선,미아,12272,12489,24761
20210106,4호선,미아사거리,22663,23146,45809
20210106,4호선,반월,3355,3355,6710
20210106,4호선,범계,20930,21165,42095
20210106,4호선,사당,21679,16239,37918
20210106,4호선,산본,12728,14236,26964
20210106,4호선,삼각지,4197,4155,8352
20210106,4호선,상계,15679,15094,30773
20210106,4호선,상록수,12898,13724,26622
20210106,4호선,서울,8968,11028,19996
20210106,4호선,선바위,7594,6427,14021
20210106,4호선,성신여대입구,15390,15421,30811
20210106,4호선,수리산,3487,3045,6532
20210106,4호선,수유,28067,28944,57011
20210106,4호선,숙대입구,10120,10061,20181
20210106,4호선,신길온천,1313,1223,2536
20210106,4호선,신용산,14423,12788,27211
20210106,4호선,쌍문,25474,23666,49140
20210106,4호선,안산,10222,8980,19202
20210106,4호선,오이도,6560,6788,13348
20210106,4호선,이촌,5391,6505,11896
20210106,4호선,인덕원,20496,22838,43334
20210106,4호선,정부과천청사,8263,8016,16279
20210106,4호선,정왕,6192,6653,12845
20210106,4호선,중앙,12659,13272,25931
20210106,4호선,창동,20896,22372,43268
20210106,4호선,초지,3483,3641,7124
20210106,4호선,총신대입구,16258,18039,34297
20210106,4호선,충무로,23200,22797,45997
20210106,4호선,평촌,15975,15765,31740
20210106,4호선,한대앞,6572,6809,13381
20210106,4호선,한성대입구,10514,10994,21508
20210106,4호선,혜화,25499,23708,49207
20210106,4호선,회현,18954,19047,38001
20210107,4호선,경마공원,1248,1334,2582
20210107,4호선,고잔,8193,7862,16055
20210107,4호선,과천,5382,4997,10379
20210107,4호선,길음,16868,17261,34129
20210107,4호선,남태령,1488,1996,3484
20210107,4호선,노원,14319,16782,31101
20210107,4호선,당고개,9535,9047,18582
20210107,4호선,대공원,1352,1554,2906
20210107,4호선,대야미,4403,4043,8446
20210107,4호선,동대문,15736,15493,31229
20210107,4호선,동대문역사문화공원,12269,11742,24011
20210107,4호선,동작,2000,2113,4113
20210107,4호선,명동,12625,12602,25227
20210107,4호선,미아,11824,11851,23675
20210107,4호선,미아사거리,22126,22828,44954
20210107,4호선,반월,3699,3631,7330
20210107,4호선,범계,23621,22854,46475
20210107,4호선,사당,19965,16357,36322
20210107,4호선,산본,14573,15209,29782
20210107,4호선,삼각지,4184,5364,9548
20210107,4호선,상계,14960,14957,29917
20210107,4호선,상록수,14392,14343,28735
20210107,4호선,서울,9096,11979,21075
20210107,4호선,선바위,7686,7570,15256
20210107,4호선,성신여대입구,15486,15678,31164
20210107,4호선,수리산,3872,3258,7130
20210107,4호선,수유,26979,27855,54834
20210107,4호선,숙대입구,10326,11470,21796
20210107,4호선,신길온천,1435,1327,2762
20210107,4호선,신용산,13443,13610,27053
20210107,4호선,쌍문,24145,24338,48483
20210107,4호선,안산,11556,11151,22707
20210107,4호선,오이도,7731,7448,15179
20210107,4호선,이촌,6031,6739,12770
20210107,4호선,인덕원,24214,25592,49806
20210107,4호선,정부과천청사,9827,9632,19459
20210107,4호선,정왕,7120,7991,15111
20210107,4호선,중앙,14293,14545,28838
20210107,4호선,창동,20933,22555,43488
20210107,4호선,초지,4084,4120,8204
20210107,4호선,총신대입구,16641,17759,34400
20210107,4호선,충무로,23037,22806,45843
20210107,4호선,평촌,18614,17840,36454
20210107,4호선,한대앞,7576,7567,15143
20210107,4호선,한성대입구,10499,11286,21785
20210107,4호선,혜화,23939,22526,46465
20210107,4호선,회현,17767,17248,35015
20210108,4호선,경마공원,1103,1125,2228
20210108,4호선,고잔,7188,6816,14004
20210108,4호선,과천,4426,3858,8284
20210108,4호선,길음,15464,15292,30756
20210108,4호선,남태령,895,801,1696
20210108,4호선,노원,14132,15906,30038
20210108,4호선,당고개,9208,8600,17808
20210108,4호선,대공원,925,993,1918
20210108,4호선,대야미,3930,3537,7467
20210108,4호선,동대문,15455,15695,31150
20210108,4호선,동대문역사문화공원,11491,10765,22256
20210108,4호선,동작,1612,1687,3299
20210108,4호선,명동,12431,12739,25170
20210108,4호선,미아,11640,11389,23029
20210108,4호선,미아사거리,21800,21700,43500
20210108,4호선,반월,3377,3161,6538
20210108,4호선,범계,21150,20454,41604
20210108,4호선,사당,18938,15543,34481
20210108,4호선,산본,12718,11943,24661
20210108,4호선,삼각지,3758,4035,7793
20210108,4호선,상계,14837,13943,28780
20210108,4호선,상록수,13153,13178,26331
20210108,4호선,서울,8454,11513,19967
20210108,4호선,선바위,6813,6228,13041
20210108,4호선,성신여대입구,15037,14569,29606
20210108,4호선,수리산,3465,2613,6078
20210108,4호선,수유,26647,26995,53642
20210108,4호선,숙대입구,9567,9534,19101
20210108,4호선,신길온천,1300,1200,2500
20210108,4호선,신용산,12189,12929,25118
20210108,4호선,쌍문,23599,22009,45608
20210108,4호선,안산,10290,9431,19721
20210108,4호선,오이도,6621,6486,13107
20210108,4호선,이촌,5406,5889,11295
20210108,4호선,인덕원,20467,21365,41832
20210108,4호선,정부과천청사,8061,8031,16092
20210108,4호선,정왕,6342,6731,13073
20210108,4호선,중앙,12724,13600,26324
20210108,4호선,창동,19395,20914,40309
20210108,4호선,초지,3629,3687,7316
20210108,4호선,총신대입구,15139,16275,31414
20210108,4호선,충무로,21507,22023,43530
20210108,4호선,평촌,15915,15842,31757
20210108,4호선,한대앞,6697,6727,13424
20210108,4호선,한성대입구,9876,9867,19743
20210108,4호선,혜화,22452,21984,44436
20210108,4호선,회현,17243,17692,34935
20210111,4호선,경마공원,723,695,1418
20210111,4호선,고잔,7180,6834,14014
20210111,4호선,과천,4313,3766,8079
20210111,4호선,길음,16472,16153,32625
20210111,4호선,남태령,991,880,1871
20210111,4호선,노원,14839,16363,31202
20210111,4호선,당고개,10130,9172,19302
20210111,4호선,대공원,1012,1089,2101
20210111,4호선,대야미,3905,3595,7500
20210111,4호선,동대문,16568,17188,33756
20210111,4호선,동대문역사문화공원,12039,10971,23010
20210111,4호선,동작,1883,1942,3825
20210111,4호선,명동,13309,13513,26822
20210111,4호선,미아,12402,12215,24617
20210111,4호선,미아사거리,22481,22409,44890
20210111,4호선,반월,3452,3252,6704
20210111,4호선,범계,20271,19711,39982
20210111,4호선,사당,18705,15631,34336
20210111,4호선,산본,12664,11627,24291
20210111,4호선,삼각지,3688,3951,7639
20210111,4호선,상계,16036,14903,30939
20210111,4호선,상록수,13095,13287,26382
20210111,4호선,서울,8838,11203,20041
20210111,4호선,선바위,7029,6117,13146
20210111,4호선,성신여대입구,15346,14900,30246
20210111,4호선,수리산,3437,2847,6284
20210111,4호선,수유,28415,28386,56801
20210111,4호선,숙대입구,9905,9731,19636
20210111,4호선,신길온천,1297,1189,2486
20210111,4호선,신용산,12307,13028,25335
20210111,4호선,쌍문,24818,23023,47841
20210111,4호선,안산,10185,9230,19415
20210111,4호선,오이도,6583,6328,12911
20210111,4호선,이촌,5200,5698,10898
20210111,4호선,인덕원,19795,20792,40587
20210111,4호선,정부과천청사,7867,7767,15634
20210111,4호선,정왕,6041,6720,12761
20210111,4호선,중앙,13005,13367,26372
20210111,4호선,창동,20797,22289,43086
20210111,4호선,초지,3620,3658,7278
20210111,4호선,총신대입구,15398,16990,32388
20210111,4호선,충무로,22416,23319,45735
20210111,4호선,평촌,15589,15507,31096
20210111,4호선,한대앞,6705,6770,13475
20210111,4호선,한성대입구,10255,10200,20455
20210111,4호선,혜화,22519,22162,44681
20210111,4호선,회현,18536,19151,37687
20210112,4호선,경마공원,858,842,1700
20210112,4호선,고잔,7677,7229,14906
20210112,4호선,과천,4717,4930,9647
20210112,4호선,길음,17468,18897,36365
20210112,4호선,남태령,1132,953,2085
20210112,4호선,노원,15551,17584,33135
20210112,4호선,당고개,10543,9937,20480
20210112,4호선,대공원,1554,1556,3110
20210112,4호선,대야미,4063,3902,7965
20210112,4호선,동대문,18651,17762,36413
20210112,4호선,동대문역사문화공원,12750,11390,24140
20210112,4호선,동작,2058,2179,4237
20210112,4호선,명동,14323,13841,28164
20210112,4호선,미아,13022,13263,26285
20210112,4호선,미아사거리,24084,25208,49292
20210112,4호선,반월,3530,3639,7169
20210112,4호선,범계,22105,22076,44181
20210112,4호선,사당,19248,16041,35289
20210112,4호선,산본,13238,12477,25715
20210112,4호선,삼각지,4199,4334,8533
20210112,4호선,상계,16772,16144,32916
20210112,4호선,상록수,13498,14493,27991
20210112,4호선,서울,9519,12140,21659
20210112,4호선,선바위,7828,6445,14273
20210112,4호선,성신여대입구,16311,16786,33097
20210112,4호선,수리산,3714,3217,6931
20210112,4호선,수유,29458,31098,60556
20210112,4호선,숙대입구,10586,10605,21191
20210112,4호선,신길온천,1524,1310,2834
20210112,4호선,신용산,13804,13631,27435
20210112,4호선,쌍문,25715,25328,51043
20210112,4호선,안산,11709,9415,21124
20210112,4호선,오이도,7479,7369,14848
20210112,4호선,이촌,5835,6783,12618
20210112,4호선,인덕원,22301,23482,45783
20210112,4호선,정부과천청사,9075,8429,17504
20210112,4호선,정왕,7293,7033,14326
20210112,4호선,중앙,13655,14541,28196
20210112,4호선,창동,21806,23971,45777
20210112,4호선,초지,3854,3943,7797
20210112,4호선,총신대입구,16428,18541,34969
20210112,4호선,충무로,24503,23697,48200
20210112,4호선,평촌,17570,16713,34283
20210112,4호선,한대앞,7073,7353,14426
20210112,4호선,한성대입구,11343,11751,23094
20210112,4호선,혜화,31117,26301,57418
20210112,4호선,회현,21483,20313,41796
20210113,4호선,경마공원,1051,1085,2136
20210113,4호선,고잔,7750,7654,15404
20210113,4호선,과천,4811,4376,9187
20210113,4호선,길음,17577,16949,34526
20210113,4호선,남태령,924,843,1767
20210113,4호선,노원,15624,17295,32919
20210113,4호선,당고개,10742,9802,20544
20210113,4호선,대공원,1659,1856,3515
20210113,4호선,대야미,4342,3827,8169
20210113,4호선,동대문,17393,18119,35512
20210113,4호선,동대문역사문화공원,12496,11605,24101
20210113,4호선,동작,2107,2210,4317
20210113,4호선,명동,13799,14081,27880
20210113,4호선,미아,12871,12657,25528
20210113,4호선,미아사거리,23781,23278,47059
20210113,4호선,반월,3725,3576,7301
20210113,4호선,범계,22497,21782,44279
20210113,4호선,사당,19499,16493,35992
20210113,4호선,산본,14059,12181,26240
20210113,4호선,삼각지,4012,4436,8448
20210113,4호선,상계,16643,15446,32089
20210113,4호선,상록수,13977,13932,27909
20210113,4호선,서울,9193,11985,21178
20210113,4호선,선바위,7145,6765,13910
20210113,4호선,성신여대입구,16276,15469,31745
20210113,4호선,수리산,3871,3082,6953
20210113,4호선,수유,29722,29628,59350
20210113,4호선,숙대입구,10136,10209,20345
20210113,4호선,신길온천,1382,1377,2759
20210113,4호선,신용산,12694,13651,26345
20210113,4호선,쌍문,26001,23975,49976
20210113,4호선,안산,10595,10158,20753
20210113,4호선,오이도,7424,7074,14498
20210113,4호선,이촌,5654,6253,11907
20210113,4호선,인덕원,21345,22612,43957
20210113,4호선,정부과천청사,8606,8585,17191
20210113,4호선,정왕,6460,7592,14052
20210113,4호선,중앙,13893,14387,28280
20210113,4호선,창동,22160,23449,45609
20210113,4호선,초지,3914,3978,7892
20210113,4호선,총신대입구,16718,17609,34327
20210113,4호선,충무로,23261,24169,47430
20210113,4호선,평촌,16546,16643,33189
20210113,4호선,한대앞,7304,7249,14553
20210113,4호선,한성대입구,11152,10920,22072
20210113,4호선,혜화,25154,25470,50624
20210113,4호선,회현,19467,20436,39903
20210114,4호선,경마공원,1060,1064,2124
20210114,4호선,고잔,7372,7067,14439
20210114,4호선,과천,4591,4215,8806
20210114,4호선,길음,17212,16837,34049
20210114,4호선,남태령,947,827,1774
20210114,4호선,노원,15554,17433,32987
20210114,4호선,당고개,10505,9697,20202
20210114,4호선,대공원,1621,1733,3354
20210114,4호선,대야미,4099,3752,7851
20210114,4호선,동대문,17425,18024,35449
20210114,4호선,동대문역사문화공원,12429,11473,23902
20210114,4호선,동작,2215,2307,4522
20210114,4호선,명동,13972,14108,28080
20210114,4호선,미아,12847,12736,25583
20210114,4호선,미아사거리,23804,23554,47358
20210114,4호선,반월,3606,3448,7054
20210114,4호선,범계,21271,20606,41877
20210114,4호선,사당,19479,16450,35929
20210114,4호선,산본,13366,13557,26923
20210114,4호선,삼각지,3993,4326,8319
20210114,4호선,상계,16492,15299,31791
20210114,4호선,상록수,13622,13735,27357
20210114,4호선,서울,9046,12020,21066
20210114,4호선,선바위,7208,6393,13601
20210114,4호선,성신여대입구,15860,15299,31159
20210114,4호선,수리산,3616,3031,6647
20210114,4호선,수유,29194,29206,58400
20210114,4호선,숙대입구,10308,10017,20325
20210114,4호선,신길온천,1374,1304,2678
20210114,4호선,신용산,12683,13262,25945
20210114,4호선,쌍문,25585,23887,49472
20210114,4호선,안산,10379,9329,19708
20210114,4호선,오이도,6859,6752,13611
20210114,4호선,이촌,5540,6245,11785
20210114,4호선,인덕원,20430,21366,41796
20210114,4호선,정부과천청사,8205,8126,16331
20210114,4호선,정왕,6111,6720,12831
20210114,4호선,중앙,13355,13889,27244
20210114,4호선,창동,21763,23244,45007
20210114,4호선,초지,3795,3888,7683
20210114,4호선,총신대입구,16062,17525,33587
20210114,4호선,충무로,23058,23766,46824
20210114,4호선,평촌,15755,15657,31412
20210114,4호선,한대앞,7205,7124,14329
20210114,4호선,한성대입구,10872,10647,21519
20210114,4호선,혜화,24530,24200,48730
20210114,4호선,회현,19873,20827,40700
20210115,4호선,경마공원,1131,1112,2243
20210115,4호선,고잔,7526,7151,14677
20210115,4호선,과천,4591,4205,8796
20210115,4호선,길음,17186,16807,33993
20210115,4호선,남태령,1000,841,1841
20210115,4호선,노원,15988,17999,33987
20210115,4호선,당고개,10525,9833,20358
20210115,4호선,대공원,1416,1507,2923
20210115,4호선,대야미,4194,3699,7893
20210115,4호선,동대문,17442,17907,35349
20210115,4호선,동대문역사문화공원,12475,11424,23899
20210115,4호선,동작,2045,2098,4143
20210115,4호선,명동,13883,14146,28029
20210115,4호선,미아,12989,12643,25632
20210115,4호선,미아사거리,23791,23601,47392
20210115,4호선,반월,3558,3437,6995
20210115,4호선,범계,21589,21202,42791
20210115,4호선,사당,20194,16625,36819
20210115,4호선,산본,13389,14825,28214
20210115,4호선,삼각지,4005,4354,8359
20210115,4호선,상계,16632,15396,32028
20210115,4호선,상록수,13768,13959,27727
20210115,4호선,서울,9107,12872,21979
20210115,4호선,선바위,7214,6347,13561
20210115,4호선,성신여대입구,16380,15837,32217
20210115,4호선,수리산,3544,2824,6368
20210115,4호선,수유,29741,29888,59629
20210115,4호선,숙대입구,10463,10326,20789
20210115,4호선,신길온천,1456,1326,2782
20210115,4호선,신용산,13100,13593,26693
20210115,4호선,쌍문,25748,23919,49667
20210115,4호선,안산,10603,9577,20180
20210115,4호선,오이도,7114,6851,13965
20210115,4호선,이촌,5568,6240,11808
20210115,4호선,인덕원,20498,21341,41839
20210115,4호선,정부과천청사,8023,7975,15998
20210115,4호선,정왕,6780,7136,13916
20210115,4호선,중앙,13701,14830,28531
20210115,4호선,창동,21957,23603,45560
20210115,4호선,초지,3920,3943,7863
20210115,4호선,총신대입구,16313,17911,34224
20210115,4호선,충무로,23164,23804,46968
20210115,4호선,평촌,15843,15647,31490
20210115,4호선,한대앞,7310,7196,14506
20210115,4호선,한성대입구,11279,10990,22269
20210115,4호선,혜화,24489,24193,48682
20210115,4호선,회현,19400,20225,39625
20210118,4호선,경마공원,778,738,1516
20210118,4호선,고잔,8116,7666,15782
20210118,4호선,과천,4940,4562,9502
20210118,4호선,길음,17798,17592,35390
20210118,4호선,남태령,933,902,1835
20210118,4호선,노원,16203,18090,34293
20210118,4호선,당고개,10831,9942,20773
20210118,4호선,대공원,1157,1204,2361
20210118,4호선,대야미,4209,3886,8095
20210118,4호선,동대문,17118,17598,34716
20210118,4호선,동대문역사문화공원,12760,11681,24441
20210118,4호선,동작,2020,2104,4124
20210118,4호선,명동,13884,14024,27908
20210118,4호선,미아,13243,13042,26285
20210118,4호선,미아사거리,23813,23592,47405
20210118,4호선,반월,3714,3544,7258
20210118,4호선,범계,22551,21898,44449
20210118,4호선,사당,19531,16802,36333
20210118,4호선,산본,14048,15268,29316
20210118,4호선,삼각지,4105,4439,8544
20210118,4호선,상계,16983,15840,32823
20210118,4호선,상록수,14174,14261,28435
20210118,4호선,서울,9650,12846,22496
20210118,4호선,선바위,7314,6555,13869
20210118,4호선,성신여대입구,16630,15883,32513
20210118,4호선,수리산,3741,3062,6803
20210118,4호선,수유,29995,30219,60214
20210118,4호선,숙대입구,10726,10575,21301
20210118,4호선,신길온천,1497,1285,2782
20210118,4호선,신용산,13816,14281,28097
20210118,4호선,쌍문,26442,24709,51151
20210118,4호선,안산,11069,10307,21376
20210118,4호선,오이도,7439,7054,14493
20210118,4호선,이촌,5606,6276,11882
20210118,4호선,인덕원,21938,23102,45040
20210118,4호선,정부과천청사,8887,8864,17751
20210118,4호선,정왕,6839,7598,14437
20210118,4호선,중앙,14565,14965,29530
20210118,4호선,창동,22333,23961,46294
20210118,4호선,초지,3900,3955,7855
20210118,4호선,총신대입구,16634,18104,34738
20210118,4호선,충무로,23812,24386,48198
20210118,4호선,평촌,17452,17309,34761
20210118,4호선,한대앞,7519,7427,14946
20210118,4호선,한성대입구,11186,11162,22348
20210118,4호선,혜화,24737,24789,49526
20210118,4호선,회현,19410,20049,39459
20210119,4호선,경마공원,859,810,1669
20210119,4호선,고잔,7247,6994,14241
20210119,4호선,과천,4545,4206,8751
20210119,4호선,길음,17451,17193,34644
20210119,4호선,남태령,885,780,1665
20210119,4호선,노원,15998,17770,33768
20210119,4호선,당고개,10400,9600,20000
20210119,4호선,대공원,1338,1482,2820
20210119,4호선,대야미,3979,3641,7620
20210119,4호선,동대문,17026,17358,34384
20210119,4호선,동대문역사문화공원,12397,11234,23631
20210119,4호선,동작,1937,2072,4009
20210119,4호선,명동,13762,14002,27764
20210119,4호선,미아,12830,12615,25445
20210119,4호선,미아사거리,23623,23512,47135
20210119,4호선,반월,3533,3426,6959
20210119,4호선,범계,21407,20849,42256
20210119,4호선,사당,19942,16515,36457
20210119,4호선,산본,13155,14135,27290
20210119,4호선,삼각지,4068,4335,8403
20210119,4호선,상계,16407,15445,31852
20210119,4호선,상록수,13487,13732,27219
20210119,4호선,서울,9282,12173,21455
20210119,4호선,선바위,7098,6359,13457
20210119,4호선,성신여대입구,16826,16001,32827
20210119,4호선,수리산,3563,2917,6480
20210119,4호선,수유,29394,29529,58923
20210119,4호선,숙대입구,10787,10575,21362
20210119,4호선,신길온천,1341,1226,2567
20210119,4호선,신용산,12788,13360,26148
20210119,4호선,쌍문,26076,24137,50213
20210119,4호선,안산,10410,9112,19522
20210119,4호선,오이도,6698,6500,13198
20210119,4호선,이촌,5686,6355,12041
20210119,4호선,인덕원,20350,21284,41634
20210119,4호선,정부과천청사,8059,7987,16046
20210119,4호선,정왕,6192,6589,12781
20210119,4호선,중앙,13597,14024,27621
20210119,4호선,창동,21943,23484,45427
20210119,4호선,초지,3816,3853,7669
20210119,4호선,총신대입구,15928,17355,33283
20210119,4호선,충무로,23407,23988,47395
20210119,4호선,평촌,16118,15928,32046
20210119,4호선,한대앞,6826,6916,13742
20210119,4호선,한성대입구,11706,11533,23239
20210119,4호선,혜화,24915,24548,49463
20210119,4호선,회현,19341,19993,39334
20210120,4호선,경마공원,1064,1061,2125
20210120,4호선,고잔,7686,7362,15048
20210120,4호선,과천,4875,4570,9445
20210120,4호선,길음,18358,18059,36417
20210120,4호선,남태령,958,895,1853
20210120,4호선,노원,16594,18596,35190
20210120,4호선,당고개,11139,10240,21379
20210120,4호선,대공원,1788,1918,3706
20210120,4호선,대야미,4332,3950,8282
20210120,4호선,동대문,17928,18432,36360
20210120,4호선,동대문역사문화공원,13189,12274,25463
20210120,4호선,동작,2154,2280,4434
20210120,4호선,명동,14379,14573,28952
20210120,4호선,미아,13377,13348,26725
20210120,4호선,미아사거리,24996,24697,49693
20210120,4호선,반월,3728,3615,7343
20210120,4호선,범계,22551,22051,44602
20210120,4호선,사당,20809,17471,38280
20210120,4호선,산본,14052,15129,29181
20210120,4호선,삼각지,4225,4611,8836
20210120,4호선,상계,17393,16231,33624
20210120,4호선,상록수,14196,14447,28643
20210120,4호선,서울,9719,12873,22592
20210120,4호선,선바위,7593,6620,14213
20210120,4호선,성신여대입구,17238,16597,33835
20210120,4호선,수리산,3812,3103,6915
20210120,4호선,수유,30869,30928,61797
20210120,4호선,숙대입구,10702,10643,21345
20210120,4호선,신길온천,1450,1312,2762
20210120,4호선,신용산,13611,14308,27919
20210120,4호선,쌍문,26849,24986,51835
20210120,4호선,안산,10666,9571,20237
20210120,4호선,오이도,7235,7000,14235
20210120,4호선,이촌,6085,6822,12907
20210120,4호선,인덕원,21248,22263,43511
20210120,4호선,정부과천청사,8559,8329,16888
20210120,4호선,정왕,6513,7019,13532
20210120,4호선,중앙,14518,15009,29527
20210120,4호선,창동,23897,25323,49220
20210120,4호선,초지,4042,4073,8115
20210120,4호선,총신대입구,17194,18744,35938
20210120,4호선,충무로,23953,24674,48627
20210120,4호선,평촌,16647,16412,33059
20210120,4호선,한대앞,7284,7330,14614
20210120,4호선,한성대입구,11691,11451,23142
20210120,4호선,혜화,26362,26347,52709
20210120,4호선,회현,20632,21667,42299
20210121,4호선,경마공원,1094,1121,2215
20210121,4호선,고잔,7363,7108,14471
20210121,4호선,과천,4688,4553,9241
20210121,4호선,길음,17897,17673,35570
20210121,4호선,남태령,1015,921,1936
20210121,4호선,노원,16548,18111,34659
20210121,4호선,당고개,10794,9980,20774
20210121,4호선,대공원,1446,1525,2971
20210121,4호선,대야미,4072,3722,7794
20210121,4호선,동대문,17957,17983,35940
20210121,4호선,동대문역사문화공원,12701,11776,24477
20210121,4호선,동작,1931,1984,3915
20210121,4호선,명동,13642,14439,28081
20210121,4호선,미아,13054,12984,26038
20210121,4호선,미아사거리,23996,24036,48032
20210121,4호선,반월,3653,3524,7177
20210121,4호선,범계,21703,21117,42820
20210121,4호선,사당,20617,17093,37710
20210121,4호선,산본,13626,14497,28123
20210121,4호선,삼각지,4219,4528,8747
20210121,4호선,상계,16883,15961,32844
20210121,4호선,상록수,13766,13955,27721
20210121,4호선,서울,9709,12897,22606
20210121,4호선,선바위,7413,6529,13942
20210121,4호선,성신여대입구,16590,15915,32505
20210121,4호선,수리산,3656,3001,6657
20210121,4호선,수유,29957,30138,60095
20210121,4호선,숙대입구,11017,11013,22030
20210121,4호선,신길온천,1373,1281,2654
20210121,4호선,신용산,13457,14060,27517
20210121,4호선,쌍문,26470,24770,51240
20210121,4호선,안산,10071,9026,19097
20210121,4호선,오이도,6825,6612,13437
20210121,4호선,이촌,5979,6709,12688
20210121,4호선,인덕원,20872,22062,42934
20210121,4호선,정부과천청사,8393,8280,16673
20210121,4호선,정왕,6196,6687,12883
20210121,4호선,중앙,13694,14219,27913
20210121,4호선,창동,22844,24493,47337
20210121,4호선,초지,3790,3872,7662
20210121,4호선,총신대입구,16614,17788,34402
20210121,4호선,충무로,24082,24508,48590
20210121,4호선,평촌,16321,16278,32599
20210121,4호선,한대앞,6920,6985,13905
20210121,4호선,한성대입구,11437,11576,23013
20210121,4호선,혜화,26096,25524,51620
20210121,4호선,회현,20873,21028,41901
20210122,4호선,경마공원,1353,1367,2720
20210122,4호선,고잔,7685,7374,15059
20210122,4호선,과천,4776,4380,9156
20210122,4호선,길음,18145,17552,35697
20210122,4호선,남태령,997,843,1840
20210122,4호선,노원,17064,19098,36162
20210122,4호선,당고개,11033,10047,21080
20210122,4호선,대공원,1541,1645,3186
20210122,4호선,대야미,4440,3966,8406
20210122,4호선,동대문,17667,18231,35898
20210122,4호선,동대문역사문화공원,12970,12232,25202
20210122,4호선,동작,2187,2203,4390
20210122,4호선,명동,14455,14996,29451
20210122,4호선,미아,13537,13229,26766
20210122,4호선,미아사거리,25068,25141,50209
20210122,4호선,반월,3830,3628,7458
20210122,4호선,범계,22629,22261,44890
20210122,4호선,사당,21778,17995,39773
20210122,4호선,산본,14113,15238,29351
20210122,4호선,삼각지,4189,4671,8860
20210122,4호선,상계,17318,16009,33327
20210122,4호선,상록수,14196,14536,28732
20210122,4호선,서울,9597,13798,23395
20210122,4호선,선바위,7419,6614,14033
20210122,4호선,성신여대입구,17525,16802,34327
20210122,4호선,수리산,3709,2974,6683
20210122,4호선,수유,31098,31472,62570
20210122,4호선,숙대입구,11202,11039,22241
20210122,4호선,신길온천,1424,1304,2728
20210122,4호선,신용산,13851,14435,28286
20210122,4호선,쌍문,27096,24758,51854
20210122,4호선,안산,10931,9833,20764
20210122,4호선,오이도,7389,7173,14562
20210122,4호선,이촌,6315,7027,13342
20210122,4호선,인덕원,21638,22412,44050
20210122,4호선,정부과천청사,8163,8189,16352
20210122,4호선,정왕,7592,7720,15312
20210122,4호선,중앙,14587,15783,30370
20210122,4호선,창동,23623,25238,48861
20210122,4호선,초지,4021,4064,8085
20210122,4호선,총신대입구,17206,18956,36162
20210122,4호선,충무로,23793,24636,48429
20210122,4호선,평촌,16443,16291,32734
20210122,4호선,한대앞,7382,7542,14924
20210122,4호선,한성대입구,11626,11385,23011
20210122,4호선,혜화,26087,25986,52073
20210122,4호선,회현,20677,21447,42124
20210125,4호선,경마공원,777,752,1529
20210125,4호선,고잔,8074,7730,15804
20210125,4호선,과천,4885,4534,9419
20210125,4호선,길음,18380,17910,36290
20210125,4호선,남태령,981,848,1829
20210125,4호선,노원,16854,18789,35643
20210125,4호선,당고개,11488,10466,21954
20210125,4호선,대공원,1775,1874,3649
20210125,4호선,대야미,4458,4070,8528
20210125,4호선,동대문,18327,18940,37267
20210125,4호선,동대문역사문화공원,12981,11994,24975
20210125,4호선,동작,2269,2412,4681
20210125,4호선,명동,14655,15054,29709
20210125,4호선,미아,13766,13531,27297
20210125,4호선,미아사거리,24917,24576,49493
20210125,4호선,반월,3917,3749,7666
20210125,4호선,범계,22574,21986,44560
20210125,4호선,사당,20757,17522,38279
20210125,4호선,산본,14499,15498,29997
20210125,4호선,삼각지,4135,4398,8533
20210125,4호선,상계,17645,16429,34074
20210125,4호선,상록수,14610,14689,29299
20210125,4호선,서울,9693,12606,22299
20210125,4호선,선바위,7518,6676,14194
20210125,4호선,성신여대입구,17243,16548,33791
20210125,4호선,수리산,3872,3259,7131
20210125,4호선,수유,31325,31309,62634
20210125,4호선,숙대입구,10994,10730,21724
20210125,4호선,신길온천,1455,1327,2782
20210125,4호선,신용산,13699,14442,28141
20210125,4호선,쌍문,27155,25194,52349
20210125,4호선,안산,11096,9989,21085
20210125,4호선,오이도,7367,7065,14432
20210125,4호선,이촌,6054,6721,12775
20210125,4호선,인덕원,21412,22459,43871
20210125,4호선,정부과천청사,8394,8482,16876
20210125,4호선,정왕,6616,7249,13865
20210125,4호선,중앙,15284,15410,30694
20210125,4호선,창동,23754,25254,49008
20210125,4호선,초지,4068,4091,8159
20210125,4호선,총신대입구,17136,18553,35689
20210125,4호선,충무로,23680,24661,48341
20210125,4호선,평촌,16638,16563,33201
20210125,4호선,한대앞,7695,7794,15489
20210125,4호선,한성대입구,11458,11242,22700
20210125,4호선,혜화,24910,24911,49821
20210125,4호선,회현,20989,21882,42871
20210126,4호선,경마공원,856,810,1666
20210126,4호선,고잔,7554,7295,14849
20210126,4호선,과천,4901,4541,9442
20210126,4호선,길음,18204,17867,36071
20210126,4호선,남태령,987,875,1862
20210126,4호선,노원,16567,18691,35258
20210126,4호선,당고개,10944,10055,20999
20210126,4호선,대공원,1383,1464,2847
20210126,4호선,대야미,4257,3786,8043
20210126,4호선,동대문,17948,18351,36299
20210126,4호선,동대문역사문화공원,12668,11643,24311
20210126,4호선,동작,2018,2113,4131
20210126,4호선,명동,14263,14584,28847
20210126,4호선,미아,13147,13154,26301
20210126,4호선,미아사거리,24293,24208,48501
20210126,4호선,반월,3677,3563,7240
20210126,4호선,범계,22514,21859,44373
20210126,4호선,사당,20913,17476,38389
20210126,4호선,산본,13894,14311,28205
20210126,4호선,삼각지,4257,4507,8764
20210126,4호선,상계,17116,15984,33100
20210126,4호선,상록수,14067,14320,28387
20210126,4호선,서울,9918,13005,22923
20210126,4호선,선바위,7481,6585,14066
20210126,4호선,성신여대입구,16968,16328,33296
20210126,4호선,수리산,3677,3052,6729
20210126,4호선,수유,30547,30614,61161
20210126,4호선,숙대입구,11010,10889,21899
20210126,4호선,신길온천,1420,1315,2735
20210126,4호선,신용산,13811,14535,28346
20210126,4호선,쌍문,26999,25192,52191
20210126,4호선,안산,10448,9303,19751
20210126,4호선,오이도,7214,6988,14202
20210126,4호선,이촌,6255,6950,13205
20210126,4호선,인덕원,21138,22052,43190
20210126,4호선,정부과천청사,8435,8355,16790
20210126,4호선,정왕,6270,6824,13094
20210126,4호선,중앙,14568,14929,29497
20210126,4호선,창동,23214,24849,48063
20210126,4호선,초지,3833,4006,7839
20210126,4호선,총신대입구,16533,18076,34609
20210126,4호선,충무로,23652,24035,47687
20210126,4호선,평촌,16585,16580,33165
20210126,4호선,한대앞,7236,7317,14553
20210126,4호선,한성대입구,11387,11278,22665
20210126,4호선,혜화,25808,25688,51496
20210126,4호선,회현,20320,21257,41577
20210127,4호선,경마공원,1149,1170,2319
20210127,4호선,고잔,7852,7569,15421
20210127,4호선,과천,5121,4732,9853
20210127,4호선,길음,18755,18399,37154
20210127,4호선,남태령,1035,886,1921
20210127,4호선,노원,17298,19408,36706
20210127,4호선,당고개,11438,10614,22052
20210127,4호선,대공원,2039,2191,4230
20210127,4호선,대야미,4404,4010,8414
20210127,4호선,동대문,18578,19078,37656
20210127,4호선,동대문역사문화공원,13931,12913,26844
20210127,4호선,동작,2286,2379,4665
20210127,4호선,명동,14969,15358,30327
20210127,4호선,미아,13724,13607,27331
20210127,4호선,미아사거리,25512,25041,50553
20210127,4호선,반월,3926,3762,7688
20210127,4호선,범계,23788,22876,46664
20210127,4호선,사당,21763,18161,39924
20210127,4호선,산본,14816,15746,30562
20210127,4호선,삼각지,4294,4641,8935
20210127,4호선,상계,18000,16553,34553
20210127,4호선,상록수,14667,14752,29419
20210127,4호선,서울,9917,13116,23033
20210127,4호선,선바위,7784,6820,14604
20210127,4호선,성신여대입구,17725,17174,34899
20210127,4호선,수리산,3962,3245,7207
20210127,4호선,수유,31795,31664,63459
20210127,4호선,숙대입구,11308,11177,22485
20210127,4호선,신길온천,1488,1403,2891
20210127,4호선,신용산,14249,14842,29091
20210127,4호선,쌍문,27537,25728,53265
20210127,4호선,안산,11008,9782,20790
20210127,4호선,오이도,7520,7219,14739
20210127,4호선,이촌,6506,7280,13786
20210127,4호선,인덕원,22051,22976,45027
20210127,4호선,정부과천청사,8685,8693,17378
20210127,4호선,정왕,6515,7096,13611
20210127,4호선,중앙,15399,15822,31221
20210127,4호선,창동,24664,26135,50799
20210127,4호선,초지,3989,4056,8045
20210127,4호선,총신대입구,17922,19429,37351
20210127,4호선,충무로,24477,24985,49462
20210127,4호선,평촌,17011,16743,33754
20210127,4호선,한대앞,7597,7747,15344
20210127,4호선,한성대입구,11975,11894,23869
20210127,4호선,혜화,27683,27252,54935
20210127,4호선,회현,21423,22283,43706
20210128,4호선,경마공원,1140,1160,2300
20210128,4호선,고잔,7587,7385,14972
20210128,4호선,과천,5052,4704,9756
20210128,4호선,길음,18409,18163,36572
20210128,4호선,남태령,969,877,1846
20210128,4호선,노원,16575,18473,35048
20210128,4호선,당고개,10899,9938,20837
20210128,4호선,대공원,1401,1469,2870
20210128,4호선,대야미,4257,3837,8094
20210128,4호선,동대문,17300,17854,35154
20210128,4호선,동대문역사문화공원,13122,11957,25079
20210128,4호선,동작,1931,2078,4009
20210128,4호선,명동,14224,14554,28778
20210128,4호선,미아,13745,13492,27237
20210128,4호선,미아사거리,24307,23880,48187
20210128,4호선,반월,3673,3522,7195
20210128,4호선,범계,22443,21905,44348
20210128,4호선,사당,20956,17522,38478
20210128,4호선,산본,14007,14871,28878
20210128,4호선,삼각지,4334,4720,9054
20210128,4호선,상계,17135,16187,33322
20210128,4호선,상록수,13914,14139,28053
20210128,4호선,서울,9948,13410,23358
20210128,4호선,선바위,7439,6644,14083
20210128,4호선,성신여대입구,16943,16673,33616
20210128,4호선,수리산,3674,3029,6703
20210128,4호선,수유,30406,30577,60983
20210128,4호선,숙대입구,11112,10913,22025
20210128,4호선,신길온천,1324,1235,2559
20210128,4호선,신용산,14296,14907,29203
20210128,4호선,쌍문,26886,25050,51936
20210128,4호선,안산,10519,9420,19939
20210128,4호선,오이도,6986,6792,13778
20210128,4호선,이촌,6413,7004,13417
20210128,4호선,인덕원,22004,22559,44563
20210128,4호선,정부과천청사,8836,8636,17472
20210128,4호선,정왕,6362,6863,13225
20210128,4호선,중앙,14642,15094,29736
20210128,4호선,창동,23626,25274,48900
20210128,4호선,초지,3897,3984,7881
20210128,4호선,총신대입구,16907,18504,35411
20210128,4호선,충무로,24401,24906,49307
20210128,4호선,평촌,17210,17139,34349
20210128,4호선,한대앞,7182,7245,14427
20210128,4호선,한성대입구,11710,11656,23366
20210128,4호선,혜화,26194,25770,51964
20210128,4호선,회현,19970,20644,40614
20210129,4호선,경마공원,1205,1247,2452
20210129,4호선,고잔,7390,7092,14482
20210129,4호선,과천,4830,4405,9235
20210129,4호선,길음,17922,17499,35421
20210129,4호선,남태령,982,797,1779
20210129,4호선,노원,16943,18768,35711
20210129,4호선,당고개,10540,9686,20226
20210129,4호선,대공원,1228,1306,2534
20210129,4호선,대야미,4157,3754,7911
20210129,4호선,동대문,17090,17586,34676
20210129,4호선,동대문역사문화공원,12956,12007,24963
20210129,4호선,동작,1893,1945,3838
20210129,4호선,명동,13795,14345,28140
20210129,4호선,미아,13083,12852,25935
20210129,4호선,미아사거리,24257,24155,48412
20210129,4호선,반월,3574,3441,7015
20210129,4호선,범계,22564,22082,44646
20210129,4호선,사당,21524,17259,38783
20210129,4호선,산본,13899,14944,28843
20210129,4호선,삼각지,4156,4569,8725
20210129,4호선,상계,16952,15646,32598
20210129,4호선,상록수,13800,14098,27898
20210129,4호선,서울,9467,13903,23370
20210129,4호선,선바위,7298,6462,13760
20210129,4호선,성신여대입구,17781,17143,34924
20210129,4호선,수리산,3599,2747,6346
20210129,4호선,수유,30277,30697,60974
20210129,4호선,숙대입구,10889,10813,21702
20210129,4호선,신길온천,1402,1298,2700
20210129,4호선,신용산,14247,14666,28913
20210129,4호선,쌍문,26518,24537,51055
20210129,4호선,안산,10369,9314,19683
20210129,4호선,오이도,7082,6928,14010
20210129,4호선,이촌,6100,6809,12909
20210129,4호선,인덕원,21114,21958,43072
20210129,4호선,정부과천청사,8263,8222,16485
20210129,4호선,정왕,6507,6756,13263
20210129,4호선,중앙,14480,15398,29878
20210129,4호선,창동,23057,24700,47757
20210129,4호선,초지,3802,3943,7745
20210129,4호선,총신대입구,16651,18273,34924
20210129,4호선,충무로,23740,24259,47999
20210129,4호선,평촌,16154,15980,32134
20210129,4호선,한대앞,7222,7195,14417
20210129,4호선,한성대입구,11495,11254,22749
20210129,4호선,혜화,25958,25507,51465
20210129,4호선,회현,19776,20719,40495
20210201,4호선,경마공원,836,820,1656
20210201,4호선,고잔,7909,7431,15340
20210201,4호선,과천,4910,4622,9532
20210201,4호선,길음,18589,18024,36613
20210201,4호선,남태령,1024,876,1900
20210201,4호선,노원,17130,18851,35981
20210201,4호선,당고개,11430,10435,21865
20210201,4호선,대공원,1493,1581,3074
20210201,4호선,대야미,4377,3976,8353
20210201,4호선,동대문,18205,18894,37099
20210201,4호선,동대문역사문화공원,13085,12147,25232
20210201,4호선,동작,2147,2262,4409
20210201,4호선,명동,14870,15064,29934
20210201,4호선,미아,13988,13705,27693
20210201,4호선,미아사거리,25149,24681,49830
20210201,4호선,반월,3906,3754,7660
20210201,4호선,범계,22758,21898,44656
20210201,4호선,사당,20799,17572,38371
20210201,4호선,산본,14494,15511,30005
20210201,4호선,삼각지,4108,4470,8578
20210201,4호선,상계,17766,16486,34252
20210201,4호선,상록수,14475,14629,29104
20210201,4호선,서울,9930,13113,23043
20210201,4호선,선바위,7794,6688,14482
20210201,4호선,성신여대입구,17229,16482,33711
20210201,4호선,수리산,3851,3177,7028
20210201,4호선,수유,31524,31650,63174
20210201,4호선,숙대입구,11279,11098,22377
20210201,4호선,신길온천,1463,1335,2798
20210201,4호선,신용산,14098,14747,28845
20210201,4호선,쌍문,27396,25485,52881
20210201,4호선,안산,11178,10119,21297
20210201,4호선,오이도,7257,6960,14217
20210201,4호선,이촌,6159,6921,13080
20210201,4호선,인덕원,21544,22584,44128
20210201,4호선,정부과천청사,8723,8717,17440
20210201,4호선,정왕,6607,7153,13760
20210201,4호선,중앙,14994,15434,30428
20210201,4호선,창동,24330,25861,50191
20210201,4호선,초지,3954,4005,7959
20210201,4호선,총신대입구,17430,19009,36439
20210201,4호선,충무로,24144,25004,49148
20210201,4호선,평촌,16981,16937,33918
20210201,4호선,한대앞,7446,7493,14939
20210201,4호선,한성대입구,11648,11527,23175
20210201,4호선,혜화,25664,25439,51103
20210201,4호선,회현,21074,22029,43103
20210202,4호선,경마공원,851,890,1741
20210202,4호선,고잔,7757,7437,15194
20210202,4호선,과천,5009,4642,9651
20210202,4호선,길음,18659,18270,36929
20210202,4호선,남태령,1000,887,1887
20210202,4호선,노원,17152,18877,36029
20210202,4호선,당고개,11188,10355,21543
20210202,4호선,대공원,1582,1645,3227
20210202,4호선,대야미,4363,3947,8310
20210202,4호선,동대문,18088,18677,36765
20210202,4호선,동대문역사문화공원,13171,12056,25227
20210202,4호선,동작,1936,2162,4098
20210202,4호선,명동,14728,15080,29808
20210202,4호선,미아,13544,13271,26815
20210202,4호선,미아사거리,24985,24713,49698
20210202,4호선,반월,3661,3503,7164
20210202,4호선,범계,22796,22252,45048
20210202,4호선,사당,21318,17947,39265
20210202,4호선,산본,14234,15260,29494
20210202,4호선,삼각지,4267,4538,8805
20210202,4호선,상계,17660,16502,34162
20210202,4호선,상록수,14000,14313,28313
20210202,4호선,서울,9900,12981,22881
20210202,4호선,선바위,7567,6675,14242
20210202,4호선,성신여대입구,17404,16782,34186
20210202,4호선,수리산,3727,3168,6895
20210202,4호선,수유,30860,31027,61887
20210202,4호선,숙대입구,11482,11161,22643
20210202,4호선,신길온천,1457,1329,2786
20210202,4호선,신용산,14268,14927,29195
20210202,4호선,쌍문,27488,25621,53109
20210202,4호선,안산,10597,9552,20149
20210202,4호선,오이도,7172,6890,14062
20210202,4호선,이촌,6483,7139,13622
20210202,4호선,인덕원,21708,22498,44206
20210202,4호선,정부과천청사,8776,8646,17422
20210202,4호선,정왕,6304,6747,13051
20210202,4호선,중앙,14987,15287,30274
20210202,4호선,창동,24289,25817,50106
20210202,4호선,초지,4017,4076,8093
20210202,4호선,총신대입구,17440,18729,36169
20210202,4호선,충무로,24746,25241,49987
20210202,4호선,평촌,16940,16826,33766
20210202,4호선,한대앞,7427,7391,14818
20210202,4호선,한성대입구,11629,11614,23243
20210202,4호선,혜화,27033,26597,53630
20210202,4호선,회현,21019,21588,42607
20210203,4호선,경마공원,1176,1175,2351
20210203,4호선,고잔,8054,7701,15755
20210203,4호선,과천,5071,4916,9987
20210203,4호선,길음,19001,19036,38037
20210203,4호선,남태령,1094,922,2016
20210203,4호선,노원,17929,19616,37545
20210203,4호선,당고개,12056,11165,23221
20210203,4호선,대공원,1629,1654,3283
20210203,4호선,대야미,4583,4168,8751
20210203,4호선,동대문,18220,18600,36820
20210203,4호선,동대문역사문화공원,13389,12286,25675
20210203,4호선,동작,2215,2346,4561
20210203,4호선,명동,14985,15036,30021
20210203,4호선,미아,14010,13985,27995
20210203,4호선,미아사거리,25972,25971,51943
20210203,4호선,반월,3992,3854,7846
20210203,4호선,범계,23900,23461,47361
20210203,4호선,사당,21993,18323,40316
20210203,4호선,산본,14976,16140,31116
20210203,4호선,삼각지,4469,4755,9224
20210203,4호선,상계,18190,17243,35433
20210203,4호선,상록수,14598,15065,29663
20210203,4호선,서울,10206,13382,23588
20210203,4호선,선바위,7877,6884,14761
20210203,4호선,성신여대입구,18111,17675,35786
20210203,4호선,수리산,3915,3255,7170
20210203,4호선,수유,31867,32467,64334
20210203,4호선,숙대입구,11858,11601,23459
20210203,4호선,신길온천,1521,1409,2930
20210203,4호선,신용산,15214,15361,30575
20210203,4호선,쌍문,28072,26514,54586
20210203,4호선,안산,10998,9908,20906
20210203,4호선,오이도,7648,7399,15047
20210203,4호선,이촌,6794,7815,14609
20210203,4호선,인덕원,22776,23897,46673
20210203,4호선,정부과천청사,9051,9084,18135
20210203,4호선,정왕,6458,7180,13638
20210203,4호선,중앙,15571,15850,31421
20210203,4호선,창동,25130,27052,52182
20210203,4호선,초지,4151,4159,8310
20210203,4호선,총신대입구,18132,19988,38120
20210203,4호선,충무로,25260,25406,50666
20210203,4호선,평촌,17621,17333,34954
20210203,4호선,한대앞,7657,7825,15482
20210203,4호선,한성대입구,12746,12818,25564
20210203,4호선,혜화,28840,27858,56698
20210203,4호선,회현,21639,22087,43726
20210204,4호선,경마공원,1210,1215,2425
20210204,4호선,고잔,8275,7974,16249
20210204,4호선,과천,5366,4875,10241
20210204,4호선,길음,18954,18506,37460
20210204,4호선,남태령,982,1132,2114
20210204,4호선,노원,17465,19170,36635
20210204,4호선,당고개,11443,10466,21909
20210204,4호선,대공원,1602,1733,3335
20210204,4호선,대야미,4618,4162,8780
20210204,4호선,동대문,17819,18427,36246
20210204,4호선,동대문역사문화공원,13240,12169,25409
20210204,4호선,동작,2222,2315,4537
20210204,4호선,명동,15069,15348,30417
20210204,4호선,미아,13869,13702,27571
20210204,4호선,미아사거리,25417,25194,50611
20210204,4호선,반월,3945,3822,7767
20210204,4호선,범계,24242,23304,47546
20210204,4호선,사당,21879,18453,40332
20210204,4호선,산본,15492,16219,31711
20210204,4호선,삼각지,4423,4775,9198
20210204,4호선,상계,18395,16977,35372
20210204,4호선,상록수,15155,15031,30186
20210204,4호선,서울,10180,13864,24044
20210204,4호선,선바위,7706,7099,14805
20210204,4호선,성신여대입구,17881,17134,35015
20210204,4호선,수리산,3976,3175,7151
20210204,4호선,수유,31515,31533,63048
20210204,4호선,숙대입구,11714,11453,23167
20210204,4호선,신길온천,1464,1370,2834
20210204,4호선,신용산,14643,15536,30179
20210204,4호선,쌍문,28095,26016,54111
20210204,4호선,안산,11130,10371,21501
20210204,4호선,오이도,7805,7418,15223
20210204,4호선,이촌,6585,7358,13943
20210204,4호선,인덕원,23379,24030,47409
20210204,4호선,정부과천청사,9266,9450,18716
20210204,4호선,정왕,6874,7493,14367
20210204,4호선,중앙,15622,15963,31585
20210204,4호선,창동,24623,26184,50807
20210204,4호선,초지,4105,4171,8276
20210204,4호선,총신대입구,17685,18998,36683
20210204,4호선,충무로,25280,26127,51407
20210204,4호선,평촌,18148,18180,36328
20210204,4호선,한대앞,7956,7850,15806
20210204,4호선,한성대입구,12375,12084,24459
20210204,4호선,혜화,27902,27872,55774
20210204,4호선,회현,20484,21633,42117
20210205,4호선,경마공원,1242,1260,2502
20210205,4호선,고잔,7930,7603,15533
20210205,4호선,과천,5280,4861,10141
20210205,4호선,길음,18994,18419,37413
20210205,4호선,남태령,1141,942,2083
20210205,4호선,노원,17896,20077,37973
20210205,4호선,당고개,11741,10725,22466
20210205,4호선,대공원,1870,1960,3830
20210205,4호선,대야미,4635,4105,8740
20210205,4호선,동대문,18569,19282,37851
20210205,4호선,동대문역사문화공원,13375,12468,25843
20210205,4호선,동작,2431,2487,4918
20210205,4호선,명동,15656,15915,31571
20210205,4호선,미아,14383,14072,28455
20210205,4호선,미아사거리,26625,26537,53162
20210205,4호선,반월,3948,3847,7795
20210205,4호선,범계,24393,23861,48254
20210205,4호선,사당,22680,19057,41737
20210205,4호선,산본,15041,16358,31399
20210205,4호선,삼각지,4363,4851,9214
20210205,4호선,상계,18194,16763,34957
20210205,4호선,상록수,15238,15524,30762
20210205,4호선,서울,9595,13780,23375
20210205,4호선,선바위,7942,6851,14793
20210205,4호선,성신여대입구,18808,18222,37030
20210205,4호선,수리산,3989,3136,7125
20210205,4호선,수유,32332,32555,64887
20210205,4호선,숙대입구,12158,11974,24132
20210205,4호선,신길온천,1555,1430,2985
20210205,4호선,신용산,15227,15790,31017
20210205,4호선,쌍문,28621,26360,54981
20210205,4호선,안산,11115,10104,21219
20210205,4호선,오이도,7882,7643,15525
20210205,4호선,이촌,6841,7529,14370
20210205,4호선,인덕원,22962,23524,46486
20210205,4호선,정부과천청사,8968,8929,17897
20210205,4호선,정왕,6910,7266,14176
20210205,4호선,중앙,15855,16646,32501
20210205,4호선,창동,25599,27345,52944
20210205,4호선,초지,4338,4647,8985
20210205,4호선,총신대입구,18248,20015,38263
20210205,4호선,충무로,24693,25558,50251
20210205,4호선,평촌,17472,17293,34765
20210205,4호선,한대앞,7784,7811,15595
20210205,4호선,한성대입구,12703,12495,25198
20210205,4호선,혜화,27681,27501,55182
20210205,4호선,회현,21963,22973,44936
20210208,4호선,경마공원,803,809,1612
20210208,4호선,고잔,7813,7504,15317
20210208,4호선,과천,5045,4710,9755
20210208,4호선,길음,18904,18621,37525
20210208,4호선,남태령,1084,901,1985
20210208,4호선,노원,17551,19422,36973
20210208,4호선,당고개,11653,10573,22226
20210208,4호선,대공원,1313,1376,2689
20210208,4호선,대야미,4390,3988,8378
20210208,4호선,동대문,18882,19457,38339
20210208,4호선,동대문역사문화공원,13346,12261,25607
20210208,4호선,동작,2190,2315,4505
20210208,4호선,명동,15281,15595,30876
20210208,4호선,미아,14570,14303,28873
20210208,4호선,미아사거리,26212,25822,52034
20210208,4호선,반월,3847,3700,7547
20210208,4호선,범계,23502,22934,46436
20210208,4호선,사당,22007,18270,40277
20210208,4호선,산본,14908,15877,30785
20210208,4호선,삼각지,4360,4685,9045
20210208,4호선,상계,18130,16892,35022
20210208,4호선,상록수,14614,14714,29328
20210208,4호선,서울,10075,14190,24265
20210208,4호선,선바위,7792,6825,14617
20210208,4호선,성신여대입구,18144,17481,35625
20210208,4호선,수리산,3900,3154,7054
20210208,4호선,수유,32468,32325,64793
20210208,4호선,숙대입구,11817,11460,23277
20210208,4호선,신길온천,1489,1353,2842
20210208,4호선,신용산,14954,15760,30714
20210208,4호선,쌍문,28000,26032,54032
20210208,4호선,안산,10778,9778,20556
20210208,4호선,오이도,7475,7231,14706
20210208,4호선,이촌,6443,7295,13738
20210208,4호선,인덕원,21982,22972,44954
20210208,4호선,정부과천청사,9015,8858,17873
20210208,4호선,정왕,6654,7274,13928
20210208,4호선,중앙,15293,15662,30955
20210208,4호선,창동,24992,26488,51480
20210208,4호선,초지,4034,4126,8160
20210208,4호선,총신대입구,18024,19787,37811
20210208,4호선,충무로,24861,25620,50481
20210208,4호선,평촌,17051,16946,33997
20210208,4호선,한대앞,7647,7492,15139
20210208,4호선,한성대입구,12316,12151,24467
20210208,4호선,혜화,27022,26198,53220
20210208,4호선,회현,21697,22387,44084
20210209,4호선,경마공원,845,830,1675
20210209,4호선,고잔,7915,7523,15438
20210209,4호선,과천,5115,4699,9814
20210209,4호선,길음,19235,18802,38037
20210209,4호선,남태령,1177,1018,2195
20210209,4호선,노원,17501,19442,36943
20210209,4호선,당고개,11594,10678,22272
20210209,4호선,대공원,1744,1813,3557
20210209,4호선,대야미,4546,4089,8635
20210209,4호선,동대문,18367,18985,37352
20210209,4호선,동대문역사문화공원,13607,12225,25832
20210209,4호선,동작,2293,2399,4692
20210209,4호선,명동,15425,15675,31100
20210209,4호선,미아,14384,14438,28822
20210209,4호선,미아사거리,26380,26196,52576
20210209,4호선,반월,3888,3719,7607
20210209,4호선,범계,23972,23275,47247
20210209,4호선,사당,22104,18089,40193
20210209,4호선,산본,15015,16079,31094
20210209,4호선,삼각지,4256,4817,9073
20210209,4호선,상계,18149,16930,35079
20210209,4호선,상록수,14641,14908,29549
20210209,4호선,서울,9582,13468,23050
20210209,4호선,선바위,7921,6844,14765
20210209,4호선,성신여대입구,18502,17811,36313
20210209,4호선,수리산,3922,3142,7064
20210209,4호선,수유,32037,32187,64224
20210209,4호선,숙대입구,11663,11492,23155
20210209,4호선,신길온천,1500,1348,2848
20210209,4호선,신용산,13763,14715,28478
20210209,4호선,쌍문,28165,26173,54338
20210209,4호선,안산,10711,9998,20709
20210209,4호선,오이도,7502,7227,14729
20210209,4호선,이촌,6784,7595,14379
20210209,4호선,인덕원,22226,22965,45191
20210209,4호선,정부과천청사,9116,9092,18208
20210209,4호선,정왕,6562,7035,13597
20210209,4호선,중앙,15262,15760,31022
20210209,4호선,창동,25407,27193,52600
20210209,4호선,초지,4048,4212,8260
20210209,4호선,총신대입구,18412,20172,38584
20210209,4호선,충무로,25339,25720,51059
20210209,4호선,평촌,17425,17176,34601
20210209,4호선,한대앞,7687,7743,15430
20210209,4호선,한성대입구,12437,12294,24731
20210209,4호선,혜화,28550,27302,55852
20210209,4호선,회현,21471,22283,43754
20210210,4호선,경마공원,945,920,1865
20210210,4호선,고잔,7602,7384,14986
20210210,4호선,과천,4746,4086,8832
20210210,4호선,길음,18181,17834,36015
20210210,4호선,남태령,1035,861,1896
20210210,4호선,노원,17482,18584,36066
20210210,4호선,당고개,10884,9356,20240
20210210,4호선,대공원,1700,1842,3542
20210210,4호선,대야미,4470,3568,8038
20210210,4호선,동대문,15602,16680,32282
20210210,4호선,동대문역사문화공원,12955,12834,25789
20210210,4호선,동작,2316,2783,5099
20210210,4호선,명동,13805,16694,30499
20210210,4호선,미아,13521,14675,28196
20210210,4호선,미아사거리,25669,24328,49997
20210210,4호선,반월,3946,3588,7534
20210210,4호선,범계,21970,21422,43392
20210210,4호선,사당,21704,18234,39938
20210210,4호선,산본,14348,14723,29071
20210210,4호선,삼각지,4159,5066,9225
20210210,4호선,상계,17126,15066,32192
20210210,4호선,상록수,14320,13940,28260
20210210,4호선,서울,8853,13496,22349
20210210,4호선,선바위,7129,5909,13038
20210210,4호선,성신여대입구,18267,17088,35355
20210210,4호선,수리산,3765,2673,6438
20210210,4호선,수유,31024,29583,60607
20210210,4호선,숙대입구,11268,11122,22390
20210210,4호선,신길온천,1495,1404,2899
20210210,4호선,신용산,12930,14621,27551
20210210,4호선,쌍문,26252,23891,50143
20210210,4호선,안산,11720,11260,22980
20210210,4호선,오이도,7561,7287,14848
20210210,4호선,이촌,6562,7249,13811
20210210,4호선,인덕원,20046,19397,39443
20210210,4호선,정부과천청사,8006,8000,16006
20210210,4호선,정왕,7310,7216,14526
20210210,4호선,중앙,15260,16172,31432
20210210,4호선,창동,25031,27148,52179
20210210,4호선,초지,3853,4024,7877
20210210,4호선,총신대입구,18207,20280,38487
20210210,4호선,충무로,23296,24498,47794
20210210,4호선,평촌,14645,14690,29335
20210210,4호선,한대앞,7639,7596,15235
20210210,4호선,한성대입구,12026,11777,23803
20210210,4호선,혜화,27368,29314,56682
20210210,4호선,회현,18900,21484,40384
20210211,4호선,경마공원,337,350,687
20210211,4호선,고잔,2956,3035,5991
20210211,4호선,과천,1929,1828,3757
20210211,4호선,길음,6857,6487,13344
20210211,4호선,남태령,426,374,800
20210211,4호선,노원,7715,8703,16418
20210211,4호선,당고개,5096,5339,10435
20210211,4호선,대공원,1978,2044,4022
20210211,4호선,대야미,2019,1760,3779
20210211,4호선,동대문,3764,3836,7600
20210211,4호선,동대문역사문화공원,5543,5118,10661
20210211,4호선,동작,1161,1043,2204
20210211,4호선,명동,6510,6877,13387
20210211,4호선,미아,6269,5699,11968
20210211,4호선,미아사거리,11347,10945,22292
20210211,4호선,반월,1900,1881,3781
20210211,4호선,범계,8784,8698,17482
20210211,4호선,사당,9314,7967,17281
20210211,4호선,산본,6275,6700,12975
20210211,4호선,삼각지,1219,1370,2589
20210211,4호선,상계,7383,7231,14614
20210211,4호선,상록수,6992,7464,14456
20210211,4호선,서울,2610,6845,9455
20210211,4호선,선바위,2148,2148,4296
20210211,4호선,성신여대입구,8534,7340,15874
20210211,4호선,수리산,1537,1358,2895
20210211,4호선,수유,14576,13743,28319
20210211,4호선,숙대입구,3998,3515,7513
20210211,4호선,신길온천,797,822,1619
20210211,4호선,신용산,4482,5336,9818
20210211,4호선,쌍문,11106,10264,21370
20210211,4호선,안산,8767,9317,18084
20210211,4호선,오이도,4291,4626,8917
20210211,4호선,이촌,2979,3168,6147
20210211,4호선,인덕원,7013,7035,14048
20210211,4호선,정부과천청사,2616,2718,5334
20210211,4호선,정왕,4566,3916,8482
20210211,4호선,중앙,7671,8600,16271
20210211,4호선,창동,10962,11866,22828
20210211,4호선,초지,1582,1793,3375
20210211,4호선,총신대입구,7805,8224,16029
20210211,4호선,충무로,5056,4523,9579
20210211,4호선,평촌,4328,4047,8375
20210211,4호선,한대앞,3683,3775,7458
20210211,4호선,한성대입구,5348,4618,9966
20210211,4호선,혜화,11553,10884,22437
20210211,4호선,회현,3689,4067,7756
20210212,4호선,경마공원,226,223,449
20210212,4호선,고잔,2390,2227,4617
20210212,4호선,과천,1449,1292,2741
20210212,4호선,길음,5184,4987,10171
20210212,4호선,남태령,298,273,571
20210212,4호선,노원,6301,6716,13017
20210212,4호선,당고개,4353,4152,8505
20210212,4호선,대공원,2146,2151,4297
20210212,4호선,대야미,1547,1365,2912
20210212,4호선,동대문,2248,2252,4500
20210212,4호선,동대문역사문화공원,3912,3740,7652
20210212,4호선,동작,931,862,1793
20210212,4호선,명동,5494,5667,11161
20210212,4호선,미아,4646,4384,9030
20210212,4호선,미아사거리,8191,7796,15987
20210212,4호선,반월,1496,1380,2876
20210212,4호선,범계,5470,5490,10960
20210212,4호선,사당,6491,5824,12315
20210212,4호선,산본,4350,4584,8934
20210212,4호선,삼각지,847,1020,1867
20210212,4호선,상계,5787,5629,11416
20210212,4호선,상록수,5778,5742,11520
20210212,4호선,서울,2056,4346,6402
20210212,4호선,선바위,1546,1443,2989
20210212,4호선,성신여대입구,5772,5591,11363
20210212,4호선,수리산,1164,1109,2273
20210212,4호선,수유,11437,11314,22751
20210212,4호선,숙대입구,2714,2636,5350
20210212,4호선,신길온천,642,610,1252
20210212,4호선,신용산,3234,3344,6578
20210212,4호선,쌍문,8807,8119,16926
20210212,4호선,안산,7691,8065,15756
20210212,4호선,오이도,3670,3838,7508
20210212,4호선,이촌,1503,1674,3177
20210212,4호선,인덕원,5264,5231,10495
20210212,4호선,정부과천청사,1650,1625,3275
20210212,4호선,정왕,3510,3645,7155
20210212,4호선,중앙,6166,6304,12470
20210212,4호선,창동,7460,7891,15351
20210212,4호선,초지,1268,1301,2569
20210212,4호선,총신대입구,4530,4930,9460
20210212,4호선,충무로,3831,3922,7753
20210212,4호선,평촌,2854,2770,5624
20210212,4호선,한대앞,3018,2966,5984
20210212,4호선,한성대입구,3986,3991,7977
20210212,4호선,혜화,7519,7756,15275
20210212,4호선,회현,1936,2046,3982
20210215,4호선,경마공원,756,734,1490
20210215,4호선,고잔,7801,7453,15254
20210215,4호선,과천,4850,4560,9410
20210215,4호선,길음,18190,17895,36085
20210215,4호선,남태령,994,920,1914
20210215,4호선,노원,17407,19301,36708
20210215,4호선,당고개,11281,10235,21516
20210215,4호선,대공원,1344,1377,2721
20210215,4호선,대야미,4318,3888,8206
20210215,4호선,동대문,16595,17965,34560
20210215,4호선,동대문역사문화공원,12584,11885,24469
20210215,4호선,동작,2056,2193,4249
20210215,4호선,명동,14832,15251,30083
20210215,4호선,미아,13503,13354,26857
20210215,4호선,미아사거리,25119,24652,49771
20210215,4호선,반월,3764,3584,7348
20210215,4호선,범계,23348,22918,46266
20210215,4호선,사당,20864,17516,38380
20210215,4호선,산본,14665,15638,30303
20210215,4호선,삼각지,4113,4473,8586
20210215,4호선,상계,17463,16248,33711
20210215,4호선,상록수,14460,14385,28845
20210215,4호선,서울,9596,12233,21829
20210215,4호선,선바위,7350,6454,13804
20210215,4호선,성신여대입구,17637,17370,35007
20210215,4호선,수리산,3659,3075,6734
20210215,4호선,수유,31271,31591,62862
20210215,4호선,숙대입구,11078,10879,21957
20210215,4호선,신길온천,1444,1315,2759
20210215,4호선,신용산,14716,14904,29620
20210215,4호선,쌍문,27265,25289,52554
20210215,4호선,안산,10602,9661,20263
20210215,4호선,오이도,7560,7182,14742
20210215,4호선,이촌,6174,6990,13164
20210215,4호선,인덕원,21095,21971,43066
20210215,4호선,정부과천청사,8744,8634,17378
20210215,4호선,정왕,6501,7222,13723
20210215,4호선,중앙,15515,15822,31337
20210215,4호선,창동,23213,24583,47796
20210215,4호선,초지,3999,4087,8086
20210215,4호선,총신대입구,16928,18541,35469
20210215,4호선,충무로,23704,24406,48110
20210215,4호선,평촌,16454,16233,32687
20210215,4호선,한대앞,7421,7505,14926
20210215,4호선,한성대입구,11531,11655,23186
20210215,4호선,혜화,26521,26637,53158
20210215,4호선,회현,19228,20017,39245
20210216,4호선,경마공원,866,865,1731
20210216,4호선,고잔,8059,7667,15726
20210216,4호선,과천,5169,4896,10065
20210216,4호선,길음,18900,18662,37562
20210216,4호선,남태령,1119,927,2046
20210216,4호선,노원,17777,19673,37450
20210216,4호선,당고개,11258,10391,21649
20210216,4호선,대공원,1461,1567,3028
20210216,4호선,대야미,4413,3992,8405
20210216,4호선,동대문,18605,19079,37684
20210216,4호선,동대문역사문화공원,13437,12438,25875
20210216,4호선,동작,2077,2174,4251
20210216,4호선,명동,15475,15790,31265
20210216,4호선,미아,13694,13600,27294
20210216,4호선,미아사거리,25592,25382,50974
20210216,4호선,반월,3838,3690,7528
20210216,4호선,범계,24084,23451,47535
20210216,4호선,사당,22141,18531,40672
20210216,4호선,산본,14769,15810,30579
20210216,4호선,삼각지,4321,4759,9080
20210216,4호선,상계,17953,16862,34815
20210216,4호선,상록수,14492,14841,29333
20210216,4호선,서울,10455,14003,24458
20210216,4호선,선바위,7626,6726,14352
20210216,4호선,성신여대입구,18238,17814,36052
20210216,4호선,수리산,3875,3180,7055
20210216,4호선,수유,31859,31993,63852
20210216,4호선,숙대입구,11851,11705,23556
20210216,4호선,신길온천,1466,1333,2799
20210216,4호선,신용산,15324,15729,31053
20210216,4호선,쌍문,27933,26114,54047
20210216,4호선,안산,10581,9561,20142
20210216,4호선,오이도,7418,7220,14638
20210216,4호선,이촌,6428,7415,13843
20210216,4호선,인덕원,22416,23384,45800
20210216,4호선,정부과천청사,9301,9082,18383
20210216,4호선,정왕,6604,7175,13779
20210216,4호선,중앙,15384,15872,31256
20210216,4호선,창동,24264,25716,49980
20210216,4호선,초지,4126,4180,8306
20210216,4호선,총신대입구,17426,19104,36530
20210216,4호선,충무로,24985,25581,50566
20210216,4호선,평촌,17486,17251,34737
20210216,4호선,한대앞,7596,7599,15195
20210216,4호선,한성대입구,12366,12289,24655
20210216,4호선,혜화,28968,28855,57823
20210216,4호선,회현,21959,22655,44614
20210217,4호선,경마공원,1100,1104,2204
20210217,4호선,고잔,7663,7399,15062
20210217,4호선,과천,5115,4803,9918
20210217,4호선,길음,18510,18100,36610
20210217,4호선,남태령,1088,972,2060
20210217,4호선,노원,17249,19043,36292
20210217,4호선,당고개,11226,10276,21502
20210217,4호선,대공원,1308,1417,2725
20210217,4호선,대야미,4270,3911,8181
20210217,4호선,동대문,17910,18409,36319
20210217,4호선,동대문역사문화공원,13496,12352,25848
20210217,4호선,동작,1906,1986,3892
20210217,4호선,명동,15127,15464,30591
20210217,4호선,미아,13354,13206,26560
20210217,4호선,미아사거리,25010,24780,49790
20210217,4호선,반월,3682,3505,7187
20210217,4호선,범계,23539,22968,46507
20210217,4호선,사당,22362,18266,40628
20210217,4호선,산본,14518,15554,30072
20210217,4호선,삼각지,4233,4674,8907
20210217,4호선,상계,17360,16316,33676
20210217,4호선,상록수,14136,14353,28489
20210217,4호선,서울,10128,13700,23828
20210217,4호선,선바위,7766,6703,14469
20210217,4호선,성신여대입구,18004,17566,35570
20210217,4호선,수리산,3759,3053,6812
20210217,4호선,수유,30815,31251,62066
20210217,4호선,숙대입구,11754,11490,23244
20210217,4호선,신길온천,1395,1269,2664
20210217,4호선,신용산,14990,15405,30395
20210217,4호선,쌍문,27185,25418,52603
20210217,4호선,안산,10273,9230,19503
20210217,4호선,오이도,7329,7092,14421
20210217,4호선,이촌,6402,7157,13559
20210217,4호선,인덕원,21939,23093,45032
20210217,4호선,정부과천청사,8970,8841,17811
20210217,4호선,정왕,6436,7016,13452
20210217,4호선,중앙,15164,15845,31009
20210217,4호선,창동,23185,24838,48023
20210217,4호선,초지,3944,4007,7951
20210217,4호선,총신대입구,17382,18770,36152
20210217,4호선,충무로,24626,25036,49662
20210217,4호선,평촌,17072,16972,34044
20210217,4호선,한대앞,7310,7335,14645
20210217,4호선,한성대입구,11832,11802,23634
20210217,4호선,혜화,29466,29120,58586
20210217,4호선,회현,20873,21394,42267
20210218,4호선,경마공원,1190,1173,2363
20210218,4호선,고잔,7718,7352,15070
20210218,4호선,과천,5080,4696,9776
20210218,4호선,길음,18879,18555,37434
20210218,4호선,남태령,1114,1006,2120
20210218,4호선,노원,17545,19570,37115
20210218,4호선,당고개,11136,10318,21454
20210218,4호선,대공원,1582,1672,3254
20210218,4호선,대야미,4395,4002,8397
20210218,4호선,동대문,18242,18973,37215
20210218,4호선,동대문역사문화공원,13505,12467,25972
20210218,4호선,동작,2096,2216,4312
20210218,4호선,명동,15319,15663,30982
20210218,4호선,미아,13455,13255,26710
20210218,4호선,미아사거리,25259,24786,50045
20210218,4호선,반월,3681,3606,7287
20210218,4호선,범계,23751,23047,46798
20210218,4호선,사당,22132,18287,40419
20210218,4호선,산본,14698,15694,30392
20210218,4호선,삼각지,4381,4754,9135
20210218,4호선,상계,17479,16392,33871
20210218,4호선,상록수,14546,14734,29280
20210218,4호선,서울,10132,13865,23997
20210218,4호선,선바위,7662,6753,14415
20210218,4호선,성신여대입구,18013,17509,35522
20210218,4호선,수리산,3820,3015,6835
20210218,4호선,수유,31287,31718,63005
20210218,4호선,숙대입구,11858,11840,23698
20210218,4호선,신길온천,1451,1324,2775
20210218,4호선,신용산,14951,15519,30470
20210218,4호선,쌍문,27578,25540,53118
20210218,4호선,안산,10357,9177,19534
20210218,4호선,오이도,7406,7204,14610
20210218,4호선,이촌,6455,7234,13689
20210218,4호선,인덕원,22145,23271,45416
20210218,4호선,정부과천청사,9097,8902,17999
20210218,4호선,정왕,6587,7043,13630
20210218,4호선,중앙,15307,16090,31397
20210218,4호선,창동,23856,25323,49179
20210218,4호선,초지,4170,4201,8371
20210218,4호선,총신대입구,17429,18896,36325
20210218,4호선,충무로,25082,25577,50659
20210218,4호선,평촌,17288,16926,34214
20210218,4호선,한대앞,7449,7438,14887
20210218,4호선,한성대입구,12082,11912,23994
20210218,4호선,혜화,29212,29218,58430
20210218,4호선,회현,21248,22061,43309
20210219,4호선,경마공원,1222,1256,2478
20210219,4호선,고잔,8153,7850,16003
20210219,4호선,과천,5400,4887,10287
20210219,4호선,길음,19415,18699,38114
20210219,4호선,남태령,1218,1049,2267
20210219,4호선,노원,18661,21011,39672
20210219,4호선,당고개,12001,10976,22977
20210219,4호선,대공원,2117,2171,4288
20210219,4호선,대야미,4723,4153,8876
20210219,4호선,동대문,19301,19996,39297
20210219,4호선,동대문역사문화공원,13944,12925,26869
20210219,4호선,동작,2514,2557,5071
20210219,4호선,명동,16233,16758,32991
20210219,4호선,미아,14244,13921,28165
20210219,4호선,미아사거리,26985,26626,53611
20210219,4호선,반월,4016,3784,7800
20210219,4호선,범계,25370,24993,50363
20210219,4호선,사당,23935,20123,44058
20210219,4호선,산본,15803,16939,32742
20210219,4호선,삼각지,4689,5252,9941
20210219,4호선,상계,18231,16902,35133
20210219,4호선,상록수,15441,15715,31156
20210219,4호선,서울,10297,15304,25601
20210219,4호선,선바위,8180,6965,15145
20210219,4호선,성신여대입구,19299,18803,38102
20210219,4호선,수리산,3881,3055,6936
20210219,4호선,수유,33558,33647,67205
20210219,4호선,숙대입구,12560,12343,24903
20210219,4호선,신길온천,1587,1454,3041
20210219,4호선,신용산,14730,15311,30041
20210219,4호선,쌍문,28659,26262,54921
20210219,4호선,안산,11317,10219,21536
20210219,4호선,오이도,8314,8058,16372
20210219,4호선,이촌,6990,7761,14751
20210219,4호선,인덕원,23623,24089,47712
20210219,4호선,정부과천청사,9359,9365,18724
20210219,4호선,정왕,7614,7905,15519
20210219,4호선,중앙,16977,17886,34863
20210219,4호선,창동,24749,26386,51135
20210219,4호선,초지,4220,4334,8554
20210219,4호선,총신대입구,18566,20357,38923
20210219,4호선,충무로,25279,26253,51532
20210219,4호선,평촌,17468,17248,34716
20210219,4호선,한대앞,8166,8177,16343
20210219,4호선,한성대입구,13190,12922,26112
20210219,4호선,혜화,29759,30045,59804
20210219,4호선,회현,22433,23489,45922
20210222,4호선,경마공원,847,839,1686
20210222,4호선,고잔,8259,7815,16074
20210222,4호선,과천,5246,4886,10132
20210222,4호선,길음,19339,19028,38367
20210222,4호선,남태령,1135,1005,2140
20210222,4호선,노원,18301,20166,38467
20210222,4호선,당고개,11946,10857,22803
20210222,4호선,대공원,2198,2246,4444
20210222,4호선,대야미,4673,4220,8893
20210222,4호선,동대문,19656,20489,40145
20210222,4호선,동대문역사문화공원,13913,12731,26644
20210222,4호선,동작,2289,2528,4817
20210222,4호선,명동,16294,16555,32849
20210222,4호선,미아,14511,14182,28693
20210222,4호선,미아사거리,26193,25851,52044
20210222,4호선,반월,4044,3891,7935
20210222,4호선,범계,24339,23698,48037
20210222,4호선,사당,22559,18851,41410
20210222,4호선,산본,15362,16360,31722
20210222,4호선,삼각지,4345,4808,9153
20210222,4호선,상계,18335,17030,35365
20210222,4호선,상록수,15360,15408,30768
20210222,4호선,서울,10160,13732,23892
20210222,4호선,선바위,8038,6882,14920
20210222,4호선,성신여대입구,18484,18045,36529
20210222,4호선,수리산,3923,3210,7133
20210222,4호선,수유,32877,32571,65448
20210222,4호선,숙대입구,11908,11773,23681
20210222,4호선,신길온천,1599,1397,2996
20210222,4호선,신용산,14527,15272,29799
20210222,4호선,쌍문,28543,26446,54989
20210222,4호선,안산,11441,10375,21816
20210222,4호선,오이도,8043,7838,15881
20210222,4호선,이촌,6338,7168,13506
20210222,4호선,인덕원,22990,23811,46801
20210222,4호선,정부과천청사,9469,9395,18864
20210222,4호선,정왕,7032,7548,14580
20210222,4호선,중앙,16505,16926,33431
20210222,4호선,창동,24552,25828,50380
20210222,4호선,초지,4399,4520,8919
20210222,4호선,총신대입구,18063,19923,37986
20210222,4호선,충무로,25339,26119,51458
20210222,4호선,평촌,17316,17268,34584
20210222,4호선,한대앞,7971,7970,15941
20210222,4호선,한성대입구,12267,12145,24412
20210222,4호선,혜화,28430,28435,56865
20210222,4호선,회현,22959,24024,46983
20210223,4호선,경마공원,926,930,1856
20210223,4호선,고잔,8195,7896,16091
20210223,4호선,과천,5465,5013,10478
20210223,4호선,길음,19323,18984,38307
20210223,4호선,남태령,1130,1018,2148
20210223,4호선,노원,18163,20262,38425
20210223,4호선,당고개,11820,10975,22795
20210223,4호선,대공원,2127,2198,4325
20210223,4호선,대야미,4579,4112,8691
20210223,4호선,동대문,19443,20200,39643
20210223,4호선,동대문역사문화공원,13849,12656,26505
20210223,4호선,동작,2264,2452,4716
20210223,4호선,명동,16144,16679,32823
20210223,4호선,미아,14193,14105,28298
20210223,4호선,미아사거리,26211,25899,52110
20210223,4호선,반월,4025,3898,7923
20210223,4호선,범계,24238,23824,48062
20210223,4호선,사당,23174,19167,42341
20210223,4호선,산본,15286,16326,31612
20210223,4호선,삼각지,4550,4973,9523
20210223,4호선,상계,18396,17106,35502
20210223,4호선,상록수,15083,15158,30241
20210223,4호선,서울,10204,14064,24268
20210223,4호선,선바위,7955,6946,14901
20210223,4호선,성신여대입구,19096,18452,37548
20210223,4호선,수리산,3985,3222,7207
20210223,4호선,수유,32524,32503,65027
20210223,4호선,숙대입구,12036,11870,23906
20210223,4호선,신길온천,1581,1457,3038
20210223,4호선,신용산,14441,15239,29680
20210223,4호선,쌍문,28675,26440,55115
20210223,4호선,안산,11136,9902,21038
20210223,4호선,오이도,7939,7703,15642
20210223,4호선,이촌,6905,7706,14611
20210223,4호선,인덕원,23005,23575,46580
20210223,4호선,정부과천청사,9641,9518,19159
20210223,4호선,정왕,6920,7441,14361
20210223,4호선,중앙,16234,16936,33170
20210223,4호선,창동,24739,26315,51054
20210223,4호선,초지,4419,4534,8953
20210223,4호선,총신대입구,18296,19874,38170
20210223,4호선,충무로,25735,26444,52179
20210223,4호선,평촌,17542,17252,34794
20210223,4호선,한대앞,7958,7917,15875
20210223,4호선,한성대입구,12425,12326,24751
20210223,4호선,혜화,29875,29611,59486
20210223,4호선,회현,22820,23814,46634
20210224,4호선,경마공원,1093,1120,2213
20210224,4호선,고잔,8248,8077,16325
20210224,4호선,과천,5385,5074,10459
20210224,4호선,길음,19545,18909,38454
20210224,4호선,남태령,1148,1092,2240
20210224,4호선,노원,18456,20520,38976
20210224,4호선,당고개,11863,10806,22669
20210224,4호선,대공원,2397,2450,4847
20210224,4호선,대야미,4735,4225,8960
20210224,4호선,동대문,19283,19925,39208
20210224,4호선,동대문역사문화공원,14289,13150,27439
20210224,4호선,동작,2391,2463,4854
20210224,4호선,명동,16210,16745,32955
20210224,4호선,미아,14227,14024,28251
20210224,4호선,미아사거리,26596,26193,52789
20210224,4호선,반월,4152,3987,8139
20210224,4호선,범계,24692,24362,49054
20210224,4호선,사당,23390,19609,42999
20210224,4호선,산본,15494,16624,32118
20210224,4호선,삼각지,4545,5024,9569
20210224,4호선,상계,18523,17310,35833
20210224,4호선,상록수,15278,15441,30719
20210224,4호선,서울,10569,14193,24762
20210224,4호선,선바위,8096,7106,15202
20210224,4호선,성신여대입구,19049,18317,37366
20210224,4호선,수리산,4005,3225,7230
20210224,4호선,수유,32963,32695,65658
20210224,4호선,숙대입구,12119,12017,24136
20210224,4호선,신길온천,1618,1492,3110
20210224,4호선,신용산,14706,15456,30162
20210224,4호선,쌍문,28547,26508,55055
20210224,4호선,안산,11251,9912,21163
20210224,4호선,오이도,8139,7806,15945
20210224,4호선,이촌,7117,7885,15002
20210224,4호선,인덕원,23384,24250,47634
20210224,4호선,정부과천청사,9387,9326,18713
20210224,4호선,정왕,6842,7499,14341
20210224,4호선,중앙,16473,17035,33508
20210224,4호선,창동,25187,26645,51832
20210224,4호선,초지,4451,4596,9047
20210224,4호선,총신대입구,18822,20514,39336
20210224,4호선,충무로,25995,26691,52686
20210224,4호선,평촌,17366,17144,34510
20210224,4호선,한대앞,8027,7937,15964
20210224,4호선,한성대입구,12795,12521,25316
20210224,4호선,혜화,30861,30719,61580
20210224,4호선,회현,22628,23916,46544
20210225,4호선,경마공원,1289,1276,2565
20210225,4호선,고잔,8109,7697,15806
20210225,4호선,과천,5296,5023,10319
20210225,4호선,길음,19477,18919,38396
20210225,4호선,남태령,1157,1119,2276
20210225,4호선,노원,18472,20461,38933
20210225,4호선,당고개,11756,10787,22543
20210225,4호선,대공원,2356,2437,4793
20210225,4호선,대야미,4693,4218,8911
20210225,4호선,동대문,19053,19961,39014
20210225,4호선,동대문역사문화공원,13971,12726,26697
20210225,4호선,동작,2350,2534,4884
20210225,4호선,명동,15877,16387,32264
20210225,4호선,미아,14079,13847,27926
20210225,4호선,미아사거리,26257,25982,52239
20210225,4호선,반월,3989,3909,7898
20210225,4호선,범계,24435,23802,48237
20210225,4호선,사당,23130,19290,42420
20210225,4호선,산본,15452,16443,31895
20210225,4호선,삼각지,4651,5154,9805
20210225,4호선,상계,18372,17084,35456
20210225,4호선,상록수,15411,15508,30919
20210225,4호선,서울,10547,14615,25162
20210225,4호선,선바위,8101,7041,15142
20210225,4호선,성신여대입구,19068,18187,37255
20210225,4호선,수리산,4035,3260,7295
20210225,4호선,수유,32284,32511,64795
20210225,4호선,숙대입구,12150,11959,24109
20210225,4호선,신길온천,1657,1545,3202
20210225,4호선,신용산,14797,15541,30338
20210225,4호선,쌍문,28680,26424,55104
20210225,4호선,안산,11127,9861,20988
20210225,4호선,오이도,7981,7806,15787
20210225,4호선,이촌,6835,7656,14491
20210225,4호선,인덕원,23073,23847,46920
20210225,4호선,정부과천청사,9681,9629,19310
20210225,4호선,정왕,6739,7283,14022
20210225,4호선,중앙,16386,17097,33483
20210225,4호선,창동,24896,26328,51224
20210225,4호선,초지,4313,4403,8716
20210225,4호선,총신대입구,18633,20260,38893
20210225,4호선,충무로,25583,26524,52107
20210225,4호선,평촌,17765,17358,35123
20210225,4호선,한대앞,7923,7920,15843
20210225,4호선,한성대입구,12596,12301,24897
20210225,4호선,혜화,30312,30231,60543
20210225,4호선,회현,22038,23036,45074
20210226,4호선,경마공원,1257,1259,2516
20210226,4호선,고잔,8475,8175,16650
20210226,4호선,과천,5548,5103,10651
20210226,4호선,길음,19874,19092,38966
20210226,4호선,남태령,1248,1025,2273
20210226,4호선,노원,19378,21742,41120
20210226,4호선,당고개,12513,11305,23818
20210226,4호선,대공원,2872,2978,5850
20210226,4호선,대야미,5018,4420,9438
20210226,4호선,동대문,19811,20463,40274
20210226,4호선,동대문역사문화공원,14457,13466,27923
20210226,4호선,동작,2692,2728,5420
20210226,4호선,명동,16701,17565,34266
20210226,4호선,미아,14596,14104,28700
20210226,4호선,미아사거리,27436,26912,54348
20210226,4호선,반월,4200,4033,8233
20210226,4호선,범계,25684,25496,51180
20210226,4호선,사당,24444,20391,44835
20210226,4호선,산본,15892,17330,33222
20210226,4호선,삼각지,4775,5469,10244
20210226,4호선,상계,18821,17446,36267
20210226,4호선,상록수,15925,15912,31837
20210226,4호선,서울,10523,16820,27343
20210226,4호선,선바위,8403,7205,15608
20210226,4호선,성신여대입구,20383,19535,39918
20210226,4호선,수리산,4160,3249,7409
20210226,4호선,수유,34117,34046,68163
20210226,4호선,숙대입구,12620,12421,25041
20210226,4호선,신길온천,1631,1601,3232
20210226,4호선,신용산,15496,16421,31917
20210226,4호선,쌍문,29384,27071,56455
20210226,4호선,안산,11722,10646,22368
20210226,4호선,오이도,8841,8760,17601
20210226,4호선,이촌,7064,7872,14936
20210226,4호선,인덕원,23892,24198,48090
20210226,4호선,정부과천청사,9885,9720,19605
20210226,4호선,정왕,7326,7727,15053
20210226,4호선,중앙,17485,18582,36067
20210226,4호선,창동,25932,27607,53539
20210226,4호선,초지,4475,4438,8913
20210226,4호선,총신대입구,19235,21225,40460
20210226,4호선,충무로,25680,26495,52175
20210226,4호선,평촌,17699,17381,35080
20210226,4호선,한대앞,8410,8284,16694
20210226,4호선,한성대입구,13420,12918,26338
20210226,4호선,혜화,31331,31597,62928
20210226,4호선,회현,23351,24361,47712
20210301,4호선,경마공원,317,338,655
20210301,4호선,고잔,2941,2818,5759
20210301,4호선,과천,2227,2210,4437
20210301,4호선,길음,7836,7693,15529
20210301,4호선,남태령,385,332,717
20210301,4호선,노원,9484,9960,19444
20210301,4호선,당고개,5495,5269,10764
20210301,4호선,대공원,748,750,1498
20210301,4호선,대야미,1876,1740,3616
20210301,4호선,동대문,11894,12531,24425
20210301,4호선,동대문역사문화공원,7392,6792,14184
20210301,4호선,동작,719,787,1506
20210301,4호선,명동,5929,5684,11613
20210301,4호선,미아,6408,6410,12818
20210301,4호선,미아사거리,12848,12499,25347
20210301,4호선,반월,1726,1722,3448
20210301,4호선,범계,10599,10247,20846
20210301,4호선,사당,9852,9413,19265
20210301,4호선,산본,6287,6837,13124
20210301,4호선,삼각지,1470,1820,3290
20210301,4호선,상계,8144,7681,15825
20210301,4호선,상록수,6785,6862,13647
20210301,4호선,서울,2881,6115,8996
20210301,4호선,선바위,2426,2369,4795
20210301,4호선,성신여대입구,10070,9697,19767
20210301,4호선,수리산,1426,1198,2624
20210301,4호선,수유,15885,15648,31533
20210301,4호선,숙대입구,4607,4461,9068
20210301,4호선,신길온천,721,675,1396
20210301,4호선,신용산,5734,5730,11464
20210301,4호선,쌍문,13035,12140,25175
20210301,4호선,안산,5663,5246,10909
20210301,4호선,오이도,3695,3567,7262
20210301,4호선,이촌,3129,3490,6619
20210301,4호선,인덕원,7772,8104,15876
20210301,4호선,정부과천청사,2741,2804,5545
20210301,4호선,정왕,3296,3780,7076
20210301,4호선,중앙,7969,7719,15688
20210301,4호선,창동,10966,12005,22971
20210301,4호선,초지,1632,1645,3277
20210301,4호선,총신대입구,7351,8169,15520
20210301,4호선,충무로,6390,6636,13026
20210301,4호선,평촌,4732,4691,9423
20210301,4호선,한대앞,3635,3597,7232
20210301,4호선,한성대입구,5769,5760,11529
20210301,4호선,혜화,13783,14066,27849
20210301,4호선,회현,10781,10636,21417
20210302,4호선,경마공원,936,910,1846
20210302,4호선,고잔,8427,8040,16467
20210302,4호선,과천,5266,4883,10149
20210302,4호선,길음,19575,19375,38950
20210302,4호선,남태령,1162,1077,2239
20210302,4호선,노원,18532,20212,38744
20210302,4호선,당고개,12105,10936,23041
20210302,4호선,대공원,1683,1802,3485
20210302,4호선,대야미,4670,4227,8897
20210302,4호선,동대문,19218,19853,39071
20210302,4호선,동대문역사문화공원,13747,12784,26531
20210302,4호선,동작,2288,2512,4800
20210302,4호선,명동,16381,16727,33108
20210302,4호선,미아,15289,15027,30316
20210302,4호선,미아사거리,27105,26541,53646
20210302,4호선,반월,4130,3994,8124
20210302,4호선,범계,24302,23862,48164
20210302,4호선,사당,22907,19204,42111
20210302,4호선,산본,15412,16460,31872
20210302,4호선,삼각지,4551,4898,9449
20210302,4호선,상계,18907,17636,36543
20210302,4호선,상록수,15581,15551,31132
20210302,4호선,서울,10400,13269,23669
20210302,4호선,선바위,8153,6872,15025
20210302,4호선,성신여대입구,19409,18628,38037
20210302,4호선,수리산,4127,3380,7507
20210302,4호선,수유,33108,33246,66354
20210302,4호선,숙대입구,12626,12347,24973
20210302,4호선,신길온천,1603,1477,3080
20210302,4호선,신용산,14961,15894,30855
20210302,4호선,쌍문,29237,27223,56460
20210302,4호선,안산,11632,10521,22153
20210302,4호선,오이도,7880,7717,15597
20210302,4호선,이촌,6766,7476,14242
20210302,4호선,인덕원,23001,23700,46701
20210302,4호선,정부과천청사,9633,9585,19218
20210302,4호선,정왕,8487,9008,17495
20210302,4호선,중앙,16690,17086,33776
20210302,4호선,창동,25629,27207,52836
20210302,4호선,초지,5197,5594,10791
20210302,4호선,총신대입구,18801,20461,39262
20210302,4호선,충무로,25499,26104,51603
20210302,4호선,평촌,17297,17101,34398
20210302,4호선,한대앞,8248,8312,16560
20210302,4호선,한성대입구,12993,12693,25686
20210302,4호선,혜화,28496,28482,56978
20210302,4호선,회현,22874,23949,46823
20210303,4호선,경마공원,1115,1161,2276
20210303,4호선,고잔,8628,8339,16967
20210303,4호선,과천,5485,4995,10480
20210303,4호선,길음,20013,19843,39856
20210303,4호선,남태령,1201,1148,2349
20210303,4호선,노원,18396,20546,38942
20210303,4호선,당고개,12283,11289,23572
20210303,4호선,대공원,2151,2238,4389
20210303,4호선,대야미,4898,4439,9337
20210303,4호선,동대문,19807,20462,40269
20210303,4호선,동대문역사문화공원,14283,13322,27605
20210303,4호선,동작,2536,2647,5183
20210303,4호선,명동,16876,17169,34045
20210303,4호선,미아,15011,14813,29824
20210303,4호선,미아사거리,27274,26756,54030
20210303,4호선,반월,4141,4001,8142
20210303,4호선,범계,25122,24886,50008
20210303,4호선,사당,23531,19767,43298
20210303,4호선,산본,15761,16984,32745
20210303,4호선,삼각지,4684,5193,9877
20210303,4호선,상계,18959,17568,36527
20210303,4호선,상록수,15573,15787,31360
20210303,4호선,서울,10351,13633,23984
20210303,4호선,선바위,8378,6935,15313
20210303,4호선,성신여대입구,19376,18358,37734
20210303,4호선,수리산,4263,3450,7713
20210303,4호선,수유,33581,33552,67133
20210303,4호선,숙대입구,12855,12675,25530
20210303,4호선,신길온천,1611,1510,3121
20210303,4호선,신용산,15203,15958,31161
20210303,4호선,쌍문,29578,27359,56937
20210303,4호선,안산,11303,10288,21591
20210303,4호선,오이도,8058,7904,15962
20210303,4호선,이촌,7110,7857,14967
20210303,4호선,인덕원,23737,24334,48071
20210303,4호선,정부과천청사,9763,9757,19520
20210303,4호선,정왕,8269,8738,17007
20210303,4호선,중앙,16759,17241,34000
20210303,4호선,창동,25835,27368,53203
20210303,4호선,초지,5261,5722,10983
20210303,4호선,총신대입구,19085,20562,39647
20210303,4호선,충무로,26088,26600,52688
20210303,4호선,평촌,17932,17625,35557
20210303,4호선,한대앞,8374,8420,16794
20210303,4호선,한성대입구,13038,12860,25898
20210303,4호선,혜화,30167,29959,60126
20210303,4호선,회현,23815,24854,48669
20210304,4호선,경마공원,1222,1226,2448
20210304,4호선,고잔,8522,8178,16700
20210304,4호선,과천,5409,5027,10436
20210304,4호선,길음,19803,19580,39383
20210304,4호선,남태령,1171,1112,2283
20210304,4호선,노원,18085,20242,38327
20210304,4호선,당고개,12116,11191,23307
20210304,4호선,대공원,2042,2161,4203
20210304,4호선,대야미,4910,4431,9341
20210304,4호선,동대문,19643,20248,39891
20210304,4호선,동대문역사문화공원,14206,13154,27360
20210304,4호선,동작,2483,2652,5135
20210304,4호선,명동,16106,16690,32796
20210304,4호선,미아,15055,14679,29734
20210304,4호선,미아사거리,27067,26479,53546
20210304,4호선,반월,4222,4128,8350
20210304,4호선,범계,24767,24425,49192
20210304,4호선,사당,23411,19503,42914
20210304,4호선,산본,15724,16799,32523
20210304,4호선,삼각지,4798,5257,10055
20210304,4호선,상계,18744,17426,36170
20210304,4호선,상록수,15830,15852,31682
20210304,4호선,서울,10537,13869,24406
20210304,4호선,선바위,8398,7312,15710
20210304,4호선,성신여대입구,19435,18459,37894
20210304,4호선,수리산,4176,3366,7542
20210304,4호선,수유,33176,33006,66182
20210304,4호선,숙대입구,12882,12596,25478
20210304,4호선,신길온천,1599,1559,3158
20210304,4호선,신용산,15365,16263,31628
20210304,4호선,쌍문,29087,26870,55957
20210304,4호선,안산,11427,10281,21708
20210304,4호선,오이도,7965,7692,15657
20210304,4호선,이촌,6817,7697,14514
20210304,4호선,인덕원,23442,24213,47655
20210304,4호선,정부과천청사,9961,9750,19711
20210304,4호선,정왕,8527,8898,17425
20210304,4호선,중앙,16783,17338,34121
20210304,4호선,창동,25755,27320,53075
20210304,4호선,초지,5186,5587,10773
20210304,4호선,총신대입구,18758,20271,39029
20210304,4호선,충무로,26099,26643,52742
20210304,4호선,평촌,17845,17596,35441
20210304,4호선,한대앞,8424,8495,16919
20210304,4호선,한성대입구,13036,12686,25722
20210304,4호선,혜화,29949,29635,59584
20210304,4호선,회현,23323,24616,47939
20210305,4호선,경마공원,1248,1256,2504
20210305,4호선,고잔,8845,8612,17457
20210305,4호선,과천,5691,5157,10848
20210305,4호선,길음,20975,20112,41087
20210305,4호선,남태령,1327,1185,2512
20210305,4호선,노원,19661,22347,42008
20210305,4호선,당고개,12621,11584,24205
20210305,4호선,대공원,2554,2663,5217
20210305,4호선,대야미,5205,4537,9742
20210305,4호선,동대문,20674,21254,41928
20210305,4호선,동대문역사문화공원,15053,13987,29040
20210305,4호선,동작,2834,2923,5757
20210305,4호선,명동,17283,17847,35130
20210305,4호선,미아,15444,14935,30379
20210305,4호선,미아사거리,28197,27529,55726
20210305,4호선,반월,4436,4131,8567
20210305,4호선,범계,26214,26132,52346
20210305,4호선,사당,25412,21391,46803
20210305,4호선,산본,16147,17751,33898
20210305,4호선,삼각지,5010,5541,10551
20210305,4호선,상계,19355,17899,37254
20210305,4호선,상록수,16368,16418,32786
20210305,4호선,서울,10880,15527,26407
20210305,4호선,선바위,8742,7467,16209
20210305,4호선,성신여대입구,20816,20015,40831
20210305,4호선,수리산,4339,3444,7783
20210305,4호선,수유,34592,34956,69548
20210305,4호선,숙대입구,13589,13402,26991
20210305,4호선,신길온천,1682,1579,3261
20210305,4호선,신용산,16200,17210,33410
20210305,4호선,쌍문,30174,27788,57962
20210305,4호선,안산,11925,10652,22577
20210305,4호선,오이도,8558,8562,17120
20210305,4호선,이촌,7273,8204,15477
20210305,4호선,인덕원,24471,25074,49545
20210305,4호선,정부과천청사,10329,10106,20435
20210305,4호선,정왕,9123,8908,18031
20210305,4호선,중앙,18027,19198,37225
20210305,4호선,창동,26426,28218,54644
20210305,4호선,초지,5125,5425,10550
20210305,4호선,총신대입구,19614,21463,41077
20210305,4호선,충무로,26668,27543,54211
20210305,4호선,평촌,18334,18032,36366
20210305,4호선,한대앞,9107,9058,18165
20210305,4호선,한성대입구,13950,13340,27290
20210305,4호선,혜화,32495,32106,64601
20210305,4호선,회현,24228,25749,49977
20210308,4호선,경마공원,880,863,1743
20210308,4호선,고잔,8793,8300,17093
20210308,4호선,과천,5266,4866,10132
20210308,4호선,길음,19795,19704,39499
20210308,4호선,남태령,1194,1136,2330
20210308,4호선,노원,17657,19665,37322
20210308,4호선,당고개,12369,11105,23474
20210308,4호선,대공원,2078,2190,4268
20210308,4호선,대야미,4896,4426,9322
20210308,4호선,동대문,20387,21062,41449
20210308,4호선,동대문역사문화공원,14015,13084,27099
20210308,4호선,동작,2482,2715,5197
20210308,4호선,명동,16851,16970,33821
20210308,4호선,미아,14969,14632,29601
20210308,4호선,미아사거리,26569,25910,52479
20210308,4호선,반월,4185,4074,8259
20210308,4호선,범계,24170,23706,47876
20210308,4호선,사당,22773,19273,42046
20210308,4호선,산본,15643,16713,32356
20210308,4호선,삼각지,4581,4912,9493
20210308,4호선,상계,18870,17460,36330
20210308,4호선,상록수,16003,16018,32021
20210308,4호선,서울,10500,13693,24193
20210308,4호선,선바위,8237,7062,15299
20210308,4호선,성신여대입구,19150,18339,37489
20210308,4호선,수리산,4210,3390,7600
20210308,4호선,수유,33013,32892,65905
20210308,4호선,숙대입구,12519,12332,24851
20210308,4호선,신길온천,1724,1532,3256
20210308,4호선,신용산,15022,16167,31189
20210308,4호선,쌍문,28727,26587,55314
20210308,4호선,안산,11789,10623,22412
20210308,4호선,오이도,8416,8131,16547
20210308,4호선,이촌,6777,7722,14499
20210308,4호선,인덕원,23454,24143,47597
20210308,4호선,정부과천청사,10011,9887,19898
20210308,4호선,정왕,9741,10426,20167
20210308,4호선,중앙,16882,17455,34337
20210308,4호선,창동,25252,26607,51859
20210308,4호선,초지,5169,5474,10643
20210308,4호선,총신대입구,18534,20124,38658
20210308,4호선,충무로,25848,26570,52418
20210308,4호선,평촌,18012,17753,35765
20210308,4호선,한대앞,8502,8546,17048
20210308,4호선,한성대입구,13020,12872,25892
20210308,4호선,혜화,28453,28588,57041
20210308,4호선,회현,21548,23065,44613
20210309,4호선,경마공원,907,905,1812
20210309,4호선,고잔,8485,8292,16777
20210309,4호선,과천,5488,5093,10581
20210309,4호선,길음,20298,19979,40277
20210309,4호선,남태령,1246,1166,2412
20210309,4호선,노원,18335,20401,38736
20210309,4호선,당고개,12459,11515,23974
20210309,4호선,대공원,2360,2454,4814
20210309,4호선,대야미,4991,4408,9399
20210309,4호선,동대문,20447,21223,41670
20210309,4호선,동대문역사문화공원,14082,12997,27079
20210309,4호선,동작,2582,2713,5295
20210309,4호선,명동,16147,16685,32832
20210309,4호선,미아,15235,14901,30136
20210309,4호선,미아사거리,27477,26960,54437
20210309,4호선,반월,4247,4075,8322
20210309,4호선,범계,25284,24791,50075
20210309,4호선,사당,23923,19872,43795
20210309,4호선,산본,15730,16928,32658
20210309,4호선,삼각지,4755,5213,9968
20210309,4호선,상계,18934,17548,36482
20210309,4호선,상록수,16375,16569,32944
20210309,4호선,서울,10554,13924,24478
20210309,4호선,선바위,8456,7342,15798
20210309,4호선,성신여대입구,19502,18661,38163
20210309,4호선,수리산,4281,3566,7847
20210309,4호선,수유,33144,33407,66551
20210309,4호선,숙대입구,12960,12786,25746
20210309,4호선,신길온천,1661,1596,3257
20210309,4호선,신용산,15192,16104,31296
20210309,4호선,쌍문,29536,27267,56803
20210309,4호선,안산,11559,10371,21930
20210309,4호선,오이도,8406,8063,16469
20210309,4호선,이촌,7054,7893,14947
20210309,4호선,인덕원,23647,24352,47999
20210309,4호선,정부과천청사,10003,9776,19779
20210309,4호선,정왕,9723,10152,19875
20210309,4호선,중앙,17031,17648,34679
20210309,4호선,창동,25956,27568,53524
20210309,4호선,초지,5453,5857,11310
20210309,4호선,총신대입구,18808,20413,39221
20210309,4호선,충무로,26409,26977,53386
20210309,4호선,평촌,17947,17758,35705
20210309,4호선,한대앞,8549,8690,17239
20210309,4호선,한성대입구,13880,13534,27414
20210309,4호선,혜화,29667,29557,59224
20210309,4호선,회현,24503,25835,50338
20210310,4호선,경마공원,1164,1128,2292
20210310,4호선,고잔,8841,8487,17328
20210310,4호선,과천,5513,5131,10644
20210310,4호선,길음,20572,20027,40599
20210310,4호선,남태령,1229,1140,2369
20210310,4호선,노원,18866,20908,39774
20210310,4호선,당고개,12746,11614,24360
20210310,4호선,대공원,2504,2701,5205
20210310,4호선,대야미,4988,4561,9549
20210310,4호선,동대문,20397,21147,41544
20210310,4호선,동대문역사문화공원,14315,13282,27597
20210310,4호선,동작,2649,2761,5410
20210310,4호선,명동,16603,17052,33655
20210310,4호선,미아,15309,15003,30312
20210310,4호선,미아사거리,27803,27095,54898
20210310,4호선,반월,4273,4117,8390
20210310,4호선,범계,25321,25226,50547
20210310,4호선,사당,23991,20279,44270
20210310,4호선,산본,15943,17201,33144
20210310,4호선,삼각지,4757,5270,10027
20210310,4호선,상계,19132,17953,37085
20210310,4호선,상록수,16554,16544,33098
20210310,4호선,서울,10612,13907,24519
20210310,4호선,선바위,8496,7379,15875
20210310,4호선,성신여대입구,19787,19000,38787
20210310,4호선,수리산,4237,3517,7754
20210310,4호선,수유,33670,33724,67394
20210310,4호선,숙대입구,13068,12878,25946
20210310,4호선,신길온천,1697,1578,3275
20210310,4호선,신용산,15324,16298,31622
20210310,4호선,쌍문,29566,27182,56748
20210310,4호선,안산,11781,10426,22207
20210310,4호선,오이도,8439,8274,16713
20210310,4호선,이촌,7147,8091,15238
20210310,4호선,인덕원,23686,24372,48058
20210310,4호선,정부과천청사,10060,9914,19974
20210310,4호선,정왕,9525,9903,19428
20210310,4호선,중앙,17119,18072,35191
20210310,4호선,창동,26203,27699,53902
20210310,4호선,초지,5471,5880,11351
20210310,4호선,총신대입구,19384,21074,40458
20210310,4호선,충무로,26498,27143,53641
20210310,4호선,평촌,18039,17619,35658
20210310,4호선,한대앞,8622,8790,17412
20210310,4호선,한성대입구,13850,13376,27226
20210310,4호선,혜화,31011,31134,62145
20210310,4호선,회현,24595,25924,50519
20210311,4호선,경마공원,1237,1253,2490
20210311,4호선,고잔,8649,8288,16937
20210311,4호선,과천,5578,5059,10637
20210311,4호선,길음,20007,19572,39579
20210311,4호선,남태령,1172,1132,2304
20210311,4호선,노원,18504,20498,39002
20210311,4호선,당고개,12496,11289,23785
20210311,4호선,대공원,2266,2317,4583
20210311,4호선,대야미,4931,4333,9264
20210311,4호선,동대문,20273,20839,41112
20210311,4호선,동대문역사문화공원,14419,13332,27751
20210311,4호선,동작,2609,2741,5350
20210311,4호선,명동,16046,16572,32618
20210311,4호선,미아,15201,14818,30019
20210311,4호선,미아사거리,27177,26523,53700
20210311,4호선,반월,4235,4058,8293
20210311,4호선,범계,25151,24587,49738
20210311,4호선,사당,23979,20313,44292
20210311,4호선,산본,15668,16742,32410
20210311,4호선,삼각지,4713,5164,9877
20210311,4호선,상계,18726,17525,36251
20210311,4호선,상록수,16055,16307,32362
20210311,4호선,서울,10511,14137,24648
20210311,4호선,선바위,8471,7519,15990
20210311,4호선,성신여대입구,19717,18909,38626
20210311,4호선,수리산,4189,3398,7587
20210311,4호선,수유,33227,33073,66300
20210311,4호선,숙대입구,13053,12736,25789
20210311,4호선,신길온천,1686,1560,3246
20210311,4호선,신용산,15495,16517,32012
20210311,4호선,쌍문,29121,26900,56021
20210311,4호선,안산,11512,10298,21810
20210311,4호선,오이도,8455,8218,16673
20210311,4호선,이촌,7020,7762,14782
20210311,4호선,인덕원,23863,24516,48379
20210311,4호선,정부과천청사,10059,9936,19995
20210311,4호선,정왕,9648,9924,19572
20210311,4호선,중앙,17272,17869,35141
20210311,4호선,창동,25624,27238,52862
20210311,4호선,초지,5377,5707,11084
20210311,4호선,총신대입구,18809,20499,39308
20210311,4호선,충무로,26529,27344,53873
20210311,4호선,평촌,18226,18053,36279
20210311,4호선,한대앞,8552,8810,17362
20210311,4호선,한성대입구,13635,13298,26933
20210311,4호선,혜화,30292,30248,60540
20210311,4호선,회현,23679,25093,48772
20210312,4호선,경마공원,1240,1187,2427
20210312,4호선,고잔,8763,8448,17211
20210312,4호선,과천,5597,5079,10676
20210312,4호선,길음,20622,19720,40342
20210312,4호선,남태령,1362,1095,2457
20210312,4호선,노원,19439,21782,41221
20210312,4호선,당고개,12613,11576,24189
20210312,4호선,대공원,1964,2034,3998
20210312,4호선,대야미,4976,4346,9322
20210312,4호선,동대문,20139,21012,41151
20210312,4호선,동대문역사문화공원,14709,13627,28336
20210312,4호선,동작,2483,2702,5185
20210312,4호선,명동,16543,17154,33697
20210312,4호선,미아,15478,14863,30341
20210312,4호선,미아사거리,28004,27728,55732
20210312,4호선,반월,4358,4042,8400
20210312,4호선,범계,26367,26222,52589
20210312,4호선,사당,25410,21386,46796
20210312,4호선,산본,16168,17520,33688
20210312,4호선,삼각지,4993,5594,10587
20210312,4호선,상계,19034,17810,36844
20210312,4호선,상록수,15961,16063,32024
20210312,4호선,서울,10914,16167,27081
20210312,4호선,선바위,8572,7517,16089
20210312,4호선,성신여대입구,20343,19646,39989
20210312,4호선,수리산,4132,3154,7286
20210312,4호선,수유,34459,34240,68699
20210312,4호선,숙대입구,13260,13203,26463
20210312,4호선,신길온천,1733,1609,3342
20210312,4호선,신용산,15260,15896,31156
20210312,4호선,쌍문,29767,27188,56955
20210312,4호선,안산,11695,10532,22227
20210312,4호선,오이도,8504,8585,17089
20210312,4호선,이촌,7259,8127,15386
20210312,4호선,인덕원,24245,24768,49013
20210312,4호선,정부과천청사,10267,10018,20285
20210312,4호선,정왕,9612,9332,18944
20210312,4호선,중앙,17930,19240,37170
20210312,4호선,창동,26354,28211,54565
20210312,4호선,초지,5054,5186,10240
20210312,4호선,총신대입구,19450,21468,40918
20210312,4호선,충무로,26698,27419,54117
20210312,4호선,평촌,18279,18135,36414
20210312,4호선,한대앞,9203,9082,18285
20210312,4호선,한성대입구,14122,13573,27695
20210312,4호선,혜화,31731,31207,62938
20210312,4호선,회현,23527,24776,48303
20210315,4호선,경마공원,903,862,1765
20210315,4호선,고잔,8746,8371,17117
20210315,4호선,과천,5292,4944,10236
20210315,4호선,길음,19673,19492,39165
20210315,4호선,남태령,1201,1080,2281
20210315,4호선,노원,18079,20120,38199
20210315,4호선,당고개,12456,11432,23888
20210315,4호선,대공원,1915,2065,3980
20210315,4호선,대야미,4887,4382,9269
20210315,4호선,동대문,20641,21068,41709
20210315,4호선,동대문역사문화공원,14146,13120,27266
20210315,4호선,동작,2531,2732,5263
20210315,4호선,명동,16129,16638,32767
20210315,4호선,미아,15251,15092,30343
20210315,4호선,미아사거리,26801,25901,52702
20210315,4호선,반월,4288,4085,8373
20210315,4호선,범계,24390,24150,48540
20210315,4호선,사당,22944,19324,42268
20210315,4호선,산본,15656,16773,32429
20210315,4호선,삼각지,4584,5030,9614
20210315,4호선,상계,18845,17432,36277
20210315,4호선,상록수,16308,16327,32635
20210315,4호선,서울,10650,13987,24637
20210315,4호선,선바위,8367,7110,15477
20210315,4호선,성신여대입구,19083,18283,37366
20210315,4호선,수리산,4210,3499,7709
20210315,4호선,수유,32849,32832,65681
20210315,4호선,숙대입구,12836,12740,25576
20210315,4호선,신길온천,1683,1514,3197
20210315,4호선,신용산,15009,15890,30899
20210315,4호선,쌍문,28950,26640,55590
20210315,4호선,안산,11866,10694,22560
20210315,4호선,오이도,8403,7961,16364
20210315,4호선,이촌,6744,7468,14212
20210315,4호선,인덕원,23280,24009,47289
20210315,4호선,정부과천청사,9888,9721,19609
20210315,4호선,정왕,9591,10298,19889
20210315,4호선,중앙,17137,17907,35044
20210315,4호선,창동,25046,26755,51801
20210315,4호선,초지,5309,5661,10970
20210315,4호선,총신대입구,18419,20097,38516
20210315,4호선,충무로,25622,26713,52335
20210315,4호선,평촌,17884,17651,35535
20210315,4호선,한대앞,8568,8608,17176
20210315,4호선,한성대입구,13214,12905,26119
20210315,4호선,혜화,28419,28377,56796
20210315,4호선,회현,23575,24759,48334
20210316,4호선,경마공원,995,980,1975
20210316,4호선,고잔,8583,8326,16909
20210316,4호선,과천,5411,5001,10412
20210316,4호선,길음,20284,19919,40203
20210316,4호선,남태령,1203,1098,2301
20210316,4호선,노원,18397,20650,39047
20210316,4호선,당고개,12544,11520,24064
20210316,4호선,대공원,2177,2322,4499
20210316,4호선,대야미,4965,4447,9412
20210316,4호선,동대문,20445,20801,41246
20210316,4호선,동대문역사문화공원,14269,13084,27353
20210316,4호선,동작,2466,2643,5109
20210316,4호선,명동,16426,16949,33375
20210316,4호선,미아,15418,15240,30658
20210316,4호선,미아사거리,27190,26726,53916
20210316,4호선,반월,4379,4181,8560
20210316,4호선,범계,25222,24659,49881
20210316,4호선,사당,23562,19873,43435
20210316,4호선,산본,15782,16895,32677
20210316,4호선,삼각지,4797,5326,10123
20210316,4호선,상계,18901,17687,36588
20210316,4호선,상록수,16177,16526,32703
20210316,4호선,서울,10721,13976,24697
20210316,4호선,선바위,8510,7411,15921
20210316,4호선,성신여대입구,19359,18654,38013
20210316,4호선,수리산,4236,3427,7663
20210316,4호선,수유,33151,33071,66222
20210316,4호선,숙대입구,13040,12697,25737
20210316,4호선,신길온천,1643,1569,3212
20210316,4호선,신용산,15178,16254,31432
20210316,4호선,쌍문,29217,27131,56348
20210316,4호선,안산,11705,10415,22120
20210316,4호선,오이도,8338,8073,16411
20210316,4호선,이촌,6855,7717,14572
20210316,4호선,인덕원,23839,24370,48209
20210316,4호선,정부과천청사,10064,9857,19921
20210316,4호선,정왕,9722,10076,19798
20210316,4호선,중앙,17386,17781,35167
20210316,4호선,창동,25378,26816,52194
20210316,4호선,초지,5326,5783,11109
20210316,4호선,총신대입구,18695,20422,39117
20210316,4호선,충무로,26412,26857,53269
20210316,4호선,평촌,18087,17748,35835
20210316,4호선,한대앞,8752,8806,17558
20210316,4호선,한성대입구,13526,13355,26881
20210316,4호선,혜화,30679,30553,61232
20210316,4호선,회현,23858,25029,48887
20210317,4호선,경마공원,1129,1128,2257
20210317,4호선,고잔,8663,8350,17013
20210317,4호선,과천,5542,5112,10654
20210317,4호선,길음,20437,20053,40490
20210317,4호선,남태령,1263,1194,2457
20210317,4호선,노원,18786,20876,39662
20210317,4호선,당고개,12714,11655,24369
20210317,4호선,대공원,2519,2665,5184
20210317,4호선,대야미,5035,4527,9562
20210317,4호선,동대문,20506,20903,41409
20210317,4호선,동대문역사문화공원,14445,13426,27871
20210317,4호선,동작,2656,2790,5446
20210317,4호선,명동,16674,17241,33915
20210317,4호선,미아,15490,15235,30725
20210317,4호선,미아사거리,27830,27259,55089
20210317,4호선,반월,4396,4243,8639
20210317,4호선,범계,25503,25333,50836
20210317,4호선,사당,24105,20353,44458
20210317,4호선,산본,16043,17157,33200
20210317,4호선,삼각지,4880,5482,10362
20210317,4호선,상계,19164,17736,36900
20210317,4호선,상록수,16150,16207,32357
20210317,4호선,서울,10973,14322,25295
20210317,4호선,선바위,8786,7554,16340
20210317,4호선,성신여대입구,19791,19055,38846
20210317,4호선,수리산,4298,3528,7826
20210317,4호선,수유,34089,33883,67972
20210317,4호선,숙대입구,13256,13125,26381
20210317,4호선,신길온천,1700,1627,3327
20210317,4호선,신용산,15568,16344,31912
20210317,4호선,쌍문,29780,27301,57081
20210317,4호선,안산,11712,10441,22153
20210317,4호선,오이도,8646,8406,17052
20210317,4호선,이촌,7051,7893,14944
20210317,4호선,인덕원,24025,24727,48752
20210317,4호선,정부과천청사,10126,9980,20106
20210317,4호선,정왕,9584,9983,19567
20210317,4호선,중앙,17462,18150,35612
20210317,4호선,창동,25884,27547,53431
20210317,4호선,초지,5380,5813,11193
20210317,4호선,총신대입구,19467,20992,40459
20210317,4호선,충무로,26716,27433,54149
20210317,4호선,평촌,18181,17914,36095
20210317,4호선,한대앞,8914,8994,17908
20210317,4호선,한성대입구,14015,13505,27520
20210317,4호선,혜화,31470,31603,63073
20210317,4호선,회현,24227,25520,49747
20210318,4호선,경마공원,1350,1285,2635
20210318,4호선,고잔,8794,8505,17299
20210318,4호선,과천,5598,5112,10710
20210318,4호선,길음,20560,19992,40552
20210318,4호선,남태령,1270,1120,2390
20210318,4호선,노원,18638,20827,39465
20210318,4호선,당고개,12742,11756,24498
20210318,4호선,대공원,2583,2729,5312
20210318,4호선,대야미,5045,4517,9562
20210318,4호선,동대문,20624,21064,41688
20210318,4호선,동대문역사문화공원,14504,13568,28072
20210318,4호선,동작,2690,2800,5490
20210318,4호선,명동,16399,17070,33469
20210318,4호선,미아,15394,15213,30607
20210318,4호선,미아사거리,27762,26953,54715
20210318,4호선,반월,4400,4245,8645
20210318,4호선,범계,25044,24726,49770
20210318,4호선,사당,24281,20608,44889
20210318,4호선,산본,15777,16913,32690
20210318,4호선,삼각지,5002,5419,10421
20210318,4호선,상계,19001,17723,36724
20210318,4호선,상록수,16376,16315,32691
20210318,4호선,서울,10688,14523,25211
20210318,4호선,선바위,8614,7633,16247
20210318,4호선,성신여대입구,19719,18914,38633
20210318,4호선,수리산,4279,3456,7735
20210318,4호선,수유,33688,33417,67105
20210318,4호선,숙대입구,13112,13065,26177
20210318,4호선,신길온천,1721,1609,3330
20210318,4호선,신용산,15650,16472,32122
20210318,4호선,쌍문,29516,27127,56643
20210318,4호선,안산,11588,10247,21835
20210318,4호선,오이도,8543,8357,16900
20210318,4호선,이촌,6914,7838,14752
20210318,4호선,인덕원,24127,24626,48753
20210318,4호선,정부과천청사,9989,9878,19867
20210318,4호선,정왕,9727,9998,19725
20210318,4호선,중앙,17575,18241,35816
20210318,4호선,창동,25772,27406,53178
20210318,4호선,초지,5251,5682,10933
20210318,4호선,총신대입구,18916,20524,39440
20210318,4호선,충무로,26393,27057,53450
20210318,4호선,평촌,18213,17887,36100
20210318,4호선,한대앞,8749,8821,17570
20210318,4호선,한성대입구,13641,13278,26919
20210318,4호선,혜화,31288,31442,62730
20210318,4호선,회현,24088,25441,49529
20210319,4호선,경마공원,1278,1285,2563
20210319,4호선,고잔,9127,8845,17972
20210319,4호선,과천,5684,5161,10845
20210319,4호선,길음,21272,20173,41445
20210319,4호선,남태령,1323,1091,2414
20210319,4호선,노원,19936,22487,42423
20210319,4호선,당고개,13051,11763,24814
20210319,4호선,대공원,2972,3088,6060
20210319,4호선,대야미,5270,4637,9907
20210319,4호선,동대문,21369,21944,43313
20210319,4호선,동대문역사문화공원,14879,13724,28603
20210319,4호선,동작,2977,3081,6058
20210319,4호선,명동,17247,18117,35364
20210319,4호선,미아,15736,15368,31104
20210319,4호선,미아사거리,28928,28149,57077
20210319,4호선,반월,4548,4367,8915
20210319,4호선,범계,26796,26744,53540
20210319,4호선,사당,26214,21805,48019
20210319,4호선,산본,16679,18195,34874
20210319,4호선,삼각지,5161,5933,11094
20210319,4호선,상계,19270,17825,37095
20210319,4호선,상록수,16866,16902,33768
20210319,4호선,서울,10750,16361,27111
20210319,4호선,선바위,8790,7602,16392
20210319,4호선,성신여대입구,20935,19909,40844
20210319,4호선,수리산,4419,3443,7862
20210319,4호선,수유,35447,35136,70583
20210319,4호선,숙대입구,13663,13479,27142
20210319,4호선,신길온천,1842,1652,3494
20210319,4호선,신용산,16396,17319,33715
20210319,4호선,쌍문,30353,27522,57875
20210319,4호선,안산,12055,11026,23081
20210319,4호선,오이도,9045,9035,18080
20210319,4호선,이촌,7554,8582,16136
20210319,4호선,인덕원,24578,25094,49672
20210319,4호선,정부과천청사,10230,10077,20307
20210319,4호선,정왕,9980,9695,19675
20210319,4호선,중앙,18854,20069,38923
20210319,4호선,창동,26723,28440,55163
20210319,4호선,초지,5150,5480,10630
20210319,4호선,총신대입구,20104,21954,42058
20210319,4호선,충무로,27044,27916,54960
20210319,4호선,평촌,18260,18060,36320
20210319,4호선,한대앞,9505,9417,18922
20210319,4호선,한성대입구,14337,13645,27982
20210319,4호선,혜화,32764,32457,65221
20210319,4호선,회현,24308,25829,50137
20210322,4호선,경마공원,890,877,1767
20210322,4호선,고잔,8788,8388,17176
20210322,4호선,과천,5354,4950,10304
20210322,4호선,길음,20339,20110,40449
20210322,4호선,남태령,1117,987,2104
20210322,4호선,노원,18242,20222,38464
20210322,4호선,당고개,12658,11377,24035
20210322,4호선,대공원,2142,2219,4361
20210322,4호선,대야미,4866,4400,9266
20210322,4호선,동대문,20289,21082,41371
20210322,4호선,동대문역사문화공원,14236,13102,27338
20210322,4호선,동작,2504,2684,5188
20210322,4호선,명동,16237,16808,33045
20210322,4호선,미아,15237,14995,30232
20210322,4호선,미아사거리,27067,26229,53296
20210322,4호선,반월,4277,4162,8439
20210322,4호선,범계,24450,24138,48588
20210322,4호선,사당,23105,19350,42455
20210322,4호선,산본,15634,16698,32332
20210322,4호선,삼각지,4632,5086,9718
20210322,4호선,상계,18829,17456,36285
20210322,4호선,상록수,16313,16282,32595
20210322,4호선,서울,10617,14005,24622
20210322,4호선,선바위,8311,7183,15494
20210322,4호선,성신여대입구,19257,18460,37717
20210322,4호선,수리산,4158,3512,7670
20210322,4호선,수유,33329,33201,66530
20210322,4호선,숙대입구,12880,12484,25364
20210322,4호선,신길온천,1663,1537,3200
20210322,4호선,신용산,15062,16281,31343
20210322,4호선,쌍문,28932,26769,55701
20210322,4호선,안산,11787,10543,22330
20210322,4호선,오이도,8411,8000,16411
20210322,4호선,이촌,6695,7520,14215
20210322,4호선,인덕원,23089,23766,46855
20210322,4호선,정부과천청사,10165,9988,20153
20210322,4호선,정왕,9525,10355,19880
20210322,4호선,중앙,17287,17901,35188
20210322,4호선,창동,25107,26426,51533
20210322,4호선,초지,5180,5539,10719
20210322,4호선,총신대입구,18516,20354,38870
20210322,4호선,충무로,26063,26854,52917
20210322,4호선,평촌,17996,17671,35667
20210322,4호선,한대앞,8609,8700,17309
20210322,4호선,한성대입구,13339,13013,26352
20210322,4호선,혜화,28074,28121,56195
20210322,4호선,회현,23545,24923,48468
20210323,4호선,경마공원,977,967,1944
20210323,4호선,고잔,8897,8488,17385
20210323,4호선,과천,5642,5216,10858
20210323,4호선,길음,20724,20088,40812
20210323,4호선,남태령,1253,1149,2402
20210323,4호선,노원,18713,20873,39586
20210323,4호선,당고개,12785,11769,24554
20210323,4호선,대공원,2924,2964,5888
20210323,4호선,대야미,5099,4606,9705
20210323,4호선,동대문,20678,21330,42008
20210323,4호선,동대문역사문화공원,14120,13194,27314
20210323,4호선,동작,2680,2888,5568
20210323,4호선,명동,16694,17272,33966
20210323,4호선,미아,15262,14986,30248
20210323,4호선,미아사거리,27640,27025,54665
20210323,4호선,반월,4498,4340,8838
20210323,4호선,범계,25480,25063,50543
20210323,4호선,사당,24156,20438,44594
20210323,4호선,산본,15783,16912,32695
20210323,4호선,삼각지,5051,5620,10671
20210323,4호선,상계,19124,17922,37046
20210323,4호선,상록수,16451,16725,33176
20210323,4호선,서울,10854,14370,25224
20210323,4호선,선바위,8612,7480,16092
20210323,4호선,성신여대입구,20094,19103,39197
20210323,4호선,수리산,4302,3532,7834
20210323,4호선,수유,33952,34012,67964
20210323,4호선,숙대입구,13208,13120,26328
20210323,4호선,신길온천,1665,1570,3235
20210323,4호선,신용산,15754,16550,32304
20210323,4호선,쌍문,29677,27409,57086
20210323,4호선,안산,11668,10343,22011
20210323,4호선,오이도,8481,8262,16743
20210323,4호선,이촌,7125,8068,15193
20210323,4호선,인덕원,24109,24925,49034
20210323,4호선,정부과천청사,10225,10142,20367
20210323,4호선,정왕,9572,10056,19628
20210323,4호선,중앙,17621,18229,35850
20210323,4호선,창동,25839,27257,53096
20210323,4호선,초지,5337,5721,11058
20210323,4호선,총신대입구,18758,20567,39325
20210323,4호선,충무로,26750,27347,54097
20210323,4호선,평촌,18476,18168,36644
20210323,4호선,한대앞,8852,8963,17815
20210323,4호선,한성대입구,13802,13313,27115
20210323,4호선,혜화,30795,30772,61567
20210323,4호선,회현,24309,25596,49905
20210324,4호선,경마공원,1126,1136,2262
20210324,4호선,고잔,8995,8570,17565
20210324,4호선,과천,5618,5270,10888
20210324,4호선,길음,20756,20302,41058
20210324,4호선,남태령,1282,1167,2449
20210324,4호선,노원,18730,20914,39644
20210324,4호선,당고개,12738,11574,24312
20210324,4호선,대공원,2607,2689,5296
20210324,4호선,대야미,5060,4575,9635
20210324,4호선,동대문,20605,20992,41597
20210324,4호선,동대문역사문화공원,14347,13416,27763
20210324,4호선,동작,2721,2845,5566
20210324,4호선,명동,16728,17472,34200
20210324,4호선,미아,15398,15137,30535
20210324,4호선,미아사거리,27827,27142,54969
20210324,4호선,반월,4519,4300,8819
20210324,4호선,범계,25413,25461,50874
20210324,4호선,사당,24395,20404,44799
20210324,4호선,산본,16127,17055,33182
20210324,4호선,삼각지,4930,5442,10372
20210324,4호선,상계,19347,18039,37386
20210324,4호선,상록수,15987,16250,32237
20210324,4호선,서울,10907,14272,25179
20210324,4호선,선바위,8605,7484,16089
20210324,4호선,성신여대입구,19958,19185,39143
20210324,4호선,수리산,4359,3489,7848
20210324,4호선,수유,33993,33738,67731
20210324,4호선,숙대입구,13182,13023,26205
20210324,4호선,신길온천,1682,1578,3260
20210324,4호선,신용산,15741,16591,32332
20210324,4호선,쌍문,29734,27347,57081
20210324,4호선,안산,11617,10341,21958
20210324,4호선,오이도,8604,8385,16989
20210324,4호선,이촌,7249,8101,15350
20210324,4호선,인덕원,24347,24882,49229
20210324,4호선,정부과천청사,10294,10118,20412
20210324,4호선,정왕,9363,9791,19154
20210324,4호선,중앙,17615,18430,36045
20210324,4호선,창동,26042,27684,53726
20210324,4호선,초지,5330,5787,11117
20210324,4호선,총신대입구,19074,20836,39910
20210324,4호선,충무로,26983,27839,54822
20210324,4호선,평촌,18030,17798,35828
20210324,4호선,한대앞,8724,8840,17564
20210324,4호선,한성대입구,14238,13638,27876
20210324,4호선,혜화,31186,31313,62499
20210324,4호선,회현,24314,25515,49829
20210325,4호선,경마공원,1269,1272,2541
20210325,4호선,고잔,8837,8472,17309
20210325,4호선,과천,5708,5269,10977
20210325,4호선,길음,20734,20359,41093
20210325,4호선,남태령,1343,1194,2537
20210325,4호선,노원,18861,20884,39745
20210325,4호선,당고개,12920,11856,24776
20210325,4호선,대공원,2962,3111,6073
20210325,4호선,대야미,5167,4601,9768
20210325,4호선,동대문,20588,21087,41675
20210325,4호선,동대문역사문화공원,14355,13226,27581
20210325,4호선,동작,2684,2898,5582
20210325,4호선,명동,16841,17466,34307
20210325,4호선,미아,15617,15243,30860
20210325,4호선,미아사거리,28058,27189,55247
20210325,4호선,반월,4514,4329,8843
20210325,4호선,범계,25509,25115,50624
20210325,4호선,사당,24551,20635,45186
20210325,4호선,산본,16210,17265,33475
20210325,4호선,삼각지,5161,5785,10946
20210325,4호선,상계,19658,18159,37817
20210325,4호선,상록수,15983,16188,32171
20210325,4호선,서울,11102,15028,26130
20210325,4호선,선바위,8734,7641,16375
20210325,4호선,성신여대입구,20318,19448,39766
20210325,4호선,수리산,4363,3587,7950
20210325,4호선,수유,34196,33933,68129
20210325,4호선,숙대입구,13196,13025,26221
20210325,4호선,신길온천,1698,1612,3310
20210325,4호선,신용산,15845,16810,32655
20210325,4호선,쌍문,29905,27592,57497
20210325,4호선,안산,11490,10271,21761
20210325,4호선,오이도,8555,8396,16951
20210325,4호선,이촌,7174,8077,15251
20210325,4호선,인덕원,24188,24915,49103
20210325,4호선,정부과천청사,10142,10239,20381
20210325,4호선,정왕,9816,9988,19804
20210325,4호선,중앙,17854,18306,36160
20210325,4호선,창동,25986,27328,53314
20210325,4호선,초지,5466,5910,11376
20210325,4호선,총신대입구,19041,20738,39779
20210325,4호선,충무로,27053,27527,54580
20210325,4호선,평촌,18541,18304,36845
20210325,4호선,한대앞,8879,8989,17868
20210325,4호선,한성대입구,14040,13552,27592
20210325,4호선,혜화,31605,31131,62736
20210325,4호선,회현,24303,25542,49845
20210326,4호선,경마공원,1220,1273,2493
20210326,4호선,고잔,9062,8773,17835
20210326,4호선,과천,5805,5184,10989
20210326,4호선,길음,21458,20555,42013
20210326,4호선,남태령,1379,1115,2494
20210326,4호선,노원,20104,22743,42847
20210326,4호선,당고개,13268,12027,25295
20210326,4호선,대공원,3153,3262,6415
20210326,4호선,대야미,5262,4639,9901
20210326,4호선,동대문,21117,21698,42815
20210326,4호선,동대문역사문화공원,15342,14214,29556
20210326,4호선,동작,2847,2991,5838
20210326,4호선,명동,17456,18232,35688
20210326,4호선,미아,15577,15212,30789
20210326,4호선,미아사거리,29091,28316,57407
20210326,4호선,반월,4555,4346,8901
20210326,4호선,범계,26903,26844,53747
20210326,4호선,사당,26211,22078,48289
20210326,4호선,산본,16817,18019,34836
20210326,4호선,삼각지,5301,5916,11217
20210326,4호선,상계,19693,18374,38067
20210326,4호선,상록수,16735,16560,33295
20210326,4호선,서울,11323,17419,28742
20210326,4호선,선바위,9032,7755,16787
20210326,4호선,성신여대입구,20984,20073,41057
20210326,4호선,수리산,4400,3463,7863
20210326,4호선,수유,35326,35354,70680
20210326,4호선,숙대입구,13710,13420,27130
20210326,4호선,신길온천,1749,1655,3404
20210326,4호선,신용산,16332,17252,33584
20210326,4호선,쌍문,30540,27851,58391
20210326,4호선,안산,12098,11098,23196
20210326,4호선,오이도,9163,9126,18289
20210326,4호선,이촌,7469,8364,15833
20210326,4호선,인덕원,24785,25205,49990
20210326,4호선,정부과천청사,10417,10169,20586
20210326,4호선,정왕,9874,9561,19435
20210326,4호선,중앙,18796,20019,38815
20210326,4호선,창동,26525,28157,54682
20210326,4호선,초지,5095,5482,10577
20210326,4호선,총신대입구,19690,21757,41447
20210326,4호선,충무로,27364,28331,55695
20210326,4호선,평촌,18289,18231,36520
20210326,4호선,한대앞,9573,9405,18978
20210326,4호선,한성대입구,14591,14065,28656
20210326,4호선,혜화,33408,32905,66313
20210326,4호선,회현,24317,26027,50344
20210329,4호선,경마공원,980,915,1895
20210329,4호선,고잔,8639,8274,16913
20210329,4호선,과천,5306,4899,10205
20210329,4호선,길음,19988,19814,39802
20210329,4호선,남태령,1112,1041,2153
20210329,4호선,노원,18176,20282,38458
20210329,4호선,당고개,12569,11378,23947
20210329,4호선,대공원,2177,2313,4490
20210329,4호선,대야미,4894,4422,9316
20210329,4호선,동대문,20194,20813,41007
20210329,4호선,동대문역사문화공원,14243,13081,27324
20210329,4호선,동작,2452,2640,5092
20210329,4호선,명동,16289,16773,33062
20210329,4호선,미아,15325,14963,30288
20210329,4호선,미아사거리,26707,26179,52886
20210329,4호선,반월,4399,4202,8601
20210329,4호선,범계,24598,24187,48785
20210329,4호선,사당,23189,19220,42409
20210329,4호선,산본,15603,16707,32310
20210329,4호선,삼각지,4719,5159,9878
20210329,4호선,상계,18856,17435,36291
20210329,4호선,상록수,16072,16145,32217
20210329,4호선,서울,10792,14061,24853
20210329,4호선,선바위,8213,7154,15367
20210329,4호선,성신여대입구,18957,18200,37157
20210329,4호선,수리산,4271,3442,7713
20210329,4호선,수유,33266,33172,66438
20210329,4호선,숙대입구,12821,12510,25331
20210329,4호선,신길온천,1630,1492,3122
20210329,4호선,신용산,14848,15487,30335
20210329,4호선,쌍문,29159,26812,55971
20210329,4호선,안산,11643,10417,22060
20210329,4호선,오이도,8232,7854,16086
20210329,4호선,이촌,6740,7527,14267
20210329,4호선,인덕원,23154,23767,46921
20210329,4호선,정부과천청사,9954,9778,19732
20210329,4호선,정왕,9611,10314,19925
20210329,4호선,중앙,17374,17779,35153
20210329,4호선,창동,24888,26519,51407
20210329,4호선,초지,5041,5284,10325
20210329,4호선,총신대입구,18217,19787,38004
20210329,4호선,충무로,26017,26883,52900
20210329,4호선,평촌,17740,17479,35219
20210329,4호선,한대앞,8659,8649,17308
20210329,4호선,한성대입구,13192,12886,26078
20210329,4호선,혜화,27749,27762,55511
20210329,4호선,회현,22959,24139,47098
20210330,4호선,경마공원,1207,1142,2349
20210330,4호선,고잔,8797,8541,17338
20210330,4호선,과천,5497,5073,10570
20210330,4호선,길음,20675,20188,40863
20210330,4호선,남태령,1282,1193,2475
20210330,4호선,노원,18503,20691,39194
20210330,4호선,당고개,12981,11871,24852
20210330,4호선,대공원,3225,3401,6626
20210330,4호선,대야미,5152,4656,9808
20210330,4호선,동대문,20530,21323,41853
20210330,4호선,동대문역사문화공원,14435,13366,27801
20210330,4호선,동작,2863,3199,6062
20210330,4호선,명동,16945,17456,34401
20210330,4호선,미아,15441,14875,30316
20210330,4호선,미아사거리,27359,26764,54123
20210330,4호선,반월,4471,4229,8700
20210330,4호선,범계,25405,24969,50374
20210330,4호선,사당,24123,20357,44480
20210330,4호선,산본,15970,17037,33007
20210330,4호선,삼각지,5046,5439,10485
20210330,4호선,상계,19270,17905,37175
20210330,4호선,상록수,16343,16428,32771
20210330,4호선,서울,10954,14234,25188
20210330,4호선,선바위,8658,7637,16295
20210330,4호선,성신여대입구,19756,18995,38751
20210330,4호선,수리산,4366,3552,7918
20210330,4호선,수유,33768,33598,67366
20210330,4호선,숙대입구,13292,12953,26245
20210330,4호선,신길온천,1700,1560,3260
20210330,4호선,신용산,15511,16112,31623
20210330,4호선,쌍문,29793,27452,57245
20210330,4호선,안산,11551,10412,21963
20210330,4호선,오이도,8406,8197,16603
20210330,4호선,이촌,7065,8151,15216
20210330,4호선,인덕원,23891,24613,48504
20210330,4호선,정부과천청사,10033,9992,20025
20210330,4호선,정왕,9664,10021,19685
20210330,4호선,중앙,17344,18088,35432
20210330,4호선,창동,25924,27451,53375
20210330,4호선,초지,5259,5621,10880
20210330,4호선,총신대입구,18909,20558,39467
20210330,4호선,충무로,27036,27860,54896
20210330,4호선,평촌,18243,17892,36135
20210330,4호선,한대앞,8944,8866,17810
20210330,4호선,한성대입구,13834,13540,27374
20210330,4호선,혜화,30553,30505,61058
20210330,4호선,회현,23868,25288,49156
20210331,4호선,경마공원,1468,1455,2923
20210331,4호선,고잔,8925,8557,17482
20210331,4호선,과천,5740,5255,10995
20210331,4호선,길음,20787,20245,41032
20210331,4호선,남태령,1240,1181,2421
20210331,4호선,노원,19090,21106,40196
20210331,4호선,당고개,12924,11810,24734
20210331,4호선,대공원,4726,4866,9592
20210331,4호선,대야미,5288,4717,10005
20210331,4호선,동대문,20878,21369,42247
20210331,4호선,동대문역사문화공원,14849,13709,28558
20210331,4호선,동작,3441,3649,7090
20210331,4호선,명동,17465,18150,35615
20210331,4호선,미아,15461,14959,30420
20210331,4호선,미아사거리,28180,27473,55653
20210331,4호선,반월,4491,4351,8842
20210331,4호선,범계,25646,25350,50996
20210331,4호선,사당,24522,20355,44877
20210331,4호선,산본,16396,17452,33848
20210331,4호선,삼각지,5024,5494,10518
20210331,4호선,상계,19482,17989,37471
20210331,4호선,상록수,16488,16470,32958
20210331,4호선,서울,11035,14487,25522
20210331,4호선,선바위,8784,7703,16487
20210331,4호선,성신여대입구,19947,19125,39072
20210331,4호선,수리산,4409,3626,8035
20210331,4호선,수유,34140,34237,68377
20210331,4호선,숙대입구,13533,13206,26739
20210331,4호선,신길온천,1717,1643,3360
20210331,4호선,신용산,15644,16435,32079
20210331,4호선,쌍문,30450,28113,58563
20210331,4호선,안산,11545,10373,21918
20210331,4호선,오이도,8800,8459,17259
20210331,4호선,이촌,7521,8614,16135
20210331,4호선,인덕원,24438,24878,49316
20210331,4호선,정부과천청사,10384,10396,20780
20210331,4호선,정왕,9541,10082,19623
20210331,4호선,중앙,17783,18419,36202
20210331,4호선,창동,26157,27651,53808
20210331,4호선,초지,5326,5724,11050
20210331,4호선,총신대입구,19746,21448,41194
20210331,4호선,충무로,27728,28393,56121
20210331,4호선,평촌,18351,18163,36514
20210331,4호선,한대앞,8933,9064,17997
20210331,4호선,한성대입구,14302,13847,28149
20210331,4호선,혜화,31593,31739,63332
20210331,4호선,회현,24295,25824,50119
20210401,4호선,경마공원,1478,1448,2926
20210401,4호선,고잔,8822,8640,17462
20210401,4호선,과천,5685,5293,10978
20210401,4호선,길음,20878,20444,41322
20210401,4호선,남태령,1257,1171,2428
20210401,4호선,노원,18671,20926,39597
20210401,4호선,당고개,13101,11912,25013
20210401,4호선,대공원,5569,5763,11332
20210401,4호선,대야미,5217,4684,9901
20210401,4호선,동대문,20550,20874,41424
20210401,4호선,동대문역사문화공원,14619,13697,28316
20210401,4호선,동작,3228,3512,6740
20210401,4호선,명동,17299,17842,35141
20210401,4호선,미아,15537,14927,30464
20210401,4호선,미아사거리,28077,27170,55247
20210401,4호선,반월,4517,4297,8814
20210401,4호선,범계,25549,25223,50772
20210401,4호선,사당,24331,20229,44560
20210401,4호선,산본,16441,17328,33769
20210401,4호선,삼각지,5124,5608,10732
20210401,4호선,상계,19187,17606,36793
20210401,4호선,상록수,16485,16582,33067
20210401,4호선,서울,11173,14866,26039
20210401,4호선,선바위,8874,7786,16660
20210401,4호선,성신여대입구,20254,19089,39343
20210401,4호선,수리산,4373,3604,7977
20210401,4호선,수유,34033,34223,68256
20210401,4호선,숙대입구,13353,12962,26315
20210401,4호선,신길온천,1714,1613,3327
20210401,4호선,신용산,15469,16326,31795
20210401,4호선,쌍문,29798,27671,57469
20210401,4호선,안산,11484,10427,21911
20210401,4호선,오이도,8629,8416,17045
20210401,4호선,이촌,7675,8672,16347
20210401,4호선,인덕원,24463,25033,49496
20210401,4호선,정부과천청사,10103,10015,20118
20210401,4호선,정왕,9882,10206,20088
20210401,4호선,중앙,17730,18325,36055
20210401,4호선,창동,26135,27656,53791
20210401,4호선,초지,5266,5773,11039
20210401,4호선,총신대입구,18874,20509,39383
20210401,4호선,충무로,27423,28238,55661
20210401,4호선,평촌,18400,17981,36381
20210401,4호선,한대앞,9023,9062,18085
20210401,4호선,한성대입구,14202,13648,27850
20210401,4호선,혜화,31315,31402,62717
20210401,4호선,회현,24348,25865,50213
20210402,4호선,경마공원,1368,1382,2750
20210402,4호선,고잔,9262,8929,18191
20210402,4호선,과천,5859,5387,11246
20210402,4호선,길음,21183,20130,41313
20210402,4호선,남태령,1321,1190,2511
20210402,4호선,노원,19739,22448,42187
20210402,4호선,당고개,13141,12062,25203
20210402,4호선,대공원,6291,6542,12833
20210402,4호선,대야미,5421,4677,10098
20210402,4호선,동대문,21142,21793,42935
20210402,4호선,동대문역사문화공원,14735,14009,28744
20210402,4호선,동작,3227,3384,6611
20210402,4호선,명동,17971,18710,36681
20210402,4호선,미아,15547,15033,30580
20210402,4호선,미아사거리,28917,28027,56944
20210402,4호선,반월,4563,4287,8850
20210402,4호선,범계,26823,26890,53713
20210402,4호선,사당,26425,22027,48452
20210402,4호선,산본,16652,17990,34642
20210402,4호선,삼각지,5003,5728,10731
20210402,4호선,상계,19401,17969,37370
20210402,4호선,상록수,16833,16887,33720
20210402,4호선,서울,11122,17070,28192
20210402,4호선,선바위,9090,7794,16884
20210402,4호선,성신여대입구,21052,19954,41006
20210402,4호선,수리산,4464,3532,7996
20210402,4호선,수유,35149,35293,70442
20210402,4호선,숙대입구,13548,13294,26842
20210402,4호선,신길온천,1778,1689,3467
20210402,4호선,신용산,15456,16423,31879
20210402,4호선,쌍문,30543,27975,58518
20210402,4호선,안산,12155,11069,23224
20210402,4호선,오이도,9019,8926,17945
20210402,4호선,이촌,7585,8590,16175
20210402,4호선,인덕원,24961,25325,50286
20210402,4호선,정부과천청사,10400,10188,20588
20210402,4호선,정왕,10086,9755,19841
20210402,4호선,중앙,18711,19940,38651
20210402,4호선,창동,26604,28468,55072
20210402,4호선,초지,5002,5370,10372
20210402,4호선,총신대입구,19881,21618,41499
20210402,4호선,충무로,28037,28914,56951
20210402,4호선,평촌,18432,18145,36577
20210402,4호선,한대앞,9759,9651,19410
20210402,4호선,한성대입구,14332,13636,27968
20210402,4호선,혜화,32158,31843,64001
20210402,4호선,회현,24765,26160,50925
20210405,4호선,경마공원,947,929,1876
20210405,4호선,고잔,8954,8620,17574
20210405,4호선,과천,5431,5070,10501
20210405,4호선,길음,20468,20044,40512
20210405,4호선,남태령,1242,1104,2346
20210405,4호선,노원,18414,20465,38879
20210405,4호선,당고개,12998,11732,24730
20210405,4호선,대공원,4908,4987,9895
20210405,4호선,대야미,5286,4744,10030
20210405,4호선,동대문,20796,21280,42076
20210405,4호선,동대문역사문화공원,14382,13134,27516
20210405,4호선,동작,2829,3131,5960
20210405,4호선,명동,17110,17673,34783
20210405,4호선,미아,15131,14871,30002
20210405,4호선,미아사거리,27592,26859,54451
20210405,4호선,반월,4437,4257,8694
20210405,4호선,범계,25254,24669,49923
20210405,4호선,사당,23697,19959,43656
20210405,4호선,산본,16120,17070,33190
20210405,4호선,삼각지,4788,5268,10056
20210405,4호선,상계,19251,17725,36976
20210405,4호선,상록수,16597,16506,33103
20210405,4호선,서울,10700,14194,24894
20210405,4호선,선바위,8586,7579,16165
20210405,4호선,성신여대입구,19433,18644,38077
20210405,4호선,수리산,4383,3630,8013
20210405,4호선,수유,33785,33765,67550
20210405,4호선,숙대입구,13079,12821,25900
20210405,4호선,신길온천,1759,1613,3372
20210405,4호선,신용산,15108,15873,30981
20210405,4호선,쌍문,29459,27227,56686
20210405,4호선,안산,11994,11005,22999
20210405,4호선,오이도,8645,8254,16899
20210405,4호선,이촌,6800,7681,14481
20210405,4호선,인덕원,23821,24481,48302
20210405,4호선,정부과천청사,10236,10074,20310
20210405,4호선,정왕,9815,10612,20427
20210405,4호선,중앙,17905,18435,36340
20210405,4호선,창동,25483,26923,52406
20210405,4호선,초지,5345,5645,10990
20210405,4호선,총신대입구,18777,20424,39201
20210405,4호선,충무로,26657,27469,54126
20210405,4호선,평촌,18055,17830,35885
20210405,4호선,한대앞,8773,8711,17484
20210405,4호선,한성대입구,13541,13342,26883
20210405,4호선,혜화,28359,28391,56750
20210405,4호선,회현,24392,25627,50019
20210406,4호선,경마공원,1426,1311,2737
20210406,4호선,고잔,9156,8886,18042
20210406,4호선,과천,5597,5270,10867
20210406,4호선,길음,20779,20184,40963
20210406,4호선,남태령,1223,1110,2333
20210406,4호선,노원,18709,20985,39694
20210406,4호선,당고개,13018,11899,24917
20210406,4호선,대공원,5315,5534,10849
20210406,4호선,대야미,5229,4746,9975
20210406,4호선,동대문,20874,21518,42392
20210406,4호선,동대문역사문화공원,14170,13261,27431
20210406,4호선,동작,2810,3121,5931
20210406,4호선,명동,17272,17889,35161
20210406,4호선,미아,15355,15207,30562
20210406,4호선,미아사거리,27796,27022,54818
20210406,4호선,반월,4519,4323,8842
20210406,4호선,범계,25759,25359,51118
20210406,4호선,사당,24513,20289,44802
20210406,4호선,산본,16107,17315,33422
20210406,4호선,삼각지,4953,5356,10309
20210406,4호선,상계,19442,18119,37561
20210406,4호선,상록수,17026,17069,34095
20210406,4호선,서울,11174,14227,25401
20210406,4호선,선바위,8764,7663,16427
20210406,4호선,성신여대입구,19663,18786,38449
20210406,4호선,수리산,4375,3563,7938
20210406,4호선,수유,34576,34449,69025
20210406,4호선,숙대입구,12943,12850,25793
20210406,4호선,신길온천,1786,1624,3410
20210406,4호선,신용산,15317,16081,31398
20210406,4호선,쌍문,29774,27621,57395
20210406,4호선,안산,11768,10718,22486
20210406,4호선,오이도,8674,8333,17007
20210406,4호선,이촌,7365,8238,15603
20210406,4호선,인덕원,24329,24798,49127
20210406,4호선,정부과천청사,10088,9988,20076
20210406,4호선,정왕,9778,10181,19959
20210406,4호선,중앙,17678,18438,36116
20210406,4호선,창동,25561,27386,52947
20210406,4호선,초지,5322,5803,11125
20210406,4호선,총신대입구,18992,20573,39565
20210406,4호선,충무로,26951,27735,54686
20210406,4호선,평촌,18529,18296,36825
20210406,4호선,한대앞,8721,8755,17476
20210406,4호선,한성대입구,13872,13486,27358
20210406,4호선,혜화,30576,30594,61170
20210406,4호선,회현,24799,26181,50980
20210407,4호선,경마공원,1421,1424,2845
20210407,4호선,고잔,9083,8722,17805
20210407,4호선,과천,5724,5279,11003
20210407,4호선,길음,20500,20056,40556
20210407,4호선,남태령,1190,1066,2256
20210407,4호선,노원,18852,21078,39930
20210407,4호선,당고개,12855,11695,24550
20210407,4호선,대공원,5031,5259,10290
20210407,4호선,대야미,5275,4846,10121
20210407,4호선,동대문,20694,21428,42122
20210407,4호선,동대문역사문화공원,14353,13419,27772
20210407,4호선,동작,2904,2946,5850
20210407,4호선,명동,16882,17387,34269
20210407,4호선,미아,15276,14913,30189
20210407,4호선,미아사거리,27544,26882,54426
20210407,4호선,반월,4549,4322,8871
20210407,4호선,범계,25635,25368,51003
20210407,4호선,사당,24264,20356,44620
20210407,4호선,산본,16247,17245,33492
20210407,4호선,삼각지,4968,5528,10496
20210407,4호선,상계,19142,17604,36746
20210407,4호선,상록수,16677,16726,33403
20210407,4호선,서울,10984,14467,25451
20210407,4호선,선바위,8773,7710,16483
20210407,4호선,성신여대입구,19524,18606,38130
20210407,4호선,수리산,4396,3588,7984
20210407,4호선,수유,33878,33693,67571
20210407,4호선,숙대입구,12930,12705,25635
20210407,4호선,신길온천,1815,1634,3449
20210407,4호선,신용산,15562,16412,31974
20210407,4호선,쌍문,29557,27454,57011
20210407,4호선,안산,11722,10769,22491
20210407,4호선,오이도,8659,8421,17080
20210407,4호선,이촌,7314,8129,15443
20210407,4호선,인덕원,24214,24837,49051
20210407,4호선,정부과천청사,9876,9924,19800
20210407,4호선,정왕,9667,10055,19722
20210407,4호선,중앙,17824,18604,36428
20210407,4호선,창동,25370,26904,52274
20210407,4호선,초지,5269,5759,11028
20210407,4호선,총신대입구,19038,20604,39642
20210407,4호선,충무로,26962,27634,54596
20210407,4호선,평촌,18405,17942,36347
20210407,4호선,한대앞,8702,8615,17317
20210407,4호선,한성대입구,13858,13511,27369
20210407,4호선,혜화,31345,31228,62573
20210407,4호선,회현,24454,25658,50112
20210408,4호선,경마공원,1355,1321,2676
20210408,4호선,고잔,8951,8654,17605
20210408,4호선,과천,5618,5178,10796
20210408,4호선,길음,20527,20136,40663
20210408,4호선,남태령,1287,1181,2468
20210408,4호선,노원,18334,20405,38739
20210408,4호선,당고개,12977,11806,24783
20210408,4호선,대공원,4426,4540,8966
20210408,4호선,대야미,5272,4763,10035
20210408,4호선,동대문,20722,21190,41912
20210408,4호선,동대문역사문화공원,14224,13115,27339
20210408,4호선,동작,2849,3075,5924
20210408,4호선,명동,16711,17263,33974
20210408,4호선,미아,15228,15017,30245
20210408,4호선,미아사거리,27780,26781,54561
20210408,4호선,반월,4425,4342,8767
20210408,4호선,범계,25456,25079,50535
20210408,4호선,사당,24113,20563,44676
20210408,4호선,산본,16234,17197,33431
20210408,4호선,삼각지,5137,5551,10688
20210408,4호선,상계,19185,17687,36872
20210408,4호선,상록수,16544,16630,33174
20210408,4호선,서울,11040,14752,25792
20210408,4호선,선바위,8922,7694,16616
20210408,4호선,성신여대입구,19856,18780,38636
20210408,4호선,수리산,4367,3645,8012
20210408,4호선,수유,33362,33285,66647
20210408,4호선,숙대입구,13004,12795,25799
20210408,4호선,신길온천,1809,1652,3461
20210408,4호선,신용산,15492,16320,31812
20210408,4호선,쌍문,29363,27237,56600
20210408,4호선,안산,11570,10648,22218
20210408,4호선,오이도,8513,8330,16843
20210408,4호선,이촌,7187,8166,15353
20210408,4호선,인덕원,24408,24902,49310
20210408,4호선,정부과천청사,9931,9964,19895
20210408,4호선,정왕,9775,9828,19603
20210408,4호선,중앙,17514,18217,35731
20210408,4호선,창동,25421,27024,52445
20210408,4호선,초지,5332,5740,11072
20210408,4호선,총신대입구,18963,20510,39473
20210408,4호선,충무로,27089,28017,55106
20210408,4호선,평촌,18335,18139,36474
20210408,4호선,한대앞,8660,8582,17242
20210408,4호선,한성대입구,14236,13686,27922
20210408,4호선,혜화,30763,31005,61768
20210408,4호선,회현,24284,25674,49958
20210409,4호선,경마공원,1384,1380,2764
20210409,4호선,고잔,9165,8678,17843
20210409,4호선,과천,5889,5340,11229
20210409,4호선,길음,20873,20038,40911
20210409,4호선,남태령,1301,1109,2410
20210409,4호선,노원,19535,22192,41727
20210409,4호선,당고개,13056,12058,25114
20210409,4호선,대공원,4520,4736,9256
20210409,4호선,대야미,5476,4753,10229
20210409,4호선,동대문,20843,21527,42370
20210409,4호선,동대문역사문화공원,14529,13514,28043
20210409,4호선,동작,2944,3108,6052
20210409,4호선,명동,16986,17772,34758
20210409,4호선,미아,15648,14963,30611
20210409,4호선,미아사거리,28528,27882,56410
20210409,4호선,반월,4579,4286,8865
20210409,4호선,범계,26366,26184,52550
20210409,4호선,사당,25610,21656,47266
20210409,4호선,산본,16729,18076,34805
20210409,4호선,삼각지,5195,5813,11008
20210409,4호선,상계,19445,17895,37340
20210409,4호선,상록수,16705,16722,33427
20210409,4호선,서울,10521,16101,26622
20210409,4호선,선바위,8697,7543,16240
20210409,4호선,성신여대입구,20681,19612,40293
20210409,4호선,수리산,4336,3575,7911
20210409,4호선,수유,35135,34893,70028
20210409,4호선,숙대입구,13447,13102,26549
20210409,4호선,신길온천,1780,1642,3422
20210409,4호선,신용산,15899,16734,32633
20210409,4호선,쌍문,30092,27246,57338
20210409,4호선,안산,12152,11225,23377
20210409,4호선,오이도,9013,9065,18078
20210409,4호선,이촌,7605,8387,15992
20210409,4호선,인덕원,25005,25100,50105
20210409,4호선,정부과천청사,9829,9903,19732
20210409,4호선,정왕,9720,9593,19313
20210409,4호선,중앙,18458,19929,38387
20210409,4호선,창동,26392,28239,54631
20210409,4호선,초지,5058,5394,10452
20210409,4호선,총신대입구,19732,21394,41126
20210409,4호선,충무로,26896,27649,54545
20210409,4호선,평촌,18186,17948,36134
20210409,4호선,한대앞,9030,8886,17916
20210409,4호선,한성대입구,14323,13923,28246
20210409,4호선,혜화,31916,31123,63039
20210409,4호선,회현,24440,26027,50467
20210412,4호선,경마공원,871,860,1731
20210412,4호선,고잔,8437,7962,16399
20210412,4호선,과천,5220,4974,10194
20210412,4호선,길음,19575,19461,39036
20210412,4호선,남태령,1159,1092,2251
20210412,4호선,노원,17498,18991,36489
20210412,4호선,당고개,12419,11286,23705
20210412,4호선,대공원,1409,1523,2932
20210412,4호선,대야미,4603,4221,8824
20210412,4호선,동대문,19744,19930,39674
20210412,4호선,동대문역사문화공원,13643,12585,26228
20210412,4호선,동작,2118,2200,4318
20210412,4호선,명동,15577,16075,31652
20210412,4호선,미아,14637,14404,29041
20210412,4호선,미아사거리,26561,26068,52629
20210412,4호선,반월,4062,3883,7945
20210412,4호선,범계,23683,23156,46839
20210412,4호선,사당,22109,18713,40822
20210412,4호선,산본,14873,15763,30636
20210412,4호선,삼각지,4728,5043,9771
20210412,4호선,상계,18400,17522,35922
20210412,4호선,상록수,15658,15646,31304
20210412,4호선,서울,10655,13672,24327
20210412,4호선,선바위,8094,7047,15141
20210412,4호선,성신여대입구,18001,17486,35487
20210412,4호선,수리산,4044,3321,7365
20210412,4호선,수유,31965,32387,64352
20210412,4호선,숙대입구,12432,12221,24653
20210412,4호선,신길온천,1642,1417,3059
20210412,4호선,신용산,15254,15641,30895
20210412,4호선,쌍문,28315,26638,54953
20210412,4호선,안산,11461,10670,22131
20210412,4호선,오이도,8000,7390,15390
20210412,4호선,이촌,6381,7156,13537
20210412,4호선,인덕원,22558,23500,46058
20210412,4호선,정부과천청사,9671,9613,19284
20210412,4호선,정왕,9566,10148,19714
20210412,4호선,중앙,16195,16506,32701
20210412,4호선,창동,23899,25481,49380
20210412,4호선,초지,4925,5268,10193
20210412,4호선,총신대입구,17767,19225,36992
20210412,4호선,충무로,25509,25973,51482
20210412,4호선,평촌,17363,17192,34555
20210412,4호선,한대앞,8195,8316,16511
20210412,4호선,한성대입구,13448,13452,26900
20210412,4호선,혜화,27116,27162,54278
20210412,4호선,회현,22840,23086,45926
20210413,4호선,경마공원,1197,1176,2373
20210413,4호선,고잔,8714,8352,17066
20210413,4호선,과천,5452,5072,10524
20210413,4호선,길음,20212,20003,40215
20210413,4호선,남태령,1232,1152,2384
20210413,4호선,노원,18433,20302,38735
20210413,4호선,당고개,12765,11675,24440
20210413,4호선,대공원,2737,2861,5598
20210413,4호선,대야미,4880,4476,9356
20210413,4호선,동대문,20211,20861,41072
20210413,4호선,동대문역사문화공원,13947,12911,26858
20210413,4호선,동작,2460,2692,5152
20210413,4호선,명동,16649,16904,33553
20210413,4호선,미아,14957,14748,29705
20210413,4호선,미아사거리,27316,26571,53887
20210413,4호선,반월,4288,4104,8392
20210413,4호선,범계,24876,24518,49394
20210413,4호선,사당,23242,19666,42908
20210413,4호선,산본,15553,16689,32242
20210413,4호선,삼각지,5059,5534,10593
20210413,4호선,상계,19136,17687,36823
20210413,4호선,상록수,16244,16607,32851
20210413,4호선,서울,10721,13802,24523
20210413,4호선,선바위,8509,7296,15805
20210413,4호선,성신여대입구,19333,18443,37776
20210413,4호선,수리산,4363,3564,7927
20210413,4호선,수유,33566,33272,66838
20210413,4호선,숙대입구,13047,12592,25639
20210413,4호선,신길온천,1726,1561,3287
20210413,4호선,신용산,15658,16211,31869
20210413,4호선,쌍문,29081,26874,55955
20210413,4호선,안산,11608,10424,22032
20210413,4호선,오이도,8232,8071,16303
20210413,4호선,이촌,6971,7917,14888
20210413,4호선,인덕원,23826,24459,48285
20210413,4호선,정부과천청사,10177,10064,20241
20210413,4호선,정왕,8396,8869,17265
20210413,4호선,중앙,17072,17730,34802
20210413,4호선,창동,25296,26879,52175
20210413,4호선,초지,5239,5589,10828
20210413,4호선,총신대입구,18630,20337,38967
20210413,4호선,충무로,26341,26960,53301
20210413,4호선,평촌,17979,17605,35584
20210413,4호선,한대앞,8790,8738,17528
20210413,4호선,한성대입구,13948,13689,27637
20210413,4호선,혜화,30022,29764,59786
20210413,4호선,회현,23850,24926,48776
20210414,4호선,경마공원,1356,1366,2722
20210414,4호선,고잔,8938,8570,17508
20210414,4호선,과천,5629,5211,10840
20210414,4호선,길음,20498,20019,40517
20210414,4호선,남태령,1272,1142,2414
20210414,4호선,노원,18300,20553,38853
20210414,4호선,당고개,12900,11802,24702
20210414,4호선,대공원,2997,3167,6164
20210414,4호선,대야미,5174,4607,9781
20210414,4호선,동대문,20343,21042,41385
20210414,4호선,동대문역사문화공원,14166,13254,27420
20210414,4호선,동작,2656,2821,5477
20210414,4호선,명동,16907,17429,34336
20210414,4호선,미아,15391,15039,30430
20210414,4호선,미아사거리,27467,26746,54213
20210414,4호선,반월,4348,4175,8523
20210414,4호선,범계,25250,25009,50259
20210414,4호선,사당,24065,20218,44283
20210414,4호선,산본,16114,17268,33382
20210414,4호선,삼각지,5082,5453,10535
20210414,4호선,상계,19243,17933,37176
20210414,4호선,상록수,16276,16441,32717
20210414,4호선,서울,10872,14194,25066
20210414,4호선,선바위,8651,7485,16136
20210414,4호선,성신여대입구,19498,18530,38028
20210414,4호선,수리산,4624,3892,8516
20210414,4호선,수유,33476,33445,66921
20210414,4호선,숙대입구,13182,12930,26112
20210414,4호선,신길온천,1739,1580,3319
20210414,4호선,신용산,15501,16244,31745
20210414,4호선,쌍문,29361,27163,56524
20210414,4호선,안산,11758,10515,22273
20210414,4호선,오이도,8465,8197,16662
20210414,4호선,이촌,7158,7934,15092
20210414,4호선,인덕원,23967,24775,48742
20210414,4호선,정부과천청사,10149,10064,20213
20210414,4호선,정왕,9440,9992,19432
20210414,4호선,중앙,17074,17712,34786
20210414,4호선,창동,25183,26738,51921
20210414,4호선,초지,5004,5421,10425
20210414,4호선,총신대입구,18990,20584,39574
20210414,4호선,충무로,26332,27218,53550
20210414,4호선,평촌,18003,17601,35604
20210414,4호선,한대앞,8917,8906,17823
20210414,4호선,한성대입구,13924,13701,27625
20210414,4호선,혜화,30632,30262,60894
20210414,4호선,회현,24115,25189,49304
20210415,4호선,경마공원,1307,1326,2633
20210415,4호선,고잔,8719,8481,17200
20210415,4호선,과천,5561,5192,10753
20210415,4호선,길음,20332,19804,40136
20210415,4호선,남태령,1194,1110,2304
20210415,4호선,노원,18479,20676,39155
20210415,4호선,당고개,13002,11951,24953
20210415,4호선,대공원,3351,3444,6795
20210415,4호선,대야미,5299,4729,10028
20210415,4호선,동대문,20431,20949,41380
20210415,4호선,동대문역사문화공원,14087,13022,27109
20210415,4호선,동작,2825,2868,5693
20210415,4호선,명동,16811,17353,34164
20210415,4호선,미아,15495,15200,30695
20210415,4호선,미아사거리,27657,26936,54593
20210415,4호선,반월,4433,4242,8675
20210415,4호선,범계,24902,24580,49482
20210415,4호선,사당,23850,20151,44001
20210415,4호선,산본,15904,16883,32787
20210415,4호선,삼각지,5157,5501,10658
20210415,4호선,상계,19394,17942,37336
20210415,4호선,상록수,16403,16542,32945
20210415,4호선,서울,10876,14637,25513
20210415,4호선,선바위,8427,7225,15652
20210415,4호선,성신여대입구,19549,18634,38183
20210415,4호선,수리산,4495,3861,8356
20210415,4호선,수유,33687,33527,67214
20210415,4호선,숙대입구,13187,12640,25827
20210415,4호선,신길온천,1768,1654,3422
20210415,4호선,신용산,15604,16402,32006
20210415,4호선,쌍문,29355,27191,56546
20210415,4호선,안산,11797,10686,22483
20210415,4호선,오이도,8474,8374,16848
20210415,4호선,이촌,6985,7907,14892
20210415,4호선,인덕원,24109,24613,48722
20210415,4호선,정부과천청사,10182,10082,20264
20210415,4호선,정왕,9731,9807,19538
20210415,4호선,중앙,17357,17795,35152
20210415,4호선,창동,25531,27159,52690
20210415,4호선,초지,5082,5495,10577
20210415,4호선,총신대입구,18959,20401,39360
20210415,4호선,충무로,26532,27235,53767
20210415,4호선,평촌,18150,17992,36142
20210415,4호선,한대앞,8849,8837,17686
20210415,4호선,한성대입구,13983,13689,27672
20210415,4호선,혜화,30291,30275,60566
20210415,4호선,회현,23885,25037,48922
20210416,4호선,경마공원,1206,1189,2395
20210416,4호선,고잔,8855,8360,17215
20210416,4호선,과천,5485,4999,10484
20210416,4호선,길음,19807,19011,38818
20210416,4호선,남태령,1262,1080,2342
20210416,4호선,노원,18881,21336,40217
20210416,4호선,당고개,12390,11455,23845
20210416,4호선,대공원,1931,2036,3967
20210416,4호선,대야미,4873,4345,9218
20210416,4호선,동대문,19684,20459,40143
20210416,4호선,동대문역사문화공원,13810,12906,26716
20210416,4호선,동작,2427,2565,4992
20210416,4호선,명동,16494,17122,33616
20210416,4호선,미아,14950,14550,29500
20210416,4호선,미아사거리,27681,27069,54750
20210416,4호선,반월,4234,4015,8249
20210416,4호선,범계,25218,25093,50311
20210416,4호선,사당,24719,20713,45432
20210416,4호선,산본,15532,16840,32372
20210416,4호선,삼각지,5103,5613,10716
20210416,4호선,상계,18848,17412,36260
20210416,4호선,상록수,15713,15918,31631
20210416,4호선,서울,10616,16005,26621
20210416,4호선,선바위,8284,7218,15502
20210416,4호선,성신여대입구,19665,18648,38313
20210416,4호선,수리산,4077,3204,7281
20210416,4호선,수유,33588,33715,67303
20210416,4호선,숙대입구,12603,12582,25185
20210416,4호선,신길온천,1619,1581,3200
20210416,4호선,신용산,15566,16225,31791
20210416,4호선,쌍문,29289,26579,55868
20210416,4호선,안산,11623,10591,22214
20210416,4호선,오이도,8259,8063,16322
20210416,4호선,이촌,7125,7860,14985
20210416,4호선,인덕원,23711,24158,47869
20210416,4호선,정부과천청사,9823,9791,19614
20210416,4호선,정왕,9364,9481,18845
20210416,4호선,중앙,16977,18174,35151
20210416,4호선,창동,25119,26822,51941
20210416,4호선,초지,4653,4897,9550
20210416,4호선,총신대입구,18616,20205,38821
20210416,4호선,충무로,25857,26562,52419
20210416,4호선,평촌,17427,17285,34712
20210416,4호선,한대앞,9033,8855,17888
20210416,4호선,한성대입구,13910,13400,27310
20210416,4호선,혜화,30682,30252,60934
20210416,4호선,회현,22544,23817,46361
20210419,4호선,경마공원,945,902,1847
20210419,4호선,고잔,8833,8315,17148
20210419,4호선,과천,5372,5010,10382
20210419,4호선,길음,19734,19392,39126
20210419,4호선,남태령,1144,1045,2189
20210419,4호선,노원,17575,19575,37150
20210419,4호선,당고개,12625,11511,24136
20210419,4호선,대공원,3094,3240,6334
20210419,4호선,대야미,4994,4574,9568
20210419,4호선,동대문,20515,21151,41666
20210419,4호선,동대문역사문화공원,13777,12798,26575
20210419,4호선,동작,2646,2889,5535
20210419,4호선,명동,16821,17125,33946
20210419,4호선,미아,15009,14836,29845
20210419,4호선,미아사거리,26111,25356,51467
20210419,4호선,반월,4459,4283,8742
20210419,4호선,범계,23582,23138,46720
20210419,4호선,사당,22830,19206,42036
20210419,4호선,산본,15693,16782,32475
20210419,4호선,삼각지,4855,5224,10079
20210419,4호선,상계,19051,17662,36713
20210419,4호선,상록수,16226,16237,32463
20210419,4호선,서울,10573,13758,24331
20210419,4호선,선바위,8308,7299,15607
20210419,4호선,성신여대입구,18646,17666,36312
20210419,4호선,수리산,4503,3888,8391
20210419,4호선,수유,33153,32958,66111
20210419,4호선,숙대입구,12383,12031,24414
20210419,4호선,신길온천,1700,1563,3263
20210419,4호선,신용산,14980,15821,30801
20210419,4호선,쌍문,28497,26448,54945
20210419,4호선,안산,11756,10731,22487
20210419,4호선,오이도,8404,8050,16454
20210419,4호선,이촌,6708,7551,14259
20210419,4호선,인덕원,23267,24027,47294
20210419,4호선,정부과천청사,10079,9838,19917
20210419,4호선,정왕,9373,9978,19351
20210419,4호선,중앙,16503,17153,33656
20210419,4호선,창동,24717,26251,50968
20210419,4호선,초지,5012,5389,10401
20210419,4호선,총신대입구,18375,20171,38546
20210419,4호선,충무로,25504,26216,51720
20210419,4호선,평촌,17850,17712,35562
20210419,4호선,한대앞,9004,9066,18070
20210419,4호선,한성대입구,12768,12621,25389
20210419,4호선,혜화,27667,27831,55498
20210419,4호선,회현,23696,24964,48660
20210420,4호선,경마공원,1329,1305,2634
20210420,4호선,고잔,9045,8535,17580
20210420,4호선,과천,5576,5201,10777
20210420,4호선,길음,20216,19680,39896
20210420,4호선,남태령,1226,1107,2333
20210420,4호선,노원,18303,20449,38752
20210420,4호선,당고개,12974,11962,24936
20210420,4호선,대공원,3296,3384,6680
20210420,4호선,대야미,5223,4737,9960
20210420,4호선,동대문,20636,21143,41779
20210420,4호선,동대문역사문화공원,13937,12723,26660
20210420,4호선,동작,2760,2960,5720
20210420,4호선,명동,16923,17199,34122
20210420,4호선,미아,15403,15148,30551
20210420,4호선,미아사거리,27606,26875,54481
20210420,4호선,반월,4586,4380,8966
20210420,4호선,범계,25262,24967,50229
20210420,4호선,사당,23481,19832,43313
20210420,4호선,산본,16003,17066,33069
20210420,4호선,삼각지,4968,5349,10317
20210420,4호선,상계,19543,18338,37881
20210420,4호선,상록수,16903,17028,33931
20210420,4호선,서울,10673,14006,24679
20210420,4호선,선바위,8603,7461,16064
20210420,4호선,성신여대입구,18799,17865,36664
20210420,4호선,수리산,4656,4054,8710
20210420,4호선,수유,33809,33726,67535
20210420,4호선,숙대입구,12798,12668,25466
20210420,4호선,신길온천,1713,1630,3343
20210420,4호선,신용산,15484,16052,31536
20210420,4호선,쌍문,29586,27207,56793
20210420,4호선,안산,11991,10744,22735
20210420,4호선,오이도,8686,8419,17105
20210420,4호선,이촌,7327,8158,15485
20210420,4호선,인덕원,23989,24809,48798
20210420,4호선,정부과천청사,10229,10090,20319
20210420,4호선,정왕,10230,10682,20912
20210420,4호선,중앙,17055,17697,34752
20210420,4호선,창동,25438,26934,52372
20210420,4호선,초지,5655,6205,11860
20210420,4호선,총신대입구,19028,20718,39746
20210420,4호선,충무로,25965,26710,52675
20210420,4호선,평촌,18131,17844,35975
20210420,4호선,한대앞,9706,9896,19602
20210420,4호선,한성대입구,13330,13126,26456
20210420,4호선,혜화,30123,30066,60189
20210420,4호선,회현,24197,25561,49758
20210421,4호선,경마공원,1492,1470,2962
20210421,4호선,고잔,8999,8689,17688
20210421,4호선,과천,5657,5258,10915
20210421,4호선,길음,20492,20034,40526
20210421,4호선,남태령,1289,1192,2481
20210421,4호선,노원,18408,20422,38830
20210421,4호선,당고개,12815,11796,24611
20210421,4호선,대공원,3327,3445,6772
20210421,4호선,대야미,5294,4733,10027
20210421,4호선,동대문,20592,21120,41712
20210421,4호선,동대문역사문화공원,14138,13039,27177
20210421,4호선,동작,2714,2896,5610
20210421,4호선,명동,17024,17524,34548
20210421,4호선,미아,15109,14868,29977
20210421,4호선,미아사거리,28040,27178,55218
20210421,4호선,반월,4472,4341,8813
20210421,4호선,범계,26103,25994,52097
20210421,4호선,사당,23882,20090,43972
20210421,4호선,산본,16096,17264,33360
20210421,4호선,삼각지,5063,5426,10489
20210421,4호선,상계,19350,18043,37393
20210421,4호선,상록수,16628,16854,33482
20210421,4호선,서울,10629,14199,24828
20210421,4호선,선바위,8716,7476,16192
20210421,4호선,성신여대입구,18993,18078,37071
20210421,4호선,수리산,4543,3846,8389
20210421,4호선,수유,33742,33583,67325
20210421,4호선,숙대입구,12831,12511,25342
20210421,4호선,신길온천,1756,1656,3412
20210421,4호선,신용산,15264,15996,31260
20210421,4호선,쌍문,29495,27282,56777
20210421,4호선,안산,11810,10671,22481
20210421,4호선,오이도,8839,8623,17462
20210421,4호선,이촌,7153,8028,15181
20210421,4호선,인덕원,24503,24886,49389
20210421,4호선,정부과천청사,10266,10376,20642
20210421,4호선,정왕,9906,10289,20195
20210421,4호선,중앙,16705,17434,34139
20210421,4호선,창동,25580,26962,52542
20210421,4호선,초지,5356,5828,11184
20210421,4호선,총신대입구,18868,20707,39575
20210421,4호선,충무로,26081,27142,53223
20210421,4호선,평촌,18268,18000,36268
20210421,4호선,한대앞,9473,9538,19011
20210421,4호선,한성대입구,13409,13019,26428
20210421,4호선,혜화,30274,30277,60551
20210421,4호선,회현,23800,25158,48958
20210422,4호선,경마공원,1295,1313,2608
20210422,4호선,고잔,8913,8554,17467
20210422,4호선,과천,5587,5168,10755
20210422,4호선,길음,20056,19478,39534
20210422,4호선,남태령,1277,1198,2475
20210422,4호선,노원,18353,20272,38625
20210422,4호선,당고개,12678,11621,24299
20210422,4호선,대공원,3089,3153,6242
20210422,4호선,대야미,5275,4790,10065
20210422,4호선,동대문,20137,20854,40991
20210422,4호선,동대문역사문화공원,14032,12979,27011
20210422,4호선,동작,2717,2912,5629
20210422,4호선,명동,16652,17356,34008
20210422,4호선,미아,15064,14726,29790
20210422,4호선,미아사거리,27319,26331,53650
20210422,4호선,반월,4441,4231,8672
20210422,4호선,범계,25387,24841,50228
20210422,4호선,사당,23656,19876,43532
20210422,4호선,산본,15928,17070,32998
20210422,4호선,삼각지,4940,5454,10394
20210422,4호선,상계,19153,17893,37046
20210422,4호선,상록수,16684,16922,33606
20210422,4호선,서울,10780,14553,25333
20210422,4호선,선바위,8516,7539,16055
20210422,4호선,성신여대입구,19115,17935,37050
20210422,4호선,수리산,4550,3896,8446
20210422,4호선,수유,33052,32986,66038
20210422,4호선,숙대입구,12689,12545,25234
20210422,4호선,신길온천,1742,1605,3347
20210422,4호선,신용산,15377,16161,31538
20210422,4호선,쌍문,29155,26873,56028
20210422,4호선,안산,11535,10501,22036
20210422,4호선,오이도,8608,8392,17000
20210422,4호선,이촌,7073,7942,15015
20210422,4호선,인덕원,23962,24656,48618
20210422,4호선,정부과천청사,10149,10095,20244
20210422,4호선,정왕,9868,10128,19996
20210422,4호선,중앙,16785,17322,34107
20210422,4호선,창동,25266,26893,52159
20210422,4호선,초지,5305,5758,11063
20210422,4호선,총신대입구,18564,20033,38597
20210422,4호선,충무로,25965,26960,52925
20210422,4호선,평촌,18221,17833,36054
20210422,4호선,한대앞,9919,9869,19788
20210422,4호선,한성대입구,13424,13060,26484
20210422,4호선,혜화,30140,29911,60051
20210422,4호선,회현,23895,25138,49033
20210423,4호선,경마공원,1239,1262,2501
20210423,4호선,고잔,9139,8866,18005
20210423,4호선,과천,5754,5222,10976
20210423,4호선,길음,20395,19662,40057
20210423,4호선,남태령,1304,1092,2396
20210423,4호선,노원,19091,21628,40719
20210423,4호선,당고개,12767,11595,24362
20210423,4호선,대공원,3012,3181,6193
20210423,4호선,대야미,5193,4573,9766
20210423,4호선,동대문,20659,21349,42008
20210423,4호선,동대문역사문화공원,14404,13482,27886
20210423,4호선,동작,2796,2890,5686
20210423,4호선,명동,16839,17833,34672
20210423,4호선,미아,15298,14774,30072
20210423,4호선,미아사거리,28381,27465,55846
20210423,4호선,반월,4617,4357,8974
20210423,4호선,범계,26039,26013,52052
20210423,4호선,사당,24996,21012,46008
20210423,4호선,산본,16360,17900,34260
20210423,4호선,삼각지,5101,5662,10763
20210423,4호선,상계,19483,18100,37583
20210423,4호선,상록수,16858,16867,33725
20210423,4호선,서울,10771,16611,27382
20210423,4호선,선바위,8696,7020,15716
20210423,4호선,성신여대입구,20211,19266,39477
20210423,4호선,수리산,4495,3662,8157
20210423,4호선,수유,34356,34235,68591
20210423,4호선,숙대입구,13030,12635,25665
20210423,4호선,신길온천,1770,1647,3417
20210423,4호선,신용산,15916,16775,32691
20210423,4호선,쌍문,29932,27301,57233
20210423,4호선,안산,12067,10880,22947
20210423,4호선,오이도,8799,8759,17558
20210423,4호선,이촌,7231,8020,15251
20210423,4호선,인덕원,24569,24767,49336
20210423,4호선,정부과천청사,10258,10171,20429
20210423,4호선,정왕,10024,9929,19953
20210423,4호선,중앙,17615,18815,36430
20210423,4호선,창동,25804,27469,53273
20210423,4호선,초지,4890,5178,10068
20210423,4호선,총신대입구,19326,21049,40375
20210423,4호선,충무로,25611,26868,52479
20210423,4호선,평촌,18039,17781,35820
20210423,4호선,한대앞,9642,9483,19125
20210423,4호선,한성대입구,13930,13349,27279
20210423,4호선,혜화,30342,30323,60665
20210423,4호선,회현,23476,25059,48535
20210426,4호선,경마공원,943,895,1838
20210426,4호선,고잔,9075,8527,17602
20210426,4호선,과천,5423,5048,10471
20210426,4호선,길음,20238,19855,40093
20210426,4호선,남태령,1158,1058,2216
20210426,4호선,노원,18160,20309,38469
20210426,4호선,당고개,12755,11611,24366
20210426,4호선,대공원,2802,2916,5718
20210426,4호선,대야미,5058,4630,9688
20210426,4호선,동대문,20557,21251,41808
20210426,4호선,동대문역사문화공원,13888,12911,26799
20210426,4호선,동작,2594,2838,5432
20210426,4호선,명동,16964,17149,34113
20210426,4호선,미아,15089,14897,29986
20210426,4호선,미아사거리,27405,26720,54125
20210426,4호선,반월,4561,4351,8912
20210426,4호선,범계,25043,24637,49680
20210426,4호선,사당,23049,19382,42431
20210426,4호선,산본,15973,17065,33038
20210426,4호선,삼각지,4774,5061,9835
20210426,4호선,상계,19257,17865,37122
20210426,4호선,상록수,16620,16650,33270
20210426,4호선,서울,10426,13920,24346
20210426,4호선,선바위,8396,7305,15701
20210426,4호선,성신여대입구,19136,18194,37330
20210426,4호선,수리산,4556,3905,8461
20210426,4호선,수유,33443,33511,66954
20210426,4호선,숙대입구,12679,12410,25089
20210426,4호선,신길온천,1767,1559,3326
20210426,4호선,신용산,15264,15932,31196
20210426,4호선,쌍문,29215,27004,56219
20210426,4호선,안산,12028,10942,22970
20210426,4호선,오이도,8659,8268,16927
20210426,4호선,이촌,6772,7775,14547
20210426,4호선,인덕원,23463,24365,47828
20210426,4호선,정부과천청사,10287,10229,20516
20210426,4호선,정왕,10147,10814,20961
20210426,4호선,중앙,17009,17471,34480
20210426,4호선,창동,25211,26746,51957
20210426,4호선,초지,5155,5575,10730
20210426,4호선,총신대입구,18483,20109,38592
20210426,4호선,충무로,25559,26697,52256
20210426,4호선,평촌,18239,17859,36098
20210426,4호선,한대앞,9392,9436,18828
20210426,4호선,한성대입구,13796,13479,27275
20210426,4호선,혜화,27587,27858,55445
20210426,4호선,회현,21648,23245,44893
20210427,4호선,경마공원,1228,1234,2462
20210427,4호선,고잔,8850,8457,17307
20210427,4호선,과천,5563,5210,10773
20210427,4호선,길음,20418,20046,40464
20210427,4호선,남태령,1202,1140,2342
20210427,4호선,노원,18626,20470,39096
20210427,4호선,당고개,12870,11822,24692
20210427,4호선,대공원,2962,3051,6013
20210427,4호선,대야미,5112,4629,9741
20210427,4호선,동대문,20316,20930,41246
20210427,4호선,동대문역사문화공원,13898,12928,26826
20210427,4호선,동작,2534,2799,5333
20210427,4호선,명동,16666,17133,33799
20210427,4호선,미아,15185,14818,30003
20210427,4호선,미아사거리,27323,26776,54099
20210427,4호선,반월,4510,4348,8858
20210427,4호선,범계,25129,24665,49794
20210427,4호선,사당,23902,19896,43798
20210427,4호선,산본,15811,17039,32850
20210427,4호선,삼각지,5057,5420,10477
20210427,4호선,상계,19198,17953,37151
20210427,4호선,상록수,16279,16529,32808
20210427,4호선,서울,10851,14107,24958
20210427,4호선,선바위,8581,7490,16071
20210427,4호선,성신여대입구,19734,18843,38577
20210427,4호선,수리산,4471,3741,8212
20210427,4호선,수유,33933,33708,67641
20210427,4호선,숙대입구,13052,12810,25862
20210427,4호선,신길온천,1723,1620,3343
20210427,4호선,신용산,15648,16274,31922
20210427,4호선,쌍문,29518,27377,56895
20210427,4호선,안산,11594,10532,22126
20210427,4호선,오이도,8375,8145,16520
20210427,4호선,이촌,7153,8071,15224
20210427,4호선,인덕원,23930,24616,48546
20210427,4호선,정부과천청사,10114,10020,20134
20210427,4호선,정왕,9760,10109,19869
20210427,4호선,중앙,16601,17476,34077
20210427,4호선,창동,25613,27349,52962
20210427,4호선,초지,4886,5135,10021
20210427,4호선,총신대입구,18779,20494,39273
20210427,4호선,충무로,25900,26831,52731
20210427,4호선,평촌,18288,17933,36221
20210427,4호선,한대앞,9479,9296,18775
20210427,4호선,한성대입구,13871,13590,27461
20210427,4호선,혜화,29599,29623,59222
20210427,4호선,회현,24256,25666,49922
20210428,4호선,경마공원,1386,1360,2746
20210428,4호선,고잔,8909,8506,17415
20210428,4호선,과천,5553,5157,10710
20210428,4호선,길음,20566,20171,40737
20210428,4호선,남태령,1220,1105,2325
20210428,4호선,노원,18478,20787,39265
20210428,4호선,당고개,12868,11745,24613
20210428,4호선,대공원,2774,2906,5680
20210428,4호선,대야미,5184,4692,9876
20210428,4호선,동대문,20354,21062,41416
20210428,4호선,동대문역사문화공원,14344,13169,27513
20210428,4호선,동작,2657,2871,5528
20210428,4호선,명동,17718,18403,36121
20210428,4호선,미아,15380,14775,30155
20210428,4호선,미아사거리,27587,26749,54336
20210428,4호선,반월,4427,4290,8717
20210428,4호선,범계,25332,24887,50219
20210428,4호선,사당,24006,20180,44186
20210428,4호선,산본,16177,17216,33393
20210428,4호선,삼각지,5035,5415,10450
20210428,4호선,상계,19501,18143,37644
20210428,4호선,상록수,16125,16391,32516
20210428,4호선,서울,10713,14383,25096
20210428,4호선,선바위,8603,7484,16087
20210428,4호선,성신여대입구,19636,18417,38053
20210428,4호선,수리산,4390,3637,8027
20210428,4호선,수유,33920,33793,67713
20210428,4호선,숙대입구,13023,12820,25843
20210428,4호선,신길온천,1669,1573,3242
20210428,4호선,신용산,15423,16384,31807
20210428,4호선,쌍문,29575,27180,56755
20210428,4호선,안산,11584,10444,22028
20210428,4호선,오이도,8467,8267,16734
20210428,4호선,이촌,7151,8057,15208
20210428,4호선,인덕원,23766,24370,48136
20210428,4호선,정부과천청사,9551,9324,18875
20210428,4호선,정왕,9695,10058,19753
20210428,4호선,중앙,16890,17641,34531
20210428,4호선,창동,25788,27321,53109
20210428,4호선,초지,4737,4979,9716
20210428,4호선,총신대입구,19131,20536,39667
20210428,4호선,충무로,26430,27165,53595
20210428,4호선,평촌,17874,17677,35551
20210428,4호선,한대앞,9045,9116,18161
20210428,4호선,한성대입구,14093,13653,27746
20210428,4호선,혜화,30531,30681,61212
20210428,4호선,회현,24065,25549,49614
20210429,4호선,경마공원,1236,1227,2463
20210429,4호선,고잔,8795,8464,17259
20210429,4호선,과천,5653,5170,10823
20210429,4호선,길음,20346,20029,40375
20210429,4호선,남태령,1206,1064,2270
20210429,4호선,노원,18722,21085,39807
20210429,4호선,당고개,12926,12028,24954
20210429,4호선,대공원,2694,2826,5520
20210429,4호선,대야미,5115,4532,9647
20210429,4호선,동대문,20432,20999,41431
20210429,4호선,동대문역사문화공원,14271,13458,27729
20210429,4호선,동작,2746,2891,5637
20210429,4호선,명동,18028,19168,37196
20210429,4호선,미아,15215,15061,30276
20210429,4호선,미아사거리,27780,27019,54799
20210429,4호선,반월,4391,4236,8627
20210429,4호선,범계,25702,25089,50791
20210429,4호선,사당,23992,20065,44057
20210429,4호선,산본,15766,16866,32632
20210429,4호선,삼각지,5114,5575,10689
20210429,4호선,상계,19425,18123,37548
20210429,4호선,상록수,16237,16391,32628
20210429,4호선,서울,10793,14625,25418
20210429,4호선,선바위,8708,7697,16405
20210429,4호선,성신여대입구,20323,19156,39479
20210429,4호선,수리산,4319,3649,7968
20210429,4호선,수유,33930,33385,67315
20210429,4호선,숙대입구,12919,12655,25574
20210429,4호선,신길온천,1702,1565,3267
20210429,4호선,신용산,15647,16373,32020
20210429,4호선,쌍문,29706,27353,57059
20210429,4호선,안산,11329,10259,21588
20210429,4호선,오이도,8523,8304,16827
20210429,4호선,이촌,7124,8095,15219
20210429,4호선,인덕원,23927,24607,48534
20210429,4호선,정부과천청사,9782,9702,19484
20210429,4호선,정왕,9650,9897,19547
20210429,4호선,중앙,16902,17687,34589
20210429,4호선,창동,25668,27199,52867
20210429,4호선,초지,4734,4861,9595
20210429,4호선,총신대입구,18527,20280,38807
20210429,4호선,충무로,26604,27176,53780
20210429,4호선,평촌,18216,18145,36361
20210429,4호선,한대앞,9199,9188,18387
20210429,4호선,한성대입구,14247,13993,28240
20210429,4호선,혜화,30392,30799,61191
20210429,4호선,회현,23866,25189,49055
20210430,4호선,경마공원,1215,1242,2457
20210430,4호선,고잔,9002,8653,17655
20210430,4호선,과천,5656,5210,10866
20210430,4호선,길음,20962,19873,40835
20210430,4호선,남태령,1218,1088,2306
20210430,4호선,노원,19710,22143,41853
20210430,4호선,당고개,12957,11983,24940
20210430,4호선,대공원,2440,2602,5042
20210430,4호선,대야미,5162,4534,9696
20210430,4호선,동대문,20620,21459,42079
20210430,4호선,동대문역사문화공원,14696,13729,28425
20210430,4호선,동작,2604,2760,5364
20210430,4호선,명동,18593,19435,38028
20210430,4호선,미아,15495,14693,30188
20210430,4호선,미아사거리,28628,27983,56611
20210430,4호선,반월,4463,4222,8685
20210430,4호선,범계,26467,26555,53022
20210430,4호선,사당,25729,21171,46900
20210430,4호선,산본,16137,17562,33699
20210430,4호선,삼각지,5265,5815,11080
20210430,4호선,상계,19647,18173,37820
20210430,4호선,상록수,16363,16539,32902
20210430,4호선,서울,10939,17204,28143
20210430,4호선,선바위,8742,7445,16187
20210430,4호선,성신여대입구,21117,19941,41058
20210430,4호선,수리산,4305,3429,7734
20210430,4호선,수유,34694,34557,69251
20210430,4호선,숙대입구,13514,13121,26635
20210430,4호선,신길온천,1708,1609,3317
20210430,4호선,신용산,16394,17230,33624
20210430,4호선,쌍문,30359,27630,57989
20210430,4호선,안산,12027,11490,23517
20210430,4호선,오이도,8813,8892,17705
20210430,4호선,이촌,7291,8061,15352
20210430,4호선,인덕원,24171,24753,48924
20210430,4호선,정부과천청사,9639,9391,19030
20210430,4호선,정왕,10215,9728,19943
20210430,4호선,중앙,17893,19141,37034
20210430,4호선,창동,26300,27852,54152
20210430,4호선,초지,4716,5019,9735
20210430,4호선,총신대입구,19369,21223,40592
20210430,4호선,충무로,26588,27664,54252
20210430,4호선,평촌,18015,17986,36001
20210430,4호선,한대앞,9608,9501,19109
20210430,4호선,한성대입구,14452,13686,28138
20210430,4호선,혜화,31520,31060,62580
20210430,4호선,회현,23909,25460,49369
20210503,4호선,경마공원,949,911,1860
20210503,4호선,고잔,9150,8646,17796
20210503,4호선,과천,5532,5076,10608
20210503,4호선,길음,20387,20045,40432
20210503,4호선,남태령,1244,1092,2336
20210503,4호선,노원,18765,20847,39612
20210503,4호선,당고개,13044,11849,24893
20210503,4호선,대공원,4318,4510,8828
20210503,4호선,대야미,5042,4624,9666
20210503,4호선,동대문,21355,21980,43335
20210503,4호선,동대문역사문화공원,14500,13308,27808
20210503,4호선,동작,2709,2895,5604
20210503,4호선,명동,16627,17313,33940
20210503,4호선,미아,15609,15176,30785
20210503,4호선,미아사거리,27739,26925,54664
20210503,4호선,반월,4588,4334,8922
20210503,4호선,범계,25321,24723,50044
20210503,4호선,사당,23412,19646,43058
20210503,4호선,산본,15926,17049,32975
20210503,4호선,삼각지,4779,5126,9905
20210503,4호선,상계,19158,17883,37041
20210503,4호선,상록수,16871,16924,33795
20210503,4호선,서울,10592,14539,25131
20210503,4호선,선바위,8526,7480,16006
20210503,4호선,성신여대입구,19809,18798,38607
20210503,4호선,수리산,4420,3637,8057
20210503,4호선,수유,34009,33801,67810
20210503,4호선,숙대입구,12628,12473,25101
20210503,4호선,신길온천,1836,1653,3489
20210503,4호선,신용산,14962,15824,30786
20210503,4호선,쌍문,29996,27344,57340
20210503,4호선,안산,11879,11043,22922
20210503,4호선,오이도,8818,8323,17141
20210503,4호선,이촌,6921,7902,14823
20210503,4호선,인덕원,23215,23943,47158
20210503,4호선,정부과천청사,9993,9868,19861
20210503,4호선,정왕,9734,10407,20141
20210503,4호선,중앙,17613,18277,35890
20210503,4호선,창동,25951,27484,53435
20210503,4호선,초지,4719,4813,9532
20210503,4호선,총신대입구,18714,20401,39115
20210503,4호선,충무로,26275,27086,53361
20210503,4호선,평촌,17693,17519,35212
20210503,4호선,한대앞,9213,9111,18324
20210503,4호선,한성대입구,13667,13354,27021
20210503,4호선,혜화,28224,28425,56649
20210503,4호선,회현,24617,26112,50729
20210504,4호선,경마공원,1129,1077,2206
20210504,4호선,고잔,8588,8296,16884
20210504,4호선,과천,5296,5024,10320
20210504,4호선,길음,20195,19707,39902
20210504,4호선,남태령,1213,1070,2283
20210504,4호선,노원,19152,20729,39881
20210504,4호선,당고개,12306,11403,23709
20210504,4호선,대공원,1776,1796,3572
20210504,4호선,대야미,4722,4182,8904
20210504,4호선,동대문,19945,20283,40228
20210504,4호선,동대문역사문화공원,13868,12838,26706
20210504,4호선,동작,2107,2202,4309
20210504,4호선,명동,15599,16467,32066
20210504,4호선,미아,14857,14301,29158
20210504,4호선,미아사거리,26941,26516,53457
20210504,4호선,반월,4173,3959,8132
20210504,4호선,범계,24653,24230,48883
20210504,4호선,사당,23985,20137,44122
20210504,4호선,산본,15174,16293,31467
20210504,4호선,삼각지,4924,5424,10348
20210504,4호선,상계,18625,17207,35832
20210504,4호선,상록수,15925,15958,31883
20210504,4호선,서울,10496,15078,25574
20210504,4호선,선바위,8165,7169,15334
20210504,4호선,성신여대입구,19846,18951,38797
20210504,4호선,수리산,4065,3251,7316
20210504,4호선,수유,33129,33208,66337
20210504,4호선,숙대입구,12699,12631,25330
20210504,4호선,신길온천,1558,1487,3045
20210504,4호선,신용산,15415,16125,31540
20210504,4호선,쌍문,29032,26901,55933
20210504,4호선,안산,11023,10080,21103
20210504,4호선,오이도,7982,7687,15669
20210504,4호선,이촌,6824,7662,14486
20210504,4호선,인덕원,22995,23711,46706
20210504,4호선,정부과천청사,9547,9510,19057
20210504,4호선,정왕,9593,9775,19368
20210504,4호선,중앙,16518,17428,33946
20210504,4호선,창동,25003,26430,51433
20210504,4호선,초지,4613,4781,9394
20210504,4호선,총신대입구,18472,20024,38496
20210504,4호선,충무로,26100,26743,52843
20210504,4호선,평촌,17554,17283,34837
20210504,4호선,한대앞,8869,8777,17646
20210504,4호선,한성대입구,13509,13332,26841
20210504,4호선,혜화,30111,29483,59594
20210504,4호선,회현,23166,24207,47373
20210505,4호선,경마공원,1470,1295,2765
20210505,4호선,고잔,4761,4579,9340
20210505,4호선,과천,3696,3327,7023
20210505,4호선,길음,11096,10859,21955
20210505,4호선,남태령,786,612,1398
20210505,4호선,노원,13622,14869,28491
20210505,4호선,당고개,8569,8179,16748
20210505,4호선,대공원,12692,13007,25699
20210505,4호선,대야미,3500,3051,6551
20210505,4호선,동대문,16981,17716,34697
20210505,4호선,동대문역사문화공원,10898,10008,20906
20210505,4호선,동작,2267,2372,4639
20210505,4호선,명동,10676,11519,22195
20210505,4호선,미아,9006,8596,17602
20210505,4호선,미아사거리,18390,17697,36087
20210505,4호선,반월,2781,2711,5492
20210505,4호선,범계,16368,16084,32452
20210505,4호선,사당,15447,13577,29024
20210505,4호선,산본,10045,10689,20734
20210505,4호선,삼각지,2275,2968,5243
20210505,4호선,상계,11681,11099,22780
20210505,4호선,상록수,10392,10333,20725
20210505,4호선,서울,4169,7737,11906
20210505,4호선,선바위,4545,4135,8680
20210505,4호선,성신여대입구,14503,13536,28039
20210505,4호선,수리산,2485,2491,4976
20210505,4호선,수유,22365,21539,43904
20210505,4호선,숙대입구,6961,6775,13736
20210505,4호선,신길온천,1232,1188,2420
20210505,4호선,신용산,7573,7784,15357
20210505,4호선,쌍문,17946,16320,34266
20210505,4호선,안산,7876,7427,15303
20210505,4호선,오이도,7120,7427,14547
20210505,4호선,이촌,5345,6225,11570
20210505,4호선,인덕원,12271,12101,24372
20210505,4호선,정부과천청사,5238,5306,10544
20210505,4호선,정왕,5271,5420,10691
20210505,4호선,중앙,12740,13076,25816
20210505,4호선,창동,16270,16964,33234
20210505,4호선,초지,2647,2670,5317
20210505,4호선,총신대입구,11705,12733,24438
20210505,4호선,충무로,11109,11275,22384
20210505,4호선,평촌,6989,6802,13791
20210505,4호선,한대앞,5947,5923,11870
20210505,4호선,한성대입구,8795,8612,17407
20210505,4호선,혜화,22962,23801,46763
20210505,4호선,회현,15543,16922,32465
20210506,4호선,경마공원,1253,1245,2498
20210506,4호선,고잔,9147,8648,17795
20210506,4호선,과천,5731,5241,10972
20210506,4호선,길음,20400,19968,40368
20210506,4호선,남태령,1264,1151,2415
20210506,4호선,노원,19129,21321,40450
20210506,4호선,당고개,13216,11930,25146
20210506,4호선,대공원,4805,4888,9693
20210506,4호선,대야미,5199,4747,9946
20210506,4호선,동대문,21164,21594,42758
20210506,4호선,동대문역사문화공원,14497,13292,27789
20210506,4호선,동작,2735,3045,5780
20210506,4호선,명동,16944,17478,34422
20210506,4호선,미아,15634,15215,30849
20210506,4호선,미아사거리,27679,27412,55091
20210506,4호선,반월,4490,4258,8748
20210506,4호선,범계,25756,25478,51234
20210506,4호선,사당,24256,20126,44382
20210506,4호선,산본,16402,17625,34027
20210506,4호선,삼각지,5088,5510,10598
20210506,4호선,상계,19557,18046,37603
20210506,4호선,상록수,16513,16522,33035
20210506,4호선,서울,10663,15279,25942
20210506,4호선,선바위,8762,7573,16335
20210506,4호선,성신여대입구,20363,19174,39537
20210506,4호선,수리산,4432,3562,7994
20210506,4호선,수유,34357,34064,68421
20210506,4호선,숙대입구,12682,12354,25036
20210506,4호선,신길온천,1740,1584,3324
20210506,4호선,신용산,15514,16482,31996
20210506,4호선,쌍문,29549,27307,56856
20210506,4호선,안산,11604,10621,22225
20210506,4호선,오이도,8823,8525,17348
20210506,4호선,이촌,7758,8582,16340
20210506,4호선,인덕원,23901,24242,48143
20210506,4호선,정부과천청사,10123,10109,20232
20210506,4호선,정왕,9950,10146,20096
20210506,4호선,중앙,17670,18263,35933
20210506,4호선,창동,26210,27684,53894
20210506,4호선,초지,4659,4876,9535
20210506,4호선,총신대입구,19018,20709,39727
20210506,4호선,충무로,26275,27631,53906
20210506,4호선,평촌,18035,17762,35797
20210506,4호선,한대앞,9178,9274,18452
20210506,4호선,한성대입구,13998,13625,27623
20210506,4호선,혜화,30787,30950,61737
20210506,4호선,회현,24722,26075,50797
20210507,4호선,경마공원,1208,1190,2398
20210507,4호선,고잔,8863,8564,17427
20210507,4호선,과천,5527,5095,10622
20210507,4호선,길음,20324,19648,39972
20210507,4호선,남태령,1232,1108,2340
20210507,4호선,노원,19711,22401,42112
20210507,4호선,당고개,13150,11878,25028
20210507,4호선,대공원,2726,2738,5464
20210507,4호선,대야미,4973,4392,9365
20210507,4호선,동대문,20122,20841,40963
20210507,4호선,동대문역사문화공원,14440,13181,27621
20210507,4호선,동작,2396,2557,4953
20210507,4호선,명동,16754,17113,33867
20210507,4호선,미아,15117,14785,29902
20210507,4호선,미아사거리,28132,27613,55745
20210507,4호선,반월,4365,4177,8542
20210507,4호선,범계,26229,26238,52467
20210507,4호선,사당,25274,20653,45927
20210507,4호선,산본,16037,17635,33672
20210507,4호선,삼각지,5130,5537,10667
20210507,4호선,상계,19362,18004,37366
20210507,4호선,상록수,16208,16341,32549
20210507,4호선,서울,10727,17437,28164
20210507,4호선,선바위,8314,7286,15600
20210507,4호선,성신여대입구,20700,19371,40071
20210507,4호선,수리산,4208,3263,7471
20210507,4호선,수유,34128,34382,68510
20210507,4호선,숙대입구,12806,12435,25241
20210507,4호선,신길온천,1646,1554,3200
20210507,4호선,신용산,15911,16844,32755
20210507,4호선,쌍문,29896,27378,57274
20210507,4호선,안산,11839,10833,22672
20210507,4호선,오이도,8549,8534,17083
20210507,4호선,이촌,7258,8086,15344
20210507,4호선,인덕원,23548,24199,47747
20210507,4호선,정부과천청사,9839,9909,19748
20210507,4호선,정왕,9635,9379,19014
20210507,4호선,중앙,18039,19523,37562
20210507,4호선,창동,25734,27673,53407
20210507,4호선,초지,4589,4831,9420
20210507,4호선,총신대입구,19031,20728,39759
20210507,4호선,충무로,26155,26963,53118
20210507,4호선,평촌,17825,17680,35505
20210507,4호선,한대앞,9278,9143,18421
20210507,4호선,한성대입구,14348,13681,28029
20210507,4호선,혜화,31769,31210,62979
20210507,4호선,회현,23435,24854,48289
20210510,4호선,경마공원,823,760,1583
20210510,4호선,고잔,8483,8045,16528
20210510,4호선,과천,5275,4923,10198
20210510,4호선,길음,19995,19685,39680
20210510,4호선,남태령,1143,1049,2192
20210510,4호선,노원,17959,20108,38067
20210510,4호선,당고개,12660,11501,24161
20210510,4호선,대공원,1386,1423,2809
20210510,4호선,대야미,4583,4203,8786
20210510,4호선,동대문,19662,20318,39980
20210510,4호선,동대문역사문화공원,13737,12768,26505
20210510,4호선,동작,2425,2615,5040
20210510,4호선,명동,16494,16612,33106
20210510,4호선,미아,14948,14767,29715
20210510,4호선,미아사거리,26920,26127,53047
20210510,4호선,반월,4131,4034,8165
20210510,4호선,범계,24006,23383,47389
20210510,4호선,사당,22927,19287,42214
20210510,4호선,산본,15067,16013,31080
20210510,4호선,삼각지,4801,5135,9936
20210510,4호선,상계,18968,17521,36489
20210510,4호선,상록수,15621,15754,31375
20210510,4호선,서울,10597,13937,24534
20210510,4호선,선바위,8268,7169,15437
20210510,4호선,성신여대입구,18812,18167,36979
20210510,4호선,수리산,4066,3233,7299
20210510,4호선,수유,32914,32886,65800
20210510,4호선,숙대입구,12451,12365,24816
20210510,4호선,신길온천,1535,1413,2948
20210510,4호선,신용산,15332,16062,31394
20210510,4호선,쌍문,29260,26914,56174
20210510,4호선,안산,11300,10170,21470
20210510,4호선,오이도,7889,7429,15318
20210510,4호선,이촌,6691,7416,14107
20210510,4호선,인덕원,22786,23540,46326
20210510,4호선,정부과천청사,9893,9618,19511
20210510,4호선,정왕,8877,9851,18728
20210510,4호선,중앙,16172,16740,32912
20210510,4호선,창동,24998,26656,51654
20210510,4호선,초지,4559,4630,9189
20210510,4호선,총신대입구,18035,19688,37723
20210510,4호선,충무로,25387,26441,51828
20210510,4호선,평촌,17665,17493,35158
20210510,4호선,한대앞,8415,8494,16909
20210510,4호선,한성대입구,13277,13063,26340
20210510,4호선,혜화,28363,28320,56683
20210510,4호선,회현,20370,21912,42282
20210511,4호선,경마공원,1303,1322,2625
20210511,4호선,고잔,9282,8873,18155
20210511,4호선,과천,5861,5400,11261
20210511,4호선,길음,20862,20340,41202
20210511,4호선,남태령,1285,1127,2412
20210511,4호선,노원,18908,21047,39955
20210511,4호선,당고개,13360,12130,25490
20210511,4호선,대공원,3482,3658,7140
20210511,4호선,대야미,5368,4921,10289
20210511,4호선,동대문,21103,21881,42984
20210511,4호선,동대문역사문화공원,14516,13543,28059
20210511,4호선,동작,2872,3097,5969
20210511,4호선,명동,17110,17701,34811
20210511,4호선,미아,15611,15283,30894
20210511,4호선,미아사거리,27977,27447,55424
20210511,4호선,반월,4665,4410,9075
20210511,4호선,범계,25859,25555,51414
20210511,4호선,사당,24597,20719,45316
20210511,4호선,산본,16417,17662,34079
20210511,4호선,삼각지,5194,5486,10680
20210511,4호선,상계,19599,18201,37800
20210511,4호선,상록수,16860,17084,33944
20210511,4호선,서울,10792,14557,25349
20210511,4호선,선바위,8736,7641,16377
20210511,4호선,성신여대입구,20342,19489,39831
20210511,4호선,수리산,4440,3703,8143
20210511,4호선,수유,34495,34349,68844
20210511,4호선,숙대입구,13112,12779,25891
20210511,4호선,신길온천,1748,1615,3363
20210511,4호선,신용산,15425,16477,31902
20210511,4호선,쌍문,29881,27365,57246
20210511,4호선,안산,11837,10590,22427
20210511,4호선,오이도,8782,8417,17199
20210511,4호선,이촌,7291,8310,15601
20210511,4호선,인덕원,24375,24805,49180
20210511,4호선,정부과천청사,10406,10266,20672
20210511,4호선,정왕,9960,10341,20301
20210511,4호선,중앙,17711,18461,36172
20210511,4호선,창동,26215,27623,53838
20210511,4호선,초지,4963,5177,10140
20210511,4호선,총신대입구,19215,20904,40119
20210511,4호선,충무로,26706,27735,54441
20210511,4호선,평촌,18633,18453,37086
20210511,4호선,한대앞,9248,9385,18633
20210511,4호선,한성대입구,14134,13722,27856
20210511,4호선,혜화,31318,31741,63059
20210511,4호선,회현,24935,26459,51394
20210512,4호선,경마공원,1288,1249,2537
20210512,4호선,고잔,9276,8914,18190
20210512,4호선,과천,5808,5355,11163
20210512,4호선,길음,20921,20378,41299
20210512,4호선,남태령,1283,1222,2505
20210512,4호선,노원,19122,21338,40460
20210512,4호선,당고개,13571,12394,25965
20210512,4호선,대공원,3363,3507,6870
20210512,4호선,대야미,5305,4724,10029
20210512,4호선,동대문,20986,21535,42521
20210512,4호선,동대문역사문화공원,14562,13648,28210
20210512,4호선,동작,2806,3013,5819
20210512,4호선,명동,17248,17794,35042
20210512,4호선,미아,15485,15254,30739
20210512,4호선,미아사거리,28077,27313,55390
20210512,4호선,반월,4534,4329,8863
20210512,4호선,범계,25863,25499,51362
20210512,4호선,사당,24787,20666,45453
20210512,4호선,산본,16373,17538,33911
20210512,4호선,삼각지,5052,5516,10568
20210512,4호선,상계,19770,18390,38160
20210512,4호선,상록수,16527,16801,33328
20210512,4호선,서울,10832,14606,25438
20210512,4호선,선바위,8740,7751,16491
20210512,4호선,성신여대입구,20450,19374,39824
20210512,4호선,수리산,4514,3684,8198
20210512,4호선,수유,34488,34344,68832
20210512,4호선,숙대입구,13034,12981,26015
20210512,4호선,신길온천,1796,1667,3463
20210512,4호선,신용산,14864,15752,30616
20210512,4호선,쌍문,29853,27510,57363
20210512,4호선,안산,12043,10840,22883
20210512,4호선,오이도,8805,8518,17323
20210512,4호선,이촌,7491,8432,15923
20210512,4호선,인덕원,24680,24989,49669
20210512,4호선,정부과천청사,10387,10144,20531
20210512,4호선,정왕,9562,10082,19644
20210512,4호선,중앙,17751,18440,36191
20210512,4호선,창동,26307,27687,53994
20210512,4호선,초지,4819,5186,10005
20210512,4호선,총신대입구,19274,21042,40316
20210512,4호선,충무로,26893,27940,54833
20210512,4호선,평촌,18552,18413,36965
20210512,4호선,한대앞,9226,9279,18505
20210512,4호선,한성대입구,14343,14131,28474
20210512,4호선,혜화,32833,33108,65941
20210512,4호선,회현,24791,26379,51170
20210513,4호선,경마공원,1372,1326,2698
20210513,4호선,고잔,9132,8804,17936
20210513,4호선,과천,5773,5243,11016
20210513,4호선,길음,20921,20327,41248
20210513,4호선,남태령,1355,1177,2532
20210513,4호선,노원,18646,20838,39484
20210513,4호선,당고개,13205,12133,25338
20210513,4호선,대공원,3341,3555,6896
20210513,4호선,대야미,5049,4597,9646
20210513,4호선,동대문,20850,21228,42078
20210513,4호선,동대문역사문화공원,14586,13435,28021
20210513,4호선,동작,2792,3012,5804
20210513,4호선,명동,17187,17847,35034
20210513,4호선,미아,15570,15039,30609
20210513,4호선,미아사거리,27689,26996,54685
20210513,4호선,반월,4468,4283,8751
20210513,4호선,범계,25673,25178,50851
20210513,4호선,사당,24752,20695,45447
20210513,4호선,산본,15824,16813,32637
20210513,4호선,삼각지,5151,5568,10719
20210513,4호선,상계,19511,18112,37623
20210513,4호선,상록수,16530,16626,33156
20210513,4호선,서울,10759,15206,25965
20210513,4호선,선바위,8773,7624,16397
20210513,4호선,성신여대입구,20156,19043,39199
20210513,4호선,수리산,4269,3420,7689
20210513,4호선,수유,34000,33854,67854
20210513,4호선,숙대입구,13169,12998,26167
20210513,4호선,신길온천,1709,1594,3303
20210513,4호선,신용산,15768,16690,32458
20210513,4호선,쌍문,29918,27475,57393
20210513,4호선,안산,11813,10636,22449
20210513,4호선,오이도,8717,8653,17370
20210513,4호선,이촌,7362,8280,15642
20210513,4호선,인덕원,24283,24789,49072
20210513,4호선,정부과천청사,10416,10364,20780
20210513,4호선,정왕,9877,10088,19965
20210513,4호선,중앙,17605,18453,36058
20210513,4호선,창동,26052,27349,53401
20210513,4호선,초지,4767,4899,9666
20210513,4호선,총신대입구,18983,20638,39621
20210513,4호선,충무로,26722,27809,54531
20210513,4호선,평촌,18820,18558,37378
20210513,4호선,한대앞,9447,9240,18687
20210513,4호선,한성대입구,14065,13802,27867
20210513,4호선,혜화,31880,32164,64044
20210513,4호선,회현,24377,25950,50327
20210514,4호선,경마공원,1355,1331,2686
20210514,4호선,고잔,9384,8951,18335
20210514,4호선,과천,5916,5357,11273
20210514,4호선,길음,20924,20149,41073
20210514,4호선,남태령,1337,1160,2497
20210514,4호선,노원,19930,22627,42557
20210514,4호선,당고개,13303,12243,25546
20210514,4호선,대공원,3621,3830,7451
20210514,4호선,대야미,5109,4510,9619
20210514,4호선,동대문,21229,21734,42963
20210514,4호선,동대문역사문화공원,14945,13856,28801
20210514,4호선,동작,2898,3105,6003
20210514,4호선,명동,17381,18460,35841
20210514,4호선,미아,15757,15209,30966
20210514,4호선,미아사거리,29142,28427,57569
20210514,4호선,반월,4644,4384,9028
20210514,4호선,범계,27137,27133,54270
20210514,4호선,사당,26279,22077,48356
20210514,4호선,산본,16713,18058,34771
20210514,4호선,삼각지,5360,6045,11405
20210514,4호선,상계,19864,18446,38310
20210514,4호선,상록수,16737,16886,33623
20210514,4호선,서울,11294,17408,28702
20210514,4호선,선바위,9022,7701,16723
20210514,4호선,성신여대입구,21724,20638,42362
20210514,4호선,수리산,4375,3440,7815
20210514,4호선,수유,35318,34815,70133
20210514,4호선,숙대입구,13726,13392,27118
20210514,4호선,신길온천,1772,1657,3429
20210514,4호선,신용산,16871,17802,34673
20210514,4호선,쌍문,30806,25857,56663
20210514,4호선,안산,12256,11169,23425
20210514,4호선,오이도,9154,9109,18263
20210514,4호선,이촌,7958,8980,16938
20210514,4호선,인덕원,24929,25297,50226
20210514,4호선,정부과천청사,10577,10556,21133
20210514,4호선,정왕,10090,9835,19925
20210514,4호선,중앙,18780,20012,38792
20210514,4호선,창동,26660,28441,55101
20210514,4호선,초지,4752,5000,9752
20210514,4호선,총신대입구,19999,21974,41973
20210514,4호선,충무로,27455,28479,55934
20210514,4호선,평촌,18681,18357,37038
20210514,4호선,한대앞,10012,9710,19722
20210514,4호선,한성대입구,14745,14103,28848
20210514,4호선,혜화,33694,33149,66843
20210514,4호선,회현,24695,26453,51148
20210517,4호선,경마공원,899,856,1755
20210517,4호선,고잔,8690,8213,16903
20210517,4호선,과천,5312,4902,10214
20210517,4호선,길음,19684,19396,39080
20210517,4호선,남태령,1140,1020,2160
20210517,4호선,노원,18025,20137,38162
20210517,4호선,당고개,12621,11334,23955
20210517,4호선,대공원,1501,1538,3039
20210517,4호선,대야미,4709,4419,9128
20210517,4호선,동대문,20000,20732,40732
20210517,4호선,동대문역사문화공원,13918,12949,26867
20210517,4호선,동작,2268,2500,4768
20210517,4호선,명동,16654,17012,33666
20210517,4호선,미아,15025,14802,29827
20210517,4호선,미아사거리,26616,25631,52247
20210517,4호선,반월,4245,4027,8272
20210517,4호선,범계,24180,23421,47601
20210517,4호선,사당,23191,19335,42526
20210517,4호선,산본,15300,16316,31616
20210517,4호선,삼각지,4785,5164,9949
20210517,4호선,상계,18832,17370,36202
20210517,4호선,상록수,16073,16057,32130
20210517,4호선,서울,10527,14298,24825
20210517,4호선,선바위,8375,7174,15549
20210517,4호선,성신여대입구,18914,18306,37220
20210517,4호선,수리산,4143,3336,7479
20210517,4호선,수유,32692,32505,65197
20210517,4호선,숙대입구,12653,12335,24988
20210517,4호선,신길온천,1635,1441,3076
20210517,4호선,신용산,15269,16243,31512
20210517,4호선,쌍문,28950,26540,55490
20210517,4호선,안산,11850,10596,22446
20210517,4호선,오이도,8006,7605,15611
20210517,4호선,이촌,6762,7544,14306
20210517,4호선,인덕원,23027,23792,46819
20210517,4호선,정부과천청사,9854,9784,19638
20210517,4호선,정왕,9334,10048,19382
20210517,4호선,중앙,16556,17240,33796
20210517,4호선,창동,25073,26592,51665
20210517,4호선,초지,4583,4716,9299
20210517,4호선,총신대입구,18033,19603,37636
20210517,4호선,충무로,25573,26640,52213
20210517,4호선,평촌,17949,17697,35646
20210517,4호선,한대앞,8750,8745,17495
20210517,4호선,한성대입구,13312,13104,26416
20210517,4호선,혜화,28042,28290,56332
20210517,4호선,회현,22612,23973,46585
20210518,4호선,경마공원,1412,1324,2736
20210518,4호선,고잔,9574,9234,18808
20210518,4호선,과천,5924,5359,11283
20210518,4호선,길음,21447,20483,41930
20210518,4호선,남태령,1338,1114,2452
20210518,4호선,노원,19731,22169,41900
20210518,4호선,당고개,13633,12292,25925
20210518,4호선,대공원,4257,4430,8687
20210518,4호선,대야미,5419,4866,10285
20210518,4호선,동대문,21226,22107,43333
20210518,4호선,동대문역사문화공원,15014,13792,28806
20210518,4호선,동작,2973,3222,6195
20210518,4호선,명동,17909,18727,36636
20210518,4호선,미아,15993,15195,31188
20210518,4호선,미아사거리,28711,27643,56354
20210518,4호선,반월,4570,4358,8928
20210518,4호선,범계,27073,26348,53421
20210518,4호선,사당,26123,22238,48361
20210518,4호선,산본,16823,17964,34787
20210518,4호선,삼각지,5446,6018,11464
20210518,4호선,상계,19726,18037,37763
20210518,4호선,상록수,17464,17335,34799
20210518,4호선,서울,11096,15994,27090
20210518,4호선,선바위,9188,7930,17118
20210518,4호선,성신여대입구,20860,19952,40812
20210518,4호선,수리산,4468,3602,8070
20210518,4호선,수유,35450,35477,70927
20210518,4호선,숙대입구,13704,13489,27193
20210518,4호선,신길온천,1790,1678,3468
20210518,4호선,신용산,16645,17868,34513
20210518,4호선,쌍문,30587,27774,58361
20210518,4호선,안산,12358,11187,23545
20210518,4호선,오이도,9107,9037,18144
20210518,4호선,이촌,7869,8810,16679
20210518,4호선,인덕원,25291,25390,50681
20210518,4호선,정부과천청사,10705,10585,21290
20210518,4호선,정왕,10434,10775,21209
20210518,4호선,중앙,18624,19671,38295
20210518,4호선,창동,27001,28549,55550
20210518,4호선,초지,5305,5808,11113
20210518,4호선,총신대입구,20089,21936,42025
20210518,4호선,충무로,27203,28450,55653
20210518,4호선,평촌,18949,18725,37674
20210518,4호선,한대앞,9806,9723,19529
20210518,4호선,한성대입구,14856,14300,29156
20210518,4호선,혜화,32922,32664,65586
20210518,4호선,회현,25366,27110,52476
20210519,4호선,경마공원,1023,996,2019
20210519,4호선,고잔,5193,4990,10183
20210519,4호선,과천,4052,3590,7642
20210519,4호선,길음,12090,11921,24011
20210519,4호선,남태령,986,788,1774
20210519,4호선,노원,14092,15095,29187
20210519,4호선,당고개,10844,10476,21320
20210519,4호선,대공원,10656,11086,21742
20210519,4호선,대야미,3943,3594,7537
20210519,4호선,동대문,16934,17608,34542
20210519,4호선,동대문역사문화공원,10681,9441,20122
20210519,4호선,동작,2561,2692,5253
20210519,4호선,명동,10871,11821,22692
20210519,4호선,미아,9541,9304,18845
20210519,4호선,미아사거리,18817,18245,37062
20210519,4호선,반월,2984,2900,5884
20210519,4호선,범계,17196,16823,34019
20210519,4호선,사당,16738,14882,31620
20210519,4호선,산본,10819,11213,22032
20210519,4호선,삼각지,2559,3158,5717
20210519,4호선,상계,12512,11906,24418
20210519,4호선,상록수,11188,11105,22293
20210519,4호선,서울,4195,8132,12327
20210519,4호선,선바위,4643,4284,8927
20210519,4호선,성신여대입구,15641,14932,30573
20210519,4호선,수리산,2660,2720,5380
20210519,4호선,수유,23875,22821,46696
20210519,4호선,숙대입구,7340,7041,14381
20210519,4호선,신길온천,1288,1221,2509
20210519,4호선,신용산,8341,9057,17398
20210519,4호선,쌍문,18398,16803,35201
20210519,4호선,안산,8342,7829,16171
20210519,4호선,오이도,7786,7920,15706
20210519,4호선,이촌,5802,6793,12595
20210519,4호선,인덕원,13930,13432,27362
20210519,4호선,정부과천청사,5360,5522,10882
20210519,4호선,정왕,5451,5775,11226
20210519,4호선,중앙,13384,13618,27002
20210519,4호선,창동,16910,17890,34800
20210519,4호선,초지,2696,2746,5442
20210519,4호선,총신대입구,12422,13417,25839
20210519,4호선,충무로,11584,11548,23132
20210519,4호선,평촌,7706,7520,15226
20210519,4호선,한대앞,6167,6249,12416
20210519,4호선,한성대입구,11237,11214,22451
20210519,4호선,혜화,23085,23651,46736
20210519,4호선,회현,16074,17376,33450
20210520,4호선,경마공원,1278,1233,2511
20210520,4호선,고잔,8959,8527,17486
20210520,4호선,과천,5442,5110,10552
20210520,4호선,길음,20274,20033,40307
20210520,4호선,남태령,1212,1113,2325
20210520,4호선,노원,18370,20419,38789
20210520,4호선,당고개,12798,11813,24611
20210520,4호선,대공원,2374,2404,4778
20210520,4호선,대야미,4828,4387,9215
20210520,4호선,동대문,20306,20709,41015
20210520,4호선,동대문역사문화공원,13948,12944,26892
20210520,4호선,동작,2350,2564,4914
20210520,4호선,명동,16220,16757,32977
20210520,4호선,미아,15243,15077,30320
20210520,4호선,미아사거리,27016,26496,53512
20210520,4호선,반월,4307,4061,8368
20210520,4호선,범계,24765,24428,49193
20210520,4호선,사당,23776,20248,44024
20210520,4호선,산본,15560,16591,32151
20210520,4호선,삼각지,5079,5466,10545
20210520,4호선,상계,18949,17691,36640
20210520,4호선,상록수,15943,16240,32183
20210520,4호선,서울,10499,14881,25380
20210520,4호선,선바위,8637,7438,16075
20210520,4호선,성신여대입구,19402,18509,37911
20210520,4호선,수리산,4184,3471,7655
20210520,4호선,수유,33317,33057,66374
20210520,4호선,숙대입구,13009,12705,25714
20210520,4호선,신길온천,1624,1509,3133
20210520,4호선,신용산,16310,16932,33242
20210520,4호선,쌍문,29330,26948,56278
20210520,4호선,안산,11289,10285,21574
20210520,4호선,오이도,8170,7852,16022
20210520,4호선,이촌,7209,8017,15226
20210520,4호선,인덕원,23521,24267,47788
20210520,4호선,정부과천청사,10116,10126,20242
20210520,4호선,정왕,9593,9839,19432
20210520,4호선,중앙,17064,17540,34604
20210520,4호선,창동,25615,27086,52701
20210520,4호선,초지,5122,5442,10564
20210520,4호선,총신대입구,18529,20212,38741
20210520,4호선,충무로,26443,27232,53675
20210520,4호선,평촌,17921,17777,35698
20210520,4호선,한대앞,9024,8887,17911
20210520,4호선,한성대입구,13860,13533,27393
20210520,4호선,혜화,31262,31339,62601
20210520,4호선,회현,23030,24276,47306
20210521,4호선,경마공원,1266,1274,2540
20210521,4호선,고잔,9102,8701,17803
20210521,4호선,과천,5818,5341,11159
20210521,4호선,길음,20700,19726,40426
20210521,4호선,남태령,1268,1041,2309
20210521,4호선,노원,19399,22065,41464
20210521,4호선,당고개,12944,11852,24796
20210521,4호선,대공원,2892,3031,5923
20210521,4호선,대야미,4955,4422,9377
20210521,4호선,동대문,20728,21312,42040
20210521,4호선,동대문역사문화공원,14433,13630,28063
20210521,4호선,동작,2550,2743,5293
20210521,4호선,명동,16903,17512,34415
20210521,4호선,미아,15513,15050,30563
20210521,4호선,미아사거리,28496,27657,56153
20210521,4호선,반월,4301,4069,8370
20210521,4호선,범계,25894,26060,51954
20210521,4호선,사당,23033,21550,44583
20210521,4호선,산본,15921,17373,33294
20210521,4호선,삼각지,5283,5693,10976
20210521,4호선,상계,19196,17880,37076
20210521,4호선,상록수,16090,16150,32240
20210521,4호선,서울,10759,16944,27703
20210521,4호선,선바위,8683,7442,16125
20210521,4호선,성신여대입구,20672,19716,40388
20210521,4호선,수리산,4257,3360,7617
20210521,4호선,수유,34571,34424,68995
20210521,4호선,숙대입구,13279,13054,26333
20210521,4호선,신길온천,1671,1543,3214
20210521,4호선,신용산,16626,17721,34347
20210521,4호선,쌍문,29920,27258,57178
20210521,4호선,안산,11836,10745,22581
20210521,4호선,오이도,8524,8433,16957
20210521,4호선,이촌,7429,8395,15824
20210521,4호선,인덕원,24422,24821,49243
20210521,4호선,정부과천청사,10278,10104,20382
20210521,4호선,정왕,9723,9423,19146
20210521,4호선,중앙,17933,18937,36870
20210521,4호선,창동,26360,27948,54308
20210521,4호선,초지,4881,5319,10200
20210521,4호선,총신대입구,19225,20963,40188
20210521,4호선,충무로,26378,27662,54040
20210521,4호선,평촌,18167,17750,35917
20210521,4호선,한대앞,9141,9156,18297
20210521,4호선,한성대입구,14369,13635,28004
20210521,4호선,혜화,32565,31974,64539
20210521,4호선,회현,23279,24654,47933
20210524,4호선,경마공원,911,899,1810
20210524,4호선,고잔,9167,8726,17893
20210524,4호선,과천,5462,5078,10540
20210524,4호선,길음,20203,19666,39869
20210524,4호선,남태령,1223,1117,2340
20210524,4호선,노원,18008,20134,38142
20210524,4호선,당고개,12948,11634,24582
20210524,4호선,대공원,3395,3449,6844
20210524,4호선,대야미,5090,4709,9799
20210524,4호선,동대문,20941,21759,42700
20210524,4호선,동대문역사문화공원,14241,13266,27507
20210524,4호선,동작,2676,2856,5532
20210524,4호선,명동,17369,17737,35106
20210524,4호선,미아,15389,14990,30379
20210524,4호선,미아사거리,26616,25739,52355
20210524,4호선,반월,4599,4311,8910
20210524,4호선,범계,24355,23858,48213
20210524,4호선,사당,23331,19878,43209
20210524,4호선,산본,15897,16987,32884
20210524,4호선,삼각지,4865,5307,10172
20210524,4호선,상계,19238,17794,37032
20210524,4호선,상록수,16668,16610,33278
20210524,4호선,서울,10726,14547,25273
20210524,4호선,선바위,8690,7546,16236
20210524,4호선,성신여대입구,19123,18389,37512
20210524,4호선,수리산,4341,3593,7934
20210524,4호선,수유,33625,33611,67236
20210524,4호선,숙대입구,12647,12467,25114
20210524,4호선,신길온천,1758,1599,3357
20210524,4호선,신용산,15046,16000,31046
20210524,4호선,쌍문,29559,27183,56742
20210524,4호선,안산,12075,10810,22885
20210524,4호선,오이도,8485,8128,16613
20210524,4호선,이촌,6987,7859,14846
20210524,4호선,인덕원,23979,24697,48676
20210524,4호선,정부과천청사,10138,10076,20214
20210524,4호선,정왕,9743,10522,20265
20210524,4호선,중앙,17320,17915,35235
20210524,4호선,창동,25838,27239,53077
20210524,4호선,초지,5036,5554,10590
20210524,4호선,총신대입구,18828,20191,39019
20210524,4호선,충무로,26023,27087,53110
20210524,4호선,평촌,18275,17950,36225
20210524,4호선,한대앞,9285,9259,18544
20210524,4호선,한성대입구,13571,13261,26832
20210524,4호선,혜화,28587,28724,57311
20210524,4호선,회현,24043,25507,49550
20210525,4호선,경마공원,1303,1276,2579
20210525,4호선,고잔,8828,8600,17428
20210525,4호선,과천,5527,5054,10581
20210525,4호선,길음,20198,19975,40173
20210525,4호선,남태령,1262,1095,2357
20210525,4호선,노원,18491,20641,39132
20210525,4호선,당고개,12976,11785,24761
20210525,4호선,대공원,2538,2664,5202
20210525,4호선,대야미,4957,4523,9480
20210525,4호선,동대문,20502,21063,41565
20210525,4호선,동대문역사문화공원,14155,13195,27350
20210525,4호선,동작,2513,2761,5274
20210525,4호선,명동,16656,17184,33840
20210525,4호선,미아,15309,15055,30364
20210525,4호선,미아사거리,27560,26601,54161
20210525,4호선,반월,4338,4150,8488
20210525,4호선,범계,25166,24527,49693
20210525,4호선,사당,23677,19958,43635
20210525,4호선,산본,15672,16840,32512
20210525,4호선,삼각지,5162,5524,10686
20210525,4호선,상계,19154,17829,36983
20210525,4호선,상록수,16346,16450,32796
20210525,4호선,서울,10708,14470,25178
20210525,4호선,선바위,8857,7654,16511
20210525,4호선,성신여대입구,19699,18625,38324
20210525,4호선,수리산,4268,3496,7764
20210525,4호선,수유,33926,33563,67489
20210525,4호선,숙대입구,13067,12625,25692
20210525,4호선,신길온천,1731,1561,3292
20210525,4호선,신용산,14759,15660,30419
20210525,4호선,쌍문,29771,27401,57172
20210525,4호선,안산,11528,10403,21931
20210525,4호선,오이도,8204,7928,16132
20210525,4호선,이촌,7133,8046,15179
20210525,4호선,인덕원,23899,24478,48377
20210525,4호선,정부과천청사,10136,10131,20267
20210525,4호선,정왕,9633,10075,19708
20210525,4호선,중앙,17363,17843,35206
20210525,4호선,창동,25959,27511,53470
20210525,4호선,초지,5199,5573,10772
20210525,4호선,총신대입구,18976,20531,39507
20210525,4호선,충무로,26354,27253,53607
20210525,4호선,평촌,18264,17979,36243
20210525,4호선,한대앞,9063,9157,18220
20210525,4호선,한성대입구,13767,13619,27386
20210525,4호선,혜화,30221,30396,60617
20210525,4호선,회현,23374,24901,48275
20210526,4호선,경마공원,1462,1449,2911
20210526,4호선,고잔,9153,8925,18078
20210526,4호선,과천,5907,5509,11416
20210526,4호선,길음,21026,20441,41467
20210526,4호선,남태령,1308,1171,2479
20210526,4호선,노원,18956,21228,40184
20210526,4호선,당고개,13182,11989,25171
20210526,4호선,대공원,4511,4598,9109
20210526,4호선,대야미,5312,4816,10128
20210526,4호선,동대문,20876,21426,42302
20210526,4호선,동대문역사문화공원,14797,13767,28564
20210526,4호선,동작,2745,2960,5705
20210526,4호선,명동,17574,18310,35884
20210526,4호선,미아,15455,15188,30643
20210526,4호선,미아사거리,28097,27171,55268
20210526,4호선,반월,4466,4314,8780
20210526,4호선,범계,26166,26019,52185
20210526,4호선,사당,24491,20769,45260
20210526,4호선,산본,16364,17452,33816
20210526,4호선,삼각지,5222,5556,10778
20210526,4호선,상계,19657,18255,37912
20210526,4호선,상록수,16190,16403,32593
20210526,4호선,서울,10942,14887,25829
20210526,4호선,선바위,8901,7811,16712
20210526,4호선,성신여대입구,20246,19249,39495
20210526,4호선,수리산,4494,3701,8195
20210526,4호선,수유,34189,34155,68344
20210526,4호선,숙대입구,13368,12905,26273
20210526,4호선,신길온천,1826,1704,3530
20210526,4호선,신용산,16391,17301,33692
20210526,4호선,쌍문,29952,27718,57670
20210526,4호선,안산,11804,10606,22410
20210526,4호선,오이도,8793,8506,17299
20210526,4호선,이촌,7720,8617,16337
20210526,4호선,인덕원,24954,25540,50494
20210526,4호선,정부과천청사,10378,10280,20658
20210526,4호선,정왕,9560,10234,19794
20210526,4호선,중앙,17990,18502,36492
20210526,4호선,창동,26570,27867,54437
20210526,4호선,초지,5264,5758,11022
20210526,4호선,총신대입구,19733,21259,40992
20210526,4호선,충무로,26562,27543,54105
20210526,4호선,평촌,18519,18031,36550
20210526,4호선,한대앞,9363,9421,18784
20210526,4호선,한성대입구,14378,13872,28250
20210526,4호선,혜화,32472,32672,65144
20210526,4호선,회현,24412,25968,50380
20210527,4호선,경마공원,1257,1201,2458
20210527,4호선,고잔,8661,8382,17043
20210527,4호선,과천,5437,4979,10416
20210527,4호선,길음,20101,19458,39559
20210527,4호선,남태령,1223,1183,2406
20210527,4호선,노원,18070,20094,38164
20210527,4호선,당고개,12401,11430,23831
20210527,4호선,대공원,1843,1963,3806
20210527,4호선,대야미,4697,4400,9097
20210527,4호선,동대문,19040,19733,38773
20210527,4호선,동대문역사문화공원,13573,12989,26562
20210527,4호선,동작,2396,2552,4948
20210527,4호선,명동,16332,16855,33187
20210527,4호선,미아,14872,14435,29307
20210527,4호선,미아사거리,26627,26091,52718
20210527,4호선,반월,4162,3932,8094
20210527,4호선,범계,24643,23989,48632
20210527,4호선,사당,23700,19627,43327
20210527,4호선,산본,15371,16344,31715
20210527,4호선,삼각지,5138,5647,10785
20210527,4호선,상계,18633,17272,35905
20210527,4호선,상록수,15647,15922,31569
20210527,4호선,서울,10576,14681,25257
20210527,4호선,선바위,8500,7357,15857
20210527,4호선,성신여대입구,19252,18111,37363
20210527,4호선,수리산,4126,3234,7360
20210527,4호선,수유,32524,32401,64925
20210527,4호선,숙대입구,12928,12509,25437
20210527,4호선,신길온천,1629,1482,3111
20210527,4호선,신용산,15850,16842,32692
20210527,4호선,쌍문,28773,26421,55194
20210527,4호선,안산,11251,10139,21390
20210527,4호선,오이도,7915,7712,15627
20210527,4호선,이촌,6978,7741,14719
20210527,4호선,인덕원,23368,24078,47446
20210527,4호선,정부과천청사,10015,9925,19940
20210527,4호선,정왕,9452,9757,19209
20210527,4호선,중앙,16807,17443,34250
20210527,4호선,창동,25021,26516,51537
20210527,4호선,초지,4987,5473,10460
20210527,4호선,총신대입구,18385,19842,38227
20210527,4호선,충무로,25898,26746,52644
20210527,4호선,평촌,18073,17844,35917
20210527,4호선,한대앞,8687,8596,17283
20210527,4호선,한성대입구,13653,13214,26867
20210527,4호선,혜화,30352,30625,60977
20210527,4호선,회현,21914,23414,45328
20210528,4호선,경마공원,1266,1237,2503
20210528,4호선,고잔,8740,8458,17198
20210528,4호선,과천,5647,5067,10714
20210528,4호선,길음,20305,19572,39877
20210528,4호선,남태령,1266,1054,2320
20210528,4호선,노원,19027,21660,40687
20210528,4호선,당고개,12365,11175,23540
20210528,4호선,대공원,1814,1939,3753
20210528,4호선,대야미,4776,4326,9102
20210528,4호선,동대문,19769,20511,40280
20210528,4호선,동대문역사문화공원,14068,13259,27327
20210528,4호선,동작,2519,2736,5255
20210528,4호선,명동,16713,17644,34357
20210528,4호선,미아,15097,14621,29718
20210528,4호선,미아사거리,27653,27146,54799
20210528,4호선,반월,4253,4050,8303
20210528,4호선,범계,25362,25235,50597
20210528,4호선,사당,24597,20836,45433
20210528,4호선,산본,15635,16923,32558
20210528,4호선,삼각지,5258,5874,11132
20210528,4호선,상계,19030,17629,36659
20210528,4호선,상록수,15575,15663,31238
20210528,4호선,서울,10689,16963,27652
20210528,4호선,선바위,8633,7376,16009
20210528,4호선,성신여대입구,20335,19230,39565
20210528,4호선,수리산,4195,3277,7472
20210528,4호선,수유,33825,33307,67132
20210528,4호선,숙대입구,12935,12821,25756
20210528,4호선,신길온천,1585,1476,3061
20210528,4호선,신용산,16167,17244,33411
20210528,4호선,쌍문,29519,26590,56109
20210528,4호선,안산,11534,10354,21888
20210528,4호선,오이도,8017,8076,16093
20210528,4호선,이촌,7461,8192,15653
20210528,4호선,인덕원,23605,23930,47535
20210528,4호선,정부과천청사,10062,9944,20006
20210528,4호선,정왕,9461,9263,18724
20210528,4호선,중앙,17304,18271,35575
20210528,4호선,창동,25893,27690,53583
20210528,4호선,초지,4723,5150,9873
20210528,4호선,총신대입구,18905,20781,39686
20210528,4호선,충무로,26267,27326,53593
20210528,4호선,평촌,17791,17649,35440
20210528,4호선,한대앞,9174,8867,18041
20210528,4호선,한성대입구,14146,13533,27679
20210528,4호선,혜화,31525,31230,62755
20210528,4호선,회현,21946,23862,45808
20210531,4호선,경마공원,912,867,1779
20210531,4호선,고잔,8900,8417,17317
20210531,4호선,과천,5250,4902,10152
20210531,4호선,길음,19703,19291,38994
20210531,4호선,남태령,1143,1076,2219
20210531,4호선,노원,17920,19980,37900
20210531,4호선,당고개,12759,11494,24253
20210531,4호선,대공원,2759,2813,5572
20210531,4호선,대야미,4898,4540,9438
20210531,4호선,동대문,20086,20856,40942
20210531,4호선,동대문역사문화공원,13660,13013,26673
20210531,4호선,동작,2504,2758,5262
20210531,4호선,명동,16812,17161,33973
20210531,4호선,미아,14595,14279,28874
20210531,4호선,미아사거리,26933,26077,53010
20210531,4호선,반월,4361,4161,8522
20210531,4호선,범계,24393,23954,48347
20210531,4호선,사당,22537,19061,41598
20210531,4호선,산본,15489,16517,32006
20210531,4호선,삼각지,4909,5194,10103
20210531,4호선,상계,19108,17605,36713
20210531,4호선,상록수,16006,16143,32149
20210531,4호선,서울,10323,13975,24298
20210531,4호선,선바위,8560,7299,15859
20210531,4호선,성신여대입구,18489,17610,36099
20210531,4호선,수리산,4296,3573,7869
20210531,4호선,수유,32894,33066,65960
20210531,4호선,숙대입구,12314,12084,24398
20210531,4호선,신길온천,1716,1588,3304
20210531,4호선,신용산,15260,16321,31581
20210531,4호선,쌍문,28989,26400,55389
20210531,4호선,안산,11761,10567,22328
20210531,4호선,오이도,8222,7836,16058
20210531,4호선,이촌,6757,7537,14294
20210531,4호선,인덕원,23205,23808,47013
20210531,4호선,정부과천청사,9991,9876,19867
20210531,4호선,정왕,9382,10179,19561
20210531,4호선,중앙,16916,17404,34320
20210531,4호선,창동,25269,26684,51953
20210531,4호선,초지,4749,5056,9805
20210531,4호선,총신대입구,18298,19945,38243
20210531,4호선,충무로,25383,26644,52027
20210531,4호선,평촌,17832,17793,35625
20210531,4호선,한대앞,8790,8835,17625
20210531,4호선,한성대입구,13213,12984,26197
20210531,4호선,혜화,27008,27190,54198
20210531,4호선,회현,23273,24758,48031
20210601,4호선,경마공원,1349,1329,2678
20210601,4호선,고잔,9098,8658,17756
20210601,4호선,과천,5629,5136,10765
20210601,4호선,길음,19915,19470,39385
20210601,4호선,남태령,1264,1151,2415
20210601,4호선,노원,18028,20183,38211
20210601,4호선,당고개,12762,11723,24485
20210601,4호선,대공원,3370,3471,6841
20210601,4호선,대야미,5059,4623,9682
20210601,4호선,동대문,20167,20996,41163
20210601,4호선,동대문역사문화공원,14144,13163,27307
20210601,4호선,동작,2660,2807,5467
20210601,4호선,명동,16816,17333,34149
20210601,4호선,미아,14450,14123,28573
20210601,4호선,미아사거리,27074,25936,53010
20210601,4호선,반월,4434,4191,8625
20210601,4호선,범계,24986,24691,49677
20210601,4호선,사당,23419,19751,43170
20210601,4호선,산본,15892,15070,30962
20210601,4호선,삼각지,5099,5432,10531
20210601,4호선,상계,19173,17572,36745
20210601,4호선,상록수,16491,16745,33236
20210601,4호선,서울,10660,13912,24572
20210601,4호선,선바위,8567,7520,16087
20210601,4호선,성신여대입구,19060,18107,37167
20210601,4호선,수리산,4379,3641,8020
20210601,4호선,수유,33388,33108,66496
20210601,4호선,숙대입구,12878,12543,25421
20210601,4호선,신길온천,1659,1551,3210
20210601,4호선,신용산,15531,16474,32005
20210601,4호선,쌍문,29165,26924,56089
20210601,4호선,안산,11696,10442,22138
20210601,4호선,오이도,8331,8044,16375
20210601,4호선,이촌,6969,7885,14854
20210601,4호선,인덕원,23918,24224,48142
20210601,4호선,정부과천청사,10131,10152,20283
20210601,4호선,정왕,9558,10075,19633
20210601,4호선,중앙,17026,17709,34735
20210601,4호선,창동,25257,26650,51907
20210601,4호선,초지,5045,5373,10418
20210601,4호선,총신대입구,18729,20296,39025
20210601,4호선,충무로,26194,27045,53239
20210601,4호선,평촌,18149,17976,36125
20210601,4호선,한대앞,8917,9070,17987
20210601,4호선,한성대입구,13744,13356,27100
20210601,4호선,혜화,29473,29747,59220
20210601,4호선,회현,23606,25334,48940
20210602,4호선,경마공원,1517,1556,3073
20210602,4호선,고잔,8955,8438,17393
20210602,4호선,과천,5678,5174,10852
20210602,4호선,길음,20081,19584,39665
20210602,4호선,남태령,1234,1071,2305
20210602,4호선,노원,18314,20626,38940
20210602,4호선,당고개,12980,11872,24852
20210602,4호선,대공원,3491,3622,7113
20210602,4호선,대야미,5090,4629,9719
20210602,4호선,동대문,20388,21127,41515
20210602,4호선,동대문역사문화공원,14361,13303,27664
20210602,4호선,동작,2724,2962,5686
20210602,4호선,명동,17222,17900,35122
20210602,4호선,미아,14640,14313,28953
20210602,4호선,미아사거리,27368,26537,53905
20210602,4호선,반월,4392,4200,8592
20210602,4호선,범계,25230,25090,50320
20210602,4호선,사당,23961,19910,43871
20210602,4호선,산본,16109,14441,30550
20210602,4호선,삼각지,5047,5495,10542
20210602,4호선,상계,19302,17832,37134
20210602,4호선,상록수,16373,16465,32838
20210602,4호선,서울,10572,14354,24926
20210602,4호선,선바위,8765,7657,16422
20210602,4호선,성신여대입구,19465,18344,37809
20210602,4호선,수리산,4398,3631,8029
20210602,4호선,수유,33616,33337,66953
20210602,4호선,숙대입구,13108,12655,25763
20210602,4호선,신길온천,1721,1609,3330
20210602,4호선,신용산,15362,16451,31813
20210602,4호선,쌍문,29492,27286,56778
20210602,4호선,안산,11770,10562,22332
20210602,4호선,오이도,8499,8202,16701
20210602,4호선,이촌,7219,8122,15341
20210602,4호선,인덕원,24111,24720,48831
20210602,4호선,정부과천청사,10448,10351,20799
20210602,4호선,정왕,9469,9895,19364
20210602,4호선,중앙,17022,17983,35005
20210602,4호선,창동,25550,27043,52593
20210602,4호선,초지,4921,5387,10308
20210602,4호선,총신대입구,18981,20608,39589
20210602,4호선,충무로,26525,27373,53898
20210602,4호선,평촌,18220,18091,36311
20210602,4호선,한대앞,9028,9131,18159
20210602,4호선,한성대입구,13911,13533,27444
20210602,4호선,혜화,30987,31061,62048
20210602,4호선,회현,23999,25639,49638
20210603,4호선,경마공원,1298,1319,2617
20210603,4호선,고잔,8458,7985,16443
20210603,4호선,과천,5413,5135,10548
20210603,4호선,길음,19603,19326,38929
20210603,4호선,남태령,1180,1041,2221
20210603,4호선,노원,17942,19741,37683
20210603,4호선,당고개,12210,11119,23329
20210603,4호선,대공원,1867,1908,3775
20210603,4호선,대야미,4673,4250,8923
20210603,4호선,동대문,19300,19486,38786
20210603,4호선,동대문역사문화공원,13445,12634,26079
20210603,4호선,동작,2098,2283,4381
20210603,4호선,명동,15808,16448,32256
20210603,4호선,미아,14066,14030,28096
20210603,4호선,미아사거리,26421,25834,52255
20210603,4호선,반월,4092,3899,7991
20210603,4호선,범계,24373,23910,48283
20210603,4호선,사당,23270,19377,42647
20210603,4호선,산본,15037,16010,31047
20210603,4호선,삼각지,5116,5424,10540
20210603,4호선,상계,18469,17362,35831
20210603,4호선,상록수,15373,15419,30792
20210603,4호선,서울,10431,14398,24829
20210603,4호선,선바위,8373,7260,15633
20210603,4호선,성신여대입구,18684,17802,36486
20210603,4호선,수리산,4128,3367,7495
20210603,4호선,수유,32169,32156,64325
20210603,4호선,숙대입구,12729,12399,25128
20210603,4호선,신길온천,1581,1454,3035
20210603,4호선,신용산,15394,16112,31506
20210603,4호선,쌍문,28451,26645,55096
20210603,4호선,안산,10942,9987,20929
20210603,4호선,오이도,7453,7308,14761
20210603,4호선,이촌,6799,7653,14452
20210603,4호선,인덕원,23027,24167,47194
20210603,4호선,정부과천청사,9978,10065,20043
20210603,4호선,정왕,8990,9327,18317
20210603,4호선,중앙,16155,16531,32686
20210603,4호선,창동,24376,26019,50395
20210603,4호선,초지,4931,5301,10232
20210603,4호선,총신대입구,17829,19268,37097
20210603,4호선,충무로,25993,26587,52580
20210603,4호선,평촌,17720,17429,35149
20210603,4호선,한대앞,8505,8420,16925
20210603,4호선,한성대입구,13441,13246,26687
20210603,4호선,혜화,29231,29075,58306
20210603,4호선,회현,23011,23573,46584
20210604,4호선,경마공원,1330,1318,2648
20210604,4호선,고잔,9099,8775,17874
20210604,4호선,과천,5912,5312,11224
20210604,4호선,길음,20673,19469,40142
20210604,4호선,남태령,1293,1140,2433
20210604,4호선,노원,19389,22182,41571
20210604,4호선,당고개,12999,11704,24703
20210604,4호선,대공원,3953,4168,8121
20210604,4호선,대야미,5398,4751,10149
20210604,4호선,동대문,21173,22003,43176
20210604,4호선,동대문역사문화공원,14514,13356,27870
20210604,4호선,동작,3059,3420,6479
20210604,4호선,명동,17509,18425,35934
20210604,4호선,미아,14993,14664,29657
20210604,4호선,미아사거리,28533,27661,56194
20210604,4호선,반월,4661,4403,9064
20210604,4호선,범계,26736,26616,53352
20210604,4호선,사당,25774,21466,47240
20210604,4호선,산본,16717,18048,34765
20210604,4호선,삼각지,5341,5950,11291
20210604,4호선,상계,19286,17714,37000
20210604,4호선,상록수,16498,16626,33124
20210604,4호선,서울,10850,16962,27812
20210604,4호선,선바위,8913,7711,16624
20210604,4호선,성신여대입구,20668,19376,40044
20210604,4호선,수리산,4417,3494,7911
20210604,4호선,수유,34937,34698,69635
20210604,4호선,숙대입구,13403,12898,26301
20210604,4호선,신길온천,1743,1630,3373
20210604,4호선,신용산,16212,17559,33771
20210604,4호선,쌍문,30539,27519,58058
20210604,4호선,안산,12157,11167,23324
20210604,4호선,오이도,8802,8789,17591
20210604,4호선,이촌,7806,8682,16488
20210604,4호선,인덕원,24663,24897,49560
20210604,4호선,정부과천청사,10359,10396,20755
20210604,4호선,정왕,9503,9547,19050
20210604,4호선,중앙,18483,19463,37946
20210604,4호선,창동,26607,28377,54984
20210604,4호선,초지,4922,5254,10176
20210604,4호선,총신대입구,19807,21518,41325
20210604,4호선,충무로,26036,27504,53540
20210604,4호선,평촌,18277,17914,36191
20210604,4호선,한대앞,9495,9366,18861
20210604,4호선,한성대입구,14296,13601,27897
20210604,4호선,혜화,31358,31267,62625
20210604,4호선,회현,24398,26162,50560
20210607,4호선,경마공원,909,881,1790
20210607,4호선,고잔,9024,8566,17590
20210607,4호선,과천,5406,4978,10384
20210607,4호선,길음,19532,19084,38616
20210607,4호선,남태령,1152,1037,2189
20210607,4호선,노원,17867,19619,37486
20210607,4호선,당고개,12519,11317,23836
20210607,4호선,대공원,2969,2997,5966
20210607,4호선,대야미,5062,4612,9674
20210607,4호선,동대문,19934,20504,40438
20210607,4호선,동대문역사문화공원,13669,12823,26492
20210607,4호선,동작,2517,2702,5219
20210607,4호선,명동,17048,17712,34760
20210607,4호선,미아,14455,14318,28773
20210607,4호선,미아사거리,26638,25665,52303
20210607,4호선,반월,4330,4187,8517
20210607,4호선,범계,24547,24292,48839
20210607,4호선,사당,22968,19390,42358
20210607,4호선,산본,15680,16899,32579
20210607,4호선,삼각지,4805,5144,9949
20210607,4호선,상계,18722,17254,35976
20210607,4호선,상록수,16044,16084,32128
20210607,4호선,서울,10222,13944,24166
20210607,4호선,선바위,8387,7223,15610
20210607,4호선,성신여대입구,18211,17431,35642
20210607,4호선,수리산,4322,3583,7905
20210607,4호선,수유,32607,32487,65094
20210607,4호선,숙대입구,12306,11977,24283
20210607,4호선,신길온천,1719,1573,3292
20210607,4호선,신용산,15300,16170,31470
20210607,4호선,쌍문,28785,26626,55411
20210607,4호선,안산,11821,10745,22566
20210607,4호선,오이도,8192,7711,15903
20210607,4호선,이촌,6951,7715,14666
20210607,4호선,인덕원,23226,23949,47175
20210607,4호선,정부과천청사,10121,10116,20237
20210607,4호선,정왕,9329,10051,19380
20210607,4호선,중앙,17016,17488,34504
20210607,4호선,창동,25036,26379,51415
20210607,4호선,초지,4983,5374,10357
20210607,4호선,총신대입구,18071,19620,37691
20210607,4호선,충무로,25249,26164,51413
20210607,4호선,평촌,17902,17739,35641
20210607,4호선,한대앞,8960,8891,17851
20210607,4호선,한성대입구,13303,13043,26346
20210607,4호선,혜화,27334,27708,55042
20210607,4호선,회현,23296,24642,47938
20210608,4호선,경마공원,1686,1632,3318
20210608,4호선,고잔,8959,8579,17538
20210608,4호선,과천,5618,5179,10797
20210608,4호선,길음,19911,19512,39423
20210608,4호선,남태령,1234,1110,2344
20210608,4호선,노원,18039,20205,38244
20210608,4호선,당고개,12826,11637,24463
20210608,4호선,대공원,3066,3263,6329
20210608,4호선,대야미,5072,4638,9710
20210608,4호선,동대문,20313,20771,41084
20210608,4호선,동대문역사문화공원,14084,13082,27166
20210608,4호선,동작,2485,2724,5209
20210608,4호선,명동,16849,17519,34368
20210608,4호선,미아,14734,14372,29106
20210608,4호선,미아사거리,26990,26260,53250
20210608,4호선,반월,4319,4169,8488
20210608,4호선,범계,25164,24710,49874
20210608,4호선,사당,23507,20011,43518
20210608,4호선,산본,15864,16879,32743
20210608,4호선,삼각지,5027,5468,10495
20210608,4호선,상계,18803,17556,36359
20210608,4호선,상록수,16650,16754,33404
20210608,4호선,서울,10517,14058,24575
20210608,4호선,선바위,8670,7495,16165
20210608,4호선,성신여대입구,18909,17895,36804
20210608,4호선,수리산,4343,3549,7892
20210608,4호선,수유,33028,32944,65972
20210608,4호선,숙대입구,12837,12546,25383
20210608,4호선,신길온천,1748,1590,3338
20210608,4호선,신용산,14704,15402,30106
20210608,4호선,쌍문,29277,27122,56399
20210608,4호선,안산,11564,10539,22103
20210608,4호선,오이도,8409,8198,16607
20210608,4호선,이촌,7210,8079,15289
20210608,4호선,인덕원,23972,24610,48582
20210608,4호선,정부과천청사,10244,10262,20506
20210608,4호선,정왕,10050,10451,20501
20210608,4호선,중앙,17128,17651,34779
20210608,4호선,창동,25189,26704,51893
20210608,4호선,초지,5103,5503,10606
20210608,4호선,총신대입구,18582,20102,38684
20210608,4호선,충무로,25981,26728,52709
20210608,4호선,평촌,18188,18088,36276
20210608,4호선,한대앞,9141,9223,18364
20210608,4호선,한성대입구,13901,13374,27275
20210608,4호선,혜화,29972,30018,59990
20210608,4호선,회현,23835,25345,49180
20210609,4호선,경마공원,1451,1450,2901
20210609,4호선,고잔,8939,8584,17523
20210609,4호선,과천,5553,5130,10683
20210609,4호선,길음,19890,19506,39396
20210609,4호선,남태령,1262,1111,2373
20210609,4호선,노원,17895,20065,37960
20210609,4호선,당고개,12828,11631,24459
20210609,4호선,대공원,3177,3295,6472
20210609,4호선,대야미,5084,4619,9703
20210609,4호선,동대문,20067,20305,40372
20210609,4호선,동대문역사문화공원,14048,13135,27183
20210609,4호선,동작,2504,2625,5129
20210609,4호선,명동,17408,18146,35554
20210609,4호선,미아,14399,14253,28652
20210609,4호선,미아사거리,27054,26389,53443
20210609,4호선,반월,4393,4158,8551
20210609,4호선,범계,25270,24989,50259
20210609,4호선,사당,24103,20113,44216
20210609,4호선,산본,15916,17174,33090
20210609,4호선,삼각지,5041,5538,10579
20210609,4호선,상계,19204,17859,37063
20210609,4호선,상록수,16771,16800,33571
20210609,4호선,서울,10481,14345,24826
20210609,4호선,선바위,8624,7449,16073
20210609,4호선,성신여대입구,18839,17819,36658
20210609,4호선,수리산,4405,3582,7987
20210609,4호선,수유,33565,33542,67107
20210609,4호선,숙대입구,13128,12674,25802
20210609,4호선,신길온천,1762,1613,3375
20210609,4호선,신용산,16116,17086,33202
20210609,4호선,쌍문,29274,26942,56216
20210609,4호선,안산,11637,10382,22019
20210609,4호선,오이도,8542,8269,16811
20210609,4호선,이촌,7411,8215,15626
20210609,4호선,인덕원,23780,24421,48201
20210609,4호선,정부과천청사,10076,10039,20115
20210609,4호선,정왕,9768,10310,20078
20210609,4호선,중앙,17061,17778,34839
20210609,4호선,창동,25504,26758,52262
20210609,4호선,초지,5158,5704,10862
20210609,4호선,총신대입구,18504,20207,38711
20210609,4호선,충무로,25904,26804,52708
20210609,4호선,평촌,18183,17830,36013
20210609,4호선,한대앞,9049,9227,18276
20210609,4호선,한성대입구,13970,13482,27452
20210609,4호선,혜화,30485,30801,61286
20210609,4호선,회현,23772,25182,48954
20210610,4호선,경마공원,1295,1281,2576
20210610,4호선,고잔,8830,8426,17256
20210610,4호선,과천,5519,5097,10616
20210610,4호선,길음,20155,19705,39860
20210610,4호선,남태령,1287,1156,2443
20210610,4호선,노원,18470,20416,38886
20210610,4호선,당고개,13183,12031,25214
20210610,4호선,대공원,2761,2855,5616
20210610,4호선,대야미,5008,4533,9541
20210610,4호선,동대문,19885,20390,40275
20210610,4호선,동대문역사문화공원,14125,12986,27111
20210610,4호선,동작,2265,2506,4771
20210610,4호선,명동,16768,17713,34481
20210610,4호선,미아,14567,14251,28818
20210610,4호선,미아사거리,27058,26529,53587
20210610,4호선,반월,4274,4108,8382
20210610,4호선,범계,25274,24842,50116
20210610,4호선,사당,23756,19742,43498
20210610,4호선,산본,15881,16963,32844
20210610,4호선,삼각지,5272,5605,10877
20210610,4호선,상계,19148,17989,37137
20210610,4호선,상록수,16767,16921,33688
20210610,4호선,서울,10797,15020,25817
20210610,4호선,선바위,8603,7432,16035
20210610,4호선,성신여대입구,19041,17996,37037
20210610,4호선,수리산,4400,3618,8018
20210610,4호선,수유,33285,33153,66438
20210610,4호선,숙대입구,13025,12569,25594
20210610,4호선,신길온천,1690,1571,3261
20210610,4호선,신용산,16001,16822,32823
20210610,4호선,쌍문,29349,27127,56476
20210610,4호선,안산,11450,10486,21936
20210610,4호선,오이도,8171,7972,16143
20210610,4호선,이촌,7231,8088,15319
20210610,4호선,인덕원,23775,24652,48427
20210610,4호선,정부과천청사,10145,10271,20416
20210610,4호선,정왕,10008,10362,20370
20210610,4호선,중앙,17120,17519,34639
20210610,4호선,창동,25144,27113,52257
20210610,4호선,초지,5185,5616,10801
20210610,4호선,총신대입구,18611,20217,38828
20210610,4호선,충무로,26280,26947,53227
20210610,4호선,평촌,18449,18348,36797
20210610,4호선,한대앞,9171,9295,18466
20210610,4호선,한성대입구,14060,13891,27951
20210610,4호선,혜화,30206,30155,60361
20210610,4호선,회현,23759,24845,48604
20210611,4호선,경마공원,1269,1268,2537
20210611,4호선,고잔,8770,8412,17182
20210611,4호선,과천,5520,5055,10575
20210611,4호선,길음,19712,18737,38449
20210611,4호선,남태령,1354,1137,2491
20210611,4호선,노원,18663,21245,39908
20210611,4호선,당고개,12705,11719,24424
20210611,4호선,대공원,2415,2528,4943
20210611,4호선,대야미,4981,4485,9466
20210611,4호선,동대문,20018,20728,40746
20210611,4호선,동대문역사문화공원,14178,13264,27442
20210611,4호선,동작,2637,2690,5327
20210611,4호선,명동,16768,17899,34667
20210611,4호선,미아,14403,13927,28330
20210611,4호선,미아사거리,27508,26726,54234
20210611,4호선,반월,4431,4181,8612
20210611,4호선,범계,25461,25673,51134
20210611,4호선,사당,24507,20355,44862
20210611,4호선,산본,16093,17471,33564
20210611,4호선,삼각지,5036,5525,10561
20210611,4호선,상계,18953,17505,36458
20210611,4호선,상록수,16629,16662,33291
20210611,4호선,서울,10182,16349,26531
20210611,4호선,선바위,8280,7202,15482
20210611,4호선,성신여대입구,19674,18590,38264
20210611,4호선,수리산,4317,3319,7636
20210611,4호선,수유,33608,33443,67051
20210611,4호선,숙대입구,12999,12597,25596
20210611,4호선,신길온천,1750,1672,3422
20210611,4호선,신용산,15817,16979,32796
20210611,4호선,쌍문,29328,26599,55927
20210611,4호선,안산,11859,10804,22663
20210611,4호선,오이도,8429,8475,16904
20210611,4호선,이촌,7302,8070,15372
20210611,4호선,인덕원,23805,24009,47814
20210611,4호선,정부과천청사,9936,9851,19787
20210611,4호선,정왕,10260,10075,20335
20210611,4호선,중앙,18109,19078,37187
20210611,4호선,창동,25465,27040,52505
20210611,4호선,초지,4760,5154,9914
20210611,4호선,총신대입구,19044,20806,39850
20210611,4호선,충무로,25371,26619,51990
20210611,4호선,평촌,17835,17576,35411
20210611,4호선,한대앞,9385,9270,18655
20210611,4호선,한성대입구,14057,13323,27380
20210611,4호선,혜화,29835,29774,59609
20210611,4호선,회현,22837,24691,47528
20210614,4호선,경마공원,971,946,1917
20210614,4호선,고잔,8844,8351,17195
20210614,4호선,과천,5334,4930,10264
20210614,4호선,길음,19385,19108,38493
20210614,4호선,남태령,1179,1037,2216
20210614,4호선,노원,17397,19565,36962
20210614,4호선,당고개,12694,11382,24076
20210614,4호선,대공원,2383,2505,4888
20210614,4호선,대야미,4906,4549,9455
20210614,4호선,동대문,20482,20902,41384
20210614,4호선,동대문역사문화공원,13908,12939,26847
20210614,4호선,동작,2416,2620,5036
20210614,4호선,명동,17177,17841,35018
20210614,4호선,미아,14900,14245,29145
20210614,4호선,미아사거리,26190,25342,51532
20210614,4호선,반월,4346,4185,8531
20210614,4호선,범계,24104,23910,48014
20210614,4호선,사당,23027,19454,42481
20210614,4호선,산본,15680,16889,32569
20210614,4호선,삼각지,4830,5155,9985
20210614,4호선,상계,18805,17534,36339
20210614,4호선,상록수,16318,16328,32646
20210614,4호선,서울,10310,14048,24358
20210614,4호선,선바위,8362,7335,15697
20210614,4호선,성신여대입구,18574,17695,36269
20210614,4호선,수리산,4399,3541,7940
20210614,4호선,수유,32663,32639,65302
20210614,4호선,숙대입구,12623,12186,24809
20210614,4호선,신길온천,1786,1638,3424
20210614,4호선,신용산,15481,16307,31788
20210614,4호선,쌍문,28910,26762,55672
20210614,4호선,안산,11965,10881,22846
20210614,4호선,오이도,8628,8106,16734
20210614,4호선,이촌,6946,7895,14841
20210614,4호선,인덕원,23321,24075,47396
20210614,4호선,정부과천청사,10143,9984,20127
20210614,4호선,정왕,9330,10024,19354
20210614,4호선,중앙,17169,17827,34996
20210614,4호선,창동,24622,26068,50690
20210614,4호선,초지,5015,5407,10422
20210614,4호선,총신대입구,18277,19833,38110
20210614,4호선,충무로,25600,26661,52261
20210614,4호선,평촌,17923,17820,35743
20210614,4호선,한대앞,9594,9559,19153
20210614,4호선,한성대입구,12786,12509,25295
20210614,4호선,혜화,27512,27673,55185
20210614,4호선,회현,23529,24578,48107
20210615,4호선,경마공원,1300,1258,2558
20210615,4호선,고잔,8739,8382,17121
20210615,4호선,과천,5357,4896,10253
20210615,4호선,길음,19795,19254,39049
20210615,4호선,남태령,1300,1106,2406
20210615,4호선,노원,17630,20185,37815
20210615,4호선,당고개,12617,11370,23987
20210615,4호선,대공원,2153,2234,4387
20210615,4호선,대야미,4899,4495,9394
20210615,4호선,동대문,19895,20577,40472
20210615,4호선,동대문역사문화공원,13901,12835,26736
20210615,4호선,동작,2355,2584,4939
20210615,4호선,명동,16913,17605,34518
20210615,4호선,미아,14480,14201,28681
20210615,4호선,미아사거리,26959,26121,53080
20210615,4호선,반월,4313,4128,8441
20210615,4호선,범계,24912,24556,49468
20210615,4호선,사당,23354,19619,42973
20210615,4호선,산본,15531,16685,32216
20210615,4호선,삼각지,4986,5410,10396
20210615,4호선,상계,18724,17265,35989
20210615,4호선,상록수,15782,15950,31732
20210615,4호선,서울,10464,14194,24658
20210615,4호선,선바위,8472,7385,15857
20210615,4호선,성신여대입구,18805,17785,36590
20210615,4호선,수리산,4258,3402,7660
20210615,4호선,수유,32901,32782,65683
20210615,4호선,숙대입구,12562,12271,24833
20210615,4호선,신길온천,1640,1568,3208
20210615,4호선,신용산,15227,16204,31431
20210615,4호선,쌍문,28826,26671,55497
20210615,4호선,안산,11607,10387,21994
20210615,4호선,오이도,8393,7988,16381
20210615,4호선,이촌,7131,8047,15178
20210615,4호선,인덕원,23147,23976,47123
20210615,4호선,정부과천청사,9902,9930,19832
20210615,4호선,정왕,9065,9465,18530
20210615,4호선,중앙,17151,17835,34986
20210615,4호선,창동,24864,26363,51227
20210615,4호선,초지,4958,5465,10423
20210615,4호선,총신대입구,18491,19827,38318
20210615,4호선,충무로,25951,26777,52728
20210615,4호선,평촌,17844,17686,35530
20210615,4호선,한대앞,9921,9921,19842
20210615,4호선,한성대입구,13089,12699,25788
20210615,4호선,혜화,29051,29254,58305
20210615,4호선,회현,22891,24526,47417
20210616,4호선,경마공원,1688,1641,3329
20210616,4호선,고잔,8952,8482,17434
20210616,4호선,과천,5745,5218,10963
20210616,4호선,길음,20151,19549,39700
20210616,4호선,남태령,1274,1116,2390
20210616,4호선,노원,18584,20847,39431
20210616,4호선,당고개,13100,11886,24986
20210616,4호선,대공원,3128,3270,6398
20210616,4호선,대야미,5096,4714,9810
20210616,4호선,동대문,21015,21510,42525
20210616,4호선,동대문역사문화공원,14535,13281,27816
20210616,4호선,동작,2763,2874,5637
20210616,4호선,명동,18131,18798,36929
20210616,4호선,미아,14988,14581,29569
20210616,4호선,미아사거리,27652,26799,54451
20210616,4호선,반월,4449,4269,8718
20210616,4호선,범계,26093,26006,52099
20210616,4호선,사당,24112,20549,44661
20210616,4호선,산본,16265,17489,33754
20210616,4호선,삼각지,5048,5552,10600
20210616,4호선,상계,19190,17778,36968
20210616,4호선,상록수,16208,16326,32534
20210616,4호선,서울,10651,14811,25462
20210616,4호선,선바위,8743,7621,16364
20210616,4호선,성신여대입구,19674,18675,38349
20210616,4호선,수리산,4502,3649,8151
20210616,4호선,수유,33829,33558,67387
20210616,4호선,숙대입구,12925,12639,25564
20210616,4호선,신길온천,1699,1579,3278
20210616,4호선,신용산,15047,16180,31227
20210616,4호선,쌍문,29698,27313,57011
20210616,4호선,안산,11667,10642,22309
20210616,4호선,오이도,9038,8623,17661
20210616,4호선,이촌,7570,8410,15980
20210616,4호선,인덕원,24194,24650,48844
20210616,4호선,정부과천청사,10102,10103,20205
20210616,4호선,정왕,9476,9927,19403
20210616,4호선,중앙,17901,18700,36601
20210616,4호선,창동,25807,27378,53185
20210616,4호선,초지,4638,4886,9524
20210616,4호선,총신대입구,19034,20558,39592
20210616,4호선,충무로,26854,27790,54644
20210616,4호선,평촌,18314,18084,36398
20210616,4호선,한대앞,9725,9648,19373
20210616,4호선,한성대입구,13955,13352,27307
20210616,4호선,혜화,31521,31733,63254
20210616,4호선,회현,24407,25896,50303
20210617,4호선,경마공원,1431,1389,2820
20210617,4호선,고잔,8980,8485,17465
20210617,4호선,과천,5510,5127,10637
20210617,4호선,길음,20033,19285,39318
20210617,4호선,남태령,1312,1145,2457
20210617,4호선,노원,18424,20412,38836
20210617,4호선,당고개,13198,11949,25147
20210617,4호선,대공원,3043,3110,6153
20210617,4호선,대야미,5030,4488,9518
20210617,4호선,동대문,20458,20900,41358
20210617,4호선,동대문역사문화공원,14328,13364,27692
20210617,4호선,동작,2418,2664,5082
20210617,4호선,명동,18551,19430,37981
20210617,4호선,미아,14967,14513,29480
20210617,4호선,미아사거리,27282,26654,53936
20210617,4호선,반월,4388,4233,8621
20210617,4호선,범계,25744,25310,51054
20210617,4호선,사당,24137,20441,44578
20210617,4호선,산본,16080,17310,33390
20210617,4호선,삼각지,5198,5659,10857
20210617,4호선,상계,19103,17797,36900
20210617,4호선,상록수,15749,15891,31640
20210617,4호선,서울,10771,15476,26247
20210617,4호선,선바위,8620,7505,16125
20210617,4호선,성신여대입구,19489,18429,37918
20210617,4호선,수리산,4357,3498,7855
20210617,4호선,수유,33669,33333,67002
20210617,4호선,숙대입구,12663,12560,25223
20210617,4호선,신길온천,1691,1606,3297
20210617,4호선,신용산,16091,17181,33272
20210617,4호선,쌍문,29778,27300,57078
20210617,4호선,안산,11385,10373,21758
20210617,4호선,오이도,8727,8354,17081
20210617,4호선,이촌,7362,8160,15522
20210617,4호선,인덕원,23986,24368,48354
20210617,4호선,정부과천청사,10099,10122,20221
20210617,4호선,정왕,8845,6386,15231
20210617,4호선,중앙,17768,18422,36190
20210617,4호선,창동,25743,27438,53181
20210617,4호선,초지,4909,5243,10152
20210617,4호선,총신대입구,18776,20282,39058
20210617,4호선,충무로,26277,27217,53494
20210617,4호선,평촌,18203,17765,35968
20210617,4호선,한대앞,9656,9625,19281
20210617,4호선,한성대입구,13377,13126,26503
20210617,4호선,혜화,30780,31018,61798
20210617,4호선,회현,24205,25674,49879
20210618,4호선,경마공원,1275,1300,2575
20210618,4호선,고잔,8984,8762,17746
20210618,4호선,과천,5604,4977,10581
20210618,4호선,길음,19984,18854,38838
20210618,4호선,남태령,1434,1226,2660
20210618,4호선,노원,18831,21752,40583
20210618,4호선,당고개,12428,11365,23793
20210618,4호선,대공원,1960,2116,4076
20210618,4호선,대야미,4891,4355,9246
20210618,4호선,동대문,20201,20788,40989
20210618,4호선,동대문역사문화공원,14373,13637,28010
20210618,4호선,동작,2496,2583,5079
20210618,4호선,명동,18017,19083,37100
20210618,4호선,미아,14769,14106,28875
20210618,4호선,미아사거리,27678,26906,54584
20210618,4호선,반월,4245,3983,8228
20210618,4호선,범계,25598,25466,51064
20210618,4호선,사당,25091,20782,45873
20210618,4호선,산본,15797,17073,32870
20210618,4호선,삼각지,5127,5861,10988
20210618,4호선,상계,19215,17590,36805
20210618,4호선,상록수,15798,15782,31580
20210618,4호선,서울,10617,17508,28125
20210618,4호선,선바위,8577,7213,15790
20210618,4호선,성신여대입구,20053,19070,39123
20210618,4호선,수리산,4251,3261,7512
20210618,4호선,수유,34108,33738,67846
20210618,4호선,숙대입구,12953,12772,25725
20210618,4호선,신길온천,1596,1511,3107
20210618,4호선,신용산,16657,18007,34664
20210618,4호선,쌍문,29725,27077,56802
20210618,4호선,안산,11691,10632,22323
20210618,4호선,오이도,8647,8539,17186
20210618,4호선,이촌,7444,8185,15629
20210618,4호선,인덕원,23888,24117,48005
20210618,4호선,정부과천청사,9708,9612,19320
20210618,4호선,정왕,8806,8909,17715
20210618,4호선,중앙,18233,19206,37439
20210618,4호선,창동,25529,27048,52577
20210618,4호선,초지,4620,4881,9501
20210618,4호선,총신대입구,18864,20634,39498
20210618,4호선,충무로,26202,27445,53647
20210618,4호선,평촌,17542,17390,34932
20210618,4호선,한대앞,9676,9458,19134
20210618,4호선,한성대입구,13749,13085,26834
20210618,4호선,혜화,30817,30703,61520
20210618,4호선,회현,22694,24317,47011
20210621,4호선,경마공원,932,907,1839
20210621,4호선,고잔,9048,8666,17714
20210621,4호선,과천,5707,5149,10856
20210621,4호선,길음,20113,19383,39496
20210621,4호선,남태령,1240,1126,2366
20210621,4호선,노원,18665,20849,39514
20210621,4호선,당고개,12988,11602,24590
20210621,4호선,대공원,2579,2683,5262
20210621,4호선,대야미,5159,4736,9895
20210621,4호선,동대문,21300,21666,42966
20210621,4호선,동대문역사문화공원,14815,13607,28422
20210621,4호선,동작,2532,2735,5267
20210621,4호선,명동,18415,18926,37341
20210621,4호선,미아,14809,14566,29375
20210621,4호선,미아사거리,27453,26710,54163
20210621,4호선,반월,4467,4212,8679
20210621,4호선,범계,25328,25060,50388
20210621,4호선,사당,23640,20010,43650
20210621,4호선,산본,16176,17340,33516
20210621,4호선,삼각지,5058,5394,10452
20210621,4호선,상계,19390,17955,37345
20210621,4호선,상록수,15957,15892,31849
20210621,4호선,서울,10727,15145,25872
20210621,4호선,선바위,8612,7444,16056
20210621,4호선,성신여대입구,19281,18529,37810
20210621,4호선,수리산,4380,3587,7967
20210621,4호선,수유,33873,33496,67369
20210621,4호선,숙대입구,12888,12422,25310
20210621,4호선,신길온천,1796,1579,3375
20210621,4호선,신용산,15952,17120,33072
20210621,4호선,쌍문,29695,27095,56790
20210621,4호선,안산,12024,10894,22918
20210621,4호선,오이도,8965,8394,17359
20210621,4호선,이촌,7221,8134,15355
20210621,4호선,인덕원,23932,24692,48624
20210621,4호선,정부과천청사,10201,10183,20384
20210621,4호선,정왕,8989,9687,18676
20210621,4호선,중앙,17779,18128,35907
20210621,4호선,창동,25972,27429,53401
20210621,4호선,초지,4608,4636,9244
20210621,4호선,총신대입구,18940,20612,39552
20210621,4호선,충무로,26090,27131,53221
20210621,4호선,평촌,18152,18206,36358
20210621,4호선,한대앞,9403,9404,18807
20210621,4호선,한성대입구,13326,13105,26431
20210621,4호선,혜화,29119,29320,58439
20210621,4호선,회현,24217,25847,50064
20210622,4호선,경마공원,1595,1563,3158
20210622,4호선,고잔,9204,8614,17818
20210622,4호선,과천,5775,5365,11140
20210622,4호선,길음,20516,19837,40353
20210622,4호선,남태령,1312,1107,2419
20210622,4호선,노원,18729,20982,39711
20210622,4호선,당고개,12823,11784,24607
20210622,4호선,대공원,2831,2964,5795
20210622,4호선,대야미,5090,4660,9750
20210622,4호선,동대문,21111,21553,42664
20210622,4호선,동대문역사문화공원,14828,13680,28508
20210622,4호선,동작,2501,2766,5267
20210622,4호선,명동,17637,18488,36125
20210622,4호선,미아,15008,14540,29548
20210622,4호선,미아사거리,27805,27133,54938
20210622,4호선,반월,4398,4230,8628
20210622,4호선,범계,26039,25674,51713
20210622,4호선,사당,24554,20373,44927
20210622,4호선,산본,16252,17233,33485
20210622,4호선,삼각지,5214,5725,10939
20210622,4호선,상계,19410,17886,37296
20210622,4호선,상록수,15844,16073,31917
20210622,4호선,서울,10765,15391,26156
20210622,4호선,선바위,8880,7680,16560
20210622,4호선,성신여대입구,19629,18661,38290
20210622,4호선,수리산,4401,3595,7996
20210622,4호선,수유,33883,33645,67528
20210622,4호선,숙대입구,12959,12677,25636
20210622,4호선,신길온천,1761,1637,3398
20210622,4호선,신용산,16460,17678,34138
20210622,4호선,쌍문,29821,27590,57411
20210622,4호선,안산,11574,10475,22049
20210622,4호선,오이도,8786,8420,17206
20210622,4호선,이촌,7527,8490,16017
20210622,4호선,인덕원,24307,24976,49283
20210622,4호선,정부과천청사,10381,10305,20686
20210622,4호선,정왕,8799,9283,18082
20210622,4호선,중앙,17494,18186,35680
20210622,4호선,창동,26032,27533,53565
20210622,4호선,초지,4533,4593,9126
20210622,4호선,총신대입구,18876,20679,39555
20210622,4호선,충무로,26552,27640,54192
20210622,4호선,평촌,18635,18223,36858
20210622,4호선,한대앞,9162,8958,18120
20210622,4호선,한성대입구,13666,13307,26973
20210622,4호선,혜화,30740,30976,61716
20210622,4호선,회현,25089,26463,51552
20210623,4호선,경마공원,1654,1649,3303
20210623,4호선,고잔,9217,8771,17988
20210623,4호선,과천,5836,5384,11220
20210623,4호선,길음,20413,19475,39888
20210623,4호선,남태령,1242,1125,2367
20210623,4호선,노원,18994,21226,40220
20210623,4호선,당고개,12840,11824,24664
20210623,4호선,대공원,2566,2638,5204
20210623,4호선,대야미,5037,4629,9666
20210623,4호선,동대문,20947,21284,42231
20210623,4호선,동대문역사문화공원,14933,13646,28579
20210623,4호선,동작,2458,2628,5086
20210623,4호선,명동,17618,18556,36174
20210623,4호선,미아,14973,14549,29522
20210623,4호선,미아사거리,28076,27056,55132
20210623,4호선,반월,4378,4202,8580
20210623,4호선,범계,25594,25458,51052
20210623,4호선,사당,24490,20442,44932
20210623,4호선,산본,16199,17401,33600
20210623,4호선,삼각지,5204,5758,10962
20210623,4호선,상계,19660,18212,37872
20210623,4호선,상록수,15875,16040,31915
20210623,4호선,서울,10906,15635,26541
20210623,4호선,선바위,8952,7656,16608
20210623,4호선,성신여대입구,19485,18601,38086
20210623,4호선,수리산,4391,3584,7975
20210623,4호선,수유,34042,33737,67779
20210623,4호선,숙대입구,13009,12713,25722
20210623,4호선,신길온천,1725,1605,3330
20210623,4호선,신용산,16667,17683,34350
20210623,4호선,쌍문,29817,27328,57145
20210623,4호선,안산,11640,10552,22192
20210623,4호선,오이도,8607,8284,16891
20210623,4호선,이촌,7606,8418,16024
20210623,4호선,인덕원,24561,25284,49845
20210623,4호선,정부과천청사,10275,10022,20297
20210623,4호선,정왕,8760,9245,18005
20210623,4호선,중앙,16999,17824,34823
20210623,4호선,창동,26109,27558,53667
20210623,4호선,초지,4364,4556,8920
20210623,4호선,총신대입구,19305,20959,40264
20210623,4호선,충무로,26871,27730,54601
20210623,4호선,평촌,18472,18455,36927
20210623,4호선,한대앞,8782,8831,17613
20210623,4호선,한성대입구,13708,13179,26887
20210623,4호선,혜화,31918,32440,64358
20210623,4호선,회현,24677,26125,50802
20210624,4호선,경마공원,1432,1372,2804
20210624,4호선,고잔,9219,8904,18123
20210624,4호선,과천,5840,5313,11153
20210624,4호선,길음,20417,19684,40101
20210624,4호선,남태령,1205,1046,2251
20210624,4호선,노원,18886,21131,40017
20210624,4호선,당고개,12993,11968,24961
20210624,4호선,대공원,3025,3175,6200
20210624,4호선,대야미,5126,4606,9732
20210624,4호선,동대문,20962,21581,42543
20210624,4호선,동대문역사문화공원,15147,14049,29196
20210624,4호선,동작,2622,2756,5378
20210624,4호선,명동,17977,18839,36816
20210624,4호선,미아,14956,14416,29372
20210624,4호선,미아사거리,28238,27467,55705
20210624,4호선,반월,4534,4283,8817
20210624,4호선,범계,26127,25750,51877
20210624,4호선,사당,24415,20500,44915
20210624,4호선,산본,16419,17489,33908
20210624,4호선,삼각지,5320,5799,11119
20210624,4호선,상계,19623,18243,37866
20210624,4호선,상록수,16001,16061,32062
20210624,4호선,서울,11063,16341,27404
20210624,4호선,선바위,8925,7748,16673
20210624,4호선,성신여대입구,19899,18767,38666
20210624,4호선,수리산,4431,3585,8016
20210624,4호선,수유,34238,33699,67937
20210624,4호선,숙대입구,12861,12763,25624
20210624,4호선,신길온천,1742,1619,3361
20210624,4호선,신용산,16892,17863,34755
20210624,4호선,쌍문,29989,27523,57512
20210624,4호선,안산,11604,10465,22069
20210624,4호선,오이도,8906,8627,17533
20210624,4호선,이촌,7675,8653,16328
20210624,4호선,인덕원,24483,25089,49572
20210624,4호선,정부과천청사,10543,10497,21040
20210624,4호선,정왕,8738,9200,17938
20210624,4호선,중앙,17655,18083,35738
20210624,4호선,창동,26184,27534,53718
20210624,4호선,초지,4493,4646,9139
20210624,4호선,총신대입구,19283,21002,40285
20210624,4호선,충무로,27043,28076,55119
20210624,4호선,평촌,18631,18490,37121
20210624,4호선,한대앞,9005,8997,18002
20210624,4호선,한성대입구,13933,13467,27400
20210624,4호선,혜화,32175,32523,64698
20210624,4호선,회현,24612,26216,50828
20210625,4호선,경마공원,1422,1408,2830
20210625,4호선,고잔,9229,8872,18101
20210625,4호선,과천,6143,5510,11653
20210625,4호선,길음,20834,19599,40433
20210625,4호선,남태령,1361,1080,2441
20210625,4호선,노원,19892,22761,42653
20210625,4호선,당고개,13308,12215,25523
20210625,4호선,대공원,3238,3445,6683
20210625,4호선,대야미,5372,4790,10162
20210625,4호선,동대문,21426,21944,43370
20210625,4호선,동대문역사문화공원,15700,14516,30216
20210625,4호선,동작,2723,2894,5617
20210625,4호선,명동,18671,19754,38425
20210625,4호선,미아,15424,14737,30161
20210625,4호선,미아사거리,29293,28242,57535
20210625,4호선,반월,4570,4325,8895
20210625,4호선,범계,27571,27664,55235
20210625,4호선,사당,26351,22030,48381
20210625,4호선,산본,17069,18360,35429
20210625,4호선,삼각지,5566,6352,11918
20210625,4호선,상계,19846,18314,38160
20210625,4호선,상록수,16351,16455,32806
20210625,4호선,서울,10917,18494,29411
20210625,4호선,선바위,9166,7826,16992
20210625,4호선,성신여대입구,20776,19715,40491
20210625,4호선,수리산,4522,3547,8069
20210625,4호선,수유,35314,35250,70564
20210625,4호선,숙대입구,13623,13172,26795
20210625,4호선,신길온천,1836,1718,3554
20210625,4호선,신용산,16796,18301,35097
20210625,4호선,쌍문,30926,27806,58732
20210625,4호선,안산,12065,11094,23159
20210625,4호선,오이도,9532,9326,18858
20210625,4호선,이촌,8044,8961,17005
20210625,4호선,인덕원,25442,25612,51054
20210625,4호선,정부과천청사,10672,10538,21210
20210625,4호선,정왕,8978,9121,18099
20210625,4호선,중앙,18652,19694,38346
20210625,4호선,창동,26991,28727,55718
20210625,4호선,초지,4661,4827,9488
20210625,4호선,총신대입구,19978,21712,41690
20210625,4호선,충무로,26917,28188,55105
20210625,4호선,평촌,18652,18540,37192
20210625,4호선,한대앞,9344,9318,18662
20210625,4호선,한성대입구,14505,13878,28383
20210625,4호선,혜화,32651,32843,65494
20210625,4호선,회현,25068,26779,51847
20210628,4호선,경마공원,870,908,1778
20210628,4호선,고잔,8750,8332,17082
20210628,4호선,과천,5572,5114,10686
20210628,4호선,길음,19583,19036,38619
20210628,4호선,남태령,1147,1039,2186
20210628,4호선,노원,18239,20444,38683
20210628,4호선,당고개,12927,11489,24416
20210628,4호선,대공원,1928,1997,3925
20210628,4호선,대야미,4883,4465,9348
20210628,4호선,동대문,20355,20808,41163
20210628,4호선,동대문역사문화공원,14388,13266,27654
20210628,4호선,동작,2254,2453,4707
20210628,4호선,명동,17170,17664,34834
20210628,4호선,미아,14856,14423,29279
20210628,4호선,미아사거리,27567,26697,54264
20210628,4호선,반월,4334,4103,8437
20210628,4호선,범계,24522,24181,48703
20210628,4호선,사당,23114,19377,42491
20210628,4호선,산본,15612,16745,32357
20210628,4호선,삼각지,4995,5367,10362
20210628,4호선,상계,19298,17922,37220
20210628,4호선,상록수,15519,15606,31125
20210628,4호선,서울,10731,15242,25973
20210628,4호선,선바위,8414,7262,15676
20210628,4호선,성신여대입구,18973,18117,37090
20210628,4호선,수리산,4322,3422,7744
20210628,4호선,수유,33680,33244,66924
20210628,4호선,숙대입구,12347,12117,24464
20210628,4호선,신길온천,1720,1518,3238
20210628,4호선,신용산,15866,16714,32580
20210628,4호선,쌍문,29404,26944,56348
20210628,4호선,안산,11654,10581,22235
20210628,4호선,오이도,8474,8139,16613
20210628,4호선,이촌,7141,7911,15052
20210628,4호선,인덕원,23358,24042,47400
20210628,4호선,정부과천청사,10215,10093,20308
20210628,4호선,정왕,7768,8407,16175
20210628,4호선,중앙,17007,17376,34383
20210628,4호선,창동,25533,26852,52385
20210628,4호선,초지,4288,4485,8773
20210628,4호선,총신대입구,18131,19877,38008
20210628,4호선,충무로,25591,26811,52402
20210628,4호선,평촌,18046,18009,36055
20210628,4호선,한대앞,8667,8602,17269
20210628,4호선,한성대입구,13084,12742,25826
20210628,4호선,혜화,28629,28842,57471
20210628,4호선,회현,21548,23021,44569
20210629,4호선,경마공원,1434,1453,2887
20210629,4호선,고잔,9077,8751,17828
20210629,4호선,과천,5832,5389,11221
20210629,4호선,길음,20349,19635,39984
20210629,4호선,남태령,1279,1149,2428
20210629,4호선,노원,18469,20746,39215
20210629,4호선,당고개,12878,11830,24708
20210629,4호선,대공원,2753,2923,5676
20210629,4호선,대야미,5048,4606,9654
20210629,4호선,동대문,21137,21351,42488
20210629,4호선,동대문역사문화공원,14588,13395,27983
20210629,4호선,동작,2415,2536,4951
20210629,4호선,명동,17291,18095,35386
20210629,4호선,미아,14816,14547,29363
20210629,4호선,미아사거리,27613,26633,54246
20210629,4호선,반월,4409,4234,8643
20210629,4호선,범계,26015,25916,51931
20210629,4호선,사당,24047,20315,44362
20210629,4호선,산본,16274,17372,33646
20210629,4호선,삼각지,5197,5659,10856
20210629,4호선,상계,19439,17905,37344
20210629,4호선,상록수,15906,16004,31910
20210629,4호선,서울,10786,15088,25874
20210629,4호선,선바위,8878,7698,16576
20210629,4호선,성신여대입구,19474,18650,38124
20210629,4호선,수리산,4341,3592,7933
20210629,4호선,수유,33495,33133,66628
20210629,4호선,숙대입구,13060,12717,25777
20210629,4호선,신길온천,1670,1557,3227
20210629,4호선,신용산,16111,17231,33342
20210629,4호선,쌍문,29698,27444,57142
20210629,4호선,안산,11414,10358,21772
20210629,4호선,오이도,8693,8198,16891
20210629,4호선,이촌,7417,8368,15785
20210629,4호선,인덕원,24320,25063,49383
20210629,4호선,정부과천청사,10678,10490,21168
20210629,4호선,정왕,7626,8190,15816
20210629,4호선,중앙,17066,17687,34753
20210629,4호선,창동,25916,27425,53341
20210629,4호선,초지,4441,4470,8911
20210629,4호선,총신대입구,19033,20742,39775
20210629,4호선,충무로,26550,27252,53802
20210629,4호선,평촌,18673,18486,37159
20210629,4호선,한대앞,8849,8757,17606
20210629,4호선,한성대입구,13683,13386,27069
20210629,4호선,혜화,31002,31217,62219
20210629,4호선,회현,24730,25863,50593
20210630,4호선,경마공원,1329,1354,2683
20210630,4호선,고잔,8806,8418,17224
20210630,4호선,과천,5855,5472,11327
20210630,4호선,길음,20068,19220,39288
20210630,4호선,남태령,1290,1166,2456
20210630,4호선,노원,18453,20821,39274
20210630,4호선,당고개,12943,11652,24595
20210630,4호선,대공원,2429,2521,4950
20210630,4호선,대야미,5227,4704,9931
20210630,4호선,동대문,20524,21169,41693
20210630,4호선,동대문역사문화공원,14973,13670,28643
20210630,4호선,동작,2384,2623,5007
20210630,4호선,명동,17423,18155,35578
20210630,4호선,미아,14893,14337,29230
20210630,4호선,미아사거리,27496,26734,54230
20210630,4호선,반월,4404,4253,8657
20210630,4호선,범계,26112,25711,51823
20210630,4호선,사당,24260,20190,44450
20210630,4호선,산본,16518,17590,34108
20210630,4호선,삼각지,5249,5685,10934
20210630,4호선,상계,19295,17910,37205
20210630,4호선,상록수,15800,15888,31688
20210630,4호선,서울,10799,15313,26112
20210630,4호선,선바위,8536,7661,16197
20210630,4호선,성신여대입구,19384,18453,37837
20210630,4호선,수리산,4362,3541,7903
20210630,4호선,수유,33436,33255,66691
20210630,4호선,숙대입구,12827,12569,25396
20210630,4호선,신길온천,1730,1587,3317
20210630,4호선,신용산,16250,17458,33708
20210630,4호선,쌍문,29638,27213,56851
20210630,4호선,안산,11477,10607,22084
20210630,4호선,오이도,8754,8372,17126
20210630,4호선,이촌,7860,8835,16695
20210630,4호선,인덕원,24320,24966,49286
20210630,4호선,정부과천청사,10589,10371,20960
20210630,4호선,정왕,7600,8262,15862
20210630,4호선,중앙,17263,17985,35248
20210630,4호선,창동,26099,27463,53562
20210630,4호선,초지,4520,4518,9038
20210630,4호선,총신대입구,19026,20796,39822
20210630,4호선,충무로,26638,27506,54144
20210630,4호선,평촌,18412,18287,36699
20210630,4호선,한대앞,8684,8730,17414
20210630,4호선,한성대입구,13619,13149,26768
20210630,4호선,혜화,31632,32074,63706
20210630,4호선,회현,24048,25575,49623
20210701,4호선,경마공원,1423,1412,2835
20210701,4호선,고잔,8805,8464,17269
20210701,4호선,과천,5930,5431,11361
20210701,4호선,길음,20375,19434,39809
20210701,4호선,남태령,1207,1024,2231
20210701,4호선,노원,19037,21115,40152
20210701,4호선,당고개,13032,11804,24836
20210701,4호선,대공원,3008,3139,6147
20210701,4호선,대야미,5110,4647,9757
20210701,4호선,동대문,20713,21187,41900
20210701,4호선,동대문역사문화공원,15094,14009,29103
20210701,4호선,동작,2430,2643,5073
20210701,4호선,명동,17656,18327,35983
20210701,4호선,미아,14920,14476,29396
20210701,4호선,미아사거리,27827,26923,54750
20210701,4호선,반월,4281,4131,8412
20210701,4호선,범계,26033,25682,51715
20210701,4호선,사당,24277,20449,44726
20210701,4호선,산본,16266,17357,33623
20210701,4호선,삼각지,5210,5791,11001
20210701,4호선,상계,19516,17967,37483
20210701,4호선,상록수,15801,15915,31716
20210701,4호선,서울,11073,15418,26491
20210701,4호선,선바위,8674,7529,16203
20210701,4호선,성신여대입구,19958,19021,38979
20210701,4호선,수리산,4414,3571,7985
20210701,4호선,수유,33615,33366,66981
20210701,4호선,숙대입구,13117,12831,25948
20210701,4호선,신길온천,1701,1552,3253
20210701,4호선,신용산,16630,17644,34274
20210701,4호선,쌍문,29845,27343,57188
20210701,4호선,안산,11459,10427,21886
20210701,4호선,오이도,8941,8628,17569
20210701,4호선,이촌,7706,8654,16360
20210701,4호선,인덕원,24487,25073,49560
20210701,4호선,정부과천청사,10630,10504,21134
20210701,4호선,정왕,7467,8108,15575
20210701,4호선,중앙,17354,17888,35242
20210701,4호선,창동,26035,27444,53479
20210701,4호선,초지,4415,4606,9021
20210701,4호선,총신대입구,19430,20963,40393
20210701,4호선,충무로,26411,27447,53858
20210701,4호선,평촌,18244,18189,36433
20210701,4호선,한대앞,8768,8681,17449
20210701,4호선,한성대입구,13745,13351,27096
20210701,4호선,혜화,31750,32028,63778
20210701,4호선,회현,24357,25989,50346
20210702,4호선,경마공원,1299,1286,2585
20210702,4호선,고잔,9116,8759,17875
20210702,4호선,과천,6017,5423,11440
20210702,4호선,길음,20667,19522,40189
20210702,4호선,남태령,1623,1371,2994
20210702,4호선,노원,19801,22323,42124
20210702,4호선,당고개,13217,12073,25290
20210702,4호선,대공원,2790,2987,5777
20210702,4호선,대야미,5275,4691,9966
20210702,4호선,동대문,21097,21713,42810
20210702,4호선,동대문역사문화공원,15263,14096,29359
20210702,4호선,동작,2605,2728,5333
20210702,4호선,명동,18074,19139,37213
20210702,4호선,미아,15318,14543,29861
20210702,4호선,미아사거리,28799,28088,56887
20210702,4호선,반월,4507,4326,8833
20210702,4호선,범계,27502,27606,55108
20210702,4호선,사당,26133,21832,47965
20210702,4호선,산본,16794,18299,35093
20210702,4호선,삼각지,5254,6013,11267
20210702,4호선,상계,19824,18283,38107
20210702,4호선,상록수,16369,16346,32715
20210702,4호선,서울,11042,17427,28469
20210702,4호선,선바위,8958,7616,16574
20210702,4호선,성신여대입구,20939,19778,40717
20210702,4호선,수리산,4560,3562,8122
20210702,4호선,수유,34937,34523,69460
20210702,4호선,숙대입구,13557,13138,26695
20210702,4호선,신길온천,1757,1703,3460
20210702,4호선,신용산,16990,18124,35114
20210702,4호선,쌍문,30627,27720,58347
20210702,4호선,안산,12044,11080,23124
20210702,4호선,오이도,9333,9234,18567
20210702,4호선,이촌,7805,8763,16568
20210702,4호선,인덕원,25027,23717,48744
20210702,4호선,정부과천청사,10732,10533,21265
20210702,4호선,정왕,8231,8438,16669
20210702,4호선,중앙,18471,19681,38152
20210702,4호선,창동,26518,27811,54329
20210702,4호선,초지,4598,4659,9257
20210702,4호선,총신대입구,19814,21685,41499
20210702,4호선,충무로,26634,27722,54356
20210702,4호선,평촌,18580,18365,36945
20210702,4호선,한대앞,9163,9281,18444
20210702,4호선,한성대입구,14498,13796,28294
20210702,4호선,혜화,32133,31783,63916
20210702,4호선,회현,24615,26248,50863
20210705,4호선,경마공원,922,902,1824
20210705,4호선,고잔,8949,8388,17337
20210705,4호선,과천,5671,5249,10920
20210705,4호선,길음,19890,19373,39263
20210705,4호선,남태령,1215,1047,2262
20210705,4호선,노원,18932,21038,39970
20210705,4호선,당고개,13207,12026,25233
20210705,4호선,대공원,2340,2414,4754
20210705,4호선,대야미,5108,4658,9766
20210705,4호선,동대문,21230,21739,42969
20210705,4호선,동대문역사문화공원,14495,13403,27898
20210705,4호선,동작,2495,2594,5089
20210705,4호선,명동,17447,17828,35275
20210705,4호선,미아,15114,14698,29812
20210705,4호선,미아사거리,28003,27024,55027
20210705,4호선,반월,4452,4278,8730
20210705,4호선,범계,25578,25177,50755
20210705,4호선,사당,23347,19843,43190
20210705,4호선,산본,16230,17185,33415
20210705,4호선,삼각지,4923,5365,10288
20210705,4호선,상계,19655,18148,37803
20210705,4호선,상록수,15677,15731,31408
20210705,4호선,서울,10533,14826,25359
20210705,4호선,선바위,8662,7430,16092
20210705,4호선,성신여대입구,19313,18615,37928
20210705,4호선,수리산,4345,3550,7895
20210705,4호선,수유,33638,33216,66854
20210705,4호선,숙대입구,12663,12255,24918
20210705,4호선,신길온천,1728,1597,3325
20210705,4호선,신용산,16242,17365,33607
20210705,4호선,쌍문,29820,27362,57182
20210705,4호선,안산,11816,10920,22736
20210705,4호선,오이도,8673,8251,16924
20210705,4호선,이촌,7128,8141,15269
20210705,4호선,인덕원,24279,24343,48622
20210705,4호선,정부과천청사,10572,10232,20804
20210705,4호선,정왕,7816,8622,16438
20210705,4호선,중앙,17590,17816,35406
20210705,4호선,창동,25617,26881,52498
20210705,4호선,초지,4470,4556,9026
20210705,4호선,총신대입구,19036,20569,39605
20210705,4호선,충무로,25926,27048,52974
20210705,4호선,평촌,18366,18099,36465
20210705,4호선,한대앞,8709,8717,17426
20210705,4호선,한성대입구,13154,12828,25982
20210705,4호선,혜화,29004,29037,58041
20210705,4호선,회현,23929,25492,49421
20210706,4호선,경마공원,1512,1486,2998
20210706,4호선,고잔,8890,8563,17453
20210706,4호선,과천,5975,5426,11401
20210706,4호선,길음,20307,19936,40243
20210706,4호선,남태령,1289,1117,2406
20210706,4호선,노원,19742,22085,41827
20210706,4호선,당고개,13198,12003,25201
20210706,4호선,대공원,3024,3140,6164
20210706,4호선,대야미,5202,4683,9885
20210706,4호선,동대문,21366,21909,43275
20210706,4호선,동대문역사문화공원,14739,13668,28407
20210706,4호선,동작,2510,2686,5196
20210706,4호선,명동,17432,18114,35546
20210706,4호선,미아,14999,14535,29534
20210706,4호선,미아사거리,28183,27369,55552
20210706,4호선,반월,4360,4260,8620
20210706,4호선,범계,26262,26037,52299
20210706,4호선,사당,24224,20411,44635
20210706,4호선,산본,16647,17615,34262
20210706,4호선,삼각지,5182,5589,10771
20210706,4호선,상계,19826,18388,38214
20210706,4호선,상록수,15743,15936,31679
20210706,4호선,서울,11013,14780,25793
20210706,4호선,선바위,8829,7543,16372
20210706,4호선,성신여대입구,20245,19322,39567
20210706,4호선,수리산,4282,3565,7847
20210706,4호선,수유,33955,33738,67693
20210706,4호선,숙대입구,13091,12803,25894
20210706,4호선,신길온천,1729,1567,3296
20210706,4호선,신용산,16282,17503,33785
20210706,4호선,쌍문,30403,27787,58190
20210706,4호선,안산,11760,10566,22326
20210706,4호선,오이도,8703,8345,17048
20210706,4호선,이촌,7488,8447,15935
20210706,4호선,인덕원,24645,25279,49924
20210706,4호선,정부과천청사,10984,10638,21622
20210706,4호선,정왕,7570,8202,15772
20210706,4호선,중앙,17411,17908,35319
20210706,4호선,창동,26150,27722,53872
20210706,4호선,초지,4443,4579,9022
20210706,4호선,총신대입구,19338,20882,40220
20210706,4호선,충무로,26203,27285,53488
20210706,4호선,평촌,18706,18467,37173
20210706,4호선,한대앞,8841,8782,17623
20210706,4호선,한성대입구,13701,13126,26827
20210706,4호선,혜화,31500,31527,63027
20210706,4호선,회현,24518,26048,50566
20210707,4호선,경마공원,1461,1504,2965
20210707,4호선,고잔,8646,8233,16879
20210707,4호선,과천,5650,5216,10866
20210707,4호선,길음,19504,18984,38488
20210707,4호선,남태령,1242,1116,2358
20210707,4호선,노원,18661,20749,39410
20210707,4호선,당고개,12806,11519,24325
20210707,4호선,대공원,2290,2438,4728
20210707,4호선,대야미,4958,4505,9463
20210707,4호선,동대문,20015,20368,40383
20210707,4호선,동대문역사문화공원,14171,13141,27312
20210707,4호선,동작,2362,2458,4820
20210707,4호선,명동,16840,17455,34295
20210707,4호선,미아,14692,14498,29190
20210707,4호선,미아사거리,27266,26554,53820
20210707,4호선,반월,4377,4142,8519
20210707,4호선,범계,25299,25103,50402
20210707,4호선,사당,23296,19501,42797
20210707,4호선,산본,15832,17070,32902
20210707,4호선,삼각지,5012,5450,10462
20210707,4호선,상계,19158,17961,37119
20210707,4호선,상록수,15193,15464,30657
20210707,4호선,서울,10675,14678,25353
20210707,4호선,선바위,8513,7312,15825
20210707,4호선,성신여대입구,19088,18061,37149
20210707,4호선,수리산,4261,3528,7789
20210707,4호선,수유,32845,32912,65757
20210707,4호선,숙대입구,12513,12158,24671
20210707,4호선,신길온천,1694,1581,3275
20210707,4호선,신용산,15953,16966,32919
20210707,4호선,쌍문,29302,27037,56339
20210707,4호선,안산,11452,10328,21780
20210707,4호선,오이도,8443,8066,16509
20210707,4호선,이촌,7324,8223,15547
20210707,4호선,인덕원,23701,24706,48407
20210707,4호선,정부과천청사,10338,10147,20485
20210707,4호선,정왕,7326,8066,15392
20210707,4호선,중앙,16554,17213,33767
20210707,4호선,창동,25139,26559,51698
20210707,4호선,초지,4299,4415,8714
20210707,4호선,총신대입구,18827,20293,39120
20210707,4호선,충무로,25870,26881,52751
20210707,4호선,평촌,17973,17867,35840
20210707,4호선,한대앞,8394,8532,16926
20210707,4호선,한성대입구,13212,12825,26037
20210707,4호선,혜화,31013,31000,62013
20210707,4호선,회현,22883,24269,47152
20210708,4호선,경마공원,1274,1286,2560
20210708,4호선,고잔,8721,8296,17017
20210708,4호선,과천,5469,5006,10475
20210708,4호선,길음,18817,18117,36934
20210708,4호선,남태령,1153,1060,2213
20210708,4호선,노원,18004,19963,37967
20210708,4호선,당고개,12556,11400,23956
20210708,4호선,대공원,2388,2418,4806
20210708,4호선,대야미,4824,4385,9209
20210708,4호선,동대문,19179,19746,38925
20210708,4호선,동대문역사문화공원,14112,12872,26984
20210708,4호선,동작,2267,2386,4653
20210708,4호선,명동,16095,16506,32601
20210708,4호선,미아,14254,13930,28184
20210708,4호선,미아사거리,26310,25452,51762
20210708,4호선,반월,4275,4131,8406
20210708,4호선,범계,24346,24245,48591
20210708,4호선,사당,22532,18663,41195
20210708,4호선,산본,15490,16723,32213
20210708,4호선,삼각지,4954,5267,10221
20210708,4호선,상계,18660,17338,35998
20210708,4호선,상록수,15121,15376,30497
20210708,4호선,서울,10338,14204,24542
20210708,4호선,선바위,8201,7125,15326
20210708,4호선,성신여대입구,18207,17436,35643
20210708,4호선,수리산,4205,3391,7596
20210708,4호선,수유,31868,31727,63595
20210708,4호선,숙대입구,12159,11863,24022
20210708,4호선,신길온천,1610,1517,3127
20210708,4호선,신용산,15691,16866,32557
20210708,4호선,쌍문,28350,26202,54552
20210708,4호선,안산,11141,9956,21097
20210708,4호선,오이도,8047,7750,15797
20210708,4호선,이촌,6962,7768,14730
20210708,4호선,인덕원,23076,23920,46996
20210708,4호선,정부과천청사,9957,9848,19805
20210708,4호선,정왕,7169,7702,14871
20210708,4호선,중앙,16155,17070,33225
20210708,4호선,창동,24260,25511,49771
20210708,4호선,초지,4145,4355,8500
20210708,4호선,총신대입구,18185,19485,37670
20210708,4호선,충무로,25239,26211,51450
20210708,4호선,평촌,17660,17420,35080
20210708,4호선,한대앞,8320,8254,16574
20210708,4호선,한성대입구,12842,12411,25253
20210708,4호선,혜화,28938,28915,57853
20210708,4호선,회현,21905,23260,45165
20210709,4호선,경마공원,1296,1311,2607
20210709,4호선,고잔,8511,8392,16903
20210709,4호선,과천,5502,4922,10424
20210709,4호선,길음,19009,18162,37171
20210709,4호선,남태령,1471,1180,2651
20210709,4호선,노원,18114,20708,38822
20210709,4호선,당고개,12689,11564,24253
20210709,4호선,대공원,2258,2384,4642
20210709,4호선,대야미,4999,4428,9427
20210709,4호선,동대문,19128,19586,38714
20210709,4호선,동대문역사문화공원,13344,12479,25823
20210709,4호선,동작,2268,2424,4692
20210709,4호선,명동,16290,16864,33154
20210709,4호선,미아,14742,14141,28883
20210709,4호선,미아사거리,26653,26069,52722
20210709,4호선,반월,4281,4060,8341
20210709,4호선,범계,24780,24820,49600
20210709,4호선,사당,23275,19105,42380
20210709,4호선,산본,15438,16782,32220
20210709,4호선,삼각지,4790,5428,10218
20210709,4호선,상계,18748,17445,36193
20210709,4호선,상록수,15292,15326,30618
20210709,4호선,서울,10062,15321,25383
20210709,4호선,선바위,8018,7087,15105
20210709,4호선,성신여대입구,18820,18027,36847
20210709,4호선,수리산,4200,3346,7546
20210709,4호선,수유,32634,32619,65253
20210709,4호선,숙대입구,12134,11827,23961
20210709,4호선,신길온천,1690,1613,3303
20210709,4호선,신용산,15225,16517,31742
20210709,4호선,쌍문,28976,26184,55160
20210709,4호선,안산,11478,10610,22088
20210709,4호선,오이도,8284,8106,16390
20210709,4호선,이촌,6915,7671,14586
20210709,4호선,인덕원,23032,23883,46915
20210709,4호선,정부과천청사,10020,9917,19937
20210709,4호선,정왕,7856,8200,16056
20210709,4호선,중앙,16669,17830,34499
20210709,4호선,창동,24439,26154,50593
20210709,4호선,초지,4213,4408,8621
20210709,4호선,총신대입구,18131,19700,37831
20210709,4호선,충무로,24582,25485,50067
20210709,4호선,평촌,17278,17134,34412
20210709,4호선,한대앞,8720,8645,17365
20210709,4호선,한성대입구,13083,12276,25359
20210709,4호선,혜화,28297,28038,56335
20210709,4호선,회현,21586,22990,44576
20210712,4호선,경마공원,827,775,1602
20210712,4호선,고잔,8022,7620,15642
20210712,4호선,과천,4863,4462,9325
20210712,4호선,길음,17231,16923,34154
20210712,4호선,남태령,964,880,1844
20210712,4호선,노원,16006,17599,33605
20210712,4호선,당고개,11554,10409,21963
20210712,4호선,대공원,1754,1790,3544
20210712,4호선,대야미,4428,4077,8505
20210712,4호선,동대문,18371,18605,36976
20210712,4호선,동대문역사문화공원,12403,11449,23852
20210712,4호선,동작,2050,2154,4204
20210712,4호선,명동,14570,14732,29302
20210712,4호선,미아,13753,13391,27144
20210712,4호선,미아사거리,23527,22867,46394
20210712,4호선,반월,3782,3661,7443
20210712,4호선,범계,21214,20976,42190
20210712,4호선,사당,19477,16383,35860
20210712,4호선,산본,14141,15147,29288
20210712,4호선,삼각지,4180,4529,8709
20210712,4호선,상계,17484,16453,33937
20210712,4호선,상록수,13977,13924,27901
20210712,4호선,서울,8922,11622,20544
20210712,4호선,선바위,7341,6393,13734
20210712,4호선,성신여대입구,16514,15800,32314
20210712,4호선,수리산,3780,3092,6872
20210712,4호선,수유,30042,29845,59887
20210712,4호선,숙대입구,10893,10631,21524
20210712,4호선,신길온천,1576,1447,3023
20210712,4호선,신용산,12856,13463,26319
20210712,4호선,쌍문,26373,24488,50861
20210712,4호선,안산,10873,9968,20841
20210712,4호선,오이도,7543,7220,14763
20210712,4호선,이촌,5886,6673,12559
20210712,4호선,인덕원,20839,21872,42711
20210712,4호선,정부과천청사,8927,8874,17801
20210712,4호선,정왕,7005,7515,14520
20210712,4호선,중앙,14643,15040,29683
20210712,4호선,창동,22171,23591,45762
20210712,4호선,초지,3873,3957,7830
20210712,4호선,총신대입구,16439,17749,34188
20210712,4호선,충무로,22866,23746,46612
20210712,4호선,평촌,16264,16159,32423
20210712,4호선,한대앞,7708,7660,15368
20210712,4호선,한성대입구,11484,11269,22753
20210712,4호선,혜화,24239,24313,48552
20210712,4호선,회현,20241,21188,41429
20210713,4호선,경마공원,962,927,1889
20210713,4호선,고잔,7911,7455,15366
20210713,4호선,과천,5032,4528,9560
20210713,4호선,길음,17205,16809,34014
20210713,4호선,남태령,997,815,1812
20210713,4호선,노원,16236,18119,34355
20210713,4호선,당고개,11588,10640,22228
20210713,4호선,대공원,2010,2106,4116
20210713,4호선,대야미,4311,3965,8276
20210713,4호선,동대문,18099,18493,36592
20210713,4호선,동대문역사문화공원,12570,11544,24114
20210713,4호선,동작,1983,2123,4106
20210713,4호선,명동,14111,14322,28433
20210713,4호선,미아,13628,13323,26951
20210713,4호선,미아사거리,24352,23825,48177
20210713,4호선,반월,3746,3664,7410
20210713,4호선,범계,21848,21425,43273
20210713,4호선,사당,19533,16352,35885
20210713,4호선,산본,13887,15130,29017
20210713,4호선,삼각지,4322,4670,8992
20210713,4호선,상계,17299,16274,33573
20210713,4호선,상록수,13917,14103,28020
20210713,4호선,서울,8717,11119,19836
20210713,4호선,선바위,7226,6431,13657
20210713,4호선,성신여대입구,16822,15994,32816
20210713,4호선,수리산,3754,3103,6857
20210713,4호선,수유,30121,29998,60119
20210713,4호선,숙대입구,10629,10606,21235
20210713,4호선,신길온천,1455,1378,2833
20210713,4호선,신용산,12686,13554,26240
20210713,4호선,쌍문,26423,24615,51038
20210713,4호선,안산,10629,9497,20126
20210713,4호선,오이도,7343,6997,14340
20210713,4호선,이촌,6025,6718,12743
20210713,4호선,인덕원,20554,21328,41882
20210713,4호선,정부과천청사,8985,8962,17947
20210713,4호선,정왕,6681,7174,13855
20210713,4호선,중앙,14508,15003,29511
20210713,4호선,창동,22395,23697,46092
20210713,4호선,초지,3795,3968,7763
20210713,4호선,총신대입구,16440,17785,34225
20210713,4호선,충무로,22990,23812,46802
20210713,4호선,평촌,16228,16003,32231
20210713,4호선,한대앞,7489,7633,15122
20210713,4호선,한성대입구,11408,10976,22384
20210713,4호선,혜화,25633,25505,51138
20210713,4호선,회현,20089,21015,41104
20210714,4호선,경마공원,1124,1081,2205
20210714,4호선,고잔,7813,7372,15185
20210714,4호선,과천,4889,4627,9516
20210714,4호선,길음,17168,16492,33660
20210714,4호선,남태령,964,756,1720
20210714,4호선,노원,15930,17813,33743
20210714,4호선,당고개,11370,10402,21772
20210714,4호선,대공원,1892,1942,3834
20210714,4호선,대야미,4457,4066,8523
20210714,4호선,동대문,17794,18092,35886
20210714,4호선,동대문역사문화공원,12662,11694,24356
20210714,4호선,동작,1866,1983,3849
20210714,4호선,명동,14039,14410,28449
20210714,4호선,미아,13092,12886,25978
20210714,4호선,미아사거리,23916,23477,47393
20210714,4호선,반월,3746,3636,7382
20210714,4호선,범계,21846,21494,43340
20210714,4호선,사당,19482,16232,35714
20210714,4호선,산본,13952,15015,28967
20210714,4호선,삼각지,4183,4483,8666
20210714,4호선,상계,16769,15791,32560
20210714,4호선,상록수,13686,13705,27391
20210714,4호선,서울,8586,11254,19840
20210714,4호선,선바위,7233,6295,13528
20210714,4호선,성신여대입구,16338,15866,32204
20210714,4호선,수리산,3722,3036,6758
20210714,4호선,수유,29675,29755,59430
20210714,4호선,숙대입구,10503,10225,20728
20210714,4호선,신길온천,1455,1351,2806
20210714,4호선,신용산,12760,13498,26258
20210714,4호선,쌍문,25848,23974,49822
20210714,4호선,안산,10487,9417,19904
20210714,4호선,오이도,7458,7227,14685
20210714,4호선,이촌,5928,6623,12551
20210714,4호선,인덕원,20295,21267,41562
20210714,4호선,정부과천청사,8644,8664,17308
20210714,4호선,정왕,6569,7122,13691
20210714,4호선,중앙,14553,15138,29691
20210714,4호선,창동,21790,23034,44824
20210714,4호선,초지,3815,3898,7713
20210714,4호선,총신대입구,16102,17325,33427
20210714,4호선,충무로,22844,23737,46581
20210714,4호선,평촌,15935,15655,31590
20210714,4호선,한대앞,7458,7566,15024
20210714,4호선,한성대입구,11187,10878,22065
20210714,4호선,혜화,25889,25668,51557
20210714,4호선,회현,19395,20369,39764
20210715,4호선,경마공원,1112,1085,2197
20210715,4호선,고잔,7627,7237,14864
20210715,4호선,과천,4710,4430,9140
20210715,4호선,길음,16973,16370,33343
20210715,4호선,남태령,913,801,1714
20210715,4호선,노원,15711,17512,33223
20210715,4호선,당고개,11215,10188,21403
20210715,4호선,대공원,1818,1870,3688
20210715,4호선,대야미,4254,3910,8164
20210715,4호선,동대문,17561,17992,35553
20210715,4호선,동대문역사문화공원,12167,11245,23412
20210715,4호선,동작,1885,1998,3883
20210715,4호선,명동,13433,13846,27279
20210715,4호선,미아,12726,12562,25288
20210715,4호선,미아사거리,23455,22992,46447
20210715,4호선,반월,3551,3463,7014
20210715,4호선,범계,21181,20675,41856
20210715,4호선,사당,19342,16038,35380
20210715,4호선,산본,13422,14665,28087
20210715,4호선,삼각지,4189,4467,8656
20210715,4호선,상계,16607,15476,32083
20210715,4호선,상록수,13468,13562,27030
20210715,4호선,서울,8526,11090,19616
20210715,4호선,선바위,7075,6207,13282
20210715,4호선,성신여대입구,16258,15639,31897
20210715,4호선,수리산,3685,2948,6633
20210715,4호선,수유,29401,29277,58678
20210715,4호선,숙대입구,10378,10137,20515
20210715,4호선,신길온천,1439,1320,2759
20210715,4호선,신용산,12596,13281,25877
20210715,4호선,쌍문,25622,23785,49407
20210715,4호선,안산,10332,9293,19625
20210715,4호선,오이도,7274,7014,14288
20210715,4호선,이촌,5718,6392,12110
20210715,4호선,인덕원,19952,20746,40698
20210715,4호선,정부과천청사,8602,8635,17237
20210715,4호선,정왕,6496,7082,13578
20210715,4호선,중앙,14087,14682,28769
20210715,4호선,창동,21689,23064,44753
20210715,4호선,초지,3796,3848,7644
20210715,4호선,총신대입구,15694,16951,32645
20210715,4호선,충무로,22560,23454,46014
20210715,4호선,평촌,15547,15512,31059
20210715,4호선,한대앞,7386,7333,14719
20210715,4호선,한성대입구,11116,10912,22028
20210715,4호선,혜화,25595,25215,50810
20210715,4호선,회현,19260,20120,39380
20210716,4호선,경마공원,1083,1045,2128
20210716,4호선,고잔,7710,7301,15011
20210716,4호선,과천,4946,4542,9488
20210716,4호선,길음,17070,16375,33445
20210716,4호선,남태령,1001,886,1887
20210716,4호선,노원,16609,18550,35159
20210716,4호선,당고개,11353,10494,21847
20210716,4호선,대공원,1824,1886,3710
20210716,4호선,대야미,4342,3844,8186
20210716,4호선,동대문,18101,18479,36580
20210716,4호선,동대문역사문화공원,12359,11395,23754
20210716,4호선,동작,1860,1951,3811
20210716,4호선,명동,13986,14401,28387
20210716,4호선,미아,13058,12728,25786
20210716,4호선,미아사거리,24338,23952,48290
20210716,4호선,반월,3670,3486,7156
20210716,4호선,범계,21880,21790,43670
20210716,4호선,사당,20227,16530,36757
20210716,4호선,산본,13740,14909,28649
20210716,4호선,삼각지,4229,4602,8831
20210716,4호선,상계,16754,15693,32447
20210716,4호선,상록수,13552,13760,27312
20210716,4호선,서울,8465,12717,21182
20210716,4호선,선바위,7007,6231,13238
20210716,4호선,성신여대입구,16736,16145,32881
20210716,4호선,수리산,3743,2963,6706
20210716,4호선,수유,30147,29910,60057
20210716,4호선,숙대입구,10396,10141,20537
20210716,4호선,신길온천,1480,1349,2829
20210716,4호선,신용산,12986,13873,26859
20210716,4호선,쌍문,26114,24014,50128
20210716,4호선,안산,10454,9621,20075
20210716,4호선,오이도,7643,7533,15176
20210716,4호선,이촌,5959,6548,12507
20210716,4호선,인덕원,20307,20999,41306
20210716,4호선,정부과천청사,8683,8731,17414
20210716,4호선,정왕,6880,7152,14032
20210716,4호선,중앙,14470,15396,29866
20210716,4호선,창동,22195,23806,46001
20210716,4호선,초지,3767,3884,7651
20210716,4호선,총신대입구,16234,17731,33965
20210716,4호선,충무로,22450,23185,45635
20210716,4호선,평촌,15475,15317,30792
20210716,4호선,한대앞,7547,7680,15227
20210716,4호선,한성대입구,11296,10906,22202
20210716,4호선,혜화,25573,25084,50657
20210716,4호선,회현,19710,20704,40414
20210719,4호선,경마공원,786,769,1555
20210719,4호선,고잔,7839,7451,15290
20210719,4호선,과천,4812,4470,9282
20210719,4호선,길음,16823,16473,33296
20210719,4호선,남태령,972,796,1768
20210719,4호선,노원,15963,17623,33586
20210719,4호선,당고개,11418,10307,21725
20210719,4호선,대공원,1500,1542,3042
20210719,4호선,대야미,4276,3909,8185
20210719,4호선,동대문,18378,18589,36967
20210719,4호선,동대문역사문화공원,12001,11083,23084
20210719,4호선,동작,1804,1893,3697
20210719,4호선,명동,13497,13831,27328
20210719,4호선,미아,12605,12476,25081
20210719,4호선,미아사거리,23533,23063,46596
20210719,4호선,반월,3701,3588,7289
20210719,4호선,범계,21004,20692,41696
20210719,4호선,사당,19352,15908,35260
20210719,4호선,산본,13455,14607,28062
20210719,4호선,삼각지,4143,4423,8566
20210719,4호선,상계,16803,15788,32591
20210719,4호선,상록수,13789,13885,27674
20210719,4호선,서울,8663,11106,19769
20210719,4호선,선바위,7012,6107,13119
20210719,4호선,성신여대입구,15912,15428,31340
20210719,4호선,수리산,3664,2972,6636
20210719,4호선,수유,29271,29316,58587
20210719,4호선,숙대입구,10171,9898,20069
20210719,4호선,신길온천,1505,1374,2879
20210719,4호선,신용산,12581,13305,25886
20210719,4호선,쌍문,25745,23948,49693
20210719,4호선,안산,10772,9830,20602
20210719,4호선,오이도,7418,7042,14460
20210719,4호선,이촌,5824,6413,12237
20210719,4호선,인덕원,20005,21045,41050
20210719,4호선,정부과천청사,8734,8783,17517
20210719,4호선,정왕,6697,7309,14006
20210719,4호선,중앙,14754,14957,29711
20210719,4호선,창동,21620,23080,44700
20210719,4호선,초지,3804,3864,7668
20210719,4호선,총신대입구,15707,17176,32883
20210719,4호선,충무로,22567,23304,45871
20210719,4호선,평촌,15691,15572,31263
20210719,4호선,한대앞,7570,7600,15170
20210719,4호선,한성대입구,10931,10689,21620
20210719,4호선,혜화,23667,23552,47219
20210719,4호선,회현,19468,20110,39578
20210720,4호선,경마공원,885,872,1757
20210720,4호선,고잔,7798,7266,15064
20210720,4호선,과천,4981,4556,9537
20210720,4호선,길음,17464,17032,34496
20210720,4호선,남태령,925,787,1712
20210720,4호선,노원,16140,18092,34232
20210720,4호선,당고개,11543,10533,22076
20210720,4호선,대공원,1924,2040,3964
20210720,4호선,대야미,4404,4011,8415
20210720,4호선,동대문,18208,18774,36982
20210720,4호선,동대문역사문화공원,12326,11474,23800
20210720,4호선,동작,1904,1880,3784
20210720,4호선,명동,14101,14469,28570
20210720,4호선,미아,12897,12670,25567
20210720,4호선,미아사거리,24069,23382,47451
20210720,4호선,반월,3662,3567,7229
20210720,4호선,범계,21653,21357,43010
20210720,4호선,사당,19601,16141,35742
20210720,4호선,산본,13729,14972,28701
20210720,4호선,삼각지,4236,4672,8908
20210720,4호선,상계,17271,16024,33295
20210720,4호선,상록수,13770,14009,27779
20210720,4호선,서울,8873,11401,20274
20210720,4호선,선바위,7198,6292,13490
20210720,4호선,성신여대입구,16823,16223,33046
20210720,4호선,수리산,3767,3064,6831
20210720,4호선,수유,29991,29670,59661
20210720,4호선,숙대입구,10471,10315,20786
20210720,4호선,신길온천,1491,1403,2894
20210720,4호선,신용산,12686,13598,26284
20210720,4호선,쌍문,26319,24224,50543
20210720,4호선,안산,10681,9486,20167
20210720,4호선,오이도,7386,7164,14550
20210720,4호선,이촌,6085,6723,12808
20210720,4호선,인덕원,20280,21389,41669
20210720,4호선,정부과천청사,8903,8956,17859
20210720,4호선,정왕,6531,7109,13640
20210720,4호선,중앙,14508,14988,29496
20210720,4호선,창동,22283,23768,46051
20210720,4호선,초지,3803,3917,7720
20210720,4호선,총신대입구,16099,17639,33738
20210720,4호선,충무로,23062,23813,46875
20210720,4호선,평촌,15886,15667,31553
20210720,4호선,한대앞,7363,7482,14845
20210720,4호선,한성대입구,11367,11061,22428
20210720,4호선,혜화,25716,25392,51108
20210720,4호선,회현,19894,20670,40564
20210721,4호선,경마공원,1042,1066,2108
20210721,4호선,고잔,7665,7322,14987
20210721,4호선,과천,4839,4572,9411
20210721,4호선,길음,17112,16653,33765
20210721,4호선,남태령,937,815,1752
20210721,4호선,노원,15941,17904,33845
20210721,4호선,당고개,11269,10443,21712
20210721,4호선,대공원,1790,1830,3620
20210721,4호선,대야미,4265,3875,8140
20210721,4호선,동대문,17608,18057,35665
20210721,4호선,동대문역사문화공원,12363,11462,23825
20210721,4호선,동작,1797,1911,3708
20210721,4호선,명동,13947,14327,28274
20210721,4호선,미아,12675,12450,25125
20210721,4호선,미아사거리,23769,23325,47094
20210721,4호선,반월,3715,3560,7275
20210721,4호선,범계,21456,21248,42704
20210721,4호선,사당,19644,16039,35683
20210721,4호선,산본,13584,14560,28144
20210721,4호선,삼각지,4240,4508,8748
20210721,4호선,상계,16825,15680,32505
20210721,4호선,상록수,13387,13624,27011
20210721,4호선,서울,8671,11333,20004
20210721,4호선,선바위,7089,6261,13350
20210721,4호선,성신여대입구,16693,16103,32796
20210721,4호선,수리산,3636,2922,6558
20210721,4호선,수유,29527,29446,58973
20210721,4호선,숙대입구,10609,10357,20966
20210721,4호선,신길온천,1446,1392,2838
20210721,4호선,신용산,12762,13323,26085
20210721,4호선,쌍문,25737,23894,49631
20210721,4호선,안산,10291,9318,19609
20210721,4호선,오이도,7510,7267,14777
20210721,4호선,이촌,6220,6875,13095
20210721,4호선,인덕원,20150,21168,41318
20210721,4호선,정부과천청사,8823,8770,17593
20210721,4호선,정왕,6427,7000,13427
20210721,4호선,중앙,14105,14646,28751
20210721,4호선,창동,21706,23032,44738
20210721,4호선,초지,3749,3781,7530
20210721,4호선,총신대입구,16040,17455,33495
20210721,4호선,충무로,23067,23709,46776
20210721,4호선,평촌,15797,15557,31354
20210721,4호선,한대앞,7378,7386,14764
20210721,4호선,한성대입구,11113,10696,21809
20210721,4호선,혜화,26259,26109,52368
20210721,4호선,회현,19463,20258,39721
20210722,4호선,경마공원,1118,1059,2177
20210722,4호선,고잔,7386,7119,14505
20210722,4호선,과천,4750,4415,9165
20210722,4호선,길음,16841,16410,33251
20210722,4호선,남태령,921,797,1718
20210722,4호선,노원,15830,17361,33191
20210722,4호선,당고개,11113,10223,21336
20210722,4호선,대공원,1707,1839,3546
20210722,4호선,대야미,4232,3901,8133
20210722,4호선,동대문,17716,18183,35899
20210722,4호선,동대문역사문화공원,12285,11477,23762
20210722,4호선,동작,1750,1904,3654
20210722,4호선,명동,13876,14248,28124
20210722,4호선,미아,12583,12284,24867
20210722,4호선,미아사거리,23538,23170,46708
20210722,4호선,반월,3474,3361,6835
20210722,4호선,범계,21243,20894,42137
20210722,4호선,사당,19336,15976,35312
20210722,4호선,산본,13383,14346,27729
20210722,4호선,삼각지,4200,4453,8653
20210722,4호선,상계,16268,15500,31768
20210722,4호선,상록수,13191,13470,26661
20210722,4호선,서울,8482,11203,19685
20210722,4호선,선바위,7068,6213,13281
20210722,4호선,성신여대입구,16404,15634,32038
20210722,4호선,수리산,3598,2895,6493
20210722,4호선,수유,29079,28963,58042
20210722,4호선,숙대입구,10576,10252,20828
20210722,4호선,신길온천,1456,1363,2819
20210722,4호선,신용산,12575,13409,25984
20210722,4호선,쌍문,25567,23691,49258
20210722,4호선,안산,10168,9110,19278
20210722,4호선,오이도,7386,7161,14547
20210722,4호선,이촌,6050,6785,12835
20210722,4호선,인덕원,19978,20933,40911
20210722,4호선,정부과천청사,8710,8695,17405
20210722,4호선,정왕,6365,6867,13232
20210722,4호선,중앙,14176,14635,28811
20210722,4호선,창동,21596,22984,44580
20210722,4호선,초지,3680,3833,7513
20210722,4호선,총신대입구,15388,16681,32069
20210722,4호선,충무로,22840,23473,46313
20210722,4호선,평촌,15589,15344,30933
20210722,4호선,한대앞,7210,7277,14487
20210722,4호선,한성대입구,10867,10540,21407
20210722,4호선,혜화,25706,25523,51229
20210722,4호선,회현,19149,20107,39256
20210723,4호선,경마공원,1094,1130,2224
20210723,4호선,고잔,7607,7145,14752
20210723,4호선,과천,4824,4393,9217
20210723,4호선,길음,17331,16554,33885
20210723,4호선,남태령,981,830,1811
20210723,4호선,노원,16296,18292,34588
20210723,4호선,당고개,11480,10577,22057
20210723,4호선,대공원,1719,1797,3516
20210723,4호선,대야미,4266,3860,8126
20210723,4호선,동대문,18196,18364,36560
20210723,4호선,동대문역사문화공원,12519,11554,24073
20210723,4호선,동작,1819,1993,3812
20210723,4호선,명동,14188,14565,28753
20210723,4호선,미아,13021,12714,25735
20210723,4호선,미아사거리,24292,23800,48092
20210723,4호선,반월,3671,3522,7193
20210723,4호선,범계,22230,22090,44320
20210723,4호선,사당,20435,16600,37035
20210723,4호선,산본,13582,15002,28584
20210723,4호선,삼각지,4262,4687,8949
20210723,4호선,상계,16775,15697,32472
20210723,4호선,상록수,13673,13892,27565
20210723,4호선,서울,8505,12633,21138
20210723,4호선,선바위,7111,6189,13300
20210723,4호선,성신여대입구,16942,16331,33273
20210723,4호선,수리산,3646,2848,6494
20210723,4호선,수유,29993,29991,59984
20210723,4호선,숙대입구,10440,10240,20680
20210723,4호선,신길온천,1499,1394,2893
20210723,4호선,신용산,12962,13970,26932
20210723,4호선,쌍문,25999,23764,49763
20210723,4호선,안산,10570,9672,20242
20210723,4호선,오이도,7629,7594,15223
20210723,4호선,이촌,6215,6793,13008
20210723,4호선,인덕원,20368,21155,41523
20210723,4호선,정부과천청사,8777,8792,17569
20210723,4호선,정왕,6900,7216,14116
20210723,4호선,중앙,14630,15436,30066
20210723,4호선,창동,22019,23616,45635
20210723,4호선,초지,3780,3820,7600
20210723,4호선,총신대입구,16102,17592,33694
20210723,4호선,충무로,22596,23155,45751
20210723,4호선,평촌,15526,15281,30807
20210723,4호선,한대앞,7531,7595,15126
20210723,4호선,한성대입구,11357,10905,22262
20210723,4호선,혜화,25562,25323,50885
20210723,4호선,회현,20023,21000,41023
20210726,4호선,경마공원,777,768,1545
20210726,4호선,고잔,7516,6985,14501
20210726,4호선,과천,4641,4324,8965
20210726,4호선,길음,16670,16317,32987
20210726,4호선,남태령,930,810,1740
20210726,4호선,노원,15796,17504,33300
20210726,4호선,당고개,11315,10192,21507
20210726,4호선,대공원,1396,1433,2829
20210726,4호선,대야미,4186,3741,7927
20210726,4호선,동대문,18378,18841,37219
20210726,4호선,동대문역사문화공원,12303,11444,23747
20210726,4호선,동작,1686,1831,3517
20210726,4호선,명동,14167,14365,28532
20210726,4호선,미아,12617,12459,25076
20210726,4호선,미아사거리,23604,22843,46447
20210726,4호선,반월,3621,3488,7109
20210726,4호선,범계,21243,20952,42195
20210726,4호선,사당,19314,15935,35249
20210726,4호선,산본,13633,15116,28749
20210726,4호선,삼각지,4224,4495,8719
20210726,4호선,상계,16383,15293,31676
20210726,4호선,상록수,13523,13571,27094
20210726,4호선,서울,8857,11448,20305
20210726,4호선,선바위,7035,6031,13066
20210726,4호선,성신여대입구,16166,15685,31851
20210726,4호선,수리산,3608,2833,6441
20210726,4호선,수유,29248,29410,58658
20210726,4호선,숙대입구,10391,10097,20488
20210726,4호선,신길온천,1482,1363,2845
20210726,4호선,신용산,12740,13561,26301
20210726,4호선,쌍문,25658,23820,49478
20210726,4호선,안산,10403,9357,19760
20210726,4호선,오이도,7599,7235,14834
20210726,4호선,이촌,5895,6621,12516
20210726,4호선,인덕원,19826,20797,40623
20210726,4호선,정부과천청사,8741,8704,17445
20210726,4호선,정왕,6581,7106,13687
20210726,4호선,중앙,14242,14627,28869
20210726,4호선,창동,21574,22936,44510
20210726,4호선,초지,3712,3774,7486
20210726,4호선,총신대입구,15657,17186,32843
20210726,4호선,충무로,22481,23194,45675
20210726,4호선,평촌,15283,15272,30555
20210726,4호선,한대앞,7284,7264,14548
20210726,4호선,한성대입구,10866,10601,21467
20210726,4호선,혜화,23635,23524,47159
20210726,4호선,회현,17831,18939,36770
20210727,4호선,경마공원,810,814,1624
20210727,4호선,고잔,7302,6934,14236
20210727,4호선,과천,4802,4467,9269
20210727,4호선,길음,16920,16403,33323
20210727,4호선,남태령,913,786,1699
20210727,4호선,노원,15748,17694,33442
20210727,4호선,당고개,11336,10354,21690
20210727,4호선,대공원,1900,1931,3831
20210727,4호선,대야미,4142,3801,7943
20210727,4호선,동대문,17952,18379,36331
20210727,4호선,동대문역사문화공원,12214,11165,23379
20210727,4호선,동작,1789,1817,3606
20210727,4호선,명동,13956,14244,28200
20210727,4호선,미아,12538,12447,24985
20210727,4호선,미아사거리,23825,23141,46966
20210727,4호선,반월,3520,3410,6930
20210727,4호선,범계,21331,21251,42582
20210727,4호선,사당,19455,15946,35401
20210727,4호선,산본,13320,14410,27730
20210727,4호선,삼각지,4253,4608,8861
20210727,4호선,상계,16502,15564,32066
20210727,4호선,상록수,13426,13629,27055
20210727,4호선,서울,8883,11467,20350
20210727,4호선,선바위,7019,6125,13144
20210727,4호선,성신여대입구,16324,15838,32162
20210727,4호선,수리산,3657,2924,6581
20210727,4호선,수유,29258,29315,58573
20210727,4호선,숙대입구,10340,10169,20509
20210727,4호선,신길온천,1444,1313,2757
20210727,4호선,신용산,12853,13477,26330
20210727,4호선,쌍문,25658,23793,49451
20210727,4호선,안산,10125,9053,19178
20210727,4호선,오이도,7464,7187,14651
20210727,4호선,이촌,6061,6754,12815
20210727,4호선,인덕원,19933,20781,40714
20210727,4호선,정부과천청사,8999,9062,18061
20210727,4호선,정왕,6421,6973,13394
20210727,4호선,중앙,14116,14607,28723
20210727,4호선,창동,21604,22909,44513
20210727,4호선,초지,3650,3716,7366
20210727,4호선,총신대입구,15796,17233,33029
20210727,4호선,충무로,22550,23153,45703
20210727,4호선,평촌,15445,15203,30648
20210727,4호선,한대앞,7279,7324,14603
20210727,4호선,한성대입구,10874,10650,21524
20210727,4호선,혜화,25405,25511,50916
20210727,4호선,회현,19952,20964,40916
20210728,4호선,경마공원,1061,1021,2082
20210728,4호선,고잔,7450,7018,14468
20210728,4호선,과천,4848,4464,9312
20210728,4호선,길음,16730,16262,32992
20210728,4호선,남태령,997,813,1810
20210728,4호선,노원,15864,17564,33428
20210728,4호선,당고개,11234,10244,21478
20210728,4호선,대공원,1812,1916,3728
20210728,4호선,대야미,4100,3787,7887
20210728,4호선,동대문,17960,18250,36210
20210728,4호선,동대문역사문화공원,12370,11409,23779
20210728,4호선,동작,1657,1731,3388
20210728,4호선,명동,14107,14471,28578
20210728,4호선,미아,12579,12289,24868
20210728,4호선,미아사거리,23539,23023,46562
20210728,4호선,반월,3503,3376,6879
20210728,4호선,범계,21211,21271,42482
20210728,4호선,사당,19352,15955,35307
20210728,4호선,산본,13249,14325,27574
20210728,4호선,삼각지,4188,4517,8705
20210728,4호선,상계,16356,15358,31714
20210728,4호선,상록수,13310,13525,26835
20210728,4호선,서울,8829,11608,20437
20210728,4호선,선바위,6997,6129,13126
20210728,4호선,성신여대입구,16281,15815,32096
20210728,4호선,수리산,3515,2842,6357
20210728,4호선,수유,29218,29179,58397
20210728,4호선,숙대입구,10345,10046,20391
20210728,4호선,신길온천,1415,1336,2751
20210728,4호선,신용산,12495,13380,25875
20210728,4호선,쌍문,25618,23815,49433
20210728,4호선,안산,9956,9144,19100
20210728,4호선,오이도,7464,7144,14608
20210728,4호선,이촌,6418,6943,13361
20210728,4호선,인덕원,19718,20635,40353
20210728,4호선,정부과천청사,8787,8680,17467
20210728,4호선,정왕,6391,6989,13380
20210728,4호선,중앙,14001,14405,28406
20210728,4호선,창동,21407,22495,43902
20210728,4호선,초지,3662,3720,7382
20210728,4호선,총신대입구,15597,17213,32810
20210728,4호선,충무로,22285,23064,45349
20210728,4호선,평촌,14948,14903,29851
20210728,4호선,한대앞,7135,7184,14319
20210728,4호선,한성대입구,10871,10542,21413
20210728,4호선,혜화,26511,26353,52864
20210728,4호선,회현,19736,20606,40342
20210729,4호선,경마공원,1067,1069,2136
20210729,4호선,고잔,7273,6915,14188
20210729,4호선,과천,4784,4490,9274
20210729,4호선,길음,16643,16035,32678
20210729,4호선,남태령,910,811,1721
20210729,4호선,노원,15736,17425,33161
20210729,4호선,당고개,11108,10051,21159
20210729,4호선,대공원,1910,1954,3864
20210729,4호선,대야미,4043,3733,7776
20210729,4호선,동대문,18107,18404,36511
20210729,4호선,동대문역사문화공원,12437,11610,24047
20210729,4호선,동작,1667,1777,3444
20210729,4호선,명동,13537,14117,27654
20210729,4호선,미아,12481,12132,24613
20210729,4호선,미아사거리,23411,22788,46199
20210729,4호선,반월,3439,3329,6768
20210729,4호선,범계,21126,20612,41738
20210729,4호선,사당,19413,15745,35158
20210729,4호선,산본,13143,14174,27317
20210729,4호선,삼각지,4225,4575,8800
20210729,4호선,상계,16007,15053,31060
20210729,4호선,상록수,13123,13252,26375
20210729,4호선,서울,8681,12053,20734
20210729,4호선,선바위,6809,6024,12833
20210729,4호선,성신여대입구,16095,15594,31689
20210729,4호선,수리산,3496,2862,6358
20210729,4호선,수유,28964,28938,57902
20210729,4호선,숙대입구,10315,10174,20489
20210729,4호선,신길온천,1422,1313,2735
20210729,4호선,신용산,11993,12755,24748
20210729,4호선,쌍문,25317,23187,48504
20210729,4호선,안산,9938,9007,18945
20210729,4호선,오이도,7225,6977,14202
20210729,4호선,이촌,6077,6680,12757
20210729,4호선,인덕원,19434,20388,39822
20210729,4호선,정부과천청사,8736,8727,17463
20210729,4호선,정왕,6379,6830,13209
20210729,4호선,중앙,13832,14305,28137
20210729,4호선,창동,21407,22920,44327
20210729,4호선,초지,3502,3622,7124
20210729,4호선,총신대입구,15508,16796,32304
20210729,4호선,충무로,22331,23254,45585
20210729,4호선,평촌,15159,14954,30113
20210729,4호선,한대앞,7133,7226,14359
20210729,4호선,한성대입구,10881,10458,21339
20210729,4호선,혜화,25509,25584,51093
20210729,4호선,회현,19519,20393,39912
20210730,4호선,경마공원,1052,1049,2101
20210730,4호선,고잔,7279,6907,14186
20210730,4호선,과천,4816,4358,9174
20210730,4호선,길음,16837,15801,32638
20210730,4호선,남태령,984,758,1742
20210730,4호선,노원,16129,18249,34378
20210730,4호선,당고개,11165,10292,21457
20210730,4호선,대공원,1958,2056,4014
20210730,4호선,대야미,4189,3764,7953
20210730,4호선,동대문,18614,19121,37735
20210730,4호선,동대문역사문화공원,12648,11898,24546
20210730,4호선,동작,1741,1827,3568
20210730,4호선,명동,14240,14795,29035
20210730,4호선,미아,12709,12258,24967
20210730,4호선,미아사거리,23636,23045,46681
20210730,4호선,반월,3583,3381,6964
20210730,4호선,범계,21571,21290,42861
20210730,4호선,사당,20446,16378,36824
20210730,4호선,산본,13580,14718,28298
20210730,4호선,삼각지,4183,4550,8733
20210730,4호선,상계,16265,15202,31467
20210730,4호선,상록수,13230,13324,26554
20210730,4호선,서울,8760,13328,22088
20210730,4호선,선바위,6850,5981,12831
20210730,4호선,성신여대입구,16819,16151,32970
20210730,4호선,수리산,3527,2790,6317
20210730,4호선,수유,29560,29475,59035
20210730,4호선,숙대입구,10462,10142,20604
20210730,4호선,신길온천,1474,1410,2884
20210730,4호선,신용산,11979,13139,25118
20210730,4호선,쌍문,25556,23747,49303
20210730,4호선,안산,10123,9488,19611
20210730,4호선,오이도,7477,7422,14899
20210730,4호선,이촌,6393,7075,13468
20210730,4호선,인덕원,19803,20644,40447
20210730,4호선,정부과천청사,8471,8472,16943
20210730,4호선,정왕,6819,7025,13844
20210730,4호선,중앙,14311,15022,29333
20210730,4호선,창동,21917,23382,45299
20210730,4호선,초지,3624,3754,7378
20210730,4호선,총신대입구,16015,17432,33447
20210730,4호선,충무로,22217,22990,45207
20210730,4호선,평촌,14862,14560,29422
20210730,4호선,한대앞,7254,7318,14572
20210730,4호선,한성대입구,11301,10620,21921
20210730,4호선,혜화,25663,25374,51037
20210730,4호선,회현,19899,20985,40884
20210802,4호선,경마공원,747,717,1464
20210802,4호선,고잔,7147,6751,13898
20210802,4호선,과천,4519,4159,8678
20210802,4호선,길음,15506,15139,30645
20210802,4호선,남태령,915,764,1679
20210802,4호선,노원,15058,16767,31825
20210802,4호선,당고개,10503,9555,20058
20210802,4호선,대공원,1663,1727,3390
20210802,4호선,대야미,3820,3563,7383
20210802,4호선,동대문,9302,9543,18845
20210802,4호선,동대문역사문화공원,11799,10897,22696
20210802,4호선,동작,1690,1811,3501
20210802,4호선,명동,14204,14504,28708
20210802,4호선,미아,11806,11375,23181
20210802,4호선,미아사거리,22100,21540,43640
20210802,4호선,반월,3330,3216,6546
20210802,4호선,범계,19793,19467,39260
20210802,4호선,사당,18554,15420,33974
20210802,4호선,산본,12599,13559,26158
20210802,4호선,삼각지,3958,4278,8236
20210802,4호선,상계,15127,14022,29149
20210802,4호선,상록수,12242,12043,24285
20210802,4호선,서울,8593,11505,20098
20210802,4호선,선바위,6466,5787,12253
20210802,4호선,성신여대입구,15306,14888,30194
20210802,4호선,수리산,3257,2668,5925
20210802,4호선,수유,27437,27503,54940
20210802,4호선,숙대입구,9736,9445,19181
20210802,4호선,신길온천,1357,1203,2560
20210802,4호선,신용산,12453,13116,25569
20210802,4호선,쌍문,23894,22060,45954
20210802,4호선,안산,9969,9647,19616
20210802,4호선,오이도,6656,6526,13182
20210802,4호선,이촌,5860,6500,12360
20210802,4호선,인덕원,18444,19287,37731
20210802,4호선,정부과천청사,8127,8198,16325
20210802,4호선,정왕,5907,6237,12144
20210802,4호선,중앙,13601,13717,27318
20210802,4호선,창동,20035,21335,41370
20210802,4호선,초지,3193,3198,6391
20210802,4호선,총신대입구,15050,16350,31400
20210802,4호선,충무로,18660,19442,38102
20210802,4호선,평촌,13841,13659,27500
20210802,4호선,한대앞,6739,6704,13443
20210802,4호선,한성대입구,10270,10089,20359
20210802,4호선,혜화,22603,22933,45536
20210802,4호선,회현,19183,20234,39417
20210803,4호선,경마공원,874,840,1714
20210803,4호선,고잔,7014,6701,13715
20210803,4호선,과천,4692,4298,8990
20210803,4호선,길음,15901,15431,31332
20210803,4호선,남태령,876,758,1634
20210803,4호선,노원,15228,17154,32382
20210803,4호선,당고개,10451,9576,20027
20210803,4호선,대공원,2401,2474,4875
20210803,4호선,대야미,3952,3652,7604
20210803,4호선,동대문,9395,9666,19061
20210803,4호선,동대문역사문화공원,11816,10993,22809
20210803,4호선,동작,1732,1757,3489
20210803,4호선,명동,14047,14354,28401
20210803,4호선,미아,12037,11681,23718
20210803,4호선,미아사거리,22444,22032,44476
20210803,4호선,반월,3288,3246,6534
20210803,4호선,범계,20503,20253,40756
20210803,4호선,사당,19201,15816,35017
20210803,4호선,산본,12696,13776,26472
20210803,4호선,삼각지,4162,4502,8664
20210803,4호선,상계,15521,14554,30075
20210803,4호선,상록수,12289,12303,24592
20210803,4호선,서울,8591,11415,20006
20210803,4호선,선바위,6664,5947,12611
20210803,4호선,성신여대입구,15783,15405,31188
20210803,4호선,수리산,3293,2699,5992
20210803,4호선,수유,27939,28022,55961
20210803,4호선,숙대입구,10092,9732,19824
20210803,4호선,신길온천,1285,1145,2430
20210803,4호선,신용산,12523,13118,25641
20210803,4호선,쌍문,24167,22444,46611
20210803,4호선,안산,9533,9095,18628
20210803,4호선,오이도,7002,6840,13842
20210803,4호선,이촌,6169,6770,12939
20210803,4호선,인덕원,18791,19701,38492
20210803,4호선,정부과천청사,8258,8262,16520
20210803,4호선,정왕,5932,6283,12215
20210803,4호선,중앙,13628,13867,27495
20210803,4호선,창동,20383,21870,42253
20210803,4호선,초지,3182,3211,6393
20210803,4호선,총신대입구,15246,16571,31817
20210803,4호선,충무로,19129,19797,38926
20210803,4호선,평촌,14016,13981,27997
20210803,4호선,한대앞,6512,6603,13115
20210803,4호선,한성대입구,10734,10284,21018
20210803,4호선,혜화,25057,25091,50148
20210803,4호선,회현,19671,20583,40254
20210804,4호선,경마공원,980,984,1964
20210804,4호선,고잔,6918,6581,13499
20210804,4호선,과천,4679,4335,9014
20210804,4호선,길음,16101,15575,31676
20210804,4호선,남태령,881,709,1590
20210804,4호선,노원,15539,17343,32882
20210804,4호선,당고개,10671,9866,20537
20210804,4호선,대공원,2212,2325,4537
20210804,4호선,대야미,3904,3620,7524
20210804,4호선,동대문,9418,9679,19097
20210804,4호선,동대문역사문화공원,11785,11045,22830
20210804,4호선,동작,1746,1811,3557
20210804,4호선,명동,14019,14386,28405
20210804,4호선,미아,12070,11789,23859
20210804,4호선,미아사거리,22530,21854,44384
20210804,4호선,반월,3327,3259,6586
20210804,4호선,범계,20613,20249,40862
20210804,4호선,사당,19693,15960,35653
20210804,4호선,산본,12894,13974,26868
20210804,4호선,삼각지,4242,4592,8834
20210804,4호선,상계,15565,14707,30272
20210804,4호선,상록수,12518,12489,25007
20210804,4호선,서울,8678,11645,20323
20210804,4호선,선바위,6793,6053,12846
20210804,4호선,성신여대입구,15915,15330,31245
20210804,4호선,수리산,3307,2725,6032
20210804,4호선,수유,28396,28271,56667
20210804,4호선,숙대입구,10077,9938,20015
20210804,4호선,신길온천,1345,1256,2601
20210804,4호선,신용산,12754,13446,26200
20210804,4호선,쌍문,24116,22447,46563
20210804,4호선,안산,9359,8876,18235
20210804,4호선,오이도,6998,6813,13811
20210804,4호선,이촌,6324,7017,13341
20210804,4호선,인덕원,19227,19942,39169
20210804,4호선,정부과천청사,8436,8339,16775
20210804,4호선,정왕,5826,6316,12142
20210804,4호선,중앙,13823,14093,27916
20210804,4호선,창동,20759,21881,42640
20210804,4호선,초지,3319,3373,6692
20210804,4호선,총신대입구,15564,16865,32429
20210804,4호선,충무로,19827,20529,40356
20210804,4호선,평촌,14113,13945,28058
20210804,4호선,한대앞,6683,6663,13346
20210804,4호선,한성대입구,10780,10267,21047
20210804,4호선,혜화,26014,26210,52224
20210804,4호선,회현,19477,20416,39893
20210805,4호선,경마공원,1106,1056,2162
20210805,4호선,고잔,7102,6747,13849
20210805,4호선,과천,4732,4405,9137
20210805,4호선,길음,16704,16268,32972
20210805,4호선,남태령,922,781,1703
20210805,4호선,노원,15965,17706,33671
20210805,4호선,당고개,11165,10229,21394
20210805,4호선,대공원,2128,2204,4332
20210805,4호선,대야미,4144,3826,7970
20210805,4호선,동대문,19449,19616,39065
20210805,4호선,동대문역사문화공원,12696,11781,24477
20210805,4호선,동작,1734,1826,3560
20210805,4호선,명동,13989,14438,28427
20210805,4호선,미아,12394,12180,24574
20210805,4호선,미아사거리,23260,22604,45864
20210805,4호선,반월,3427,3304,6731
20210805,4호선,범계,21242,20807,42049
20210805,4호선,사당,19833,16411,36244
20210805,4호선,산본,13190,14140,27330
20210805,4호선,삼각지,4203,4713,8916
20210805,4호선,상계,16220,15195,31415
20210805,4호선,상록수,12963,12902,25865
20210805,4호선,서울,8753,11736,20489
20210805,4호선,선바위,6881,6033,12914
20210805,4호선,성신여대입구,16292,15796,32088
20210805,4호선,수리산,3412,2787,6199
20210805,4호선,수유,29114,29028,58142
20210805,4호선,숙대입구,10082,10092,20174
20210805,4호선,신길온천,1411,1263,2674
20210805,4호선,신용산,12914,13857,26771
20210805,4호선,쌍문,25409,23578,48987
20210805,4호선,안산,9537,8749,18286
20210805,4호선,오이도,7314,7089,14403
20210805,4호선,이촌,6108,6746,12854
20210805,4호선,인덕원,19818,20669,40487
20210805,4호선,정부과천청사,8557,8622,17179
20210805,4호선,정왕,6178,6528,12706
20210805,4호선,중앙,13988,14572,28560
20210805,4호선,창동,21336,22794,44130
20210805,4호선,초지,3587,3676,7263
20210805,4호선,총신대입구,15777,17058,32835
20210805,4호선,충무로,22483,23436,45919
20210805,4호선,평촌,14771,14417,29188
20210805,4호선,한대앞,7043,7052,14095
20210805,4호선,한성대입구,10976,10477,21453
20210805,4호선,혜화,25708,25841,51549
20210805,4호선,회현,19821,20921,40742
20210806,4호선,경마공원,1054,1048,2102
20210806,4호선,고잔,7215,6846,14061
20210806,4호선,과천,4806,4430,9236
20210806,4호선,길음,16669,16014,32683
20210806,4호선,남태령,989,792,1781
20210806,4호선,노원,16402,18350,34752
20210806,4호선,당고개,11040,10105,21145
20210806,4호선,대공원,2067,2155,4222
20210806,4호선,대야미,4182,3786,7968
20210806,4호선,동대문,18469,19192,37661
20210806,4호선,동대문역사문화공원,13009,11865,24874
20210806,4호선,동작,1780,1870,3650
20210806,4호선,명동,14328,14512,28840
20210806,4호선,미아,12786,12365,25151
20210806,4호선,미아사거리,23811,23136,46947
20210806,4호선,반월,3527,3438,6965
20210806,4호선,범계,21360,21222,42582
20210806,4호선,사당,20148,16538,36686
20210806,4호선,산본,13491,14692,28183
20210806,4호선,삼각지,4226,4698,8924
20210806,4호선,상계,16382,15231,31613
20210806,4호선,상록수,13116,13175,26291
20210806,4호선,서울,8630,12919,21549
20210806,4호선,선바위,7013,6045,13058
20210806,4호선,성신여대입구,16680,16068,32748
20210806,4호선,수리산,3401,2679,6080
20210806,4호선,수유,29303,29307,58610
20210806,4호선,숙대입구,10156,10065,20221
20210806,4호선,신길온천,1370,1221,2591
20210806,4호선,신용산,12980,14018,26998
20210806,4호선,쌍문,25908,23691,49599
20210806,4호선,안산,9821,9150,18971
20210806,4호선,오이도,7378,7371,14749
20210806,4호선,이촌,6358,7070,13428
20210806,4호선,인덕원,19855,20640,40495
20210806,4호선,정부과천청사,8528,8407,16935
20210806,4호선,정왕,6437,6644,13081
20210806,4호선,중앙,14446,15241,29687
20210806,4호선,창동,21877,23281,45158
20210806,4호선,초지,3527,3720,7247
20210806,4호선,총신대입구,16294,17897,34191
20210806,4호선,충무로,22161,23040,45201
20210806,4호선,평촌,14646,14483,29129
20210806,4호선,한대앞,7121,7263,14384
20210806,4호선,한성대입구,11212,10648,21860
20210806,4호선,혜화,26313,25757,52070
20210806,4호선,회현,20043,21004,41047
20210809,4호선,경마공원,836,838,1674
20210809,4호선,고잔,7735,7212,14947
20210809,4호선,과천,4853,4456,9309
20210809,4호선,길음,16745,16485,33230
20210809,4호선,남태령,951,814,1765
20210809,4호선,노원,16178,18230,34408
20210809,4호선,당고개,11282,10212,21494
20210809,4호선,대공원,1888,1960,3848
20210809,4호선,대야미,4358,4006,8364
20210809,4호선,동대문,15377,15717,31094
20210809,4호선,동대문역사문화공원,11477,10098,21575
20210809,4호선,동작,1820,1819,3639
20210809,4호선,명동,14411,14829,29240
20210809,4호선,미아,12578,12450,25028
20210809,4호선,미아사거리,23517,22955,46472
20210809,4호선,반월,3714,3611,7325
20210809,4호선,범계,21819,21563,43382
20210809,4호선,사당,20071,16481,36552
20210809,4호선,산본,13935,15024,28959
20210809,4호선,삼각지,4226,4430,8656
20210809,4호선,상계,16341,15358,31699
20210809,4호선,상록수,13955,13963,27918
20210809,4호선,서울,9181,11882,21063
20210809,4호선,선바위,7120,6279,13399
20210809,4호선,성신여대입구,16448,16233,32681
20210809,4호선,수리산,3669,3011,6680
20210809,4호선,수유,29340,29637,58977
20210809,4호선,숙대입구,10386,10345,20731
20210809,4호선,신길온천,1530,1351,2881
20210809,4호선,신용산,13271,13988,27259
20210809,4호선,쌍문,25772,23714,49486
20210809,4호선,안산,10482,9723,20205
20210809,4호선,오이도,7785,7470,15255
20210809,4호선,이촌,6240,7014,13254
20210809,4호선,인덕원,20284,21563,41847
20210809,4호선,정부과천청사,8889,8875,17764
20210809,4호선,정왕,6671,7096,13767
20210809,4호선,중앙,14748,15070,29818
20210809,4호선,창동,22191,23403,45594
20210809,4호선,초지,3830,3899,7729
20210809,4호선,총신대입구,16220,17738,33958
20210809,4호선,충무로,22758,23753,46511
20210809,4호선,평촌,15762,15562,31324
20210809,4호선,한대앞,7638,7594,15232
20210809,4호선,한성대입구,11117,10817,21934
20210809,4호선,혜화,25477,25038,50515
20210809,4호선,회현,14275,15214,29489
20210810,4호선,경마공원,908,853,1761
20210810,4호선,고잔,7629,7341,14970
20210810,4호선,과천,5035,4620,9655
20210810,4호선,길음,17055,16783,33838
20210810,4호선,남태령,1044,842,1886
20210810,4호선,노원,16296,18224,34520
20210810,4호선,당고개,11488,10475,21963
20210810,4호선,대공원,2238,2301,4539
20210810,4호선,대야미,4279,3969,8248
20210810,4호선,동대문,14882,15448,30330
20210810,4호선,동대문역사문화공원,11680,10454,22134
20210810,4호선,동작,1839,1918,3757
20210810,4호선,명동,14639,14752,29391
20210810,4호선,미아,12688,12607,25295
20210810,4호선,미아사거리,23913,23542,47455
20210810,4호선,반월,3719,3573,7292
20210810,4호선,범계,22238,22015,44253
20210810,4호선,사당,20449,17036,37485
20210810,4호선,산본,13814,14893,28707
20210810,4호선,삼각지,4417,4785,9202
20210810,4호선,상계,16669,15518,32187
20210810,4호선,상록수,13733,13943,27676
20210810,4호선,서울,9238,12148,21386
20210810,4호선,선바위,7180,6415,13595
20210810,4호선,성신여대입구,16520,16226,32746
20210810,4호선,수리산,3655,2996,6651
20210810,4호선,수유,29607,29723,59330
20210810,4호선,숙대입구,10578,10414,20992
20210810,4호선,신길온천,1516,1388,2904
20210810,4호선,신용산,13341,14026,27367
20210810,4호선,쌍문,25765,23944,49709
20210810,4호선,안산,10392,9350,19742
20210810,4호선,오이도,7640,7277,14917
20210810,4호선,이촌,6618,7281,13899
20210810,4호선,인덕원,20772,21898,42670
20210810,4호선,정부과천청사,9170,9078,18248
20210810,4호선,정왕,6579,7057,13636
20210810,4호선,중앙,14756,15105,29861
20210810,4호선,창동,22333,23824,46157
20210810,4호선,초지,3787,3996,7783
20210810,4호선,총신대입구,16712,18044,34756
20210810,4호선,충무로,23377,24304,47681
20210810,4호선,평촌,16161,15902,32063
20210810,4호선,한대앞,7479,7559,15038
20210810,4호선,한성대입구,11332,11052,22384
20210810,4호선,혜화,27080,26736,53816
20210810,4호선,회현,16541,17361,33902
20210811,4호선,경마공원,1130,1059,2189
20210811,4호선,고잔,7624,7272,14896
20210811,4호선,과천,5056,4617,9673
20210811,4호선,길음,17212,16753,33965
20210811,4호선,남태령,964,798,1762
20210811,4호선,노원,16538,18305,34843
20210811,4호선,당고개,11341,10451,21792
20210811,4호선,대공원,2246,2396,4642
20210811,4호선,대야미,4471,4064,8535
20210811,4호선,동대문,14701,14991,29692
20210811,4호선,동대문역사문화공원,11798,10475,22273
20210811,4호선,동작,1887,1959,3846
20210811,4호선,명동,14423,14854,29277
20210811,4호선,미아,12582,12267,24849
20210811,4호선,미아사거리,23521,22995,46516
20210811,4호선,반월,3681,3591,7272
20210811,4호선,범계,22172,21999,44171
20210811,4호선,사당,20363,16725,37088
20210811,4호선,산본,13918,15069,28987
20210811,4호선,삼각지,4264,4734,8998
20210811,4호선,상계,16707,15542,32249
20210811,4호선,상록수,13631,13884,27515
20210811,4호선,서울,9138,12129,21267
20210811,4호선,선바위,7269,6558,13827
20210811,4호선,성신여대입구,16816,16145,32961
20210811,4호선,수리산,3702,2960,6662
20210811,4호선,수유,29301,29423,58724
20210811,4호선,숙대입구,10624,10449,21073
20210811,4호선,신길온천,1495,1339,2834
20210811,4호선,신용산,13357,14195,27552
20210811,4호선,쌍문,25802,24083,49885
20210811,4호선,안산,10238,9214,19452
20210811,4호선,오이도,7623,7367,14990
20210811,4호선,이촌,6707,7416,14123
20210811,4호선,인덕원,20681,21691,42372
20210811,4호선,정부과천청사,8964,8852,17816
20210811,4호선,정왕,6578,6998,13576
20210811,4호선,중앙,14766,15326,30092
20210811,4호선,창동,22067,23511,45578
20210811,4호선,초지,3877,3961,7838
20210811,4호선,총신대입구,16161,17642,33803
20210811,4호선,충무로,23072,24018,47090
20210811,4호선,평촌,15683,15387,31070
20210811,4호선,한대앞,7453,7577,15030
20210811,4호선,한성대입구,11350,10933,22283
20210811,4호선,혜화,27290,27385,54675
20210811,4호선,회현,15654,16496,32150
20210812,4호선,경마공원,1130,1068,2198
20210812,4호선,고잔,7639,7228,14867
20210812,4호선,과천,5006,4653,9659
20210812,4호선,길음,17186,16903,34089
20210812,4호선,남태령,974,878,1852
20210812,4호선,노원,16214,18057,34271
20210812,4호선,당고개,11326,10336,21662
20210812,4호선,대공원,2242,2334,4576
20210812,4호선,대야미,4384,3919,8303
20210812,4호선,동대문,14888,15211,30099
20210812,4호선,동대문역사문화공원,11865,10425,22290
20210812,4호선,동작,1737,1865,3602
20210812,4호선,명동,13999,14673,28672
20210812,4호선,미아,12573,12317,24890
20210812,4호선,미아사거리,23647,23052,46699
20210812,4호선,반월,3655,3514,7169
20210812,4호선,범계,21766,21413,43179
20210812,4호선,사당,20452,16575,37027
20210812,4호선,산본,13953,15167,29120
20210812,4호선,삼각지,4371,4694,9065
20210812,4호선,상계,16366,15557,31923
20210812,4호선,상록수,13597,13676,27273
20210812,4호선,서울,8915,12222,21137
20210812,4호선,선바위,7121,6389,13510
20210812,4호선,성신여대입구,16723,16350,33073
20210812,4호선,수리산,3728,3045,6773
20210812,4호선,수유,29155,29250,58405
20210812,4호선,숙대입구,10557,10381,20938
20210812,4호선,신길온천,1459,1327,2786
20210812,4호선,신용산,13471,14268,27739
20210812,4호선,쌍문,25545,23564,49109
20210812,4호선,안산,10063,9133,19196
20210812,4호선,오이도,7442,7227,14669
20210812,4호선,이촌,6522,7188,13710
20210812,4호선,인덕원,20561,21463,42024
20210812,4호선,정부과천청사,9014,9008,18022
20210812,4호선,정왕,6501,6936,13437
20210812,4호선,중앙,14602,15161,29763
20210812,4호선,창동,21867,23154,45021
20210812,4호선,초지,3847,3962,7809
20210812,4호선,총신대입구,15965,17401,33366
20210812,4호선,충무로,22894,23798,46692
20210812,4호선,평촌,15752,15696,31448
20210812,4호선,한대앞,7431,7457,14888
20210812,4호선,한성대입구,11395,10971,22366
20210812,4호선,혜화,26940,26678,53618
20210812,4호선,회현,15599,16437,32036
20210813,4호선,경마공원,1117,1105,2222
20210813,4호선,고잔,7703,7280,14983
20210813,4호선,과천,4924,4571,9495
20210813,4호선,길음,17243,16403,33646
20210813,4호선,남태령,996,843,1839
20210813,4호선,노원,16882,18825,35707
20210813,4호선,당고개,11359,10519,21878
20210813,4호선,대공원,2362,2491,4853
20210813,4호선,대야미,4461,4092,8553
20210813,4호선,동대문,14914,15454,30368
20210813,4호선,동대문역사문화공원,11958,10754,22712
20210813,4호선,동작,1894,1982,3876
20210813,4호선,명동,14426,15078,29504
20210813,4호선,미아,12851,12483,25334
20210813,4호선,미아사거리,24069,23297,47366
20210813,4호선,반월,3778,3599,7377
20210813,4호선,범계,22446,22317,44763
20210813,4호선,사당,20855,17154,38009
20210813,4호선,산본,14174,15330,29504
20210813,4호선,삼각지,4294,4832,9126
20210813,4호선,상계,16562,15451,32013
20210813,4호선,상록수,13853,13876,27729
20210813,4호선,서울,8781,14200,22981
20210813,4호선,선바위,7078,6247,13325
20210813,4호선,성신여대입구,17157,16644,33801
20210813,4호선,수리산,3756,3022,6778
20210813,4호선,수유,29856,29690,59546
20210813,4호선,숙대입구,10649,10438,21087
20210813,4호선,신길온천,1453,1368,2821
20210813,4호선,신용산,13522,14854,28376
20210813,4호선,쌍문,25867,23819,49686
20210813,4호선,안산,10545,9607,20152
20210813,4호선,오이도,7658,7511,15169
20210813,4호선,이촌,6727,7397,14124
20210813,4호선,인덕원,20693,21371,42064
20210813,4호선,정부과천청사,8814,8685,17499
20210813,4호선,정왕,7022,7226,14248
20210813,4호선,중앙,15012,15828,30840
20210813,4호선,창동,22482,23979,46461
20210813,4호선,초지,3833,3979,7812
20210813,4호선,총신대입구,16768,18034,34802
20210813,4호선,충무로,22680,23563,46243
20210813,4호선,평촌,15433,15215,30648
20210813,4호선,한대앞,7744,7741,15485
20210813,4호선,한성대입구,11454,11035,22489
20210813,4호선,혜화,26660,26450,53110
20210813,4호선,회현,16116,17072,33188
20210816,4호선,경마공원,540,524,1064
20210816,4호선,고잔,4162,3841,8003
20210816,4호선,과천,3091,2769,5860
20210816,4호선,길음,10032,9954,19986
20210816,4호선,남태령,578,498,1076
20210816,4호선,노원,11805,12745,24550
20210816,4호선,당고개,8056,7341,15397
20210816,4호선,대공원,3437,3514,6951
20210816,4호선,대야미,3054,2774,5828
20210816,4호선,동대문,15009,16164,31173
20210816,4호선,동대문역사문화공원,8340,7984,16324
20210816,4호선,동작,1432,1462,2894
20210816,4호선,명동,8094,8491,16585
20210816,4호선,미아,8548,8384,16932
20210816,4호선,미아사거리,16566,16061,32627
20210816,4호선,반월,2632,2548,5180
20210816,4호선,범계,13710,13418,27128
20210816,4호선,사당,12975,11567,24542
20210816,4호선,산본,9155,9947,19102
20210816,4호선,삼각지,2027,2467,4494
20210816,4호선,상계,10833,10180,21013
20210816,4호선,상록수,9432,9351,18783
20210816,4호선,서울,3751,6798,10549
20210816,4호선,선바위,3507,3319,6826
20210816,4호선,성신여대입구,11712,11345,23057
20210816,4호선,수리산,2226,1987,4213
20210816,4호선,수유,20285,19815,40100
20210816,4호선,숙대입구,5826,5764,11590
20210816,4호선,신길온천,1095,1037,2132
20210816,4호선,신용산,7492,7731,15223
20210816,4호선,쌍문,16583,15117,31700
20210816,4호선,안산,7170,7003,14173
20210816,4호선,오이도,6302,6125,12427
20210816,4호선,이촌,4231,4732,8963
20210816,4호선,인덕원,10473,10615,21088
20210816,4호선,정부과천청사,4010,4197,8207
20210816,4호선,정왕,4562,5096,9658
20210816,4호선,중앙,10962,10741,21703
20210816,4호선,창동,14568,15565,30133
20210816,4호선,초지,2303,2215,4518
20210816,4호선,총신대입구,10556,11728,22284
20210816,4호선,충무로,9425,10067,19492
20210816,4호선,평촌,6801,6698,13499
20210816,4호선,한대앞,5253,5193,10446
20210816,4호선,한성대입구,7612,7326,14938
20210816,4호선,혜화,20963,21727,42690
20210816,4호선,회현,15211,15945,31156
20210817,4호선,경마공원,916,863,1779
20210817,4호선,고잔,7839,7422,15261
20210817,4호선,과천,5069,4946,10015
20210817,4호선,길음,17532,17448,34980
20210817,4호선,남태령,1063,881,1944
20210817,4호선,노원,16765,18472,35237
20210817,4호선,당고개,11631,10668,22299
20210817,4호선,대공원,2156,2270,4426
20210817,4호선,대야미,4324,3997,8321
20210817,4호선,동대문,19007,19290,38297
20210817,4호선,동대문역사문화공원,12907,11906,24813
20210817,4호선,동작,1652,1786,3438
20210817,4호선,명동,14354,14765,29119
20210817,4호선,미아,13183,13089,26272
20210817,4호선,미아사거리,24487,23888,48375
20210817,4호선,반월,3776,3616,7392
20210817,4호선,범계,22118,21912,44030
20210817,4호선,사당,20701,17048,37749
20210817,4호선,산본,14159,15266,29425
20210817,4호선,삼각지,4329,4558,8887
20210817,4호선,상계,17020,16112,33132
20210817,4호선,상록수,13632,13839,27471
20210817,4호선,서울,9169,11991,21160
20210817,4호선,선바위,7469,6466,13935
20210817,4호선,성신여대입구,17082,16725,33807
20210817,4호선,수리산,3762,3160,6922
20210817,4호선,수유,30234,30482,60716
20210817,4호선,숙대입구,11277,11104,22381
20210817,4호선,신길온천,1503,1353,2856
20210817,4호선,신용산,13574,14214,27788
20210817,4호선,쌍문,26544,24808,51352
20210817,4호선,안산,10082,9387,19469
20210817,4호선,오이도,7498,7152,14650
20210817,4호선,이촌,6280,7168,13448
20210817,4호선,인덕원,20737,22061,42798
20210817,4호선,정부과천청사,9274,9171,18445
20210817,4호선,정왕,6672,7274,13946
20210817,4호선,중앙,14770,14999,29769
20210817,4호선,창동,22383,23818,46201
20210817,4호선,초지,3938,3963,7901
20210817,4호선,총신대입구,16540,18058,34598
20210817,4호선,충무로,23399,24186,47585
20210817,4호선,평촌,15883,15854,31737
20210817,4호선,한대앞,7687,7725,15412
20210817,4호선,한성대입구,11731,11620,23351
20210817,4호선,혜화,26032,25817,51849
20210817,4호선,회현,21367,21964,43331
20210818,4호선,경마공원,970,937,1907
20210818,4호선,고잔,7506,7167,14673
20210818,4호선,과천,5003,4630,9633
20210818,4호선,길음,17392,17103,34495
20210818,4호선,남태령,1030,862,1892
20210818,4호선,노원,16570,18477,35047
20210818,4호선,당고개,11392,10410,21802
20210818,4호선,대공원,2105,2208,4313
20210818,4호선,대야미,4387,4061,8448
20210818,4호선,동대문,18555,19107,37662
20210818,4호선,동대문역사문화공원,12975,11917,24892
20210818,4호선,동작,1914,1929,3843
20210818,4호선,명동,14505,14742,29247
20210818,4호선,미아,13022,12811,25833
20210818,4호선,미아사거리,24250,23657,47907
20210818,4호선,반월,3595,3498,7093
20210818,4호선,범계,21807,21627,43434
20210818,4호선,사당,20358,16772,37130
20210818,4호선,산본,13933,14972,28905
20210818,4호선,삼각지,4441,4830,9271
20210818,4호선,상계,17290,16063,33353
20210818,4호선,상록수,13439,13800,27239
20210818,4호선,서울,9099,12216,21315
20210818,4호선,선바위,7544,6499,14043
20210818,4호선,성신여대입구,17361,16581,33942
20210818,4호선,수리산,3638,2910,6548
20210818,4호선,수유,30202,30274,60476
20210818,4호선,숙대입구,11078,10913,21991
20210818,4호선,신길온천,1406,1346,2752
20210818,4호선,신용산,13513,14548,28061
20210818,4호선,쌍문,26645,24600,51245
20210818,4호선,안산,10310,9266,19576
20210818,4호선,오이도,7131,6854,13985
20210818,4호선,이촌,6445,7086,13531
20210818,4호선,인덕원,20544,21672,42216
20210818,4호선,정부과천청사,9026,8867,17893
20210818,4호선,정왕,6509,7030,13539
20210818,4호선,중앙,14426,14937,29363
20210818,4호선,창동,22758,24180,46938
20210818,4호선,초지,3916,3975,7891
20210818,4호선,총신대입구,16891,18080,34971
20210818,4호선,충무로,23154,24255,47409
20210818,4호선,평촌,16037,15658,31695
20210818,4호선,한대앞,7511,7605,15116
20210818,4호선,한성대입구,11787,11398,23185
20210818,4호선,혜화,27816,27932,55748
20210818,4호선,회현,20436,21558,41994
20210819,4호선,경마공원,1199,1135,2334
20210819,4호선,고잔,7940,7570,15510
20210819,4호선,과천,5145,4809,9954
20210819,4호선,길음,17821,17399,35220
20210819,4호선,남태령,1088,990,2078
20210819,4호선,노원,16856,18740,35596
20210819,4호선,당고개,11666,10687,22353
20210819,4호선,대공원,2808,2896,5704
20210819,4호선,대야미,4603,4203,8806
20210819,4호선,동대문,18750,19238,37988
20210819,4호선,동대문역사문화공원,13188,12213,25401
20210819,4호선,동작,1997,2179,4176
20210819,4호선,명동,14744,15383,30127
20210819,4호선,미아,13117,12925,26042
20210819,4호선,미아사거리,24563,23941,48504
20210819,4호선,반월,3853,3796,7649
20210819,4호선,범계,22194,22070,44264
20210819,4호선,사당,21028,17092,38120
20210819,4호선,산본,14291,15477,29768
20210819,4호선,삼각지,4505,4834,9339
20210819,4호선,상계,17322,16168,33490
20210819,4호선,상록수,14174,14394,28568
20210819,4호선,서울,9192,12511,21703
20210819,4호선,선바위,7516,6744,14260
20210819,4호선,성신여대입구,17486,16886,34372
20210819,4호선,수리산,3889,3212,7101
20210819,4호선,수유,30581,30456,61037
20210819,4호선,숙대입구,11333,11238,22571
20210819,4호선,신길온천,1588,1475,3063
20210819,4호선,신용산,13720,14558,28278
20210819,4호선,쌍문,26733,24656,51389
20210819,4호선,안산,10504,9449,19953
20210819,4호선,오이도,7729,7421,15150
20210819,4호선,이촌,6556,7290,13846
20210819,4호선,인덕원,21290,22151,43441
20210819,4호선,정부과천청사,9442,9257,18699
20210819,4호선,정왕,6854,7245,14099
20210819,4호선,중앙,14971,15570,30541
20210819,4호선,창동,22659,24020,46679
20210819,4호선,초지,4027,4109,8136
20210819,4호선,총신대입구,16805,18302,35107
20210819,4호선,충무로,23888,24807,48695
20210819,4호선,평촌,16539,16234,32773
20210819,4호선,한대앞,7698,7775,15473
20210819,4호선,한성대입구,11859,11497,23356
20210819,4호선,혜화,27634,27732,55366
20210819,4호선,회현,20924,22151,43075
20210820,4호선,경마공원,1178,1148,2326
20210820,4호선,고잔,7928,7735,15663
20210820,4호선,과천,5229,4822,10051
20210820,4호선,길음,18050,17434,35484
20210820,4호선,남태령,1140,966,2106
20210820,4호선,노원,17175,19576,36751
20210820,4호선,당고개,11773,10873,22646
20210820,4호선,대공원,2469,2620,5089
20210820,4호선,대야미,4726,4226,8952
20210820,4호선,동대문,18783,19095,37878
20210820,4호선,동대문역사문화공원,13259,12263,25522
20210820,4호선,동작,2078,2107,4185
20210820,4호선,명동,15023,15669,30692
20210820,4호선,미아,13456,13101,26557
20210820,4호선,미아사거리,25382,24820,50202
20210820,4호선,반월,3961,3884,7845
20210820,4호선,범계,22884,22929,45813
20210820,4호선,사당,21852,17595,39447
20210820,4호선,산본,14356,15620,29976
20210820,4호선,삼각지,4608,5026,9634
20210820,4호선,상계,17468,16272,33740
20210820,4호선,상록수,14535,14710,29245
20210820,4호선,서울,9138,13481,22619
20210820,4호선,선바위,7542,6689,14231
20210820,4호선,성신여대입구,17843,17182,35025
20210820,4호선,수리산,3873,3162,7035
20210820,4호선,수유,31017,30958,61975
20210820,4호선,숙대입구,11550,11248,22798
20210820,4호선,신길온천,1523,1498,3021
20210820,4호선,신용산,14096,14909,29005
20210820,4호선,쌍문,27132,24880,52012
20210820,4호선,안산,10807,9881,20688
20210820,4호선,오이도,7908,7710,15618
20210820,4호선,이촌,6681,7337,14018
20210820,4호선,인덕원,21838,22396,44234
20210820,4호선,정부과천청사,9364,9090,18454
20210820,4호선,정왕,7107,7487,14594
20210820,4호선,중앙,15391,16385,31776
20210820,4호선,창동,23461,24924,48385
20210820,4호선,초지,4016,4347,8363
20210820,4호선,총신대입구,17519,19159,36678
20210820,4호선,충무로,23425,24325,47750
20210820,4호선,평촌,16319,16102,32421
20210820,4호선,한대앞,7894,8011,15905
20210820,4호선,한성대입구,12649,11988,24637
20210820,4호선,혜화,27219,27305,54524
20210820,4호선,회현,20685,22054,42739
20210823,4호선,경마공원,847,774,1621
20210823,4호선,고잔,7803,7265,15068
20210823,4호선,과천,4904,4626,9530
20210823,4호선,길음,17515,17549,35064
20210823,4호선,남태령,1043,959,2002
20210823,4호선,노원,16061,17623,33684
20210823,4호선,당고개,11411,10348,21759
20210823,4호선,대공원,1420,1474,2894
20210823,4호선,대야미,4308,3958,8266
20210823,4호선,동대문,18425,18713,37138
20210823,4호선,동대문역사문화공원,12748,11815,24563
20210823,4호선,동작,1534,1673,3207
20210823,4호선,명동,14322,14907,29229
20210823,4호선,미아,13476,13199,26675
20210823,4호선,미아사거리,23818,23099,46917
20210823,4호선,반월,3842,3705,7547
20210823,4호선,범계,21289,20869,42158
20210823,4호선,사당,20130,16602,36732
20210823,4호선,산본,13818,14836,28654
20210823,4호선,삼각지,4312,4720,9032
20210823,4호선,상계,17362,16362,33724
20210823,4호선,상록수,13860,13885,27745
20210823,4호선,서울,9014,12251,21265
20210823,4호선,선바위,7445,6445,13890
20210823,4호선,성신여대입구,16873,16624,33497
20210823,4호선,수리산,3682,3119,6801
20210823,4호선,수유,29654,29837,59491
20210823,4호선,숙대입구,11051,10730,21781
20210823,4호선,신길온천,1467,1325,2792
20210823,4호선,신용산,13702,14299,28001
20210823,4호선,쌍문,26361,24624,50985
20210823,4호선,안산,10273,9487,19760
20210823,4호선,오이도,7286,6895,14181
20210823,4호선,이촌,6296,6931,13227
20210823,4호선,인덕원,20678,21867,42545
20210823,4호선,정부과천청사,9337,9180,18517
20210823,4호선,정왕,6688,7250,13938
20210823,4호선,중앙,14323,14618,28941
20210823,4호선,창동,22390,23685,46075
20210823,4호선,초지,3795,3972,7767
20210823,4호선,총신대입구,16615,18020,34635
20210823,4호선,충무로,23358,24016,47374
20210823,4호선,평촌,16265,16161,32426
20210823,4호선,한대앞,7608,7542,15150
20210823,4호선,한성대입구,11553,11438,22991
20210823,4호선,혜화,24878,24685,49563
20210823,4호선,회현,20544,21176,41720
20210824,4호선,경마공원,864,829,1693
20210824,4호선,고잔,7755,7403,15158
20210824,4호선,과천,4914,4650,9564
20210824,4호선,길음,17700,17630,35330
20210824,4호선,남태령,1034,935,1969
20210824,4호선,노원,16191,18000,34191
20210824,4호선,당고개,11226,10249,21475
20210824,4호선,대공원,1536,1594,3130
20210824,4호선,대야미,4309,3951,8260
20210824,4호선,동대문,17863,18041,35904
20210824,4호선,동대문역사문화공원,12684,11580,24264
20210824,4호선,동작,1653,1742,3395
20210824,4호선,명동,14339,14926,29265
20210824,4호선,미아,13459,13255,26714
20210824,4호선,미아사거리,24364,23736,48100
20210824,4호선,반월,3695,3664,7359
20210824,4호선,범계,21780,21713,43493
20210824,4호선,사당,20154,16714,36868
20210824,4호선,산본,13721,14863,28584
20210824,4호선,삼각지,4458,4834,9292
20210824,4호선,상계,17055,16102,33157
20210824,4호선,상록수,13766,13933,27699
20210824,4호선,서울,9120,12193,21313
20210824,4호선,선바위,7390,6316,13706
20210824,4호선,성신여대입구,17059,16568,33627
20210824,4호선,수리산,3707,2960,6667
20210824,4호선,수유,29554,29700,59254
20210824,4호선,숙대입구,11114,10877,21991
20210824,4호선,신길온천,1452,1334,2786
20210824,4호선,신용산,13629,14227,27856
20210824,4호선,쌍문,26633,24683,51316
20210824,4호선,안산,10313,9250,19563
20210824,4호선,오이도,7210,6883,14093
20210824,4호선,이촌,6165,6940,13105
20210824,4호선,인덕원,20418,21591,42009
20210824,4호선,정부과천청사,9485,9302,18787
20210824,4호선,정왕,6540,7123,13663
20210824,4호선,중앙,14357,14873,29230
20210824,4호선,창동,21996,23485,45481
20210824,4호선,초지,3844,4001,7845
20210824,4호선,총신대입구,16620,17921,34541
20210824,4호선,충무로,23360,24176,47536
20210824,4호선,평촌,16202,16020,32222
20210824,4호선,한대앞,7441,7548,14989
20210824,4호선,한성대입구,11793,11474,23267
20210824,4호선,혜화,26875,26696,53571
20210824,4호선,회현,20001,20778,40779
20210825,4호선,경마공원,1093,1109,2202
20210825,4호선,고잔,7970,7715,15685
20210825,4호선,과천,5177,4795,9972
20210825,4호선,길음,18300,17813,36113
20210825,4호선,남태령,1094,974,2068
20210825,4호선,노원,16988,18956,35944
20210825,4호선,당고개,11919,10810,22729
20210825,4호선,대공원,1872,1947,3819
20210825,4호선,대야미,4652,4239,8891
20210825,4호선,동대문,18709,19246,37955
20210825,4호선,동대문역사문화공원,13136,12106,25242
20210825,4호선,동작,1992,2023,4015
20210825,4호선,명동,15515,15840,31355
20210825,4호선,미아,14078,13747,27825
20210825,4호선,미아사거리,25469,24636,50105
20210825,4호선,반월,4025,4001,8026
20210825,4호선,범계,23008,22761,45769
20210825,4호선,사당,21131,17513,38644
20210825,4호선,산본,14614,15762,30376
20210825,4호선,삼각지,4529,4941,9470
20210825,4호선,상계,18065,16776,34841
20210825,4호선,상록수,14443,14591,29034
20210825,4호선,서울,9473,12921,22394
20210825,4호선,선바위,7662,6808,14470
20210825,4호선,성신여대입구,17775,17178,34953
20210825,4호선,수리산,3892,3165,7057
20210825,4호선,수유,31278,31191,62469
20210825,4호선,숙대입구,11718,11445,23163
20210825,4호선,신길온천,1590,1470,3060
20210825,4호선,신용산,14133,15039,29172
20210825,4호선,쌍문,27419,25476,52895
20210825,4호선,안산,10660,9600,20260
20210825,4호선,오이도,7598,7367,14965
20210825,4호선,이촌,6716,7448,14164
20210825,4호선,인덕원,21658,22466,44124
20210825,4호선,정부과천청사,9506,9351,18857
20210825,4호선,정왕,6996,7429,14425
20210825,4호선,중앙,15186,15794,30980
20210825,4호선,창동,23506,24254,47760
20210825,4호선,초지,4007,4264,8271
20210825,4호선,총신대입구,17609,18934,36543
20210825,4호선,충무로,24129,25098,49227
20210825,4호선,평촌,16567,16328,32895
20210825,4호선,한대앞,7861,7788,15649
20210825,4호선,한성대입구,12182,11943,24125
20210825,4호선,혜화,28842,29059,57901
20210825,4호선,회현,20871,22054,42925
20210826,4호선,경마공원,1168,1166,2334
20210826,4호선,고잔,8115,7691,15806
20210826,4호선,과천,5250,4917,10167
20210826,4호선,길음,18111,17946,36057
20210826,4호선,남태령,1132,960,2092
20210826,4호선,노원,16929,18886,35815
20210826,4호선,당고개,12006,11012,23018
20210826,4호선,대공원,2570,2630,5200
20210826,4호선,대야미,4618,4133,8751
20210826,4호선,동대문,18656,19225,37881
20210826,4호선,동대문역사문화공원,13229,12119,25348
20210826,4호선,동작,1879,1996,3875
20210826,4호선,명동,15105,15739,30844
20210826,4호선,미아,14114,13663,27777
20210826,4호선,미아사거리,25351,24437,49788
20210826,4호선,반월,4131,3946,8077
20210826,4호선,범계,22441,22307,44748
20210826,4호선,사당,20549,17644,38193
20210826,4호선,산본,14508,15592,30100
20210826,4호선,삼각지,4694,5103,9797
20210826,4호선,상계,17787,16620,34407
20210826,4호선,상록수,14339,14696,29035
20210826,4호선,서울,9217,12936,22153
20210826,4호선,선바위,7781,6844,14625
20210826,4호선,성신여대입구,17777,17025,34802
20210826,4호선,수리산,3976,3287,7263
20210826,4호선,수유,30972,31037,62009
20210826,4호선,숙대입구,11574,11189,22763
20210826,4호선,신길온천,1639,1495,3134
20210826,4호선,신용산,13926,14638,28564
20210826,4호선,쌍문,27142,25074,52216
20210826,4호선,안산,10581,9442,20023
20210826,4호선,오이도,7863,7558,15421
20210826,4호선,이촌,6537,7313,13850
20210826,4호선,인덕원,21434,22511,43945
20210826,4호선,정부과천청사,9570,9456,19026
20210826,4호선,정왕,6789,7305,14094
20210826,4호선,중앙,14850,15730,30580
20210826,4호선,창동,23056,24646,47702
20210826,4호선,초지,3967,4163,8130
20210826,4호선,총신대입구,17334,18793,36127
20210826,4호선,충무로,24244,25211,49455
20210826,4호선,평촌,16640,16358,32998
20210826,4호선,한대앞,7929,7882,15811
20210826,4호선,한성대입구,12189,11881,24070
20210826,4호선,혜화,27896,27955,55851
20210826,4호선,회현,21513,22578,44091
20210827,4호선,경마공원,1154,1109,2263
20210827,4호선,고잔,7830,7533,15363
20210827,4호선,과천,5061,4723,9784
20210827,4호선,길음,18130,17619,35749
20210827,4호선,남태령,1142,902,2044
20210827,4호선,노원,17118,19288,36406
20210827,4호선,당고개,11608,10650,22258
20210827,4호선,대공원,1745,1777,3522
20210827,4호선,대야미,4445,3930,8375
20210827,4호선,동대문,18260,18800,37060
20210827,4호선,동대문역사문화공원,12931,12029,24960
20210827,4호선,동작,1857,1947,3804
20210827,4호선,명동,14990,15403,30393
20210827,4호선,미아,13876,13498,27374
20210827,4호선,미아사거리,25280,24916,50196
20210827,4호선,반월,3965,3848,7813
20210827,4호선,범계,22518,22550,45068
20210827,4호선,사당,21552,17522,39074
20210827,4호선,산본,14352,15617,29969
20210827,4호선,삼각지,4608,5217,9825
20210827,4호선,상계,17699,16483,34182
20210827,4호선,상록수,14179,14378,28557
20210827,4호선,서울,9212,13780,22992
20210827,4호선,선바위,7520,6666,14186
20210827,4호선,성신여대입구,17811,17299,35110
20210827,4호선,수리산,3855,3093,6948
20210827,4호선,수유,31036,31010,62046
20210827,4호선,숙대입구,11547,11413,22960
20210827,4호선,신길온천,1493,1451,2944
20210827,4호선,신용산,14289,15073,29362
20210827,4호선,쌍문,27236,25169,52405
20210827,4호선,안산,10637,9693,20330
20210827,4호선,오이도,7752,7542,15294
20210827,4호선,이촌,6489,7157,13646
20210827,4호선,인덕원,21228,21985,43213
20210827,4호선,정부과천청사,9419,9221,18640
20210827,4호선,정왕,7046,7464,14510
20210827,4호선,중앙,15186,16091,31277
20210827,4호선,창동,23170,24647,47817
20210827,4호선,초지,3978,4222,8200
20210827,4호선,총신대입구,17375,18840,36215
20210827,4호선,충무로,23332,24284,47616
20210827,4호선,평촌,16141,15781,31922
20210827,4호선,한대앞,7852,7869,15721
20210827,4호선,한성대입구,12482,11765,24247
20210827,4호선,혜화,27276,27114,54390
20210827,4호선,회현,20650,21887,42537
20210830,4호선,경마공원,895,876,1771
20210830,4호선,고잔,8358,7848,16206
20210830,4호선,과천,5203,4905,10108
20210830,4호선,길음,18380,18162,36542
20210830,4호선,남태령,1097,955,2052
20210830,4호선,노원,17084,18949,36033
20210830,4호선,당고개,12009,10795,22804
20210830,4호선,대공원,2282,2385,4667
20210830,4호선,대야미,4609,4261,8870
20210830,4호선,동대문,18945,19640,38585
20210830,4호선,동대문역사문화공원,13023,12017,25040
20210830,4호선,동작,1973,2064,4037
20210830,4호선,명동,15847,16298,32145
20210830,4호선,미아,14290,14107,28397
20210830,4호선,미아사거리,25687,24761,50448
20210830,4호선,반월,4127,4000,8127
20210830,4호선,범계,22459,22192,44651
20210830,4호선,사당,20874,17339,38213
20210830,4호선,산본,14729,15881,30610
20210830,4호선,삼각지,4487,4822,9309
20210830,4호선,상계,18037,16879,34916
20210830,4호선,상록수,14666,14892,29558
20210830,4호선,서울,9398,12515,21913
20210830,4호선,선바위,7826,6784,14610
20210830,4호선,성신여대입구,17657,17242,34899
20210830,4호선,수리산,4066,3348,7414
20210830,4호선,수유,31089,31267,62356
20210830,4호선,숙대입구,11552,11155,22707
20210830,4호선,신길온천,1614,1464,3078
20210830,4호선,신용산,13899,14733,28632
20210830,4호선,쌍문,27425,25470,52895
20210830,4호선,안산,10972,9805,20777
20210830,4호선,오이도,8100,7672,15772
20210830,4호선,이촌,6461,7148,13609
20210830,4호선,인덕원,21780,23139,44919
20210830,4호선,정부과천청사,9637,9479,19116
20210830,4호선,정왕,7255,7784,15039
20210830,4호선,중앙,15396,15961,31357
20210830,4호선,창동,23481,25071,48552
20210830,4호선,초지,4594,4969,9563
20210830,4호선,총신대입구,17360,18701,36061
20210830,4호선,충무로,24003,25097,49100
20210830,4호선,평촌,16719,16673,33392
20210830,4호선,한대앞,8086,8108,16194
20210830,4호선,한성대입구,12145,11903,24048
20210830,4호선,혜화,25914,25884,51798
20210830,4호선,회현,21860,22986,44846
20210831,4호선,경마공원,883,886,1769
20210831,4호선,고잔,7665,7438,15103
20210831,4호선,과천,5117,4958,10075
20210831,4호선,길음,17946,18137,36083
20210831,4호선,남태령,1117,945,2062
20210831,4호선,노원,16255,18085,34340
20210831,4호선,당고개,11371,10417,21788
20210831,4호선,대공원,1521,1606,3127
20210831,4호선,대야미,4233,3776,8009
20210831,4호선,동대문,18494,18416,36910
20210831,4호선,동대문역사문화공원,12577,11523,24100
20210831,4호선,동작,1344,1502,2846
20210831,4호선,명동,14701,15072,29773
20210831,4호선,미아,13611,13237,26848
20210831,4호선,미아사거리,24457,23956,48413
20210831,4호선,반월,3654,3578,7232
20210831,4호선,범계,21765,21729,43494
20210831,4호선,사당,20267,17013,37280
20210831,4호선,산본,13607,14641,28248
20210831,4호선,삼각지,4491,4902,9393
20210831,4호선,상계,17424,16570,33994
20210831,4호선,상록수,13786,14071,27857
20210831,4호선,서울,9354,12188,21542
20210831,4호선,선바위,7498,6443,13941
20210831,4호선,성신여대입구,17098,16690,33788
20210831,4호선,수리산,3738,3084,6822
20210831,4호선,수유,29860,30418,60278
20210831,4호선,숙대입구,11266,11108,22374
20210831,4호선,신길온천,1399,1318,2717
20210831,4호선,신용산,13843,14455,28298
20210831,4호선,쌍문,26600,24861,51461
20210831,4호선,안산,10013,9181,19194
20210831,4호선,오이도,7096,6750,13846
20210831,4호선,이촌,6215,6970,13185
20210831,4호선,인덕원,20755,22308,43063
20210831,4호선,정부과천청사,9461,9299,18760
20210831,4호선,정왕,6642,7275,13917
20210831,4호선,중앙,14232,14640,28872
20210831,4호선,창동,22404,23772,46176
20210831,4호선,초지,4310,4639,8949
20210831,4호선,총신대입구,16399,17780,34179
20210831,4호선,충무로,23958,24624,48582
20210831,4호선,평촌,16309,16146,32455
20210831,4호선,한대앞,7447,7445,14892
20210831,4호선,한성대입구,11929,11991,23920
20210831,4호선,혜화,27013,26713,53726
20210831,4호선,회현,21300,21327,42627
20210901,4호선,경마공원,1119,1075,2194
20210901,4호선,고잔,8056,7753,15809
20210901,4호선,과천,5107,4687,9794
20210901,4호선,길음,18578,18039,36617
20210901,4호선,남태령,1089,986,2075
20210901,4호선,노원,16916,18693,35609
20210901,4호선,당고개,11684,10696,22380
20210901,4호선,대공원,1907,2031,3938
20210901,4호선,대야미,4575,4208,8783
20210901,4호선,동대문,18177,18954,37131
20210901,4호선,동대문역사문화공원,13161,12087,25248
20210901,4호선,동작,1929,1999,3928
20210901,4호선,명동,15551,16162,31713
20210901,4호선,미아,13771,13578,27349
20210901,4호선,미아사거리,25377,24507,49884
20210901,4호선,반월,3917,3820,7737
20210901,4호선,범계,22788,22624,45412
20210901,4호선,사당,21027,17484,38511
20210901,4호선,산본,14514,15647,30161
20210901,4호선,삼각지,4527,4906,9433
20210901,4호선,상계,17881,16583,34464
20210901,4호선,상록수,14127,14414,28541
20210901,4호선,서울,9538,12204,21742
20210901,4호선,선바위,7495,6635,14130
20210901,4호선,성신여대입구,17623,16949,34572
20210901,4호선,수리산,3898,3175,7073
20210901,4호선,수유,31144,30990,62134
20210901,4호선,숙대입구,11708,11349,23057
20210901,4호선,신길온천,1556,1436,2992
20210901,4호선,신용산,14197,15085,29282
20210901,4호선,쌍문,27211,25316,52527
20210901,4호선,안산,10630,9504,20134
20210901,4호선,오이도,7531,7150,14681
20210901,4호선,이촌,6434,7091,13525
20210901,4호선,인덕원,21582,22612,44194
20210901,4호선,정부과천청사,9724,9368,19092
20210901,4호선,정왕,7928,8348,16276
20210901,4호선,중앙,15056,15687,30743
20210901,4호선,창동,23360,24717,48077
20210901,4호선,초지,4527,4947,9474
20210901,4호선,총신대입구,17219,18876,36095
20210901,4호선,충무로,24037,25035,49072
20210901,4호선,평촌,16798,16481,33279
20210901,4호선,한대앞,7630,7756,15386
20210901,4호선,한성대입구,12237,11854,24091
20210901,4호선,혜화,27618,27739,55357
20210901,4호선,회현,20983,22426,43409
20210902,4호선,경마공원,1188,1179,2367
20210902,4호선,고잔,8116,7662,15778
20210902,4호선,과천,5227,4806,10033
20210902,4호선,길음,18721,18437,37158
20210902,4호선,남태령,1153,1036,2189
20210902,4호선,노원,17009,18815,35824
20210902,4호선,당고개,12052,11227,23279
20210902,4호선,대공원,2577,2696,5273
20210902,4호선,대야미,4725,4219,8944
20210902,4호선,동대문,18998,19395,38393
20210902,4호선,동대문역사문화공원,12960,12012,24972
20210902,4호선,동작,1997,2076,4073
20210902,4호선,명동,15659,16086,31745
20210902,4호선,미아,14474,13958,28432
20210902,4호선,미아사거리,25471,24778,50249
20210902,4호선,반월,4166,3999,8165
20210902,4호선,범계,22680,22703,45383
20210902,4호선,사당,21630,17854,39484
20210902,4호선,산본,14716,15770,30486
20210902,4호선,삼각지,4693,5095,9788
20210902,4호선,상계,18024,16880,34904
20210902,4호선,상록수,14571,14879,29450
20210902,4호선,서울,9519,12588,22107
20210902,4호선,선바위,7751,6895,14646
20210902,4호선,성신여대입구,18403,17468,35871
20210902,4호선,수리산,3949,3303,7252
20210902,4호선,수유,31289,31280,62569
20210902,4호선,숙대입구,11765,11323,23088
20210902,4호선,신길온천,1634,1489,3123
20210902,4호선,신용산,14244,15084,29328
20210902,4호선,쌍문,27527,25444,52971
20210902,4호선,안산,10630,9591,20221
20210902,4호선,오이도,7788,7589,15377
20210902,4호선,이촌,6408,7176,13584
20210902,4호선,인덕원,22084,23061,45145
20210902,4호선,정부과천청사,9773,9512,19285
20210902,4호선,정왕,8035,8301,16336
20210902,4호선,중앙,15348,16008,31356
20210902,4호선,창동,23607,24966,48573
20210902,4호선,초지,4541,4817,9358
20210902,4호선,총신대입구,17465,18948,36413
20210902,4호선,충무로,24328,25339,49667
20210902,4호선,평촌,16973,16736,33709
20210902,4호선,한대앞,8050,8004,16054
20210902,4호선,한성대입구,12489,12003,24492
20210902,4호선,혜화,27574,27620,55194
20210902,4호선,회현,21811,23117,44928
20210903,4호선,경마공원,1242,1184,2426
20210903,4호선,고잔,8383,8079,16462
20210903,4호선,과천,5532,5104,10636
20210903,4호선,길음,19187,18275,37462
20210903,4호선,남태령,1217,1011,2228
20210903,4호선,노원,17855,20166,38021
20210903,4호선,당고개,12370,11439,23809
20210903,4호선,대공원,2939,3114,6053
20210903,4호선,대야미,4921,4417,9338
20210903,4호선,동대문,19818,20417,40235
20210903,4호선,동대문역사문화공원,13669,12565,26234
20210903,4호선,동작,2311,2370,4681
20210903,4호선,명동,16595,17085,33680
20210903,4호선,미아,14818,14405,29223
20210903,4호선,미아사거리,26984,26032,53016
20210903,4호선,반월,4339,4208,8547
20210903,4호선,범계,24268,24325,48593
20210903,4호선,사당,22678,19045,41723
20210903,4호선,산본,15352,16574,31926
20210903,4호선,삼각지,4819,5274,10093
20210903,4호선,상계,18376,17367,35743
20210903,4호선,상록수,15176,15380,30556
20210903,4호선,서울,9691,14425,24116
20210903,4호선,선바위,7896,6969,14865
20210903,4호선,성신여대입구,19184,18246,37430
20210903,4호선,수리산,4129,3303,7432
20210903,4호선,수유,32512,32607,65119
20210903,4호선,숙대입구,11954,11622,23576
20210903,4호선,신길온천,1666,1623,3289
20210903,4호선,신용산,14824,15965,30789
20210903,4호선,쌍문,28346,25830,54176
20210903,4호선,안산,11121,10201,21322
20210903,4호선,오이도,8343,8133,16476
20210903,4호선,이촌,6826,7641,14467
20210903,4호선,인덕원,22862,23648,46510
20210903,4호선,정부과천청사,9922,9753,19675
20210903,4호선,정왕,8260,8217,16477
20210903,4호선,중앙,16466,17622,34088
20210903,4호선,창동,24199,25683,49882
20210903,4호선,초지,4374,4625,8999
20210903,4호선,총신대입구,18484,19987,38471
20210903,4호선,충무로,25034,25973,51007
20210903,4호선,평촌,17141,17160,34301
20210903,4호선,한대앞,8577,8462,17039
20210903,4호선,한성대입구,12980,12368,25348
20210903,4호선,혜화,29144,28629,57773
20210903,4호선,회현,22375,23820,46195
20210906,4호선,경마공원,908,881,1789
20210906,4호선,고잔,8070,7619,15689
20210906,4호선,과천,5203,5017,10220
20210906,4호선,길음,18850,18897,37747
20210906,4호선,남태령,1090,993,2083
20210906,4호선,노원,17206,18675,35881
20210906,4호선,당고개,12349,11052,23401
20210906,4호선,대공원,2112,2167,4279
20210906,4호선,대야미,4745,4279,9024
20210906,4호선,동대문,19193,19575,38768
20210906,4호선,동대문역사문화공원,13095,11915,25010
20210906,4호선,동작,1655,1818,3473
20210906,4호선,명동,15879,16286,32165
20210906,4호선,미아,14520,14236,28756
20210906,4호선,미아사거리,26008,25179,51187
20210906,4호선,반월,4102,3925,8027
20210906,4호선,범계,22822,22630,45452
20210906,4호선,사당,21459,17878,39337
20210906,4호선,산본,14706,15845,30551
20210906,4호선,삼각지,4428,4788,9216
20210906,4호선,상계,18211,17299,35510
20210906,4호선,상록수,14737,14885,29622
20210906,4호선,서울,9500,12395,21895
20210906,4호선,선바위,7820,6766,14586
20210906,4호선,성신여대입구,17970,17388,35358
20210906,4호선,수리산,4027,3446,7473
20210906,4호선,수유,31259,31349,62608
20210906,4호선,숙대입구,12123,11761,23884
20210906,4호선,신길온천,1615,1434,3049
20210906,4호선,신용산,14302,15052,29354
20210906,4호선,쌍문,27885,26076,53961
20210906,4호선,안산,10856,10132,20988
20210906,4호선,오이도,7888,7373,15261
20210906,4호선,이촌,6492,7195,13687
20210906,4호선,인덕원,22166,23646,45812
20210906,4호선,정부과천청사,9758,9534,19292
20210906,4호선,정왕,8019,8675,16694
20210906,4호선,중앙,15220,15690,30910
20210906,4호선,창동,23539,25099,48638
20210906,4호선,초지,4518,4893,9411
20210906,4호선,총신대입구,17567,18799,36366
20210906,4호선,충무로,24596,25290,49886
20210906,4호선,평촌,17071,16926,33997
20210906,4호선,한대앞,7982,8063,16045
20210906,4호선,한성대입구,12671,12317,24988
20210906,4호선,혜화,26384,26310,52694
20210906,4호선,회현,22255,23014,45269
20210907,4호선,경마공원,865,859,1724
20210907,4호선,고잔,7854,7402,15256
20210907,4호선,과천,5029,4788,9817
20210907,4호선,길음,17993,17971,35964
20210907,4호선,남태령,1037,902,1939
20210907,4호선,노원,16187,17878,34065
20210907,4호선,당고개,11484,10533,22017
20210907,4호선,대공원,1365,1438,2803
20210907,4호선,대야미,4248,3899,8147
20210907,4호선,동대문,17290,17866,35156
20210907,4호선,동대문역사문화공원,12718,11834,24552
20210907,4호선,동작,1508,1582,3090
20210907,4호선,명동,14747,15051,29798
20210907,4호선,미아,13723,13392,27115
20210907,4호선,미아사거리,24573,23789,48362
20210907,4호선,반월,3774,3636,7410
20210907,4호선,범계,21962,21708,43670
20210907,4호선,사당,20523,16881,37404
20210907,4호선,산본,13744,14836,28580
20210907,4호선,삼각지,4464,4812,9276
20210907,4호선,상계,17424,16316,33740
20210907,4호선,상록수,13859,14326,28185
20210907,4호선,서울,9123,11971,21094
20210907,4호선,선바위,7446,6394,13840
20210907,4호선,성신여대입구,17410,16736,34146
20210907,4호선,수리산,3786,3047,6833
20210907,4호선,수유,29614,29800,59414
20210907,4호선,숙대입구,11684,11394,23078
20210907,4호선,신길온천,1470,1361,2831
20210907,4호선,신용산,13700,14459,28159
20210907,4호선,쌍문,26491,24693,51184
20210907,4호선,안산,10488,9327,19815
20210907,4호선,오이도,7084,6884,13968
20210907,4호선,이촌,6185,6855,13040
20210907,4호선,인덕원,20998,22478,43476
20210907,4호선,정부과천청사,9402,9152,18554
20210907,4호선,정왕,7557,7921,15478
20210907,4호선,중앙,14333,14876,29209
20210907,4호선,창동,22241,23640,45881
20210907,4호선,초지,4189,4492,8681
20210907,4호선,총신대입구,16829,18154,34983
20210907,4호선,충무로,23666,24427,48093
20210907,4호선,평촌,16612,16293,32905
20210907,4호선,한대앞,7442,7543,14985
20210907,4호선,한성대입구,12020,11885,23905
20210907,4호선,혜화,26585,26285,52870
20210907,4호선,회현,19948,20874,40822
20210908,4호선,경마공원,1179,1153,2332
20210908,4호선,고잔,8537,8072,16609
20210908,4호선,과천,5568,5099,10667
20210908,4호선,길음,19460,19008,38468
20210908,4호선,남태령,1168,1020,2188
20210908,4호선,노원,17687,19595,37282
20210908,4호선,당고개,12528,11425,23953
20210908,4호선,대공원,2629,2772,5401
20210908,4호선,대야미,4884,4411,9295
20210908,4호선,동대문,19422,19912,39334
20210908,4호선,동대문역사문화공원,13619,12515,26134
20210908,4호선,동작,1997,2199,4196
20210908,4호선,명동,16441,16919,33360
20210908,4호선,미아,14817,14557,29374
20210908,4호선,미아사거리,26706,25756,52462
20210908,4호선,반월,4207,4081,8288
20210908,4호선,범계,23622,23579,47201
20210908,4호선,사당,22295,18620,40915
20210908,4호선,산본,15276,16441,31717
20210908,4호선,삼각지,4808,5281,10089
20210908,4호선,상계,18625,17193,35818
20210908,4호선,상록수,14955,15190,30145
20210908,4호선,서울,9757,13137,22894
20210908,4호선,선바위,7931,7012,14943
20210908,4호선,성신여대입구,18534,18067,36601
20210908,4호선,수리산,4088,3372,7460
20210908,4호선,수유,32441,32181,64622
20210908,4호선,숙대입구,12354,11986,24340
20210908,4호선,신길온천,1682,1553,3235
20210908,4호선,신용산,14595,15404,29999
20210908,4호선,쌍문,28531,26272,54803
20210908,4호선,안산,10968,10009,20977
20210908,4호선,오이도,7936,7848,15784
20210908,4호선,이촌,6862,7672,14534
20210908,4호선,인덕원,22627,23811,46438
20210908,4호선,정부과천청사,9785,9690,19475
20210908,4호선,정왕,8214,8594,16808
20210908,4호선,중앙,15884,16746,32630
20210908,4호선,창동,24511,25969,50480
20210908,4호선,초지,4548,4906,9454
20210908,4호선,총신대입구,18175,19600,37775
20210908,4호선,충무로,25086,26232,51318
20210908,4호선,평촌,17216,17009,34225
20210908,4호선,한대앞,8289,8347,16636
20210908,4호선,한성대입구,12983,12639,25622
20210908,4호선,혜화,28114,28248,56362
20210908,4호선,회현,22303,23785,46088
20210909,4호선,경마공원,1353,1333,2686
20210909,4호선,고잔,8478,8101,16579
20210909,4호선,과천,5433,4959,10392
20210909,4호선,길음,19413,18891,38304
20210909,4호선,남태령,1186,1072,2258
20210909,4호선,노원,17341,19274,36615
20210909,4호선,당고개,12407,11373,23780
20210909,4호선,대공원,2897,3021,5918
20210909,4호선,대야미,4906,4418,9324
20210909,4호선,동대문,19323,19648,38971
20210909,4호선,동대문역사문화공원,13484,12614,26098
20210909,4호선,동작,1979,2184,4163
20210909,4호선,명동,15919,16356,32275
20210909,4호선,미아,14732,14475,29207
20210909,4호선,미아사거리,26570,25631,52201
20210909,4호선,반월,4167,4058,8225
20210909,4호선,범계,23239,23186,46425
20210909,4호선,사당,22021,18507,40528
20210909,4호선,산본,15145,16070,31215
20210909,4호선,삼각지,4717,5220,9937
20210909,4호선,상계,18518,17306,35824
20210909,4호선,상록수,14715,15037,29752
20210909,4호선,서울,9524,12944,22468
20210909,4호선,선바위,8161,7111,15272
20210909,4호선,성신여대입구,18489,17916,36405
20210909,4호선,수리산,4185,3406,7591
20210909,4호선,수유,32031,32056,64087
20210909,4호선,숙대입구,12233,11767,24000
20210909,4호선,신길온천,1663,1540,3203
20210909,4호선,신용산,14646,15738,30384
20210909,4호선,쌍문,28396,26154,54550
20210909,4호선,안산,10927,9910,20837
20210909,4호선,오이도,8006,7744,15750
20210909,4호선,이촌,6725,7523,14248
20210909,4호선,인덕원,22597,23761,46358
20210909,4호선,정부과천청사,10114,9753,19867
20210909,4호선,정왕,8209,8530,16739
20210909,4호선,중앙,15867,16627,32494
20210909,4호선,창동,24053,25441,49494
20210909,4호선,초지,4594,4938,9532
20210909,4호선,총신대입구,17825,19346,37171
20210909,4호선,충무로,24705,25799,50504
20210909,4호선,평촌,17405,17249,34654
20210909,4호선,한대앞,8302,8350,16652
20210909,4호선,한성대입구,12921,12446,25367
20210909,4호선,혜화,28354,28368,56722
20210909,4호선,회현,22706,23845,46551
20210910,4호선,경마공원,1302,1282,2584
20210910,4호선,고잔,8454,8232,16686
20210910,4호선,과천,5527,5067,10594
20210910,4호선,길음,19496,18946,38442
20210910,4호선,남태령,1177,975,2152
20210910,4호선,노원,18445,20758,39203
20210910,4호선,당고개,12635,11506,24141
20210910,4호선,대공원,2695,2836,5531
20210910,4호선,대야미,4901,4466,9367
20210910,4호선,동대문,19515,20105,39620
20210910,4호선,동대문역사문화공원,13704,12751,26455
20210910,4호선,동작,2106,2190,4296
20210910,4호선,명동,16484,17294,33778
20210910,4호선,미아,14832,14463,29295
20210910,4호선,미아사거리,27415,26549,53964
20210910,4호선,반월,4323,4142,8465
20210910,4호선,범계,24145,24024,48169
20210910,4호선,사당,22910,19599,42509
20210910,4호선,산본,15393,16822,32215
20210910,4호선,삼각지,4671,5300,9971
20210910,4호선,상계,18807,17564,36371
20210910,4호선,상록수,15302,15453,30755
20210910,4호선,서울,9634,14311,23945
20210910,4호선,선바위,8053,6972,15025
20210910,4호선,성신여대입구,19285,18520,37805
20210910,4호선,수리산,4120,3273,7393
20210910,4호선,수유,33151,33243,66394
20210910,4호선,숙대입구,12584,12035,24619
20210910,4호선,신길온천,1670,1558,3228
20210910,4호선,신용산,15003,15826,30829
20210910,4호선,쌍문,28786,26353,55139
20210910,4호선,안산,11191,10239,21430
20210910,4호선,오이도,8400,8348,16748
20210910,4호선,이촌,7049,7848,14897
20210910,4호선,인덕원,22546,23653,46199
20210910,4호선,정부과천청사,9992,9680,19672
20210910,4호선,정왕,8409,8312,16721
20210910,4호선,중앙,16610,17756,34366
20210910,4호선,창동,24985,26524,51509
20210910,4호선,초지,4439,4662,9101
20210910,4호선,총신대입구,18623,20233,38856
20210910,4호선,충무로,24727,25966,50693
20210910,4호선,평촌,16867,16772,33639
20210910,4호선,한대앞,8409,8540,16949
20210910,4호선,한성대입구,13481,12785,26266
20210910,4호선,혜화,29342,28665,58007
20210910,4호선,회현,22710,24155,46865
20210913,4호선,경마공원,926,847,1773
20210913,4호선,고잔,8362,7937,16299
20210913,4호선,과천,5288,4934,10222
20210913,4호선,길음,19202,19000,38202
20210913,4호선,남태령,1153,1011,2164
20210913,4호선,노원,17306,19397,36703
20210913,4호선,당고개,12400,11151,23551
20210913,4호선,대공원,2237,2343,4580
20210913,4호선,대야미,4805,4421,9226
20210913,4호선,동대문,19396,19908,39304
20210913,4호선,동대문역사문화공원,13235,12330,25565
20210913,4호선,동작,1891,2050,3941
20210913,4호선,명동,16326,16815,33141
20210913,4호선,미아,14800,14566,29366
20210913,4호선,미아사거리,26628,25941,52569
20210913,4호선,반월,4304,4152,8456
20210913,4호선,범계,23015,22915,45930
20210913,4호선,사당,21633,18296,39929
20210913,4호선,산본,15300,16074,31374
20210913,4호선,삼각지,4622,4962,9584
20210913,4호선,상계,18598,17341,35939
20210913,4호선,상록수,15292,15505,30797
20210913,4호선,서울,9717,12985,22702
20210913,4호선,선바위,8001,6902,14903
20210913,4호선,성신여대입구,18293,17771,36064
20210913,4호선,수리산,4071,3390,7461
20210913,4호선,수유,32326,32005,64331
20210913,4호선,숙대입구,12184,11720,23904
20210913,4호선,신길온천,1674,1479,3153
20210913,4호선,신용산,14439,15302,29741
20210913,4호선,쌍문,28573,26372,54945
20210913,4호선,안산,11173,10129,21302
20210913,4호선,오이도,8177,7803,15980
20210913,4호선,이촌,6592,7268,13860
20210913,4호선,인덕원,22384,23501,45885
20210913,4호선,정부과천청사,9824,9671,19495
20210913,4호선,정왕,8229,8922,17151
20210913,4호선,중앙,16265,16652,32917
20210913,4호선,창동,24206,25549,49755
20210913,4호선,초지,4541,4872,9413
20210913,4호선,총신대입구,18119,19712,37831
20210913,4호선,충무로,24543,25687,50230
20210913,4호선,평촌,17325,17079,34404
20210913,4호선,한대앞,8245,8209,16454
20210913,4호선,한성대입구,12714,12290,25004
20210913,4호선,혜화,26799,26984,53783
20210913,4호선,회현,21827,23157,44984
20210914,4호선,경마공원,1114,1060,2174
20210914,4호선,고잔,8361,8053,16414
20210914,4호선,과천,5524,5082,10606
20210914,4호선,길음,19277,19015,38292
20210914,4호선,남태령,1231,1022,2253
20210914,4호선,노원,17666,19817,37483
20210914,4호선,당고개,12593,11411,24004
20210914,4호선,대공원,2799,2908,5707
20210914,4호선,대야미,4807,4386,9193
20210914,4호선,동대문,19211,19600,38811
20210914,4호선,동대문역사문화공원,13394,12438,25832
20210914,4호선,동작,2056,2158,4214
20210914,4호선,명동,16751,16842,33593
20210914,4호선,미아,14643,14348,28991
20210914,4호선,미아사거리,26407,25803,52210
20210914,4호선,반월,4222,4028,8250
20210914,4호선,범계,23513,23274,46787
20210914,4호선,사당,22135,18547,40682
20210914,4호선,산본,15123,16257,31380
20210914,4호선,삼각지,4791,5219,10010
20210914,4호선,상계,18763,17428,36191
20210914,4호선,상록수,15356,15558,30914
20210914,4호선,서울,9800,13010,22810
20210914,4호선,선바위,8050,7016,15066
20210914,4호선,성신여대입구,18867,18038,36905
20210914,4호선,수리산,4080,3347,7427
20210914,4호선,수유,32399,32528,64927
20210914,4호선,숙대입구,12485,12237,24722
20210914,4호선,신길온천,1583,1470,3053
20210914,4호선,신용산,14592,15615,30207
20210914,4호선,쌍문,28574,26480,55054
20210914,4호선,안산,10963,9842,20805
20210914,4호선,오이도,7984,7702,15686
20210914,4호선,이촌,6876,7735,14611
20210914,4호선,인덕원,22476,23616,46092
20210914,4호선,정부과천청사,10152,9963,20115
20210914,4호선,정왕,8139,8625,16764
20210914,4호선,중앙,15986,16624,32610
20210914,4호선,창동,24656,26055,50711
20210914,4호선,초지,4470,4859,9329
20210914,4호선,총신대입구,18454,19988,38442
20210914,4호선,충무로,25106,25961,51067
20210914,4호선,평촌,17443,17155,34598
20210914,4호선,한대앞,8251,8305,16556
20210914,4호선,한성대입구,13124,12748,25872
20210914,4호선,혜화,29098,29074,58172
20210914,4호선,회현,22516,24089,46605
20210915,4호선,경마공원,1265,1289,2554
20210915,4호선,고잔,8528,8189,16717
20210915,4호선,과천,5659,5179,10838
20210915,4호선,길음,19785,19402,39187
20210915,4호선,남태령,1286,1099,2385
20210915,4호선,노원,17998,20001,37999
20210915,4호선,당고개,12572,11349,23921
20210915,4호선,대공원,2618,2725,5343
20210915,4호선,대야미,4880,4359,9239
20210915,4호선,동대문,19215,19711,38926
20210915,4호선,동대문역사문화공원,13837,12960,26797
20210915,4호선,동작,2110,2198,4308
20210915,4호선,명동,16973,17269,34242
20210915,4호선,미아,15022,14775,29797
20210915,4호선,미아사거리,27131,26229,53360
20210915,4호선,반월,4279,4088,8367
20210915,4호선,범계,23963,23867,47830
20210915,4호선,사당,22655,19052,41707
20210915,4호선,산본,15460,16551,32011
20210915,4호선,삼각지,4872,5315,10187
20210915,4호선,상계,18877,17657,36534
20210915,4호선,상록수,15403,15739,31142
20210915,4호선,서울,10192,14219,24411
20210915,4호선,선바위,8181,7119,15300
20210915,4호선,성신여대입구,19073,18439,37512
20210915,4호선,수리산,4158,3449,7607
20210915,4호선,수유,32901,32805,65706
20210915,4호선,숙대입구,12937,12585,25522
20210915,4호선,신길온천,1655,1499,3154
20210915,4호선,신용산,14783,15892,30675
20210915,4호선,쌍문,29053,26633,55686
20210915,4호선,안산,10889,9932,20821
20210915,4호선,오이도,7978,7695,15673
20210915,4호선,이촌,6980,7991,14971
20210915,4호선,인덕원,22958,24099,47057
20210915,4호선,정부과천청사,10160,10057,20217
20210915,4호선,정왕,8152,8570,16722
20210915,4호선,중앙,16388,17116,33504
20210915,4호선,창동,25250,26743,51993
20210915,4호선,초지,4601,4930,9531
20210915,4호선,총신대입구,18925,20425,39350
20210915,4호선,충무로,25635,26632,52267
20210915,4호선,평촌,17567,17380,34947
20210915,4호선,한대앞,8390,8226,16616
20210915,4호선,한성대입구,13443,13181,26624
20210915,4호선,혜화,30680,30499,61179
20210915,4호선,회현,22472,23758,46230
20210916,4호선,경마공원,1404,1405,2809
20210916,4호선,고잔,8423,8197,16620
20210916,4호선,과천,5503,5102,10605
20210916,4호선,길음,20098,20426,40524
20210916,4호선,남태령,1301,1094,2395
20210916,4호선,노원,18146,20264,38410
20210916,4호선,당고개,12689,11702,24391
20210916,4호선,대공원,2592,2701,5293
20210916,4호선,대야미,4803,4479,9282
20210916,4호선,동대문,19149,19712,38861
20210916,4호선,동대문역사문화공원,13652,12485,26137
20210916,4호선,동작,2014,2129,4143
20210916,4호선,명동,16482,16433,32915
20210916,4호선,미아,15275,15502,30777
20210916,4호선,미아사거리,27175,28422,55597
20210916,4호선,반월,4257,4184,8441
20210916,4호선,범계,23217,23513,46730
20210916,4호선,사당,23188,18939,42127
20210916,4호선,산본,14962,16419,31381
20210916,4호선,삼각지,4973,5500,10473
20210916,4호선,상계,18680,17813,36493
20210916,4호선,상록수,15460,15855,31315
20210916,4호선,서울,9869,15667,25536
20210916,4호선,선바위,8303,7087,15390
20210916,4호선,성신여대입구,19771,18774,38545
20210916,4호선,수리산,4132,3480,7612
20210916,4호선,수유,33117,33443,66560
20210916,4호선,숙대입구,12589,11964,24553
20210916,4호선,신길온천,1630,1647,3277
20210916,4호선,신용산,14604,15849,30453
20210916,4호선,쌍문,28772,27242,56014
20210916,4호선,안산,10960,10061,21021
20210916,4호선,오이도,8029,7921,15950
20210916,4호선,이촌,6871,7713,14584
20210916,4호선,인덕원,22566,23744,46310
20210916,4호선,정부과천청사,9974,9863,19837
20210916,4호선,정왕,8360,8535,16895
20210916,4호선,중앙,16169,17019,33188
20210916,4호선,창동,25466,26962,52428
20210916,4호선,초지,4530,4758,9288
20210916,4호선,총신대입구,18791,20274,39065
20210916,4호선,충무로,25450,26352,51802
20210916,4호선,평촌,17360,17264,34624
20210916,4호선,한대앞,8403,8441,16844
20210916,4호선,한성대입구,13516,13355,26871
20210916,4호선,혜화,30630,29949,60579
20210916,4호선,회현,22222,23267,45489
20210917,4호선,경마공원,1259,1250,2509
20210917,4호선,고잔,8327,8037,16364
20210917,4호선,과천,5667,5175,10842
20210917,4호선,길음,19881,18832,38713
20210917,4호선,남태령,1303,1047,2350
20210917,4호선,노원,18754,21166,39920
20210917,4호선,당고개,12616,11675,24291
20210917,4호선,대공원,2535,2661,5196
20210917,4호선,대야미,4980,4454,9434
20210917,4호선,동대문,18955,19708,38663
20210917,4호선,동대문역사문화공원,13925,12530,26455
20210917,4호선,동작,2169,2259,4428
20210917,4호선,명동,16977,17496,34473
20210917,4호선,미아,14678,14324,29002
20210917,4호선,미아사거리,27705,26979,54684
20210917,4호선,반월,4273,4175,8448
20210917,4호선,범계,24435,24644,49079
20210917,4호선,사당,22727,18993,41720
20210917,4호선,산본,15564,17086,32650
20210917,4호선,삼각지,4920,5333,10253
20210917,4호선,상계,19190,17796,36986
20210917,4호선,상록수,15593,15619,31212
20210917,4호선,서울,9686,14523,24209
20210917,4호선,선바위,8134,7111,15245
20210917,4호선,성신여대입구,19825,18844,38669
20210917,4호선,수리산,4179,3287,7466
20210917,4호선,수유,33751,33617,67368
20210917,4호선,숙대입구,12464,11982,24446
20210917,4호선,신길온천,1700,1622,3322
20210917,4호선,신용산,14429,15823,30252
20210917,4호선,쌍문,29137,26488,55625
20210917,4호선,안산,11317,10869,22186
20210917,4호선,오이도,8279,8309,16588
20210917,4호선,이촌,7200,8098,15298
20210917,4호선,인덕원,22753,23484,46237
20210917,4호선,정부과천청사,10087,10025,20112
20210917,4호선,정왕,8542,8189,16731
20210917,4호선,중앙,16730,17962,34692
20210917,4호선,창동,25478,27188,52666
20210917,4호선,초지,4303,4565,8868
20210917,4호선,총신대입구,19230,20747,39977
20210917,4호선,충무로,24556,25396,49952
20210917,4호선,평촌,16883,16591,33474
20210917,4호선,한대앞,8663,8649,17312
20210917,4호선,한성대입구,13761,12895,26656
20210917,4호선,혜화,30548,29799,60347
20210917,4호선,회현,22343,23722,46065
20210920,4호선,경마공원,421,386,807
20210920,4호선,고잔,2938,3020,5958
20210920,4호선,과천,2266,2053,4319
20210920,4호선,길음,7074,6942,14016
20210920,4호선,남태령,471,395,866
20210920,4호선,노원,7815,8446,16261
20210920,4호선,당고개,5371,5407,10778
20210920,4호선,대공원,5869,5952,11821
20210920,4호선,대야미,2036,1887,3923
20210920,4호선,동대문,4161,4082,8243
20210920,4호선,동대문역사문화공원,5484,4934,10418
20210920,4호선,동작,1211,1229,2440
20210920,4호선,명동,8539,8727,17266
20210920,4호선,미아,5880,5485,11365
20210920,4호선,미아사거리,10977,10417,21394
20210920,4호선,반월,1887,1924,3811
20210920,4호선,범계,8532,8330,16862
20210920,4호선,사당,8793,7713,16506
20210920,4호선,산본,6167,6685,12852
20210920,4호선,삼각지,1377,1665,3042
20210920,4호선,상계,7456,7164,14620
20210920,4호선,상록수,6912,7072,13984
20210920,4호선,서울,2919,6568,9487
20210920,4호선,선바위,2362,2079,4441
20210920,4호선,성신여대입구,8091,7394,15485
20210920,4호선,수리산,1597,1471,3068
20210920,4호선,수유,14033,13410,27443
20210920,4호선,숙대입구,3658,3337,6995
20210920,4호선,신길온천,981,910,1891
20210920,4호선,신용산,4575,5312,9887
20210920,4호선,쌍문,10946,10054,21000
20210920,4호선,안산,10066,9951,20017
20210920,4호선,오이도,5630,5808,11438
20210920,4호선,이촌,3355,3811,7166
20210920,4호선,인덕원,6952,7045,13997
20210920,4호선,정부과천청사,2712,2654,5366
20210920,4호선,정왕,4738,4475,9213
20210920,4호선,중앙,7913,8178,16091
20210920,4호선,창동,10545,11034,21579
20210920,4호선,초지,1615,1852,3467
20210920,4호선,총신대입구,7811,8461,16272
20210920,4호선,충무로,5289,5008,10297
20210920,4호선,평촌,4087,3881,7968
20210920,4호선,한대앞,4013,3973,7986
20210920,4호선,한성대입구,5179,4904,10083
20210920,4호선,혜화,11701,11522,23223
20210920,4호선,회현,6401,6637,13038
20210921,4호선,경마공원,229,218,447
20210921,4호선,고잔,2686,2592,5278
20210921,4호선,과천,1542,1438,2980
20210921,4호선,길음,5865,5845,11710
20210921,4호선,남태령,404,338,742
20210921,4호선,노원,6326,6911,13237
20210921,4호선,당고개,4888,4493,9381
20210921,4호선,대공원,3367,3268,6635
20210921,4호선,대야미,1613,1581,3194
20210921,4호선,동대문,2295,2125,4420
20210921,4호선,동대문역사문화공원,3907,3620,7527
20210921,4호선,동작,898,875,1773
20210921,4호선,명동,5397,5403,10800
20210921,4호선,미아,4763,4731,9494
20210921,4호선,미아사거리,8657,8322,16979
20210921,4호선,반월,1577,1586,3163
20210921,4호선,범계,6203,6308,12511
20210921,4호선,사당,7010,6406,13416
20210921,4호선,산본,4817,5137,9954
20210921,4호선,삼각지,1002,1415,2417
20210921,4호선,상계,6287,6085,12372
20210921,4호선,상록수,6443,6280,12723
20210921,4호선,서울,2411,4882,7293
20210921,4호선,선바위,1827,1594,3421
20210921,4호선,성신여대입구,6399,6449,12848
20210921,4호선,수리산,1244,1082,2326
20210921,4호선,수유,12318,12541,24859
20210921,4호선,숙대입구,2839,2832,5671
20210921,4호선,신길온천,870,836,1706
20210921,4호선,신용산,3725,3507,7232
20210921,4호선,쌍문,9510,8879,18389
20210921,4호선,안산,8654,8264,16918
20210921,4호선,오이도,4659,4660,9319
20210921,4호선,이촌,1750,1944,3694
20210921,4호선,인덕원,5677,5854,11531
20210921,4호선,정부과천청사,1770,1808,3578
20210921,4호선,정왕,3964,4589,8553
20210921,4호선,중앙,6913,6576,13489
20210921,4호선,창동,7587,8254,15841
20210921,4호선,초지,1575,1434,3009
20210921,4호선,총신대입구,4959,5557,10516
20210921,4호선,충무로,4282,4661,8943
20210921,4호선,평촌,2966,3033,5999
20210921,4호선,한대앞,3602,3455,7057
20210921,4호선,한성대입구,4229,4574,8803
20210921,4호선,혜화,8355,9099,17454
20210921,4호선,회현,2059,2064,4123
20210922,4호선,경마공원,401,381,782
20210922,4호선,고잔,3745,3363,7108
20210922,4호선,과천,2557,2199,4756
20210922,4호선,길음,7779,7772,15551
20210922,4호선,남태령,548,426,974
20210922,4호선,노원,9745,10669,20414
20210922,4호선,당고개,6373,5912,12285
20210922,4호선,대공원,5311,5311,10622
20210922,4호선,대야미,2554,2270,4824
20210922,4호선,동대문,4596,4536,9132
20210922,4호선,동대문역사문화공원,5997,5302,11299
20210922,4호선,동작,1390,1446,2836
20210922,4호선,명동,7828,8268,16096
20210922,4호선,미아,5901,5854,11755
20210922,4호선,미아사거리,12623,12115,24738
20210922,4호선,반월,2231,2135,4366
20210922,4호선,범계,11736,11134,22870
20210922,4호선,사당,10933,10591,21524
20210922,4호선,산본,7297,7897,15194
20210922,4호선,삼각지,1635,2487,4122
20210922,4호선,상계,8387,7702,16089
20210922,4호선,상록수,7896,7470,15366
20210922,4호선,서울,3016,5882,8898
20210922,4호선,선바위,2935,2697,5632
20210922,4호선,성신여대입구,9402,10104,19506
20210922,4호선,수리산,1740,1733,3473
20210922,4호선,수유,16072,16163,32235
20210922,4호선,숙대입구,4263,4507,8770
20210922,4호선,신길온천,1128,993,2121
20210922,4호선,신용산,6086,5937,12023
20210922,4호선,쌍문,12669,11530,24199
20210922,4호선,안산,8687,7511,16198
20210922,4호선,오이도,6229,5836,12065
20210922,4호선,이촌,3912,4443,8355
20210922,4호선,인덕원,8762,8898,17660
20210922,4호선,정부과천청사,3263,3386,6649
20210922,4호선,정왕,4581,5517,10098
20210922,4호선,중앙,10286,9603,19889
20210922,4호선,창동,11050,11485,22535
20210922,4호선,초지,2078,1790,3868
20210922,4호선,총신대입구,7501,8526,16027
20210922,4호선,충무로,6329,7252,13581
20210922,4호선,평촌,4744,4817,9561
20210922,4호선,한대앞,4457,4250,8707
20210922,4호선,한성대입구,5986,6574,12560
20210922,4호선,혜화,14368,16146,30514
20210922,4호선,회현,4207,4668,8875
20210923,4호선,경마공원,942,921,1863
20210923,4호선,고잔,7941,7495,15436
20210923,4호선,과천,5088,4691,9779
20210923,4호선,길음,18053,17929,35982
20210923,4호선,남태령,1044,1003,2047
20210923,4호선,노원,17193,19169,36362
20210923,4호선,당고개,12080,10894,22974
20210923,4호선,대공원,3376,3535,6911
20210923,4호선,대야미,4535,4151,8686
20210923,4호선,동대문,17188,18423,35611
20210923,4호선,동대문역사문화공원,12200,11748,23948
20210923,4호선,동작,1882,2040,3922
20210923,4호선,명동,15413,15847,31260
20210923,4호선,미아,14093,13877,27970
20210923,4호선,미아사거리,25282,24555,49837
20210923,4호선,반월,4124,3907,8031
20210923,4호선,범계,22448,22037,44485
20210923,4호선,사당,20579,17602,38181
20210923,4호선,산본,14446,15505,29951
20210923,4호선,삼각지,4353,4818,9171
20210923,4호선,상계,17586,16450,34036
20210923,4호선,상록수,14462,14483,28945
20210923,4호선,서울,8569,11464,20033
20210923,4호선,선바위,7230,6507,13737
20210923,4호선,성신여대입구,17730,17580,35310
20210923,4호선,수리산,3776,3248,7024
20210923,4호선,수유,30966,31165,62131
20210923,4호선,숙대입구,11452,11223,22675
20210923,4호선,신길온천,1595,1493,3088
20210923,4호선,신용산,13779,13793,27572
20210923,4호선,쌍문,26887,25095,51982
20210923,4호선,안산,10719,9833,20552
20210923,4호선,오이도,7945,7535,15480
20210923,4호선,이촌,6596,7344,13940
20210923,4호선,인덕원,20396,21650,42046
20210923,4호선,정부과천청사,9397,9141,18538
20210923,4호선,정왕,7908,8399,16307
20210923,4호선,중앙,15660,16004,31664
20210923,4호선,창동,22944,24078,47022
20210923,4호선,초지,4296,4463,8759
20210923,4호선,총신대입구,16881,18392,35273
20210923,4호선,충무로,23169,24528,47697
20210923,4호선,평촌,15548,15334,30882
20210923,4호선,한대앞,7837,7733,15570
20210923,4호선,한성대입구,12098,12007,24105
20210923,4호선,혜화,27193,28004,55197
20210923,4호선,회현,19417,20479,39896
20210924,4호선,경마공원,1060,986,2046
20210924,4호선,고잔,8383,8038,16421
20210924,4호선,과천,5621,5072,10693
20210924,4호선,길음,19077,18465,37542
20210924,4호선,남태령,1159,1044,2203
20210924,4호선,노원,18185,20652,38837
20210924,4호선,당고개,12581,11490,24071
20210924,4호선,대공원,3626,3865,7491
20210924,4호선,대야미,4805,4316,9121
20210924,4호선,동대문,20049,20720,40769
20210924,4호선,동대문역사문화공원,13384,12386,25770
20210924,4호선,동작,1977,2184,4161
20210924,4호선,명동,16238,17248,33486
20210924,4호선,미아,14620,14257,28877
20210924,4호선,미아사거리,26554,25514,52068
20210924,4호선,반월,4285,4088,8373
20210924,4호선,범계,23753,23831,47584
20210924,4호선,사당,22670,19095,41765
20210924,4호선,산본,15390,16816,32206
20210924,4호선,삼각지,4769,5337,10106
20210924,4호선,상계,18530,17224,35754
20210924,4호선,상록수,14963,15163,30126
20210924,4호선,서울,9006,13071,22077
20210924,4호선,선바위,7647,6710,14357
20210924,4호선,성신여대입구,18803,18299,37102
20210924,4호선,수리산,4054,3291,7345
20210924,4호선,수유,33147,33182,66329
20210924,4호선,숙대입구,12421,12018,24439
20210924,4호선,신길온천,1653,1530,3183
20210924,4호선,신용산,13872,14549,28421
20210924,4호선,쌍문,28582,26180,54762
20210924,4호선,안산,10996,9957,20953
20210924,4호선,오이도,8091,7914,16005
20210924,4호선,이촌,7164,8009,15173
20210924,4호선,인덕원,21968,22835,44803
20210924,4호선,정부과천청사,10005,9661,19666
20210924,4호선,정왕,7956,8164,16120
20210924,4호선,중앙,16344,17210,33554
20210924,4호선,창동,24314,25582,49896
20210924,4호선,초지,4257,4410,8667
20210924,4호선,총신대입구,18216,19618,37834
20210924,4호선,충무로,24296,25520,49816
20210924,4호선,평촌,16170,15897,32067
20210924,4호선,한대앞,8330,8175,16505
20210924,4호선,한성대입구,13290,12811,26101
20210924,4호선,혜화,28889,28914,57803
20210924,4호선,회현,22770,24262,47032
20210927,4호선,경마공원,948,920,1868
20210927,4호선,고잔,8603,8073,16676
20210927,4호선,과천,5424,5081,10505
20210927,4호선,길음,19209,19059,38268
20210927,4호선,남태령,1145,1033,2178
20210927,4호선,노원,17339,19276,36615
20210927,4호선,당고개,12609,11392,24001
20210927,4호선,대공원,2524,2584,5108
20210927,4호선,대야미,4875,4419,9294
20210927,4호선,동대문,19404,20037,39441
20210927,4호선,동대문역사문화공원,13487,12514,26001
20210927,4호선,동작,1806,1974,3780
20210927,4호선,명동,16047,16445,32492
20210927,4호선,미아,14746,14349,29095
20210927,4호선,미아사거리,26398,25496,51894
20210927,4호선,반월,4294,4138,8432
20210927,4호선,범계,23279,22348,45627
20210927,4호선,사당,21841,18501,40342
20210927,4호선,산본,15146,13599,28745
20210927,4호선,삼각지,4680,5009,9689
20210927,4호선,상계,18728,17469,36197
20210927,4호선,상록수,15412,15517,30929
20210927,4호선,서울,9679,12918,22597
20210927,4호선,선바위,7971,7046,15017
20210927,4호선,성신여대입구,18337,17621,35958
20210927,4호선,수리산,4154,3476,7630
20210927,4호선,수유,32619,32696,65315
20210927,4호선,숙대입구,12036,11737,23773
20210927,4호선,신길온천,1721,1565,3286
20210927,4호선,신용산,14419,15104,29523
20210927,4호선,쌍문,28241,26272,54513
20210927,4호선,안산,11135,10058,21193
20210927,4호선,오이도,8149,7692,15841
20210927,4호선,이촌,6406,7156,13562
20210927,4호선,인덕원,22605,23817,46422
20210927,4호선,정부과천청사,10192,9948,20140
20210927,4호선,정왕,8640,9264,17904
20210927,4호선,중앙,15932,16581,32513
20210927,4호선,창동,23894,25102,48996
20210927,4호선,초지,4665,4988,9653
20210927,4호선,총신대입구,18170,19366,37536
20210927,4호선,충무로,24982,25947,50929
20210927,4호선,평촌,17553,17414,34967
20210927,4호선,한대앞,8123,8212,16335
20210927,4호선,한성대입구,12694,12420,25114
20210927,4호선,혜화,26967,27086,54053
20210927,4호선,회현,22196,23329,45525
20210928,4호선,경마공원,968,952,1920
20210928,4호선,고잔,8420,8016,16436
20210928,4호선,과천,5452,5123,10575
20210928,4호선,길음,19159,19167,38326
20210928,4호선,남태령,1131,1018,2149
20210928,4호선,노원,17643,19545,37188
20210928,4호선,당고개,12382,11389,23771
20210928,4호선,대공원,2683,2746,5429
20210928,4호선,대야미,4823,4386,9209
20210928,4호선,동대문,19400,19835,39235
20210928,4호선,동대문역사문화공원,13396,12403,25799
20210928,4호선,동작,1831,1933,3764
20210928,4호선,명동,15914,16253,32167
20210928,4호선,미아,14768,14293,29061
20210928,4호선,미아사거리,26326,25687,52013
20210928,4호선,반월,4215,4086,8301
20210928,4호선,범계,23469,23185,46654
20210928,4호선,사당,22178,18695,40873
20210928,4호선,산본,14843,16114,30957
20210928,4호선,삼각지,4864,5247,10111
20210928,4호선,상계,18693,17511,36204
20210928,4호선,상록수,15182,15428,30610
20210928,4호선,서울,9758,12869,22627
20210928,4호선,선바위,7974,7009,14983
20210928,4호선,성신여대입구,18477,17635,36112
20210928,4호선,수리산,4164,3453,7617
20210928,4호선,수유,32189,32446,64635
20210928,4호선,숙대입구,12438,12224,24662
20210928,4호선,신길온천,1597,1461,3058
20210928,4호선,신용산,14606,15432,30038
20210928,4호선,쌍문,28121,26172,54293
20210928,4호선,안산,10768,9812,20580
20210928,4호선,오이도,7864,7462,15326
20210928,4호선,이촌,6295,7158,13453
20210928,4호선,인덕원,22710,23819,46529
20210928,4호선,정부과천청사,9958,9864,19822
20210928,4호선,정왕,8439,8861,17300
20210928,4호선,중앙,15801,16397,32198
20210928,4호선,창동,24249,25489,49738
20210928,4호선,초지,4586,4860,9446
20210928,4호선,총신대입구,18023,19507,37530
20210928,4호선,충무로,25261,25904,51165
20210928,4호선,평촌,17644,17373,35017
20210928,4호선,한대앞,8151,8158,16309
20210928,4호선,한성대입구,12946,12592,25538
20210928,4호선,혜화,28663,28830,57493
20210928,4호선,회현,22517,23728,46245
20210929,4호선,경마공원,1080,1051,2131
20210929,4호선,고잔,7976,7722,15698
20210929,4호선,과천,5253,4761,10014
20210929,4호선,길음,18791,18406,37197
20210929,4호선,남태령,1100,952,2052
20210929,4호선,노원,16744,18693,35437
20210929,4호선,당고개,11687,10579,22266
20210929,4호선,대공원,1389,1511,2900
20210929,4호선,대야미,4599,4162,8761
20210929,4호선,동대문,17947,18515,36462
20210929,4호선,동대문역사문화공원,13190,12158,25348
20210929,4호선,동작,1635,1757,3392
20210929,4호선,명동,15483,15922,31405
20210929,4호선,미아,14098,13780,27878
20210929,4호선,미아사거리,25062,24528,49590
20210929,4호선,반월,3926,3779,7705
20210929,4호선,범계,22606,22471,45077
20210929,4호선,사당,21346,17859,39205
20210929,4호선,산본,14386,15678,30064
20210929,4호선,삼각지,4747,5037,9784
20210929,4호선,상계,17766,16553,34319
20210929,4호선,상록수,14555,15001,29556
20210929,4호선,서울,9736,12929,22665
20210929,4호선,선바위,7732,6744,14476
20210929,4호선,성신여대입구,18009,17145,35154
20210929,4호선,수리산,3920,3174,7094
20210929,4호선,수유,31018,31166,62184
20210929,4호선,숙대입구,11765,11574,23339
20210929,4호선,신길온천,1470,1381,2851
20210929,4호선,신용산,14151,15007,29158
20210929,4호선,쌍문,27378,25479,52857
20210929,4호선,안산,10790,9472,20262
20210929,4호선,오이도,7372,7063,14435
20210929,4호선,이촌,6297,6952,13249
20210929,4호선,인덕원,21846,23113,44959
20210929,4호선,정부과천청사,9675,9512,19187
20210929,4호선,정왕,8177,8714,16891
20210929,4호선,중앙,15326,15950,31276
20210929,4호선,창동,22837,24134,46971
20210929,4호선,초지,4491,4809,9300
20210929,4호선,총신대입구,17277,18725,36002
20210929,4호선,충무로,24519,25427,49946
20210929,4호선,평촌,16940,16882,33822
20210929,4호선,한대앞,7830,7910,15740
20210929,4호선,한성대입구,12383,11934,24317
20210929,4호선,혜화,28905,29083,57988
20210929,4호선,회현,20399,21724,42123
20210930,4호선,경마공원,1325,1341,2666
20210930,4호선,고잔,8589,8319,16908
20210930,4호선,과천,5509,5075,10584
20210930,4호선,길음,19385,19080,38465
20210930,4호선,남태령,1200,1019,2219
20210930,4호선,노원,18029,20022,38051
20210930,4호선,당고개,12515,11534,24049
20210930,4호선,대공원,3685,3808,7493
20210930,4호선,대야미,4986,4570,9556
20210930,4호선,동대문,19600,20326,39926
20210930,4호선,동대문역사문화공원,13889,13072,26961
20210930,4호선,동작,2020,2121,4141
20210930,4호선,명동,15867,16407,32274
20210930,4호선,미아,14827,14439,29266
20210930,4호선,미아사거리,26471,25664,52135
20210930,4호선,반월,4309,4106,8415
20210930,4호선,범계,23863,23597,47460
20210930,4호선,사당,22659,18889,41548
20210930,4호선,산본,15402,16432,31834
20210930,4호선,삼각지,4855,5385,10240
20210930,4호선,상계,18807,17508,36315
20210930,4호선,상록수,15392,15636,31028
20210930,4호선,서울,9890,13340,23230
20210930,4호선,선바위,8146,7231,15377
20210930,4호선,성신여대입구,18864,18008,36872
20210930,4호선,수리산,4182,3446,7628
20210930,4호선,수유,32515,32295,64810
20210930,4호선,숙대입구,12238,11963,24201
20210930,4호선,신길온천,1694,1570,3264
20210930,4호선,신용산,14869,15841,30710
20210930,4호선,쌍문,28589,26328,54917
20210930,4호선,안산,11023,9981,21004
20210930,4호선,오이도,8174,8020,16194
20210930,4호선,이촌,6716,7554,14270
20210930,4호선,인덕원,23160,24175,47335
20210930,4호선,정부과천청사,10358,10334,20692
20210930,4호선,정왕,8754,9028,17782
20210930,4호선,중앙,16167,16743,32910
20210930,4호선,창동,24467,25746,50213
20210930,4호선,초지,4746,5044,9790
20210930,4호선,총신대입구,18265,19716,37981
20210930,4호선,충무로,25341,26322,51663
20210930,4호선,평촌,17624,17381,35005
20210930,4호선,한대앞,8341,8314,16655
20210930,4호선,한성대입구,13089,12593,25682
20210930,4호선,혜화,28930,29131,58061
20210930,4호선,회현,22698,24231,46929
20211001,4호선,경마공원,1359,1318,2677
20211001,4호선,고잔,8635,8368,17003
20211001,4호선,과천,5605,5106,10711
20211001,4호선,길음,19675,19134,38809
20211001,4호선,남태령,1221,1028,2249
20211001,4호선,노원,18713,20833,39546
20211001,4호선,당고개,12640,11437,24077
20211001,4호선,대공원,3389,3558,6947
20211001,4호선,대야미,5040,4476,9516
20211001,4호선,동대문,19736,20140,39876
20211001,4호선,동대문역사문화공원,14110,13078,27188
20211001,4호선,동작,2112,2192,4304
20211001,4호선,명동,16362,17058,33420
20211001,4호선,미아,14802,14419,29221
20211001,4호선,미아사거리,27283,26415,53698
20211001,4호선,반월,4401,4220,8621
20211001,4호선,범계,24938,24817,49755
20211001,4호선,사당,23921,19962,43883
20211001,4호선,산본,15804,17131,32935
20211001,4호선,삼각지,4716,5401,10117
20211001,4호선,상계,18728,17596,36324
20211001,4호선,상록수,15567,15833,31400
20211001,4호선,서울,10003,15460,25463
20211001,4호선,선바위,8021,7120,15141
20211001,4호선,성신여대입구,19687,18996,38683
20211001,4호선,수리산,4260,3437,7697
20211001,4호선,수유,33750,33653,67403
20211001,4호선,숙대입구,12408,12162,24570
20211001,4호선,신길온천,1692,1582,3274
20211001,4호선,신용산,15026,16018,31044
20211001,4호선,쌍문,28940,26720,55660
20211001,4호선,안산,11417,10462,21879
20211001,4호선,오이도,8421,8343,16764
20211001,4호선,이촌,6824,7810,14634
20211001,4호선,인덕원,23449,24436,47885
20211001,4호선,정부과천청사,9907,9818,19725
20211001,4호선,정왕,8995,8845,17840
20211001,4호선,중앙,17107,18223,35330
20211001,4호선,창동,24877,26283,51160
20211001,4호선,초지,4595,4688,9283
20211001,4호선,총신대입구,18940,20684,39624
20211001,4호선,충무로,25488,26480,51968
20211001,4호선,평촌,17334,17184,34518
20211001,4호선,한대앞,9005,8986,17991
20211001,4호선,한성대입구,13449,12916,26365
20211001,4호선,혜화,30649,30193,60842
20211001,4호선,회현,22704,24208,46912
20211004,4호선,경마공원,565,572,1137
20211004,4호선,고잔,4521,4313,8834
20211004,4호선,과천,3120,2804,5924
20211004,4호선,길음,10708,10852,21560
20211004,4호선,남태령,642,511,1153
20211004,4호선,노원,11941,12804,24745
20211004,4호선,당고개,7742,7427,15169
20211004,4호선,대공원,3721,3848,7569
20211004,4호선,대야미,3248,2901,6149
20211004,4호선,동대문,16244,17153,33397
20211004,4호선,동대문역사문화공원,8516,7803,16319
20211004,4호선,동작,1290,1262,2552
20211004,4호선,명동,8398,8905,17303
20211004,4호선,미아,8985,8740,17725
20211004,4호선,미아사거리,16922,16275,33197
20211004,4호선,반월,2751,2629,5380
20211004,4호선,범계,14540,14142,28682
20211004,4호선,사당,13747,12420,26167
20211004,4호선,산본,9486,10192,19678
20211004,4호선,삼각지,2259,2865,5124
20211004,4호선,상계,11069,10429,21498
20211004,4호선,상록수,9857,9852,19709
20211004,4호선,서울,3797,7106,10903
20211004,4호선,선바위,3809,3531,7340
20211004,4호선,성신여대입구,12666,12232,24898
20211004,4호선,수리산,2401,2239,4640
20211004,4호선,수유,20846,20509,41355
20211004,4호선,숙대입구,6120,6118,12238
20211004,4호선,신길온천,1201,1130,2331
20211004,4호선,신용산,7473,7699,15172
20211004,4호선,쌍문,17375,16134,33509
20211004,4호선,안산,7439,7155,14594
20211004,4호선,오이도,6241,5856,12097
20211004,4호선,이촌,4109,4539,8648
20211004,4호선,인덕원,11463,11628,23091
20211004,4호선,정부과천청사,4434,4573,9007
20211004,4호선,정왕,4939,5803,10742
20211004,4호선,중앙,11318,11414,22732
20211004,4호선,창동,14721,15335,30056
20211004,4호선,초지,2489,2538,5027
20211004,4호선,총신대입구,11311,12304,23615
20211004,4호선,충무로,10205,10698,20903
20211004,4호선,평촌,6673,6612,13285
20211004,4호선,한대앞,5812,5797,11609
20211004,4호선,한성대입구,7838,7786,15624
20211004,4호선,혜화,16181,16504,32685
20211004,4호선,회현,15898,16394,32292
20211005,4호선,경마공원,1019,983,2002
20211005,4호선,고잔,8831,8361,17192
20211005,4호선,과천,5353,5026,10379
20211005,4호선,길음,19486,19113,38599
20211005,4호선,남태령,1129,990,2119
20211005,4호선,노원,17571,19512,37083
20211005,4호선,당고개,12408,11220,23628
20211005,4호선,대공원,2411,2510,4921
20211005,4호선,대야미,4830,4491,9321
20211005,4호선,동대문,19115,19612,38727
20211005,4호선,동대문역사문화공원,13198,12178,25376
20211005,4호선,동작,1816,1874,3690
20211005,4호선,명동,15531,16044,31575
20211005,4호선,미아,14880,14409,29289
20211005,4호선,미아사거리,26273,25434,51707
20211005,4호선,반월,4281,4091,8372
20211005,4호선,범계,23838,23460,47298
20211005,4호선,사당,22403,18678,41081
20211005,4호선,산본,15350,16492,31842
20211005,4호선,삼각지,4756,5016,9772
20211005,4호선,상계,18708,17501,36209
20211005,4호선,상록수,15749,16015,31764
20211005,4호선,서울,9844,13170,23014
20211005,4호선,선바위,8274,7060,15334
20211005,4호선,성신여대입구,18715,17965,36680
20211005,4호선,수리산,4246,3421,7667
20211005,4호선,수유,32035,32346,64381
20211005,4호선,숙대입구,12515,12115,24630
20211005,4호선,신길온천,1750,1560,3310
20211005,4호선,신용산,14618,15407,30025
20211005,4호선,쌍문,28465,26229,54694
20211005,4호선,안산,11366,10269,21635
20211005,4호선,오이도,7977,7645,15622
20211005,4호선,이촌,6568,7285,13853
20211005,4호선,인덕원,22966,24208,47174
20211005,4호선,정부과천청사,10320,10139,20459
20211005,4호선,정왕,8590,9199,17789
20211005,4호선,중앙,16443,17018,33461
20211005,4호선,창동,24223,25609,49832
20211005,4호선,초지,4826,5141,9967
20211005,4호선,총신대입구,18570,20007,38577
20211005,4호선,충무로,25436,26512,51948
20211005,4호선,평촌,17662,17595,35257
20211005,4호선,한대앞,9135,9044,18179
20211005,4호선,한성대입구,12397,12227,24624
20211005,4호선,혜화,27744,27634,55378
20211005,4호선,회현,22230,23282,45512
20211006,4호선,경마공원,1074,1052,2126
20211006,4호선,고잔,8493,8076,16569
20211006,4호선,과천,5313,4916,10229
20211006,4호선,길음,19266,18977,38243
20211006,4호선,남태령,1192,1031,2223
20211006,4호선,노원,17067,19014,36081
20211006,4호선,당고개,12202,11068,23270
20211006,4호선,대공원,1734,1850,3584
20211006,4호선,대야미,4920,4386,9306
20211006,4호선,동대문,18472,19337,37809
20211006,4호선,동대문역사문화공원,13479,12483,25962
20211006,4호선,동작,1675,1802,3477
20211006,4호선,명동,15494,16173,31667
20211006,4호선,미아,14447,14193,28640
20211006,4호선,미아사거리,26045,25077,51122
20211006,4호선,반월,4164,4012,8176
20211006,4호선,범계,23509,23240,46749
20211006,4호선,사당,22251,18508,40759
20211006,4호선,산본,14869,16231,31100
20211006,4호선,삼각지,4798,5084,9882
20211006,4호선,상계,18348,17018,35366
20211006,4호선,상록수,15393,15634,31027
20211006,4호선,서울,10033,13603,23636
20211006,4호선,선바위,7998,7036,15034
20211006,4호선,성신여대입구,18529,17635,36164
20211006,4호선,수리산,4129,3300,7429
20211006,4호선,수유,31705,31643,63348
20211006,4호선,숙대입구,12321,12101,24422
20211006,4호선,신길온천,1542,1431,2973
20211006,4호선,신용산,14579,15627,30206
20211006,4호선,쌍문,27907,25866,53773
20211006,4호선,안산,11046,9973,21019
20211006,4호선,오이도,7808,7515,15323
20211006,4호선,이촌,6361,7094,13455
20211006,4호선,인덕원,22717,23851,46568
20211006,4호선,정부과천청사,10233,9928,20161
20211006,4호선,정왕,8518,8880,17398
20211006,4호선,중앙,16207,16677,32884
20211006,4호선,창동,23983,25183,49166
20211006,4호선,초지,4580,4947,9527
20211006,4호선,총신대입구,18298,19754,38052
20211006,4호선,충무로,25515,26437,51952
20211006,4호선,평촌,17627,17240,34867
20211006,4호선,한대앞,8845,8998,17843
20211006,4호선,한성대입구,12971,12287,25258
20211006,4호선,혜화,28922,28980,57902
20211006,4호선,회현,21288,22657,43945
20211007,4호선,경마공원,1350,1284,2634
20211007,4호선,고잔,8704,8289,16993
20211007,4호선,과천,5411,4871,10282
20211007,4호선,길음,19668,19001,38669
20211007,4호선,남태령,1132,1031,2163
20211007,4호선,노원,17888,20099,37987
20211007,4호선,당고개,12398,11235,23633
20211007,4호선,대공원,2346,2438,4784
20211007,4호선,대야미,4866,4430,9296
20211007,4호선,동대문,18990,19748,38738
20211007,4호선,동대문역사문화공원,13363,12533,25896
20211007,4호선,동작,1871,1926,3797
20211007,4호선,명동,15462,16144,31606
20211007,4호선,미아,14738,14388,29126
20211007,4호선,미아사거리,26298,25502,51800
20211007,4호선,반월,4182,3984,8166
20211007,4호선,범계,23859,23627,47486
20211007,4호선,사당,22518,19069,41587
20211007,4호선,산본,15316,16516,31832
20211007,4호선,삼각지,4803,5256,10059
20211007,4호선,상계,18561,17246,35807
20211007,4호선,상록수,15373,15661,31034
20211007,4호선,서울,9946,13754,23700
20211007,4호선,선바위,8137,7165,15302
20211007,4호선,성신여대입구,19125,18206,37331
20211007,4호선,수리산,4142,3354,7496
20211007,4호선,수유,32493,32104,64597
20211007,4호선,숙대입구,12294,11867,24161
20211007,4호선,신길온천,1629,1513,3142
20211007,4호선,신용산,14347,15276,29623
20211007,4호선,쌍문,28249,26163,54412
20211007,4호선,안산,11142,10021,21163
20211007,4호선,오이도,7974,7737,15711
20211007,4호선,이촌,6698,7354,14052
20211007,4호선,인덕원,22837,23955,46792
20211007,4호선,정부과천청사,10356,10105,20461
20211007,4호선,정왕,8532,8767,17299
20211007,4호선,중앙,16243,16708,32951
20211007,4호선,창동,23977,25359,49336
20211007,4호선,초지,4644,4989,9633
20211007,4호선,총신대입구,19704,21512,41216
20211007,4호선,충무로,25402,26414,51816
20211007,4호선,평촌,17661,17590,35251
20211007,4호선,한대앞,9102,9082,18184
20211007,4호선,한성대입구,12927,12369,25296
20211007,4호선,혜화,29674,29699,59373
20211007,4호선,회현,22071,23627,45698
20211008,4호선,경마공원,1302,1302,2604
20211008,4호선,고잔,8683,8336,17019
20211008,4호선,과천,5789,5282,11071
20211008,4호선,길음,19916,19042,38958
20211008,4호선,남태령,1296,1069,2365
20211008,4호선,노원,18479,20620,39099
20211008,4호선,당고개,12772,11737,24509
20211008,4호선,대공원,2280,2426,4706
20211008,4호선,대야미,4903,4307,9210
20211008,4호선,동대문,19640,20052,39692
20211008,4호선,동대문역사문화공원,13791,12764,26555
20211008,4호선,동작,1773,1889,3662
20211008,4호선,명동,16294,17092,33386
20211008,4호선,미아,14808,14162,28970
20211008,4호선,미아사거리,26560,26116,52676
20211008,4호선,반월,4320,4092,8412
20211008,4호선,범계,24689,24877,49566
20211008,4호선,사당,24075,20604,44679
20211008,4호선,산본,15733,17098,32831
20211008,4호선,삼각지,4987,5450,10437
20211008,4호선,상계,18786,17574,36360
20211008,4호선,상록수,15564,15792,31356
20211008,4호선,서울,10044,16641,26685
20211008,4호선,선바위,8209,7038,15247
20211008,4호선,성신여대입구,19659,18850,38509
20211008,4호선,수리산,4162,3262,7424
20211008,4호선,수유,32861,32782,65643
20211008,4호선,숙대입구,12784,12343,25127
20211008,4호선,신길온천,1677,1563,3240
20211008,4호선,신용산,14926,16139,31065
20211008,4호선,쌍문,28798,26415,55213
20211008,4호선,안산,11312,10387,21699
20211008,4호선,오이도,8463,8408,16871
20211008,4호선,이촌,6924,7744,14668
20211008,4호선,인덕원,23041,24060,47101
20211008,4호선,정부과천청사,10516,10185,20701
20211008,4호선,정왕,8841,8782,17623
20211008,4호선,중앙,17028,18154,35182
20211008,4호선,창동,24596,25922,50518
20211008,4호선,초지,4448,4672,9120
20211008,4호선,총신대입구,19626,21266,40892
20211008,4호선,충무로,25504,26511,52015
20211008,4호선,평촌,17101,17055,34156
20211008,4호선,한대앞,9236,9217,18453
20211008,4호선,한성대입구,13626,13061,26687
20211008,4호선,혜화,30122,29767,59889
20211008,4호선,회현,22341,23531,45872
20211011,4호선,경마공원,662,587,1249
20211011,4호선,고잔,4867,4539,9406
20211011,4호선,과천,3531,3242,6773
20211011,4호선,길음,11385,11187,22572
20211011,4호선,남태령,734,567,1301
20211011,4호선,노원,13109,14335,27444
20211011,4호선,당고개,8509,8071,16580
20211011,4호선,대공원,5990,6245,12235
20211011,4호선,대야미,3357,3063,6420
20211011,4호선,동대문,17248,18396,35644
20211011,4호선,동대문역사문화공원,9504,8689,18193
20211011,4호선,동작,1677,1597,3274
20211011,4호선,명동,10369,10606,20975
20211011,4호선,미아,9444,9332,18776
20211011,4호선,미아사거리,18640,17911,36551
20211011,4호선,반월,2995,2866,5861
20211011,4호선,범계,15597,15326,30923
20211011,4호선,사당,14964,13775,28739
20211011,4호선,산본,10199,10951,21150
20211011,4호선,삼각지,2351,3083,5434
20211011,4호선,상계,12036,11355,23391
20211011,4호선,상록수,10406,10310,20716
20211011,4호선,서울,4320,8700,13020
20211011,4호선,선바위,4199,3762,7961
20211011,4호선,성신여대입구,13450,13105,26555
20211011,4호선,수리산,2490,2316,4806
20211011,4호선,수유,22379,22087,44466
20211011,4호선,숙대입구,6617,6421,13038
20211011,4호선,신길온천,1282,1164,2446
20211011,4호선,신용산,8290,8444,16734
20211011,4호선,쌍문,18599,17051,35650
20211011,4호선,안산,8037,7576,15613
20211011,4호선,오이도,6843,6615,13458
20211011,4호선,이촌,4632,5259,9891
20211011,4호선,인덕원,12374,12576,24950
20211011,4호선,정부과천청사,4796,5071,9867
20211011,4호선,정왕,5388,6097,11485
20211011,4호선,중앙,12360,12396,24756
20211011,4호선,창동,16143,16935,33078
20211011,4호선,초지,2557,2522,5079
20211011,4호선,총신대입구,12726,13948,26674
20211011,4호선,충무로,10949,11117,22066
20211011,4호선,평촌,6957,6928,13885
20211011,4호선,한대앞,6021,6063,12084
20211011,4호선,한성대입구,8335,8422,16757
20211011,4호선,혜화,26027,26544,52571
20211011,4호선,회현,17028,17836,34864
20211012,4호선,경마공원,988,978,1966
20211012,4호선,고잔,8946,8459,17405
20211012,4호선,과천,5506,5081,10587
20211012,4호선,길음,19385,19381,38766
20211012,4호선,남태령,1218,1061,2279
20211012,4호선,노원,17894,19832,37726
20211012,4호선,당고개,12871,11596,24467
20211012,4호선,대공원,2715,2770,5485
20211012,4호선,대야미,5011,4633,9644
20211012,4호선,동대문,19793,20391,40184
20211012,4호선,동대문역사문화공원,13659,12606,26265
20211012,4호선,동작,1900,2090,3990
20211012,4호선,명동,16631,17192,33823
20211012,4호선,미아,15027,14705,29732
20211012,4호선,미아사거리,27078,26169,53247
20211012,4호선,반월,4382,4187,8569
20211012,4호선,범계,24100,23879,47979
20211012,4호선,사당,22672,18985,41657
20211012,4호선,산본,15505,16726,32231
20211012,4호선,삼각지,4808,5299,10107
20211012,4호선,상계,18911,17737,36648
20211012,4호선,상록수,16137,16382,32519
20211012,4호선,서울,10189,13704,23893
20211012,4호선,선바위,8311,7150,15461
20211012,4호선,성신여대입구,18953,18182,37135
20211012,4호선,수리산,4214,3507,7721
20211012,4호선,수유,32738,32731,65469
20211012,4호선,숙대입구,12774,12381,25155
20211012,4호선,신길온천,1685,1592,3277
20211012,4호선,신용산,14989,15977,30966
20211012,4호선,쌍문,28813,26923,55736
20211012,4호선,안산,11289,10369,21658
20211012,4호선,오이도,8273,7968,16241
20211012,4호선,이촌,6814,7533,14347
20211012,4호선,인덕원,23274,24476,47750
20211012,4호선,정부과천청사,10416,10072,20488
20211012,4호선,정왕,9186,9622,18808
20211012,4호선,중앙,16637,17110,33747
20211012,4호선,창동,24559,25733,50292
20211012,4호선,초지,4915,5242,10157
20211012,4호선,총신대입구,19213,20726,39939
20211012,4호선,충무로,25913,27077,52990
20211012,4호선,평촌,17909,17780,35689
20211012,4호선,한대앞,9399,9442,18841
20211012,4호선,한성대입구,13241,12854,26095
20211012,4호선,혜화,28664,28860,57524
20211012,4호선,회현,22885,24275,47160
20211013,4호선,경마공원,1324,1283,2607
20211013,4호선,고잔,8771,8327,17098
20211013,4호선,과천,5630,5256,10886
20211013,4호선,길음,20038,19491,39529
20211013,4호선,남태령,1226,1061,2287
20211013,4호선,노원,18235,20197,38432
20211013,4호선,당고개,12799,11629,24428
20211013,4호선,대공원,3247,3417,6664
20211013,4호선,대야미,5065,4652,9717
20211013,4호선,동대문,19805,20464,40269
20211013,4호선,동대문역사문화공원,14336,13302,27638
20211013,4호선,동작,2067,2099,4166
20211013,4호선,명동,17128,17851,34979
20211013,4호선,미아,15099,14633,29732
20211013,4호선,미아사거리,27072,26323,53395
20211013,4호선,반월,4384,4185,8569
20211013,4호선,범계,25208,24983,50191
20211013,4호선,사당,23328,19532,42860
20211013,4호선,산본,15835,17056,32891
20211013,4호선,삼각지,4958,5466,10424
20211013,4호선,상계,18934,17685,36619
20211013,4호선,상록수,15938,16198,32136
20211013,4호선,서울,10445,14351,24796
20211013,4호선,선바위,8478,7445,15923
20211013,4호선,성신여대입구,18918,18076,36994
20211013,4호선,수리산,4428,3609,8037
20211013,4호선,수유,33060,32975,66035
20211013,4호선,숙대입구,12443,12157,24600
20211013,4호선,신길온천,1732,1634,3366
20211013,4호선,신용산,15715,16758,32473
20211013,4호선,쌍문,29305,27030,56335
20211013,4호선,안산,11597,10381,21978
20211013,4호선,오이도,8455,8318,16773
20211013,4호선,이촌,6944,7676,14620
20211013,4호선,인덕원,23640,24890,48530
20211013,4호선,정부과천청사,10645,10318,20963
20211013,4호선,정왕,9070,9520,18590
20211013,4호선,중앙,17133,17912,35045
20211013,4호선,창동,25094,26318,51412
20211013,4호선,초지,4807,5125,9932
20211013,4호선,총신대입구,19375,20938,40313
20211013,4호선,충무로,26293,27325,53618
20211013,4호선,평촌,17928,17749,35677
20211013,4호선,한대앞,9283,9200,18483
20211013,4호선,한성대입구,13363,12991,26354
20211013,4호선,혜화,30372,30373,60745
20211013,4호선,회현,23504,24833,48337
20211014,4호선,경마공원,1328,1249,2577
20211014,4호선,고잔,8899,8482,17381
20211014,4호선,과천,5510,5097,10607
20211014,4호선,길음,19693,19319,39012
20211014,4호선,남태령,1237,1106,2343
20211014,4호선,노원,18098,20115,38213
20211014,4호선,당고개,12801,11712,24513
20211014,4호선,대공원,3515,3640,7155
20211014,4호선,대야미,5162,4727,9889
20211014,4호선,동대문,19707,20303,40010
20211014,4호선,동대문역사문화공원,14074,12959,27033
20211014,4호선,동작,1934,2081,4015
20211014,4호선,명동,16404,17026,33430
20211014,4호선,미아,15024,14678,29702
20211014,4호선,미아사거리,27111,26212,53323
20211014,4호선,반월,4377,4220,8597
20211014,4호선,범계,24720,24552,49272
20211014,4호선,사당,23062,19585,42647
20211014,4호선,산본,15797,16962,32759
20211014,4호선,삼각지,5094,5515,10609
20211014,4호선,상계,18915,17599,36514
20211014,4호선,상록수,16069,16217,32286
20211014,4호선,서울,10205,14231,24436
20211014,4호선,선바위,8390,7484,15874
20211014,4호선,성신여대입구,19408,18396,37804
20211014,4호선,수리산,4342,3634,7976
20211014,4호선,수유,32875,32593,65468
20211014,4호선,숙대입구,12450,12051,24501
20211014,4호선,신길온천,1691,1614,3305
20211014,4호선,신용산,15215,16171,31386
20211014,4호선,쌍문,29044,26941,55985
20211014,4호선,안산,11422,10336,21758
20211014,4호선,오이도,8480,8224,16704
20211014,4호선,이촌,6780,7493,14273
20211014,4호선,인덕원,23778,24605,48383
20211014,4호선,정부과천청사,10366,10113,20479
20211014,4호선,정왕,8910,9219,18129
20211014,4호선,중앙,16920,17718,34638
20211014,4호선,창동,24847,26109,50956
20211014,4호선,초지,4829,5124,9953
20211014,4호선,총신대입구,18929,20442,39371
20211014,4호선,충무로,25869,27004,52873
20211014,4호선,평촌,18173,17905,36078
20211014,4호선,한대앞,9425,9441,18866
20211014,4호선,한성대입구,13516,12978,26494
20211014,4호선,혜화,30353,30293,60646
20211014,4호선,회현,23129,24690,47819
20211015,4호선,경마공원,1306,1305,2611
20211015,4호선,고잔,8839,8507,17346
20211015,4호선,과천,5710,5113,10823
20211015,4호선,길음,19626,18950,38576
20211015,4호선,남태령,1231,1012,2243
20211015,4호선,노원,18642,21049,39691
20211015,4호선,당고개,12530,11516,24046
20211015,4호선,대공원,3005,3203,6208
20211015,4호선,대야미,5180,4626,9806
20211015,4호선,동대문,20026,20504,40530
20211015,4호선,동대문역사문화공원,14005,13042,27047
20211015,4호선,동작,1949,2030,3979
20211015,4호선,명동,16894,17633,34527
20211015,4호선,미아,15096,14571,29667
20211015,4호선,미아사거리,27518,26874,54392
20211015,4호선,반월,4403,4221,8624
20211015,4호선,범계,25067,25143,50210
20211015,4호선,사당,24122,20388,44510
20211015,4호선,산본,15910,17242,33152
20211015,4호선,삼각지,5025,5735,10760
20211015,4호선,상계,18869,17545,36414
20211015,4호선,상록수,15853,16048,31901
20211015,4호선,서울,10003,15250,25253
20211015,4호선,선바위,8326,7368,15694
20211015,4호선,성신여대입구,19713,19024,38737
20211015,4호선,수리산,4361,3478,7839
20211015,4호선,수유,33573,33346,66919
20211015,4호선,숙대입구,12734,12470,25204
20211015,4호선,신길온천,1792,1696,3488
20211015,4호선,신용산,15559,16535,32094
20211015,4호선,쌍문,29082,26721,55803
20211015,4호선,안산,11537,10635,22172
20211015,4호선,오이도,8560,8466,17026
20211015,4호선,이촌,7054,7802,14856
20211015,4호선,인덕원,23688,24702,48390
20211015,4호선,정부과천청사,10194,10080,20274
20211015,4호선,정왕,9230,9158,18388
20211015,4호선,중앙,17517,18786,36303
20211015,4호선,창동,25076,26435,51511
20211015,4호선,초지,4749,5001,9750
20211015,4호선,총신대입구,19384,20851,40235
20211015,4호선,충무로,25682,27055,52737
20211015,4호선,평촌,17477,17334,34811
20211015,4호선,한대앞,9753,9617,19370
20211015,4호선,한성대입구,13690,12989,26679
20211015,4호선,혜화,22775,22810,45585
20211015,4호선,회현,22689,24107,46796
20211018,4호선,경마공원,987,950,1937
20211018,4호선,고잔,8674,8167,16841
20211018,4호선,과천,5359,5003,10362
20211018,4호선,길음,18744,18684,37428
20211018,4호선,남태령,1058,937,1995
20211018,4호선,노원,17103,18686,35789
20211018,4호선,당고개,12254,11079,23333
20211018,4호선,대공원,2432,2465,4897
20211018,4호선,대야미,4969,4486,9455
20211018,4호선,동대문,19243,20077,39320
20211018,4호선,동대문역사문화공원,13471,12542,26013
20211018,4호선,동작,1667,1814,3481
20211018,4호선,명동,16503,16953,33456
20211018,4호선,미아,14513,14130,28643
20211018,4호선,미아사거리,25585,24661,50246
20211018,4호선,반월,4186,4046,8232
20211018,4호선,범계,23108,22977,46085
20211018,4호선,사당,22050,18782,40832
20211018,4호선,산본,15367,16607,31974
20211018,4호선,삼각지,4863,5195,10058
20211018,4호선,상계,18390,17147,35537
20211018,4호선,상록수,16110,16227,32337
20211018,4호선,서울,10040,13692,23732
20211018,4호선,선바위,8166,7082,15248
20211018,4호선,성신여대입구,18384,17662,36046
20211018,4호선,수리산,4142,3467,7609
20211018,4호선,수유,31665,31899,63564
20211018,4호선,숙대입구,12106,11881,23987
20211018,4호선,신길온천,1721,1522,3243
20211018,4호선,신용산,14769,15548,30317
20211018,4호선,쌍문,27992,25955,53947
20211018,4호선,안산,11477,10367,21844
20211018,4호선,오이도,8356,7855,16211
20211018,4호선,이촌,6537,7163,13700
20211018,4호선,인덕원,22978,23993,46971
20211018,4호선,정부과천청사,10302,10203,20505
20211018,4호선,정왕,8651,9436,18087
20211018,4호선,중앙,17186,17469,34655
20211018,4호선,창동,24037,25183,49220
20211018,4호선,초지,4996,5518,10514
20211018,4호선,총신대입구,18516,19886,38402
20211018,4호선,충무로,24750,25890,50640
20211018,4호선,평촌,17826,17534,35360
20211018,4호선,한대앞,9320,9488,18808
20211018,4호선,한성대입구,12632,12548,25180
20211018,4호선,혜화,26909,26782,53691
20211018,4호선,회현,22642,23919,46561
20211019,4호선,경마공원,1057,1063,2120
20211019,4호선,고잔,8773,8338,17111
20211019,4호선,과천,5491,5136,10627
20211019,4호선,길음,19508,19216,38724
20211019,4호선,남태령,1154,1044,2198
20211019,4호선,노원,17723,19800,37523
20211019,4호선,당고개,12540,11530,24070
20211019,4호선,대공원,2604,2612,5216
20211019,4호선,대야미,4900,4559,9459
20211019,4호선,동대문,18404,18891,37295
20211019,4호선,동대문역사문화공원,13439,12519,25958
20211019,4호선,동작,1791,1965,3756
20211019,4호선,명동,16748,17279,34027
20211019,4호선,미아,14718,14219,28937
20211019,4호선,미아사거리,26960,26136,53096
20211019,4호선,반월,4330,4143,8473
20211019,4호선,범계,24594,24503,49097
20211019,4호선,사당,23243,19442,42685
20211019,4호선,산본,15475,16698,32173
20211019,4호선,삼각지,4975,5465,10440
20211019,4호선,상계,18771,17388,36159
20211019,4호선,상록수,16455,16689,33144
20211019,4호선,서울,10054,13695,23749
20211019,4호선,선바위,8108,7236,15344
20211019,4호선,성신여대입구,19025,18516,37541
20211019,4호선,수리산,4260,3478,7738
20211019,4호선,수유,32117,32594,64711
20211019,4호선,숙대입구,12203,11932,24135
20211019,4호선,신길온천,1674,1571,3245
20211019,4호선,신용산,14908,15643,30551
20211019,4호선,쌍문,28810,26771,55581
20211019,4호선,안산,11264,10148,21412
20211019,4호선,오이도,8235,8049,16284
20211019,4호선,이촌,6560,7271,13831
20211019,4호선,인덕원,23456,24519,47975
20211019,4호선,정부과천청사,10422,10252,20674
20211019,4호선,정왕,9142,9488,18630
20211019,4호선,중앙,17291,17872,35163
20211019,4호선,창동,24460,25831,50291
20211019,4호선,초지,5131,5578,10709
20211019,4호선,총신대입구,18885,20402,39287
20211019,4호선,충무로,25732,26426,52158
20211019,4호선,평촌,17887,17802,35689
20211019,4호선,한대앞,9300,9374,18674
20211019,4호선,한성대입구,13101,12573,25674
20211019,4호선,혜화,29511,29628,59139
20211019,4호선,회현,22936,24260,47196
20211020,4호선,경마공원,1221,1184,2405
20211020,4호선,고잔,8928,8547,17475
20211020,4호선,과천,5696,5216,10912
20211020,4호선,길음,19839,19698,39537
20211020,4호선,남태령,1183,1078,2261
20211020,4호선,노원,18268,20367,38635
20211020,4호선,당고개,12881,11691,24572
20211020,4호선,대공원,2928,3047,5975
20211020,4호선,대야미,5127,4609,9736
20211020,4호선,동대문,19106,19717,38823
20211020,4호선,동대문역사문화공원,14103,13150,27253
20211020,4호선,동작,1851,2052,3903
20211020,4호선,명동,17494,17960,35454
20211020,4호선,미아,15258,14989,30247
20211020,4호선,미아사거리,27643,27081,54724
20211020,4호선,반월,4347,4233,8580
20211020,4호선,범계,24951,24954,49905
20211020,4호선,사당,23893,20292,44185
20211020,4호선,산본,15927,17137,33064
20211020,4호선,삼각지,5431,5705,11136
20211020,4호선,상계,19181,17869,37050
20211020,4호선,상록수,16705,16943,33648
20211020,4호선,서울,11006,14890,25896
20211020,4호선,선바위,8355,7422,15777
20211020,4호선,성신여대입구,19827,19034,38861
20211020,4호선,수리산,4268,3561,7829
20211020,4호선,수유,33469,33659,67128
20211020,4호선,숙대입구,12861,12533,25394
20211020,4호선,신길온천,1739,1603,3342
20211020,4호선,신용산,15630,16652,32282
20211020,4호선,쌍문,29251,26903,56154
20211020,4호선,안산,11607,10519,22126
20211020,4호선,오이도,8532,8381,16913
20211020,4호선,이촌,6913,7761,14674
20211020,4호선,인덕원,23909,25051,48960
20211020,4호선,정부과천청사,10494,10355,20849
20211020,4호선,정왕,9425,9815,19240
20211020,4호선,중앙,18017,18465,36482
20211020,4호선,창동,25090,26412,51502
20211020,4호선,초지,5169,5493,10662
20211020,4호선,총신대입구,19345,20879,40224
20211020,4호선,충무로,26481,27008,53489
20211020,4호선,평촌,18008,17832,35840
20211020,4호선,한대앞,9624,9722,19346
20211020,4호선,한성대입구,13567,13046,26613
20211020,4호선,혜화,31146,31310,62456
20211020,4호선,회현,24654,26664,51318
20211021,4호선,경마공원,1387,1362,2749
20211021,4호선,고잔,8850,8466,17316
20211021,4호선,과천,5566,5155,10721
20211021,4호선,길음,19698,19364,39062
20211021,4호선,남태령,1205,1074,2279
20211021,4호선,노원,18210,20050,38260
20211021,4호선,당고개,12805,11784,24589
20211021,4호선,대공원,3356,3446,6802
20211021,4호선,대야미,5066,4637,9703
20211021,4호선,동대문,18871,19642,38513
20211021,4호선,동대문역사문화공원,13673,12776,26449
20211021,4호선,동작,1825,2076,3901
20211021,4호선,명동,16853,17514,34367
20211021,4호선,미아,14810,14346,29156
20211021,4호선,미아사거리,27305,26530,53835
20211021,4호선,반월,4462,4210,8672
20211021,4호선,범계,24906,24814,49720
20211021,4호선,사당,23837,20193,44030
20211021,4호선,산본,15892,17115,33007
20211021,4호선,삼각지,5205,5637,10842
20211021,4호선,상계,18939,17538,36477
20211021,4호선,상록수,16610,16739,33349
20211021,4호선,서울,10389,14532,24921
20211021,4호선,선바위,8438,7458,15896
20211021,4호선,성신여대입구,19477,18771,38248
20211021,4호선,수리산,4292,3470,7762
20211021,4호선,수유,32883,32832,65715
20211021,4호선,숙대입구,12566,12283,24849
20211021,4호선,신길온천,1723,1613,3336
20211021,4호선,신용산,15187,16210,31397
20211021,4호선,쌍문,28888,26850,55738
20211021,4호선,안산,11190,10195,21385
20211021,4호선,오이도,8755,8453,17208
20211021,4호선,이촌,6925,7675,14600
20211021,4호선,인덕원,24266,25031,49297
20211021,4호선,정부과천청사,10328,10224,20552
20211021,4호선,정왕,9489,9805,19294
20211021,4호선,중앙,17995,18512,36507
20211021,4호선,창동,24924,26154,51078
20211021,4호선,초지,4939,5443,10382
20211021,4호선,총신대입구,19283,20674,39957
20211021,4호선,충무로,26458,27343,53801
20211021,4호선,평촌,18035,17759,35794
20211021,4호선,한대앞,9718,9668,19386
20211021,4호선,한성대입구,13135,12776,25911
20211021,4호선,혜화,30702,30684,61386
20211021,4호선,회현,23464,24992,48456
20211022,4호선,경마공원,1357,1325,2682
20211022,4호선,고잔,8869,8562,17431
20211022,4호선,과천,5814,5161,10975
20211022,4호선,길음,20087,18858,38945
20211022,4호선,남태령,1242,1034,2276
20211022,4호선,노원,19340,21788,41128
20211022,4호선,당고개,12570,11577,24147
20211022,4호선,대공원,4170,4313,8483
20211022,4호선,대야미,5184,4528,9712
20211022,4호선,동대문,19265,20094,39359
20211022,4호선,동대문역사문화공원,14284,13996,28280
20211022,4호선,동작,1967,2101,4068
20211022,4호선,명동,17274,18724,35998
20211022,4호선,미아,14950,14707,29657
20211022,4호선,미아사거리,27918,27359,55277
20211022,4호선,반월,4441,4219,8660
20211022,4호선,범계,25914,25563,51477
20211022,4호선,사당,25380,22352,47732
20211022,4호선,산본,16298,17409,33707
20211022,4호선,삼각지,5326,6173,11499
20211022,4호선,상계,18871,17608,36479
20211022,4호선,상록수,16392,16409,32801
20211022,4호선,서울,10419,16386,26805
20211022,4호선,선바위,8491,7326,15817
20211022,4호선,성신여대입구,19820,20032,39852
20211022,4호선,수리산,4343,3431,7774
20211022,4호선,수유,33349,33630,66979
20211022,4호선,숙대입구,12922,12426,25348
20211022,4호선,신길온천,1746,1658,3404
20211022,4호선,신용산,16214,16788,33002
20211022,4호선,쌍문,29474,26962,56436
20211022,4호선,안산,11730,10851,22581
20211022,4호선,오이도,8843,8812,17655
20211022,4호선,이촌,7304,8264,15568
20211022,4호선,인덕원,24243,24487,48730
20211022,4호선,정부과천청사,10453,10036,20489
20211022,4호선,정왕,10270,10125,20395
20211022,4호선,중앙,18682,19556,38238
20211022,4호선,창동,25917,27329,53246
20211022,4호선,초지,4871,5261,10132
20211022,4호선,총신대입구,19638,21729,41367
20211022,4호선,충무로,26350,27593,53943
20211022,4호선,평촌,17593,17432,35025
20211022,4호선,한대앞,9980,10127,20107
20211022,4호선,한성대입구,13537,13242,26779
20211022,4호선,혜화,31349,31229,62578
20211022,4호선,회현,23466,25526,48992
20211025,4호선,경마공원,1052,1016,2068
20211025,4호선,고잔,8991,8357,17348
20211025,4호선,과천,5563,5123,10686
20211025,4호선,길음,19662,19336,38998
20211025,4호선,남태령,1162,1024,2186
20211025,4호선,노원,17518,19701,37219
20211025,4호선,당고개,12785,11553,24338
20211025,4호선,대공원,2915,3007,5922
20211025,4호선,대야미,5013,4539,9552
20211025,4호선,동대문,19165,20030,39195
20211025,4호선,동대문역사문화공원,13781,12828,26609
20211025,4호선,동작,1867,1941,3808
20211025,4호선,명동,17337,17656,34993
20211025,4호선,미아,15024,14662,29686
20211025,4호선,미아사거리,27352,26394,53746
20211025,4호선,반월,4393,4210,8603
20211025,4호선,범계,24447,24378,48825
20211025,4호선,사당,23260,19747,43007
20211025,4호선,산본,15874,17024,32898
20211025,4호선,삼각지,4877,5337,10214
20211025,4호선,상계,19038,17587,36625
20211025,4호선,상록수,16160,16379,32539
20211025,4호선,서울,10307,14310,24617
20211025,4호선,선바위,8329,7258,15587
20211025,4호선,성신여대입구,18832,18355,37187
20211025,4호선,수리산,4332,3639,7971
20211025,4호선,수유,32920,33049,65969
20211025,4호선,숙대입구,12327,11904,24231
20211025,4호선,신길온천,1791,1604,3395
20211025,4호선,신용산,15585,16511,32096
20211025,4호선,쌍문,29181,26930,56111
20211025,4호선,안산,11818,10695,22513
20211025,4호선,오이도,8633,8233,16866
20211025,4호선,이촌,6824,7537,14361
20211025,4호선,인덕원,23859,25021,48880
20211025,4호선,정부과천청사,10654,10431,21085
20211025,4호선,정왕,9632,10314,19946
20211025,4호선,중앙,17281,17672,34953
20211025,4호선,창동,24806,26078,50884
20211025,4호선,초지,5014,5355,10369
20211025,4호선,총신대입구,18973,20521,39494
20211025,4호선,충무로,26172,27132,53304
20211025,4호선,평촌,18127,17920,36047
20211025,4호선,한대앞,9691,9872,19563
20211025,4호선,한성대입구,13182,12899,26081
20211025,4호선,혜화,28195,28196,56391
20211025,4호선,회현,21398,23199,44597
20211026,4호선,경마공원,1173,1165,2338
20211026,4호선,고잔,9053,8529,17582
20211026,4호선,과천,5789,5403,11192
20211026,4호선,길음,20226,19755,39981
20211026,4호선,남태령,1261,1081,2342
20211026,4호선,노원,18009,20291,38300
20211026,4호선,당고개,12958,11826,24784
20211026,4호선,대공원,3836,3896,7732
20211026,4호선,대야미,5138,4676,9814
20211026,4호선,동대문,19548,20175,39723
20211026,4호선,동대문역사문화공원,14082,13257,27339
20211026,4호선,동작,1984,2291,4275
20211026,4호선,명동,17708,18509,36217
20211026,4호선,미아,15207,14721,29928
20211026,4호선,미아사거리,27674,26934,54608
20211026,4호선,반월,4446,4240,8686
20211026,4호선,범계,25546,25340,50886
20211026,4호선,사당,24516,20825,45341
20211026,4호선,산본,16246,16844,33090
20211026,4호선,삼각지,5225,5738,10963
20211026,4호선,상계,19328,17715,37043
20211026,4호선,상록수,16555,16926,33481
20211026,4호선,서울,10674,14719,25393
20211026,4호선,선바위,8525,7627,16152
20211026,4호선,성신여대입구,19603,18696,38299
20211026,4호선,수리산,4371,3615,7986
20211026,4호선,수유,33644,33549,67193
20211026,4호선,숙대입구,13018,12548,25566
20211026,4호선,신길온천,1725,1614,3339
20211026,4호선,신용산,15955,16713,32668
20211026,4호선,쌍문,29484,27198,56682
20211026,4호선,안산,11554,10510,22064
20211026,4호선,오이도,8849,8527,17376
20211026,4호선,이촌,7185,8046,15231
20211026,4호선,인덕원,24549,25627,50176
20211026,4호선,정부과천청사,10858,10587,21445
20211026,4호선,정왕,9962,10412,20374
20211026,4호선,중앙,17623,18333,35956
20211026,4호선,창동,25229,26584,51813
20211026,4호선,초지,4940,5355,10295
20211026,4호선,총신대입구,19594,21102,40696
20211026,4호선,충무로,26772,27902,54674
20211026,4호선,평촌,18280,18058,36338
20211026,4호선,한대앞,10097,10009,20106
20211026,4호선,한성대입구,13699,13379,27078
20211026,4호선,혜화,30667,30740,61407
20211026,4호선,회현,24141,25735,49876
20211027,4호선,경마공원,1272,1294,2566
20211027,4호선,고잔,9118,8725,17843
20211027,4호선,과천,5997,5476,11473
20211027,4호선,길음,20426,20091,40517
20211027,4호선,남태령,1289,1080,2369
20211027,4호선,노원,18631,20488,39119
20211027,4호선,당고개,12973,11630,24603
20211027,4호선,대공원,3971,4036,8007
20211027,4호선,대야미,5197,4702,9899
20211027,4호선,동대문,19866,20399,40265
20211027,4호선,동대문역사문화공원,14245,13508,27753
20211027,4호선,동작,1920,2061,3981
20211027,4호선,명동,17886,18521,36407
20211027,4호선,미아,15249,14861,30110
20211027,4호선,미아사거리,27549,26765,54314
20211027,4호선,반월,4479,4313,8792
20211027,4호선,범계,25975,25711,51686
20211027,4호선,사당,24757,21057,45814
20211027,4호선,산본,16228,17203,33431
20211027,4호선,삼각지,5192,5741,10933
20211027,4호선,상계,19433,18221,37654
20211027,4호선,상록수,16448,16621,33069
20211027,4호선,서울,10895,15360,26255
20211027,4호선,선바위,8571,7514,16085
20211027,4호선,성신여대입구,19913,19078,38991
20211027,4호선,수리산,4291,3591,7882
20211027,4호선,수유,33690,33735,67425
20211027,4호선,숙대입구,13121,12733,25854
20211027,4호선,신길온천,1779,1693,3472
20211027,4호선,신용산,16173,17212,33385
20211027,4호선,쌍문,29731,27347,57078
20211027,4호선,안산,11827,10708,22535
20211027,4호선,오이도,8809,8483,17292
20211027,4호선,이촌,7058,8012,15070
20211027,4호선,인덕원,24635,25936,50571
20211027,4호선,정부과천청사,10887,10708,21595
20211027,4호선,정왕,9713,9933,19646
20211027,4호선,중앙,18115,18716,36831
20211027,4호선,창동,25482,26899,52381
20211027,4호선,초지,4990,5435,10425
20211027,4호선,총신대입구,19562,21109,40671
20211027,4호선,충무로,27349,28258,55607
20211027,4호선,평촌,18383,18136,36519
20211027,4호선,한대앞,9786,9888,19674
20211027,4호선,한성대입구,14032,13733,27765
20211027,4호선,혜화,32246,32516,64762
20211027,4호선,회현,23994,25582,49576
20211028,4호선,경마공원,1529,1467,2996
20211028,4호선,고잔,8988,8602,17590
20211028,4호선,과천,5720,5285,11005
20211028,4호선,길음,20315,19910,40225
20211028,4호선,남태령,1249,1114,2363
20211028,4호선,노원,18392,20357,38749
20211028,4호선,당고개,12916,11812,24728
20211028,4호선,대공원,4632,4781,9413
20211028,4호선,대야미,5122,4678,9800
20211028,4호선,동대문,19414,20041,39455
20211028,4호선,동대문역사문화공원,14248,13346,27594
20211028,4호선,동작,1991,2102,4093
20211028,4호선,명동,17858,18529,36387
20211028,4호선,미아,14987,14659,29646
20211028,4호선,미아사거리,27636,26725,54361
20211028,4호선,반월,4382,4274,8656
20211028,4호선,범계,25519,25176,50695
20211028,4호선,사당,25154,20906,46060
20211028,4호선,산본,16136,17313,33449
20211028,4호선,삼각지,5406,5938,11344
20211028,4호선,상계,19140,17689,36829
20211028,4호선,상록수,16416,16624,33040
20211028,4호선,서울,10575,15363,25938
20211028,4호선,선바위,8587,7636,16223
20211028,4호선,성신여대입구,20041,19221,39262
20211028,4호선,수리산,4324,3554,7878
20211028,4호선,수유,33103,33309,66412
20211028,4호선,숙대입구,13077,12819,25896
20211028,4호선,신길온천,1707,1639,3346
20211028,4호선,신용산,16006,16945,32951
20211028,4호선,쌍문,29277,26994,56271
20211028,4호선,안산,11530,10434,21964
20211028,4호선,오이도,8724,8659,17383
20211028,4호선,이촌,7200,7953,15153
20211028,4호선,인덕원,24611,25786,50397
20211028,4호선,정부과천청사,10672,10502,21174
20211028,4호선,정왕,9610,9714,19324
20211028,4호선,중앙,17738,18209,35947
20211028,4호선,창동,25407,26686,52093
20211028,4호선,초지,4974,5285,10259
20211028,4호선,총신대입구,19465,20931,40396
20211028,4호선,충무로,27011,28136,55147
20211028,4호선,평촌,18258,18118,36376
20211028,4호선,한대앞,9685,9666,19351
20211028,4호선,한성대입구,13978,13543,27521
20211028,4호선,혜화,31489,31757,63246
20211028,4호선,회현,24081,25722,49803
20211029,4호선,경마공원,1620,1647,3267
20211029,4호선,고잔,8917,8718,17635
20211029,4호선,과천,5904,5446,11350
20211029,4호선,길음,20912,20163,41075
20211029,4호선,남태령,1282,1033,2315
20211029,4호선,노원,19404,21859,41263
20211029,4호선,당고개,13253,12107,25360
20211029,4호선,대공원,4492,4667,9159
20211029,4호선,대야미,5262,4602,9864
20211029,4호선,동대문,20039,20734,40773
20211029,4호선,동대문역사문화공원,14773,13698,28471
20211029,4호선,동작,2041,2158,4199
20211029,4호선,명동,18834,20182,39016
20211029,4호선,미아,15418,14852,30270
20211029,4호선,미아사거리,28387,27626,56013
20211029,4호선,반월,4579,4377,8956
20211029,4호선,범계,26506,26073,52579
20211029,4호선,사당,26003,22123,48126
20211029,4호선,산본,16545,18060,34605
20211029,4호선,삼각지,5402,6259,11661
20211029,4호선,상계,19542,18042,37584
20211029,4호선,상록수,16662,16778,33440
20211029,4호선,서울,10773,17352,28125
20211029,4호선,선바위,8693,7592,16285
20211029,4호선,성신여대입구,20618,19681,40299
20211029,4호선,수리산,4442,3592,8034
20211029,4호선,수유,34777,34622,69399
20211029,4호선,숙대입구,13395,13034,26429
20211029,4호선,신길온천,1784,1699,3483
20211029,4호선,신용산,16735,17888,34623
20211029,4호선,쌍문,29940,27240,57180
20211029,4호선,안산,11837,10787,22624
20211029,4호선,오이도,9017,8934,17951
20211029,4호선,이촌,7499,8206,15705
20211029,4호선,인덕원,24883,25772,50655
20211029,4호선,정부과천청사,10999,10692,21691
20211029,4호선,정왕,9840,9521,19361
20211029,4호선,중앙,18569,19893,38462
20211029,4호선,창동,26072,27636,53708
20211029,4호선,초지,4737,4900,9637
20211029,4호선,총신대입구,20068,22014,42082
20211029,4호선,충무로,27866,28857,56723
20211029,4호선,평촌,18119,17937,36056
20211029,4호선,한대앞,9962,9886,19848
20211029,4호선,한성대입구,14386,13917,28303
20211029,4호선,혜화,32784,32590,65374
20211029,4호선,회현,23894,25683,49577
20211101,4호선,경마공원,1097,1047,2144
20211101,4호선,고잔,8829,8387,17216
20211101,4호선,과천,5658,5107,10765
20211101,4호선,길음,20113,19645,39758
20211101,4호선,남태령,1202,1028,2230
20211101,4호선,노원,17772,20165,37937
20211101,4호선,당고개,12899,11339,24238
20211101,4호선,대공원,4063,4112,8175
20211101,4호선,대야미,5023,4549,9572
20211101,4호선,동대문,19464,20443,39907
20211101,4호선,동대문역사문화공원,14120,13026,27146
20211101,4호선,동작,1816,2032,3848
20211101,4호선,명동,18099,18406,36505
20211101,4호선,미아,15031,14628,29659
20211101,4호선,미아사거리,27146,26121,53267
20211101,4호선,반월,4475,4220,8695
20211101,4호선,범계,24903,24822,49725
20211101,4호선,사당,20821,19987,40808
20211101,4호선,산본,15954,17181,33135
20211101,4호선,삼각지,4890,5395,10285
20211101,4호선,상계,19017,17567,36584
20211101,4호선,상록수,16052,16185,32237
20211101,4호선,서울,10710,15107,25817
20211101,4호선,선바위,8595,7424,16019
20211101,4호선,성신여대입구,19237,18633,37870
20211101,4호선,수리산,4305,3580,7885
20211101,4호선,수유,33191,33078,66269
20211101,4호선,숙대입구,12637,12342,24979
20211101,4호선,신길온천,1769,1560,3329
20211101,4호선,신용산,16029,17131,33160
20211101,4호선,쌍문,29579,26594,56173
20211101,4호선,안산,11821,10771,22592
20211101,4호선,오이도,8284,7991,16275
20211101,4호선,이촌,6548,7256,13804
20211101,4호선,인덕원,24042,25339,49381
20211101,4호선,정부과천청사,11193,10678,21871
20211101,4호선,정왕,9147,9980,19127
20211101,4호선,중앙,17274,17974,35248
20211101,4호선,창동,25233,26498,51731
20211101,4호선,초지,5157,5351,10508
20211101,4호선,총신대입구,18768,20176,38944
20211101,4호선,충무로,26306,27742,54048
20211101,4호선,평촌,18091,17991,36082
20211101,4호선,한대앞,9699,9885,19584
20211101,4호선,한성대입구,13436,13096,26532
20211101,4호선,혜화,28426,29158,57584
20211101,4호선,회현,23558,25035,48593
20211102,4호선,경마공원,1196,1136,2332
20211102,4호선,고잔,9025,8507,17532
20211102,4호선,과천,5970,5404,11374
20211102,4호선,길음,20808,20224,41032
20211102,4호선,남태령,1294,1096,2390
20211102,4호선,노원,18455,20790,39245
20211102,4호선,당고개,13046,11722,24768
20211102,4호선,대공원,4763,4897,9660
20211102,4호선,대야미,5149,4578,9727
20211102,4호선,동대문,19604,20144,39748
20211102,4호선,동대문역사문화공원,13934,13067,27001
20211102,4호선,동작,1916,2076,3992
20211102,4호선,명동,17527,18324,35851
20211102,4호선,미아,15310,14802,30112
20211102,4호선,미아사거리,27445,26531,53976
20211102,4호선,반월,4520,4321,8841
20211102,4호선,범계,25758,25624,51382
20211102,4호선,사당,24694,20778,45472
20211102,4호선,산본,16065,17415,33480
20211102,4호선,삼각지,5106,5567,10673
20211102,4호선,상계,19379,17698,37077
20211102,4호선,상록수,16787,16954,33741
20211102,4호선,서울,11332,15229,26561
20211102,4호선,선바위,8716,7586,16302
20211102,4호선,성신여대입구,20078,19420,39498
20211102,4호선,수리산,4458,3658,8116
20211102,4호선,수유,33640,33438,67078
20211102,4호선,숙대입구,13219,12847,26066
20211102,4호선,신길온천,1817,1647,3464
20211102,4호선,신용산,16809,17909,34718
20211102,4호선,쌍문,29695,26958,56653
20211102,4호선,안산,11525,10532,22057
20211102,4호선,오이도,8564,8220,16784
20211102,4호선,이촌,7403,8078,15481
20211102,4호선,인덕원,24980,26169,51149
20211102,4호선,정부과천청사,11177,10891,22068
20211102,4호선,정왕,9464,9845,19309
20211102,4호선,중앙,17670,18230,35900
20211102,4호선,창동,25911,27272,53183
20211102,4호선,초지,5079,5503,10582
20211102,4호선,총신대입구,19061,20480,39541
20211102,4호선,충무로,27352,28454,55806
20211102,4호선,평촌,18623,18226,36849
20211102,4호선,한대앞,9915,10084,19999
20211102,4호선,한성대입구,13986,13734,27720
20211102,4호선,혜화,31694,32005,63699
20211102,4호선,회현,24281,25886,50167
20211103,4호선,경마공원,1602,1548,3150
20211103,4호선,고잔,9175,8717,17892
20211103,4호선,과천,5958,5521,11479
20211103,4호선,길음,20839,20375,41214
20211103,4호선,남태령,1279,1302,2581
20211103,4호선,노원,18716,21168,39884
20211103,4호선,당고개,13419,11826,25245
20211103,4호선,대공원,4809,4937,9746
20211103,4호선,대야미,5289,4644,9933
20211103,4호선,동대문,19961,20398,40359
20211103,4호선,동대문역사문화공원,14537,13982,28519
20211103,4호선,동작,1929,2118,4047
20211103,4호선,명동,18416,19085,37501
20211103,4호선,미아,14293,13827,28120
20211103,4호선,미아사거리,28306,27187,55493
20211103,4호선,반월,4576,4350,8926
20211103,4호선,범계,26480,26370,52850
20211103,4호선,사당,24959,21335,46294
20211103,4호선,산본,16416,17719,34135
20211103,4호선,삼각지,5240,5798,11038
20211103,4호선,상계,19375,17965,37340
20211103,4호선,상록수,16397,16529,32926
20211103,4호선,서울,11278,15769,27047
20211103,4호선,선바위,8865,7606,16471
20211103,4호선,성신여대입구,20321,19323,39644
20211103,4호선,수리산,4513,3706,8219
20211103,4호선,수유,34258,34445,68703
20211103,4호선,숙대입구,13310,12919,26229
20211103,4호선,신길온천,1813,1620,3433
20211103,4호선,신용산,16978,18493,35471
20211103,4호선,쌍문,29986,27331,57317
20211103,4호선,안산,11586,10480,22066
20211103,4호선,오이도,8695,8462,17157
20211103,4호선,이촌,7296,7901,15197
20211103,4호선,인덕원,25446,26544,51990
20211103,4호선,정부과천청사,11339,10946,22285
20211103,4호선,정왕,9425,9776,19201
20211103,4호선,중앙,17944,18876,36820
20211103,4호선,창동,26168,27165,53333
20211103,4호선,초지,5097,5499,10596
20211103,4호선,총신대입구,19587,21127,40714
20211103,4호선,충무로,27404,28513,55917
20211103,4호선,평촌,18723,18431,37154
20211103,4호선,한대앞,9727,9786,19513
20211103,4호선,한성대입구,14228,13768,27996
20211103,4호선,혜화,32251,33284,65535
20211103,4호선,회현,24114,25722,49836
20211104,4호선,경마공원,1937,1893,3830
20211104,4호선,고잔,9030,8592,17622
20211104,4호선,과천,5898,5448,11346
20211104,4호선,길음,20888,20270,41158
20211104,4호선,남태령,1300,1140,2440
20211104,4호선,노원,18565,20999,39564
20211104,4호선,당고개,13109,11728,24837
20211104,4호선,대공원,4610,4733,9343
20211104,4호선,대야미,5209,4648,9857
20211104,4호선,동대문,19695,20311,40006
20211104,4호선,동대문역사문화공원,14177,13357,27534
20211104,4호선,동작,1819,2001,3820
20211104,4호선,명동,17837,18772,36609
20211104,4호선,미아,15185,14880,30065
20211104,4호선,미아사거리,27772,26601,54373
20211104,4호선,반월,4367,4186,8553
20211104,4호선,범계,25925,25816,51741
20211104,4호선,사당,25292,21480,46772
20211104,4호선,산본,16113,17207,33320
20211104,4호선,삼각지,5224,5829,11053
20211104,4호선,상계,19534,17874,37408
20211104,4호선,상록수,16480,16592,33072
20211104,4호선,서울,11108,16398,27506
20211104,4호선,선바위,8928,7789,16717
20211104,4호선,성신여대입구,20518,19680,40198
20211104,4호선,수리산,4370,3621,7991
20211104,4호선,수유,33812,33599,67411
20211104,4호선,숙대입구,13363,12939,26302
20211104,4호선,신길온천,1741,1594,3335
20211104,4호선,신용산,16949,18059,35008
20211104,4호선,쌍문,29834,26955,56789
20211104,4호선,안산,11354,10314,21668
20211104,4호선,오이도,8532,8310,16842
20211104,4호선,이촌,7433,8127,15560
20211104,4호선,인덕원,24947,26130,51077
20211104,4호선,정부과천청사,11024,10643,21667
20211104,4호선,정왕,9422,9700,19122
20211104,4호선,중앙,17502,18406,35908
20211104,4호선,창동,25870,27068,52938
20211104,4호선,초지,5133,5566,10699
20211104,4호선,총신대입구,18952,20433,39385
20211104,4호선,충무로,27180,28320,55500
20211104,4호선,평촌,18663,18230,36893
20211104,4호선,한대앞,9836,9878,19714
20211104,4호선,한성대입구,13992,13645,27637
20211104,4호선,혜화,32647,33213,65860
20211104,4호선,회현,23623,25389,49012
20211105,4호선,경마공원,4282,4265,8547
20211105,4호선,고잔,9343,8989,18332
20211105,4호선,과천,6373,5685,12058
20211105,4호선,길음,21407,20020,41427
20211105,4호선,남태령,1438,1122,2560
20211105,4호선,노원,19447,22918,42365
20211105,4호선,당고개,13518,12165,25683
20211105,4호선,대공원,5496,5634,11130
20211105,4호선,대야미,5442,4709,10151
20211105,4호선,동대문,20204,21234,41438
20211105,4호선,동대문역사문화공원,14342,13399,27741
20211105,4호선,동작,1962,2126,4088
20211105,4호선,명동,18545,19829,38374
20211105,4호선,미아,15390,14656,30046
20211105,4호선,미아사거리,29077,27692,56769
20211105,4호선,반월,4665,4415,9080
20211105,4호선,범계,27158,27916,55074
20211105,4호선,사당,26960,23290,50250
20211105,4호선,산본,17042,18452,35494
20211105,4호선,삼각지,5353,6194,11547
20211105,4호선,상계,20099,18091,38190
20211105,4호선,상록수,17099,16902,34001
20211105,4호선,서울,11017,18464,29481
20211105,4호선,선바위,9426,8031,17457
20211105,4호선,성신여대입구,21407,20538,41945
20211105,4호선,수리산,4511,3498,8009
20211105,4호선,수유,35572,35412,70984
20211105,4호선,숙대입구,13866,13601,27467
20211105,4호선,신길온천,1820,1687,3507
20211105,4호선,신용산,17449,18831,36280
20211105,4호선,쌍문,30748,27186,57934
20211105,4호선,안산,12089,11001,23090
20211105,4호선,오이도,9058,9189,18247
20211105,4호선,이촌,7535,8381,15916
20211105,4호선,인덕원,26116,26445,52561
20211105,4호선,정부과천청사,11598,11034,22632
20211105,4호선,정왕,9961,9653,19614
20211105,4호선,중앙,18982,20781,39763
20211105,4호선,창동,26599,28104,54703
20211105,4호선,초지,5162,5301,10463
20211105,4호선,총신대입구,20161,21949,42110
20211105,4호선,충무로,28059,29552,57611
20211105,4호선,평촌,18653,18271,36924
20211105,4호선,한대앞,10567,10261,20828
20211105,4호선,한성대입구,14797,14408,29205
20211105,4호선,혜화,34046,34634,68680
20211105,4호선,회현,23992,25795,49787
20211108,4호선,경마공원,953,843,1796
20211108,4호선,고잔,8196,7651,15847
20211108,4호선,과천,5423,4987,10410
20211108,4호선,길음,19010,18837,37847
20211108,4호선,남태령,1178,1085,2263
20211108,4호선,노원,16667,18741,35408
20211108,4호선,당고개,12105,10690,22795
20211108,4호선,대공원,1165,1278,2443
20211108,4호선,대야미,4515,4100,8615
20211108,4호선,동대문,18334,18867,37201
20211108,4호선,동대문역사문화공원,13215,12347,25562
20211108,4호선,동작,1230,1390,2620
20211108,4호선,명동,16432,16784,33216
20211108,4호선,미아,14286,13946,28232
20211108,4호선,미아사거리,25403,24409,49812
20211108,4호선,반월,3923,3748,7671
20211108,4호선,범계,22987,22836,45823
20211108,4호선,사당,22781,19415,42196
20211108,4호선,산본,14662,15777,30439
20211108,4호선,삼각지,4719,5128,9847
20211108,4호선,상계,18259,16845,35104
20211108,4호선,상록수,15048,15259,30307
20211108,4호선,서울,10499,14854,25353
20211108,4호선,선바위,8188,6948,15136
20211108,4호선,성신여대입구,18246,17730,35976
20211108,4호선,수리산,4020,3284,7304
20211108,4호선,수유,31184,31299,62483
20211108,4호선,숙대입구,12464,12169,24633
20211108,4호선,신길온천,1480,1317,2797
20211108,4호선,신용산,16046,17259,33305
20211108,4호선,쌍문,27831,25509,53340
20211108,4호선,안산,10884,9959,20843
20211108,4호선,오이도,7589,7233,14822
20211108,4호선,이촌,6385,7019,13404
20211108,4호선,인덕원,22630,24232,46862
20211108,4호선,정부과천청사,10153,10020,20173
20211108,4호선,정왕,8665,9235,17900
20211108,4호선,중앙,16070,16518,32588
20211108,4호선,창동,23476,24712,48188
20211108,4호선,초지,4835,5203,10038
20211108,4호선,총신대입구,17231,18675,35906
20211108,4호선,충무로,25138,26162,51300
20211108,4호선,평촌,17641,17305,34946
20211108,4호선,한대앞,9097,9170,18267
20211108,4호선,한성대입구,12647,12558,25205
20211108,4호선,혜화,27826,28154,55980
20211108,4호선,회현,20954,22036,42990
20211109,4호선,경마공원,1436,1367,2803
20211109,4호선,고잔,8637,8119,16756
20211109,4호선,과천,5686,5311,10997
20211109,4호선,길음,20289,19962,40251
20211109,4호선,남태령,1239,1084,2323
20211109,4호선,노원,17921,20294,38215
20211109,4호선,당고개,12675,11450,24125
20211109,4호선,대공원,1901,1984,3885
20211109,4호선,대야미,4636,4209,8845
20211109,4호선,동대문,19319,19975,39294
20211109,4호선,동대문역사문화공원,14028,13066,27094
20211109,4호선,동작,1395,1694,3089
20211109,4호선,명동,17596,18126,35722
20211109,4호선,미아,15115,14530,29645
20211109,4호선,미아사거리,27334,26378,53712
20211109,4호선,반월,4119,3944,8063
20211109,4호선,범계,24710,24755,49465
20211109,4호선,사당,24341,20836,45177
20211109,4호선,산본,15327,16528,31855
20211109,4호선,삼각지,5034,5504,10538
20211109,4호선,상계,18895,17473,36368
20211109,4호선,상록수,15909,16107,32016
20211109,4호선,서울,11229,15529,26758
20211109,4호선,선바위,8527,7231,15758
20211109,4호선,성신여대입구,19974,19257,39231
20211109,4호선,수리산,4244,3327,7571
20211109,4호선,수유,33190,33263,66453
20211109,4호선,숙대입구,13132,12978,26110
20211109,4호선,신길온천,1547,1414,2961
20211109,4호선,신용산,16552,17538,34090
20211109,4호선,쌍문,29241,26793,56034
20211109,4호선,안산,10927,10024,20951
20211109,4호선,오이도,7833,7531,15364
20211109,4호선,이촌,6942,7626,14568
20211109,4호선,인덕원,23795,24906,48701
20211109,4호선,정부과천청사,10731,10554,21285
20211109,4호선,정왕,8902,9415,18317
20211109,4호선,중앙,16582,17314,33896
20211109,4호선,창동,24819,26149,50968
20211109,4호선,초지,5058,5266,10324
20211109,4호선,총신대입구,18207,19757,37964
20211109,4호선,충무로,26673,27863,54536
20211109,4호선,평촌,18518,18165,36683
20211109,4호선,한대앞,9413,9570,18983
20211109,4호선,한성대입구,13560,13401,26961
20211109,4호선,혜화,31233,31588,62821
20211109,4호선,회현,22801,24173,46974
20211110,4호선,경마공원,1786,1760,3546
20211110,4호선,고잔,9059,8593,17652
20211110,4호선,과천,5882,5403,11285
20211110,4호선,길음,21016,20262,41278
20211110,4호선,남태령,1343,1155,2498
20211110,4호선,노원,18546,21026,39572
20211110,4호선,당고개,12989,11690,24679
20211110,4호선,대공원,2545,2777,5322
20211110,4호선,대야미,5115,4554,9669
20211110,4호선,동대문,19758,20404,40162
20211110,4호선,동대문역사문화공원,14845,13834,28679
20211110,4호선,동작,1690,1847,3537
20211110,4호선,명동,18829,19592,38421
20211110,4호선,미아,15176,14766,29942
20211110,4호선,미아사거리,28306,27343,55649
20211110,4호선,반월,4405,4199,8604
20211110,4호선,범계,26361,26098,52459
20211110,4호선,사당,25667,21855,47522
20211110,4호선,산본,16231,17608,33839
20211110,4호선,삼각지,5276,5957,11233
20211110,4호선,상계,19562,17951,37513
20211110,4호선,상록수,16459,16604,33063
20211110,4호선,서울,11599,16383,27982
20211110,4호선,선바위,8868,7460,16328
20211110,4호선,성신여대입구,20289,19490,39779
20211110,4호선,수리산,4450,3522,7972
20211110,4호선,수유,34024,34085,68109
20211110,4호선,숙대입구,13928,13760,27688
20211110,4호선,신길온천,1744,1604,3348
20211110,4호선,신용산,17440,18408,35848
20211110,4호선,쌍문,29950,27216,57166
20211110,4호선,안산,11426,10275,21701
20211110,4호선,오이도,8291,7973,16264
20211110,4호선,이촌,7093,7979,15072
20211110,4호선,인덕원,24730,26063,50793
20211110,4호선,정부과천청사,11042,10717,21759
20211110,4호선,정왕,9812,10174,19986
20211110,4호선,중앙,17856,18616,36472
20211110,4호선,창동,26044,27367,53411
20211110,4호선,초지,5176,5575,10751
20211110,4호선,총신대입구,19104,20631,39735
20211110,4호선,충무로,27646,28522,56168
20211110,4호선,평촌,18638,18448,37086
20211110,4호선,한대앞,9597,9552,19149
20211110,4호선,한성대입구,14079,13925,28004
20211110,4호선,혜화,33347,33880,67227
20211110,4호선,회현,24276,25769,50045
20211111,4호선,경마공원,1617,1593,3210
20211111,4호선,고잔,9238,8867,18105
20211111,4호선,과천,5866,5316,11182
20211111,4호선,길음,20673,20117,40790
20211111,4호선,남태령,1315,1130,2445
20211111,4호선,노원,18809,21378,40187
20211111,4호선,당고개,13156,11604,24760
20211111,4호선,대공원,3466,3556,7022
20211111,4호선,대야미,5101,4493,9594
20211111,4호선,동대문,20190,20902,41092
20211111,4호선,동대문역사문화공원,15267,14180,29447
20211111,4호선,동작,1720,2019,3739
20211111,4호선,명동,18311,19494,37805
20211111,4호선,미아,14738,14442,29180
20211111,4호선,미아사거리,27753,26644,54397
20211111,4호선,반월,4337,4107,8444
20211111,4호선,범계,26172,26018,52190
20211111,4호선,사당,26047,22203,48250
20211111,4호선,산본,16130,17389,33519
20211111,4호선,삼각지,5320,6122,11442
20211111,4호선,상계,19439,17887,37326
20211111,4호선,상록수,16430,16410,32840
20211111,4호선,서울,11570,17073,28643
20211111,4호선,선바위,8946,7707,16653
20211111,4호선,성신여대입구,20734,20061,40795
20211111,4호선,수리산,4443,3488,7931
20211111,4호선,수유,34295,34003,68298
20211111,4호선,숙대입구,13310,13007,26317
20211111,4호선,신길온천,1725,1616,3341
20211111,4호선,신용산,17100,17977,35077
20211111,4호선,쌍문,29814,27047,56861
20211111,4호선,안산,11459,10441,21900
20211111,4호선,오이도,8286,8075,16361
20211111,4호선,이촌,7059,7809,14868
20211111,4호선,인덕원,24978,25982,50960
20211111,4호선,정부과천청사,10800,10765,21565
20211111,4호선,정왕,9904,10172,20076
20211111,4호선,중앙,18317,19171,37488
20211111,4호선,창동,25825,27361,53186
20211111,4호선,초지,5019,5367,10386
20211111,4호선,총신대입구,19070,20640,39710
20211111,4호선,충무로,27942,28996,56938
20211111,4호선,평촌,18355,18152,36507
20211111,4호선,한대앞,9841,9804,19645
20211111,4호선,한성대입구,13888,13960,27848
20211111,4호선,혜화,33294,33702,66996
20211111,4호선,회현,24005,25616,49621
20211112,4호선,경마공원,4375,4346,8721
20211112,4호선,고잔,9158,8719,17877
20211112,4호선,과천,6073,5424,11497
20211112,4호선,길음,20809,19413,40222
20211112,4호선,남태령,1419,1096,2515
20211112,4호선,노원,19352,22659,42011
20211112,4호선,당고개,13196,11853,25049
20211112,4호선,대공원,3327,3555,6882
20211112,4호선,대야미,5254,4490,9744
20211112,4호선,동대문,20384,21267,41651
20211112,4호선,동대문역사문화공원,15161,14402,29563
20211112,4호선,동작,1727,1931,3658
20211112,4호선,명동,18776,20097,38873
20211112,4호선,미아,14938,14384,29322
20211112,4호선,미아사거리,28584,27207,55791
20211112,4호선,반월,4465,4191,8656
20211112,4호선,범계,26971,27239,54210
20211112,4호선,사당,27134,23773,50907
20211112,4호선,산본,16516,17971,34487
20211112,4호선,삼각지,5560,6508,12068
20211112,4호선,상계,19676,17718,37394
20211112,4호선,상록수,16772,16774,33546
20211112,4호선,서울,11644,19591,31235
20211112,4호선,선바위,9116,7703,16819
20211112,4호선,성신여대입구,20899,20123,41022
20211112,4호선,수리산,4339,3343,7682
20211112,4호선,수유,34952,34695,69647
20211112,4호선,숙대입구,13913,13775,27688
20211112,4호선,신길온천,1808,1668,3476
20211112,4호선,신용산,17354,18667,36021
20211112,4호선,쌍문,30406,26902,57308
20211112,4호선,안산,11657,10716,22373
20211112,4호선,오이도,8944,8865,17809
20211112,4호선,이촌,7759,8411,16170
20211112,4호선,인덕원,25456,25950,51406
20211112,4호선,정부과천청사,11072,10686,21758
20211112,4호선,정왕,10459,10012,20471
20211112,4호선,중앙,18733,20335,39068
20211112,4호선,창동,26369,27922,54291
20211112,4호선,초지,4889,5206,10095
20211112,4호선,총신대입구,19525,21280,40805
20211112,4호선,충무로,27975,29314,57289
20211112,4호선,평촌,18531,18117,36648
20211112,4호선,한대앞,10282,9905,20187
20211112,4호선,한성대입구,14377,14040,28417
20211112,4호선,혜화,34377,35010,69387
20211112,4호선,회현,24340,25993,50333
20211115,4호선,경마공원,1050,933,1983
20211115,4호선,고잔,8943,8363,17306
20211115,4호선,과천,5670,5304,10974
20211115,4호선,길음,19757,19238,38995
20211115,4호선,남태령,1212,1052,2264
20211115,4호선,노원,18091,20550,38641
20211115,4호선,당고개,12859,11436,24295
20211115,4호선,대공원,2825,2936,5761
20211115,4호선,대야미,5012,4616,9628
20211115,4호선,동대문,20054,20669,40723
20211115,4호선,동대문역사문화공원,13985,13159,27144
20211115,4호선,동작,1890,1977,3867
20211115,4호선,명동,18296,18811,37107
20211115,4호선,미아,14489,14055,28544
20211115,4호선,미아사거리,26739,25598,52337
20211115,4호선,반월,4441,4177,8618
20211115,4호선,범계,25192,24667,49859
20211115,4호선,사당,24194,20591,44785
20211115,4호선,산본,15900,17068,32968
20211115,4호선,삼각지,4961,5357,10318
20211115,4호선,상계,18764,17180,35944
20211115,4호선,상록수,16064,16360,32424
20211115,4호선,서울,11124,16145,27269
20211115,4호선,선바위,8639,7497,16136
20211115,4호선,성신여대입구,19147,18584,37731
20211115,4호선,수리산,4343,3576,7919
20211115,4호선,수유,33178,33233,66411
20211115,4호선,숙대입구,12659,12388,25047
20211115,4호선,신길온천,1798,1600,3398
20211115,4호선,신용산,16538,17689,34227
20211115,4호선,쌍문,28950,26294,55244
20211115,4호선,안산,11856,10780,22636
20211115,4호선,오이도,8420,7974,16394
20211115,4호선,이촌,6906,7628,14534
20211115,4호선,인덕원,24108,25412,49520
20211115,4호선,정부과천청사,11144,10829,21973
20211115,4호선,정왕,9707,10375,20082
20211115,4호선,중앙,17701,18378,36079
20211115,4호선,창동,25039,26308,51347
20211115,4호선,초지,5255,5538,10793
20211115,4호선,총신대입구,18252,20048,38300
20211115,4호선,충무로,25911,27364,53275
20211115,4호선,평촌,18275,17993,36268
20211115,4호선,한대앞,9726,9845,19571
20211115,4호선,한성대입구,13052,12885,25937
20211115,4호선,혜화,28616,29211,57827
20211115,4호선,회현,23846,25227,49073
20211116,4호선,경마공원,1733,1631,3364
20211116,4호선,고잔,9208,8743,17951
20211116,4호선,과천,5985,5420,11405
20211116,4호선,길음,20748,20031,40779
20211116,4호선,남태령,1250,1093,2343
20211116,4호선,노원,18352,20986,39338
20211116,4호선,당고개,13165,11787,24952
20211116,4호선,대공원,3421,3656,7077
20211116,4호선,대야미,5211,4675,9886
20211116,4호선,동대문,20332,20867,41199
20211116,4호선,동대문역사문화공원,14659,13601,28260
20211116,4호선,동작,1835,2076,3911
20211116,4호선,명동,18440,19417,37857
20211116,4호선,미아,14757,14394,29151
20211116,4호선,미아사거리,27647,26410,54057
20211116,4호선,반월,4419,4213,8632
20211116,4호선,범계,25767,25613,51380
20211116,4호선,사당,25284,21498,46782
20211116,4호선,산본,16215,17585,33800
20211116,4호선,삼각지,5118,5774,10892
20211116,4호선,상계,19404,17814,37218
20211116,4호선,상록수,16446,16712,33158
20211116,4호선,서울,11260,16022,27282
20211116,4호선,선바위,8951,7713,16664
20211116,4호선,성신여대입구,20029,19397,39426
20211116,4호선,수리산,4462,3592,8054
20211116,4호선,수유,33687,33475,67162
20211116,4호선,숙대입구,13163,13116,26279
20211116,4호선,신길온천,1739,1588,3327
20211116,4호선,신용산,16757,17755,34512
20211116,4호선,쌍문,29480,26797,56277
20211116,4호선,안산,11647,10488,22135
20211116,4호선,오이도,8547,8231,16778
20211116,4호선,이촌,7181,7991,15172
20211116,4호선,인덕원,24795,26055,50850
20211116,4호선,정부과천청사,11439,11321,22760
20211116,4호선,정왕,10021,10283,20304
20211116,4호선,중앙,17999,18707,36706
20211116,4호선,창동,25829,27098,52927
20211116,4호선,초지,5091,5461,10552
20211116,4호선,총신대입구,19012,20331,39343
20211116,4호선,충무로,27285,28370,55655
20211116,4호선,평촌,18799,18385,37184
20211116,4호선,한대앞,9968,9914,19882
20211116,4호선,한성대입구,13688,13331,27019
20211116,4호선,혜화,31487,31917,63404
20211116,4호선,회현,24815,26210,51025
20211117,4호선,경마공원,1839,1821,3660
20211117,4호선,고잔,9124,8683,17807
20211117,4호선,과천,5847,5199,11046
20211117,4호선,길음,20154,18885,39039
20211117,4호선,남태령,1213,1662,2875
20211117,4호선,노원,17200,19387,36587
20211117,4호선,당고개,12072,10376,22448
20211117,4호선,대공원,3182,3324,6506
20211117,4호선,대야미,5268,4481,9749
20211117,4호선,동대문,19631,21671,41302
20211117,4호선,동대문역사문화공원,15970,16663,32633
20211117,4호선,동작,1936,2555,4491
20211117,4호선,명동,17022,18989,36011
20211117,4호선,미아,13995,13939,27934
20211117,4호선,미아사거리,25974,24504,50478
20211117,4호선,반월,4504,4124,8628
20211117,4호선,범계,26126,24990,51116
20211117,4호선,사당,26087,22672,48759
20211117,4호선,산본,16235,15292,31527
20211117,4호선,삼각지,5438,6525,11963
20211117,4호선,상계,18202,15966,34168
20211117,4호선,상록수,16392,16106,32498
20211117,4호선,서울,11502,16590,28092
20211117,4호선,선바위,8835,7950,16785
20211117,4호선,성신여대입구,19007,18346,37353
20211117,4호선,수리산,4359,3377,7736
20211117,4호선,수유,31612,30652,62264
20211117,4호선,숙대입구,13291,13273,26564
20211117,4호선,신길온천,1779,1637,3416
20211117,4호선,신용산,16406,18327,34733
20211117,4호선,쌍문,28424,24373,52797
20211117,4호선,안산,11533,10448,21981
20211117,4호선,오이도,8590,8255,16845
20211117,4호선,이촌,7674,9001,16675
20211117,4호선,인덕원,24956,24978,49934
20211117,4호선,정부과천청사,11083,10867,21950
20211117,4호선,정왕,9850,10161,20011
20211117,4호선,중앙,18226,18667,36893
20211117,4호선,창동,26437,28463,54900
20211117,4호선,초지,5204,5423,10627
20211117,4호선,총신대입구,18987,20949,39936
20211117,4호선,충무로,27921,29695,57616
20211117,4호선,평촌,17817,17833,35650
20211117,4호선,한대앞,9781,9870,19651
20211117,4호선,한성대입구,13170,15325,28495
20211117,4호선,혜화,31362,34632,65994
20211117,4호선,회현,19230,25437,44667
20211118,4호선,경마공원,1844,1788,3632
20211118,4호선,고잔,9018,8609,17627
20211118,4호선,과천,5961,5424,11385
20211118,4호선,길음,20399,19603,40002
20211118,4호선,남태령,1336,1133,2469
20211118,4호선,노원,18611,21154,39765
20211118,4호선,당고개,12778,11649,24427
20211118,4호선,대공원,3176,3300,6476
20211118,4호선,대야미,5090,4583,9673
20211118,4호선,동대문,19938,20450,40388
20211118,4호선,동대문역사문화공원,15143,14431,29574
20211118,4호선,동작,1632,1869,3501
20211118,4호선,명동,17661,18725,36386
20211118,4호선,미아,14816,14366,29182
20211118,4호선,미아사거리,27110,26093,53203
20211118,4호선,반월,4268,4099,8367
20211118,4호선,범계,26197,25908,52105
20211118,4호선,사당,25177,21591,46768
20211118,4호선,산본,15962,16256,32218
20211118,4호선,삼각지,5063,5794,10857
20211118,4호선,상계,18858,17212,36070
20211118,4호선,상록수,16341,16448,32789
20211118,4호선,서울,11202,16814,28016
20211118,4호선,선바위,8427,7529,15956
20211118,4호선,성신여대입구,20491,19686,40177
20211118,4호선,수리산,4316,3393,7709
20211118,4호선,수유,33498,33149,66647
20211118,4호선,숙대입구,13176,13153,26329
20211118,4호선,신길온천,1768,1649,3417
20211118,4호선,신용산,16838,17728,34566
20211118,4호선,쌍문,29757,26617,56374
20211118,4호선,안산,11602,10477,22079
20211118,4호선,오이도,8501,8332,16833
20211118,4호선,이촌,7397,8160,15557
20211118,4호선,인덕원,24943,25544,50487
20211118,4호선,정부과천청사,10853,10802,21655
20211118,4호선,정왕,9882,10051,19933
20211118,4호선,중앙,18406,19181,37587
20211118,4호선,창동,25377,26777,52154
20211118,4호선,초지,5044,5346,10390
20211118,4호선,총신대입구,19064,20535,39599
20211118,4호선,충무로,26640,27853,54493
20211118,4호선,평촌,18692,18448,37140
20211118,4호선,한대앞,9851,9832,19683
20211118,4호선,한성대입구,14048,13473,27521
20211118,4호선,혜화,32854,33394,66248
20211118,4호선,회현,23544,25164,48708
20211119,4호선,경마공원,4709,4640,9349
20211119,4호선,고잔,9248,8914,18162
20211119,4호선,과천,6191,5495,11686
20211119,4호선,길음,21169,19683,40852
20211119,4호선,남태령,1334,1066,2400
20211119,4호선,노원,19488,22841,42329
20211119,4호선,당고개,13289,11863,25152
20211119,4호선,대공원,3628,3803,7431
20211119,4호선,대야미,5376,4563,9939
20211119,4호선,동대문,20019,20949,40968
20211119,4호선,동대문역사문화공원,15618,14767,30385
20211119,4호선,동작,1849,2047,3896
20211119,4호선,명동,18873,20433,39306
20211119,4호선,미아,15336,14355,29691
20211119,4호선,미아사거리,28508,27158,55666
20211119,4호선,반월,4398,4058,8456
20211119,4호선,범계,27082,27497,54579
20211119,4호선,사당,27087,23641,50728
20211119,4호선,산본,16695,18030,34725
20211119,4호선,삼각지,5431,6456,11887
20211119,4호선,상계,19613,17669,37282
20211119,4호선,상록수,16717,16578,33295
20211119,4호선,서울,11543,19936,31479
20211119,4호선,선바위,9282,7879,17161
20211119,4호선,성신여대입구,21515,20588,42103
20211119,4호선,수리산,4395,3438,7833
20211119,4호선,수유,35355,35329,70684
20211119,4호선,숙대입구,13354,13408,26762
20211119,4호선,신길온천,1807,1699,3506
20211119,4호선,신용산,17743,18946,36689
20211119,4호선,쌍문,30451,26901,57352
20211119,4호선,안산,11969,10871,22840
20211119,4호선,오이도,8931,8867,17798
20211119,4호선,이촌,7463,8370,15833
20211119,4호선,인덕원,25830,26634,52464
20211119,4호선,정부과천청사,10820,10291,21111
20211119,4호선,정왕,10627,10022,20649
20211119,4호선,중앙,19169,20607,39776
20211119,4호선,창동,26552,27791,54343
20211119,4호선,초지,5036,5109,10145
20211119,4호선,총신대입구,19674,21507,41181
20211119,4호선,충무로,27404,28794,56198
20211119,4호선,평촌,18541,18049,36590
20211119,4호선,한대앞,10473,10291,20764
20211119,4호선,한성대입구,14244,13726,27970
20211119,4호선,혜화,34787,35691,70478
20211119,4호선,회현,23913,25973,49886
20211122,4호선,경마공원,993,913,1906
20211122,4호선,고잔,8796,8363,17159
20211122,4호선,과천,5637,5235,10872
20211122,4호선,길음,20059,19650,39709
20211122,4호선,남태령,1159,1062,2221
20211122,4호선,노원,17845,20079,37924
20211122,4호선,당고개,12868,11434,24302
20211122,4호선,대공원,1941,2079,4020
20211122,4호선,대야미,4861,4460,9321
20211122,4호선,동대문,19734,20392,40126
20211122,4호선,동대문역사문화공원,14000,12955,26955
20211122,4호선,동작,1461,1678,3139
20211122,4호선,명동,18246,18425,36671
20211122,4호선,미아,14832,14472,29304
20211122,4호선,미아사거리,27224,26219,53443
20211122,4호선,반월,4306,4149,8455
20211122,4호선,범계,25231,25035,50266
20211122,4호선,사당,24075,20494,44569
20211122,4호선,산본,15621,16746,32367
20211122,4호선,삼각지,4907,5254,10161
20211122,4호선,상계,19057,17468,36525
20211122,4호선,상록수,15961,16031,31992
20211122,4호선,서울,11084,15940,27024
20211122,4호선,선바위,8369,7179,15548
20211122,4호선,성신여대입구,19523,18983,38506
20211122,4호선,수리산,4275,3496,7771
20211122,4호선,수유,33169,33296,66465
20211122,4호선,숙대입구,12947,12738,25685
20211122,4호선,신길온천,1700,1535,3235
20211122,4호선,신용산,16841,17664,34505
20211122,4호선,쌍문,29093,26699,55792
20211122,4호선,안산,11586,10449,22035
20211122,4호선,오이도,8389,7724,16113
20211122,4호선,이촌,6969,7628,14597
20211122,4호선,인덕원,23915,25259,49174
20211122,4호선,정부과천청사,10541,10335,20876
20211122,4호선,정왕,9570,10352,19922
20211122,4호선,중앙,17356,18061,35417
20211122,4호선,창동,24731,26148,50879
20211122,4호선,초지,5052,5418,10470
20211122,4호선,총신대입구,18330,19959,38289
20211122,4호선,충무로,25791,27078,52869
20211122,4호선,평촌,18257,17987,36244
20211122,4호선,한대앞,9675,9862,19537
20211122,4호선,한성대입구,13220,13015,26235
20211122,4호선,혜화,29432,29602,59034
20211122,4호선,회현,21274,22715,43989
20211123,4호선,경마공원,1398,1324,2722
20211123,4호선,고잔,8892,8631,17523
20211123,4호선,과천,5908,5532,11440
20211123,4호선,길음,20635,20159,40794
20211123,4호선,남태령,1341,1135,2476
20211123,4호선,노원,18252,20710,38962
20211123,4호선,당고개,12850,11641,24491
20211123,4호선,대공원,2116,2232,4348
20211123,4호선,대야미,4944,4562,9506
20211123,4호선,동대문,19811,20299,40110
20211123,4호선,동대문역사문화공원,14259,13349,27608
20211123,4호선,동작,1531,1763,3294
20211123,4호선,명동,18633,19518,38151
20211123,4호선,미아,15122,14541,29663
20211123,4호선,미아사거리,27567,26577,54144
20211123,4호선,반월,4335,4144,8479
20211123,4호선,범계,25801,25786,51587
20211123,4호선,사당,25075,21377,46452
20211123,4호선,산본,15999,17128,33127
20211123,4호선,삼각지,5008,5503,10511
20211123,4호선,상계,19231,17766,36997
20211123,4호선,상록수,16301,16646,32947
20211123,4호선,서울,11257,16287,27544
20211123,4호선,선바위,8746,7476,16222
20211123,4호선,성신여대입구,20447,19754,40201
20211123,4호선,수리산,4403,3536,7939
20211123,4호선,수유,33288,33328,66616
20211123,4호선,숙대입구,13271,13066,26337
20211123,4호선,신길온천,1719,1517,3236
20211123,4호선,신용산,16761,17719,34480
20211123,4호선,쌍문,29583,26958,56541
20211123,4호선,안산,11284,10180,21464
20211123,4호선,오이도,8391,8071,16462
20211123,4호선,이촌,7148,7866,15014
20211123,4호선,인덕원,24460,25469,49929
20211123,4호선,정부과천청사,11160,10931,22091
20211123,4호선,정왕,9608,10080,19688
20211123,4호선,중앙,17545,18381,35926
20211123,4호선,창동,24969,26588,51557
20211123,4호선,초지,5037,5229,10266
20211123,4호선,총신대입구,18986,20267,39253
20211123,4호선,충무로,26635,27726,54361
20211123,4호선,평촌,18877,18535,37412
20211123,4호선,한대앞,9676,9845,19521
20211123,4호선,한성대입구,13439,13159,26598
20211123,4호선,혜화,31666,31912,63578
20211123,4호선,회현,24045,25651,49696
20211124,4호선,경마공원,1706,1701,3407
20211124,4호선,고잔,9137,8636,17773
20211124,4호선,과천,5955,5432,11387
20211124,4호선,길음,20918,20266,41184
20211124,4호선,남태령,1286,1124,2410
20211124,4호선,노원,18476,20861,39337
20211124,4호선,당고개,13031,11582,24613
20211124,4호선,대공원,2187,2368,4555
20211124,4호선,대야미,5128,4619,9747
20211124,4호선,동대문,19536,20383,39919
20211124,4호선,동대문역사문화공원,14621,13571,28192
20211124,4호선,동작,1567,1782,3349
20211124,4호선,명동,18789,19732,38521
20211124,4호선,미아,15261,14767,30028
20211124,4호선,미아사거리,27698,26655,54353
20211124,4호선,반월,4302,4123,8425
20211124,4호선,범계,26166,26047,52213
20211124,4호선,사당,25136,21386,46522
20211124,4호선,산본,16055,17447,33502
20211124,4호선,삼각지,5185,5670,10855
20211124,4호선,상계,19040,17666,36706
20211124,4호선,상록수,16063,16389,32452
20211124,4호선,서울,11555,16451,28006
20211124,4호선,선바위,8774,7652,16426
20211124,4호선,성신여대입구,20298,19434,39732
20211124,4호선,수리산,4367,3540,7907
20211124,4호선,수유,33607,33663,67270
20211124,4호선,숙대입구,13303,13115,26418
20211124,4호선,신길온천,1679,1583,3262
20211124,4호선,신용산,16968,17983,34951
20211124,4호선,쌍문,30112,27200,57312
20211124,4호선,안산,11323,10301,21624
20211124,4호선,오이도,8482,8107,16589
20211124,4호선,이촌,7318,7995,15313
20211124,4호선,인덕원,24834,25786,50620
20211124,4호선,정부과천청사,10914,10680,21594
20211124,4호선,정왕,9656,10057,19713
20211124,4호선,중앙,17632,18432,36064
20211124,4호선,창동,25839,27190,53029
20211124,4호선,초지,5012,5363,10375
20211124,4호선,총신대입구,19060,20504,39564
20211124,4호선,충무로,26754,27759,54513
20211124,4호선,평촌,18667,18374,37041
20211124,4호선,한대앞,9604,9511,19115
20211124,4호선,한성대입구,13819,13582,27401
20211124,4호선,혜화,32820,33377,66197
20211124,4호선,회현,23899,25571,49470
20211125,4호선,경마공원,1720,1613,3333
20211125,4호선,고잔,9242,8671,17913
20211125,4호선,과천,6015,5483,11498
20211125,4호선,길음,20788,19988,40776
20211125,4호선,남태령,1284,1059,2343
20211125,4호선,노원,18680,21119,39799
20211125,4호선,당고개,13089,11869,24958
20211125,4호선,대공원,2447,2612,5059
20211125,4호선,대야미,5188,4633,9821
20211125,4호선,동대문,20007,20801,40808
20211125,4호선,동대문역사문화공원,14858,13749,28607
20211125,4호선,동작,1695,1877,3572
20211125,4호선,명동,18640,19742,38382
20211125,4호선,미아,15448,14993,30441
20211125,4호선,미아사거리,27891,26961,54852
20211125,4호선,반월,4429,4199,8628
20211125,4호선,범계,26253,26044,52297
20211125,4호선,사당,25582,21961,47543
20211125,4호선,산본,16397,17223,33620
20211125,4호선,삼각지,5276,5997,11273
20211125,4호선,상계,19394,17801,37195
20211125,4호선,상록수,16259,16595,32854
20211125,4호선,서울,11479,16957,28436
20211125,4호선,선바위,8942,7625,16567
20211125,4호선,성신여대입구,20813,19889,40702
20211125,4호선,수리산,4465,3661,8126
20211125,4호선,수유,34225,33738,67963
20211125,4호선,숙대입구,13330,12977,26307
20211125,4호선,신길온천,1748,1605,3353
20211125,4호선,신용산,17302,18115,35417
20211125,4호선,쌍문,30050,27408,57458
20211125,4호선,안산,11462,10403,21865
20211125,4호선,오이도,8475,8189,16664
20211125,4호선,이촌,7305,8120,15425
20211125,4호선,인덕원,25107,25933,51040
20211125,4호선,정부과천청사,11085,10951,22036
20211125,4호선,정왕,9967,10292,20259
20211125,4호선,중앙,18123,18912,37035
20211125,4호선,창동,25761,27341,53102
20211125,4호선,초지,5122,5527,10649
20211125,4호선,총신대입구,18955,20658,39613
20211125,4호선,충무로,27442,28414,55856
20211125,4호선,평촌,18890,18616,37506
20211125,4호선,한대앞,9761,9863,19624
20211125,4호선,한성대입구,13859,13622,27481
20211125,4호선,혜화,32511,33047,65558
20211125,4호선,회현,23698,25567,49265
20211126,4호선,경마공원,4686,4735,9421
20211126,4호선,고잔,9343,8942,18285
20211126,4호선,과천,6238,5530,11768
20211126,4호선,길음,21143,19982,41125
20211126,4호선,남태령,1411,1067,2478
20211126,4호선,노원,19464,22850,42314
20211126,4호선,당고개,13301,11735,25036
20211126,4호선,대공원,2592,2709,5301
20211126,4호선,대야미,5306,4645,9951
20211126,4호선,동대문,20226,21287,41513
20211126,4호선,동대문역사문화공원,15720,14549,30269
20211126,4호선,동작,1657,1834,3491
20211126,4호선,명동,18850,20475,39325
20211126,4호선,미아,15501,14759,30260
20211126,4호선,미아사거리,29058,27930,56988
20211126,4호선,반월,4593,4382,8975
20211126,4호선,범계,27316,27416,54732
20211126,4호선,사당,27226,24087,51313
20211126,4호선,산본,16479,17822,34301
20211126,4호선,삼각지,5559,6487,12046
20211126,4호선,상계,19602,17852,37454
20211126,4호선,상록수,16646,16600,33246
20211126,4호선,서울,11571,20503,32074
20211126,4호선,선바위,8990,7640,16630
20211126,4호선,성신여대입구,21274,20439,41713
20211126,4호선,수리산,4528,3565,8093
20211126,4호선,수유,35265,35167,70432
20211126,4호선,숙대입구,13915,13814,27729
20211126,4호선,신길온천,1778,1638,3416
20211126,4호선,신용산,17762,18913,36675
20211126,4호선,쌍문,30596,27083,57679
20211126,4호선,안산,11829,10733,22562
20211126,4호선,오이도,8943,8785,17728
20211126,4호선,이촌,7744,8455,16199
20211126,4호선,인덕원,25820,26400,52220
20211126,4호선,정부과천청사,11039,10753,21792
20211126,4호선,정왕,10643,10037,20680
20211126,4호선,중앙,18786,20343,39129
20211126,4호선,창동,26558,28072,54630
20211126,4호선,초지,4906,5069,9975
20211126,4호선,총신대입구,19599,21584,41183
20211126,4호선,충무로,26941,28510,55451
20211126,4호선,평촌,18831,18466,37297
20211126,4호선,한대앞,10597,10337,20934
20211126,4호선,한성대입구,14442,13992,28434
20211126,4호선,혜화,33608,34103,67711
20211126,4호선,회현,24553,26439,50992
20211129,4호선,경마공원,997,898,1895
20211129,4호선,고잔,8959,8349,17308
20211129,4호선,과천,5833,5372,11205
20211129,4호선,길음,20142,19682,39824
20211129,4호선,남태령,1217,1083,2300
20211129,4호선,노원,17988,20358,38346
20211129,4호선,당고개,12915,11430,24345
20211129,4호선,대공원,2328,2460,4788
20211129,4호선,대야미,5142,4622,9764
20211129,4호선,동대문,20107,20899,41006
20211129,4호선,동대문역사문화공원,14567,13533,28100
20211129,4호선,동작,1611,1794,3405
20211129,4호선,명동,18144,18889,37033
20211129,4호선,미아,15151,14796,29947
20211129,4호선,미아사거리,27506,26685,54191
20211129,4호선,반월,4399,4312,8711
20211129,4호선,범계,25441,25161,50602
20211129,4호선,사당,23847,20362,44209
20211129,4호선,산본,15932,17228,33160
20211129,4호선,삼각지,4723,5124,9847
20211129,4호선,상계,19084,17475,36559
20211129,4호선,상록수,16271,16285,32556
20211129,4호선,서울,11063,15830,26893
20211129,4호선,선바위,8371,7290,15661
20211129,4호선,성신여대입구,19475,18656,38131
20211129,4호선,수리산,4387,3628,8015
20211129,4호선,수유,33407,33642,67049
20211129,4호선,숙대입구,12894,12596,25490
20211129,4호선,신길온천,1702,1503,3205
20211129,4호선,신용산,16372,17316,33688
20211129,4호선,쌍문,29372,27064,56436
20211129,4호선,안산,11639,10606,22245
20211129,4호선,오이도,8385,7956,16341
20211129,4호선,이촌,7144,7821,14965
20211129,4호선,인덕원,24054,25137,49191
20211129,4호선,정부과천청사,10743,10490,21233
20211129,4호선,정왕,9575,10178,19753
20211129,4호선,중앙,17733,18093,35826
20211129,4호선,창동,25060,26354,51414
20211129,4호선,초지,5116,5429,10545
20211129,4호선,총신대입구,18447,19992,38439
20211129,4호선,충무로,25634,27040,52674
20211129,4호선,평촌,18270,18011,36281
20211129,4호선,한대앞,9556,9828,19384
20211129,4호선,한성대입구,13236,12946,26182
20211129,4호선,혜화,28163,28670,56833
20211129,4호선,회현,23745,25377,49122
20211130,4호선,경마공원,1136,1146,2282
20211130,4호선,고잔,8303,7933,16236
20211130,4호선,과천,5686,5296,10982
20211130,4호선,길음,19631,19487,39118
20211130,4호선,남태령,1221,1047,2268
20211130,4호선,노원,17057,19534,36591
20211130,4호선,당고개,12043,10828,22871
20211130,4호선,대공원,1350,1412,2762
20211130,4호선,대야미,4639,4105,8744
20211130,4호선,동대문,18380,19064,37444
20211130,4호선,동대문역사문화공원,13906,13043,26949
20211130,4호선,동작,1195,1358,2553
20211130,4호선,명동,17201,17748,34949
20211130,4호선,미아,14458,14051,28509
20211130,4호선,미아사거리,26072,25231,51303
20211130,4호선,반월,3958,3779,7737
20211130,4호선,범계,24397,24263,48660
20211130,4호선,사당,23490,20019,43509
20211130,4호선,산본,14635,15897,30532
20211130,4호선,삼각지,4681,5180,9861
20211130,4호선,상계,18411,16897,35308
20211130,4호선,상록수,15528,15554,31082
20211130,4호선,서울,10974,15083,26057
20211130,4호선,선바위,8350,7054,15404
20211130,4호선,성신여대입구,19363,18700,38063
20211130,4호선,수리산,4063,3320,7383
20211130,4호선,수유,31793,31825,63618
20211130,4호선,숙대입구,12896,12577,25473
20211130,4호선,신길온천,1523,1381,2904
20211130,4호선,신용산,16548,17468,34016
20211130,4호선,쌍문,28247,25765,54012
20211130,4호선,안산,10844,9675,20519
20211130,4호선,오이도,7587,7264,14851
20211130,4호선,이촌,6907,7630,14537
20211130,4호선,인덕원,23125,24282,47407
20211130,4호선,정부과천청사,10403,10324,20727
20211130,4호선,정왕,8831,9234,18065
20211130,4호선,중앙,16316,16976,33292
20211130,4호선,창동,23490,25116,48606
20211130,4호선,초지,4837,5049,9886
20211130,4호선,총신대입구,17615,19062,36677
20211130,4호선,충무로,25490,26401,51891
20211130,4호선,평촌,17969,17632,35601
20211130,4호선,한대앞,9053,9068,18121
20211130,4호선,한성대입구,12977,12699,25676
20211130,4호선,혜화,29731,30260,59991
20211130,4호선,회현,21797,23125,44922
20211201,4호선,경마공원,1565,1524,3089
20211201,4호선,고잔,8712,8266,16978
20211201,4호선,과천,6038,5591,11629
20211201,4호선,길음,20475,19875,40350
20211201,4호선,남태령,1240,1127,2367
20211201,4호선,노원,18042,20629,38671
20211201,4호선,당고개,12912,11344,24256
20211201,4호선,대공원,2028,2090,4118
20211201,4호선,대야미,4924,4454,9378
20211201,4호선,동대문,19433,20262,39695
20211201,4호선,동대문역사문화공원,15010,14053,29063
20211201,4호선,동작,1365,1558,2923
20211201,4호선,명동,18693,19325,38018
20211201,4호선,미아,15374,14935,30309
20211201,4호선,미아사거리,27515,26471,53986
20211201,4호선,반월,4310,4120,8430
20211201,4호선,범계,25829,25857,51686
20211201,4호선,사당,24764,20887,45651
20211201,4호선,산본,15729,16829,32558
20211201,4호선,삼각지,4924,5475,10399
20211201,4호선,상계,19142,17570,36712
20211201,4호선,상록수,15894,15969,31863
20211201,4호선,서울,11163,16007,27170
20211201,4호선,선바위,8426,7387,15813
20211201,4호선,성신여대입구,20122,19322,39444
20211201,4호선,수리산,4316,3522,7838
20211201,4호선,수유,33453,33658,67111
20211201,4호선,숙대입구,12961,12799,25760
20211201,4호선,신길온천,1660,1490,3150
20211201,4호선,신용산,17120,17962,35082
20211201,4호선,쌍문,29754,27195,56949
20211201,4호선,안산,11143,10207,21350
20211201,4호선,오이도,8005,7769,15774
20211201,4호선,이촌,7141,7910,15051
20211201,4호선,인덕원,24301,25346,49647
20211201,4호선,정부과천청사,10938,10831,21769
20211201,4호선,정왕,9126,9563,18689
20211201,4호선,중앙,17182,18169,35351
20211201,4호선,창동,25004,26276,51280
20211201,4호선,초지,4913,5260,10173
20211201,4호선,총신대입구,18732,20313,39045
20211201,4호선,충무로,26116,27201,53317
20211201,4호선,평촌,18523,18149,36672
20211201,4호선,한대앞,9131,9267,18398
20211201,4호선,한성대입구,13675,13314,26989
20211201,4호선,혜화,31535,31892,63427
20211201,4호선,회현,23287,24568,47855
20211202,4호선,경마공원,1615,1598,3213
20211202,4호선,고잔,8790,8241,17031
20211202,4호선,과천,5828,5340,11168
20211202,4호선,길음,20366,19632,39998
20211202,4호선,남태령,1273,1073,2346
20211202,4호선,노원,18215,20481,38696
20211202,4호선,당고개,12576,11330,23906
20211202,4호선,대공원,1998,2100,4098
20211202,4호선,대야미,4880,4440,9320
20211202,4호선,동대문,19364,20146,39510
20211202,4호선,동대문역사문화공원,14676,13824,28500
20211202,4호선,동작,1401,1635,3036
20211202,4호선,명동,18042,18929,36971
20211202,4호선,미아,14938,14475,29413
20211202,4호선,미아사거리,27059,26155,53214
20211202,4호선,반월,4279,4069,8348
20211202,4호선,범계,25374,25161,50535
20211202,4호선,사당,24598,20975,45573
20211202,4호선,산본,15733,16771,32504
20211202,4호선,삼각지,4996,5562,10558
20211202,4호선,상계,18829,17393,36222
20211202,4호선,상록수,15848,15979,31827
20211202,4호선,서울,11158,16009,27167
20211202,4호선,선바위,8400,7296,15696
20211202,4호선,성신여대입구,20009,19291,39300
20211202,4호선,수리산,4335,3532,7867
20211202,4호선,수유,33262,32933,66195
20211202,4호선,숙대입구,13142,12636,25778
20211202,4호선,신길온천,1659,1521,3180
20211202,4호선,신용산,16736,18049,34785
20211202,4호선,쌍문,29147,26549,55696
20211202,4호선,안산,11182,10171,21353
20211202,4호선,오이도,8128,7872,16000
20211202,4호선,이촌,7230,7777,15007
20211202,4호선,인덕원,24213,25114,49327
20211202,4호선,정부과천청사,10660,10597,21257
20211202,4호선,정왕,9274,9354,18628
20211202,4호선,중앙,17290,18092,35382
20211202,4호선,창동,24648,26230,50878
20211202,4호선,초지,4888,5303,10191
20211202,4호선,총신대입구,18583,20097,38680
20211202,4호선,충무로,26265,27360,53625
20211202,4호선,평촌,18424,18187,36611
20211202,4호선,한대앞,9353,9446,18799
20211202,4호선,한성대입구,13567,13244,26811
20211202,4호선,혜화,31494,31915,63409
20211202,4호선,회현,23377,25029,48406
20211203,4호선,경마공원,4714,4713,9427
20211203,4호선,고잔,8882,8521,17403
20211203,4호선,과천,6038,5447,11485
20211203,4호선,길음,20692,19482,40174
20211203,4호선,남태령,1397,1105,2502
20211203,4호선,노원,19237,21988,41225
20211203,4호선,당고개,12976,11457,24433
20211203,4호선,대공원,2180,2289,4469
20211203,4호선,대야미,5102,4310,9412
20211203,4호선,동대문,19681,20641,40322
20211203,4호선,동대문역사문화공원,15513,14484,29997
20211203,4호선,동작,1422,1614,3036
20211203,4호선,명동,19106,20433,39539
20211203,4호선,미아,15226,14352,29578
20211203,4호선,미아사거리,28105,27308,55413
20211203,4호선,반월,4365,4163,8528
20211203,4호선,범계,26725,26829,53554
20211203,4호선,사당,26298,23050,49348
20211203,4호선,산본,16087,16715,32802
20211203,4호선,삼각지,5232,5982,11214
20211203,4호선,상계,19244,17444,36688
20211203,4호선,상록수,16478,16264,32742
20211203,4호선,서울,11180,18781,29961
20211203,4호선,선바위,8865,7623,16488
20211203,4호선,성신여대입구,20853,19976,40829
20211203,4호선,수리산,4384,3412,7796
20211203,4호선,수유,34954,34920,69874
20211203,4호선,숙대입구,13463,13466,26929
20211203,4호선,신길온천,1693,1565,3258
20211203,4호선,신용산,17587,18778,36365
20211203,4호선,쌍문,29967,26697,56664
20211203,4호선,안산,11814,10576,22390
20211203,4호선,오이도,8549,8489,17038
20211203,4호선,이촌,7375,7944,15319
20211203,4호선,인덕원,25242,25667,50909
20211203,4호선,정부과천청사,10865,10576,21441
20211203,4호선,정왕,9560,9373,18933
20211203,4호선,중앙,18151,19666,37817
20211203,4호선,창동,25726,27376,53102
20211203,4호선,초지,4804,5070,9874
20211203,4호선,총신대입구,19460,21496,40956
20211203,4호선,충무로,26204,27683,53887
20211203,4호선,평촌,18345,18141,36486
20211203,4호선,한대앞,9915,9669,19584
20211203,4호선,한성대입구,14113,13682,27795
20211203,4호선,혜화,32287,32709,64996
20211203,4호선,회현,23970,25836,49806
20211206,4호선,경마공원,897,838,1735
20211206,4호선,고잔,8639,8100,16739
20211206,4호선,과천,5722,5192,10914
20211206,4호선,길음,19710,19290,39000
20211206,4호선,남태령,1211,1077,2288
20211206,4호선,노원,17875,20000,37875
20211206,4호선,당고개,12589,11168,23757
20211206,4호선,대공원,1964,2047,4011
20211206,4호선,대야미,4852,4514,9366
20211206,4호선,동대문,19321,19951,39272
20211206,4호선,동대문역사문화공원,13912,12857,26769
20211206,4호선,동작,1504,1641,3145
20211206,4호선,명동,18105,18631,36736
20211206,4호선,미아,14793,14443,29236
20211206,4호선,미아사거리,26870,25882,52752
20211206,4호선,반월,4361,4153,8514
20211206,4호선,범계,24545,24385,48930
20211206,4호선,사당,22971,19814,42785
20211206,4호선,산본,15560,16663,32223
20211206,4호선,삼각지,4519,4942,9461
20211206,4호선,상계,18595,17077,35672
20211206,4호선,상록수,16045,16156,32201
20211206,4호선,서울,10677,14723,25400
20211206,4호선,선바위,8274,7069,15343
20211206,4호선,성신여대입구,18829,18270,37099
20211206,4호선,수리산,4367,3528,7895
20211206,4호선,수유,32759,32869,65628
20211206,4호선,숙대입구,12406,12112,24518
20211206,4호선,신길온천,1741,1581,3322
20211206,4호선,신용산,15500,16587,32087
20211206,4호선,쌍문,28960,26547,55507
20211206,4호선,안산,11576,10446,22022
20211206,4호선,오이도,8193,7743,15936
20211206,4호선,이촌,6684,7437,14121
20211206,4호선,인덕원,23358,24406,47764
20211206,4호선,정부과천청사,10423,10377,20800
20211206,4호선,정왕,9114,9655,18769
20211206,4호선,중앙,17049,17672,34721
20211206,4호선,창동,24418,25647,50065
20211206,4호선,초지,4871,5165,10036
20211206,4호선,총신대입구,17998,19548,37546
20211206,4호선,충무로,24630,26095,50725
20211206,4호선,평촌,17973,17734,35707
20211206,4호선,한대앞,9481,9544,19025
20211206,4호선,한성대입구,13015,12864,25879
20211206,4호선,혜화,28276,28638,56914
20211206,4호선,회현,22655,24516,47171
20211207,4호선,경마공원,1342,1372,2714
20211207,4호선,고잔,9023,8424,17447
20211207,4호선,과천,5804,5309,11113
20211207,4호선,길음,19993,19364,39357
20211207,4호선,남태령,1335,1163,2498
20211207,4호선,노원,18251,20687,38938
20211207,4호선,당고개,12782,11407,24189
20211207,4호선,대공원,2332,2389,4721
20211207,4호선,대야미,4964,4453,9417
20211207,4호선,동대문,19321,19885,39206
20211207,4호선,동대문역사문화공원,14027,12885,26912
20211207,4호선,동작,1466,1725,3191
20211207,4호선,명동,18151,19079,37230
20211207,4호선,미아,14948,14403,29351
20211207,4호선,미아사거리,27133,26181,53314
20211207,4호선,반월,4246,4130,8376
20211207,4호선,범계,25300,24861,50161
20211207,4호선,사당,23885,20046,43931
20211207,4호선,산본,15725,16861,32586
20211207,4호선,삼각지,4692,5097,9789
20211207,4호선,상계,18934,17405,36339
20211207,4호선,상록수,16306,16549,32855
20211207,4호선,서울,10791,14906,25697
20211207,4호선,선바위,8429,7284,15713
20211207,4호선,성신여대입구,19638,18791,38429
20211207,4호선,수리산,4370,3623,7993
20211207,4호선,수유,33179,33126,66305
20211207,4호선,숙대입구,12632,12522,25154
20211207,4호선,신길온천,1695,1567,3262
20211207,4호선,신용산,15865,16660,32525
20211207,4호선,쌍문,29193,26795,55988
20211207,4호선,안산,11422,10261,21683
20211207,4호선,오이도,8310,8074,16384
20211207,4호선,이촌,7081,7856,14937
20211207,4호선,인덕원,24032,25206,49238
20211207,4호선,정부과천청사,10605,10595,21200
20211207,4호선,정왕,9048,9465,18513
20211207,4호선,중앙,17034,17881,34915
20211207,4호선,창동,25150,26304,51454
20211207,4호선,초지,5005,5443,10448
20211207,4호선,총신대입구,18334,19890,38224
20211207,4호선,충무로,25768,26815,52583
20211207,4호선,평촌,18404,18048,36452
20211207,4호선,한대앞,9505,9556,19061
20211207,4호선,한성대입구,13558,13167,26725
20211207,4호선,혜화,30575,30937,61512
20211207,4호선,회현,23742,25367,49109
20211208,4호선,경마공원,1578,1588,3166
20211208,4호선,고잔,8995,8552,17547
20211208,4호선,과천,5827,5378,11205
20211208,4호선,길음,20135,19555,39690
20211208,4호선,남태령,1292,1154,2446
20211208,4호선,노원,18058,20347,38405
20211208,4호선,당고개,12768,11548,24316
20211208,4호선,대공원,2336,2479,4815
20211208,4호선,대야미,5010,4484,9494
20211208,4호선,동대문,19041,19589,38630
20211208,4호선,동대문역사문화공원,14568,13303,27871
20211208,4호선,동작,1571,1674,3245
20211208,4호선,명동,18738,19783,38521
20211208,4호선,미아,15143,14500,29643
20211208,4호선,미아사거리,27097,26205,53302
20211208,4호선,반월,4410,4179,8589
20211208,4호선,범계,25256,25140,50396
20211208,4호선,사당,23938,20068,44006
20211208,4호선,산본,15464,15323,30787
20211208,4호선,삼각지,4864,5270,10134
20211208,4호선,상계,19043,17396,36439
20211208,4호선,상록수,16067,16394,32461
20211208,4호선,서울,10659,15182,25841
20211208,4호선,선바위,8218,7280,15498
20211208,4호선,성신여대입구,19340,18611,37951
20211208,4호선,수리산,4329,3576,7905
20211208,4호선,수유,33098,33073,66171
20211208,4호선,숙대입구,12818,12504,25322
20211208,4호선,신길온천,1730,1656,3386
20211208,4호선,신용산,15919,16913,32832
20211208,4호선,쌍문,29235,26844,56079
20211208,4호선,안산,11311,10343,21654
20211208,4호선,오이도,8228,7829,16057
20211208,4호선,이촌,7186,7916,15102
20211208,4호선,인덕원,23891,24898,48789
20211208,4호선,정부과천청사,10581,10381,20962
20211208,4호선,정왕,9264,9536,18800
20211208,4호선,중앙,17085,17799,34884
20211208,4호선,창동,24595,26120,50715
20211208,4호선,초지,4918,5185,10103
20211208,4호선,총신대입구,18672,20217,38889
20211208,4호선,충무로,25804,26877,52681
20211208,4호선,평촌,17974,17745,35719
20211208,4호선,한대앞,9267,9431,18698
20211208,4호선,한성대입구,13550,13311,26861
20211208,4호선,혜화,31093,31443,62536
20211208,4호선,회현,23119,24691,47810
20211209,4호선,경마공원,1499,1424,2923
20211209,4호선,고잔,8849,8320,17169
20211209,4호선,과천,5711,5303,11014
20211209,4호선,길음,19933,19200,39133
20211209,4호선,남태령,1282,1129,2411
20211209,4호선,노원,17944,20205,38149
20211209,4호선,당고개,12454,11304,23758
20211209,4호선,대공원,2455,2535,4990
20211209,4호선,대야미,4930,4390,9320
20211209,4호선,동대문,18503,19426,37929
20211209,4호선,동대문역사문화공원,14241,13380,27621
20211209,4호선,동작,1484,1668,3152
20211209,4호선,명동,17996,19057,37053
20211209,4호선,미아,14708,14283,28991
20211209,4호선,미아사거리,26719,25774,52493
20211209,4호선,반월,4190,4063,8253
20211209,4호선,범계,24900,24622,49522
20211209,4호선,사당,23967,20284,44251
20211209,4호선,산본,15596,13925,29521
20211209,4호선,삼각지,4824,5329,10153
20211209,4호선,상계,18475,17032,35507
20211209,4호선,상록수,15901,15960,31861
20211209,4호선,서울,10556,15096,25652
20211209,4호선,선바위,8232,7257,15489
20211209,4호선,성신여대입구,19616,18641,38257
20211209,4호선,수리산,4259,3503,7762
20211209,4호선,수유,32560,32485,65045
20211209,4호선,숙대입구,12661,12310,24971
20211209,4호선,신길온천,1630,1528,3158
20211209,4호선,신용산,16113,17152,33265
20211209,4호선,쌍문,28827,26059,54886
20211209,4호선,안산,11028,9943,20971
20211209,4호선,오이도,8166,7842,16008
20211209,4호선,이촌,7192,7964,15156
20211209,4호선,인덕원,23865,24644,48509
20211209,4호선,정부과천청사,10548,10374,20922
20211209,4호선,정왕,9059,9368,18427
20211209,4호선,중앙,16984,17771,34755
20211209,4호선,창동,24405,25651,50056
20211209,4호선,초지,4872,5266,10138
20211209,4호선,총신대입구,18042,19480,37522
20211209,4호선,충무로,25766,26925,52691
20211209,4호선,평촌,18148,18018,36166
20211209,4호선,한대앞,9347,9520,18867
20211209,4호선,한성대입구,13303,13097,26400
20211209,4호선,혜화,30747,31221,61968
20211209,4호선,회현,23237,24991,48228
20211210,4호선,경마공원,4759,4740,9499
20211210,4호선,고잔,8654,8354,17008
20211210,4호선,과천,5813,5268,11081
20211210,4호선,길음,19820,18593,38413
20211210,4호선,남태령,1317,1041,2358
20211210,4호선,노원,18311,21329,39640
20211210,4호선,당고개,12782,11286,24068
20211210,4호선,대공원,1846,1987,3833
20211210,4호선,대야미,5025,4308,9333
20211210,4호선,동대문,18552,19482,38034
20211210,4호선,동대문역사문화공원,15143,14039,29182
20211210,4호선,동작,1408,1585,2993
20211210,4호선,명동,18718,20085,38803
20211210,4호선,미아,14888,14018,28906
20211210,4호선,미아사거리,27480,26428,53908
20211210,4호선,반월,4315,4057,8372
20211210,4호선,범계,25559,25777,51336
20211210,4호선,사당,25545,21977,47522
20211210,4호선,산본,15803,14397,30200
20211210,4호선,삼각지,4969,5869,10838
20211210,4호선,상계,18794,17176,35970
20211210,4호선,상록수,15941,16007,31948
20211210,4호선,서울,10609,17640,28249
20211210,4호선,선바위,8342,7171,15513
20211210,4호선,성신여대입구,19952,19062,39014
20211210,4호선,수리산,4278,3292,7570
20211210,4호선,수유,33745,33578,67323
20211210,4호선,숙대입구,13097,12875,25972
20211210,4호선,신길온천,1729,1564,3293
20211210,4호선,신용산,16235,17363,33598
20211210,4호선,쌍문,29267,26340,55607
20211210,4호선,안산,11593,10398,21991
20211210,4호선,오이도,8318,8183,16501
20211210,4호선,이촌,7137,7822,14959
20211210,4호선,인덕원,24381,24838,49219
20211210,4호선,정부과천청사,10577,10216,20793
20211210,4호선,정왕,10055,9777,19832
20211210,4호선,중앙,17838,19255,37093
20211210,4호선,창동,25472,26829,52301
20211210,4호선,초지,4794,5069,9863
20211210,4호선,총신대입구,18456,20006,38462
20211210,4호선,충무로,25475,27082,52557
20211210,4호선,평촌,17622,17407,35029
20211210,4호선,한대앞,9699,9486,19185
20211210,4호선,한성대입구,13623,13224,26847
20211210,4호선,혜화,30856,31435,62291
20211210,4호선,회현,22669,24697,47366
20211213,4호선,경마공원,878,851,1729
20211213,4호선,고잔,8342,7729,16071
20211213,4호선,과천,5421,5062,10483
20211213,4호선,길음,18961,19325,38286
20211213,4호선,남태령,1107,1054,2161
20211213,4호선,노원,16818,18949,35767
20211213,4호선,당고개,11902,10597,22499
20211213,4호선,대공원,1728,1764,3492
20211213,4호선,대야미,4635,4208,8843
20211213,4호선,동대문,17747,18291,36038
20211213,4호선,동대문역사문화공원,13494,12454,25948
20211213,4호선,동작,1217,1348,2565
20211213,4호선,명동,17513,17868,35381
20211213,4호선,미아,14260,13718,27978
20211213,4호선,미아사거리,25616,24845,50461
20211213,4호선,반월,4091,3940,8031
20211213,4호선,범계,23568,23487,47055
20211213,4호선,사당,22314,18734,41048
20211213,4호선,산본,14986,16072,31058
20211213,4호선,삼각지,4428,4680,9108
20211213,4호선,상계,17769,16450,34219
20211213,4호선,상록수,14981,15075,30056
20211213,4호선,서울,9967,14363,24330
20211213,4호선,선바위,7891,6824,14715
20211213,4호선,성신여대입구,17755,17500,35255
20211213,4호선,수리산,4124,3400,7524
20211213,4호선,수유,31359,31477,62836
20211213,4호선,숙대입구,11925,11636,23561
20211213,4호선,신길온천,1625,1486,3111
20211213,4호선,신용산,14936,15840,30776
20211213,4호선,쌍문,27883,25647,53530
20211213,4호선,안산,11271,10044,21315
20211213,4호선,오이도,7651,7280,14931
20211213,4호선,이촌,6313,7045,13358
20211213,4호선,인덕원,22530,23490,46020
20211213,4호선,정부과천청사,10256,10019,20275
20211213,4호선,정왕,9136,9631,18767
20211213,4호선,중앙,15933,16677,32610
20211213,4호선,창동,23440,24612,48052
20211213,4호선,초지,4616,4840,9456
20211213,4호선,총신대입구,17152,18656,35808
20211213,4호선,충무로,24733,25827,50560
20211213,4호선,평촌,17633,17367,35000
20211213,4호선,한대앞,9018,9100,18118
20211213,4호선,한성대입구,12078,12147,24225
20211213,4호선,혜화,27558,27944,55502
20211213,4호선,회현,21613,22783,44396
20211214,4호선,경마공원,1307,1272,2579
20211214,4호선,고잔,8458,8082,16540
20211214,4호선,과천,5714,5372,11086
20211214,4호선,길음,19476,18934,38410
20211214,4호선,남태령,1178,1103,2281
20211214,4호선,노원,17664,19901,37565
20211214,4호선,당고개,12344,11000,23344
20211214,4호선,대공원,2192,2288,4480
20211214,4호선,대야미,4803,4270,9073
20211214,4호선,동대문,18256,18969,37225
20211214,4호선,동대문역사문화공원,13499,12626,26125
20211214,4호선,동작,1293,1406,2699
20211214,4호선,명동,17522,18485,36007
20211214,4호선,미아,14663,14092,28755
20211214,4호선,미아사거리,26322,25534,51856
20211214,4호선,반월,4083,3931,8014
20211214,4호선,범계,24392,24276,48668
20211214,4호선,사당,23700,19835,43535
20211214,4호선,산본,15106,16127,31233
20211214,4호선,삼각지,4663,5217,9880
20211214,4호선,상계,18231,16928,35159
20211214,4호선,상록수,15077,15338,30415
20211214,4호선,서울,10643,14504,25147
20211214,4호선,선바위,8087,7163,15250
20211214,4호선,성신여대입구,18552,18138,36690
20211214,4호선,수리산,4248,3506,7754
20211214,4호선,수유,32261,32139,64400
20211214,4호선,숙대입구,12478,12200,24678
20211214,4호선,신길온천,1658,1562,3220
20211214,4호선,신용산,15896,16569,32465
20211214,4호선,쌍문,28327,25989,54316
20211214,4호선,안산,10937,9817,20754
20211214,4호선,오이도,7778,7476,15254
20211214,4호선,이촌,7235,7899,15134
20211214,4호선,인덕원,23497,24536,48033
20211214,4호선,정부과천청사,10626,10443,21069
20211214,4호선,정왕,9201,9466,18667
20211214,4호선,중앙,16311,17212,33523
20211214,4호선,창동,24563,25901,50464
20211214,4호선,초지,4525,4712,9237
20211214,4호선,총신대입구,17943,19237,37180
20211214,4호선,충무로,25055,26271,51326
20211214,4호선,평촌,17751,17521,35272
20211214,4호선,한대앞,9197,9159,18356
20211214,4호선,한성대입구,12550,12509,25059
20211214,4호선,혜화,29844,30399,60243
20211214,4호선,회현,22915,24236,47151
20211215,4호선,경마공원,1567,1522,3089
20211215,4호선,고잔,8673,8184,16857
20211215,4호선,과천,5836,5310,11146
20211215,4호선,길음,19861,19108,38969
20211215,4호선,남태령,1182,1070,2252
20211215,4호선,노원,17914,20547,38461
20211215,4호선,당고개,12438,11116,23554
20211215,4호선,대공원,1903,2014,3917
20211215,4호선,대야미,4927,4362,9289
20211215,4호선,동대문,18164,18936,37100
20211215,4호선,동대문역사문화공원,14582,13499,28081
20211215,4호선,동작,1275,1455,2730
20211215,4호선,명동,19731,20901,40632
20211215,4호선,미아,14631,14033,28664
20211215,4호선,미아사거리,26885,25782,52667
20211215,4호선,반월,4233,4056,8289
20211215,4호선,범계,25465,25337,50802
20211215,4호선,사당,23592,19968,43560
20211215,4호선,산본,15460,16507,31967
20211215,4호선,삼각지,4778,5276,10054
20211215,4호선,상계,18494,16776,35270
20211215,4호선,상록수,15155,15370,30525
20211215,4호선,서울,10445,14796,25241
20211215,4호선,선바위,8226,7108,15334
20211215,4호선,성신여대입구,19307,18393,37700
20211215,4호선,수리산,4197,3381,7578
20211215,4호선,수유,32936,32841,65777
20211215,4호선,숙대입구,12529,12242,24771
20211215,4호선,신길온천,1706,1569,3275
20211215,4호선,신용산,16385,17607,33992
20211215,4호선,쌍문,28799,26361,55160
20211215,4호선,안산,11281,10068,21349
20211215,4호선,오이도,7922,7765,15687
20211215,4호선,이촌,6992,7745,14737
20211215,4호선,인덕원,23742,24605,48347
20211215,4호선,정부과천청사,10605,10484,21089
20211215,4호선,정왕,9030,9372,18402
20211215,4호선,중앙,17517,18196,35713
20211215,4호선,창동,24614,25771,50385
20211215,4호선,초지,4588,4824,9412
20211215,4호선,총신대입구,18081,19605,37686
20211215,4호선,충무로,25562,26838,52400
20211215,4호선,평촌,17849,17623,35472
20211215,4호선,한대앞,9392,9562,18954
20211215,4호선,한성대입구,12798,12528,25326
20211215,4호선,혜화,31078,31632,62710
20211215,4호선,회현,22496,24459,46955
20211216,4호선,경마공원,1466,1462,2928
20211216,4호선,고잔,8676,8226,16902
20211216,4호선,과천,5796,5254,11050
20211216,4호선,길음,19767,19021,38788
20211216,4호선,남태령,1192,1087,2279
20211216,4호선,노원,18003,20483,38486
20211216,4호선,당고개,12682,11220,23902
20211216,4호선,대공원,2191,2215,4406
20211216,4호선,대야미,4922,4405,9327
20211216,4호선,동대문,18325,19068,37393
20211216,4호선,동대문역사문화공원,14456,13267,27723
20211216,4호선,동작,1333,1474,2807
20211216,4호선,명동,20118,21406,41524
20211216,4호선,미아,14391,13898,28289
20211216,4호선,미아사거리,26629,25545,52174
20211216,4호선,반월,4194,3997,8191
20211216,4호선,범계,25144,24928,50072
20211216,4호선,사당,23993,20373,44366
20211216,4호선,산본,15538,16572,32110
20211216,4호선,삼각지,4891,5536,10427
20211216,4호선,상계,18302,16838,35140
20211216,4호선,상록수,15076,15352,30428
20211216,4호선,서울,10282,15258,25540
20211216,4호선,선바위,8108,7144,15252
20211216,4호선,성신여대입구,19214,18383,37597
20211216,4호선,수리산,4290,3491,7781
20211216,4호선,수유,32575,32694,65269
20211216,4호선,숙대입구,12633,12328,24961
20211216,4호선,신길온천,1694,1568,3262
20211216,4호선,신용산,16390,17500,33890
20211216,4호선,쌍문,28861,26163,55024
20211216,4호선,안산,11175,9964,21139
20211216,4호선,오이도,8062,7854,15916
20211216,4호선,이촌,6952,7630,14582
20211216,4호선,인덕원,23793,24394,48187
20211216,4호선,정부과천청사,10537,10416,20953
20211216,4호선,정왕,8976,9218,18194
20211216,4호선,중앙,17291,18188,35479
20211216,4호선,창동,24679,25841,50520
20211216,4호선,초지,4532,4671,9203
20211216,4호선,총신대입구,18372,19709,38081
20211216,4호선,충무로,25839,27202,53041
20211216,4호선,평촌,17949,17695,35644
20211216,4호선,한대앞,9353,9413,18766
20211216,4호선,한성대입구,12873,12422,25295
20211216,4호선,혜화,31517,32114,63631
20211216,4호선,회현,22933,24784,47717
20211217,4호선,경마공원,4764,4793,9557
20211217,4호선,고잔,8685,8287,16972
20211217,4호선,과천,6035,5547,11582
20211217,4호선,길음,20098,18799,38897
20211217,4호선,남태령,1272,1042,2314
20211217,4호선,노원,18269,21295,39564
20211217,4호선,당고개,12236,10832,23068
20211217,4호선,대공원,1717,1679,3396
20211217,4호선,대야미,4827,4159,8986
20211217,4호선,동대문,18072,18926,36998
20211217,4호선,동대문역사문화공원,14626,13684,28310
20211217,4호선,동작,1410,1528,2938
20211217,4호선,명동,19884,21806,41690
20211217,4호선,미아,14404,13482,27886
20211217,4호선,미아사거리,27269,26062,53331
20211217,4호선,반월,4149,3943,8092
20211217,4호선,범계,25673,25690,51363
20211217,4호선,사당,25829,21729,47558
20211217,4호선,산본,15654,16838,32492
20211217,4호선,삼각지,4995,5901,10896
20211217,4호선,상계,18367,16981,35348
20211217,4호선,상록수,15165,15062,30227
20211217,4호선,서울,10495,17670,28165
20211217,4호선,선바위,8228,6984,15212
20211217,4호선,성신여대입구,20388,19557,39945
20211217,4호선,수리산,4172,3262,7434
20211217,4호선,수유,33725,33667,67392
20211217,4호선,숙대입구,12796,12670,25466
20211217,4호선,신길온천,1628,1477,3105
20211217,4호선,신용산,16994,18149,35143
20211217,4호선,쌍문,29232,26060,55292
20211217,4호선,안산,11015,10106,21121
20211217,4호선,오이도,8163,7962,16125
20211217,4호선,이촌,6942,7556,14498
20211217,4호선,인덕원,23845,24378,48223
20211217,4호선,정부과천청사,10414,10175,20589
20211217,4호선,정왕,8838,8820,17658
20211217,4호선,중앙,17177,18613,35790
20211217,4호선,창동,24821,26042,50863
20211217,4호선,초지,4429,4580,9009
20211217,4호선,총신대입구,18501,20205,38706
20211217,4호선,충무로,25389,26883,52272
20211217,4호선,평촌,17504,17459,34963
20211217,4호선,한대앞,9325,9132,18457
20211217,4호선,한성대입구,13269,12926,26195
20211217,4호선,혜화,31876,32022,63898
20211217,4호선,회현,23686,25216,48902
20211220,4호선,경마공원,947,892,1839
20211220,4호선,고잔,8592,8027,16619
20211220,4호선,과천,5679,5291,10970
20211220,4호선,길음,19261,18993,38254
20211220,4호선,남태령,1085,999,2084
20211220,4호선,노원,17648,19575,37223
20211220,4호선,당고개,12211,10992,23203
20211220,4호선,대공원,1882,1985,3867
20211220,4호선,대야미,4750,4327,9077
20211220,4호선,동대문,18692,19340,38032
20211220,4호선,동대문역사문화공원,13932,12653,26585
20211220,4호선,동작,1373,1538,2911
20211220,4호선,명동,19477,19954,39431
20211220,4호선,미아,14608,14268,28876
20211220,4호선,미아사거리,26305,25435,51740
20211220,4호선,반월,4214,4075,8289
20211220,4호선,범계,24462,24008,48470
20211220,4호선,사당,22561,18633,41194
20211220,4호선,산본,15236,16503,31739
20211220,4호선,삼각지,4483,4886,9369
20211220,4호선,상계,18305,17049,35354
20211220,4호선,상록수,14941,15271,30212
20211220,4호선,서울,10355,14711,25066
20211220,4호선,선바위,7949,6849,14798
20211220,4호선,성신여대입구,18790,18368,37158
20211220,4호선,수리산,4157,3472,7629
20211220,4호선,수유,32437,32426,64863
20211220,4호선,숙대입구,12251,11875,24126
20211220,4호선,신길온천,1686,1521,3207
20211220,4호선,신용산,15881,16749,32630
20211220,4호선,쌍문,28367,26212,54579
20211220,4호선,안산,11342,10118,21460
20211220,4호선,오이도,7862,7485,15347
20211220,4호선,이촌,6597,7402,13999
20211220,4호선,인덕원,22650,23789,46439
20211220,4호선,정부과천청사,10313,10263,20576
20211220,4호선,정왕,8565,9044,17609
20211220,4호선,중앙,16727,17222,33949
20211220,4호선,창동,24214,25520,49734
20211220,4호선,초지,4347,4549,8896
20211220,4호선,총신대입구,17697,19175,36872
20211220,4호선,충무로,24843,25999,50842
20211220,4호선,평촌,17709,17652,35361
20211220,4호선,한대앞,9105,9196,18301
20211220,4호선,한성대입구,12651,12240,24891
20211220,4호선,혜화,28216,28056,56272
20211220,4호선,회현,23051,24815,47866
20211221,4호선,경마공원,1391,1362,2753
20211221,4호선,고잔,8778,8370,17148
20211221,4호선,과천,5897,5552,11449
20211221,4호선,길음,19681,19452,39133
20211221,4호선,남태령,1128,1014,2142
20211221,4호선,노원,18158,20253,38411
20211221,4호선,당고개,12622,11476,24098
20211221,4호선,대공원,2141,2232,4373
20211221,4호선,대야미,4904,4375,9279
20211221,4호선,동대문,18851,19427,38278
20211221,4호선,동대문역사문화공원,14220,12930,27150
20211221,4호선,동작,1412,1627,3039
20211221,4호선,명동,20010,21050,41060
20211221,4호선,미아,14693,14394,29087
20211221,4호선,미아사거리,26885,26284,53169
20211221,4호선,반월,4151,4002,8153
20211221,4호선,범계,25326,25193,50519
20211221,4호선,사당,23823,19586,43409
20211221,4호선,산본,15705,16747,32452
20211221,4호선,삼각지,4716,5231,9947
20211221,4호선,상계,18790,17335,36125
20211221,4호선,상록수,15092,15409,30501
20211221,4호선,서울,10554,14841,25395
20211221,4호선,선바위,8142,7141,15283
20211221,4호선,성신여대입구,19729,18900,38629
20211221,4호선,수리산,4241,3515,7756
20211221,4호선,수유,33227,33286,66513
20211221,4호선,숙대입구,12525,12330,24855
20211221,4호선,신길온천,1710,1593,3303
20211221,4호선,신용산,16315,17069,33384
20211221,4호선,쌍문,28822,26613,55435
20211221,4호선,안산,11241,10167,21408
20211221,4호선,오이도,8094,7787,15881
20211221,4호선,이촌,7033,7828,14861
20211221,4호선,인덕원,23801,24692,48493
20211221,4호선,정부과천청사,10469,10472,20941
20211221,4호선,정왕,8933,9256,18189
20211221,4호선,중앙,17006,17442,34448
20211221,4호선,창동,24632,26063,50695
20211221,4호선,초지,4381,4516,8897
20211221,4호선,총신대입구,18421,19708,38129
20211221,4호선,충무로,25679,26504,52183
20211221,4호선,평촌,17799,17578,35377
20211221,4호선,한대앞,9492,9452,18944
20211221,4호선,한성대입구,13162,12727,25889
20211221,4호선,혜화,31093,31113,62206
20211221,4호선,회현,24888,26473,51361
20211222,4호선,경마공원,1536,1535,3071
20211222,4호선,고잔,8843,8357,17200
20211222,4호선,과천,6021,5568,11589
20211222,4호선,길음,20195,19838,40033
20211222,4호선,남태령,1250,1105,2355
20211222,4호선,노원,18712,20679,39391
20211222,4호선,당고개,13109,11929,25038
20211222,4호선,대공원,2087,2224,4311
20211222,4호선,대야미,4956,4428,9384
20211222,4호선,동대문,18825,19343,38168
20211222,4호선,동대문역사문화공원,15156,13940,29096
20211222,4호선,동작,1404,1596,3000
20211222,4호선,명동,21149,22661,43810
20211222,4호선,미아,14953,14410,29363
20211222,4호선,미아사거리,27331,26645,53976
20211222,4호선,반월,4258,4121,8379
20211222,4호선,범계,25507,25285,50792
20211222,4호선,사당,24316,20240,44556
20211222,4호선,산본,15573,16780,32353
20211222,4호선,삼각지,4927,5469,10396
20211222,4호선,상계,18903,17843,36746
20211222,4호선,상록수,15217,15717,30934
20211222,4호선,서울,10934,15733,26667
20211222,4호선,선바위,8248,7412,15660
20211222,4호선,성신여대입구,20130,19461,39591
20211222,4호선,수리산,4164,3499,7663
20211222,4호선,수유,33869,34002,67871
20211222,4호선,숙대입구,12982,12615,25597
20211222,4호선,신길온천,1706,1525,3231
20211222,4호선,신용산,16645,17395,34040
20211222,4호선,쌍문,29284,27035,56319
20211222,4호선,안산,11143,10165,21308
20211222,4호선,오이도,8150,7973,16123
20211222,4호선,이촌,7187,7961,15148
20211222,4호선,인덕원,23979,25019,48998
20211222,4호선,정부과천청사,10730,10691,21421
20211222,4호선,정왕,7775,7894,15669
20211222,4호선,중앙,17169,17685,34854
20211222,4호선,창동,25010,26383,51393
20211222,4호선,초지,4328,4467,8795
20211222,4호선,총신대입구,19139,20732,39871
20211222,4호선,충무로,25755,26859,52614
20211222,4호선,평촌,17850,17634,35484
20211222,4호선,한대앞,8760,8756,17516
20211222,4호선,한성대입구,13836,13306,27142
20211222,4호선,혜화,32575,32681,65256
20211222,4호선,회현,24842,26644,51486
20211223,4호선,경마공원,1363,1419,2782
20211223,4호선,고잔,8901,8412,17313
20211223,4호선,과천,5919,5589,11508
20211223,4호선,길음,20008,19477,39485
20211223,4호선,남태령,1150,1016,2166
20211223,4호선,노원,18559,20906,39465
20211223,4호선,당고개,12445,11507,23952
20211223,4호선,대공원,2515,2569,5084
20211223,4호선,대야미,4860,4364,9224
20211223,4호선,동대문,19270,19920,39190
20211223,4호선,동대문역사문화공원,15168,14096,29264
20211223,4호선,동작,1472,1635,3107
20211223,4호선,명동,22978,24396,47374
20211223,4호선,미아,14771,14309,29080
20211223,4호선,미아사거리,27583,26981,54564
20211223,4호선,반월,4288,4186,8474
20211223,4호선,범계,26032,25601,51633
20211223,4호선,사당,24786,20244,45030
20211223,4호선,산본,15628,16872,32500
20211223,4호선,삼각지,4889,5521,10410
20211223,4호선,상계,18808,17539,36347
20211223,4호선,상록수,15198,15446,30644
20211223,4호선,서울,10835,16501,27336
20211223,4호선,선바위,8033,7135,15168
20211223,4호선,성신여대입구,20155,19273,39428
20211223,4호선,수리산,4203,3411,7614
20211223,4호선,수유,33612,34010,67622
20211223,4호선,숙대입구,12751,12379,25130
20211223,4호선,신길온천,1725,1601,3326
20211223,4호선,신용산,16191,17149,33340
20211223,4호선,쌍문,29195,26782,55977
20211223,4호선,안산,11141,9905,21046
20211223,4호선,오이도,8080,7890,15970
20211223,4호선,이촌,7180,8009,15189
20211223,4호선,인덕원,24220,24969,49189
20211223,4호선,정부과천청사,10883,10677,21560
20211223,4호선,정왕,7342,7714,15056
20211223,4호선,중앙,17312,18064,35376
20211223,4호선,창동,25375,26747,52122
20211223,4호선,초지,4323,4450,8773
20211223,4호선,총신대입구,18452,19935,38387
20211223,4호선,충무로,26096,27179,53275
20211223,4호선,평촌,18277,18141,36418
20211223,4호선,한대앞,8762,8788,17550
20211223,4호선,한성대입구,13359,12905,26264
20211223,4호선,혜화,33357,33532,66889
20211223,4호선,회현,26488,28951,55439
20211224,4호선,경마공원,5104,5115,10219
20211224,4호선,고잔,8510,8167,16677
20211224,4호선,과천,5855,5510,11365
20211224,4호선,길음,19843,19169,39012
20211224,4호선,남태령,1284,1003,2287
20211224,4호선,노원,19349,21694,41043
20211224,4호선,당고개,12522,11468,23990
20211224,4호선,대공원,1878,2000,3878
20211224,4호선,대야미,4981,4334,9315
20211224,4호선,동대문,18888,19251,38139
20211224,4호선,동대문역사문화공원,16267,15017,31284
20211224,4호선,동작,1222,1329,2551
20211224,4호선,명동,32788,35594,68382
20211224,4호선,미아,14941,14198,29139
20211224,4호선,미아사거리,28615,28508,57123
20211224,4호선,반월,4277,4056,8333
20211224,4호선,범계,26322,26206,52528
20211224,4호선,사당,24601,19856,44457
20211224,4호선,산본,15836,17458,33294
20211224,4호선,삼각지,4869,5651,10520
20211224,4호선,상계,18695,17573,36268
20211224,4호선,상록수,15453,15591,31044
20211224,4호선,서울,10394,18450,28844
20211224,4호선,선바위,8014,7006,15020
20211224,4호선,성신여대입구,20878,20464,41342
20211224,4호선,수리산,4177,3287,7464
20211224,4호선,수유,34735,35188,69923
20211224,4호선,숙대입구,12796,12451,25247
20211224,4호선,신길온천,1743,1692,3435
20211224,4호선,신용산,16379,17098,33477
20211224,4호선,쌍문,29318,26952,56270
20211224,4호선,안산,11720,10684,22404
20211224,4호선,오이도,8398,8465,16863
20211224,4호선,이촌,7225,8110,15335
20211224,4호선,인덕원,23258,24061,47319
20211224,4호선,정부과천청사,9974,9713,19687
20211224,4호선,정왕,8070,8271,16341
20211224,4호선,중앙,17885,19028,36913
20211224,4호선,창동,25478,27254,52732
20211224,4호선,초지,4312,4428,8740
20211224,4호선,총신대입구,18362,20160,38522
20211224,4호선,충무로,25351,26452,51803
20211224,4호선,평촌,16916,16839,33755
20211224,4호선,한대앞,8765,8868,17633
20211224,4호선,한성대입구,13722,13286,27008
20211224,4호선,혜화,35963,35801,71764
20211224,4호선,회현,33183,34411,67594
20211227,4호선,경마공원,856,808,1664
20211227,4호선,고잔,7888,7317,15205
20211227,4호선,과천,5365,5011,10376
20211227,4호선,길음,17986,17880,35866
20211227,4호선,남태령,1055,942,1997
20211227,4호선,노원,16774,18635,35409
20211227,4호선,당고개,11764,10545,22309
20211227,4호선,대공원,1274,1345,2619
20211227,4호선,대야미,4433,4073,8506
20211227,4호선,동대문,17243,17802,35045
20211227,4호선,동대문역사문화공원,13807,12582,26389
20211227,4호선,동작,1051,1197,2248
20211227,4호선,명동,17904,18474,36378
20211227,4호선,미아,13664,13177,26841
20211227,4호선,미아사거리,25071,24507,49578
20211227,4호선,반월,3830,3689,7519
20211227,4호선,범계,23229,22969,46198
20211227,4호선,사당,21826,18311,40137
20211227,4호선,산본,14072,15337,29409
20211227,4호선,삼각지,4402,4806,9208
20211227,4호선,상계,17354,16129,33483
20211227,4호선,상록수,13971,14218,28189
20211227,4호선,서울,9644,14569,24213
20211227,4호선,선바위,7141,6267,13408
20211227,4호선,성신여대입구,17996,17505,35501
20211227,4호선,수리산,3834,3114,6948
20211227,4호선,수유,30972,30903,61875
20211227,4호선,숙대입구,11255,11127,22382
20211227,4호선,신길온천,1509,1378,2887
20211227,4호선,신용산,14937,15681,30618
20211227,4호선,쌍문,27207,25267,52474
20211227,4호선,안산,10485,9394,19879
20211227,4호선,오이도,7211,7015,14226
20211227,4호선,이촌,6494,7059,13553
20211227,4호선,인덕원,21599,22677,44276
20211227,4호선,정부과천청사,9635,9518,19153
20211227,4호선,정왕,6852,7364,14216
20211227,4호선,중앙,15810,16112,31922
20211227,4호선,창동,22555,24093,46648
20211227,4호선,초지,4011,4184,8195
20211227,4호선,총신대입구,16669,18164,34833
20211227,4호선,충무로,23714,24627,48341
20211227,4호선,평촌,16552,16215,32767
20211227,4호선,한대앞,7761,7845,15606
20211227,4호선,한성대입구,11929,11751,23680
20211227,4호선,혜화,26910,26809,53719
20211227,4호선,회현,22398,23564,45962
20211228,4호선,경마공원,1182,1162,2344
20211228,4호선,고잔,8383,7844,16227
20211228,4호선,과천,5681,5312,10993
20211228,4호선,길음,18824,18268,37092
20211228,4호선,남태령,1078,1024,2102
20211228,4호선,노원,17774,19410,37184
20211228,4호선,당고개,12184,11188,23372
20211228,4호선,대공원,1959,2041,4000
20211228,4호선,대야미,4705,4316,9021
20211228,4호선,동대문,18318,18911,37229
20211228,4호선,동대문역사문화공원,14237,13038,27275
20211228,4호선,동작,1165,1313,2478
20211228,4호선,명동,19304,20046,39350
20211228,4호선,미아,13837,13648,27485
20211228,4호선,미아사거리,26329,25718,52047
20211228,4호선,반월,4039,3840,7879
20211228,4호선,범계,24566,24132,48698
20211228,4호선,사당,23269,19606,42875
20211228,4호선,산본,14961,16116,31077
20211228,4호선,삼각지,4646,5076,9722
20211228,4호선,상계,18329,17038,35367
20211228,4호선,상록수,14560,15026,29586
20211228,4호선,서울,10007,15020,25027
20211228,4호선,선바위,7661,6763,14424
20211228,4호선,성신여대입구,18878,18433,37311
20211228,4호선,수리산,4029,3203,7232
20211228,4호선,수유,32287,32483,64770
20211228,4호선,숙대입구,12053,11853,23906
20211228,4호선,신길온천,1593,1423,3016
20211228,4호선,신용산,15481,16391,31872
20211228,4호선,쌍문,28211,26256,54467
20211228,4호선,안산,10597,9682,20279
20211228,4호선,오이도,7647,7320,14967
20211228,4호선,이촌,7053,7860,14913
20211228,4호선,인덕원,22881,23818,46699
20211228,4호선,정부과천청사,10206,10314,20520
20211228,4호선,정왕,6870,7226,14096
20211228,4호선,중앙,16325,16775,33100
20211228,4호선,창동,24045,25789,49834
20211228,4호선,초지,4234,4294,8528
20211228,4호선,총신대입구,17666,19238,36904
20211228,4호선,충무로,24839,25867,50706
20211228,4호선,평촌,17203,16961,34164
20211228,4호선,한대앞,8149,8278,16427
20211228,4호선,한성대입구,12619,12321,24940
20211228,4호선,혜화,30281,29976,60257
20211228,4호선,회현,24242,25751,49993
20211229,4호선,경마공원,1263,1283,2546
20211229,4호선,고잔,8225,7921,16146
20211229,4호선,과천,5978,5528,11506
20211229,4호선,길음,19319,19372,38691
20211229,4호선,남태령,1082,944,2026
20211229,4호선,노원,18267,20729,38996
20211229,4호선,당고개,12291,11310,23601
20211229,4호선,대공원,2213,2330,4543
20211229,4호선,대야미,4841,4407,9248
20211229,4호선,동대문,18914,19294,38208
20211229,4호선,동대문역사문화공원,14980,13565,28545
20211229,4호선,동작,1300,1446,2746
20211229,4호선,명동,20420,20749,41169
20211229,4호선,미아,14169,14045,28214
20211229,4호선,미아사거리,27332,26863,54195
20211229,4호선,반월,4073,3936,8009
20211229,4호선,범계,25402,24462,49864
20211229,4호선,사당,24147,20232,44379
20211229,4호선,산본,15287,16417,31704
20211229,4호선,삼각지,4800,5459,10259
20211229,4호선,상계,18647,17522,36169
20211229,4호선,상록수,14686,15052,29738
20211229,4호선,서울,10269,15323,25592
20211229,4호선,선바위,7715,6771,14486
20211229,4호선,성신여대입구,19569,18852,38421
20211229,4호선,수리산,4081,3347,7428
20211229,4호선,수유,33477,34605,68082
20211229,4호선,숙대입구,12507,11949,24456
20211229,4호선,신길온천,1675,1531,3206
20211229,4호선,신용산,16151,16685,32836
20211229,4호선,쌍문,29063,27945,57008
20211229,4호선,안산,10816,9642,20458
20211229,4호선,오이도,7964,7745,15709
20211229,4호선,이촌,7452,8142,15594
20211229,4호선,인덕원,23622,24586,48208
20211229,4호선,정부과천청사,10477,10369,20846
20211229,4호선,정왕,7048,7563,14611
20211229,4호선,중앙,16669,17299,33968
20211229,4호선,창동,25129,27123,52252
20211229,4호선,초지,4252,4394,8646
20211229,4호선,총신대입구,18455,19910,38365
20211229,4호선,충무로,25531,26692,52223
20211229,4호선,평촌,17519,17297,34816
20211229,4호선,한대앞,8230,8357,16587
20211229,4호선,한성대입구,12924,12526,25450
20211229,4호선,혜화,32175,32061,64236
20211229,4호선,회현,25383,26125,51508
20211230,4호선,경마공원,1188,1184,2372
20211230,4호선,고잔,8222,7819,16041
20211230,4호선,과천,5772,5468,11240
20211230,4호선,길음,18723,18413,37136
20211230,4호선,남태령,1107,861,1968
20211230,4호선,노원,18482,20435,38917
20211230,4호선,당고개,12347,11297,23644
20211230,4호선,대공원,2111,2223,4334
20211230,4호선,대야미,4617,4135,8752
20211230,4호선,동대문,18924,19452,38376
20211230,4호선,동대문역사문화공원,15057,13595,28652
20211230,4호선,동작,1123,1277,2400
20211230,4호선,명동,20127,20960,41087
20211230,4호선,미아,13997,13620,27617
20211230,4호선,미아사거리,26872,26237,53109
20211230,4호선,반월,4040,3783,7823
20211230,4호선,범계,25108,24213,49321
20211230,4호선,사당,24118,19729,43847
20211230,4호선,산본,15278,16316,31594
20211230,4호선,삼각지,4756,5336,10092
20211230,4호선,상계,18630,17369,35999
20211230,4호선,상록수,14864,15009,29873
20211230,4호선,서울,9785,16257,26042
20211230,4호선,선바위,7464,6716,14180
20211230,4호선,성신여대입구,19257,18304,37561
20211230,4호선,수리산,4048,3265,7313
20211230,4호선,수유,32731,32998,65729
20211230,4호선,숙대입구,12199,11948,24147
20211230,4호선,신길온천,1607,1487,3094
20211230,4호선,신용산,16178,16997,33175
20211230,4호선,쌍문,28654,26284,54938
20211230,4호선,안산,10610,9680,20290
20211230,4호선,오이도,7721,7648,15369
20211230,4호선,이촌,7080,7797,14877
20211230,4호선,인덕원,22769,23617,46386
20211230,4호선,정부과천청사,10067,9993,20060
20211230,4호선,정왕,7266,7596,14862
20211230,4호선,중앙,16674,17417,34091
20211230,4호선,창동,24522,26200,50722
20211230,4호선,초지,4186,4280,8466
20211230,4호선,총신대입구,18306,19691,37997
20211230,4호선,충무로,24776,25655,50431
20211230,4호선,평촌,16723,16788,33511
20211230,4호선,한대앞,8112,8146,16258
20211230,4호선,한성대입구,12821,12548,25369
20211230,4호선,혜화,32544,32116,64660
20211230,4호선,회현,25142,26574,51716
20211231,4호선,경마공원,1090,1059,2149
20211231,4호선,고잔,7556,7270,14826
20211231,4호선,과천,5322,5011,10333
20211231,4호선,길음,18005,17131,35136
20211231,4호선,남태령,1095,871,1966
20211231,4호선,노원,18418,20653,39071
20211231,4호선,당고개,11448,10486,21934
20211231,4호선,대공원,1745,1790,3535
20211231,4호선,대야미,4329,3847,8176
20211231,4호선,동대문,15967,16170,32137
20211231,4호선,동대문역사문화공원,14481,12864,27345
20211231,4호선,동작,933,1120,2053
20211231,4호선,명동,20754,22617,43371
20211231,4호선,미아,13586,13175,26761
20211231,4호선,미아사거리,26652,25903,52555
20211231,4호선,반월,3964,3675,7639
20211231,4호선,범계,23438,23082,46520
20211231,4호선,사당,21902,18134,40036
20211231,4호선,산본,14447,15185,29632
20211231,4호선,삼각지,4248,4713,8961
20211231,4호선,상계,17242,16309,33551
20211231,4호선,상록수,13950,14495,28445
20211231,4호선,서울,8446,16939,25385
20211231,4호선,선바위,6528,5892,12420
20211231,4호선,성신여대입구,18845,17859,36704
20211231,4호선,수리산,3608,2735,6343
20211231,4호선,수유,32077,31996,64073
20211231,4호선,숙대입구,11037,10740,21777
20211231,4호선,신길온천,1526,1491,3017
20211231,4호선,신용산,14355,15841,30196
20211231,4호선,쌍문,27270,24922,52192
20211231,4호선,안산,11077,10990,22067
20211231,4호선,오이도,7797,8099,15896
20211231,4호선,이촌,6495,7204,13699
20211231,4호선,인덕원,19775,20668,40443
20211231,4호선,정부과천청사,8829,8939,17768
20211231,4호선,정왕,7525,7763,15288
20211231,4호선,중앙,16262,17577,33839
20211231,4호선,창동,23575,25175,48750
20211231,4호선,초지,3908,4122,8030
20211231,4호선,총신대입구,16559,17983,34542
20211231,4호선,충무로,22434,22929,45363
20211231,4호선,평촌,13940,13516,27456
20211231,4호선,한대앞,7884,7963,15847
20211231,4호선,한성대입구,11983,11446,23429
20211231,4호선,혜화,30211,29590,59801
20211231,4호선,회현,24018,25160,49178
