사용일자,호선명,지하철역,승차총승객수,하차총승객수,승하차총승객수
20210101,경강선,경기광주,1614,1685,3299
20210101,경강선,곤지암,666,656,1322
20210101,경강선,부발,664,559,1223
20210101,경강선,삼동,383,423,806
20210101,경강선,세종대왕릉,121,111,232
20210101,경강선,신둔도예촌,302,323,625
20210101,경강선,여주,750,770,1520
20210101,경강선,이매,268,182,450
20210101,경강선,이천,926,988,1914
20210101,경강선,초월,766,713,1479
20210101,경강선,판교,738,645,1383
20210104,경강선,경기광주,5277,5193,10470
20210104,경강선,곤지암,1529,1478,3007
20210104,경강선,부발,1178,1259,2437
20210104,경강선,삼동,1907,1765,3672
20210104,경강선,세종대왕릉,207,186,393
20210104,경강선,신둔도예촌,899,868,1767
20210104,경강선,여주,1236,1207,2443
20210104,경강선,이매,809,699,1508
20210104,경강선,이천,1717,1838,3555
20210104,경강선,초월,2325,2290,4615
20210104,경강선,판교,3484,3306,6790
20210105,경강선,경기광주,5377,5181,10558
20210105,경강선,곤지암,1490,1439,2929
20210105,경강선,부발,1220,1161,2381
20210105,경강선,삼동,1764,1704,3468
20210105,경강선,세종대왕릉,184,198,382
20210105,경강선,신둔도예촌,875,806,1681
20210105,경강선,여주,1136,1189,2325
20210105,경강선,이매,818,685,1503
20210105,경강선,이천,1644,1741,3385
20210105,경강선,초월,2308,2299,4607
20210105,경강선,판교,3472,3278,6750
20210106,경강선,경기광주,5341,6223,11564
20210106,경강선,곤지암,1479,1457,2936
20210106,경강선,부발,1251,1254,2505
20210106,경강선,삼동,2094,2376,4470
20210106,경강선,세종대왕릉,186,164,350
20210106,경강선,신둔도예촌,827,790,1617
20210106,경강선,여주,1115,1109,2224
20210106,경강선,이매,838,738,1576
20210106,경강선,이천,1639,1736,3375
20210106,경강선,초월,2383,2626,5009
20210106,경강선,판교,3787,3342,7129
20210107,경강선,경기광주,8619,8856,17475
20210107,경강선,곤지암,1879,2025,3904
20210107,경강선,부발,1627,1637,3264
20210107,경강선,삼동,3946,3963,7909
20210107,경강선,세종대왕릉,193,180,373
20210107,경강선,신둔도예촌,1025,953,1978
20210107,경강선,여주,1228,1277,2505
20210107,경강선,이매,1219,991,2210
20210107,경강선,이천,2148,2272,4420
20210107,경강선,초월,3534,3736,7270
20210107,경강선,판교,4759,5316,10075
20210108,경강선,경기광주,6686,6365,13051
20210108,경강선,곤지암,1736,1666,3402
20210108,경강선,부발,1955,1368,3323
20210108,경강선,삼동,2425,2207,4632
20210108,경강선,세종대왕릉,214,179,393
20210108,경강선,신둔도예촌,986,938,1924
20210108,경강선,여주,1303,1350,2653
20210108,경강선,이매,957,815,1772
20210108,경강선,이천,2032,2131,4163
20210108,경강선,초월,2865,2649,5514
20210108,경강선,판교,3989,4061,8050
20210111,경강선,경기광주,5692,5599,11291
20210111,경강선,곤지암,1522,1545,3067
20210111,경강선,부발,1242,1304,2546
20210111,경강선,삼동,2161,1872,4033
20210111,경강선,세종대왕릉,190,182,372
20210111,경강선,신둔도예촌,900,847,1747
20210111,경강선,여주,1188,1135,2323
20210111,경강선,이매,842,732,1574
20210111,경강선,이천,1785,1898,3683
20210111,경강선,초월,2436,2397,4833
20210111,경강선,판교,3743,3564,7307
20210112,경강선,경기광주,6379,7632,14011
20210112,경강선,곤지암,1865,1638,3503
20210112,경강선,부발,1904,1285,3189
20210112,경강선,삼동,2214,2927,5141
20210112,경강선,세종대왕릉,218,204,422
20210112,경강선,신둔도예촌,1002,892,1894
20210112,경강선,여주,1287,1216,2503
20210112,경강선,이매,905,880,1785
20210112,경강선,이천,1949,1954,3903
20210112,경강선,초월,2837,3017,5854
20210112,경강선,판교,4839,3649,8488
20210113,경강선,경기광주,6406,5768,12174
20210113,경강선,곤지암,1717,1794,3511
20210113,경강선,부발,1341,1392,2733
20210113,경강선,삼동,2229,2022,4251
20210113,경강선,세종대왕릉,187,199,386
20210113,경강선,신둔도예촌,962,919,1881
20210113,경강선,여주,1284,1277,2561
20210113,경강선,이매,940,778,1718
20210113,경강선,이천,1871,2058,3929
20210113,경강선,초월,2725,2586,5311
20210113,경강선,판교,3711,3879,7590
20210114,경강선,경기광주,5938,5691,11629
20210114,경강선,곤지암,1603,1562,3165
20210114,경강선,부발,1439,1266,2705
20210114,경강선,삼동,1993,1872,3865
20210114,경강선,세종대왕릉,211,205,416
20210114,경강선,신둔도예촌,971,921,1892
20210114,경강선,여주,1302,1274,2576
20210114,경강선,이매,840,748,1588
20210114,경강선,이천,1824,1892,3716
20210114,경강선,초월,2515,2434,4949
20210114,경강선,판교,3720,3553,7273
20210115,경강선,경기광주,5935,5712,11647
20210115,경강선,곤지암,1774,1612,3386
20210115,경강선,부발,1950,1445,3395
20210115,경강선,삼동,2039,1888,3927
20210115,경강선,세종대왕릉,228,213,441
20210115,경강선,신둔도예촌,1073,954,2027
20210115,경강선,여주,1360,1508,2868
20210115,경강선,이매,870,769,1639
20210115,경강선,이천,2057,2164,4221
20210115,경강선,초월,2562,2413,4975
20210115,경강선,판교,3764,3623,7387
20210118,경강선,경기광주,6437,6193,12630
20210118,경강선,곤지암,1692,1716,3408
20210118,경강선,부발,1442,1542,2984
20210118,경강선,삼동,2235,2086,4321
20210118,경강선,세종대왕릉,203,186,389
20210118,경강선,신둔도예촌,996,985,1981
20210118,경강선,여주,1420,1393,2813
20210118,경강선,이매,972,821,1793
20210118,경강선,이천,2110,2196,4306
20210118,경강선,초월,2813,2750,5563
20210118,경강선,판교,4025,3930,7955
20210119,경강선,경기광주,5853,5657,11510
20210119,경강선,곤지암,1630,1554,3184
20210119,경강선,부발,1263,1293,2556
20210119,경강선,삼동,1976,1921,3897
20210119,경강선,세종대왕릉,192,189,381
20210119,경강선,신둔도예촌,915,858,1773
20210119,경강선,여주,1244,1242,2486
20210119,경강선,이매,857,728,1585
20210119,경강선,이천,1842,1973,3815
20210119,경강선,초월,2541,2432,4973
20210119,경강선,판교,3807,3650,7457
20210120,경강선,경기광주,5951,5884,11835
20210120,경강선,곤지암,1711,1668,3379
20210120,경강선,부발,1396,1361,2757
20210120,경강선,삼동,2102,1927,4029
20210120,경강선,세종대왕릉,223,214,437
20210120,경강선,신둔도예촌,996,938,1934
20210120,경강선,여주,1355,1395,2750
20210120,경강선,이매,845,778,1623
20210120,경강선,이천,1914,2052,3966
20210120,경강선,초월,2602,2472,5074
20210120,경강선,판교,3860,3659,7519
20210121,경강선,경기광주,5873,5794,11667
20210121,경강선,곤지암,1614,1581,3195
20210121,경강선,부발,1382,1312,2694
20210121,경강선,삼동,2044,1992,4036
20210121,경강선,세종대왕릉,203,181,384
20210121,경강선,신둔도예촌,963,884,1847
20210121,경강선,여주,1346,1337,2683
20210121,경강선,이매,867,786,1653
20210121,경강선,이천,1925,1993,3918
20210121,경강선,초월,2564,2460,5024
20210121,경강선,판교,3886,3769,7655
20210122,경강선,경기광주,6255,5916,12171
20210122,경강선,곤지암,1876,1761,3637
20210122,경강선,부발,1925,1449,3374
20210122,경강선,삼동,2088,1925,4013
20210122,경강선,세종대왕릉,247,224,471
20210122,경강선,신둔도예촌,1068,1000,2068
20210122,경강선,여주,1504,1609,3113
20210122,경강선,이매,912,755,1667
20210122,경강선,이천,2194,2338,4532
20210122,경강선,초월,2670,2533,5203
20210122,경강선,판교,4003,3819,7822
20210125,경강선,경기광주,6149,5962,12111
20210125,경강선,곤지암,1698,1626,3324
20210125,경강선,부발,1293,1433,2726
20210125,경강선,삼동,2127,2035,4162
20210125,경강선,세종대왕릉,221,217,438
20210125,경강선,신둔도예촌,950,932,1882
20210125,경강선,여주,1633,1584,3217
20210125,경강선,이매,925,782,1707
20210125,경강선,이천,2126,2192,4318
20210125,경강선,초월,2675,2614,5289
20210125,경강선,판교,4002,3802,7804
20210126,경강선,경기광주,6009,5840,11849
20210126,경강선,곤지암,1670,1635,3305
20210126,경강선,부발,1353,1381,2734
20210126,경강선,삼동,2061,1990,4051
20210126,경강선,세종대왕릉,229,211,440
20210126,경강선,신둔도예촌,985,960,1945
20210126,경강선,여주,1353,1317,2670
20210126,경강선,이매,909,779,1688
20210126,경강선,이천,2006,2087,4093
20210126,경강선,초월,2537,2509,5046
20210126,경강선,판교,3966,3768,7734
20210127,경강선,경기광주,6252,6055,12307
20210127,경강선,곤지암,1770,1694,3464
20210127,경강선,부발,1428,1383,2811
20210127,경강선,삼동,2096,1970,4066
20210127,경강선,세종대왕릉,231,229,460
20210127,경강선,신둔도예촌,988,913,1901
20210127,경강선,여주,1467,1482,2949
20210127,경강선,이매,902,765,1667
20210127,경강선,이천,2035,2180,4215
20210127,경강선,초월,2709,2625,5334
20210127,경강선,판교,3995,3882,7877
20210128,경강선,경기광주,6071,5868,11939
20210128,경강선,곤지암,1691,1613,3304
20210128,경강선,부발,1464,1395,2859
20210128,경강선,삼동,2143,2036,4179
20210128,경강선,세종대왕릉,227,218,445
20210128,경강선,신둔도예촌,982,933,1915
20210128,경강선,여주,1319,1373,2692
20210128,경강선,이매,924,798,1722
20210128,경강선,이천,2020,2105,4125
20210128,경강선,초월,2567,2563,5130
20210128,경강선,판교,4083,3809,7892
20210129,경강선,경기광주,5995,5724,11719
20210129,경강선,곤지암,1794,1618,3412
20210129,경강선,부발,1945,1395,3340
20210129,경강선,삼동,2007,1853,3860
20210129,경강선,세종대왕릉,216,224,440
20210129,경강선,신둔도예촌,1112,994,2106
20210129,경강선,여주,1381,1415,2796
20210129,경강선,이매,859,722,1581
20210129,경강선,이천,2161,2262,4423
20210129,경강선,초월,2641,2523,5164
20210129,경강선,판교,3963,3773,7736
20210201,경강선,경기광주,6195,6033,12228
20210201,경강선,곤지암,1719,1693,3412
20210201,경강선,부발,1313,1375,2688
20210201,경강선,삼동,2106,2033,4139
20210201,경강선,세종대왕릉,248,211,459
20210201,경강선,신둔도예촌,1011,994,2005
20210201,경강선,여주,1402,1389,2791
20210201,경강선,이매,929,754,1683
20210201,경강선,이천,2053,2170,4223
20210201,경강선,초월,2673,2616,5289
20210201,경강선,판교,4035,3858,7893
20210202,경강선,경기광주,6173,5940,12113
20210202,경강선,곤지암,1749,1601,3350
20210202,경강선,부발,1306,1332,2638
20210202,경강선,삼동,2074,2023,4097
20210202,경강선,세종대왕릉,206,202,408
20210202,경강선,신둔도예촌,1002,960,1962
20210202,경강선,여주,1370,1350,2720
20210202,경강선,이매,885,749,1634
20210202,경강선,이천,1975,2097,4072
20210202,경강선,초월,2572,2607,5179
20210202,경강선,판교,4055,3848,7903
20210203,경강선,경기광주,6358,6384,12742
20210203,경강선,곤지암,1807,1766,3573
20210203,경강선,부발,1469,1405,2874
20210203,경강선,삼동,2170,2146,4316
20210203,경강선,세종대왕릉,240,234,474
20210203,경강선,신둔도예촌,1048,1027,2075
20210203,경강선,여주,1490,1468,2958
20210203,경강선,이매,951,841,1792
20210203,경강선,이천,2122,2208,4330
20210203,경강선,초월,2750,2830,5580
20210203,경강선,판교,4439,4053,8492
20210204,경강선,경기광주,7074,6451,13525
20210204,경강선,곤지암,1855,1855,3710
20210204,경강선,부발,1536,1522,3058
20210204,경강선,삼동,2344,2172,4516
20210204,경강선,세종대왕릉,230,238,468
20210204,경강선,신둔도예촌,1124,1036,2160
20210204,경강선,여주,1453,1449,2902
20210204,경강선,이매,1009,863,1872
20210204,경강선,이천,2215,2327,4542
20210204,경강선,초월,2934,2830,5764
20210204,경강선,판교,4377,4299,8676
20210205,경강선,경기광주,6531,6222,12753
20210205,경강선,곤지암,1894,1780,3674
20210205,경강선,부발,2016,1558,3574
20210205,경강선,삼동,2255,2075,4330
20210205,경강선,세종대왕릉,248,245,493
20210205,경강선,신둔도예촌,1151,1082,2233
20210205,경강선,여주,1625,1626,3251
20210205,경강선,이매,972,812,1784
20210205,경강선,이천,2384,2409,4793
20210205,경강선,초월,2849,2739,5588
20210205,경강선,판교,4278,4164,8442
20210208,경강선,경기광주,6381,6159,12540
20210208,경강선,곤지암,1705,1769,3474
20210208,경강선,부발,1453,1499,2952
20210208,경강선,삼동,2255,2099,4354
20210208,경강선,세종대왕릉,244,221,465
20210208,경강선,신둔도예촌,1035,977,2012
20210208,경강선,여주,1413,1431,2844
20210208,경강선,이매,945,805,1750
20210208,경강선,이천,2138,2220,4358
20210208,경강선,초월,2599,2591,5190
20210208,경강선,판교,4118,3965,8083
20210209,경강선,경기광주,6422,6107,12529
20210209,경강선,곤지암,1865,1763,3628
20210209,경강선,부발,1734,1456,3190
20210209,경강선,삼동,2170,2001,4171
20210209,경강선,세종대왕릉,253,234,487
20210209,경강선,신둔도예촌,1073,1041,2114
20210209,경강선,여주,1449,1502,2951
20210209,경강선,이매,952,794,1746
20210209,경강선,이천,2084,2254,4338
20210209,경강선,초월,2735,2636,5371
20210209,경강선,판교,4140,4046,8186
20210210,경강선,경기광주,6333,6311,12644
20210210,경강선,곤지암,1980,1767,3747
20210210,경강선,부발,2429,1654,4083
20210210,경강선,삼동,2078,1946,4024
20210210,경강선,세종대왕릉,211,245,456
20210210,경강선,신둔도예촌,1076,1058,2134
20210210,경강선,여주,1563,2031,3594
20210210,경강선,이매,941,786,1727
20210210,경강선,이천,2504,2773,5277
20210210,경강선,초월,2770,2582,5352
20210210,경강선,판교,4190,3923,8113
20210211,경강선,경기광주,2736,2976,5712
20210211,경강선,곤지암,1213,1260,2473
20210211,경강선,부발,933,909,1842
20210211,경강선,삼동,677,676,1353
20210211,경강선,세종대왕릉,160,292,452
20210211,경강선,신둔도예촌,522,703,1225
20210211,경강선,여주,1187,1799,2986
20210211,경강선,이매,512,241,753
20210211,경강선,이천,1598,2056,3654
20210211,경강선,초월,1169,1172,2341
20210211,경강선,판교,1244,992,2236
20210212,경강선,경기광주,2109,2016,4125
20210212,경강선,곤지암,1044,987,2031
20210212,경강선,부발,733,670,1403
20210212,경강선,삼동,485,459,944
20210212,경강선,세종대왕릉,228,199,427
20210212,경강선,신둔도예촌,454,384,838
20210212,경강선,여주,1253,1187,2440
20210212,경강선,이매,367,257,624
20210212,경강선,이천,1433,1448,2881
20210212,경강선,초월,912,827,1739
20210212,경강선,판교,792,730,1522
20210215,경강선,경기광주,6376,6073,12449
20210215,경강선,곤지암,1769,1750,3519
20210215,경강선,부발,1437,1747,3184
20210215,경강선,삼동,2109,1988,4097
20210215,경강선,세종대왕릉,223,208,431
20210215,경강선,신둔도예촌,1028,976,2004
20210215,경강선,여주,1639,1548,3187
20210215,경강선,이매,973,839,1812
20210215,경강선,이천,2276,2432,4708
20210215,경강선,초월,2639,2573,5212
20210215,경강선,판교,4061,3817,7878
20210216,경강선,경기광주,6540,6337,12877
20210216,경강선,곤지암,1826,1774,3600
20210216,경강선,부발,1476,1471,2947
20210216,경강선,삼동,2240,2105,4345
20210216,경강선,세종대왕릉,224,214,438
20210216,경강선,신둔도예촌,1098,999,2097
20210216,경강선,여주,1517,1470,2987
20210216,경강선,이매,980,875,1855
20210216,경강선,이천,2211,2267,4478
20210216,경강선,초월,2681,2598,5279
20210216,경강선,판교,4199,4007,8206
20210217,경강선,경기광주,6331,6150,12481
20210217,경강선,곤지암,1760,1664,3424
20210217,경강선,부발,1485,1465,2950
20210217,경강선,삼동,2222,2057,4279
20210217,경강선,세종대왕릉,184,169,353
20210217,경강선,신둔도예촌,969,934,1903
20210217,경강선,여주,1511,1493,3004
20210217,경강선,이매,897,852,1749
20210217,경강선,이천,2098,2238,4336
20210217,경강선,초월,2696,2583,5279
20210217,경강선,판교,4207,3995,8202
20210218,경강선,경기광주,6419,6122,12541
20210218,경강선,곤지암,1683,1649,3332
20210218,경강선,부발,1420,1397,2817
20210218,경강선,삼동,2156,2076,4232
20210218,경강선,세종대왕릉,231,208,439
20210218,경강선,신둔도예촌,1030,966,1996
20210218,경강선,여주,1532,1518,3050
20210218,경강선,이매,982,872,1854
20210218,경강선,이천,2098,2192,4290
20210218,경강선,초월,2743,2633,5376
20210218,경강선,판교,4201,3977,8178
20210219,경강선,경기광주,6886,6525,13411
20210219,경강선,곤지암,1962,1863,3825
20210219,경강선,부발,2056,1542,3598
20210219,경강선,삼동,2294,2109,4403
20210219,경강선,세종대왕릉,277,244,521
20210219,경강선,신둔도예촌,1180,1105,2285
20210219,경강선,여주,1631,1731,3362
20210219,경강선,이매,1027,912,1939
20210219,경강선,이천,2457,2613,5070
20210219,경강선,초월,2985,2796,5781
20210219,경강선,판교,4419,4201,8620
20210222,경강선,경기광주,6697,6455,13152
20210222,경강선,곤지암,1825,1906,3731
20210222,경강선,부발,1542,1635,3177
20210222,경강선,삼동,2254,2109,4363
20210222,경강선,세종대왕릉,246,226,472
20210222,경강선,신둔도예촌,1125,1076,2201
20210222,경강선,여주,1703,1621,3324
20210222,경강선,이매,1023,858,1881
20210222,경강선,이천,2286,2419,4705
20210222,경강선,초월,2777,2751,5528
20210222,경강선,판교,4351,4098,8449
20210223,경강선,경기광주,6672,6301,12973
20210223,경강선,곤지암,1859,1822,3681
20210223,경강선,부발,1555,1514,3069
20210223,경강선,삼동,2218,2147,4365
20210223,경강선,세종대왕릉,237,219,456
20210223,경강선,신둔도예촌,1072,1024,2096
20210223,경강선,여주,1623,1638,3261
20210223,경강선,이매,985,876,1861
20210223,경강선,이천,2175,2312,4487
20210223,경강선,초월,2805,2777,5582
20210223,경강선,판교,4258,4161,8419
20210224,경강선,경기광주,6766,6387,13153
20210224,경강선,곤지암,1899,1762,3661
20210224,경강선,부발,1556,1591,3147
20210224,경강선,삼동,2231,2077,4308
20210224,경강선,세종대왕릉,249,255,504
20210224,경강선,신둔도예촌,1107,1043,2150
20210224,경강선,여주,1637,1633,3270
20210224,경강선,이매,980,838,1818
20210224,경강선,이천,2218,2405,4623
20210224,경강선,초월,2863,2784,5647
20210224,경강선,판교,4346,4174,8520
20210225,경강선,경기광주,6630,6387,13017
20210225,경강선,곤지암,1775,1730,3505
20210225,경강선,부발,1639,1575,3214
20210225,경강선,삼동,2254,2090,4344
20210225,경강선,세종대왕릉,245,247,492
20210225,경강선,신둔도예촌,1081,1031,2112
20210225,경강선,여주,1657,1703,3360
20210225,경강선,이매,1051,863,1914
20210225,경강선,이천,2254,2370,4624
20210225,경강선,초월,2854,2693,5547
20210225,경강선,판교,4167,4060,8227
20210226,경강선,경기광주,6960,6575,13535
20210226,경강선,곤지암,2067,1905,3972
20210226,경강선,부발,2223,1721,3944
20210226,경강선,삼동,2329,2130,4459
20210226,경강선,세종대왕릉,288,292,580
20210226,경강선,신둔도예촌,1231,1132,2363
20210226,경강선,여주,1850,1986,3836
20210226,경강선,이매,1089,911,2000
20210226,경강선,이천,2622,2772,5394
20210226,경강선,초월,3071,2797,5868
20210226,경강선,판교,4375,4195,8570
20210301,경강선,경기광주,2625,2583,5208
20210301,경강선,곤지암,903,985,1888
20210301,경강선,부발,820,1422,2242
20210301,경강선,삼동,746,716,1462
20210301,경강선,세종대왕릉,166,135,301
20210301,경강선,신둔도예촌,570,541,1111
20210301,경강선,여주,1209,1050,2259
20210301,경강선,이매,379,273,652
20210301,경강선,이천,1290,1387,2677
20210301,경강선,초월,1184,1180,2364
20210301,경강선,판교,1826,1646,3472
20210302,경강선,경기광주,6753,6486,13239
20210302,경강선,곤지암,1840,1831,3671
20210302,경강선,부발,1680,1736,3416
20210302,경강선,삼동,2247,2107,4354
20210302,경강선,세종대왕릉,251,232,483
20210302,경강선,신둔도예촌,1275,1103,2378
20210302,경강선,여주,1635,1554,3189
20210302,경강선,이매,1087,947,2034
20210302,경강선,이천,2282,2322,4604
20210302,경강선,초월,2892,2819,5711
20210302,경강선,판교,4145,4044,8189
20210303,경강선,경기광주,6702,6490,13192
20210303,경강선,곤지암,1841,1812,3653
20210303,경강선,부발,1667,1656,3323
20210303,경강선,삼동,2287,2063,4350
20210303,경강선,세종대왕릉,266,243,509
20210303,경강선,신둔도예촌,1302,1156,2458
20210303,경강선,여주,1713,1642,3355
20210303,경강선,이매,1106,923,2029
20210303,경강선,이천,2233,2377,4610
20210303,경강선,초월,2924,2778,5702
20210303,경강선,판교,4219,4129,8348
20210304,경강선,경기광주,6783,6508,13291
20210304,경강선,곤지암,1830,1821,3651
20210304,경강선,부발,1579,1540,3119
20210304,경강선,삼동,2249,2086,4335
20210304,경강선,세종대왕릉,251,249,500
20210304,경강선,신둔도예촌,1350,1157,2507
20210304,경강선,여주,1547,1621,3168
20210304,경강선,이매,1111,913,2024
20210304,경강선,이천,2244,2373,4617
20210304,경강선,초월,2914,2774,5688
20210304,경강선,판교,4148,4139,8287
20210305,경강선,경기광주,7113,6832,13945
20210305,경강선,곤지암,2103,2036,4139
20210305,경강선,부발,2287,1773,4060
20210305,경강선,삼동,2456,2168,4624
20210305,경강선,세종대왕릉,295,288,583
20210305,경강선,신둔도예촌,1437,1279,2716
20210305,경강선,여주,2003,2050,4053
20210305,경강선,이매,1182,968,2150
20210305,경강선,이천,2614,2716,5330
20210305,경강선,초월,3090,2862,5952
20210305,경강선,판교,4398,4315,8713
20210308,경강선,경기광주,6621,6400,13021
20210308,경강선,곤지암,1829,1897,3726
20210308,경강선,부발,1531,1624,3155
20210308,경강선,삼동,2270,2096,4366
20210308,경강선,세종대왕릉,269,240,509
20210308,경강선,신둔도예촌,1293,1162,2455
20210308,경강선,여주,1715,1677,3392
20210308,경강선,이매,1114,930,2044
20210308,경강선,이천,2312,2422,4734
20210308,경강선,초월,2836,2861,5697
20210308,경강선,판교,3786,3625,7411
20210309,경강선,경기광주,6890,6615,13505
20210309,경강선,곤지암,1848,1874,3722
20210309,경강선,부발,1682,1685,3367
20210309,경강선,삼동,2351,2175,4526
20210309,경강선,세종대왕릉,258,247,505
20210309,경강선,신둔도예촌,1282,1189,2471
20210309,경강선,여주,1632,1666,3298
20210309,경강선,이매,1120,904,2024
20210309,경강선,이천,2253,2368,4621
20210309,경강선,초월,3048,2921,5969
20210309,경강선,판교,4296,4184,8480
20210310,경강선,경기광주,6903,6659,13562
20210310,경강선,곤지암,1854,1879,3733
20210310,경강선,부발,1697,1662,3359
20210310,경강선,삼동,2303,2086,4389
20210310,경강선,세종대왕릉,279,268,547
20210310,경강선,신둔도예촌,1278,1156,2434
20210310,경강선,여주,1736,1724,3460
20210310,경강선,이매,1102,1015,2117
20210310,경강선,이천,2277,2412,4689
20210310,경강선,초월,2970,2839,5809
20210310,경강선,판교,4371,4113,8484
20210311,경강선,경기광주,6850,6557,13407
20210311,경강선,곤지암,1872,1870,3742
20210311,경강선,부발,1663,1587,3250
20210311,경강선,삼동,2314,2160,4474
20210311,경강선,세종대왕릉,281,290,571
20210311,경강선,신둔도예촌,1330,1175,2505
20210311,경강선,여주,1697,1709,3406
20210311,경강선,이매,1105,982,2087
20210311,경강선,이천,2317,2454,4771
20210311,경강선,초월,2919,2778,5697
20210311,경강선,판교,4269,4152,8421
20210312,경강선,경기광주,6989,6649,13638
20210312,경강선,곤지암,2024,1984,4008
20210312,경강선,부발,2228,1731,3959
20210312,경강선,삼동,2383,2139,4522
20210312,경강선,세종대왕릉,293,279,572
20210312,경강선,신둔도예촌,1426,1238,2664
20210312,경강선,여주,1911,1916,3827
20210312,경강선,이매,1066,1004,2070
20210312,경강선,이천,2573,2694,5267
20210312,경강선,초월,3014,2796,5810
20210312,경강선,판교,4472,4391,8863
20210315,경강선,경기광주,6809,6546,13355
20210315,경강선,곤지암,1928,1944,3872
20210315,경강선,부발,1645,1643,3288
20210315,경강선,삼동,2274,2126,4400
20210315,경강선,세종대왕릉,272,270,542
20210315,경강선,신둔도예촌,1301,1179,2480
20210315,경강선,여주,1709,1716,3425
20210315,경강선,이매,1124,1023,2147
20210315,경강선,이천,2298,2404,4702
20210315,경강선,초월,2957,2841,5798
20210315,경강선,판교,4229,4105,8334
20210316,경강선,경기광주,6858,6557,13415
20210316,경강선,곤지암,1905,1907,3812
20210316,경강선,부발,1617,1620,3237
20210316,경강선,삼동,2370,2209,4579
20210316,경강선,세종대왕릉,267,254,521
20210316,경강선,신둔도예촌,1276,1231,2507
20210316,경강선,여주,1659,1638,3297
20210316,경강선,이매,1033,1005,2038
20210316,경강선,이천,2187,2307,4494
20210316,경강선,초월,2989,2775,5764
20210316,경강선,판교,4276,4156,8432
20210317,경강선,경기광주,6809,6563,13372
20210317,경강선,곤지암,1951,1992,3943
20210317,경강선,부발,1772,1699,3471
20210317,경강선,삼동,2387,2184,4571
20210317,경강선,세종대왕릉,266,254,520
20210317,경강선,신둔도예촌,1337,1233,2570
20210317,경강선,여주,1749,1745,3494
20210317,경강선,이매,1132,1055,2187
20210317,경강선,이천,2290,2364,4654
20210317,경강선,초월,2999,2873,5872
20210317,경강선,판교,4400,4285,8685
20210318,경강선,경기광주,6917,6611,13528
20210318,경강선,곤지암,1950,1998,3948
20210318,경강선,부발,1655,1640,3295
20210318,경강선,삼동,2366,2150,4516
20210318,경강선,세종대왕릉,276,282,558
20210318,경강선,신둔도예촌,1372,1198,2570
20210318,경강선,여주,1722,1747,3469
20210318,경강선,이매,1152,1050,2202
20210318,경강선,이천,2257,2390,4647
20210318,경강선,초월,2988,2865,5853
20210318,경강선,판교,4324,4136,8460
20210319,경강선,경기광주,7398,7049,14447
20210319,경강선,곤지암,2160,2111,4271
20210319,경강선,부발,2384,1793,4177
20210319,경강선,삼동,2488,2191,4679
20210319,경강선,세종대왕릉,301,344,645
20210319,경강선,신둔도예촌,1522,1279,2801
20210319,경강선,여주,2012,2104,4116
20210319,경강선,이매,1180,1042,2222
20210319,경강선,이천,2723,2870,5593
20210319,경강선,초월,3221,2956,6177
20210319,경강선,판교,4510,4432,8942
20210322,경강선,경기광주,6752,6584,13336
20210322,경강선,곤지암,1989,1970,3959
20210322,경강선,부발,1535,1631,3166
20210322,경강선,삼동,2251,2192,4443
20210322,경강선,세종대왕릉,279,253,532
20210322,경강선,신둔도예촌,1339,1246,2585
20210322,경강선,여주,1750,1698,3448
20210322,경강선,이매,1047,972,2019
20210322,경강선,이천,2278,2432,4710
20210322,경강선,초월,2958,2917,5875
20210322,경강선,판교,4317,4129,8446
20210323,경강선,경기광주,6867,6533,13400
20210323,경강선,곤지암,2085,2099,4184
20210323,경강선,부발,1647,1664,3311
20210323,경강선,삼동,2299,2173,4472
20210323,경강선,세종대왕릉,316,321,637
20210323,경강선,신둔도예촌,1379,1237,2616
20210323,경강선,여주,1717,1727,3444
20210323,경강선,이매,1080,1049,2129
20210323,경강선,이천,2263,2403,4666
20210323,경강선,초월,2979,2833,5812
20210323,경강선,판교,4365,4231,8596
20210324,경강선,경기광주,6879,6620,13499
20210324,경강선,곤지암,2114,2022,4136
20210324,경강선,부발,1697,1663,3360
20210324,경강선,삼동,2378,2138,4516
20210324,경강선,세종대왕릉,305,308,613
20210324,경강선,신둔도예촌,1363,1241,2604
20210324,경강선,여주,1731,1714,3445
20210324,경강선,이매,1144,1016,2160
20210324,경강선,이천,2249,2420,4669
20210324,경강선,초월,3082,2848,5930
20210324,경강선,판교,4265,4227,8492
20210325,경강선,경기광주,6904,6457,13361
20210325,경강선,곤지암,2079,2090,4169
20210325,경강선,부발,1692,1683,3375
20210325,경강선,삼동,2369,2196,4565
20210325,경강선,세종대왕릉,296,283,579
20210325,경강선,신둔도예촌,1429,1274,2703
20210325,경강선,여주,1775,1809,3584
20210325,경강선,이매,1124,1070,2194
20210325,경강선,이천,2304,2444,4748
20210325,경강선,초월,2965,2781,5746
20210325,경강선,판교,4380,4256,8636
20210326,경강선,경기광주,7274,6912,14186
20210326,경강선,곤지암,2182,2242,4424
20210326,경강선,부발,2355,1849,4204
20210326,경강선,삼동,2464,2210,4674
20210326,경강선,세종대왕릉,321,339,660
20210326,경강선,신둔도예촌,1565,1320,2885
20210326,경강선,여주,2028,2066,4094
20210326,경강선,이매,1115,1114,2229
20210326,경강선,이천,2626,2765,5391
20210326,경강선,초월,3128,2908,6036
20210326,경강선,판교,4423,4364,8787
20210329,경강선,경기광주,6796,6468,13264
20210329,경강선,곤지암,2057,2046,4103
20210329,경강선,부발,1612,1639,3251
20210329,경강선,삼동,2328,2140,4468
20210329,경강선,세종대왕릉,293,267,560
20210329,경강선,신둔도예촌,1297,1208,2505
20210329,경강선,여주,1697,1712,3409
20210329,경강선,이매,1116,977,2093
20210329,경강선,이천,2316,2380,4696
20210329,경강선,초월,2955,2839,5794
20210329,경강선,판교,4260,4159,8419
20210330,경강선,경기광주,6817,6437,13254
20210330,경강선,곤지암,2088,2054,4142
20210330,경강선,부발,1581,1598,3179
20210330,경강선,삼동,2357,2160,4517
20210330,경강선,세종대왕릉,274,278,552
20210330,경강선,신둔도예촌,1328,1266,2594
20210330,경강선,여주,1724,1753,3477
20210330,경강선,이매,1166,936,2102
20210330,경강선,이천,2286,2393,4679
20210330,경강선,초월,2957,2855,5812
20210330,경강선,판교,4220,4205,8425
20210331,경강선,경기광주,7018,6716,13734
20210331,경강선,곤지암,2059,2115,4174
20210331,경강선,부발,1693,1611,3304
20210331,경강선,삼동,2371,2132,4503
20210331,경강선,세종대왕릉,334,325,659
20210331,경강선,신둔도예촌,1415,1293,2708
20210331,경강선,여주,1782,1843,3625
20210331,경강선,이매,1110,967,2077
20210331,경강선,이천,2329,2465,4794
20210331,경강선,초월,3057,2853,5910
20210331,경강선,판교,4288,4200,8488
20210401,경강선,경기광주,6968,6691,13659
20210401,경강선,곤지암,2067,2063,4130
20210401,경강선,부발,1615,1610,3225
20210401,경강선,삼동,2385,2157,4542
20210401,경강선,세종대왕릉,306,311,617
20210401,경강선,신둔도예촌,1471,1278,2749
20210401,경강선,여주,1871,1819,3690
20210401,경강선,이매,1190,1029,2219
20210401,경강선,이천,2354,2443,4797
20210401,경강선,초월,3015,2874,5889
20210401,경강선,판교,4260,4217,8477
20210402,경강선,경기광주,7255,6832,14087
20210402,경강선,곤지암,2252,2204,4456
20210402,경강선,부발,2439,1842,4281
20210402,경강선,삼동,2431,2170,4601
20210402,경강선,세종대왕릉,324,325,649
20210402,경강선,신둔도예촌,1551,1321,2872
20210402,경강선,여주,2016,2158,4174
20210402,경강선,이매,1166,1060,2226
20210402,경강선,이천,2738,2862,5600
20210402,경강선,초월,3238,2961,6199
20210402,경강선,판교,4380,4365,8745
20210405,경강선,경기광주,6974,6676,13650
20210405,경강선,곤지암,2214,2129,4343
20210405,경강선,부발,1706,1773,3479
20210405,경강선,삼동,2419,2263,4682
20210405,경강선,세종대왕릉,339,324,663
20210405,경강선,신둔도예촌,1378,1284,2662
20210405,경강선,여주,1899,1928,3827
20210405,경강선,이매,1137,1114,2251
20210405,경강선,이천,2380,2567,4947
20210405,경강선,초월,2991,2900,5891
20210405,경강선,판교,4413,4275,8688
20210406,경강선,경기광주,7055,6704,13759
20210406,경강선,곤지암,2216,2164,4380
20210406,경강선,부발,1711,1723,3434
20210406,경강선,삼동,2398,2233,4631
20210406,경강선,세종대왕릉,311,333,644
20210406,경강선,신둔도예촌,1416,1294,2710
20210406,경강선,여주,1827,1830,3657
20210406,경강선,이매,1173,1130,2303
20210406,경강선,이천,2289,2407,4696
20210406,경강선,초월,3071,2943,6014
20210406,경강선,판교,4391,4289,8680
20210407,경강선,경기광주,7031,6718,13749
20210407,경강선,곤지암,2219,2192,4411
20210407,경강선,부발,1774,1748,3522
20210407,경강선,삼동,2423,2172,4595
20210407,경강선,세종대왕릉,320,282,602
20210407,경강선,신둔도예촌,1417,1280,2697
20210407,경강선,여주,1710,1823,3533
20210407,경강선,이매,1164,1075,2239
20210407,경강선,이천,2313,2473,4786
20210407,경강선,초월,3160,2921,6081
20210407,경강선,판교,4478,4304,8782
20210408,경강선,경기광주,6955,6657,13612
20210408,경강선,곤지암,2182,2115,4297
20210408,경강선,부발,1786,1701,3487
20210408,경강선,삼동,2403,2239,4642
20210408,경강선,세종대왕릉,323,308,631
20210408,경강선,신둔도예촌,1462,1302,2764
20210408,경강선,여주,1807,1847,3654
20210408,경강선,이매,1182,1053,2235
20210408,경강선,이천,2280,2501,4781
20210408,경강선,초월,3030,2840,5870
20210408,경강선,판교,4393,4280,8673
20210409,경강선,경기광주,7334,6946,14280
20210409,경강선,곤지암,2268,2238,4506
20210409,경강선,부발,2446,1802,4248
20210409,경강선,삼동,2494,2211,4705
20210409,경강선,세종대왕릉,365,363,728
20210409,경강선,신둔도예촌,1611,1390,3001
20210409,경강선,여주,2099,2292,4391
20210409,경강선,이매,1177,1071,2248
20210409,경강선,이천,2650,2807,5457
20210409,경강선,초월,3287,3010,6297
20210409,경강선,판교,4491,4420,8911
20210412,경강선,경기광주,6565,6358,12923
20210412,경강선,곤지암,1981,1988,3969
20210412,경강선,부발,1555,1604,3159
20210412,경강선,삼동,2228,2141,4369
20210412,경강선,세종대왕릉,253,215,468
20210412,경강선,신둔도예촌,1290,1167,2457
20210412,경강선,여주,1678,1639,3317
20210412,경강선,이매,1064,1009,2073
20210412,경강선,이천,2200,2344,4544
20210412,경강선,초월,2868,2754,5622
20210412,경강선,판교,4238,4062,8300
20210413,경강선,경기광주,6801,6597,13398
20210413,경강선,곤지암,2125,2072,4197
20210413,경강선,부발,1688,1720,3408
20210413,경강선,삼동,2414,2214,4628
20210413,경강선,세종대왕릉,259,275,534
20210413,경강선,신둔도예촌,1365,1252,2617
20210413,경강선,여주,1774,1775,3549
20210413,경강선,이매,1114,1060,2174
20210413,경강선,이천,2232,2352,4584
20210413,경강선,초월,2996,2882,5878
20210413,경강선,판교,4295,4177,8472
20210414,경강선,경기광주,6996,6546,13542
20210414,경강선,곤지암,2171,2154,4325
20210414,경강선,부발,1773,1743,3516
20210414,경강선,삼동,2403,2229,4632
20210414,경강선,세종대왕릉,299,284,583
20210414,경강선,신둔도예촌,1366,1275,2641
20210414,경강선,여주,1813,1831,3644
20210414,경강선,이매,1124,1103,2227
20210414,경강선,이천,2309,2464,4773
20210414,경강선,초월,3017,2891,5908
20210414,경강선,판교,4374,4208,8582
20210415,경강선,경기광주,6892,6707,13599
20210415,경강선,곤지암,2223,2195,4418
20210415,경강선,부발,1737,1714,3451
20210415,경강선,삼동,2361,2178,4539
20210415,경강선,세종대왕릉,320,317,637
20210415,경강선,신둔도예촌,1413,1270,2683
20210415,경강선,여주,1783,1851,3634
20210415,경강선,이매,1113,1077,2190
20210415,경강선,이천,2368,2470,4838
20210415,경강선,초월,2927,2854,5781
20210415,경강선,판교,4437,4210,8647
20210416,경강선,경기광주,6979,6654,13633
20210416,경강선,곤지암,2099,2090,4189
20210416,경강선,부발,2285,1697,3982
20210416,경강선,삼동,2315,2077,4392
20210416,경강선,세종대왕릉,285,274,559
20210416,경강선,신둔도예촌,1455,1239,2694
20210416,경강선,여주,1930,2037,3967
20210416,경강선,이매,1115,1058,2173
20210416,경강선,이천,2502,2613,5115
20210416,경강선,초월,3024,2829,5853
20210416,경강선,판교,4379,4272,8651
20210419,경강선,경기광주,6653,6516,13169
20210419,경강선,곤지암,2160,2146,4306
20210419,경강선,부발,1656,1681,3337
20210419,경강선,삼동,2299,2109,4408
20210419,경강선,세종대왕릉,296,276,572
20210419,경강선,신둔도예촌,1414,1304,2718
20210419,경강선,여주,1799,1788,3587
20210419,경강선,이매,1066,968,2034
20210419,경강선,이천,2279,2450,4729
20210419,경강선,초월,3010,2945,5955
20210419,경강선,판교,3830,3623,7453
20210420,경강선,경기광주,6925,6739,13664
20210420,경강선,곤지암,2223,2213,4436
20210420,경강선,부발,1696,1761,3457
20210420,경강선,삼동,2353,2194,4547
20210420,경강선,세종대왕릉,274,296,570
20210420,경강선,신둔도예촌,1432,1290,2722
20210420,경강선,여주,1910,1896,3806
20210420,경강선,이매,1196,1092,2288
20210420,경강선,이천,2398,2488,4886
20210420,경강선,초월,3034,2896,5930
20210420,경강선,판교,4334,4185,8519
20210421,경강선,경기광주,7021,6687,13708
20210421,경강선,곤지암,2151,2131,4282
20210421,경강선,부발,1797,1828,3625
20210421,경강선,삼동,2367,2182,4549
20210421,경강선,세종대왕릉,307,310,617
20210421,경강선,신둔도예촌,1464,1325,2789
20210421,경강선,여주,1793,1831,3624
20210421,경강선,이매,1138,1036,2174
20210421,경강선,이천,2348,2441,4789
20210421,경강선,초월,3049,2888,5937
20210421,경강선,판교,4275,4190,8465
20210422,경강선,경기광주,6912,6518,13430
20210422,경강선,곤지암,2071,2087,4158
20210422,경강선,부발,1728,1654,3382
20210422,경강선,삼동,2320,2106,4426
20210422,경강선,세종대왕릉,304,311,615
20210422,경강선,신둔도예촌,1498,1315,2813
20210422,경강선,여주,1866,1905,3771
20210422,경강선,이매,1177,1082,2259
20210422,경강선,이천,2311,2556,4867
20210422,경강선,초월,2953,2884,5837
20210422,경강선,판교,4112,4021,8133
20210423,경강선,경기광주,7165,6785,13950
20210423,경강선,곤지암,2196,2180,4376
20210423,경강선,부발,2337,1805,4142
20210423,경강선,삼동,2424,2188,4612
20210423,경강선,세종대왕릉,326,329,655
20210423,경강선,신둔도예촌,1554,1334,2888
20210423,경강선,여주,2035,2098,4133
20210423,경강선,이매,1156,1041,2197
20210423,경강선,이천,2719,2769,5488
20210423,경강선,초월,3143,2917,6060
20210423,경강선,판교,4284,4323,8607
20210426,경강선,경기광주,6877,6665,13542
20210426,경강선,곤지암,2001,2110,4111
20210426,경강선,부발,1712,1744,3456
20210426,경강선,삼동,2346,2197,4543
20210426,경강선,세종대왕릉,296,281,577
20210426,경강선,신둔도예촌,1251,1189,2440
20210426,경강선,여주,1905,1879,3784
20210426,경강선,이매,1113,1045,2158
20210426,경강선,이천,2388,2527,4915
20210426,경강선,초월,2968,2881,5849
20210426,경강선,판교,4237,4129,8366
20210427,경강선,경기광주,6873,6610,13483
20210427,경강선,곤지암,2002,2042,4044
20210427,경강선,부발,1742,1759,3501
20210427,경강선,삼동,2336,2169,4505
20210427,경강선,세종대왕릉,280,291,571
20210427,경강선,신둔도예촌,1291,1185,2476
20210427,경강선,여주,1855,1839,3694
20210427,경강선,이매,1154,1108,2262
20210427,경강선,이천,2288,2428,4716
20210427,경강선,초월,2987,2829,5816
20210427,경강선,판교,4187,4081,8268
20210428,경강선,경기광주,6993,6633,13626
20210428,경강선,곤지암,1998,2046,4044
20210428,경강선,부발,1841,1741,3582
20210428,경강선,삼동,2339,2157,4496
20210428,경강선,세종대왕릉,291,276,567
20210428,경강선,신둔도예촌,1209,1189,2398
20210428,경강선,여주,1947,1952,3899
20210428,경강선,이매,1162,1044,2206
20210428,경강선,이천,2244,2383,4627
20210428,경강선,초월,3019,2932,5951
20210428,경강선,판교,4320,4153,8473
20210429,경강선,경기광주,6957,6714,13671
20210429,경강선,곤지암,2224,2218,4442
20210429,경강선,부발,1691,1718,3409
20210429,경강선,삼동,2474,2201,4675
20210429,경강선,세종대왕릉,304,285,589
20210429,경강선,신둔도예촌,1251,1166,2417
20210429,경강선,여주,2037,1996,4033
20210429,경강선,이매,1170,1103,2273
20210429,경강선,이천,2329,2432,4761
20210429,경강선,초월,3110,2851,5961
20210429,경강선,판교,4287,4193,8480
20210430,경강선,경기광주,7075,6789,13864
20210430,경강선,곤지암,2181,2166,4347
20210430,경강선,부발,2461,1895,4356
20210430,경강선,삼동,2393,2145,4538
20210430,경강선,세종대왕릉,325,309,634
20210430,경강선,신둔도예촌,1369,1283,2652
20210430,경강선,여주,2130,2163,4293
20210430,경강선,이매,1129,1032,2161
20210430,경강선,이천,2689,2784,5473
20210430,경강선,초월,3159,2872,6031
20210430,경강선,판교,4402,4309,8711
20210503,경강선,경기광주,7057,6754,13811
20210503,경강선,곤지암,2242,2254,4496
20210503,경강선,부발,1692,1803,3495
20210503,경강선,삼동,2407,2230,4637
20210503,경강선,세종대왕릉,330,290,620
20210503,경강선,신둔도예촌,1328,1220,2548
20210503,경강선,여주,2081,2069,4150
20210503,경강선,이매,1076,973,2049
20210503,경강선,이천,2413,2623,5036
20210503,경강선,초월,3150,2981,6131
20210503,경강선,판교,4317,4174,8491
20210504,경강선,경기광주,6864,6493,13357
20210504,경강선,곤지암,2296,2160,4456
20210504,경강선,부발,2005,1773,3778
20210504,경강선,삼동,2375,2149,4524
20210504,경강선,세종대왕릉,259,245,504
20210504,경강선,신둔도예촌,1202,1140,2342
20210504,경강선,여주,1992,1983,3975
20210504,경강선,이매,1063,963,2026
20210504,경강선,이천,2348,2529,4877
20210504,경강선,초월,3018,2800,5818
20210504,경강선,판교,4319,4221,8540
20210505,경강선,경기광주,4139,3935,8074
20210505,경강선,곤지암,1342,1539,2881
20210505,경강선,부발,1268,1442,2710
20210505,경강선,삼동,1222,1098,2320
20210505,경강선,세종대왕릉,238,269,507
20210505,경강선,신둔도예촌,793,743,1536
20210505,경강선,여주,2058,2052,4110
20210505,경강선,이매,702,670,1372
20210505,경강선,이천,1839,1970,3809
20210505,경강선,초월,1765,1655,3420
20210505,경강선,판교,2490,2361,4851
20210506,경강선,경기광주,7146,6818,13964
20210506,경강선,곤지암,2296,2300,4596
20210506,경강선,부발,1749,1746,3495
20210506,경강선,삼동,2397,2258,4655
20210506,경강선,세종대왕릉,306,306,612
20210506,경강선,신둔도예촌,1335,1254,2589
20210506,경강선,여주,2192,2112,4304
20210506,경강선,이매,1179,1034,2213
20210506,경강선,이천,2377,2600,4977
20210506,경강선,초월,3089,2924,6013
20210506,경강선,판교,4450,4242,8692
20210507,경강선,경기광주,7144,6837,13981
20210507,경강선,곤지암,2141,2171,4312
20210507,경강선,부발,2315,1861,4176
20210507,경강선,삼동,2335,2152,4487
20210507,경강선,세종대왕릉,304,347,651
20210507,경강선,신둔도예촌,1371,1350,2721
20210507,경강선,여주,2051,2383,4434
20210507,경강선,이매,1148,970,2118
20210507,경강선,이천,2522,2869,5391
20210507,경강선,초월,3195,2980,6175
20210507,경강선,판교,4518,4291,8809
20210510,경강선,경기광주,6824,6577,13401
20210510,경강선,곤지암,2159,2121,4280
20210510,경강선,부발,1559,1658,3217
20210510,경강선,삼동,2262,2130,4392
20210510,경강선,세종대왕릉,277,246,523
20210510,경강선,신둔도예촌,1331,1188,2519
20210510,경강선,여주,1813,1777,3590
20210510,경강선,이매,1066,897,1963
20210510,경강선,이천,2182,2388,4570
20210510,경강선,초월,3007,2881,5888
20210510,경강선,판교,3891,3674,7565
20210511,경강선,경기광주,7271,6978,14249
20210511,경강선,곤지암,2394,2318,4712
20210511,경강선,부발,1800,1850,3650
20210511,경강선,삼동,2464,2214,4678
20210511,경강선,세종대왕릉,326,317,643
20210511,경강선,신둔도예촌,1475,1331,2806
20210511,경강선,여주,2031,1970,4001
20210511,경강선,이매,1164,1031,2195
20210511,경강선,이천,2463,2526,4989
20210511,경강선,초월,3205,3036,6241
20210511,경강선,판교,4381,4303,8684
20210512,경강선,경기광주,7228,6851,14079
20210512,경강선,곤지암,2319,2260,4579
20210512,경강선,부발,1812,1809,3621
20210512,경강선,삼동,2426,2193,4619
20210512,경강선,세종대왕릉,281,276,557
20210512,경강선,신둔도예촌,1450,1367,2817
20210512,경강선,여주,2050,2001,4051
20210512,경강선,이매,1180,961,2141
20210512,경강선,이천,2490,2627,5117
20210512,경강선,초월,3141,2954,6095
20210512,경강선,판교,4447,4319,8766
20210513,경강선,경기광주,7241,6762,14003
20210513,경강선,곤지암,2248,2242,4490
20210513,경강선,부발,1727,1654,3381
20210513,경강선,삼동,2390,2192,4582
20210513,경강선,세종대왕릉,284,297,581
20210513,경강선,신둔도예촌,1500,1338,2838
20210513,경강선,여주,2116,2022,4138
20210513,경강선,이매,1149,1021,2170
20210513,경강선,이천,2455,2502,4957
20210513,경강선,초월,3097,2983,6080
20210513,경강선,판교,4386,4304,8690
20210514,경강선,경기광주,7606,7146,14752
20210514,경강선,곤지암,2353,2299,4652
20210514,경강선,부발,2442,1906,4348
20210514,경강선,삼동,2481,2193,4674
20210514,경강선,세종대왕릉,333,313,646
20210514,경강선,신둔도예촌,1577,1400,2977
20210514,경강선,여주,2175,2254,4429
20210514,경강선,이매,1145,996,2141
20210514,경강선,이천,2823,2982,5805
20210514,경강선,초월,3378,3023,6401
20210514,경강선,판교,4540,4492,9032
20210517,경강선,경기광주,6838,6550,13388
20210517,경강선,곤지암,2121,2124,4245
20210517,경강선,부발,1603,1716,3319
20210517,경강선,삼동,2302,2154,4456
20210517,경강선,세종대왕릉,259,266,525
20210517,경강선,신둔도예촌,1347,1269,2616
20210517,경강선,여주,1850,1863,3713
20210517,경강선,이매,1086,903,1989
20210517,경강선,이천,2350,2540,4890
20210517,경강선,초월,2959,2861,5820
20210517,경강선,판교,4325,4125,8450
20210518,경강선,경기광주,7520,7065,14585
20210518,경강선,곤지암,2421,2341,4762
20210518,경강선,부발,2188,1978,4166
20210518,경강선,삼동,2590,2243,4833
20210518,경강선,세종대왕릉,296,313,609
20210518,경강선,신둔도예촌,1547,1384,2931
20210518,경강선,여주,2356,2323,4679
20210518,경강선,이매,1217,1026,2243
20210518,경강선,이천,2634,2831,5465
20210518,경강선,초월,3345,3091,6436
20210518,경강선,판교,4525,4560,9085
20210519,경강선,경기광주,4369,4175,8544
20210519,경강선,곤지암,1713,1861,3574
20210519,경강선,부발,1423,1722,3145
20210519,경강선,삼동,1306,1196,2502
20210519,경강선,세종대왕릉,261,307,568
20210519,경강선,신둔도예촌,945,939,1884
20210519,경강선,여주,2450,2304,4754
20210519,경강선,이매,781,617,1398
20210519,경강선,이천,2046,2148,4194
20210519,경강선,초월,1931,1769,3700
20210519,경강선,판교,2613,2514,5127
20210520,경강선,경기광주,6911,6604,13515
20210520,경강선,곤지암,2156,2109,4265
20210520,경강선,부발,1727,1698,3425
20210520,경강선,삼동,2377,2211,4588
20210520,경강선,세종대왕릉,261,263,524
20210520,경강선,신둔도예촌,1511,1343,2854
20210520,경강선,여주,1812,1801,3613
20210520,경강선,이매,1107,971,2078
20210520,경강선,이천,2292,2438,4730
20210520,경강선,초월,3057,2861,5918
20210520,경강선,판교,4404,4233,8637
20210521,경강선,경기광주,7326,6921,14247
20210521,경강선,곤지암,2222,2106,4328
20210521,경강선,부발,2285,1762,4047
20210521,경강선,삼동,2323,2102,4425
20210521,경강선,세종대왕릉,295,294,589
20210521,경강선,신둔도예촌,1510,1283,2793
20210521,경강선,여주,1946,2161,4107
20210521,경강선,이매,1154,961,2115
20210521,경강선,이천,2567,2739,5306
20210521,경강선,초월,3197,2927,6124
20210521,경강선,판교,4374,4367,8741
20210524,경강선,경기광주,7236,6818,14054
20210524,경강선,곤지암,2328,2304,4632
20210524,경강선,부발,1628,1777,3405
20210524,경강선,삼동,2453,2327,4780
20210524,경강선,세종대왕릉,304,299,603
20210524,경강선,신둔도예촌,1469,1325,2794
20210524,경강선,여주,1958,1974,3932
20210524,경강선,이매,1123,927,2050
20210524,경강선,이천,2476,2562,5038
20210524,경강선,초월,3162,3074,6236
20210524,경강선,판교,4474,4287,8761
20210525,경강선,경기광주,6939,6710,13649
20210525,경강선,곤지암,2149,2145,4294
20210525,경강선,부발,1703,1755,3458
20210525,경강선,삼동,2441,2226,4667
20210525,경강선,세종대왕릉,249,239,488
20210525,경강선,신둔도예촌,1471,1261,2732
20210525,경강선,여주,1975,1948,3923
20210525,경강선,이매,1173,1001,2174
20210525,경강선,이천,2326,2406,4732
20210525,경강선,초월,3030,2904,5934
20210525,경강선,판교,4316,4239,8555
20210526,경강선,경기광주,7235,6800,14035
20210526,경강선,곤지암,2294,2259,4553
20210526,경강선,부발,1846,1778,3624
20210526,경강선,삼동,2471,2280,4751
20210526,경강선,세종대왕릉,293,285,578
20210526,경강선,신둔도예촌,1432,1329,2761
20210526,경강선,여주,2077,2076,4153
20210526,경강선,이매,1148,1001,2149
20210526,경강선,이천,2346,2563,4909
20210526,경강선,초월,3141,3022,6163
20210526,경강선,판교,4385,4335,8720
20210527,경강선,경기광주,6846,6556,13402
20210527,경강선,곤지암,1959,1944,3903
20210527,경강선,부발,1643,1652,3295
20210527,경강선,삼동,2390,2177,4567
20210527,경강선,세종대왕릉,251,230,481
20210527,경강선,신둔도예촌,1419,1264,2683
20210527,경강선,여주,1924,1883,3807
20210527,경강선,이매,1058,905,1963
20210527,경강선,이천,2305,2370,4675
20210527,경강선,초월,2960,2846,5806
20210527,경강선,판교,4212,4160,8372
20210528,경강선,경기광주,6954,6450,13404
20210528,경강선,곤지암,2039,2015,4054
20210528,경강선,부발,2274,1693,3967
20210528,경강선,삼동,2351,2103,4454
20210528,경강선,세종대왕릉,247,259,506
20210528,경강선,신둔도예촌,1441,1232,2673
20210528,경강선,여주,1900,1984,3884
20210528,경강선,이매,1037,924,1961
20210528,경강선,이천,2480,2637,5117
20210528,경강선,초월,3017,2765,5782
20210528,경강선,판교,4264,4204,8468
20210531,경강선,경기광주,6901,6656,13557
20210531,경강선,곤지암,2274,2245,4519
20210531,경강선,부발,1657,1750,3407
20210531,경강선,삼동,2481,2265,4746
20210531,경강선,세종대왕릉,271,258,529
20210531,경강선,신둔도예촌,1362,1257,2619
20210531,경강선,여주,1979,1968,3947
20210531,경강선,이매,1117,897,2014
20210531,경강선,이천,2402,2500,4902
20210531,경강선,초월,3061,2976,6037
20210531,경강선,판교,4290,4248,8538
20210601,경강선,경기광주,7030,6782,13812
20210601,경강선,곤지암,1979,1974,3953
20210601,경강선,부발,1762,1795,3557
20210601,경강선,삼동,2446,2267,4713
20210601,경강선,세종대왕릉,300,273,573
20210601,경강선,신둔도예촌,1403,1283,2686
20210601,경강선,여주,1972,1971,3943
20210601,경강선,이매,1112,982,2094
20210601,경강선,이천,2330,2433,4763
20210601,경강선,초월,3097,2905,6002
20210601,경강선,판교,4413,4360,8773
20210602,경강선,경기광주,7140,6718,13858
20210602,경강선,곤지암,2273,2179,4452
20210602,경강선,부발,1773,1729,3502
20210602,경강선,삼동,2455,2292,4747
20210602,경강선,세종대왕릉,275,266,541
20210602,경강선,신둔도예촌,1450,1278,2728
20210602,경강선,여주,1971,1989,3960
20210602,경강선,이매,1130,960,2090
20210602,경강선,이천,2215,2435,4650
20210602,경강선,초월,3069,2927,5996
20210602,경강선,판교,4299,4344,8643
20210603,경강선,경기광주,6741,6385,13126
20210603,경강선,곤지암,2073,2063,4136
20210603,경강선,부발,1641,1608,3249
20210603,경강선,삼동,2291,2123,4414
20210603,경강선,세종대왕릉,253,252,505
20210603,경강선,신둔도예촌,1428,1219,2647
20210603,경강선,여주,1878,1846,3724
20210603,경강선,이매,1113,913,2026
20210603,경강선,이천,2044,2262,4306
20210603,경강선,초월,2943,2734,5677
20210603,경강선,판교,4424,4372,8796
20210604,경강선,경기광주,7491,7054,14545
20210604,경강선,곤지암,2306,2228,4534
20210604,경강선,부발,2399,1876,4275
20210604,경강선,삼동,2477,2272,4749
20210604,경강선,세종대왕릉,305,329,634
20210604,경강선,신둔도예촌,1596,1355,2951
20210604,경강선,여주,2191,2192,4383
20210604,경강선,이매,1208,1015,2223
20210604,경강선,이천,2769,2906,5675
20210604,경강선,초월,3247,2988,6235
20210604,경강선,판교,4613,4634,9247
20210607,경강선,경기광주,7011,6650,13661
20210607,경강선,곤지암,2174,2252,4426
20210607,경강선,부발,1672,1751,3423
20210607,경강선,삼동,2475,2320,4795
20210607,경강선,세종대왕릉,295,269,564
20210607,경강선,신둔도예촌,1420,1292,2712
20210607,경강선,여주,1933,1953,3886
20210607,경강선,이매,1145,896,2041
20210607,경강선,이천,2401,2553,4954
20210607,경강선,초월,3036,2896,5932
20210607,경강선,판교,4390,4289,8679
20210608,경강선,경기광주,7152,6773,13925
20210608,경강선,곤지암,2311,2193,4504
20210608,경강선,부발,1672,1658,3330
20210608,경강선,삼동,2484,2295,4779
20210608,경강선,세종대왕릉,257,282,539
20210608,경강선,신둔도예촌,1439,1268,2707
20210608,경강선,여주,1938,1900,3838
20210608,경강선,이매,1170,1004,2174
20210608,경강선,이천,2400,2527,4927
20210608,경강선,초월,3113,2949,6062
20210608,경강선,판교,4480,4413,8893
20210609,경강선,경기광주,7202,6738,13940
20210609,경강선,곤지암,2241,2206,4447
20210609,경강선,부발,1693,1724,3417
20210609,경강선,삼동,2422,2215,4637
20210609,경강선,세종대왕릉,273,267,540
20210609,경강선,신둔도예촌,1431,1303,2734
20210609,경강선,여주,1918,1989,3907
20210609,경강선,이매,1185,945,2130
20210609,경강선,이천,2276,2424,4700
20210609,경강선,초월,3097,2905,6002
20210609,경강선,판교,4442,4416,8858
20210610,경강선,경기광주,7146,6837,13983
20210610,경강선,곤지암,2180,2188,4368
20210610,경강선,부발,1812,1750,3562
20210610,경강선,삼동,2483,2250,4733
20210610,경강선,세종대왕릉,251,250,501
20210610,경강선,신둔도예촌,1499,1292,2791
20210610,경강선,여주,2092,2026,4118
20210610,경강선,이매,1136,987,2123
20210610,경강선,이천,2326,2484,4810
20210610,경강선,초월,3079,2909,5988
20210610,경강선,판교,4537,4411,8948
20210611,경강선,경기광주,7071,6702,13773
20210611,경강선,곤지암,2081,2109,4190
20210611,경강선,부발,2296,1676,3972
20210611,경강선,삼동,2369,2150,4519
20210611,경강선,세종대왕릉,286,277,563
20210611,경강선,신둔도예촌,1524,1353,2877
20210611,경강선,여주,2033,2117,4150
20210611,경강선,이매,1131,895,2026
20210611,경강선,이천,2643,2812,5455
20210611,경강선,초월,3113,2903,6016
20210611,경강선,판교,4406,4442,8848
20210614,경강선,경기광주,6994,6639,13633
20210614,경강선,곤지암,2265,2271,4536
20210614,경강선,부발,1695,1767,3462
20210614,경강선,삼동,2407,2197,4604
20210614,경강선,세종대왕릉,268,235,503
20210614,경강선,신둔도예촌,1433,1281,2714
20210614,경강선,여주,1879,2012,3891
20210614,경강선,이매,1180,970,2150
20210614,경강선,이천,2355,2574,4929
20210614,경강선,초월,3103,3007,6110
20210614,경강선,판교,3947,3903,7850
20210615,경강선,경기광주,7117,6746,13863
20210615,경강선,곤지암,2204,2150,4354
20210615,경강선,부발,1862,1785,3647
20210615,경강선,삼동,2333,2181,4514
20210615,경강선,세종대왕릉,281,264,545
20210615,경강선,신둔도예촌,1417,1279,2696
20210615,경강선,여주,2092,2087,4179
20210615,경강선,이매,1162,1017,2179
20210615,경강선,이천,2323,2466,4789
20210615,경강선,초월,3026,2857,5883
20210615,경강선,판교,4422,4446,8868
20210616,경강선,경기광주,7184,6763,13947
20210616,경강선,곤지암,2277,2234,4511
20210616,경강선,부발,1847,1941,3788
20210616,경강선,삼동,2466,2161,4627
20210616,경강선,세종대왕릉,308,303,611
20210616,경강선,신둔도예촌,1465,1338,2803
20210616,경강선,여주,2137,2150,4287
20210616,경강선,이매,1172,915,2087
20210616,경강선,이천,2410,2625,5035
20210616,경강선,초월,3120,2945,6065
20210616,경강선,판교,4603,4544,9147
20210617,경강선,경기광주,7195,6852,14047
20210617,경강선,곤지암,2170,2185,4355
20210617,경강선,부발,1809,1722,3531
20210617,경강선,삼동,2345,2169,4514
20210617,경강선,세종대왕릉,266,287,553
20210617,경강선,신둔도예촌,1396,1296,2692
20210617,경강선,여주,2040,2049,4089
20210617,경강선,이매,1162,971,2133
20210617,경강선,이천,2503,2642,5145
20210617,경강선,초월,3171,2920,6091
20210617,경강선,판교,4551,4513,9064
20210618,경강선,경기광주,7212,6784,13996
20210618,경강선,곤지암,2114,2064,4178
20210618,경강선,부발,2295,1851,4146
20210618,경강선,삼동,2382,2086,4468
20210618,경강선,세종대왕릉,276,287,563
20210618,경강선,신둔도예촌,1454,1309,2763
20210618,경강선,여주,2079,2049,4128
20210618,경강선,이매,1091,924,2015
20210618,경강선,이천,2687,2869,5556
20210618,경강선,초월,3204,2876,6080
20210618,경강선,판교,4523,4528,9051
20210621,경강선,경기광주,7228,6917,14145
20210621,경강선,곤지암,2199,2214,4413
20210621,경강선,부발,1703,1771,3474
20210621,경강선,삼동,2411,2243,4654
20210621,경강선,세종대왕릉,289,258,547
20210621,경강선,신둔도예촌,1398,1323,2721
20210621,경강선,여주,2032,2025,4057
20210621,경강선,이매,1176,960,2136
20210621,경강선,이천,2494,2640,5134
20210621,경강선,초월,3164,3021,6185
20210621,경강선,판교,4579,4479,9058
20210622,경강선,경기광주,7352,6994,14346
20210622,경강선,곤지암,2320,2242,4562
20210622,경강선,부발,1724,1759,3483
20210622,경강선,삼동,2485,2263,4748
20210622,경강선,세종대왕릉,338,330,668
20210622,경강선,신둔도예촌,1372,1286,2658
20210622,경강선,여주,1875,1828,3703
20210622,경강선,이매,1155,1003,2158
20210622,경강선,이천,2411,2536,4947
20210622,경강선,초월,3171,2957,6128
20210622,경강선,판교,4627,4627,9254
20210623,경강선,경기광주,7114,6829,13943
20210623,경강선,곤지암,2159,2239,4398
20210623,경강선,부발,1681,1666,3347
20210623,경강선,삼동,2455,2215,4670
20210623,경강선,세종대왕릉,283,260,543
20210623,경강선,신둔도예촌,1324,1257,2581
20210623,경강선,여주,1785,1832,3617
20210623,경강선,이매,1165,958,2123
20210623,경강선,이천,2373,2505,4878
20210623,경강선,초월,3119,2950,6069
20210623,경강선,판교,4542,4427,8969
20210624,경강선,경기광주,7408,6907,14315
20210624,경강선,곤지암,2284,2257,4541
20210624,경강선,부발,1758,1717,3475
20210624,경강선,삼동,2481,2266,4747
20210624,경강선,세종대왕릉,263,272,535
20210624,경강선,신둔도예촌,1365,1282,2647
20210624,경강선,여주,1790,1829,3619
20210624,경강선,이매,1189,1024,2213
20210624,경강선,이천,2465,2624,5089
20210624,경강선,초월,3136,2969,6105
20210624,경강선,판교,4663,4664,9327
20210625,경강선,경기광주,7435,7076,14511
20210625,경강선,곤지암,2256,2261,4517
20210625,경강선,부발,2413,1910,4323
20210625,경강선,삼동,2472,2209,4681
20210625,경강선,세종대왕릉,317,330,647
20210625,경강선,신둔도예촌,1475,1416,2891
20210625,경강선,여주,2212,2339,4551
20210625,경강선,이매,1160,944,2104
20210625,경강선,이천,2793,2967,5760
20210625,경강선,초월,3345,3014,6359
20210625,경강선,판교,4691,4800,9491
20210628,경강선,경기광주,7272,6969,14241
20210628,경강선,곤지암,2202,2253,4455
20210628,경강선,부발,1653,1742,3395
20210628,경강선,삼동,2359,2224,4583
20210628,경강선,세종대왕릉,302,279,581
20210628,경강선,신둔도예촌,1322,1222,2544
20210628,경강선,여주,1799,1784,3583
20210628,경강선,이매,1142,953,2095
20210628,경강선,이천,2407,2614,5021
20210628,경강선,초월,3109,2962,6071
20210628,경강선,판교,4578,4346,8924
20210629,경강선,경기광주,7464,7058,14522
20210629,경강선,곤지암,2279,2347,4626
20210629,경강선,부발,1713,1734,3447
20210629,경강선,삼동,2505,2275,4780
20210629,경강선,세종대왕릉,293,321,614
20210629,경강선,신둔도예촌,1370,1299,2669
20210629,경강선,여주,1848,1893,3741
20210629,경강선,이매,1167,973,2140
20210629,경강선,이천,2350,2545,4895
20210629,경강선,초월,3177,2976,6153
20210629,경강선,판교,4628,4610,9238
20210630,경강선,경기광주,7244,6771,14015
20210630,경강선,곤지암,2296,2198,4494
20210630,경강선,부발,1652,1683,3335
20210630,경강선,삼동,2481,2238,4719
20210630,경강선,세종대왕릉,271,280,551
20210630,경강선,신둔도예촌,1287,1235,2522
20210630,경강선,여주,1890,1889,3779
20210630,경강선,이매,1186,977,2163
20210630,경강선,이천,2335,2521,4856
20210630,경강선,초월,3115,2977,6092
20210630,경강선,판교,4597,4522,9119
20210701,경강선,경기광주,7204,6797,14001
20210701,경강선,곤지암,1955,2026,3981
20210701,경강선,부발,1769,1721,3490
20210701,경강선,삼동,2469,2223,4692
20210701,경강선,세종대왕릉,268,285,553
20210701,경강선,신둔도예촌,1329,1303,2632
20210701,경강선,여주,1758,1799,3557
20210701,경강선,이매,1173,943,2116
20210701,경강선,이천,2361,2507,4868
20210701,경강선,초월,3108,2933,6041
20210701,경강선,판교,4602,4607,9209
20210702,경강선,경기광주,7614,7233,14847
20210702,경강선,곤지암,2296,2306,4602
20210702,경강선,부발,2398,1861,4259
20210702,경강선,삼동,2478,2238,4716
20210702,경강선,세종대왕릉,336,306,642
20210702,경강선,신둔도예촌,1466,1348,2814
20210702,경강선,여주,2166,2254,4420
20210702,경강선,이매,1228,967,2195
20210702,경강선,이천,2781,2960,5741
20210702,경강선,초월,3350,3031,6381
20210702,경강선,판교,4866,4803,9669
20210705,경강선,경기광주,7324,6948,14272
20210705,경강선,곤지암,1999,2115,4114
20210705,경강선,부발,1703,1768,3471
20210705,경강선,삼동,2450,2266,4716
20210705,경강선,세종대왕릉,297,264,561
20210705,경강선,신둔도예촌,1332,1281,2613
20210705,경강선,여주,1839,1815,3654
20210705,경강선,이매,1232,1006,2238
20210705,경강선,이천,2387,2641,5028
20210705,경강선,초월,3110,2951,6061
20210705,경강선,판교,4590,4546,9136
20210706,경강선,경기광주,7314,7068,14382
20210706,경강선,곤지암,1994,2049,4043
20210706,경강선,부발,1685,1696,3381
20210706,경강선,삼동,2450,2255,4705
20210706,경강선,세종대왕릉,312,299,611
20210706,경강선,신둔도예촌,1283,1198,2481
20210706,경강선,여주,1841,1823,3664
20210706,경강선,이매,1192,1001,2193
20210706,경강선,이천,2388,2563,4951
20210706,경강선,초월,3081,2916,5997
20210706,경강선,판교,4520,4476,8996
20210707,경강선,경기광주,7052,6612,13664
20210707,경강선,곤지암,1949,2012,3961
20210707,경강선,부발,1693,1672,3365
20210707,경강선,삼동,2353,2179,4532
20210707,경강선,세종대왕릉,272,264,536
20210707,경강선,신둔도예촌,1252,1207,2459
20210707,경강선,여주,1701,1755,3456
20210707,경강선,이매,1124,927,2051
20210707,경강선,이천,2241,2430,4671
20210707,경강선,초월,2934,2813,5747
20210707,경강선,판교,4495,4432,8927
20210708,경강선,경기광주,6785,6556,13341
20210708,경강선,곤지암,2003,2012,4015
20210708,경강선,부발,1685,1597,3282
20210708,경강선,삼동,2298,2075,4373
20210708,경강선,세종대왕릉,267,265,532
20210708,경강선,신둔도예촌,1303,1251,2554
20210708,경강선,여주,1682,1716,3398
20210708,경강선,이매,1111,936,2047
20210708,경강선,이천,2197,2270,4467
20210708,경강선,초월,2862,2737,5599
20210708,경강선,판교,4485,4368,8853
20210709,경강선,경기광주,7027,6689,13716
20210709,경강선,곤지암,2086,2132,4218
20210709,경강선,부발,2270,1790,4060
20210709,경강선,삼동,2324,2105,4429
20210709,경강선,세종대왕릉,331,318,649
20210709,경강선,신둔도예촌,1350,1283,2633
20210709,경강선,여주,1912,1979,3891
20210709,경강선,이매,1119,969,2088
20210709,경강선,이천,2583,2647,5230
20210709,경강선,초월,2984,2828,5812
20210709,경강선,판교,4378,4284,8662
20210712,경강선,경기광주,6174,5970,12144
20210712,경강선,곤지암,1785,1836,3621
20210712,경강선,부발,1410,1528,2938
20210712,경강선,삼동,2041,1899,3940
20210712,경강선,세종대왕릉,256,240,496
20210712,경강선,신둔도예촌,1183,1117,2300
20210712,경강선,여주,1567,1592,3159
20210712,경강선,이매,955,846,1801
20210712,경강선,이천,2126,2254,4380
20210712,경강선,초월,2717,2611,5328
20210712,경강선,판교,3498,3370,6868
20210713,경강선,경기광주,6136,6001,12137
20210713,경강선,곤지암,1749,1779,3528
20210713,경강선,부발,1470,1451,2921
20210713,경강선,삼동,2134,1953,4087
20210713,경강선,세종대왕릉,277,250,527
20210713,경강선,신둔도예촌,1107,1074,2181
20210713,경강선,여주,1582,1630,3212
20210713,경강선,이매,971,892,1863
20210713,경강선,이천,2074,2220,4294
20210713,경강선,초월,2584,2517,5101
20210713,경강선,판교,3920,3800,7720
20210714,경강선,경기광주,5969,5803,11772
20210714,경강선,곤지암,1743,1774,3517
20210714,경강선,부발,1433,1389,2822
20210714,경강선,삼동,2059,1914,3973
20210714,경강선,세종대왕릉,244,248,492
20210714,경강선,신둔도예촌,1100,1034,2134
20210714,경강선,여주,1483,1563,3046
20210714,경강선,이매,945,835,1780
20210714,경강선,이천,2007,2174,4181
20210714,경강선,초월,2663,2491,5154
20210714,경강선,판교,3798,3674,7472
20210715,경강선,경기광주,5880,5655,11535
20210715,경강선,곤지암,1684,1716,3400
20210715,경강선,부발,1492,1397,2889
20210715,경강선,삼동,2098,1914,4012
20210715,경강선,세종대왕릉,223,214,437
20210715,경강선,신둔도예촌,1116,1017,2133
20210715,경강선,여주,1563,1564,3127
20210715,경강선,이매,946,821,1767
20210715,경강선,이천,1934,2063,3997
20210715,경강선,초월,2562,2489,5051
20210715,경강선,판교,3773,3689,7462
20210716,경강선,경기광주,6191,5897,12088
20210716,경강선,곤지암,1934,1872,3806
20210716,경강선,부발,2083,1487,3570
20210716,경강선,삼동,2083,1858,3941
20210716,경강선,세종대왕릉,273,271,544
20210716,경강선,신둔도예촌,1178,1130,2308
20210716,경강선,여주,1695,1940,3635
20210716,경강선,이매,933,821,1754
20210716,경강선,이천,2262,2401,4663
20210716,경강선,초월,2682,2480,5162
20210716,경강선,판교,3763,3681,7444
20210719,경강선,경기광주,6035,5876,11911
20210719,경강선,곤지암,1762,1773,3535
20210719,경강선,부발,1418,1505,2923
20210719,경강선,삼동,2077,1926,4003
20210719,경강선,세종대왕릉,256,244,500
20210719,경강선,신둔도예촌,1130,1075,2205
20210719,경강선,여주,1640,1586,3226
20210719,경강선,이매,1008,830,1838
20210719,경강선,이천,2055,2171,4226
20210719,경강선,초월,2649,2578,5227
20210719,경강선,판교,3699,3631,7330
20210720,경강선,경기광주,6140,5920,12060
20210720,경강선,곤지암,1712,1731,3443
20210720,경강선,부발,1404,1444,2848
20210720,경강선,삼동,2098,1966,4064
20210720,경강선,세종대왕릉,243,238,481
20210720,경강선,신둔도예촌,1186,1074,2260
20210720,경강선,여주,1538,1618,3156
20210720,경강선,이매,996,846,1842
20210720,경강선,이천,2054,2211,4265
20210720,경강선,초월,2565,2509,5074
20210720,경강선,판교,3748,3602,7350
20210721,경강선,경기광주,5886,5776,11662
20210721,경강선,곤지암,1708,1743,3451
20210721,경강선,부발,1344,1358,2702
20210721,경강선,삼동,2024,1849,3873
20210721,경강선,세종대왕릉,219,222,441
20210721,경강선,신둔도예촌,1143,1075,2218
20210721,경강선,여주,1537,1544,3081
20210721,경강선,이매,942,823,1765
20210721,경강선,이천,1938,2053,3991
20210721,경강선,초월,2566,2526,5092
20210721,경강선,판교,3775,3644,7419
20210722,경강선,경기광주,5955,5740,11695
20210722,경강선,곤지암,1704,1758,3462
20210722,경강선,부발,1466,1416,2882
20210722,경강선,삼동,2028,1880,3908
20210722,경강선,세종대왕릉,234,227,461
20210722,경강선,신둔도예촌,1079,1043,2122
20210722,경강선,여주,1536,1611,3147
20210722,경강선,이매,872,826,1698
20210722,경강선,이천,2038,2093,4131
20210722,경강선,초월,2566,2453,5019
20210722,경강선,판교,3792,3700,7492
20210723,경강선,경기광주,6154,5839,11993
20210723,경강선,곤지암,1853,1846,3699
20210723,경강선,부발,2051,1545,3596
20210723,경강선,삼동,2052,1872,3924
20210723,경강선,세종대왕릉,274,275,549
20210723,경강선,신둔도예촌,1189,1155,2344
20210723,경강선,여주,1643,1880,3523
20210723,경강선,이매,916,803,1719
20210723,경강선,이천,2244,2407,4651
20210723,경강선,초월,2706,2560,5266
20210723,경강선,판교,3859,3738,7597
20210726,경강선,경기광주,5980,5848,11828
20210726,경강선,곤지암,1653,1705,3358
20210726,경강선,부발,1375,1489,2864
20210726,경강선,삼동,2000,1899,3899
20210726,경강선,세종대왕릉,256,227,483
20210726,경강선,신둔도예촌,1089,1019,2108
20210726,경강선,여주,1644,1607,3251
20210726,경강선,이매,945,808,1753
20210726,경강선,이천,2078,2188,4266
20210726,경강선,초월,2570,2483,5053
20210726,경강선,판교,3676,3549,7225
20210727,경강선,경기광주,5994,5731,11725
20210727,경강선,곤지암,1698,1675,3373
20210727,경강선,부발,1460,1387,2847
20210727,경강선,삼동,1994,1865,3859
20210727,경강선,세종대왕릉,228,221,449
20210727,경강선,신둔도예촌,1114,1069,2183
20210727,경강선,여주,1523,1562,3085
20210727,경강선,이매,927,830,1757
20210727,경강선,이천,2099,2143,4242
20210727,경강선,초월,2509,2422,4931
20210727,경강선,판교,3726,3644,7370
20210728,경강선,경기광주,5913,5777,11690
20210728,경강선,곤지암,1690,1667,3357
20210728,경강선,부발,1510,1475,2985
20210728,경강선,삼동,2003,1902,3905
20210728,경강선,세종대왕릉,258,250,508
20210728,경강선,신둔도예촌,1072,1028,2100
20210728,경강선,여주,1604,1650,3254
20210728,경강선,이매,924,776,1700
20210728,경강선,이천,2018,2067,4085
20210728,경강선,초월,2586,2437,5023
20210728,경강선,판교,3749,3614,7363
20210729,경강선,경기광주,5917,5648,11565
20210729,경강선,곤지암,1672,1670,3342
20210729,경강선,부발,1548,1438,2986
20210729,경강선,삼동,1977,1819,3796
20210729,경강선,세종대왕릉,236,240,476
20210729,경강선,신둔도예촌,1070,1029,2099
20210729,경강선,여주,1533,1618,3151
20210729,경강선,이매,899,760,1659
20210729,경강선,이천,2071,2168,4239
20210729,경강선,초월,2487,2413,4900
20210729,경강선,판교,3721,3666,7387
20210730,경강선,경기광주,6081,5880,11961
20210730,경강선,곤지암,1845,1823,3668
20210730,경강선,부발,2048,1497,3545
20210730,경강선,삼동,2009,1775,3784
20210730,경강선,세종대왕릉,270,257,527
20210730,경강선,신둔도예촌,1205,1135,2340
20210730,경강선,여주,1771,1982,3753
20210730,경강선,이매,949,817,1766
20210730,경강선,이천,2348,2467,4815
20210730,경강선,초월,2608,2452,5060
20210730,경강선,판교,3982,3813,7795
20210802,경강선,경기광주,5705,5485,11190
20210802,경강선,곤지암,1676,1652,3328
20210802,경강선,부발,1516,1498,3014
20210802,경강선,삼동,1823,1675,3498
20210802,경강선,세종대왕릉,224,215,439
20210802,경강선,신둔도예촌,1018,981,1999
20210802,경강선,여주,1611,1621,3232
20210802,경강선,이매,856,709,1565
20210802,경강선,이천,2112,2221,4333
20210802,경강선,초월,2396,2307,4703
20210802,경강선,판교,3152,3079,6231
20210803,경강선,경기광주,5915,5674,11589
20210803,경강선,곤지암,1744,1762,3506
20210803,경강선,부발,1446,1426,2872
20210803,경강선,삼동,1885,1806,3691
20210803,경강선,세종대왕릉,230,271,501
20210803,경강선,신둔도예촌,1083,1049,2132
20210803,경강선,여주,1502,1618,3120
20210803,경강선,이매,900,765,1665
20210803,경강선,이천,2108,2175,4283
20210803,경강선,초월,2388,2314,4702
20210803,경강선,판교,3715,3632,7347
20210804,경강선,경기광주,5791,5563,11354
20210804,경강선,곤지암,1674,1721,3395
20210804,경강선,부발,1494,1395,2889
20210804,경강선,삼동,1918,1825,3743
20210804,경강선,세종대왕릉,298,247,545
20210804,경강선,신둔도예촌,1050,1078,2128
20210804,경강선,여주,1658,1691,3349
20210804,경강선,이매,848,761,1609
20210804,경강선,이천,2093,2246,4339
20210804,경강선,초월,2372,2372,4744
20210804,경강선,판교,3620,3525,7145
20210805,경강선,경기광주,6024,5627,11651
20210805,경강선,곤지암,1661,1659,3320
20210805,경강선,부발,1543,1441,2984
20210805,경강선,삼동,1934,1779,3713
20210805,경강선,세종대왕릉,272,281,553
20210805,경강선,신둔도예촌,1119,1078,2197
20210805,경강선,여주,1680,1725,3405
20210805,경강선,이매,930,765,1695
20210805,경강선,이천,2108,2161,4269
20210805,경강선,초월,2390,2340,4730
20210805,경강선,판교,3739,3672,7411
20210806,경강선,경기광주,5994,5697,11691
20210806,경강선,곤지암,1849,1845,3694
20210806,경강선,부발,2060,1519,3579
20210806,경강선,삼동,1974,1833,3807
20210806,경강선,세종대왕릉,271,276,547
20210806,경강선,신둔도예촌,1212,1175,2387
20210806,경강선,여주,1722,1949,3671
20210806,경강선,이매,933,801,1734
20210806,경강선,이천,2224,2356,4580
20210806,경강선,초월,2556,2450,5006
20210806,경강선,판교,3953,3687,7640
20210809,경강선,경기광주,6288,6026,12314
20210809,경강선,곤지암,1710,1742,3452
20210809,경강선,부발,1553,1560,3113
20210809,경강선,삼동,2097,1894,3991
20210809,경강선,세종대왕릉,238,221,459
20210809,경강선,신둔도예촌,1166,1103,2269
20210809,경강선,여주,1703,1670,3373
20210809,경강선,이매,938,855,1793
20210809,경강선,이천,2139,2266,4405
20210809,경강선,초월,2660,2545,5205
20210809,경강선,판교,3901,3802,7703
20210810,경강선,경기광주,6337,6037,12374
20210810,경강선,곤지암,1719,1737,3456
20210810,경강선,부발,1527,1468,2995
20210810,경강선,삼동,2031,1897,3928
20210810,경강선,세종대왕릉,243,244,487
20210810,경강선,신둔도예촌,1154,1094,2248
20210810,경강선,여주,1612,1544,3156
20210810,경강선,이매,972,843,1815
20210810,경강선,이천,2142,2229,4371
20210810,경강선,초월,2608,2468,5076
20210810,경강선,판교,3863,3760,7623
20210811,경강선,경기광주,6309,6086,12395
20210811,경강선,곤지암,1732,1739,3471
20210811,경강선,부발,1618,1506,3124
20210811,경강선,삼동,2100,1898,3998
20210811,경강선,세종대왕릉,240,236,476
20210811,경강선,신둔도예촌,1168,1078,2246
20210811,경강선,여주,1660,1717,3377
20210811,경강선,이매,935,804,1739
20210811,경강선,이천,2049,2199,4248
20210811,경강선,초월,2595,2528,5123
20210811,경강선,판교,3822,3664,7486
20210812,경강선,경기광주,6203,5924,12127
20210812,경강선,곤지암,1789,1781,3570
20210812,경강선,부발,1562,1460,3022
20210812,경강선,삼동,1997,1888,3885
20210812,경강선,세종대왕릉,256,252,508
20210812,경강선,신둔도예촌,1162,1105,2267
20210812,경강선,여주,1552,1609,3161
20210812,경강선,이매,922,821,1743
20210812,경강선,이천,2044,2119,4163
20210812,경강선,초월,2521,2396,4917
20210812,경강선,판교,3887,3767,7654
20210813,경강선,경기광주,6276,6107,12383
20210813,경강선,곤지암,1874,1836,3710
20210813,경강선,부발,2087,1624,3711
20210813,경강선,삼동,2122,1893,4015
20210813,경강선,세종대왕릉,287,279,566
20210813,경강선,신둔도예촌,1226,1140,2366
20210813,경강선,여주,1698,2067,3765
20210813,경강선,이매,1026,900,1926
20210813,경강선,이천,2336,2458,4794
20210813,경강선,초월,2699,2585,5284
20210813,경강선,판교,3952,3718,7670
20210816,경강선,경기광주,3864,3680,7544
20210816,경강선,곤지암,1397,1472,2869
20210816,경강선,부발,1169,1655,2824
20210816,경강선,삼동,1175,1121,2296
20210816,경강선,세종대왕릉,231,208,439
20210816,경강선,신둔도예촌,854,808,1662
20210816,경강선,여주,1813,1601,3414
20210816,경강선,이매,623,506,1129
20210816,경강선,이천,1833,1856,3689
20210816,경강선,초월,1648,1577,3225
20210816,경강선,판교,2256,2102,4358
20210817,경강선,경기광주,6359,6240,12599
20210817,경강선,곤지암,1797,1837,3634
20210817,경강선,부발,1694,1633,3327
20210817,경강선,삼동,2088,1878,3966
20210817,경강선,세종대왕릉,287,270,557
20210817,경강선,신둔도예촌,1206,1136,2342
20210817,경강선,여주,1663,1628,3291
20210817,경강선,이매,951,885,1836
20210817,경강선,이천,2113,2177,4290
20210817,경강선,초월,2679,2537,5216
20210817,경강선,판교,3839,3746,7585
20210818,경강선,경기광주,6398,6091,12489
20210818,경강선,곤지암,1813,1795,3608
20210818,경강선,부발,1586,1492,3078
20210818,경강선,삼동,2073,1927,4000
20210818,경강선,세종대왕릉,231,246,477
20210818,경강선,신둔도예촌,1129,1070,2199
20210818,경강선,여주,1523,1580,3103
20210818,경강선,이매,927,769,1696
20210818,경강선,이천,2093,2130,4223
20210818,경강선,초월,2698,2556,5254
20210818,경강선,판교,3901,3784,7685
20210819,경강선,경기광주,6370,6194,12564
20210819,경강선,곤지암,1823,1772,3595
20210819,경강선,부발,1690,1507,3197
20210819,경강선,삼동,2153,1891,4044
20210819,경강선,세종대왕릉,267,264,531
20210819,경강선,신둔도예촌,1134,1062,2196
20210819,경강선,여주,1620,1642,3262
20210819,경강선,이매,918,819,1737
20210819,경강선,이천,2103,2243,4346
20210819,경강선,초월,2650,2568,5218
20210819,경강선,판교,3831,3841,7672
20210820,경강선,경기광주,6551,6297,12848
20210820,경강선,곤지암,1945,2001,3946
20210820,경강선,부발,2176,1655,3831
20210820,경강선,삼동,2121,1943,4064
20210820,경강선,세종대왕릉,295,311,606
20210820,경강선,신둔도예촌,1269,1237,2506
20210820,경강선,여주,1848,1928,3776
20210820,경강선,이매,1000,844,1844
20210820,경강선,이천,2417,2516,4933
20210820,경강선,초월,2808,2597,5405
20210820,경강선,판교,4055,3930,7985
20210823,경강선,경기광주,6206,6069,12275
20210823,경강선,곤지암,1743,1808,3551
20210823,경강선,부발,1509,1579,3088
20210823,경강선,삼동,2100,1944,4044
20210823,경강선,세종대왕릉,249,232,481
20210823,경강선,신둔도예촌,1167,1161,2328
20210823,경강선,여주,1648,1653,3301
20210823,경강선,이매,963,870,1833
20210823,경강선,이천,2059,2234,4293
20210823,경강선,초월,2638,2593,5231
20210823,경강선,판교,3910,3850,7760
20210824,경강선,경기광주,6106,5952,12058
20210824,경강선,곤지암,1702,1734,3436
20210824,경강선,부발,1492,1443,2935
20210824,경강선,삼동,2103,1894,3997
20210824,경강선,세종대왕릉,244,223,467
20210824,경강선,신둔도예촌,1136,1091,2227
20210824,경강선,여주,1496,1509,3005
20210824,경강선,이매,966,893,1859
20210824,경강선,이천,1987,2049,4036
20210824,경강선,초월,2545,2432,4977
20210824,경강선,판교,3765,3742,7507
20210825,경강선,경기광주,6313,6118,12431
20210825,경강선,곤지암,1820,1784,3604
20210825,경강선,부발,1605,1525,3130
20210825,경강선,삼동,2154,2021,4175
20210825,경강선,세종대왕릉,243,243,486
20210825,경강선,신둔도예촌,1203,1093,2296
20210825,경강선,여주,1610,1647,3257
20210825,경강선,이매,940,880,1820
20210825,경강선,이천,2089,2237,4326
20210825,경강선,초월,2694,2594,5288
20210825,경강선,판교,3934,3767,7701
20210826,경강선,경기광주,6483,6151,12634
20210826,경강선,곤지암,1823,1917,3740
20210826,경강선,부발,1613,1508,3121
20210826,경강선,삼동,2194,1997,4191
20210826,경강선,세종대왕릉,276,265,541
20210826,경강선,신둔도예촌,1170,1119,2289
20210826,경강선,여주,1661,1775,3436
20210826,경강선,이매,1007,870,1877
20210826,경강선,이천,2175,2292,4467
20210826,경강선,초월,2710,2533,5243
20210826,경강선,판교,3958,3863,7821
20210827,경강선,경기광주,6477,6172,12649
20210827,경강선,곤지암,1971,1977,3948
20210827,경강선,부발,2072,1659,3731
20210827,경강선,삼동,2087,1897,3984
20210827,경강선,세종대왕릉,275,271,546
20210827,경강선,신둔도예촌,1263,1234,2497
20210827,경강선,여주,1876,1928,3804
20210827,경강선,이매,1025,895,1920
20210827,경강선,이천,2387,2476,4863
20210827,경강선,초월,2796,2616,5412
20210827,경강선,판교,3999,3867,7866
20210830,경강선,경기광주,6562,6389,12951
20210830,경강선,곤지암,1884,1892,3776
20210830,경강선,부발,1575,1653,3228
20210830,경강선,삼동,2180,1979,4159
20210830,경강선,세종대왕릉,277,256,533
20210830,경강선,신둔도예촌,1208,1160,2368
20210830,경강선,여주,1801,1746,3547
20210830,경강선,이매,1003,891,1894
20210830,경강선,이천,2280,2418,4698
20210830,경강선,초월,2724,2696,5420
20210830,경강선,판교,3997,3790,7787
20210831,경강선,경기광주,6262,6095,12357
20210831,경강선,곤지암,1712,1781,3493
20210831,경강선,부발,1567,1479,3046
20210831,경강선,삼동,2141,1930,4071
20210831,경강선,세종대왕릉,232,237,469
20210831,경강선,신둔도예촌,1124,1091,2215
20210831,경강선,여주,1521,1512,3033
20210831,경강선,이매,941,892,1833
20210831,경강선,이천,1954,2152,4106
20210831,경강선,초월,2638,2483,5121
20210831,경강선,판교,3913,3670,7583
20210901,경강선,경기광주,6436,6099,12535
20210901,경강선,곤지암,1783,1778,3561
20210901,경강선,부발,1576,1503,3079
20210901,경강선,삼동,2134,1948,4082
20210901,경강선,세종대왕릉,224,213,437
20210901,경강선,신둔도예촌,1162,1114,2276
20210901,경강선,여주,1538,1527,3065
20210901,경강선,이매,1025,809,1834
20210901,경강선,이천,2020,2105,4125
20210901,경강선,초월,2615,2554,5169
20210901,경강선,판교,3903,3807,7710
20210902,경강선,경기광주,6573,6238,12811
20210902,경강선,곤지암,1800,1902,3702
20210902,경강선,부발,1693,1605,3298
20210902,경강선,삼동,2239,2020,4259
20210902,경강선,세종대왕릉,285,266,551
20210902,경강선,신둔도예촌,1203,1166,2369
20210902,경강선,여주,1623,1674,3297
20210902,경강선,이매,1026,871,1897
20210902,경강선,이천,2134,2289,4423
20210902,경강선,초월,2733,2598,5331
20210902,경강선,판교,3962,3863,7825
20210903,경강선,경기광주,6962,6735,13697
20210903,경강선,곤지암,2068,2132,4200
20210903,경강선,부발,2227,1757,3984
20210903,경강선,삼동,2250,2069,4319
20210903,경강선,세종대왕릉,334,348,682
20210903,경강선,신둔도예촌,1343,1276,2619
20210903,경강선,여주,1984,2084,4068
20210903,경강선,이매,1055,899,1954
20210903,경강선,이천,2509,2636,5145
20210903,경강선,초월,2998,2752,5750
20210903,경강선,판교,4204,4087,8291
20210906,경강선,경기광주,6743,6472,13215
20210906,경강선,곤지암,1928,1938,3866
20210906,경강선,부발,1674,1691,3365
20210906,경강선,삼동,2269,2071,4340
20210906,경강선,세종대왕릉,319,284,603
20210906,경강선,신둔도예촌,1203,1162,2365
20210906,경강선,여주,1791,1802,3593
20210906,경강선,이매,1020,876,1896
20210906,경강선,이천,2274,2436,4710
20210906,경강선,초월,2888,2759,5647
20210906,경강선,판교,4138,3944,8082
20210907,경강선,경기광주,6368,6048,12416
20210907,경강선,곤지암,1683,1696,3379
20210907,경강선,부발,1480,1432,2912
20210907,경강선,삼동,2129,1973,4102
20210907,경강선,세종대왕릉,248,230,478
20210907,경강선,신둔도예촌,1143,1020,2163
20210907,경강선,여주,1535,1578,3113
20210907,경강선,이매,991,828,1819
20210907,경강선,이천,1990,2096,4086
20210907,경강선,초월,2604,2485,5089
20210907,경강선,판교,3841,3741,7582
20210908,경강선,경기광주,6865,6545,13410
20210908,경강선,곤지암,1841,1869,3710
20210908,경강선,부발,1651,1610,3261
20210908,경강선,삼동,2267,2001,4268
20210908,경강선,세종대왕릉,301,298,599
20210908,경강선,신둔도예촌,1249,1180,2429
20210908,경강선,여주,1779,1798,3577
20210908,경강선,이매,1093,909,2002
20210908,경강선,이천,2228,2401,4629
20210908,경강선,초월,2827,2677,5504
20210908,경강선,판교,3951,3879,7830
20210909,경강선,경기광주,6815,6458,13273
20210909,경강선,곤지암,1910,1924,3834
20210909,경강선,부발,1791,1649,3440
20210909,경강선,삼동,2284,2005,4289
20210909,경강선,세종대왕릉,316,323,639
20210909,경강선,신둔도예촌,1268,1215,2483
20210909,경강선,여주,1775,1836,3611
20210909,경강선,이매,1110,952,2062
20210909,경강선,이천,2230,2358,4588
20210909,경강선,초월,2870,2636,5506
20210909,경강선,판교,4101,4065,8166
20210910,경강선,경기광주,6940,6633,13573
20210910,경강선,곤지암,2020,2046,4066
20210910,경강선,부발,2283,1756,4039
20210910,경강선,삼동,2293,2038,4331
20210910,경강선,세종대왕릉,322,325,647
20210910,경강선,신둔도예촌,1417,1302,2719
20210910,경강선,여주,2021,2111,4132
20210910,경강선,이매,1125,986,2111
20210910,경강선,이천,2581,2690,5271
20210910,경강선,초월,3022,2843,5865
20210910,경강선,판교,4136,4016,8152
20210913,경강선,경기광주,6868,6603,13471
20210913,경강선,곤지암,1969,2015,3984
20210913,경강선,부발,1712,1738,3450
20210913,경강선,삼동,2255,2050,4305
20210913,경강선,세종대왕릉,327,291,618
20210913,경강선,신둔도예촌,1247,1195,2442
20210913,경강선,여주,1777,1770,3547
20210913,경강선,이매,1056,902,1958
20210913,경강선,이천,2309,2397,4706
20210913,경강선,초월,2982,2850,5832
20210913,경강선,판교,4127,3983,8110
20210914,경강선,경기광주,7043,6674,13717
20210914,경강선,곤지암,2007,1940,3947
20210914,경강선,부발,1707,1674,3381
20210914,경강선,삼동,2270,2091,4361
20210914,경강선,세종대왕릉,305,296,601
20210914,경강선,신둔도예촌,1256,1200,2456
20210914,경강선,여주,1713,1749,3462
20210914,경강선,이매,1062,927,1989
20210914,경강선,이천,2216,2324,4540
20210914,경강선,초월,2885,2712,5597
20210914,경강선,판교,4076,3961,8037
20210915,경강선,경기광주,7012,6658,13670
20210915,경강선,곤지암,1922,1953,3875
20210915,경강선,부발,1730,1650,3380
20210915,경강선,삼동,2353,2124,4477
20210915,경강선,세종대왕릉,271,287,558
20210915,경강선,신둔도예촌,1255,1189,2444
20210915,경강선,여주,1913,1971,3884
20210915,경강선,이매,1040,893,1933
20210915,경강선,이천,2344,2410,4754
20210915,경강선,초월,2956,2782,5738
20210915,경강선,판교,4126,3958,8084
20210916,경강선,경기광주,6836,6509,13345
20210916,경강선,곤지암,1964,1899,3863
20210916,경강선,부발,1828,1584,3412
20210916,경강선,삼동,2317,2030,4347
20210916,경강선,세종대왕릉,300,285,585
20210916,경강선,신둔도예촌,1194,1195,2389
20210916,경강선,여주,1770,1780,3550
20210916,경강선,이매,1060,940,2000
20210916,경강선,이천,2316,2443,4759
20210916,경강선,초월,2877,2702,5579
20210916,경강선,판교,4099,3992,8091
20210917,경강선,경기광주,7062,6834,13896
20210917,경강선,곤지암,2191,2142,4333
20210917,경강선,부발,2737,1881,4618
20210917,경강선,삼동,2259,2073,4332
20210917,경강선,세종대왕릉,326,314,640
20210917,경강선,신둔도예촌,1344,1338,2682
20210917,경강선,여주,2023,2264,4287
20210917,경강선,이매,1122,986,2108
20210917,경강선,이천,2712,2874,5586
20210917,경강선,초월,3093,2810,5903
20210917,경강선,판교,4155,4027,8182
20210920,경강선,경기광주,2691,2938,5629
20210920,경강선,곤지암,1205,1438,2643
20210920,경강선,부발,901,979,1880
20210920,경강선,삼동,719,663,1382
20210920,경강선,세종대왕릉,225,341,566
20210920,경강선,신둔도예촌,602,726,1328
20210920,경강선,여주,1687,2194,3881
20210920,경강선,이매,609,326,935
20210920,경강선,이천,1688,1984,3672
20210920,경강선,초월,1138,1163,2301
20210920,경강선,판교,1213,1053,2266
20210921,경강선,경기광주,2341,2264,4605
20210921,경강선,곤지암,1244,1157,2401
20210921,경강선,부발,936,731,1667
20210921,경강선,삼동,559,543,1102
20210921,경강선,세종대왕릉,341,233,574
20210921,경강선,신둔도예촌,721,548,1269
20210921,경강선,여주,2028,1387,3415
20210921,경강선,이매,466,266,732
20210921,경강선,이천,1754,1657,3411
20210921,경강선,초월,1149,1005,2154
20210921,경강선,판교,829,870,1699
20210922,경강선,경기광주,3407,3231,6638
20210922,경강선,곤지암,1277,1423,2700
20210922,경강선,부발,1278,1366,2644
20210922,경강선,삼동,900,801,1701
20210922,경강선,세종대왕릉,283,236,519
20210922,경강선,신둔도예촌,911,720,1631
20210922,경강선,여주,2440,1610,4050
20210922,경강선,이매,568,439,1007
20210922,경강선,이천,2181,1930,4111
20210922,경강선,초월,1408,1361,2769
20210922,경강선,판교,1965,2019,3984
20210923,경강선,경기광주,6655,6295,12950
20210923,경강선,곤지암,1937,1975,3912
20210923,경강선,부발,1655,1826,3481
20210923,경강선,삼동,2131,2042,4173
20210923,경강선,세종대왕릉,317,288,605
20210923,경강선,신둔도예촌,1235,1115,2350
20210923,경강선,여주,1958,1900,3858
20210923,경강선,이매,1069,864,1933
20210923,경강선,이천,2305,2415,4720
20210923,경강선,초월,2752,2637,5389
20210923,경강선,판교,3824,3845,7669
20210924,경강선,경기광주,6916,6605,13521
20210924,경강선,곤지암,2149,2125,4274
20210924,경강선,부발,2118,1768,3886
20210924,경강선,삼동,2211,2018,4229
20210924,경강선,세종대왕릉,308,288,596
20210924,경강선,신둔도예촌,1332,1242,2574
20210924,경강선,여주,2004,2159,4163
20210924,경강선,이매,1071,961,2032
20210924,경강선,이천,2515,2601,5116
20210924,경강선,초월,3016,2723,5739
20210924,경강선,판교,4004,3992,7996
20210927,경강선,경기광주,6988,6636,13624
20210927,경강선,곤지암,2019,2052,4071
20210927,경강선,부발,1785,1818,3603
20210927,경강선,삼동,2293,2150,4443
20210927,경강선,세종대왕릉,332,282,614
20210927,경강선,신둔도예촌,1436,1380,2816
20210927,경강선,여주,2329,2331,4660
20210927,경강선,이매,1118,930,2048
20210927,경강선,이천,2435,2571,5006
20210927,경강선,초월,2998,2778,5776
20210927,경강선,판교,4251,4087,8338
20210928,경강선,경기광주,6798,6583,13381
20210928,경강선,곤지암,2027,2058,4085
20210928,경강선,부발,1705,1639,3344
20210928,경강선,삼동,2228,2098,4326
20210928,경강선,세종대왕릉,315,326,641
20210928,경강선,신둔도예촌,1405,1266,2671
20210928,경강선,여주,2293,2211,4504
20210928,경강선,이매,1074,958,2032
20210928,경강선,이천,2367,2421,4788
20210928,경강선,초월,2838,2738,5576
20210928,경강선,판교,4201,4052,8253
20210929,경강선,경기광주,6565,6224,12789
20210929,경강선,곤지암,1837,1826,3663
20210929,경강선,부발,1564,1533,3097
20210929,경강선,삼동,2215,1940,4155
20210929,경강선,세종대왕릉,234,223,457
20210929,경강선,신둔도예촌,1286,1205,2491
20210929,경강선,여주,2156,2129,4285
20210929,경강선,이매,994,850,1844
20210929,경강선,이천,2160,2280,4440
20210929,경강선,초월,2809,2695,5504
20210929,경강선,판교,4111,3966,8077
20210930,경강선,경기광주,6990,6685,13675
20210930,경강선,곤지암,2096,2091,4187
20210930,경강선,부발,1744,1702,3446
20210930,경강선,삼동,2303,2058,4361
20210930,경강선,세종대왕릉,333,324,657
20210930,경강선,신둔도예촌,1446,1299,2745
20210930,경강선,여주,2487,2355,4842
20210930,경강선,이매,1135,942,2077
20210930,경강선,이천,2374,2499,4873
20210930,경강선,초월,2924,2708,5632
20210930,경강선,판교,4256,4136,8392
20211001,경강선,경기광주,7125,6961,14086
20211001,경강선,곤지암,2100,2112,4212
20211001,경강선,부발,2424,1819,4243
20211001,경강선,삼동,2309,2065,4374
20211001,경강선,세종대왕릉,369,360,729
20211001,경강선,신둔도예촌,1527,1389,2916
20211001,경강선,여주,2108,2190,4298
20211001,경강선,이매,1153,952,2105
20211001,경강선,이천,2612,2768,5380
20211001,경강선,초월,3123,2849,5972
20211001,경강선,판교,4327,4147,8474
20211004,경강선,경기광주,4013,3961,7974
20211004,경강선,곤지암,1603,1630,3233
20211004,경강선,부발,1316,1716,3032
20211004,경강선,삼동,1269,1165,2434
20211004,경강선,세종대왕릉,285,283,568
20211004,경강선,신둔도예촌,977,979,1956
20211004,경강선,여주,1995,2023,4018
20211004,경강선,이매,682,623,1305
20211004,경강선,이천,1980,2115,4095
20211004,경강선,초월,1840,1718,3558
20211004,경강선,판교,2452,2165,4617
20211005,경강선,경기광주,7234,6899,14133
20211005,경강선,곤지암,2107,2095,4202
20211005,경강선,부발,1853,1856,3709
20211005,경강선,삼동,2315,2149,4464
20211005,경강선,세종대왕릉,315,284,599
20211005,경강선,신둔도예촌,1470,1321,2791
20211005,경강선,여주,2513,2475,4988
20211005,경강선,이매,1157,1008,2165
20211005,경강선,이천,2448,2511,4959
20211005,경강선,초월,2972,2876,5848
20211005,경강선,판교,4258,4200,8458
20211006,경강선,경기광주,6985,6760,13745
20211006,경강선,곤지암,2008,1998,4006
20211006,경강선,부발,1764,1745,3509
20211006,경강선,삼동,2304,2029,4333
20211006,경강선,세종대왕릉,289,287,576
20211006,경강선,신둔도예촌,1351,1277,2628
20211006,경강선,여주,2271,2262,4533
20211006,경강선,이매,1102,926,2028
20211006,경강선,이천,2266,2353,4619
20211006,경강선,초월,2972,2852,5824
20211006,경강선,판교,4122,4109,8231
20211007,경강선,경기광주,7014,6622,13636
20211007,경강선,곤지암,2103,2069,4172
20211007,경강선,부발,1748,1739,3487
20211007,경강선,삼동,2218,2028,4246
20211007,경강선,세종대왕릉,262,274,536
20211007,경강선,신둔도예촌,1394,1283,2677
20211007,경강선,여주,2465,2279,4744
20211007,경강선,이매,1132,926,2058
20211007,경강선,이천,2340,2480,4820
20211007,경강선,초월,2856,2682,5538
20211007,경강선,판교,4194,4200,8394
20211008,경강선,경기광주,7108,6911,14019
20211008,경강선,곤지암,2177,2212,4389
20211008,경강선,부발,2535,1860,4395
20211008,경강선,삼동,2275,2064,4339
20211008,경강선,세종대왕릉,316,324,640
20211008,경강선,신둔도예촌,1569,1455,3024
20211008,경강선,여주,2284,2322,4606
20211008,경강선,이매,1117,980,2097
20211008,경강선,이천,2701,2897,5598
20211008,경강선,초월,3123,2834,5957
20211008,경강선,판교,4318,4216,8534
20211011,경강선,경기광주,4392,4309,8701
20211011,경강선,곤지암,1630,1758,3388
20211011,경강선,부발,1398,1922,3320
20211011,경강선,삼동,1238,1228,2466
20211011,경강선,세종대왕릉,309,341,650
20211011,경강선,신둔도예촌,1048,995,2043
20211011,경강선,여주,2176,2177,4353
20211011,경강선,이매,717,563,1280
20211011,경강선,이천,2077,2280,4357
20211011,경강선,초월,1899,1805,3704
20211011,경강선,판교,2636,2393,5029
20211012,경강선,경기광주,7283,6997,14280
20211012,경강선,곤지암,2262,2224,4486
20211012,경강선,부발,1848,1914,3762
20211012,경강선,삼동,2331,2149,4480
20211012,경강선,세종대왕릉,317,294,611
20211012,경강선,신둔도예촌,1480,1344,2824
20211012,경강선,여주,2514,2579,5093
20211012,경강선,이매,1119,951,2070
20211012,경강선,이천,2460,2548,5008
20211012,경강선,초월,3013,2932,5945
20211012,경강선,판교,4345,4145,8490
20211013,경강선,경기광주,7410,7011,14421
20211013,경강선,곤지암,2293,2366,4659
20211013,경강선,부발,1920,1900,3820
20211013,경강선,삼동,2396,2114,4510
20211013,경강선,세종대왕릉,303,312,615
20211013,경강선,신둔도예촌,1448,1328,2776
20211013,경강선,여주,2501,2459,4960
20211013,경강선,이매,1177,1026,2203
20211013,경강선,이천,2464,2553,5017
20211013,경강선,초월,3053,2918,5971
20211013,경강선,판교,4414,4309,8723
20211014,경강선,경기광주,7296,6863,14159
20211014,경강선,곤지암,2367,2315,4682
20211014,경강선,부발,1924,1888,3812
20211014,경강선,삼동,2347,2099,4446
20211014,경강선,세종대왕릉,309,332,641
20211014,경강선,신둔도예촌,1508,1416,2924
20211014,경강선,여주,2591,2372,4963
20211014,경강선,이매,1122,978,2100
20211014,경강선,이천,2398,2597,4995
20211014,경강선,초월,2998,2889,5887
20211014,경강선,판교,4306,4245,8551
20211015,경강선,경기광주,7296,6984,14280
20211015,경강선,곤지암,2287,2255,4542
20211015,경강선,부발,2425,1865,4290
20211015,경강선,삼동,2349,2122,4471
20211015,경강선,세종대왕릉,340,345,685
20211015,경강선,신둔도예촌,1551,1426,2977
20211015,경강선,여주,2278,2329,4607
20211015,경강선,이매,1181,968,2149
20211015,경강선,이천,2718,2828,5546
20211015,경강선,초월,3117,2875,5992
20211015,경강선,판교,4413,4290,8703
20211018,경강선,경기광주,7163,6906,14069
20211018,경강선,곤지암,2073,2049,4122
20211018,경강선,부발,1799,1833,3632
20211018,경강선,삼동,2229,2073,4302
20211018,경강선,세종대왕릉,295,282,577
20211018,경강선,신둔도예촌,1415,1297,2712
20211018,경강선,여주,2615,2491,5106
20211018,경강선,이매,1098,934,2032
20211018,경강선,이천,2472,2612,5084
20211018,경강선,초월,2958,2860,5818
20211018,경강선,판교,4379,4181,8560
20211019,경강선,경기광주,7092,6936,14028
20211019,경강선,곤지암,2201,2227,4428
20211019,경강선,부발,1835,1901,3736
20211019,경강선,삼동,2316,2126,4442
20211019,경강선,세종대왕릉,340,332,672
20211019,경강선,신둔도예촌,1443,1298,2741
20211019,경강선,여주,2564,2449,5013
20211019,경강선,이매,1112,908,2020
20211019,경강선,이천,2437,2447,4884
20211019,경강선,초월,3108,2905,6013
20211019,경강선,판교,4424,4218,8642
20211020,경강선,경기광주,7368,7140,14508
20211020,경강선,곤지암,2257,2248,4505
20211020,경강선,부발,1969,1932,3901
20211020,경강선,삼동,2387,2112,4499
20211020,경강선,세종대왕릉,316,308,624
20211020,경강선,신둔도예촌,1519,1383,2902
20211020,경강선,여주,2657,2562,5219
20211020,경강선,이매,1098,938,2036
20211020,경강선,이천,2391,2435,4826
20211020,경강선,초월,3135,2960,6095
20211020,경강선,판교,4501,4355,8856
20211021,경강선,경기광주,7321,7067,14388
20211021,경강선,곤지암,2277,2278,4555
20211021,경강선,부발,1995,1873,3868
20211021,경강선,삼동,2284,2115,4399
20211021,경강선,세종대왕릉,321,328,649
20211021,경강선,신둔도예촌,1568,1406,2974
20211021,경강선,여주,2735,2486,5221
20211021,경강선,이매,1158,965,2123
20211021,경강선,이천,2484,2596,5080
20211021,경강선,초월,3090,2912,6002
20211021,경강선,판교,4483,4407,8890
20211022,경강선,경기광주,7418,7105,14523
20211022,경강선,곤지암,2458,2392,4850
20211022,경강선,부발,2622,1989,4611
20211022,경강선,삼동,2421,2129,4550
20211022,경강선,세종대왕릉,340,384,724
20211022,경강선,신둔도예촌,1585,1429,3014
20211022,경강선,여주,2278,2457,4735
20211022,경강선,이매,1113,944,2057
20211022,경강선,이천,2816,2997,5813
20211022,경강선,초월,3180,2869,6049
20211022,경강선,판교,4577,4554,9131
20211025,경강선,경기광주,7096,6921,14017
20211025,경강선,곤지암,2419,2415,4834
20211025,경강선,부발,1841,1939,3780
20211025,경강선,삼동,2310,2073,4383
20211025,경강선,세종대왕릉,324,309,633
20211025,경강선,신둔도예촌,1561,1392,2953
20211025,경강선,여주,2518,2496,5014
20211025,경강선,이매,1171,956,2127
20211025,경강선,이천,2492,2555,5047
20211025,경강선,초월,3128,2999,6127
20211025,경강선,판교,4107,3900,8007
20211026,경강선,경기광주,7509,7178,14687
20211026,경강선,곤지암,2426,2350,4776
20211026,경강선,부발,1932,1906,3838
20211026,경강선,삼동,2366,2175,4541
20211026,경강선,세종대왕릉,344,339,683
20211026,경강선,신둔도예촌,1537,1326,2863
20211026,경강선,여주,2410,2358,4768
20211026,경강선,이매,1144,1004,2148
20211026,경강선,이천,2523,2647,5170
20211026,경강선,초월,3085,2975,6060
20211026,경강선,판교,4633,4452,9085
20211027,경강선,경기광주,7405,7118,14523
20211027,경강선,곤지암,2565,2480,5045
20211027,경강선,부발,1942,1871,3813
20211027,경강선,삼동,2392,2111,4503
20211027,경강선,세종대왕릉,323,334,657
20211027,경강선,신둔도예촌,1526,1414,2940
20211027,경강선,여주,2374,2424,4798
20211027,경강선,이매,1186,988,2174
20211027,경강선,이천,2555,2624,5179
20211027,경강선,초월,3194,2953,6147
20211027,경강선,판교,4517,4551,9068
20211028,경강선,경기광주,7339,7074,14413
20211028,경강선,곤지암,2691,2624,5315
20211028,경강선,부발,1944,1802,3746
20211028,경강선,삼동,2376,2173,4549
20211028,경강선,세종대왕릉,381,373,754
20211028,경강선,신둔도예촌,1584,1380,2964
20211028,경강선,여주,2521,2347,4868
20211028,경강선,이매,1117,992,2109
20211028,경강선,이천,2522,2661,5183
20211028,경강선,초월,3123,2862,5985
20211028,경강선,판교,4479,4504,8983
20211029,경강선,경기광주,7635,7273,14908
20211029,경강선,곤지암,2728,2594,5322
20211029,경강선,부발,2696,2002,4698
20211029,경강선,삼동,2362,2072,4434
20211029,경강선,세종대왕릉,360,378,738
20211029,경강선,신둔도예촌,1680,1497,3177
20211029,경강선,여주,2298,2581,4879
20211029,경강선,이매,1168,994,2162
20211029,경강선,이천,2829,2990,5819
20211029,경강선,초월,3336,3015,6351
20211029,경강선,판교,4513,4482,8995
20211101,경강선,경기광주,7419,7039,14458
20211101,경강선,곤지암,2570,2457,5027
20211101,경강선,부발,1837,1865,3702
20211101,경강선,삼동,2441,2133,4574
20211101,경강선,세종대왕릉,326,307,633
20211101,경강선,신둔도예촌,1554,1416,2970
20211101,경강선,여주,2551,2624,5175
20211101,경강선,이매,1135,959,2094
20211101,경강선,이천,2450,2659,5109
20211101,경강선,초월,3098,3029,6127
20211101,경강선,판교,4541,4404,8945
20211102,경강선,경기광주,7525,7195,14720
20211102,경강선,곤지암,2844,2770,5614
20211102,경강선,부발,1898,1863,3761
20211102,경강선,삼동,2385,2109,4494
20211102,경강선,세종대왕릉,329,335,664
20211102,경강선,신둔도예촌,1569,1425,2994
20211102,경강선,여주,2595,2470,5065
20211102,경강선,이매,1204,997,2201
20211102,경강선,이천,2588,2680,5268
20211102,경강선,초월,3203,3031,6234
20211102,경강선,판교,4623,4680,9303
20211103,경강선,경기광주,7498,7113,14611
20211103,경강선,곤지암,2715,2626,5341
20211103,경강선,부발,1971,1880,3851
20211103,경강선,삼동,2482,2153,4635
20211103,경강선,세종대왕릉,312,327,639
20211103,경강선,신둔도예촌,1626,1419,3045
20211103,경강선,여주,2526,2453,4979
20211103,경강선,이매,1171,971,2142
20211103,경강선,이천,2540,2599,5139
20211103,경강선,초월,3276,3037,6313
20211103,경강선,판교,4722,4684,9406
20211104,경강선,경기광주,7667,7313,14980
20211104,경강선,곤지암,2728,2633,5361
20211104,경강선,부발,2004,1891,3895
20211104,경강선,삼동,2468,2214,4682
20211104,경강선,세종대왕릉,333,352,685
20211104,경강선,신둔도예촌,1605,1439,3044
20211104,경강선,여주,2726,2555,5281
20211104,경강선,이매,1224,1000,2224
20211104,경강선,이천,2581,2704,5285
20211104,경강선,초월,3270,3089,6359
20211104,경강선,판교,4822,4783,9605
20211105,경강선,경기광주,7791,7326,15117
20211105,경강선,곤지암,2652,2563,5215
20211105,경강선,부발,2828,2105,4933
20211105,경강선,삼동,2437,2127,4564
20211105,경강선,세종대왕릉,360,397,757
20211105,경강선,신둔도예촌,1742,1527,3269
20211105,경강선,여주,2314,2606,4920
20211105,경강선,이매,1185,997,2182
20211105,경강선,이천,2936,3177,6113
20211105,경강선,초월,3498,3073,6571
20211105,경강선,판교,4796,4793,9589
20211108,경강선,경기광주,6963,6676,13639
20211108,경강선,곤지암,2190,2115,4305
20211108,경강선,부발,1752,1810,3562
20211108,경강선,삼동,2293,2086,4379
20211108,경강선,세종대왕릉,260,251,511
20211108,경강선,신둔도예촌,1396,1278,2674
20211108,경강선,여주,2308,2298,4606
20211108,경강선,이매,1124,892,2016
20211108,경강선,이천,2303,2441,4744
20211108,경강선,초월,2940,2834,5774
20211108,경강선,판교,4474,4379,8853
20211109,경강선,경기광주,7299,6942,14241
20211109,경강선,곤지암,2243,2163,4406
20211109,경강선,부발,1876,1925,3801
20211109,경강선,삼동,2338,2141,4479
20211109,경강선,세종대왕릉,281,282,563
20211109,경강선,신둔도예촌,1487,1356,2843
20211109,경강선,여주,2303,2221,4524
20211109,경강선,이매,1105,970,2075
20211109,경강선,이천,2354,2439,4793
20211109,경강선,초월,3075,2929,6004
20211109,경강선,판교,4515,4562,9077
20211110,경강선,경기광주,7716,7226,14942
20211110,경강선,곤지암,2496,2384,4880
20211110,경강선,부발,2036,1933,3969
20211110,경강선,삼동,2457,2169,4626
20211110,경강선,세종대왕릉,305,319,624
20211110,경강선,신둔도예촌,1584,1464,3048
20211110,경강선,여주,2449,2437,4886
20211110,경강선,이매,1113,933,2046
20211110,경강선,이천,2444,2527,4971
20211110,경강선,초월,3218,3017,6235
20211110,경강선,판교,4684,4736,9420
20211111,경강선,경기광주,7711,7163,14874
20211111,경강선,곤지암,2602,2516,5118
20211111,경강선,부발,1978,1938,3916
20211111,경강선,삼동,2435,2137,4572
20211111,경강선,세종대왕릉,344,337,681
20211111,경강선,신둔도예촌,1502,1347,2849
20211111,경강선,여주,2526,2405,4931
20211111,경강선,이매,1078,925,2003
20211111,경강선,이천,2507,2666,5173
20211111,경강선,초월,3181,2960,6141
20211111,경강선,판교,4677,4706,9383
20211112,경강선,경기광주,7870,7295,15165
20211112,경강선,곤지암,2557,2436,4993
20211112,경강선,부발,2829,2021,4850
20211112,경강선,삼동,2457,2136,4593
20211112,경강선,세종대왕릉,353,397,750
20211112,경강선,신둔도예촌,1665,1445,3110
20211112,경강선,여주,2366,2539,4905
20211112,경강선,이매,1168,970,2138
20211112,경강선,이천,2913,3127,6040
20211112,경강선,초월,3352,3003,6355
20211112,경강선,판교,4636,4789,9425
20211115,경강선,경기광주,7396,6951,14347
20211115,경강선,곤지암,2351,2293,4644
20211115,경강선,부발,1913,1994,3907
20211115,경강선,삼동,2375,2113,4488
20211115,경강선,세종대왕릉,315,288,603
20211115,경강선,신둔도예촌,1535,1408,2943
20211115,경강선,여주,2529,2548,5077
20211115,경강선,이매,1125,986,2111
20211115,경강선,이천,2449,2641,5090
20211115,경강선,초월,3037,2950,5987
20211115,경강선,판교,4168,4118,8286
20211116,경강선,경기광주,7750,7299,15049
20211116,경강선,곤지암,2430,2274,4704
20211116,경강선,부발,2027,1995,4022
20211116,경강선,삼동,2417,2241,4658
20211116,경강선,세종대왕릉,319,314,633
20211116,경강선,신둔도예촌,1550,1387,2937
20211116,경강선,여주,2537,2520,5057
20211116,경강선,이매,1118,938,2056
20211116,경강선,이천,2522,2639,5161
20211116,경강선,초월,3137,2958,6095
20211116,경강선,판교,4809,4735,9544
20211117,경강선,경기광주,7753,7215,14968
20211117,경강선,곤지암,2447,2422,4869
20211117,경강선,부발,2078,1966,4044
20211117,경강선,삼동,2506,2215,4721
20211117,경강선,세종대왕릉,366,366,732
20211117,경강선,신둔도예촌,1567,1447,3014
20211117,경강선,여주,2726,2517,5243
20211117,경강선,이매,1153,944,2097
20211117,경강선,이천,2559,2719,5278
20211117,경강선,초월,3208,3040,6248
20211117,경강선,판교,4847,4833,9680
20211118,경강선,경기광주,7545,7085,14630
20211118,경강선,곤지암,2347,2240,4587
20211118,경강선,부발,1951,1816,3767
20211118,경강선,삼동,2337,2165,4502
20211118,경강선,세종대왕릉,318,314,632
20211118,경강선,신둔도예촌,1571,1377,2948
20211118,경강선,여주,2057,1971,4028
20211118,경강선,이매,1103,914,2017
20211118,경강선,이천,2550,2624,5174
20211118,경강선,초월,3119,2950,6069
20211118,경강선,판교,4695,4779,9474
20211119,경강선,경기광주,7953,7294,15247
20211119,경강선,곤지암,2498,2330,4828
20211119,경강선,부발,2949,2058,5007
20211119,경강선,삼동,2517,2223,4740
20211119,경강선,세종대왕릉,402,388,790
20211119,경강선,신둔도예촌,1694,1556,3250
20211119,경강선,여주,2159,2357,4516
20211119,경강선,이매,1155,1000,2155
20211119,경강선,이천,2974,3093,6067
20211119,경강선,초월,3378,3009,6387
20211119,경강선,판교,4779,4821,9600
20211122,경강선,경기광주,7493,7117,14610
20211122,경강선,곤지암,2214,2202,4416
20211122,경강선,부발,1972,1960,3932
20211122,경강선,삼동,2435,2227,4662
20211122,경강선,세종대왕릉,310,295,605
20211122,경강선,신둔도예촌,1518,1387,2905
20211122,경강선,여주,2473,2496,4969
20211122,경강선,이매,1144,1014,2158
20211122,경강선,이천,2521,2732,5253
20211122,경강선,초월,3189,3035,6224
20211122,경강선,판교,4726,4586,9312
20211123,경강선,경기광주,7607,7076,14683
20211123,경강선,곤지암,2227,2183,4410
20211123,경강선,부발,1965,1935,3900
20211123,경강선,삼동,2422,2220,4642
20211123,경강선,세종대왕릉,287,293,580
20211123,경강선,신둔도예촌,1478,1372,2850
20211123,경강선,여주,2445,2377,4822
20211123,경강선,이매,1186,1002,2188
20211123,경강선,이천,2464,2553,5017
20211123,경강선,초월,3132,2989,6121
20211123,경강선,판교,4906,4767,9673
20211124,경강선,경기광주,7666,7055,14721
20211124,경강선,곤지암,2265,2182,4447
20211124,경강선,부발,1972,1907,3879
20211124,경강선,삼동,2453,2191,4644
20211124,경강선,세종대왕릉,287,288,575
20211124,경강선,신둔도예촌,1499,1377,2876
20211124,경강선,여주,2479,2405,4884
20211124,경강선,이매,1179,981,2160
20211124,경강선,이천,2492,2611,5103
20211124,경강선,초월,3193,2982,6175
20211124,경강선,판교,4814,4819,9633
20211125,경강선,경기광주,7707,7141,14848
20211125,경강선,곤지암,2267,2206,4473
20211125,경강선,부발,2062,1938,4000
20211125,경강선,삼동,2448,2167,4615
20211125,경강선,세종대왕릉,311,281,592
20211125,경강선,신둔도예촌,1580,1456,3036
20211125,경강선,여주,2638,2499,5137
20211125,경강선,이매,1178,1007,2185
20211125,경강선,이천,2568,2729,5297
20211125,경강선,초월,3165,3017,6182
20211125,경강선,판교,4751,4845,9596
20211126,경강선,경기광주,7932,7382,15314
20211126,경강선,곤지암,2410,2250,4660
20211126,경강선,부발,2925,2043,4968
20211126,경강선,삼동,2475,2113,4588
20211126,경강선,세종대왕릉,352,342,694
20211126,경강선,신둔도예촌,1641,1488,3129
20211126,경강선,여주,2490,2504,4994
20211126,경강선,이매,1236,1011,2247
20211126,경강선,이천,2927,3058,5985
20211126,경강선,초월,3424,3094,6518
20211126,경강선,판교,4862,4997,9859
20211129,경강선,경기광주,7600,7237,14837
20211129,경강선,곤지암,2240,2199,4439
20211129,경강선,부발,1871,1988,3859
20211129,경강선,삼동,2417,2243,4660
20211129,경강선,세종대왕릉,321,306,627
20211129,경강선,신둔도예촌,1542,1429,2971
20211129,경강선,여주,2491,2448,4939
20211129,경강선,이매,1128,961,2089
20211129,경강선,이천,2575,2623,5198
20211129,경강선,초월,3223,3076,6299
20211129,경강선,판교,4768,4689,9457
20211130,경강선,경기광주,7170,6719,13889
20211130,경강선,곤지암,1987,1901,3888
20211130,경강선,부발,1846,1828,3674
20211130,경강선,삼동,2336,2084,4420
20211130,경강선,세종대왕릉,280,250,530
20211130,경강선,신둔도예촌,1344,1261,2605
20211130,경강선,여주,2180,2124,4304
20211130,경강선,이매,1095,949,2044
20211130,경강선,이천,2373,2502,4875
20211130,경강선,초월,2929,2783,5712
20211130,경강선,판교,4565,4596,9161
20211201,경강선,경기광주,7505,7078,14583
20211201,경강선,곤지암,2171,2103,4274
20211201,경강선,부발,1999,1865,3864
20211201,경강선,삼동,2444,2253,4697
20211201,경강선,세종대왕릉,274,253,527
20211201,경강선,신둔도예촌,1523,1409,2932
20211201,경강선,여주,2314,2258,4572
20211201,경강선,이매,1110,910,2020
20211201,경강선,이천,2470,2557,5027
20211201,경강선,초월,3127,2919,6046
20211201,경강선,판교,4947,4923,9870
20211202,경강선,경기광주,7473,6962,14435
20211202,경강선,곤지암,2083,2095,4178
20211202,경강선,부발,1972,1813,3785
20211202,경강선,삼동,2394,2206,4600
20211202,경강선,세종대왕릉,304,299,603
20211202,경강선,신둔도예촌,1540,1350,2890
20211202,경강선,여주,2422,2288,4710
20211202,경강선,이매,1127,910,2037
20211202,경강선,이천,2499,2557,5056
20211202,경강선,초월,3035,2941,5976
20211202,경강선,판교,4629,4686,9315
20211203,경강선,경기광주,7810,7222,15032
20211203,경강선,곤지암,2227,2129,4356
20211203,경강선,부발,2848,1940,4788
20211203,경강선,삼동,2454,2154,4608
20211203,경강선,세종대왕릉,330,298,628
20211203,경강선,신둔도예촌,1577,1353,2930
20211203,경강선,여주,2196,2302,4498
20211203,경강선,이매,1106,909,2015
20211203,경강선,이천,2762,2852,5614
20211203,경강선,초월,3336,2958,6294
20211203,경강선,판교,4731,4853,9584
20211206,경강선,경기광주,7594,7153,14747
20211206,경강선,곤지암,2157,2088,4245
20211206,경강선,부발,1885,1910,3795
20211206,경강선,삼동,2386,2258,4644
20211206,경강선,세종대왕릉,311,301,612
20211206,경강선,신둔도예촌,1448,1380,2828
20211206,경강선,여주,2319,2331,4650
20211206,경강선,이매,1130,968,2098
20211206,경강선,이천,2408,2547,4955
20211206,경강선,초월,3091,3081,6172
20211206,경강선,판교,4628,4616,9244
20211207,경강선,경기광주,7567,7037,14604
20211207,경강선,곤지암,2171,2202,4373
20211207,경강선,부발,1928,1853,3781
20211207,경강선,삼동,2379,2222,4601
20211207,경강선,세종대왕릉,278,257,535
20211207,경강선,신둔도예촌,1474,1344,2818
20211207,경강선,여주,2394,2338,4732
20211207,경강선,이매,1136,998,2134
20211207,경강선,이천,2461,2509,4970
20211207,경강선,초월,3127,3063,6190
20211207,경강선,판교,4718,4697,9415
20211208,경강선,경기광주,7446,7079,14525
20211208,경강선,곤지암,2162,2134,4296
20211208,경강선,부발,1930,1874,3804
20211208,경강선,삼동,2427,2186,4613
20211208,경강선,세종대왕릉,267,285,552
20211208,경강선,신둔도예촌,1456,1354,2810
20211208,경강선,여주,2286,2244,4530
20211208,경강선,이매,1242,965,2207
20211208,경강선,이천,2522,2591,5113
20211208,경강선,초월,3207,3021,6228
20211208,경강선,판교,4757,4688,9445
20211209,경강선,경기광주,7453,6948,14401
20211209,경강선,곤지암,2193,2188,4381
20211209,경강선,부발,1939,1880,3819
20211209,경강선,삼동,2419,2180,4599
20211209,경강선,세종대왕릉,304,276,580
20211209,경강선,신둔도예촌,1554,1390,2944
20211209,경강선,여주,2306,2125,4431
20211209,경강선,이매,1116,949,2065
20211209,경강선,이천,2427,2442,4869
20211209,경강선,초월,3079,2982,6061
20211209,경강선,판교,4646,4736,9382
20211210,경강선,경기광주,7625,7070,14695
20211210,경강선,곤지암,2273,2109,4382
20211210,경강선,부발,2727,1815,4542
20211210,경강선,삼동,2447,2145,4592
20211210,경강선,세종대왕릉,347,311,658
20211210,경강선,신둔도예촌,1508,1367,2875
20211210,경강선,여주,2070,2197,4267
20211210,경강선,이매,1122,952,2074
20211210,경강선,이천,2709,2786,5495
20211210,경강선,초월,3188,2974,6162
20211210,경강선,판교,4530,4754,9284
20211213,경강선,경기광주,7189,6870,14059
20211213,경강선,곤지암,2116,2102,4218
20211213,경강선,부발,1831,1835,3666
20211213,경강선,삼동,2301,2068,4369
20211213,경강선,세종대왕릉,299,271,570
20211213,경강선,신둔도예촌,1313,1253,2566
20211213,경강선,여주,1910,1908,3818
20211213,경강선,이매,1109,891,2000
20211213,경강선,이천,2322,2452,4774
20211213,경강선,초월,2995,2858,5853
20211213,경강선,판교,4426,4365,8791
20211214,경강선,경기광주,7331,6888,14219
20211214,경강선,곤지암,2238,2115,4353
20211214,경강선,부발,1900,1885,3785
20211214,경강선,삼동,2375,2172,4547
20211214,경강선,세종대왕릉,298,280,578
20211214,경강선,신둔도예촌,1367,1284,2651
20211214,경강선,여주,1892,1886,3778
20211214,경강선,이매,1124,932,2056
20211214,경강선,이천,2397,2490,4887
20211214,경강선,초월,2980,2833,5813
20211214,경강선,판교,4596,4567,9163
20211215,경강선,경기광주,7251,6893,14144
20211215,경강선,곤지암,2115,2036,4151
20211215,경강선,부발,1866,1778,3644
20211215,경강선,삼동,2371,2147,4518
20211215,경강선,세종대왕릉,277,269,546
20211215,경강선,신둔도예촌,1382,1298,2680
20211215,경강선,여주,2040,1982,4022
20211215,경강선,이매,1091,907,1998
20211215,경강선,이천,2420,2481,4901
20211215,경강선,초월,2991,2852,5843
20211215,경강선,판교,4639,4618,9257
20211216,경강선,경기광주,7342,6881,14223
20211216,경강선,곤지암,2145,2074,4219
20211216,경강선,부발,1922,1732,3654
20211216,경강선,삼동,2346,2096,4442
20211216,경강선,세종대왕릉,290,300,590
20211216,경강선,신둔도예촌,1343,1266,2609
20211216,경강선,여주,2013,1982,3995
20211216,경강선,이매,1107,874,1981
20211216,경강선,이천,2457,2539,4996
20211216,경강선,초월,2993,2855,5848
20211216,경강선,판교,4631,4720,9351
20211217,경강선,경기광주,7604,7004,14608
20211217,경강선,곤지암,2176,1985,4161
20211217,경강선,부발,2588,1893,4481
20211217,경강선,삼동,2303,2068,4371
20211217,경강선,세종대왕릉,314,298,612
20211217,경강선,신둔도예촌,1513,1287,2800
20211217,경강선,여주,2052,2030,4082
20211217,경강선,이매,1047,911,1958
20211217,경강선,이천,2795,2840,5635
20211217,경강선,초월,3196,2904,6100
20211217,경강선,판교,4647,4704,9351
20211220,경강선,경기광주,7250,6870,14120
20211220,경강선,곤지암,2121,2053,4174
20211220,경강선,부발,1756,1892,3648
20211220,경강선,삼동,2309,2157,4466
20211220,경강선,세종대왕릉,296,288,584
20211220,경강선,신둔도예촌,1301,1235,2536
20211220,경강선,여주,1888,1890,3778
20211220,경강선,이매,1111,942,2053
20211220,경강선,이천,2397,2565,4962
20211220,경강선,초월,3005,2966,5971
20211220,경강선,판교,4518,4401,8919
20211221,경강선,경기광주,7530,7171,14701
20211221,경강선,곤지암,2125,2101,4226
20211221,경강선,부발,1782,1732,3514
20211221,경강선,삼동,2318,2113,4431
20211221,경강선,세종대왕릉,266,268,534
20211221,경강선,신둔도예촌,1314,1243,2557
20211221,경강선,여주,1766,1795,3561
20211221,경강선,이매,1051,979,2030
20211221,경강선,이천,2409,2423,4832
20211221,경강선,초월,3060,3024,6084
20211221,경강선,판교,4775,4666,9441
20211222,경강선,경기광주,7591,7171,14762
20211222,경강선,곤지암,2293,2174,4467
20211222,경강선,부발,1774,1730,3504
20211222,경강선,삼동,2358,2150,4508
20211222,경강선,세종대왕릉,277,260,537
20211222,경강선,신둔도예촌,1330,1287,2617
20211222,경강선,여주,1827,1871,3698
20211222,경강선,이매,1065,918,1983
20211222,경강선,이천,2403,2499,4902
20211222,경강선,초월,3037,2935,5972
20211222,경강선,판교,4648,4562,9210
20211223,경강선,경기광주,7511,7144,14655
20211223,경강선,곤지암,2332,2271,4603
20211223,경강선,부발,1986,1791,3777
20211223,경강선,삼동,2314,2151,4465
20211223,경강선,세종대왕릉,300,292,592
20211223,경강선,신둔도예촌,1311,1261,2572
20211223,경강선,여주,1847,1857,3704
20211223,경강선,이매,1115,996,2111
20211223,경강선,이천,2474,2494,4968
20211223,경강선,초월,3025,2971,5996
20211223,경강선,판교,4779,4703,9482
20211224,경강선,경기광주,7572,7332,14904
20211224,경강선,곤지암,2408,2182,4590
20211224,경강선,부발,3121,1916,5037
20211224,경강선,삼동,2339,2156,4495
20211224,경강선,세종대왕릉,330,293,623
20211224,경강선,신둔도예촌,1438,1304,2742
20211224,경강선,여주,2076,2204,4280
20211224,경강선,이매,1116,1045,2161
20211224,경강선,이천,3027,3061,6088
20211224,경강선,초월,3231,3028,6259
20211224,경강선,판교,5038,4993,10031
20211227,경강선,경기광주,6911,6665,13576
20211227,경강선,곤지암,2114,2083,4197
20211227,경강선,부발,1748,1756,3504
20211227,경강선,삼동,2135,2072,4207
20211227,경강선,세종대왕릉,261,242,503
20211227,경강선,신둔도예촌,1213,1153,2366
20211227,경강선,여주,1689,1611,3300
20211227,경강선,이매,999,869,1868
20211227,경강선,이천,2336,2415,4751
20211227,경강선,초월,2867,2810,5677
20211227,경강선,판교,4199,4072,8271
20211228,경강선,경기광주,7123,6887,14010
20211228,경강선,곤지암,2230,2143,4373
20211228,경강선,부발,1760,1688,3448
20211228,경강선,삼동,2253,2073,4326
20211228,경강선,세종대왕릉,275,276,551
20211228,경강선,신둔도예촌,1287,1211,2498
20211228,경강선,여주,1761,1775,3536
20211228,경강선,이매,1051,935,1986
20211228,경강선,이천,2379,2509,4888
20211228,경강선,초월,2957,2856,5813
20211228,경강선,판교,4442,4283,8725
20211229,경강선,경기광주,7484,6977,14461
20211229,경강선,곤지암,2189,2110,4299
20211229,경강선,부발,1828,1693,3521
20211229,경강선,삼동,2353,2093,4446
20211229,경강선,세종대왕릉,288,272,560
20211229,경강선,신둔도예촌,1249,1229,2478
20211229,경강선,여주,1756,1770,3526
20211229,경강선,이매,1118,922,2040
20211229,경강선,이천,2436,2543,4979
20211229,경강선,초월,3036,2860,5896
20211229,경강선,판교,4522,4520,9042
20211230,경강선,경기광주,7159,6827,13986
20211230,경강선,곤지암,2064,2020,4084
20211230,경강선,부발,2073,1692,3765
20211230,경강선,삼동,2213,2078,4291
20211230,경강선,세종대왕릉,279,269,548
20211230,경강선,신둔도예촌,1250,1223,2473
20211230,경강선,여주,1655,1713,3368
20211230,경강선,이매,1044,886,1930
20211230,경강선,이천,2427,2489,4916
20211230,경강선,초월,2982,2791,5773
20211230,경강선,판교,4315,4306,8621
20211231,경강선,경기광주,6860,6649,13509
20211231,경강선,곤지암,2260,2099,4359
20211231,경강선,부발,3161,2193,5354
20211231,경강선,삼동,2004,1890,3894
20211231,경강선,세종대왕릉,306,321,627
20211231,경강선,신둔도예촌,1286,1292,2578
20211231,경강선,여주,1856,2108,3964
20211231,경강선,이매,940,837,1777
20211231,경강선,이천,2863,3110,5973
20211231,경강선,초월,2915,2704,5619
20211231,경강선,판교,4154,4177,8331
