사용일자,호선명,지하철역,승차총승객수,하차총승객수,승하차총승객수
202201,1호선,동대문,6486,6390,12876
202201,1호선,동묘앞,7240,7366,14606
202201,1호선,서울역,18398,16926,35324
202201,1호선,시청,5604,5006,10610
202201,1호선,신설동,4939,4733,9672
202201,1호선,제기동,7244,7259,14503
202201,1호선,종각,9977,8864,18841
202201,1호선,종로3가,11017,9630,20647
202201,1호선,종로5가,7975,7922,15897
202201,1호선,청량리,9400,9553,18953
202201,2호선,강남,26200,24977,51177
202201,2호선,강변,14225,13711,27936
202201,2호선,건대입구,21954,23039,44993
202201,2호선,교대,6678,7333,14011
202201,2호선,구로디지털단지,18363,18352,36715
202201,2호선,구의,8872,8862,17734
202201,2호선,낙성대,11148,10973,22121
202201,2호선,당산,6288,7044,13332
202201,2호선,대림,10717,11703,22420
202201,2호선,도림천,332,348,680
202201,2호선,동대문역사문화공원,5620,6213,11833
202201,2호선,뚝섬,6067,5964,12031
202201,2호선,문래,5480,5672,11152
202201,2호선,방배,4297,4484,8781
202201,2호선,봉천,9207,8941,18148
202201,2호선,사당,15292,16173,31465
202201,2호선,삼성,15003,13937,28940
202201,2호선,상왕십리,5212,5043,10255
202201,2호선,서울대입구,20142,20315,40457
202201,2호선,서초,4010,3348,7358
202201,2호선,선릉,9197,7746,16943
202201,2호선,성수,9220,10042,19262
202201,2호선,시청,4137,2961,7098
202201,2호선,신답,512,551,1063
202201,2호선,신당,6015,6529,12544
202201,2호선,신대방,11652,11727,23379
202201,2호선,신도림,18150,18655,36805
202201,2호선,신림,29564,29162,58726
202201,2호선,신설동,1801,1806,3607
202201,2호선,신정네거리,3834,4073,7907
202201,2호선,신촌,15120,14485,29605
202201,2호선,아현,3624,3682,7306
202201,2호선,양천구청,2299,2518,4817
202201,2호선,역삼,8239,8524,16763
202201,2호선,영등포구청,5631,5554,11185
202201,2호선,왕십리,6953,6214,13167
202201,2호선,용답,1334,1385,2719
202201,2호선,용두,889,882,1771
202201,2호선,을지로3가,5883,5290,11173
202201,2호선,을지로4가,2568,2350,4918
202201,2호선,을지로입구,10825,9485,20310
202201,2호선,이대,4692,4938,9630
202201,2호선,잠실,35454,33619,69073
202201,2호선,잠실나루,3594,3660,7254
202201,2호선,잠실새내,8404,8750,17154
202201,2호선,종합운동장,3428,3504,6932
202201,2호선,충정로,2661,2761,5422
202201,2호선,한양대,1359,1517,2876
202201,2호선,합정,13993,14840,28833
202201,2호선,홍대입구,38842,38438,77280
202201,3호선,가락시장,2769,2734,5503
202201,3호선,경복궁,7916,8217,16133
202201,3호선,경찰병원,2071,2017,4088
202201,3호선,고속터미널,21392,21318,42710
202201,3호선,교대,2419,1533,3952
202201,3호선,구파발,8761,9006,17767
202201,3호선,금호,2920,2819,5739
202201,3호선,남부터미널,8813,8988,17801
202201,3호선,녹번,5319,4904,10223
202201,3호선,대청,3224,2903,6127
202201,3호선,대치,4906,5067,9973
202201,3호선,도곡,1330,1263,2593
202201,3호선,독립문,3120,3377,6497
202201,3호선,동대입구,3319,3865,7184
202201,3호선,매봉,2829,2774,5603
202201,3호선,무악재,1416,1550,2966
202201,3호선,불광,7261,8298,15559
202201,3호선,수서,7370,7076,14446
202201,3호선,신사,9269,9133,18402
202201,3호선,안국,6901,7218,14119
202201,3호선,압구정,7726,7982,15708
202201,3호선,약수,4669,4528,9197
202201,3호선,양재,8646,9105,17751
202201,3호선,연신내,16671,15993,32664
202201,3호선,오금,1789,1782,3571
202201,3호선,옥수,3543,3641,7184
202201,3호선,을지로3가,2345,2163,4508
202201,3호선,일원,3321,2803,6124
202201,3호선,잠원,1488,1587,3075
202201,3호선,종로3가,3034,4181,7215
202201,3호선,지축,1580,1532,3112
202201,3호선,학여울,461,473,934
202201,3호선,홍제,7002,6640,13642
202201,4호선,길음,7240,7189,14429
202201,4호선,남태령,437,372,809
202201,4호선,노원,9287,10239,19526
202201,4호선,당고개,5762,5674,11436
202201,4호선,동대문,4370,4250,8620
202201,4호선,동대문역사문화공원,6641,5631,12272
202201,4호선,동작,766,802,1568
202201,4호선,명동,12174,12386,24560
202201,4호선,미아,5820,5523,11343
202201,4호선,미아사거리,11557,11381,22938
202201,4호선,사당,10613,9321,19934
202201,4호선,삼각지,1657,2037,3694
202201,4호선,상계,8017,7693,15710
202201,4호선,서울역,3123,6657,9780
202201,4호선,성신여대입구,9522,9234,18756
202201,4호선,수유,15534,15487,31021
202201,4호선,숙대입구,4439,4172,8611
202201,4호선,신용산,5930,6093,12023
202201,4호선,쌍문,11661,11083,22744
202201,4호선,이촌,2154,2461,4615
202201,4호선,창동,11195,12193,23388
202201,4호선,총신대입구,7163,7857,15020
202201,4호선,충무로,6117,5834,11951
202201,4호선,한성대입구,5709,5507,11216
202201,4호선,혜화,16405,16577,32982
202201,4호선,회현,6552,7068,13620
202201,5호선,강동,6644,6329,12973
202201,5호선,강일,1527,1558,3085
202201,5호선,개롱,2085,2304,4389
202201,5호선,개화산,2253,2366,4619
202201,5호선,거여,3095,3109,6204
202201,5호선,고덕,3515,3454,6969
202201,5호선,공덕,3249,3303,6552
202201,5호선,광나루,5727,5762,11489
202201,5호선,광화문,8245,7887,16132
202201,5호선,군자,4671,5286,9957
202201,5호선,굽은다리,4329,4090,8419
202201,5호선,길동,3397,3534,6931
202201,5호선,김포공항,5736,5212,10948
202201,5호선,까치산,12401,12296,24697
202201,5호선,답십리,5872,5566,11438
202201,5호선,동대문역사문화공원,672,778,1450
202201,5호선,둔촌동,3208,3233,6441
202201,5호선,마곡,2606,2607,5213
202201,5호선,마장,2302,2166,4468
202201,5호선,마천,2732,2942,5674
202201,5호선,마포,3732,3718,7450
202201,5호선,명일,3191,3429,6620
202201,5호선,목동,5641,5864,11505
202201,5호선,미사,6848,6830,13678
202201,5호선,발산,7230,7644,14874
202201,5호선,방이,2789,2757,5546
202201,5호선,방화,2873,2870,5743
202201,5호선,상일동,4982,4848,9830
202201,5호선,서대문,3995,3793,7788
202201,5호선,송정,3160,2982,6142
202201,5호선,신금호,2302,2414,4716
202201,5호선,신길,1375,1483,2858
202201,5호선,신정,4971,4549,9520
202201,5호선,아차산,9533,9281,18814
202201,5호선,애오개,1995,1911,3906
202201,5호선,양평,1828,1869,3697
202201,5호선,여의나루,3296,3376,6672
202201,5호선,여의도,4712,5120,9832
202201,5호선,영등포구청,986,907,1893
202201,5호선,영등포시장,3730,3872,7602
202201,5호선,오금,1080,1041,2121
202201,5호선,오목교,7333,7737,15070
202201,5호선,올림픽공원,2184,2150,4334
202201,5호선,왕십리,2005,2381,4386
202201,5호선,우장산,4987,5287,10274
202201,5호선,을지로4가,1163,1289,2452
202201,5호선,장한평,5610,5604,11214
202201,5호선,종로3가,7197,6625,13822
202201,5호선,천호,9009,8308,17317
202201,5호선,청구,1437,1325,2762
202201,5호선,충정로,1029,980,2009
202201,5호선,하남검단산,3509,3422,6931
202201,5호선,하남시청,3074,2964,6038
202201,5호선,하남풍산,1684,1772,3456
202201,5호선,행당,2816,2563,5379
202201,5호선,화곡,11204,10584,21788
202201,6호선,고려대,2874,2802,5676
202201,6호선,공덕,5045,4766,9811
202201,6호선,광흥창,2822,2715,5537
202201,6호선,구산,2969,2258,5227
202201,6호선,녹사평,2710,2610,5320
202201,6호선,대흥,2752,2770,5522
202201,6호선,독바위,1225,1442,2667
202201,6호선,돌곶이,3505,3169,6674
202201,6호선,동묘앞,4065,3980,8045
202201,6호선,디지털미디어시티,3843,3953,7796
202201,6호선,마포구청,5295,4801,10096
202201,6호선,망원,7118,7554,14672
202201,6호선,버티고개,782,870,1652
202201,6호선,보문,2841,2727,5568
202201,6호선,봉화산,2943,2985,5928
202201,6호선,불광,2301,2062,4363
202201,6호선,삼각지,2519,1941,4460
202201,6호선,상수,4796,5142,9938
202201,6호선,상월곡,2265,1980,4245
202201,6호선,새절,4975,5010,9985
202201,6호선,석계,5057,5057,10114
202201,6호선,신당,3539,3001,6540
202201,6호선,안암,3170,3182,6352
202201,6호선,약수,1197,1206,2403
202201,6호선,역촌,1514,1880,3394
202201,6호선,월곡,4090,4232,8322
202201,6호선,월드컵경기장,2867,2883,5750
202201,6호선,응암,7342,7591,14933
202201,6호선,이태원,7952,7914,15866
202201,6호선,증산,4364,4537,8901
202201,6호선,창신,1309,1104,2413
202201,6호선,청구,1258,1237,2495
202201,6호선,태릉입구,2249,2439,4688
202201,6호선,한강진,5417,6074,11491
202201,6호선,합정,6695,6122,12817
202201,6호선,화랑대,3640,3191,6831
202201,6호선,효창공원앞,2388,2105,4493
202201,7호선,가산디지털단지,9016,7932,16948
202201,7호선,강남구청,3317,3470,6787
202201,7호선,건대입구,6113,6462,12575
202201,7호선,고속터미널,6805,4829,11634
202201,7호선,공릉,4812,4860,9672
202201,7호선,광명사거리,9727,9687,19414
202201,7호선,군자,5938,4709,10647
202201,7호선,굴포천,2,0,2
202201,7호선,남구로,5309,5399,10708
202201,7호선,남성,4096,3940,8036
202201,7호선,내방,3514,3427,6941
202201,7호선,노원,7963,8076,16039
202201,7호선,논현,4681,4739,9420
202201,7호선,대림,5540,5581,11121
202201,7호선,도봉산,3393,5082,8475
202201,7호선,뚝섬유원지,3864,3658,7522
202201,7호선,마들,5163,5126,10289
202201,7호선,먹골,4191,4164,8355
202201,7호선,면목,6160,6241,12401
202201,7호선,반포,2099,2027,4126
202201,7호선,보라매,3071,2998,6069
202201,7호선,부천시청,1,0,1
202201,7호선,부평구청,1,0,1
202201,7호선,사가정,6932,6677,13609
202201,7호선,상도,3968,3758,7726
202201,7호선,상봉,7178,6724,13902
202201,7호선,수락산,5660,5453,11113
202201,7호선,숭실대입구,3870,4157,8027
202201,7호선,신대방삼거리,6131,5963,12094
202201,7호선,신중동,3,0,3
202201,7호선,신풍,4307,4136,8443
202201,7호선,어린이대공원,4664,4507,9171
202201,7호선,온수,2839,3001,5840
202201,7호선,용마산,2554,2749,5303
202201,7호선,이수,5921,5493,11414
202201,7호선,장승배기,3472,3561,7033
202201,7호선,장암,726,529,1255
202201,7호선,중계,5003,4677,9680
202201,7호선,중곡,3969,3847,7816
202201,7호선,중화,4220,4206,8426
202201,7호선,천왕,3682,3662,7344
202201,7호선,철산,7963,8160,16123
202201,7호선,청담,4282,4279,8561
202201,7호선,태릉입구,3370,3161,6531
202201,7호선,하계,6656,6447,13103
202201,7호선,학동,3245,3172,6417
202201,8호선,가락시장,2644,2828,5472
202201,8호선,강동구청,3371,3526,6897
202201,8호선,남위례,1367,1592,2959
202201,8호선,남한산성입구,5323,5004,10327
202201,8호선,단대오거리,4316,4142,8458
202201,8호선,모란,2208,1927,4135
202201,8호선,몽촌토성,2779,2571,5350
202201,8호선,문정,3686,3717,7403
202201,8호선,복정,3374,3023,6397
202201,8호선,산성,2435,2447,4882
202201,8호선,석촌,3107,3797,6904
202201,8호선,송파,2576,2707,5283
202201,8호선,수진,2462,2262,4724
202201,8호선,신흥,2273,2602,4875
202201,8호선,암사,6855,6471,13326
202201,8호선,잠실,8337,9287,17624
202201,8호선,장지,7522,7404,14926
202201,8호선,천호,6431,7632,14063
202201,9호선,가양,7454,7393,14847
202201,9호선,개화,888,806,1694
202201,9호선,고속터미널,5747,8054,13801
202201,9호선,공항시장,1414,1491,2905
202201,9호선,구반포,374,367,741
202201,9호선,국회의사당,2450,2192,4642
202201,9호선,김포공항,5785,7500,13285
202201,9호선,노들,1846,1592,3438
202201,9호선,노량진,11914,12084,23998
202201,9호선,당산,6380,6129,12509
202201,9호선,동작,979,871,1850
202201,9호선,등촌,3980,4040,8020
202201,9호선,마곡나루,3936,3840,7776
202201,9호선,사평,1135,1165,2300
202201,9호선,샛강,1321,1284,2605
202201,9호선,선유도,2097,2041,4138
202201,9호선,신논현,11872,11567,23439
202201,9호선,신목동,1286,1123,2409
202201,9호선,신반포,915,923,1838
202201,9호선,신방화,2613,2658,5271
202201,9호선,양천향교,3038,3065,6103
202201,9호선,여의도,4901,4639,9540
202201,9호선,염창,6195,6059,12254
202201,9호선,증미,2496,2544,5040
202201,9호선,흑석,2765,2866,5631
202201,9호선2~3단계,둔촌오륜,301,293,594
202201,9호선2~3단계,봉은사,6418,6599,13017
202201,9호선2~3단계,삼성중앙,1369,1342,2711
202201,9호선2~3단계,삼전,2776,2658,5434
202201,9호선2~3단계,석촌,3312,2852,6164
202201,9호선2~3단계,석촌고분,2375,2318,4693
202201,9호선2~3단계,선정릉,1905,2062,3967
202201,9호선2~3단계,송파나루,2349,2546,4895
202201,9호선2~3단계,언주,2197,2177,4374
202201,9호선2~3단계,올림픽공원,5633,5455,11088
202201,9호선2~3단계,종합운동장,1485,1472,2957
202201,9호선2~3단계,중앙보훈병원,2192,2310,4502
202201,9호선2~3단계,한성백제,931,822,1753
202201,경강선,경기광주,2922,3062,5984
202201,경강선,곤지암,1251,1182,2433
202201,경강선,부발,1223,1233,2456
202201,경강선,삼동,749,681,1430
202201,경강선,세종대왕릉,161,195,356
202201,경강선,신둔도예촌,589,579,1168
202201,경강선,여주,1329,1328,2657
202201,경강선,이매,519,317,836
202201,경강선,이천,1644,1720,3364
202201,경강선,초월,1169,1135,2304
202201,경강선,판교,1427,1260,2687
202201,경부선,가산디지털단지,3643,5070,8713
202201,경부선,관악,3254,3061,6315
202201,경부선,광명,1527,1276,2803
202201,경부선,구로,7339,7617,14956
202201,경부선,군포,2476,2230,4706
202201,경부선,금정,10218,10393,20611
202201,경부선,금천구청,4596,4650,9246
202201,경부선,남영,3089,3046,6135
202201,경부선,노량진,5028,4908,9936
202201,경부선,당정,2205,2137,4342
202201,경부선,대방,4284,4259,8543
202201,경부선,독산,4704,4655,9359
202201,경부선,두정,2964,2944,5908
202201,경부선,명학,2482,2353,4835
202201,경부선,병점,7334,7617,14951
202201,경부선,서동탄,502,526,1028
202201,경부선,서울역,3983,1105,5088
202201,경부선,서정리,3572,3493,7065
202201,경부선,석수,3675,3478,7153
202201,경부선,성균관대,5914,6247,12161
202201,경부선,성환,1878,1795,3673
202201,경부선,세류,1498,1549,3047
202201,경부선,세마,1243,1182,2425
202201,경부선,송탄,2889,2713,5602
202201,경부선,수원,24644,25858,50502
202201,경부선,신길,3252,2893,6145
202201,경부선,신도림,1490,1275,2765
202201,경부선,안양,10329,10440,20769
202201,경부선,영등포,24257,24411,48668
202201,경부선,오산,6174,6117,12291
202201,경부선,오산대,1757,1558,3315
202201,경부선,용산,22345,22394,44739
202201,경부선,의왕,3292,3300,6592
202201,경부선,직산,395,364,759
202201,경부선,진위,627,568,1195
202201,경부선,천안,3883,4082,7965
202201,경부선,평택,8433,8221,16654
202201,경부선,평택지제,1715,1621,3336
202201,경부선,화서,2910,2947,5857
202201,경원선,가능,2996,2855,5851
202201,경원선,광운대,3040,3166,6206
202201,경원선,녹양,2000,2031,4031
202201,경원선,녹천,1934,1633,3567
202201,경원선,덕계,1203,1182,2385
202201,경원선,덕정,2668,2576,5244
202201,경원선,도봉,2638,2480,5118
202201,경원선,도봉산,5421,3866,9287
202201,경원선,동두천,959,1154,2113
202201,경원선,동두천중앙,1617,1626,3243
202201,경원선,망월사,3245,3429,6674
202201,경원선,방학,4376,4204,8580
202201,경원선,보산,883,991,1874
202201,경원선,서빙고,750,695,1445
202201,경원선,석계,3821,4189,8010
202201,경원선,소요산,2218,1982,4200
202201,경원선,신이문,3480,3310,6790
202201,경원선,양주,3605,3514,7119
202201,경원선,옥수,28,28,56
202201,경원선,왕십리,7197,8126,15323
202201,경원선,외대앞,3374,3345,6719
202201,경원선,월계,2796,2675,5471
202201,경원선,응봉,876,794,1670
202201,경원선,의정부,10507,10890,21397
202201,경원선,이촌,1274,1053,2327
202201,경원선,지행,3454,3406,6860
202201,경원선,창동,1,0,1
202201,경원선,청량리,9450,9171,18621
202201,경원선,한남,1487,1363,2850
202201,경원선,회룡,5162,5301,10463
202201,경의선,가좌,2017,1980,3997
202201,경의선,강매,1078,1085,2163
202201,경의선,곡산,223,222,445
202201,경의선,공덕,1251,1060,2311
202201,경의선,금릉,2226,2242,4468
202201,경의선,금촌,3655,3696,7351
202201,경의선,능곡,1562,1524,3086
202201,경의선,디지털미디어시티,1025,905,1930
202201,경의선,문산,2792,2863,5655
202201,경의선,백마,2377,2411,4788
202201,경의선,서강대,929,856,1785
202201,경의선,서울역,687,726,1413
202201,경의선,수색,677,686,1363
202201,경의선,신촌,181,212,393
202201,경의선,야당,4003,3880,7883
202201,경의선,운정,2739,2779,5518
202201,경의선,월롱,757,813,1570
202201,경의선,일산,3367,3452,6819
202201,경의선,임진강,56,73,129
202201,경의선,탄현,3023,3009,6032
202201,경의선,파주,482,424,906
202201,경의선,풍산,2502,2511,5013
202201,경의선,행신,2954,3044,5998
202201,경의선,홍대입구,1134,1294,2428
202201,경의선,화전,515,449,964
202201,경의선,효창공원앞,934,1056,1990
202201,경인선,간석,2500,2449,4949
202201,경인선,개봉,8815,9030,17845
202201,경인선,구일,2408,2385,4793
202201,경인선,도원,1306,1401,2707
202201,경인선,도화,1894,1826,3720
202201,경인선,동암,7406,7824,15230
202201,경인선,동인천,7494,7323,14817
202201,경인선,백운,3037,3105,6142
202201,경인선,부개,3717,3559,7276
202201,경인선,부천,18252,18977,37229
202201,경인선,부평,19542,21240,40782
202201,경인선,소사,3831,3896,7727
202201,경인선,송내,9835,9716,19551
202201,경인선,역곡,11594,11696,23290
202201,경인선,오류동,5400,5191,10591
202201,경인선,온수,2784,2648,5432
202201,경인선,인천,3511,2837,6348
202201,경인선,제물포,4285,4358,8643
202201,경인선,주안,9520,8463,17983
202201,경인선,중동,3811,3747,7558
202201,경춘선,가평,1183,1126,2309
202201,경춘선,갈매,996,977,1973
202201,경춘선,강촌,304,319,623
202201,경춘선,굴봉산,118,122,240
202201,경춘선,금곡,643,614,1257
202201,경춘선,김유정,207,200,407
202201,경춘선,남춘천,1573,1664,3237
202201,경춘선,대성리,391,247,638
202201,경춘선,마석,1805,1841,3646
202201,경춘선,백양리,326,255,581
202201,경춘선,별내,1348,1285,2633
202201,경춘선,사릉,1227,1256,2483
202201,경춘선,상천,151,146,297
202201,경춘선,신내,652,648,1300
202201,경춘선,천마산,800,805,1605
202201,경춘선,청평,1089,1001,2090
202201,경춘선,춘천,976,904,1880
202201,경춘선,퇴계원,1457,1421,2878
202201,경춘선,평내호평,2636,2550,5186
202201,공항철도 1호선,검암,2523,2697,5220
202201,공항철도 1호선,계양,3715,3735,7450
202201,공항철도 1호선,공덕,805,1177,1982
202201,공항철도 1호선,공항화물청사,1055,1057,2112
202201,공항철도 1호선,김포공항,8828,4204,13032
202201,공항철도 1호선,디지털미디어시티,2655,2457,5112
202201,공항철도 1호선,마곡나루,1551,1591,3142
202201,공항철도 1호선,서울역,4845,4299,9144
202201,공항철도 1호선,영종,1904,1839,3743
202201,공항철도 1호선,운서,4110,4080,8190
202201,공항철도 1호선,인천공항1터미널,3601,3377,6978
202201,공항철도 1호선,인천공항2터미널,1684,1522,3206
202201,공항철도 1호선,청라국제도시,2333,2353,4686
202201,공항철도 1호선,홍대입구,6979,6898,13877
202201,과천선,경마공원,378,371,749
202201,과천선,과천,2325,2194,4519
202201,과천선,대공원,1856,1869,3725
202201,과천선,범계,10536,10290,20826
202201,과천선,선바위,2468,2233,4701
202201,과천선,인덕원,8031,8303,16334
202201,과천선,정부과천청사,3162,3153,6315
202201,과천선,평촌,4657,4604,9261
202201,분당선,가천대,2542,2988,5530
202201,분당선,강남구청,2024,2355,4379
202201,분당선,개포동,1114,1121,2235
202201,분당선,구룡,468,542,1010
202201,분당선,구성,1805,1908,3713
202201,분당선,기흥,3933,3873,7806
202201,분당선,대모산입구,1430,1409,2839
202201,분당선,도곡,1858,1799,3657
202201,분당선,망포,5250,5034,10284
202201,분당선,매교,1075,1049,2124
202201,분당선,매탄권선,2034,2085,4119
202201,분당선,모란,8977,9270,18247
202201,분당선,미금,5774,6011,11785
202201,분당선,보정,833,801,1634
202201,분당선,복정,1,0,1
202201,분당선,상갈,2335,2371,4706
202201,분당선,서울숲,3164,3292,6456
202201,분당선,서현,11052,10765,21817
202201,분당선,선릉,1980,2837,4817
202201,분당선,선정릉,1210,1218,2428
202201,분당선,수내,3887,3641,7528
202201,분당선,수서,5513,5557,11070
202201,분당선,수원,4789,4007,8796
202201,분당선,수원시청,6412,6209,12621
202201,분당선,신갈,1426,1522,2948
202201,분당선,압구정로데오,5891,6496,12387
202201,분당선,야탑,9563,10027,19590
202201,분당선,영통,4036,3958,7994
202201,분당선,오리,4144,3475,7619
202201,분당선,이매,2019,2134,4153
202201,분당선,정자,5621,5722,11343
202201,분당선,죽전,5099,5796,10895
202201,분당선,청명,1364,1469,2833
202201,분당선,태평,6305,5972,12277
202201,분당선,한티,5769,5517,11286
202201,수인선,고색,1544,1512,3056
202201,수인선,남동인더스파크,441,362,803
202201,수인선,달월,38,55,93
202201,수인선,사리,2162,1974,4136
202201,수인선,소래포구,3911,3837,7748
202201,수인선,송도,1354,1324,2678
202201,수인선,숭의,1636,1500,3136
202201,수인선,신포,1010,992,2002
202201,수인선,야목,152,122,274
202201,수인선,어천,427,416,843
202201,수인선,연수,2297,2372,4669
202201,수인선,오목천,1239,1112,2351
202201,수인선,원인재,2188,2402,4590
202201,수인선,월곶,1348,1284,2632
202201,수인선,인천,1172,1569,2741
202201,수인선,인천논현,2600,2694,5294
202201,수인선,인하대,2640,2546,5186
202201,수인선,호구포,1548,1489,3037
202201,안산선,고잔,3162,3166,6328
202201,안산선,대야미,2182,1982,4164
202201,안산선,반월,1970,1970,3940
202201,안산선,산본,6805,6259,13064
202201,안산선,상록수,7257,7467,14724
202201,안산선,수리산,1548,1470,3018
202201,안산선,신길온천,869,821,1690
202201,안산선,안산,7473,7880,15353
202201,안산선,오이도,5359,5296,10655
202201,안산선,정왕,4086,4310,8396
202201,안산선,중앙,9574,9814,19388
202201,안산선,초지,1778,1866,3644
202201,안산선,한대앞,4099,4233,8332
202201,우이신설선,4.19민주묘지,1374,1227,2601
202201,우이신설선,가오리,1814,1754,3568
202201,우이신설선,보문,741,656,1397
202201,우이신설선,북한산보국문,2808,2504,5312
202201,우이신설선,북한산우이,2603,2554,5157
202201,우이신설선,삼양,934,985,1919
202201,우이신설선,삼양사거리,1183,1215,2398
202201,우이신설선,성신여대입구,1771,2160,3931
202201,우이신설선,솔밭공원,1073,1012,2085
202201,우이신설선,솔샘,2149,2052,4201
202201,우이신설선,신설동,791,844,1635
202201,우이신설선,정릉,1969,1772,3741
202201,우이신설선,화계,1597,1464,3061
202201,일산선,대곡,721,534,1255
202201,일산선,대화,4677,4190,8867
202201,일산선,마두,2568,2642,5210
202201,일산선,백석,4287,4281,8568
202201,일산선,삼송,8752,8588,17340
202201,일산선,원당,4609,4594,9203
202201,일산선,원흥,3952,3997,7949
202201,일산선,정발산,3824,3861,7685
202201,일산선,주엽,3259,3354,6613
202201,일산선,화정,7575,7999,15574
202201,장항선,배방,577,558,1135
202201,장항선,봉명,401,354,755
202201,장항선,신창,606,603,1209
202201,장항선,쌍용,819,791,1610
202201,장항선,아산,1705,1503,3208
202201,장항선,온양온천,2469,2493,4962
202201,장항선,탕정,197,180,377
202201,중앙선,구리,5372,5743,11115
202201,중앙선,국수,337,378,715
202201,중앙선,덕소,2626,2727,5353
202201,중앙선,도농,3751,3812,7563
202201,중앙선,도심,868,795,1663
202201,중앙선,망우,3549,3588,7137
202201,중앙선,상봉,2911,2736,5647
202201,중앙선,신원,110,108,218
202201,중앙선,아신,278,314,592
202201,중앙선,양수,1149,1169,2318
202201,중앙선,양원,655,680,1335
202201,중앙선,양정,277,203,480
202201,중앙선,양평,1432,1481,2913
202201,중앙선,오빈,144,142,286
202201,중앙선,용문,1171,1224,2395
202201,중앙선,운길산,689,667,1356
202201,중앙선,원덕,171,190,361
202201,중앙선,중랑,2451,2381,4832
202201,중앙선,지평,24,40,64
202201,중앙선,팔당,838,820,1658
202201,중앙선,회기,10723,10388,21111
202201,1호선,동대문,7925,7654,15579
202201,1호선,동묘앞,10028,10292,20320
202201,1호선,서울역,26464,20031,46495
202201,1호선,시청,5933,5744,11677
202201,1호선,신설동,5989,6218,12207
202201,1호선,제기동,7793,8559,16352
202201,1호선,종각,10056,8862,18918
202201,1호선,종로3가,11357,10036,21393
202201,1호선,종로5가,7065,7156,14221
202201,1호선,청량리,10719,10816,21535
202201,2호선,강남,28851,27608,56459
202201,2호선,강변,19839,16427,36266
202201,2호선,건대입구,22711,24285,46996
202201,2호선,교대,8357,9224,17581
202201,2호선,구로디지털단지,19473,20224,39697
202201,2호선,구의,9237,9886,19123
202201,2호선,낙성대,12310,14112,26422
202201,2호선,당산,6727,7314,14041
202201,2호선,대림,11906,12223,24129
202201,2호선,도림천,379,418,797
202201,2호선,동대문역사문화공원,6265,6923,13188
202201,2호선,뚝섬,7108,7317,14425
202201,2호선,문래,5972,6236,12208
202201,2호선,방배,5546,5866,11412
202201,2호선,봉천,9799,10421,20220
202201,2호선,사당,16722,18540,35262
202201,2호선,삼성,17182,16571,33753
202201,2호선,상왕십리,5766,6122,11888
202201,2호선,서울대입구,21118,23761,44879
202201,2호선,서초,9894,9108,19002
202201,2호선,선릉,9592,8449,18041
202201,2호선,성수,10290,11533,21823
202201,2호선,시청,4292,3507,7799
202201,2호선,신답,602,633,1235
202201,2호선,신당,6697,7268,13965
202201,2호선,신대방,12379,12956,25335
202201,2호선,신도림,21220,21784,43004
202201,2호선,신림,30662,32909,63571
202201,2호선,신설동,2298,2550,4848
202201,2호선,신정네거리,4437,4479,8916
202201,2호선,신촌,17755,17927,35682
202201,2호선,아현,4335,4418,8753
202201,2호선,양천구청,2756,2825,5581
202201,2호선,역삼,9117,10127,19244
202201,2호선,영등포구청,6306,6771,13077
202201,2호선,왕십리,7469,7281,14750
202201,2호선,용답,1387,1507,2894
202201,2호선,용두,957,998,1955
202201,2호선,을지로3가,6412,6183,12595
202201,2호선,을지로4가,2417,2334,4751
202201,2호선,을지로입구,15144,14139,29283
202201,2호선,이대,5374,6263,11637
202201,2호선,잠실,41857,38814,80671
202201,2호선,잠실나루,4344,4411,8755
202201,2호선,잠실새내,9297,9781,19078
202201,2호선,종합운동장,4138,4560,8698
202201,2호선,충정로,2847,3021,5868
202201,2호선,한양대,1657,1862,3519
202201,2호선,합정,16022,16990,33012
202201,2호선,홍대입구,39667,39606,79273
202201,3호선,가락시장,3140,3412,6552
202201,3호선,경복궁,8101,8467,16568
202201,3호선,경찰병원,2186,2420,4606
202201,3호선,고속터미널,39814,30429,70243
202201,3호선,교대,3241,2139,5380
202201,3호선,구파발,9439,9582,19021
202201,3호선,금호,3556,3472,7028
202201,3호선,남부터미널,12278,11483,23761
202201,3호선,녹번,6065,5509,11574
202201,3호선,대청,3550,3577,7127
202201,3호선,대치,5248,4598,9846
202201,3호선,도곡,1612,1769,3381
202201,3호선,독립문,3143,3493,6636
202201,3호선,동대입구,4375,4970,9345
202201,3호선,매봉,3436,3470,6906
202201,3호선,무악재,1462,1663,3125
202201,3호선,불광,8004,9452,17456
202201,3호선,수서,9629,8463,18092
202201,3호선,신사,11108,10958,22066
202201,3호선,안국,7682,8406,16088
202201,3호선,압구정,11469,12084,23553
202201,3호선,약수,5491,5522,11013
202201,3호선,양재,10604,12674,23278
202201,3호선,연신내,18040,17330,35370
202201,3호선,오금,2220,2222,4442
202201,3호선,옥수,3919,4299,8218
202201,3호선,을지로3가,2519,2382,4901
202201,3호선,일원,2936,3181,6117
202201,3호선,잠원,1948,2075,4023
202201,3호선,종로3가,3043,3936,6979
202201,3호선,지축,1728,1656,3384
202201,3호선,충무로,1,0,1
202201,3호선,학여울,657,704,1361
202201,3호선,홍제,7597,7319,14916
202201,4호선,길음,8502,8494,16996
202201,4호선,남태령,510,430,940
202201,4호선,노원,10630,11595,22225
202201,4호선,당고개,6569,6249,12818
202201,4호선,동대문,5094,5173,10267
202201,4호선,동대문역사문화공원,7350,6273,13623
202201,4호선,동작,681,749,1430
202201,4호선,명동,11202,11327,22529
202201,4호선,미아,6519,6499,13018
202201,4호선,미아사거리,14176,13609,27785
202201,4호선,사당,11615,11338,22953
202201,4호선,삼각지,1974,2515,4489
202201,4호선,상계,8935,8228,17163
202201,4호선,서울역,3227,7255,10482
202201,4호선,성신여대입구,10387,10602,20989
202201,4호선,수유,16850,16612,33462
202201,4호선,숙대입구,5667,5564,11231
202201,4호선,신용산,7628,6981,14609
202201,4호선,쌍문,13439,12423,25862
202201,4호선,이촌,4012,4528,8540
202201,4호선,창동,12796,13175,25971
202201,4호선,총신대입구,8233,9125,17358
202201,4호선,충무로,6031,6199,12230
202201,4호선,한성대입구,6097,6353,12450
202201,4호선,혜화,17491,18280,35771
202201,4호선,회현,9036,9104,18140
202201,5호선,강동,7051,7495,14546
202201,5호선,강일,1711,1693,3404
202201,5호선,개롱,2464,2753,5217
202201,5호선,개화산,2333,2414,4747
202201,5호선,거여,3498,3420,6918
202201,5호선,고덕,3760,3853,7613
202201,5호선,공덕,3612,3701,7313
202201,5호선,광나루,6287,6123,12410
202201,5호선,광화문,8709,8581,17290
202201,5호선,군자,5014,5587,10601
202201,5호선,굽은다리,4832,4654,9486
202201,5호선,길동,3642,3824,7466
202201,5호선,김포공항,7284,6233,13517
202201,5호선,까치산,13229,13561,26790
202201,5호선,답십리,6445,6300,12745
202201,5호선,동대문역사문화공원,667,781,1448
202201,5호선,둔촌동,3975,4068,8043
202201,5호선,마곡,3030,3254,6284
202201,5호선,마장,2334,2271,4605
202201,5호선,마천,2957,3137,6094
202201,5호선,마포,3830,4046,7876
202201,5호선,명일,4168,4373,8541
202201,5호선,목동,6407,6795,13202
202201,5호선,미사,7374,7698,15072
202201,5호선,발산,7448,8020,15468
202201,5호선,방이,3319,3278,6597
202201,5호선,방화,3244,3285,6529
202201,5호선,상일동,5747,5574,11321
202201,5호선,서대문,4268,4308,8576
202201,5호선,송정,3175,3281,6456
202201,5호선,신금호,2577,2888,5465
202201,5호선,신길,1439,1871,3310
202201,5호선,신정,5395,5120,10515
202201,5호선,아차산,8733,8893,17626
202201,5호선,애오개,2221,2318,4539
202201,5호선,양평,2168,2434,4602
202201,5호선,여의나루,4297,5071,9368
202201,5호선,여의도,6590,6657,13247
202201,5호선,영등포구청,1142,1214,2356
202201,5호선,영등포시장,3770,4313,8083
202201,5호선,오금,1233,1225,2458
202201,5호선,오목교,10065,10408,20473
202201,5호선,올림픽공원,2184,1984,4168
202201,5호선,왕십리,2279,2650,4929
202201,5호선,우장산,5974,6091,12065
202201,5호선,을지로4가,1127,1201,2328
202201,5호선,장한평,6526,7026,13552
202201,5호선,종로3가,6867,6228,13095
202201,5호선,천호,11082,10250,21332
202201,5호선,청구,1558,1378,2936
202201,5호선,충정로,1170,1231,2401
202201,5호선,하남검단산,3779,3697,7476
202201,5호선,하남시청,3379,3183,6562
202201,5호선,하남풍산,1777,1910,3687
202201,5호선,행당,3243,3039,6282
202201,5호선,화곡,12405,11732,24137
202201,6호선,고려대,3120,3291,6411
202201,6호선,공덕,5531,5440,10971
202201,6호선,광흥창,3415,3501,6916
202201,6호선,구산,3210,2523,5733
202201,6호선,녹사평,2831,2791,5622
202201,6호선,대흥,2953,3301,6254
202201,6호선,독바위,1230,1526,2756
202201,6호선,돌곶이,4200,4174,8374
202201,6호선,동묘앞,4739,4619,9358
202201,6호선,디지털미디어시티,4125,4423,8548
202201,6호선,마포구청,5788,5772,11560
202201,6호선,망원,7652,8426,16078
202201,6호선,버티고개,809,986,1795
202201,6호선,보문,3177,3249,6426
202201,6호선,봉화산,3366,3339,6705
202201,6호선,불광,2574,2272,4846
202201,6호선,삼각지,2536,2135,4671
202201,6호선,상수,4789,5742,10531
202201,6호선,상월곡,2565,2421,4986
202201,6호선,새절,5473,5506,10979
202201,6호선,석계,5373,5513,10886
202201,6호선,신당,3218,3066,6284
202201,6호선,안암,3458,4006,7464
202201,6호선,약수,1382,1418,2800
202201,6호선,역촌,1735,2022,3757
202201,6호선,월곡,4455,4723,9178
202201,6호선,월드컵경기장,2599,2599,5198
202201,6호선,응암,7938,8201,16139
202201,6호선,이태원,7271,6801,14072
202201,6호선,증산,4621,4830,9451
202201,6호선,창신,1373,1290,2663
202201,6호선,청구,1380,1370,2750
202201,6호선,태릉입구,2554,2678,5232
202201,6호선,한강진,4733,5372,10105
202201,6호선,합정,7529,6658,14187
202201,6호선,화랑대,4146,3548,7694
202201,6호선,효창공원앞,2712,2467,5179
202201,7호선,가산디지털단지,8629,8532,17161
202201,7호선,강남구청,3931,4294,8225
202201,7호선,건대입구,7000,7162,14162
202201,7호선,고속터미널,12940,6335,19275
202201,7호선,공릉,5330,5721,11051
202201,7호선,광명사거리,10840,10749,21589
202201,7호선,군자,6208,5331,11539
202201,7호선,굴포천,1,0,1
202201,7호선,까치울,1,0,1
202201,7호선,남구로,5838,5661,11499
202201,7호선,남성,4508,4810,9318
202201,7호선,내방,4272,4591,8863
202201,7호선,노원,10362,10194,20556
202201,7호선,논현,4758,5343,10101
202201,7호선,대림,5775,5368,11143
202201,7호선,도봉산,4281,5950,10231
202201,7호선,뚝섬유원지,3615,3566,7181
202201,7호선,마들,4913,4847,9760
202201,7호선,먹골,4637,4420,9057
202201,7호선,면목,6861,6848,13709
202201,7호선,반포,2481,2420,4901
202201,7호선,보라매,3405,3602,7007
202201,7호선,부천시청,1,0,1
202201,7호선,사가정,7612,7553,15165
202201,7호선,상도,4128,4563,8691
202201,7호선,상봉,8021,7896,15917
202201,7호선,수락산,6744,6582,13326
202201,7호선,숭실대입구,4473,5149,9622
202201,7호선,신대방삼거리,6506,6960,13466
202201,7호선,신풍,5060,4829,9889
202201,7호선,어린이대공원,5046,5635,10681
202201,7호선,온수,3305,3365,6670
202201,7호선,용마산,2638,3061,5699
202201,7호선,이수,7063,6924,13987
202201,7호선,장승배기,3975,4120,8095
202201,7호선,장암,931,556,1487
202201,7호선,중계,5599,5357,10956
202201,7호선,중곡,4591,4530,9121
202201,7호선,중화,4689,4718,9407
202201,7호선,천왕,4108,4039,8147
202201,7호선,철산,8706,8737,17443
202201,7호선,청담,4852,5229,10081
202201,7호선,태릉입구,3813,3629,7442
202201,7호선,하계,7642,7262,14904
202201,7호선,학동,4269,4686,8955
202201,8호선,가락시장,2587,3313,5900
202201,8호선,강동구청,3987,4302,8289
202201,8호선,남위례,1560,1796,3356
202201,8호선,남한산성입구,5625,5333,10958
202201,8호선,단대오거리,4737,4721,9458
202201,8호선,모란,2400,1983,4383
202201,8호선,몽촌토성,2790,2862,5652
202201,8호선,문정,3765,4409,8174
202201,8호선,복정,3633,3498,7131
202201,8호선,산성,2646,2693,5339
202201,8호선,석촌,3587,4643,8230
202201,8호선,송파,3028,3320,6348
202201,8호선,수진,2671,2496,5167
202201,8호선,신흥,2385,2611,4996
202201,8호선,암사,7687,7350,15037
202201,8호선,잠실,9634,10188,19822
202201,8호선,장지,8000,8381,16381
202201,8호선,천호,7651,9029,16680
202201,9호선,가양,8201,8663,16864
202201,9호선,개화,808,790,1598
202201,9호선,고속터미널,9114,10548,19662
202201,9호선,공항시장,1523,1707,3230
202201,9호선,구반포,471,462,933
202201,9호선,국회의사당,3731,3447,7178
202201,9호선,김포공항,7550,9801,17351
202201,9호선,노들,2110,1966,4076
202201,9호선,노량진,11771,13531,25302
202201,9호선,당산,6893,7440,14333
202201,9호선,동작,1006,830,1836
202201,9호선,등촌,4364,4656,9020
202201,9호선,마곡나루,4081,4380,8461
202201,9호선,사평,1353,1448,2801
202201,9호선,샛강,1347,1380,2727
202201,9호선,선유도,2131,2391,4522
202201,9호선,신논현,13234,12492,25726
202201,9호선,신목동,1427,1327,2754
202201,9호선,신반포,1328,1321,2649
202201,9호선,신방화,3021,3038,6059
202201,9호선,양천향교,3297,3844,7141
202201,9호선,여의도,7506,6835,14341
202201,9호선,염창,6847,7311,14158
202201,9호선,증미,2648,2964,5612
202201,9호선,흑석,3220,3460,6680
202201,9호선2~3단계,둔촌오륜,350,392,742
202201,9호선2~3단계,봉은사,5861,6141,12002
202201,9호선2~3단계,삼성중앙,1491,1670,3161
202201,9호선2~3단계,삼전,2926,3136,6062
202201,9호선2~3단계,석촌,3756,3520,7276
202201,9호선2~3단계,석촌고분,2520,2735,5255
202201,9호선2~3단계,선정릉,2156,2523,4679
202201,9호선2~3단계,송파나루,2618,2984,5602
202201,9호선2~3단계,언주,2613,2890,5503
202201,9호선2~3단계,올림픽공원,4392,4333,8725
202201,9호선2~3단계,종합운동장,1651,1751,3402
202201,9호선2~3단계,중앙보훈병원,2746,2709,5455
202201,9호선2~3단계,한성백제,1049,1079,2128
202201,경강선,경기광주,3581,3390,6971
202201,경강선,곤지암,1333,1454,2787
202201,경강선,부발,1652,2166,3818
202201,경강선,삼동,918,922,1840
202201,경강선,세종대왕릉,223,198,421
202201,경강선,신둔도예촌,817,710,1527
202201,경강선,여주,1918,1566,3484
202201,경강선,이매,563,449,1012
202201,경강선,이천,1957,2065,4022
202201,경강선,초월,1415,1415,2830
202201,경강선,판교,2469,2330,4799
202201,경부선,가산디지털단지,3867,5643,9510
202201,경부선,관악,3757,3347,7104
202201,경부선,광명,2595,1546,4141
202201,경부선,구로,7787,7701,15488
202201,경부선,군포,2443,2453,4896
202201,경부선,금정,11130,11646,22776
202201,경부선,금천구청,5324,5153,10477
202201,경부선,남영,3803,4235,8038
202201,경부선,노량진,4725,4806,9531
202201,경부선,당정,2616,2553,5169
202201,경부선,대방,4796,5467,10263
202201,경부선,독산,4949,5259,10208
202201,경부선,두정,3286,3617,6903
202201,경부선,명학,2575,2598,5173
202201,경부선,병점,7829,8665,16494
202201,경부선,서동탄,649,679,1328
202201,경부선,서울역,8276,1456,9732
202201,경부선,서정리,3595,5927,9522
202201,경부선,석수,4205,4071,8276
202201,경부선,성균관대,6249,6931,13180
202201,경부선,성환,1798,2287,4085
202201,경부선,세류,1703,1653,3356
202201,경부선,세마,1408,1381,2789
202201,경부선,송탄,2976,3876,6852
202201,경부선,수원,30134,28307,58441
202201,경부선,신길,3700,3570,7270
202201,경부선,신도림,1692,1663,3355
202201,경부선,안양,11263,10822,22085
202201,경부선,영등포,29293,28250,57543
202201,경부선,오산,6742,7507,14249
202201,경부선,오산대,1728,1681,3409
202201,경부선,용산,31414,24205,55619
202201,경부선,의왕,3474,3592,7066
202201,경부선,직산,479,543,1022
202201,경부선,진위,742,709,1451
202201,경부선,천안,5021,4792,9813
202201,경부선,평택,9807,10202,20009
202201,경부선,평택지제,2340,2132,4472
202201,경부선,화서,3259,3126,6385
202201,경원선,가능,3229,3049,6278
202201,경원선,광운대,3441,3578,7019
202201,경원선,녹양,2261,2092,4353
202201,경원선,녹천,2185,1839,4024
202201,경원선,덕계,1496,1361,2857
202201,경원선,덕정,2802,3050,5852
202201,경원선,도봉,2954,2799,5753
202201,경원선,도봉산,6606,4567,11173
202201,경원선,동두천,1068,1252,2320
202201,경원선,동두천중앙,1754,1608,3362
202201,경원선,망월사,3655,3810,7465
202201,경원선,방학,5070,4958,10028
202201,경원선,보산,980,1151,2131
202201,경원선,서빙고,1105,1194,2299
202201,경원선,석계,4167,4521,8688
202201,경원선,소요산,2820,2301,5121
202201,경원선,신이문,3898,3737,7635
202201,경원선,양주,4171,4007,8178
202201,경원선,옥수,74,17,91
202201,경원선,왕십리,8462,9540,18002
202201,경원선,외대앞,3648,3950,7598
202201,경원선,월계,3132,3031,6163
202201,경원선,응봉,824,797,1621
202201,경원선,의정부,12496,12549,25045
202201,경원선,이촌,1901,1506,3407
202201,경원선,지행,3703,3680,7383
202201,경원선,청량리,13206,10555,23761
202201,경원선,한남,1549,1559,3108
202201,경원선,회룡,6390,6138,12528
202201,경의선,가좌,2182,2313,4495
202201,경의선,강매,1278,1206,2484
202201,경의선,곡산,240,223,463
202201,경의선,공덕,1261,1147,2408
202201,경의선,금릉,2504,2506,5010
202201,경의선,금촌,3528,3759,7287
202201,경의선,능곡,1805,1781,3586
202201,경의선,디지털미디어시티,1088,1035,2123
202201,경의선,문산,3095,3127,6222
202201,경의선,백마,2891,2756,5647
202201,경의선,서강대,994,1113,2107
202201,경의선,서울역,914,790,1704
202201,경의선,수색,701,831,1532
202201,경의선,신촌,218,240,458
202201,경의선,야당,4161,3933,8094
202201,경의선,운정,3145,3025,6170
202201,경의선,월롱,751,1798,2549
202201,경의선,일산,4011,3628,7639
202201,경의선,임진강,43,58,101
202201,경의선,탄현,3666,3353,7019
202201,경의선,파주,568,425,993
202201,경의선,풍산,3052,2770,5822
202201,경의선,행신,3825,3389,7214
202201,경의선,홍대입구,1329,1653,2982
202201,경의선,화전,559,605,1164
202201,경의선,효창공원앞,1096,1301,2397
202201,경인선,간석,2806,2670,5476
202201,경인선,개봉,9742,9885,19627
202201,경인선,구일,2605,2624,5229
202201,경인선,도원,1322,1328,2650
202201,경인선,도화,2108,1959,4067
202201,경인선,동암,8331,8074,16405
202201,경인선,동인천,8117,7665,15782
202201,경인선,백운,3332,3209,6541
202201,경인선,부개,4052,3840,7892
202201,경인선,부천,19755,19126,38881
202201,경인선,부평,20403,20198,40601
202201,경인선,소사,4246,3986,8232
202201,경인선,송내,10961,10437,21398
202201,경인선,역곡,12503,12243,24746
202201,경인선,오류동,6108,5888,11996
202201,경인선,온수,3014,2883,5897
202201,경인선,인천,3053,2451,5504
202201,경인선,제물포,4641,4373,9014
202201,경인선,주안,9878,8635,18513
202201,경인선,중동,4264,3989,8253
202201,경춘선,가평,1277,955,2232
202201,경춘선,갈매,1167,1047,2214
202201,경춘선,강촌,409,343,752
202201,경춘선,굴봉산,120,164,284
202201,경춘선,금곡,704,667,1371
202201,경춘선,김유정,292,243,535
202201,경춘선,남춘천,2315,2209,4524
202201,경춘선,대성리,359,239,598
202201,경춘선,마석,1994,1943,3937
202201,경춘선,백양리,234,167,401
202201,경춘선,별내,1547,1514,3061
202201,경춘선,사릉,1329,1356,2685
202201,경춘선,상천,256,182,438
202201,경춘선,신내,715,735,1450
202201,경춘선,천마산,927,917,1844
202201,경춘선,청평,1144,966,2110
202201,경춘선,춘천,1174,952,2126
202201,경춘선,퇴계원,1729,1499,3228
202201,경춘선,평내호평,2856,2644,5500
202201,공항철도 1호선,검암,3023,2966,5989
202201,공항철도 1호선,계양,4421,4159,8580
202201,공항철도 1호선,공덕,933,1293,2226
202201,공항철도 1호선,공항화물청사,887,926,1813
202201,공항철도 1호선,김포공항,10988,5498,16486
202201,공항철도 1호선,디지털미디어시티,2741,2965,5706
202201,공항철도 1호선,마곡나루,1673,1976,3649
202201,공항철도 1호선,서울역,7609,5335,12944
202201,공항철도 1호선,영종,2032,1896,3928
202201,공항철도 1호선,운서,4037,4513,8550
202201,공항철도 1호선,인천공항1터미널,3129,3391,6520
202201,공항철도 1호선,인천공항2터미널,1791,1714,3505
202201,공항철도 1호선,청라국제도시,2640,2440,5080
202201,공항철도 1호선,홍대입구,8011,7906,15917
202201,과천선,경마공원,560,521,1081
202201,과천선,과천,2880,2769,5649
202201,과천선,대공원,2675,2790,5465
202201,과천선,범계,12791,12319,25110
202201,과천선,선바위,2868,2681,5549
202201,과천선,인덕원,9002,9295,18297
202201,과천선,정부과천청사,3476,3691,7167
202201,과천선,평촌,5144,5031,10175
202201,분당선,가천대,2683,3491,6174
202201,분당선,강남구청,2477,2897,5374
202201,분당선,개포동,1563,1573,3136
202201,분당선,구룡,593,726,1319
202201,분당선,구성,2122,2214,4336
202201,분당선,기흥,4334,4047,8381
202201,분당선,대모산입구,1722,1658,3380
202201,분당선,도곡,2245,2214,4459
202201,분당선,망포,5471,6140,11611
202201,분당선,매교,1181,1214,2395
202201,분당선,매탄권선,2188,2179,4367
202201,분당선,모란,9397,9996,19393
202201,분당선,미금,6679,7192,13871
202201,분당선,보정,1000,965,1965
202201,분당선,상갈,2507,2595,5102
202201,분당선,서울숲,3821,3894,7715
202201,분당선,서현,13629,13575,27204
202201,분당선,선릉,2172,3237,5409
202201,분당선,선정릉,1515,1666,3181
202201,분당선,수내,5245,5244,10489
202201,분당선,수서,8247,6553,14800
202201,분당선,수원,5264,4461,9725
202201,분당선,수원시청,6127,6320,12447
202201,분당선,신갈,1669,1739,3408
202201,분당선,압구정로데오,8748,9297,18045
202201,분당선,야탑,12108,11987,24095
202201,분당선,영통,4147,4351,8498
202201,분당선,오리,4600,4018,8618
202201,분당선,이매,2819,2981,5800
202201,분당선,정자,6446,6937,13383
202201,분당선,죽전,7083,8152,15235
202201,분당선,청명,1723,1753,3476
202201,분당선,태평,6910,6727,13637
202201,분당선,한티,7690,7513,15203
202201,수인선,고색,1479,1583,3062
202201,수인선,남동인더스파크,414,466,880
202201,수인선,달월,33,36,69
202201,수인선,사리,2336,1876,4212
202201,수인선,소래포구,3674,3507,7181
202201,수인선,송도,1304,1315,2619
202201,수인선,숭의,1781,1633,3414
202201,수인선,신포,1032,987,2019
202201,수인선,야목,173,144,317
202201,수인선,어천,404,549,953
202201,수인선,연수,2541,2502,5043
202201,수인선,오목천,1263,1354,2617
202201,수인선,원인재,2575,2693,5268
202201,수인선,월곶,1497,1459,2956
202201,수인선,인천,940,1350,2290
202201,수인선,인천논현,2607,2802,5409
202201,수인선,인하대,2630,2609,5239
202201,수인선,호구포,1681,1755,3436
202201,안산선,고잔,3616,3179,6795
202201,안산선,대야미,2394,2096,4490
202201,안산선,반월,2035,2075,4110
202201,안산선,산본,7632,6913,14545
202201,안산선,상록수,7844,7605,15449
202201,안산선,수리산,1707,1701,3408
202201,안산선,신길온천,991,896,1887
202201,안산선,안산,8478,7527,16005
202201,안산선,오이도,4978,4911,9889
202201,안산선,정왕,4372,4918,9290
202201,안산선,중앙,10335,9847,20182
202201,안산선,초지,2001,1852,3853
202201,안산선,한대앞,4433,4229,8662
202201,우이신설선,4.19민주묘지,1617,1422,3039
202201,우이신설선,가오리,2048,1952,4000
202201,우이신설선,보문,810,823,1633
202201,우이신설선,북한산보국문,3071,2933,6004
202201,우이신설선,북한산우이,2398,2469,4867
202201,우이신설선,삼양,1053,1049,2102
202201,우이신설선,삼양사거리,1294,1316,2610
202201,우이신설선,성신여대입구,2015,2262,4277
202201,우이신설선,솔밭공원,1250,1206,2456
202201,우이신설선,솔샘,2444,2286,4730
202201,우이신설선,신설동,1028,957,1985
202201,우이신설선,정릉,2259,2013,4272
202201,우이신설선,화계,1813,1727,3540
202201,일산선,대곡,795,635,1430
202201,일산선,대화,5218,4771,9989
202201,일산선,마두,2848,2806,5654
202201,일산선,백석,4966,4906,9872
202201,일산선,삼송,9297,9094,18391
202201,일산선,원당,5141,5017,10158
202201,일산선,원흥,4529,4442,8971
202201,일산선,정발산,4426,4484,8910
202201,일산선,주엽,3930,3869,7799
202201,일산선,지축,1,0,1
202201,일산선,화정,8254,8554,16808
202201,장항선,배방,634,706,1340
202201,장항선,봉명,439,443,882
202201,장항선,신창,709,864,1573
202201,장항선,쌍용,1021,983,2004
202201,장항선,아산,3102,1797,4899
202201,장항선,온양온천,2973,2960,5933
202201,장항선,탕정,229,282,511
202201,중앙선,구리,6322,6649,12971
202201,중앙선,국수,418,329,747
202201,중앙선,덕소,2794,2753,5547
202201,중앙선,도농,4316,4257,8573
202201,중앙선,도심,1013,881,1894
202201,중앙선,망우,3998,4088,8086
202201,중앙선,상봉,3269,3309,6578
202201,중앙선,신원,137,103,240
202201,중앙선,아신,362,320,682
202201,중앙선,양수,1210,1140,2350
202201,중앙선,양원,805,821,1626
202201,중앙선,양정,345,287,632
202201,중앙선,양평,1772,1522,3294
202201,중앙선,오빈,176,147,323
202201,중앙선,용문,1489,1064,2553
202201,중앙선,운길산,656,589,1245
202201,중앙선,원덕,266,200,466
202201,중앙선,중랑,2812,2804,5616
202201,중앙선,지평,36,22,58
202201,중앙선,팔당,909,949,1858
202201,중앙선,회기,11714,12684,24398
202201,1호선,동대문,9733,8988,18721
202201,1호선,동묘앞,10262,10670,20932
202201,1호선,서울역,27185,26970,54155
202201,1호선,시청,9385,9665,19050
202201,1호선,신설동,9082,8464,17546
202201,1호선,제기동,14978,15170,30148
202201,1호선,종각,16933,15881,32814
202201,1호선,종로3가,21271,18898,40169
202201,1호선,종로5가,16802,17017,33819
202201,1호선,청량리,16624,17094,33718
202201,2호선,강남,60515,59780,120295
202201,2호선,강변,23294,23124,46418
202201,2호선,건대입구,32797,34819,67616
202201,2호선,교대,15895,17914,33809
202201,2호선,구로디지털단지,32316,31994,64310
202201,2호선,구의,15359,15137,30496
202201,2호선,낙성대,19755,18538,38293
202201,2호선,당산,11426,12499,23925
202201,2호선,대림,16817,17773,34590
202201,2호선,도림천,718,800,1518
202201,2호선,동대문역사문화공원,9530,10453,19983
202201,2호선,뚝섬,12587,12859,25446
202201,2호선,문래,11239,11732,22971
202201,2호선,방배,9138,9411,18549
202201,2호선,봉천,16146,15061,31207
202201,2호선,사당,28402,31021,59423
202201,2호선,삼성,27958,27740,55698
202201,2호선,상왕십리,9222,8674,17896
202201,2호선,서울대입구,36134,34927,71061
202201,2호선,서초,10377,8809,19186
202201,2호선,선릉,22333,19574,41907
202201,2호선,성수,17929,19777,37706
202201,2호선,시청,7036,6120,13156
202201,2호선,신답,932,1027,1959
202201,2호선,신당,10320,10886,21206
202201,2호선,신대방,18637,18169,36806
202201,2호선,신도림,36645,37148,73793
202201,2호선,신림,47240,45940,93180
202201,2호선,신설동,3201,3326,6527
202201,2호선,신정네거리,6923,6912,13835
202201,2호선,신촌,27651,27604,55255
202201,2호선,아현,6545,6335,12880
202201,2호선,양천구청,4102,4253,8355
202201,2호선,역삼,18233,19880,38113
202201,2호선,영등포구청,11818,12321,24139
202201,2호선,왕십리,12464,11065,23529
202201,2호선,용답,1993,1994,3987
202201,2호선,용두,1696,1639,3335
202201,2호선,을지로3가,9928,9819,19747
202201,2호선,을지로4가,7145,6973,14118
202201,2호선,을지로입구,20983,20590,41573
202201,2호선,이대,9073,9691,18764
202201,2호선,잠실,60847,58266,119113
202201,2호선,잠실나루,6888,6758,13646
202201,2호선,잠실새내,15595,16228,31823
202201,2호선,종합운동장,4951,5426,10377
202201,2호선,충정로,5107,5317,10424
202201,2호선,한양대,6538,6293,12831
202201,2호선,합정,26459,28046,54505
202201,2호선,홍대입구,58826,62640,121466
202201,3호선,가락시장,5686,5406,11092
202201,3호선,경복궁,13627,14089,27716
202201,3호선,경찰병원,3702,3694,7396
202201,3호선,고속터미널,43388,43336,86724
202201,3호선,교대,6247,3750,9997
202201,3호선,구파발,13854,13754,27608
202201,3호선,금호,5400,4991,10391
202201,3호선,남부터미널,18153,18159,36312
202201,3호선,녹번,9803,8544,18347
202201,3호선,대청,5745,5252,10997
202201,3호선,대치,9216,8229,17445
202201,3호선,도곡,3297,3180,6477
202201,3호선,독립문,5083,5383,10466
202201,3호선,동대입구,6877,7366,14243
202201,3호선,매봉,5589,5321,10910
202201,3호선,무악재,2492,2575,5067
202201,3호선,불광,11957,13323,25280
202201,3호선,수서,12241,12373,24614
202201,3호선,신사,26065,26724,52789
202201,3호선,안국,13133,14633,27766
202201,3호선,압구정,24711,25484,50195
202201,3호선,약수,8464,7981,16445
202201,3호선,양재,19763,20996,40759
202201,3호선,연신내,26820,25471,52291
202201,3호선,오금,3515,3305,6820
202201,3호선,옥수,6218,6444,12662
202201,3호선,을지로3가,4731,4880,9611
202201,3호선,일원,5492,5496,10988
202201,3호선,잠원,3009,2862,5871
202201,3호선,종로3가,5607,7684,13291
202201,3호선,지축,2929,2840,5769
202201,3호선,충무로,1,0,1
202201,3호선,학여울,1064,994,2058
202201,3호선,홍제,12055,11444,23499
202201,4호선,길음,13414,13037,26451
202201,4호선,남태령,958,614,1572
202201,4호선,노원,15337,16433,31770
202201,4호선,당고개,9332,8757,18089
202201,4호선,동대문,12287,12274,24561
202201,4호선,동대문역사문화공원,10972,9447,20419
202201,4호선,동작,968,1026,1994
202201,4호선,명동,14651,16301,30952
202201,4호선,미아,9960,9480,19440
202201,4호선,미아사거리,20315,19529,39844
202201,4호선,사당,19763,17186,36949
202201,4호선,삼각지,3234,4172,7406
202201,4호선,상계,12742,12069,24811
202201,4호선,서울역,4983,11276,16259
202201,4호선,성신여대입구,15681,14791,30472
202201,4호선,수유,24665,24525,49190
202201,4호선,숙대입구,8532,8365,16897
202201,4호선,신용산,9298,10134,19432
202201,4호선,쌍문,19867,18273,38140
202201,4호선,이촌,5899,6583,12482
202201,4호선,창동,18686,19507,38193
202201,4호선,총신대입구,13426,14539,27965
202201,4호선,충무로,11872,12413,24285
202201,4호선,한성대입구,9534,9051,18585
202201,4호선,혜화,27662,27544,55206
202201,4호선,회현,17477,19316,36793
202201,5호선,강동,12086,11628,23714
202201,5호선,강일,2499,2412,4911
202201,5호선,개롱,3875,4160,8035
202201,5호선,개화산,3386,3254,6640
202201,5호선,거여,5526,5265,10791
202201,5호선,고덕,6308,6126,12434
202201,5호선,공덕,6318,6680,12998
202201,5호선,광나루,9346,9205,18551
202201,5호선,광화문,13721,14252,27973
202201,5호선,군자,8114,9154,17268
202201,5호선,굽은다리,6859,6411,13270
202201,5호선,길동,5611,6019,11630
202201,5호선,김포공항,6857,6946,13803
202201,5호선,까치산,19791,19477,39268
202201,5호선,답십리,9637,8925,18562
202201,5호선,동대문역사문화공원,1001,1297,2298
202201,5호선,둔촌동,5873,5888,11761
202201,5호선,마곡,5318,5199,10517
202201,5호선,마장,3802,3592,7394
202201,5호선,마천,4365,4621,8986
202201,5호선,마포,6959,6949,13908
202201,5호선,명일,5767,5785,11552
202201,5호선,목동,10684,10793,21477
202201,5호선,미사,11180,11293,22473
202201,5호선,발산,12596,13223,25819
202201,5호선,방이,4813,4744,9557
202201,5호선,방화,4485,4231,8716
202201,5호선,상일동,8829,8282,17111
202201,5호선,서대문,6236,6164,12400
202201,5호선,송정,4711,4519,9230
202201,5호선,신금호,3844,3990,7834
202201,5호선,신길,2409,2519,4928
202201,5호선,신정,8253,7301,15554
202201,5호선,아차산,12221,11468,23689
202201,5호선,애오개,3392,3386,6778
202201,5호선,양평,3627,3489,7116
202201,5호선,여의나루,5302,6306,11608
202201,5호선,여의도,10058,10444,20502
202201,5호선,영등포구청,1891,1844,3735
202201,5호선,영등포시장,7514,7956,15470
202201,5호선,오금,2051,1979,4030
202201,5호선,오목교,15270,15663,30933
202201,5호선,올림픽공원,2671,2438,5109
202201,5호선,왕십리,3318,3991,7309
202201,5호선,우장산,8919,9259,18178
202201,5호선,을지로4가,3165,3638,6803
202201,5호선,장한평,10450,10525,20975
202201,5호선,종로3가,11199,11421,22620
202201,5호선,천호,16234,15305,31539
202201,5호선,청구,2454,2203,4657
202201,5호선,충정로,1752,1739,3491
202201,5호선,하남검단산,5047,4971,10018
202201,5호선,하남시청,4822,4740,9562
202201,5호선,하남풍산,2526,2567,5093
202201,5호선,행당,5030,4499,9529
202201,5호선,화곡,18979,17720,36699
202201,6호선,고려대,4689,4530,9219
202201,6호선,공덕,9200,8684,17884
202201,6호선,광흥창,4885,4530,9415
202201,6호선,구산,5015,3841,8856
202201,6호선,녹사평,4345,4746,9091
202201,6호선,대흥,4761,4829,9590
202201,6호선,독바위,1845,2103,3948
202201,6호선,돌곶이,5561,5140,10701
202201,6호선,동묘앞,7453,7028,14481
202201,6호선,디지털미디어시티,6649,6884,13533
202201,6호선,마포구청,8824,7835,16659
202201,6호선,망원,12270,13368,25638
202201,6호선,버티고개,1307,1391,2698
202201,6호선,보문,4738,4357,9095
202201,6호선,봉화산,4861,4773,9634
202201,6호선,불광,3505,3159,6664
202201,6호선,삼각지,4741,3786,8527
202201,6호선,상수,7459,8686,16145
202201,6호선,상월곡,3773,3245,7018
202201,6호선,새절,8020,7814,15834
202201,6호선,석계,8104,8196,16300
202201,6호선,신당,6370,5441,11811
202201,6호선,안암,5611,5462,11073
202201,6호선,약수,2290,2366,4656
202201,6호선,역촌,2530,2985,5515
202201,6호선,연신내,3,0,3
202201,6호선,월곡,6874,6827,13701
202201,6호선,월드컵경기장,3215,3367,6582
202201,6호선,응암,11598,11665,23263
202201,6호선,이태원,11231,11397,22628
202201,6호선,증산,6890,6900,13790
202201,6호선,창신,1988,1663,3651
202201,6호선,청구,2212,2202,4414
202201,6호선,태릉입구,3708,3987,7695
202201,6호선,한강진,8670,10212,18882
202201,6호선,합정,12072,10638,22710
202201,6호선,화랑대,6577,5535,12112
202201,6호선,효창공원앞,4350,3915,8265
202201,7호선,가산디지털단지,13612,12272,25884
202201,7호선,강남구청,9501,10240,19741
202201,7호선,건대입구,10381,10425,20806
202201,7호선,고속터미널,12746,9760,22506
202201,7호선,공릉,7950,8000,15950
202201,7호선,광명사거리,15903,15853,31756
202201,7호선,군자,10280,7767,18047
202201,7호선,남구로,7609,7998,15607
202201,7호선,남성,7114,6627,13741
202201,7호선,내방,7516,7451,14967
202201,7호선,노원,15291,15588,30879
202201,7호선,논현,11258,11979,23237
202201,7호선,대림,6403,7021,13424
202201,7호선,도봉산,5772,7886,13658
202201,7호선,뚝섬유원지,5562,5203,10765
202201,7호선,마들,8425,7936,16361
202201,7호선,먹골,7448,7240,14688
202201,7호선,면목,10556,10260,20816
202201,7호선,반포,3946,3784,7730
202201,7호선,보라매,5985,5750,11735
202201,7호선,사가정,11538,11338,22876
202201,7호선,상도,6985,6523,13508
202201,7호선,상동,1,0,1
202201,7호선,상봉,12566,12042,24608
202201,7호선,수락산,9176,9004,18180
202201,7호선,숭실대입구,7245,7321,14566
202201,7호선,신대방삼거리,11011,10356,21367
202201,7호선,신중동,1,0,1
202201,7호선,신풍,7623,7328,14951
202201,7호선,어린이대공원,11019,10031,21050
202201,7호선,온수,5251,5275,10526
202201,7호선,용마산,3980,4170,8150
202201,7호선,이수,11414,10786,22200
202201,7호선,장승배기,6123,5902,12025
202201,7호선,장암,1301,874,2175
202201,7호선,중계,8373,7652,16025
202201,7호선,중곡,6568,6205,12773
202201,7호선,중화,7142,6939,14081
202201,7호선,천왕,6548,6287,12835
202201,7호선,철산,14281,14594,28875
202201,7호선,청담,10687,11517,22204
202201,7호선,태릉입구,5994,5666,11660
202201,7호선,하계,11174,10416,21590
202201,7호선,학동,10443,10938,21381
202201,8호선,가락시장,5231,5359,10590
202201,8호선,강동구청,5689,5761,11450
202201,8호선,남위례,2576,2796,5372
202201,8호선,남한산성입구,8715,7794,16509
202201,8호선,단대오거리,7072,6655,13727
202201,8호선,모란,3455,3021,6476
202201,8호선,몽촌토성,3961,4008,7969
202201,8호선,문정,8089,8252,16341
202201,8호선,복정,6021,5045,11066
202201,8호선,산성,3813,3893,7706
202201,8호선,석촌,5696,6892,12588
202201,8호선,송파,4613,4937,9550
202201,8호선,수진,4026,3763,7789
202201,8호선,신흥,3256,3630,6886
202201,8호선,암사,11597,10700,22297
202201,8호선,잠실,12827,14581,27408
202201,8호선,장지,11516,10918,22434
202201,8호선,천호,11676,13571,25247
202201,9호선,가양,12934,12431,25365
202201,9호선,개화,1131,1015,2146
202201,9호선,고속터미널,10828,15273,26101
202201,9호선,공항시장,2230,2479,4709
202201,9호선,구반포,1068,1097,2165
202201,9호선,국회의사당,3848,4018,7866
202201,9호선,김포공항,7124,11213,18337
202201,9호선,노들,2909,2501,5410
202201,9호선,노량진,20144,19809,39953
202201,9호선,당산,11828,11280,23108
202201,9호선,동작,1335,1098,2433
202201,9호선,등촌,6839,6810,13649
202201,9호선,마곡나루,7566,7430,14996
202201,9호선,사평,2098,1975,4073
202201,9호선,샛강,2423,2409,4832
202201,9호선,선유도,3492,3353,6845
202201,9호선,신논현,25609,24730,50339
202201,9호선,신목동,2100,1831,3931
202201,9호선,신반포,2447,2280,4727
202201,9호선,신방화,4442,4211,8653
202201,9호선,양천향교,5611,5552,11163
202201,9호선,여의도,10717,10361,21078
202201,9호선,염창,10882,10267,21149
202201,9호선,증미,3847,3754,7601
202201,9호선,흑석,5103,5163,10266
202201,9호선2~3단계,둔촌오륜,515,503,1018
202201,9호선2~3단계,봉은사,10003,10604,20607
202201,9호선2~3단계,삼성중앙,2892,2939,5831
202201,9호선2~3단계,삼전,4666,4439,9105
202201,9호선2~3단계,석촌,6232,5191,11423
202201,9호선2~3단계,석촌고분,3960,3947,7907
202201,9호선2~3단계,선정릉,4286,4756,9042
202201,9호선2~3단계,송파나루,4038,4355,8393
202201,9호선2~3단계,언주,6150,6102,12252
202201,9호선2~3단계,올림픽공원,5353,5273,10626
202201,9호선2~3단계,종합운동장,2869,2618,5487
202201,9호선2~3단계,중앙보훈병원,4210,3915,8125
202201,9호선2~3단계,한성백제,1684,1441,3125
202201,경강선,경기광주,5003,4825,9828
202201,경강선,곤지암,1697,1654,3351
202201,경강선,부발,2077,1757,3834
202201,경강선,삼동,1310,1314,2624
202201,경강선,세종대왕릉,240,286,526
202201,경강선,신둔도예촌,1037,988,2025
202201,경강선,여주,1906,1918,3824
202201,경강선,이매,731,574,1305
202201,경강선,이천,2547,2515,5062
202201,경강선,초월,2056,1966,4022
202201,경강선,판교,2884,2867,5751
202201,경부선,가산디지털단지,5682,7715,13397
202201,경부선,관악,5526,5209,10735
202201,경부선,광명,2323,2138,4461
202201,경부선,구로,11896,12113,24009
202201,경부선,군포,3976,3665,7641
202201,경부선,금정,17076,17248,34324
202201,경부선,금천구청,7673,7592,15265
202201,경부선,남영,5237,5389,10626
202201,경부선,노량진,7562,6941,14503
202201,경부선,당정,3711,3584,7295
202201,경부선,대방,7166,7152,14318
202201,경부선,독산,8499,8428,16927
202201,경부선,두정,4607,4661,9268
202201,경부선,명학,4943,4790,9733
202201,경부선,병점,11415,11201,22616
202201,경부선,서동탄,954,919,1873
202201,경부선,서울역,5739,1763,7502
202201,경부선,서정리,6187,5181,11368
202201,경부선,석수,6183,5861,12044
202201,경부선,성균관대,9566,9626,19192
202201,경부선,성환,2369,2243,4612
202201,경부선,세류,2257,2333,4590
202201,경부선,세마,2062,1896,3958
202201,경부선,송탄,4177,3937,8114
202201,경부선,수원,34497,37024,71521
202201,경부선,신길,5640,4742,10382
202201,경부선,신도림,3024,2759,5783
202201,경부선,안양,16471,16321,32792
202201,경부선,영등포,37213,38603,75816
202201,경부선,오산,8635,8215,16850
202201,경부선,오산대,2544,2275,4819
202201,경부선,용산,30336,31646,61982
202201,경부선,의왕,5800,5531,11331
202201,경부선,직산,554,558,1112
202201,경부선,진위,961,804,1765
202201,경부선,천안,5226,5339,10565
202201,경부선,평택,11611,11144,22755
202201,경부선,평택지제,2770,2586,5356
202201,경부선,화서,4787,4890,9677
202201,경원선,가능,4623,4395,9018
202201,경원선,광운대,4880,4871,9751
202201,경원선,녹양,3118,3087,6205
202201,경원선,녹천,3080,2608,5688
202201,경원선,덕계,2208,2027,4235
202201,경원선,덕정,3871,3607,7478
202201,경원선,도봉,4190,4042,8232
202201,경원선,도봉산,7763,5300,13063
202201,경원선,동두천,1442,1678,3120
202201,경원선,동두천중앙,2371,2314,4685
202201,경원선,망월사,4965,5145,10110
202201,경원선,방학,6768,6633,13401
202201,경원선,보산,1084,1099,2183
202201,경원선,서빙고,1279,1314,2593
202201,경원선,석계,6179,6446,12625
202201,경원선,소요산,2675,2332,5007
202201,경원선,신이문,5610,5188,10798
202201,경원선,양주,5696,5371,11067
202201,경원선,옥수,23,25,48
202201,경원선,왕십리,11805,13064,24869
202201,경원선,외대앞,5393,5193,10586
202201,경원선,월계,4356,4122,8478
202201,경원선,응봉,1185,1120,2305
202201,경원선,의정부,16140,16944,33084
202201,경원선,이촌,2486,1966,4452
202201,경원선,지행,4759,4795,9554
202201,경원선,청량리,14205,15354,29559
202201,경원선,한남,2535,2471,5006
202201,경원선,회룡,8946,8861,17807
202201,경의선,가좌,3594,3387,6981
202201,경의선,강매,1867,1778,3645
202201,경의선,곡산,336,378,714
202201,경의선,공덕,2534,1856,4390
202201,경의선,금릉,3427,3383,6810
202201,경의선,금촌,4879,4769,9648
202201,경의선,능곡,2483,2433,4916
202201,경의선,디지털미디어시티,1683,1505,3188
202201,경의선,문산,4076,3963,8039
202201,경의선,백마,4172,3931,8103
202201,경의선,서강대,1472,1424,2896
202201,경의선,서울역,1105,1279,2384
202201,경의선,수색,1320,1302,2622
202201,경의선,신촌,299,326,625
202201,경의선,야당,5510,5528,11038
202201,경의선,운정,4642,4371,9013
202201,경의선,월롱,1537,1232,2769
202201,경의선,일산,6654,6444,13098
202201,경의선,임진강,72,64,136
202201,경의선,탄현,4929,4785,9714
202201,경의선,파주,722,563,1285
202201,경의선,풍산,3899,3769,7668
202201,경의선,행신,4717,4798,9515
202201,경의선,홍대입구,1873,2008,3881
202201,경의선,화전,935,867,1802
202201,경의선,효창공원앞,1564,1732,3296
202201,경인선,간석,4002,3826,7828
202201,경인선,개봉,14884,14603,29487
202201,경인선,구일,4140,3977,8117
202201,경인선,도원,1691,1813,3504
202201,경인선,도화,2938,2705,5643
202201,경인선,동암,11086,11694,22780
202201,경인선,동인천,10645,10412,21057
202201,경인선,백운,4666,4631,9297
202201,경인선,부개,5788,5309,11097
202201,경인선,부천,26735,27345,54080
202201,경인선,부평,26712,28883,55595
202201,경인선,소사,6376,6234,12610
202201,경인선,송내,16584,16472,33056
202201,경인선,역곡,18468,18177,36645
202201,경인선,오류동,8385,7829,16214
202201,경인선,온수,4362,4069,8431
202201,경인선,인천,3378,2797,6175
202201,경인선,제물포,6911,6565,13476
202201,경인선,주안,13985,12677,26662
202201,경인선,중동,6203,5856,12059
202201,경춘선,가평,1287,1337,2624
202201,경춘선,갈매,1871,1587,3458
202201,경춘선,강촌,413,430,843
202201,경춘선,굴봉산,142,196,338
202201,경춘선,금곡,1072,931,2003
202201,경춘선,김유정,299,342,641
202201,경춘선,남춘천,2137,2323,4460
202201,경춘선,대성리,407,368,775
202201,경춘선,마석,3028,3065,6093
202201,경춘선,백양리,366,309,675
202201,경춘선,별내,2261,2158,4419
202201,경춘선,사릉,2027,1975,4002
202201,경춘선,상천,256,213,469
202201,경춘선,신내,1119,1126,2245
202201,경춘선,천마산,1239,1252,2491
202201,경춘선,청평,1278,1331,2609
202201,경춘선,춘천,1239,1130,2369
202201,경춘선,퇴계원,2366,2181,4547
202201,경춘선,평내호평,4127,3954,8081
202201,공항철도 1호선,검암,3989,4035,8024
202201,공항철도 1호선,계양,6389,5921,12310
202201,공항철도 1호선,공덕,1392,2190,3582
202201,공항철도 1호선,공항화물청사,1226,1197,2423
202201,공항철도 1호선,김포공항,10576,5713,16289
202201,공항철도 1호선,디지털미디어시티,4574,4292,8866
202201,공항철도 1호선,마곡나루,2867,3065,5932
202201,공항철도 1호선,서울역,6410,6441,12851
202201,공항철도 1호선,영종,2571,2531,5102
202201,공항철도 1호선,운서,5404,5563,10967
202201,공항철도 1호선,인천공항1터미널,3317,3437,6754
202201,공항철도 1호선,인천공항2터미널,2010,1720,3730
202201,공항철도 1호선,청라국제도시,3832,3851,7683
202201,공항철도 1호선,홍대입구,11262,10856,22118
202201,과천선,경마공원,7326,7408,14734
202201,과천선,과천,4191,3916,8107
202201,과천선,대공원,3488,3899,7387
202201,과천선,범계,19345,18728,38073
202201,과천선,선바위,4657,4088,8745
202201,과천선,인덕원,14837,14765,29602
202201,과천선,정부과천청사,5579,5486,11065
202201,과천선,평촌,8845,8605,17450
202201,분당선,가천대,4623,5211,9834
202201,분당선,강남구청,5286,6380,11666
202201,분당선,개포동,2425,2491,4916
202201,분당선,구룡,1069,993,2062
202201,분당선,구성,3054,3213,6267
202201,분당선,기흥,6121,5883,12004
202201,분당선,대모산입구,2964,2755,5719
202201,분당선,도곡,4469,4046,8515
202201,분당선,망포,8752,8215,16967
202201,분당선,매교,1837,1984,3821
202201,분당선,매탄권선,3388,3179,6567
202201,분당선,모란,15114,15287,30401
202201,분당선,미금,10469,10634,21103
202201,분당선,보정,1506,1417,2923
202201,분당선,복정,1,0,1
202201,분당선,상갈,3475,3460,6935
202201,분당선,서울숲,6730,6964,13694
202201,분당선,서현,18436,18221,36657
202201,분당선,선릉,4793,7354,12147
202201,분당선,선정릉,3065,3109,6174
202201,분당선,수내,8638,8085,16723
202201,분당선,수서,9421,9846,19267
202201,분당선,수원,7141,5763,12904
202201,분당선,수원시청,10596,11350,21946
202201,분당선,신갈,2567,2621,5188
202201,분당선,압구정로데오,18679,20419,39098
202201,분당선,야탑,16582,17217,33799
202201,분당선,영통,6405,6309,12714
202201,분당선,오리,7277,6047,13324
202201,분당선,이매,3930,3847,7777
202201,분당선,정자,10266,10519,20785
202201,분당선,죽전,9566,10657,20223
202201,분당선,청명,2528,2514,5042
202201,분당선,태평,10189,9712,19901
202201,분당선,한티,11728,11264,22992
202201,수인선,고색,2557,2524,5081
202201,수인선,남동인더스파크,870,841,1711
202201,수인선,달월,34,41,75
202201,수인선,사리,3218,2779,5997
202201,수인선,소래포구,4517,4634,9151
202201,수인선,송도,1843,1832,3675
202201,수인선,숭의,2588,2336,4924
202201,수인선,신포,1287,1370,2657
202201,수인선,야목,209,189,398
202201,수인선,어천,592,518,1110
202201,수인선,연수,3602,3762,7364
202201,수인선,오목천,2058,1786,3844
202201,수인선,원인재,3376,3521,6897
202201,수인선,월곶,1969,1910,3879
202201,수인선,인천,1045,1682,2727
202201,수인선,인천논현,4118,4230,8348
202201,수인선,인하대,3877,3712,7589
202201,수인선,호구포,2374,2245,4619
202201,안산선,고잔,5712,5600,11312
202201,안산선,대야미,3638,3145,6783
202201,안산선,반월,3010,2788,5798
202201,안산선,산본,11638,12483,24121
202201,안산선,상록수,11507,11720,23227
202201,안산선,수리산,2541,2335,4876
202201,안산선,신길온천,1244,1188,2432
202201,안산선,안산,8376,8474,16850
202201,안산선,오이도,6576,6806,13382
202201,안산선,정왕,5818,5839,11657
202201,안산선,중앙,14741,15184,29925
202201,안산선,초지,3015,3069,6084
202201,안산선,한대앞,6725,6578,13303
202201,우이신설선,4.19민주묘지,2192,1961,4153
202201,우이신설선,가오리,2774,2674,5448
202201,우이신설선,보문,1097,1059,2156
202201,우이신설선,북한산보국문,4600,4112,8712
202201,우이신설선,북한산우이,3113,3140,6253
202201,우이신설선,삼양,1481,1539,3020
202201,우이신설선,삼양사거리,1785,1781,3566
202201,우이신설선,성신여대입구,2769,3199,5968
202201,우이신설선,솔밭공원,1709,1585,3294
202201,우이신설선,솔샘,3748,3354,7102
202201,우이신설선,신설동,1316,1290,2606
202201,우이신설선,정릉,3366,2803,6169
202201,우이신설선,화계,2382,2265,4647
202201,일산선,대곡,1198,960,2158
202201,일산선,대화,7591,6872,14463
202201,일산선,마두,4498,4599,9097
202201,일산선,백석,6733,7002,13735
202201,일산선,삼송,13159,12933,26092
202201,일산선,원당,7613,7297,14910
202201,일산선,원흥,6756,6531,13287
202201,일산선,정발산,6036,6216,12252
202201,일산선,주엽,5961,5992,11953
202201,일산선,지축,1,0,1
202201,일산선,화정,11599,11982,23581
202201,장항선,배방,851,808,1659
202201,장항선,봉명,684,564,1248
202201,장항선,신창,802,757,1559
202201,장항선,쌍용,1334,1274,2608
202201,장항선,아산,2509,2361,4870
202201,장항선,온양온천,3260,3453,6713
202201,장항선,탕정,354,315,669
202201,중앙선,구리,9564,9842,19406
202201,중앙선,국수,522,593,1115
202201,중앙선,덕소,3993,4082,8075
202201,중앙선,도농,6471,6156,12627
202201,중앙선,도심,1369,1187,2556
202201,중앙선,망우,5951,5894,11845
202201,중앙선,상봉,4462,4427,8889
202201,중앙선,신원,203,173,376
202201,중앙선,아신,486,494,980
202201,중앙선,양수,1426,1439,2865
202201,중앙선,양원,1306,1349,2655
202201,중앙선,양정,450,374,824
202201,중앙선,양평,2965,3160,6125
202201,중앙선,오빈,236,231,467
202201,중앙선,용문,1503,1611,3114
202201,중앙선,운길산,774,726,1500
202201,중앙선,원덕,328,337,665
202201,중앙선,중랑,4050,3900,7950
202201,중앙선,지평,35,43,78
202201,중앙선,팔당,1030,1067,2097
202201,중앙선,회기,17998,17010,35008
202201,1호선,동대문,8011,8290,16301
202201,1호선,동묘앞,10902,11103,22005
202201,1호선,서울역,22698,20411,43109
202201,1호선,시청,6426,6014,12440
202201,1호선,신설동,6894,6916,13810
202201,1호선,제기동,9346,9753,19099
202201,1호선,종각,10970,9660,20630
202201,1호선,종로3가,12373,11030,23403
202201,1호선,종로5가,8055,8048,16103
202201,1호선,청량리,11579,11717,23296
202201,2호선,강남,33870,32354,66224
202201,2호선,강변,18185,17425,35610
202201,2호선,건대입구,24608,25544,50152
202201,2호선,교대,9310,10445,19755
202201,2호선,구로디지털단지,21940,21522,43462
202201,2호선,구의,10463,10625,21088
202201,2호선,낙성대,14282,14736,29018
202201,2호선,당산,7604,8252,15856
202201,2호선,대림,12846,13140,25986
202201,2호선,도림천,407,402,809
202201,2호선,동대문역사문화공원,6773,8202,14975
202201,2호선,뚝섬,9329,9360,18689
202201,2호선,문래,6785,7046,13831
202201,2호선,방배,6284,6667,12951
202201,2호선,봉천,11298,11176,22474
202201,2호선,사당,19329,21450,40779
202201,2호선,삼성,20078,19485,39563
202201,2호선,상왕십리,6231,6251,12482
202201,2호선,서울대입구,25168,26033,51201
202201,2호선,서초,10610,9796,20406
202201,2호선,선릉,12572,10627,23199
202201,2호선,성수,12457,13292,25749
202201,2호선,시청,5038,4060,9098
202201,2호선,신답,701,759,1460
202201,2호선,신당,7318,7725,15043
202201,2호선,신대방,13847,13732,27579
202201,2호선,신도림,25126,25449,50575
202201,2호선,신림,34676,33117,67793
202201,2호선,신설동,2837,3072,5909
202201,2호선,신정네거리,4777,4884,9661
202201,2호선,신촌,20239,19566,39805
202201,2호선,아현,4693,4731,9424
202201,2호선,양천구청,2941,3085,6026
202201,2호선,역삼,11034,12091,23125
202201,2호선,영등포구청,7202,7598,14800
202201,2호선,왕십리,8510,7814,16324
202201,2호선,용답,1521,1500,3021
202201,2호선,용두,959,937,1896
202201,2호선,을지로3가,7390,6971,14361
202201,2호선,을지로4가,3152,2996,6148
202201,2호선,을지로입구,14927,13853,28780
202201,2호선,이대,6310,6983,13293
202201,2호선,잠실,44557,41825,86382
202201,2호선,잠실나루,4569,4816,9385
202201,2호선,잠실새내,10103,10363,20466
202201,2호선,종합운동장,4006,4599,8605
202201,2호선,충정로,3400,3725,7125
202201,2호선,한양대,1987,2154,4141
202201,2호선,합정,19238,19963,39201
202201,2호선,홍대입구,45921,44982,90903
202201,3호선,가락시장,3194,3465,6659
202201,3호선,경복궁,9803,9922,19725
202201,3호선,경찰병원,2427,2608,5035
202201,3호선,고속터미널,34914,32930,67844
202201,3호선,교대,3810,2497,6307
202201,3호선,구파발,9760,9964,19724
202201,3호선,금호,3828,3653,7481
202201,3호선,남부터미널,12426,12988,25414
202201,3호선,녹번,6603,5989,12592
202201,3호선,대청,3760,3656,7416
202201,3호선,대치,5616,4901,10517
202201,3호선,도곡,1773,1860,3633
202201,3호선,독립문,3490,3788,7278
202201,3호선,동대입구,5017,5428,10445
202201,3호선,매봉,3678,3711,7389
202201,3호선,무악재,1687,1770,3457
202201,3호선,불광,8789,9915,18704
202201,3호선,수서,9360,9102,18462
202201,3호선,신사,13825,13662,27487
202201,3호선,안국,9019,9571,18590
202201,3호선,압구정,12761,13013,25774
202201,3호선,약수,6121,5787,11908
202201,3호선,양재,12417,14163,26580
202201,3호선,연신내,19331,18628,37959
202201,3호선,오금,2389,2432,4821
202201,3호선,옥수,4279,4395,8674
202201,3호선,을지로3가,3085,2812,5897
202201,3호선,일원,3067,3179,6246
202201,3호선,잠원,1877,1929,3806
202201,3호선,종로3가,3612,4578,8190
202201,3호선,지축,1892,1802,3694
202201,3호선,학여울,850,890,1740
202201,3호선,홍제,8143,7969,16112
202201,4호선,길음,9061,8966,18027
202201,4호선,남태령,556,449,1005
202201,4호선,노원,10943,11844,22787
202201,4호선,당고개,6890,6608,13498
202201,4호선,동대문,5681,6418,12099
202201,4호선,동대문역사문화공원,8273,7563,15836
202201,4호선,동작,682,725,1407
202201,4호선,명동,10595,10686,21281
202201,4호선,미아,7146,6819,13965
202201,4호선,미아사거리,14327,13572,27899
202201,4호선,사당,13623,12686,26309
202201,4호선,삼각지,2321,2953,5274
202201,4호선,상계,9245,8805,18050
202201,4호선,서울역,3631,8516,12147
202201,4호선,성신여대입구,11473,11120,22593
202201,4호선,수유,18136,17543,35679
202201,4호선,숙대입구,6301,6223,12524
202201,4호선,신용산,7207,7314,14521
202201,4호선,쌍문,14095,12759,26854
202201,4호선,이촌,4280,4732,9012
202201,4호선,창동,13544,14174,27718
202201,4호선,총신대입구,9156,10104,19260
202201,4호선,충무로,6954,6967,13921
202201,4호선,한성대입구,6793,6842,13635
202201,4호선,혜화,20443,20823,41266
202201,4호선,회현,8905,9133,18038
202201,5호선,강동,7830,7808,15638
202201,5호선,강일,1894,1785,3679
202201,5호선,개롱,2657,2910,5567
202201,5호선,개화산,2420,2572,4992
202201,5호선,거여,3913,3734,7647
202201,5호선,고덕,3729,3711,7440
202201,5호선,공덕,4051,4090,8141
202201,5호선,광나루,6602,6466,13068
202201,5호선,광화문,9917,9657,19574
202201,5호선,군자,5618,6221,11839
202201,5호선,굽은다리,4813,4516,9329
202201,5호선,길동,3746,3958,7704
202201,5호선,김포공항,6585,6259,12844
202201,5호선,까치산,14325,14099,28424
202201,5호선,답십리,6671,6410,13081
202201,5호선,동대문역사문화공원,690,792,1482
202201,5호선,둔촌동,4277,4357,8634
202201,5호선,마곡,3361,3504,6865
202201,5호선,마장,2596,2579,5175
202201,5호선,마천,3234,3439,6673
202201,5호선,마포,4233,4395,8628
202201,5호선,명일,4296,4343,8639
202201,5호선,목동,6953,7258,14211
202201,5호선,미사,8087,8043,16130
202201,5호선,발산,8318,8707,17025
202201,5호선,방이,3491,3455,6946
202201,5호선,방화,3108,3211,6319
202201,5호선,상일동,6064,6119,12183
202201,5호선,서대문,4525,4486,9011
202201,5호선,송정,3458,3417,6875
202201,5호선,신금호,2653,2925,5578
202201,5호선,신길,1714,1914,3628
202201,5호선,신정,5826,5340,11166
202201,5호선,아차산,9015,8923,17938
202201,5호선,애오개,2320,2381,4701
202201,5호선,양평,2399,2520,4919
202201,5호선,여의나루,5011,5759,10770
202201,5호선,여의도,7206,7274,14480
202201,5호선,영등포구청,1160,1189,2349
202201,5호선,영등포시장,4962,5281,10243
202201,5호선,오금,1324,1298,2622
202201,5호선,오목교,10515,10808,21323
202201,5호선,올림픽공원,1873,1701,3574
202201,5호선,왕십리,2144,2604,4748
202201,5호선,우장산,6265,6465,12730
202201,5호선,을지로4가,1322,1446,2768
202201,5호선,장한평,7045,7074,14119
202201,5호선,종로3가,8050,7081,15131
202201,5호선,천호,11517,10757,22274
202201,5호선,청구,1572,1480,3052
202201,5호선,충정로,1315,1261,2576
202201,5호선,하남검단산,4117,4053,8170
202201,5호선,하남시청,3622,3488,7110
202201,5호선,하남풍산,1959,2025,3984
202201,5호선,행당,3513,3212,6725
202201,5호선,화곡,13086,12397,25483
202201,6호선,고려대,3564,3479,7043
202201,6호선,공덕,6054,5690,11744
202201,6호선,광흥창,3820,3738,7558
202201,6호선,구산,3584,2712,6296
202201,6호선,녹사평,3443,3403,6846
202201,6호선,대흥,3762,3887,7649
202201,6호선,독바위,1345,1674,3019
202201,6호선,돌곶이,4534,4201,8735
202201,6호선,동묘앞,5408,5349,10757
202201,6호선,디지털미디어시티,4616,4891,9507
202201,6호선,마포구청,6481,6064,12545
202201,6호선,망원,8817,9613,18430
202201,6호선,버티고개,838,1020,1858
202201,6호선,보문,3752,3455,7207
202201,6호선,봉화산,3537,3499,7036
202201,6호선,불광,2717,2441,5158
202201,6호선,삼각지,3240,2686,5926
202201,6호선,상수,5678,6461,12139
202201,6호선,상월곡,2854,2617,5471
202201,6호선,새절,5808,5594,11402
202201,6호선,석계,5715,5966,11681
202201,6호선,신내,1,0,1
202201,6호선,신당,3677,4250,7927
202201,6호선,안암,4155,4396,8551
202201,6호선,약수,1543,1561,3104
202201,6호선,역촌,1776,2065,3841
202201,6호선,월곡,4811,4835,9646
202201,6호선,월드컵경기장,2251,2312,4563
202201,6호선,응암,8355,8421,16776
202201,6호선,이태원,8129,7632,15761
202201,6호선,증산,4981,5150,10131
202201,6호선,창신,1454,1370,2824
202201,6호선,청구,1541,1546,3087
202201,6호선,태릉입구,2763,2899,5662
202201,6호선,한강진,6544,7342,13886
202201,6호선,합정,8581,7755,16336
202201,6호선,화랑대,4705,4104,8809
202201,6호선,효창공원앞,3137,2827,5964
202201,7호선,가산디지털단지,9291,8559,17850
202201,7호선,강남구청,5244,5662,10906
202201,7호선,건대입구,6784,6986,13770
202201,7호선,고속터미널,10273,6987,17260
202201,7호선,공릉,5836,5913,11749
202201,7호선,광명사거리,11442,11315,22757
202201,7호선,군자,7056,5655,12711
202201,7호선,까치울,1,0,1
202201,7호선,남구로,6028,5793,11821
202201,7호선,남성,4798,4804,9602
202201,7호선,내방,4689,4871,9560
202201,7호선,노원,10381,10419,20800
202201,7호선,논현,5690,6078,11768
202201,7호선,대림,5694,5405,11099
202201,7호선,도봉산,4594,6651,11245
202201,7호선,뚝섬유원지,4164,4057,8221
202201,7호선,마들,5331,5016,10347
202201,7호선,먹골,4853,4774,9627
202201,7호선,면목,7191,7324,14515
202201,7호선,반포,2460,2384,4844
202201,7호선,보라매,3788,3831,7619
202201,7호선,부천시청,1,0,1
202201,7호선,사가정,8035,7865,15900
202201,7호선,상도,6057,6170,12227
202201,7호선,상봉,8272,7711,15983
202201,7호선,수락산,7327,6987,14314
202201,7호선,숭실대입구,5076,5400,10476
202201,7호선,신대방삼거리,7202,7256,14458
202201,7호선,신풍,5319,5027,10346
202201,7호선,어린이대공원,6000,6029,12029
202201,7호선,온수,3593,3695,7288
202201,7호선,용마산,2771,3096,5867
202201,7호선,이수,7855,7337,15192
202201,7호선,장승배기,4202,4195,8397
202201,7호선,장암,1059,740,1799
202201,7호선,중계,5928,5450,11378
202201,7호선,중곡,4745,4748,9493
202201,7호선,중화,5053,5015,10068
202201,7호선,천왕,4349,4305,8654
202201,7호선,철산,9521,9565,19086
202201,7호선,청담,5817,6250,12067
202201,7호선,태릉입구,4263,4011,8274
202201,7호선,하계,7949,7589,15538
202201,7호선,학동,5653,5980,11633
202201,8호선,가락시장,2847,3580,6427
202201,8호선,강동구청,4146,4348,8494
202201,8호선,남위례,1793,2029,3822
202201,8호선,남한산성입구,6318,5883,12201
202201,8호선,단대오거리,5287,5212,10499
202201,8호선,모란,4599,3762,8361
202201,8호선,몽촌토성,2787,2774,5561
202201,8호선,문정,5089,5522,10611
202201,8호선,복정,4167,3909,8076
202201,8호선,산성,2863,2834,5697
202201,8호선,석촌,3966,4859,8825
202201,8호선,송파,3368,3491,6859
202201,8호선,수진,2955,2782,5737
202201,8호선,신흥,2600,2882,5482
202201,8호선,암사,8075,7758,15833
202201,8호선,잠실,9598,10440,20038
202201,8호선,장지,8508,8588,17096
202201,8호선,천호,8222,9376,17598
202201,9호선,가양,8996,8918,17914
202201,9호선,개화,921,811,1732
202201,9호선,고속터미널,8526,11666,20192
202201,9호선,공항시장,1614,1709,3323
202201,9호선,구반포,545,540,1085
202201,9호선,국회의사당,4217,3965,8182
202201,9호선,김포공항,6767,10490,17257
202201,9호선,노들,2242,1984,4226
202201,9호선,노량진,13491,14531,28022
202201,9호선,당산,8116,8125,16241
202201,9호선,동작,1028,937,1965
202201,9호선,등촌,4574,4795,9369
202201,9호선,마곡나루,5263,5144,10407
202201,9호선,사평,1382,1463,2845
202201,9호선,샛강,1464,1529,2993
202201,9호선,선유도,2523,2560,5083
202201,9호선,신논현,15098,14248,29346
202201,9호선,신목동,1566,1376,2942
202201,9호선,신반포,1500,1548,3048
202201,9호선,신방화,3151,3055,6206
202201,9호선,양천향교,3748,3913,7661
202201,9호선,여의도,8527,7728,16255
202201,9호선,염창,7430,7506,14936
202201,9호선,증미,2263,2316,4579
202201,9호선,흑석,5491,4964,10455
202201,9호선2~3단계,둔촌오륜,433,454,887
202201,9호선2~3단계,봉은사,7333,7496,14829
202201,9호선2~3단계,삼성중앙,1732,1836,3568
202201,9호선2~3단계,삼전,3293,3228,6521
202201,9호선2~3단계,석촌,4468,3915,8383
202201,9호선2~3단계,석촌고분,2762,2812,5574
202201,9호선2~3단계,선정릉,2663,3034,5697
202201,9호선2~3단계,송파나루,2968,3216,6184
202201,9호선2~3단계,언주,3596,3593,7189
202201,9호선2~3단계,올림픽공원,4372,4281,8653
202201,9호선2~3단계,종합운동장,2227,2009,4236
202201,9호선2~3단계,중앙보훈병원,2981,2858,5839
202201,9호선2~3단계,한성백제,1203,1131,2334
202201,경강선,경기광주,3637,3541,7178
202201,경강선,곤지암,1414,1369,2783
202201,경강선,부발,1472,2087,3559
202201,경강선,삼동,961,932,1893
202201,경강선,세종대왕릉,210,214,424
202201,경강선,신둔도예촌,787,760,1547
202201,경강선,여주,1678,1528,3206
202201,경강선,이매,593,393,986
202201,경강선,이천,1841,2034,3875
202201,경강선,초월,1408,1483,2891
202201,경강선,판교,2485,2385,4870
202201,경부선,가산디지털단지,4089,5640,9729
202201,경부선,관악,4210,3921,8131
202201,경부선,광명,2197,1610,3807
202201,경부선,구로,8679,8791,17470
202201,경부선,군포,2711,2572,5283
202201,경부선,금정,12258,12800,25058
202201,경부선,금천구청,5673,5582,11255
202201,경부선,남영,3940,4185,8125
202201,경부선,노량진,5335,5036,10371
202201,경부선,당정,2713,2706,5419
202201,경부선,대방,5158,5498,10656
202201,경부선,독산,5554,5643,11197
202201,경부선,두정,3887,4141,8028
202201,경부선,명학,2880,2838,5718
202201,경부선,병점,8232,9122,17354
202201,경부선,서동탄,674,705,1379
202201,경부선,서울역,6199,1467,7666
202201,경부선,서정리,3906,5427,9333
202201,경부선,석수,4557,4488,9045
202201,경부선,성균관대,6927,7301,14228
202201,경부선,성환,1939,2239,4178
202201,경부선,세류,1806,1789,3595
202201,경부선,세마,1508,1497,3005
202201,경부선,송탄,2921,3527,6448
202201,경부선,수원,29723,28421,58144
202201,경부선,신길,4097,3677,7774
202201,경부선,신도림,1982,1989,3971
202201,경부선,안양,12110,11836,23946
202201,경부선,영등포,30086,28828,58914
202201,경부선,오산,6720,7235,13955
202201,경부선,오산대,1861,1819,3680
202201,경부선,용산,27261,24176,51437
202201,경부선,의왕,3698,3812,7510
202201,경부선,직산,486,525,1011
202201,경부선,진위,753,730,1483
202201,경부선,천안,4925,4852,9777
202201,경부선,평택,9513,9973,19486
202201,경부선,평택지제,2101,2079,4180
202201,경부선,화서,3564,3501,7065
202201,경원선,가능,3604,3391,6995
202201,경원선,광운대,3740,3795,7535
202201,경원선,녹양,2367,2318,4685
202201,경원선,녹천,2308,1993,4301
202201,경원선,덕계,1521,1510,3031
202201,경원선,덕정,2914,3001,5915
202201,경원선,도봉,3031,2872,5903
202201,경원선,도봉산,7197,4869,12066
202201,경원선,동두천,1140,1362,2502
202201,경원선,동두천중앙,1804,1703,3507
202201,경원선,망월사,3946,4163,8109
202201,경원선,방학,5237,5172,10409
202201,경원선,보산,950,832,1782
202201,경원선,서빙고,1181,1259,2440
202201,경원선,석계,4433,4817,9250
202201,경원선,소요산,2806,2464,5270
202201,경원선,신이문,4143,4000,8143
202201,경원선,양주,4367,4352,8719
202201,경원선,옥수,48,26,74
202201,경원선,왕십리,8774,9436,18210
202201,경원선,외대앞,6607,6127,12734
202201,경원선,월계,3227,3016,6243
202201,경원선,응봉,871,784,1655
202201,경원선,의정부,12736,12723,25459
202201,경원선,이촌,1788,1488,3276
202201,경원선,지행,3870,3867,7737
202201,경원선,청량리,12263,11289,23552
202201,경원선,한남,1653,1723,3376
202201,경원선,회룡,6616,6609,13225
202201,경의선,가좌,2508,2508,5016
202201,경의선,강매,1336,1273,2609
202201,경의선,곡산,260,254,514
202201,경의선,공덕,1743,1219,2962
202201,경의선,금릉,2597,2515,5112
202201,경의선,금촌,3593,3729,7322
202201,경의선,능곡,1856,1890,3746
202201,경의선,디지털미디어시티,1259,1150,2409
202201,경의선,문산,3361,3551,6912
202201,경의선,백마,3059,2901,5960
202201,경의선,서강대,1281,1162,2443
202201,경의선,서울역,924,820,1744
202201,경의선,수색,778,851,1629
202201,경의선,신촌,203,230,433
202201,경의선,야당,4141,3992,8133
202201,경의선,운정,3197,3210,6407
202201,경의선,월롱,811,1759,2570
202201,경의선,일산,4134,4082,8216
202201,경의선,임진강,79,61,140
202201,경의선,탄현,3806,3644,7450
202201,경의선,파주,523,404,927
202201,경의선,풍산,3204,3059,6263
202201,경의선,행신,3972,3592,7564
202201,경의선,홍대입구,1495,1658,3153
202201,경의선,화전,632,694,1326
202201,경의선,효창공원앞,1112,1269,2381
202201,경인선,간석,2737,2681,5418
202201,경인선,개봉,10363,10460,20823
202201,경인선,구일,2751,2724,5475
202201,경인선,도원,1434,1450,2884
202201,경인선,도화,2091,2068,4159
202201,경인선,동암,8530,8413,16943
202201,경인선,동인천,8499,8146,16645
202201,경인선,백운,3431,3412,6843
202201,경인선,부개,4310,3836,8146
202201,경인선,부천,19283,18965,38248
202201,경인선,부평,20402,20881,41283
202201,경인선,소사,4762,4609,9371
202201,경인선,송내,11687,11474,23161
202201,경인선,역곡,13671,13326,26997
202201,경인선,오류동,6434,6102,12536
202201,경인선,온수,3207,3014,6221
202201,경인선,인천,2962,2376,5338
202201,경인선,제물포,4852,4745,9597
202201,경인선,주안,11025,10090,21115
202201,경인선,중동,4459,4108,8567
202201,경춘선,가평,1163,1055,2218
202201,경춘선,갈매,1293,1139,2432
202201,경춘선,강촌,455,407,862
202201,경춘선,굴봉산,126,142,268
202201,경춘선,금곡,719,692,1411
202201,경춘선,김유정,300,305,605
202201,경춘선,남춘천,1805,1870,3675
202201,경춘선,대성리,420,299,719
202201,경춘선,마석,2042,2007,4049
202201,경춘선,백양리,303,256,559
202201,경춘선,별내,1702,1547,3249
202201,경춘선,사릉,1375,1369,2744
202201,경춘선,상천,279,233,512
202201,경춘선,신내,772,798,1570
202201,경춘선,천마산,928,922,1850
202201,경춘선,청평,1167,1035,2202
202201,경춘선,춘천,1087,929,2016
202201,경춘선,퇴계원,1765,1577,3342
202201,경춘선,평내호평,3028,2865,5893
202201,공항철도 1호선,검암,3127,3097,6224
202201,공항철도 1호선,계양,4629,4557,9186
202201,공항철도 1호선,공덕,1054,1565,2619
202201,공항철도 1호선,공항화물청사,916,968,1884
202201,공항철도 1호선,김포공항,10438,5715,16153
202201,공항철도 1호선,디지털미디어시티,3022,3035,6057
202201,공항철도 1호선,마곡나루,1903,2169,4072
202201,공항철도 1호선,서울역,6686,5804,12490
202201,공항철도 1호선,영종,2081,2008,4089
202201,공항철도 1호선,운서,4511,4795,9306
202201,공항철도 1호선,인천공항1터미널,3238,3235,6473
202201,공항철도 1호선,인천공항2터미널,1772,1614,3386
202201,공항철도 1호선,청라국제도시,2963,2777,5740
202201,공항철도 1호선,홍대입구,9031,8378,17409
202201,과천선,경마공원,8292,8298,16590
202201,과천선,과천,3105,3004,6109
202201,과천선,대공원,2779,2872,5651
202201,과천선,범계,14018,13358,27376
202201,과천선,선바위,3398,3034,6432
202201,과천선,인덕원,10529,10676,21205
202201,과천선,정부과천청사,3993,4148,8141
202201,과천선,평촌,5633,5588,11221
202201,분당선,가천대,3353,4040,7393
202201,분당선,강남구청,3063,3735,6798
202201,분당선,개포동,1754,1791,3545
202201,분당선,구룡,646,708,1354
202201,분당선,구성,2323,2442,4765
202201,분당선,기흥,4523,4415,8938
202201,분당선,대모산입구,2041,1931,3972
202201,분당선,도곡,2292,2282,4574
202201,분당선,망포,5911,6274,12185
202201,분당선,매교,1322,1212,2534
202201,분당선,매탄권선,2286,2336,4622
202201,분당선,모란,16461,17275,33736
202201,분당선,미금,7032,7350,14382
202201,분당선,보정,1040,983,2023
202201,분당선,상갈,2522,2675,5197
202201,분당선,서울숲,5020,5138,10158
202201,분당선,서현,14712,14520,29232
202201,분당선,선릉,2650,4017,6667
202201,분당선,선정릉,1855,1950,3805
202201,분당선,수내,5664,5523,11187
202201,분당선,수서,8149,7844,15993
202201,분당선,수원,5281,4221,9502
202201,분당선,수원시청,7058,7005,14063
202201,분당선,신갈,1776,1814,3590
202201,분당선,압구정로데오,10452,10941,21393
202201,분당선,야탑,12388,12567,24955
202201,분당선,영통,4489,4492,8981
202201,분당선,오리,5231,4542,9773
202201,분당선,이매,2876,3027,5903
202201,분당선,정자,6932,7265,14197
202201,분당선,죽전,6893,7888,14781
202201,분당선,청명,1762,1792,3554
202201,분당선,태평,7701,7297,14998
202201,분당선,한티,8249,7985,16234
202201,수인선,고색,1547,1675,3222
202201,수인선,남동인더스파크,476,508,984
202201,수인선,달월,48,44,92
202201,수인선,사리,2339,2089,4428
202201,수인선,소래포구,3954,3834,7788
202201,수인선,송도,1380,1423,2803
202201,수인선,숭의,1855,1739,3594
202201,수인선,신포,1063,966,2029
202201,수인선,야목,168,136,304
202201,수인선,어천,431,534,965
202201,수인선,연수,3019,3008,6027
202201,수인선,오목천,1352,1301,2653
202201,수인선,원인재,2630,2704,5334
202201,수인선,월곶,1514,1485,2999
202201,수인선,인천,908,1440,2348
202201,수인선,인천논현,2695,2757,5452
202201,수인선,인하대,3892,3360,7252
202201,수인선,호구포,1838,1817,3655
202201,안산선,고잔,4035,3817,7852
202201,안산선,대야미,2525,2314,4839
202201,안산선,반월,2262,2204,4466
202201,안산선,산본,8032,8553,16585
202201,안산선,상록수,8296,8188,16484
202201,안산선,수리산,1821,1877,3698
202201,안산선,신길온천,979,958,1937
202201,안산선,안산,7911,7542,15453
202201,안산선,오이도,5068,4940,10008
202201,안산선,정왕,4453,5002,9455
202201,안산선,중앙,10621,10594,21215
202201,안산선,초지,2053,2098,4151
202201,안산선,한대앞,4685,4748,9433
202201,우이신설선,4.19민주묘지,1667,1436,3103
202201,우이신설선,가오리,2179,2044,4223
202201,우이신설선,보문,844,846,1690
202201,우이신설선,북한산보국문,3404,3139,6543
202201,우이신설선,북한산우이,2291,2542,4833
202201,우이신설선,삼양,1094,1149,2243
202201,우이신설선,삼양사거리,1381,1362,2743
202201,우이신설선,성신여대입구,2081,2280,4361
202201,우이신설선,솔밭공원,1287,1245,2532
202201,우이신설선,솔샘,2524,2451,4975
202201,우이신설선,신설동,1053,1034,2087
202201,우이신설선,정릉,2491,2070,4561
202201,우이신설선,화계,1859,1709,3568
202201,일산선,대곡,899,761,1660
202201,일산선,대화,5430,5060,10490
202201,일산선,마두,3034,3023,6057
202201,일산선,백석,5039,5080,10119
202201,일산선,삼송,9767,9543,19310
202201,일산선,원당,5535,5368,10903
202201,일산선,원흥,4899,4751,9650
202201,일산선,정발산,5070,4876,9946
202201,일산선,주엽,4029,4070,8099
202201,일산선,화정,8568,8824,17392
202201,장항선,배방,709,836,1545
202201,장항선,봉명,535,506,1041
202201,장항선,신창,669,783,1452
202201,장항선,쌍용,1192,1087,2279
202201,장항선,아산,2515,1810,4325
202201,장항선,온양온천,3853,3834,7687
202201,장항선,탕정,252,279,531
202201,중앙선,구리,6755,7074,13829
202201,중앙선,국수,426,424,850
202201,중앙선,덕소,2889,2943,5832
202201,중앙선,도농,4409,4554,8963
202201,중앙선,도심,1025,902,1927
202201,중앙선,망우,4154,4102,8256
202201,중앙선,상봉,3396,3443,6839
202201,중앙선,신원,178,119,297
202201,중앙선,아신,388,351,739
202201,중앙선,양수,1079,1069,2148
202201,중앙선,양원,886,934,1820
202201,중앙선,양정,340,251,591
202201,중앙선,양평,1707,1609,3316
202201,중앙선,오빈,161,158,319
202201,중앙선,용문,1301,1172,2473
202201,중앙선,운길산,698,616,1314
202201,중앙선,원덕,233,208,441
202201,중앙선,중랑,3112,2964,6076
202201,중앙선,지평,52,50,102
202201,중앙선,팔당,870,935,1805
202201,중앙선,회기,13957,13859,27816
202201,1호선,동대문,9692,8809,18501
202201,1호선,동묘앞,9825,10159,19984
202201,1호선,서울역,28600,28201,56801
202201,1호선,시청,9427,9666,19093
202201,1호선,신설동,9213,8614,17827
202201,1호선,제기동,16526,17161,33687
202201,1호선,종각,17538,16043,33581
202201,1호선,종로3가,20637,19468,40105
202201,1호선,종로5가,17701,17956,35657
202201,1호선,청량리,17466,18079,35545
202201,2호선,강남,61843,60249,122092
202201,2호선,강변,24067,23498,47565
202201,2호선,건대입구,33201,35238,68439
202201,2호선,교대,16184,18197,34381
202201,2호선,구로디지털단지,32413,31999,64412
202201,2호선,구의,15604,15382,30986
202201,2호선,낙성대,20144,18983,39127
202201,2호선,당산,11694,12807,24501
202201,2호선,대림,16604,17688,34292
202201,2호선,도림천,790,796,1586
202201,2호선,동대문역사문화공원,10174,11352,21526
202201,2호선,뚝섬,13308,12946,26254
202201,2호선,문래,11697,12307,24004
202201,2호선,방배,9099,9284,18383
202201,2호선,봉천,16295,15314,31609
202201,2호선,사당,28815,31814,60629
202201,2호선,삼성,28176,28283,56459
202201,2호선,상왕십리,9184,8953,18137
202201,2호선,서울대입구,35833,34722,70555
202201,2호선,서초,9988,8503,18491
202201,2호선,선릉,23308,20365,43673
202201,2호선,성수,19032,21324,40356
202201,2호선,시청,7655,6573,14228
202201,2호선,신답,964,1100,2064
202201,2호선,신당,10331,10976,21307
202201,2호선,신대방,18666,18174,36840
202201,2호선,신도림,37671,38059,75730
202201,2호선,신림,48103,46495,94598
202201,2호선,신설동,3255,3267,6522
202201,2호선,신정네거리,7080,7216,14296
202201,2호선,신촌,27741,27791,55532
202201,2호선,아현,6761,6644,13405
202201,2호선,양천구청,4190,4298,8488
202201,2호선,역삼,18875,20783,39658
202201,2호선,영등포구청,12719,13282,26001
202201,2호선,왕십리,12259,10647,22906
202201,2호선,용답,2008,2012,4020
202201,2호선,용두,1749,1777,3526
202201,2호선,을지로3가,10079,10075,20154
202201,2호선,을지로4가,7091,7263,14354
202201,2호선,을지로입구,20171,19951,40122
202201,2호선,이대,9262,9650,18912
202201,2호선,잠실,60696,58670,119366
202201,2호선,잠실나루,6753,6702,13455
202201,2호선,잠실새내,15786,16071,31857
202201,2호선,종합운동장,4444,4732,9176
202201,2호선,충정로,5111,5547,10658
202201,2호선,한양대,3350,3440,6790
202201,2호선,합정,27867,29613,57480
202201,2호선,홍대입구,63354,66211,129565
202201,3호선,가락시장,5913,5567,11480
202201,3호선,경복궁,13608,14005,27613
202201,3호선,경찰병원,3741,3674,7415
202201,3호선,고속터미널,44642,44580,89222
202201,3호선,교대,6413,3843,10256
202201,3호선,구파발,13360,13487,26847
202201,3호선,금호,5611,5167,10778
202201,3호선,남부터미널,19606,19365,38971
202201,3호선,녹번,9627,8563,18190
202201,3호선,대청,5718,5306,11024
202201,3호선,대치,9057,8089,17146
202201,3호선,도곡,3167,3110,6277
202201,3호선,독립문,5022,5244,10266
202201,3호선,동대입구,5877,6470,12347
202201,3호선,매봉,5918,5708,11626
202201,3호선,무악재,2519,2596,5115
202201,3호선,불광,11890,13216,25106
202201,3호선,수서,12457,12341,24798
202201,3호선,신사,26405,26857,53262
202201,3호선,안국,13542,15067,28609
202201,3호선,압구정,24607,25694,50301
202201,3호선,약수,8420,7913,16333
202201,3호선,양재,20857,22192,43049
202201,3호선,연신내,27329,26090,53419
202201,3호선,오금,3514,3217,6731
202201,3호선,옥수,6230,6417,12647
202201,3호선,을지로3가,4766,5130,9896
202201,3호선,일원,5260,5159,10419
202201,3호선,잠원,3171,3023,6194
202201,3호선,종로3가,5727,7692,13419
202201,3호선,지축,2770,2693,5463
202201,3호선,충무로,1,0,1
202201,3호선,학여울,2724,2230,4954
202201,3호선,홍제,12108,11426,23534
202201,4호선,길음,13520,12848,26368
202201,4호선,남태령,957,642,1599
202201,4호선,노원,14928,16251,31179
202201,4호선,당고개,9069,8644,17713
202201,4호선,동대문,12392,12262,24654
202201,4호선,동대문역사문화공원,11471,9957,21428
202201,4호선,동작,1050,1078,2128
202201,4호선,명동,13314,15194,28508
202201,4호선,미아,9922,9630,19552
202201,4호선,미아사거리,20676,19807,40483
202201,4호선,사당,19531,17100,36631
202201,4호선,삼각지,3346,4287,7633
202201,4호선,상계,13092,12383,25475
202201,4호선,서울역,5171,11444,16615
202201,4호선,성신여대입구,15926,15060,30986
202201,4호선,수유,24848,24540,49388
202201,4호선,숙대입구,8320,8208,16528
202201,4호선,신용산,9890,10818,20708
202201,4호선,쌍문,20063,18140,38203
202201,4호선,이촌,6213,6836,13049
202201,4호선,창동,18645,19557,38202
202201,4호선,총신대입구,13368,14452,27820
202201,4호선,충무로,11637,12091,23728
202201,4호선,한성대입구,9873,9410,19283
202201,4호선,혜화,26463,27087,53550
202201,4호선,회현,17413,18886,36299
202201,5호선,강동,12005,11405,23410
202201,5호선,강일,2578,2422,5000
202201,5호선,개롱,3982,4154,8136
202201,5호선,개화산,3525,3413,6938
202201,5호선,거여,5534,5451,10985
202201,5호선,고덕,5899,5914,11813
202201,5호선,공덕,6821,6909,13730
202201,5호선,광나루,8798,8477,17275
202201,5호선,광화문,14464,14676,29140
202201,5호선,군자,8228,8855,17083
202201,5호선,굽은다리,6631,6238,12869
202201,5호선,길동,5650,5864,11514
202201,5호선,김포공항,6974,7080,14054
202201,5호선,까치산,20055,19480,39535
202201,5호선,답십리,9754,9096,18850
202201,5호선,동대문역사문화공원,1043,1339,2382
202201,5호선,둔촌동,5862,5811,11673
202201,5호선,마곡,5248,5196,10444
202201,5호선,마장,3905,3925,7830
202201,5호선,마천,4453,4713,9166
202201,5호선,마포,7177,7244,14421
202201,5호선,명일,5713,5757,11470
202201,5호선,목동,10786,11013,21799
202201,5호선,미사,11240,11101,22341
202201,5호선,발산,12598,13276,25874
202201,5호선,방이,5087,4948,10035
202201,5호선,방화,4416,4271,8687
202201,5호선,상일동,9090,8503,17593
202201,5호선,서대문,6933,6534,13467
202201,5호선,송정,4655,4492,9147
202201,5호선,신금호,3839,4025,7864
202201,5호선,신길,2486,2595,5081
202201,5호선,신정,8407,7382,15789
202201,5호선,아차산,11650,11268,22918
202201,5호선,애오개,3600,3432,7032
202201,5호선,양평,3587,3437,7024
202201,5호선,여의나루,5593,6952,12545
202201,5호선,여의도,12796,14159,26955
202201,5호선,영등포구청,2149,1858,4007
202201,5호선,영등포시장,7519,7848,15367
202201,5호선,오금,1888,1820,3708
202201,5호선,오목교,15162,15700,30862
202201,5호선,올림픽공원,2528,2123,4651
202201,5호선,왕십리,3392,4170,7562
202201,5호선,우장산,9270,9180,18450
202201,5호선,을지로4가,3298,3592,6890
202201,5호선,장한평,10506,10428,20934
202201,5호선,종로3가,11742,11558,23300
202201,5호선,천호,16042,15062,31104
202201,5호선,청구,2453,2300,4753
202201,5호선,충정로,1954,1749,3703
202201,5호선,하남검단산,4788,4636,9424
202201,5호선,하남시청,4773,4762,9535
202201,5호선,하남풍산,2514,2610,5124
202201,5호선,행당,5010,4357,9367
202201,5호선,화곡,19079,17754,36833
202201,6호선,고려대,4777,4651,9428
202201,6호선,공덕,9679,9077,18756
202201,6호선,광흥창,4974,4743,9717
202201,6호선,구산,5102,3743,8845
202201,6호선,녹사평,4440,4635,9075
202201,6호선,대흥,5164,5092,10256
202201,6호선,독바위,1880,2124,4004
202201,6호선,돌곶이,5666,5227,10893
202201,6호선,동묘앞,7002,6658,13660
202201,6호선,디지털미디어시티,6543,6795,13338
202201,6호선,마포구청,8848,8096,16944
202201,6호선,망원,13148,14568,27716
202201,6호선,버티고개,1272,1376,2648
202201,6호선,보문,4919,4611,9530
202201,6호선,봉화산,5042,4878,9920
202201,6호선,불광,3438,3059,6497
202201,6호선,삼각지,4820,3938,8758
202201,6호선,상수,8051,9549,17600
202201,6호선,상월곡,3921,3386,7307
202201,6호선,새절,8188,7978,16166
202201,6호선,석계,8068,8291,16359
202201,6호선,신당,6385,5328,11713
202201,6호선,안암,5554,5354,10908
202201,6호선,약수,2327,2428,4755
202201,6호선,역촌,2516,2867,5383
202201,6호선,월곡,6885,6813,13698
202201,6호선,월드컵경기장,3267,3294,6561
202201,6호선,응암,11734,11820,23554
202201,6호선,이태원,11486,11737,23223
202201,6호선,증산,6833,6932,13765
202201,6호선,창신,2009,1803,3812
202201,6호선,청구,2364,2333,4697
202201,6호선,태릉입구,3898,4151,8049
202201,6호선,한강진,9451,10805,20256
202201,6호선,합정,12343,11007,23350
202201,6호선,화랑대,6430,5383,11813
202201,6호선,효창공원앞,4369,3862,8231
202201,7호선,가산디지털단지,13586,12445,26031
202201,7호선,강남구청,9612,10398,20010
202201,7호선,건대입구,10417,10397,20814
202201,7호선,고속터미널,13111,9897,23008
202201,7호선,공릉,8126,8210,16336
202201,7호선,광명사거리,16104,15999,32103
202201,7호선,군자,10222,7755,17977
202201,7호선,남구로,7822,7962,15784
202201,7호선,남성,7232,6684,13916
202201,7호선,내방,7412,7267,14679
202201,7호선,노원,15081,15316,30397
202201,7호선,논현,10834,11519,22353
202201,7호선,대림,6323,6863,13186
202201,7호선,도봉산,5806,7868,13674
202201,7호선,뚝섬유원지,5551,5152,10703
202201,7호선,마들,8326,7844,16170
202201,7호선,먹골,7637,7463,15100
202201,7호선,면목,10732,10331,21063
202201,7호선,반포,4038,3791,7829
202201,7호선,보라매,5484,5323,10807
202201,7호선,사가정,11428,11035,22463
202201,7호선,상도,6998,6666,13664
202201,7호선,상동,1,0,1
202201,7호선,상봉,12644,12163,24807
202201,7호선,수락산,9205,9008,18213
202201,7호선,숭실대입구,7368,7431,14799
202201,7호선,신대방삼거리,10703,10137,20840
202201,7호선,신풍,7402,7154,14556
202201,7호선,어린이대공원,7912,7804,15716
202201,7호선,온수,5183,5228,10411
202201,7호선,용마산,4042,4191,8233
202201,7호선,이수,11491,10602,22093
202201,7호선,장승배기,6069,5875,11944
202201,7호선,장암,1380,907,2287
202201,7호선,중계,8612,7739,16351
202201,7호선,중곡,6645,6335,12980
202201,7호선,중화,7134,6962,14096
202201,7호선,천왕,6400,6105,12505
202201,7호선,철산,14009,14126,28135
202201,7호선,청담,10416,11259,21675
202201,7호선,춘의,1,0,1
202201,7호선,태릉입구,6154,5767,11921
202201,7호선,하계,11150,10721,21871
202201,7호선,학동,10396,10898,21294
202201,8호선,가락시장,5472,5521,10993
202201,8호선,강동구청,5902,5996,11898
202201,8호선,남위례,2519,2715,5234
202201,8호선,남한산성입구,8714,7830,16544
202201,8호선,단대오거리,7284,6924,14208
202201,8호선,모란,3439,3017,6456
202201,8호선,몽촌토성,3858,3819,7677
202201,8호선,문정,8426,8599,17025
202201,8호선,복정,5907,4987,10894
202201,8호선,산성,3791,3893,7684
202201,8호선,석촌,5846,7047,12893
202201,8호선,송파,4847,4877,9724
202201,8호선,수진,3988,3606,7594
202201,8호선,신흥,3292,3509,6801
202201,8호선,암사,11830,10864,22694
202201,8호선,잠실,12444,14527,26971
202201,8호선,장지,11519,10824,22343
202201,8호선,천호,11512,13528,25040
202201,9호선,가양,12855,12423,25278
202201,9호선,개화,1147,989,2136
202201,9호선,고속터미널,10865,15712,26577
202201,9호선,공항시장,2160,2252,4412
202201,9호선,구반포,955,1017,1972
202201,9호선,국회의사당,5130,4977,10107
202201,9호선,김포공항,7378,11602,18980
202201,9호선,노들,3031,2517,5548
202201,9호선,노량진,20662,20482,41144
202201,9호선,당산,12026,11171,23197
202201,9호선,동작,1317,1089,2406
202201,9호선,등촌,6806,6740,13546
202201,9호선,마곡나루,7498,7299,14797
202201,9호선,사평,2146,1996,4142
202201,9호선,샛강,2299,2317,4616
202201,9호선,선유도,3605,3437,7042
202201,9호선,신논현,25785,25095,50880
202201,9호선,신목동,2105,1826,3931
202201,9호선,신반포,2313,2218,4531
202201,9호선,신방화,4310,4280,8590
202201,9호선,양천향교,5498,5479,10977
202201,9호선,여의도,12647,11617,24264
202201,9호선,염창,11116,10375,21491
202201,9호선,증미,3974,3778,7752
202201,9호선,흑석,5244,5229,10473
202201,9호선2~3단계,둔촌오륜,511,558,1069
202201,9호선2~3단계,봉은사,9878,10558,20436
202201,9호선2~3단계,삼성중앙,2982,3053,6035
202201,9호선2~3단계,삼전,4735,4520,9255
202201,9호선2~3단계,석촌,6175,5199,11374
202201,9호선2~3단계,석촌고분,4154,4022,8176
202201,9호선2~3단계,선정릉,4373,4860,9233
202201,9호선2~3단계,송파나루,4074,4467,8541
202201,9호선2~3단계,언주,6203,6173,12376
202201,9호선2~3단계,올림픽공원,3415,3411,6826
202201,9호선2~3단계,종합운동장,2730,2656,5386
202201,9호선2~3단계,중앙보훈병원,4360,4120,8480
202201,9호선2~3단계,한성백제,1622,1394,3016
202201,경강선,경기광주,5029,4777,9806
202201,경강선,곤지암,1886,1801,3687
202201,경강선,부발,2104,1701,3805
202201,경강선,삼동,1371,1344,2715
202201,경강선,세종대왕릉,271,331,602
202201,경강선,신둔도예촌,1071,987,2058
202201,경강선,여주,1907,1989,3896
202201,경강선,이매,750,562,1312
202201,경강선,이천,2480,2620,5100
202201,경강선,초월,2111,1945,4056
202201,경강선,판교,2858,2853,5711
202201,경부선,가산디지털단지,5769,7796,13565
202201,경부선,관악,5391,5185,10576
202201,경부선,광명,2485,2171,4656
202201,경부선,구로,11877,12204,24081
202201,경부선,군포,3962,3683,7645
202201,경부선,금정,17746,17979,35725
202201,경부선,금천구청,7618,7772,15390
202201,경부선,남영,5339,5517,10856
202201,경부선,노량진,8331,7667,15998
202201,경부선,당정,3609,3485,7094
202201,경부선,대방,7492,7405,14897
202201,경부선,독산,8779,8671,17450
202201,경부선,두정,4505,4518,9023
202201,경부선,명학,4756,4566,9322
202201,경부선,병점,11188,11130,22318
202201,경부선,서동탄,906,939,1845
202201,경부선,서울역,6133,1899,8032
202201,경부선,서정리,6062,5009,11071
202201,경부선,석수,6504,6015,12519
202201,경부선,성균관대,9439,9528,18967
202201,경부선,성환,2418,2201,4619
202201,경부선,세류,2190,2251,4441
202201,경부선,세마,1954,1836,3790
202201,경부선,송탄,3846,3487,7333
202201,경부선,수원,34021,36744,70765
202201,경부선,신길,5621,4827,10448
202201,경부선,신도림,2857,2780,5637
202201,경부선,안양,16296,16529,32825
202201,경부선,영등포,37696,38771,76467
202201,경부선,오산,8492,7986,16478
202201,경부선,오산대,2477,2287,4764
202201,경부선,용산,31965,33076,65041
202201,경부선,의왕,5560,5387,10947
202201,경부선,직산,603,548,1151
202201,경부선,진위,965,824,1789
202201,경부선,천안,5252,5386,10638
202201,경부선,평택,11340,11131,22471
202201,경부선,평택지제,2846,2590,5436
202201,경부선,화서,4932,5025,9957
202201,경원선,가능,4673,4539,9212
202201,경원선,광운대,5039,4945,9984
202201,경원선,녹양,3204,3094,6298
202201,경원선,녹천,3139,2683,5822
202201,경원선,덕계,2163,2041,4204
202201,경원선,덕정,3801,3624,7425
202201,경원선,도봉,4146,3986,8132
202201,경원선,도봉산,7679,5225,12904
202201,경원선,동두천,1521,1733,3254
202201,경원선,동두천중앙,2380,2353,4733
202201,경원선,망월사,5128,5285,10413
202201,경원선,방학,6647,6655,13302
202201,경원선,보산,1070,1079,2149
202201,경원선,서빙고,1298,1291,2589
202201,경원선,석계,6221,6561,12782
202201,경원선,소요산,2623,2247,4870
202201,경원선,신이문,5802,5242,11044
202201,경원선,양주,5610,5270,10880
202201,경원선,옥수,28,28,56
202201,경원선,왕십리,11418,13124,24542
202201,경원선,외대앞,5294,5351,10645
202201,경원선,월계,4271,3992,8263
202201,경원선,응봉,1257,1037,2294
202201,경원선,의정부,16086,16763,32849
202201,경원선,이촌,2541,1959,4500
202201,경원선,지행,4902,4841,9743
202201,경원선,청량리,14866,15927,30793
202201,경원선,한남,2605,2524,5129
202201,경원선,회룡,9017,9095,18112
202201,경의선,가좌,3634,3587,7221
202201,경의선,강매,1912,1718,3630
202201,경의선,곡산,367,387,754
202201,경의선,공덕,2727,2046,4773
202201,경의선,금릉,3550,3421,6971
202201,경의선,금촌,5017,4829,9846
202201,경의선,능곡,2582,2424,5006
202201,경의선,디지털미디어시티,1692,1573,3265
202201,경의선,문산,3975,3939,7914
202201,경의선,백마,4006,3872,7878
202201,경의선,서강대,1562,1505,3067
202201,경의선,서울역,1120,1207,2327
202201,경의선,수색,1347,1301,2648
202201,경의선,신촌,293,307,600
202201,경의선,야당,5663,5681,11344
202201,경의선,운정,4477,4205,8682
202201,경의선,월롱,1495,1195,2690
202201,경의선,일산,5759,5458,11217
202201,경의선,임진강,60,52,112
202201,경의선,탄현,5020,4935,9955
202201,경의선,파주,713,552,1265
202201,경의선,풍산,3854,3877,7731
202201,경의선,행신,4756,4932,9688
202201,경의선,홍대입구,1914,2220,4134
202201,경의선,화전,897,862,1759
202201,경의선,효창공원앞,1619,1828,3447
202201,경인선,간석,4058,3979,8037
202201,경인선,개봉,14892,14824,29716
202201,경인선,구일,3863,3729,7592
202201,경인선,도원,1852,1884,3736
202201,경인선,도화,2916,2733,5649
202201,경인선,동암,11394,11845,23239
202201,경인선,동인천,10512,10387,20899
202201,경인선,백운,4688,4574,9262
202201,경인선,부개,5867,5484,11351
202201,경인선,부천,27033,27943,54976
202201,경인선,부평,27258,29201,56459
202201,경인선,소사,6558,6353,12911
202201,경인선,송내,16629,16442,33071
202201,경인선,역곡,18757,18690,37447
202201,경인선,오류동,8676,7856,16532
202201,경인선,온수,4327,4022,8349
202201,경인선,인천,3337,2616,5953
202201,경인선,제물포,6964,6816,13780
202201,경인선,주안,14634,13004,27638
202201,경인선,중동,5980,5714,11694
202201,경춘선,가평,1302,1358,2660
202201,경춘선,갈매,1831,1523,3354
202201,경춘선,강촌,374,465,839
202201,경춘선,굴봉산,182,224,406
202201,경춘선,금곡,1015,926,1941
202201,경춘선,김유정,369,382,751
202201,경춘선,남춘천,2268,2289,4557
202201,경춘선,대성리,344,332,676
202201,경춘선,마석,2654,2646,5300
202201,경춘선,백양리,397,309,706
202201,경춘선,별내,2163,2089,4252
202201,경춘선,사릉,1985,1927,3912
202201,경춘선,상천,208,206,414
202201,경춘선,신내,1049,1012,2061
202201,경춘선,천마산,1193,1211,2404
202201,경춘선,청평,1180,1381,2561
202201,경춘선,춘천,1249,1185,2434
202201,경춘선,퇴계원,2380,2202,4582
202201,경춘선,평내호평,4183,3964,8147
202201,공항철도 1호선,검암,4201,4102,8303
202201,공항철도 1호선,계양,6543,6157,12700
202201,공항철도 1호선,공덕,1387,2385,3772
202201,공항철도 1호선,공항화물청사,1157,1191,2348
202201,공항철도 1호선,김포공항,10842,5485,16327
202201,공항철도 1호선,디지털미디어시티,4710,4394,9104
202201,공항철도 1호선,마곡나루,2856,3091,5947
202201,공항철도 1호선,서울역,6948,7002,13950
202201,공항철도 1호선,영종,2536,2531,5067
202201,공항철도 1호선,운서,5486,5509,10995
202201,공항철도 1호선,인천공항1터미널,3241,3349,6590
202201,공항철도 1호선,인천공항2터미널,1917,1788,3705
202201,공항철도 1호선,청라국제도시,3887,3768,7655
202201,공항철도 1호선,홍대입구,12420,12262,24682
202201,과천선,경마공원,7500,7512,15012
202201,과천선,과천,4230,4004,8234
202201,과천선,대공원,3526,3727,7253
202201,과천선,범계,19346,18863,38209
202201,과천선,선바위,4769,4238,9007
202201,과천선,인덕원,14906,14857,29763
202201,과천선,정부과천청사,5673,5505,11178
202201,과천선,평촌,8856,8590,17446
202201,분당선,가천대,4541,5127,9668
202201,분당선,강남구청,5479,6521,12000
202201,분당선,개포동,2414,2414,4828
202201,분당선,구룡,1122,1073,2195
202201,분당선,구성,3205,3300,6505
202201,분당선,기흥,6449,6147,12596
202201,분당선,대모산입구,2930,2662,5592
202201,분당선,도곡,4177,3916,8093
202201,분당선,망포,8994,8472,17466
202201,분당선,매교,2066,2067,4133
202201,분당선,매탄권선,3237,3079,6316
202201,분당선,모란,15383,15505,30888
202201,분당선,미금,10196,10516,20712
202201,분당선,보정,1531,1413,2944
202201,분당선,상갈,3507,3577,7084
202201,분당선,서울숲,6942,7408,14350
202201,분당선,서현,18704,18411,37115
202201,분당선,선릉,5010,7712,12722
202201,분당선,선정릉,3078,3127,6205
202201,분당선,수내,8473,7854,16327
202201,분당선,수서,9816,10256,20072
202201,분당선,수원,6966,5700,12666
202201,분당선,수원시청,10981,11545,22526
202201,분당선,신갈,2617,2649,5266
202201,분당선,압구정로데오,19388,20829,40217
202201,분당선,야탑,16472,17238,33710
202201,분당선,영통,6389,6273,12662
202201,분당선,오리,7422,6366,13788
202201,분당선,이매,3828,3777,7605
202201,분당선,정자,10272,10592,20864
202201,분당선,죽전,9507,10666,20173
202201,분당선,청명,2579,2619,5198
202201,분당선,태평,10157,9792,19949
202201,분당선,한티,11928,11494,23422
202201,수인선,고색,2397,2336,4733
202201,수인선,남동인더스파크,915,918,1833
202201,수인선,달월,41,36,77
202201,수인선,사리,3154,2735,5889
202201,수인선,소래포구,4460,4500,8960
202201,수인선,송도,1929,1792,3721
202201,수인선,숭의,2589,2361,4950
202201,수인선,신포,1227,1320,2547
202201,수인선,야목,218,203,421
202201,수인선,어천,621,536,1157
202201,수인선,연수,3538,3663,7201
202201,수인선,오목천,1944,1767,3711
202201,수인선,원인재,3356,3510,6866
202201,수인선,월곶,1973,1894,3867
202201,수인선,인천,1047,1822,2869
202201,수인선,인천논현,4060,4306,8366
202201,수인선,인하대,3803,3680,7483
202201,수인선,호구포,2435,2376,4811
202201,안산선,고잔,6090,5851,11941
202201,안산선,대야미,3433,3100,6533
202201,안산선,반월,3149,2984,6133
202201,안산선,산본,11572,12325,23897
202201,안산선,상록수,11105,11260,22365
202201,안산선,수리산,2679,2451,5130
202201,안산선,신길온천,1215,1200,2415
202201,안산선,안산,8467,8826,17293
202201,안산선,오이도,6586,6637,13223
202201,안산선,정왕,5747,5808,11555
202201,안산선,중앙,14733,15271,30004
202201,안산선,초지,3121,3230,6351
202201,안산선,한대앞,6517,6517,13034
202201,우이신설선,4.19민주묘지,2093,1846,3939
202201,우이신설선,가오리,2699,2620,5319
202201,우이신설선,보문,1111,1110,2221
202201,우이신설선,북한산보국문,4627,4076,8703
202201,우이신설선,북한산우이,2588,2608,5196
202201,우이신설선,삼양,1466,1611,3077
202201,우이신설선,삼양사거리,1787,1802,3589
202201,우이신설선,성신여대입구,2764,3133,5897
202201,우이신설선,솔밭공원,1709,1642,3351
202201,우이신설선,솔샘,3689,3338,7027
202201,우이신설선,신설동,1473,1409,2882
202201,우이신설선,정릉,3387,2841,6228
202201,우이신설선,화계,2405,2275,4680
202201,일산선,대곡,1155,947,2102
202201,일산선,대화,7759,6991,14750
202201,일산선,마두,4438,4515,8953
202201,일산선,백석,7082,7003,14085
202201,일산선,삼송,13348,13061,26409
202201,일산선,원당,7757,7473,15230
202201,일산선,원흥,6746,6483,13229
202201,일산선,정발산,6088,6156,12244
202201,일산선,주엽,5965,6058,12023
202201,일산선,화정,12089,12437,24526
202201,장항선,배방,858,803,1661
202201,장항선,봉명,629,575,1204
202201,장항선,신창,790,764,1554
202201,장항선,쌍용,1435,1265,2700
202201,장항선,아산,2549,2387,4936
202201,장항선,온양온천,3388,3408,6796
202201,장항선,탕정,403,382,785
202201,중앙선,구리,9854,10054,19908
202201,중앙선,국수,532,574,1106
202201,중앙선,덕소,4086,4185,8271
202201,중앙선,도농,6522,6333,12855
202201,중앙선,도심,1468,1229,2697
202201,중앙선,망우,5958,5748,11706
202201,중앙선,상봉,4561,4566,9127
202201,중앙선,신원,164,187,351
202201,중앙선,아신,411,402,813
202201,중앙선,양수,1528,1501,3029
202201,중앙선,양원,1293,1348,2641
202201,중앙선,양정,441,395,836
202201,중앙선,양평,1997,2084,4081
202201,중앙선,오빈,231,238,469
202201,중앙선,용문,2805,2947,5752
202201,중앙선,운길산,721,790,1511
202201,중앙선,원덕,279,298,577
202201,중앙선,중랑,4089,3876,7965
202201,중앙선,지평,38,46,84
202201,중앙선,팔당,1036,1023,2059
202201,중앙선,회기,17837,16931,34768
202201,1호선,동대문,8233,8481,16714
202201,1호선,동묘앞,10914,10771,21685
202201,1호선,서울역,24951,22877,47828
202201,1호선,시청,6628,6196,12824
202201,1호선,신설동,7130,7110,14240
202201,1호선,제기동,10108,10671,20779
202201,1호선,종각,11669,10275,21944
202201,1호선,종로3가,12333,11091,23424
202201,1호선,종로5가,8641,8473,17114
202201,1호선,청량리,12379,12255,24634
202201,2호선,강남,35106,32806,67912
202201,2호선,강변,18633,18432,37065
202201,2호선,건대입구,25753,26300,52053
202201,2호선,교대,9862,10929,20791
202201,2호선,구로디지털단지,22203,22088,44291
202201,2호선,구의,10838,11075,21913
202201,2호선,낙성대,14558,15143,29701
202201,2호선,당산,7602,8251,15853
202201,2호선,대림,12922,13107,26029
202201,2호선,도림천,413,447,860
202201,2호선,동대문역사문화공원,7680,8783,16463
202201,2호선,뚝섬,9447,9605,19052
202201,2호선,문래,7492,7700,15192
202201,2호선,방배,6262,6766,13028
202201,2호선,봉천,11421,11409,22830
202201,2호선,사당,20188,21859,42047
202201,2호선,삼성,19624,18701,38325
202201,2호선,상왕십리,6472,6525,12997
202201,2호선,서울대입구,25843,26565,52408
202201,2호선,서초,11220,10359,21579
202201,2호선,선릉,12606,10737,23343
202201,2호선,성수,13839,14648,28487
202201,2호선,시청,5505,4399,9904
202201,2호선,신답,691,742,1433
202201,2호선,신당,7750,8216,15966
202201,2호선,신대방,14041,13784,27825
202201,2호선,신도림,25969,26243,52212
202201,2호선,신림,35219,35149,70368
202201,2호선,신설동,3054,3101,6155
202201,2호선,신정네거리,4979,4934,9913
202201,2호선,신촌,20928,20001,40929
202201,2호선,아현,4821,4879,9700
202201,2호선,양천구청,3011,3237,6248
202201,2호선,역삼,11803,12699,24502
202201,2호선,영등포구청,7462,8112,15574
202201,2호선,왕십리,9397,8149,17546
202201,2호선,용답,1515,1540,3055
202201,2호선,용두,1133,1153,2286
202201,2호선,을지로3가,7813,7333,15146
202201,2호선,을지로4가,3299,3104,6403
202201,2호선,을지로입구,14962,13908,28870
202201,2호선,이대,6231,6835,13066
202201,2호선,잠실,47523,44419,91942
202201,2호선,잠실나루,4683,4844,9527
202201,2호선,잠실새내,10481,10662,21143
202201,2호선,종합운동장,3562,3866,7428
202201,2호선,충정로,3636,3917,7553
202201,2호선,한양대,3167,3256,6423
202201,2호선,합정,20404,21398,41802
202201,2호선,홍대입구,49697,48109,97806
202201,3호선,가락시장,3489,3707,7196
202201,3호선,경복궁,10255,10288,20543
202201,3호선,경찰병원,2464,2644,5108
202201,3호선,고속터미널,36869,35095,71964
202201,3호선,교대,3981,2437,6418
202201,3호선,구파발,10103,10215,20318
202201,3호선,금호,3948,3764,7712
202201,3호선,남부터미널,12275,13044,25319
202201,3호선,녹번,6804,6089,12893
202201,3호선,대청,3834,3889,7723
202201,3호선,대치,5751,5144,10895
202201,3호선,도곡,1806,1915,3721
202201,3호선,독립문,3586,4000,7586
202201,3호선,동대입구,4133,4483,8616
202201,3호선,매봉,3805,3844,7649
202201,3호선,무악재,1657,1852,3509
202201,3호선,불광,8956,10245,19201
202201,3호선,수서,9819,9719,19538
202201,3호선,신사,14404,14289,28693
202201,3호선,안국,10047,10583,20630
202201,3호선,압구정,13200,13575,26775
202201,3호선,약수,6182,5949,12131
202201,3호선,양재,13819,15634,29453
202201,3호선,연신내,19348,18417,37765
202201,3호선,오금,2498,2439,4937
202201,3호선,옥수,4285,4732,9017
202201,3호선,을지로3가,3085,2919,6004
202201,3호선,일원,2979,3070,6049
202201,3호선,잠원,1919,1969,3888
202201,3호선,종로3가,3643,4792,8435
202201,3호선,지축,1962,1876,3838
202201,3호선,학여울,1796,1882,3678
202201,3호선,홍제,8379,8093,16472
202201,4호선,길음,9543,9547,19090
202201,4호선,남태령,623,451,1074
202201,4호선,노원,11231,11961,23192
202201,4호선,당고개,7007,6800,13807
202201,4호선,동대문,5806,6421,12227
202201,4호선,동대문역사문화공원,8587,8013,16600
202201,4호선,동작,697,785,1482
202201,4호선,명동,10897,10644,21541
202201,4호선,미아,7273,6927,14200
202201,4호선,미아사거리,14927,14297,29224
202201,4호선,사당,14050,12927,26977
202201,4호선,삼각지,2297,2978,5275
202201,4호선,상계,9456,8910,18366
202201,4호선,서울역,3974,9609,13583
202201,4호선,성신여대입구,11760,11222,22982
202201,4호선,수유,18779,17974,36753
202201,4호선,숙대입구,6825,6357,13182
202201,4호선,신용산,7831,8036,15867
202201,4호선,쌍문,14541,13493,28034
202201,4호선,이촌,4633,5068,9701
202201,4호선,창동,13932,14663,28595
202201,4호선,총신대입구,9595,10448,20043
202201,4호선,충무로,7197,7102,14299
202201,4호선,한성대입구,6985,7004,13989
202201,4호선,혜화,21399,21543,42942
202201,4호선,회현,9300,9431,18731
202201,5호선,강동,8482,8309,16791
202201,5호선,강일,1897,1812,3709
202201,5호선,개롱,2585,2938,5523
202201,5호선,개화산,2455,2511,4966
202201,5호선,거여,3957,3838,7795
202201,5호선,고덕,4051,4053,8104
202201,5호선,공덕,4331,4261,8592
202201,5호선,광나루,6613,6384,12997
202201,5호선,광화문,10988,10702,21690
202201,5호선,군자,5862,6634,12496
202201,5호선,굽은다리,4976,4812,9788
202201,5호선,길동,3865,4047,7912
202201,5호선,김포공항,6538,6761,13299
202201,5호선,까치산,14345,14238,28583
202201,5호선,답십리,6849,6517,13366
202201,5호선,동대문역사문화공원,727,803,1530
202201,5호선,둔촌동,4245,4355,8600
202201,5호선,마곡,3355,3534,6889
202201,5호선,마장,2777,2708,5485
202201,5호선,마천,3309,3570,6879
202201,5호선,마포,4463,4565,9028
202201,5호선,명일,4485,4630,9115
202201,5호선,목동,7011,7299,14310
202201,5호선,미사,8053,8084,16137
202201,5호선,발산,8308,8423,16731
202201,5호선,방이,3651,3572,7223
202201,5호선,방화,3180,3289,6469
202201,5호선,상일동,6249,6205,12454
202201,5호선,서대문,4724,4582,9306
202201,5호선,송정,3333,3208,6541
202201,5호선,신금호,2731,2978,5709
202201,5호선,신길,1651,1983,3634
202201,5호선,신정,5773,5380,11153
202201,5호선,아차산,9672,9560,19232
202201,5호선,애오개,2438,2600,5038
202201,5호선,양평,2520,2670,5190
202201,5호선,여의나루,4673,5888,10561
202201,5호선,여의도,7886,7585,15471
202201,5호선,영등포구청,1288,1277,2565
202201,5호선,영등포시장,4984,5240,10224
202201,5호선,오금,1408,1447,2855
202201,5호선,오목교,10616,10803,21419
202201,5호선,올림픽공원,1873,1568,3441
202201,5호선,왕십리,2382,2815,5197
202201,5호선,우장산,6361,6611,12972
202201,5호선,을지로4가,1406,1600,3006
202201,5호선,장한평,7171,7227,14398
202201,5호선,종로3가,8717,7461,16178
202201,5호선,천호,12196,11463,23659
202201,5호선,청구,1724,1624,3348
202201,5호선,충정로,1316,1373,2689
202201,5호선,하남검단산,4084,4033,8117
202201,5호선,하남시청,3636,3504,7140
202201,5호선,하남풍산,1971,2059,4030
202201,5호선,행당,3494,3271,6765
202201,5호선,화곡,13290,12720,26010
202201,6호선,고려대,3491,3458,6949
202201,6호선,공덕,6453,6146,12599
202201,6호선,광흥창,3994,4064,8058
202201,6호선,구산,3568,2794,6362
202201,6호선,녹사평,3572,3523,7095
202201,6호선,대흥,3430,3535,6965
202201,6호선,독바위,1341,1595,2936
202201,6호선,돌곶이,4595,4294,8889
202201,6호선,동묘앞,5463,5439,10902
202201,6호선,디지털미디어시티,4638,5027,9665
202201,6호선,마포구청,6442,6060,12502
202201,6호선,망원,9877,10478,20355
202201,6호선,버티고개,979,1109,2088
202201,6호선,보문,3607,3430,7037
202201,6호선,봉화산,3685,3697,7382
202201,6호선,불광,2794,2337,5131
202201,6호선,삼각지,3460,2819,6279
202201,6호선,상수,6237,7111,13348
202201,6호선,상월곡,2901,2711,5612
202201,6호선,새절,5925,5890,11815
202201,6호선,석계,5810,6081,11891
202201,6호선,신당,4263,4611,8874
202201,6호선,안암,4184,4355,8539
202201,6호선,약수,1538,1681,3219
202201,6호선,역촌,1818,2151,3969
202201,6호선,연신내,1,0,1
202201,6호선,월곡,5035,5049,10084
202201,6호선,월드컵경기장,2783,2756,5539
202201,6호선,응암,8848,8921,17769
202201,6호선,이태원,8810,8001,16811
202201,6호선,증산,4977,5309,10286
202201,6호선,창신,1569,1463,3032
202201,6호선,청구,1666,1590,3256
202201,6호선,태릉입구,2918,3050,5968
202201,6호선,한강진,6218,6892,13110
202201,6호선,합정,9228,8104,17332
202201,6호선,화랑대,4686,4068,8754
202201,6호선,효창공원앞,3132,2813,5945
202201,7호선,가산디지털단지,9536,8717,18253
202201,7호선,강남구청,5512,5879,11391
202201,7호선,건대입구,7670,7742,15412
202201,7호선,고속터미널,10553,7174,17727
202201,7호선,공릉,6040,6109,12149
202201,7호선,광명사거리,11622,11407,23029
202201,7호선,군자,7217,5769,12986
202201,7호선,굴포천,1,0,1
202201,7호선,까치울,1,0,1
202201,7호선,남구로,5966,5862,11828
202201,7호선,남성,4838,4924,9762
202201,7호선,내방,4701,4921,9622
202201,7호선,노원,10390,10156,20546
202201,7호선,논현,5784,6244,12028
202201,7호선,대림,6045,5801,11846
202201,7호선,도봉산,4438,6537,10975
202201,7호선,뚝섬유원지,4139,4000,8139
202201,7호선,마들,5477,5209,10686
202201,7호선,먹골,5225,5049,10274
202201,7호선,면목,7520,7428,14948
202201,7호선,반포,2613,2645,5258
202201,7호선,보라매,3776,3851,7627
202201,7호선,사가정,8145,8110,16255
202201,7호선,상도,4855,4876,9731
202201,7호선,상봉,9145,8556,17701
202201,7호선,수락산,7389,7236,14625
202201,7호선,숭실대입구,5139,5472,10611
202201,7호선,신대방삼거리,7137,7379,14516
202201,7호선,신중동,1,0,1
202201,7호선,신풍,5422,5087,10509
202201,7호선,어린이대공원,7145,7118,14263
202201,7호선,온수,3626,3625,7251
202201,7호선,용마산,2926,3343,6269
202201,7호선,이수,8162,7727,15889
202201,7호선,장승배기,4317,4210,8527
202201,7호선,장암,1059,666,1725
202201,7호선,중계,6082,5720,11802
202201,7호선,중곡,4840,4785,9625
202201,7호선,중화,5092,5110,10202
202201,7호선,천왕,4566,4409,8975
202201,7호선,철산,9829,9911,19740
202201,7호선,청담,6346,6703,13049
202201,7호선,태릉입구,4347,3985,8332
202201,7호선,하계,8297,8049,16346
202201,7호선,학동,5984,6434,12418
202201,8호선,가락시장,2964,3801,6765
202201,8호선,강동구청,4295,4475,8770
202201,8호선,남위례,1778,1967,3745
202201,8호선,남한산성입구,6208,5874,12082
202201,8호선,단대오거리,5053,5072,10125
202201,8호선,모란,2510,2093,4603
202201,8호선,몽촌토성,2944,3028,5972
202201,8호선,문정,5142,5456,10598
202201,8호선,복정,4024,3805,7829
202201,8호선,산성,2747,2745,5492
202201,8호선,석촌,3983,5007,8990
202201,8호선,송파,3271,3472,6743
202201,8호선,수진,2943,2709,5652
202201,8호선,신흥,2476,2696,5172
202201,8호선,암사,8236,8070,16306
202201,8호선,잠실,10113,11270,21383
202201,8호선,장지,8662,8746,17408
202201,8호선,천호,8652,9819,18471
202201,9호선,가양,9241,9247,18488
202201,9호선,개화,828,854,1682
202201,9호선,고속터미널,8440,11905,20345
202201,9호선,공항시장,1669,1876,3545
202201,9호선,구반포,491,532,1023
202201,9호선,국회의사당,4485,4193,8678
202201,9호선,김포공항,6913,10973,17886
202201,9호선,노들,2315,2044,4359
202201,9호선,노량진,13882,14708,28590
202201,9호선,당산,8063,8061,16124
202201,9호선,동작,1097,855,1952
202201,9호선,등촌,4964,5116,10080
202201,9호선,마곡나루,5403,5334,10737
202201,9호선,사평,1416,1479,2895
202201,9호선,샛강,1547,1540,3087
202201,9호선,선유도,2482,2466,4948
202201,9호선,신논현,15338,14463,29801
202201,9호선,신목동,1541,1367,2908
202201,9호선,신반포,1615,1642,3257
202201,9호선,신방화,3253,3201,6454
202201,9호선,양천향교,3765,4027,7792
202201,9호선,여의도,8533,7574,16107
202201,9호선,염창,7830,7892,15722
202201,9호선,증미,2736,2844,5580
202201,9호선,흑석,3427,3560,6987
202201,9호선2~3단계,둔촌오륜,443,467,910
202201,9호선2~3단계,봉은사,7590,7345,14935
202201,9호선2~3단계,삼성중앙,1827,2021,3848
202201,9호선2~3단계,삼전,3391,3372,6763
202201,9호선2~3단계,석촌,4274,3719,7993
202201,9호선2~3단계,석촌고분,2807,2960,5767
202201,9호선2~3단계,선정릉,2778,3016,5794
202201,9호선2~3단계,송파나루,3062,3250,6312
202201,9호선2~3단계,언주,3767,3787,7554
202201,9호선2~3단계,올림픽공원,2603,2771,5374
202201,9호선2~3단계,종합운동장,2027,1854,3881
202201,9호선2~3단계,중앙보훈병원,3083,3000,6083
202201,9호선2~3단계,한성백제,1210,1083,2293
202201,경강선,경기광주,3587,3551,7138
202201,경강선,곤지암,1429,1445,2874
202201,경강선,부발,1435,2054,3489
202201,경강선,삼동,982,1033,2015
202201,경강선,세종대왕릉,203,209,412
202201,경강선,신둔도예촌,756,741,1497
202201,경강선,여주,1661,1450,3111
202201,경강선,이매,545,420,965
202201,경강선,이천,1923,2053,3976
202201,경강선,초월,1465,1510,2975
202201,경강선,판교,2395,2225,4620
202201,경부선,가산디지털단지,4171,5844,10015
202201,경부선,관악,4223,3924,8147
202201,경부선,광명,2303,1620,3923
202201,경부선,구로,8367,8416,16783
202201,경부선,군포,2704,2614,5318
202201,경부선,금정,12678,13289,25967
202201,경부선,금천구청,5585,5593,11178
202201,경부선,남영,3934,4306,8240
202201,경부선,노량진,5316,5224,10540
202201,경부선,당정,2725,2734,5459
202201,경부선,대방,5236,5773,11009
202201,경부선,독산,5903,6032,11935
202201,경부선,두정,3729,4033,7762
202201,경부선,명학,3113,3172,6285
202201,경부선,병점,8293,9075,17368
202201,경부선,서동탄,638,694,1332
202201,경부선,서울역,6961,1733,8694
202201,경부선,서정리,3858,5586,9444
202201,경부선,석수,4605,4496,9101
202201,경부선,성균관대,6941,7333,14274
202201,경부선,성환,2001,2392,4393
202201,경부선,세류,1740,1741,3481
202201,경부선,세마,1527,1434,2961
202201,경부선,송탄,2879,3456,6335
202201,경부선,수원,30159,29218,59377
202201,경부선,신길,4133,3624,7757
202201,경부선,신도림,2083,2059,4142
202201,경부선,안양,12318,11899,24217
202201,경부선,영등포,30989,29598,60587
202201,경부선,오산,6834,7271,14105
202201,경부선,오산대,1802,1832,3634
202201,경부선,용산,29048,26339,55387
202201,경부선,의왕,3809,3996,7805
202201,경부선,직산,428,505,933
202201,경부선,진위,709,755,1464
202201,경부선,천안,4959,4875,9834
202201,경부선,평택,9552,10010,19562
202201,경부선,평택지제,2143,2174,4317
202201,경부선,화서,3742,3706,7448
202201,경원선,가능,3666,3472,7138
202201,경원선,광운대,3801,3860,7661
202201,경원선,녹양,2484,2431,4915
202201,경원선,녹천,2190,1980,4170
202201,경원선,덕계,1470,1418,2888
202201,경원선,덕정,2869,2947,5816
202201,경원선,도봉,3037,2884,5921
202201,경원선,도봉산,7148,4969,12117
202201,경원선,동두천,1067,1299,2366
202201,경원선,동두천중앙,1784,1719,3503
202201,경원선,망월사,3878,3998,7876
202201,경원선,방학,5415,5242,10657
202201,경원선,보산,904,827,1731
202201,경원선,서빙고,1280,1344,2624
202201,경원선,석계,4451,4894,9345
202201,경원선,소요산,2638,2254,4892
202201,경원선,신이문,4160,4013,8173
202201,경원선,양주,4345,4210,8555
202201,경원선,옥수,55,18,73
202201,경원선,왕십리,9363,10462,19825
202201,경원선,외대앞,4287,4198,8485
202201,경원선,월계,3374,3213,6587
202201,경원선,응봉,866,848,1714
202201,경원선,의정부,12595,12805,25400
202201,경원선,이촌,2067,1631,3698
202201,경원선,지행,3794,3734,7528
202201,경원선,청량리,13236,11875,25111
202201,경원선,한남,1794,1762,3556
202201,경원선,회룡,6609,6581,13190
202201,경의선,가좌,2653,2584,5237
202201,경의선,강매,1396,1328,2724
202201,경의선,곡산,265,251,516
202201,경의선,공덕,1706,1281,2987
202201,경의선,금릉,2508,2622,5130
202201,경의선,금촌,3923,4230,8153
202201,경의선,능곡,1876,1843,3719
202201,경의선,디지털미디어시티,1242,1183,2425
202201,경의선,문산,3054,3224,6278
202201,경의선,백마,3068,2965,6033
202201,경의선,서강대,1189,1093,2282
202201,경의선,서울역,916,899,1815
202201,경의선,수색,811,885,1696
202201,경의선,신촌,227,290,517
202201,경의선,야당,4364,4150,8514
202201,경의선,운정,3306,3323,6629
202201,경의선,월롱,800,1818,2618
202201,경의선,일산,4201,4123,8324
202201,경의선,임진강,43,30,73
202201,경의선,탄현,3977,3710,7687
202201,경의선,파주,506,453,959
202201,경의선,풍산,3116,2972,6088
202201,경의선,행신,3971,3658,7629
202201,경의선,홍대입구,1567,1806,3373
202201,경의선,화전,612,636,1248
202201,경의선,효창공원앞,1172,1343,2515
202201,경인선,간석,2842,2753,5595
202201,경인선,개봉,10703,10603,21306
202201,경인선,구일,2735,2782,5517
202201,경인선,도원,1534,1531,3065
202201,경인선,도화,2099,2042,4141
202201,경인선,동암,8576,8500,17076
202201,경인선,동인천,8527,8206,16733
202201,경인선,백운,3325,3428,6753
202201,경인선,부개,4423,4188,8611
202201,경인선,부천,20515,20243,40758
202201,경인선,부평,21214,21533,42747
202201,경인선,소사,4902,4723,9625
202201,경인선,송내,11788,11756,23544
202201,경인선,역곡,13296,13169,26465
202201,경인선,오류동,6470,6079,12549
202201,경인선,온수,3203,3081,6284
202201,경인선,인천,2913,2345,5258
202201,경인선,제물포,4955,5001,9956
202201,경인선,주안,10575,9337,19912
202201,경인선,중동,4570,4274,8844
202201,경춘선,가평,1311,1118,2429
202201,경춘선,갈매,1228,1118,2346
202201,경춘선,강촌,466,402,868
202201,경춘선,굴봉산,179,152,331
202201,경춘선,금곡,772,670,1442
202201,경춘선,김유정,364,362,726
202201,경춘선,남춘천,1971,1990,3961
202201,경춘선,대성리,349,283,632
202201,경춘선,마석,2148,2014,4162
202201,경춘선,백양리,365,277,642
202201,경춘선,별내,1614,1639,3253
202201,경춘선,사릉,1464,1394,2858
202201,경춘선,상천,295,181,476
202201,경춘선,신내,771,797,1568
202201,경춘선,천마산,959,900,1859
202201,경춘선,청평,1238,991,2229
202201,경춘선,춘천,1233,1009,2242
202201,경춘선,퇴계원,1752,1693,3445
202201,경춘선,평내호평,3132,2941,6073
202201,공항철도 1호선,검암,3177,3175,6352
202201,공항철도 1호선,계양,4720,4750,9470
202201,공항철도 1호선,공덕,1143,1565,2708
202201,공항철도 1호선,공항화물청사,906,1012,1918
202201,공항철도 1호선,김포공항,10713,5540,16253
202201,공항철도 1호선,디지털미디어시티,3237,3231,6468
202201,공항철도 1호선,마곡나루,2022,2203,4225
202201,공항철도 1호선,서울역,6946,6178,13124
202201,공항철도 1호선,영종,2167,2039,4206
202201,공항철도 1호선,운서,4653,4928,9581
202201,공항철도 1호선,인천공항1터미널,3152,3286,6438
202201,공항철도 1호선,인천공항2터미널,1771,1619,3390
202201,공항철도 1호선,청라국제도시,2884,2873,5757
202201,공항철도 1호선,홍대입구,9826,9062,18888
202201,과천선,경마공원,8272,8185,16457
202201,과천선,과천,3097,2945,6042
202201,과천선,대공원,3036,3191,6227
202201,과천선,범계,13662,13162,26824
202201,과천선,선바위,3484,3166,6650
202201,과천선,인덕원,10618,10957,21575
202201,과천선,정부과천청사,4011,4058,8069
202201,과천선,평촌,5605,5491,11096
202201,분당선,가천대,3237,3987,7224
202201,분당선,강남구청,3347,3898,7245
202201,분당선,개포동,1700,1782,3482
202201,분당선,구룡,703,743,1446
202201,분당선,구성,2293,2342,4635
202201,분당선,기흥,4575,4367,8942
202201,분당선,대모산입구,1853,1859,3712
202201,분당선,도곡,2464,2507,4971
202201,분당선,망포,6055,6424,12479
202201,분당선,매교,1394,1372,2766
202201,분당선,매탄권선,2261,2296,4557
202201,분당선,모란,10451,10717,21168
202201,분당선,미금,6897,7342,14239
202201,분당선,보정,1069,1034,2103
202201,분당선,상갈,2613,2650,5263
202201,분당선,서울숲,5316,5344,10660
202201,분당선,서현,14650,14319,28969
202201,분당선,선릉,2666,4150,6816
202201,분당선,선정릉,1953,2012,3965
202201,분당선,수내,5459,5416,10875
202201,분당선,수서,8150,7843,15993
202201,분당선,수원,5472,4389,9861
202201,분당선,수원시청,7343,7346,14689
202201,분당선,신갈,1764,1843,3607
202201,분당선,압구정로데오,10944,11470,22414
202201,분당선,야탑,12415,12658,25073
202201,분당선,영통,4774,4707,9481
202201,분당선,오리,5015,4237,9252
202201,분당선,이매,2825,2992,5817
202201,분당선,정자,7112,7273,14385
202201,분당선,죽전,7289,8395,15684
202201,분당선,청명,1809,1783,3592
202201,분당선,태평,7709,7292,15001
202201,분당선,한티,8329,8048,16377
202201,수인선,고색,1609,1720,3329
202201,수인선,남동인더스파크,516,521,1037
202201,수인선,달월,40,33,73
202201,수인선,사리,2299,2020,4319
202201,수인선,소래포구,3853,3664,7517
202201,수인선,송도,1356,1344,2700
202201,수인선,숭의,1835,1671,3506
202201,수인선,신포,1109,1059,2168
202201,수인선,야목,167,127,294
202201,수인선,어천,372,492,864
202201,수인선,연수,2962,2924,5886
202201,수인선,오목천,1427,1374,2801
202201,수인선,원인재,2571,2677,5248
202201,수인선,월곶,1433,1392,2825
202201,수인선,인천,931,1365,2296
202201,수인선,인천논현,2645,2864,5509
202201,수인선,인하대,2921,2766,5687
202201,수인선,호구포,1781,1797,3578
202201,안산선,고잔,4027,3746,7773
202201,안산선,대야미,2561,2307,4868
202201,안산선,반월,2156,2192,4348
202201,안산선,산본,8014,8563,16577
202201,안산선,상록수,8365,8264,16629
202201,안산선,수리산,1834,1821,3655
202201,안산선,신길온천,943,936,1879
202201,안산선,안산,8229,7709,15938
202201,안산선,오이도,4945,4974,9919
202201,안산선,정왕,4373,4901,9274
202201,안산선,중앙,10802,10677,21479
202201,안산선,초지,2221,2163,4384
202201,안산선,한대앞,4792,4722,9514
202201,우이신설선,4.19민주묘지,2803,2504,5307
202201,우이신설선,가오리,2227,2160,4387
202201,우이신설선,보문,878,832,1710
202201,우이신설선,북한산보국문,3513,3225,6738
202201,우이신설선,북한산우이,2532,2497,5029
202201,우이신설선,삼양,1261,1283,2544
202201,우이신설선,삼양사거리,1385,1376,2761
202201,우이신설선,성신여대입구,2218,2486,4704
202201,우이신설선,솔밭공원,1398,1343,2741
202201,우이신설선,솔샘,2708,2545,5253
202201,우이신설선,신설동,1093,1119,2212
202201,우이신설선,정릉,2573,2215,4788
202201,우이신설선,화계,1957,1830,3787
202201,일산선,대곡,915,763,1678
202201,일산선,대화,5592,5224,10816
202201,일산선,마두,3082,3091,6173
202201,일산선,백석,4995,5025,10020
202201,일산선,삼송,10160,9929,20089
202201,일산선,원당,5446,5350,10796
202201,일산선,원흥,4779,4637,9416
202201,일산선,정발산,4826,4763,9589
202201,일산선,주엽,3986,4087,8073
202201,일산선,지축,1,0,1
202201,일산선,화정,8644,8993,17637
202201,장항선,배방,670,781,1451
202201,장항선,봉명,412,413,825
202201,장항선,신창,664,771,1435
202201,장항선,쌍용,1003,982,1985
202201,장항선,아산,2668,1767,4435
202201,장항선,온양온천,2733,2847,5580
202201,장항선,탕정,258,284,542
202201,중앙선,구리,6841,7079,13920
202201,중앙선,국수,428,386,814
202201,중앙선,덕소,2947,3018,5965
202201,중앙선,도농,4625,4575,9200
202201,중앙선,도심,1021,933,1954
202201,중앙선,망우,4584,4612,9196
202201,중앙선,상봉,3389,3425,6814
202201,중앙선,신원,198,136,334
202201,중앙선,아신,353,359,712
202201,중앙선,양수,1356,1297,2653
202201,중앙선,양원,911,934,1845
202201,중앙선,양정,309,245,554
202201,중앙선,양평,1643,1585,3228
202201,중앙선,오빈,173,154,327
202201,중앙선,용문,1396,1154,2550
202201,중앙선,운길산,751,662,1413
202201,중앙선,원덕,236,212,448
202201,중앙선,중랑,3067,3037,6104
202201,중앙선,지평,34,26,60
202201,중앙선,팔당,966,949,1915
202201,중앙선,회기,13711,13768,27479
202201,1호선,동대문,9942,9099,19041
202201,1호선,동묘앞,10581,11012,21593
202201,1호선,서울역,28977,28803,57780
202201,1호선,시청,10106,10589,20695
202201,1호선,신설동,9669,9176,18845
202201,1호선,제기동,17662,18300,35962
202201,1호선,종각,18119,16687,34806
202201,1호선,종로3가,21796,20115,41911
202201,1호선,종로5가,17821,18012,35833
202201,1호선,청량리,18658,19140,37798
202201,2호선,강남,62465,61334,123799
202201,2호선,강변,24020,24002,48022
202201,2호선,건대입구,33819,36161,69980
202201,2호선,교대,16627,18904,35531
202201,2호선,구로디지털단지,33563,32984,66547
202201,2호선,구의,16009,15875,31884
202201,2호선,낙성대,20642,19530,40172
202201,2호선,당산,11798,13361,25159
202201,2호선,대림,16973,18046,35019
202201,2호선,도림천,803,812,1615
202201,2호선,동대문역사문화공원,10063,10875,20938
202201,2호선,뚝섬,13542,13670,27212
202201,2호선,문래,11744,12547,24291
202201,2호선,방배,9610,10034,19644
202201,2호선,봉천,17091,15840,32931
202201,2호선,사당,30064,32649,62713
202201,2호선,삼성,32095,31891,63986
202201,2호선,상왕십리,9668,9436,19104
202201,2호선,서울대입구,37320,36010,73330
202201,2호선,서초,10639,8963,19602
202201,2호선,선릉,23672,20913,44585
202201,2호선,성수,19625,21745,41370
202201,2호선,시청,8444,7588,16032
202201,2호선,신답,983,1052,2035
202201,2호선,신당,10598,11232,21830
202201,2호선,신대방,19185,18438,37623
202201,2호선,신도림,38224,38760,76984
202201,2호선,신림,49464,48148,97612
202201,2호선,신설동,3456,3578,7034
202201,2호선,신정네거리,7020,7207,14227
202201,2호선,신촌,28813,29052,57865
202201,2호선,아현,7086,6639,13725
202201,2호선,양천구청,4165,4338,8503
202201,2호선,역삼,18902,20767,39669
202201,2호선,영등포구청,12760,13427,26187
202201,2호선,왕십리,12759,10681,23440
202201,2호선,용답,2034,2034,4068
202201,2호선,용두,1802,1872,3674
202201,2호선,을지로3가,10399,10307,20706
202201,2호선,을지로4가,7337,7489,14826
202201,2호선,을지로입구,19913,19659,39572
202201,2호선,이대,9315,9935,19250
202201,2호선,잠실,62632,59632,122264
202201,2호선,잠실나루,7072,6924,13996
202201,2호선,잠실새내,16441,16867,33308
202201,2호선,종합운동장,5841,6525,12366
202201,2호선,충정로,5515,5854,11369
202201,2호선,한양대,3162,3182,6344
202201,2호선,합정,28460,30303,58763
202201,2호선,홍대입구,63399,66290,129689
202201,3호선,가락시장,6198,6036,12234
202201,3호선,경복궁,14239,14525,28764
202201,3호선,경찰병원,3813,3768,7581
202201,3호선,고속터미널,45305,44716,90021
202201,3호선,교대,6662,4097,10759
202201,3호선,구파발,14234,14081,28315
202201,3호선,금호,5641,5177,10818
202201,3호선,남부터미널,19006,18898,37904
202201,3호선,녹번,9935,8739,18674
202201,3호선,대청,5946,5503,11449
202201,3호선,대치,9186,8182,17368
202201,3호선,도곡,3175,3129,6304
202201,3호선,독립문,5229,5505,10734
202201,3호선,동대입구,5025,5846,10871
202201,3호선,매봉,6043,5836,11879
202201,3호선,무악재,2605,2742,5347
202201,3호선,불광,12123,13521,25644
202201,3호선,수서,12795,12885,25680
202201,3호선,신사,26640,27191,53831
202201,3호선,안국,14062,15719,29781
202201,3호선,압구정,25367,26391,51758
202201,3호선,약수,8733,8256,16989
202201,3호선,양재,20969,22200,43169
202201,3호선,연신내,28532,26881,55413
202201,3호선,오금,3643,3387,7030
202201,3호선,옥수,6369,6608,12977
202201,3호선,을지로3가,4954,5258,10212
202201,3호선,일원,4658,4646,9304
202201,3호선,잠원,3380,3224,6604
202201,3호선,종로3가,5836,7936,13772
202201,3호선,지축,2797,2738,5535
202201,3호선,충무로,1,0,1
202201,3호선,학여울,990,1017,2007
202201,3호선,홍제,12473,11799,24272
202201,4호선,길음,13929,13483,27412
202201,4호선,남태령,941,599,1540
202201,4호선,노원,15642,17118,32760
202201,4호선,당고개,9498,8875,18373
202201,4호선,동대문,12391,12298,24689
202201,4호선,동대문역사문화공원,10753,9447,20200
202201,4호선,동작,1087,1290,2377
202201,4호선,명동,13015,14903,27918
202201,4호선,미아,10210,9793,20003
202201,4호선,미아사거리,20793,20009,40802
202201,4호선,사당,20069,17199,37268
202201,4호선,삼각지,3378,4245,7623
202201,4호선,상계,13262,12601,25863
202201,4호선,서울역,5410,12120,17530
202201,4호선,성신여대입구,15915,15159,31074
202201,4호선,수유,25347,25103,50450
202201,4호선,숙대입구,8885,8704,17589
202201,4호선,신용산,10051,10798,20849
202201,4호선,쌍문,20583,18629,39212
202201,4호선,이촌,6503,7184,13687
202201,4호선,창동,19575,20483,40058
202201,4호선,총신대입구,13900,14981,28881
202201,4호선,충무로,11920,12194,24114
202201,4호선,한성대입구,9602,9153,18755
202201,4호선,혜화,27387,28094,55481
202201,4호선,회현,16490,17774,34264
202201,5호선,강동,12429,11759,24188
202201,5호선,강일,2646,2548,5194
202201,5호선,개롱,3986,4293,8279
202201,5호선,개화산,3462,3339,6801
202201,5호선,거여,5779,5517,11296
202201,5호선,고덕,6052,6027,12079
202201,5호선,공덕,6925,7075,14000
202201,5호선,광나루,9018,8599,17617
202201,5호선,광화문,13909,13941,27850
202201,5호선,군자,8329,9157,17486
202201,5호선,굽은다리,6924,6562,13486
202201,5호선,길동,5801,6106,11907
202201,5호선,김포공항,7052,7146,14198
202201,5호선,까치산,20608,19914,40522
202201,5호선,답십리,9944,9143,19087
202201,5호선,동대문역사문화공원,1065,1392,2457
202201,5호선,둔촌동,6108,6094,12202
202201,5호선,마곡,5425,5380,10805
202201,5호선,마장,4202,4165,8367
202201,5호선,마천,4500,4667,9167
202201,5호선,마포,7365,7361,14726
202201,5호선,명일,6000,6051,12051
202201,5호선,목동,10996,11214,22210
202201,5호선,미사,11400,11377,22777
202201,5호선,발산,12951,13443,26394
202201,5호선,방이,5053,5024,10077
202201,5호선,방화,4371,4279,8650
202201,5호선,상일동,9082,8401,17483
202201,5호선,서대문,6958,6806,13764
202201,5호선,송정,4825,4642,9467
202201,5호선,신금호,4011,4134,8145
202201,5호선,신길,2452,2716,5168
202201,5호선,신정,8868,7613,16481
202201,5호선,아차산,12580,12014,24594
202201,5호선,애오개,3532,3460,6992
202201,5호선,양평,3667,3621,7288
202201,5호선,여의나루,6439,7618,14057
202201,5호선,여의도,11224,11544,22768
202201,5호선,영등포구청,2025,1938,3963
202201,5호선,영등포시장,7715,8162,15877
202201,5호선,오금,2166,2049,4215
202201,5호선,오목교,15684,16097,31781
202201,5호선,올림픽공원,2764,2473,5237
202201,5호선,왕십리,3405,4074,7479
202201,5호선,우장산,9554,9553,19107
202201,5호선,을지로4가,3426,3815,7241
202201,5호선,장한평,10934,10754,21688
202201,5호선,종로3가,11955,12108,24063
202201,5호선,천호,16292,15534,31826
202201,5호선,청구,2530,2286,4816
202201,5호선,충정로,1848,1779,3627
202201,5호선,하남검단산,4728,4687,9415
202201,5호선,하남시청,4971,4898,9869
202201,5호선,하남풍산,2578,2678,5256
202201,5호선,행당,5300,4661,9961
202201,5호선,화곡,19480,18178,37658
202201,6호선,고려대,4794,4621,9415
202201,6호선,공덕,10039,9442,19481
202201,6호선,광흥창,5075,4668,9743
202201,6호선,구산,5298,3927,9225
202201,6호선,녹사평,4453,4834,9287
202201,6호선,대흥,5062,5149,10211
202201,6호선,독바위,1862,2001,3863
202201,6호선,돌곶이,6019,5617,11636
202201,6호선,동묘앞,7456,7049,14505
202201,6호선,디지털미디어시티,6789,6888,13677
202201,6호선,마포구청,9287,8373,17660
202201,6호선,망원,13357,14805,28162
202201,6호선,버티고개,1353,1452,2805
202201,6호선,보문,4951,4436,9387
202201,6호선,봉화산,5153,5102,10255
202201,6호선,불광,3524,3234,6758
202201,6호선,삼각지,5109,4147,9256
202201,6호선,상수,8115,9264,17379
202201,6호선,상월곡,4003,3636,7639
202201,6호선,새절,8503,8125,16628
202201,6호선,석계,8603,8716,17319
202201,6호선,신당,6667,5764,12431
202201,6호선,안암,5907,5847,11754
202201,6호선,약수,2450,2492,4942
202201,6호선,역촌,2506,3044,5550
202201,6호선,월곡,7633,7341,14974
202201,6호선,월드컵경기장,3513,3492,7005
202201,6호선,응암,12279,12418,24697
202201,6호선,이태원,11825,12072,23897
202201,6호선,증산,6986,7211,14197
202201,6호선,창신,2088,1762,3850
202201,6호선,청구,2329,2362,4691
202201,6호선,태릉입구,4175,4416,8591
202201,6호선,한강진,9879,11362,21241
202201,6호선,합정,12796,11456,24252
202201,6호선,화랑대,7767,6270,14037
202201,6호선,효창공원앞,4496,4056,8552
202201,7호선,가산디지털단지,14212,12790,27002
202201,7호선,강남구청,10036,10942,20978
202201,7호선,건대입구,10640,10737,21377
202201,7호선,고속터미널,13223,10310,23533
202201,7호선,공릉,8333,8413,16746
202201,7호선,광명사거리,16732,16599,33331
202201,7호선,군자,10515,8123,18638
202201,7호선,굴포천,2,0,2
202201,7호선,까치울,1,0,1
202201,7호선,남구로,7953,8354,16307
202201,7호선,남성,7557,7141,14698
202201,7호선,내방,7717,7725,15442
202201,7호선,노원,15488,15703,31191
202201,7호선,논현,11348,12126,23474
202201,7호선,대림,6696,7122,13818
202201,7호선,도봉산,6017,8230,14247
202201,7호선,뚝섬유원지,5770,5440,11210
202201,7호선,마들,8702,8210,16912
202201,7호선,먹골,7978,7837,15815
202201,7호선,면목,10578,10503,21081
202201,7호선,반포,4287,3985,8272
202201,7호선,보라매,5832,5600,11432
202201,7호선,사가정,11843,11639,23482
202201,7호선,상도,7181,6763,13944
202201,7호선,상동,1,0,1
202201,7호선,상봉,13057,12550,25607
202201,7호선,수락산,9558,9444,19002
202201,7호선,숭실대입구,7843,7814,15657
202201,7호선,신대방삼거리,11059,10386,21445
202201,7호선,신풍,7804,7340,15144
202201,7호선,어린이대공원,9213,8955,18168
202201,7호선,온수,5258,5280,10538
202201,7호선,용마산,4375,4465,8840
202201,7호선,이수,12071,11246,23317
202201,7호선,장승배기,6349,6121,12470
202201,7호선,장암,1328,924,2252
202201,7호선,중계,8798,7863,16661
202201,7호선,중곡,6776,6407,13183
202201,7호선,중화,7418,7199,14617
202201,7호선,천왕,6850,6481,13331
202201,7호선,철산,14726,14795,29521
202201,7호선,청담,11071,11870,22941
202201,7호선,태릉입구,6479,6035,12514
202201,7호선,하계,11940,11160,23100
202201,7호선,학동,10754,11167,21921
202201,8호선,가락시장,5883,5887,11770
202201,8호선,강동구청,6185,6220,12405
202201,8호선,남위례,2658,2880,5538
202201,8호선,남한산성입구,8769,8088,16857
202201,8호선,단대오거리,7453,7067,14520
202201,8호선,모란,3589,3011,6600
202201,8호선,몽촌토성,4014,4091,8105
202201,8호선,문정,8589,8743,17332
202201,8호선,복정,6099,5114,11213
202201,8호선,산성,3864,3874,7738
202201,8호선,석촌,5792,7183,12975
202201,8호선,송파,4863,5000,9863
202201,8호선,수진,4074,3678,7752
202201,8호선,신흥,3352,3585,6937
202201,8호선,암사,12331,11344,23675
202201,8호선,잠실,12627,14506,27133
202201,8호선,장지,11707,10848,22555
202201,8호선,천호,11970,13941,25911
202201,9호선,가양,13753,13070,26823
202201,9호선,개화,1265,1054,2319
202201,9호선,고속터미널,11234,16062,27296
202201,9호선,공항시장,2266,2352,4618
202201,9호선,구반포,1165,1169,2334
202201,9호선,국회의사당,4148,4332,8480
202201,9호선,김포공항,7727,11769,19496
202201,9호선,노들,3153,2696,5849
202201,9호선,노량진,20878,20449,41327
202201,9호선,당산,12686,11720,24406
202201,9호선,동작,1556,1252,2808
202201,9호선,등촌,7145,6997,14142
202201,9호선,마곡나루,7805,7620,15425
202201,9호선,사평,2204,2014,4218
202201,9호선,샛강,2441,2472,4913
202201,9호선,선유도,3740,3574,7314
202201,9호선,신논현,26414,25630,52044
202201,9호선,신목동,2278,1992,4270
202201,9호선,신반포,2465,2358,4823
202201,9호선,신방화,4535,4413,8948
202201,9호선,양천향교,5687,5569,11256
202201,9호선,여의도,11566,11114,22680
202201,9호선,염창,11455,10767,22222
202201,9호선,증미,3961,3943,7904
202201,9호선,흑석,5301,5434,10735
202201,9호선2~3단계,둔촌오륜,599,636,1235
202201,9호선2~3단계,봉은사,12248,13094,25342
202201,9호선2~3단계,삼성중앙,2921,3160,6081
202201,9호선2~3단계,삼전,4905,4607,9512
202201,9호선2~3단계,석촌,6472,5585,12057
202201,9호선2~3단계,석촌고분,4166,4056,8222
202201,9호선2~3단계,선정릉,4602,5143,9745
202201,9호선2~3단계,송파나루,4097,4368,8465
202201,9호선2~3단계,언주,6014,6172,12186
202201,9호선2~3단계,올림픽공원,5832,5730,11562
202201,9호선2~3단계,종합운동장,3065,2700,5765
202201,9호선2~3단계,중앙보훈병원,4434,4212,8646
202201,9호선2~3단계,한성백제,1634,1420,3054
202201,경강선,경기광주,5086,4886,9972
202201,경강선,곤지암,1788,1722,3510
202201,경강선,부발,2024,1676,3700
202201,경강선,삼동,1486,1370,2856
202201,경강선,세종대왕릉,267,289,556
202201,경강선,신둔도예촌,1059,999,2058
202201,경강선,여주,1773,1879,3652
202201,경강선,이매,738,567,1305
202201,경강선,이천,2595,2599,5194
202201,경강선,초월,2121,1885,4006
202201,경강선,판교,2906,2783,5689
202201,경부선,가산디지털단지,6102,8013,14115
202201,경부선,관악,5490,5209,10699
202201,경부선,광명,2556,2217,4773
202201,경부선,구로,12038,12342,24380
202201,경부선,군포,4100,3821,7921
202201,경부선,금정,17860,17925,35785
202201,경부선,금천구청,8139,8097,16236
202201,경부선,남영,5686,5801,11487
202201,경부선,노량진,8123,7653,15776
202201,경부선,당정,3893,3644,7537
202201,경부선,대방,7718,7876,15594
202201,경부선,독산,8747,8872,17619
202201,경부선,두정,4720,4708,9428
202201,경부선,명학,4852,4598,9450
202201,경부선,병점,11406,11233,22639
202201,경부선,서동탄,957,981,1938
202201,경부선,서울역,6382,2012,8394
202201,경부선,서정리,6417,5354,11771
202201,경부선,석수,6626,6322,12948
202201,경부선,성균관대,9756,9836,19592
202201,경부선,성환,2433,2246,4679
202201,경부선,세류,2199,2265,4464
202201,경부선,세마,1980,1847,3827
202201,경부선,송탄,3938,3666,7604
202201,경부선,수원,34338,36821,71159
202201,경부선,신길,5903,4990,10893
202201,경부선,신도림,3021,2804,5825
202201,경부선,안양,16814,16883,33697
202201,경부선,영등포,37071,38924,75995
202201,경부선,오산,8313,7947,16260
202201,경부선,오산대,2520,2246,4766
202201,경부선,용산,31764,33270,65034
202201,경부선,의왕,5637,5448,11085
202201,경부선,직산,597,566,1163
202201,경부선,진위,889,770,1659
202201,경부선,천안,5302,5313,10615
202201,경부선,평택,11304,10769,22073
202201,경부선,평택지제,2818,2594,5412
202201,경부선,화서,5184,5251,10435
202201,경원선,가능,4762,4528,9290
202201,경원선,광운대,5728,5620,11348
202201,경원선,녹양,3281,3193,6474
202201,경원선,녹천,3112,2710,5822
202201,경원선,덕계,2299,2185,4484
202201,경원선,덕정,4066,3705,7771
202201,경원선,도봉,4339,4107,8446
202201,경원선,도봉산,8005,5392,13397
202201,경원선,동두천,1443,1708,3151
202201,경원선,동두천중앙,2346,2246,4592
202201,경원선,망월사,5610,5682,11292
202201,경원선,방학,6979,6777,13756
202201,경원선,보산,1074,1101,2175
202201,경원선,서빙고,1417,1451,2868
202201,경원선,석계,6664,7045,13709
202201,경원선,소요산,2879,2422,5301
202201,경원선,신이문,5872,5410,11282
202201,경원선,양주,5817,5532,11349
202201,경원선,옥수,27,23,50
202201,경원선,왕십리,11962,13815,25777
202201,경원선,외대앞,5570,5478,11048
202201,경원선,월계,4709,4336,9045
202201,경원선,응봉,1352,1209,2561
202201,경원선,의정부,16205,17122,33327
202201,경원선,이촌,2701,2016,4717
202201,경원선,지행,4986,5048,10034
202201,경원선,청량리,15477,16395,31872
202201,경원선,한남,2664,2478,5142
202201,경원선,회룡,9297,9325,18622
202201,경의선,가좌,3688,3628,7316
202201,경의선,강매,1935,1768,3703
202201,경의선,곡산,389,355,744
202201,경의선,공덕,2623,2028,4651
202201,경의선,금릉,3607,3511,7118
202201,경의선,금촌,5086,4990,10076
202201,경의선,능곡,2598,2516,5114
202201,경의선,디지털미디어시티,1843,1695,3538
202201,경의선,문산,4097,3922,8019
202201,경의선,백마,4269,3952,8221
202201,경의선,서강대,1551,1504,3055
202201,경의선,서울역,1153,1317,2470
202201,경의선,수색,1343,1349,2692
202201,경의선,신촌,322,354,676
202201,경의선,야당,5862,5821,11683
202201,경의선,운정,4759,4449,9208
202201,경의선,월롱,1608,1325,2933
202201,경의선,일산,5870,5688,11558
202201,경의선,임진강,47,64,111
202201,경의선,탄현,5114,4988,10102
202201,경의선,파주,805,599,1404
202201,경의선,풍산,4131,3989,8120
202201,경의선,행신,5019,5156,10175
202201,경의선,홍대입구,1840,2192,4032
202201,경의선,화전,980,889,1869
202201,경의선,효창공원앞,1664,1862,3526
202201,경인선,간석,4083,4025,8108
202201,경인선,개봉,15239,15158,30397
202201,경인선,구일,4057,3937,7994
202201,경인선,도원,1778,1895,3673
202201,경인선,도화,3089,2845,5934
202201,경인선,동암,11780,12057,23837
202201,경인선,동인천,10954,10704,21658
202201,경인선,백운,5037,5072,10109
202201,경인선,부개,6046,5892,11938
202201,경인선,부천,27397,28387,55784
202201,경인선,부평,27902,29310,57212
202201,경인선,소사,7115,6767,13882
202201,경인선,송내,17056,16975,34031
202201,경인선,역곡,19207,19111,38318
202201,경인선,오류동,8621,8009,16630
202201,경인선,온수,4615,4234,8849
202201,경인선,인천,3460,2990,6450
202201,경인선,제물포,7025,6743,13768
202201,경인선,주안,14754,13104,27858
202201,경인선,중동,6427,6114,12541
202201,경춘선,가평,1270,1478,2748
202201,경춘선,갈매,1929,1626,3555
202201,경춘선,강촌,473,529,1002
202201,경춘선,굴봉산,141,169,310
202201,경춘선,금곡,1014,998,2012
202201,경춘선,김유정,352,400,752
202201,경춘선,남춘천,2854,2905,5759
202201,경춘선,대성리,402,422,824
202201,경춘선,마석,2897,2761,5658
202201,경춘선,백양리,411,388,799
202201,경춘선,별내,2279,2203,4482
202201,경춘선,사릉,2099,1915,4014
202201,경춘선,상천,232,213,445
202201,경춘선,신내,1100,1050,2150
202201,경춘선,천마산,1286,1250,2536
202201,경춘선,청평,1297,1465,2762
202201,경춘선,춘천,1187,1185,2372
202201,경춘선,퇴계원,2509,2191,4700
202201,경춘선,평내호평,4200,3973,8173
202201,공항철도 1호선,검암,4352,4304,8656
202201,공항철도 1호선,계양,6486,6151,12637
202201,공항철도 1호선,공덕,1544,2376,3920
202201,공항철도 1호선,공항화물청사,1215,1221,2436
202201,공항철도 1호선,김포공항,11070,5386,16456
202201,공항철도 1호선,디지털미디어시티,5108,4700,9808
202201,공항철도 1호선,마곡나루,2996,3341,6337
202201,공항철도 1호선,서울역,6980,7121,14101
202201,공항철도 1호선,영종,2599,2644,5243
202201,공항철도 1호선,운서,5607,5722,11329
202201,공항철도 1호선,인천공항1터미널,3002,3238,6240
202201,공항철도 1호선,인천공항2터미널,1655,1555,3210
202201,공항철도 1호선,청라국제도시,4016,3977,7993
202201,공항철도 1호선,홍대입구,12357,12190,24547
202201,과천선,경마공원,7824,7830,15654
202201,과천선,과천,4343,4054,8397
202201,과천선,대공원,3854,4096,7950
202201,과천선,범계,19427,17774,37201
202201,과천선,선바위,4948,4318,9266
202201,과천선,인덕원,15331,15305,30636
202201,과천선,정부과천청사,5773,5812,11585
202201,과천선,평촌,8777,8617,17394
202201,분당선,가천대,4786,5291,10077
202201,분당선,강남구청,5721,6795,12516
202201,분당선,개포동,2478,2388,4866
202201,분당선,구룡,1308,1161,2469
202201,분당선,구성,3072,3202,6274
202201,분당선,기흥,6276,6006,12282
202201,분당선,대모산입구,3153,2890,6043
202201,분당선,도곡,4464,4054,8518
202201,분당선,망포,9355,8605,17960
202201,분당선,매교,1996,2126,4122
202201,분당선,매탄권선,3351,3263,6614
202201,분당선,모란,15844,16038,31882
202201,분당선,미금,10522,10905,21427
202201,분당선,보정,1480,1423,2903
202201,분당선,상갈,3562,3559,7121
202201,분당선,서울숲,7269,7814,15083
202201,분당선,서현,18979,19054,38033
202201,분당선,선릉,5017,7990,13007
202201,분당선,선정릉,3352,3420,6772
202201,분당선,수내,8597,8155,16752
202201,분당선,수서,9901,10355,20256
202201,분당선,수원,7087,5789,12876
202201,분당선,수원시청,10834,11700,22534
202201,분당선,신갈,2566,2551,5117
202201,분당선,압구정로데오,19759,21549,41308
202201,분당선,야탑,17161,17994,35155
202201,분당선,영통,6401,6306,12707
202201,분당선,오리,7680,6440,14120
202201,분당선,이매,4137,4088,8225
202201,분당선,정자,10454,10669,21123
202201,분당선,죽전,9671,10734,20405
202201,분당선,청명,2488,2459,4947
202201,분당선,태평,10566,10023,20589
202201,분당선,한티,12369,12159,24528
202201,수인선,고색,2596,2561,5157
202201,수인선,남동인더스파크,986,944,1930
202201,수인선,달월,51,44,95
202201,수인선,사리,3180,2767,5947
202201,수인선,소래포구,4807,4762,9569
202201,수인선,송도,1939,1928,3867
202201,수인선,숭의,2647,2418,5065
202201,수인선,신포,1441,1444,2885
202201,수인선,야목,242,193,435
202201,수인선,어천,650,582,1232
202201,수인선,연수,3798,3912,7710
202201,수인선,오목천,2029,1769,3798
202201,수인선,원인재,3564,3771,7335
202201,수인선,월곶,2006,1860,3866
202201,수인선,인천,1146,1809,2955
202201,수인선,인천논현,4172,4438,8610
202201,수인선,인하대,3935,3713,7648
202201,수인선,호구포,2397,2279,4676
202201,안산선,고잔,6147,6153,12300
202201,안산선,대야미,3560,3058,6618
202201,안산선,반월,3103,2963,6066
202201,안산선,산본,11816,12575,24391
202201,안산선,상록수,11706,11758,23464
202201,안산선,수리산,2645,2371,5016
202201,안산선,신길온천,1298,1212,2510
202201,안산선,안산,8541,8656,17197
202201,안산선,오이도,6608,6921,13529
202201,안산선,정왕,5803,5985,11788
202201,안산선,중앙,15709,15847,31556
202201,안산선,초지,3235,3203,6438
202201,안산선,한대앞,6636,6621,13257
202201,우이신설선,4.19민주묘지,2212,1947,4159
202201,우이신설선,가오리,2929,2841,5770
202201,우이신설선,보문,1100,1064,2164
202201,우이신설선,북한산보국문,4587,4139,8726
202201,우이신설선,북한산우이,2757,2872,5629
202201,우이신설선,삼양,1501,1598,3099
202201,우이신설선,삼양사거리,1824,1773,3597
202201,우이신설선,성신여대입구,2769,3177,5946
202201,우이신설선,솔밭공원,1766,1680,3446
202201,우이신설선,솔샘,3791,3413,7204
202201,우이신설선,신설동,1449,1387,2836
202201,우이신설선,정릉,3402,2905,6307
202201,우이신설선,화계,2400,2263,4663
202201,일산선,대곡,1186,1000,2186
202201,일산선,대화,7992,7257,15249
202201,일산선,마두,4731,4802,9533
202201,일산선,백석,7178,7245,14423
202201,일산선,삼송,13731,13439,27170
202201,일산선,원당,7767,7528,15295
202201,일산선,원흥,6945,6640,13585
202201,일산선,정발산,6057,6242,12299
202201,일산선,주엽,6108,6104,12212
202201,일산선,지축,1,0,1
202201,일산선,화정,12128,12563,24691
202201,장항선,배방,918,872,1790
202201,장항선,봉명,663,607,1270
202201,장항선,신창,832,722,1554
202201,장항선,쌍용,1326,1320,2646
202201,장항선,아산,2467,2407,4874
202201,장항선,온양온천,3257,3383,6640
202201,장항선,탕정,387,358,745
202201,중앙선,구리,9753,10080,19833
202201,중앙선,국수,478,533,1011
202201,중앙선,덕소,4003,4117,8120
202201,중앙선,도농,6554,6305,12859
202201,중앙선,도심,1357,1149,2506
202201,중앙선,망우,6207,6127,12334
202201,중앙선,상봉,4688,4599,9287
202201,중앙선,신원,183,155,338
202201,중앙선,아신,412,464,876
202201,중앙선,양수,1477,1576,3053
202201,중앙선,양원,1291,1328,2619
202201,중앙선,양정,440,414,854
202201,중앙선,양평,2018,2199,4217
202201,중앙선,오빈,218,218,436
202201,중앙선,용문,1431,1638,3069
202201,중앙선,운길산,787,750,1537
202201,중앙선,원덕,269,286,555
202201,중앙선,중랑,4263,4104,8367
202201,중앙선,지평,40,55,95
202201,중앙선,팔당,1016,1131,2147
202201,중앙선,회기,18164,17268,35432
202201,1호선,동대문,8408,8749,17157
202201,1호선,동묘앞,11459,11555,23014
202201,1호선,서울역,23835,21440,45275
202201,1호선,시청,6993,6565,13558
202201,1호선,신설동,7372,7275,14647
202201,1호선,제기동,11302,11957,23259
202201,1호선,종각,12042,10621,22663
202201,1호선,종로3가,13245,11686,24931
202201,1호선,종로5가,8719,8553,17272
202201,1호선,청량리,12993,13008,26001
202201,2호선,강남,35304,33656,68960
202201,2호선,강변,18335,18291,36626
202201,2호선,건대입구,26000,26891,52891
202201,2호선,교대,9695,10548,20243
202201,2호선,구로디지털단지,22260,21887,44147
202201,2호선,구의,11127,11341,22468
202201,2호선,낙성대,14937,15120,30057
202201,2호선,당산,7942,8701,16643
202201,2호선,대림,13772,14012,27784
202201,2호선,도림천,438,481,919
202201,2호선,동대문역사문화공원,6795,8159,14954
202201,2호선,뚝섬,10100,10174,20274
202201,2호선,문래,7514,7800,15314
202201,2호선,방배,6479,6889,13368
202201,2호선,봉천,11753,11240,22993
202201,2호선,사당,20511,22655,43166
202201,2호선,삼성,21348,20506,41854
202201,2호선,상왕십리,6585,6569,13154
202201,2호선,서울대입구,25981,26328,52309
202201,2호선,서초,10906,9961,20867
202201,2호선,선릉,12504,10935,23439
202201,2호선,성수,13693,14782,28475
202201,2호선,시청,5496,4478,9974
202201,2호선,신답,764,802,1566
202201,2호선,신당,7702,8249,15951
202201,2호선,신대방,14337,13949,28286
202201,2호선,신도림,26144,26681,52825
202201,2호선,신림,35605,35342,70947
202201,2호선,신설동,3018,3214,6232
202201,2호선,신정네거리,5110,5157,10267
202201,2호선,신촌,20815,19999,40814
202201,2호선,아현,4975,5010,9985
202201,2호선,양천구청,3112,3189,6301
202201,2호선,역삼,11486,12629,24115
202201,2호선,영등포구청,7427,7712,15139
202201,2호선,왕십리,8770,7440,16210
202201,2호선,용답,1605,1698,3303
202201,2호선,용두,1174,1164,2338
202201,2호선,을지로3가,7844,7098,14942
202201,2호선,을지로4가,3489,3283,6772
202201,2호선,을지로입구,14704,13696,28400
202201,2호선,이대,6505,6987,13492
202201,2호선,잠실,46400,43069,89469
202201,2호선,잠실나루,4828,4870,9698
202201,2호선,잠실새내,10373,10930,21303
202201,2호선,종합운동장,3723,3948,7671
202201,2호선,충정로,3984,4224,8208
202201,2호선,한양대,2244,2381,4625
202201,2호선,합정,20462,21316,41778
202201,2호선,홍대입구,48221,47073,95294
202201,3호선,가락시장,3486,3784,7270
202201,3호선,경복궁,10498,10934,21432
202201,3호선,경찰병원,2581,2625,5206
202201,3호선,고속터미널,35272,33988,69260
202201,3호선,교대,3884,2440,6324
202201,3호선,구파발,10154,10398,20552
202201,3호선,금호,3877,3774,7651
202201,3호선,남부터미널,12985,13839,26824
202201,3호선,녹번,6857,6212,13069
202201,3호선,대청,3779,3804,7583
202201,3호선,대치,5816,5196,11012
202201,3호선,도곡,1805,1941,3746
202201,3호선,독립문,3872,4224,8096
202201,3호선,동대입구,4240,4734,8974
202201,3호선,매봉,3836,3802,7638
202201,3호선,무악재,1733,1842,3575
202201,3호선,불광,9134,10491,19625
202201,3호선,수서,9714,9555,19269
202201,3호선,신사,14532,14174,28706
202201,3호선,안국,10196,10985,21181
202201,3호선,압구정,13214,13846,27060
202201,3호선,약수,6292,5955,12247
202201,3호선,양재,12886,14805,27691
202201,3호선,연신내,19954,19091,39045
202201,3호선,오금,2463,2419,4882
202201,3호선,옥수,4392,4714,9106
202201,3호선,을지로3가,3116,2743,5859
202201,3호선,일원,2922,3181,6103
202201,3호선,잠원,1975,2027,4002
202201,3호선,종로3가,3698,4843,8541
202201,3호선,지축,1908,1897,3805
202201,3호선,충무로,1,0,1
202201,3호선,학여울,890,886,1776
202201,3호선,홍제,8685,8281,16966
202201,4호선,길음,9752,9589,19341
202201,4호선,남태령,654,492,1146
202201,4호선,노원,11417,12173,23590
202201,4호선,당고개,7292,7147,14439
202201,4호선,동대문,5889,6554,12443
202201,4호선,동대문역사문화공원,8303,7531,15834
202201,4호선,동작,924,1074,1998
202201,4호선,명동,10084,9916,20000
202201,4호선,미아,7530,7082,14612
202201,4호선,미아사거리,14892,14393,29285
202201,4호선,사당,14144,13180,27324
202201,4호선,삼각지,2482,3169,5651
202201,4호선,상계,9584,9031,18615
202201,4호선,서울역,4027,8922,12949
202201,4호선,성신여대입구,11975,11437,23412
202201,4호선,수유,18978,18518,37496
202201,4호선,숙대입구,6936,6746,13682
202201,4호선,신용산,7509,7599,15108
202201,4호선,쌍문,14530,13503,28033
202201,4호선,이촌,5062,5433,10495
202201,4호선,창동,14892,15628,30520
202201,4호선,총신대입구,9658,10527,20185
202201,4호선,충무로,7429,7301,14730
202201,4호선,한성대입구,6921,7115,14036
202201,4호선,혜화,22071,22722,44793
202201,4호선,회현,8436,8817,17253
202201,5호선,강동,8398,8293,16691
202201,5호선,강일,1952,1871,3823
202201,5호선,개롱,2667,3058,5725
202201,5호선,개화산,2521,2564,5085
202201,5호선,거여,4015,3929,7944
202201,5호선,고덕,3993,3874,7867
202201,5호선,공덕,4217,4343,8560
202201,5호선,광나루,7271,7097,14368
202201,5호선,광화문,9853,9814,19667
202201,5호선,군자,5907,6412,12319
202201,5호선,굽은다리,5015,4606,9621
202201,5호선,길동,4034,4201,8235
202201,5호선,김포공항,6367,6348,12715
202201,5호선,까치산,14801,14439,29240
202201,5호선,답십리,7058,6596,13654
202201,5호선,동대문역사문화공원,695,828,1523
202201,5호선,둔촌동,4317,4412,8729
202201,5호선,마곡,3708,3763,7471
202201,5호선,마장,2933,2960,5893
202201,5호선,마천,3406,3641,7047
202201,5호선,마포,4567,4782,9349
202201,5호선,명일,4446,4593,9039
202201,5호선,목동,7069,7371,14440
202201,5호선,미사,8362,8277,16639
202201,5호선,발산,8763,8943,17706
202201,5호선,방이,3787,3722,7509
202201,5호선,방화,3209,3353,6562
202201,5호선,상일동,6409,6286,12695
202201,5호선,서대문,4801,4760,9561
202201,5호선,송정,3521,3433,6954
202201,5호선,신금호,2863,3035,5898
202201,5호선,신길,1733,2002,3735
202201,5호선,신정,6028,5514,11542
202201,5호선,아차산,10111,10018,20129
202201,5호선,애오개,2468,2563,5031
202201,5호선,양평,2534,2628,5162
202201,5호선,여의나루,5762,6613,12375
202201,5호선,여의도,7591,7692,15283
202201,5호선,영등포구청,1333,1201,2534
202201,5호선,영등포시장,5059,5167,10226
202201,5호선,오금,1437,1427,2864
202201,5호선,오목교,10643,10967,21610
202201,5호선,올림픽공원,1987,1815,3802
202201,5호선,왕십리,2311,2696,5007
202201,5호선,우장산,6331,6579,12910
202201,5호선,을지로4가,1519,1609,3128
202201,5호선,장한평,7302,7342,14644
202201,5호선,종로3가,8736,7680,16416
202201,5호선,천호,11805,11064,22869
202201,5호선,청구,1757,1519,3276
202201,5호선,충정로,1336,1372,2708
202201,5호선,하남검단산,4182,4193,8375
202201,5호선,하남시청,3623,3475,7098
202201,5호선,하남풍산,1970,2111,4081
202201,5호선,행당,3576,3429,7005
202201,5호선,화곡,13380,12625,26005
202201,6호선,고려대,3847,3808,7655
202201,6호선,공덕,6622,6106,12728
202201,6호선,광흥창,3989,4056,8045
202201,6호선,구산,3602,2713,6315
202201,6호선,녹사평,3582,3544,7126
202201,6호선,대흥,3504,3708,7212
202201,6호선,독바위,1380,1854,3234
202201,6호선,돌곶이,4810,4590,9400
202201,6호선,동묘앞,5661,5472,11133
202201,6호선,디지털미디어시티,4847,5103,9950
202201,6호선,마포구청,6807,6400,13207
202201,6호선,망원,9860,10674,20534
202201,6호선,버티고개,970,1073,2043
202201,6호선,보문,3860,3581,7441
202201,6호선,봉화산,3742,3697,7439
202201,6호선,불광,2759,2533,5292
202201,6호선,삼각지,3462,2786,6248
202201,6호선,상수,6123,7024,13147
202201,6호선,상월곡,3126,2854,5980
202201,6호선,새절,6150,6004,12154
202201,6호선,석계,5985,6438,12423
202201,6호선,신당,3958,4453,8411
202201,6호선,안암,4355,4500,8855
202201,6호선,약수,1591,1639,3230
202201,6호선,역촌,1920,2235,4155
202201,6호선,월곡,5510,5279,10789
202201,6호선,월드컵경기장,2593,2527,5120
202201,6호선,응암,8867,8777,17644
202201,6호선,이태원,8819,8171,16990
202201,6호선,증산,5134,5261,10395
202201,6호선,창신,1503,1390,2893
202201,6호선,청구,1609,1587,3196
202201,6호선,태릉입구,2976,3175,6151
202201,6호선,한강진,7227,8077,15304
202201,6호선,합정,9078,8198,17276
202201,6호선,화랑대,5133,4461,9594
202201,6호선,효창공원앞,3196,2900,6096
202201,7호선,가산디지털단지,9635,8951,18586
202201,7호선,강남구청,5640,6006,11646
202201,7호선,건대입구,7187,7166,14353
202201,7호선,고속터미널,10471,7472,17943
202201,7호선,공릉,6015,6048,12063
202201,7호선,광명사거리,11864,11784,23648
202201,7호선,군자,7374,5787,13161
202201,7호선,굴포천,1,0,1
202201,7호선,까치울,1,0,1
202201,7호선,남구로,5979,5964,11943
202201,7호선,남성,4973,4975,9948
202201,7호선,내방,4964,5228,10192
202201,7호선,노원,10592,10562,21154
202201,7호선,논현,6126,6518,12644
202201,7호선,대림,6357,6099,12456
202201,7호선,도봉산,4844,6970,11814
202201,7호선,뚝섬유원지,4988,4690,9678
202201,7호선,마들,5582,5269,10851
202201,7호선,먹골,5244,5071,10315
202201,7호선,면목,7698,7505,15203
202201,7호선,반포,2620,2606,5226
202201,7호선,보라매,3938,3971,7909
202201,7호선,부천종합운동장,1,0,1
202201,7호선,사가정,8356,8297,16653
202201,7호선,상도,5145,4969,10114
202201,7호선,상봉,8545,7849,16394
202201,7호선,수락산,7631,7334,14965
202201,7호선,숭실대입구,5429,5936,11365
202201,7호선,신대방삼거리,7616,7395,15011
202201,7호선,신풍,5584,5343,10927
202201,7호선,어린이대공원,7763,7755,15518
202201,7호선,온수,3745,3749,7494
202201,7호선,용마산,3131,3440,6571
202201,7호선,이수,8014,7626,15640
202201,7호선,장승배기,4412,4353,8765
202201,7호선,장암,1104,743,1847
202201,7호선,중계,6193,5708,11901
202201,7호선,중곡,4957,4869,9826
202201,7호선,중화,5261,5246,10507
202201,7호선,천왕,4782,4628,9410
202201,7호선,철산,9906,9864,19770
202201,7호선,청담,6196,6665,12861
202201,7호선,태릉입구,4663,4310,8973
202201,7호선,하계,8498,8024,16522
202201,7호선,학동,5889,6221,12110
202201,8호선,가락시장,3133,3872,7005
202201,8호선,강동구청,4229,4513,8742
202201,8호선,남위례,1942,2032,3974
202201,8호선,남한산성입구,6380,6071,12451
202201,8호선,단대오거리,5107,5105,10212
202201,8호선,모란,2502,2108,4610
202201,8호선,몽촌토성,2978,2856,5834
202201,8호선,문정,5295,5512,10807
202201,8호선,복정,4316,3986,8302
202201,8호선,산성,2937,2949,5886
202201,8호선,석촌,4109,4941,9050
202201,8호선,송파,3221,3436,6657
202201,8호선,수진,2964,2644,5608
202201,8호선,신흥,2405,2522,4927
202201,8호선,암사,8359,7999,16358
202201,8호선,잠실,9225,10588,19813
202201,8호선,장지,8295,8632,16927
202201,8호선,천호,8351,9556,17907
202201,9호선,가양,9723,9441,19164
202201,9호선,개화,885,882,1767
202201,9호선,고속터미널,8530,11945,20475
202201,9호선,공항시장,1653,1852,3505
202201,9호선,구반포,507,514,1021
202201,9호선,국회의사당,4597,4417,9014
202201,9호선,김포공항,6866,11132,17998
202201,9호선,노들,2370,2122,4492
202201,9호선,노량진,14646,15360,30006
202201,9호선,당산,8618,8441,17059
202201,9호선,동작,1454,1040,2494
202201,9호선,등촌,4869,4891,9760
202201,9호선,마곡나루,5266,5297,10563
202201,9호선,사평,1450,1549,2999
202201,9호선,샛강,1512,1636,3148
202201,9호선,선유도,2579,2604,5183
202201,9호선,신논현,15627,14859,30486
202201,9호선,신목동,1620,1441,3061
202201,9호선,신반포,1712,1689,3401
202201,9호선,신방화,3183,3130,6313
202201,9호선,양천향교,4023,4237,8260
202201,9호선,여의도,8466,7598,16064
202201,9호선,염창,7877,8007,15884
202201,9호선,증미,2345,2315,4660
202201,9호선,흑석,3537,3780,7317
202201,9호선2~3단계,둔촌오륜,480,474,954
202201,9호선2~3단계,봉은사,7946,8186,16132
202201,9호선2~3단계,삼성중앙,1731,1852,3583
202201,9호선2~3단계,삼전,3493,3376,6869
202201,9호선2~3단계,석촌,4541,3906,8447
202201,9호선2~3단계,석촌고분,2894,2859,5753
202201,9호선2~3단계,선정릉,2757,3059,5816
202201,9호선2~3단계,송파나루,3061,3378,6439
202201,9호선2~3단계,언주,3593,3674,7267
202201,9호선2~3단계,올림픽공원,4157,4230,8387
202201,9호선2~3단계,종합운동장,1954,1817,3771
202201,9호선2~3단계,중앙보훈병원,3153,3071,6224
202201,9호선2~3단계,한성백제,1221,1178,2399
202201,경강선,경기광주,3585,3615,7200
202201,경강선,곤지암,1367,1390,2757
202201,경강선,부발,1389,1913,3302
202201,경강선,삼동,999,939,1938
202201,경강선,세종대왕릉,205,196,401
202201,경강선,신둔도예촌,798,757,1555
202201,경강선,여주,1693,1587,3280
202201,경강선,이매,619,410,1029
202201,경강선,이천,1779,1964,3743
202201,경강선,초월,1468,1445,2913
202201,경강선,판교,2329,2269,4598
202201,경부선,가산디지털단지,4211,5831,10042
202201,경부선,관악,4367,4025,8392
202201,경부선,광명,2289,1731,4020
202201,경부선,구로,8857,9020,17877
202201,경부선,군포,2875,2747,5622
202201,경부선,금정,12820,13284,26104
202201,경부선,금천구청,5973,5807,11780
202201,경부선,남영,4215,4347,8562
202201,경부선,노량진,5630,5395,11025
202201,경부선,당정,2732,2772,5504
202201,경부선,대방,5264,5619,10883
202201,경부선,독산,6111,6047,12158
202201,경부선,두정,3778,4040,7818
202201,경부선,명학,3056,3131,6187
202201,경부선,병점,8580,9443,18023
202201,경부선,서동탄,685,750,1435
202201,경부선,서울역,6427,1656,8083
202201,경부선,서정리,3933,5642,9575
202201,경부선,석수,4869,4813,9682
202201,경부선,성균관대,7427,7720,15147
202201,경부선,성환,1919,2219,4138
202201,경부선,세류,1790,1831,3621
202201,경부선,세마,1581,1500,3081
202201,경부선,송탄,3008,3449,6457
202201,경부선,수원,30123,28988,59111
202201,경부선,신길,4342,3841,8183
202201,경부선,신도림,2374,2250,4624
202201,경부선,안양,12500,12151,24651
202201,경부선,영등포,30749,29864,60613
202201,경부선,오산,7212,7804,15016
202201,경부선,오산대,1841,1798,3639
202201,경부선,용산,28217,25590,53807
202201,경부선,의왕,3852,4082,7934
202201,경부선,직산,434,526,960
202201,경부선,진위,729,709,1438
202201,경부선,천안,4851,4740,9591
202201,경부선,평택,9426,9673,19099
202201,경부선,평택지제,2049,2047,4096
202201,경부선,화서,3902,3815,7717
202201,경원선,가능,3625,3448,7073
202201,경원선,광운대,3808,4003,7811
202201,경원선,녹양,2392,2294,4686
202201,경원선,녹천,2470,2146,4616
202201,경원선,덕계,1595,1560,3155
202201,경원선,덕정,2918,3065,5983
202201,경원선,도봉,3366,3200,6566
202201,경원선,도봉산,7629,5325,12954
202201,경원선,동두천,1064,1357,2421
202201,경원선,동두천중앙,1880,1835,3715
202201,경원선,망월사,4413,4583,8996
202201,경원선,방학,5455,5214,10669
202201,경원선,보산,890,858,1748
202201,경원선,서빙고,1282,1352,2634
202201,경원선,석계,4633,5170,9803
202201,경원선,소요산,2871,2500,5371
202201,경원선,신이문,4414,4121,8535
202201,경원선,양주,4429,4466,8895
202201,경원선,옥수,37,14,51
202201,경원선,왕십리,8978,9810,18788
202201,경원선,외대앞,4499,4409,8908
202201,경원선,월계,3532,3252,6784
202201,경원선,응봉,924,868,1792
202201,경원선,의정부,12718,12772,25490
202201,경원선,이촌,2018,1636,3654
202201,경원선,지행,3735,3640,7375
202201,경원선,창동,3,0,3
202201,경원선,청량리,13033,11860,24893
202201,경원선,한남,1831,1867,3698
202201,경원선,회룡,6988,6925,13913
202201,경의선,가좌,2622,2605,5227
202201,경의선,강매,1433,1387,2820
202201,경의선,곡산,278,235,513
202201,경의선,공덕,1680,1293,2973
202201,경의선,금릉,2634,2656,5290
202201,경의선,금촌,3652,3803,7455
202201,경의선,김포공항,1,0,1
202201,경의선,능곡,2014,2002,4016
202201,경의선,디지털미디어시티,1278,1163,2441
202201,경의선,문산,3173,3282,6455
202201,경의선,백마,3279,3174,6453
202201,경의선,서강대,1117,1045,2162
202201,경의선,서울역,851,898,1749
202201,경의선,수색,881,913,1794
202201,경의선,신촌,229,262,491
202201,경의선,야당,4560,4447,9007
202201,경의선,운정,3470,3463,6933
202201,경의선,월롱,839,1926,2765
202201,경의선,일산,5729,5712,11441
202201,경의선,임진강,52,60,112
202201,경의선,탄현,3919,3656,7575
202201,경의선,파주,542,432,974
202201,경의선,풍산,3404,3306,6710
202201,경의선,행신,4228,3836,8064
202201,경의선,홍대입구,1565,1794,3359
202201,경의선,화전,732,683,1415
202201,경의선,효창공원앞,1263,1415,2678
202201,경인선,간석,2913,2843,5756
202201,경인선,개봉,10996,10950,21946
202201,경인선,구일,4279,4424,8703
202201,경인선,도원,1590,1638,3228
202201,경인선,도화,2255,2229,4484
202201,경인선,동암,8803,8709,17512
202201,경인선,동인천,8836,8448,17284
202201,경인선,백운,3626,3688,7314
202201,경인선,부개,4454,4142,8596
202201,경인선,부천,20005,19736,39741
202201,경인선,부평,20981,21565,42546
202201,경인선,소사,5025,4697,9722
202201,경인선,송내,12091,11884,23975
202201,경인선,역곡,13593,13496,27089
202201,경인선,오류동,6701,6251,12952
202201,경인선,온수,3318,3216,6534
202201,경인선,인천,3277,2646,5923
202201,경인선,제물포,5136,4966,10102
202201,경인선,주안,11029,9542,20571
202201,경인선,중동,4751,4456,9207
202201,경춘선,가평,1351,1163,2514
202201,경춘선,갈매,1409,1201,2610
202201,경춘선,강촌,497,373,870
202201,경춘선,굴봉산,174,187,361
202201,경춘선,금곡,818,796,1614
202201,경춘선,김유정,345,347,692
202201,경춘선,남춘천,1934,1923,3857
202201,경춘선,대성리,432,346,778
202201,경춘선,마석,2604,2614,5218
202201,경춘선,백양리,301,262,563
202201,경춘선,별내,1779,1691,3470
202201,경춘선,사릉,1543,1526,3069
202201,경춘선,상천,251,224,475
202201,경춘선,신내,863,896,1759
202201,경춘선,천마산,986,989,1975
202201,경춘선,청평,1277,1058,2335
202201,경춘선,춘천,1280,1092,2372
202201,경춘선,퇴계원,1872,1776,3648
202201,경춘선,평내호평,3232,3036,6268
202201,공항철도 1호선,검암,3110,3164,6274
202201,공항철도 1호선,계양,4759,4717,9476
202201,공항철도 1호선,공덕,1024,1536,2560
202201,공항철도 1호선,공항화물청사,893,989,1882
202201,공항철도 1호선,김포공항,11057,5690,16747
202201,공항철도 1호선,디지털미디어시티,3538,3558,7096
202201,공항철도 1호선,마곡나루,2156,2436,4592
202201,공항철도 1호선,서울역,6657,5921,12578
202201,공항철도 1호선,영종,2251,2047,4298
202201,공항철도 1호선,운서,4630,4811,9441
202201,공항철도 1호선,인천공항1터미널,2859,2980,5839
202201,공항철도 1호선,인천공항2터미널,1575,1649,3224
202201,공항철도 1호선,청라국제도시,2974,2922,5896
202201,공항철도 1호선,홍대입구,9840,9195,19035
202201,과천선,경마공원,8554,8617,17171
202201,과천선,과천,3313,3275,6588
202201,과천선,대공원,3754,3809,7563
202201,과천선,범계,14045,12889,26934
202201,과천선,선바위,3520,3250,6770
202201,과천선,인덕원,11126,11300,22426
202201,과천선,정부과천청사,4113,4174,8287
202201,과천선,평촌,5868,5700,11568
202201,분당선,가천대,3605,4204,7809
202201,분당선,강남구청,3445,4068,7513
202201,분당선,개포동,1817,1800,3617
202201,분당선,구룡,707,770,1477
202201,분당선,구성,2224,2399,4623
202201,분당선,기흥,4708,4553,9261
202201,분당선,대모산입구,2138,1976,4114
202201,분당선,도곡,2451,2404,4855
202201,분당선,망포,6126,6451,12577
202201,분당선,매교,1403,1506,2909
202201,분당선,매탄권선,2350,2370,4720
202201,분당선,모란,10658,11076,21734
202201,분당선,미금,6936,7440,14376
202201,분당선,보정,1022,1083,2105
202201,분당선,복정,1,0,1
202201,분당선,상갈,2586,2724,5310
202201,분당선,서울숲,5480,5640,11120
202201,분당선,서현,14459,14366,28825
202201,분당선,선릉,2755,4159,6914
202201,분당선,선정릉,1916,1988,3904
202201,분당선,수내,5913,5690,11603
202201,분당선,수서,7955,7945,15900
202201,분당선,수원,5553,4508,10061
202201,분당선,수원시청,7529,7564,15093
202201,분당선,신갈,1858,1491,3349
202201,분당선,압구정로데오,11133,11625,22758
202201,분당선,야탑,12382,12591,24973
202201,분당선,영통,4594,4564,9158
202201,분당선,오리,5250,4625,9875
202201,분당선,이매,3101,3252,6353
202201,분당선,정자,7473,7663,15136
202201,분당선,죽전,7179,7958,15137
202201,분당선,청명,1877,1929,3806
202201,분당선,태평,7707,7424,15131
202201,분당선,한티,8357,7981,16338
202201,수인선,고색,1626,1697,3323
202201,수인선,남동인더스파크,554,556,1110
202201,수인선,달월,41,38,79
202201,수인선,사리,2409,2092,4501
202201,수인선,소래포구,3981,3909,7890
202201,수인선,송도,1550,1485,3035
202201,수인선,숭의,1767,1697,3464
202201,수인선,신포,1112,1080,2192
202201,수인선,야목,199,158,357
202201,수인선,어천,408,557,965
202201,수인선,연수,3051,3061,6112
202201,수인선,오목천,1368,1361,2729
202201,수인선,원인재,2802,2897,5699
202201,수인선,월곶,1539,1434,2973
202201,수인선,인천,1051,1534,2585
202201,수인선,인천논현,2736,2842,5578
202201,수인선,인하대,3220,2999,6219
202201,수인선,호구포,1794,1834,3628
202201,안산선,고잔,4076,3917,7993
202201,안산선,대야미,2637,2441,5078
202201,안산선,반월,2341,2310,4651
202201,안산선,산본,8186,8755,16941
202201,안산선,상록수,8363,8235,16598
202201,안산선,수리산,1912,1957,3869
202201,안산선,신길온천,1028,975,2003
202201,안산선,안산,8156,7754,15910
202201,안산선,오이도,5032,5028,10060
202201,안산선,정왕,4775,5135,9910
202201,안산선,중앙,11291,11076,22367
202201,안산선,초지,2271,2224,4495
202201,안산선,한대앞,4738,4858,9596
202201,우이신설선,4.19민주묘지,1876,1576,3452
202201,우이신설선,가오리,2186,2098,4284
202201,우이신설선,보문,955,954,1909
202201,우이신설선,북한산보국문,3622,3269,6891
202201,우이신설선,북한산우이,2510,2541,5051
202201,우이신설선,삼양,1122,1181,2303
202201,우이신설선,삼양사거리,1435,1416,2851
202201,우이신설선,성신여대입구,2199,2414,4613
202201,우이신설선,솔밭공원,1347,1290,2637
202201,우이신설선,솔샘,2725,2632,5357
202201,우이신설선,신설동,1161,1123,2284
202201,우이신설선,정릉,2634,2191,4825
202201,우이신설선,화계,2062,1924,3986
202201,일산선,대곡,945,772,1717
202201,일산선,대화,5678,5338,11016
202201,일산선,마두,3103,3234,6337
202201,일산선,백석,5167,5097,10264
202201,일산선,삼송,10861,10648,21509
202201,일산선,원당,5568,5491,11059
202201,일산선,원흥,4966,4735,9701
202201,일산선,정발산,5077,4836,9913
202201,일산선,주엽,4195,4120,8315
202201,일산선,화정,8816,9147,17963
202201,장항선,배방,661,777,1438
202201,장항선,봉명,471,511,982
202201,장항선,신창,689,733,1422
202201,장항선,쌍용,1064,1035,2099
202201,장항선,아산,2525,1848,4373
202201,장항선,온양온천,2806,2864,5670
202201,장항선,탕정,300,282,582
202201,중앙선,구리,7067,7348,14415
202201,중앙선,국수,519,523,1042
202201,중앙선,덕소,3119,3176,6295
202201,중앙선,도농,4750,4764,9514
202201,중앙선,도심,1132,1001,2133
202201,중앙선,망우,4368,4318,8686
202201,중앙선,상봉,3430,3582,7012
202201,중앙선,신원,207,121,328
202201,중앙선,아신,402,368,770
202201,중앙선,양수,1402,1300,2702
202201,중앙선,양원,956,994,1950
202201,중앙선,양정,355,286,641
202201,중앙선,양평,2903,2779,5682
202201,중앙선,오빈,193,174,367
202201,중앙선,용문,1365,1228,2593
202201,중앙선,운길산,743,743,1486
202201,중앙선,원덕,284,212,496
202201,중앙선,중랑,3123,3027,6150
202201,중앙선,지평,49,39,88
202201,중앙선,팔당,987,1051,2038
202201,중앙선,회기,14626,14517,29143
202201,1호선,동대문,8649,8281,16930
202201,1호선,동묘앞,9309,9512,18821
202201,1호선,서울역,19588,24323,43911
202201,1호선,시청,7205,7244,14449
202201,1호선,신설동,8060,7327,15387
202201,1호선,제기동,15376,16120,31496
202201,1호선,종각,13440,12581,26021
202201,1호선,종로3가,17062,15986,33048
202201,1호선,종로5가,14878,14124,29002
202201,1호선,청량리,16977,17105,34082
202201,2호선,강남,46702,45958,92660
202201,2호선,강변,19081,26896,45977
202201,2호선,건대입구,26634,27417,54051
202201,2호선,교대,13106,14424,27530
202201,2호선,구로디지털단지,27413,25446,52859
202201,2호선,구의,13451,12550,26001
202201,2호선,낙성대,16638,14034,30672
202201,2호선,당산,9027,9636,18663
202201,2호선,대림,15127,16037,31164
202201,2호선,도림천,684,708,1392
202201,2호선,동대문역사문화공원,7380,8209,15589
202201,2호선,뚝섬,10176,10270,20446
202201,2호선,문래,8463,8664,17127
202201,2호선,방배,7168,7684,14852
202201,2호선,봉천,14330,12551,26881
202201,2호선,사당,21888,23978,45866
202201,2호선,삼성,19407,19342,38749
202201,2호선,상왕십리,7862,7206,15068
202201,2호선,서울대입구,30054,26418,56472
202201,2호선,서초,7232,6382,13614
202201,2호선,선릉,16621,14513,31134
202201,2호선,성수,15279,16135,31414
202201,2호선,시청,5799,4963,10762
202201,2호선,신답,840,845,1685
202201,2호선,신당,9226,9255,18481
202201,2호선,신대방,16405,14670,31075
202201,2호선,신도림,28405,28328,56733
202201,2호선,신림,41764,36642,78406
202201,2호선,신설동,2994,2956,5950
202201,2호선,신정네거리,6023,5988,12011
202201,2호선,신촌,22910,22150,45060
202201,2호선,아현,5938,5564,11502
202201,2호선,양천구청,3689,3672,7361
202201,2호선,역삼,13948,14802,28750
202201,2호선,영등포구청,9413,9308,18721
202201,2호선,왕십리,10111,8229,18340
202201,2호선,용답,1888,1710,3598
202201,2호선,용두,1614,1645,3259
202201,2호선,을지로3가,7260,7155,14415
202201,2호선,을지로4가,5322,5373,10695
202201,2호선,을지로입구,15693,15581,31274
202201,2호선,이대,7598,7256,14854
202201,2호선,잠실,46446,44730,91176
202201,2호선,잠실나루,6029,5886,11915
202201,2호선,잠실새내,13809,14249,28058
202201,2호선,종합운동장,3865,4074,7939
202201,2호선,충정로,4139,4172,8311
202201,2호선,한양대,2304,2281,4585
202201,2호선,합정,20557,21749,42306
202201,2호선,홍대입구,47166,47569,94735
202201,3호선,가락시장,5398,5256,10654
202201,3호선,경복궁,11309,11290,22599
202201,3호선,경찰병원,3295,2970,6265
202201,3호선,고속터미널,35794,56093,91887
202201,3호선,교대,4990,2924,7914
202201,3호선,구파발,12453,12285,24738
202201,3호선,금호,4943,4429,9372
202201,3호선,남부터미널,15713,19877,35590
202201,3호선,녹번,8635,7400,16035
202201,3호선,대청,4907,4473,9380
202201,3호선,대치,8329,7482,15811
202201,3호선,도곡,2467,2447,4914
202201,3호선,독립문,4501,4655,9156
202201,3호선,동대입구,5361,5733,11094
202201,3호선,매봉,4755,4466,9221
202201,3호선,무악재,2202,2187,4389
202201,3호선,불광,11100,12101,23201
202201,3호선,수서,8542,9570,18112
202201,3호선,신사,19733,20281,40014
202201,3호선,안국,10345,11421,21766
202201,3호선,압구정,21122,22140,43262
202201,3호선,약수,7452,6776,14228
202201,3호선,양재,15150,15569,30719
202201,3호선,연신내,25391,23455,48846
202201,3호선,오금,2959,2657,5616
202201,3호선,옥수,5440,5597,11037
202201,3호선,을지로3가,3583,3596,7179
202201,3호선,일원,3823,3726,7549
202201,3호선,잠원,2476,2428,4904
202201,3호선,종로3가,4459,5985,10444
202201,3호선,지축,2371,2322,4693
202201,3호선,충무로,1,0,1
202201,3호선,학여울,855,830,1685
202201,3호선,홍제,11148,10185,21333
202201,4호선,길음,11789,10968,22757
202201,4호선,남태령,679,502,1181
202201,4호선,노원,13481,14518,27999
202201,4호선,당고개,8266,7936,16202
202201,4호선,동대문,8823,9136,17959
202201,4호선,동대문역사문화공원,8542,7657,16199
202201,4호선,동작,836,996,1832
202201,4호선,명동,9672,10830,20502
202201,4호선,미아,9199,8635,17834
202201,4호선,미아사거리,18454,17712,36166
202201,4호선,사당,15676,13304,28980
202201,4호선,삼각지,2730,3193,5923
202201,4호선,상계,11585,11047,22632
202201,4호선,서울역,4074,9099,13173
202201,4호선,성신여대입구,13786,12499,26285
202201,4호선,수유,22488,21667,44155
202201,4호선,숙대입구,6674,6202,12876
202201,4호선,신용산,7573,8795,16368
202201,4호선,쌍문,17907,15924,33831
202201,4호선,이촌,5170,5598,10768
202201,4호선,창동,17780,18853,36633
202201,4호선,총신대입구,12304,12990,25294
202201,4호선,충무로,8657,8878,17535
202201,4호선,한성대입구,8018,7358,15376
202201,4호선,혜화,22139,21845,43984
202201,4호선,회현,12914,13981,26895
202201,5호선,강동,9719,8979,18698
202201,5호선,강일,2286,2193,4479
202201,5호선,개롱,3430,3661,7091
202201,5호선,개화산,3123,3043,6166
202201,5호선,거여,4862,4636,9498
202201,5호선,고덕,5180,5015,10195
202201,5호선,공덕,5290,5367,10657
202201,5호선,광나루,7683,7377,15060
202201,5호선,광화문,10700,10856,21556
202201,5호선,군자,6698,6961,13659
202201,5호선,굽은다리,5910,5507,11417
202201,5호선,길동,5225,5392,10617
202201,5호선,김포공항,6407,7577,13984
202201,5호선,까치산,17926,16561,34487
202201,5호선,답십리,8276,7451,15727
202201,5호선,동대문역사문화공원,780,1023,1803
202201,5호선,둔촌동,4982,4909,9891
202201,5호선,마곡,4469,4455,8924
202201,5호선,마장,4039,3898,7937
202201,5호선,마천,4065,4303,8368
202201,5호선,마포,5656,5676,11332
202201,5호선,명일,5115,5152,10267
202201,5호선,목동,9018,9063,18081
202201,5호선,미사,9811,9351,19162
202201,5호선,발산,9932,10233,20165
202201,5호선,방이,4149,4188,8337
202201,5호선,방화,3821,3668,7489
202201,5호선,상일동,7650,7117,14767
202201,5호선,서대문,5326,4891,10217
202201,5호선,송정,4232,4056,8288
202201,5호선,신금호,3447,3472,6919
202201,5호선,신길,1968,1861,3829
202201,5호선,신정,7348,6282,13630
202201,5호선,아차산,9845,9164,19009
202201,5호선,애오개,2943,2705,5648
202201,5호선,양평,3001,2607,5608
202201,5호선,여의나루,4129,5227,9356
202201,5호선,여의도,8238,8467,16705
202201,5호선,영등포구청,1624,1518,3142
202201,5호선,영등포시장,5998,5870,11868
202201,5호선,오금,1631,1623,3254
202201,5호선,오목교,12902,13288,26190
202201,5호선,올림픽공원,2315,2115,4430
202201,5호선,왕십리,2838,3258,6096
202201,5호선,우장산,8409,8325,16734
202201,5호선,을지로4가,2374,2672,5046
202201,5호선,장한평,9010,8624,17634
202201,5호선,종로3가,9268,9004,18272
202201,5호선,천호,13966,12949,26915
202201,5호선,청구,2100,1960,4060
202201,5호선,충정로,1419,1275,2694
202201,5호선,하남검단산,4483,4502,8985
202201,5호선,하남시청,4946,4884,9830
202201,5호선,하남풍산,2306,2469,4775
202201,5호선,행당,4381,3808,8189
202201,5호선,화곡,16770,15023,31793
202201,6호선,고려대,4283,3778,8061
202201,6호선,공덕,8080,7329,15409
202201,6호선,광흥창,4153,3895,8048
202201,6호선,구산,4330,3330,7660
202201,6호선,녹사평,3518,3799,7317
202201,6호선,대흥,4340,4189,8529
202201,6호선,독바위,1629,1896,3525
202201,6호선,돌곶이,4923,4415,9338
202201,6호선,동묘앞,5847,5522,11369
202201,6호선,디지털미디어시티,5589,5713,11302
202201,6호선,마포구청,7536,6481,14017
202201,6호선,망원,11278,12032,23310
202201,6호선,버티고개,1159,1204,2363
202201,6호선,보문,4061,3395,7456
202201,6호선,봉화산,4354,4284,8638
202201,6호선,불광,3175,2814,5989
202201,6호선,삼각지,3434,2831,6265
202201,6호선,상수,6459,6881,13340
202201,6호선,상월곡,3390,2939,6329
202201,6호선,새절,7223,6829,14052
202201,6호선,석계,7137,7152,14289
202201,6호선,신당,4895,4281,9176
202201,6호선,안암,4901,4087,8988
202201,6호선,약수,2043,2087,4130
202201,6호선,역촌,2229,2519,4748
202201,6호선,연신내,1,0,1
202201,6호선,월곡,6302,5843,12145
202201,6호선,월드컵경기장,3120,3107,6227
202201,6호선,응암,10658,10314,20972
202201,6호선,이태원,9278,9679,18957
202201,6호선,증산,6075,5940,12015
202201,6호선,창신,1720,1532,3252
202201,6호선,청구,1883,1890,3773
202201,6호선,태릉입구,3222,3373,6595
202201,6호선,한강진,7576,8604,16180
202201,6호선,합정,9653,8668,18321
202201,6호선,화랑대,5404,4540,9944
202201,6호선,효창공원앞,3707,3216,6923
202201,7호선,가산디지털단지,11297,9560,20857
202201,7호선,강남구청,7137,7524,14661
202201,7호선,건대입구,8594,8145,16739
202201,7호선,고속터미널,9028,10889,19917
202201,7호선,공릉,7252,6856,14108
202201,7호선,광명사거리,15173,15044,30217
202201,7호선,군자,9020,6558,15578
202201,7호선,남구로,7321,7238,14559
202201,7호선,남성,6268,5496,11764
202201,7호선,내방,6414,6239,12653
202201,7호선,노원,13583,13534,27117
202201,7호선,논현,8698,9547,18245
202201,7호선,대림,7407,7591,14998
202201,7호선,도봉산,4972,6970,11942
202201,7호선,뚝섬유원지,4885,4618,9503
202201,7호선,마들,7935,7510,15445
202201,7호선,먹골,6536,6221,12757
202201,7호선,면목,9770,9359,19129
202201,7호선,반포,3645,3528,7173
202201,7호선,보라매,4883,4433,9316
202201,7호선,부평구청,1,0,1
202201,7호선,사가정,10326,9804,20130
202201,7호선,상도,6205,5232,11437
202201,7호선,상봉,11197,10580,21777
202201,7호선,수락산,8334,8028,16362
202201,7호선,숭실대입구,6457,6019,12476
202201,7호선,신대방삼거리,9615,8440,18055
202201,7호선,신풍,6653,6141,12794
202201,7호선,어린이대공원,6961,6198,13159
202201,7호선,온수,4549,4396,8945
202201,7호선,용마산,3473,3555,7028
202201,7호선,이수,9862,8789,18651
202201,7호선,장승배기,5720,5142,10862
202201,7호선,장암,1076,811,1887
202201,7호선,중계,7561,6672,14233
202201,7호선,중곡,5835,5388,11223
202201,7호선,중화,6131,5905,12036
202201,7호선,천왕,5839,5584,11423
202201,7호선,철산,12224,12305,24529
202201,7호선,청담,7927,8404,16331
202201,7호선,춘의,1,0,1
202201,7호선,태릉입구,5383,4685,10068
202201,7호선,하계,9818,9108,18926
202201,7호선,학동,6980,7045,14025
202201,8호선,가락시장,5084,5705,10789
202201,8호선,강동구청,5153,5137,10290
202201,8호선,남위례,2222,2236,4458
202201,8호선,남한산성입구,7826,6925,14751
202201,8호선,단대오거리,6551,6120,12671
202201,8호선,모란,4927,4000,8927
202201,8호선,몽촌토성,3485,3329,6814
202201,8호선,문정,5578,5290,10868
202201,8호선,복정,4782,4108,8890
202201,8호선,산성,3376,3377,6753
202201,8호선,석촌,4953,5749,10702
202201,8호선,송파,4191,4137,8328
202201,8호선,수진,3790,3323,7113
202201,8호선,신흥,3142,3294,6436
202201,8호선,암사,10636,9834,20470
202201,8호선,잠실,10491,11558,22049
202201,8호선,장지,9408,9080,18488
202201,8호선,천호,10117,11536,21653
202201,9호선,가양,11456,10270,21726
202201,9호선,개화,1062,903,1965
202201,9호선,고속터미널,8773,19640,28413
202201,9호선,공항시장,1975,2052,4027
202201,9호선,구반포,663,694,1357
202201,9호선,국회의사당,2706,2686,5392
202201,9호선,김포공항,6626,13318,19944
202201,9호선,노들,2679,2215,4894
202201,9호선,노량진,17626,16109,33735
202201,9호선,당산,9964,8546,18510
202201,9호선,동작,1255,918,2173
202201,9호선,등촌,6528,5994,12522
202201,9호선,마곡나루,5678,5155,10833
202201,9호선,사평,1932,1829,3761
202201,9호선,샛강,1787,1869,3656
202201,9호선,선유도,3054,2626,5680
202201,9호선,신논현,19991,19432,39423
202201,9호선,신목동,1770,1504,3274
202201,9호선,신반포,1624,1545,3169
202201,9호선,신방화,4013,3749,7762
202201,9호선,양천향교,4697,4206,8903
202201,9호선,여의도,8746,7809,16555
202201,9호선,염창,9484,8300,17784
202201,9호선,증미,3662,3418,7080
202201,9호선,흑석,4300,4219,8519
202201,9호선2~3단계,둔촌오륜,477,461,938
202201,9호선2~3단계,봉은사,7093,7178,14271
202201,9호선2~3단계,삼성중앙,2348,2275,4623
202201,9호선2~3단계,삼전,4314,3753,8067
202201,9호선2~3단계,석촌,5211,4265,9476
202201,9호선2~3단계,석촌고분,3607,3210,6817
202201,9호선2~3단계,선정릉,3381,3468,6849
202201,9호선2~3단계,송파나루,3460,3455,6915
202201,9호선2~3단계,언주,4010,3707,7717
202201,9호선2~3단계,올림픽공원,4638,4335,8973
202201,9호선2~3단계,종합운동장,2378,2203,4581
202201,9호선2~3단계,중앙보훈병원,3365,3136,6501
202201,9호선2~3단계,한성백제,1462,1096,2558
202201,경강선,경기광주,4397,4301,8698
202201,경강선,곤지암,1664,1619,3283
202201,경강선,부발,1515,1465,2980
202201,경강선,삼동,1229,1187,2416
202201,경강선,세종대왕릉,189,239,428
202201,경강선,신둔도예촌,869,922,1791
202201,경강선,여주,1561,2048,3609
202201,경강선,이매,742,482,1224
202201,경강선,이천,2198,2371,4569
202201,경강선,초월,1789,1745,3534
202201,경강선,판교,2664,2415,5079
202201,경부선,가산디지털단지,4718,5897,10615
202201,경부선,관악,4458,4282,8740
202201,경부선,광명,1651,1830,3481
202201,경부선,구로,9466,9647,19113
202201,경부선,군포,3318,3053,6371
202201,경부선,금정,14702,14880,29582
202201,경부선,금천구청,6479,6598,13077
202201,경부선,남영,4445,4309,8754
202201,경부선,노량진,6845,6221,13066
202201,경부선,당정,3052,2972,6024
202201,경부선,대방,6043,5761,11804
202201,경부선,독산,7502,7085,14587
202201,경부선,두정,3943,4023,7966
202201,경부선,명학,3568,3452,7020
202201,경부선,병점,9279,9123,18402
202201,경부선,서동탄,652,710,1362
202201,경부선,서울역,2853,1536,4389
202201,경부선,서정리,4574,4091,8665
202201,경부선,석수,5063,4818,9881
202201,경부선,성균관대,7900,7524,15424
202201,경부선,성환,2272,2161,4433
202201,경부선,세류,1853,2181,4034
202201,경부선,세마,1638,1473,3111
202201,경부선,송탄,3474,3081,6555
202201,경부선,수원,29083,31398,60481
202201,경부선,신길,4664,3627,8291
202201,경부선,신도림,2314,2052,4366
202201,경부선,안양,14075,13921,27996
202201,경부선,영등포,30823,31032,61855
202201,경부선,오산,7642,7463,15105
202201,경부선,오산대,2049,1898,3947
202201,경부선,용산,23283,28054,51337
202201,경부선,의왕,4612,4584,9196
202201,경부선,직산,543,505,1048
202201,경부선,진위,775,677,1452
202201,경부선,천안,4710,5864,10574
202201,경부선,평택,10354,10523,20877
202201,경부선,평택지제,1808,1935,3743
202201,경부선,화서,3978,4085,8063
202201,경원선,가능,4171,4106,8277
202201,경원선,광운대,4388,4219,8607
202201,경원선,녹양,2848,2839,5687
202201,경원선,녹천,2715,2237,4952
202201,경원선,덕계,1845,1618,3463
202201,경원선,덕정,3572,3349,6921
202201,경원선,도봉,3860,3699,7559
202201,경원선,도봉산,6656,4488,11144
202201,경원선,동두천,1314,1595,2909
202201,경원선,동두천중앙,2127,2192,4319
202201,경원선,망월사,4728,4871,9599
202201,경원선,방학,6292,5956,12248
202201,경원선,보산,980,977,1957
202201,경원선,서빙고,1139,1190,2329
202201,경원선,석계,5552,5691,11243
202201,경원선,소요산,2278,2128,4406
202201,경원선,신이문,5215,4792,10007
202201,경원선,양주,4916,4873,9789
202201,경원선,옥수,26,28,54
202201,경원선,왕십리,9518,10254,19772
202201,경원선,외대앞,4751,4317,9068
202201,경원선,월계,4007,3675,7682
202201,경원선,응봉,1102,947,2049
202201,경원선,의정부,15236,15835,31071
202201,경원선,이촌,2293,1769,4062
202201,경원선,지행,4337,4428,8765
202201,경원선,청량리,11841,12938,24779
202201,경원선,한남,2218,2101,4319
202201,경원선,회룡,7890,7996,15886
202201,경의선,가좌,3042,2887,5929
202201,경의선,강매,1626,1553,3179
202201,경의선,곡산,316,302,618
202201,경의선,공덕,1888,1394,3282
202201,경의선,금릉,3043,3018,6061
202201,경의선,금촌,4738,4627,9365
202201,경의선,능곡,2190,2082,4272
202201,경의선,디지털미디어시티,1410,1268,2678
202201,경의선,문산,3969,4035,8004
202201,경의선,백마,3395,3264,6659
202201,경의선,서강대,1319,1164,2483
202201,경의선,서울역,820,991,1811
202201,경의선,수색,925,943,1868
202201,경의선,신촌,277,269,546
202201,경의선,야당,4907,4776,9683
202201,경의선,운정,3862,3747,7609
202201,경의선,월롱,1208,967,2175
202201,경의선,일산,4960,4851,9811
202201,경의선,임진강,54,56,110
202201,경의선,탄현,4158,4188,8346
202201,경의선,파주,654,488,1142
202201,경의선,풍산,3542,3418,6960
202201,경의선,행신,3967,4047,8014
202201,경의선,홍대입구,1429,1673,3102
202201,경의선,화전,683,625,1308
202201,경의선,효창공원앞,1364,1432,2796
202201,경인선,간석,3502,3368,6870
202201,경인선,개봉,12979,12690,25669
202201,경인선,구일,3319,3113,6432
202201,경인선,도원,1443,1545,2988
202201,경인선,도화,2533,2379,4912
202201,경인선,동암,9897,10473,20370
202201,경인선,동인천,9425,9515,18940
202201,경인선,백운,4226,4276,8502
202201,경인선,부개,5073,4924,9997
202201,경인선,부천,24115,24476,48591
202201,경인선,부평,23767,26209,49976
202201,경인선,소사,5110,5061,10171
202201,경인선,송내,13662,13793,27455
202201,경인선,역곡,16090,16015,32105
202201,경인선,오류동,7220,6401,13621
202201,경인선,온수,3761,3537,7298
202201,경인선,인천,2766,2429,5195
202201,경인선,제물포,5858,5537,11395
202201,경인선,주안,12287,10823,23110
202201,경인선,중동,5323,5174,10497
202201,경춘선,가평,1204,1523,2727
202201,경춘선,갈매,1530,1290,2820
202201,경춘선,강촌,453,396,849
202201,경춘선,굴봉산,137,205,342
202201,경춘선,금곡,912,859,1771
202201,경춘선,김유정,226,301,527
202201,경춘선,남춘천,1904,2318,4222
202201,경춘선,대성리,352,403,755
202201,경춘선,마석,2378,2398,4776
202201,경춘선,백양리,329,270,599
202201,경춘선,별내,1903,1755,3658
202201,경춘선,사릉,1780,1731,3511
202201,경춘선,상천,191,174,365
202201,경춘선,신내,877,770,1647
202201,경춘선,천마산,1096,1124,2220
202201,경춘선,청평,1148,1361,2509
202201,경춘선,춘천,1016,1201,2217
202201,경춘선,퇴계원,2098,1937,4035
202201,경춘선,평내호평,3569,3483,7052
202201,공항철도 1호선,검암,3410,3400,6810
202201,공항철도 1호선,계양,5170,5008,10178
202201,공항철도 1호선,공덕,1173,1543,2716
202201,공항철도 1호선,공항화물청사,1176,1218,2394
202201,공항철도 1호선,김포공항,10886,6290,17176
202201,공항철도 1호선,디지털미디어시티,3834,3231,7065
202201,공항철도 1호선,마곡나루,2126,2149,4275
202201,공항철도 1호선,서울역,4540,5493,10033
202201,공항철도 1호선,영종,2166,2142,4308
202201,공항철도 1호선,운서,4919,4591,9510
202201,공항철도 1호선,인천공항1터미널,2779,3094,5873
202201,공항철도 1호선,인천공항2터미널,1591,1473,3064
202201,공항철도 1호선,청라국제도시,3010,3039,6049
202201,공항철도 1호선,홍대입구,9117,8551,17668
202201,과천선,경마공원,8193,8221,16414
202201,과천선,과천,3701,3359,7060
202201,과천선,대공원,2960,3228,6188
202201,과천선,범계,15980,15658,31638
202201,과천선,선바위,3916,3525,7441
202201,과천선,인덕원,12367,12409,24776
202201,과천선,정부과천청사,4655,4709,9364
202201,과천선,평촌,6846,6464,13310
202201,분당선,가천대,3654,3924,7578
202201,분당선,강남구청,3974,4613,8587
202201,분당선,개포동,1990,2008,3998
202201,분당선,구룡,871,851,1722
202201,분당선,구성,2725,2874,5599
202201,분당선,기흥,5324,5177,10501
202201,분당선,대모산입구,2538,2311,4849
202201,분당선,도곡,3571,3214,6785
202201,분당선,망포,7228,6597,13825
202201,분당선,매교,1582,1649,3231
202201,분당선,매탄권선,2658,2615,5273
202201,분당선,모란,19705,20113,39818
202201,분당선,미금,9309,9524,18833
202201,분당선,보정,1339,1301,2640
202201,분당선,상갈,3044,3160,6204
202201,분당선,서울숲,5322,5518,10840
202201,분당선,서현,16619,10052,26671
202201,분당선,선릉,3649,5354,9003
202201,분당선,선정릉,2377,2306,4683
202201,분당선,수내,7781,7191,14972
202201,분당선,수서,6539,7983,14522
202201,분당선,수원,6036,4957,10993
202201,분당선,수원시청,8191,8333,16524
202201,분당선,신갈,2169,2268,4437
202201,분당선,압구정로데오,14416,15832,30248
202201,분당선,야탑,14408,16053,30461
202201,분당선,영통,5376,5113,10489
202201,분당선,오리,6667,5595,12262
202201,분당선,이매,3295,3311,6606
202201,분당선,정자,8875,8816,17691
202201,분당선,죽전,8394,9168,17562
202201,분당선,청명,2006,2031,4037
202201,분당선,태평,9719,9268,18987
202201,분당선,한티,10510,10114,20624
202201,수인선,고색,2046,2082,4128
202201,수인선,남동인더스파크,916,839,1755
202201,수인선,달월,43,35,78
202201,수인선,사리,2667,2390,5057
202201,수인선,소래포구,3806,3795,7601
202201,수인선,송도,1479,1527,3006
202201,수인선,숭의,2048,1994,4042
202201,수인선,신포,1184,1231,2415
202201,수인선,야목,187,155,342
202201,수인선,어천,543,469,1012
202201,수인선,연수,3298,3305,6603
202201,수인선,오목천,1683,1405,3088
202201,수인선,원인재,3069,3226,6295
202201,수인선,월곶,1698,1646,3344
202201,수인선,인천,905,1427,2332
202201,수인선,인천논현,3475,3672,7147
202201,수인선,인하대,3368,3000,6368
202201,수인선,호구포,2048,1963,4011
202201,안산선,고잔,4433,4282,8715
202201,안산선,대야미,3033,2752,5785
202201,안산선,반월,2774,2575,5349
202201,안산선,산본,10017,10358,20375
202201,안산선,상록수,9553,9906,19459
202201,안산선,수리산,2353,2044,4397
202201,안산선,신길온천,1080,1058,2138
202201,안산선,안산,8458,9160,17618
202201,안산선,오이도,5294,5728,11022
202201,안산선,정왕,5526,5148,10674
202201,안산선,중앙,11892,12464,24356
202201,안산선,초지,2460,2514,4974
202201,안산선,한대앞,5611,5471,11082
202201,우이신설선,4.19민주묘지,1915,1598,3513
202201,우이신설선,가오리,2638,2480,5118
202201,우이신설선,보문,996,881,1877
202201,우이신설선,북한산보국문,3963,3511,7474
202201,우이신설선,북한산우이,2446,2406,4852
202201,우이신설선,삼양,1394,1460,2854
202201,우이신설선,삼양사거리,1750,1706,3456
202201,우이신설선,성신여대입구,2453,2766,5219
202201,우이신설선,솔밭공원,1541,1458,2999
202201,우이신설선,솔샘,3275,2931,6206
202201,우이신설선,신설동,1229,1181,2410
202201,우이신설선,정릉,3039,2448,5487
202201,우이신설선,화계,2240,2086,4326
202201,일산선,대곡,884,823,1707
202201,일산선,대화,6760,6212,12972
202201,일산선,마두,4070,4123,8193
202201,일산선,백석,6225,6380,12605
202201,일산선,삼송,11875,11468,23343
202201,일산선,원당,6764,6620,13384
202201,일산선,원흥,5970,5560,11530
202201,일산선,정발산,5359,5296,10655
202201,일산선,주엽,5289,5273,10562
202201,일산선,화정,10748,10953,21701
202201,장항선,배방,740,768,1508
202201,장항선,봉명,641,588,1229
202201,장항선,신창,737,830,1567
202201,장항선,쌍용,1178,1151,2329
202201,장항선,아산,1884,2096,3980
202201,장항선,온양온천,3869,4090,7959
202201,장항선,탕정,336,344,680
202201,중앙선,구리,7924,8332,16256
202201,중앙선,국수,419,476,895
202201,중앙선,덕소,3524,3631,7155
202201,중앙선,도농,5279,5167,10446
202201,중앙선,도심,1177,1035,2212
202201,중앙선,망우,5223,5174,10397
202201,중앙선,상봉,4120,3929,8049
202201,중앙선,신원,169,151,320
202201,중앙선,아신,345,417,762
202201,중앙선,양수,1288,1377,2665
202201,중앙선,양원,1076,1079,2155
202201,중앙선,양정,359,321,680
202201,중앙선,양평,1727,2214,3941
202201,중앙선,오빈,162,175,337
202201,중앙선,용문,1192,1609,2801
202201,중앙선,운길산,742,722,1464
202201,중앙선,원덕,261,259,520
202201,중앙선,중랑,3665,3439,7104
202201,중앙선,지평,30,37,67
202201,중앙선,팔당,860,919,1779
202201,중앙선,회기,14843,12997,27840
202201,1호선,동대문,8095,8313,16408
202201,1호선,동묘앞,9488,9649,19137
202201,1호선,서울역,15691,19367,35058
202201,1호선,시청,5500,5305,10805
202201,1호선,신설동,6398,5607,12005
202201,1호선,제기동,10067,10483,20550
202201,1호선,종각,9133,8329,17462
202201,1호선,종로3가,10842,9841,20683
202201,1호선,종로5가,8322,7719,16041
202201,1호선,청량리,12675,12947,25622
202201,2호선,강남,26059,25004,51063
202201,2호선,강변,14584,20807,35391
202201,2호선,건대입구,20565,20469,41034
202201,2호선,교대,7449,8143,15592
202201,2호선,구로디지털단지,18368,17111,35479
202201,2호선,구의,9212,8547,17759
202201,2호선,낙성대,11822,9890,21712
202201,2호선,당산,6121,6610,12731
202201,2호선,대림,12149,12872,25021
202201,2호선,도림천,363,381,744
202201,2호선,동대문역사문화공원,6098,6877,12975
202201,2호선,뚝섬,7111,7032,14143
202201,2호선,문래,5579,5819,11398
202201,2호선,방배,4906,5189,10095
202201,2호선,봉천,10023,8503,18526
202201,2호선,사당,14732,16128,30860
202201,2호선,삼성,14770,14392,29162
202201,2호선,상왕십리,5839,5328,11167
202201,2호선,서울대입구,20125,17726,37851
202201,2호선,서초,7938,7252,15190
202201,2호선,선릉,9118,7709,16827
202201,2호선,성수,10838,11602,22440
202201,2호선,시청,4417,3647,8064
202201,2호선,신답,606,583,1189
202201,2호선,신당,6633,6805,13438
202201,2호선,신대방,12362,11121,23483
202201,2호선,신도림,20382,20410,40792
202201,2호선,신림,30405,26212,56617
202201,2호선,신설동,2514,2605,5119
202201,2호선,신정네거리,4282,4145,8427
202201,2호선,신촌,15969,14852,30821
202201,2호선,아현,4259,4030,8289
202201,2호선,양천구청,2660,2673,5333
202201,2호선,역삼,8490,8971,17461
202201,2호선,영등포구청,5962,6009,11971
202201,2호선,왕십리,6977,5849,12826
202201,2호선,용답,1456,1376,2832
202201,2호선,용두,1238,1196,2434
202201,2호선,을지로3가,5969,5802,11771
202201,2호선,을지로4가,2566,2544,5110
202201,2호선,을지로입구,11924,11334,23258
202201,2호선,이대,4984,4709,9693
202201,2호선,잠실,36173,34622,70795
202201,2호선,잠실나루,3954,3817,7771
202201,2호선,잠실새내,8826,8965,17791
202201,2호선,종합운동장,4065,4387,8452
202201,2호선,충정로,2719,2773,5492
202201,2호선,한양대,1489,1360,2849
202201,2호선,합정,14690,15094,29784
202201,2호선,홍대입구,35149,34713,69862
202201,3호선,가락시장,3662,3360,7022
202201,3호선,경복궁,8624,8860,17484
202201,3호선,경찰병원,2204,2112,4316
202201,3호선,고속터미널,26728,42041,68769
202201,3호선,교대,2823,1622,4445
202201,3호선,구파발,9092,8868,17960
202201,3호선,금호,3557,3237,6794
202201,3호선,남부터미널,9973,13520,23493
202201,3호선,녹번,6083,5307,11390
202201,3호선,대청,3511,3209,6720
202201,3호선,대치,5352,4554,9906
202201,3호선,도곡,1538,1532,3070
202201,3호선,독립문,3442,3606,7048
202201,3호선,동대입구,3437,3613,7050
202201,3호선,매봉,3105,2926,6031
202201,3호선,무악재,1602,1625,3227
202201,3호선,불광,8116,8847,16963
202201,3호선,수서,6363,7379,13742
202201,3호선,신사,10893,10966,21859
202201,3호선,안국,7915,8658,16573
202201,3호선,압구정,12216,12534,24750
202201,3호선,약수,5502,4986,10488
202201,3호선,양재,9659,10219,19878
202201,3호선,연신내,18496,17208,35704
202201,3호선,오금,2147,2033,4180
202201,3호선,옥수,3803,3873,7676
202201,3호선,을지로3가,2393,2206,4599
202201,3호선,일원,2674,2695,5369
202201,3호선,잠원,1684,1736,3420
202201,3호선,종로3가,2858,3793,6651
202201,3호선,지축,1708,1691,3399
202201,3호선,학여울,679,653,1332
202201,3호선,홍제,7799,7303,15102
202201,4호선,길음,8179,7799,15978
202201,4호선,남태령,555,378,933
202201,4호선,노원,9804,10631,20435
202201,4호선,당고개,6228,6168,12396
202201,4호선,동대문,4642,4806,9448
202201,4호선,동대문역사문화공원,7113,6273,13386
202201,4호선,동작,739,786,1525
202201,4호선,명동,9003,9469,18472
202201,4호선,미아,6926,6423,13349
202201,4호선,미아사거리,13931,13050,26981
202201,4호선,사당,11370,9536,20906
202201,4호선,삼각지,1860,2313,4173
202201,4호선,상계,8696,8275,16971
202201,4호선,서울역,3166,7232,10398
202201,4호선,성신여대입구,9473,8499,17972
202201,4호선,수유,16882,15981,32863
202201,4호선,숙대입구,5142,4694,9836
202201,4호선,신용산,5543,6394,11937
202201,4호선,쌍문,13106,11871,24977
202201,4호선,이촌,4005,4249,8254
202201,4호선,창동,13914,14751,28665
202201,4호선,총신대입구,8983,9631,18614
202201,4호선,충무로,5764,5400,11164
202201,4호선,한성대입구,5989,5416,11405
202201,4호선,혜화,17607,17586,35193
202201,4호선,회현,7303,7777,15080
202201,5호선,강동,6686,6326,13012
202201,5호선,강일,1638,1621,3259
202201,5호선,개롱,2440,2597,5037
202201,5호선,개화산,2315,2337,4652
202201,5호선,거여,3522,3229,6751
202201,5호선,고덕,3464,3358,6822
202201,5호선,공덕,3612,3478,7090
202201,5호선,광나루,5486,5367,10853
202201,5호선,광화문,8764,8495,17259
202201,5호선,군자,4653,4625,9278
202201,5호선,굽은다리,4319,3940,8259
202201,5호선,길동,3637,3752,7389
202201,5호선,김포공항,5773,6612,12385
202201,5호선,까치산,13174,12176,25350
202201,5호선,답십리,5978,5368,11346
202201,5호선,동대문역사문화공원,607,740,1347
202201,5호선,둔촌동,3830,3685,7515
202201,5호선,마곡,2952,2859,5811
202201,5호선,마장,2801,2787,5588
202201,5호선,마천,3007,3213,6220
202201,5호선,마포,3878,3774,7652
202201,5호선,명일,3739,3808,7547
202201,5호선,목동,6097,6118,12215
202201,5호선,미사,7080,6865,13945
202201,5호선,발산,6786,6837,13623
202201,5호선,방이,3003,2919,5922
202201,5호선,방화,3043,2868,5911
202201,5호선,상일동,5469,5089,10558
202201,5호선,서대문,3880,3790,7670
202201,5호선,송정,3110,2998,6108
202201,5호선,신금호,2440,2498,4938
202201,5호선,신길,1291,1228,2519
202201,5호선,신정,5293,4595,9888
202201,5호선,아차산,7584,7346,14930
202201,5호선,애오개,2063,2035,4098
202201,5호선,양평,2045,1879,3924
202201,5호선,여의나루,4128,5013,9141
202201,5호선,여의도,6077,5945,12022
202201,5호선,영등포구청,1053,971,2024
202201,5호선,영등포시장,3968,3860,7828
202201,5호선,오금,1182,1137,2319
202201,5호선,오목교,9126,9369,18495
202201,5호선,올림픽공원,1631,1521,3152
202201,5호선,왕십리,1933,2324,4257
202201,5호선,우장산,5963,5990,11953
202201,5호선,을지로4가,1292,1404,2696
202201,5호선,장한평,6128,5870,11998
202201,5호선,종로3가,6473,6262,12735
202201,5호선,천호,10244,9690,19934
202201,5호선,청구,1490,1347,2837
202201,5호선,충정로,1055,1000,2055
202201,5호선,하남검단산,3668,3812,7480
202201,5호선,하남시청,3389,3248,6637
202201,5호선,하남풍산,1726,1850,3576
202201,5호선,행당,3262,2780,6042
202201,5호선,화곡,11712,10492,22204
202201,6호선,고려대,3189,2769,5958
202201,6호선,공덕,5531,5148,10679
202201,6호선,광흥창,3360,3178,6538
202201,6호선,구산,3217,2395,5612
202201,6호선,녹사평,2953,2859,5812
202201,6호선,대흥,2867,2785,5652
202201,6호선,독바위,1247,1593,2840
202201,6호선,돌곶이,4274,3870,8144
202201,6호선,동묘앞,4810,4308,9118
202201,6호선,디지털미디어시티,4135,4318,8453
202201,6호선,마포구청,5605,4682,10287
202201,6호선,망원,8612,8865,17477
202201,6호선,버티고개,839,905,1744
202201,6호선,보문,3155,2543,5698
202201,6호선,봉화산,3141,3269,6410
202201,6호선,불광,2431,2140,4571
202201,6호선,삼각지,2705,2029,4734
202201,6호선,상수,4599,5055,9654
202201,6호선,상월곡,2619,2304,4923
202201,6호선,새절,5321,5065,10386
202201,6호선,석계,5336,5407,10743
202201,6호선,신당,3211,2890,6101
202201,6호선,안암,3075,2636,5711
202201,6호선,약수,1314,1416,2730
202201,6호선,역촌,1742,1849,3591
202201,6호선,월곡,4579,4250,8829
202201,6호선,월드컵경기장,2556,2580,5136
202201,6호선,응암,7976,7559,15535
202201,6호선,이태원,7644,7660,15304
202201,6호선,증산,4587,4496,9083
202201,6호선,창신,1352,1229,2581
202201,6호선,청구,1421,1357,2778
202201,6호선,태릉입구,2434,2383,4817
202201,6호선,한강진,4604,5461,10065
202201,6호선,합정,7065,6248,13313
202201,6호선,화랑대,3894,3302,7196
202201,6호선,효창공원앞,2711,2332,5043
202201,7호선,가산디지털단지,8157,6825,14982
202201,7호선,강남구청,3750,3708,7458
202201,7호선,건대입구,6532,6092,12624
202201,7호선,고속터미널,6759,7722,14481
202201,7호선,공릉,5245,4937,10182
202201,7호선,광명사거리,11615,11730,23345
202201,7호선,군자,6155,4400,10555
202201,7호선,남구로,5721,5664,11385
202201,7호선,남성,4534,3989,8523
202201,7호선,내방,4287,4250,8537
202201,7호선,노원,9136,9175,18311
202201,7호선,논현,4915,5265,10180
202201,7호선,대림,7105,7040,14145
202201,7호선,도봉산,3748,5526,9274
202201,7호선,뚝섬유원지,3724,3417,7141
202201,7호선,마들,5032,4547,9579
202201,7호선,먹골,4662,4469,9131
202201,7호선,면목,7036,6711,13747
202201,7호선,반포,2247,2234,4481
202201,7호선,보라매,3501,3068,6569
202201,7호선,사가정,7250,7129,14379
202201,7호선,상도,4186,3685,7871
202201,7호선,상봉,7924,7275,15199
202201,7호선,수락산,6249,6186,12435
202201,7호선,숭실대입구,4600,4258,8858
202201,7호선,신대방삼거리,6744,6010,12754
202201,7호선,신중동,1,0,1
202201,7호선,신풍,4955,4585,9540
202201,7호선,어린이대공원,5387,4550,9937
202201,7호선,온수,3353,3265,6618
202201,7호선,용마산,2697,2831,5528
202201,7호선,이수,6584,5949,12533
202201,7호선,장승배기,4153,3801,7954
202201,7호선,장암,795,588,1383
202201,7호선,중계,5668,5228,10896
202201,7호선,중곡,4404,4016,8420
202201,7호선,중화,4607,4334,8941
202201,7호선,천왕,4220,4032,8252
202201,7호선,철산,8489,8498,16987
202201,7호선,청담,4368,4641,9009
202201,7호선,태릉입구,3798,3468,7266
202201,7호선,하계,7449,7024,14473
202201,7호선,학동,3694,3568,7262
202201,8호선,가락시장,3320,3538,6858
202201,8호선,강동구청,3744,3750,7494
202201,8호선,남위례,1514,1624,3138
202201,8호선,남한산성입구,5605,4994,10599
202201,8호선,단대오거리,4615,4357,8972
202201,8호선,모란,2273,1848,4121
202201,8호선,몽촌토성,2417,2245,4662
202201,8호선,문정,3601,3364,6965
202201,8호선,복정,3441,3114,6555
202201,8호선,산성,2460,2545,5005
202201,8호선,석촌,3235,3898,7133
202201,8호선,송파,2729,2899,5628
202201,8호선,수진,2490,2232,4722
202201,8호선,신흥,2102,2252,4354
202201,8호선,암사,7761,7202,14963
202201,8호선,잠실,7950,9081,17031
202201,8호선,장지,7142,6972,14114
202201,8호선,천호,7325,8256,15581
202201,9호선,가양,8315,7421,15736
202201,9호선,개화,850,769,1619
202201,9호선,고속터미널,6281,14433,20714
202201,9호선,공항시장,1406,1436,2842
202201,9호선,구반포,429,376,805
202201,9호선,국회의사당,2976,2644,5620
202201,9호선,김포공항,5427,10787,16214
202201,9호선,노들,1980,1652,3632
202201,9호선,노량진,12060,11009,23069
202201,9호선,당산,6524,5881,12405
202201,9호선,동작,1130,802,1932
202201,9호선,등촌,4534,4172,8706
202201,9호선,마곡나루,3874,3573,7447
202201,9호선,사평,1122,1138,2260
202201,9호선,샛강,1191,1170,2361
202201,9호선,선유도,2190,1940,4130
202201,9호선,신논현,12150,11509,23659
202201,9호선,신목동,1294,1130,2424
202201,9호선,신반포,1198,1187,2385
202201,9호선,신방화,2771,2700,5471
202201,9호선,양천향교,3324,2906,6230
202201,9호선,여의도,6539,5769,12308
202201,9호선,염창,7020,5969,12989
202201,9호선,증미,2668,2543,5211
202201,9호선,흑석,3148,3112,6260
202201,9호선2~3단계,둔촌오륜,445,427,872
202201,9호선2~3단계,봉은사,5366,5224,10590
202201,9호선2~3단계,삼성중앙,1488,1431,2919
202201,9호선2~3단계,삼전,2997,2502,5499
202201,9호선2~3단계,석촌,3688,2710,6398
202201,9호선2~3단계,석촌고분,2526,2197,4723
202201,9호선2~3단계,선정릉,2133,2027,4160
202201,9호선2~3단계,송파나루,2500,2476,4976
202201,9호선2~3단계,언주,2417,2205,4622
202201,9호선2~3단계,올림픽공원,3450,3276,6726
202201,9호선2~3단계,종합운동장,1783,1500,3283
202201,9호선2~3단계,중앙보훈병원,2459,2436,4895
202201,9호선2~3단계,한성백제,1045,802,1847
202201,경강선,경기광주,3144,3329,6473
202201,경강선,곤지암,1517,1493,3010
202201,경강선,부발,1145,1205,2350
202201,경강선,삼동,879,818,1697
202201,경강선,세종대왕릉,207,271,478
202201,경강선,신둔도예촌,626,706,1332
202201,경강선,여주,1433,1859,3292
202201,경강선,이매,601,366,967
202201,경강선,이천,1672,1974,3646
202201,경강선,초월,1301,1260,2561
202201,경강선,판교,2083,1946,4029
202201,경부선,가산디지털단지,3529,4439,7968
202201,경부선,관악,3392,3218,6610
202201,경부선,광명,1368,1497,2865
202201,경부선,구로,7385,7533,14918
202201,경부선,군포,2471,2263,4734
202201,경부선,금정,11130,11361,22491
202201,경부선,금천구청,4958,4849,9807
202201,경부선,남영,3366,3309,6675
202201,경부선,노량진,5127,4778,9905
202201,경부선,당정,2336,2237,4573
202201,경부선,대방,4397,4215,8612
202201,경부선,독산,5216,4931,10147
202201,경부선,두정,3047,3081,6128
202201,경부선,명학,2423,2406,4829
202201,경부선,병점,6833,6915,13748
202201,경부선,서동탄,550,585,1135
202201,경부선,서울역,2526,1206,3732
202201,경부선,서정리,3316,3233,6549
202201,경부선,석수,3688,3744,7432
202201,경부선,성균관대,5675,5504,11179
202201,경부선,성환,1859,1918,3777
202201,경부선,세류,1477,1585,3062
202201,경부선,세마,1272,1174,2446
202201,경부선,송탄,2759,2511,5270
202201,경부선,수원,24059,25775,49834
202201,경부선,신길,3512,2809,6321
202201,경부선,신도림,1819,1505,3324
202201,경부선,안양,10373,10677,21050
202201,경부선,영등포,24482,24823,49305
202201,경부선,오산,6084,6084,12168
202201,경부선,오산대,1625,1414,3039
202201,경부선,용산,19341,23070,42411
202201,경부선,의왕,3252,3316,6568
202201,경부선,직산,396,380,776
202201,경부선,진위,593,581,1174
202201,경부선,천안,4165,4882,9047
202201,경부선,평택,8417,8567,16984
202201,경부선,평택지제,1350,1459,2809
202201,경부선,화서,2950,2972,5922
202201,경원선,가능,3229,3093,6322
202201,경원선,광운대,3397,3358,6755
202201,경원선,녹양,2097,2141,4238
202201,경원선,녹천,2282,1920,4202
202201,경원선,덕계,1249,1259,2508
202201,경원선,덕정,2716,2591,5307
202201,경원선,도봉,3009,2794,5803
202201,경원선,도봉산,5969,4076,10045
202201,경원선,동두천,941,1311,2252
202201,경원선,동두천중앙,1984,2067,4051
202201,경원선,망월사,3608,3763,7371
202201,경원선,방학,5080,4841,9921
202201,경원선,보산,848,924,1772
202201,경원선,서빙고,1066,1051,2117
202201,경원선,석계,4214,4277,8491
202201,경원선,소요산,2097,2075,4172
202201,경원선,신이문,4174,3842,8016
202201,경원선,양주,3893,3899,7792
202201,경원선,옥수,26,18,44
202201,경원선,왕십리,7104,7537,14641
202201,경원선,외대앞,3713,3281,6994
202201,경원선,월계,3272,3018,6290
202201,경원선,응봉,798,714,1512
202201,경원선,의정부,12051,12647,24698
202201,경원선,이촌,1788,1407,3195
202201,경원선,지행,3274,3414,6688
202201,경원선,청량리,9516,10344,19860
202201,경원선,한남,1608,1494,3102
202201,경원선,회룡,5942,5918,11860
202201,경의선,가좌,2287,2034,4321
202201,경의선,강매,1156,1043,2199
202201,경의선,곡산,236,224,460
202201,경의선,공덕,1295,1019,2314
202201,경의선,금릉,2101,2137,4238
202201,경의선,금촌,3533,3640,7173
202201,경의선,능곡,1702,1730,3432
202201,경의선,디지털미디어시티,1102,958,2060
202201,경의선,문산,2610,2787,5397
202201,경의선,백마,2580,2556,5136
202201,경의선,서강대,954,829,1783
202201,경의선,서울역,655,735,1390
202201,경의선,수색,694,679,1373
202201,경의선,신촌,179,171,350
202201,경의선,야당,3822,3674,7496
202201,경의선,운정,2745,2884,5629
202201,경의선,월롱,703,687,1390
202201,경의선,일산,3744,3808,7552
202201,경의선,임진강,48,36,84
202201,경의선,탄현,3228,3205,6433
202201,경의선,파주,487,386,873
202201,경의선,풍산,2758,2745,5503
202201,경의선,행신,3052,3067,6119
202201,경의선,홍대입구,1203,1313,2516
202201,경의선,화전,548,445,993
202201,경의선,효창공원앞,1016,1063,2079
202201,경인선,간석,2515,2494,5009
202201,경인선,개봉,9411,9287,18698
202201,경인선,구일,2373,2272,4645
202201,경인선,도원,1242,1252,2494
202201,경인선,도화,1967,1896,3863
202201,경인선,동암,7856,8152,16008
202201,경인선,동인천,7578,7649,15227
202201,경인선,백운,3115,3235,6350
202201,경인선,부개,4053,3943,7996
202201,경인선,부천,19190,19165,38355
202201,경인선,부평,19414,20898,40312
202201,경인선,소사,4043,4035,8078
202201,경인선,송내,9738,9907,19645
202201,경인선,역곡,11892,11835,23727
202201,경인선,오류동,5795,4983,10778
202201,경인선,온수,2904,2744,5648
202201,경인선,인천,2755,2336,5091
202201,경인선,제물포,4447,4412,8859
202201,경인선,주안,9323,8342,17665
202201,경인선,중동,4104,3930,8034
202201,경춘선,가평,1095,1220,2315
202201,경춘선,갈매,1127,994,2121
202201,경춘선,강촌,301,388,689
202201,경춘선,굴봉산,119,127,246
202201,경춘선,금곡,704,695,1399
202201,경춘선,김유정,304,331,635
202201,경춘선,남춘천,1654,1943,3597
202201,경춘선,대성리,355,241,596
202201,경춘선,마석,1868,1932,3800
202201,경춘선,백양리,438,353,791
202201,경춘선,별내,1412,1324,2736
202201,경춘선,사릉,1268,1312,2580
202201,경춘선,상천,208,167,375
202201,경춘선,신내,661,645,1306
202201,경춘선,천마산,891,866,1757
202201,경춘선,청평,945,1057,2002
202201,경춘선,춘천,883,1055,1938
202201,경춘선,퇴계원,1591,1506,3097
202201,경춘선,평내호평,2623,2602,5225
202201,공항철도 1호선,검암,2748,2745,5493
202201,공항철도 1호선,계양,3979,3899,7878
202201,공항철도 1호선,공덕,918,1157,2075
202201,공항철도 1호선,공항화물청사,908,861,1769
202201,공항철도 1호선,김포공항,8874,5263,14137
202201,공항철도 1호선,디지털미디어시티,2770,2382,5152
202201,공항철도 1호선,마곡나루,1568,1605,3173
202201,공항철도 1호선,서울역,3695,4628,8323
202201,공항철도 1호선,영종,1745,1715,3460
202201,공항철도 1호선,운서,4019,3837,7856
202201,공항철도 1호선,인천공항1터미널,2780,2983,5763
202201,공항철도 1호선,인천공항2터미널,1567,1552,3119
202201,공항철도 1호선,청라국제도시,2280,2224,4504
202201,공항철도 1호선,홍대입구,7202,6627,13829
202201,과천선,경마공원,8366,8468,16834
202201,과천선,과천,2863,2718,5581
202201,과천선,대공원,2899,2882,5781
202201,과천선,범계,11615,11259,22874
202201,과천선,선바위,2824,2659,5483
202201,과천선,인덕원,9018,9052,18070
202201,과천선,정부과천청사,3376,3353,6729
202201,과천선,평촌,4863,4620,9483
202201,분당선,가천대,2649,2864,5513
202201,분당선,강남구청,2134,2396,4530
202201,분당선,개포동,1417,1428,2845
202201,분당선,구룡,539,545,1084
202201,분당선,구성,1846,2099,3945
202201,분당선,기흥,3803,3766,7569
202201,분당선,대모산입구,1550,1485,3035
202201,분당선,도곡,2069,1953,4022
202201,분당선,망포,4793,4542,9335
202201,분당선,매교,1147,1167,2314
202201,분당선,매탄권선,1954,1771,3725
202201,분당선,모란,9339,9401,18740
202201,분당선,미금,6084,6245,12329
202201,분당선,보정,897,842,1739
202201,분당선,상갈,2261,2311,4572
202201,분당선,서울숲,4061,3961,8022
202201,분당선,서현,12223,6876,19099
202201,분당선,선릉,1845,2608,4453
202201,분당선,선정릉,1331,1269,2600
202201,분당선,수내,4926,4670,9596
202201,분당선,수서,4683,5781,10464
202201,분당선,수원,4639,3918,8557
202201,분당선,수원시청,5544,5288,10832
202201,분당선,신갈,1560,1550,3110
202201,분당선,압구정로데오,8252,9008,17260
202201,분당선,야탑,10374,11590,21964
202201,분당선,영통,3891,3465,7356
202201,분당선,오리,4605,3800,8405
202201,분당선,이매,2327,2452,4779
202201,분당선,정자,5773,5630,11403
202201,분당선,죽전,6302,6896,13198
202201,분당선,청명,1526,1500,3026
202201,분당선,태평,7103,6779,13882
202201,분당선,한티,6987,6499,13486
202201,수인선,고색,1373,1452,2825
202201,수인선,남동인더스파크,585,488,1073
202201,수인선,달월,37,40,77
202201,수인선,사리,2032,1743,3775
202201,수인선,소래포구,3427,3470,6897
202201,수인선,송도,1128,1195,2323
202201,수인선,숭의,1621,1548,3169
202201,수인선,신포,942,977,1919
202201,수인선,야목,145,129,274
202201,수인선,어천,448,393,841
202201,수인선,연수,2707,2634,5341
202201,수인선,오목천,1249,1177,2426
202201,수인선,원인재,2466,2524,4990
202201,수인선,월곶,1296,1204,2500
202201,수인선,인천,848,1280,2128
202201,수인선,인천논현,2468,2554,5022
202201,수인선,인하대,2388,2235,4623
202201,수인선,호구포,1671,1508,3179
202201,안산선,고잔,3103,3076,6179
202201,안산선,대야미,2333,2006,4339
202201,안산선,반월,2086,2044,4130
202201,안산선,산본,7104,7393,14497
202201,안산선,상록수,7632,7755,15387
202201,안산선,수리산,1668,1564,3232
202201,안산선,신길온천,830,835,1665
202201,안산선,안산,8909,9676,18585
202201,안산선,오이도,4213,4450,8663
202201,안산선,정왕,4711,4556,9267
202201,안산선,중앙,8525,9048,17573
202201,안산선,초지,1702,1920,3622
202201,안산선,한대앞,4278,4335,8613
202201,우이신설선,4.19민주묘지,1530,1234,2764
202201,우이신설선,가오리,2103,1995,4098
202201,우이신설선,보문,817,770,1587
202201,우이신설선,북한산보국문,3094,2655,5749
202201,우이신설선,북한산우이,2070,2136,4206
202201,우이신설선,삼양,1106,1150,2256
202201,우이신설선,삼양사거리,1358,1261,2619
202201,우이신설선,성신여대입구,1773,2008,3781
202201,우이신설선,솔밭공원,1198,1092,2290
202201,우이신설선,솔샘,2354,2133,4487
202201,우이신설선,신설동,911,928,1839
202201,우이신설선,정릉,2300,1870,4170
202201,우이신설선,화계,1725,1534,3259
202201,일산선,대곡,702,633,1335
202201,일산선,대화,5024,4635,9659
202201,일산선,마두,2800,2815,5615
202201,일산선,백석,4644,4676,9320
202201,일산선,삼송,9291,9131,18422
202201,일산선,원당,5100,5025,10125
202201,일산선,원흥,4586,4288,8874
202201,일산선,정발산,4300,4190,8490
202201,일산선,주엽,3577,3770,7347
202201,일산선,화정,7893,8039,15932
202201,장항선,배방,505,563,1068
202201,장항선,봉명,371,378,749
202201,장항선,신창,635,802,1437
202201,장항선,쌍용,832,794,1626
202201,장항선,아산,1494,1567,3061
202201,장항선,온양온천,2507,2800,5307
202201,장항선,탕정,268,214,482
202201,중앙선,구리,5904,6144,12048
202201,중앙선,국수,377,401,778
202201,중앙선,덕소,2720,2829,5549
202201,중앙선,도농,3932,3939,7871
202201,중앙선,도심,899,834,1733
202201,중앙선,망우,3955,3967,7922
202201,중앙선,상봉,2970,2949,5919
202201,중앙선,신원,127,115,242
202201,중앙선,아신,337,370,707
202201,중앙선,양수,1066,1136,2202
202201,중앙선,양원,841,852,1693
202201,중앙선,양정,272,249,521
202201,중앙선,양평,1450,1903,3353
202201,중앙선,오빈,149,178,327
202201,중앙선,용문,1947,2350,4297
202201,중앙선,운길산,608,548,1156
202201,중앙선,원덕,184,264,448
202201,중앙선,중랑,2894,2615,5509
202201,중앙선,지평,41,61,102
202201,중앙선,팔당,873,885,1758
202201,중앙선,회기,11708,10051,21759
202202,1호선,동대문,8335,7490,15825
202202,1호선,동묘앞,8397,8494,16891
202202,1호선,서울역,22832,21468,44300
202202,1호선,시청,8421,8634,17055
202202,1호선,신설동,7452,7166,14618
202202,1호선,제기동,11245,11376,22621
202202,1호선,종각,14426,13701,28127
202202,1호선,종로3가,16936,16424,33360
202202,1호선,종로5가,15064,15010,30074
202202,1호선,청량리,13325,13555,26880
202202,2호선,강남,54188,52583,106771
202202,2호선,강변,19390,18919,38309
202202,2호선,건대입구,27720,29631,57351
202202,2호선,교대,14623,16322,30945
202202,2호선,구로디지털단지,29021,28634,57655
202202,2호선,구의,13975,13842,27817
202202,2호선,낙성대,17291,16801,34092
202202,2호선,당산,9764,10780,20544
202202,2호선,대림,14370,15418,29788
202202,2호선,도림천,763,788,1551
202202,2호선,동대문역사문화공원,8119,8825,16944
202202,2호선,뚝섬,11070,11285,22355
202202,2호선,문래,9318,9618,18936
202202,2호선,방배,8056,8343,16399
202202,2호선,봉천,14585,14113,28698
202202,2호선,사당,25012,27112,52124
202202,2호선,삼성,24387,24117,48504
202202,2호선,상왕십리,8140,7937,16077
202202,2호선,서울대입구,31851,30986,62837
202202,2호선,서초,8840,7584,16424
202202,2호선,선릉,19872,17786,37658
202202,2호선,성수,16650,18070,34720
202202,2호선,시청,7111,6315,13426
202202,2호선,신답,797,851,1648
202202,2호선,신당,9235,9510,18745
202202,2호선,신대방,16534,16322,32856
202202,2호선,신도림,31885,32231,64116
202202,2호선,신림,42273,42100,84373
202202,2호선,신설동,2555,2633,5188
202202,2호선,신정네거리,5995,6091,12086
202202,2호선,신촌,24523,24492,49015
202202,2호선,아현,5971,5781,11752
202202,2호선,양천구청,3570,3711,7281
202202,2호선,역삼,16610,18198,34808
202202,2호선,영등포구청,10737,11095,21832
202202,2호선,왕십리,10821,9486,20307
202202,2호선,용답,1736,1711,3447
202202,2호선,용두,1362,1367,2729
202202,2호선,을지로3가,8583,8394,16977
202202,2호선,을지로4가,5776,5896,11672
202202,2호선,을지로입구,16473,16172,32645
202202,2호선,이대,7888,8415,16303
202202,2호선,잠실,50475,47748,98223
202202,2호선,잠실나루,6040,5896,11936
202202,2호선,잠실새내,14300,14739,29039
202202,2호선,종합운동장,4149,4488,8637
202202,2호선,충정로,4151,4294,8445
202202,2호선,한양대,2714,2804,5518
202202,2호선,합정,24056,25854,49910
202202,2호선,홍대입구,52918,54533,107451
202202,3호선,가락시장,4853,4616,9469
202202,3호선,경복궁,11914,11997,23911
202202,3호선,경찰병원,3317,3242,6559
202202,3호선,고속터미널,38852,36716,75568
202202,3호선,교대,5623,3359,8982
202202,3호선,구파발,12209,12248,24457
202202,3호선,금호,4833,4552,9385
202202,3호선,남부터미널,16814,16489,33303
202202,3호선,녹번,8618,7598,16216
202202,3호선,대청,4907,4599,9506
202202,3호선,대치,8419,7676,16095
202202,3호선,도곡,2582,2552,5134
202202,3호선,독립문,4334,4543,8877
202202,3호선,동대입구,5237,5651,10888
202202,3호선,매봉,5073,4930,10003
202202,3호선,무악재,2166,2310,4476
202202,3호선,불광,10617,11859,22476
202202,3호선,수서,10895,10547,21442
202202,3호선,신사,22001,22330,44331
202202,3호선,안국,11199,12179,23378
202202,3호선,압구정,22962,23596,46558
202202,3호선,약수,7711,7247,14958
202202,3호선,양재,17288,18618,35906
202202,3호선,연신내,24102,23158,47260
202202,3호선,오금,2930,2871,5801
202202,3호선,옥수,5450,5758,11208
202202,3호선,을지로3가,4150,4255,8405
202202,3호선,일원,3957,4039,7996
202202,3호선,잠원,2611,2574,5185
202202,3호선,종로3가,5114,6407,11521
202202,3호선,지축,2386,2336,4722
202202,3호선,충무로,1,0,1
202202,3호선,학여울,1181,1222,2403
202202,3호선,홍제,10749,10324,21073
202202,4호선,길음,11762,11496,23258
202202,4호선,남태령,658,496,1154
202202,4호선,노원,13763,14737,28500
202202,4호선,당고개,7703,7354,15057
202202,4호선,동대문,10296,10465,20761
202202,4호선,동대문역사문화공원,8996,7897,16893
202202,4호선,동작,922,1052,1974
202202,4호선,명동,9688,11007,20695
202202,4호선,미아,9546,9021,18567
202202,4호선,미아사거리,18528,18089,36617
202202,4호선,사당,16674,14412,31086
202202,4호선,삼각지,2821,3454,6275
202202,4호선,상계,11444,10906,22350
202202,4호선,서울역,4228,8561,12789
202202,4호선,성신여대입구,13978,13727,27705
202202,4호선,수유,22379,22055,44434
202202,4호선,숙대입구,7321,7124,14445
202202,4호선,신용산,8536,9103,17639
202202,4호선,쌍문,18021,16628,34649
202202,4호선,이촌,5240,5680,10920
202202,4호선,창동,16241,17084,33325
202202,4호선,총신대입구,11626,12640,24266
202202,4호선,충무로,9878,10279,20157
202202,4호선,한성대입구,8949,8643,17592
202202,4호선,혜화,21578,22134,43712
202202,4호선,회현,13547,14540,28087
202202,5호선,강동,10814,10409,21223
202202,5호선,강일,2295,2166,4461
202202,5호선,개롱,3462,3716,7178
202202,5호선,개화산,3268,3206,6474
202202,5호선,거여,4910,4788,9698
202202,5호선,고덕,5237,5174,10411
202202,5호선,공덕,5743,6116,11859
202202,5호선,광나루,8347,7786,16133
202202,5호선,광화문,11626,11752,23378
202202,5호선,군자,7143,7870,15013
202202,5호선,굽은다리,5799,5579,11378
202202,5호선,길동,5119,5315,10434
202202,5호선,김포공항,6424,6068,12492
202202,5호선,까치산,17786,17616,35402
202202,5호선,답십리,8616,8181,16797
202202,5호선,동대문역사문화공원,855,1136,1991
202202,5호선,둔촌동,4984,5073,10057
202202,5호선,마곡,4770,4855,9625
202202,5호선,마장,3146,3047,6193
202202,5호선,마천,3947,4010,7957
202202,5호선,마포,6174,6221,12395
202202,5호선,명일,5497,5487,10984
202202,5호선,목동,9422,9610,19032
202202,5호선,미사,9922,9819,19741
202202,5호선,발산,10790,11103,21893
202202,5호선,방이,4548,4331,8879
202202,5호선,방화,3757,3665,7422
202202,5호선,상일동,7701,7445,15146
202202,5호선,서대문,5795,5399,11194
202202,5호선,송정,4197,4168,8365
202202,5호선,신금호,3465,3660,7125
202202,5호선,신길,2195,2378,4573
202202,5호선,신정,7517,6534,14051
202202,5호선,아차산,9850,9502,19352
202202,5호선,애오개,3045,3102,6147
202202,5호선,양평,3095,3080,6175
202202,5호선,여의나루,4086,5471,9557
202202,5호선,여의도,9882,10017,19899
202202,5호선,영등포구청,1627,1552,3179
202202,5호선,영등포시장,6220,6550,12770
202202,5호선,오금,1768,1701,3469
202202,5호선,오목교,13197,13347,26544
202202,5호선,올림픽공원,2284,2003,4287
202202,5호선,왕십리,3133,3641,6774
202202,5호선,우장산,8179,8214,16393
202202,5호선,을지로4가,2649,2843,5492
202202,5호선,장한평,9604,9928,19532
202202,5호선,종로3가,9830,9524,19354
202202,5호선,천호,14128,13356,27484
202202,5호선,청구,2176,1980,4156
202202,5호선,충정로,1544,1531,3075
202202,5호선,하남검단산,4040,4154,8194
202202,5호선,하남시청,4302,4225,8527
202202,5호선,하남풍산,2322,2368,4690
202202,5호선,행당,4418,3836,8254
202202,5호선,화곡,16893,15811,32704
202202,6호선,고려대,4291,4312,8603
202202,6호선,공덕,8384,7885,16269
202202,6호선,광흥창,4380,4272,8652
202202,6호선,구산,4615,3601,8216
202202,6호선,녹사평,3508,3764,7272
202202,6호선,대흥,4621,4584,9205
202202,6호선,독바위,1606,1834,3440
202202,6호선,돌곶이,5143,4781,9924
202202,6호선,동묘앞,6184,5616,11800
202202,6호선,디지털미디어시티,5780,5951,11731
202202,6호선,마포구청,8039,7367,15406
202202,6호선,망원,11340,12395,23735
202202,6호선,버티고개,1180,1268,2448
202202,6호선,보문,4284,4000,8284
202202,6호선,봉화산,4375,4295,8670
202202,6호선,불광,3137,2832,5969
202202,6호선,삼각지,3811,3306,7117
202202,6호선,상수,7279,8457,15736
202202,6호선,상월곡,3381,3061,6442
202202,6호선,새절,7150,7016,14166
202202,6호선,석계,6997,7253,14250
202202,6호선,신당,4795,4101,8896
202202,6호선,안암,4897,4817,9714
202202,6호선,약수,2077,2041,4118
202202,6호선,역촌,2270,2605,4875
202202,6호선,연신내,1,0,1
202202,6호선,월곡,6064,6071,12135
202202,6호선,월드컵경기장,2830,2966,5796
202202,6호선,응암,10389,10542,20931
202202,6호선,이태원,9587,9722,19309
202202,6호선,증산,5947,6097,12044
202202,6호선,창신,1810,1623,3433
202202,6호선,청구,1992,2107,4099
202202,6호선,태릉입구,3346,3708,7054
202202,6호선,한강진,8327,9302,17629
202202,6호선,합정,10980,9739,20719
202202,6호선,화랑대,5563,4762,10325
202202,6호선,효창공원앞,3752,3477,7229
202202,7호선,가산디지털단지,11896,10783,22679
202202,7호선,강남구청,8354,8987,17341
202202,7호선,건대입구,9085,9217,18302
202202,7호선,고속터미널,11261,8644,19905
202202,7호선,공릉,7242,7262,14504
202202,7호선,광명사거리,13973,13984,27957
202202,7호선,군자,9036,7284,16320
202202,7호선,남구로,6728,7027,13755
202202,7호선,남성,6548,6190,12738
202202,7호선,내방,6897,6793,13690
202202,7호선,노원,13770,13839,27609
202202,7호선,논현,9848,10834,20682
202202,7호선,대림,5880,6048,11928
202202,7호선,도봉산,5364,6805,12169
202202,7호선,뚝섬유원지,4541,4405,8946
202202,7호선,마들,7433,7294,14727
202202,7호선,먹골,6562,6453,13015
202202,7호선,면목,9545,9323,18868
202202,7호선,반포,3600,3473,7073
202202,7호선,보라매,4856,4650,9506
202202,7호선,사가정,10257,10156,20413
202202,7호선,삼산체육관,3,0,3
202202,7호선,상도,6077,5793,11870
202202,7호선,상봉,11125,10627,21752
202202,7호선,수락산,8161,7938,16099
202202,7호선,숭실대입구,6395,6716,13111
202202,7호선,신대방삼거리,9570,9131,18701
202202,7호선,신중동,1,0,1
202202,7호선,신풍,6654,6429,13083
202202,7호선,어린이대공원,7496,7503,14999
202202,7호선,온수,4643,4633,9276
202202,7호선,용마산,3628,3761,7389
202202,7호선,이수,10405,9720,20125
202202,7호선,장승배기,5565,5385,10950
202202,7호선,장암,1121,729,1850
202202,7호선,중계,7758,7047,14805
202202,7호선,중곡,5903,5623,11526
202202,7호선,중화,6454,6480,12934
202202,7호선,천왕,5717,5414,11131
202202,7호선,철산,11951,12065,24016
202202,7호선,청담,8913,9592,18505
202202,7호선,태릉입구,5347,5055,10402
202202,7호선,하계,9695,9196,18891
202202,7호선,학동,9074,9427,18501
202202,8호선,가락시장,4608,4524,9132
202202,8호선,강동구청,5399,5418,10817
202202,8호선,남위례,2149,2257,4406
202202,8호선,남한산성입구,7576,6799,14375
202202,8호선,단대오거리,6378,6099,12477
202202,8호선,모란,3058,2640,5698
202202,8호선,몽촌토성,3778,3686,7464
202202,8호선,문정,7161,7368,14529
202202,8호선,복정,5222,4411,9633
202202,8호선,산성,3337,3329,6666
202202,8호선,석촌,5111,5994,11105
202202,8호선,송파,4202,4378,8580
202202,8호선,수진,3529,3374,6903
202202,8호선,신흥,3072,3375,6447
202202,8호선,암사,10447,9858,20305
202202,8호선,잠실,10690,12103,22793
202202,8호선,장지,10206,9561,19767
202202,8호선,천호,10179,12068,22247
202202,9호선,가양,11191,10844,22035
202202,9호선,개화,1023,923,1946
202202,9호선,고속터미널,9025,12896,21921
202202,9호선,공항시장,1985,2195,4180
202202,9호선,구반포,667,744,1411
202202,9호선,국회의사당,3994,4014,8008
202202,9호선,김포공항,6789,9781,16570
202202,9호선,노들,2584,2252,4836
202202,9호선,노량진,17278,17151,34429
202202,9호선,당산,10620,10241,20861
202202,9호선,동작,1464,1134,2598
202202,9호선,등촌,6413,6263,12676
202202,9호선,마곡나루,6656,6644,13300
202202,9호선,사평,1870,1859,3729
202202,9호선,샛강,1973,2069,4042
202202,9호선,선유도,3145,3158,6303
202202,9호선,신논현,22696,22464,45160
202202,9호선,신목동,1803,1607,3410
202202,9호선,신반포,1849,1840,3689
202202,9호선,신방화,4002,3994,7996
202202,9호선,양천향교,4814,4891,9705
202202,9호선,여의도,10075,9410,19485
202202,9호선,염창,9515,9160,18675
202202,9호선,증미,3504,3504,7008
202202,9호선,흑석,4396,4547,8943
202202,9호선2~3단계,둔촌오륜,439,463,902
202202,9호선2~3단계,봉은사,9078,9161,18239
202202,9호선2~3단계,삼성중앙,2595,2734,5329
202202,9호선2~3단계,삼전,4417,4211,8628
202202,9호선2~3단계,석촌,5443,4703,10146
202202,9호선2~3단계,석촌고분,3776,3734,7510
202202,9호선2~3단계,선정릉,3674,4025,7699
202202,9호선2~3단계,송파나루,3646,3959,7605
202202,9호선2~3단계,언주,5418,5388,10806
202202,9호선2~3단계,올림픽공원,3752,3750,7502
202202,9호선2~3단계,종합운동장,2601,2385,4986
202202,9호선2~3단계,중앙보훈병원,3727,3501,7228
202202,9호선2~3단계,한성백제,1450,1250,2700
202202,경강선,경기광주,4272,4145,8417
202202,경강선,곤지암,1486,1429,2915
202202,경강선,부발,1517,1361,2878
202202,경강선,삼동,1239,1131,2370
202202,경강선,세종대왕릉,174,177,351
202202,경강선,신둔도예촌,835,803,1638
202202,경강선,여주,1526,1609,3135
202202,경강선,이매,656,499,1155
202202,경강선,이천,2021,2054,4075
202202,경강선,초월,1776,1648,3424
202202,경강선,판교,2506,2494,5000
202202,경부선,가산디지털단지,4929,6674,11603
202202,경부선,관악,4446,4231,8677
202202,경부선,광명,2103,1780,3883
202202,경부선,구로,9899,10190,20089
202202,경부선,군포,3480,3271,6751
202202,경부선,금정,14739,14582,29321
202202,경부선,금천구청,6374,6478,12852
202202,경부선,남영,4499,4717,9216
202202,경부선,노량진,6085,5904,11989
202202,경부선,당정,3157,3008,6165
202202,경부선,대방,5861,6048,11909
202202,경부선,독산,7290,7336,14626
202202,경부선,두정,3401,3552,6953
202202,경부선,명학,3779,3618,7397
202202,경부선,병점,9077,9246,18323
202202,경부선,서동탄,755,697,1452
202202,경부선,서울역,5264,1285,6549
202202,경부선,서정리,4803,4132,8935
202202,경부선,석수,5242,4991,10233
202202,경부선,성균관대,7921,8115,16036
202202,경부선,성환,1992,1774,3766
202202,경부선,세류,1858,1983,3841
202202,경부선,세마,1766,1630,3396
202202,경부선,송탄,3298,3067,6365
202202,경부선,수원,28047,29471,57518
202202,경부선,신길,4758,3982,8740
202202,경부선,신도림,2413,2313,4726
202202,경부선,안양,13752,14054,27806
202202,경부선,영등포,31127,32219,63346
202202,경부선,오산,6689,6441,13130
202202,경부선,오산대,2043,1807,3850
202202,경부선,용산,26038,25575,51613
202202,경부선,의왕,4620,4533,9153
202202,경부선,직산,432,381,813
202202,경부선,진위,791,658,1449
202202,경부선,천안,4011,4340,8351
202202,경부선,평택,8884,8719,17603
202202,경부선,평택지제,2261,2176,4437
202202,경부선,화서,3858,4030,7888
202202,경원선,가능,4051,3965,8016
202202,경원선,광운대,4139,4308,8447
202202,경원선,녹양,2758,2708,5466
202202,경원선,녹천,2663,2327,4990
202202,경원선,덕계,1816,1696,3512
202202,경원선,덕정,3276,3047,6323
202202,경원선,도봉,3678,3484,7162
202202,경원선,도봉산,5849,4155,10004
202202,경원선,동두천,1311,1544,2855
202202,경원선,동두천중앙,1979,1950,3929
202202,경원선,망월사,4458,4687,9145
202202,경원선,방학,6047,5922,11969
202202,경원선,보산,931,961,1892
202202,경원선,서빙고,1084,1163,2247
202202,경원선,석계,5265,5475,10740
202202,경원선,소요산,2212,1923,4135
202202,경원선,신이문,4907,4636,9543
202202,경원선,양주,4848,4598,9446
202202,경원선,옥수,15,33,48
202202,경원선,왕십리,9556,11124,20680
202202,경원선,외대앞,4756,4739,9495
202202,경원선,월계,3699,3515,7214
202202,경원선,응봉,1088,933,2021
202202,경원선,의정부,14113,14473,28586
202202,경원선,이촌,2232,1691,3923
202202,경원선,지행,4173,4202,8375
202202,경원선,청량리,12244,12732,24976
202202,경원선,한남,2156,2045,4201
202202,경원선,회룡,7876,7841,15717
202202,경의선,가좌,2941,2994,5935
202202,경의선,강매,1631,1537,3168
202202,경의선,곡산,299,284,583
202202,경의선,공덕,2243,1629,3872
202202,경의선,금릉,2902,2822,5724
202202,경의선,금촌,4075,4032,8107
202202,경의선,능곡,2125,2022,4147
202202,경의선,디지털미디어시티,1395,1270,2665
202202,경의선,문산,3360,3321,6681
202202,경의선,백마,3523,3369,6892
202202,경의선,서강대,1361,1290,2651
202202,경의선,서울역,896,993,1889
202202,경의선,수색,1104,1130,2234
202202,경의선,신촌,275,294,569
202202,경의선,야당,4746,4729,9475
202202,경의선,운정,3810,3700,7510
202202,경의선,월롱,1066,1091,2157
202202,경의선,일산,4812,4518,9330
202202,경의선,임진강,25,17,42
202202,경의선,탄현,4386,4264,8650
202202,경의선,파주,646,459,1105
202202,경의선,풍산,3508,3393,6901
202202,경의선,행신,4101,4100,8201
202202,경의선,홍대입구,1473,1921,3394
202202,경의선,화전,742,669,1411
202202,경의선,효창공원앞,1339,1528,2867
202202,경인선,간석,3579,3491,7070
202202,경인선,개봉,12992,12930,25922
202202,경인선,구일,3370,3294,6664
202202,경인선,도원,1594,1659,3253
202202,경인선,도화,2510,2378,4888
202202,경인선,동암,9736,10043,19779
202202,경인선,동인천,9351,9075,18426
202202,경인선,백운,4083,4118,8201
202202,경인선,부개,5066,4934,10000
202202,경인선,부천,23063,23537,46600
202202,경인선,부평,23739,25463,49202
202202,경인선,소사,5220,5232,10452
202202,경인선,송내,14393,14122,28515
202202,경인선,역곡,15860,15900,31760
202202,경인선,오류동,7425,6857,14282
202202,경인선,온수,3758,3500,7258
202202,경인선,인천,2464,2141,4605
202202,경인선,제물포,5924,5808,11732
202202,경인선,주안,12539,11320,23859
202202,경인선,중동,5412,5028,10440
202202,경춘선,가평,1150,1260,2410
202202,경춘선,갈매,1575,1393,2968
202202,경춘선,강촌,293,336,629
202202,경춘선,굴봉산,120,196,316
202202,경춘선,금곡,850,822,1672
202202,경춘선,김유정,308,320,628
202202,경춘선,남춘천,1751,1780,3531
202202,경춘선,대성리,397,354,751
202202,경춘선,마석,2274,2184,4458
202202,경춘선,백양리,338,261,599
202202,경춘선,별내,1917,1790,3707
202202,경춘선,사릉,1706,1681,3387
202202,경춘선,상천,169,157,326
202202,경춘선,신내,940,924,1864
202202,경춘선,천마산,988,1010,1998
202202,경춘선,청평,1062,1187,2249
202202,경춘선,춘천,932,859,1791
202202,경춘선,퇴계원,2071,1866,3937
202202,경춘선,평내호평,3602,3449,7051
202202,공항철도 1호선,검암,3384,3533,6917
202202,공항철도 1호선,계양,5426,5202,10628
202202,공항철도 1호선,공덕,1326,2045,3371
202202,공항철도 1호선,공항화물청사,1224,1253,2477
202202,공항철도 1호선,김포공항,10421,4875,15296
202202,공항철도 1호선,디지털미디어시티,3991,3742,7733
202202,공항철도 1호선,마곡나루,2382,2548,4930
202202,공항철도 1호선,서울역,5693,5323,11016
202202,공항철도 1호선,영종,2150,2148,4298
202202,공항철도 1호선,운서,4898,4954,9852
202202,공항철도 1호선,인천공항1터미널,2653,2970,5623
202202,공항철도 1호선,인천공항2터미널,1673,1700,3373
202202,공항철도 1호선,청라국제도시,3310,3142,6452
202202,공항철도 1호선,홍대입구,10237,10417,20654
202202,과천선,경마공원,579,545,1124
202202,과천선,과천,3638,3464,7102
202202,과천선,대공원,2644,2801,5445
202202,과천선,범계,16351,15788,32139
202202,과천선,선바위,3646,3260,6906
202202,과천선,인덕원,12398,12482,24880
202202,과천선,정부과천청사,4695,4697,9392
202202,과천선,평촌,7224,7192,14416
202202,분당선,가천대,3854,4601,8455
202202,분당선,강남구청,4794,5702,10496
202202,분당선,개포동,2238,2224,4462
202202,분당선,구룡,836,855,1691
202202,분당선,구성,2621,2749,5370
202202,분당선,기흥,5503,5209,10712
202202,분당선,대모산입구,2454,2294,4748
202202,분당선,도곡,3531,3367,6898
202202,분당선,망포,7434,7273,14707
202202,분당선,매교,1510,1626,3136
202202,분당선,매탄권선,2668,2643,5311
202202,분당선,모란,13272,13640,26912
202202,분당선,미금,9348,9638,18986
202202,분당선,보정,1196,1168,2364
202202,분당선,상갈,2964,3021,5985
202202,분당선,서울숲,5899,6091,11990
202202,분당선,서현,16848,16715,33563
202202,분당선,선릉,4186,6544,10730
202202,분당선,선정릉,2706,2776,5482
202202,분당선,수내,7644,7322,14966
202202,분당선,수서,8595,8478,17073
202202,분당선,수원,5851,4786,10637
202202,분당선,수원시청,8914,9391,18305
202202,분당선,신갈,2160,2271,4431
202202,분당선,압구정로데오,17287,18729,36016
202202,분당선,야탑,14620,15197,29817
202202,분당선,영통,5372,5240,10612
202202,분당선,오리,6212,5188,11400
202202,분당선,이매,3408,3309,6717
202202,분당선,정자,9061,9314,18375
202202,분당선,죽전,8248,9169,17417
202202,분당선,청명,2170,2192,4362
202202,분당선,태평,8955,8513,17468
202202,분당선,한티,10760,10537,21297
202202,수인선,고색,2156,2112,4268
202202,수인선,남동인더스파크,856,881,1737
202202,수인선,달월,35,26,61
202202,수인선,사리,2745,2370,5115
202202,수인선,소래포구,3249,3294,6543
202202,수인선,송도,1542,1522,3064
202202,수인선,숭의,2150,2059,4209
202202,수인선,신포,1040,1010,2050
202202,수인선,야목,199,151,350
202202,수인선,어천,482,445,927
202202,수인선,연수,2934,3037,5971
202202,수인선,오목천,1648,1484,3132
202202,수인선,원인재,2981,3152,6133
202202,수인선,월곶,1714,1658,3372
202202,수인선,인천,908,1328,2236
202202,수인선,인천논현,3557,3789,7346
202202,수인선,인하대,3309,3142,6451
202202,수인선,호구포,2045,1936,3981
202202,안산선,고잔,4656,4520,9176
202202,안산선,대야미,3053,2705,5758
202202,안산선,반월,2568,2464,5032
202202,안산선,산본,10173,10754,20927
202202,안산선,상록수,9517,9728,19245
202202,안산선,수리산,2295,2038,4333
202202,안산선,신길온천,1056,983,2039
202202,안산선,안산,6984,6783,13767
202202,안산선,오이도,5404,5657,11061
202202,안산선,정왕,4610,4708,9318
202202,안산선,중앙,12233,12594,24827
202202,안산선,초지,2606,2541,5147
202202,안산선,한대앞,5432,5529,10961
202202,우이신설선,4.19민주묘지,1850,1654,3504
202202,우이신설선,가오리,2536,2452,4988
202202,우이신설선,보문,959,983,1942
202202,우이신설선,북한산보국문,3952,3650,7602
202202,우이신설선,북한산우이,2243,2267,4510
202202,우이신설선,삼양,1277,1365,2642
202202,우이신설선,삼양사거리,1699,1589,3288
202202,우이신설선,성신여대입구,2460,2846,5306
202202,우이신설선,솔밭공원,1460,1403,2863
202202,우이신설선,솔샘,3318,2917,6235
202202,우이신설선,신설동,1181,1130,2311
202202,우이신설선,정릉,2932,2584,5516
202202,우이신설선,화계,2253,2155,4408
202202,일산선,대곡,936,828,1764
202202,일산선,대화,6733,6235,12968
202202,일산선,마두,4112,4164,8276
202202,일산선,백석,6131,6147,12278
202202,일산선,삼송,11858,11694,23552
202202,일산선,원당,6577,6392,12969
202202,일산선,원흥,6118,5922,12040
202202,일산선,정발산,5064,5206,10270
202202,일산선,주엽,5207,5184,10391
202202,일산선,화정,10883,11218,22101
202202,장항선,배방,672,662,1334
202202,장항선,봉명,573,561,1134
202202,장항선,신창,663,643,1306
202202,장항선,쌍용,1055,950,2005
202202,장항선,아산,2001,1759,3760
202202,장항선,온양온천,2589,2743,5332
202202,장항선,탕정,333,316,649
202202,중앙선,구리,7921,8342,16263
202202,중앙선,국수,409,442,851
202202,중앙선,덕소,3428,3509,6937
202202,중앙선,도농,5479,5329,10808
202202,중앙선,도심,1247,1089,2336
202202,중앙선,망우,5112,5159,10271
202202,중앙선,상봉,3827,3873,7700
202202,중앙선,신원,133,123,256
202202,중앙선,아신,349,401,750
202202,중앙선,양수,1263,1263,2526
202202,중앙선,양원,1164,1168,2332
202202,중앙선,양정,431,397,828
202202,중앙선,양평,1677,1732,3409
202202,중앙선,오빈,170,156,326
202202,중앙선,용문,2103,2192,4295
202202,중앙선,운길산,642,596,1238
202202,중앙선,원덕,229,228,457
202202,중앙선,중랑,3671,3563,7234
202202,중앙선,지평,34,47,81
202202,중앙선,팔당,920,973,1893
202202,중앙선,회기,15156,15033,30189
202202,1호선,동대문,6638,6980,13618
202202,1호선,동묘앞,9142,9174,18316
202202,1호선,서울역,19362,16886,36248
202202,1호선,시청,5692,5454,11146
202202,1호선,신설동,5887,5919,11806
202202,1호선,제기동,7427,7757,15184
202202,1호선,종각,9467,8512,17979
202202,1호선,종로3가,10752,9499,20251
202202,1호선,종로5가,6825,6650,13475
202202,1호선,청량리,10091,10101,20192
202202,2호선,강남,29281,28033,57314
202202,2호선,강변,14987,14637,29624
202202,2호선,건대입구,21418,21870,43288
202202,2호선,교대,8637,9623,18260
202202,2호선,구로디지털단지,19385,19197,38582
202202,2호선,구의,9500,9676,19176
202202,2호선,낙성대,12887,13455,26342
202202,2호선,당산,6768,7482,14250
202202,2호선,대림,11498,11893,23391
202202,2호선,도림천,391,395,786
202202,2호선,동대문역사문화공원,6100,7353,13453
202202,2호선,뚝섬,7900,7871,15771
202202,2호선,문래,6313,6479,12792
202202,2호선,방배,5550,6076,11626
202202,2호선,봉천,10196,10181,20377
202202,2호선,사당,17539,19165,36704
202202,2호선,삼성,17513,16811,34324
202202,2호선,상왕십리,5730,5922,11652
202202,2호선,서울대입구,22837,23014,45851
202202,2호선,서초,9792,8938,18730
202202,2호선,선릉,10920,9548,20468
202202,2호선,성수,11701,12407,24108
202202,2호선,시청,4504,3820,8324
202202,2호선,신답,609,668,1277
202202,2호선,신당,6701,7014,13715
202202,2호선,신대방,12536,12355,24891
202202,2호선,신도림,22949,23322,46271
202202,2호선,신림,31357,30942,62299
202202,2호선,신설동,2235,2444,4679
202202,2호선,신정네거리,4118,4232,8350
202202,2호선,신촌,18237,17653,35890
202202,2호선,아현,4349,4338,8687
202202,2호선,양천구청,2599,2773,5372
202202,2호선,역삼,10093,10952,21045
202202,2호선,영등포구청,6719,6945,13664
202202,2호선,왕십리,7580,6588,14168
202202,2호선,용답,1328,1366,2694
202202,2호선,용두,900,883,1783
202202,2호선,을지로3가,6457,6047,12504
202202,2호선,을지로4가,2591,2430,5021
202202,2호선,을지로입구,12293,11487,23780
202202,2호선,이대,5634,6101,11735
202202,2호선,잠실,37179,35210,72389
202202,2호선,잠실나루,4058,4200,8258
202202,2호선,잠실새내,9163,9367,18530
202202,2호선,종합운동장,5000,5360,10360
202202,2호선,충정로,3029,3127,6156
202202,2호선,한양대,1751,1857,3608
202202,2호선,합정,17287,18076,35363
202202,2호선,홍대입구,39899,38842,78741
202202,3호선,가락시장,2952,3227,6179
202202,3호선,경복궁,8619,8675,17294
202202,3호선,경찰병원,2223,2295,4518
202202,3호선,고속터미널,29931,28013,57944
202202,3호선,교대,3451,2310,5761
202202,3호선,구파발,8962,9265,18227
202202,3호선,금호,3554,3504,7058
202202,3호선,남부터미널,10646,10967,21613
202202,3호선,녹번,5974,5511,11485
202202,3호선,대청,3514,3450,6964
202202,3호선,대치,5255,4618,9873
202202,3호선,도곡,1614,1698,3312
202202,3호선,독립문,3650,3905,7555
202202,3호선,동대입구,4085,4480,8565
202202,3호선,매봉,3471,3401,6872
202202,3호선,무악재,1443,1588,3031
202202,3호선,불광,7987,9005,16992
202202,3호선,수서,8564,8063,16627
202202,3호선,신사,11460,11624,23084
202202,3호선,안국,7774,8265,16039
202202,3호선,압구정,11938,12180,24118
202202,3호선,약수,5497,5241,10738
202202,3호선,양재,10879,12526,23405
202202,3호선,연신내,17576,16692,34268
202202,3호선,오금,2133,2128,4261
202202,3호선,옥수,3778,4125,7903
202202,3호선,을지로3가,2518,2393,4911
202202,3호선,일원,2841,3048,5889
202202,3호선,잠원,1672,1804,3476
202202,3호선,종로3가,3117,3857,6974
202202,3호선,지축,1667,1613,3280
202202,3호선,학여울,733,758,1491
202202,3호선,홍제,7545,7247,14792
202202,4호선,길음,8460,8322,16782
202202,4호선,남태령,497,391,888
202202,4호선,노원,9693,10540,20233
202202,4호선,당고개,6071,5812,11883
202202,4호선,동대문,4701,5274,9975
202202,4호선,동대문역사문화공원,7057,6884,13941
202202,4호선,동작,1175,1092,2267
202202,4호선,명동,7898,7615,15513
202202,4호선,미아,6783,6612,13395
202202,4호선,미아사거리,13238,12605,25843
202202,4호선,사당,11987,11106,23093
202202,4호선,삼각지,2018,2511,4529
202202,4호선,상계,8011,7692,15703
202202,4호선,서울역,3264,6596,9860
202202,4호선,성신여대입구,10202,9942,20144
202202,4호선,수유,16316,15692,32008
202202,4호선,숙대입구,5807,5605,11412
202202,4호선,신용산,6168,6419,12587
202202,4호선,쌍문,13049,11804,24853
202202,4호선,이촌,4060,4451,8511
202202,4호선,창동,12249,12974,25223
202202,4호선,총신대입구,7998,8778,16776
202202,4호선,충무로,6177,6203,12380
202202,4호선,한성대입구,6419,6416,12835
202202,4호선,혜화,16832,17343,34175
202202,4호선,회현,6966,7203,14169
202202,5호선,강동,7474,7414,14888
202202,5호선,강일,1685,1562,3247
202202,5호선,개롱,2456,2685,5141
202202,5호선,개화산,2240,2250,4490
202202,5호선,거여,3592,3488,7080
202202,5호선,고덕,3465,3528,6993
202202,5호선,공덕,3652,3695,7347
202202,5호선,광나루,6489,6311,12800
202202,5호선,광화문,8435,8065,16500
202202,5호선,군자,5028,5683,10711
202202,5호선,굽은다리,4382,4143,8525
202202,5호선,길동,3574,3663,7237
202202,5호선,김포공항,6228,5752,11980
202202,5호선,까치산,12933,12676,25609
202202,5호선,답십리,6128,5907,12035
202202,5호선,동대문역사문화공원,631,690,1321
202202,5호선,둔촌동,3816,3919,7735
202202,5호선,마곡,3165,3314,6479
202202,5호선,마장,2368,2286,4654
202202,5호선,마천,2944,3228,6172
202202,5호선,마포,3920,4101,8021
202202,5호선,명일,3938,4052,7990
202202,5호선,목동,6356,6645,13001
202202,5호선,미사,7152,7089,14241
202202,5호선,발산,7515,7517,15032
202202,5호선,방이,3276,3221,6497
202202,5호선,방화,3008,3120,6128
202202,5호선,상일동,5245,5273,10518
202202,5호선,서대문,4169,4031,8200
202202,5호선,송정,2993,3010,6003
202202,5호선,신금호,2462,2757,5219
202202,5호선,신길,1590,1749,3339
202202,5호선,신정,5326,4824,10150
202202,5호선,아차산,8004,7806,15810
202202,5호선,애오개,2134,2247,4381
202202,5호선,양평,2190,2358,4548
202202,5호선,여의나루,4124,5005,9129
202202,5호선,여의도,6681,6605,13286
202202,5호선,영등포구청,1159,1129,2288
202202,5호선,영등포시장,4029,4307,8336
202202,5호선,오금,1228,1224,2452
202202,5호선,오목교,9388,9663,19051
202202,5호선,올림픽공원,1737,1565,3302
202202,5호선,왕십리,2062,2363,4425
202202,5호선,우장산,5687,5913,11600
202202,5호선,을지로4가,1250,1280,2530
202202,5호선,장한평,6709,6765,13474
202202,5호선,종로3가,6399,5845,12244
202202,5호선,천호,10425,9697,20122
202202,5호선,청구,1467,1394,2861
202202,5호선,충정로,1202,1235,2437
202202,5호선,하남검단산,3546,3593,7139
202202,5호선,하남시청,3190,3192,6382
202202,5호선,하남풍산,1741,1840,3581
202202,5호선,행당,3297,3107,6404
202202,5호선,화곡,11766,11366,23132
202202,6호선,고려대,3320,3273,6593
202202,6호선,공덕,5543,5196,10739
202202,6호선,광흥창,3522,3585,7107
202202,6호선,구산,3257,2517,5774
202202,6호선,녹사평,2716,2807,5523
202202,6호선,대흥,3134,3257,6391
202202,6호선,독바위,1210,1460,2670
202202,6호선,돌곶이,4192,4007,8199
202202,6호선,동묘앞,4534,4479,9013
202202,6호선,디지털미디어시티,4345,4557,8902
202202,6호선,마포구청,6080,5627,11707
202202,6호선,망원,8028,8488,16516
202202,6호선,버티고개,776,926,1702
202202,6호선,보문,3349,3207,6556
202202,6호선,봉화산,3167,3173,6340
202202,6호선,불광,2422,2027,4449
202202,6호선,삼각지,2794,2269,5063
202202,6호선,상수,5477,6304,11781
202202,6호선,상월곡,2676,2429,5105
202202,6호선,새절,5146,5096,10242
202202,6호선,석계,5264,5410,10674
202202,6호선,신당,3197,3776,6973
202202,6호선,안암,3616,3961,7577
202202,6호선,약수,1439,1465,2904
202202,6호선,역촌,1641,2008,3649
202202,6호선,연신내,1,0,1
202202,6호선,월곡,4561,4554,9115
202202,6호선,월드컵경기장,2537,2559,5096
202202,6호선,응암,7751,7884,15635
202202,6호선,이태원,7028,6439,13467
202202,6호선,증산,4479,4687,9166
202202,6호선,창신,1403,1256,2659
202202,6호선,청구,1404,1353,2757
202202,6호선,태릉입구,2473,2585,5058
202202,6호선,한강진,6191,6796,12987
202202,6호선,합정,8357,7292,15649
202202,6호선,화랑대,4496,3851,8347
202202,6호선,효창공원앞,2783,2527,5310
202202,7호선,가산디지털단지,8016,7410,15426
202202,7호선,강남구청,4535,4943,9478
202202,7호선,건대입구,6529,6569,13098
202202,7호선,고속터미널,8562,5988,14550
202202,7호선,공릉,5165,5314,10479
202202,7호선,광명사거리,10025,10014,20039
202202,7호선,군자,6415,5042,11457
202202,7호선,남구로,5307,5170,10477
202202,7호선,남성,4429,4475,8904
202202,7호선,내방,4277,4519,8796
202202,7호선,노원,9411,9211,18622
202202,7호선,논현,5085,5436,10521
202202,7호선,대림,4925,4587,9512
202202,7호선,도봉산,4450,5831,10281
202202,7호선,뚝섬유원지,3738,3639,7377
202202,7호선,마들,4812,4637,9449
202202,7호선,먹골,4470,4466,8936
202202,7호선,면목,6820,6680,13500
202202,7호선,반포,2375,2328,4703
202202,7호선,보라매,3677,3596,7273
202202,7호선,부평구청,1,0,1
202202,7호선,사가정,7437,7328,14765
202202,7호선,상도,4175,4213,8388
202202,7호선,상봉,7721,7337,15058
202202,7호선,수락산,6607,6368,12975
202202,7호선,숭실대입구,4585,4994,9579
202202,7호선,신대방삼거리,6834,6626,13460
202202,7호선,신풍,4822,4618,9440
202202,7호선,어린이대공원,5991,6018,12009
202202,7호선,온수,3119,3074,6193
202202,7호선,용마산,2665,3055,5720
202202,7호선,이수,7008,6638,13646
202202,7호선,장승배기,4039,3982,8021
202202,7호선,장암,909,653,1562
202202,7호선,중계,5428,5075,10503
202202,7호선,중곡,4283,4330,8613
202202,7호선,중화,4702,4596,9298
202202,7호선,천왕,4003,4012,8015
202202,7호선,철산,8056,8074,16130
202202,7호선,청담,5415,5906,11321
202202,7호선,태릉입구,3899,3697,7596
202202,7호선,하계,7313,7049,14362
202202,7호선,학동,4882,5288,10170
202202,8호선,가락시장,2486,3198,5684
202202,8호선,강동구청,3809,4075,7884
202202,8호선,남위례,1640,1749,3389
202202,8호선,남한산성입구,5496,5172,10668
202202,8호선,단대오거리,4530,4557,9087
202202,8호선,모란,2188,1785,3973
202202,8호선,몽촌토성,2605,2623,5228
202202,8호선,문정,4384,4591,8975
202202,8호선,복정,3782,3553,7335
202202,8호선,산성,2416,2507,4923
202202,8호선,석촌,3509,4126,7635
202202,8호선,송파,2861,3048,5909
202202,8호선,수진,2558,2279,4837
202202,8호선,신흥,2178,2368,4546
202202,8호선,암사,7344,7126,14470
202202,8호선,잠실,7800,8573,16373
202202,8호선,장지,7330,7894,15224
202202,8호선,천호,7387,8289,15676
202202,9호선,가양,8361,8251,16612
202202,9호선,개화,735,735,1470
202202,9호선,고속터미널,7257,10003,17260
202202,9호선,공항시장,1510,1595,3105
202202,9호선,구반포,428,462,890
202202,9호선,국회의사당,3901,3734,7635
202202,9호선,김포공항,6376,9830,16206
202202,9호선,노들,2106,1885,3991
202202,9호선,노량진,12058,12666,24724
202202,9호선,당산,7133,7026,14159
202202,9호선,동작,1619,1156,2775
202202,9호선,등촌,4264,4431,8695
202202,9호선,마곡나루,4691,4794,9485
202202,9호선,사평,1231,1330,2561
202202,9호선,샛강,1306,1350,2656
202202,9호선,선유도,2347,2328,4675
202202,9호선,신논현,13147,12232,25379
202202,9호선,신목동,1351,1240,2591
202202,9호선,신반포,1230,1315,2545
202202,9호선,신방화,2920,2972,5892
202202,9호선,양천향교,3428,3682,7110
202202,9호선,여의도,7240,6509,13749
202202,9호선,염창,7023,7001,14024
202202,9호선,증미,2430,2491,4921
202202,9호선,흑석,3004,3257,6261
202202,9호선2~3단계,둔촌오륜,437,385,822
202202,9호선2~3단계,봉은사,6348,6361,12709
202202,9호선2~3단계,삼성중앙,1643,1778,3421
202202,9호선2~3단계,삼전,3126,3060,6186
202202,9호선2~3단계,석촌,3762,3393,7155
202202,9호선2~3단계,석촌고분,2577,2701,5278
202202,9호선2~3단계,선정릉,2275,2612,4887
202202,9호선2~3단계,송파나루,2650,2749,5399
202202,9호선2~3단계,언주,3015,3146,6161
202202,9호선2~3단계,올림픽공원,3016,3096,6112
202202,9호선2~3단계,종합운동장,1910,1683,3593
202202,9호선2~3단계,중앙보훈병원,2666,2600,5266
202202,9호선2~3단계,한성백제,1002,948,1950
202202,경강선,경기광주,2928,3082,6010
202202,경강선,곤지암,1214,1265,2479
202202,경강선,부발,1057,1717,2774
202202,경강선,삼동,865,869,1734
202202,경강선,세종대왕릉,154,140,294
202202,경강선,신둔도예촌,624,641,1265
202202,경강선,여주,1341,1266,2607
202202,경강선,이매,502,350,852
202202,경강선,이천,1504,1687,3191
202202,경강선,초월,1239,1230,2469
202202,경강선,판교,2071,1837,3908
202202,경부선,가산디지털단지,3571,4801,8372
202202,경부선,관악,3579,3343,6922
202202,경부선,광명,1826,1344,3170
202202,경부선,구로,7352,7211,14563
202202,경부선,군포,2403,2284,4687
202202,경부선,금정,10405,10908,21313
202202,경부선,금천구청,4829,4725,9554
202202,경부선,남영,3399,3578,6977
202202,경부선,노량진,4371,4327,8698
202202,경부선,당정,2232,2223,4455
202202,경부선,대방,4621,4863,9484
202202,경부선,독산,4850,4831,9681
202202,경부선,두정,2889,3117,6006
202202,경부선,명학,2544,2506,5050
202202,경부선,병점,6929,7584,14513
202202,경부선,서동탄,538,525,1063
202202,경부선,서울역,5455,1186,6641
202202,경부선,서정리,3320,4856,8176
202202,경부선,석수,3902,3768,7670
202202,경부선,성균관대,5834,6123,11957
202202,경부선,성환,1676,1909,3585
202202,경부선,세류,1441,1475,2916
202202,경부선,세마,1330,1257,2587
202202,경부선,송탄,2518,3031,5549
202202,경부선,수원,24166,23281,47447
202202,경부선,신길,3709,3253,6962
202202,경부선,신도림,1986,1828,3814
202202,경부선,안양,10589,10182,20771
202202,경부선,영등포,24991,23960,48951
202202,경부선,오산,5426,5929,11355
202202,경부선,오산대,1501,1440,2941
202202,경부선,용산,22868,20268,43136
202202,경부선,의왕,3149,3237,6386
202202,경부선,직산,335,403,738
202202,경부선,진위,600,589,1189
202202,경부선,천안,3969,3833,7802
202202,경부선,평택,7765,8173,15938
202202,경부선,평택지제,1971,1838,3809
202202,경부선,화서,2962,2921,5883
202202,경원선,가능,3055,2815,5870
202202,경원선,광운대,3121,3206,6327
202202,경원선,녹양,2020,1968,3988
202202,경원선,녹천,1985,1719,3704
202202,경원선,덕계,1363,1327,2690
202202,경원선,덕정,2373,2542,4915
202202,경원선,도봉,2790,2699,5489
202202,경원선,도봉산,5813,4353,10166
202202,경원선,동두천,940,1073,2013
202202,경원선,동두천중앙,1546,1477,3023
202202,경원선,망월사,3551,3702,7253
202202,경원선,방학,4912,4663,9575
202202,경원선,보산,885,836,1721
202202,경원선,서빙고,1052,1091,2143
202202,경원선,석계,3804,4117,7921
202202,경원선,소요산,2318,2060,4378
202202,경원선,신이문,3808,3574,7382
202202,경원선,양주,3628,3696,7324
202202,경원선,옥수,36,22,58
202202,경원선,왕십리,7001,8179,15180
202202,경원선,외대앞,3635,3717,7352
202202,경원선,월계,2965,2851,5816
202202,경원선,응봉,816,776,1592
202202,경원선,의정부,11022,10991,22013
202202,경원선,이촌,1656,1332,2988
202202,경원선,지행,3279,3211,6490
202202,경원선,청량리,10819,9336,20155
202202,경원선,한남,1567,1584,3151
202202,경원선,회룡,5902,5946,11848
202202,경의선,가좌,2256,2311,4567
202202,경의선,강매,1235,1107,2342
202202,경의선,곡산,232,210,442
202202,경의선,공덕,1390,1096,2486
202202,경의선,금릉,2092,2144,4236
202202,경의선,금촌,3344,3583,6927
202202,경의선,능곡,1687,1647,3334
202202,경의선,디지털미디어시티,1037,1019,2056
202202,경의선,문산,2523,2627,5150
202202,경의선,백마,2646,2618,5264
202202,경의선,서강대,993,983,1976
202202,경의선,서울역,684,680,1364
202202,경의선,수색,708,760,1468
202202,경의선,신촌,202,202,404
202202,경의선,야당,3711,3570,7281
202202,경의선,운정,2842,2795,5637
202202,경의선,월롱,748,1658,2406
202202,경의선,일산,3582,3480,7062
202202,경의선,임진강,25,18,43
202202,경의선,탄현,3285,3187,6472
202202,경의선,파주,440,397,837
202202,경의선,풍산,2644,2567,5211
202202,경의선,행신,3320,3027,6347
202202,경의선,홍대입구,1241,1490,2731
202202,경의선,화전,506,522,1028
202202,경의선,효창공원앞,1047,1316,2363
202202,경인선,간석,2471,2488,4959
202202,경인선,개봉,9154,9313,18467
202202,경인선,구일,2452,2507,4959
202202,경인선,도원,1239,1248,2487
202202,경인선,도화,1912,1882,3794
202202,경인선,동암,7309,7413,14722
202202,경인선,동인천,7405,7115,14520
202202,경인선,백운,3015,3060,6075
202202,경인선,부개,3869,3637,7506
202202,경인선,부천,17579,17216,34795
202202,경인선,부평,18075,18280,36355
202202,경인선,소사,4039,3852,7891
202202,경인선,송내,10073,10011,20084
202202,경인선,역곡,11448,11420,22868
202202,경인선,오류동,5944,5466,11410
202202,경인선,온수,2849,2720,5569
202202,경인선,인천,2369,1891,4260
202202,경인선,제물포,4377,4219,8596
202202,경인선,주안,9229,8084,17313
202202,경인선,중동,3911,3653,7564
202202,경춘선,가평,1168,1001,2169
202202,경춘선,갈매,1123,979,2102
202202,경춘선,강촌,399,372,771
202202,경춘선,굴봉산,146,134,280
202202,경춘선,금곡,697,681,1378
202202,경춘선,김유정,312,268,580
202202,경춘선,남춘천,1614,1579,3193
202202,경춘선,대성리,359,279,638
202202,경춘선,마석,1809,1719,3528
202202,경춘선,백양리,275,216,491
202202,경춘선,별내,1465,1356,2821
202202,경춘선,사릉,1298,1335,2633
202202,경춘선,상천,187,164,351
202202,경춘선,신내,706,720,1426
202202,경춘선,천마산,849,818,1667
202202,경춘선,청평,1036,863,1899
202202,경춘선,춘천,861,760,1621
202202,경춘선,퇴계원,1516,1447,2963
202202,경춘선,평내호평,2567,2500,5067
202202,공항철도 1호선,검암,2769,2859,5628
202202,공항철도 1호선,계양,3999,4070,8069
202202,공항철도 1호선,공덕,931,1280,2211
202202,공항철도 1호선,공항화물청사,887,936,1823
202202,공항철도 1호선,김포공항,10724,4776,15500
202202,공항철도 1호선,디지털미디어시티,2984,2962,5946
202202,공항철도 1호선,마곡나루,1758,1998,3756
202202,공항철도 1호선,서울역,5533,4575,10108
202202,공항철도 1호선,영종,1718,1728,3446
202202,공항철도 1호선,운서,4045,4338,8383
202202,공항철도 1호선,인천공항1터미널,2670,2869,5539
202202,공항철도 1호선,인천공항2터미널,1580,1554,3134
202202,공항철도 1호선,청라국제도시,2460,2463,4923
202202,공항철도 1호선,홍대입구,7832,7537,15369
202202,과천선,경마공원,427,387,814
202202,과천선,과천,2741,2677,5418
202202,과천선,대공원,2635,2791,5426
202202,과천선,범계,11418,11059,22477
202202,과천선,선바위,2657,2600,5257
202202,과천선,인덕원,9020,9132,18152
202202,과천선,정부과천청사,3317,3589,6906
202202,과천선,평촌,4805,4691,9496
202202,분당선,가천대,2838,3429,6267
202202,분당선,강남구청,2535,3193,5728
202202,분당선,개포동,1665,1787,3452
202202,분당선,구룡,570,665,1235
202202,분당선,구성,1829,2031,3860
202202,분당선,기흥,3906,3749,7655
202202,분당선,대모산입구,1846,1766,3612
202202,분당선,도곡,2104,2148,4252
202202,분당선,망포,5240,5511,10751
202202,분당선,매교,1124,1191,2315
202202,분당선,매탄권선,1994,2060,4054
202202,분당선,모란,9230,9412,18642
202202,분당선,미금,5919,6307,12226
202202,분당선,보정,891,869,1760
202202,분당선,상갈,2261,2383,4644
202202,분당선,서울숲,4395,4420,8815
202202,분당선,서현,12093,12097,24190
202202,분당선,선릉,2289,3480,5769
202202,분당선,선정릉,1606,1641,3247
202202,분당선,수내,4935,4824,9759
202202,분당선,수서,7261,6320,13581
202202,분당선,수원,4438,3630,8068
202202,분당선,수원시청,5851,5753,11604
202202,분당선,신갈,1565,1639,3204
202202,분당선,압구정로데오,9213,9582,18795
202202,분당선,야탑,11261,11351,22612
202202,분당선,영통,3959,4009,7968
202202,분당선,오리,4174,3733,7907
202202,분당선,이매,2456,2570,5026
202202,분당선,정자,6360,6372,12732
202202,분당선,죽전,6292,7273,13565
202202,분당선,청명,1509,1619,3128
202202,분당선,태평,6742,6370,13112
202202,분당선,한티,7327,7075,14402
202202,수인선,고색,1451,1566,3017
202202,수인선,남동인더스파크,436,445,881
202202,수인선,달월,34,26,60
202202,수인선,사리,1989,1673,3662
202202,수인선,소래포구,2874,2791,5665
202202,수인선,송도,1236,1257,2493
202202,수인선,숭의,1613,1414,3027
202202,수인선,신포,871,879,1750
202202,수인선,야목,169,131,300
202202,수인선,어천,388,431,819
202202,수인선,연수,2269,2254,4523
202202,수인선,오목천,1176,1151,2327
202202,수인선,원인재,2226,2259,4485
202202,수인선,월곶,1387,1242,2629
202202,수인선,인천,800,1099,1899
202202,수인선,인천논현,2396,2532,4928
202202,수인선,인하대,2552,2541,5093
202202,수인선,호구포,1553,1573,3126
202202,안산선,고잔,3337,3140,6477
202202,안산선,대야미,2119,2012,4131
202202,안산선,반월,1876,1894,3770
202202,안산선,산본,7115,7615,14730
202202,안산선,상록수,7171,7175,14346
202202,안산선,수리산,1596,1570,3166
202202,안산선,신길온천,763,737,1500
202202,안산선,안산,6419,6079,12498
202202,안산선,오이도,4095,4077,8172
202202,안산선,정왕,3549,3836,7385
202202,안산선,중앙,8859,8797,17656
202202,안산선,초지,1686,1731,3417
202202,안산선,한대앞,4009,3953,7962
202202,우이신설선,4.19민주묘지,1468,1315,2783
202202,우이신설선,가오리,1972,1866,3838
202202,우이신설선,보문,846,850,1696
202202,우이신설선,북한산보국문,3131,2882,6013
202202,우이신설선,북한산우이,2234,2212,4446
202202,우이신설선,삼양,1041,1120,2161
202202,우이신설선,삼양사거리,1309,1299,2608
202202,우이신설선,성신여대입구,1932,2098,4030
202202,우이신설선,솔밭공원,1200,1126,2326
202202,우이신설선,솔샘,2292,2211,4503
202202,우이신설선,신설동,973,1005,1978
202202,우이신설선,정릉,2203,1960,4163
202202,우이신설선,화계,1681,1585,3266
202202,일산선,대곡,761,623,1384
202202,일산선,대화,4836,4463,9299
202202,일산선,마두,2734,2754,5488
202202,일산선,백석,4341,4329,8670
202202,일산선,삼송,9041,8930,17971
202202,일산선,원당,4886,4793,9679
202202,일산선,원흥,4341,4162,8503
202202,일산선,정발산,3978,3914,7892
202202,일산선,주엽,3526,3530,7056
202202,일산선,화정,7775,8044,15819
202202,장항선,배방,524,651,1175
202202,장항선,봉명,439,441,880
202202,장항선,신창,547,637,1184
202202,장항선,쌍용,863,901,1764
202202,장항선,아산,2100,1437,3537
202202,장항선,온양온천,2209,2303,4512
202202,장항선,탕정,272,320,592
202202,중앙선,구리,5811,6172,11983
202202,중앙선,국수,411,403,814
202202,중앙선,덕소,2665,2657,5322
202202,중앙선,도농,3868,3885,7753
202202,중앙선,도심,896,813,1709
202202,중앙선,망우,3844,3806,7650
202202,중앙선,상봉,2931,3031,5962
202202,중앙선,신원,148,107,255
202202,중앙선,아신,308,299,607
202202,중앙선,양수,1095,1061,2156
202202,중앙선,양원,841,835,1676
202202,중앙선,양정,306,237,543
202202,중앙선,양평,1333,1252,2585
202202,중앙선,오빈,108,112,220
202202,중앙선,용문,1212,1003,2215
202202,중앙선,운길산,669,636,1305
202202,중앙선,원덕,186,177,363
202202,중앙선,중랑,2638,2625,5263
202202,중앙선,지평,46,28,74
202202,중앙선,팔당,878,898,1776
202202,중앙선,회기,11887,11863,23750
202202,1호선,동대문,9279,8508,17787
202202,1호선,동묘앞,10166,10566,20732
202202,1호선,서울역,25027,25115,50142
202202,1호선,시청,9220,9699,18919
202202,1호선,신설동,9288,8709,17997
202202,1호선,제기동,14298,14846,29144
202202,1호선,종각,15857,14805,30662
202202,1호선,종로3가,20757,18690,39447
202202,1호선,종로5가,16296,16389,32685
202202,1호선,청량리,16459,16798,33257
202202,2호선,강남,56473,55193,111666
202202,2호선,강변,22057,21964,44021
202202,2호선,건대입구,29724,31837,61561
202202,2호선,교대,15568,17343,32911
202202,2호선,구로디지털단지,31094,30496,61590
202202,2호선,구의,15027,14801,29828
202202,2호선,낙성대,19030,17834,36864
202202,2호선,당산,11292,12207,23499
202202,2호선,대림,16249,17059,33308
202202,2호선,도림천,765,736,1501
202202,2호선,동대문역사문화공원,9086,9947,19033
202202,2호선,뚝섬,12347,12528,24875
202202,2호선,문래,11868,12559,24427
202202,2호선,방배,8573,8956,17529
202202,2호선,봉천,15807,14770,30577
202202,2호선,사당,27458,29598,57056
202202,2호선,삼성,24022,23963,47985
202202,2호선,상왕십리,8748,8449,17197
202202,2호선,서울대입구,34877,34137,69014
202202,2호선,서초,9722,8521,18243
202202,2호선,선릉,21814,19482,41296
202202,2호선,성수,18142,20031,38173
202202,2호선,시청,7806,7082,14888
202202,2호선,신답,972,964,1936
202202,2호선,신당,10066,10701,20767
202202,2호선,신대방,18289,17812,36101
202202,2호선,신도림,36328,36715,73043
202202,2호선,신림,45930,44514,90444
202202,2호선,신설동,3180,3253,6433
202202,2호선,신정네거리,6747,6849,13596
202202,2호선,신촌,25833,25816,51649
202202,2호선,아현,6613,6337,12950
202202,2호선,양천구청,4134,4183,8317
202202,2호선,역삼,17654,19453,37107
202202,2호선,영등포구청,11970,12443,24413
202202,2호선,왕십리,11563,10174,21737
202202,2호선,용답,1880,1820,3700
202202,2호선,용두,1526,1580,3106
202202,2호선,을지로3가,9278,9066,18344
202202,2호선,을지로4가,6361,6551,12912
202202,2호선,을지로입구,17962,17548,35510
202202,2호선,이대,8634,8970,17604
202202,2호선,잠실,54470,51844,106314
202202,2호선,잠실나루,6549,6413,12962
202202,2호선,잠실새내,14878,15450,30328
202202,2호선,종합운동장,4733,5070,9803
202202,2호선,충정로,5092,5485,10577
202202,2호선,한양대,3469,3555,7024
202202,2호선,합정,25608,27756,53364
202202,2호선,홍대입구,54688,57313,112001
202202,3호선,가락시장,5443,5058,10501
202202,3호선,경복궁,13616,14071,27687
202202,3호선,경찰병원,3535,3494,7029
202202,3호선,고속터미널,40908,40316,81224
202202,3호선,교대,6204,3711,9915
202202,3호선,구파발,13293,13198,26491
202202,3호선,금호,5287,4890,10177
202202,3호선,남부터미널,18481,18182,36663
202202,3호선,녹번,9234,8110,17344
202202,3호선,대청,5482,5076,10558
202202,3호선,대치,8659,7809,16468
202202,3호선,도곡,3106,3107,6213
202202,3호선,독립문,5048,5362,10410
202202,3호선,동대입구,6308,6810,13118
202202,3호선,매봉,5807,5588,11395
202202,3호선,무악재,2384,2538,4922
202202,3호선,불광,11681,13247,24928
202202,3호선,수서,11683,12053,23736
202202,3호선,신사,24743,25282,50025
202202,3호선,안국,12941,14302,27243
202202,3호선,압구정,23662,24654,48316
202202,3호선,약수,8358,7712,16070
202202,3호선,양재,19240,20522,39762
202202,3호선,연신내,26618,25342,51960
202202,3호선,오금,3432,3318,6750
202202,3호선,옥수,6115,6188,12303
202202,3호선,을지로3가,4457,4626,9083
202202,3호선,일원,5639,5393,11032
202202,3호선,잠원,2903,2800,5703
202202,3호선,종로3가,5192,6884,12076
202202,3호선,지축,2778,2615,5393
202202,3호선,학여울,2705,2924,5629
202202,3호선,홍제,11977,11399,23376
202202,4호선,길음,12750,12408,25158
202202,4호선,남태령,805,542,1347
202202,4호선,노원,14459,15708,30167
202202,4호선,당고개,9298,8782,18080
202202,4호선,동대문,11479,11406,22885
202202,4호선,동대문역사문화공원,10038,8945,18983
202202,4호선,동작,1249,1295,2544
202202,4호선,명동,11468,13069,24537
202202,4호선,미아,9864,9525,19389
202202,4호선,미아사거리,19906,18917,38823
202202,4호선,사당,18091,16036,34127
202202,4호선,삼각지,3199,4040,7239
202202,4호선,상계,12736,11979,24715
202202,4호선,서울역,4896,10154,15050
202202,4호선,성신여대입구,14883,14360,29243
202202,4호선,수유,24207,23930,48137
202202,4호선,숙대입구,8120,7869,15989
202202,4호선,신용산,8903,9771,18674
202202,4호선,쌍문,19705,18059,37764
202202,4호선,이촌,5762,6390,12152
202202,4호선,창동,18484,19365,37849
202202,4호선,총신대입구,12811,13840,26651
202202,4호선,충무로,11195,11580,22775
202202,4호선,한성대입구,9362,8943,18305
202202,4호선,혜화,25265,25599,50864
202202,4호선,회현,15015,16381,31396
202202,5호선,강동,11929,11304,23233
202202,5호선,강일,2644,2467,5111
202202,5호선,개롱,3935,3995,7930
202202,5호선,개화산,3461,3417,6878
202202,5호선,거여,5515,5274,10789
202202,5호선,고덕,5613,5593,11206
202202,5호선,공덕,6351,6432,12783
202202,5호선,광나루,9322,8894,18216
202202,5호선,광화문,12032,12203,24235
202202,5호선,군자,7772,8380,16152
202202,5호선,굽은다리,6421,6041,12462
202202,5호선,길동,5601,5753,11354
202202,5호선,김포공항,6778,6765,13543
202202,5호선,까치산,19458,18861,38319
202202,5호선,답십리,9366,8645,18011
202202,5호선,동대문역사문화공원,920,1181,2101
202202,5호선,둔촌동,5591,5649,11240
202202,5호선,마곡,5141,5128,10269
202202,5호선,마장,3547,3319,6866
202202,5호선,마천,4440,4595,9035
202202,5호선,마포,6755,6909,13664
202202,5호선,명일,5469,5579,11048
202202,5호선,목동,10713,10936,21649
202202,5호선,미사,10637,10607,21244
202202,5호선,발산,12309,13024,25333
202202,5호선,방이,4845,4839,9684
202202,5호선,방화,4434,4203,8637
202202,5호선,상일동,8352,7820,16172
202202,5호선,서대문,6618,6424,13042
202202,5호선,송정,4451,4474,8925
202202,5호선,신금호,3923,4031,7954
202202,5호선,신길,2351,2439,4790
202202,5호선,신정,8166,7140,15306
202202,5호선,아차산,10960,10716,21676
202202,5호선,애오개,3305,3240,6545
202202,5호선,양평,3433,3361,6794
202202,5호선,여의나루,6533,7726,14259
202202,5호선,여의도,10132,10700,20832
202202,5호선,영등포구청,1856,1818,3674
202202,5호선,영등포시장,7503,7752,15255
202202,5호선,오금,1959,1853,3812
202202,5호선,오목교,15039,15423,30462
202202,5호선,올림픽공원,2677,2367,5044
202202,5호선,왕십리,3293,3819,7112
202202,5호선,우장산,8903,8852,17755
202202,5호선,을지로4가,3004,3480,6484
202202,5호선,장한평,10321,10387,20708
202202,5호선,종로3가,10364,10321,20685
202202,5호선,천호,15428,14490,29918
202202,5호선,청구,2393,2234,4627
202202,5호선,충정로,1705,1626,3331
202202,5호선,하남검단산,4778,4679,9457
202202,5호선,하남시청,4716,4557,9273
202202,5호선,하남풍산,2392,2469,4861
202202,5호선,행당,4829,4188,9017
202202,5호선,화곡,18454,17208,35662
202202,6호선,고려대,5043,4931,9974
202202,6호선,공덕,9077,8545,17622
202202,6호선,광흥창,4794,4510,9304
202202,6호선,구산,4924,3710,8634
202202,6호선,녹사평,4138,4392,8530
202202,6호선,대흥,4796,4834,9630
202202,6호선,독바위,1810,2033,3843
202202,6호선,돌곶이,5483,5132,10615
202202,6호선,동묘앞,7046,6658,13704
202202,6호선,디지털미디어시티,6642,6844,13486
202202,6호선,마포구청,8754,7933,16687
202202,6호선,망원,12088,13104,25192
202202,6호선,버티고개,1288,1361,2649
202202,6호선,보문,4839,4399,9238
202202,6호선,봉화산,4822,4657,9479
202202,6호선,불광,3361,3023,6384
202202,6호선,삼각지,4479,3540,8019
202202,6호선,상수,7330,8344,15674
202202,6호선,상월곡,3667,3259,6926
202202,6호선,새절,8012,7632,15644
202202,6호선,석계,7870,7956,15826
202202,6호선,신당,5769,4963,10732
202202,6호선,안암,5444,5376,10820
202202,6호선,약수,2218,2341,4559
202202,6호선,역촌,2450,2901,5351
202202,6호선,월곡,6650,6647,13297
202202,6호선,월드컵경기장,3444,3502,6946
202202,6호선,응암,11658,11448,23106
202202,6호선,이태원,10395,10769,21164
202202,6호선,증산,6733,6811,13544
202202,6호선,창신,2008,1609,3617
202202,6호선,청구,2240,2206,4446
202202,6호선,태릉입구,3722,3990,7712
202202,6호선,한강진,6345,7686,14031
202202,6호선,합정,11309,10284,21593
202202,6호선,화랑대,6360,5437,11797
202202,6호선,효창공원앞,4302,3912,8214
202202,7호선,가산디지털단지,12964,11781,24745
202202,7호선,강남구청,9332,10063,19395
202202,7호선,건대입구,9591,9777,19368
202202,7호선,고속터미널,12024,9659,21683
202202,7호선,공릉,7943,8046,15989
202202,7호선,광명사거리,15308,15525,30833
202202,7호선,군자,9874,7650,17524
202202,7호선,굴포천,1,0,1
202202,7호선,남구로,7600,7877,15477
202202,7호선,남성,6997,6499,13496
202202,7호선,내방,7238,7150,14388
202202,7호선,노원,14328,14296,28624
202202,7호선,논현,10503,11286,21789
202202,7호선,대림,6042,6518,12560
202202,7호선,도봉산,5773,7939,13712
202202,7호선,뚝섬유원지,6260,6054,12314
202202,7호선,마들,8191,7782,15973
202202,7호선,먹골,7423,7331,14754
202202,7호선,면목,10312,10116,20428
202202,7호선,반포,3947,3657,7604
202202,7호선,보라매,5487,5346,10833
202202,7호선,사가정,11165,11000,22165
202202,7호선,상도,6633,6210,12843
202202,7호선,상동,2,0,2
202202,7호선,상봉,12235,11644,23879
202202,7호선,수락산,9077,8811,17888
202202,7호선,숭실대입구,7032,7327,14359
202202,7호선,신대방삼거리,10428,9710,20138
202202,7호선,신풍,7310,6990,14300
202202,7호선,어린이대공원,8039,8115,16154
202202,7호선,온수,5085,5038,10123
202202,7호선,용마산,4223,4311,8534
202202,7호선,이수,10966,10141,21107
202202,7호선,장승배기,5997,5758,11755
202202,7호선,장암,1402,998,2400
202202,7호선,중계,8324,7460,15784
202202,7호선,중곡,6520,6148,12668
202202,7호선,중화,7323,7065,14388
202202,7호선,천왕,6205,5989,12194
202202,7호선,철산,13621,13706,27327
202202,7호선,청담,10248,10999,21247
202202,7호선,태릉입구,5894,5441,11335
202202,7호선,하계,10952,10321,21273
202202,7호선,학동,10120,10617,20737
202202,8호선,가락시장,4871,5054,9925
202202,8호선,강동구청,5670,5634,11304
202202,8호선,남위례,2806,2902,5708
202202,8호선,남한산성입구,8257,7475,15732
202202,8호선,단대오거리,6856,6665,13521
202202,8호선,모란,3339,2844,6183
202202,8호선,몽촌토성,3744,3778,7522
202202,8호선,문정,8035,8202,16237
202202,8호선,복정,5771,4946,10717
202202,8호선,산성,3541,3652,7193
202202,8호선,석촌,5320,6488,11808
202202,8호선,송파,4500,4529,9029
202202,8호선,수진,3828,3474,7302
202202,8호선,신흥,3227,3504,6731
202202,8호선,암사,11234,10308,21542
202202,8호선,잠실,10971,12733,23704
202202,8호선,장지,10861,10159,21020
202202,8호선,천호,11085,13021,24106
202202,9호선,가양,12710,12085,24795
202202,9호선,개화,1159,1051,2210
202202,9호선,고속터미널,10135,14510,24645
202202,9호선,공항시장,2101,2240,4341
202202,9호선,구반포,1080,1138,2218
202202,9호선,국회의사당,4384,4590,8974
202202,9호선,김포공항,6879,11143,18022
202202,9호선,노들,2889,2450,5339
202202,9호선,노량진,18893,18681,37574
202202,9호선,당산,11525,10954,22479
202202,9호선,동작,1581,1237,2818
202202,9호선,등촌,6643,6527,13170
202202,9호선,마곡나루,7335,7203,14538
202202,9호선,사평,1934,1873,3807
202202,9호선,샛강,2138,2158,4296
202202,9호선,선유도,3484,3352,6836
202202,9호선,신논현,23250,23009,46259
202202,9호선,신목동,2066,1733,3799
202202,9호선,신반포,2282,2123,4405
202202,9호선,신방화,4329,4144,8473
202202,9호선,양천향교,5309,5300,10609
202202,9호선,여의도,10954,10273,21227
202202,9호선,염창,10562,10130,20692
202202,9호선,증미,3825,3603,7428
202202,9호선,흑석,4920,4869,9789
202202,9호선2~3단계,둔촌오륜,520,549,1069
202202,9호선2~3단계,봉은사,9028,9470,18498
202202,9호선2~3단계,삼성중앙,2801,2964,5765
202202,9호선2~3단계,삼전,4579,4262,8841
202202,9호선2~3단계,석촌,5998,5238,11236
202202,9호선2~3단계,석촌고분,4013,3777,7790
202202,9호선2~3단계,선정릉,4298,4671,8969
202202,9호선2~3단계,송파나루,3832,4159,7991
202202,9호선2~3단계,언주,5823,5894,11717
202202,9호선2~3단계,올림픽공원,5347,5113,10460
202202,9호선2~3단계,종합운동장,2880,2655,5535
202202,9호선2~3단계,중앙보훈병원,4188,3929,8117
202202,9호선2~3단계,한성백제,1650,1374,3024
202202,경강선,경기광주,4720,4512,9232
202202,경강선,곤지암,1734,1703,3437
202202,경강선,부발,1822,1500,3322
202202,경강선,삼동,1342,1320,2662
202202,경강선,세종대왕릉,249,289,538
202202,경강선,신둔도예촌,966,940,1906
202202,경강선,여주,1693,1782,3475
202202,경강선,이매,721,565,1286
202202,경강선,이천,2370,2496,4866
202202,경강선,초월,1987,1863,3850
202202,경강선,판교,2735,2699,5434
202202,경부선,가산디지털단지,5732,7490,13222
202202,경부선,관악,5418,5066,10484
202202,경부선,광명,2223,2099,4322
202202,경부선,구로,11548,11724,23272
202202,경부선,군포,3835,3569,7404
202202,경부선,금정,16589,16899,33488
202202,경부선,금천구청,7353,7477,14830
202202,경부선,남영,4965,5158,10123
202202,경부선,노량진,7178,6603,13781
202202,경부선,당정,3675,3446,7121
202202,경부선,대방,7009,7147,14156
202202,경부선,독산,8022,7849,15871
202202,경부선,두정,4220,4351,8571
202202,경부선,명학,4459,4281,8740
202202,경부선,병점,10315,10383,20698
202202,경부선,서동탄,806,826,1632
202202,경부선,서울역,5309,1663,6972
202202,경부선,서정리,6100,5105,11205
202202,경부선,석수,6096,5803,11899
202202,경부선,성균관대,8992,9163,18155
202202,경부선,성환,2368,2150,4518
202202,경부선,세류,2189,2163,4352
202202,경부선,세마,1869,1757,3626
202202,경부선,송탄,4201,3758,7959
202202,경부선,수원,31242,33652,64894
202202,경부선,신길,5608,4602,10210
202202,경부선,신도림,2704,2699,5403
202202,경부선,안양,15534,15625,31159
202202,경부선,영등포,34584,35601,70185
202202,경부선,오산,7897,7534,15431
202202,경부선,오산대,2368,2132,4500
202202,경부선,용산,27854,28818,56672
202202,경부선,의왕,5283,5149,10432
202202,경부선,직산,595,555,1150
202202,경부선,진위,902,786,1688
202202,경부선,천안,4817,5190,10007
202202,경부선,평택,11002,10689,21691
202202,경부선,평택지제,2712,2534,5246
202202,경부선,화서,4658,4692,9350
202202,경원선,가능,4679,4513,9192
202202,경원선,광운대,4733,4603,9336
202202,경원선,녹양,3128,2965,6093
202202,경원선,녹천,3085,2567,5652
202202,경원선,덕계,2189,2045,4234
202202,경원선,덕정,3934,3791,7725
202202,경원선,도봉,4143,3972,8115
202202,경원선,도봉산,7975,5629,13604
202202,경원선,동두천,1384,1729,3113
202202,경원선,동두천중앙,2274,2286,4560
202202,경원선,망월사,5403,5544,10947
202202,경원선,방학,6744,6456,13200
202202,경원선,보산,1329,1278,2607
202202,경원선,서빙고,1376,1348,2724
202202,경원선,석계,6031,6401,12432
202202,경원선,소요산,3014,2634,5648
202202,경원선,신이문,5531,5103,10634
202202,경원선,양주,5671,5288,10959
202202,경원선,옥수,31,25,56
202202,경원선,왕십리,11348,12684,24032
202202,경원선,외대앞,5197,5128,10325
202202,경원선,월계,4218,4108,8326
202202,경원선,응봉,1186,991,2177
202202,경원선,의정부,16062,16788,32850
202202,경원선,이촌,2554,1934,4488
202202,경원선,지행,4721,4808,9529
202202,경원선,청량리,13540,14362,27902
202202,경원선,한남,2528,2290,4818
202202,경원선,회룡,8841,8793,17634
202202,경의선,가좌,3397,3295,6692
202202,경의선,강매,1750,1633,3383
202202,경의선,곡산,330,332,662
202202,경의선,공덕,2412,1811,4223
202202,경의선,금릉,3260,3177,6437
202202,경의선,금촌,4730,4618,9348
202202,경의선,능곡,2512,2430,4942
202202,경의선,디지털미디어시티,1664,1556,3220
202202,경의선,문산,3825,3713,7538
202202,경의선,백마,3917,3700,7617
202202,경의선,서강대,1517,1451,2968
202202,경의선,서울역,1012,1164,2176
202202,경의선,수색,1362,1352,2714
202202,경의선,신촌,332,315,647
202202,경의선,야당,5353,5283,10636
202202,경의선,운정,4148,3959,8107
202202,경의선,월롱,1512,1304,2816
202202,경의선,일산,5581,5207,10788
202202,경의선,임진강,46,32,78
202202,경의선,탄현,4719,4650,9369
202202,경의선,파주,774,593,1367
202202,경의선,풍산,3833,3792,7625
202202,경의선,행신,4387,4524,8911
202202,경의선,홍대입구,1636,2019,3655
202202,경의선,화전,885,839,1724
202202,경의선,효창공원앞,1565,1761,3326
202202,경인선,간석,3867,3708,7575
202202,경인선,개봉,14425,14335,28760
202202,경인선,구일,3857,3590,7447
202202,경인선,도원,1873,1889,3762
202202,경인선,도화,2822,2631,5453
202202,경인선,동암,10763,11127,21890
202202,경인선,동인천,10180,10116,20296
202202,경인선,백운,4598,4592,9190
202202,경인선,부개,5646,5271,10917
202202,경인선,부천,25595,26394,51989
202202,경인선,부평,25181,27336,52517
202202,경인선,소사,6556,6339,12895
202202,경인선,송내,15872,15718,31590
202202,경인선,역곡,17875,17820,35695
202202,경인선,오류동,8076,7409,15485
202202,경인선,온수,4331,3908,8239
202202,경인선,인천,3372,2880,6252
202202,경인선,제물포,6567,6376,12943
202202,경인선,주안,13634,12134,25768
202202,경인선,중동,5949,5625,11574
202202,경춘선,가평,1396,1548,2944
202202,경춘선,갈매,1765,1543,3308
202202,경춘선,강촌,468,430,898
202202,경춘선,굴봉산,179,224,403
202202,경춘선,금곡,1010,1006,2016
202202,경춘선,김유정,393,438,831
202202,경춘선,남춘천,2760,2776,5536
202202,경춘선,대성리,461,468,929
202202,경춘선,마석,2667,2709,5376
202202,경춘선,백양리,377,349,726
202202,경춘선,별내,2123,2068,4191
202202,경춘선,사릉,1913,1900,3813
202202,경춘선,상천,313,269,582
202202,경춘선,신내,1147,1069,2216
202202,경춘선,천마산,1187,1231,2418
202202,경춘선,청평,1357,1456,2813
202202,경춘선,춘천,1321,1210,2531
202202,경춘선,퇴계원,2327,2181,4508
202202,경춘선,평내호평,4047,3905,7952
202202,공항철도 1호선,검암,4100,4123,8223
202202,공항철도 1호선,계양,5885,5652,11537
202202,공항철도 1호선,공덕,1335,2129,3464
202202,공항철도 1호선,공항화물청사,1239,1167,2406
202202,공항철도 1호선,김포공항,11123,5356,16479
202202,공항철도 1호선,디지털미디어시티,4633,4340,8973
202202,공항철도 1호선,마곡나루,2849,3050,5899
202202,공항철도 1호선,서울역,6125,6014,12139
202202,공항철도 1호선,영종,2554,2518,5072
202202,공항철도 1호선,운서,5386,5501,10887
202202,공항철도 1호선,인천공항1터미널,2990,3301,6291
202202,공항철도 1호선,인천공항2터미널,1713,1645,3358
202202,공항철도 1호선,청라국제도시,3630,3506,7136
202202,공항철도 1호선,홍대입구,10652,10230,20882
202202,과천선,경마공원,7868,7935,15803
202202,과천선,과천,3970,3753,7723
202202,과천선,대공원,3740,3972,7712
202202,과천선,범계,18100,17602,35702
202202,과천선,선바위,4670,3998,8668
202202,과천선,인덕원,14335,14170,28505
202202,과천선,정부과천청사,5279,5445,10724
202202,과천선,평촌,8307,8035,16342
202202,분당선,가천대,4315,4913,9228
202202,분당선,강남구청,5158,6367,11525
202202,분당선,개포동,2357,2361,4718
202202,분당선,구룡,1160,1033,2193
202202,분당선,구성,2933,3086,6019
202202,분당선,기흥,5838,5565,11403
202202,분당선,대모산입구,2704,2481,5185
202202,분당선,도곡,4247,3881,8128
202202,분당선,망포,8470,7788,16258
202202,분당선,매교,1910,1783,3693
202202,분당선,매탄권선,3264,3088,6352
202202,분당선,모란,14791,14780,29571
202202,분당선,미금,10017,10398,20415
202202,분당선,보정,1381,1351,2732
202202,분당선,복정,2,0,2
202202,분당선,상갈,3290,3242,6532
202202,분당선,서울숲,6685,6912,13597
202202,분당선,서현,17770,17861,35631
202202,분당선,선릉,4423,6958,11381
202202,분당선,선정릉,3207,3327,6534
202202,분당선,수내,7996,7523,15519
202202,분당선,수서,9159,9700,18859
202202,분당선,수원,6535,5480,12015
202202,분당선,수원시청,10177,10869,21046
202202,분당선,신갈,2411,2432,4843
202202,분당선,압구정로데오,18740,20415,39155
202202,분당선,야탑,15679,16400,32079
202202,분당선,영통,5823,5761,11584
202202,분당선,오리,6858,5580,12438
202202,분당선,이매,3698,3715,7413
202202,분당선,정자,9780,9968,19748
202202,분당선,죽전,9099,10228,19327
202202,분당선,청명,2372,2365,4737
202202,분당선,태평,9836,9445,19281
202202,분당선,한티,11694,11430,23124
202202,수인선,고색,2405,2372,4777
202202,수인선,남동인더스파크,971,916,1887
202202,수인선,달월,56,54,110
202202,수인선,사리,2973,2625,5598
202202,수인선,소래포구,4356,4443,8799
202202,수인선,송도,1840,1834,3674
202202,수인선,숭의,2510,2219,4729
202202,수인선,신포,1335,1427,2762
202202,수인선,야목,211,185,396
202202,수인선,어천,580,491,1071
202202,수인선,연수,3496,3561,7057
202202,수인선,오목천,1885,1633,3518
202202,수인선,원인재,3238,3314,6552
202202,수인선,월곶,1891,1757,3648
202202,수인선,인천,1048,1603,2651
202202,수인선,인천논현,3993,4202,8195
202202,수인선,인하대,3650,3604,7254
202202,수인선,호구포,2250,2205,4455
202202,안산선,고잔,5546,5605,11151
202202,안산선,대야미,3429,3017,6446
202202,안산선,반월,2990,2832,5822
202202,안산선,산본,11087,11994,23081
202202,안산선,상록수,10936,10915,21851
202202,안산선,수리산,2485,2235,4720
202202,안산선,신길온천,1168,1155,2323
202202,안산선,안산,8122,8219,16341
202202,안산선,오이도,6343,6487,12830
202202,안산선,정왕,5574,5667,11241
202202,안산선,중앙,13777,14069,27846
202202,안산선,초지,2864,2894,5758
202202,안산선,한대앞,6086,6137,12223
202202,우이신설선,4.19민주묘지,2158,1888,4046
202202,우이신설선,가오리,2762,2608,5370
202202,우이신설선,보문,1041,1028,2069
202202,우이신설선,북한산보국문,4498,4060,8558
202202,우이신설선,북한산우이,2695,2713,5408
202202,우이신설선,삼양,1372,1513,2885
202202,우이신설선,삼양사거리,1763,1766,3529
202202,우이신설선,성신여대입구,2556,3041,5597
202202,우이신설선,솔밭공원,1691,1624,3315
202202,우이신설선,솔샘,3547,3272,6819
202202,우이신설선,신설동,1455,1400,2855
202202,우이신설선,정릉,3406,2779,6185
202202,우이신설선,화계,2371,2333,4704
202202,일산선,대곡,1192,1018,2210
202202,일산선,대화,7447,6683,14130
202202,일산선,마두,4457,4538,8995
202202,일산선,백석,6604,6744,13348
202202,일산선,삼송,12773,12648,25421
202202,일산선,원당,7336,7187,14523
202202,일산선,원흥,6488,6069,12557
202202,일산선,정발산,5840,5880,11720
202202,일산선,주엽,5718,5848,11566
202202,일산선,지축,1,0,1
202202,일산선,화정,11481,11864,23345
202202,장항선,배방,922,824,1746
202202,장항선,봉명,673,624,1297
202202,장항선,신창,826,781,1607
202202,장항선,쌍용,1247,1099,2346
202202,장항선,아산,2324,2203,4527
202202,장항선,온양온천,3076,3102,6178
202202,장항선,탕정,444,419,863
202202,중앙선,구리,9043,9242,18285
202202,중앙선,국수,538,543,1081
202202,중앙선,덕소,3784,3904,7688
202202,중앙선,도농,6258,6060,12318
202202,중앙선,도심,1332,1190,2522
202202,중앙선,망우,5940,5753,11693
202202,중앙선,상봉,4491,4434,8925
202202,중앙선,신원,189,207,396
202202,중앙선,아신,448,454,902
202202,중앙선,양수,1511,1608,3119
202202,중앙선,양원,1358,1360,2718
202202,중앙선,양정,487,426,913
202202,중앙선,양평,1984,2058,4042
202202,중앙선,오빈,182,198,380
202202,중앙선,용문,1398,1582,2980
202202,중앙선,운길산,930,869,1799
202202,중앙선,원덕,291,298,589
202202,중앙선,중랑,3929,3881,7810
202202,중앙선,지평,27,51,78
202202,중앙선,팔당,1131,1186,2317
202202,중앙선,회기,17161,16604,33765
202202,1호선,동대문,7631,8088,15719
202202,1호선,동묘앞,10570,10640,21210
202202,1호선,서울역,21053,19161,40214
202202,1호선,시청,6328,6058,12386
202202,1호선,신설동,7061,6936,13997
202202,1호선,제기동,9132,9569,18701
202202,1호선,종각,10444,9568,20012
202202,1호선,종로3가,12510,11007,23517
202202,1호선,종로5가,7823,7753,15576
202202,1호선,청량리,11528,11689,23217
202202,2호선,강남,31158,29861,61019
202202,2호선,강변,17025,16707,33732
202202,2호선,건대입구,23188,23565,46753
202202,2호선,교대,9022,10101,19123
202202,2호선,구로디지털단지,21156,20821,41977
202202,2호선,구의,10160,10392,20552
202202,2호선,낙성대,14058,14303,28361
202202,2호선,당산,7770,8317,16087
202202,2호선,대림,12579,12749,25328
202202,2호선,도림천,421,437,858
202202,2호선,동대문역사문화공원,6995,8273,15268
202202,2호선,뚝섬,8844,9119,17963
202202,2호선,문래,6807,7116,13923
202202,2호선,방배,5951,6270,12221
202202,2호선,봉천,11158,11002,22160
202202,2호선,사당,18728,20722,39450
202202,2호선,삼성,17969,17128,35097
202202,2호선,상왕십리,6191,6070,12261
202202,2호선,서울대입구,24958,25406,50364
202202,2호선,서초,9848,9178,19026
202202,2호선,선릉,11862,10287,22149
202202,2호선,성수,12698,13614,26312
202202,2호선,시청,5240,4360,9600
202202,2호선,신답,708,752,1460
202202,2호선,신당,7235,7679,14914
202202,2호선,신대방,13573,13409,26982
202202,2호선,신도림,25320,25672,50992
202202,2호선,신림,34033,33376,67409
202202,2호선,신설동,2764,3093,5857
202202,2호선,신정네거리,4581,4673,9254
202202,2호선,신촌,19107,18425,37532
202202,2호선,아현,4450,4556,9006
202202,2호선,양천구청,2782,3002,5784
202202,2호선,역삼,10531,11708,22239
202202,2호선,영등포구청,7135,7277,14412
202202,2호선,왕십리,8212,7220,15432
202202,2호선,용답,1435,1436,2871
202202,2호선,용두,965,923,1888
202202,2호선,을지로3가,6865,6524,13389
202202,2호선,을지로4가,2946,2747,5693
202202,2호선,을지로입구,13561,12850,26411
202202,2호선,이대,5807,6209,12016
202202,2호선,잠실,40336,37898,78234
202202,2호선,잠실나루,4433,4648,9081
202202,2호선,잠실새내,9616,9975,19591
202202,2호선,종합운동장,4036,4313,8349
202202,2호선,충정로,3464,3742,7206
202202,2호선,한양대,2213,2394,4607
202202,2호선,합정,18414,19258,37672
202202,2호선,홍대입구,42621,42157,84778
202202,3호선,가락시장,3210,3309,6519
202202,3호선,경복궁,10114,10206,20320
202202,3호선,경찰병원,2376,2471,4847
202202,3호선,고속터미널,32390,30857,63247
202202,3호선,교대,3650,2168,5818
202202,3호선,구파발,9472,9634,19106
202202,3호선,금호,3801,3721,7522
202202,3호선,남부터미널,12287,13054,25341
202202,3호선,녹번,6327,5749,12076
202202,3호선,대청,3660,3619,7279
202202,3호선,대치,5473,4773,10246
202202,3호선,도곡,1634,1776,3410
202202,3호선,독립문,3807,4119,7926
202202,3호선,동대입구,4096,4562,8658
202202,3호선,매봉,3631,3609,7240
202202,3호선,무악재,1549,1800,3349
202202,3호선,불광,8406,9844,18250
202202,3호선,수서,9144,8920,18064
202202,3호선,신사,13128,13070,26198
202202,3호선,안국,9199,9883,19082
202202,3호선,압구정,12690,12963,25653
202202,3호선,약수,6006,5753,11759
202202,3호선,양재,12212,13787,25999
202202,3호선,연신내,19125,18043,37168
202202,3호선,오금,2381,2393,4774
202202,3호선,옥수,4262,4547,8809
202202,3호선,을지로3가,2687,2458,5145
202202,3호선,일원,2914,3058,5972
202202,3호선,잠원,1875,1904,3779
202202,3호선,종로3가,3462,4464,7926
202202,3호선,지축,1943,1825,3768
202202,3호선,충무로,3,0,3
202202,3호선,학여울,2321,2446,4767
202202,3호선,홍제,8273,7887,16160
202202,4호선,길음,9668,9695,19363
202202,4호선,남태령,555,437,992
202202,4호선,노원,10602,11297,21899
202202,4호선,당고개,6975,6756,13731
202202,4호선,동대문,5211,5886,11097
202202,4호선,동대문역사문화공원,8050,7591,15641
202202,4호선,동작,1308,1275,2583
202202,4호선,명동,9217,8999,18216
202202,4호선,미아,7232,6832,14064
202202,4호선,미아사거리,14154,13499,27653
202202,4호선,사당,13105,12404,25509
202202,4호선,삼각지,2135,2826,4961
202202,4호선,상계,9266,8821,18087
202202,4호선,서울역,3583,7723,11306
202202,4호선,성신여대입구,11143,10581,21724
202202,4호선,수유,17818,17214,35032
202202,4호선,숙대입구,6548,6337,12885
202202,4호선,신용산,6620,7085,13705
202202,4호선,쌍문,13998,12884,26882
202202,4호선,이촌,4322,4743,9065
202202,4호선,창동,13964,14368,28332
202202,4호선,총신대입구,9247,10127,19374
202202,4호선,충무로,6735,6755,13490
202202,4호선,한성대입구,6837,6666,13503
202202,4호선,혜화,20079,20581,40660
202202,4호선,회현,7657,7994,15651
202202,5호선,강동,7796,7816,15612
202202,5호선,강일,1823,1799,3622
202202,5호선,개롱,2558,2855,5413
202202,5호선,개화산,2330,2446,4776
202202,5호선,거여,3796,3748,7544
202202,5호선,고덕,3898,3772,7670
202202,5호선,공덕,4046,3973,8019
202202,5호선,광나루,6579,6550,13129
202202,5호선,광화문,9060,8911,17971
202202,5호선,군자,5611,6023,11634
202202,5호선,굽은다리,4628,4412,9040
202202,5호선,길동,3720,3989,7709
202202,5호선,김포공항,5973,5883,11856
202202,5호선,까치산,13926,13743,27669
202202,5호선,답십리,6721,6271,12992
202202,5호선,동대문역사문화공원,687,761,1448
202202,5호선,둔촌동,4004,4115,8119
202202,5호선,마곡,3258,3348,6606
202202,5호선,마장,2439,2441,4880
202202,5호선,마천,3304,3544,6848
202202,5호선,마포,4215,4283,8498
202202,5호선,명일,4249,4244,8493
202202,5호선,목동,6756,6868,13624
202202,5호선,미사,7675,7737,15412
202202,5호선,발산,7873,8206,16079
202202,5호선,방이,3445,3415,6860
202202,5호선,방화,3149,3130,6279
202202,5호선,상일동,5702,5638,11340
202202,5호선,서대문,4569,4553,9122
202202,5호선,송정,3180,3201,6381
202202,5호선,신금호,2481,2821,5302
202202,5호선,신길,1611,1880,3491
202202,5호선,신정,5646,5109,10755
202202,5호선,아차산,8887,8833,17720
202202,5호선,애오개,2316,2348,4664
202202,5호선,양평,2354,2417,4771
202202,5호선,여의나루,6381,6972,13353
202202,5호선,여의도,7258,7525,14783
202202,5호선,영등포구청,1280,1186,2466
202202,5호선,영등포시장,4760,5004,9764
202202,5호선,오금,1409,1357,2766
202202,5호선,오목교,10143,10473,20616
202202,5호선,올림픽공원,1885,1743,3628
202202,5호선,왕십리,2227,2696,4923
202202,5호선,우장산,6207,6233,12440
202202,5호선,을지로4가,1374,1315,2689
202202,5호선,장한평,6820,7005,13825
202202,5호선,종로3가,7625,6937,14562
202202,5호선,천호,11133,10418,21551
202202,5호선,청구,1641,1460,3101
202202,5호선,충정로,1244,1243,2487
202202,5호선,하남검단산,3990,4113,8103
202202,5호선,하남시청,3311,3225,6536
202202,5호선,하남풍산,1939,1891,3830
202202,5호선,행당,3452,3228,6680
202202,5호선,화곡,12522,11934,24456
202202,6호선,고려대,3594,3507,7101
202202,6호선,공덕,5998,5643,11641
202202,6호선,광흥창,3682,3670,7352
202202,6호선,구산,3362,2516,5878
202202,6호선,녹사평,3203,3282,6485
202202,6호선,대흥,3470,3484,6954
202202,6호선,독바위,1364,1646,3010
202202,6호선,돌곶이,4616,4421,9037
202202,6호선,동묘앞,5246,5172,10418
202202,6호선,디지털미디어시티,4686,4854,9540
202202,6호선,마포구청,6318,5818,12136
202202,6호선,망원,9055,9481,18536
202202,6호선,버티고개,872,958,1830
202202,6호선,보문,3666,3409,7075
202202,6호선,봉화산,3401,3321,6722
202202,6호선,불광,2585,2341,4926
202202,6호선,삼각지,3143,2398,5541
202202,6호선,상수,5541,6350,11891
202202,6호선,상월곡,2826,2480,5306
202202,6호선,새절,5536,5465,11001
202202,6호선,석계,5644,5808,11452
202202,6호선,신당,3845,4387,8232
202202,6호선,안암,3877,4134,8011
202202,6호선,약수,1557,1569,3126
202202,6호선,역촌,1806,2164,3970
202202,6호선,연신내,2,0,2
202202,6호선,월곡,4775,4687,9462
202202,6호선,월드컵경기장,2611,2574,5185
202202,6호선,응암,8242,8218,16460
202202,6호선,이태원,7917,7358,15275
202202,6호선,증산,4898,5001,9899
202202,6호선,창신,1485,1330,2815
202202,6호선,청구,1439,1402,2841
202202,6호선,태릉입구,2803,2915,5718
202202,6호선,한강진,4598,5413,10011
202202,6호선,합정,8457,7421,15878
202202,6호선,화랑대,4549,3948,8497
202202,6호선,효창공원앞,3021,2748,5769
202202,7호선,가산디지털단지,8787,8224,17011
202202,7호선,강남구청,5111,5525,10636
202202,7호선,건대입구,6679,6606,13285
202202,7호선,고속터미널,9597,6754,16351
202202,7호선,공릉,5532,5676,11208
202202,7호선,광명사거리,11022,10996,22018
202202,7호선,군자,6998,5421,12419
202202,7호선,까치울,1,0,1
202202,7호선,남구로,5696,5585,11281
202202,7호선,남성,4846,4774,9620
202202,7호선,내방,4606,4833,9439
202202,7호선,노원,10000,10100,20100
202202,7호선,논현,5609,5849,11458
202202,7호선,대림,5583,5295,10878
202202,7호선,도봉산,4618,6907,11525
202202,7호선,뚝섬유원지,5035,4764,9799
202202,7호선,마들,5169,4953,10122
202202,7호선,먹골,4837,4868,9705
202202,7호선,면목,7231,7258,14489
202202,7호선,반포,2523,2480,5003
202202,7호선,보라매,3738,3754,7492
202202,7호선,부평구청,1,0,1
202202,7호선,사가정,7998,7773,15771
202202,7호선,상도,4598,4633,9231
202202,7호선,상동,1,0,1
202202,7호선,상봉,8180,7537,15717
202202,7호선,수락산,7326,7201,14527
202202,7호선,숭실대입구,4916,5389,10305
202202,7호선,신대방삼거리,6955,7002,13957
202202,7호선,신풍,5299,4956,10255
202202,7호선,어린이대공원,8040,8132,16172
202202,7호선,온수,3410,3367,6777
202202,7호선,용마산,2890,3230,6120
202202,7호선,이수,7429,6792,14221
202202,7호선,장승배기,4063,3969,8032
202202,7호선,장암,1239,862,2101
202202,7호선,중계,5820,5478,11298
202202,7호선,중곡,4764,4656,9420
202202,7호선,중화,5055,4939,9994
202202,7호선,천왕,4289,4177,8466
202202,7호선,철산,9444,9602,19046
202202,7호선,청담,6101,6496,12597
202202,7호선,태릉입구,4462,4035,8497
202202,7호선,하계,7893,7614,15507
202202,7호선,학동,5280,5657,10937
202202,8호선,가락시장,2765,3463,6228
202202,8호선,강동구청,3966,4204,8170
202202,8호선,남위례,1803,1937,3740
202202,8호선,남한산성입구,5872,5566,11438
202202,8호선,단대오거리,4882,4831,9713
202202,8호선,모란,2337,2030,4367
202202,8호선,몽촌토성,2810,2742,5552
202202,8호선,문정,4885,5249,10134
202202,8호선,복정,3987,3658,7645
202202,8호선,산성,2738,2813,5551
202202,8호선,석촌,3738,4573,8311
202202,8호선,송파,3141,3336,6477
202202,8호선,수진,2718,2573,5291
202202,8호선,신흥,2245,2437,4682
202202,8호선,암사,7777,7316,15093
202202,8호선,잠실,8315,9247,17562
202202,8호선,장지,7780,8161,15941
202202,8호선,천호,7826,9003,16829
202202,9호선,가양,8369,8353,16722
202202,9호선,개화,861,829,1690
202202,9호선,고속터미널,7901,10868,18769
202202,9호선,공항시장,1553,1668,3221
202202,9호선,구반포,544,573,1117
202202,9호선,국회의사당,4509,4260,8769
202202,9호선,김포공항,6069,10165,16234
202202,9호선,노들,2283,1990,4273
202202,9호선,노량진,12756,13547,26303
202202,9호선,당산,7939,7804,15743
202202,9호선,동작,1640,1352,2992
202202,9호선,등촌,4555,4591,9146
202202,9호선,마곡나루,5006,4975,9981
202202,9호선,사평,1493,1465,2958
202202,9호선,샛강,1417,1455,2872
202202,9호선,선유도,2429,2439,4868
202202,9호선,신논현,13665,13140,26805
202202,9호선,신목동,1490,1342,2832
202202,9호선,신반포,1458,1564,3022
202202,9호선,신방화,2986,2974,5960
202202,9호선,양천향교,3536,3758,7294
202202,9호선,여의도,8177,7429,15606
202202,9호선,염창,7410,7422,14832
202202,9호선,증미,2160,2119,4279
202202,9호선,흑석,3222,3421,6643
202202,9호선2~3단계,둔촌오륜,390,424,814
202202,9호선2~3단계,봉은사,6308,6469,12777
202202,9호선2~3단계,삼성중앙,1726,1889,3615
202202,9호선2~3단계,삼전,3248,3191,6439
202202,9호선2~3단계,석촌,4159,3612,7771
202202,9호선2~3단계,석촌고분,2789,2761,5550
202202,9호선2~3단계,선정릉,2625,3037,5662
202202,9호선2~3단계,송파나루,2744,2907,5651
202202,9호선2~3단계,언주,3450,3491,6941
202202,9호선2~3단계,올림픽공원,4285,4181,8466
202202,9호선2~3단계,종합운동장,1906,1752,3658
202202,9호선2~3단계,중앙보훈병원,2886,2837,5723
202202,9호선2~3단계,한성백제,1199,1068,2267
202202,경강선,경기광주,3343,3354,6697
202202,경강선,곤지암,1304,1499,2803
202202,경강선,부발,1279,1939,3218
202202,경강선,삼동,856,881,1737
202202,경강선,세종대왕릉,216,214,430
202202,경강선,신둔도예촌,731,700,1431
202202,경강선,여주,1600,1485,3085
202202,경강선,이매,568,389,957
202202,경강선,이천,1771,1858,3629
202202,경강선,초월,1319,1391,2710
202202,경강선,판교,2150,2104,4254
202202,경부선,가산디지털단지,3900,5398,9298
202202,경부선,관악,4415,4027,8442
202202,경부선,광명,2101,1601,3702
202202,경부선,구로,8355,8363,16718
202202,경부선,군포,2597,2527,5124
202202,경부선,금정,11664,12244,23908
202202,경부선,금천구청,5739,5422,11161
202202,경부선,남영,3872,4096,7968
202202,경부선,노량진,4939,4790,9729
202202,경부선,당정,2588,2595,5183
202202,경부선,대방,5169,5507,10676
202202,경부선,독산,5372,5544,10916
202202,경부선,두정,3583,3809,7392
202202,경부선,명학,3006,2912,5918
202202,경부선,병점,7939,8523,16462
202202,경부선,서동탄,659,681,1340
202202,경부선,서울역,5501,1437,6938
202202,경부선,서정리,3699,5412,9111
202202,경부선,석수,4449,4499,8948
202202,경부선,성균관대,6789,7070,13859
202202,경부선,성환,1785,2191,3976
202202,경부선,세류,1685,1798,3483
202202,경부선,세마,1449,1355,2804
202202,경부선,송탄,3073,3632,6705
202202,경부선,수원,27578,26698,54276
202202,경부선,신길,4199,3564,7763
202202,경부선,신도림,2245,2022,4267
202202,경부선,안양,11509,10965,22474
202202,경부선,영등포,28003,26832,54835
202202,경부선,오산,6566,7182,13748
202202,경부선,오산대,1739,1705,3444
202202,경부선,용산,24787,22810,47597
202202,경부선,의왕,3667,3729,7396
202202,경부선,직산,442,503,945
202202,경부선,진위,701,697,1398
202202,경부선,천안,4542,4509,9051
202202,경부선,평택,9323,9581,18904
202202,경부선,평택지제,2109,1989,4098
202202,경부선,화서,3417,3364,6781
202202,경원선,가능,3397,3284,6681
202202,경원선,광운대,3536,3631,7167
202202,경원선,녹양,2319,2250,4569
202202,경원선,녹천,2240,1955,4195
202202,경원선,덕계,1590,1513,3103
202202,경원선,덕정,2815,2829,5644
202202,경원선,도봉,3086,2874,5960
202202,경원선,도봉산,7659,5430,13089
202202,경원선,동두천,1084,1269,2353
202202,경원선,동두천중앙,1700,1705,3405
202202,경원선,망월사,3977,4154,8131
202202,경원선,방학,5187,4966,10153
202202,경원선,보산,1095,1021,2116
202202,경원선,서빙고,1213,1278,2491
202202,경원선,석계,4386,4644,9030
202202,경원선,소요산,2946,2574,5520
202202,경원선,신이문,4128,3947,8075
202202,경원선,양주,4099,4098,8197
202202,경원선,옥수,56,31,87
202202,경원선,왕십리,8086,9007,17093
202202,경원선,외대앞,4066,3966,8032
202202,경원선,월계,3325,2993,6318
202202,경원선,응봉,936,816,1752
202202,경원선,의정부,12117,12223,24340
202202,경원선,이촌,1853,1486,3339
202202,경원선,지행,3570,3503,7073
202202,경원선,창동,1,0,1
202202,경원선,청량리,11742,10540,22282
202202,경원선,한남,1724,1648,3372
202202,경원선,회룡,6687,6630,13317
202202,경의선,가좌,2426,2404,4830
202202,경의선,강매,1278,1201,2479
202202,경의선,곡산,278,292,570
202202,경의선,공덕,1692,1209,2901
202202,경의선,금릉,2420,2363,4783
202202,경의선,금촌,3381,3625,7006
202202,경의선,능곡,1989,1910,3899
202202,경의선,디지털미디어시티,1211,1061,2272
202202,경의선,문산,2794,2927,5721
202202,경의선,백마,3027,2950,5977
202202,경의선,서강대,1148,1127,2275
202202,경의선,서울역,891,830,1721
202202,경의선,수색,745,901,1646
202202,경의선,신촌,208,263,471
202202,경의선,야당,4154,3956,8110
202202,경의선,운정,3156,3150,6306
202202,경의선,월롱,871,1740,2611
202202,경의선,일산,5027,4745,9772
202202,경의선,임진강,30,24,54
202202,경의선,탄현,3556,3483,7039
202202,경의선,파주,544,502,1046
202202,경의선,풍산,3135,3030,6165
202202,경의선,행신,3680,3455,7135
202202,경의선,홍대입구,1343,1619,2962
202202,경의선,화전,623,623,1246
202202,경의선,효창공원앞,1140,1339,2479
202202,경인선,간석,2784,2524,5308
202202,경인선,개봉,10340,10120,20460
202202,경인선,구일,2800,2805,5605
202202,경인선,도원,1395,1384,2779
202202,경인선,도화,2027,1958,3985
202202,경인선,동암,8182,8281,16463
202202,경인선,동인천,8121,7918,16039
202202,경인선,백운,3249,3222,6471
202202,경인선,부개,4128,3910,8038
202202,경인선,부천,18782,18349,37131
202202,경인선,부평,18918,19158,38076
202202,경인선,소사,4893,4621,9514
202202,경인선,송내,11248,11207,22455
202202,경인선,역곡,12337,12219,24556
202202,경인선,오류동,6440,5878,12318
202202,경인선,온수,3125,2995,6120
202202,경인선,인천,3117,2527,5644
202202,경인선,제물포,4842,4753,9595
202202,경인선,주안,10098,9083,19181
202202,경인선,중동,4273,3964,8237
202202,경춘선,가평,1298,1203,2501
202202,경춘선,갈매,1260,1117,2377
202202,경춘선,강촌,593,494,1087
202202,경춘선,굴봉산,244,214,458
202202,경춘선,금곡,837,846,1683
202202,경춘선,김유정,361,358,719
202202,경춘선,남춘천,1913,1884,3797
202202,경춘선,대성리,474,298,772
202202,경춘선,마석,2418,2381,4799
202202,경춘선,백양리,327,280,607
202202,경춘선,별내,1596,1513,3109
202202,경춘선,사릉,1438,1441,2879
202202,경춘선,상천,285,214,499
202202,경춘선,신내,827,834,1661
202202,경춘선,천마산,998,1015,2013
202202,경춘선,청평,1159,1052,2211
202202,경춘선,춘천,1078,927,2005
202202,경춘선,퇴계원,1783,1648,3431
202202,경춘선,평내호평,3002,2798,5800
202202,공항철도 1호선,검암,3079,3041,6120
202202,공항철도 1호선,계양,4384,4223,8607
202202,공항철도 1호선,공덕,1029,1513,2542
202202,공항철도 1호선,공항화물청사,899,968,1867
202202,공항철도 1호선,김포공항,10387,5554,15941
202202,공항철도 1호선,디지털미디어시티,3036,2985,6021
202202,공항철도 1호선,마곡나루,2014,2262,4276
202202,공항철도 1호선,서울역,6022,5271,11293
202202,공항철도 1호선,영종,2072,2018,4090
202202,공항철도 1호선,운서,4255,4643,8898
202202,공항철도 1호선,인천공항1터미널,2964,3149,6113
202202,공항철도 1호선,인천공항2터미널,1584,1549,3133
202202,공항철도 1호선,청라국제도시,2670,2538,5208
202202,공항철도 1호선,홍대입구,8616,7870,16486
202202,과천선,경마공원,8432,8609,17041
202202,과천선,과천,3104,3025,6129
202202,과천선,대공원,3683,3858,7541
202202,과천선,범계,12672,12210,24882
202202,과천선,선바위,3422,3127,6549
202202,과천선,인덕원,10193,10533,20726
202202,과천선,정부과천청사,4004,4141,8145
202202,과천선,평촌,5366,5147,10513
202202,분당선,가천대,3122,3644,6766
202202,분당선,강남구청,2902,3532,6434
202202,분당선,개포동,1608,1638,3246
202202,분당선,구룡,593,636,1229
202202,분당선,구성,1998,2224,4222
202202,분당선,기흥,4325,4106,8431
202202,분당선,대모산입구,1795,1709,3504
202202,분당선,도곡,2245,2248,4493
202202,분당선,망포,5493,5755,11248
202202,분당선,매교,1305,1368,2673
202202,분당선,매탄권선,2166,2158,4324
202202,분당선,모란,10026,10165,20191
202202,분당선,미금,6471,6842,13313
202202,분당선,보정,947,903,1850
202202,분당선,상갈,2374,2451,4825
202202,분당선,서울숲,4921,4982,9903
202202,분당선,서현,13641,13508,27149
202202,분당선,선릉,2503,3823,6326
202202,분당선,선정릉,1896,1935,3831
202202,분당선,수내,5164,5116,10280
202202,분당선,수서,7607,7210,14817
202202,분당선,수원,5003,4037,9040
202202,분당선,수원시청,6773,6759,13532
202202,분당선,신갈,1661,1736,3397
202202,분당선,압구정로데오,10369,10989,21358
202202,분당선,야탑,11436,12015,23451
202202,분당선,영통,4091,4030,8121
202202,분당선,오리,4699,4050,8749
202202,분당선,이매,2946,2929,5875
202202,분당선,정자,6733,6965,13698
202202,분당선,죽전,6497,7301,13798
202202,분당선,청명,1779,1815,3594
202202,분당선,태평,7332,6960,14292
202202,분당선,한티,7664,7440,15104
202202,수인선,고색,1618,1687,3305
202202,수인선,남동인더스파크,473,481,954
202202,수인선,달월,56,50,106
202202,수인선,사리,2140,1884,4024
202202,수인선,소래포구,3694,3534,7228
202202,수인선,송도,1357,1269,2626
202202,수인선,숭의,1735,1631,3366
202202,수인선,신포,915,934,1849
202202,수인선,야목,169,158,327
202202,수인선,어천,415,527,942
202202,수인선,연수,2786,2752,5538
202202,수인선,오목천,1254,1245,2499
202202,수인선,원인재,2525,2565,5090
202202,수인선,월곶,1446,1442,2888
202202,수인선,인천,899,1250,2149
202202,수인선,인천논현,2622,2710,5332
202202,수인선,인하대,2688,2546,5234
202202,수인선,호구포,1701,1707,3408
202202,안산선,고잔,3867,3700,7567
202202,안산선,대야미,2527,2346,4873
202202,안산선,반월,2151,2117,4268
202202,안산선,산본,7674,8105,15779
202202,안산선,상록수,7940,7719,15659
202202,안산선,수리산,1797,1735,3532
202202,안산선,신길온천,950,897,1847
202202,안산선,안산,7420,6794,14214
202202,안산선,오이도,4762,4871,9633
202202,안산선,정왕,4206,4701,8907
202202,안산선,중앙,9886,9721,19607
202202,안산선,초지,1997,2028,4025
202202,안산선,한대앞,4495,4472,8967
202202,우이신설선,4.19민주묘지,1738,1432,3170
202202,우이신설선,가오리,2174,1966,4140
202202,우이신설선,보문,893,900,1793
202202,우이신설선,북한산보국문,3806,3373,7179
202202,우이신설선,북한산우이,2437,2646,5083
202202,우이신설선,삼양,1156,1119,2275
202202,우이신설선,삼양사거리,1457,1424,2881
202202,우이신설선,성신여대입구,1977,2236,4213
202202,우이신설선,솔밭공원,1283,1239,2522
202202,우이신설선,솔샘,2572,2552,5124
202202,우이신설선,신설동,1139,1080,2219
202202,우이신설선,정릉,2548,2226,4774
202202,우이신설선,화계,1909,1738,3647
202202,일산선,대곡,909,791,1700
202202,일산선,대화,5178,4732,9910
202202,일산선,마두,2973,2907,5880
202202,일산선,백석,4780,4768,9548
202202,일산선,삼송,9786,9620,19406
202202,일산선,원당,5380,5273,10653
202202,일산선,원흥,4686,4400,9086
202202,일산선,정발산,4807,4778,9585
202202,일산선,주엽,3943,3981,7924
202202,일산선,화정,8293,8582,16875
202202,장항선,배방,681,759,1440
202202,장항선,봉명,460,460,920
202202,장항선,신창,644,726,1370
202202,장항선,쌍용,1025,921,1946
202202,장항선,아산,2302,1724,4026
202202,장항선,온양온천,2597,2658,5255
202202,장항선,탕정,307,316,623
202202,중앙선,구리,6483,6790,13273
202202,중앙선,국수,514,468,982
202202,중앙선,덕소,2919,2888,5807
202202,중앙선,도농,4656,4537,9193
202202,중앙선,도심,972,905,1877
202202,중앙선,망우,4380,4288,8668
202202,중앙선,상봉,3293,3406,6699
202202,중앙선,신원,216,167,383
202202,중앙선,아신,407,353,760
202202,중앙선,양수,1458,1295,2753
202202,중앙선,양원,1039,1069,2108
202202,중앙선,양정,360,292,652
202202,중앙선,양평,2856,2756,5612
202202,중앙선,오빈,155,146,301
202202,중앙선,용문,1418,1192,2610
202202,중앙선,운길산,843,786,1629
202202,중앙선,원덕,293,247,540
202202,중앙선,중랑,3014,2977,5991
202202,중앙선,지평,56,37,93
202202,중앙선,팔당,1021,1135,2156
202202,중앙선,회기,13208,13111,26319
202202,1호선,동대문,9200,8716,17916
202202,1호선,동묘앞,9499,9760,19259
202202,1호선,서울역,24632,25055,49687
202202,1호선,시청,9810,10057,19867
202202,1호선,신설동,8822,8308,17130
202202,1호선,제기동,13304,13292,26596
202202,1호선,종각,16290,15067,31357
202202,1호선,종로3가,18911,18508,37419
202202,1호선,종로5가,16085,16086,32171
202202,1호선,청량리,15733,15769,31502
202202,2호선,강남,55961,54330,110291
202202,2호선,강변,22124,21717,43841
202202,2호선,건대입구,29910,31115,61025
202202,2호선,교대,15262,16989,32251
202202,2호선,구로디지털단지,30741,30162,60903
202202,2호선,구의,14825,14650,29475
202202,2호선,낙성대,19304,18461,37765
202202,2호선,당산,10651,11713,22364
202202,2호선,대림,15283,16555,31838
202202,2호선,도림천,785,769,1554
202202,2호선,동대문역사문화공원,8238,8961,17199
202202,2호선,뚝섬,11914,12481,24395
202202,2호선,문래,11114,11578,22692
202202,2호선,방배,8316,8677,16993
202202,2호선,봉천,15538,14641,30179
202202,2호선,사당,26527,29203,55730
202202,2호선,삼성,29355,28205,57560
202202,2호선,상왕십리,8764,8547,17311
202202,2호선,서울대입구,34418,33244,67662
202202,2호선,서초,9547,8350,17897
202202,2호선,선릉,22045,19722,41767
202202,2호선,성수,17901,19583,37484
202202,2호선,시청,8027,6863,14890
202202,2호선,신답,904,928,1832
202202,2호선,신당,9864,10308,20172
202202,2호선,신대방,17667,17336,35003
202202,2호선,신도림,34571,35093,69664
202202,2호선,신림,45906,44861,90767
202202,2호선,신설동,3243,3118,6361
202202,2호선,신정네거리,6199,6483,12682
202202,2호선,신촌,27485,27149,54634
202202,2호선,아현,6449,6309,12758
202202,2호선,양천구청,3965,4026,7991
202202,2호선,역삼,17847,19230,37077
202202,2호선,영등포구청,11683,11880,23563
202202,2호선,왕십리,11699,10118,21817
202202,2호선,용답,1879,1869,3748
202202,2호선,용두,1433,1509,2942
202202,2호선,을지로3가,9017,8758,17775
202202,2호선,을지로4가,6461,6378,12839
202202,2호선,을지로입구,17207,17005,34212
202202,2호선,이대,8507,9140,17647
202202,2호선,잠실,51976,49839,101815
202202,2호선,잠실나루,6329,6258,12587
202202,2호선,잠실새내,14739,15123,29862
202202,2호선,종합운동장,4180,4606,8786
202202,2호선,충정로,5136,5494,10630
202202,2호선,한양대,3629,3758,7387
202202,2호선,합정,24752,26480,51232
202202,2호선,홍대입구,56618,57933,114551
202202,3호선,가락시장,5398,5007,10405
202202,3호선,경복궁,13505,13793,27298
202202,3호선,경찰병원,3546,3471,7017
202202,3호선,고속터미널,39193,39028,78221
202202,3호선,교대,5959,3597,9556
202202,3호선,구파발,12706,12664,25370
202202,3호선,금호,5084,4779,9863
202202,3호선,남부터미널,18024,17946,35970
202202,3호선,녹번,9165,8105,17270
202202,3호선,대청,5424,4995,10419
202202,3호선,대치,8708,7933,16641
202202,3호선,도곡,2859,3222,6081
202202,3호선,독립문,4979,5181,10160
202202,3호선,동대입구,4815,5348,10163
202202,3호선,매봉,5708,5491,11199
202202,3호선,무악재,2319,2583,4902
202202,3호선,불광,11594,12854,24448
202202,3호선,수서,11740,11896,23636
202202,3호선,신사,23233,23686,46919
202202,3호선,안국,12525,13274,25799
202202,3호선,압구정,23232,24035,47267
202202,3호선,약수,8014,7616,15630
202202,3호선,양재,19316,20422,39738
202202,3호선,연신내,25761,24287,50048
202202,3호선,오금,3472,3329,6801
202202,3호선,옥수,5741,6124,11865
202202,3호선,을지로3가,4402,4588,8990
202202,3호선,일원,4704,4664,9368
202202,3호선,잠원,3132,3012,6144
202202,3호선,종로3가,5341,6895,12236
202202,3호선,지축,2655,2571,5226
202202,3호선,충무로,2,0,2
202202,3호선,학여울,2046,2028,4074
202202,3호선,홍제,11975,11497,23472
202202,4호선,길음,12560,12299,24859
202202,4호선,남태령,844,550,1394
202202,4호선,노원,14027,15091,29118
202202,4호선,당고개,8658,8307,16965
202202,4호선,동대문,11104,11287,22391
202202,4호선,동대문역사문화공원,9301,7956,17257
202202,4호선,동작,1162,1304,2466
202202,4호선,명동,11051,12354,23405
202202,4호선,미아,9690,9443,19133
202202,4호선,미아사거리,19692,18782,38474
202202,4호선,사당,17984,15397,33381
202202,4호선,삼각지,2968,3780,6748
202202,4호선,상계,12403,11951,24354
202202,4호선,서울역,4755,10265,15020
202202,4호선,성신여대입구,14725,14175,28900
202202,4호선,수유,23627,23247,46874
202202,4호선,숙대입구,8611,8032,16643
202202,4호선,신용산,9217,9699,18916
202202,4호선,쌍문,18785,17471,36256
202202,4호선,이촌,5705,6041,11746
202202,4호선,창동,18208,19212,37420
202202,4호선,총신대입구,12512,13307,25819
202202,4호선,충무로,10811,11070,21881
202202,4호선,한성대입구,9070,8860,17930
202202,4호선,혜화,24562,24650,49212
202202,4호선,회현,14581,15397,29978
202202,5호선,강동,11917,11403,23320
202202,5호선,강일,2447,2310,4757
202202,5호선,개롱,3697,3921,7618
202202,5호선,개화산,3334,3336,6670
202202,5호선,거여,5453,5306,10759
202202,5호선,고덕,5492,5408,10900
202202,5호선,공덕,6143,6396,12539
202202,5호선,광나루,8696,8261,16957
202202,5호선,광화문,14230,14556,28786
202202,5호선,군자,7634,8345,15979
202202,5호선,굽은다리,6346,5965,12311
202202,5호선,길동,5461,5696,11157
202202,5호선,김포공항,6922,6835,13757
202202,5호선,까치산,19196,18696,37892
202202,5호선,답십리,9074,8489,17563
202202,5호선,동대문역사문화공원,948,1227,2175
202202,5호선,둔촌동,5706,5727,11433
202202,5호선,마곡,5363,5363,10726
202202,5호선,마장,3484,3397,6881
202202,5호선,마천,4303,4552,8855
202202,5호선,마포,6666,6710,13376
202202,5호선,명일,5472,5540,11012
202202,5호선,목동,10044,10232,20276
202202,5호선,미사,10516,10438,20954
202202,5호선,발산,12567,12952,25519
202202,5호선,방이,4987,4978,9965
202202,5호선,방화,4228,4078,8306
202202,5호선,상일동,8224,7889,16113
202202,5호선,서대문,6480,6196,12676
202202,5호선,송정,4537,4513,9050
202202,5호선,신금호,3812,3972,7784
202202,5호선,신길,2280,2539,4819
202202,5호선,신정,8073,7144,15217
202202,5호선,아차산,11366,10984,22350
202202,5호선,애오개,3213,3297,6510
202202,5호선,양평,3270,3220,6490
202202,5호선,여의나루,5302,6672,11974
202202,5호선,여의도,10177,9877,20054
202202,5호선,영등포구청,1757,1640,3397
202202,5호선,영등포시장,7366,7690,15056
202202,5호선,오금,1951,1868,3819
202202,5호선,오목교,15317,15316,30633
202202,5호선,올림픽공원,2698,2438,5136
202202,5호선,왕십리,3162,3753,6915
202202,5호선,우장산,8692,8706,17398
202202,5호선,을지로4가,2871,3398,6269
202202,5호선,장한평,9957,9993,19950
202202,5호선,종로3가,10223,10410,20633
202202,5호선,천호,14976,14000,28976
202202,5호선,청구,2323,2116,4439
202202,5호선,충정로,1682,1630,3312
202202,5호선,하남검단산,4633,4797,9430
202202,5호선,하남시청,4948,4833,9781
202202,5호선,하남풍산,2316,2390,4706
202202,5호선,행당,4785,4263,9048
202202,5호선,화곡,18050,16938,34988
202202,6호선,고려대,4908,4905,9813
202202,6호선,공덕,8750,8316,17066
202202,6호선,광흥창,4660,4502,9162
202202,6호선,구산,4934,3784,8718
202202,6호선,녹사평,3948,4266,8214
202202,6호선,대흥,4835,4889,9724
202202,6호선,독바위,1682,1985,3667
202202,6호선,돌곶이,5287,5017,10304
202202,6호선,동묘앞,7056,6338,13394
202202,6호선,디지털미디어시티,6264,6531,12795
202202,6호선,마포구청,8582,7746,16328
202202,6호선,망원,11861,12626,24487
202202,6호선,버티고개,1209,1294,2503
202202,6호선,보문,4596,4206,8802
202202,6호선,봉화산,4706,4713,9419
202202,6호선,불광,3329,3026,6355
202202,6호선,삼각지,4307,3537,7844
202202,6호선,상수,7899,8632,16531
202202,6호선,상월곡,3726,3403,7129
202202,6호선,새절,7604,7429,15033
202202,6호선,석계,7886,8014,15900
202202,6호선,신당,6216,5170,11386
202202,6호선,안암,5896,5740,11636
202202,6호선,약수,2334,2292,4626
202202,6호선,역촌,2489,2864,5353
202202,6호선,월곡,6648,6540,13188
202202,6호선,월드컵경기장,3258,3304,6562
202202,6호선,응암,11156,11205,22361
202202,6호선,이태원,10550,10640,21190
202202,6호선,증산,6505,6593,13098
202202,6호선,창신,1860,1642,3502
202202,6호선,청구,2161,2262,4423
202202,6호선,태릉입구,3663,3852,7515
202202,6호선,한강진,6523,7849,14372
202202,6호선,합정,11067,10118,21185
202202,6호선,화랑대,5957,5041,10998
202202,6호선,효창공원앞,4060,3813,7873
202202,7호선,가산디지털단지,12962,11635,24597
202202,7호선,강남구청,9133,10057,19190
202202,7호선,건대입구,9395,9556,18951
202202,7호선,고속터미널,12008,9188,21196
202202,7호선,공릉,7940,7957,15897
202202,7호선,광명사거리,14988,15070,30058
202202,7호선,군자,9562,7436,16998
202202,7호선,남구로,7606,8003,15609
202202,7호선,남성,6883,6495,13378
202202,7호선,내방,6941,6924,13865
202202,7호선,노원,14261,14250,28511
202202,7호선,논현,10221,11223,21444
202202,7호선,대림,5922,6187,12109
202202,7호선,도봉산,5468,7914,13382
202202,7호선,뚝섬유원지,5098,5005,10103
202202,7호선,마들,7742,7457,15199
202202,7호선,먹골,7324,7176,14500
202202,7호선,면목,10169,9868,20037
202202,7호선,반포,3900,3722,7622
202202,7호선,보라매,5267,5081,10348
202202,7호선,사가정,11073,10835,21908
202202,7호선,상도,6600,6170,12770
202202,7호선,상동,2,0,2
202202,7호선,상봉,12125,11387,23512
202202,7호선,수락산,8836,8690,17526
202202,7호선,숭실대입구,7092,7137,14229
202202,7호선,신대방삼거리,10421,9950,20371
202202,7호선,신중동,1,0,1
202202,7호선,신풍,7124,6874,13998
202202,7호선,어린이대공원,8983,8680,17663
202202,7호선,온수,4975,4798,9773
202202,7호선,용마산,4173,4390,8563
202202,7호선,이수,10858,10035,20893
202202,7호선,장승배기,5874,5677,11551
202202,7호선,장암,1325,877,2202
202202,7호선,중계,8125,7282,15407
202202,7호선,중곡,6249,6167,12416
202202,7호선,중화,6894,6753,13647
202202,7호선,천왕,6019,5801,11820
202202,7호선,철산,12957,13190,26147
202202,7호선,청담,10299,11098,21397
202202,7호선,춘의,1,0,1
202202,7호선,태릉입구,5738,5373,11111
202202,7호선,하계,10783,10342,21125
202202,7호선,학동,9844,10350,20194
202202,8호선,가락시장,4989,5067,10056
202202,8호선,강동구청,5492,5524,11016
202202,8호선,남위례,2626,2747,5373
202202,8호선,남한산성입구,8324,7575,15899
202202,8호선,단대오거리,7052,6753,13805
202202,8호선,모란,5105,4275,9380
202202,8호선,몽촌토성,4120,3906,8026
202202,8호선,문정,7990,8221,16211
202202,8호선,복정,5758,4761,10519
202202,8호선,산성,3757,3858,7615
202202,8호선,석촌,5353,6576,11929
202202,8호선,송파,4636,4683,9319
202202,8호선,수진,4092,3725,7817
202202,8호선,신흥,3279,3530,6809
202202,8호선,암사,11055,10353,21408
202202,8호선,잠실,11153,12641,23794
202202,8호선,장지,10933,10256,21189
202202,8호선,천호,10997,12912,23909
202202,9호선,가양,12431,11795,24226
202202,9호선,개화,1073,950,2023
202202,9호선,고속터미널,9526,13993,23519
202202,9호선,공항시장,2070,2275,4345
202202,9호선,구반포,1049,1090,2139
202202,9호선,국회의사당,4465,4683,9148
202202,9호선,김포공항,7008,10825,17833
202202,9호선,노들,2760,2473,5233
202202,9호선,노량진,18602,18296,36898
202202,9호선,당산,11301,10690,21991
202202,9호선,동작,1564,1165,2729
202202,9호선,등촌,6483,6346,12829
202202,9호선,마곡나루,7496,7236,14732
202202,9호선,사평,2035,1918,3953
202202,9호선,샛강,2148,2137,4285
202202,9호선,선유도,3409,3295,6704
202202,9호선,신논현,23369,23060,46429
202202,9호선,신목동,2016,1782,3798
202202,9호선,신반포,2376,2263,4639
202202,9호선,신방화,4200,4133,8333
202202,9호선,양천향교,5305,5060,10365
202202,9호선,여의도,10398,9627,20025
202202,9호선,염창,10284,9547,19831
202202,9호선,증미,3687,3715,7402
202202,9호선,흑석,4933,4892,9825
202202,9호선2~3단계,둔촌오륜,516,531,1047
202202,9호선2~3단계,봉은사,11106,11935,23041
202202,9호선2~3단계,삼성중앙,2902,2954,5856
202202,9호선2~3단계,삼전,4612,4487,9099
202202,9호선2~3단계,석촌,5966,5005,10971
202202,9호선2~3단계,석촌고분,3780,3749,7529
202202,9호선2~3단계,선정릉,4165,4618,8783
202202,9호선2~3단계,송파나루,4123,4185,8308
202202,9호선2~3단계,언주,5790,5837,11627
202202,9호선2~3단계,올림픽공원,6306,6111,12417
202202,9호선2~3단계,종합운동장,2660,2517,5177
202202,9호선2~3단계,중앙보훈병원,4242,3951,8193
202202,9호선2~3단계,한성백제,1782,1560,3342
202202,경강선,경기광주,4567,4470,9037
202202,경강선,곤지암,1589,1660,3249
202202,경강선,부발,1779,1483,3262
202202,경강선,삼동,1283,1268,2551
202202,경강선,세종대왕릉,212,242,454
202202,경강선,신둔도예촌,928,878,1806
202202,경강선,여주,1694,1807,3501
202202,경강선,이매,651,509,1160
202202,경강선,이천,2267,2257,4524
202202,경강선,초월,1936,1796,3732
202202,경강선,판교,2822,2670,5492
202202,경부선,가산디지털단지,5354,7335,12689
202202,경부선,관악,4927,4642,9569
202202,경부선,광명,2190,2032,4222
202202,경부선,구로,11509,12111,23620
202202,경부선,군포,3875,3657,7532
202202,경부선,금정,16195,16413,32608
202202,경부선,금천구청,7326,7315,14641
202202,경부선,남영,5310,5986,11296
202202,경부선,노량진,6729,6458,13187
202202,경부선,당정,3479,3324,6803
202202,경부선,대방,7007,7087,14094
202202,경부선,독산,7670,7735,15405
202202,경부선,두정,4191,4213,8404
202202,경부선,명학,4770,4744,9514
202202,경부선,병점,10106,10175,20281
202202,경부선,서동탄,851,924,1775
202202,경부선,서울역,5545,1613,7158
202202,경부선,서정리,5787,4813,10600
202202,경부선,석수,5933,5693,11626
202202,경부선,성균관대,9223,9419,18642
202202,경부선,성환,2271,2119,4390
202202,경부선,세류,2022,2051,4073
202202,경부선,세마,1749,1603,3352
202202,경부선,송탄,4143,3674,7817
202202,경부선,수원,30574,32351,62925
202202,경부선,신길,5339,4562,9901
202202,경부선,신도림,2710,2606,5316
202202,경부선,안양,14972,15116,30088
202202,경부선,영등포,34172,34817,68989
202202,경부선,오산,7747,7238,14985
202202,경부선,오산대,2294,2016,4310
202202,경부선,용산,27599,29094,56693
202202,경부선,의왕,5022,4991,10013
202202,경부선,직산,569,482,1051
202202,경부선,진위,799,709,1508
202202,경부선,천안,4769,5027,9796
202202,경부선,평택,10696,10228,20924
202202,경부선,평택지제,2720,2595,5315
202202,경부선,화서,4467,4594,9061
202202,경원선,가능,4546,4268,8814
202202,경원선,광운대,4650,4588,9238
202202,경원선,녹양,2961,2796,5757
202202,경원선,녹천,2894,2404,5298
202202,경원선,덕계,2040,1845,3885
202202,경원선,덕정,3617,3360,6977
202202,경원선,도봉,4015,3758,7773
202202,경원선,도봉산,7568,5339,12907
202202,경원선,동두천,1333,1530,2863
202202,경원선,동두천중앙,2118,2067,4185
202202,경원선,망월사,4879,5025,9904
202202,경원선,방학,6940,6749,13689
202202,경원선,보산,1219,1226,2445
202202,경원선,서빙고,1251,1225,2476
202202,경원선,석계,5869,6004,11873
202202,경원선,소요산,2760,2417,5177
202202,경원선,신이문,5395,4799,10194
202202,경원선,양주,5347,5054,10401
202202,경원선,옥수,23,24,47
202202,경원선,왕십리,10827,12290,23117
202202,경원선,외대앞,5431,5233,10664
202202,경원선,월계,4363,3964,8327
202202,경원선,응봉,1205,980,2185
202202,경원선,의정부,15351,15746,31097
202202,경원선,이촌,2431,1800,4231
202202,경원선,지행,4546,4650,9196
202202,경원선,청량리,13145,14098,27243
202202,경원선,한남,2309,2229,4538
202202,경원선,회룡,8437,8306,16743
202202,경의선,가좌,3323,3263,6586
202202,경의선,강매,1674,1570,3244
202202,경의선,곡산,348,349,697
202202,경의선,공덕,2381,1743,4124
202202,경의선,금릉,3175,3067,6242
202202,경의선,금촌,4467,4407,8874
202202,경의선,능곡,2410,2262,4672
202202,경의선,디지털미디어시티,1583,1410,2993
202202,경의선,문산,3849,3730,7579
202202,경의선,백마,3827,3831,7658
202202,경의선,서강대,1398,1402,2800
202202,경의선,서울역,975,1085,2060
202202,경의선,수색,1339,1326,2665
202202,경의선,신촌,276,356,632
202202,경의선,야당,5214,5110,10324
202202,경의선,운정,4070,3875,7945
202202,경의선,월롱,1527,1368,2895
202202,경의선,일산,5288,5023,10311
202202,경의선,임진강,15,24,39
202202,경의선,탄현,4597,4541,9138
202202,경의선,파주,714,510,1224
202202,경의선,풍산,3732,3637,7369
202202,경의선,행신,4330,4494,8824
202202,경의선,홍대입구,1487,1983,3470
202202,경의선,화전,804,733,1537
202202,경의선,효창공원앞,1589,1780,3369
202202,경인선,간석,3682,3629,7311
202202,경인선,개봉,14176,13977,28153
202202,경인선,구일,3677,3739,7416
202202,경인선,도원,3160,3202,6362
202202,경인선,도화,2716,2473,5189
202202,경인선,동암,10491,10939,21430
202202,경인선,동인천,10125,10028,20153
202202,경인선,백운,4468,4378,8846
202202,경인선,부개,5392,5120,10512
202202,경인선,부천,24878,25629,50507
202202,경인선,부평,24831,26585,51416
202202,경인선,소사,6366,6140,12506
202202,경인선,송내,15131,15150,30281
202202,경인선,역곡,17269,17325,34594
202202,경인선,오류동,7705,7190,14895
202202,경인선,온수,4042,3962,8004
202202,경인선,인천,3189,2724,5913
202202,경인선,제물포,6362,6259,12621
202202,경인선,주안,13804,12139,25943
202202,경인선,중동,5781,5464,11245
202202,경춘선,가평,1317,1510,2827
202202,경춘선,갈매,1734,1502,3236
202202,경춘선,강촌,374,435,809
202202,경춘선,굴봉산,126,160,286
202202,경춘선,금곡,948,834,1782
202202,경춘선,김유정,392,381,773
202202,경춘선,남춘천,2060,2063,4123
202202,경춘선,대성리,410,415,825
202202,경춘선,마석,2550,2397,4947
202202,경춘선,백양리,318,301,619
202202,경춘선,별내,2029,1907,3936
202202,경춘선,사릉,1951,1864,3815
202202,경춘선,상천,239,271,510
202202,경춘선,신내,1093,1038,2131
202202,경춘선,천마산,1138,1180,2318
202202,경춘선,청평,1280,1327,2607
202202,경춘선,춘천,1076,1062,2138
202202,경춘선,퇴계원,2167,2009,4176
202202,경춘선,평내호평,3778,3682,7460
202202,공항철도 1호선,검암,3748,3864,7612
202202,공항철도 1호선,계양,5828,5561,11389
202202,공항철도 1호선,공덕,1330,2169,3499
202202,공항철도 1호선,공항화물청사,1220,1238,2458
202202,공항철도 1호선,김포공항,10694,5157,15851
202202,공항철도 1호선,디지털미디어시티,4724,4372,9096
202202,공항철도 1호선,마곡나루,2576,2769,5345
202202,공항철도 1호선,서울역,6170,6026,12196
202202,공항철도 1호선,영종,2420,2392,4812
202202,공항철도 1호선,운서,5227,5290,10517
202202,공항철도 1호선,인천공항1터미널,2734,3063,5797
202202,공항철도 1호선,인천공항2터미널,1724,1654,3378
202202,공항철도 1호선,청라국제도시,3467,3435,6902
202202,공항철도 1호선,홍대입구,10320,10264,20584
202202,과천선,경마공원,7811,7816,15627
202202,과천선,과천,4048,3722,7770
202202,과천선,대공원,3292,3513,6805
202202,과천선,범계,17615,17013,34628
202202,과천선,선바위,4469,3989,8458
202202,과천선,인덕원,13870,14067,27937
202202,과천선,정부과천청사,5544,5452,10996
202202,과천선,평촌,8070,7948,16018
202202,분당선,가천대,4400,4931,9331
202202,분당선,강남구청,5305,6348,11653
202202,분당선,개포동,2413,2383,4796
202202,분당선,구룡,1071,1028,2099
202202,분당선,구성,2847,3074,5921
202202,분당선,기흥,5707,5605,11312
202202,분당선,대모산입구,2714,2547,5261
202202,분당선,도곡,4404,3815,8219
202202,분당선,망포,8164,7549,15713
202202,분당선,매교,1809,1804,3613
202202,분당선,매탄권선,2986,2854,5840
202202,분당선,모란,19649,20392,40041
202202,분당선,미금,9507,9903,19410
202202,분당선,보정,1414,1335,2749
202202,분당선,복정,1,0,1
202202,분당선,상갈,3169,3202,6371
202202,분당선,서울숲,6222,6408,12630
202202,분당선,서현,17895,17672,35567
202202,분당선,선릉,4754,7400,12154
202202,분당선,선정릉,3232,3302,6534
202202,분당선,수내,7827,7483,15310
202202,분당선,수서,9268,9621,18889
202202,분당선,수원,6114,5329,11443
202202,분당선,수원시청,9807,10131,19938
202202,분당선,신갈,2303,2364,4667
202202,분당선,압구정로데오,17529,18875,36404
202202,분당선,야탑,16008,16585,32593
202202,분당선,영통,5866,5790,11656
202202,분당선,오리,6919,5737,12656
202202,분당선,이매,3627,3728,7355
202202,분당선,정자,9641,9839,19480
202202,분당선,죽전,8915,9989,18904
202202,분당선,청명,2237,2295,4532
202202,분당선,태평,9907,9461,19368
202202,분당선,한티,11298,11141,22439
202202,수인선,고색,2458,2452,4910
202202,수인선,남동인더스파크,972,893,1865
202202,수인선,달월,43,37,80
202202,수인선,사리,2953,2536,5489
202202,수인선,소래포구,4106,4103,8209
202202,수인선,송도,1896,1866,3762
202202,수인선,숭의,2667,2512,5179
202202,수인선,신포,1286,1309,2595
202202,수인선,야목,214,173,387
202202,수인선,어천,564,508,1072
202202,수인선,연수,3590,3439,7029
202202,수인선,오목천,1750,1506,3256
202202,수인선,원인재,3213,3394,6607
202202,수인선,월곶,1809,1728,3537
202202,수인선,인천,1033,1623,2656
202202,수인선,인천논현,3727,3962,7689
202202,수인선,인하대,3741,3515,7256
202202,수인선,호구포,2253,2183,4436
202202,안산선,고잔,5246,5300,10546
202202,안산선,대야미,3222,2814,6036
202202,안산선,반월,2897,2707,5604
202202,안산선,산본,10681,11482,22163
202202,안산선,상록수,10536,10730,21266
202202,안산선,수리산,2546,2258,4804
202202,안산선,신길온천,1128,1143,2271
202202,안산선,안산,7667,7833,15500
202202,안산선,오이도,5974,6168,12142
202202,안산선,정왕,5276,5297,10573
202202,안산선,중앙,12903,13486,26389
202202,안산선,초지,2790,2849,5639
202202,안산선,한대앞,5963,5902,11865
202202,우이신설선,4.19민주묘지,2017,1755,3772
202202,우이신설선,가오리,2685,2586,5271
202202,우이신설선,보문,1021,1020,2041
202202,우이신설선,북한산보국문,4293,3969,8262
202202,우이신설선,북한산우이,2583,2675,5258
202202,우이신설선,삼양,1413,1479,2892
202202,우이신설선,삼양사거리,1707,1700,3407
202202,우이신설선,성신여대입구,2646,2929,5575
202202,우이신설선,솔밭공원,1632,1545,3177
202202,우이신설선,솔샘,3302,3130,6432
202202,우이신설선,신설동,1397,1331,2728
202202,우이신설선,정릉,3257,2767,6024
202202,우이신설선,화계,2252,2216,4468
202202,일산선,대곡,1124,1019,2143
202202,일산선,대화,7082,6508,13590
202202,일산선,마두,4405,4513,8918
202202,일산선,백석,6659,6681,13340
202202,일산선,삼송,12349,12198,24547
202202,일산선,원당,7011,6688,13699
202202,일산선,원흥,6176,5918,12094
202202,일산선,정발산,5515,5754,11269
202202,일산선,주엽,5747,5740,11487
202202,일산선,화정,11177,11613,22790
202202,장항선,배방,864,818,1682
202202,장항선,봉명,707,623,1330
202202,장항선,신창,854,718,1572
202202,장항선,쌍용,1324,1206,2530
202202,장항선,아산,2295,2309,4604
202202,장항선,온양온천,3597,3610,7207
202202,장항선,탕정,505,444,949
202202,중앙선,구리,8691,8831,17522
202202,중앙선,국수,464,481,945
202202,중앙선,덕소,3602,3746,7348
202202,중앙선,도농,5925,5531,11456
202202,중앙선,도심,1225,1054,2279
202202,중앙선,망우,5476,5481,10957
202202,중앙선,상봉,4064,4132,8196
202202,중앙선,신원,180,167,347
202202,중앙선,아신,369,431,800
202202,중앙선,양수,1380,1403,2783
202202,중앙선,양원,1362,1376,2738
202202,중앙선,양정,453,369,822
202202,중앙선,양평,1906,1936,3842
202202,중앙선,오빈,193,228,421
202202,중앙선,용문,1247,1437,2684
202202,중앙선,운길산,800,726,1526
202202,중앙선,원덕,273,302,575
202202,중앙선,중랑,3778,3656,7434
202202,중앙선,지평,34,46,80
202202,중앙선,팔당,998,1126,2124
202202,중앙선,회기,17139,16433,33572
202202,1호선,동대문,6916,7067,13983
202202,1호선,동묘앞,8966,9306,18272
202202,1호선,서울역,21179,19303,40482
202202,1호선,시청,6085,5978,12063
202202,1호선,신설동,6237,6321,12558
202202,1호선,제기동,7896,8148,16044
202202,1호선,종각,10292,9143,19435
202202,1호선,종로3가,10628,9589,20217
202202,1호선,종로5가,7622,7108,14730
202202,1호선,청량리,10520,10541,21061
202202,2호선,강남,30478,28782,59260
202202,2호선,강변,16446,16095,32541
202202,2호선,건대입구,21869,22398,44267
202202,2호선,교대,8772,9819,18591
202202,2호선,구로디지털단지,20605,20291,40896
202202,2호선,구의,9824,9926,19750
202202,2호선,낙성대,13278,13927,27205
202202,2호선,당산,6961,7654,14615
202202,2호선,대림,11601,11729,23330
202202,2호선,도림천,370,408,778
202202,2호선,동대문역사문화공원,5775,6891,12666
202202,2호선,뚝섬,7998,8224,16222
202202,2호선,문래,7202,7541,14743
202202,2호선,방배,5525,5927,11452
202202,2호선,봉천,10523,10373,20896
202202,2호선,사당,18092,19807,37899
202202,2호선,삼성,21560,20780,42340
202202,2호선,상왕십리,5922,5887,11809
202202,2호선,서울대입구,23428,23856,47284
202202,2호선,서초,9927,9028,18955
202202,2호선,선릉,11645,9979,21624
202202,2호선,성수,11950,12889,24839
202202,2호선,시청,4994,4037,9031
202202,2호선,신답,615,667,1282
202202,2호선,신당,6765,7367,14132
202202,2호선,신대방,12768,12728,25496
202202,2호선,신도림,24425,24834,49259
202202,2호선,신림,32588,32252,64840
202202,2호선,신설동,2732,1819,4551
202202,2호선,신정네거리,4385,4518,8903
202202,2호선,신촌,19873,19169,39042
202202,2호선,아현,4290,4284,8574
202202,2호선,양천구청,2719,2745,5464
202202,2호선,역삼,11127,12032,23159
202202,2호선,영등포구청,7486,7728,15214
202202,2호선,왕십리,8128,7172,15300
202202,2호선,용답,1376,1439,2815
202202,2호선,용두,909,953,1862
202202,2호선,을지로3가,6785,6362,13147
202202,2호선,을지로4가,2808,2674,5482
202202,2호선,을지로입구,12948,12032,24980
202202,2호선,이대,5766,6248,12014
202202,2호선,잠실,39360,36497,75857
202202,2호선,잠실나루,4267,4507,8774
202202,2호선,잠실새내,9280,9715,18995
202202,2호선,종합운동장,3429,3599,7028
202202,2호선,충정로,3385,3642,7027
202202,2호선,한양대,2043,2271,4314
202202,2호선,합정,17494,18081,35575
202202,2호선,홍대입구,42342,41503,83845
202202,3호선,가락시장,3143,3299,6442
202202,3호선,경복궁,9251,9222,18473
202202,3호선,경찰병원,2238,2378,4616
202202,3호선,고속터미널,31301,29308,60609
202202,3호선,교대,3615,2273,5888
202202,3호선,구파발,9050,9333,18383
202202,3호선,금호,3501,3425,6926
202202,3호선,남부터미널,11625,12172,23797
202202,3호선,녹번,6109,5544,11653
202202,3호선,대청,3579,3506,7085
202202,3호선,대치,5295,4671,9966
202202,3호선,도곡,1664,1813,3477
202202,3호선,독립문,3455,3616,7071
202202,3호선,동대입구,3939,4188,8127
202202,3호선,매봉,3488,3518,7006
202202,3호선,무악재,1521,1708,3229
202202,3호선,불광,8162,9232,17394
202202,3호선,수서,9076,8879,17955
202202,3호선,신사,12537,12504,25041
202202,3호선,안국,8295,8757,17052
202202,3호선,압구정,12680,13024,25704
202202,3호선,약수,5661,5446,11107
202202,3호선,양재,12260,13958,26218
202202,3호선,연신내,17649,16914,34563
202202,3호선,오금,2196,2169,4365
202202,3호선,옥수,3940,4161,8101
202202,3호선,을지로3가,2814,2553,5367
202202,3호선,일원,2844,2971,5815
202202,3호선,잠원,1729,1805,3534
202202,3호선,종로3가,3194,3904,7098
202202,3호선,지축,1778,1665,3443
202202,3호선,학여울,1442,1652,3094
202202,3호선,홍제,7645,7469,15114
202202,4호선,길음,8622,8506,17128
202202,4호선,남태령,536,418,954
202202,4호선,노원,9842,10698,20540
202202,4호선,당고개,6317,6091,12408
202202,4호선,동대문,4757,5547,10304
202202,4호선,동대문역사문화공원,6954,6476,13430
202202,4호선,동작,1102,1188,2290
202202,4호선,명동,8738,8651,17389
202202,4호선,미아,6811,6510,13321
202202,4호선,미아사거리,13519,13009,26528
202202,4호선,사당,12535,11676,24211
202202,4호선,삼각지,2103,2669,4772
202202,4호선,상계,8653,8099,16752
202202,4호선,서울역,3368,7824,11192
202202,4호선,성신여대입구,10615,10301,20916
202202,4호선,수유,17204,16659,33863
202202,4호선,숙대입구,6227,5883,12110
202202,4호선,신용산,6537,6905,13442
202202,4호선,쌍문,13442,11958,25400
202202,4호선,이촌,3858,4260,8118
202202,4호선,창동,13559,14105,27664
202202,4호선,총신대입구,8403,9256,17659
202202,4호선,충무로,6678,6834,13512
202202,4호선,한성대입구,6372,6413,12785
202202,4호선,혜화,18695,18854,37549
202202,4호선,회현,7258,7285,14543
202202,5호선,강동,8173,8004,16177
202202,5호선,강일,1725,1618,3343
202202,5호선,개롱,2410,2678,5088
202202,5호선,개화산,2289,2330,4619
202202,5호선,거여,3825,3644,7469
202202,5호선,고덕,3700,3730,7430
202202,5호선,공덕,3806,3906,7712
202202,5호선,광나루,6269,6311,12580
202202,5호선,광화문,8791,8762,17553
202202,5호선,군자,5142,5697,10839
202202,5호선,굽은다리,4674,4380,9054
202202,5호선,길동,3546,3696,7242
202202,5호선,김포공항,6376,6098,12474
202202,5호선,까치산,13212,13134,26346
202202,5호선,답십리,6254,5827,12081
202202,5호선,동대문역사문화공원,671,734,1405
202202,5호선,둔촌동,3745,3969,7714
202202,5호선,마곡,3165,3287,6452
202202,5호선,마장,2413,2257,4670
202202,5호선,마천,3036,3345,6381
202202,5호선,마포,4170,4284,8454
202202,5호선,명일,3865,3931,7796
202202,5호선,목동,6457,6748,13205
202202,5호선,미사,7253,7159,14412
202202,5호선,발산,7755,7935,15690
202202,5호선,방이,3226,3228,6454
202202,5호선,방화,2894,3076,5970
202202,5호선,상일동,5441,5464,10905
202202,5호선,서대문,4339,4245,8584
202202,5호선,송정,3029,3083,6112
202202,5호선,신금호,2584,2814,5398
202202,5호선,신길,1565,1827,3392
202202,5호선,신정,5431,4907,10338
202202,5호선,아차산,8876,8559,17435
202202,5호선,애오개,2238,2368,4606
202202,5호선,양평,2222,2285,4507
202202,5호선,여의나루,4174,5410,9584
202202,5호선,여의도,6854,6966,13820
202202,5호선,영등포구청,1110,1078,2188
202202,5호선,영등포시장,4783,5020,9803
202202,5호선,오금,1259,1263,2522
202202,5호선,오목교,10195,10281,20476
202202,5호선,올림픽공원,1851,1719,3570
202202,5호선,왕십리,2229,2555,4784
202202,5호선,우장산,5643,5785,11428
202202,5호선,을지로4가,1220,1309,2529
202202,5호선,장한평,6570,6672,13242
202202,5호선,종로3가,6672,6027,12699
202202,5호선,천호,10831,9978,20809
202202,5호선,청구,1598,1386,2984
202202,5호선,충정로,1202,1256,2458
202202,5호선,하남검단산,3613,3566,7179
202202,5호선,하남시청,3232,3197,6429
202202,5호선,하남풍산,1729,1801,3530
202202,5호선,행당,3350,3013,6363
202202,5호선,화곡,11856,11389,23245
202202,6호선,고려대,3733,3767,7500
202202,6호선,공덕,6047,5629,11676
202202,6호선,광흥창,3440,3441,6881
202202,6호선,구산,3302,2542,5844
202202,6호선,녹사평,2973,2939,5912
202202,6호선,대흥,3238,3334,6572
202202,6호선,독바위,1210,1595,2805
202202,6호선,돌곶이,4463,4248,8711
202202,6호선,동묘앞,4710,4641,9351
202202,6호선,디지털미디어시티,4266,4561,8827
202202,6호선,마포구청,5820,5539,11359
202202,6호선,망원,8126,8553,16679
202202,6호선,버티고개,870,922,1792
202202,6호선,보문,3372,3205,6577
202202,6호선,봉화산,3272,3308,6580
202202,6호선,불광,2469,2077,4546
202202,6호선,삼각지,2942,2411,5353
202202,6호선,상수,5508,6173,11681
202202,6호선,상월곡,2721,2421,5142
202202,6호선,새절,5214,5122,10336
202202,6호선,석계,5570,5840,11410
202202,6호선,신당,3824,4220,8044
202202,6호선,안암,4340,4475,8815
202202,6호선,약수,1515,1432,2947
202202,6호선,역촌,1756,1964,3720
202202,6호선,월곡,4651,4654,9305
202202,6호선,월드컵경기장,2567,2560,5127
202202,6호선,응암,7688,8013,15701
202202,6호선,이태원,7517,7041,14558
202202,6호선,증산,4557,4752,9309
202202,6호선,창신,1396,1294,2690
202202,6호선,청구,1483,1441,2924
202202,6호선,태릉입구,2666,2687,5353
202202,6호선,한강진,4761,5466,10227
202202,6호선,합정,8041,7052,15093
202202,6호선,화랑대,4282,3624,7906
202202,6호선,효창공원앞,2861,2625,5486
202202,7호선,가산디지털단지,8379,7769,16148
202202,7호선,강남구청,5496,5953,11449
202202,7호선,건대입구,6739,6899,13638
202202,7호선,고속터미널,9251,6244,15495
202202,7호선,공릉,5604,5858,11462
202202,7호선,광명사거리,10170,10112,20282
202202,7호선,군자,6544,5260,11804
202202,7호선,남구로,5401,5291,10692
202202,7호선,남성,4515,4504,9019
202202,7호선,내방,4468,4637,9105
202202,7호선,노원,9502,9191,18693
202202,7호선,논현,5071,5555,10626
202202,7호선,대림,5133,4898,10031
202202,7호선,도봉산,4067,5826,9893
202202,7호선,뚝섬유원지,3653,3614,7267
202202,7호선,마들,4956,4691,9647
202202,7호선,먹골,4771,4741,9512
202202,7호선,면목,6787,6736,13523
202202,7호선,반포,2409,2419,4828
202202,7호선,보라매,3608,3487,7095
202202,7호선,부평구청,1,0,1
202202,7호선,사가정,7397,7330,14727
202202,7호선,상도,4388,4416,8804
202202,7호선,상봉,8096,7620,15716
202202,7호선,수락산,6517,6358,12875
202202,7호선,숭실대입구,4637,5056,9693
202202,7호선,신대방삼거리,6756,6694,13450
202202,7호선,신중동,1,0,1
202202,7호선,신풍,4988,4746,9734
202202,7호선,어린이대공원,6041,6042,12083
202202,7호선,온수,3284,3290,6574
202202,7호선,용마산,2591,2996,5587
202202,7호선,이수,7360,6837,14197
202202,7호선,장승배기,3843,3811,7654
202202,7호선,장암,983,608,1591
202202,7호선,중계,5457,5137,10594
202202,7호선,중곡,4616,4461,9077
202202,7호선,중화,4677,4579,9256
202202,7호선,천왕,4088,4009,8097
202202,7호선,철산,8824,8776,17600
202202,7호선,청담,5865,6387,12252
202202,7호선,태릉입구,4043,3869,7912
202202,7호선,하계,7512,7066,14578
202202,7호선,학동,5323,5798,11121
202202,8호선,가락시장,2714,3414,6128
202202,8호선,강동구청,3945,4161,8106
202202,8호선,남위례,1660,1781,3441
202202,8호선,남한산성입구,5730,5305,11035
202202,8호선,단대오거리,4672,4625,9297
202202,8호선,모란,2215,1811,4026
202202,8호선,몽촌토성,2705,2721,5426
202202,8호선,문정,5045,5287,10332
202202,8호선,복정,3810,3630,7440
202202,8호선,산성,2485,2488,4973
202202,8호선,석촌,3553,4318,7871
202202,8호선,송파,2822,3114,5936
202202,8호선,수진,2542,2345,4887
202202,8호선,신흥,2273,2481,4754
202202,8호선,암사,7640,7310,14950
202202,8호선,잠실,8618,9601,18219
202202,8호선,장지,7934,8231,16165
202202,8호선,천호,7841,8908,16749
202202,9호선,가양,8414,8330,16744
202202,9호선,개화,836,820,1656
202202,9호선,고속터미널,7604,10545,18149
202202,9호선,공항시장,1604,1670,3274
202202,9호선,구반포,396,441,837
202202,9호선,국회의사당,3989,3850,7839
202202,9호선,김포공항,6339,9897,16236
202202,9호선,노들,2194,1984,4178
202202,9호선,노량진,12833,13482,26315
202202,9호선,당산,7629,7585,15214
202202,9호선,동작,1690,1176,2866
202202,9호선,등촌,4353,4491,8844
202202,9호선,마곡나루,5136,5010,10146
202202,9호선,사평,1208,1289,2497
202202,9호선,샛강,1443,1480,2923
202202,9호선,선유도,2349,2392,4741
202202,9호선,신논현,13466,12847,26313
202202,9호선,신목동,1413,1307,2720
202202,9호선,신반포,1473,1496,2969
202202,9호선,신방화,2873,2933,5806
202202,9호선,양천향교,3494,3754,7248
202202,9호선,여의도,7587,6664,14251
202202,9호선,염창,7170,7124,14294
202202,9호선,증미,2596,2606,5202
202202,9호선,흑석,3225,3403,6628
202202,9호선2~3단계,둔촌오륜,411,436,847
202202,9호선2~3단계,봉은사,8543,8824,17367
202202,9호선2~3단계,삼성중앙,1693,1876,3569
202202,9호선2~3단계,삼전,3186,3115,6301
202202,9호선2~3단계,석촌,3945,3402,7347
202202,9호선2~3단계,석촌고분,2647,2666,5313
202202,9호선2~3단계,선정릉,2438,2819,5257
202202,9호선2~3단계,송파나루,2788,2946,5734
202202,9호선2~3단계,언주,3261,3259,6520
202202,9호선2~3단계,올림픽공원,4674,4465,9139
202202,9호선2~3단계,종합운동장,1847,1676,3523
202202,9호선2~3단계,중앙보훈병원,2750,2719,5469
202202,9호선2~3단계,한성백제,1176,1086,2262
202202,경강선,경기광주,3134,3171,6305
202202,경강선,곤지암,1283,1318,2601
202202,경강선,부발,1129,1764,2893
202202,경강선,삼동,829,855,1684
202202,경강선,세종대왕릉,185,180,365
202202,경강선,신둔도예촌,666,645,1311
202202,경강선,여주,1516,1392,2908
202202,경강선,이매,522,376,898
202202,경강선,이천,1545,1774,3319
202202,경강선,초월,1305,1289,2594
202202,경강선,판교,2028,1965,3993
202202,경부선,가산디지털단지,3766,5189,8955
202202,경부선,관악,3811,3567,7378
202202,경부선,광명,2130,1616,3746
202202,경부선,구로,7676,7691,15367
202202,경부선,군포,2503,2410,4913
202202,경부선,금정,11211,11591,22802
202202,경부선,금천구청,5124,5028,10152
202202,경부선,남영,3527,3700,7227
202202,경부선,노량진,4593,4475,9068
202202,경부선,당정,2364,2442,4806
202202,경부선,대방,4864,5171,10035
202202,경부선,독산,5082,5274,10356
202202,경부선,두정,3407,3643,7050
202202,경부선,명학,2992,2903,5895
202202,경부선,병점,7367,8113,15480
202202,경부선,서동탄,554,596,1150
202202,경부선,서울역,6055,1472,7527
202202,경부선,서정리,3494,5060,8554
202202,경부선,석수,4047,3972,8019
202202,경부선,성균관대,6521,6990,13511
202202,경부선,성환,1738,2043,3781
202202,경부선,세류,1520,1604,3124
202202,경부선,세마,1336,1241,2577
202202,경부선,송탄,2941,3373,6314
202202,경부선,수원,26377,25214,51591
202202,경부선,신길,3905,3410,7315
202202,경부선,신도림,1999,1730,3729
202202,경부선,안양,10855,10470,21325
202202,경부선,영등포,27666,26136,53802
202202,경부선,오산,5718,6322,12040
202202,경부선,오산대,1474,1540,3014
202202,경부선,용산,24926,22638,47564
202202,경부선,의왕,3468,3458,6926
202202,경부선,직산,386,481,867
202202,경부선,진위,601,606,1207
202202,경부선,천안,4408,4312,8720
202202,경부선,평택,8517,8816,17333
202202,경부선,평택지제,2003,1976,3979
202202,경부선,화서,3181,3186,6367
202202,경원선,가능,3169,3064,6233
202202,경원선,광운대,3505,3502,7007
202202,경원선,녹양,2177,2022,4199
202202,경원선,녹천,2095,1804,3899
202202,경원선,덕계,1349,1341,2690
202202,경원선,덕정,2511,2643,5154
202202,경원선,도봉,2841,2790,5631
202202,경원선,도봉산,6233,4392,10625
202202,경원선,동두천,976,1133,2109
202202,경원선,동두천중앙,1716,1699,3415
202202,경원선,망월사,3692,3771,7463
202202,경원선,방학,5018,4846,9864
202202,경원선,보산,1025,974,1999
202202,경원선,서빙고,1095,1131,2226
202202,경원선,석계,4061,4452,8513
202202,경원선,소요산,2278,2020,4298
202202,경원선,신이문,3852,3716,7568
202202,경원선,양주,3843,3717,7560
202202,경원선,옥수,45,23,68
202202,경원선,왕십리,8199,9219,17418
202202,경원선,외대앞,4066,3954,8020
202202,경원선,월계,3193,3041,6234
202202,경원선,응봉,828,744,1572
202202,경원선,의정부,11622,11584,23206
202202,경원선,이촌,1722,1342,3064
202202,경원선,지행,3277,3169,6446
202202,경원선,청량리,11458,10203,21661
202202,경원선,한남,1590,1616,3206
202202,경원선,회룡,6075,6178,12253
202202,경의선,가좌,2281,2272,4553
202202,경의선,강매,1280,1117,2397
202202,경의선,곡산,224,210,434
202202,경의선,공덕,1693,1217,2910
202202,경의선,금릉,2189,2211,4400
202202,경의선,금촌,3142,3429,6571
202202,경의선,능곡,1719,1705,3424
202202,경의선,디지털미디어시티,1123,1052,2175
202202,경의선,문산,2503,2720,5223
202202,경의선,백마,2741,2636,5377
202202,경의선,서강대,998,1007,2005
202202,경의선,서울역,760,772,1532
202202,경의선,수색,726,810,1536
202202,경의선,신촌,212,239,451
202202,경의선,야당,3811,3664,7475
202202,경의선,운정,2794,2781,5575
202202,경의선,월롱,739,1563,2302
202202,경의선,일산,3730,3636,7366
202202,경의선,임진강,34,23,57
202202,경의선,탄현,3416,3266,6682
202202,경의선,파주,422,368,790
202202,경의선,풍산,2853,2710,5563
202202,경의선,행신,3547,3242,6789
202202,경의선,홍대입구,1177,1466,2643
202202,경의선,화전,554,566,1120
202202,경의선,효창공원앞,1130,1255,2385
202202,경인선,간석,2506,2436,4942
202202,경인선,개봉,9456,9497,18953
202202,경인선,구일,2754,2755,5509
202202,경인선,도원,1185,1233,2418
202202,경인선,도화,1868,1842,3710
202202,경인선,동암,7781,7619,15400
202202,경인선,동인천,7160,7048,14208
202202,경인선,백운,3068,3075,6143
202202,경인선,부개,3895,3662,7557
202202,경인선,부천,18382,18072,36454
202202,경인선,부평,18196,18482,36678
202202,경인선,소사,4485,4204,8689
202202,경인선,송내,10464,10255,20719
202202,경인선,역곡,11588,11644,23232
202202,경인선,오류동,5869,5528,11397
202202,경인선,온수,2985,2823,5808
202202,경인선,인천,2580,1989,4569
202202,경인선,제물포,4420,4376,8796
202202,경인선,주안,9601,8301,17902
202202,경인선,중동,4069,3799,7868
202202,경춘선,가평,1354,1088,2442
202202,경춘선,갈매,1101,1014,2115
202202,경춘선,강촌,413,382,795
202202,경춘선,굴봉산,174,171,345
202202,경춘선,금곡,672,677,1349
202202,경춘선,김유정,387,353,740
202202,경춘선,남춘천,1803,1733,3536
202202,경춘선,대성리,365,290,655
202202,경춘선,마석,1918,1859,3777
202202,경춘선,백양리,249,262,511
202202,경춘선,별내,1505,1450,2955
202202,경춘선,사릉,1319,1352,2671
202202,경춘선,상천,219,176,395
202202,경춘선,신내,831,764,1595
202202,경춘선,천마산,811,821,1632
202202,경춘선,청평,1093,1000,2093
202202,경춘선,춘천,992,822,1814
202202,경춘선,퇴계원,1617,1569,3186
202202,경춘선,평내호평,2705,2608,5313
202202,공항철도 1호선,검암,2899,2917,5816
202202,공항철도 1호선,계양,4175,4109,8284
202202,공항철도 1호선,공덕,1103,1573,2676
202202,공항철도 1호선,공항화물청사,878,953,1831
202202,공항철도 1호선,김포공항,10599,5349,15948
202202,공항철도 1호선,디지털미디어시티,3253,3179,6432
202202,공항철도 1호선,마곡나루,1784,2042,3826
202202,공항철도 1호선,서울역,5989,5078,11067
202202,공항철도 1호선,영종,1899,1820,3719
202202,공항철도 1호선,운서,4199,4523,8722
202202,공항철도 1호선,인천공항1터미널,2808,2988,5796
202202,공항철도 1호선,인천공항2터미널,1535,1506,3041
202202,공항철도 1호선,청라국제도시,2478,2450,4928
202202,공항철도 1호선,홍대입구,8405,7626,16031
202202,과천선,경마공원,8344,8390,16734
202202,과천선,과천,2841,2789,5630
202202,과천선,대공원,2508,2574,5082
202202,과천선,범계,12374,11922,24296
202202,과천선,선바위,3146,2898,6044
202202,과천선,인덕원,9690,9939,19629
202202,과천선,정부과천청사,3740,3724,7464
202202,과천선,평촌,5509,5506,11015
202202,분당선,가천대,3056,3660,6716
202202,분당선,강남구청,3086,3748,6834
202202,분당선,개포동,1527,1590,3117
202202,분당선,구룡,627,657,1284
202202,분당선,구성,2014,2235,4249
202202,분당선,기흥,4275,4163,8438
202202,분당선,대모산입구,1840,1816,3656
202202,분당선,도곡,2289,2362,4651
202202,분당선,망포,5341,5692,11033
202202,분당선,매교,1121,1155,2276
202202,분당선,매탄권선,2064,2076,4140
202202,분당선,모란,9507,9726,19233
202202,분당선,미금,6090,6611,12701
202202,분당선,보정,886,875,1761
202202,분당선,상갈,2327,2409,4736
202202,분당선,서울숲,4322,4492,8814
202202,분당선,서현,13171,12952,26123
202202,분당선,선릉,2384,3797,6181
202202,분당선,선정릉,1850,1895,3745
202202,분당선,수내,5209,4988,10197
202202,분당선,수서,7373,6948,14321
202202,분당선,수원,4808,3883,8691
202202,분당선,수원시청,6433,6454,12887
202202,분당선,신갈,1594,1638,3232
202202,분당선,압구정로데오,9740,10372,20112
202202,분당선,야탑,11272,11557,22829
202202,분당선,영통,4162,4099,8261
202202,분당선,오리,4562,4009,8571
202202,분당선,이매,2527,2641,5168
202202,분당선,정자,6629,6872,13501
202202,분당선,죽전,6626,7630,14256
202202,분당선,청명,1593,1637,3230
202202,분당선,태평,6777,6530,13307
202202,분당선,한티,7491,7151,14642
202202,수인선,고색,1647,1742,3389
202202,수인선,남동인더스파크,496,489,985
202202,수인선,달월,32,35,67
202202,수인선,사리,2099,1783,3882
202202,수인선,소래포구,3011,2849,5860
202202,수인선,송도,1236,1184,2420
202202,수인선,숭의,1602,1446,3048
202202,수인선,신포,853,861,1714
202202,수인선,야목,163,141,304
202202,수인선,어천,377,446,823
202202,수인선,연수,2646,2567,5213
202202,수인선,오목천,1168,1141,2309
202202,수인선,원인재,2356,2437,4793
202202,수인선,월곶,1318,1286,2604
202202,수인선,인천,810,1198,2008
202202,수인선,인천논현,2385,2495,4880
202202,수인선,인하대,2633,2473,5106
202202,수인선,호구포,1500,1606,3106
202202,안산선,고잔,3812,3724,7536
202202,안산선,대야미,2327,2165,4492
202202,안산선,반월,1974,1925,3899
202202,안산선,산본,7201,7695,14896
202202,안산선,상록수,7376,7416,14792
202202,안산선,수리산,1667,1668,3335
202202,안산선,신길온천,844,807,1651
202202,안산선,안산,7136,6539,13675
202202,안산선,오이도,4526,4403,8929
202202,안산선,정왕,4054,4257,8311
202202,안산선,중앙,9173,9108,18281
202202,안산선,초지,1862,1862,3724
202202,안산선,한대앞,4352,4262,8614
202202,우이신설선,4.19민주묘지,1561,1381,2942
202202,우이신설선,가오리,2035,1926,3961
202202,우이신설선,보문,817,840,1657
202202,우이신설선,북한산보국문,3137,2891,6028
202202,우이신설선,북한산우이,2037,2029,4066
202202,우이신설선,삼양,1086,1087,2173
202202,우이신설선,삼양사거리,1363,1260,2623
202202,우이신설선,성신여대입구,1865,2144,4009
202202,우이신설선,솔밭공원,1144,1073,2217
202202,우이신설선,솔샘,2336,2288,4624
202202,우이신설선,신설동,984,1000,1984
202202,우이신설선,정릉,2350,2004,4354
202202,우이신설선,화계,1700,1589,3289
202202,일산선,대곡,791,695,1486
202202,일산선,대화,5020,4635,9655
202202,일산선,마두,2702,2784,5486
202202,일산선,백석,4664,4606,9270
202202,일산선,삼송,9126,9035,18161
202202,일산선,원당,4982,4849,9831
202202,일산선,원흥,4250,4070,8320
202202,일산선,정발산,4427,4243,8670
202202,일산선,주엽,3630,3683,7313
202202,일산선,화정,7606,7973,15579
202202,장항선,배방,568,647,1215
202202,장항선,봉명,467,428,895
202202,장항선,신창,699,764,1463
202202,장항선,쌍용,913,870,1783
202202,장항선,아산,2292,1756,4048
202202,장항선,온양온천,2367,2523,4890
202202,장항선,탕정,290,332,622
202202,중앙선,구리,6185,6446,12631
202202,중앙선,국수,343,365,708
202202,중앙선,덕소,2709,2747,5456
202202,중앙선,도농,4045,4087,8132
202202,중앙선,도심,909,802,1711
202202,중앙선,망우,4029,4038,8067
202202,중앙선,상봉,3090,3052,6142
202202,중앙선,신원,200,115,315
202202,중앙선,아신,303,299,602
202202,중앙선,양수,1082,1064,2146
202202,중앙선,양원,942,975,1917
202202,중앙선,양정,307,267,574
202202,중앙선,양평,1422,1424,2846
202202,중앙선,오빈,177,148,325
202202,중앙선,용문,2380,2187,4567
202202,중앙선,운길산,722,599,1321
202202,중앙선,원덕,245,219,464
202202,중앙선,중랑,2743,2751,5494
202202,중앙선,지평,55,36,91
202202,중앙선,팔당,903,944,1847
202202,중앙선,회기,12933,12992,25925
202202,1호선,동대문,8843,7977,16820
202202,1호선,동묘앞,9163,9418,18581
202202,1호선,서울역,24750,25357,50107
202202,1호선,시청,8584,9078,17662
202202,1호선,신설동,8483,8161,16644
202202,1호선,제기동,12927,13309,26236
202202,1호선,종각,14692,14633,29325
202202,1호선,종로3가,17885,17194,35079
202202,1호선,종로5가,15956,15656,31612
202202,1호선,청량리,15439,15507,30946
202202,2호선,강남,53607,51737,105344
202202,2호선,강변,21259,21534,42793
202202,2호선,건대입구,28012,29293,57305
202202,2호선,교대,14605,16413,31018
202202,2호선,구로디지털단지,29237,28823,58060
202202,2호선,구의,14236,14070,28306
202202,2호선,낙성대,18240,16874,35114
202202,2호선,당산,10332,11341,21673
202202,2호선,대림,15179,16218,31397
202202,2호선,도림천,696,755,1451
202202,2호선,동대문역사문화공원,8261,8816,17077
202202,2호선,뚝섬,10938,11225,22163
202202,2호선,문래,10598,11129,21727
202202,2호선,방배,8306,8493,16799
202202,2호선,봉천,14936,13855,28791
202202,2호선,사당,25301,27660,52961
202202,2호선,삼성,28165,27852,56017
202202,2호선,상왕십리,8578,8084,16662
202202,2호선,서울대입구,32941,32235,65176
202202,2호선,서초,9197,8036,17233
202202,2호선,선릉,21019,18497,39516
202202,2호선,성수,16623,18277,34900
202202,2호선,시청,7744,6699,14443
202202,2호선,신답,853,918,1771
202202,2호선,신당,9655,10219,19874
202202,2호선,신대방,17429,16835,34264
202202,2호선,신도림,34855,34940,69795
202202,2호선,신림,44630,42885,87515
202202,2호선,신설동,3157,3096,6253
202202,2호선,신정네거리,6358,6367,12725
202202,2호선,신촌,24896,24965,49861
202202,2호선,아현,6272,6011,12283
202202,2호선,양천구청,3876,3879,7755
202202,2호선,역삼,17228,18756,35984
202202,2호선,영등포구청,11575,11718,23293
202202,2호선,왕십리,11465,9613,21078
202202,2호선,용답,1740,1784,3524
202202,2호선,용두,1432,1442,2874
202202,2호선,을지로3가,8418,8175,16593
202202,2호선,을지로4가,6099,6177,12276
202202,2호선,을지로입구,16626,16717,33343
202202,2호선,이대,8786,9305,18091
202202,2호선,잠실,50751,48389,99140
202202,2호선,잠실나루,6177,6092,12269
202202,2호선,잠실새내,13922,14536,28458
202202,2호선,종합운동장,4211,4623,8834
202202,2호선,충정로,5048,5492,10540
202202,2호선,한양대,3872,3927,7799
202202,2호선,합정,22943,24166,47109
202202,2호선,홍대입구,51026,52844,103870
202202,3호선,가락시장,5107,4870,9977
202202,3호선,경복궁,11944,12207,24151
202202,3호선,경찰병원,3549,3414,6963
202202,3호선,고속터미널,37745,38612,76357
202202,3호선,교대,5917,3639,9556
202202,3호선,구파발,12097,12104,24201
202202,3호선,금호,5059,4639,9698
202202,3호선,남부터미널,17810,18139,35949
202202,3호선,녹번,8785,7871,16656
202202,3호선,대청,5250,4780,10030
202202,3호선,대치,8356,7572,15928
202202,3호선,도곡,2948,2969,5917
202202,3호선,독립문,4902,5018,9920
202202,3호선,동대입구,5804,6238,12042
202202,3호선,매봉,5322,5104,10426
202202,3호선,무악재,2222,2376,4598
202202,3호선,불광,10823,12187,23010
202202,3호선,수서,11261,11696,22957
202202,3호선,신사,22714,23084,45798
202202,3호선,안국,11321,12057,23378
202202,3호선,압구정,21643,22667,44310
202202,3호선,약수,7893,7334,15227
202202,3호선,양재,18028,19152,37180
202202,3호선,연신내,24862,23406,48268
202202,3호선,오금,3252,2985,6237
202202,3호선,옥수,5475,5716,11191
202202,3호선,을지로3가,4202,4325,8527
202202,3호선,일원,4212,4161,8373
202202,3호선,잠원,3058,2967,6025
202202,3호선,종로3가,4917,6588,11505
202202,3호선,지축,2582,2382,4964
202202,3호선,학여울,1579,1562,3141
202202,3호선,홍제,11187,10777,21964
202202,4호선,길음,12168,11652,23820
202202,4호선,남태령,799,590,1389
202202,4호선,노원,13622,14713,28335
202202,4호선,당고개,8052,7750,15802
202202,4호선,동대문,10640,10741,21381
202202,4호선,동대문역사문화공원,9203,7843,17046
202202,4호선,동작,978,1098,2076
202202,4호선,명동,10314,11676,21990
202202,4호선,미아,9148,8900,18048
202202,4호선,미아사거리,19220,18548,37768
202202,4호선,사당,17491,15025,32516
202202,4호선,삼각지,2949,3683,6632
202202,4호선,상계,12011,11257,23268
202202,4호선,서울역,4564,10430,14994
202202,4호선,성신여대입구,13986,13237,27223
202202,4호선,수유,23034,22724,45758
202202,4호선,숙대입구,8070,7672,15742
202202,4호선,신용산,8375,9258,17633
202202,4호선,쌍문,18216,16763,34979
202202,4호선,이촌,5482,5822,11304
202202,4호선,창동,17873,18633,36506
202202,4호선,총신대입구,12055,13134,25189
202202,4호선,충무로,10209,10788,20997
202202,4호선,한성대입구,8673,8582,17255
202202,4호선,혜화,22269,22459,44728
202202,4호선,회현,14167,14984,29151
202202,5호선,강동,11294,10761,22055
202202,5호선,강일,2328,2170,4498
202202,5호선,개롱,3782,3924,7706
202202,5호선,개화산,3258,3195,6453
202202,5호선,거여,5311,5069,10380
202202,5호선,고덕,5400,5314,10714
202202,5호선,공덕,5928,6199,12127
202202,5호선,광나루,8798,8450,17248
202202,5호선,광화문,11844,11990,23834
202202,5호선,군자,7210,7871,15081
202202,5호선,굽은다리,6042,5694,11736
202202,5호선,길동,5233,5400,10633
202202,5호선,김포공항,6634,6958,13592
202202,5호선,까치산,18414,17919,36333
202202,5호선,답십리,8785,8248,17033
202202,5호선,동대문역사문화공원,907,1148,2055
202202,5호선,둔촌동,5602,5533,11135
202202,5호선,마곡,4828,4734,9562
202202,5호선,마장,3330,3120,6450
202202,5호선,마천,4173,4329,8502
202202,5호선,마포,6479,6587,13066
202202,5호선,명일,5235,5205,10440
202202,5호선,목동,9856,9928,19784
202202,5호선,미사,9890,9694,19584
202202,5호선,발산,11949,12455,24404
202202,5호선,방이,4353,4386,8739
202202,5호선,방화,3972,3926,7898
202202,5호선,상일동,7818,7377,15195
202202,5호선,서대문,5977,5853,11830
202202,5호선,송정,4351,4342,8693
202202,5호선,신금호,3636,3769,7405
202202,5호선,신길,2313,2490,4803
202202,5호선,신정,8012,6926,14938
202202,5호선,아차산,10591,10385,20976
202202,5호선,애오개,3138,3108,6246
202202,5호선,양평,3213,3010,6223
202202,5호선,여의나루,5318,7407,12725
202202,5호선,여의도,10877,10681,21558
202202,5호선,영등포구청,1625,1670,3295
202202,5호선,영등포시장,7299,7523,14822
202202,5호선,오금,1871,1806,3677
202202,5호선,오목교,14767,15115,29882
202202,5호선,올림픽공원,2406,2037,4443
202202,5호선,왕십리,3089,3650,6739
202202,5호선,우장산,8534,8451,16985
202202,5호선,을지로4가,2749,3075,5824
202202,5호선,장한평,9738,9579,19317
202202,5호선,종로3가,9638,9712,19350
202202,5호선,천호,14737,13763,28500
202202,5호선,청구,2293,2027,4320
202202,5호선,충정로,1670,1545,3215
202202,5호선,하남검단산,4278,4353,8631
202202,5호선,하남시청,4583,4401,8984
202202,5호선,하남풍산,2366,2370,4736
202202,5호선,행당,4586,4082,8668
202202,5호선,화곡,17339,16241,33580
202202,6호선,고려대,4892,4990,9882
202202,6호선,공덕,8689,8133,16822
202202,6호선,광흥창,4407,4286,8693
202202,6호선,구산,4766,3684,8450
202202,6호선,녹사평,3666,3872,7538
202202,6호선,대흥,4771,4824,9595
202202,6호선,독바위,1641,1893,3534
202202,6호선,돌곶이,5282,4907,10189
202202,6호선,동묘앞,6563,5971,12534
202202,6호선,디지털미디어시티,6127,6262,12389
202202,6호선,마포구청,8204,7364,15568
202202,6호선,망원,10738,11614,22352
202202,6호선,버티고개,1216,1291,2507
202202,6호선,보문,4284,3941,8225
202202,6호선,봉화산,4441,4362,8803
202202,6호선,불광,3381,2876,6257
202202,6호선,삼각지,4023,3231,7254
202202,6호선,상수,7093,8171,15264
202202,6호선,상월곡,3573,3148,6721
202202,6호선,새절,7563,7221,14784
202202,6호선,석계,7450,7573,15023
202202,6호선,신당,5763,4835,10598
202202,6호선,안암,6324,6001,12325
202202,6호선,약수,2199,2222,4421
202202,6호선,역촌,2387,2909,5296
202202,6호선,연신내,3,0,3
202202,6호선,월곡,6413,6383,12796
202202,6호선,월드컵경기장,3085,3216,6301
202202,6호선,응암,11768,11582,23350
202202,6호선,이태원,10342,10556,20898
202202,6호선,증산,6367,6438,12805
202202,6호선,창신,1803,1471,3274
202202,6호선,청구,2116,2198,4314
202202,6호선,태릉입구,3661,3729,7390
202202,6호선,한강진,6693,7835,14528
202202,6호선,합정,10267,9283,19550
202202,6호선,화랑대,5847,4802,10649
202202,6호선,효창공원앞,4085,3719,7804
202202,7호선,가산디지털단지,12214,11223,23437
202202,7호선,강남구청,8757,9644,18401
202202,7호선,건대입구,8977,9066,18043
202202,7호선,고속터미널,11692,8780,20472
202202,7호선,공릉,7695,7558,15253
202202,7호선,광명사거리,14409,14527,28936
202202,7호선,군자,9427,7272,16699
202202,7호선,굴포천,1,0,1
202202,7호선,남구로,7233,7582,14815
202202,7호선,남성,6521,6175,12696
202202,7호선,내방,6816,6817,13633
202202,7호선,노원,13977,13630,27607
202202,7호선,논현,9615,10407,20022
202202,7호선,대림,5904,6284,12188
202202,7호선,도봉산,5061,6924,11985
202202,7호선,뚝섬유원지,4695,4580,9275
202202,7호선,마들,7738,7559,15297
202202,7호선,먹골,6999,6927,13926
202202,7호선,면목,9694,9482,19176
202202,7호선,반포,3815,3600,7415
202202,7호선,보라매,5506,5274,10780
202202,7호선,사가정,10556,10509,21065
202202,7호선,상도,6354,5998,12352
202202,7호선,상동,1,0,1
202202,7호선,상봉,11312,10818,22130
202202,7호선,수락산,8288,8002,16290
202202,7호선,숭실대입구,7016,7086,14102
202202,7호선,신대방삼거리,10079,9513,19592
202202,7호선,신풍,6954,6653,13607
202202,7호선,어린이대공원,8133,7946,16079
202202,7호선,온수,4881,4796,9677
202202,7호선,용마산,3634,3801,7435
202202,7호선,이수,10457,9562,20019
202202,7호선,장승배기,5810,5541,11351
202202,7호선,장암,1135,761,1896
202202,7호선,중계,7695,7104,14799
202202,7호선,중곡,6188,5974,12162
202202,7호선,중화,6587,6360,12947
202202,7호선,천왕,5675,5557,11232
202202,7호선,철산,12481,12691,25172
202202,7호선,청담,9774,10818,20592
202202,7호선,태릉입구,5522,5135,10657
202202,7호선,하계,10341,9658,19999
202202,7호선,학동,9651,10136,19787
202202,8호선,가락시장,4715,4733,9448
202202,8호선,강동구청,5355,5394,10749
202202,8호선,남위례,2436,2586,5022
202202,8호선,남한산성입구,7902,7111,15013
202202,8호선,단대오거리,6610,6435,13045
202202,8호선,모란,3171,2715,5886
202202,8호선,몽촌토성,3829,3744,7573
202202,8호선,문정,7539,7658,15197
202202,8호선,복정,5361,4541,9902
202202,8호선,산성,3508,3481,6989
202202,8호선,석촌,4948,6126,11074
202202,8호선,송파,4360,4561,8921
202202,8호선,수진,3790,3389,7179
202202,8호선,신흥,3030,3245,6275
202202,8호선,암사,10642,9853,20495
202202,8호선,잠실,10614,11934,22548
202202,8호선,장지,10430,9814,20244
202202,8호선,천호,10462,12230,22692
202202,9호선,가양,12011,11474,23485
202202,9호선,개화,1085,927,2012
202202,9호선,고속터미널,9594,14169,23763
202202,9호선,공항시장,2022,2175,4197
202202,9호선,구반포,920,973,1893
202202,9호선,국회의사당,4254,4302,8556
202202,9호선,김포공항,6751,11413,18164
202202,9호선,노들,2682,2363,5045
202202,9호선,노량진,17806,17422,35228
202202,9호선,당산,11297,10478,21775
202202,9호선,동작,1611,1146,2757
202202,9호선,등촌,6399,6227,12626
202202,9호선,마곡나루,7085,6747,13832
202202,9호선,사평,2204,2111,4315
202202,9호선,샛강,2152,2143,4295
202202,9호선,선유도,3254,3043,6297
202202,9호선,신논현,22669,22035,44704
202202,9호선,신목동,1883,1676,3559
202202,9호선,신반포,2302,2175,4477
202202,9호선,신방화,4051,3932,7983
202202,9호선,양천향교,4945,4842,9787
202202,9호선,여의도,11254,10095,21349
202202,9호선,염창,10084,9378,19462
202202,9호선,증미,3505,3402,6907
202202,9호선,흑석,4649,4676,9325
202202,9호선2~3단계,둔촌오륜,466,514,980
202202,9호선2~3단계,봉은사,10830,11270,22100
202202,9호선2~3단계,삼성중앙,2663,2720,5383
202202,9호선2~3단계,삼전,4474,4197,8671
202202,9호선2~3단계,석촌,5681,4811,10492
202202,9호선2~3단계,석촌고분,3767,3748,7515
202202,9호선2~3단계,선정릉,3994,4477,8471
202202,9호선2~3단계,송파나루,3756,3807,7563
202202,9호선2~3단계,언주,5618,5523,11141
202202,9호선2~3단계,올림픽공원,3173,3345,6518
202202,9호선2~3단계,종합운동장,2457,2235,4692
202202,9호선2~3단계,중앙보훈병원,4109,3870,7979
202202,9호선2~3단계,한성백제,1630,1399,3029
202202,경강선,경기광주,4289,4091,8380
202202,경강선,곤지암,1497,1662,3159
202202,경강선,부발,1761,1405,3166
202202,경강선,삼동,1232,1174,2406
202202,경강선,세종대왕릉,250,235,485
202202,경강선,신둔도예촌,925,907,1832
202202,경강선,여주,1626,1872,3498
202202,경강선,이매,646,488,1134
202202,경강선,이천,2154,2190,4344
202202,경강선,초월,1862,1758,3620
202202,경강선,판교,2610,2483,5093
202202,경부선,가산디지털단지,5360,6840,12200
202202,경부선,관악,4635,4484,9119
202202,경부선,광명,2262,2019,4281
202202,경부선,구로,11378,11675,23053
202202,경부선,군포,3749,3419,7168
202202,경부선,금정,15732,15844,31576
202202,경부선,금천구청,6930,6895,13825
202202,경부선,남영,5001,5313,10314
202202,경부선,노량진,6389,5982,12371
202202,경부선,당정,3329,3150,6479
202202,경부선,대방,6854,6912,13766
202202,경부선,독산,8010,7854,15864
202202,경부선,두정,4245,4151,8396
202202,경부선,명학,4449,4311,8760
202202,경부선,병점,9840,9766,19606
202202,경부선,서동탄,788,825,1613
202202,경부선,서울역,5273,1741,7014
202202,경부선,서정리,5758,4720,10478
202202,경부선,석수,5506,5250,10756
202202,경부선,성균관대,8732,8664,17396
202202,경부선,성환,2358,2225,4583
202202,경부선,세류,1953,1998,3951
202202,경부선,세마,1813,1649,3462
202202,경부선,송탄,4044,3562,7606
202202,경부선,수원,30219,32621,62840
202202,경부선,신길,4962,4267,9229
202202,경부선,신도림,2699,2615,5314
202202,경부선,안양,14335,14268,28603
202202,경부선,영등포,33490,34448,67938
202202,경부선,오산,7561,7081,14642
202202,경부선,오산대,2268,2023,4291
202202,경부선,용산,26840,28672,55512
202202,경부선,의왕,4807,4611,9418
202202,경부선,직산,532,541,1073
202202,경부선,진위,875,743,1618
202202,경부선,천안,4635,4961,9596
202202,경부선,평택,10563,10304,20867
202202,경부선,평택지제,2650,2491,5141
202202,경부선,화서,4341,4391,8732
202202,경원선,가능,4205,4199,8404
202202,경원선,광운대,4853,4744,9597
202202,경원선,녹양,2857,2789,5646
202202,경원선,녹천,2736,2325,5061
202202,경원선,덕계,1945,1820,3765
202202,경원선,덕정,3346,3140,6486
202202,경원선,도봉,3721,3717,7438
202202,경원선,도봉산,6885,4494,11379
202202,경원선,동두천,1305,1411,2716
202202,경원선,동두천중앙,2032,2002,4034
202202,경원선,망월사,4709,4934,9643
202202,경원선,방학,6384,6265,12649
202202,경원선,보산,1228,1205,2433
202202,경원선,서빙고,1167,1163,2330
202202,경원선,석계,5581,5877,11458
202202,경원선,소요산,2316,2050,4366
202202,경원선,신이문,5203,4820,10023
202202,경원선,양주,5102,4805,9907
202202,경원선,옥수,25,32,57
202202,경원선,왕십리,10042,11670,21712
202202,경원선,외대앞,5341,5194,10535
202202,경원선,월계,4081,3822,7903
202202,경원선,응봉,1236,1096,2332
202202,경원선,의정부,14836,15516,30352
202202,경원선,이촌,2245,1755,4000
202202,경원선,지행,4365,4284,8649
202202,경원선,청량리,12703,14078,26781
202202,경원선,한남,2245,2112,4357
202202,경원선,회룡,7949,8040,15989
202202,경의선,가좌,3192,3083,6275
202202,경의선,강매,1578,1469,3047
202202,경의선,곡산,295,313,608
202202,경의선,공덕,2326,1754,4080
202202,경의선,금릉,2871,2759,5630
202202,경의선,금촌,4578,4547,9125
202202,경의선,능곡,2275,2324,4599
202202,경의선,디지털미디어시티,1654,1496,3150
202202,경의선,문산,3498,3310,6808
202202,경의선,백마,3731,3657,7388
202202,경의선,서강대,1390,1369,2759
202202,경의선,서울역,1007,1099,2106
202202,경의선,수색,1284,1275,2559
202202,경의선,신촌,303,309,612
202202,경의선,야당,4892,4880,9772
202202,경의선,운정,3959,3735,7694
202202,경의선,월롱,1487,1236,2723
202202,경의선,일산,5034,4888,9922
202202,경의선,임진강,18,9,27
202202,경의선,탄현,4347,4165,8512
202202,경의선,파주,697,498,1195
202202,경의선,풍산,3417,3393,6810
202202,경의선,행신,4093,4377,8470
202202,경의선,홍대입구,1452,1839,3291
202202,경의선,화전,909,853,1762
202202,경의선,효창공원앞,1512,1656,3168
202202,경인선,간석,3555,3514,7069
202202,경인선,개봉,13922,13665,27587
202202,경인선,구일,3816,3557,7373
202202,경인선,도원,2967,3051,6018
202202,경인선,도화,2625,2500,5125
202202,경인선,동암,10304,10666,20970
202202,경인선,동인천,9560,9412,18972
202202,경인선,백운,4470,4474,8944
202202,경인선,부개,5391,5139,10530
202202,경인선,부천,24591,25258,49849
202202,경인선,부평,24234,25793,50027
202202,경인선,소사,6373,6137,12510
202202,경인선,송내,14942,14817,29759
202202,경인선,역곡,16687,16705,33392
202202,경인선,오류동,7463,7012,14475
202202,경인선,온수,3973,3698,7671
202202,경인선,인천,2901,2526,5427
202202,경인선,제물포,6204,6027,12231
202202,경인선,주안,13282,11898,25180
202202,경인선,중동,5593,5310,10903
202202,경춘선,가평,1158,1259,2417
202202,경춘선,갈매,1672,1461,3133
202202,경춘선,강촌,367,394,761
202202,경춘선,굴봉산,123,135,258
202202,경춘선,금곡,904,851,1755
202202,경춘선,김유정,294,306,600
202202,경춘선,남춘천,1995,2075,4070
202202,경춘선,대성리,360,412,772
202202,경춘선,마석,2357,2332,4689
202202,경춘선,백양리,260,202,462
202202,경춘선,별내,1990,1883,3873
202202,경춘선,사릉,1797,1723,3520
202202,경춘선,상천,231,208,439
202202,경춘선,신내,1052,1024,2076
202202,경춘선,천마산,1086,1084,2170
202202,경춘선,청평,1047,1192,2239
202202,경춘선,춘천,1143,1091,2234
202202,경춘선,퇴계원,2082,1964,4046
202202,경춘선,평내호평,3496,3317,6813
202202,공항철도 1호선,검암,3660,3799,7459
202202,공항철도 1호선,계양,5752,5398,11150
202202,공항철도 1호선,공덕,1357,2098,3455
202202,공항철도 1호선,공항화물청사,1205,1199,2404
202202,공항철도 1호선,김포공항,10800,5299,16099
202202,공항철도 1호선,디지털미디어시티,4745,4292,9037
202202,공항철도 1호선,마곡나루,2353,2652,5005
202202,공항철도 1호선,서울역,5998,6269,12267
202202,공항철도 1호선,영종,2388,2454,4842
202202,공항철도 1호선,운서,5148,5147,10295
202202,공항철도 1호선,인천공항1터미널,2884,3144,6028
202202,공항철도 1호선,인천공항2터미널,1740,1708,3448
202202,공항철도 1호선,청라국제도시,3206,3179,6385
202202,공항철도 1호선,홍대입구,9529,9338,18867
202202,과천선,경마공원,7879,7865,15744
202202,과천선,과천,3692,3608,7300
202202,과천선,대공원,2947,3139,6086
202202,과천선,범계,16797,16438,33235
202202,과천선,선바위,4104,3712,7816
202202,과천선,인덕원,13222,13276,26498
202202,과천선,정부과천청사,5135,5057,10192
202202,과천선,평촌,7514,7218,14732
202202,분당선,가천대,4318,4794,9112
202202,분당선,강남구청,4857,6007,10864
202202,분당선,개포동,2295,2300,4595
202202,분당선,구룡,1204,1091,2295
202202,분당선,구성,2740,2848,5588
202202,분당선,기흥,5541,5267,10808
202202,분당선,대모산입구,2892,2586,5478
202202,분당선,도곡,4047,3703,7750
202202,분당선,망포,7662,7250,14912
202202,분당선,매교,1633,1667,3300
202202,분당선,매탄권선,2864,2871,5735
202202,분당선,모란,13732,13954,27686
202202,분당선,미금,9313,9596,18909
202202,분당선,보정,1371,1268,2639
202202,분당선,상갈,3107,3136,6243
202202,분당선,서울숲,5746,5830,11576
202202,분당선,서현,17033,16922,33955
202202,분당선,선릉,4447,6896,11343
202202,분당선,선정릉,2990,3071,6061
202202,분당선,수내,7679,7144,14823
202202,분당선,수서,8743,9441,18184
202202,분당선,수원,6144,5185,11329
202202,분당선,수원시청,9644,10116,19760
202202,분당선,신갈,2240,2263,4503
202202,분당선,압구정로데오,17158,18722,35880
202202,분당선,야탑,15362,15926,31288
202202,분당선,영통,5743,5523,11266
202202,분당선,오리,6523,5445,11968
202202,분당선,이매,3438,3314,6752
202202,분당선,정자,9113,9279,18392
202202,분당선,죽전,8340,9480,17820
202202,분당선,청명,2307,2274,4581
202202,분당선,태평,9391,8988,18379
202202,분당선,한티,11186,10894,22080
202202,수인선,고색,2557,2449,5006
202202,수인선,남동인더스파크,998,1017,2015
202202,수인선,달월,48,44,92
202202,수인선,사리,2817,2366,5183
202202,수인선,소래포구,3824,3907,7731
202202,수인선,송도,1651,1557,3208
202202,수인선,숭의,2376,2116,4492
202202,수인선,신포,1083,1187,2270
202202,수인선,야목,215,159,374
202202,수인선,어천,555,518,1073
202202,수인선,연수,3265,3287,6552
202202,수인선,오목천,1773,1602,3375
202202,수인선,원인재,3157,3264,6421
202202,수인선,월곶,1757,1682,3439
202202,수인선,인천,831,1311,2142
202202,수인선,인천논현,3701,3834,7535
202202,수인선,인하대,3761,3526,7287
202202,수인선,호구포,2118,2106,4224
202202,안산선,고잔,5350,5277,10627
202202,안산선,대야미,3149,2840,5989
202202,안산선,반월,2798,2575,5373
202202,안산선,산본,10143,10892,21035
202202,안산선,상록수,10245,10383,20628
202202,안산선,수리산,2393,2086,4479
202202,안산선,신길온천,1127,1069,2196
202202,안산선,안산,7481,7733,15214
202202,안산선,오이도,5742,5788,11530
202202,안산선,정왕,5335,5396,10731
202202,안산선,중앙,12519,13087,25606
202202,안산선,초지,2625,2628,5253
202202,안산선,한대앞,5732,5793,11525
202202,우이신설선,4.19민주묘지,1968,1737,3705
202202,우이신설선,가오리,2566,2553,5119
202202,우이신설선,보문,979,980,1959
202202,우이신설선,북한산보국문,4115,3816,7931
202202,우이신설선,북한산우이,2179,2283,4462
202202,우이신설선,삼양,1386,1476,2862
202202,우이신설선,삼양사거리,1654,1628,3282
202202,우이신설선,성신여대입구,2412,2723,5135
202202,우이신설선,솔밭공원,1528,1422,2950
202202,우이신설선,솔샘,3321,3034,6355
202202,우이신설선,신설동,1301,1287,2588
202202,우이신설선,정릉,3139,2577,5716
202202,우이신설선,화계,2151,2029,4180
202202,일산선,대곡,1067,835,1902
202202,일산선,대화,6939,6568,13507
202202,일산선,마두,4175,4293,8468
202202,일산선,백석,6335,6344,12679
202202,일산선,삼송,11724,11644,23368
202202,일산선,원당,6707,6445,13152
202202,일산선,원흥,6087,5916,12003
202202,일산선,정발산,5903,6025,11928
202202,일산선,주엽,5474,5494,10968
202202,일산선,화정,10850,11356,22206
202202,장항선,배방,847,737,1584
202202,장항선,봉명,667,584,1251
202202,장항선,신창,843,947,1790
202202,장항선,쌍용,1292,1145,2437
202202,장항선,아산,2335,2205,4540
202202,장항선,온양온천,2983,3059,6042
202202,장항선,탕정,432,392,824
202202,중앙선,구리,8259,8484,16743
202202,중앙선,국수,441,477,918
202202,중앙선,덕소,3695,3710,7405
202202,중앙선,도농,5670,5508,11178
202202,중앙선,도심,1177,1007,2184
202202,중앙선,망우,5249,5396,10645
202202,중앙선,상봉,4083,4097,8180
202202,중앙선,신원,183,154,337
202202,중앙선,아신,368,384,752
202202,중앙선,양수,1376,1418,2794
202202,중앙선,양원,1449,1393,2842
202202,중앙선,양정,435,381,816
202202,중앙선,양평,1945,2076,4021
202202,중앙선,오빈,181,189,370
202202,중앙선,용문,1321,1463,2784
202202,중앙선,운길산,697,667,1364
202202,중앙선,원덕,241,255,496
202202,중앙선,중랑,3661,3606,7267
202202,중앙선,지평,28,36,64
202202,중앙선,팔당,916,974,1890
202202,중앙선,회기,16953,16287,33240
202202,1호선,동대문,7794,8256,16050
202202,1호선,동묘앞,11213,11392,22605
202202,1호선,서울역,21220,19479,40699
202202,1호선,시청,6975,6898,13873
202202,1호선,신설동,7069,6949,14018
202202,1호선,제기동,8911,9282,18193
202202,1호선,종각,11166,9716,20882
202202,1호선,종로3가,12266,10969,23235
202202,1호선,종로5가,8070,7938,16008
202202,1호선,청량리,11597,11864,23461
202202,2호선,강남,30527,29407,59934
202202,2호선,강변,16638,16456,33094
202202,2호선,건대입구,23569,24069,47638
202202,2호선,교대,9358,10243,19601
202202,2호선,구로디지털단지,20228,19979,40207
202202,2호선,구의,10247,10405,20652
202202,2호선,낙성대,13912,14044,27956
202202,2호선,당산,7293,8049,15342
202202,2호선,대림,12463,12534,24997
202202,2호선,도림천,416,407,823
202202,2호선,동대문역사문화공원,6664,8099,14763
202202,2호선,뚝섬,9457,9609,19066
202202,2호선,문래,7216,7438,14654
202202,2호선,방배,5792,6154,11946
202202,2호선,봉천,10831,10440,21271
202202,2호선,사당,18450,20369,38819
202202,2호선,삼성,20654,20356,41010
202202,2호선,상왕십리,6203,6261,12464
202202,2호선,서울대입구,24215,24763,48978
202202,2호선,서초,9729,8927,18656
202202,2호선,선릉,11906,10200,22106
202202,2호선,성수,12804,13874,26678
202202,2호선,시청,5622,4825,10447
202202,2호선,신답,644,691,1335
202202,2호선,신당,7137,7735,14872
202202,2호선,신대방,13168,13045,26213
202202,2호선,신도림,23142,23623,46765
202202,2호선,신림,33965,33011,66976
202202,2호선,신설동,2959,3082,6041
202202,2호선,신정네거리,4450,4484,8934
202202,2호선,신촌,19522,18726,38248
202202,2호선,아현,4603,4665,9268
202202,2호선,양천구청,2791,2922,5713
202202,2호선,역삼,11174,12348,23522
202202,2호선,영등포구청,6908,7173,14081
202202,2호선,왕십리,8322,7318,15640
202202,2호선,용답,1538,1563,3101
202202,2호선,용두,993,974,1967
202202,2호선,을지로3가,6902,6568,13470
202202,2호선,을지로4가,3126,3044,6170
202202,2호선,을지로입구,13599,12688,26287
202202,2호선,이대,6790,7575,14365
202202,2호선,잠실,40936,38328,79264
202202,2호선,잠실나루,4375,4436,8811
202202,2호선,잠실새내,9514,9764,19278
202202,2호선,종합운동장,3931,3887,7818
202202,2호선,충정로,3465,3831,7296
202202,2호선,한양대,2363,2550,4913
202202,2호선,합정,17962,18703,36665
202202,2호선,홍대입구,43505,43068,86573
202202,3호선,가락시장,3133,3309,6442
202202,3호선,경복궁,11135,11175,22310
202202,3호선,경찰병원,2271,2382,4653
202202,3호선,고속터미널,31987,30119,62106
202202,3호선,교대,3798,2411,6209
202202,3호선,구파발,9719,9805,19524
202202,3호선,금호,3589,3528,7117
202202,3호선,남부터미널,12153,12530,24683
202202,3호선,녹번,6251,5783,12034
202202,3호선,대청,3767,3668,7435
202202,3호선,대치,5454,4741,10195
202202,3호선,도곡,1573,1691,3264
202202,3호선,독립문,4169,4554,8723
202202,3호선,동대입구,5438,5854,11292
202202,3호선,매봉,3509,3381,6890
202202,3호선,무악재,1535,1813,3348
202202,3호선,불광,8652,10016,18668
202202,3호선,수서,8857,8647,17504
202202,3호선,신사,12982,12915,25897
202202,3호선,안국,9305,10078,19383
202202,3호선,압구정,12376,12869,25245
202202,3호선,약수,5631,5467,11098
202202,3호선,양재,11763,13172,24935
202202,3호선,연신내,19190,17748,36938
202202,3호선,오금,2416,2298,4714
202202,3호선,옥수,4511,4433,8944
202202,3호선,을지로3가,2858,2673,5531
202202,3호선,일원,2823,2995,5818
202202,3호선,잠원,1861,1888,3749
202202,3호선,종로3가,3563,4413,7976
202202,3호선,지축,1955,1830,3785
202202,3호선,학여울,1406,1535,2941
202202,3호선,홍제,8189,7995,16184
202202,4호선,길음,9186,9089,18275
202202,4호선,남태령,776,533,1309
202202,4호선,노원,10533,11266,21799
202202,4호선,당고개,6770,6401,13171
202202,4호선,동대문,5814,6514,12328
202202,4호선,동대문역사문화공원,7699,7396,15095
202202,4호선,동작,1174,1317,2491
202202,4호선,명동,9638,9771,19409
202202,4호선,미아,7008,6786,13794
202202,4호선,미아사거리,14040,13349,27389
202202,4호선,사당,12723,11723,24446
202202,4호선,삼각지,2105,2849,4954
202202,4호선,상계,9197,8645,17842
202202,4호선,서울역,3634,8102,11736
202202,4호선,성신여대입구,10931,10473,21404
202202,4호선,수유,18099,17419,35518
202202,4호선,숙대입구,6520,6245,12765
202202,4호선,신용산,6566,6666,13232
202202,4호선,쌍문,13932,12635,26567
202202,4호선,이촌,4476,5012,9488
202202,4호선,창동,14029,14560,28589
202202,4호선,총신대입구,9058,9887,18945
202202,4호선,충무로,7343,7309,14652
202202,4호선,한성대입구,6680,6756,13436
202202,4호선,혜화,19694,20393,40087
202202,4호선,회현,7663,8012,15675
202202,5호선,강동,7945,7782,15727
202202,5호선,강일,1829,1769,3598
202202,5호선,개롱,2576,2832,5408
202202,5호선,개화산,2379,2511,4890
202202,5호선,거여,3930,3819,7749
202202,5호선,고덕,3724,3695,7419
202202,5호선,공덕,3998,3967,7965
202202,5호선,광나루,6737,6690,13427
202202,5호선,광화문,10206,9939,20145
202202,5호선,군자,5351,5776,11127
202202,5호선,굽은다리,4495,4187,8682
202202,5호선,길동,3699,3938,7637
202202,5호선,김포공항,6211,5869,12080
202202,5호선,까치산,13686,13498,27184
202202,5호선,답십리,6564,6178,12742
202202,5호선,동대문역사문화공원,612,804,1416
202202,5호선,둔촌동,4002,4113,8115
202202,5호선,마곡,3249,3303,6552
202202,5호선,마장,2466,2481,4947
202202,5호선,마천,3247,3422,6669
202202,5호선,마포,4196,4263,8459
202202,5호선,명일,4143,4206,8349
202202,5호선,목동,6715,6788,13503
202202,5호선,미사,7444,7444,14888
202202,5호선,발산,8426,8846,17272
202202,5호선,방이,3270,3161,6431
202202,5호선,방화,3066,3064,6130
202202,5호선,상일동,5577,5564,11141
202202,5호선,서대문,4597,4488,9085
202202,5호선,송정,3250,3152,6402
202202,5호선,신금호,2573,2799,5372
202202,5호선,신길,1729,1913,3642
202202,5호선,신정,5477,5040,10517
202202,5호선,아차산,9684,9599,19283
202202,5호선,애오개,2267,2291,4558
202202,5호선,양평,2261,2245,4506
202202,5호선,여의나루,7285,8541,15826
202202,5호선,여의도,8116,7975,16091
202202,5호선,영등포구청,1166,1139,2305
202202,5호선,영등포시장,5027,5231,10258
202202,5호선,오금,1470,1457,2927
202202,5호선,오목교,10252,10512,20764
202202,5호선,올림픽공원,2012,1733,3745
202202,5호선,왕십리,2181,2511,4692
202202,5호선,우장산,5895,6055,11950
202202,5호선,을지로4가,1343,1524,2867
202202,5호선,장한평,6699,6712,13411
202202,5호선,종로3가,7610,7037,14647
202202,5호선,천호,11105,10105,21210
202202,5호선,청구,1622,1507,3129
202202,5호선,충정로,1311,1286,2597
202202,5호선,하남검단산,4072,4090,8162
202202,5호선,하남시청,3325,3315,6640
202202,5호선,하남풍산,1814,1796,3610
202202,5호선,행당,3535,3262,6797
202202,5호선,화곡,12245,11719,23964
202202,6호선,고려대,4008,4130,8138
202202,6호선,공덕,5969,5652,11621
202202,6호선,광흥창,3597,3621,7218
202202,6호선,구산,3332,2580,5912
202202,6호선,녹사평,3330,3320,6650
202202,6호선,대흥,3650,3651,7301
202202,6호선,독바위,1349,1712,3061
202202,6호선,돌곶이,4568,4258,8826
202202,6호선,동묘앞,5500,5339,10839
202202,6호선,디지털미디어시티,4301,4594,8895
202202,6호선,마포구청,6364,5845,12209
202202,6호선,망원,8553,9170,17723
202202,6호선,버티고개,897,997,1894
202202,6호선,보문,3443,3241,6684
202202,6호선,봉화산,3354,3315,6669
202202,6호선,불광,2659,2477,5136
202202,6호선,삼각지,3164,2431,5595
202202,6호선,상수,5646,6253,11899
202202,6호선,상월곡,2777,2499,5276
202202,6호선,새절,5533,5323,10856
202202,6호선,석계,5730,6262,11992
202202,6호선,신당,4214,4626,8840
202202,6호선,안암,5218,5451,10669
202202,6호선,약수,1573,1581,3154
202202,6호선,역촌,1826,2130,3956
202202,6호선,월곡,4834,4708,9542
202202,6호선,월드컵경기장,2654,2697,5351
202202,6호선,응암,7770,7975,15745
202202,6호선,이태원,8357,8126,16483
202202,6호선,증산,4913,4948,9861
202202,6호선,창신,1536,1326,2862
202202,6호선,청구,1517,1478,2995
202202,6호선,태릉입구,2745,2829,5574
202202,6호선,한강진,5956,6816,12772
202202,6호선,합정,8485,7344,15829
202202,6호선,화랑대,4712,4147,8859
202202,6호선,효창공원앞,3116,2920,6036
202202,7호선,가산디지털단지,8889,8042,16931
202202,7호선,강남구청,5031,5404,10435
202202,7호선,건대입구,6700,6601,13301
202202,7호선,고속터미널,9249,6512,15761
202202,7호선,공릉,5805,6029,11834
202202,7호선,광명사거리,10893,10663,21556
202202,7호선,군자,6544,5305,11849
202202,7호선,까치울,1,0,1
202202,7호선,남구로,5497,5404,10901
202202,7호선,남성,4716,4793,9509
202202,7호선,내방,4472,4638,9110
202202,7호선,노원,10210,9973,20183
202202,7호선,논현,5354,5774,11128
202202,7호선,대림,5391,5194,10585
202202,7호선,도봉산,4528,6756,11284
202202,7호선,뚝섬유원지,5403,5136,10539
202202,7호선,마들,5317,5037,10354
202202,7호선,먹골,4824,4695,9519
202202,7호선,면목,7101,6911,14012
202202,7호선,반포,2353,2369,4722
202202,7호선,보라매,3772,3629,7401
202202,7호선,사가정,7858,7678,15536
202202,7호선,상도,4792,4845,9637
202202,7호선,상동,1,0,1
202202,7호선,상봉,8074,7491,15565
202202,7호선,수락산,7320,7152,14472
202202,7호선,숭실대입구,5048,5339,10387
202202,7호선,신대방삼거리,7078,6924,14002
202202,7호선,신풍,5069,4788,9857
202202,7호선,어린이대공원,6583,6606,13189
202202,7호선,온수,3373,3363,6736
202202,7호선,용마산,3062,3320,6382
202202,7호선,이수,7037,6578,13615
202202,7호선,장승배기,3976,3858,7834
202202,7호선,장암,1216,838,2054
202202,7호선,중계,5669,5309,10978
202202,7호선,중곡,4659,4554,9213
202202,7호선,중화,4989,4961,9950
202202,7호선,천왕,4396,4214,8610
202202,7호선,철산,8996,8920,17916
202202,7호선,청담,6192,6505,12697
202202,7호선,태릉입구,4197,3986,8183
202202,7호선,하계,8023,7548,15571
202202,7호선,학동,5459,5680,11139
202202,8호선,가락시장,2730,3321,6051
202202,8호선,강동구청,3877,4023,7900
202202,8호선,남위례,1772,1877,3649
202202,8호선,남한산성입구,5986,5574,11560
202202,8호선,단대오거리,4815,4648,9463
202202,8호선,모란,2328,1914,4242
202202,8호선,몽촌토성,2886,2802,5688
202202,8호선,문정,5119,5387,10506
202202,8호선,복정,4036,3722,7758
202202,8호선,산성,2683,2769,5452
202202,8호선,석촌,3619,4344,7963
202202,8호선,송파,3012,3178,6190
202202,8호선,수진,2703,2457,5160
202202,8호선,신흥,2319,2526,4845
202202,8호선,암사,7651,7285,14936
202202,8호선,잠실,8273,9431,17704
202202,8호선,장지,7819,8000,15819
202202,8호선,천호,7655,8875,16530
202202,9호선,가양,8673,8464,17137
202202,9호선,개화,894,891,1785
202202,9호선,고속터미널,7870,10744,18614
202202,9호선,공항시장,1544,1696,3240
202202,9호선,구반포,432,430,862
202202,9호선,국회의사당,4152,4025,8177
202202,9호선,김포공항,6305,10078,16383
202202,9호선,노들,2254,2027,4281
202202,9호선,노량진,13121,13758,26879
202202,9호선,당산,7761,7602,15363
202202,9호선,동작,1726,1227,2953
202202,9호선,등촌,4436,4591,9027
202202,9호선,마곡나루,5078,4983,10061
202202,9호선,사평,1291,1386,2677
202202,9호선,샛강,1450,1553,3003
202202,9호선,선유도,2467,2517,4984
202202,9호선,신논현,13684,13059,26743
202202,9호선,신목동,1434,1257,2691
202202,9호선,신반포,1486,1641,3127
202202,9호선,신방화,2952,2856,5808
202202,9호선,양천향교,3553,3742,7295
202202,9호선,여의도,8780,7923,16703
202202,9호선,염창,7369,7329,14698
202202,9호선,증미,2089,2156,4245
202202,9호선,흑석,3490,3734,7224
202202,9호선2~3단계,둔촌오륜,411,396,807
202202,9호선2~3단계,봉은사,8571,9171,17742
202202,9호선2~3단계,삼성중앙,1723,1855,3578
202202,9호선2~3단계,삼전,3177,3064,6241
202202,9호선2~3단계,석촌,4041,3672,7713
202202,9호선2~3단계,석촌고분,2680,2640,5320
202202,9호선2~3단계,선정릉,2543,2828,5371
202202,9호선2~3단계,송파나루,2615,2835,5450
202202,9호선2~3단계,언주,3349,3355,6704
202202,9호선2~3단계,올림픽공원,2732,2819,5551
202202,9호선2~3단계,종합운동장,1814,1662,3476
202202,9호선2~3단계,중앙보훈병원,3017,2788,5805
202202,9호선2~3단계,한성백제,1201,1088,2289
202202,경강선,경기광주,3229,3147,6376
202202,경강선,곤지암,1317,1298,2615
202202,경강선,부발,1166,1625,2791
202202,경강선,삼동,944,911,1855
202202,경강선,세종대왕릉,247,228,475
202202,경강선,신둔도예촌,699,693,1392
202202,경강선,여주,1560,1569,3129
202202,경강선,이매,535,404,939
202202,경강선,이천,1732,1882,3614
202202,경강선,초월,1285,1281,2566
202202,경강선,판교,2142,1997,4139
202202,경부선,가산디지털단지,3984,5401,9385
202202,경부선,관악,4060,3743,7803
202202,경부선,광명,1933,1587,3520
202202,경부선,구로,7837,7933,15770
202202,경부선,군포,2592,2506,5098
202202,경부선,금정,11744,12059,23803
202202,경부선,금천구청,5431,5309,10740
202202,경부선,남영,3986,4111,8097
202202,경부선,노량진,4935,4805,9740
202202,경부선,당정,2594,2558,5152
202202,경부선,대방,4895,5236,10131
202202,경부선,독산,5369,5377,10746
202202,경부선,두정,3583,3800,7383
202202,경부선,명학,3111,3065,6176
202202,경부선,병점,7686,8298,15984
202202,경부선,서동탄,605,604,1209
202202,경부선,서울역,5754,1376,7130
202202,경부선,서정리,3796,5302,9098
202202,경부선,석수,4464,4415,8879
202202,경부선,성균관대,6554,7213,13767
202202,경부선,성환,1883,2132,4015
202202,경부선,세류,1579,1575,3154
202202,경부선,세마,1321,1284,2605
202202,경부선,송탄,3086,3485,6571
202202,경부선,수원,26476,26000,52476
202202,경부선,신길,4039,3482,7521
202202,경부선,신도림,1995,1859,3854
202202,경부선,안양,11412,11007,22419
202202,경부선,영등포,27964,26763,54727
202202,경부선,오산,6295,6453,12748
202202,경부선,오산대,1687,1587,3274
202202,경부선,용산,24497,22720,47217
202202,경부선,의왕,3598,3578,7176
202202,경부선,직산,449,505,954
202202,경부선,진위,696,661,1357
202202,경부선,천안,4684,4603,9287
202202,경부선,평택,8833,9235,18068
202202,경부선,평택지제,1929,1809,3738
202202,경부선,화서,3390,3288,6678
202202,경원선,가능,3281,3105,6386
202202,경원선,광운대,3856,3949,7805
202202,경원선,녹양,2317,2223,4540
202202,경원선,녹천,2416,2061,4477
202202,경원선,덕계,1451,1381,2832
202202,경원선,덕정,2768,2919,5687
202202,경원선,도봉,3085,2896,5981
202202,경원선,도봉산,8080,5760,13840
202202,경원선,동두천,1043,1342,2385
202202,경원선,동두천중앙,1831,1715,3546
202202,경원선,망월사,3860,4117,7977
202202,경원선,방학,5250,5181,10431
202202,경원선,보산,1082,1031,2113
202202,경원선,서빙고,1181,1205,2386
202202,경원선,석계,4209,4673,8882
202202,경원선,소요산,3126,2763,5889
202202,경원선,신이문,4046,3810,7856
202202,경원선,양주,4174,4071,8245
202202,경원선,옥수,43,37,80
202202,경원선,왕십리,7987,8924,16911
202202,경원선,외대앞,4295,4302,8597
202202,경원선,월계,3305,3044,6349
202202,경원선,응봉,950,864,1814
202202,경원선,의정부,12212,12278,24490
202202,경원선,이촌,1921,1502,3423
202202,경원선,지행,3593,3549,7142
202202,경원선,청량리,11590,10989,22579
202202,경원선,한남,1701,1662,3363
202202,경원선,회룡,6463,6442,12905
202202,경의선,가좌,2447,2509,4956
202202,경의선,강매,1243,1191,2434
202202,경의선,곡산,298,292,590
202202,경의선,공덕,1599,1202,2801
202202,경의선,금릉,2369,2278,4647
202202,경의선,금촌,3489,3555,7044
202202,경의선,능곡,1909,1899,3808
202202,경의선,디지털미디어시티,1080,1059,2139
202202,경의선,문산,2744,2840,5584
202202,경의선,백마,2860,2823,5683
202202,경의선,서강대,1075,1036,2111
202202,경의선,서울역,776,849,1625
202202,경의선,수색,806,847,1653
202202,경의선,신촌,255,275,530
202202,경의선,야당,3928,3837,7765
202202,경의선,운정,3005,3047,6052
202202,경의선,월롱,772,1426,2198
202202,경의선,일산,3878,3769,7647
202202,경의선,임진강,45,30,75
202202,경의선,탄현,3554,3352,6906
202202,경의선,파주,515,430,945
202202,경의선,풍산,3005,2843,5848
202202,경의선,행신,3644,3436,7080
202202,경의선,홍대입구,1376,1632,3008
202202,경의선,화전,779,748,1527
202202,경의선,효창공원앞,1220,1275,2495
202202,경인선,간석,2592,2558,5150
202202,경인선,개봉,10117,9877,19994
202202,경인선,구일,2742,2728,5470
202202,경인선,도원,1277,1323,2600
202202,경인선,도화,2010,1840,3850
202202,경인선,동암,8077,7885,15962
202202,경인선,동인천,7973,7736,15709
202202,경인선,백운,3240,3263,6503
202202,경인선,부개,3913,3791,7704
202202,경인선,부천,18324,18051,36375
202202,경인선,부평,18929,19340,38269
202202,경인선,소사,4711,4436,9147
202202,경인선,송내,10907,10808,21715
202202,경인선,역곡,12358,12280,24638
202202,경인선,오류동,6213,5801,12014
202202,경인선,온수,3067,3006,6073
202202,경인선,인천,3519,2949,6468
202202,경인선,제물포,4777,4602,9379
202202,경인선,주안,10172,8913,19085
202202,경인선,중동,4213,4011,8224
202202,경춘선,가평,1305,1239,2544
202202,경춘선,갈매,1217,1156,2373
202202,경춘선,강촌,513,471,984
202202,경춘선,굴봉산,147,180,327
202202,경춘선,금곡,773,753,1526
202202,경춘선,김유정,413,423,836
202202,경춘선,남춘천,2466,2567,5033
202202,경춘선,대성리,525,407,932
202202,경춘선,마석,2053,2026,4079
202202,경춘선,백양리,424,300,724
202202,경춘선,별내,1578,1454,3032
202202,경춘선,사릉,1411,1415,2826
202202,경춘선,상천,225,187,412
202202,경춘선,신내,815,801,1616
202202,경춘선,천마산,976,953,1929
202202,경춘선,청평,1191,1063,2254
202202,경춘선,춘천,1176,1024,2200
202202,경춘선,퇴계원,1683,1620,3303
202202,경춘선,평내호평,3004,2827,5831
202202,공항철도 1호선,검암,2993,3084,6077
202202,공항철도 1호선,계양,4444,4342,8786
202202,공항철도 1호선,공덕,1017,1367,2384
202202,공항철도 1호선,공항화물청사,892,955,1847
202202,공항철도 1호선,김포공항,10195,5152,15347
202202,공항철도 1호선,디지털미디어시티,3116,3095,6211
202202,공항철도 1호선,마곡나루,1977,2171,4148
202202,공항철도 1호선,서울역,5997,5252,11249
202202,공항철도 1호선,영종,2179,2128,4307
202202,공항철도 1호선,운서,4545,4772,9317
202202,공항철도 1호선,인천공항1터미널,3119,3400,6519
202202,공항철도 1호선,인천공항2터미널,1576,1537,3113
202202,공항철도 1호선,청라국제도시,2562,2557,5119
202202,공항철도 1호선,홍대입구,8805,8148,16953
202202,과천선,경마공원,8597,8640,17237
202202,과천선,과천,3075,2933,6008
202202,과천선,대공원,3808,3882,7690
202202,과천선,범계,12854,12488,25342
202202,과천선,선바위,3375,3139,6514
202202,과천선,인덕원,10541,10348,20889
202202,과천선,정부과천청사,3966,4132,8098
202202,과천선,평촌,5390,5202,10592
202202,분당선,가천대,3633,4135,7768
202202,분당선,강남구청,3079,3610,6689
202202,분당선,개포동,1579,1640,3219
202202,분당선,구룡,700,712,1412
202202,분당선,구성,2028,2227,4255
202202,분당선,기흥,4193,4076,8269
202202,분당선,대모산입구,1912,1897,3809
202202,분당선,도곡,2151,2160,4311
202202,분당선,망포,5354,5489,10843
202202,분당선,매교,1268,1290,2558
202202,분당선,매탄권선,2092,2078,4170
202202,분당선,모란,9794,9985,19779
202202,분당선,미금,6320,6774,13094
202202,분당선,보정,906,868,1774
202202,분당선,상갈,2363,2402,4765
202202,분당선,서울숲,5170,5196,10366
202202,분당선,서현,13755,13511,27266
202202,분당선,선릉,2457,3758,6215
202202,분당선,선정릉,1818,1915,3733
202202,분당선,수내,5289,5227,10516
202202,분당선,수서,7240,6726,13966
202202,분당선,수원,4903,4130,9033
202202,분당선,수원시청,6402,6483,12885
202202,분당선,신갈,1707,1729,3436
202202,분당선,압구정로데오,10101,10929,21030
202202,분당선,야탑,11451,11988,23439
202202,분당선,영통,4047,4050,8097
202202,분당선,오리,4687,3948,8635
202202,분당선,이매,2777,2872,5649
202202,분당선,정자,6485,6778,13263
202202,분당선,죽전,6334,7165,13499
202202,분당선,청명,1662,1683,3345
202202,분당선,태평,7180,6761,13941
202202,분당선,한티,7624,7248,14872
202202,수인선,고색,1790,1793,3583
202202,수인선,남동인더스파크,482,472,954
202202,수인선,달월,33,43,76
202202,수인선,사리,2239,1950,4189
202202,수인선,소래포구,3845,3689,7534
202202,수인선,송도,1378,1354,2732
202202,수인선,숭의,1691,1584,3275
202202,수인선,신포,973,958,1931
202202,수인선,야목,139,140,279
202202,수인선,어천,396,488,884
202202,수인선,연수,2773,2789,5562
202202,수인선,오목천,1328,1285,2613
202202,수인선,원인재,2516,2572,5088
202202,수인선,월곶,1488,1372,2860
202202,수인선,인천,1059,1562,2621
202202,수인선,인천논현,2400,2630,5030
202202,수인선,인하대,3002,2901,5903
202202,수인선,호구포,1621,1654,3275
202202,안산선,고잔,3783,3706,7489
202202,안산선,대야미,2471,2294,4765
202202,안산선,반월,2106,2084,4190
202202,안산선,산본,7648,7936,15584
202202,안산선,상록수,7840,8019,15859
202202,안산선,수리산,1810,1768,3578
202202,안산선,신길온천,923,880,1803
202202,안산선,안산,7833,7307,15140
202202,안산선,오이도,4994,5117,10111
202202,안산선,정왕,4438,4670,9108
202202,안산선,중앙,10142,9917,20059
202202,안산선,초지,1961,1957,3918
202202,안산선,한대앞,4674,4437,9111
202202,우이신설선,4.19민주묘지,1798,1609,3407
202202,우이신설선,가오리,2005,1868,3873
202202,우이신설선,보문,827,886,1713
202202,우이신설선,북한산보국문,3438,3098,6536
202202,우이신설선,북한산우이,2782,2933,5715
202202,우이신설선,삼양,1094,1101,2195
202202,우이신설선,삼양사거리,1406,1354,2760
202202,우이신설선,성신여대입구,1965,2255,4220
202202,우이신설선,솔밭공원,1201,1168,2369
202202,우이신설선,솔샘,2507,2315,4822
202202,우이신설선,신설동,1119,1113,2232
202202,우이신설선,정릉,2452,2195,4647
202202,우이신설선,화계,1883,1776,3659
202202,일산선,대곡,913,787,1700
202202,일산선,대화,5687,4960,10647
202202,일산선,마두,2949,2988,5937
202202,일산선,백석,4705,4646,9351
202202,일산선,삼송,9577,9512,19089
202202,일산선,원당,5256,5044,10300
202202,일산선,원흥,4752,4607,9359
202202,일산선,정발산,4798,4884,9682
202202,일산선,주엽,4011,4006,8017
202202,일산선,화정,8249,8599,16848
202202,장항선,배방,674,763,1437
202202,장항선,봉명,501,516,1017
202202,장항선,신창,861,1275,2136
202202,장항선,쌍용,979,1007,1986
202202,장항선,아산,2352,1689,4041
202202,장항선,온양온천,2762,2840,5602
202202,장항선,탕정,330,320,650
202202,중앙선,구리,6401,6710,13111
202202,중앙선,국수,451,401,852
202202,중앙선,덕소,2793,2884,5677
202202,중앙선,도농,4283,4250,8533
202202,중앙선,도심,1022,938,1960
202202,중앙선,망우,4114,4063,8177
202202,중앙선,상봉,3208,3179,6387
202202,중앙선,신원,208,172,380
202202,중앙선,아신,349,308,657
202202,중앙선,양수,1386,1238,2624
202202,중앙선,양원,1089,1094,2183
202202,중앙선,양정,371,305,676
202202,중앙선,양평,1707,1566,3273
202202,중앙선,오빈,153,135,288
202202,중앙선,용문,1466,1254,2720
202202,중앙선,운길산,1000,890,1890
202202,중앙선,원덕,284,219,503
202202,중앙선,중랑,2889,2841,5730
202202,중앙선,지평,43,42,85
202202,중앙선,팔당,1180,1144,2324
202202,중앙선,회기,14185,14270,28455
202203,1호선,동대문,8748,8162,16910
202203,1호선,동묘앞,9433,9989,19422
202203,1호선,서울역,23365,23142,46507
202203,1호선,시청,10598,10808,21406
202203,1호선,신설동,8434,8023,16457
202203,1호선,제기동,12681,12896,25577
202203,1호선,종각,17526,16107,33633
202203,1호선,종로3가,18166,17189,35355
202203,1호선,종로5가,15453,15249,30702
202203,1호선,청량리,15308,15693,31001
202203,2호선,강남,53278,52967,106245
202203,2호선,강변,20720,20383,41103
202203,2호선,건대입구,31139,32776,63915
202203,2호선,교대,14984,16620,31604
202203,2호선,구로디지털단지,29229,28783,58012
202203,2호선,구의,14297,14019,28316
202203,2호선,낙성대,18909,17648,36557
202203,2호선,당산,10065,11050,21115
202203,2호선,대림,15267,16343,31610
202203,2호선,도림천,756,762,1518
202203,2호선,동대문역사문화공원,9048,9861,18909
202203,2호선,뚝섬,11426,11783,23209
202203,2호선,문래,11028,11839,22867
202203,2호선,방배,8707,9073,17780
202203,2호선,봉천,15355,14191,29546
202203,2호선,사당,25401,27849,53250
202203,2호선,삼성,25122,24691,49813
202203,2호선,상왕십리,8593,8345,16938
202203,2호선,서울대입구,33688,32888,66576
202203,2호선,서초,9055,7599,16654
202203,2호선,선릉,20725,18423,39148
202203,2호선,성수,17261,19034,36295
202203,2호선,시청,7913,6721,14634
202203,2호선,신답,865,950,1815
202203,2호선,신당,9545,9787,19332
202203,2호선,신대방,17620,17091,34711
202203,2호선,신도림,33830,34886,68716
202203,2호선,신림,44359,43111,87470
202203,2호선,신설동,3138,3104,6242
202203,2호선,신정네거리,6246,6243,12489
202203,2호선,신촌,27365,27121,54486
202203,2호선,아현,6510,5935,12445
202203,2호선,양천구청,3939,3981,7920
202203,2호선,역삼,15931,17468,33399
202203,2호선,영등포구청,11593,11764,23357
202203,2호선,왕십리,11558,10202,21760
202203,2호선,용답,1924,1862,3786
202203,2호선,용두,1580,1537,3117
202203,2호선,을지로3가,8770,8887,17657
202203,2호선,을지로4가,6024,6081,12105
202203,2호선,을지로입구,17601,17446,35047
202203,2호선,이대,9201,9531,18732
202203,2호선,잠실,51503,49476,100979
202203,2호선,잠실나루,6145,6052,12197
202203,2호선,잠실새내,14419,14841,29260
202203,2호선,종합운동장,4744,5254,9998
202203,2호선,충정로,5059,5466,10525
202203,2호선,한양대,4931,5117,10048
202203,2호선,합정,24087,26079,50166
202203,2호선,홍대입구,53670,57034,110704
202203,3호선,가락시장,5047,4727,9774
202203,3호선,경복궁,13389,13854,27243
202203,3호선,경찰병원,3447,3433,6880
202203,3호선,고속터미널,37456,36942,74398
202203,3호선,교대,5873,3623,9496
202203,3호선,구파발,13234,13345,26579
202203,3호선,금호,4889,4609,9498
202203,3호선,남부터미널,17017,17000,34017
202203,3호선,녹번,8952,7865,16817
202203,3호선,대청,5114,4760,9874
202203,3호선,대치,8320,7563,15883
202203,3호선,도곡,2857,2876,5733
202203,3호선,독립문,5169,5560,10729
202203,3호선,동대입구,4780,5415,10195
202203,3호선,매봉,5096,4945,10041
202203,3호선,무악재,2422,2504,4926
202203,3호선,불광,11269,12748,24017
202203,3호선,수서,10891,11139,22030
202203,3호선,신사,22898,23606,46504
202203,3호선,안국,12650,13622,26272
202203,3호선,압구정,21519,22578,44097
202203,3호선,약수,7870,7367,15237
202203,3호선,양재,17719,19040,36759
202203,3호선,연신내,25685,24267,49952
202203,3호선,오금,3236,3132,6368
202203,3호선,옥수,5694,5872,11566
202203,3호선,을지로3가,4229,4466,8695
202203,3호선,일원,4427,4327,8754
202203,3호선,잠원,2832,2785,5617
202203,3호선,종로3가,5137,6655,11792
202203,3호선,지축,2609,2397,5006
202203,3호선,학여울,2835,3131,5966
202203,3호선,홍제,11134,10680,21814
202203,4호선,길음,12325,12000,24325
202203,4호선,남태령,920,727,1647
202203,4호선,노원,14181,15802,29983
202203,4호선,당고개,8515,8119,16634
202203,4호선,동대문,10613,10696,21309
202203,4호선,동대문역사문화공원,9634,8479,18113
202203,4호선,동작,1064,1326,2390
202203,4호선,명동,10895,12542,23437
202203,4호선,미아,9704,9177,18881
202203,4호선,미아사거리,19249,18624,37873
202203,4호선,사당,17153,14734,31887
202203,4호선,삼각지,2782,3726,6508
202203,4호선,상계,11987,11262,23249
202203,4호선,서울역,4586,8949,13535
202203,4호선,성신여대입구,14596,13834,28430
202203,4호선,수유,24074,23554,47628
202203,4호선,숙대입구,8281,7932,16213
202203,4호선,신용산,8753,9212,17965
202203,4호선,쌍문,18663,16892,35555
202203,4호선,이촌,5539,6135,11674
202203,4호선,창동,18046,18828,36874
202203,4호선,총신대입구,12192,13154,25346
202203,4호선,충무로,11154,11458,22612
202203,4호선,한성대입구,8990,8989,17979
202203,4호선,혜화,22100,22529,44629
202203,4호선,회현,14173,15234,29407
202203,5호선,강동,11203,10818,22021
202203,5호선,강일,2327,2248,4575
202203,5호선,개롱,3866,4045,7911
202203,5호선,개화산,3240,3265,6505
202203,5호선,거여,5414,5243,10657
202203,5호선,고덕,5527,5540,11067
202203,5호선,공덕,5928,6158,12086
202203,5호선,광나루,8569,8107,16676
202203,5호선,광화문,16403,16833,33236
202203,5호선,군자,7662,8505,16167
202203,5호선,굽은다리,6227,5782,12009
202203,5호선,길동,5280,5516,10796
202203,5호선,김포공항,6269,6379,12648
202203,5호선,까치산,18445,18025,36470
202203,5호선,답십리,9153,8407,17560
202203,5호선,동대문역사문화공원,897,1164,2061
202203,5호선,둔촌동,5434,5401,10835
202203,5호선,마곡,5001,4994,9995
202203,5호선,마장,3505,3355,6860
202203,5호선,마천,4160,4321,8481
202203,5호선,마포,6327,6429,12756
202203,5호선,명일,5457,5346,10803
202203,5호선,목동,9575,9714,19289
202203,5호선,미사,10149,9920,20069
202203,5호선,발산,11973,12513,24486
202203,5호선,방이,4899,4783,9682
202203,5호선,방화,4141,3996,8137
202203,5호선,상일동,7932,7508,15440
202203,5호선,서대문,6165,6050,12215
202203,5호선,송정,4461,4270,8731
202203,5호선,신금호,3729,3836,7565
202203,5호선,신길,2313,2406,4719
202203,5호선,신정,8018,7050,15068
202203,5호선,아차산,13420,13157,26577
202203,5호선,애오개,3106,3126,6232
202203,5호선,양평,3241,3116,6357
202203,5호선,여의나루,6446,8417,14863
202203,5호선,여의도,11186,11040,22226
202203,5호선,영등포구청,1683,1616,3299
202203,5호선,영등포시장,7165,7571,14736
202203,5호선,오금,2142,2084,4226
202203,5호선,오목교,14324,14671,28995
202203,5호선,올림픽공원,2506,2234,4740
202203,5호선,왕십리,3165,3730,6895
202203,5호선,우장산,8512,8442,16954
202203,5호선,을지로4가,2910,3070,5980
202203,5호선,장한평,9700,9738,19438
202203,5호선,종로3가,10547,10406,20953
202203,5호선,천호,14794,13949,28743
202203,5호선,청구,2208,2071,4279
202203,5호선,충정로,1695,1606,3301
202203,5호선,하남검단산,4377,4453,8830
202203,5호선,하남시청,4642,4554,9196
202203,5호선,하남풍산,2446,2500,4946
202203,5호선,행당,4470,4048,8518
202203,5호선,화곡,17903,16544,34447
202203,6호선,고려대,4772,4724,9496
202203,6호선,공덕,8489,7947,16436
202203,6호선,광흥창,4918,4717,9635
202203,6호선,구산,4769,3703,8472
202203,6호선,녹사평,4083,4518,8601
202203,6호선,대흥,5004,5028,10032
202203,6호선,독바위,1744,2182,3926
202203,6호선,돌곶이,5469,5066,10535
202203,6호선,동묘앞,6581,6221,12802
202203,6호선,디지털미디어시티,5970,6363,12333
202203,6호선,마포구청,8233,7448,15681
202203,6호선,망원,11156,12096,23252
202203,6호선,버티고개,1114,1242,2356
202203,6호선,보문,4828,4455,9283
202203,6호선,봉화산,4435,4444,8879
202203,6호선,불광,3384,3055,6439
202203,6호선,삼각지,4098,3296,7394
202203,6호선,상수,7585,8651,16236
202203,6호선,상월곡,3986,3532,7518
202203,6호선,새절,7496,7142,14638
202203,6호선,석계,7915,7859,15774
202203,6호선,신당,4614,3940,8554
202203,6호선,안암,6597,6354,12951
202203,6호선,약수,2240,2230,4470
202203,6호선,역촌,2353,2740,5093
202203,6호선,월곡,6617,6492,13109
202203,6호선,월드컵경기장,3570,3708,7278
202203,6호선,응암,11153,10931,22084
202203,6호선,이태원,11729,12149,23878
202203,6호선,증산,6554,6646,13200
202203,6호선,창신,1948,1663,3611
202203,6호선,청구,2191,2135,4326
202203,6호선,태릉입구,3547,3742,7289
202203,6호선,한강진,6444,7860,14304
202203,6호선,합정,11119,10099,21218
202203,6호선,화랑대,6170,5152,11322
202203,6호선,효창공원앞,3902,3569,7471
202203,7호선,가산디지털단지,12445,11410,23855
202203,7호선,강남구청,8679,9316,17995
202203,7호선,건대입구,9952,9886,19838
202203,7호선,고속터미널,11086,8794,19880
202203,7호선,공릉,8374,8250,16624
202203,7호선,광명사거리,14777,14814,29591
202203,7호선,군자,9649,7378,17027
202203,7호선,남구로,7339,7552,14891
202203,7호선,남성,6740,6306,13046
202203,7호선,내방,7101,6968,14069
202203,7호선,노원,16122,15865,31987
202203,7호선,논현,9604,10643,20247
202203,7호선,대림,6176,6542,12718
202203,7호선,도봉산,5207,7470,12677
202203,7호선,뚝섬유원지,5830,5507,11337
202203,7호선,마들,7677,7412,15089
202203,7호선,먹골,7499,7356,14855
202203,7호선,면목,10050,9638,19688
202203,7호선,반포,3780,3624,7404
202203,7호선,보라매,5623,5457,11080
202203,7호선,부평구청,1,0,1
202203,7호선,사가정,10715,10543,21258
202203,7호선,상도,6625,6262,12887
202203,7호선,상봉,11344,10899,22243
202203,7호선,수락산,8891,8469,17360
202203,7호선,숭실대입구,7749,7733,15482
202203,7호선,신대방삼거리,10187,9515,19702
202203,7호선,신풍,6850,6608,13458
202203,7호선,어린이대공원,10047,9727,19774
202203,7호선,온수,4731,4752,9483
202203,7호선,용마산,4020,4199,8219
202203,7호선,이수,10679,9856,20535
202203,7호선,장승배기,6003,5689,11692
202203,7호선,장암,1227,857,2084
202203,7호선,중계,7778,7214,14992
202203,7호선,중곡,6082,5815,11897
202203,7호선,중화,7348,6996,14344
202203,7호선,천왕,5822,5538,11360
202203,7호선,철산,12581,12742,25323
202203,7호선,청담,9991,10667,20658
202203,7호선,춘의,1,0,1
202203,7호선,태릉입구,5744,5300,11044
202203,7호선,하계,10732,9932,20664
202203,7호선,학동,9130,9519,18649
202203,8호선,가락시장,4879,4761,9640
202203,8호선,강동구청,5492,5494,10986
202203,8호선,남위례,2546,2696,5242
202203,8호선,남한산성입구,7860,7050,14910
202203,8호선,단대오거리,6677,6256,12933
202203,8호선,모란,3160,2692,5852
202203,8호선,몽촌토성,4073,3930,8003
202203,8호선,문정,7739,7851,15590
202203,8호선,복정,5514,4671,10185
202203,8호선,산성,3456,3478,6934
202203,8호선,석촌,5367,6257,11624
202203,8호선,송파,4438,4541,8979
202203,8호선,수진,3915,3535,7450
202203,8호선,신흥,3071,3167,6238
202203,8호선,암사,10782,9921,20703
202203,8호선,잠실,10759,12490,23249
202203,8호선,장지,10238,9612,19850
202203,8호선,천호,10785,12576,23361
202203,9호선,가양,11662,11276,22938
202203,9호선,개화,1107,966,2073
202203,9호선,고속터미널,9486,13089,22575
202203,9호선,공항시장,2128,2194,4322
202203,9호선,구반포,837,801,1638
202203,9호선,국회의사당,3976,4092,8068
202203,9호선,김포공항,6133,10048,16181
202203,9호선,노들,2856,2413,5269
202203,9호선,노량진,18424,17600,36024
202203,9호선,당산,10671,10086,20757
202203,9호선,동작,1625,1216,2841
202203,9호선,등촌,6405,6147,12552
202203,9호선,마곡나루,6814,6750,13564
202203,9호선,사평,2020,1816,3836
202203,9호선,샛강,2198,2281,4479
202203,9호선,선유도,3230,3118,6348
202203,9호선,신논현,22204,21984,44188
202203,9호선,신목동,1851,1651,3502
202203,9호선,신반포,2294,2161,4455
202203,9호선,신방화,4291,4017,8308
202203,9호선,양천향교,5023,4954,9977
202203,9호선,여의도,11419,10379,21798
202203,9호선,염창,10091,9489,19580
202203,9호선,증미,3489,3443,6932
202203,9호선,흑석,5292,5200,10492
202203,9호선2~3단계,둔촌오륜,509,544,1053
202203,9호선2~3단계,봉은사,9384,9805,19189
202203,9호선2~3단계,삼성중앙,2747,2757,5504
202203,9호선2~3단계,삼전,4458,4175,8633
202203,9호선2~3단계,석촌,5735,4726,10461
202203,9호선2~3단계,석촌고분,3684,3498,7182
202203,9호선2~3단계,선정릉,4134,4550,8684
202203,9호선2~3단계,송파나루,3626,3867,7493
202203,9호선2~3단계,언주,5153,5249,10402
202203,9호선2~3단계,올림픽공원,4940,4977,9917
202203,9호선2~3단계,종합운동장,2593,2390,4983
202203,9호선2~3단계,중앙보훈병원,3787,3562,7349
202203,9호선2~3단계,한성백제,1514,1352,2866
202203,경강선,경기광주,4453,4209,8662
202203,경강선,곤지암,1463,1494,2957
202203,경강선,부발,1777,1426,3203
202203,경강선,삼동,1212,1182,2394
202203,경강선,세종대왕릉,226,248,474
202203,경강선,신둔도예촌,933,876,1809
202203,경강선,여주,1890,2103,3993
202203,경강선,이매,660,522,1182
202203,경강선,이천,2126,2237,4363
202203,경강선,초월,1890,1672,3562
202203,경강선,판교,2588,2528,5116
202203,경부선,가산디지털단지,5071,6980,12051
202203,경부선,관악,4887,4638,9525
202203,경부선,광명,2058,1841,3899
202203,경부선,구로,10752,11166,21918
202203,경부선,군포,3911,3728,7639
202203,경부선,금정,15784,16107,31891
202203,경부선,금천구청,6904,7010,13914
202203,경부선,남영,4934,5133,10067
202203,경부선,노량진,6465,5928,12393
202203,경부선,당정,3401,3201,6602
202203,경부선,대방,6690,6732,13422
202203,경부선,독산,7857,7589,15446
202203,경부선,두정,4425,4436,8861
202203,경부선,명학,4627,4453,9080
202203,경부선,병점,9959,9961,19920
202203,경부선,서동탄,740,797,1537
202203,경부선,서울역,4392,1366,5758
202203,경부선,서정리,6016,4830,10846
202203,경부선,석수,5630,5425,11055
202203,경부선,성균관대,9001,8784,17785
202203,경부선,성환,2496,2289,4785
202203,경부선,세류,1944,1971,3915
202203,경부선,세마,1762,1590,3352
202203,경부선,송탄,4130,3845,7975
202203,경부선,수원,30299,32625,62924
202203,경부선,신길,5159,4432,9591
202203,경부선,신도림,2644,2460,5104
202203,경부선,안양,14610,14619,29229
202203,경부선,영등포,33307,34304,67611
202203,경부선,오산,7680,7326,15006
202203,경부선,오산대,2193,2003,4196
202203,경부선,용산,26848,28177,55025
202203,경부선,의왕,5047,4897,9944
202203,경부선,직산,566,546,1112
202203,경부선,진위,858,737,1595
202203,경부선,천안,4933,4966,9899
202203,경부선,평택,10958,10612,21570
202203,경부선,평택지제,2608,2423,5031
202203,경부선,화서,4346,4428,8774
202203,경원선,가능,4476,4266,8742
202203,경원선,광운대,4831,4850,9681
202203,경원선,녹양,2974,2888,5862
202203,경원선,녹천,2816,2429,5245
202203,경원선,덕계,1990,1837,3827
202203,경원선,덕정,3762,3422,7184
202203,경원선,도봉,3905,3696,7601
202203,경원선,도봉산,7590,5104,12694
202203,경원선,동두천,1444,1725,3169
202203,경원선,동두천중앙,2237,2257,4494
202203,경원선,망월사,4999,5159,10158
202203,경원선,방학,6441,6372,12813
202203,경원선,보산,1315,1223,2538
202203,경원선,서빙고,1259,1356,2615
202203,경원선,석계,5772,6104,11876
202203,경원선,소요산,2602,2287,4889
202203,경원선,신이문,5285,4984,10269
202203,경원선,양주,5158,4983,10141
202203,경원선,옥수,29,25,54
202203,경원선,왕십리,10827,12230,23057
202203,경원선,외대앞,5698,5547,11245
202203,경원선,월계,4021,3670,7691
202203,경원선,응봉,1156,1017,2173
202203,경원선,의정부,14879,15229,30108
202203,경원선,이촌,2577,1898,4475
202203,경원선,지행,4668,4528,9196
202203,경원선,청량리,12425,13199,25624
202203,경원선,한남,2219,2192,4411
202203,경원선,회룡,8133,8268,16401
202203,경의선,가좌,3114,3167,6281
202203,경의선,강매,1617,1483,3100
202203,경의선,곡산,354,353,707
202203,경의선,공덕,2197,1767,3964
202203,경의선,금릉,2962,2867,5829
202203,경의선,금촌,4376,4213,8589
202203,경의선,능곡,2294,2261,4555
202203,경의선,디지털미디어시티,1517,1409,2926
202203,경의선,문산,3557,3539,7096
202203,경의선,백마,3508,3345,6853
202203,경의선,서강대,1440,1389,2829
202203,경의선,서울역,951,1041,1992
202203,경의선,수색,1293,1262,2555
202203,경의선,신촌,311,309,620
202203,경의선,야당,4939,4949,9888
202203,경의선,운정,3908,3687,7595
202203,경의선,월롱,1361,1216,2577
202203,경의선,일산,5020,4843,9863
202203,경의선,임진강,53,36,89
202203,경의선,탄현,4369,4194,8563
202203,경의선,파주,727,560,1287
202203,경의선,풍산,3453,3367,6820
202203,경의선,행신,4240,4391,8631
202203,경의선,홍대입구,1425,1828,3253
202203,경의선,화전,980,952,1932
202203,경의선,효창공원앞,1487,1632,3119
202203,경인선,간석,3687,3554,7241
202203,경인선,개봉,13499,13368,26867
202203,경인선,구일,3673,3549,7222
202203,경인선,도원,2619,2436,5055
202203,경인선,도화,2659,2490,5149
202203,경인선,동암,10296,10727,21023
202203,경인선,동인천,9644,9528,19172
202203,경인선,백운,4457,4521,8978
202203,경인선,부개,5343,5110,10453
202203,경인선,부천,24434,25145,49579
202203,경인선,부평,24310,26295,50605
202203,경인선,소사,6241,6032,12273
202203,경인선,송내,14772,14634,29406
202203,경인선,역곡,17001,16925,33926
202203,경인선,오류동,7833,7201,15034
202203,경인선,온수,3958,3707,7665
202203,경인선,인천,2986,2621,5607
202203,경인선,제물포,6374,6093,12467
202203,경인선,주안,13738,12070,25808
202203,경인선,중동,5664,5454,11118
202203,경춘선,가평,1150,1314,2464
202203,경춘선,갈매,1634,1421,3055
202203,경춘선,강촌,409,454,863
202203,경춘선,굴봉산,142,151,293
202203,경춘선,금곡,977,945,1922
202203,경춘선,김유정,353,386,739
202203,경춘선,남춘천,2007,1976,3983
202203,경춘선,대성리,363,349,712
202203,경춘선,마석,2574,2458,5032
202203,경춘선,백양리,244,280,524
202203,경춘선,별내,1994,1923,3917
202203,경춘선,사릉,1962,1900,3862
202203,경춘선,상천,239,229,468
202203,경춘선,신내,992,961,1953
202203,경춘선,천마산,1151,1161,2312
202203,경춘선,청평,1134,1272,2406
202203,경춘선,춘천,1153,1022,2175
202203,경춘선,퇴계원,2116,1981,4097
202203,경춘선,평내호평,4089,3955,8044
202203,공항철도 1호선,검암,3404,3646,7050
202203,공항철도 1호선,계양,5863,5408,11271
202203,공항철도 1호선,공덕,1289,1905,3194
202203,공항철도 1호선,공항화물청사,1260,1257,2517
202203,공항철도 1호선,김포공항,9142,4769,13911
202203,공항철도 1호선,디지털미디어시티,4464,4126,8590
202203,공항철도 1호선,마곡나루,2341,2615,4956
202203,공항철도 1호선,서울역,5606,5457,11063
202203,공항철도 1호선,영종,2353,2389,4742
202203,공항철도 1호선,운서,5148,5324,10472
202203,공항철도 1호선,인천공항1터미널,2939,3087,6026
202203,공항철도 1호선,인천공항2터미널,1840,1708,3548
202203,공항철도 1호선,청라국제도시,3306,3244,6550
202203,공항철도 1호선,홍대입구,9352,9347,18699
202203,과천선,경마공원,7860,7929,15789
202203,과천선,과천,3882,3647,7529
202203,과천선,대공원,3067,3226,6293
202203,과천선,범계,17447,16849,34296
202203,과천선,선바위,4335,3897,8232
202203,과천선,인덕원,13666,13756,27422
202203,과천선,정부과천청사,5330,5110,10440
202203,과천선,평촌,7634,7448,15082
202203,분당선,가천대,4723,5221,9944
202203,분당선,강남구청,4790,5852,10642
202203,분당선,개포동,2297,2238,4535
202203,분당선,구룡,1133,1120,2253
202203,분당선,구성,2777,2869,5646
202203,분당선,기흥,5705,5569,11274
202203,분당선,대모산입구,2851,2575,5426
202203,분당선,도곡,4025,3629,7654
202203,분당선,망포,7865,7424,15289
202203,분당선,매교,1683,1854,3537
202203,분당선,매탄권선,2938,2870,5808
202203,분당선,모란,14167,14238,28405
202203,분당선,미금,9783,9994,19777
202203,분당선,보정,1338,1255,2593
202203,분당선,상갈,3116,3198,6314
202203,분당선,서울숲,6393,6592,12985
202203,분당선,서현,18234,18052,36286
202203,분당선,선릉,4332,6823,11155
202203,분당선,선정릉,3155,3232,6387
202203,분당선,수내,7769,7363,15132
202203,분당선,수서,8568,8957,17525
202203,분당선,수원,6277,5315,11592
202203,분당선,수원시청,9810,10480,20290
202203,분당선,신갈,2235,2334,4569
202203,분당선,압구정로데오,16622,18551,35173
202203,분당선,야탑,16045,16602,32647
202203,분당선,영통,6068,5815,11883
202203,분당선,오리,6524,5449,11973
202203,분당선,이매,3469,3522,6991
202203,분당선,정자,9446,9657,19103
202203,분당선,죽전,8730,9741,18471
202203,분당선,청명,2237,2267,4504
202203,분당선,태평,9431,9098,18529
202203,분당선,한티,11183,10895,22078
202203,수인선,고색,2785,2708,5493
202203,수인선,남동인더스파크,953,929,1882
202203,수인선,달월,50,43,93
202203,수인선,사리,2872,2500,5372
202203,수인선,소래포구,3772,3777,7549
202203,수인선,송도,1713,1658,3371
202203,수인선,숭의,2366,2206,4572
202203,수인선,신포,1167,1207,2374
202203,수인선,야목,185,163,348
202203,수인선,어천,517,497,1014
202203,수인선,연수,3435,3440,6875
202203,수인선,오목천,1778,1596,3374
202203,수인선,원인재,3166,3395,6561
202203,수인선,월곶,1752,1705,3457
202203,수인선,인천,916,1467,2383
202203,수인선,인천논현,3778,4014,7792
202203,수인선,인하대,4169,3860,8029
202203,수인선,호구포,2240,2168,4408
202203,안산선,고잔,5045,4984,10029
202203,안산선,대야미,3309,2983,6292
202203,안산선,반월,2836,2653,5489
202203,안산선,산본,10531,11028,21559
202203,안산선,상록수,10492,10633,21125
202203,안산선,수리산,2458,2177,4635
202203,안산선,신길온천,1127,1108,2235
202203,안산선,안산,7778,7923,15701
202203,안산선,오이도,5731,6044,11775
202203,안산선,정왕,5610,5749,11359
202203,안산선,중앙,12880,13285,26165
202203,안산선,초지,2700,2777,5477
202203,안산선,한대앞,6107,5959,12066
202203,우이신설선,4.19민주묘지,2284,1929,4213
202203,우이신설선,가오리,2632,2474,5106
202203,우이신설선,보문,1014,1083,2097
202203,우이신설선,북한산보국문,4324,3933,8257
202203,우이신설선,북한산우이,2880,2946,5826
202203,우이신설선,삼양,1449,1527,2976
202203,우이신설선,삼양사거리,1717,1739,3456
202203,우이신설선,성신여대입구,2715,2968,5683
202203,우이신설선,솔밭공원,1584,1471,3055
202203,우이신설선,솔샘,3306,3029,6335
202203,우이신설선,신설동,1270,1244,2514
202203,우이신설선,정릉,3176,2611,5787
202203,우이신설선,화계,2224,2089,4313
202203,일산선,대곡,1092,939,2031
202203,일산선,대화,7795,7290,15085
202203,일산선,마두,4273,4356,8629
202203,일산선,백석,6524,6523,13047
202203,일산선,삼송,12184,11955,24139
202203,일산선,원당,7049,6654,13703
202203,일산선,원흥,6278,5945,12223
202203,일산선,정발산,5673,5882,11555
202203,일산선,주엽,5467,5499,10966
202203,일산선,지축,1,0,1
202203,일산선,화정,10977,11432,22409
202203,장항선,배방,833,797,1630
202203,장항선,봉명,633,577,1210
202203,장항선,신창,1166,1086,2252
202203,장항선,쌍용,1341,1238,2579
202203,장항선,아산,2296,2213,4509
202203,장항선,온양온천,3080,3125,6205
202203,장항선,탕정,522,411,933
202203,중앙선,구리,8390,8753,17143
202203,중앙선,국수,543,552,1095
202203,중앙선,덕소,3710,3791,7501
202203,중앙선,도농,5758,5553,11311
202203,중앙선,도심,1278,1117,2395
202203,중앙선,망우,5460,5361,10821
202203,중앙선,상봉,3924,3988,7912
202203,중앙선,신원,250,159,409
202203,중앙선,아신,419,477,896
202203,중앙선,양수,1633,1525,3158
202203,중앙선,양원,1477,1444,2921
202203,중앙선,양정,448,392,840
202203,중앙선,양평,1914,1987,3901
202203,중앙선,오빈,217,204,421
202203,중앙선,용문,2665,2801,5466
202203,중앙선,운길산,829,823,1652
202203,중앙선,원덕,341,345,686
202203,중앙선,중랑,3773,3700,7473
202203,중앙선,지평,47,65,112
202203,중앙선,팔당,1047,1092,2139
202203,중앙선,회기,17478,16634,34112
202203,1호선,동대문,7649,8148,15797
202203,1호선,동묘앞,10674,10866,21540
202203,1호선,서울역,19236,18236,37472
202203,1호선,시청,6006,5685,11691
202203,1호선,신설동,6733,6599,13332
202203,1호선,제기동,8347,8720,17067
202203,1호선,종각,10309,9069,19378
202203,1호선,종로3가,11387,10292,21679
202203,1호선,종로5가,7275,7266,14541
202203,1호선,청량리,11153,11284,22437
202203,2호선,강남,29068,28236,57304
202203,2호선,강변,15843,15980,31823
202203,2호선,건대입구,22839,23488,46327
202203,2호선,교대,8724,9541,18265
202203,2호선,구로디지털단지,19549,18991,38540
202203,2호선,구의,9682,9815,19497
202203,2호선,낙성대,13726,14192,27918
202203,2호선,당산,7072,7584,14656
202203,2호선,대림,12035,12328,24363
202203,2호선,도림천,369,403,772
202203,2호선,동대문역사문화공원,6543,7943,14486
202203,2호선,뚝섬,8280,8318,16598
202203,2호선,문래,6730,6951,13681
202203,2호선,방배,5684,6062,11746
202203,2호선,봉천,10365,10100,20465
202203,2호선,사당,17694,19713,37407
202203,2호선,삼성,17717,17029,34746
202203,2호선,상왕십리,5827,5914,11741
202203,2호선,서울대입구,23716,24264,47980
202203,2호선,서초,10063,9242,19305
202203,2호선,선릉,11300,9734,21034
202203,2호선,성수,12020,13095,25115
202203,2호선,시청,4670,3763,8433
202203,2호선,신답,640,727,1367
202203,2호선,신당,6895,7336,14231
202203,2호선,신대방,12938,12601,25539
202203,2호선,신도림,23037,23494,46531
202203,2호선,신림,33020,32543,65563
202203,2호선,신설동,2903,3063,5966
202203,2호선,신정네거리,4268,4390,8658
202203,2호선,신촌,20048,19166,39214
202203,2호선,아현,4405,4503,8908
202203,2호선,양천구청,2666,2755,5421
202203,2호선,역삼,9576,10472,20048
202203,2호선,영등포구청,6909,7341,14250
202203,2호선,왕십리,8140,7390,15530
202203,2호선,용답,1518,1557,3075
202203,2호선,용두,1080,1045,2125
202203,2호선,을지로3가,6699,6112,12811
202203,2호선,을지로4가,2799,2658,5457
202203,2호선,을지로입구,12712,11913,24625
202203,2호선,이대,6187,6728,12915
202203,2호선,잠실,37927,35542,73469
202203,2호선,잠실나루,4171,4328,8499
202203,2호선,잠실새내,9121,9395,18516
202203,2호선,종합운동장,3822,3927,7749
202203,2호선,충정로,3283,3525,6808
202203,2호선,한양대,2014,2327,4341
202203,2호선,합정,17354,18275,35629
202203,2호선,홍대입구,39802,39020,78822
202203,3호선,가락시장,3048,3232,6280
202203,3호선,경복궁,9258,9459,18717
202203,3호선,경찰병원,2268,2343,4611
202203,3호선,고속터미널,30602,29341,59943
202203,3호선,교대,3566,2343,5909
202203,3호선,구파발,9426,9834,19260
202203,3호선,금호,3463,3386,6849
202203,3호선,남부터미널,11590,12581,24171
202203,3호선,녹번,6237,5523,11760
202203,3호선,대청,3556,3445,7001
202203,3호선,대치,5240,4602,9842
202203,3호선,도곡,1598,1736,3334
202203,3호선,독립문,3793,4205,7998
202203,3호선,동대입구,3775,4185,7960
202203,3호선,매봉,3405,3342,6747
202203,3호선,무악재,1385,1672,3057
202203,3호선,불광,8111,9171,17282
202203,3호선,수서,8610,8292,16902
202203,3호선,신사,11926,11799,23725
202203,3호선,안국,8422,8979,17401
202203,3호선,압구정,11240,11607,22847
202203,3호선,약수,5588,5450,11038
202203,3호선,양재,11006,12793,23799
202203,3호선,연신내,18222,17106,35328
202203,3호선,오금,2174,2210,4384
202203,3호선,옥수,3886,4149,8035
202203,3호선,을지로3가,2520,2248,4768
202203,3호선,일원,2832,2917,5749
202203,3호선,잠원,1788,1879,3667
202203,3호선,종로3가,3198,3922,7120
202203,3호선,지축,1862,1778,3640
202203,3호선,충무로,2,0,2
202203,3호선,학여울,2080,2252,4332
202203,3호선,홍제,7735,7526,15261
202203,4호선,길음,8704,8537,17241
202203,4호선,남태령,536,346,882
202203,4호선,노원,9622,10495,20117
202203,4호선,당고개,6493,6254,12747
202203,4호선,동대문,5436,6191,11627
202203,4호선,동대문역사문화공원,7565,7343,14908
202203,4호선,동작,1129,1283,2412
202203,4호선,명동,8774,8909,17683
202203,4호선,미아,6857,6572,13429
202203,4호선,미아사거리,13788,13120,26908
202203,4호선,사당,12107,11503,23610
202203,4호선,삼각지,2029,2619,4648
202203,4호선,상계,8924,8390,17314
202203,4호선,서울역,3413,7020,10433
202203,4호선,성신여대입구,10805,10272,21077
202203,4호선,수유,17349,16734,34083
202203,4호선,숙대입구,6246,5994,12240
202203,4호선,신용산,6478,6669,13147
202203,4호선,쌍문,13202,11937,25139
202203,4호선,이촌,4142,4540,8682
202203,4호선,창동,13994,14365,28359
202203,4호선,총신대입구,8665,9562,18227
202203,4호선,충무로,6813,7089,13902
202203,4호선,한성대입구,7184,7677,14861
202203,4호선,혜화,17403,17734,35137
202203,4호선,회현,7175,7527,14702
202203,5호선,강동,7803,7553,15356
202203,5호선,강일,1752,1624,3376
202203,5호선,개롱,2469,2741,5210
202203,5호선,개화산,2315,2330,4645
202203,5호선,거여,3716,3617,7333
202203,5호선,고덕,3747,3750,7497
202203,5호선,공덕,3810,3947,7757
202203,5호선,광나루,6612,6769,13381
202203,5호선,광화문,9190,9175,18365
202203,5호선,군자,5146,5828,10974
202203,5호선,굽은다리,4629,4374,9003
202203,5호선,길동,3483,3609,7092
202203,5호선,김포공항,5766,5539,11305
202203,5호선,까치산,13056,12672,25728
202203,5호선,답십리,6272,5824,12096
202203,5호선,동대문역사문화공원,605,737,1342
202203,5호선,둔촌동,3658,3785,7443
202203,5호선,마곡,3089,3192,6281
202203,5호선,마장,2419,2273,4692
202203,5호선,마천,3051,3215,6266
202203,5호선,마포,3977,3975,7952
202203,5호선,명일,3897,3926,7823
202203,5호선,목동,6389,6411,12800
202203,5호선,미사,7197,7183,14380
202203,5호선,발산,7784,8034,15818
202203,5호선,방이,3412,3259,6671
202203,5호선,방화,2984,2986,5970
202203,5호선,상일동,5460,5371,10831
202203,5호선,서대문,4367,4210,8577
202203,5호선,송정,3143,3113,6256
202203,5호선,신금호,2535,2715,5250
202203,5호선,신길,1555,1764,3319
202203,5호선,신정,5401,4896,10297
202203,5호선,아차산,9314,9054,18368
202203,5호선,애오개,2182,2268,4450
202203,5호선,양평,2175,2282,4457
202203,5호선,여의나루,6214,7504,13718
202203,5호선,여의도,7551,7403,14954
202203,5호선,영등포구청,1072,1115,2187
202203,5호선,영등포시장,4475,4750,9225
202203,5호선,오금,1371,1297,2668
202203,5호선,오목교,9988,10150,20138
202203,5호선,올림픽공원,1773,1636,3409
202203,5호선,왕십리,2255,2617,4872
202203,5호선,우장산,5612,5854,11466
202203,5호선,을지로4가,1208,1302,2510
202203,5호선,장한평,6467,6378,12845
202203,5호선,종로3가,6976,6221,13197
202203,5호선,천호,10996,9714,20710
202203,5호선,청구,1537,1394,2931
202203,5호선,충정로,1204,1248,2452
202203,5호선,하남검단산,3895,3835,7730
202203,5호선,하남시청,3314,3217,6531
202203,5호선,하남풍산,1850,1798,3648
202203,5호선,행당,3144,2981,6125
202203,5호선,화곡,11813,11214,23027
202203,6호선,고려대,3392,3459,6851
202203,6호선,공덕,5842,5484,11326
202203,6호선,광흥창,3430,3411,6841
202203,6호선,구산,3180,2508,5688
202203,6호선,녹사평,3074,3160,6234
202203,6호선,대흥,3405,3597,7002
202203,6호선,독바위,1279,1669,2948
202203,6호선,돌곶이,4585,4366,8951
202203,6호선,동묘앞,5341,5144,10485
202203,6호선,디지털미디어시티,4208,4412,8620
202203,6호선,마포구청,6000,5543,11543
202203,6호선,망원,8113,8554,16667
202203,6호선,버티고개,869,949,1818
202203,6호선,보문,3306,3136,6442
202203,6호선,봉화산,3294,3297,6591
202203,6호선,불광,2557,2286,4843
202203,6호선,삼각지,2893,2194,5087
202203,6호선,상수,5433,6148,11581
202203,6호선,상월곡,2744,2510,5254
202203,6호선,새절,5394,5199,10593
202203,6호선,석계,5669,5868,11537
202203,6호선,신내,1,0,1
202203,6호선,신당,3092,3578,6670
202203,6호선,안암,4893,5237,10130
202203,6호선,약수,1448,1472,2920
202203,6호선,역촌,1753,1980,3733
202203,6호선,월곡,4869,4751,9620
202203,6호선,월드컵경기장,3215,3243,6458
202203,6호선,응암,8525,8663,17188
202203,6호선,이태원,7940,7270,15210
202203,6호선,증산,4594,4732,9326
202203,6호선,창신,1373,1278,2651
202203,6호선,청구,1398,1381,2779
202203,6호선,태릉입구,2596,2804,5400
202203,6호선,한강진,4783,5568,10351
202203,6호선,합정,7962,7269,15231
202203,6호선,화랑대,4350,3771,8121
202203,6호선,효창공원앞,2815,2528,5343
202203,7호선,가산디지털단지,8552,7911,16463
202203,7호선,강남구청,4756,5137,9893
202203,7호선,건대입구,6620,7098,13718
202203,7호선,고속터미널,8976,6248,15224
202203,7호선,공릉,5660,5927,11587
202203,7호선,광명사거리,10532,10366,20898
202203,7호선,군자,6489,4987,11476
202203,7호선,남구로,5434,5303,10737
202203,7호선,남성,4533,4436,8969
202203,7호선,내방,4376,4690,9066
202203,7호선,노원,9616,9320,18936
202203,7호선,논현,5180,5602,10782
202203,7호선,대림,5529,5173,10702
202203,7호선,도봉산,4699,7115,11814
202203,7호선,뚝섬유원지,4829,4673,9502
202203,7호선,마들,5158,4761,9919
202203,7호선,먹골,4649,4599,9248
202203,7호선,면목,6780,6576,13356
202203,7호선,반포,2514,2570,5084
202203,7호선,보라매,3601,3646,7247
202203,7호선,부천시청,1,0,1
202203,7호선,부천종합운동장,1,0,1
202203,7호선,부평구청,1,0,1
202203,7호선,사가정,7593,7215,14808
202203,7호선,상도,4789,4764,9553
202203,7호선,상동,1,0,1
202203,7호선,상봉,7909,7296,15205
202203,7호선,수락산,6904,6810,13714
202203,7호선,숭실대입구,4832,5302,10134
202203,7호선,신대방삼거리,6748,6756,13504
202203,7호선,신풍,5177,4910,10087
202203,7호선,어린이대공원,6953,6964,13917
202203,7호선,온수,3255,3289,6544
202203,7호선,용마산,2756,3070,5826
202203,7호선,이수,6967,6547,13514
202203,7호선,장승배기,3832,3823,7655
202203,7호선,장암,1101,714,1815
202203,7호선,중계,5397,5146,10543
202203,7호선,중곡,4386,4295,8681
202203,7호선,중화,4652,4602,9254
202203,7호선,천왕,4014,3847,7861
202203,7호선,철산,8378,8368,16746
202203,7호선,청담,5643,6088,11731
202203,7호선,태릉입구,4105,3905,8010
202203,7호선,하계,7511,7214,14725
202203,7호선,학동,5243,5669,10912
202203,8호선,가락시장,2655,3375,6030
202203,8호선,강동구청,3782,3939,7721
202203,8호선,남위례,1643,1796,3439
202203,8호선,남한산성입구,5602,5269,10871
202203,8호선,단대오거리,4466,4606,9072
202203,8호선,모란,2213,1824,4037
202203,8호선,몽촌토성,2830,2725,5555
202203,8호선,문정,4489,4689,9178
202203,8호선,복정,3813,3552,7365
202203,8호선,산성,2602,2660,5262
202203,8호선,석촌,3460,4307,7767
202203,8호선,송파,2888,3004,5892
202203,8호선,수진,2636,2292,4928
202203,8호선,신흥,2233,2399,4632
202203,8호선,암사,7377,6966,14343
202203,8호선,잠실,8233,8988,17221
202203,8호선,장지,7415,7761,15176
202203,8호선,천호,7586,8744,16330
202203,9호선,가양,8382,8286,16668
202203,9호선,개화,826,821,1647
202203,9호선,고속터미널,7497,10661,18158
202203,9호선,공항시장,1521,1622,3143
202203,9호선,구반포,406,392,798
202203,9호선,국회의사당,4375,4088,8463
202203,9호선,김포공항,5826,8775,14601
202203,9호선,노들,2285,2064,4349
202203,9호선,노량진,12231,12746,24977
202203,9호선,당산,7379,7113,14492
202203,9호선,동작,1840,1281,3121
202203,9호선,등촌,4289,4277,8566
202203,9호선,마곡나루,4691,4722,9413
202203,9호선,사평,1329,1415,2744
202203,9호선,샛강,1401,1454,2855
202203,9호선,선유도,2304,2264,4568
202203,9호선,신논현,13038,12416,25454
202203,9호선,신목동,1504,1325,2829
202203,9호선,신반포,1440,1568,3008
202203,9호선,신방화,2907,2902,5809
202203,9호선,양천향교,3496,3572,7068
202203,9호선,여의도,8347,7483,15830
202203,9호선,염창,7058,6911,13969
202203,9호선,증미,2405,2530,4935
202203,9호선,흑석,3446,3669,7115
202203,9호선2~3단계,둔촌오륜,362,389,751
202203,9호선2~3단계,봉은사,6493,6548,13041
202203,9호선2~3단계,삼성중앙,1652,1844,3496
202203,9호선2~3단계,삼전,3098,3059,6157
202203,9호선2~3단계,석촌,3775,3252,7027
202203,9호선2~3단계,석촌고분,2677,2636,5313
202203,9호선2~3단계,선정릉,2493,2700,5193
202203,9호선2~3단계,송파나루,2598,2801,5399
202203,9호선2~3단계,언주,3117,3184,6301
202203,9호선2~3단계,올림픽공원,4141,4173,8314
202203,9호선2~3단계,종합운동장,1732,1611,3343
202203,9호선2~3단계,중앙보훈병원,2693,2635,5328
202203,9호선2~3단계,한성백제,1133,984,2117
202203,경강선,경기광주,3142,3082,6224
202203,경강선,곤지암,1141,1305,2446
202203,경강선,부발,1141,1740,2881
202203,경강선,삼동,891,881,1772
202203,경강선,세종대왕릉,216,205,421
202203,경강선,신둔도예촌,694,726,1420
202203,경강선,여주,1564,1463,3027
202203,경강선,이매,539,438,977
202203,경강선,이천,1540,1755,3295
202203,경강선,초월,1299,1259,2558
202203,경강선,판교,2000,1866,3866
202203,경부선,가산디지털단지,3753,5128,8881
202203,경부선,관악,4187,3845,8032
202203,경부선,광명,1852,1486,3338
202203,경부선,구로,7680,7862,15542
202203,경부선,군포,2523,2390,4913
202203,경부선,금정,11144,11574,22718
202203,경부선,금천구청,5105,4983,10088
202203,경부선,남영,3545,3819,7364
202203,경부선,노량진,4514,4342,8856
202203,경부선,당정,2420,2396,4816
202203,경부선,대방,4874,5233,10107
202203,경부선,독산,5126,5107,10233
202203,경부선,두정,3466,4634,8100
202203,경부선,명학,2797,2705,5502
202203,경부선,병점,7434,7957,15391
202203,경부선,서동탄,570,557,1127
202203,경부선,서울역,5130,1271,6401
202203,경부선,서정리,3591,5137,8728
202203,경부선,석수,4100,4006,8106
202203,경부선,성균관대,6322,7008,13330
202203,경부선,성환,1928,2547,4475
202203,경부선,세류,1570,1564,3134
202203,경부선,세마,1437,1325,2762
202203,경부선,송탄,2846,3318,6164
202203,경부선,수원,26451,25349,51800
202203,경부선,신길,3818,3347,7165
202203,경부선,신도림,1997,1850,3847
202203,경부선,안양,10807,10175,20982
202203,경부선,영등포,26699,25848,52547
202203,경부선,오산,6016,6407,12423
202203,경부선,오산대,1733,1657,3390
202203,경부선,용산,24478,23008,47486
202203,경부선,의왕,3485,3551,7036
202203,경부선,직산,401,511,912
202203,경부선,진위,679,731,1410
202203,경부선,천안,4711,4970,9681
202203,경부선,평택,8779,9442,18221
202203,경부선,평택지제,2172,1884,4056
202203,경부선,화서,3359,3137,6496
202203,경원선,가능,3233,3049,6282
202203,경원선,광운대,3546,3832,7378
202203,경원선,녹양,2206,2124,4330
202203,경원선,녹천,2210,1862,4072
202203,경원선,덕계,1497,1414,2911
202203,경원선,덕정,2776,2935,5711
202203,경원선,도봉,3044,2850,5894
202203,경원선,도봉산,8483,6026,14509
202203,경원선,동두천,1135,1434,2569
202203,경원선,동두천중앙,1680,1555,3235
202203,경원선,망월사,3802,3898,7700
202203,경원선,방학,5164,4980,10144
202203,경원선,보산,1037,1109,2146
202203,경원선,서빙고,1149,1205,2354
202203,경원선,석계,4269,4450,8719
202203,경원선,소요산,2935,2462,5397
202203,경원선,신이문,3970,3703,7673
202203,경원선,양주,4072,4039,8111
202203,경원선,옥수,46,17,63
202203,경원선,왕십리,8529,9388,17917
202203,경원선,외대앞,4328,4357,8685
202203,경원선,월계,3262,3026,6288
202203,경원선,응봉,909,844,1753
202203,경원선,의정부,11960,11956,23916
202203,경원선,이촌,1816,1410,3226
202203,경원선,지행,3870,3772,7642
202203,경원선,청량리,11130,10422,21552
202203,경원선,한남,1596,1624,3220
202203,경원선,회룡,6319,6261,12580
202203,경의선,가좌,2262,2209,4471
202203,경의선,강매,1224,1056,2280
202203,경의선,검암,1,0,1
202203,경의선,곡산,255,260,515
202203,경의선,공덕,1425,1070,2495
202203,경의선,금릉,2220,2208,4428
202203,경의선,금촌,3703,3920,7623
202203,경의선,능곡,1775,1767,3542
202203,경의선,디지털미디어시티,1079,1022,2101
202203,경의선,문산,2648,2708,5356
202203,경의선,백마,2765,2584,5349
202203,경의선,서강대,1075,1098,2173
202203,경의선,서울역,775,773,1548
202203,경의선,수색,725,772,1497
202203,경의선,신촌,198,239,437
202203,경의선,야당,4024,3737,7761
202203,경의선,운정,2905,2767,5672
202203,경의선,월롱,761,1588,2349
202203,경의선,일산,3944,3537,7481
202203,경의선,임진강,29,28,57
202203,경의선,탄현,3335,3047,6382
202203,경의선,파주,502,452,954
202203,경의선,풍산,2815,2561,5376
202203,경의선,행신,3546,3287,6833
202203,경의선,홍대입구,1293,1342,2635
202203,경의선,화전,659,771,1430
202203,경의선,효창공원앞,1122,1257,2379
202203,경인선,간석,2605,2481,5086
202203,경인선,개봉,9384,9505,18889
202203,경인선,구일,2589,2588,5177
202203,경인선,도원,1406,1310,2716
202203,경인선,도화,1950,1861,3811
202203,경인선,동암,7907,7752,15659
202203,경인선,동인천,7697,7338,15035
202203,경인선,백운,3067,3033,6100
202203,경인선,부개,3899,3682,7581
202203,경인선,부천,19215,18623,37838
202203,경인선,부평,17914,18047,35961
202203,경인선,소사,4622,4363,8985
202203,경인선,송내,10839,10325,21164
202203,경인선,역곡,12124,11996,24120
202203,경인선,오류동,6009,5632,11641
202203,경인선,온수,3126,3007,6133
202203,경인선,인천,2741,2221,4962
202203,경인선,제물포,4529,4387,8916
202203,경인선,주안,9704,8494,18198
202203,경인선,중동,4106,3895,8001
202203,경춘선,가평,1095,894,1989
202203,경춘선,갈매,1232,1015,2247
202203,경춘선,강촌,440,389,829
202203,경춘선,굴봉산,158,119,277
202203,경춘선,금곡,702,701,1403
202203,경춘선,김유정,346,342,688
202203,경춘선,남춘천,1702,2285,3987
202203,경춘선,대성리,404,301,705
202203,경춘선,마석,1972,1897,3869
202203,경춘선,백양리,176,135,311
202203,경춘선,별내,1569,1396,2965
202203,경춘선,사릉,1351,1308,2659
202203,경춘선,상천,297,192,489
202203,경춘선,신내,906,784,1690
202203,경춘선,천마산,847,833,1680
202203,경춘선,청평,1150,969,2119
202203,경춘선,춘천,1105,1103,2208
202203,경춘선,퇴계원,1713,1551,3264
202203,경춘선,평내호평,2737,2508,5245
202203,공항철도 1호선,검암,2851,2771,5622
202203,공항철도 1호선,계양,4309,4019,8328
202203,공항철도 1호선,공덕,986,1346,2332
202203,공항철도 1호선,공항화물청사,929,978,1907
202203,공항철도 1호선,김포공항,9845,4905,14750
202203,공항철도 1호선,디지털미디어시티,3067,3128,6195
202203,공항철도 1호선,마곡나루,1841,1998,3839
202203,공항철도 1호선,서울역,5384,5119,10503
202203,공항철도 1호선,영종,1896,1793,3689
202203,공항철도 1호선,운서,4245,4527,8772
202203,공항철도 1호선,인천공항1터미널,3080,3031,6111
202203,공항철도 1호선,인천공항2터미널,1633,1552,3185
202203,공항철도 1호선,청라국제도시,2407,2318,4725
202203,공항철도 1호선,홍대입구,7422,6967,14389
202203,과천선,경마공원,8925,9017,17942
202203,과천선,과천,2865,2678,5543
202203,과천선,대공원,3132,3264,6396
202203,과천선,범계,12091,11617,23708
202203,과천선,선바위,3235,3085,6320
202203,과천선,인덕원,9716,9840,19556
202203,과천선,정부과천청사,3789,3552,7341
202203,과천선,평촌,5051,4797,9848
202203,분당선,가천대,3198,3779,6977
202203,분당선,강남구청,2812,3325,6137
202203,분당선,개포동,1625,1688,3313
202203,분당선,구룡,726,790,1516
202203,분당선,구성,1974,2075,4049
202203,분당선,기흥,4052,3976,8028
202203,분당선,대모산입구,1730,1648,3378
202203,분당선,도곡,2287,2212,4499
202203,분당선,망포,5197,5381,10578
202203,분당선,매교,1183,1225,2408
202203,분당선,매탄권선,2088,2074,4162
202203,분당선,모란,9494,9735,19229
202203,분당선,미금,6085,6466,12551
202203,분당선,보정,904,794,1698
202203,분당선,상갈,2281,2355,4636
202203,분당선,서울숲,4782,4918,9700
202203,분당선,서현,12684,12457,25141
202203,분당선,선릉,2497,3667,6164
202203,분당선,선정릉,1795,1779,3574
202203,분당선,수내,5103,4848,9951
202203,분당선,수서,6840,6605,13445
202203,분당선,수원,4804,3954,8758
202203,분당선,수원시청,6318,6155,12473
202203,분당선,신갈,1651,1723,3374
202203,분당선,압구정로데오,8958,9671,18629
202203,분당선,야탑,10898,11346,22244
202203,분당선,영통,4361,4354,8715
202203,분당선,오리,4488,3981,8469
202203,분당선,이매,2577,2629,5206
202203,분당선,정자,6167,6322,12489
202203,분당선,죽전,6518,7504,14022
202203,분당선,청명,1553,1653,3206
202203,분당선,태평,7012,6691,13703
202203,분당선,한티,7353,7051,14404
202203,수인선,고색,1698,1810,3508
202203,수인선,남동인더스파크,661,620,1281
202203,수인선,달월,36,42,78
202203,수인선,사리,2163,1759,3922
202203,수인선,소래포구,3286,3105,6391
202203,수인선,송도,1287,1210,2497
202203,수인선,숭의,1657,1556,3213
202203,수인선,신포,939,874,1813
202203,수인선,야목,190,135,325
202203,수인선,어천,381,504,885
202203,수인선,연수,2688,2624,5312
202203,수인선,오목천,1252,1230,2482
202203,수인선,원인재,2292,2438,4730
202203,수인선,월곶,1362,1290,2652
202203,수인선,인천,865,1327,2192
202203,수인선,인천논현,2536,2638,5174
202203,수인선,인하대,2829,2793,5622
202203,수인선,호구포,1674,1676,3350
202203,안산선,고잔,3590,3437,7027
202203,안산선,대야미,2327,2171,4498
202203,안산선,반월,2064,2059,4123
202203,안산선,산본,7229,7661,14890
202203,안산선,상록수,7480,7420,14900
202203,안산선,수리산,1710,1577,3287
202203,안산선,신길온천,858,843,1701
202203,안산선,안산,7561,7034,14595
202203,안산선,오이도,4466,4280,8746
202203,안산선,정왕,4241,4777,9018
202203,안산선,중앙,9497,9233,18730
202203,안산선,초지,1849,1810,3659
202203,안산선,한대앞,4298,4456,8754
202203,우이신설선,4.19민주묘지,1768,1560,3328
202203,우이신설선,가오리,2050,1954,4004
202203,우이신설선,보문,797,819,1616
202203,우이신설선,북한산보국문,3405,3140,6545
202203,우이신설선,북한산우이,2486,2599,5085
202203,우이신설선,삼양,1147,1212,2359
202203,우이신설선,삼양사거리,1365,1344,2709
202203,우이신설선,성신여대입구,2100,2324,4424
202203,우이신설선,솔밭공원,1158,1168,2326
202203,우이신설선,솔샘,2453,2330,4783
202203,우이신설선,신설동,1100,1047,2147
202203,우이신설선,정릉,2457,2084,4541
202203,우이신설선,화계,1866,1667,3533
202203,일산선,대곡,882,754,1636
202203,일산선,대화,5735,5386,11121
202203,일산선,마두,2891,2873,5764
202203,일산선,백석,4638,4648,9286
202203,일산선,삼송,9117,8840,17957
202203,일산선,원당,5205,5003,10208
202203,일산선,원흥,4496,4360,8856
202203,일산선,정발산,5939,5814,11753
202203,일산선,주엽,3925,3845,7770
202203,일산선,화정,7997,8148,16145
202203,장항선,배방,599,743,1342
202203,장항선,봉명,440,467,907
202203,장항선,신창,816,1818,2634
202203,장항선,쌍용,982,1037,2019
202203,장항선,아산,2709,1929,4638
202203,장항선,온양온천,2589,2594,5183
202203,장항선,탕정,322,401,723
202203,중앙선,구리,6012,6201,12213
202203,중앙선,국수,423,420,843
202203,중앙선,덕소,2749,2686,5435
202203,중앙선,도농,3938,3827,7765
202203,중앙선,도심,966,852,1818
202203,중앙선,망우,4210,4113,8323
202203,중앙선,상봉,2957,2946,5903
202203,중앙선,신원,238,176,414
202203,중앙선,아신,412,381,793
202203,중앙선,양수,1417,1195,2612
202203,중앙선,양원,1034,1122,2156
202203,중앙선,양정,331,267,598
202203,중앙선,양평,1580,1496,3076
202203,중앙선,오빈,170,148,318
202203,중앙선,용문,1304,1089,2393
202203,중앙선,운길산,900,789,1689
202203,중앙선,원덕,302,205,507
202203,중앙선,중랑,2913,2844,5757
202203,중앙선,지평,43,34,77
202203,중앙선,팔당,1080,1132,2212
202203,중앙선,회기,13400,13628,27028
202203,1호선,동대문,8996,8365,17361
202203,1호선,동묘앞,10259,10800,21059
202203,1호선,서울역,23802,23666,47468
202203,1호선,시청,9900,9759,19659
202203,1호선,신설동,8768,8269,17037
202203,1호선,제기동,13274,13727,27001
202203,1호선,종각,15948,14743,30691
202203,1호선,종로3가,18990,17576,36566
202203,1호선,종로5가,15650,15774,31424
202203,1호선,청량리,15805,15965,31770
202203,2호선,강남,53990,53385,107375
202203,2호선,강변,21736,21005,42741
202203,2호선,건대입구,31348,32775,64123
202203,2호선,교대,15335,17021,32356
202203,2호선,구로디지털단지,29662,29334,58996
202203,2호선,구의,14454,14137,28591
202203,2호선,낙성대,19025,17458,36483
202203,2호선,당산,10829,11790,22619
202203,2호선,대림,15109,16338,31447
202203,2호선,도림천,720,707,1427
202203,2호선,동대문역사문화공원,9238,10509,19747
202203,2호선,뚝섬,12675,12791,25466
202203,2호선,문래,11140,11803,22943
202203,2호선,방배,8513,8810,17323
202203,2호선,봉천,15045,13891,28936
202203,2호선,사당,26590,28963,55553
202203,2호선,삼성,27561,27462,55023
202203,2호선,상왕십리,8643,8436,17079
202203,2호선,서울대입구,33666,33046,66712
202203,2호선,서초,9494,7920,17414
202203,2호선,선릉,21517,18966,40483
202203,2호선,성수,17597,20011,37608
202203,2호선,시청,6865,5926,12791
202203,2호선,신답,907,980,1887
202203,2호선,신당,9512,9896,19408
202203,2호선,신대방,17753,17246,34999
202203,2호선,신도림,34164,35213,69377
202203,2호선,신림,44440,42740,87180
202203,2호선,신설동,3039,3260,6299
202203,2호선,신정네거리,6480,6497,12977
202203,2호선,신촌,26315,26045,52360
202203,2호선,아현,6732,6364,13096
202203,2호선,양천구청,4070,3940,8010
202203,2호선,역삼,16231,17913,34144
202203,2호선,영등포구청,11153,11582,22735
202203,2호선,왕십리,11524,10067,21591
202203,2호선,용답,2003,1920,3923
202203,2호선,용두,1494,1421,2915
202203,2호선,을지로3가,9251,9191,18442
202203,2호선,을지로4가,6360,6572,12932
202203,2호선,을지로입구,17425,17312,34737
202203,2호선,이대,9051,9558,18609
202203,2호선,잠실,57715,55148,112863
202203,2호선,잠실나루,6393,6308,12701
202203,2호선,잠실새내,14904,15397,30301
202203,2호선,종합운동장,18632,19299,37931
202203,2호선,충정로,4765,5137,9902
202203,2호선,한양대,4228,4441,8669
202203,2호선,합정,24334,26325,50659
202203,2호선,홍대입구,56036,59447,115483
202203,3호선,가락시장,5228,5049,10277
202203,3호선,경복궁,13677,14347,28024
202203,3호선,경찰병원,3433,3215,6648
202203,3호선,고속터미널,39037,38442,77479
202203,3호선,교대,6038,3747,9785
202203,3호선,구파발,12976,13365,26341
202203,3호선,금호,5024,4630,9654
202203,3호선,남부터미널,17751,17737,35488
202203,3호선,녹번,9062,7949,17011
202203,3호선,대청,5150,4733,9883
202203,3호선,대치,8445,7784,16229
202203,3호선,도곡,2860,2953,5813
202203,3호선,독립문,5337,5863,11200
202203,3호선,동대입구,5230,5639,10869
202203,3호선,매봉,5077,4889,9966
202203,3호선,무악재,2250,2446,4696
202203,3호선,불광,11379,12987,24366
202203,3호선,수서,10966,11092,22058
202203,3호선,신사,23296,24126,47422
202203,3호선,안국,12323,14073,26396
202203,3호선,압구정,21277,22630,43907
202203,3호선,약수,7888,7635,15523
202203,3호선,양재,17581,19082,36663
202203,3호선,연신내,26005,24611,50616
202203,3호선,오금,3153,2998,6151
202203,3호선,옥수,5859,6024,11883
202203,3호선,을지로3가,4303,4541,8844
202203,3호선,일원,4307,4243,8550
202203,3호선,잠원,3202,2991,6193
202203,3호선,종로3가,5061,6969,12030
202203,3호선,지축,2850,2757,5607
202203,3호선,학여울,928,918,1846
202203,3호선,홍제,11571,10998,22569
202203,4호선,길음,12302,11938,24240
202203,4호선,남태령,846,535,1381
202203,4호선,노원,13663,15176,28839
202203,4호선,당고개,8830,8484,17314
202203,4호선,동대문,11890,12153,24043
202203,4호선,동대문역사문화공원,9873,8866,18739
202203,4호선,동작,1437,1662,3099
202203,4호선,명동,11022,12652,23674
202203,4호선,미아,9542,9120,18662
202203,4호선,미아사거리,19265,18400,37665
202203,4호선,사당,18042,15414,33456
202203,4호선,삼각지,3056,3981,7037
202203,4호선,상계,12408,11576,23984
202203,4호선,서울역,4544,9569,14113
202203,4호선,성신여대입구,14294,13624,27918
202203,4호선,수유,23678,23103,46781
202203,4호선,숙대입구,8027,7638,15665
202203,4호선,신용산,8612,9265,17877
202203,4호선,쌍문,18452,16574,35026
202203,4호선,이촌,5379,6084,11463
202203,4호선,창동,18910,19575,38485
202203,4호선,총신대입구,12475,13478,25953
202203,4호선,충무로,11256,11690,22946
202203,4호선,한성대입구,9123,8986,18109
202203,4호선,혜화,22770,23527,46297
202203,4호선,회현,14530,16091,30621
202203,5호선,강동,11610,11133,22743
202203,5호선,강일,2529,2326,4855
202203,5호선,개롱,3580,3820,7400
202203,5호선,개화산,3410,3331,6741
202203,5호선,거여,5704,5393,11097
202203,5호선,고덕,5631,5376,11007
202203,5호선,공덕,5882,6069,11951
202203,5호선,광나루,9351,8949,18300
202203,5호선,광화문,14077,14408,28485
202203,5호선,군자,7300,8063,15363
202203,5호선,굽은다리,6201,5815,12016
202203,5호선,길동,5355,5505,10860
202203,5호선,김포공항,6192,6319,12511
202203,5호선,까치산,18851,17998,36849
202203,5호선,답십리,9056,8208,17264
202203,5호선,동대문역사문화공원,931,1131,2062
202203,5호선,둔촌동,5428,5263,10691
202203,5호선,마곡,4820,4829,9649
202203,5호선,마장,3379,3204,6583
202203,5호선,마천,4194,4395,8589
202203,5호선,마포,6529,6485,13014
202203,5호선,명일,5301,5304,10605
202203,5호선,목동,9695,9750,19445
202203,5호선,미사,10201,10199,20400
202203,5호선,발산,12326,12800,25126
202203,5호선,방이,4514,4550,9064
202203,5호선,방화,3992,3862,7854
202203,5호선,상일동,7998,7548,15546
202203,5호선,서대문,6075,5868,11943
202203,5호선,송정,4481,4365,8846
202203,5호선,신금호,3516,3622,7138
202203,5호선,신길,2242,2361,4603
202203,5호선,신정,7990,6875,14865
202203,5호선,아차산,12200,11916,24116
202203,5호선,애오개,3179,3106,6285
202203,5호선,양평,3265,3086,6351
202203,5호선,여의나루,10047,11528,21575
202203,5호선,여의도,10759,11118,21877
202203,5호선,영등포구청,1799,1827,3626
202203,5호선,영등포시장,7278,7607,14885
202203,5호선,오금,1818,1736,3554
202203,5호선,오목교,14160,14405,28565
202203,5호선,올림픽공원,2646,2405,5051
202203,5호선,왕십리,2981,3594,6575
202203,5호선,우장산,8398,8399,16797
202203,5호선,을지로4가,2920,3389,6309
202203,5호선,장한평,9735,9581,19316
202203,5호선,종로3가,10428,10548,20976
202203,5호선,천호,14771,14140,28911
202203,5호선,청구,2197,2052,4249
202203,5호선,충정로,1692,1541,3233
202203,5호선,하남검단산,4522,4539,9061
202203,5호선,하남시청,4750,4502,9252
202203,5호선,하남풍산,2309,2281,4590
202203,5호선,행당,4656,4039,8695
202203,5호선,화곡,17686,16387,34073
202203,6호선,고려대,4866,4717,9583
202203,6호선,공덕,8540,8031,16571
202203,6호선,광흥창,4460,4297,8757
202203,6호선,구산,4698,3669,8367
202203,6호선,녹사평,4155,4509,8664
202203,6호선,대흥,5061,5049,10110
202203,6호선,독바위,1776,2152,3928
202203,6호선,돌곶이,5501,5050,10551
202203,6호선,동묘앞,6896,6565,13461
202203,6호선,디지털미디어시티,6140,6231,12371
202203,6호선,마포구청,8202,7427,15629
202203,6호선,망원,11373,12408,23781
202203,6호선,버티고개,1274,1403,2677
202203,6호선,보문,4447,4218,8665
202203,6호선,봉화산,4465,4330,8795
202203,6호선,불광,3208,2902,6110
202203,6호선,삼각지,4495,3560,8055
202203,6호선,상수,7442,8607,16049
202203,6호선,상월곡,3698,3327,7025
202203,6호선,새절,7639,7382,15021
202203,6호선,석계,7915,7788,15703
202203,6호선,신내,1,0,1
202203,6호선,신당,4602,4128,8730
202203,6호선,안암,6524,6071,12595
202203,6호선,약수,2158,2153,4311
202203,6호선,역촌,2360,2777,5137
202203,6호선,월곡,6701,6527,13228
202203,6호선,월드컵경기장,3953,3969,7922
202203,6호선,응암,11141,10902,22043
202203,6호선,이태원,11997,12656,24653
202203,6호선,증산,6573,6435,13008
202203,6호선,창신,1785,1635,3420
202203,6호선,청구,2132,2166,4298
202203,6호선,태릉입구,3766,3918,7684
202203,6호선,한강진,7476,9148,16624
202203,6호선,합정,10838,9991,20829
202203,6호선,화랑대,6132,5052,11184
202203,6호선,효창공원앞,4150,3677,7827
202203,7호선,가산디지털단지,13250,12025,25275
202203,7호선,강남구청,8649,9621,18270
202203,7호선,건대입구,9437,9908,19345
202203,7호선,고속터미널,11677,8880,20557
202203,7호선,공릉,7944,7794,15738
202203,7호선,광명사거리,14683,14714,29397
202203,7호선,군자,9587,7285,16872
202203,7호선,까치울,1,0,1
202203,7호선,남구로,7144,7560,14704
202203,7호선,남성,6615,6207,12822
202203,7호선,내방,6905,6810,13715
202203,7호선,노원,14322,14558,28880
202203,7호선,논현,9748,10650,20398
202203,7호선,대림,5906,6325,12231
202203,7호선,도봉산,5725,8079,13804
202203,7호선,뚝섬유원지,7925,7779,15704
202203,7호선,마들,7666,7170,14836
202203,7호선,먹골,7293,7139,14432
202203,7호선,면목,10060,9693,19753
202203,7호선,반포,3778,3618,7396
202203,7호선,보라매,5999,5750,11749
202203,7호선,사가정,10919,10586,21505
202203,7호선,상도,6759,6359,13118
202203,7호선,상봉,11580,11036,22616
202203,7호선,수락산,8992,8780,17772
202203,7호선,숭실대입구,7338,7233,14571
202203,7호선,신대방삼거리,9963,9354,19317
202203,7호선,신중동,1,0,1
202203,7호선,신풍,6988,6769,13757
202203,7호선,어린이대공원,9387,9306,18693
202203,7호선,온수,4745,4784,9529
202203,7호선,용마산,3893,4094,7987
202203,7호선,이수,10478,9863,20341
202203,7호선,장승배기,5823,5648,11471
202203,7호선,장암,1373,975,2348
202203,7호선,중계,8180,7251,15431
202203,7호선,중곡,6098,5841,11939
202203,7호선,중화,6759,6556,13315
202203,7호선,천왕,5950,5662,11612
202203,7호선,철산,12787,13044,25831
202203,7호선,청담,10397,11252,21649
202203,7호선,태릉입구,5769,5344,11113
202203,7호선,하계,10869,10283,21152
202203,7호선,학동,9671,10089,19760
202203,8호선,가락시장,4741,5014,9755
202203,8호선,강동구청,5356,5501,10857
202203,8호선,남위례,2561,2662,5223
202203,8호선,남한산성입구,8234,7359,15593
202203,8호선,단대오거리,6632,6304,12936
202203,8호선,모란,3164,2699,5863
202203,8호선,몽촌토성,3765,3818,7583
202203,8호선,문정,7724,7766,15490
202203,8호선,복정,5493,4594,10087
202203,8호선,산성,3693,3765,7458
202203,8호선,석촌,5204,6470,11674
202203,8호선,송파,4316,4387,8703
202203,8호선,수진,3613,3254,6867
202203,8호선,신흥,2921,3218,6139
202203,8호선,암사,10839,9920,20759
202203,8호선,잠실,10990,12758,23748
202203,8호선,장지,11165,10289,21454
202203,8호선,천호,10671,12429,23100
202203,9호선,가양,12347,11856,24203
202203,9호선,개화,1269,1103,2372
202203,9호선,고속터미널,10231,14534,24765
202203,9호선,공항시장,2014,2138,4152
202203,9호선,구반포,1146,1157,2303
202203,9호선,국회의사당,3569,3680,7249
202203,9호선,김포공항,6696,9684,16380
202203,9호선,노들,2867,2443,5310
202203,9호선,노량진,18137,17827,35964
202203,9호선,당산,11230,10472,21702
202203,9호선,동작,1985,1557,3542
202203,9호선,등촌,6505,6289,12794
202203,9호선,마곡나루,7254,6989,14243
202203,9호선,사평,1935,1763,3698
202203,9호선,샛강,2226,2152,4378
202203,9호선,선유도,3354,3240,6594
202203,9호선,신논현,22921,22591,45512
202203,9호선,신목동,1975,1676,3651
202203,9호선,신반포,2329,2236,4565
202203,9호선,신방화,4073,4021,8094
202203,9호선,양천향교,5204,5042,10246
202203,9호선,여의도,11271,10749,22020
202203,9호선,염창,10290,9557,19847
202203,9호선,증미,3633,3378,7011
202203,9호선,흑석,5192,5104,10296
202203,9호선2~3단계,둔촌오륜,568,608,1176
202203,9호선2~3단계,봉은사,10290,10951,21241
202203,9호선2~3단계,삼성중앙,2718,2748,5466
202203,9호선2~3단계,삼전,4390,4219,8609
202203,9호선2~3단계,석촌,5617,4772,10389
202203,9호선2~3단계,석촌고분,3796,3576,7372
202203,9호선2~3단계,선정릉,4020,4753,8773
202203,9호선2~3단계,송파나루,3726,4007,7733
202203,9호선2~3단계,언주,5288,5400,10688
202203,9호선2~3단계,올림픽공원,4750,4665,9415
202203,9호선2~3단계,종합운동장,3110,2823,5933
202203,9호선2~3단계,중앙보훈병원,3965,3658,7623
202203,9호선2~3단계,한성백제,1573,1413,2986
202203,경강선,경기광주,4688,4497,9185
202203,경강선,곤지암,1534,1636,3170
202203,경강선,부발,1823,1515,3338
202203,경강선,삼동,1316,1185,2501
202203,경강선,세종대왕릉,256,303,559
202203,경강선,신둔도예촌,955,884,1839
202203,경강선,여주,1910,2100,4010
202203,경강선,이매,715,505,1220
202203,경강선,이천,2294,2274,4568
202203,경강선,초월,1929,1745,3674
202203,경강선,판교,2627,2646,5273
202203,경부선,가산디지털단지,5652,7514,13166
202203,경부선,관악,5087,4783,9870
202203,경부선,광명,2228,1993,4221
202203,경부선,구로,11092,11629,22721
202203,경부선,군포,3914,3701,7615
202203,경부선,금정,16166,16340,32506
202203,경부선,금천구청,7091,7128,14219
202203,경부선,남영,4807,5053,9860
202203,경부선,노량진,6885,6134,13019
202203,경부선,당정,3456,3146,6602
202203,경부선,대방,7033,7083,14116
202203,경부선,독산,7876,7828,15704
202203,경부선,두정,4644,4479,9123
202203,경부선,명학,4520,4371,8891
202203,경부선,병점,10330,10357,20687
202203,경부선,서동탄,798,825,1623
202203,경부선,서울역,5039,1441,6480
202203,경부선,서정리,6212,5145,11357
202203,경부선,석수,5878,5688,11566
202203,경부선,성균관대,9149,9094,18243
202203,경부선,성환,2629,2383,5012
202203,경부선,세류,2079,2132,4211
202203,경부선,세마,1892,1719,3611
202203,경부선,송탄,4299,3786,8085
202203,경부선,수원,31139,34434,65573
202203,경부선,신길,5322,4465,9787
202203,경부선,신도림,2848,2646,5494
202203,경부선,안양,14923,14977,29900
202203,경부선,영등포,32970,34149,67119
202203,경부선,오산,8019,7618,15637
202203,경부선,오산대,2433,2110,4543
202203,경부선,용산,26883,27985,54868
202203,경부선,의왕,5306,5122,10428
202203,경부선,직산,583,560,1143
202203,경부선,진위,980,800,1780
202203,경부선,천안,5174,5281,10455
202203,경부선,평택,11354,11023,22377
202203,경부선,평택지제,2719,2622,5341
202203,경부선,화서,4688,4599,9287
202203,경원선,가능,4602,4347,8949
202203,경원선,광운대,5980,5904,11884
202203,경원선,녹양,3133,3032,6165
202203,경원선,녹천,2989,2481,5470
202203,경원선,덕계,2157,2030,4187
202203,경원선,덕정,4100,3760,7860
202203,경원선,도봉,3929,3758,7687
202203,경원선,도봉산,8391,5911,14302
202203,경원선,동두천,1481,1766,3247
202203,경원선,동두천중앙,2305,2271,4576
202203,경원선,망월사,5067,5244,10311
202203,경원선,방학,6756,6504,13260
202203,경원선,보산,1389,1412,2801
202203,경원선,서빙고,1349,1382,2731
202203,경원선,석계,6042,6321,12363
202203,경원선,소요산,3293,2871,6164
202203,경원선,신이문,5267,4908,10175
202203,경원선,양주,5612,5306,10918
202203,경원선,옥수,40,35,75
202203,경원선,왕십리,10693,11873,22566
202203,경원선,외대앞,5725,5460,11185
202203,경원선,월계,4167,3878,8045
202203,경원선,응봉,1313,1109,2422
202203,경원선,의정부,15453,16090,31543
202203,경원선,이촌,2558,1915,4473
202203,경원선,지행,4812,4746,9558
202203,경원선,청량리,13202,13888,27090
202203,경원선,한남,2504,2308,4812
202203,경원선,회룡,8495,8427,16922
202203,경의선,가좌,3330,3242,6572
202203,경의선,강매,1699,1599,3298
202203,경의선,곡산,377,377,754
202203,경의선,공덕,2208,1704,3912
202203,경의선,금릉,3120,3062,6182
202203,경의선,금촌,4547,4464,9011
202203,경의선,능곡,2401,2370,4771
202203,경의선,디지털미디어시티,1600,1427,3027
202203,경의선,문산,3722,3768,7490
202203,경의선,백마,3729,3555,7284
202203,경의선,서강대,1413,1404,2817
202203,경의선,서울역,1091,1080,2171
202203,경의선,수색,1352,1256,2608
202203,경의선,신촌,321,327,648
202203,경의선,야당,5127,5050,10177
202203,경의선,운정,4247,3955,8202
202203,경의선,월롱,1685,1337,3022
202203,경의선,일산,5235,5026,10261
202203,경의선,임진강,40,30,70
202203,경의선,탄현,4561,4453,9014
202203,경의선,파주,711,545,1256
202203,경의선,풍산,3588,3422,7010
202203,경의선,행신,4271,4338,8609
202203,경의선,홍대입구,1667,2093,3760
202203,경의선,화전,985,933,1918
202203,경의선,효창공원앞,1515,1691,3206
202203,경인선,간석,3738,3619,7357
202203,경인선,개봉,13899,13875,27774
202203,경인선,구일,3840,3657,7497
202203,경인선,도원,1670,1713,3383
202203,경인선,도화,2844,2691,5535
202203,경인선,동암,10524,10830,21354
202203,경인선,동인천,9938,9862,19800
202203,경인선,백운,4610,4567,9177
202203,경인선,부개,5450,5080,10530
202203,경인선,부천,24562,25185,49747
202203,경인선,부평,24846,27250,52096
202203,경인선,소사,6414,6286,12700
202203,경인선,송내,15293,15052,30345
202203,경인선,역곡,17347,17032,34379
202203,경인선,오류동,7834,7330,15164
202203,경인선,온수,4148,3894,8042
202203,경인선,인천,3537,2966,6503
202203,경인선,제물포,6470,6254,12724
202203,경인선,주안,13739,12162,25901
202203,경인선,중동,5764,5494,11258
202203,경춘선,가평,1256,1300,2556
202203,경춘선,갈매,1746,1514,3260
202203,경춘선,강촌,480,482,962
202203,경춘선,굴봉산,113,164,277
202203,경춘선,금곡,962,915,1877
202203,경춘선,김유정,435,428,863
202203,경춘선,남춘천,2594,2649,5243
202203,경춘선,대성리,543,518,1061
202203,경춘선,마석,2647,2651,5298
202203,경춘선,백양리,86,90,176
202203,경춘선,별내,2126,2006,4132
202203,경춘선,사릉,1871,1833,3704
202203,경춘선,상천,321,265,586
202203,경춘선,신내,1122,1036,2158
202203,경춘선,천마산,1193,1226,2419
202203,경춘선,청평,1234,1367,2601
202203,경춘선,춘천,1373,1209,2582
202203,경춘선,퇴계원,2186,2030,4216
202203,경춘선,평내호평,3950,3842,7792
202203,공항철도 1호선,검암,3764,3864,7628
202203,공항철도 1호선,계양,5990,5743,11733
202203,공항철도 1호선,공덕,1325,2090,3415
202203,공항철도 1호선,공항화물청사,1211,1248,2459
202203,공항철도 1호선,김포공항,9657,4853,14510
202203,공항철도 1호선,디지털미디어시티,4502,4196,8698
202203,공항철도 1호선,마곡나루,2723,2936,5659
202203,공항철도 1호선,서울역,5682,5759,11441
202203,공항철도 1호선,영종,2487,2440,4927
202203,공항철도 1호선,운서,5361,5407,10768
202203,공항철도 1호선,인천공항1터미널,2992,3163,6155
202203,공항철도 1호선,인천공항2터미널,1763,1649,3412
202203,공항철도 1호선,청라국제도시,3505,3447,6952
202203,공항철도 1호선,홍대입구,10207,9873,20080
202203,과천선,경마공원,7746,7922,15668
202203,과천선,과천,3935,3754,7689
202203,과천선,대공원,4459,4744,9203
202203,과천선,범계,17774,17274,35048
202203,과천선,선바위,4607,4077,8684
202203,과천선,인덕원,13925,13891,27816
202203,과천선,정부과천청사,5443,5440,10883
202203,과천선,평촌,8084,7733,15817
202203,분당선,가천대,4703,5055,9758
202203,분당선,강남구청,4749,5909,10658
202203,분당선,개포동,2312,2250,4562
202203,분당선,구룡,1187,1057,2244
202203,분당선,구성,2826,2934,5760
202203,분당선,기흥,5521,5386,10907
202203,분당선,대모산입구,2473,2314,4787
202203,분당선,도곡,4033,3656,7689
202203,분당선,망포,7958,7398,15356
202203,분당선,매교,1830,1862,3692
202203,분당선,매탄권선,3103,2977,6080
202203,분당선,모란,14112,14244,28356
202203,분당선,미금,9220,9697,18917
202203,분당선,보정,1328,1298,2626
202203,분당선,상갈,3147,3081,6228
202203,분당선,서울숲,7463,7838,15301
202203,분당선,서현,16724,16888,33612
202203,분당선,선릉,4486,7054,11540
202203,분당선,선정릉,3044,3122,6166
202203,분당선,수내,7810,7313,15123
202203,분당선,수서,8753,9257,18010
202203,분당선,수원,6684,5394,12078
202203,분당선,수원시청,10020,10829,20849
202203,분당선,신갈,2371,2338,4709
202203,분당선,압구정로데오,16939,19181,36120
202203,분당선,야탑,15569,16327,31896
202203,분당선,영통,6098,6036,12134
202203,분당선,오리,6777,5617,12394
202203,분당선,이매,3633,3576,7209
202203,분당선,정자,9429,9517,18946
202203,분당선,죽전,9009,10034,19043
202203,분당선,청명,2358,2356,4714
202203,분당선,태평,9543,8981,18524
202203,분당선,한티,10866,10576,21442
202203,수인선,고색,2710,2641,5351
202203,수인선,남동인더스파크,949,895,1844
202203,수인선,달월,50,60,110
202203,수인선,사리,3141,2645,5786
202203,수인선,소래포구,4653,4633,9286
202203,수인선,송도,1859,1760,3619
202203,수인선,숭의,2514,2294,4808
202203,수인선,신포,1331,1300,2631
202203,수인선,야목,244,233,477
202203,수인선,어천,646,576,1222
202203,수인선,연수,3555,3613,7168
202203,수인선,오목천,1914,1650,3564
202203,수인선,원인재,3243,3408,6651
202203,수인선,월곶,1911,1825,3736
202203,수인선,인천,971,1612,2583
202203,수인선,인천논현,3916,3974,7890
202203,수인선,인하대,3978,3636,7614
202203,수인선,호구포,2362,2245,4607
202203,안산선,고잔,5472,5518,10990
202203,안산선,대야미,3600,3122,6722
202203,안산선,반월,3082,2815,5897
202203,안산선,산본,10693,11566,22259
202203,안산선,상록수,10791,10949,21740
202203,안산선,수리산,2557,2346,4903
202203,안산선,신길온천,1219,1235,2454
202203,안산선,안산,8202,8329,16531
202203,안산선,오이도,6288,6370,12658
202203,안산선,정왕,5743,5705,11448
202203,안산선,중앙,13584,13952,27536
202203,안산선,초지,2823,2761,5584
202203,안산선,한대앞,6488,6305,12793
202203,우이신설선,4.19민주묘지,2248,1924,4172
202203,우이신설선,가오리,2741,2587,5328
202203,우이신설선,보문,989,974,1963
202203,우이신설선,북한산보국문,4346,3737,8083
202203,우이신설선,북한산우이,2973,3028,6001
202203,우이신설선,삼양,1392,1413,2805
202203,우이신설선,삼양사거리,1716,1707,3423
202203,우이신설선,성신여대입구,2504,2930,5434
202203,우이신설선,솔밭공원,1631,1534,3165
202203,우이신설선,솔샘,3444,3150,6594
202203,우이신설선,신설동,1343,1284,2627
202203,우이신설선,정릉,3076,2558,5634
202203,우이신설선,화계,2287,2072,4359
202203,일산선,대곡,1173,1033,2206
202203,일산선,대화,7951,7298,15249
202203,일산선,마두,4404,4458,8862
202203,일산선,백석,6388,6419,12807
202203,일산선,삼송,12440,12005,24445
202203,일산선,원당,7316,6985,14301
202203,일산선,원흥,6256,5966,12222
202203,일산선,정발산,6029,6308,12337
202203,일산선,주엽,5614,5668,11282
202203,일산선,화정,11209,11572,22781
202203,장항선,배방,918,825,1743
202203,장항선,봉명,684,622,1306
202203,장항선,신창,1186,1044,2230
202203,장항선,쌍용,1508,1296,2804
202203,장항선,아산,2432,2329,4761
202203,장항선,온양온천,3121,3183,6304
202203,장항선,탕정,501,502,1003
202203,중앙선,구리,8763,9015,17778
202203,중앙선,국수,567,625,1192
202203,중앙선,덕소,3702,3791,7493
202203,중앙선,도농,5957,5682,11639
202203,중앙선,도심,1356,1166,2522
202203,중앙선,망우,5562,5530,11092
202203,중앙선,상봉,4166,4066,8232
202203,중앙선,신원,275,228,503
202203,중앙선,아신,496,452,948
202203,중앙선,양수,1794,1768,3562
202203,중앙선,양원,1596,1544,3140
202203,중앙선,양정,512,467,979
202203,중앙선,양평,2181,2305,4486
202203,중앙선,오빈,238,225,463
202203,중앙선,용문,1560,1679,3239
202203,중앙선,운길산,1168,1044,2212
202203,중앙선,원덕,330,345,675
202203,중앙선,중랑,3894,3801,7695
202203,중앙선,지평,36,63,99
202203,중앙선,팔당,1253,1387,2640
202203,중앙선,회기,17663,16817,34480
202203,1호선,동대문,6217,6468,12685
202203,1호선,동묘앞,6036,6379,12415
202203,1호선,서울역,19062,17541,36603
202203,1호선,시청,5256,5110,10366
202203,1호선,신설동,5423,5286,10709
202203,1호선,제기동,6855,6971,13826
202203,1호선,종각,8788,8130,16918
202203,1호선,종로3가,9993,8862,18855
202203,1호선,종로5가,6616,6774,13390
202203,1호선,청량리,9384,9600,18984
202203,2호선,강남,27954,26977,54931
202203,2호선,강변,15330,15765,31095
202203,2호선,건대입구,20349,21118,41467
202203,2호선,교대,8610,9344,17954
202203,2호선,구로디지털단지,18327,17857,36184
202203,2호선,구의,9162,9281,18443
202203,2호선,낙성대,12272,12868,25140
202203,2호선,당산,6481,6757,13238
202203,2호선,대림,11236,11351,22587
202203,2호선,도림천,344,342,686
202203,2호선,동대문역사문화공원,5692,6770,12462
202203,2호선,뚝섬,6873,7218,14091
202203,2호선,문래,5872,6142,12014
202203,2호선,방배,5372,5754,11126
202203,2호선,봉천,9706,9391,19097
202203,2호선,사당,15911,17879,33790
202203,2호선,삼성,19168,18861,38029
202203,2호선,상왕십리,5411,5251,10662
202203,2호선,서울대입구,21325,22065,43390
202203,2호선,서초,9062,8338,17400
202203,2호선,선릉,11581,9840,21421
202203,2호선,성수,10013,10987,21000
202203,2호선,시청,4074,3288,7362
202203,2호선,신답,579,603,1182
202203,2호선,신당,5815,6145,11960
202203,2호선,신대방,12011,11796,23807
202203,2호선,신도림,21606,22079,43685
202203,2호선,신림,30308,29724,60032
202203,2호선,신설동,1934,2130,4064
202203,2호선,신정네거리,3852,3835,7687
202203,2호선,신촌,17758,17048,34806
202203,2호선,아현,4078,4052,8130
202203,2호선,양천구청,2456,2501,4957
202203,2호선,역삼,9674,10423,20097
202203,2호선,영등포구청,6362,6620,12982
202203,2호선,왕십리,7376,6598,13974
202203,2호선,용답,1330,1308,2638
202203,2호선,용두,833,833,1666
202203,2호선,을지로3가,6191,5653,11844
202203,2호선,을지로4가,2527,2429,4956
202203,2호선,을지로입구,11690,11060,22750
202203,2호선,이대,5631,6358,11989
202203,2호선,잠실,38772,36676,75448
202203,2호선,잠실나루,3820,3969,7789
202203,2호선,잠실새내,9000,9094,18094
202203,2호선,종합운동장,16391,17332,33723
202203,2호선,충정로,2884,3209,6093
202203,2호선,한양대,1835,2104,3939
202203,2호선,합정,15869,16535,32404
202203,2호선,홍대입구,36287,35864,72151
202203,3호선,가락시장,2601,2926,5527
202203,3호선,경복궁,7022,7230,14252
202203,3호선,경찰병원,2048,2103,4151
202203,3호선,고속터미널,30023,29525,59548
202203,3호선,교대,3446,2236,5682
202203,3호선,구파발,8093,7975,16068
202203,3호선,금호,3071,3021,6092
202203,3호선,남부터미널,11086,12178,23264
202203,3호선,녹번,5621,5025,10646
202203,3호선,대청,3261,3171,6432
202203,3호선,대치,5188,4438,9626
202203,3호선,도곡,1399,1431,2830
202203,3호선,독립문,3148,3280,6428
202203,3호선,동대입구,3520,3673,7193
202203,3호선,매봉,3136,3073,6209
202203,3호선,무악재,1304,1340,2644
202203,3호선,불광,6776,7560,14336
202203,3호선,수서,8312,8067,16379
202203,3호선,신사,11008,10902,21910
202203,3호선,안국,6938,7557,14495
202203,3호선,압구정,10539,10971,21510
202203,3호선,약수,4966,4836,9802
202203,3호선,양재,10167,11891,22058
202203,3호선,연신내,15638,15194,30832
202203,3호선,오금,1928,1922,3850
202203,3호선,옥수,3513,3685,7198
202203,3호선,을지로3가,2426,2134,4560
202203,3호선,일원,2651,2760,5411
202203,3호선,잠원,1617,1571,3188
202203,3호선,종로3가,2870,3668,6538
202203,3호선,지축,1604,1557,3161
202203,3호선,학여울,670,664,1334
202203,3호선,홍제,6923,6593,13516
202203,4호선,길음,8113,7961,16074
202203,4호선,남태령,672,543,1215
202203,4호선,노원,8942,9869,18811
202203,4호선,당고개,5558,5318,10876
202203,4호선,동대문,4699,5208,9907
202203,4호선,동대문역사문화공원,6860,6416,13276
202203,4호선,동작,998,1124,2122
202203,4호선,명동,7827,7526,15353
202203,4호선,미아,6123,5852,11975
202203,4호선,미아사거리,12222,11513,23735
202203,4호선,사당,11102,10312,21414
202203,4호선,삼각지,2043,2525,4568
202203,4호선,상계,7736,7296,15032
202203,4호선,서울역,3159,7026,10185
202203,4호선,성신여대입구,10020,9548,19568
202203,4호선,수유,15766,15360,31126
202203,4호선,숙대입구,5617,5572,11189
202203,4호선,신용산,6084,6153,12237
202203,4호선,쌍문,12342,11214,23556
202203,4호선,이촌,3271,3631,6902
202203,4호선,창동,12992,13227,26219
202203,4호선,총신대입구,7836,8511,16347
202203,4호선,충무로,6490,6804,13294
202203,4호선,한성대입구,5689,5829,11518
202203,4호선,혜화,16226,16964,33190
202203,4호선,회현,6364,6804,13168
202203,5호선,강동,6887,6925,13812
202203,5호선,강일,1461,1453,2914
202203,5호선,개롱,2163,2408,4571
202203,5호선,개화산,2161,2114,4275
202203,5호선,거여,3668,3548,7216
202203,5호선,고덕,3098,3058,6156
202203,5호선,공덕,3506,3437,6943
202203,5호선,광나루,5898,5653,11551
202203,5호선,광화문,8077,8164,16241
202203,5호선,군자,4540,5089,9629
202203,5호선,굽은다리,3928,3688,7616
202203,5호선,길동,3259,3320,6579
202203,5호선,김포공항,5493,5357,10850
202203,5호선,까치산,12117,11918,24035
202203,5호선,답십리,5540,5261,10801
202203,5호선,동대문역사문화공원,596,695,1291
202203,5호선,둔촌동,3449,3425,6874
202203,5호선,마곡,2783,3050,5833
202203,5호선,마장,2195,2109,4304
202203,5호선,마천,2578,2691,5269
202203,5호선,마포,3632,3550,7182
202203,5호선,명일,3354,3402,6756
202203,5호선,목동,5825,5901,11726
202203,5호선,미사,6413,6337,12750
202203,5호선,발산,7382,7582,14964
202203,5호선,방이,3037,2832,5869
202203,5호선,방화,2748,2671,5419
202203,5호선,상일동,4759,4551,9310
202203,5호선,서대문,3941,3819,7760
202203,5호선,송정,2752,2835,5587
202203,5호선,신금호,2193,2291,4484
202203,5호선,신길,1479,1692,3171
202203,5호선,신정,4993,4366,9359
202203,5호선,아차산,6914,6800,13714
202203,5호선,애오개,1979,2058,4037
202203,5호선,양평,2032,2006,4038
202203,5호선,여의나루,4746,5809,10555
202203,5호선,여의도,6372,6623,12995
202203,5호선,영등포구청,1001,1018,2019
202203,5호선,영등포시장,4263,4476,8739
202203,5호선,오금,1106,1053,2159
202203,5호선,오목교,9099,9064,18163
202203,5호선,올림픽공원,1518,1443,2961
202203,5호선,왕십리,1836,2224,4060
202203,5호선,우장산,5158,5221,10379
202203,5호선,을지로4가,1151,1175,2326
202203,5호선,장한평,6060,5896,11956
202203,5호선,종로3가,6067,5458,11525
202203,5호선,천호,9738,8979,18717
202203,5호선,청구,1322,1225,2547
202203,5호선,충정로,1122,1080,2202
202203,5호선,하남검단산,2851,2908,5759
202203,5호선,하남시청,2776,2804,5580
202203,5호선,하남풍산,1526,1570,3096
202203,5호선,행당,3007,2771,5778
202203,5호선,화곡,10884,10458,21342
202203,6호선,고려대,3251,3306,6557
202203,6호선,공덕,5076,4721,9797
202203,6호선,광흥창,3195,3020,6215
202203,6호선,구산,2889,2145,5034
202203,6호선,녹사평,2671,2637,5308
202203,6호선,대흥,3145,3210,6355
202203,6호선,독바위,1052,1212,2264
202203,6호선,돌곶이,3986,3751,7737
202203,6호선,동묘앞,3580,3718,7298
202203,6호선,디지털미디어시티,3691,3976,7667
202203,6호선,마포구청,5225,4856,10081
202203,6호선,망원,7321,7852,15173
202203,6호선,버티고개,747,818,1565
202203,6호선,보문,3062,2933,5995
202203,6호선,봉화산,2846,2794,5640
202203,6호선,불광,2117,1836,3953
202203,6호선,삼각지,2593,2193,4786
202203,6호선,상수,4790,5630,10420
202203,6호선,상월곡,2487,2334,4821
202203,6호선,새절,4719,4551,9270
202203,6호선,석계,4854,5146,10000
202203,6호선,신당,2563,3130,5693
202203,6호선,안암,4347,4911,9258
202203,6호선,약수,1224,1221,2445
202203,6호선,역촌,1634,1874,3508
202203,6호선,연신내,1,0,1
202203,6호선,월곡,4227,4028,8255
202203,6호선,월드컵경기장,1992,1888,3880
202203,6호선,응암,6922,7022,13944
202203,6호선,이태원,6904,6415,13319
202203,6호선,증산,4078,4148,8226
202203,6호선,창신,1223,1129,2352
202203,6호선,청구,1302,1304,2606
202203,6호선,태릉입구,2362,2540,4902
202203,6호선,한강진,4903,5523,10426
202203,6호선,합정,6940,6226,13166
202203,6호선,화랑대,3733,3170,6903
202203,6호선,효창공원앞,2475,2278,4753
202203,7호선,가산디지털단지,8107,7558,15665
202203,7호선,강남구청,4505,4731,9236
202203,7호선,건대입구,5711,5929,11640
202203,7호선,고속터미널,9146,6267,15413
202203,7호선,공릉,4852,5029,9881
202203,7호선,광명사거리,9597,9413,19010
202203,7호선,군자,5749,4605,10354
202203,7호선,남구로,5131,4877,10008
202203,7호선,남성,4177,4192,8369
202203,7호선,내방,4098,4263,8361
202203,7호선,노원,8504,8400,16904
202203,7호선,논현,4803,5112,9915
202203,7호선,대림,4924,4622,9546
202203,7호선,도봉산,3336,4422,7758
202203,7호선,뚝섬유원지,3582,3375,6957
202203,7호선,마들,4460,4248,8708
202203,7호선,먹골,4424,4299,8723
202203,7호선,면목,6109,6055,12164
202203,7호선,반포,2082,2112,4194
202203,7호선,보라매,3248,3247,6495
202203,7호선,사가정,6501,6569,13070
202203,7호선,상도,4179,4271,8450
202203,7호선,상봉,6772,6387,13159
202203,7호선,수락산,5499,5271,10770
202203,7호선,숭실대입구,4334,4719,9053
202203,7호선,신대방삼거리,6382,6359,12741
202203,7호선,신풍,4457,4305,8762
202203,7호선,어린이대공원,5458,5587,11045
202203,7호선,온수,3035,3054,6089
202203,7호선,용마산,2404,2411,4815
202203,7호선,이수,6393,5953,12346
202203,7호선,장승배기,3380,3329,6709
202203,7호선,장암,734,426,1160
202203,7호선,중계,5002,4609,9611
202203,7호선,중곡,4043,3891,7934
202203,7호선,중화,4186,4133,8319
202203,7호선,천왕,3890,3643,7533
202203,7호선,철산,7725,7578,15303
202203,7호선,청담,5143,5444,10587
202203,7호선,태릉입구,3616,3508,7124
202203,7호선,하계,6974,6552,13526
202203,7호선,학동,5258,5677,10935
202203,8호선,가락시장,2391,2992,5383
202203,8호선,강동구청,3487,3490,6977
202203,8호선,남위례,1569,1665,3234
202203,8호선,남한산성입구,5068,4712,9780
202203,8호선,단대오거리,4134,4157,8291
202203,8호선,모란,1877,1665,3542
202203,8호선,몽촌토성,2434,2389,4823
202203,8호선,문정,4626,4768,9394
202203,8호선,복정,3416,3270,6686
202203,8호선,산성,2070,2097,4167
202203,8호선,석촌,3336,4015,7351
202203,8호선,송파,2685,2836,5521
202203,8호선,수진,2325,2083,4408
202203,8호선,신흥,1944,2116,4060
202203,8호선,암사,6762,6309,13071
202203,8호선,잠실,7696,8798,16494
202203,8호선,장지,6934,7268,14202
202203,8호선,천호,6752,7867,14619
202203,9호선,가양,7598,7248,14846
202203,9호선,개화,789,799,1588
202203,9호선,고속터미널,7539,10986,18525
202203,9호선,공항시장,1332,1510,2842
202203,9호선,구반포,373,339,712
202203,9호선,국회의사당,3411,3264,6675
202203,9호선,김포공항,5945,8768,14713
202203,9호선,노들,1993,1732,3725
202203,9호선,노량진,11530,12065,23595
202203,9호선,당산,6951,6763,13714
202203,9호선,동작,1724,1265,2989
202203,9호선,등촌,3811,3897,7708
202203,9호선,마곡나루,4343,4325,8668
202203,9호선,사평,1151,1256,2407
202203,9호선,샛강,1193,1416,2609
202203,9호선,선유도,2084,1975,4059
202203,9호선,신논현,12443,12028,24471
202203,9호선,신목동,1240,1143,2383
202203,9호선,신반포,1198,1341,2539
202203,9호선,신방화,2602,2594,5196
202203,9호선,양천향교,3106,3289,6395
202203,9호선,여의도,7449,6703,14152
202203,9호선,염창,6537,6449,12986
202203,9호선,증미,1795,1903,3698
202203,9호선,흑석,3106,3270,6376
202203,9호선2~3단계,둔촌오륜,358,398,756
202203,9호선2~3단계,봉은사,7122,7397,14519
202203,9호선2~3단계,삼성중앙,1589,1677,3266
202203,9호선2~3단계,삼전,2890,2840,5730
202203,9호선2~3단계,석촌,3771,3234,7005
202203,9호선2~3단계,석촌고분,2390,2449,4839
202203,9호선2~3단계,선정릉,2402,2596,4998
202203,9호선2~3단계,송파나루,2548,2705,5253
202203,9호선2~3단계,언주,2954,2953,5907
202203,9호선2~3단계,올림픽공원,3286,3192,6478
202203,9호선2~3단계,종합운동장,2019,1748,3767
202203,9호선2~3단계,중앙보훈병원,2391,2414,4805
202203,9호선2~3단계,한성백제,1006,912,1918
202203,경강선,경기광주,2805,2751,5556
202203,경강선,곤지암,1112,1214,2326
202203,경강선,부발,1121,1753,2874
202203,경강선,삼동,734,747,1481
202203,경강선,세종대왕릉,175,134,309
202203,경강선,신둔도예촌,679,653,1332
202203,경강선,여주,1379,1517,2896
202203,경강선,이매,473,359,832
202203,경강선,이천,1516,1649,3165
202203,경강선,초월,1160,1152,2312
202203,경강선,판교,1937,1692,3629
202203,경부선,가산디지털단지,3668,5025,8693
202203,경부선,관악,3112,2865,5977
202203,경부선,광명,1926,1390,3316
202203,경부선,구로,7481,7616,15097
202203,경부선,군포,2317,2190,4507
202203,경부선,금정,10366,10536,20902
202203,경부선,금천구청,4632,4429,9061
202203,경부선,남영,3130,3465,6595
202203,경부선,노량진,3994,3797,7791
202203,경부선,당정,2195,2187,4382
202203,경부선,대방,4297,4680,8977
202203,경부선,독산,4617,4563,9180
202203,경부선,두정,3233,4382,7615
202203,경부선,명학,2538,2488,5026
202203,경부선,병점,6869,7345,14214
202203,경부선,서동탄,527,554,1081
202203,경부선,서울역,5476,1341,6817
202203,경부선,서정리,3319,4781,8100
202203,경부선,석수,3403,3139,6542
202203,경부선,성균관대,5914,6484,12398
202203,경부선,성환,1732,2385,4117
202203,경부선,세류,1399,1414,2813
202203,경부선,세마,1213,1133,2346
202203,경부선,송탄,2668,3148,5816
202203,경부선,수원,24646,23345,47991
202203,경부선,신길,3551,3066,6617
202203,경부선,신도림,1914,1658,3572
202203,경부선,안양,9893,9555,19448
202203,경부선,영등포,25242,24219,49461
202203,경부선,오산,5745,6068,11813
202203,경부선,오산대,1516,1510,3026
202203,경부선,용산,23098,21309,44407
202203,경부선,의왕,3043,3183,6226
202203,경부선,직산,347,409,756
202203,경부선,진위,643,639,1282
202203,경부선,천안,4460,4566,9026
202203,경부선,평택,8356,8797,17153
202203,경부선,평택지제,2035,1714,3749
202203,경부선,화서,2824,2720,5544
202203,경원선,가능,2865,2760,5625
202203,경원선,광운대,3136,3442,6578
202203,경원선,녹양,1997,1907,3904
202203,경원선,녹천,1851,1580,3431
202203,경원선,덕계,1211,1175,2386
202203,경원선,덕정,2173,2412,4585
202203,경원선,도봉,2501,2330,4831
202203,경원선,도봉산,4353,3054,7407
202203,경원선,동두천,966,1209,2175
202203,경원선,동두천중앙,1535,1412,2947
202203,경원선,망월사,3176,3339,6515
202203,경원선,방학,4509,4292,8801
202203,경원선,보산,1097,1065,2162
202203,경원선,서빙고,988,976,1964
202203,경원선,석계,3712,4048,7760
202203,경원선,소요산,1905,1563,3468
202203,경원선,신이문,3555,3329,6884
202203,경원선,양주,3522,3444,6966
202203,경원선,옥수,34,5,39
202203,경원선,왕십리,6926,7730,14656
202203,경원선,외대앞,3815,3868,7683
202203,경원선,월계,2702,2499,5201
202203,경원선,응봉,704,667,1371
202203,경원선,의정부,10982,10971,21953
202203,경원선,이촌,1564,1196,2760
202203,경원선,지행,3325,3358,6683
202203,경원선,청량리,9925,9224,19149
202203,경원선,한남,1385,1399,2784
202203,경원선,회룡,5399,5200,10599
202203,경의선,가좌,2135,2172,4307
202203,경의선,강매,1097,1035,2132
202203,경의선,곡산,204,208,412
202203,경의선,공덕,1418,1015,2433
202203,경의선,금릉,2098,2023,4121
202203,경의선,금촌,3071,3302,6373
202203,경의선,능곡,1696,1610,3306
202203,경의선,디지털미디어시티,978,904,1882
202203,경의선,문산,2497,2478,4975
202203,경의선,백마,2636,2416,5052
202203,경의선,서강대,1024,1037,2061
202203,경의선,서울역,790,703,1493
202203,경의선,수색,689,756,1445
202203,경의선,신촌,190,208,398
202203,경의선,야당,3609,3378,6987
202203,경의선,운정,2772,2674,5446
202203,경의선,월롱,787,1747,2534
202203,경의선,일산,4136,3848,7984
202203,경의선,임진강,13,11,24
202203,경의선,탄현,3176,2922,6098
202203,경의선,파주,478,424,902
202203,경의선,풍산,2745,2488,5233
202203,경의선,행신,3450,3182,6632
202203,경의선,홍대입구,1254,1456,2710
202203,경의선,화전,604,658,1262
202203,경의선,효창공원앞,1000,1092,2092
202203,경인선,간석,2417,2287,4704
202203,경인선,개봉,8766,8464,17230
202203,경인선,구일,2253,2292,4545
202203,경인선,도원,1882,1950,3832
202203,경인선,도화,1852,1714,3566
202203,경인선,동암,7244,7080,14324
202203,경인선,동인천,7026,6704,13730
202203,경인선,백운,2897,2836,5733
202203,경인선,부개,3496,3277,6773
202203,경인선,부천,16697,16098,32795
202203,경인선,부평,17438,17519,34957
202203,경인선,소사,4072,3917,7989
202203,경인선,송내,9833,9433,19266
202203,경인선,역곡,11041,11040,22081
202203,경인선,오류동,5421,4959,10380
202203,경인선,온수,2733,2623,5356
202203,경인선,인천,2276,1824,4100
202203,경인선,제물포,4173,4051,8224
202203,경인선,주안,9235,8146,17381
202203,경인선,중동,3944,3590,7534
202203,경춘선,가평,908,727,1635
202203,경춘선,갈매,1011,910,1921
202203,경춘선,강촌,243,245,488
202203,경춘선,굴봉산,99,86,185
202203,경춘선,금곡,597,547,1144
202203,경춘선,김유정,189,159,348
202203,경춘선,남춘천,1514,2072,3586
202203,경춘선,대성리,347,205,552
202203,경춘선,마석,1816,1718,3534
202203,경춘선,백양리,68,54,122
202203,경춘선,별내,1371,1241,2612
202203,경춘선,사릉,1232,1138,2370
202203,경춘선,상천,134,124,258
202203,경춘선,신내,680,636,1316
202203,경춘선,천마산,739,684,1423
202203,경춘선,청평,951,744,1695
202203,경춘선,춘천,784,946,1730
202203,경춘선,퇴계원,1495,1315,2810
202203,경춘선,평내호평,2240,2170,4410
202203,공항철도 1호선,검암,2723,2689,5412
202203,공항철도 1호선,계양,4028,3963,7991
202203,공항철도 1호선,공덕,903,1312,2215
202203,공항철도 1호선,공항화물청사,953,944,1897
202203,공항철도 1호선,김포공항,9883,4753,14636
202203,공항철도 1호선,디지털미디어시티,2761,2734,5495
202203,공항철도 1호선,마곡나루,1726,1877,3603
202203,공항철도 1호선,서울역,5563,5228,10791
202203,공항철도 1호선,영종,1781,1700,3481
202203,공항철도 1호선,운서,4027,4274,8301
202203,공항철도 1호선,인천공항1터미널,2779,2837,5616
202203,공항철도 1호선,인천공항2터미널,1637,1588,3225
202203,공항철도 1호선,청라국제도시,2452,2202,4654
202203,공항철도 1호선,홍대입구,7190,6692,13882
202203,과천선,경마공원,8423,8592,17015
202203,과천선,과천,2506,2302,4808
202203,과천선,대공원,1647,1652,3299
202203,과천선,범계,11052,10584,21636
202203,과천선,선바위,2903,2661,5564
202203,과천선,인덕원,8639,8713,17352
202203,과천선,정부과천청사,3072,3125,6197
202203,과천선,평촌,4770,4582,9352
202203,분당선,가천대,3162,3839,7001
202203,분당선,강남구청,2728,3160,5888
202203,분당선,개포동,1362,1415,2777
202203,분당선,구룡,644,779,1423
202203,분당선,구성,1722,1862,3584
202203,분당선,기흥,3682,3469,7151
202203,분당선,대모산입구,1612,1498,3110
202203,분당선,도곡,1939,1996,3935
202203,분당선,망포,4849,4981,9830
202203,분당선,매교,976,978,1954
202203,분당선,매탄권선,1855,1754,3609
202203,분당선,모란,8424,8772,17196
202203,분당선,미금,5593,5938,11531
202203,분당선,보정,810,763,1573
202203,분당선,복정,1,0,1
202203,분당선,상갈,2108,2158,4266
202203,분당선,서울숲,3737,3870,7607
202203,분당선,서현,11714,11618,23332
202203,분당선,선릉,2280,3521,5801
202203,분당선,선정릉,1637,1695,3332
202203,분당선,수내,4845,4686,9531
202203,분당선,수서,7304,6901,14205
202203,분당선,수원,4404,3714,8118
202203,분당선,수원시청,5653,5586,11239
202203,분당선,신갈,1399,1412,2811
202203,분당선,압구정로데오,8250,9042,17292
202203,분당선,야탑,10406,10561,20967
202203,분당선,영통,3765,3851,7616
202203,분당선,오리,4119,3577,7696
202203,분당선,이매,2258,2316,4574
202203,분당선,정자,5910,6082,11992
202203,분당선,죽전,5526,6480,12006
202203,분당선,청명,1498,1517,3015
202203,분당선,태평,6333,5990,12323
202203,분당선,한티,7046,6697,13743
202203,수인선,고색,1622,1657,3279
202203,수인선,남동인더스파크,460,505,965
202203,수인선,달월,26,29,55
202203,수인선,사리,1925,1621,3546
202203,수인선,소래포구,2869,2743,5612
202203,수인선,송도,1166,1099,2265
202203,수인선,숭의,1587,1495,3082
202203,수인선,신포,885,812,1697
202203,수인선,야목,145,127,272
202203,수인선,어천,362,447,809
202203,수인선,연수,2606,2583,5189
202203,수인선,오목천,1083,1144,2227
202203,수인선,원인재,2176,2329,4505
202203,수인선,월곶,1260,1153,2413
202203,수인선,인천,633,1018,1651
202203,수인선,인천논현,2259,2331,4590
202203,수인선,인하대,2478,2493,4971
202203,수인선,호구포,1487,1521,3008
202203,안산선,고잔,3358,3158,6516
202203,안산선,대야미,1998,1971,3969
202203,안산선,반월,1830,1906,3736
202203,안산선,산본,6563,6901,13464
202203,안산선,상록수,6908,6897,13805
202203,안산선,수리산,1538,1353,2891
202203,안산선,신길온천,859,791,1650
202203,안산선,안산,7170,6632,13802
202203,안산선,오이도,3963,3795,7758
202203,안산선,정왕,4119,4771,8890
202203,안산선,중앙,8827,8790,17617
202203,안산선,초지,1661,1589,3250
202203,안산선,한대앞,4074,4129,8203
202203,우이신설선,4.19민주묘지,1380,1259,2639
202203,우이신설선,가오리,1716,1685,3401
202203,우이신설선,보문,705,732,1437
202203,우이신설선,북한산보국문,2965,2784,5749
202203,우이신설선,북한산우이,1685,1694,3379
202203,우이신설선,삼양,869,868,1737
202203,우이신설선,삼양사거리,1144,1117,2261
202203,우이신설선,성신여대입구,1759,1991,3750
202203,우이신설선,솔밭공원,1051,1062,2113
202203,우이신설선,솔샘,2173,1950,4123
202203,우이신설선,신설동,848,827,1675
202203,우이신설선,정릉,2044,1685,3729
202203,우이신설선,화계,1656,1491,3147
202203,일산선,대곡,748,670,1418
202203,일산선,대화,5026,4678,9704
202203,일산선,마두,2587,2622,5209
202203,일산선,백석,4159,4078,8237
202203,일산선,삼송,8248,7986,16234
202203,일산선,원당,4589,4487,9076
202203,일산선,원흥,3938,3946,7884
202203,일산선,정발산,3991,3989,7980
202203,일산선,주엽,3388,3269,6657
202203,일산선,화정,7068,7161,14229
202203,장항선,배방,576,760,1336
202203,장항선,봉명,400,425,825
202203,장항선,신창,741,1728,2469
202203,장항선,쌍용,912,1055,1967
202203,장항선,아산,2728,1780,4508
202203,장항선,온양온천,2310,2388,4698
202203,장항선,탕정,325,379,704
202203,중앙선,구리,5287,5467,10754
202203,중앙선,국수,317,289,606
202203,중앙선,덕소,2291,2265,4556
202203,중앙선,도농,3525,3448,6973
202203,중앙선,도심,820,694,1514
202203,중앙선,망우,3556,3382,6938
202203,중앙선,상봉,2643,2620,5263
202203,중앙선,신원,100,69,169
202203,중앙선,아신,326,316,642
202203,중앙선,양수,1046,919,1965
202203,중앙선,양원,910,901,1811
202203,중앙선,양정,257,228,485
202203,중앙선,양평,1861,1746,3607
202203,중앙선,오빈,142,121,263
202203,중앙선,용문,1048,917,1965
202203,중앙선,운길산,526,476,1002
202203,중앙선,원덕,177,168,345
202203,중앙선,중랑,2495,2502,4997
202203,중앙선,지평,32,16,48
202203,중앙선,팔당,689,697,1386
202203,중앙선,회기,12204,12430,24634
202203,1호선,동대문,7852,7046,14898
202203,1호선,동묘앞,5730,6102,11832
202203,1호선,서울역,22028,22382,44410
202203,1호선,시청,8001,8112,16113
202203,1호선,신설동,7213,6677,13890
202203,1호선,제기동,10862,10995,21857
202203,1호선,종각,14555,13614,28169
202203,1호선,종로3가,16362,15486,31848
202203,1호선,종로5가,14347,14612,28959
202203,1호선,청량리,13184,13369,26553
202203,2호선,강남,51456,51069,102525
202203,2호선,강변,19432,19275,38707
202203,2호선,건대입구,28620,30414,59034
202203,2호선,교대,14228,15874,30102
202203,2호선,구로디지털단지,27608,27153,54761
202203,2호선,구의,13673,13160,26833
202203,2호선,낙성대,17539,16283,33822
202203,2호선,당산,9526,10639,20165
202203,2호선,대림,13908,14797,28705
202203,2호선,도림천,726,716,1442
202203,2호선,동대문역사문화공원,8927,9990,18917
202203,2호선,뚝섬,10571,10631,21202
202203,2호선,문래,10716,11261,21977
202203,2호선,방배,8432,8802,17234
202203,2호선,봉천,14091,12753,26844
202203,2호선,사당,23776,26059,49835
202203,2호선,삼성,26347,26375,52722
202203,2호선,상왕십리,8188,7736,15924
202203,2호선,서울대입구,30506,29775,60281
202203,2호선,서초,9111,7744,16855
202203,2호선,선릉,20316,18025,38341
202203,2호선,성수,16564,18416,34980
202203,2호선,시청,6288,5658,11946
202203,2호선,신답,876,898,1774
202203,2호선,신당,8706,8955,17661
202203,2호선,신대방,16036,15528,31564
202203,2호선,신도림,32294,33373,65667
202203,2호선,신림,41725,40009,81734
202203,2호선,신설동,2376,2592,4968
202203,2호선,신정네거리,5534,5679,11213
202203,2호선,신촌,25213,24688,49901
202203,2호선,아현,5880,5586,11466
202203,2호선,양천구청,3375,3505,6880
202203,2호선,역삼,15725,17095,32820
202203,2호선,영등포구청,10568,10976,21544
202203,2호선,왕십리,11047,9934,20981
202203,2호선,용답,1793,1733,3526
202203,2호선,용두,1363,1323,2686
202203,2호선,을지로3가,8486,8634,17120
202203,2호선,을지로4가,5678,5887,11565
202203,2호선,을지로입구,15765,16156,31921
202203,2호선,이대,8791,9014,17805
202203,2호선,잠실,47749,45808,93557
202203,2호선,잠실나루,5761,5669,11430
202203,2호선,잠실새내,13493,13981,27474
202203,2호선,종합운동장,4075,4493,8568
202203,2호선,충정로,4486,4713,9199
202203,2호선,한양대,4475,4684,9159
202203,2호선,합정,23146,25240,48386
202203,2호선,홍대입구,51712,55494,107206
202203,3호선,가락시장,4649,4361,9010
202203,3호선,경복궁,10418,10500,20918
202203,3호선,경찰병원,3273,3140,6413
202203,3호선,고속터미널,37079,36866,73945
202203,3호선,교대,5677,3519,9196
202203,3호선,구파발,11133,11041,22174
202203,3호선,금호,4547,4227,8774
202203,3호선,남부터미널,16157,15799,31956
202203,3호선,녹번,8148,7260,15408
202203,3호선,대청,4759,4393,9152
202203,3호선,대치,8082,7153,15235
202203,3호선,도곡,2540,2634,5174
202203,3호선,독립문,4064,4270,8334
202203,3호선,동대입구,4989,5298,10287
202203,3호선,매봉,4882,4744,9626
202203,3호선,무악재,2073,2075,4148
202203,3호선,불광,9619,10477,20096
202203,3호선,수서,10650,10518,21168
202203,3호선,신사,21862,22911,44773
202203,3호선,안국,10481,11869,22350
202203,3호선,압구정,20339,21456,41795
202203,3호선,약수,7062,6789,13851
202203,3호선,양재,16388,17790,34178
202203,3호선,연신내,22787,22118,44905
202203,3호선,오금,2932,2824,5756
202203,3호선,옥수,5239,5332,10571
202203,3호선,을지로3가,4009,4223,8232
202203,3호선,일원,3781,3731,7512
202203,3호선,잠원,2749,2644,5393
202203,3호선,종로3가,4812,6390,11202
202203,3호선,지축,2427,2262,4689
202203,3호선,학여울,2600,2869,5469
202203,3호선,홍제,10163,9498,19661
202203,4호선,길음,11462,11042,22504
202203,4호선,남태령,638,447,1085
202203,4호선,노원,14078,15454,29532
202203,4호선,당고개,6631,6378,13009
202203,4호선,동대문,10041,10391,20432
202203,4호선,동대문역사문화공원,9666,8650,18316
202203,4호선,동작,741,837,1578
202203,4호선,명동,10179,11628,21807
202203,4호선,미아,8528,8122,16650
202203,4호선,미아사거리,17502,16725,34227
202203,4호선,사당,16094,13901,29995
202203,4호선,삼각지,2686,3692,6378
202203,4호선,상계,11429,10782,22211
202203,4호선,서울역,4443,9288,13731
202203,4호선,성신여대입구,13745,13003,26748
202203,4호선,수유,21909,21486,43395
202203,4호선,숙대입구,7560,7404,14964
202203,4호선,신용산,7945,8565,16510
202203,4호선,쌍문,17137,15504,32641
202203,4호선,이촌,4706,5017,9723
202203,4호선,창동,16256,17059,33315
202203,4호선,총신대입구,10856,11967,22823
202203,4호선,충무로,10459,10924,21383
202203,4호선,한성대입구,8355,8043,16398
202203,4호선,혜화,21476,21882,43358
202203,4호선,회현,12831,13534,26365
202203,5호선,강동,10266,9776,20042
202203,5호선,강일,2118,1960,4078
202203,5호선,개롱,3259,3404,6663
202203,5호선,개화산,2967,2889,5856
202203,5호선,거여,5032,4848,9880
202203,5호선,고덕,4943,4895,9838
202203,5호선,공덕,5594,5657,11251
202203,5호선,광나루,7030,6386,13416
202203,5호선,광화문,10679,11271,21950
202203,5호선,군자,6782,7560,14342
202203,5호선,굽은다리,5619,5261,10880
202203,5호선,길동,5036,5286,10322
202203,5호선,김포공항,6054,6120,12174
202203,5호선,까치산,16890,16253,33143
202203,5호선,답십리,8402,7808,16210
202203,5호선,동대문역사문화공원,883,1142,2025
202203,5호선,둔촌동,5171,5004,10175
202203,5호선,마곡,4386,4447,8833
202203,5호선,마장,3078,2918,5996
202203,5호선,마천,3698,3801,7499
202203,5호선,마포,6099,6171,12270
202203,5호선,명일,4771,4759,9530
202203,5호선,목동,8958,8908,17866
202203,5호선,미사,9577,9466,19043
202203,5호선,발산,11699,12258,23957
202203,5호선,방이,4373,4295,8668
202203,5호선,방화,3534,3391,6925
202203,5호선,상일동,7238,6751,13989
202203,5호선,서대문,5699,5283,10982
202203,5호선,송정,3942,3762,7704
202203,5호선,신금호,3293,3280,6573
202203,5호선,신길,2186,2208,4394
202203,5호선,신정,7274,6217,13491
202203,5호선,아차산,9100,8722,17822
202203,5호선,애오개,2957,2838,5795
202203,5호선,양평,3124,2961,6085
202203,5호선,여의나루,5427,7100,12527
202203,5호선,여의도,9862,10341,20203
202203,5호선,영등포구청,1586,1583,3169
202203,5호선,영등포시장,6625,6891,13516
202203,5호선,오금,1739,1593,3332
202203,5호선,오목교,13649,13797,27446
202203,5호선,올림픽공원,2115,1951,4066
202203,5호선,왕십리,2854,3263,6117
202203,5호선,우장산,7842,7830,15672
202203,5호선,을지로4가,2531,2878,5409
202203,5호선,장한평,8997,8898,17895
202203,5호선,종로3가,9293,9510,18803
202203,5호선,천호,13525,12708,26233
202203,5호선,청구,2086,1971,4057
202203,5호선,충정로,1592,1393,2985
202203,5호선,하남검단산,3615,3590,7205
202203,5호선,하남시청,4408,4311,8719
202203,5호선,하남풍산,2083,2206,4289
202203,5호선,행당,4037,3527,7564
202203,5호선,화곡,16039,14846,30885
202203,6호선,고려대,4392,4195,8587
202203,6호선,공덕,8005,7654,15659
202203,6호선,광흥창,4269,3998,8267
202203,6호선,구산,4346,3321,7667
202203,6호선,녹사평,3666,4005,7671
202203,6호선,대흥,4685,4732,9417
202203,6호선,독바위,1570,1679,3249
202203,6호선,돌곶이,4938,4495,9433
202203,6호선,동묘앞,5240,5319,10559
202203,6호선,디지털미디어시티,5506,5541,11047
202203,6호선,마포구청,7438,6848,14286
202203,6호선,망원,10107,11061,21168
202203,6호선,버티고개,1167,1182,2349
202203,6호선,보문,4258,3872,8130
202203,6호선,봉화산,4060,3944,8004
202203,6호선,불광,2955,2703,5658
202203,6호선,삼각지,4447,3578,8025
202203,6호선,상수,7526,8771,16297
202203,6호선,상월곡,3434,2971,6405
202203,6호선,새절,6853,6517,13370
202203,6호선,석계,6940,6803,13743
202203,6호선,신내,1,0,1
202203,6호선,신당,4742,4146,8888
202203,6호선,안암,6171,5798,11969
202203,6호선,약수,2036,2044,4080
202203,6호선,역촌,2218,2534,4752
202203,6호선,월곡,6047,6017,12064
202203,6호선,월드컵경기장,4760,4891,9651
202203,6호선,응암,10105,10035,20140
202203,6호선,이태원,11496,12042,23538
202203,6호선,증산,5789,5735,11524
202203,6호선,창신,1771,1532,3303
202203,6호선,청구,1977,2032,4009
202203,6호선,태릉입구,3457,3463,6920
202203,6호선,한강진,6415,7752,14167
202203,6호선,합정,10215,9644,19859
202203,6호선,화랑대,5240,4286,9526
202203,6호선,효창공원앞,3550,3205,6755
202203,7호선,가산디지털단지,11338,10427,21765
202203,7호선,강남구청,8392,9213,17605
202203,7호선,건대입구,8698,9099,17797
202203,7호선,고속터미널,10910,8099,19009
202203,7호선,공릉,7381,7153,14534
202203,7호선,광명사거리,13456,13328,26784
202203,7호선,군자,8541,6782,15323
202203,7호선,남구로,6764,6789,13553
202203,7호선,남성,6141,5682,11823
202203,7호선,내방,6387,6291,12678
202203,7호선,노원,13143,13334,26477
202203,7호선,논현,9266,10040,19306
202203,7호선,대림,5394,5819,11213
202203,7호선,도봉산,4232,5451,9683
202203,7호선,뚝섬유원지,4383,4270,8653
202203,7호선,마들,7087,6700,13787
202203,7호선,먹골,6798,6736,13534
202203,7호선,면목,8935,8692,17627
202203,7호선,반포,3547,3328,6875
202203,7호선,보라매,5077,4809,9886
202203,7호선,사가정,9596,9505,19101
202203,7호선,상도,6229,5729,11958
202203,7호선,상동,1,0,1
202203,7호선,상봉,10444,9846,20290
202203,7호선,수락산,7352,7157,14509
202203,7호선,숭실대입구,6822,6600,13422
202203,7호선,신대방삼거리,9340,8643,17983
202203,7호선,신풍,6477,6192,12669
202203,7호선,어린이대공원,7088,6862,13950
202203,7호선,온수,4288,4380,8668
202203,7호선,용마산,3429,3237,6666
202203,7호선,이수,9646,9001,18647
202203,7호선,장승배기,5397,5109,10506
202203,7호선,장암,934,599,1533
202203,7호선,중계,7198,6434,13632
202203,7호선,중곡,5653,5306,10959
202203,7호선,중화,6014,5898,11912
202203,7호선,천왕,5589,5254,10843
202203,7호선,철산,11572,11839,23411
202203,7호선,청담,9374,10138,19512
202203,7호선,태릉입구,5187,4736,9923
202203,7호선,하계,9928,9359,19287
202203,7호선,학동,9025,9375,18400
202203,8호선,가락시장,4452,4514,8966
202203,8호선,강동구청,4979,5028,10007
202203,8호선,남위례,2524,2674,5198
202203,8호선,남한산성입구,7484,6573,14057
202203,8호선,단대오거리,6263,6073,12336
202203,8호선,모란,3923,3311,7234
202203,8호선,몽촌토성,3251,3212,6463
202203,8호선,문정,7349,7382,14731
202203,8호선,복정,4888,4246,9134
202203,8호선,산성,3156,3137,6293
202203,8호선,석촌,4807,5678,10485
202203,8호선,송파,4264,4376,8640
202203,8호선,수진,3615,3299,6914
202203,8호선,신흥,2990,3142,6132
202203,8호선,암사,9968,9201,19169
202203,8호선,잠실,10181,11662,21843
202203,8호선,장지,10217,9677,19894
202203,8호선,천호,9763,11626,21389
202203,9호선,가양,10871,10296,21167
202203,9호선,개화,1007,906,1913
202203,9호선,고속터미널,9330,13078,22408
202203,9호선,공항시장,1924,1972,3896
202203,9호선,구반포,705,745,1450
202203,9호선,국회의사당,3949,3952,7901
202203,9호선,김포공항,6196,9614,15810
202203,9호선,노들,2464,2160,4624
202203,9호선,노량진,16694,16128,32822
202203,9호선,당산,10406,9616,20022
202203,9호선,동작,1182,993,2175
202203,9호선,등촌,5855,5581,11436
202203,9호선,마곡나루,6697,6446,13143
202203,9호선,사평,1728,1670,3398
202203,9호선,샛강,2029,1982,4011
202203,9호선,선유도,3113,2874,5987
202203,9호선,신논현,21101,21036,42137
202203,9호선,신목동,1707,1463,3170
202203,9호선,신반포,2007,1884,3891
202203,9호선,신방화,3789,3670,7459
202203,9호선,양천향교,4770,4706,9476
202203,9호선,여의도,10372,9879,20251
202203,9호선,염창,9437,8883,18320
202203,9호선,증미,3343,3273,6616
202203,9호선,흑석,4593,4559,9152
202203,9호선2~3단계,둔촌오륜,472,507,979
202203,9호선2~3단계,봉은사,9745,10455,20200
202203,9호선2~3단계,삼성중앙,2531,2689,5220
202203,9호선2~3단계,삼전,4104,3838,7942
202203,9호선2~3단계,석촌,5234,4332,9566
202203,9호선2~3단계,석촌고분,3490,3277,6767
202203,9호선2~3단계,선정릉,3869,4295,8164
202203,9호선2~3단계,송파나루,3472,3724,7196
202203,9호선2~3단계,언주,5106,5027,10133
202203,9호선2~3단계,올림픽공원,4643,4610,9253
202203,9호선2~3단계,종합운동장,2659,2420,5079
202203,9호선2~3단계,중앙보훈병원,3644,3317,6961
202203,9호선2~3단계,한성백제,1400,1255,2655
202203,경강선,경기광주,4277,3954,8231
202203,경강선,곤지암,1365,1250,2615
202203,경강선,부발,1752,1350,3102
202203,경강선,삼동,1171,1143,2314
202203,경강선,세종대왕릉,196,211,407
202203,경강선,신둔도예촌,893,816,1709
202203,경강선,여주,1582,1622,3204
202203,경강선,이매,548,496,1044
202203,경강선,이천,2031,2022,4053
202203,경강선,초월,1755,1626,3381
202203,경강선,판교,2475,2418,4893
202203,경부선,가산디지털단지,4903,6439,11342
202203,경부선,관악,3977,3865,7842
202203,경부선,광명,1987,1766,3753
202203,경부선,구로,9984,10489,20473
202203,경부선,군포,3603,3318,6921
202203,경부선,금정,14740,14931,29671
202203,경부선,금천구청,6106,6212,12318
202203,경부선,남영,4634,4713,9347
202203,경부선,노량진,5947,5336,11283
202203,경부선,당정,3174,2993,6167
202203,경부선,대방,6285,6390,12675
202203,경부선,독산,6872,6836,13708
202203,경부선,두정,4588,4492,9080
202203,경부선,명학,4103,3964,8067
202203,경부선,병점,9285,9261,18546
202203,경부선,서동탄,641,707,1348
202203,경부선,서울역,4874,1558,6432
202203,경부선,서정리,5322,4347,9669
202203,경부선,석수,4820,4256,9076
202203,경부선,성균관대,8354,8246,16600
202203,경부선,성환,2362,2113,4475
202203,경부선,세류,1782,1888,3670
202203,경부선,세마,1611,1462,3073
202203,경부선,송탄,3796,3359,7155
202203,경부선,수원,28114,31193,59307
202203,경부선,신길,4893,4090,8983
202203,경부선,신도림,2391,2361,4752
202203,경부선,안양,13216,13446,26662
202203,경부선,영등포,31301,32490,63791
202203,경부선,오산,7185,6702,13887
202203,경부선,오산대,2021,1815,3836
202203,경부선,용산,25310,26393,51703
202203,경부선,의왕,4553,4421,8974
202203,경부선,직산,483,463,946
202203,경부선,진위,787,678,1465
202203,경부선,천안,4794,4909,9703
202203,경부선,평택,10135,10014,20149
202203,경부선,평택지제,2548,2402,4950
202203,경부선,화서,3878,3852,7730
202203,경원선,가능,4009,3831,7840
202203,경원선,광운대,4481,4536,9017
202203,경원선,녹양,2660,2517,5177
202203,경원선,녹천,2589,2252,4841
202203,경원선,덕계,1777,1547,3324
202203,경원선,덕정,3568,3326,6894
202203,경원선,도봉,3424,3197,6621
202203,경원선,도봉산,4425,2987,7412
202203,경원선,동두천,1229,1436,2665
202203,경원선,동두천중앙,1817,1885,3702
202203,경원선,망월사,4381,4455,8836
202203,경원선,방학,5738,5604,11342
202203,경원선,보산,1218,1194,2412
202203,경원선,서빙고,1009,934,1943
202203,경원선,석계,4930,5392,10322
202203,경원선,소요산,1718,1414,3132
202203,경원선,신이문,4750,4361,9111
202203,경원선,양주,4640,4480,9120
202203,경원선,옥수,32,28,60
202203,경원선,왕십리,9859,10957,20816
202203,경원선,외대앞,5221,4964,10185
202203,경원선,월계,3535,3336,6871
202203,경원선,응봉,1044,840,1884
202203,경원선,의정부,13883,14507,28390
202203,경원선,이촌,2020,1595,3615
202203,경원선,지행,4190,4142,8332
202203,경원선,청량리,11511,12193,23704
202203,경원선,한남,2106,2059,4165
202203,경원선,회룡,7104,7141,14245
202203,경의선,가좌,2911,2809,5720
202203,경의선,강매,1504,1422,2926
202203,경의선,곡산,303,311,614
202203,경의선,공덕,2073,1545,3618
202203,경의선,금릉,2797,2763,5560
202203,경의선,금촌,4061,3882,7943
202203,경의선,능곡,2071,2058,4129
202203,경의선,디지털미디어시티,1407,1321,2728
202203,경의선,문산,3444,3406,6850
202203,경의선,백마,3395,3343,6738
202203,경의선,서강대,1376,1318,2694
202203,경의선,서울역,913,970,1883
202203,경의선,수색,1079,1070,2149
202203,경의선,신촌,301,275,576
202203,경의선,야당,4789,4700,9489
202203,경의선,운정,3811,3614,7425
202203,경의선,월롱,1600,1226,2826
202203,경의선,일산,4598,4411,9009
202203,경의선,임진강,11,11,22
202203,경의선,탄현,4110,4020,8130
202203,경의선,파주,652,485,1137
202203,경의선,풍산,3137,2965,6102
202203,경의선,행신,3935,3978,7913
202203,경의선,홍대입구,1455,1785,3240
202203,경의선,화전,918,822,1740
202203,경의선,효창공원앞,1353,1505,2858
202203,경인선,간석,3425,3286,6711
202203,경인선,개봉,12556,12293,24849
202203,경인선,구일,3286,3212,6498
202203,경인선,도원,1422,1443,2865
202203,경인선,도화,2487,2259,4746
202203,경인선,동암,9354,9583,18937
202203,경인선,동인천,8588,8553,17141
202203,경인선,백운,3950,3971,7921
202203,경인선,부개,4890,4688,9578
202203,경인선,부천,22088,22724,44812
202203,경인선,부평,23182,25072,48254
202203,경인선,소사,5539,5424,10963
202203,경인선,송내,13946,13682,27628
202203,경인선,역곡,15679,15505,31184
202203,경인선,오류동,7117,6475,13592
202203,경인선,온수,3596,3325,6921
202203,경인선,인천,2237,1856,4093
202203,경인선,제물포,5664,5491,11155
202203,경인선,주안,12969,11321,24290
202203,경인선,중동,5160,4804,9964
202203,경춘선,가평,981,1050,2031
202203,경춘선,갈매,1480,1199,2679
202203,경춘선,강촌,217,272,489
202203,경춘선,굴봉산,74,68,142
202203,경춘선,금곡,815,760,1575
202203,경춘선,김유정,226,232,458
202203,경춘선,남춘천,1870,1872,3742
202203,경춘선,대성리,286,317,603
202203,경춘선,마석,2157,2080,4237
202203,경춘선,백양리,49,49,98
202203,경춘선,별내,1700,1642,3342
202203,경춘선,사릉,1247,1275,2522
202203,경춘선,상천,139,140,279
202203,경춘선,신내,876,844,1720
202203,경춘선,천마산,878,874,1752
202203,경춘선,청평,897,999,1896
202203,경춘선,춘천,921,894,1815
202203,경춘선,퇴계원,1799,1621,3420
202203,경춘선,평내호평,3223,3197,6420
202203,공항철도 1호선,검암,3392,3366,6758
202203,공항철도 1호선,계양,5323,5172,10495
202203,공항철도 1호선,공덕,1187,1853,3040
202203,공항철도 1호선,공항화물청사,1178,1209,2387
202203,공항철도 1호선,김포공항,8878,4943,13821
202203,공항철도 1호선,디지털미디어시티,4436,4171,8607
202203,공항철도 1호선,마곡나루,2443,2696,5139
202203,공항철도 1호선,서울역,5514,5593,11107
202203,공항철도 1호선,영종,2152,2036,4188
202203,공항철도 1호선,운서,4845,4887,9732
202203,공항철도 1호선,인천공항1터미널,2783,2942,5725
202203,공항철도 1호선,인천공항2터미널,1752,1792,3544
202203,공항철도 1호선,청라국제도시,3114,3093,6207
202203,공항철도 1호선,홍대입구,9375,9193,18568
202203,과천선,경마공원,7814,7910,15724
202203,과천선,과천,3493,3169,6662
202203,과천선,대공원,1649,1739,3388
202203,과천선,범계,16114,15802,31916
202203,과천선,선바위,3892,3382,7274
202203,과천선,인덕원,12383,12263,24646
202203,과천선,정부과천청사,4634,4603,9237
202203,과천선,평촌,7259,7068,14327
202203,분당선,가천대,4416,4888,9304
202203,분당선,강남구청,4624,5716,10340
202203,분당선,개포동,2102,2081,4183
202203,분당선,구룡,1093,978,2071
202203,분당선,구성,2504,2573,5077
202203,분당선,기흥,5392,4817,10209
202203,분당선,대모산입구,2370,2185,4555
202203,분당선,도곡,3752,3410,7162
202203,분당선,망포,7825,7061,14886
202203,분당선,매교,1493,1537,3030
202203,분당선,매탄권선,2758,2662,5420
202203,분당선,모란,15928,16808,32736
202203,분당선,미금,8727,8960,17687
202203,분당선,보정,1207,1144,2351
202203,분당선,상갈,2960,2961,5921
202203,분당선,서울숲,5631,5982,11613
202203,분당선,서현,16107,16158,32265
202203,분당선,선릉,4351,6754,11105
202203,분당선,선정릉,2754,2911,5665
202203,분당선,수내,7228,6751,13979
202203,분당선,수서,8340,8589,16929
202203,분당선,수원,5985,4881,10866
202203,분당선,수원시청,9206,9898,19104
202203,분당선,신갈,2159,2114,4273
202203,분당선,압구정로데오,15881,17918,33799
202203,분당선,야탑,14476,15136,29612
202203,분당선,영통,5692,5507,11199
202203,분당선,오리,6174,5220,11394
202203,분당선,이매,3388,3261,6649
202203,분당선,정자,8652,8842,17494
202203,분당선,죽전,7953,8898,16851
202203,분당선,청명,2059,2160,4219
202203,분당선,태평,8944,8642,17586
202203,분당선,한티,10644,10223,20867
202203,수인선,고색,2566,2567,5133
202203,수인선,남동인더스파크,908,823,1731
202203,수인선,달월,48,43,91
202203,수인선,사리,2699,2407,5106
202203,수인선,소래포구,3296,3428,6724
202203,수인선,송도,1437,1455,2892
202203,수인선,숭의,2121,1886,4007
202203,수인선,신포,1021,1036,2057
202203,수인선,야목,196,160,356
202203,수인선,어천,462,438,900
202203,수인선,연수,3239,3293,6532
202203,수인선,오목천,1710,1470,3180
202203,수인선,원인재,2801,2981,5782
202203,수인선,월곶,1623,1559,3182
202203,수인선,인천,707,1199,1906
202203,수인선,인천논현,3410,3591,7001
202203,수인선,인하대,3587,3374,6961
202203,수인선,호구포,2111,2055,4166
202203,안산선,고잔,4899,4772,9671
202203,안산선,대야미,2732,2410,5142
202203,안산선,반월,2525,2388,4913
202203,안산선,산본,9761,10527,20288
202203,안산선,상록수,9679,9923,19602
202203,안산선,수리산,2216,1838,4054
202203,안산선,신길온천,1117,1042,2159
202203,안산선,안산,7291,7528,14819
202203,안산선,오이도,5154,5362,10516
202203,안산선,정왕,5206,5093,10299
202203,안산선,중앙,12401,12644,25045
202203,안산선,초지,2507,2540,5047
202203,안산선,한대앞,5792,5561,11353
202203,우이신설선,4.19민주묘지,1668,1564,3232
202203,우이신설선,가오리,2326,2193,4519
202203,우이신설선,보문,895,892,1787
202203,우이신설선,북한산보국문,3968,3349,7317
202203,우이신설선,북한산우이,1654,1693,3347
202203,우이신설선,삼양,1153,1229,2382
202203,우이신설선,삼양사거리,1462,1527,2989
202203,우이신설선,성신여대입구,2331,2600,4931
202203,우이신설선,솔밭공원,1361,1274,2635
202203,우이신설선,솔샘,2979,2636,5615
202203,우이신설선,신설동,1051,1018,2069
202203,우이신설선,정릉,2840,2325,5165
202203,우이신설선,화계,2012,1827,3839
202203,일산선,대곡,943,845,1788
202203,일산선,대화,6848,6277,13125
202203,일산선,마두,3912,3912,7824
202203,일산선,백석,5776,5689,11465
202203,일산선,삼송,11338,10901,22239
202203,일산선,원당,6347,6005,12352
202203,일산선,원흥,5675,5517,11192
202203,일산선,정발산,5192,5399,10591
202203,일산선,주엽,4861,4907,9768
202203,일산선,화정,9664,10100,19764
202203,장항선,배방,853,776,1629
202203,장항선,봉명,634,580,1214
202203,장항선,신창,1062,920,1982
202203,장항선,쌍용,1445,1284,2729
202203,장항선,아산,2390,2259,4649
202203,장항선,온양온천,3229,3332,6561
202203,장항선,탕정,457,425,882
202203,중앙선,구리,7721,7975,15696
202203,중앙선,국수,338,385,723
202203,중앙선,덕소,3201,3225,6426
202203,중앙선,도농,5095,4960,10055
202203,중앙선,도심,1043,844,1887
202203,중앙선,망우,4893,4697,9590
202203,중앙선,상봉,3497,3539,7036
202203,중앙선,신원,119,104,223
202203,중앙선,아신,315,337,652
202203,중앙선,양수,1075,1169,2244
202203,중앙선,양원,1308,1210,2518
202203,중앙선,양정,371,286,657
202203,중앙선,양평,1588,1680,3268
202203,중앙선,오빈,168,154,322
202203,중앙선,용문,1075,1275,2350
202203,중앙선,운길산,511,479,990
202203,중앙선,원덕,202,222,424
202203,중앙선,중랑,3404,3269,6673
202203,중앙선,지평,34,33,67
202203,중앙선,팔당,634,655,1289
202203,중앙선,회기,16285,15386,31671
202203,1호선,동대문,8125,8372,16497
202203,1호선,동묘앞,11187,11369,22556
202203,1호선,서울역,20940,19549,40489
202203,1호선,시청,6097,5751,11848
202203,1호선,신설동,6734,6677,13411
202203,1호선,제기동,8940,9331,18271
202203,1호선,종각,10817,9225,20042
202203,1호선,종로3가,11730,10641,22371
202203,1호선,종로5가,7980,7950,15930
202203,1호선,청량리,11206,11437,22643
202203,2호선,강남,30600,29282,59882
202203,2호선,강변,16785,16905,33690
202203,2호선,건대입구,23443,23677,47120
202203,2호선,교대,9125,9817,18942
202203,2호선,구로디지털단지,19742,19533,39275
202203,2호선,구의,9828,9805,19633
202203,2호선,낙성대,13649,14367,28016
202203,2호선,당산,7309,7869,15178
202203,2호선,대림,11562,11724,23286
202203,2호선,도림천,376,416,792
202203,2호선,동대문역사문화공원,7393,8770,16163
202203,2호선,뚝섬,8863,9133,17996
202203,2호선,문래,6883,7264,14147
202203,2호선,방배,5962,6295,12257
202203,2호선,봉천,10633,10275,20908
202203,2호선,사당,18164,20177,38341
202203,2호선,삼성,18188,17369,35557
202203,2호선,상왕십리,5766,5950,11716
202203,2호선,서울대입구,23898,24781,48679
202203,2호선,서초,9728,9031,18759
202203,2호선,선릉,11736,10127,21863
202203,2호선,성수,12531,13945,26476
202203,2호선,시청,4614,3639,8253
202203,2호선,신답,684,735,1419
202203,2호선,신당,7066,7333,14399
202203,2호선,신대방,12880,12723,25603
202203,2호선,신도림,23339,24097,47436
202203,2호선,신림,32810,31972,64782
202203,2호선,신설동,2841,3041,5882
202203,2호선,신정네거리,4379,4391,8770
202203,2호선,신촌,19598,18522,38120
202203,2호선,아현,4380,4503,8883
202203,2호선,양천구청,2747,2794,5541
202203,2호선,역삼,9965,10815,20780
202203,2호선,영등포구청,6720,7167,13887
202203,2호선,왕십리,8323,7264,15587
202203,2호선,용답,1601,1763,3364
202203,2호선,용두,1101,1120,2221
202203,2호선,을지로3가,6834,6319,13153
202203,2호선,을지로4가,2974,2925,5899
202203,2호선,을지로입구,13052,12116,25168
202203,2호선,이대,6317,7047,13364
202203,2호선,잠실,39566,37286,76852
202203,2호선,잠실나루,4328,4387,8715
202203,2호선,잠실새내,9415,9438,18853
202203,2호선,종합운동장,3021,3490,6511
202203,2호선,충정로,3078,3475,6553
202203,2호선,한양대,2110,2460,4570
202203,2호선,합정,18771,19770,38541
202203,2호선,홍대입구,44661,43639,88300
202203,3호선,가락시장,3145,3310,6455
202203,3호선,경복궁,10168,10407,20575
202203,3호선,경찰병원,2231,2343,4574
202203,3호선,고속터미널,32572,31444,64016
202203,3호선,교대,3732,2249,5981
202203,3호선,구파발,9662,9900,19562
202203,3호선,금호,3495,3399,6894
202203,3호선,남부터미널,11592,12473,24065
202203,3호선,녹번,5957,5527,11484
202203,3호선,대청,3536,3465,7001
202203,3호선,대치,5386,4691,10077
202203,3호선,도곡,1722,1904,3626
202203,3호선,독립문,3610,4061,7671
202203,3호선,동대입구,4560,4949,9509
202203,3호선,매봉,3596,3531,7127
202203,3호선,무악재,1552,1677,3229
202203,3호선,불광,8456,9914,18370
202203,3호선,수서,9075,8900,17975
202203,3호선,신사,13113,13217,26330
202203,3호선,안국,10060,10574,20634
202203,3호선,압구정,11875,12364,24239
202203,3호선,약수,5608,5524,11132
202203,3호선,양재,11533,13433,24966
202203,3호선,연신내,18319,17351,35670
202203,3호선,오금,2232,2236,4468
202203,3호선,옥수,4161,4394,8555
202203,3호선,을지로3가,2738,2600,5338
202203,3호선,일원,2881,3015,5896
202203,3호선,잠원,1825,1837,3662
202203,3호선,종로3가,3430,4292,7722
202203,3호선,지축,1919,1851,3770
202203,3호선,학여울,2513,2837,5350
202203,3호선,홍제,7885,7576,15461
202203,4호선,길음,8975,8900,17875
202203,4호선,남태령,591,417,1008
202203,4호선,노원,11343,12037,23380
202203,4호선,당고개,5794,5760,11554
202203,4호선,동대문,6131,6927,13058
202203,4호선,동대문역사문화공원,8354,7964,16318
202203,4호선,동작,1150,1220,2370
202203,4호선,명동,9464,9450,18914
202203,4호선,미아,6878,6620,13498
202203,4호선,미아사거리,14135,13351,27486
202203,4호선,사당,13233,12233,25466
202203,4호선,삼각지,2271,2962,5233
202203,4호선,상계,9357,8602,17959
202203,4호선,서울역,3539,7726,11265
202203,4호선,성신여대입구,11032,10635,21667
202203,4호선,수유,17854,17115,34969
202203,4호선,숙대입구,6389,6171,12560
202203,4호선,신용산,6678,6995,13673
202203,4호선,쌍문,13627,12298,25925
202203,4호선,이촌,4036,4392,8428
202203,4호선,창동,13687,14128,27815
202203,4호선,총신대입구,8484,9317,17801
202203,4호선,충무로,7322,7419,14741
202203,4호선,한성대입구,6379,6528,12907
202203,4호선,혜화,19021,19513,38534
202203,4호선,회현,7424,7813,15237
202203,5호선,강동,7461,7447,14908
202203,5호선,강일,1741,1703,3444
202203,5호선,개롱,2470,2701,5171
202203,5호선,개화산,2406,2435,4841
202203,5호선,거여,3815,3761,7576
202203,5호선,고덕,3697,3713,7410
202203,5호선,공덕,3861,3704,7565
202203,5호선,광나루,6271,6213,12484
202203,5호선,광화문,8907,8878,17785
202203,5호선,군자,5224,5772,10996
202203,5호선,굽은다리,4407,4198,8605
202203,5호선,길동,3503,3597,7100
202203,5호선,김포공항,6034,5750,11784
202203,5호선,까치산,13127,12862,25989
202203,5호선,답십리,6407,5935,12342
202203,5호선,동대문역사문화공원,654,757,1411
202203,5호선,둔촌동,3831,3846,7677
202203,5호선,마곡,3109,3275,6384
202203,5호선,마장,2425,2363,4788
202203,5호선,마천,3045,3169,6214
202203,5호선,마포,4204,4131,8335
202203,5호선,명일,4040,4022,8062
202203,5호선,목동,6517,6753,13270
202203,5호선,미사,7485,7538,15023
202203,5호선,발산,8196,8518,16714
202203,5호선,방이,3392,3123,6515
202203,5호선,방화,3083,3038,6121
202203,5호선,상일동,5414,5295,10709
202203,5호선,서대문,4334,4201,8535
202203,5호선,송정,3087,3113,6200
202203,5호선,신금호,2503,2701,5204
202203,5호선,신길,1661,1878,3539
202203,5호선,신정,5374,4971,10345
202203,5호선,아차산,8988,8907,17895
202203,5호선,애오개,2464,2610,5074
202203,5호선,양평,2268,2400,4668
202203,5호선,여의나루,7943,8889,16832
202203,5호선,여의도,7456,7257,14713
202203,5호선,영등포구청,1211,1176,2387
202203,5호선,영등포시장,4496,4795,9291
202203,5호선,오금,1275,1253,2528
202203,5호선,오목교,9717,9919,19636
202203,5호선,올림픽공원,1819,1803,3622
202203,5호선,왕십리,2185,2405,4590
202203,5호선,우장산,5804,5871,11675
202203,5호선,을지로4가,1381,1374,2755
202203,5호선,장한평,6611,6507,13118
202203,5호선,종로3가,7767,6742,14509
202203,5호선,천호,10964,10091,21055
202203,5호선,청구,1601,1399,3000
202203,5호선,충정로,1210,1184,2394
202203,5호선,하남검단산,3824,3769,7593
202203,5호선,하남시청,3363,3335,6698
202203,5호선,하남풍산,1808,1772,3580
202203,5호선,행당,3282,2965,6247
202203,5호선,화곡,12059,11360,23419
202203,6호선,고려대,3500,3633,7133
202203,6호선,공덕,5785,5520,11305
202203,6호선,광흥창,3598,3487,7085
202203,6호선,구산,3322,2437,5759
202203,6호선,녹사평,3340,3391,6731
202203,6호선,대흥,3409,3522,6931
202203,6호선,독바위,1378,1777,3155
202203,6호선,돌곶이,4515,4236,8751
202203,6호선,동묘앞,5338,5183,10521
202203,6호선,디지털미디어시티,4373,4552,8925
202203,6호선,마포구청,5966,5491,11457
202203,6호선,망원,8601,9270,17871
202203,6호선,버티고개,883,1013,1896
202203,6호선,보문,3294,3276,6570
202203,6호선,봉화산,3242,3223,6465
202203,6호선,불광,2717,2319,5036
202203,6호선,삼각지,3353,2622,5975
202203,6호선,상수,6099,6789,12888
202203,6호선,상월곡,2882,2491,5373
202203,6호선,새절,5470,5251,10721
202203,6호선,석계,5578,5847,11425
202203,6호선,신당,3343,3877,7220
202203,6호선,안암,4829,5411,10240
202203,6호선,약수,1487,1408,2895
202203,6호선,역촌,1647,2055,3702
202203,6호선,연신내,1,0,1
202203,6호선,월곡,4668,4792,9460
202203,6호선,월드컵경기장,3300,3192,6492
202203,6호선,응암,8119,8126,16245
202203,6호선,이태원,8637,7945,16582
202203,6호선,증산,4579,4822,9401
202203,6호선,창신,1401,1265,2666
202203,6호선,청구,1453,1418,2871
202203,6호선,태릉입구,2728,2837,5565
202203,6호선,한강진,5841,6815,12656
202203,6호선,합정,8298,7384,15682
202203,6호선,화랑대,4339,3851,8190
202203,6호선,효창공원앞,2810,2532,5342
202203,7호선,가산디지털단지,8797,8127,16924
202203,7호선,강남구청,4926,5310,10236
202203,7호선,건대입구,6890,7227,14117
202203,7호선,고속터미널,9698,6473,16171
202203,7호선,공릉,5590,5917,11507
202203,7호선,광명사거리,10857,10517,21374
202203,7호선,군자,6509,5054,11563
202203,7호선,남구로,5338,5146,10484
202203,7호선,남성,4609,4571,9180
202203,7호선,내방,4436,4761,9197
202203,7호선,노원,9771,9539,19310
202203,7호선,논현,5410,5742,11152
202203,7호선,대림,5091,4801,9892
202203,7호선,도봉산,4548,6594,11142
202203,7호선,뚝섬유원지,5903,5679,11582
202203,7호선,마들,5163,4827,9990
202203,7호선,먹골,5004,4981,9985
202203,7호선,면목,6964,6887,13851
202203,7호선,반포,2455,2474,4929
202203,7호선,보라매,3557,3529,7086
202203,7호선,사가정,7428,7346,14774
202203,7호선,상도,4558,4726,9284
202203,7호선,상봉,8245,7588,15833
202203,7호선,수락산,6866,6766,13632
202203,7호선,숭실대입구,4831,5304,10135
202203,7호선,신대방삼거리,6810,6666,13476
202203,7호선,신풍,5037,4707,9744
202203,7호선,어린이대공원,6440,6670,13110
202203,7호선,온수,3355,3323,6678
202203,7호선,용마산,2733,3135,5868
202203,7호선,이수,7036,6422,13458
202203,7호선,장승배기,3786,3727,7513
202203,7호선,장암,1035,751,1786
202203,7호선,중계,5730,5333,11063
202203,7호선,중곡,4457,4310,8767
202203,7호선,중화,4850,4571,9421
202203,7호선,천왕,4093,3956,8049
202203,7호선,철산,8538,8569,17107
202203,7호선,청담,5509,5941,11450
202203,7호선,태릉입구,4148,3948,8096
202203,7호선,하계,7788,7569,15357
202203,7호선,학동,5364,5806,11170
202203,8호선,가락시장,2731,3467,6198
202203,8호선,강동구청,3715,3957,7672
202203,8호선,남위례,1888,2031,3919
202203,8호선,남한산성입구,5641,5372,11013
202203,8호선,단대오거리,4679,4620,9299
202203,8호선,모란,2185,1889,4074
202203,8호선,몽촌토성,2893,2816,5709
202203,8호선,문정,4827,5011,9838
202203,8호선,복정,3862,3597,7459
202203,8호선,산성,2564,2656,5220
202203,8호선,석촌,3694,4513,8207
202203,8호선,송파,2974,3167,6141
202203,8호선,수진,2625,2459,5084
202203,8호선,신흥,2241,2358,4599
202203,8호선,암사,7522,7218,14740
202203,8호선,잠실,8648,9260,17908
202203,8호선,장지,7843,8206,16049
202203,8호선,천호,7730,8820,16550
202203,9호선,가양,8486,8292,16778
202203,9호선,개화,893,871,1764
202203,9호선,고속터미널,8096,11433,19529
202203,9호선,공항시장,1505,1545,3050
202203,9호선,구반포,383,343,726
202203,9호선,국회의사당,3447,3326,6773
202203,9호선,김포공항,6019,9129,15148
202203,9호선,노들,2159,1842,4001
202203,9호선,노량진,12512,12970,25482
202203,9호선,당산,7589,7367,14956
202203,9호선,동작,1448,1142,2590
202203,9호선,등촌,4347,4372,8719
202203,9호선,마곡나루,5315,5052,10367
202203,9호선,사평,1253,1329,2582
202203,9호선,샛강,1378,1396,2774
202203,9호선,선유도,2468,2285,4753
202203,9호선,신논현,13351,12537,25888
202203,9호선,신목동,1451,1326,2777
202203,9호선,신반포,1512,1579,3091
202203,9호선,신방화,2916,2859,5775
202203,9호선,양천향교,3501,3674,7175
202203,9호선,여의도,8003,7174,15177
202203,9호선,염창,7034,7126,14160
202203,9호선,증미,2601,2569,5170
202203,9호선,흑석,3424,3748,7172
202203,9호선2~3단계,둔촌오륜,394,396,790
202203,9호선2~3단계,봉은사,6949,6978,13927
202203,9호선2~3단계,삼성중앙,1651,1801,3452
202203,9호선2~3단계,삼전,3127,2905,6032
202203,9호선2~3단계,석촌,3958,3435,7393
202203,9호선2~3단계,석촌고분,2630,2554,5184
202203,9호선2~3단계,선정릉,2424,2789,5213
202203,9호선2~3단계,송파나루,2713,2847,5560
202203,9호선2~3단계,언주,3251,3267,6518
202203,9호선2~3단계,올림픽공원,4320,4254,8574
202203,9호선2~3단계,종합운동장,1772,1622,3394
202203,9호선2~3단계,중앙보훈병원,2833,2758,5591
202203,9호선2~3단계,한성백제,1138,1022,2160
202203,경강선,경기광주,3298,3121,6419
202203,경강선,곤지암,1243,1315,2558
202203,경강선,부발,1286,1821,3107
202203,경강선,삼동,845,799,1644
202203,경강선,세종대왕릉,216,225,441
202203,경강선,신둔도예촌,789,808,1597
202203,경강선,여주,1719,1803,3522
202203,경강선,이매,603,457,1060
202203,경강선,이천,1676,1862,3538
202203,경강선,초월,1315,1362,2677
202203,경강선,판교,2104,1946,4050
202203,경부선,가산디지털단지,3843,5177,9020
202203,경부선,관악,4138,3931,8069
202203,경부선,광명,2024,1546,3570
202203,경부선,구로,8360,8424,16784
202203,경부선,군포,2576,2397,4973
202203,경부선,금정,11631,12067,23698
202203,경부선,금천구청,5150,5045,10195
202203,경부선,남영,3534,3912,7446
202203,경부선,노량진,4621,4447,9068
202203,경부선,당정,2426,2392,4818
202203,경부선,대방,4783,5138,9921
202203,경부선,독산,5104,5180,10284
202203,경부선,두정,3778,4949,8727
202203,경부선,명학,2851,2734,5585
202203,경부선,병점,8002,8381,16383
202203,경부선,서동탄,582,555,1137
202203,경부선,서울역,5900,1429,7329
202203,경부선,서정리,3829,5557,9386
202203,경부선,석수,4293,4163,8456
202203,경부선,성균관대,6665,7159,13824
202203,경부선,성환,2019,2694,4713
202203,경부선,세류,1639,1568,3207
202203,경부선,세마,1419,1310,2729
202203,경부선,송탄,3185,3635,6820
202203,경부선,수원,27960,27447,55407
202203,경부선,신길,3967,3458,7425
202203,경부선,신도림,1966,1877,3843
202203,경부선,안양,11132,10766,21898
202203,경부선,영등포,27600,26513,54113
202203,경부선,오산,6338,6639,12977
202203,경부선,오산대,1727,1647,3374
202203,경부선,용산,24823,22931,47754
202203,경부선,의왕,3534,3539,7073
202203,경부선,직산,485,510,995
202203,경부선,진위,727,756,1483
202203,경부선,천안,4970,5275,10245
202203,경부선,평택,9657,10193,19850
202203,경부선,평택지제,2423,2125,4548
202203,경부선,화서,3408,3282,6690
202203,경원선,가능,3409,3264,6673
202203,경원선,광운대,3523,3726,7249
202203,경원선,녹양,2339,2234,4573
202203,경원선,녹천,2274,1866,4140
202203,경원선,덕계,1433,1375,2808
202203,경원선,덕정,2797,3005,5802
202203,경원선,도봉,3002,2886,5888
202203,경원선,도봉산,7623,5249,12872
202203,경원선,동두천,1160,1454,2614
202203,경원선,동두천중앙,1944,1819,3763
202203,경원선,망월사,3818,3946,7764
202203,경원선,방학,5048,4827,9875
202203,경원선,보산,1122,1117,2239
202203,경원선,서빙고,1148,1133,2281
202203,경원선,석계,4104,4389,8493
202203,경원선,소요산,2802,2383,5185
202203,경원선,신이문,3882,3788,7670
202203,경원선,양주,4245,4216,8461
202203,경원선,옥수,40,15,55
202203,경원선,왕십리,8191,9113,17304
202203,경원선,외대앞,4791,4897,9688
202203,경원선,월계,3234,3034,6268
202203,경원선,응봉,970,909,1879
202203,경원선,의정부,12032,12230,24262
202203,경원선,이촌,1791,1446,3237
202203,경원선,지행,3612,3632,7244
202203,경원선,청량리,11340,10652,21992
202203,경원선,한남,1684,1627,3311
202203,경원선,회룡,6232,6213,12445
202203,경의선,가좌,2389,2327,4716
202203,경의선,강매,1312,1193,2505
202203,경의선,계양,1,0,1
202203,경의선,곡산,286,287,573
202203,경의선,공덕,1527,1156,2683
202203,경의선,금릉,2448,2353,4801
202203,경의선,금촌,3447,3670,7117
202203,경의선,능곡,1846,1834,3680
202203,경의선,디지털미디어시티,1113,1094,2207
202203,경의선,문산,2774,2885,5659
202203,경의선,백마,2849,2677,5526
202203,경의선,서강대,1114,1101,2215
202203,경의선,서울역,853,818,1671
202203,경의선,수색,767,813,1580
202203,경의선,신촌,221,252,473
202203,경의선,야당,4111,3736,7847
202203,경의선,운정,3139,2949,6088
202203,경의선,월롱,873,1818,2691
202203,경의선,일산,3942,3745,7687
202203,경의선,임진강,37,29,66
202203,경의선,탄현,3506,3193,6699
202203,경의선,파주,527,491,1018
202203,경의선,풍산,2929,2797,5726
202203,경의선,행신,3590,3433,7023
202203,경의선,홍대입구,1403,1589,2992
202203,경의선,화전,774,812,1586
202203,경의선,효창공원앞,1127,1285,2412
202203,경인선,간석,2705,2554,5259
202203,경인선,개봉,9310,9362,18672
202203,경인선,구일,2787,2754,5541
202203,경인선,도원,1373,1420,2793
202203,경인선,도화,2100,1972,4072
202203,경인선,동암,7983,7741,15724
202203,경인선,동인천,8109,7939,16048
202203,경인선,백운,3257,3213,6470
202203,경인선,부개,4025,3716,7741
202203,경인선,부천,18630,18225,36855
202203,경인선,부평,19272,19676,38948
202203,경인선,소사,4328,4137,8465
202203,경인선,송내,10887,10320,21207
202203,경인선,역곡,12303,12120,24423
202203,경인선,오류동,5981,5749,11730
202203,경인선,온수,3046,2861,5907
202203,경인선,인천,2955,2437,5392
202203,경인선,제물포,4649,4510,9159
202203,경인선,주안,10036,9063,19099
202203,경인선,중동,4188,3844,8032
202203,경춘선,가평,1150,962,2112
202203,경춘선,갈매,1228,1089,2317
202203,경춘선,강촌,419,370,789
202203,경춘선,굴봉산,122,109,231
202203,경춘선,금곡,715,701,1416
202203,경춘선,김유정,298,290,588
202203,경춘선,남춘천,1796,2230,4026
202203,경춘선,대성리,445,300,745
202203,경춘선,마석,1955,1852,3807
202203,경춘선,백양리,84,58,142
202203,경춘선,별내,1537,1373,2910
202203,경춘선,사릉,1204,1132,2336
202203,경춘선,상천,295,244,539
202203,경춘선,신내,825,750,1575
202203,경춘선,천마산,946,915,1861
202203,경춘선,청평,1094,930,2024
202203,경춘선,춘천,1039,1149,2188
202203,경춘선,퇴계원,1689,1522,3211
202203,경춘선,평내호평,2867,2615,5482
202203,공항철도 1호선,검암,2999,3144,6143
202203,공항철도 1호선,계양,4373,4317,8690
202203,공항철도 1호선,공덕,973,1421,2394
202203,공항철도 1호선,공항화물청사,967,1017,1984
202203,공항철도 1호선,김포공항,10269,5173,15442
202203,공항철도 1호선,디지털미디어시티,3183,3065,6248
202203,공항철도 1호선,마곡나루,1991,2326,4317
202203,공항철도 1호선,서울역,5897,5523,11420
202203,공항철도 1호선,영종,2084,1995,4079
202203,공항철도 1호선,운서,4472,4765,9237
202203,공항철도 1호선,인천공항1터미널,3121,3257,6378
202203,공항철도 1호선,인천공항2터미널,1722,1656,3378
202203,공항철도 1호선,청라국제도시,2730,2567,5297
202203,공항철도 1호선,홍대입구,8507,8003,16510
202203,과천선,경마공원,9036,9095,18131
202203,과천선,과천,3052,2825,5877
202203,과천선,대공원,3484,3632,7116
202203,과천선,범계,12587,12091,24678
202203,과천선,선바위,3346,3078,6424
202203,과천선,인덕원,9918,10175,20093
202203,과천선,정부과천청사,3772,3882,7654
202203,과천선,평촌,5263,4975,10238
202203,분당선,가천대,3499,4282,7781
202203,분당선,강남구청,2981,3578,6559
202203,분당선,개포동,1722,1744,3466
202203,분당선,구룡,664,754,1418
202203,분당선,구성,2080,2131,4211
202203,분당선,기흥,4354,4088,8442
202203,분당선,대모산입구,1741,1724,3465
202203,분당선,도곡,2348,2309,4657
202203,분당선,망포,5561,5750,11311
202203,분당선,매교,1284,1304,2588
202203,분당선,매탄권선,2227,2104,4331
202203,분당선,모란,9885,10131,20016
202203,분당선,미금,6238,6593,12831
202203,분당선,보정,958,863,1821
202203,분당선,복정,1,0,1
202203,분당선,상갈,2435,2491,4926
202203,분당선,서울숲,5358,5523,10881
202203,분당선,서현,12904,12633,25537
202203,분당선,선릉,2490,3756,6246
202203,분당선,선정릉,1813,1814,3627
202203,분당선,수내,5148,4984,10132
202203,분당선,수서,7303,6716,14019
202203,분당선,수원,5176,4075,9251
202203,분당선,수원시청,6384,6485,12869
202203,분당선,신갈,1638,1709,3347
202203,분당선,압구정로데오,10292,11075,21367
202203,분당선,야탑,11624,11950,23574
202203,분당선,영통,4461,4456,8917
202203,분당선,오리,4575,4050,8625
202203,분당선,이매,2815,2825,5640
202203,분당선,정자,6493,6738,13231
202203,분당선,죽전,6857,7761,14618
202203,분당선,청명,1587,1702,3289
202203,분당선,태평,6958,6607,13565
202203,분당선,한티,7478,7076,14554
202203,수인선,고색,1843,1927,3770
202203,수인선,남동인더스파크,517,506,1023
202203,수인선,달월,43,48,91
202203,수인선,사리,2266,1922,4188
202203,수인선,소래포구,3733,3525,7258
202203,수인선,송도,1352,1294,2646
202203,수인선,숭의,1756,1610,3366
202203,수인선,신포,1056,973,2029
202203,수인선,야목,189,154,343
202203,수인선,어천,470,535,1005
202203,수인선,연수,2846,2763,5609
202203,수인선,오목천,1281,1231,2512
202203,수인선,원인재,2498,2573,5071
202203,수인선,월곶,1431,1337,2768
202203,수인선,인천,892,1262,2154
202203,수인선,인천논현,2526,2698,5224
202203,수인선,인하대,2853,2947,5800
202203,수인선,호구포,1797,1841,3638
202203,안산선,고잔,3924,3733,7657
202203,안산선,대야미,2587,2413,5000
202203,안산선,반월,2132,2116,4248
202203,안산선,산본,7736,8188,15924
202203,안산선,상록수,7944,7748,15692
202203,안산선,수리산,1893,1784,3677
202203,안산선,신길온천,978,948,1926
202203,안산선,안산,8027,7457,15484
202203,안산선,오이도,4872,4715,9587
202203,안산선,정왕,4535,5078,9613
202203,안산선,중앙,10055,10017,20072
202203,안산선,초지,1966,1889,3855
202203,안산선,한대앞,4608,4667,9275
202203,우이신설선,4.19민주묘지,1821,1644,3465
202203,우이신설선,가오리,2041,1887,3928
202203,우이신설선,보문,832,778,1610
202203,우이신설선,북한산보국문,3412,3086,6498
202203,우이신설선,북한산우이,2851,3045,5896
202203,우이신설선,삼양,1128,1130,2258
202203,우이신설선,삼양사거리,1296,1313,2609
202203,우이신설선,성신여대입구,1999,2304,4303
202203,우이신설선,솔밭공원,1284,1234,2518
202203,우이신설선,솔샘,2374,2205,4579
202203,우이신설선,신설동,1127,1142,2269
202203,우이신설선,정릉,2353,2038,4391
202203,우이신설선,화계,1770,1695,3465
202203,일산선,대곡,944,792,1736
202203,일산선,대화,5679,5186,10865
202203,일산선,마두,2892,2923,5815
202203,일산선,백석,4669,4541,9210
202203,일산선,삼송,9289,9101,18390
202203,일산선,원당,5286,5107,10393
202203,일산선,원흥,4430,4339,8769
202203,일산선,정발산,4606,4500,9106
202203,일산선,주엽,3711,3671,7382
202203,일산선,화정,8060,8331,16391
202203,장항선,배방,646,836,1482
202203,장항선,봉명,457,428,885
202203,장항선,신창,902,1971,2873
202203,장항선,쌍용,1037,1196,2233
202203,장항선,아산,3096,2038,5134
202203,장항선,온양온천,2811,2777,5588
202203,장항선,탕정,372,469,841
202203,중앙선,구리,6158,6368,12526
202203,중앙선,국수,458,422,880
202203,중앙선,덕소,2722,2684,5406
202203,중앙선,도농,4102,4018,8120
202203,중앙선,도심,975,899,1874
202203,중앙선,망우,4113,4179,8292
202203,중앙선,상봉,3008,3148,6156
202203,중앙선,신원,273,198,471
202203,중앙선,아신,454,387,841
202203,중앙선,양수,1485,1288,2773
202203,중앙선,양원,1116,1117,2233
202203,중앙선,양정,384,311,695
202203,중앙선,양평,1597,1533,3130
202203,중앙선,오빈,163,144,307
202203,중앙선,용문,2621,2420,5041
202203,중앙선,운길산,939,820,1759
202203,중앙선,원덕,335,261,596
202203,중앙선,중랑,2938,2850,5788
202203,중앙선,지평,45,38,83
202203,중앙선,팔당,1041,1172,2213
202203,중앙선,회기,13393,13462,26855
202203,1호선,동대문,8494,8011,16505
202203,1호선,동묘앞,7763,8291,16054
202203,1호선,서울역,24604,25433,50037
202203,1호선,시청,9668,9904,19572
202203,1호선,신설동,8234,7664,15898
202203,1호선,제기동,12420,12681,25101
202203,1호선,종각,16179,15454,31633
202203,1호선,종로3가,18567,17154,35721
202203,1호선,종로5가,15290,16055,31345
202203,1호선,청량리,14655,14483,29138
202203,2호선,강남,53819,53565,107384
202203,2호선,강변,21071,20922,41993
202203,2호선,건대입구,31081,33214,64295
202203,2호선,교대,15122,16827,31949
202203,2호선,구로디지털단지,29395,28665,58060
202203,2호선,구의,14153,13853,28006
202203,2호선,낙성대,18523,17228,35751
202203,2호선,당산,10286,11327,21613
202203,2호선,대림,14822,15778,30600
202203,2호선,도림천,756,688,1444
202203,2호선,동대문역사문화공원,8519,9840,18359
202203,2호선,뚝섬,11728,12016,23744
202203,2호선,문래,12002,12757,24759
202203,2호선,방배,8721,8887,17608
202203,2호선,봉천,14738,13494,28232
202203,2호선,사당,25178,28126,53304
202203,2호선,삼성,27527,27798,55325
202203,2호선,상왕십리,8480,7802,16282
202203,2호선,서울대입구,32517,31914,64431
202203,2호선,서초,9740,7450,17190
202203,2호선,선릉,20846,18155,39001
202203,2호선,성수,17208,19408,36616
202203,2호선,시청,7244,6371,13615
202203,2호선,신답,881,913,1794
202203,2호선,신당,9103,9426,18529
202203,2호선,신대방,17221,16547,33768
202203,2호선,신도림,33103,33942,67045
202203,2호선,신림,44704,42513,87217
202203,2호선,신설동,2848,2945,5793
202203,2호선,신정네거리,6030,6046,12076
202203,2호선,신촌,27199,26740,53939
202203,2호선,아현,6390,5978,12368
202203,2호선,양천구청,3649,3662,7311
202203,2호선,역삼,15920,17504,33424
202203,2호선,영등포구청,10827,11551,22378
202203,2호선,왕십리,11914,10364,22278
202203,2호선,용답,2115,2099,4214
202203,2호선,용두,1486,1476,2962
202203,2호선,을지로3가,9456,9547,19003
202203,2호선,을지로4가,6019,6417,12436
202203,2호선,을지로입구,16952,17566,34518
202203,2호선,이대,8879,9123,18002
202203,2호선,잠실,53685,51650,105335
202203,2호선,잠실나루,6187,6050,12237
202203,2호선,잠실새내,14264,14963,29227
202203,2호선,종합운동장,8423,8901,17324
202203,2호선,충정로,4684,4994,9678
202203,2호선,한양대,4352,4376,8728
202203,2호선,합정,24472,26551,51023
202203,2호선,홍대입구,56581,61315,117896
202203,3호선,가락시장,5196,4805,10001
202203,3호선,경복궁,12662,13191,25853
202203,3호선,경찰병원,3274,3144,6418
202203,3호선,고속터미널,39104,38984,78088
202203,3호선,교대,5935,3634,9569
202203,3호선,구파발,12154,12127,24281
202203,3호선,금호,4857,4623,9480
202203,3호선,남부터미널,17541,17499,35040
202203,3호선,녹번,8763,7732,16495
202203,3호선,대청,5056,4574,9630
202203,3호선,대치,8352,7620,15972
202203,3호선,도곡,2811,2905,5716
202203,3호선,독립문,4630,4937,9567
202203,3호선,동대입구,5374,5713,11087
202203,3호선,매봉,4990,4952,9942
202203,3호선,무악재,2209,2197,4406
202203,3호선,불광,10252,11445,21697
202203,3호선,수서,11024,11055,22079
202203,3호선,신사,23548,24538,48086
202203,3호선,안국,12238,13999,26237
202203,3호선,압구정,21327,22421,43748
202203,3호선,약수,7675,7324,14999
202203,3호선,양재,17080,18879,35959
202203,3호선,연신내,24512,23255,47767
202203,3호선,오금,3112,2912,6024
202203,3호선,옥수,5656,5829,11485
202203,3호선,을지로3가,4405,4617,9022
202203,3호선,일원,3934,3864,7798
202203,3호선,잠원,2774,2637,5411
202203,3호선,종로3가,5077,6740,11817
202203,3호선,지축,2671,2459,5130
202203,3호선,충무로,4,0,4
202203,3호선,학여울,3069,3588,6657
202203,3호선,홍제,10584,9922,20506
202203,4호선,길음,12127,11343,23470
202203,4호선,남태령,758,511,1269
202203,4호선,노원,14302,15621,29923
202203,4호선,당고개,6163,5988,12151
202203,4호선,동대문,11002,11187,22189
202203,4호선,동대문역사문화공원,9907,8793,18700
202203,4호선,동작,1014,1059,2073
202203,4호선,명동,11586,13159,24745
202203,4호선,미아,9195,8753,17948
202203,4호선,미아사거리,18693,17886,36579
202203,4호선,사당,17347,14832,32179
202203,4호선,삼각지,3182,4141,7323
202203,4호선,상계,12104,11167,23271
202203,4호선,서울역,4628,10370,14998
202203,4호선,성신여대입구,14364,13907,28271
202203,4호선,수유,23100,22425,45525
202203,4호선,숙대입구,8066,7872,15938
202203,4호선,신용산,8422,8929,17351
202203,4호선,쌍문,18413,16383,34796
202203,4호선,이촌,4864,5524,10388
202203,4호선,창동,17333,18172,35505
202203,4호선,총신대입구,11702,12897,24599
202203,4호선,충무로,11396,11802,23198
202203,4호선,한성대입구,8806,8432,17238
202203,4호선,혜화,24316,25095,49411
202203,4호선,회현,13529,14786,28315
202203,5호선,강동,11043,10423,21466
202203,5호선,강일,2312,2249,4561
202203,5호선,개롱,3407,3578,6985
202203,5호선,개화산,3168,3037,6205
202203,5호선,거여,5237,5108,10345
202203,5호선,고덕,6248,5926,12174
202203,5호선,공덕,5942,6231,12173
202203,5호선,광나루,7863,7105,14968
202203,5호선,광화문,12991,13273,26264
202203,5호선,군자,7235,8177,15412
202203,5호선,굽은다리,6004,5533,11537
202203,5호선,길동,5202,5333,10535
202203,5호선,김포공항,6393,6700,13093
202203,5호선,까치산,17881,17120,35001
202203,5호선,답십리,8672,7969,16641
202203,5호선,동대문역사문화공원,906,1175,2081
202203,5호선,둔촌동,5422,5241,10663
202203,5호선,마곡,4598,4729,9327
202203,5호선,마장,3192,3069,6261
202203,5호선,마천,3906,4094,8000
202203,5호선,마포,6256,6334,12590
202203,5호선,명일,5116,5020,10136
202203,5호선,목동,9431,9460,18891
202203,5호선,미사,10233,10042,20275
202203,5호선,발산,11632,12177,23809
202203,5호선,방이,4368,4312,8680
202203,5호선,방화,3906,3657,7563
202203,5호선,상일동,7524,7038,14562
202203,5호선,서대문,6141,5750,11891
202203,5호선,송정,4253,3964,8217
202203,5호선,신금호,3438,3498,6936
202203,5호선,신길,2284,2333,4617
202203,5호선,신정,7610,6535,14145
202203,5호선,아차산,9848,9714,19562
202203,5호선,애오개,3226,3076,6302
202203,5호선,양평,3186,3078,6264
202203,5호선,여의나루,8957,10308,19265
202203,5호선,여의도,10510,11092,21602
202203,5호선,영등포구청,1708,1680,3388
202203,5호선,영등포시장,6798,7161,13959
202203,5호선,오금,1703,1655,3358
202203,5호선,오목교,14673,14743,29416
202203,5호선,올림픽공원,2324,2115,4439
202203,5호선,왕십리,3042,3652,6694
202203,5호선,우장산,8298,8119,16417
202203,5호선,을지로4가,2759,3131,5890
202203,5호선,장한평,9485,9374,18859
202203,5호선,종로3가,10337,10873,21210
202203,5호선,천호,14281,13350,27631
202203,5호선,청구,2320,2041,4361
202203,5호선,충정로,1670,1558,3228
202203,5호선,하남검단산,4007,3830,7837
202203,5호선,하남시청,4357,4326,8683
202203,5호선,하남풍산,2291,2319,4610
202203,5호선,행당,4436,3916,8352
202203,5호선,화곡,17316,15970,33286
202203,6호선,고려대,4799,4678,9477
202203,6호선,공덕,8563,7997,16560
202203,6호선,광흥창,4459,4048,8507
202203,6호선,구산,4590,3442,8032
202203,6호선,녹사평,4333,4712,9045
202203,6호선,대흥,4721,4679,9400
202203,6호선,독바위,1619,1672,3291
202203,6호선,돌곶이,5217,4775,9992
202203,6호선,동묘앞,6023,5858,11881
202203,6호선,디지털미디어시티,5970,6174,12144
202203,6호선,마포구청,8078,7116,15194
202203,6호선,망원,10613,11641,22254
202203,6호선,버티고개,1223,1248,2471
202203,6호선,보문,4454,4068,8522
202203,6호선,봉화산,4346,4482,8828
202203,6호선,불광,3018,2856,5874
202203,6호선,삼각지,5017,4059,9076
202203,6호선,상수,7780,8928,16708
202203,6호선,상월곡,3643,3073,6716
202203,6호선,새절,7766,7291,15057
202203,6호선,석계,7494,7523,15017
202203,6호선,신당,4416,3988,8404
202203,6호선,안암,6503,6202,12705
202203,6호선,약수,2239,2263,4502
202203,6호선,역촌,2265,2634,4899
202203,6호선,연신내,1,0,1
202203,6호선,월곡,6306,6155,12461
202203,6호선,월드컵경기장,3296,3298,6594
202203,6호선,응암,10664,10589,21253
202203,6호선,이태원,13144,13816,26960
202203,6호선,증산,6514,6268,12782
202203,6호선,창신,1829,1482,3311
202203,6호선,청구,2039,2076,4115
202203,6호선,태릉입구,3600,3769,7369
202203,6호선,한강진,6915,8684,15599
202203,6호선,합정,10563,10153,20716
202203,6호선,화랑대,5660,4788,10448
202203,6호선,효창공원앞,3953,3540,7493
202203,7호선,가산디지털단지,12312,11293,23605
202203,7호선,강남구청,9012,9856,18868
202203,7호선,건대입구,9285,9721,19006
202203,7호선,고속터미널,11804,9124,20928
202203,7호선,공릉,8121,7643,15764
202203,7호선,광명사거리,14182,14318,28500
202203,7호선,군자,9237,7209,16446
202203,7호선,남구로,7010,7104,14114
202203,7호선,남성,6590,6028,12618
202203,7호선,내방,6715,6732,13447
202203,7호선,노원,13661,13732,27393
202203,7호선,논현,9738,10447,20185
202203,7호선,대림,5791,6056,11847
202203,7호선,도봉산,4981,6452,11433
202203,7호선,뚝섬유원지,6607,6145,12752
202203,7호선,마들,8199,7566,15765
202203,7호선,먹골,7123,6894,14017
202203,7호선,면목,9465,9045,18510
202203,7호선,반포,3714,3473,7187
202203,7호선,보라매,5776,5342,11118
202203,7호선,사가정,10073,9952,20025
202203,7호선,상도,6619,6020,12639
202203,7호선,상봉,11215,10772,21987
202203,7호선,수락산,7833,7664,15497
202203,7호선,숭실대입구,7052,7118,14170
202203,7호선,신대방삼거리,9908,9215,19123
202203,7호선,신풍,6746,6429,13175
202203,7호선,어린이대공원,7945,7750,15695
202203,7호선,온수,4731,4718,9449
202203,7호선,용마산,3527,3380,6907
202203,7호선,이수,10436,9726,20162
202203,7호선,장승배기,5604,5469,11073
202203,7호선,장암,1161,708,1869
202203,7호선,중계,7751,6904,14655
202203,7호선,중곡,5841,5566,11407
202203,7호선,중화,6533,6236,12769
202203,7호선,천왕,5895,5535,11430
202203,7호선,철산,12481,12542,25023
202203,7호선,청담,9485,10231,19716
202203,7호선,태릉입구,5467,5085,10552
202203,7호선,하계,10582,9839,20421
202203,7호선,학동,9216,9572,18788
202203,8호선,가락시장,4502,4754,9256
202203,8호선,강동구청,5212,5253,10465
202203,8호선,남위례,2587,2802,5389
202203,8호선,남한산성입구,7786,6940,14726
202203,8호선,단대오거리,6474,6010,12484
202203,8호선,모란,3074,2652,5726
202203,8호선,몽촌토성,3550,3522,7072
202203,8호선,문정,7654,7592,15246
202203,8호선,복정,5219,4394,9613
202203,8호선,산성,3253,3224,6477
202203,8호선,석촌,5168,6251,11419
202203,8호선,송파,4213,4218,8431
202203,8호선,수진,3536,3198,6734
202203,8호선,신흥,2890,3181,6071
202203,8호선,암사,10532,9656,20188
202203,8호선,잠실,10679,12300,22979
202203,8호선,장지,10216,9630,19846
202203,8호선,천호,10258,12245,22503
202203,9호선,가양,11858,11123,22981
202203,9호선,개화,1114,1025,2139
202203,9호선,고속터미널,10266,14124,24390
202203,9호선,공항시장,2007,2059,4066
202203,9호선,구반포,919,955,1874
202203,9호선,국회의사당,3994,4183,8177
202203,9호선,김포공항,6978,10728,17706
202203,9호선,노들,2788,2289,5077
202203,9호선,노량진,18249,17565,35814
202203,9호선,당산,10990,10246,21236
202203,9호선,동작,1301,1095,2396
202203,9호선,등촌,6146,5837,11983
202203,9호선,마곡나루,6898,6703,13601
202203,9호선,사평,1904,1726,3630
202203,9호선,샛강,2140,2058,4198
202203,9호선,선유도,3306,3081,6387
202203,9호선,신논현,22535,22250,44785
202203,9호선,신목동,1891,1576,3467
202203,9호선,신반포,2299,2229,4528
202203,9호선,신방화,3942,3614,7556
202203,9호선,양천향교,5226,4867,10093
202203,9호선,여의도,10787,10401,21188
202203,9호선,염창,9891,9281,19172
202203,9호선,증미,3499,3228,6727
202203,9호선,흑석,4934,4910,9844
202203,9호선2~3단계,둔촌오륜,675,595,1270
202203,9호선2~3단계,봉은사,9964,10685,20649
202203,9호선2~3단계,삼성중앙,2641,2635,5276
202203,9호선2~3단계,삼전,4276,3942,8218
202203,9호선2~3단계,석촌,5921,5102,11023
202203,9호선2~3단계,석촌고분,3600,3413,7013
202203,9호선2~3단계,선정릉,4066,4609,8675
202203,9호선2~3단계,송파나루,3706,4085,7791
202203,9호선2~3단계,언주,5171,5143,10314
202203,9호선2~3단계,올림픽공원,4229,4060,8289
202203,9호선2~3단계,종합운동장,2837,2798,5635
202203,9호선2~3단계,중앙보훈병원,3847,3541,7388
202203,9호선2~3단계,한성백제,1454,1310,2764
202203,경강선,경기광주,4470,4243,8713
202203,경강선,곤지암,1452,1519,2971
202203,경강선,부발,1785,1541,3326
202203,경강선,삼동,1162,1176,2338
202203,경강선,세종대왕릉,248,263,511
202203,경강선,신둔도예촌,986,964,1950
202203,경강선,여주,1750,2005,3755
202203,경강선,이매,646,468,1114
202203,경강선,이천,2182,2161,4343
202203,경강선,초월,1833,1683,3516
202203,경강선,판교,2620,2547,5167
202203,경부선,가산디지털단지,5397,6987,12384
202203,경부선,관악,4451,4248,8699
202203,경부선,광명,2219,1945,4164
202203,경부선,구로,10691,11306,21997
202203,경부선,군포,3725,3467,7192
202203,경부선,금정,15785,15953,31738
202203,경부선,금천구청,6487,6563,13050
202203,경부선,남영,5010,5015,10025
202203,경부선,노량진,6683,6069,12752
202203,경부선,당정,3483,3258,6741
202203,경부선,대방,6870,6888,13758
202203,경부선,독산,7367,7202,14569
202203,경부선,두정,4644,4622,9266
202203,경부선,명학,4218,4015,8233
202203,경부선,병점,10026,10068,20094
202203,경부선,서동탄,786,852,1638
202203,경부선,서울역,5649,1701,7350
202203,경부선,서정리,5940,4692,10632
202203,경부선,석수,5391,4943,10334
202203,경부선,성균관대,8867,8764,17631
202203,경부선,성환,2494,2284,4778
202203,경부선,세류,2050,2057,4107
202203,경부선,세마,1803,1625,3428
202203,경부선,송탄,4215,3785,8000
202203,경부선,수원,31022,33897,64919
202203,경부선,신길,4897,4126,9023
202203,경부선,신도림,2458,2489,4947
202203,경부선,안양,14415,14365,28780
202203,경부선,영등포,32736,34120,66856
202203,경부선,오산,7837,7274,15111
202203,경부선,오산대,2231,1988,4219
202203,경부선,용산,26850,28384,55234
202203,경부선,의왕,4847,4766,9613
202203,경부선,직산,538,497,1035
202203,경부선,진위,831,704,1535
202203,경부선,천안,5059,5212,10271
202203,경부선,평택,11196,10713,21909
202203,경부선,평택지제,2651,2567,5218
202203,경부선,화서,4370,4305,8675
202203,경원선,가능,4547,4267,8814
202203,경원선,광운대,5823,5760,11583
202203,경원선,녹양,3061,2944,6005
202203,경원선,녹천,2664,2219,4883
202203,경원선,덕계,1943,1794,3737
202203,경원선,덕정,3836,3602,7438
202203,경원선,도봉,3763,3563,7326
202203,경원선,도봉산,5537,3780,9317
202203,경원선,동두천,1312,1524,2836
202203,경원선,동두천중앙,2112,2085,4197
202203,경원선,망월사,4843,4887,9730
202203,경원선,방학,6190,6230,12420
202203,경원선,보산,1318,1313,2631
202203,경원선,서빙고,1213,1211,2424
202203,경원선,석계,5573,5830,11403
202203,경원선,소요산,2011,1731,3742
202203,경원선,신이문,5278,4778,10056
202203,경원선,양주,4955,4684,9639
202203,경원선,옥수,17,26,43
202203,경원선,왕십리,10430,11708,22138
202203,경원선,외대앞,5546,5253,10799
202203,경원선,월계,3841,3681,7522
202203,경원선,응봉,1203,1091,2294
202203,경원선,의정부,15053,15686,30739
202203,경원선,이촌,2326,1746,4072
202203,경원선,지행,4452,4483,8935
202203,경원선,창동,1,0,1
202203,경원선,청량리,12198,13202,25400
202203,경원선,한남,2384,2198,4582
202203,경원선,회룡,8011,7982,15993
202203,경의선,가좌,3266,3046,6312
202203,경의선,강매,1644,1495,3139
202203,경의선,곡산,326,348,674
202203,경의선,공덕,2251,1625,3876
202203,경의선,금릉,3057,2937,5994
202203,경의선,금촌,4832,4733,9565
202203,경의선,능곡,2351,2335,4686
202203,경의선,디지털미디어시티,1644,1391,3035
202203,경의선,문산,3552,3491,7043
202203,경의선,백마,3614,3474,7088
202203,경의선,서강대,1423,1385,2808
202203,경의선,서울역,1011,1183,2194
202203,경의선,수색,1258,1224,2482
202203,경의선,신촌,328,315,643
202203,경의선,야당,5167,5087,10254
202203,경의선,운정,4010,3743,7753
202203,경의선,월롱,1704,1430,3134
202203,경의선,일산,5059,4881,9940
202203,경의선,임진강,25,27,52
202203,경의선,탄현,4471,4345,8816
202203,경의선,파주,683,487,1170
202203,경의선,풍산,3473,3286,6759
202203,경의선,행신,4295,4519,8814
202203,경의선,홍대입구,1649,1991,3640
202203,경의선,화전,1079,966,2045
202203,경의선,효창공원앞,1524,1618,3142
202203,경인선,간석,3626,3473,7099
202203,경인선,개봉,13186,12797,25983
202203,경인선,구일,3541,3431,6972
202203,경인선,도원,1614,1621,3235
202203,경인선,도화,2650,2381,5031
202203,경인선,동암,10120,10395,20515
202203,경인선,동인천,9882,9702,19584
202203,경인선,백운,4428,4428,8856
202203,경인선,부개,5202,4915,10117
202203,경인선,부천,24597,25310,49907
202203,경인선,부평,24994,27550,52544
202203,경인선,소사,6276,6023,12299
202203,경인선,송내,14954,14673,29627
202203,경인선,역곡,16921,16480,33401
202203,경인선,오류동,7778,7119,14897
202203,경인선,온수,3985,3648,7633
202203,경인선,인천,3010,2508,5518
202203,경인선,제물포,6258,6118,12376
202203,경인선,주안,13561,12024,25585
202203,경인선,중동,5544,5228,10772
202203,경춘선,가평,1064,1224,2288
202203,경춘선,갈매,1671,1413,3084
202203,경춘선,강촌,350,391,741
202203,경춘선,굴봉산,115,107,222
202203,경춘선,금곡,821,801,1622
202203,경춘선,김유정,226,289,515
202203,경춘선,남춘천,2003,1902,3905
202203,경춘선,대성리,409,538,947
202203,경춘선,마석,2274,2337,4611
202203,경춘선,백양리,65,78,143
202203,경춘선,별내,1910,1810,3720
202203,경춘선,사릉,1384,1412,2796
202203,경춘선,상천,202,172,374
202203,경춘선,신내,1000,950,1950
202203,경춘선,천마산,1038,1027,2065
202203,경춘선,청평,1029,1120,2149
202203,경춘선,춘천,1112,996,2108
202203,경춘선,퇴계원,1952,1776,3728
202203,경춘선,평내호평,3471,3339,6810
202203,공항철도 1호선,검암,3788,3863,7651
202203,공항철도 1호선,계양,5866,5485,11351
202203,공항철도 1호선,공덕,1318,2119,3437
202203,공항철도 1호선,공항화물청사,1204,1274,2478
202203,공항철도 1호선,김포공항,10629,5369,15998
202203,공항철도 1호선,디지털미디어시티,4757,4495,9252
202203,공항철도 1호선,마곡나루,2652,2959,5611
202203,공항철도 1호선,서울역,6038,6387,12425
202203,공항철도 1호선,영종,2292,2342,4634
202203,공항철도 1호선,운서,5186,5293,10479
202203,공항철도 1호선,인천공항1터미널,3301,3462,6763
202203,공항철도 1호선,인천공항2터미널,1929,1742,3671
202203,공항철도 1호선,청라국제도시,3411,3447,6858
202203,공항철도 1호선,홍대입구,10385,10286,20671
202203,과천선,경마공원,8265,8472,16737
202203,과천선,과천,3692,3367,7059
202203,과천선,대공원,2869,2985,5854
202203,과천선,범계,17196,16732,33928
202203,과천선,선바위,4318,3807,8125
202203,과천선,인덕원,13192,13094,26286
202203,과천선,정부과천청사,4842,4719,9561
202203,과천선,평촌,7742,7603,15345
202203,분당선,가천대,4835,5139,9974
202203,분당선,강남구청,4824,5885,10709
202203,분당선,개포동,2278,2294,4572
202203,분당선,구룡,1473,1176,2649
202203,분당선,구성,2675,2750,5425
202203,분당선,기흥,5553,5306,10859
202203,분당선,대모산입구,2363,2172,4535
202203,분당선,도곡,4038,3628,7666
202203,분당선,망포,7959,7324,15283
202203,분당선,매교,1657,1725,3382
202203,분당선,매탄권선,2863,2730,5593
202203,분당선,모란,14005,14280,28285
202203,분당선,미금,8903,9274,18177
202203,분당선,보정,1303,1183,2486
202203,분당선,복정,1,0,1
202203,분당선,상갈,3151,3077,6228
202203,분당선,서울숲,6705,7005,13710
202203,분당선,서현,16653,16800,33453
202203,분당선,선릉,4346,6903,11249
202203,분당선,선정릉,3003,3074,6077
202203,분당선,수내,7545,6982,14527
202203,분당선,수서,8849,9028,17877
202203,분당선,수원,6584,5413,11997
202203,분당선,수원시청,10376,10909,21285
202203,분당선,신갈,2173,2241,4414
202203,분당선,압구정로데오,17300,19535,36835
202203,분당선,야탑,15092,15919,31011
202203,분당선,영통,6069,5883,11952
202203,분당선,오리,6703,5586,12289
202203,분당선,이매,3315,3326,6641
202203,분당선,정자,9161,9284,18445
202203,분당선,죽전,8405,9471,17876
202203,분당선,청명,2383,2330,4713
202203,분당선,태평,9362,8824,18186
202203,분당선,한티,10788,10334,21122
202203,수인선,고색,2836,2823,5659
202203,수인선,남동인더스파크,944,862,1806
202203,수인선,달월,46,44,90
202203,수인선,사리,2940,2550,5490
202203,수인선,소래포구,3880,4022,7902
202203,수인선,송도,1613,1623,3236
202203,수인선,숭의,2389,2203,4592
202203,수인선,신포,1168,1215,2383
202203,수인선,야목,186,200,386
202203,수인선,어천,556,520,1076
202203,수인선,연수,3551,3569,7120
202203,수인선,오목천,1834,1598,3432
202203,수인선,원인재,3032,3283,6315
202203,수인선,월곶,1794,1722,3516
202203,수인선,인천,826,1372,2198
202203,수인선,인천논현,3753,3972,7725
202203,수인선,인하대,4108,3747,7855
202203,수인선,호구포,2312,2163,4475
202203,안산선,고잔,5548,5487,11035
202203,안산선,대야미,3169,2819,5988
202203,안산선,반월,2799,2597,5396
202203,안산선,산본,10450,11322,21772
202203,안산선,상록수,10401,10488,20889
202203,안산선,수리산,2461,1956,4417
202203,안산선,신길온천,1215,1132,2347
202203,안산선,안산,7731,8052,15783
202203,안산선,오이도,5781,5980,11761
202203,안산선,정왕,5675,5692,11367
202203,안산선,중앙,13422,14030,27452
202203,안산선,초지,2748,2803,5551
202203,안산선,한대앞,6305,6039,12344
202203,우이신설선,4.19민주묘지,1880,1730,3610
202203,우이신설선,가오리,2584,2475,5059
202203,우이신설선,보문,968,893,1861
202203,우이신설선,북한산보국문,3973,3546,7519
202203,우이신설선,북한산우이,2009,2031,4040
202203,우이신설선,삼양,1298,1287,2585
202203,우이신설선,삼양사거리,1636,1544,3180
202203,우이신설선,성신여대입구,2546,2821,5367
202203,우이신설선,솔밭공원,1520,1399,2919
202203,우이신설선,솔샘,3189,2951,6140
202203,우이신설선,신설동,1251,1146,2397
202203,우이신설선,정릉,3060,2475,5535
202203,우이신설선,화계,2188,1993,4181
202203,일산선,대곡,1051,920,1971
202203,일산선,대화,6609,5943,12552
202203,일산선,마두,4136,4126,8262
202203,일산선,백석,6448,6421,12869
202203,일산선,삼송,11996,11645,23641
202203,일산선,원당,6882,6415,13297
202203,일산선,원흥,5937,5615,11552
202203,일산선,정발산,5528,5854,11382
202203,일산선,주엽,5292,5100,10392
202203,일산선,지축,1,0,1
202203,일산선,화정,10734,11148,21882
202203,장항선,배방,878,847,1725
202203,장항선,봉명,615,560,1175
202203,장항선,신창,1152,984,2136
202203,장항선,쌍용,1389,1234,2623
202203,장항선,아산,2456,2503,4959
202203,장항선,온양온천,3047,3094,6141
202203,장항선,탕정,523,514,1037
202203,중앙선,구리,8264,8550,16814
202203,중앙선,국수,402,446,848
202203,중앙선,덕소,3442,3583,7025
202203,중앙선,도농,5642,5410,11052
202203,중앙선,도심,1185,1009,2194
202203,중앙선,망우,5280,5026,10306
202203,중앙선,상봉,3943,3796,7739
202203,중앙선,신원,119,129,248
202203,중앙선,아신,376,428,804
202203,중앙선,양수,1301,1355,2656
202203,중앙선,양원,1420,1374,2794
202203,중앙선,양정,395,317,712
202203,중앙선,양평,1850,2008,3858
202203,중앙선,오빈,194,201,395
202203,중앙선,용문,1240,1448,2688
202203,중앙선,운길산,690,715,1405
202203,중앙선,원덕,274,334,608
202203,중앙선,중랑,3671,3613,7284
202203,중앙선,지평,26,42,68
202203,중앙선,팔당,795,780,1575
202203,중앙선,회기,17777,16975,34752
202203,1호선,동대문,8870,9324,18194
202203,1호선,동묘앞,12310,12584,24894
202203,1호선,서울역,23514,21481,44995
202203,1호선,시청,6726,6707,13433
202203,1호선,신설동,7231,7317,14548
202203,1호선,제기동,9723,10379,20102
202203,1호선,종각,11635,10242,21877
202203,1호선,종로3가,13519,11911,25430
202203,1호선,종로5가,9296,8907,18203
202203,1호선,청량리,12143,12201,24344
202203,2호선,강남,32676,31380,64056
202203,2호선,강변,18138,18001,36139
202203,2호선,건대입구,25729,25935,51664
202203,2호선,교대,9749,10552,20301
202203,2호선,구로디지털단지,20900,20580,41480
202203,2호선,구의,10423,10461,20884
202203,2호선,낙성대,15029,15560,30589
202203,2호선,당산,7974,8523,16497
202203,2호선,대림,12429,12677,25106
202203,2호선,도림천,463,472,935
202203,2호선,동대문역사문화공원,7415,8944,16359
202203,2호선,뚝섬,10340,10416,20756
202203,2호선,문래,7427,7881,15308
202203,2호선,방배,6184,6665,12849
202203,2호선,봉천,10987,10738,21725
202203,2호선,사당,19636,21920,41556
202203,2호선,삼성,18363,17800,36163
202203,2호선,상왕십리,6369,6403,12772
202203,2호선,서울대입구,25339,26218,51557
202203,2호선,서초,9892,9122,19014
202203,2호선,선릉,12401,10788,23189
202203,2호선,성수,13534,14937,28471
202203,2호선,시청,5456,4473,9929
202203,2호선,신답,740,854,1594
202203,2호선,신당,7449,7991,15440
202203,2호선,신대방,13613,13439,27052
202203,2호선,신도림,25386,25991,51377
202203,2호선,신림,35161,34614,69775
202203,2호선,신설동,3366,3347,6713
202203,2호선,신정네거리,4734,4671,9405
202203,2호선,신촌,20393,19514,39907
202203,2호선,아현,4688,4792,9480
202203,2호선,양천구청,2884,2952,5836
202203,2호선,역삼,10174,11009,21183
202203,2호선,영등포구청,6916,7296,14212
202203,2호선,왕십리,8921,7961,16882
202203,2호선,용답,1893,2195,4088
202203,2호선,용두,1009,1053,2062
202203,2호선,을지로3가,7474,6849,14323
202203,2호선,을지로4가,3370,3200,6570
202203,2호선,을지로입구,13789,12651,26440
202203,2호선,이대,6622,7427,14049
202203,2호선,잠실,44477,41398,85875
202203,2호선,잠실나루,4672,4751,9423
202203,2호선,잠실새내,10302,10464,20766
202203,2호선,종합운동장,7762,8091,15853
202203,2호선,충정로,3218,3522,6740
202203,2호선,한양대,2501,2759,5260
202203,2호선,합정,19597,20335,39932
202203,2호선,홍대입구,46954,46210,93164
202203,3호선,가락시장,3228,3425,6653
202203,3호선,경복궁,12414,13040,25454
202203,3호선,경찰병원,2374,2536,4910
202203,3호선,고속터미널,34862,33662,68524
202203,3호선,교대,3957,2541,6498
202203,3호선,구파발,10212,10436,20648
202203,3호선,금호,3759,3723,7482
202203,3호선,남부터미널,13097,14145,27242
202203,3호선,녹번,6581,6021,12602
202203,3호선,대청,3811,3772,7583
202203,3호선,대치,5497,4800,10297
202203,3호선,도곡,1672,1938,3610
202203,3호선,독립문,4066,4444,8510
202203,3호선,동대입구,4643,5207,9850
202203,3호선,매봉,3695,3617,7312
202203,3호선,무악재,1656,1910,3566
202203,3호선,불광,9103,10382,19485
202203,3호선,수서,9152,9091,18243
202203,3호선,신사,13921,13844,27765
202203,3호선,안국,11385,12312,23697
202203,3호선,압구정,12521,12782,25303
202203,3호선,약수,5886,5889,11775
202203,3호선,양재,11835,13553,25388
202203,3호선,연신내,19566,18608,38174
202203,3호선,오금,2267,2216,4483
202203,3호선,옥수,4526,4714,9240
202203,3호선,을지로3가,2942,2681,5623
202203,3호선,일원,2966,3137,6103
202203,3호선,잠원,1988,2062,4050
202203,3호선,종로3가,3642,4306,7948
202203,3호선,지축,2151,1950,4101
202203,3호선,충무로,1,0,1
202203,3호선,학여울,2455,2838,5293
202203,3호선,홍제,8391,8159,16550
202203,4호선,길음,9438,9443,18881
202203,4호선,남태령,648,453,1101
202203,4호선,노원,11340,12076,23416
202203,4호선,당고개,5749,5556,11305
202203,4호선,동대문,6844,7180,14024
202203,4호선,동대문역사문화공원,8677,8087,16764
202203,4호선,동작,1299,1364,2663
202203,4호선,명동,10503,9917,20420
202203,4호선,미아,7291,7102,14393
202203,4호선,미아사거리,14584,13821,28405
202203,4호선,사당,13958,12961,26919
202203,4호선,삼각지,2417,3216,5633
202203,4호선,상계,9658,9323,18981
202203,4호선,서울역,3919,8544,12463
202203,4호선,성신여대입구,11693,11182,22875
202203,4호선,수유,18539,17885,36424
202203,4호선,숙대입구,6765,6513,13278
202203,4호선,신용산,6961,7140,14101
202203,4호선,쌍문,14261,13143,27404
202203,4호선,이촌,4477,4905,9382
202203,4호선,창동,14151,14638,28789
202203,4호선,총신대입구,9353,10274,19627
202203,4호선,충무로,8234,8200,16434
202203,4호선,한성대입구,7119,7291,14410
202203,4호선,혜화,20998,21124,42122
202203,4호선,회현,7921,8470,16391
202203,5호선,강동,8051,8282,16333
202203,5호선,강일,1956,1858,3814
202203,5호선,개롱,2698,2942,5640
202203,5호선,개화산,2523,2582,5105
202203,5호선,거여,4112,4015,8127
202203,5호선,고덕,3928,3960,7888
202203,5호선,공덕,3973,3928,7901
202203,5호선,광나루,7262,7239,14501
202203,5호선,광화문,9859,9484,19343
202203,5호선,군자,5537,6121,11658
202203,5호선,굽은다리,4554,4221,8775
202203,5호선,길동,3885,4037,7922
202203,5호선,김포공항,6159,6132,12291
202203,5호선,까치산,14114,13950,28064
202203,5호선,답십리,6709,6360,13069
202203,5호선,동대문역사문화공원,641,830,1471
202203,5호선,둔촌동,4194,4236,8430
202203,5호선,마곡,3411,3521,6932
202203,5호선,마장,2574,2497,5071
202203,5호선,마천,3367,3607,6974
202203,5호선,마포,4448,4441,8889
202203,5호선,명일,4383,4279,8662
202203,5호선,목동,6843,7014,13857
202203,5호선,미사,8147,7956,16103
202203,5호선,발산,8636,8820,17456
202203,5호선,방이,3565,3415,6980
202203,5호선,방화,3185,3194,6379
202203,5호선,상일동,5767,5531,11298
202203,5호선,서대문,4609,4515,9124
202203,5호선,송정,3318,3412,6730
202203,5호선,신금호,2666,2865,5531
202203,5호선,신길,1723,2020,3743
202203,5호선,신정,5787,5225,11012
202203,5호선,아차산,10393,10573,20966
202203,5호선,애오개,2330,2484,4814
202203,5호선,양평,2296,2337,4633
202203,5호선,여의나루,11363,12947,24310
202203,5호선,여의도,8592,8131,16723
202203,5호선,영등포구청,1288,1164,2452
202203,5호선,영등포시장,4843,5135,9978
202203,5호선,오금,1335,1284,2619
202203,5호선,오목교,10215,10402,20617
202203,5호선,올림픽공원,2054,1890,3944
202203,5호선,왕십리,2167,2587,4754
202203,5호선,우장산,6094,6283,12377
202203,5호선,을지로4가,1422,1514,2936
202203,5호선,장한평,7181,7124,14305
202203,5호선,종로3가,8346,7732,16078
202203,5호선,천호,11653,10691,22344
202203,5호선,청구,1651,1497,3148
202203,5호선,충정로,1283,1247,2530
202203,5호선,하남검단산,4214,4244,8458
202203,5호선,하남시청,3519,3419,6938
202203,5호선,하남풍산,1964,1978,3942
202203,5호선,행당,3539,3315,6854
202203,5호선,화곡,12819,12302,25121
202203,6호선,고려대,3857,4029,7886
202203,6호선,공덕,6019,5605,11624
202203,6호선,광흥창,3586,3489,7075
202203,6호선,구산,3407,2621,6028
202203,6호선,녹사평,3757,3790,7547
202203,6호선,대흥,3455,3657,7112
202203,6호선,독바위,1446,2044,3490
202203,6호선,돌곶이,4853,4632,9485
202203,6호선,동묘앞,5857,5587,11444
202203,6호선,디지털미디어시티,4462,4797,9259
202203,6호선,마포구청,6434,5863,12297
202203,6호선,망원,9026,9805,18831
202203,6호선,버티고개,1013,1042,2055
202203,6호선,보문,3606,3436,7042
202203,6호선,봉화산,3560,3489,7049
202203,6호선,불광,2879,2526,5405
202203,6호선,삼각지,3464,2779,6243
202203,6호선,상수,6109,6752,12861
202203,6호선,상월곡,3032,2770,5802
202203,6호선,새절,5854,5624,11478
202203,6호선,석계,6010,6236,12246
202203,6호선,신내,1,0,1
202203,6호선,신당,3444,3950,7394
202203,6호선,안암,5155,5852,11007
202203,6호선,약수,1569,1578,3147
202203,6호선,역촌,1814,2119,3933
202203,6호선,월곡,4927,4949,9876
202203,6호선,월드컵경기장,3104,3119,6223
202203,6호선,응암,8056,8307,16363
202203,6호선,이태원,9460,8910,18370
202203,6호선,증산,4958,5036,9994
202203,6호선,창신,1537,1361,2898
202203,6호선,청구,1523,1479,3002
202203,6호선,태릉입구,2767,3055,5822
202203,6호선,한강진,5796,6613,12409
202203,6호선,합정,8766,7875,16641
202203,6호선,화랑대,4569,4055,8624
202203,6호선,효창공원앞,3087,2888,5975
202203,7호선,가산디지털단지,9620,8839,18459
202203,7호선,강남구청,5046,5649,10695
202203,7호선,건대입구,7041,7751,14792
202203,7호선,고속터미널,10557,6904,17461
202203,7호선,공릉,5950,6233,12183
202203,7호선,광명사거리,11185,11055,22240
202203,7호선,군자,6961,5441,12402
202203,7호선,남구로,5706,5626,11332
202203,7호선,남성,4761,4780,9541
202203,7호선,내방,4554,4804,9358
202203,7호선,노원,10334,10286,20620
202203,7호선,논현,5461,5913,11374
202203,7호선,대림,5584,5221,10805
202203,7호선,도봉산,5073,7616,12689
202203,7호선,뚝섬유원지,8516,8194,16710
202203,7호선,마들,5440,5039,10479
202203,7호선,먹골,5418,5291,10709
202203,7호선,면목,7350,7242,14592
202203,7호선,반포,2627,2598,5225
202203,7호선,보라매,4029,4000,8029
202203,7호선,사가정,8234,7975,16209
202203,7호선,상도,5009,5053,10062
202203,7호선,상봉,8339,7532,15871
202203,7호선,수락산,7954,7789,15743
202203,7호선,숭실대입구,5281,5818,11099
202203,7호선,신대방삼거리,7201,7110,14311
202203,7호선,신풍,5296,5145,10441
202203,7호선,어린이대공원,7624,7788,15412
202203,7호선,온수,3428,3559,6987
202203,7호선,용마산,2818,3453,6271
202203,7호선,이수,7671,7085,14756
202203,7호선,장승배기,3864,3890,7754
202203,7호선,장암,1309,940,2249
202203,7호선,중계,6018,5495,11513
202203,7호선,중곡,4852,4794,9646
202203,7호선,중화,5132,5021,10153
202203,7호선,천왕,4445,4286,8731
202203,7호선,철산,9232,9063,18295
202203,7호선,청담,6113,6508,12621
202203,7호선,태릉입구,4531,4268,8799
202203,7호선,하계,8449,7988,16437
202203,7호선,학동,5926,6307,12233
202203,8호선,가락시장,2779,3553,6332
202203,8호선,강동구청,4027,4139,8166
202203,8호선,남위례,1951,2086,4037
202203,8호선,남한산성입구,6248,5954,12202
202203,8호선,단대오거리,5074,5030,10104
202203,8호선,모란,2414,2030,4444
202203,8호선,몽촌토성,3363,3166,6529
202203,8호선,문정,4974,5172,10146
202203,8호선,복정,4109,3913,8022
202203,8호선,산성,2823,2910,5733
202203,8호선,석촌,3905,5039,8944
202203,8호선,송파,3119,3231,6350
202203,8호선,수진,2672,2444,5116
202203,8호선,신흥,2300,2543,4843
202203,8호선,암사,7814,7434,15248
202203,8호선,잠실,9119,9806,18925
202203,8호선,장지,8159,8294,16453
202203,8호선,천호,7845,9070,16915
202203,9호선,가양,8866,8704,17570
202203,9호선,개화,1023,1002,2025
202203,9호선,고속터미널,8947,12490,21437
202203,9호선,공항시장,1591,1691,3282
202203,9호선,구반포,532,508,1040
202203,9호선,국회의사당,3715,3560,7275
202203,9호선,김포공항,6198,10304,16502
202203,9호선,노들,2352,2115,4467
202203,9호선,노량진,13133,13583,26716
202203,9호선,당산,8324,7982,16306
202203,9호선,동작,1417,1157,2574
202203,9호선,등촌,4674,4572,9246
202203,9호선,마곡나루,5457,5307,10764
202203,9호선,사평,1277,1387,2664
202203,9호선,샛강,1606,1451,3057
202203,9호선,선유도,2600,2478,5078
202203,9호선,신논현,14499,13563,28062
202203,9호선,신목동,1571,1412,2983
202203,9호선,신반포,1605,1741,3346
202203,9호선,신방화,2963,2966,5929
202203,9호선,양천향교,3916,4058,7974
202203,9호선,여의도,9372,7836,17208
202203,9호선,염창,7749,7565,15314
202203,9호선,증미,2159,2252,4411
202203,9호선,흑석,3883,4162,8045
202203,9호선2~3단계,둔촌오륜,439,479,918
202203,9호선2~3단계,봉은사,7167,7354,14521
202203,9호선2~3단계,삼성중앙,1764,1819,3583
202203,9호선2~3단계,삼전,3248,3223,6471
202203,9호선2~3단계,석촌,4443,3945,8388
202203,9호선2~3단계,석촌고분,2791,2801,5592
202203,9호선2~3단계,선정릉,2587,2974,5561
202203,9호선2~3단계,송파나루,3141,3402,6543
202203,9호선2~3단계,언주,3282,3333,6615
202203,9호선2~3단계,올림픽공원,3740,3812,7552
202203,9호선2~3단계,종합운동장,2026,1761,3787
202203,9호선2~3단계,중앙보훈병원,2990,2858,5848
202203,9호선2~3단계,한성백제,1348,1138,2486
202203,경강선,경기광주,3496,3407,6903
202203,경강선,곤지암,1343,1509,2852
202203,경강선,부발,1396,2049,3445
202203,경강선,삼동,946,943,1889
202203,경강선,세종대왕릉,255,267,522
202203,경강선,신둔도예촌,865,954,1819
202203,경강선,여주,1940,2028,3968
202203,경강선,이매,599,492,1091
202203,경강선,이천,1979,2176,4155
202203,경강선,초월,1387,1501,2888
202203,경강선,판교,2299,2138,4437
202203,경부선,가산디지털단지,4140,5739,9879
202203,경부선,관악,4480,4072,8552
202203,경부선,광명,2316,1585,3901
202203,경부선,구로,8587,8739,17326
202203,경부선,군포,2803,2644,5447
202203,경부선,금정,12603,12870,25473
202203,경부선,금천구청,5542,5487,11029
202203,경부선,남영,3819,4220,8039
202203,경부선,노량진,4966,4904,9870
202203,경부선,당정,2712,2839,5551
202203,경부선,대방,5304,5619,10923
202203,경부선,독산,5507,5687,11194
202203,경부선,두정,3992,5108,9100
202203,경부선,명학,3079,3024,6103
202203,경부선,병점,8642,9095,17737
202203,경부선,서동탄,712,722,1434
202203,경부선,서울역,7068,1580,8648
202203,경부선,서정리,4325,6088,10413
202203,경부선,석수,4715,4622,9337
202203,경부선,성균관대,7062,7718,14780
202203,경부선,성환,2272,2897,5169
202203,경부선,세류,1775,1667,3442
202203,경부선,세마,1531,1418,2949
202203,경부선,송탄,3394,4011,7405
202203,경부선,수원,30245,29203,59448
202203,경부선,신길,4201,3726,7927
202203,경부선,신도림,2108,2019,4127
202203,경부선,안양,12139,11546,23685
202203,경부선,영등포,28710,27618,56328
202203,경부선,오산,6957,7359,14316
202203,경부선,오산대,1991,1877,3868
202203,경부선,용산,27087,24502,51589
202203,경부선,의왕,3886,3895,7781
202203,경부선,직산,497,568,1065
202203,경부선,진위,814,806,1620
202203,경부선,천안,5360,5639,10999
202203,경부선,평택,10380,11194,21574
202203,경부선,평택지제,2348,2136,4484
202203,경부선,화서,3619,3477,7096
202203,경원선,가능,3720,3421,7141
202203,경원선,광운대,4841,5203,10044
202203,경원선,녹양,2431,2342,4773
202203,경원선,녹천,2495,2207,4702
202203,경원선,덕계,1633,1601,3234
202203,경원선,덕정,3052,3245,6297
202203,경원선,도봉,3261,2958,6219
202203,경원선,도봉산,8865,6343,15208
202203,경원선,동두천,1267,1717,2984
202203,경원선,동두천중앙,1958,1819,3777
202203,경원선,망월사,4151,4325,8476
202203,경원선,방학,5458,5241,10699
202203,경원선,보산,1204,1200,2404
202203,경원선,서빙고,1232,1321,2553
202203,경원선,석계,4496,4857,9353
202203,경원선,소요산,3767,3248,7015
202203,경원선,신이문,4186,3914,8100
202203,경원선,양주,4757,4669,9426
202203,경원선,옥수,35,20,55
202203,경원선,왕십리,8337,9403,17740
202203,경원선,외대앞,4475,4642,9117
202203,경원선,월계,3537,3166,6703
202203,경원선,응봉,1292,1435,2727
202203,경원선,의정부,12963,13094,26057
202203,경원선,이촌,2095,1532,3627
202203,경원선,지행,3795,3849,7644
202203,경원선,청량리,12215,11394,23609
202203,경원선,한남,1777,1733,3510
202203,경원선,회룡,6721,6653,13374
202203,경의선,가좌,2551,2511,5062
202203,경의선,강매,1395,1301,2696
202203,경의선,곡산,318,347,665
202203,경의선,공덕,1563,1232,2795
202203,경의선,금릉,2577,2520,5097
202203,경의선,금촌,3694,3794,7488
202203,경의선,능곡,2051,1996,4047
202203,경의선,디지털미디어시티,1286,1160,2446
202203,경의선,문산,3080,3217,6297
202203,경의선,백마,3111,2900,6011
202203,경의선,서강대,1179,1168,2347
202203,경의선,서울역,921,879,1800
202203,경의선,수색,805,873,1678
202203,경의선,신촌,232,228,460
202203,경의선,야당,4241,4019,8260
202203,경의선,운정,3387,3135,6522
202203,경의선,월롱,872,1946,2818
202203,경의선,일산,4305,3972,8277
202203,경의선,임진강,61,45,106
202203,경의선,탄현,3751,3515,7266
202203,경의선,파주,623,586,1209
202203,경의선,풍산,3222,2929,6151
202203,경의선,행신,4108,3852,7960
202203,경의선,홍대입구,1421,1766,3187
202203,경의선,화전,856,962,1818
202203,경의선,효창공원앞,1175,1334,2509
202203,경인선,간석,2944,2774,5718
202203,경인선,개봉,10221,10155,20376
202203,경인선,구일,2897,2882,5779
202203,경인선,도원,1445,1463,2908
202203,경인선,도화,2160,2014,4174
202203,경인선,동암,8542,8242,16784
202203,경인선,동인천,8524,8346,16870
202203,경인선,백운,3546,3501,7047
202203,경인선,부개,4157,3886,8043
202203,경인선,부천,19547,18848,38395
202203,경인선,부평,20855,20752,41607
202203,경인선,소사,4701,4421,9122
202203,경인선,송내,11517,11236,22753
202203,경인선,역곡,12825,12775,25600
202203,경인선,오류동,6275,5847,12122
202203,경인선,온수,3305,3168,6473
202203,경인선,인천,3633,3060,6693
202203,경인선,제물포,5102,4932,10034
202203,경인선,주안,10600,9361,19961
202203,경인선,중동,4326,4015,8341
202203,경춘선,가평,1498,1267,2765
202203,경춘선,갈매,1389,1268,2657
202203,경춘선,강촌,660,533,1193
202203,경춘선,굴봉산,215,190,405
202203,경춘선,금곡,892,774,1666
202203,경춘선,김유정,484,522,1006
202203,경춘선,남춘천,2598,3228,5826
202203,경춘선,대성리,825,501,1326
202203,경춘선,마석,2307,2285,4592
202203,경춘선,백양리,96,91,187
202203,경춘선,별내,1799,1591,3390
202203,경춘선,사릉,1305,1277,2582
202203,경춘선,상천,485,373,858
202203,경춘선,신내,976,977,1953
202203,경춘선,천마산,1112,1055,2167
202203,경춘선,청평,1407,1177,2584
202203,경춘선,춘천,1421,1312,2733
202203,경춘선,퇴계원,1841,1629,3470
202203,경춘선,평내호평,3207,2984,6191
202203,공항철도 1호선,검암,3266,3266,6532
202203,공항철도 1호선,계양,4831,4528,9359
202203,공항철도 1호선,공덕,1031,1470,2501
202203,공항철도 1호선,공항화물청사,956,1046,2002
202203,공항철도 1호선,김포공항,10458,5345,15803
202203,공항철도 1호선,디지털미디어시티,3402,3363,6765
202203,공항철도 1호선,마곡나루,2266,2563,4829
202203,공항철도 1호선,서울역,6642,6121,12763
202203,공항철도 1호선,영종,2277,2169,4446
202203,공항철도 1호선,운서,4707,4961,9668
202203,공항철도 1호선,인천공항1터미널,3589,3475,7064
202203,공항철도 1호선,인천공항2터미널,1908,1759,3667
202203,공항철도 1호선,청라국제도시,3125,2898,6023
202203,공항철도 1호선,홍대입구,9158,8418,17576
202203,과천선,경마공원,9743,9790,19533
202203,과천선,과천,3324,3123,6447
202203,과천선,대공원,5680,5784,11464
202203,과천선,범계,13525,13001,26526
202203,과천선,선바위,3940,3755,7695
202203,과천선,인덕원,10646,10734,21380
202203,과천선,정부과천청사,4259,4345,8604
202203,과천선,평촌,6014,5718,11732
202203,분당선,가천대,3646,4637,8283
202203,분당선,강남구청,3050,3669,6719
202203,분당선,개포동,1673,1734,3407
202203,분당선,구룡,722,853,1575
202203,분당선,구성,2117,2255,4372
202203,분당선,기흥,4592,4282,8874
202203,분당선,대모산입구,1953,1912,3865
202203,분당선,도곡,2438,2414,4852
202203,분당선,망포,5644,5804,11448
202203,분당선,매교,1293,1341,2634
202203,분당선,매탄권선,2343,2227,4570
202203,분당선,모란,10444,10800,21244
202203,분당선,미금,6640,7084,13724
202203,분당선,보정,975,918,1893
202203,분당선,복정,1,0,1
202203,분당선,상갈,2543,2557,5100
202203,분당선,서울숲,6639,6831,13470
202203,분당선,서현,13680,13687,27367
202203,분당선,선릉,2710,3992,6702
202203,분당선,선정릉,2000,1965,3965
202203,분당선,수내,5558,5292,10850
202203,분당선,수서,7726,7279,15005
202203,분당선,수원,5534,4506,10040
202203,분당선,수원시청,6902,6913,13815
202203,분당선,신갈,1768,1865,3633
202203,분당선,압구정로데오,10986,11839,22825
202203,분당선,야탑,12347,12673,25020
202203,분당선,영통,4492,4530,9022
202203,분당선,오리,4824,4213,9037
202203,분당선,이매,2899,2984,5883
202203,분당선,정자,6850,6989,13839
202203,분당선,죽전,6838,7795,14633
202203,분당선,청명,1709,1833,3542
202203,분당선,태평,7544,7151,14695
202203,분당선,한티,7864,7451,15315
202203,수인선,고색,1966,2140,4106
202203,수인선,남동인더스파크,589,586,1175
202203,수인선,달월,60,66,126
202203,수인선,사리,2355,2017,4372
202203,수인선,소래포구,4297,4090,8387
202203,수인선,송도,1400,1322,2722
202203,수인선,숭의,1896,1778,3674
202203,수인선,신포,1087,1018,2105
202203,수인선,야목,220,176,396
202203,수인선,어천,530,614,1144
202203,수인선,연수,2979,2952,5931
202203,수인선,오목천,1410,1393,2803
202203,수인선,원인재,2672,2760,5432
202203,수인선,월곶,1604,1452,3056
202203,수인선,인천,1047,1535,2582
202203,수인선,인천논현,2712,2766,5478
202203,수인선,인하대,3204,3099,6303
202203,수인선,호구포,1819,1949,3768
202203,안산선,고잔,3905,3789,7694
202203,안산선,대야미,2957,2598,5555
202203,안산선,반월,2370,2331,4701
202203,안산선,산본,8158,8474,16632
202203,안산선,상록수,8203,8149,16352
202203,안산선,수리산,2013,1990,4003
202203,안산선,신길온천,1074,1008,2082
202203,안산선,안산,8564,7754,16318
202203,안산선,오이도,5389,5313,10702
202203,안산선,정왕,4845,5325,10170
202203,안산선,중앙,10995,10669,21664
202203,안산선,초지,2093,2030,4123
202203,안산선,한대앞,5014,5127,10141
202203,우이신설선,4.19민주묘지,2066,1794,3860
202203,우이신설선,가오리,2126,1976,4102
202203,우이신설선,보문,901,873,1774
202203,우이신설선,북한산보국문,3506,3319,6825
202203,우이신설선,북한산우이,3283,3312,6595
202203,우이신설선,삼양,1110,1103,2213
202203,우이신설선,삼양사거리,1474,1441,2915
202203,우이신설선,성신여대입구,2194,2497,4691
202203,우이신설선,솔밭공원,1294,1287,2581
202203,우이신설선,솔샘,2592,2406,4998
202203,우이신설선,신설동,1134,1191,2325
202203,우이신설선,정릉,2598,2181,4779
202203,우이신설선,화계,1897,1772,3669
202203,일산선,대곡,996,882,1878
202203,일산선,대화,5424,4986,10410
202203,일산선,마두,3072,3081,6153
202203,일산선,백석,4955,4893,9848
202203,일산선,삼송,10015,9798,19813
202203,일산선,원당,5715,5461,11176
202203,일산선,원흥,4799,4825,9624
202203,일산선,정발산,5173,5127,10300
202203,일산선,주엽,4195,4132,8327
202203,일산선,화정,8594,8582,17176
202203,장항선,배방,688,853,1541
202203,장항선,봉명,500,532,1032
202203,장항선,신창,938,1993,2931
202203,장항선,쌍용,1103,1238,2341
202203,장항선,아산,3434,2153,5587
202203,장항선,온양온천,2949,2969,5918
202203,장항선,탕정,456,503,959
202203,중앙선,구리,6893,7133,14026
202203,중앙선,국수,602,564,1166
202203,중앙선,덕소,3057,3044,6101
202203,중앙선,도농,4565,4513,9078
202203,중앙선,도심,1117,988,2105
202203,중앙선,망우,4474,4322,8796
202203,중앙선,상봉,3378,3526,6904
202203,중앙선,신원,289,213,502
202203,중앙선,아신,499,456,955
202203,중앙선,양수,1826,1615,3441
202203,중앙선,양원,1182,1212,2394
202203,중앙선,양정,499,399,898
202203,중앙선,양평,2153,1847,4000
202203,중앙선,오빈,233,200,433
202203,중앙선,용문,1727,1419,3146
202203,중앙선,운길산,1378,1316,2694
202203,중앙선,원덕,448,434,882
202203,중앙선,중랑,3062,3014,6076
202203,중앙선,지평,60,56,116
202203,중앙선,팔당,1481,1430,2911
202203,중앙선,회기,14863,15256,30119
202204,1호선,동대문,10056,9713,19769
202204,1호선,동묘앞,11515,11938,23453
202204,1호선,서울역,28867,30246,59113
202204,1호선,시청,11118,11346,22464
202204,1호선,신설동,9282,8764,18046
202204,1호선,제기동,15027,15378,30405
202204,1호선,종각,18211,16370,34581
202204,1호선,종로3가,20827,19713,40540
202204,1호선,종로5가,18374,18337,36711
202204,1호선,청량리,17282,17276,34558
202204,2호선,강남,57229,57273,114502
202204,2호선,강변,24280,24215,48495
202204,2호선,건대입구,37902,38949,76851
202204,2호선,교대,15964,17546,33510
202204,2호선,구로디지털단지,32307,31415,63722
202204,2호선,구의,15985,15376,31361
202204,2호선,낙성대,21235,18478,39713
202204,2호선,당산,12522,13410,25932
202204,2호선,대림,17284,18123,35407
202204,2호선,도림천,841,832,1673
202204,2호선,동대문역사문화공원,10437,12013,22450
202204,2호선,뚝섬,18005,17458,35463
202204,2호선,문래,13159,13592,26751
202204,2호선,방배,9474,9752,19226
202204,2호선,봉천,16425,14947,31372
202204,2호선,사당,28587,31886,60473
202204,2호선,삼성,30343,30525,60868
202204,2호선,상왕십리,9423,8716,18139
202204,2호선,서울대입구,36179,35411,71590
202204,2호선,서초,10191,8355,18546
202204,2호선,선릉,22459,19670,42129
202204,2호선,성수,21006,23482,44488
202204,2호선,시청,8318,7507,15825
202204,2호선,신답,1038,1061,2099
202204,2호선,신당,11052,11573,22625
202204,2호선,신대방,19293,18489,37782
202204,2호선,신도림,38203,39208,77411
202204,2호선,신림,49280,46809,96089
202204,2호선,신설동,3398,1703,5101
202204,2호선,신정네거리,7265,7267,14532
202204,2호선,신촌,29269,28408,57677
202204,2호선,아현,6951,6638,13589
202204,2호선,양천구청,4424,4461,8885
202204,2호선,역삼,16784,18201,34985
202204,2호선,영등포구청,11788,12286,24074
202204,2호선,왕십리,13554,11722,25276
202204,2호선,용답,2269,2340,4609
202204,2호선,용두,1763,1665,3428
202204,2호선,을지로3가,10953,10637,21590
202204,2호선,을지로4가,6847,7313,14160
202204,2호선,을지로입구,19342,19213,38555
202204,2호선,이대,10039,10466,20505
202204,2호선,잠실,75696,73365,149061
202204,2호선,잠실나루,7005,6197,13202
202204,2호선,잠실새내,17654,17798,35452
202204,2호선,종합운동장,14414,16092,30506
202204,2호선,충정로,5015,5478,10493
202204,2호선,한양대,4606,4925,9531
202204,2호선,합정,28045,30701,58746
202204,2호선,홍대입구,63406,67291,130697
202204,3호선,가락시장,5652,5337,10989
202204,3호선,경복궁,19427,20459,39886
202204,3호선,경찰병원,3697,3587,7284
202204,3호선,고속터미널,45336,45686,91022
202204,3호선,교대,6362,3886,10248
202204,3호선,구파발,14356,14853,29209
202204,3호선,금호,5488,5063,10551
202204,3호선,남부터미널,18777,19025,37802
202204,3호선,녹번,9801,8689,18490
202204,3호선,대청,5572,5163,10735
202204,3호선,대치,8898,8001,16899
202204,3호선,도곡,3217,3204,6421
202204,3호선,독립문,5651,6505,12156
202204,3호선,동대입구,6450,7187,13637
202204,3호선,매봉,5945,5641,11586
202204,3호선,무악재,2676,2830,5506
202204,3호선,불광,12352,13485,25837
202204,3호선,수서,12160,12346,24506
202204,3호선,신사,24762,25365,50127
202204,3호선,안국,18173,20394,38567
202204,3호선,압구정,22279,23528,45807
202204,3호선,약수,8769,8362,17131
202204,3호선,양재,18935,20889,39824
202204,3호선,연신내,28355,26882,55237
202204,3호선,오금,3736,3639,7375
202204,3호선,옥수,7175,7155,14330
202204,3호선,을지로3가,4878,5320,10198
202204,3호선,일원,4847,4739,9586
202204,3호선,잠원,3299,3115,6414
202204,3호선,종로3가,6041,8160,14201
202204,3호선,지축,3207,2893,6100
202204,3호선,충무로,2,0,2
202204,3호선,학여울,1085,970,2055
202204,3호선,홍제,12421,11773,24194
202204,4호선,길음,13714,12968,26682
202204,4호선,남태령,1021,580,1601
202204,4호선,노원,15383,17041,32424
202204,4호선,당고개,7111,6808,13919
202204,4호선,동대문,12968,13344,26312
202204,4호선,동대문역사문화공원,11250,10022,21272
202204,4호선,동작,1613,1812,3425
202204,4호선,명동,13743,16198,29941
202204,4호선,미아,10349,9673,20022
202204,4호선,미아사거리,21120,20114,41234
202204,4호선,사당,20155,17237,37392
202204,4호선,삼각지,3550,4514,8064
202204,4호선,상계,13709,12797,26506
202204,4호선,서울역,5275,12014,17289
202204,4호선,성신여대입구,15776,14884,30660
202204,4호선,수유,25622,25009,50631
202204,4호선,숙대입구,9283,8968,18251
202204,4호선,신용산,9647,10427,20074
202204,4호선,쌍문,20510,18232,38742
202204,4호선,이촌,6288,7067,13355
202204,4호선,창동,19079,19904,38983
202204,4호선,총신대입구,13545,14563,28108
202204,4호선,충무로,13194,13475,26669
202204,4호선,한성대입구,10388,10155,20543
202204,4호선,혜화,26200,26496,52696
202204,4호선,회현,17142,18775,35917
202204,5호선,강동,12506,11967,24473
202204,5호선,강일,2758,2568,5326
202204,5호선,개롱,3866,4029,7895
202204,5호선,개화산,3554,3613,7167
202204,5호선,거여,6169,5895,12064
202204,5호선,고덕,6270,6144,12414
202204,5호선,공덕,6773,6992,13765
202204,5호선,광나루,9494,9039,18533
202204,5호선,광화문,15813,15649,31462
202204,5호선,군자,8023,8740,16763
202204,5호선,굽은다리,7308,6544,13852
202204,5호선,길동,5521,5817,11338
202204,5호선,김포공항,6827,7113,13940
202204,5호선,까치산,20050,19152,39202
202204,5호선,답십리,9808,8824,18632
202204,5호선,동대문역사문화공원,947,1232,2179
202204,5호선,둔촌동,6030,6031,12061
202204,5호선,마곡,5240,5254,10494
202204,5호선,마장,3979,3787,7766
202204,5호선,마천,4562,4787,9349
202204,5호선,마포,7134,7130,14264
202204,5호선,명일,6118,6086,12204
202204,5호선,목동,10612,10784,21396
202204,5호선,미사,11766,11656,23422
202204,5호선,발산,13018,13683,26701
202204,5호선,방이,5275,5129,10404
202204,5호선,방화,4361,4108,8469
202204,5호선,상일동,8972,8438,17410
202204,5호선,서대문,6990,6549,13539
202204,5호선,송정,4688,4547,9235
202204,5호선,신금호,3859,4044,7903
202204,5호선,신길,2604,2775,5379
202204,5호선,신정,8737,7678,16415
202204,5호선,아차산,13809,13505,27314
202204,5호선,애오개,3476,3378,6854
202204,5호선,양평,3701,3512,7213
202204,5호선,여의나루,22126,25446,47572
202204,5호선,여의도,13757,13833,27590
202204,5호선,영등포구청,1908,1869,3777
202204,5호선,영등포시장,7639,7954,15593
202204,5호선,오금,2531,2274,4805
202204,5호선,오목교,15805,16110,31915
202204,5호선,올림픽공원,3129,2970,6099
202204,5호선,왕십리,3364,4257,7621
202204,5호선,우장산,9357,9124,18481
202204,5호선,을지로4가,3155,3540,6695
202204,5호선,장한평,10783,10548,21331
202204,5호선,종로3가,12914,12845,25759
202204,5호선,천호,16064,15184,31248
202204,5호선,청구,2450,2248,4698
202204,5호선,충정로,1916,1741,3657
202204,5호선,하남검단산,4974,5022,9996
202204,5호선,하남시청,5272,5054,10326
202204,5호선,하남풍산,2780,2740,5520
202204,5호선,행당,5059,4423,9482
202204,5호선,화곡,19269,18025,37294
202204,6호선,고려대,5319,5287,10606
202204,6호선,공덕,9449,8972,18421
202204,6호선,광흥창,4984,4641,9625
202204,6호선,구산,5275,3903,9178
202204,6호선,녹사평,5188,5383,10571
202204,6호선,대흥,5420,5342,10762
202204,6호선,독바위,1892,2214,4106
202204,6호선,돌곶이,5997,5550,11547
202204,6호선,동묘앞,7162,7097,14259
202204,6호선,디지털미디어시티,6664,6901,13565
202204,6호선,마포구청,8808,7775,16583
202204,6호선,망원,12668,13875,26543
202204,6호선,버티고개,1349,1463,2812
202204,6호선,보문,5004,4448,9452
202204,6호선,봉화산,4978,4839,9817
202204,6호선,불광,3502,3280,6782
202204,6호선,삼각지,5257,4108,9365
202204,6호선,상수,8868,10088,18956
202204,6호선,상월곡,4000,3465,7465
202204,6호선,새절,8665,8151,16816
202204,6호선,석계,8194,8282,16476
202204,6호선,신당,6343,5564,11907
202204,6호선,안암,7520,7108,14628
202204,6호선,약수,2446,2508,4954
202204,6호선,역촌,2460,2899,5359
202204,6호선,연신내,1,0,1
202204,6호선,월곡,7310,6988,14298
202204,6호선,월드컵경기장,4521,4516,9037
202204,6호선,응암,11963,11897,23860
202204,6호선,이태원,15246,15657,30903
202204,6호선,증산,7373,7199,14572
202204,6호선,창신,2159,1840,3999
202204,6호선,청구,2213,2358,4571
202204,6호선,태릉입구,4029,4322,8351
202204,6호선,한강진,7991,10127,18118
202204,6호선,합정,12286,11448,23734
202204,6호선,화랑대,6956,5747,12703
202204,6호선,효창공원앞,4654,4135,8789
202204,7호선,가산디지털단지,13770,12474,26244
202204,7호선,강남구청,9386,10423,19809
202204,7호선,건대입구,11299,11812,23111
202204,7호선,고속터미널,13318,10068,23386
202204,7호선,공릉,8565,8369,16934
202204,7호선,광명사거리,16073,16082,32155
202204,7호선,군자,10374,7866,18240
202204,7호선,남구로,7582,7758,15340
202204,7호선,남성,7162,6602,13764
202204,7호선,내방,7207,7163,14370
202204,7호선,노원,15065,15605,30670
202204,7호선,논현,10282,11260,21542
202204,7호선,대림,6201,6644,12845
202204,7호선,도봉산,6364,9041,15405
202204,7호선,뚝섬유원지,13332,13256,26588
202204,7호선,마들,8506,7969,16475
202204,7호선,먹골,7522,7094,14616
202204,7호선,면목,10635,10272,20907
202204,7호선,반포,4107,3943,8050
202204,7호선,보라매,6336,6076,12412
202204,7호선,사가정,11752,11299,23051
202204,7호선,상도,7325,6877,14202
202204,7호선,상봉,12608,12071,24679
202204,7호선,수락산,9692,9344,19036
202204,7호선,숭실대입구,8531,8364,16895
202204,7호선,신대방삼거리,11119,10342,21461
202204,7호선,신풍,7588,7163,14751
202204,7호선,어린이대공원,11875,11929,23804
202204,7호선,온수,5279,5231,10510
202204,7호선,용마산,4476,4780,9256
202204,7호선,이수,11545,10780,22325
202204,7호선,장승배기,6179,5854,12033
202204,7호선,장암,1600,1119,2719
202204,7호선,중계,9150,8036,17186
202204,7호선,중곡,6860,6488,13348
202204,7호선,중화,7067,6916,13983
202204,7호선,천왕,6566,6202,12768
202204,7호선,철산,13735,13900,27635
202204,7호선,청담,10399,11369,21768
202204,7호선,태릉입구,6390,5954,12344
202204,7호선,하계,11773,11036,22809
202204,7호선,학동,9906,10469,20375
202204,8호선,가락시장,5315,5483,10798
202204,8호선,강동구청,5739,5816,11555
202204,8호선,남위례,2969,3113,6082
202204,8호선,남한산성입구,8906,7964,16870
202204,8호선,단대오거리,7439,6869,14308
202204,8호선,모란,3779,3320,7099
202204,8호선,몽촌토성,4768,4639,9407
202204,8호선,문정,8299,8256,16555
202204,8호선,복정,5831,5061,10892
202204,8호선,산성,4104,4121,8225
202204,8호선,석촌,6302,8346,14648
202204,8호선,송파,5386,5370,10756
202204,8호선,수진,4160,3670,7830
202204,8호선,신흥,3388,3596,6984
202204,8호선,암사,11877,10784,22661
202204,8호선,잠실,14450,16018,30468
202204,8호선,장지,11485,10649,22134
202204,8호선,천호,11244,13367,24611
202204,9호선,가양,13442,12573,26015
202204,9호선,개화,1417,1205,2622
202204,9호선,고속터미널,12321,17514,29835
202204,9호선,공항시장,2265,2326,4591
202204,9호선,구반포,1016,1003,2019
202204,9호선,국회의사당,5161,5606,10767
202204,9호선,김포공항,7087,11359,18446
202204,9호선,노들,3115,2640,5755
202204,9호선,노량진,20869,20175,41044
202204,9호선,당산,12897,12010,24907
202204,9호선,동작,1771,1512,3283
202204,9호선,등촌,6850,6396,13246
202204,9호선,마곡나루,8233,7911,16144
202204,9호선,사평,2315,2146,4461
202204,9호선,샛강,2699,2550,5249
202204,9호선,선유도,4046,3969,8015
202204,9호선,신논현,24815,24045,48860
202204,9호선,신목동,2297,1947,4244
202204,9호선,신반포,2702,2651,5353
202204,9호선,신방화,4458,4167,8625
202204,9호선,양천향교,5536,5276,10812
202204,9호선,여의도,13824,13242,27066
202204,9호선,염창,11758,10710,22468
202204,9호선,증미,3944,3758,7702
202204,9호선,흑석,5761,5576,11337
202204,9호선2~3단계,둔촌오륜,626,621,1247
202204,9호선2~3단계,봉은사,11919,12833,24752
202204,9호선2~3단계,삼성중앙,2905,2891,5796
202204,9호선2~3단계,삼전,4736,4357,9093
202204,9호선2~3단계,석촌,7170,6534,13704
202204,9호선2~3단계,석촌고분,4065,3928,7993
202204,9호선2~3단계,선정릉,4532,5153,9685
202204,9호선2~3단계,송파나루,5110,5112,10222
202204,9호선2~3단계,언주,5468,5518,10986
202204,9호선2~3단계,올림픽공원,5149,5330,10479
202204,9호선2~3단계,종합운동장,3973,3546,7519
202204,9호선2~3단계,중앙보훈병원,4442,4134,8576
202204,9호선2~3단계,한성백제,1970,1642,3612
202204,경강선,경기광주,5173,4905,10078
202204,경강선,곤지암,1728,1863,3591
202204,경강선,부발,1983,1628,3611
202204,경강선,삼동,1352,1245,2597
202204,경강선,세종대왕릉,334,395,729
202204,경강선,신둔도예촌,1190,1116,2306
202204,경강선,여주,2105,2383,4488
202204,경강선,이매,808,640,1448
202204,경강선,이천,2657,2687,5344
202204,경강선,초월,2096,1983,4079
202204,경강선,판교,2993,2805,5798
202204,경부선,가산디지털단지,5995,7834,13829
202204,경부선,관악,5754,5424,11178
202204,경부선,광명,2465,2312,4777
202204,경부선,구로,11865,12088,23953
202204,경부선,군포,4108,3691,7799
202204,경부선,금정,17776,18085,35861
202204,경부선,금천구청,7706,7867,15573
202204,경부선,남영,5405,5749,11154
202204,경부선,노량진,8107,7263,15370
202204,경부선,당정,3975,3678,7653
202204,경부선,대방,7910,8073,15983
202204,경부선,독산,8669,8504,17173
202204,경부선,두정,5276,5078,10354
202204,경부선,명학,4705,4557,9262
202204,경부선,병점,11802,11796,23598
202204,경부선,서동탄,933,1006,1939
202204,경부선,서울역,6385,1779,8164
202204,경부선,서정리,6684,5581,12265
202204,경부선,석수,6453,6080,12533
202204,경부선,성균관대,10416,10266,20682
202204,경부선,성환,2974,2722,5696
202204,경부선,세류,2289,2285,4574
202204,경부선,세마,2060,1833,3893
202204,경부선,송탄,5038,4337,9375
202204,경부선,수원,36000,39451,75451
202204,경부선,신길,5810,4875,10685
202204,경부선,신도림,2983,2924,5907
202204,경부선,안양,16613,16435,33048
202204,경부선,영등포,36962,38261,75223
202204,경부선,오산,8865,8287,17152
202204,경부선,오산대,2849,2533,5382
202204,경부선,용산,31156,33374,64530
202204,경부선,의왕,5977,5792,11769
202204,경부선,직산,660,623,1283
202204,경부선,진위,1032,872,1904
202204,경부선,천안,5783,6100,11883
202204,경부선,평택,13488,12635,26123
202204,경부선,평택지제,2973,2793,5766
202204,경부선,화서,5513,5541,11054
202204,경원선,가능,5025,4718,9743
202204,경원선,광운대,5311,5386,10697
202204,경원선,녹양,3497,3354,6851
202204,경원선,녹천,3183,2795,5978
202204,경원선,덕계,2466,2298,4764
202204,경원선,덕정,4645,4307,8952
202204,경원선,도봉,4293,4019,8312
202204,경원선,도봉산,8991,6350,15341
202204,경원선,동두천,1688,2146,3834
202204,경원선,동두천중앙,2550,2458,5008
202204,경원선,망월사,5764,5793,11557
202204,경원선,방학,7198,7036,14234
202204,경원선,보산,1586,1524,3110
202204,경원선,서빙고,1563,1838,3401
202204,경원선,석계,6346,6646,12992
202204,경원선,소요산,3798,3290,7088
202204,경원선,신이문,5938,5289,11227
202204,경원선,양주,6214,6026,12240
202204,경원선,옥수,43,35,78
202204,경원선,왕십리,12284,13628,25912
202204,경원선,외대앞,6164,5732,11896
202204,경원선,월계,4554,4230,8784
202204,경원선,응봉,2761,3599,6360
202204,경원선,의정부,17131,17849,34980
202204,경원선,이촌,2866,2122,4988
202204,경원선,지행,5431,5426,10857
202204,경원선,창동,3,0,3
202204,경원선,청량리,14792,16083,30875
202204,경원선,한남,2597,2488,5085
202204,경원선,회룡,9229,9280,18509
202204,경의선,가좌,3567,3496,7063
202204,경의선,강매,1951,1796,3747
202204,경의선,곡산,436,453,889
202204,경의선,공덕,2418,1931,4349
202204,경의선,금릉,3681,3629,7310
202204,경의선,금촌,5230,5026,10256
202204,경의선,능곡,2672,2701,5373
202204,경의선,디지털미디어시티,1857,1639,3496
202204,경의선,문산,4187,4095,8282
202204,경의선,백마,4239,4068,8307
202204,경의선,서강대,1575,1664,3239
202204,경의선,서울역,1194,1372,2566
202204,경의선,수색,1396,1386,2782
202204,경의선,신촌,335,328,663
202204,경의선,야당,5986,5844,11830
202204,경의선,운정,4643,4298,8941
202204,경의선,월롱,1785,1419,3204
202204,경의선,일산,5894,5585,11479
202204,경의선,임진강,76,51,127
202204,경의선,탄현,5118,4960,10078
202204,경의선,파주,885,685,1570
202204,경의선,풍산,4133,4049,8182
202204,경의선,행신,5023,5107,10130
202204,경의선,홍대입구,1832,2384,4216
202204,경의선,화전,1208,1094,2302
202204,경의선,효창공원앞,1718,1781,3499
202204,경인선,간석,4118,3914,8032
202204,경인선,개봉,15267,14877,30144
202204,경인선,구일,8397,8641,17038
202204,경인선,도원,3585,3578,7163
202204,경인선,도화,3077,2762,5839
202204,경인선,동암,11527,11624,23151
202204,경인선,동인천,11551,11321,22872
202204,경인선,백운,5109,5061,10170
202204,경인선,부개,5966,5562,11528
202204,경인선,부천,27489,28169,55658
202204,경인선,부평,27396,30168,57564
202204,경인선,소사,7066,6688,13754
202204,경인선,송내,17060,16669,33729
202204,경인선,역곡,19439,19008,38447
202204,경인선,오류동,8556,7821,16377
202204,경인선,온수,4726,4292,9018
202204,경인선,인천,4405,3928,8333
202204,경인선,제물포,7484,7207,14691
202204,경인선,주안,15199,13104,28303
202204,경인선,중동,6628,6031,12659
202204,경춘선,가평,1718,1800,3518
202204,경춘선,갈매,1875,1597,3472
202204,경춘선,강촌,719,705,1424
202204,경춘선,굴봉산,207,242,449
202204,경춘선,금곡,1144,1059,2203
202204,경춘선,김유정,520,593,1113
202204,경춘선,남춘천,3237,3243,6480
202204,경춘선,대성리,846,979,1825
202204,경춘선,마석,3045,2978,6023
202204,경춘선,백양리,104,130,234
202204,경춘선,별내,2378,2193,4571
202204,경춘선,사릉,1663,1605,3268
202204,경춘선,상천,410,382,792
202204,경춘선,신내,1277,1229,2506
202204,경춘선,천마산,1364,1400,2764
202204,경춘선,청평,1760,1682,3442
202204,경춘선,춘천,1734,1540,3274
202204,경춘선,퇴계원,2466,2256,4722
202204,경춘선,평내호평,4460,4293,8753
202204,공항철도 1호선,검암,4321,4378,8699
202204,공항철도 1호선,계양,6710,6330,13040
202204,공항철도 1호선,공덕,1421,2125,3546
202204,공항철도 1호선,공항화물청사,1228,1299,2527
202204,공항철도 1호선,김포공항,10540,5446,15986
202204,공항철도 1호선,디지털미디어시티,4775,4548,9323
202204,공항철도 1호선,마곡나루,3083,3530,6613
202204,공항철도 1호선,서울역,6922,7541,14463
202204,공항철도 1호선,영종,2892,2887,5779
202204,공항철도 1호선,운서,5915,5962,11877
202204,공항철도 1호선,인천공항1터미널,4139,3817,7956
202204,공항철도 1호선,인천공항2터미널,2299,2152,4451
202204,공항철도 1호선,청라국제도시,4106,3944,8050
202204,공항철도 1호선,홍대입구,11466,11414,22880
202204,과천선,경마공원,8886,8990,17876
202204,과천선,과천,4615,4207,8822
202204,과천선,대공원,8541,8906,17447
202204,과천선,범계,19363,18977,38340
202204,과천선,선바위,5360,4795,10155
202204,과천선,인덕원,15404,15252,30656
202204,과천선,정부과천청사,6045,5956,12001
202204,과천선,평촌,8725,8492,17217
202204,분당선,가천대,5417,5755,11172
202204,분당선,강남구청,5302,6498,11800
202204,분당선,개포동,2654,2667,5321
202204,분당선,구룡,1519,1400,2919
202204,분당선,구성,3139,3308,6447
202204,분당선,기흥,6119,5898,12017
202204,분당선,대모산입구,2997,2858,5855
202204,분당선,도곡,4502,4186,8688
202204,분당선,망포,8744,8041,16785
202204,분당선,매교,2098,2211,4309
202204,분당선,매탄권선,3311,3213,6524
202204,분당선,모란,15673,15977,31650
202204,분당선,미금,10021,10342,20363
202204,분당선,보정,1485,1419,2904
202204,분당선,상갈,3552,3589,7141
202204,분당선,서울숲,12451,13642,26093
202204,분당선,서현,18094,18181,36275
202204,분당선,선릉,4885,7304,12189
202204,분당선,선정릉,3248,3296,6544
202204,분당선,수내,8414,7754,16168
202204,분당선,수서,9584,10177,19761
202204,분당선,수원,7664,6100,13764
202204,분당선,수원시청,10430,11189,21619
202204,분당선,신갈,2603,2623,5226
202204,분당선,압구정로데오,19379,21738,41117
202204,분당선,야탑,16665,17519,34184
202204,분당선,영통,6352,6184,12536
202204,분당선,오리,7280,6113,13393
202204,분당선,이매,3936,3925,7861
202204,분당선,정자,10005,10138,20143
202204,분당선,죽전,9819,10952,20771
202204,분당선,청명,2500,2487,4987
202204,분당선,태평,10309,9624,19933
202204,분당선,한티,11644,11455,23099
202204,수인선,고색,2952,3031,5983
202204,수인선,남동인더스파크,1015,977,1992
202204,수인선,달월,57,55,112
202204,수인선,사리,3464,2991,6455
202204,수인선,소래포구,5942,5973,11915
202204,수인선,송도,2171,2063,4234
202204,수인선,숭의,2948,2633,5581
202204,수인선,신포,1447,1372,2819
202204,수인선,야목,270,253,523
202204,수인선,어천,680,577,1257
202204,수인선,연수,4054,3968,8022
202204,수인선,오목천,2266,1893,4159
202204,수인선,원인재,3508,3638,7146
202204,수인선,월곶,2095,1967,4062
202204,수인선,인천,1273,2178,3451
202204,수인선,인천논현,4061,4412,8473
202204,수인선,인하대,4513,4151,8664
202204,수인선,호구포,2594,2427,5021
202204,안산선,고잔,5967,6089,12056
202204,안산선,대야미,3977,3572,7549
202204,안산선,반월,3277,2997,6274
202204,안산선,산본,11825,12643,24468
202204,안산선,상록수,11823,11851,23674
202204,안산선,수리산,2863,2576,5439
202204,안산선,신길온천,1404,1339,2743
202204,안산선,안산,8720,9046,17766
202204,안산선,오이도,7268,7434,14702
202204,안산선,정왕,6156,6093,12249
202204,안산선,중앙,15227,15806,31033
202204,안산선,초지,3258,3304,6562
202204,안산선,한대앞,7246,6898,14144
202204,우이신설선,4.19민주묘지,2402,2024,4426
202204,우이신설선,가오리,2996,2715,5711
202204,우이신설선,보문,1085,1081,2166
202204,우이신설선,북한산보국문,4808,4235,9043
202204,우이신설선,북한산우이,3416,3581,6997
202204,우이신설선,삼양,1504,1485,2989
202204,우이신설선,삼양사거리,1922,1849,3771
202204,우이신설선,성신여대입구,2649,3122,5771
202204,우이신설선,솔밭공원,1785,1735,3520
202204,우이신설선,솔샘,3763,3301,7064
202204,우이신설선,신설동,1335,1407,2742
202204,우이신설선,정릉,3591,2836,6427
202204,우이신설선,화계,2497,2153,4650
202204,일산선,대곡,1421,1211,2632
202204,일산선,대화,8643,7806,16449
202204,일산선,마두,4776,4808,9584
202204,일산선,백석,6926,6811,13737
202204,일산선,삼송,13857,13352,27209
202204,일산선,원당,7925,7695,15620
202204,일산선,원흥,7076,6723,13799
202204,일산선,정발산,6466,6758,13224
202204,일산선,주엽,6272,6187,12459
202204,일산선,화정,12257,12521,24778
202204,장항선,배방,1050,998,2048
202204,장항선,봉명,683,601,1284
202204,장항선,신창,1302,1199,2501
202204,장항선,쌍용,1620,1468,3088
202204,장항선,아산,2972,2910,5882
202204,장항선,온양온천,3618,3599,7217
202204,장항선,탕정,658,562,1220
202204,중앙선,구리,9900,10115,20015
202204,중앙선,국수,781,717,1498
202204,중앙선,덕소,4305,4393,8698
202204,중앙선,도농,6738,6463,13201
202204,중앙선,도심,1573,1262,2835
202204,중앙선,망우,6754,6329,13083
202204,중앙선,상봉,4830,4694,9524
202204,중앙선,신원,366,322,688
202204,중앙선,아신,586,588,1174
202204,중앙선,양수,2298,2248,4546
202204,중앙선,양원,1877,1771,3648
202204,중앙선,양정,576,472,1048
202204,중앙선,양평,2566,2697,5263
202204,중앙선,오빈,293,313,606
202204,중앙선,용문,1944,2147,4091
202204,중앙선,운길산,1481,1416,2897
202204,중앙선,원덕,667,597,1264
202204,중앙선,중랑,4279,4118,8397
202204,중앙선,지평,48,82,130
202204,중앙선,팔당,1421,1657,3078
202204,중앙선,회기,20428,19552,39980
202204,1호선,동대문,9068,9490,18558
202204,1호선,동묘앞,12534,12714,25248
202204,1호선,서울역,26207,23197,49404
202204,1호선,시청,7388,6932,14320
202204,1호선,신설동,7250,7463,14713
202204,1호선,제기동,9644,10281,19925
202204,1호선,종각,12019,9990,22009
202204,1호선,종로3가,13697,11841,25538
202204,1호선,종로5가,8896,9043,17939
202204,1호선,청량리,12393,12134,24527
202204,2호선,강남,31960,31026,62986
202204,2호선,강변,19907,19983,39890
202204,2호선,건대입구,27795,27723,55518
202204,2호선,교대,9968,10799,20767
202204,2호선,구로디지털단지,22390,21986,44376
202204,2호선,구의,10806,10908,21714
202204,2호선,낙성대,15270,15996,31266
202204,2호선,당산,8875,9229,18104
202204,2호선,대림,13285,13546,26831
202204,2호선,도림천,467,496,963
202204,2호선,동대문역사문화공원,8011,9816,17827
202204,2호선,뚝섬,12845,12528,25373
202204,2호선,문래,7986,8340,16326
202204,2호선,방배,6342,6761,13103
202204,2호선,봉천,11494,11170,22664
202204,2호선,사당,20116,22898,43014
202204,2호선,삼성,18282,17260,35542
202204,2호선,상왕십리,6534,6578,13112
202204,2호선,서울대입구,26062,27064,53126
202204,2호선,서초,11096,10244,21340
202204,2호선,선릉,12535,10762,23297
202204,2호선,성수,14398,15867,30265
202204,2호선,시청,5604,4753,10357
202204,2호선,신답,815,871,1686
202204,2호선,신당,7838,8461,16299
202204,2호선,신대방,14477,14422,28899
202204,2호선,신도림,25731,26436,52167
202204,2호선,신림,35450,35340,70790
202204,2호선,신설동,3259,1748,5007
202204,2호선,신정네거리,4874,4988,9862
202204,2호선,신촌,20966,20281,41247
202204,2호선,아현,4962,4893,9855
202204,2호선,양천구청,3079,3164,6243
202204,2호선,역삼,10138,11147,21285
202204,2호선,영등포구청,7922,8373,16295
202204,2호선,왕십리,9506,8434,17940
202204,2호선,용답,1838,2029,3867
202204,2호선,용두,1144,1132,2276
202204,2호선,을지로3가,7842,7015,14857
202204,2호선,을지로4가,3361,3306,6667
202204,2호선,을지로입구,14403,13186,27589
202204,2호선,이대,6775,7428,14203
202204,2호선,잠실,58223,54111,112334
202204,2호선,잠실나루,4889,5146,10035
202204,2호선,잠실새내,11472,11434,22906
202204,2호선,종합운동장,11513,12465,23978
202204,2호선,충정로,3410,3654,7064
202204,2호선,한양대,2594,3096,5690
202204,2호선,합정,19254,20673,39927
202204,2호선,홍대입구,46727,45690,92417
202204,3호선,가락시장,3439,3765,7204
202204,3호선,경복궁,14802,15020,29822
202204,3호선,경찰병원,2438,2485,4923
202204,3호선,고속터미널,38338,36068,74406
202204,3호선,교대,4090,2490,6580
202204,3호선,구파발,10455,10997,21452
202204,3호선,금호,4052,3839,7891
202204,3호선,남부터미널,13241,13836,27077
202204,3호선,녹번,6829,6334,13163
202204,3호선,대청,3932,3837,7769
202204,3호선,대치,5645,5009,10654
202204,3호선,도곡,1889,2073,3962
202204,3호선,독립문,4368,5265,9633
202204,3호선,동대입구,5279,5789,11068
202204,3호선,매봉,3893,3895,7788
202204,3호선,무악재,1763,1951,3714
202204,3호선,불광,9157,10345,19502
202204,3호선,수서,9878,9787,19665
202204,3호선,신사,13653,13604,27257
202204,3호선,안국,13524,15149,28673
202204,3호선,압구정,12539,12846,25385
202204,3호선,약수,6226,6218,12444
202204,3호선,양재,12853,14614,27467
202204,3호선,연신내,20111,19078,39189
202204,3호선,오금,2529,2482,5011
202204,3호선,옥수,5017,5139,10156
202204,3호선,을지로3가,2978,2837,5815
202204,3호선,일원,3297,3528,6825
202204,3호선,잠원,2246,2187,4433
202204,3호선,종로3가,3972,4890,8862
202204,3호선,지축,2275,2126,4401
202204,3호선,충무로,2,0,2
202204,3호선,학여울,876,869,1745
202204,3호선,홍제,8967,8634,17601
202204,4호선,길음,9525,9472,18997
202204,4호선,남태령,734,481,1215
202204,4호선,노원,11223,12256,23479
202204,4호선,당고개,5832,5567,11399
202204,4호선,동대문,7329,7830,15159
202204,4호선,동대문역사문화공원,8879,8282,17161
202204,4호선,동작,1597,1620,3217
202204,4호선,명동,11257,11153,22410
202204,4호선,미아,7551,7245,14796
202204,4호선,미아사거리,15181,14677,29858
202204,4호선,사당,14465,12985,27450
202204,4호선,삼각지,2474,3239,5713
202204,4호선,상계,10173,9666,19839
202204,4호선,서울역,4043,9384,13427
202204,4호선,성신여대입구,12090,11675,23765
202204,4호선,수유,19138,18599,37737
202204,4호선,숙대입구,6792,6502,13294
202204,4호선,신용산,7455,7430,14885
202204,4호선,쌍문,14939,13506,28445
202204,4호선,이촌,4562,5158,9720
202204,4호선,창동,14406,15097,29503
202204,4호선,총신대입구,9579,10362,19941
202204,4호선,충무로,8669,8513,17182
202204,4호선,한성대입구,7239,7372,14611
202204,4호선,혜화,21224,21656,42880
202204,4호선,회현,8334,8778,17112
202204,5호선,강동,8534,8506,17040
202204,5호선,강일,2010,1994,4004
202204,5호선,개롱,2812,3150,5962
202204,5호선,개화산,2724,2707,5431
202204,5호선,거여,4203,4121,8324
202204,5호선,고덕,4189,4243,8432
202204,5호선,공덕,4499,4449,8948
202204,5호선,광나루,7625,7571,15196
202204,5호선,광화문,10738,10539,21277
202204,5호선,군자,5781,6387,12168
202204,5호선,굽은다리,4900,4572,9472
202204,5호선,길동,3866,3867,7733
202204,5호선,김포공항,6614,6306,12920
202204,5호선,까치산,14888,14429,29317
202204,5호선,답십리,7056,6506,13562
202204,5호선,동대문역사문화공원,672,771,1443
202204,5호선,둔촌동,4297,4227,8524
202204,5호선,마곡,3350,3604,6954
202204,5호선,마장,2762,2616,5378
202204,5호선,마천,3439,3677,7116
202204,5호선,마포,4703,4742,9445
202204,5호선,명일,4685,4674,9359
202204,5호선,목동,7113,7412,14525
202204,5호선,미사,8449,8184,16633
202204,5호선,발산,8800,9064,17864
202204,5호선,방이,3707,3559,7266
202204,5호선,방화,3393,3446,6839
202204,5호선,상일동,5994,5885,11879
202204,5호선,서대문,4781,4751,9532
202204,5호선,송정,3517,3421,6938
202204,5호선,신금호,2745,3005,5750
202204,5호선,신길,1889,2139,4028
202204,5호선,신정,6053,5590,11643
202204,5호선,아차산,11690,11840,23530
202204,5호선,애오개,2541,2588,5129
202204,5호선,양평,2473,2525,4998
202204,5호선,여의나루,21355,23226,44581
202204,5호선,여의도,9739,9741,19480
202204,5호선,영등포구청,1313,1316,2629
202204,5호선,영등포시장,5102,5366,10468
202204,5호선,오금,1471,1413,2884
202204,5호선,오목교,10887,11169,22056
202204,5호선,올림픽공원,2344,2156,4500
202204,5호선,왕십리,2474,2945,5419
202204,5호선,우장산,6398,6564,12962
202204,5호선,을지로4가,1644,1599,3243
202204,5호선,장한평,7292,7267,14559
202204,5호선,종로3가,9029,7704,16733
202204,5호선,천호,12160,11116,23276
202204,5호선,청구,1722,1546,3268
202204,5호선,충정로,1375,1316,2691
202204,5호선,하남검단산,4228,4272,8500
202204,5호선,하남시청,3899,3637,7536
202204,5호선,하남풍산,2077,2139,4216
202204,5호선,행당,3622,3333,6955
202204,5호선,화곡,13585,13079,26664
202204,6호선,고려대,4028,4171,8199
202204,6호선,공덕,6522,6121,12643
202204,6호선,광흥창,3780,3687,7467
202204,6호선,구산,3703,2723,6426
202204,6호선,녹사평,3805,3604,7409
202204,6호선,대흥,3720,3840,7560
202204,6호선,독바위,1447,1861,3308
202204,6호선,돌곶이,4935,4822,9757
202204,6호선,동묘앞,5950,5652,11602
202204,6호선,디지털미디어시티,4764,5104,9868
202204,6호선,마포구청,6532,5919,12451
202204,6호선,망원,9635,10188,19823
202204,6호선,버티고개,1003,1034,2037
202204,6호선,보문,3802,3659,7461
202204,6호선,봉화산,3738,3627,7365
202204,6호선,불광,2806,2564,5370
202204,6호선,삼각지,3678,2849,6527
202204,6호선,상수,6043,6748,12791
202204,6호선,상월곡,3165,2878,6043
202204,6호선,새절,5984,5914,11898
202204,6호선,석계,6132,6441,12573
202204,6호선,신당,4788,5126,9914
202204,6호선,안암,5513,6230,11743
202204,6호선,약수,1555,1483,3038
202204,6호선,역촌,1810,2123,3933
202204,6호선,월곡,5125,5196,10321
202204,6호선,월드컵경기장,3965,3939,7904
202204,6호선,응암,8873,9059,17932
202204,6호선,이태원,9646,8754,18400
202204,6호선,증산,5199,5375,10574
202204,6호선,창신,1551,1420,2971
202204,6호선,청구,1576,1614,3190
202204,6호선,태릉입구,2937,3231,6168
202204,6호선,한강진,6088,7131,13219
202204,6호선,합정,9045,8248,17293
202204,6호선,화랑대,4817,4275,9092
202204,6호선,효창공원앞,3280,2921,6201
202204,7호선,가산디지털단지,9827,9178,19005
202204,7호선,강남구청,5236,5651,10887
202204,7호선,건대입구,7734,8277,16011
202204,7호선,고속터미널,11918,7373,19291
202204,7호선,공릉,6068,6203,12271
202204,7호선,광명사거리,11779,11744,23523
202204,7호선,군자,7460,5836,13296
202204,7호선,남구로,5929,5724,11653
202204,7호선,남성,5052,4918,9970
202204,7호선,내방,4682,4894,9576
202204,7호선,노원,10471,10390,20861
202204,7호선,논현,5736,5963,11699
202204,7호선,대림,5911,5623,11534
202204,7호선,도봉산,5443,7995,13438
202204,7호선,뚝섬유원지,11864,11481,23345
202204,7호선,마들,5656,5170,10826
202204,7호선,먹골,5230,5002,10232
202204,7호선,면목,7463,7377,14840
202204,7호선,반포,2749,2823,5572
202204,7호선,보라매,4495,4353,8848
202204,7호선,사가정,8429,8210,16639
202204,7호선,상도,5082,5237,10319
202204,7호선,상봉,8830,8411,17241
202204,7호선,수락산,7965,7849,15814
202204,7호선,숭실대입구,5309,5828,11137
202204,7호선,신대방삼거리,7498,7296,14794
202204,7호선,신풍,5431,5217,10648
202204,7호선,어린이대공원,9087,9619,18706
202204,7호선,온수,3708,3769,7477
202204,7호선,용마산,3307,3654,6961
202204,7호선,이수,7721,7224,14945
202204,7호선,장승배기,4147,4105,8252
202204,7호선,장암,1380,961,2341
202204,7호선,중계,6278,5981,12259
202204,7호선,중곡,4955,4901,9856
202204,7호선,중화,5371,5232,10603
202204,7호선,천왕,4578,4381,8959
202204,7호선,철산,9473,9593,19066
202204,7호선,청담,6164,6770,12934
202204,7호선,태릉입구,4627,4517,9144
202204,7호선,하계,8547,8101,16648
202204,7호선,학동,5648,6114,11762
202204,8호선,가락시장,2967,3748,6715
202204,8호선,강동구청,4232,4325,8557
202204,8호선,남위례,2258,2271,4529
202204,8호선,남한산성입구,6596,6214,12810
202204,8호선,단대오거리,5330,5273,10603
202204,8호선,모란,2623,2230,4853
202204,8호선,몽촌토성,3652,3536,7188
202204,8호선,문정,5399,5679,11078
202204,8호선,복정,4252,3930,8182
202204,8호선,산성,2935,3131,6066
202204,8호선,석촌,4567,6226,10793
202204,8호선,송파,3525,3634,7159
202204,8호선,수진,2980,2646,5626
202204,8호선,신흥,2464,2690,5154
202204,8호선,암사,8386,8016,16402
202204,8호선,잠실,11559,12496,24055
202204,8호선,장지,8295,8690,16985
202204,8호선,천호,8419,9667,18086
202204,9호선,가양,9746,9640,19386
202204,9호선,개화,1021,1061,2082
202204,9호선,고속터미널,10245,13877,24122
202204,9호선,공항시장,1711,1846,3557
202204,9호선,구반포,475,477,952
202204,9호선,국회의사당,5128,4981,10109
202204,9호선,김포공항,6715,10614,17329
202204,9호선,노들,2541,2308,4849
202204,9호선,노량진,13903,14856,28759
202204,9호선,당산,8594,8535,17129
202204,9호선,동작,1561,1262,2823
202204,9호선,등촌,4812,4817,9629
202204,9호선,마곡나루,5546,5576,11122
202204,9호선,사평,1418,1516,2934
202204,9호선,샛강,1828,1608,3436
202204,9호선,선유도,2982,2997,5979
202204,9호선,신논현,14579,13765,28344
202204,9호선,신목동,1688,1542,3230
202204,9호선,신반포,1818,1971,3789
202204,9호선,신방화,3371,3246,6617
202204,9호선,양천향교,3923,4164,8087
202204,9호선,여의도,10303,9249,19552
202204,9호선,염창,8086,7906,15992
202204,9호선,증미,2794,2826,5620
202204,9호선,흑석,4219,4334,8553
202204,9호선2~3단계,둔촌오륜,446,493,939
202204,9호선2~3단계,봉은사,6816,6902,13718
202204,9호선2~3단계,삼성중앙,1772,1999,3771
202204,9호선2~3단계,삼전,3441,3285,6726
202204,9호선2~3단계,석촌,5177,4733,9910
202204,9호선2~3단계,석촌고분,3051,2970,6021
202204,9호선2~3단계,선정릉,2709,3045,5754
202204,9호선2~3단계,송파나루,3479,3698,7177
202204,9호선2~3단계,언주,3143,3233,6376
202204,9호선2~3단계,올림픽공원,4105,4534,8639
202204,9호선2~3단계,종합운동장,2773,2434,5207
202204,9호선2~3단계,중앙보훈병원,3245,3125,6370
202204,9호선2~3단계,한성백제,1606,1305,2911
202204,경강선,경기광주,3754,3586,7340
202204,경강선,곤지암,1398,1599,2997
202204,경강선,부발,1418,2075,3493
202204,경강선,삼동,1017,925,1942
202204,경강선,세종대왕릉,268,289,557
202204,경강선,신둔도예촌,972,998,1970
202204,경강선,여주,2074,2115,4189
202204,경강선,이매,582,439,1021
202204,경강선,이천,1954,2245,4199
202204,경강선,초월,1488,1528,3016
202204,경강선,판교,2384,2201,4585
202204,경부선,가산디지털단지,4375,6123,10498
202204,경부선,관악,4491,4055,8546
202204,경부선,광명,2519,1909,4428
202204,경부선,구로,8505,8659,17164
202204,경부선,군포,2781,2613,5394
202204,경부선,금정,13156,13385,26541
202204,경부선,금천구청,5870,5835,11705
202204,경부선,남영,3875,4239,8114
202204,경부선,노량진,5313,5143,10456
202204,경부선,당정,2862,2833,5695
202204,경부선,대방,5512,5760,11272
202204,경부선,독산,5837,5888,11725
202204,경부선,두정,4243,5521,9764
202204,경부선,명학,3045,2921,5966
202204,경부선,병점,8812,9406,18218
202204,경부선,서동탄,728,761,1489
202204,경부선,서울역,7751,1591,9342
202204,경부선,서정리,4155,5967,10122
202204,경부선,석수,4848,4539,9387
202204,경부선,성균관대,7026,7586,14612
202204,경부선,성환,2291,3050,5341
202204,경부선,세류,1873,1780,3653
202204,경부선,세마,1593,1492,3085
202204,경부선,송탄,3497,4289,7786
202204,경부선,수원,31175,30116,61291
202204,경부선,신길,4586,4184,8770
202204,경부선,신도림,2308,2299,4607
202204,경부선,안양,12720,12162,24882
202204,경부선,영등포,30520,29333,59853
202204,경부선,오산,7512,7839,15351
202204,경부선,오산대,2081,1998,4079
202204,경부선,용산,29635,26215,55850
202204,경부선,의왕,4109,4122,8231
202204,경부선,직산,555,597,1152
202204,경부선,진위,867,882,1749
202204,경부선,천안,5726,5842,11568
202204,경부선,평택,10620,11448,22068
202204,경부선,평택지제,2480,2251,4731
202204,경부선,화서,3953,3878,7831
202204,경원선,가능,3810,3674,7484
202204,경원선,광운대,3939,4187,8126
202204,경원선,녹양,2884,2666,5550
202204,경원선,녹천,2437,2073,4510
202204,경원선,덕계,1762,1763,3525
202204,경원선,덕정,3175,3368,6543
202204,경원선,도봉,3355,3089,6444
202204,경원선,도봉산,9334,6521,15855
202204,경원선,동두천,1340,1725,3065
202204,경원선,동두천중앙,2035,1929,3964
202204,경원선,망월사,4550,4656,9206
202204,경원선,방학,5657,5348,11005
202204,경원선,보산,1121,1173,2294
202204,경원선,서빙고,1331,1340,2671
202204,경원선,석계,4632,5024,9656
202204,경원선,소요산,4117,3601,7718
202204,경원선,신이문,4445,4322,8767
202204,경원선,양주,4879,4664,9543
202204,경원선,옥수,41,18,59
202204,경원선,왕십리,9389,10479,19868
202204,경원선,외대앞,4690,4832,9522
202204,경원선,월계,3662,3405,7067
202204,경원선,응봉,2360,3447,5807
202204,경원선,의정부,13218,13494,26712
202204,경원선,이촌,2206,1696,3902
202204,경원선,지행,4169,4025,8194
202204,경원선,청량리,13207,12511,25718
202204,경원선,한남,1862,1753,3615
202204,경원선,회룡,7158,7126,14284
202204,경의선,가좌,2579,2611,5190
202204,경의선,강매,1423,1355,2778
202204,경의선,곡산,315,359,674
202204,경의선,공덕,1691,1333,3024
202204,경의선,금릉,2795,2743,5538
202204,경의선,금촌,4003,4208,8211
202204,경의선,능곡,2128,2120,4248
202204,경의선,디지털미디어시티,1333,1234,2567
202204,경의선,문산,3460,3375,6835
202204,경의선,백마,3439,3296,6735
202204,경의선,서강대,1289,1255,2544
202204,경의선,서울역,982,913,1895
202204,경의선,수색,848,918,1766
202204,경의선,신촌,238,234,472
202204,경의선,야당,4747,4508,9255
202204,경의선,운정,3547,3356,6903
202204,경의선,월롱,997,2141,3138
202204,경의선,일산,5801,5499,11300
202204,경의선,임진강,59,47,106
202204,경의선,탄현,4088,3638,7726
202204,경의선,파주,680,642,1322
202204,경의선,풍산,3398,3192,6590
202204,경의선,행신,4254,3934,8188
202204,경의선,홍대입구,1505,1820,3325
202204,경의선,화전,864,964,1828
202204,경의선,효창공원앞,1227,1490,2717
202204,경인선,간석,2964,2852,5816
202204,경인선,개봉,10720,10508,21228
202204,경인선,구일,5825,5967,11792
202204,경인선,도원,1498,1554,3052
202204,경인선,도화,2344,2218,4562
202204,경인선,동암,9056,8748,17804
202204,경인선,동인천,9014,8730,17744
202204,경인선,백운,3620,3677,7297
202204,경인선,부개,4383,4186,8569
202204,경인선,부천,20982,20600,41582
202204,경인선,부평,21448,21606,43054
202204,경인선,소사,5223,4917,10140
202204,경인선,송내,12236,11689,23925
202204,경인선,역곡,13620,13612,27232
202204,경인선,오류동,6533,6351,12884
202204,경인선,온수,3539,3318,6857
202204,경인선,인천,4196,3570,7766
202204,경인선,제물포,5239,5076,10315
202204,경인선,주안,10971,9868,20839
202204,경인선,중동,4709,4419,9128
202204,경춘선,가평,1650,1398,3048
202204,경춘선,갈매,1446,1261,2707
202204,경춘선,강촌,686,624,1310
202204,경춘선,굴봉산,221,219,440
202204,경춘선,금곡,996,911,1907
202204,경춘선,김유정,474,430,904
202204,경춘선,남춘천,2067,2691,4758
202204,경춘선,대성리,1009,556,1565
202204,경춘선,마석,3049,2997,6046
202204,경춘선,백양리,112,84,196
202204,경춘선,별내,1795,1586,3381
202204,경춘선,사릉,1367,1349,2716
202204,경춘선,상천,394,288,682
202204,경춘선,신내,970,996,1966
202204,경춘선,천마산,1153,1099,2252
202204,경춘선,청평,1559,1191,2750
202204,경춘선,춘천,1537,1457,2994
202204,경춘선,퇴계원,1985,1807,3792
202204,경춘선,평내호평,3546,3381,6927
202204,공항철도 1호선,검암,3384,3505,6889
202204,공항철도 1호선,계양,5039,4871,9910
202204,공항철도 1호선,공덕,1075,1519,2594
202204,공항철도 1호선,공항화물청사,971,1046,2017
202204,공항철도 1호선,김포공항,11552,5724,17276
202204,공항철도 1호선,디지털미디어시티,3295,3344,6639
202204,공항철도 1호선,마곡나루,2373,2589,4962
202204,공항철도 1호선,서울역,7530,6816,14346
202204,공항철도 1호선,영종,2348,2336,4684
202204,공항철도 1호선,운서,4928,5176,10104
202204,공항철도 1호선,인천공항1터미널,4082,3844,7926
202204,공항철도 1호선,인천공항2터미널,2155,1921,4076
202204,공항철도 1호선,청라국제도시,3108,3014,6122
202204,공항철도 1호선,홍대입구,9530,8840,18370
202204,과천선,경마공원,9917,10066,19983
202204,과천선,과천,3367,3197,6564
202204,과천선,대공원,7143,7292,14435
202204,과천선,범계,13759,13263,27022
202204,과천선,선바위,4104,3780,7884
202204,과천선,인덕원,11391,11386,22777
202204,과천선,정부과천청사,4243,4305,8548
202204,과천선,평촌,5680,5532,11212
202204,분당선,가천대,3774,4679,8453
202204,분당선,강남구청,2957,3569,6526
202204,분당선,개포동,1947,1935,3882
202204,분당선,구룡,768,836,1604
202204,분당선,구성,2245,2445,4690
202204,분당선,기흥,4703,4309,9012
202204,분당선,대모산입구,2035,1906,3941
202204,분당선,도곡,2708,2595,5303
202204,분당선,망포,5814,5994,11808
202204,분당선,매교,1339,1383,2722
202204,분당선,매탄권선,2281,2304,4585
202204,분당선,모란,10693,10989,21682
202204,분당선,미금,6747,7258,14005
202204,분당선,보정,1070,990,2060
202204,분당선,상갈,2566,2593,5159
202204,분당선,서울숲,10139,10714,20853
202204,분당선,서현,13588,13291,26879
202204,분당선,선릉,2702,4055,6757
202204,분당선,선정릉,1903,1954,3857
202204,분당선,수내,5607,5402,11009
202204,분당선,수서,8356,7521,15877
202204,분당선,수원,5701,4500,10201
202204,분당선,수원시청,6877,6731,13608
202204,분당선,신갈,1802,1955,3757
202204,분당선,압구정로데오,10417,11226,21643
202204,분당선,야탑,12752,12994,25746
202204,분당선,영통,4630,4583,9213
202204,분당선,오리,4983,4394,9377
202204,분당선,이매,2854,3035,5889
202204,분당선,정자,6844,7203,14047
202204,분당선,죽전,7394,8275,15669
202204,분당선,청명,1809,1918,3727
202204,분당선,태평,7647,7220,14867
202204,분당선,한티,7921,7731,15652
202204,수인선,고색,2087,2190,4277
202204,수인선,남동인더스파크,549,576,1125
202204,수인선,달월,56,68,124
202204,수인선,사리,2513,2173,4686
202204,수인선,소래포구,5052,4880,9932
202204,수인선,송도,1447,1387,2834
202204,수인선,숭의,1901,1742,3643
202204,수인선,신포,1166,1101,2267
202204,수인선,야목,228,181,409
202204,수인선,어천,501,649,1150
202204,수인선,연수,3055,3007,6062
202204,수인선,오목천,1420,1387,2807
202204,수인선,원인재,2732,2900,5632
202204,수인선,월곶,1616,1524,3140
202204,수인선,인천,1029,1653,2682
202204,수인선,인천논현,2713,2792,5505
202204,수인선,인하대,3262,3165,6427
202204,수인선,호구포,1884,1973,3857
202204,안산선,고잔,4311,4135,8446
202204,안산선,대야미,3156,2845,6001
202204,안산선,반월,2309,2369,4678
202204,안산선,산본,8571,9158,17729
202204,안산선,상록수,8658,8536,17194
202204,안산선,수리산,2086,2079,4165
202204,안산선,신길온천,1087,1030,2117
202204,안산선,안산,8747,8058,16805
202204,안산선,오이도,5621,5466,11087
202204,안산선,정왕,4981,5538,10519
202204,안산선,중앙,10992,10898,21890
202204,안산선,초지,2230,2211,4441
202204,안산선,한대앞,5185,5306,10491
202204,우이신설선,4.19민주묘지,2186,1828,4014
202204,우이신설선,가오리,2260,2098,4358
202204,우이신설선,보문,947,944,1891
202204,우이신설선,북한산보국문,3824,3487,7311
202204,우이신설선,북한산우이,3320,3561,6881
202204,우이신설선,삼양,1158,1189,2347
202204,우이신설선,삼양사거리,1378,1406,2784
202204,우이신설선,성신여대입구,2129,2326,4455
202204,우이신설선,솔밭공원,1345,1335,2680
202204,우이신설선,솔샘,2677,2586,5263
202204,우이신설선,신설동,1172,1185,2357
202204,우이신설선,정릉,2638,2214,4852
202204,우이신설선,화계,1932,1846,3778
202204,일산선,대곡,1058,932,1990
202204,일산선,대화,5621,5077,10698
202204,일산선,마두,3144,3174,6318
202204,일산선,백석,5062,5080,10142
202204,일산선,삼송,10360,10133,20493
202204,일산선,원당,5981,5657,11638
202204,일산선,원흥,5215,5020,10235
202204,일산선,정발산,5337,5278,10615
202204,일산선,주엽,4437,4232,8669
202204,일산선,화정,8905,8929,17834
202204,장항선,배방,802,954,1756
202204,장항선,봉명,558,526,1084
202204,장항선,신창,1087,2084,3171
202204,장항선,쌍용,1163,1433,2596
202204,장항선,아산,3922,2431,6353
202204,장항선,온양온천,3278,3153,6431
202204,장항선,탕정,404,512,916
202204,중앙선,구리,7276,7570,14846
202204,중앙선,국수,689,622,1311
202204,중앙선,덕소,3247,3241,6488
202204,중앙선,도농,4830,4875,9705
202204,중앙선,도심,1279,1148,2427
202204,중앙선,망우,4741,4745,9486
202204,중앙선,상봉,3614,3711,7325
202204,중앙선,신원,345,183,528
202204,중앙선,아신,560,501,1061
202204,중앙선,양수,1866,1711,3577
202204,중앙선,양원,1383,1394,2777
202204,중앙선,양정,523,410,933
202204,중앙선,양평,4144,3882,8026
202204,중앙선,오빈,250,245,495
202204,중앙선,용문,2059,1651,3710
202204,중앙선,운길산,1472,1367,2839
202204,중앙선,원덕,535,626,1161
202204,중앙선,중랑,3287,3206,6493
202204,중앙선,지평,69,64,133
202204,중앙선,팔당,1472,1541,3013
202204,중앙선,회기,15455,15679,31134
202204,1호선,동대문,10425,10411,20836
202204,1호선,동묘앞,11221,11546,22767
202204,1호선,서울역,32255,33153,65408
202204,1호선,시청,12553,12756,25309
202204,1호선,신설동,9780,9204,18984
202204,1호선,제기동,14786,15192,29978
202204,1호선,종각,18881,17110,35991
202204,1호선,종로3가,22605,20361,42966
202204,1호선,종로5가,18465,18779,37244
202204,1호선,청량리,17889,17559,35448
202204,2호선,강남,58449,61047,119496
202204,2호선,강변,28111,27777,55888
202204,2호선,건대입구,39289,42217,81506
202204,2호선,교대,17414,19592,37006
202204,2호선,구로디지털단지,33760,32943,66703
202204,2호선,구의,16851,16162,33013
202204,2호선,낙성대,22266,20461,42727
202204,2호선,당산,15065,15560,30625
202204,2호선,대림,17548,18314,35862
202204,2호선,도림천,1424,1696,3120
202204,2호선,동대문역사문화공원,10219,12072,22291
202204,2호선,뚝섬,22743,21441,44184
202204,2호선,문래,13132,13703,26835
202204,2호선,방배,9903,10039,19942
202204,2호선,봉천,17391,15604,32995
202204,2호선,사당,31337,35302,66639
202204,2호선,삼성,26822,27171,53993
202204,2호선,상왕십리,10095,9320,19415
202204,2호선,서울대입구,38471,37123,75594
202204,2호선,서초,11793,9402,21195
202204,2호선,선릉,23688,21111,44799
202204,2호선,성수,21902,24339,46241
202204,2호선,시청,9748,8704,18452
202204,2호선,신답,1149,1158,2307
202204,2호선,신당,11141,11819,22960
202204,2호선,신대방,21459,20581,42040
202204,2호선,신도림,40620,41887,82507
202204,2호선,신림,51066,47976,99042
202204,2호선,신설동,3557,1815,5372
202204,2호선,신정네거리,7387,7265,14652
202204,2호선,신촌,30238,29869,60107
202204,2호선,아현,7577,6933,14510
202204,2호선,양천구청,4570,4385,8955
202204,2호선,역삼,17561,19532,37093
202204,2호선,영등포구청,13053,13349,26402
202204,2호선,왕십리,14041,12174,26215
202204,2호선,용답,2451,2236,4687
202204,2호선,용두,1711,1755,3466
202204,2호선,을지로3가,11306,11432,22738
202204,2호선,을지로4가,7280,7662,14942
202204,2호선,을지로입구,21288,21600,42888
202204,2호선,이대,10623,10853,21476
202204,2호선,잠실,122543,118237,240780
202204,2호선,잠실나루,8542,8365,16907
202204,2호선,잠실새내,19798,19840,39638
202204,2호선,종합운동장,13073,14357,27430
202204,2호선,충정로,5729,6170,11899
202204,2호선,한양대,5402,5600,11002
202204,2호선,합정,28550,32654,61204
202204,2호선,홍대입구,61157,68056,129213
202204,3호선,가락시장,6236,5890,12126
202204,3호선,경복궁,20127,21733,41860
202204,3호선,경찰병원,4036,3853,7889
202204,3호선,고속터미널,49165,48018,97183
202204,3호선,교대,7128,4275,11403
202204,3호선,구파발,15089,14831,29920
202204,3호선,금호,5946,5316,11262
202204,3호선,남부터미널,20887,20315,41202
202204,3호선,녹번,10162,8685,18847
202204,3호선,대청,6094,5650,11744
202204,3호선,대치,9115,8240,17355
202204,3호선,도곡,3966,4880,8846
202204,3호선,독립문,6346,7323,13669
202204,3호선,동대입구,8078,9277,17355
202204,3호선,매봉,7953,7465,15418
202204,3호선,무악재,2723,2900,5623
202204,3호선,불광,12563,14050,26613
202204,3호선,수서,13994,13896,27890
202204,3호선,신사,24423,26450,50873
202204,3호선,안국,19703,22924,42627
202204,3호선,압구정,23373,24934,48307
202204,3호선,약수,9012,8516,17528
202204,3호선,양재,21294,22880,44174
202204,3호선,연신내,29523,27923,57446
202204,3호선,오금,4119,3938,8057
202204,3호선,옥수,7465,7387,14852
202204,3호선,을지로3가,5184,5606,10790
202204,3호선,일원,4901,4749,9650
202204,3호선,잠원,3904,3676,7580
202204,3호선,종로3가,5930,8018,13948
202204,3호선,지축,3528,3193,6721
202204,3호선,충무로,2,0,2
202204,3호선,학여울,3080,3411,6491
202204,3호선,홍제,13457,12541,25998
202204,4호선,길음,14743,13697,28440
202204,4호선,남태령,1262,672,1934
202204,4호선,노원,15907,17285,33192
202204,4호선,당고개,7660,7128,14788
202204,4호선,동대문,13311,13557,26868
202204,4호선,동대문역사문화공원,11289,10220,21509
202204,4호선,동작,2948,3676,6624
202204,4호선,명동,16039,18808,34847
202204,4호선,미아,10669,9873,20542
202204,4호선,미아사거리,22001,20906,42907
202204,4호선,사당,22445,19041,41486
202204,4호선,삼각지,3404,4712,8116
202204,4호선,상계,14430,13413,27843
202204,4호선,서울역,5808,13626,19434
202204,4호선,성신여대입구,16696,15416,32112
202204,4호선,수유,27098,26194,53292
202204,4호선,숙대입구,9104,8576,17680
202204,4호선,신용산,9633,10741,20374
202204,4호선,쌍문,22038,19266,41304
202204,4호선,이촌,7214,8010,15224
202204,4호선,창동,19832,19988,39820
202204,4호선,총신대입구,14389,15498,29887
202204,4호선,충무로,15548,15886,31434
202204,4호선,한성대입구,10673,10715,21388
202204,4호선,혜화,26538,27882,54420
202204,4호선,회현,18588,20434,39022
202204,5호선,강동,13322,12406,25728
202204,5호선,강일,3036,2602,5638
202204,5호선,개롱,4213,4438,8651
202204,5호선,개화산,3880,3706,7586
202204,5호선,거여,6260,6043,12303
202204,5호선,고덕,6525,6255,12780
202204,5호선,공덕,8285,8917,17202
202204,5호선,광나루,11291,10574,21865
202204,5호선,광화문,17929,18197,36126
202204,5호선,군자,8869,9568,18437
202204,5호선,굽은다리,7180,6585,13765
202204,5호선,길동,6081,6128,12209
202204,5호선,김포공항,7143,7494,14637
202204,5호선,까치산,21829,20595,42424
202204,5호선,답십리,10485,9189,19674
202204,5호선,동대문역사문화공원,996,1358,2354
202204,5호선,둔촌동,6502,6197,12699
202204,5호선,마곡,5703,5619,11322
202204,5호선,마장,3957,3690,7647
202204,5호선,마천,4824,4918,9742
202204,5호선,마포,8909,8529,17438
202204,5호선,명일,6270,6236,12506
202204,5호선,목동,11796,11676,23472
202204,5호선,미사,12682,12495,25177
202204,5호선,발산,13902,15015,28917
202204,5호선,방이,5339,5033,10372
202204,5호선,방화,4719,4433,9152
202204,5호선,상일동,9621,8889,18510
202204,5호선,서대문,7840,7444,15284
202204,5호선,송정,5174,4705,9879
202204,5호선,신금호,4332,4413,8745
202204,5호선,신길,3117,3228,6345
202204,5호선,신정,9679,8064,17743
202204,5호선,아차산,16766,16301,33067
202204,5호선,애오개,3978,3921,7899
202204,5호선,양평,4578,4310,8888
202204,5호선,여의나루,51164,62797,113961
202204,5호선,여의도,21663,22351,44014
202204,5호선,영등포구청,2325,2243,4568
202204,5호선,영등포시장,8840,9046,17886
202204,5호선,오금,2481,2279,4760
202204,5호선,오목교,17927,18199,36126
202204,5호선,올림픽공원,3929,3770,7699
202204,5호선,왕십리,3656,4474,8130
202204,5호선,우장산,10286,9845,20131
202204,5호선,을지로4가,3608,3982,7590
202204,5호선,장한평,11392,11288,22680
202204,5호선,종로3가,12661,13361,26022
202204,5호선,천호,17004,16015,33019
202204,5호선,청구,2664,2383,5047
202204,5호선,충정로,2143,1891,4034
202204,5호선,하남검단산,5691,5531,11222
202204,5호선,하남시청,5761,5516,11277
202204,5호선,하남풍산,3128,2936,6064
202204,5호선,행당,5520,4771,10291
202204,5호선,화곡,21878,19493,41371
202204,6호선,고려대,5680,5688,11368
202204,6호선,공덕,10866,10313,21179
202204,6호선,광흥창,5873,5151,11024
202204,6호선,구산,5904,4147,10051
202204,6호선,녹사평,5384,5891,11275
202204,6호선,대흥,6048,6230,12278
202204,6호선,독바위,2329,2484,4813
202204,6호선,돌곶이,6289,5772,12061
202204,6호선,동묘앞,7325,7226,14551
202204,6호선,디지털미디어시티,7692,7623,15315
202204,6호선,마포구청,9457,7998,17455
202204,6호선,망원,13271,14446,27717
202204,6호선,버티고개,1484,1537,3021
202204,6호선,보문,5205,4702,9907
202204,6호선,봉화산,5599,5373,10972
202204,6호선,불광,4051,3714,7765
202204,6호선,삼각지,5813,4287,10100
202204,6호선,상수,8399,10190,18589
202204,6호선,상월곡,4305,3750,8055
202204,6호선,새절,11044,10083,21127
202204,6호선,석계,8975,8986,17961
202204,6호선,신당,6306,5604,11910
202204,6호선,안암,7726,7423,15149
202204,6호선,약수,2504,2537,5041
202204,6호선,역촌,2664,3051,5715
202204,6호선,연신내,1,0,1
202204,6호선,월곡,7575,7351,14926
202204,6호선,월드컵경기장,5313,5115,10428
202204,6호선,응암,16461,16958,33419
202204,6호선,이태원,13604,16745,30349
202204,6호선,증산,8478,8559,17037
202204,6호선,창신,2220,1794,4014
202204,6호선,청구,2422,2395,4817
202204,6호선,태릉입구,4332,4595,8927
202204,6호선,한강진,7379,9651,17030
202204,6호선,합정,13293,12047,25340
202204,6호선,화랑대,7910,6446,14356
202204,6호선,효창공원앞,4840,4248,9088
202204,7호선,가산디지털단지,14870,13621,28491
202204,7호선,강남구청,9552,10562,20114
202204,7호선,건대입구,11448,12274,23722
202204,7호선,고속터미널,14561,11045,25606
202204,7호선,공릉,9654,9197,18851
202204,7호선,광명사거리,16522,16233,32755
202204,7호선,군자,11276,8272,19548
202204,7호선,굴포천,1,0,1
202204,7호선,남구로,7837,8010,15847
202204,7호선,남성,7683,6851,14534
202204,7호선,내방,7547,7520,15067
202204,7호선,노원,15436,16134,31570
202204,7호선,논현,10787,11803,22590
202204,7호선,대림,6522,7233,13755
202204,7호선,도봉산,7088,9302,16390
202204,7호선,뚝섬유원지,18899,18781,37680
202204,7호선,마들,9988,9050,19038
202204,7호선,먹골,7768,7333,15101
202204,7호선,면목,11526,10772,22298
202204,7호선,반포,4402,4337,8739
202204,7호선,보라매,7136,6867,14003
202204,7호선,사가정,12517,12102,24619
202204,7호선,상도,7569,7087,14656
202204,7호선,상동,1,0,1
202204,7호선,상봉,13505,12722,26227
202204,7호선,수락산,10292,9786,20078
202204,7호선,숭실대입구,8815,8523,17338
202204,7호선,신대방삼거리,11394,10395,21789
202204,7호선,신풍,7958,7626,15584
202204,7호선,어린이대공원,16878,18196,35074
202204,7호선,온수,5731,5635,11366
202204,7호선,용마산,4846,4984,9830
202204,7호선,이수,12013,11051,23064
202204,7호선,장승배기,6335,5934,12269
202204,7호선,장암,1842,1245,3087
202204,7호선,중계,9789,8534,18323
202204,7호선,중곡,7114,6607,13721
202204,7호선,중화,7932,7293,15225
202204,7호선,천왕,7167,6712,13879
202204,7호선,철산,15090,15302,30392
202204,7호선,청담,10955,11964,22919
202204,7호선,태릉입구,6972,6550,13522
202204,7호선,하계,12988,11757,24745
202204,7호선,학동,10547,11089,21636
202204,8호선,가락시장,5872,6252,12124
202204,8호선,강동구청,6633,6539,13172
202204,8호선,남위례,3491,3778,7269
202204,8호선,남한산성입구,10137,8838,18975
202204,8호선,단대오거리,8326,7756,16082
202204,8호선,모란,6470,5738,12208
202204,8호선,몽촌토성,6592,5754,12346
202204,8호선,문정,9307,9402,18709
202204,8호선,복정,6750,5637,12387
202204,8호선,산성,4446,4433,8879
202204,8호선,석촌,10038,14568,24606
202204,8호선,송파,6241,5926,12167
202204,8호선,수진,4487,3865,8352
202204,8호선,신흥,3750,3878,7628
202204,8호선,암사,13154,11789,24943
202204,8호선,잠실,22933,26129,49062
202204,8호선,장지,13198,12133,25331
202204,8호선,천호,12853,15392,28245
202204,9호선,가양,15403,13931,29334
202204,9호선,개화,1588,1348,2936
202204,9호선,고속터미널,14946,20085,35031
202204,9호선,공항시장,2368,2488,4856
202204,9호선,구반포,1428,1498,2926
202204,9호선,국회의사당,25961,24406,50367
202204,9호선,김포공항,7826,11687,19513
202204,9호선,노들,4109,3420,7529
202204,9호선,노량진,23331,23184,46515
202204,9호선,당산,15041,13852,28893
202204,9호선,동작,4832,3829,8661
202204,9호선,등촌,7793,7187,14980
202204,9호선,마곡나루,8497,8372,16869
202204,9호선,사평,2478,2134,4612
202204,9호선,샛강,4336,3929,8265
202204,9호선,선유도,5682,5752,11434
202204,9호선,신논현,27225,26914,54139
202204,9호선,신목동,3098,2748,5846
202204,9호선,신반포,3373,3428,6801
202204,9호선,신방화,4908,4541,9449
202204,9호선,양천향교,6295,5785,12080
202204,9호선,여의도,22453,21754,44207
202204,9호선,염창,12884,11740,24624
202204,9호선,증미,4197,3998,8195
202204,9호선,흑석,6672,6353,13025
202204,9호선2~3단계,둔촌오륜,704,665,1369
202204,9호선2~3단계,봉은사,9953,10482,20435
202204,9호선2~3단계,삼성중앙,3202,3153,6355
202204,9호선2~3단계,삼전,5243,4608,9851
202204,9호선2~3단계,석촌,10919,10898,21817
202204,9호선2~3단계,석촌고분,5394,4997,10391
202204,9호선2~3단계,선정릉,4841,5501,10342
202204,9호선2~3단계,송파나루,7489,6995,14484
202204,9호선2~3단계,언주,6381,6271,12652
202204,9호선2~3단계,올림픽공원,8954,9550,18504
202204,9호선2~3단계,종합운동장,4123,3839,7962
202204,9호선2~3단계,중앙보훈병원,4958,4639,9597
202204,9호선2~3단계,한성백제,2537,1964,4501
202204,경강선,경기광주,5652,5136,10788
202204,경강선,곤지암,2043,2112,4155
202204,경강선,부발,2080,1784,3864
202204,경강선,삼동,1462,1353,2815
202204,경강선,세종대왕릉,347,399,746
202204,경강선,신둔도예촌,1263,1210,2473
202204,경강선,여주,2368,2568,4936
202204,경강선,이매,911,689,1600
202204,경강선,이천,2910,2961,5871
202204,경강선,초월,2344,2165,4509
202204,경강선,판교,2995,2916,5911
202204,경부선,가산디지털단지,6856,8709,15565
202204,경부선,관악,6142,5711,11853
202204,경부선,광명,2807,2457,5264
202204,경부선,구로,12713,13502,26215
202204,경부선,군포,4397,3974,8371
202204,경부선,금정,20070,19840,39910
202204,경부선,금천구청,8917,9202,18119
202204,경부선,남영,5415,5664,11079
202204,경부선,노량진,8844,8191,17035
202204,경부선,당정,4411,4039,8450
202204,경부선,대방,8894,8558,17452
202204,경부선,독산,9375,9139,18514
202204,경부선,두정,5665,5476,11141
202204,경부선,명학,5137,5022,10159
202204,경부선,병점,12370,12265,24635
202204,경부선,서동탄,973,1047,2020
202204,경부선,서울역,7409,1909,9318
202204,경부선,서정리,7104,5740,12844
202204,경부선,석수,7126,6690,13816
202204,경부선,성균관대,10426,10273,20699
202204,경부선,성환,3098,2841,5939
202204,경부선,세류,2520,2503,5023
202204,경부선,세마,2179,1919,4098
202204,경부선,송탄,5047,4372,9419
202204,경부선,수원,37628,41204,78832
202204,경부선,신길,6730,5993,12723
202204,경부선,신도림,3177,3363,6540
202204,경부선,안양,17958,17916,35874
202204,경부선,영등포,39746,39778,79524
202204,경부선,오산,9355,8577,17932
202204,경부선,오산대,3011,2685,5696
202204,경부선,용산,32858,35017,67875
202204,경부선,의왕,6323,6053,12376
202204,경부선,직산,746,670,1416
202204,경부선,진위,1128,909,2037
202204,경부선,천안,6515,6660,13175
202204,경부선,평택,13626,12999,26625
202204,경부선,평택지제,3175,3021,6196
202204,경부선,화서,5980,5991,11971
202204,경원선,가능,5238,5014,10252
202204,경원선,광운대,5518,5365,10883
202204,경원선,녹양,3866,3559,7425
202204,경원선,녹천,3366,2803,6169
202204,경원선,덕계,2648,2319,4967
202204,경원선,덕정,4800,4425,9225
202204,경원선,도봉,4479,4181,8660
202204,경원선,도봉산,9284,6560,15844
202204,경원선,동두천,1777,2175,3952
202204,경원선,동두천중앙,2678,2571,5249
202204,경원선,망월사,6057,6172,12229
202204,경원선,방학,7472,7231,14703
202204,경원선,보산,2356,2306,4662
202204,경원선,서빙고,1717,1813,3530
202204,경원선,석계,6744,7176,13920
202204,경원선,소요산,4190,3670,7860
202204,경원선,신이문,6088,5538,11626
202204,경원선,양주,6726,6360,13086
202204,경원선,옥수,50,42,92
202204,경원선,왕십리,12470,14294,26764
202204,경원선,외대앞,6668,6228,12896
202204,경원선,월계,4710,4321,9031
202204,경원선,응봉,2296,2340,4636
202204,경원선,의정부,18485,19381,37866
202204,경원선,이촌,3344,2216,5560
202204,경원선,지행,6128,5980,12108
202204,경원선,청량리,15694,17077,32771
202204,경원선,한남,2774,2734,5508
202204,경원선,회룡,10256,10148,20404
202204,경의선,가좌,3875,3696,7571
202204,경의선,강매,2077,1962,4039
202204,경의선,계양,1,0,1
202204,경의선,곡산,471,459,930
202204,경의선,공덕,2807,2067,4874
202204,경의선,금릉,3966,3805,7771
202204,경의선,금촌,5675,5270,10945
202204,경의선,능곡,2883,2903,5786
202204,경의선,디지털미디어시티,2105,1847,3952
202204,경의선,문산,4943,4969,9912
202204,경의선,백마,4643,4243,8886
202204,경의선,서강대,1927,1838,3765
202204,경의선,서울역,1339,1466,2805
202204,경의선,수색,1564,1553,3117
202204,경의선,신촌,361,399,760
202204,경의선,야당,6228,6316,12544
202204,경의선,운정,5079,4613,9692
202204,경의선,월롱,1718,1506,3224
202204,경의선,일산,6353,5961,12314
202204,경의선,임진강,77,79,156
202204,경의선,탄현,5537,5137,10674
202204,경의선,파주,914,688,1602
202204,경의선,풍산,4430,4267,8697
202204,경의선,행신,5473,5429,10902
202204,경의선,홍대입구,1959,2543,4502
202204,경의선,화전,1268,1151,2419
202204,경의선,효창공원앞,1748,1932,3680
202204,경인선,간석,4477,4198,8675
202204,경인선,개봉,16268,15613,31881
202204,경인선,구일,6157,6026,12183
202204,경인선,도원,2000,1919,3919
202204,경인선,도화,3288,3118,6406
202204,경인선,동암,12472,12544,25016
202204,경인선,동인천,12089,11743,23832
202204,경인선,백운,5548,5479,11027
202204,경인선,부개,6660,6068,12728
202204,경인선,부천,28103,29335,57438
202204,경인선,부평,28977,31989,60966
202204,경인선,소사,7893,7794,15687
202204,경인선,송내,19017,18539,37556
202204,경인선,역곡,21001,20013,41014
202204,경인선,오류동,9305,8473,17778
202204,경인선,온수,4861,4491,9352
202204,경인선,인천,5099,4572,9671
202204,경인선,제물포,7524,7151,14675
202204,경인선,주안,16595,14355,30950
202204,경인선,중동,6797,6320,13117
202204,경춘선,가평,2004,2145,4149
202204,경춘선,갈매,2044,1695,3739
202204,경춘선,강촌,699,763,1462
202204,경춘선,굴봉산,200,240,440
202204,경춘선,금곡,1190,1136,2326
202204,경춘선,김유정,691,760,1451
202204,경춘선,남춘천,2873,2937,5810
202204,경춘선,대성리,975,1100,2075
202204,경춘선,마석,3341,3184,6525
202204,경춘선,백양리,84,90,174
202204,경춘선,별내,2350,2146,4496
202204,경춘선,사릉,1818,1757,3575
202204,경춘선,상천,466,402,868
202204,경춘선,신내,1384,1307,2691
202204,경춘선,천마산,1426,1414,2840
202204,경춘선,청평,1802,1901,3703
202204,경춘선,춘천,1981,1732,3713
202204,경춘선,퇴계원,2609,2325,4934
202204,경춘선,평내호평,4745,4572,9317
202204,공항철도 1호선,검암,4939,5047,9986
202204,공항철도 1호선,계양,7737,7084,14821
202204,공항철도 1호선,공덕,1532,2466,3998
202204,공항철도 1호선,공항화물청사,1328,1383,2711
202204,공항철도 1호선,김포공항,11377,5795,17172
202204,공항철도 1호선,디지털미디어시티,5630,5490,11120
202204,공항철도 1호선,마곡나루,3374,3695,7069
202204,공항철도 1호선,서울역,7740,8208,15948
202204,공항철도 1호선,영종,3149,3141,6290
202204,공항철도 1호선,운서,6402,6533,12935
202204,공항철도 1호선,인천공항1터미널,4422,3972,8394
202204,공항철도 1호선,인천공항2터미널,2266,2012,4278
202204,공항철도 1호선,청라국제도시,4583,4382,8965
202204,공항철도 1호선,홍대입구,12186,12135,24321
202204,과천선,경마공원,11138,11334,22472
202204,과천선,과천,5004,4577,9581
202204,과천선,대공원,16375,16699,33074
202204,과천선,범계,21153,20691,41844
202204,과천선,선바위,6305,5474,11779
202204,과천선,인덕원,17618,17298,34916
202204,과천선,정부과천청사,7052,6706,13758
202204,과천선,평촌,9731,9470,19201
202204,분당선,가천대,5826,6132,11958
202204,분당선,강남구청,5673,7142,12815
202204,분당선,개포동,2974,2876,5850
202204,분당선,구룡,1759,1469,3228
202204,분당선,구성,3431,3485,6916
202204,분당선,기흥,6422,6064,12486
202204,분당선,대모산입구,3016,2819,5835
202204,분당선,도곡,5759,5422,11181
202204,분당선,망포,9396,8298,17694
202204,분당선,매교,2231,2351,4582
202204,분당선,매탄권선,3902,3468,7370
202204,분당선,모란,23965,25317,49282
202204,분당선,미금,10803,11403,22206
202204,분당선,보정,1601,1465,3066
202204,분당선,상갈,3862,3736,7598
202204,분당선,서울숲,21329,25385,46714
202204,분당선,서현,19119,19195,38314
202204,분당선,선릉,5191,7916,13107
202204,분당선,선정릉,3559,3593,7152
202204,분당선,수내,9103,8359,17462
202204,분당선,수서,10786,11133,21919
202204,분당선,수원,7657,6216,13873
202204,분당선,수원시청,10908,12101,23009
202204,분당선,신갈,2731,2712,5443
202204,분당선,압구정로데오,18696,22793,41489
202204,분당선,야탑,18903,19477,38380
202204,분당선,영통,6933,6636,13569
202204,분당선,오리,7752,6286,14038
202204,분당선,이매,4431,4217,8648
202204,분당선,정자,10519,10971,21490
202204,분당선,죽전,10327,11360,21687
202204,분당선,청명,2737,2647,5384
202204,분당선,태평,11279,10425,21704
202204,분당선,한티,11698,11314,23012
202204,수인선,고색,2755,2542,5297
202204,수인선,남동인더스파크,914,888,1802
202204,수인선,달월,71,79,150
202204,수인선,사리,3681,3132,6813
202204,수인선,소래포구,6134,6254,12388
202204,수인선,송도,2047,1933,3980
202204,수인선,숭의,2969,2561,5530
202204,수인선,신포,1556,1571,3127
202204,수인선,야목,265,215,480
202204,수인선,어천,711,644,1355
202204,수인선,연수,4113,3998,8111
202204,수인선,오목천,2339,1932,4271
202204,수인선,원인재,3887,4257,8144
202204,수인선,월곶,2159,2118,4277
202204,수인선,인천,1369,2353,3722
202204,수인선,인천논현,4326,4461,8787
202204,수인선,인하대,4508,4359,8867
202204,수인선,호구포,2747,2508,5255
202204,안산선,고잔,6770,6735,13505
202204,안산선,대야미,4328,3693,8021
202204,안산선,반월,3441,3176,6617
202204,안산선,산본,13104,13832,26936
202204,안산선,상록수,12599,12254,24853
202204,안산선,수리산,3055,2709,5764
202204,안산선,신길온천,1509,1463,2972
202204,안산선,안산,9405,9716,19121
202204,안산선,오이도,7444,7571,15015
202204,안산선,정왕,6826,6725,13551
202204,안산선,중앙,16042,17036,33078
202204,안산선,초지,3483,3607,7090
202204,안산선,한대앞,7713,7330,15043
202204,우이신설선,4.19민주묘지,2597,2448,5045
202204,우이신설선,가오리,3057,2796,5853
202204,우이신설선,보문,1133,1057,2190
202204,우이신설선,북한산보국문,4855,4172,9027
202204,우이신설선,북한산우이,3602,3864,7466
202204,우이신설선,삼양,1541,1601,3142
202204,우이신설선,삼양사거리,1904,1835,3739
202204,우이신설선,성신여대입구,2663,3074,5737
202204,우이신설선,솔밭공원,1744,1711,3455
202204,우이신설선,솔샘,3979,3489,7468
202204,우이신설선,신설동,1368,1375,2743
202204,우이신설선,정릉,3781,3029,6810
202204,우이신설선,화계,2623,2313,4936
202204,일산선,대곡,1480,1224,2704
202204,일산선,대화,8463,7293,15756
202204,일산선,마두,5064,5098,10162
202204,일산선,백석,7268,7135,14403
202204,일산선,삼송,14524,13773,28297
202204,일산선,원당,8704,7925,16629
202204,일산선,원흥,7465,6849,14314
202204,일산선,정발산,7135,7563,14698
202204,일산선,주엽,6530,6328,12858
202204,일산선,화정,13002,13149,26151
202204,장항선,배방,1080,1038,2118
202204,장항선,봉명,862,823,1685
202204,장항선,신창,1289,1280,2569
202204,장항선,쌍용,1800,1654,3454
202204,장항선,아산,3243,3091,6334
202204,장항선,온양온천,5020,5095,10115
202204,장항선,탕정,667,602,1269
202204,중앙선,구리,10677,10728,21405
202204,중앙선,국수,745,720,1465
202204,중앙선,덕소,4483,4466,8949
202204,중앙선,도농,7164,6870,14034
202204,중앙선,도심,1659,1360,3019
202204,중앙선,망우,6605,6347,12952
202204,중앙선,상봉,5079,5099,10178
202204,중앙선,신원,426,303,729
202204,중앙선,아신,627,703,1330
202204,중앙선,양수,2447,2479,4926
202204,중앙선,양원,2017,1996,4013
202204,중앙선,양정,648,581,1229
202204,중앙선,양평,3063,3295,6358
202204,중앙선,오빈,282,297,579
202204,중앙선,용문,2061,2210,4271
202204,중앙선,운길산,1542,1532,3074
202204,중앙선,원덕,750,616,1366
202204,중앙선,중랑,4764,4424,9188
202204,중앙선,지평,55,80,135
202204,중앙선,팔당,1572,1774,3346
202204,중앙선,회기,22122,21202,43324
202204,1호선,동대문,10060,10338,20398
202204,1호선,동묘앞,12475,12499,24974
202204,1호선,서울역,28853,26107,54960
202204,1호선,시청,8518,8371,16889
202204,1호선,신설동,7871,7868,15739
202204,1호선,제기동,10080,10611,20691
202204,1호선,종각,12559,10556,23115
202204,1호선,종로3가,15067,12561,27628
202204,1호선,종로5가,9959,9775,19734
202204,1호선,청량리,12733,12779,25512
202204,2호선,강남,34410,34315,68725
202204,2호선,강변,22935,22888,45823
202204,2호선,건대입구,30689,30940,61629
202204,2호선,교대,10594,11467,22061
202204,2호선,구로디지털단지,24251,23579,47830
202204,2호선,구의,12228,12180,24408
202204,2호선,낙성대,16640,17170,33810
202204,2호선,당산,10855,11417,22272
202204,2호선,대림,15176,15559,30735
202204,2호선,도림천,1150,1429,2579
202204,2호선,동대문역사문화공원,8142,9913,18055
202204,2호선,뚝섬,17734,16455,34189
202204,2호선,문래,8472,8537,17009
202204,2호선,방배,6597,7107,13704
202204,2호선,봉천,12928,12223,25151
202204,2호선,사당,22494,25577,48071
202204,2호선,삼성,19355,18834,38189
202204,2호선,상왕십리,7358,7147,14505
202204,2호선,서울대입구,28406,29297,57703
202204,2호선,서초,11602,10394,21996
202204,2호선,선릉,13451,11720,25171
202204,2호선,성수,15717,16941,32658
202204,2호선,시청,6784,5687,12471
202204,2호선,신답,846,925,1771
202204,2호선,신당,8713,9281,17994
202204,2호선,신대방,16881,16746,33627
202204,2호선,신도림,28719,29597,58316
202204,2호선,신림,39124,37834,76958
202204,2호선,신설동,3265,1756,5021
202204,2호선,신정네거리,5549,5533,11082
202204,2호선,신촌,22655,21728,44383
202204,2호선,아현,5389,5357,10746
202204,2호선,양천구청,3246,3338,6584
202204,2호선,역삼,11060,11779,22839
202204,2호선,영등포구청,8310,8552,16862
202204,2호선,왕십리,10242,9075,19317
202204,2호선,용답,1935,1907,3842
202204,2호선,용두,1158,1148,2306
202204,2호선,을지로3가,8608,8002,16610
202204,2호선,을지로4가,3737,3609,7346
202204,2호선,을지로입구,16019,14410,30429
202204,2호선,이대,7577,8036,15613
202204,2호선,잠실,92633,87117,179750
202204,2호선,잠실나루,6211,6402,12613
202204,2호선,잠실새내,13074,12923,25997
202204,2호선,종합운동장,8402,9380,17782
202204,2호선,충정로,3836,4168,8004
202204,2호선,한양대,3171,3537,6708
202204,2호선,합정,22346,24670,47016
202204,2호선,홍대입구,46801,47730,94531
202204,3호선,가락시장,3730,3838,7568
202204,3호선,경복궁,15855,16914,32769
202204,3호선,경찰병원,2744,2845,5589
202204,3호선,고속터미널,41890,39321,81211
202204,3호선,교대,4292,2732,7024
202204,3호선,구파발,11646,11648,23294
202204,3호선,금호,4250,4135,8385
202204,3호선,남부터미널,14901,15793,30694
202204,3호선,녹번,7251,6515,13766
202204,3호선,대청,4401,4282,8683
202204,3호선,대치,5907,5275,11182
202204,3호선,도곡,2523,3288,5811
202204,3호선,독립문,4805,5800,10605
202204,3호선,동대입구,7008,7813,14821
202204,3호선,매봉,5622,5570,11192
202204,3호선,무악재,1998,2180,4178
202204,3호선,불광,9686,11045,20731
202204,3호선,수서,10898,10743,21641
202204,3호선,신사,13223,13494,26717
202204,3호선,안국,14267,16226,30493
202204,3호선,압구정,13165,14037,27202
202204,3호선,약수,6674,6513,13187
202204,3호선,양재,14400,16189,30589
202204,3호선,연신내,22312,21108,43420
202204,3호선,오금,2732,2751,5483
202204,3호선,옥수,5303,5460,10763
202204,3호선,을지로3가,3511,3060,6571
202204,3호선,일원,3635,3936,7571
202204,3호선,잠원,2666,2634,5300
202204,3호선,종로3가,4075,4923,8998
202204,3호선,지축,2568,2290,4858
202204,3호선,충무로,1,0,1
202204,3호선,학여울,2449,2716,5165
202204,3호선,홍제,9897,9467,19364
202204,4호선,길음,11002,10835,21837
202204,4호선,남태령,1012,704,1716
202204,4호선,노원,11716,12656,24372
202204,4호선,당고개,6068,5878,11946
202204,4호선,동대문,7397,7793,15190
202204,4호선,동대문역사문화공원,9243,8724,17967
202204,4호선,동작,2609,3360,5969
202204,4호선,명동,12850,12920,25770
202204,4호선,미아,8133,7595,15728
202204,4호선,미아사거리,16413,15397,31810
202204,4호선,사당,16920,15420,32340
202204,4호선,삼각지,2669,3668,6337
202204,4호선,상계,10968,10226,21194
202204,4호선,서울역,4531,10871,15402
202204,4호선,성신여대입구,12814,11978,24792
202204,4호선,수유,20763,20032,40795
202204,4호선,숙대입구,7404,7124,14528
202204,4호선,신용산,7861,7878,15739
202204,4호선,쌍문,16502,14990,31492
202204,4호선,이촌,5434,6082,11516
202204,4호선,창동,15148,15423,30571
202204,4호선,총신대입구,10880,11706,22586
202204,4호선,충무로,10606,10716,21322
202204,4호선,한성대입구,8288,8558,16846
202204,4호선,혜화,21826,23145,44971
202204,4호선,회현,9549,10009,19558
202204,5호선,강동,9274,9201,18475
202204,5호선,강일,2425,2263,4688
202204,5호선,개롱,3010,3293,6303
202204,5호선,개화산,2777,2867,5644
202204,5호선,거여,4712,4596,9308
202204,5호선,고덕,4459,4424,8883
202204,5호선,공덕,5703,5927,11630
202204,5호선,광나루,8947,8839,17786
202204,5호선,광화문,13189,13238,26427
202204,5호선,군자,6538,7103,13641
202204,5호선,굽은다리,5402,4892,10294
202204,5호선,길동,4237,4371,8608
202204,5호선,김포공항,6889,6731,13620
202204,5호선,까치산,16895,15984,32879
202204,5호선,답십리,7760,7100,14860
202204,5호선,동대문역사문화공원,777,878,1655
202204,5호선,둔촌동,4704,4663,9367
202204,5호선,마곡,3841,3979,7820
202204,5호선,마장,3134,2888,6022
202204,5호선,마천,3664,3928,7592
202204,5호선,마포,5796,5437,11233
202204,5호선,명일,5194,5165,10359
202204,5호선,목동,8481,8529,17010
202204,5호선,미사,9454,9513,18967
202204,5호선,발산,9525,10265,19790
202204,5호선,방이,4200,3870,8070
202204,5호선,방화,3704,3681,7385
202204,5호선,상일동,6983,6645,13628
202204,5호선,서대문,5810,5624,11434
202204,5호선,송정,3923,3759,7682
202204,5호선,신금호,3259,3522,6781
202204,5호선,신길,2416,2690,5106
202204,5호선,신정,7211,6392,13603
202204,5호선,아차산,14674,14899,29573
202204,5호선,애오개,2984,2885,5869
202204,5호선,양평,3448,3543,6991
202204,5호선,여의나루,45681,54132,99813
202204,5호선,여의도,16248,16930,33178
202204,5호선,영등포구청,1528,1532,3060
202204,5호선,영등포시장,6081,6327,12408
202204,5호선,오금,1495,1473,2968
202204,5호선,오목교,13159,13630,26789
202204,5호선,올림픽공원,2920,2919,5839
202204,5호선,왕십리,2772,3201,5973
202204,5호선,우장산,7446,7466,14912
202204,5호선,을지로4가,1893,1900,3793
202204,5호선,장한평,8349,8277,16626
202204,5호선,종로3가,9306,8531,17837
202204,5호선,천호,12892,12226,25118
202204,5호선,청구,2016,1698,3714
202204,5호선,충정로,1724,1644,3368
202204,5호선,하남검단산,4948,4826,9774
202204,5호선,하남시청,4124,3941,8065
202204,5호선,하남풍산,2249,2114,4363
202204,5호선,행당,4292,3915,8207
202204,5호선,화곡,15670,14686,30356
202204,6호선,고려대,4456,4350,8806
202204,6호선,공덕,7753,7074,14827
202204,6호선,광흥창,4726,4337,9063
202204,6호선,구산,4243,3005,7248
202204,6호선,녹사평,4264,4038,8302
202204,6호선,대흥,4560,4800,9360
202204,6호선,독바위,1794,2117,3911
202204,6호선,돌곶이,5441,5129,10570
202204,6호선,동묘앞,6131,5994,12125
202204,6호선,디지털미디어시티,5843,5746,11589
202204,6호선,마포구청,7682,6667,14349
202204,6호선,망원,10641,11449,22090
202204,6호선,버티고개,1086,1215,2301
202204,6호선,보문,4237,3943,8180
202204,6호선,봉화산,4003,3869,7872
202204,6호선,불광,3300,3110,6410
202204,6호선,삼각지,4364,3226,7590
202204,6호선,상수,6253,7275,13528
202204,6호선,상월곡,3349,3066,6415
202204,6호선,새절,7943,7481,15424
202204,6호선,석계,6583,6999,13582
202204,6호선,신당,4753,5095,9848
202204,6호선,안암,5653,6352,12005
202204,6호선,약수,1744,1738,3482
202204,6호선,역촌,2034,2368,4402
202204,6호선,연신내,2,0,2
202204,6호선,월곡,5502,5368,10870
202204,6호선,월드컵경기장,9166,9217,18383
202204,6호선,응암,11098,12075,23173
202204,6호선,이태원,9761,9550,19311
202204,6호선,증산,6574,6710,13284
202204,6호선,창신,1732,1444,3176
202204,6호선,청구,1726,1766,3492
202204,6호선,태릉입구,3257,3635,6892
202204,6호선,한강진,5862,7021,12883
202204,6호선,합정,10586,9396,19982
202204,6호선,화랑대,5834,4997,10831
202204,6호선,효창공원앞,3864,3391,7255
202204,7호선,가산디지털단지,11517,10517,22034
202204,7호선,강남구청,5302,5955,11257
202204,7호선,건대입구,8133,8737,16870
202204,7호선,고속터미널,13700,8577,22277
202204,7호선,공릉,6706,6766,13472
202204,7호선,광명사거리,13071,12835,25906
202204,7호선,군자,8264,6154,14418
202204,7호선,까치울,1,0,1
202204,7호선,남구로,6577,6323,12900
202204,7호선,남성,5683,5478,11161
202204,7호선,내방,5162,5376,10538
202204,7호선,노원,10999,11194,22193
202204,7호선,논현,5995,6443,12438
202204,7호선,대림,6897,6360,13257
202204,7호선,도봉산,5996,8411,14407
202204,7호선,뚝섬유원지,17663,16465,34128
202204,7호선,마들,6494,5979,12473
202204,7호선,먹골,5713,5413,11126
202204,7호선,면목,8611,8409,17020
202204,7호선,반포,3032,2989,6021
202204,7호선,보라매,4786,4984,9770
202204,7호선,사가정,9446,9176,18622
202204,7호선,상도,5493,5486,10979
202204,7호선,상봉,9597,8785,18382
202204,7호선,수락산,8796,8572,17368
202204,7호선,숭실대입구,6171,6662,12833
202204,7호선,신대방삼거리,8142,8113,16255
202204,7호선,신풍,6212,5811,12023
202204,7호선,어린이대공원,13359,14447,27806
202204,7호선,온수,4059,4274,8333
202204,7호선,용마산,3689,4300,7989
202204,7호선,이수,8547,7728,16275
202204,7호선,장승배기,4516,4411,8927
202204,7호선,장암,1573,1030,2603
202204,7호선,중계,7030,6517,13547
202204,7호선,중곡,5504,5277,10781
202204,7호선,중화,6295,5991,12286
202204,7호선,천왕,5092,4997,10089
202204,7호선,철산,11325,11203,22528
202204,7호선,청담,6728,7123,13851
202204,7호선,태릉입구,5207,5065,10272
202204,7호선,하계,9799,9124,18923
202204,7호선,학동,6281,6810,13091
202204,8호선,가락시장,3390,4175,7565
202204,8호선,강동구청,4909,4754,9663
202204,8호선,남위례,2674,2771,5445
202204,8호선,남한산성입구,7581,6954,14535
202204,8호선,단대오거리,6213,6045,12258
202204,8호선,모란,3138,2748,5886
202204,8호선,몽촌토성,4997,4687,9684
202204,8호선,문정,6055,6502,12557
202204,8호선,복정,4969,4659,9628
202204,8호선,산성,3566,3696,7262
202204,8호선,석촌,7157,11008,18165
202204,8호선,송파,4066,4011,8077
202204,8호선,수진,3330,3048,6378
202204,8호선,신흥,2770,2961,5731
202204,8호선,암사,9599,9020,18619
202204,8호선,잠실,17985,19454,37439
202204,8호선,장지,9732,9983,19715
202204,8호선,천호,9396,10845,20241
202204,9호선,가양,11039,10839,21878
202204,9호선,개화,1312,1182,2494
202204,9호선,고속터미널,12062,16279,28341
202204,9호선,공항시장,1882,2028,3910
202204,9호선,구반포,663,641,1304
202204,9호선,국회의사당,22751,20588,43339
202204,9호선,김포공항,7198,11246,18444
202204,9호선,노들,3261,2794,6055
202204,9호선,노량진,16859,17769,34628
202204,9호선,당산,11045,10125,21170
202204,9호선,동작,4238,3413,7651
202204,9호선,등촌,5879,5812,11691
202204,9호선,마곡나루,6031,6318,12349
202204,9호선,사평,1670,1664,3334
202204,9호선,샛강,2799,2787,5586
202204,9호선,선유도,4589,4475,9064
202204,9호선,신논현,16736,15887,32623
202204,9호선,신목동,2408,2337,4745
202204,9호선,신반포,2192,2432,4624
202204,9호선,신방화,3703,3524,7227
202204,9호선,양천향교,4440,4670,9110
202204,9호선,여의도,17398,15889,33287
202204,9호선,염창,9717,9231,18948
202204,9호선,증미,2767,2728,5495
202204,9호선,흑석,4703,4766,9469
202204,9호선2~3단계,둔촌오륜,497,520,1017
202204,9호선2~3단계,봉은사,7377,7268,14645
202204,9호선2~3단계,삼성중앙,2029,2200,4229
202204,9호선2~3단계,삼전,3685,3547,7232
202204,9호선2~3단계,석촌,7900,7856,15756
202204,9호선2~3단계,석촌고분,3855,3780,7635
202204,9호선2~3단계,선정릉,3141,3338,6479
202204,9호선2~3단계,송파나루,5262,4894,10156
202204,9호선2~3단계,언주,3929,3894,7823
202204,9호선2~3단계,올림픽공원,6164,6507,12671
202204,9호선2~3단계,종합운동장,2539,2124,4663
202204,9호선2~3단계,중앙보훈병원,3722,3463,7185
202204,9호선2~3단계,한성백제,2064,1589,3653
202204,경강선,경기광주,4191,3961,8152
202204,경강선,곤지암,1604,1755,3359
202204,경강선,부발,1563,2297,3860
202204,경강선,삼동,1125,1072,2197
202204,경강선,세종대왕릉,353,343,696
202204,경강선,신둔도예촌,1032,1052,2084
202204,경강선,여주,2467,2504,4971
202204,경강선,이매,735,573,1308
202204,경강선,이천,2205,2498,4703
202204,경강선,초월,1815,1685,3500
202204,경강선,판교,2475,2289,4764
202204,경부선,가산디지털단지,5255,7043,12298
202204,경부선,관악,5156,4666,9822
202204,경부선,광명,2725,1966,4691
202204,경부선,구로,9872,10238,20110
202204,경부선,군포,3245,3079,6324
202204,경부선,금정,15296,15528,30824
202204,경부선,금천구청,6980,6972,13952
202204,경부선,남영,4093,4568,8661
202204,경부선,노량진,6425,6128,12553
202204,경부선,당정,3312,3246,6558
202204,경부선,대방,6624,6922,13546
202204,경부선,독산,6719,6672,13391
202204,경부선,두정,4412,5787,10199
202204,경부선,명학,3565,3493,7058
202204,경부선,병점,9869,10572,20441
202204,경부선,서동탄,769,798,1567
202204,경부선,서울역,8234,1841,10075
202204,경부선,서정리,4650,6584,11234
202204,경부선,석수,5451,5428,10879
202204,경부선,성균관대,7784,8135,15919
202204,경부선,성환,2679,3350,6029
202204,경부선,세류,2170,2090,4260
202204,경부선,세마,1753,1576,3329
202204,경부선,송탄,3751,4666,8417
202204,경부선,수원,34026,33773,67799
202204,경부선,신길,5831,5241,11072
202204,경부선,신도림,2600,2583,5183
202204,경부선,안양,14295,13673,27968
202204,경부선,영등포,33936,31028,64964
202204,경부선,오산,8023,8263,16286
202204,경부선,오산대,2373,2268,4641
202204,경부선,용산,31310,27594,58904
202204,경부선,의왕,4453,4491,8944
202204,경부선,직산,572,641,1213
202204,경부선,진위,949,954,1903
202204,경부선,천안,6136,6440,12576
202204,경부선,평택,11737,12577,24314
202204,경부선,평택지제,2527,2356,4883
202204,경부선,화서,4647,4505,9152
202204,경원선,가능,4324,3940,8264
202204,경원선,광운대,4175,4419,8594
202204,경원선,녹양,2916,2660,5576
202204,경원선,녹천,2586,2375,4961
202204,경원선,덕계,1918,1874,3792
202204,경원선,덕정,3560,3722,7282
202204,경원선,도봉,3496,3297,6793
202204,경원선,도봉산,9607,6851,16458
202204,경원선,동두천,1404,1870,3274
202204,경원선,동두천중앙,2425,2332,4757
202204,경원선,망월사,5159,5336,10495
202204,경원선,방학,6014,5763,11777
202204,경원선,보산,1559,1547,3106
202204,경원선,서빙고,1512,1563,3075
202204,경원선,석계,5030,5324,10354
202204,경원선,소요산,4587,3977,8564
202204,경원선,신이문,4670,4493,9163
202204,경원선,양주,5409,5213,10622
202204,경원선,옥수,61,24,85
202204,경원선,왕십리,9667,11030,20697
202204,경원선,외대앞,5248,5208,10456
202204,경원선,월계,3852,3506,7358
202204,경원선,응봉,1623,1908,3531
202204,경원선,의정부,14573,14969,29542
202204,경원선,이촌,2684,1838,4522
202204,경원선,지행,4770,4685,9455
202204,경원선,청량리,13919,13137,27056
202204,경원선,한남,1928,1944,3872
202204,경원선,회룡,7990,8226,16216
202204,경의선,가좌,2935,2903,5838
202204,경의선,강매,1632,1517,3149
202204,경의선,곡산,366,359,725
202204,경의선,공덕,2009,1624,3633
202204,경의선,금릉,3012,2958,5970
202204,경의선,금촌,4208,4490,8698
202204,경의선,능곡,2300,2199,4499
202204,경의선,디지털미디어시티,1538,1405,2943
202204,경의선,문산,3599,3636,7235
202204,경의선,백마,3589,3376,6965
202204,경의선,서강대,1498,1432,2930
202204,경의선,서울역,1178,1049,2227
202204,경의선,수색,907,1003,1910
202204,경의선,신촌,223,284,507
202204,경의선,야당,4823,4653,9476
202204,경의선,운정,3841,3583,7424
202204,경의선,월롱,1027,2208,3235
202204,경의선,일산,5040,4644,9684
202204,경의선,임진강,73,73,146
202204,경의선,탄현,4247,3944,8191
202204,경의선,파주,692,645,1337
202204,경의선,풍산,3601,3356,6957
202204,경의선,행신,4871,4418,9289
202204,경의선,홍대입구,1653,1922,3575
202204,경의선,화전,1026,1061,2087
202204,경의선,효창공원앞,1369,1605,2974
202204,경인선,간석,3471,3250,6721
202204,경인선,개봉,11822,11492,23314
202204,경인선,구일,4984,5390,10374
202204,경인선,도원,2873,2885,5758
202204,경인선,도화,2646,2408,5054
202204,경인선,동암,9751,9535,19286
202204,경인선,동인천,10347,10124,20471
202204,경인선,백운,4113,4056,8169
202204,경인선,부개,5099,4828,9927
202204,경인선,부천,22105,21804,43909
202204,경인선,부평,22969,23541,46510
202204,경인선,소사,6274,6079,12353
202204,경인선,송내,13883,13719,27602
202204,경인선,역곡,15112,14876,29988
202204,경인선,오류동,7268,6928,14196
202204,경인선,온수,3902,3661,7563
202204,경인선,인천,5383,4663,10046
202204,경인선,제물포,5788,5510,11298
202204,경인선,주안,12319,11078,23397
202204,경인선,중동,5196,4850,10046
202204,경춘선,가평,2104,1712,3816
202204,경춘선,갈매,1514,1322,2836
202204,경춘선,강촌,805,647,1452
202204,경춘선,굴봉산,260,214,474
202204,경춘선,금곡,953,906,1859
202204,경춘선,김유정,503,560,1063
202204,경춘선,남춘천,2330,2936,5266
202204,경춘선,대성리,1246,1006,2252
202204,경춘선,마석,2869,2745,5614
202204,경춘선,백양리,131,107,238
202204,경춘선,별내,2007,1838,3845
202204,경춘선,사릉,1455,1434,2889
202204,경춘선,상천,538,423,961
202204,경춘선,신내,1045,1054,2099
202204,경춘선,천마산,1200,1173,2373
202204,경춘선,청평,1878,1354,3232
202204,경춘선,춘천,1993,1644,3637
202204,경춘선,퇴계원,2125,1931,4056
202204,경춘선,평내호평,3738,3579,7317
202204,공항철도 1호선,검암,3846,4125,7971
202204,공항철도 1호선,계양,5767,5600,11367
202204,공항철도 1호선,공덕,1200,1707,2907
202204,공항철도 1호선,공항화물청사,989,1072,2061
202204,공항철도 1호선,김포공항,11945,5924,17869
202204,공항철도 1호선,디지털미디어시티,3874,3922,7796
202204,공항철도 1호선,마곡나루,2711,2910,5621
202204,공항철도 1호선,서울역,8253,7612,15865
202204,공항철도 1호선,영종,2635,2607,5242
202204,공항철도 1호선,운서,5643,6055,11698
202204,공항철도 1호선,인천공항1터미널,4333,4048,8381
202204,공항철도 1호선,인천공항2터미널,2271,2014,4285
202204,공항철도 1호선,청라국제도시,3594,3275,6869
202204,공항철도 1호선,홍대입구,10167,9287,19454
202204,과천선,경마공원,14168,14483,28651
202204,과천선,과천,4375,4028,8403
202204,과천선,대공원,17086,17124,34210
202204,과천선,범계,16177,15760,31937
202204,과천선,선바위,4985,4613,9598
202204,과천선,인덕원,13996,13882,27878
202204,과천선,정부과천청사,5811,5717,11528
202204,과천선,평촌,7229,6788,14017
202204,분당선,가천대,4395,5324,9719
202204,분당선,강남구청,3555,4208,7763
202204,분당선,개포동,2177,2218,4395
202204,분당선,구룡,791,982,1773
202204,분당선,구성,2587,2558,5145
202204,분당선,기흥,5236,4834,10070
202204,분당선,대모산입구,2167,2158,4325
202204,분당선,도곡,3798,3720,7518
202204,분당선,망포,6331,6428,12759
202204,분당선,매교,1690,1633,3323
202204,분당선,매탄권선,2681,2620,5301
202204,분당선,모란,11488,11995,23483
202204,분당선,미금,7513,7998,15511
202204,분당선,보정,1120,1076,2196
202204,분당선,복정,1,0,1
202204,분당선,상갈,2819,2877,5696
202204,분당선,서울숲,17332,20450,37782
202204,분당선,서현,14724,14743,29467
202204,분당선,선릉,2939,4461,7400
202204,분당선,선정릉,2153,2175,4328
202204,분당선,수내,6237,5960,12197
202204,분당선,수서,8639,8145,16784
202204,분당선,수원,6323,4879,11202
202204,분당선,수원시청,7425,7346,14771
202204,분당선,신갈,2131,2165,4296
202204,분당선,압구정로데오,11113,12558,23671
202204,분당선,야탑,13796,13973,27769
202204,분당선,영통,4945,4980,9925
202204,분당선,오리,5494,4705,10199
202204,분당선,이매,3470,3547,7017
202204,분당선,정자,7599,7881,15480
202204,분당선,죽전,7861,8852,16713
202204,분당선,청명,1985,2131,4116
202204,분당선,태평,8474,7809,16283
202204,분당선,한티,8585,8205,16790
202204,수인선,고색,1721,1895,3616
202204,수인선,남동인더스파크,574,553,1127
202204,수인선,달월,65,64,129
202204,수인선,사리,2797,2351,5148
202204,수인선,소래포구,5437,5296,10733
202204,수인선,송도,1634,1591,3225
202204,수인선,숭의,2193,1988,4181
202204,수인선,신포,1348,1235,2583
202204,수인선,야목,210,187,397
202204,수인선,어천,529,669,1198
202204,수인선,연수,3535,3382,6917
202204,수인선,오목천,1612,1644,3256
202204,수인선,원인재,3487,3648,7135
202204,수인선,월곶,1791,1572,3363
202204,수인선,인천,1286,2183,3469
202204,수인선,인천논현,3018,3126,6144
202204,수인선,인하대,3602,3517,7119
202204,수인선,호구포,2130,2229,4359
202204,안산선,고잔,5125,4950,10075
202204,안산선,대야미,3439,3120,6559
202204,안산선,반월,2677,2599,5276
202204,안산선,산본,9617,10181,19798
202204,안산선,상록수,9828,9721,19549
202204,안산선,수리산,2349,2256,4605
202204,안산선,신길온천,1280,1241,2521
202204,안산선,안산,9759,9062,18821
202204,안산선,오이도,6172,6079,12251
202204,안산선,정왕,5818,6270,12088
202204,안산선,중앙,12633,12259,24892
202204,안산선,초지,2750,2811,5561
202204,안산선,한대앞,5680,5891,11571
202204,우이신설선,4.19민주묘지,2297,2090,4387
202204,우이신설선,가오리,2311,2169,4480
202204,우이신설선,보문,1013,960,1973
202204,우이신설선,북한산보국문,3961,3701,7662
202204,우이신설선,북한산우이,3282,3693,6975
202204,우이신설선,삼양,1147,1191,2338
202204,우이신설선,삼양사거리,1567,1511,3078
202204,우이신설선,성신여대입구,2116,2506,4622
202204,우이신설선,솔밭공원,1479,1410,2889
202204,우이신설선,솔샘,2946,2785,5731
202204,우이신설선,신설동,1141,1148,2289
202204,우이신설선,정릉,2980,2421,5401
202204,우이신설선,화계,2118,1950,4068
202204,일산선,대곡,1255,1019,2274
202204,일산선,대화,6162,5548,11710
202204,일산선,마두,3535,3466,7001
202204,일산선,백석,5341,5316,10657
202204,일산선,삼송,11145,10872,22017
202204,일산선,원당,6507,6365,12872
202204,일산선,원흥,5777,5503,11280
202204,일산선,정발산,6522,6607,13129
202204,일산선,주엽,4639,4554,9193
202204,일산선,화정,9631,9799,19430
202204,장항선,배방,851,984,1835
202204,장항선,봉명,612,601,1213
202204,장항선,신창,1195,2014,3209
202204,장항선,쌍용,1269,1458,2727
202204,장항선,아산,3905,2513,6418
202204,장항선,온양온천,3605,3549,7154
202204,장항선,탕정,517,576,1093
202204,중앙선,구리,8034,8341,16375
202204,중앙선,국수,770,671,1441
202204,중앙선,덕소,3562,3513,7075
202204,중앙선,도농,5449,5317,10766
202204,중앙선,도심,1328,1198,2526
202204,중앙선,망우,5142,4950,10092
202204,중앙선,상봉,3928,4013,7941
202204,중앙선,신원,377,245,622
202204,중앙선,아신,643,550,1193
202204,중앙선,양수,2215,2125,4340
202204,중앙선,양원,1503,1557,3060
202204,중앙선,양정,527,455,982
202204,중앙선,양평,2840,2545,5385
202204,중앙선,오빈,253,235,488
202204,중앙선,용문,4690,4181,8871
202204,중앙선,운길산,1629,1460,3089
202204,중앙선,원덕,744,559,1303
202204,중앙선,중랑,3636,3690,7326
202204,중앙선,지평,74,65,139
202204,중앙선,팔당,1654,1794,3448
202204,중앙선,회기,18424,18642,37066
202204,1호선,동대문,10631,10524,21155
202204,1호선,동묘앞,11789,12472,24261
202204,1호선,서울역,32648,32937,65585
202204,1호선,시청,11338,12034,23372
202204,1호선,신설동,9985,9507,19492
202204,1호선,제기동,15691,16155,31846
202204,1호선,종각,18991,17374,36365
202204,1호선,종로3가,23047,21699,44746
202204,1호선,종로5가,19236,19690,38926
202204,1호선,청량리,18146,18068,36214
202204,2호선,강남,58294,59470,117764
202204,2호선,강변,26400,25916,52316
202204,2호선,건대입구,35934,38409,74343
202204,2호선,교대,17027,18943,35970
202204,2호선,구로디지털단지,33675,32986,66661
202204,2호선,구의,16502,15783,32285
202204,2호선,낙성대,21597,19804,41401
202204,2호선,당산,13272,14297,27569
202204,2호선,대림,17854,18908,36762
202204,2호선,도림천,869,879,1748
202204,2호선,동대문역사문화공원,9776,11237,21013
202204,2호선,뚝섬,17680,17039,34719
202204,2호선,문래,13042,13871,26913
202204,2호선,방배,9492,9775,19267
202204,2호선,봉천,17385,15426,32811
202204,2호선,사당,31354,35447,66801
202204,2호선,삼성,27995,28070,56065
202204,2호선,상왕십리,9767,9057,18824
202204,2호선,서울대입구,38666,37150,75816
202204,2호선,서초,11032,9182,20214
202204,2호선,선릉,23554,20968,44522
202204,2호선,성수,21591,24152,45743
202204,2호선,시청,9081,8454,17535
202204,2호선,신답,1078,1114,2192
202204,2호선,신당,11383,11978,23361
202204,2호선,신대방,20929,19691,40620
202204,2호선,신도림,40366,40819,81185
202204,2호선,신림,51216,48522,99738
202204,2호선,신설동,3557,1827,5384
202204,2호선,신정네거리,7961,7758,15719
202204,2호선,신촌,28520,28462,56982
202204,2호선,아현,7445,6845,14290
202204,2호선,양천구청,5164,4988,10152
202204,2호선,역삼,17310,19342,36652
202204,2호선,영등포구청,12609,13231,25840
202204,2호선,왕십리,13095,11409,24504
202204,2호선,용답,2186,2024,4210
202204,2호선,용두,1736,1696,3432
202204,2호선,을지로3가,11802,11802,23604
202204,2호선,을지로4가,7138,7607,14745
202204,2호선,을지로입구,21592,21851,43443
202204,2호선,이대,10195,10373,20568
202204,2호선,잠실,73717,70943,144660
202204,2호선,잠실나루,7681,7646,15327
202204,2호선,잠실새내,17083,17692,34775
202204,2호선,종합운동장,9521,10001,19522
202204,2호선,충정로,5576,6058,11634
202204,2호선,한양대,4929,5100,10029
202204,2호선,합정,28556,31965,60521
202204,2호선,홍대입구,61990,68143,130133
202204,3호선,가락시장,6255,6033,12288
202204,3호선,경복궁,19059,20339,39398
202204,3호선,경찰병원,3982,3919,7901
202204,3호선,고속터미널,49558,49422,98980
202204,3호선,교대,7041,4122,11163
202204,3호선,구파발,15514,15736,31250
202204,3호선,금호,5996,5283,11279
202204,3호선,남부터미널,19779,19561,39340
202204,3호선,녹번,10491,8876,19367
202204,3호선,대청,5940,5442,11382
202204,3호선,대치,8252,7742,15994
202204,3호선,도곡,3420,3419,6839
202204,3호선,독립문,6441,7385,13826
202204,3호선,동대입구,7658,8748,16406
202204,3호선,매봉,6448,6176,12624
202204,3호선,무악재,2751,2946,5697
202204,3호선,불광,13257,14795,28052
202204,3호선,수서,13398,13449,26847
202204,3호선,신사,25137,26887,52024
202204,3호선,안국,17445,20007,37452
202204,3호선,압구정,24456,25917,50373
202204,3호선,약수,9356,8996,18352
202204,3호선,양재,20918,22619,43537
202204,3호선,연신내,29852,28003,57855
202204,3호선,오금,3725,3554,7279
202204,3호선,옥수,7059,7233,14292
202204,3호선,을지로3가,5379,5821,11200
202204,3호선,일원,4743,4703,9446
202204,3호선,잠원,3811,3679,7490
202204,3호선,종로3가,6165,8282,14447
202204,3호선,지축,3576,3192,6768
202204,3호선,충무로,2,0,2
202204,3호선,학여울,1960,2086,4046
202204,3호선,홍제,13584,12624,26208
202204,4호선,길음,14750,13746,28496
202204,4호선,남태령,1076,655,1731
202204,4호선,노원,16153,17898,34051
202204,4호선,당고개,7480,7036,14516
202204,4호선,동대문,13671,13998,27669
202204,4호선,동대문역사문화공원,11104,9924,21028
202204,4호선,동작,1809,2021,3830
202204,4호선,명동,15237,17491,32728
202204,4호선,미아,10715,10158,20873
202204,4호선,미아사거리,22187,20995,43182
202204,4호선,사당,22796,18998,41794
202204,4호선,삼각지,3756,5096,8852
202204,4호선,상계,14794,13659,28453
202204,4호선,서울역,5917,13888,19805
202204,4호선,성신여대입구,16494,15516,32010
202204,4호선,수유,27136,26346,53482
202204,4호선,숙대입구,9608,9383,18991
202204,4호선,신용산,10536,11438,21974
202204,4호선,쌍문,22170,19543,41713
202204,4호선,이촌,6792,7626,14418
202204,4호선,창동,20134,20262,40396
202204,4호선,총신대입구,14683,15983,30666
202204,4호선,충무로,14194,15320,29514
202204,4호선,한성대입구,11002,10560,21562
202204,4호선,혜화,27077,27855,54932
202204,4호선,회현,19015,21026,40041
202204,5호선,강동,13330,12496,25826
202204,5호선,강일,2987,2703,5690
202204,5호선,개롱,4309,4324,8633
202204,5호선,개화산,3918,3916,7834
202204,5호선,거여,6368,6026,12394
202204,5호선,고덕,6455,6193,12648
202204,5호선,공덕,7207,7405,14612
202204,5호선,광나루,10264,9602,19866
202204,5호선,광화문,15283,15729,31012
202204,5호선,군자,8529,9265,17794
202204,5호선,굽은다리,7167,6619,13786
202204,5호선,길동,5887,6093,11980
202204,5호선,김포공항,7427,7557,14984
202204,5호선,까치산,21753,20284,42037
202204,5호선,답십리,10253,9273,19526
202204,5호선,동대문역사문화공원,954,1361,2315
202204,5호선,둔촌동,6378,6238,12616
202204,5호선,마곡,5531,5738,11269
202204,5호선,마장,3939,3755,7694
202204,5호선,마천,4907,5009,9916
202204,5호선,마포,7873,7831,15704
202204,5호선,명일,6179,6087,12266
202204,5호선,목동,11239,11271,22510
202204,5호선,미사,12351,12293,24644
202204,5호선,발산,13443,14685,28128
202204,5호선,방이,5313,5084,10397
202204,5호선,방화,4729,4392,9121
202204,5호선,상일동,9579,8752,18331
202204,5호선,서대문,7512,7127,14639
202204,5호선,송정,5137,4819,9956
202204,5호선,신금호,4233,4291,8524
202204,5호선,신길,2791,2885,5676
202204,5호선,신정,9064,7656,16720
202204,5호선,아차산,14656,14302,28958
202204,5호선,애오개,3585,3561,7146
202204,5호선,양평,3847,3513,7360
202204,5호선,여의나루,21772,24778,46550
202204,5호선,여의도,13913,14679,28592
202204,5호선,영등포구청,2044,1927,3971
202204,5호선,영등포시장,8087,8624,16711
202204,5호선,오금,2017,1935,3952
202204,5호선,오목교,17146,17515,34661
202204,5호선,올림픽공원,3567,3263,6830
202204,5호선,왕십리,3514,4253,7767
202204,5호선,우장산,9960,9703,19663
202204,5호선,을지로4가,3445,3916,7361
202204,5호선,장한평,11271,10820,22091
202204,5호선,종로3가,13032,13449,26481
202204,5호선,천호,16973,16380,33353
202204,5호선,청구,2664,2344,5008
202204,5호선,충정로,2052,1834,3886
202204,5호선,하남검단산,5495,5372,10867
202204,5호선,하남시청,5742,5413,11155
202204,5호선,하남풍산,2879,2843,5722
202204,5호선,행당,5575,4830,10405
202204,5호선,화곡,20703,18748,39451
202204,6호선,고려대,5433,5232,10665
202204,6호선,공덕,10240,9665,19905
202204,6호선,광흥창,5400,4863,10263
202204,6호선,구산,5395,3996,9391
202204,6호선,녹사평,5928,6319,12247
202204,6호선,대흥,5715,5706,11421
202204,6호선,독바위,2045,2452,4497
202204,6호선,돌곶이,6184,5708,11892
202204,6호선,동묘앞,7737,7610,15347
202204,6호선,디지털미디어시티,7424,7475,14899
202204,6호선,마포구청,9447,8165,17612
202204,6호선,망원,13375,14883,28258
202204,6호선,버티고개,1418,1507,2925
202204,6호선,보문,5238,4761,9999
202204,6호선,봉화산,5460,5219,10679
202204,6호선,불광,3979,3649,7628
202204,6호선,삼각지,6184,4704,10888
202204,6호선,상수,8367,10622,18989
202204,6호선,상월곡,4183,3686,7869
202204,6호선,새절,8855,8222,17077
202204,6호선,석계,8950,8860,17810
202204,6호선,신당,6251,5612,11863
202204,6호선,안암,6711,6439,13150
202204,6호선,약수,2613,2645,5258
202204,6호선,역촌,2684,2858,5542
202204,6호선,월곡,7871,7712,15583
202204,6호선,월드컵경기장,4859,5044,9903
202204,6호선,응암,12994,12610,25604
202204,6호선,이태원,15121,17537,32658
202204,6호선,증산,7541,7391,14932
202204,6호선,창신,2107,1778,3885
202204,6호선,청구,2462,2470,4932
202204,6호선,태릉입구,4353,4529,8882
202204,6호선,한강진,8262,10745,19007
202204,6호선,합정,12887,12105,24992
202204,6호선,화랑대,7165,5919,13084
202204,6호선,효창공원앞,4750,4226,8976
202204,7호선,가산디지털단지,14930,13438,28368
202204,7호선,강남구청,10192,11400,21592
202204,7호선,건대입구,11045,11692,22737
202204,7호선,고속터미널,13836,11085,24921
202204,7호선,공릉,9714,9322,19036
202204,7호선,광명사거리,17142,16847,33989
202204,7호선,군자,11056,8394,19450
202204,7호선,남구로,8170,8460,16630
202204,7호선,남성,7832,7058,14890
202204,7호선,내방,7537,7510,15047
202204,7호선,노원,15835,16211,32046
202204,7호선,논현,11096,12048,23144
202204,7호선,대림,7009,7449,14458
202204,7호선,도봉산,7137,10098,17235
202204,7호선,뚝섬유원지,14480,14758,29238
202204,7호선,마들,8932,8271,17203
202204,7호선,먹골,7723,7302,15025
202204,7호선,면목,11274,10630,21904
202204,7호선,반포,4574,4353,8927
202204,7호선,보라매,6737,6491,13228
202204,7호선,사가정,12380,11810,24190
202204,7호선,상도,7623,7038,14661
202204,7호선,상봉,13448,12776,26224
202204,7호선,수락산,10562,10244,20806
202204,7호선,숭실대입구,9032,8706,17738
202204,7호선,신대방삼거리,11801,10914,22715
202204,7호선,신풍,8213,7643,15856
202204,7호선,어린이대공원,13538,13947,27485
202204,7호선,온수,5753,5618,11371
202204,7호선,용마산,4539,4707,9246
202204,7호선,이수,12050,11336,23386
202204,7호선,장승배기,6353,6033,12386
202204,7호선,장암,1697,1351,3048
202204,7호선,중계,9627,8353,17980
202204,7호선,중곡,7043,6487,13530
202204,7호선,중화,7844,7345,15189
202204,7호선,천왕,6929,6421,13350
202204,7호선,철산,15093,15306,30399
202204,7호선,청담,11326,12308,23634
202204,7호선,태릉입구,6782,6287,13069
202204,7호선,하계,13057,11763,24820
202204,7호선,학동,10359,10913,21272
202204,8호선,가락시장,5527,5863,11390
202204,8호선,강동구청,6181,6009,12190
202204,8호선,남위례,3486,3560,7046
202204,8호선,남한산성입구,9439,8369,17808
202204,8호선,단대오거리,7698,6988,14686
202204,8호선,모란,3802,3347,7149
202204,8호선,몽촌토성,5005,4951,9956
202204,8호선,문정,8798,8770,17568
202204,8호선,복정,6409,5353,11762
202204,8호선,산성,4278,4252,8530
202204,8호선,석촌,6079,7822,13901
202204,8호선,송파,5602,5422,11024
202204,8호선,수진,4255,3718,7973
202204,8호선,신흥,3511,3720,7231
202204,8호선,암사,12531,11391,23922
202204,8호선,잠실,13818,16025,29843
202204,8호선,장지,11996,11012,23008
202204,8호선,천호,12039,14146,26185
202204,9호선,가양,14267,13156,27423
202204,9호선,개화,1557,1319,2876
202204,9호선,고속터미널,13897,18946,32843
202204,9호선,공항시장,2342,2378,4720
202204,9호선,구반포,1337,1415,2752
202204,9호선,국회의사당,8336,8391,16727
202204,9호선,김포공항,7894,12467,20361
202204,9호선,노들,3502,2952,6454
202204,9호선,노량진,21567,20420,41987
202204,9호선,당산,13399,12165,25564
202204,9호선,동작,1886,1701,3587
202204,9호선,등촌,7293,6936,14229
202204,9호선,마곡나루,8861,8437,17298
202204,9호선,사평,2203,2027,4230
202204,9호선,샛강,2917,2823,5740
202204,9호선,선유도,4447,4263,8710
202204,9호선,신논현,25405,25483,50888
202204,9호선,신목동,2528,2072,4600
202204,9호선,신반포,3008,2967,5975
202204,9호선,신방화,4635,4402,9037
202204,9호선,양천향교,5997,5627,11624
202204,9호선,여의도,14704,13901,28605
202204,9호선,염창,12233,11145,23378
202204,9호선,증미,4155,3831,7986
202204,9호선,흑석,5713,5528,11241
202204,9호선2~3단계,둔촌오륜,1265,1310,2575
202204,9호선2~3단계,봉은사,10773,11417,22190
202204,9호선2~3단계,삼성중앙,3107,3159,6266
202204,9호선2~3단계,삼전,4970,4628,9598
202204,9호선2~3단계,석촌,7196,6205,13401
202204,9호선2~3단계,석촌고분,4381,4082,8463
202204,9호선2~3단계,선정릉,4755,5421,10176
202204,9호선2~3단계,송파나루,4563,4599,9162
202204,9호선2~3단계,언주,6021,6033,12054
202204,9호선2~3단계,올림픽공원,6917,7191,14108
202204,9호선2~3단계,종합운동장,3288,2911,6199
202204,9호선2~3단계,중앙보훈병원,4729,4453,9182
202204,9호선2~3단계,한성백제,2160,1775,3935
202204,경강선,경기광주,5645,5158,10803
202204,경강선,곤지암,2008,2155,4163
202204,경강선,부발,2079,1776,3855
202204,경강선,삼동,1543,1446,2989
202204,경강선,세종대왕릉,394,419,813
202204,경강선,신둔도예촌,1278,1193,2471
202204,경강선,여주,2547,2799,5346
202204,경강선,이매,903,736,1639
202204,경강선,이천,2848,2858,5706
202204,경강선,초월,2278,2062,4340
202204,경강선,판교,3141,3003,6144
202204,경부선,가산디지털단지,6533,8515,15048
202204,경부선,관악,6286,5759,12045
202204,경부선,광명,2839,2447,5286
202204,경부선,구로,12827,13226,26053
202204,경부선,군포,4559,4039,8598
202204,경부선,금정,19663,19733,39396
202204,경부선,금천구청,8533,8434,16967
202204,경부선,남영,5832,5976,11808
202204,경부선,노량진,8470,7857,16327
202204,경부선,당정,4241,3882,8123
202204,경부선,대방,8514,8293,16807
202204,경부선,독산,9036,8805,17841
202204,경부선,두정,5388,5352,10740
202204,경부선,명학,5099,4731,9830
202204,경부선,병점,12494,12329,24823
202204,경부선,서동탄,977,1007,1984
202204,경부선,서울역,6718,1963,8681
202204,경부선,서정리,7214,5808,13022
202204,경부선,석수,7182,6920,14102
202204,경부선,성균관대,11227,10788,22015
202204,경부선,성환,3291,3053,6344
202204,경부선,세류,2618,2571,5189
202204,경부선,세마,2265,2009,4274
202204,경부선,송탄,5235,4531,9766
202204,경부선,수원,37890,41985,79875
202204,경부선,신길,6135,5171,11306
202204,경부선,신도림,3003,3124,6127
202204,경부선,안양,18409,18171,36580
202204,경부선,영등포,39741,41321,81062
202204,경부선,오산,9611,8753,18364
202204,경부선,오산대,3176,2830,6006
202204,경부선,용산,33853,36306,70159
202204,경부선,의왕,6505,6078,12583
202204,경부선,직산,730,689,1419
202204,경부선,진위,1134,961,2095
202204,경부선,천안,6196,6497,12693
202204,경부선,평택,13856,13289,27145
202204,경부선,평택지제,3366,3041,6407
202204,경부선,화서,5708,5600,11308
202204,경원선,가능,5302,5007,10309
202204,경원선,광운대,5724,5878,11602
202204,경원선,녹양,3661,3593,7254
202204,경원선,녹천,3365,2872,6237
202204,경원선,덕계,2528,2304,4832
202204,경원선,덕정,4870,4409,9279
202204,경원선,도봉,4464,4208,8672
202204,경원선,도봉산,10371,7220,17591
202204,경원선,동두천,1750,2360,4110
202204,경원선,동두천중앙,2696,2642,5338
202204,경원선,망월사,5909,6192,12101
202204,경원선,방학,7796,7462,15258
202204,경원선,보산,2541,2423,4964
202204,경원선,서빙고,1662,1734,3396
202204,경원선,석계,7070,7234,14304
202204,경원선,소요산,4802,4156,8958
202204,경원선,신이문,6262,5642,11904
202204,경원선,양주,6886,6438,13324
202204,경원선,옥수,37,32,69
202204,경원선,왕십리,12124,14010,26134
202204,경원선,외대앞,6157,5658,11815
202204,경원선,월계,4704,4228,8932
202204,경원선,응봉,1731,1584,3315
202204,경원선,의정부,18768,19486,38254
202204,경원선,이촌,3272,2292,5564
202204,경원선,지행,6135,6040,12175
202204,경원선,청량리,15712,17234,32946
202204,경원선,한남,2871,2661,5532
202204,경원선,회룡,10296,10215,20511
202204,경의선,가좌,3958,3678,7636
202204,경의선,강매,2189,1933,4122
202204,경의선,계양,1,0,1
202204,경의선,곡산,503,512,1015
202204,경의선,공덕,2652,2041,4693
202204,경의선,금릉,4120,3844,7964
202204,경의선,금촌,6168,5955,12123
202204,경의선,김포공항,2,0,2
202204,경의선,능곡,3012,2967,5979
202204,경의선,디지털미디어시티,2021,1797,3818
202204,경의선,문산,4869,4759,9628
202204,경의선,백마,4482,4197,8679
202204,경의선,서강대,1736,1681,3417
202204,경의선,서울역,1342,1480,2822
202204,경의선,수색,1472,1416,2888
202204,경의선,신촌,314,360,674
202204,경의선,야당,6413,6399,12812
202204,경의선,운정,5219,4895,10114
202204,경의선,월롱,2062,1713,3775
202204,경의선,일산,6455,6097,12552
202204,경의선,임진강,117,100,217
202204,경의선,탄현,5458,5170,10628
202204,경의선,파주,1012,750,1762
202204,경의선,풍산,4418,4225,8643
202204,경의선,행신,5365,5481,10846
202204,경의선,홍대입구,1982,2455,4437
202204,경의선,화전,1179,1118,2297
202204,경의선,효창공원앞,1809,1921,3730
202204,경인선,간석,4517,3949,8466
202204,경인선,개봉,16148,15781,31929
202204,경인선,구일,4741,4439,9180
202204,경인선,도원,1893,1934,3827
202204,경인선,도화,3340,3173,6513
202204,경인선,동암,12420,12994,25414
202204,경인선,동인천,12546,12574,25120
202204,경인선,백운,5555,5663,11218
202204,경인선,부개,6527,6687,13214
202204,경인선,부천,29049,29843,58892
202204,경인선,부평,29302,32422,61724
202204,경인선,소사,7786,7675,15461
202204,경인선,송내,18859,18559,37418
202204,경인선,역곡,20555,20117,40672
202204,경인선,오류동,8995,8225,17220
202204,경인선,온수,5081,4724,9805
202204,경인선,인천,6039,5202,11241
202204,경인선,제물포,7564,7277,14841
202204,경인선,주안,16200,14238,30438
202204,경인선,중동,6681,6323,13004
202204,경춘선,가평,2243,2421,4664
202204,경춘선,갈매,2081,1817,3898
202204,경춘선,강촌,882,872,1754
202204,경춘선,굴봉산,293,349,642
202204,경춘선,금곡,1278,1148,2426
202204,경춘선,김유정,561,720,1281
202204,경춘선,남춘천,2812,3187,5999
202204,경춘선,대성리,1186,1306,2492
202204,경춘선,마석,3528,3486,7014
202204,경춘선,백양리,178,179,357
202204,경춘선,별내,2375,2173,4548
202204,경춘선,사릉,1895,1841,3736
202204,경춘선,상천,695,597,1292
202204,경춘선,신내,1343,1280,2623
202204,경춘선,천마산,1491,1479,2970
202204,경춘선,청평,2051,2172,4223
202204,경춘선,춘천,2388,1980,4368
202204,경춘선,퇴계원,2719,2457,5176
202204,경춘선,평내호평,4799,4728,9527
202204,공항철도 1호선,검암,4800,4905,9705
202204,공항철도 1호선,계양,7572,6913,14485
202204,공항철도 1호선,공덕,1507,2423,3930
202204,공항철도 1호선,공항화물청사,1387,1336,2723
202204,공항철도 1호선,김포공항,11275,6017,17292
202204,공항철도 1호선,디지털미디어시티,5671,5289,10960
202204,공항철도 1호선,마곡나루,3552,4042,7594
202204,공항철도 1호선,서울역,7717,8156,15873
202204,공항철도 1호선,영종,3222,3202,6424
202204,공항철도 1호선,운서,6776,6909,13685
202204,공항철도 1호선,인천공항1터미널,4702,4476,9178
202204,공항철도 1호선,인천공항2터미널,2451,2193,4644
202204,공항철도 1호선,청라국제도시,4563,4257,8820
202204,공항철도 1호선,홍대입구,11819,11948,23767
202204,과천선,경마공원,11307,11388,22695
202204,과천선,과천,5134,4661,9795
202204,과천선,대공원,13610,14199,27809
202204,과천선,범계,21361,20983,42344
202204,과천선,선바위,6048,5304,11352
202204,과천선,인덕원,18027,17737,35764
202204,과천선,정부과천청사,6712,6603,13315
202204,과천선,평촌,9651,9334,18985
202204,분당선,가천대,5415,5958,11373
202204,분당선,강남구청,5736,6960,12696
202204,분당선,개포동,2721,2735,5456
202204,분당선,구룡,1365,1267,2632
202204,분당선,구성,3349,3376,6725
202204,분당선,기흥,6745,6424,13169
202204,분당선,대모산입구,2855,2602,5457
202204,분당선,도곡,4615,4160,8775
202204,분당선,망포,9467,8487,17954
202204,분당선,매교,2005,2064,4069
202204,분당선,매탄권선,3574,3305,6879
202204,분당선,모란,16276,16682,32958
202204,분당선,미금,10927,11194,22121
202204,분당선,보정,1591,1459,3050
202204,분당선,상갈,3868,3778,7646
202204,분당선,서울숲,13925,15990,29915
202204,분당선,서현,18960,19017,37977
202204,분당선,선릉,4985,7784,12769
202204,분당선,선정릉,3520,3633,7153
202204,분당선,수내,8936,8236,17172
202204,분당선,수서,10395,10755,21150
202204,분당선,수원,7786,6451,14237
202204,분당선,수원시청,10951,12253,23204
202204,분당선,신갈,2696,2757,5453
202204,분당선,압구정로데오,18726,21999,40725
202204,분당선,야탑,17840,18738,36578
202204,분당선,영통,6807,6453,13260
202204,분당선,오리,7814,6420,14234
202204,분당선,이매,4190,4081,8271
202204,분당선,정자,10485,10920,21405
202204,분당선,죽전,10371,11720,22091
202204,분당선,청명,2783,2756,5539
202204,분당선,태평,11065,10353,21418
202204,분당선,한티,11504,11108,22612
202204,수인선,고색,2863,2679,5542
202204,수인선,남동인더스파크,976,910,1886
202204,수인선,달월,72,69,141
202204,수인선,사리,3738,3143,6881
202204,수인선,소래포구,7197,7219,14416
202204,수인선,송도,2067,1959,4026
202204,수인선,숭의,2890,2555,5445
202204,수인선,신포,1694,1655,3349
202204,수인선,야목,296,242,538
202204,수인선,어천,822,699,1521
202204,수인선,연수,4272,4068,8340
202204,수인선,오목천,2329,1895,4224
202204,수인선,원인재,3850,4141,7991
202204,수인선,월곶,2172,2101,4273
202204,수인선,인천,1485,2642,4127
202204,수인선,인천논현,4466,4665,9131
202204,수인선,인하대,4447,4102,8549
202204,수인선,호구포,2752,2583,5335
202204,안산선,고잔,6959,6805,13764
202204,안산선,대야미,4554,3870,8424
202204,안산선,반월,3550,3231,6781
202204,안산선,산본,13047,13877,26924
202204,안산선,상록수,12785,12603,25388
202204,안산선,수리산,3065,2996,6061
202204,안산선,신길온천,1535,1487,3022
202204,안산선,안산,9997,10205,20202
202204,안산선,오이도,7870,8041,15911
202204,안산선,정왕,7019,7013,14032
202204,안산선,중앙,16387,17136,33523
202204,안산선,초지,3608,3742,7350
202204,안산선,한대앞,7738,7527,15265
202204,우이신설선,4.19민주묘지,2752,2354,5106
202204,우이신설선,가오리,3173,3017,6190
202204,우이신설선,보문,1151,1158,2309
202204,우이신설선,북한산보국문,4852,4187,9039
202204,우이신설선,북한산우이,4176,4456,8632
202204,우이신설선,삼양,1576,1626,3202
202204,우이신설선,삼양사거리,1911,1899,3810
202204,우이신설선,성신여대입구,2777,3226,6003
202204,우이신설선,솔밭공원,1819,1691,3510
202204,우이신설선,솔샘,4080,3461,7541
202204,우이신설선,신설동,1400,1464,2864
202204,우이신설선,정릉,3767,3019,6786
202204,우이신설선,화계,2607,2348,4955
202204,일산선,대곡,1535,1319,2854
202204,일산선,대화,8442,7556,15998
202204,일산선,마두,5304,5127,10431
202204,일산선,백석,7258,7219,14477
202204,일산선,삼송,14643,13819,28462
202204,일산선,원당,8723,8239,16962
202204,일산선,원흥,7702,7468,15170
202204,일산선,정발산,7285,7751,15036
202204,일산선,주엽,6680,6549,13229
202204,일산선,화정,13091,13511,26602
202204,장항선,배방,1107,1060,2167
202204,장항선,봉명,726,648,1374
202204,장항선,신창,1225,1173,2398
202204,장항선,쌍용,1696,1498,3194
202204,장항선,아산,3119,2985,6104
202204,장항선,온양온천,3744,3799,7543
202204,장항선,탕정,689,610,1299
202204,중앙선,구리,10638,10745,21383
202204,중앙선,국수,863,817,1680
202204,중앙선,덕소,4821,4795,9616
202204,중앙선,도농,7411,6997,14408
202204,중앙선,도심,1721,1434,3155
202204,중앙선,망우,6633,6537,13170
202204,중앙선,상봉,5116,4917,10033
202204,중앙선,신원,410,304,714
202204,중앙선,아신,731,748,1479
202204,중앙선,양수,2647,2673,5320
202204,중앙선,양원,2055,1873,3928
202204,중앙선,양정,706,646,1352
202204,중앙선,양평,3008,3235,6243
202204,중앙선,오빈,363,364,727
202204,중앙선,용문,2409,2559,4968
202204,중앙선,운길산,1870,1899,3769
202204,중앙선,원덕,629,607,1236
202204,중앙선,중랑,4534,4313,8847
202204,중앙선,지평,60,65,125
202204,중앙선,팔당,1796,1955,3751
202204,중앙선,회기,20419,19159,39578
202204,1호선,동대문,10385,10715,21100
202204,1호선,동묘앞,13084,13397,26481
202204,1호선,서울역,29339,26393,55732
202204,1호선,시청,12798,12474,25272
202204,1호선,신설동,7948,8036,15984
202204,1호선,제기동,10441,10923,21364
202204,1호선,종각,12591,10776,23367
202204,1호선,종로3가,15545,13064,28609
202204,1호선,종로5가,9951,10189,20140
202204,1호선,청량리,13105,13079,26184
202204,2호선,강남,32852,32236,65088
202204,2호선,강변,21458,20747,42205
202204,2호선,건대입구,26266,26982,53248
202204,2호선,교대,10398,11375,21773
202204,2호선,구로디지털단지,23829,23208,47037
202204,2호선,구의,11674,11706,23380
202204,2호선,낙성대,16012,16603,32615
202204,2호선,당산,9676,10086,19762
202204,2호선,대림,14783,15026,29809
202204,2호선,도림천,491,557,1048
202204,2호선,동대문역사문화공원,7385,8891,16276
202204,2호선,뚝섬,12242,12073,24315
202204,2호선,문래,7911,8369,16280
202204,2호선,방배,6716,7236,13952
202204,2호선,봉천,12461,11964,24425
202204,2호선,사당,21695,24328,46023
202204,2호선,삼성,19620,18675,38295
202204,2호선,상왕십리,7062,7008,14070
202204,2호선,서울대입구,26864,27696,54560
202204,2호선,서초,12115,11181,23296
202204,2호선,선릉,13240,11460,24700
202204,2호선,성수,14833,16667,31500
202204,2호선,시청,7612,6551,14163
202204,2호선,신답,873,893,1766
202204,2호선,신당,8620,9161,17781
202204,2호선,신대방,16085,15830,31915
202204,2호선,신도림,27739,28392,56131
202204,2호선,신림,37848,37077,74925
202204,2호선,신설동,3544,1826,5370
202204,2호선,신정네거리,5569,5471,11040
202204,2호선,신촌,20812,20375,41187
202204,2호선,아현,5176,5087,10263
202204,2호선,양천구청,3477,3357,6834
202204,2호선,역삼,11287,12399,23686
202204,2호선,영등포구청,8425,8989,17414
202204,2호선,왕십리,9223,8139,17362
202204,2호선,용답,1723,1769,3492
202204,2호선,용두,1245,1165,2410
202204,2호선,을지로3가,9120,8673,17793
202204,2호선,을지로4가,3602,3504,7106
202204,2호선,을지로입구,16406,15185,31591
202204,2호선,이대,6975,7488,14463
202204,2호선,잠실,52780,49710,102490
202204,2호선,잠실나루,5407,5551,10958
202204,2호선,잠실새내,11315,11334,22649
202204,2호선,종합운동장,7721,8473,16194
202204,2호선,충정로,3686,3980,7666
202204,2호선,한양대,2755,3182,5937
202204,2호선,합정,20507,22243,42750
202204,2호선,홍대입구,45108,45558,90666
202204,3호선,가락시장,3825,4002,7827
202204,3호선,경복궁,13794,14516,28310
202204,3호선,경찰병원,2891,2905,5796
202204,3호선,고속터미널,41041,37809,78850
202204,3호선,교대,4379,2667,7046
202204,3호선,구파발,11256,11690,22946
202204,3호선,금호,4229,4113,8342
202204,3호선,남부터미널,13731,14476,28207
202204,3호선,녹번,7223,6590,13813
202204,3호선,대청,4174,4064,8238
202204,3호선,대치,5010,4591,9601
202204,3호선,도곡,2124,2244,4368
202204,3호선,독립문,4643,5379,10022
202204,3호선,동대입구,5631,6462,12093
202204,3호선,매봉,4215,4245,8460
202204,3호선,무악재,1943,2118,4061
202204,3호선,불광,9886,11248,21134
202204,3호선,수서,10319,10252,20571
202204,3호선,신사,13252,13476,26728
202204,3호선,안국,12152,13660,25812
202204,3호선,압구정,13419,14233,27652
202204,3호선,약수,6889,6611,13500
202204,3호선,양재,13943,15967,29910
202204,3호선,연신내,21482,20259,41741
202204,3호선,오금,2781,2747,5528
202204,3호선,옥수,5055,5206,10261
202204,3호선,을지로3가,3669,3329,6998
202204,3호선,일원,3373,3620,6993
202204,3호선,잠원,2372,2336,4708
202204,3호선,종로3가,3891,5092,8983
202204,3호선,지축,2568,2367,4935
202204,3호선,학여울,877,866,1743
202204,3호선,홍제,9584,9247,18831
202204,4호선,길음,10988,10771,21759
202204,4호선,남태령,847,624,1471
202204,4호선,노원,11717,12849,24566
202204,4호선,당고개,5789,5592,11381
202204,4호선,동대문,7931,8300,16231
202204,4호선,동대문역사문화공원,8822,8068,16890
202204,4호선,동작,1471,1627,3098
202204,4호선,명동,13159,13110,26269
202204,4호선,미아,8350,7751,16101
202204,4호선,미아사거리,16679,15865,32544
202204,4호선,사당,15990,14669,30659
202204,4호선,삼각지,2854,3756,6610
202204,4호선,상계,10943,10316,21259
202204,4호선,서울역,4529,10764,15293
202204,4호선,성신여대입구,12265,11805,24070
202204,4호선,수유,20279,19410,39689
202204,4호선,숙대입구,7679,7286,14965
202204,4호선,신용산,8220,8363,16583
202204,4호선,쌍문,16177,14406,30583
202204,4호선,이촌,5051,5769,10820
202204,4호선,창동,15236,15487,30723
202204,4호선,총신대입구,10282,11357,21639
202204,4호선,충무로,9523,9679,19202
202204,4호선,한성대입구,7689,7899,15588
202204,4호선,혜화,21500,22552,44052
202204,4호선,회현,9213,9679,18892
202204,5호선,강동,8960,9070,18030
202204,5호선,강일,2220,2114,4334
202204,5호선,개롱,2975,3394,6369
202204,5호선,개화산,2796,2960,5756
202204,5호선,거여,4674,4532,9206
202204,5호선,고덕,4286,4317,8603
202204,5호선,공덕,4712,4677,9389
202204,5호선,광나루,8409,8172,16581
202204,5호선,광화문,11710,12047,23757
202204,5호선,군자,6133,6714,12847
202204,5호선,굽은다리,5394,4985,10379
202204,5호선,길동,4132,4201,8333
202204,5호선,김포공항,7114,6873,13987
202204,5호선,까치산,15895,15474,31369
202204,5호선,답십리,7606,6891,14497
202204,5호선,동대문역사문화공원,686,820,1506
202204,5호선,둔촌동,4492,4555,9047
202204,5호선,마곡,3703,3838,7541
202204,5호선,마장,3062,2907,5969
202204,5호선,마천,3686,3926,7612
202204,5호선,마포,4865,5023,9888
202204,5호선,명일,5119,5179,10298
202204,5호선,목동,7787,7939,15726
202204,5호선,미사,9031,8969,18000
202204,5호선,발산,9157,9843,19000
202204,5호선,방이,4149,3906,8055
202204,5호선,방화,3633,3569,7202
202204,5호선,상일동,6490,6288,12778
202204,5호선,서대문,5459,5255,10714
202204,5호선,송정,3872,3776,7648
202204,5호선,신금호,2972,3236,6208
202204,5호선,신길,1984,2293,4277
202204,5호선,신정,6505,5955,12460
202204,5호선,아차산,12022,11986,24008
202204,5호선,애오개,2749,2822,5571
202204,5호선,양평,2802,2885,5687
202204,5호선,여의나루,17013,18205,35218
202204,5호선,여의도,9171,9493,18664
202204,5호선,영등포구청,1441,1384,2825
202204,5호선,영등포시장,5571,5858,11429
202204,5호선,오금,1608,1455,3063
202204,5호선,오목교,11196,11590,22786
202204,5호선,올림픽공원,2563,2303,4866
202204,5호선,왕십리,2652,3101,5753
202204,5호선,우장산,6821,6947,13768
202204,5호선,을지로4가,1767,1763,3530
202204,5호선,장한평,7863,7833,15696
202204,5호선,종로3가,8598,7772,16370
202204,5호선,천호,12404,11776,24180
202204,5호선,청구,1868,1614,3482
202204,5호선,충정로,1419,1462,2881
202204,5호선,하남검단산,4678,4622,9300
202204,5호선,하남시청,4130,3840,7970
202204,5호선,하남풍산,2076,2121,4197
202204,5호선,행당,3939,3602,7541
202204,5호선,화곡,14576,13631,28207
202204,6호선,고려대,4016,4078,8094
202204,6호선,공덕,7111,6557,13668
202204,6호선,광흥창,4159,3939,8098
202204,6호선,구산,3944,2915,6859
202204,6호선,녹사평,4134,4092,8226
202204,6호선,대흥,3867,4001,7868
202204,6호선,독바위,1586,1935,3521
202204,6호선,돌곶이,5413,4908,10321
202204,6호선,동묘앞,6574,6299,12873
202204,6호선,디지털미디어시티,5496,5602,11098
202204,6호선,마포구청,6927,6380,13307
202204,6호선,망원,9943,10622,20565
202204,6호선,버티고개,1058,1157,2215
202204,6호선,보문,4233,3990,8223
202204,6호선,봉화산,3952,3892,7844
202204,6호선,불광,2840,2683,5523
202204,6호선,삼각지,4368,3313,7681
202204,6호선,상수,5930,7122,13052
202204,6호선,상월곡,3257,3008,6265
202204,6호선,새절,6406,6288,12694
202204,6호선,석계,6570,6854,13424
202204,6호선,신내,2,0,2
202204,6호선,신당,4487,4896,9383
202204,6호선,안암,4717,5182,9899
202204,6호선,약수,1743,1738,3481
202204,6호선,역촌,1918,2309,4227
202204,6호선,월곡,5430,5331,10761
202204,6호선,월드컵경기장,4099,4219,8318
202204,6호선,응암,9633,9567,19200
202204,6호선,이태원,9936,9897,19833
202204,6호선,증산,5621,5674,11295
202204,6호선,창신,1653,1487,3140
202204,6호선,청구,1761,1636,3397
202204,6호선,태릉입구,3201,3463,6664
202204,6호선,한강진,6241,7478,13719
202204,6호선,합정,9458,8791,18249
202204,6호선,화랑대,5092,4404,9496
202204,6호선,효창공원앞,3569,3213,6782
202204,7호선,가산디지털단지,10755,9905,20660
202204,7호선,강남구청,5888,6529,12417
202204,7호선,건대입구,7553,7965,15518
202204,7호선,고속터미널,12860,8130,20990
202204,7호선,공릉,6559,6861,13420
202204,7호선,광명사거리,12837,12642,25479
202204,7호선,군자,8200,6126,14326
202204,7호선,남구로,6597,6404,13001
202204,7호선,남성,5398,5409,10807
202204,7호선,내방,5136,5277,10413
202204,7호선,노원,10810,10754,21564
202204,7호선,논현,5959,6520,12479
202204,7호선,대림,6804,6521,13325
202204,7호선,도봉산,5855,8388,14243
202204,7호선,뚝섬유원지,11811,11548,23359
202204,7호선,마들,5991,5668,11659
202204,7호선,먹골,5508,5217,10725
202204,7호선,면목,8153,7906,16059
202204,7호선,반포,2977,2983,5960
202204,7호선,보라매,5270,5234,10504
202204,7호선,사가정,9193,8843,18036
202204,7호선,상도,5398,5456,10854
202204,7호선,상봉,9513,9029,18542
202204,7호선,수락산,8262,8168,16430
202204,7호선,숭실대입구,6104,6454,12558
202204,7호선,신대방삼거리,8569,8428,16997
202204,7호선,신풍,6216,5915,12131
202204,7호선,어린이대공원,9335,9768,19103
202204,7호선,온수,4058,4149,8207
202204,7호선,용마산,3495,3863,7358
202204,7호선,이수,8518,8036,16554
202204,7호선,장승배기,4526,4587,9113
202204,7호선,장암,1464,966,2430
202204,7호선,중계,6727,6260,12987
202204,7호선,중곡,5400,5121,10521
202204,7호선,중화,5855,5707,11562
202204,7호선,천왕,4992,4827,9819
202204,7호선,철산,10398,10265,20663
202204,7호선,청담,6768,7451,14219
202204,7호선,태릉입구,5048,4628,9676
202204,7호선,하계,9284,8860,18144
202204,7호선,학동,6229,6521,12750
202204,8호선,가락시장,3238,4077,7315
202204,8호선,강동구청,4420,4551,8971
202204,8호선,남위례,2323,2601,4924
202204,8호선,남한산성입구,6919,6393,13312
202204,8호선,단대오거리,5599,5444,11043
202204,8호선,모란,2680,2270,4950
202204,8호선,몽촌토성,3668,3683,7351
202204,8호선,문정,5687,6042,11729
202204,8호선,복정,4886,4627,9513
202204,8호선,산성,3105,3337,6442
202204,8호선,석촌,4182,5399,9581
202204,8호선,송파,3877,3988,7865
202204,8호선,수진,3053,2717,5770
202204,8호선,신흥,2564,2694,5258
202204,8호선,암사,8971,8410,17381
202204,8호선,잠실,10205,11447,21652
202204,8호선,장지,8773,8857,17630
202204,8호선,천호,8793,9767,18560
202204,9호선,가양,10308,10343,20651
202204,9호선,개화,1125,1097,2222
202204,9호선,고속터미널,10971,14669,25640
202204,9호선,공항시장,1784,1976,3760
202204,9호선,구반포,611,628,1239
202204,9호선,국회의사당,5448,5042,10490
202204,9호선,김포공항,7420,11566,18986
202204,9호선,노들,2826,2436,5262
202204,9호선,노량진,14928,15648,30576
202204,9호선,당산,9296,8869,18165
202204,9호선,동작,1731,1295,3026
202204,9호선,등촌,5169,5287,10456
202204,9호선,마곡나루,5956,5982,11938
202204,9호선,사평,1415,1510,2925
202204,9호선,샛강,1853,1831,3684
202204,9호선,선유도,3121,3151,6272
202204,9호선,신논현,15234,14458,29692
202204,9호선,신목동,1916,1635,3551
202204,9호선,신반포,2043,2142,4185
202204,9호선,신방화,3480,3394,6874
202204,9호선,양천향교,4167,4341,8508
202204,9호선,여의도,10110,9140,19250
202204,9호선,염창,8666,8464,17130
202204,9호선,증미,2974,2924,5898
202204,9호선,흑석,3835,4109,7944
202204,9호선2~3단계,둔촌오륜,485,531,1016
202204,9호선2~3단계,봉은사,7714,7757,15471
202204,9호선2~3단계,삼성중앙,2010,2197,4207
202204,9호선2~3단계,삼전,3676,3515,7191
202204,9호선2~3단계,석촌,5061,4485,9546
202204,9호선2~3단계,석촌고분,3288,3202,6490
202204,9호선2~3단계,선정릉,3077,3397,6474
202204,9호선2~3단계,송파나루,3157,3243,6400
202204,9호선2~3단계,언주,3767,3768,7535
202204,9호선2~3단계,올림픽공원,4277,4493,8770
202204,9호선2~3단계,종합운동장,2295,2066,4361
202204,9호선2~3단계,중앙보훈병원,3447,3341,6788
202204,9호선2~3단계,한성백제,1598,1366,2964
202204,경강선,경기광주,3983,3931,7914
202204,경강선,곤지암,1717,1859,3576
202204,경강선,부발,1551,2242,3793
202204,경강선,삼동,1067,971,2038
202204,경강선,세종대왕릉,345,304,649
202204,경강선,신둔도예촌,1010,1000,2010
202204,경강선,여주,2238,2278,4516
202204,경강선,이매,724,559,1283
202204,경강선,이천,2144,2368,4512
202204,경강선,초월,1780,1688,3468
202204,경강선,판교,2503,2271,4774
202204,경부선,가산디지털단지,4868,6711,11579
202204,경부선,관악,5045,4583,9628
202204,경부선,광명,2830,1923,4753
202204,경부선,구로,9657,9519,19176
202204,경부선,군포,3222,3078,6300
202204,경부선,금정,15112,15408,30520
202204,경부선,금천구청,6503,6564,13067
202204,경부선,남영,4267,4659,8926
202204,경부선,노량진,5970,5684,11654
202204,경부선,당정,3094,3144,6238
202204,경부선,대방,6120,6362,12482
202204,경부선,독산,6367,6461,12828
202204,경부선,두정,4457,5485,9942
202204,경부선,명학,3524,3428,6952
202204,경부선,병점,9632,10330,19962
202204,경부선,서동탄,779,719,1498
202204,경부선,서울역,7922,1678,9600
202204,경부선,서정리,4796,6852,11648
202204,경부선,석수,5289,5124,10413
202204,경부선,성균관대,7851,8618,16469
202204,경부선,성환,2753,3502,6255
202204,경부선,세류,2102,2043,4145
202204,경부선,세마,1696,1651,3347
202204,경부선,송탄,3707,4475,8182
202204,경부선,수원,34048,33154,67202
202204,경부선,신길,4977,4448,9425
202204,경부선,신도림,2390,2521,4911
202204,경부선,안양,13734,13142,26876
202204,경부선,영등포,32436,31105,63541
202204,경부선,오산,7754,8340,16094
202204,경부선,오산대,2403,2286,4689
202204,경부선,용산,31886,28464,60350
202204,경부선,의왕,4435,4619,9054
202204,경부선,직산,629,688,1317
202204,경부선,진위,955,935,1890
202204,경부선,천안,6322,6215,12537
202204,경부선,평택,11908,12697,24605
202204,경부선,평택지제,2719,2556,5275
202204,경부선,화서,4272,4270,8542
202204,경원선,가능,4200,3947,8147
202204,경원선,광운대,4062,4209,8271
202204,경원선,녹양,2964,2834,5798
202204,경원선,녹천,2586,2358,4944
202204,경원선,덕계,1933,1913,3846
202204,경원선,덕정,3567,3820,7387
202204,경원선,도봉,3665,3496,7161
202204,경원선,도봉산,9866,7107,16973
202204,경원선,동두천,1481,1938,3419
202204,경원선,동두천중앙,2418,2221,4639
202204,경원선,망월사,4813,5011,9824
202204,경원선,방학,6292,5999,12291
202204,경원선,보산,1647,1614,3261
202204,경원선,서빙고,1558,1636,3194
202204,경원선,석계,5154,5591,10745
202204,경원선,소요산,5287,4536,9823
202204,경원선,신이문,4784,4393,9177
202204,경원선,양주,5463,5423,10886
202204,경원선,옥수,44,23,67
202204,경원선,왕십리,9379,10680,20059
202204,경원선,외대앞,4501,4821,9322
202204,경원선,월계,3850,3655,7505
202204,경원선,응봉,1350,1285,2635
202204,경원선,의정부,14479,14847,29326
202204,경원선,이촌,2681,1855,4536
202204,경원선,지행,4775,4732,9507
202204,경원선,청량리,14023,13051,27074
202204,경원선,한남,2023,1979,4002
202204,경원선,회룡,7884,7782,15666
202204,경의선,가좌,2805,2805,5610
202204,경의선,강매,1590,1464,3054
202204,경의선,곡산,377,355,732
202204,경의선,공덕,1858,1454,3312
202204,경의선,금릉,3010,3025,6035
202204,경의선,금촌,4305,4619,8924
202204,경의선,능곡,2342,2324,4666
202204,경의선,디지털미디어시티,1463,1381,2844
202204,경의선,문산,3736,3765,7501
202204,경의선,백마,3352,3244,6596
202204,경의선,서강대,1320,1404,2724
202204,경의선,서울역,1147,974,2121
202204,경의선,수색,977,1028,2005
202204,경의선,신촌,281,327,608
202204,경의선,야당,4678,4571,9249
202204,경의선,운정,3783,3586,7369
202204,경의선,월롱,1202,2312,3514
202204,경의선,일산,4784,4534,9318
202204,경의선,임진강,82,87,169
202204,경의선,탄현,4282,4056,8338
202204,경의선,파주,722,696,1418
202204,경의선,풍산,3614,3329,6943
202204,경의선,행신,4652,4276,8928
202204,경의선,홍대입구,1572,1694,3266
202204,경의선,화전,941,936,1877
202204,경의선,효창공원앞,1298,1541,2839
202204,경인선,간석,3311,2921,6232
202204,경인선,개봉,11592,11696,23288
202204,경인선,구일,3780,3701,7481
202204,경인선,도원,1551,1591,3142
202204,경인선,도화,2490,2334,4824
202204,경인선,동암,9681,9433,19114
202204,경인선,동인천,10196,9598,19794
202204,경인선,백운,4043,4001,8044
202204,경인선,부개,4912,4481,9393
202204,경인선,부천,22622,22177,44799
202204,경인선,부평,22763,23161,45924
202204,경인선,소사,5824,5572,11396
202204,경인선,송내,13518,13340,26858
202204,경인선,역곡,14664,14552,29216
202204,경인선,오류동,7134,6642,13776
202204,경인선,온수,3838,3603,7441
202204,경인선,인천,5075,4292,9367
202204,경인선,제물포,5645,5395,11040
202204,경인선,주안,11646,10173,21819
202204,경인선,중동,4948,4752,9700
202204,경춘선,가평,2078,1728,3806
202204,경춘선,갈매,1552,1384,2936
202204,경춘선,강촌,937,767,1704
202204,경춘선,굴봉산,350,303,653
202204,경춘선,금곡,989,959,1948
202204,경춘선,김유정,533,539,1072
202204,경춘선,남춘천,3290,3516,6806
202204,경춘선,대성리,1029,817,1846
202204,경춘선,마석,2902,2819,5721
202204,경춘선,백양리,179,128,307
202204,경춘선,별내,1936,1722,3658
202204,경춘선,사릉,1505,1477,2982
202204,경춘선,상천,696,581,1277
202204,경춘선,신내,1028,993,2021
202204,경춘선,천마산,1248,1269,2517
202204,경춘선,청평,2049,1621,3670
202204,경춘선,춘천,2116,1670,3786
202204,경춘선,퇴계원,2195,2001,4196
202204,경춘선,평내호평,3661,3583,7244
202204,공항철도 1호선,검암,3725,3866,7591
202204,공항철도 1호선,계양,5439,5317,10756
202204,공항철도 1호선,공덕,1218,1699,2917
202204,공항철도 1호선,공항화물청사,1042,1075,2117
202204,공항철도 1호선,김포공항,11936,6042,17978
202204,공항철도 1호선,디지털미디어시티,3860,3891,7751
202204,공항철도 1호선,마곡나루,2597,2887,5484
202204,공항철도 1호선,서울역,8054,7105,15159
202204,공항철도 1호선,영종,2617,2509,5126
202204,공항철도 1호선,운서,5547,5953,11500
202204,공항철도 1호선,인천공항1터미널,4521,4344,8865
202204,공항철도 1호선,인천공항2터미널,2177,2103,4280
202204,공항철도 1호선,청라국제도시,3295,3182,6477
202204,공항철도 1호선,홍대입구,9643,8760,18403
202204,과천선,경마공원,13851,14108,27959
202204,과천선,과천,3829,3729,7558
202204,과천선,대공원,9833,10118,19951
202204,과천선,범계,15028,14582,29610
202204,과천선,선바위,4352,4014,8366
202204,과천선,인덕원,12946,12850,25796
202204,과천선,정부과천청사,4610,4570,9180
202204,과천선,평촌,6282,6043,12325
202204,분당선,가천대,3802,4677,8479
202204,분당선,강남구청,3401,4180,7581
202204,분당선,개포동,1934,1915,3849
202204,분당선,구룡,816,858,1674
202204,분당선,구성,2533,2608,5141
202204,분당선,기흥,5107,4732,9839
202204,분당선,대모산입구,2105,2020,4125
202204,분당선,도곡,2871,2760,5631
202204,분당선,망포,6241,6542,12783
202204,분당선,매교,1397,1512,2909
202204,분당선,매탄권선,2471,2438,4909
202204,분당선,모란,11429,11797,23226
202204,분당선,미금,7135,7584,14719
202204,분당선,보정,1138,1047,2185
202204,분당선,복정,1,0,1
202204,분당선,상갈,2837,2973,5810
202204,분당선,서울숲,10460,11113,21573
202204,분당선,서현,13589,13511,27100
202204,분당선,선릉,2933,4498,7431
202204,분당선,선정릉,2121,2219,4340
202204,분당선,수내,6004,5725,11729
202204,분당선,수서,8711,8029,16740
202204,분당선,수원,6204,4934,11138
202204,분당선,수원시청,7057,7188,14245
202204,분당선,신갈,1931,1997,3928
202204,분당선,압구정로데오,10334,11840,22174
202204,분당선,야탑,13601,13856,27457
202204,분당선,영통,4724,4762,9486
202204,분당선,오리,5166,4573,9739
202204,분당선,이매,3316,3246,6562
202204,분당선,정자,7274,7772,15046
202204,분당선,죽전,7615,8453,16068
202204,분당선,청명,1992,2059,4051
202204,분당선,태평,8182,7746,15928
202204,분당선,한티,7329,7351,14680
202204,수인선,고색,1760,1839,3599
202204,수인선,남동인더스파크,596,611,1207
202204,수인선,달월,81,81,162
202204,수인선,사리,2791,2299,5090
202204,수인선,소래포구,6084,5912,11996
202204,수인선,송도,1559,1551,3110
202204,수인선,숭의,2155,1968,4123
202204,수인선,신포,1312,1153,2465
202204,수인선,야목,251,209,460
202204,수인선,어천,603,738,1341
202204,수인선,연수,3321,3316,6637
202204,수인선,오목천,1675,1612,3287
202204,수인선,원인재,2991,3159,6150
202204,수인선,월곶,1811,1656,3467
202204,수인선,인천,1266,2096,3362
202204,수인선,인천논현,3072,3226,6298
202204,수인선,인하대,3274,3241,6515
202204,수인선,호구포,2150,2230,4380
202204,안산선,고잔,7583,7304,14887
202204,안산선,대야미,3364,3074,6438
202204,안산선,반월,2781,2653,5434
202204,안산선,산본,9318,9984,19302
202204,안산선,상록수,9525,9476,19001
202204,안산선,수리산,2460,2572,5032
202204,안산선,신길온천,1222,1106,2328
202204,안산선,안산,10835,10318,21153
202204,안산선,오이도,6295,6074,12369
202204,안산선,정왕,5561,5780,11341
202204,안산선,중앙,11996,11816,23812
202204,안산선,초지,2530,2518,5048
202204,안산선,한대앞,5666,5621,11287
202204,우이신설선,4.19민주묘지,2354,2047,4401
202204,우이신설선,가오리,2372,2176,4548
202204,우이신설선,보문,1018,1064,2082
202204,우이신설선,북한산보국문,3875,3600,7475
202204,우이신설선,북한산우이,3641,3889,7530
202204,우이신설선,삼양,1255,1323,2578
202204,우이신설선,삼양사거리,1629,1514,3143
202204,우이신설선,성신여대입구,2143,2414,4557
202204,우이신설선,솔밭공원,1433,1440,2873
202204,우이신설선,솔샘,2997,2782,5779
202204,우이신설선,신설동,1269,1200,2469
202204,우이신설선,정릉,2885,2456,5341
202204,우이신설선,화계,2117,1981,4098
202204,일산선,대곡,1161,975,2136
202204,일산선,대화,6089,5547,11636
202204,일산선,마두,3486,3457,6943
202204,일산선,백석,5393,5335,10728
202204,일산선,삼송,10842,10636,21478
202204,일산선,원당,6483,6182,12665
202204,일산선,원흥,5773,5526,11299
202204,일산선,정발산,5756,5753,11509
202204,일산선,주엽,4627,4518,9145
202204,일산선,화정,9577,9686,19263
202204,장항선,배방,820,955,1775
202204,장항선,봉명,535,561,1096
202204,장항선,신창,976,1500,2476
202204,장항선,쌍용,1237,1334,2571
202204,장항선,아산,3867,2575,6442
202204,장항선,온양온천,3517,3541,7058
202204,장항선,탕정,433,511,944
202204,중앙선,구리,7681,8044,15725
202204,중앙선,국수,691,637,1328
202204,중앙선,덕소,3385,3426,6811
202204,중앙선,도농,5258,5140,10398
202204,중앙선,도심,1284,1139,2423
202204,중앙선,망우,5245,5265,10510
202204,중앙선,상봉,4141,4111,8252
202204,중앙선,신원,388,244,632
202204,중앙선,아신,699,560,1259
202204,중앙선,양수,2077,2009,4086
202204,중앙선,양원,1502,1545,3047
202204,중앙선,양정,586,461,1047
202204,중앙선,양평,2643,2264,4907
202204,중앙선,오빈,277,255,532
202204,중앙선,용문,2377,2008,4385
202204,중앙선,운길산,1779,1621,3400
202204,중앙선,원덕,551,455,1006
202204,중앙선,중랑,3592,3452,7044
202204,중앙선,지평,53,66,119
202204,중앙선,팔당,1492,1671,3163
202204,중앙선,회기,15503,15758,31261
202204,1호선,동대문,10871,10493,21364
202204,1호선,동묘앞,12346,12956,25302
202204,1호선,서울역,33471,33971,67442
202204,1호선,시청,12181,12773,24954
202204,1호선,신설동,10095,9510,19605
202204,1호선,제기동,16079,16459,32538
202204,1호선,종각,19784,18514,38298
202204,1호선,종로3가,24454,22793,47247
202204,1호선,종로5가,19721,20440,40161
202204,1호선,청량리,19179,18976,38155
202204,2호선,강남,59767,61884,121651
202204,2호선,강변,27110,27040,54150
202204,2호선,건대입구,35171,38625,73796
202204,2호선,교대,17554,19657,37211
202204,2호선,구로디지털단지,34814,33815,68629
202204,2호선,구의,16739,15882,32621
202204,2호선,낙성대,21956,19795,41751
202204,2호선,당산,13510,14461,27971
202204,2호선,대림,18435,19361,37796
202204,2호선,도림천,879,840,1719
202204,2호선,동대문역사문화공원,9720,9598,19318
202204,2호선,뚝섬,18493,18825,37318
202204,2호선,문래,13314,14328,27642
202204,2호선,방배,10413,10657,21070
202204,2호선,봉천,17525,15475,33000
202204,2호선,사당,32535,36175,68710
202204,2호선,삼성,27571,27818,55389
202204,2호선,상왕십리,9815,9074,18889
202204,2호선,서울대입구,38321,37056,75377
202204,2호선,서초,12408,8594,21002
202204,2호선,선릉,24083,21248,45331
202204,2호선,성수,20844,24018,44862
202204,2호선,시청,9419,8400,17819
202204,2호선,신답,1115,1110,2225
202204,2호선,신당,11538,11980,23518
202204,2호선,신대방,21394,20181,41575
202204,2호선,신도림,41063,41588,82651
202204,2호선,신림,52100,48679,100779
202204,2호선,신설동,3604,3481,7085
202204,2호선,신정네거리,7439,7356,14795
202204,2호선,신촌,29126,29519,58645
202204,2호선,아현,7502,6911,14413
202204,2호선,양천구청,5223,5034,10257
202204,2호선,역삼,18093,20117,38210
202204,2호선,영등포구청,12899,13591,26490
202204,2호선,왕십리,13621,11651,25272
202204,2호선,용답,2129,2083,4212
202204,2호선,용두,1764,1735,3499
202204,2호선,을지로3가,12323,12946,25269
202204,2호선,을지로4가,7716,8070,15786
202204,2호선,을지로입구,21135,21424,42559
202204,2호선,이대,10487,10639,21126
202204,2호선,잠실,70676,67442,138118
202204,2호선,잠실나루,7650,7373,15023
202204,2호선,잠실새내,17331,18208,35539
202204,2호선,종합운동장,12890,14801,27691
202204,2호선,충정로,5824,6232,12056
202204,2호선,한양대,4970,5256,10226
202204,2호선,합정,28100,32612,60712
202204,2호선,홍대입구,61636,71134,132770
202204,3호선,가락시장,6113,5983,12096
202204,3호선,경복궁,18800,20283,39083
202204,3호선,경찰병원,4072,3834,7906
202204,3호선,고속터미널,50781,50391,101172
202204,3호선,교대,7094,4163,11257
202204,3호선,구파발,15465,15608,31073
202204,3호선,금호,6062,5372,11434
202204,3호선,남부터미널,21281,21479,42760
202204,3호선,녹번,10626,8943,19569
202204,3호선,대청,6128,5592,11720
202204,3호선,대치,8049,7488,15537
202204,3호선,도곡,3372,3441,6813
202204,3호선,독립문,6361,7312,13673
202204,3호선,동대입구,7120,7943,15063
202204,3호선,매봉,6574,6253,12827
202204,3호선,무악재,2883,2911,5794
202204,3호선,불광,13518,15055,28573
202204,3호선,수서,13590,13596,27186
202204,3호선,신사,25661,27586,53247
202204,3호선,안국,17784,20854,38638
202204,3호선,압구정,25041,26796,51837
202204,3호선,약수,9463,8960,18423
202204,3호선,양재,21199,23286,44485
202204,3호선,연신내,30127,28149,58276
202204,3호선,오금,3771,3573,7344
202204,3호선,옥수,7349,7260,14609
202204,3호선,을지로3가,5693,6446,12139
202204,3호선,일원,5273,4993,10266
202204,3호선,잠원,3563,3396,6959
202204,3호선,종로3가,5921,8900,14821
202204,3호선,지축,3547,3256,6803
202204,3호선,충무로,1,0,1
202204,3호선,학여울,1219,1238,2457
202204,3호선,홍제,13773,12726,26499
202204,4호선,길음,15229,13933,29162
202204,4호선,남태령,1154,726,1880
202204,4호선,노원,16058,17896,33954
202204,4호선,당고개,7532,7150,14682
202204,4호선,동대문,13899,14121,28020
202204,4호선,동대문역사문화공원,11023,9605,20628
202204,4호선,동작,1744,1836,3580
202204,4호선,명동,14827,17275,32102
202204,4호선,미아,11010,10206,21216
202204,4호선,미아사거리,22647,21359,44006
202204,4호선,사당,22589,20082,42671
202204,4호선,삼각지,3793,5176,8969
202204,4호선,상계,15348,14332,29680
202204,4호선,서울역,6046,14150,20196
202204,4호선,성신여대입구,16586,15684,32270
202204,4호선,수유,27324,26581,53905
202204,4호선,숙대입구,9439,8971,18410
202204,4호선,신용산,10487,11720,22207
202204,4호선,쌍문,22077,19206,41283
202204,4호선,이촌,7174,8019,15193
202204,4호선,창동,20404,20732,41136
202204,4호선,총신대입구,14707,15708,30415
202204,4호선,충무로,14330,15240,29570
202204,4호선,한성대입구,10881,10422,21303
202204,4호선,혜화,28251,29881,58132
202204,4호선,회현,18879,20602,39481
202204,5호선,강동,13509,12641,26150
202204,5호선,강일,2974,2760,5734
202204,5호선,개롱,4274,4487,8761
202204,5호선,개화산,3864,3823,7687
202204,5호선,거여,6955,6370,13325
202204,5호선,고덕,6349,6159,12508
202204,5호선,공덕,7291,7474,14765
202204,5호선,광나루,10984,10279,21263
202204,5호선,광화문,15781,16199,31980
202204,5호선,군자,8626,9555,18181
202204,5호선,굽은다리,7434,6709,14143
202204,5호선,길동,6007,6090,12097
202204,5호선,김포공항,7539,7709,15248
202204,5호선,까치산,22136,20498,42634
202204,5호선,답십리,10564,9401,19965
202204,5호선,동대문역사문화공원,1036,1332,2368
202204,5호선,둔촌동,5883,5744,11627
202204,5호선,마곡,5613,5800,11413
202204,5호선,마장,3942,3598,7540
202204,5호선,마천,4908,4987,9895
202204,5호선,마포,7753,7741,15494
202204,5호선,명일,6269,6191,12460
202204,5호선,목동,11601,11437,23038
202204,5호선,미사,12924,12943,25867
202204,5호선,발산,14249,15571,29820
202204,5호선,방이,5404,5189,10593
202204,5호선,방화,4976,4732,9708
202204,5호선,상일동,9466,8516,17982
202204,5호선,서대문,7607,7566,15173
202204,5호선,송정,5214,4694,9908
202204,5호선,신금호,4202,4317,8519
202204,5호선,신길,2712,2749,5461
202204,5호선,신정,9436,7946,17382
202204,5호선,아차산,14957,14505,29462
202204,5호선,애오개,3827,3721,7548
202204,5호선,양평,3804,3560,7364
202204,5호선,여의나루,20275,22317,42592
202204,5호선,여의도,12639,13647,26286
202204,5호선,영등포구청,2132,2060,4192
202204,5호선,영등포시장,8330,8667,16997
202204,5호선,오금,2164,2045,4209
202204,5호선,오목교,15477,16051,31528
202204,5호선,올림픽공원,3359,3170,6529
202204,5호선,왕십리,3492,4320,7812
202204,5호선,우장산,9911,9759,19670
202204,5호선,을지로4가,3725,4153,7878
202204,5호선,장한평,11540,11054,22594
202204,5호선,종로3가,12850,13859,26709
202204,5호선,천호,17486,16745,34231
202204,5호선,청구,2648,2365,5013
202204,5호선,충정로,1892,1799,3691
202204,5호선,하남검단산,5615,5454,11069
202204,5호선,하남시청,5975,5522,11497
202204,5호선,하남풍산,2885,2901,5786
202204,5호선,행당,5581,4655,10236
202204,5호선,화곡,20820,18671,39491
202204,6호선,고려대,5596,5199,10795
202204,6호선,공덕,10309,9653,19962
202204,6호선,광흥창,5343,4821,10164
202204,6호선,구산,5644,4096,9740
202204,6호선,녹사평,5685,6480,12165
202204,6호선,대흥,5603,5544,11147
202204,6호선,독바위,2025,2198,4223
202204,6호선,돌곶이,6279,5778,12057
202204,6호선,동묘앞,8047,7714,15761
202204,6호선,디지털미디어시티,7577,7515,15092
202204,6호선,마포구청,9792,8152,17944
202204,6호선,망원,13899,15493,29392
202204,6호선,버티고개,1676,1789,3465
202204,6호선,보문,5330,4698,10028
202204,6호선,봉화산,5567,5385,10952
202204,6호선,불광,3869,3631,7500
202204,6호선,삼각지,6441,5010,11451
202204,6호선,상수,8161,10430,18591
202204,6호선,상월곡,4215,3672,7887
202204,6호선,새절,9049,8358,17407
202204,6호선,석계,9107,8813,17920
202204,6호선,신당,6054,5728,11782
202204,6호선,안암,7258,6893,14151
202204,6호선,약수,2586,2653,5239
202204,6호선,역촌,2675,3059,5734
202204,6호선,월곡,7416,7210,14626
202204,6호선,월드컵경기장,4959,5153,10112
202204,6호선,응암,13143,12673,25816
202204,6호선,이태원,14953,20096,35049
202204,6호선,증산,7645,7283,14928
202204,6호선,창신,2122,1729,3851
202204,6호선,청구,2432,2413,4845
202204,6호선,태릉입구,4308,4565,8873
202204,6호선,한강진,8847,11411,20258
202204,6호선,합정,12860,12155,25015
202204,6호선,화랑대,7190,5807,12997
202204,6호선,효창공원앞,4946,4325,9271
202204,7호선,가산디지털단지,15334,13729,29063
202204,7호선,강남구청,10040,11370,21410
202204,7호선,건대입구,10748,11497,22245
202204,7호선,고속터미널,15070,11600,26670
202204,7호선,공릉,9530,8945,18475
202204,7호선,광명사거리,17450,17167,34617
202204,7호선,군자,11395,8387,19782
202204,7호선,남구로,8330,8637,16967
202204,7호선,남성,7850,7214,15064
202204,7호선,내방,7820,7855,15675
202204,7호선,노원,15604,16398,32002
202204,7호선,논현,11342,12287,23629
202204,7호선,대림,7072,7586,14658
202204,7호선,도봉산,7251,9673,16924
202204,7호선,뚝섬유원지,15065,14399,29464
202204,7호선,마들,9155,8223,17378
202204,7호선,먹골,7643,7211,14854
202204,7호선,면목,11556,10750,22306
202204,7호선,반포,4504,4373,8877
202204,7호선,보라매,6902,6664,13566
202204,7호선,사가정,12707,12032,24739
202204,7호선,삼산체육관,1,0,1
202204,7호선,상도,7565,6933,14498
202204,7호선,상동,1,0,1
202204,7호선,상봉,13670,12995,26665
202204,7호선,수락산,10573,10215,20788
202204,7호선,숭실대입구,9587,8995,18582
202204,7호선,신대방삼거리,11545,10716,22261
202204,7호선,신풍,8413,7855,16268
202204,7호선,어린이대공원,11744,11849,23593
202204,7호선,온수,5964,5692,11656
202204,7호선,용마산,4435,4508,8943
202204,7호선,이수,12294,11483,23777
202204,7호선,장승배기,6595,6229,12824
202204,7호선,장암,1826,1141,2967
202204,7호선,중계,9776,8526,18302
202204,7호선,중곡,7262,6633,13895
202204,7호선,중화,7998,7445,15443
202204,7호선,천왕,7220,6669,13889
202204,7호선,철산,15435,15624,31059
202204,7호선,청담,11014,12075,23089
202204,7호선,태릉입구,6732,6229,12961
202204,7호선,하계,12803,11772,24575
202204,7호선,학동,10941,11605,22546
202204,8호선,가락시장,5472,5744,11216
202204,8호선,강동구청,6165,6018,12183
202204,8호선,남위례,3486,3443,6929
202204,8호선,남한산성입구,9681,8296,17977
202204,8호선,단대오거리,7989,7244,15233
202204,8호선,모란,3750,3336,7086
202204,8호선,몽촌토성,4916,5034,9950
202204,8호선,문정,8734,8728,17462
202204,8호선,복정,6439,5415,11854
202204,8호선,산성,4461,4509,8970
202204,8호선,석촌,6072,7760,13832
202204,8호선,송파,5669,5341,11010
202204,8호선,수진,4231,3788,8019
202204,8호선,신흥,3508,3637,7145
202204,8호선,암사,12682,11473,24155
202204,8호선,잠실,12799,15208,28007
202204,8호선,장지,12362,11133,23495
202204,8호선,천호,12181,14342,26523
202204,9호선,가양,14613,13612,28225
202204,9호선,개화,1554,1312,2866
202204,9호선,고속터미널,14340,19788,34128
202204,9호선,공항시장,2424,2416,4840
202204,9호선,구반포,1077,1135,2212
202204,9호선,국회의사당,9154,8695,17849
202204,9호선,김포공항,8136,12383,20519
202204,9호선,노들,3626,3039,6665
202204,9호선,노량진,21869,21212,43081
202204,9호선,당산,13725,12635,26360
202204,9호선,동작,1980,1560,3540
202204,9호선,등촌,7456,7100,14556
202204,9호선,마곡나루,9018,8808,17826
202204,9호선,사평,2317,2110,4427
202204,9호선,샛강,2791,2700,5491
202204,9호선,선유도,4384,4198,8582
202204,9호선,신논현,26616,26442,53058
202204,9호선,신목동,2548,2026,4574
202204,9호선,신반포,3225,3323,6548
202204,9호선,신방화,4798,4544,9342
202204,9호선,양천향교,6423,5887,12310
202204,9호선,여의도,13535,13073,26608
202204,9호선,염창,12666,11385,24051
202204,9호선,증미,4231,3880,8111
202204,9호선,흑석,5791,5732,11523
202204,9호선2~3단계,둔촌오륜,576,595,1171
202204,9호선2~3단계,봉은사,10729,11235,21964
202204,9호선2~3단계,삼성중앙,2960,2972,5932
202204,9호선2~3단계,삼전,4956,4465,9421
202204,9호선2~3단계,석촌,7389,6005,13394
202204,9호선2~3단계,석촌고분,4339,4282,8621
202204,9호선2~3단계,선정릉,4786,5396,10182
202204,9호선2~3단계,송파나루,4268,4576,8844
202204,9호선2~3단계,언주,6518,6553,13071
202204,9호선2~3단계,올림픽공원,5701,5513,11214
202204,9호선2~3단계,종합운동장,3621,3637,7258
202204,9호선2~3단계,중앙보훈병원,4779,4390,9169
202204,9호선2~3단계,한성백제,2019,1732,3751
202204,경강선,경기광주,5722,5386,11108
202204,경강선,곤지암,2051,2133,4184
202204,경강선,부발,2265,1836,4101
202204,경강선,삼동,1629,1487,3116
202204,경강선,세종대왕릉,398,458,856
202204,경강선,신둔도예촌,1362,1261,2623
202204,경강선,여주,2372,2768,5140
202204,경강선,이매,902,713,1615
202204,경강선,이천,2809,2845,5654
202204,경강선,초월,2390,2143,4533
202204,경강선,판교,3264,3221,6485
202204,경부선,가산디지털단지,6698,8723,15421
202204,경부선,관악,6683,6373,13056
202204,경부선,광명,2969,2659,5628
202204,경부선,구로,13673,14089,27762
202204,경부선,군포,4519,4117,8636
202204,경부선,금정,20294,20061,40355
202204,경부선,금천구청,8907,8766,17673
202204,경부선,남영,5769,6043,11812
202204,경부선,노량진,8778,7916,16694
202204,경부선,당정,4237,3962,8199
202204,경부선,대방,8537,8445,16982
202204,경부선,독산,9586,9033,18619
202204,경부선,두정,5716,5760,11476
202204,경부선,명학,5228,4955,10183
202204,경부선,병점,12860,12540,25400
202204,경부선,서동탄,1063,1057,2120
202204,경부선,서울역,7565,1956,9521
202204,경부선,서정리,7437,5914,13351
202204,경부선,석수,7317,6698,14015
202204,경부선,성균관대,11595,11347,22942
202204,경부선,성환,3278,2873,6151
202204,경부선,세류,2670,2583,5253
202204,경부선,세마,2342,2238,4580
202204,경부선,송탄,5338,4692,10030
202204,경부선,수원,38650,42763,81413
202204,경부선,신길,6386,5247,11633
202204,경부선,신도림,3172,3329,6501
202204,경부선,안양,18544,18470,37014
202204,경부선,영등포,40184,42542,82726
202204,경부선,오산,10260,9555,19815
202204,경부선,오산대,3348,3051,6399
202204,경부선,용산,34523,37727,72250
202204,경부선,의왕,6785,6584,13369
202204,경부선,직산,784,728,1512
202204,경부선,진위,1272,1096,2368
202204,경부선,천안,6589,6911,13500
202204,경부선,평택,14028,13670,27698
202204,경부선,평택지제,3529,3152,6681
202204,경부선,화서,6119,5920,12039
202204,경원선,가능,5452,5151,10603
202204,경원선,광운대,6306,6249,12555
202204,경원선,녹양,3794,3602,7396
202204,경원선,녹천,3485,2769,6254
202204,경원선,덕계,2544,2346,4890
202204,경원선,덕정,5168,4653,9821
202204,경원선,도봉,4915,4588,9503
202204,경원선,도봉산,10318,7478,17796
202204,경원선,동두천,1818,2511,4329
202204,경원선,동두천중앙,2716,2583,5299
202204,경원선,망월사,6158,6200,12358
202204,경원선,방학,7998,7754,15752
202204,경원선,보산,2440,2305,4745
202204,경원선,서빙고,1770,1830,3600
202204,경원선,석계,7167,7389,14556
202204,경원선,소요산,5014,4270,9284
202204,경원선,신이문,6407,5757,12164
202204,경원선,양주,6912,6468,13380
202204,경원선,옥수,48,35,83
202204,경원선,왕십리,12236,14235,26471
202204,경원선,외대앞,6147,5813,11960
202204,경원선,월계,4996,4477,9473
202204,경원선,응봉,1725,1522,3247
202204,경원선,의정부,18404,19442,37846
202204,경원선,이촌,3442,2346,5788
202204,경원선,지행,6237,6158,12395
202204,경원선,청량리,16437,17827,34264
202204,경원선,한남,2811,2791,5602
202204,경원선,회룡,10340,10246,20586
202204,경의선,가좌,4250,3874,8124
202204,경의선,강매,2237,1976,4213
202204,경의선,곡산,493,526,1019
202204,경의선,공덕,2902,2175,5077
202204,경의선,금릉,4232,3948,8180
202204,경의선,금촌,6099,5551,11650
202204,경의선,능곡,3063,3062,6125
202204,경의선,디지털미디어시티,2024,1785,3809
202204,경의선,문산,4967,4856,9823
202204,경의선,백마,4842,4446,9288
202204,경의선,서강대,1781,1696,3477
202204,경의선,서울역,1480,1610,3090
202204,경의선,수색,1546,1452,2998
202204,경의선,신촌,344,390,734
202204,경의선,야당,6781,6888,13669
202204,경의선,운정,5388,4892,10280
202204,경의선,월롱,2195,1731,3926
202204,경의선,일산,7900,7615,15515
202204,경의선,임진강,86,75,161
202204,경의선,탄현,5865,5370,11235
202204,경의선,파주,991,718,1709
202204,경의선,풍산,4610,4405,9015
202204,경의선,행신,5594,5545,11139
202204,경의선,홍대입구,1851,2346,4197
202204,경의선,화전,1259,1177,2436
202204,경의선,효창공원앞,1825,1963,3788
202204,경인선,간석,4613,3912,8525
202204,경인선,개봉,16815,16173,32988
202204,경인선,구일,8075,8296,16371
202204,경인선,도원,2114,2111,4225
202204,경인선,도화,3376,3065,6441
202204,경인선,동암,12635,12697,25332
202204,경인선,동인천,12616,12272,24888
202204,경인선,백운,5744,5623,11367
202204,경인선,부개,6551,6125,12676
202204,경인선,부천,29446,30379,59825
202204,경인선,부평,28913,32606,61519
202204,경인선,소사,7927,7639,15566
202204,경인선,송내,19159,18651,37810
202204,경인선,역곡,21064,20210,41274
202204,경인선,오류동,9571,8524,18095
202204,경인선,온수,5132,4686,9818
202204,경인선,인천,5447,4721,10168
202204,경인선,제물포,7668,7196,14864
202204,경인선,주안,16689,14541,31230
202204,경인선,중동,7039,6467,13506
202204,경춘선,가평,2295,2559,4854
202204,경춘선,갈매,2108,1812,3920
202204,경춘선,강촌,841,925,1766
202204,경춘선,굴봉산,362,350,712
202204,경춘선,금곡,1232,1176,2408
202204,경춘선,김유정,653,799,1452
202204,경춘선,남춘천,2983,3203,6186
202204,경춘선,대성리,999,1233,2232
202204,경춘선,마석,4201,4040,8241
202204,경춘선,백양리,165,185,350
202204,경춘선,별내,2407,2296,4703
202204,경춘선,사릉,1943,1900,3843
202204,경춘선,상천,603,600,1203
202204,경춘선,신내,1443,1409,2852
202204,경춘선,천마산,1574,1526,3100
202204,경춘선,청평,1993,2252,4245
202204,경춘선,춘천,2422,2034,4456
202204,경춘선,퇴계원,2833,2555,5388
202204,경춘선,평내호평,5018,4788,9806
202204,공항철도 1호선,검암,4838,4889,9727
202204,공항철도 1호선,계양,7572,6873,14445
202204,공항철도 1호선,공덕,1733,2669,4402
202204,공항철도 1호선,공항화물청사,1305,1363,2668
202204,공항철도 1호선,김포공항,11866,5910,17776
202204,공항철도 1호선,디지털미디어시티,5904,5531,11435
202204,공항철도 1호선,마곡나루,3705,3968,7673
202204,공항철도 1호선,서울역,8284,8459,16743
202204,공항철도 1호선,영종,3206,3098,6304
202204,공항철도 1호선,운서,6718,6766,13484
202204,공항철도 1호선,인천공항1터미널,4955,4652,9607
202204,공항철도 1호선,인천공항2터미널,2617,2336,4953
202204,공항철도 1호선,청라국제도시,4487,4290,8777
202204,공항철도 1호선,홍대입구,11941,12367,24308
202204,과천선,경마공원,11881,12163,24044
202204,과천선,과천,5078,4539,9617
202204,과천선,대공원,11137,11656,22793
202204,과천선,범계,21289,20885,42174
202204,과천선,선바위,6176,5283,11459
202204,과천선,인덕원,17790,17403,35193
202204,과천선,정부과천청사,6669,6524,13193
202204,과천선,평촌,9808,9409,19217
202204,분당선,가천대,5821,6033,11854
202204,분당선,강남구청,5384,6821,12205
202204,분당선,개포동,2634,2543,5177
202204,분당선,구룡,1436,1307,2743
202204,분당선,구성,3518,3599,7117
202204,분당선,기흥,6673,6355,13028
202204,분당선,대모산입구,2811,2479,5290
202204,분당선,도곡,4600,4151,8751
202204,분당선,망포,9618,8424,18042
202204,분당선,매교,2295,2292,4587
202204,분당선,매탄권선,3718,3371,7089
202204,분당선,모란,16264,16705,32969
202204,분당선,미금,10673,11059,21732
202204,분당선,보정,1728,1513,3241
202204,분당선,복정,2,0,2
202204,분당선,상갈,4023,3885,7908
202204,분당선,서울숲,13894,15617,29511
202204,분당선,서현,18716,18795,37511
202204,분당선,선릉,5076,8162,13238
202204,분당선,선정릉,3511,3640,7151
202204,분당선,수내,8914,8394,17308
202204,분당선,수서,10456,10937,21393
202204,분당선,수원,7856,6604,14460
202204,분당선,수원시청,11246,13371,24617
202204,분당선,신갈,2874,2897,5771
202204,분당선,압구정로데오,18502,22348,40850
202204,분당선,야탑,18161,19139,37300
202204,분당선,영통,6973,6080,13053
202204,분당선,오리,8129,6593,14722
202204,분당선,이매,4311,4094,8405
202204,분당선,정자,10777,10964,21741
202204,분당선,죽전,10317,11361,21678
202204,분당선,청명,2828,2790,5618
202204,분당선,태평,11014,10354,21368
202204,분당선,한티,10541,10279,20820
202204,수인선,고색,2762,2686,5448
202204,수인선,남동인더스파크,991,993,1984
202204,수인선,달월,72,73,145
202204,수인선,사리,3874,3202,7076
202204,수인선,소래포구,6663,6713,13376
202204,수인선,송도,2066,1984,4050
202204,수인선,숭의,2950,2707,5657
202204,수인선,신포,1612,1676,3288
202204,수인선,야목,323,242,565
202204,수인선,어천,824,748,1572
202204,수인선,연수,4197,4308,8505
202204,수인선,오목천,2328,1901,4229
202204,수인선,원인재,3950,4017,7967
202204,수인선,월곶,2315,2130,4445
202204,수인선,인천,1457,2392,3849
202204,수인선,인천논현,4406,4516,8922
202204,수인선,인하대,5028,4501,9529
202204,수인선,호구포,2773,2604,5377
202204,안산선,고잔,6894,6865,13759
202204,안산선,대야미,4645,3936,8581
202204,안산선,반월,3671,3422,7093
202204,안산선,산본,13913,14471,28384
202204,안산선,상록수,13148,12955,26103
202204,안산선,수리산,5137,5487,10624
202204,안산선,신길온천,1680,1549,3229
202204,안산선,안산,9912,10222,20134
202204,안산선,오이도,8161,8387,16548
202204,안산선,정왕,7064,6984,14048
202204,안산선,중앙,16505,17711,34216
202204,안산선,초지,3497,3475,6972
202204,안산선,한대앞,7739,7490,15229
202204,우이신설선,4.19민주묘지,2681,2336,5017
202204,우이신설선,가오리,3052,2907,5959
202204,우이신설선,보문,1213,1123,2336
202204,우이신설선,북한산보국문,4953,4132,9085
202204,우이신설선,북한산우이,3858,4116,7974
202204,우이신설선,삼양,1688,1679,3367
202204,우이신설선,삼양사거리,2040,1892,3932
202204,우이신설선,성신여대입구,2657,3251,5908
202204,우이신설선,솔밭공원,1945,1867,3812
202204,우이신설선,솔샘,3991,3556,7547
202204,우이신설선,신설동,1555,1482,3037
202204,우이신설선,정릉,3927,3200,7127
202204,우이신설선,화계,2626,2303,4929
202204,일산선,대곡,1586,1280,2866
202204,일산선,대화,9312,8256,17568
202204,일산선,마두,5455,5518,10973
202204,일산선,백석,7603,7525,15128
202204,일산선,삼송,15223,14247,29470
202204,일산선,원당,8853,8303,17156
202204,일산선,원흥,7943,7277,15220
202204,일산선,정발산,9715,10140,19855
202204,일산선,주엽,6681,6530,13211
202204,일산선,화정,13456,13733,27189
202204,장항선,배방,1141,1080,2221
202204,장항선,봉명,838,724,1562
202204,장항선,신창,1491,1239,2730
202204,장항선,쌍용,1724,1608,3332
202204,장항선,아산,3145,3128,6273
202204,장항선,온양온천,3905,4114,8019
202204,장항선,탕정,691,597,1288
202204,중앙선,구리,11033,10978,22011
202204,중앙선,국수,887,896,1783
202204,중앙선,덕소,4882,4961,9843
202204,중앙선,도농,7624,7097,14721
202204,중앙선,도심,1690,1449,3139
202204,중앙선,망우,7011,6712,13723
202204,중앙선,상봉,5251,4973,10224
202204,중앙선,신원,439,346,785
202204,중앙선,아신,754,813,1567
202204,중앙선,양수,2452,2694,5146
202204,중앙선,양원,2161,1997,4158
202204,중앙선,양정,707,622,1329
202204,중앙선,양평,4862,4956,9818
202204,중앙선,오빈,343,386,729
202204,중앙선,용문,2858,3189,6047
202204,중앙선,운길산,1821,1741,3562
202204,중앙선,원덕,573,573,1146
202204,중앙선,중랑,4783,4497,9280
202204,중앙선,지평,72,117,189
202204,중앙선,팔당,1717,1991,3708
202204,중앙선,회기,20548,19281,39829
202204,1호선,동대문,10046,10299,20345
202204,1호선,동묘앞,12770,13149,25919
202204,1호선,서울역,28573,25426,53999
202204,1호선,시청,8320,7877,16197
202204,1호선,신설동,7708,7746,15454
202204,1호선,제기동,10309,10924,21233
202204,1호선,종각,12941,11205,24146
202204,1호선,종로3가,15299,12957,28256
202204,1호선,종로5가,10158,10096,20254
202204,1호선,청량리,13447,13266,26713
202204,2호선,강남,33739,33002,66741
202204,2호선,강변,21441,21273,42714
202204,2호선,건대입구,25905,26617,52522
202204,2호선,교대,10579,11598,22177
202204,2호선,구로디지털단지,23770,23285,47055
202204,2호선,구의,11312,11485,22797
202204,2호선,낙성대,15577,16393,31970
202204,2호선,당산,9499,10114,19613
202204,2호선,대림,14716,15270,29986
202204,2호선,도림천,468,541,1009
202204,2호선,동대문역사문화공원,7636,7874,15510
202204,2호선,뚝섬,11805,11903,23708
202204,2호선,문래,7992,8719,16711
202204,2호선,방배,6765,7182,13947
202204,2호선,봉천,12429,12111,24540
202204,2호선,사당,22223,24834,47057
202204,2호선,삼성,19478,18599,38077
202204,2호선,상왕십리,6864,6839,13703
202204,2호선,서울대입구,27124,28021,55145
202204,2호선,서초,11628,10850,22478
202204,2호선,선릉,13405,11371,24776
202204,2호선,성수,13934,15633,29567
202204,2호선,시청,5881,4988,10869
202204,2호선,신답,784,850,1634
202204,2호선,신당,8416,8965,17381
202204,2호선,신대방,16287,16032,32319
202204,2호선,신도림,27690,28114,55804
202204,2호선,신림,37877,37384,75261
202204,2호선,신설동,3353,3372,6725
202204,2호선,신정네거리,5589,5690,11279
202204,2호선,신촌,20252,19920,40172
202204,2호선,아현,5296,5295,10591
202204,2호선,양천구청,3543,3629,7172
202204,2호선,역삼,10820,11729,22549
202204,2호선,영등포구청,7886,8307,16193
202204,2호선,왕십리,9356,8044,17400
202204,2호선,용답,1786,1733,3519
202204,2호선,용두,1103,1123,2226
202204,2호선,을지로3가,8844,8564,17408
202204,2호선,을지로4가,3702,3516,7218
202204,2호선,을지로입구,15787,14711,30498
202204,2호선,이대,6839,7448,14287
202204,2호선,잠실,50924,47258,98182
202204,2호선,잠실나루,5482,5776,11258
202204,2호선,잠실새내,11596,11669,23265
202204,2호선,종합운동장,10716,11947,22663
202204,2호선,충정로,3632,3795,7427
202204,2호선,한양대,2714,3340,6054
202204,2호선,합정,20075,21215,41290
202204,2호선,홍대입구,45983,44710,90693
202204,3호선,가락시장,3668,3874,7542
202204,3호선,경복궁,13278,13876,27154
202204,3호선,경찰병원,2710,2790,5500
202204,3호선,고속터미널,41725,38752,80477
202204,3호선,교대,4304,2786,7090
202204,3호선,구파발,11623,11884,23507
202204,3호선,금호,4412,4151,8563
202204,3호선,남부터미널,14900,15642,30542
202204,3호선,녹번,7437,6672,14109
202204,3호선,대청,4224,4059,8283
202204,3호선,대치,4931,4533,9464
202204,3호선,도곡,2128,2309,4437
202204,3호선,독립문,4396,5007,9403
202204,3호선,동대입구,5156,5556,10712
202204,3호선,매봉,4527,4427,8954
202204,3호선,무악재,1777,1997,3774
202204,3호선,불광,9846,11083,20929
202204,3호선,수서,10464,10153,20617
202204,3호선,신사,13309,13338,26647
202204,3호선,안국,12049,13274,25323
202204,3호선,압구정,13381,14210,27591
202204,3호선,약수,6843,6564,13407
202204,3호선,양재,13361,15786,29147
202204,3호선,연신내,21868,20484,42352
202204,3호선,오금,2899,2977,5876
202204,3호선,옥수,5147,5355,10502
202204,3호선,을지로3가,3486,3426,6912
202204,3호선,일원,3589,3873,7462
202204,3호선,잠원,2329,2291,4620
202204,3호선,종로3가,3957,5147,9104
202204,3호선,지축,2506,2265,4771
202204,3호선,충무로,1,0,1
202204,3호선,학여울,938,927,1865
202204,3호선,홍제,9462,8885,18347
202204,4호선,길음,10927,10763,21690
202204,4호선,남태령,778,571,1349
202204,4호선,노원,11929,12791,24720
202204,4호선,당고개,5932,5628,11560
202204,4호선,동대문,7325,7979,15304
202204,4호선,동대문역사문화공원,8766,7804,16570
202204,4호선,동작,1453,1482,2935
202204,4호선,명동,11844,12150,23994
202204,4호선,미아,8401,7871,16272
202204,4호선,미아사거리,16495,15787,32282
202204,4호선,사당,16138,14924,31062
202204,4호선,삼각지,2893,3847,6740
202204,4호선,상계,11674,11074,22748
202204,4호선,서울역,4439,10698,15137
202204,4호선,성신여대입구,12157,11743,23900
202204,4호선,수유,20144,19518,39662
202204,4호선,숙대입구,7203,7210,14413
202204,4호선,신용산,8217,8327,16544
202204,4호선,쌍문,16299,14677,30976
202204,4호선,이촌,5278,5946,11224
202204,4호선,창동,15076,15342,30418
202204,4호선,총신대입구,10536,11548,22084
202204,4호선,충무로,8680,8915,17595
202204,4호선,한성대입구,7661,7868,15529
202204,4호선,혜화,21419,22588,44007
202204,4호선,회현,8858,9227,18085
202204,5호선,강동,9207,9104,18311
202204,5호선,강일,2218,2208,4426
202204,5호선,개롱,3241,3481,6722
202204,5호선,개화산,2822,2779,5601
202204,5호선,거여,4880,4765,9645
202204,5호선,고덕,4178,4187,8365
202204,5호선,공덕,4584,4653,9237
202204,5호선,광나루,7563,7439,15002
202204,5호선,광화문,10566,10819,21385
202204,5호선,군자,6142,6867,13009
202204,5호선,굽은다리,5344,4809,10153
202204,5호선,길동,4103,4149,8252
202204,5호선,김포공항,6853,6708,13561
202204,5호선,까치산,15757,15442,31199
202204,5호선,답십리,7293,6767,14060
202204,5호선,동대문역사문화공원,677,814,1491
202204,5호선,둔촌동,4507,4426,8933
202204,5호선,마곡,3717,3896,7613
202204,5호선,마장,2911,2714,5625
202204,5호선,마천,3692,3916,7608
202204,5호선,마포,5027,4988,10015
202204,5호선,명일,5047,5105,10152
202204,5호선,목동,7707,7881,15588
202204,5호선,미사,9344,9331,18675
202204,5호선,발산,9297,9789,19086
202204,5호선,방이,4141,3870,8011
202204,5호선,방화,3837,3816,7653
202204,5호선,상일동,6607,6254,12861
202204,5호선,서대문,5200,5374,10574
202204,5호선,송정,3794,3804,7598
202204,5호선,신금호,2903,3239,6142
202204,5호선,신길,1913,2177,4090
202204,5호선,신정,6563,5909,12472
202204,5호선,아차산,11855,11618,23473
202204,5호선,애오개,2812,2845,5657
202204,5호선,양평,2699,2750,5449
202204,5호선,여의나루,14206,15227,29433
202204,5호선,여의도,8540,9010,17550
202204,5호선,영등포구청,1286,1236,2522
202204,5호선,영등포시장,5532,5868,11400
202204,5호선,오금,1922,1777,3699
202204,5호선,오목교,10989,11100,22089
202204,5호선,올림픽공원,2434,2220,4654
202204,5호선,왕십리,2420,2858,5278
202204,5호선,우장산,6746,6861,13607
202204,5호선,을지로4가,1725,1774,3499
202204,5호선,장한평,7816,7913,15729
202204,5호선,종로3가,8661,7896,16557
202204,5호선,천호,12650,12221,24871
202204,5호선,청구,1824,1705,3529
202204,5호선,충정로,1426,1462,2888
202204,5호선,하남검단산,4682,4664,9346
202204,5호선,하남시청,4503,4251,8754
202204,5호선,하남풍산,2268,2227,4495
202204,5호선,행당,3990,3587,7577
202204,5호선,화곡,14371,13681,28052
202204,6호선,고려대,4040,4077,8117
202204,6호선,공덕,6869,6375,13244
202204,6호선,광흥창,4027,3787,7814
202204,6호선,구산,3968,2969,6937
202204,6호선,녹사평,4181,4102,8283
202204,6호선,대흥,3765,3963,7728
202204,6호선,독바위,1718,2051,3769
202204,6호선,돌곶이,5419,5146,10565
202204,6호선,동묘앞,6401,6289,12690
202204,6호선,디지털미디어시티,5348,5607,10955
202204,6호선,마포구청,7001,6330,13331
202204,6호선,망원,10020,10944,20964
202204,6호선,버티고개,1160,1315,2475
202204,6호선,보문,3952,3754,7706
202204,6호선,봉화산,3960,3957,7917
202204,6호선,불광,2966,2739,5705
202204,6호선,삼각지,4472,3524,7996
202204,6호선,상수,6155,6766,12921
202204,6호선,상월곡,3308,2993,6301
202204,6호선,새절,6368,6273,12641
202204,6호선,석계,6422,6747,13169
202204,6호선,신당,4772,5276,10048
202204,6호선,안암,4362,4952,9314
202204,6호선,약수,1764,1671,3435
202204,6호선,역촌,2024,2355,4379
202204,6호선,월곡,5256,5104,10360
202204,6호선,월드컵경기장,3416,3449,6865
202204,6호선,응암,9505,9529,19034
202204,6호선,이태원,12496,9917,22413
202204,6호선,증산,5775,5848,11623
202204,6호선,창신,1674,1432,3106
202204,6호선,청구,1726,1602,3328
202204,6호선,태릉입구,3206,3308,6514
202204,6호선,한강진,6773,7809,14582
202204,6호선,합정,9272,8693,17965
202204,6호선,화랑대,5111,4497,9608
202204,6호선,효창공원앞,3574,3190,6764
202204,7호선,가산디지털단지,10909,10268,21177
202204,7호선,강남구청,5601,6127,11728
202204,7호선,건대입구,7306,7808,15114
202204,7호선,고속터미널,13288,8526,21814
202204,7호선,공릉,6723,7027,13750
202204,7호선,광명사거리,12898,12712,25610
202204,7호선,군자,7859,6107,13966
202204,7호선,남구로,6716,6561,13277
202204,7호선,남성,5580,5415,10995
202204,7호선,내방,5233,5370,10603
202204,7호선,노원,10727,10892,21619
202204,7호선,논현,6110,6485,12595
202204,7호선,대림,7030,6664,13694
202204,7호선,도봉산,5767,7963,13730
202204,7호선,뚝섬유원지,10634,10141,20775
202204,7호선,마들,6094,5709,11803
202204,7호선,먹골,5362,5140,10502
202204,7호선,면목,8102,7950,16052
202204,7호선,반포,2857,2814,5671
202204,7호선,보라매,4921,5007,9928
202204,7호선,사가정,8889,8878,17767
202204,7호선,상도,5114,5163,10277
202204,7호선,상봉,9469,8582,18051
202204,7호선,수락산,8642,8694,17336
202204,7호선,숭실대입구,5818,6251,12069
202204,7호선,신대방삼거리,8408,8239,16647
202204,7호선,신풍,6024,5756,11780
202204,7호선,어린이대공원,8724,8971,17695
202204,7호선,온수,4273,4387,8660
202204,7호선,용마산,3589,3950,7539
202204,7호선,이수,8347,7843,16190
202204,7호선,장승배기,4713,4705,9418
202204,7호선,장암,1553,1057,2610
202204,7호선,중계,6633,6252,12885
202204,7호선,중곡,5356,5209,10565
202204,7호선,중화,5916,5755,11671
202204,7호선,천왕,4932,4821,9753
202204,7호선,철산,10569,10549,21118
202204,7호선,청담,7117,7642,14759
202204,7호선,태릉입구,4979,4585,9564
202204,7호선,하계,9375,8917,18292
202204,7호선,학동,6347,6667,13014
202204,8호선,가락시장,3112,3877,6989
202204,8호선,강동구청,4423,4618,9041
202204,8호선,남위례,2396,2532,4928
202204,8호선,남한산성입구,7257,6704,13961
202204,8호선,단대오거리,6180,5954,12134
202204,8호선,모란,5563,4685,10248
202204,8호선,몽촌토성,3822,3834,7656
202204,8호선,문정,5843,6191,12034
202204,8호선,복정,5028,4547,9575
202204,8호선,산성,3413,3435,6848
202204,8호선,석촌,4166,5304,9470
202204,8호선,송파,4146,4303,8449
202204,8호선,수진,3269,3084,6353
202204,8호선,신흥,2680,2887,5567
202204,8호선,암사,9131,8551,17682
202204,8호선,잠실,9864,10979,20843
202204,8호선,장지,9065,9244,18309
202204,8호선,천호,8865,9912,18777
202204,9호선,가양,10164,10084,20248
202204,9호선,개화,1195,1114,2309
202204,9호선,고속터미널,10998,15074,26072
202204,9호선,공항시장,1828,2045,3873
202204,9호선,구반포,547,550,1097
202204,9호선,국회의사당,5733,5387,11120
202204,9호선,김포공항,7315,11381,18696
202204,9호선,노들,2747,2392,5139
202204,9호선,노량진,15010,15725,30735
202204,9호선,당산,9421,9160,18581
202204,9호선,동작,1528,1268,2796
202204,9호선,등촌,5181,5266,10447
202204,9호선,마곡나루,6037,6066,12103
202204,9호선,사평,1510,1518,3028
202204,9호선,샛강,1715,1746,3461
202204,9호선,선유도,3169,3131,6300
202204,9호선,신논현,15781,14850,30631
202204,9호선,신목동,1761,1554,3315
202204,9호선,신반포,2085,2205,4290
202204,9호선,신방화,3424,3414,6838
202204,9호선,양천향교,4278,4406,8684
202204,9호선,여의도,9960,9138,19098
202204,9호선,염창,8903,8761,17664
202204,9호선,증미,2459,2363,4822
202204,9호선,흑석,3984,4211,8195
202204,9호선2~3단계,둔촌오륜,568,573,1141
202204,9호선2~3단계,봉은사,7603,7692,15295
202204,9호선2~3단계,삼성중앙,1948,2069,4017
202204,9호선2~3단계,삼전,3695,3455,7150
202204,9호선2~3단계,석촌,4901,4314,9215
202204,9호선2~3단계,석촌고분,3036,3080,6116
202204,9호선2~3단계,선정릉,3064,3426,6490
202204,9호선2~3단계,송파나루,2956,3169,6125
202204,9호선2~3단계,언주,3898,3933,7831
202204,9호선2~3단계,올림픽공원,4350,4618,8968
202204,9호선2~3단계,종합운동장,3091,2756,5847
202204,9호선2~3단계,중앙보훈병원,3536,3422,6958
202204,9호선2~3단계,한성백제,1530,1375,2905
202204,경강선,경기광주,4073,4065,8138
202204,경강선,곤지암,1723,1957,3680
202204,경강선,부발,1583,2261,3844
202204,경강선,삼동,1141,1058,2199
202204,경강선,세종대왕릉,332,306,638
202204,경강선,신둔도예촌,990,1005,1995
202204,경강선,여주,2248,2387,4635
202204,경강선,이매,762,512,1274
202204,경강선,이천,2178,2391,4569
202204,경강선,초월,1703,1674,3377
202204,경강선,판교,2666,2430,5096
202204,경부선,가산디지털단지,5114,6844,11958
202204,경부선,관악,5040,4714,9754
202204,경부선,광명,2956,1957,4913
202204,경부선,구로,9778,10086,19864
202204,경부선,군포,3326,3116,6442
202204,경부선,금정,15233,15237,30470
202204,경부선,금천구청,6578,6418,12996
202204,경부선,남영,4355,4802,9157
202204,경부선,노량진,6146,5920,12066
202204,경부선,당정,3031,3051,6082
202204,경부선,대방,5974,6410,12384
202204,경부선,독산,6466,6539,13005
202204,경부선,두정,4655,5668,10323
202204,경부선,명학,3502,3557,7059
202204,경부선,병점,9588,10357,19945
202204,경부선,서동탄,785,849,1634
202204,경부선,서울역,8430,1857,10287
202204,경부선,서정리,4647,6605,11252
202204,경부선,석수,5470,5259,10729
202204,경부선,성균관대,7954,8854,16808
202204,경부선,성환,2705,3391,6096
202204,경부선,세류,2088,2084,4172
202204,경부선,세마,1820,1633,3453
202204,경부선,송탄,3637,4524,8161
202204,경부선,수원,35190,34185,69375
202204,경부선,신길,4920,4309,9229
202204,경부선,신도림,2344,2524,4868
202204,경부선,안양,13772,13336,27108
202204,경부선,영등포,32831,31412,64243
202204,경부선,오산,8097,8448,16545
202204,경부선,오산대,2390,2464,4854
202204,경부선,용산,31944,28668,60612
202204,경부선,의왕,4640,4682,9322
202204,경부선,직산,662,713,1375
202204,경부선,진위,930,918,1848
202204,경부선,천안,6635,6524,13159
202204,경부선,평택,12063,12755,24818
202204,경부선,평택지제,2722,2453,5175
202204,경부선,화서,4400,4263,8663
202204,경원선,가능,4191,4018,8209
202204,경원선,광운대,4162,4317,8479
202204,경원선,녹양,2907,2850,5757
202204,경원선,녹천,2682,2305,4987
202204,경원선,덕계,1908,1880,3788
202204,경원선,덕정,3587,3686,7273
202204,경원선,도봉,3631,3336,6967
202204,경원선,도봉산,9357,6841,16198
202204,경원선,동두천,1519,2124,3643
202204,경원선,동두천중앙,2185,2108,4293
202204,경원선,망월사,4838,5051,9889
202204,경원선,방학,6134,5883,12017
202204,경원선,보산,1423,1516,2939
202204,경원선,서빙고,1638,1646,3284
202204,경원선,석계,5192,5673,10865
202204,경원선,소요산,4803,4033,8836
202204,경원선,신이문,4620,4396,9016
202204,경원선,양주,5380,5328,10708
202204,경원선,옥수,49,19,68
202204,경원선,왕십리,8865,9949,18814
202204,경원선,외대앞,4480,4615,9095
202204,경원선,월계,4020,3735,7755
202204,경원선,응봉,1182,1189,2371
202204,경원선,의정부,13967,14261,28228
202204,경원선,이촌,2593,1791,4384
202204,경원선,지행,4568,4550,9118
202204,경원선,청량리,13981,13040,27021
202204,경원선,한남,1933,1917,3850
202204,경원선,회룡,7785,7762,15547
202204,경의선,가좌,2929,2907,5836
202204,경의선,강매,1640,1553,3193
202204,경의선,곡산,400,366,766
202204,경의선,공덕,1776,1422,3198
202204,경의선,금릉,2982,2976,5958
202204,경의선,금촌,4406,4634,9040
202204,경의선,능곡,2411,2389,4800
202204,경의선,디지털미디어시티,1534,1379,2913
202204,경의선,문산,4234,4381,8615
202204,경의선,백마,3355,3178,6533
202204,경의선,서강대,1348,1322,2670
202204,경의선,서울역,1177,1033,2210
202204,경의선,수색,937,1030,1967
202204,경의선,신촌,255,310,565
202204,경의선,야당,4725,4559,9284
202204,경의선,운정,3710,3713,7423
202204,경의선,월롱,1166,2305,3471
202204,경의선,일산,4986,4686,9672
202204,경의선,임진강,55,54,109
202204,경의선,탄현,4223,3951,8174
202204,경의선,파주,749,706,1455
202204,경의선,풍산,3587,3327,6914
202204,경의선,행신,4728,4268,8996
202204,경의선,홍대입구,1538,1780,3318
202204,경의선,화전,899,932,1831
202204,경의선,효창공원앞,1267,1443,2710
202204,경인선,간석,3132,2787,5919
202204,경인선,개봉,11851,11615,23466
202204,경인선,구일,6091,6296,12387
202204,경인선,도원,1719,1735,3454
202204,경인선,도화,2463,2339,4802
202204,경인선,동암,9570,9535,19105
202204,경인선,동인천,9751,9406,19157
202204,경인선,백운,3978,3974,7952
202204,경인선,부개,4892,4564,9456
202204,경인선,부천,21684,21400,43084
202204,경인선,부평,22286,22216,44502
202204,경인선,소사,5833,5565,11398
202204,경인선,송내,13460,13097,26557
202204,경인선,역곡,14655,14656,29311
202204,경인선,오류동,7064,6612,13676
202204,경인선,온수,3806,3647,7453
202204,경인선,인천,4773,3968,8741
202204,경인선,제물포,5786,5471,11257
202204,경인선,주안,11901,10835,22736
202204,경인선,중동,4973,4699,9672
202204,경춘선,가평,2273,1774,4047
202204,경춘선,갈매,1609,1434,3043
202204,경춘선,강촌,922,776,1698
202204,경춘선,굴봉산,376,380,756
202204,경춘선,금곡,954,911,1865
202204,경춘선,김유정,502,501,1003
202204,경춘선,남춘천,2385,2724,5109
202204,경춘선,대성리,1189,667,1856
202204,경춘선,마석,2844,2785,5629
202204,경춘선,백양리,185,184,369
202204,경춘선,별내,1798,1667,3465
202204,경춘선,사릉,1407,1424,2831
202204,경춘선,상천,673,571,1244
202204,경춘선,신내,1094,1083,2177
202204,경춘선,천마산,1137,1201,2338
202204,경춘선,청평,2026,1578,3604
202204,경춘선,춘천,2226,1784,4010
202204,경춘선,퇴계원,2294,2039,4333
202204,경춘선,평내호평,3614,3437,7051
202204,공항철도 1호선,검암,3726,3809,7535
202204,공항철도 1호선,계양,5415,5163,10578
202204,공항철도 1호선,공덕,1173,1691,2864
202204,공항철도 1호선,공항화물청사,1047,1131,2178
202204,공항철도 1호선,김포공항,11819,6062,17881
202204,공항철도 1호선,디지털미디어시티,3594,3639,7233
202204,공항철도 1호선,마곡나루,2596,2973,5569
202204,공항철도 1호선,서울역,8233,7633,15866
202204,공항철도 1호선,영종,2590,2578,5168
202204,공항철도 1호선,운서,5460,5871,11331
202204,공항철도 1호선,인천공항1터미널,4888,4414,9302
202204,공항철도 1호선,인천공항2터미널,2377,2221,4598
202204,공항철도 1호선,청라국제도시,3379,3258,6637
202204,공항철도 1호선,홍대입구,9704,8533,18237
202204,과천선,경마공원,14840,15136,29976
202204,과천선,과천,3706,3562,7268
202204,과천선,대공원,8361,8448,16809
202204,과천선,범계,15118,14633,29751
202204,과천선,선바위,4372,4117,8489
202204,과천선,인덕원,13232,13123,26355
202204,과천선,정부과천청사,4844,4853,9697
202204,과천선,평촌,6419,6340,12759
202204,분당선,가천대,4087,4808,8895
202204,분당선,강남구청,3409,4073,7482
202204,분당선,개포동,1970,2070,4040
202204,분당선,구룡,816,879,1695
202204,분당선,구성,2571,2723,5294
202204,분당선,기흥,5125,4810,9935
202204,분당선,대모산입구,2393,2349,4742
202204,분당선,도곡,2989,2799,5788
202204,분당선,망포,6185,6540,12725
202204,분당선,매교,1514,1560,3074
202204,분당선,매탄권선,2578,2552,5130
202204,분당선,모란,20060,20959,41019
202204,분당선,미금,7523,8151,15674
202204,분당선,보정,1126,1086,2212
202204,분당선,상갈,3026,3062,6088
202204,분당선,서울숲,9825,10299,20124
202204,분당선,서현,14220,14214,28434
202204,분당선,선릉,2787,4466,7253
202204,분당선,선정릉,2171,2199,4370
202204,분당선,수내,6037,5748,11785
202204,분당선,수서,9110,8621,17731
202204,분당선,수원,6397,5059,11456
202204,분당선,수원시청,7698,7574,15272
202204,분당선,신갈,2087,2082,4169
202204,분당선,압구정로데오,10015,11202,21217
202204,분당선,야탑,14180,14409,28589
202204,분당선,영통,4710,3064,7774
202204,분당선,오리,5579,4754,10333
202204,분당선,이매,3394,3529,6923
202204,분당선,정자,7697,7892,15589
202204,분당선,죽전,7773,8677,16450
202204,분당선,청명,2010,2185,4195
202204,분당선,태평,8437,8106,16543
202204,분당선,한티,7435,7428,14863
202204,수인선,고색,1819,1950,3769
202204,수인선,남동인더스파크,587,567,1154
202204,수인선,달월,52,54,106
202204,수인선,사리,2727,2399,5126
202204,수인선,소래포구,5611,5555,11166
202204,수인선,송도,1582,1527,3109
202204,수인선,숭의,2115,1915,4030
202204,수인선,신포,1242,1174,2416
202204,수인선,야목,222,186,408
202204,수인선,어천,582,725,1307
202204,수인선,연수,3367,3292,6659
202204,수인선,오목천,1656,1631,3287
202204,수인선,원인재,2942,3040,5982
202204,수인선,월곶,1764,1567,3331
202204,수인선,인천,1148,1854,3002
202204,수인선,인천논현,3060,3080,6140
202204,수인선,인하대,3399,3467,6866
202204,수인선,호구포,2122,2261,4383
202204,안산선,고잔,4915,4783,9698
202204,안산선,대야미,3601,3070,6671
202204,안산선,반월,2726,2790,5516
202204,안산선,산본,10019,9997,20016
202204,안산선,상록수,10041,9727,19768
202204,안산선,수리산,5143,5966,11109
202204,안산선,신길온천,1225,1180,2405
202204,안산선,안산,10130,9335,19465
202204,안산선,오이도,6193,6039,12232
202204,안산선,정왕,5691,6066,11757
202204,안산선,중앙,11889,11686,23575
202204,안산선,초지,2594,2523,5117
202204,안산선,한대앞,5521,5709,11230
202204,우이신설선,4.19민주묘지,2241,1957,4198
202204,우이신설선,가오리,2385,2277,4662
202204,우이신설선,보문,995,975,1970
202204,우이신설선,북한산보국문,3786,3406,7192
202204,우이신설선,북한산우이,3616,3873,7489
202204,우이신설선,삼양,1172,1217,2389
202204,우이신설선,삼양사거리,1593,1538,3131
202204,우이신설선,성신여대입구,2046,2249,4295
202204,우이신설선,솔밭공원,1500,1432,2932
202204,우이신설선,솔샘,2881,2741,5622
202204,우이신설선,신설동,1244,1267,2511
202204,우이신설선,정릉,2902,2442,5344
202204,우이신설선,화계,2086,1991,4077
202204,일산선,대곡,1209,1054,2263
202204,일산선,대화,6653,6277,12930
202204,일산선,마두,3744,3736,7480
202204,일산선,백석,5441,5425,10866
202204,일산선,삼송,11133,10893,22026
202204,일산선,원당,6415,6206,12621
202204,일산선,원흥,5668,5603,11271
202204,일산선,정발산,8386,8494,16880
202204,일산선,주엽,4768,4574,9342
202204,일산선,화정,9742,9986,19728
202204,장항선,배방,893,1063,1956
202204,장항선,봉명,702,708,1410
202204,장항선,신창,1131,2371,3502
202204,장항선,쌍용,1433,1578,3011
202204,장항선,아산,4006,2466,6472
202204,장항선,온양온천,4968,4838,9806
202204,장항선,탕정,546,596,1142
202204,중앙선,구리,7746,8156,15902
202204,중앙선,국수,742,629,1371
202204,중앙선,덕소,3663,3647,7310
202204,중앙선,도농,5413,5346,10759
202204,중앙선,도심,1291,1201,2492
202204,중앙선,망우,5005,5036,10041
202204,중앙선,상봉,3936,4097,8033
202204,중앙선,신원,459,298,757
202204,중앙선,아신,684,677,1361
202204,중앙선,양수,2134,1946,4080
202204,중앙선,양원,1457,1510,2967
202204,중앙선,양정,597,502,1099
202204,중앙선,양평,2407,2178,4585
202204,중앙선,오빈,323,292,615
202204,중앙선,용문,2760,2218,4978
202204,중앙선,운길산,1770,1650,3420
202204,중앙선,원덕,483,446,929
202204,중앙선,중랑,3653,3603,7256
202204,중앙선,지평,82,71,153
202204,중앙선,팔당,1565,1576,3141
202204,중앙선,회기,15393,15296,30689
202204,1호선,동대문,14552,13181,27733
202204,1호선,동묘앞,13126,13439,26565
202204,1호선,서울역,38627,38918,77545
202204,1호선,시청,16058,16299,32357
202204,1호선,신설동,12068,10907,22975
202204,1호선,제기동,16631,17034,33665
202204,1호선,종각,36679,27533,64212
202204,1호선,종로3가,34784,29355,64139
202204,1호선,종로5가,28210,25594,53804
202204,1호선,청량리,19741,21383,41124
202204,2호선,강남,66438,69086,135524
202204,2호선,강변,30607,30260,60867
202204,2호선,건대입구,42017,45632,87649
202204,2호선,교대,19232,21304,40536
202204,2호선,구로디지털단지,36372,35338,71710
202204,2호선,구의,17557,16687,34244
202204,2호선,낙성대,23435,21504,44939
202204,2호선,당산,14313,15362,29675
202204,2호선,대림,18649,19528,38177
202204,2호선,도림천,810,829,1639
202204,2호선,동대문역사문화공원,13061,14446,27507
202204,2호선,뚝섬,18382,18558,36940
202204,2호선,문래,13919,14923,28842
202204,2호선,방배,10948,11106,22054
202204,2호선,봉천,18149,16365,34514
202204,2호선,사당,33689,38925,72614
202204,2호선,삼성,30081,29912,59993
202204,2호선,상왕십리,10594,9830,20424
202204,2호선,서울대입구,41169,39537,80706
202204,2호선,서초,12075,9671,21746
202204,2호선,선릉,25669,22986,48655
202204,2호선,성수,25166,28565,53731
202204,2호선,시청,11561,9734,21295
202204,2호선,신답,1152,1249,2401
202204,2호선,신당,12310,12882,25192
202204,2호선,신대방,21460,20309,41769
202204,2호선,신도림,44145,44885,89030
202204,2호선,신림,53593,50901,104494
202204,2호선,신설동,3862,3741,7603
202204,2호선,신정네거리,7990,7780,15770
202204,2호선,신촌,34479,35298,69777
202204,2호선,아현,8208,7872,16080
202204,2호선,양천구청,4891,4854,9745
202204,2호선,역삼,18898,20779,39677
202204,2호선,영등포구청,13430,14244,27674
202204,2호선,왕십리,14974,13262,28236
202204,2호선,용답,2365,2202,4567
202204,2호선,용두,1807,1788,3595
202204,2호선,을지로3가,15747,15600,31347
202204,2호선,을지로4가,8905,9255,18160
202204,2호선,을지로입구,27498,25746,53244
202204,2호선,이대,12005,12884,24889
202204,2호선,잠실,85814,81830,167644
202204,2호선,잠실나루,8352,8193,16545
202204,2호선,잠실새내,19684,20529,40213
202204,2호선,종합운동장,17722,19774,37496
202204,2호선,충정로,6065,6506,12571
202204,2호선,한양대,5162,5387,10549
202204,2호선,합정,32173,37308,69481
202204,2호선,홍대입구,76902,86985,163887
202204,3호선,가락시장,6427,6085,12512
202204,3호선,경복궁,24771,24009,48780
202204,3호선,경찰병원,4208,4128,8336
202204,3호선,고속터미널,57031,57063,114094
202204,3호선,교대,7891,4889,12780
202204,3호선,구파발,16735,17174,33909
202204,3호선,금호,6294,5727,12021
202204,3호선,남부터미널,22953,22642,45595
202204,3호선,녹번,11390,10095,21485
202204,3호선,대청,6366,5748,12114
202204,3호선,대치,8217,7590,15807
202204,3호선,도곡,3764,3839,7603
202204,3호선,독립문,7233,7868,15101
202204,3호선,동대입구,9797,14336,24133
202204,3호선,매봉,6841,6578,13419
202204,3호선,무악재,3043,3322,6365
202204,3호선,불광,13759,15681,29440
202204,3호선,수서,15173,14585,29758
202204,3호선,신사,28904,30687,59591
202204,3호선,안국,25024,24453,49477
202204,3호선,압구정,26215,28438,54653
202204,3호선,약수,10287,9669,19956
202204,3호선,양재,22673,25467,48140
202204,3호선,연신내,30667,29252,59919
202204,3호선,오금,4022,3789,7811
202204,3호선,옥수,7717,7814,15531
202204,3호선,을지로3가,7138,7480,14618
202204,3호선,일원,5203,5149,10352
202204,3호선,잠원,3817,3626,7443
202204,3호선,종로3가,7306,11056,18362
202204,3호선,지축,3805,3465,7270
202204,3호선,학여울,2995,3095,6090
202204,3호선,홍제,14491,14070,28561
202204,4호선,길음,16480,15672,32152
202204,4호선,남태령,1195,678,1873
202204,4호선,노원,17158,19462,36620
202204,4호선,당고개,7940,7152,15092
202204,4호선,동대문,19124,18416,37540
202204,4호선,동대문역사문화공원,14483,12169,26652
202204,4호선,동작,1669,1764,3433
202204,4호선,명동,17558,19658,37216
202204,4호선,미아,11360,10867,22227
202204,4호선,미아사거리,23965,23408,47373
202204,4호선,사당,24972,21031,46003
202204,4호선,삼각지,4231,5724,9955
202204,4호선,상계,17162,16103,33265
202204,4호선,서울역,6969,16286,23255
202204,4호선,성신여대입구,18702,18146,36848
202204,4호선,수유,28576,28267,56843
202204,4호선,숙대입구,10951,10393,21344
202204,4호선,신용산,11849,12871,24720
202204,4호선,쌍문,23277,20616,43893
202204,4호선,이촌,8649,9622,18271
202204,4호선,창동,21416,22148,43564
202204,4호선,총신대입구,15670,16678,32348
202204,4호선,충무로,16350,17847,34197
202204,4호선,한성대입구,12601,12472,25073
202204,4호선,혜화,33267,34817,68084
202204,4호선,회현,21142,22823,43965
202204,5호선,강동,14401,13680,28081
202204,5호선,강일,3159,3026,6185
202204,5호선,개롱,4559,4664,9223
202204,5호선,개화산,4075,3864,7939
202204,5호선,거여,7000,6516,13516
202204,5호선,고덕,6741,6405,13146
202204,5호선,공덕,7674,8314,15988
202204,5호선,광나루,11053,10372,21425
202204,5호선,광화문,23300,21987,45287
202204,5호선,군자,9273,10395,19668
202204,5호선,굽은다리,7655,7076,14731
202204,5호선,길동,6344,6475,12819
202204,5호선,김포공항,8410,8278,16688
202204,5호선,까치산,22555,20927,43482
202204,5호선,답십리,11169,10318,21487
202204,5호선,동대문역사문화공원,1126,1447,2573
202204,5호선,둔촌동,6423,6309,12732
202204,5호선,마곡,5825,5787,11612
202204,5호선,마장,4100,3914,8014
202204,5호선,마천,5129,5208,10337
202204,5호선,마포,8250,8544,16794
202204,5호선,명일,6600,6396,12996
202204,5호선,목동,11839,11817,23656
202204,5호선,미사,13367,13577,26944
202204,5호선,발산,14784,15997,30781
202204,5호선,방이,5346,5051,10397
202204,5호선,방화,4944,4683,9627
202204,5호선,상일동,10204,9285,19489
202204,5호선,서대문,9209,8035,17244
202204,5호선,송정,5479,5180,10659
202204,5호선,신금호,4527,4670,9197
202204,5호선,신길,2827,2915,5742
202204,5호선,신정,9706,8136,17842
202204,5호선,아차산,14650,14308,28958
202204,5호선,애오개,3965,3937,7902
202204,5호선,양평,3913,3661,7574
202204,5호선,여의나루,20969,24752,45721
202204,5호선,여의도,14230,14288,28518
202204,5호선,영등포구청,2068,2023,4091
202204,5호선,영등포시장,8765,9259,18024
202204,5호선,오금,2329,2091,4420
202204,5호선,오목교,16958,17672,34630
202204,5호선,올림픽공원,4267,4022,8289
202204,5호선,왕십리,3768,4609,8377
202204,5호선,우장산,10511,10052,20563
202204,5호선,을지로4가,4288,4698,8986
202204,5호선,장한평,12052,11860,23912
202204,5호선,종로3가,16783,17258,34041
202204,5호선,천호,18311,17696,36007
202204,5호선,청구,2806,2554,5360
202204,5호선,충정로,2796,2100,4896
202204,5호선,하남검단산,6139,6017,12156
202204,5호선,하남시청,6058,5754,11812
202204,5호선,하남풍산,2976,2896,5872
202204,5호선,행당,5754,4934,10688
202204,5호선,화곡,21557,19446,41003
202204,6호선,고려대,6163,5917,12080
202204,6호선,공덕,10828,10011,20839
202204,6호선,광흥창,5730,5125,10855
202204,6호선,구산,5671,4132,9803
202204,6호선,녹사평,6132,7288,13420
202204,6호선,대흥,5890,6082,11972
202204,6호선,독바위,2107,2350,4457
202204,6호선,돌곶이,6536,5959,12495
202204,6호선,동묘앞,9598,8733,18331
202204,6호선,디지털미디어시티,7852,8055,15907
202204,6호선,마포구청,10267,8877,19144
202204,6호선,망원,14230,16038,30268
202204,6호선,버티고개,1597,1580,3177
202204,6호선,보문,5642,5160,10802
202204,6호선,봉화산,5711,5617,11328
202204,6호선,불광,4190,3734,7924
202204,6호선,삼각지,6174,4738,10912
202204,6호선,상수,9504,11601,21105
202204,6호선,상월곡,4485,3848,8333
202204,6호선,새절,9097,8609,17706
202204,6호선,석계,9270,9380,18650
202204,6호선,신당,6866,6177,13043
202204,6호선,안암,7811,7373,15184
202204,6호선,약수,2684,2705,5389
202204,6호선,역촌,2750,3043,5793
202204,6호선,월곡,8176,7844,16020
202204,6호선,월드컵경기장,4578,4862,9440
202204,6호선,응암,13393,12970,26363
202204,6호선,이태원,17292,22478,39770
202204,6호선,증산,7638,7388,15026
202204,6호선,창신,2347,2002,4349
202204,6호선,청구,2655,2635,5290
202204,6호선,태릉입구,4492,4904,9396
202204,6호선,한강진,9786,12717,22503
202204,6호선,합정,13941,13548,27489
202204,6호선,화랑대,8030,6354,14384
202204,6호선,효창공원앞,5122,4440,9562
202204,7호선,가산디지털단지,15867,14244,30111
202204,7호선,강남구청,10466,11661,22127
202204,7호선,건대입구,12039,13598,25637
202204,7호선,고속터미널,17098,12753,29851
202204,7호선,공릉,9916,9367,19283
202204,7호선,광명사거리,18143,17606,35749
202204,7호선,군자,11469,8566,20035
202204,7호선,남구로,8489,8932,17421
202204,7호선,남성,8422,7454,15876
202204,7호선,내방,8279,8222,16501
202204,7호선,노원,16783,17705,34488
202204,7호선,논현,11291,12464,23755
202204,7호선,대림,7295,7798,15093
202204,7호선,도봉산,7166,9751,16917
202204,7호선,뚝섬유원지,15126,15105,30231
202204,7호선,마들,9415,8435,17850
202204,7호선,먹골,8167,7723,15890
202204,7호선,면목,11451,10744,22195
202204,7호선,반포,4741,4584,9325
202204,7호선,보라매,6973,6632,13605
202204,7호선,부천시청,1,0,1
202204,7호선,사가정,13022,12411,25433
202204,7호선,상도,8484,7593,16077
202204,7호선,상봉,14154,13867,28021
202204,7호선,수락산,10935,10492,21427
202204,7호선,숭실대입구,9739,9157,18896
202204,7호선,신대방삼거리,12221,11280,23501
202204,7호선,신풍,8574,8075,16649
202204,7호선,어린이대공원,12195,12150,24345
202204,7호선,온수,5938,6067,12005
202204,7호선,용마산,4686,4814,9500
202204,7호선,이수,13087,12615,25702
202204,7호선,장승배기,6672,6132,12804
202204,7호선,장암,1862,1282,3144
202204,7호선,중계,9907,8750,18657
202204,7호선,중곡,7476,6790,14266
202204,7호선,중화,8014,7522,15536
202204,7호선,천왕,7614,7001,14615
202204,7호선,철산,16182,16558,32740
202204,7호선,청담,11822,13021,24843
202204,7호선,태릉입구,7211,6656,13867
202204,7호선,하계,14024,12868,26892
202204,7호선,학동,11148,11715,22863
202204,8호선,가락시장,5485,5738,11223
202204,8호선,강동구청,6486,6493,12979
202204,8호선,남위례,3782,3871,7653
202204,8호선,남한산성입구,9795,8380,18175
202204,8호선,단대오거리,8371,7630,16001
202204,8호선,모란,3831,3657,7488
202204,8호선,몽촌토성,5039,5063,10102
202204,8호선,문정,9399,9227,18626
202204,8호선,복정,6887,5706,12593
202204,8호선,산성,4552,4518,9070
202204,8호선,석촌,6345,7966,14311
202204,8호선,송파,5870,5620,11490
202204,8호선,수진,4381,3827,8208
202204,8호선,신흥,3586,3869,7455
202204,8호선,암사,12963,11721,24684
202204,8호선,잠실,14219,17507,31726
202204,8호선,장지,13139,11838,24977
202204,8호선,천호,12584,14930,27514
202204,9호선,가양,15293,14089,29382
202204,9호선,개화,1576,1359,2935
202204,9호선,고속터미널,15611,22499,38110
202204,9호선,공항시장,2551,2603,5154
202204,9호선,구반포,1318,1327,2645
202204,9호선,국회의사당,6847,6761,13608
202204,9호선,김포공항,8659,12883,21542
202204,9호선,노들,3743,3222,6965
202204,9호선,노량진,22898,22113,45011
202204,9호선,당산,14158,13197,27355
202204,9호선,동작,1893,1651,3544
202204,9호선,등촌,7625,7240,14865
202204,9호선,마곡나루,9051,8816,17867
202204,9호선,사평,2790,2506,5296
202204,9호선,샛강,2858,2815,5673
202204,9호선,선유도,4608,4275,8883
202204,9호선,신논현,29518,29076,58594
202204,9호선,신목동,2694,2287,4981
202204,9호선,신반포,3716,3683,7399
202204,9호선,신방화,4878,4578,9456
202204,9호선,양천향교,6187,5761,11948
202204,9호선,여의도,15031,14010,29041
202204,9호선,염창,13198,11855,25053
202204,9호선,증미,4164,3905,8069
202204,9호선,흑석,6389,6342,12731
202204,9호선2~3단계,둔촌오륜,586,651,1237
202204,9호선2~3단계,봉은사,11791,12644,24435
202204,9호선2~3단계,삼성중앙,3354,3299,6653
202204,9호선2~3단계,삼전,5336,4739,10075
202204,9호선2~3단계,석촌,7465,6365,13830
202204,9호선2~3단계,석촌고분,4647,4398,9045
202204,9호선2~3단계,선정릉,5204,6022,11226
202204,9호선2~3단계,송파나루,4996,5178,10174
202204,9호선2~3단계,언주,6645,6659,13304
202204,9호선2~3단계,올림픽공원,10476,10910,21386
202204,9호선2~3단계,종합운동장,4740,4191,8931
202204,9호선2~3단계,중앙보훈병원,5068,4740,9808
202204,9호선2~3단계,한성백제,2040,1798,3838
202204,경강선,경기광주,6374,5792,12166
202204,경강선,곤지암,2216,2345,4561
202204,경강선,부발,2307,1997,4304
202204,경강선,삼동,1707,1609,3316
202204,경강선,세종대왕릉,357,382,739
202204,경강선,신둔도예촌,1445,1331,2776
202204,경강선,여주,2777,3123,5900
202204,경강선,이매,920,695,1615
202204,경강선,이천,3057,3106,6163
202204,경강선,초월,2505,2186,4691
202204,경강선,판교,3562,3603,7165
202204,경부선,가산디지털단지,6907,9190,16097
202204,경부선,관악,6624,6279,12903
202204,경부선,광명,3318,2858,6176
202204,경부선,구로,13629,14310,27939
202204,경부선,군포,4566,4064,8630
202204,경부선,금정,21101,21115,42216
202204,경부선,금천구청,9217,9215,18432
202204,경부선,남영,6466,6872,13338
202204,경부선,노량진,9386,8882,18268
202204,경부선,당정,4512,4122,8634
202204,경부선,대방,8933,9024,17957
202204,경부선,독산,9914,9652,19566
202204,경부선,두정,6139,6143,12282
202204,경부선,명학,5517,5170,10687
202204,경부선,병점,13928,13636,27564
202204,경부선,서동탄,1088,1156,2244
202204,경부선,서울역,9068,2357,11425
202204,경부선,서정리,7805,6254,14059
202204,경부선,석수,7470,7048,14518
202204,경부선,성균관대,12229,11773,24002
202204,경부선,성환,3504,3152,6656
202204,경부선,세류,2791,2858,5649
202204,경부선,세마,2583,2316,4899
202204,경부선,송탄,5437,4736,10173
202204,경부선,수원,42338,46467,88805
202204,경부선,신길,6606,5444,12050
202204,경부선,신도림,3273,3696,6969
202204,경부선,안양,19925,19863,39788
202204,경부선,영등포,43261,45304,88565
202204,경부선,오산,10542,9615,20157
202204,경부선,오산대,3456,3125,6581
202204,경부선,용산,38822,41566,80388
202204,경부선,의왕,6761,6541,13302
202204,경부선,직산,792,733,1525
202204,경부선,진위,1243,1064,2307
202204,경부선,천안,7428,7547,14975
202204,경부선,평택,15517,14697,30214
202204,경부선,평택지제,3549,3294,6843
202204,경부선,화서,6333,6404,12737
202204,경원선,가능,5612,5323,10935
202204,경원선,광운대,7508,7580,15088
202204,경원선,녹양,3877,3667,7544
202204,경원선,녹천,3571,2966,6537
202204,경원선,덕계,2760,2530,5290
202204,경원선,덕정,5229,4638,9867
202204,경원선,도봉,4890,4588,9478
202204,경원선,도봉산,9808,6805,16613
202204,경원선,동두천,1862,2544,4406
202204,경원선,동두천중앙,3148,3096,6244
202204,경원선,망월사,6090,6151,12241
202204,경원선,방학,8111,7755,15866
202204,경원선,보산,2390,2131,4521
202204,경원선,서빙고,1880,1977,3857
202204,경원선,석계,7207,7990,15197
202204,경원선,소요산,4287,3500,7787
202204,경원선,신이문,6595,6048,12643
202204,경원선,양주,7175,6805,13980
202204,경원선,옥수,50,38,88
202204,경원선,왕십리,13486,15394,28880
202204,경원선,외대앞,7077,6779,13856
202204,경원선,월계,5261,4689,9950
202204,경원선,응봉,1728,1503,3231
202204,경원선,의정부,19785,20867,40652
202204,경원선,이촌,3488,2460,5948
202204,경원선,지행,6104,6165,12269
202204,경원선,청량리,18034,18905,36939
202204,경원선,한남,2880,2980,5860
202204,경원선,회룡,10739,10513,21252
202204,경의선,가좌,4313,4130,8443
202204,경의선,강매,2270,2092,4362
202204,경의선,곡산,475,530,1005
202204,경의선,공덕,2964,2377,5341
202204,경의선,금릉,4327,4182,8509
202204,경의선,금촌,6220,5833,12053
202204,경의선,능곡,3273,3168,6441
202204,경의선,디지털미디어시티,2198,1974,4172
202204,경의선,문산,5099,4797,9896
202204,경의선,백마,5267,4779,10046
202204,경의선,서강대,1834,1773,3607
202204,경의선,서울역,1631,1709,3340
202204,경의선,수색,1575,1588,3163
202204,경의선,신촌,433,479,912
202204,경의선,야당,7089,7111,14200
202204,경의선,운정,5809,5275,11084
202204,경의선,월롱,2261,1783,4044
202204,경의선,일산,7179,6811,13990
202204,경의선,임진강,84,61,145
202204,경의선,탄현,6200,5787,11987
202204,경의선,파주,1013,740,1753
202204,경의선,풍산,4716,4576,9292
202204,경의선,행신,5927,5949,11876
202204,경의선,홍대입구,2373,3081,5454
202204,경의선,화전,1326,1304,2630
202204,경의선,효창공원앞,1886,2001,3887
202204,경인선,간석,4755,4529,9284
202204,경인선,개봉,17425,16665,34090
202204,경인선,구일,6427,6439,12866
202204,경인선,도원,2092,2195,4287
202204,경인선,도화,3313,3080,6393
202204,경인선,동암,13322,13493,26815
202204,경인선,동인천,12900,12766,25666
202204,경인선,백운,6171,5896,12067
202204,경인선,부개,6889,6412,13301
202204,경인선,부천,30907,32208,63115
202204,경인선,부평,31667,35492,67159
202204,경인선,소사,8383,7841,16224
202204,경인선,송내,19976,19440,39416
202204,경인선,역곡,22297,21389,43686
202204,경인선,오류동,9837,8722,18559
202204,경인선,온수,5425,5057,10482
202204,경인선,인천,5595,4803,10398
202204,경인선,제물포,8169,7501,15670
202204,경인선,주안,17831,15488,33319
202204,경인선,중동,7365,6847,14212
202204,경춘선,가평,2740,3161,5901
202204,경춘선,갈매,2198,1817,4015
202204,경춘선,강촌,986,1110,2096
202204,경춘선,굴봉산,328,354,682
202204,경춘선,금곡,1206,1100,2306
202204,경춘선,김유정,635,795,1430
202204,경춘선,남춘천,3483,3527,7010
202204,경춘선,대성리,1679,2557,4236
202204,경춘선,마석,3853,3707,7560
202204,경춘선,백양리,212,205,417
202204,경춘선,별내,2485,2352,4837
202204,경춘선,사릉,1947,1857,3804
202204,경춘선,상천,628,610,1238
202204,경춘선,신내,1367,1331,2698
202204,경춘선,천마산,1565,1490,3055
202204,경춘선,청평,2151,2547,4698
202204,경춘선,춘천,2322,2093,4415
202204,경춘선,퇴계원,2820,2478,5298
202204,경춘선,평내호평,5223,5049,10272
202204,공항철도 1호선,검암,4912,5079,9991
202204,공항철도 1호선,계양,8116,7430,15546
202204,공항철도 1호선,공덕,1744,2830,4574
202204,공항철도 1호선,공항화물청사,1340,1462,2802
202204,공항철도 1호선,김포공항,12169,5921,18090
202204,공항철도 1호선,디지털미디어시티,6181,5795,11976
202204,공항철도 1호선,마곡나루,3707,4075,7782
202204,공항철도 1호선,서울역,8962,9292,18254
202204,공항철도 1호선,영종,3429,3450,6879
202204,공항철도 1호선,운서,7236,7122,14358
202204,공항철도 1호선,인천공항1터미널,5721,5088,10809
202204,공항철도 1호선,인천공항2터미널,2950,2483,5433
202204,공항철도 1호선,청라국제도시,4950,4782,9732
202204,공항철도 1호선,홍대입구,14017,14877,28894
202204,과천선,경마공원,12725,12861,25586
202204,과천선,과천,5513,4881,10394
202204,과천선,대공원,10120,10791,20911
202204,과천선,범계,23063,22943,46006
202204,과천선,선바위,6501,5635,12136
202204,과천선,인덕원,18837,18424,37261
202204,과천선,정부과천청사,7140,6942,14082
202204,과천선,평촌,10328,9865,20193
202204,분당선,가천대,5885,6221,12106
202204,분당선,강남구청,5868,7429,13297
202204,분당선,개포동,2808,2750,5558
202204,분당선,구룡,1628,1421,3049
202204,분당선,구성,3791,3882,7673
202204,분당선,기흥,7567,7046,14613
202204,분당선,대모산입구,3235,2954,6189
202204,분당선,도곡,5174,4487,9661
202204,분당선,망포,10233,9280,19513
202204,분당선,매교,2195,2161,4356
202204,분당선,매탄권선,3940,3648,7588
202204,분당선,모란,16911,17521,34432
202204,분당선,미금,11449,11871,23320
202204,분당선,보정,1792,1654,3446
202204,분당선,상갈,4233,4127,8360
202204,분당선,서울숲,12985,14500,27485
202204,분당선,서현,21214,21556,42770
202204,분당선,선릉,5336,8630,13966
202204,분당선,선정릉,3675,3792,7467
202204,분당선,수내,9291,8742,18033
202204,분당선,수서,11053,11524,22577
202204,분당선,수원,8541,6961,15502
202204,분당선,수원시청,11748,13919,25667
202204,분당선,신갈,3097,3090,6187
202204,분당선,압구정로데오,20418,24204,44622
202204,분당선,야탑,19792,20733,40525
202204,분당선,영통,7365,7152,14517
202204,분당선,오리,8413,6889,15302
202204,분당선,이매,4749,4483,9232
202204,분당선,정자,11399,11698,23097
202204,분당선,죽전,11284,12469,23753
202204,분당선,청명,3026,2944,5970
202204,분당선,태평,11403,10543,21946
202204,분당선,한티,11274,11062,22336
202204,수인선,고색,2815,2807,5622
202204,수인선,남동인더스파크,1043,1014,2057
202204,수인선,달월,73,81,154
202204,수인선,사리,4183,3316,7499
202204,수인선,소래포구,7049,7118,14167
202204,수인선,송도,2179,2031,4210
202204,수인선,숭의,3021,2690,5711
202204,수인선,신포,1585,1660,3245
202204,수인선,야목,290,256,546
202204,수인선,어천,854,780,1634
202204,수인선,연수,4404,4424,8828
202204,수인선,오목천,2526,2042,4568
202204,수인선,원인재,4088,4250,8338
202204,수인선,월곶,2388,2202,4590
202204,수인선,인천,1511,2609,4120
202204,수인선,인천논현,4628,4939,9567
202204,수인선,인하대,5108,4653,9761
202204,수인선,호구포,2834,2724,5558
202204,안산선,고잔,7490,7592,15082
202204,안산선,대야미,4839,4056,8895
202204,안산선,반월,3783,3463,7246
202204,안산선,산본,14611,15087,29698
202204,안산선,상록수,13954,13776,27730
202204,안산선,수리산,5089,5561,10650
202204,안산선,신길온천,1661,1643,3304
202204,안산선,안산,10391,10570,20961
202204,안산선,오이도,8844,8815,17659
202204,안산선,정왕,7482,7351,14833
202204,안산선,중앙,18302,19164,37466
202204,안산선,초지,3979,3864,7843
202204,안산선,한대앞,8411,8052,16463
202204,우이신설선,4.19민주묘지,2636,2242,4878
202204,우이신설선,가오리,3136,2965,6101
202204,우이신설선,보문,1318,1287,2605
202204,우이신설선,북한산보국문,5496,4841,10337
202204,우이신설선,북한산우이,4118,4134,8252
202204,우이신설선,삼양,1620,1707,3327
202204,우이신설선,삼양사거리,1974,1982,3956
202204,우이신설선,성신여대입구,3002,3658,6660
202204,우이신설선,솔밭공원,1985,1861,3846
202204,우이신설선,솔샘,4391,3939,8330
202204,우이신설선,신설동,1596,1483,3079
202204,우이신설선,정릉,4005,3387,7392
202204,우이신설선,화계,2683,2543,5226
202204,일산선,대곡,1578,1330,2908
202204,일산선,대화,9089,8106,17195
202204,일산선,마두,5476,5599,11075
202204,일산선,백석,8007,8070,16077
202204,일산선,삼송,16441,15660,32101
202204,일산선,원당,9302,8766,18068
202204,일산선,원흥,8360,7693,16053
202204,일산선,정발산,8128,8648,16776
202204,일산선,주엽,7514,7225,14739
202204,일산선,화정,14438,14898,29336
202204,장항선,배방,1319,1194,2513
202204,장항선,봉명,842,790,1632
202204,장항선,신창,1562,1325,2887
202204,장항선,쌍용,1812,1625,3437
202204,장항선,아산,3577,3558,7135
202204,장항선,온양온천,4355,4376,8731
202204,장항선,탕정,731,641,1372
202204,중앙선,구리,11973,12246,24219
202204,중앙선,국수,785,815,1600
202204,중앙선,덕소,4997,5053,10050
202204,중앙선,도농,8108,7599,15707
202204,중앙선,도심,1888,1633,3521
202204,중앙선,망우,7311,7169,14480
202204,중앙선,상봉,5402,5515,10917
202204,중앙선,신원,368,295,663
202204,중앙선,아신,790,846,1636
202204,중앙선,양수,2650,2603,5253
202204,중앙선,양원,2084,2144,4228
202204,중앙선,양정,731,620,1351
202204,중앙선,양평,3245,3457,6702
202204,중앙선,오빈,397,440,837
202204,중앙선,용문,4923,5206,10129
202204,중앙선,운길산,1677,1681,3358
202204,중앙선,원덕,551,618,1169
202204,중앙선,중랑,4859,4739,9598
202204,중앙선,지평,79,124,203
202204,중앙선,팔당,1919,1980,3899
202204,중앙선,회기,23117,22273,45390
202205,1호선,동대문,11285,11749,23034
202205,1호선,동묘앞,13992,14031,28023
202205,1호선,서울역,33748,31073,64821
202205,1호선,시청,11326,13055,24381
202205,1호선,신설동,8608,8342,16950
202205,1호선,제기동,10935,11681,22616
202205,1호선,종각,22191,18166,40357
202205,1호선,종로3가,18239,15697,33936
202205,1호선,종로5가,11811,11456,23267
202205,1호선,청량리,14302,14335,28637
202205,2호선,강남,38056,36569,74625
202205,2호선,강변,25218,24368,49586
202205,2호선,건대입구,32888,32321,65209
202205,2호선,교대,11226,12308,23534
202205,2호선,구로디지털단지,25245,24996,50241
202205,2호선,구의,11969,12184,24153
202205,2호선,낙성대,16991,17918,34909
202205,2호선,당산,10135,10929,21064
202205,2호선,대림,16075,16562,32637
202205,2호선,도림천,530,548,1078
202205,2호선,동대문역사문화공원,8885,10719,19604
202205,2호선,뚝섬,13633,13276,26909
202205,2호선,문래,8620,9271,17891
202205,2호선,방배,7403,7821,15224
202205,2호선,봉천,13111,12513,25624
202205,2호선,사당,23673,26878,50551
202205,2호선,삼성,22187,20965,43152
202205,2호선,상왕십리,7491,7567,15058
202205,2호선,서울대입구,29371,30564,59935
202205,2호선,서초,12452,11427,23879
202205,2호선,선릉,14314,12418,26732
202205,2호선,성수,17823,19830,37653
202205,2호선,시청,8286,8128,16414
202205,2호선,신답,924,922,1846
202205,2호선,신당,8932,9826,18758
202205,2호선,신대방,16780,16841,33621
202205,2호선,신도림,29504,30452,59956
202205,2호선,신림,39818,39446,79264
202205,2호선,신설동,3641,3695,7336
202205,2호선,신정네거리,5692,5821,11513
202205,2호선,신촌,24449,23858,48307
202205,2호선,아현,5790,5714,11504
202205,2호선,양천구청,3443,3644,7087
202205,2호선,역삼,11585,12514,24099
202205,2호선,영등포구청,8742,9211,17953
202205,2호선,왕십리,10572,9477,20049
202205,2호선,용답,1874,1975,3849
202205,2호선,용두,1248,1258,2506
202205,2호선,을지로3가,10792,9993,20785
202205,2호선,을지로4가,4273,4282,8555
202205,2호선,을지로입구,19913,17846,37759
202205,2호선,이대,7937,8693,16630
202205,2호선,잠실,59365,54817,114182
202205,2호선,잠실나루,5616,5764,11380
202205,2호선,잠실새내,13427,13507,26934
202205,2호선,종합운동장,15061,16734,31795
202205,2호선,충정로,4212,4460,8672
202205,2호선,한양대,2762,3300,6062
202205,2호선,합정,23125,24575,47700
202205,2호선,홍대입구,57854,55945,113799
202205,3호선,가락시장,3999,4214,8213
202205,3호선,경복궁,20437,18453,38890
202205,3호선,경찰병원,2820,2818,5638
202205,3호선,고속터미널,47617,44736,92353
202205,3호선,교대,4768,2924,7692
202205,3호선,구파발,12738,13222,25960
202205,3호선,금호,4479,4416,8895
202205,3호선,남부터미널,15448,16573,32021
202205,3호선,녹번,7901,7461,15362
202205,3호선,대청,4333,4342,8675
202205,3호선,대치,5049,4747,9796
202205,3호선,도곡,2136,2240,4376
202205,3호선,독립문,5123,5830,10953
202205,3호선,동대입구,5524,6136,11660
202205,3호선,매봉,4346,4303,8649
202205,3호선,무악재,2170,2397,4567
202205,3호선,불광,10896,12777,23673
202205,3호선,수서,11219,11239,22458
202205,3호선,신사,16157,15508,31665
202205,3호선,안국,18204,18370,36574
202205,3호선,압구정,14505,15139,29644
202205,3호선,약수,7383,7336,14719
202205,3호선,양재,14818,17187,32005
202205,3호선,연신내,23088,22117,45205
202205,3호선,오금,2800,2851,5651
202205,3호선,옥수,5509,5794,11303
202205,3호선,을지로3가,4440,3908,8348
202205,3호선,일원,3556,3880,7436
202205,3호선,잠원,2535,2506,5041
202205,3호선,종로3가,5137,6200,11337
202205,3호선,지축,2740,2499,5239
202205,3호선,학여울,2449,2760,5209
202205,3호선,홍제,10596,10123,20719
202205,4호선,길음,11648,11932,23580
202205,4호선,남태령,878,597,1475
202205,4호선,노원,13184,14315,27499
202205,4호선,당고개,6778,6498,13276
202205,4호선,동대문,8493,8856,17349
202205,4호선,동대문역사문화공원,10264,9268,19532
202205,4호선,동작,1382,1501,2883
202205,4호선,명동,14068,13984,28052
202205,4호선,미아,8631,8354,16985
202205,4호선,미아사거리,17990,17381,35371
202205,4호선,사당,17727,16043,33770
202205,4호선,삼각지,3213,4060,7273
202205,4호선,상계,13599,13167,26766
202205,4호선,서울역,5352,12778,18130
202205,4호선,성신여대입구,14037,13643,27680
202205,4호선,수유,21663,21251,42914
202205,4호선,숙대입구,8517,8285,16802
202205,4호선,신용산,9475,9450,18925
202205,4호선,쌍문,17301,15690,32991
202205,4호선,이촌,6502,7206,13708
202205,4호선,창동,16357,17204,33561
202205,4호선,총신대입구,11295,12224,23519
202205,4호선,충무로,10308,10313,20621
202205,4호선,한성대입구,8890,8988,17878
202205,4호선,혜화,25500,25925,51425
202205,4호선,회현,10438,10632,21070
202205,5호선,강동,9504,9435,18939
202205,5호선,강일,2256,2264,4520
202205,5호선,개롱,3205,3421,6626
202205,5호선,개화산,2936,3031,5967
202205,5호선,거여,4944,4747,9691
202205,5호선,고덕,4539,4547,9086
202205,5호선,공덕,4955,5004,9959
202205,5호선,광나루,8317,8147,16464
202205,5호선,광화문,16313,14172,30485
202205,5호선,군자,6623,7316,13939
202205,5호선,굽은다리,5627,5450,11077
202205,5호선,길동,4479,4419,8898
202205,5호선,김포공항,7698,7343,15041
202205,5호선,까치산,16647,16104,32751
202205,5호선,답십리,8073,7326,15399
202205,5호선,동대문역사문화공원,726,880,1606
202205,5호선,둔촌동,4995,4937,9932
202205,5호선,마곡,3839,3947,7786
202205,5호선,마장,3106,2951,6057
202205,5호선,마천,3898,4310,8208
202205,5호선,마포,5157,5161,10318
202205,5호선,명일,5221,5450,10671
202205,5호선,목동,8236,8591,16827
202205,5호선,미사,9649,9680,19329
202205,5호선,발산,10120,10761,20881
202205,5호선,방이,4068,3896,7964
202205,5호선,방화,3942,3878,7820
202205,5호선,상일동,7096,6938,14034
202205,5호선,서대문,6022,5664,11686
202205,5호선,송정,4043,4033,8076
202205,5호선,신금호,3151,3461,6612
202205,5호선,신길,2105,2367,4472
202205,5호선,신정,6878,6222,13100
202205,5호선,아차산,12728,12454,25182
202205,5호선,애오개,2816,3054,5870
202205,5호선,양평,2845,2873,5718
202205,5호선,여의나루,19551,21538,41089
202205,5호선,여의도,9768,9626,19394
202205,5호선,영등포구청,1478,1542,3020
202205,5호선,영등포시장,5808,6159,11967
202205,5호선,오금,1736,1716,3452
202205,5호선,오목교,11546,11845,23391
202205,5호선,올림픽공원,3297,3144,6441
202205,5호선,왕십리,2832,3242,6074
202205,5호선,우장산,7110,7347,14457
202205,5호선,을지로4가,2010,2068,4078
202205,5호선,장한평,8338,8266,16604
202205,5호선,종로3가,11019,9990,21009
202205,5호선,천호,14385,13378,27763
202205,5호선,청구,2116,1908,4024
202205,5호선,충정로,1613,1531,3144
202205,5호선,하남검단산,5203,5018,10221
202205,5호선,하남시청,4354,4336,8690
202205,5호선,하남풍산,2165,2261,4426
202205,5호선,행당,4222,3904,8126
202205,5호선,화곡,15111,14421,29532
202205,6호선,고려대,4395,4507,8902
202205,6호선,공덕,7489,7027,14516
202205,6호선,광흥창,4403,4281,8684
202205,6호선,구산,3998,3061,7059
202205,6호선,녹사평,4980,4960,9940
202205,6호선,대흥,4175,4357,8532
202205,6호선,독바위,1596,1972,3568
202205,6호선,돌곶이,5745,5471,11216
202205,6호선,동묘앞,6989,6883,13872
202205,6호선,디지털미디어시티,5678,6085,11763
202205,6호선,마포구청,7472,6688,14160
202205,6호선,망원,10964,11741,22705
202205,6호선,버티고개,1220,1303,2523
202205,6호선,보문,4487,4434,8921
202205,6호선,봉화산,4214,4181,8395
202205,6호선,불광,3264,2897,6161
202205,6호선,삼각지,4529,3418,7947
202205,6호선,상수,7162,7745,14907
202205,6호선,상월곡,3545,3290,6835
202205,6호선,새절,6777,6715,13492
202205,6호선,석계,6927,7179,14106
202205,6호선,신내,1,0,1
202205,6호선,신당,5042,5344,10386
202205,6호선,안암,5593,6607,12200
202205,6호선,약수,1909,2015,3924
202205,6호선,역촌,2091,2434,4525
202205,6호선,연신내,2,0,2
202205,6호선,월곡,5896,5997,11893
202205,6호선,월드컵경기장,4139,4210,8349
202205,6호선,응암,10003,10349,20352
202205,6호선,이태원,14759,11603,26362
202205,6호선,증산,5918,6177,12095
202205,6호선,창신,1735,1630,3365
202205,6호선,청구,1914,1889,3803
202205,6호선,태릉입구,3504,3830,7334
202205,6호선,한강진,7413,8782,16195
202205,6호선,합정,10453,9471,19924
202205,6호선,화랑대,5603,5148,10751
202205,6호선,효창공원앞,3636,3373,7009
202205,7호선,가산디지털단지,11663,10814,22477
202205,7호선,강남구청,5743,6228,11971
202205,7호선,건대입구,8779,9771,18550
202205,7호선,고속터미널,15699,9196,24895
202205,7호선,공릉,6956,7484,14440
202205,7호선,광명사거리,13293,13140,26433
202205,7호선,군자,8500,6577,15077
202205,7호선,남구로,7045,6716,13761
202205,7호선,남성,5648,5667,11315
202205,7호선,내방,5225,5643,10868
202205,7호선,노원,11739,11981,23720
202205,7호선,논현,6231,6672,12903
202205,7호선,대림,8173,7352,15525
202205,7호선,도봉산,5977,8518,14495
202205,7호선,뚝섬유원지,13968,13809,27777
202205,7호선,마들,6486,5993,12479
202205,7호선,먹골,5773,5598,11371
202205,7호선,면목,8375,8161,16536
202205,7호선,반포,3245,3260,6505
202205,7호선,보라매,4652,4792,9444
202205,7호선,사가정,9658,9481,19139
202205,7호선,상도,5645,6010,11655
202205,7호선,상봉,10391,9622,20013
202205,7호선,수락산,8756,8651,17407
202205,7호선,숭실대입구,6017,6753,12770
202205,7호선,신대방삼거리,8552,8417,16969
202205,7호선,신풍,6573,6373,12946
202205,7호선,어린이대공원,10108,10436,20544
202205,7호선,온수,4124,4319,8443
202205,7호선,용마산,3577,4011,7588
202205,7호선,이수,8745,8339,17084
202205,7호선,장승배기,4600,4650,9250
202205,7호선,장암,1677,1088,2765
202205,7호선,중계,7254,6794,14048
202205,7호선,중곡,5557,5447,11004
202205,7호선,중화,6039,5829,11868
202205,7호선,천왕,5250,5073,10323
202205,7호선,철산,11251,11206,22457
202205,7호선,청담,7166,7677,14843
202205,7호선,태릉입구,5346,5194,10540
202205,7호선,하계,9954,9804,19758
202205,7호선,학동,6056,6316,12372
202205,8호선,가락시장,3370,4176,7546
202205,8호선,강동구청,4719,4979,9698
202205,8호선,남위례,2544,2583,5127
202205,8호선,남한산성입구,7112,6916,14028
202205,8호선,단대오거리,5900,5764,11664
202205,8호선,모란,2971,2429,5400
202205,8호선,몽촌토성,3865,3766,7631
202205,8호선,문정,5602,5966,11568
202205,8호선,복정,5132,4863,9995
202205,8호선,산성,3424,3580,7004
202205,8호선,석촌,4368,5529,9897
202205,8호선,송파,4212,4352,8564
202205,8호선,수진,3209,2937,6146
202205,8호선,신흥,2692,3033,5725
202205,8호선,암사,9599,9113,18712
202205,8호선,잠실,10802,12451,23253
202205,8호선,장지,9723,9796,19519
202205,8호선,천호,9280,10601,19881
202205,9호선,가양,10898,10933,21831
202205,9호선,개화,1288,1141,2429
202205,9호선,고속터미널,12979,18275,31254
202205,9호선,공항시장,1862,2014,3876
202205,9호선,구반포,453,467,920
202205,9호선,국회의사당,5260,4762,10022
202205,9호선,김포공항,7687,11819,19506
202205,9호선,노들,3026,2808,5834
202205,9호선,노량진,16085,16910,32995
202205,9호선,당산,10093,9701,19794
202205,9호선,동작,1633,1370,3003
202205,9호선,등촌,5316,5486,10802
202205,9호선,마곡나루,6460,6452,12912
202205,9호선,사평,1713,1765,3478
202205,9호선,샛강,2069,1922,3991
202205,9호선,선유도,3321,3387,6708
202205,9호선,신논현,17982,16476,34458
202205,9호선,신목동,1978,1748,3726
202205,9호선,신반포,2335,2590,4925
202205,9호선,신방화,3576,3563,7139
202205,9호선,양천향교,4349,4596,8945
202205,9호선,여의도,10992,9752,20744
202205,9호선,염창,9212,9223,18435
202205,9호선,증미,2966,2935,5901
202205,9호선,흑석,4503,4868,9371
202205,9호선2~3단계,둔촌오륜,527,553,1080
202205,9호선2~3단계,봉은사,9250,9270,18520
202205,9호선2~3단계,삼성중앙,2139,2241,4380
202205,9호선2~3단계,삼전,3739,3749,7488
202205,9호선2~3단계,석촌,5258,4567,9825
202205,9호선2~3단계,석촌고분,3502,3401,6903
202205,9호선2~3단계,선정릉,3199,3672,6871
202205,9호선2~3단계,송파나루,3694,3903,7597
202205,9호선2~3단계,언주,4064,3985,8049
202205,9호선2~3단계,올림픽공원,9811,9880,19691
202205,9호선2~3단계,종합운동장,3785,3219,7004
202205,9호선2~3단계,중앙보훈병원,3742,3522,7264
202205,9호선2~3단계,한성백제,1539,1477,3016
202205,경강선,경기광주,4471,4336,8807
202205,경강선,곤지암,1728,1847,3575
202205,경강선,부발,1653,2357,4010
202205,경강선,삼동,1196,1171,2367
202205,경강선,세종대왕릉,371,327,698
202205,경강선,신둔도예촌,1057,1101,2158
202205,경강선,여주,2519,2474,4993
202205,경강선,이매,793,521,1314
202205,경강선,이천,2350,2557,4907
202205,경강선,초월,1740,1747,3487
202205,경강선,판교,2733,2551,5284
202205,경부선,가산디지털단지,5362,7168,12530
202205,경부선,관악,5734,5372,11106
202205,경부선,광명,3037,2179,5216
202205,경부선,구로,10372,10467,20839
202205,경부선,군포,3320,3137,6457
202205,경부선,금정,16083,16527,32610
202205,경부선,금천구청,6832,6862,13694
202205,경부선,남영,4823,5147,9970
202205,경부선,노량진,6587,6544,13131
202205,경부선,당정,3431,3373,6804
202205,경부선,대방,6707,7013,13720
202205,경부선,독산,6885,6890,13775
202205,경부선,두정,5020,6567,11587
202205,경부선,명학,3446,3524,6970
202205,경부선,병점,10592,11359,21951
202205,경부선,서동탄,916,906,1822
202205,경부선,서울역,9183,2158,11341
202205,경부선,서정리,4929,7070,11999
202205,경부선,석수,5939,5700,11639
202205,경부선,성균관대,8694,9678,18372
202205,경부선,성환,2800,3708,6508
202205,경부선,세류,2369,2241,4610
202205,경부선,세마,1992,1852,3844
202205,경부선,송탄,3932,4903,8835
202205,경부선,수원,40396,38732,79128
202205,경부선,신길,5207,4663,9870
202205,경부선,신도림,2488,2622,5110
202205,경부선,안양,14992,14407,29399
202205,경부선,영등포,35422,34223,69645
202205,경부선,오산,8614,9060,17674
202205,경부선,오산대,2723,2665,5388
202205,경부선,용산,35900,32868,68768
202205,경부선,의왕,4891,4922,9813
202205,경부선,직산,677,722,1399
202205,경부선,진위,996,978,1974
202205,경부선,천안,7104,7490,14594
202205,경부선,평택,13451,14020,27471
202205,경부선,평택지제,2856,2738,5594
202205,경부선,화서,4686,4969,9655
202205,경원선,가능,4453,4200,8653
202205,경원선,광운대,4430,4817,9247
202205,경원선,녹양,3028,2911,5939
202205,경원선,녹천,2687,2333,5020
202205,경원선,덕계,2173,2064,4237
202205,경원선,덕정,3745,3967,7712
202205,경원선,도봉,3777,3614,7391
202205,경원선,도봉산,9927,7165,17092
202205,경원선,동두천,1502,2064,3566
202205,경원선,동두천중앙,2412,2318,4730
202205,경원선,망월사,4975,5202,10177
202205,경원선,방학,6529,6369,12898
202205,경원선,보산,1748,1729,3477
202205,경원선,서빙고,1729,1820,3549
202205,경원선,석계,5482,6074,11556
202205,경원선,소요산,4848,4025,8873
202205,경원선,신이문,5128,4932,10060
202205,경원선,양주,5736,5847,11583
202205,경원선,옥수,63,41,104
202205,경원선,왕십리,10308,11919,22227
202205,경원선,외대앞,5241,5385,10626
202205,경원선,월계,4134,3869,8003
202205,경원선,응봉,1309,1249,2558
202205,경원선,의정부,15738,15866,31604
202205,경원선,이촌,2838,2020,4858
202205,경원선,지행,5138,5021,10159
202205,경원선,청량리,15465,14908,30373
202205,경원선,한남,2030,2025,4055
202205,경원선,회룡,8344,8335,16679
202205,경의선,가좌,3030,2964,5994
202205,경의선,강매,1731,1670,3401
202205,경의선,곡산,382,333,715
202205,경의선,공덕,1963,1586,3549
202205,경의선,금릉,3372,3190,6562
202205,경의선,금촌,5092,5415,10507
202205,경의선,능곡,2452,2510,4962
202205,경의선,디지털미디어시티,1536,1524,3060
202205,경의선,문산,4010,4065,8075
202205,경의선,백마,3916,3810,7726
202205,경의선,서강대,1368,1436,2804
202205,경의선,서울역,1396,1189,2585
202205,경의선,수색,956,1056,2012
202205,경의선,신촌,311,336,647
202205,경의선,야당,5457,5370,10827
202205,경의선,운정,4135,3938,8073
202205,경의선,월롱,1186,2406,3592
202205,경의선,일산,5401,5045,10446
202205,경의선,임진강,84,73,157
202205,경의선,탄현,4665,4261,8926
202205,경의선,파주,780,684,1464
202205,경의선,풍산,3892,3580,7472
202205,경의선,행신,5112,4672,9784
202205,경의선,홍대입구,1817,2346,4163
202205,경의선,화전,980,1130,2110
202205,경의선,효창공원앞,1441,1680,3121
202205,경인선,간석,3415,3303,6718
202205,경인선,개봉,12540,12423,24963
202205,경인선,구일,4757,4886,9643
202205,경인선,도원,1702,1788,3490
202205,경인선,도화,2526,2328,4854
202205,경인선,동암,10375,10062,20437
202205,경인선,동인천,10571,10202,20773
202205,경인선,백운,4283,4337,8620
202205,경인선,부개,5121,4862,9983
202205,경인선,부천,24307,23799,48106
202205,경인선,부평,24916,24990,49906
202205,경인선,소사,6416,6121,12537
202205,경인선,송내,14501,14053,28554
202205,경인선,역곡,15974,16146,32120
202205,경인선,오류동,7576,7194,14770
202205,경인선,온수,4138,3904,8042
202205,경인선,인천,5152,4346,9498
202205,경인선,제물포,5892,5813,11705
202205,경인선,주안,12553,11430,23983
202205,경인선,중동,5435,5162,10597
202205,경춘선,가평,2836,1934,4770
202205,경춘선,갈매,1622,1391,3013
202205,경춘선,강촌,1175,745,1920
202205,경춘선,굴봉산,374,353,727
202205,경춘선,금곡,1029,1060,2089
202205,경춘선,김유정,613,611,1224
202205,경춘선,남춘천,2847,3637,6484
202205,경춘선,대성리,2399,717,3116
202205,경춘선,마석,3122,3040,6162
202205,경춘선,백양리,212,210,422
202205,경춘선,별내,1916,1782,3698
202205,경춘선,사릉,1559,1507,3066
202205,경춘선,상천,743,621,1364
202205,경춘선,신내,1141,1108,2249
202205,경춘선,천마산,1305,1291,2596
202205,경춘선,청평,2536,1675,4211
202205,경춘선,춘천,2418,1974,4392
202205,경춘선,퇴계원,2310,2111,4421
202205,경춘선,평내호평,3917,3751,7668
202205,공항철도 1호선,검암,3853,3937,7790
202205,공항철도 1호선,계양,5904,5595,11499
202205,공항철도 1호선,공덕,1264,1793,3057
202205,공항철도 1호선,공항화물청사,1066,1116,2182
202205,공항철도 1호선,김포공항,12119,5854,17973
202205,공항철도 1호선,디지털미디어시티,3902,3941,7843
202205,공항철도 1호선,마곡나루,2700,3098,5798
202205,공항철도 1호선,서울역,8982,8743,17725
202205,공항철도 1호선,영종,2915,2862,5777
202205,공항철도 1호선,운서,5698,6058,11756
202205,공항철도 1호선,인천공항1터미널,5684,4892,10576
202205,공항철도 1호선,인천공항2터미널,2632,2183,4815
202205,공항철도 1호선,청라국제도시,3639,3521,7160
202205,공항철도 1호선,홍대입구,11641,10604,22245
202205,과천선,경마공원,16079,16490,32569
202205,과천선,과천,4067,3804,7871
202205,과천선,대공원,8539,8649,17188
202205,과천선,범계,16701,16227,32928
202205,과천선,선바위,4783,4229,9012
202205,과천선,인덕원,14145,14028,28173
202205,과천선,정부과천청사,5108,5115,10223
202205,과천선,평촌,6640,6495,13135
202205,분당선,가천대,4344,5367,9711
202205,분당선,강남구청,3310,4058,7368
202205,분당선,개포동,1972,2092,4064
202205,분당선,구룡,855,996,1851
202205,분당선,구성,2733,2918,5651
202205,분당선,기흥,5569,5228,10797
202205,분당선,대모산입구,2142,2014,4156
202205,분당선,도곡,2953,2888,5841
202205,분당선,망포,7082,7292,14374
202205,분당선,매교,1614,1732,3346
202205,분당선,매탄권선,2782,2671,5453
202205,분당선,모란,12218,12715,24933
202205,분당선,미금,7788,8362,16150
202205,분당선,보정,1274,1288,2562
202205,분당선,상갈,3194,3338,6532
202205,분당선,서울숲,10105,10537,20642
202205,분당선,서현,16001,15898,31899
202205,분당선,선릉,3042,4714,7756
202205,분당선,선정릉,2214,2271,4485
202205,분당선,수내,6295,6017,12312
202205,분당선,수서,9053,8626,17679
202205,분당선,수원,7821,5467,13288
202205,분당선,수원시청,8426,8248,16674
202205,분당선,신갈,2135,2212,4347
202205,분당선,압구정로데오,11300,12209,23509
202205,분당선,야탑,15097,15400,30497
202205,분당선,영통,5712,5728,11440
202205,분당선,오리,5694,4922,10616
202205,분당선,이매,3684,3733,7417
202205,분당선,정자,7826,8243,16069
202205,분당선,죽전,8558,9881,18439
202205,분당선,청명,2175,2330,4505
202205,분당선,태평,8681,8296,16977
202205,분당선,한티,7401,7549,14950
202205,수인선,고색,1849,2129,3978
202205,수인선,남동인더스파크,626,608,1234
202205,수인선,달월,67,64,131
202205,수인선,사리,3222,2692,5914
202205,수인선,소래포구,6217,6040,12257
202205,수인선,송도,1766,1733,3499
202205,수인선,숭의,2153,1967,4120
202205,수인선,신포,1238,1248,2486
202205,수인선,야목,248,205,453
202205,수인선,어천,640,744,1384
202205,수인선,연수,3518,3421,6939
202205,수인선,오목천,1713,1751,3464
202205,수인선,원인재,3146,3398,6544
202205,수인선,월곶,1931,1811,3742
202205,수인선,인천,1470,2104,3574
202205,수인선,인천논현,3236,3369,6605
202205,수인선,인하대,3570,3613,7183
202205,수인선,호구포,2162,2227,4389
202205,안산선,고잔,5366,5049,10415
202205,안산선,대야미,3698,3197,6895
202205,안산선,반월,2999,2876,5875
202205,안산선,산본,10901,11109,22010
202205,안산선,상록수,10516,10543,21059
202205,안산선,수리산,4528,5347,9875
202205,안산선,신길온천,1352,1262,2614
202205,안산선,안산,10531,9936,20467
202205,안산선,오이도,6860,6659,13519
202205,안산선,정왕,5986,6491,12477
202205,안산선,중앙,13825,13649,27474
202205,안산선,초지,2824,2856,5680
202205,안산선,한대앞,5947,6395,12342
202205,우이신설선,4.19민주묘지,2175,1988,4163
202205,우이신설선,가오리,2514,2416,4930
202205,우이신설선,보문,1142,1162,2304
202205,우이신설선,북한산보국문,4247,3923,8170
202205,우이신설선,북한산우이,4717,4551,9268
202205,우이신설선,삼양,1343,1403,2746
202205,우이신설선,삼양사거리,1658,1566,3224
202205,우이신설선,성신여대입구,2433,2793,5226
202205,우이신설선,솔밭공원,1608,1557,3165
202205,우이신설선,솔샘,3104,2970,6074
202205,우이신설선,신설동,1328,1324,2652
202205,우이신설선,정릉,3216,2714,5930
202205,우이신설선,화계,2368,2249,4617
202205,일산선,대곡,1178,994,2172
202205,일산선,대화,6619,6133,12752
202205,일산선,마두,3922,3857,7779
202205,일산선,백석,5896,5853,11749
202205,일산선,삼송,12604,12381,24985
202205,일산선,원당,6901,6582,13483
202205,일산선,원흥,6162,5968,12130
202205,일산선,정발산,7001,7098,14099
202205,일산선,주엽,5089,5103,10192
202205,일산선,화정,10635,10953,21588
202205,장항선,배방,926,1173,2099
202205,장항선,봉명,664,686,1350
202205,장항선,신창,1186,2390,3576
202205,장항선,쌍용,1266,1584,2850
202205,장항선,아산,4576,2920,7496
202205,장항선,온양온천,4017,3859,7876
202205,장항선,탕정,521,660,1181
202205,중앙선,구리,8781,9003,17784
202205,중앙선,국수,760,667,1427
202205,중앙선,덕소,3958,4128,8086
202205,중앙선,도농,5935,5793,11728
202205,중앙선,도심,1453,1281,2734
202205,중앙선,망우,5355,5612,10967
202205,중앙선,상봉,4177,4491,8668
202205,중앙선,신원,438,246,684
202205,중앙선,아신,749,574,1323
202205,중앙선,양수,2485,2194,4679
202205,중앙선,양원,1632,1626,3258
202205,중앙선,양정,629,521,1150
202205,중앙선,양평,2576,2238,4814
202205,중앙선,오빈,339,285,624
202205,중앙선,용문,2790,2234,5024
202205,중앙선,운길산,1723,1604,3327
202205,중앙선,원덕,550,445,995
202205,중앙선,중랑,3828,3729,7557
202205,중앙선,지평,79,76,155
202205,중앙선,팔당,1609,1652,3261
202205,중앙선,회기,17189,17429,34618
202205,1호선,동대문,10668,10409,21077
202205,1호선,동묘앞,11443,11870,23313
202205,1호선,서울역,37322,37087,74409
202205,1호선,시청,13259,13092,26351
202205,1호선,신설동,9699,9026,18725
202205,1호선,제기동,14485,14791,29276
202205,1호선,종각,19990,18946,38936
202205,1호선,종로3가,22356,20529,42885
202205,1호선,종로5가,18447,18694,37141
202205,1호선,청량리,18539,18491,37030
202205,2호선,강남,57070,58990,116060
202205,2호선,강변,28928,30839,59767
202205,2호선,건대입구,37014,39982,76996
202205,2호선,교대,16653,18776,35429
202205,2호선,구로디지털단지,32793,31876,64669
202205,2호선,구의,16247,15020,31267
202205,2호선,낙성대,20670,18609,39279
202205,2호선,당산,12528,13376,25904
202205,2호선,대림,18147,19180,37327
202205,2호선,도림천,722,746,1468
202205,2호선,동대문역사문화공원,10865,12416,23281
202205,2호선,뚝섬,15353,15790,31143
202205,2호선,문래,12198,12961,25159
202205,2호선,방배,9807,9770,19577
202205,2호선,봉천,16664,14695,31359
202205,2호선,사당,29462,33549,63011
202205,2호선,삼성,28175,27943,56118
202205,2호선,상왕십리,9779,9010,18789
202205,2호선,서울대입구,36785,34517,71302
202205,2호선,서초,10722,8914,19636
202205,2호선,선릉,22728,19809,42537
202205,2호선,성수,19939,23264,43203
202205,2호선,시청,9888,8260,18148
202205,2호선,신답,1144,1093,2237
202205,2호선,신당,11038,11820,22858
202205,2호선,신대방,20645,18916,39561
202205,2호선,신도림,37903,38690,76593
202205,2호선,신림,50317,46971,97288
202205,2호선,신설동,3397,3328,6725
202205,2호선,신정네거리,7664,7597,15261
202205,2호선,신촌,30657,30367,61024
202205,2호선,아현,7471,6886,14357
202205,2호선,양천구청,4629,4479,9108
202205,2호선,역삼,16674,18103,34777
202205,2호선,영등포구청,11804,12269,24073
202205,2호선,왕십리,13375,11525,24900
202205,2호선,용답,2412,2077,4489
202205,2호선,용두,1653,1654,3307
202205,2호선,을지로3가,11631,11975,23606
202205,2호선,을지로4가,7292,7530,14822
202205,2호선,을지로입구,22403,22251,44654
202205,2호선,이대,10383,10373,20756
202205,2호선,잠실,68485,65849,134334
202205,2호선,잠실나루,7754,7515,15269
202205,2호선,잠실새내,17046,17276,34322
202205,2호선,종합운동장,9987,10817,20804
202205,2호선,충정로,5358,5670,11028
202205,2호선,한양대,5002,5131,10133
202205,2호선,합정,27383,31237,58620
202205,2호선,홍대입구,67876,76048,143924
202205,3호선,가락시장,5794,5566,11360
202205,3호선,경복궁,20163,19714,39877
202205,3호선,경찰병원,3797,3705,7502
202205,3호선,고속터미널,55663,58892,114555
202205,3호선,교대,7016,4281,11297
202205,3호선,구파발,16036,16292,32328
202205,3호선,금호,5961,5303,11264
202205,3호선,남부터미널,20771,21840,42611
202205,3호선,녹번,10509,9063,19572
202205,3호선,대청,5819,5178,10997
202205,3호선,대치,9268,8434,17702
202205,3호선,도곡,3240,3279,6519
202205,3호선,독립문,6244,6702,12946
202205,3호선,동대입구,6272,7135,13407
202205,3호선,매봉,6186,6043,12229
202205,3호선,무악재,2693,2779,5472
202205,3호선,불광,12715,14312,27027
202205,3호선,수서,13435,13522,26957
202205,3호선,신사,24718,26107,50825
202205,3호선,안국,18655,19956,38611
202205,3호선,압구정,23482,25017,48499
202205,3호선,약수,9090,8398,17488
202205,3호선,양재,19869,21929,41798
202205,3호선,연신내,29514,27789,57303
202205,3호선,오금,3720,3580,7300
202205,3호선,옥수,6986,7131,14117
202205,3호선,을지로3가,5388,5785,11173
202205,3호선,일원,5061,4913,9974
202205,3호선,잠원,3491,3144,6635
202205,3호선,종로3가,5894,8632,14526
202205,3호선,지축,3424,3118,6542
202205,3호선,충무로,3,0,3
202205,3호선,학여울,2671,2852,5523
202205,3호선,홍제,13517,12571,26088
202205,4호선,길음,14903,13859,28762
202205,4호선,남태령,1391,839,2230
202205,4호선,노원,16472,18853,35325
202205,4호선,당고개,7586,7077,14663
202205,4호선,동대문,13781,13881,27662
202205,4호선,동대문역사문화공원,11901,10301,22202
202205,4호선,동작,1633,1832,3465
202205,4호선,명동,15399,17104,32503
202205,4호선,미아,11153,10337,21490
202205,4호선,미아사거리,22771,21707,44478
202205,4호선,사당,21579,18722,40301
202205,4호선,삼각지,3536,4706,8242
202205,4호선,상계,15151,13948,29099
202205,4호선,서울역,5887,15318,21205
202205,4호선,성신여대입구,17030,15850,32880
202205,4호선,수유,27160,26903,54063
202205,4호선,숙대입구,9709,9560,19269
202205,4호선,신용산,11887,12935,24822
202205,4호선,쌍문,22151,19860,42011
202205,4호선,이촌,9366,10257,19623
202205,4호선,창동,20263,21510,41773
202205,4호선,총신대입구,14216,15701,29917
202205,4호선,충무로,13022,14025,27047
202205,4호선,한성대입구,11487,11128,22615
202205,4호선,혜화,29111,29893,59004
202205,4호선,회현,19144,19896,39040
202205,5호선,강동,12439,11527,23966
202205,5호선,강일,3333,2965,6298
202205,5호선,개롱,4081,4205,8286
202205,5호선,개화산,3818,3552,7370
202205,5호선,거여,6372,6051,12423
202205,5호선,고덕,6626,6369,12995
202205,5호선,공덕,6768,6934,13702
202205,5호선,광나루,10466,9736,20202
202205,5호선,광화문,17041,17825,34866
202205,5호선,군자,8115,9040,17155
202205,5호선,굽은다리,7764,7265,15029
202205,5호선,길동,5940,5961,11901
202205,5호선,김포공항,7775,8216,15991
202205,5호선,까치산,21370,19753,41123
202205,5호선,답십리,10137,9064,19201
202205,5호선,동대문역사문화공원,980,1224,2204
202205,5호선,둔촌동,6120,5982,12102
202205,5호선,마곡,5480,5501,10981
202205,5호선,마장,3837,3583,7420
202205,5호선,마천,4876,4916,9792
202205,5호선,마포,7444,7574,15018
202205,5호선,명일,6131,5954,12085
202205,5호선,목동,11161,11338,22499
202205,5호선,미사,12294,12238,24532
202205,5호선,발산,14014,15018,29032
202205,5호선,방이,5096,5046,10142
202205,5호선,방화,4947,4732,9679
202205,5호선,상일동,9309,8353,17662
202205,5호선,서대문,7258,6984,14242
202205,5호선,송정,5261,4820,10081
202205,5호선,신금호,4068,4237,8305
202205,5호선,신길,2580,2547,5127
202205,5호선,신정,9087,7684,16771
202205,5호선,아차산,13480,13114,26594
202205,5호선,애오개,3589,3481,7070
202205,5호선,양평,3572,3287,6859
202205,5호선,여의나루,23027,24963,47990
202205,5호선,여의도,11659,12407,24066
202205,5호선,영등포구청,1992,1866,3858
202205,5호선,영등포시장,7667,7906,15573
202205,5호선,오금,2195,2014,4209
202205,5호선,오목교,15964,16926,32890
202205,5호선,올림픽공원,3204,2783,5987
202205,5호선,왕십리,3374,4133,7507
202205,5호선,우장산,9766,9579,19345
202205,5호선,을지로4가,3258,3707,6965
202205,5호선,장한평,10841,10433,21274
202205,5호선,종로3가,12728,12967,25695
202205,5호선,천호,17225,16440,33665
202205,5호선,청구,2532,2279,4811
202205,5호선,충정로,1885,1720,3605
202205,5호선,하남검단산,5516,5437,10953
202205,5호선,하남시청,5593,5387,10980
202205,5호선,하남풍산,2830,2803,5633
202205,5호선,행당,5411,4673,10084
202205,5호선,화곡,20772,18656,39428
202205,6호선,고려대,5600,5270,10870
202205,6호선,공덕,9827,9070,18897
202205,6호선,광흥창,5201,4698,9899
202205,6호선,구산,5531,4052,9583
202205,6호선,녹사평,5313,5978,11291
202205,6호선,대흥,5446,5414,10860
202205,6호선,독바위,2109,2239,4348
202205,6호선,돌곶이,6253,5701,11954
202205,6호선,동묘앞,7685,7314,14999
202205,6호선,디지털미디어시티,7544,7566,15110
202205,6호선,마포구청,9423,7952,17375
202205,6호선,망원,12914,14232,27146
202205,6호선,버티고개,1430,1482,2912
202205,6호선,보문,5398,4604,10002
202205,6호선,봉화산,5567,5506,11073
202205,6호선,불광,3856,3548,7404
202205,6호선,삼각지,5592,4070,9662
202205,6호선,상수,8378,10274,18652
202205,6호선,상월곡,4212,3580,7792
202205,6호선,새절,9017,8470,17487
202205,6호선,석계,8992,8914,17906
202205,6호선,신당,6441,5765,12206
202205,6호선,안암,7208,6480,13688
202205,6호선,약수,2452,2508,4960
202205,6호선,역촌,2534,2851,5385
202205,6호선,연신내,1,0,1
202205,6호선,월곡,7586,7061,14647
202205,6호선,월드컵경기장,4748,5064,9812
202205,6호선,응암,13153,12703,25856
202205,6호선,이태원,14475,19446,33921
202205,6호선,증산,7623,7192,14815
202205,6호선,창신,2098,1744,3842
202205,6호선,청구,2309,2325,4634
202205,6호선,태릉입구,4583,4997,9580
202205,6호선,한강진,7659,9997,17656
202205,6호선,합정,12347,11847,24194
202205,6호선,화랑대,7293,5797,13090
202205,6호선,효창공원앞,4614,4049,8663
202205,7호선,가산디지털단지,14462,13037,27499
202205,7호선,강남구청,9950,10895,20845
202205,7호선,건대입구,11188,12094,23282
202205,7호선,고속터미널,16852,12313,29165
202205,7호선,공릉,9385,8928,18313
202205,7호선,광명사거리,16971,16846,33817
202205,7호선,군자,11046,8192,19238
202205,7호선,남구로,8428,8746,17174
202205,7호선,남성,7851,7063,14914
202205,7호선,내방,7730,7797,15527
202205,7호선,노원,16331,17305,33636
202205,7호선,논현,10705,11862,22567
202205,7호선,대림,7359,7891,15250
202205,7호선,도봉산,6856,9023,15879
202205,7호선,뚝섬유원지,16006,15419,31425
202205,7호선,마들,8855,8140,16995
202205,7호선,먹골,8052,7527,15579
202205,7호선,면목,11245,10591,21836
202205,7호선,반포,4707,4470,9177
202205,7호선,보라매,6634,6273,12907
202205,7호선,사가정,12340,12019,24359
202205,7호선,상도,7767,6961,14728
202205,7호선,상동,1,0,1
202205,7호선,상봉,13673,12931,26604
202205,7호선,수락산,10288,9836,20124
202205,7호선,숭실대입구,9202,8565,17767
202205,7호선,신대방삼거리,11806,10630,22436
202205,7호선,신중동,1,0,1
202205,7호선,신풍,8077,7595,15672
202205,7호선,어린이대공원,11251,10903,22154
202205,7호선,온수,5676,5617,11293
202205,7호선,용마산,4984,4934,9918
202205,7호선,이수,12271,11313,23584
202205,7호선,장승배기,6510,6005,12515
202205,7호선,장암,1659,1082,2741
202205,7호선,중계,9738,8705,18443
202205,7호선,중곡,7191,6509,13700
202205,7호선,중화,8449,7780,16229
202205,7호선,천왕,6866,6457,13323
202205,7호선,철산,14793,15256,30049
202205,7호선,청담,11009,11706,22715
202205,7호선,태릉입구,7178,6729,13907
202205,7호선,하계,13356,12232,25588
202205,7호선,학동,10719,11291,22010
202205,8호선,가락시장,5306,5434,10740
202205,8호선,강동구청,5930,5895,11825
202205,8호선,남위례,3404,3416,6820
202205,8호선,남한산성입구,9323,8303,17626
202205,8호선,단대오거리,7703,7238,14941
202205,8호선,모란,3615,3198,6813
202205,8호선,몽촌토성,4312,4153,8465
202205,8호선,문정,7978,7954,15932
202205,8호선,복정,6294,5219,11513
202205,8호선,산성,4127,4184,8311
202205,8호선,석촌,5707,7041,12748
202205,8호선,송파,5754,5456,11210
202205,8호선,수진,4381,3762,8143
202205,8호선,신흥,3470,3714,7184
202205,8호선,암사,12691,11614,24305
202205,8호선,잠실,12525,15407,27932
202205,8호선,장지,11979,10879,22858
202205,8호선,천호,11703,13804,25507
202205,9호선,가양,13807,13000,26807
202205,9호선,개화,1556,1343,2899
202205,9호선,고속터미널,15704,22561,38265
202205,9호선,공항시장,2303,2353,4656
202205,9호선,구반포,1199,1240,2439
202205,9호선,국회의사당,4828,4740,9568
202205,9호선,김포공항,7815,12003,19818
202205,9호선,노들,3553,2862,6415
202205,9호선,노량진,21459,20243,41702
202205,9호선,당산,12285,11559,23844
202205,9호선,동작,1928,1563,3491
202205,9호선,등촌,7151,6712,13863
202205,9호선,마곡나루,8040,8069,16109
202205,9호선,사평,2262,2003,4265
202205,9호선,샛강,2789,2642,5431
202205,9호선,선유도,4170,3903,8073
202205,9호선,신논현,25403,24974,50377
202205,9호선,신목동,2572,2126,4698
202205,9호선,신반포,3143,3232,6375
202205,9호선,신방화,4649,4406,9055
202205,9호선,양천향교,5836,5411,11247
202205,9호선,여의도,12625,12225,24850
202205,9호선,염창,12090,10902,22992
202205,9호선,증미,4086,3816,7902
202205,9호선,흑석,6341,6101,12442
202205,9호선2~3단계,둔촌오륜,687,642,1329
202205,9호선2~3단계,봉은사,11848,12451,24299
202205,9호선2~3단계,삼성중앙,3041,3092,6133
202205,9호선2~3단계,삼전,4830,4366,9196
202205,9호선2~3단계,석촌,6687,5668,12355
202205,9호선2~3단계,석촌고분,4322,3988,8310
202205,9호선2~3단계,선정릉,4631,4966,9597
202205,9호선2~3단계,송파나루,3880,4187,8067
202205,9호선2~3단계,언주,5909,5768,11677
202205,9호선2~3단계,올림픽공원,5078,5157,10235
202205,9호선2~3단계,종합운동장,2997,2801,5798
202205,9호선2~3단계,중앙보훈병원,4895,4592,9487
202205,9호선2~3단계,한성백제,1792,1587,3379
202205,경강선,경기광주,5766,5516,11282
202205,경강선,곤지암,2059,2198,4257
202205,경강선,부발,2082,1794,3876
202205,경강선,삼동,1508,1375,2883
202205,경강선,세종대왕릉,349,401,750
202205,경강선,신둔도예촌,1249,1254,2503
202205,경강선,여주,2653,3025,5678
202205,경강선,이매,877,673,1550
202205,경강선,이천,3021,3273,6294
202205,경강선,초월,2335,2122,4457
202205,경강선,판교,3332,3283,6615
202205,경부선,가산디지털단지,6395,8497,14892
202205,경부선,관악,6040,5759,11799
202205,경부선,광명,3337,2722,6059
202205,경부선,구로,12923,13569,26492
202205,경부선,군포,4356,3886,8242
202205,경부선,금정,19290,19272,38562
202205,경부선,금천구청,8601,8592,17193
202205,경부선,남영,6276,6039,12315
202205,경부선,노량진,8696,7954,16650
202205,경부선,당정,4209,4036,8245
202205,경부선,대방,8403,8237,16640
202205,경부선,독산,9178,8679,17857
202205,경부선,두정,5815,5823,11638
202205,경부선,명학,4945,4682,9627
202205,경부선,병점,12625,12646,25271
202205,경부선,서동탄,984,1024,2008
202205,경부선,서울역,9801,2244,12045
202205,경부선,서정리,7391,6258,13649
202205,경부선,석수,6745,6234,12979
202205,경부선,성균관대,11180,10819,21999
202205,경부선,성환,3277,3110,6387
202205,경부선,세류,2572,2598,5170
202205,경부선,세마,2367,2172,4539
202205,경부선,송탄,5288,4704,9992
202205,경부선,수원,40750,43547,84297
202205,경부선,신길,6316,5326,11642
202205,경부선,신도림,2930,3140,6070
202205,경부선,안양,18193,18310,36503
202205,경부선,영등포,41085,42599,83684
202205,경부선,오산,9793,9430,19223
202205,경부선,오산대,3158,2805,5963
202205,경부선,용산,41957,44319,86276
202205,경부선,의왕,6424,6121,12545
202205,경부선,직산,716,778,1494
202205,경부선,진위,1118,979,2097
202205,경부선,천안,7164,7366,14530
202205,경부선,평택,14734,14483,29217
202205,경부선,평택지제,3309,3002,6311
202205,경부선,화서,5657,5756,11413
202205,경원선,가능,5600,5158,10758
202205,경원선,광운대,6663,6598,13261
202205,경원선,녹양,3878,3697,7575
202205,경원선,녹천,3435,2839,6274
202205,경원선,덕계,2680,2437,5117
202205,경원선,덕정,4900,4532,9432
202205,경원선,도봉,4538,4237,8775
202205,경원선,도봉산,8716,6355,15071
202205,경원선,동두천,1709,2241,3950
202205,경원선,동두천중앙,2830,2833,5663
202205,경원선,망월사,6334,6335,12669
202205,경원선,방학,7933,7680,15613
202205,경원선,보산,2045,2016,4061
202205,경원선,서빙고,1861,1834,3695
202205,경원선,석계,6797,7339,14136
202205,경원선,소요산,3999,3431,7430
202205,경원선,신이문,6411,5865,12276
202205,경원선,양주,6983,6681,13664
202205,경원선,옥수,43,46,89
202205,경원선,왕십리,13360,14725,28085
202205,경원선,외대앞,6674,6172,12846
202205,경원선,월계,5294,4848,10142
202205,경원선,응봉,1551,1334,2885
202205,경원선,의정부,18835,20549,39384
202205,경원선,이촌,3348,2321,5669
202205,경원선,지행,6222,6454,12676
202205,경원선,청량리,17441,18144,35585
202205,경원선,한남,2953,2825,5778
202205,경원선,회룡,10135,10049,20184
202205,경의선,가좌,4085,3821,7906
202205,경의선,강매,2120,2004,4124
202205,경의선,곡산,399,436,835
202205,경의선,공덕,2649,2068,4717
202205,경의선,금릉,4136,4102,8238
202205,경의선,금촌,5915,5868,11783
202205,경의선,능곡,2983,2819,5802
202205,경의선,디지털미디어시티,2117,1880,3997
202205,경의선,문산,5226,5188,10414
202205,경의선,백마,4726,4504,9230
202205,경의선,서강대,1885,1846,3731
202205,경의선,서울역,1608,1619,3227
202205,경의선,수색,1495,1514,3009
202205,경의선,신촌,421,413,834
202205,경의선,야당,6520,6748,13268
202205,경의선,운정,5165,4799,9964
202205,경의선,월롱,1803,1546,3349
202205,경의선,일산,6618,6490,13108
202205,경의선,임진강,61,63,124
202205,경의선,탄현,5708,5463,11171
202205,경의선,파주,900,755,1655
202205,경의선,풍산,4601,4422,9023
202205,경의선,행신,6004,5879,11883
202205,경의선,홍대입구,2105,2747,4852
202205,경의선,화전,1223,1116,2339
202205,경의선,효창공원앞,1739,1918,3657
202205,경인선,간석,4563,4280,8843
202205,경인선,개봉,16802,16215,33017
202205,경인선,구일,7456,7316,14772
202205,경인선,도원,2349,2374,4723
202205,경인선,도화,3371,3037,6408
202205,경인선,동암,12322,12724,25046
202205,경인선,동인천,12305,12326,24631
202205,경인선,백운,5672,5406,11078
202205,경인선,부개,6658,6153,12811
202205,경인선,부천,28864,30395,59259
202205,경인선,부평,29268,33434,62702
202205,경인선,소사,7609,7244,14853
202205,경인선,송내,18229,18167,36396
202205,경인선,역곡,20740,20403,41143
202205,경인선,오류동,9389,8268,17657
202205,경인선,온수,5094,4794,9888
202205,경인선,인천,5475,4571,10046
202205,경인선,제물포,7844,7337,15181
202205,경인선,주안,17268,15099,32367
202205,경인선,중동,6962,6528,13490
202205,경춘선,가평,2562,2831,5393
202205,경춘선,갈매,2139,1844,3983
202205,경춘선,강촌,857,852,1709
202205,경춘선,굴봉산,214,240,454
202205,경춘선,금곡,1151,1136,2287
202205,경춘선,김유정,628,735,1363
202205,경춘선,남춘천,3935,4091,8026
202205,경춘선,대성리,2604,2862,5466
202205,경춘선,마석,3716,3663,7379
202205,경춘선,백양리,161,163,324
202205,경춘선,별내,2539,2260,4799
202205,경춘선,사릉,1857,1880,3737
202205,경춘선,상천,430,565,995
202205,경춘선,신내,1372,1286,2658
202205,경춘선,천마산,1413,1453,2866
202205,경춘선,청평,2125,2494,4619
202205,경춘선,춘천,2437,2169,4606
202205,경춘선,퇴계원,2722,2502,5224
202205,경춘선,평내호평,5033,4900,9933
202205,공항철도 1호선,검암,4715,4897,9612
202205,공항철도 1호선,계양,7613,7258,14871
202205,공항철도 1호선,공덕,1606,2418,4024
202205,공항철도 1호선,공항화물청사,1257,1350,2607
202205,공항철도 1호선,김포공항,10800,5805,16605
202205,공항철도 1호선,디지털미디어시티,5498,5229,10727
202205,공항철도 1호선,마곡나루,3487,3839,7326
202205,공항철도 1호선,서울역,9881,9520,19401
202205,공항철도 1호선,영종,3364,3310,6674
202205,공항철도 1호선,운서,6664,6681,13345
202205,공항철도 1호선,인천공항1터미널,5468,5151,10619
202205,공항철도 1호선,인천공항2터미널,2845,2535,5380
202205,공항철도 1호선,청라국제도시,4627,4497,9124
202205,공항철도 1호선,홍대입구,13502,12814,26316
202205,과천선,경마공원,12510,12731,25241
202205,과천선,과천,4947,4409,9356
202205,과천선,대공원,7505,7678,15183
202205,과천선,범계,21069,21078,42147
202205,과천선,선바위,5527,4823,10350
202205,과천선,인덕원,17062,16675,33737
202205,과천선,정부과천청사,6301,6230,12531
202205,과천선,평촌,8967,8739,17706
202205,분당선,가천대,5688,5775,11463
202205,분당선,강남구청,5464,6520,11984
202205,분당선,개포동,2688,2584,5272
202205,분당선,구룡,1388,1243,2631
202205,분당선,구성,3438,3517,6955
202205,분당선,기흥,6722,6492,13214
202205,분당선,대모산입구,3299,3010,6309
202205,분당선,도곡,4621,4215,8836
202205,분당선,망포,8881,8076,16957
202205,분당선,매교,2083,2041,4124
202205,분당선,매탄권선,3618,3375,6993
202205,분당선,모란,15941,16181,32122
202205,분당선,미금,10555,11167,21722
202205,분당선,보정,1743,1542,3285
202205,분당선,복정,1,0,1
202205,분당선,상갈,3951,3916,7867
202205,분당선,서울숲,10942,11578,22520
202205,분당선,서현,18981,19415,38396
202205,분당선,선릉,4849,7312,12161
202205,분당선,선정릉,3243,3269,6512
202205,분당선,수내,8845,8402,17247
202205,분당선,수서,10592,10639,21231
202205,분당선,수원,7691,6567,14258
202205,분당선,수원시청,10626,12108,22734
202205,분당선,신갈,2811,2804,5615
202205,분당선,압구정로데오,17347,20627,37974
202205,분당선,야탑,17832,18741,36573
202205,분당선,영통,6871,6537,13408
202205,분당선,오리,7801,6563,14364
202205,분당선,이매,4221,4171,8392
202205,분당선,정자,11321,11693,23014
202205,분당선,죽전,10463,11669,22132
202205,분당선,청명,2686,2682,5368
202205,분당선,태평,10984,10098,21082
202205,분당선,한티,12201,11616,23817
202205,수인선,고색,2831,2858,5689
202205,수인선,남동인더스파크,875,868,1743
202205,수인선,달월,80,79,159
202205,수인선,사리,3801,3192,6993
202205,수인선,소래포구,5761,5848,11609
202205,수인선,송도,2100,2088,4188
202205,수인선,숭의,2832,2552,5384
202205,수인선,신포,1481,1539,3020
202205,수인선,야목,326,261,587
202205,수인선,어천,853,679,1532
202205,수인선,연수,4182,4283,8465
202205,수인선,오목천,2369,1988,4357
202205,수인선,원인재,3832,3834,7666
202205,수인선,월곶,2124,1989,4113
202205,수인선,인천,1400,2314,3714
202205,수인선,인천논현,4315,4483,8798
202205,수인선,인하대,4789,4288,9077
202205,수인선,호구포,2521,2388,4909
202205,안산선,고잔,7167,7379,14546
202205,안산선,대야미,4107,3556,7663
202205,안산선,반월,3591,3352,6943
202205,안산선,산본,12870,13873,26743
202205,안산선,상록수,13165,12914,26079
202205,안산선,수리산,3239,2884,6123
202205,안산선,신길온천,1617,1561,3178
202205,안산선,안산,10225,10831,21056
202205,안산선,오이도,8275,8304,16579
202205,안산선,정왕,7329,7090,14419
202205,안산선,중앙,16831,18346,35177
202205,안산선,초지,3689,3711,7400
202205,안산선,한대앞,7588,7453,15041
202205,우이신설선,4.19민주묘지,2503,2173,4676
202205,우이신설선,가오리,3114,3080,6194
202205,우이신설선,보문,1158,1150,2308
202205,우이신설선,북한산보국문,5099,4227,9326
202205,우이신설선,북한산우이,4303,4501,8804
202205,우이신설선,삼양,1491,1533,3024
202205,우이신설선,삼양사거리,2060,1969,4029
202205,우이신설선,성신여대입구,2791,3352,6143
202205,우이신설선,솔밭공원,1921,1746,3667
202205,우이신설선,솔샘,3998,3497,7495
202205,우이신설선,신설동,1504,1416,2920
202205,우이신설선,정릉,3851,3044,6895
202205,우이신설선,화계,2688,2449,5137
202205,일산선,대곡,1556,1292,2848
202205,일산선,대화,10329,9400,19729
202205,일산선,마두,5193,5127,10320
202205,일산선,백석,7625,7650,15275
202205,일산선,삼송,15177,14563,29740
202205,일산선,원당,8868,8375,17243
202205,일산선,원흥,7558,7023,14581
202205,일산선,정발산,7575,8141,15716
202205,일산선,주엽,6613,6765,13378
202205,일산선,화정,13288,13765,27053
202205,장항선,배방,1136,1118,2254
202205,장항선,봉명,864,748,1612
202205,장항선,신창,1416,1333,2749
202205,장항선,쌍용,1815,1615,3430
202205,장항선,아산,3872,3300,7172
202205,장항선,온양온천,4026,4343,8369
202205,장항선,탕정,711,628,1339
202205,중앙선,구리,10698,10988,21686
202205,중앙선,국수,709,811,1520
202205,중앙선,덕소,4749,4816,9565
202205,중앙선,도농,7499,7240,14739
202205,중앙선,도심,1671,1390,3061
202205,중앙선,망우,6930,6817,13747
202205,중앙선,상봉,5505,5278,10783
202205,중앙선,신원,383,279,662
202205,중앙선,아신,716,731,1447
202205,중앙선,양수,2401,2407,4808
202205,중앙선,양원,1922,1791,3713
202205,중앙선,양정,606,498,1104
202205,중앙선,양평,3032,3364,6396
202205,중앙선,오빈,345,370,715
202205,중앙선,용문,2363,2843,5206
202205,중앙선,운길산,1322,1283,2605
202205,중앙선,원덕,470,531,1001
202205,중앙선,중랑,4682,4400,9082
202205,중앙선,지평,61,88,149
202205,중앙선,팔당,1467,1686,3153
202205,중앙선,회기,21063,18971,40034
202205,1호선,동대문,9705,10234,19939
202205,1호선,동묘앞,11574,11629,23203
202205,1호선,서울역,33122,28886,62008
202205,1호선,시청,7616,6914,14530
202205,1호선,신설동,7568,7834,15402
202205,1호선,제기동,9702,10671,20373
202205,1호선,종각,17657,16482,34139
202205,1호선,종로3가,13367,11781,25148
202205,1호선,종로5가,9185,8771,17956
202205,1호선,청량리,13031,13063,26094
202205,2호선,강남,30625,29556,60181
202205,2호선,강변,28016,23394,51410
202205,2호선,건대입구,26088,27120,53208
202205,2호선,교대,9751,11066,20817
202205,2호선,구로디지털단지,23076,23436,46512
202205,2호선,구의,11268,11932,23200
202205,2호선,낙성대,15137,17215,32352
202205,2호선,당산,8246,8916,17162
202205,2호선,대림,15645,16014,31659
202205,2호선,도림천,435,487,922
202205,2호선,동대문역사문화공원,7342,8694,16036
202205,2호선,뚝섬,9213,9532,18745
202205,2호선,문래,6883,7382,14265
202205,2호선,방배,6614,7169,13783
202205,2호선,봉천,12183,12698,24881
202205,2호선,사당,20289,22860,43149
202205,2호선,삼성,21134,19157,40291
202205,2호선,상왕십리,6997,7290,14287
202205,2호선,서울대입구,25723,28229,53952
202205,2호선,서초,11373,10362,21735
202205,2호선,선릉,12118,10529,22647
202205,2호선,성수,12913,14057,26970
202205,2호선,시청,5368,4275,9643
202205,2호선,신답,747,843,1590
202205,2호선,신당,7960,8860,16820
202205,2호선,신대방,16102,16474,32576
202205,2호선,신도림,27114,27952,55066
202205,2호선,신림,36601,38308,74909
202205,2호선,신설동,3074,3243,6317
202205,2호선,신정네거리,5326,5569,10895
202205,2호선,신촌,21169,20673,41842
202205,2호선,아현,5311,5517,10828
202205,2호선,양천구청,3297,3547,6844
202205,2호선,역삼,10715,11747,22462
202205,2호선,영등포구청,6749,7170,13919
202205,2호선,왕십리,8967,8185,17152
202205,2호선,용답,1782,1977,3759
202205,2호선,용두,1042,1053,2095
202205,2호선,을지로3가,7790,7233,15023
202205,2호선,을지로4가,3159,3073,6232
202205,2호선,을지로입구,15415,14304,29719
202205,2호선,이대,6957,8166,15123
202205,2호선,잠실,48619,44639,93258
202205,2호선,잠실나루,5154,5331,10485
202205,2호선,잠실새내,10864,11201,22065
202205,2호선,종합운동장,11423,11977,23400
202205,2호선,충정로,3286,3614,6900
202205,2호선,한양대,2387,2958,5345
202205,2호선,합정,18370,19601,37971
202205,2호선,홍대입구,46577,45177,91754
202205,3호선,가락시장,3532,3891,7423
202205,3호선,경복궁,12774,12763,25537
202205,3호선,경찰병원,2745,2951,5696
202205,3호선,고속터미널,53797,43248,97045
202205,3호선,교대,4067,2638,6705
202205,3호선,구파발,13513,13924,27437
202205,3호선,금호,4263,4255,8518
202205,3호선,남부터미널,16815,16267,33082
202205,3호선,녹번,7521,7040,14561
202205,3호선,대청,4102,4197,8299
202205,3호선,대치,6112,5530,11642
202205,3호선,도곡,1806,1945,3751
202205,3호선,독립문,4614,5108,9722
202205,3호선,동대입구,4853,5413,10266
202205,3호선,매봉,4146,4125,8271
202205,3호선,무악재,2055,2379,4434
202205,3호선,불광,9963,11413,21376
202205,3호선,수서,11529,10553,22082
202205,3호선,신사,12482,12592,25074
202205,3호선,안국,13735,14988,28723
202205,3호선,압구정,13050,13705,26755
202205,3호선,약수,6862,6833,13695
202205,3호선,양재,13475,16295,29770
202205,3호선,연신내,22421,21279,43700
202205,3호선,오금,2717,2769,5486
202205,3호선,옥수,5288,5561,10849
202205,3호선,을지로3가,3105,2895,6000
202205,3호선,일원,3574,3856,7430
202205,3호선,잠원,2244,2262,4506
202205,3호선,종로3가,4056,4887,8943
202205,3호선,지축,2552,2307,4859
202205,3호선,학여울,1972,2114,4086
202205,3호선,홍제,9916,9806,19722
202205,4호선,길음,11182,11463,22645
202205,4호선,남태령,994,686,1680
202205,4호선,노원,12784,13525,26309
202205,4호선,당고개,7868,7764,15632
202205,4호선,동대문,6652,7457,14109
202205,4호선,동대문역사문화공원,8820,7820,16640
202205,4호선,동작,1071,1153,2224
202205,4호선,명동,11116,10928,22044
202205,4호선,미아,8513,7997,16510
202205,4호선,미아사거리,16874,16160,33034
202205,4호선,사당,15379,14210,29589
202205,4호선,삼각지,2684,3491,6175
202205,4호선,상계,11521,10870,22391
202205,4호선,서울역,4455,11432,15887
202205,4호선,성신여대입구,13212,13233,26445
202205,4호선,수유,21524,21266,42790
202205,4호선,숙대입구,7522,7355,14877
202205,4호선,신용산,9140,8844,17984
202205,4호선,쌍문,16806,15408,32214
202205,4호선,이촌,5579,6235,11814
202205,4호선,창동,15548,15964,31512
202205,4호선,총신대입구,10205,11074,21279
202205,4호선,충무로,7925,8903,16828
202205,4호선,한성대입구,10092,10497,20589
202205,4호선,혜화,21430,22375,43805
202205,4호선,회현,8740,8707,17447
202205,5호선,강동,8448,8623,17071
202205,5호선,강일,2198,2169,4367
202205,5호선,개롱,2816,3154,5970
202205,5호선,개화산,2785,2912,5697
202205,5호선,거여,4623,4562,9185
202205,5호선,고덕,4188,4219,8407
202205,5호선,공덕,4180,4294,8474
202205,5호선,광나루,7724,7654,15378
202205,5호선,광화문,11034,11029,22063
202205,5호선,군자,5963,6675,12638
202205,5호선,굽은다리,5565,5393,10958
202205,5호선,길동,4109,4236,8345
202205,5호선,김포공항,7702,7125,14827
202205,5호선,까치산,16078,16222,32300
202205,5호선,답십리,7416,7140,14556
202205,5호선,동대문역사문화공원,654,782,1436
202205,5호선,둔촌동,4453,4638,9091
202205,5호선,마곡,3559,3893,7452
202205,5호선,마장,3058,2996,6054
202205,5호선,마천,3913,4057,7970
202205,5호선,마포,4907,5048,9955
202205,5호선,명일,4970,5098,10068
202205,5호선,목동,7670,7952,15622
202205,5호선,미사,8663,8937,17600
202205,5호선,발산,9127,9782,18909
202205,5호선,방이,3718,3699,7417
202205,5호선,방화,4147,4303,8450
202205,5호선,상일동,6509,6590,13099
202205,5호선,서대문,5144,5198,10342
202205,5호선,송정,3845,3871,7716
202205,5호선,신금호,3052,3378,6430
202205,5호선,신길,1696,2161,3857
202205,5호선,신정,6496,6173,12669
202205,5호선,아차산,11670,11556,23226
202205,5호선,애오개,2573,2864,5437
202205,5호선,양평,2437,2728,5165
202205,5호선,여의나루,10362,11952,22314
202205,5호선,여의도,8091,7871,15962
202205,5호선,영등포구청,1329,1251,2580
202205,5호선,영등포시장,4929,5386,10315
202205,5호선,오금,1642,1555,3197
202205,5호선,오목교,10976,11533,22509
202205,5호선,올림픽공원,2187,1886,4073
202205,5호선,왕십리,2363,2852,5215
202205,5호선,우장산,7026,7301,14327
202205,5호선,을지로4가,1423,1558,2981
202205,5호선,장한평,7499,7679,15178
202205,5호선,종로3가,8621,7431,16052
202205,5호선,천호,12337,11953,24290
202205,5호선,청구,1919,1694,3613
202205,5호선,충정로,1459,1522,2981
202205,5호선,하남검단산,4583,4428,9011
202205,5호선,하남시청,4083,3920,8003
202205,5호선,하남풍산,2301,2242,4543
202205,5호선,행당,4088,3768,7856
202205,5호선,화곡,14383,13953,28336
202205,6호선,고려대,3986,4259,8245
202205,6호선,공덕,6370,6372,12742
202205,6호선,광흥창,4231,4131,8362
202205,6호선,구산,3936,3235,7171
202205,6호선,녹사평,3720,3485,7205
202205,6호선,대흥,3757,4034,7791
202205,6호선,독바위,1595,1906,3501
202205,6호선,돌곶이,5688,5428,11116
202205,6호선,동묘앞,5955,5946,11901
202205,6호선,디지털미디어시티,5477,5754,11231
202205,6호선,마포구청,7026,6650,13676
202205,6호선,망원,9047,9907,18954
202205,6호선,버티고개,1035,1208,2243
202205,6호선,보문,4495,4685,9180
202205,6호선,봉화산,4024,4019,8043
202205,6호선,불광,3131,2749,5880
202205,6호선,삼각지,3848,2875,6723
202205,6호선,상수,5976,6451,12427
202205,6호선,상월곡,3332,3118,6450
202205,6호선,새절,6690,6702,13392
202205,6호선,석계,6557,6944,13501
202205,6호선,신당,4421,5061,9482
202205,6호선,안암,4894,6122,11016
202205,6호선,약수,1735,1791,3526
202205,6호선,역촌,1976,2370,4346
202205,6호선,월곡,5491,5590,11081
202205,6호선,월드컵경기장,7613,7529,15142
202205,6호선,응암,9464,9823,19287
202205,6호선,이태원,11557,8803,20360
202205,6호선,증산,5440,5786,11226
202205,6호선,창신,1730,1544,3274
202205,6호선,청구,1700,1726,3426
202205,6호선,태릉입구,3425,3895,7320
202205,6호선,한강진,5319,6035,11354
202205,6호선,합정,8640,8000,16640
202205,6호선,화랑대,5446,4946,10392
202205,6호선,효창공원앞,3440,3150,6590
202205,7호선,가산디지털단지,10205,9793,19998
202205,7호선,강남구청,4866,5370,10236
202205,7호선,건대입구,7647,8521,16168
202205,7호선,고속터미널,19482,8335,27817
202205,7호선,공릉,6454,7051,13505
202205,7호선,광명사거리,12594,12582,25176
202205,7호선,군자,7634,6520,14154
202205,7호선,남구로,7094,7043,14137
202205,7호선,남성,5602,5816,11418
202205,7호선,내방,5032,5379,10411
202205,7호선,노원,11617,11677,23294
202205,7호선,논현,5500,6052,11552
202205,7호선,대림,7772,7232,15004
202205,7호선,도봉산,5982,8135,14117
202205,7호선,뚝섬유원지,7766,7741,15507
202205,7호선,마들,6268,6055,12323
202205,7호선,먹골,5599,5614,11213
202205,7호선,면목,8066,8248,16314
202205,7호선,반포,2957,2859,5816
202205,7호선,보라매,4192,4420,8612
202205,7호선,사가정,9130,9104,18234
202205,7호선,상도,5315,5639,10954
202205,7호선,상봉,9298,8750,18048
202205,7호선,수락산,7898,7924,15822
202205,7호선,숭실대입구,5835,6755,12590
202205,7호선,신대방삼거리,8172,8609,16781
202205,7호선,신풍,6285,6248,12533
202205,7호선,어린이대공원,7239,8199,15438
202205,7호선,온수,4104,4140,8244
202205,7호선,용마산,3814,4032,7846
202205,7호선,이수,7993,7938,15931
202205,7호선,장승배기,4556,4775,9331
202205,7호선,장암,1504,965,2469
202205,7호선,중계,6914,6734,13648
202205,7호선,중곡,5290,5394,10684
202205,7호선,중화,6118,5893,12011
202205,7호선,천왕,5067,4987,10054
202205,7호선,철산,10627,10663,21290
202205,7호선,청담,6834,7367,14201
202205,7호선,태릉입구,5285,5139,10424
202205,7호선,하계,9673,9585,19258
202205,7호선,학동,5751,6015,11766
202205,8호선,가락시장,3032,3826,6858
202205,8호선,강동구청,4560,4762,9322
202205,8호선,남위례,2385,2489,4874
202205,8호선,남한산성입구,6886,6594,13480
202205,8호선,단대오거리,5551,5662,11213
202205,8호선,모란,2509,2181,4690
202205,8호선,몽촌토성,2992,3124,6116
202205,8호선,문정,4844,5418,10262
202205,8호선,복정,4546,4431,8977
202205,8호선,산성,3044,3136,6180
202205,8호선,석촌,4276,5418,9694
202205,8호선,송파,3933,4149,8082
202205,8호선,수진,3021,2864,5885
202205,8호선,신흥,2640,2876,5516
202205,8호선,암사,8861,8611,17472
202205,8호선,잠실,9941,10725,20666
202205,8호선,장지,8983,9059,18042
202205,8호선,천호,8373,9803,18176
202205,9호선,가양,10061,10461,20522
202205,9호선,개화,1161,1099,2260
202205,9호선,고속터미널,13328,16315,29643
202205,9호선,공항시장,1699,1920,3619
202205,9호선,구반포,423,448,871
202205,9호선,국회의사당,4861,4483,9344
202205,9호선,김포공항,8068,11400,19468
202205,9호선,노들,2671,2416,5087
202205,9호선,노량진,14777,15973,30750
202205,9호선,당산,8816,9301,18117
202205,9호선,동작,1760,1471,3231
202205,9호선,등촌,5037,5553,10590
202205,9호선,마곡나루,5361,5537,10898
202205,9호선,사평,1603,1725,3328
202205,9호선,샛강,1765,1709,3474
202205,9호선,선유도,2795,2894,5689
202205,9호선,신논현,14786,13690,28476
202205,9호선,신목동,1927,1787,3714
202205,9호선,신반포,1838,1915,3753
202205,9호선,신방화,3486,3412,6898
202205,9호선,양천향교,4056,4668,8724
202205,9호선,여의도,8759,7893,16652
202205,9호선,염창,8589,8880,17469
202205,9호선,증미,2474,2622,5096
202205,9호선,흑석,4148,4372,8520
202205,9호선2~3단계,둔촌오륜,590,570,1160
202205,9호선2~3단계,봉은사,14411,14880,29291
202205,9호선2~3단계,삼성중앙,1885,2022,3907
202205,9호선2~3단계,삼전,3565,3741,7306
202205,9호선2~3단계,석촌,4729,4347,9076
202205,9호선2~3단계,석촌고분,3201,3265,6466
202205,9호선2~3단계,선정릉,2765,3014,5779
202205,9호선2~3단계,송파나루,3040,3209,6249
202205,9호선2~3단계,언주,3624,3694,7318
202205,9호선2~3단계,올림픽공원,3779,4059,7838
202205,9호선2~3단계,종합운동장,2823,2767,5590
202205,9호선2~3단계,중앙보훈병원,3816,3604,7420
202205,9호선2~3단계,한성백제,1460,1294,2754
202205,경강선,경기광주,4437,4175,8612
202205,경강선,곤지암,1888,1771,3659
202205,경강선,부발,1790,2271,4061
202205,경강선,삼동,1053,1033,2086
202205,경강선,세종대왕릉,407,289,696
202205,경강선,신둔도예촌,1130,1078,2208
202205,경강선,여주,3118,2554,5672
202205,경강선,이매,766,578,1344
202205,경강선,이천,2517,2476,4993
202205,경강선,초월,1870,1763,3633
202205,경강선,판교,2809,2721,5530
202205,경부선,가산디지털단지,4762,7100,11862
202205,경부선,관악,6157,5962,12119
202205,경부선,광명,3278,2079,5357
202205,경부선,구로,10440,10735,21175
202205,경부선,군포,3350,3186,6536
202205,경부선,금정,14569,14996,29565
202205,경부선,금천구청,6511,6542,13053
202205,경부선,남영,4249,4956,9205
202205,경부선,노량진,5892,5958,11850
202205,경부선,당정,3282,3153,6435
202205,경부선,대방,6115,6866,12981
202205,경부선,독산,6245,6585,12830
202205,경부선,두정,4981,6518,11499
202205,경부선,명학,3364,3351,6715
202205,경부선,병점,10346,11223,21569
202205,경부선,서동탄,851,853,1704
202205,경부선,서울역,10371,2212,12583
202205,경부선,서정리,4934,7149,12083
202205,경부선,석수,5340,4867,10207
202205,경부선,성균관대,7948,8949,16897
202205,경부선,성환,2836,3791,6627
202205,경부선,세류,2291,2232,4523
202205,경부선,세마,1901,1766,3667
202205,경부선,송탄,3837,4776,8613
202205,경부선,수원,36684,34898,71582
202205,경부선,신길,4935,4542,9477
202205,경부선,신도림,2238,2448,4686
202205,경부선,안양,14180,13600,27780
202205,경부선,영등포,33910,32100,66010
202205,경부선,오산,8996,9356,18352
202205,경부선,오산대,2425,2368,4793
202205,경부선,용산,38374,33186,71560
202205,경부선,의왕,4524,4700,9224
202205,경부선,직산,669,710,1379
202205,경부선,진위,1024,1022,2046
202205,경부선,천안,8131,7294,15425
202205,경부선,평택,13126,13530,26656
202205,경부선,평택지제,2837,2584,5421
202205,경부선,화서,4560,4326,8886
202205,경원선,가능,4148,3942,8090
202205,경원선,광운대,4272,4742,9014
202205,경원선,녹양,2973,2734,5707
202205,경원선,녹천,2694,2445,5139
202205,경원선,덕계,1964,1776,3740
202205,경원선,덕정,3445,3599,7044
202205,경원선,도봉,3629,3442,7071
202205,경원선,도봉산,9519,6710,16229
202205,경원선,동두천,1487,1888,3375
202205,경원선,동두천중앙,2462,2285,4747
202205,경원선,망월사,5288,5547,10835
202205,경원선,방학,6169,6050,12219
202205,경원선,보산,1426,1551,2977
202205,경원선,서빙고,1555,1615,3170
202205,경원선,석계,5234,5750,10984
202205,경원선,소요산,4182,3441,7623
202205,경원선,신이문,5074,4801,9875
202205,경원선,양주,5825,5510,11335
202205,경원선,옥수,76,32,108
202205,경원선,왕십리,9523,11085,20608
202205,경원선,외대앞,4799,5055,9854
202205,경원선,월계,3940,3626,7566
202205,경원선,응봉,1122,1094,2216
202205,경원선,의정부,14841,14607,29448
202205,경원선,이촌,2343,1846,4189
202205,경원선,지행,4791,4659,9450
202205,경원선,창동,1,0,1
202205,경원선,청량리,15767,14183,29950
202205,경원선,한남,2018,2038,4056
202205,경원선,회룡,8058,7904,15962
202205,경의선,가좌,2850,3036,5886
202205,경의선,강매,1568,1495,3063
202205,경의선,곡산,382,366,748
202205,경의선,공덕,1761,1455,3216
202205,경의선,금릉,3172,3028,6200
202205,경의선,금촌,4535,4775,9310
202205,경의선,능곡,2345,2317,4662
202205,경의선,디지털미디어시티,1499,1398,2897
202205,경의선,문산,3963,3915,7878
202205,경의선,백마,3598,3492,7090
202205,경의선,서강대,1287,1478,2765
202205,경의선,서울역,1354,1203,2557
202205,경의선,수색,1046,1145,2191
202205,경의선,신촌,249,277,526
202205,경의선,야당,5030,4943,9973
202205,경의선,운정,3923,3662,7585
202205,경의선,월롱,992,2309,3301
202205,경의선,일산,5828,5463,11291
202205,경의선,임진강,128,100,228
202205,경의선,탄현,4506,3970,8476
202205,경의선,파주,801,773,1574
202205,경의선,풍산,3803,3498,7301
202205,경의선,행신,4977,4705,9682
202205,경의선,홍대입구,1475,1817,3292
202205,경의선,화전,914,1049,1963
202205,경의선,효창공원앞,1298,1518,2816
202205,경인선,간석,3327,3164,6491
202205,경인선,개봉,12226,12361,24587
202205,경인선,구일,5464,5539,11003
202205,경인선,도원,3683,3731,7414
202205,경인선,도화,2641,2448,5089
202205,경인선,동암,10489,10192,20681
202205,경인선,동인천,9815,9500,19315
202205,경인선,백운,4418,4292,8710
202205,경인선,부개,4962,4724,9686
202205,경인선,부천,22181,21648,43829
202205,경인선,부평,22667,22618,45285
202205,경인선,소사,5906,5614,11520
202205,경인선,송내,13328,12797,26125
202205,경인선,역곡,14833,14905,29738
202205,경인선,오류동,7135,7015,14150
202205,경인선,온수,4025,3854,7879
202205,경인선,인천,4211,3376,7587
202205,경인선,제물포,5767,5606,11373
202205,경인선,주안,13591,12485,26076
202205,경인선,중동,5136,4959,10095
202205,경춘선,가평,2573,1677,4250
202205,경춘선,갈매,1564,1435,2999
202205,경춘선,강촌,856,526,1382
202205,경춘선,굴봉산,252,210,462
202205,경춘선,금곡,1055,999,2054
202205,경춘선,김유정,509,465,974
202205,경춘선,남춘천,2852,3447,6299
202205,경춘선,대성리,3173,631,3804
202205,경춘선,마석,3498,3292,6790
202205,경춘선,백양리,142,98,240
202205,경춘선,별내,2024,1837,3861
202205,경춘선,사릉,1540,1503,3043
202205,경춘선,상천,621,374,995
202205,경춘선,신내,1051,1102,2153
202205,경춘선,천마산,1231,1141,2372
202205,경춘선,청평,2479,1586,4065
202205,경춘선,춘천,2243,1714,3957
202205,경춘선,퇴계원,2251,2011,4262
202205,경춘선,평내호평,3784,3599,7383
202205,공항철도 1호선,검암,3756,3703,7459
202205,공항철도 1호선,계양,5580,5409,10989
202205,공항철도 1호선,공덕,1122,1575,2697
202205,공항철도 1호선,공항화물청사,930,970,1900
202205,공항철도 1호선,김포공항,12103,5886,17989
202205,공항철도 1호선,디지털미디어시티,3893,4027,7920
202205,공항철도 1호선,마곡나루,2308,2678,4986
202205,공항철도 1호선,서울역,10529,8703,19232
202205,공항철도 1호선,영종,2666,2603,5269
202205,공항철도 1호선,운서,5331,5827,11158
202205,공항철도 1호선,인천공항1터미널,5608,4891,10499
202205,공항철도 1호선,인천공항2터미널,2655,2385,5040
202205,공항철도 1호선,청라국제도시,3428,3166,6594
202205,공항철도 1호선,홍대입구,9142,8702,17844
202205,과천선,경마공원,14907,15148,30055
202205,과천선,과천,3864,3510,7374
202205,과천선,대공원,4714,4681,9395
202205,과천선,범계,15100,14832,29932
202205,과천선,선바위,4199,3827,8026
202205,과천선,인덕원,13138,13531,26669
202205,과천선,정부과천청사,4650,4690,9340
202205,과천선,평촌,6162,6108,12270
202205,분당선,가천대,3742,4855,8597
202205,분당선,강남구청,2924,3469,6393
202205,분당선,개포동,1941,1972,3913
202205,분당선,구룡,805,973,1778
202205,분당선,구성,2560,2729,5289
202205,분당선,기흥,5377,4928,10305
202205,분당선,대모산입구,2131,2115,4246
202205,분당선,도곡,2733,2723,5456
202205,분당선,망포,6182,6836,13018
202205,분당선,매교,1396,1407,2803
202205,분당선,매탄권선,2591,2579,5170
202205,분당선,모란,11056,11534,22590
202205,분당선,미금,7473,8051,15524
202205,분당선,보정,1195,1143,2338
202205,분당선,복정,1,0,1
202205,분당선,상갈,2974,3047,6021
202205,분당선,서울숲,6395,6559,12954
202205,분당선,서현,14619,14596,29215
202205,분당선,선릉,2667,4036,6703
202205,분당선,선정릉,1784,1930,3714
202205,분당선,수내,6223,6182,12405
202205,분당선,수서,9556,8341,17897
202205,분당선,수원,6053,4870,10923
202205,분당선,수원시청,7006,6975,13981
202205,분당선,신갈,2118,2151,4269
202205,분당선,압구정로데오,8946,9632,18578
202205,분당선,야탑,14252,14306,28558
202205,분당선,영통,4868,4966,9834
202205,분당선,오리,5548,4901,10449
202205,분당선,이매,3414,3762,7176
202205,분당선,정자,8513,9287,17800
202205,분당선,죽전,7946,9221,17167
202205,분당선,청명,2040,2171,4211
202205,분당선,태평,8426,8237,16663
202205,분당선,한티,8531,8535,17066
202205,수인선,고색,2031,2062,4093
202205,수인선,남동인더스파크,500,526,1026
202205,수인선,달월,60,66,126
202205,수인선,사리,3114,2565,5679
202205,수인선,소래포구,4496,4242,8738
202205,수인선,송도,1701,1704,3405
202205,수인선,숭의,2234,2059,4293
202205,수인선,신포,1128,1080,2208
202205,수인선,야목,239,195,434
202205,수인선,어천,612,735,1347
202205,수인선,연수,3335,3339,6674
202205,수인선,오목천,1551,1520,3071
202205,수인선,원인재,2889,2983,5872
202205,수인선,월곶,1691,1555,3246
202205,수인선,인천,1125,1724,2849
202205,수인선,인천논현,2987,3123,6110
202205,수인선,인하대,3070,3253,6323
202205,수인선,호구포,1996,2192,4188
202205,안산선,고잔,6190,5980,12170
202205,안산선,대야미,3427,3126,6553
202205,안산선,반월,2775,2739,5514
202205,안산선,산본,9259,9840,19099
202205,안산선,상록수,10502,10188,20690
202205,안산선,수리산,2354,2304,4658
202205,안산선,신길온천,1376,1251,2627
202205,안산선,안산,10970,9795,20765
202205,안산선,오이도,6261,5893,12154
202205,안산선,정왕,5787,6765,12552
202205,안산선,중앙,13422,13007,26429
202205,안산선,초지,2643,2515,5158
202205,안산선,한대앞,5745,5960,11705
202205,우이신설선,4.19민주묘지,2191,2048,4239
202205,우이신설선,가오리,2626,2448,5074
202205,우이신설선,보문,1288,1346,2634
202205,우이신설선,북한산보국문,4258,4028,8286
202205,우이신설선,북한산우이,6452,6076,12528
202205,우이신설선,삼양,1342,1309,2651
202205,우이신설선,삼양사거리,1746,1722,3468
202205,우이신설선,성신여대입구,2362,2754,5116
202205,우이신설선,솔밭공원,1613,1592,3205
202205,우이신설선,솔샘,3012,2879,5891
202205,우이신설선,신설동,1307,1289,2596
202205,우이신설선,정릉,3262,2849,6111
202205,우이신설선,화계,3192,3022,6214
202205,일산선,대곡,1118,914,2032
202205,일산선,대화,8144,7353,15497
202205,일산선,마두,3422,3389,6811
202205,일산선,백석,5715,5558,11273
202205,일산선,삼송,11567,11500,23067
202205,일산선,원당,6658,6364,13022
202205,일산선,원흥,5689,5670,11359
202205,일산선,정발산,5681,5572,11253
202205,일산선,주엽,4813,4812,9625
202205,일산선,화정,9659,9941,19600
202205,장항선,배방,991,1108,2099
202205,장항선,봉명,620,714,1334
202205,장항선,신창,1278,2431,3709
202205,장항선,쌍용,1443,1582,3025
202205,장항선,아산,4511,2875,7386
202205,장항선,온양온천,3838,3660,7498
202205,장항선,탕정,547,637,1184
202205,중앙선,구리,7832,8070,15902
202205,중앙선,국수,699,584,1283
202205,중앙선,덕소,3718,3665,7383
202205,중앙선,도농,5624,5351,10975
202205,중앙선,도심,1270,1172,2442
202205,중앙선,망우,5258,5481,10739
202205,중앙선,상봉,4091,4109,8200
202205,중앙선,신원,356,230,586
202205,중앙선,아신,756,601,1357
202205,중앙선,양수,2173,1974,4147
202205,중앙선,양원,1575,1557,3132
202205,중앙선,양정,629,499,1128
202205,중앙선,양평,4053,3501,7554
202205,중앙선,오빈,332,285,617
202205,중앙선,용문,3227,2201,5428
202205,중앙선,운길산,1381,1308,2689
202205,중앙선,원덕,488,360,848
202205,중앙선,중랑,3693,3756,7449
202205,중앙선,지평,85,65,150
202205,중앙선,팔당,1407,1395,2802
202205,중앙선,회기,15794,16879,32673
202205,1호선,동대문,11709,11696,23405
202205,1호선,동묘앞,12953,13573,26526
202205,1호선,서울역,41604,41135,82739
202205,1호선,시청,14972,15357,30329
202205,1호선,신설동,11015,10072,21087
202205,1호선,제기동,16376,16812,33188
202205,1호선,종각,23998,21694,45692
202205,1호선,종로3가,27650,25944,53594
202205,1호선,종로5가,22612,22181,44793
202205,1호선,청량리,20507,20410,40917
202205,2호선,강남,69464,71428,140892
202205,2호선,강변,33059,32306,65365
202205,2호선,건대입구,42898,46648,89546
202205,2호선,교대,20717,23558,44275
202205,2호선,구로디지털단지,37956,36873,74829
202205,2호선,구의,18414,17398,35812
202205,2호선,낙성대,25012,22740,47752
202205,2호선,당산,15227,16287,31514
202205,2호선,대림,20164,21189,41353
202205,2호선,도림천,844,812,1656
202205,2호선,동대문역사문화공원,12318,14291,26609
202205,2호선,뚝섬,18116,18418,36534
202205,2호선,문래,14491,15561,30052
202205,2호선,방배,11642,11894,23536
202205,2호선,봉천,18847,17017,35864
202205,2호선,사당,37850,43019,80869
202205,2호선,삼성,36574,36116,72690
202205,2호선,상왕십리,10998,10133,21131
202205,2호선,서울대입구,42712,40916,83628
202205,2호선,서초,13595,11267,24862
202205,2호선,선릉,28053,24739,52792
202205,2호선,성수,24905,28546,53451
202205,2호선,시청,11321,9998,21319
202205,2호선,신답,1204,1229,2433
202205,2호선,신당,12421,13112,25533
202205,2호선,신대방,22673,21290,43963
202205,2호선,신도림,44852,45438,90290
202205,2호선,신림,56729,54171,110900
202205,2호선,신설동,3785,3747,7532
202205,2호선,신정네거리,8691,8576,17267
202205,2호선,신촌,36060,36221,72281
202205,2호선,아현,8679,7882,16561
202205,2호선,양천구청,5332,5225,10557
202205,2호선,역삼,21058,23333,44391
202205,2호선,영등포구청,14380,15360,29740
202205,2호선,왕십리,15957,14063,30020
202205,2호선,용답,2490,2214,4704
202205,2호선,용두,1801,1807,3608
202205,2호선,을지로3가,14685,14912,29597
202205,2호선,을지로4가,8351,9088,17439
202205,2호선,을지로입구,25077,25315,50392
202205,2호선,이대,12087,12316,24403
202205,2호선,잠실,76870,73746,150616
202205,2호선,잠실나루,8825,8629,17454
202205,2호선,잠실새내,20439,21066,41505
202205,2호선,종합운동장,16148,18938,35086
202205,2호선,충정로,6357,6765,13122
202205,2호선,한양대,5874,6096,11970
202205,2호선,합정,34977,40935,75912
202205,2호선,홍대입구,79716,89438,169154
202205,3호선,가락시장,7090,6634,13724
202205,3호선,경복궁,28687,32765,61452
202205,3호선,경찰병원,4716,4481,9197
202205,3호선,고속터미널,61703,60529,122232
202205,3호선,교대,8814,5468,14282
202205,3호선,구파발,17861,18324,36185
202205,3호선,금호,6596,5992,12588
202205,3호선,남부터미널,25517,25141,50658
202205,3호선,녹번,11898,10043,21941
202205,3호선,대청,6998,6458,13456
202205,3호선,대치,11410,10006,21416
202205,3호선,도곡,3934,4109,8043
202205,3호선,독립문,7611,8718,16329
202205,3호선,동대입구,8310,9715,18025
202205,3호선,매봉,7241,6955,14196
202205,3호선,무악재,3057,3296,6353
202205,3호선,불광,14440,16400,30840
202205,3호선,수서,15991,15557,31548
202205,3호선,신사,30055,31392,61447
202205,3호선,안국,23162,24871,48033
202205,3호선,압구정,26998,29220,56218
202205,3호선,약수,10464,9914,20378
202205,3호선,양재,25464,27872,53336
202205,3호선,연신내,33052,31023,64075
202205,3호선,오금,4784,4601,9385
202205,3호선,옥수,8453,8223,16676
202205,3호선,을지로3가,6509,7452,13961
202205,3호선,일원,5905,5887,11792
202205,3호선,잠원,4155,3913,8068
202205,3호선,종로3가,7083,10519,17602
202205,3호선,지축,4116,3679,7795
202205,3호선,충무로,1,0,1
202205,3호선,학여울,11793,12435,24228
202205,3호선,홍제,15460,14238,29698
202205,4호선,길음,17368,16184,33552
202205,4호선,남태령,1386,825,2211
202205,4호선,노원,18310,20352,38662
202205,4호선,당고개,8503,7861,16364
202205,4호선,동대문,15920,16108,32028
202205,4호선,동대문역사문화공원,13575,11640,25215
202205,4호선,동작,2028,2388,4416
202205,4호선,명동,18227,20860,39087
202205,4호선,미아,12051,10995,23046
202205,4호선,미아사거리,24703,23405,48108
202205,4호선,사당,26381,23328,49709
202205,4호선,삼각지,4558,6166,10724
202205,4호선,상계,16258,14925,31183
202205,4호선,서울역,6979,17651,24630
202205,4호선,성신여대입구,18969,17780,36749
202205,4호선,수유,29994,29200,59194
202205,4호선,숙대입구,11546,11074,22620
202205,4호선,신용산,13598,14676,28274
202205,4호선,쌍문,24397,21388,45785
202205,4호선,이촌,10188,11283,21471
202205,4호선,창동,22233,23081,45314
202205,4호선,총신대입구,16508,17562,34070
202205,4호선,충무로,15775,17501,33276
202205,4호선,한성대입구,12558,12295,24853
202205,4호선,혜화,34900,35762,70662
202205,4호선,회현,21490,23036,44526
202205,5호선,강동,15074,13844,28918
202205,5호선,강일,3475,3147,6622
202205,5호선,개롱,4939,5104,10043
202205,5호선,개화산,4170,4015,8185
202205,5호선,거여,7469,7074,14543
202205,5호선,고덕,7491,7327,14818
202205,5호선,공덕,8480,8836,17316
202205,5호선,광나루,11779,10982,22761
202205,5호선,광화문,20032,20539,40571
202205,5호선,군자,9755,10874,20629
202205,5호선,굽은다리,8085,7633,15718
202205,5호선,길동,6591,6672,13263
202205,5호선,김포공항,8122,8548,16670
202205,5호선,까치산,23717,21808,45525
202205,5호선,답십리,11448,10199,21647
202205,5호선,동대문역사문화공원,1072,1498,2570
202205,5호선,둔촌동,6986,6896,13882
202205,5호선,마곡,6612,6651,13263
202205,5호선,마장,4444,4088,8532
202205,5호선,마천,5553,5584,11137
202205,5호선,마포,8686,8791,17477
202205,5호선,명일,7156,7109,14265
202205,5호선,목동,12719,12713,25432
202205,5호선,미사,14117,14022,28139
202205,5호선,발산,15815,16940,32755
202205,5호선,방이,6540,6243,12783
202205,5호선,방화,5432,5130,10562
202205,5호선,상일동,10740,9661,20401
202205,5호선,서대문,8689,8210,16899
202205,5호선,송정,5694,5310,11004
202205,5호선,신금호,4820,4775,9595
202205,5호선,신길,2973,2965,5938
202205,5호선,신정,10183,8452,18635
202205,5호선,아차산,14868,14279,29147
202205,5호선,애오개,4233,4135,8368
202205,5호선,양평,4299,3926,8225
202205,5호선,여의나루,22594,25899,48493
202205,5호선,여의도,14273,14642,28915
202205,5호선,영등포구청,2287,2170,4457
202205,5호선,영등포시장,9345,9623,18968
202205,5호선,오금,2991,2833,5824
202205,5호선,오목교,18193,18700,36893
202205,5호선,올림픽공원,4757,4953,9710
202205,5호선,왕십리,3940,4985,8925
202205,5호선,우장산,11393,10855,22248
202205,5호선,을지로4가,3854,4617,8471
202205,5호선,장한평,12527,12130,24657
202205,5호선,종로3가,16153,16171,32324
202205,5호선,천호,19519,18581,38100
202205,5호선,청구,2803,2566,5369
202205,5호선,충정로,2197,2037,4234
202205,5호선,하남검단산,6256,6145,12401
202205,5호선,하남시청,6774,6383,13157
202205,5호선,하남풍산,3303,3178,6481
202205,5호선,행당,6356,5444,11800
202205,5호선,화곡,22778,20598,43376
202205,6호선,고려대,6403,6292,12695
202205,6호선,공덕,11952,11293,23245
202205,6호선,광흥창,6062,5671,11733
202205,6호선,구산,6192,4469,10661
202205,6호선,녹사평,6819,7617,14436
202205,6호선,대흥,6633,6658,13291
202205,6호선,독바위,2152,2323,4475
202205,6호선,돌곶이,6994,6312,13306
202205,6호선,동묘앞,8906,8614,17520
202205,6호선,디지털미디어시티,8555,8708,17263
202205,6호선,마포구청,10781,9226,20007
202205,6호선,망원,15194,16994,32188
202205,6호선,버티고개,1688,1711,3399
202205,6호선,보문,6066,5177,11243
202205,6호선,봉화산,6087,5778,11865
202205,6호선,불광,4241,3839,8080
202205,6호선,삼각지,7976,5879,13855
202205,6호선,상수,9986,12392,22378
202205,6호선,상월곡,4633,4075,8708
202205,6호선,새절,9825,9146,18971
202205,6호선,석계,9898,9979,19877
202205,6호선,신내,1,0,1
202205,6호선,신당,7075,6583,13658
202205,6호선,안암,9065,8396,17461
202205,6호선,약수,2831,2916,5747
202205,6호선,역촌,3039,3478,6517
202205,6호선,연신내,1,0,1
202205,6호선,월곡,8572,8027,16599
202205,6호선,월드컵경기장,5110,5315,10425
202205,6호선,응암,14275,13807,28082
202205,6호선,이태원,18197,23212,41409
202205,6호선,증산,8329,7933,16262
202205,6호선,창신,2328,1910,4238
202205,6호선,청구,2651,2528,5179
202205,6호선,태릉입구,6210,7154,13364
202205,6호선,한강진,11106,14243,25349
202205,6호선,합정,15628,14590,30218
202205,6호선,화랑대,8358,6638,14996
202205,6호선,효창공원앞,5436,4888,10324
202205,7호선,가산디지털단지,16448,15029,31477
202205,7호선,강남구청,10931,12340,23271
202205,7호선,건대입구,13098,14703,27801
202205,7호선,고속터미널,18122,13466,31588
202205,7호선,공릉,10368,9872,20240
202205,7호선,광명사거리,18768,18292,37060
202205,7호선,군자,12488,9096,21584
202205,7호선,굴포천,1,0,1
202205,7호선,남구로,8786,8945,17731
202205,7호선,남성,8734,7798,16532
202205,7호선,내방,8785,8899,17684
202205,7호선,노원,17899,18905,36804
202205,7호선,논현,12394,13714,26108
202205,7호선,대림,7756,8416,16172
202205,7호선,도봉산,7756,10361,18117
202205,7호선,뚝섬유원지,16745,16493,33238
202205,7호선,마들,10090,9300,19390
202205,7호선,먹골,9130,8333,17463
202205,7호선,면목,12481,11448,23929
202205,7호선,반포,5097,4829,9926
202205,7호선,보라매,7456,7209,14665
202205,7호선,사가정,13894,13145,27039
202205,7호선,상도,9066,8075,17141
202205,7호선,상봉,15536,14664,30200
202205,7호선,수락산,11801,11024,22825
202205,7호선,숭실대입구,10446,10030,20476
202205,7호선,신대방삼거리,13088,11903,24991
202205,7호선,신풍,9062,8583,17645
202205,7호선,어린이대공원,12408,12583,24991
202205,7호선,온수,6198,6164,12362
202205,7호선,용마산,5210,5342,10552
202205,7호선,이수,13786,13154,26940
202205,7호선,장승배기,7562,6979,14541
202205,7호선,장암,1987,1426,3413
202205,7호선,중계,10517,9166,19683
202205,7호선,중곡,7760,7092,14852
202205,7호선,중화,8924,8419,17343
202205,7호선,천왕,7800,7289,15089
202205,7호선,철산,17213,17473,34686
202205,7호선,청담,12737,13731,26468
202205,7호선,태릉입구,9919,9694,19613
202205,7호선,하계,14370,12828,27198
202205,7호선,학동,11914,12611,24525
202205,8호선,가락시장,5874,6055,11929
202205,8호선,강동구청,7017,6841,13858
202205,8호선,남위례,4187,4256,8443
202205,8호선,남한산성입구,10930,9467,20397
202205,8호선,단대오거리,9233,8447,17680
202205,8호선,모란,6476,5625,12101
202205,8호선,몽촌토성,5273,5294,10567
202205,8호선,문정,9787,9900,19687
202205,8호선,복정,7185,6005,13190
202205,8호선,산성,4942,4849,9791
202205,8호선,석촌,6691,8275,14966
202205,8호선,송파,6726,6565,13291
202205,8호선,수진,4860,4279,9139
202205,8호선,신흥,3993,4193,8186
202205,8호선,암사,14112,12648,26760
202205,8호선,잠실,14160,16835,30995
202205,8호선,장지,13620,12443,26063
202205,8호선,천호,13273,16242,29515
202205,9호선,가양,15926,15126,31052
202205,9호선,개화,1674,1370,3044
202205,9호선,고속터미널,17602,24653,42255
202205,9호선,공항시장,2485,2537,5022
202205,9호선,구반포,1207,1285,2492
202205,9호선,국회의사당,4854,5035,9889
202205,9호선,김포공항,8718,13064,21782
202205,9호선,노들,3912,3398,7310
202205,9호선,노량진,24017,23067,47084
202205,9호선,당산,15148,14064,29212
202205,9호선,동작,2145,1729,3874
202205,9호선,등촌,8055,7449,15504
202205,9호선,마곡나루,9671,9475,19146
202205,9호선,사평,2639,2370,5009
202205,9호선,샛강,2995,3098,6093
202205,9호선,선유도,4932,4595,9527
202205,9호선,신논현,30498,30315,60813
202205,9호선,신목동,2757,2259,5016
202205,9호선,신반포,3640,3834,7474
202205,9호선,신방화,5062,4735,9797
202205,9호선,양천향교,6816,6438,13254
202205,9호선,여의도,15578,14569,30147
202205,9호선,염창,13488,12173,25661
202205,9호선,증미,4518,4160,8678
202205,9호선,흑석,7038,6821,13859
202205,9호선2~3단계,둔촌오륜,746,712,1458
202205,9호선2~3단계,봉은사,14850,15767,30617
202205,9호선2~3단계,삼성중앙,3470,3686,7156
202205,9호선2~3단계,삼전,5515,4990,10505
202205,9호선2~3단계,석촌,7851,6469,14320
202205,9호선2~3단계,석촌고분,4724,4489,9213
202205,9호선2~3단계,선정릉,5270,6134,11404
202205,9호선2~3단계,송파나루,4604,5014,9618
202205,9호선2~3단계,언주,6927,7114,14041
202205,9호선2~3단계,올림픽공원,11225,10585,21810
202205,9호선2~3단계,종합운동장,4009,3424,7433
202205,9호선2~3단계,중앙보훈병원,5698,5267,10965
202205,9호선2~3단계,한성백제,2282,2080,4362
202205,경강선,경기광주,6788,6168,12956
202205,경강선,곤지암,2380,2413,4793
202205,경강선,부발,2449,2053,4502
202205,경강선,삼동,1817,1654,3471
202205,경강선,세종대왕릉,383,459,842
202205,경강선,신둔도예촌,1524,1406,2930
202205,경강선,여주,3053,3375,6428
202205,경강선,이매,961,795,1756
202205,경강선,이천,3259,3345,6604
202205,경강선,초월,2724,2466,5190
202205,경강선,판교,3762,3581,7343
202205,경부선,가산디지털단지,7325,9449,16774
202205,경부선,관악,7190,6785,13975
202205,경부선,광명,3446,3046,6492
202205,경부선,구로,14546,15292,29838
202205,경부선,군포,4894,4455,9349
202205,경부선,금정,22236,21886,44122
202205,경부선,금천구청,9884,9927,19811
202205,경부선,남영,6778,6937,13715
202205,경부선,노량진,9592,8818,18410
202205,경부선,당정,4783,4533,9316
202205,경부선,대방,9701,9615,19316
202205,경부선,독산,10341,9915,20256
202205,경부선,두정,6667,6699,13366
202205,경부선,명학,5988,5706,11694
202205,경부선,병점,15044,14643,29687
202205,경부선,서동탄,1190,1205,2395
202205,경부선,서울역,9956,2640,12596
202205,경부선,서정리,8214,6841,15055
202205,경부선,석수,8038,7493,15531
202205,경부선,성균관대,12482,12370,24852
202205,경부선,성환,3692,3282,6974
202205,경부선,세류,2919,2934,5853
202205,경부선,세마,2655,2392,5047
202205,경부선,송탄,5780,5115,10895
202205,경부선,수원,45614,49998,95612
202205,경부선,신길,6930,5933,12863
202205,경부선,신도림,3164,3461,6625
202205,경부선,안양,21231,21080,42311
202205,경부선,영등포,45768,47895,93663
202205,경부선,오산,10953,10245,21198
202205,경부선,오산대,3911,3533,7444
202205,경부선,용산,44320,46819,91139
202205,경부선,의왕,7266,6964,14230
202205,경부선,직산,842,794,1636
202205,경부선,진위,1280,1035,2315
202205,경부선,천안,8269,8426,16695
202205,경부선,평택,16208,15537,31745
202205,경부선,평택지제,3784,3418,7202
202205,경부선,화서,6887,6920,13807
202205,경원선,가능,6124,5596,11720
202205,경원선,광운대,6229,6168,12397
202205,경원선,녹양,4116,3906,8022
202205,경원선,녹천,3779,3100,6879
202205,경원선,덕계,2996,2599,5595
202205,경원선,덕정,5545,5008,10553
202205,경원선,도봉,5063,4768,9831
202205,경원선,도봉산,10622,7429,18051
202205,경원선,동두천,2015,2492,4507
202205,경원선,동두천중앙,3069,3025,6094
202205,경원선,망월사,6708,6832,13540
202205,경원선,방학,8433,7965,16398
202205,경원선,보산,2176,1942,4118
202205,경원선,서빙고,2070,2259,4329
202205,경원선,석계,7680,7914,15594
202205,경원선,소요산,4768,4170,8938
202205,경원선,신이문,6919,6067,12986
202205,경원선,양주,7786,7253,15039
202205,경원선,옥수,43,38,81
202205,경원선,왕십리,14719,16429,31148
202205,경원선,외대앞,7358,6702,14060
202205,경원선,월계,5340,4827,10167
202205,경원선,응봉,1690,1521,3211
202205,경원선,의정부,20511,21677,42188
202205,경원선,이촌,3900,2799,6699
202205,경원선,지행,7317,7218,14535
202205,경원선,창동,3,0,3
202205,경원선,청량리,19343,19557,38900
202205,경원선,한남,3353,3440,6793
202205,경원선,회룡,11555,11462,23017
202205,경의선,가좌,4666,4327,8993
202205,경의선,강매,2399,2212,4611
202205,경의선,계양,1,0,1
202205,경의선,곡산,513,465,978
202205,경의선,공덕,3251,2557,5808
202205,경의선,금릉,4812,4542,9354
202205,경의선,금촌,6640,6261,12901
202205,경의선,능곡,3387,3214,6601
202205,경의선,디지털미디어시티,2422,2118,4540
202205,경의선,문산,6032,5809,11841
202205,경의선,백마,5521,5055,10576
202205,경의선,서강대,1999,2051,4050
202205,경의선,서울역,1766,1815,3581
202205,경의선,수색,1907,1788,3695
202205,경의선,신촌,379,453,832
202205,경의선,야당,7619,7720,15339
202205,경의선,운정,6018,5477,11495
202205,경의선,월롱,2223,1822,4045
202205,경의선,일산,7372,6864,14236
202205,경의선,임진강,114,92,206
202205,경의선,탄현,6440,5895,12335
202205,경의선,파주,1099,806,1905
202205,경의선,풍산,5073,4862,9935
202205,경의선,행신,6376,6368,12744
202205,경의선,홍대입구,2470,3327,5797
202205,경의선,화전,1522,1397,2919
202205,경의선,효창공원앞,2077,2235,4312
202205,경인선,간석,5163,4928,10091
202205,경인선,개봉,18423,17722,36145
202205,경인선,구일,5375,5160,10535
202205,경인선,도원,2359,2340,4699
202205,경인선,도화,3590,3328,6918
202205,경인선,동암,14209,14160,28369
202205,경인선,동인천,13815,13611,27426
202205,경인선,백운,6391,6252,12643
202205,경인선,부개,7300,6800,14100
202205,경인선,부천,32579,33818,66397
202205,경인선,부평,32647,36795,69442
202205,경인선,소사,8754,8200,16954
202205,경인선,송내,21337,20684,42021
202205,경인선,역곡,23589,22800,46389
202205,경인선,오류동,10417,9041,19458
202205,경인선,온수,5619,5147,10766
202205,경인선,인천,5907,5101,11008
202205,경인선,제물포,8607,8096,16703
202205,경인선,주안,18768,16367,35135
202205,경인선,중동,7716,7119,14835
202205,경춘선,가평,3019,3834,6853
202205,경춘선,갈매,2323,1987,4310
202205,경춘선,강촌,1110,1374,2484
202205,경춘선,굴봉산,342,360,702
202205,경춘선,금곡,1385,1239,2624
202205,경춘선,김유정,739,881,1620
202205,경춘선,남춘천,3876,4280,8156
202205,경춘선,대성리,3105,3721,6826
202205,경춘선,마석,4189,3961,8150
202205,경춘선,백양리,167,215,382
202205,경춘선,별내,2773,2548,5321
202205,경춘선,사릉,2097,2009,4106
202205,경춘선,상천,661,519,1180
202205,경춘선,신내,1527,1451,2978
202205,경춘선,천마산,1606,1597,3203
202205,경춘선,청평,2675,2896,5571
202205,경춘선,춘천,2900,2347,5247
202205,경춘선,퇴계원,3092,2751,5843
202205,경춘선,평내호평,5742,5458,11200
202205,공항철도 1호선,검암,5309,5441,10750
202205,공항철도 1호선,계양,8776,7910,16686
202205,공항철도 1호선,공덕,1825,2933,4758
202205,공항철도 1호선,공항화물청사,1612,1623,3235
202205,공항철도 1호선,김포공항,12213,6289,18502
202205,공항철도 1호선,디지털미디어시티,6824,6215,13039
202205,공항철도 1호선,마곡나루,4042,4524,8566
202205,공항철도 1호선,서울역,10024,10306,20330
202205,공항철도 1호선,영종,3757,3791,7548
202205,공항철도 1호선,운서,7437,7432,14869
202205,공항철도 1호선,인천공항1터미널,5966,5708,11674
202205,공항철도 1호선,인천공항2터미널,3304,2832,6136
202205,공항철도 1호선,청라국제도시,5413,5163,10576
202205,공항철도 1호선,홍대입구,15190,15899,31089
202205,과천선,경마공원,13338,13502,26840
202205,과천선,과천,5792,5347,11139
202205,과천선,대공원,10133,10544,20677
202205,과천선,범계,24104,24030,48134
202205,과천선,선바위,6776,5785,12561
202205,과천선,인덕원,20335,19710,40045
202205,과천선,정부과천청사,7471,7205,14676
202205,과천선,평촌,11254,10629,21883
202205,분당선,가천대,6549,6818,13367
202205,분당선,강남구청,6152,7611,13763
202205,분당선,개포동,3039,2854,5893
202205,분당선,구룡,1744,1506,3250
202205,분당선,구성,4145,4131,8276
202205,분당선,기흥,8660,8040,16700
202205,분당선,대모산입구,3742,3442,7184
202205,분당선,도곡,5474,4810,10284
202205,분당선,망포,11066,9752,20818
202205,분당선,매교,2366,2382,4748
202205,분당선,매탄권선,4227,3984,8211
202205,분당선,모란,25958,26879,52837
202205,분당선,미금,12398,12949,25347
202205,분당선,보정,2013,1858,3871
202205,분당선,상갈,4496,4435,8931
202205,분당선,서울숲,13342,14279,27621
202205,분당선,서현,21913,22314,44227
202205,분당선,선릉,6050,9496,15546
202205,분당선,선정릉,4058,4060,8118
202205,분당선,수내,10071,9483,19554
202205,분당선,수서,11847,12296,24143
202205,분당선,수원,8878,7286,16164
202205,분당선,수원시청,12833,14954,27787
202205,분당선,신갈,3354,3238,6592
202205,분당선,압구정로데오,20729,24945,45674
202205,분당선,야탑,21258,22025,43283
202205,분당선,영통,8058,7725,15783
202205,분당선,오리,9171,7444,16615
202205,분당선,이매,5026,4782,9808
202205,분당선,정자,12228,12611,24839
202205,분당선,죽전,11780,13171,24951
202205,분당선,청명,3391,3269,6660
202205,분당선,태평,12197,11454,23651
202205,분당선,한티,13590,13104,26694
202205,수인선,고색,3233,3222,6455
202205,수인선,남동인더스파크,1139,1074,2213
202205,수인선,달월,74,61,135
202205,수인선,사리,4239,3425,7664
202205,수인선,소래포구,7724,7697,15421
202205,수인선,송도,2448,2414,4862
202205,수인선,숭의,3177,2824,6001
202205,수인선,신포,1688,1787,3475
202205,수인선,야목,303,284,587
202205,수인선,어천,911,810,1721
202205,수인선,연수,4718,4689,9407
202205,수인선,오목천,2702,2218,4920
202205,수인선,원인재,4187,4271,8458
202205,수인선,월곶,2427,2212,4639
202205,수인선,인천,1541,2560,4101
202205,수인선,인천논현,4955,5139,10094
202205,수인선,인하대,5319,4865,10184
202205,수인선,호구포,2959,2804,5763
202205,안산선,고잔,7548,7684,15232
202205,안산선,대야미,4865,4219,9084
202205,안산선,반월,4084,3743,7827
202205,안산선,산본,14520,15593,30113
202205,안산선,상록수,14537,14430,28967
202205,안산선,수리산,3449,3224,6673
202205,안산선,신길온천,1776,1624,3400
202205,안산선,안산,10830,11029,21859
202205,안산선,오이도,9209,9313,18522
202205,안산선,정왕,7801,7718,15519
202205,안산선,중앙,19030,19989,39019
202205,안산선,초지,4264,4054,8318
202205,안산선,한대앞,8823,8616,17439
202205,우이신설선,4.19민주묘지,2982,2488,5470
202205,우이신설선,가오리,3394,3090,6484
202205,우이신설선,보문,1317,1249,2566
202205,우이신설선,북한산보국문,5600,4727,10327
202205,우이신설선,북한산우이,4664,4709,9373
202205,우이신설선,삼양,1762,1677,3439
202205,우이신설선,삼양사거리,2202,2114,4316
202205,우이신설선,성신여대입구,3065,3734,6799
202205,우이신설선,솔밭공원,2080,1982,4062
202205,우이신설선,솔샘,4539,3818,8357
202205,우이신설선,신설동,1568,1477,3045
202205,우이신설선,정릉,4372,3480,7852
202205,우이신설선,화계,2771,2568,5339
202205,일산선,대곡,1749,1475,3224
202205,일산선,대화,14427,12902,27329
202205,일산선,마두,5907,5787,11694
202205,일산선,백석,8633,8305,16938
202205,일산선,삼송,17069,15864,32933
202205,일산선,원당,10030,9275,19305
202205,일산선,원흥,8662,8126,16788
202205,일산선,정발산,8372,8846,17218
202205,일산선,주엽,8016,7677,15693
202205,일산선,화정,15108,15638,30746
202205,장항선,배방,1331,1350,2681
202205,장항선,봉명,999,914,1913
202205,장항선,신창,1824,1542,3366
202205,장항선,쌍용,2221,2040,4261
202205,장항선,아산,4110,3917,8027
202205,장항선,온양온천,6081,6118,12199
202205,장항선,탕정,885,765,1650
202205,중앙선,구리,12229,12356,24585
202205,중앙선,국수,823,862,1685
202205,중앙선,덕소,5350,5179,10529
202205,중앙선,도농,8651,8118,16769
202205,중앙선,도심,1944,1774,3718
202205,중앙선,망우,7705,7453,15158
202205,중앙선,상봉,5965,5859,11824
202205,중앙선,신원,341,237,578
202205,중앙선,아신,796,765,1561
202205,중앙선,양수,2808,2922,5730
202205,중앙선,양원,2155,1993,4148
202205,중앙선,양정,733,608,1341
202205,중앙선,양평,3578,3639,7217
202205,중앙선,오빈,363,365,728
202205,중앙선,용문,2862,3230,6092
202205,중앙선,운길산,1740,1698,3438
202205,중앙선,원덕,545,533,1078
202205,중앙선,중랑,5108,4872,9980
202205,중앙선,지평,69,94,163
202205,중앙선,팔당,1829,2024,3853
202205,중앙선,회기,23908,22729,46637
202205,1호선,동대문,11197,11660,22857
202205,1호선,동묘앞,14245,14317,28562
202205,1호선,서울역,34298,32629,66927
202205,1호선,시청,10178,9472,19650
202205,1호선,신설동,8715,8465,17180
202205,1호선,제기동,11213,11850,23063
202205,1호선,종각,16095,13378,29473
202205,1호선,종로3가,18253,14882,33135
202205,1호선,종로5가,11947,11278,23225
202205,1호선,청량리,14799,14646,29445
202205,2호선,강남,40551,39350,79901
202205,2호선,강변,27398,26667,54065
202205,2호선,건대입구,32739,33125,65864
202205,2호선,교대,12453,13993,26446
202205,2호선,구로디지털단지,26822,26267,53089
202205,2호선,구의,13038,13052,26090
202205,2호선,낙성대,17821,18582,36403
202205,2호선,당산,10679,11358,22037
202205,2호선,대림,16662,17258,33920
202205,2호선,도림천,514,518,1032
202205,2호선,동대문역사문화공원,8915,10719,19634
202205,2호선,뚝섬,13360,13232,26592
202205,2호선,문래,9238,9830,19068
202205,2호선,방배,7807,8231,16038
202205,2호선,봉천,13623,13172,26795
202205,2호선,사당,26470,29678,56148
202205,2호선,삼성,25456,24191,49647
202205,2호선,상왕십리,7764,7621,15385
202205,2호선,서울대입구,30896,31837,62733
202205,2호선,서초,13762,12602,26364
202205,2호선,선릉,15372,13013,28385
202205,2호선,성수,17590,19838,37428
202205,2호선,시청,7250,5975,13225
202205,2호선,신답,916,1007,1923
202205,2호선,신당,9163,9907,19070
202205,2호선,신대방,17426,17278,34704
202205,2호선,신도림,31100,31920,63020
202205,2호선,신림,42036,41066,83102
202205,2호선,신설동,3717,3589,7306
202205,2호선,신정네거리,6044,6181,12225
202205,2호선,신촌,25650,25184,50834
202205,2호선,아현,5966,5802,11768
202205,2호선,양천구청,3803,3907,7710
202205,2호선,역삼,12425,13583,26008
202205,2호선,영등포구청,9101,9630,18731
202205,2호선,왕십리,11458,10072,21530
202205,2호선,용답,1956,2011,3967
202205,2호선,용두,1341,1295,2636
202205,2호선,을지로3가,10439,9994,20433
202205,2호선,을지로4가,4418,4122,8540
202205,2호선,을지로입구,18357,17354,35711
202205,2호선,이대,7855,8753,16608
202205,2호선,잠실,57308,52377,109685
202205,2호선,잠실나루,6302,6318,12620
202205,2호선,잠실새내,13812,13665,27477
202205,2호선,종합운동장,15095,16852,31947
202205,2호선,충정로,4064,4506,8570
202205,2호선,한양대,3292,3763,7055
202205,2호선,합정,25712,27883,53595
202205,2호선,홍대입구,61588,60042,121630
202205,3호선,가락시장,4315,4610,8925
202205,3호선,경복궁,22635,26016,48651
202205,3호선,경찰병원,3095,3226,6321
202205,3호선,고속터미널,51747,48046,99793
202205,3호선,교대,5455,3375,8830
202205,3호선,구파발,13759,13852,27611
202205,3호선,금호,4742,4401,9143
202205,3호선,남부터미널,18051,19184,37235
202205,3호선,녹번,8532,7552,16084
202205,3호선,대청,4720,4628,9348
202205,3호선,대치,7573,6710,14283
202205,3호선,도곡,2443,2732,5175
202205,3호선,독립문,5676,6649,12325
202205,3호선,동대입구,7079,7847,14926
202205,3호선,매봉,5232,5183,10415
202205,3호선,무악재,2193,2409,4602
202205,3호선,불광,10990,12576,23566
202205,3호선,수서,12127,12240,24367
202205,3호선,신사,16800,16606,33406
202205,3호선,안국,16666,17331,33997
202205,3호선,압구정,15557,16348,31905
202205,3호선,약수,7845,7557,15402
202205,3호선,양재,16230,19184,35414
202205,3호선,연신내,23982,22858,46840
202205,3호선,오금,3166,3221,6387
202205,3호선,옥수,5971,6179,12150
202205,3호선,을지로3가,4536,4141,8677
202205,3호선,일원,4087,4220,8307
202205,3호선,잠원,2814,2741,5555
202205,3호선,종로3가,4980,6321,11301
202205,3호선,지축,2926,2767,5693
202205,3호선,충무로,1,0,1
202205,3호선,학여울,10449,11021,21470
202205,3호선,홍제,10975,10450,21425
202205,4호선,길음,12015,11955,23970
202205,4호선,남태령,1039,711,1750
202205,4호선,노원,13479,14504,27983
202205,4호선,당고개,6501,6416,12917
202205,4호선,동대문,8690,9185,17875
202205,4호선,동대문역사문화공원,10856,9480,20336
202205,4호선,동작,1738,1888,3626
202205,4호선,명동,14425,14722,29147
202205,4호선,미아,9046,8511,17557
202205,4호선,미아사거리,18663,17611,36274
202205,4호선,사당,19232,17552,36784
202205,4호선,삼각지,3583,4808,8391
202205,4호선,상계,12098,11234,23332
202205,4호선,서울역,5227,14358,19585
202205,4호선,성신여대입구,14483,13885,28368
202205,4호선,수유,22725,22096,44821
202205,4호선,숙대입구,9017,8928,17945
202205,4호선,신용산,10533,10715,21248
202205,4호선,쌍문,18048,16228,34276
202205,4호선,이촌,7405,8237,15642
202205,4호선,창동,17209,17942,35151
202205,4호선,총신대입구,11724,12686,24410
202205,4호선,충무로,10348,11284,21632
202205,4호선,한성대입구,8818,9070,17888
202205,4호선,혜화,26725,28057,54782
202205,4호선,회현,10194,10367,20561
202205,5호선,강동,10326,10105,20431
202205,5호선,강일,2523,2477,5000
202205,5호선,개롱,3426,3730,7156
202205,5호선,개화산,3043,3077,6120
202205,5호선,거여,5415,5293,10708
202205,5호선,고덕,4983,5042,10025
202205,5호선,공덕,5460,5440,10900
202205,5호선,광나루,9309,9140,18449
202205,5호선,광화문,14660,14578,29238
202205,5호선,군자,6959,7738,14697
202205,5호선,굽은다리,6376,6042,12418
202205,5호선,길동,4505,4674,9179
202205,5호선,김포공항,7695,7592,15287
202205,5호선,까치산,17446,16982,34428
202205,5호선,답십리,8367,7657,16024
202205,5호선,동대문역사문화공원,734,875,1609
202205,5호선,둔촌동,5120,5178,10298
202205,5호선,마곡,4136,4287,8423
202205,5호선,마장,3275,3043,6318
202205,5호선,마천,4052,4297,8349
202205,5호선,마포,5520,5423,10943
202205,5호선,명일,5661,5669,11330
202205,5호선,목동,8758,9073,17831
202205,5호선,미사,10344,10425,20769
202205,5호선,발산,10216,10652,20868
202205,5호선,방이,4709,4619,9328
202205,5호선,방화,4028,4013,8041
202205,5호선,상일동,7504,7094,14598
202205,5호선,서대문,6615,6508,13123
202205,5호선,송정,4134,4091,8225
202205,5호선,신금호,3335,3600,6935
202205,5호선,신길,2059,2326,4385
202205,5호선,신정,7098,6466,13564
202205,5호선,아차산,12741,12466,25207
202205,5호선,애오개,2922,3101,6023
202205,5호선,양평,3180,3202,6382
202205,5호선,여의나루,19723,21333,41056
202205,5호선,여의도,9877,10314,20191
202205,5호선,영등포구청,1645,1529,3174
202205,5호선,영등포시장,6065,6073,12138
202205,5호선,오금,1804,1795,3599
202205,5호선,오목교,12716,13430,26146
202205,5호선,올림픽공원,4247,4301,8548
202205,5호선,왕십리,2863,3440,6303
202205,5호선,우장산,7754,7942,15696
202205,5호선,을지로4가,2030,2057,4087
202205,5호선,장한평,8816,8566,17382
202205,5호선,종로3가,11276,9644,20920
202205,5호선,천호,14866,13825,28691
202205,5호선,청구,2077,1888,3965
202205,5호선,충정로,1613,1713,3326
202205,5호선,하남검단산,5262,5139,10401
202205,5호선,하남시청,4734,4528,9262
202205,5호선,하남풍산,2549,2536,5085
202205,5호선,행당,4537,4105,8642
202205,5호선,화곡,16006,15037,31043
202205,6호선,고려대,5532,5513,11045
202205,6호선,공덕,8364,7847,16211
202205,6호선,광흥창,4799,4574,9373
202205,6호선,구산,4320,3161,7481
202205,6호선,녹사평,5027,5011,10038
202205,6호선,대흥,4554,4837,9391
202205,6호선,독바위,1611,2066,3677
202205,6호선,돌곶이,6304,5972,12276
202205,6호선,동묘앞,7599,7315,14914
202205,6호선,디지털미디어시티,6044,6404,12448
202205,6호선,마포구청,7828,7137,14965
202205,6호선,망원,11038,11860,22898
202205,6호선,버티고개,1252,1318,2570
202205,6호선,보문,4699,4413,9112
202205,6호선,봉화산,4513,4570,9083
202205,6호선,불광,3276,2951,6227
202205,6호선,삼각지,5644,4401,10045
202205,6호선,상수,7615,8406,16021
202205,6호선,상월곡,3846,3496,7342
202205,6호선,새절,7275,7072,14347
202205,6호선,석계,7263,7577,14840
202205,6호선,신당,5389,5787,11176
202205,6호선,안암,6019,6668,12687
202205,6호선,약수,2066,2092,4158
202205,6호선,역촌,2201,2550,4751
202205,6호선,월곡,6538,6503,13041
202205,6호선,월드컵경기장,7842,7806,15648
202205,6호선,응암,10685,10629,21314
202205,6호선,이태원,14646,11270,25916
202205,6호선,증산,6128,6314,12442
202205,6호선,창신,1892,1735,3627
202205,6호선,청구,1857,1884,3741
202205,6호선,태릉입구,5591,6651,12242
202205,6호선,한강진,8244,9753,17997
202205,6호선,합정,11825,10723,22548
202205,6호선,화랑대,6044,5660,11704
202205,6호선,효창공원앞,4219,3711,7930
202205,7호선,가산디지털단지,12036,10962,22998
202205,7호선,강남구청,6160,6784,12944
202205,7호선,건대입구,9377,10365,19742
202205,7호선,고속터미널,15851,9870,25721
202205,7호선,공릉,7530,7667,15197
202205,7호선,광명사거리,14007,13918,27925
202205,7호선,군자,9120,6908,16028
202205,7호선,남구로,7436,7366,14802
202205,7호선,남성,6186,6083,12269
202205,7호선,내방,5580,5960,11540
202205,7호선,노원,12758,13028,25786
202205,7호선,논현,6976,7168,14144
202205,7호선,대림,8551,7931,16482
202205,7호선,도봉산,6517,9292,15809
202205,7호선,뚝섬유원지,14427,14125,28552
202205,7호선,마들,7002,6453,13455
202205,7호선,먹골,6865,6380,13245
202205,7호선,면목,8948,8705,17653
202205,7호선,반포,3478,3581,7059
202205,7호선,보라매,5140,5193,10333
202205,7호선,사가정,10147,10096,20243
202205,7호선,상도,6051,6342,12393
202205,7호선,상봉,11091,10264,21355
202205,7호선,수락산,9769,9486,19255
202205,7호선,숭실대입구,6802,7375,14177
202205,7호선,신대방삼거리,9171,9077,18248
202205,7호선,신풍,6735,6403,13138
202205,7호선,어린이대공원,9479,9781,19260
202205,7호선,온수,4439,4541,8980
202205,7호선,용마산,3655,4053,7708
202205,7호선,이수,9544,9211,18755
202205,7호선,장승배기,5049,4987,10036
202205,7호선,장암,1799,1202,3001
202205,7호선,중계,7615,7110,14725
202205,7호선,중곡,6182,5876,12058
202205,7호선,중화,7146,6656,13802
202205,7호선,천왕,5546,5431,10977
202205,7호선,철산,12158,12174,24332
202205,7호선,청담,7290,8021,15311
202205,7호선,태릉입구,8554,8832,17386
202205,7호선,하계,10405,9903,20308
202205,7호선,학동,7151,7599,14750
202205,8호선,가락시장,3456,4233,7689
202205,8호선,강동구청,5045,5145,10190
202205,8호선,남위례,2950,3089,6039
202205,8호선,남한산성입구,7885,7507,15392
202205,8호선,단대오거리,6168,6123,12291
202205,8호선,모란,3070,2590,5660
202205,8호선,몽촌토성,4069,4125,8194
202205,8호선,문정,6113,6335,12448
202205,8호선,복정,5587,5265,10852
202205,8호선,산성,3608,3705,7313
202205,8호선,석촌,4676,5811,10487
202205,8호선,송파,4457,4462,8919
202205,8호선,수진,3256,2947,6203
202205,8호선,신흥,2829,3089,5918
202205,8호선,암사,9875,9439,19314
202205,8호선,잠실,10836,12658,23494
202205,8호선,장지,10080,10010,20090
202205,8호선,천호,9853,11332,21185
202205,9호선,가양,12104,11655,23759
202205,9호선,개화,1278,1208,2486
202205,9호선,고속터미널,14207,19418,33625
202205,9호선,공항시장,1908,2141,4049
202205,9호선,구반포,539,715,1254
202205,9호선,국회의사당,7649,6736,14385
202205,9호선,김포공항,8092,12349,20441
202205,9호선,노들,3305,2855,6160
202205,9호선,노량진,16443,17110,33553
202205,9호선,당산,10719,10439,21158
202205,9호선,동작,1580,1285,2865
202205,9호선,등촌,5582,5668,11250
202205,9호선,마곡나루,6791,6789,13580
202205,9호선,사평,1848,1863,3711
202205,9호선,샛강,2013,1893,3906
202205,9호선,선유도,3563,3467,7030
202205,9호선,신논현,19082,17826,36908
202205,9호선,신목동,2062,1890,3952
202205,9호선,신반포,2872,3224,6096
202205,9호선,신방화,3837,3733,7570
202205,9호선,양천향교,4728,4842,9570
202205,9호선,여의도,11402,10384,21786
202205,9호선,염창,9765,9658,19423
202205,9호선,증미,3219,3175,6394
202205,9호선,흑석,4796,4950,9746
202205,9호선2~3단계,둔촌오륜,585,582,1167
202205,9호선2~3단계,봉은사,10505,10862,21367
202205,9호선2~3단계,삼성중앙,2298,2272,4570
202205,9호선2~3단계,삼전,3981,3774,7755
202205,9호선2~3단계,석촌,5566,4790,10356
202205,9호선2~3단계,석촌고분,3523,3452,6975
202205,9호선2~3단계,선정릉,3368,3826,7194
202205,9호선2~3단계,송파나루,3488,3694,7182
202205,9호선2~3단계,언주,4337,4204,8541
202205,9호선2~3단계,올림픽공원,10411,9761,20172
202205,9호선2~3단계,종합운동장,3017,2532,5549
202205,9호선2~3단계,중앙보훈병원,4198,4045,8243
202205,9호선2~3단계,한성백제,1927,1811,3738
202205,경강선,경기광주,4831,4714,9545
202205,경강선,곤지암,1818,1963,3781
202205,경강선,부발,1716,2480,4196
202205,경강선,삼동,1271,1228,2499
202205,경강선,세종대왕릉,371,356,727
202205,경강선,신둔도예촌,1131,1172,2303
202205,경강선,여주,2871,2885,5756
202205,경강선,이매,878,609,1487
202205,경강선,이천,2561,2791,5352
202205,경강선,초월,1933,1827,3760
202205,경강선,판교,2920,2742,5662
202205,경부선,가산디지털단지,5349,7510,12859
202205,경부선,관악,6030,5589,11619
202205,경부선,광명,3243,2279,5522
202205,경부선,구로,11138,11189,22327
202205,경부선,군포,3562,3276,6838
202205,경부선,금정,16677,16955,33632
202205,경부선,금천구청,7363,7151,14514
202205,경부선,남영,5176,5588,10764
202205,경부선,노량진,6864,6530,13394
202205,경부선,당정,3422,3548,6970
202205,경부선,대방,7056,7371,14427
202205,경부선,독산,7159,7252,14411
202205,경부선,두정,5283,6684,11967
202205,경부선,명학,4099,3875,7974
202205,경부선,병점,11207,11921,23128
202205,경부선,서동탄,936,1021,1957
202205,경부선,서울역,10010,2244,12254
202205,경부선,서정리,5210,7432,12642
202205,경부선,석수,5921,5877,11798
202205,경부선,성균관대,8986,9607,18593
202205,경부선,성환,2988,3888,6876
202205,경부선,세류,2452,2368,4820
202205,경부선,세마,1997,1876,3873
202205,경부선,송탄,4027,4955,8982
202205,경부선,수원,39652,38448,78100
202205,경부선,신길,5434,4833,10267
202205,경부선,신도림,2507,2649,5156
202205,경부선,안양,16144,15525,31669
202205,경부선,영등포,37434,36239,73673
202205,경부선,오산,8918,9304,18222
202205,경부선,오산대,2859,2779,5638
202205,경부선,용산,39883,36949,76832
202205,경부선,의왕,4998,5133,10131
202205,경부선,직산,677,705,1382
202205,경부선,진위,1059,1029,2088
202205,경부선,천안,7456,7674,15130
202205,경부선,평택,13284,14579,27863
202205,경부선,평택지제,2982,2918,5900
202205,경부선,화서,5068,4797,9865
202205,경원선,가능,4635,4339,8974
202205,경원선,광운대,4806,5186,9992
202205,경원선,녹양,3231,2986,6217
202205,경원선,녹천,2902,2625,5527
202205,경원선,덕계,2256,2140,4396
202205,경원선,덕정,3907,4124,8031
202205,경원선,도봉,4095,3786,7881
202205,경원선,도봉산,10177,7532,17709
202205,경원선,동두천,1517,2156,3673
202205,경원선,동두천중앙,2697,2626,5323
202205,경원선,망월사,5131,5304,10435
202205,경원선,방학,6913,6552,13465
202205,경원선,보산,1500,1634,3134
202205,경원선,서빙고,2014,1966,3980
202205,경원선,석계,5809,6416,12225
202205,경원선,소요산,4845,4040,8885
202205,경원선,신이문,5369,5065,10434
202205,경원선,양주,5856,5874,11730
202205,경원선,옥수,41,45,86
202205,경원선,왕십리,11427,13062,24489
202205,경원선,외대앞,5557,5788,11345
202205,경원선,월계,4445,4153,8598
202205,경원선,응봉,1366,1285,2651
202205,경원선,의정부,16151,16472,32623
202205,경원선,이촌,3241,2193,5434
202205,경원선,지행,5144,5120,10264
202205,경원선,창동,3,0,3
202205,경원선,청량리,16448,15928,32376
202205,경원선,한남,2370,2400,4770
202205,경원선,회룡,8772,8790,17562
202205,경의선,가좌,3294,3287,6581
202205,경의선,강매,1909,1806,3715
202205,경의선,계양,1,0,1
202205,경의선,곡산,408,399,807
202205,경의선,공덕,2314,1902,4216
202205,경의선,금릉,3520,3576,7096
202205,경의선,금촌,5005,5333,10338
202205,경의선,능곡,2557,2462,5019
202205,경의선,디지털미디어시티,1777,1718,3495
202205,경의선,문산,4197,4335,8532
202205,경의선,백마,4024,3819,7843
202205,경의선,서강대,1534,1620,3154
202205,경의선,서울역,1338,1274,2612
202205,경의선,수색,1085,1180,2265
202205,경의선,신촌,290,361,651
202205,경의선,야당,5566,5461,11027
202205,경의선,운정,4329,4139,8468
202205,경의선,월롱,1258,2357,3615
202205,경의선,일산,5497,5299,10796
202205,경의선,임진강,133,96,229
202205,경의선,탄현,4839,4459,9298
202205,경의선,파주,762,757,1519
202205,경의선,풍산,4069,3758,7827
202205,경의선,행신,5421,4991,10412
202205,경의선,홍대입구,2024,2533,4557
202205,경의선,화전,1048,1084,2132
202205,경의선,효창공원앞,1609,1824,3433
202205,경인선,간석,3527,3312,6839
202205,경인선,개봉,13284,13106,26390
202205,경인선,구일,3782,3712,7494
202205,경인선,도원,1874,1877,3751
202205,경인선,도화,2640,2578,5218
202205,경인선,동암,10836,10621,21457
202205,경인선,동인천,11027,10621,21648
202205,경인선,백운,4689,4551,9240
202205,경인선,부개,5389,5055,10444
202205,경인선,부천,25097,24984,50081
202205,경인선,부평,25523,25978,51501
202205,경인선,소사,6489,6207,12696
202205,경인선,송내,15246,14977,30223
202205,경인선,역곡,16761,16673,33434
202205,경인선,오류동,7836,7401,15237
202205,경인선,온수,4341,4120,8461
202205,경인선,인천,5582,4491,10073
202205,경인선,제물포,6194,6090,12284
202205,경인선,주안,13603,12251,25854
202205,경인선,중동,5643,5281,10924
202205,경춘선,가평,3290,1910,5200
202205,경춘선,갈매,1767,1547,3314
202205,경춘선,강촌,1367,782,2149
202205,경춘선,굴봉산,260,219,479
202205,경춘선,금곡,1041,1068,2109
202205,경춘선,김유정,684,712,1396
202205,경춘선,남춘천,2919,3559,6478
202205,경춘선,대성리,3459,854,4313
202205,경춘선,마석,3316,3242,6558
202205,경춘선,백양리,173,97,270
202205,경춘선,별내,2132,2046,4178
202205,경춘선,사릉,1633,1623,3256
202205,경춘선,상천,747,524,1271
202205,경춘선,신내,1203,1264,2467
202205,경춘선,천마산,1298,1242,2540
202205,경춘선,청평,2734,1684,4418
202205,경춘선,춘천,2506,2053,4559
202205,경춘선,퇴계원,2370,2245,4615
202205,경춘선,평내호평,4020,3827,7847
202205,공항철도 1호선,검암,4092,4377,8469
202205,공항철도 1호선,계양,6455,6176,12631
202205,공항철도 1호선,공덕,1322,1876,3198
202205,공항철도 1호선,공항화물청사,1247,1295,2542
202205,공항철도 1호선,김포공항,12402,6194,18596
202205,공항철도 1호선,디지털미디어시티,4123,4346,8469
202205,공항철도 1호선,마곡나루,2963,3406,6369
202205,공항철도 1호선,서울역,9681,9323,19004
202205,공항철도 1호선,영종,3144,3088,6232
202205,공항철도 1호선,운서,6143,6512,12655
202205,공항철도 1호선,인천공항1터미널,6105,5488,11593
202205,공항철도 1호선,인천공항2터미널,3172,2669,5841
202205,공항철도 1호선,청라국제도시,4058,3797,7855
202205,공항철도 1호선,홍대입구,12658,11193,23851
202205,과천선,경마공원,17037,17502,34539
202205,과천선,과천,4410,4114,8524
202205,과천선,대공원,8400,8375,16775
202205,과천선,범계,17717,17061,34778
202205,과천선,선바위,5107,4555,9662
202205,과천선,인덕원,15013,15048,30061
202205,과천선,정부과천청사,5273,5340,10613
202205,과천선,평촌,7336,7057,14393
202205,분당선,가천대,4757,5655,10412
202205,분당선,강남구청,3654,4485,8139
202205,분당선,개포동,2410,2392,4802
202205,분당선,구룡,964,1061,2025
202205,분당선,구성,2975,3184,6159
202205,분당선,기흥,6780,6463,13243
202205,분당선,대모산입구,2544,2476,5020
202205,분당선,도곡,3329,3106,6435
202205,분당선,망포,7470,7841,15311
202205,분당선,매교,1692,1713,3405
202205,분당선,매탄권선,3018,3036,6054
202205,분당선,모란,12667,13182,25849
202205,분당선,미금,8443,8942,17385
202205,분당선,보정,1334,1233,2567
202205,분당선,상갈,3224,3360,6584
202205,분당선,서울숲,9768,10409,20177
202205,분당선,서현,16312,16444,32756
202205,분당선,선릉,3316,4926,8242
202205,분당선,선정릉,2410,2522,4932
202205,분당선,수내,6948,6434,13382
202205,분당선,수서,9497,9237,18734
202205,분당선,수원,6867,5581,12448
202205,분당선,수원시청,8536,8414,16950
202205,분당선,신갈,2440,2506,4946
202205,분당선,압구정로데오,12388,13617,26005
202205,분당선,야탑,15907,16459,32366
202205,분당선,영통,5773,5872,11645
202205,분당선,오리,6042,5224,11266
202205,분당선,이매,3726,3826,7552
202205,분당선,정자,8569,8887,17456
202205,분당선,죽전,9172,10305,19477
202205,분당선,청명,2361,2535,4896
202205,분당선,태평,9052,8512,17564
202205,분당선,한티,9622,9217,18839
202205,수인선,고색,1938,1979,3917
202205,수인선,남동인더스파크,639,675,1314
202205,수인선,달월,53,62,115
202205,수인선,사리,3133,2689,5822
202205,수인선,소래포구,6764,6621,13385
202205,수인선,송도,1835,1857,3692
202205,수인선,숭의,2261,2039,4300
202205,수인선,신포,1353,1308,2661
202205,수인선,야목,267,212,479
202205,수인선,어천,704,799,1503
202205,수인선,연수,3788,3706,7494
202205,수인선,오목천,1776,1835,3611
202205,수인선,원인재,3354,3380,6734
202205,수인선,월곶,1984,1819,3803
202205,수인선,인천,1372,2137,3509
202205,수인선,인천논현,3291,3487,6778
202205,수인선,인하대,3831,3786,7617
202205,수인선,호구포,2303,2297,4600
202205,안산선,고잔,5285,5211,10496
202205,안산선,대야미,3728,3411,7139
202205,안산선,반월,3030,2905,5935
202205,안산선,산본,10466,11036,21502
202205,안산선,상록수,10714,10702,21416
202205,안산선,수리산,2533,2582,5115
202205,안산선,신길온천,1532,1386,2918
202205,안산선,안산,11417,10515,21932
202205,안산선,오이도,7474,6994,14468
202205,안산선,정왕,6206,6812,13018
202205,안산선,중앙,14082,13956,28038
202205,안산선,초지,2983,2941,5924
202205,안산선,한대앞,6333,6546,12879
202205,우이신설선,4.19민주묘지,2571,2164,4735
202205,우이신설선,가오리,2895,2867,5762
202205,우이신설선,보문,1118,1111,2229
202205,우이신설선,북한산보국문,4391,4002,8393
202205,우이신설선,북한산우이,4107,3913,8020
202205,우이신설선,삼양,1318,1386,2704
202205,우이신설선,삼양사거리,1726,1741,3467
202205,우이신설선,성신여대입구,2444,2914,5358
202205,우이신설선,솔밭공원,1672,1577,3249
202205,우이신설선,솔샘,3368,3210,6578
202205,우이신설선,신설동,1320,1344,2664
202205,우이신설선,정릉,3296,2689,5985
202205,우이신설선,화계,2472,2253,4725
202205,일산선,대곡,1265,1130,2395
202205,일산선,대화,10727,9765,20492
202205,일산선,마두,4083,4183,8266
202205,일산선,백석,6518,6325,12843
202205,일산선,삼송,12937,12415,25352
202205,일산선,원당,7348,7042,14390
202205,일산선,원흥,6376,6156,12532
202205,일산선,정발산,6803,6740,13543
202205,일산선,주엽,5498,5403,10901
202205,일산선,화정,11338,11369,22707
202205,장항선,배방,968,1137,2105
202205,장항선,봉명,694,688,1382
202205,장항선,신창,1286,2413,3699
202205,장항선,쌍용,1521,1732,3253
202205,장항선,아산,4721,3040,7761
202205,장항선,온양온천,3966,4074,8040
202205,장항선,탕정,584,719,1303
202205,중앙선,구리,9188,9590,18778
202205,중앙선,국수,759,661,1420
202205,중앙선,덕소,4100,4214,8314
202205,중앙선,도농,6356,6269,12625
202205,중앙선,도심,1543,1366,2909
202205,중앙선,망우,5873,5889,11762
202205,중앙선,상봉,4462,4781,9243
202205,중앙선,신원,453,263,716
202205,중앙선,아신,616,561,1177
202205,중앙선,양수,2381,2115,4496
202205,중앙선,양원,1635,1676,3311
202205,중앙선,양정,629,472,1101
202205,중앙선,양평,2918,2617,5535
202205,중앙선,오빈,304,261,565
202205,중앙선,용문,5381,4654,10035
202205,중앙선,운길산,1620,1526,3146
202205,중앙선,원덕,529,459,988
202205,중앙선,중랑,4160,4002,8162
202205,중앙선,지평,75,58,133
202205,중앙선,팔당,1762,1841,3603
202205,중앙선,회기,18335,18751,37086
202205,1호선,동대문,11801,11591,23392
202205,1호선,동묘앞,12672,13040,25712
202205,1호선,서울역,41094,40983,82077
202205,1호선,시청,15618,16223,31841
202205,1호선,신설동,10977,10464,21441
202205,1호선,제기동,16477,16760,33237
202205,1호선,종각,24847,22655,47502
202205,1호선,종로3가,28555,25825,54380
202205,1호선,종로5가,22560,22784,45344
202205,1호선,청량리,20732,20961,41693
202205,2호선,강남,66742,68983,135725
202205,2호선,강변,33182,32898,66080
202205,2호선,건대입구,40890,45041,85931
202205,2호선,교대,20280,22870,43150
202205,2호선,구로디지털단지,38013,36715,74728
202205,2호선,구의,18053,17203,35256
202205,2호선,낙성대,24659,22374,47033
202205,2호선,당산,15471,17049,32520
202205,2호선,대림,19858,20647,40505
202205,2호선,도림천,897,939,1836
202205,2호선,동대문역사문화공원,11840,14086,25926
202205,2호선,뚝섬,17578,17959,35537
202205,2호선,문래,14628,15845,30473
202205,2호선,방배,11489,11824,23313
202205,2호선,봉천,19019,16870,35889
202205,2호선,사당,38219,42759,80978
202205,2호선,삼성,31836,31991,63827
202205,2호선,상왕십리,11051,10227,21278
202205,2호선,서울대입구,42137,40900,83037
202205,2호선,서초,12913,10622,23535
202205,2호선,선릉,26911,23615,50526
202205,2호선,성수,23477,27288,50765
202205,2호선,시청,12073,10397,22470
202205,2호선,신답,1137,1173,2310
202205,2호선,신당,12332,13146,25478
202205,2호선,신대방,22811,21301,44112
202205,2호선,신도림,45592,46690,92282
202205,2호선,신림,56721,53379,110100
202205,2호선,신설동,3783,3712,7495
202205,2호선,신정네거리,8342,8275,16617
202205,2호선,신촌,35642,36507,72149
202205,2호선,아현,8385,7660,16045
202205,2호선,양천구청,5707,5446,11153
202205,2호선,역삼,20089,22630,42719
202205,2호선,영등포구청,14299,14818,29117
202205,2호선,왕십리,15490,13647,29137
202205,2호선,용답,2397,2182,4579
202205,2호선,용두,1897,1788,3685
202205,2호선,을지로3가,14362,14932,29294
202205,2호선,을지로4가,8307,8978,17285
202205,2호선,을지로입구,25334,25844,51178
202205,2호선,이대,11729,12153,23882
202205,2호선,잠실,75959,72960,148919
202205,2호선,잠실나루,8606,8310,16916
202205,2호선,잠실새내,20620,20795,41415
202205,2호선,종합운동장,18855,21615,40470
202205,2호선,충정로,6473,6979,13452
202205,2호선,한양대,5585,5986,11571
202205,2호선,합정,32816,37565,70381
202205,2호선,홍대입구,75077,84773,159850
202205,3호선,가락시장,6809,6451,13260
202205,3호선,경복궁,29562,34134,63696
202205,3호선,경찰병원,4415,4209,8624
202205,3호선,고속터미널,60824,59526,120350
202205,3호선,교대,8616,5357,13973
202205,3호선,구파발,18062,18445,36507
202205,3호선,금호,6504,5804,12308
202205,3호선,남부터미널,24323,23890,48213
202205,3호선,녹번,11810,10009,21819
202205,3호선,대청,6822,6136,12958
202205,3호선,대치,10675,9594,20269
202205,3호선,도곡,3886,4173,8059
202205,3호선,독립문,7191,7954,15145
202205,3호선,동대입구,7728,9096,16824
202205,3호선,매봉,7192,7069,14261
202205,3호선,무악재,3066,3269,6335
202205,3호선,불광,14565,16373,30938
202205,3호선,수서,15823,15340,31163
202205,3호선,신사,28520,30670,59190
202205,3호선,안국,23503,25613,49116
202205,3호선,압구정,27311,29447,56758
202205,3호선,약수,10478,10011,20489
202205,3호선,양재,24968,27665,52633
202205,3호선,연신내,32352,30313,62665
202205,3호선,오금,4218,3916,8134
202205,3호선,옥수,8219,8068,16287
202205,3호선,을지로3가,6822,7448,14270
202205,3호선,일원,5723,5570,11293
202205,3호선,잠원,4242,3965,8207
202205,3호선,종로3가,7378,10902,18280
202205,3호선,지축,4188,3652,7840
202205,3호선,충무로,3,0,3
202205,3호선,학여울,1549,1471,3020
202205,3호선,홍제,15126,14204,29330
202205,4호선,길음,17578,16202,33780
202205,4호선,남태령,1456,775,2231
202205,4호선,노원,17821,20075,37896
202205,4호선,당고개,8141,7524,15665
202205,4호선,동대문,15850,16353,32203
202205,4호선,동대문역사문화공원,13122,11490,24612
202205,4호선,동작,2479,2670,5149
202205,4호선,명동,18086,20886,38972
202205,4호선,미아,11929,11021,22950
202205,4호선,미아사거리,24733,23472,48205
202205,4호선,사당,26063,23123,49186
202205,4호선,삼각지,4812,6551,11363
202205,4호선,상계,16397,14752,31149
202205,4호선,서울역,6922,17057,23979
202205,4호선,성신여대입구,18934,17816,36750
202205,4호선,수유,29717,29209,58926
202205,4호선,숙대입구,11157,10863,22020
202205,4호선,신용산,13733,14640,28373
202205,4호선,쌍문,24104,20929,45033
202205,4호선,이촌,8318,9300,17618
202205,4호선,창동,22450,23381,45831
202205,4호선,총신대입구,16798,17962,34760
202205,4호선,충무로,15758,17648,33406
202205,4호선,한성대입구,12133,11877,24010
202205,4호선,혜화,33447,35242,68689
202205,4호선,회현,21204,22066,43270
202205,5호선,강동,14497,13625,28122
202205,5호선,강일,3621,3285,6906
202205,5호선,개롱,4651,4829,9480
202205,5호선,개화산,4265,3982,8247
202205,5호선,거여,7657,6964,14621
202205,5호선,고덕,7292,7209,14501
202205,5호선,공덕,8388,8607,16995
202205,5호선,광나루,11670,10759,22429
202205,5호선,광화문,20231,21222,41453
202205,5호선,군자,9675,10942,20617
202205,5호선,굽은다리,8182,7637,15819
202205,5호선,길동,6681,6574,13255
202205,5호선,김포공항,8503,8892,17395
202205,5호선,까치산,23468,21888,45356
202205,5호선,답십리,11495,10270,21765
202205,5호선,동대문역사문화공원,1088,1487,2575
202205,5호선,둔촌동,6763,6627,13390
202205,5호선,마곡,6188,6196,12384
202205,5호선,마장,4448,4117,8565
202205,5호선,마천,5687,5644,11331
202205,5호선,마포,8484,8601,17085
202205,5호선,명일,7271,7098,14369
202205,5호선,목동,12874,12651,25525
202205,5호선,미사,14119,14103,28222
202205,5호선,발산,15936,17304,33240
202205,5호선,방이,5878,5760,11638
202205,5호선,방화,5331,5052,10383
202205,5호선,상일동,10853,9699,20552
202205,5호선,서대문,9011,8751,17762
202205,5호선,송정,5482,5105,10587
202205,5호선,신금호,4783,4736,9519
202205,5호선,신길,2994,3033,6027
202205,5호선,신정,10126,8338,18464
202205,5호선,아차산,15081,14206,29287
202205,5호선,애오개,4178,4027,8205
202205,5호선,양평,4212,3880,8092
202205,5호선,여의나루,22823,24605,47428
202205,5호선,여의도,13774,15191,28965
202205,5호선,영등포구청,2215,2185,4400
202205,5호선,영등포시장,9216,9848,19064
202205,5호선,오금,2378,2254,4632
202205,5호선,오목교,18316,19341,37657
202205,5호선,올림픽공원,4087,3928,8015
202205,5호선,왕십리,3992,5139,9131
202205,5호선,우장산,11461,10921,22382
202205,5호선,을지로4가,4185,4558,8743
202205,5호선,장한평,12741,12011,24752
202205,5호선,종로3가,16245,16594,32839
202205,5호선,천호,19138,18508,37646
202205,5호선,청구,3054,2630,5684
202205,5호선,충정로,2258,2008,4266
202205,5호선,하남검단산,6208,6034,12242
202205,5호선,하남시청,6528,6140,12668
202205,5호선,하남풍산,3237,3119,6356
202205,5호선,행당,6317,5469,11786
202205,5호선,화곡,23043,20637,43680
202205,6호선,고려대,6962,6517,13479
202205,6호선,공덕,12093,11568,23661
202205,6호선,광흥창,6181,5663,11844
202205,6호선,구산,6216,4348,10564
202205,6호선,녹사평,6944,7696,14640
202205,6호선,대흥,6922,6765,13687
202205,6호선,독바위,2320,2520,4840
202205,6호선,돌곶이,7196,6419,13615
202205,6호선,동묘앞,8698,8610,17308
202205,6호선,디지털미디어시티,8983,8916,17899
202205,6호선,마포구청,11242,9166,20408
202205,6호선,망원,15011,16484,31495
202205,6호선,버티고개,1833,1781,3614
202205,6호선,보문,6000,5260,11260
202205,6호선,봉화산,6266,6106,12372
202205,6호선,불광,4406,4002,8408
202205,6호선,삼각지,8636,6586,15222
202205,6호선,상수,9587,11710,21297
202205,6호선,상월곡,4741,3981,8722
202205,6호선,새절,9888,9260,19148
202205,6호선,석계,10006,9810,19816
202205,6호선,신당,6924,6429,13353
202205,6호선,안암,8315,7940,16255
202205,6호선,약수,2800,2815,5615
202205,6호선,역촌,2897,3265,6162
202205,6호선,월곡,8647,8081,16728
202205,6호선,월드컵경기장,12350,13926,26276
202205,6호선,응암,14287,13738,28025
202205,6호선,이태원,17306,23024,40330
202205,6호선,증산,8257,7757,16014
202205,6호선,창신,2409,1950,4359
202205,6호선,청구,2686,2591,5277
202205,6호선,태릉입구,8427,10256,18683
202205,6호선,한강진,10936,13658,24594
202205,6호선,합정,14924,14486,29410
202205,6호선,화랑대,8610,6788,15398
202205,6호선,효창공원앞,5843,5187,11030
202205,7호선,가산디지털단지,15868,14444,30312
202205,7호선,강남구청,10729,12151,22880
202205,7호선,건대입구,12433,14064,26497
202205,7호선,고속터미널,17839,13350,31189
202205,7호선,공릉,10138,9658,19796
202205,7호선,광명사거리,18708,18298,37006
202205,7호선,군자,12517,9177,21694
202205,7호선,까치울,1,0,1
202205,7호선,남구로,8934,9100,18034
202205,7호선,남성,8590,7760,16350
202205,7호선,내방,8832,8717,17549
202205,7호선,노원,17478,18845,36323
202205,7호선,논현,12171,13346,25517
202205,7호선,대림,7757,8476,16233
202205,7호선,도봉산,7875,10351,18226
202205,7호선,뚝섬유원지,17281,16290,33571
202205,7호선,마들,10263,9423,19686
202205,7호선,먹골,9597,8427,18024
202205,7호선,면목,12378,11426,23804
202205,7호선,반포,5142,4906,10048
202205,7호선,보라매,7261,6892,14153
202205,7호선,사가정,14060,13103,27163
202205,7호선,상도,8972,8023,16995
202205,7호선,상봉,15590,14688,30278
202205,7호선,수락산,11772,11267,23039
202205,7호선,숭실대입구,9923,9649,19572
202205,7호선,신대방삼거리,12373,11397,23770
202205,7호선,신풍,9111,8482,17593
202205,7호선,어린이대공원,12728,12643,25371
202205,7호선,온수,6298,6333,12631
202205,7호선,용마산,5134,5233,10367
202205,7호선,이수,14104,13543,27647
202205,7호선,장승배기,7362,6926,14288
202205,7호선,장암,2163,1501,3664
202205,7호선,중계,10818,9467,20285
202205,7호선,중곡,7877,7112,14989
202205,7호선,중화,9762,8661,18423
202205,7호선,천왕,7926,7407,15333
202205,7호선,철산,17335,17446,34781
202205,7호선,청담,12538,13515,26053
202205,7호선,태릉입구,13177,13291,26468
202205,7호선,하계,14001,12661,26662
202205,7호선,학동,11686,12403,24089
202205,8호선,가락시장,6030,6417,12447
202205,8호선,강동구청,6909,6641,13550
202205,8호선,남위례,4027,4152,8179
202205,8호선,남한산성입구,10382,9186,19568
202205,8호선,단대오거리,8675,7843,16518
202205,8호선,모란,4070,3744,7814
202205,8호선,몽촌토성,5831,5677,11508
202205,8호선,문정,9833,9847,19680
202205,8호선,복정,7226,6177,13403
202205,8호선,산성,5041,4908,9949
202205,8호선,석촌,6509,7972,14481
202205,8호선,송파,6468,6115,12583
202205,8호선,수진,4447,3896,8343
202205,8호선,신흥,3986,4203,8189
202205,8호선,암사,14000,12258,26258
202205,8호선,잠실,14369,17482,31851
202205,8호선,장지,13671,12363,26034
202205,8호선,천호,13057,15949,29006
202205,9호선,가양,15999,15298,31297
202205,9호선,개화,1650,1356,3006
202205,9호선,고속터미널,17294,24327,41621
202205,9호선,공항시장,2511,2646,5157
202205,9호선,구반포,1417,1617,3034
202205,9호선,국회의사당,5216,5327,10543
202205,9호선,김포공항,8882,13331,22213
202205,9호선,노들,4248,3670,7918
202205,9호선,노량진,24186,22854,47040
202205,9호선,당산,15608,15774,31382
202205,9호선,동작,2943,2521,5464
202205,9호선,등촌,8006,7475,15481
202205,9호선,마곡나루,9581,9348,18929
202205,9호선,사평,2689,2398,5087
202205,9호선,샛강,3087,2987,6074
202205,9호선,선유도,5034,4782,9816
202205,9호선,신논현,29540,29613,59153
202205,9호선,신목동,2972,2426,5398
202205,9호선,신반포,3767,3932,7699
202205,9호선,신방화,5348,4897,10245
202205,9호선,양천향교,6681,6156,12837
202205,9호선,여의도,14479,14445,28924
202205,9호선,염창,13591,12259,25850
202205,9호선,증미,4441,4090,8531
202205,9호선,흑석,6749,6345,13094
202205,9호선2~3단계,둔촌오륜,760,783,1543
202205,9호선2~3단계,봉은사,12438,13232,25670
202205,9호선2~3단계,삼성중앙,3389,3367,6756
202205,9호선2~3단계,삼전,5329,4759,10088
202205,9호선2~3단계,석촌,7893,6479,14372
202205,9호선2~3단계,석촌고분,5080,4638,9718
202205,9호선2~3단계,선정릉,5509,6016,11525
202205,9호선2~3단계,송파나루,4585,5025,9610
202205,9호선2~3단계,언주,7199,7162,14361
202205,9호선2~3단계,올림픽공원,8595,8658,17253
202205,9호선2~3단계,종합운동장,5136,4380,9516
202205,9호선2~3단계,중앙보훈병원,5564,5126,10690
202205,9호선2~3단계,한성백제,2494,2015,4509
202205,경강선,경기광주,6384,5766,12150
202205,경강선,곤지암,2246,2346,4592
202205,경강선,부발,2417,2089,4506
202205,경강선,삼동,1726,1566,3292
202205,경강선,세종대왕릉,433,490,923
202205,경강선,신둔도예촌,1448,1410,2858
202205,경강선,여주,2910,3172,6082
202205,경강선,이매,986,821,1807
202205,경강선,이천,3176,3366,6542
202205,경강선,초월,2629,2298,4927
202205,경강선,판교,3678,3617,7295
202205,경부선,가산디지털단지,7147,9438,16585
202205,경부선,관악,7165,6810,13975
202205,경부선,광명,3431,3121,6552
202205,경부선,구로,15301,16165,31466
202205,경부선,군포,4911,4358,9269
202205,경부선,금정,22544,22205,44749
202205,경부선,금천구청,9807,9663,19470
202205,경부선,남영,6568,6591,13159
202205,경부선,노량진,9892,9049,18941
202205,경부선,당정,4851,4507,9358
202205,경부선,대방,9738,9534,19272
202205,경부선,독산,10512,10007,20519
202205,경부선,두정,6695,6536,13231
202205,경부선,명학,6283,5940,12223
202205,경부선,병점,14462,14195,28657
202205,경부선,서동탄,1279,1315,2594
202205,경부선,서울역,10808,2494,13302
202205,경부선,서정리,7475,6762,14237
202205,경부선,석수,8195,7708,15903
202205,경부선,성균관대,12369,12309,24678
202205,경부선,성환,3767,3484,7251
202205,경부선,세류,2896,2892,5788
202205,경부선,세마,2708,2351,5059
202205,경부선,송탄,5304,4910,10214
202205,경부선,수원,45059,48833,93892
202205,경부선,신길,6955,5840,12795
202205,경부선,신도림,3658,3834,7492
202205,경부선,안양,21072,20941,42013
202205,경부선,영등포,45449,48384,93833
202205,경부선,오산,11008,10066,21074
202205,경부선,오산대,3887,3574,7461
202205,경부선,용산,44159,47170,91329
202205,경부선,의왕,7161,6830,13991
202205,경부선,직산,881,831,1712
202205,경부선,진위,1206,1050,2256
202205,경부선,천안,8060,8360,16420
202205,경부선,평택,15787,15146,30933
202205,경부선,평택지제,3523,3404,6927
202205,경부선,화서,7016,6793,13809
202205,경원선,가능,5971,5512,11483
202205,경원선,광운대,6425,6290,12715
202205,경원선,녹양,4312,4082,8394
202205,경원선,녹천,3781,3030,6811
202205,경원선,덕계,3007,2669,5676
202205,경원선,덕정,5550,4912,10462
202205,경원선,도봉,5050,4782,9832
202205,경원선,도봉산,10227,7437,17664
202205,경원선,동두천,1978,2399,4377
202205,경원선,동두천중앙,3205,3088,6293
202205,경원선,망월사,6830,6709,13539
202205,경원선,방학,8730,8295,17025
202205,경원선,보산,2043,1919,3962
202205,경원선,서빙고,2144,2059,4203
202205,경원선,석계,7645,8072,15717
202205,경원선,소요산,4980,4241,9221
202205,경원선,신이문,6930,6115,13045
202205,경원선,양주,7491,6952,14443
202205,경원선,옥수,33,41,74
202205,경원선,왕십리,14470,16428,30898
202205,경원선,외대앞,7218,6602,13820
202205,경원선,월계,5472,4865,10337
202205,경원선,응봉,1817,1563,3380
202205,경원선,의정부,20457,22138,42595
202205,경원선,이촌,4057,2870,6927
202205,경원선,지행,6934,6834,13768
202205,경원선,창동,3,0,3
202205,경원선,청량리,19632,20043,39675
202205,경원선,한남,3470,3348,6818
202205,경원선,회룡,11510,11071,22581
202205,경의선,가좌,4635,4305,8940
202205,경의선,강매,2679,2551,5230
202205,경의선,곡산,521,463,984
202205,경의선,공덕,3163,2438,5601
202205,경의선,금릉,4632,4407,9039
202205,경의선,금촌,7193,6703,13896
202205,경의선,능곡,3570,3368,6938
202205,경의선,디지털미디어시티,2482,2180,4662
202205,경의선,문산,5740,5411,11151
202205,경의선,백마,5354,4938,10292
202205,경의선,서강대,2044,1971,4015
202205,경의선,서울역,1816,1867,3683
202205,경의선,수색,1820,1697,3517
202205,경의선,신촌,452,504,956
202205,경의선,야당,7777,8025,15802
202205,경의선,운정,5899,5317,11216
202205,경의선,월롱,2270,1831,4101
202205,경의선,일산,7457,7150,14607
202205,경의선,임진강,137,112,249
202205,경의선,탄현,6532,6048,12580
202205,경의선,파주,1034,755,1789
202205,경의선,풍산,5193,4865,10058
202205,경의선,행신,6518,6356,12874
202205,경의선,홍대입구,2395,3231,5626
202205,경의선,화전,1503,1369,2872
202205,경의선,효창공원앞,2178,2248,4426
202205,경인선,간석,5128,4803,9931
202205,경인선,개봉,18700,17750,36450
202205,경인선,구일,7989,8021,16010
202205,경인선,도원,2441,2454,4895
202205,경인선,도화,3698,3436,7134
202205,경인선,동암,14396,14497,28893
202205,경인선,동인천,14063,13782,27845
202205,경인선,백운,6430,6290,12720
202205,경인선,부개,7436,6873,14309
202205,경인선,부천,32587,33814,66401
202205,경인선,부평,32949,36868,69817
202205,경인선,소사,8849,8232,17081
202205,경인선,송내,21583,21091,42674
202205,경인선,역곡,23751,22809,46560
202205,경인선,오류동,10328,9247,19575
202205,경인선,온수,6019,5289,11308
202205,경인선,인천,6263,5438,11701
202205,경인선,제물포,8681,8182,16863
202205,경인선,주안,18997,16338,35335
202205,경인선,중동,7640,7038,14678
202205,경춘선,가평,2911,3587,6498
202205,경춘선,갈매,2386,1946,4332
202205,경춘선,강촌,1233,1390,2623
202205,경춘선,굴봉산,288,233,521
202205,경춘선,금곡,1356,1236,2592
202205,경춘선,김유정,783,900,1683
202205,경춘선,남춘천,3855,4173,8028
202205,경춘선,대성리,3510,3249,6759
202205,경춘선,마석,4094,3898,7992
202205,경춘선,백양리,136,253,389
202205,경춘선,별내,2852,2554,5406
202205,경춘선,사릉,2041,1966,4007
202205,경춘선,상천,685,500,1185
202205,경춘선,신내,1550,1553,3103
202205,경춘선,천마산,1607,1574,3181
202205,경춘선,청평,2740,3098,5838
202205,경춘선,춘천,2988,2475,5463
202205,경춘선,퇴계원,3071,2755,5826
202205,경춘선,평내호평,5638,5437,11075
202205,공항철도 1호선,검암,5534,5483,11017
202205,공항철도 1호선,계양,8883,8062,16945
202205,공항철도 1호선,공덕,1784,2876,4660
202205,공항철도 1호선,공항화물청사,1423,1496,2919
202205,공항철도 1호선,김포공항,12166,6150,18316
202205,공항철도 1호선,디지털미디어시티,7213,6390,13603
202205,공항철도 1호선,마곡나루,3995,4615,8610
202205,공항철도 1호선,서울역,10131,10217,20348
202205,공항철도 1호선,영종,3658,3726,7384
202205,공항철도 1호선,운서,7558,7663,15221
202205,공항철도 1호선,인천공항1터미널,6684,5731,12415
202205,공항철도 1호선,인천공항2터미널,3496,2961,6457
202205,공항철도 1호선,청라국제도시,5339,5052,10391
202205,공항철도 1호선,홍대입구,14566,14771,29337
202205,과천선,경마공원,13429,13655,27084
202205,과천선,과천,5872,5304,11176
202205,과천선,대공원,10885,11300,22185
202205,과천선,범계,23868,23781,47649
202205,과천선,선바위,6885,5928,12813
202205,과천선,인덕원,20320,19665,39985
202205,과천선,정부과천청사,7378,7201,14579
202205,과천선,평촌,11077,10613,21690
202205,분당선,가천대,6517,6602,13119
202205,분당선,강남구청,6135,7529,13664
202205,분당선,개포동,3091,3009,6100
202205,분당선,구룡,1615,1386,3001
202205,분당선,구성,3852,3983,7835
202205,분당선,기흥,7935,7307,15242
202205,분당선,대모산입구,3441,3133,6574
202205,분당선,도곡,5516,4856,10372
202205,분당선,망포,10896,9719,20615
202205,분당선,매교,2346,2302,4648
202205,분당선,매탄권선,4154,3771,7925
202205,분당선,모란,17670,18025,35695
202205,분당선,미금,11800,12238,24038
202205,분당선,보정,1981,1712,3693
202205,분당선,복정,2,0,2
202205,분당선,상갈,4387,4254,8641
202205,분당선,서울숲,12552,13383,25935
202205,분당선,서현,21294,21598,42892
202205,분당선,선릉,5802,8832,14634
202205,분당선,선정릉,3956,4024,7980
202205,분당선,수내,9965,9396,19361
202205,분당선,수서,11841,12274,24115
202205,분당선,수원,8712,7238,15950
202205,분당선,수원시청,12600,15010,27610
202205,분당선,신갈,3357,3288,6645
202205,분당선,압구정로데오,19941,24215,44156
202205,분당선,야탑,21181,22167,43348
202205,분당선,영통,7982,7894,15876
202205,분당선,오리,8755,7129,15884
202205,분당선,이매,5173,4974,10147
202205,분당선,정자,11852,12417,24269
202205,분당선,죽전,11718,13092,24810
202205,분당선,청명,3234,3191,6425
202205,분당선,태평,12136,11160,23296
202205,분당선,한티,13489,12943,26432
202205,수인선,고색,3176,3055,6231
202205,수인선,남동인더스파크,1129,1069,2198
202205,수인선,달월,80,79,159
202205,수인선,사리,4252,3430,7682
202205,수인선,소래포구,7618,7761,15379
202205,수인선,송도,2409,2297,4706
202205,수인선,숭의,3209,2842,6051
202205,수인선,신포,1680,1772,3452
202205,수인선,야목,334,273,607
202205,수인선,어천,920,791,1711
202205,수인선,연수,4689,4724,9413
202205,수인선,오목천,2626,2244,4870
202205,수인선,원인재,4274,4452,8726
202205,수인선,월곶,2506,2356,4862
202205,수인선,인천,1583,2767,4350
202205,수인선,인천논현,4980,5225,10205
202205,수인선,인하대,5310,4907,10217
202205,수인선,호구포,2964,2817,5781
202205,안산선,고잔,8121,7951,16072
202205,안산선,대야미,4926,4290,9216
202205,안산선,반월,4079,3843,7922
202205,안산선,산본,14659,15550,30209
202205,안산선,상록수,14492,14259,28751
202205,안산선,수리산,3333,3031,6364
202205,안산선,신길온천,1798,1664,3462
202205,안산선,안산,10851,11018,21869
202205,안산선,오이도,9387,9358,18745
202205,안산선,정왕,7929,7727,15656
202205,안산선,중앙,18650,19678,38328
202205,안산선,초지,4080,4065,8145
202205,안산선,한대앞,8915,8638,17553
202205,우이신설선,4.19민주묘지,2833,2412,5245
202205,우이신설선,가오리,3295,3114,6409
202205,우이신설선,보문,1254,1258,2512
202205,우이신설선,북한산보국문,5943,4849,10792
202205,우이신설선,북한산우이,4408,4613,9021
202205,우이신설선,삼양,1683,1702,3385
202205,우이신설선,삼양사거리,2185,2117,4302
202205,우이신설선,성신여대입구,3119,3955,7074
202205,우이신설선,솔밭공원,2073,1979,4052
202205,우이신설선,솔샘,4449,3845,8294
202205,우이신설선,신설동,1569,1508,3077
202205,우이신설선,정릉,4487,3449,7936
202205,우이신설선,화계,2845,2511,5356
202205,일산선,대곡,1707,1517,3224
202205,일산선,대화,10089,8968,19057
202205,일산선,마두,5807,5819,11626
202205,일산선,백석,8524,8414,16938
202205,일산선,삼송,16639,15680,32319
202205,일산선,원당,9796,9249,19045
202205,일산선,원흥,8697,8141,16838
202205,일산선,정발산,7841,8464,16305
202205,일산선,주엽,7836,7635,15471
202205,일산선,화정,14781,15056,29837
202205,장항선,배방,1360,1285,2645
202205,장항선,봉명,936,885,1821
202205,장항선,신창,1789,1439,3228
202205,장항선,쌍용,2073,1838,3911
202205,장항선,아산,4142,3886,8028
202205,장항선,온양온천,4814,4864,9678
202205,장항선,탕정,957,771,1728
202205,중앙선,구리,12216,12497,24713
202205,중앙선,국수,855,908,1763
202205,중앙선,덕소,5280,5270,10550
202205,중앙선,도농,8786,8148,16934
202205,중앙선,도심,1879,1566,3445
202205,중앙선,망우,7629,7501,15130
202205,중앙선,상봉,5746,5727,11473
202205,중앙선,신원,323,261,584
202205,중앙선,아신,833,842,1675
202205,중앙선,양수,2906,2835,5741
202205,중앙선,양원,2334,2291,4625
202205,중앙선,양정,676,532,1208
202205,중앙선,양평,3495,3650,7145
202205,중앙선,오빈,357,350,707
202205,중앙선,용문,2819,3103,5922
202205,중앙선,운길산,1569,1647,3216
202205,중앙선,원덕,525,546,1071
202205,중앙선,중랑,5375,5088,10463
202205,중앙선,지평,67,93,160
202205,중앙선,팔당,1772,1897,3669
202205,중앙선,회기,24094,22335,46429
202205,1호선,동대문,10932,11185,22117
202205,1호선,동묘앞,13834,13960,27794
202205,1호선,서울역,33518,32027,65545
202205,1호선,시청,10036,9357,19393
202205,1호선,신설동,8528,8395,16923
202205,1호선,제기동,10744,11206,21950
202205,1호선,종각,15515,13282,28797
202205,1호선,종로3가,18053,14882,32935
202205,1호선,종로5가,11817,11580,23397
202205,1호선,청량리,14619,14643,29262
202205,2호선,강남,38536,37549,76085
202205,2호선,강변,26257,25652,51909
202205,2호선,건대입구,29922,31317,61239
202205,2호선,교대,11935,13255,25190
202205,2호선,구로디지털단지,26312,25616,51928
202205,2호선,구의,12500,12395,24895
202205,2호선,낙성대,17720,18209,35929
202205,2호선,당산,10522,11840,22362
202205,2호선,대림,17156,17692,34848
202205,2호선,도림천,515,524,1039
202205,2호선,동대문역사문화공원,9190,10953,20143
202205,2호선,뚝섬,12280,12183,24463
202205,2호선,문래,8709,9223,17932
202205,2호선,방배,7345,7867,15212
202205,2호선,봉천,13474,12801,26275
202205,2호선,사당,25895,28478,54373
202205,2호선,삼성,24023,23234,47257
202205,2호선,상왕십리,7745,7637,15382
202205,2호선,서울대입구,30045,30869,60914
202205,2호선,서초,12971,12025,24996
202205,2호선,선릉,14775,12524,27299
202205,2호선,성수,15279,17588,32867
202205,2호선,시청,7309,5960,13269
202205,2호선,신답,884,870,1754
202205,2호선,신당,9415,10029,19444
202205,2호선,신대방,17291,16972,34263
202205,2호선,신도림,31148,31771,62919
202205,2호선,신림,40954,40320,81274
202205,2호선,신설동,3523,3489,7012
202205,2호선,신정네거리,5938,5979,11917
202205,2호선,신촌,24374,24027,48401
202205,2호선,아현,5807,5713,11520
202205,2호선,양천구청,3739,3788,7527
202205,2호선,역삼,12283,13500,25783
202205,2호선,영등포구청,8853,9344,18197
202205,2호선,왕십리,10621,9394,20015
202205,2호선,용답,1834,1819,3653
202205,2호선,용두,1100,1041,2141
202205,2호선,을지로3가,10242,9685,19927
202205,2호선,을지로4가,4133,4040,8173
202205,2호선,을지로입구,18032,17249,35281
202205,2호선,이대,8118,8640,16758
202205,2호선,잠실,55344,51154,106498
202205,2호선,잠실나루,5888,5988,11876
202205,2호선,잠실새내,13415,13509,26924
202205,2호선,종합운동장,16204,18105,34309
202205,2호선,충정로,3989,4364,8353
202205,2호선,한양대,3281,3693,6974
202205,2호선,합정,24086,25845,49931
202205,2호선,홍대입구,56315,55215,111530
202205,3호선,가락시장,4262,4421,8683
202205,3호선,경복궁,19162,21074,40236
202205,3호선,경찰병원,2977,3058,6035
202205,3호선,고속터미널,49821,46475,96296
202205,3호선,교대,5157,3196,8353
202205,3호선,구파발,13020,13284,26304
202205,3호선,금호,4689,4383,9072
202205,3호선,남부터미널,16756,17988,34744
202205,3호선,녹번,8234,7377,15611
202205,3호선,대청,4777,4642,9419
202205,3호선,대치,6889,5996,12885
202205,3호선,도곡,2382,2543,4925
202205,3호선,독립문,4966,5698,10664
202205,3호선,동대입구,5944,6629,12573
202205,3호선,매봉,4821,4843,9664
202205,3호선,무악재,2107,2287,4394
202205,3호선,불광,10759,12248,23007
202205,3호선,수서,11139,11449,22588
202205,3호선,신사,15982,16055,32037
202205,3호선,안국,14815,15982,30797
202205,3호선,압구정,15486,16413,31899
202205,3호선,약수,7780,7538,15318
202205,3호선,양재,15516,18051,33567
202205,3호선,연신내,23119,21908,45027
202205,3호선,오금,3012,2937,5949
202205,3호선,옥수,5617,5739,11356
202205,3호선,을지로3가,4160,3832,7992
202205,3호선,일원,3844,4020,7864
202205,3호선,잠원,2617,2497,5114
202205,3호선,종로3가,5020,6400,11420
202205,3호선,지축,2792,2605,5397
202205,3호선,충무로,1,0,1
202205,3호선,학여울,1068,1058,2126
202205,3호선,홍제,10776,10440,21216
202205,4호선,길음,12316,11768,24084
202205,4호선,남태령,959,660,1619
202205,4호선,노원,13269,14303,27572
202205,4호선,당고개,6232,5996,12228
202205,4호선,동대문,8391,8776,17167
202205,4호선,동대문역사문화공원,10413,9502,19915
202205,4호선,동작,1573,1770,3343
202205,4호선,명동,14316,14463,28779
202205,4호선,미아,8889,8276,17165
202205,4호선,미아사거리,17555,16383,33938
202205,4호선,사당,18169,16821,34990
202205,4호선,삼각지,3648,4874,8522
202205,4호선,상계,11692,10919,22611
202205,4호선,서울역,5235,14126,19361
202205,4호선,성신여대입구,13977,13470,27447
202205,4호선,수유,22102,21551,43653
202205,4호선,숙대입구,8680,8439,17119
202205,4호선,신용산,9744,10196,19940
202205,4호선,쌍문,17547,15814,33361
202205,4호선,이촌,7235,8093,15328
202205,4호선,창동,16450,17276,33726
202205,4호선,총신대입구,11688,12617,24305
202205,4호선,충무로,10069,11017,21086
202205,4호선,한성대입구,8773,8764,17537
202205,4호선,혜화,25459,26898,52357
202205,4호선,회현,10159,10103,20262
202205,5호선,강동,9904,9659,19563
202205,5호선,강일,2486,2381,4867
202205,5호선,개롱,3280,3639,6919
202205,5호선,개화산,2955,2946,5901
202205,5호선,거여,5341,5135,10476
202205,5호선,고덕,4929,4964,9893
202205,5호선,공덕,5140,5107,10247
202205,5호선,광나루,8673,8557,17230
202205,5호선,광화문,13602,13642,27244
202205,5호선,군자,6804,7601,14405
202205,5호선,굽은다리,5927,5762,11689
202205,5호선,길동,4679,4589,9268
202205,5호선,김포공항,7550,7758,15308
202205,5호선,까치산,17317,16621,33938
202205,5호선,답십리,8106,7401,15507
202205,5호선,동대문역사문화공원,762,975,1737
202205,5호선,둔촌동,5269,5238,10507
202205,5호선,마곡,3874,4030,7904
202205,5호선,마장,3215,3002,6217
202205,5호선,마천,4023,4322,8345
202205,5호선,마포,5222,5149,10371
202205,5호선,명일,5405,5355,10760
202205,5호선,목동,8940,8980,17920
202205,5호선,미사,9798,10099,19897
202205,5호선,발산,10334,11152,21486
202205,5호선,방이,4490,4289,8779
202205,5호선,방화,3871,3881,7752
202205,5호선,상일동,7375,7055,14430
202205,5호선,서대문,5872,5934,11806
202205,5호선,송정,4064,4005,8069
202205,5호선,신금호,3200,3478,6678
202205,5호선,신길,2157,2266,4423
202205,5호선,신정,7169,6366,13535
202205,5호선,아차산,12091,11402,23493
202205,5호선,애오개,2835,2975,5810
202205,5호선,양평,3007,2959,5966
202205,5호선,여의나루,17291,18150,35441
202205,5호선,여의도,9031,10033,19064
202205,5호선,영등포구청,1505,1408,2913
202205,5호선,영등포시장,6303,6825,13128
202205,5호선,오금,1785,1674,3459
202205,5호선,오목교,12508,12978,25486
202205,5호선,올림픽공원,3194,3024,6218
202205,5호선,왕십리,2670,3409,6079
202205,5호선,우장산,7776,7834,15610
202205,5호선,을지로4가,2061,2026,4087
202205,5호선,장한평,8934,8708,17642
202205,5호선,종로3가,10862,9726,20588
202205,5호선,천호,14471,13538,28009
202205,5호선,청구,1955,1843,3798
202205,5호선,충정로,1614,1632,3246
202205,5호선,하남검단산,5153,5090,10243
202205,5호선,하남시청,4638,4370,9008
202205,5호선,하남풍산,2528,2484,5012
202205,5호선,행당,4343,3953,8296
202205,5호선,화곡,15707,14964,30671
202205,6호선,고려대,4730,4694,9424
202205,6호선,공덕,7678,7220,14898
202205,6호선,광흥창,4605,4462,9067
202205,6호선,구산,4308,3218,7526
202205,6호선,녹사평,4966,4833,9799
202205,6호선,대흥,4496,4561,9057
202205,6호선,독바위,1623,1959,3582
202205,6호선,돌곶이,6220,5725,11945
202205,6호선,동묘앞,7209,7179,14388
202205,6호선,디지털미디어시티,6067,6530,12597
202205,6호선,마포구청,7866,6925,14791
202205,6호선,망원,10634,11436,22070
202205,6호선,버티고개,1255,1378,2633
202205,6호선,보문,4631,4382,9013
202205,6호선,봉화산,4389,4388,8777
202205,6호선,불광,3478,3211,6689
202205,6호선,삼각지,5386,4425,9811
202205,6호선,상수,6876,7751,14627
202205,6호선,상월곡,3614,3318,6932
202205,6호선,새절,7192,7002,14194
202205,6호선,석계,7115,7552,14667
202205,6호선,신당,5602,5855,11457
202205,6호선,안암,5883,6877,12760
202205,6호선,약수,1946,2022,3968
202205,6호선,역촌,2069,2478,4547
202205,6호선,월곡,6176,6035,12211
202205,6호선,월드컵경기장,6852,7126,13978
202205,6호선,응암,10158,10106,20264
202205,6호선,이태원,13965,11116,25081
202205,6호선,증산,6111,6079,12190
202205,6호선,창신,1927,1680,3607
202205,6호선,청구,1900,1654,3554
202205,6호선,태릉입구,6997,8611,15608
202205,6호선,한강진,8094,9539,17633
202205,6호선,합정,10794,10086,20880
202205,6호선,화랑대,5757,5169,10926
202205,6호선,효창공원앞,4139,3712,7851
202205,7호선,가산디지털단지,11839,11167,23006
202205,7호선,강남구청,6169,6707,12876
202205,7호선,건대입구,8475,9360,17835
202205,7호선,고속터미널,15523,9795,25318
202205,7호선,공릉,7152,7137,14289
202205,7호선,광명사거리,13787,13707,27494
202205,7호선,군자,8939,6861,15800
202205,7호선,남구로,7305,7120,14425
202205,7호선,남성,5991,6001,11992
202205,7호선,내방,5769,5997,11766
202205,7호선,노원,12669,13175,25844
202205,7호선,논현,6740,7119,13859
202205,7호선,대림,8985,8172,17157
202205,7호선,도봉산,6393,8972,15365
202205,7호선,뚝섬유원지,12757,11879,24636
202205,7호선,마들,7180,6492,13672
202205,7호선,먹골,7078,6116,13194
202205,7호선,면목,8720,8632,17352
202205,7호선,반포,3187,3227,6414
202205,7호선,보라매,5366,5247,10613
202205,7호선,사가정,10103,9595,19698
202205,7호선,상도,6054,6264,12318
202205,7호선,상봉,10842,9554,20396
202205,7호선,수락산,9493,9314,18807
202205,7호선,숭실대입구,6433,7020,13453
202205,7호선,신대방삼거리,8842,8781,17623
202205,7호선,신풍,6923,6678,13601
202205,7호선,어린이대공원,9257,9307,18564
202205,7호선,온수,4386,4476,8862
202205,7호선,용마산,3777,4166,7943
202205,7호선,이수,9390,8941,18331
202205,7호선,장승배기,5163,5057,10220
202205,7호선,장암,1635,1145,2780
202205,7호선,중계,7473,6937,14410
202205,7호선,중곡,5927,5579,11506
202205,7호선,중화,7417,6748,14165
202205,7호선,천왕,5588,5406,10994
202205,7호선,철산,11803,11678,23481
202205,7호선,청담,7347,7886,15233
202205,7호선,태릉입구,11084,11688,22772
202205,7호선,하계,10284,9787,20071
202205,7호선,학동,7044,7654,14698
202205,8호선,가락시장,3295,4139,7434
202205,8호선,강동구청,4939,4880,9819
202205,8호선,남위례,2894,3040,5934
202205,8호선,남한산성입구,7461,7015,14476
202205,8호선,단대오거리,6277,6071,12348
202205,8호선,모란,2993,2497,5490
202205,8호선,몽촌토성,4040,3763,7803
202205,8호선,문정,6347,6588,12935
202205,8호선,복정,5487,4955,10442
202205,8호선,산성,3500,3655,7155
202205,8호선,석촌,4539,5691,10230
202205,8호선,송파,4550,4539,9089
202205,8호선,수진,3208,2989,6197
202205,8호선,신흥,2916,3238,6154
202205,8호선,암사,9789,9226,19015
202205,8호선,잠실,10975,12821,23796
202205,8호선,장지,9595,9702,19297
202205,8호선,천호,9667,10977,20644
202205,9호선,가양,12310,11839,24149
202205,9호선,개화,1255,1212,2467
202205,9호선,고속터미널,14254,19454,33708
202205,9호선,공항시장,1837,2052,3889
202205,9호선,구반포,466,565,1031
202205,9호선,국회의사당,5595,4895,10490
202205,9호선,김포공항,8343,12363,20706
202205,9호선,노들,3128,2744,5872
202205,9호선,노량진,16468,16925,33393
202205,9호선,당산,11100,11305,22405
202205,9호선,동작,1560,1305,2865
202205,9호선,등촌,5574,5575,11149
202205,9호선,마곡나루,6530,6534,13064
202205,9호선,사평,1651,1651,3302
202205,9호선,샛강,2061,1991,4052
202205,9호선,선유도,3572,3536,7108
202205,9호선,신논현,18000,16924,34924
202205,9호선,신목동,2007,1811,3818
202205,9호선,신반포,2925,3098,6023
202205,9호선,신방화,3743,3633,7376
202205,9호선,양천향교,4491,4741,9232
202205,9호선,여의도,10685,10032,20717
202205,9호선,염창,9637,9381,19018
202205,9호선,증미,2657,2636,5293
202205,9호선,흑석,4388,4642,9030
202205,9호선2~3단계,둔촌오륜,594,570,1164
202205,9호선2~3단계,봉은사,9170,9103,18273
202205,9호선2~3단계,삼성중앙,2177,2184,4361
202205,9호선2~3단계,삼전,3861,3745,7606
202205,9호선2~3단계,석촌,5552,4705,10257
202205,9호선2~3단계,석촌고분,3490,3358,6848
202205,9호선2~3단계,선정릉,3527,3887,7414
202205,9호선2~3단계,송파나루,3413,3754,7167
202205,9호선2~3단계,언주,3983,4042,8025
202205,9호선2~3단계,올림픽공원,6956,7457,14413
202205,9호선2~3단계,종합운동장,3981,3446,7427
202205,9호선2~3단계,중앙보훈병원,4180,4068,8248
202205,9호선2~3단계,한성백제,1855,1529,3384
202205,경강선,경기광주,4584,4336,8920
202205,경강선,곤지암,1790,1952,3742
202205,경강선,부발,1615,2499,4114
202205,경강선,삼동,1266,1255,2521
202205,경강선,세종대왕릉,373,349,722
202205,경강선,신둔도예촌,1144,1149,2293
202205,경강선,여주,2588,2636,5224
202205,경강선,이매,851,537,1388
202205,경강선,이천,2495,2760,5255
202205,경강선,초월,1927,1844,3771
202205,경강선,판교,2865,2672,5537
202205,경부선,가산디지털단지,5491,7349,12840
202205,경부선,관악,5595,5184,10779
202205,경부선,광명,3295,2357,5652
202205,경부선,구로,11471,11580,23051
202205,경부선,군포,3494,3598,7092
202205,경부선,금정,16861,17032,33893
202205,경부선,금천구청,7439,7186,14625
202205,경부선,남영,5180,5531,10711
202205,경부선,노량진,6776,6423,13199
202205,경부선,당정,3534,3326,6860
202205,경부선,대방,6896,7104,14000
202205,경부선,독산,6961,6946,13907
202205,경부선,두정,5131,6635,11766
202205,경부선,명학,4085,4366,8451
202205,경부선,병점,10907,11458,22365
202205,경부선,서동탄,898,934,1832
202205,경부선,서울역,9966,2244,12210
202205,경부선,서정리,5173,7782,12955
202205,경부선,석수,5897,5774,11671
202205,경부선,성균관대,8913,9257,18170
202205,경부선,성환,2830,3715,6545
202205,경부선,세류,2350,2346,4696
202205,경부선,세마,1962,1896,3858
202205,경부선,송탄,4002,4783,8785
202205,경부선,수원,39593,38916,78509
202205,경부선,신길,5191,4723,9914
202205,경부선,신도림,2600,2919,5519
202205,경부선,안양,15743,15326,31069
202205,경부선,영등포,37279,36607,73886
202205,경부선,오산,8879,9340,18219
202205,경부선,오산대,2878,2632,5510
202205,경부선,용산,38536,36117,74653
202205,경부선,의왕,4990,5128,10118
202205,경부선,직산,660,702,1362
202205,경부선,진위,1009,1010,2019
202205,경부선,천안,7498,7628,15126
202205,경부선,평택,13282,14517,27799
202205,경부선,평택지제,2977,2826,5803
202205,경부선,화서,4939,4943,9882
202205,경원선,가능,4558,4201,8759
202205,경원선,광운대,4417,4761,9178
202205,경원선,녹양,3082,2867,5949
202205,경원선,녹천,2775,2465,5240
202205,경원선,덕계,2219,2122,4341
202205,경원선,덕정,3910,4082,7992
202205,경원선,도봉,3955,3722,7677
202205,경원선,도봉산,9794,7038,16832
202205,경원선,동두천,1545,2040,3585
202205,경원선,동두천중앙,2401,2204,4605
202205,경원선,망월사,5091,5308,10399
202205,경원선,방학,6695,6308,13003
202205,경원선,보산,1393,1569,2962
202205,경원선,서빙고,1985,1991,3976
202205,경원선,석계,5830,6220,12050
202205,경원선,소요산,4817,4119,8936
202205,경원선,신이문,5432,5133,10565
202205,경원선,양주,5995,5859,11854
202205,경원선,옥수,80,37,117
202205,경원선,왕십리,10536,11913,22449
202205,경원선,외대앞,5439,5287,10726
202205,경원선,월계,4065,3767,7832
202205,경원선,응봉,1341,1209,2550
202205,경원선,의정부,16159,16412,32571
202205,경원선,이촌,3120,2060,5180
202205,경원선,지행,5115,5290,10405
202205,경원선,청량리,16136,15424,31560
202205,경원선,한남,2362,2241,4603
202205,경원선,회룡,8551,8550,17101
202205,경의선,가좌,3261,3232,6493
202205,경의선,강매,1679,1633,3312
202205,경의선,계양,2,0,2
202205,경의선,곡산,400,404,804
202205,경의선,공덕,2229,1801,4030
202205,경의선,금릉,3433,3360,6793
202205,경의선,금촌,4771,5206,9977
202205,경의선,능곡,2624,2604,5228
202205,경의선,디지털미디어시티,1744,1533,3277
202205,경의선,문산,4110,4230,8340
202205,경의선,백마,3857,3714,7571
202205,경의선,서강대,1427,1448,2875
202205,경의선,서울역,1386,1317,2703
202205,경의선,수색,1078,1072,2150
202205,경의선,신촌,321,328,649
202205,경의선,야당,5347,5302,10649
202205,경의선,운정,4233,4019,8252
202205,경의선,월롱,1156,2370,3526
202205,경의선,일산,5448,5091,10539
202205,경의선,임진강,95,67,162
202205,경의선,탄현,4707,4286,8993
202205,경의선,파주,801,730,1531
202205,경의선,풍산,4031,3859,7890
202205,경의선,행신,5209,4936,10145
202205,경의선,홍대입구,1936,2426,4362
202205,경의선,화전,1022,1109,2131
202205,경의선,효창공원앞,1536,1851,3387
202205,경인선,간석,3561,3411,6972
202205,경인선,개봉,13476,13011,26487
202205,경인선,구일,6099,6190,12289
202205,경인선,도원,1884,1918,3802
202205,경인선,도화,2710,2496,5206
202205,경인선,동암,10999,10734,21733
202205,경인선,동인천,11197,10607,21804
202205,경인선,백운,4294,4322,8616
202205,경인선,부개,5478,5091,10569
202205,경인선,부천,24482,24187,48669
202205,경인선,부평,25800,25930,51730
202205,경인선,소사,6425,6229,12654
202205,경인선,송내,15008,14792,29800
202205,경인선,역곡,16274,16252,32526
202205,경인선,오류동,7874,7555,15429
202205,경인선,온수,4286,3940,8226
202205,경인선,인천,5502,4619,10121
202205,경인선,제물포,6064,5982,12046
202205,경인선,주안,13635,12132,25767
202205,경인선,중동,5591,5134,10725
202205,경춘선,가평,3321,2039,5360
202205,경춘선,갈매,1707,1477,3184
202205,경춘선,강촌,1187,676,1863
202205,경춘선,굴봉산,285,248,533
202205,경춘선,금곡,1067,1048,2115
202205,경춘선,김유정,662,630,1292
202205,경춘선,남춘천,3633,4199,7832
202205,경춘선,대성리,2987,1107,4094
202205,경춘선,마석,3126,2965,6091
202205,경춘선,백양리,259,145,404
202205,경춘선,별내,2046,2019,4065
202205,경춘선,사릉,1622,1557,3179
202205,경춘선,상천,641,423,1064
202205,경춘선,신내,1195,1221,2416
202205,경춘선,천마산,1334,1328,2662
202205,경춘선,청평,2803,1722,4525
202205,경춘선,춘천,2296,2028,4324
202205,경춘선,퇴계원,2394,2187,4581
202205,경춘선,평내호평,4229,4134,8363
202205,공항철도 1호선,검암,4052,4191,8243
202205,공항철도 1호선,계양,6249,5988,12237
202205,공항철도 1호선,공덕,1408,1974,3382
202205,공항철도 1호선,공항화물청사,1121,1136,2257
202205,공항철도 1호선,김포공항,12123,6346,18469
202205,공항철도 1호선,디지털미디어시티,4145,4270,8415
202205,공항철도 1호선,마곡나루,2800,3304,6104
202205,공항철도 1호선,서울역,9699,9539,19238
202205,공항철도 1호선,영종,3021,2935,5956
202205,공항철도 1호선,운서,5922,6202,12124
202205,공항철도 1호선,인천공항1터미널,6212,5695,11907
202205,공항철도 1호선,인천공항2터미널,3042,2668,5710
202205,공항철도 1호선,청라국제도시,3920,3634,7554
202205,공항철도 1호선,홍대입구,12080,10722,22802
202205,과천선,경마공원,16442,16937,33379
202205,과천선,과천,4283,3945,8228
202205,과천선,대공원,8681,8942,17623
202205,과천선,범계,17158,16757,33915
202205,과천선,선바위,4942,4373,9315
202205,과천선,인덕원,14534,14332,28866
202205,과천선,정부과천청사,5452,5447,10899
202205,과천선,평촌,7317,7146,14463
202205,분당선,가천대,4501,5445,9946
202205,분당선,강남구청,3664,4383,8047
202205,분당선,개포동,2327,2383,4710
202205,분당선,구룡,924,1027,1951
202205,분당선,구성,2746,2952,5698
202205,분당선,기흥,5657,5294,10951
202205,분당선,대모산입구,2331,2191,4522
202205,분당선,도곡,3201,3008,6209
202205,분당선,망포,7151,7362,14513
202205,분당선,매교,1634,1632,3266
202205,분당선,매탄권선,2869,2745,5614
202205,분당선,모란,12165,12707,24872
202205,분당선,미금,8218,8855,17073
202205,분당선,보정,1224,1218,2442
202205,분당선,상갈,3187,3309,6496
202205,분당선,서울숲,9371,9549,18920
202205,분당선,서현,15992,16229,32221
202205,분당선,선릉,3062,4661,7723
202205,분당선,선정릉,2432,2472,4904
202205,분당선,수내,6785,6532,13317
202205,분당선,수서,9334,9166,18500
202205,분당선,수원,6766,5630,12396
202205,분당선,수원시청,8788,8684,17472
202205,분당선,신갈,2228,2285,4513
202205,분당선,압구정로데오,11309,12759,24068
202205,분당선,야탑,15719,16085,31804
202205,분당선,영통,5434,5581,11015
202205,분당선,오리,6028,5362,11390
202205,분당선,이매,3834,3924,7758
202205,분당선,정자,8220,8528,16748
202205,분당선,죽전,8568,9489,18057
202205,분당선,청명,2242,2275,4517
202205,분당선,태평,8893,8303,17196
202205,분당선,한티,9245,8902,18147
202205,수인선,고색,2147,2245,4392
202205,수인선,남동인더스파크,640,627,1267
202205,수인선,달월,52,54,106
202205,수인선,사리,3050,2619,5669
202205,수인선,소래포구,6133,6045,12178
202205,수인선,송도,1838,1818,3656
202205,수인선,숭의,2249,2056,4305
202205,수인선,신포,1346,1316,2662
202205,수인선,야목,266,213,479
202205,수인선,어천,660,801,1461
202205,수인선,연수,3634,3694,7328
202205,수인선,오목천,1792,1796,3588
202205,수인선,원인재,3297,3371,6668
202205,수인선,월곶,1907,1708,3615
202205,수인선,인천,1367,1941,3308
202205,수인선,인천논현,3200,3316,6516
202205,수인선,인하대,3725,3565,7290
202205,수인선,호구포,2260,2305,4565
202205,안산선,고잔,5779,5731,11510
202205,안산선,대야미,3658,3312,6970
202205,안산선,반월,2879,2863,5742
202205,안산선,산본,10374,11034,21408
202205,안산선,상록수,10763,10369,21132
202205,안산선,수리산,2469,2428,4897
202205,안산선,신길온천,1420,1325,2745
202205,안산선,안산,11233,10305,21538
202205,안산선,오이도,7017,6834,13851
202205,안산선,정왕,6327,6938,13265
202205,안산선,중앙,13944,13782,27726
202205,안산선,초지,2907,2819,5726
202205,안산선,한대앞,6097,6208,12305
202205,우이신설선,4.19민주묘지,2164,1943,4107
202205,우이신설선,가오리,2685,2493,5178
202205,우이신설선,보문,1079,1139,2218
202205,우이신설선,북한산보국문,4400,3867,8267
202205,우이신설선,북한산우이,3753,3641,7394
202205,우이신설선,삼양,1262,1276,2538
202205,우이신설선,삼양사거리,1753,1568,3321
202205,우이신설선,성신여대입구,2448,2929,5377
202205,우이신설선,솔밭공원,1661,1531,3192
202205,우이신설선,솔샘,3247,3008,6255
202205,우이신설선,신설동,1326,1294,2620
202205,우이신설선,정릉,3210,2671,5881
202205,우이신설선,화계,2213,2112,4325
202205,일산선,대곡,1286,1085,2371
202205,일산선,대화,7130,6591,13721
202205,일산선,마두,3790,3785,7575
202205,일산선,백석,6178,6042,12220
202205,일산선,삼송,12292,12251,24543
202205,일산선,원당,6880,6614,13494
202205,일산선,원흥,6234,6120,12354
202205,일산선,정발산,6540,6590,13130
202205,일산선,주엽,5097,5048,10145
202205,일산선,화정,10689,10673,21362
202205,장항선,배방,1018,1224,2242
202205,장항선,봉명,680,742,1422
202205,장항선,신창,1248,2299,3547
202205,장항선,쌍용,1478,1636,3114
202205,장항선,아산,4666,2885,7551
202205,장항선,온양온천,4074,4013,8087
202205,장항선,탕정,577,688,1265
202205,중앙선,구리,8678,8962,17640
202205,중앙선,국수,704,603,1307
202205,중앙선,덕소,3978,3988,7966
202205,중앙선,도농,6289,6112,12401
202205,중앙선,도심,1336,1259,2595
202205,중앙선,망우,5496,5509,11005
202205,중앙선,상봉,4267,4510,8777
202205,중앙선,신원,343,193,536
202205,중앙선,아신,677,549,1226
202205,중앙선,양수,2322,1976,4298
202205,중앙선,양원,1541,1549,3090
202205,중앙선,양정,557,498,1055
202205,중앙선,양평,2849,2575,5424
202205,중앙선,오빈,302,258,560
202205,중앙선,용문,2678,2103,4781
202205,중앙선,운길산,1465,1346,2811
202205,중앙선,원덕,434,379,813
202205,중앙선,중랑,4082,4037,8119
202205,중앙선,지평,75,55,130
202205,중앙선,팔당,1500,1533,3033
202205,중앙선,회기,18386,18509,36895
202205,1호선,동대문,11635,11409,23044
202205,1호선,동묘앞,12581,12905,25486
202205,1호선,서울역,42409,42588,84997
202205,1호선,시청,15181,15823,31004
202205,1호선,신설동,10916,10259,21175
202205,1호선,제기동,16252,16320,32572
202205,1호선,종각,24765,22413,47178
202205,1호선,종로3가,28448,25267,53715
202205,1호선,종로5가,22453,22765,45218
202205,1호선,청량리,20098,20490,40588
202205,2호선,강남,62981,64548,127529
202205,2호선,강변,33071,32730,65801
202205,2호선,건대입구,39445,43231,82676
202205,2호선,교대,19768,22434,42202
202205,2호선,구로디지털단지,37197,36436,73633
202205,2호선,구의,18166,17303,35469
202205,2호선,낙성대,24491,22241,46732
202205,2호선,당산,14868,16298,31166
202205,2호선,대림,19773,20646,40419
202205,2호선,도림천,875,842,1717
202205,2호선,동대문역사문화공원,11473,13601,25074
202205,2호선,뚝섬,18886,19087,37973
202205,2호선,문래,14037,15039,29076
202205,2호선,방배,11288,11370,22658
202205,2호선,봉천,18972,17010,35982
202205,2호선,사당,37309,42455,79764
202205,2호선,삼성,35010,34934,69944
202205,2호선,상왕십리,10874,10033,20907
202205,2호선,서울대입구,40616,39241,79857
202205,2호선,서초,13000,10991,23991
202205,2호선,선릉,27113,23951,51064
202205,2호선,성수,23720,27742,51462
202205,2호선,시청,11463,9678,21141
202205,2호선,신답,1227,1150,2377
202205,2호선,신당,12467,13068,25535
202205,2호선,신대방,22030,20667,42697
202205,2호선,신도림,45903,46924,92827
202205,2호선,신림,54367,51871,106238
202205,2호선,신설동,3774,3673,7447
202205,2호선,신정네거리,8471,8128,16599
202205,2호선,신촌,34398,35331,69729
202205,2호선,아현,8403,7658,16061
202205,2호선,양천구청,5029,4987,10016
202205,2호선,역삼,20059,22470,42529
202205,2호선,영등포구청,13967,14611,28578
202205,2호선,왕십리,16149,13137,29286
202205,2호선,용답,2461,2140,4601
202205,2호선,용두,1816,1681,3497
202205,2호선,을지로3가,13901,14358,28259
202205,2호선,을지로4가,8547,8813,17360
202205,2호선,을지로입구,25074,24779,49853
202205,2호선,이대,11911,12504,24415
202205,2호선,잠실,74749,71128,145877
202205,2호선,잠실나루,8916,8569,17485
202205,2호선,잠실새내,19928,20952,40880
202205,2호선,종합운동장,22833,25602,48435
202205,2호선,충정로,6689,7213,13902
202205,2호선,한양대,6253,6196,12449
202205,2호선,합정,31899,37244,69143
202205,2호선,홍대입구,70970,81235,152205
202205,3호선,가락시장,6812,6564,13376
202205,3호선,경복궁,30164,32186,62350
202205,3호선,경찰병원,4343,4124,8467
202205,3호선,고속터미널,57998,57665,115663
202205,3호선,교대,8503,5060,13563
202205,3호선,구파발,17684,18198,35882
202205,3호선,금호,6484,5786,12270
202205,3호선,남부터미널,23637,23177,46814
202205,3호선,녹번,11927,10388,22315
202205,3호선,대청,6623,6060,12683
202205,3호선,대치,10690,9522,20212
202205,3호선,도곡,4232,4423,8655
202205,3호선,독립문,7339,7948,15287
202205,3호선,동대입구,7793,9143,16936
202205,3호선,매봉,7259,7199,14458
202205,3호선,무악재,3211,3493,6704
202205,3호선,불광,14305,16046,30351
202205,3호선,수서,15035,14685,29720
202205,3호선,신사,25605,27888,53493
202205,3호선,안국,23872,24625,48497
202205,3호선,압구정,26891,28958,55849
202205,3호선,약수,10123,9525,19648
202205,3호선,양재,23202,25206,48408
202205,3호선,연신내,33148,30722,63870
202205,3호선,오금,4297,3940,8237
202205,3호선,옥수,8189,8293,16482
202205,3호선,을지로3가,6468,7248,13716
202205,3호선,일원,5327,5313,10640
202205,3호선,잠원,4257,4096,8353
202205,3호선,종로3가,6953,10311,17264
202205,3호선,지축,4171,3731,7902
202205,3호선,충무로,1,0,1
202205,3호선,학여울,2049,2096,4145
202205,3호선,홍제,15069,14191,29260
202205,4호선,길음,17252,16106,33358
202205,4호선,남태령,1421,803,2224
202205,4호선,노원,17949,20289,38238
202205,4호선,당고개,8227,7369,15596
202205,4호선,동대문,15540,15927,31467
202205,4호선,동대문역사문화공원,13171,11595,24766
202205,4호선,동작,1869,2052,3921
202205,4호선,명동,17872,20599,38471
202205,4호선,미아,12245,10997,23242
202205,4호선,미아사거리,24213,22825,47038
202205,4호선,사당,25576,22838,48414
202205,4호선,삼각지,4855,6404,11259
202205,4호선,상계,15815,14395,30210
202205,4호선,서울역,7146,18150,25296
202205,4호선,성신여대입구,19163,17786,36949
202205,4호선,수유,29926,29255,59181
202205,4호선,숙대입구,11348,10509,21857
202205,4호선,신용산,13364,14536,27900
202205,4호선,쌍문,23842,20824,44666
202205,4호선,이촌,10337,11747,22084
202205,4호선,창동,22297,23138,45435
202205,4호선,총신대입구,16160,17348,33508
202205,4호선,충무로,15428,16829,32257
202205,4호선,한성대입구,12457,12246,24703
202205,4호선,혜화,32954,35059,68013
202205,4호선,회현,22387,23312,45699
202205,5호선,강동,14799,13929,28728
202205,5호선,강일,3503,3178,6681
202205,5호선,개롱,4666,4961,9627
202205,5호선,개화산,4287,4108,8395
202205,5호선,거여,7536,6966,14502
202205,5호선,고덕,7126,6955,14081
202205,5호선,공덕,8210,8348,16558
202205,5호선,광나루,11709,10894,22603
202205,5호선,광화문,19640,20410,40050
202205,5호선,군자,9432,10673,20105
202205,5호선,굽은다리,7790,7276,15066
202205,5호선,길동,6615,6730,13345
202205,5호선,김포공항,7976,8647,16623
202205,5호선,까치산,23648,21920,45568
202205,5호선,답십리,11202,9888,21090
202205,5호선,동대문역사문화공원,1049,1443,2492
202205,5호선,둔촌동,6509,6299,12808
202205,5호선,마곡,6089,6265,12354
202205,5호선,마장,4238,3921,8159
202205,5호선,마천,5395,5440,10835
202205,5호선,마포,8700,8858,17558
202205,5호선,명일,7147,6950,14097
202205,5호선,목동,12904,12775,25679
202205,5호선,미사,13878,13878,27756
202205,5호선,발산,15347,16618,31965
202205,5호선,방이,6188,5899,12087
202205,5호선,방화,5257,4965,10222
202205,5호선,상일동,10487,9520,20007
202205,5호선,서대문,8949,8763,17712
202205,5호선,송정,5587,5192,10779
202205,5호선,신금호,4710,4722,9432
202205,5호선,신길,3031,2995,6026
202205,5호선,신정,10218,8548,18766
202205,5호선,아차산,14718,13609,28327
202205,5호선,애오개,4173,4168,8341
202205,5호선,양평,4223,3818,8041
202205,5호선,여의나루,20118,21714,41832
202205,5호선,여의도,12784,14526,27310
202205,5호선,영등포구청,2233,2152,4385
202205,5호선,영등포시장,9363,10092,19455
202205,5호선,오금,2618,2443,5061
202205,5호선,오목교,19157,19676,38833
202205,5호선,올림픽공원,4664,4868,9532
202205,5호선,왕십리,3841,4821,8662
202205,5호선,우장산,11099,10661,21760
202205,5호선,을지로4가,3995,4315,8310
202205,5호선,장한평,12508,11856,24364
202205,5호선,종로3가,15306,15953,31259
202205,5호선,천호,18563,17762,36325
202205,5호선,청구,2836,2465,5301
202205,5호선,충정로,2143,2009,4152
202205,5호선,하남검단산,6056,5978,12034
202205,5호선,하남시청,6619,6319,12938
202205,5호선,하남풍산,3185,3020,6205
202205,5호선,행당,6058,5094,11152
202205,5호선,화곡,22824,20472,43296
202205,6호선,고려대,6416,5500,11916
202205,6호선,공덕,11516,10816,22332
202205,6호선,광흥창,6280,5671,11951
202205,6호선,구산,6055,4296,10351
202205,6호선,녹사평,6574,7525,14099
202205,6호선,대흥,6315,6233,12548
202205,6호선,독바위,2282,2541,4823
202205,6호선,돌곶이,6857,6297,13154
202205,6호선,동묘앞,8553,8212,16765
202205,6호선,디지털미디어시티,8595,8659,17254
202205,6호선,마포구청,11030,9378,20408
202205,6호선,망원,14349,15799,30148
202205,6호선,버티고개,1588,1709,3297
202205,6호선,보문,6053,5177,11230
202205,6호선,봉화산,6073,5937,12010
202205,6호선,불광,4472,4016,8488
202205,6호선,삼각지,8091,5927,14018
202205,6호선,상수,9070,11434,20504
202205,6호선,상월곡,4815,4151,8966
202205,6호선,새절,9742,9012,18754
202205,6호선,석계,9853,9846,19699
202205,6호선,신당,6921,6371,13292
202205,6호선,안암,9365,6730,16095
202205,6호선,약수,2693,2785,5478
202205,6호선,역촌,2881,3282,6163
202205,6호선,연신내,2,0,2
202205,6호선,월곡,8153,7857,16010
202205,6호선,월드컵경기장,13158,15038,28196
202205,6호선,응암,14056,13449,27505
202205,6호선,이태원,16783,22903,39686
202205,6호선,증산,8383,7870,16253
202205,6호선,창신,2498,2028,4526
202205,6호선,청구,2539,2585,5124
202205,6호선,태릉입구,5661,6297,11958
202205,6호선,한강진,10133,12922,23055
202205,6호선,합정,14979,14271,29250
202205,6호선,화랑대,8010,6663,14673
202205,6호선,효창공원앞,5699,4824,10523
202205,7호선,가산디지털단지,15959,14264,30223
202205,7호선,강남구청,11344,13024,24368
202205,7호선,건대입구,12297,13484,25781
202205,7호선,고속터미널,17457,13264,30721
202205,7호선,공릉,10293,9766,20059
202205,7호선,광명사거리,18382,18124,36506
202205,7호선,군자,12281,9020,21301
202205,7호선,남구로,8939,9115,18054
202205,7호선,남성,8508,7634,16142
202205,7호선,내방,8965,8779,17744
202205,7호선,노원,17000,18274,35274
202205,7호선,논현,11078,12276,23354
202205,7호선,대림,7773,8335,16108
202205,7호선,도봉산,7826,10327,18153
202205,7호선,뚝섬유원지,15533,14794,30327
202205,7호선,마들,10190,9439,19629
202205,7호선,먹골,8905,8181,17086
202205,7호선,면목,12187,11218,23405
202205,7호선,반포,5197,4955,10152
202205,7호선,보라매,6503,6417,12920
202205,7호선,사가정,13383,12749,26132
202205,7호선,상도,8749,7900,16649
202205,7호선,상봉,14661,13998,28659
202205,7호선,수락산,11637,10984,22621
202205,7호선,숭실대입구,10348,9956,20304
202205,7호선,신대방삼거리,12088,11286,23374
202205,7호선,신풍,9157,8685,17842
202205,7호선,어린이대공원,12378,11943,24321
202205,7호선,온수,6057,6112,12169
202205,7호선,용마산,5136,5127,10263
202205,7호선,이수,13649,12699,26348
202205,7호선,장승배기,7346,6826,14172
202205,7호선,장암,2052,1328,3380
202205,7호선,중계,10525,9212,19737
202205,7호선,중곡,7735,6964,14699
202205,7호선,중화,8998,8161,17159
202205,7호선,천왕,7853,7369,15222
202205,7호선,철산,17288,17283,34571
202205,7호선,청담,12383,13493,25876
202205,7호선,태릉입구,8747,8441,17188
202205,7호선,하계,13968,12456,26424
202205,7호선,학동,12153,12642,24795
202205,8호선,가락시장,5629,5847,11476
202205,8호선,강동구청,6669,6621,13290
202205,8호선,남위례,4102,4112,8214
202205,8호선,남한산성입구,10468,9064,19532
202205,8호선,단대오거리,8594,7769,16363
202205,8호선,모란,3990,3778,7768
202205,8호선,몽촌토성,5707,6043,11750
202205,8호선,문정,9482,9403,18885
202205,8호선,복정,7273,6076,13349
202205,8호선,산성,4944,4914,9858
202205,8호선,석촌,6217,7743,13960
202205,8호선,송파,6727,6233,12960
202205,8호선,수진,4583,4081,8664
202205,8호선,신흥,4034,4115,8149
202205,8호선,암사,13596,12173,25769
202205,8호선,잠실,13998,17034,31032
202205,8호선,장지,13586,12340,25926
202205,8호선,천호,12822,15281,28103
202205,9호선,가양,15878,14946,30824
202205,9호선,개화,1682,1443,3125
202205,9호선,고속터미널,16941,24199,41140
202205,9호선,공항시장,2440,2619,5059
202205,9호선,구반포,982,1065,2047
202205,9호선,국회의사당,5079,5212,10291
202205,9호선,김포공항,8597,12993,21590
202205,9호선,노들,4290,3602,7892
202205,9호선,노량진,23645,22889,46534
202205,9호선,당산,15897,15808,31705
202205,9호선,동작,2175,1835,4010
202205,9호선,등촌,8039,7508,15547
202205,9호선,마곡나루,9221,9142,18363
202205,9호선,사평,3011,2713,5724
202205,9호선,샛강,3825,3277,7102
202205,9호선,선유도,5014,4780,9794
202205,9호선,신논현,28196,28263,56459
202205,9호선,신목동,2864,2371,5235
202205,9호선,신반포,3624,3926,7550
202205,9호선,신방화,5335,4860,10195
202205,9호선,양천향교,6639,6040,12679
202205,9호선,여의도,14768,14204,28972
202205,9호선,염창,13464,12248,25712
202205,9호선,증미,4405,4226,8631
202205,9호선,흑석,6871,6825,13696
202205,9호선2~3단계,둔촌오륜,652,677,1329
202205,9호선2~3단계,봉은사,14748,16029,30777
202205,9호선2~3단계,삼성중앙,3554,3640,7194
202205,9호선2~3단계,삼전,5477,4957,10434
202205,9호선2~3단계,석촌,8171,6619,14790
202205,9호선2~3단계,석촌고분,4755,4576,9331
202205,9호선2~3단계,선정릉,5598,6114,11712
202205,9호선2~3단계,송파나루,4748,5138,9886
202205,9호선2~3단계,언주,6956,7104,14060
202205,9호선2~3단계,올림픽공원,10298,10109,20407
202205,9호선2~3단계,종합운동장,5210,4649,9859
202205,9호선2~3단계,중앙보훈병원,5658,5265,10923
202205,9호선2~3단계,한성백제,2588,2218,4806
202205,경강선,경기광주,6444,5929,12373
202205,경강선,곤지암,2260,2386,4646
202205,경강선,부발,2364,1991,4355
202205,경강선,삼동,1702,1610,3312
202205,경강선,세종대왕릉,451,450,901
202205,경강선,신둔도예촌,1509,1390,2899
202205,경강선,여주,2895,3249,6144
202205,경강선,이매,1019,695,1714
202205,경강선,이천,3143,3240,6383
202205,경강선,초월,2605,2407,5012
202205,경강선,판교,3595,3452,7047
202205,경부선,가산디지털단지,7018,9285,16303
202205,경부선,관악,6955,6732,13687
202205,경부선,광명,3313,3006,6319
202205,경부선,구로,14569,15510,30079
202205,경부선,군포,4819,4340,9159
202205,경부선,금정,21846,21576,43422
202205,경부선,금천구청,9647,9579,19226
202205,경부선,남영,7174,7411,14585
202205,경부선,노량진,9608,8662,18270
202205,경부선,당정,4861,4377,9238
202205,경부선,대방,8567,9030,17597
202205,경부선,독산,10081,9704,19785
202205,경부선,두정,6308,6449,12757
202205,경부선,명학,5980,5623,11603
202205,경부선,병점,14460,14267,28727
202205,경부선,서동탄,1191,1211,2402
202205,경부선,서울역,10001,2638,12639
202205,경부선,서정리,8293,6840,15133
202205,경부선,석수,8123,7498,15621
202205,경부선,성균관대,11738,11659,23397
202205,경부선,성환,3616,3274,6890
202205,경부선,세류,2789,2860,5649
202205,경부선,세마,2704,2395,5099
202205,경부선,송탄,5658,4970,10628
202205,경부선,수원,44067,47411,91478
202205,경부선,신길,6773,5735,12508
202205,경부선,신도림,3591,3892,7483
202205,경부선,안양,20713,20690,41403
202205,경부선,영등포,45814,48489,94303
202205,경부선,오산,11183,10400,21583
202205,경부선,오산대,3710,3300,7010
202205,경부선,용산,43799,47266,91065
202205,경부선,의왕,6995,6764,13759
202205,경부선,직산,835,791,1626
202205,경부선,진위,1272,1113,2385
202205,경부선,천안,7681,7823,15504
202205,경부선,평택,15622,15033,30655
202205,경부선,평택지제,3791,3512,7303
202205,경부선,화서,6809,6683,13492
202205,경원선,가능,5874,5423,11297
202205,경원선,광운대,6395,6231,12626
202205,경원선,녹양,4094,4014,8108
202205,경원선,녹천,3448,2942,6390
202205,경원선,덕계,2961,2597,5558
202205,경원선,덕정,5402,4921,10323
202205,경원선,도봉,5068,4679,9747
202205,경원선,도봉산,10381,7299,17680
202205,경원선,동두천,1979,2436,4415
202205,경원선,동두천중앙,2993,2862,5855
202205,경원선,망월사,6688,6616,13304
202205,경원선,방학,8357,8032,16389
202205,경원선,보산,2083,1920,4003
202205,경원선,서빙고,1956,2067,4023
202205,경원선,석계,7725,7946,15671
202205,경원선,소요산,4894,4280,9174
202205,경원선,신이문,6867,6152,13019
202205,경원선,양주,7740,7155,14895
202205,경원선,옥수,32,34,66
202205,경원선,왕십리,14694,16145,30839
202205,경원선,외대앞,7215,6571,13786
202205,경원선,월계,5355,4838,10193
202205,경원선,응봉,1770,1463,3233
202205,경원선,의정부,20263,21896,42159
202205,경원선,이촌,4098,2761,6859
202205,경원선,지행,6851,6669,13520
202205,경원선,창동,1,0,1
202205,경원선,청량리,19227,19489,38716
202205,경원선,한남,3224,3161,6385
202205,경원선,회룡,11302,11113,22415
202205,경의선,가좌,4482,4201,8683
202205,경의선,강매,2358,2182,4540
202205,경의선,곡산,499,486,985
202205,경의선,공덕,3102,2458,5560
202205,경의선,금릉,4649,4428,9077
202205,경의선,금촌,6659,6206,12865
202205,경의선,능곡,3474,3268,6742
202205,경의선,디지털미디어시티,2396,2167,4563
202205,경의선,문산,5913,5518,11431
202205,경의선,백마,5259,4844,10103
202205,경의선,서강대,1975,1901,3876
202205,경의선,서울역,1656,1887,3543
202205,경의선,수색,1741,1639,3380
202205,경의선,신촌,421,481,902
202205,경의선,야당,7460,7626,15086
202205,경의선,운정,5905,5356,11261
202205,경의선,월롱,2095,1745,3840
202205,경의선,일산,8249,7987,16236
202205,경의선,임진강,75,114,189
202205,경의선,탄현,6256,5926,12182
202205,경의선,파주,1083,754,1837
202205,경의선,풍산,5026,4747,9773
202205,경의선,행신,6186,6279,12465
202205,경의선,홍대입구,2335,2932,5267
202205,경의선,화전,1465,1321,2786
202205,경의선,효창공원앞,2178,2304,4482
202205,경인선,간석,5036,4648,9684
202205,경인선,개봉,18781,17954,36735
202205,경인선,구일,4996,4774,9770
202205,경인선,도원,2391,2387,4778
202205,경인선,도화,3610,3312,6922
202205,경인선,동암,14045,14346,28391
202205,경인선,동인천,13370,13205,26575
202205,경인선,백운,6138,5923,12061
202205,경인선,부개,7356,6658,14014
202205,경인선,부천,31899,32863,64762
202205,경인선,부평,31674,35437,67111
202205,경인선,소사,8519,8141,16660
202205,경인선,송내,20943,20421,41364
202205,경인선,역곡,23562,22630,46192
202205,경인선,오류동,10086,8896,18982
202205,경인선,온수,5745,5178,10923
202205,경인선,인천,5979,5185,11164
202205,경인선,제물포,8624,8082,16706
202205,경인선,주안,18212,16021,34233
202205,경인선,중동,7953,7302,15255
202205,경춘선,가평,2805,3438,6243
202205,경춘선,갈매,2271,1960,4231
202205,경춘선,강촌,959,1101,2060
202205,경춘선,굴봉산,242,255,497
202205,경춘선,금곡,1393,1287,2680
202205,경춘선,김유정,710,911,1621
202205,경춘선,남춘천,3616,4123,7739
202205,경춘선,대성리,2751,2754,5505
202205,경춘선,마석,4370,4395,8765
202205,경춘선,백양리,240,223,463
202205,경춘선,별내,2624,2450,5074
202205,경춘선,사릉,2135,1974,4109
202205,경춘선,상천,668,548,1216
202205,경춘선,신내,1531,1486,3017
202205,경춘선,천마산,1674,1635,3309
202205,경춘선,청평,2447,2715,5162
202205,경춘선,춘천,2780,2351,5131
202205,경춘선,퇴계원,3095,2733,5828
202205,경춘선,평내호평,5650,5447,11097
202205,공항철도 1호선,검암,5350,5649,10999
202205,공항철도 1호선,계양,8829,7949,16778
202205,공항철도 1호선,공덕,1813,2780,4593
202205,공항철도 1호선,공항화물청사,1466,1479,2945
202205,공항철도 1호선,김포공항,11909,6190,18099
202205,공항철도 1호선,디지털미디어시티,6674,6483,13157
202205,공항철도 1호선,마곡나루,4162,4401,8563
202205,공항철도 1호선,서울역,10020,10247,20267
202205,공항철도 1호선,영종,3558,3549,7107
202205,공항철도 1호선,운서,7242,7326,14568
202205,공항철도 1호선,인천공항1터미널,6598,6455,13053
202205,공항철도 1호선,인천공항2터미널,3719,3196,6915
202205,공항철도 1호선,청라국제도시,5357,4994,10351
202205,공항철도 1호선,홍대입구,13840,14226,28066
202205,과천선,경마공원,13524,13769,27293
202205,과천선,과천,5861,5243,11104
202205,과천선,대공원,10578,11093,21671
202205,과천선,범계,23749,23636,47385
202205,과천선,선바위,6707,5859,12566
202205,과천선,인덕원,19857,19011,38868
202205,과천선,정부과천청사,7650,7632,15282
202205,과천선,평촌,11085,10856,21941
202205,분당선,가천대,6173,6660,12833
202205,분당선,강남구청,5953,7191,13144
202205,분당선,개포동,3010,2914,5924
202205,분당선,구룡,1633,1465,3098
202205,분당선,구성,3858,3862,7720
202205,분당선,기흥,7605,7114,14719
202205,분당선,대모산입구,3430,3150,6580
202205,분당선,도곡,5687,4870,10557
202205,분당선,망포,10843,9529,20372
202205,분당선,매교,2317,2431,4748
202205,분당선,매탄권선,4158,3750,7908
202205,분당선,모란,17722,17911,35633
202205,분당선,미금,11603,12138,23741
202205,분당선,보정,1853,1681,3534
202205,분당선,상갈,4328,4235,8563
202205,분당선,서울숲,12444,13107,25551
202205,분당선,서현,20746,21130,41876
202205,분당선,선릉,5842,8962,14804
202205,분당선,선정릉,3805,3873,7678
202205,분당선,수내,9784,9100,18884
202205,분당선,수서,11495,11785,23280
202205,분당선,수원,8628,7380,16008
202205,분당선,수원시청,12099,14305,26404
202205,분당선,신갈,3326,3277,6603
202205,분당선,압구정로데오,19312,23398,42710
202205,분당선,야탑,20379,21137,41516
202205,분당선,영통,7518,7365,14883
202205,분당선,오리,8518,7094,15612
202205,분당선,이매,4472,4323,8795
202205,분당선,정자,12051,12386,24437
202205,분당선,죽전,11244,12576,23820
202205,분당선,청명,3211,3098,6309
202205,분당선,태평,11656,11055,22711
202205,분당선,한티,13526,13084,26610
202205,수인선,고색,2824,2817,5641
202205,수인선,남동인더스파크,1042,951,1993
202205,수인선,달월,90,84,174
202205,수인선,사리,4189,3485,7674
202205,수인선,소래포구,7927,7935,15862
202205,수인선,송도,2310,2256,4566
202205,수인선,숭의,3112,2804,5916
202205,수인선,신포,1713,1726,3439
202205,수인선,야목,272,232,504
202205,수인선,어천,872,777,1649
202205,수인선,연수,4718,4731,9449
202205,수인선,오목천,2662,2183,4845
202205,수인선,원인재,4197,4304,8501
202205,수인선,월곶,2471,2404,4875
202205,수인선,인천,1540,2621,4161
202205,수인선,인천논현,5034,5107,10141
202205,수인선,인하대,5135,4857,9992
202205,수인선,호구포,3073,2859,5932
202205,신림선,관악산,8226,8205,16431
202205,신림선,당곡,3493,2893,6386
202205,신림선,대방,2044,1370,3414
202205,신림선,보라매,3069,2427,5496
202205,신림선,보라매공원,2444,2750,5194
202205,신림선,보라매병원,3958,3648,7606
202205,신림선,샛강,4002,5457,9459
202205,신림선,서울대벤처타운,7104,6246,13350
202205,신림선,서울지방병무청,2327,2284,4611
202205,신림선,서원,2860,2382,5242
202205,신림선,신림,2310,2526,4836
202205,안산선,고잔,7413,7398,14811
202205,안산선,대야미,4707,4109,8816
202205,안산선,반월,4002,3685,7687
202205,안산선,산본,14729,15504,30233
202205,안산선,상록수,14144,13934,28078
202205,안산선,수리산,3357,3025,6382
202205,안산선,신길온천,1705,1628,3333
202205,안산선,안산,10745,11064,21809
202205,안산선,오이도,9167,9140,18307
202205,안산선,정왕,7659,7742,15401
202205,안산선,중앙,18803,19621,38424
202205,안산선,초지,4176,3986,8162
202205,안산선,한대앞,8780,8118,16898
202205,우이신설선,4.19민주묘지,2847,2476,5323
202205,우이신설선,가오리,3563,3340,6903
202205,우이신설선,보문,1362,1268,2630
202205,우이신설선,북한산보국문,5486,4802,10288
202205,우이신설선,북한산우이,3836,4140,7976
202205,우이신설선,삼양,1725,1717,3442
202205,우이신설선,삼양사거리,2098,1999,4097
202205,우이신설선,성신여대입구,3039,3584,6623
202205,우이신설선,솔밭공원,2076,1899,3975
202205,우이신설선,솔샘,4347,3874,8221
202205,우이신설선,신설동,1555,1566,3121
202205,우이신설선,정릉,4291,3348,7639
202205,우이신설선,화계,3408,3165,6573
202205,일산선,대곡,1607,1448,3055
202205,일산선,대화,9568,8409,17977
202205,일산선,마두,5997,5955,11952
202205,일산선,백석,8810,8603,17413
202205,일산선,삼송,16560,15735,32295
202205,일산선,원당,9754,9058,18812
202205,일산선,원흥,8944,8307,17251
202205,일산선,정발산,8262,8826,17088
202205,일산선,주엽,7637,7466,15103
202205,일산선,화정,14842,15176,30018
202205,장항선,배방,1203,1221,2424
202205,장항선,봉명,866,811,1677
202205,장항선,신창,1467,1344,2811
202205,장항선,쌍용,1969,1740,3709
202205,장항선,아산,3829,3681,7510
202205,장항선,온양온천,4469,4595,9064
202205,장항선,탕정,875,706,1581
202205,중앙선,구리,11951,12206,24157
202205,중앙선,국수,821,859,1680
202205,중앙선,덕소,5307,5305,10612
202205,중앙선,도농,8546,7918,16464
202205,중앙선,도심,1821,1543,3364
202205,중앙선,망우,7557,7284,14841
202205,중앙선,상봉,5557,5511,11068
202205,중앙선,신원,364,260,624
202205,중앙선,아신,751,812,1563
202205,중앙선,양수,2785,2880,5665
202205,중앙선,양원,2253,2142,4395
202205,중앙선,양정,669,568,1237
202205,중앙선,양평,4901,5071,9972
202205,중앙선,오빈,376,369,745
202205,중앙선,용문,2637,3114,5751
202205,중앙선,운길산,1706,1603,3309
202205,중앙선,원덕,560,628,1188
202205,중앙선,중랑,5087,4686,9773
202205,중앙선,지평,73,80,153
202205,중앙선,팔당,1764,2036,3800
202205,중앙선,회기,23693,21738,45431
202205,1호선,동대문,10328,10692,21020
202205,1호선,동묘앞,13043,13065,26108
202205,1호선,서울역,32758,31999,64757
202205,1호선,시청,9611,8659,18270
202205,1호선,신설동,8243,8172,16415
202205,1호선,제기동,10480,10871,21351
202205,1호선,종각,14958,12811,27769
202205,1호선,종로3가,17168,14545,31713
202205,1호선,종로5가,11332,11225,22557
202205,1호선,청량리,13894,14215,28109
202205,2호선,강남,36487,34860,71347
202205,2호선,강변,25309,25151,50460
202205,2호선,건대입구,28398,29666,58064
202205,2호선,교대,11741,13112,24853
202205,2호선,구로디지털단지,26094,25551,51645
202205,2호선,구의,12125,12100,24225
202205,2호선,낙성대,17015,17616,34631
202205,2호선,당산,10137,10828,20965
202205,2호선,대림,17165,17449,34614
202205,2호선,도림천,497,515,1012
202205,2호선,동대문역사문화공원,8617,10357,18974
202205,2호선,뚝섬,12443,12851,25294
202205,2호선,문래,9116,9717,18833
202205,2호선,방배,7241,7610,14851
202205,2호선,봉천,13380,12831,26211
202205,2호선,사당,25512,27657,53169
202205,2호선,삼성,25084,24535,49619
202205,2호선,상왕십리,7502,7331,14833
202205,2호선,서울대입구,28073,29058,57131
202205,2호선,서초,12812,12106,24918
202205,2호선,선릉,14487,12236,26723
202205,2호선,성수,15241,16842,32083
202205,2호선,시청,6737,5392,12129
202205,2호선,신답,883,949,1832
202205,2호선,신당,8759,9202,17961
202205,2호선,신대방,17191,16302,33493
202205,2호선,신도림,32155,32637,64792
202205,2호선,신림,40219,39103,79322
202205,2호선,신설동,3414,3436,6850
202205,2호선,신정네거리,5832,5897,11729
202205,2호선,신촌,24094,23233,47327
202205,2호선,아현,5760,5610,11370
202205,2호선,양천구청,3562,3591,7153
202205,2호선,역삼,12298,13079,25377
202205,2호선,영등포구청,8931,9196,18127
202205,2호선,왕십리,10369,9216,19585
202205,2호선,용답,1889,1914,3803
202205,2호선,용두,1188,1234,2422
202205,2호선,을지로3가,9448,9141,18589
202205,2호선,을지로4가,3963,3873,7836
202205,2호선,을지로입구,17509,16662,34171
202205,2호선,이대,7823,8415,16238
202205,2호선,잠실,53641,49950,103591
202205,2호선,잠실나루,5957,6022,11979
202205,2호선,잠실새내,12825,12943,25768
202205,2호선,종합운동장,19443,20659,40102
202205,2호선,충정로,4210,4481,8691
202205,2호선,한양대,3113,3570,6683
202205,2호선,합정,23240,24866,48106
202205,2호선,홍대입구,54094,53239,107333
202205,3호선,가락시장,4163,4280,8443
202205,3호선,경복궁,20182,22880,43062
202205,3호선,경찰병원,3143,3243,6386
202205,3호선,고속터미널,45792,43881,89673
202205,3호선,교대,4928,3133,8061
202205,3호선,구파발,12650,13136,25786
202205,3호선,금호,4523,4323,8846
202205,3호선,남부터미널,16090,17132,33222
202205,3호선,녹번,8035,7150,15185
202205,3호선,대청,4591,4435,9026
202205,3호선,대치,6784,5964,12748
202205,3호선,도곡,2434,2661,5095
202205,3호선,독립문,4750,5070,9820
202205,3호선,동대입구,5241,5880,11121
202205,3호선,매봉,4607,4710,9317
202205,3호선,무악재,2122,2297,4419
202205,3호선,불광,10568,12133,22701
202205,3호선,수서,11446,11583,23029
202205,3호선,신사,13984,14106,28090
202205,3호선,안국,14837,15452,30289
202205,3호선,압구정,15243,15997,31240
202205,3호선,약수,7221,6962,14183
202205,3호선,양재,15447,17398,32845
202205,3호선,연신내,22716,21317,44033
202205,3호선,오금,3025,2963,5988
202205,3호선,옥수,5538,5800,11338
202205,3호선,을지로3가,4046,3741,7787
202205,3호선,일원,3826,3961,7787
202205,3호선,잠원,2501,2516,5017
202205,3호선,종로3가,4463,5677,10140
202205,3호선,지축,2826,2589,5415
202205,3호선,학여울,1443,1499,2942
202205,3호선,홍제,10232,9728,19960
202205,4호선,길음,12203,11915,24118
202205,4호선,남태령,944,690,1634
202205,4호선,노원,12820,14006,26826
202205,4호선,당고개,6134,5892,12026
202205,4호선,동대문,7891,8183,16074
202205,4호선,동대문역사문화공원,9620,8584,18204
202205,4호선,동작,1448,1571,3019
202205,4호선,명동,13710,13833,27543
202205,4호선,미아,8813,8294,17107
202205,4호선,미아사거리,17407,16530,33937
202205,4호선,사당,17475,15854,33329
202205,4호선,삼각지,3332,4520,7852
202205,4호선,상계,11483,10614,22097
202205,4호선,서울역,4884,13431,18315
202205,4호선,성신여대입구,13766,13056,26822
202205,4호선,수유,21659,20895,42554
202205,4호선,숙대입구,8290,8095,16385
202205,4호선,신용산,9640,10145,19785
202205,4호선,쌍문,17506,15832,33338
202205,4호선,이촌,7693,8235,15928
202205,4호선,창동,16456,17179,33635
202205,4호선,총신대입구,11261,12205,23466
202205,4호선,충무로,9729,10293,20022
202205,4호선,한성대입구,8690,8683,17373
202205,4호선,혜화,23592,25439,49031
202205,4호선,회현,10396,10186,20582
202205,5호선,강동,9974,9969,19943
202205,5호선,강일,2419,2314,4733
202205,5호선,개롱,3175,3383,6558
202205,5호선,개화산,2842,2866,5708
202205,5호선,거여,5219,5039,10258
202205,5호선,고덕,4715,4800,9515
202205,5호선,공덕,5085,5056,10141
202205,5호선,광나루,8761,8444,17205
202205,5호선,광화문,12900,13231,26131
202205,5호선,군자,6517,7329,13846
202205,5호선,굽은다리,5786,5453,11239
202205,5호선,길동,4455,4531,8986
202205,5호선,김포공항,7268,7599,14867
202205,5호선,까치산,17123,16315,33438
202205,5호선,답십리,7613,7097,14710
202205,5호선,동대문역사문화공원,709,809,1518
202205,5호선,둔촌동,5021,4990,10011
202205,5호선,마곡,3830,4092,7922
202205,5호선,마장,3133,2904,6037
202205,5호선,마천,4010,4239,8249
202205,5호선,마포,5322,5335,10657
202205,5호선,명일,5399,5577,10976
202205,5호선,목동,8675,8864,17539
202205,5호선,미사,9715,9767,19482
202205,5호선,발산,9906,10610,20516
202205,5호선,방이,4574,4379,8953
202205,5호선,방화,3976,3951,7927
202205,5호선,상일동,7317,7034,14351
202205,5호선,서대문,5674,5830,11504
202205,5호선,송정,3951,3852,7803
202205,5호선,신금호,3205,3377,6582
202205,5호선,신길,2025,2194,4219
202205,5호선,신정,7029,6307,13336
202205,5호선,아차산,11476,11195,22671
202205,5호선,애오개,2870,2888,5758
202205,5호선,양평,2838,2923,5761
202205,5호선,여의나루,14925,15599,30524
202205,5호선,여의도,8109,9111,17220
202205,5호선,영등포구청,1453,1447,2900
202205,5호선,영등포시장,6178,6531,12709
202205,5호선,오금,1675,1707,3382
202205,5호선,오목교,12057,12558,24615
202205,5호선,올림픽공원,3882,4063,7945
202205,5호선,왕십리,2781,3281,6062
202205,5호선,우장산,7319,7531,14850
202205,5호선,을지로4가,1879,2019,3898
202205,5호선,장한평,8534,8307,16841
202205,5호선,종로3가,10197,8765,18962
202205,5호선,천호,14065,13306,27371
202205,5호선,청구,1951,1859,3810
202205,5호선,충정로,1574,1543,3117
202205,5호선,하남검단산,5066,5027,10093
202205,5호선,하남시청,4941,4717,9658
202205,5호선,하남풍산,2464,2418,4882
202205,5호선,행당,4331,3888,8219
202205,5호선,화곡,15602,14497,30099
202205,6호선,고려대,4505,4359,8864
202205,6호선,공덕,7479,7034,14513
202205,6호선,광흥창,4499,4267,8766
202205,6호선,구산,4269,3149,7418
202205,6호선,녹사평,4514,4605,9119
202205,6호선,대흥,4436,4594,9030
202205,6호선,독바위,1660,2004,3664
202205,6호선,돌곶이,5893,5589,11482
202205,6호선,동묘앞,6708,6824,13532
202205,6호선,디지털미디어시티,6084,6354,12438
202205,6호선,마포구청,7784,6819,14603
202205,6호선,망원,10246,11072,21318
202205,6호선,버티고개,1180,1287,2467
202205,6호선,보문,4594,4279,8873
202205,6호선,봉화산,4318,4265,8583
202205,6호선,불광,3200,2928,6128
202205,6호선,삼각지,5208,3965,9173
202205,6호선,상수,6752,7422,14174
202205,6호선,상월곡,3570,3350,6920
202205,6호선,새절,6924,6656,13580
202205,6호선,석계,6938,7327,14265
202205,6호선,신당,4710,5171,9881
202205,6호선,안암,5301,5655,10956
202205,6호선,약수,1884,1844,3728
202205,6호선,역촌,2133,2467,4600
202205,6호선,연신내,1,0,1
202205,6호선,월곡,5989,5694,11683
202205,6호선,월드컵경기장,4496,4618,9114
202205,6호선,응암,10167,10198,20365
202205,6호선,이태원,14057,10918,24975
202205,6호선,증산,5956,6022,11978
202205,6호선,창신,1768,1602,3370
202205,6호선,청구,1761,1665,3426
202205,6호선,태릉입구,4179,4713,8892
202205,6호선,한강진,7696,8507,16203
202205,6호선,합정,10229,9775,20004
202205,6호선,화랑대,5610,5160,10770
202205,6호선,효창공원앞,3888,3567,7455
202205,7호선,가산디지털단지,11504,10576,22080
202205,7호선,강남구청,6300,6901,13201
202205,7호선,건대입구,8426,9204,17630
202205,7호선,고속터미널,15215,9531,24746
202205,7호선,공릉,6636,6769,13405
202205,7호선,광명사거리,13742,13576,27318
202205,7호선,군자,8514,6483,14997
202205,7호선,남구로,7264,7147,14411
202205,7호선,남성,5786,5785,11571
202205,7호선,내방,5584,5678,11262
202205,7호선,노원,11716,12156,23872
202205,7호선,논현,5835,6167,12002
202205,7호선,대림,8617,7985,16602
202205,7호선,도봉산,5972,8424,14396
202205,7호선,뚝섬유원지,11214,10420,21634
202205,7호선,마들,6564,6070,12634
202205,7호선,먹골,6097,5767,11864
202205,7호선,면목,8425,8268,16693
202205,7호선,반포,3212,3201,6413
202205,7호선,보라매,4305,4448,8753
202205,7호선,사가정,9706,9287,18993
202205,7호선,상도,5981,6072,12053
202205,7호선,상봉,10684,9932,20616
202205,7호선,수락산,8925,8694,17619
202205,7호선,숭실대입구,6337,6814,13151
202205,7호선,신대방삼거리,8420,8336,16756
202205,7호선,신풍,6831,6532,13363
202205,7호선,어린이대공원,8650,8866,17516
202205,7호선,온수,4326,4525,8851
202205,7호선,용마산,3557,3817,7374
202205,7호선,이수,9173,8853,18026
202205,7호선,장승배기,5021,4863,9884
202205,7호선,장암,1511,958,2469
202205,7호선,중계,7305,6865,14170
202205,7호선,중곡,5819,5487,11306
202205,7호선,중화,6145,6063,12208
202205,7호선,천왕,5591,5417,11008
202205,7호선,철산,11586,11644,23230
202205,7호선,청담,7339,8005,15344
202205,7호선,태릉입구,6615,6362,12977
202205,7호선,하계,9852,9518,19370
202205,7호선,학동,7167,7706,14873
202205,8호선,가락시장,3429,4119,7548
202205,8호선,강동구청,4966,5078,10044
202205,8호선,남위례,2837,2914,5751
202205,8호선,남한산성입구,7467,7089,14556
202205,8호선,단대오거리,6310,6217,12527
202205,8호선,모란,5326,4440,9766
202205,8호선,몽촌토성,4175,4223,8398
202205,8호선,문정,6169,6558,12727
202205,8호선,복정,5510,5049,10559
202205,8호선,산성,3566,3631,7197
202205,8호선,석촌,4354,5476,9830
202205,8호선,송파,4428,4286,8714
202205,8호선,수진,3397,3130,6527
202205,8호선,신흥,3003,3250,6253
202205,8호선,암사,9772,9002,18774
202205,8호선,잠실,10715,12089,22804
202205,8호선,장지,9627,9668,19295
202205,8호선,천호,9639,10749,20388
202205,9호선,가양,12312,11838,24150
202205,9호선,개화,1254,1146,2400
202205,9호선,고속터미널,13143,18631,31774
202205,9호선,공항시장,1828,2033,3861
202205,9호선,구반포,706,739,1445
202205,9호선,국회의사당,5534,5489,11023
202205,9호선,김포공항,8015,12158,20173
202205,9호선,노들,3020,2719,5739
202205,9호선,노량진,15886,16763,32649
202205,9호선,당산,10396,10060,20456
202205,9호선,동작,1691,1453,3144
202205,9호선,등촌,5425,5443,10868
202205,9호선,마곡나루,6329,6297,12626
202205,9호선,사평,1846,1874,3720
202205,9호선,샛강,2520,2072,4592
202205,9호선,선유도,3441,3397,6838
202205,9호선,신논현,16617,15874,32491
202205,9호선,신목동,2119,1895,4014
202205,9호선,신반포,2604,2787,5391
202205,9호선,신방화,3696,3623,7319
202205,9호선,양천향교,4561,4740,9301
202205,9호선,여의도,10024,9387,19411
202205,9호선,염창,9507,9369,18876
202205,9호선,증미,3163,3053,6216
202205,9호선,흑석,4616,4648,9264
202205,9호선2~3단계,둔촌오륜,578,611,1189
202205,9호선2~3단계,봉은사,10934,11280,22214
202205,9호선2~3단계,삼성중앙,2243,2353,4596
202205,9호선2~3단계,삼전,3844,3814,7658
202205,9호선2~3단계,석촌,5585,4819,10404
202205,9호선2~3단계,석촌고분,3486,3383,6869
202205,9호선2~3단계,선정릉,3514,4007,7521
202205,9호선2~3단계,송파나루,3344,3727,7071
202205,9호선2~3단계,언주,4227,4270,8497
202205,9호선2~3단계,올림픽공원,9281,8934,18215
202205,9호선2~3단계,종합운동장,3747,3363,7110
202205,9호선2~3단계,중앙보훈병원,4027,3802,7829
202205,9호선2~3단계,한성백제,1843,1661,3504
202205,경강선,경기광주,4504,4636,9140
202205,경강선,곤지암,1780,1910,3690
202205,경강선,부발,1701,2391,4092
202205,경강선,삼동,1233,1138,2371
202205,경강선,세종대왕릉,332,323,655
202205,경강선,신둔도예촌,1134,1177,2311
202205,경강선,여주,2765,2808,5573
202205,경강선,이매,786,501,1287
202205,경강선,이천,2394,2608,5002
202205,경강선,초월,1863,1884,3747
202205,경강선,판교,2843,2615,5458
202205,경부선,가산디지털단지,5243,7049,12292
202205,경부선,관악,5391,4968,10359
202205,경부선,광명,3153,2296,5449
202205,경부선,구로,11061,11269,22330
202205,경부선,군포,3439,3153,6592
202205,경부선,금정,16059,16468,32527
202205,경부선,금천구청,6910,6953,13863
202205,경부선,남영,4904,5288,10192
202205,경부선,노량진,6361,5881,12242
202205,경부선,당정,3322,3379,6701
202205,경부선,대방,6390,7055,13445
202205,경부선,독산,6903,6975,13878
202205,경부선,두정,5049,6298,11347
202205,경부선,명학,4014,3977,7991
202205,경부선,병점,10468,11425,21893
202205,경부선,서동탄,927,893,1820
202205,경부선,서울역,9775,2219,11994
202205,경부선,서정리,5014,7238,12252
202205,경부선,석수,5793,5631,11424
202205,경부선,성균관대,8889,9068,17957
202205,경부선,성환,2984,3777,6761
202205,경부선,세류,2429,2291,4720
202205,경부선,세마,2020,1865,3885
202205,경부선,송탄,4046,4980,9026
202205,경부선,수원,38786,37219,76005
202205,경부선,신길,5076,4454,9530
202205,경부선,신도림,2677,2883,5560
202205,경부선,안양,15308,14898,30206
202205,경부선,영등포,35857,34961,70818
202205,경부선,오산,8809,9168,17977
202205,경부선,오산대,2636,2629,5265
202205,경부선,용산,37703,35182,72885
202205,경부선,의왕,5001,5008,10009
202205,경부선,직산,675,738,1413
202205,경부선,진위,1011,1007,2018
202205,경부선,천안,7375,7351,14726
202205,경부선,평택,13241,14106,27347
202205,경부선,평택지제,2870,2718,5588
202205,경부선,화서,5709,5696,11405
202205,경원선,가능,4415,4169,8584
202205,경원선,광운대,5117,5258,10375
202205,경원선,녹양,3100,2950,6050
202205,경원선,녹천,2879,2487,5366
202205,경원선,덕계,2130,2087,4217
202205,경원선,덕정,3801,4040,7841
202205,경원선,도봉,3813,3546,7359
202205,경원선,도봉산,9453,6710,16163
202205,경원선,동두천,1388,1923,3311
202205,경원선,동두천중앙,2363,2257,4620
202205,경원선,망월사,4808,5040,9848
202205,경원선,방학,6547,6395,12942
202205,경원선,보산,1640,1642,3282
202205,경원선,서빙고,1899,1862,3761
202205,경원선,석계,5543,6091,11634
202205,경원선,소요산,4804,4151,8955
202205,경원선,신이문,5268,4945,10213
202205,경원선,양주,5638,5594,11232
202205,경원선,옥수,69,43,112
202205,경원선,왕십리,10706,12096,22802
202205,경원선,외대앞,5684,5641,11325
202205,경원선,월계,4235,3935,8170
202205,경원선,응봉,1241,1083,2324
202205,경원선,의정부,15784,15900,31684
202205,경원선,이촌,2846,2092,4938
202205,경원선,지행,5160,5325,10485
202205,경원선,창동,3,0,3
202205,경원선,청량리,15773,14925,30698
202205,경원선,한남,2118,2141,4259
202205,경원선,회룡,8478,8426,16904
202205,경의선,가좌,3168,3114,6282
202205,경의선,강매,1680,1634,3314
202205,경의선,곡산,386,366,752
202205,경의선,공덕,2239,1768,4007
202205,경의선,금릉,3387,3292,6679
202205,경의선,금촌,4660,5129,9789
202205,경의선,능곡,2415,2346,4761
202205,경의선,디지털미디어시티,1699,1580,3279
202205,경의선,문산,4486,4531,9017
202205,경의선,백마,3835,3631,7466
202205,경의선,서강대,1552,1553,3105
202205,경의선,서울역,1383,1224,2607
202205,경의선,수색,1038,1075,2113
202205,경의선,신촌,315,329,644
202205,경의선,야당,5318,5355,10673
202205,경의선,운정,4241,4013,8254
202205,경의선,월롱,1155,2415,3570
202205,경의선,일산,5294,4959,10253
202205,경의선,임진강,122,92,214
202205,경의선,탄현,4668,4292,8960
202205,경의선,파주,725,694,1419
202205,경의선,풍산,3862,3678,7540
202205,경의선,행신,5132,4929,10061
202205,경의선,홍대입구,1996,2305,4301
202205,경의선,화전,1078,1155,2233
202205,경의선,효창공원앞,1491,1733,3224
202205,경인선,간석,3529,3330,6859
202205,경인선,개봉,12892,12812,25704
202205,경인선,구일,3520,3557,7077
202205,경인선,도원,3247,3307,6554
202205,경인선,도화,2646,2582,5228
202205,경인선,동암,10719,10468,21187
202205,경인선,동인천,10414,10136,20550
202205,경인선,백운,4263,4281,8544
202205,경인선,부개,5317,4985,10302
202205,경인선,부천,25037,24596,49633
202205,경인선,부평,24840,24757,49597
202205,경인선,소사,6621,6363,12984
202205,경인선,송내,14582,14348,28930
202205,경인선,역곡,15994,15952,31946
202205,경인선,오류동,7675,7243,14918
202205,경인선,온수,4284,3954,8238
202205,경인선,인천,4851,4034,8885
202205,경인선,제물포,6145,5931,12076
202205,경인선,주안,12977,11560,24537
202205,경인선,중동,5460,5170,10630
202205,경춘선,가평,3042,2010,5052
202205,경춘선,갈매,1567,1411,2978
202205,경춘선,강촌,1062,719,1781
202205,경춘선,굴봉산,292,264,556
202205,경춘선,금곡,1029,967,1996
202205,경춘선,김유정,480,505,985
202205,경춘선,남춘천,2826,3427,6253
202205,경춘선,대성리,2407,817,3224
202205,경춘선,마석,2864,2744,5608
202205,경춘선,백양리,207,129,336
202205,경춘선,별내,1930,1821,3751
202205,경춘선,사릉,1588,1477,3065
202205,경춘선,상천,647,439,1086
202205,경춘선,신내,1103,1107,2210
202205,경춘선,천마산,1255,1251,2506
202205,경춘선,청평,2352,1513,3865
202205,경춘선,춘천,2317,1901,4218
202205,경춘선,퇴계원,2357,2073,4430
202205,경춘선,평내호평,4022,3850,7872
202205,공항철도 1호선,검암,4115,4156,8271
202205,공항철도 1호선,계양,6184,5913,12097
202205,공항철도 1호선,공덕,1499,2077,3576
202205,공항철도 1호선,공항화물청사,1006,1114,2120
202205,공항철도 1호선,김포공항,11659,6420,18079
202205,공항철도 1호선,디지털미디어시티,4267,4247,8514
202205,공항철도 1호선,마곡나루,2699,3143,5842
202205,공항철도 1호선,서울역,9579,8952,18531
202205,공항철도 1호선,영종,2763,2735,5498
202205,공항철도 1호선,운서,5970,6320,12290
202205,공항철도 1호선,인천공항1터미널,6579,5999,12578
202205,공항철도 1호선,인천공항2터미널,3171,2698,5869
202205,공항철도 1호선,청라국제도시,3815,3772,7587
202205,공항철도 1호선,홍대입구,11277,10328,21605
202205,과천선,경마공원,16495,17036,33531
202205,과천선,과천,4226,3910,8136
202205,과천선,대공원,8597,8641,17238
202205,과천선,범계,16449,16018,32467
202205,과천선,선바위,4816,4259,9075
202205,과천선,인덕원,14209,14392,28601
202205,과천선,정부과천청사,5176,5054,10230
202205,과천선,평촌,7280,6978,14258
202205,분당선,가천대,4628,5554,10182
202205,분당선,강남구청,3510,4180,7690
202205,분당선,개포동,2227,2303,4530
202205,분당선,구룡,905,972,1877
202205,분당선,구성,2842,3047,5889
202205,분당선,기흥,5729,5389,11118
202205,분당선,대모산입구,2529,2485,5014
202205,분당선,도곡,3359,3150,6509
202205,분당선,망포,7100,7351,14451
202205,분당선,매교,1581,1583,3164
202205,분당선,매탄권선,2959,2825,5784
202205,분당선,모란,19836,20787,40623
202205,분당선,미금,8557,8955,17512
202205,분당선,보정,1328,1246,2574
202205,분당선,복정,2,0,2
202205,분당선,상갈,3124,3267,6391
202205,분당선,서울숲,8576,8811,17387
202205,분당선,서현,15815,15817,31632
202205,분당선,선릉,3177,4727,7904
202205,분당선,선정릉,2259,2356,4615
202205,분당선,수내,7048,6547,13595
202205,분당선,수서,9761,9661,19422
202205,분당선,수원,6551,5514,12065
202205,분당선,수원시청,8681,8530,17211
202205,분당선,신갈,2295,2311,4606
202205,분당선,압구정로데오,10724,11965,22689
202205,분당선,야탑,15695,16004,31699
202205,분당선,영통,5386,5555,10941
202205,분당선,오리,6279,5482,11761
202205,분당선,이매,3691,3736,7427
202205,분당선,정자,8505,8800,17305
202205,분당선,죽전,8809,9674,18483
202205,분당선,청명,2400,2427,4827
202205,분당선,태평,9223,8704,17927
202205,분당선,한티,8963,8759,17722
202205,수인선,고색,2012,2127,4139
202205,수인선,남동인더스파크,610,648,1258
202205,수인선,달월,46,49,95
202205,수인선,사리,3074,2646,5720
202205,수인선,소래포구,6546,6091,12637
202205,수인선,송도,1653,1656,3309
202205,수인선,숭의,2378,2183,4561
202205,수인선,신포,1284,1181,2465
202205,수인선,야목,223,192,415
202205,수인선,어천,664,743,1407
202205,수인선,연수,3495,3494,6989
202205,수인선,오목천,1854,1834,3688
202205,수인선,원인재,3152,3362,6514
202205,수인선,월곶,1887,1829,3716
202205,수인선,인천,1297,1892,3189
202205,수인선,인천논현,3304,3442,6746
202205,수인선,인하대,3526,3528,7054
202205,수인선,호구포,2249,2385,4634
202205,신림선,관악산,7027,7136,14163
202205,신림선,당곡,2695,2417,5112
202205,신림선,대방,1419,1087,2506
202205,신림선,보라매,2126,1806,3932
202205,신림선,보라매공원,1808,2097,3905
202205,신림선,보라매병원,2770,2787,5557
202205,신림선,샛강,2691,3962,6653
202205,신림선,서울대벤처타운,5322,4939,10261
202205,신림선,서울지방병무청,1916,1846,3762
202205,신림선,서원,2234,1984,4218
202205,신림선,신림,1850,2160,4010
202205,안산선,고잔,5947,5821,11768
202205,안산선,대야미,3528,3184,6712
202205,안산선,반월,2873,2868,5741
202205,안산선,산본,10173,10966,21139
202205,안산선,상록수,10555,10524,21079
202205,안산선,수리산,2518,2455,4973
202205,안산선,신길온천,1391,1317,2708
202205,안산선,안산,10935,10009,20944
202205,안산선,오이도,6742,6450,13192
202205,안산선,정왕,6159,6706,12865
202205,안산선,중앙,13487,13496,26983
202205,안산선,초지,2882,2751,5633
202205,안산선,한대앞,6257,6218,12475
202205,우이신설선,4.19민주묘지,2211,1986,4197
202205,우이신설선,가오리,2490,2391,4881
202205,우이신설선,보문,1076,1048,2124
202205,우이신설선,북한산보국문,4137,3787,7924
202205,우이신설선,북한산우이,3632,3751,7383
202205,우이신설선,삼양,1266,1272,2538
202205,우이신설선,삼양사거리,1737,1602,3339
202205,우이신설선,성신여대입구,2314,2794,5108
202205,우이신설선,솔밭공원,1551,1494,3045
202205,우이신설선,솔샘,3138,2973,6111
202205,우이신설선,신설동,1254,1255,2509
202205,우이신설선,정릉,3095,2550,5645
202205,우이신설선,화계,2409,2147,4556
202205,일산선,대곡,1177,1030,2207
202205,일산선,대화,6779,6104,12883
202205,일산선,마두,3756,3744,7500
202205,일산선,백석,5886,5835,11721
202205,일산선,삼송,12242,11915,24157
202205,일산선,원당,7019,6619,13638
202205,일산선,원흥,6451,6159,12610
202205,일산선,정발산,6381,6346,12727
202205,일산선,주엽,5198,5054,10252
202205,일산선,화정,10389,10813,21202
202205,장항선,배방,1049,1190,2239
202205,장항선,봉명,686,697,1383
202205,장항선,신창,1112,2072,3184
202205,장항선,쌍용,1648,1878,3526
202205,장항선,아산,4550,2934,7484
202205,장항선,온양온천,5421,5354,10775
202205,장항선,탕정,619,690,1309
202205,중앙선,구리,8566,8740,17306
202205,중앙선,국수,690,614,1304
202205,중앙선,덕소,3782,3855,7637
202205,중앙선,도농,6079,5947,12026
202205,중앙선,도심,1370,1216,2586
202205,중앙선,망우,5430,5604,11034
202205,중앙선,상봉,4087,4219,8306
202205,중앙선,신원,307,388,695
202205,중앙선,아신,731,532,1263
202205,중앙선,양수,2372,2093,4465
202205,중앙선,양원,1518,1549,3067
202205,중앙선,양정,607,453,1060
202205,중앙선,양평,2802,2480,5282
202205,중앙선,오빈,321,282,603
202205,중앙선,용문,2671,2099,4770
202205,중앙선,운길산,1420,1334,2754
202205,중앙선,원덕,461,375,836
202205,중앙선,중랑,3881,3721,7602
202205,중앙선,지평,79,61,140
202205,중앙선,팔당,1576,1559,3135
202205,중앙선,회기,17568,17803,35371
202206,1호선,동대문,10853,11096,21949
202206,1호선,동묘앞,11688,12306,23994
202206,1호선,서울역,40297,41895,82192
202206,1호선,시청,13363,13763,27126
202206,1호선,신설동,10077,9504,19581
202206,1호선,제기동,15657,16018,31675
202206,1호선,종각,21346,20387,41733
202206,1호선,종로3가,25509,23634,49143
202206,1호선,종로5가,21364,21905,43269
202206,1호선,청량리,19167,19614,38781
202206,2호선,강남,56964,57369,114333
202206,2호선,강변,30793,34075,64868
202206,2호선,건대입구,35599,39389,74988
202206,2호선,교대,17643,19750,37393
202206,2호선,구로디지털단지,34617,33315,67932
202206,2호선,구의,16860,15670,32530
202206,2호선,낙성대,21847,19089,40936
202206,2호선,당산,13256,14070,27326
202206,2호선,대림,18532,19265,37797
202206,2호선,도림천,824,816,1640
202206,2호선,동대문역사문화공원,11796,13629,25425
202206,2호선,뚝섬,16521,16906,33427
202206,2호선,문래,12859,13501,26360
202206,2호선,방배,10780,11035,21815
202206,2호선,봉천,17941,15479,33420
202206,2호선,사당,32922,36527,69449
202206,2호선,삼성,35320,34660,69980
202206,2호선,상왕십리,10126,9281,19407
202206,2호선,서울대입구,37486,35328,72814
202206,2호선,서초,11312,9215,20527
202206,2호선,선릉,24156,21215,45371
202206,2호선,성수,20688,24111,44799
202206,2호선,시청,10376,8887,19263
202206,2호선,신답,1145,1104,2249
202206,2호선,신당,11507,12163,23670
202206,2호선,신대방,20688,18841,39529
202206,2호선,신도림,41221,42242,83463
202206,2호선,신림,49762,46421,96183
202206,2호선,신설동,3744,3455,7199
202206,2호선,신정네거리,7715,7418,15133
202206,2호선,신촌,31391,31765,63156
202206,2호선,아현,7769,6918,14687
202206,2호선,양천구청,4901,4710,9611
202206,2호선,역삼,18271,20262,38533
202206,2호선,영등포구청,12124,12652,24776
202206,2호선,왕십리,13786,11972,25758
202206,2호선,용답,2232,2023,4255
202206,2호선,용두,1847,1731,3578
202206,2호선,을지로3가,12122,12949,25071
202206,2호선,을지로4가,7994,8608,16602
202206,2호선,을지로입구,22941,23384,46325
202206,2호선,이대,10398,10882,21280
202206,2호선,잠실,67922,65763,133685
202206,2호선,잠실나루,7815,7512,15327
202206,2호선,잠실새내,17675,18187,35862
202206,2호선,종합운동장,12034,13497,25531
202206,2호선,충정로,6013,6154,12167
202206,2호선,한양대,5057,5284,10341
202206,2호선,합정,28970,33200,62170
202206,2호선,홍대입구,66346,75640,141986
202206,3호선,가락시장,6375,6023,12398
202206,3호선,경복궁,24674,28149,52823
202206,3호선,경찰병원,4101,3908,8009
202206,3호선,고속터미널,55319,62061,117380
202206,3호선,교대,7112,4543,11655
202206,3호선,구파발,16048,16249,32297
202206,3호선,금호,6130,5404,11534
202206,3호선,남부터미널,22926,24080,47006
202206,3호선,녹번,10990,9083,20073
202206,3호선,대청,6337,5554,11891
202206,3호선,대치,10232,9289,19521
202206,3호선,도곡,3334,3269,6603
202206,3호선,독립문,6610,7130,13740
202206,3호선,동대입구,8801,10180,18981
202206,3호선,매봉,6453,6280,12733
202206,3호선,무악재,2858,3007,5865
202206,3호선,불광,13586,14903,28489
202206,3호선,수서,14039,14092,28131
202206,3호선,신사,23728,25617,49345
202206,3호선,안국,21967,23261,45228
202206,3호선,압구정,24719,26477,51196
202206,3호선,약수,9516,8835,18351
202206,3호선,양재,20555,22131,42686
202206,3호선,연신내,29698,27821,57519
202206,3호선,오금,3990,3530,7520
202206,3호선,옥수,7482,7177,14659
202206,3호선,을지로3가,6041,6546,12587
202206,3호선,일원,5096,4814,9910
202206,3호선,잠원,3623,3344,6967
202206,3호선,종로3가,6398,9785,16183
202206,3호선,지축,3774,3392,7166
202206,3호선,충무로,1,0,1
202206,3호선,학여울,1343,1363,2706
202206,3호선,홍제,14094,12784,26878
202206,4호선,길음,15561,14182,29743
202206,4호선,남태령,1207,697,1904
202206,4호선,노원,16497,18396,34893
202206,4호선,당고개,7532,6824,14356
202206,4호선,동대문,15045,15490,30535
202206,4호선,동대문역사문화공원,12859,11410,24269
202206,4호선,동작,2126,2182,4308
202206,4호선,명동,17563,20461,38024
202206,4호선,미아,11653,10464,22117
202206,4호선,미아사거리,22895,21575,44470
202206,4호선,사당,23276,20547,43823
202206,4호선,삼각지,4498,5976,10474
202206,4호선,상계,14800,13528,28328
202206,4호선,서울역,6668,17313,23981
202206,4호선,성신여대입구,17182,15833,33015
202206,4호선,수유,27715,26759,54474
202206,4호선,숙대입구,9975,9577,19552
202206,4호선,신용산,11832,12891,24723
202206,4호선,쌍문,22701,19524,42225
202206,4호선,이촌,9991,10896,20887
202206,4호선,창동,20768,21699,42467
202206,4호선,총신대입구,15023,15893,30916
202206,4호선,충무로,14020,16236,30256
202206,4호선,한성대입구,11671,11209,22880
202206,4호선,혜화,30486,31947,62433
202206,4호선,회현,20668,21954,42622
202206,5호선,강동,13806,12777,26583
202206,5호선,강일,3324,3000,6324
202206,5호선,개롱,4464,4602,9066
202206,5호선,개화산,4048,3754,7802
202206,5호선,거여,6845,6127,12972
202206,5호선,고덕,6805,6592,13397
202206,5호선,공덕,7245,7613,14858
202206,5호선,광나루,10637,9769,20406
202206,5호선,광화문,17102,17905,35007
202206,5호선,군자,8639,9467,18106
202206,5호선,굽은다리,7494,6841,14335
202206,5호선,길동,6191,6303,12494
202206,5호선,김포공항,8008,8214,16222
202206,5호선,까치산,22215,20128,42343
202206,5호선,답십리,10336,9134,19470
202206,5호선,동대문역사문화공원,960,1254,2214
202206,5호선,둔촌동,6124,6034,12158
202206,5호선,마곡,5678,5701,11379
202206,5호선,마장,3948,3753,7701
202206,5호선,마천,5191,5199,10390
202206,5호선,마포,7667,7755,15422
202206,5호선,명일,6466,6226,12692
202206,5호선,목동,12034,11762,23796
202206,5호선,미사,13036,13021,26057
202206,5호선,발산,14283,15387,29670
202206,5호선,방이,5551,5372,10923
202206,5호선,방화,4882,4608,9490
202206,5호선,상일동,9875,9014,18889
202206,5호선,서대문,7673,7379,15052
202206,5호선,송정,5221,4839,10060
202206,5호선,신금호,4356,4411,8767
202206,5호선,신길,2887,2914,5801
202206,5호선,신정,9559,7841,17400
202206,5호선,아차산,13494,12524,26018
202206,5호선,애오개,3858,3548,7406
202206,5호선,양평,3808,3439,7247
202206,5호선,여의나루,18156,19845,38001
202206,5호선,여의도,11463,13053,24516
202206,5호선,영등포구청,2153,2035,4188
202206,5호선,영등포시장,8543,8833,17376
202206,5호선,오금,2076,2012,4088
202206,5호선,오목교,16836,17389,34225
202206,5호선,올림픽공원,3872,3525,7397
202206,5호선,왕십리,3462,4433,7895
202206,5호선,우장산,10359,9934,20293
202206,5호선,을지로4가,3761,4288,8049
202206,5호선,장한평,11709,11137,22846
202206,5호선,종로3가,13805,14365,28170
202206,5호선,천호,17858,17107,34965
202206,5호선,청구,2654,2341,4995
202206,5호선,충정로,1881,1730,3611
202206,5호선,하남검단산,6098,5968,12066
202206,5호선,하남시청,6546,6109,12655
202206,5호선,하남풍산,2970,3017,5987
202206,5호선,행당,5636,4631,10267
202206,5호선,화곡,21122,18894,40016
202206,6호선,고려대,5444,5158,10602
202206,6호선,공덕,10480,9876,20356
202206,6호선,광흥창,5326,4772,10098
202206,6호선,구산,5737,4118,9855
202206,6호선,녹사평,5514,6204,11718
202206,6호선,대흥,6105,5901,12006
202206,6호선,독바위,2024,2243,4267
202206,6호선,돌곶이,6392,5509,11901
202206,6호선,동묘앞,8076,7834,15910
202206,6호선,디지털미디어시티,7815,7759,15574
202206,6호선,마포구청,9664,8190,17854
202206,6호선,망원,13008,14362,27370
202206,6호선,버티고개,1619,1667,3286
202206,6호선,보문,5251,4556,9807
202206,6호선,봉화산,5758,5484,11242
202206,6호선,불광,3785,3569,7354
202206,6호선,삼각지,6975,5297,12272
202206,6호선,상수,8155,10187,18342
202206,6호선,상월곡,4346,3716,8062
202206,6호선,새절,9196,8397,17593
202206,6호선,석계,8974,8784,17758
202206,6호선,신당,6494,5990,12484
202206,6호선,안암,6960,6629,13589
202206,6호선,약수,2626,2549,5175
202206,6호선,역촌,2605,2951,5556
202206,6호선,연신내,2,0,2
202206,6호선,월곡,7745,7172,14917
202206,6호선,월드컵경기장,5460,5628,11088
202206,6호선,응암,13241,12456,25697
202206,6호선,이태원,14731,20006,34737
202206,6호선,증산,7632,7203,14835
202206,6호선,창신,2238,1799,4037
202206,6호선,청구,2388,2298,4686
202206,6호선,태릉입구,4577,5036,9613
202206,6호선,한강진,9210,11678,20888
202206,6호선,합정,12860,12182,25042
202206,6호선,화랑대,7564,5667,13231
202206,6호선,효창공원앞,4843,4276,9119
202206,7호선,가산디지털단지,14973,13511,28484
202206,7호선,강남구청,10243,11445,21688
202206,7호선,건대입구,11833,12739,24572
202206,7호선,고속터미널,17230,13628,30858
202206,7호선,공릉,9761,9087,18848
202206,7호선,광명사거리,17681,17323,35004
202206,7호선,군자,11400,8294,19694
202206,7호선,남구로,8424,8730,17154
202206,7호선,남성,8123,7032,15155
202206,7호선,내방,8058,7815,15873
202206,7호선,노원,16344,17025,33369
202206,7호선,논현,10148,11076,21224
202206,7호선,대림,7557,8085,15642
202206,7호선,도봉산,7177,9626,16803
202206,7호선,뚝섬유원지,12680,11748,24428
202206,7호선,마들,9307,8368,17675
202206,7호선,먹골,7930,7337,15267
202206,7호선,면목,11482,10537,22019
202206,7호선,반포,4712,4434,9146
202206,7호선,보라매,5807,5618,11425
202206,7호선,사가정,12651,12078,24729
202206,7호선,상도,8356,7331,15687
202206,7호선,상봉,13898,13023,26921
202206,7호선,수락산,10461,10100,20561
202206,7호선,숭실대입구,9100,8672,17772
202206,7호선,신대방삼거리,11227,10063,21290
202206,7호선,신풍,8517,7968,16485
202206,7호선,어린이대공원,12295,12253,24548
202206,7호선,온수,5980,5711,11691
202206,7호선,용마산,4532,4442,8974
202206,7호선,이수,12607,11804,24411
202206,7호선,장승배기,6709,6187,12896
202206,7호선,장암,1671,1115,2786
202206,7호선,중계,9634,8377,18011
202206,7호선,중곡,7260,6466,13726
202206,7호선,중화,7756,7166,14922
202206,7호선,천왕,7306,6754,14060
202206,7호선,철산,15562,15423,30985
202206,7호선,청담,12023,13413,25436
202206,7호선,태릉입구,7110,6588,13698
202206,7호선,하계,12868,11509,24377
202206,7호선,학동,10928,11683,22611
202206,8호선,가락시장,5333,5644,10977
202206,8호선,강동구청,6383,6170,12553
202206,8호선,남위례,3843,3881,7724
202206,8호선,남한산성입구,9989,8560,18549
202206,8호선,단대오거리,8402,7345,15747
202206,8호선,모란,5832,4975,10807
202206,8호선,몽촌토성,4542,4469,9011
202206,8호선,문정,8573,8600,17173
202206,8호선,복정,6589,5349,11938
202206,8호선,산성,4495,4419,8914
202206,8호선,석촌,5754,7138,12892
202206,8호선,송파,5817,5373,11190
202206,8호선,수진,4620,4177,8797
202206,8호선,신흥,3785,4000,7785
202206,8호선,암사,12986,11297,24283
202206,8호선,잠실,12907,15812,28719
202206,8호선,장지,12579,11513,24092
202206,8호선,천호,12141,14349,26490
202206,9호선,가양,14898,13895,28793
202206,9호선,개화,1536,1338,2874
202206,9호선,고속터미널,16055,24854,40909
202206,9호선,공항시장,2412,2402,4814
202206,9호선,구반포,1284,1400,2684
202206,9호선,국회의사당,4882,5008,9890
202206,9호선,김포공항,8237,12195,20432
202206,9호선,노들,3725,3088,6813
202206,9호선,노량진,21486,20955,42441
202206,9호선,당산,13699,12502,26201
202206,9호선,동작,3518,3540,7058
202206,9호선,등촌,7763,7111,14874
202206,9호선,마곡나루,8595,8584,17179
202206,9호선,사평,2512,2263,4775
202206,9호선,샛강,3203,2848,6051
202206,9호선,선유도,4428,4080,8508
202206,9호선,신논현,25052,25479,50531
202206,9호선,신목동,2642,2156,4798
202206,9호선,신반포,3423,3412,6835
202206,9호선,신방화,5029,4562,9591
202206,9호선,양천향교,6231,5565,11796
202206,9호선,여의도,13081,13009,26090
202206,9호선,염창,12777,11210,23987
202206,9호선,증미,4207,3823,8030
202206,9호선,흑석,6250,6101,12351
202206,9호선2~3단계,둔촌오륜,606,571,1177
202206,9호선2~3단계,봉은사,15605,17355,32960
202206,9호선2~3단계,삼성중앙,3359,3153,6512
202206,9호선2~3단계,삼전,5143,4588,9731
202206,9호선2~3단계,석촌,7137,5838,12975
202206,9호선2~3단계,석촌고분,4572,4058,8630
202206,9호선2~3단계,선정릉,4990,5530,10520
202206,9호선2~3단계,송파나루,4201,4618,8819
202206,9호선2~3단계,언주,6515,6436,12951
202206,9호선2~3단계,올림픽공원,8178,8302,16480
202206,9호선2~3단계,종합운동장,3593,3194,6787
202206,9호선2~3단계,중앙보훈병원,5023,4686,9709
202206,9호선2~3단계,한성백제,2029,1696,3725
202206,경강선,경기광주,6134,5720,11854
202206,경강선,곤지암,2229,2351,4580
202206,경강선,부발,2430,2014,4444
202206,경강선,삼동,1906,1647,3553
202206,경강선,세종대왕릉,407,496,903
202206,경강선,신둔도예촌,1337,1391,2728
202206,경강선,여주,2844,3403,6247
202206,경강선,이매,1054,748,1802
202206,경강선,이천,3069,3224,6293
202206,경강선,초월,2502,2311,4813
202206,경강선,판교,3421,3347,6768
202206,경부선,가산디지털단지,6699,8716,15415
202206,경부선,관악,6570,6231,12801
202206,경부선,광명,3221,3061,6282
202206,경부선,구로,13826,14400,28226
202206,경부선,군포,4567,4139,8706
202206,경부선,금정,20402,20177,40579
202206,경부선,금천구청,9079,8897,17976
202206,경부선,남영,6112,6113,12225
202206,경부선,노량진,8662,7592,16254
202206,경부선,당정,4346,3974,8320
202206,경부선,대방,7670,8069,15739
202206,경부선,독산,9419,8850,18269
202206,경부선,두정,6316,6182,12498
202206,경부선,명학,4974,4582,9556
202206,경부선,병점,13098,12995,26093
202206,경부선,서동탄,1049,1111,2160
202206,경부선,서울역,10011,2752,12763
202206,경부선,서정리,7926,6154,14080
202206,경부선,석수,7364,6765,14129
202206,경부선,성균관대,11613,10935,22548
202206,경부선,성환,3565,3290,6855
202206,경부선,세류,2774,2798,5572
202206,경부선,세마,2437,2194,4631
202206,경부선,송탄,5374,4634,10008
202206,경부선,수원,40521,44893,85414
202206,경부선,신길,6269,5285,11554
202206,경부선,신도림,3729,3599,7328
202206,경부선,안양,19208,19004,38212
202206,경부선,영등포,42262,45526,87788
202206,경부선,오산,10498,9736,20234
202206,경부선,오산대,3430,2933,6363
202206,경부선,용산,40797,46302,87099
202206,경부선,의왕,6752,6424,13176
202206,경부선,직산,799,767,1566
202206,경부선,진위,1157,1004,2161
202206,경부선,천안,7493,8161,15654
202206,경부선,평택,14966,14942,29908
202206,경부선,평택지제,3674,3304,6978
202206,경부선,화서,6426,6277,12703
202206,경원선,가능,5638,5249,10887
202206,경원선,광운대,5617,5510,11127
202206,경원선,녹양,3778,3600,7378
202206,경원선,녹천,3527,2795,6322
202206,경원선,덕계,2862,2532,5394
202206,경원선,덕정,5164,4615,9779
202206,경원선,도봉,4822,4395,9217
202206,경원선,도봉산,9982,6912,16894
202206,경원선,동두천,1762,2293,4055
202206,경원선,동두천중앙,2835,2856,5691
202206,경원선,망월사,6248,6349,12597
202206,경원선,방학,7912,7668,15580
202206,경원선,보산,1991,1949,3940
202206,경원선,서빙고,1807,1822,3629
202206,경원선,석계,7310,7276,14586
202206,경원선,소요산,4888,4154,9042
202206,경원선,신이문,6599,5758,12357
202206,경원선,양주,7106,6616,13722
202206,경원선,옥수,23,36,59
202206,경원선,왕십리,13632,14635,28267
202206,경원선,외대앞,6477,5988,12465
202206,경원선,월계,5098,4527,9625
202206,경원선,응봉,1587,1315,2902
202206,경원선,의정부,19060,20625,39685
202206,경원선,이촌,3494,2452,5946
202206,경원선,지행,6483,6300,12783
202206,경원선,청량리,18295,19218,37513
202206,경원선,한남,3052,2843,5895
202206,경원선,회룡,10700,10320,21020
202206,경의선,가좌,4280,3943,8223
202206,경의선,강매,2146,1924,4070
202206,경의선,계양,1,0,1
202206,경의선,곡산,456,481,937
202206,경의선,공덕,2827,2202,5029
202206,경의선,금릉,4334,3973,8307
202206,경의선,금촌,6401,5798,12199
202206,경의선,능곡,3036,2919,5955
202206,경의선,디지털미디어시티,2221,1957,4178
202206,경의선,문산,6166,5717,11883
202206,경의선,백마,4947,4586,9533
202206,경의선,서강대,1860,1736,3596
202206,경의선,서울역,1603,1874,3477
202206,경의선,수색,1829,1665,3494
202206,경의선,신촌,432,461,893
202206,경의선,야당,6980,7143,14123
202206,경의선,운정,5458,4808,10266
202206,경의선,월롱,2084,1580,3664
202206,경의선,일산,6906,6256,13162
202206,경의선,임진강,106,88,194
202206,경의선,탄현,5848,5401,11249
202206,경의선,파주,1009,749,1758
202206,경의선,풍산,4774,4449,9223
202206,경의선,행신,5738,6049,11787
202206,경의선,홍대입구,2219,2713,4932
202206,경의선,화전,1323,1139,2462
202206,경의선,효창공원앞,1888,1950,3838
202206,경인선,간석,4801,4425,9226
202206,경인선,개봉,17315,16496,33811
202206,경인선,구일,4632,4263,8895
202206,경인선,도원,2321,2354,4675
202206,경인선,도화,3300,3020,6320
202206,경인선,동암,13464,13527,26991
202206,경인선,동인천,12933,13103,26036
202206,경인선,백운,5756,5431,11187
202206,경인선,부개,7072,6407,13479
202206,경인선,부천,29791,30661,60452
202206,경인선,부평,29793,33589,63382
202206,경인선,소사,7991,7558,15549
202206,경인선,송내,19526,18972,38498
202206,경인선,역곡,21805,20557,42362
202206,경인선,오류동,9672,8703,18375
202206,경인선,온수,5342,4828,10170
202206,경인선,인천,6288,5731,12019
202206,경인선,제물포,7926,7431,15357
202206,경인선,주안,17154,14911,32065
202206,경인선,중동,7226,6502,13728
202206,경춘선,가평,2605,3479,6084
202206,경춘선,갈매,2179,1807,3986
202206,경춘선,강촌,798,941,1739
202206,경춘선,굴봉산,271,283,554
202206,경춘선,금곡,1332,1258,2590
202206,경춘선,김유정,611,823,1434
202206,경춘선,남춘천,3367,4026,7393
202206,경춘선,대성리,1556,1752,3308
202206,경춘선,마석,3657,3615,7272
202206,경춘선,백양리,167,139,306
202206,경춘선,별내,2541,2360,4901
202206,경춘선,사릉,1909,1828,3737
202206,경춘선,상천,506,472,978
202206,경춘선,신내,1450,1342,2792
202206,경춘선,천마산,1540,1514,3054
202206,경춘선,청평,2208,2545,4753
202206,경춘선,춘천,2745,2535,5280
202206,경춘선,퇴계원,2830,2544,5374
202206,경춘선,평내호평,5122,4901,10023
202206,공항철도 1호선,검암,4947,5010,9957
202206,공항철도 1호선,계양,8128,7293,15421
202206,공항철도 1호선,공덕,1711,2681,4392
202206,공항철도 1호선,공항화물청사,1444,1448,2892
202206,공항철도 1호선,김포공항,11745,5751,17496
202206,공항철도 1호선,디지털미디어시티,6142,5549,11691
202206,공항철도 1호선,마곡나루,3672,3923,7595
202206,공항철도 1호선,서울역,9919,10522,20441
202206,공항철도 1호선,영종,3409,3532,6941
202206,공항철도 1호선,운서,7178,7494,14672
202206,공항철도 1호선,인천공항1터미널,6560,6392,12952
202206,공항철도 1호선,인천공항2터미널,2990,2594,5584
202206,공항철도 1호선,청라국제도시,5102,4827,9929
202206,공항철도 1호선,홍대입구,13385,13944,27329
202206,과천선,경마공원,13312,13800,27112
202206,과천선,과천,5093,4619,9712
202206,과천선,대공원,8431,8660,17091
202206,과천선,범계,21475,21294,42769
202206,과천선,선바위,5818,5050,10868
202206,과천선,인덕원,17930,17442,35372
202206,과천선,정부과천청사,6677,6456,13133
202206,과천선,평촌,9700,9382,19082
202206,분당선,가천대,5890,6207,12097
202206,분당선,강남구청,5288,6464,11752
202206,분당선,개포동,2721,2642,5363
202206,분당선,구룡,1508,1318,2826
202206,분당선,구성,3610,3780,7390
202206,분당선,기흥,7104,6650,13754
202206,분당선,대모산입구,3177,2761,5938
202206,분당선,도곡,4696,4130,8826
202206,분당선,망포,9590,8514,18104
202206,분당선,매교,2135,2128,4263
202206,분당선,매탄권선,3822,3467,7289
202206,분당선,모란,23559,24477,48036
202206,분당선,미금,11424,11905,23329
202206,분당선,보정,1781,1611,3392
202206,분당선,상갈,4026,4010,8036
202206,분당선,서울숲,10810,11525,22335
202206,분당선,서현,19849,19872,39721
202206,분당선,선릉,5154,8021,13175
202206,분당선,선정릉,3292,3288,6580
202206,분당선,수내,9686,8949,18635
202206,분당선,수서,10772,11898,22670
202206,분당선,수원,7922,6819,14741
202206,분당선,수원시청,11437,12872,24309
202206,분당선,신갈,3010,2892,5902
202206,분당선,압구정로데오,17261,21041,38302
202206,분당선,야탑,19061,19983,39044
202206,분당선,영통,7016,6858,13874
202206,분당선,오리,8283,6684,14967
202206,분당선,이매,4820,4568,9388
202206,분당선,정자,11370,7437,18807
202206,분당선,죽전,10806,11828,22634
202206,분당선,청명,2971,2928,5899
202206,분당선,태평,11752,10730,22482
202206,분당선,한티,12736,12225,24961
202206,수인선,고색,2650,2671,5321
202206,수인선,남동인더스파크,937,893,1830
202206,수인선,달월,83,87,170
202206,수인선,사리,3876,3256,7132
202206,수인선,소래포구,7286,7274,14560
202206,수인선,송도,2103,2009,4112
202206,수인선,숭의,2968,2686,5654
202206,수인선,신포,1600,1672,3272
202206,수인선,야목,325,227,552
202206,수인선,어천,867,766,1633
202206,수인선,연수,4249,4340,8589
202206,수인선,오목천,2467,2074,4541
202206,수인선,원인재,3896,4062,7958
202206,수인선,월곶,2369,2280,4649
202206,수인선,인천,1526,2672,4198
202206,수인선,인천논현,4606,4774,9380
202206,수인선,인하대,4659,4310,8969
202206,수인선,호구포,2820,2623,5443
202206,신림선,관악산,4870,5056,9926
202206,신림선,당곡,2826,2400,5226
202206,신림선,대방,1689,1151,2840
202206,신림선,보라매,2146,1738,3884
202206,신림선,보라매공원,1464,1588,3052
202206,신림선,보라매병원,2788,2628,5416
202206,신림선,샛강,1677,2397,4074
202206,신림선,서울대벤처타운,5677,4972,10649
202206,신림선,서울지방병무청,1639,1664,3303
202206,신림선,서원,2151,1811,3962
202206,신림선,신림,1783,2017,3800
202206,안산선,고잔,6726,6659,13385
202206,안산선,대야미,4219,3631,7850
202206,안산선,반월,3856,3528,7384
202206,안산선,산본,13451,14078,27529
202206,안산선,상록수,13284,12901,26185
202206,안산선,수리산,3128,2701,5829
202206,안산선,신길온천,1649,1560,3209
202206,안산선,안산,10699,11116,21815
202206,안산선,오이도,8486,8906,17392
202206,안산선,정왕,7587,7630,15217
202206,안산선,중앙,16786,17641,34427
202206,안산선,초지,3687,3620,7307
202206,안산선,한대앞,7884,7687,15571
202206,우이신설선,4.19민주묘지,2614,2228,4842
202206,우이신설선,가오리,3190,2838,6028
202206,우이신설선,보문,1171,1132,2303
202206,우이신설선,북한산보국문,4975,4231,9206
202206,우이신설선,북한산우이,3699,3932,7631
202206,우이신설선,삼양,1584,1592,3176
202206,우이신설선,삼양사거리,1989,1802,3791
202206,우이신설선,성신여대입구,2776,3382,6158
202206,우이신설선,솔밭공원,1934,1796,3730
202206,우이신설선,솔샘,3968,3474,7442
202206,우이신설선,신설동,1468,1448,2916
202206,우이신설선,정릉,3846,3008,6854
202206,우이신설선,화계,2717,2323,5040
202206,일산선,대곡,1572,1324,2896
202206,일산선,대화,9525,8238,17763
202206,일산선,마두,5341,5380,10721
202206,일산선,백석,7630,7666,15296
202206,일산선,삼송,15416,14342,29758
202206,일산선,원당,8799,8281,17080
202206,일산선,원흥,8239,7649,15888
202206,일산선,정발산,7097,7539,14636
202206,일산선,주엽,7252,6991,14243
202206,일산선,지축,1,0,1
202206,일산선,화정,13351,13622,26973
202206,장항선,배방,1345,1310,2655
202206,장항선,봉명,925,864,1789
202206,장항선,신창,1346,1392,2738
202206,장항선,쌍용,2045,1814,3859
202206,장항선,아산,3690,3788,7478
202206,장항선,온양온천,5884,6016,11900
202206,장항선,탕정,863,775,1638
202206,중앙선,구리,11045,11169,22214
202206,중앙선,국수,739,826,1565
202206,중앙선,덕소,4994,4764,9758
202206,중앙선,도농,8028,7608,15636
202206,중앙선,도심,1810,1554,3364
202206,중앙선,망우,7218,6793,14011
202206,중앙선,상봉,5367,5216,10583
202206,중앙선,신원,342,257,599
202206,중앙선,아신,688,840,1528
202206,중앙선,양수,2636,2742,5378
202206,중앙선,양원,2064,1923,3987
202206,중앙선,양정,614,601,1215
202206,중앙선,양평,3240,3767,7007
202206,중앙선,오빈,346,419,765
202206,중앙선,용문,2584,3202,5786
202206,중앙선,운길산,1715,1717,3432
202206,중앙선,원덕,480,567,1047
202206,중앙선,중랑,4875,4397,9272
202206,중앙선,지평,86,94,180
202206,중앙선,팔당,1661,1855,3516
202206,중앙선,회기,21524,19506,41030
202206,1호선,동대문,11178,11902,23080
202206,1호선,동묘앞,12440,12686,25126
202206,1호선,서울역,32569,29929,62498
202206,1호선,시청,10120,11058,21178
202206,1호선,신설동,7907,7751,15658
202206,1호선,제기동,10718,10924,21642
202206,1호선,종각,15242,13705,28947
202206,1호선,종로3가,17674,15425,33099
202206,1호선,종로5가,12302,12795,25097
202206,1호선,청량리,13766,14051,27817
202206,2호선,강남,33353,33720,67073
202206,2호선,강변,23722,23166,46888
202206,2호선,건대입구,27755,30245,58000
202206,2호선,교대,10711,11742,22453
202206,2호선,구로디지털단지,25524,25040,50564
202206,2호선,구의,12034,11665,23699
202206,2호선,낙성대,16401,15445,31846
202206,2호선,당산,9377,9864,19241
202206,2호선,대림,16760,17079,33839
202206,2호선,도림천,477,438,915
202206,2호선,동대문역사문화공원,9322,11618,20940
202206,2호선,뚝섬,12823,12922,25745
202206,2호선,문래,8966,9426,18392
202206,2호선,방배,7127,7277,14404
202206,2호선,봉천,13032,11715,24747
202206,2호선,사당,24115,26342,50457
202206,2호선,삼성,26724,26158,52882
202206,2호선,상왕십리,7291,6838,14129
202206,2호선,서울대입구,26994,27005,53999
202206,2호선,서초,12819,11681,24500
202206,2호선,선릉,13412,11247,24659
202206,2호선,성수,16194,18193,34387
202206,2호선,시청,7370,6090,13460
202206,2호선,신답,810,895,1705
202206,2호선,신당,8749,9660,18409
202206,2호선,신대방,16212,15260,31472
202206,2호선,신도림,29486,30665,60151
202206,2호선,신림,38197,37566,75763
202206,2호선,신설동,3334,3302,6636
202206,2호선,신정네거리,5708,5618,11326
202206,2호선,신촌,23288,23384,46672
202206,2호선,아현,5476,5134,10610
202206,2호선,양천구청,3606,3538,7144
202206,2호선,역삼,11489,12275,23764
202206,2호선,영등포구청,8225,8580,16805
202206,2호선,왕십리,9516,8843,18359
202206,2호선,용답,1730,1679,3409
202206,2호선,용두,1240,1170,2410
202206,2호선,을지로3가,10549,10584,21133
202206,2호선,을지로4가,4383,4638,9021
202206,2호선,을지로입구,18422,17841,36263
202206,2호선,이대,7392,7645,15037
202206,2호선,잠실,56214,52284,108498
202206,2호선,잠실나루,5720,5635,11355
202206,2호선,잠실새내,11957,12345,24302
202206,2호선,종합운동장,9550,10503,20053
202206,2호선,충정로,3992,4155,8147
202206,2호선,한양대,2764,3067,5831
202206,2호선,합정,22388,25164,47552
202206,2호선,홍대입구,55306,59679,114985
202206,3호선,가락시장,3979,4201,8180
202206,3호선,경복궁,21381,24628,46009
202206,3호선,경찰병원,2892,2912,5804
202206,3호선,고속터미널,41690,40691,82381
202206,3호선,교대,4603,2653,7256
202206,3호선,구파발,12579,13027,25606
202206,3호선,금호,4367,3995,8362
202206,3호선,남부터미널,14467,14395,28862
202206,3호선,녹번,7830,6739,14569
202206,3호선,대청,4421,4067,8488
202206,3호선,대치,6508,5662,12170
202206,3호선,도곡,2001,2015,4016
202206,3호선,독립문,5623,5966,11589
202206,3호선,동대입구,7154,8164,15318
202206,3호선,매봉,4556,4509,9065
202206,3호선,무악재,2023,2107,4130
202206,3호선,불광,10422,11731,22153
202206,3호선,수서,10979,11162,22141
202206,3호선,신사,13453,14293,27746
202206,3호선,안국,17527,18559,36086
202206,3호선,압구정,14550,15572,30122
202206,3호선,약수,7140,6848,13988
202206,3호선,양재,13841,15037,28878
202206,3호선,연신내,22405,21227,43632
202206,3호선,오금,2780,2639,5419
202206,3호선,옥수,5223,5293,10516
202206,3호선,을지로3가,4439,4296,8735
202206,3호선,일원,3580,3616,7196
202206,3호선,잠원,2300,2244,4544
202206,3호선,종로3가,4551,6774,11325
202206,3호선,지축,2700,2435,5135
202206,3호선,충무로,1,0,1
202206,3호선,학여울,1201,1171,2372
202206,3호선,홍제,10044,9328,19372
202206,4호선,길음,11364,10670,22034
202206,4호선,남태령,905,633,1538
202206,4호선,노원,12564,14117,26681
202206,4호선,당고개,6135,5697,11832
202206,4호선,동대문,8748,9043,17791
202206,4호선,동대문역사문화공원,10705,10166,20871
202206,4호선,동작,2000,2076,4076
202206,4호선,명동,15756,17213,32969
202206,4호선,미아,8759,8074,16833
202206,4호선,미아사거리,16672,15837,32509
202206,4호선,사당,16779,15239,32018
202206,4호선,삼각지,3421,4721,8142
202206,4호선,상계,11029,10136,21165
202206,4호선,서울역,4905,12511,17416
202206,4호선,성신여대입구,13004,12198,25202
202206,4호선,수유,21171,20388,41559
202206,4호선,숙대입구,7975,7685,15660
202206,4호선,신용산,9124,9666,18790
202206,4호선,쌍문,17070,14896,31966
202206,4호선,이촌,7680,8535,16215
202206,4호선,창동,16005,16616,32621
202206,4호선,총신대입구,10926,11698,22624
202206,4호선,충무로,9324,10657,19981
202206,4호선,한성대입구,8613,8412,17025
202206,4호선,혜화,26038,27209,53247
202206,4호선,회현,10220,10282,20502
202206,5호선,강동,9438,9026,18464
202206,5호선,강일,2453,2241,4694
202206,5호선,개롱,3171,3316,6487
202206,5호선,개화산,2898,2840,5738
202206,5호선,거여,5054,4730,9784
202206,5호선,고덕,4397,4366,8763
202206,5호선,공덕,4927,5038,9965
202206,5호선,광나루,9221,8755,17976
202206,5호선,광화문,13878,15702,29580
202206,5호선,군자,6372,7130,13502
202206,5호선,굽은다리,5785,5300,11085
202206,5호선,길동,4417,4371,8788
202206,5호선,김포공항,7111,7274,14385
202206,5호선,까치산,16482,15771,32253
202206,5호선,답십리,7919,7020,14939
202206,5호선,동대문역사문화공원,674,928,1602
202206,5호선,둔촌동,4816,4718,9534
202206,5호선,마곡,3840,3958,7798
202206,5호선,마장,3038,2815,5853
202206,5호선,마천,3784,3978,7762
202206,5호선,마포,5135,5133,10268
202206,5호선,명일,5173,5156,10329
202206,5호선,목동,8612,8644,17256
202206,5호선,미사,9519,9672,19191
202206,5호선,발산,9398,10319,19717
202206,5호선,방이,4333,4023,8356
202206,5호선,방화,3862,3663,7525
202206,5호선,상일동,6913,6445,13358
202206,5호선,서대문,5168,5052,10220
202206,5호선,송정,4038,3763,7801
202206,5호선,신금호,3162,3263,6425
202206,5호선,신길,2185,2104,4289
202206,5호선,신정,6803,5668,12471
202206,5호선,아차산,11074,10492,21566
202206,5호선,애오개,2724,2743,5467
202206,5호선,양평,2895,2740,5635
202206,5호선,여의나루,12771,14532,27303
202206,5호선,여의도,8825,8826,17651
202206,5호선,영등포구청,1428,1385,2813
202206,5호선,영등포시장,5825,6178,12003
202206,5호선,오금,1646,1540,3186
202206,5호선,오목교,12080,12860,24940
202206,5호선,올림픽공원,2974,2731,5705
202206,5호선,왕십리,2691,3302,5993
202206,5호선,우장산,7422,7174,14596
202206,5호선,을지로4가,2087,2388,4475
202206,5호선,장한평,8432,8101,16533
202206,5호선,종로3가,11163,10718,21881
202206,5호선,천호,13527,12737,26264
202206,5호선,청구,1921,1781,3702
202206,5호선,충정로,1546,1418,2964
202206,5호선,하남검단산,5015,5024,10039
202206,5호선,하남시청,4526,4175,8701
202206,5호선,하남풍산,2298,2253,4551
202206,5호선,행당,4156,3666,7822
202206,5호선,화곡,15130,13938,29068
202206,6호선,고려대,4212,4043,8255
202206,6호선,공덕,7433,6929,14362
202206,6호선,광흥창,4314,4017,8331
202206,6호선,구산,4043,2928,6971
202206,6호선,녹사평,4514,4734,9248
202206,6호선,대흥,4171,4284,8455
202206,6호선,독바위,1571,1910,3481
202206,6호선,돌곶이,5735,5118,10853
202206,6호선,동묘앞,6587,6394,12981
202206,6호선,디지털미디어시티,5812,5908,11720
202206,6호선,마포구청,7389,6402,13791
202206,6호선,망원,9861,10999,20860
202206,6호선,버티고개,1159,1234,2393
202206,6호선,보문,4192,3738,7930
202206,6호선,봉화산,4284,4124,8408
202206,6호선,불광,3196,2765,5961
202206,6호선,삼각지,5461,4136,9597
202206,6호선,상수,7362,9424,16786
202206,6호선,상월곡,3384,2957,6341
202206,6호선,새절,7004,6587,13591
202206,6호선,석계,6704,7039,13743
202206,6호선,신당,4996,5415,10411
202206,6호선,안암,4804,4776,9580
202206,6호선,약수,1874,1945,3819
202206,6호선,역촌,2072,2306,4378
202206,6호선,연신내,1,0,1
202206,6호선,월곡,5675,5392,11067
202206,6호선,월드컵경기장,4529,4602,9131
202206,6호선,응암,10031,9813,19844
202206,6호선,이태원,14518,15218,29736
202206,6호선,증산,5797,5635,11432
202206,6호선,창신,1779,1518,3297
202206,6호선,청구,1770,1699,3469
202206,6호선,태릉입구,3687,3747,7434
202206,6호선,한강진,7914,9630,17544
202206,6호선,합정,10435,9759,20194
202206,6호선,화랑대,5202,4766,9968
202206,6호선,효창공원앞,3763,3176,6939
202206,7호선,가산디지털단지,11244,10322,21566
202206,7호선,강남구청,5714,6309,12023
202206,7호선,건대입구,8154,8863,17017
202206,7호선,고속터미널,12864,8313,21177
202206,7호선,공릉,6901,6715,13616
202206,7호선,광명사거리,13394,13091,26485
202206,7호선,군자,8281,6263,14544
202206,7호선,남구로,7241,6928,14169
202206,7호선,남성,5605,5373,10978
202206,7호선,내방,5284,5377,10661
202206,7호선,노원,11209,11843,23052
202206,7호선,논현,5726,6059,11785
202206,7호선,대림,9079,8615,17694
202206,7호선,도봉산,5572,8065,13637
202206,7호선,뚝섬유원지,8062,7806,15868
202206,7호선,마들,6388,5797,12185
202206,7호선,먹골,5557,5265,10822
202206,7호선,면목,8237,7732,15969
202206,7호선,반포,3031,2818,5849
202206,7호선,보라매,4011,3876,7887
202206,7호선,사가정,9263,8978,18241
202206,7호선,상도,5665,5504,11169
202206,7호선,상봉,9964,9498,19462
202206,7호선,수락산,8438,8341,16779
202206,7호선,숭실대입구,6050,6283,12333
202206,7호선,신대방삼거리,7982,7646,15628
202206,7호선,신풍,6492,6107,12599
202206,7호선,어린이대공원,8237,8232,16469
202206,7호선,온수,4183,4145,8328
202206,7호선,용마산,3542,3716,7258
202206,7호선,이수,9075,8503,17578
202206,7호선,장승배기,4673,4601,9274
202206,7호선,장암,1533,1002,2535
202206,7호선,중계,7083,6342,13425
202206,7호선,중곡,5443,5132,10575
202206,7호선,중화,5761,5552,11313
202206,7호선,천왕,5287,5025,10312
202206,7호선,철산,11205,11351,22556
202206,7호선,청담,6946,7636,14582
202206,7호선,태릉입구,5578,4967,10545
202206,7호선,하계,9391,8991,18382
202206,7호선,학동,6311,6707,13018
202206,8호선,가락시장,3379,4158,7537
202206,8호선,강동구청,4671,4658,9329
202206,8호선,남위례,2566,2708,5274
202206,8호선,남한산성입구,7179,6332,13511
202206,8호선,단대오거리,5928,5487,11415
202206,8호선,모란,2790,2351,5141
202206,8호선,몽촌토성,3447,3437,6884
202206,8호선,문정,5391,5511,10902
202206,8호선,복정,5156,4475,9631
202206,8호선,산성,3244,3311,6555
202206,8호선,석촌,4218,5088,9306
202206,8호선,송파,4135,4098,8233
202206,8호선,수진,3044,2744,5788
202206,8호선,신흥,2622,2882,5504
202206,8호선,암사,9243,8410,17653
202206,8호선,잠실,10647,12246,22893
202206,8호선,장지,9202,8988,18190
202206,8호선,천호,9005,10690,19695
202206,9호선,가양,11928,11323,23251
202206,9호선,개화,1231,1061,2292
202206,9호선,고속터미널,11654,16426,28080
202206,9호선,공항시장,1796,1902,3698
202206,9호선,구반포,472,506,978
202206,9호선,국회의사당,5042,4911,9953
202206,9호선,김포공항,7622,11181,18803
202206,9호선,노들,2810,2495,5305
202206,9호선,노량진,15424,15945,31369
202206,9호선,당산,9593,9088,18681
202206,9호선,동작,3990,3837,7827
202206,9호선,등촌,5469,5131,10600
202206,9호선,마곡나루,6109,6130,12239
202206,9호선,사평,1722,1606,3328
202206,9호선,샛강,2154,1871,4025
202206,9호선,선유도,3099,3001,6100
202206,9호선,신논현,15717,15779,31496
202206,9호선,신목동,1906,1599,3505
202206,9호선,신반포,2027,2118,4145
202206,9호선,신방화,3641,3499,7140
202206,9호선,양천향교,4266,4089,8355
202206,9호선,여의도,10573,9398,19971
202206,9호선,염창,9305,8978,18283
202206,9호선,증미,2983,2909,5892
202206,9호선,흑석,4117,4302,8419
202206,9호선2~3단계,둔촌오륜,552,538,1090
202206,9호선2~3단계,봉은사,11393,12395,23788
202206,9호선2~3단계,삼성중앙,2100,2073,4173
202206,9호선2~3단계,삼전,3721,3429,7150
202206,9호선2~3단계,석촌,4909,4273,9182
202206,9호선2~3단계,석촌고분,3256,3135,6391
202206,9호선2~3단계,선정릉,3160,3482,6642
202206,9호선2~3단계,송파나루,3118,3381,6499
202206,9호선2~3단계,언주,3955,3878,7833
202206,9호선2~3단계,올림픽공원,6957,7187,14144
202206,9호선2~3단계,종합운동장,2347,2193,4540
202206,9호선2~3단계,중앙보훈병원,3942,3786,7728
202206,9호선2~3단계,한성백제,1675,1465,3140
202206,경강선,경기광주,4348,4177,8525
202206,경강선,곤지암,1780,1817,3597
202206,경강선,부발,1496,1740,3236
202206,경강선,삼동,1143,1105,2248
202206,경강선,세종대왕릉,321,340,661
202206,경강선,신둔도예촌,999,996,1995
202206,경강선,여주,2486,2559,5045
202206,경강선,이매,802,599,1401
202206,경강선,이천,2267,2480,4747
202206,경강선,초월,1818,1651,3469
202206,경강선,판교,2639,2556,5195
202206,경부선,가산디지털단지,5241,6830,12071
202206,경부선,관악,5327,4923,10250
202206,경부선,광명,2863,2202,5065
202206,경부선,구로,10616,10992,21608
202206,경부선,군포,3259,3041,6300
202206,경부선,금정,16121,15898,32019
202206,경부선,금천구청,6730,6601,13331
202206,경부선,남영,4804,5004,9808
202206,경부선,노량진,6521,6066,12587
202206,경부선,당정,3371,3278,6649
202206,경부선,대방,5710,6092,11802
202206,경부선,독산,6884,6517,13401
202206,경부선,두정,4598,5049,9647
202206,경부선,명학,3578,3283,6861
202206,경부선,병점,10033,10164,20197
202206,경부선,서동탄,836,897,1733
202206,경부선,서울역,8767,1834,10601
202206,경부선,서정리,4781,5652,10433
202206,경부선,석수,5720,5292,11012
202206,경부선,성균관대,8454,8450,16904
202206,경부선,성환,2691,2917,5608
202206,경부선,세류,2151,2183,4334
202206,경부선,세마,1981,1820,3801
202206,경부선,송탄,3880,3981,7861
202206,경부선,수원,35121,36038,71159
202206,경부선,신길,4947,4388,9335
202206,경부선,신도림,2794,2798,5592
202206,경부선,안양,14752,14572,29324
202206,경부선,영등포,35836,36211,72047
202206,경부선,오산,8355,8287,16642
202206,경부선,오산대,2548,2319,4867
202206,경부선,용산,36610,35160,71770
202206,경부선,의왕,4848,4636,9484
202206,경부선,직산,589,598,1187
202206,경부선,진위,862,851,1713
202206,경부선,천안,6577,6594,13171
202206,경부선,평택,12085,12445,24530
202206,경부선,평택지제,2519,2298,4817
202206,경부선,화서,4627,4528,9155
202206,경원선,가능,4214,3854,8068
202206,경원선,광운대,4189,4212,8401
202206,경원선,녹양,2954,2763,5717
202206,경원선,녹천,2732,2358,5090
202206,경원선,덕계,2073,1964,4037
202206,경원선,덕정,3651,3702,7353
202206,경원선,도봉,3743,3498,7241
202206,경원선,도봉산,9057,6521,15578
202206,경원선,동두천,1520,1886,3406
202206,경원선,동두천중앙,2507,2490,4997
202206,경원선,망월사,4760,4887,9647
202206,경원선,방학,6415,6154,12569
202206,경원선,보산,1419,1541,2960
202206,경원선,서빙고,1853,1820,3673
202206,경원선,석계,5415,5708,11123
202206,경원선,소요산,4547,4047,8594
202206,경원선,신이문,5119,4717,9836
202206,경원선,양주,5695,5436,11131
202206,경원선,옥수,45,24,69
202206,경원선,왕십리,10558,11832,22390
202206,경원선,외대앞,4878,4741,9619
202206,경원선,월계,3996,3581,7577
202206,경원선,응봉,1247,1053,2300
202206,경원선,의정부,15283,15727,31010
202206,경원선,이촌,2773,1926,4699
202206,경원선,지행,4777,4794,9571
202206,경원선,창동,1,0,1
202206,경원선,청량리,15788,14708,30496
202206,경원선,한남,2246,2222,4468
202206,경원선,회룡,8144,8079,16223
202206,경의선,가좌,3157,3111,6268
202206,경의선,강매,1650,1499,3149
202206,경의선,곡산,359,334,693
202206,경의선,공덕,1939,1648,3587
202206,경의선,금릉,3211,3113,6324
202206,경의선,금촌,4438,4691,9129
202206,경의선,능곡,2417,2414,4831
202206,경의선,디지털미디어시티,1652,1513,3165
202206,경의선,문산,4023,4096,8119
202206,경의선,백마,3550,3397,6947
202206,경의선,서강대,1437,1459,2896
202206,경의선,서울역,1215,1171,2386
202206,경의선,수색,1088,1042,2130
202206,경의선,신촌,321,345,666
202206,경의선,야당,5214,5377,10591
202206,경의선,운정,3955,3770,7725
202206,경의선,월롱,1074,1443,2517
202206,경의선,일산,4992,4727,9719
202206,경의선,임진강,137,90,227
202206,경의선,탄현,4521,4129,8650
202206,경의선,파주,720,619,1339
202206,경의선,풍산,3715,3567,7282
202206,경의선,행신,4945,4611,9556
202206,경의선,홍대입구,1890,2409,4299
202206,경의선,화전,928,944,1872
202206,경의선,효창공원앞,1478,1623,3101
202206,경인선,간석,3383,3193,6576
202206,경인선,개봉,12637,12071,24708
202206,경인선,구일,3453,3350,6803
202206,경인선,도원,1871,1830,3701
202206,경인선,도화,2672,2414,5086
202206,경인선,동암,10699,10661,21360
202206,경인선,동인천,10624,10263,20887
202206,경인선,백운,4225,4110,8335
202206,경인선,부개,5284,4951,10235
202206,경인선,부천,23512,23846,47358
202206,경인선,부평,23988,25725,49713
202206,경인선,소사,6045,5742,11787
202206,경인선,송내,14320,13661,27981
202206,경인선,역곡,15569,15353,30922
202206,경인선,오류동,7533,6749,14282
202206,경인선,온수,4154,3770,7924
202206,경인선,인천,5910,4760,10670
202206,경인선,제물포,6118,5792,11910
202206,경인선,주안,12646,11292,23938
202206,경인선,중동,5239,4865,10104
202206,경춘선,가평,3050,2742,5792
202206,경춘선,갈매,1652,1406,3058
202206,경춘선,강촌,1026,842,1868
202206,경춘선,굴봉산,349,290,639
202206,경춘선,금곡,956,897,1853
202206,경춘선,김유정,726,846,1572
202206,경춘선,남춘천,2841,3153,5994
202206,경춘선,대성리,1558,1363,2921
202206,경춘선,마석,2908,2839,5747
202206,경춘선,백양리,103,96,199
202206,경춘선,별내,1960,1869,3829
202206,경춘선,사릉,1455,1487,2942
202206,경춘선,상천,621,522,1143
202206,경춘선,신내,1095,1088,2183
202206,경춘선,천마산,1277,1212,2489
202206,경춘선,청평,2181,2013,4194
202206,경춘선,춘천,2848,2109,4957
202206,경춘선,퇴계원,2302,2047,4349
202206,경춘선,평내호평,3810,3669,7479
202206,공항철도 1호선,검암,4035,4110,8145
202206,공항철도 1호선,계양,5905,5627,11532
202206,공항철도 1호선,공덕,1225,1737,2962
202206,공항철도 1호선,공항화물청사,1066,1129,2195
202206,공항철도 1호선,김포공항,10702,5754,16456
202206,공항철도 1호선,디지털미디어시티,3924,3926,7850
202206,공항철도 1호선,마곡나루,2794,3125,5919
202206,공항철도 1호선,서울역,8963,8076,17039
202206,공항철도 1호선,영종,2819,2986,5805
202206,공항철도 1호선,운서,6103,6212,12315
202206,공항철도 1호선,인천공항1터미널,6847,6138,12985
202206,공항철도 1호선,인천공항2터미널,2710,2440,5150
202206,공항철도 1호선,청라국제도시,3941,3796,7737
202206,공항철도 1호선,홍대입구,11578,11363,22941
202206,과천선,경마공원,16896,17434,34330
202206,과천선,과천,3863,3680,7543
202206,과천선,대공원,8099,8151,16250
202206,과천선,범계,16010,15682,31692
202206,과천선,선바위,4601,4031,8632
202206,과천선,인덕원,13632,13562,27194
202206,과천선,정부과천청사,4915,4600,9515
202206,과천선,평촌,6733,6357,13090
202206,분당선,가천대,4087,4778,8865
202206,분당선,강남구청,3139,3690,6829
202206,분당선,개포동,1984,2000,3984
202206,분당선,구룡,787,785,1572
202206,분당선,구성,2802,2761,5563
202206,분당선,기흥,5262,4890,10152
202206,분당선,대모산입구,2106,1972,4078
202206,분당선,도곡,2666,2597,5263
202206,분당선,망포,6777,6334,13111
202206,분당선,매교,1508,1520,3028
202206,분당선,매탄권선,2758,2549,5307
202206,분당선,모란,11583,12085,23668
202206,분당선,미금,7705,8193,15898
202206,분당선,보정,1251,1181,2432
202206,분당선,상갈,3167,3104,6271
202206,분당선,서울숲,8099,8392,16491
202206,분당선,서현,14408,14787,29195
202206,분당선,선릉,2809,4405,7214
202206,분당선,선정릉,2048,2155,4203
202206,분당선,수내,6501,5997,12498
202206,분당선,수서,8704,8527,17231
202206,분당선,수원,6419,5446,11865
202206,분당선,수원시청,7790,8912,16702
202206,분당선,신갈,2198,2231,4429
202206,분당선,압구정로데오,10372,12470,22842
202206,분당선,야탑,14098,14512,28610
202206,분당선,영통,5039,4959,9998
202206,분당선,오리,5621,4848,10469
202206,분당선,이매,3829,3884,7713
202206,분당선,정자,7905,3226,11131
202206,분당선,죽전,8267,9230,17497
202206,분당선,청명,2062,1990,4052
202206,분당선,태평,8621,7924,16545
202206,분당선,한티,8703,8338,17041
202206,수인선,고색,1936,1986,3922
202206,수인선,남동인더스파크,571,537,1108
202206,수인선,달월,61,55,116
202206,수인선,사리,2929,2454,5383
202206,수인선,소래포구,6415,6351,12766
202206,수인선,송도,1636,1650,3286
202206,수인선,숭의,2081,1938,4019
202206,수인선,신포,1278,1283,2561
202206,수인선,야목,271,194,465
202206,수인선,어천,662,682,1344
202206,수인선,연수,3448,3540,6988
202206,수인선,오목천,1873,1719,3592
202206,수인선,원인재,3084,3053,6137
202206,수인선,월곶,1895,1905,3800
202206,수인선,인천,1411,2339,3750
202206,수인선,인천논현,3139,3279,6418
202206,수인선,인하대,3222,3064,6286
202206,수인선,호구포,2435,2269,4704
202206,신림선,관악산,4622,4982,9604
202206,신림선,당곡,2297,1941,4238
202206,신림선,대방,1306,929,2235
202206,신림선,보라매,1674,1476,3150
202206,신림선,보라매공원,1182,1349,2531
202206,신림선,보라매병원,1960,1953,3913
202206,신림선,샛강,1416,2062,3478
202206,신림선,서울대벤처타운,4615,4207,8822
202206,신림선,서울지방병무청,1395,1382,2777
202206,신림선,서원,1889,1620,3509
202206,신림선,신림,1424,1754,3178
202206,안산선,고잔,4847,4854,9701
202206,안산선,대야미,3369,2969,6338
202206,안산선,반월,2772,2734,5506
202206,안산선,산본,9670,10350,20020
202206,안산선,상록수,10177,9866,20043
202206,안산선,수리산,2405,2280,4685
202206,안산선,신길온천,1375,1254,2629
202206,안산선,안산,11542,10679,22221
202206,안산선,오이도,7014,7076,14090
202206,안산선,정왕,6112,6196,12308
202206,안산선,중앙,12734,13406,26140
202206,안산선,초지,2898,2740,5638
202206,안산선,한대앞,5975,5865,11840
202206,우이신설선,4.19민주묘지,2133,1783,3916
202206,우이신설선,가오리,2491,2319,4810
202206,우이신설선,보문,1060,1039,2099
202206,우이신설선,북한산보국문,3978,3492,7470
202206,우이신설선,북한산우이,3666,3705,7371
202206,우이신설선,삼양,1283,1308,2591
202206,우이신설선,삼양사거리,1657,1560,3217
202206,우이신설선,성신여대입구,2269,2663,4932
202206,우이신설선,솔밭공원,1556,1471,3027
202206,우이신설선,솔샘,3099,2653,5752
202206,우이신설선,신설동,1248,1255,2503
202206,우이신설선,정릉,2995,2454,5449
202206,우이신설선,화계,2192,2024,4216
202206,일산선,대곡,1213,1042,2255
202206,일산선,대화,6894,6195,13089
202206,일산선,마두,3683,3681,7364
202206,일산선,백석,5754,5668,11422
202206,일산선,삼송,12019,11560,23579
202206,일산선,원당,6526,6199,12725
202206,일산선,원흥,6481,6118,12599
202206,일산선,정발산,5801,6204,12005
202206,일산선,주엽,5100,5055,10155
202206,일산선,화정,9940,10045,19985
202206,장항선,배방,845,937,1782
202206,장항선,봉명,551,561,1112
202206,장항선,신창,1037,1265,2302
202206,장항선,쌍용,1341,1347,2688
202206,장항선,아산,3172,2336,5508
202206,장항선,온양온천,3650,3576,7226
202206,장항선,탕정,542,525,1067
202206,중앙선,구리,8383,8591,16974
202206,중앙선,국수,655,596,1251
202206,중앙선,덕소,3743,3841,7584
202206,중앙선,도농,5918,5893,11811
202206,중앙선,도심,1397,1319,2716
202206,중앙선,망우,5409,5440,10849
202206,중앙선,상봉,4255,4354,8609
202206,중앙선,신원,332,234,566
202206,중앙선,아신,691,591,1282
202206,중앙선,양수,2387,2283,4670
202206,중앙선,양원,1616,1576,3192
202206,중앙선,양정,551,441,992
202206,중앙선,양평,2676,2655,5331
202206,중앙선,오빈,277,230,507
202206,중앙선,용문,4982,4741,9723
202206,중앙선,운길산,1589,1562,3151
202206,중앙선,원덕,450,459,909
202206,중앙선,중랑,3750,3542,7292
202206,중앙선,지평,68,65,133
202206,중앙선,팔당,1620,1691,3311
202206,중앙선,회기,16749,16414,33163
202206,1호선,동대문,11207,11359,22566
202206,1호선,동묘앞,12228,12328,24556
202206,1호선,서울역,38309,38500,76809
202206,1호선,시청,14588,14748,29336
202206,1호선,신설동,10340,9369,19709
202206,1호선,제기동,16840,17355,34195
202206,1호선,종각,22685,21639,44324
202206,1호선,종로3가,27755,25353,53108
202206,1호선,종로5가,21621,22340,43961
202206,1호선,청량리,19871,19980,39851
202206,2호선,강남,60929,61682,122611
202206,2호선,강변,30657,30089,60746
202206,2호선,건대입구,35419,39984,75403
202206,2호선,교대,18932,21488,40420
202206,2호선,구로디지털단지,37145,35842,72987
202206,2호선,구의,17867,16834,34701
202206,2호선,낙성대,23007,20720,43727
202206,2호선,당산,14293,15242,29535
202206,2호선,대림,19508,20353,39861
202206,2호선,도림천,887,911,1798
202206,2호선,동대문역사문화공원,11161,12750,23911
202206,2호선,뚝섬,17170,17489,34659
202206,2호선,문래,14356,15507,29863
202206,2호선,방배,11597,11795,23392
202206,2호선,봉천,19199,17008,36207
202206,2호선,사당,37734,41977,79711
202206,2호선,삼성,30126,30420,60546
202206,2호선,상왕십리,10787,10046,20833
202206,2호선,서울대입구,39275,37850,77125
202206,2호선,서초,12784,10777,23561
202206,2호선,선릉,26821,23676,50497
202206,2호선,성수,21607,25445,47052
202206,2호선,시청,10859,9209,20068
202206,2호선,신답,1158,1177,2335
202206,2호선,신당,11784,12356,24140
202206,2호선,신대방,21557,20308,41865
202206,2호선,신도림,45055,45877,90932
202206,2호선,신림,52030,49479,101509
202206,2호선,신설동,3681,3546,7227
202206,2호선,신정네거리,8375,8237,16612
202206,2호선,신촌,31316,32453,63769
202206,2호선,아현,8369,7646,16015
202206,2호선,양천구청,5177,5033,10210
202206,2호선,역삼,19846,21963,41809
202206,2호선,영등포구청,14211,15195,29406
202206,2호선,왕십리,14240,12486,26726
202206,2호선,용답,2245,2074,4319
202206,2호선,용두,1895,1778,3673
202206,2호선,을지로3가,12620,13283,25903
202206,2호선,을지로4가,8317,8834,17151
202206,2호선,을지로입구,23467,23744,47211
202206,2호선,이대,10949,11313,22262
202206,2호선,잠실,69625,65264,134889
202206,2호선,잠실나루,8565,8257,16822
202206,2호선,잠실새내,18942,19546,38488
202206,2호선,종합운동장,13078,15654,28732
202206,2호선,충정로,5986,6391,12377
202206,2호선,한양대,5754,6130,11884
202206,2호선,합정,30629,34630,65259
202206,2호선,홍대입구,67214,76521,143735
202206,3호선,가락시장,7018,6517,13535
202206,3호선,경복궁,23779,27254,51033
202206,3호선,경찰병원,4455,4171,8626
202206,3호선,고속터미널,54181,53853,108034
202206,3호선,교대,8118,4916,13034
202206,3호선,구파발,17209,17272,34481
202206,3호선,금호,6308,5727,12035
202206,3호선,남부터미널,22910,22363,45273
202206,3호선,녹번,11481,9750,21231
202206,3호선,대청,6606,5992,12598
202206,3호선,대치,9901,8930,18831
202206,3호선,도곡,3905,4022,7927
202206,3호선,독립문,6801,7452,14253
202206,3호선,동대입구,8359,9630,17989
202206,3호선,매봉,7081,6833,13914
202206,3호선,무악재,2872,3044,5916
202206,3호선,불광,14302,15948,30250
202206,3호선,수서,15300,14985,30285
202206,3호선,신사,25507,27060,52567
202206,3호선,안국,19015,21089,40104
202206,3호선,압구정,26736,28391,55127
202206,3호선,약수,10023,9559,19582
202206,3호선,양재,23129,25245,48374
202206,3호선,연신내,31709,29478,61187
202206,3호선,오금,4174,3876,8050
202206,3호선,옥수,7932,7876,15808
202206,3호선,을지로3가,5987,6637,12624
202206,3호선,일원,5709,5431,11140
202206,3호선,잠원,3960,3721,7681
202206,3호선,종로3가,6683,10173,16856
202206,3호선,지축,4048,3633,7681
202206,3호선,충무로,1,0,1
202206,3호선,학여울,1986,2070,4056
202206,3호선,홍제,14661,13344,28005
202206,4호선,길음,16694,15147,31841
202206,4호선,남태령,1413,867,2280
202206,4호선,노원,17117,19099,36216
202206,4호선,당고개,8095,7368,15463
202206,4호선,동대문,15189,15314,30503
202206,4호선,동대문역사문화공원,12338,10766,23104
202206,4호선,동작,1705,1856,3561
202206,4호선,명동,17338,19919,37257
202206,4호선,미아,11936,10927,22863
202206,4호선,미아사거리,23686,22090,45776
202206,4호선,사당,24773,22516,47289
202206,4호선,삼각지,4808,6301,11109
202206,4호선,상계,15725,14313,30038
202206,4호선,서울역,6384,16042,22426
202206,4호선,성신여대입구,17685,16760,34445
202206,4호선,수유,28578,27871,56449
202206,4호선,숙대입구,10459,9998,20457
202206,4호선,신용산,12627,14197,26824
202206,4호선,쌍문,23542,20498,44040
202206,4호선,이촌,9595,10096,19691
202206,4호선,창동,21673,22552,44225
202206,4호선,총신대입구,16084,17327,33411
202206,4호선,충무로,15719,17862,33581
202206,4호선,한성대입구,11766,11480,23246
202206,4호선,혜화,30227,31922,62149
202206,4호선,회현,19856,21338,41194
202206,5호선,강동,13980,13097,27077
202206,5호선,강일,3681,3323,7004
202206,5호선,개롱,4709,4786,9495
202206,5호선,개화산,4183,4108,8291
202206,5호선,거여,7130,6628,13758
202206,5호선,고덕,7049,6966,14015
202206,5호선,공덕,7953,8164,16117
202206,5호선,광나루,12082,11186,23268
202206,5호선,광화문,18638,20309,38947
202206,5호선,군자,9177,10166,19343
202206,5호선,굽은다리,7718,7261,14979
202206,5호선,길동,6522,6574,13096
202206,5호선,김포공항,8131,8322,16453
202206,5호선,까치산,23094,21180,44274
202206,5호선,답십리,11130,9775,20905
202206,5호선,동대문역사문화공원,1008,1320,2328
202206,5호선,둔촌동,6435,6432,12867
202206,5호선,마곡,6083,6232,12315
202206,5호선,마장,4130,3867,7997
202206,5호선,마천,5467,5425,10892
202206,5호선,마포,8193,8341,16534
202206,5호선,명일,6725,6527,13252
202206,5호선,목동,12844,12761,25605
202206,5호선,미사,13491,13577,27068
202206,5호선,발산,14945,16497,31442
202206,5호선,방이,5924,5689,11613
202206,5호선,방화,5240,4837,10077
202206,5호선,상일동,10460,9343,19803
202206,5호선,서대문,8220,8008,16228
202206,5호선,송정,5551,5103,10654
202206,5호선,신금호,4553,4569,9122
202206,5호선,신길,2972,3074,6046
202206,5호선,신정,10020,8264,18284
202206,5호선,아차산,14042,13012,27054
202206,5호선,애오개,4221,4006,8227
202206,5호선,양평,4069,3681,7750
202206,5호선,여의나루,14059,15084,29143
202206,5호선,여의도,12109,13668,25777
202206,5호선,영등포구청,2314,2191,4505
202206,5호선,영등포시장,9372,9895,19267
202206,5호선,오금,2159,2154,4313
202206,5호선,오목교,17095,17594,34689
202206,5호선,올림픽공원,5245,5706,10951
202206,5호선,왕십리,3878,4750,8628
202206,5호선,우장산,10815,10489,21304
202206,5호선,을지로4가,3853,4449,8302
202206,5호선,장한평,12283,12008,24291
202206,5호선,종로3가,14334,15009,29343
202206,5호선,천호,18607,17932,36539
202206,5호선,청구,2714,2384,5098
202206,5호선,충정로,2184,1995,4179
202206,5호선,하남검단산,6021,5853,11874
202206,5호선,하남시청,6603,6235,12838
202206,5호선,하남풍산,3076,3077,6153
202206,5호선,행당,6173,5211,11384
202206,5호선,화곡,22184,19900,42084
202206,6호선,고려대,5827,5513,11340
202206,6호선,공덕,11019,10333,21352
202206,6호선,광흥창,5788,5261,11049
202206,6호선,구산,5990,4303,10293
202206,6호선,녹사평,5817,6436,12253
202206,6호선,대흥,6287,6213,12500
202206,6호선,독바위,2269,2506,4775
202206,6호선,돌곶이,6839,6111,12950
202206,6호선,동묘앞,8158,8113,16271
202206,6호선,디지털미디어시티,8373,8385,16758
202206,6호선,마포구청,10078,8596,18674
202206,6호선,망원,13186,14622,27808
202206,6호선,버티고개,1638,1727,3365
202206,6호선,보문,5641,4873,10514
202206,6호선,봉화산,5928,5602,11530
202206,6호선,불광,4257,3710,7967
202206,6호선,삼각지,7267,5394,12661
202206,6호선,상수,9104,11660,20764
202206,6호선,상월곡,4543,3829,8372
202206,6호선,새절,9655,8870,18525
202206,6호선,석계,9403,9208,18611
202206,6호선,신당,6545,6106,12651
202206,6호선,안암,6564,6291,12855
202206,6호선,약수,2806,2862,5668
202206,6호선,역촌,2883,3220,6103
202206,6호선,연신내,1,0,1
202206,6호선,월곡,7912,7348,15260
202206,6호선,월드컵경기장,5200,5456,10656
202206,6호선,응암,13960,13183,27143
202206,6호선,이태원,15225,20234,35459
202206,6호선,증산,7910,7651,15561
202206,6호선,창신,2257,1899,4156
202206,6호선,청구,2514,2505,5019
202206,6호선,태릉입구,4691,5010,9701
202206,6호선,한강진,9376,12225,21601
202206,6호선,합정,13692,13198,26890
202206,6호선,화랑대,7960,6193,14153
202206,6호선,효창공원앞,5375,4723,10098
202206,7호선,가산디지털단지,15913,14289,30202
202206,7호선,강남구청,11006,12349,23355
202206,7호선,건대입구,11963,12663,24626
202206,7호선,고속터미널,16238,12941,29179
202206,7호선,공릉,9309,8799,18108
202206,7호선,광명사거리,18451,18179,36630
202206,7호선,군자,11646,8759,20405
202206,7호선,남구로,8670,9046,17716
202206,7호선,남성,8509,7570,16079
202206,7호선,내방,8644,8600,17244
202206,7호선,노원,16935,18064,34999
202206,7호선,논현,10992,11831,22823
202206,7호선,대림,7631,8507,16138
202206,7호선,도봉산,7363,9783,17146
202206,7호선,뚝섬유원지,11365,10423,21788
202206,7호선,마들,9947,9170,19117
202206,7호선,먹골,8219,7591,15810
202206,7호선,면목,11873,11029,22902
202206,7호선,반포,5017,4818,9835
202206,7호선,보라매,6150,5891,12041
202206,7호선,사가정,13082,12335,25417
202206,7호선,상도,8331,7641,15972
202206,7호선,상봉,14582,13660,28242
202206,7호선,수락산,11096,10696,21792
202206,7호선,숭실대입구,10299,9720,20019
202206,7호선,신대방삼거리,11661,10711,22372
202206,7호선,신풍,8946,8547,17493
202206,7호선,어린이대공원,12118,12101,24219
202206,7호선,온수,6156,6132,12288
202206,7호선,용마산,4710,4804,9514
202206,7호선,이수,13788,12983,26771
202206,7호선,장승배기,7070,6544,13614
202206,7호선,장암,2017,1413,3430
202206,7호선,중계,9994,8684,18678
202206,7호선,중곡,7550,6871,14421
202206,7호선,중화,8169,7699,15868
202206,7호선,천왕,7638,7044,14682
202206,7호선,철산,16910,16991,33901
202206,7호선,청담,11999,13123,25122
202206,7호선,태릉입구,7302,6695,13997
202206,7호선,하계,13264,12152,25416
202206,7호선,학동,11662,12319,23981
202206,8호선,가락시장,5887,6295,12182
202206,8호선,강동구청,6717,6513,13230
202206,8호선,남위례,4041,4229,8270
202206,8호선,남한산성입구,10252,8929,19181
202206,8호선,단대오거리,8314,7719,16033
202206,8호선,모란,4186,3747,7933
202206,8호선,몽촌토성,5204,5744,10948
202206,8호선,문정,9771,9821,19592
202206,8호선,복정,6898,5658,12556
202206,8호선,산성,4684,4770,9454
202206,8호선,석촌,6321,7551,13872
202206,8호선,송파,6412,5906,12318
202206,8호선,수진,4768,4272,9040
202206,8호선,신흥,3730,4045,7775
202206,8호선,암사,13431,12085,25516
202206,8호선,잠실,13859,16741,30600
202206,8호선,장지,12947,11784,24731
202206,8호선,천호,12786,14853,27639
202206,9호선,가양,15304,14463,29767
202206,9호선,개화,1547,1348,2895
202206,9호선,고속터미널,15186,21091,36277
202206,9호선,공항시장,2440,2509,4949
202206,9호선,구반포,1051,1131,2182
202206,9호선,국회의사당,5166,5410,10576
202206,9호선,김포공항,8350,12329,20679
202206,9호선,노들,3810,3256,7066
202206,9호선,노량진,22187,21592,43779
202206,9호선,당산,14279,13425,27704
202206,9호선,동작,2340,2045,4385
202206,9호선,등촌,7971,7433,15404
202206,9호선,마곡나루,9151,9025,18176
202206,9호선,사평,2598,2326,4924
202206,9호선,샛강,3178,3019,6197
202206,9호선,선유도,4558,4089,8647
202206,9호선,신논현,26076,26649,52725
202206,9호선,신목동,2823,2282,5105
202206,9호선,신반포,3526,3449,6975
202206,9호선,신방화,5217,4820,10037
202206,9호선,양천향교,6604,6096,12700
202206,9호선,여의도,13698,13361,27059
202206,9호선,염창,13065,11796,24861
202206,9호선,증미,4391,4113,8504
202206,9호선,흑석,6355,6338,12693
202206,9호선2~3단계,둔촌오륜,687,703,1390
202206,9호선2~3단계,봉은사,12667,13405,26072
202206,9호선2~3단계,삼성중앙,3389,3588,6977
202206,9호선2~3단계,삼전,5511,4941,10452
202206,9호선2~3단계,석촌,7649,6226,13875
202206,9호선2~3단계,석촌고분,4724,4303,9027
202206,9호선2~3단계,선정릉,5199,5778,10977
202206,9호선2~3단계,송파나루,4363,4893,9256
202206,9호선2~3단계,언주,6568,6652,13220
202206,9호선2~3단계,올림픽공원,13002,12236,25238
202206,9호선2~3단계,종합운동장,3675,3359,7034
202206,9호선2~3단계,중앙보훈병원,5517,5102,10619
202206,9호선2~3단계,한성백제,2582,2675,5257
202206,경강선,경기광주,6342,5977,12319
202206,경강선,곤지암,2194,2366,4560
202206,경강선,부발,2264,1947,4211
202206,경강선,삼동,1765,1568,3333
202206,경강선,세종대왕릉,393,416,809
202206,경강선,신둔도예촌,1398,1361,2759
202206,경강선,여주,2841,3283,6124
202206,경강선,이매,1029,755,1784
202206,경강선,이천,3187,3220,6407
202206,경강선,초월,2675,2359,5034
202206,경강선,판교,3611,3394,7005
202206,경부선,가산디지털단지,7147,9215,16362
202206,경부선,관악,7056,6866,13922
202206,경부선,광명,3103,2793,5896
202206,경부선,구로,14465,15223,29688
202206,경부선,군포,4767,4258,9025
202206,경부선,금정,21692,21289,42981
202206,경부선,금천구청,9651,9319,18970
202206,경부선,남영,6624,6791,13415
202206,경부선,노량진,9074,8195,17269
202206,경부선,당정,4658,4294,8952
202206,경부선,대방,7900,8515,16415
202206,경부선,독산,10005,9603,19608
202206,경부선,두정,6055,6188,12243
202206,경부선,명학,5164,4771,9935
202206,경부선,병점,13913,13469,27382
202206,경부선,서동탄,1114,1170,2284
202206,경부선,서울역,9337,2367,11704
202206,경부선,서정리,7812,6300,14112
202206,경부선,석수,7757,7128,14885
202206,경부선,성균관대,11566,11333,22899
202206,경부선,성환,3550,3248,6798
202206,경부선,세류,3008,2915,5923
202206,경부선,세마,2533,2270,4803
202206,경부선,송탄,5398,4767,10165
202206,경부선,수원,41344,45076,86420
202206,경부선,신길,6685,5680,12365
202206,경부선,신도림,3738,3660,7398
202206,경부선,안양,20042,19831,39873
202206,경부선,영등포,45187,47908,93095
202206,경부선,오산,10575,9566,20141
202206,경부선,오산대,3516,3071,6587
202206,경부선,용산,39945,43280,83225
202206,경부선,의왕,6723,6402,13125
202206,경부선,직산,865,810,1675
202206,경부선,진위,1252,1036,2288
202206,경부선,천안,7640,7929,15569
202206,경부선,평택,14800,14447,29247
202206,경부선,평택지제,3730,3372,7102
202206,경부선,화서,6793,6443,13236
202206,경원선,가능,5825,5461,11286
202206,경원선,광운대,6065,5882,11947
202206,경원선,녹양,4049,3848,7897
202206,경원선,녹천,3514,2912,6426
202206,경원선,덕계,2953,2632,5585
202206,경원선,덕정,5307,4760,10067
202206,경원선,도봉,5039,4850,9889
202206,경원선,도봉산,10026,6998,17024
202206,경원선,동두천,1930,2376,4306
202206,경원선,동두천중앙,3018,3076,6094
202206,경원선,망월사,6327,6369,12696
202206,경원선,방학,8606,8278,16884
202206,경원선,보산,1995,1819,3814
202206,경원선,서빙고,1833,1786,3619
202206,경원선,석계,7401,7763,15164
202206,경원선,소요산,5085,4346,9431
202206,경원선,신이문,6763,5992,12755
202206,경원선,양주,7461,6901,14362
202206,경원선,옥수,38,31,69
202206,경원선,왕십리,13852,15583,29435
202206,경원선,외대앞,6620,6173,12793
202206,경원선,월계,5411,4806,10217
202206,경원선,응봉,1719,1493,3212
202206,경원선,의정부,19526,21107,40633
202206,경원선,이촌,3486,2640,6126
202206,경원선,지행,6768,6513,13281
202206,경원선,창동,1,0,1
202206,경원선,청량리,18044,18907,36951
202206,경원선,한남,3113,3135,6248
202206,경원선,회룡,11213,10856,22069
202206,경의선,가좌,4337,4023,8360
202206,경의선,강매,2336,2122,4458
202206,경의선,곡산,481,478,959
202206,경의선,공덕,3288,2541,5829
202206,경의선,금릉,4344,4301,8645
202206,경의선,금촌,6837,6609,13446
202206,경의선,능곡,3225,3088,6313
202206,경의선,디지털미디어시티,2256,2075,4331
202206,경의선,문산,5888,5306,11194
202206,경의선,백마,5171,4811,9982
202206,경의선,서강대,1993,1822,3815
202206,경의선,서울역,1586,1804,3390
202206,경의선,수색,1932,1791,3723
202206,경의선,신촌,409,442,851
202206,경의선,야당,7226,7392,14618
202206,경의선,운정,5806,5067,10873
202206,경의선,월롱,2195,1699,3894
202206,경의선,일산,7218,6673,13891
202206,경의선,임진강,107,82,189
202206,경의선,탄현,6075,5694,11769
202206,경의선,파주,1116,774,1890
202206,경의선,풍산,4931,4529,9460
202206,경의선,행신,6198,6394,12592
202206,경의선,홍대입구,2134,2752,4886
202206,경의선,화전,1341,1220,2561
202206,경의선,효창공원앞,1950,2130,4080
202206,경인선,간석,4979,4691,9670
202206,경인선,개봉,18057,17446,35503
202206,경인선,구일,5105,4622,9727
202206,경인선,도원,2409,2424,4833
202206,경인선,도화,3630,3383,7013
202206,경인선,동암,14248,14196,28444
202206,경인선,동인천,13021,12958,25979
202206,경인선,백운,6117,6040,12157
202206,경인선,부개,7218,6654,13872
202206,경인선,부천,31694,32791,64485
202206,경인선,부평,31022,34626,65648
202206,경인선,소사,8041,7665,15706
202206,경인선,송내,21063,20319,41382
202206,경인선,역곡,22111,21354,43465
202206,경인선,오류동,9835,8946,18781
202206,경인선,온수,5547,4959,10506
202206,경인선,인천,5549,4871,10420
202206,경인선,제물포,8406,7787,16193
202206,경인선,주안,18061,15708,33769
202206,경인선,중동,7572,6969,14541
202206,경춘선,가평,2618,3150,5768
202206,경춘선,갈매,2210,1925,4135
202206,경춘선,강촌,706,870,1576
202206,경춘선,굴봉산,408,1000,1408
202206,경춘선,금곡,1319,1211,2530
202206,경춘선,김유정,567,726,1293
202206,경춘선,남춘천,3136,3563,6699
202206,경춘선,대성리,1103,1045,2148
202206,경춘선,마석,3555,3467,7022
202206,경춘선,백양리,133,182,315
202206,경춘선,별내,2591,2420,5011
202206,경춘선,사릉,1979,1900,3879
202206,경춘선,상천,497,453,950
202206,경춘선,신내,1500,1384,2884
202206,경춘선,천마산,1537,1482,3019
202206,경춘선,청평,2411,2579,4990
202206,경춘선,춘천,2301,2019,4320
202206,경춘선,퇴계원,2777,2594,5371
202206,경춘선,평내호평,5054,4965,10019
202206,공항철도 1호선,검암,5328,5229,10557
202206,공항철도 1호선,계양,8428,7400,15828
202206,공항철도 1호선,공덕,1690,2836,4526
202206,공항철도 1호선,공항화물청사,1433,1484,2917
202206,공항철도 1호선,김포공항,11641,6086,17727
202206,공항철도 1호선,디지털미디어시티,6750,6392,13142
202206,공항철도 1호선,마곡나루,3711,4172,7883
202206,공항철도 1호선,서울역,9589,9462,19051
202206,공항철도 1호선,영종,3580,3504,7084
202206,공항철도 1호선,운서,7240,7342,14582
202206,공항철도 1호선,인천공항1터미널,6227,5836,12063
202206,공항철도 1호선,인천공항2터미널,3012,2806,5818
202206,공항철도 1호선,청라국제도시,4954,4761,9715
202206,공항철도 1호선,홍대입구,13193,13725,26918
202206,과천선,경마공원,13347,13588,26935
202206,과천선,과천,5622,4989,10611
202206,과천선,대공원,7983,8374,16357
202206,과천선,범계,23045,22616,45661
202206,과천선,선바위,6359,5423,11782
202206,과천선,인덕원,19315,18930,38245
202206,과천선,정부과천청사,7214,6958,14172
202206,과천선,평촌,10778,10363,21141
202206,분당선,가천대,5829,6123,11952
202206,분당선,강남구청,5564,6820,12384
202206,분당선,개포동,2968,2921,5889
202206,분당선,구룡,1610,1466,3076
202206,분당선,구성,3753,3761,7514
202206,분당선,기흥,7380,6983,14363
202206,분당선,대모산입구,3081,2834,5915
202206,분당선,도곡,5468,4724,10192
202206,분당선,망포,10583,9323,19906
202206,분당선,매교,2699,2720,5419
202206,분당선,매탄권선,4033,3694,7727
202206,분당선,모란,17821,18334,36155
202206,분당선,미금,11750,12119,23869
202206,분당선,보정,1954,1724,3678
202206,분당선,복정,1,0,1
202206,분당선,상갈,4288,4108,8396
202206,분당선,서울숲,10415,11173,21588
202206,분당선,서현,20320,20731,41051
202206,분당선,선릉,5597,9158,14755
202206,분당선,선정릉,3542,3509,7051
202206,분당선,수내,10002,9173,19175
202206,분당선,수서,11191,11684,22875
202206,분당선,수원,8145,6989,15134
202206,분당선,수원시청,12318,14152,26470
202206,분당선,신갈,3116,3077,6193
202206,분당선,압구정로데오,18772,22564,41336
202206,분당선,야탑,20050,21242,41292
202206,분당선,영통,7327,7283,14610
202206,분당선,오리,8536,7096,15632
202206,분당선,이매,4845,4672,9517
202206,분당선,정자,12020,12333,24353
202206,분당선,죽전,11102,12149,23251
202206,분당선,청명,3107,2983,6090
202206,분당선,태평,11649,10761,22410
202206,분당선,한티,13077,12610,25687
202206,수인선,고색,2730,2607,5337
202206,수인선,남동인더스파크,988,916,1904
202206,수인선,달월,77,64,141
202206,수인선,사리,4073,3343,7416
202206,수인선,소래포구,7663,7640,15303
202206,수인선,송도,2320,2233,4553
202206,수인선,숭의,3181,2916,6097
202206,수인선,신포,1667,1760,3427
202206,수인선,야목,330,250,580
202206,수인선,어천,878,791,1669
202206,수인선,연수,4545,4373,8918
202206,수인선,오목천,2691,2303,4994
202206,수인선,원인재,4012,4107,8119
202206,수인선,월곶,2487,2369,4856
202206,수인선,인천,1432,2405,3837
202206,수인선,인천논현,4892,4983,9875
202206,수인선,인하대,4943,4573,9516
202206,수인선,호구포,2977,2780,5757
202206,신림선,관악산,4731,4933,9664
202206,신림선,당곡,2857,2556,5413
202206,신림선,대방,1862,1186,3048
202206,신림선,보라매,2240,1955,4195
202206,신림선,보라매공원,1612,1751,3363
202206,신림선,보라매병원,3203,3017,6220
202206,신림선,샛강,1425,2074,3499
202206,신림선,서울대벤처타운,5877,5305,11182
202206,신림선,서울지방병무청,1873,1983,3856
202206,신림선,서원,2355,1965,4320
202206,신림선,신림,1669,2135,3804
202206,안산선,고잔,7421,7339,14760
202206,안산선,대야미,4573,3959,8532
202206,안산선,반월,3984,3674,7658
202206,안산선,산본,13927,14818,28745
202206,안산선,상록수,13912,13630,27542
202206,안산선,수리산,3365,3049,6414
202206,안산선,신길온천,1786,1610,3396
202206,안산선,안산,10584,11234,21818
202206,안산선,오이도,8809,8844,17653
202206,안산선,정왕,7649,7554,15203
202206,안산선,중앙,17855,18975,36830
202206,안산선,초지,3987,3818,7805
202206,안산선,한대앞,8372,8215,16587
202206,우이신설선,4.19민주묘지,2814,2365,5179
202206,우이신설선,가오리,3279,3062,6341
202206,우이신설선,보문,1185,1142,2327
202206,우이신설선,북한산보국문,5304,4487,9791
202206,우이신설선,북한산우이,3894,4252,8146
202206,우이신설선,삼양,1602,1659,3261
202206,우이신설선,삼양사거리,2111,1943,4054
202206,우이신설선,성신여대입구,2936,3400,6336
202206,우이신설선,솔밭공원,1986,1936,3922
202206,우이신설선,솔샘,4219,3648,7867
202206,우이신설선,신설동,1509,1561,3070
202206,우이신설선,정릉,4076,3284,7360
202206,우이신설선,화계,2831,2527,5358
202206,일산선,대곡,1627,1385,3012
202206,일산선,대화,9838,8496,18334
202206,일산선,마두,5776,5706,11482
202206,일산선,백석,8275,8154,16429
202206,일산선,삼송,15994,15042,31036
202206,일산선,원당,9321,8622,17943
202206,일산선,원흥,8711,8045,16756
202206,일산선,정발산,7540,8061,15601
202206,일산선,주엽,7593,7321,14914
202206,일산선,화정,14260,14288,28548
202206,장항선,배방,1237,1239,2476
202206,장항선,봉명,889,844,1733
202206,장항선,신창,1620,1288,2908
202206,장항선,쌍용,1895,1789,3684
202206,장항선,아산,3568,3633,7201
202206,장항선,온양온천,4402,4397,8799
202206,장항선,탕정,852,743,1595
202206,중앙선,구리,11626,11794,23420
202206,중앙선,국수,763,790,1553
202206,중앙선,덕소,4847,4847,9694
202206,중앙선,도농,8255,7663,15918
202206,중앙선,도심,1744,1544,3288
202206,중앙선,망우,7386,7030,14416
202206,중앙선,상봉,5370,5349,10719
202206,중앙선,신원,303,279,582
202206,중앙선,아신,659,710,1369
202206,중앙선,양수,2786,2787,5573
202206,중앙선,양원,2267,2147,4414
202206,중앙선,양정,643,580,1223
202206,중앙선,양평,3076,3231,6307
202206,중앙선,오빈,330,345,675
202206,중앙선,용문,2528,2951,5479
202206,중앙선,운길산,1631,1695,3326
202206,중앙선,원덕,504,547,1051
202206,중앙선,중랑,4909,4615,9524
202206,중앙선,지평,64,99,163
202206,중앙선,팔당,1488,1580,3068
202206,중앙선,회기,21123,19683,40806
202206,1호선,동대문,10541,10902,21443
202206,1호선,동묘앞,12749,13068,25817
202206,1호선,서울역,30668,28871,59539
202206,1호선,시청,9546,8651,18197
202206,1호선,신설동,8031,7638,15669
202206,1호선,제기동,10908,11166,22074
202206,1호선,종각,14436,12071,26507
202206,1호선,종로3가,17528,14906,32434
202206,1호선,종로5가,11194,11218,22412
202206,1호선,청량리,14064,14503,28567
202206,2호선,강남,33896,32308,66204
202206,2호선,강변,23870,23172,47042
202206,2호선,건대입구,26281,27031,53312
202206,2호선,교대,11162,12175,23337
202206,2호선,구로디지털단지,25601,24873,50474
202206,2호선,구의,11976,11876,23852
202206,2호선,낙성대,16708,16988,33696
202206,2호선,당산,9556,10312,19868
202206,2호선,대림,17183,17219,34402
202206,2호선,도림천,573,549,1122
202206,2호선,동대문역사문화공원,8414,10351,18765
202206,2호선,뚝섬,12648,12914,25562
202206,2호선,문래,8586,9223,17809
202206,2호선,방배,7226,7676,14902
202206,2호선,봉천,13314,12800,26114
202206,2호선,사당,25059,26842,51901
202206,2호선,삼성,21370,21103,42473
202206,2호선,상왕십리,7434,7299,14733
202206,2호선,서울대입구,26852,27833,54685
202206,2호선,서초,12598,11800,24398
202206,2호선,선릉,14325,12036,26361
202206,2호선,성수,14727,16449,31176
202206,2호선,시청,6427,5217,11644
202206,2호선,신답,790,883,1673
202206,2호선,신당,8740,9328,18068
202206,2호선,신대방,16433,15927,32360
202206,2호선,신도림,30656,31582,62238
202206,2호선,신림,37879,37281,75160
202206,2호선,신설동,3323,3274,6597
202206,2호선,신정네거리,5789,5699,11488
202206,2호선,신촌,21806,21334,43140
202206,2호선,아현,5609,5471,11080
202206,2호선,양천구청,3498,3627,7125
202206,2호선,역삼,11600,12676,24276
202206,2호선,영등포구청,8550,8891,17441
202206,2호선,왕십리,9556,8554,18110
202206,2호선,용답,1716,1728,3444
202206,2호선,용두,1072,1092,2164
202206,2호선,을지로3가,9295,8988,18283
202206,2호선,을지로4가,4011,3917,7928
202206,2호선,을지로입구,16780,15966,32746
202206,2호선,이대,7047,7810,14857
202206,2호선,잠실,50536,46376,96912
202206,2호선,잠실나루,5686,5850,11536
202206,2호선,잠실새내,12124,12564,24688
202206,2호선,종합운동장,11189,11844,23033
202206,2호선,충정로,4088,4539,8627
202206,2호선,한양대,2859,3322,6181
202206,2호선,합정,21740,23093,44833
202206,2호선,홍대입구,50841,49997,100838
202206,3호선,가락시장,3952,4216,8168
202206,3호선,경복궁,19823,22958,42781
202206,3호선,경찰병원,2887,2915,5802
202206,3호선,고속터미널,43597,41773,85370
202206,3호선,교대,4720,2891,7611
202206,3호선,구파발,12342,13067,25409
202206,3호선,금호,4505,4276,8781
202206,3호선,남부터미널,15740,16820,32560
202206,3호선,녹번,8075,7226,15301
202206,3호선,대청,4460,4484,8944
202206,3호선,대치,6439,5750,12189
202206,3호선,도곡,2096,2313,4409
202206,3호선,독립문,4880,5471,10351
202206,3호선,동대입구,5492,6203,11695
202206,3호선,매봉,4635,4630,9265
202206,3호선,무악재,2020,2154,4174
202206,3호선,불광,10488,11952,22440
202206,3호선,수서,11152,11291,22443
202206,3호선,신사,14351,14421,28772
202206,3호선,안국,13583,13113,26696
202206,3호선,압구정,15186,15590,30776
202206,3호선,약수,7388,7035,14423
202206,3호선,양재,14972,16872,31844
202206,3호선,연신내,22566,21431,43997
202206,3호선,오금,2948,2846,5794
202206,3호선,옥수,5435,5654,11089
202206,3호선,을지로3가,3746,3523,7269
202206,3호선,일원,3830,4035,7865
202206,3호선,잠원,2377,2353,4730
202206,3호선,종로3가,4395,5844,10239
202206,3호선,지축,2627,2495,5122
202206,3호선,충무로,2,0,2
202206,3호선,학여울,1666,1722,3388
202206,3호선,홍제,10161,9573,19734
202206,4호선,길음,11554,11171,22725
202206,4호선,남태령,928,657,1585
202206,4호선,노원,12746,13929,26675
202206,4호선,당고개,6451,6135,12586
202206,4호선,동대문,7605,8040,15645
202206,4호선,동대문역사문화공원,9741,8667,18408
202206,4호선,동작,1314,1419,2733
202206,4호선,명동,13371,14001,27372
202206,4호선,미아,8629,8184,16813
202206,4호선,미아사거리,16742,15881,32623
202206,4호선,사당,17215,15927,33142
202206,4호선,삼각지,3477,4626,8103
202206,4호선,상계,11320,10575,21895
202206,4호선,서울역,4803,11816,16619
202206,4호선,성신여대입구,12720,12457,25177
202206,4호선,수유,21458,20533,41991
202206,4호선,숙대입구,8421,8445,16866
202206,4호선,신용산,9727,10040,19767
202206,4호선,쌍문,17058,15386,32444
202206,4호선,이촌,6877,7331,14208
202206,4호선,창동,16022,16621,32643
202206,4호선,총신대입구,10912,12009,22921
202206,4호선,충무로,9021,9878,18899
202206,4호선,한성대입구,8394,8365,16759
202206,4호선,혜화,24145,25586,49731
202206,4호선,회현,9779,9721,19500
202206,5호선,강동,9609,9421,19030
202206,5호선,강일,2549,2378,4927
202206,5호선,개롱,3270,3603,6873
202206,5호선,개화산,2920,2938,5858
202206,5호선,거여,5053,4927,9980
202206,5호선,고덕,4577,4561,9138
202206,5호선,공덕,4829,5051,9880
202206,5호선,광나루,8550,8401,16951
202206,5호선,광화문,13688,14372,28060
202206,5호선,군자,6513,7211,13724
202206,5호선,굽은다리,5558,5297,10855
202206,5호선,길동,4464,4466,8930
202206,5호선,김포공항,7194,7210,14404
202206,5호선,까치산,16531,16297,32828
202206,5호선,답십리,7873,7370,15243
202206,5호선,동대문역사문화공원,718,811,1529
202206,5호선,둔촌동,4892,4843,9735
202206,5호선,마곡,3787,3986,7773
202206,5호선,마장,2986,2893,5879
202206,5호선,마천,3965,4292,8257
202206,5호선,마포,5141,5109,10250
202206,5호선,명일,5389,5516,10905
202206,5호선,목동,8831,8911,17742
202206,5호선,미사,9655,9875,19530
202206,5호선,발산,9783,10307,20090
202206,5호선,방이,4569,4301,8870
202206,5호선,방화,3761,3797,7558
202206,5호선,상일동,7174,6849,14023
202206,5호선,서대문,7624,7857,15481
202206,5호선,송정,4010,3973,7983
202206,5호선,신금호,3134,3499,6633
202206,5호선,신길,2097,2223,4320
202206,5호선,신정,6775,6058,12833
202206,5호선,아차산,11334,10837,22171
202206,5호선,애오개,2798,2839,5637
202206,5호선,양평,2861,2886,5747
202206,5호선,여의나루,12455,13410,25865
202206,5호선,여의도,8383,9142,17525
202206,5호선,영등포구청,1467,1369,2836
202206,5호선,영등포시장,6267,6508,12775
202206,5호선,오금,1623,1682,3305
202206,5호선,오목교,11812,12288,24100
202206,5호선,올림픽공원,3953,4199,8152
202206,5호선,왕십리,2610,3099,5709
202206,5호선,우장산,7348,7607,14955
202206,5호선,을지로4가,1825,2062,3887
202206,5호선,장한평,8618,8356,16974
202206,5호선,종로3가,9818,8812,18630
202206,5호선,천호,13366,12674,26040
202206,5호선,청구,1899,1835,3734
202206,5호선,충정로,1608,1674,3282
202206,5호선,하남검단산,5332,5143,10475
202206,5호선,하남시청,4534,4414,8948
202206,5호선,하남풍산,2438,2474,4912
202206,5호선,행당,4385,3974,8359
202206,5호선,화곡,15202,14319,29521
202206,6호선,고려대,4171,4138,8309
202206,6호선,공덕,7022,6664,13686
202206,6호선,광흥창,4528,4300,8828
202206,6호선,구산,4212,3163,7375
202206,6호선,녹사평,4235,4174,8409
202206,6호선,대흥,4242,4343,8585
202206,6호선,독바위,1620,2010,3630
202206,6호선,돌곶이,5842,5642,11484
202206,6호선,동묘앞,6604,6293,12897
202206,6호선,디지털미디어시티,5910,5955,11865
202206,6호선,마포구청,7258,6516,13774
202206,6호선,망원,9599,10555,20154
202206,6호선,버티고개,1200,1308,2508
202206,6호선,보문,4315,4075,8390
202206,6호선,봉화산,4349,4297,8646
202206,6호선,불광,3326,2959,6285
202206,6호선,삼각지,5070,3693,8763
202206,6호선,상수,6828,7682,14510
202206,6호선,상월곡,3508,3209,6717
202206,6호선,새절,6904,6769,13673
202206,6호선,석계,6769,7077,13846
202206,6호선,신당,4606,5204,9810
202206,6호선,안암,4709,5157,9866
202206,6호선,약수,1860,1833,3693
202206,6호선,역촌,2119,2410,4529
202206,6호선,연신내,4,0,4
202206,6호선,월곡,5657,5542,11199
202206,6호선,월드컵경기장,3837,4012,7849
202206,6호선,응암,10006,9938,19944
202206,6호선,이태원,12485,10061,22546
202206,6호선,증산,5943,5839,11782
202206,6호선,창신,1660,1547,3207
202206,6호선,청구,1845,1661,3506
202206,6호선,태릉입구,3546,3650,7196
202206,6호선,한강진,6984,7893,14877
202206,6호선,합정,9735,9002,18737
202206,6호선,화랑대,5504,4944,10448
202206,6호선,효창공원앞,3807,3481,7288
202206,7호선,가산디지털단지,11037,10174,21211
202206,7호선,강남구청,5817,6475,12292
202206,7호선,건대입구,8015,8470,16485
202206,7호선,고속터미널,13433,8864,22297
202206,7호선,공릉,6554,6727,13281
202206,7호선,광명사거리,13453,13443,26896
202206,7호선,군자,8477,6408,14885
202206,7호선,남구로,7229,7100,14329
202206,7호선,남성,5924,5861,11785
202206,7호선,내방,5566,5804,11370
202206,7호선,노원,12136,12046,24182
202206,7호선,논현,5996,6120,12116
202206,7호선,대림,8629,8086,16715
202206,7호선,도봉산,6076,8695,14771
202206,7호선,뚝섬유원지,9016,8514,17530
202206,7호선,마들,6529,6085,12614
202206,7호선,먹골,5742,5511,11253
202206,7호선,면목,8371,8224,16595
202206,7호선,반포,3141,3130,6271
202206,7호선,보라매,4457,4488,8945
202206,7호선,사가정,9383,9216,18599
202206,7호선,상도,5606,5616,11222
202206,7호선,상봉,10040,9127,19167
202206,7호선,수락산,9190,9176,18366
202206,7호선,숭실대입구,5991,6624,12615
202206,7호선,신대방삼거리,8490,8333,16823
202206,7호선,신풍,6712,6321,13033
202206,7호선,어린이대공원,8703,8820,17523
202206,7호선,온수,4315,4394,8709
202206,7호선,용마산,3473,3709,7182
202206,7호선,이수,8958,8455,17413
202206,7호선,장승배기,4995,4912,9907
202206,7호선,장암,1580,1018,2598
202206,7호선,중계,7216,6695,13911
202206,7호선,중곡,5577,5340,10917
202206,7호선,중화,5867,5611,11478
202206,7호선,천왕,5446,5391,10837
202206,7호선,철산,11435,11361,22796
202206,7호선,청담,7430,7960,15390
202206,7호선,태릉입구,5368,5092,10460
202206,7호선,하계,9824,9222,19046
202206,7호선,학동,7204,7676,14880
202206,8호선,가락시장,3064,3852,6916
202206,8호선,강동구청,4816,4894,9710
202206,8호선,남위례,2711,2769,5480
202206,8호선,남한산성입구,7322,6741,14063
202206,8호선,단대오거리,5706,5659,11365
202206,8호선,모란,2785,2292,5077
202206,8호선,몽촌토성,3683,3812,7495
202206,8호선,문정,6020,6422,12442
202206,8호선,복정,5448,4950,10398
202206,8호선,산성,3452,3585,7037
202206,8호선,석촌,4216,5352,9568
202206,8호선,송파,4333,4301,8634
202206,8호선,수진,3149,2902,6051
202206,8호선,신흥,2784,2942,5726
202206,8호선,암사,9369,8765,18134
202206,8호선,잠실,10453,11875,22328
202206,8호선,장지,9141,9320,18461
202206,8호선,천호,9321,10448,19769
202206,9호선,가양,11395,10954,22349
202206,9호선,개화,1114,1043,2157
202206,9호선,고속터미널,11959,16518,28477
202206,9호선,공항시장,1857,2021,3878
202206,9호선,구반포,572,542,1114
202206,9호선,국회의사당,5415,5060,10475
202206,9호선,김포공항,7803,11382,19185
202206,9호선,노들,2908,2501,5409
202206,9호선,노량진,15058,15968,31026
202206,9호선,당산,9995,9689,19684
202206,9호선,동작,1478,1211,2689
202206,9호선,등촌,5353,5476,10829
202206,9호선,마곡나루,6004,6212,12216
202206,9호선,사평,1971,1940,3911
202206,9호선,샛강,2242,2004,4246
202206,9호선,선유도,3172,3027,6199
202206,9호선,신논현,15883,15098,30981
202206,9호선,신목동,1966,1711,3677
202206,9호선,신반포,2442,2604,5046
202206,9호선,신방화,3559,3539,7098
202206,9호선,양천향교,4393,4603,8996
202206,9호선,여의도,10035,9280,19315
202206,9호선,염창,9429,9499,18928
202206,9호선,증미,2866,2812,5678
202206,9호선,흑석,4197,4396,8593
202206,9호선2~3단계,둔촌오륜,585,619,1204
202206,9호선2~3단계,봉은사,8763,8657,17420
202206,9호선2~3단계,삼성중앙,2300,2418,4718
202206,9호선2~3단계,삼전,3836,3795,7631
202206,9호선2~3단계,석촌,5422,4586,10008
202206,9호선2~3단계,석촌고분,3364,3279,6643
202206,9호선2~3단계,선정릉,3333,3749,7082
202206,9호선2~3단계,송파나루,3286,3546,6832
202206,9호선2~3단계,언주,4087,4198,8285
202206,9호선2~3단계,올림픽공원,10550,9370,19920
202206,9호선2~3단계,종합운동장,2658,2331,4989
202206,9호선2~3단계,중앙보훈병원,4055,3955,8010
202206,9호선2~3단계,한성백제,1810,1898,3708
202206,경강선,경기광주,4489,4475,8964
202206,경강선,곤지암,1706,1916,3622
202206,경강선,부발,1594,2269,3863
202206,경강선,삼동,1207,1129,2336
202206,경강선,세종대왕릉,343,312,655
202206,경강선,신둔도예촌,1075,1145,2220
202206,경강선,여주,2533,2659,5192
202206,경강선,이매,855,630,1485
202206,경강선,이천,2388,2664,5052
202206,경강선,초월,1795,1829,3624
202206,경강선,판교,2723,2524,5247
202206,경부선,가산디지털단지,5169,7093,12262
202206,경부선,관악,5539,5242,10781
202206,경부선,광명,3027,2114,5141
202206,경부선,구로,10803,10854,21657
202206,경부선,군포,3335,3244,6579
202206,경부선,금정,15886,16211,32097
202206,경부선,금천구청,6721,6731,13452
202206,경부선,남영,5132,5345,10477
202206,경부선,노량진,6221,5906,12127
202206,경부선,당정,3432,3501,6933
202206,경부선,대방,5797,6449,12246
202206,경부선,독산,6714,6712,13426
202206,경부선,두정,4783,5784,10567
202206,경부선,명학,3517,3439,6956
202206,경부선,병점,10123,10776,20899
202206,경부선,서동탄,852,916,1768
202206,경부선,서울역,8895,2070,10965
202206,경부선,서정리,5173,7320,12493
202206,경부선,석수,5919,5545,11464
202206,경부선,성균관대,8378,8809,17187
202206,경부선,성환,2754,3515,6269
202206,경부선,세류,2397,2276,4673
202206,경부선,세마,1804,1692,3496
202206,경부선,송탄,3893,4696,8589
202206,경부선,수원,35393,34171,69564
202206,경부선,신길,5063,4449,9512
202206,경부선,신도림,2584,2805,5389
202206,경부선,안양,15015,14624,29639
202206,경부선,영등포,36338,35405,71743
202206,경부선,오산,8368,8866,17234
202206,경부선,오산대,2447,2451,4898
202206,경부선,용산,36775,33513,70288
202206,경부선,의왕,4729,4776,9505
202206,경부선,직산,597,684,1281
202206,경부선,진위,953,997,1950
202206,경부선,천안,6918,6805,13723
202206,경부선,평택,12679,13624,26303
202206,경부선,평택지제,2824,2652,5476
202206,경부선,화서,4814,4633,9447
202206,경원선,가능,4384,4100,8484
202206,경원선,광운대,4243,4334,8577
202206,경원선,녹양,2986,2823,5809
202206,경원선,녹천,2793,2543,5336
202206,경원선,덕계,2083,2005,4088
202206,경원선,덕정,3693,3985,7678
202206,경원선,도봉,3711,3562,7273
202206,경원선,도봉산,9766,7104,16870
202206,경원선,동두천,1504,2114,3618
202206,경원선,동두천중앙,2378,2228,4606
202206,경원선,망월사,4866,5142,10008
202206,경원선,방학,6506,6378,12884
202206,경원선,보산,1407,1601,3008
202206,경원선,서빙고,1933,1923,3856
202206,경원선,석계,5303,5866,11169
202206,경원선,소요산,5061,4500,9561
202206,경원선,신이문,4879,4665,9544
202206,경원선,양주,5634,5459,11093
202206,경원선,옥수,67,30,97
202206,경원선,왕십리,9714,10954,20668
202206,경원선,외대앞,4600,4685,9285
202206,경원선,월계,3903,3668,7571
202206,경원선,응봉,1290,1145,2435
202206,경원선,의정부,15358,15436,30794
202206,경원선,이촌,2724,2103,4827
202206,경원선,지행,4978,5178,10156
202206,경원선,청량리,15230,14106,29336
202206,경원선,한남,2140,2096,4236
202206,경원선,회룡,8383,8433,16816
202206,경의선,가좌,3154,3025,6179
202206,경의선,강매,1656,1488,3144
202206,경의선,곡산,397,396,793
202206,경의선,공덕,1959,1659,3618
202206,경의선,금릉,3115,3193,6308
202206,경의선,금촌,4484,4810,9294
202206,경의선,능곡,2386,2504,4890
202206,경의선,디지털미디어시티,1704,1527,3231
202206,경의선,문산,3953,4368,8321
202206,경의선,백마,3559,3482,7041
202206,경의선,서강대,1447,1473,2920
202206,경의선,서울역,1352,1148,2500
202206,경의선,수색,975,1077,2052
202206,경의선,신촌,297,325,622
202206,경의선,야당,5177,5166,10343
202206,경의선,운정,3776,3615,7391
202206,경의선,월롱,1074,2230,3304
202206,경의선,일산,5139,4786,9925
202206,경의선,임진강,93,73,166
202206,경의선,탄현,4378,4023,8401
202206,경의선,파주,679,685,1364
202206,경의선,풍산,3795,3536,7331
202206,경의선,행신,4890,4628,9518
202206,경의선,홍대입구,1748,2036,3784
202206,경의선,화전,986,1016,2002
202206,경의선,효창공원앞,1425,1708,3133
202206,경인선,간석,3415,3253,6668
202206,경인선,개봉,12768,12771,25539
202206,경인선,구일,3619,3601,7220
202206,경인선,도원,1869,1851,3720
202206,경인선,도화,2525,2447,4972
202206,경인선,동암,10666,10469,21135
202206,경인선,동인천,10241,9815,20056
202206,경인선,백운,4141,4203,8344
202206,경인선,부개,5315,5024,10339
202206,경인선,부천,22850,22466,45316
202206,경인선,부평,23512,23574,47086
202206,경인선,소사,5924,5676,11600
202206,경인선,송내,14558,14364,28922
202206,경인선,역곡,15316,15133,30449
202206,경인선,오류동,7617,7097,14714
202206,경인선,온수,4107,3897,8004
202206,경인선,인천,4980,4096,9076
202206,경인선,제물포,6219,6050,12269
202206,경인선,주안,12661,11281,23942
202206,경인선,중동,5242,5006,10248
202206,경춘선,가평,2859,2275,5134
202206,경춘선,갈매,1565,1433,2998
202206,경춘선,강촌,936,659,1595
202206,경춘선,굴봉산,1086,298,1384
202206,경춘선,금곡,1041,980,2021
202206,경춘선,김유정,566,651,1217
202206,경춘선,남춘천,3434,3823,7257
202206,경춘선,대성리,1076,678,1754
202206,경춘선,마석,2809,2818,5627
202206,경춘선,백양리,156,125,281
202206,경춘선,별내,2023,1905,3928
202206,경춘선,사릉,1520,1477,2997
202206,경춘선,상천,553,365,918
202206,경춘선,신내,1130,1153,2283
202206,경춘선,천마산,1303,1228,2531
202206,경춘선,청평,2182,1761,3943
202206,경춘선,춘천,2390,1762,4152
202206,경춘선,퇴계원,2227,2074,4301
202206,경춘선,평내호평,3763,3691,7454
202206,공항철도 1호선,검암,3931,3998,7929
202206,공항철도 1호선,계양,6016,5662,11678
202206,공항철도 1호선,공덕,1402,1816,3218
202206,공항철도 1호선,공항화물청사,1141,1150,2291
202206,공항철도 1호선,김포공항,11338,6009,17347
202206,공항철도 1호선,디지털미디어시티,3887,4142,8029
202206,공항철도 1호선,마곡나루,2642,3013,5655
202206,공항철도 1호선,서울역,9064,7936,17000
202206,공항철도 1호선,영종,2755,2735,5490
202206,공항철도 1호선,운서,5838,6297,12135
202206,공항철도 1호선,인천공항1터미널,6641,6028,12669
202206,공항철도 1호선,인천공항2터미널,2962,2512,5474
202206,공항철도 1호선,청라국제도시,3625,3639,7264
202206,공항철도 1호선,홍대입구,10756,9574,20330
202206,과천선,경마공원,16568,17192,33760
202206,과천선,과천,4013,3837,7850
202206,과천선,대공원,6314,6337,12651
202206,과천선,범계,15957,15535,31492
202206,과천선,선바위,4605,4045,8650
202206,과천선,인덕원,13727,13633,27360
202206,과천선,정부과천청사,4936,4829,9765
202206,과천선,평촌,7269,7097,14366
202206,분당선,가천대,4020,4836,8856
202206,분당선,강남구청,3406,3947,7353
202206,분당선,개포동,2225,2184,4409
202206,분당선,구룡,903,1010,1913
202206,분당선,구성,2617,2850,5467
202206,분당선,기흥,5427,5038,10465
202206,분당선,대모산입구,2269,2143,4412
202206,분당선,도곡,2971,2916,5887
202206,분당선,망포,6651,7040,13691
202206,분당선,매교,1830,1825,3655
202206,분당선,매탄권선,2768,2602,5370
202206,분당선,모란,12008,12263,24271
202206,분당선,미금,8001,8616,16617
202206,분당선,보정,1220,1172,2392
202206,분당선,상갈,3018,3173,6191
202206,분당선,서울숲,7717,8066,15783
202206,분당선,서현,14879,14763,29642
202206,분당선,선릉,2990,4728,7718
202206,분당선,선정릉,2137,2175,4312
202206,분당선,수내,6746,6572,13318
202206,분당선,수서,9131,8916,18047
202206,분당선,수원,6054,5200,11254
202206,분당선,수원시청,7880,7645,15525
202206,분당선,신갈,2159,2263,4422
202206,분당선,압구정로데오,10929,12208,23137
202206,분당선,야탑,14362,14619,28981
202206,분당선,영통,4865,4838,9703
202206,분당선,오리,5743,4858,10601
202206,분당선,이매,3833,3899,7732
202206,분당선,정자,8183,8529,16712
202206,분당선,죽전,7627,8694,16321
202206,분당선,청명,2139,2240,4379
202206,분당선,태평,8677,8175,16852
202206,분당선,한티,8639,8564,17203
202206,수인선,고색,1903,1940,3843
202206,수인선,남동인더스파크,641,658,1299
202206,수인선,달월,60,72,132
202206,수인선,사리,2887,2488,5375
202206,수인선,소래포구,6603,6376,12979
202206,수인선,송도,1662,1707,3369
202206,수인선,숭의,2194,2033,4227
202206,수인선,신포,1291,1205,2496
202206,수인선,야목,271,215,486
202206,수인선,어천,669,792,1461
202206,수인선,연수,3419,3496,6915
202206,수인선,오목천,1756,1793,3549
202206,수인선,원인재,3124,3204,6328
202206,수인선,월곶,1953,1922,3875
202206,수인선,인천,1281,1866,3147
202206,수인선,인천논현,3316,3363,6679
202206,수인선,인하대,3323,3270,6593
202206,수인선,호구포,2326,2430,4756
202206,신림선,관악산,4917,5159,10076
202206,신림선,당곡,2183,2158,4341
202206,신림선,대방,1298,949,2247
202206,신림선,보라매,1815,1639,3454
202206,신림선,보라매공원,1229,1397,2626
202206,신림선,보라매병원,2155,2183,4338
202206,신림선,샛강,1359,1881,3240
202206,신림선,서울대벤처타운,4575,4322,8897
202206,신림선,서울지방병무청,1584,1718,3302
202206,신림선,서원,1888,1655,3543
202206,신림선,신림,1327,1817,3144
202206,안산선,고잔,5388,5280,10668
202206,안산선,대야미,3525,3274,6799
202206,안산선,반월,2842,2800,5642
202206,안산선,산본,9854,10482,20336
202206,안산선,상록수,10090,9916,20006
202206,안산선,수리산,2452,2407,4859
202206,안산선,신길온천,1315,1291,2606
202206,안산선,안산,11019,10045,21064
202206,안산선,오이도,6652,6436,13088
202206,안산선,정왕,5889,6292,12181
202206,안산선,중앙,12545,12476,25021
202206,안산선,초지,2786,2749,5535
202206,안산선,한대앞,5934,5838,11772
202206,우이신설선,4.19민주묘지,2077,1847,3924
202206,우이신설선,가오리,2491,2392,4883
202206,우이신설선,보문,1063,1082,2145
202206,우이신설선,북한산보국문,3907,3594,7501
202206,우이신설선,북한산우이,3505,3690,7195
202206,우이신설선,삼양,1238,1265,2503
202206,우이신설선,삼양사거리,1708,1636,3344
202206,우이신설선,성신여대입구,2291,2466,4757
202206,우이신설선,솔밭공원,1561,1529,3090
202206,우이신설선,솔샘,3109,2933,6042
202206,우이신설선,신설동,1277,1257,2534
202206,우이신설선,정릉,3012,2523,5535
202206,우이신설선,화계,2343,2184,4527
202206,일산선,대곡,1219,1044,2263
202206,일산선,대화,7418,6516,13934
202206,일산선,마두,3670,3737,7407
202206,일산선,백석,5778,5578,11356
202206,일산선,삼송,11742,11533,23275
202206,일산선,원당,6499,6316,12815
202206,일산선,원흥,6337,6148,12485
202206,일산선,정발산,5853,5903,11756
202206,일산선,주엽,5182,5096,10278
202206,일산선,화정,9714,9983,19697
202206,장항선,배방,914,1085,1999
202206,장항선,봉명,620,680,1300
202206,장항선,신창,1168,1556,2724
202206,장항선,쌍용,1434,1578,3012
202206,장항선,아산,3887,2445,6332
202206,장항선,온양온천,3713,3697,7410
202206,장항선,탕정,581,620,1201
202206,중앙선,구리,8439,8634,17073
202206,중앙선,국수,651,622,1273
202206,중앙선,덕소,3583,3679,7262
202206,중앙선,도농,5868,5687,11555
202206,중앙선,도심,1463,1260,2723
202206,중앙선,망우,5358,5213,10571
202206,중앙선,상봉,4058,4110,8168
202206,중앙선,신원,296,173,469
202206,중앙선,아신,647,545,1192
202206,중앙선,양수,2448,2190,4638
202206,중앙선,양원,1584,1563,3147
202206,중앙선,양정,523,415,938
202206,중앙선,양평,2624,2399,5023
202206,중앙선,오빈,303,244,547
202206,중앙선,용문,2562,2174,4736
202206,중앙선,운길산,1537,1601,3138
202206,중앙선,원덕,433,389,822
202206,중앙선,중랑,3679,3561,7240
202206,중앙선,지평,69,61,130
202206,중앙선,팔당,1390,1413,2803
202206,중앙선,회기,16111,16053,32164
202206,1호선,동대문,10911,10979,21890
202206,1호선,동묘앞,11137,11616,22753
202206,1호선,서울역,40159,40128,80287
202206,1호선,시청,13371,13902,27273
202206,1호선,신설동,10361,9112,19473
202206,1호선,제기동,16429,16751,33180
202206,1호선,종각,21874,21405,43279
202206,1호선,종로3가,27223,25237,52460
202206,1호선,종로5가,20483,20985,41468
202206,1호선,청량리,19843,20360,40203
202206,2호선,강남,63337,64164,127501
202206,2호선,강변,32400,31828,64228
202206,2호선,건대입구,35859,40157,76016
202206,2호선,교대,19134,21725,40859
202206,2호선,구로디지털단지,37463,36120,73583
202206,2호선,구의,17729,17038,34767
202206,2호선,낙성대,23412,21107,44519
202206,2호선,당산,14061,15195,29256
202206,2호선,대림,19953,20698,40651
202206,2호선,도림천,820,861,1681
202206,2호선,동대문역사문화공원,11948,13809,25757
202206,2호선,뚝섬,17176,17835,35011
202206,2호선,문래,14116,15260,29376
202206,2호선,방배,10990,11300,22290
202206,2호선,봉천,18679,16671,35350
202206,2호선,사당,38150,42679,80829
202206,2호선,삼성,35887,36178,72065
202206,2호선,상왕십리,10627,9782,20409
202206,2호선,서울대입구,39435,37780,77215
202206,2호선,서초,12891,10732,23623
202206,2호선,선릉,26882,23812,50694
202206,2호선,성수,21455,24981,46436
202206,2호선,시청,10435,9431,19866
202206,2호선,신답,1110,1136,2246
202206,2호선,신당,12168,12720,24888
202206,2호선,신대방,21693,19948,41641
202206,2호선,신도림,45068,46263,91331
202206,2호선,신림,51392,48889,100281
202206,2호선,신설동,3495,3497,6992
202206,2호선,신정네거리,8300,8121,16421
202206,2호선,신촌,32764,33406,66170
202206,2호선,아현,8385,7503,15888
202206,2호선,양천구청,5077,4992,10069
202206,2호선,역삼,20168,22317,42485
202206,2호선,영등포구청,14310,15168,29478
202206,2호선,왕십리,14437,12794,27231
202206,2호선,용답,2258,2064,4322
202206,2호선,용두,1869,1716,3585
202206,2호선,을지로3가,13237,13606,26843
202206,2호선,을지로4가,8103,8695,16798
202206,2호선,을지로입구,23111,23470,46581
202206,2호선,이대,10888,11286,22174
202206,2호선,잠실,73311,68994,142305
202206,2호선,잠실나루,8397,8225,16622
202206,2호선,잠실새내,19572,21017,40589
202206,2호선,종합운동장,34988,37407,72395
202206,2호선,충정로,6309,6692,13001
202206,2호선,한양대,5269,5548,10817
202206,2호선,합정,30250,34911,65161
202206,2호선,홍대입구,68904,79076,147980
202206,3호선,가락시장,6839,6536,13375
202206,3호선,경복궁,23101,27129,50230
202206,3호선,경찰병원,4388,4221,8609
202206,3호선,고속터미널,54974,55454,110428
202206,3호선,교대,8228,5009,13237
202206,3호선,구파발,17494,17669,35163
202206,3호선,금호,6442,5634,12076
202206,3호선,남부터미널,23449,22689,46138
202206,3호선,녹번,11633,9790,21423
202206,3호선,대청,6714,6048,12762
202206,3호선,대치,9610,8679,18289
202206,3호선,도곡,4198,4266,8464
202206,3호선,독립문,6389,6839,13228
202206,3호선,동대입구,8897,10651,19548
202206,3호선,매봉,7091,6831,13922
202206,3호선,무악재,2963,2965,5928
202206,3호선,불광,13727,15594,29321
202206,3호선,수서,15038,14920,29958
202206,3호선,신사,25401,27221,52622
202206,3호선,안국,19516,20868,40384
202206,3호선,압구정,26474,28214,54688
202206,3호선,약수,9898,9400,19298
202206,3호선,양재,23085,25038,48123
202206,3호선,연신내,31108,28917,60025
202206,3호선,오금,4412,4075,8487
202206,3호선,옥수,8172,8264,16436
202206,3호선,을지로3가,6020,6490,12510
202206,3호선,일원,5945,5544,11489
202206,3호선,잠원,3883,3680,7563
202206,3호선,종로3가,6848,10350,17198
202206,3호선,지축,4209,3827,8036
202206,3호선,충무로,2,0,2
202206,3호선,학여울,2438,2695,5133
202206,3호선,홍제,14828,13646,28474
202206,4호선,길음,16867,15417,32284
202206,4호선,남태령,1262,758,2020
202206,4호선,노원,17007,19256,36263
202206,4호선,당고개,7772,7097,14869
202206,4호선,동대문,14793,15348,30141
202206,4호선,동대문역사문화공원,13087,11713,24800
202206,4호선,동작,1547,1710,3257
202206,4호선,명동,16926,19606,36532
202206,4호선,미아,12134,11108,23242
202206,4호선,미아사거리,23862,22634,46496
202206,4호선,사당,25362,22783,48145
202206,4호선,삼각지,4819,6433,11252
202206,4호선,상계,15268,13970,29238
202206,4호선,서울역,6717,17141,23858
202206,4호선,성신여대입구,17805,16606,34411
202206,4호선,수유,28615,27915,56530
202206,4호선,숙대입구,11461,10502,21963
202206,4호선,신용산,12970,14536,27506
202206,4호선,쌍문,23326,20752,44078
202206,4호선,이촌,9557,9915,19472
202206,4호선,창동,21915,22609,44524
202206,4호선,총신대입구,15573,16895,32468
202206,4호선,충무로,15017,17022,32039
202206,4호선,한성대입구,11469,11095,22564
202206,4호선,혜화,31148,32819,63967
202206,4호선,회현,19510,20897,40407
202206,5호선,강동,14244,13689,27933
202206,5호선,강일,3544,3178,6722
202206,5호선,개롱,4693,4790,9483
202206,5호선,개화산,4163,3864,8027
202206,5호선,거여,6851,6563,13414
202206,5호선,고덕,7176,6686,13862
202206,5호선,공덕,8057,8348,16405
202206,5호선,광나루,11736,10877,22613
202206,5호선,광화문,17668,18567,36235
202206,5호선,군자,9036,10205,19241
202206,5호선,굽은다리,7824,7343,15167
202206,5호선,길동,6509,6649,13158
202206,5호선,김포공항,8006,8433,16439
202206,5호선,까치산,23032,20907,43939
202206,5호선,답십리,11084,9668,20752
202206,5호선,동대문역사문화공원,1038,1477,2515
202206,5호선,둔촌동,6362,6305,12667
202206,5호선,마곡,6126,6134,12260
202206,5호선,마장,4139,3905,8044
202206,5호선,마천,5372,5319,10691
202206,5호선,마포,8076,8174,16250
202206,5호선,명일,6813,6594,13407
202206,5호선,목동,12874,12651,25525
202206,5호선,미사,13410,13462,26872
202206,5호선,발산,14965,16473,31438
202206,5호선,방이,5801,5618,11419
202206,5호선,방화,5038,4809,9847
202206,5호선,상일동,10276,9220,19496
202206,5호선,서대문,8267,7904,16171
202206,5호선,송정,5537,5140,10677
202206,5호선,신금호,4553,4630,9183
202206,5호선,신길,2951,2937,5888
202206,5호선,신정,9911,8326,18237
202206,5호선,아차산,13228,12292,25520
202206,5호선,애오개,4043,3923,7966
202206,5호선,양평,4136,3750,7886
202206,5호선,여의나루,12242,14160,26402
202206,5호선,여의도,11989,13344,25333
202206,5호선,영등포구청,2169,2142,4311
202206,5호선,영등포시장,9241,9723,18964
202206,5호선,오금,2427,2220,4647
202206,5호선,오목교,17449,18018,35467
202206,5호선,올림픽공원,3472,3009,6481
202206,5호선,왕십리,3632,4724,8356
202206,5호선,우장산,10860,10374,21234
202206,5호선,을지로4가,3626,4179,7805
202206,5호선,장한평,12067,11646,23713
202206,5호선,종로3가,14502,15457,29959
202206,5호선,천호,17884,17261,35145
202206,5호선,청구,2765,2453,5218
202206,5호선,충정로,2156,1957,4113
202206,5호선,하남검단산,5905,5742,11647
202206,5호선,하남시청,6484,6005,12489
202206,5호선,하남풍산,3141,3150,6291
202206,5호선,행당,6008,5106,11114
202206,5호선,화곡,22018,19584,41602
202206,6호선,고려대,5831,5495,11326
202206,6호선,공덕,11315,10492,21807
202206,6호선,광흥창,5619,5224,10843
202206,6호선,구산,6102,4400,10502
202206,6호선,녹사평,5621,6510,12131
202206,6호선,대흥,6253,6225,12478
202206,6호선,독바위,2260,2300,4560
202206,6호선,돌곶이,6813,6110,12923
202206,6호선,동묘앞,7875,7607,15482
202206,6호선,디지털미디어시티,8289,8438,16727
202206,6호선,마포구청,10486,8812,19298
202206,6호선,망원,13755,15118,28873
202206,6호선,버티고개,1574,1584,3158
202206,6호선,보문,5568,4827,10395
202206,6호선,봉화산,5769,5589,11358
202206,6호선,불광,4014,3670,7684
202206,6호선,삼각지,7265,5273,12538
202206,6호선,상수,8524,10973,19497
202206,6호선,상월곡,4592,3837,8429
202206,6호선,새절,9734,8926,18660
202206,6호선,석계,9494,9552,19046
202206,6호선,신당,6422,5861,12283
202206,6호선,안암,7683,7355,15038
202206,6호선,약수,2795,2891,5686
202206,6호선,역촌,2882,3328,6210
202206,6호선,연신내,1,0,1
202206,6호선,월곡,7985,7419,15404
202206,6호선,월드컵경기장,4621,4744,9365
202206,6호선,응암,13611,13064,26675
202206,6호선,이태원,15629,20885,36514
202206,6호선,증산,8226,7681,15907
202206,6호선,창신,2316,1809,4125
202206,6호선,청구,2469,2404,4873
202206,6호선,태릉입구,4827,4933,9760
202206,6호선,한강진,8867,11288,20155
202206,6호선,합정,13559,13177,26736
202206,6호선,화랑대,7881,6417,14298
202206,6호선,효창공원앞,5289,4532,9821
202206,7호선,가산디지털단지,15548,13981,29529
202206,7호선,강남구청,10771,12145,22916
202206,7호선,건대입구,11934,12888,24822
202206,7호선,고속터미널,17693,13170,30863
202206,7호선,공릉,9406,9161,18567
202206,7호선,광명사거리,18222,18053,36275
202206,7호선,군자,11780,8811,20591
202206,7호선,남구로,8859,8996,17855
202206,7호선,남성,8421,7473,15894
202206,7호선,내방,8509,8474,16983
202206,7호선,노원,16508,17514,34022
202206,7호선,논현,10746,11494,22240
202206,7호선,대림,7849,8309,16158
202206,7호선,도봉산,7099,9341,16440
202206,7호선,뚝섬유원지,9520,8828,18348
202206,7호선,마들,10127,9284,19411
202206,7호선,먹골,8057,7617,15674
202206,7호선,면목,12241,11114,23355
202206,7호선,반포,5024,4812,9836
202206,7호선,보라매,6039,5762,11801
202206,7호선,사가정,13252,12687,25939
202206,7호선,상도,8396,7617,16013
202206,7호선,상봉,14296,13388,27684
202206,7호선,수락산,10944,10459,21403
202206,7호선,숭실대입구,9490,9082,18572
202206,7호선,신대방삼거리,11696,10674,22370
202206,7호선,신풍,8967,8613,17580
202206,7호선,어린이대공원,11016,10797,21813
202206,7호선,온수,6173,6038,12211
202206,7호선,용마산,4669,4689,9358
202206,7호선,이수,13901,13214,27115
202206,7호선,장승배기,7001,6666,13667
202206,7호선,장암,1841,1222,3063
202206,7호선,중계,10070,8656,18726
202206,7호선,중곡,7749,6997,14746
202206,7호선,중화,8049,7623,15672
202206,7호선,천왕,7655,7118,14773
202206,7호선,철산,16708,16753,33461
202206,7호선,청담,12389,13441,25830
202206,7호선,태릉입구,7425,6877,14302
202206,7호선,하계,13360,12034,25394
202206,7호선,학동,11283,11982,23265
202206,8호선,가락시장,5660,5893,11553
202206,8호선,강동구청,6695,6587,13282
202206,8호선,남위례,4009,4203,8212
202206,8호선,남한산성입구,10061,8732,18793
202206,8호선,단대오거리,8204,7661,15865
202206,8호선,모란,4139,3579,7718
202206,8호선,몽촌토성,4710,4808,9518
202206,8호선,문정,9410,9523,18933
202206,8호선,복정,6888,5670,12558
202206,8호선,산성,4661,4601,9262
202206,8호선,석촌,5934,7585,13519
202206,8호선,송파,6257,5893,12150
202206,8호선,수진,4696,4115,8811
202206,8호선,신흥,3810,3980,7790
202206,8호선,암사,13161,11692,24853
202206,8호선,잠실,13735,16522,30257
202206,8호선,장지,12758,11614,24372
202206,8호선,천호,12735,14683,27418
202206,9호선,가양,15513,14800,30313
202206,9호선,개화,1612,1292,2904
202206,9호선,고속터미널,15840,23032,38872
202206,9호선,공항시장,2530,2588,5118
202206,9호선,구반포,1097,1147,2244
202206,9호선,국회의사당,5153,5421,10574
202206,9호선,김포공항,8869,13311,22180
202206,9호선,노들,4332,3675,8007
202206,9호선,노량진,21800,21403,43203
202206,9호선,당산,14785,13830,28615
202206,9호선,동작,1892,1638,3530
202206,9호선,등촌,8031,7397,15428
202206,9호선,마곡나루,9016,9229,18245
202206,9호선,사평,2800,2534,5334
202206,9호선,샛강,3159,2925,6084
202206,9호선,선유도,4257,3982,8239
202206,9호선,신논현,27142,27740,54882
202206,9호선,신목동,2815,2251,5066
202206,9호선,신반포,3279,3275,6554
202206,9호선,신방화,5245,4786,10031
202206,9호선,양천향교,6462,5955,12417
202206,9호선,여의도,13701,13176,26877
202206,9호선,염창,13590,12195,25785
202206,9호선,증미,4292,3911,8203
202206,9호선,흑석,6273,6189,12462
202206,9호선2~3단계,둔촌오륜,650,663,1313
202206,9호선2~3단계,봉은사,14529,16294,30823
202206,9호선2~3단계,삼성중앙,3384,3647,7031
202206,9호선2~3단계,삼전,5359,4833,10192
202206,9호선2~3단계,석촌,7641,6185,13826
202206,9호선2~3단계,석촌고분,4776,4409,9185
202206,9호선2~3단계,선정릉,5372,6274,11646
202206,9호선2~3단계,송파나루,4618,5338,9956
202206,9호선2~3단계,언주,6886,6894,13780
202206,9호선2~3단계,올림픽공원,6339,6474,12813
202206,9호선2~3단계,종합운동장,4788,4714,9502
202206,9호선2~3단계,중앙보훈병원,5465,5044,10509
202206,9호선2~3단계,한성백제,2122,1828,3950
202206,경강선,경기광주,6519,5890,12409
202206,경강선,곤지암,2257,2317,4574
202206,경강선,부발,2371,1973,4344
202206,경강선,삼동,1713,1543,3256
202206,경강선,세종대왕릉,411,480,891
202206,경강선,신둔도예촌,1430,1399,2829
202206,경강선,여주,2946,3226,6172
202206,경강선,이매,1048,816,1864
202206,경강선,이천,3225,3311,6536
202206,경강선,초월,2613,2364,4977
202206,경강선,판교,3507,3426,6933
202206,경부선,가산디지털단지,7063,9076,16139
202206,경부선,관악,7209,6779,13988
202206,경부선,광명,3495,3066,6561
202206,경부선,구로,15043,15769,30812
202206,경부선,군포,4783,4317,9100
202206,경부선,금정,21981,21365,43346
202206,경부선,금천구청,9959,9767,19726
202206,경부선,남영,6934,6820,13754
202206,경부선,노량진,9000,8196,17196
202206,경부선,당정,4650,4310,8960
202206,경부선,대방,7866,8350,16216
202206,경부선,독산,10133,9776,19909
202206,경부선,두정,6493,6369,12862
202206,경부선,명학,5395,4925,10320
202206,경부선,병점,14805,14400,29205
202206,경부선,서동탄,1295,1275,2570
202206,경부선,서울역,10051,2351,12402
202206,경부선,서정리,8012,6479,14491
202206,경부선,석수,8078,7287,15365
202206,경부선,성균관대,12382,11938,24320
202206,경부선,성환,3567,3267,6834
202206,경부선,세류,3089,2962,6051
202206,경부선,세마,2660,2360,5020
202206,경부선,송탄,5610,4895,10505
202206,경부선,수원,42933,46772,89705
202206,경부선,신길,6505,5454,11959
202206,경부선,신도림,3700,3980,7680
202206,경부선,안양,20652,20545,41197
202206,경부선,영등포,45461,48289,93750
202206,경부선,오산,11199,10577,21776
202206,경부선,오산대,3541,3241,6782
202206,경부선,용산,42424,45240,87664
202206,경부선,의왕,6747,6534,13281
202206,경부선,직산,857,794,1651
202206,경부선,진위,1245,1087,2332
202206,경부선,천안,7676,7963,15639
202206,경부선,평택,16061,15430,31491
202206,경부선,평택지제,3893,3457,7350
202206,경부선,화서,6970,6811,13781
202206,경원선,가능,5811,5426,11237
202206,경원선,광운대,5946,5692,11638
202206,경원선,녹양,4017,3732,7749
202206,경원선,녹천,3700,3075,6775
202206,경원선,덕계,2787,2531,5318
202206,경원선,덕정,5329,4690,10019
202206,경원선,도봉,5005,4584,9589
202206,경원선,도봉산,9380,6726,16106
202206,경원선,동두천,1822,2172,3994
202206,경원선,동두천중앙,3047,3018,6065
202206,경원선,망월사,6586,6394,12980
202206,경원선,방학,8469,8076,16545
202206,경원선,보산,2079,1930,4009
202206,경원선,서빙고,1753,1648,3401
202206,경원선,석계,7682,7950,15632
202206,경원선,소요산,4649,4096,8745
202206,경원선,신이문,6788,6085,12873
202206,경원선,양주,7052,6648,13700
202206,경원선,옥수,41,33,74
202206,경원선,왕십리,14215,15617,29832
202206,경원선,외대앞,6453,6068,12521
202206,경원선,월계,5185,4653,9838
202206,경원선,응봉,1642,1347,2989
202206,경원선,의정부,19202,20736,39938
202206,경원선,이촌,3521,2581,6102
202206,경원선,지행,6590,6363,12953
202206,경원선,청량리,18921,19251,38172
202206,경원선,한남,3082,3087,6169
202206,경원선,회룡,11059,10670,21729
202206,경의선,가좌,4580,4256,8836
202206,경의선,강매,2290,2057,4347
202206,경의선,곡산,514,555,1069
202206,경의선,공덕,3036,2346,5382
202206,경의선,금릉,4249,3979,8228
202206,경의선,금촌,6447,5911,12358
202206,경의선,능곡,3106,3135,6241
202206,경의선,디지털미디어시티,2417,2088,4505
202206,경의선,문산,5886,5230,11116
202206,경의선,백마,5244,4773,10017
202206,경의선,서강대,1946,1828,3774
202206,경의선,서울역,1672,1896,3568
202206,경의선,수색,1566,1541,3107
202206,경의선,신촌,392,482,874
202206,경의선,야당,7354,7525,14879
202206,경의선,운정,5694,5151,10845
202206,경의선,월롱,2093,1737,3830
202206,경의선,일산,8277,7826,16103
202206,경의선,임진강,59,49,108
202206,경의선,탄현,6339,5716,12055
202206,경의선,파주,1049,670,1719
202206,경의선,풍산,5054,4821,9875
202206,경의선,행신,6299,6349,12648
202206,경의선,홍대입구,2227,2854,5081
202206,경의선,화전,1287,1148,2435
202206,경의선,효창공원앞,1878,2120,3998
202206,경인선,간석,5072,4690,9762
202206,경인선,개봉,18175,17205,35380
202206,경인선,구일,8666,8560,17226
202206,경인선,도원,2538,2473,5011
202206,경인선,도화,3619,3342,6961
202206,경인선,동암,14416,14360,28776
202206,경인선,동인천,13260,12841,26101
202206,경인선,백운,6105,5972,12077
202206,경인선,부개,7234,6525,13759
202206,경인선,부천,30882,32243,63125
202206,경인선,부평,30640,34380,65020
202206,경인선,소사,8464,8136,16600
202206,경인선,송내,21032,20219,41251
202206,경인선,역곡,22239,21379,43618
202206,경인선,오류동,10002,8974,18976
202206,경인선,온수,5530,4967,10497
202206,경인선,인천,5285,4385,9670
202206,경인선,제물포,8478,7936,16414
202206,경인선,주안,18241,15908,34149
202206,경인선,중동,7412,6823,14235
202206,경춘선,가평,2665,3452,6117
202206,경춘선,갈매,2173,1821,3994
202206,경춘선,강촌,725,875,1600
202206,경춘선,굴봉산,208,203,411
202206,경춘선,금곡,1368,1252,2620
202206,경춘선,김유정,632,752,1384
202206,경춘선,남춘천,3384,3749,7133
202206,경춘선,대성리,1661,1682,3343
202206,경춘선,마석,4078,4051,8129
202206,경춘선,백양리,141,120,261
202206,경춘선,별내,2673,2462,5135
202206,경춘선,사릉,1998,1866,3864
202206,경춘선,상천,513,483,996
202206,경춘선,신내,1479,1331,2810
202206,경춘선,천마산,1570,1464,3034
202206,경춘선,청평,2161,2410,4571
202206,경춘선,춘천,2373,2085,4458
202206,경춘선,퇴계원,2933,2569,5502
202206,경춘선,평내호평,5420,5195,10615
202206,공항철도 1호선,검암,5201,5166,10367
202206,공항철도 1호선,계양,8468,7441,15909
202206,공항철도 1호선,공덕,1806,2809,4615
202206,공항철도 1호선,공항화물청사,1394,1393,2787
202206,공항철도 1호선,김포공항,12269,6047,18316
202206,공항철도 1호선,디지털미디어시티,6228,5630,11858
202206,공항철도 1호선,마곡나루,3808,4105,7913
202206,공항철도 1호선,서울역,10034,9679,19713
202206,공항철도 1호선,영종,3557,3572,7129
202206,공항철도 1호선,운서,7225,7432,14657
202206,공항철도 1호선,인천공항1터미널,7081,6734,13815
202206,공항철도 1호선,인천공항2터미널,3325,2904,6229
202206,공항철도 1호선,청라국제도시,5311,4944,10255
202206,공항철도 1호선,홍대입구,13765,14602,28367
202206,과천선,경마공원,12996,13328,26324
202206,과천선,과천,5567,4867,10434
202206,과천선,대공원,6467,6883,13350
202206,과천선,범계,23593,23373,46966
202206,과천선,선바위,6436,5421,11857
202206,과천선,인덕원,19291,18752,38043
202206,과천선,정부과천청사,6846,6594,13440
202206,과천선,평촌,10631,10430,21061
202206,분당선,가천대,6124,6375,12499
202206,분당선,강남구청,5505,6723,12228
202206,분당선,개포동,2903,2748,5651
202206,분당선,구룡,1485,1323,2808
202206,분당선,구성,4028,4082,8110
202206,분당선,기흥,7622,7015,14637
202206,분당선,대모산입구,3383,3036,6419
202206,분당선,도곡,5511,4859,10370
202206,분당선,망포,10887,9638,20525
202206,분당선,매교,2252,2251,4503
202206,분당선,매탄권선,4260,3751,8011
202206,분당선,모란,17293,17985,35278
202206,분당선,미금,11668,12074,23742
202206,분당선,보정,1911,1725,3636
202206,분당선,상갈,4204,4187,8391
202206,분당선,서울숲,10075,10418,20493
202206,분당선,서현,20313,20608,40921
202206,분당선,선릉,5988,8994,14982
202206,분당선,선정릉,3790,3798,7588
202206,분당선,수내,9925,8902,18827
202206,분당선,수서,11680,12082,23762
202206,분당선,수원,8272,7068,15340
202206,분당선,수원시청,12488,14542,27030
202206,분당선,신갈,3176,3038,6214
202206,분당선,압구정로데오,19161,23757,42918
202206,분당선,야탑,20935,22064,42999
202206,분당선,영통,7341,7237,14578
202206,분당선,오리,8632,7243,15875
202206,분당선,이매,4789,4570,9359
202206,분당선,정자,11936,12301,24237
202206,분당선,죽전,11227,12424,23651
202206,분당선,청명,3291,3203,6494
202206,분당선,태평,11581,10577,22158
202206,분당선,한티,12330,11922,24252
202206,수인선,고색,3038,2847,5885
202206,수인선,남동인더스파크,1105,982,2087
202206,수인선,달월,79,85,164
202206,수인선,사리,4066,3433,7499
202206,수인선,소래포구,7144,7136,14280
202206,수인선,송도,2241,2192,4433
202206,수인선,숭의,3045,2794,5839
202206,수인선,신포,1644,1765,3409
202206,수인선,야목,321,255,576
202206,수인선,어천,917,778,1695
202206,수인선,연수,4589,4623,9212
202206,수인선,오목천,2683,2277,4960
202206,수인선,원인재,4070,4219,8289
202206,수인선,월곶,2441,2374,4815
202206,수인선,인천,1227,2166,3393
202206,수인선,인천논현,4753,5000,9753
202206,수인선,인하대,5155,4696,9851
202206,수인선,호구포,3035,2886,5921
202206,신림선,관악산,3894,4182,8076
202206,신림선,당곡,2796,2565,5361
202206,신림선,대방,1907,1074,2981
202206,신림선,보라매,2274,2035,4309
202206,신림선,보라매공원,1379,1416,2795
202206,신림선,보라매병원,2824,2892,5716
202206,신림선,샛강,1255,1824,3079
202206,신림선,서울대벤처타운,5859,5178,11037
202206,신림선,서울지방병무청,1651,1704,3355
202206,신림선,서원,2253,1788,4041
202206,신림선,신림,1621,1848,3469
202206,안산선,고잔,7477,7342,14819
202206,안산선,대야미,4579,4117,8696
202206,안산선,반월,3872,3606,7478
202206,안산선,산본,13969,15104,29073
202206,안산선,상록수,14010,13497,27507
202206,안산선,수리산,3280,2922,6202
202206,안산선,신길온천,1716,1557,3273
202206,안산선,안산,10615,10857,21472
202206,안산선,오이도,8469,8693,17162
202206,안산선,정왕,7561,7438,14999
202206,안산선,중앙,17700,18851,36551
202206,안산선,초지,4043,3877,7920
202206,안산선,한대앞,8352,8118,16470
202206,우이신설선,4.19민주묘지,2585,2199,4784
202206,우이신설선,가오리,3340,3029,6369
202206,우이신설선,보문,1193,1126,2319
202206,우이신설선,북한산보국문,5313,4584,9897
202206,우이신설선,북한산우이,3683,3917,7600
202206,우이신설선,삼양,1645,1612,3257
202206,우이신설선,삼양사거리,2062,1961,4023
202206,우이신설선,성신여대입구,2883,3478,6361
202206,우이신설선,솔밭공원,2032,1873,3905
202206,우이신설선,솔샘,4338,3736,8074
202206,우이신설선,신설동,1518,1477,2995
202206,우이신설선,정릉,4140,3274,7414
202206,우이신설선,화계,2651,2395,5046
202206,일산선,대곡,1657,1336,2993
202206,일산선,대화,9862,8550,18412
202206,일산선,마두,5619,5549,11168
202206,일산선,백석,8344,8422,16766
202206,일산선,삼송,16015,14984,30999
202206,일산선,원당,9374,8478,17852
202206,일산선,원흥,8665,8048,16713
202206,일산선,정발산,7125,7670,14795
202206,일산선,주엽,7562,7326,14888
202206,일산선,화정,14099,14266,28365
202206,장항선,배방,1316,1169,2485
202206,장항선,봉명,984,874,1858
202206,장항선,신창,1368,1218,2586
202206,장항선,쌍용,2104,1808,3912
202206,장항선,아산,4004,3916,7920
202206,장항선,온양온천,4624,4735,9359
202206,장항선,탕정,902,802,1704
202206,중앙선,구리,11583,11891,23474
202206,중앙선,국수,759,784,1543
202206,중앙선,덕소,4921,4834,9755
202206,중앙선,도농,8378,7795,16173
202206,중앙선,도심,1896,1601,3497
202206,중앙선,망우,7563,7199,14762
202206,중앙선,상봉,5501,5417,10918
202206,중앙선,신원,288,250,538
202206,중앙선,아신,684,788,1472
202206,중앙선,양수,2490,2477,4967
202206,중앙선,양원,2228,2176,4404
202206,중앙선,양정,678,546,1224
202206,중앙선,양평,4454,4615,9069
202206,중앙선,오빈,354,416,770
202206,중앙선,용문,2554,2947,5501
202206,중앙선,운길산,1456,1471,2927
202206,중앙선,원덕,481,578,1059
202206,중앙선,중랑,4916,4671,9587
202206,중앙선,지평,85,97,182
202206,중앙선,팔당,1482,1632,3114
202206,중앙선,회기,22291,20743,43034
202206,1호선,동대문,10288,10650,20938
202206,1호선,동묘앞,12146,12094,24240
202206,1호선,서울역,33101,31446,64547
202206,1호선,시청,9380,8724,18104
202206,1호선,신설동,7904,7462,15366
202206,1호선,제기동,10603,11142,21745
202206,1호선,종각,14645,12456,27101
202206,1호선,종로3가,16968,14477,31445
202206,1호선,종로5가,10352,10261,20613
202206,1호선,청량리,13468,13764,27232
202206,2호선,강남,35349,33859,69208
202206,2호선,강변,25204,23924,49128
202206,2호선,건대입구,26507,27892,54399
202206,2호선,교대,11488,12642,24130
202206,2호선,구로디지털단지,25803,25760,51563
202206,2호선,구의,12110,12075,24185
202206,2호선,낙성대,16622,17195,33817
202206,2호선,당산,9803,10346,20149
202206,2호선,대림,17050,17407,34457
202206,2호선,도림천,517,495,1012
202206,2호선,동대문역사문화공원,9416,11388,20804
202206,2호선,뚝섬,13145,13324,26469
202206,2호선,문래,8715,9232,17947
202206,2호선,방배,7264,7544,14808
202206,2호선,봉천,13185,12749,25934
202206,2호선,사당,25277,27621,52898
202206,2호선,삼성,22009,21418,43427
202206,2호선,상왕십리,7382,7251,14633
202206,2호선,서울대입구,27015,27619,54634
202206,2호선,서초,12957,12312,25269
202206,2호선,선릉,14669,12572,27241
202206,2호선,성수,14888,16883,31771
202206,2호선,시청,6772,5504,12276
202206,2호선,신답,865,938,1803
202206,2호선,신당,8765,9331,18096
202206,2호선,신대방,16545,16130,32675
202206,2호선,신도림,30379,31145,61524
202206,2호선,신림,37446,36630,74076
202206,2호선,신설동,3159,3201,6360
202206,2호선,신정네거리,6125,6050,12175
202206,2호선,신촌,22618,22176,44794
202206,2호선,아현,5650,5490,11140
202206,2호선,양천구청,4395,4143,8538
202206,2호선,역삼,12047,13213,25260
202206,2호선,영등포구청,8983,9374,18357
202206,2호선,왕십리,9949,9005,18954
202206,2호선,용답,1741,1715,3456
202206,2호선,용두,1236,1267,2503
202206,2호선,을지로3가,9518,9100,18618
202206,2호선,을지로4가,4051,3965,8016
202206,2호선,을지로입구,16830,15909,32739
202206,2호선,이대,7344,7834,15178
202206,2호선,잠실,51637,48685,100322
202206,2호선,잠실나루,6226,6095,12321
202206,2호선,잠실새내,11962,11941,23903
202206,2호선,종합운동장,19109,19433,38542
202206,2호선,충정로,3768,4069,7837
202206,2호선,한양대,3107,3751,6858
202206,2호선,합정,21207,22501,43708
202206,2호선,홍대입구,52753,52017,104770
202206,3호선,가락시장,3881,4108,7989
202206,3호선,경복궁,17595,20892,38487
202206,3호선,경찰병원,3034,3023,6057
202206,3호선,고속터미널,44622,42439,87061
202206,3호선,교대,4838,3073,7911
202206,3호선,구파발,12339,12989,25328
202206,3호선,금호,4418,4238,8656
202206,3호선,남부터미널,15604,16605,32209
202206,3호선,녹번,7873,7113,14986
202206,3호선,대청,4509,4485,8994
202206,3호선,대치,5984,5410,11394
202206,3호선,도곡,2103,2216,4319
202206,3호선,독립문,4597,4997,9594
202206,3호선,동대입구,5196,5833,11029
202206,3호선,매봉,4504,4564,9068
202206,3호선,무악재,2058,2188,4246
202206,3호선,불광,10327,11571,21898
202206,3호선,수서,11397,11023,22420
202206,3호선,신사,14132,14262,28394
202206,3호선,안국,13214,13085,26299
202206,3호선,압구정,15024,15725,30749
202206,3호선,약수,7055,6890,13945
202206,3호선,양재,14333,16333,30666
202206,3호선,연신내,22135,20877,43012
202206,3호선,오금,3081,3017,6098
202206,3호선,옥수,5504,5704,11208
202206,3호선,을지로3가,4003,3572,7575
202206,3호선,일원,3864,4049,7913
202206,3호선,잠원,2523,2442,4965
202206,3호선,종로3가,4386,5681,10067
202206,3호선,지축,2733,2580,5313
202206,3호선,충무로,2,0,2
202206,3호선,학여울,1558,1635,3193
202206,3호선,홍제,10348,9870,20218
202206,4호선,길음,11540,11266,22806
202206,4호선,남태령,843,643,1486
202206,4호선,노원,12342,13176,25518
202206,4호선,당고개,5870,5722,11592
202206,4호선,동대문,7799,8122,15921
202206,4호선,동대문역사문화공원,10741,9598,20339
202206,4호선,동작,1185,1206,2391
202206,4호선,명동,13261,13650,26911
202206,4호선,미아,8668,8154,16822
202206,4호선,미아사거리,16946,15941,32887
202206,4호선,사당,17456,16242,33698
202206,4호선,삼각지,3534,4687,8221
202206,4호선,상계,10706,10014,20720
202206,4호선,서울역,5036,13150,18186
202206,4호선,성신여대입구,12983,12278,25261
202206,4호선,수유,21005,20155,41160
202206,4호선,숙대입구,8398,8226,16624
202206,4호선,신용산,9818,9975,19793
202206,4호선,쌍문,16813,15290,32103
202206,4호선,이촌,6637,7018,13655
202206,4호선,창동,15981,16586,32567
202206,4호선,총신대입구,11095,11997,23092
202206,4호선,충무로,9084,9786,18870
202206,4호선,한성대입구,7981,8075,16056
202206,4호선,혜화,23046,24245,47291
202206,4호선,회현,9291,9331,18622
202206,5호선,강동,9182,9204,18386
202206,5호선,강일,2453,2266,4719
202206,5호선,개롱,3161,3429,6590
202206,5호선,개화산,2849,2865,5714
202206,5호선,거여,4866,4832,9698
202206,5호선,고덕,4352,4471,8823
202206,5호선,공덕,4889,5076,9965
202206,5호선,광나루,8220,7801,16021
202206,5호선,광화문,12486,12885,25371
202206,5호선,군자,6410,7348,13758
202206,5호선,굽은다리,5810,5381,11191
202206,5호선,길동,4490,4392,8882
202206,5호선,김포공항,7255,7437,14692
202206,5호선,까치산,16719,15985,32704
202206,5호선,답십리,7720,7108,14828
202206,5호선,동대문역사문화공원,794,827,1621
202206,5호선,둔촌동,4706,4597,9303
202206,5호선,마곡,3759,3988,7747
202206,5호선,마장,3111,2955,6066
202206,5호선,마천,3855,4148,8003
202206,5호선,마포,4980,4973,9953
202206,5호선,명일,5223,5262,10485
202206,5호선,목동,8746,8836,17582
202206,5호선,미사,9150,9436,18586
202206,5호선,발산,9190,9737,18927
202206,5호선,방이,4285,4094,8379
202206,5호선,방화,3791,3772,7563
202206,5호선,상일동,6960,6733,13693
202206,5호선,서대문,5854,5715,11569
202206,5호선,송정,3910,3894,7804
202206,5호선,신금호,3142,3398,6540
202206,5호선,신길,2091,2239,4330
202206,5호선,신정,6600,5901,12501
202206,5호선,아차산,10369,10005,20374
202206,5호선,애오개,2714,2743,5457
202206,5호선,양평,2839,2858,5697
202206,5호선,여의나루,10131,10828,20959
202206,5호선,여의도,7590,8377,15967
202206,5호선,영등포구청,1567,1488,3055
202206,5호선,영등포시장,5964,6222,12186
202206,5호선,오금,1645,1608,3253
202206,5호선,오목교,11726,12109,23835
202206,5호선,올림픽공원,2596,2390,4986
202206,5호선,왕십리,2723,3316,6039
202206,5호선,우장산,7221,7333,14554
202206,5호선,을지로4가,1879,2012,3891
202206,5호선,장한평,8332,8279,16611
202206,5호선,종로3가,9810,8516,18326
202206,5호선,천호,13424,12633,26057
202206,5호선,청구,1835,1710,3545
202206,5호선,충정로,1529,1434,2963
202206,5호선,하남검단산,4870,4890,9760
202206,5호선,하남시청,4701,4470,9171
202206,5호선,하남풍산,2256,2240,4496
202206,5호선,행당,4259,3915,8174
202206,5호선,화곡,14956,14082,29038
202206,6호선,고려대,4123,4113,8236
202206,6호선,공덕,7488,6913,14401
202206,6호선,광흥창,4397,4164,8561
202206,6호선,구산,4071,3083,7154
202206,6호선,녹사평,4632,4263,8895
202206,6호선,대흥,4164,4402,8566
202206,6호선,독바위,1623,1945,3568
202206,6호선,돌곶이,5827,5528,11355
202206,6호선,동묘앞,6266,6286,12552
202206,6호선,디지털미디어시티,5863,6163,12026
202206,6호선,마포구청,7459,6716,14175
202206,6호선,망원,9379,10114,19493
202206,6호선,버티고개,1180,1240,2420
202206,6호선,보문,4102,3973,8075
202206,6호선,봉화산,4207,4109,8316
202206,6호선,불광,3083,2902,5985
202206,6호선,삼각지,5250,4044,9294
202206,6호선,상수,6436,7167,13603
202206,6호선,상월곡,3372,3024,6396
202206,6호선,새절,6818,6649,13467
202206,6호선,석계,6612,6898,13510
202206,6호선,신당,5082,5753,10835
202206,6호선,안암,4658,5067,9725
202206,6호선,약수,1830,1821,3651
202206,6호선,역촌,2139,2432,4571
202206,6호선,연신내,2,0,2
202206,6호선,월곡,5800,5752,11552
202206,6호선,월드컵경기장,4622,4701,9323
202206,6호선,응암,9748,9930,19678
202206,6호선,이태원,13608,10816,24424
202206,6호선,증산,5754,5776,11530
202206,6호선,창신,1670,1502,3172
202206,6호선,청구,1745,1642,3387
202206,6호선,태릉입구,3309,3581,6890
202206,6호선,한강진,7374,8368,15742
202206,6호선,합정,9534,8856,18390
202206,6호선,화랑대,5029,4436,9465
202206,6호선,효창공원앞,3721,3389,7110
202206,7호선,가산디지털단지,10597,9882,20479
202206,7호선,강남구청,6021,6656,12677
202206,7호선,건대입구,8115,8536,16651
202206,7호선,고속터미널,14947,9370,24317
202206,7호선,공릉,6519,6650,13169
202206,7호선,광명사거리,13533,13361,26894
202206,7호선,군자,8399,6576,14975
202206,7호선,남구로,7223,6933,14156
202206,7호선,남성,5811,5798,11609
202206,7호선,내방,5425,5548,10973
202206,7호선,노원,11349,11594,22943
202206,7호선,논현,6105,6197,12302
202206,7호선,대림,8385,7874,16259
202206,7호선,도봉산,5612,7977,13589
202206,7호선,뚝섬유원지,7729,7203,14932
202206,7호선,마들,6325,5929,12254
202206,7호선,먹골,5691,5565,11256
202206,7호선,면목,8443,8215,16658
202206,7호선,반포,3317,3276,6593
202206,7호선,보라매,4060,4071,8131
202206,7호선,사가정,9517,9314,18831
202206,7호선,상도,5596,5597,11193
202206,7호선,상봉,10307,9684,19991
202206,7호선,수락산,8501,8380,16881
202206,7호선,숭실대입구,6057,6559,12616
202206,7호선,신대방삼거리,8282,8149,16431
202206,7호선,신풍,6715,6436,13151
202206,7호선,어린이대공원,8731,8864,17595
202206,7호선,온수,4493,4509,9002
202206,7호선,용마산,3353,3643,6996
202206,7호선,이수,9105,8600,17705
202206,7호선,장승배기,5310,5238,10548
202206,7호선,장암,1516,1055,2571
202206,7호선,중계,6892,6520,13412
202206,7호선,중곡,5579,5360,10939
202206,7호선,중화,5815,5810,11625
202206,7호선,천왕,5345,5129,10474
202206,7호선,철산,11418,11397,22815
202206,7호선,청담,7209,7682,14891
202206,7호선,태릉입구,5434,4888,10322
202206,7호선,하계,9452,8962,18414
202206,7호선,학동,7014,7427,14441
202206,8호선,가락시장,3166,4016,7182
202206,8호선,강동구청,4729,4923,9652
202206,8호선,남위례,2948,3011,5959
202206,8호선,남한산성입구,7375,6876,14251
202206,8호선,단대오거리,6149,5940,12089
202206,8호선,모란,4921,4157,9078
202206,8호선,몽촌토성,3330,3325,6655
202206,8호선,문정,5642,6033,11675
202206,8호선,복정,5530,5063,10593
202206,8호선,산성,3333,3518,6851
202206,8호선,석촌,4269,5369,9638
202206,8호선,송파,4385,4390,8775
202206,8호선,수진,3390,3053,6443
202206,8호선,신흥,2823,3118,5941
202206,8호선,암사,9420,8797,18217
202206,8호선,잠실,10431,11602,22033
202206,8호선,장지,9394,9438,18832
202206,8호선,천호,9164,10411,19575
202206,9호선,가양,11684,11519,23203
202206,9호선,개화,1128,1047,2175
202206,9호선,고속터미널,12461,16927,29388
202206,9호선,공항시장,1817,2026,3843
202206,9호선,구반포,438,411,849
202206,9호선,국회의사당,5379,5065,10444
202206,9호선,김포공항,7771,12087,19858
202206,9호선,노들,2905,2542,5447
202206,9호선,노량진,15143,16047,31190
202206,9호선,당산,9867,9695,19562
202206,9호선,동작,1405,1167,2572
202206,9호선,등촌,5336,5422,10758
202206,9호선,마곡나루,6220,6353,12573
202206,9호선,사평,1733,1683,3416
202206,9호선,샛강,2092,1916,4008
202206,9호선,선유도,3082,2903,5985
202206,9호선,신논현,16210,15353,31563
202206,9호선,신목동,2014,1788,3802
202206,9호선,신반포,2175,2391,4566
202206,9호선,신방화,3706,3668,7374
202206,9호선,양천향교,4377,4572,8949
202206,9호선,여의도,9669,8756,18425
202206,9호선,염창,9411,9296,18707
202206,9호선,증미,3072,3118,6190
202206,9호선,흑석,4097,4354,8451
202206,9호선2~3단계,둔촌오륜,593,647,1240
202206,9호선2~3단계,봉은사,9021,9057,18078
202206,9호선2~3단계,삼성중앙,2134,2161,4295
202206,9호선2~3단계,삼전,3750,3678,7428
202206,9호선2~3단계,석촌,5444,4609,10053
202206,9호선2~3단계,석촌고분,3341,3283,6624
202206,9호선2~3단계,선정릉,3217,3712,6929
202206,9호선2~3단계,송파나루,3072,3312,6384
202206,9호선2~3단계,언주,4296,4404,8700
202206,9호선2~3단계,올림픽공원,5612,5779,11391
202206,9호선2~3단계,종합운동장,2666,2636,5302
202206,9호선2~3단계,중앙보훈병원,4236,4064,8300
202206,9호선2~3단계,한성백제,1652,1406,3058
202206,경강선,경기광주,4496,4451,8947
202206,경강선,곤지암,1742,1915,3657
202206,경강선,부발,1611,2375,3986
202206,경강선,삼동,1228,1193,2421
202206,경강선,세종대왕릉,328,335,663
202206,경강선,신둔도예촌,1032,1031,2063
202206,경강선,여주,2465,2538,5003
202206,경강선,이매,799,585,1384
202206,경강선,이천,2324,2648,4972
202206,경강선,초월,1887,1893,3780
202206,경강선,판교,2748,2503,5251
202206,경부선,가산디지털단지,5117,6460,11577
202206,경부선,관악,5498,5089,10587
202206,경부선,광명,3275,2302,5577
202206,경부선,구로,10838,11210,22048
202206,경부선,군포,3323,3106,6429
202206,경부선,금정,15963,16331,32294
202206,경부선,금천구청,6758,6594,13352
202206,경부선,남영,5045,5307,10352
202206,경부선,노량진,6180,5763,11943
202206,경부선,당정,3256,3312,6568
202206,경부선,대방,5878,6511,12389
202206,경부선,독산,6670,6801,13471
202206,경부선,두정,5117,5842,10959
202206,경부선,명학,3515,3533,7048
202206,경부선,병점,10132,10973,21105
202206,경부선,서동탄,885,912,1797
202206,경부선,서울역,9383,2217,11600
202206,경부선,서정리,5024,7416,12440
202206,경부선,석수,5839,5477,11316
202206,경부선,성균관대,8386,8727,17113
202206,경부선,성환,2823,3226,6049
202206,경부선,세류,2402,2350,4752
202206,경부선,세마,1827,1774,3601
202206,경부선,송탄,3924,4778,8702
202206,경부선,수원,36969,36038,73007
202206,경부선,신길,5143,4579,9722
202206,경부선,신도림,2600,2675,5275
202206,경부선,안양,14691,14492,29183
202206,경부선,영등포,35876,35031,70907
202206,경부선,오산,8651,9134,17785
202206,경부선,오산대,2639,2392,5031
202206,경부선,용산,37663,34185,71848
202206,경부선,의왕,4721,4758,9479
202206,경부선,직산,691,748,1439
202206,경부선,진위,975,978,1953
202206,경부선,천안,7143,6963,14106
202206,경부선,평택,13136,13986,27122
202206,경부선,평택지제,3035,2916,5951
202206,경부선,화서,4707,4598,9305
202206,경원선,가능,4243,4102,8345
202206,경원선,광운대,4241,4369,8610
202206,경원선,녹양,3078,2947,6025
202206,경원선,녹천,2628,2406,5034
202206,경원선,덕계,2004,2012,4016
202206,경원선,덕정,3533,3853,7386
202206,경원선,도봉,3782,3530,7312
202206,경원선,도봉산,8895,6472,15367
202206,경원선,동두천,1539,2029,3568
202206,경원선,동두천중앙,2378,2191,4569
202206,경원선,망월사,4725,4992,9717
202206,경원선,방학,6596,6356,12952
202206,경원선,보산,1676,1694,3370
202206,경원선,서빙고,1873,2023,3896
202206,경원선,석계,5255,5741,10996
202206,경원선,소요산,4484,4117,8601
202206,경원선,신이문,5053,4791,9844
202206,경원선,양주,5454,5399,10853
202206,경원선,옥수,61,24,85
202206,경원선,왕십리,10932,12040,22972
202206,경원선,외대앞,4861,4704,9565
202206,경원선,월계,4019,3721,7740
202206,경원선,응봉,1244,1121,2365
202206,경원선,의정부,15319,15411,30730
202206,경원선,이촌,2704,1993,4697
202206,경원선,지행,4915,5071,9986
202206,경원선,창동,2,0,2
202206,경원선,청량리,15733,14301,30034
202206,경원선,한남,2221,2068,4289
202206,경원선,회룡,8270,8238,16508
202206,경의선,가좌,3305,3161,6466
202206,경의선,강매,1680,1579,3259
202206,경의선,검암,1,0,1
202206,경의선,곡산,420,394,814
202206,경의선,공덕,2055,1661,3716
202206,경의선,금릉,3205,3225,6430
202206,경의선,금촌,4503,5100,9603
202206,경의선,능곡,2403,2417,4820
202206,경의선,디지털미디어시티,1708,1496,3204
202206,경의선,문산,4179,4608,8787
202206,경의선,백마,3614,3521,7135
202206,경의선,서강대,1364,1413,2777
202206,경의선,서울역,1382,1219,2601
202206,경의선,수색,977,1049,2026
202206,경의선,신촌,310,318,628
202206,경의선,야당,5136,5163,10299
202206,경의선,운정,3937,3719,7656
202206,경의선,월롱,1097,2234,3331
202206,경의선,일산,5197,4863,10060
202206,경의선,임진강,89,65,154
202206,경의선,탄현,4421,4156,8577
202206,경의선,파주,735,713,1448
202206,경의선,풍산,3849,3634,7483
202206,경의선,행신,4930,4539,9469
202206,경의선,홍대입구,1848,2032,3880
202206,경의선,화전,1016,1046,2062
202206,경의선,효창공원앞,1431,1542,2973
202206,경인선,간석,3487,3386,6873
202206,경인선,개봉,12651,12555,25206
202206,경인선,구일,6829,7112,13941
202206,경인선,도원,1858,1884,3742
202206,경인선,도화,2614,2416,5030
202206,경인선,동암,10647,10526,21173
202206,경인선,동인천,10134,9790,19924
202206,경인선,백운,4222,4228,8450
202206,경인선,부개,5303,5038,10341
202206,경인선,부천,23522,23513,47035
202206,경인선,부평,23857,23859,47716
202206,경인선,소사,6327,6006,12333
202206,경인선,송내,14451,14337,28788
202206,경인선,역곡,15366,15304,30670
202206,경인선,오류동,7536,6977,14513
202206,경인선,온수,4162,3801,7963
202206,경인선,인천,4659,3732,8391
202206,경인선,제물포,6028,5735,11763
202206,경인선,주안,12938,11844,24782
202206,경인선,중동,5416,5102,10518
202206,경춘선,가평,2951,2171,5122
202206,경춘선,갈매,1584,1393,2977
202206,경춘선,강촌,933,590,1523
202206,경춘선,굴봉산,269,276,545
202206,경춘선,금곡,1008,967,1975
202206,경춘선,김유정,562,578,1140
202206,경춘선,남춘천,2725,2863,5588
202206,경춘선,대성리,1641,752,2393
202206,경춘선,마석,2843,2795,5638
202206,경춘선,백양리,111,100,211
202206,경춘선,별내,1984,1894,3878
202206,경춘선,사릉,1420,1450,2870
202206,경춘선,상천,598,486,1084
202206,경춘선,신내,1145,1075,2220
202206,경춘선,천마산,1234,1138,2372
202206,경춘선,청평,2149,1701,3850
202206,경춘선,춘천,2246,1580,3826
202206,경춘선,퇴계원,2152,2020,4172
202206,경춘선,평내호평,3639,3505,7144
202206,공항철도 1호선,검암,3935,4063,7998
202206,공항철도 1호선,계양,6028,5720,11748
202206,공항철도 1호선,공덕,1427,1912,3339
202206,공항철도 1호선,공항화물청사,1069,1179,2248
202206,공항철도 1호선,김포공항,12113,6093,18206
202206,공항철도 1호선,디지털미디어시티,4058,4063,8121
202206,공항철도 1호선,마곡나루,2627,3057,5684
202206,공항철도 1호선,서울역,9549,8629,18178
202206,공항철도 1호선,영종,2780,2832,5612
202206,공항철도 1호선,운서,5989,6507,12496
202206,공항철도 1호선,인천공항1터미널,6670,6489,13159
202206,공항철도 1호선,인천공항2터미널,2869,2576,5445
202206,공항철도 1호선,청라국제도시,3657,3640,7297
202206,공항철도 1호선,홍대입구,11215,10362,21577
202206,과천선,경마공원,16154,16593,32747
202206,과천선,과천,3943,3841,7784
202206,과천선,대공원,5517,5770,11287
202206,과천선,범계,15877,15422,31299
202206,과천선,선바위,4677,4062,8739
202206,과천선,인덕원,13730,13765,27495
202206,과천선,정부과천청사,4793,4724,9517
202206,과천선,평촌,7078,6968,14046
202206,분당선,가천대,4325,5030,9355
202206,분당선,강남구청,3285,3861,7146
202206,분당선,개포동,2091,2179,4270
202206,분당선,구룡,1043,1188,2231
202206,분당선,구성,2761,2944,5705
202206,분당선,기흥,5564,5286,10850
202206,분당선,대모산입구,2230,2153,4383
202206,분당선,도곡,3022,2990,6012
202206,분당선,망포,6884,7156,14040
202206,분당선,매교,1598,1582,3180
202206,분당선,매탄권선,2769,2671,5440
202206,분당선,모란,19107,19789,38896
202206,분당선,미금,8109,8879,16988
202206,분당선,보정,1312,1217,2529
202206,분당선,상갈,2989,3190,6179
202206,분당선,서울숲,7761,7758,15519
202206,분당선,서현,14928,15065,29993
202206,분당선,선릉,3103,4811,7914
202206,분당선,선정릉,2114,2155,4269
202206,분당선,수내,6688,6362,13050
202206,분당선,수서,9763,9401,19164
202206,분당선,수원,6339,5361,11700
202206,분당선,수원시청,8250,8160,16410
202206,분당선,신갈,2202,2351,4553
202206,분당선,압구정로데오,11305,12948,24253
202206,분당선,야탑,14977,15631,30608
202206,분당선,영통,5254,5238,10492
202206,분당선,오리,5933,5113,11046
202206,분당선,이매,3793,3917,7710
202206,분당선,정자,8156,8508,16664
202206,분당선,죽전,8715,9391,18106
202206,분당선,청명,2258,2428,4686
202206,분당선,태평,9019,8727,17746
202206,분당선,한티,8229,8205,16434
202206,수인선,고색,1973,2081,4054
202206,수인선,남동인더스파크,618,644,1262
202206,수인선,달월,55,57,112
202206,수인선,사리,2938,2505,5443
202206,수인선,소래포구,5699,5412,11111
202206,수인선,송도,1681,1617,3298
202206,수인선,숭의,2269,1976,4245
202206,수인선,신포,1339,1178,2517
202206,수인선,야목,223,200,423
202206,수인선,어천,690,808,1498
202206,수인선,연수,3501,3490,6991
202206,수인선,오목천,1897,1823,3720
202206,수인선,원인재,3027,3137,6164
202206,수인선,월곶,1837,1776,3613
202206,수인선,인천,1124,1791,2915
202206,수인선,인천논현,3082,3275,6357
202206,수인선,인하대,3524,3401,6925
202206,수인선,호구포,2307,2308,4615
202206,신림선,관악산,4120,4327,8447
202206,신림선,당곡,2139,2017,4156
202206,신림선,대방,1236,892,2128
202206,신림선,보라매,1653,1507,3160
202206,신림선,보라매공원,1124,1235,2359
202206,신림선,보라매병원,1971,2054,4025
202206,신림선,샛강,1082,1603,2685
202206,신림선,서울대벤처타운,4455,4356,8811
202206,신림선,서울지방병무청,1321,1475,2796
202206,신림선,서원,1882,1723,3605
202206,신림선,신림,1258,1649,2907
202206,안산선,고잔,5287,5194,10481
202206,안산선,대야미,3344,3132,6476
202206,안산선,반월,2820,2706,5526
202206,안산선,산본,9537,10405,19942
202206,안산선,상록수,10199,10073,20272
202206,안산선,수리산,2306,2223,4529
202206,안산선,신길온천,1360,1279,2639
202206,안산선,안산,11062,10243,21305
202206,안산선,오이도,6437,6424,12861
202206,안산선,정왕,6179,6696,12875
202206,안산선,중앙,12505,12452,24957
202206,안산선,초지,2750,2673,5423
202206,안산선,한대앞,5851,5858,11709
202206,우이신설선,4.19민주묘지,2117,1885,4002
202206,우이신설선,가오리,2569,2342,4911
202206,우이신설선,보문,1059,1009,2068
202206,우이신설선,북한산보국문,4025,3710,7735
202206,우이신설선,북한산우이,3371,3538,6909
202206,우이신설선,삼양,1329,1321,2650
202206,우이신설선,삼양사거리,1575,1584,3159
202206,우이신설선,성신여대입구,2265,2732,4997
202206,우이신설선,솔밭공원,1531,1452,2983
202206,우이신설선,솔샘,3083,2861,5944
202206,우이신설선,신설동,1273,1305,2578
202206,우이신설선,정릉,3138,2532,5670
202206,우이신설선,화계,2290,2131,4421
202206,일산선,대곡,1190,1020,2210
202206,일산선,대화,6430,5779,12209
202206,일산선,마두,3601,3599,7200
202206,일산선,백석,5769,5723,11492
202206,일산선,삼송,11690,11496,23186
202206,일산선,원당,6599,6357,12956
202206,일산선,원흥,6371,6269,12640
202206,일산선,정발산,5661,5640,11301
202206,일산선,주엽,4990,4965,9955
202206,일산선,화정,10025,10204,20229
202206,장항선,배방,1010,1131,2141
202206,장항선,봉명,802,793,1595
202206,장항선,신창,1196,1216,2412
202206,장항선,쌍용,1645,1702,3347
202206,장항선,아산,3936,2771,6707
202206,장항선,온양온천,5396,5316,10712
202206,장항선,탕정,677,726,1403
202206,중앙선,구리,8018,8084,16102
202206,중앙선,국수,693,616,1309
202206,중앙선,덕소,3603,3699,7302
202206,중앙선,도농,5843,5749,11592
202206,중앙선,도심,1348,1155,2503
202206,중앙선,망우,5414,5368,10782
202206,중앙선,상봉,4167,4201,8368
202206,중앙선,신원,254,181,435
202206,중앙선,아신,562,486,1048
202206,중앙선,양수,2159,1955,4114
202206,중앙선,양원,1554,1581,3135
202206,중앙선,양정,534,436,970
202206,중앙선,양평,2799,2571,5370
202206,중앙선,오빈,305,241,546
202206,중앙선,용문,2492,2012,4504
202206,중앙선,운길산,1408,1318,2726
202206,중앙선,원덕,423,325,748
202206,중앙선,중랑,3620,3597,7217
202206,중앙선,지평,71,56,127
202206,중앙선,팔당,1262,1327,2589
202206,중앙선,회기,16600,16333,32933
202206,1호선,동대문,11060,11034,22094
202206,1호선,동묘앞,11808,12420,24228
202206,1호선,서울역,40553,41057,81610
202206,1호선,시청,14863,15254,30117
202206,1호선,신설동,10696,10116,20812
202206,1호선,제기동,16579,16777,33356
202206,1호선,종각,23974,22975,46949
202206,1호선,종로3가,26883,25331,52214
202206,1호선,종로5가,21837,22167,44004
202206,1호선,청량리,19522,20194,39716
202206,2호선,강남,65148,65672,130820
202206,2호선,강변,31925,31875,63800
202206,2호선,건대입구,37590,42081,79671
202206,2호선,교대,19440,21958,41398
202206,2호선,구로디지털단지,37801,36724,74525
202206,2호선,구의,17614,16775,34389
202206,2호선,낙성대,23428,21015,44443
202206,2호선,당산,13565,14763,28328
202206,2호선,대림,19777,20610,40387
202206,2호선,도림천,980,921,1901
202206,2호선,동대문역사문화공원,11200,12718,23918
202206,2호선,뚝섬,15648,16528,32176
202206,2호선,문래,14208,15432,29640
202206,2호선,방배,10899,11054,21953
202206,2호선,봉천,19122,17259,36381
202206,2호선,사당,37604,42423,80027
202206,2호선,삼성,36595,36744,73339
202206,2호선,상왕십리,10617,9895,20512
202206,2호선,서울대입구,40292,38814,79106
202206,2호선,서초,12238,10364,22602
202206,2호선,선릉,26947,23848,50795
202206,2호선,성수,23730,27267,50997
202206,2호선,시청,11223,9894,21117
202206,2호선,신답,1161,1217,2378
202206,2호선,신당,12023,12325,24348
202206,2호선,신대방,21627,20175,41802
202206,2호선,신도림,44632,45438,90070
202206,2호선,신림,52086,49413,101499
202206,2호선,신설동,3698,3522,7220
202206,2호선,신정네거리,8733,8394,17127
202206,2호선,신촌,35214,35382,70596
202206,2호선,아현,8298,7690,15988
202206,2호선,양천구청,5415,5239,10654
202206,2호선,역삼,20767,22887,43654
202206,2호선,영등포구청,13384,14030,27414
202206,2호선,왕십리,14952,13088,28040
202206,2호선,용답,2383,2193,4576
202206,2호선,용두,1831,1750,3581
202206,2호선,을지로3가,13071,13647,26718
202206,2호선,을지로4가,8592,8761,17353
202206,2호선,을지로입구,25105,25009,50114
202206,2호선,이대,11572,11877,23449
202206,2호선,잠실,73761,70750,144511
202206,2호선,잠실나루,8360,7844,16204
202206,2호선,잠실새내,20021,20916,40937
202206,2호선,종합운동장,28474,31469,59943
202206,2호선,충정로,6098,6407,12505
202206,2호선,한양대,4901,4892,9793
202206,2호선,합정,30765,35658,66423
202206,2호선,홍대입구,71399,81749,153148
202206,3호선,가락시장,6760,6506,13266
202206,3호선,경복궁,23407,26206,49613
202206,3호선,경찰병원,4359,4115,8474
202206,3호선,고속터미널,57225,57111,114336
202206,3호선,교대,8145,4911,13056
202206,3호선,구파발,17830,17581,35411
202206,3호선,금호,6414,5588,12002
202206,3호선,남부터미널,22559,22105,44664
202206,3호선,녹번,11438,9548,20986
202206,3호선,대청,6645,6116,12761
202206,3호선,대치,9207,8395,17602
202206,3호선,도곡,3885,3720,7605
202206,3호선,독립문,6632,7182,13814
202206,3호선,동대입구,7474,8549,16023
202206,3호선,매봉,6869,6661,13530
202206,3호선,무악재,3105,3122,6227
202206,3호선,불광,13862,15711,29573
202206,3호선,수서,14932,14767,29699
202206,3호선,신사,24968,26934,51902
202206,3호선,안국,20145,21167,41312
202206,3호선,압구정,26598,28759,55357
202206,3호선,약수,10017,9569,19586
202206,3호선,양재,22360,24142,46502
202206,3호선,연신내,31575,29110,60685
202206,3호선,오금,3906,3691,7597
202206,3호선,옥수,7629,7474,15103
202206,3호선,을지로3가,6102,6724,12826
202206,3호선,일원,5640,5376,11016
202206,3호선,잠원,3634,3369,7003
202206,3호선,종로3가,6739,9872,16611
202206,3호선,지축,4001,3564,7565
202206,3호선,학여울,2604,2713,5317
202206,3호선,홍제,14695,13491,28186
202206,4호선,길음,16181,14797,30978
202206,4호선,남태령,1471,913,2384
202206,4호선,노원,17062,19469,36531
202206,4호선,당고개,7908,7284,15192
202206,4호선,동대문,14968,15252,30220
202206,4호선,동대문역사문화공원,12673,10995,23668
202206,4호선,동작,1507,1743,3250
202206,4호선,명동,18116,20571,38687
202206,4호선,미아,11896,10824,22720
202206,4호선,미아사거리,23767,22320,46087
202206,4호선,사당,25051,22604,47655
202206,4호선,삼각지,4937,6672,11609
202206,4호선,상계,15420,14031,29451
202206,4호선,서울역,7009,17301,24310
202206,4호선,성신여대입구,18246,16990,35236
202206,4호선,수유,29111,28290,57401
202206,4호선,숙대입구,11103,10952,22055
202206,4호선,신용산,13769,15083,28852
202206,4호선,쌍문,23302,20456,43758
202206,4호선,이촌,9710,9958,19668
202206,4호선,창동,21271,22241,43512
202206,4호선,총신대입구,16368,17564,33932
202206,4호선,충무로,15040,16969,32009
202206,4호선,한성대입구,11679,11023,22702
202206,4호선,혜화,31674,33159,64833
202206,4호선,회현,20613,21546,42159
202206,5호선,강동,14301,13397,27698
202206,5호선,강일,3524,3233,6757
202206,5호선,개롱,4505,4702,9207
202206,5호선,개화산,4158,3921,8079
202206,5호선,거여,7521,6996,14517
202206,5호선,고덕,6952,6712,13664
202206,5호선,공덕,8036,8358,16394
202206,5호선,광나루,12332,11511,23843
202206,5호선,광화문,18298,19678,37976
202206,5호선,군자,9572,10580,20152
202206,5호선,굽은다리,8007,7548,15555
202206,5호선,길동,6631,6678,13309
202206,5호선,김포공항,8657,8818,17475
202206,5호선,까치산,23267,21526,44793
202206,5호선,답십리,11523,10323,21846
202206,5호선,동대문역사문화공원,1203,1580,2783
202206,5호선,둔촌동,6518,6693,13211
202206,5호선,마곡,5989,6093,12082
202206,5호선,마장,4247,3908,8155
202206,5호선,마천,5364,5373,10737
202206,5호선,마포,8345,8627,16972
202206,5호선,명일,6803,6677,13480
202206,5호선,목동,12312,12141,24453
202206,5호선,미사,13526,13552,27078
202206,5호선,발산,15005,16428,31433
202206,5호선,방이,5814,5535,11349
202206,5호선,방화,5386,5024,10410
202206,5호선,상일동,10717,9750,20467
202206,5호선,서대문,8754,8382,17136
202206,5호선,송정,5387,5241,10628
202206,5호선,신금호,4515,4453,8968
202206,5호선,신길,2924,2979,5903
202206,5호선,신정,10179,8452,18631
202206,5호선,아차산,13324,12320,25644
202206,5호선,애오개,4129,4103,8232
202206,5호선,양평,4099,3788,7887
202206,5호선,여의나루,12396,14306,26702
202206,5호선,여의도,13065,14087,27152
202206,5호선,영등포구청,2211,2094,4305
202206,5호선,영등포시장,9217,9672,18889
202206,5호선,오금,2313,2088,4401
202206,5호선,오목교,17325,18015,35340
202206,5호선,올림픽공원,4911,5115,10026
202206,5호선,왕십리,3784,4870,8654
202206,5호선,우장산,10894,10546,21440
202206,5호선,을지로4가,3761,4191,7952
202206,5호선,장한평,12232,11800,24032
202206,5호선,종로3가,14698,15240,29938
202206,5호선,천호,18724,17857,36581
202206,5호선,청구,2736,2386,5122
202206,5호선,충정로,2221,2065,4286
202206,5호선,하남검단산,6171,5892,12063
202206,5호선,하남시청,6466,5947,12413
202206,5호선,하남풍산,3172,3181,6353
202206,5호선,행당,6279,5445,11724
202206,5호선,화곡,22213,19999,42212
202206,6호선,고려대,5992,5518,11510
202206,6호선,공덕,11315,10677,21992
202206,6호선,광흥창,5892,5394,11286
202206,6호선,구산,6029,4410,10439
202206,6호선,녹사평,6097,6830,12927
202206,6호선,대흥,6135,6152,12287
202206,6호선,독바위,2267,2471,4738
202206,6호선,돌곶이,6743,5968,12711
202206,6호선,동묘앞,8009,7737,15746
202206,6호선,디지털미디어시티,8378,8475,16853
202206,6호선,마포구청,10337,8785,19122
202206,6호선,망원,13381,14725,28106
202206,6호선,버티고개,1698,1687,3385
202206,6호선,보문,5693,4933,10626
202206,6호선,봉화산,5867,5735,11602
202206,6호선,불광,4267,3767,8034
202206,6호선,삼각지,7882,6166,14048
202206,6호선,상수,9260,12058,21318
202206,6호선,상월곡,4526,3724,8250
202206,6호선,새절,9693,8804,18497
202206,6호선,석계,9595,9501,19096
202206,6호선,신내,1,0,1
202206,6호선,신당,5790,5243,11033
202206,6호선,안암,7044,6660,13704
202206,6호선,약수,2684,2841,5525
202206,6호선,역촌,2914,3342,6256
202206,6호선,연신내,1,0,1
202206,6호선,월곡,8168,7530,15698
202206,6호선,월드컵경기장,8251,8617,16868
202206,6호선,응암,13815,13298,27113
202206,6호선,이태원,16459,20893,37352
202206,6호선,증산,8061,7705,15766
202206,6호선,창신,2341,1848,4189
202206,6호선,청구,2392,2411,4803
202206,6호선,태릉입구,4661,4920,9581
202206,6호선,한강진,8691,11402,20093
202206,6호선,합정,14115,13714,27829
202206,6호선,화랑대,7428,6030,13458
202206,6호선,효창공원앞,5307,4469,9776
202206,7호선,가산디지털단지,15731,14263,29994
202206,7호선,강남구청,10250,11604,21854
202206,7호선,건대입구,12186,12983,25169
202206,7호선,고속터미널,17390,13392,30782
202206,7호선,공릉,9414,9016,18430
202206,7호선,광명사거리,18698,18535,37233
202206,7호선,군자,11819,8773,20592
202206,7호선,남구로,8746,9038,17784
202206,7호선,남성,8643,7747,16390
202206,7호선,내방,8399,8363,16762
202206,7호선,노원,17088,17981,35069
202206,7호선,논현,10644,11699,22343
202206,7호선,대림,7690,8405,16095
202206,7호선,도봉산,7489,9821,17310
202206,7호선,뚝섬유원지,10081,9310,19391
202206,7호선,마들,9943,9148,19091
202206,7호선,먹골,8290,7698,15988
202206,7호선,면목,11831,11079,22910
202206,7호선,반포,4806,4592,9398
202206,7호선,보라매,5904,5667,11571
202206,7호선,사가정,13383,12743,26126
202206,7호선,상도,8593,7741,16334
202206,7호선,상봉,14851,14015,28866
202206,7호선,수락산,11527,11176,22703
202206,7호선,숭실대입구,9013,8532,17545
202206,7호선,신대방삼거리,11967,10889,22856
202206,7호선,신풍,8888,8487,17375
202206,7호선,어린이대공원,10612,10164,20776
202206,7호선,온수,5983,6009,11992
202206,7호선,용마산,4726,4664,9390
202206,7호선,이수,14198,13333,27531
202206,7호선,장승배기,7140,6683,13823
202206,7호선,장암,2005,1291,3296
202206,7호선,중계,10019,8706,18725
202206,7호선,중곡,7637,6962,14599
202206,7호선,중화,8175,7591,15766
202206,7호선,천왕,7767,7140,14907
202206,7호선,철산,16935,17168,34103
202206,7호선,청담,11682,12736,24418
202206,7호선,태릉입구,7287,6606,13893
202206,7호선,하계,13461,12247,25708
202206,7호선,학동,11543,12079,23622
202206,8호선,가락시장,5749,5848,11597
202206,8호선,강동구청,6713,6544,13257
202206,8호선,남위례,3960,4188,8148
202206,8호선,남한산성입구,10245,8882,19127
202206,8호선,단대오거리,8415,7713,16128
202206,8호선,모란,4026,3698,7724
202206,8호선,몽촌토성,4969,5220,10189
202206,8호선,문정,9506,9465,18971
202206,8호선,복정,6899,5838,12737
202206,8호선,산성,4644,4449,9093
202206,8호선,석촌,6159,7680,13839
202206,8호선,송파,6373,6165,12538
202206,8호선,수진,4592,4284,8876
202206,8호선,신흥,3761,4092,7853
202206,8호선,암사,13633,12031,25664
202206,8호선,잠실,14653,17132,31785
202206,8호선,장지,12784,11807,24591
202206,8호선,천호,13075,15430,28505
202206,9호선,가양,15691,14467,30158
202206,9호선,개화,1629,1339,2968
202206,9호선,고속터미널,16143,23059,39202
202206,9호선,공항시장,2519,2585,5104
202206,9호선,구반포,1078,1065,2143
202206,9호선,국회의사당,5264,5343,10607
202206,9호선,김포공항,8831,12898,21729
202206,9호선,노들,4062,3347,7409
202206,9호선,노량진,22790,22193,44983
202206,9호선,당산,14536,13427,27963
202206,9호선,동작,2271,2141,4412
202206,9호선,등촌,7986,7466,15452
202206,9호선,마곡나루,9119,8831,17950
202206,9호선,사평,2654,2421,5075
202206,9호선,샛강,3158,3108,6266
202206,9호선,선유도,4498,4021,8519
202206,9호선,신논현,27886,28171,56057
202206,9호선,신목동,2892,2419,5311
202206,9호선,신반포,3078,3162,6240
202206,9호선,신방화,5169,4845,10014
202206,9호선,양천향교,6486,5966,12452
202206,9호선,여의도,14587,13472,28059
202206,9호선,염창,13602,12180,25782
202206,9호선,증미,4485,4137,8622
202206,9호선,흑석,6775,6526,13301
202206,9호선2~3단계,둔촌오륜,703,683,1386
202206,9호선2~3단계,봉은사,16250,17240,33490
202206,9호선2~3단계,삼성중앙,3523,3607,7130
202206,9호선2~3단계,삼전,5459,4914,10373
202206,9호선2~3단계,석촌,7780,6226,14006
202206,9호선2~3단계,석촌고분,4956,4527,9483
202206,9호선2~3단계,선정릉,5150,5815,10965
202206,9호선2~3단계,송파나루,4584,5206,9790
202206,9호선2~3단계,언주,7125,6987,14112
202206,9호선2~3단계,올림픽공원,11682,11184,22866
202206,9호선2~3단계,종합운동장,4280,4442,8722
202206,9호선2~3단계,중앙보훈병원,5879,5374,11253
202206,9호선2~3단계,한성백제,2352,2281,4633
202206,경강선,경기광주,6410,5759,12169
202206,경강선,곤지암,2180,2264,4444
202206,경강선,부발,2368,1957,4325
202206,경강선,삼동,1631,1492,3123
202206,경강선,세종대왕릉,429,466,895
202206,경강선,신둔도예촌,1377,1372,2749
202206,경강선,여주,2793,3170,5963
202206,경강선,이매,924,741,1665
202206,경강선,이천,3133,3173,6306
202206,경강선,초월,2558,2251,4809
202206,경강선,판교,3451,3417,6868
202206,경부선,가산디지털단지,7071,9345,16416
202206,경부선,관악,6810,6578,13388
202206,경부선,광명,3430,3050,6480
202206,경부선,구로,14651,15690,30341
202206,경부선,군포,4759,4295,9054
202206,경부선,금정,21540,21258,42798
202206,경부선,금천구청,9397,9222,18619
202206,경부선,남영,7188,7145,14333
202206,경부선,노량진,8989,8024,17013
202206,경부선,당정,4718,4360,9078
202206,경부선,대방,7938,8467,16405
202206,경부선,독산,9921,9601,19522
202206,경부선,두정,6271,6234,12505
202206,경부선,명학,5353,4905,10258
202206,경부선,병점,14182,13733,27915
202206,경부선,서동탄,1088,1186,2274
202206,경부선,서울역,10202,2596,12798
202206,경부선,서정리,7915,6497,14412
202206,경부선,석수,7745,6906,14651
202206,경부선,성균관대,12082,11734,23816
202206,경부선,성환,3422,3092,6514
202206,경부선,세류,2886,2933,5819
202206,경부선,세마,2582,2299,4881
202206,경부선,송탄,5368,4702,10070
202206,경부선,수원,42254,46467,88721
202206,경부선,신길,6470,5510,11980
202206,경부선,신도림,3431,3786,7217
202206,경부선,안양,20029,20038,40067
202206,경부선,영등포,47598,50098,97696
202206,경부선,오산,10512,9763,20275
202206,경부선,오산대,3392,2991,6383
202206,경부선,용산,44426,47886,92312
202206,경부선,의왕,6636,6384,13020
202206,경부선,직산,799,766,1565
202206,경부선,진위,1254,1108,2362
202206,경부선,천안,7332,7626,14958
202206,경부선,평택,15162,14697,29859
202206,경부선,평택지제,3816,3488,7304
202206,경부선,화서,6677,6604,13281
202206,경원선,가능,5646,5333,10979
202206,경원선,광운대,6124,5936,12060
202206,경원선,녹양,3954,3723,7677
202206,경원선,녹천,3603,2908,6511
202206,경원선,덕계,2920,2707,5627
202206,경원선,덕정,5188,4539,9727
202206,경원선,도봉,4965,4703,9668
202206,경원선,도봉산,9717,6812,16529
202206,경원선,동두천,2019,2377,4396
202206,경원선,동두천중앙,3020,3041,6061
202206,경원선,망월사,6286,6209,12495
202206,경원선,방학,8143,7908,16051
202206,경원선,보산,1875,1763,3638
202206,경원선,서빙고,1784,1740,3524
202206,경원선,석계,7767,8006,15773
202206,경원선,소요산,5076,4275,9351
202206,경원선,신이문,6849,6154,13003
202206,경원선,양주,7392,6849,14241
202206,경원선,옥수,43,34,77
202206,경원선,왕십리,14981,16899,31880
202206,경원선,외대앞,6836,6310,13146
202206,경원선,월계,5034,4633,9667
202206,경원선,응봉,1553,1345,2898
202206,경원선,의정부,19474,20882,40356
202206,경원선,이촌,3540,2502,6042
202206,경원선,지행,6543,6347,12890
202206,경원선,창동,1,0,1
202206,경원선,청량리,19218,19645,38863
202206,경원선,한남,2890,2859,5749
202206,경원선,회룡,10897,10570,21467
202206,경의선,가좌,4627,4318,8945
202206,경의선,강매,2349,2134,4483
202206,경의선,계양,1,0,1
202206,경의선,곡산,440,466,906
202206,경의선,공덕,3143,2418,5561
202206,경의선,금릉,4334,4103,8437
202206,경의선,금촌,6362,5983,12345
202206,경의선,능곡,3252,3058,6310
202206,경의선,디지털미디어시티,2342,2075,4417
202206,경의선,문산,5729,5290,11019
202206,경의선,백마,5163,4763,9926
202206,경의선,서강대,1998,1912,3910
202206,경의선,서울역,1675,1769,3444
202206,경의선,수색,1735,1603,3338
202206,경의선,신촌,407,459,866
202206,경의선,야당,7343,7335,14678
202206,경의선,운정,5628,5086,10714
202206,경의선,월롱,1970,1695,3665
202206,경의선,일산,7217,6693,13910
202206,경의선,임진강,118,73,191
202206,경의선,탄현,6201,5655,11856
202206,경의선,파주,1030,798,1828
202206,경의선,풍산,4968,4672,9640
202206,경의선,행신,6203,6271,12474
202206,경의선,홍대입구,2224,2949,5173
202206,경의선,화전,1327,1197,2524
202206,경의선,효창공원앞,2080,2186,4266
202206,경인선,간석,4856,4452,9308
202206,경인선,개봉,18499,17714,36213
202206,경인선,구일,13431,18291,31722
202206,경인선,도원,2381,2443,4824
202206,경인선,도화,3586,3187,6773
202206,경인선,동암,14338,14331,28669
202206,경인선,동인천,13111,12963,26074
202206,경인선,백운,5951,5796,11747
202206,경인선,부개,7475,6822,14297
202206,경인선,부천,30954,31865,62819
202206,경인선,부평,30886,34342,65228
202206,경인선,소사,8219,7934,16153
202206,경인선,송내,20879,20317,41196
202206,경인선,역곡,22508,22040,44548
202206,경인선,오류동,10157,8969,19126
202206,경인선,온수,5566,4961,10527
202206,경인선,인천,5446,4591,10037
202206,경인선,제물포,8258,7642,15900
202206,경인선,주안,17549,15336,32885
202206,경인선,중동,7627,6907,14534
202206,경춘선,가평,3214,3983,7197
202206,경춘선,갈매,2214,1941,4155
202206,경춘선,강촌,920,1009,1929
202206,경춘선,굴봉산,229,253,482
202206,경춘선,금곡,1342,1291,2633
202206,경춘선,김유정,546,689,1235
202206,경춘선,남춘천,3455,3728,7183
202206,경춘선,대성리,2834,2480,5314
202206,경춘선,마석,3805,3546,7351
202206,경춘선,백양리,174,191,365
202206,경춘선,별내,2538,2414,4952
202206,경춘선,사릉,1925,1870,3795
202206,경춘선,상천,760,477,1237
202206,경춘선,신내,1487,1386,2873
202206,경춘선,천마산,1600,1496,3096
202206,경춘선,청평,2955,2943,5898
202206,경춘선,춘천,2307,2059,4366
202206,경춘선,퇴계원,2859,2583,5442
202206,경춘선,평내호평,5240,5056,10296
202206,공항철도 1호선,검암,5248,5273,10521
202206,공항철도 1호선,계양,8487,7680,16167
202206,공항철도 1호선,공덕,1805,2851,4656
202206,공항철도 1호선,공항화물청사,1451,1431,2882
202206,공항철도 1호선,김포공항,12341,6279,18620
202206,공항철도 1호선,디지털미디어시티,6555,6018,12573
202206,공항철도 1호선,마곡나루,3732,4059,7791
202206,공항철도 1호선,서울역,10039,9689,19728
202206,공항철도 1호선,영종,3488,3498,6986
202206,공항철도 1호선,운서,7401,7503,14904
202206,공항철도 1호선,인천공항1터미널,7415,7193,14608
202206,공항철도 1호선,인천공항2터미널,3456,3098,6554
202206,공항철도 1호선,청라국제도시,5111,5011,10122
202206,공항철도 1호선,홍대입구,14209,14650,28859
202206,과천선,경마공원,13437,13761,27198
202206,과천선,과천,5494,4963,10457
202206,과천선,대공원,6155,6454,12609
202206,과천선,범계,23290,23258,46548
202206,과천선,선바위,6394,5521,11915
202206,과천선,인덕원,19095,18827,37922
202206,과천선,정부과천청사,7255,6954,14209
202206,과천선,평촌,10912,10636,21548
202206,분당선,가천대,5729,6140,11869
202206,분당선,강남구청,5414,6537,11951
202206,분당선,개포동,3004,2899,5903
202206,분당선,구룡,1502,1307,2809
202206,분당선,구성,3832,3855,7687
202206,분당선,기흥,7464,6926,14390
202206,분당선,대모산입구,3197,2819,6016
202206,분당선,도곡,5454,4910,10364
202206,분당선,망포,10685,9403,20088
202206,분당선,매교,2210,2273,4483
202206,분당선,매탄권선,4137,3790,7927
202206,분당선,모란,17156,17492,34648
202206,분당선,미금,11506,11954,23460
202206,분당선,보정,1817,1716,3533
202206,분당선,복정,4,0,4
202206,분당선,상갈,4258,4231,8489
202206,분당선,서울숲,10315,10871,21186
202206,분당선,서현,20707,20792,41499
202206,분당선,선릉,5698,8130,13828
202206,분당선,선정릉,3464,3373,6837
202206,분당선,수내,9871,8088,17959
202206,분당선,수서,11355,11769,23124
202206,분당선,수원,8401,7126,15527
202206,분당선,수원시청,11805,13720,25525
202206,분당선,신갈,3070,3118,6188
202206,분당선,압구정로데오,19054,23027,42081
202206,분당선,야탑,20665,21220,41885
202206,분당선,영통,7509,7128,14637
202206,분당선,오리,8465,6826,15291
202206,분당선,이매,4526,4352,8878
202206,분당선,정자,11960,12213,24173
202206,분당선,죽전,10976,12252,23228
202206,분당선,청명,3132,3051,6183
202206,분당선,태평,11447,10538,21985
202206,분당선,한티,12023,11693,23716
202206,수인선,고색,2900,2708,5608
202206,수인선,남동인더스파크,952,874,1826
202206,수인선,달월,79,72,151
202206,수인선,사리,3951,3288,7239
202206,수인선,소래포구,6798,6704,13502
202206,수인선,송도,2095,2079,4174
202206,수인선,숭의,3034,2794,5828
202206,수인선,신포,1661,1672,3333
202206,수인선,야목,317,250,567
202206,수인선,어천,895,775,1670
202206,수인선,연수,4377,4406,8783
202206,수인선,오목천,2538,2137,4675
202206,수인선,원인재,4029,4093,8122
202206,수인선,월곶,2365,2322,4687
202206,수인선,인천,1271,2101,3372
202206,수인선,인천논현,4706,4926,9632
202206,수인선,인하대,4660,4244,8904
202206,수인선,호구포,2939,2599,5538
202206,신림선,관악산,4215,4404,8619
202206,신림선,당곡,3010,2582,5592
202206,신림선,대방,1896,1193,3089
202206,신림선,보라매,2024,1783,3807
202206,신림선,보라매공원,1373,1475,2848
202206,신림선,보라매병원,2903,2950,5853
202206,신림선,샛강,1237,1737,2974
202206,신림선,서울대벤처타운,5921,5286,11207
202206,신림선,서울지방병무청,1854,1943,3797
202206,신림선,서원,2404,2063,4467
202206,신림선,신림,1472,1965,3437
202206,안산선,고잔,7398,7415,14813
202206,안산선,대야미,4501,3926,8427
202206,안산선,반월,3941,3671,7612
202206,안산선,산본,14106,15064,29170
202206,안산선,상록수,13615,13341,26956
202206,안산선,수리산,3206,2918,6124
202206,안산선,신길온천,1748,1559,3307
202206,안산선,안산,10238,10552,20790
202206,안산선,오이도,8470,8548,17018
202206,안산선,정왕,7213,7047,14260
202206,안산선,중앙,17460,16638,34098
202206,안산선,초지,3958,3826,7784
202206,안산선,한대앞,7844,7699,15543
202206,우이신설선,4.19민주묘지,2789,2393,5182
202206,우이신설선,가오리,3322,2971,6293
202206,우이신설선,보문,1345,1272,2617
202206,우이신설선,북한산보국문,5373,4624,9997
202206,우이신설선,북한산우이,4693,4651,9344
202206,우이신설선,삼양,1670,1748,3418
202206,우이신설선,삼양사거리,2105,1931,4036
202206,우이신설선,성신여대입구,2971,3546,6517
202206,우이신설선,솔밭공원,2074,1900,3974
202206,우이신설선,솔샘,4236,3724,7960
202206,우이신설선,신설동,1521,1562,3083
202206,우이신설선,정릉,4210,3263,7473
202206,우이신설선,화계,2766,2425,5191
202206,일산선,대곡,1660,1480,3140
202206,일산선,대화,10948,9969,20917
202206,일산선,마두,5671,5615,11286
202206,일산선,백석,8082,8076,16158
202206,일산선,삼송,16119,15255,31374
202206,일산선,원당,9320,8586,17906
202206,일산선,원흥,8521,7662,16183
202206,일산선,정발산,7175,7622,14797
202206,일산선,주엽,7675,7353,15028
202206,일산선,화정,13962,14298,28260
202206,장항선,배방,1199,1158,2357
202206,장항선,봉명,862,736,1598
202206,장항선,신창,1148,1080,2228
202206,장항선,쌍용,1901,1715,3616
202206,장항선,아산,3494,3542,7036
202206,장항선,온양온천,4293,4365,8658
202206,장항선,탕정,823,704,1527
202206,중앙선,구리,11539,11540,23079
202206,중앙선,국수,759,832,1591
202206,중앙선,덕소,5162,5029,10191
202206,중앙선,도농,8340,7755,16095
202206,중앙선,도심,1825,1569,3394
202206,중앙선,망우,7478,7305,14783
202206,중앙선,상봉,5511,5483,10994
202206,중앙선,신원,262,238,500
202206,중앙선,아신,758,783,1541
202206,중앙선,양수,2776,2795,5571
202206,중앙선,양원,2118,2014,4132
202206,중앙선,양정,703,590,1293
202206,중앙선,양평,3311,3564,6875
202206,중앙선,오빈,379,419,798
202206,중앙선,용문,4429,4746,9175
202206,중앙선,운길산,1484,1481,2965
202206,중앙선,원덕,548,623,1171
202206,중앙선,중랑,4983,4674,9657
202206,중앙선,지평,62,85,147
202206,중앙선,팔당,1528,1487,3015
202206,중앙선,회기,23169,21154,44323
202206,1호선,동대문,9206,9689,18895
202206,1호선,동묘앞,10382,10585,20967
202206,1호선,서울역,31733,31238,62971
202206,1호선,시청,9001,8412,17413
202206,1호선,신설동,7652,7554,15206
202206,1호선,제기동,10195,10775,20970
202206,1호선,종각,13815,12288,26103
202206,1호선,종로3가,15919,13603,29522
202206,1호선,종로5가,10432,10231,20663
202206,1호선,청량리,13569,13528,27097
202206,2호선,강남,36780,36048,72828
202206,2호선,강변,25191,23584,48775
202206,2호선,건대입구,26287,27843,54130
202206,2호선,교대,11448,12537,23985
202206,2호선,구로디지털단지,25721,25289,51010
202206,2호선,구의,11867,11731,23598
202206,2호선,낙성대,16747,17170,33917
202206,2호선,당산,8533,9337,17870
202206,2호선,대림,16799,17064,33863
202206,2호선,도림천,446,470,916
202206,2호선,동대문역사문화공원,8131,9475,17606
202206,2호선,뚝섬,9969,10027,19996
202206,2호선,문래,8025,8579,16604
202206,2호선,방배,7053,7360,14413
202206,2호선,봉천,12947,12516,25463
202206,2호선,사당,25176,27280,52456
202206,2호선,삼성,25424,24908,50332
202206,2호선,상왕십리,7183,7021,14204
202206,2호선,서울대입구,27476,28249,55725
202206,2호선,서초,12891,11787,24678
202206,2호선,선릉,14656,12678,27334
202206,2호선,성수,14567,16336,30903
202206,2호선,시청,6547,5288,11835
202206,2호선,신답,856,875,1731
202206,2호선,신당,8168,8510,16678
202206,2호선,신대방,16264,15810,32074
202206,2호선,신도림,29633,29786,59419
202206,2호선,신림,37282,36363,73645
202206,2호선,신설동,2852,2952,5804
202206,2호선,신정네거리,5457,5561,11018
202206,2호선,신촌,23699,23356,47055
202206,2호선,아현,5402,5302,10704
202206,2호선,양천구청,3439,3472,6911
202206,2호선,역삼,11918,13199,25117
202206,2호선,영등포구청,7845,8219,16064
202206,2호선,왕십리,9759,8820,18579
202206,2호선,용답,1767,1740,3507
202206,2호선,용두,1062,1077,2139
202206,2호선,을지로3가,9068,8771,17839
202206,2호선,을지로4가,4067,3968,8035
202206,2호선,을지로입구,17275,16461,33736
202206,2호선,이대,8099,8497,16596
202206,2호선,잠실,52250,48779,101029
202206,2호선,잠실나루,5348,5388,10736
202206,2호선,잠실새내,12675,13347,26022
202206,2호선,종합운동장,23246,24713,47959
202206,2호선,충정로,3705,4017,7722
202206,2호선,한양대,2450,2684,5134
202206,2호선,합정,21618,22876,44494
202206,2호선,홍대입구,51677,51058,102735
202206,3호선,가락시장,3802,3896,7698
202206,3호선,경복궁,15721,17704,33425
202206,3호선,경찰병원,2858,2841,5699
202206,3호선,고속터미널,46038,43530,89568
202206,3호선,교대,4699,2782,7481
202206,3호선,구파발,11792,12126,23918
202206,3호선,금호,4416,4199,8615
202206,3호선,남부터미널,15504,16357,31861
202206,3호선,녹번,7620,6875,14495
202206,3호선,대청,4363,4304,8667
202206,3호선,대치,5359,4944,10303
202206,3호선,도곡,1956,2128,4084
202206,3호선,독립문,4290,4534,8824
202206,3호선,동대입구,5069,5485,10554
202206,3호선,매봉,4537,4589,9126
202206,3호선,무악재,1954,1999,3953
202206,3호선,불광,9651,10772,20423
202206,3호선,수서,11075,11221,22296
202206,3호선,신사,13513,13546,27059
202206,3호선,안국,12188,12456,24644
202206,3호선,압구정,15312,15664,30976
202206,3호선,약수,7065,6777,13842
202206,3호선,양재,14585,16580,31165
202206,3호선,연신내,21443,20491,41934
202206,3호선,오금,2859,2858,5717
202206,3호선,옥수,4977,5175,10152
202206,3호선,을지로3가,3562,3469,7031
202206,3호선,일원,3879,3999,7878
202206,3호선,잠원,2428,2330,4758
202206,3호선,종로3가,4096,5351,9447
202206,3호선,지축,2558,2434,4992
202206,3호선,충무로,1,0,1
202206,3호선,학여울,1962,2076,4038
202206,3호선,홍제,9484,9073,18557
202206,4호선,길음,11024,10701,21725
202206,4호선,남태령,769,657,1426
202206,4호선,노원,12146,13175,25321
202206,4호선,당고개,5692,5358,11050
202206,4호선,동대문,6815,7386,14201
202206,4호선,동대문역사문화공원,9427,8589,18016
202206,4호선,동작,980,1035,2015
202206,4호선,명동,13118,13398,26516
202206,4호선,미아,8297,7835,16132
202206,4호선,미아사거리,16304,15432,31736
202206,4호선,사당,17115,15775,32890
202206,4호선,삼각지,3441,4376,7817
202206,4호선,상계,10213,9612,19825
202206,4호선,서울역,4727,12661,17388
202206,4호선,성신여대입구,12500,11941,24441
202206,4호선,수유,20533,19700,40233
202206,4호선,숙대입구,8207,7846,16053
202206,4호선,신용산,9919,10408,20327
202206,4호선,쌍문,16082,14548,30630
202206,4호선,이촌,6545,6986,13531
202206,4호선,창동,15405,15881,31286
202206,4호선,총신대입구,10738,11758,22496
202206,4호선,충무로,8714,9239,17953
202206,4호선,한성대입구,7999,7742,15741
202206,4호선,혜화,22823,23888,46711
202206,4호선,회현,8831,8755,17586
202206,5호선,강동,9001,9040,18041
202206,5호선,강일,2292,2176,4468
202206,5호선,개롱,3041,3334,6375
202206,5호선,개화산,2839,2844,5683
202206,5호선,거여,4777,4676,9453
202206,5호선,고덕,4135,4121,8256
202206,5호선,공덕,4698,4835,9533
202206,5호선,광나루,8140,7841,15981
202206,5호선,광화문,12060,12435,24495
202206,5호선,군자,6341,7088,13429
202206,5호선,굽은다리,5505,5340,10845
202206,5호선,길동,4306,4254,8560
202206,5호선,김포공항,7400,7488,14888
202206,5호선,까치산,16159,15711,31870
202206,5호선,답십리,7556,6992,14548
202206,5호선,동대문역사문화공원,826,962,1788
202206,5호선,둔촌동,4738,4703,9441
202206,5호선,마곡,3788,3905,7693
202206,5호선,마장,2851,2696,5547
202206,5호선,마천,3694,3887,7581
202206,5호선,마포,5042,5032,10074
202206,5호선,명일,5163,5217,10380
202206,5호선,목동,7961,8067,16028
202206,5호선,미사,8980,9231,18211
202206,5호선,발산,9575,10528,20103
202206,5호선,방이,4280,3934,8214
202206,5호선,방화,3665,3668,7333
202206,5호선,상일동,6690,6555,13245
202206,5호선,서대문,5162,5103,10265
202206,5호선,송정,3778,3796,7574
202206,5호선,신금호,2962,3291,6253
202206,5호선,신길,1995,2131,4126
202206,5호선,신정,6575,5840,12415
202206,5호선,아차산,9184,9186,18370
202206,5호선,애오개,2746,2871,5617
202206,5호선,양평,2739,2716,5455
202206,5호선,여의나루,7327,8645,15972
202206,5호선,여의도,8054,8505,16559
202206,5호선,영등포구청,1411,1281,2692
202206,5호선,영등포시장,5995,6279,12274
202206,5호선,오금,1674,1609,3283
202206,5호선,오목교,10982,11635,22617
202206,5호선,올림픽공원,3264,3530,6794
202206,5호선,왕십리,2506,3026,5532
202206,5호선,우장산,7001,7098,14099
202206,5호선,을지로4가,1676,1860,3536
202206,5호선,장한평,8243,8202,16445
202206,5호선,종로3가,9140,8001,17141
202206,5호선,천호,12556,11757,24313
202206,5호선,청구,1861,1784,3645
202206,5호선,충정로,1474,1575,3049
202206,5호선,하남검단산,4465,4376,8841
202206,5호선,하남시청,4103,4001,8104
202206,5호선,하남풍산,2357,2261,4618
202206,5호선,행당,4102,3699,7801
202206,5호선,화곡,15006,14176,29182
202206,6호선,고려대,4191,3906,8097
202206,6호선,공덕,7085,6542,13627
202206,6호선,광흥창,4243,4146,8389
202206,6호선,구산,4138,3089,7227
202206,6호선,녹사평,3963,3809,7772
202206,6호선,대흥,3983,4157,8140
202206,6호선,독바위,1594,1822,3416
202206,6호선,돌곶이,5599,5386,10985
202206,6호선,동묘앞,5771,5609,11380
202206,6호선,디지털미디어시티,5488,5930,11418
202206,6호선,마포구청,7103,6556,13659
202206,6호선,망원,8787,9430,18217
202206,6호선,버티고개,1087,1165,2252
202206,6호선,보문,4104,3979,8083
202206,6호선,봉화산,3988,3880,7868
202206,6호선,불광,2931,2671,5602
202206,6호선,삼각지,4849,3786,8635
202206,6호선,상수,6543,7451,13994
202206,6호선,상월곡,3352,2921,6273
202206,6호선,새절,6522,6295,12817
202206,6호선,석계,6795,6860,13655
202206,6호선,신당,3587,4303,7890
202206,6호선,안암,4761,5289,10050
202206,6호선,약수,1702,1758,3460
202206,6호선,역촌,2086,2423,4509
202206,6호선,월곡,5291,5332,10623
202206,6호선,월드컵경기장,2964,3058,6022
202206,6호선,응암,9359,9324,18683
202206,6호선,이태원,12644,10241,22885
202206,6호선,증산,5548,5547,11095
202206,6호선,창신,1670,1559,3229
202206,6호선,청구,1635,1570,3205
202206,6호선,태릉입구,3257,3490,6747
202206,6호선,한강진,6820,7916,14736
202206,6호선,합정,9318,8694,18012
202206,6호선,화랑대,5144,4258,9402
202206,6호선,효창공원앞,3496,3185,6681
202206,7호선,가산디지털단지,10845,9961,20806
202206,7호선,강남구청,5579,6190,11769
202206,7호선,건대입구,7680,7918,15598
202206,7호선,고속터미널,14817,9346,24163
202206,7호선,공릉,6209,6345,12554
202206,7호선,광명사거리,13088,12994,26082
202206,7호선,군자,8004,6371,14375
202206,7호선,남구로,7168,6946,14114
202206,7호선,남성,5634,5478,11112
202206,7호선,내방,5266,5508,10774
202206,7호선,노원,11297,11221,22518
202206,7호선,논현,5749,5950,11699
202206,7호선,대림,8464,7883,16347
202206,7호선,도봉산,5094,7058,12152
202206,7호선,뚝섬유원지,6985,6780,13765
202206,7호선,마들,5925,5507,11432
202206,7호선,먹골,5510,5334,10844
202206,7호선,면목,7984,7856,15840
202206,7호선,반포,3000,3131,6131
202206,7호선,보라매,4081,4112,8193
202206,7호선,사가정,8986,8633,17619
202206,7호선,상도,5784,5907,11691
202206,7호선,상봉,9672,8805,18477
202206,7호선,수락산,7853,7704,15557
202206,7호선,숭실대입구,5967,6395,12362
202206,7호선,신대방삼거리,8029,7932,15961
202206,7호선,신풍,6805,6559,13364
202206,7호선,어린이대공원,7336,7114,14450
202206,7호선,온수,4236,4272,8508
202206,7호선,용마산,3108,3245,6353
202206,7호선,이수,8994,8485,17479
202206,7호선,장승배기,4758,4716,9474
202206,7호선,장암,1389,908,2297
202206,7호선,중계,7189,6835,14024
202206,7호선,중곡,5421,5167,10588
202206,7호선,중화,5620,5460,11080
202206,7호선,천왕,5241,5060,10301
202206,7호선,철산,10959,11138,22097
202206,7호선,청담,6518,7201,13719
202206,7호선,태릉입구,5088,4746,9834
202206,7호선,하계,9069,8570,17639
202206,7호선,학동,6808,7251,14059
202206,8호선,가락시장,3048,3880,6928
202206,8호선,강동구청,4439,4707,9146
202206,8호선,남위례,2590,2732,5322
202206,8호선,남한산성입구,6839,6373,13212
202206,8호선,단대오거리,5553,5485,11038
202206,8호선,모란,2656,2268,4924
202206,8호선,몽촌토성,3417,3556,6973
202206,8호선,문정,5649,5977,11626
202206,8호선,복정,5236,4637,9873
202206,8호선,산성,3071,3268,6339
202206,8호선,석촌,4105,5111,9216
202206,8호선,송파,4097,4161,8258
202206,8호선,수진,3164,2834,5998
202206,8호선,신흥,2610,2849,5459
202206,8호선,암사,8991,8394,17385
202206,8호선,잠실,10735,11928,22663
202206,8호선,장지,8921,9233,18154
202206,8호선,천호,8820,10122,18942
202206,9호선,가양,11161,10972,22133
202206,9호선,개화,1109,1026,2135
202206,9호선,고속터미널,12301,17515,29816
202206,9호선,공항시장,1792,1989,3781
202206,9호선,구반포,359,376,735
202206,9호선,국회의사당,5201,4961,10162
202206,9호선,김포공항,7971,12297,20268
202206,9호선,노들,2895,2523,5418
202206,9호선,노량진,15687,16505,32192
202206,9호선,당산,9704,9601,19305
202206,9호선,동작,1423,1175,2598
202206,9호선,등촌,5203,5282,10485
202206,9호선,마곡나루,5753,5902,11655
202206,9호선,사평,1706,1806,3512
202206,9호선,샛강,1965,1868,3833
202206,9호선,선유도,2958,3000,5958
202206,9호선,신논현,17092,15939,33031
202206,9호선,신목동,2009,1739,3748
202206,9호선,신반포,2121,2158,4279
202206,9호선,신방화,3553,3526,7079
202206,9호선,양천향교,4271,4449,8720
202206,9호선,여의도,10042,8776,18818
202206,9호선,염창,9252,9121,18373
202206,9호선,증미,2582,2586,5168
202206,9호선,흑석,4217,4386,8603
202206,9호선2~3단계,둔촌오륜,621,627,1248
202206,9호선2~3단계,봉은사,10363,10785,21148
202206,9호선2~3단계,삼성중앙,2199,2355,4554
202206,9호선2~3단계,삼전,3811,3756,7567
202206,9호선2~3단계,석촌,5269,4545,9814
202206,9호선2~3단계,석촌고분,3343,3247,6590
202206,9호선2~3단계,선정릉,3135,3523,6658
202206,9호선2~3단계,송파나루,3164,3561,6725
202206,9호선2~3단계,언주,3956,4034,7990
202206,9호선2~3단계,올림픽공원,9482,8664,18146
202206,9호선2~3단계,종합운동장,3354,3293,6647
202206,9호선2~3단계,중앙보훈병원,3972,3776,7748
202206,9호선2~3단계,한성백제,1566,1543,3109
202206,경강선,경기광주,4135,4003,8138
202206,경강선,곤지암,1692,1859,3551
202206,경강선,부발,1632,2252,3884
202206,경강선,삼동,1115,1059,2174
202206,경강선,세종대왕릉,345,347,692
202206,경강선,신둔도예촌,996,967,1963
202206,경강선,여주,2311,2328,4639
202206,경강선,이매,741,575,1316
202206,경강선,이천,2219,2461,4680
202206,경강선,초월,1719,1754,3473
202206,경강선,판교,2735,2546,5281
202206,경부선,가산디지털단지,5028,6890,11918
202206,경부선,관악,5278,4848,10126
202206,경부선,광명,3141,2224,5365
202206,경부선,구로,11109,10925,22034
202206,경부선,군포,3232,3040,6272
202206,경부선,금정,16014,16063,32077
202206,경부선,금천구청,6633,6528,13161
202206,경부선,남영,5089,5287,10376
202206,경부선,노량진,6369,5567,11936
202206,경부선,당정,3180,3123,6303
202206,경부선,대방,5564,6147,11711
202206,경부선,독산,6562,6522,13084
202206,경부선,두정,4939,5502,10441
202206,경부선,명학,3358,3340,6698
202206,경부선,병점,10115,10794,20909
202206,경부선,서동탄,754,850,1604
202206,경부선,서울역,9769,2233,12002
202206,경부선,서정리,4806,7114,11920
202206,경부선,석수,5410,4934,10344
202206,경부선,성균관대,8289,8658,16947
202206,경부선,성환,2623,3018,5641
202206,경부선,세류,2261,2283,4544
202206,경부선,세마,1737,1730,3467
202206,경부선,송탄,3702,4646,8348
202206,경부선,수원,35819,34846,70665
202206,경부선,신길,4803,4229,9032
202206,경부선,신도림,2448,2802,5250
202206,경부선,안양,14289,13892,28181
202206,경부선,영등포,37531,36100,73631
202206,경부선,오산,8184,8752,16936
202206,경부선,오산대,2343,2316,4659
202206,경부선,용산,38810,35413,74223
202206,경부선,의왕,4383,4414,8797
202206,경부선,직산,610,675,1285
202206,경부선,진위,924,1005,1929
202206,경부선,천안,6752,6564,13316
202206,경부선,평택,12406,13228,25634
202206,경부선,평택지제,3061,2795,5856
202206,경부선,화서,4579,4503,9082
202206,경원선,가능,4141,3905,8046
202206,경원선,광운대,4013,4106,8119
202206,경원선,녹양,2799,2653,5452
202206,경원선,녹천,2782,2384,5166
202206,경원선,덕계,1943,1839,3782
202206,경원선,덕정,3408,3709,7117
202206,경원선,도봉,3454,3274,6728
202206,경원선,도봉산,7544,5260,12804
202206,경원선,동두천,1325,1697,3022
202206,경원선,동두천중앙,2190,2062,4252
202206,경원선,망월사,4618,4777,9395
202206,경원선,방학,5958,5912,11870
202206,경원선,보산,1368,1459,2827
202206,경원선,서빙고,1789,1787,3576
202206,경원선,석계,5301,5659,10960
202206,경원선,소요산,3997,3578,7575
202206,경원선,신이문,4904,4686,9590
202206,경원선,양주,5086,5072,10158
202206,경원선,옥수,49,26,75
202206,경원선,왕십리,10672,11925,22597
202206,경원선,외대앞,5040,4926,9966
202206,경원선,월계,3566,3265,6831
202206,경원선,응봉,1157,1013,2170
202206,경원선,의정부,14380,14261,28641
202206,경원선,이촌,2639,1988,4627
202206,경원선,지행,4650,4777,9427
202206,경원선,청량리,15211,14156,29367
202206,경원선,한남,2013,1990,4003
202206,경원선,회룡,7624,7426,15050
202206,경의선,가좌,2988,2973,5961
202206,경의선,강매,1549,1465,3014
202206,경의선,곡산,316,329,645
202206,경의선,공덕,1921,1600,3521
202206,경의선,금릉,3011,2886,5897
202206,경의선,금촌,4707,5053,9760
202206,경의선,능곡,2249,2312,4561
202206,경의선,디지털미디어시티,1600,1377,2977
202206,경의선,문산,3863,4278,8141
202206,경의선,백마,3517,3354,6871
202206,경의선,서강대,1399,1416,2815
202206,경의선,서울역,1297,1152,2449
202206,경의선,수색,929,981,1910
202206,경의선,신촌,287,318,605
202206,경의선,야당,4963,4946,9909
202206,경의선,운정,3683,3654,7337
202206,경의선,월롱,1075,2246,3321
202206,경의선,일산,4963,4673,9636
202206,경의선,임진강,53,43,96
202206,경의선,탄현,4259,3980,8239
202206,경의선,파주,684,568,1252
202206,경의선,풍산,3720,3501,7221
202206,경의선,행신,4852,4428,9280
202206,경의선,홍대입구,1580,2034,3614
202206,경의선,화전,920,923,1843
202206,경의선,효창공원앞,1444,1584,3028
202206,경인선,간석,3217,3089,6306
202206,경인선,개봉,12934,12492,25426
202206,경인선,구일,11316,16030,27346
202206,경인선,도원,1797,1736,3533
202206,경인선,도화,2441,2396,4837
202206,경인선,동암,10389,10131,20520
202206,경인선,동인천,9729,9339,19068
202206,경인선,백운,4318,4298,8616
202206,경인선,부개,5105,4741,9846
202206,경인선,부천,22453,22070,44523
202206,경인선,부평,22880,22807,45687
202206,경인선,소사,6317,6186,12503
202206,경인선,송내,13875,13791,27666
202206,경인선,역곡,14799,14682,29481
202206,경인선,오류동,7369,6883,14252
202206,경인선,온수,3847,3605,7452
202206,경인선,인천,3892,3171,7063
202206,경인선,제물포,5617,5376,10993
202206,경인선,주안,12170,10907,23077
202206,경인선,중동,5216,4939,10155
202206,경춘선,가평,2980,2079,5059
202206,경춘선,갈매,1493,1273,2766
202206,경춘선,강촌,996,625,1621
202206,경춘선,굴봉산,213,193,406
202206,경춘선,금곡,976,921,1897
202206,경춘선,김유정,423,412,835
202206,경춘선,남춘천,2789,2659,5448
202206,경춘선,대성리,2189,1519,3708
202206,경춘선,마석,2646,2640,5286
202206,경춘선,백양리,168,127,295
202206,경춘선,별내,1853,1731,3584
202206,경춘선,사릉,1342,1366,2708
202206,경춘선,상천,377,301,678
202206,경춘선,신내,1016,1000,2016
202206,경춘선,천마산,1116,1115,2231
202206,경춘선,청평,2553,1895,4448
202206,경춘선,춘천,1925,1403,3328
202206,경춘선,퇴계원,2044,1859,3903
202206,경춘선,평내호평,3440,3384,6824
202206,공항철도 1호선,검암,3824,3869,7693
202206,공항철도 1호선,계양,5604,5338,10942
202206,공항철도 1호선,공덕,1388,1854,3242
202206,공항철도 1호선,공항화물청사,1088,1138,2226
202206,공항철도 1호선,김포공항,12061,6165,18226
202206,공항철도 1호선,디지털미디어시티,3796,3909,7705
202206,공항철도 1호선,마곡나루,2434,2670,5104
202206,공항철도 1호선,서울역,9676,8400,18076
202206,공항철도 1호선,영종,2754,2744,5498
202206,공항철도 1호선,운서,5779,6352,12131
202206,공항철도 1호선,인천공항1터미널,6936,6621,13557
202206,공항철도 1호선,인천공항2터미널,3297,2608,5905
202206,공항철도 1호선,청라국제도시,3420,3424,6844
202206,공항철도 1호선,홍대입구,10876,9844,20720
202206,과천선,경마공원,16313,16881,33194
202206,과천선,과천,3898,3659,7557
202206,과천선,대공원,4193,4239,8432
202206,과천선,범계,15512,15191,30703
202206,과천선,선바위,4443,3870,8313
202206,과천선,인덕원,13067,13099,26166
202206,과천선,정부과천청사,4667,4627,9294
202206,과천선,평촌,6846,6629,13475
202206,분당선,가천대,3950,4631,8581
202206,분당선,강남구청,3042,3654,6696
202206,분당선,개포동,2209,2270,4479
202206,분당선,구룡,837,949,1786
202206,분당선,구성,2512,2706,5218
202206,분당선,기흥,5233,4938,10171
202206,분당선,대모산입구,2234,2155,4389
202206,분당선,도곡,2860,2847,5707
202206,분당선,망포,6368,6811,13179
202206,분당선,매교,1477,1474,2951
202206,분당선,매탄권선,2682,2643,5325
202206,분당선,모란,11953,12076,24029
202206,분당선,미금,7597,8025,15622
202206,분당선,보정,1229,1097,2326
202206,분당선,복정,2,0,2
202206,분당선,상갈,2977,3045,6022
202206,분당선,서울숲,6141,6290,12431
202206,분당선,서현,14516,14308,28824
202206,분당선,선릉,2967,4623,7590
202206,분당선,선정릉,1932,1929,3861
202206,분당선,수내,6634,6127,12761
202206,분당선,수서,8941,8883,17824
202206,분당선,수원,5869,5018,10887
202206,분당선,수원시청,7863,7541,15404
202206,분당선,신갈,2087,2177,4264
202206,분당선,압구정로데오,10055,11303,21358
202206,분당선,야탑,14598,14845,29443
202206,분당선,영통,4993,5097,10090
202206,분당선,오리,5700,4954,10654
202206,분당선,이매,3490,3472,6962
202206,분당선,정자,8099,8292,16391
202206,분당선,죽전,7722,8753,16475
202206,분당선,청명,2155,2197,4352
202206,분당선,태평,8442,7854,16296
202206,분당선,한티,8269,8135,16404
202206,수인선,고색,1793,1876,3669
202206,수인선,남동인더스파크,648,637,1285
202206,수인선,달월,55,67,122
202206,수인선,사리,2822,2408,5230
202206,수인선,소래포구,5067,4735,9802
202206,수인선,송도,1579,1533,3112
202206,수인선,숭의,2138,1859,3997
202206,수인선,신포,1147,1147,2294
202206,수인선,야목,226,193,419
202206,수인선,어천,648,775,1423
202206,수인선,연수,3543,3547,7090
202206,수인선,오목천,1646,1651,3297
202206,수인선,원인재,2827,3052,5879
202206,수인선,월곶,1867,1814,3681
202206,수인선,인천,1037,1570,2607
202206,수인선,인천논현,3040,3197,6237
202206,수인선,인하대,3125,3067,6192
202206,수인선,호구포,2132,2159,4291
202206,신림선,관악산,3358,3609,6967
202206,신림선,당곡,2157,2011,4168
202206,신림선,대방,1228,894,2122
202206,신림선,보라매,1504,1397,2901
202206,신림선,보라매공원,1093,1142,2235
202206,신림선,보라매병원,1801,1886,3687
202206,신림선,샛강,955,1168,2123
202206,신림선,서울대벤처타운,4415,4306,8721
202206,신림선,서울지방병무청,1313,1494,2807
202206,신림선,서원,1721,1612,3333
202206,신림선,신림,1099,1597,2696
202206,안산선,고잔,5055,4958,10013
202206,안산선,대야미,3072,2914,5986
202206,안산선,반월,2657,2637,5294
202206,안산선,산본,9406,10042,19448
202206,안산선,상록수,9860,9703,19563
202206,안산선,수리산,2261,2170,4431
202206,안산선,신길온천,1287,1265,2552
202206,안산선,안산,10339,9492,19831
202206,안산선,오이도,6020,5851,11871
202206,안산선,정왕,5878,6220,12098
202206,안산선,중앙,12659,11587,24246
202206,안산선,초지,2632,2624,5256
202206,안산선,한대앞,5715,5564,11279
202206,우이신설선,4.19민주묘지,1944,1704,3648
202206,우이신설선,가오리,2357,2239,4596
202206,우이신설선,보문,951,947,1898
202206,우이신설선,북한산보국문,3928,3485,7413
202206,우이신설선,북한산우이,2945,3101,6046
202206,우이신설선,삼양,1130,1168,2298
202206,우이신설선,삼양사거리,1545,1496,3041
202206,우이신설선,성신여대입구,2064,2440,4504
202206,우이신설선,솔밭공원,1432,1376,2808
202206,우이신설선,솔샘,2969,2693,5662
202206,우이신설선,신설동,1133,1161,2294
202206,우이신설선,정릉,2954,2426,5380
202206,우이신설선,화계,2148,1937,4085
202206,일산선,대곡,1138,977,2115
202206,일산선,대화,7229,6846,14075
202206,일산선,마두,3551,3521,7072
202206,일산선,백석,5620,5512,11132
202206,일산선,삼송,11270,11039,22309
202206,일산선,원당,6217,5962,12179
202206,일산선,원흥,5928,5670,11598
202206,일산선,정발산,5555,5471,11026
202206,일산선,주엽,4732,4682,9414
202206,일산선,화정,9640,9931,19571
202206,장항선,배방,863,1017,1880
202206,장항선,봉명,639,631,1270
202206,장항선,신창,985,1195,2180
202206,장항선,쌍용,1375,1338,2713
202206,장항선,아산,3788,2341,6129
202206,장항선,온양온천,3632,3582,7214
202206,장항선,탕정,611,669,1280
202206,중앙선,구리,7491,7938,15429
202206,중앙선,국수,659,560,1219
202206,중앙선,덕소,3452,3465,6917
202206,중앙선,도농,5528,5458,10986
202206,중앙선,도심,1281,1143,2424
202206,중앙선,망우,5139,5061,10200
202206,중앙선,상봉,3795,4122,7917
202206,중앙선,신원,281,335,616
202206,중앙선,아신,608,540,1148
202206,중앙선,양수,2129,1871,4000
202206,중앙선,양원,1432,1477,2909
202206,중앙선,양정,526,414,940
202206,중앙선,양평,2601,2309,4910
202206,중앙선,오빈,292,250,542
202206,중앙선,용문,2262,1838,4100
202206,중앙선,운길산,1046,908,1954
202206,중앙선,원덕,469,354,823
202206,중앙선,중랑,3511,3413,6924
202206,중앙선,지평,73,63,136
202206,중앙선,팔당,1155,1158,2313
202206,중앙선,회기,17126,16951,34077
202207,1호선,동대문,11345,10621,21966
202207,1호선,동묘앞,11336,11823,23159
202207,1호선,서울역,43834,40499,84333
202207,1호선,시청,17973,20576,38549
202207,1호선,신설동,10573,9959,20532
202207,1호선,제기동,16028,16351,32379
202207,1호선,종각,23719,23169,46888
202207,1호선,종로3가,25588,23944,49532
202207,1호선,종로5가,21491,21399,42890
202207,1호선,청량리,19125,19569,38694
202207,2호선,강남,63384,63621,127005
202207,2호선,강변,30949,31076,62025
202207,2호선,건대입구,35471,40737,76208
202207,2호선,교대,18301,20827,39128
202207,2호선,구로디지털단지,36359,35311,71670
202207,2호선,구의,16990,16092,33082
202207,2호선,낙성대,22661,20255,42916
202207,2호선,당산,12820,14036,26856
202207,2호선,대림,18926,19949,38875
202207,2호선,도림천,800,799,1599
202207,2호선,동대문역사문화공원,11333,12950,24283
202207,2호선,뚝섬,15068,15508,30576
202207,2호선,문래,13728,14661,28389
202207,2호선,방배,9961,10373,20334
202207,2호선,봉천,18541,16772,35313
202207,2호선,사당,35517,40195,75712
202207,2호선,삼성,43455,43592,87047
202207,2호선,상왕십리,10373,9722,20095
202207,2호선,서울대입구,38939,37324,76263
202207,2호선,서초,12188,10153,22341
202207,2호선,선릉,26698,23309,50007
202207,2호선,성수,24225,27843,52068
202207,2호선,시청,14119,13204,27323
202207,2호선,신답,1135,1106,2241
202207,2호선,신당,11758,12164,23922
202207,2호선,신대방,20804,19533,40337
202207,2호선,신도림,41885,42715,84600
202207,2호선,신림,50390,48426,98816
202207,2호선,신설동,3713,3513,7226
202207,2호선,신정네거리,8177,8018,16195
202207,2호선,신촌,34079,34731,68810
202207,2호선,아현,8466,7684,16150
202207,2호선,양천구청,4629,4528,9157
202207,2호선,역삼,19057,20987,40044
202207,2호선,영등포구청,13163,13774,26937
202207,2호선,왕십리,14036,12483,26519
202207,2호선,용답,2248,2061,4309
202207,2호선,용두,1758,1727,3485
202207,2호선,을지로3가,14896,13449,28345
202207,2호선,을지로4가,8843,9144,17987
202207,2호선,을지로입구,29786,28174,57960
202207,2호선,이대,11126,11632,22758
202207,2호선,잠실,77460,74635,152095
202207,2호선,잠실나루,8365,8008,16373
202207,2호선,잠실새내,19929,20477,40406
202207,2호선,종합운동장,22002,24476,46478
202207,2호선,충정로,7472,6819,14291
202207,2호선,한양대,4617,4707,9324
202207,2호선,합정,30012,34607,64619
202207,2호선,홍대입구,71992,82146,154138
202207,3호선,가락시장,6548,6081,12629
202207,3호선,경복궁,23243,25024,48267
202207,3호선,경찰병원,4105,3847,7952
202207,3호선,고속터미널,56960,57248,114208
202207,3호선,교대,7584,4613,12197
202207,3호선,구파발,17433,17577,35010
202207,3호선,금호,6230,5573,11803
202207,3호선,남부터미널,23309,22944,46253
202207,3호선,녹번,11379,9817,21196
202207,3호선,대청,6181,5732,11913
202207,3호선,대치,8484,7908,16392
202207,3호선,도곡,3342,3369,6711
202207,3호선,독립문,6633,6536,13169
202207,3호선,동대입구,7035,7843,14878
202207,3호선,매봉,6712,6539,13251
202207,3호선,무악재,3129,3002,6131
202207,3호선,불광,13595,15517,29112
202207,3호선,수서,14490,14363,28853
202207,3호선,신사,25355,27062,52417
202207,3호선,안국,20045,21025,41070
202207,3호선,압구정,26357,28204,54561
202207,3호선,약수,10016,9362,19378
202207,3호선,양재,21293,23501,44794
202207,3호선,연신내,30844,28894,59738
202207,3호선,오금,4033,3661,7694
202207,3호선,옥수,7353,7365,14718
202207,3호선,을지로3가,6698,6776,13474
202207,3호선,일원,5464,5309,10773
202207,3호선,잠원,3569,3440,7009
202207,3호선,종로3가,6834,10154,16988
202207,3호선,지축,3691,3407,7098
202207,3호선,충무로,1,0,1
202207,3호선,학여울,1996,2075,4071
202207,3호선,홍제,14128,13420,27548
202207,4호선,길음,15918,14862,30780
202207,4호선,남태령,1230,709,1939
202207,4호선,노원,16605,18486,35091
202207,4호선,당고개,7735,7133,14868
202207,4호선,동대문,15106,15565,30671
202207,4호선,동대문역사문화공원,13107,10997,24104
202207,4호선,동작,1305,1449,2754
202207,4호선,명동,19884,21307,41191
202207,4호선,미아,11502,10528,22030
202207,4호선,미아사거리,23168,22447,45615
202207,4호선,사당,24187,21161,45348
202207,4호선,삼각지,4582,5717,10299
202207,4호선,상계,14281,13191,27472
202207,4호선,서울역,8315,16847,25162
202207,4호선,성신여대입구,17640,16884,34524
202207,4호선,수유,27853,27881,55734
202207,4호선,숙대입구,12437,11032,23469
202207,4호선,신용산,13762,14692,28454
202207,4호선,쌍문,22405,19895,42300
202207,4호선,이촌,9065,10090,19155
202207,4호선,창동,20896,21754,42650
202207,4호선,총신대입구,15237,16582,31819
202207,4호선,충무로,13969,15500,29469
202207,4호선,한성대입구,11763,11160,22923
202207,4호선,혜화,31754,33991,65745
202207,4호선,회현,25279,23630,48909
202207,5호선,강동,13926,13027,26953
202207,5호선,강일,3269,3004,6273
202207,5호선,개롱,4351,4551,8902
202207,5호선,개화산,4070,3807,7877
202207,5호선,거여,6852,6278,13130
202207,5호선,고덕,6620,6365,12985
202207,5호선,공덕,7811,8127,15938
202207,5호선,광나루,11065,10360,21425
202207,5호선,광화문,17699,18161,35860
202207,5호선,군자,8636,9801,18437
202207,5호선,굽은다리,7871,7480,15351
202207,5호선,길동,6491,6656,13147
202207,5호선,김포공항,8769,8716,17485
202207,5호선,까치산,22020,20266,42286
202207,5호선,답십리,11007,9732,20739
202207,5호선,동대문역사문화공원,1275,1554,2829
202207,5호선,둔촌동,6127,6053,12180
202207,5호선,마곡,5919,5981,11900
202207,5호선,마장,4032,3617,7649
202207,5호선,마천,4999,5011,10010
202207,5호선,마포,8062,8140,16202
202207,5호선,명일,6591,6397,12988
202207,5호선,목동,11759,11794,23553
202207,5호선,미사,13161,13099,26260
202207,5호선,발산,13611,14894,28505
202207,5호선,방이,5408,5254,10662
202207,5호선,방화,4985,4835,9820
202207,5호선,상일동,10087,9261,19348
202207,5호선,서대문,9328,7894,17222
202207,5호선,송정,5447,5230,10677
202207,5호선,신금호,4376,4466,8842
202207,5호선,신길,2922,2923,5845
202207,5호선,신정,9836,8158,17994
202207,5호선,아차산,13355,12976,26331
202207,5호선,애오개,4107,3838,7945
202207,5호선,양평,3851,3501,7352
202207,5호선,여의나루,12774,14627,27401
202207,5호선,여의도,13318,14826,28144
202207,5호선,영등포구청,2006,1974,3980
202207,5호선,영등포시장,8941,9277,18218
202207,5호선,오금,2060,1968,4028
202207,5호선,오목교,17296,17894,35190
202207,5호선,올림픽공원,3618,3289,6907
202207,5호선,왕십리,3570,4536,8106
202207,5호선,우장산,10426,10252,20678
202207,5호선,을지로4가,3633,4035,7668
202207,5호선,장한평,11958,11557,23515
202207,5호선,종로3가,13858,14614,28472
202207,5호선,천호,18508,17585,36093
202207,5호선,청구,2645,2337,4982
202207,5호선,충정로,2567,2025,4592
202207,5호선,하남검단산,5939,5801,11740
202207,5호선,하남시청,5914,5692,11606
202207,5호선,하남풍산,3118,3088,6206
202207,5호선,행당,5790,4915,10705
202207,5호선,화곡,21415,19121,40536
202207,6호선,고려대,5731,5392,11123
202207,6호선,공덕,11282,10549,21831
202207,6호선,광흥창,5741,5288,11029
202207,6호선,구산,5719,4290,10009
202207,6호선,녹사평,6340,6831,13171
202207,6호선,대흥,5917,6087,12004
202207,6호선,독바위,2256,2468,4724
202207,6호선,돌곶이,6491,5781,12272
202207,6호선,동묘앞,8094,7867,15961
202207,6호선,디지털미디어시티,7871,8119,15990
202207,6호선,마포구청,9856,8516,18372
202207,6호선,망원,13218,14464,27682
202207,6호선,버티고개,1644,1600,3244
202207,6호선,보문,5429,4895,10324
202207,6호선,봉화산,5820,5786,11606
202207,6호선,불광,4127,3744,7871
202207,6호선,삼각지,9757,5309,15066
202207,6호선,상수,8776,11238,20014
202207,6호선,상월곡,4259,3663,7922
202207,6호선,새절,9161,8515,17676
202207,6호선,석계,9075,8953,18028
202207,6호선,신당,5183,4896,10079
202207,6호선,안암,7137,6864,14001
202207,6호선,약수,2697,2712,5409
202207,6호선,역촌,2866,3210,6076
202207,6호선,연신내,1,0,1
202207,6호선,월곡,7710,7338,15048
202207,6호선,월드컵경기장,4625,4874,9499
202207,6호선,응암,13262,12972,26234
202207,6호선,이태원,16805,21962,38767
202207,6호선,증산,7795,7494,15289
202207,6호선,창신,2398,2048,4446
202207,6호선,청구,2403,2353,4756
202207,6호선,태릉입구,4490,4649,9139
202207,6호선,한강진,9961,12453,22414
202207,6호선,합정,13379,13218,26597
202207,6호선,화랑대,7098,5791,12889
202207,6호선,효창공원앞,5207,4427,9634
202207,7호선,가산디지털단지,15135,13648,28783
202207,7호선,강남구청,10124,11506,21630
202207,7호선,건대입구,12232,12660,24892
202207,7호선,고속터미널,16449,12533,28982
202207,7호선,공릉,9050,8916,17966
202207,7호선,광명사거리,17508,17500,35008
202207,7호선,군자,11382,8501,19883
202207,7호선,남구로,8578,8980,17558
202207,7호선,남성,8192,7367,15559
202207,7호선,내방,8585,8553,17138
202207,7호선,노원,17304,18085,35389
202207,7호선,논현,10486,11331,21817
202207,7호선,대림,7669,8321,15990
202207,7호선,도봉산,6986,9434,16420
202207,7호선,뚝섬유원지,10111,9149,19260
202207,7호선,마들,9720,8809,18529
202207,7호선,먹골,8178,7571,15749
202207,7호선,면목,11465,10821,22286
202207,7호선,반포,4785,4649,9434
202207,7호선,보라매,5733,5488,11221
202207,7호선,사가정,12743,12220,24963
202207,7호선,상도,8346,7537,15883
202207,7호선,상봉,14554,13734,28288
202207,7호선,수락산,11179,10921,22100
202207,7호선,숭실대입구,8692,8550,17242
202207,7호선,신대방삼거리,11255,10286,21541
202207,7호선,신풍,8780,8272,17052
202207,7호선,어린이대공원,9605,9139,18744
202207,7호선,온수,5857,5716,11573
202207,7호선,용마산,4577,4504,9081
202207,7호선,이수,13643,12812,26455
202207,7호선,장승배기,6801,6335,13136
202207,7호선,장암,1883,1423,3306
202207,7호선,중계,9859,8575,18434
202207,7호선,중곡,7264,6648,13912
202207,7호선,중화,7911,7507,15418
202207,7호선,천왕,7356,6888,14244
202207,7호선,철산,15953,16146,32099
202207,7호선,청담,12010,13228,25238
202207,7호선,태릉입구,6991,6351,13342
202207,7호선,하계,13112,12023,25135
202207,7호선,학동,11044,11474,22518
202207,8호선,가락시장,5586,5788,11374
202207,8호선,강동구청,6383,6354,12737
202207,8호선,남위례,3567,3733,7300
202207,8호선,남한산성입구,9693,8340,18033
202207,8호선,단대오거리,8006,7433,15439
202207,8호선,모란,3919,3505,7424
202207,8호선,몽촌토성,4295,4281,8576
202207,8호선,문정,8982,8890,17872
202207,8호선,복정,6384,5453,11837
202207,8호선,산성,4267,4192,8459
202207,8호선,석촌,6031,7280,13311
202207,8호선,송파,6512,6259,12771
202207,8호선,수진,4438,3867,8305
202207,8호선,신흥,3776,4038,7814
202207,8호선,암사,13218,11890,25108
202207,8호선,잠실,15477,18471,33948
202207,8호선,장지,13326,12356,25682
202207,8호선,천호,12569,15119,27688
202207,9호선,가양,15597,14690,30287
202207,9호선,개화,1446,1205,2651
202207,9호선,고속터미널,15487,22790,38277
202207,9호선,공항시장,2496,2608,5104
202207,9호선,구반포,1414,1528,2942
202207,9호선,국회의사당,5065,5168,10233
202207,9호선,김포공항,9103,12890,21993
202207,9호선,노들,3881,3198,7079
202207,9호선,노량진,21934,21627,43561
202207,9호선,당산,13872,13255,27127
202207,9호선,동작,1786,1522,3308
202207,9호선,등촌,7924,7463,15387
202207,9호선,마곡나루,8609,8564,17173
202207,9호선,사평,2765,2516,5281
202207,9호선,샛강,2969,2968,5937
202207,9호선,선유도,4173,3764,7937
202207,9호선,신논현,28043,28266,56309
202207,9호선,신목동,2797,2212,5009
202207,9호선,신반포,3262,3340,6602
202207,9호선,신방화,5075,4743,9818
202207,9호선,양천향교,6467,6142,12609
202207,9호선,여의도,14749,14020,28769
202207,9호선,염창,13085,11908,24993
202207,9호선,증미,4359,4128,8487
202207,9호선,흑석,6437,6414,12851
202207,9호선2~3단계,둔촌오륜,715,669,1384
202207,9호선2~3단계,봉은사,17460,19941,37401
202207,9호선2~3단계,삼성중앙,3756,3870,7626
202207,9호선2~3단계,삼전,5487,4965,10452
202207,9호선2~3단계,석촌,7373,5996,13369
202207,9호선2~3단계,석촌고분,4636,4378,9014
202207,9호선2~3단계,선정릉,4974,5645,10619
202207,9호선2~3단계,송파나루,4949,5463,10412
202207,9호선2~3단계,언주,7061,6915,13976
202207,9호선2~3단계,올림픽공원,9022,9107,18129
202207,9호선2~3단계,종합운동장,5417,5042,10459
202207,9호선2~3단계,중앙보훈병원,5261,4989,10250
202207,9호선2~3단계,한성백제,2029,1746,3775
202207,경강선,경기광주,6210,5762,11972
202207,경강선,곤지암,2036,2150,4186
202207,경강선,부발,2357,1891,4248
202207,경강선,삼동,1579,1510,3089
202207,경강선,세종대왕릉,393,436,829
202207,경강선,신둔도예촌,1377,1261,2638
202207,경강선,여주,2580,2890,5470
202207,경강선,이매,976,713,1689
202207,경강선,이천,3008,3133,6141
202207,경강선,초월,2593,2280,4873
202207,경강선,판교,3580,3489,7069
202207,경부선,가산디지털단지,6536,8659,15195
202207,경부선,관악,6370,6029,12399
202207,경부선,광명,3191,2836,6027
202207,경부선,구로,13874,14602,28476
202207,경부선,군포,4332,3874,8206
202207,경부선,금정,20364,19960,40324
202207,경부선,금천구청,8694,8620,17314
202207,경부선,남영,8191,7024,15215
202207,경부선,노량진,8592,7598,16190
202207,경부선,당정,4339,4064,8403
202207,경부선,대방,7377,7906,15283
202207,경부선,독산,9565,9137,18702
202207,경부선,두정,5776,5799,11575
202207,경부선,명학,5210,4964,10174
202207,경부선,병점,13417,13298,26715
202207,경부선,서동탄,1167,1230,2397
202207,경부선,서울역,9929,2412,12341
202207,경부선,서정리,7789,6411,14200
202207,경부선,석수,7313,6853,14166
202207,경부선,성균관대,11061,10810,21871
202207,경부선,성환,3133,2836,5969
202207,경부선,세류,2731,2833,5564
202207,경부선,세마,2527,2258,4785
202207,경부선,송탄,5242,4699,9941
202207,경부선,수원,42082,45439,87521
202207,경부선,신길,6416,5330,11746
202207,경부선,신도림,3151,3358,6509
202207,경부선,안양,19209,19151,38360
202207,경부선,영등포,45597,48303,93900
202207,경부선,오산,10179,9388,19567
202207,경부선,오산대,3169,2981,6150
202207,경부선,용산,43253,46306,89559
202207,경부선,의왕,6261,5981,12242
202207,경부선,직산,698,715,1413
202207,경부선,진위,1210,1027,2237
202207,경부선,천안,7084,7093,14177
202207,경부선,평택,15224,14282,29506
202207,경부선,평택지제,3656,3382,7038
202207,경부선,화서,6264,6290,12554
202207,경원선,가능,5518,5045,10563
202207,경원선,광운대,5673,5723,11396
202207,경원선,녹양,3868,3677,7545
202207,경원선,녹천,3588,2928,6516
202207,경원선,덕계,2769,2548,5317
202207,경원선,덕정,4945,4430,9375
202207,경원선,도봉,4860,4515,9375
202207,경원선,도봉산,9466,6511,15977
202207,경원선,동두천,1879,2364,4243
202207,경원선,동두천중앙,2941,2926,5867
202207,경원선,망월사,6037,6124,12161
202207,경원선,방학,8031,7786,15817
202207,경원선,보산,2050,1995,4045
202207,경원선,서빙고,2077,1950,4027
202207,경원선,석계,6972,7266,14238
202207,경원선,소요산,4992,4293,9285
202207,경원선,신이문,6478,5872,12350
202207,경원선,양주,7040,6632,13672
202207,경원선,옥수,43,20,63
202207,경원선,왕십리,14223,16166,30389
202207,경원선,외대앞,6576,6215,12791
202207,경원선,월계,4880,4382,9262
202207,경원선,응봉,1552,1243,2795
202207,경원선,의정부,19271,21216,40487
202207,경원선,이촌,3602,2531,6133
202207,경원선,지행,6536,6092,12628
202207,경원선,청량리,18421,19395,37816
202207,경원선,한남,3102,2987,6089
202207,경원선,회룡,10631,10446,21077
202207,경의선,가좌,4602,4545,9147
202207,경의선,강매,2154,2005,4159
202207,경의선,곡산,424,455,879
202207,경의선,공덕,3358,2445,5803
202207,경의선,금릉,4173,3925,8098
202207,경의선,금촌,6002,5628,11630
202207,경의선,능곡,3035,2966,6001
202207,경의선,디지털미디어시티,2162,1852,4014
202207,경의선,문산,5610,5040,10650
202207,경의선,백마,5047,4825,9872
202207,경의선,서강대,1833,1802,3635
202207,경의선,서울역,1814,1793,3607
202207,경의선,수색,1684,1667,3351
202207,경의선,신촌,441,477,918
202207,경의선,야당,7179,7204,14383
202207,경의선,운정,5269,4882,10151
202207,경의선,월롱,2001,1568,3569
202207,경의선,일산,6735,6365,13100
202207,경의선,임진강,102,79,181
202207,경의선,탄현,5914,5587,11501
202207,경의선,파주,906,682,1588
202207,경의선,풍산,4814,4630,9444
202207,경의선,행신,6104,6085,12189
202207,경의선,홍대입구,2159,2796,4955
202207,경의선,화전,1158,1110,2268
202207,경의선,효창공원앞,2037,2062,4099
202207,경인선,간석,4643,4461,9104
202207,경인선,개봉,17148,16665,33813
202207,경인선,구일,7784,7519,15303
202207,경인선,도원,2162,2216,4378
202207,경인선,도화,3484,3212,6696
202207,경인선,동암,13725,13806,27531
202207,경인선,동인천,12558,12499,25057
202207,경인선,백운,5925,5802,11727
202207,경인선,부개,7005,6415,13420
202207,경인선,부천,30481,31342,61823
202207,경인선,부평,30569,34202,64771
202207,경인선,소사,8210,7838,16048
202207,경인선,송내,19963,19251,39214
202207,경인선,역곡,21437,20819,42256
202207,경인선,오류동,9443,8416,17859
202207,경인선,온수,5089,4639,9728
202207,경인선,인천,4946,4113,9059
202207,경인선,제물포,7980,7450,15430
202207,경인선,주안,16725,14584,31309
202207,경인선,중동,7174,6670,13844
202207,경춘선,가평,3033,3794,6827
202207,경춘선,갈매,2145,1723,3868
202207,경춘선,강촌,866,932,1798
202207,경춘선,굴봉산,244,244,488
202207,경춘선,금곡,1213,1131,2344
202207,경춘선,김유정,539,630,1169
202207,경춘선,남춘천,3788,4176,7964
202207,경춘선,대성리,2493,1882,4375
202207,경춘선,마석,3525,3503,7028
202207,경춘선,백양리,159,180,339
202207,경춘선,별내,2497,2330,4827
202207,경춘선,사릉,1729,1728,3457
202207,경춘선,상천,520,488,1008
202207,경춘선,신내,1456,1417,2873
202207,경춘선,천마산,1541,1394,2935
202207,경춘선,청평,2568,2773,5341
202207,경춘선,춘천,2067,1965,4032
202207,경춘선,퇴계원,3022,2874,5896
202207,경춘선,평내호평,5100,4912,10012
202207,공항철도 1호선,검암,4982,5006,9988
202207,공항철도 1호선,계양,8134,7347,15481
202207,공항철도 1호선,공덕,1829,3006,4835
202207,공항철도 1호선,공항화물청사,1376,1372,2748
202207,공항철도 1호선,김포공항,12039,6106,18145
202207,공항철도 1호선,디지털미디어시티,6153,5869,12022
202207,공항철도 1호선,마곡나루,3316,3697,7013
202207,공항철도 1호선,서울역,9750,9436,19186
202207,공항철도 1호선,영종,3444,3541,6985
202207,공항철도 1호선,운서,7393,7540,14933
202207,공항철도 1호선,인천공항1터미널,8149,7751,15900
202207,공항철도 1호선,인천공항2터미널,3723,3215,6938
202207,공항철도 1호선,청라국제도시,5127,4864,9991
202207,공항철도 1호선,홍대입구,13893,14707,28600
202207,과천선,경마공원,14118,14388,28506
202207,과천선,과천,5478,4958,10436
202207,과천선,대공원,5389,5665,11054
202207,과천선,범계,22537,22236,44773
202207,과천선,선바위,5875,5131,11006
202207,과천선,인덕원,18076,17750,35826
202207,과천선,정부과천청사,7153,6860,14013
202207,과천선,평촌,10149,9893,20042
202207,분당선,가천대,5450,5838,11288
202207,분당선,강남구청,5323,6331,11654
202207,분당선,개포동,2962,2840,5802
202207,분당선,구룡,1791,1603,3394
202207,분당선,구성,3740,3723,7463
202207,분당선,기흥,7492,7090,14582
202207,분당선,대모산입구,3527,3152,6679
202207,분당선,도곡,5098,4539,9637
202207,분당선,망포,10235,9352,19587
202207,분당선,매교,2129,2118,4247
202207,분당선,매탄권선,4026,3589,7615
202207,분당선,모란,16501,17061,33562
202207,분당선,미금,11389,11809,23198
202207,분당선,보정,1966,1753,3719
202207,분당선,복정,1,0,1
202207,분당선,상갈,4188,4103,8291
202207,분당선,서울숲,9927,10115,20042
202207,분당선,서현,20770,21115,41885
202207,분당선,선릉,5599,8685,14284
202207,분당선,선정릉,3383,3453,6836
202207,분당선,수내,9324,8895,18219
202207,분당선,수서,11065,11366,22431
202207,분당선,수원,8162,6689,14851
202207,분당선,수원시청,11807,13665,25472
202207,분당선,신갈,2959,3018,5977
202207,분당선,압구정로데오,18877,22653,41530
202207,분당선,야탑,19138,20390,39528
202207,분당선,영통,7238,7300,14538
202207,분당선,오리,8377,6785,15162
202207,분당선,이매,4241,4180,8421
202207,분당선,정자,11708,12029,23737
202207,분당선,죽전,10646,11931,22577
202207,분당선,청명,3027,3000,6027
202207,분당선,태평,11251,10286,21537
202207,분당선,한티,11546,11416,22962
202207,수인선,고색,2734,2707,5441
202207,수인선,남동인더스파크,980,912,1892
202207,수인선,달월,72,68,140
202207,수인선,사리,3907,3171,7078
202207,수인선,소래포구,5588,5467,11055
202207,수인선,송도,2037,1984,4021
202207,수인선,숭의,2918,2666,5584
202207,수인선,신포,1488,1548,3036
202207,수인선,야목,295,239,534
202207,수인선,어천,825,720,1545
202207,수인선,연수,4308,4416,8724
202207,수인선,오목천,2399,1970,4369
202207,수인선,원인재,3884,4005,7889
202207,수인선,월곶,2425,2336,4761
202207,수인선,인천,1149,2124,3273
202207,수인선,인천논현,4643,4815,9458
202207,수인선,인하대,4460,4170,8630
202207,수인선,호구포,2776,2645,5421
202207,신림선,관악산,4560,4645,9205
202207,신림선,당곡,3097,2677,5774
202207,신림선,대방,1686,1137,2823
202207,신림선,보라매,2261,1952,4213
202207,신림선,보라매공원,1361,1443,2804
202207,신림선,보라매병원,2868,2915,5783
202207,신림선,샛강,1115,1503,2618
202207,신림선,서울대벤처타운,5908,5274,11182
202207,신림선,서울지방병무청,1643,1815,3458
202207,신림선,서원,2350,2043,4393
202207,신림선,신림,1502,2017,3519
202207,안산선,고잔,7147,6993,14140
202207,안산선,대야미,4203,3710,7913
202207,안산선,반월,3734,3536,7270
202207,안산선,산본,13667,14621,28288
202207,안산선,상록수,13188,13069,26257
202207,안산선,수리산,3132,2672,5804
202207,안산선,신길온천,1576,1459,3035
202207,안산선,안산,10102,10336,20438
202207,안산선,오이도,8565,8579,17144
202207,안산선,정왕,7232,7267,14499
202207,안산선,중앙,16894,17784,34678
202207,안산선,초지,3812,3703,7515
202207,안산선,한대앞,7502,7343,14845
202207,우이신설선,4.19민주묘지,2474,2191,4665
202207,우이신설선,가오리,3350,3079,6429
202207,우이신설선,보문,1299,1174,2473
202207,우이신설선,북한산보국문,5019,4354,9373
202207,우이신설선,북한산우이,3898,4327,8225
202207,우이신설선,삼양,1618,1650,3268
202207,우이신설선,삼양사거리,2026,1928,3954
202207,우이신설선,성신여대입구,2971,3444,6415
202207,우이신설선,솔밭공원,1965,1846,3811
202207,우이신설선,솔샘,4182,3740,7922
202207,우이신설선,신설동,1536,1458,2994
202207,우이신설선,정릉,3856,3159,7015
202207,우이신설선,화계,2649,2496,5145
202207,일산선,대곡,1630,1362,2992
202207,일산선,대화,9967,9035,19002
202207,일산선,마두,5430,5385,10815
202207,일산선,백석,8059,7991,16050
202207,일산선,삼송,16057,15384,31441
202207,일산선,원당,8773,8177,16950
202207,일산선,원흥,8075,7503,15578
202207,일산선,정발산,7505,8190,15695
202207,일산선,주엽,7545,7432,14977
202207,일산선,화정,13670,14118,27788
202207,장항선,배방,1245,1164,2409
202207,장항선,봉명,774,728,1502
202207,장항선,신창,1141,1090,2231
202207,장항선,쌍용,1781,1571,3352
202207,장항선,아산,3315,3261,6576
202207,장항선,온양온천,3933,3944,7877
202207,장항선,탕정,740,703,1443
202207,중앙선,구리,10993,11296,22289
202207,중앙선,국수,764,760,1524
202207,중앙선,덕소,4767,4825,9592
202207,중앙선,도농,8004,7462,15466
202207,중앙선,도심,1710,1464,3174
202207,중앙선,망우,7210,7003,14213
202207,중앙선,상봉,5191,5153,10344
202207,중앙선,신원,230,248,478
202207,중앙선,아신,673,722,1395
202207,중앙선,양수,2646,2684,5330
202207,중앙선,양원,2089,1899,3988
202207,중앙선,양정,612,514,1126
202207,중앙선,양평,2977,3311,6288
202207,중앙선,오빈,329,328,657
202207,중앙선,용문,2384,2840,5224
202207,중앙선,운길산,1201,1215,2416
202207,중앙선,원덕,450,476,926
202207,중앙선,중랑,4709,4507,9216
202207,중앙선,지평,89,84,173
202207,중앙선,팔당,1550,1504,3054
202207,중앙선,회기,21667,20502,42169
202207,1호선,동대문,9549,9901,19450
202207,1호선,동묘앞,11108,11032,22140
202207,1호선,서울역,30495,29306,59801
202207,1호선,시청,8667,7876,16543
202207,1호선,신설동,7876,7744,15620
202207,1호선,제기동,10278,10774,21052
202207,1호선,종각,13478,11863,25341
202207,1호선,종로3가,15100,13302,28402
202207,1호선,종로5가,9935,9738,19673
202207,1호선,청량리,13164,13518,26682
202207,2호선,강남,36350,34618,70968
202207,2호선,강변,24902,23043,47945
202207,2호선,건대입구,26352,28436,54788
202207,2호선,교대,11212,12453,23665
202207,2호선,구로디지털단지,25187,24785,49972
202207,2호선,구의,11486,11457,22943
202207,2호선,낙성대,16117,16684,32801
202207,2호선,당산,8442,9202,17644
202207,2호선,대림,15768,16129,31897
202207,2호선,도림천,478,464,942
202207,2호선,동대문역사문화공원,8077,9810,17887
202207,2호선,뚝섬,10244,10445,20689
202207,2호선,문래,8354,8712,17066
202207,2호선,방배,7129,7671,14800
202207,2호선,봉천,13028,12636,25664
202207,2호선,사당,23937,26139,50076
202207,2호선,삼성,25839,25033,50872
202207,2호선,상왕십리,7342,7160,14502
202207,2호선,서울대입구,26903,28213,55116
202207,2호선,서초,13942,12601,26543
202207,2호선,선릉,13605,11899,25504
202207,2호선,성수,15568,17496,33064
202207,2호선,시청,6541,5309,11850
202207,2호선,신답,819,928,1747
202207,2호선,신당,8271,8649,16920
202207,2호선,신대방,15590,15443,31033
202207,2호선,신도림,29729,30164,59893
202207,2호선,신림,37194,36316,73510
202207,2호선,신설동,3101,3142,6243
202207,2호선,신정네거리,5669,5605,11274
202207,2호선,신촌,24995,24173,49168
202207,2호선,아현,5628,5528,11156
202207,2호선,양천구청,3401,3527,6928
202207,2호선,역삼,11394,12386,23780
202207,2호선,영등포구청,8135,8399,16534
202207,2호선,왕십리,9877,8946,18823
202207,2호선,용답,1713,1640,3353
202207,2호선,용두,1173,1160,2333
202207,2호선,을지로3가,9626,9272,18898
202207,2호선,을지로4가,3979,3743,7722
202207,2호선,을지로입구,17595,16838,34433
202207,2호선,이대,7733,8326,16059
202207,2호선,잠실,55185,52108,107293
202207,2호선,잠실나루,5829,5746,11575
202207,2호선,잠실새내,12952,13337,26289
202207,2호선,종합운동장,21023,23317,44340
202207,2호선,충정로,3473,3752,7225
202207,2호선,한양대,2574,2894,5468
202207,2호선,합정,20624,21870,42494
202207,2호선,홍대입구,53743,53432,107175
202207,3호선,가락시장,3973,4150,8123
202207,3호선,경복궁,15107,16676,31783
202207,3호선,경찰병원,2832,2924,5756
202207,3호선,고속터미널,46380,43634,90014
202207,3호선,교대,4706,2862,7568
202207,3호선,구파발,12753,13288,26041
202207,3호선,금호,4325,4184,8509
202207,3호선,남부터미널,15931,16316,32247
202207,3호선,녹번,7657,6810,14467
202207,3호선,대청,4215,4168,8383
202207,3호선,대치,5419,4983,10402
202207,3호선,도곡,1929,2014,3943
202207,3호선,독립문,4423,4587,9010
202207,3호선,동대입구,7525,8115,15640
202207,3호선,매봉,4439,4497,8936
202207,3호선,무악재,1923,2037,3960
202207,3호선,불광,10018,11592,21610
202207,3호선,수서,11027,10687,21714
202207,3호선,신사,13717,14053,27770
202207,3호선,안국,12360,12063,24423
202207,3호선,압구정,15016,15293,30309
202207,3호선,약수,7031,6814,13845
202207,3호선,양재,13463,15444,28907
202207,3호선,연신내,21977,20703,42680
202207,3호선,오금,2813,2821,5634
202207,3호선,옥수,4994,5279,10273
202207,3호선,을지로3가,3965,3590,7555
202207,3호선,일원,3849,4065,7914
202207,3호선,잠원,2474,2431,4905
202207,3호선,종로3가,4248,5440,9688
202207,3호선,지축,2613,2396,5009
202207,3호선,학여울,1380,1465,2845
202207,3호선,홍제,9676,9166,18842
202207,4호선,길음,11050,10711,21761
202207,4호선,남태령,840,613,1453
202207,4호선,노원,12148,12922,25070
202207,4호선,당고개,6032,5766,11798
202207,4호선,동대문,7220,7909,15129
202207,4호선,동대문역사문화공원,9742,8702,18444
202207,4호선,동작,927,1022,1949
202207,4호선,명동,13379,13488,26867
202207,4호선,미아,8341,7849,16190
202207,4호선,미아사거리,16871,16105,32976
202207,4호선,사당,16588,15489,32077
202207,4호선,삼각지,3114,4029,7143
202207,4호선,상계,10470,9627,20097
202207,4호선,서울역,4727,12129,16856
202207,4호선,성신여대입구,12987,12465,25452
202207,4호선,수유,20753,19955,40708
202207,4호선,숙대입구,8195,7996,16191
202207,4호선,신용산,9870,10106,19976
202207,4호선,쌍문,16181,14709,30890
202207,4호선,이촌,6318,6718,13036
202207,4호선,창동,15336,16092,31428
202207,4호선,총신대입구,10373,11464,21837
202207,4호선,충무로,8105,8681,16786
202207,4호선,한성대입구,7951,7852,15803
202207,4호선,혜화,24481,25559,50040
202207,4호선,회현,9295,9185,18480
202207,5호선,강동,9237,9003,18240
202207,5호선,강일,2311,2266,4577
202207,5호선,개롱,3080,3370,6450
202207,5호선,개화산,2716,2858,5574
202207,5호선,거여,4644,4646,9290
202207,5호선,고덕,4258,4392,8650
202207,5호선,공덕,4792,4917,9709
202207,5호선,광나루,8080,7452,15532
202207,5호선,광화문,11839,12425,24264
202207,5호선,군자,6230,7005,13235
202207,5호선,굽은다리,5793,5634,11427
202207,5호선,길동,4271,4326,8597
202207,5호선,김포공항,8062,7798,15860
202207,5호선,까치산,15968,15659,31627
202207,5호선,답십리,7723,7230,14953
202207,5호선,동대문역사문화공원,950,969,1919
202207,5호선,둔촌동,4707,4642,9349
202207,5호선,마곡,3688,3899,7587
202207,5호선,마장,3159,2880,6039
202207,5호선,마천,3680,3951,7631
202207,5호선,마포,4892,4986,9878
202207,5호선,명일,5089,5089,10178
202207,5호선,목동,7774,7933,15707
202207,5호선,미사,8816,9391,18207
202207,5호선,발산,9312,9951,19263
202207,5호선,방이,4154,3961,8115
202207,5호선,방화,3869,3807,7676
202207,5호선,상일동,6794,6563,13357
202207,5호선,서대문,5049,4875,9924
202207,5호선,송정,3789,3739,7528
202207,5호선,신금호,2958,3263,6221
202207,5호선,신길,2029,2170,4199
202207,5호선,신정,6636,5943,12579
202207,5호선,아차산,9278,9155,18433
202207,5호선,애오개,2759,2811,5570
202207,5호선,양평,2693,2828,5521
202207,5호선,여의나루,9620,10624,20244
202207,5호선,여의도,8847,9461,18308
202207,5호선,영등포구청,1305,1331,2636
202207,5호선,영등포시장,5837,6172,12009
202207,5호선,오금,1584,1490,3074
202207,5호선,오목교,11541,12025,23566
202207,5호선,올림픽공원,2821,2481,5302
202207,5호선,왕십리,2775,3332,6107
202207,5호선,우장산,7092,7142,14234
202207,5호선,을지로4가,1715,1781,3496
202207,5호선,장한평,8195,8290,16485
202207,5호선,종로3가,8861,7962,16823
202207,5호선,천호,13274,12524,25798
202207,5호선,청구,1856,1720,3576
202207,5호선,충정로,1465,1492,2957
202207,5호선,하남검단산,4824,4745,9569
202207,5호선,하남시청,4249,4061,8310
202207,5호선,하남풍산,2257,2326,4583
202207,5호선,행당,4059,3721,7780
202207,5호선,화곡,14645,13943,28588
202207,6호선,고려대,4155,4144,8299
202207,6호선,공덕,7269,6845,14114
202207,6호선,광흥창,4370,4200,8570
202207,6호선,구산,4014,3069,7083
202207,6호선,녹사평,4140,3993,8133
202207,6호선,대흥,4093,4321,8414
202207,6호선,독바위,1731,1987,3718
202207,6호선,돌곶이,5705,5310,11015
202207,6호선,동묘앞,5813,5871,11684
202207,6호선,디지털미디어시티,5609,5860,11469
202207,6호선,마포구청,7177,6596,13773
202207,6호선,망원,9393,10196,19589
202207,6호선,버티고개,1114,1150,2264
202207,6호선,보문,4197,3914,8111
202207,6호선,봉화산,4152,4136,8288
202207,6호선,불광,3215,2958,6173
202207,6호선,삼각지,4219,3229,7448
202207,6호선,상수,6618,7638,14256
202207,6호선,상월곡,3375,3048,6423
202207,6호선,새절,6708,6447,13155
202207,6호선,석계,6685,6755,13440
202207,6호선,신내,1,0,1
202207,6호선,신당,3659,4448,8107
202207,6호선,안암,5114,5422,10536
202207,6호선,약수,1783,1796,3579
202207,6호선,역촌,2130,2385,4515
202207,6호선,월곡,5443,5544,10987
202207,6호선,월드컵경기장,3896,4044,7940
202207,6호선,응암,9523,9761,19284
202207,6호선,이태원,13327,11032,24359
202207,6호선,증산,5805,5847,11652
202207,6호선,창신,1689,1614,3303
202207,6호선,청구,1628,1621,3249
202207,6호선,태릉입구,3195,3426,6621
202207,6호선,한강진,6652,7601,14253
202207,6호선,합정,9739,8872,18611
202207,6호선,화랑대,5081,4542,9623
202207,6호선,효창공원앞,3466,3036,6502
202207,7호선,가산디지털단지,10721,10105,20826
202207,7호선,강남구청,5625,6222,11847
202207,7호선,건대입구,8746,8724,17470
202207,7호선,고속터미널,14208,8359,22567
202207,7호선,공릉,6325,6620,12945
202207,7호선,광명사거리,12990,12945,25935
202207,7호선,군자,8455,6489,14944
202207,7호선,남구로,7081,6921,14002
202207,7호선,남성,5743,5661,11404
202207,7호선,내방,5448,5613,11061
202207,7호선,노원,11770,11922,23692
202207,7호선,논현,5717,5940,11657
202207,7호선,대림,8416,7899,16315
202207,7호선,도봉산,5423,7779,13202
202207,7호선,뚝섬유원지,7539,7000,14539
202207,7호선,마들,6228,5917,12145
202207,7호선,먹골,5589,5483,11072
202207,7호선,면목,8051,7783,15834
202207,7호선,반포,3178,3223,6401
202207,7호선,보라매,4030,4008,8038
202207,7호선,사가정,8999,8725,17724
202207,7호선,상도,5829,5862,11691
202207,7호선,상봉,10104,9349,19453
202207,7호선,수락산,9184,9128,18312
202207,7호선,숭실대입구,5898,6465,12363
202207,7호선,신대방삼거리,7941,7814,15755
202207,7호선,신풍,6496,6169,12665
202207,7호선,어린이대공원,7738,7527,15265
202207,7호선,온수,4090,4217,8307
202207,7호선,용마산,3334,3473,6807
202207,7호선,이수,9007,8633,17640
202207,7호선,장승배기,4884,4930,9814
202207,7호선,장암,1862,1305,3167
202207,7호선,중계,6784,6401,13185
202207,7호선,중곡,5262,5189,10451
202207,7호선,중화,5713,5638,11351
202207,7호선,천왕,5079,5041,10120
202207,7호선,철산,10837,10861,21698
202207,7호선,청담,6631,7108,13739
202207,7호선,태릉입구,5249,4746,9995
202207,7호선,하계,9494,9049,18543
202207,7호선,학동,6394,6725,13119
202207,8호선,가락시장,3244,4090,7334
202207,8호선,강동구청,4842,4898,9740
202207,8호선,남위례,2469,2650,5119
202207,8호선,남한산성입구,6807,6404,13211
202207,8호선,단대오거리,5462,5475,10937
202207,8호선,모란,2685,2270,4955
202207,8호선,몽촌토성,3227,3272,6499
202207,8호선,문정,5662,5894,11556
202207,8호선,복정,5103,4642,9745
202207,8호선,산성,3039,3293,6332
202207,8호선,석촌,4014,5122,9136
202207,8호선,송파,4580,4508,9088
202207,8호선,수진,3167,2941,6108
202207,8호선,신흥,2807,2973,5780
202207,8호선,암사,9154,8635,17789
202207,8호선,잠실,11650,13287,24937
202207,8호선,장지,9515,9711,19226
202207,8호선,천호,9245,10388,19633
202207,9호선,가양,11745,11447,23192
202207,9호선,개화,1020,1023,2043
202207,9호선,고속터미널,12445,17105,29550
202207,9호선,공항시장,1827,2101,3928
202207,9호선,구반포,407,371,778
202207,9호선,국회의사당,5331,4892,10223
202207,9호선,김포공항,8391,11804,20195
202207,9호선,노들,2873,2517,5390
202207,9호선,노량진,14481,15303,29784
202207,9호선,당산,9942,9951,19893
202207,9호선,동작,1295,1128,2423
202207,9호선,등촌,5212,5496,10708
202207,9호선,마곡나루,5792,6006,11798
202207,9호선,사평,1896,1939,3835
202207,9호선,샛강,1970,1823,3793
202207,9호선,선유도,2876,2838,5714
202207,9호선,신논현,16802,16267,33069
202207,9호선,신목동,1811,1652,3463
202207,9호선,신반포,2228,2307,4535
202207,9호선,신방화,3757,3714,7471
202207,9호선,양천향교,4619,4783,9402
202207,9호선,여의도,10642,9323,19965
202207,9호선,염창,8883,8827,17710
202207,9호선,증미,3146,3165,6311
202207,9호선,흑석,4237,4349,8586
202207,9호선2~3단계,둔촌오륜,606,630,1236
202207,9호선2~3단계,봉은사,10045,10280,20325
202207,9호선2~3단계,삼성중앙,2223,2409,4632
202207,9호선2~3단계,삼전,3788,3694,7482
202207,9호선2~3단계,석촌,4940,4278,9218
202207,9호선2~3단계,석촌고분,3319,3353,6672
202207,9호선2~3단계,선정릉,3128,3507,6635
202207,9호선2~3단계,송파나루,3476,3789,7265
202207,9호선2~3단계,언주,4066,4048,8114
202207,9호선2~3단계,올림픽공원,7763,7868,15631
202207,9호선2~3단계,종합운동장,4139,3751,7890
202207,9호선2~3단계,중앙보훈병원,3830,3656,7486
202207,9호선2~3단계,한성백제,1662,1421,3083
202207,경강선,경기광주,4271,4199,8470
202207,경강선,곤지암,1575,1779,3354
202207,경강선,부발,1541,2217,3758
202207,경강선,삼동,1155,1169,2324
202207,경강선,세종대왕릉,296,318,614
202207,경강선,신둔도예촌,1050,1009,2059
202207,경강선,여주,2338,2197,4535
202207,경강선,이매,810,587,1397
202207,경강선,이천,2161,2425,4586
202207,경강선,초월,1816,1803,3619
202207,경강선,판교,2697,2584,5281
202207,경부선,가산디지털단지,4698,6727,11425
202207,경부선,관악,5087,4629,9716
202207,경부선,광명,3009,2029,5038
202207,경부선,구로,10295,10519,20814
202207,경부선,군포,3172,2966,6138
202207,경부선,금정,14975,15328,30303
202207,경부선,금천구청,6273,6249,12522
202207,경부선,남영,5025,5399,10424
202207,경부선,노량진,5470,5064,10534
202207,경부선,당정,2994,3093,6087
202207,경부선,대방,5543,6134,11677
202207,경부선,독산,6398,6478,12876
202207,경부선,두정,4680,5159,9839
202207,경부선,명학,3398,3199,6597
202207,경부선,병점,9836,10621,20457
202207,경부선,서동탄,850,962,1812
202207,경부선,서울역,9423,2128,11551
202207,경부선,서정리,4795,6971,11766
202207,경부선,석수,5178,4865,10043
202207,경부선,성균관대,7861,8445,16306
202207,경부선,성환,2553,2866,5419
202207,경부선,세류,2224,2148,4372
202207,경부선,세마,1828,1804,3632
202207,경부선,송탄,3890,4851,8741
202207,경부선,수원,35904,34849,70753
202207,경부선,신길,4860,4237,9097
202207,경부선,신도림,2239,2561,4800
202207,경부선,안양,14219,13625,27844
202207,경부선,영등포,37384,36051,73435
202207,경부선,오산,8123,8756,16879
202207,경부선,오산대,2319,2241,4560
202207,경부선,용산,38970,35744,74714
202207,경부선,의왕,4030,4205,8235
202207,경부선,직산,568,648,1216
202207,경부선,진위,966,1021,1987
202207,경부선,천안,6501,6298,12799
202207,경부선,평택,12231,12838,25069
202207,경부선,평택지제,2779,2692,5471
202207,경부선,화서,4403,4289,8692
202207,경원선,가능,4245,3936,8181
202207,경원선,광운대,4212,4289,8501
202207,경원선,녹양,2794,2763,5557
202207,경원선,녹천,2651,2324,4975
202207,경원선,덕계,2078,1883,3961
202207,경원선,덕정,3406,3678,7084
202207,경원선,도봉,3635,3408,7043
202207,경원선,도봉산,8529,6016,14545
202207,경원선,동두천,1323,1806,3129
202207,경원선,동두천중앙,2249,2124,4373
202207,경원선,망월사,4854,5004,9858
202207,경원선,방학,6121,6013,12134
202207,경원선,보산,1581,1592,3173
202207,경원선,서빙고,1662,1673,3335
202207,경원선,석계,4975,5607,10582
202207,경원선,소요산,5009,4556,9565
202207,경원선,신이문,4777,4498,9275
202207,경원선,양주,5284,5168,10452
202207,경원선,옥수,46,22,68
202207,경원선,왕십리,11205,12777,23982
202207,경원선,외대앞,5006,4898,9904
202207,경원선,월계,3920,3674,7594
202207,경원선,응봉,1070,1010,2080
202207,경원선,의정부,15013,14672,29685
202207,경원선,이촌,2621,1906,4527
202207,경원선,지행,4621,4827,9448
202207,경원선,청량리,16105,14661,30766
202207,경원선,한남,1960,1891,3851
202207,경원선,회룡,7727,7735,15462
202207,경의선,가좌,3008,3048,6056
202207,경의선,강매,1550,1497,3047
202207,경의선,검암,1,0,1
202207,경의선,곡산,334,328,662
202207,경의선,공덕,2089,1601,3690
202207,경의선,금릉,2946,2967,5913
202207,경의선,금촌,4295,4719,9014
202207,경의선,능곡,2276,2274,4550
202207,경의선,디지털미디어시티,1619,1492,3111
202207,경의선,문산,3857,4272,8129
202207,경의선,백마,3656,3566,7222
202207,경의선,서강대,1385,1405,2790
202207,경의선,서울역,1225,1012,2237
202207,경의선,수색,945,996,1941
202207,경의선,신촌,306,320,626
202207,경의선,야당,5079,5222,10301
202207,경의선,운정,3789,3557,7346
202207,경의선,월롱,1005,2123,3128
202207,경의선,일산,5669,5615,11284
202207,경의선,임진강,83,47,130
202207,경의선,탄현,4526,4200,8726
202207,경의선,파주,630,588,1218
202207,경의선,풍산,3694,3511,7205
202207,경의선,행신,5032,4498,9530
202207,경의선,홍대입구,1870,2241,4111
202207,경의선,화전,884,866,1750
202207,경의선,효창공원앞,1410,1570,2980
202207,경인선,간석,3292,3139,6431
202207,경인선,개봉,12324,11961,24285
202207,경인선,구일,5614,5619,11233
202207,경인선,도원,1828,1815,3643
202207,경인선,도화,2497,2377,4874
202207,경인선,동암,10190,10066,20256
202207,경인선,동인천,9820,9593,19413
202207,경인선,백운,3882,3923,7805
202207,경인선,부개,4922,4765,9687
202207,경인선,부천,22654,22424,45078
202207,경인선,부평,23444,23403,46847
202207,경인선,소사,5436,5195,10631
202207,경인선,송내,13628,13484,27112
202207,경인선,역곡,14669,14764,29433
202207,경인선,오류동,7176,6882,14058
202207,경인선,온수,3903,3565,7468
202207,경인선,인천,4196,3402,7598
202207,경인선,제물포,5595,5497,11092
202207,경인선,주안,12041,10771,22812
202207,경인선,중동,5325,4940,10265
202207,경춘선,가평,3263,2229,5492
202207,경춘선,갈매,1394,1278,2672
202207,경춘선,강촌,915,546,1461
202207,경춘선,굴봉산,230,169,399
202207,경춘선,금곡,980,863,1843
202207,경춘선,김유정,391,423,814
202207,경춘선,남춘천,2819,2800,5619
202207,경춘선,대성리,1941,932,2873
202207,경춘선,마석,2973,2915,5888
202207,경춘선,백양리,168,119,287
202207,경춘선,별내,1768,1732,3500
202207,경춘선,사릉,1331,1328,2659
202207,경춘선,상천,607,495,1102
202207,경춘선,신내,1025,1059,2084
202207,경춘선,천마산,1173,1120,2293
202207,경춘선,청평,2313,1676,3989
202207,경춘선,춘천,2083,1538,3621
202207,경춘선,퇴계원,1997,1929,3926
202207,경춘선,평내호평,3536,3471,7007
202207,공항철도 1호선,검암,3689,3790,7479
202207,공항철도 1호선,계양,5939,5661,11600
202207,공항철도 1호선,공덕,1339,1931,3270
202207,공항철도 1호선,공항화물청사,1081,1090,2171
202207,공항철도 1호선,김포공항,11640,5588,17228
202207,공항철도 1호선,디지털미디어시티,3976,3964,7940
202207,공항철도 1호선,마곡나루,2175,2572,4747
202207,공항철도 1호선,서울역,9595,8159,17754
202207,공항철도 1호선,영종,2713,2725,5438
202207,공항철도 1호선,운서,6022,6685,12707
202207,공항철도 1호선,인천공항1터미널,8413,7578,15991
202207,공항철도 1호선,인천공항2터미널,3532,3040,6572
202207,공항철도 1호선,청라국제도시,3505,3526,7031
202207,공항철도 1호선,홍대입구,11345,10597,21942
202207,과천선,경마공원,15419,15912,31331
202207,과천선,과천,3987,3722,7709
202207,과천선,대공원,4031,4057,8088
202207,과천선,범계,15680,15011,30691
202207,과천선,선바위,4322,3800,8122
202207,과천선,인덕원,12808,13040,25848
202207,과천선,정부과천청사,4897,4894,9791
202207,과천선,평촌,6690,6489,13179
202207,분당선,가천대,3758,4610,8368
202207,분당선,강남구청,3100,3736,6836
202207,분당선,개포동,2045,2025,4070
202207,분당선,구룡,790,846,1636
202207,분당선,구성,2414,2716,5130
202207,분당선,기흥,5460,5143,10603
202207,분당선,대모산입구,2284,2222,4506
202207,분당선,도곡,2922,2852,5774
202207,분당선,망포,6613,7022,13635
202207,분당선,매교,1464,1368,2832
202207,분당선,매탄권선,2644,2523,5167
202207,분당선,모란,11405,11846,23251
202207,분당선,미금,7686,8338,16024
202207,분당선,보정,1184,1145,2329
202207,분당선,상갈,2964,3103,6067
202207,분당선,서울숲,6329,6417,12746
202207,분당선,서현,15440,15372,30812
202207,분당선,선릉,2885,4358,7243
202207,분당선,선정릉,2015,2056,4071
202207,분당선,수내,6430,6159,12589
202207,분당선,수서,8865,8659,17524
202207,분당선,수원,6196,4970,11166
202207,분당선,수원시청,7563,7603,15166
202207,분당선,신갈,2108,2148,4256
202207,분당선,압구정로데오,10480,11478,21958
202207,분당선,야탑,14272,14305,28577
202207,분당선,영통,5282,5384,10666
202207,분당선,오리,5737,5000,10737
202207,분당선,이매,3437,3515,6952
202207,분당선,정자,7987,8190,16177
202207,분당선,죽전,8057,9185,17242
202207,분당선,청명,2204,2266,4470
202207,분당선,태평,8396,7964,16360
202207,분당선,한티,8200,8278,16478
202207,수인선,고색,1748,1840,3588
202207,수인선,남동인더스파크,605,625,1230
202207,수인선,달월,45,53,98
202207,수인선,사리,2746,2286,5032
202207,수인선,소래포구,4393,4173,8566
202207,수인선,송도,1497,1440,2937
202207,수인선,숭의,2024,1856,3880
202207,수인선,신포,1208,1159,2367
202207,수인선,야목,234,198,432
202207,수인선,어천,571,723,1294
202207,수인선,연수,3397,3335,6732
202207,수인선,오목천,1607,1692,3299
202207,수인선,원인재,2918,2952,5870
202207,수인선,월곶,1864,1816,3680
202207,수인선,인천,1071,1596,2667
202207,수인선,인천논현,3098,3244,6342
202207,수인선,인하대,3147,3151,6298
202207,수인선,호구포,2226,2360,4586
202207,신림선,관악산,4802,4679,9481
202207,신림선,당곡,2251,2195,4446
202207,신림선,대방,1059,891,1950
202207,신림선,보라매,1604,1539,3143
202207,신림선,보라매공원,1066,1155,2221
202207,신림선,보라매병원,1977,2028,4005
202207,신림선,샛강,906,1217,2123
202207,신림선,서울대벤처타운,4477,4493,8970
202207,신림선,서울지방병무청,1313,1480,2793
202207,신림선,서원,1818,1714,3532
202207,신림선,신림,1198,1784,2982
202207,안산선,고잔,4693,4564,9257
202207,안산선,대야미,2899,2790,5689
202207,안산선,반월,2572,2629,5201
202207,안산선,산본,9378,10009,19387
202207,안산선,상록수,9648,9444,19092
202207,안산선,수리산,2188,2005,4193
202207,안산선,신길온천,1202,1133,2335
202207,안산선,안산,10006,9305,19311
202207,안산선,오이도,6287,6247,12534
202207,안산선,정왕,5609,6097,11706
202207,안산선,중앙,12336,12184,24520
202207,안산선,초지,2629,2517,5146
202207,안산선,한대앞,5534,5378,10912
202207,우이신설선,4.19민주묘지,1859,1669,3528
202207,우이신설선,가오리,2512,2395,4907
202207,우이신설선,보문,1133,1049,2182
202207,우이신설선,북한산보국문,3895,3509,7404
202207,우이신설선,북한산우이,3517,3398,6915
202207,우이신설선,삼양,1296,1293,2589
202207,우이신설선,삼양사거리,1587,1586,3173
202207,우이신설선,성신여대입구,2265,2611,4876
202207,우이신설선,솔밭공원,1456,1423,2879
202207,우이신설선,솔샘,2980,2719,5699
202207,우이신설선,신설동,1113,1174,2287
202207,우이신설선,정릉,2801,2390,5191
202207,우이신설선,화계,2159,1987,4146
202207,일산선,대곡,1102,1014,2116
202207,일산선,대화,6900,6282,13182
202207,일산선,마두,3659,3550,7209
202207,일산선,백석,5769,5626,11395
202207,일산선,삼송,11646,11387,23033
202207,일산선,원당,6319,6093,12412
202207,일산선,원흥,5873,5681,11554
202207,일산선,정발산,6108,6444,12552
202207,일산선,주엽,4972,5035,10007
202207,일산선,지축,1,0,1
202207,일산선,화정,9783,10085,19868
202207,장항선,배방,840,989,1829
202207,장항선,봉명,605,579,1184
202207,장항선,신창,1030,1164,2194
202207,장항선,쌍용,1297,1213,2510
202207,장항선,아산,3652,2294,5946
202207,장항선,온양온천,3424,3484,6908
202207,장항선,탕정,547,584,1131
202207,중앙선,구리,7842,8141,15983
202207,중앙선,국수,630,568,1198
202207,중앙선,덕소,3510,3603,7113
202207,중앙선,도농,5453,5309,10762
202207,중앙선,도심,1310,1187,2497
202207,중앙선,망우,5295,5322,10617
202207,중앙선,상봉,3765,4121,7886
202207,중앙선,신원,213,133,346
202207,중앙선,아신,622,542,1164
202207,중앙선,양수,2132,1940,4072
202207,중앙선,양원,1436,1523,2959
202207,중앙선,양정,479,393,872
202207,중앙선,양평,3491,3267,6758
202207,중앙선,오빈,263,246,509
202207,중앙선,용문,2473,2119,4592
202207,중앙선,운길산,965,898,1863
202207,중앙선,원덕,476,325,801
202207,중앙선,중랑,3611,3546,7157
202207,중앙선,지평,88,71,159
202207,중앙선,팔당,1203,1239,2442
202207,중앙선,회기,16230,16147,32377
202207,1호선,동대문,10370,10191,20561
202207,1호선,동묘앞,11335,11625,22960
202207,1호선,서울역,36244,36601,72845
202207,1호선,시청,12202,12690,24892
202207,1호선,신설동,10313,9609,19922
202207,1호선,제기동,15780,16039,31819
202207,1호선,종각,21311,20733,42044
202207,1호선,종로3가,23940,22485,46425
202207,1호선,종로5가,19037,19497,38534
202207,1호선,청량리,18566,19175,37741
202207,2호선,강남,63995,64281,128276
202207,2호선,강변,30479,30717,61196
202207,2호선,건대입구,36051,40578,76629
202207,2호선,교대,18757,21480,40237
202207,2호선,구로디지털단지,36307,35114,71421
202207,2호선,구의,17246,16390,33636
202207,2호선,낙성대,22801,20606,43407
202207,2호선,당산,12679,13594,26273
202207,2호선,대림,18634,19416,38050
202207,2호선,도림천,853,809,1662
202207,2호선,동대문역사문화공원,11282,13037,24319
202207,2호선,뚝섬,14725,14964,29689
202207,2호선,문래,13490,14609,28099
202207,2호선,방배,10400,10641,21041
202207,2호선,봉천,18563,16449,35012
202207,2호선,사당,36051,40814,76865
202207,2호선,삼성,43193,42350,85543
202207,2호선,상왕십리,10300,9409,19709
202207,2호선,서울대입구,39005,36886,75891
202207,2호선,서초,12306,9873,22179
202207,2호선,선릉,26566,23181,49747
202207,2호선,성수,22054,25522,47576
202207,2호선,시청,10136,8999,19135
202207,2호선,신답,1104,1154,2258
202207,2호선,신당,11463,11622,23085
202207,2호선,신대방,20623,19270,39893
202207,2호선,신도림,41420,42037,83457
202207,2호선,신림,49999,47700,97699
202207,2호선,신설동,3456,3358,6814
202207,2호선,신정네거리,8194,8116,16310
202207,2호선,신촌,33758,34451,68209
202207,2호선,아현,7862,7142,15004
202207,2호선,양천구청,4780,4615,9395
202207,2호선,역삼,19035,20596,39631
202207,2호선,영등포구청,12710,13192,25902
202207,2호선,왕십리,13957,12393,26350
202207,2호선,용답,2244,2007,4251
202207,2호선,용두,1791,1671,3462
202207,2호선,을지로3가,11839,12351,24190
202207,2호선,을지로4가,7644,7797,15441
202207,2호선,을지로입구,24099,24656,48755
202207,2호선,이대,10733,10954,21687
202207,2호선,잠실,74778,72054,146832
202207,2호선,잠실나루,7844,7522,15366
202207,2호선,잠실새내,18905,19710,38615
202207,2호선,종합운동장,14476,16087,30563
202207,2호선,충정로,5835,6062,11897
202207,2호선,한양대,4461,4573,9034
202207,2호선,합정,29136,33589,62725
202207,2호선,홍대입구,73994,83089,157083
202207,3호선,가락시장,6479,6012,12491
202207,3호선,경복궁,18270,20546,38816
202207,3호선,경찰병원,4315,4133,8448
202207,3호선,고속터미널,56574,56214,112788
202207,3호선,교대,7500,4649,12149
202207,3호선,구파발,17343,17489,34832
202207,3호선,금호,5963,5275,11238
202207,3호선,남부터미널,22342,21880,44222
202207,3호선,녹번,11323,9439,20762
202207,3호선,대청,6173,5620,11793
202207,3호선,대치,9965,8987,18952
202207,3호선,도곡,3410,3366,6776
202207,3호선,독립문,5881,6029,11910
202207,3호선,동대입구,6183,6986,13169
202207,3호선,매봉,6639,6385,13024
202207,3호선,무악재,2843,2840,5683
202207,3호선,불광,13581,15065,28646
202207,3호선,수서,14417,14120,28537
202207,3호선,신사,24746,26687,51433
202207,3호선,안국,16790,18199,34989
202207,3호선,압구정,26271,27897,54168
202207,3호선,약수,9489,8807,18296
202207,3호선,양재,20827,22872,43699
202207,3호선,연신내,30910,28611,59521
202207,3호선,오금,4117,3667,7784
202207,3호선,옥수,7442,7389,14831
202207,3호선,을지로3가,5479,5834,11313
202207,3호선,일원,5290,5252,10542
202207,3호선,잠원,3660,3461,7121
202207,3호선,종로3가,6371,9173,15544
202207,3호선,지축,3853,3607,7460
202207,3호선,학여울,2776,2831,5607
202207,3호선,홍제,13892,12590,26482
202207,4호선,길음,15926,14679,30605
202207,4호선,남태령,1265,785,2050
202207,4호선,노원,16929,19058,35987
202207,4호선,당고개,8157,7364,15521
202207,4호선,동대문,14953,15555,30508
202207,4호선,동대문역사문화공원,12334,10665,22999
202207,4호선,동작,1358,1366,2724
202207,4호선,명동,16468,18960,35428
202207,4호선,미아,11217,10317,21534
202207,4호선,미아사거리,23570,22114,45684
202207,4호선,사당,24411,21790,46201
202207,4호선,삼각지,3906,5110,9016
202207,4호선,상계,14611,13341,27952
202207,4호선,서울역,6506,15647,22153
202207,4호선,성신여대입구,17449,16633,34082
202207,4호선,수유,27863,27467,55330
202207,4호선,숙대입구,10141,9669,19810
202207,4호선,신용산,12864,14074,26938
202207,4호선,쌍문,22514,19614,42128
202207,4호선,이촌,8614,9422,18036
202207,4호선,창동,20659,21660,42319
202207,4호선,총신대입구,15580,16723,32303
202207,4호선,충무로,13034,14664,27698
202207,4호선,한성대입구,10702,10203,20905
202207,4호선,혜화,30220,32190,62410
202207,4호선,회현,19193,20249,39442
202207,5호선,강동,13757,12843,26600
202207,5호선,강일,3437,3061,6498
202207,5호선,개롱,4313,4377,8690
202207,5호선,개화산,3997,3754,7751
202207,5호선,거여,7150,6541,13691
202207,5호선,고덕,6868,6661,13529
202207,5호선,공덕,7667,7783,15450
202207,5호선,광나루,11603,10833,22436
202207,5호선,광화문,17207,18073,35280
202207,5호선,군자,8677,9795,18472
202207,5호선,굽은다리,8095,7675,15770
202207,5호선,길동,6479,6550,13029
202207,5호선,김포공항,8735,8904,17639
202207,5호선,까치산,22276,20489,42765
202207,5호선,답십리,10848,9615,20463
202207,5호선,동대문역사문화공원,1085,1327,2412
202207,5호선,둔촌동,5994,5971,11965
202207,5호선,마곡,5932,6114,12046
202207,5호선,마장,3909,3728,7637
202207,5호선,마천,4932,5001,9933
202207,5호선,마포,7969,8117,16086
202207,5호선,명일,6700,6583,13283
202207,5호선,목동,11875,11753,23628
202207,5호선,미사,13050,13187,26237
202207,5호선,발산,13825,15253,29078
202207,5호선,방이,5256,5200,10456
202207,5호선,방화,4969,4705,9674
202207,5호선,상일동,10020,9199,19219
202207,5호선,서대문,7959,7557,15516
202207,5호선,송정,5283,5054,10337
202207,5호선,신금호,4388,4469,8857
202207,5호선,신길,2890,2778,5668
202207,5호선,신정,9632,7974,17606
202207,5호선,아차산,12356,11614,23970
202207,5호선,애오개,3920,3803,7723
202207,5호선,양평,4009,3656,7665
202207,5호선,여의나루,14470,16494,30964
202207,5호선,여의도,12870,13661,26531
202207,5호선,영등포구청,2188,1962,4150
202207,5호선,영등포시장,8607,8812,17419
202207,5호선,오금,2231,2095,4326
202207,5호선,오목교,17750,18272,36022
202207,5호선,올림픽공원,3338,2701,6039
202207,5호선,왕십리,3639,4796,8435
202207,5호선,우장산,10632,10349,20981
202207,5호선,을지로4가,3451,3814,7265
202207,5호선,장한평,12054,11555,23609
202207,5호선,종로3가,12954,13305,26259
202207,5호선,천호,18560,17645,36205
202207,5호선,청구,2712,2425,5137
202207,5호선,충정로,2117,1901,4018
202207,5호선,하남검단산,6206,6010,12216
202207,5호선,하남시청,6278,5895,12173
202207,5호선,하남풍산,3224,3169,6393
202207,5호선,행당,6053,5057,11110
202207,5호선,화곡,21408,19257,40665
202207,6호선,고려대,5628,5349,10977
202207,6호선,공덕,10961,10376,21337
202207,6호선,광흥창,5471,4983,10454
202207,6호선,구산,5983,4428,10411
202207,6호선,녹사평,5370,6040,11410
202207,6호선,대흥,5918,6001,11919
202207,6호선,독바위,2176,2248,4424
202207,6호선,돌곶이,6350,5874,12224
202207,6호선,동묘앞,7654,7337,14991
202207,6호선,디지털미디어시티,8173,8025,16198
202207,6호선,마포구청,9723,8345,18068
202207,6호선,망원,12650,13668,26318
202207,6호선,버티고개,1567,1673,3240
202207,6호선,보문,5281,4681,9962
202207,6호선,봉화산,5781,5548,11329
202207,6호선,불광,4144,3707,7851
202207,6호선,삼각지,6011,4466,10477
202207,6호선,상수,9143,11479,20622
202207,6호선,상월곡,4312,3653,7965
202207,6호선,새절,9161,8409,17570
202207,6호선,석계,8944,8852,17796
202207,6호선,신당,4882,4620,9502
202207,6호선,안암,6784,6365,13149
202207,6호선,약수,2621,2618,5239
202207,6호선,역촌,2765,2927,5692
202207,6호선,연신내,1,0,1
202207,6호선,월곡,7657,7198,14855
202207,6호선,월드컵경기장,4742,4967,9709
202207,6호선,응암,13321,12884,26205
202207,6호선,이태원,15191,20343,35534
202207,6호선,증산,7810,7339,15149
202207,6호선,창신,2221,1807,4028
202207,6호선,청구,2420,2373,4793
202207,6호선,태릉입구,4375,4477,8852
202207,6호선,한강진,9321,11488,20809
202207,6호선,합정,13286,12966,26252
202207,6호선,화랑대,7141,5910,13051
202207,6호선,효창공원앞,4892,4073,8965
202207,7호선,가산디지털단지,15518,13943,29461
202207,7호선,강남구청,9965,11176,21141
202207,7호선,건대입구,11968,12873,24841
202207,7호선,고속터미널,16311,12484,28795
202207,7호선,공릉,9090,8564,17654
202207,7호선,광명사거리,17982,17700,35682
202207,7호선,군자,11602,8546,20148
202207,7호선,남구로,8626,8977,17603
202207,7호선,남성,8262,7415,15677
202207,7호선,내방,8325,8306,16631
202207,7호선,노원,17377,18293,35670
202207,7호선,논현,10601,11461,22062
202207,7호선,대림,7617,8217,15834
202207,7호선,도봉산,6821,9229,16050
202207,7호선,뚝섬유원지,10057,9302,19359
202207,7호선,마들,9695,8882,18577
202207,7호선,먹골,8194,7681,15875
202207,7호선,면목,11272,10535,21807
202207,7호선,반포,4851,4663,9514
202207,7호선,보라매,5645,5459,11104
202207,7호선,사가정,12725,12053,24778
202207,7호선,상도,8206,7365,15571
202207,7호선,상봉,14336,13717,28053
202207,7호선,수락산,11195,11020,22215
202207,7호선,숭실대입구,8888,8665,17553
202207,7호선,신대방삼거리,11134,10140,21274
202207,7호선,신풍,8532,8165,16697
202207,7호선,어린이대공원,9901,9421,19322
202207,7호선,온수,5979,5919,11898
202207,7호선,용마산,4765,4601,9366
202207,7호선,이수,13827,13255,27082
202207,7호선,장승배기,6938,6383,13321
202207,7호선,장암,2015,1458,3473
202207,7호선,중계,9950,8614,18564
202207,7호선,중곡,7244,6622,13866
202207,7호선,중화,8025,7481,15506
202207,7호선,천왕,7466,7114,14580
202207,7호선,철산,16616,16644,33260
202207,7호선,청담,12014,13279,25293
202207,7호선,태릉입구,7081,6457,13538
202207,7호선,하계,13264,11962,25226
202207,7호선,학동,11112,11737,22849
202207,8호선,가락시장,5476,5673,11149
202207,8호선,강동구청,6488,6526,13014
202207,8호선,남위례,3864,3870,7734
202207,8호선,남한산성입구,9898,8434,18332
202207,8호선,단대오거리,8047,7634,15681
202207,8호선,모란,5501,4762,10263
202207,8호선,몽촌토성,4269,4404,8673
202207,8호선,문정,8923,8787,17710
202207,8호선,복정,6613,5458,12071
202207,8호선,산성,4508,4462,8970
202207,8호선,석촌,6092,7205,13297
202207,8호선,송파,6263,5867,12130
202207,8호선,수진,4568,4114,8682
202207,8호선,신흥,3924,4156,8080
202207,8호선,암사,13192,11709,24901
202207,8호선,잠실,14921,17837,32758
202207,8호선,장지,13304,12385,25689
202207,8호선,천호,12786,15230,28016
202207,9호선,가양,15064,14289,29353
202207,9호선,개화,1487,1265,2752
202207,9호선,고속터미널,15654,22519,38173
202207,9호선,공항시장,2458,2445,4903
202207,9호선,구반포,851,877,1728
202207,9호선,국회의사당,5086,5255,10341
202207,9호선,김포공항,8819,13152,21971
202207,9호선,노들,3846,3201,7047
202207,9호선,노량진,21486,21404,42890
202207,9호선,당산,14208,13155,27363
202207,9호선,동작,1515,1450,2965
202207,9호선,등촌,7819,7218,15037
202207,9호선,마곡나루,8497,8489,16986
202207,9호선,사평,2728,2468,5196
202207,9호선,샛강,3252,3013,6265
202207,9호선,선유도,4097,3864,7961
202207,9호선,신논현,27558,28211,55769
202207,9호선,신목동,2696,2192,4888
202207,9호선,신반포,3195,3249,6444
202207,9호선,신방화,5180,4785,9965
202207,9호선,양천향교,6136,5814,11950
202207,9호선,여의도,14231,13773,28004
202207,9호선,염창,12926,11801,24727
202207,9호선,증미,4414,4174,8588
202207,9호선,흑석,6346,6256,12602
202207,9호선2~3단계,둔촌오륜,690,724,1414
202207,9호선2~3단계,봉은사,19490,21329,40819
202207,9호선2~3단계,삼성중앙,3488,3501,6989
202207,9호선2~3단계,삼전,5283,4779,10062
202207,9호선2~3단계,석촌,7327,5840,13167
202207,9호선2~3단계,석촌고분,4607,4295,8902
202207,9호선2~3단계,선정릉,5025,5616,10641
202207,9호선2~3단계,송파나루,4439,4976,9415
202207,9호선2~3단계,언주,6838,6785,13623
202207,9호선2~3단계,올림픽공원,6238,6296,12534
202207,9호선2~3단계,종합운동장,3777,3666,7443
202207,9호선2~3단계,중앙보훈병원,5523,4994,10517
202207,9호선2~3단계,한성백제,1954,1670,3624
202207,경강선,경기광주,6093,5442,11535
202207,경강선,곤지암,2076,2156,4232
202207,경강선,부발,2336,1955,4291
202207,경강선,삼동,1598,1502,3100
202207,경강선,세종대왕릉,427,420,847
202207,경강선,신둔도예촌,1326,1302,2628
202207,경강선,여주,2771,3100,5871
202207,경강선,이매,948,714,1662
202207,경강선,이천,3045,3188,6233
202207,경강선,초월,2551,2253,4804
202207,경강선,판교,3560,3488,7048
202207,경부선,가산디지털단지,6576,8562,15138
202207,경부선,관악,6701,6297,12998
202207,경부선,광명,2984,2759,5743
202207,경부선,구로,14179,14935,29114
202207,경부선,군포,4366,3899,8265
202207,경부선,금정,20772,20605,41377
202207,경부선,금천구청,8730,8428,17158
202207,경부선,남영,6281,6174,12455
202207,경부선,노량진,8231,7094,15325
202207,경부선,당정,4486,4111,8597
202207,경부선,대방,7426,7925,15351
202207,경부선,독산,9446,8916,18362
202207,경부선,두정,5977,5990,11967
202207,경부선,명학,4898,4533,9431
202207,경부선,병점,13422,13148,26570
202207,경부선,서동탄,1219,1217,2436
202207,경부선,서울역,9107,2294,11401
202207,경부선,서정리,7752,6142,13894
202207,경부선,석수,7193,6630,13823
202207,경부선,성균관대,11373,11392,22765
202207,경부선,성환,3246,3050,6296
202207,경부선,세류,2895,2869,5764
202207,경부선,세마,2661,2359,5020
202207,경부선,송탄,5468,4743,10211
202207,경부선,수원,41832,46059,87891
202207,경부선,신길,6130,5054,11184
202207,경부선,신도림,3195,3351,6546
202207,경부선,안양,19624,19679,39303
202207,경부선,영등포,45909,48752,94661
202207,경부선,오산,10562,9805,20367
202207,경부선,오산대,3159,2827,5986
202207,경부선,용산,42518,46262,88780
202207,경부선,의왕,6229,6012,12241
202207,경부선,직산,778,744,1522
202207,경부선,진위,1135,961,2096
202207,경부선,천안,7180,7381,14561
202207,경부선,평택,14850,14293,29143
202207,경부선,평택지제,3709,3314,7023
202207,경부선,화서,6308,6014,12322
202207,경원선,가능,5577,5243,10820
202207,경원선,광운대,5843,5704,11547
202207,경원선,녹양,3733,3579,7312
202207,경원선,녹천,3524,2903,6427
202207,경원선,덕계,2759,2474,5233
202207,경원선,덕정,4970,4447,9417
202207,경원선,도봉,4869,4478,9347
202207,경원선,도봉산,9074,6361,15435
202207,경원선,동두천,1930,2245,4175
202207,경원선,동두천중앙,2774,2722,5496
202207,경원선,망월사,6018,6109,12127
202207,경원선,방학,8053,7562,15615
202207,경원선,보산,1801,1718,3519
202207,경원선,서빙고,1620,1486,3106
202207,경원선,석계,6940,7283,14223
202207,경원선,소요산,4965,4284,9249
202207,경원선,신이문,6509,5773,12282
202207,경원선,양주,7194,6528,13722
202207,경원선,옥수,49,33,82
202207,경원선,왕십리,14842,16987,31829
202207,경원선,외대앞,6335,5916,12251
202207,경원선,월계,4893,4447,9340
202207,경원선,응봉,1602,1296,2898
202207,경원선,의정부,19258,20595,39853
202207,경원선,이촌,3364,2434,5798
202207,경원선,지행,6492,6311,12803
202207,경원선,창동,1,0,1
202207,경원선,청량리,18192,19219,37411
202207,경원선,한남,2896,2734,5630
202207,경원선,회룡,10469,10241,20710
202207,경의선,가좌,4314,4043,8357
202207,경의선,강매,2200,1981,4181
202207,경의선,곡산,456,450,906
202207,경의선,공덕,3037,2331,5368
202207,경의선,금릉,4279,4043,8322
202207,경의선,금촌,6208,5791,11999
202207,경의선,능곡,2978,2936,5914
202207,경의선,디지털미디어시티,2186,1981,4167
202207,경의선,문산,5912,5563,11475
202207,경의선,백마,4824,4418,9242
202207,경의선,서강대,1882,1792,3674
202207,경의선,서울역,1470,1616,3086
202207,경의선,수색,1678,1613,3291
202207,경의선,신촌,421,461,882
202207,경의선,야당,7273,7338,14611
202207,경의선,운정,5580,4902,10482
202207,경의선,월롱,1975,1662,3637
202207,경의선,일산,6808,6360,13168
202207,경의선,임진강,75,60,135
202207,경의선,탄현,5992,5464,11456
202207,경의선,파주,1002,703,1705
202207,경의선,풍산,4631,4387,9018
202207,경의선,행신,5926,5884,11810
202207,경의선,홍대입구,2420,3125,5545
202207,경의선,화전,1143,1000,2143
202207,경의선,효창공원앞,1830,1984,3814
202207,경인선,간석,4662,4441,9103
202207,경인선,개봉,17479,16469,33948
202207,경인선,구일,6801,6591,13392
202207,경인선,도원,2347,2323,4670
202207,경인선,도화,3455,3223,6678
202207,경인선,동암,13644,13665,27309
202207,경인선,동인천,12608,12537,25145
202207,경인선,백운,6011,5982,11993
202207,경인선,부개,7092,6387,13479
202207,경인선,부천,30905,31781,62686
202207,경인선,부평,31378,34501,65879
202207,경인선,소사,7293,7226,14519
202207,경인선,송내,19916,19447,39363
202207,경인선,역곡,21707,21013,42720
202207,경인선,오류동,9586,8472,18058
202207,경인선,온수,5264,4803,10067
202207,경인선,인천,5053,4214,9267
202207,경인선,제물포,8107,7457,15564
202207,경인선,주안,16906,15124,32030
202207,경인선,중동,7176,6492,13668
202207,경춘선,가평,3208,4472,7680
202207,경춘선,갈매,2148,1765,3913
202207,경춘선,강촌,745,872,1617
202207,경춘선,굴봉산,198,209,407
202207,경춘선,금곡,1187,1086,2273
202207,경춘선,김유정,496,625,1121
202207,경춘선,남춘천,3149,3382,6531
202207,경춘선,대성리,1932,1669,3601
202207,경춘선,마석,3575,3474,7049
202207,경춘선,백양리,108,170,278
202207,경춘선,별내,2508,2323,4831
202207,경춘선,사릉,1891,1801,3692
202207,경춘선,상천,401,373,774
202207,경춘선,신내,1425,1374,2799
202207,경춘선,천마산,1462,1366,2828
202207,경춘선,청평,2292,2703,4995
202207,경춘선,춘천,2114,1954,4068
202207,경춘선,퇴계원,2769,2416,5185
202207,경춘선,평내호평,4987,4851,9838
202207,공항철도 1호선,검암,4992,5112,10104
202207,공항철도 1호선,계양,8204,7505,15709
202207,공항철도 1호선,공덕,1782,2791,4573
202207,공항철도 1호선,공항화물청사,1338,1359,2697
202207,공항철도 1호선,김포공항,11829,5973,17802
202207,공항철도 1호선,디지털미디어시티,6199,5665,11864
202207,공항철도 1호선,마곡나루,3309,3587,6896
202207,공항철도 1호선,서울역,9391,9401,18792
202207,공항철도 1호선,영종,3532,3475,7007
202207,공항철도 1호선,운서,7277,7532,14809
202207,공항철도 1호선,인천공항1터미널,8006,7406,15412
202207,공항철도 1호선,인천공항2터미널,3722,3335,7057
202207,공항철도 1호선,청라국제도시,4936,4769,9705
202207,공항철도 1호선,홍대입구,15123,15393,30516
202207,과천선,경마공원,13942,14013,27955
202207,과천선,과천,5567,5126,10693
202207,과천선,대공원,12398,14776,27174
202207,과천선,범계,22985,22768,45753
202207,과천선,선바위,6045,5318,11363
202207,과천선,인덕원,18264,18114,36378
202207,과천선,정부과천청사,7461,7178,14639
202207,과천선,평촌,9978,9745,19723
202207,분당선,가천대,5170,5627,10797
202207,분당선,강남구청,5155,6141,11296
202207,분당선,개포동,3146,3011,6157
202207,분당선,구룡,1463,1279,2742
202207,분당선,구성,3789,3756,7545
202207,분당선,기흥,7765,7268,15033
202207,분당선,대모산입구,3405,3170,6575
202207,분당선,도곡,5008,4548,9556
202207,분당선,망포,10629,9581,20210
202207,분당선,매교,2230,2182,4412
202207,분당선,매탄권선,4096,3639,7735
202207,분당선,모란,22656,23646,46302
202207,분당선,미금,11495,11956,23451
202207,분당선,보정,1868,1643,3511
202207,분당선,복정,3,0,3
202207,분당선,상갈,4210,4102,8312
202207,분당선,서울숲,9009,9519,18528
202207,분당선,서현,21565,21745,43310
202207,분당선,선릉,5689,8582,14271
202207,분당선,선정릉,3373,3447,6820
202207,분당선,수내,9822,9158,18980
202207,분당선,수서,11137,11543,22680
202207,분당선,수원,8437,6812,15249
202207,분당선,수원시청,11722,13736,25458
202207,분당선,신갈,3038,3016,6054
202207,분당선,압구정로데오,18583,22073,40656
202207,분당선,야탑,18940,19874,38814
202207,분당선,영통,7479,7489,14968
202207,분당선,오리,8255,6686,14941
202207,분당선,이매,4352,4125,8477
202207,분당선,정자,11906,11800,23706
202207,분당선,죽전,10784,12152,22936
202207,분당선,청명,3042,2992,6034
202207,분당선,태평,11449,10752,22201
202207,분당선,한티,13381,12774,26155
202207,수인선,고색,2793,2670,5463
202207,수인선,남동인더스파크,1044,984,2028
202207,수인선,달월,86,82,168
202207,수인선,사리,4046,3300,7346
202207,수인선,소래포구,5251,5198,10449
202207,수인선,송도,2100,2037,4137
202207,수인선,숭의,2911,2668,5579
202207,수인선,신포,1578,1585,3163
202207,수인선,야목,313,294,607
202207,수인선,어천,951,805,1756
202207,수인선,연수,4334,4411,8745
202207,수인선,오목천,2519,2007,4526
202207,수인선,원인재,3870,4020,7890
202207,수인선,월곶,2432,2325,4757
202207,수인선,인천,1378,2238,3616
202207,수인선,인천논현,4814,4974,9788
202207,수인선,인하대,4589,4278,8867
202207,수인선,호구포,2830,2603,5433
202207,신림선,관악산,4418,4648,9066
202207,신림선,당곡,3058,2670,5728
202207,신림선,대방,1794,1180,2974
202207,신림선,보라매,2190,1963,4153
202207,신림선,보라매공원,1417,1419,2836
202207,신림선,보라매병원,2968,3011,5979
202207,신림선,샛강,1099,1479,2578
202207,신림선,서울대벤처타운,5708,5094,10802
202207,신림선,서울지방병무청,1668,1770,3438
202207,신림선,서원,2298,1976,4274
202207,신림선,신림,1410,1909,3319
202207,안산선,고잔,6887,6849,13736
202207,안산선,대야미,4175,3746,7921
202207,안산선,반월,3902,3680,7582
202207,안산선,산본,13790,14662,28452
202207,안산선,상록수,13391,12941,26332
202207,안산선,수리산,3123,2659,5782
202207,안산선,신길온천,1679,1608,3287
202207,안산선,안산,10398,10743,21141
202207,안산선,오이도,8269,8394,16663
202207,안산선,정왕,7208,7275,14483
202207,안산선,중앙,17546,18571,36117
202207,안산선,초지,3921,3712,7633
202207,안산선,한대앞,7638,7558,15196
202207,우이신설선,4.19민주묘지,2605,2304,4909
202207,우이신설선,가오리,3282,3086,6368
202207,우이신설선,보문,1221,1107,2328
202207,우이신설선,북한산보국문,5119,4410,9529
202207,우이신설선,북한산우이,3906,4160,8066
202207,우이신설선,삼양,1645,1567,3212
202207,우이신설선,삼양사거리,2203,2010,4213
202207,우이신설선,성신여대입구,2932,3507,6439
202207,우이신설선,솔밭공원,1920,1809,3729
202207,우이신설선,솔샘,4196,3565,7761
202207,우이신설선,신설동,1420,1445,2865
202207,우이신설선,정릉,3902,3108,7010
202207,우이신설선,화계,2671,2503,5174
202207,일산선,대곡,1552,1368,2920
202207,일산선,대화,9195,8034,17229
202207,일산선,마두,5419,5440,10859
202207,일산선,백석,7904,7810,15714
202207,일산선,삼송,15926,15074,31000
202207,일산선,원당,8959,8316,17275
202207,일산선,원흥,8104,7438,15542
202207,일산선,정발산,7296,7935,15231
202207,일산선,주엽,7642,7241,14883
202207,일산선,화정,13816,14071,27887
202207,장항선,배방,1154,1152,2306
202207,장항선,봉명,946,917,1863
202207,장항선,신창,1098,1020,2118
202207,장항선,쌍용,1932,1697,3629
202207,장항선,아산,3453,3435,6888
202207,장항선,온양온천,5617,5593,11210
202207,장항선,탕정,887,760,1647
202207,중앙선,구리,11117,11400,22517
202207,중앙선,국수,689,759,1448
202207,중앙선,덕소,5018,5036,10054
202207,중앙선,도농,7751,7286,15037
202207,중앙선,도심,1804,1515,3319
202207,중앙선,망우,7104,6880,13984
202207,중앙선,상봉,5154,4989,10143
202207,중앙선,신원,239,173,412
202207,중앙선,아신,780,772,1552
202207,중앙선,양수,2958,3035,5993
202207,중앙선,양원,2007,1978,3985
202207,중앙선,양정,624,502,1126
202207,중앙선,양평,3116,3271,6387
202207,중앙선,오빈,333,328,661
202207,중앙선,용문,2644,3104,5748
202207,중앙선,운길산,1073,1080,2153
202207,중앙선,원덕,466,473,939
202207,중앙선,중랑,4771,4410,9181
202207,중앙선,지평,66,80,146
202207,중앙선,팔당,1412,1431,2843
202207,중앙선,회기,21077,19192,40269
202207,1호선,동대문,10014,10464,20478
202207,1호선,동묘앞,10958,10851,21809
202207,1호선,서울역,30175,28550,58725
202207,1호선,시청,8580,8041,16621
202207,1호선,신설동,7527,7502,15029
202207,1호선,제기동,10204,10663,20867
202207,1호선,종각,14022,12592,26614
202207,1호선,종로3가,14891,12767,27658
202207,1호선,종로5가,9810,9665,19475
202207,1호선,청량리,12819,13189,26008
202207,2호선,강남,37133,35597,72730
202207,2호선,강변,25106,23256,48362
202207,2호선,건대입구,27328,29135,56463
202207,2호선,교대,11303,12523,23826
202207,2호선,구로디지털단지,25222,24884,50106
202207,2호선,구의,11818,11765,23583
202207,2호선,낙성대,16671,17351,34022
202207,2호선,당산,8453,9285,17738
202207,2호선,대림,15859,16131,31990
202207,2호선,도림천,506,467,973
202207,2호선,동대문역사문화공원,8492,10378,18870
202207,2호선,뚝섬,10459,10789,21248
202207,2호선,문래,7409,7854,15263
202207,2호선,방배,7215,7774,14989
202207,2호선,봉천,13299,12668,25967
202207,2호선,사당,24676,26737,51413
202207,2호선,삼성,32636,31402,64038
202207,2호선,상왕십리,7395,7366,14761
202207,2호선,서울대입구,27091,28154,55245
202207,2호선,서초,13277,11846,25123
202207,2호선,선릉,14125,12292,26417
202207,2호선,성수,15562,16957,32519
202207,2호선,시청,6970,5670,12640
202207,2호선,신답,769,833,1602
202207,2호선,신당,8116,8365,16481
202207,2호선,신대방,15752,15314,31066
202207,2호선,신도림,28877,29650,58527
202207,2호선,신림,37495,36828,74323
202207,2호선,신설동,3129,3030,6159
202207,2호선,신정네거리,5570,5562,11132
202207,2호선,신촌,25382,24808,50190
202207,2호선,아현,5519,5448,10967
202207,2호선,양천구청,3336,3517,6853
202207,2호선,역삼,11554,12726,24280
202207,2호선,영등포구청,7673,7975,15648
202207,2호선,왕십리,10078,8855,18933
202207,2호선,용답,1764,1650,3414
202207,2호선,용두,1092,1064,2156
202207,2호선,을지로3가,9154,8849,18003
202207,2호선,을지로4가,4000,3825,7825
202207,2호선,을지로입구,17556,16931,34487
202207,2호선,이대,7314,8047,15361
202207,2호선,잠실,53991,50798,104789
202207,2호선,잠실나루,5677,5788,11465
202207,2호선,잠실새내,12386,12958,25344
202207,2호선,종합운동장,9814,10937,20751
202207,2호선,충정로,3812,4113,7925
202207,2호선,한양대,2589,2901,5490
202207,2호선,합정,21751,23608,45359
202207,2호선,홍대입구,58059,57719,115778
202207,3호선,가락시장,3752,4010,7762
202207,3호선,경복궁,14680,15816,30496
202207,3호선,경찰병원,2960,2976,5936
202207,3호선,고속터미널,47291,43582,90873
202207,3호선,교대,4788,2929,7717
202207,3호선,구파발,12896,13248,26144
202207,3호선,금호,4295,4177,8472
202207,3호선,남부터미널,15818,16647,32465
202207,3호선,녹번,7547,6799,14346
202207,3호선,대청,4290,4136,8426
202207,3호선,대치,6143,5432,11575
202207,3호선,도곡,1948,2010,3958
202207,3호선,독립문,4127,4369,8496
202207,3호선,동대입구,5237,5671,10908
202207,3호선,매봉,4503,4547,9050
202207,3호선,무악재,1872,1993,3865
202207,3호선,불광,9886,11473,21359
202207,3호선,수서,10684,10777,21461
202207,3호선,신사,13923,14083,28006
202207,3호선,안국,11627,11765,23392
202207,3호선,압구정,14896,15525,30421
202207,3호선,약수,6696,6503,13199
202207,3호선,양재,13700,15780,29480
202207,3호선,연신내,22357,21045,43402
202207,3호선,오금,2793,2685,5478
202207,3호선,옥수,5020,5290,10310
202207,3호선,을지로3가,3645,3351,6996
202207,3호선,일원,3661,3724,7385
202207,3호선,잠원,2173,2245,4418
202207,3호선,종로3가,4430,5612,10042
202207,3호선,지축,2744,2541,5285
202207,3호선,학여울,2132,2241,4373
202207,3호선,홍제,9603,9145,18748
202207,4호선,길음,11167,10826,21993
202207,4호선,남태령,901,564,1465
202207,4호선,노원,12428,13373,25801
202207,4호선,당고개,6395,6154,12549
202207,4호선,동대문,6789,7681,14470
202207,4호선,동대문역사문화공원,10000,8773,18773
202207,4호선,동작,893,952,1845
202207,4호선,명동,13604,13440,27044
202207,4호선,미아,8448,7994,16442
202207,4호선,미아사거리,17009,16138,33147
202207,4호선,사당,17337,15960,33297
202207,4호선,삼각지,3061,4099,7160
202207,4호선,상계,10557,9831,20388
202207,4호선,서울역,4904,12015,16919
202207,4호선,성신여대입구,12971,12703,25674
202207,4호선,수유,20795,20124,40919
202207,4호선,숙대입구,8069,7970,16039
202207,4호선,신용산,9859,10220,20079
202207,4호선,쌍문,16325,14904,31229
202207,4호선,이촌,6408,6972,13380
202207,4호선,창동,15216,15918,31134
202207,4호선,총신대입구,10753,11582,22335
202207,4호선,충무로,8158,8807,16965
202207,4호선,한성대입구,7771,7735,15506
202207,4호선,혜화,23747,24909,48656
202207,4호선,회현,8982,8844,17826
202207,5호선,강동,9282,9091,18373
202207,5호선,강일,2388,2242,4630
202207,5호선,개롱,3034,3305,6339
202207,5호선,개화산,2763,2794,5557
202207,5호선,거여,4722,4465,9187
202207,5호선,고덕,4344,4583,8927
202207,5호선,공덕,4580,4524,9104
202207,5호선,광나루,7714,7294,15008
202207,5호선,광화문,12048,12614,24662
202207,5호선,군자,6128,7020,13148
202207,5호선,굽은다리,5887,5639,11526
202207,5호선,길동,4227,4205,8432
202207,5호선,김포공항,8094,7904,15998
202207,5호선,까치산,15929,15333,31262
202207,5호선,답십리,7645,7097,14742
202207,5호선,동대문역사문화공원,767,858,1625
202207,5호선,둔촌동,4531,4558,9089
202207,5호선,마곡,3814,3929,7743
202207,5호선,마장,2879,2706,5585
202207,5호선,마천,3598,3904,7502
202207,5호선,마포,4898,4856,9754
202207,5호선,명일,5275,5318,10593
202207,5호선,목동,7916,8064,15980
202207,5호선,미사,9214,9448,18662
202207,5호선,발산,9545,10325,19870
202207,5호선,방이,3887,3849,7736
202207,5호선,방화,3699,3712,7411
202207,5호선,상일동,6967,6786,13753
202207,5호선,서대문,5217,5058,10275
202207,5호선,송정,3673,3758,7431
202207,5호선,신금호,3026,3336,6362
202207,5호선,신길,2076,2215,4291
202207,5호선,신정,6389,5842,12231
202207,5호선,아차산,9475,9158,18633
202207,5호선,애오개,2734,2803,5537
202207,5호선,양평,2624,2755,5379
202207,5호선,여의나루,13251,14672,27923
202207,5호선,여의도,9042,9544,18586
202207,5호선,영등포구청,1316,1285,2601
202207,5호선,영등포시장,5468,5618,11086
202207,5호선,오금,1609,1522,3131
202207,5호선,오목교,12184,12733,24917
202207,5호선,올림픽공원,2411,2010,4421
202207,5호선,왕십리,2523,3226,5749
202207,5호선,우장산,7231,7437,14668
202207,5호선,을지로4가,1655,1718,3373
202207,5호선,장한평,8097,8241,16338
202207,5호선,종로3가,8959,8058,17017
202207,5호선,천호,13188,12532,25720
202207,5호선,청구,1884,1710,3594
202207,5호선,충정로,1490,1585,3075
202207,5호선,하남검단산,5001,4846,9847
202207,5호선,하남시청,4277,4120,8397
202207,5호선,하남풍산,2403,2327,4730
202207,5호선,행당,4004,3623,7627
202207,5호선,화곡,14632,14002,28634
202207,6호선,고려대,4136,4047,8183
202207,6호선,공덕,6797,6392,13189
202207,6호선,광흥창,4338,4208,8546
202207,6호선,구산,3975,3228,7203
202207,6호선,녹사평,3939,3756,7695
202207,6호선,대흥,4010,4173,8183
202207,6호선,독바위,1569,1857,3426
202207,6호선,돌곶이,5725,5369,11094
202207,6호선,동묘앞,5608,5807,11415
202207,6호선,디지털미디어시티,5381,5773,11154
202207,6호선,마포구청,6969,6395,13364
202207,6호선,망원,9203,9952,19155
202207,6호선,버티고개,1042,1148,2190
202207,6호선,보문,4067,3933,8000
202207,6호선,봉화산,3977,4035,8012
202207,6호선,불광,3318,2994,6312
202207,6호선,삼각지,4260,3132,7392
202207,6호선,상수,6755,7814,14569
202207,6호선,상월곡,3284,3003,6287
202207,6호선,새절,6550,6304,12854
202207,6호선,석계,6552,6912,13464
202207,6호선,신당,3439,4157,7596
202207,6호선,안암,4900,5246,10146
202207,6호선,약수,1751,1757,3508
202207,6호선,역촌,2116,2145,4261
202207,6호선,월곡,5304,5264,10568
202207,6호선,월드컵경기장,3277,3486,6763
202207,6호선,응암,9481,9566,19047
202207,6호선,이태원,13710,11372,25082
202207,6호선,증산,5638,5664,11302
202207,6호선,창신,1623,1519,3142
202207,6호선,청구,1632,1536,3168
202207,6호선,태릉입구,3140,3510,6650
202207,6호선,한강진,6749,7464,14213
202207,6호선,합정,9991,9042,19033
202207,6호선,화랑대,5168,4544,9712
202207,6호선,효창공원앞,3455,3103,6558
202207,7호선,가산디지털단지,10710,9909,20619
202207,7호선,강남구청,5218,5759,10977
202207,7호선,건대입구,8578,8825,17403
202207,7호선,고속터미널,14209,8768,22977
202207,7호선,공릉,6291,6483,12774
202207,7호선,광명사거리,12877,12961,25838
202207,7호선,군자,8255,6403,14658
202207,7호선,남구로,7215,7097,14312
202207,7호선,남성,5693,5690,11383
202207,7호선,내방,5432,5726,11158
202207,7호선,노원,12244,12522,24766
202207,7호선,논현,5583,5820,11403
202207,7호선,대림,8312,8043,16355
202207,7호선,도봉산,5974,7939,13913
202207,7호선,뚝섬유원지,7462,7131,14593
202207,7호선,마들,6082,5723,11805
202207,7호선,먹골,5567,5546,11113
202207,7호선,면목,8047,7741,15788
202207,7호선,반포,3072,3047,6119
202207,7호선,보라매,3840,3970,7810
202207,7호선,사가정,8983,8781,17764
202207,7호선,상도,5945,5890,11835
202207,7호선,상봉,9616,8981,18597
202207,7호선,수락산,8808,8888,17696
202207,7호선,숭실대입구,6008,6419,12427
202207,7호선,신대방삼거리,7928,7866,15794
202207,7호선,신풍,6408,6074,12482
202207,7호선,어린이대공원,7228,7298,14526
202207,7호선,온수,4203,4245,8448
202207,7호선,용마산,3792,3727,7519
202207,7호선,이수,8724,8488,17212
202207,7호선,장승배기,5018,4968,9986
202207,7호선,장암,1726,1229,2955
202207,7호선,중계,6836,6426,13262
202207,7호선,중곡,5300,5136,10436
202207,7호선,중화,5773,5581,11354
202207,7호선,천왕,5186,5023,10209
202207,7호선,철산,11091,11160,22251
202207,7호선,청담,6937,7748,14685
202207,7호선,태릉입구,5211,4821,10032
202207,7호선,하계,9715,9282,18997
202207,7호선,학동,6463,6752,13215
202207,8호선,가락시장,3245,3891,7136
202207,8호선,강동구청,4678,4819,9497
202207,8호선,남위례,2551,2629,5180
202207,8호선,남한산성입구,6965,6423,13388
202207,8호선,단대오거리,5519,5495,11014
202207,8호선,모란,2738,2398,5136
202207,8호선,몽촌토성,3177,3218,6395
202207,8호선,문정,5466,5754,11220
202207,8호선,복정,4998,4665,9663
202207,8호선,산성,3046,3191,6237
202207,8호선,석촌,4314,5212,9526
202207,8호선,송파,4657,4599,9256
202207,8호선,수진,3157,2846,6003
202207,8호선,신흥,2922,3132,6054
202207,8호선,암사,9043,8603,17646
202207,8호선,잠실,11782,13335,25117
202207,8호선,장지,9597,9939,19536
202207,8호선,천호,9130,10433,19563
202207,9호선,가양,11801,11484,23285
202207,9호선,개화,1143,1009,2152
202207,9호선,고속터미널,12307,16810,29117
202207,9호선,공항시장,1885,2093,3978
202207,9호선,구반포,395,413,808
202207,9호선,국회의사당,5228,4829,10057
202207,9호선,김포공항,8740,12127,20867
202207,9호선,노들,2682,2334,5016
202207,9호선,노량진,14719,15814,30533
202207,9호선,당산,9597,9616,19213
202207,9호선,동작,1336,1118,2454
202207,9호선,등촌,5236,5404,10640
202207,9호선,마곡나루,5596,5806,11402
202207,9호선,사평,1786,1867,3653
202207,9호선,샛강,1993,1917,3910
202207,9호선,선유도,2962,2938,5900
202207,9호선,신논현,17504,16627,34131
202207,9호선,신목동,1857,1692,3549
202207,9호선,신반포,2120,2258,4378
202207,9호선,신방화,3715,3616,7331
202207,9호선,양천향교,4195,4350,8545
202207,9호선,여의도,10993,10154,21147
202207,9호선,염창,9063,8963,18026
202207,9호선,증미,2643,2614,5257
202207,9호선,흑석,4033,4311,8344
202207,9호선2~3단계,둔촌오륜,618,619,1237
202207,9호선2~3단계,봉은사,14767,15696,30463
202207,9호선2~3단계,삼성중앙,2313,2290,4603
202207,9호선2~3단계,삼전,3752,3726,7478
202207,9호선2~3단계,석촌,4878,4196,9074
202207,9호선2~3단계,석촌고분,3282,3280,6562
202207,9호선2~3단계,선정릉,3094,3525,6619
202207,9호선2~3단계,송파나루,3362,3679,7041
202207,9호선2~3단계,언주,4086,3918,8004
202207,9호선2~3단계,올림픽공원,4875,5095,9970
202207,9호선2~3단계,종합운동장,2503,2307,4810
202207,9호선2~3단계,중앙보훈병원,3955,3939,7894
202207,9호선2~3단계,한성백제,1624,1454,3078
202207,경강선,경기광주,4384,4336,8720
202207,경강선,곤지암,1590,1783,3373
202207,경강선,부발,1683,2251,3934
202207,경강선,삼동,1136,1132,2268
202207,경강선,세종대왕릉,302,273,575
202207,경강선,신둔도예촌,1115,1035,2150
202207,경강선,여주,2499,2370,4869
202207,경강선,이매,747,598,1345
202207,경강선,이천,2392,2583,4975
202207,경강선,초월,1773,1716,3489
202207,경강선,판교,2850,2687,5537
202207,경부선,가산디지털단지,4701,6655,11356
202207,경부선,관악,5097,4718,9815
202207,경부선,광명,3015,2129,5144
202207,경부선,구로,10540,10930,21470
202207,경부선,군포,3164,3128,6292
202207,경부선,금정,15240,15520,30760
202207,경부선,금천구청,6091,6188,12279
202207,경부선,남영,4978,5206,10184
202207,경부선,노량진,5545,5092,10637
202207,경부선,당정,2982,2964,5946
202207,경부선,대방,5370,6033,11403
202207,경부선,독산,6241,6371,12612
202207,경부선,두정,4859,5372,10231
202207,경부선,명학,3179,3096,6275
202207,경부선,병점,9923,10831,20754
202207,경부선,서동탄,812,823,1635
202207,경부선,서울역,9350,1976,11326
202207,경부선,서정리,4826,7139,11965
202207,경부선,석수,5254,5017,10271
202207,경부선,성균관대,8341,8859,17200
202207,경부선,성환,2741,3168,5909
202207,경부선,세류,2272,2155,4427
202207,경부선,세마,2004,1936,3940
202207,경부선,송탄,3810,4811,8621
202207,경부선,수원,37288,36713,74001
202207,경부선,신길,4574,4138,8712
202207,경부선,신도림,2173,2503,4676
202207,경부선,안양,14844,14345,29189
202207,경부선,영등포,37877,36569,74446
202207,경부선,오산,8479,9070,17549
202207,경부선,오산대,2336,2186,4522
202207,경부선,용산,39141,35727,74868
202207,경부선,의왕,4255,4333,8588
202207,경부선,직산,595,660,1255
202207,경부선,진위,997,979,1976
202207,경부선,천안,6777,6650,13427
202207,경부선,평택,12708,13509,26217
202207,경부선,평택지제,2864,2719,5583
202207,경부선,화서,4506,4511,9017
202207,경원선,가능,4133,3858,7991
202207,경원선,광운대,4410,4444,8854
202207,경원선,녹양,2799,2611,5410
202207,경원선,녹천,2568,2237,4805
202207,경원선,덕계,1994,1939,3933
202207,경원선,덕정,3361,3647,7008
202207,경원선,도봉,3615,3388,7003
202207,경원선,도봉산,7987,5698,13685
202207,경원선,동두천,1381,1915,3296
202207,경원선,동두천중앙,2355,2181,4536
202207,경원선,망월사,5026,5083,10109
202207,경원선,방학,6061,5922,11983
202207,경원선,보산,1389,1482,2871
202207,경원선,서빙고,1862,1821,3683
202207,경원선,석계,5132,5434,10566
202207,경원선,소요산,4782,4258,9040
202207,경원선,신이문,4791,4579,9370
202207,경원선,양주,5315,5304,10619
202207,경원선,옥수,63,26,89
202207,경원선,왕십리,10713,12067,22780
202207,경원선,외대앞,5042,4966,10008
202207,경원선,월계,3618,3348,6966
202207,경원선,응봉,1150,1089,2239
202207,경원선,의정부,15090,15267,30357
202207,경원선,이촌,2659,1985,4644
202207,경원선,지행,4830,4878,9708
202207,경원선,청량리,15817,14212,30029
202207,경원선,한남,1866,1903,3769
202207,경원선,회룡,7702,7693,15395
202207,경의선,가좌,3055,3008,6063
202207,경의선,강매,1499,1449,2948
202207,경의선,곡산,356,332,688
202207,경의선,공덕,1862,1485,3347
202207,경의선,금릉,3014,3090,6104
202207,경의선,금촌,4450,4854,9304
202207,경의선,능곡,2167,2126,4293
202207,경의선,디지털미디어시티,1601,1411,3012
202207,경의선,문산,4162,4471,8633
202207,경의선,백마,3547,3502,7049
202207,경의선,서강대,1414,1436,2850
202207,경의선,서울역,1265,1083,2348
202207,경의선,수색,933,1012,1945
202207,경의선,신촌,301,354,655
202207,경의선,야당,5128,5156,10284
202207,경의선,운정,3771,3714,7485
202207,경의선,월롱,1107,2263,3370
202207,경의선,일산,4944,4710,9654
202207,경의선,임진강,57,37,94
202207,경의선,탄현,4367,4185,8552
202207,경의선,파주,669,623,1292
202207,경의선,풍산,3623,3427,7050
202207,경의선,행신,4967,4561,9528
202207,경의선,홍대입구,1885,2275,4160
202207,경의선,화전,871,901,1772
202207,경의선,효창공원앞,1384,1572,2956
202207,경인선,간석,3454,3160,6614
202207,경인선,개봉,12130,12110,24240
202207,경인선,구일,5215,5170,10385
202207,경인선,도원,1754,1751,3505
202207,경인선,도화,2520,2385,4905
202207,경인선,동암,10364,10185,20549
202207,경인선,동인천,9848,9629,19477
202207,경인선,백운,4139,4120,8259
202207,경인선,부개,5158,4717,9875
202207,경인선,부천,22505,22511,45016
202207,경인선,부평,24344,24347,48691
202207,경인선,소사,5119,5186,10305
202207,경인선,송내,13895,13553,27448
202207,경인선,역곡,14838,15014,29852
202207,경인선,오류동,7265,6820,14085
202207,경인선,온수,3847,3539,7386
202207,경인선,인천,4068,3337,7405
202207,경인선,제물포,5665,5456,11121
202207,경인선,주안,12786,11409,24195
202207,경인선,중동,5173,4821,9994
202207,경춘선,가평,3780,2494,6274
202207,경춘선,갈매,1504,1245,2749
202207,경춘선,강촌,1006,557,1563
202207,경춘선,굴봉산,288,174,462
202207,경춘선,금곡,908,895,1803
202207,경춘선,김유정,414,441,855
202207,경춘선,남춘천,2789,2731,5520
202207,경춘선,대성리,1568,938,2506
202207,경춘선,마석,2839,2749,5588
202207,경춘선,백양리,194,127,321
202207,경춘선,별내,1899,1775,3674
202207,경춘선,사릉,1357,1401,2758
202207,경춘선,상천,418,332,750
202207,경춘선,신내,1013,1081,2094
202207,경춘선,천마산,1117,1109,2226
202207,경춘선,청평,2442,1665,4107
202207,경춘선,춘천,2181,1589,3770
202207,경춘선,퇴계원,2028,1962,3990
202207,경춘선,평내호평,3615,3419,7034
202207,공항철도 1호선,검암,3641,3795,7436
202207,공항철도 1호선,계양,5989,5799,11788
202207,공항철도 1호선,공덕,1269,1648,2917
202207,공항철도 1호선,공항화물청사,1090,1144,2234
202207,공항철도 1호선,김포공항,11824,6058,17882
202207,공항철도 1호선,디지털미디어시티,3511,3630,7141
202207,공항철도 1호선,마곡나루,2282,2602,4884
202207,공항철도 1호선,서울역,9292,8213,17505
202207,공항철도 1호선,영종,2835,2776,5611
202207,공항철도 1호선,운서,6165,6400,12565
202207,공항철도 1호선,인천공항1터미널,7988,7173,15161
202207,공항철도 1호선,인천공항2터미널,4030,3722,7752
202207,공항철도 1호선,청라국제도시,3630,3582,7212
202207,공항철도 1호선,홍대입구,11826,11383,23209
202207,과천선,경마공원,15470,15853,31323
202207,과천선,과천,4053,3884,7937
202207,과천선,대공원,7681,8641,16322
202207,과천선,범계,16644,16466,33110
202207,과천선,선바위,4451,3965,8416
202207,과천선,인덕원,13272,13432,26704
202207,과천선,정부과천청사,5190,5320,10510
202207,과천선,평촌,6774,6382,13156
202207,분당선,가천대,3996,4741,8737
202207,분당선,강남구청,3038,3462,6500
202207,분당선,개포동,2284,2248,4532
202207,분당선,구룡,824,944,1768
202207,분당선,구성,2617,2878,5495
202207,분당선,기흥,5783,5473,11256
202207,분당선,대모산입구,2253,2221,4474
202207,분당선,도곡,2802,2940,5742
202207,분당선,망포,6835,7179,14014
202207,분당선,매교,1666,1663,3329
202207,분당선,매탄권선,2908,2780,5688
202207,분당선,모란,11894,12202,24096
202207,분당선,미금,7867,8468,16335
202207,분당선,보정,1237,1156,2393
202207,분당선,상갈,3093,3245,6338
202207,분당선,서울숲,6249,6182,12431
202207,분당선,서현,16264,16205,32469
202207,분당선,선릉,2959,4347,7306
202207,분당선,선정릉,2007,2035,4042
202207,분당선,수내,6481,6351,12832
202207,분당선,수서,8718,8506,17224
202207,분당선,수원,6239,5362,11601
202207,분당선,수원시청,7881,7913,15794
202207,분당선,신갈,2209,2331,4540
202207,분당선,압구정로데오,10479,11553,22032
202207,분당선,야탑,14336,14638,28974
202207,분당선,영통,5329,5252,10581
202207,분당선,오리,5927,5127,11054
202207,분당선,이매,3756,3736,7492
202207,분당선,정자,7932,8304,16236
202207,분당선,죽전,7872,9080,16952
202207,분당선,청명,2164,2247,4411
202207,분당선,태평,8563,7978,16541
202207,분당선,한티,9735,9392,19127
202207,수인선,고색,1845,1890,3735
202207,수인선,남동인더스파크,690,639,1329
202207,수인선,달월,51,56,107
202207,수인선,사리,2733,2385,5118
202207,수인선,소래포구,4342,4090,8432
202207,수인선,송도,1531,1490,3021
202207,수인선,숭의,2002,1790,3792
202207,수인선,신포,1178,1055,2233
202207,수인선,야목,215,172,387
202207,수인선,어천,591,724,1315
202207,수인선,연수,3447,3537,6984
202207,수인선,오목천,1687,1564,3251
202207,수인선,원인재,2943,2981,5924
202207,수인선,월곶,1805,1695,3500
202207,수인선,인천,1179,1627,2806
202207,수인선,인천논현,3016,3230,6246
202207,수인선,인하대,3424,3208,6632
202207,수인선,호구포,2150,2232,4382
202207,신림선,관악산,4605,4615,9220
202207,신림선,당곡,2351,2229,4580
202207,신림선,대방,1226,887,2113
202207,신림선,보라매,1627,1519,3146
202207,신림선,보라매공원,1111,1192,2303
202207,신림선,보라매병원,2070,2177,4247
202207,신림선,샛강,808,1177,1985
202207,신림선,서울대벤처타운,4425,4302,8727
202207,신림선,서울지방병무청,1310,1486,2796
202207,신림선,서원,1843,1721,3564
202207,신림선,신림,1138,1800,2938
202207,안산선,고잔,4806,4714,9520
202207,안산선,대야미,3031,2800,5831
202207,안산선,반월,2533,2566,5099
202207,안산선,산본,9270,10036,19306
202207,안산선,상록수,9994,9798,19792
202207,안산선,수리산,2155,2056,4211
202207,안산선,신길온천,1249,1219,2468
202207,안산선,안산,10636,9621,20257
202207,안산선,오이도,6300,6174,12474
202207,안산선,정왕,6041,6388,12429
202207,안산선,중앙,12904,12839,25743
202207,안산선,초지,2708,2569,5277
202207,안산선,한대앞,5601,5464,11065
202207,우이신설선,4.19민주묘지,1925,1681,3606
202207,우이신설선,가오리,2462,2299,4761
202207,우이신설선,보문,966,1018,1984
202207,우이신설선,북한산보국문,3806,3413,7219
202207,우이신설선,북한산우이,3443,3507,6950
202207,우이신설선,삼양,1092,1188,2280
202207,우이신설선,삼양사거리,1603,1519,3122
202207,우이신설선,성신여대입구,2414,2755,5169
202207,우이신설선,솔밭공원,1495,1482,2977
202207,우이신설선,솔샘,2946,2748,5694
202207,우이신설선,신설동,1148,1153,2301
202207,우이신설선,정릉,2855,2413,5268
202207,우이신설선,화계,2204,2062,4266
202207,일산선,대곡,1061,946,2007
202207,일산선,대화,6804,6130,12934
202207,일산선,마두,3549,3472,7021
202207,일산선,백석,5872,5778,11650
202207,일산선,삼송,11994,11749,23743
202207,일산선,원당,6280,6107,12387
202207,일산선,원흥,5875,5667,11542
202207,일산선,정발산,6054,6065,12119
202207,일산선,주엽,5191,5236,10427
202207,일산선,화정,9776,10121,19897
202207,장항선,배방,912,1056,1968
202207,장항선,봉명,579,615,1194
202207,장항선,신창,981,1189,2170
202207,장항선,쌍용,1279,1268,2547
202207,장항선,아산,3702,2271,5973
202207,장항선,온양온천,3493,3541,7034
202207,장항선,탕정,656,668,1324
202207,중앙선,구리,8236,8424,16660
202207,중앙선,국수,600,537,1137
202207,중앙선,덕소,3757,3679,7436
202207,중앙선,도농,5512,5506,11018
202207,중앙선,도심,1369,1217,2586
202207,중앙선,망우,5144,5176,10320
202207,중앙선,상봉,3887,3879,7766
202207,중앙선,신원,237,168,405
202207,중앙선,아신,663,493,1156
202207,중앙선,양수,2510,2324,4834
202207,중앙선,양원,1386,1409,2795
202207,중앙선,양정,468,401,869
202207,중앙선,양평,2597,2426,5023
202207,중앙선,오빈,265,244,509
202207,중앙선,용문,4663,4107,8770
202207,중앙선,운길산,1028,942,1970
202207,중앙선,원덕,444,364,808
202207,중앙선,중랑,3585,3530,7115
202207,중앙선,지평,88,65,153
202207,중앙선,팔당,1441,1435,2876
202207,중앙선,회기,16067,16269,32336
202207,1호선,동대문,10340,10049,20389
202207,1호선,동묘앞,9980,10103,20083
202207,1호선,서울역,39140,38213,77353
202207,1호선,시청,25899,29437,55336
202207,1호선,신설동,9917,9574,19491
202207,1호선,제기동,15104,15122,30226
202207,1호선,종각,23186,21761,44947
202207,1호선,종로3가,23982,22923,46905
202207,1호선,종로5가,19928,20018,39946
202207,1호선,청량리,18183,18568,36751
202207,2호선,강남,62348,62448,124796
202207,2호선,강변,29477,28845,58322
202207,2호선,건대입구,34521,38682,73203
202207,2호선,교대,18941,21343,40284
202207,2호선,구로디지털단지,35876,34687,70563
202207,2호선,구의,16887,16455,33342
202207,2호선,낙성대,22511,20592,43103
202207,2호선,당산,13024,13979,27003
202207,2호선,대림,18720,19823,38543
202207,2호선,도림천,829,764,1593
202207,2호선,동대문역사문화공원,11374,13292,24666
202207,2호선,뚝섬,14226,14318,28544
202207,2호선,문래,13258,14184,27442
202207,2호선,방배,10020,10187,20207
202207,2호선,봉천,18676,16555,35231
202207,2호선,사당,34062,38903,72965
202207,2호선,삼성,36882,36089,72971
202207,2호선,상왕십리,10074,9307,19381
202207,2호선,서울대입구,38713,37310,76023
202207,2호선,서초,12747,10707,23454
202207,2호선,선릉,26015,23169,49184
202207,2호선,성수,22101,25234,47335
202207,2호선,시청,21679,19706,41385
202207,2호선,신답,1092,1124,2216
202207,2호선,신당,11022,11508,22530
202207,2호선,신대방,20489,19356,39845
202207,2호선,신도림,39698,40404,80102
202207,2호선,신림,50242,47444,97686
202207,2호선,신설동,3514,3344,6858
202207,2호선,신정네거리,7969,7812,15781
202207,2호선,신촌,33421,34179,67600
202207,2호선,아현,8197,7518,15715
202207,2호선,양천구청,4623,4596,9219
202207,2호선,역삼,18880,20764,39644
202207,2호선,영등포구청,12431,12887,25318
202207,2호선,왕십리,13549,11920,25469
202207,2호선,용답,2188,2036,4224
202207,2호선,용두,1860,1793,3653
202207,2호선,을지로3가,13328,12818,26146
202207,2호선,을지로4가,7713,7883,15596
202207,2호선,을지로입구,28396,25978,54374
202207,2호선,이대,11172,11474,22646
202207,2호선,잠실,72338,68774,141112
202207,2호선,잠실나루,7787,7679,15466
202207,2호선,잠실새내,18892,20899,39791
202207,2호선,종합운동장,39703,45635,85338
202207,2호선,충정로,6152,6158,12310
202207,2호선,한양대,4009,4185,8194
202207,2호선,합정,28898,33582,62480
202207,2호선,홍대입구,71624,81710,153334
202207,3호선,가락시장,6161,5817,11978
202207,3호선,경복궁,20201,21761,41962
202207,3호선,경찰병원,4058,3915,7973
202207,3호선,고속터미널,54662,54504,109166
202207,3호선,교대,7839,4782,12621
202207,3호선,구파발,16712,17227,33939
202207,3호선,금호,6113,5460,11573
202207,3호선,남부터미널,22900,22627,45527
202207,3호선,녹번,11077,9377,20454
202207,3호선,대청,6149,5655,11804
202207,3호선,대치,11851,10462,22313
202207,3호선,도곡,3375,3364,6739
202207,3호선,독립문,5865,5826,11691
202207,3호선,동대입구,6286,6870,13156
202207,3호선,매봉,6743,6475,13218
202207,3호선,무악재,2686,2711,5397
202207,3호선,불광,13067,14699,27766
202207,3호선,수서,13904,13919,27823
202207,3호선,신사,24145,26063,50208
202207,3호선,안국,19097,19099,38196
202207,3호선,압구정,26286,27768,54054
202207,3호선,약수,9452,9091,18543
202207,3호선,양재,20292,22657,42949
202207,3호선,연신내,29893,27607,57500
202207,3호선,오금,3701,3518,7219
202207,3호선,옥수,6932,7006,13938
202207,3호선,을지로3가,5778,6146,11924
202207,3호선,일원,5011,4878,9889
202207,3호선,잠원,3747,3546,7293
202207,3호선,종로3가,6735,9600,16335
202207,3호선,지축,3875,3591,7466
202207,3호선,학여울,2745,2856,5601
202207,3호선,홍제,13442,12646,26088
202207,4호선,길음,15416,14534,29950
202207,4호선,남태령,1268,858,2126
202207,4호선,노원,15741,18027,33768
202207,4호선,당고개,7460,7035,14495
202207,4호선,동대문,14251,14630,28881
202207,4호선,동대문역사문화공원,12676,10990,23666
202207,4호선,동작,1184,1218,2402
202207,4호선,명동,17331,18647,35978
202207,4호선,미아,11019,10039,21058
202207,4호선,미아사거리,22308,21391,43699
202207,4호선,사당,23267,20448,43715
202207,4호선,삼각지,4274,5396,9670
202207,4호선,상계,14031,12805,26836
202207,4호선,서울역,7254,16133,23387
202207,4호선,성신여대입구,16719,15834,32553
202207,4호선,수유,26797,26354,53151
202207,4호선,숙대입구,11187,10365,21552
202207,4호선,신용산,12450,13527,25977
202207,4호선,쌍문,21923,19529,41452
202207,4호선,이촌,8689,9493,18182
202207,4호선,창동,19910,20892,40802
202207,4호선,총신대입구,14838,16007,30845
202207,4호선,충무로,12850,13934,26784
202207,4호선,한성대입구,10581,10193,20774
202207,4호선,혜화,31215,32659,63874
202207,4호선,회현,20629,19879,40508
202207,5호선,강동,13420,12710,26130
202207,5호선,강일,3132,2925,6057
202207,5호선,개롱,4374,4540,8914
202207,5호선,개화산,3816,3556,7372
202207,5호선,거여,6610,6179,12789
202207,5호선,고덕,6654,6360,13014
202207,5호선,공덕,7400,7785,15185
202207,5호선,광나루,10403,9925,20328
202207,5호선,광화문,18890,18861,37751
202207,5호선,군자,8620,9751,18371
202207,5호선,굽은다리,7623,7219,14842
202207,5호선,길동,6162,6265,12427
202207,5호선,김포공항,7979,8224,16203
202207,5호선,까치산,21784,20268,42052
202207,5호선,답십리,10662,9631,20293
202207,5호선,동대문역사문화공원,1167,1400,2567
202207,5호선,둔촌동,5763,5825,11588
202207,5호선,마곡,5733,5809,11542
202207,5호선,마장,3809,3556,7365
202207,5호선,마천,4784,4853,9637
202207,5호선,마포,7722,7658,15380
202207,5호선,명일,6224,6160,12384
202207,5호선,목동,11544,11532,23076
202207,5호선,미사,12369,12202,24571
202207,5호선,발산,12957,14341,27298
202207,5호선,방이,5316,5179,10495
202207,5호선,방화,4739,4471,9210
202207,5호선,상일동,9541,8662,18203
202207,5호선,서대문,8028,7423,15451
202207,5호선,송정,5268,4822,10090
202207,5호선,신금호,4163,4266,8429
202207,5호선,신길,2860,2896,5756
202207,5호선,신정,9450,7707,17157
202207,5호선,아차산,11593,10746,22339
202207,5호선,애오개,4394,4233,8627
202207,5호선,양평,3955,3611,7566
202207,5호선,여의나루,10860,12389,23249
202207,5호선,여의도,11798,12905,24703
202207,5호선,영등포구청,2052,1936,3988
202207,5호선,영등포시장,8209,8390,16599
202207,5호선,오금,2045,1894,3939
202207,5호선,오목교,17043,17371,34414
202207,5호선,올림픽공원,3325,2617,5942
202207,5호선,왕십리,3395,4370,7765
202207,5호선,우장산,10402,9926,20328
202207,5호선,을지로4가,3409,3734,7143
202207,5호선,장한평,11506,11128,22634
202207,5호선,종로3가,13548,13339,26887
202207,5호선,천호,16556,15913,32469
202207,5호선,청구,2550,2430,4980
202207,5호선,충정로,2165,1976,4141
202207,5호선,하남검단산,5381,5281,10662
202207,5호선,하남시청,5734,5424,11158
202207,5호선,하남풍산,2827,2870,5697
202207,5호선,행당,5738,5116,10854
202207,5호선,화곡,20838,18698,39536
202207,6호선,고려대,5559,5165,10724
202207,6호선,공덕,10601,9773,20374
202207,6호선,광흥창,5465,5009,10474
202207,6호선,구산,5790,4347,10137
202207,6호선,녹사평,5396,6435,11831
202207,6호선,대흥,6017,6122,12139
202207,6호선,독바위,2104,2308,4412
202207,6호선,돌곶이,6370,5825,12195
202207,6호선,동묘앞,7417,7157,14574
202207,6호선,디지털미디어시티,7969,8021,15990
202207,6호선,마포구청,9791,8382,18173
202207,6호선,망원,12256,13587,25843
202207,6호선,버티고개,1495,1559,3054
202207,6호선,보문,5369,4668,10037
202207,6호선,봉화산,5459,5244,10703
202207,6호선,불광,3908,3643,7551
202207,6호선,삼각지,7266,4713,11979
202207,6호선,상수,9041,11747,20788
202207,6호선,상월곡,4231,3634,7865
202207,6호선,새절,9002,8335,17337
202207,6호선,석계,8796,8722,17518
202207,6호선,신당,5157,4910,10067
202207,6호선,안암,6420,6277,12697
202207,6호선,약수,2688,2741,5429
202207,6호선,역촌,2908,3078,5986
202207,6호선,연신내,1,0,1
202207,6호선,월곡,7399,7074,14473
202207,6호선,월드컵경기장,7806,8065,15871
202207,6호선,응암,13180,12860,26040
202207,6호선,이태원,15452,20938,36390
202207,6호선,증산,7582,7127,14709
202207,6호선,창신,2208,1842,4050
202207,6호선,청구,2577,2425,5002
202207,6호선,태릉입구,4268,4471,8739
202207,6호선,한강진,9808,11945,21753
202207,6호선,합정,13298,12355,25653
202207,6호선,화랑대,6905,5736,12641
202207,6호선,효창공원앞,4754,4260,9014
202207,7호선,가산디지털단지,14724,13180,27904
202207,7호선,강남구청,9913,10922,20835
202207,7호선,건대입구,11323,11931,23254
202207,7호선,고속터미널,16044,12215,28259
202207,7호선,공릉,8535,8126,16661
202207,7호선,광명사거리,17299,17041,34340
202207,7호선,군자,11087,8348,19435
202207,7호선,남구로,8530,8942,17472
202207,7호선,남성,8127,7368,15495
202207,7호선,내방,8227,8176,16403
202207,7호선,노원,16642,17122,33764
202207,7호선,논현,10383,11147,21530
202207,7호선,대림,7462,8060,15522
202207,7호선,도봉산,6447,8331,14778
202207,7호선,뚝섬유원지,7567,7027,14594
202207,7호선,마들,9107,8397,17504
202207,7호선,먹골,7909,7422,15331
202207,7호선,면목,10924,10221,21145
202207,7호선,반포,4743,4535,9278
202207,7호선,보라매,5471,5229,10700
202207,7호선,사가정,12016,11689,23705
202207,7호선,상도,8064,7263,15327
202207,7호선,상봉,13493,12853,26346
202207,7호선,수락산,10276,10118,20394
202207,7호선,숭실대입구,8497,8322,16819
202207,7호선,신대방삼거리,11328,10404,21732
202207,7호선,신풍,8891,8495,17386
202207,7호선,어린이대공원,10642,10130,20772
202207,7호선,온수,5859,5853,11712
202207,7호선,용마산,4187,4091,8278
202207,7호선,이수,12971,12354,25325
202207,7호선,장승배기,6989,6574,13563
202207,7호선,장암,2034,1411,3445
202207,7호선,중계,9619,8364,17983
202207,7호선,중곡,6999,6293,13292
202207,7호선,중화,7740,7315,15055
202207,7호선,천왕,7414,6867,14281
202207,7호선,철산,15998,16160,32158
202207,7호선,청담,11404,12467,23871
202207,7호선,태릉입구,6675,6282,12957
202207,7호선,하계,12407,11349,23756
202207,7호선,학동,10955,11381,22336
202207,8호선,가락시장,5241,5445,10686
202207,8호선,강동구청,6214,6172,12386
202207,8호선,남위례,3584,3596,7180
202207,8호선,남한산성입구,9365,8223,17588
202207,8호선,단대오거리,7653,7180,14833
202207,8호선,모란,3703,3305,7008
202207,8호선,몽촌토성,4401,4327,8728
202207,8호선,문정,8628,8551,17179
202207,8호선,복정,6138,5171,11309
202207,8호선,산성,4301,4262,8563
202207,8호선,석촌,5984,7015,12999
202207,8호선,송파,6155,6047,12202
202207,8호선,수진,4376,3937,8313
202207,8호선,신흥,3764,3951,7715
202207,8호선,암사,12717,11663,24380
202207,8호선,잠실,13926,16394,30320
202207,8호선,장지,12745,11756,24501
202207,8호선,천호,12049,14004,26053
202207,9호선,가양,14849,14125,28974
202207,9호선,개화,1448,1180,2628
202207,9호선,고속터미널,15143,21994,37137
202207,9호선,공항시장,2427,2444,4871
202207,9호선,구반포,635,687,1322
202207,9호선,국회의사당,4479,4639,9118
202207,9호선,김포공항,8657,12510,21167
202207,9호선,노들,3540,2802,6342
202207,9호선,노량진,21945,21431,43376
202207,9호선,당산,14124,13012,27136
202207,9호선,동작,1661,1448,3109
202207,9호선,등촌,7519,7175,14694
202207,9호선,마곡나루,8409,8129,16538
202207,9호선,사평,2687,2558,5245
202207,9호선,샛강,2879,2806,5685
202207,9호선,선유도,4078,3669,7747
202207,9호선,신논현,26402,26785,53187
202207,9호선,신목동,2643,2174,4817
202207,9호선,신반포,3056,3013,6069
202207,9호선,신방화,5037,4720,9757
202207,9호선,양천향교,6200,5729,11929
202207,9호선,여의도,13667,13078,26745
202207,9호선,염창,12528,11613,24141
202207,9호선,증미,4280,4026,8306
202207,9호선,흑석,6305,6211,12516
202207,9호선2~3단계,둔촌오륜,636,643,1279
202207,9호선2~3단계,봉은사,14913,16005,30918
202207,9호선2~3단계,삼성중앙,3474,3616,7090
202207,9호선2~3단계,삼전,5509,5239,10748
202207,9호선2~3단계,석촌,7187,6052,13239
202207,9호선2~3단계,석촌고분,4856,4725,9581
202207,9호선2~3단계,선정릉,4699,5382,10081
202207,9호선2~3단계,송파나루,4380,4825,9205
202207,9호선2~3단계,언주,6585,6500,13085
202207,9호선2~3단계,올림픽공원,5668,5895,11563
202207,9호선2~3단계,종합운동장,5428,5278,10706
202207,9호선2~3단계,중앙보훈병원,5257,4776,10033
202207,9호선2~3단계,한성백제,2012,1785,3797
202207,경강선,경기광주,5798,5385,11183
202207,경강선,곤지암,1994,2017,4011
202207,경강선,부발,2131,1918,4049
202207,경강선,삼동,1546,1509,3055
202207,경강선,세종대왕릉,371,394,765
202207,경강선,신둔도예촌,1274,1240,2514
202207,경강선,여주,2552,2826,5378
202207,경강선,이매,928,648,1576
202207,경강선,이천,2830,2992,5822
202207,경강선,초월,2461,2222,4683
202207,경강선,판교,3363,3253,6616
202207,경부선,가산디지털단지,6383,8526,14909
202207,경부선,관악,6685,6187,12872
202207,경부선,광명,2828,2553,5381
202207,경부선,구로,13314,14036,27350
202207,경부선,군포,4433,4040,8473
202207,경부선,금정,20321,20396,40717
202207,경부선,금천구청,8546,8550,17096
202207,경부선,남영,7106,6978,14084
202207,경부선,노량진,7946,6995,14941
202207,경부선,당정,4311,4112,8423
202207,경부선,대방,7255,7753,15008
202207,경부선,독산,9592,8949,18541
202207,경부선,두정,5807,5926,11733
202207,경부선,명학,4886,4513,9399
202207,경부선,병점,13112,12900,26012
202207,경부선,서동탄,1099,1160,2259
202207,경부선,서울역,9220,2336,11556
202207,경부선,서정리,7837,6151,13988
202207,경부선,석수,7201,6563,13764
202207,경부선,성균관대,11176,11112,22288
202207,경부선,성환,3156,2915,6071
202207,경부선,세류,3052,2999,6051
202207,경부선,세마,2555,2327,4882
202207,경부선,송탄,5319,4615,9934
202207,경부선,수원,41960,47186,89146
202207,경부선,신길,6132,5117,11249
202207,경부선,신도림,3009,3280,6289
202207,경부선,안양,18803,18781,37584
202207,경부선,영등포,42879,45616,88495
202207,경부선,오산,10254,9453,19707
202207,경부선,오산대,3025,2811,5836
202207,경부선,용산,40801,44405,85206
202207,경부선,의왕,6102,5879,11981
202207,경부선,직산,743,696,1439
202207,경부선,진위,1226,985,2211
202207,경부선,천안,6685,6878,13563
202207,경부선,평택,14610,14036,28646
202207,경부선,평택지제,3896,3483,7379
202207,경부선,화서,5935,5895,11830
202207,경원선,가능,5157,4898,10055
202207,경원선,광운대,5254,5259,10513
202207,경원선,녹양,3749,3534,7283
202207,경원선,녹천,3436,2823,6259
202207,경원선,덕계,2700,2449,5149
202207,경원선,덕정,4793,4275,9068
202207,경원선,도봉,4638,4249,8887
202207,경원선,도봉산,7914,5541,13455
202207,경원선,동두천,1736,2074,3810
202207,경원선,동두천중앙,2707,2681,5388
202207,경원선,망월사,6062,6091,12153
202207,경원선,방학,7638,7294,14932
202207,경원선,보산,1872,1816,3688
202207,경원선,서빙고,1531,1476,3007
202207,경원선,석계,6666,6835,13501
202207,경원선,소요산,4168,3618,7786
202207,경원선,신이문,6308,5688,11996
202207,경원선,양주,6513,6166,12679
202207,경원선,옥수,33,20,53
202207,경원선,왕십리,13616,15615,29231
202207,경원선,외대앞,6099,5888,11987
202207,경원선,월계,4709,4311,9020
202207,경원선,응봉,1483,1239,2722
202207,경원선,의정부,17788,19046,36834
202207,경원선,이촌,3337,2402,5739
202207,경원선,지행,6190,6045,12235
202207,경원선,창동,1,0,1
202207,경원선,청량리,17428,18212,35640
202207,경원선,한남,2746,2734,5480
202207,경원선,회룡,9674,9561,19235
202207,경의선,가좌,4272,4163,8435
202207,경의선,강매,2116,2003,4119
202207,경의선,곡산,450,462,912
202207,경의선,공덕,3126,2203,5329
202207,경의선,금릉,4102,3968,8070
202207,경의선,금촌,6207,5845,12052
202207,경의선,능곡,2873,2828,5701
202207,경의선,디지털미디어시티,2202,1948,4150
202207,경의선,문산,5400,4897,10297
202207,경의선,백마,5109,4690,9799
202207,경의선,서강대,1806,1736,3542
202207,경의선,서울역,1610,1658,3268
202207,경의선,수색,1734,1673,3407
202207,경의선,신촌,395,454,849
202207,경의선,야당,6856,7052,13908
202207,경의선,운정,5576,4891,10467
202207,경의선,월롱,1980,1629,3609
202207,경의선,일산,6717,6302,13019
202207,경의선,임진강,59,37,96
202207,경의선,탄현,5723,5271,10994
202207,경의선,파주,929,630,1559
202207,경의선,풍산,4811,4738,9549
202207,경의선,행신,5774,5861,11635
202207,경의선,홍대입구,2171,2765,4936
202207,경의선,화전,1141,1063,2204
202207,경의선,효창공원앞,1849,2001,3850
202207,경인선,간석,4799,4566,9365
202207,경인선,개봉,17173,16547,33720
202207,경인선,구일,5562,5236,10798
202207,경인선,도원,2364,2348,4712
202207,경인선,도화,3585,3238,6823
202207,경인선,동암,13677,13771,27448
202207,경인선,동인천,12304,12108,24412
202207,경인선,백운,5758,5505,11263
202207,경인선,부개,6827,6228,13055
202207,경인선,부천,29260,29982,59242
202207,경인선,부평,30595,33777,64372
202207,경인선,소사,6875,6636,13511
202207,경인선,송내,19520,19097,38617
202207,경인선,역곡,21131,20396,41527
202207,경인선,오류동,9505,8511,18016
202207,경인선,온수,5436,4735,10171
202207,경인선,인천,4497,3781,8278
202207,경인선,제물포,8231,7721,15952
202207,경인선,주안,16869,14604,31473
202207,경인선,중동,6914,6366,13280
202207,경춘선,가평,2885,3875,6760
202207,경춘선,갈매,2026,1755,3781
202207,경춘선,강촌,672,823,1495
202207,경춘선,굴봉산,193,186,379
202207,경춘선,금곡,1130,1065,2195
202207,경춘선,김유정,457,501,958
202207,경춘선,남춘천,2851,3144,5995
202207,경춘선,대성리,1560,1464,3024
202207,경춘선,마석,3425,3282,6707
202207,경춘선,백양리,136,113,249
202207,경춘선,별내,2309,2142,4451
202207,경춘선,사릉,1734,1630,3364
202207,경춘선,상천,400,341,741
202207,경춘선,신내,1372,1300,2672
202207,경춘선,천마산,1342,1320,2662
202207,경춘선,청평,2288,2568,4856
202207,경춘선,춘천,1839,1593,3432
202207,경춘선,퇴계원,2574,2360,4934
202207,경춘선,평내호평,4696,4645,9341
202207,공항철도 1호선,검암,4759,4841,9600
202207,공항철도 1호선,계양,8178,7461,15639
202207,공항철도 1호선,공덕,1750,2954,4704
202207,공항철도 1호선,공항화물청사,1424,1381,2805
202207,공항철도 1호선,김포공항,11240,6128,17368
202207,공항철도 1호선,디지털미디어시티,6057,5460,11517
202207,공항철도 1호선,마곡나루,3343,3687,7030
202207,공항철도 1호선,서울역,9477,9013,18490
202207,공항철도 1호선,영종,3599,3625,7224
202207,공항철도 1호선,운서,7430,7320,14750
202207,공항철도 1호선,인천공항1터미널,7603,7230,14833
202207,공항철도 1호선,인천공항2터미널,3440,3134,6574
202207,공항철도 1호선,청라국제도시,5031,4799,9830
202207,공항철도 1호선,홍대입구,14219,14785,29004
202207,과천선,경마공원,13075,13350,26425
202207,과천선,과천,5316,4863,10179
202207,과천선,대공원,4610,4897,9507
202207,과천선,범계,21978,21644,43622
202207,과천선,선바위,5831,5163,10994
202207,과천선,인덕원,17420,17056,34476
202207,과천선,정부과천청사,6647,6585,13232
202207,과천선,평촌,10140,9672,19812
202207,분당선,가천대,5187,5548,10735
202207,분당선,강남구청,5196,6052,11248
202207,분당선,개포동,2997,2915,5912
202207,분당선,구룡,2069,1825,3894
202207,분당선,구성,3550,3668,7218
202207,분당선,기흥,7464,6938,14402
202207,분당선,대모산입구,3418,3119,6537
202207,분당선,도곡,4963,4385,9348
202207,분당선,망포,10179,9206,19385
202207,분당선,매교,2321,2373,4694
202207,분당선,매탄권선,3816,3503,7319
202207,분당선,모란,16389,16755,33144
202207,분당선,미금,11186,11548,22734
202207,분당선,보정,1859,1617,3476
202207,분당선,상갈,4001,4060,8061
202207,분당선,서울숲,8615,9018,17633
202207,분당선,서현,20406,20746,41152
202207,분당선,선릉,5568,8397,13965
202207,분당선,선정릉,3283,3300,6583
202207,분당선,수내,9518,8969,18487
202207,분당선,수서,10962,11444,22406
202207,분당선,수원,8375,6851,15226
202207,분당선,수원시청,12487,14719,27206
202207,분당선,신갈,3025,3002,6027
202207,분당선,압구정로데오,19145,22800,41945
202207,분당선,야탑,18184,19211,37395
202207,분당선,영통,7365,7260,14625
202207,분당선,오리,8194,6672,14866
202207,분당선,이매,4309,4058,8367
202207,분당선,정자,11806,12171,23977
202207,분당선,죽전,10213,11757,21970
202207,분당선,청명,3031,2965,5996
202207,분당선,태평,11021,10135,21156
202207,분당선,한티,14989,13978,28967
202207,수인선,고색,2814,2707,5521
202207,수인선,남동인더스파크,1050,963,2013
202207,수인선,달월,51,61,112
202207,수인선,사리,3859,3171,7030
202207,수인선,소래포구,4962,4876,9838
202207,수인선,송도,2048,1978,4026
202207,수인선,숭의,2875,2560,5435
202207,수인선,신포,1461,1563,3024
202207,수인선,야목,316,260,576
202207,수인선,어천,856,733,1589
202207,수인선,연수,4409,4508,8917
202207,수인선,오목천,2595,2137,4732
202207,수인선,원인재,3712,3863,7575
202207,수인선,월곶,2443,2244,4687
202207,수인선,인천,1154,1899,3053
202207,수인선,인천논현,4788,4785,9573
202207,수인선,인하대,4355,4081,8436
202207,수인선,호구포,2951,2793,5744
202207,신림선,관악산,4448,4424,8872
202207,신림선,당곡,2926,2678,5604
202207,신림선,대방,1821,1197,3018
202207,신림선,보라매,2164,1944,4108
202207,신림선,보라매공원,1295,1291,2586
202207,신림선,보라매병원,2787,2874,5661
202207,신림선,샛강,1054,1406,2460
202207,신림선,서울대벤처타운,5928,5337,11265
202207,신림선,서울지방병무청,1563,1663,3226
202207,신림선,서원,2257,1920,4177
202207,신림선,신림,1358,1941,3299
202207,안산선,고잔,6578,6412,12990
202207,안산선,대야미,4202,3649,7851
202207,안산선,반월,3582,3378,6960
202207,안산선,산본,13337,14182,27519
202207,안산선,상록수,12867,12778,25645
202207,안산선,수리산,3177,2619,5796
202207,안산선,신길온천,1585,1553,3138
202207,안산선,안산,10130,10563,20693
202207,안산선,오이도,7896,8073,15969
202207,안산선,정왕,7130,7231,14361
202207,안산선,중앙,16662,17571,34233
202207,안산선,초지,3778,3664,7442
202207,안산선,한대앞,7585,7395,14980
202207,우이신설선,4.19민주묘지,2460,2085,4545
202207,우이신설선,가오리,3062,2989,6051
202207,우이신설선,보문,1189,1224,2413
202207,우이신설선,북한산보국문,5065,4293,9358
202207,우이신설선,북한산우이,3508,3984,7492
202207,우이신설선,삼양,1533,1607,3140
202207,우이신설선,삼양사거리,1977,1943,3920
202207,우이신설선,성신여대입구,2815,3285,6100
202207,우이신설선,솔밭공원,1838,1740,3578
202207,우이신설선,솔샘,4019,3681,7700
202207,우이신설선,신설동,1487,1459,2946
202207,우이신설선,정릉,3768,3073,6841
202207,우이신설선,화계,2540,2375,4915
202207,일산선,대곡,1505,1293,2798
202207,일산선,대화,8867,7781,16648
202207,일산선,마두,5334,5287,10621
202207,일산선,백석,7685,7614,15299
202207,일산선,삼송,15511,14597,30108
202207,일산선,원당,8776,8269,17045
202207,일산선,원흥,7881,7410,15291
202207,일산선,정발산,7256,7514,14770
202207,일산선,주엽,7293,7104,14397
202207,일산선,화정,13506,13725,27231
202207,장항선,배방,1148,1076,2224
202207,장항선,봉명,845,745,1590
202207,장항선,신창,1040,1000,2040
202207,장항선,쌍용,1743,1537,3280
202207,장항선,아산,3270,3257,6527
202207,장항선,온양온천,3778,3844,7622
202207,장항선,탕정,799,734,1533
202207,중앙선,구리,10281,10531,20812
202207,중앙선,국수,615,639,1254
202207,중앙선,덕소,4574,4519,9093
202207,중앙선,도농,7419,7011,14430
202207,중앙선,도심,1638,1370,3008
202207,중앙선,망우,6713,6605,13318
202207,중앙선,상봉,4926,4725,9651
202207,중앙선,신원,188,159,347
202207,중앙선,아신,600,620,1220
202207,중앙선,양수,3093,3146,6239
202207,중앙선,양원,1901,1863,3764
202207,중앙선,양정,555,459,1014
202207,중앙선,양평,2795,3130,5925
202207,중앙선,오빈,304,317,621
202207,중앙선,용문,2184,2705,4889
202207,중앙선,운길산,1058,1057,2115
202207,중앙선,원덕,395,426,821
202207,중앙선,중랑,4728,4390,9118
202207,중앙선,지평,68,65,133
202207,중앙선,팔당,1317,1370,2687
202207,중앙선,회기,20455,19234,39689
202207,1호선,동대문,9128,9524,18652
202207,1호선,동묘앞,11700,11637,23337
202207,1호선,서울역,30407,28987,59394
202207,1호선,시청,8727,8126,16853
202207,1호선,신설동,7836,7880,15716
202207,1호선,제기동,10198,10705,20903
202207,1호선,종각,14003,12346,26349
202207,1호선,종로3가,15155,13043,28198
202207,1호선,종로5가,10128,9959,20087
202207,1호선,청량리,13016,13193,26209
202207,2호선,강남,36539,35375,71914
202207,2호선,강변,24989,23649,48638
202207,2호선,건대입구,27360,28943,56303
202207,2호선,교대,11315,12469,23784
202207,2호선,구로디지털단지,24941,24776,49717
202207,2호선,구의,11763,11786,23549
202207,2호선,낙성대,16536,16869,33405
202207,2호선,당산,8851,9429,18280
202207,2호선,대림,16126,16383,32509
202207,2호선,도림천,476,475,951
202207,2호선,동대문역사문화공원,9213,10939,20152
202207,2호선,뚝섬,10640,10925,21565
202207,2호선,문래,8480,9020,17500
202207,2호선,방배,7071,7550,14621
202207,2호선,봉천,12900,12382,25282
202207,2호선,사당,23580,25566,49146
202207,2호선,삼성,27176,26419,53595
202207,2호선,상왕십리,7085,6938,14023
202207,2호선,서울대입구,27054,28315,55369
202207,2호선,서초,12678,11660,24338
202207,2호선,선릉,14201,12227,26428
202207,2호선,성수,16789,19024,35813
202207,2호선,시청,6951,5847,12798
202207,2호선,신답,853,857,1710
202207,2호선,신당,8474,8829,17303
202207,2호선,신대방,15942,15581,31523
202207,2호선,신도림,27736,28519,56255
202207,2호선,신림,37883,37019,74902
202207,2호선,신설동,3224,3257,6481
202207,2호선,신정네거리,5524,5495,11019
202207,2호선,신촌,24178,23632,47810
202207,2호선,아현,5404,5300,10704
202207,2호선,양천구청,3350,3460,6810
202207,2호선,역삼,11477,12551,24028
202207,2호선,영등포구청,8061,8679,16740
202207,2호선,왕십리,9796,8849,18645
202207,2호선,용답,1837,1769,3606
202207,2호선,용두,1197,1201,2398
202207,2호선,을지로3가,9416,9044,18460
202207,2호선,을지로4가,3974,3852,7826
202207,2호선,을지로입구,17580,16816,34396
202207,2호선,이대,7419,8070,15489
202207,2호선,잠실,53368,50250,103618
202207,2호선,잠실나루,5447,5465,10912
202207,2호선,잠실새내,12567,14128,26695
202207,2호선,종합운동장,24090,27103,51193
202207,2호선,충정로,3824,4224,8048
202207,2호선,한양대,2528,2893,5421
202207,2호선,합정,21938,23555,45493
202207,2호선,홍대입구,57772,57504,115276
202207,3호선,가락시장,3876,4077,7953
202207,3호선,경복궁,14913,16386,31299
202207,3호선,경찰병원,2813,2855,5668
202207,3호선,고속터미널,45305,42587,87892
202207,3호선,교대,4842,2982,7824
202207,3호선,구파발,12397,12980,25377
202207,3호선,금호,4477,4145,8622
202207,3호선,남부터미널,14692,15354,30046
202207,3호선,녹번,7611,6753,14364
202207,3호선,대청,4238,4229,8467
202207,3호선,대치,7838,6588,14426
202207,3호선,도곡,1916,2080,3996
202207,3호선,독립문,4053,4275,8328
202207,3호선,동대입구,6470,7068,13538
202207,3호선,매봉,4167,4259,8426
202207,3호선,무악재,1880,1958,3838
202207,3호선,불광,9698,11169,20867
202207,3호선,수서,10874,10922,21796
202207,3호선,신사,13849,13928,27777
202207,3호선,안국,12540,12535,25075
202207,3호선,압구정,14897,15541,30438
202207,3호선,약수,6934,6715,13649
202207,3호선,양재,13584,15681,29265
202207,3호선,연신내,21548,20330,41878
202207,3호선,오금,2704,2756,5460
202207,3호선,옥수,5208,5326,10534
202207,3호선,을지로3가,3729,3505,7234
202207,3호선,일원,3589,3741,7330
202207,3호선,잠원,2181,2170,4351
202207,3호선,종로3가,4044,5477,9521
202207,3호선,지축,2661,2447,5108
202207,3호선,학여울,2038,2211,4249
202207,3호선,홍제,9365,9007,18372
202207,4호선,길음,10818,10454,21272
202207,4호선,남태령,828,570,1398
202207,4호선,노원,12237,13359,25596
202207,4호선,당고개,5930,5695,11625
202207,4호선,동대문,7214,7845,15059
202207,4호선,동대문역사문화공원,9837,9014,18851
202207,4호선,동작,921,940,1861
202207,4호선,명동,13899,14046,27945
202207,4호선,미아,8419,7893,16312
202207,4호선,미아사거리,17196,16053,33249
202207,4호선,사당,16373,14950,31323
202207,4호선,삼각지,2992,3937,6929
202207,4호선,상계,10436,9600,20036
202207,4호선,서울역,4849,12500,17349
202207,4호선,성신여대입구,12810,12319,25129
202207,4호선,수유,20573,19773,40346
202207,4호선,숙대입구,8001,7792,15793
202207,4호선,신용산,9505,9989,19494
202207,4호선,쌍문,16427,14917,31344
202207,4호선,이촌,6336,6874,13210
202207,4호선,창동,15413,15965,31378
202207,4호선,총신대입구,10680,11447,22127
202207,4호선,충무로,8408,8985,17393
202207,4호선,한성대입구,7698,7654,15352
202207,4호선,혜화,24128,25351,49479
202207,4호선,회현,9335,9043,18378
202207,5호선,강동,9508,9384,18892
202207,5호선,강일,2438,2292,4730
202207,5호선,개롱,3033,3294,6327
202207,5호선,개화산,2703,2783,5486
202207,5호선,거여,4698,4467,9165
202207,5호선,고덕,4428,4677,9105
202207,5호선,공덕,4604,4660,9264
202207,5호선,광나루,8221,7662,15883
202207,5호선,광화문,12160,12680,24840
202207,5호선,군자,6147,6798,12945
202207,5호선,굽은다리,5723,5474,11197
202207,5호선,길동,4383,4364,8747
202207,5호선,김포공항,7574,7504,15078
202207,5호선,까치산,16055,15381,31436
202207,5호선,답십리,7666,7146,14812
202207,5호선,동대문역사문화공원,852,937,1789
202207,5호선,둔촌동,4773,4768,9541
202207,5호선,마곡,3719,4052,7771
202207,5호선,마장,2808,2670,5478
202207,5호선,마천,3535,3837,7372
202207,5호선,마포,4918,4851,9769
202207,5호선,명일,4958,5075,10033
202207,5호선,목동,7937,8047,15984
202207,5호선,미사,9078,9457,18535
202207,5호선,발산,8983,9610,18593
202207,5호선,방이,4006,3848,7854
202207,5호선,방화,3682,3592,7274
202207,5호선,상일동,6776,6472,13248
202207,5호선,서대문,4835,4700,9535
202207,5호선,송정,3690,3635,7325
202207,5호선,신금호,2961,3229,6190
202207,5호선,신길,1993,2118,4111
202207,5호선,신정,6463,5808,12271
202207,5호선,아차산,9271,9223,18494
202207,5호선,애오개,2817,2809,5626
202207,5호선,양평,2727,2762,5489
202207,5호선,여의나루,10819,11474,22293
202207,5호선,여의도,7763,8480,16243
202207,5호선,영등포구청,1455,1342,2797
202207,5호선,영등포시장,5856,6065,11921
202207,5호선,오금,1502,1466,2968
202207,5호선,오목교,11409,11920,23329
202207,5호선,올림픽공원,2464,2091,4555
202207,5호선,왕십리,2593,3034,5627
202207,5호선,우장산,7063,7264,14327
202207,5호선,을지로4가,1757,1737,3494
202207,5호선,장한평,7928,7923,15851
202207,5호선,종로3가,9401,8242,17643
202207,5호선,천호,13145,12337,25482
202207,5호선,청구,1816,1646,3462
202207,5호선,충정로,1454,1440,2894
202207,5호선,하남검단산,4812,4728,9540
202207,5호선,하남시청,4297,4034,8331
202207,5호선,하남풍산,2288,2243,4531
202207,5호선,행당,4078,3626,7704
202207,5호선,화곡,14336,13622,27958
202207,6호선,고려대,4010,3882,7892
202207,6호선,공덕,6782,6442,13224
202207,6호선,광흥창,4345,4172,8517
202207,6호선,구산,4112,3068,7180
202207,6호선,녹사평,4156,4123,8279
202207,6호선,대흥,3985,4215,8200
202207,6호선,독바위,1582,1921,3503
202207,6호선,돌곶이,5571,5300,10871
202207,6호선,동묘앞,5931,5842,11773
202207,6호선,디지털미디어시티,5525,5885,11410
202207,6호선,마포구청,6851,6246,13097
202207,6호선,망원,9331,10107,19438
202207,6호선,버티고개,1033,1116,2149
202207,6호선,보문,3982,3746,7728
202207,6호선,봉화산,4077,3945,8022
202207,6호선,불광,3165,2853,6018
202207,6호선,삼각지,4178,3172,7350
202207,6호선,상수,7089,8223,15312
202207,6호선,상월곡,3292,2965,6257
202207,6호선,새절,6514,6267,12781
202207,6호선,석계,6445,6761,13206
202207,6호선,신내,1,0,1
202207,6호선,신당,3640,4269,7909
202207,6호선,안암,4791,5040,9831
202207,6호선,약수,1798,1725,3523
202207,6호선,역촌,2149,2389,4538
202207,6호선,월곡,5606,5484,11090
202207,6호선,월드컵경기장,3602,3765,7367
202207,6호선,응암,9554,9527,19081
202207,6호선,이태원,12793,10420,23213
202207,6호선,증산,5536,5608,11144
202207,6호선,창신,1579,1463,3042
202207,6호선,청구,1674,1679,3353
202207,6호선,태릉입구,3239,3406,6645
202207,6호선,한강진,7627,8805,16432
202207,6호선,합정,9768,8957,18725
202207,6호선,화랑대,4947,4202,9149
202207,6호선,효창공원앞,3525,3016,6541
202207,7호선,가산디지털단지,10563,9623,20186
202207,7호선,강남구청,5242,5827,11069
202207,7호선,건대입구,8357,8809,17166
202207,7호선,고속터미널,13947,8859,22806
202207,7호선,공릉,6456,6520,12976
202207,7호선,광명사거리,12765,12689,25454
202207,7호선,군자,8172,6482,14654
202207,7호선,남구로,7094,6900,13994
202207,7호선,남성,5844,5638,11482
202207,7호선,내방,5437,5589,11026
202207,7호선,노원,11803,12164,23967
202207,7호선,논현,5726,5967,11693
202207,7호선,대림,8433,7999,16432
202207,7호선,도봉산,5236,7325,12561
202207,7호선,뚝섬유원지,7998,7289,15287
202207,7호선,마들,6188,5714,11902
202207,7호선,먹골,5554,5298,10852
202207,7호선,면목,7898,7705,15603
202207,7호선,반포,3038,3118,6156
202207,7호선,보라매,3864,3942,7806
202207,7호선,사가정,9080,8690,17770
202207,7호선,상도,5741,5555,11296
202207,7호선,상봉,9910,9280,19190
202207,7호선,수락산,8768,8673,17441
202207,7호선,숭실대입구,5826,6344,12170
202207,7호선,신대방삼거리,7818,7685,15503
202207,7호선,신풍,6845,6588,13433
202207,7호선,어린이대공원,7485,7329,14814
202207,7호선,온수,4207,4292,8499
202207,7호선,용마산,3130,3269,6399
202207,7호선,이수,9051,8735,17786
202207,7호선,장승배기,4735,4703,9438
202207,7호선,장암,1879,1266,3145
202207,7호선,중계,6944,6439,13383
202207,7호선,중곡,5287,5102,10389
202207,7호선,중화,5668,5485,11153
202207,7호선,천왕,5261,5057,10318
202207,7호선,철산,11239,11166,22405
202207,7호선,청담,6694,7495,14189
202207,7호선,태릉입구,5036,4745,9781
202207,7호선,하계,9557,8986,18543
202207,7호선,학동,6456,6945,13401
202207,8호선,가락시장,3083,3946,7029
202207,8호선,강동구청,4607,4778,9385
202207,8호선,남위례,2632,2813,5445
202207,8호선,남한산성입구,6859,6189,13048
202207,8호선,단대오거리,5554,5536,11090
202207,8호선,모란,2825,2236,5061
202207,8호선,몽촌토성,3197,3312,6509
202207,8호선,문정,5404,5576,10980
202207,8호선,복정,5039,4632,9671
202207,8호선,산성,3104,3229,6333
202207,8호선,석촌,4213,5278,9491
202207,8호선,송파,4399,4399,8798
202207,8호선,수진,3010,2747,5757
202207,8호선,신흥,2622,2909,5531
202207,8호선,암사,9169,8527,17696
202207,8호선,잠실,11043,12516,23559
202207,8호선,장지,9295,9499,18794
202207,8호선,천호,8942,10182,19124
202207,9호선,가양,11651,11180,22831
202207,9호선,개화,1029,988,2017
202207,9호선,고속터미널,12122,17051,29173
202207,9호선,공항시장,1809,2018,3827
202207,9호선,구반포,384,385,769
202207,9호선,국회의사당,5444,5043,10487
202207,9호선,김포공항,7788,11772,19560
202207,9호선,노들,2734,2354,5088
202207,9호선,노량진,14434,15468,29902
202207,9호선,당산,9503,9251,18754
202207,9호선,동작,1278,1061,2339
202207,9호선,등촌,5398,5374,10772
202207,9호선,마곡나루,5543,5672,11215
202207,9호선,사평,1751,1832,3583
202207,9호선,샛강,1885,1842,3727
202207,9호선,선유도,2861,2822,5683
202207,9호선,신논현,16471,15779,32250
202207,9호선,신목동,1813,1652,3465
202207,9호선,신반포,2074,2276,4350
202207,9호선,신방화,3676,3737,7413
202207,9호선,양천향교,4300,4661,8961
202207,9호선,여의도,9564,8811,18375
202207,9호선,염창,8948,8810,17758
202207,9호선,증미,3006,3017,6023
202207,9호선,흑석,4078,4170,8248
202207,9호선2~3단계,둔촌오륜,627,623,1250
202207,9호선2~3단계,봉은사,10693,11225,21918
202207,9호선2~3단계,삼성중앙,2317,2356,4673
202207,9호선2~3단계,삼전,3752,3750,7502
202207,9호선2~3단계,석촌,5109,4373,9482
202207,9호선2~3단계,석촌고분,3409,3380,6789
202207,9호선2~3단계,선정릉,3235,3668,6903
202207,9호선2~3단계,송파나루,3178,3638,6816
202207,9호선2~3단계,언주,3760,3756,7516
202207,9호선2~3단계,올림픽공원,4680,4860,9540
202207,9호선2~3단계,종합운동장,4114,3934,8048
202207,9호선2~3단계,중앙보훈병원,3705,3675,7380
202207,9호선2~3단계,한성백제,1554,1347,2901
202207,경강선,경기광주,4282,4239,8521
202207,경강선,곤지암,1599,1771,3370
202207,경강선,부발,1664,2286,3950
202207,경강선,삼동,1079,1110,2189
202207,경강선,세종대왕릉,298,287,585
202207,경강선,신둔도예촌,972,906,1878
202207,경강선,여주,2365,2275,4640
202207,경강선,이매,718,565,1283
202207,경강선,이천,2223,2549,4772
202207,경강선,초월,1775,1736,3511
202207,경강선,판교,2630,2551,5181
202207,경부선,가산디지털단지,4829,6689,11518
202207,경부선,관악,5434,4974,10408
202207,경부선,광명,2875,1979,4854
202207,경부선,구로,10183,10372,20555
202207,경부선,군포,3109,2985,6094
202207,경부선,금정,15197,15709,30906
202207,경부선,금천구청,6377,6370,12747
202207,경부선,남영,4941,5037,9978
202207,경부선,노량진,5447,5076,10523
202207,경부선,당정,3189,3212,6401
202207,경부선,대방,5534,6099,11633
202207,경부선,독산,6426,6389,12815
202207,경부선,두정,4808,5292,10100
202207,경부선,명학,3235,3106,6341
202207,경부선,병점,9875,10506,20381
202207,경부선,서동탄,835,812,1647
202207,경부선,서울역,9241,1988,11229
202207,경부선,서정리,4980,7383,12363
202207,경부선,석수,5185,4850,10035
202207,경부선,성균관대,8167,8492,16659
202207,경부선,성환,2694,3002,5696
202207,경부선,세류,2166,2137,4303
202207,경부선,세마,1955,1846,3801
202207,경부선,송탄,3786,4804,8590
202207,경부선,수원,35479,34519,69998
202207,경부선,신길,4628,4063,8691
202207,경부선,신도림,2222,2343,4565
202207,경부선,안양,14011,13791,27802
202207,경부선,영등포,35740,34760,70500
202207,경부선,오산,8041,8679,16720
202207,경부선,오산대,2250,2278,4528
202207,경부선,용산,37531,34465,71996
202207,경부선,의왕,4490,4528,9018
202207,경부선,직산,617,662,1279
202207,경부선,진위,937,953,1890
202207,경부선,천안,6427,6411,12838
202207,경부선,평택,12556,13411,25967
202207,경부선,평택지제,2818,2861,5679
202207,경부선,화서,4402,4179,8581
202207,경원선,가능,4176,3893,8069
202207,경원선,광운대,4132,4208,8340
202207,경원선,녹양,2830,2678,5508
202207,경원선,녹천,2577,2288,4865
202207,경원선,덕계,2031,1944,3975
202207,경원선,덕정,3564,3806,7370
202207,경원선,도봉,3530,3417,6947
202207,경원선,도봉산,7984,5642,13626
202207,경원선,동두천,1451,1785,3236
202207,경원선,동두천중앙,2193,2089,4282
202207,경원선,망월사,4663,4663,9326
202207,경원선,방학,6327,6094,12421
202207,경원선,보산,1401,1560,2961
202207,경원선,서빙고,1760,1749,3509
202207,경원선,석계,5047,5432,10479
202207,경원선,소요산,4613,4167,8780
202207,경원선,신이문,4869,4457,9326
202207,경원선,양주,5239,5115,10354
202207,경원선,옥수,63,22,85
202207,경원선,왕십리,11040,12428,23468
202207,경원선,외대앞,4738,4617,9355
202207,경원선,월계,3910,3676,7586
202207,경원선,응봉,1168,1064,2232
202207,경원선,의정부,15073,15235,30308
202207,경원선,이촌,2749,1867,4616
202207,경원선,지행,4635,4835,9470
202207,경원선,청량리,15063,13891,28954
202207,경원선,한남,1992,1892,3884
202207,경원선,회룡,7682,7722,15404
202207,경의선,가좌,3016,2938,5954
202207,경의선,강매,1563,1482,3045
202207,경의선,곡산,351,323,674
202207,경의선,공덕,1860,1585,3445
202207,경의선,금릉,3086,3101,6187
202207,경의선,금촌,4313,4770,9083
202207,경의선,능곡,2323,2187,4510
202207,경의선,디지털미디어시티,1575,1434,3009
202207,경의선,문산,4019,4258,8277
202207,경의선,백마,3482,3439,6921
202207,경의선,서강대,1456,1420,2876
202207,경의선,서울역,1275,1028,2303
202207,경의선,수색,985,1015,2000
202207,경의선,신촌,338,381,719
202207,경의선,야당,5147,5046,10193
202207,경의선,운정,3774,3672,7446
202207,경의선,월롱,1072,2288,3360
202207,경의선,일산,4892,4702,9594
202207,경의선,임진강,93,82,175
202207,경의선,탄현,4389,4082,8471
202207,경의선,파주,658,588,1246
202207,경의선,풍산,3675,3428,7103
202207,경의선,행신,4903,4445,9348
202207,경의선,홍대입구,1961,2341,4302
202207,경의선,화전,828,862,1690
202207,경의선,효창공원앞,1356,1576,2932
202207,경인선,간석,3353,3187,6540
202207,경인선,개봉,12351,12109,24460
202207,경인선,구일,3230,3282,6512
202207,경인선,도원,1849,1791,3640
202207,경인선,도화,2541,2433,4974
202207,경인선,동암,10376,10116,20492
202207,경인선,동인천,9747,9595,19342
202207,경인선,백운,4049,4035,8084
202207,경인선,부개,5021,4796,9817
202207,경인선,부천,23464,22859,46323
202207,경인선,부평,23700,23994,47694
202207,경인선,소사,5568,5421,10989
202207,경인선,송내,13700,13370,27070
202207,경인선,역곡,14704,14676,29380
202207,경인선,오류동,7074,6705,13779
202207,경인선,온수,3992,3755,7747
202207,경인선,인천,4145,3415,7560
202207,경인선,제물포,5678,5398,11076
202207,경인선,주안,12246,10952,23198
202207,경인선,중동,5024,4817,9841
202207,경춘선,가평,3265,2300,5565
202207,경춘선,갈매,1509,1326,2835
202207,경춘선,강촌,1012,536,1548
202207,경춘선,굴봉산,255,171,426
202207,경춘선,금곡,992,872,1864
202207,경춘선,김유정,407,404,811
202207,경춘선,남춘천,3137,3090,6227
202207,경춘선,대성리,1457,932,2389
202207,경춘선,마석,2820,2811,5631
202207,경춘선,백양리,186,108,294
202207,경춘선,별내,1888,1787,3675
202207,경춘선,사릉,1292,1363,2655
202207,경춘선,상천,499,413,912
202207,경춘선,신내,1013,1078,2091
202207,경춘선,천마산,1159,1064,2223
202207,경춘선,청평,2269,1679,3948
202207,경춘선,춘천,1959,1454,3413
202207,경춘선,퇴계원,2024,1910,3934
202207,경춘선,평내호평,3596,3582,7178
202207,공항철도 1호선,검암,3662,3776,7438
202207,공항철도 1호선,계양,5956,5648,11604
202207,공항철도 1호선,공덕,1320,1853,3173
202207,공항철도 1호선,공항화물청사,1068,1165,2233
202207,공항철도 1호선,김포공항,11813,6050,17863
202207,공항철도 1호선,디지털미디어시티,3591,3781,7372
202207,공항철도 1호선,마곡나루,2480,2599,5079
202207,공항철도 1호선,서울역,9236,8109,17345
202207,공항철도 1호선,영종,2901,2764,5665
202207,공항철도 1호선,운서,6045,6669,12714
202207,공항철도 1호선,인천공항1터미널,7837,7302,15139
202207,공항철도 1호선,인천공항2터미널,3538,3105,6643
202207,공항철도 1호선,청라국제도시,3573,3451,7024
202207,공항철도 1호선,홍대입구,12177,11340,23517
202207,과천선,경마공원,15571,16019,31590
202207,과천선,과천,3960,3741,7701
202207,과천선,대공원,3944,3886,7830
202207,과천선,범계,15590,15370,30960
202207,과천선,선바위,4308,3862,8170
202207,과천선,인덕원,12933,13116,26049
202207,과천선,정부과천청사,5043,5047,10090
202207,과천선,평촌,6693,6389,13082
202207,분당선,가천대,3559,4360,7919
202207,분당선,강남구청,2956,3486,6442
202207,분당선,개포동,2251,2242,4493
202207,분당선,구룡,871,908,1779
202207,분당선,구성,2577,2911,5488
202207,분당선,기흥,5411,5243,10654
202207,분당선,대모산입구,2142,2102,4244
202207,분당선,도곡,2958,2876,5834
202207,분당선,망포,6680,7065,13745
202207,분당선,매교,1694,1702,3396
202207,분당선,매탄권선,2759,2588,5347
202207,분당선,모란,11678,12036,23714
202207,분당선,미금,7749,8344,16093
202207,분당선,보정,1223,1146,2369
202207,분당선,상갈,2933,3055,5988
202207,분당선,서울숲,6928,6802,13730
202207,분당선,서현,15413,15488,30901
202207,분당선,선릉,2982,4431,7413
202207,분당선,선정릉,2081,2051,4132
202207,분당선,수내,6507,6200,12707
202207,분당선,수서,8914,8838,17752
202207,분당선,수원,6221,5247,11468
202207,분당선,수원시청,8340,7942,16282
202207,분당선,신갈,2119,2217,4336
202207,분당선,압구정로데오,11201,12325,23526
202207,분당선,야탑,14119,14603,28722
202207,분당선,영통,5323,5204,10527
202207,분당선,오리,5863,5087,10950
202207,분당선,이매,3439,3460,6899
202207,분당선,정자,8112,8447,16559
202207,분당선,죽전,7888,9061,16949
202207,분당선,청명,2211,2255,4466
202207,분당선,태평,8417,7961,16378
202207,분당선,한티,10680,10020,20700
202207,수인선,고색,1847,1945,3792
202207,수인선,남동인더스파크,725,685,1410
202207,수인선,달월,63,63,126
202207,수인선,사리,2809,2392,5201
202207,수인선,소래포구,4280,4025,8305
202207,수인선,송도,1555,1569,3124
202207,수인선,숭의,2065,1953,4018
202207,수인선,신포,1234,1176,2410
202207,수인선,야목,235,204,439
202207,수인선,어천,613,731,1344
202207,수인선,연수,3444,3433,6877
202207,수인선,오목천,1686,1655,3341
202207,수인선,원인재,2863,3016,5879
202207,수인선,월곶,1823,1841,3664
202207,수인선,인천,1142,1698,2840
202207,수인선,인천논현,3124,3330,6454
202207,수인선,인하대,3390,3183,6573
202207,수인선,호구포,2277,2310,4587
202207,신림선,관악산,4745,4871,9616
202207,신림선,당곡,2280,2097,4377
202207,신림선,대방,1257,911,2168
202207,신림선,보라매,1466,1436,2902
202207,신림선,보라매공원,1090,1179,2269
202207,신림선,보라매병원,2081,2147,4228
202207,신림선,샛강,912,1253,2165
202207,신림선,서울대벤처타운,4568,4334,8902
202207,신림선,서울지방병무청,1225,1429,2654
202207,신림선,서원,1717,1677,3394
202207,신림선,신림,1109,1748,2857
202207,안산선,고잔,4677,4552,9229
202207,안산선,대야미,3126,2877,6003
202207,안산선,반월,2624,2641,5265
202207,안산선,산본,9333,10114,19447
202207,안산선,상록수,9935,9596,19531
202207,안산선,수리산,2248,2102,4350
202207,안산선,신길온천,1254,1195,2449
202207,안산선,안산,10866,10026,20892
202207,안산선,오이도,6190,6094,12284
202207,안산선,정왕,5637,6133,11770
202207,안산선,중앙,12243,12127,24370
202207,안산선,초지,2716,2480,5196
202207,안산선,한대앞,5561,5542,11103
202207,우이신설선,4.19민주묘지,1924,1661,3585
202207,우이신설선,가오리,2460,2329,4789
202207,우이신설선,보문,982,1016,1998
202207,우이신설선,북한산보국문,3843,3471,7314
202207,우이신설선,북한산우이,3303,3326,6629
202207,우이신설선,삼양,1271,1269,2540
202207,우이신설선,삼양사거리,1661,1592,3253
202207,우이신설선,성신여대입구,2295,2607,4902
202207,우이신설선,솔밭공원,1484,1433,2917
202207,우이신설선,솔샘,2915,2735,5650
202207,우이신설선,신설동,1216,1241,2457
202207,우이신설선,정릉,2978,2408,5386
202207,우이신설선,화계,2178,2001,4179
202207,일산선,대곡,1139,984,2123
202207,일산선,대화,6442,5962,12404
202207,일산선,마두,3550,3551,7101
202207,일산선,백석,5663,5612,11275
202207,일산선,삼송,11645,11508,23153
202207,일산선,원당,6240,5892,12132
202207,일산선,원흥,5686,5471,11157
202207,일산선,정발산,5682,5638,11320
202207,일산선,주엽,5063,4948,10011
202207,일산선,화정,9649,9845,19494
202207,장항선,배방,857,989,1846
202207,장항선,봉명,570,572,1142
202207,장항선,신창,956,1099,2055
202207,장항선,쌍용,1283,1330,2613
202207,장항선,아산,3646,2366,6012
202207,장항선,온양온천,3553,3530,7083
202207,장항선,탕정,596,634,1230
202207,중앙선,구리,7887,8071,15958
202207,중앙선,국수,556,471,1027
202207,중앙선,덕소,3660,3608,7268
202207,중앙선,도농,5566,5556,11122
202207,중앙선,도심,1284,1096,2380
202207,중앙선,망우,5319,5260,10579
202207,중앙선,상봉,3849,4105,7954
202207,중앙선,신원,191,136,327
202207,중앙선,아신,580,492,1072
202207,중앙선,양수,2763,2630,5393
202207,중앙선,양원,1390,1333,2723
202207,중앙선,양정,494,371,865
202207,중앙선,양평,2621,2341,4962
202207,중앙선,오빈,264,218,482
202207,중앙선,용문,2550,2041,4591
202207,중앙선,운길산,991,936,1927
202207,중앙선,원덕,378,301,679
202207,중앙선,중랑,3568,3421,6989
202207,중앙선,지평,71,52,123
202207,중앙선,팔당,1252,1230,2482
202207,중앙선,회기,15720,15265,30985
202207,1호선,동대문,9940,10067,20007
202207,1호선,동묘앞,10914,11273,22187
202207,1호선,서울역,34747,35058,69805
202207,1호선,시청,11888,12330,24218
202207,1호선,신설동,9726,9317,19043
202207,1호선,제기동,15421,15760,31181
202207,1호선,종각,21197,20018,41215
202207,1호선,종로3가,22757,22632,45389
202207,1호선,종로5가,20142,19348,39490
202207,1호선,청량리,18301,18671,36972
202207,2호선,강남,59296,58483,117779
202207,2호선,강변,28241,28309,56550
202207,2호선,건대입구,33384,36636,70020
202207,2호선,교대,17676,19774,37450
202207,2호선,구로디지털단지,34141,33594,67735
202207,2호선,구의,16317,15676,31993
202207,2호선,낙성대,21348,19536,40884
202207,2호선,당산,11835,12793,24628
202207,2호선,대림,18362,19107,37469
202207,2호선,도림천,806,803,1609
202207,2호선,동대문역사문화공원,10783,12394,23177
202207,2호선,뚝섬,13799,14173,27972
202207,2호선,문래,12280,13011,25291
202207,2호선,방배,9290,9855,19145
202207,2호선,봉천,17519,15833,33352
202207,2호선,사당,32287,35539,67826
202207,2호선,삼성,37647,35990,73637
202207,2호선,상왕십리,9801,9035,18836
202207,2호선,서울대입구,36665,35121,71786
202207,2호선,서초,11263,9648,20911
202207,2호선,선릉,23834,21248,45082
202207,2호선,성수,22930,25364,48294
202207,2호선,시청,9853,8707,18560
202207,2호선,신답,1130,1150,2280
202207,2호선,신당,11174,11775,22949
202207,2호선,신대방,19545,18625,38170
202207,2호선,신도림,38277,38307,76584
202207,2호선,신림,47152,44831,91983
202207,2호선,신설동,3795,3555,7350
202207,2호선,신정네거리,7592,7617,15209
202207,2호선,신촌,32163,32120,64283
202207,2호선,아현,7548,7003,14551
202207,2호선,양천구청,4451,4448,8899
202207,2호선,역삼,17879,19361,37240
202207,2호선,영등포구청,11400,11766,23166
202207,2호선,왕십리,13114,11496,24610
202207,2호선,용답,2103,1921,4024
202207,2호선,용두,1714,1693,3407
202207,2호선,을지로3가,11220,11441,22661
202207,2호선,을지로4가,7694,8018,15712
202207,2호선,을지로입구,22406,22552,44958
202207,2호선,이대,10189,10643,20832
202207,2호선,잠실,67141,64689,131830
202207,2호선,잠실나루,7705,7615,15320
202207,2호선,잠실새내,17474,18074,35548
202207,2호선,종합운동장,8429,9664,18093
202207,2호선,충정로,5468,5863,11331
202207,2호선,한양대,3681,3844,7525
202207,2호선,합정,29829,34842,64671
202207,2호선,홍대입구,69086,75518,144604
202207,3호선,가락시장,5938,5663,11601
202207,3호선,경복궁,17497,19019,36516
202207,3호선,경찰병원,4020,3889,7909
202207,3호선,고속터미널,50934,51894,102828
202207,3호선,교대,7284,4642,11926
202207,3호선,구파발,15953,16227,32180
202207,3호선,금호,5795,5198,10993
202207,3호선,남부터미널,21214,20993,42207
202207,3호선,녹번,10248,8968,19216
202207,3호선,대청,5818,5357,11175
202207,3호선,대치,11196,9843,21039
202207,3호선,도곡,3191,3203,6394
202207,3호선,독립문,5902,5806,11708
202207,3호선,동대입구,6130,6842,12972
202207,3호선,매봉,6111,5990,12101
202207,3호선,무악재,2711,2778,5489
202207,3호선,불광,12729,14158,26887
202207,3호선,수서,13528,13719,27247
202207,3호선,신사,23296,24588,47884
202207,3호선,안국,17252,17738,34990
202207,3호선,압구정,25627,27401,53028
202207,3호선,약수,8883,8331,17214
202207,3호선,양재,18836,20439,39275
202207,3호선,연신내,29251,27228,56479
202207,3호선,오금,3769,3560,7329
202207,3호선,옥수,6720,6774,13494
202207,3호선,을지로3가,5315,5403,10718
202207,3호선,일원,5365,5226,10591
202207,3호선,잠원,3583,3523,7106
202207,3호선,종로3가,6402,8746,15148
202207,3호선,지축,3635,3246,6881
202207,3호선,충무로,5,0,5
202207,3호선,학여울,1394,1369,2763
202207,3호선,홍제,13009,12234,25243
202207,4호선,길음,14648,13945,28593
202207,4호선,남태령,1134,737,1871
202207,4호선,노원,15679,17534,33213
202207,4호선,당고개,7568,7007,14575
202207,4호선,동대문,13779,14140,27919
202207,4호선,동대문역사문화공원,12062,10565,22627
202207,4호선,동작,1131,1236,2367
202207,4호선,명동,15446,17319,32765
202207,4호선,미아,10789,9996,20785
202207,4호선,미아사거리,21373,20407,41780
202207,4호선,사당,21856,19465,41321
202207,4호선,삼각지,3901,4988,8889
202207,4호선,상계,13917,12805,26722
202207,4호선,서울역,6205,15369,21574
202207,4호선,성신여대입구,16417,15360,31777
202207,4호선,수유,26270,25770,52040
202207,4호선,숙대입구,9830,9480,19310
202207,4호선,신용산,11692,13043,24735
202207,4호선,쌍문,21250,18818,40068
202207,4호선,이촌,8849,9348,18197
202207,4호선,창동,19836,20973,40809
202207,4호선,총신대입구,14815,15786,30601
202207,4호선,충무로,12766,13950,26716
202207,4호선,한성대입구,9922,9633,19555
202207,4호선,혜화,30360,31081,61441
202207,4호선,회현,18974,19508,38482
202207,5호선,강동,12506,11933,24439
202207,5호선,강일,3174,2908,6082
202207,5호선,개롱,4083,4332,8415
202207,5호선,개화산,3837,3627,7464
202207,5호선,거여,6573,6204,12777
202207,5호선,고덕,6483,6278,12761
202207,5호선,공덕,6957,7132,14089
202207,5호선,광나루,10790,10472,21262
202207,5호선,광화문,16412,16651,33063
202207,5호선,군자,8284,9449,17733
202207,5호선,굽은다리,7599,6970,14569
202207,5호선,길동,6114,6269,12383
202207,5호선,김포공항,7312,7671,14983
202207,5호선,까치산,20799,19337,40136
202207,5호선,답십리,10202,9372,19574
202207,5호선,동대문역사문화공원,1159,1495,2654
202207,5호선,둔촌동,5875,5795,11670
202207,5호선,마곡,5357,5515,10872
202207,5호선,마장,3707,3562,7269
202207,5호선,마천,4776,4907,9683
202207,5호선,마포,7415,7596,15011
202207,5호선,명일,6189,6146,12335
202207,5호선,목동,11130,11038,22168
202207,5호선,미사,12332,12265,24597
202207,5호선,발산,12574,13526,26100
202207,5호선,방이,5285,5120,10405
202207,5호선,방화,4886,4595,9481
202207,5호선,상일동,9284,8897,18181
202207,5호선,서대문,7381,7186,14567
202207,5호선,송정,4977,4639,9616
202207,5호선,신금호,4028,4132,8160
202207,5호선,신길,2675,2792,5467
202207,5호선,신정,9002,7603,16605
202207,5호선,아차산,11556,11170,22726
202207,5호선,애오개,3774,3758,7532
202207,5호선,양평,3699,3552,7251
202207,5호선,여의나루,6614,9013,15627
202207,5호선,여의도,11884,11747,23631
202207,5호선,영등포구청,1916,1852,3768
202207,5호선,영등포시장,7532,7967,15499
202207,5호선,오금,2243,2034,4277
202207,5호선,오목교,15902,16219,32121
202207,5호선,올림픽공원,2839,2382,5221
202207,5호선,왕십리,3224,4200,7424
202207,5호선,우장산,9867,9718,19585
202207,5호선,을지로4가,3259,3589,6848
202207,5호선,장한평,11195,11029,22224
202207,5호선,종로3가,13496,13139,26635
202207,5호선,천호,16477,15486,31963
202207,5호선,청구,2411,2311,4722
202207,5호선,충정로,1848,1745,3593
202207,5호선,하남검단산,5483,5306,10789
202207,5호선,하남시청,5812,5335,11147
202207,5호선,하남풍산,3013,2973,5986
202207,5호선,행당,5678,4931,10609
202207,5호선,화곡,20058,18286,38344
202207,6호선,고려대,5294,5108,10402
202207,6호선,공덕,10188,9675,19863
202207,6호선,광흥창,5331,4954,10285
202207,6호선,구산,5461,4258,9719
202207,6호선,녹사평,4868,5639,10507
202207,6호선,대흥,5987,5970,11957
202207,6호선,독바위,2062,2302,4364
202207,6호선,돌곶이,6114,5591,11705
202207,6호선,동묘앞,7301,7015,14316
202207,6호선,디지털미디어시티,7451,7597,15048
202207,6호선,마포구청,9408,8266,17674
202207,6호선,망원,12458,13512,25970
202207,6호선,버티고개,1447,1570,3017
202207,6호선,보문,5147,4654,9801
202207,6호선,봉화산,5509,5414,10923
202207,6호선,불광,3966,3407,7373
202207,6호선,삼각지,6016,4421,10437
202207,6호선,상수,8998,11119,20117
202207,6호선,상월곡,4146,3568,7714
202207,6호선,새절,8774,8243,17017
202207,6호선,석계,8336,8541,16877
202207,6호선,신당,6611,5994,12605
202207,6호선,안암,6539,6164,12703
202207,6호선,약수,2490,2461,4951
202207,6호선,역촌,2746,2867,5613
202207,6호선,월곡,7289,7035,14324
202207,6호선,월드컵경기장,4755,4748,9503
202207,6호선,응암,12725,12321,25046
202207,6호선,이태원,14371,17837,32208
202207,6호선,증산,7263,7159,14422
202207,6호선,창신,2117,1825,3942
202207,6호선,청구,2415,2336,4751
202207,6호선,태릉입구,4264,4364,8628
202207,6호선,한강진,9279,10748,20027
202207,6호선,합정,13451,12491,25942
202207,6호선,화랑대,6672,5351,12023
202207,6호선,효창공원앞,4750,4080,8830
202207,7호선,가산디지털단지,13957,12392,26349
202207,7호선,강남구청,9023,9936,18959
202207,7호선,건대입구,10641,11226,21867
202207,7호선,고속터미널,15454,11488,26942
202207,7호선,공릉,8533,8159,16692
202207,7호선,광명사거리,16711,16817,33528
202207,7호선,군자,10951,8301,19252
202207,7호선,남구로,8267,8716,16983
202207,7호선,남성,7680,6989,14669
202207,7호선,내방,7774,7884,15658
202207,7호선,노원,16385,16571,32956
202207,7호선,논현,9653,11043,20696
202207,7호선,대림,7439,8067,15506
202207,7호선,도봉산,6587,8762,15349
202207,7호선,뚝섬유원지,7040,6639,13679
202207,7호선,마들,9040,8488,17528
202207,7호선,먹골,7446,7153,14599
202207,7호선,면목,10924,10423,21347
202207,7호선,반포,4631,4485,9116
202207,7호선,보라매,5105,4979,10084
202207,7호선,사가정,11890,11442,23332
202207,7호선,상도,7562,6950,14512
202207,7호선,상봉,13245,12715,25960
202207,7호선,수락산,10483,10447,20930
202207,7호선,숭실대입구,7935,7681,15616
202207,7호선,신대방삼거리,10851,10000,20851
202207,7호선,신풍,8300,7820,16120
202207,7호선,어린이대공원,9665,9232,18897
202207,7호선,온수,5628,5361,10989
202207,7호선,용마산,4442,4328,8770
202207,7호선,이수,12274,11798,24072
202207,7호선,장승배기,6503,6143,12646
202207,7호선,장암,1893,1326,3219
202207,7호선,중계,9176,8275,17451
202207,7호선,중곡,7184,6775,13959
202207,7호선,중화,7457,7132,14589
202207,7호선,천왕,6911,6539,13450
202207,7호선,철산,15168,15304,30472
202207,7호선,청담,10652,11997,22649
202207,7호선,태릉입구,6631,5919,12550
202207,7호선,하계,12121,11236,23357
202207,7호선,학동,10232,10839,21071
202207,8호선,가락시장,5274,5491,10765
202207,8호선,강동구청,6175,6257,12432
202207,8호선,남위례,3585,3595,7180
202207,8호선,남한산성입구,9362,8260,17622
202207,8호선,단대오거리,7476,6985,14461
202207,8호선,모란,3656,3240,6896
202207,8호선,몽촌토성,4134,4163,8297
202207,8호선,문정,8191,8159,16350
202207,8호선,복정,5961,4913,10874
202207,8호선,산성,4018,3975,7993
202207,8호선,석촌,5800,7003,12803
202207,8호선,송파,6199,6272,12471
202207,8호선,수진,4366,3937,8303
202207,8호선,신흥,3617,3967,7584
202207,8호선,암사,12366,11142,23508
202207,8호선,잠실,14274,15843,30117
202207,8호선,장지,12135,11099,23234
202207,8호선,천호,11384,13560,24944
202207,9호선,가양,13869,13104,26973
202207,9호선,개화,1393,1147,2540
202207,9호선,고속터미널,13588,20113,33701
202207,9호선,공항시장,2200,2290,4490
202207,9호선,구반포,920,893,1813
202207,9호선,국회의사당,4219,4407,8626
202207,9호선,김포공항,7791,11433,19224
202207,9호선,노들,3275,2786,6061
202207,9호선,노량진,21385,20750,42135
202207,9호선,당산,13119,12538,25657
202207,9호선,동작,1586,1329,2915
202207,9호선,등촌,7206,6840,14046
202207,9호선,마곡나루,7498,7369,14867
202207,9호선,사평,2461,2438,4899
202207,9호선,샛강,2806,2676,5482
202207,9호선,선유도,3849,3609,7458
202207,9호선,신논현,24948,25170,50118
202207,9호선,신목동,2514,2118,4632
202207,9호선,신반포,2685,2514,5199
202207,9호선,신방화,4837,4719,9556
202207,9호선,양천향교,5826,5538,11364
202207,9호선,여의도,12740,11620,24360
202207,9호선,염창,11778,10863,22641
202207,9호선,증미,4223,4036,8259
202207,9호선,흑석,6007,5908,11915
202207,9호선2~3단계,둔촌오륜,637,597,1234
202207,9호선2~3단계,봉은사,17854,18708,36562
202207,9호선2~3단계,삼성중앙,3490,3579,7069
202207,9호선2~3단계,삼전,5270,4774,10044
202207,9호선2~3단계,석촌,6947,5508,12455
202207,9호선2~3단계,석촌고분,4563,4357,8920
202207,9호선2~3단계,선정릉,4470,4951,9421
202207,9호선2~3단계,송파나루,4510,4718,9228
202207,9호선2~3단계,언주,6185,6257,12442
202207,9호선2~3단계,올림픽공원,4492,4302,8794
202207,9호선2~3단계,종합운동장,3695,3287,6982
202207,9호선2~3단계,중앙보훈병원,5174,4653,9827
202207,9호선2~3단계,한성백제,1887,1576,3463
202207,경강선,경기광주,5638,5300,10938
202207,경강선,곤지암,1935,1921,3856
202207,경강선,부발,2187,1812,3999
202207,경강선,삼동,1551,1434,2985
202207,경강선,세종대왕릉,339,389,728
202207,경강선,신둔도예촌,1238,1177,2415
202207,경강선,여주,2643,2837,5480
202207,경강선,이매,903,741,1644
202207,경강선,이천,2827,2967,5794
202207,경강선,초월,2328,2111,4439
202207,경강선,판교,3218,3206,6424
202207,경부선,가산디지털단지,6031,8094,14125
202207,경부선,관악,6169,6002,12171
202207,경부선,광명,2715,2449,5164
202207,경부선,구로,13157,13581,26738
202207,경부선,군포,4350,3952,8302
202207,경부선,금정,20331,20338,40669
202207,경부선,금천구청,8202,8312,16514
202207,경부선,남영,6541,6605,13146
202207,경부선,노량진,7499,6645,14144
202207,경부선,당정,4128,3903,8031
202207,경부선,대방,6992,7531,14523
202207,경부선,독산,8924,8651,17575
202207,경부선,두정,5583,5701,11284
202207,경부선,명학,4620,4477,9097
202207,경부선,병점,12693,12401,25094
202207,경부선,서동탄,1007,1040,2047
202207,경부선,서울역,8585,2277,10862
202207,경부선,서정리,7359,5877,13236
202207,경부선,석수,6835,6215,13050
202207,경부선,성균관대,10409,10477,20886
202207,경부선,성환,3104,2816,5920
202207,경부선,세류,2574,2588,5162
202207,경부선,세마,2419,2136,4555
202207,경부선,송탄,4949,4485,9434
202207,경부선,수원,37631,41719,79350
202207,경부선,신길,5793,4850,10643
202207,경부선,신도림,2723,3013,5736
202207,경부선,안양,17797,17867,35664
202207,경부선,영등포,42739,44180,86919
202207,경부선,오산,10047,9417,19464
202207,경부선,오산대,3155,2756,5911
202207,경부선,용산,39069,41949,81018
202207,경부선,의왕,5871,5634,11505
202207,경부선,직산,748,669,1417
202207,경부선,진위,1019,899,1918
202207,경부선,천안,6439,6641,13080
202207,경부선,평택,13633,13077,26710
202207,경부선,평택지제,3689,3314,7003
202207,경부선,화서,5521,5314,10835
202207,경원선,가능,5333,5135,10468
202207,경원선,광운대,5649,5670,11319
202207,경원선,녹양,3614,3377,6991
202207,경원선,녹천,3288,2839,6127
202207,경원선,덕계,2686,2409,5095
202207,경원선,덕정,4541,4187,8728
202207,경원선,도봉,4555,4234,8789
202207,경원선,도봉산,8779,6232,15011
202207,경원선,동두천,1776,2150,3926
202207,경원선,동두천중앙,2686,2661,5347
202207,경원선,망월사,5758,5867,11625
202207,경원선,방학,7525,7392,14917
202207,경원선,보산,1804,1767,3571
202207,경원선,서빙고,1489,1413,2902
202207,경원선,석계,6571,6795,13366
202207,경원선,소요산,4581,3934,8515
202207,경원선,신이문,6250,5709,11959
202207,경원선,양주,6550,6348,12898
202207,경원선,옥수,32,25,57
202207,경원선,왕십리,12835,14574,27409
202207,경원선,외대앞,6216,5971,12187
202207,경원선,월계,4656,4290,8946
202207,경원선,응봉,1423,1269,2692
202207,경원선,의정부,17784,18734,36518
202207,경원선,이촌,2961,2222,5183
202207,경원선,지행,6081,5958,12039
202207,경원선,청량리,17801,18063,35864
202207,경원선,한남,2590,2533,5123
202207,경원선,회룡,9864,9726,19590
202207,경의선,가좌,3994,3883,7877
202207,경의선,강매,2061,1856,3917
202207,경의선,계양,1,0,1
202207,경의선,곡산,470,440,910
202207,경의선,공덕,2793,2095,4888
202207,경의선,금릉,3851,3645,7496
202207,경의선,금촌,5712,5337,11049
202207,경의선,능곡,2869,2839,5708
202207,경의선,디지털미디어시티,2012,1767,3779
202207,경의선,문산,5001,4687,9688
202207,경의선,백마,4548,4296,8844
202207,경의선,서강대,1716,1704,3420
202207,경의선,서울역,1519,1749,3268
202207,경의선,수색,1623,1541,3164
202207,경의선,신촌,438,520,958
202207,경의선,야당,6589,6596,13185
202207,경의선,운정,5092,4621,9713
202207,경의선,월롱,1862,1583,3445
202207,경의선,일산,7215,6940,14155
202207,경의선,임진강,97,55,152
202207,경의선,탄현,5501,5332,10833
202207,경의선,파주,934,683,1617
202207,경의선,풍산,4622,4344,8966
202207,경의선,행신,5810,5739,11549
202207,경의선,홍대입구,1984,2751,4735
202207,경의선,화전,1065,995,2060
202207,경의선,효창공원앞,1835,2012,3847
202207,경인선,간석,4369,4110,8479
202207,경인선,개봉,16363,16010,32373
202207,경인선,구일,8349,8214,16563
202207,경인선,도원,2116,2111,4227
202207,경인선,도화,3194,3013,6207
202207,경인선,동암,13041,13166,26207
202207,경인선,동인천,11650,11493,23143
202207,경인선,백운,5585,5585,11170
202207,경인선,부개,6600,6058,12658
202207,경인선,부천,28195,29090,57285
202207,경인선,부평,28509,31516,60025
202207,경인선,소사,6521,6425,12946
202207,경인선,송내,18252,18046,36298
202207,경인선,역곡,19853,19411,39264
202207,경인선,오류동,8884,7960,16844
202207,경인선,온수,4925,4611,9536
202207,경인선,인천,4306,3639,7945
202207,경인선,제물포,7465,6997,14462
202207,경인선,주안,15853,13913,29766
202207,경인선,중동,6664,6141,12805
202207,경춘선,가평,2944,4085,7029
202207,경춘선,갈매,2069,1857,3926
202207,경춘선,강촌,742,757,1499
202207,경춘선,굴봉산,190,188,378
202207,경춘선,금곡,1131,1080,2211
202207,경춘선,김유정,454,541,995
202207,경춘선,남춘천,2719,3039,5758
202207,경춘선,대성리,1396,1469,2865
202207,경춘선,마석,3845,3587,7432
202207,경춘선,백양리,135,151,286
202207,경춘선,별내,2390,2231,4621
202207,경춘선,사릉,1635,1570,3205
202207,경춘선,상천,401,355,756
202207,경춘선,신내,1398,1342,2740
202207,경춘선,천마산,1357,1296,2653
202207,경춘선,청평,2195,2539,4734
202207,경춘선,춘천,1818,1631,3449
202207,경춘선,퇴계원,2593,2284,4877
202207,경춘선,평내호평,4672,4494,9166
202207,공항철도 1호선,검암,4467,4495,8962
202207,공항철도 1호선,계양,7563,6932,14495
202207,공항철도 1호선,공덕,1653,2465,4118
202207,공항철도 1호선,공항화물청사,1462,1492,2954
202207,공항철도 1호선,김포공항,10787,5848,16635
202207,공항철도 1호선,디지털미디어시티,5478,4944,10422
202207,공항철도 1호선,마곡나루,2959,3167,6126
202207,공항철도 1호선,서울역,9014,9119,18133
202207,공항철도 1호선,영종,3208,3252,6460
202207,공항철도 1호선,운서,6956,7106,14062
202207,공항철도 1호선,인천공항1터미널,7863,7747,15610
202207,공항철도 1호선,인천공항2터미널,3500,3061,6561
202207,공항철도 1호선,청라국제도시,4520,4340,8860
202207,공항철도 1호선,홍대입구,13532,13977,27509
202207,과천선,경마공원,13712,13725,27437
202207,과천선,과천,5117,4795,9912
202207,과천선,대공원,4456,4670,9126
202207,과천선,범계,20977,20790,41767
202207,과천선,선바위,5137,4627,9764
202207,과천선,인덕원,16720,16658,33378
202207,과천선,정부과천청사,6788,6511,13299
202207,과천선,평촌,9288,9073,18361
202207,분당선,가천대,4722,4953,9675
202207,분당선,강남구청,4624,5536,10160
202207,분당선,개포동,2781,2793,5574
202207,분당선,구룡,1678,1452,3130
202207,분당선,구성,3340,3476,6816
202207,분당선,기흥,6879,6601,13480
202207,분당선,대모산입구,3233,2941,6174
202207,분당선,도곡,4734,4288,9022
202207,분당선,망포,9707,8686,18393
202207,분당선,매교,2027,2091,4118
202207,분당선,매탄권선,3651,3450,7101
202207,분당선,모란,15822,16261,32083
202207,분당선,미금,10728,11174,21902
202207,분당선,보정,1631,1530,3161
202207,분당선,상갈,3824,3833,7657
202207,분당선,서울숲,8186,8469,16655
202207,분당선,서현,19316,19313,38629
202207,분당선,선릉,5228,7854,13082
202207,분당선,선정릉,3119,3179,6298
202207,분당선,수내,9188,8710,17898
202207,분당선,수서,10391,10757,21148
202207,분당선,수원,7337,6337,13674
202207,분당선,수원시청,10652,12348,23000
202207,분당선,신갈,2893,2835,5728
202207,분당선,압구정로데오,18490,21501,39991
202207,분당선,야탑,17694,18568,36262
202207,분당선,영통,6815,6642,13457
202207,분당선,오리,7658,6321,13979
202207,분당선,이매,4352,4281,8633
202207,분당선,정자,11119,11590,22709
202207,분당선,죽전,9780,11022,20802
202207,분당선,청명,2691,2690,5381
202207,분당선,태평,10832,10070,20902
202207,분당선,한티,14825,13928,28753
202207,수인선,고색,2699,2784,5483
202207,수인선,남동인더스파크,1006,928,1934
202207,수인선,달월,77,65,142
202207,수인선,사리,3615,3022,6637
202207,수인선,소래포구,4822,4774,9596
202207,수인선,송도,1846,1786,3632
202207,수인선,숭의,2781,2519,5300
202207,수인선,신포,1388,1516,2904
202207,수인선,야목,295,216,511
202207,수인선,어천,757,687,1444
202207,수인선,연수,4044,4068,8112
202207,수인선,오목천,2338,1959,4297
202207,수인선,원인재,3452,3578,7030
202207,수인선,월곶,2217,2171,4388
202207,수인선,인천,1073,1739,2812
202207,수인선,인천논현,4485,4679,9164
202207,수인선,인하대,4061,3826,7887
202207,수인선,호구포,2737,2515,5252
202207,신림선,관악산,4009,4028,8037
202207,신림선,당곡,2875,2711,5586
202207,신림선,대방,1750,1257,3007
202207,신림선,보라매,2008,1794,3802
202207,신림선,보라매공원,1306,1310,2616
202207,신림선,보라매병원,2638,2639,5277
202207,신림선,샛강,984,1259,2243
202207,신림선,서울대벤처타운,5578,5198,10776
202207,신림선,서울지방병무청,1704,1841,3545
202207,신림선,서원,2224,2016,4240
202207,신림선,신림,1375,1984,3359
202207,안산선,고잔,6904,6227,13131
202207,안산선,대야미,3982,3481,7463
202207,안산선,반월,3450,3224,6674
202207,안산선,산본,12919,13637,26556
202207,안산선,상록수,12299,12356,24655
202207,안산선,수리산,2945,2560,5505
202207,안산선,신길온천,1486,1374,2860
202207,안산선,안산,9685,10552,20237
202207,안산선,오이도,7546,7468,15014
202207,안산선,정왕,6782,6762,13544
202207,안산선,중앙,15651,16518,32169
202207,안산선,초지,3509,3397,6906
202207,안산선,한대앞,6995,7065,14060
202207,우이신설선,4.19민주묘지,2500,2140,4640
202207,우이신설선,가오리,3085,3017,6102
202207,우이신설선,보문,1183,1199,2382
202207,우이신설선,북한산보국문,4904,4245,9149
202207,우이신설선,북한산우이,3546,3861,7407
202207,우이신설선,삼양,1631,1613,3244
202207,우이신설선,삼양사거리,1915,1942,3857
202207,우이신설선,성신여대입구,2896,3290,6186
202207,우이신설선,솔밭공원,1858,1875,3733
202207,우이신설선,솔샘,3942,3509,7451
202207,우이신설선,신설동,1475,1502,2977
202207,우이신설선,정릉,3661,2972,6633
202207,우이신설선,화계,2592,2337,4929
202207,일산선,대곡,1419,1256,2675
202207,일산선,대화,17976,15086,33062
202207,일산선,마두,5185,5212,10397
202207,일산선,백석,7798,7780,15578
202207,일산선,삼송,14572,13891,28463
202207,일산선,원당,8091,7680,15771
202207,일산선,원흥,7646,7319,14965
202207,일산선,정발산,6665,7014,13679
202207,일산선,주엽,7054,6936,13990
202207,일산선,화정,12646,13118,25764
202207,장항선,배방,1168,1027,2195
202207,장항선,봉명,797,769,1566
202207,장항선,신창,1008,955,1963
202207,장항선,쌍용,1636,1510,3146
202207,장항선,아산,3249,3143,6392
202207,장항선,온양온천,3841,3849,7690
202207,장항선,탕정,824,744,1568
202207,중앙선,구리,10290,10560,20850
202207,중앙선,국수,664,654,1318
202207,중앙선,덕소,4639,4577,9216
202207,중앙선,도농,7571,7055,14626
202207,중앙선,도심,1654,1440,3094
202207,중앙선,망우,6773,6702,13475
202207,중앙선,상봉,4854,4741,9595
202207,중앙선,신원,218,202,420
202207,중앙선,아신,736,681,1417
202207,중앙선,양수,2869,2922,5791
202207,중앙선,양원,1941,1822,3763
202207,중앙선,양정,598,512,1110
202207,중앙선,양평,3916,4237,8153
202207,중앙선,오빈,310,378,688
202207,중앙선,용문,2285,2699,4984
202207,중앙선,운길산,1103,1112,2215
202207,중앙선,원덕,427,462,889
202207,중앙선,중랑,4734,4416,9150
202207,중앙선,지평,47,59,106
202207,중앙선,팔당,1368,1418,2786
202207,중앙선,회기,20493,19199,39692
202207,1호선,동대문,8807,9392,18199
202207,1호선,동묘앞,10589,10851,21440
202207,1호선,서울역,29049,26654,55703
202207,1호선,시청,8177,7838,16015
202207,1호선,신설동,7286,7234,14520
202207,1호선,제기동,10020,10615,20635
202207,1호선,종각,13402,12005,25407
202207,1호선,종로3가,14778,13103,27881
202207,1호선,종로5가,9738,9565,19303
202207,1호선,청량리,12662,12773,25435
202207,2호선,강남,34690,32945,67635
202207,2호선,강변,23198,21427,44625
202207,2호선,건대입구,25284,26930,52214
202207,2호선,교대,10457,11596,22053
202207,2호선,구로디지털단지,23563,23249,46812
202207,2호선,구의,11104,11224,22328
202207,2호선,낙성대,15196,15695,30891
202207,2호선,당산,8235,8942,17177
202207,2호선,대림,15584,15992,31576
202207,2호선,도림천,465,443,908
202207,2호선,동대문역사문화공원,8408,10053,18461
202207,2호선,뚝섬,9986,10122,20108
202207,2호선,문래,7538,7956,15494
202207,2호선,방배,6676,7220,13896
202207,2호선,봉천,12225,11894,24119
202207,2호선,사당,21926,23785,45711
202207,2호선,삼성,25777,24835,50612
202207,2호선,상왕십리,6840,6897,13737
202207,2호선,서울대입구,25175,25974,51149
202207,2호선,서초,11542,10772,22314
202207,2호선,선릉,13041,11273,24314
202207,2호선,성수,15227,17141,32368
202207,2호선,시청,6404,5618,12022
202207,2호선,신답,766,876,1642
202207,2호선,신당,8207,8813,17020
202207,2호선,신대방,14881,14466,29347
202207,2호선,신도림,26554,26992,53546
202207,2호선,신림,34998,34663,69661
202207,2호선,신설동,2908,2876,5784
202207,2호선,신정네거리,5184,5306,10490
202207,2호선,신촌,22750,22557,45307
202207,2호선,아현,5562,5446,11008
202207,2호선,양천구청,3157,3221,6378
202207,2호선,역삼,10595,11589,22184
202207,2호선,영등포구청,6743,6953,13696
202207,2호선,왕십리,9126,8060,17186
202207,2호선,용답,1641,1634,3275
202207,2호선,용두,1055,1045,2100
202207,2호선,을지로3가,9049,8795,17844
202207,2호선,을지로4가,3945,3893,7838
202207,2호선,을지로입구,16630,15858,32488
202207,2호선,이대,7158,7747,14905
202207,2호선,잠실,48809,45935,94744
202207,2호선,잠실나루,5128,5323,10451
202207,2호선,잠실새내,11479,11766,23245
202207,2호선,종합운동장,7836,8531,16367
202207,2호선,충정로,3388,3619,7007
202207,2호선,한양대,2549,2693,5242
202207,2호선,합정,21663,23938,45601
202207,2호선,홍대입구,53088,53533,106621
202207,3호선,가락시장,3444,3674,7118
202207,3호선,경복궁,12673,14257,26930
202207,3호선,경찰병원,2747,2735,5482
202207,3호선,고속터미널,42236,40382,82618
202207,3호선,교대,4503,2682,7185
202207,3호선,구파발,11923,12225,24148
202207,3호선,금호,4229,3931,8160
202207,3호선,남부터미널,15196,15633,30829
202207,3호선,녹번,7160,6355,13515
202207,3호선,대청,3996,3938,7934
202207,3호선,대치,7463,6286,13749
202207,3호선,도곡,1934,2049,3983
202207,3호선,독립문,4058,4127,8185
202207,3호선,동대입구,4655,5096,9751
202207,3호선,매봉,4165,4175,8340
202207,3호선,무악재,1813,1901,3714
202207,3호선,불광,9416,10562,19978
202207,3호선,수서,10486,10599,21085
202207,3호선,신사,12266,12418,24684
202207,3호선,안국,12105,12323,24428
202207,3호선,압구정,14455,15174,29629
202207,3호선,약수,6600,6448,13048
202207,3호선,양재,12316,14281,26597
202207,3호선,연신내,20858,19765,40623
202207,3호선,오금,2633,2765,5398
202207,3호선,옥수,4740,4986,9726
202207,3호선,을지로3가,3529,3325,6854
202207,3호선,일원,3567,3778,7345
202207,3호선,잠원,2296,2216,4512
202207,3호선,종로3가,4021,5330,9351
202207,3호선,지축,2569,2292,4861
202207,3호선,학여울,1057,1056,2113
202207,3호선,홍제,8996,8587,17583
202207,4호선,길음,10604,10248,20852
202207,4호선,남태령,797,602,1399
202207,4호선,노원,11946,13019,24965
202207,4호선,당고개,5651,5389,11040
202207,4호선,동대문,6661,6987,13648
202207,4호선,동대문역사문화공원,9251,8432,17683
202207,4호선,동작,889,968,1857
202207,4호선,명동,12493,13104,25597
202207,4호선,미아,7835,7416,15251
202207,4호선,미아사거리,15867,14668,30535
202207,4호선,사당,15087,14131,29218
202207,4호선,삼각지,2919,3795,6714
202207,4호선,상계,10044,9401,19445
202207,4호선,서울역,4344,11049,15393
202207,4호선,성신여대입구,11986,11683,23669
202207,4호선,수유,19378,18915,38293
202207,4호선,숙대입구,7955,7710,15665
202207,4호선,신용산,8817,9056,17873
202207,4호선,쌍문,15317,13899,29216
202207,4호선,이촌,6844,7158,14002
202207,4호선,창동,14878,15597,30475
202207,4호선,총신대입구,10199,11159,21358
202207,4호선,충무로,7177,7797,14974
202207,4호선,한성대입구,7470,7282,14752
202207,4호선,혜화,23945,25139,49084
202207,4호선,회현,8455,8638,17093
202207,5호선,강동,8617,8613,17230
202207,5호선,강일,2367,2281,4648
202207,5호선,개롱,2884,3129,6013
202207,5호선,개화산,2602,2670,5272
202207,5호선,거여,4723,4577,9300
202207,5호선,고덕,4213,4210,8423
202207,5호선,공덕,4384,4420,8804
202207,5호선,광나루,7319,6964,14283
202207,5호선,광화문,11816,12018,23834
202207,5호선,군자,5813,6696,12509
202207,5호선,굽은다리,5309,4861,10170
202207,5호선,길동,4015,4115,8130
202207,5호선,김포공항,7041,6693,13734
202207,5호선,까치산,15011,14695,29706
202207,5호선,답십리,7311,6727,14038
202207,5호선,동대문역사문화공원,838,954,1792
202207,5호선,둔촌동,4289,4404,8693
202207,5호선,마곡,3606,3827,7433
202207,5호선,마장,2729,2697,5426
202207,5호선,마천,3516,3676,7192
202207,5호선,마포,4554,4619,9173
202207,5호선,명일,4740,4769,9509
202207,5호선,목동,7584,7800,15384
202207,5호선,미사,8962,9147,18109
202207,5호선,발산,8445,9284,17729
202207,5호선,방이,3780,3585,7365
202207,5호선,방화,3769,3559,7328
202207,5호선,상일동,6465,6265,12730
202207,5호선,서대문,4618,4582,9200
202207,5호선,송정,3540,3444,6984
202207,5호선,신금호,2864,3073,5937
202207,5호선,신길,2033,2170,4203
202207,5호선,신정,6116,5586,11702
202207,5호선,아차산,8798,8449,17247
202207,5호선,애오개,2690,2676,5366
202207,5호선,양평,2570,2633,5203
202207,5호선,여의나루,8671,9608,18279
202207,5호선,여의도,7581,7995,15576
202207,5호선,영등포구청,1291,1176,2467
202207,5호선,영등포시장,5383,5618,11001
202207,5호선,오금,1488,1385,2873
202207,5호선,오목교,10954,11474,22428
202207,5호선,올림픽공원,2062,1758,3820
202207,5호선,왕십리,2256,2716,4972
202207,5호선,우장산,6728,6887,13615
202207,5호선,을지로4가,1565,1758,3323
202207,5호선,장한평,7881,7993,15874
202207,5호선,종로3가,8653,7940,16593
202207,5호선,천호,12209,11358,23567
202207,5호선,청구,1787,1676,3463
202207,5호선,충정로,1395,1460,2855
202207,5호선,하남검단산,4393,4328,8721
202207,5호선,하남시청,4286,4171,8457
202207,5호선,하남풍산,2250,2285,4535
202207,5호선,행당,3878,3549,7427
202207,5호선,화곡,13574,12958,26532
202207,6호선,고려대,3993,3868,7861
202207,6호선,공덕,6705,6170,12875
202207,6호선,광흥창,4232,3984,8216
202207,6호선,구산,3895,2984,6879
202207,6호선,녹사평,3907,3837,7744
202207,6호선,대흥,3657,3901,7558
202207,6호선,독바위,1396,1692,3088
202207,6호선,돌곶이,5386,5208,10594
202207,6호선,동묘앞,5792,5544,11336
202207,6호선,디지털미디어시티,5468,5851,11319
202207,6호선,마포구청,6865,6218,13083
202207,6호선,망원,9079,9996,19075
202207,6호선,버티고개,1048,1122,2170
202207,6호선,보문,3950,3798,7748
202207,6호선,봉화산,3843,3856,7699
202207,6호선,불광,3056,2719,5775
202207,6호선,삼각지,3928,3022,6950
202207,6호선,상수,6511,7419,13930
202207,6호선,상월곡,3125,2876,6001
202207,6호선,새절,6387,6134,12521
202207,6호선,석계,6160,6432,12592
202207,6호선,신당,4926,5524,10450
202207,6호선,안암,4793,5010,9803
202207,6호선,약수,1707,1628,3335
202207,6호선,역촌,1995,2201,4196
202207,6호선,연신내,1,0,1
202207,6호선,월곡,5266,5176,10442
202207,6호선,월드컵경기장,3115,3200,6315
202207,6호선,응암,9103,9206,18309
202207,6호선,이태원,11272,9804,21076
202207,6호선,증산,5320,5332,10652
202207,6호선,창신,1628,1447,3075
202207,6호선,청구,1702,1599,3301
202207,6호선,태릉입구,3227,3419,6646
202207,6호선,한강진,6964,7700,14664
202207,6호선,합정,9989,8985,18974
202207,6호선,화랑대,4742,4183,8925
202207,6호선,효창공원앞,3431,3135,6566
202207,7호선,가산디지털단지,9949,9041,18990
202207,7호선,강남구청,4863,5351,10214
202207,7호선,건대입구,7381,7642,15023
202207,7호선,고속터미널,13093,8172,21265
202207,7호선,공릉,6150,6231,12381
202207,7호선,광명사거리,12302,12254,24556
202207,7호선,군자,7975,6142,14117
202207,7호선,남구로,6766,6502,13268
202207,7호선,남성,5307,5280,10587
202207,7호선,내방,5146,5461,10607
202207,7호선,노원,11232,11448,22680
202207,7호선,논현,5492,5636,11128
202207,7호선,대림,7971,7508,15479
202207,7호선,도봉산,4813,6756,11569
202207,7호선,뚝섬유원지,6477,5969,12446
202207,7호선,마들,5821,5457,11278
202207,7호선,먹골,5395,5164,10559
202207,7호선,면목,7653,7427,15080
202207,7호선,반포,2917,2877,5794
202207,7호선,보라매,3814,3910,7724
202207,7호선,사가정,8480,8266,16746
202207,7호선,상도,5434,5429,10863
202207,7호선,상봉,9239,8530,17769
202207,7호선,수락산,7897,7911,15808
202207,7호선,숭실대입구,5739,6291,12030
202207,7호선,신대방삼거리,7526,7386,14912
202207,7호선,신풍,6215,5967,12182
202207,7호선,어린이대공원,8079,8050,16129
202207,7호선,온수,3933,4056,7989
202207,7호선,용마산,3180,3279,6459
202207,7호선,이수,8228,7903,16131
202207,7호선,장승배기,4556,4571,9127
202207,7호선,장암,1494,1044,2538
202207,7호선,중계,6493,6062,12555
202207,7호선,중곡,5125,4878,10003
202207,7호선,중화,5623,5464,11087
202207,7호선,천왕,4686,4711,9397
202207,7호선,철산,10461,10655,21116
202207,7호선,청담,6467,7088,13555
202207,7호선,태릉입구,5047,4627,9674
202207,7호선,하계,9109,8510,17619
202207,7호선,학동,5635,5998,11633
202207,8호선,가락시장,2978,3799,6777
202207,8호선,강동구청,4511,4782,9293
202207,8호선,남위례,2629,2775,5404
202207,8호선,남한산성입구,6750,6263,13013
202207,8호선,단대오거리,5544,5416,10960
202207,8호선,모란,4293,3689,7982
202207,8호선,몽촌토성,3272,3316,6588
202207,8호선,문정,5033,5287,10320
202207,8호선,복정,4798,4385,9183
202207,8호선,산성,2833,2938,5771
202207,8호선,석촌,3970,4984,8954
202207,8호선,송파,4317,4404,8721
202207,8호선,수진,3441,3084,6525
202207,8호선,신흥,2696,2919,5615
202207,8호선,암사,8806,8370,17176
202207,8호선,잠실,10063,11165,21228
202207,8호선,장지,8761,8923,17684
202207,8호선,천호,8174,9343,17517
202207,9호선,가양,11162,10598,21760
202207,9호선,개화,1009,963,1972
202207,9호선,고속터미널,11248,15753,27001
202207,9호선,공항시장,1693,1877,3570
202207,9호선,구반포,513,528,1041
202207,9호선,국회의사당,4547,4301,8848
202207,9호선,김포공항,7445,10861,18306
202207,9호선,노들,2638,2206,4844
202207,9호선,노량진,14223,14943,29166
202207,9호선,당산,9037,9137,18174
202207,9호선,동작,1225,1051,2276
202207,9호선,등촌,4863,4942,9805
202207,9호선,마곡나루,5199,5498,10697
202207,9호선,사평,1652,1636,3288
202207,9호선,샛강,1853,1768,3621
202207,9호선,선유도,2574,2697,5271
202207,9호선,신논현,15784,14825,30609
202207,9호선,신목동,1755,1532,3287
202207,9호선,신반포,1776,1783,3559
202207,9호선,신방화,3539,3398,6937
202207,9호선,양천향교,4280,4486,8766
202207,9호선,여의도,9049,8337,17386
202207,9호선,염창,8352,8377,16729
202207,9호선,증미,2438,2475,4913
202207,9호선,흑석,3827,3954,7781
202207,9호선2~3단계,둔촌오륜,553,587,1140
202207,9호선2~3단계,봉은사,12371,12821,25192
202207,9호선2~3단계,삼성중앙,2112,2227,4339
202207,9호선2~3단계,삼전,3577,3536,7113
202207,9호선2~3단계,석촌,4800,4049,8849
202207,9호선2~3단계,석촌고분,3121,3101,6222
202207,9호선2~3단계,선정릉,2846,3222,6068
202207,9호선2~3단계,송파나루,2913,3319,6232
202207,9호선2~3단계,언주,3539,3556,7095
202207,9호선2~3단계,올림픽공원,3108,3431,6539
202207,9호선2~3단계,종합운동장,2470,2165,4635
202207,9호선2~3단계,중앙보훈병원,3621,3429,7050
202207,9호선2~3단계,한성백제,1359,1236,2595
202207,경강선,경기광주,4084,3998,8082
202207,경강선,곤지암,1536,1733,3269
202207,경강선,부발,1510,2035,3545
202207,경강선,삼동,1070,1119,2189
202207,경강선,세종대왕릉,286,302,588
202207,경강선,신둔도예촌,941,976,1917
202207,경강선,여주,2184,2151,4335
202207,경강선,이매,684,521,1205
202207,경강선,이천,2153,2397,4550
202207,경강선,초월,1740,1769,3509
202207,경강선,판교,2596,2423,5019
202207,경부선,가산디지털단지,4572,6341,10913
202207,경부선,관악,4501,4221,8722
202207,경부선,광명,2776,1872,4648
202207,경부선,구로,10049,10177,20226
202207,경부선,군포,3083,2967,6050
202207,경부선,금정,15341,15698,31039
202207,경부선,금천구청,5868,5991,11859
202207,경부선,남영,4782,5110,9892
202207,경부선,노량진,5293,4825,10118
202207,경부선,당정,3039,2977,6016
202207,경부선,대방,5100,5657,10757
202207,경부선,독산,6054,6080,12134
202207,경부선,두정,4795,5162,9957
202207,경부선,명학,3243,3185,6428
202207,경부선,병점,9175,10017,19192
202207,경부선,서동탄,748,812,1560
202207,경부선,서울역,8813,2117,10930
202207,경부선,서정리,4704,7168,11872
202207,경부선,석수,4783,4221,9004
202207,경부선,성균관대,7812,8080,15892
202207,경부선,성환,2553,3000,5553
202207,경부선,세류,2072,2049,4121
202207,경부선,세마,1709,1716,3425
202207,경부선,송탄,3725,4517,8242
202207,경부선,수원,33718,32838,66556
202207,경부선,신길,4337,3887,8224
202207,경부선,신도림,2201,2390,4591
202207,경부선,안양,13431,13135,26566
202207,경부선,영등포,34028,33290,67318
202207,경부선,오산,7574,8097,15671
202207,경부선,오산대,2214,2142,4356
202207,경부선,용산,35235,32218,67453
202207,경부선,의왕,4395,4382,8777
202207,경부선,직산,605,679,1284
202207,경부선,진위,879,883,1762
202207,경부선,천안,6134,6089,12223
202207,경부선,평택,11877,12771,24648
202207,경부선,평택지제,2780,2742,5522
202207,경부선,화서,4098,3907,8005
202207,경원선,가능,3912,3690,7602
202207,경원선,광운대,4096,4154,8250
202207,경원선,녹양,2714,2544,5258
202207,경원선,녹천,2518,2102,4620
202207,경원선,덕계,1880,1843,3723
202207,경원선,덕정,3373,3541,6914
202207,경원선,도봉,3427,3200,6627
202207,경원선,도봉산,7419,5131,12550
202207,경원선,동두천,1307,1666,2973
202207,경원선,동두천중앙,2032,2060,4092
202207,경원선,망월사,4787,4841,9628
202207,경원선,방학,5848,5589,11437
202207,경원선,보산,1335,1505,2840
202207,경원선,서빙고,1714,1712,3426
202207,경원선,석계,4824,5117,9941
202207,경원선,소요산,4264,3733,7997
202207,경원선,신이문,4592,4365,8957
202207,경원선,양주,4970,4907,9877
202207,경원선,옥수,47,30,77
202207,경원선,왕십리,9923,11016,20939
202207,경원선,외대앞,4524,4510,9034
202207,경원선,월계,3543,3345,6888
202207,경원선,응봉,1001,968,1969
202207,경원선,의정부,14163,14248,28411
202207,경원선,이촌,2404,1835,4239
202207,경원선,지행,4615,4591,9206
202207,경원선,청량리,14486,13021,27507
202207,경원선,한남,1843,1743,3586
202207,경원선,회룡,7197,7347,14544
202207,경의선,가좌,2837,2884,5721
202207,경의선,강매,1487,1419,2906
202207,경의선,곡산,329,294,623
202207,경의선,공덕,1763,1534,3297
202207,경의선,금릉,2811,2910,5721
202207,경의선,금촌,4107,4461,8568
202207,경의선,능곡,2176,2180,4356
202207,경의선,디지털미디어시티,1479,1273,2752
202207,경의선,문산,3749,4144,7893
202207,경의선,백마,3469,3297,6766
202207,경의선,서강대,1397,1343,2740
202207,경의선,서울역,1221,1088,2309
202207,경의선,수색,978,994,1972
202207,경의선,신촌,271,352,623
202207,경의선,야당,4954,4775,9729
202207,경의선,운정,3492,3530,7022
202207,경의선,월롱,1077,2239,3316
202207,경의선,일산,4760,4551,9311
202207,경의선,임진강,54,60,114
202207,경의선,탄현,4071,3872,7943
202207,경의선,파주,620,543,1163
202207,경의선,풍산,3498,3364,6862
202207,경의선,행신,4644,4479,9123
202207,경의선,홍대입구,1824,2354,4178
202207,경의선,화전,813,817,1630
202207,경의선,효창공원앞,1395,1561,2956
202207,경인선,간석,3026,2847,5873
202207,경인선,개봉,11549,11337,22886
202207,경인선,구일,6314,6454,12768
202207,경인선,도원,1731,1691,3422
202207,경인선,도화,2387,2243,4630
202207,경인선,동암,9546,9504,19050
202207,경인선,동인천,9378,8993,18371
202207,경인선,백운,3820,3763,7583
202207,경인선,부개,4763,4479,9242
202207,경인선,부천,21142,20645,41787
202207,경인선,부평,22313,22760,45073
202207,경인선,소사,5112,4898,10010
202207,경인선,송내,12945,12614,25559
202207,경인선,역곡,13919,13970,27889
202207,경인선,오류동,6876,6401,13277
202207,경인선,온수,3742,3550,7292
202207,경인선,인천,3933,3171,7104
202207,경인선,제물포,5455,5271,10726
202207,경인선,주안,11459,10320,21779
202207,경인선,중동,4828,4514,9342
202207,경춘선,가평,3249,2156,5405
202207,경춘선,갈매,1444,1229,2673
202207,경춘선,강촌,743,479,1222
202207,경춘선,굴봉산,204,131,335
202207,경춘선,금곡,887,815,1702
202207,경춘선,김유정,429,394,823
202207,경춘선,남춘천,2477,2345,4822
202207,경춘선,대성리,1195,979,2174
202207,경춘선,마석,2654,2573,5227
202207,경춘선,백양리,140,108,248
202207,경춘선,별내,1794,1692,3486
202207,경춘선,사릉,1274,1269,2543
202207,경춘선,상천,316,264,580
202207,경춘선,신내,991,1039,2030
202207,경춘선,천마산,1072,1030,2102
202207,경춘선,청평,2222,1529,3751
202207,경춘선,춘천,1639,1249,2888
202207,경춘선,퇴계원,1952,1894,3846
202207,경춘선,평내호평,3415,3347,6762
202207,공항철도 1호선,검암,3533,3523,7056
202207,공항철도 1호선,계양,5539,5363,10902
202207,공항철도 1호선,공덕,1237,1677,2914
202207,공항철도 1호선,공항화물청사,1043,1070,2113
202207,공항철도 1호선,김포공항,11102,5404,16506
202207,공항철도 1호선,디지털미디어시티,3614,3615,7229
202207,공항철도 1호선,마곡나루,2370,2622,4992
202207,공항철도 1호선,서울역,8966,8268,17234
202207,공항철도 1호선,영종,2713,2694,5407
202207,공항철도 1호선,운서,5719,6282,12001
202207,공항철도 1호선,인천공항1터미널,7980,7271,15251
202207,공항철도 1호선,인천공항2터미널,3300,2886,6186
202207,공항철도 1호선,청라국제도시,3413,3239,6652
202207,공항철도 1호선,홍대입구,11282,10460,21742
202207,과천선,경마공원,15737,16201,31938
202207,과천선,과천,3663,3574,7237
202207,과천선,대공원,3311,3279,6590
202207,과천선,범계,14934,14594,29528
202207,과천선,선바위,4046,3603,7649
202207,과천선,인덕원,12047,12389,24436
202207,과천선,정부과천청사,4584,4584,9168
202207,과천선,평촌,6403,6177,12580
202207,분당선,가천대,3698,4183,7881
202207,분당선,강남구청,2805,3273,6078
202207,분당선,개포동,2024,2082,4106
202207,분당선,구룡,816,828,1644
202207,분당선,구성,2437,2673,5110
202207,분당선,기흥,4888,4771,9659
202207,분당선,대모산입구,2239,2161,4400
202207,분당선,도곡,2825,2735,5560
202207,분당선,망포,6327,6703,13030
202207,분당선,매교,1404,1467,2871
202207,분당선,매탄권선,2652,2506,5158
202207,분당선,모란,16920,17879,34799
202207,분당선,미금,7472,7991,15463
202207,분당선,보정,1181,1115,2296
202207,분당선,상갈,2722,2837,5559
202207,분당선,서울숲,5668,5799,11467
202207,분당선,서현,14812,14828,29640
202207,분당선,선릉,2755,4328,7083
202207,분당선,선정릉,1907,1977,3884
202207,분당선,수내,6332,5992,12324
202207,분당선,수서,8805,8640,17445
202207,분당선,수원,5922,4837,10759
202207,분당선,수원시청,7517,7351,14868
202207,분당선,신갈,2057,2192,4249
202207,분당선,압구정로데오,10749,11921,22670
202207,분당선,야탑,13694,14071,27765
202207,분당선,영통,5066,4982,10048
202207,분당선,오리,5778,4903,10681
202207,분당선,이매,3340,3332,6672
202207,분당선,정자,7810,8055,15865
202207,분당선,죽전,7118,8420,15538
202207,분당선,청명,2044,2052,4096
202207,분당선,태평,8442,7858,16300
202207,분당선,한티,10364,9652,20016
202207,수인선,고색,1952,2041,3993
202207,수인선,남동인더스파크,539,577,1116
202207,수인선,달월,67,59,126
202207,수인선,사리,2773,2429,5202
202207,수인선,소래포구,3976,3850,7826
202207,수인선,송도,1455,1456,2911
202207,수인선,숭의,1970,1786,3756
202207,수인선,신포,1164,1130,2294
202207,수인선,야목,221,173,394
202207,수인선,어천,629,715,1344
202207,수인선,연수,3335,3282,6617
202207,수인선,오목천,1615,1638,3253
202207,수인선,원인재,2719,2775,5494
202207,수인선,월곶,1677,1673,3350
202207,수인선,인천,1004,1515,2519
202207,수인선,인천논현,2880,2981,5861
202207,수인선,인하대,3119,2898,6017
202207,수인선,호구포,2016,2113,4129
202207,신림선,관악산,3305,3302,6607
202207,신림선,당곡,2127,1968,4095
202207,신림선,대방,1084,953,2037
202207,신림선,보라매,1565,1405,2970
202207,신림선,보라매공원,1088,1126,2214
202207,신림선,보라매병원,2011,2010,4021
202207,신림선,샛강,840,1117,1957
202207,신림선,서울대벤처타운,4328,4267,8595
202207,신림선,서울지방병무청,1226,1377,2603
202207,신림선,서원,1696,1646,3342
202207,신림선,신림,1173,1695,2868
202207,안산선,고잔,4296,4263,8559
202207,안산선,대야미,2878,2722,5600
202207,안산선,반월,2531,2550,5081
202207,안산선,산본,9008,9551,18559
202207,안산선,상록수,9590,9267,18857
202207,안산선,수리산,2148,1885,4033
202207,안산선,신길온천,1188,1176,2364
202207,안산선,안산,9811,9073,18884
202207,안산선,오이도,5729,5683,11412
202207,안산선,정왕,5510,5882,11392
202207,안산선,중앙,11898,11966,23864
202207,안산선,초지,2503,2446,4949
202207,안산선,한대앞,5400,5237,10637
202207,우이신설선,4.19민주묘지,1822,1614,3436
202207,우이신설선,가오리,2300,2227,4527
202207,우이신설선,보문,932,976,1908
202207,우이신설선,북한산보국문,3717,3300,7017
202207,우이신설선,북한산우이,2924,3116,6040
202207,우이신설선,삼양,1114,1147,2261
202207,우이신설선,삼양사거리,1600,1504,3104
202207,우이신설선,성신여대입구,2218,2644,4862
202207,우이신설선,솔밭공원,1399,1270,2669
202207,우이신설선,솔샘,2955,2696,5651
202207,우이신설선,신설동,1194,1208,2402
202207,우이신설선,정릉,2749,2337,5086
202207,우이신설선,화계,2086,1959,4045
202207,일산선,대곡,1107,934,2041
202207,일산선,대화,11906,9712,21618
202207,일산선,마두,3423,3429,6852
202207,일산선,백석,5602,5473,11075
202207,일산선,삼송,10894,10944,21838
202207,일산선,원당,6039,5884,11923
202207,일산선,원흥,5563,5315,10878
202207,일산선,정발산,5444,5357,10801
202207,일산선,주엽,5072,4847,9919
202207,일산선,화정,9563,9684,19247
202207,장항선,배방,919,1001,1920
202207,장항선,봉명,688,679,1367
202207,장항선,신창,899,985,1884
202207,장항선,쌍용,1383,1360,2743
202207,장항선,아산,3301,2102,5403
202207,장항선,온양온천,4530,4610,9140
202207,장항선,탕정,607,612,1219
202207,중앙선,구리,7444,7792,15236
202207,중앙선,국수,548,499,1047
202207,중앙선,덕소,3322,3490,6812
202207,중앙선,도농,5331,5335,10666
202207,중앙선,도심,1190,964,2154
202207,중앙선,망우,4839,4897,9736
202207,중앙선,상봉,3525,3947,7472
202207,중앙선,신원,201,134,335
202207,중앙선,아신,466,429,895
202207,중앙선,양수,2424,2249,4673
202207,중앙선,양원,1357,1330,2687
202207,중앙선,양정,455,370,825
202207,중앙선,양평,2260,2059,4319
202207,중앙선,오빈,257,216,473
202207,중앙선,용문,2178,1860,4038
202207,중앙선,운길산,879,843,1722
202207,중앙선,원덕,353,333,686
202207,중앙선,중랑,3474,3363,6837
202207,중앙선,지평,83,54,137
202207,중앙선,팔당,1118,1063,2181
202207,중앙선,회기,15560,15194,30754
202207,1호선,동대문,9652,9811,19463
202207,1호선,동묘앞,9590,9678,19268
202207,1호선,서울역,35541,36777,72318
202207,1호선,시청,11608,11825,23433
202207,1호선,신설동,8967,8370,17337
202207,1호선,제기동,13394,13464,26858
202207,1호선,종각,18938,18665,37603
202207,1호선,종로3가,19952,19222,39174
202207,1호선,종로5가,16778,16854,33632
202207,1호선,청량리,16309,16809,33118
202207,2호선,강남,55226,54764,109990
202207,2호선,강변,27171,28835,56006
202207,2호선,건대입구,30553,34668,65221
202207,2호선,교대,15625,17522,33147
202207,2호선,구로디지털단지,31345,30236,61581
202207,2호선,구의,15274,14625,29899
202207,2호선,낙성대,19700,17569,37269
202207,2호선,당산,10329,11290,21619
202207,2호선,대림,16870,17848,34718
202207,2호선,도림천,712,703,1415
202207,2호선,동대문역사문화공원,10839,12334,23173
202207,2호선,뚝섬,12626,13034,25660
202207,2호선,문래,10641,11292,21933
202207,2호선,방배,8684,8931,17615
202207,2호선,봉천,16582,14627,31209
202207,2호선,사당,28421,31376,59797
202207,2호선,삼성,37050,36163,73213
202207,2호선,상왕십리,9159,8398,17557
202207,2호선,서울대입구,34074,32189,66263
202207,2호선,서초,9908,8563,18471
202207,2호선,선릉,21571,19044,40615
202207,2호선,성수,19681,22700,42381
202207,2호선,시청,9630,8517,18147
202207,2호선,신답,950,926,1876
202207,2호선,신당,9946,10261,20207
202207,2호선,신대방,18268,16801,35069
202207,2호선,신도림,33717,33859,67576
202207,2호선,신림,44971,42160,87131
202207,2호선,신설동,3348,3371,6719
202207,2호선,신정네거리,6990,6736,13726
202207,2호선,신촌,29380,29562,58942
202207,2호선,아현,6853,6269,13122
202207,2호선,양천구청,3824,3757,7581
202207,2호선,역삼,16206,17825,34031
202207,2호선,영등포구청,9704,10054,19758
202207,2호선,왕십리,11870,10271,22141
202207,2호선,용답,1971,1722,3693
202207,2호선,용두,1608,1505,3113
202207,2호선,을지로3가,10561,10913,21474
202207,2호선,을지로4가,6685,6952,13637
202207,2호선,을지로입구,21936,22249,44185
202207,2호선,이대,9750,10153,19903
202207,2호선,잠실,68624,65586,134210
202207,2호선,잠실나루,6817,6712,13529
202207,2호선,잠실새내,16274,17359,33633
202207,2호선,종합운동장,10836,11719,22555
202207,2호선,충정로,4397,4413,8810
202207,2호선,한양대,3447,3384,6831
202207,2호선,합정,26156,29794,55950
202207,2호선,홍대입구,66121,74312,140433
202207,3호선,가락시장,5475,5027,10502
202207,3호선,경복궁,15002,15999,31001
202207,3호선,경찰병원,3684,3594,7278
202207,3호선,고속터미널,50633,52156,102789
202207,3호선,교대,6320,4076,10396
202207,3호선,구파발,15162,15433,30595
202207,3호선,금호,5153,4606,9759
202207,3호선,남부터미널,19898,19737,39635
202207,3호선,녹번,9587,8088,17675
202207,3호선,대청,5293,4901,10194
202207,3호선,대치,10108,8929,19037
202207,3호선,도곡,2671,2657,5328
202207,3호선,독립문,5182,5070,10252
202207,3호선,동대입구,5983,6712,12695
202207,3호선,매봉,5520,5368,10888
202207,3호선,무악재,2507,2519,5026
202207,3호선,불광,11739,13177,24916
202207,3호선,수서,12482,12703,25185
202207,3호선,신사,21108,22070,43178
202207,3호선,안국,14979,16073,31052
202207,3호선,압구정,22646,24410,47056
202207,3호선,약수,8416,7807,16223
202207,3호선,양재,16441,18010,34451
202207,3호선,연신내,27231,25064,52295
202207,3호선,오금,3354,3241,6595
202207,3호선,옥수,6391,6007,12398
202207,3호선,을지로3가,5011,5055,10066
202207,3호선,일원,4607,4245,8852
202207,3호선,잠원,3002,2835,5837
202207,3호선,종로3가,5670,8063,13733
202207,3호선,지축,3215,3012,6227
202207,3호선,학여울,2544,2584,5128
202207,3호선,홍제,12303,10885,23188
202207,4호선,길음,13447,12407,25854
202207,4호선,남태령,1055,630,1685
202207,4호선,노원,14406,16165,30571
202207,4호선,당고개,6993,6473,13466
202207,4호선,동대문,12244,13015,25259
202207,4호선,동대문역사문화공원,11904,10215,22119
202207,4호선,동작,1070,1053,2123
202207,4호선,명동,15074,16943,32017
202207,4호선,미아,9648,8894,18542
202207,4호선,미아사거리,20386,19328,39714
202207,4호선,사당,20159,17228,37387
202207,4호선,삼각지,3529,4738,8267
202207,4호선,상계,12693,11712,24405
202207,4호선,서울역,5889,15282,21171
202207,4호선,성신여대입구,15305,14611,29916
202207,4호선,수유,24653,24098,48751
202207,4호선,숙대입구,9019,8808,17827
202207,4호선,신용산,11731,12841,24572
202207,4호선,쌍문,19518,17187,36705
202207,4호선,이촌,9080,9567,18647
202207,4호선,창동,17981,19031,37012
202207,4호선,총신대입구,13132,14022,27154
202207,4호선,충무로,11394,12961,24355
202207,4호선,한성대입구,9214,8726,17940
202207,4호선,혜화,30118,30923,61041
202207,4호선,회현,16907,17397,34304
202207,5호선,강동,11365,10469,21834
202207,5호선,강일,2888,2601,5489
202207,5호선,개롱,3978,4088,8066
202207,5호선,개화산,3429,3295,6724
202207,5호선,거여,5857,5452,11309
202207,5호선,고덕,6119,5898,12017
202207,5호선,공덕,6365,6479,12844
202207,5호선,광나루,9377,8981,18358
202207,5호선,광화문,15219,16156,31375
202207,5호선,군자,7697,8393,16090
202207,5호선,굽은다리,7083,6593,13676
202207,5호선,길동,5606,5674,11280
202207,5호선,김포공항,8131,8549,16680
202207,5호선,까치산,19611,18196,37807
202207,5호선,답십리,9465,8486,17951
202207,5호선,동대문역사문화공원,1244,1483,2727
202207,5호선,둔촌동,5271,5274,10545
202207,5호선,마곡,4936,5098,10034
202207,5호선,마장,3516,3191,6707
202207,5호선,마천,4346,4462,8808
202207,5호선,마포,6859,6963,13822
202207,5호선,명일,5542,5481,11023
202207,5호선,목동,10227,10036,20263
202207,5호선,미사,11395,11412,22807
202207,5호선,발산,11480,12521,24001
202207,5호선,방이,4805,4826,9631
202207,5호선,방화,4320,4161,8481
202207,5호선,상일동,8732,8094,16826
202207,5호선,서대문,6836,6580,13416
202207,5호선,송정,4660,4306,8966
202207,5호선,신금호,3769,3816,7585
202207,5호선,신길,2788,2716,5504
202207,5호선,신정,8344,6828,15172
202207,5호선,아차산,10494,9938,20432
202207,5호선,애오개,3481,3386,6867
202207,5호선,양평,3509,3264,6773
202207,5호선,여의나루,12180,18907,31087
202207,5호선,여의도,11624,12782,24406
202207,5호선,영등포구청,1798,1615,3413
202207,5호선,영등포시장,6985,7099,14084
202207,5호선,오금,2000,1739,3739
202207,5호선,오목교,14469,15267,29736
202207,5호선,올림픽공원,4023,3405,7428
202207,5호선,왕십리,3052,3912,6964
202207,5호선,우장산,8973,8698,17671
202207,5호선,을지로4가,2914,3175,6089
202207,5호선,장한평,10654,10204,20858
202207,5호선,종로3가,11444,11675,23119
202207,5호선,천호,15804,14997,30801
202207,5호선,청구,2227,2036,4263
202207,5호선,충정로,1844,1624,3468
202207,5호선,하남검단산,5108,5182,10290
202207,5호선,하남시청,5112,4789,9901
202207,5호선,하남풍산,2603,2602,5205
202207,5호선,행당,4850,4088,8938
202207,5호선,화곡,18888,16663,35551
202207,6호선,고려대,4962,4521,9483
202207,6호선,공덕,9129,8834,17963
202207,6호선,광흥창,4725,4326,9051
202207,6호선,구산,5024,3847,8871
202207,6호선,녹사평,4637,5480,10117
202207,6호선,대흥,5391,5279,10670
202207,6호선,독바위,1832,1994,3826
202207,6호선,돌곶이,5711,5223,10934
202207,6호선,동묘앞,6308,6085,12393
202207,6호선,디지털미디어시티,6804,6737,13541
202207,6호선,마포구청,8694,7503,16197
202207,6호선,망원,11324,12418,23742
202207,6호선,버티고개,1511,1543,3054
202207,6호선,보문,4775,4187,8962
202207,6호선,봉화산,4925,4685,9610
202207,6호선,불광,3710,3257,6967
202207,6호선,삼각지,5450,3973,9423
202207,6호선,상수,8653,10838,19491
202207,6호선,상월곡,3805,3253,7058
202207,6호선,새절,8080,7398,15478
202207,6호선,석계,7958,7787,15745
202207,6호선,신내,2,0,2
202207,6호선,신당,6056,5625,11681
202207,6호선,안암,6144,5732,11876
202207,6호선,약수,2287,2301,4588
202207,6호선,역촌,2534,2782,5316
202207,6호선,월곡,6811,6414,13225
202207,6호선,월드컵경기장,3937,4130,8067
202207,6호선,응암,11414,11069,22483
202207,6호선,이태원,14038,18427,32465
202207,6호선,증산,6795,6415,13210
202207,6호선,창신,1989,1625,3614
202207,6호선,청구,2302,2186,4488
202207,6호선,태릉입구,3944,4079,8023
202207,6호선,한강진,9083,11152,20235
202207,6호선,합정,11778,11033,22811
202207,6호선,화랑대,6621,4962,11583
202207,6호선,효창공원앞,4309,3746,8055
202207,7호선,가산디지털단지,13331,11939,25270
202207,7호선,강남구청,7868,8791,16659
202207,7호선,건대입구,10427,10800,21227
202207,7호선,고속터미널,14648,10868,25516
202207,7호선,공릉,7579,7312,14891
202207,7호선,광명사거리,15080,15041,30121
202207,7호선,군자,10071,7638,17709
202207,7호선,남구로,7857,8061,15918
202207,7호선,남성,7293,6470,13763
202207,7호선,내방,7267,7289,14556
202207,7호선,노원,15106,15936,31042
202207,7호선,논현,8984,9893,18877
202207,7호선,대림,7121,7726,14847
202207,7호선,도봉산,5957,7861,13818
202207,7호선,뚝섬유원지,8095,7560,15655
202207,7호선,마들,8475,7765,16240
202207,7호선,먹골,7300,6730,14030
202207,7호선,면목,9986,9320,19306
202207,7호선,반포,4186,4202,8388
202207,7호선,보라매,4699,4662,9361
202207,7호선,사가정,10909,10380,21289
202207,7호선,상도,7014,6337,13351
202207,7호선,상봉,12266,11674,23940
202207,7호선,수락산,9901,9738,19639
202207,7호선,숭실대입구,7180,6920,14100
202207,7호선,신대방삼거리,10001,9053,19054
202207,7호선,신풍,7461,6998,14459
202207,7호선,어린이대공원,8270,7598,15868
202207,7호선,온수,5078,4918,9996
202207,7호선,용마산,3874,3851,7725
202207,7호선,이수,11198,10710,21908
202207,7호선,장승배기,6010,5628,11638
202207,7호선,장암,1720,1202,2922
202207,7호선,중계,8404,7385,15789
202207,7호선,중곡,6434,5842,12276
202207,7호선,중화,7010,6457,13467
202207,7호선,천왕,6172,5806,11978
202207,7호선,철산,13934,13775,27709
202207,7호선,청담,9483,10363,19846
202207,7호선,태릉입구,6147,5618,11765
202207,7호선,하계,11347,10285,21632
202207,7호선,학동,8598,8874,17472
202207,8호선,가락시장,4648,4923,9571
202207,8호선,강동구청,5781,5679,11460
202207,8호선,남위례,3101,3056,6157
202207,8호선,남한산성입구,8491,7458,15949
202207,8호선,단대오거리,7069,6478,13547
202207,8호선,모란,3404,3047,6451
202207,8호선,몽촌토성,3850,3785,7635
202207,8호선,문정,7384,7316,14700
202207,8호선,복정,5320,4455,9775
202207,8호선,산성,3832,3848,7680
202207,8호선,석촌,5339,6359,11698
202207,8호선,송파,6078,5725,11803
202207,8호선,수진,4021,3455,7476
202207,8호선,신흥,3472,3725,7197
202207,8호선,암사,11537,10438,21975
202207,8호선,잠실,14158,16124,30282
202207,8호선,장지,11491,10484,21975
202207,8호선,천호,11153,13009,24162
202207,9호선,가양,12996,12291,25287
202207,9호선,개화,1382,1118,2500
202207,9호선,고속터미널,14637,22102,36739
202207,9호선,공항시장,2228,2348,4576
202207,9호선,구반포,608,608,1216
202207,9호선,국회의사당,3402,3530,6932
202207,9호선,김포공항,7852,11690,19542
202207,9호선,노들,3141,2588,5729
202207,9호선,노량진,19592,18853,38445
202207,9호선,당산,12319,11453,23772
202207,9호선,동작,1364,1268,2632
202207,9호선,등촌,6899,6505,13404
202207,9호선,마곡나루,6798,6646,13444
202207,9호선,사평,2352,2216,4568
202207,9호선,샛강,2668,2637,5305
202207,9호선,선유도,3790,3361,7151
202207,9호선,신논현,24009,24457,48466
202207,9호선,신목동,2237,1876,4113
202207,9호선,신반포,2644,2673,5317
202207,9호선,신방화,4546,4273,8819
202207,9호선,양천향교,5538,5209,10747
202207,9호선,여의도,13126,12333,25459
202207,9호선,염창,11236,10206,21442
202207,9호선,증미,4086,3872,7958
202207,9호선,흑석,5086,5086,10172
202207,9호선2~3단계,둔촌오륜,590,584,1174
202207,9호선2~3단계,봉은사,16461,17301,33762
202207,9호선2~3단계,삼성중앙,3014,3018,6032
202207,9호선2~3단계,삼전,4909,4434,9343
202207,9호선2~3단계,석촌,6493,5304,11797
202207,9호선2~3단계,석촌고분,4327,3971,8298
202207,9호선2~3단계,선정릉,4199,4644,8843
202207,9호선2~3단계,송파나루,4265,4638,8903
202207,9호선2~3단계,언주,5605,5416,11021
202207,9호선2~3단계,올림픽공원,8991,8988,17979
202207,9호선2~3단계,종합운동장,3290,2947,6237
202207,9호선2~3단계,중앙보훈병원,4875,4498,9373
202207,9호선2~3단계,한성백제,1725,1532,3257
202207,경강선,경기광주,5432,5061,10493
202207,경강선,곤지암,1986,1977,3963
202207,경강선,부발,2150,1854,4004
202207,경강선,삼동,1411,1323,2734
202207,경강선,세종대왕릉,352,372,724
202207,경강선,신둔도예촌,1264,1228,2492
202207,경강선,여주,2850,3065,5915
202207,경강선,이매,908,656,1564
202207,경강선,이천,3097,3089,6186
202207,경강선,초월,2317,2053,4370
202207,경강선,판교,3259,3142,6401
202207,경부선,가산디지털단지,5858,7514,13372
202207,경부선,관악,5289,5152,10441
202207,경부선,광명,2738,2587,5325
202207,경부선,구로,11372,11760,23132
202207,경부선,군포,3855,3430,7285
202207,경부선,금정,18311,18486,36797
202207,경부선,금천구청,7143,7129,14272
202207,경부선,남영,5748,5689,11437
202207,경부선,노량진,6927,6130,13057
202207,경부선,당정,3761,3412,7173
202207,경부선,대방,6128,6513,12641
202207,경부선,독산,8171,7643,15814
202207,경부선,두정,5269,5383,10652
202207,경부선,명학,4093,3729,7822
202207,경부선,병점,11380,11328,22708
202207,경부선,서동탄,924,930,1854
202207,경부선,서울역,9005,2436,11441
202207,경부선,서정리,7221,5693,12914
202207,경부선,석수,5935,5396,11331
202207,경부선,성균관대,9291,9414,18705
202207,경부선,성환,3094,2721,5815
202207,경부선,세류,2439,2414,4853
202207,경부선,세마,2144,1885,4029
202207,경부선,송탄,4994,4324,9318
202207,경부선,수원,37753,41581,79334
202207,경부선,신길,5523,4463,9986
202207,경부선,신도림,2339,2545,4884
202207,경부선,안양,16377,16208,32585
202207,경부선,영등포,39923,42178,82101
202207,경부선,오산,9778,8761,18539
202207,경부선,오산대,2661,2387,5048
202207,경부선,용산,40762,44335,85097
202207,경부선,의왕,5109,4853,9962
202207,경부선,직산,685,617,1302
202207,경부선,진위,1065,844,1909
202207,경부선,천안,6691,6952,13643
202207,경부선,평택,13699,13378,27077
202207,경부선,평택지제,3564,3367,6931
202207,경부선,화서,5020,4834,9854
202207,경원선,가능,4958,4626,9584
202207,경원선,광운대,4838,4740,9578
202207,경원선,녹양,3258,3054,6312
202207,경원선,녹천,2889,2357,5246
202207,경원선,덕계,2383,2174,4557
202207,경원선,덕정,4282,3712,7994
202207,경원선,도봉,4176,3824,8000
202207,경원선,도봉산,7682,5121,12803
202207,경원선,동두천,1686,2037,3723
202207,경원선,동두천중앙,2624,2661,5285
202207,경원선,망월사,5259,5235,10494
202207,경원선,방학,7079,6714,13793
202207,경원선,보산,1841,1779,3620
202207,경원선,서빙고,1457,1405,2862
202207,경원선,석계,5975,6213,12188
202207,경원선,소요산,5017,4419,9436
202207,경원선,신이문,5656,5041,10697
202207,경원선,양주,5999,5611,11610
202207,경원선,옥수,29,29,58
202207,경원선,왕십리,11727,13790,25517
202207,경원선,외대앞,5575,5243,10818
202207,경원선,월계,4283,3631,7914
202207,경원선,응봉,1283,1135,2418
202207,경원선,의정부,17078,17941,35019
202207,경원선,이촌,2649,2003,4652
202207,경원선,지행,5437,5283,10720
202207,경원선,청량리,17023,17501,34524
202207,경원선,한남,2506,2415,4921
202207,경원선,회룡,8683,8524,17207
202207,경의선,가좌,3836,3527,7363
202207,경의선,강매,1825,1610,3435
202207,경의선,곡산,362,318,680
202207,경의선,공덕,2446,1815,4261
202207,경의선,금릉,3543,3359,6902
202207,경의선,금촌,5489,5090,10579
202207,경의선,능곡,2612,2522,5134
202207,경의선,디지털미디어시티,2019,1656,3675
202207,경의선,문산,5174,4708,9882
202207,경의선,백마,4047,3666,7713
202207,경의선,서강대,1615,1513,3128
202207,경의선,서울역,1419,1517,2936
202207,경의선,수색,1386,1383,2769
202207,경의선,신촌,376,412,788
202207,경의선,야당,5928,6028,11956
202207,경의선,운정,4617,4147,8764
202207,경의선,월롱,1874,1457,3331
202207,경의선,일산,5534,5223,10757
202207,경의선,임진강,75,64,139
202207,경의선,탄현,4993,4726,9719
202207,경의선,파주,880,647,1527
202207,경의선,풍산,4110,3911,8021
202207,경의선,행신,5233,5398,10631
202207,경의선,홍대입구,1919,2694,4613
202207,경의선,화전,852,841,1693
202207,경의선,효창공원앞,1738,1882,3620
202207,경인선,간석,3976,3646,7622
202207,경인선,개봉,14477,13873,28350
202207,경인선,구일,4402,4042,8444
202207,경인선,도원,1858,1950,3808
202207,경인선,도화,2903,2571,5474
202207,경인선,동암,11871,12013,23884
202207,경인선,동인천,11058,10917,21975
202207,경인선,백운,5032,4755,9787
202207,경인선,부개,5884,5454,11338
202207,경인선,부천,26589,26924,53513
202207,경인선,부평,27184,30336,57520
202207,경인선,소사,5904,5836,11740
202207,경인선,송내,16597,16111,32708
202207,경인선,역곡,17984,17505,35489
202207,경인선,오류동,8257,7417,15674
202207,경인선,온수,4431,4002,8433
202207,경인선,인천,4571,4021,8592
202207,경인선,제물포,6476,6150,12626
202207,경인선,주안,14774,12534,27308
202207,경인선,중동,5872,5433,11305
202207,경춘선,가평,3291,4377,7668
202207,경춘선,갈매,1729,1429,3158
202207,경춘선,강촌,752,819,1571
202207,경춘선,굴봉산,241,222,463
202207,경춘선,금곡,1042,952,1994
202207,경춘선,김유정,384,406,790
202207,경춘선,남춘천,2985,3346,6331
202207,경춘선,대성리,1380,1288,2668
202207,경춘선,마석,3211,3120,6331
202207,경춘선,백양리,185,202,387
202207,경춘선,별내,2172,1983,4155
202207,경춘선,사릉,1518,1519,3037
202207,경춘선,상천,407,448,855
202207,경춘선,신내,1247,1143,2390
202207,경춘선,천마산,1236,1182,2418
202207,경춘선,청평,2207,2475,4682
202207,경춘선,춘천,1952,1871,3823
202207,경춘선,퇴계원,2416,2122,4538
202207,경춘선,평내호평,4197,4063,8260
202207,공항철도 1호선,검암,4401,4404,8805
202207,공항철도 1호선,계양,7363,6617,13980
202207,공항철도 1호선,공덕,1556,2171,3727
202207,공항철도 1호선,공항화물청사,1371,1410,2781
202207,공항철도 1호선,김포공항,10500,5643,16143
202207,공항철도 1호선,디지털미디어시티,4588,4341,8929
202207,공항철도 1호선,마곡나루,2758,2905,5663
202207,공항철도 1호선,서울역,9371,9460,18831
202207,공항철도 1호선,영종,3147,3273,6420
202207,공항철도 1호선,운서,7085,7149,14234
202207,공항철도 1호선,인천공항1터미널,8602,8632,17234
202207,공항철도 1호선,인천공항2터미널,4244,3783,8027
202207,공항철도 1호선,청라국제도시,4413,4003,8416
202207,공항철도 1호선,홍대입구,12822,13273,26095
202207,과천선,경마공원,14116,14382,28498
202207,과천선,과천,4608,4353,8961
202207,과천선,대공원,3758,3888,7646
202207,과천선,범계,19294,18989,38283
202207,과천선,선바위,4493,3973,8466
202207,과천선,인덕원,14926,14992,29918
202207,과천선,정부과천청사,6366,6295,12661
202207,과천선,평촌,8718,8616,17334
202207,분당선,가천대,4326,4587,8913
202207,분당선,강남구청,4186,4900,9086
202207,분당선,개포동,2645,2555,5200
202207,분당선,구룡,1178,1071,2249
202207,분당선,구성,3016,3204,6220
202207,분당선,기흥,6649,6150,12799
202207,분당선,대모산입구,2726,2308,5034
202207,분당선,도곡,4051,3704,7755
202207,분당선,망포,8890,7919,16809
202207,분당선,매교,2024,2082,4106
202207,분당선,매탄권선,3279,3063,6342
202207,분당선,모란,14483,15010,29493
202207,분당선,미금,9883,10240,20123
202207,분당선,보정,1561,1432,2993
202207,분당선,상갈,3540,3578,7118
202207,분당선,서울숲,7465,7777,15242
202207,분당선,서현,17930,18190,36120
202207,분당선,선릉,4600,6683,11283
202207,분당선,선정릉,2784,2794,5578
202207,분당선,수내,8466,7907,16373
202207,분당선,수서,9506,10021,19527
202207,분당선,수원,7246,5987,13233
202207,분당선,수원시청,9446,10809,20255
202207,분당선,신갈,2610,2508,5118
202207,분당선,압구정로데오,16426,19798,36224
202207,분당선,야탑,16092,17202,33294
202207,분당선,영통,6478,6319,12797
202207,분당선,오리,6982,5615,12597
202207,분당선,이매,3885,3890,7775
202207,분당선,정자,10182,10463,20645
202207,분당선,죽전,9050,10298,19348
202207,분당선,청명,2579,2525,5104
202207,분당선,태평,10470,9645,20115
202207,분당선,한티,12943,12199,25142
202207,수인선,고색,2614,2492,5106
202207,수인선,남동인더스파크,854,816,1670
202207,수인선,달월,61,53,114
202207,수인선,사리,3362,2663,6025
202207,수인선,소래포구,4320,4299,8619
202207,수인선,송도,1627,1603,3230
202207,수인선,숭의,2285,2146,4431
202207,수인선,신포,1286,1348,2634
202207,수인선,야목,249,187,436
202207,수인선,어천,812,724,1536
202207,수인선,연수,3679,3755,7434
202207,수인선,오목천,2242,1939,4181
202207,수인선,원인재,3218,3235,6453
202207,수인선,월곶,2034,1926,3960
202207,수인선,인천,1278,2048,3326
202207,수인선,인천논현,3868,4002,7870
202207,수인선,인하대,3773,3451,7224
202207,수인선,호구포,2489,2211,4700
202207,신림선,관악산,4529,4309,8838
202207,신림선,당곡,2854,2569,5423
202207,신림선,대방,1536,1068,2604
202207,신림선,보라매,1988,1745,3733
202207,신림선,보라매공원,1095,1140,2235
202207,신림선,보라매병원,2498,2485,4983
202207,신림선,샛강,878,1326,2204
202207,신림선,서울대벤처타운,5228,4799,10027
202207,신림선,서울지방병무청,1721,1732,3453
202207,신림선,서원,2205,1860,4065
202207,신림선,신림,1388,1740,3128
202207,안산선,고잔,5347,5150,10497
202207,안산선,대야미,3604,3127,6731
202207,안산선,반월,3165,2926,6091
202207,안산선,산본,11477,12190,23667
202207,안산선,상록수,11253,11094,22347
202207,안산선,수리산,2687,2272,4959
202207,안산선,신길온천,1378,1329,2707
202207,안산선,안산,10410,10810,21220
202207,안산선,오이도,7227,7379,14606
202207,안산선,정왕,6564,6454,13018
202207,안산선,중앙,14279,15295,29574
202207,안산선,초지,3178,3009,6187
202207,안산선,한대앞,6305,6230,12535
202207,우이신설선,4.19민주묘지,2129,1858,3987
202207,우이신설선,가오리,2825,2642,5467
202207,우이신설선,보문,1097,1093,2190
202207,우이신설선,북한산보국문,4372,3888,8260
202207,우이신설선,북한산우이,3415,3847,7262
202207,우이신설선,삼양,1402,1407,2809
202207,우이신설선,삼양사거리,1765,1773,3538
202207,우이신설선,성신여대입구,2684,3168,5852
202207,우이신설선,솔밭공원,1619,1611,3230
202207,우이신설선,솔샘,3546,3010,6556
202207,우이신설선,신설동,1285,1250,2535
202207,우이신설선,정릉,3210,2504,5714
202207,우이신설선,화계,2289,2058,4347
202207,일산선,대곡,1278,1114,2392
202207,일산선,대화,8977,7888,16865
202207,일산선,마두,4594,4590,9184
202207,일산선,백석,6996,6890,13886
202207,일산선,삼송,13566,13053,26619
202207,일산선,원당,7400,6869,14269
202207,일산선,원흥,7110,6434,13544
202207,일산선,정발산,5888,6066,11954
202207,일산선,주엽,6556,6421,12977
202207,일산선,지축,1,0,1
202207,일산선,화정,11691,11964,23655
202207,장항선,배방,1014,918,1932
202207,장항선,봉명,708,623,1331
202207,장항선,신창,1126,1018,2144
202207,장항선,쌍용,1517,1366,2883
202207,장항선,아산,3010,3026,6036
202207,장항선,온양온천,3785,3876,7661
202207,장항선,탕정,739,623,1362
202207,중앙선,구리,9486,9673,19159
202207,중앙선,국수,584,606,1190
202207,중앙선,덕소,4246,4301,8547
202207,중앙선,도농,6690,6356,13046
202207,중앙선,도심,1528,1265,2793
202207,중앙선,망우,6142,5983,12125
202207,중앙선,상봉,4565,4348,8913
202207,중앙선,신원,172,181,353
202207,중앙선,아신,752,736,1488
202207,중앙선,양수,2321,2424,4745
202207,중앙선,양원,1731,1643,3374
202207,중앙선,양정,505,438,943
202207,중앙선,양평,2700,3058,5758
202207,중앙선,오빈,289,306,595
202207,중앙선,용문,4381,4938,9319
202207,중앙선,운길산,888,858,1746
202207,중앙선,원덕,402,435,837
202207,중앙선,중랑,4393,4107,8500
202207,중앙선,지평,74,103,177
202207,중앙선,팔당,1242,1280,2522
202207,중앙선,회기,17765,16468,34233
202207,1호선,동대문,8855,9049,17904
202207,1호선,동묘앞,7502,7679,15181
202207,1호선,서울역,32137,29669,61806
202207,1호선,시청,7861,7656,15517
202207,1호선,신설동,6293,6413,12706
202207,1호선,제기동,8492,8896,17388
202207,1호선,종각,12650,11099,23749
202207,1호선,종로3가,12360,11444,23804
202207,1호선,종로5가,9458,8998,18456
202207,1호선,청량리,11384,12157,23541
202207,2호선,강남,31573,29921,61494
202207,2호선,강변,24569,21831,46400
202207,2호선,건대입구,23030,24356,47386
202207,2호선,교대,9738,10849,20587
202207,2호선,구로디지털단지,21499,21661,43160
202207,2호선,구의,10299,10515,20814
202207,2호선,낙성대,13868,14606,28474
202207,2호선,당산,6863,7494,14357
202207,2호선,대림,13238,14017,27255
202207,2호선,도림천,418,475,893
202207,2호선,동대문역사문화공원,8796,10420,19216
202207,2호선,뚝섬,8303,8873,17176
202207,2호선,문래,6585,7056,13641
202207,2호선,방배,5953,6431,12384
202207,2호선,봉천,11049,11060,22109
202207,2호선,사당,18946,20878,39824
202207,2호선,삼성,28865,27019,55884
202207,2호선,상왕십리,6291,6470,12761
202207,2호선,서울대입구,23463,23967,47430
202207,2호선,서초,11443,10341,21784
202207,2호선,선릉,11740,10487,22227
202207,2호선,성수,13976,14966,28942
202207,2호선,시청,6851,5522,12373
202207,2호선,신답,601,734,1335
202207,2호선,신당,7133,7916,15049
202207,2호선,신대방,13413,13395,26808
202207,2호선,신도림,23240,23798,47038
202207,2호선,신림,32131,31556,63687
202207,2호선,신설동,2624,2587,5211
202207,2호선,신정네거리,4985,5040,10025
202207,2호선,신촌,22052,21283,43335
202207,2호선,아현,4797,4810,9607
202207,2호선,양천구청,2868,2951,5819
202207,2호선,역삼,10491,11458,21949
202207,2호선,영등포구청,6282,6519,12801
202207,2호선,왕십리,8683,7696,16379
202207,2호선,용답,1527,1519,3046
202207,2호선,용두,1129,1015,2144
202207,2호선,을지로3가,8336,8359,16695
202207,2호선,을지로4가,3836,3729,7565
202207,2호선,을지로입구,16256,16241,32497
202207,2호선,이대,6636,7403,14039
202207,2호선,잠실,50683,47773,98456
202207,2호선,잠실나루,4838,4985,9823
202207,2호선,잠실새내,11037,11568,22605
202207,2호선,종합운동장,4985,5481,10466
202207,2호선,충정로,3138,3345,6483
202207,2호선,한양대,2085,2295,4380
202207,2호선,합정,19057,20129,39186
202207,2호선,홍대입구,50103,49349,99452
202207,3호선,가락시장,3192,3431,6623
202207,3호선,경복궁,11347,12249,23596
202207,3호선,경찰병원,2512,2645,5157
202207,3호선,고속터미널,43773,39029,82802
202207,3호선,교대,4064,2616,6680
202207,3호선,구파발,10764,11241,22005
202207,3호선,금호,3632,3558,7190
202207,3호선,남부터미널,14414,14081,28495
202207,3호선,녹번,6430,5784,12214
202207,3호선,대청,3727,3758,7485
202207,3호선,대치,7135,6108,13243
202207,3호선,도곡,1680,1690,3370
202207,3호선,독립문,3794,3893,7687
202207,3호선,동대입구,4951,5235,10186
202207,3호선,매봉,3685,3674,7359
202207,3호선,무악재,1653,1786,3439
202207,3호선,불광,8427,9228,17655
202207,3호선,수서,9856,10111,19967
202207,3호선,신사,11632,11672,23304
202207,3호선,안국,11466,11006,22472
202207,3호선,압구정,13354,14185,27539
202207,3호선,약수,6146,5980,12126
202207,3호선,양재,10858,13041,23899
202207,3호선,연신내,18571,17794,36365
202207,3호선,오금,2402,2474,4876
202207,3호선,옥수,4244,4521,8765
202207,3호선,을지로3가,3494,3073,6567
202207,3호선,일원,3214,3292,6506
202207,3호선,잠원,1789,1935,3724
202207,3호선,종로3가,3804,5035,8839
202207,3호선,지축,2244,2046,4290
202207,3호선,충무로,1,0,1
202207,3호선,학여울,1661,1738,3399
202207,3호선,홍제,8012,7886,15898
202207,4호선,길음,9530,9364,18894
202207,4호선,남태령,697,484,1181
202207,4호선,노원,10654,11452,22106
202207,4호선,당고개,5124,4879,10003
202207,4호선,동대문,5664,6459,12123
202207,4호선,동대문역사문화공원,9431,8710,18141
202207,4호선,동작,589,655,1244
202207,4호선,명동,12412,13077,25489
202207,4호선,미아,7321,6947,14268
202207,4호선,미아사거리,14411,13643,28054
202207,4호선,사당,14160,12695,26855
202207,4호선,삼각지,2524,3463,5987
202207,4호선,상계,8726,8251,16977
202207,4호선,서울역,4326,12258,16584
202207,4호선,성신여대입구,11411,10999,22410
202207,4호선,수유,18051,17547,35598
202207,4호선,숙대입구,7562,7313,14875
202207,4호선,신용산,9069,9194,18263
202207,4호선,쌍문,14189,12814,27003
202207,4호선,이촌,6916,7080,13996
202207,4호선,창동,13412,14019,27431
202207,4호선,총신대입구,8905,9686,18591
202207,4호선,충무로,6725,7318,14043
202207,4호선,한성대입구,6789,6743,13532
202207,4호선,혜화,23972,24467,48439
202207,4호선,회현,8179,8105,16284
202207,5호선,강동,7727,7795,15522
202207,5호선,강일,1938,1892,3830
202207,5호선,개롱,2649,2990,5639
202207,5호선,개화산,2408,2403,4811
202207,5호선,거여,4098,4063,8161
202207,5호선,고덕,3951,3942,7893
202207,5호선,공덕,4007,4140,8147
202207,5호선,광나루,6874,6433,13307
202207,5호선,광화문,11776,11775,23551
202207,5호선,군자,5134,5752,10886
202207,5호선,굽은다리,5068,4941,10009
202207,5호선,길동,3793,3776,7569
202207,5호선,김포공항,7267,6823,14090
202207,5호선,까치산,13843,13707,27550
202207,5호선,답십리,6758,6339,13097
202207,5호선,동대문역사문화공원,910,1074,1984
202207,5호선,둔촌동,4035,3946,7981
202207,5호선,마곡,3200,3491,6691
202207,5호선,마장,2465,2362,4827
202207,5호선,마천,3080,3310,6390
202207,5호선,마포,4506,4386,8892
202207,5호선,명일,4247,4362,8609
202207,5호선,목동,6592,7023,13615
202207,5호선,미사,7713,7871,15584
202207,5호선,발산,7754,8167,15921
202207,5호선,방이,3462,3300,6762
202207,5호선,방화,3132,3126,6258
202207,5호선,상일동,5847,5936,11783
202207,5호선,서대문,4345,4244,8589
202207,5호선,송정,3140,3219,6359
202207,5호선,신금호,2562,2850,5412
202207,5호선,신길,1841,2182,4023
202207,5호선,신정,5668,5149,10817
202207,5호선,아차산,7686,7489,15175
202207,5호선,애오개,2332,2508,4840
202207,5호선,양평,2393,2471,4864
202207,5호선,여의나루,6205,7500,13705
202207,5호선,여의도,8903,8229,17132
202207,5호선,영등포구청,1175,1145,2320
202207,5호선,영등포시장,4779,5046,9825
202207,5호선,오금,1286,1200,2486
202207,5호선,오목교,10561,10892,21453
202207,5호선,올림픽공원,3027,2539,5566
202207,5호선,왕십리,2241,2772,5013
202207,5호선,우장산,6064,6315,12379
202207,5호선,을지로4가,1370,1663,3033
202207,5호선,장한평,7107,7280,14387
202207,5호선,종로3가,8613,7207,15820
202207,5호선,천호,11277,10651,21928
202207,5호선,청구,1574,1545,3119
202207,5호선,충정로,1387,1453,2840
202207,5호선,하남검단산,3934,3885,7819
202207,5호선,하남시청,3479,3428,6907
202207,5호선,하남풍산,1976,1959,3935
202207,5호선,행당,3426,3210,6636
202207,5호선,화곡,12431,11621,24052
202207,6호선,고려대,3618,3619,7237
202207,6호선,공덕,6252,5921,12173
202207,6호선,광흥창,3639,3577,7216
202207,6호선,구산,3355,2880,6235
202207,6호선,녹사평,3497,3530,7027
202207,6호선,대흥,3692,3875,7567
202207,6호선,독바위,1373,1573,2946
202207,6호선,돌곶이,5100,4873,9973
202207,6호선,동묘앞,4485,4599,9084
202207,6호선,디지털미디어시티,4726,5277,10003
202207,6호선,마포구청,6163,5788,11951
202207,6호선,망원,8058,8698,16756
202207,6호선,버티고개,997,1103,2100
202207,6호선,보문,3705,3387,7092
202207,6호선,봉화산,3529,3424,6953
202207,6호선,불광,2754,2452,5206
202207,6호선,삼각지,3712,2939,6651
202207,6호선,상수,6547,7318,13865
202207,6호선,상월곡,2955,2646,5601
202207,6호선,새절,5623,5540,11163
202207,6호선,석계,5783,5931,11714
202207,6호선,신당,4667,5156,9823
202207,6호선,안암,4463,4545,9008
202207,6호선,약수,1671,1630,3301
202207,6호선,역촌,1980,2148,4128
202207,6호선,월곡,5031,5131,10162
202207,6호선,월드컵경기장,3097,3015,6112
202207,6호선,응암,8186,8499,16685
202207,6호선,이태원,11472,9337,20809
202207,6호선,증산,4889,5113,10002
202207,6호선,창신,1482,1360,2842
202207,6호선,청구,1508,1570,3078
202207,6호선,태릉입구,2709,2876,5585
202207,6호선,한강진,6865,7393,14258
202207,6호선,합정,8629,7886,16515
202207,6호선,화랑대,4180,3685,7865
202207,6호선,효창공원앞,2969,2756,5725
202207,7호선,가산디지털단지,8733,7824,16557
202207,7호선,강남구청,4186,4706,8892
202207,7호선,건대입구,7346,7550,14896
202207,7호선,고속터미널,13901,7447,21348
202207,7호선,공릉,5424,5387,10811
202207,7호선,광명사거리,10643,10693,21336
202207,7호선,군자,6817,5506,12323
202207,7호선,남구로,6295,6415,12710
202207,7호선,남성,4965,4916,9881
202207,7호선,내방,4649,4935,9584
202207,7호선,노원,10091,10158,20249
202207,7호선,논현,4760,5282,10042
202207,7호선,대림,7595,7255,14850
202207,7호선,도봉산,4283,6045,10328
202207,7호선,뚝섬유원지,4356,4400,8756
202207,7호선,마들,5503,5214,10717
202207,7호선,먹골,4803,4819,9622
202207,7호선,면목,6892,6940,13832
202207,7호선,반포,2696,2763,5459
202207,7호선,보라매,3419,3409,6828
202207,7호선,사가정,7618,7586,15204
202207,7호선,상도,4700,4782,9482
202207,7호선,상봉,8579,8028,16607
202207,7호선,수락산,7342,7203,14545
202207,7호선,숭실대입구,4945,5390,10335
202207,7호선,신대방삼거리,6811,6848,13659
202207,7호선,신풍,5588,5452,11040
202207,7호선,어린이대공원,5996,6091,12087
202207,7호선,온수,3355,3481,6836
202207,7호선,용마산,2690,2851,5541
202207,7호선,이수,7464,7269,14733
202207,7호선,장승배기,4048,4074,8122
202207,7호선,장암,1219,905,2124
202207,7호선,중계,5837,5449,11286
202207,7호선,중곡,4700,4579,9279
202207,7호선,중화,4775,4712,9487
202207,7호선,천왕,4228,4114,8342
202207,7호선,철산,9000,9207,18207
202207,7호선,청담,5534,6214,11748
202207,7호선,태릉입구,4342,3992,8334
202207,7호선,하계,8014,7868,15882
202207,7호선,학동,5183,5566,10749
202207,8호선,가락시장,2710,3445,6155
202207,8호선,강동구청,4158,4375,8533
202207,8호선,남위례,2085,2230,4315
202207,8호선,남한산성입구,5790,5514,11304
202207,8호선,단대오거리,4697,4780,9477
202207,8호선,모란,2274,1990,4264
202207,8호선,몽촌토성,2945,2881,5826
202207,8호선,문정,4306,4475,8781
202207,8호선,복정,4356,3990,8346
202207,8호선,산성,2494,2548,5042
202207,8호선,석촌,3883,4600,8483
202207,8호선,송파,4095,4361,8456
202207,8호선,수진,2784,2561,5345
202207,8호선,신흥,2620,2792,5412
202207,8호선,암사,7839,7539,15378
202207,8호선,잠실,11285,12180,23465
202207,8호선,장지,8212,8496,16708
202207,8호선,천호,7880,8931,16811
202207,9호선,가양,10244,9886,20130
202207,9호선,개화,872,847,1719
202207,9호선,고속터미널,11088,16536,27624
202207,9호선,공항시장,1725,1831,3556
202207,9호선,구반포,301,326,627
202207,9호선,국회의사당,4294,4035,8329
202207,9호선,김포공항,7219,10183,17402
202207,9호선,노들,2481,2226,4707
202207,9호선,노량진,13648,14222,27870
202207,9호선,당산,8250,8296,16546
202207,9호선,동작,1099,899,1998
202207,9호선,등촌,4718,4974,9692
202207,9호선,마곡나루,4603,4637,9240
202207,9호선,사평,1577,1730,3307
202207,9호선,샛강,1741,1652,3393
202207,9호선,선유도,2467,2548,5015
202207,9호선,신논현,14400,14006,28406
202207,9호선,신목동,1515,1514,3029
202207,9호선,신반포,1779,1878,3657
202207,9호선,신방화,3280,3289,6569
202207,9호선,양천향교,3729,4033,7762
202207,9호선,여의도,9916,8385,18301
202207,9호선,염창,7733,7647,15380
202207,9호선,증미,2720,2749,5469
202207,9호선,흑석,3558,3804,7362
202207,9호선2~3단계,둔촌오륜,480,482,962
202207,9호선2~3단계,봉은사,12597,12798,25395
202207,9호선2~3단계,삼성중앙,1966,2123,4089
202207,9호선2~3단계,삼전,3319,3363,6682
202207,9호선2~3단계,석촌,4176,3814,7990
202207,9호선2~3단계,석촌고분,3057,3173,6230
202207,9호선2~3단계,선정릉,2595,2969,5564
202207,9호선2~3단계,송파나루,3104,3240,6344
202207,9호선2~3단계,언주,3569,3636,7205
202207,9호선2~3단계,올림픽공원,5370,5688,11058
202207,9호선2~3단계,종합운동장,2216,1975,4191
202207,9호선2~3단계,중앙보훈병원,3295,3110,6405
202207,9호선2~3단계,한성백제,1218,1183,2401
202207,경강선,경기광주,3722,3591,7313
202207,경강선,곤지암,1535,1582,3117
202207,경강선,부발,1524,2033,3557
202207,경강선,삼동,993,976,1969
202207,경강선,세종대왕릉,282,238,520
202207,경강선,신둔도예촌,927,849,1776
202207,경강선,여주,2472,2181,4653
202207,경강선,이매,624,498,1122
202207,경강선,이천,2181,2477,4658
202207,경강선,초월,1592,1554,3146
202207,경강선,판교,2480,2429,4909
202207,경부선,가산디지털단지,3895,5806,9701
202207,경부선,관악,3835,3584,7419
202207,경부선,광명,2752,1847,4599
202207,경부선,구로,8404,8736,17140
202207,경부선,군포,2671,2594,5265
202207,경부선,금정,13198,13601,26799
202207,경부선,금천구청,5035,5242,10277
202207,경부선,남영,4367,4687,9054
202207,경부선,노량진,4465,4458,8923
202207,경부선,당정,2593,2599,5192
202207,경부선,대방,4428,5238,9666
202207,경부선,독산,5323,5297,10620
202207,경부선,두정,4119,4277,8396
202207,경부선,명학,2694,2644,5338
202207,경부선,병점,8223,8985,17208
202207,경부선,서동탄,672,718,1390
202207,경부선,서울역,9647,2217,11864
202207,경부선,서정리,4067,6202,10269
202207,경부선,석수,3986,3712,7698
202207,경부선,성균관대,6650,7033,13683
202207,경부선,성환,2357,2538,4895
202207,경부선,세류,1841,1937,3778
202207,경부선,세마,1605,1517,3122
202207,경부선,송탄,3295,4066,7361
202207,경부선,수원,31638,30606,62244
202207,경부선,신길,3890,3540,7430
202207,경부선,신도림,1619,1902,3521
202207,경부선,안양,11692,11285,22977
202207,경부선,영등포,33495,32121,65616
202207,경부선,오산,7081,7463,14544
202207,경부선,오산대,1819,1797,3616
202207,경부선,용산,39848,35400,75248
202207,경부선,의왕,3480,3501,6981
202207,경부선,직산,531,542,1073
202207,경부선,진위,916,832,1748
202207,경부선,천안,5840,5557,11397
202207,경부선,평택,10982,11155,22137
202207,경부선,평택지제,2526,2621,5147
202207,경부선,화서,3488,3559,7047
202207,경원선,가능,3574,3342,6916
202207,경원선,광운대,3667,3786,7453
202207,경원선,녹양,2371,2298,4669
202207,경원선,녹천,2253,2037,4290
202207,경원선,덕계,1712,1522,3234
202207,경원선,덕정,3053,3103,6156
202207,경원선,도봉,3094,2910,6004
202207,경원선,도봉산,6388,4518,10906
202207,경원선,동두천,1308,1623,2931
202207,경원선,동두천중앙,1996,1944,3940
202207,경원선,망월사,4060,4176,8236
202207,경원선,방학,5413,5266,10679
202207,경원선,보산,1277,1517,2794
202207,경원선,서빙고,1568,1630,3198
202207,경원선,석계,4254,4573,8827
202207,경원선,소요산,3871,3463,7334
202207,경원선,신이문,4064,3991,8055
202207,경원선,양주,4497,4350,8847
202207,경원선,옥수,58,24,82
202207,경원선,왕십리,9616,10792,20408
202207,경원선,외대앞,4155,4210,8365
202207,경원선,월계,3267,3071,6338
202207,경원선,응봉,857,818,1675
202207,경원선,의정부,13308,12980,26288
202207,경원선,이촌,2173,1692,3865
202207,경원선,지행,4199,4104,8303
202207,경원선,청량리,15631,13888,29519
202207,경원선,한남,1714,1665,3379
202207,경원선,회룡,6466,6438,12904
202207,경의선,가좌,2556,2582,5138
202207,경의선,강매,1281,1225,2506
202207,경의선,곡산,282,262,544
202207,경의선,공덕,1897,1434,3331
202207,경의선,금릉,2400,2450,4850
202207,경의선,금촌,3990,4173,8163
202207,경의선,능곡,1813,1882,3695
202207,경의선,디지털미디어시티,1430,1272,2702
202207,경의선,문산,3423,3623,7046
202207,경의선,백마,2946,2968,5914
202207,경의선,서강대,1232,1339,2571
202207,경의선,서울역,1240,1097,2337
202207,경의선,수색,833,887,1720
202207,경의선,신촌,329,318,647
202207,경의선,야당,4190,4106,8296
202207,경의선,운정,3232,3222,6454
202207,경의선,월롱,952,1944,2896
202207,경의선,일산,4199,4160,8359
202207,경의선,임진강,58,48,106
202207,경의선,탄현,3751,3513,7264
202207,경의선,파주,619,541,1160
202207,경의선,풍산,3152,2868,6020
202207,경의선,행신,4417,4099,8516
202207,경의선,홍대입구,1449,1877,3326
202207,경의선,화전,723,734,1457
202207,경의선,효창공원앞,1190,1462,2652
202207,경인선,간석,2588,2539,5127
202207,경인선,개봉,10262,10234,20496
202207,경인선,구일,2674,2699,5373
202207,경인선,도원,1436,1443,2879
202207,경인선,도화,2063,1933,3996
202207,경인선,동암,8533,8498,17031
202207,경인선,동인천,7947,7811,15758
202207,경인선,백운,3349,3305,6654
202207,경인선,부개,4218,3995,8213
202207,경인선,부천,19147,18954,38101
202207,경인선,부평,20016,20039,40055
202207,경인선,소사,4310,4317,8627
202207,경인선,송내,11024,10992,22016
202207,경인선,역곡,12314,12531,24845
202207,경인선,오류동,6227,5803,12030
202207,경인선,온수,3271,3096,6367
202207,경인선,인천,3341,2560,5901
202207,경인선,제물포,4476,4318,8794
202207,경인선,주안,10204,9094,19298
202207,경인선,중동,4267,4017,8284
202207,경춘선,가평,3500,2293,5793
202207,경춘선,갈매,1215,1076,2291
202207,경춘선,강촌,882,516,1398
202207,경춘선,굴봉산,270,173,443
202207,경춘선,금곡,795,738,1533
202207,경춘선,김유정,381,345,726
202207,경춘선,남춘천,2576,2481,5057
202207,경춘선,대성리,1226,649,1875
202207,경춘선,마석,2342,2312,4654
202207,경춘선,백양리,171,121,292
202207,경춘선,별내,1516,1463,2979
202207,경춘선,사릉,1138,1171,2309
202207,경춘선,상천,348,269,617
202207,경춘선,신내,842,951,1793
202207,경춘선,천마산,962,884,1846
202207,경춘선,청평,2121,1504,3625
202207,경춘선,춘천,1985,1369,3354
202207,경춘선,퇴계원,1799,1738,3537
202207,경춘선,평내호평,3033,2928,5961
202207,공항철도 1호선,검암,3240,3209,6449
202207,공항철도 1호선,계양,4950,4869,9819
202207,공항철도 1호선,공덕,1168,1745,2913
202207,공항철도 1호선,공항화물청사,1005,1060,2065
202207,공항철도 1호선,김포공항,10424,5201,15625
202207,공항철도 1호선,디지털미디어시티,3264,3366,6630
202207,공항철도 1호선,마곡나루,1801,2026,3827
202207,공항철도 1호선,서울역,9854,8512,18366
202207,공항철도 1호선,영종,2354,2300,4654
202207,공항철도 1호선,운서,5400,5917,11317
202207,공항철도 1호선,인천공항1터미널,8362,7430,15792
202207,공항철도 1호선,인천공항2터미널,3626,3072,6698
202207,공항철도 1호선,청라국제도시,3010,2960,5970
202207,공항철도 1호선,홍대입구,10031,9711,19742
202207,과천선,경마공원,15474,15789,31263
202207,과천선,과천,3558,3380,6938
202207,과천선,대공원,2677,2655,5332
202207,과천선,범계,12959,12849,25808
202207,과천선,선바위,3460,3060,6520
202207,과천선,인덕원,10806,11277,22083
202207,과천선,정부과천청사,4192,4178,8370
202207,과천선,평촌,5494,5398,10892
202207,분당선,가천대,3091,3864,6955
202207,분당선,강남구청,2551,2964,5515
202207,분당선,개포동,1779,1874,3653
202207,분당선,구룡,734,804,1538
202207,분당선,구성,2074,2372,4446
202207,분당선,기흥,4812,4683,9495
202207,분당선,대모산입구,1852,1900,3752
202207,분당선,도곡,2472,2494,4966
202207,분당선,망포,5628,5925,11553
202207,분당선,매교,1380,1381,2761
202207,분당선,매탄권선,2289,2222,4511
202207,분당선,모란,10249,10611,20860
202207,분당선,미금,6748,7200,13948
202207,분당선,보정,1024,920,1944
202207,분당선,복정,1,0,1
202207,분당선,상갈,2541,2664,5205
202207,분당선,서울숲,4838,4972,9810
202207,분당선,서현,13672,13561,27233
202207,분당선,선릉,2529,3709,6238
202207,분당선,선정릉,1646,1626,3272
202207,분당선,수내,5603,5650,11253
202207,분당선,수서,8059,7955,16014
202207,분당선,수원,5473,4521,9994
202207,분당선,수원시청,6173,6297,12470
202207,분당선,신갈,1870,1932,3802
202207,분당선,압구정로데오,9504,10207,19711
202207,분당선,야탑,12476,12554,25030
202207,분당선,영통,4482,4468,8950
202207,분당선,오리,4948,4315,9263
202207,분당선,이매,3104,3255,6359
202207,분당선,정자,6883,7193,14076
202207,분당선,죽전,6786,7812,14598
202207,분당선,청명,1839,1826,3665
202207,분당선,태평,7465,7235,14700
202207,분당선,한티,9848,9210,19058
202207,수인선,고색,1740,1744,3484
202207,수인선,남동인더스파크,565,557,1122
202207,수인선,달월,50,42,92
202207,수인선,사리,2241,1954,4195
202207,수인선,소래포구,3404,3257,6661
202207,수인선,송도,1193,1157,2350
202207,수인선,숭의,1664,1531,3195
202207,수인선,신포,899,889,1788
202207,수인선,야목,164,157,321
202207,수인선,어천,570,585,1155
202207,수인선,연수,2936,2911,5847
202207,수인선,오목천,1406,1364,2770
202207,수인선,원인재,2353,2410,4763
202207,수인선,월곶,1465,1441,2906
202207,수인선,인천,963,1398,2361
202207,수인선,인천논현,2583,2669,5252
202207,수인선,인하대,2426,2438,4864
202207,수인선,호구포,1826,1871,3697
202207,신림선,관악산,2625,2655,5280
202207,신림선,당곡,2008,2020,4028
202207,신림선,대방,1106,796,1902
202207,신림선,보라매,1528,1454,2982
202207,신림선,보라매공원,794,819,1613
202207,신림선,보라매병원,1679,1702,3381
202207,신림선,샛강,612,835,1447
202207,신림선,서울대벤처타운,3833,3884,7717
202207,신림선,서울지방병무청,1288,1334,2622
202207,신림선,서원,1648,1677,3325
202207,신림선,신림,973,1399,2372
202207,안산선,고잔,3981,3778,7759
202207,안산선,대야미,2476,2376,4852
202207,안산선,반월,2136,2039,4175
202207,안산선,산본,7784,8411,16195
202207,안산선,상록수,8147,8011,16158
202207,안산선,수리산,1847,1617,3464
202207,안산선,신길온천,1019,963,1982
202207,안산선,안산,9647,9552,19199
202207,안산선,오이도,5142,5095,10237
202207,안산선,정왕,4971,5092,10063
202207,안산선,중앙,9688,9759,19447
202207,안산선,초지,2183,1997,4180
202207,안산선,한대앞,4627,4569,9196
202207,우이신설선,4.19민주묘지,1587,1456,3043
202207,우이신설선,가오리,2033,2099,4132
202207,우이신설선,보문,900,927,1827
202207,우이신설선,북한산보국문,3250,2958,6208
202207,우이신설선,북한산우이,2793,2798,5591
202207,우이신설선,삼양,1102,1018,2120
202207,우이신설선,삼양사거리,1322,1358,2680
202207,우이신설선,성신여대입구,2152,2320,4472
202207,우이신설선,솔밭공원,1249,1190,2439
202207,우이신설선,솔샘,2550,2360,4910
202207,우이신설선,신설동,948,936,1884
202207,우이신설선,정릉,2466,2140,4606
202207,우이신설선,화계,1835,1707,3542
202207,일산선,대곡,1001,832,1833
202207,일산선,대화,5574,5488,11062
202207,일산선,마두,2997,2992,5989
202207,일산선,백석,4940,4841,9781
202207,일산선,삼송,9720,9668,19388
202207,일산선,원당,5207,5132,10339
202207,일산선,원흥,5095,4875,9970
202207,일산선,정발산,4660,4726,9386
202207,일산선,주엽,4325,4441,8766
202207,일산선,화정,8125,8376,16501
202207,장항선,배방,631,790,1421
202207,장항선,봉명,458,466,924
202207,장항선,신창,856,907,1763
202207,장항선,쌍용,1030,1086,2116
202207,장항선,아산,3129,2198,5327
202207,장항선,온양온천,3102,2924,6026
202207,장항선,탕정,430,453,883
202207,중앙선,구리,6609,6923,13532
202207,중앙선,국수,503,430,933
202207,중앙선,덕소,3104,3192,6296
202207,중앙선,도농,4801,4664,9465
202207,중앙선,도심,1089,946,2035
202207,중앙선,망우,4559,4763,9322
202207,중앙선,상봉,3238,3487,6725
202207,중앙선,신원,162,112,274
202207,중앙선,아신,510,462,972
202207,중앙선,양수,1882,1759,3641
202207,중앙선,양원,1278,1247,2525
202207,중앙선,양정,395,322,717
202207,중앙선,양평,2320,2079,4399
202207,중앙선,오빈,229,191,420
202207,중앙선,용문,2766,2269,5035
202207,중앙선,운길산,685,644,1329
202207,중앙선,원덕,470,313,783
202207,중앙선,중랑,3115,3047,6162
202207,중앙선,지평,73,48,121
202207,중앙선,팔당,998,1065,2063
202207,중앙선,회기,14015,14014,28029
202208,1호선,동대문,9273,8852,18125
202208,1호선,동묘앞,10156,10233,20389
202208,1호선,서울역,32416,32367,64783
202208,1호선,시청,12599,13305,25904
202208,1호선,신설동,8805,8435,17240
202208,1호선,제기동,13709,13933,27642
202208,1호선,종각,19765,18996,38761
202208,1호선,종로3가,20815,20031,40846
202208,1호선,종로5가,17455,17276,34731
202208,1호선,청량리,17133,17186,34319
202208,2호선,강남,55874,55729,111603
202208,2호선,강변,26203,27156,53359
202208,2호선,건대입구,31048,35024,66072
202208,2호선,교대,15442,17525,32967
202208,2호선,구로디지털단지,31891,30946,62837
202208,2호선,구의,15090,14335,29425
202208,2호선,낙성대,19795,17762,37557
202208,2호선,당산,10331,11280,21611
202208,2호선,대림,17081,17830,34911
202208,2호선,도림천,796,822,1618
202208,2호선,동대문역사문화공원,10192,11455,21647
202208,2호선,뚝섬,12915,13208,26123
202208,2호선,문래,11079,11802,22881
202208,2호선,방배,8959,9279,18238
202208,2호선,봉천,16509,14821,31330
202208,2호선,사당,28664,31585,60249
202208,2호선,삼성,31854,31346,63200
202208,2호선,상왕십리,9181,8569,17750
202208,2호선,서울대입구,33974,32321,66295
202208,2호선,서초,9357,8065,17422
202208,2호선,선릉,22119,19130,41249
202208,2호선,성수,19374,21867,41241
202208,2호선,시청,9968,9508,19476
202208,2호선,신답,958,996,1954
202208,2호선,신당,10253,10530,20783
202208,2호선,신대방,18509,17203,35712
202208,2호선,신도림,35857,35886,71743
202208,2호선,신림,44500,42033,86533
202208,2호선,신설동,3142,3099,6241
202208,2호선,신정네거리,6738,6739,13477
202208,2호선,신촌,29692,29998,59690
202208,2호선,아현,6919,6517,13436
202208,2호선,양천구청,4163,4091,8254
202208,2호선,역삼,15978,17628,33606
202208,2호선,영등포구청,10478,10934,21412
202208,2호선,왕십리,12025,10648,22673
202208,2호선,용답,2049,1846,3895
202208,2호선,용두,1611,1544,3155
202208,2호선,을지로3가,10099,10198,20297
202208,2호선,을지로4가,6983,7166,14149
202208,2호선,을지로입구,21485,21387,42872
202208,2호선,이대,10041,10357,20398
202208,2호선,잠실,63773,61185,124958
202208,2호선,잠실나루,6999,6811,13810
202208,2호선,잠실새내,16088,16796,32884
202208,2호선,종합운동장,9800,10738,20538
202208,2호선,충정로,4679,4804,9483
202208,2호선,한양대,3393,3469,6862
202208,2호선,합정,27750,31918,59668
202208,2호선,홍대입구,64508,72296,136804
202208,3호선,가락시장,5081,4926,10007
202208,3호선,경복궁,15332,16695,32027
202208,3호선,경찰병원,3802,3664,7466
202208,3호선,고속터미널,46662,47100,93762
202208,3호선,교대,6478,4000,10478
202208,3호선,구파발,14868,15259,30127
202208,3호선,금호,5184,4664,9848
202208,3호선,남부터미널,18752,18580,37332
202208,3호선,녹번,9776,8271,18047
202208,3호선,대청,5374,5008,10382
202208,3호선,대치,11024,9590,20614
202208,3호선,도곡,2802,2664,5466
202208,3호선,독립문,5219,5187,10406
202208,3호선,동대입구,6048,6796,12844
202208,3호선,매봉,5448,5422,10870
202208,3호선,무악재,2520,2504,5024
202208,3호선,불광,11700,13352,25052
202208,3호선,수서,12766,12676,25442
202208,3호선,신사,20504,21701,42205
202208,3호선,안국,14083,15284,29367
202208,3호선,압구정,22344,24051,46395
202208,3호선,약수,8581,8104,16685
202208,3호선,양재,16640,18044,34684
202208,3호선,연신내,27213,25277,52490
202208,3호선,오금,3463,3222,6685
202208,3호선,옥수,6191,6269,12460
202208,3호선,을지로3가,4764,4748,9512
202208,3호선,일원,4864,4704,9568
202208,3호선,잠원,2938,2810,5748
202208,3호선,종로3가,5711,7944,13655
202208,3호선,지축,3410,3129,6539
202208,3호선,충무로,3,0,3
202208,3호선,학여울,1374,1438,2812
202208,3호선,홍제,11956,11101,23057
202208,4호선,길음,13911,12817,26728
202208,4호선,남태령,1105,731,1836
202208,4호선,노원,14706,16741,31447
202208,4호선,당고개,6893,6430,13323
202208,4호선,동대문,12800,13282,26082
202208,4호선,동대문역사문화공원,11416,9852,21268
202208,4호선,동작,969,988,1957
202208,4호선,명동,14508,16158,30666
202208,4호선,미아,10293,9373,19666
202208,4호선,미아사거리,20389,19023,39412
202208,4호선,사당,19940,17303,37243
202208,4호선,삼각지,3598,4687,8285
202208,4호선,상계,12997,11820,24817
202208,4호선,서울역,5649,13721,19370
202208,4호선,성신여대입구,15372,14574,29946
202208,4호선,수유,25006,24482,49488
202208,4호선,숙대입구,9383,9126,18509
202208,4호선,신용산,11053,12032,23085
202208,4호선,쌍문,19746,17411,37157
202208,4호선,이촌,8989,9339,18328
202208,4호선,창동,18373,19287,37660
202208,4호선,총신대입구,13098,14251,27349
202208,4호선,충무로,11268,12605,23873
202208,4호선,한성대입구,9390,8950,18340
202208,4호선,혜화,27484,29156,56640
202208,4호선,회현,16531,17222,33753
202208,5호선,강동,11981,11238,23219
202208,5호선,강일,3087,2796,5883
202208,5호선,개롱,3889,4013,7902
202208,5호선,개화산,3615,3339,6954
202208,5호선,거여,5870,5453,11323
202208,5호선,고덕,6253,5980,12233
202208,5호선,공덕,6496,6835,13331
202208,5호선,광나루,9496,9091,18587
202208,5호선,광화문,21966,21279,43245
202208,5호선,군자,7812,8642,16454
202208,5호선,굽은다리,6982,6483,13465
202208,5호선,길동,5626,5873,11499
202208,5호선,김포공항,7570,7965,15535
202208,5호선,까치산,19350,17976,37326
202208,5호선,답십리,9605,8465,18070
202208,5호선,동대문역사문화공원,1113,1437,2550
202208,5호선,둔촌동,5526,5475,11001
202208,5호선,마곡,5218,5312,10530
202208,5호선,마장,3501,3240,6741
202208,5호선,마천,4284,4359,8643
202208,5호선,마포,6819,6887,13706
202208,5호선,명일,5790,5674,11464
202208,5호선,목동,10305,10294,20599
202208,5호선,미사,11374,11445,22819
202208,5호선,발산,11150,12506,23656
202208,5호선,방이,5094,4876,9970
202208,5호선,방화,4377,4063,8440
202208,5호선,상일동,8591,7983,16574
202208,5호선,서대문,6802,6713,13515
202208,5호선,송정,4483,4245,8728
202208,5호선,신금호,3747,3780,7527
202208,5호선,신길,2555,2493,5048
202208,5호선,신정,8480,7088,15568
202208,5호선,아차산,10414,9818,20232
202208,5호선,애오개,3391,3210,6601
202208,5호선,양평,3422,3172,6594
202208,5호선,여의나루,8975,11027,20002
202208,5호선,여의도,11366,11745,23111
202208,5호선,영등포구청,1865,1727,3592
202208,5호선,영등포시장,7163,7285,14448
202208,5호선,오금,2485,2284,4769
202208,5호선,오목교,15677,16046,31723
202208,5호선,올림픽공원,4442,4168,8610
202208,5호선,왕십리,3129,3911,7040
202208,5호선,우장산,9186,8936,18122
202208,5호선,을지로4가,3032,3356,6388
202208,5호선,장한평,10556,10114,20670
202208,5호선,종로3가,11188,11585,22773
202208,5호선,천호,16142,15427,31569
202208,5호선,청구,2310,2132,4442
202208,5호선,충정로,1794,1704,3498
202208,5호선,하남검단산,5101,4947,10048
202208,5호선,하남시청,5162,4902,10064
202208,5호선,하남풍산,2669,2646,5315
202208,5호선,행당,4986,4212,9198
202208,5호선,화곡,18983,17249,36232
202208,6호선,고려대,5097,4638,9735
202208,6호선,공덕,9169,8706,17875
202208,6호선,광흥창,4949,4435,9384
202208,6호선,구산,4983,3837,8820
202208,6호선,녹사평,4228,4866,9094
202208,6호선,대흥,5327,5302,10629
202208,6호선,독바위,1874,2043,3917
202208,6호선,돌곶이,5760,5201,10961
202208,6호선,동묘앞,6416,6029,12445
202208,6호선,디지털미디어시티,7114,7288,14402
202208,6호선,마포구청,8808,7474,16282
202208,6호선,망원,11924,12913,24837
202208,6호선,버티고개,1473,1555,3028
202208,6호선,보문,4790,4041,8831
202208,6호선,봉화산,5018,4736,9754
202208,6호선,불광,3646,3226,6872
202208,6호선,삼각지,5382,4155,9537
202208,6호선,상수,8469,10977,19446
202208,6호선,상월곡,3928,3454,7382
202208,6호선,새절,8097,7475,15572
202208,6호선,석계,8143,8192,16335
202208,6호선,신당,5875,5573,11448
202208,6호선,안암,5904,5461,11365
202208,6호선,약수,2402,2430,4832
202208,6호선,역촌,2558,2712,5270
202208,6호선,연신내,1,0,1
202208,6호선,월곡,7131,6820,13951
202208,6호선,월드컵경기장,4100,4186,8286
202208,6호선,응암,11586,11175,22761
202208,6호선,이태원,12760,16937,29697
202208,6호선,증산,6665,6468,13133
202208,6호선,창신,1959,1659,3618
202208,6호선,청구,2192,2121,4313
202208,6호선,태릉입구,3965,3901,7866
202208,6호선,한강진,8172,10077,18249
202208,6호선,합정,11913,11528,23441
202208,6호선,화랑대,6137,4960,11097
202208,6호선,효창공원앞,4417,3874,8291
202208,7호선,가산디지털단지,12668,11294,23962
202208,7호선,강남구청,8467,9458,17925
202208,7호선,건대입구,10618,10997,21615
202208,7호선,고속터미널,13756,10049,23805
202208,7호선,공릉,7718,7324,15042
202208,7호선,광명사거리,15691,15706,31397
202208,7호선,군자,10163,7666,17829
202208,7호선,남구로,7999,8147,16146
202208,7호선,남성,7270,6487,13757
202208,7호선,내방,7246,7072,14318
202208,7호선,노원,15246,15801,31047
202208,7호선,논현,9088,9973,19061
202208,7호선,대림,7062,7609,14671
202208,7호선,도봉산,5802,7743,13545
202208,7호선,뚝섬유원지,6990,6535,13525
202208,7호선,마들,8587,7889,16476
202208,7호선,먹골,6945,6690,13635
202208,7호선,면목,10438,9851,20289
202208,7호선,반포,4203,4077,8280
202208,7호선,보라매,5212,4909,10121
202208,7호선,사가정,11108,10614,21722
202208,7호선,상도,7301,6608,13909
202208,7호선,상봉,12208,11565,23773
202208,7호선,수락산,9825,9702,19527
202208,7호선,숭실대입구,7311,7047,14358
202208,7호선,신대방삼거리,10080,9293,19373
202208,7호선,신풍,7616,7280,14896
202208,7호선,어린이대공원,10713,10212,20925
202208,7호선,온수,5195,5134,10329
202208,7호선,용마산,4141,4047,8188
202208,7호선,이수,11429,10831,22260
202208,7호선,장승배기,6001,5639,11640
202208,7호선,장암,1846,1271,3117
202208,7호선,중계,8714,7611,16325
202208,7호선,중곡,6491,5997,12488
202208,7호선,중화,7203,6710,13913
202208,7호선,천왕,6442,5977,12419
202208,7호선,철산,14172,14223,28395
202208,7호선,청담,9816,10709,20525
202208,7호선,태릉입구,6036,5566,11602
202208,7호선,하계,11361,10342,21703
202208,7호선,학동,8898,9403,18301
202208,8호선,가락시장,4226,4662,8888
202208,8호선,강동구청,5608,5622,11230
202208,8호선,남위례,3237,3303,6540
202208,8호선,남한산성입구,8471,7331,15802
202208,8호선,단대오거리,7007,6559,13566
202208,8호선,모란,3457,3072,6529
202208,8호선,몽촌토성,4106,3962,8068
202208,8호선,문정,7327,7367,14694
202208,8호선,복정,5347,4536,9883
202208,8호선,산성,3810,3759,7569
202208,8호선,석촌,5400,6478,11878
202208,8호선,송파,6229,5931,12160
202208,8호선,수진,4237,3622,7859
202208,8호선,신흥,3612,3958,7570
202208,8호선,암사,11701,10483,22184
202208,8호선,잠실,13333,15562,28895
202208,8호선,장지,11354,10617,21971
202208,8호선,천호,11067,12998,24065
202208,9호선,가양,13205,12556,25761
202208,9호선,개화,1217,1072,2289
202208,9호선,고속터미널,12314,18218,30532
202208,9호선,공항시장,2242,2347,4589
202208,9호선,구반포,646,646,1292
202208,9호선,국회의사당,3569,3587,7156
202208,9호선,김포공항,7776,11389,19165
202208,9호선,노들,3095,2541,5636
202208,9호선,노량진,19683,19017,38700
202208,9호선,당산,11982,11212,23194
202208,9호선,동작,1403,1255,2658
202208,9호선,등촌,6734,6449,13183
202208,9호선,마곡나루,7400,7265,14665
202208,9호선,사평,2278,2165,4443
202208,9호선,샛강,2699,2608,5307
202208,9호선,선유도,3447,3163,6610
202208,9호선,신논현,22859,23278,46137
202208,9호선,신목동,2159,1798,3957
202208,9호선,신반포,2530,2398,4928
202208,9호선,신방화,4476,4244,8720
202208,9호선,양천향교,5249,5136,10385
202208,9호선,여의도,12470,11479,23949
202208,9호선,염창,10950,10047,20997
202208,9호선,증미,3876,3726,7602
202208,9호선,흑석,5464,5316,10780
202208,9호선2~3단계,둔촌오륜,555,581,1136
202208,9호선2~3단계,봉은사,13665,14116,27781
202208,9호선2~3단계,삼성중앙,3122,3353,6475
202208,9호선2~3단계,삼전,4722,4352,9074
202208,9호선2~3단계,석촌,6385,5213,11598
202208,9호선2~3단계,석촌고분,4405,4156,8561
202208,9호선2~3단계,선정릉,4191,4540,8731
202208,9호선2~3단계,송파나루,4399,4751,9150
202208,9호선2~3단계,언주,5819,5641,11460
202208,9호선2~3단계,올림픽공원,9914,10054,19968
202208,9호선2~3단계,종합운동장,2938,2826,5764
202208,9호선2~3단계,중앙보훈병원,4708,4403,9111
202208,9호선2~3단계,한성백제,1925,1612,3537
202208,경강선,경기광주,5224,4866,10090
202208,경강선,곤지암,1776,1925,3701
202208,경강선,부발,2176,1824,4000
202208,경강선,삼동,1407,1302,2709
202208,경강선,세종대왕릉,348,362,710
202208,경강선,신둔도예촌,1229,1190,2419
202208,경강선,여주,2486,2713,5199
202208,경강선,이매,818,656,1474
202208,경강선,이천,2893,3006,5899
202208,경강선,초월,2125,1870,3995
202208,경강선,판교,3139,3066,6205
202208,경부선,가산디지털단지,5567,7317,12884
202208,경부선,관악,5352,5122,10474
202208,경부선,광명,2691,2360,5051
202208,경부선,구로,11706,12237,23943
202208,경부선,군포,3759,3376,7135
202208,경부선,금정,18362,18502,36864
202208,경부선,금천구청,7290,7304,14594
202208,경부선,남영,6040,6012,12052
202208,경부선,노량진,6925,6047,12972
202208,경부선,당정,3724,3365,7089
202208,경부선,대방,6105,6568,12673
202208,경부선,독산,8101,7732,15833
202208,경부선,두정,4930,5144,10074
202208,경부선,명학,4215,3767,7982
202208,경부선,병점,11665,11396,23061
202208,경부선,서동탄,929,989,1918
202208,경부선,서울역,7950,2073,10023
202208,경부선,서정리,6910,5561,12471
202208,경부선,석수,6015,5612,11627
202208,경부선,성균관대,9592,9488,19080
202208,경부선,성환,2829,2628,5457
202208,경부선,세류,2248,2341,4589
202208,경부선,세마,2045,1805,3850
202208,경부선,송탄,4791,4298,9089
202208,경부선,수원,36059,38949,75008
202208,경부선,신길,5380,4414,9794
202208,경부선,신도림,2500,2680,5180
202208,경부선,안양,16331,16254,32585
202208,경부선,영등포,39768,41517,81285
202208,경부선,오산,8767,8149,16916
202208,경부선,오산대,2600,2327,4927
202208,경부선,용산,37640,40329,77969
202208,경부선,의왕,5420,5238,10658
202208,경부선,직산,653,602,1255
202208,경부선,진위,1032,879,1911
202208,경부선,천안,5921,6180,12101
202208,경부선,평택,12772,12565,25337
202208,경부선,평택지제,3532,3060,6592
202208,경부선,화서,5133,5075,10208
202208,경원선,가능,4933,4608,9541
202208,경원선,광운대,4780,4751,9531
202208,경원선,녹양,3292,3273,6565
202208,경원선,녹천,3110,2596,5706
202208,경원선,덕계,2479,2228,4707
202208,경원선,덕정,4093,3742,7835
202208,경원선,도봉,4114,3812,7926
202208,경원선,도봉산,7484,5250,12734
202208,경원선,동두천,1695,2028,3723
202208,경원선,동두천중앙,2487,2556,5043
202208,경원선,망월사,5769,5606,11375
202208,경원선,방학,7233,6919,14152
202208,경원선,보산,1653,1564,3217
202208,경원선,서빙고,1293,1213,2506
202208,경원선,석계,6338,6531,12869
202208,경원선,소요산,4621,3992,8613
202208,경원선,신이문,5826,4811,10637
202208,경원선,양주,5988,5865,11853
202208,경원선,옥수,43,27,70
202208,경원선,왕십리,12100,13866,25966
202208,경원선,외대앞,5706,5367,11073
202208,경원선,월계,4392,4017,8409
202208,경원선,응봉,1292,1112,2404
202208,경원선,의정부,16515,17558,34073
202208,경원선,이촌,2807,2039,4846
202208,경원선,지행,5462,5300,10762
202208,경원선,청량리,16287,17117,33404
202208,경원선,한남,2427,2378,4805
202208,경원선,회룡,9112,8906,18018
202208,경의선,가좌,3694,3632,7326
202208,경의선,강매,1821,1634,3455
202208,경의선,곡산,380,405,785
202208,경의선,공덕,2509,1982,4491
202208,경의선,금릉,3611,3431,7042
202208,경의선,금촌,5507,5378,10885
202208,경의선,능곡,2556,2530,5086
202208,경의선,디지털미디어시티,1940,1629,3569
202208,경의선,문산,4834,4496,9330
202208,경의선,백마,4123,3975,8098
202208,경의선,서강대,1634,1530,3164
202208,경의선,서울역,1403,1465,2868
202208,경의선,수색,1531,1425,2956
202208,경의선,신촌,324,416,740
202208,경의선,야당,5960,6125,12085
202208,경의선,운정,4694,4260,8954
202208,경의선,월롱,1873,1515,3388
202208,경의선,일산,5834,5517,11351
202208,경의선,임진강,74,58,132
202208,경의선,탄현,5140,4935,10075
202208,경의선,파주,785,575,1360
202208,경의선,풍산,4055,3874,7929
202208,경의선,행신,5409,5321,10730
202208,경의선,홍대입구,1936,2535,4471
202208,경의선,화전,996,897,1893
202208,경의선,효창공원앞,1768,1766,3534
202208,경인선,간석,4062,3806,7868
202208,경인선,개봉,14791,14384,29175
202208,경인선,구일,4070,3760,7830
202208,경인선,도원,2015,1954,3969
202208,경인선,도화,2982,2752,5734
202208,경인선,동암,12247,12344,24591
202208,경인선,동인천,11059,10868,21927
202208,경인선,백운,5269,5061,10330
202208,경인선,부개,6122,5640,11762
202208,경인선,부천,26876,27570,54446
202208,경인선,부평,26959,29782,56741
202208,경인선,소사,6260,6183,12443
202208,경인선,송내,16989,16588,33577
202208,경인선,역곡,18520,18267,36787
202208,경인선,오류동,8088,7441,15529
202208,경인선,온수,4531,4172,8703
202208,경인선,인천,4517,3857,8374
202208,경인선,제물포,6742,6385,13127
202208,경인선,주안,14623,13012,27635
202208,경인선,중동,6127,5710,11837
202208,경춘선,가평,2712,3790,6502
202208,경춘선,갈매,1787,1560,3347
202208,경춘선,강촌,647,748,1395
202208,경춘선,굴봉산,196,182,378
202208,경춘선,금곡,1034,937,1971
202208,경춘선,김유정,411,473,884
202208,경춘선,남춘천,2775,3055,5830
202208,경춘선,대성리,970,1280,2250
202208,경춘선,마석,2982,2988,5970
202208,경춘선,백양리,155,152,307
202208,경춘선,별내,2160,2000,4160
202208,경춘선,사릉,1538,1499,3037
202208,경춘선,상천,394,414,808
202208,경춘선,신내,1253,1185,2438
202208,경춘선,천마산,1220,1160,2380
202208,경춘선,청평,1919,2342,4261
202208,경춘선,춘천,1857,1681,3538
202208,경춘선,퇴계원,2279,2080,4359
202208,경춘선,평내호평,4401,4244,8645
202208,공항철도 1호선,검암,4248,4455,8703
202208,공항철도 1호선,계양,7153,6760,13913
202208,공항철도 1호선,공덕,1668,2393,4061
202208,공항철도 1호선,공항화물청사,1550,1339,2889
202208,공항철도 1호선,김포공항,10313,5611,15924
202208,공항철도 1호선,디지털미디어시티,5124,4724,9848
202208,공항철도 1호선,마곡나루,2812,3041,5853
202208,공항철도 1호선,서울역,8739,8583,17322
202208,공항철도 1호선,영종,3063,3303,6366
202208,공항철도 1호선,운서,6957,8115,15072
202208,공항철도 1호선,인천공항1터미널,11022,11196,22218
202208,공항철도 1호선,인천공항2터미널,3854,3545,7399
202208,공항철도 1호선,청라국제도시,4344,4051,8395
202208,공항철도 1호선,홍대입구,12742,13071,25813
202208,과천선,경마공원,11404,11627,23031
202208,과천선,과천,4723,4291,9014
202208,과천선,대공원,3637,3956,7593
202208,과천선,범계,19683,19209,38892
202208,과천선,선바위,4783,4276,9059
202208,과천선,인덕원,15140,14728,29868
202208,과천선,정부과천청사,6173,6120,12293
202208,과천선,평촌,8471,8177,16648
202208,분당선,가천대,4227,4591,8818
202208,분당선,강남구청,4363,5166,9529
202208,분당선,개포동,2512,2463,4975
202208,분당선,구룡,1263,1125,2388
202208,분당선,구성,3030,3097,6127
202208,분당선,기흥,6558,6248,12806
202208,분당선,대모산입구,2785,2483,5268
202208,분당선,도곡,4247,3925,8172
202208,분당선,망포,8846,8117,16963
202208,분당선,매교,2117,2161,4278
202208,분당선,매탄권선,3445,3095,6540
202208,분당선,모란,14834,15089,29923
202208,분당선,미금,9862,10238,20100
202208,분당선,보정,1617,1472,3089
202208,분당선,복정,1,0,1
202208,분당선,상갈,3593,3583,7176
202208,분당선,서울숲,7079,7394,14473
202208,분당선,서현,18041,18364,36405
202208,분당선,선릉,4668,7138,11806
202208,분당선,선정릉,2846,2864,5710
202208,분당선,수내,8737,8148,16885
202208,분당선,수서,9786,10171,19957
202208,분당선,수원,7362,6122,13484
202208,분당선,수원시청,9515,10911,20426
202208,분당선,신갈,2583,2592,5175
202208,분당선,압구정로데오,16791,19877,36668
202208,분당선,야탑,16312,17222,33534
202208,분당선,영통,6650,6635,13285
202208,분당선,오리,6992,5724,12716
202208,분당선,이매,3825,3694,7519
202208,분당선,정자,10384,10630,21014
202208,분당선,죽전,9032,10269,19301
202208,분당선,청명,2570,2459,5029
202208,분당선,태평,10398,9481,19879
202208,분당선,한티,13754,13029,26783
202208,수인선,고색,2613,2428,5041
202208,수인선,남동인더스파크,886,819,1705
202208,수인선,달월,64,66,130
202208,수인선,사리,3356,2806,6162
202208,수인선,소래포구,4937,4882,9819
202208,수인선,송도,1879,1801,3680
202208,수인선,숭의,2619,2437,5056
202208,수인선,신포,1271,1428,2699
202208,수인선,야목,268,194,462
202208,수인선,어천,704,674,1378
202208,수인선,연수,3823,3913,7736
202208,수인선,오목천,2277,1921,4198
202208,수인선,원인재,3245,3556,6801
202208,수인선,월곶,2178,2118,4296
202208,수인선,인천,1252,2028,3280
202208,수인선,인천논현,4060,4187,8247
202208,수인선,인하대,4108,3882,7990
202208,수인선,호구포,2568,2472,5040
202208,신림선,관악산,3966,4099,8065
202208,신림선,당곡,2963,2635,5598
202208,신림선,대방,1554,1057,2611
202208,신림선,보라매,2119,1844,3963
202208,신림선,보라매공원,1163,1182,2345
202208,신림선,보라매병원,2689,2665,5354
202208,신림선,샛강,918,1186,2104
202208,신림선,서울대벤처타운,5178,4770,9948
202208,신림선,서울지방병무청,1646,1733,3379
202208,신림선,서원,2178,1790,3968
202208,신림선,신림,1345,1887,3232
202208,안산선,고잔,5324,5089,10413
202208,안산선,대야미,3635,3195,6830
202208,안산선,반월,3127,3000,6127
202208,안산선,산본,12033,12845,24878
202208,안산선,상록수,11481,11398,22879
202208,안산선,수리산,2705,2366,5071
202208,안산선,신길온천,1442,1309,2751
202208,안산선,안산,9120,9464,18584
202208,안산선,오이도,7173,7391,14564
202208,안산선,정왕,6525,6605,13130
202208,안산선,중앙,14740,15386,30126
202208,안산선,초지,3262,3011,6273
202208,안산선,한대앞,6622,6599,13221
202208,우이신설선,4.19민주묘지,2219,1994,4213
202208,우이신설선,가오리,2978,2813,5791
202208,우이신설선,보문,1041,1008,2049
202208,우이신설선,북한산보국문,4188,3485,7673
202208,우이신설선,북한산우이,3076,3481,6557
202208,우이신설선,삼양,1460,1419,2879
202208,우이신설선,삼양사거리,1767,1719,3486
202208,우이신설선,성신여대입구,2534,2985,5519
202208,우이신설선,솔밭공원,1763,1703,3466
202208,우이신설선,솔샘,3601,3161,6762
202208,우이신설선,신설동,1289,1271,2560
202208,우이신설선,정릉,3321,2686,6007
202208,우이신설선,화계,2346,2155,4501
202208,일산선,대곡,1335,1225,2560
202208,일산선,대화,11834,11644,23478
202208,일산선,마두,4757,4710,9467
202208,일산선,백석,6960,7000,13960
202208,일산선,삼송,13787,13004,26791
202208,일산선,원당,7548,7105,14653
202208,일산선,원흥,7071,6702,13773
202208,일산선,정발산,5991,6337,12328
202208,일산선,주엽,6450,6463,12913
202208,일산선,화정,12109,12385,24494
202208,장항선,배방,942,899,1841
202208,장항선,봉명,713,658,1371
202208,장항선,신창,1012,972,1984
202208,장항선,쌍용,1462,1334,2796
202208,장항선,아산,2705,2540,5245
202208,장항선,온양온천,3462,3599,7061
202208,장항선,탕정,731,605,1336
202208,중앙선,구리,9372,9542,18914
202208,중앙선,국수,561,575,1136
202208,중앙선,덕소,4082,4121,8203
202208,중앙선,도농,6959,6500,13459
202208,중앙선,도심,1567,1276,2843
202208,중앙선,망우,6233,6079,12312
202208,중앙선,상봉,4633,4376,9009
202208,중앙선,신원,161,148,309
202208,중앙선,아신,612,624,1236
202208,중앙선,양수,2246,2269,4515
202208,중앙선,양원,1702,1582,3284
202208,중앙선,양정,515,453,968
202208,중앙선,양평,2644,2647,5291
202208,중앙선,오빈,272,303,575
202208,중앙선,용문,2492,2879,5371
202208,중앙선,운길산,821,846,1667
202208,중앙선,원덕,372,426,798
202208,중앙선,중랑,4198,3912,8110
202208,중앙선,지평,75,79,154
202208,중앙선,팔당,1063,1088,2151
202208,중앙선,회기,18601,17022,35623
202208,1호선,동대문,8319,7905,16224
202208,1호선,동묘앞,10400,10402,20802
202208,1호선,서울역,28430,26845,55275
202208,1호선,시청,9370,9218,18588
202208,1호선,신설동,6945,6924,13869
202208,1호선,제기동,9290,9765,19055
202208,1호선,종각,13662,12174,25836
202208,1호선,종로3가,13546,12064,25610
202208,1호선,종로5가,9106,8858,17964
202208,1호선,청량리,12006,12330,24336
202208,2호선,강남,32469,31177,63646
202208,2호선,강변,23248,21292,44540
202208,2호선,건대입구,23628,25499,49127
202208,2호선,교대,9916,10882,20798
202208,2호선,구로디지털단지,22653,22503,45156
202208,2호선,구의,10436,10620,21056
202208,2호선,낙성대,14676,15226,29902
202208,2호선,당산,7484,8114,15598
202208,2호선,대림,14525,14835,29360
202208,2호선,도림천,429,470,899
202208,2호선,동대문역사문화공원,7764,8666,16430
202208,2호선,뚝섬,8944,9427,18371
202208,2호선,문래,7591,8026,15617
202208,2호선,방배,6289,6737,13026
202208,2호선,봉천,11837,11566,23403
202208,2호선,사당,20059,22433,42492
202208,2호선,삼성,22442,21576,44018
202208,2호선,상왕십리,6402,6338,12740
202208,2호선,서울대입구,24556,24978,49534
202208,2호선,서초,11751,10804,22555
202208,2호선,선릉,12070,10461,22531
202208,2호선,성수,14083,15418,29501
202208,2호선,시청,7355,7066,14421
202208,2호선,신답,672,732,1404
202208,2호선,신당,7492,7997,15489
202208,2호선,신대방,14126,13927,28053
202208,2호선,신도림,26102,26476,52578
202208,2호선,신림,33573,32922,66495
202208,2호선,신설동,2768,2812,5580
202208,2호선,신정네거리,4945,5024,9969
202208,2호선,신촌,21742,21451,43193
202208,2호선,아현,4901,4734,9635
202208,2호선,양천구청,3039,3128,6167
202208,2호선,역삼,9991,11309,21300
202208,2호선,영등포구청,6979,7423,14402
202208,2호선,왕십리,9086,8194,17280
202208,2호선,용답,1562,1524,3086
202208,2호선,용두,1145,1157,2302
202208,2호선,을지로3가,8522,8246,16768
202208,2호선,을지로4가,3703,3597,7300
202208,2호선,을지로입구,16672,15887,32559
202208,2호선,이대,6910,7431,14341
202208,2호선,잠실,49998,47369,97367
202208,2호선,잠실나루,4982,5087,10069
202208,2호선,잠실새내,11067,11499,22566
202208,2호선,종합운동장,8873,9568,18441
202208,2호선,충정로,3447,3648,7095
202208,2호선,한양대,2310,2546,4856
202208,2호선,합정,20718,22328,43046
202208,2호선,홍대입구,51697,51852,103549
202208,3호선,가락시장,3400,3562,6962
202208,3호선,경복궁,11358,13080,24438
202208,3호선,경찰병원,2616,2692,5308
202208,3호선,고속터미널,40409,37537,77946
202208,3호선,교대,3954,2535,6489
202208,3호선,구파발,11109,11493,22602
202208,3호선,금호,3971,3704,7675
202208,3호선,남부터미널,13971,14147,28118
202208,3호선,녹번,6680,6113,12793
202208,3호선,대청,3941,3897,7838
202208,3호선,대치,7187,6123,13310
202208,3호선,도곡,1671,1771,3442
202208,3호선,독립문,3740,3888,7628
202208,3호선,동대입구,4670,5154,9824
202208,3호선,매봉,3731,3814,7545
202208,3호선,무악재,1733,1800,3533
202208,3호선,불광,8836,10041,18877
202208,3호선,수서,9997,10259,20256
202208,3호선,신사,11905,12188,24093
202208,3호선,안국,10634,10868,21502
202208,3호선,압구정,12818,13453,26271
202208,3호선,약수,6410,6255,12665
202208,3호선,양재,11685,13594,25279
202208,3호선,연신내,19773,18790,38563
202208,3호선,오금,2613,2560,5173
202208,3호선,옥수,4530,4853,9383
202208,3호선,을지로3가,3408,2955,6363
202208,3호선,일원,3573,3724,7297
202208,3호선,잠원,2010,2040,4050
202208,3호선,종로3가,3844,5063,8907
202208,3호선,지축,2428,2353,4781
202208,3호선,학여울,959,973,1932
202208,3호선,홍제,8352,8007,16359
202208,4호선,길음,9921,9604,19525
202208,4호선,남태령,707,518,1225
202208,4호선,노원,11194,12035,23229
202208,4호선,당고개,5571,5393,10964
202208,4호선,동대문,6289,5992,12281
202208,4호선,동대문역사문화공원,8974,7508,16482
202208,4호선,동작,811,814,1625
202208,4호선,명동,12088,12490,24578
202208,4호선,미아,7660,7252,14912
202208,4호선,미아사거리,14943,14281,29224
202208,4호선,사당,14442,13276,27718
202208,4호선,삼각지,2797,3542,6339
202208,4호선,상계,9417,8810,18227
202208,4호선,서울역,4231,10775,15006
202208,4호선,성신여대입구,11589,11181,22770
202208,4호선,수유,18657,18151,36808
202208,4호선,숙대입구,7282,7202,14484
202208,4호선,신용산,9014,9183,18197
202208,4호선,쌍문,14848,13497,28345
202208,4호선,이촌,6761,7193,13954
202208,4호선,창동,14355,14889,29244
202208,4호선,총신대입구,9599,10369,19968
202208,4호선,충무로,6984,7550,14534
202208,4호선,한성대입구,7218,7247,14465
202208,4호선,혜화,22600,23355,45955
202208,4호선,회현,8323,8303,16626
202208,5호선,강동,8144,8130,16274
202208,5호선,강일,2022,1985,4007
202208,5호선,개롱,2776,3066,5842
202208,5호선,개화산,2475,2550,5025
202208,5호선,거여,4254,4206,8460
202208,5호선,고덕,4064,4245,8309
202208,5호선,공덕,4301,4388,8689
202208,5호선,광나루,7402,6841,14243
202208,5호선,광화문,15753,15852,31605
202208,5호선,군자,5624,6282,11906
202208,5호선,굽은다리,5305,5075,10380
202208,5호선,길동,3880,4028,7908
202208,5호선,김포공항,7407,7014,14421
202208,5호선,까치산,14470,14291,28761
202208,5호선,답십리,7108,6610,13718
202208,5호선,동대문역사문화공원,853,1058,1911
202208,5호선,둔촌동,4305,4229,8534
202208,5호선,마곡,3397,3613,7010
202208,5호선,마장,2582,2409,4991
202208,5호선,마천,3258,3423,6681
202208,5호선,마포,4555,4566,9121
202208,5호선,명일,4499,4633,9132
202208,5호선,목동,7170,7279,14449
202208,5호선,미사,8389,8520,16909
202208,5호선,발산,8083,8792,16875
202208,5호선,방이,3772,3671,7443
202208,5호선,방화,3289,3278,6567
202208,5호선,상일동,6046,5984,12030
202208,5호선,서대문,4705,4627,9332
202208,5호선,송정,3352,3313,6665
202208,5호선,신금호,2684,2938,5622
202208,5호선,신길,1869,2047,3916
202208,5호선,신정,5837,5286,11123
202208,5호선,아차산,7944,8053,15997
202208,5호선,애오개,2488,2530,5018
202208,5호선,양평,2478,2490,4968
202208,5호선,여의나루,8154,9847,18001
202208,5호선,여의도,8034,8394,16428
202208,5호선,영등포구청,1323,1305,2628
202208,5호선,영등포시장,5126,5382,10508
202208,5호선,오금,1404,1419,2823
202208,5호선,오목교,10605,11181,21786
202208,5호선,올림픽공원,3536,3756,7292
202208,5호선,왕십리,2315,2839,5154
202208,5호선,우장산,6491,6580,13071
202208,5호선,을지로4가,1487,1618,3105
202208,5호선,장한평,7363,7466,14829
202208,5호선,종로3가,8120,7214,15334
202208,5호선,천호,12076,11397,23473
202208,5호선,청구,1742,1627,3369
202208,5호선,충정로,1419,1404,2823
202208,5호선,하남검단산,4082,4097,8179
202208,5호선,하남시청,3723,3529,7252
202208,5호선,하남풍산,2146,2103,4249
202208,5호선,행당,3729,3364,7093
202208,5호선,화곡,13175,12531,25706
202208,6호선,고려대,3523,3574,7097
202208,6호선,공덕,6311,6092,12403
202208,6호선,광흥창,3797,3756,7553
202208,6호선,구산,3626,2798,6424
202208,6호선,녹사평,3473,3375,6848
202208,6호선,대흥,3891,4032,7923
202208,6호선,독바위,1403,1591,2994
202208,6호선,돌곶이,5564,5278,10842
202208,6호선,동묘앞,5284,4870,10154
202208,6호선,디지털미디어시티,5155,5436,10591
202208,6호선,마포구청,6454,5903,12357
202208,6호선,망원,8627,9276,17903
202208,6호선,버티고개,1070,1143,2213
202208,6호선,보문,3688,3482,7170
202208,6호선,봉화산,3646,3817,7463
202208,6호선,불광,2959,2612,5571
202208,6호선,삼각지,3771,2878,6649
202208,6호선,상수,6609,7688,14297
202208,6호선,상월곡,3044,2767,5811
202208,6호선,새절,6079,5842,11921
202208,6호선,석계,5932,6247,12179
202208,6호선,신당,4200,3724,7924
202208,6호선,안암,4456,4785,9241
202208,6호선,약수,1637,1648,3285
202208,6호선,역촌,2020,2196,4216
202208,6호선,연신내,1,0,1
202208,6호선,월곡,5058,4974,10032
202208,6호선,월드컵경기장,3560,3615,7175
202208,6호선,응암,8583,8705,17288
202208,6호선,이태원,11029,9419,20448
202208,6호선,증산,5050,5151,10201
202208,6호선,창신,1540,1423,2963
202208,6호선,청구,1612,1486,3098
202208,6호선,태릉입구,2951,3142,6093
202208,6호선,한강진,7283,8058,15341
202208,6호선,합정,9132,8359,17491
202208,6호선,화랑대,4588,3886,8474
202208,6호선,효창공원앞,3202,2945,6147
202208,7호선,가산디지털단지,9173,8406,17579
202208,7호선,강남구청,4784,5247,10031
202208,7호선,건대입구,7511,7776,15287
202208,7호선,고속터미널,12942,7470,20412
202208,7호선,공릉,5651,5769,11420
202208,7호선,광명사거리,11599,11625,23224
202208,7호선,군자,7278,5780,13058
202208,7호선,남구로,6577,6542,13119
202208,7호선,남성,5266,5150,10416
202208,7호선,내방,4779,5002,9781
202208,7호선,노원,10733,11037,21770
202208,7호선,논현,5038,5413,10451
202208,7호선,대림,7490,7113,14603
202208,7호선,도봉산,4639,6447,11086
202208,7호선,뚝섬유원지,6117,5650,11767
202208,7호선,마들,5711,5209,10920
202208,7호선,먹골,4923,4779,9702
202208,7호선,면목,7159,7119,14278
202208,7호선,반포,2759,2824,5583
202208,7호선,보라매,3630,3661,7291
202208,7호선,사가정,7833,7703,15536
202208,7호선,상도,5181,5174,10355
202208,7호선,상봉,8983,8593,17576
202208,7호선,수락산,7706,7642,15348
202208,7호선,숭실대입구,5361,5792,11153
202208,7호선,신대방삼거리,7169,7134,14303
202208,7호선,신풍,5915,5580,11495
202208,7호선,어린이대공원,6218,6123,12341
202208,7호선,온수,3783,3749,7532
202208,7호선,용마산,2912,3086,5998
202208,7호선,이수,7791,7549,15340
202208,7호선,장승배기,4199,4340,8539
202208,7호선,장암,1444,1122,2566
202208,7호선,중계,6212,5785,11997
202208,7호선,중곡,4853,4749,9602
202208,7호선,중화,5078,5031,10109
202208,7호선,천왕,4645,4547,9192
202208,7호선,철산,9748,9865,19613
202208,7호선,청담,5894,6449,12343
202208,7호선,태릉입구,4443,4118,8561
202208,7호선,하계,8449,8066,16515
202208,7호선,학동,5765,6128,11893
202208,8호선,가락시장,2685,3464,6149
202208,8호선,강동구청,4225,4477,8702
202208,8호선,남위례,2426,2569,4995
202208,8호선,남한산성입구,6199,5766,11965
202208,8호선,단대오거리,5050,5011,10061
202208,8호선,모란,2512,2074,4586
202208,8호선,몽촌토성,2887,2937,5824
202208,8호선,문정,4808,5046,9854
202208,8호선,복정,4535,4189,8724
202208,8호선,산성,2759,2876,5635
202208,8호선,석촌,3933,4696,8629
202208,8호선,송파,4046,4148,8194
202208,8호선,수진,2944,2650,5594
202208,8호선,신흥,2791,3033,5824
202208,8호선,암사,8375,7993,16368
202208,8호선,잠실,10865,11947,22812
202208,8호선,장지,8343,8675,17018
202208,8호선,천호,8248,9267,17515
202208,9호선,가양,10930,10729,21659
202208,9호선,개화,952,891,1843
202208,9호선,고속터미널,10484,14491,24975
202208,9호선,공항시장,1702,1943,3645
202208,9호선,구반포,344,397,741
202208,9호선,국회의사당,4547,4232,8779
202208,9호선,김포공항,7408,10448,17856
202208,9호선,노들,2524,2217,4741
202208,9호선,노량진,13587,14381,27968
202208,9호선,당산,8911,8766,17677
202208,9호선,동작,1301,1012,2313
202208,9호선,등촌,4817,5066,9883
202208,9호선,마곡나루,4932,5081,10013
202208,9호선,사평,1677,1736,3413
202208,9호선,샛강,1704,1675,3379
202208,9호선,선유도,2494,2580,5074
202208,9호선,신논현,15022,14358,29380
202208,9호선,신목동,1644,1506,3150
202208,9호선,신반포,1776,1821,3597
202208,9호선,신방화,3412,3406,6818
202208,9호선,양천향교,4087,4388,8475
202208,9호선,여의도,9629,8422,18051
202208,9호선,염창,7984,7877,15861
202208,9호선,증미,2821,2859,5680
202208,9호선,흑석,3667,3693,7360
202208,9호선2~3단계,둔촌오륜,551,594,1145
202208,9호선2~3단계,봉은사,9345,9458,18803
202208,9호선2~3단계,삼성중앙,1958,2087,4045
202208,9호선2~3단계,삼전,3458,3278,6736
202208,9호선2~3단계,석촌,4723,4043,8766
202208,9호선2~3단계,석촌고분,3104,3108,6212
202208,9호선2~3단계,선정릉,2593,2954,5547
202208,9호선2~3단계,송파나루,3157,3518,6675
202208,9호선2~3단계,언주,3607,3671,7278
202208,9호선2~3단계,올림픽공원,9340,9397,18737
202208,9호선2~3단계,종합운동장,2268,2103,4371
202208,9호선2~3단계,중앙보훈병원,3420,3345,6765
202208,9호선2~3단계,한성백제,1414,1342,2756
202208,경강선,경기광주,3865,3831,7696
202208,경강선,곤지암,1590,1655,3245
202208,경강선,부발,1677,2192,3869
202208,경강선,삼동,1035,986,2021
202208,경강선,세종대왕릉,346,327,673
202208,경강선,신둔도예촌,988,945,1933
202208,경강선,여주,2328,2105,4433
202208,경강선,이매,670,544,1214
202208,경강선,이천,2341,2477,4818
202208,경강선,초월,1760,1624,3384
202208,경강선,판교,2593,2542,5135
202208,경부선,가산디지털단지,4257,5895,10152
202208,경부선,관악,4532,4167,8699
202208,경부선,광명,2655,1831,4486
202208,경부선,구로,9527,9619,19146
202208,경부선,군포,2798,2720,5518
202208,경부선,금정,14156,14417,28573
202208,경부선,금천구청,5357,5472,10829
202208,경부선,남영,4491,4767,9258
202208,경부선,노량진,4903,4610,9513
202208,경부선,당정,2680,2790,5470
202208,경부선,대방,4759,5449,10208
202208,경부선,독산,5447,5461,10908
202208,경부선,두정,4280,4678,8958
202208,경부선,명학,2853,2784,5637
202208,경부선,병점,8796,9579,18375
202208,경부선,서동탄,717,690,1407
202208,경부선,서울역,8638,2002,10640
202208,경부선,서정리,4601,6886,11487
202208,경부선,석수,4526,4312,8838
202208,경부선,성균관대,7024,7439,14463
202208,경부선,성환,2318,2694,5012
202208,경부선,세류,1937,1916,3853
202208,경부선,세마,1558,1534,3092
202208,경부선,송탄,3516,4302,7818
202208,경부선,수원,31594,30643,62237
202208,경부선,신길,4293,3837,8130
202208,경부선,신도림,1911,2192,4103
202208,경부선,안양,12605,12249,24854
202208,경부선,영등포,33257,32291,65548
202208,경부선,오산,7005,7611,14616
202208,경부선,오산대,1954,1925,3879
202208,경부선,용산,36283,32887,69170
202208,경부선,의왕,3714,3828,7542
202208,경부선,직산,531,634,1165
202208,경부선,진위,871,905,1776
202208,경부선,천안,5865,5717,11582
202208,경부선,평택,10927,11768,22695
202208,경부선,평택지제,2724,2572,5296
202208,경부선,화서,3809,3733,7542
202208,경원선,가능,3592,3507,7099
202208,경원선,광운대,3774,3770,7544
202208,경원선,녹양,2446,2322,4768
202208,경원선,녹천,2393,2064,4457
202208,경원선,덕계,1804,1687,3491
202208,경원선,덕정,3097,3311,6408
202208,경원선,도봉,3211,3058,6269
202208,경원선,도봉산,7010,4921,11931
202208,경원선,동두천,1355,1692,3047
202208,경원선,동두천중앙,2036,1971,4007
202208,경원선,망월사,4194,4369,8563
202208,경원선,방학,5644,5500,11144
202208,경원선,보산,1333,1447,2780
202208,경원선,서빙고,1618,1696,3314
202208,경원선,석계,4606,4926,9532
202208,경원선,소요산,4431,4002,8433
202208,경원선,신이문,4459,4211,8670
202208,경원선,양주,4588,4468,9056
202208,경원선,옥수,58,39,97
202208,경원선,왕십리,9838,11318,21156
202208,경원선,외대앞,4320,4355,8675
202208,경원선,월계,3423,3224,6647
202208,경원선,응봉,992,871,1863
202208,경원선,의정부,13107,13155,26262
202208,경원선,이촌,2330,1791,4121
202208,경원선,지행,4217,4292,8509
202208,경원선,청량리,14970,13315,28285
202208,경원선,한남,1739,1809,3548
202208,경원선,회룡,6947,6983,13930
202208,경의선,가좌,2879,2777,5656
202208,경의선,강매,1345,1278,2623
202208,경의선,곡산,340,301,641
202208,경의선,공덕,1792,1409,3201
202208,경의선,금릉,2675,2647,5322
202208,경의선,금촌,3813,4153,7966
202208,경의선,능곡,1936,1982,3918
202208,경의선,디지털미디어시티,1396,1270,2666
202208,경의선,문산,3413,3724,7137
202208,경의선,백마,3221,3030,6251
202208,경의선,서강대,1320,1271,2591
202208,경의선,서울역,1187,1087,2274
202208,경의선,수색,820,911,1731
202208,경의선,신촌,293,309,602
202208,경의선,야당,4699,4795,9494
202208,경의선,운정,3286,3196,6482
202208,경의선,월롱,968,2083,3051
202208,경의선,일산,4448,4297,8745
202208,경의선,임진강,63,54,117
202208,경의선,탄현,3940,3725,7665
202208,경의선,파주,643,575,1218
202208,경의선,풍산,3195,3126,6321
202208,경의선,행신,4536,4135,8671
202208,경의선,홍대입구,1678,2120,3798
202208,경의선,화전,752,782,1534
202208,경의선,효창공원앞,1319,1476,2795
202208,경인선,간석,3002,2856,5858
202208,경인선,개봉,10967,10847,21814
202208,경인선,구일,2821,2777,5598
202208,경인선,도원,1524,1582,3106
202208,경인선,도화,2286,2119,4405
202208,경인선,동암,9283,9271,18554
202208,경인선,동인천,8859,8517,17376
202208,경인선,백운,3599,3558,7157
202208,경인선,부개,4577,4146,8723
202208,경인선,부천,21127,20455,41582
202208,경인선,부평,21422,21643,43065
202208,경인선,소사,4713,4656,9369
202208,경인선,송내,12214,11967,24181
202208,경인선,역곡,13275,13296,26571
202208,경인선,오류동,6444,6058,12502
202208,경인선,온수,3551,3248,6799
202208,경인선,인천,3919,3052,6971
202208,경인선,제물포,5022,4787,9809
202208,경인선,주안,11416,10071,21487
202208,경인선,중동,4578,4393,8971
202208,경춘선,가평,3453,2368,5821
202208,경춘선,갈매,1290,1175,2465
202208,경춘선,강촌,840,477,1317
202208,경춘선,굴봉산,270,206,476
202208,경춘선,금곡,855,851,1706
202208,경춘선,김유정,375,367,742
202208,경춘선,남춘천,3117,3047,6164
202208,경춘선,대성리,1227,792,2019
202208,경춘선,마석,2418,2413,4831
202208,경춘선,백양리,215,121,336
202208,경춘선,별내,1603,1549,3152
202208,경춘선,사릉,1174,1167,2341
202208,경춘선,상천,477,367,844
202208,경춘선,신내,928,941,1869
202208,경춘선,천마산,976,964,1940
202208,경춘선,청평,2199,1522,3721
202208,경춘선,춘천,1809,1325,3134
202208,경춘선,퇴계원,1839,1650,3489
202208,경춘선,평내호평,3205,3130,6335
202208,공항철도 1호선,검암,3429,3514,6943
202208,공항철도 1호선,계양,5335,5070,10405
202208,공항철도 1호선,공덕,1242,1714,2956
202208,공항철도 1호선,공항화물청사,1033,1030,2063
202208,공항철도 1호선,김포공항,10340,5310,15650
202208,공항철도 1호선,디지털미디어시티,3310,3415,6725
202208,공항철도 1호선,마곡나루,2011,2183,4194
202208,공항철도 1호선,서울역,8935,7970,16905
202208,공항철도 1호선,영종,2887,2628,5515
202208,공항철도 1호선,운서,6281,6292,12573
202208,공항철도 1호선,인천공항1터미널,8978,7297,16275
202208,공항철도 1호선,인천공항2터미널,4034,3397,7431
202208,공항철도 1호선,청라국제도시,3178,3106,6284
202208,공항철도 1호선,홍대입구,10754,10253,21007
202208,과천선,경마공원,13403,13725,27128
202208,과천선,과천,3503,3345,6848
202208,과천선,대공원,3055,3087,6142
202208,과천선,범계,13977,13722,27699
202208,과천선,선바위,3606,3284,6890
202208,과천선,인덕원,11255,11609,22864
202208,과천선,정부과천청사,4470,4468,8938
202208,과천선,평촌,6048,5835,11883
202208,분당선,가천대,3315,3886,7201
202208,분당선,강남구청,2724,3245,5969
202208,분당선,개포동,1892,1975,3867
202208,분당선,구룡,835,873,1708
202208,분당선,구성,2206,2477,4683
202208,분당선,기흥,5028,4807,9835
202208,분당선,대모산입구,2109,2019,4128
202208,분당선,도곡,2613,2556,5169
202208,분당선,망포,6079,6394,12473
202208,분당선,매교,1467,1432,2899
202208,분당선,매탄권선,2500,2359,4859
202208,분당선,모란,10593,11059,21652
202208,분당선,미금,7027,7622,14649
202208,분당선,보정,1104,1043,2147
202208,분당선,상갈,2735,2969,5704
202208,분당선,서울숲,5428,5495,10923
202208,분당선,서현,14068,14343,28411
202208,분당선,선릉,2680,3883,6563
202208,분당선,선정릉,1727,1795,3522
202208,분당선,수내,6131,5861,11992
202208,분당선,수서,8141,7856,15997
202208,분당선,수원,5553,4583,10136
202208,분당선,수원시청,6576,6702,13278
202208,분당선,신갈,1997,2055,4052
202208,분당선,압구정로데오,9636,10795,20431
202208,분당선,야탑,12873,13249,26122
202208,분당선,영통,5083,5009,10092
202208,분당선,오리,5007,4251,9258
202208,분당선,이매,3024,3088,6112
202208,분당선,정자,7372,7552,14924
202208,분당선,죽전,7211,8481,15692
202208,분당선,청명,1880,1950,3830
202208,분당선,태평,7635,7463,15098
202208,분당선,한티,10082,9328,19410
202208,수인선,고색,1637,1741,3378
202208,수인선,남동인더스파크,561,581,1142
202208,수인선,달월,40,33,73
202208,수인선,사리,2479,2111,4590
202208,수인선,소래포구,3915,3687,7602
202208,수인선,송도,1381,1379,2760
202208,수인선,숭의,1867,1733,3600
202208,수인선,신포,1134,1033,2167
202208,수인선,야목,200,153,353
202208,수인선,어천,526,665,1191
202208,수인선,연수,3047,3021,6068
202208,수인선,오목천,1533,1476,3009
202208,수인선,원인재,2701,2753,5454
202208,수인선,월곶,1624,1574,3198
202208,수인선,인천,1163,1748,2911
202208,수인선,인천논현,2713,2844,5557
202208,수인선,인하대,3020,2820,5840
202208,수인선,호구포,2121,2127,4248
202208,신림선,관악산,4245,4370,8615
202208,신림선,당곡,2148,2119,4267
202208,신림선,대방,1121,951,2072
202208,신림선,보라매,1605,1537,3142
202208,신림선,보라매공원,960,1027,1987
202208,신림선,보라매병원,1844,1913,3757
202208,신림선,샛강,798,990,1788
202208,신림선,서울대벤처타운,4053,3974,8027
202208,신림선,서울지방병무청,1178,1376,2554
202208,신림선,서원,1735,1697,3432
202208,신림선,신림,1093,1614,2707
202208,안산선,고잔,4111,3971,8082
202208,안산선,대야미,2682,2537,5219
202208,안산선,반월,2429,2390,4819
202208,안산선,산본,8536,9280,17816
202208,안산선,상록수,8809,8746,17555
202208,안산선,수리산,1979,1735,3714
202208,안산선,신길온천,1124,1127,2251
202208,안산선,안산,9225,8634,17859
202208,안산선,오이도,5641,5595,11236
202208,안산선,정왕,5199,5558,10757
202208,안산선,중앙,11004,10995,21999
202208,안산선,초지,2263,2262,4525
202208,안산선,한대앞,4948,4804,9752
202208,우이신설선,4.19민주묘지,1722,1535,3257
202208,우이신설선,가오리,2203,2154,4357
202208,우이신설선,보문,922,945,1867
202208,우이신설선,북한산보국문,3460,3100,6560
202208,우이신설선,북한산우이,2947,2929,5876
202208,우이신설선,삼양,1124,1156,2280
202208,우이신설선,삼양사거리,1473,1420,2893
202208,우이신설선,성신여대입구,2099,2380,4479
202208,우이신설선,솔밭공원,1310,1261,2571
202208,우이신설선,솔샘,2659,2518,5177
202208,우이신설선,신설동,1060,1036,2096
202208,우이신설선,정릉,2598,2232,4830
202208,우이신설선,화계,1958,1811,3769
202208,일산선,대곡,1092,897,1989
202208,일산선,대화,7455,6605,14060
202208,일산선,마두,3226,3164,6390
202208,일산선,백석,5199,5142,10341
202208,일산선,삼송,10332,10200,20532
202208,일산선,원당,5498,5360,10858
202208,일산선,원흥,5203,5060,10263
202208,일산선,정발산,5063,4956,10019
202208,일산선,주엽,4670,4691,9361
202208,일산선,화정,8722,8969,17691
202208,장항선,배방,754,907,1661
202208,장항선,봉명,523,588,1111
202208,장항선,신창,916,1037,1953
202208,장항선,쌍용,1115,1037,2152
202208,장항선,아산,3223,1946,5169
202208,장항선,온양온천,3134,3156,6290
202208,장항선,탕정,513,566,1079
202208,중앙선,구리,6969,7221,14190
202208,중앙선,국수,557,464,1021
202208,중앙선,덕소,3061,3149,6210
202208,중앙선,도농,4988,5028,10016
202208,중앙선,도심,1094,1019,2113
202208,중앙선,망우,4644,4623,9267
202208,중앙선,상봉,3332,3574,6906
202208,중앙선,신원,180,139,319
202208,중앙선,아신,538,445,983
202208,중앙선,양수,1719,1590,3309
202208,중앙선,양원,1295,1357,2652
202208,중앙선,양정,437,343,780
202208,중앙선,양평,2346,2122,4468
202208,중앙선,오빈,218,216,434
202208,중앙선,용문,2546,2115,4661
202208,중앙선,운길산,725,649,1374
202208,중앙선,원덕,355,249,604
202208,중앙선,중랑,3260,3241,6501
202208,중앙선,지평,66,41,107
202208,중앙선,팔당,1060,976,2036
202208,중앙선,회기,14477,14413,28890
202208,1호선,동대문,8043,7819,15862
202208,1호선,동묘앞,7537,7834,15371
202208,1호선,서울역,34909,37747,72656
202208,1호선,시청,11121,11846,22967
202208,1호선,신설동,8230,7728,15958
202208,1호선,제기동,13176,13175,26351
202208,1호선,종각,17933,17206,35139
202208,1호선,종로3가,20137,19288,39425
202208,1호선,종로5가,17024,17192,34216
202208,1호선,청량리,16207,16749,32956
202208,2호선,강남,49667,50009,99676
202208,2호선,강변,26088,29381,55469
202208,2호선,건대입구,29319,32830,62149
202208,2호선,교대,15412,17334,32746
202208,2호선,구로디지털단지,31259,29962,61221
202208,2호선,구의,14949,14213,29162
202208,2호선,낙성대,19075,16738,35813
202208,2호선,당산,10377,11465,21842
202208,2호선,대림,16647,17382,34029
202208,2호선,도림천,748,698,1446
202208,2호선,동대문역사문화공원,9372,11698,21070
202208,2호선,뚝섬,12130,12217,24347
202208,2호선,문래,10773,11160,21933
202208,2호선,방배,8506,8744,17250
202208,2호선,봉천,16246,14355,30601
202208,2호선,사당,27551,30707,58258
202208,2호선,삼성,32266,31827,64093
202208,2호선,상왕십리,8830,8083,16913
202208,2호선,서울대입구,32708,30655,63363
202208,2호선,서초,10573,9002,19575
202208,2호선,선릉,21492,18780,40272
202208,2호선,성수,18509,21126,39635
202208,2호선,시청,9324,7749,17073
202208,2호선,신답,985,975,1960
202208,2호선,신당,9806,10483,20289
202208,2호선,신대방,17818,16450,34268
202208,2호선,신도림,33933,34087,68020
202208,2호선,신림,43271,40074,83345
202208,2호선,신설동,2787,2803,5590
202208,2호선,신정네거리,6556,6377,12933
202208,2호선,신촌,27632,27525,55157
202208,2호선,아현,6831,6238,13069
202208,2호선,양천구청,3972,3901,7873
202208,2호선,역삼,15476,16513,31989
202208,2호선,영등포구청,10692,10932,21624
202208,2호선,왕십리,11336,9786,21122
202208,2호선,용답,1978,1818,3796
202208,2호선,용두,1632,1540,3172
202208,2호선,을지로3가,9817,9974,19791
202208,2호선,을지로4가,6970,7216,14186
202208,2호선,을지로입구,20812,21318,42130
202208,2호선,이대,9461,9570,19031
202208,2호선,잠실,63368,61732,125100
202208,2호선,잠실나루,6913,6626,13539
202208,2호선,잠실새내,16659,18363,35022
202208,2호선,종합운동장,21722,28555,50277
202208,2호선,충정로,4723,4933,9656
202208,2호선,한양대,3729,3770,7499
202208,2호선,합정,25445,28848,54293
202208,2호선,홍대입구,60928,67551,128479
202208,3호선,가락시장,5501,5050,10551
202208,3호선,경복궁,13159,14018,27177
202208,3호선,경찰병원,3749,3524,7273
202208,3호선,고속터미널,45824,52480,98304
202208,3호선,교대,6222,3886,10108
202208,3호선,구파발,14153,14474,28627
202208,3호선,금호,5238,4714,9952
202208,3호선,남부터미널,19924,20677,40601
202208,3호선,녹번,9316,7873,17189
202208,3호선,대청,5425,4824,10249
202208,3호선,대치,10234,8843,19077
202208,3호선,도곡,2770,2670,5440
202208,3호선,독립문,5305,5175,10480
202208,3호선,동대입구,8395,9262,17657
202208,3호선,매봉,5402,5207,10609
202208,3호선,무악재,2549,2451,5000
202208,3호선,불광,11110,12017,23127
202208,3호선,수서,12760,12885,25645
202208,3호선,신사,20000,21340,41340
202208,3호선,안국,12678,14380,27058
202208,3호선,압구정,22820,24096,46916
202208,3호선,약수,8425,7753,16178
202208,3호선,양재,16226,17676,33902
202208,3호선,연신내,26309,24250,50559
202208,3호선,오금,3248,3078,6326
202208,3호선,옥수,5905,5783,11688
202208,3호선,을지로3가,4467,4679,9146
202208,3호선,일원,4586,4373,8959
202208,3호선,잠원,3126,2918,6044
202208,3호선,종로3가,5554,7819,13373
202208,3호선,지축,3289,2940,6229
202208,3호선,충무로,1,0,1
202208,3호선,학여울,1070,1010,2080
202208,3호선,홍제,11536,10731,22267
202208,4호선,길음,13154,12243,25397
202208,4호선,남태령,1088,767,1855
202208,4호선,노원,14005,15738,29743
202208,4호선,당고개,6511,6047,12558
202208,4호선,동대문,11104,11573,22677
202208,4호선,동대문역사문화공원,10866,9505,20371
202208,4호선,동작,878,921,1799
202208,4호선,명동,14333,16488,30821
202208,4호선,미아,9847,9000,18847
202208,4호선,미아사거리,19604,18358,37962
202208,4호선,사당,18823,16436,35259
202208,4호선,삼각지,3742,4669,8411
202208,4호선,상계,12346,11123,23469
202208,4호선,서울역,6026,15933,21959
202208,4호선,성신여대입구,15162,14181,29343
202208,4호선,수유,23685,23210,46895
202208,4호선,숙대입구,9342,8605,17947
202208,4호선,신용산,11098,12643,23741
202208,4호선,쌍문,19056,16619,35675
202208,4호선,이촌,9200,9681,18881
202208,4호선,창동,17779,18815,36594
202208,4호선,총신대입구,12632,13143,25775
202208,4호선,충무로,11015,12079,23094
202208,4호선,한성대입구,9041,8604,17645
202208,4호선,혜화,26533,27926,54459
202208,4호선,회현,13066,13652,26718
202208,5호선,강동,11678,10783,22461
202208,5호선,강일,2896,2600,5496
202208,5호선,개롱,3851,3943,7794
202208,5호선,개화산,3394,3167,6561
202208,5호선,거여,5765,5381,11146
202208,5호선,고덕,5899,5573,11472
202208,5호선,공덕,6426,6470,12896
202208,5호선,광나루,10575,10102,20677
202208,5호선,광화문,16668,17511,34179
202208,5호선,군자,7517,8093,15610
202208,5호선,굽은다리,6660,6291,12951
202208,5호선,길동,5476,5578,11054
202208,5호선,김포공항,7422,7731,15153
202208,5호선,까치산,19261,17374,36635
202208,5호선,답십리,9577,8538,18115
202208,5호선,동대문역사문화공원,1117,1422,2539
202208,5호선,둔촌동,5288,5202,10490
202208,5호선,마곡,4953,4959,9912
202208,5호선,마장,3337,2951,6288
202208,5호선,마천,4210,4310,8520
202208,5호선,마포,6755,6745,13500
202208,5호선,명일,5364,5233,10597
202208,5호선,목동,10078,10000,20078
202208,5호선,미사,11404,11306,22710
202208,5호선,발산,11424,12336,23760
202208,5호선,방이,4665,4579,9244
202208,5호선,방화,4180,3998,8178
202208,5호선,상일동,8305,7916,16221
202208,5호선,서대문,6376,6168,12544
202208,5호선,송정,4608,4260,8868
202208,5호선,신금호,3650,3665,7315
202208,5호선,신길,2495,2451,4946
202208,5호선,신정,8091,6717,14808
202208,5호선,아차산,10076,9612,19688
202208,5호선,애오개,3252,3041,6293
202208,5호선,양평,3294,2995,6289
202208,5호선,여의나루,6490,8850,15340
202208,5호선,여의도,11189,11552,22741
202208,5호선,영등포구청,1892,1859,3751
202208,5호선,영등포시장,7040,7208,14248
202208,5호선,오금,1794,1789,3583
202208,5호선,오목교,14621,15043,29664
202208,5호선,올림픽공원,5037,5057,10094
202208,5호선,왕십리,3000,3832,6832
202208,5호선,우장산,8882,8516,17398
202208,5호선,을지로4가,3011,3384,6395
202208,5호선,장한평,10365,9932,20297
202208,5호선,종로3가,10950,11313,22263
202208,5호선,천호,14937,14458,29395
202208,5호선,청구,2225,2117,4342
202208,5호선,충정로,1680,1475,3155
202208,5호선,하남검단산,5006,4904,9910
202208,5호선,하남시청,5214,4895,10109
202208,5호선,하남풍산,2700,2719,5419
202208,5호선,행당,4744,3999,8743
202208,5호선,화곡,18415,16194,34609
202208,6호선,고려대,4632,4162,8794
202208,6호선,공덕,9192,8719,17911
202208,6호선,광흥창,4968,4400,9368
202208,6호선,구산,4980,3763,8743
202208,6호선,녹사평,4086,4717,8803
202208,6호선,대흥,5264,5179,10443
202208,6호선,독바위,1793,1889,3682
202208,6호선,돌곶이,5624,5104,10728
202208,6호선,동묘앞,6021,6044,12065
202208,6호선,디지털미디어시티,6885,6860,13745
202208,6호선,마포구청,8782,7653,16435
202208,6호선,망원,11192,12251,23443
202208,6호선,버티고개,1358,1415,2773
202208,6호선,보문,4637,3977,8614
202208,6호선,봉화산,4770,4659,9429
202208,6호선,불광,3474,3149,6623
202208,6호선,삼각지,6174,3696,9870
202208,6호선,상수,7707,9732,17439
202208,6호선,상월곡,3865,3178,7043
202208,6호선,새절,7709,7013,14722
202208,6호선,석계,7678,7701,15379
202208,6호선,신당,5247,4980,10227
202208,6호선,안암,5445,5061,10506
202208,6호선,약수,2341,2315,4656
202208,6호선,역촌,2492,2775,5267
202208,6호선,월곡,6554,6112,12666
202208,6호선,월드컵경기장,5002,5320,10322
202208,6호선,응암,11432,10825,22257
202208,6호선,이태원,12566,16146,28712
202208,6호선,증산,6611,6237,12848
202208,6호선,창신,2032,1642,3674
202208,6호선,청구,2158,2110,4268
202208,6호선,태릉입구,3802,3889,7691
202208,6호선,한강진,6629,8291,14920
202208,6호선,합정,11028,10594,21622
202208,6호선,화랑대,5863,4748,10611
202208,6호선,효창공원앞,4208,3614,7822
202208,7호선,가산디지털단지,12208,10764,22972
202208,7호선,강남구청,8450,9450,17900
202208,7호선,건대입구,9973,10128,20101
202208,7호선,고속터미널,13946,10829,24775
202208,7호선,공릉,7458,7079,14537
202208,7호선,광명사거리,15345,15038,30383
202208,7호선,군자,9862,7279,17141
202208,7호선,남구로,7732,8109,15841
202208,7호선,남성,7063,6264,13327
202208,7호선,내방,7111,7235,14346
202208,7호선,노원,14832,15269,30101
202208,7호선,논현,8823,9392,18215
202208,7호선,대림,6769,7222,13991
202208,7호선,도봉산,5416,7003,12419
202208,7호선,뚝섬유원지,5607,5189,10796
202208,7호선,마들,8227,7403,15630
202208,7호선,먹골,7040,6561,13601
202208,7호선,면목,9947,9166,19113
202208,7호선,반포,4109,3882,7991
202208,7호선,보라매,4331,4112,8443
202208,7호선,사가정,10709,10332,21041
202208,7호선,상도,6925,6200,13125
202208,7호선,상봉,12018,11439,23457
202208,7호선,수락산,9152,8840,17992
202208,7호선,숭실대입구,7175,6862,14037
202208,7호선,신대방삼거리,9759,8732,18491
202208,7호선,신풍,7430,7139,14569
202208,7호선,어린이대공원,7726,7280,15006
202208,7호선,온수,5012,4888,9900
202208,7호선,용마산,3798,3654,7452
202208,7호선,이수,10139,9185,19324
202208,7호선,장승배기,6157,5606,11763
202208,7호선,장암,1422,1005,2427
202208,7호선,중계,8255,7274,15529
202208,7호선,중곡,6286,5713,11999
202208,7호선,중화,6802,6440,13242
202208,7호선,천왕,6257,5755,12012
202208,7호선,철산,13692,13948,27640
202208,7호선,청담,10009,10970,20979
202208,7호선,태릉입구,5963,5391,11354
202208,7호선,하계,10934,9996,20930
202208,7호선,학동,9079,9412,18491
202208,8호선,가락시장,4843,5015,9858
202208,8호선,강동구청,5628,5520,11148
202208,8호선,남위례,3145,3224,6369
202208,8호선,남한산성입구,8209,7005,15214
202208,8호선,단대오거리,7097,6400,13497
202208,8호선,모란,3465,3046,6511
202208,8호선,몽촌토성,3931,3862,7793
202208,8호선,문정,6986,6885,13871
202208,8호선,복정,5284,4449,9733
202208,8호선,산성,3529,3495,7024
202208,8호선,석촌,5073,6022,11095
202208,8호선,송파,5632,5403,11035
202208,8호선,수진,4053,3502,7555
202208,8호선,신흥,3330,3601,6931
202208,8호선,암사,11455,10118,21573
202208,8호선,잠실,12979,15482,28461
202208,8호선,장지,10670,10149,20819
202208,8호선,천호,10838,12570,23408
202208,9호선,가양,13051,12026,25077
202208,9호선,개화,1337,1143,2480
202208,9호선,고속터미널,12189,19880,32069
202208,9호선,공항시장,2117,2224,4341
202208,9호선,구반포,570,560,1130
202208,9호선,국회의사당,3817,3858,7675
202208,9호선,김포공항,7658,12270,19928
202208,9호선,노들,2981,2463,5444
202208,9호선,노량진,19093,18568,37661
202208,9호선,당산,12657,12084,24741
202208,9호선,동작,1091,957,2048
202208,9호선,등촌,6802,6259,13061
202208,9호선,마곡나루,7279,7026,14305
202208,9호선,사평,2368,2146,4514
202208,9호선,샛강,2474,2404,4878
202208,9호선,선유도,3431,3034,6465
202208,9호선,신논현,21711,21571,43282
202208,9호선,신목동,2297,1927,4224
202208,9호선,신반포,2517,2405,4922
202208,9호선,신방화,4462,4231,8693
202208,9호선,양천향교,5450,4979,10429
202208,9호선,여의도,12476,11116,23592
202208,9호선,염창,11273,9750,21023
202208,9호선,증미,3863,3606,7469
202208,9호선,흑석,5163,5123,10286
202208,9호선2~3단계,둔촌오륜,565,548,1113
202208,9호선2~3단계,봉은사,13170,14296,27466
202208,9호선2~3단계,삼성중앙,3008,3157,6165
202208,9호선2~3단계,삼전,4927,4384,9311
202208,9호선2~3단계,석촌,6383,5108,11491
202208,9호선2~3단계,석촌고분,4317,3962,8279
202208,9호선2~3단계,선정릉,3948,4370,8318
202208,9호선2~3단계,송파나루,3888,4238,8126
202208,9호선2~3단계,언주,5429,5370,10799
202208,9호선2~3단계,올림픽공원,11495,11152,22647
202208,9호선2~3단계,종합운동장,9712,4597,14309
202208,9호선2~3단계,중앙보훈병원,4556,4134,8690
202208,9호선2~3단계,한성백제,1798,1486,3284
202208,경강선,경기광주,5391,5021,10412
202208,경강선,곤지암,1860,1863,3723
202208,경강선,부발,2010,1648,3658
202208,경강선,삼동,1509,1316,2825
202208,경강선,세종대왕릉,345,386,731
202208,경강선,신둔도예촌,1138,1187,2325
202208,경강선,여주,2250,2632,4882
202208,경강선,이매,859,609,1468
202208,경강선,이천,2670,2630,5300
202208,경강선,초월,2194,2049,4243
202208,경강선,판교,2934,2980,5914
202208,경부선,가산디지털단지,5479,7061,12540
202208,경부선,관악,5064,4945,10009
202208,경부선,광명,2608,2553,5161
202208,경부선,구로,11495,11560,23055
202208,경부선,군포,3944,3582,7526
202208,경부선,금정,17843,17874,35717
202208,경부선,금천구청,6989,6950,13939
202208,경부선,남영,6297,5568,11865
202208,경부선,노량진,7343,6289,13632
202208,경부선,당정,3609,3386,6995
202208,경부선,대방,5983,6293,12276
202208,경부선,독산,8000,7422,15422
202208,경부선,두정,4980,5101,10081
202208,경부선,명학,4194,3883,8077
202208,경부선,병점,11295,10921,22216
202208,경부선,서동탄,881,956,1837
202208,경부선,서울역,8801,2693,11494
202208,경부선,서정리,7036,5197,12233
202208,경부선,석수,5733,5211,10944
202208,경부선,성균관대,9353,9076,18429
202208,경부선,성환,2859,2634,5493
202208,경부선,세류,2375,2442,4817
202208,경부선,세마,2107,1898,4005
202208,경부선,송탄,4653,3946,8599
202208,경부선,수원,34684,39329,74013
202208,경부선,신길,5430,4268,9698
202208,경부선,신도림,2523,2687,5210
202208,경부선,안양,15737,15649,31386
202208,경부선,영등포,37565,40673,78238
202208,경부선,오산,9027,8378,17405
202208,경부선,오산대,2569,2334,4903
202208,경부선,용산,38597,44585,83182
202208,경부선,의왕,5287,5060,10347
202208,경부선,직산,641,601,1242
202208,경부선,진위,1061,820,1881
202208,경부선,천안,5947,6425,12372
202208,경부선,평택,12692,12499,25191
202208,경부선,평택지제,3442,3218,6660
202208,경부선,화서,4970,4950,9920
202208,경원선,가능,4740,4399,9139
202208,경원선,광운대,4914,4618,9532
202208,경원선,녹양,3115,2867,5982
202208,경원선,녹천,2957,2428,5385
202208,경원선,덕계,2462,2167,4629
202208,경원선,덕정,4067,3592,7659
202208,경원선,도봉,3955,3730,7685
202208,경원선,도봉산,6614,4616,11230
202208,경원선,동두천,1606,1979,3585
202208,경원선,동두천중앙,2412,2454,4866
202208,경원선,망월사,5053,5088,10141
202208,경원선,방학,6666,6368,13034
202208,경원선,보산,1668,1605,3273
202208,경원선,서빙고,1381,1287,2668
202208,경원선,석계,6075,6102,12177
202208,경원선,소요산,3640,3213,6853
202208,경원선,신이문,5666,5123,10789
202208,경원선,양주,5773,5389,11162
202208,경원선,옥수,37,35,72
202208,경원선,왕십리,11945,13330,25275
202208,경원선,외대앞,5686,5272,10958
202208,경원선,월계,4144,3764,7908
202208,경원선,응봉,1279,1055,2334
202208,경원선,의정부,16059,17158,33217
202208,경원선,이촌,2651,2005,4656
202208,경원선,지행,5368,5177,10545
202208,경원선,청량리,16351,17929,34280
202208,경원선,한남,2475,2418,4893
202208,경원선,회룡,8792,8497,17289
202208,경의선,가좌,3736,3572,7308
202208,경의선,강매,1793,1609,3402
202208,경의선,곡산,372,357,729
202208,경의선,공덕,2446,1852,4298
202208,경의선,금릉,3585,3426,7011
202208,경의선,금촌,5337,4935,10272
202208,경의선,능곡,2567,2543,5110
202208,경의선,디지털미디어시티,1894,1552,3446
202208,경의선,문산,4576,4249,8825
202208,경의선,백마,4234,3816,8050
202208,경의선,서강대,1652,1516,3168
202208,경의선,서울역,1299,1515,2814
202208,경의선,수색,1277,1275,2552
202208,경의선,신촌,340,384,724
202208,경의선,야당,6035,6146,12181
202208,경의선,운정,4640,4146,8786
202208,경의선,월롱,1814,1397,3211
202208,경의선,일산,6389,6046,12435
202208,경의선,임진강,53,48,101
202208,경의선,탄현,5230,4752,9982
202208,경의선,파주,811,585,1396
202208,경의선,풍산,3938,3694,7632
202208,경의선,행신,5330,5339,10669
202208,경의선,홍대입구,1956,2654,4610
202208,경의선,화전,1013,906,1919
202208,경의선,효창공원앞,1639,1823,3462
202208,경인선,간석,3999,3816,7815
202208,경인선,개봉,14429,13692,28121
202208,경인선,구일,3935,3702,7637
202208,경인선,도원,3407,3430,6837
202208,경인선,도화,2899,2695,5594
202208,경인선,동암,11848,11845,23693
202208,경인선,동인천,10424,10466,20890
202208,경인선,백운,5025,4781,9806
202208,경인선,부개,5828,5420,11248
202208,경인선,부천,25624,26332,51956
202208,경인선,부평,25226,28133,53359
202208,경인선,소사,5928,5784,11712
202208,경인선,송내,16866,16280,33146
202208,경인선,역곡,18091,17368,35459
202208,경인선,오류동,8107,7028,15135
202208,경인선,온수,4379,3939,8318
202208,경인선,인천,3781,3516,7297
202208,경인선,제물포,6682,6321,13003
202208,경인선,주안,14172,12612,26784
202208,경인선,중동,5986,5601,11587
202208,경춘선,가평,2806,3802,6608
202208,경춘선,갈매,1745,1485,3230
202208,경춘선,강촌,567,747,1314
202208,경춘선,굴봉산,161,137,298
202208,경춘선,금곡,1116,1018,2134
202208,경춘선,김유정,400,448,848
202208,경춘선,남춘천,2700,3178,5878
202208,경춘선,대성리,1097,1073,2170
202208,경춘선,마석,3378,3293,6671
202208,경춘선,백양리,126,127,253
202208,경춘선,별내,2062,1916,3978
202208,경춘선,사릉,1534,1472,3006
202208,경춘선,상천,311,288,599
202208,경춘선,신내,1266,1142,2408
202208,경춘선,천마산,1217,1181,2398
202208,경춘선,청평,1919,2307,4226
202208,경춘선,춘천,1763,1805,3568
202208,경춘선,퇴계원,2292,2076,4368
202208,경춘선,평내호평,4244,4090,8334
202208,공항철도 1호선,검암,4108,4137,8245
202208,공항철도 1호선,계양,7181,6261,13442
202208,공항철도 1호선,공덕,1625,2183,3808
202208,공항철도 1호선,공항화물청사,1657,1656,3313
202208,공항철도 1호선,김포공항,11101,6000,17101
202208,공항철도 1호선,디지털미디어시티,4919,4506,9425
202208,공항철도 1호선,마곡나루,2833,3055,5888
202208,공항철도 1호선,서울역,8939,9623,18562
202208,공항철도 1호선,영종,3019,3178,6197
202208,공항철도 1호선,운서,6465,6587,13052
202208,공항철도 1호선,인천공항1터미널,8034,8196,16230
202208,공항철도 1호선,인천공항2터미널,3265,3059,6324
202208,공항철도 1호선,청라국제도시,4155,3937,8092
202208,공항철도 1호선,홍대입구,12324,12896,25220
202208,과천선,경마공원,12304,12509,24813
202208,과천선,과천,4380,4007,8387
202208,과천선,대공원,3224,3443,6667
202208,과천선,범계,18511,18164,36675
202208,과천선,선바위,4372,3922,8294
202208,과천선,인덕원,14518,14407,28925
202208,과천선,정부과천청사,5864,5691,11555
202208,과천선,평촌,8240,7956,16196
202208,분당선,가천대,4262,4517,8779
202208,분당선,강남구청,4563,5445,10008
202208,분당선,개포동,2442,2457,4899
202208,분당선,구룡,1638,1506,3144
202208,분당선,구성,3143,3115,6258
202208,분당선,기흥,6299,6030,12329
202208,분당선,대모산입구,2911,2539,5450
202208,분당선,도곡,4187,3766,7953
202208,분당선,망포,8687,7856,16543
202208,분당선,매교,2133,2089,4222
202208,분당선,매탄권선,3289,2914,6203
202208,분당선,모란,14468,14968,29436
202208,분당선,미금,9743,9946,19689
202208,분당선,보정,1604,1465,3069
202208,분당선,상갈,3445,3480,6925
202208,분당선,서울숲,7227,7445,14672
202208,분당선,서현,17982,18216,36198
202208,분당선,선릉,4602,6734,11336
202208,분당선,선정릉,2830,2757,5587
202208,분당선,수내,8504,7932,16436
202208,분당선,수서,9437,10595,20032
202208,분당선,수원,6861,5779,12640
202208,분당선,수원시청,9570,11101,20671
202208,분당선,신갈,2556,2524,5080
202208,분당선,압구정로데오,15310,18258,33568
202208,분당선,야탑,16282,17532,33814
202208,분당선,영통,6392,6188,12580
202208,분당선,오리,6781,5486,12267
202208,분당선,이매,4298,3998,8296
202208,분당선,정자,10048,10292,20340
202208,분당선,죽전,8865,9961,18826
202208,분당선,청명,2545,2427,4972
202208,분당선,태평,10146,9122,19268
202208,분당선,한티,13416,12510,25926
202208,수인선,고색,2516,2276,4792
202208,수인선,남동인더스파크,948,888,1836
202208,수인선,달월,55,59,114
202208,수인선,사리,3297,2656,5953
202208,수인선,소래포구,4141,4083,8224
202208,수인선,송도,1578,1585,3163
202208,수인선,숭의,2583,2333,4916
202208,수인선,신포,1242,1304,2546
202208,수인선,야목,267,224,491
202208,수인선,어천,707,648,1355
202208,수인선,연수,3701,3716,7417
202208,수인선,오목천,2095,1770,3865
202208,수인선,원인재,3282,3436,6718
202208,수인선,월곶,1982,1927,3909
202208,수인선,인천,982,1428,2410
202208,수인선,인천논현,4094,4284,8378
202208,수인선,인하대,3736,3462,7198
202208,수인선,호구포,2454,2286,4740
202208,신림선,관악산,2493,2507,5000
202208,신림선,당곡,2639,2391,5030
202208,신림선,대방,1438,1038,2476
202208,신림선,보라매,1793,1656,3449
202208,신림선,보라매공원,978,987,1965
202208,신림선,보라매병원,2565,2517,5082
202208,신림선,샛강,754,1019,1773
202208,신림선,서울대벤처타운,5029,4519,9548
202208,신림선,서울지방병무청,1455,1609,3064
202208,신림선,서원,2058,1645,3703
202208,신림선,신림,1200,1549,2749
202208,안산선,고잔,5749,5493,11242
202208,안산선,대야미,3515,3071,6586
202208,안산선,반월,3250,2964,6214
202208,안산선,산본,11198,11994,23192
202208,안산선,상록수,10881,10784,21665
202208,안산선,수리산,2615,2080,4695
202208,안산선,신길온천,1338,1235,2573
202208,안산선,안산,9065,9874,18939
202208,안산선,오이도,6558,6797,13355
202208,안산선,정왕,6036,6264,12300
202208,안산선,중앙,13887,14811,28698
202208,안산선,초지,3067,2959,6026
202208,안산선,한대앞,6336,6170,12506
202208,우이신설선,4.19민주묘지,2080,1807,3887
202208,우이신설선,가오리,2764,2631,5395
202208,우이신설선,보문,1049,1009,2058
202208,우이신설선,북한산보국문,4218,3438,7656
202208,우이신설선,북한산우이,2700,2920,5620
202208,우이신설선,삼양,1411,1348,2759
202208,우이신설선,삼양사거리,1740,1733,3473
202208,우이신설선,성신여대입구,2491,2874,5365
202208,우이신설선,솔밭공원,1584,1443,3027
202208,우이신설선,솔샘,3404,3055,6459
202208,우이신설선,신설동,1201,1151,2352
202208,우이신설선,정릉,3303,2574,5877
202208,우이신설선,화계,2161,1960,4121
202208,일산선,대곡,1286,1104,2390
202208,일산선,대화,8009,7143,15152
202208,일산선,마두,4538,4548,9086
202208,일산선,백석,6656,6591,13247
202208,일산선,삼송,13232,12562,25794
202208,일산선,원당,7679,7202,14881
202208,일산선,원흥,6969,6438,13407
202208,일산선,정발산,5648,5997,11645
202208,일산선,주엽,6286,6090,12376
202208,일산선,화정,11213,11575,22788
202208,장항선,배방,969,899,1868
202208,장항선,봉명,708,627,1335
202208,장항선,신창,961,918,1879
202208,장항선,쌍용,1487,1387,2874
202208,장항선,아산,2832,2998,5830
202208,장항선,온양온천,3274,3421,6695
202208,장항선,탕정,733,564,1297
202208,중앙선,구리,9343,9338,18681
202208,중앙선,국수,520,518,1038
202208,중앙선,덕소,4126,4154,8280
202208,중앙선,도농,6795,6357,13152
202208,중앙선,도심,1533,1270,2803
202208,중앙선,망우,6108,5974,12082
202208,중앙선,상봉,4541,4236,8777
202208,중앙선,신원,165,177,342
202208,중앙선,아신,482,585,1067
202208,중앙선,양수,1833,2003,3836
202208,중앙선,양원,1733,1505,3238
202208,중앙선,양정,545,459,1004
202208,중앙선,양평,3343,3737,7080
202208,중앙선,오빈,291,325,616
202208,중앙선,용문,2021,2418,4439
202208,중앙선,운길산,805,870,1675
202208,중앙선,원덕,332,384,716
202208,중앙선,중랑,4213,3877,8090
202208,중앙선,지평,64,62,126
202208,중앙선,팔당,1064,1202,2266
202208,중앙선,회기,17940,16092,34032
202208,1호선,동대문,9134,9095,18229
202208,1호선,동묘앞,11300,11330,22630
202208,1호선,서울역,27476,26518,53994
202208,1호선,시청,9876,9670,19546
202208,1호선,신설동,7136,7106,14242
202208,1호선,제기동,10143,10556,20699
202208,1호선,종각,14940,13592,28532
202208,1호선,종로3가,15131,13721,28852
202208,1호선,종로5가,10729,10530,21259
202208,1호선,청량리,12897,13199,26096
202208,2호선,강남,32154,32341,64495
202208,2호선,강변,22418,21243,43661
202208,2호선,건대입구,25381,27794,53175
202208,2호선,교대,10227,11267,21494
202208,2호선,구로디지털단지,23465,22540,46005
202208,2호선,구의,11000,10900,21900
202208,2호선,낙성대,14903,14212,29115
202208,2호선,당산,8182,8826,17008
202208,2호선,대림,14576,14955,29531
202208,2호선,도림천,457,431,888
202208,2호선,동대문역사문화공원,8931,10597,19528
202208,2호선,뚝섬,9837,9999,19836
202208,2호선,문래,7171,7835,15006
202208,2호선,방배,6539,6777,13316
202208,2호선,봉천,12385,11312,23697
202208,2호선,사당,21426,23154,44580
202208,2호선,삼성,27250,26403,53653
202208,2호선,상왕십리,6859,6569,13428
202208,2호선,서울대입구,25177,24920,50097
202208,2호선,서초,11575,11094,22669
202208,2호선,선릉,12076,10426,22502
202208,2호선,성수,15874,18040,33914
202208,2호선,시청,7465,6149,13614
202208,2호선,신답,753,812,1565
202208,2호선,신당,8004,8558,16562
202208,2호선,신대방,14587,13895,28482
202208,2호선,신도림,25569,26330,51899
202208,2호선,신림,35041,34226,69267
202208,2호선,신설동,2960,2882,5842
202208,2호선,신정네거리,5197,5178,10375
202208,2호선,신촌,22608,22810,45418
202208,2호선,아현,5265,4829,10094
202208,2호선,양천구청,3264,3253,6517
202208,2호선,역삼,9743,10657,20400
202208,2호선,영등포구청,6898,6981,13879
202208,2호선,왕십리,9001,8150,17151
202208,2호선,용답,1638,1550,3188
202208,2호선,용두,1064,1082,2146
202208,2호선,을지로3가,9082,9312,18394
202208,2호선,을지로4가,4167,4317,8484
202208,2호선,을지로입구,18444,17932,36376
202208,2호선,이대,6951,7296,14247
202208,2호선,잠실,54837,51495,106332
202208,2호선,잠실나루,5488,5334,10822
202208,2호선,잠실새내,12173,12755,24928
202208,2호선,종합운동장,12884,20014,32898
202208,2호선,충정로,3529,3627,7156
202208,2호선,한양대,2150,2190,4340
202208,2호선,합정,20340,23541,43881
202208,2호선,홍대입구,55154,59205,114359
202208,3호선,가락시장,3377,3539,6916
202208,3호선,경복궁,13976,16171,30147
202208,3호선,경찰병원,2656,2619,5275
202208,3호선,고속터미널,37298,36876,74174
202208,3호선,교대,4271,2560,6831
202208,3호선,구파발,11566,12132,23698
202208,3호선,금호,4106,3734,7840
202208,3호선,남부터미널,14225,14133,28358
202208,3호선,녹번,7186,6330,13516
202208,3호선,대청,3864,3729,7593
202208,3호선,대치,6883,5887,12770
202208,3호선,도곡,1726,1734,3460
202208,3호선,독립문,5246,5374,10620
202208,3호선,동대입구,7039,7643,14682
202208,3호선,매봉,3921,3895,7816
202208,3호선,무악재,1790,1773,3563
202208,3호선,불광,9275,10415,19690
202208,3호선,수서,10180,10120,20300
202208,3호선,신사,11791,12574,24365
202208,3호선,안국,13200,13273,26473
202208,3호선,압구정,14133,14982,29115
202208,3호선,약수,6523,6347,12870
202208,3호선,양재,11558,12820,24378
202208,3호선,연신내,20941,20041,40982
202208,3호선,오금,2453,2570,5023
202208,3호선,옥수,4632,4786,9418
202208,3호선,을지로3가,3559,3618,7177
202208,3호선,일원,3377,3333,6710
202208,3호선,잠원,2049,1978,4027
202208,3호선,종로3가,4212,6218,10430
202208,3호선,지축,2561,2355,4916
202208,3호선,학여울,809,840,1649
202208,3호선,홍제,8899,8439,17338
202208,4호선,길음,10290,9958,20248
202208,4호선,남태령,802,506,1308
202208,4호선,노원,11788,13117,24905
202208,4호선,당고개,5443,5244,10687
202208,4호선,동대문,7076,6681,13757
202208,4호선,동대문역사문화공원,9976,9045,19021
202208,4호선,동작,710,767,1477
202208,4호선,명동,13744,14879,28623
202208,4호선,미아,7814,7237,15051
202208,4호선,미아사거리,15335,14295,29630
202208,4호선,사당,14757,13322,28079
202208,4호선,삼각지,3058,4090,7148
202208,4호선,상계,9557,9073,18630
202208,4호선,서울역,4547,11263,15810
202208,4호선,성신여대입구,12284,11849,24133
202208,4호선,수유,19556,18815,38371
202208,4호선,숙대입구,7802,7477,15279
202208,4호선,신용산,9447,10107,19554
202208,4호선,쌍문,15203,13795,28998
202208,4호선,이촌,8052,7983,16035
202208,4호선,창동,14701,15384,30085
202208,4호선,총신대입구,9924,10641,20565
202208,4호선,충무로,7414,8205,15619
202208,4호선,한성대입구,7152,7086,14238
202208,4호선,혜화,24532,25454,49986
202208,4호선,회현,8492,8459,16951
202208,5호선,강동,8311,8047,16358
202208,5호선,강일,2302,2154,4456
202208,5호선,개롱,2814,3022,5836
202208,5호선,개화산,2573,2564,5137
202208,5호선,거여,4473,4169,8642
202208,5호선,고덕,3950,3850,7800
202208,5호선,공덕,4447,4576,9023
202208,5호선,광나루,7706,7110,14816
202208,5호선,광화문,18111,18439,36550
202208,5호선,군자,5734,6324,12058
202208,5호선,굽은다리,5273,4994,10267
202208,5호선,길동,4122,4126,8248
202208,5호선,김포공항,7075,7005,14080
202208,5호선,까치산,15450,14642,30092
202208,5호선,답십리,7619,6970,14589
202208,5호선,동대문역사문화공원,947,1211,2158
202208,5호선,둔촌동,4302,4294,8596
202208,5호선,마곡,3534,3662,7196
202208,5호선,마장,2688,2620,5308
202208,5호선,마천,3306,3349,6655
202208,5호선,마포,4679,4808,9487
202208,5호선,명일,4787,4721,9508
202208,5호선,목동,7619,7644,15263
202208,5호선,미사,8921,9106,18027
202208,5호선,발산,8659,9455,18114
202208,5호선,방이,3829,3563,7392
202208,5호선,방화,3551,3426,6977
202208,5호선,상일동,6383,6157,12540
202208,5호선,서대문,5004,4847,9851
202208,5호선,송정,3485,3394,6879
202208,5호선,신금호,2823,3057,5880
202208,5호선,신길,1935,1977,3912
202208,5호선,신정,6097,5323,11420
202208,5호선,아차산,8698,8235,16933
202208,5호선,애오개,2512,2432,4944
202208,5호선,양평,2569,2382,4951
202208,5호선,여의나루,7685,10182,17867
202208,5호선,여의도,9176,8980,18156
202208,5호선,영등포구청,1328,1189,2517
202208,5호선,영등포시장,5381,5578,10959
202208,5호선,오금,1443,1325,2768
202208,5호선,오목교,11608,11836,23444
202208,5호선,올림픽공원,3915,3838,7753
202208,5호선,왕십리,2218,2810,5028
202208,5호선,우장산,6772,6874,13646
202208,5호선,을지로4가,1834,2066,3900
202208,5호선,장한평,7921,7705,15626
202208,5호선,종로3가,9829,9678,19507
202208,5호선,천호,12200,11677,23877
202208,5호선,청구,1739,1626,3365
202208,5호선,충정로,1403,1338,2741
202208,5호선,하남검단산,4729,4663,9392
202208,5호선,하남시청,4251,4073,8324
202208,5호선,하남풍산,2231,2191,4422
202208,5호선,행당,4041,3507,7548
202208,5호선,화곡,14049,12925,26974
202208,6호선,고려대,3814,3545,7359
202208,6호선,공덕,6680,6230,12910
202208,6호선,광흥창,4100,3903,8003
202208,6호선,구산,3773,2868,6641
202208,6호선,녹사평,3667,3912,7579
202208,6호선,대흥,3870,3871,7741
202208,6호선,독바위,1508,1641,3149
202208,6호선,돌곶이,5488,5034,10522
202208,6호선,동묘앞,5957,5396,11353
202208,6호선,디지털미디어시티,5506,5585,11091
202208,6호선,마포구청,7011,6291,13302
202208,6호선,망원,9566,10550,20116
202208,6호선,버티고개,1025,1082,2107
202208,6호선,보문,3737,3426,7163
202208,6호선,봉화산,3812,3771,7583
202208,6호선,불광,3207,2852,6059
202208,6호선,삼각지,4489,3195,7684
202208,6호선,상수,7020,8748,15768
202208,6호선,상월곡,3088,2770,5858
202208,6호선,새절,6230,5943,12173
202208,6호선,석계,6256,6345,12601
202208,6호선,신내,1,0,1
202208,6호선,신당,4619,4294,8913
202208,6호선,안암,4471,4458,8929
202208,6호선,약수,1702,1708,3410
202208,6호선,역촌,2180,2323,4503
202208,6호선,연신내,1,0,1
202208,6호선,월곡,4889,4687,9576
202208,6호선,월드컵경기장,4712,4722,9434
202208,6호선,응암,9055,8791,17846
202208,6호선,이태원,12643,14327,26970
202208,6호선,증산,5206,5211,10417
202208,6호선,창신,1599,1325,2924
202208,6호선,청구,1718,1654,3372
202208,6호선,태릉입구,3145,3247,6392
202208,6호선,한강진,5582,7034,12616
202208,6호선,합정,9464,9090,18554
202208,6호선,화랑대,4636,3994,8630
202208,6호선,효창공원앞,3375,2855,6230
202208,7호선,가산디지털단지,9717,8634,18351
202208,7호선,강남구청,4360,4933,9293
202208,7호선,건대입구,7336,7437,14773
202208,7호선,고속터미널,11068,6963,18031
202208,7호선,공릉,5924,5806,11730
202208,7호선,광명사거리,12049,11988,24037
202208,7호선,군자,7534,5752,13286
202208,7호선,남구로,6544,6269,12813
202208,7호선,남성,5314,5098,10412
202208,7호선,내방,5017,5284,10301
202208,7호선,노원,11325,11685,23010
202208,7호선,논현,5178,5521,10699
202208,7호선,대림,7619,7526,15145
202208,7호선,도봉산,4690,6509,11199
202208,7호선,뚝섬유원지,5281,4888,10169
202208,7호선,마들,5982,5503,11485
202208,7호선,먹골,5237,5014,10251
202208,7호선,면목,7648,7396,15044
202208,7호선,반포,2655,2500,5155
202208,7호선,보라매,3684,3550,7234
202208,7호선,사가정,8479,7908,16387
202208,7호선,상도,5187,4720,9907
202208,7호선,상동,1,0,1
202208,7호선,상봉,8857,8279,17136
202208,7호선,수락산,8009,7870,15879
202208,7호선,숭실대입구,5367,5510,10877
202208,7호선,신대방삼거리,7181,6869,14050
202208,7호선,신풍,5646,5360,11006
202208,7호선,어린이대공원,6518,6481,12999
202208,7호선,온수,3866,3789,7655
202208,7호선,용마산,2992,3133,6125
202208,7호선,이수,7268,6820,14088
202208,7호선,장승배기,4481,4350,8831
202208,7호선,장암,1415,1004,2419
202208,7호선,중계,6236,5655,11891
202208,7호선,중곡,5082,4778,9860
202208,7호선,중화,5355,5146,10501
202208,7호선,천왕,4738,4513,9251
202208,7호선,철산,10414,10482,20896
202208,7호선,청담,6300,6576,12876
202208,7호선,태릉입구,4596,4332,8928
202208,7호선,하계,8866,8292,17158
202208,7호선,학동,5126,5373,10499
202208,8호선,가락시장,2845,3663,6508
202208,8호선,강동구청,4537,4585,9122
202208,8호선,남위례,2491,2581,5072
202208,8호선,남한산성입구,6670,6021,12691
202208,8호선,단대오거리,5412,5273,10685
202208,8호선,모란,4415,3811,8226
202208,8호선,몽촌토성,3080,2921,6001
202208,8호선,문정,4813,4668,9481
202208,8호선,복정,4463,4206,8669
202208,8호선,산성,2822,2811,5633
202208,8호선,석촌,3881,4883,8764
202208,8호선,송파,4394,4336,8730
202208,8호선,수진,3251,2865,6116
202208,8호선,신흥,2703,2886,5589
202208,8호선,암사,8960,8215,17175
202208,8호선,잠실,10984,12634,23618
202208,8호선,장지,8944,8780,17724
202208,8호선,천호,8484,10028,18512
202208,9호선,가양,10143,9763,19906
202208,9호선,개화,1122,980,2102
202208,9호선,고속터미널,9818,14009,23827
202208,9호선,공항시장,1701,1814,3515
202208,9호선,구반포,305,308,613
202208,9호선,국회의사당,4542,4212,8754
202208,9호선,김포공항,7261,10622,17883
202208,9호선,노들,2689,2216,4905
202208,9호선,노량진,13867,14370,28237
202208,9호선,당산,9702,9583,19285
202208,9호선,동작,1064,924,1988
202208,9호선,등촌,4993,5039,10032
202208,9호선,마곡나루,5228,5285,10513
202208,9호선,사평,1727,1679,3406
202208,9호선,샛강,1756,1681,3437
202208,9호선,선유도,2713,2512,5225
202208,9호선,신논현,14829,14339,29168
202208,9호선,신목동,1777,1546,3323
202208,9호선,신반포,1781,1778,3559
202208,9호선,신방화,3618,3500,7118
202208,9호선,양천향교,4159,4009,8168
202208,9호선,여의도,10519,9158,19677
202208,9호선,염창,8279,7973,16252
202208,9호선,증미,2529,2423,4952
202208,9호선,흑석,3854,3913,7767
202208,9호선2~3단계,둔촌오륜,574,565,1139
202208,9호선2~3단계,봉은사,11435,11920,23355
202208,9호선2~3단계,삼성중앙,2051,2106,4157
202208,9호선2~3단계,삼전,3585,3391,6976
202208,9호선2~3단계,석촌,4668,3788,8456
202208,9호선2~3단계,석촌고분,3169,3000,6169
202208,9호선2~3단계,선정릉,2810,3068,5878
202208,9호선2~3단계,송파나루,3125,3583,6708
202208,9호선2~3단계,언주,3467,3420,6887
202208,9호선2~3단계,올림픽공원,9439,9345,18784
202208,9호선2~3단계,종합운동장,10656,3627,14283
202208,9호선2~3단계,중앙보훈병원,3661,3474,7135
202208,9호선2~3단계,한성백제,1447,1291,2738
202208,경강선,경기광주,3850,3734,7584
202208,경강선,곤지암,1500,1467,2967
202208,경강선,부발,1348,1455,2803
202208,경강선,삼동,1014,969,1983
202208,경강선,세종대왕릉,295,291,586
202208,경강선,신둔도예촌,870,875,1745
202208,경강선,여주,2111,2100,4211
202208,경강선,이매,627,484,1111
202208,경강선,이천,1985,2195,4180
202208,경강선,초월,1596,1437,3033
202208,경강선,판교,2557,2458,5015
202208,경부선,가산디지털단지,4369,5767,10136
202208,경부선,관악,4399,4151,8550
202208,경부선,광명,2305,1778,4083
202208,경부선,구로,9298,9667,18965
202208,경부선,군포,2932,2805,5737
202208,경부선,금정,14779,15092,29871
202208,경부선,금천구청,5928,5781,11709
202208,경부선,남영,4678,4839,9517
202208,경부선,노량진,5443,4908,10351
202208,경부선,당정,2963,2939,5902
202208,경부선,대방,4795,5231,10026
202208,경부선,독산,6026,5737,11763
202208,경부선,두정,4111,4372,8483
202208,경부선,명학,3053,2967,6020
202208,경부선,병점,8850,9168,18018
202208,경부선,서동탄,711,742,1453
202208,경부선,서울역,7992,1852,9844
202208,경부선,서정리,4438,5345,9783
202208,경부선,석수,4645,4337,8982
202208,경부선,성균관대,7383,7579,14962
202208,경부선,성환,2282,2433,4715
202208,경부선,세류,1953,1942,3895
202208,경부선,세마,1742,1563,3305
202208,경부선,송탄,3387,3667,7054
202208,경부선,수원,32882,33267,66149
202208,경부선,신길,4391,3608,7999
202208,경부선,신도림,2035,2194,4229
202208,경부선,안양,13004,12913,25917
202208,경부선,영등포,34081,34348,68429
202208,경부선,오산,7269,7468,14737
202208,경부선,오산대,1941,1988,3929
202208,경부선,용산,35484,34180,69664
202208,경부선,의왕,3931,3910,7841
202208,경부선,직산,527,500,1027
202208,경부선,진위,846,779,1625
202208,경부선,천안,5549,5718,11267
202208,경부선,평택,10679,11020,21699
202208,경부선,평택지제,2470,2236,4706
202208,경부선,화서,3703,3743,7446
202208,경원선,가능,3846,3606,7452
202208,경원선,광운대,3798,3812,7610
202208,경원선,녹양,2649,2517,5166
202208,경원선,녹천,2337,2025,4362
202208,경원선,덕계,1742,1705,3447
202208,경원선,덕정,3108,3294,6402
202208,경원선,도봉,3536,3201,6737
202208,경원선,도봉산,7056,5174,12230
202208,경원선,동두천,1323,1694,3017
202208,경원선,동두천중앙,2000,2014,4014
202208,경원선,망월사,4437,4591,9028
202208,경원선,방학,5790,5527,11317
202208,경원선,보산,1273,1378,2651
202208,경원선,서빙고,1625,1648,3273
202208,경원선,석계,4778,5076,9854
202208,경원선,소요산,4434,4065,8499
202208,경원선,신이문,4679,4272,8951
202208,경원선,양주,4909,4748,9657
202208,경원선,옥수,37,31,68
202208,경원선,왕십리,9641,10942,20583
202208,경원선,외대앞,4504,4322,8826
202208,경원선,월계,3502,3077,6579
202208,경원선,응봉,1086,908,1994
202208,경원선,의정부,13882,14521,28403
202208,경원선,이촌,2272,1783,4055
202208,경원선,지행,4539,4447,8986
202208,경원선,청량리,14840,14156,28996
202208,경원선,한남,1820,1875,3695
202208,경원선,회룡,7222,7201,14423
202208,경의선,가좌,2905,2807,5712
202208,경의선,강매,1499,1338,2837
202208,경의선,검암,1,0,1
202208,경의선,곡산,324,346,670
202208,경의선,공덕,1785,1510,3295
202208,경의선,금릉,2790,2849,5639
202208,경의선,금촌,4321,4469,8790
202208,경의선,능곡,2252,2174,4426
202208,경의선,디지털미디어시티,1594,1356,2950
202208,경의선,문산,4231,4163,8394
202208,경의선,백마,3269,3262,6531
202208,경의선,서강대,1303,1346,2649
202208,경의선,서울역,1077,1116,2193
202208,경의선,수색,916,969,1885
202208,경의선,신촌,309,310,619
202208,경의선,야당,5061,5102,10163
202208,경의선,운정,3518,3297,6815
202208,경의선,월롱,1129,1305,2434
202208,경의선,일산,4714,4477,9191
202208,경의선,임진강,79,83,162
202208,경의선,탄현,4116,3956,8072
202208,경의선,파주,660,574,1234
202208,경의선,풍산,3466,3306,6772
202208,경의선,행신,4563,4245,8808
202208,경의선,홍대입구,1847,2332,4179
202208,경의선,화전,786,779,1565
202208,경의선,효창공원앞,1329,1558,2887
202208,경인선,간석,3135,2930,6065
202208,경인선,개봉,11561,11309,22870
202208,경인선,구일,2943,2945,5888
202208,경인선,도원,1686,1701,3387
202208,경인선,도화,2357,2160,4517
202208,경인선,동암,10032,9979,20011
202208,경인선,동인천,9871,9522,19393
202208,경인선,백운,3871,3761,7632
202208,경인선,부개,4710,4399,9109
202208,경인선,부천,20950,21152,42102
202208,경인선,부평,22149,23903,46052
202208,경인선,소사,4984,4769,9753
202208,경인선,송내,13390,12947,26337
202208,경인선,역곡,13770,13647,27417
202208,경인선,오류동,6902,6282,13184
202208,경인선,온수,3733,3384,7117
202208,경인선,인천,4993,4531,9524
202208,경인선,제물포,5344,5072,10416
202208,경인선,주안,11771,10399,22170
202208,경인선,중동,4802,4519,9321
202208,경춘선,가평,3105,3224,6329
202208,경춘선,갈매,1345,1190,2535
202208,경춘선,강촌,859,627,1486
202208,경춘선,굴봉산,239,155,394
202208,경춘선,금곡,892,827,1719
202208,경춘선,김유정,468,481,949
202208,경춘선,남춘천,2570,2625,5195
202208,경춘선,대성리,1171,781,1952
202208,경춘선,마석,2523,2593,5116
202208,경춘선,백양리,203,113,316
202208,경춘선,별내,1758,1686,3444
202208,경춘선,사릉,1344,1237,2581
202208,경춘선,상천,360,329,689
202208,경춘선,신내,1030,950,1980
202208,경춘선,천마산,983,940,1923
202208,경춘선,청평,2052,1894,3946
202208,경춘선,춘천,2079,1699,3778
202208,경춘선,퇴계원,2047,1805,3852
202208,경춘선,평내호평,3249,3227,6476
202208,공항철도 1호선,검암,3581,3611,7192
202208,공항철도 1호선,계양,5521,5435,10956
202208,공항철도 1호선,공덕,1259,1817,3076
202208,공항철도 1호선,공항화물청사,997,985,1982
202208,공항철도 1호선,김포공항,10338,5417,15755
202208,공항철도 1호선,디지털미디어시티,3502,3643,7145
202208,공항철도 1호선,마곡나루,2061,2394,4455
202208,공항철도 1호선,서울역,8372,7440,15812
202208,공항철도 1호선,영종,2672,2844,5516
202208,공항철도 1호선,운서,5702,6314,12016
202208,공항철도 1호선,인천공항1터미널,9511,8444,17955
202208,공항철도 1호선,인천공항2터미널,3894,3351,7245
202208,공항철도 1호선,청라국제도시,3474,3452,6926
202208,공항철도 1호선,홍대입구,11398,11729,23127
202208,과천선,경마공원,15372,15793,31165
202208,과천선,과천,3740,3453,7193
202208,과천선,대공원,4065,4036,8101
202208,과천선,범계,14704,14631,29335
202208,과천선,선바위,3695,3347,7042
202208,과천선,인덕원,11832,11804,23636
202208,과천선,정부과천청사,4405,4407,8812
202208,과천선,평촌,6189,5912,12101
202208,분당선,가천대,3411,3851,7262
202208,분당선,강남구청,2612,3086,5698
202208,분당선,개포동,1843,1884,3727
202208,분당선,구룡,812,776,1588
202208,분당선,구성,2325,2511,4836
202208,분당선,기흥,5033,4739,9772
202208,분당선,대모산입구,2130,1976,4106
202208,분당선,도곡,2558,2459,5017
202208,분당선,망포,6449,6201,12650
202208,분당선,매교,1580,1590,3170
202208,분당선,매탄권선,2479,2307,4786
202208,분당선,모란,16522,17655,34177
202208,분당선,미금,7383,7649,15032
202208,분당선,보정,1094,1022,2116
202208,분당선,상갈,2811,2849,5660
202208,분당선,서울숲,5869,6132,12001
202208,분당선,서현,15233,15441,30674
202208,분당선,선릉,2718,3741,6459
202208,분당선,선정릉,1698,1779,3477
202208,분당선,수내,6215,5785,12000
202208,분당선,수서,8344,8203,16547
202208,분당선,수원,5901,4825,10726
202208,분당선,수원시청,7192,7714,14906
202208,분당선,신갈,1990,1987,3977
202208,분당선,압구정로데오,9819,11827,21646
202208,분당선,야탑,13183,13542,26725
202208,분당선,영통,4726,4616,9342
202208,분당선,오리,5196,4281,9477
202208,분당선,이매,3380,3413,6793
202208,분당선,정자,7399,7753,15152
202208,분당선,죽전,7097,7990,15087
202208,분당선,청명,1839,1854,3693
202208,분당선,태평,8163,7624,15787
202208,분당선,한티,10088,9214,19302
202208,수인선,고색,1668,1620,3288
202208,수인선,남동인더스파크,659,606,1265
202208,수인선,달월,42,51,93
202208,수인선,사리,2628,2232,4860
202208,수인선,소래포구,4367,4246,8613
202208,수인선,송도,1474,1397,2871
202208,수인선,숭의,1986,1775,3761
202208,수인선,신포,1142,1114,2256
202208,수인선,야목,214,179,393
202208,수인선,어천,579,598,1177
202208,수인선,연수,3274,3315,6589
202208,수인선,오목천,1687,1565,3252
202208,수인선,원인재,2601,2767,5368
202208,수인선,월곶,1744,1739,3483
202208,수인선,인천,1285,1597,2882
202208,수인선,인천논현,3026,3041,6067
202208,수인선,인하대,3072,2916,5988
202208,수인선,호구포,2322,2365,4687
202208,신림선,관악산,3624,3772,7396
202208,신림선,당곡,2189,2046,4235
202208,신림선,대방,1256,920,2176
202208,신림선,보라매,1686,1493,3179
202208,신림선,보라매공원,951,1003,1954
202208,신림선,보라매병원,1951,2002,3953
202208,신림선,샛강,704,955,1659
202208,신림선,서울대벤처타운,4183,4066,8249
202208,신림선,서울지방병무청,1228,1359,2587
202208,신림선,서원,1801,1574,3375
202208,신림선,신림,1091,1523,2614
202208,안산선,고잔,4151,4011,8162
202208,안산선,대야미,2814,2546,5360
202208,안산선,반월,2502,2522,5024
202208,안산선,산본,8796,9441,18237
202208,안산선,상록수,9158,8848,18006
202208,안산선,수리산,2075,1758,3833
202208,안산선,신길온천,1152,1094,2246
202208,안산선,안산,10377,9732,20109
202208,안산선,오이도,5898,6089,11987
202208,안산선,정왕,5374,5449,10823
202208,안산선,중앙,11184,11653,22837
202208,안산선,초지,2399,2316,4715
202208,안산선,한대앞,5149,4961,10110
202208,우이신설선,4.19민주묘지,1789,1597,3386
202208,우이신설선,가오리,2359,2281,4640
202208,우이신설선,보문,954,940,1894
202208,우이신설선,북한산보국문,3546,3056,6602
202208,우이신설선,북한산우이,2882,3106,5988
202208,우이신설선,삼양,1113,1132,2245
202208,우이신설선,삼양사거리,1529,1409,2938
202208,우이신설선,성신여대입구,2121,2473,4594
202208,우이신설선,솔밭공원,1436,1392,2828
202208,우이신설선,솔샘,2787,2534,5321
202208,우이신설선,신설동,1103,1019,2122
202208,우이신설선,정릉,2563,2131,4694
202208,우이신설선,화계,2036,1958,3994
202208,일산선,대곡,1099,981,2080
202208,일산선,대화,6492,5842,12334
202208,일산선,마두,3368,3346,6714
202208,일산선,백석,5530,5591,11121
202208,일산선,삼송,11446,10829,22275
202208,일산선,원당,5983,5846,11829
202208,일산선,원흥,5601,5148,10749
202208,일산선,정발산,5602,5865,11467
202208,일산선,주엽,4848,4851,9699
202208,일산선,화정,9393,9736,19129
202208,장항선,배방,639,690,1329
202208,장항선,봉명,508,486,994
202208,장항선,신창,740,835,1575
202208,장항선,쌍용,1106,1106,2212
202208,장항선,아산,2605,1926,4531
202208,장항선,온양온천,4041,4036,8077
202208,장항선,탕정,475,490,965
202208,중앙선,구리,7220,7546,14766
202208,중앙선,국수,486,457,943
202208,중앙선,덕소,3463,3420,6883
202208,중앙선,도농,5336,5084,10420
202208,중앙선,도심,1259,1063,2322
202208,중앙선,망우,4823,4722,9545
202208,중앙선,상봉,3507,3567,7074
202208,중앙선,신원,174,134,308
202208,중앙선,아신,467,476,943
202208,중앙선,양수,1750,1820,3570
202208,중앙선,양원,1394,1358,2752
202208,중앙선,양정,435,356,791
202208,중앙선,양평,2296,2172,4468
202208,중앙선,오빈,240,223,463
202208,중앙선,용문,2169,2077,4246
202208,중앙선,운길산,916,881,1797
202208,중앙선,원덕,322,303,625
202208,중앙선,중랑,3391,3252,6643
202208,중앙선,지평,60,48,108
202208,중앙선,팔당,1153,1204,2357
202208,중앙선,회기,14732,14453,29185
202208,1호선,동대문,9838,9490,19328
202208,1호선,동묘앞,10873,11206,22079
202208,1호선,서울역,35245,35625,70870
202208,1호선,시청,13140,13581,26721
202208,1호선,신설동,9396,9046,18442
202208,1호선,제기동,15340,15713,31053
202208,1호선,종각,21052,19999,41051
202208,1호선,종로3가,22999,21905,44904
202208,1호선,종로5가,18918,18704,37622
202208,1호선,청량리,17841,18258,36099
202208,2호선,강남,57869,58111,115980
202208,2호선,강변,28254,28703,56957
202208,2호선,건대입구,33352,37031,70383
202208,2호선,교대,17318,19393,36711
202208,2호선,구로디지털단지,34646,33667,68313
202208,2호선,구의,16385,15603,31988
202208,2호선,낙성대,21284,19098,40382
202208,2호선,당산,12311,13199,25510
202208,2호선,대림,17913,18891,36804
202208,2호선,도림천,772,753,1525
202208,2호선,동대문역사문화공원,10753,12554,23307
202208,2호선,뚝섬,14983,15480,30463
202208,2호선,문래,13143,14178,27321
202208,2호선,방배,9876,10150,20026
202208,2호선,봉천,17846,15789,33635
202208,2호선,사당,32522,36783,69305
202208,2호선,삼성,31771,31713,63484
202208,2호선,상왕십리,9945,9131,19076
202208,2호선,서울대입구,36538,34689,71227
202208,2호선,서초,10967,9356,20323
202208,2호선,선릉,25252,22277,47529
202208,2호선,성수,22829,26356,49185
202208,2호선,시청,10088,8710,18798
202208,2호선,신답,1033,1057,2090
202208,2호선,신당,11118,11469,22587
202208,2호선,신대방,19605,18229,37834
202208,2호선,신도림,38556,38819,77375
202208,2호선,신림,47363,44712,92075
202208,2호선,신설동,3391,1657,5048
202208,2호선,신정네거리,7750,7562,15312
202208,2호선,신촌,31814,31827,63641
202208,2호선,아현,7682,7253,14935
202208,2호선,양천구청,4754,4593,9347
202208,2호선,역삼,18075,19840,37915
202208,2호선,영등포구청,12638,13123,25761
202208,2호선,왕십리,13087,11260,24347
202208,2호선,용답,2163,1968,4131
202208,2호선,용두,1805,1678,3483
202208,2호선,을지로3가,11432,11689,23121
202208,2호선,을지로4가,7937,7938,15875
202208,2호선,을지로입구,22928,23300,46228
202208,2호선,이대,10322,10464,20786
202208,2호선,잠실,66440,63931,130371
202208,2호선,잠실나루,7526,7438,14964
202208,2호선,잠실새내,17638,18622,36260
202208,2호선,종합운동장,13074,14732,27806
202208,2호선,충정로,5742,5971,11713
202208,2호선,한양대,4104,4337,8441
202208,2호선,합정,28933,33381,62314
202208,2호선,홍대입구,68915,78198,147113
202208,3호선,가락시장,6254,5884,12138
202208,3호선,경복궁,16792,18595,35387
202208,3호선,경찰병원,4115,3937,8052
202208,3호선,고속터미널,50219,50578,100797
202208,3호선,교대,7318,4465,11783
202208,3호선,구파발,16248,16528,32776
202208,3호선,금호,5889,5075,10964
202208,3호선,남부터미널,21417,20569,41986
202208,3호선,녹번,10465,8703,19168
202208,3호선,대청,5927,5573,11500
202208,3호선,대치,11220,9738,20958
202208,3호선,도곡,3026,3090,6116
202208,3호선,독립문,5865,6043,11908
202208,3호선,동대입구,7682,8595,16277
202208,3호선,매봉,6029,5833,11862
202208,3호선,무악재,2838,2725,5563
202208,3호선,불광,12447,13799,26246
202208,3호선,수서,13499,13205,26704
202208,3호선,신사,23538,25538,49076
202208,3호선,안국,16641,18566,35207
202208,3호선,압구정,25014,26762,51776
202208,3호선,약수,9136,8559,17695
202208,3호선,양재,19701,21715,41416
202208,3호선,연신내,29669,26957,56626
202208,3호선,오금,3639,3363,7002
202208,3호선,옥수,6651,6731,13382
202208,3호선,을지로3가,5212,5633,10845
202208,3호선,일원,5097,4828,9925
202208,3호선,잠원,3374,3255,6629
202208,3호선,종로3가,6288,8981,15269
202208,3호선,지축,3712,3466,7178
202208,3호선,충무로,1,0,1
202208,3호선,학여울,4506,4864,9370
202208,3호선,홍제,12923,12204,25127
202208,4호선,길음,14791,13601,28392
202208,4호선,남태령,1162,782,1944
202208,4호선,노원,15498,17499,32997
202208,4호선,당고개,7310,6574,13884
202208,4호선,동대문,13187,10832,24019
202208,4호선,동대문역사문화공원,12458,10386,22844
202208,4호선,동작,1338,1341,2679
202208,4호선,명동,16145,18060,34205
202208,4호선,미아,11546,10590,22136
202208,4호선,미아사거리,21593,20338,41931
202208,4호선,사당,22036,20241,42277
202208,4호선,삼각지,4062,5571,9633
202208,4호선,상계,14025,12702,26727
202208,4호선,서울역,6243,15529,21772
202208,4호선,성신여대입구,16530,15725,32255
202208,4호선,수유,26750,25958,52708
202208,4호선,숙대입구,9654,9451,19105
202208,4호선,신용산,11731,12981,24712
202208,4호선,쌍문,21585,18952,40537
202208,4호선,이촌,9780,10454,20234
202208,4호선,창동,19767,20744,40511
202208,4호선,총신대입구,14244,15231,29475
202208,4호선,충무로,12623,14127,26750
202208,4호선,한성대입구,10238,9632,19870
202208,4호선,혜화,30924,33013,63937
202208,4호선,회현,17970,19053,37023
202208,5호선,강동,13155,12589,25744
202208,5호선,강일,3200,2966,6166
202208,5호선,개롱,4279,4421,8700
202208,5호선,개화산,3801,3630,7431
202208,5호선,거여,6557,6121,12678
202208,5호선,고덕,6448,6290,12738
202208,5호선,공덕,7243,7586,14829
202208,5호선,광나루,10755,10690,21445
202208,5호선,광화문,19900,20962,40862
202208,5호선,군자,8503,9396,17899
202208,5호선,굽은다리,7570,7170,14740
202208,5호선,길동,6007,5960,11967
202208,5호선,김포공항,7443,7676,15119
202208,5호선,까치산,21138,19408,40546
202208,5호선,답십리,10626,9450,20076
202208,5호선,동대문역사문화공원,1212,1554,2766
202208,5호선,둔촌동,5862,5840,11702
202208,5호선,마곡,5700,5804,11504
202208,5호선,마장,3980,3637,7617
202208,5호선,마천,4877,4740,9617
202208,5호선,마포,7515,7574,15089
202208,5호선,명일,6145,6043,12188
202208,5호선,목동,11347,11317,22664
202208,5호선,미사,12259,12380,24639
202208,5호선,발산,12764,14040,26804
202208,5호선,방이,5256,5159,10415
202208,5호선,방화,4792,4613,9405
202208,5호선,상일동,9579,8616,18195
202208,5호선,서대문,7747,7515,15262
202208,5호선,송정,5033,4627,9660
202208,5호선,신금호,4040,4129,8169
202208,5호선,신길,2755,2732,5487
202208,5호선,신정,9189,7596,16785
202208,5호선,아차산,11699,11117,22816
202208,5호선,애오개,3664,3517,7181
202208,5호선,양평,3898,3666,7564
202208,5호선,여의나루,12555,14062,26617
202208,5호선,여의도,12816,13671,26487
202208,5호선,영등포구청,2132,2029,4161
202208,5호선,영등포시장,8237,8545,16782
202208,5호선,오금,2100,1972,4072
202208,5호선,오목교,17609,17949,35558
202208,5호선,올림픽공원,5392,4851,10243
202208,5호선,왕십리,3427,4324,7751
202208,5호선,우장산,9955,9665,19620
202208,5호선,을지로4가,3413,3960,7373
202208,5호선,장한평,11528,11206,22734
202208,5호선,종로3가,12798,13280,26078
202208,5호선,천호,17194,16672,33866
202208,5호선,청구,2453,2337,4790
202208,5호선,충정로,1911,1751,3662
202208,5호선,하남검단산,5438,5220,10658
202208,5호선,하남시청,5698,5341,11039
202208,5호선,하남풍산,2887,2821,5708
202208,5호선,행당,5543,4744,10287
202208,5호선,화곡,20554,18352,38906
202208,6호선,고려대,5478,4989,10467
202208,6호선,공덕,10549,9882,20431
202208,6호선,광흥창,5615,5160,10775
202208,6호선,구산,5699,4286,9985
202208,6호선,녹사평,5197,6074,11271
202208,6호선,대흥,5680,5652,11332
202208,6호선,독바위,1997,2225,4222
202208,6호선,돌곶이,6473,5776,12249
202208,6호선,동묘앞,7339,7106,14445
202208,6호선,디지털미디어시티,7604,7769,15373
202208,6호선,마포구청,9891,8523,18414
202208,6호선,망원,12838,14186,27024
202208,6호선,버티고개,1485,1572,3057
202208,6호선,보문,5161,4484,9645
202208,6호선,봉화산,5435,5151,10586
202208,6호선,불광,3868,3528,7396
202208,6호선,삼각지,6161,4283,10444
202208,6호선,상수,8851,11292,20143
202208,6호선,상월곡,4160,3504,7664
202208,6호선,새절,8867,7952,16819
202208,6호선,석계,8682,8703,17385
202208,6호선,신당,6235,5749,11984
202208,6호선,안암,6577,6376,12953
202208,6호선,약수,2532,2567,5099
202208,6호선,역촌,2827,3041,5868
202208,6호선,연신내,1,0,1
202208,6호선,월곡,7563,7179,14742
202208,6호선,월드컵경기장,4820,4993,9813
202208,6호선,응암,12577,12187,24764
202208,6호선,이태원,14255,19700,33955
202208,6호선,증산,7280,7044,14324
202208,6호선,창신,2062,1749,3811
202208,6호선,청구,2536,2350,4886
202208,6호선,태릉입구,4394,4406,8800
202208,6호선,한강진,8565,11167,19732
202208,6호선,합정,12729,12445,25174
202208,6호선,화랑대,6805,5395,12200
202208,6호선,효창공원앞,4662,3903,8565
202208,7호선,가산디지털단지,14001,12639,26640
202208,7호선,강남구청,10351,11515,21866
202208,7호선,건대입구,10935,11665,22600
202208,7호선,고속터미널,15046,11539,26585
202208,7호선,공릉,8745,8413,17158
202208,7호선,광명사거리,16899,16852,33751
202208,7호선,군자,10840,8094,18934
202208,7호선,남구로,8491,8743,17234
202208,7호선,남성,7866,7080,14946
202208,7호선,내방,7920,7769,15689
202208,7호선,노원,16019,16766,32785
202208,7호선,논현,9964,10916,20880
202208,7호선,대림,7358,7945,15303
202208,7호선,도봉산,6389,8522,14911
202208,7호선,뚝섬유원지,9874,9018,18892
202208,7호선,마들,9988,9087,19075
202208,7호선,먹골,7781,7459,15240
202208,7호선,면목,11032,10164,21196
202208,7호선,반포,4537,4289,8826
202208,7호선,보라매,5415,5120,10535
202208,7호선,사가정,11975,11611,23586
202208,7호선,상도,7749,7024,14773
202208,7호선,상봉,13471,12739,26210
202208,7호선,수락산,10637,10320,20957
202208,7호선,숭실대입구,8197,7824,16021
202208,7호선,신대방삼거리,10773,9832,20605
202208,7호선,신풍,8073,7601,15674
202208,7호선,어린이대공원,10670,10434,21104
202208,7호선,온수,5637,5452,11089
202208,7호선,용마산,4186,4117,8303
202208,7호선,이수,12402,11721,24123
202208,7호선,장승배기,6626,6266,12892
202208,7호선,장암,1791,1305,3096
202208,7호선,중계,9416,8056,17472
202208,7호선,중곡,6907,6306,13213
202208,7호선,중화,7552,6977,14529
202208,7호선,천왕,6976,6566,13542
202208,7호선,철산,15220,15453,30673
202208,7호선,청담,11340,12280,23620
202208,7호선,태릉입구,6639,6213,12852
202208,7호선,하계,12515,11264,23779
202208,7호선,학동,10580,11036,21616
202208,8호선,가락시장,5303,5449,10752
202208,8호선,강동구청,5962,5922,11884
202208,8호선,남위례,3719,3641,7360
202208,8호선,남한산성입구,9032,7889,16921
202208,8호선,단대오거리,7589,7032,14621
202208,8호선,모란,3758,3179,6937
202208,8호선,몽촌토성,4381,4220,8601
202208,8호선,문정,8489,8401,16890
202208,8호선,복정,5853,4985,10838
202208,8호선,산성,4080,3973,8053
202208,8호선,석촌,5710,7100,12810
202208,8호선,송파,6526,6122,12648
202208,8호선,수진,4262,3823,8085
202208,8호선,신흥,3614,3824,7438
202208,8호선,암사,12423,11207,23630
202208,8호선,잠실,13588,15898,29486
202208,8호선,장지,12270,10794,23064
202208,8호선,천호,11908,14010,25918
202208,9호선,가양,14554,13675,28229
202208,9호선,개화,1362,1175,2537
202208,9호선,고속터미널,13277,18716,31993
202208,9호선,공항시장,2348,2305,4653
202208,9호선,구반포,1019,1008,2027
202208,9호선,국회의사당,4492,4734,9226
202208,9호선,김포공항,7760,11692,19452
202208,9호선,노들,3511,2990,6501
202208,9호선,노량진,21194,20731,41925
202208,9호선,당산,13441,12729,26170
202208,9호선,동작,1393,1140,2533
202208,9호선,등촌,7473,6855,14328
202208,9호선,마곡나루,8305,8201,16506
202208,9호선,사평,2499,2305,4804
202208,9호선,샛강,2924,2803,5727
202208,9호선,선유도,3943,3638,7581
202208,9호선,신논현,24575,25341,49916
202208,9호선,신목동,2488,2037,4525
202208,9호선,신반포,3006,2963,5969
202208,9호선,신방화,4753,4540,9293
202208,9호선,양천향교,5783,5527,11310
202208,9호선,여의도,13656,13030,26686
202208,9호선,염창,11911,10935,22846
202208,9호선,증미,4312,4037,8349
202208,9호선,흑석,5731,5587,11318
202208,9호선2~3단계,둔촌오륜,602,632,1234
202208,9호선2~3단계,봉은사,13235,13499,26734
202208,9호선2~3단계,삼성중앙,3417,3443,6860
202208,9호선2~3단계,삼전,5085,4669,9754
202208,9호선2~3단계,석촌,7080,5650,12730
202208,9호선2~3단계,석촌고분,4545,4225,8770
202208,9호선2~3단계,선정릉,4757,5278,10035
202208,9호선2~3단계,송파나루,4068,4647,8715
202208,9호선2~3단계,언주,6422,6509,12931
202208,9호선2~3단계,올림픽공원,9331,9164,18495
202208,9호선2~3단계,종합운동장,3319,3060,6379
202208,9호선2~3단계,중앙보훈병원,5024,4703,9727
202208,9호선2~3단계,한성백제,1955,1751,3706
202208,경강선,경기광주,5721,5179,10900
202208,경강선,곤지암,1929,2017,3946
202208,경강선,부발,2200,1786,3986
202208,경강선,삼동,1575,1431,3006
202208,경강선,세종대왕릉,342,379,721
202208,경강선,신둔도예촌,1204,1144,2348
202208,경강선,여주,2541,2705,5246
202208,경강선,이매,867,654,1521
202208,경강선,이천,2877,2764,5641
202208,경강선,초월,2231,1977,4208
202208,경강선,판교,3189,3144,6333
202208,경부선,가산디지털단지,6206,8058,14264
202208,경부선,관악,5987,5686,11673
202208,경부선,광명,3100,2646,5746
202208,경부선,구로,12619,13058,25677
202208,경부선,군포,4272,3893,8165
202208,경부선,금정,19557,19505,39062
202208,경부선,금천구청,8065,7838,15903
202208,경부선,남영,6084,6206,12290
202208,경부선,노량진,8027,7208,15235
202208,경부선,당정,4140,3884,8024
202208,경부선,대방,6792,7210,14002
202208,경부선,독산,9064,8676,17740
202208,경부선,두정,5563,5618,11181
202208,경부선,명학,4645,4405,9050
202208,경부선,병점,12481,12160,24641
202208,경부선,서동탄,1030,1000,2030
202208,경부선,서울역,8834,2236,11070
202208,경부선,서정리,7590,5851,13441
202208,경부선,석수,6679,6196,12875
202208,경부선,성균관대,10375,10310,20685
202208,경부선,성환,3003,2740,5743
202208,경부선,세류,2531,2597,5128
202208,경부선,세마,2340,2068,4408
202208,경부선,송탄,5000,4364,9364
202208,경부선,수원,37891,43321,81212
202208,경부선,신길,5796,4798,10594
202208,경부선,신도림,2938,3077,6015
202208,경부선,안양,18020,17778,35798
202208,경부선,영등포,41460,43832,85292
202208,경부선,오산,9633,8805,18438
202208,경부선,오산대,2817,2524,5341
202208,경부선,용산,38651,41548,80199
202208,경부선,의왕,5810,5564,11374
202208,경부선,직산,770,684,1454
202208,경부선,진위,1154,988,2142
202208,경부선,천안,6445,6758,13203
202208,경부선,평택,13524,12843,26367
202208,경부선,평택지제,3676,3258,6934
202208,경부선,화서,5634,5597,11231
202208,경원선,가능,5296,4978,10274
202208,경원선,광운대,5609,5656,11265
202208,경원선,녹양,3464,3272,6736
202208,경원선,녹천,3329,2712,6041
202208,경원선,덕계,2657,2359,5016
202208,경원선,덕정,4643,4148,8791
202208,경원선,도봉,4487,4251,8738
202208,경원선,도봉산,8239,5553,13792
202208,경원선,동두천,1703,2038,3741
202208,경원선,동두천중앙,2853,2894,5747
202208,경원선,망월사,5742,5763,11505
202208,경원선,방학,7489,7097,14586
202208,경원선,보산,1775,1628,3403
202208,경원선,서빙고,1520,1479,2999
202208,경원선,석계,6473,6843,13316
202208,경원선,소요산,4628,4132,8760
202208,경원선,신이문,6130,5487,11617
202208,경원선,양주,6528,6050,12578
202208,경원선,옥수,29,26,55
202208,경원선,왕십리,12891,14854,27745
202208,경원선,외대앞,6393,6147,12540
202208,경원선,월계,4607,4141,8748
202208,경원선,응봉,1434,1253,2687
202208,경원선,의정부,17545,18819,36364
202208,경원선,이촌,3159,2336,5495
202208,경원선,지행,6014,5763,11777
202208,경원선,청량리,17181,18194,35375
202208,경원선,한남,2704,2681,5385
202208,경원선,회룡,9811,9573,19384
202208,경의선,가좌,4308,4047,8355
202208,경의선,강매,1997,1851,3848
202208,경의선,곡산,454,463,917
202208,경의선,공덕,3019,2252,5271
202208,경의선,금릉,4033,3773,7806
202208,경의선,금촌,5732,5483,11215
202208,경의선,능곡,2876,2840,5716
202208,경의선,디지털미디어시티,2062,1830,3892
202208,경의선,문산,5228,4904,10132
202208,경의선,백마,4602,4263,8865
202208,경의선,서강대,1817,1736,3553
202208,경의선,서울역,1450,1543,2993
202208,경의선,수색,1785,1561,3346
202208,경의선,신촌,377,404,781
202208,경의선,야당,6655,6729,13384
202208,경의선,운정,5054,4402,9456
202208,경의선,월롱,1997,1647,3644
202208,경의선,일산,6419,6012,12431
202208,경의선,임진강,95,75,170
202208,경의선,탄현,5676,5182,10858
202208,경의선,파주,860,617,1477
202208,경의선,풍산,4462,4259,8721
202208,경의선,행신,5505,5507,11012
202208,경의선,홍대입구,2236,2806,5042
202208,경의선,화전,1082,961,2043
202208,경의선,효창공원앞,1769,1939,3708
202208,경인선,간석,4461,4232,8693
202208,경인선,개봉,16097,15336,31433
202208,경인선,구일,8299,8279,16578
202208,경인선,도원,2097,2134,4231
202208,경인선,도화,3349,3028,6377
202208,경인선,동암,13377,13323,26700
202208,경인선,동인천,12040,11630,23670
202208,경인선,백운,5579,5345,10924
202208,경인선,부개,6731,6128,12859
202208,경인선,부천,28763,29511,58274
202208,경인선,부평,28051,31244,59295
202208,경인선,소사,7204,7253,14457
202208,경인선,송내,18670,18030,36700
202208,경인선,역곡,19964,19347,39311
202208,경인선,오류동,9060,8152,17212
202208,경인선,온수,5340,4624,9964
202208,경인선,인천,4875,4288,9163
202208,경인선,제물포,7581,7120,14701
202208,경인선,주안,16140,14128,30268
202208,경인선,중동,6657,6219,12876
202208,경춘선,가평,2824,4379,7203
202208,경춘선,갈매,2036,1705,3741
202208,경춘선,강촌,683,846,1529
202208,경춘선,굴봉산,222,216,438
202208,경춘선,금곡,1192,1055,2247
202208,경춘선,김유정,460,516,976
202208,경춘선,남춘천,2787,2921,5708
202208,경춘선,대성리,1121,1304,2425
202208,경춘선,마석,3198,3108,6306
202208,경춘선,백양리,140,176,316
202208,경춘선,별내,2200,2100,4300
202208,경춘선,사릉,1715,1590,3305
202208,경춘선,상천,437,435,872
202208,경춘선,신내,1320,1301,2621
202208,경춘선,천마산,1310,1242,2552
202208,경춘선,청평,2195,2586,4781
202208,경춘선,춘천,1798,1757,3555
202208,경춘선,퇴계원,2582,2291,4873
202208,경춘선,평내호평,4609,4484,9093
202208,공항철도 1호선,검암,4710,4605,9315
202208,공항철도 1호선,계양,7929,7441,15370
202208,공항철도 1호선,공덕,1831,2814,4645
202208,공항철도 1호선,공항화물청사,1291,1359,2650
202208,공항철도 1호선,김포공항,11037,5559,16596
202208,공항철도 1호선,디지털미디어시티,6105,5484,11589
202208,공항철도 1호선,마곡나루,3118,3381,6499
202208,공항철도 1호선,서울역,9312,9309,18621
202208,공항철도 1호선,영종,3434,3451,6885
202208,공항철도 1호선,운서,7146,7397,14543
202208,공항철도 1호선,인천공항1터미널,8660,8547,17207
202208,공항철도 1호선,인천공항2터미널,3731,3225,6956
202208,공항철도 1호선,청라국제도시,4810,4526,9336
202208,공항철도 1호선,홍대입구,14584,14768,29352
202208,과천선,경마공원,13148,13414,26562
202208,과천선,과천,4997,4477,9474
202208,과천선,대공원,6040,6452,12492
202208,과천선,범계,20711,20465,41176
202208,과천선,선바위,5196,4692,9888
202208,과천선,인덕원,16347,16082,32429
202208,과천선,정부과천청사,6734,6457,13191
202208,과천선,평촌,9697,9355,19052
202208,분당선,가천대,4914,5339,10253
202208,분당선,강남구청,5237,6368,11605
202208,분당선,개포동,2734,2680,5414
202208,분당선,구룡,1374,1200,2574
202208,분당선,구성,3399,3501,6900
202208,분당선,기흥,7003,6558,13561
202208,분당선,대모산입구,3082,2841,5923
202208,분당선,도곡,4694,4306,9000
202208,분당선,망포,9653,8723,18376
202208,분당선,매교,2339,2427,4766
202208,분당선,매탄권선,3789,3312,7101
202208,분당선,모란,15725,16345,32070
202208,분당선,미금,10552,11279,21831
202208,분당선,보정,1694,1532,3226
202208,분당선,상갈,4142,4122,8264
202208,분당선,서울숲,9169,9323,18492
202208,분당선,서현,21062,21332,42394
202208,분당선,선릉,5410,8406,13816
202208,분당선,선정릉,3390,3352,6742
202208,분당선,수내,9701,9032,18733
202208,분당선,수서,10580,10842,21422
202208,분당선,수원,7806,6421,14227
202208,분당선,수원시청,11385,14196,25581
202208,분당선,신갈,2881,2797,5678
202208,분당선,압구정로데오,18068,21568,39636
202208,분당선,야탑,18023,18846,36869
202208,분당선,영통,6913,6815,13728
202208,분당선,오리,7325,5944,13269
202208,분당선,이매,4217,4074,8291
202208,분당선,정자,11261,11453,22714
202208,분당선,죽전,9731,10799,20530
202208,분당선,청명,2982,2868,5850
202208,분당선,태평,10646,9853,20499
202208,분당선,한티,13926,13277,27203
202208,수인선,고색,2622,2568,5190
202208,수인선,남동인더스파크,1113,981,2094
202208,수인선,달월,70,75,145
202208,수인선,사리,3704,3026,6730
202208,수인선,소래포구,5086,5124,10210
202208,수인선,송도,1895,1752,3647
202208,수인선,숭의,2821,2430,5251
202208,수인선,신포,1383,1499,2882
202208,수인선,야목,296,207,503
202208,수인선,어천,795,662,1457
202208,수인선,연수,4216,4207,8423
202208,수인선,오목천,2444,2030,4474
202208,수인선,원인재,3566,3667,7233
202208,수인선,월곶,2233,2153,4386
202208,수인선,인천,1357,2026,3383
202208,수인선,인천논현,4410,4607,9017
202208,수인선,인하대,4469,4014,8483
202208,수인선,호구포,2755,2590,5345
202208,신림선,관악산,4119,4276,8395
202208,신림선,당곡,2978,2718,5696
202208,신림선,대방,1849,1332,3181
202208,신림선,보라매,2200,1890,4090
202208,신림선,보라매공원,1239,1320,2559
202208,신림선,보라매병원,2754,2768,5522
202208,신림선,샛강,906,1290,2196
202208,신림선,서울대벤처타운,5800,5180,10980
202208,신림선,서울지방병무청,1950,2033,3983
202208,신림선,서원,2308,1892,4200
202208,신림선,신림,1366,1801,3167
202208,안산선,고잔,6308,6206,12514
202208,안산선,대야미,3863,3448,7311
202208,안산선,반월,3507,3223,6730
202208,안산선,산본,12808,13777,26585
202208,안산선,상록수,12355,12056,24411
202208,안산선,수리산,2959,2387,5346
202208,안산선,신길온천,1540,1400,2940
202208,안산선,안산,9518,9852,19370
202208,안산선,오이도,7527,7620,15147
202208,안산선,정왕,6421,6670,13091
202208,안산선,중앙,15964,16830,32794
202208,안산선,초지,3569,3541,7110
202208,안산선,한대앞,7128,6972,14100
202208,우이신설선,4.19민주묘지,2329,2080,4409
202208,우이신설선,가오리,3115,2915,6030
202208,우이신설선,보문,1134,1113,2247
202208,우이신설선,북한산보국문,4608,3923,8531
202208,우이신설선,북한산우이,3489,3741,7230
202208,우이신설선,삼양,1612,1595,3207
202208,우이신설선,삼양사거리,1978,1906,3884
202208,우이신설선,성신여대입구,2810,3186,5996
202208,우이신설선,솔밭공원,1848,1697,3545
202208,우이신설선,솔샘,3977,3410,7387
202208,우이신설선,신설동,1451,1429,2880
202208,우이신설선,정릉,3640,2942,6582
202208,우이신설선,화계,2533,2294,4827
202208,일산선,대곡,1417,1215,2632
202208,일산선,대화,9939,9020,18959
202208,일산선,마두,5369,5240,10609
202208,일산선,백석,7767,7909,15676
202208,일산선,삼송,14660,13947,28607
202208,일산선,원당,8108,7483,15591
202208,일산선,원흥,7672,7165,14837
202208,일산선,정발산,6871,7603,14474
202208,일산선,주엽,7182,7070,14252
202208,일산선,화정,12915,12964,25879
202208,장항선,배방,1012,949,1961
202208,장항선,봉명,833,736,1569
202208,장항선,신창,1073,889,1962
202208,장항선,쌍용,1673,1494,3167
202208,장항선,아산,3110,3036,6146
202208,장항선,온양온천,3732,3887,7619
202208,장항선,탕정,828,700,1528
202208,중앙선,구리,10131,10351,20482
202208,중앙선,국수,609,590,1199
202208,중앙선,덕소,4529,4372,8901
202208,중앙선,도농,7466,7073,14539
202208,중앙선,도심,1620,1380,3000
202208,중앙선,망우,6718,6680,13398
202208,중앙선,상봉,4815,4763,9578
202208,중앙선,신원,219,198,417
202208,중앙선,아신,642,691,1333
202208,중앙선,양수,2087,2216,4303
202208,중앙선,양원,2015,1827,3842
202208,중앙선,양정,586,501,1087
202208,중앙선,양평,2948,3078,6026
202208,중앙선,오빈,323,344,667
202208,중앙선,용문,4191,4468,8659
202208,중앙선,운길산,973,988,1961
202208,중앙선,원덕,364,397,761
202208,중앙선,중랑,4559,4243,8802
202208,중앙선,지평,78,88,166
202208,중앙선,팔당,1366,1440,2806
202208,중앙선,회기,20099,18800,38899
202208,1호선,동대문,9050,9431,18481
202208,1호선,동묘앞,11536,11576,23112
202208,1호선,서울역,30169,28266,58435
202208,1호선,시청,8921,8392,17313
202208,1호선,신설동,7628,7634,15262
202208,1호선,제기동,10348,10906,21254
202208,1호선,종각,13881,12253,26134
202208,1호선,종로3가,15021,12957,27978
202208,1호선,종로5가,9295,9326,18621
202208,1호선,청량리,12928,12967,25895
202208,2호선,강남,34497,32812,67309
202208,2호선,강변,23945,22471,46416
202208,2호선,건대입구,25694,27327,53021
202208,2호선,교대,10574,11883,22457
202208,2호선,구로디지털단지,24162,23727,47889
202208,2호선,구의,11276,11271,22547
202208,2호선,낙성대,15794,16157,31951
202208,2호선,당산,8326,9290,17616
202208,2호선,대림,15073,15334,30407
202208,2호선,도림천,417,444,861
202208,2호선,동대문역사문화공원,8623,10315,18938
202208,2호선,뚝섬,10348,10729,21077
202208,2호선,문래,8023,8768,16791
202208,2호선,방배,7038,7302,14340
202208,2호선,봉천,12529,12190,24719
202208,2호선,사당,22648,25045,47693
202208,2호선,삼성,22724,21729,44453
202208,2호선,상왕십리,7382,7183,14565
202208,2호선,서울대입구,26106,26564,52670
202208,2호선,서초,12387,11483,23870
202208,2호선,선릉,13797,11802,25599
202208,2호선,성수,16268,18378,34646
202208,2호선,시청,6641,5541,12182
202208,2호선,신답,757,818,1575
202208,2호선,신당,8192,8867,17059
202208,2호선,신대방,15128,14816,29944
202208,2호선,신도림,27180,27690,54870
202208,2호선,신림,35675,34868,70543
202208,2호선,신설동,3032,3004,6036
202208,2호선,신정네거리,5130,5350,10480
202208,2호선,신촌,23358,22883,46241
202208,2호선,아현,5372,5316,10688
202208,2호선,양천구청,3397,3444,6841
202208,2호선,역삼,11138,12302,23440
202208,2호선,영등포구청,8245,8774,17019
202208,2호선,왕십리,9454,8243,17697
202208,2호선,용답,1757,1652,3409
202208,2호선,용두,1167,1226,2393
202208,2호선,을지로3가,9044,8738,17782
202208,2호선,을지로4가,4039,3976,8015
202208,2호선,을지로입구,17369,16945,34314
202208,2호선,이대,7290,7726,15016
202208,2호선,잠실,50567,47420,97987
202208,2호선,잠실나루,5396,5530,10926
202208,2호선,잠실새내,11884,12378,24262
202208,2호선,종합운동장,10997,11729,22726
202208,2호선,충정로,3556,3875,7431
202208,2호선,한양대,2623,2685,5308
202208,2호선,합정,21245,22760,44005
202208,2호선,홍대입구,54305,54083,108388
202208,3호선,가락시장,3849,3901,7750
202208,3호선,경복궁,13114,14994,28108
202208,3호선,경찰병원,2918,3023,5941
202208,3호선,고속터미널,41237,39777,81014
202208,3호선,교대,4484,2718,7202
202208,3호선,구파발,12094,12710,24804
202208,3호선,금호,4119,3864,7983
202208,3호선,남부터미널,14043,14659,28702
202208,3호선,녹번,7108,6527,13635
202208,3호선,대청,4135,4165,8300
202208,3호선,대치,7452,6264,13716
202208,3호선,도곡,1923,2009,3932
202208,3호선,독립문,4150,4381,8531
202208,3호선,동대입구,5502,5960,11462
202208,3호선,매봉,4033,3975,8008
202208,3호선,무악재,1868,1915,3783
202208,3호선,불광,9734,10980,20714
202208,3호선,수서,10690,10741,21431
202208,3호선,신사,13636,13723,27359
202208,3호선,안국,11992,12299,24291
202208,3호선,압구정,14859,15382,30241
202208,3호선,약수,6912,6579,13491
202208,3호선,양재,13614,15666,29280
202208,3호선,연신내,21499,20356,41855
202208,3호선,오금,2925,2851,5776
202208,3호선,옥수,4817,4994,9811
202208,3호선,을지로3가,3628,3371,6999
202208,3호선,일원,3585,3724,7309
202208,3호선,잠원,2227,2233,4460
202208,3호선,종로3가,4160,5358,9518
202208,3호선,지축,2737,2532,5269
202208,3호선,학여울,3281,3596,6877
202208,3호선,홍제,9129,8646,17775
202208,4호선,길음,10776,10351,21127
202208,4호선,남태령,886,616,1502
202208,4호선,노원,11609,12582,24191
202208,4호선,당고개,5938,5632,11570
202208,4호선,동대문,6695,7165,13860
202208,4호선,동대문역사문화공원,9800,8832,18632
202208,4호선,동작,945,1040,1985
202208,4호선,명동,13146,13923,27069
202208,4호선,미아,8193,7563,15756
202208,4호선,미아사거리,15938,15287,31225
202208,4호선,사당,16086,14660,30746
202208,4호선,삼각지,3124,4247,7371
202208,4호선,상계,10169,9585,19754
202208,4호선,서울역,4618,11784,16402
202208,4호선,성신여대입구,12616,12206,24822
202208,4호선,수유,20055,19343,39398
202208,4호선,숙대입구,8321,7833,16154
202208,4호선,신용산,9493,10038,19531
202208,4호선,쌍문,16031,14219,30250
202208,4호선,이촌,7357,7827,15184
202208,4호선,창동,15039,15606,30645
202208,4호선,총신대입구,10260,11199,21459
202208,4호선,충무로,7759,8627,16386
202208,4호선,한성대입구,7584,7636,15220
202208,4호선,혜화,24542,25949,50491
202208,4호선,회현,8541,8598,17139
202208,5호선,강동,9241,9206,18447
202208,5호선,강일,2428,2236,4664
202208,5호선,개롱,3018,3380,6398
202208,5호선,개화산,2687,2737,5424
202208,5호선,거여,4561,4415,8976
202208,5호선,고덕,4477,4562,9039
202208,5호선,공덕,4607,4604,9211
202208,5호선,광나루,8241,7846,16087
202208,5호선,광화문,15841,16129,31970
202208,5호선,군자,6138,6745,12883
202208,5호선,굽은다리,5567,5284,10851
202208,5호선,길동,4179,4106,8285
202208,5호선,김포공항,7169,6857,14026
202208,5호선,까치산,15370,14936,30306
202208,5호선,답십리,7985,7325,15310
202208,5호선,동대문역사문화공원,933,1090,2023
202208,5호선,둔촌동,4597,4542,9139
202208,5호선,마곡,3659,3896,7555
202208,5호선,마장,2797,2547,5344
202208,5호선,마천,3609,3882,7491
202208,5호선,마포,4837,4854,9691
202208,5호선,명일,5026,5250,10276
202208,5호선,목동,7737,7849,15586
202208,5호선,미사,8825,9024,17849
202208,5호선,발산,8390,9284,17674
202208,5호선,방이,3959,3753,7712
202208,5호선,방화,3633,3627,7260
202208,5호선,상일동,6569,6267,12836
202208,5호선,서대문,5984,5962,11946
202208,5호선,송정,3652,3507,7159
202208,5호선,신금호,3005,3192,6197
202208,5호선,신길,2008,2202,4210
202208,5호선,신정,6448,5637,12085
202208,5호선,아차산,9347,9049,18396
202208,5호선,애오개,2720,2673,5393
202208,5호선,양평,2696,2769,5465
202208,5호선,여의나루,10820,12028,22848
202208,5호선,여의도,8718,9266,17984
202208,5호선,영등포구청,1577,1389,2966
202208,5호선,영등포시장,5641,5840,11481
202208,5호선,오금,1582,1507,3089
202208,5호선,오목교,11797,11926,23723
202208,5호선,올림픽공원,3611,3403,7014
202208,5호선,왕십리,2531,3176,5707
202208,5호선,우장산,6987,7002,13989
202208,5호선,을지로4가,1730,1847,3577
202208,5호선,장한평,8044,7930,15974
202208,5호선,종로3가,8856,8379,17235
202208,5호선,천호,13011,12273,25284
202208,5호선,청구,1824,1708,3532
202208,5호선,충정로,1583,1474,3057
202208,5호선,하남검단산,4742,4542,9284
202208,5호선,하남시청,4084,3901,7985
202208,5호선,하남풍산,2386,2347,4733
202208,5호선,행당,4076,3594,7670
202208,5호선,화곡,13973,13186,27159
202208,6호선,고려대,4209,4127,8336
202208,6호선,공덕,6982,6684,13666
202208,6호선,광흥창,4471,4186,8657
202208,6호선,구산,3951,3182,7133
202208,6호선,녹사평,4037,3884,7921
202208,6호선,대흥,3752,3997,7749
202208,6호선,독바위,1598,1868,3466
202208,6호선,돌곶이,5590,5292,10882
202208,6호선,동묘앞,5674,5776,11450
202208,6호선,디지털미디어시티,5602,5998,11600
202208,6호선,마포구청,7239,6541,13780
202208,6호선,망원,9527,10475,20002
202208,6호선,버티고개,1056,1155,2211
202208,6호선,보문,4109,3763,7872
202208,6호선,봉화산,4046,3948,7994
202208,6호선,불광,3081,2734,5815
202208,6호선,삼각지,4317,3059,7376
202208,6호선,상수,6670,7723,14393
202208,6호선,상월곡,3267,2993,6260
202208,6호선,새절,6520,6105,12625
202208,6호선,석계,6530,6796,13326
202208,6호선,신당,4433,5147,9580
202208,6호선,안암,4761,4868,9629
202208,6호선,약수,1761,1762,3523
202208,6호선,역촌,2179,2410,4589
202208,6호선,연신내,1,0,1
202208,6호선,월곡,5484,5389,10873
202208,6호선,월드컵경기장,6700,6824,13524
202208,6호선,응암,9202,9473,18675
202208,6호선,이태원,12556,10407,22963
202208,6호선,증산,5541,5613,11154
202208,6호선,창신,1628,1479,3107
202208,6호선,청구,1710,1693,3403
202208,6호선,태릉입구,3267,3354,6621
202208,6호선,한강진,5750,6796,12546
202208,6호선,합정,9926,9285,19211
202208,6호선,화랑대,5207,4434,9641
202208,6호선,효창공원앞,3580,3261,6841
202208,7호선,가산디지털단지,9707,8865,18572
202208,7호선,강남구청,5667,6200,11867
202208,7호선,건대입구,8089,8277,16366
202208,7호선,고속터미널,12756,8556,21312
202208,7호선,공릉,6301,6351,12652
202208,7호선,광명사거리,12447,12393,24840
202208,7호선,군자,7851,6335,14186
202208,7호선,남구로,6921,6742,13663
202208,7호선,남성,5506,5469,10975
202208,7호선,내방,5154,5483,10637
202208,7호선,노원,11111,11526,22637
202208,7호선,논현,5782,5929,11711
202208,7호선,대림,7440,7061,14501
202208,7호선,도봉산,5200,7508,12708
202208,7호선,뚝섬유원지,8354,7706,16060
202208,7호선,마들,6122,5733,11855
202208,7호선,먹골,5417,5296,10713
202208,7호선,면목,7808,7519,15327
202208,7호선,반포,2924,2916,5840
202208,7호선,보라매,3940,3923,7863
202208,7호선,사가정,8752,8385,17137
202208,7호선,상도,5618,5543,11161
202208,7호선,상봉,9676,8914,18590
202208,7호선,수락산,8833,8689,17522
202208,7호선,숭실대입구,5707,6191,11898
202208,7호선,신대방삼거리,7584,7455,15039
202208,7호선,신풍,6331,5954,12285
202208,7호선,어린이대공원,9028,9041,18069
202208,7호선,온수,3951,4087,8038
202208,7호선,용마산,3144,3333,6477
202208,7호선,이수,8411,7985,16396
202208,7호선,장승배기,4926,4921,9847
202208,7호선,장암,1795,1320,3115
202208,7호선,중계,6692,6233,12925
202208,7호선,중곡,5202,5028,10230
202208,7호선,중화,5334,5235,10569
202208,7호선,천왕,4811,4770,9581
202208,7호선,철산,10664,10530,21194
202208,7호선,청담,7140,7621,14761
202208,7호선,태릉입구,5000,4641,9641
202208,7호선,하계,9043,8625,17668
202208,7호선,학동,6656,6981,13637
202208,8호선,가락시장,3101,3881,6982
202208,8호선,강동구청,4389,4583,8972
202208,8호선,남위례,2531,2692,5223
202208,8호선,남한산성입구,6506,6090,12596
202208,8호선,단대오거리,5399,5365,10764
202208,8호선,모란,2515,2250,4765
202208,8호선,몽촌토성,3264,3225,6489
202208,8호선,문정,5351,5741,11092
202208,8호선,복정,4937,4493,9430
202208,8호선,산성,2951,3067,6018
202208,8호선,석촌,4035,4829,8864
202208,8호선,송파,4315,4339,8654
202208,8호선,수진,3026,2697,5723
202208,8호선,신흥,2702,2871,5573
202208,8호선,암사,8805,8267,17072
202208,8호선,잠실,10700,11888,22588
202208,8호선,장지,8738,8979,17717
202208,8호선,천호,8580,9757,18337
202208,9호선,가양,10971,10961,21932
202208,9호선,개화,1011,959,1970
202208,9호선,고속터미널,10693,14667,25360
202208,9호선,공항시장,1806,2030,3836
202208,9호선,구반포,428,485,913
202208,9호선,국회의사당,5317,5027,10344
202208,9호선,김포공항,7191,10921,18112
202208,9호선,노들,2869,2487,5356
202208,9호선,노량진,14220,14958,29178
202208,9호선,당산,9417,9183,18600
202208,9호선,동작,1151,999,2150
202208,9호선,등촌,5145,5374,10519
202208,9호선,마곡나루,5529,5539,11068
202208,9호선,사평,1714,1736,3450
202208,9호선,샛강,1863,1836,3699
202208,9호선,선유도,2786,2734,5520
202208,9호선,신논현,15233,14452,29685
202208,9호선,신목동,1832,1588,3420
202208,9호선,신반포,2201,2275,4476
202208,9호선,신방화,3534,3504,7038
202208,9호선,양천향교,4079,4224,8303
202208,9호선,여의도,9952,9024,18976
202208,9호선,염창,8741,8576,17317
202208,9호선,증미,2911,3006,5917
202208,9호선,흑석,3816,3970,7786
202208,9호선2~3단계,둔촌오륜,602,593,1195
202208,9호선2~3단계,봉은사,9017,8907,17924
202208,9호선2~3단계,삼성중앙,2167,2311,4478
202208,9호선2~3단계,삼전,3579,3402,6981
202208,9호선2~3단계,석촌,4875,4217,9092
202208,9호선2~3단계,석촌고분,3175,3196,6371
202208,9호선2~3단계,선정릉,3071,3588,6659
202208,9호선2~3단계,송파나루,3048,3362,6410
202208,9호선2~3단계,언주,3692,3700,7392
202208,9호선2~3단계,올림픽공원,5879,6077,11956
202208,9호선2~3단계,종합운동장,2277,2174,4451
202208,9호선2~3단계,중앙보훈병원,3788,3618,7406
202208,9호선2~3단계,한성백제,1537,1309,2846
202208,경강선,경기광주,4059,4008,8067
202208,경강선,곤지암,1618,1624,3242
202208,경강선,부발,1588,2243,3831
202208,경강선,삼동,1117,1050,2167
202208,경강선,세종대왕릉,306,275,581
202208,경강선,신둔도예촌,976,969,1945
202208,경강선,여주,2309,2328,4637
202208,경강선,이매,748,616,1364
202208,경강선,이천,2177,2407,4584
202208,경강선,초월,1691,1674,3365
202208,경강선,판교,2636,2462,5098
202208,경부선,가산디지털단지,4525,6217,10742
202208,경부선,관악,4964,4583,9547
202208,경부선,광명,2829,1941,4770
202208,경부선,구로,9495,9638,19133
202208,경부선,군포,2950,2770,5720
202208,경부선,금정,15290,15745,31035
202208,경부선,금천구청,5838,5884,11722
202208,경부선,남영,4830,5221,10051
202208,경부선,노량진,5524,5050,10574
202208,경부선,당정,3048,3064,6112
202208,경부선,대방,5277,5769,11046
202208,경부선,독산,6162,6232,12394
202208,경부선,두정,4789,5219,10008
202208,경부선,명학,3294,3100,6394
202208,경부선,병점,9341,10132,19473
202208,경부선,서동탄,804,783,1587
202208,경부선,서울역,8762,2118,10880
202208,경부선,서정리,4740,7034,11774
202208,경부선,석수,5001,4823,9824
202208,경부선,성균관대,7899,7983,15882
202208,경부선,성환,2585,3010,5595
202208,경부선,세류,2071,1978,4049
202208,경부선,세마,1760,1679,3439
202208,경부선,송탄,3710,4614,8324
202208,경부선,수원,34140,33330,67470
202208,경부선,신길,4773,4200,8973
202208,경부선,신도림,2266,2324,4590
202208,경부선,안양,13470,13005,26475
202208,경부선,영등포,33635,32949,66584
202208,경부선,오산,7724,8274,15998
202208,경부선,오산대,2164,2096,4260
202208,경부선,용산,36073,33733,69806
202208,경부선,의왕,4107,4262,8369
202208,경부선,직산,604,666,1270
202208,경부선,진위,955,1013,1968
202208,경부선,천안,6453,6282,12735
202208,경부선,평택,11636,12491,24127
202208,경부선,평택지제,2854,2806,5660
202208,경부선,화서,4284,4046,8330
202208,경원선,가능,4003,3757,7760
202208,경원선,광운대,4632,4597,9229
202208,경원선,녹양,2649,2567,5216
202208,경원선,녹천,2527,2190,4717
202208,경원선,덕계,1906,1845,3751
202208,경원선,덕정,3407,3616,7023
202208,경원선,도봉,3442,3232,6674
202208,경원선,도봉산,8343,5994,14337
202208,경원선,동두천,1425,1778,3203
202208,경원선,동두천중앙,2139,2032,4171
202208,경원선,망월사,4657,4754,9411
202208,경원선,방학,5927,5849,11776
202208,경원선,보산,1281,1472,2753
202208,경원선,서빙고,1693,1782,3475
202208,경원선,석계,4897,5259,10156
202208,경원선,소요산,4984,4463,9447
202208,경원선,신이문,4678,4401,9079
202208,경원선,양주,5099,5097,10196
202208,경원선,옥수,43,30,73
202208,경원선,왕십리,10517,11918,22435
202208,경원선,외대앞,4749,4668,9417
202208,경원선,월계,3642,3393,7035
202208,경원선,응봉,1134,1047,2181
202208,경원선,의정부,14032,14041,28073
202208,경원선,이촌,2506,1936,4442
202208,경원선,지행,4491,4530,9021
202208,경원선,청량리,15526,14285,29811
202208,경원선,한남,1966,1917,3883
202208,경원선,회룡,7485,7585,15070
202208,경의선,가좌,3094,3125,6219
202208,경의선,강매,1465,1493,2958
202208,경의선,곡산,355,332,687
202208,경의선,공덕,1849,1481,3330
202208,경의선,금릉,2963,2942,5905
202208,경의선,금촌,4838,5057,9895
202208,경의선,능곡,2241,2152,4393
202208,경의선,디지털미디어시티,1543,1435,2978
202208,경의선,문산,3900,4277,8177
202208,경의선,백마,3517,3477,6994
202208,경의선,서강대,1375,1354,2729
202208,경의선,서울역,1241,1092,2333
202208,경의선,수색,896,1001,1897
202208,경의선,신촌,303,314,617
202208,경의선,야당,5185,4961,10146
202208,경의선,운정,3632,3532,7164
202208,경의선,월롱,1075,2126,3201
202208,경의선,일산,4827,4601,9428
202208,경의선,임진강,122,106,228
202208,경의선,탄현,4279,4000,8279
202208,경의선,파주,648,602,1250
202208,경의선,풍산,3585,3383,6968
202208,경의선,행신,4757,4396,9153
202208,경의선,홍대입구,1719,2289,4008
202208,경의선,화전,742,796,1538
202208,경의선,효창공원앞,1359,1594,2953
202208,경인선,간석,3128,2957,6085
202208,경인선,개봉,11519,11453,22972
202208,경인선,구일,6343,6419,12762
202208,경인선,도원,1728,1748,3476
202208,경인선,도화,2272,2163,4435
202208,경인선,동암,9976,9970,19946
202208,경인선,동인천,9631,9410,19041
202208,경인선,백운,3926,3894,7820
202208,경인선,부개,4837,4570,9407
202208,경인선,부천,22069,21047,43116
202208,경인선,부평,21978,22222,44200
202208,경인선,소사,5022,4927,9949
202208,경인선,송내,13654,13314,26968
202208,경인선,역곡,14110,14005,28115
202208,경인선,오류동,7036,6579,13615
202208,경인선,온수,3724,3419,7143
202208,경인선,인천,4438,3743,8181
202208,경인선,제물포,5426,5226,10652
202208,경인선,주안,11961,10652,22613
202208,경인선,중동,4835,4558,9393
202208,경춘선,가평,3851,2647,6498
202208,경춘선,갈매,1453,1226,2679
202208,경춘선,강촌,981,548,1529
202208,경춘선,굴봉산,348,204,552
202208,경춘선,금곡,925,932,1857
202208,경춘선,김유정,506,482,988
202208,경춘선,남춘천,2584,2564,5148
202208,경춘선,대성리,1371,815,2186
202208,경춘선,마석,2569,2582,5151
202208,경춘선,백양리,223,115,338
202208,경춘선,별내,1828,1727,3555
202208,경춘선,사릉,1294,1315,2609
202208,경춘선,상천,630,491,1121
202208,경춘선,신내,1017,1034,2051
202208,경춘선,천마산,1118,1083,2201
202208,경춘선,청평,2512,1772,4284
202208,경춘선,춘천,2002,1430,3432
202208,경춘선,퇴계원,2103,1939,4042
202208,경춘선,평내호평,3475,3409,6884
202208,공항철도 1호선,검암,3557,3721,7278
202208,공항철도 1호선,계양,5910,5644,11554
202208,공항철도 1호선,공덕,1427,1746,3173
202208,공항철도 1호선,공항화물청사,1058,1094,2152
202208,공항철도 1호선,김포공항,11016,5455,16471
202208,공항철도 1호선,디지털미디어시티,3671,3654,7325
202208,공항철도 1호선,마곡나루,2270,2545,4815
202208,공항철도 1호선,서울역,9253,8273,17526
202208,공항철도 1호선,영종,2782,2759,5541
202208,공항철도 1호선,운서,6085,6824,12909
202208,공항철도 1호선,인천공항1터미널,9188,8261,17449
202208,공항철도 1호선,인천공항2터미널,3786,3222,7008
202208,공항철도 1호선,청라국제도시,3433,3472,6905
202208,공항철도 1호선,홍대입구,11529,10961,22490
202208,과천선,경마공원,15506,15831,31337
202208,과천선,과천,3946,3691,7637
202208,과천선,대공원,4970,5088,10058
202208,과천선,범계,15247,14975,30222
202208,과천선,선바위,4079,3808,7887
202208,과천선,인덕원,12306,12549,24855
202208,과천선,정부과천청사,4872,4885,9757
202208,과천선,평촌,6429,6180,12609
202208,분당선,가천대,3645,4148,7793
202208,분당선,강남구청,3181,3732,6913
202208,분당선,개포동,2193,2249,4442
202208,분당선,구룡,820,976,1796
202208,분당선,구성,2413,2625,5038
202208,분당선,기흥,5194,5063,10257
202208,분당선,대모산입구,2187,2154,4341
202208,분당선,도곡,2893,2780,5673
202208,분당선,망포,6405,6702,13107
202208,분당선,매교,1721,1664,3385
202208,분당선,매탄권선,2680,2590,5270
202208,분당선,모란,11250,11566,22816
202208,분당선,미금,7466,7960,15426
202208,분당선,보정,1141,1085,2226
202208,분당선,상갈,2955,3147,6102
202208,분당선,서울숲,6554,6582,13136
202208,분당선,서현,14803,14979,29782
202208,분당선,선릉,2956,4378,7334
202208,분당선,선정릉,2070,2074,4144
202208,분당선,수내,6277,5989,12266
202208,분당선,수서,8714,8538,17252
202208,분당선,수원,6277,5128,11405
202208,분당선,수원시청,7867,7493,15360
202208,분당선,신갈,2016,2154,4170
202208,분당선,압구정로데오,10855,11989,22844
202208,분당선,야탑,13423,13903,27326
202208,분당선,영통,5109,4946,10055
202208,분당선,오리,5193,4453,9646
202208,분당선,이매,3569,3699,7268
202208,분당선,정자,7776,7994,15770
202208,분당선,죽전,7680,8785,16465
202208,분당선,청명,2034,2153,4187
202208,분당선,태평,8023,7465,15488
202208,분당선,한티,10253,9843,20096
202208,수인선,고색,1784,1803,3587
202208,수인선,남동인더스파크,602,606,1208
202208,수인선,달월,51,43,94
202208,수인선,사리,2701,2307,5008
202208,수인선,소래포구,4378,4155,8533
202208,수인선,송도,1421,1431,2852
202208,수인선,숭의,1907,1748,3655
202208,수인선,신포,1190,1090,2280
202208,수인선,야목,188,147,335
202208,수인선,어천,600,710,1310
202208,수인선,연수,3253,3251,6504
202208,수인선,오목천,1599,1525,3124
202208,수인선,원인재,2710,2863,5573
202208,수인선,월곶,1762,1704,3466
202208,수인선,인천,1188,1741,2929
202208,수인선,인천논현,3003,3110,6113
202208,수인선,인하대,3138,3094,6232
202208,수인선,호구포,2134,2151,4285
202208,신림선,관악산,4815,5058,9873
202208,신림선,당곡,2306,2219,4525
202208,신림선,대방,1383,1058,2441
202208,신림선,보라매,1507,1552,3059
202208,신림선,보라매공원,1121,1205,2326
202208,신림선,보라매병원,1993,2065,4058
202208,신림선,샛강,760,1038,1798
202208,신림선,서울대벤처타운,4579,4387,8966
202208,신림선,서울지방병무청,1314,1530,2844
202208,신림선,서원,1828,1628,3456
202208,신림선,신림,1052,1643,2695
202208,안산선,고잔,4687,4502,9189
202208,안산선,대야미,3009,2780,5789
202208,안산선,반월,2588,2655,5243
202208,안산선,산본,9177,9857,19034
202208,안산선,상록수,9382,9333,18715
202208,안산선,수리산,2176,1986,4162
202208,안산선,신길온천,1248,1184,2432
202208,안산선,안산,10177,9340,19517
202208,안산선,오이도,6008,6006,12014
202208,안산선,정왕,5531,5851,11382
202208,안산선,중앙,11857,11971,23828
202208,안산선,초지,2547,2443,4990
202208,안산선,한대앞,5393,5155,10548
202208,우이신설선,4.19민주묘지,2001,1696,3697
202208,우이신설선,가오리,2357,2267,4624
202208,우이신설선,보문,1002,986,1988
202208,우이신설선,북한산보국문,3744,3367,7111
202208,우이신설선,북한산우이,3675,3865,7540
202208,우이신설선,삼양,1264,1291,2555
202208,우이신설선,삼양사거리,1460,1437,2897
202208,우이신설선,성신여대입구,2240,2467,4707
202208,우이신설선,솔밭공원,1429,1387,2816
202208,우이신설선,솔샘,2891,2758,5649
202208,우이신설선,신설동,1232,1190,2422
202208,우이신설선,정릉,2894,2278,5172
202208,우이신설선,화계,2238,1984,4222
202208,일산선,대곡,996,926,1922
202208,일산선,대화,7623,7166,14789
202208,일산선,마두,3497,3367,6864
202208,일산선,백석,5406,5520,10926
202208,일산선,삼송,11157,11002,22159
202208,일산선,원당,5933,5758,11691
202208,일산선,원흥,5571,5453,11024
202208,일산선,정발산,5819,5910,11729
202208,일산선,주엽,4941,4815,9756
202208,일산선,화정,9510,9694,19204
202208,장항선,배방,877,1056,1933
202208,장항선,봉명,572,598,1170
202208,장항선,신창,918,983,1901
202208,장항선,쌍용,1290,1250,2540
202208,장항선,아산,3406,2267,5673
202208,장항선,온양온천,3517,3587,7104
202208,장항선,탕정,584,627,1211
202208,중앙선,구리,7595,7656,15251
202208,중앙선,국수,571,491,1062
202208,중앙선,덕소,3508,3536,7044
202208,중앙선,도농,5397,5305,10702
202208,중앙선,도심,1244,1119,2363
202208,중앙선,망우,5135,5199,10334
202208,중앙선,상봉,3675,4004,7679
202208,중앙선,신원,270,170,440
202208,중앙선,아신,598,533,1131
202208,중앙선,양수,1917,1802,3719
202208,중앙선,양원,1436,1436,2872
202208,중앙선,양정,496,399,895
202208,중앙선,양평,2520,2291,4811
202208,중앙선,오빈,279,219,498
202208,중앙선,용문,2543,2130,4673
202208,중앙선,운길산,915,851,1766
202208,중앙선,원덕,360,317,677
202208,중앙선,중랑,3472,3289,6761
202208,중앙선,지평,58,55,113
202208,중앙선,팔당,1189,1255,2444
202208,중앙선,회기,16112,15918,32030
202208,1호선,동대문,10694,10415,21109
202208,1호선,동묘앞,12403,12783,25186
202208,1호선,서울역,39242,38664,77906
202208,1호선,시청,14422,14671,29093
202208,1호선,신설동,10167,9701,19868
202208,1호선,제기동,18062,18818,36880
202208,1호선,종각,23050,21733,44783
202208,1호선,종로3가,25944,24527,50471
202208,1호선,종로5가,20780,21550,42330
202208,1호선,청량리,20007,20362,40369
202208,2호선,강남,60106,60754,120860
202208,2호선,강변,31424,32251,63675
202208,2호선,건대입구,36095,39980,76075
202208,2호선,교대,18731,21873,40604
202208,2호선,구로디지털단지,36166,35326,71492
202208,2호선,구의,17344,16489,33833
202208,2호선,낙성대,22760,20961,43721
202208,2호선,당산,14169,15227,29396
202208,2호선,대림,18781,19790,38571
202208,2호선,도림천,818,806,1624
202208,2호선,동대문역사문화공원,11198,12788,23986
202208,2호선,뚝섬,16550,17156,33706
202208,2호선,문래,13735,14845,28580
202208,2호선,방배,10210,10477,20687
202208,2호선,봉천,18439,16542,34981
202208,2호선,사당,33964,37920,71884
202208,2호선,삼성,36515,35860,72375
202208,2호선,상왕십리,10340,9648,19988
202208,2호선,서울대입구,39403,37244,76647
202208,2호선,서초,12867,11049,23916
202208,2호선,선릉,26842,23248,50090
202208,2호선,성수,22442,27029,49471
202208,2호선,시청,11196,9984,21180
202208,2호선,신답,1133,1195,2328
202208,2호선,신당,11799,12260,24059
202208,2호선,신대방,20814,19310,40124
202208,2호선,신도림,42254,43313,85567
202208,2호선,신림,49447,46546,95993
202208,2호선,신설동,3662,3488,7150
202208,2호선,신정네거리,8197,7983,16180
202208,2호선,신촌,32583,33368,65951
202208,2호선,아현,8140,7549,15689
202208,2호선,양천구청,4643,4553,9196
202208,2호선,역삼,18247,20585,38832
202208,2호선,영등포구청,13116,14069,27185
202208,2호선,왕십리,13959,12070,26029
202208,2호선,용답,2347,2086,4433
202208,2호선,용두,2027,1909,3936
202208,2호선,을지로3가,12460,12398,24858
202208,2호선,을지로4가,8644,9031,17675
202208,2호선,을지로입구,25192,25200,50392
202208,2호선,이대,11417,11739,23156
202208,2호선,잠실,72115,69331,141446
202208,2호선,잠실나루,8251,8036,16287
202208,2호선,잠실새내,18416,19258,37674
202208,2호선,종합운동장,17598,19066,36664
202208,2호선,충정로,6237,6655,12892
202208,2호선,한양대,5368,5430,10798
202208,2호선,합정,30880,35801,66681
202208,2호선,홍대입구,72314,82372,154686
202208,3호선,가락시장,6946,6706,13652
202208,3호선,경복궁,19009,21848,40857
202208,3호선,경찰병원,4132,3960,8092
202208,3호선,고속터미널,70736,61116,131852
202208,3호선,교대,8226,5139,13365
202208,3호선,구파발,16729,17179,33908
202208,3호선,금호,6245,5621,11866
202208,3호선,남부터미널,23346,23031,46377
202208,3호선,녹번,11256,9500,20756
202208,3호선,대청,6398,5811,12209
202208,3호선,대치,11809,10424,22233
202208,3호선,도곡,3996,4293,8289
202208,3호선,독립문,6332,6729,13061
202208,3호선,동대입구,9343,10878,20221
202208,3호선,매봉,6604,6283,12887
202208,3호선,무악재,2974,2969,5943
202208,3호선,불광,13510,15281,28791
202208,3호선,수서,14697,14688,29385
202208,3호선,신사,25055,27196,52251
202208,3호선,안국,19386,21461,40847
202208,3호선,압구정,26743,28827,55570
202208,3호선,약수,9672,9224,18896
202208,3호선,양재,21823,24008,45831
202208,3호선,연신내,30759,28377,59136
202208,3호선,오금,3881,3589,7470
202208,3호선,옥수,7707,7574,15281
202208,3호선,을지로3가,5821,6282,12103
202208,3호선,일원,5990,5765,11755
202208,3호선,잠원,4127,3696,7823
202208,3호선,종로3가,6448,9584,16032
202208,3호선,지축,3984,3604,7588
202208,3호선,충무로,1,0,1
202208,3호선,학여울,4729,5239,9968
202208,3호선,홍제,14054,13244,27298
202208,4호선,길음,16296,15054,31350
202208,4호선,남태령,1564,865,2429
202208,4호선,노원,16663,18687,35350
202208,4호선,당고개,7884,7088,14972
202208,4호선,동대문,14750,14962,29712
202208,4호선,동대문역사문화공원,12884,11378,24262
202208,4호선,동작,2282,2269,4551
202208,4호선,명동,18150,20821,38971
202208,4호선,미아,11451,10450,21901
202208,4호선,미아사거리,23765,22378,46143
202208,4호선,사당,23489,20887,44376
202208,4호선,삼각지,4441,5964,10405
202208,4호선,상계,14967,13650,28617
202208,4호선,서울역,6670,16355,23025
202208,4호선,성신여대입구,17366,16391,33757
202208,4호선,수유,28035,27446,55481
202208,4호선,숙대입구,10428,10144,20572
202208,4호선,신용산,12812,14032,26844
202208,4호선,쌍문,22746,19754,42500
202208,4호선,이촌,11518,12725,24243
202208,4호선,창동,21316,22393,43709
202208,4호선,총신대입구,15384,16770,32154
202208,4호선,충무로,14067,16395,30462
202208,4호선,한성대입구,11096,10742,21838
202208,4호선,혜화,32921,35051,67972
202208,4호선,회현,19310,20142,39452
202208,5호선,강동,14377,13550,27927
202208,5호선,강일,3595,3187,6782
202208,5호선,개롱,4434,4599,9033
202208,5호선,개화산,3935,3762,7697
202208,5호선,거여,6847,6219,13066
202208,5호선,고덕,6980,6741,13721
202208,5호선,공덕,7919,8328,16247
202208,5호선,광나루,12306,12047,24353
202208,5호선,광화문,21550,22419,43969
202208,5호선,군자,8799,9926,18725
202208,5호선,굽은다리,7521,6919,14440
202208,5호선,길동,6306,6342,12648
202208,5호선,김포공항,7991,7951,15942
202208,5호선,까치산,22612,21022,43634
202208,5호선,답십리,11515,10139,21654
202208,5호선,동대문역사문화공원,1191,1654,2845
202208,5호선,둔촌동,6094,6074,12168
202208,5호선,마곡,5977,6159,12136
202208,5호선,마장,4313,4039,8352
202208,5호선,마천,5168,5124,10292
202208,5호선,마포,8075,8133,16208
202208,5호선,명일,6533,6364,12897
202208,5호선,목동,12316,12226,24542
202208,5호선,미사,13411,13259,26670
202208,5호선,발산,14028,15281,29309
202208,5호선,방이,5520,5357,10877
202208,5호선,방화,5080,4825,9905
202208,5호선,상일동,10089,9190,19279
202208,5호선,서대문,8105,7883,15988
202208,5호선,송정,5431,4941,10372
202208,5호선,신금호,4388,4604,8992
202208,5호선,신길,3063,3097,6160
202208,5호선,신정,9611,8070,17681
202208,5호선,아차산,13723,12617,26340
202208,5호선,애오개,3942,3824,7766
202208,5호선,양평,4054,3641,7695
202208,5호선,여의나루,23694,24663,48357
202208,5호선,여의도,12905,14642,27547
202208,5호선,영등포구청,2276,2102,4378
202208,5호선,영등포시장,9146,9442,18588
202208,5호선,오금,2118,1860,3978
202208,5호선,오목교,17189,17879,35068
202208,5호선,올림픽공원,4101,3855,7956
202208,5호선,왕십리,3456,4511,7967
202208,5호선,우장산,10778,10367,21145
202208,5호선,을지로4가,3905,4429,8334
202208,5호선,장한평,12618,12193,24811
202208,5호선,종로3가,14296,15078,29374
202208,5호선,천호,18159,17538,35697
202208,5호선,청구,2741,2447,5188
202208,5호선,충정로,2061,1816,3877
202208,5호선,하남검단산,6127,5936,12063
202208,5호선,하남시청,6177,5739,11916
202208,5호선,하남풍산,2960,2956,5916
202208,5호선,행당,6091,5127,11218
202208,5호선,화곡,21827,19481,41308
202208,6호선,고려대,5818,5446,11264
202208,6호선,공덕,10927,10601,21528
202208,6호선,광흥창,5649,5216,10865
202208,6호선,구산,5954,4285,10239
202208,6호선,녹사평,6458,7984,14442
202208,6호선,대흥,5958,5987,11945
202208,6호선,독바위,2128,2378,4506
202208,6호선,돌곶이,6758,6006,12764
202208,6호선,동묘앞,8170,7921,16091
202208,6호선,디지털미디어시티,8441,8526,16967
202208,6호선,마포구청,10558,8991,19549
202208,6호선,망원,14749,16164,30913
202208,6호선,버티고개,1538,1646,3184
202208,6호선,보문,5687,4977,10664
202208,6호선,봉화산,5870,5519,11389
202208,6호선,불광,3880,3713,7593
202208,6호선,삼각지,6758,4814,11572
202208,6호선,상수,9330,12116,21446
202208,6호선,상월곡,4348,3805,8153
202208,6호선,새절,9013,8249,17262
202208,6호선,석계,9257,9047,18304
202208,6호선,신내,1,0,1
202208,6호선,신당,6096,5831,11927
202208,6호선,안암,7288,7179,14467
202208,6호선,약수,2589,2639,5228
202208,6호선,역촌,3030,3188,6218
202208,6호선,월곡,8089,7610,15699
202208,6호선,월드컵경기장,6073,6074,12147
202208,6호선,응암,12972,12752,25724
202208,6호선,이태원,17334,22659,39993
202208,6호선,증산,7665,7396,15061
202208,6호선,창신,2345,1921,4266
202208,6호선,청구,2708,2580,5288
202208,6호선,태릉입구,4584,4881,9465
202208,6호선,한강진,8755,11592,20347
202208,6호선,합정,13950,12973,26923
202208,6호선,화랑대,7860,6299,14159
202208,6호선,효창공원앞,4966,4413,9379
202208,7호선,가산디지털단지,14613,13100,27713
202208,7호선,강남구청,10757,12076,22833
202208,7호선,건대입구,11778,13190,24968
202208,7호선,고속터미널,17596,13565,31161
202208,7호선,공릉,9084,8758,17842
202208,7호선,광명사거리,17584,17504,35088
202208,7호선,군자,11821,8637,20458
202208,7호선,까치울,1,0,1
202208,7호선,남구로,8589,9066,17655
202208,7호선,남성,8250,7434,15684
202208,7호선,내방,8354,8166,16520
202208,7호선,노원,16614,17406,34020
202208,7호선,논현,10876,11748,22624
202208,7호선,대림,7438,8193,15631
202208,7호선,도봉산,7244,9566,16810
202208,7호선,뚝섬유원지,15908,15012,30920
202208,7호선,마들,9920,9024,18944
202208,7호선,먹골,8139,7736,15875
202208,7호선,면목,11740,11021,22761
202208,7호선,반포,5517,5908,11425
202208,7호선,보라매,5760,5470,11230
202208,7호선,부평구청,1,0,1
202208,7호선,사가정,12918,12148,25066
202208,7호선,상도,8340,7618,15958
202208,7호선,상봉,14414,13958,28372
202208,7호선,수락산,10955,10668,21623
202208,7호선,숭실대입구,8529,8498,17027
202208,7호선,신대방삼거리,11458,10523,21981
202208,7호선,신풍,8569,8043,16612
202208,7호선,어린이대공원,13750,13431,27181
202208,7호선,온수,5896,5893,11789
202208,7호선,용마산,5015,4919,9934
202208,7호선,이수,12663,12305,24968
202208,7호선,장승배기,6949,6536,13485
202208,7호선,장암,1904,1325,3229
202208,7호선,중계,10007,8886,18893
202208,7호선,중곡,7307,6722,14029
202208,7호선,중화,8074,7509,15583
202208,7호선,천왕,7350,6937,14287
202208,7호선,철산,16799,16651,33450
202208,7호선,청담,12135,13287,25422
202208,7호선,태릉입구,7220,6820,14040
202208,7호선,하계,13031,11941,24972
202208,7호선,학동,12024,12656,24680
202208,8호선,가락시장,5789,5973,11762
202208,8호선,강동구청,6702,6548,13250
202208,8호선,남위례,4138,4161,8299
202208,8호선,남한산성입구,9794,8394,18188
202208,8호선,단대오거리,8202,7535,15737
202208,8호선,모란,3856,3454,7310
202208,8호선,몽촌토성,5094,5091,10185
202208,8호선,문정,9123,9188,18311
202208,8호선,복정,6602,5607,12209
202208,8호선,산성,4454,4487,8941
202208,8호선,석촌,5936,7494,13430
202208,8호선,송파,6253,5812,12065
202208,8호선,수진,4464,3904,8368
202208,8호선,신흥,3655,3803,7458
202208,8호선,암사,13355,11806,25161
202208,8호선,잠실,14176,16577,30753
202208,8호선,장지,12666,11330,23996
202208,8호선,천호,12239,14659,26898
202208,9호선,가양,16554,15973,32527
202208,9호선,개화,1648,1317,2965
202208,9호선,고속터미널,24784,32235,57019
202208,9호선,공항시장,2388,2506,4894
202208,9호선,구반포,1211,1215,2426
202208,9호선,국회의사당,4909,5167,10076
202208,9호선,김포공항,8175,12379,20554
202208,9호선,노들,4387,3727,8114
202208,9호선,노량진,22855,22681,45536
202208,9호선,당산,14854,14246,29100
202208,9호선,동작,1769,1533,3302
202208,9호선,등촌,7787,7211,14998
202208,9호선,마곡나루,8705,8519,17224
202208,9호선,사평,2969,2511,5480
202208,9호선,샛강,3352,3231,6583
202208,9호선,선유도,4559,4020,8579
202208,9호선,신논현,27897,28278,56175
202208,9호선,신목동,2807,2335,5142
202208,9호선,신반포,7460,9800,17260
202208,9호선,신방화,5021,4696,9717
202208,9호선,양천향교,6152,5745,11897
202208,9호선,여의도,14460,14231,28691
202208,9호선,염창,13180,11915,25095
202208,9호선,증미,4459,4095,8554
202208,9호선,흑석,6391,6383,12774
202208,9호선2~3단계,둔촌오륜,627,640,1267
202208,9호선2~3단계,봉은사,17056,18456,35512
202208,9호선2~3단계,삼성중앙,3492,3493,6985
202208,9호선2~3단계,삼전,5498,4898,10396
202208,9호선2~3단계,석촌,7570,6299,13869
202208,9호선2~3단계,석촌고분,4621,4477,9098
202208,9호선2~3단계,선정릉,5296,6123,11419
202208,9호선2~3단계,송파나루,4268,4790,9058
202208,9호선2~3단계,언주,6856,6799,13655
202208,9호선2~3단계,올림픽공원,7791,7451,15242
202208,9호선2~3단계,종합운동장,3927,3866,7793
202208,9호선2~3단계,중앙보훈병원,5521,4950,10471
202208,9호선2~3단계,한성백제,2206,2007,4213
202208,경강선,경기광주,6186,5667,11853
202208,경강선,곤지암,2235,2305,4540
202208,경강선,부발,2288,2022,4310
202208,경강선,삼동,1785,1547,3332
202208,경강선,세종대왕릉,421,415,836
202208,경강선,신둔도예촌,1395,1357,2752
202208,경강선,여주,2706,3015,5721
202208,경강선,이매,979,742,1721
202208,경강선,이천,3210,3247,6457
202208,경강선,초월,2526,2308,4834
202208,경강선,판교,3323,3344,6667
202208,경부선,가산디지털단지,6583,8611,15194
202208,경부선,관악,6848,6535,13383
202208,경부선,광명,3404,2907,6311
202208,경부선,구로,13258,14028,27286
202208,경부선,군포,4493,4180,8673
202208,경부선,금정,20973,20725,41698
202208,경부선,금천구청,8961,8746,17707
202208,경부선,남영,6649,6931,13580
202208,경부선,노량진,9033,8116,17149
202208,경부선,당정,4281,4048,8329
202208,경부선,대방,7336,7798,15134
202208,경부선,독산,9684,9077,18761
202208,경부선,두정,6145,6279,12424
202208,경부선,명학,4956,4502,9458
202208,경부선,병점,13043,12832,25875
202208,경부선,서동탄,1107,1095,2202
202208,경부선,서울역,10255,2579,12834
202208,경부선,서정리,8343,6463,14806
202208,경부선,석수,7153,6615,13768
202208,경부선,성균관대,11480,11600,23080
202208,경부선,성환,3323,3020,6343
202208,경부선,세류,2681,2637,5318
202208,경부선,세마,2507,2189,4696
202208,경부선,송탄,5574,4947,10521
202208,경부선,수원,40368,43999,84367
202208,경부선,신길,6380,5385,11765
202208,경부선,신도림,3150,3498,6648
202208,경부선,안양,19130,19178,38308
202208,경부선,영등포,43077,45567,88644
202208,경부선,오산,9990,9221,19211
202208,경부선,오산대,3208,2874,6082
202208,경부선,용산,41877,44326,86203
202208,경부선,의왕,6386,6091,12477
202208,경부선,직산,838,758,1596
202208,경부선,진위,1232,1062,2294
202208,경부선,천안,7255,7484,14739
202208,경부선,평택,14771,14103,28874
202208,경부선,평택지제,3983,3662,7645
202208,경부선,화서,6105,5923,12028
202208,경원선,가능,5689,5252,10941
202208,경원선,광운대,5744,5629,11373
202208,경원선,녹양,3918,3647,7565
202208,경원선,녹천,3420,2825,6245
202208,경원선,덕계,2836,2570,5406
202208,경원선,덕정,5164,4571,9735
202208,경원선,도봉,4835,4519,9354
202208,경원선,도봉산,9552,6739,16291
202208,경원선,동두천,1818,2267,4085
202208,경원선,동두천중앙,2859,2776,5635
202208,경원선,망월사,6371,6366,12737
202208,경원선,방학,8197,7783,15980
202208,경원선,보산,1843,1818,3661
202208,경원선,서빙고,2722,2286,5008
202208,경원선,석계,7183,7336,14519
202208,경원선,소요산,5239,4489,9728
202208,경원선,신이문,6722,6066,12788
202208,경원선,양주,7198,6695,13893
202208,경원선,옥수,53,38,91
202208,경원선,왕십리,13799,15854,29653
202208,경원선,외대앞,6724,6278,13002
202208,경원선,월계,5016,4579,9595
202208,경원선,응봉,1662,1456,3118
202208,경원선,의정부,18681,20048,38729
202208,경원선,이촌,3967,2658,6625
202208,경원선,지행,6366,6159,12525
202208,경원선,청량리,19213,20056,39269
202208,경원선,한남,2983,2967,5950
202208,경원선,회룡,10633,10545,21178
202208,경의선,가좌,4541,4254,8795
202208,경의선,강매,2269,2000,4269
202208,경의선,곡산,513,483,996
202208,경의선,공덕,3247,2420,5667
202208,경의선,금릉,4270,4090,8360
202208,경의선,금촌,6221,5688,11909
202208,경의선,능곡,3221,3165,6386
202208,경의선,디지털미디어시티,2337,1987,4324
202208,경의선,문산,5685,5248,10933
202208,경의선,백마,5027,4610,9637
202208,경의선,서강대,1780,1746,3526
202208,경의선,서울역,1504,1785,3289
202208,경의선,수색,1862,1830,3692
202208,경의선,신촌,409,462,871
202208,경의선,야당,7202,7387,14589
202208,경의선,운정,5537,4858,10395
202208,경의선,월롱,1908,1682,3590
202208,경의선,일산,6980,6450,13430
202208,경의선,임진강,99,72,171
202208,경의선,탄현,5958,5480,11438
202208,경의선,파주,1007,732,1739
202208,경의선,풍산,4791,4449,9240
202208,경의선,행신,6086,6111,12197
202208,경의선,홍대입구,2349,3141,5490
202208,경의선,화전,1266,1238,2504
202208,경의선,효창공원앞,1975,2296,4271
202208,경인선,간석,4745,4458,9203
202208,경인선,개봉,17573,16706,34279
202208,경인선,구일,5187,4743,9930
202208,경인선,도원,4942,5003,9945
202208,경인선,도화,3528,3242,6770
202208,경인선,동암,14074,14249,28323
202208,경인선,동인천,12845,12942,25787
202208,경인선,백운,7078,6772,13850
202208,경인선,부개,6892,6287,13179
202208,경인선,부천,30620,31111,61731
202208,경인선,부평,30370,33914,64284
202208,경인선,소사,7728,7559,15287
202208,경인선,송내,19607,19163,38770
202208,경인선,역곡,21577,21274,42851
202208,경인선,오류동,9591,8568,18159
202208,경인선,온수,5453,4835,10288
202208,경인선,인천,5846,5154,11000
202208,경인선,제물포,8191,7641,15832
202208,경인선,주안,17412,15255,32667
202208,경인선,중동,7316,6746,14062
202208,경춘선,가평,5286,7075,12361
202208,경춘선,갈매,2190,1877,4067
202208,경춘선,강촌,752,892,1644
202208,경춘선,굴봉산,182,231,413
202208,경춘선,금곡,1315,1154,2469
202208,경춘선,김유정,507,591,1098
202208,경춘선,남춘천,3913,4223,8136
202208,경춘선,대성리,1899,1737,3636
202208,경춘선,마석,4042,3833,7875
202208,경춘선,백양리,127,134,261
202208,경춘선,별내,2541,2334,4875
202208,경춘선,사릉,1914,1841,3755
202208,경춘선,상천,519,530,1049
202208,경춘선,신내,1526,1440,2966
202208,경춘선,천마산,1565,1460,3025
202208,경춘선,청평,2552,3019,5571
202208,경춘선,춘천,2440,2180,4620
202208,경춘선,퇴계원,2818,2536,5354
202208,경춘선,평내호평,5634,5283,10917
202208,공항철도 1호선,검암,5024,5155,10179
202208,공항철도 1호선,계양,8562,7826,16388
202208,공항철도 1호선,공덕,1893,3007,4900
202208,공항철도 1호선,공항화물청사,1348,1376,2724
202208,공항철도 1호선,김포공항,11995,6229,18224
202208,공항철도 1호선,디지털미디어시티,7331,6719,14050
202208,공항철도 1호선,마곡나루,3850,3946,7796
202208,공항철도 1호선,서울역,10533,10011,20544
202208,공항철도 1호선,영종,3661,3685,7346
202208,공항철도 1호선,운서,7595,7861,15456
202208,공항철도 1호선,인천공항1터미널,8822,8316,17138
202208,공항철도 1호선,인천공항2터미널,3523,3026,6549
202208,공항철도 1호선,청라국제도시,5035,4718,9753
202208,공항철도 1호선,홍대입구,14782,15346,30128
202208,과천선,경마공원,13654,13793,27447
202208,과천선,과천,5377,4824,10201
202208,과천선,대공원,9643,10390,20033
202208,과천선,범계,22318,21640,43958
202208,과천선,선바위,5955,5176,11131
202208,과천선,인덕원,18144,17770,35914
202208,과천선,정부과천청사,7013,6847,13860
202208,과천선,평촌,10555,10084,20639
202208,분당선,가천대,5839,6121,11960
202208,분당선,강남구청,5659,6841,12500
202208,분당선,개포동,2956,2889,5845
202208,분당선,구룡,1512,1321,2833
202208,분당선,구성,3667,3667,7334
202208,분당선,기흥,7510,6934,14444
202208,분당선,대모산입구,3784,3453,7237
202208,분당선,도곡,5988,5061,11049
202208,분당선,망포,10178,9018,19196
202208,분당선,매교,2667,2673,5340
202208,분당선,매탄권선,3889,3514,7403
202208,분당선,모란,16573,17063,33636
202208,분당선,미금,11274,11799,23073
202208,분당선,보정,1765,1649,3414
202208,분당선,상갈,4122,4045,8167
202208,분당선,서울숲,11352,11884,23236
202208,분당선,서현,20102,20590,40692
202208,분당선,선릉,5825,9007,14832
202208,분당선,선정릉,3649,3636,7285
202208,분당선,수내,9864,9249,19113
202208,분당선,수서,11560,11623,23183
202208,분당선,수원,8066,6759,14825
202208,분당선,수원시청,11842,13747,25589
202208,분당선,신갈,2957,2922,5879
202208,분당선,압구정로데오,19669,23824,43493
202208,분당선,야탑,19187,19813,39000
202208,분당선,영통,7535,7442,14977
202208,분당선,오리,8205,6653,14858
202208,분당선,이매,4595,4362,8957
202208,분당선,정자,11529,12079,23608
202208,분당선,죽전,10372,11636,22008
202208,분당선,청명,3181,3215,6396
202208,분당선,태평,11596,10895,22491
202208,분당선,한티,14270,13752,28022
202208,수인선,고색,2769,2735,5504
202208,수인선,남동인더스파크,1095,984,2079
202208,수인선,달월,84,78,162
202208,수인선,사리,4032,3260,7292
202208,수인선,소래포구,6784,6821,13605
202208,수인선,송도,2161,2102,4263
202208,수인선,숭의,3180,2962,6142
202208,수인선,신포,1714,1735,3449
202208,수인선,야목,293,215,508
202208,수인선,어천,850,758,1608
202208,수인선,연수,4553,4494,9047
202208,수인선,오목천,2541,2099,4640
202208,수인선,원인재,4240,4624,8864
202208,수인선,월곶,2553,2361,4914
202208,수인선,인천,1493,2357,3850
202208,수인선,인천논현,4847,4954,9801
202208,수인선,인하대,5094,4892,9986
202208,수인선,호구포,3003,2806,5809
202208,신림선,관악산,4513,4595,9108
202208,신림선,당곡,3098,2778,5876
202208,신림선,대방,2035,1386,3421
202208,신림선,보라매,2167,1889,4056
202208,신림선,보라매공원,1360,1511,2871
202208,신림선,보라매병원,2783,2935,5718
202208,신림선,샛강,1220,1743,2963
202208,신림선,서울대벤처타운,6386,5529,11915
202208,신림선,서울지방병무청,1854,2057,3911
202208,신림선,서원,2375,1905,4280
202208,신림선,신림,1415,1903,3318
202208,안산선,고잔,7406,7254,14660
202208,안산선,대야미,4269,3746,8015
202208,안산선,반월,3699,3484,7183
202208,안산선,산본,14017,14836,28853
202208,안산선,상록수,12956,12854,25810
202208,안산선,수리산,3142,2745,5887
202208,안산선,신길온천,1726,1500,3226
202208,안산선,안산,10272,10509,20781
202208,안산선,오이도,8488,8692,17180
202208,안산선,정왕,7043,7072,14115
202208,안산선,중앙,17079,18094,35173
202208,안산선,초지,3969,3843,7812
202208,안산선,한대앞,7976,7838,15814
202208,우이신설선,4.19민주묘지,2666,2258,4924
202208,우이신설선,가오리,3275,3086,6361
202208,우이신설선,보문,1258,1158,2416
202208,우이신설선,북한산보국문,5090,4356,9446
202208,우이신설선,북한산우이,4630,4816,9446
202208,우이신설선,삼양,1706,1716,3422
202208,우이신설선,삼양사거리,2112,2064,4176
202208,우이신설선,성신여대입구,2980,3416,6396
202208,우이신설선,솔밭공원,2064,1874,3938
202208,우이신설선,솔샘,4115,3650,7765
202208,우이신설선,신설동,1573,1518,3091
202208,우이신설선,정릉,4050,3133,7183
202208,우이신설선,화계,2751,2501,5252
202208,일산선,대곡,1606,1372,2978
202208,일산선,대화,10287,9039,19326
202208,일산선,마두,5637,5513,11150
202208,일산선,백석,7916,7889,15805
202208,일산선,삼송,15640,14877,30517
202208,일산선,원당,8819,8133,16952
202208,일산선,원흥,8303,7726,16029
202208,일산선,정발산,7484,7997,15481
202208,일산선,주엽,7522,7183,14705
202208,일산선,화정,13624,13861,27485
202208,장항선,배방,1099,1051,2150
202208,장항선,봉명,809,794,1603
202208,장항선,신창,1280,1322,2602
202208,장항선,쌍용,1753,1513,3266
202208,장항선,아산,3564,3345,6909
202208,장항선,온양온천,4109,4073,8182
202208,장항선,탕정,900,787,1687
202208,중앙선,구리,11274,11480,22754
202208,중앙선,국수,736,761,1497
202208,중앙선,덕소,5117,5015,10132
202208,중앙선,도농,8334,7630,15964
202208,중앙선,도심,1876,1567,3443
202208,중앙선,망우,7198,6949,14147
202208,중앙선,상봉,5357,5235,10592
202208,중앙선,신원,246,220,466
202208,중앙선,아신,700,731,1431
202208,중앙선,양수,2633,2746,5379
202208,중앙선,양원,2110,1974,4084
202208,중앙선,양정,675,565,1240
202208,중앙선,양평,3187,3353,6540
202208,중앙선,오빈,348,370,718
202208,중앙선,용문,2453,2770,5223
202208,중앙선,운길산,1332,1213,2545
202208,중앙선,원덕,398,432,830
202208,중앙선,중랑,4861,4559,9420
202208,중앙선,지평,62,73,135
202208,중앙선,팔당,1512,1592,3104
202208,중앙선,회기,22169,20783,42952
202208,1호선,동대문,10121,10565,20686
202208,1호선,동묘앞,13286,13183,26469
202208,1호선,서울역,32602,30503,63105
202208,1호선,시청,13579,13379,26958
202208,1호선,신설동,8098,8213,16311
202208,1호선,제기동,11928,12920,24848
202208,1호선,종각,15231,12928,28159
202208,1호선,종로3가,16819,14418,31237
202208,1호선,종로5가,11456,11123,22579
202208,1호선,청량리,14410,14628,29038
202208,2호선,강남,35379,34118,69497
202208,2호선,강변,25721,24548,50269
202208,2호선,건대입구,27522,29119,56641
202208,2호선,교대,11488,12731,24219
202208,2호선,구로디지털단지,25325,24905,50230
202208,2호선,구의,11999,12032,24031
202208,2호선,낙성대,16728,17021,33749
202208,2호선,당산,9705,10194,19899
202208,2호선,대림,16288,16792,33080
202208,2호선,도림천,475,495,970
202208,2호선,동대문역사문화공원,9246,11263,20509
202208,2호선,뚝섬,12521,12203,24724
202208,2호선,문래,8841,9441,18282
202208,2호선,방배,7289,7563,14852
202208,2호선,봉천,13087,12553,25640
202208,2호선,사당,23306,25951,49257
202208,2호선,삼성,27134,25434,52568
202208,2호선,상왕십리,7252,7386,14638
202208,2호선,서울대입구,27855,28555,56410
202208,2호선,서초,13011,12310,25321
202208,2호선,선릉,14323,12228,26551
202208,2호선,성수,15663,18207,33870
202208,2호선,시청,8415,7098,15513
202208,2호선,신답,843,873,1716
202208,2호선,신당,8686,9173,17859
202208,2호선,신대방,15877,15493,31370
202208,2호선,신도림,30151,30905,61056
202208,2호선,신림,36999,36144,73143
202208,2호선,신설동,3475,3342,6817
202208,2호선,신정네거리,5621,5628,11249
202208,2호선,신촌,23953,23476,47429
202208,2호선,아현,5842,5685,11527
202208,2호선,양천구청,3598,3672,7270
202208,2호선,역삼,11805,12902,24707
202208,2호선,영등포구청,8339,8600,16939
202208,2호선,왕십리,9963,8566,18529
202208,2호선,용답,1904,1796,3700
202208,2호선,용두,1151,1151,2302
202208,2호선,을지로3가,9691,9501,19192
202208,2호선,을지로4가,4693,4437,9130
202208,2호선,을지로입구,18709,17927,36636
202208,2호선,이대,8082,8682,16764
202208,2호선,잠실,52049,48982,101031
202208,2호선,잠실나루,5992,6000,11992
202208,2호선,잠실새내,12379,12561,24940
202208,2호선,종합운동장,12085,12789,24874
202208,2호선,충정로,3999,4370,8369
202208,2호선,한양대,2862,3363,6225
202208,2호선,합정,23045,24822,47867
202208,2호선,홍대입구,57285,57799,115084
202208,3호선,가락시장,4109,4221,8330
202208,3호선,경복궁,15570,17795,33365
202208,3호선,경찰병원,2854,2960,5814
202208,3호선,고속터미널,49017,44899,93916
202208,3호선,교대,5019,3047,8066
202208,3호선,구파발,12546,13389,25935
202208,3호선,금호,4457,4267,8724
202208,3호선,남부터미널,16708,17290,33998
202208,3호선,녹번,7782,7095,14877
202208,3호선,대청,4367,4322,8689
202208,3호선,대치,7777,6494,14271
202208,3호선,도곡,2034,2195,4229
202208,3호선,독립문,4780,5087,9867
202208,3호선,동대입구,9033,9856,18889
202208,3호선,매봉,4235,4145,8380
202208,3호선,무악재,1978,2113,4091
202208,3호선,불광,10300,11442,21742
202208,3호선,수서,11148,11280,22428
202208,3호선,신사,14531,14574,29105
202208,3호선,안국,14213,14530,28743
202208,3호선,압구정,15644,16437,32081
202208,3호선,약수,7288,6973,14261
202208,3호선,양재,14198,16417,30615
202208,3호선,연신내,22432,21296,43728
202208,3호선,오금,2962,2935,5897
202208,3호선,옥수,5568,5798,11366
202208,3호선,을지로3가,4020,3607,7627
202208,3호선,일원,3976,4077,8053
202208,3호선,잠원,2698,2706,5404
202208,3호선,종로3가,4297,5676,9973
202208,3호선,지축,2904,2743,5647
202208,3호선,충무로,2,0,2
202208,3호선,학여울,3346,3784,7130
202208,3호선,홍제,10109,9747,19856
202208,4호선,길음,11230,10895,22125
202208,4호선,남태령,946,674,1620
202208,4호선,노원,12262,13369,25631
202208,4호선,당고개,5933,5615,11548
202208,4호선,동대문,7724,8433,16157
202208,4호선,동대문역사문화공원,10550,9673,20223
202208,4호선,동작,1424,1549,2973
202208,4호선,명동,15062,16279,31341
202208,4호선,미아,8480,7843,16323
202208,4호선,미아사거리,16729,15848,32577
202208,4호선,사당,16750,15615,32365
202208,4호선,삼각지,3459,4671,8130
202208,4호선,상계,11006,9923,20929
202208,4호선,서울역,5077,13353,18430
202208,4호선,성신여대입구,12886,12452,25338
202208,4호선,수유,20794,20197,40991
202208,4호선,숙대입구,8326,8282,16608
202208,4호선,신용산,9540,10025,19565
202208,4호선,쌍문,16910,15262,32172
202208,4호선,이촌,8359,9102,17461
202208,4호선,창동,15873,16524,32397
202208,4호선,총신대입구,11047,12097,23144
202208,4호선,충무로,8968,10314,19282
202208,4호선,한성대입구,8124,8184,16308
202208,4호선,혜화,25687,27553,53240
202208,4호선,회현,9726,9584,19310
202208,5호선,강동,9677,9640,19317
202208,5호선,강일,2599,2444,5043
202208,5호선,개롱,3118,3455,6573
202208,5호선,개화산,2821,2872,5693
202208,5호선,거여,4923,4873,9796
202208,5호선,고덕,4333,4391,8724
202208,5호선,공덕,5104,5195,10299
202208,5호선,광나루,9585,9136,18721
202208,5호선,광화문,16877,17138,34015
202208,5호선,군자,6576,7371,13947
202208,5호선,굽은다리,5585,5239,10824
202208,5호선,길동,4190,4375,8565
202208,5호선,김포공항,7174,6950,14124
202208,5호선,까치산,16416,15915,32331
202208,5호선,답십리,8469,7852,16321
202208,5호선,동대문역사문화공원,1019,1159,2178
202208,5호선,둔촌동,4870,4753,9623
202208,5호선,마곡,3847,4205,8052
202208,5호선,마장,3129,3023,6152
202208,5호선,마천,3842,4065,7907
202208,5호선,마포,5162,5294,10456
202208,5호선,명일,5320,5245,10565
202208,5호선,목동,8370,8552,16922
202208,5호선,미사,9455,9738,19193
202208,5호선,발산,9245,9947,19192
202208,5호선,방이,4423,4202,8625
202208,5호선,방화,3749,3570,7319
202208,5호선,상일동,6982,6750,13732
202208,5호선,서대문,5722,5801,11523
202208,5호선,송정,3918,3837,7755
202208,5호선,신금호,3068,3390,6458
202208,5호선,신길,2251,2449,4700
202208,5호선,신정,6623,5962,12585
202208,5호선,아차산,10933,10896,21829
202208,5호선,애오개,2834,2897,5731
202208,5호선,양평,2933,2868,5801
202208,5호선,여의나루,18875,19241,38116
202208,5호선,여의도,9285,10259,19544
202208,5호선,영등포구청,1489,1494,2983
202208,5호선,영등포시장,6308,6728,13036
202208,5호선,오금,1550,1459,3009
202208,5호선,오목교,12088,12506,24594
202208,5호선,올림픽공원,3640,3817,7457
202208,5호선,왕십리,2582,3065,5647
202208,5호선,우장산,7359,7576,14935
202208,5호선,을지로4가,2143,2304,4447
202208,5호선,장한평,8548,8392,16940
202208,5호선,종로3가,10193,9130,19323
202208,5호선,천호,13626,12685,26311
202208,5호선,청구,2004,1883,3887
202208,5호선,충정로,1700,1599,3299
202208,5호선,하남검단산,4998,5001,9999
202208,5호선,하남시청,4433,4101,8534
202208,5호선,하남풍산,2355,2315,4670
202208,5호선,행당,4370,3940,8310
202208,5호선,화곡,15136,14367,29503
202208,6호선,고려대,4481,4463,8944
202208,6호선,공덕,7134,6728,13862
202208,6호선,광흥창,4742,4521,9263
202208,6호선,구산,4246,3180,7426
202208,6호선,녹사평,4717,4782,9499
202208,6호선,대흥,4191,4336,8527
202208,6호선,독바위,1637,2019,3656
202208,6호선,돌곶이,5801,5477,11278
202208,6호선,동묘앞,6789,6821,13610
202208,6호선,디지털미디어시티,5872,6252,12124
202208,6호선,마포구청,7649,6888,14537
202208,6호선,망원,10803,11676,22479
202208,6호선,버티고개,1118,1300,2418
202208,6호선,보문,4266,4035,8301
202208,6호선,봉화산,4083,4020,8103
202208,6호선,불광,3221,2958,6179
202208,6호선,삼각지,4800,3550,8350
202208,6호선,상수,7494,8201,15695
202208,6호선,상월곡,3477,3111,6588
202208,6호선,새절,6634,6542,13176
202208,6호선,석계,6639,7006,13645
202208,6호선,신당,5019,5510,10529
202208,6호선,안암,5452,5689,11141
202208,6호선,약수,1874,1849,3723
202208,6호선,역촌,2136,2450,4586
202208,6호선,연신내,1,0,1
202208,6호선,월곡,5684,5570,11254
202208,6호선,월드컵경기장,4428,4437,8865
202208,6호선,응암,9713,9676,19389
202208,6호선,이태원,14371,11742,26113
202208,6호선,증산,5797,5797,11594
202208,6호선,창신,1664,1557,3221
202208,6호선,청구,1786,1734,3520
202208,6호선,태릉입구,3503,3694,7197
202208,6호선,한강진,7082,8331,15413
202208,6호선,합정,10355,9516,19871
202208,6호선,화랑대,5520,4755,10275
202208,6호선,효창공원앞,3739,3281,7020
202208,7호선,가산디지털단지,10425,9611,20036
202208,7호선,강남구청,6199,6830,13029
202208,7호선,건대입구,8213,8823,17036
202208,7호선,고속터미널,14650,9497,24147
202208,7호선,공릉,6563,6537,13100
202208,7호선,광명사거리,13030,13059,26089
202208,7호선,군자,8298,6397,14695
202208,7호선,남구로,7073,7090,14163
202208,7호선,남성,5693,5711,11404
202208,7호선,내방,5437,5694,11131
202208,7호선,노원,11434,11818,23252
202208,7호선,논현,6061,6335,12396
202208,7호선,대림,8043,7356,15399
202208,7호선,도봉산,5670,7977,13647
202208,7호선,뚝섬유원지,13087,11966,25053
202208,7호선,마들,6429,5916,12345
202208,7호선,먹골,5557,5307,10864
202208,7호선,면목,8191,7960,16151
202208,7호선,반포,3212,3303,6515
202208,7호선,보라매,3992,4064,8056
202208,7호선,사가정,9491,9223,18714
202208,7호선,상도,5976,5837,11813
202208,7호선,상봉,10039,9160,19199
202208,7호선,수락산,8834,8793,17627
202208,7호선,숭실대입구,6242,6574,12816
202208,7호선,신대방삼거리,7926,7897,15823
202208,7호선,신풍,6444,6149,12593
202208,7호선,어린이대공원,11681,11687,23368
202208,7호선,온수,4305,4321,8626
202208,7호선,용마산,3565,3889,7454
202208,7호선,이수,8685,8102,16787
202208,7호선,장승배기,4831,4843,9674
202208,7호선,장암,1648,1238,2886
202208,7호선,중계,7145,6672,13817
202208,7호선,중곡,5553,5315,10868
202208,7호선,중화,5872,5801,11673
202208,7호선,천왕,5271,5155,10426
202208,7호선,철산,11314,11257,22571
202208,7호선,청담,7566,8351,15917
202208,7호선,태릉입구,5441,5113,10554
202208,7호선,하계,9828,9324,19152
202208,7호선,학동,7529,8163,15692
202208,8호선,가락시장,3112,4012,7124
202208,8호선,강동구청,4560,4747,9307
202208,8호선,남위례,2978,3053,6031
202208,8호선,남한산성입구,7126,6570,13696
202208,8호선,단대오거리,5701,5601,11302
202208,8호선,모란,2733,2332,5065
202208,8호선,몽촌토성,3634,3657,7291
202208,8호선,문정,5958,6166,12124
202208,8호선,복정,5213,4770,9983
202208,8호선,산성,3079,3244,6323
202208,8호선,석촌,4159,5470,9629
202208,8호선,송파,4297,4312,8609
202208,8호선,수진,3142,2825,5967
202208,8호선,신흥,2742,2936,5678
202208,8호선,암사,9284,8790,18074
202208,8호선,잠실,10746,12152,22898
202208,8호선,장지,9299,9359,18658
202208,8호선,천호,9079,10122,19201
202208,9호선,가양,11720,11357,23077
202208,9호선,개화,1190,1118,2308
202208,9호선,고속터미널,14107,18825,32932
202208,9호선,공항시장,1808,2077,3885
202208,9호선,구반포,525,504,1029
202208,9호선,국회의사당,5377,5204,10581
202208,9호선,김포공항,7534,11213,18747
202208,9호선,노들,3342,2867,6209
202208,9호선,노량진,15370,16422,31792
202208,9호선,당산,10432,10335,20767
202208,9호선,동작,1416,1152,2568
202208,9호선,등촌,5501,5597,11098
202208,9호선,마곡나루,6198,6268,12466
202208,9호선,사평,1798,1867,3665
202208,9호선,샛강,2106,2049,4155
202208,9호선,선유도,3184,3080,6264
202208,9호선,신논현,17152,16138,33290
202208,9호선,신목동,1952,1686,3638
202208,9호선,신반포,2780,3346,6126
202208,9호선,신방화,3678,3658,7336
202208,9호선,양천향교,4529,4845,9374
202208,9호선,여의도,11049,10120,21169
202208,9호선,염창,9436,9126,18562
202208,9호선,증미,2623,2633,5256
202208,9호선,흑석,4334,4477,8811
202208,9호선2~3단계,둔촌오륜,638,640,1278
202208,9호선2~3단계,봉은사,12082,12620,24702
202208,9호선2~3단계,삼성중앙,2293,2294,4587
202208,9호선2~3단계,삼전,3679,3687,7366
202208,9호선2~3단계,석촌,5456,4669,10125
202208,9호선2~3단계,석촌고분,3298,3319,6617
202208,9호선2~3단계,선정릉,3596,4123,7719
202208,9호선2~3단계,송파나루,3168,3617,6785
202208,9호선2~3단계,언주,4137,4183,8320
202208,9호선2~3단계,올림픽공원,7640,7488,15128
202208,9호선2~3단계,종합운동장,2905,2705,5610
202208,9호선2~3단계,중앙보훈병원,4050,3962,8012
202208,9호선2~3단계,한성백제,1673,1530,3203
202208,경강선,경기광주,4380,4291,8671
202208,경강선,곤지암,1707,1757,3464
202208,경강선,부발,1762,2365,4127
202208,경강선,삼동,1234,1166,2400
202208,경강선,세종대왕릉,360,347,707
202208,경강선,신둔도예촌,1168,1099,2267
202208,경강선,여주,2500,2388,4888
202208,경강선,이매,730,593,1323
202208,경강선,이천,2279,2632,4911
202208,경강선,초월,1869,1808,3677
202208,경강선,판교,2634,2510,5144
202208,경부선,가산디지털단지,5107,6864,11971
202208,경부선,관악,5225,4941,10166
202208,경부선,광명,3231,2164,5395
202208,경부선,구로,10439,10554,20993
202208,경부선,군포,3193,3057,6250
202208,경부선,금정,15880,16348,32228
202208,경부선,금천구청,6542,6488,13030
202208,경부선,남영,5221,5490,10711
202208,경부선,노량진,6352,5889,12241
202208,경부선,당정,3252,3249,6501
202208,경부선,대방,5346,6003,11349
202208,경부선,독산,6712,6820,13532
202208,경부선,두정,5030,5837,10867
202208,경부선,명학,3340,3312,6652
202208,경부선,병점,10338,11051,21389
202208,경부선,서동탄,840,892,1732
202208,경부선,서울역,9930,2376,12306
202208,경부선,서정리,4988,7453,12441
202208,경부선,석수,5365,5152,10517
202208,경부선,성균관대,8647,9390,18037
202208,경부선,성환,2913,3532,6445
202208,경부선,세류,2277,2213,4490
202208,경부선,세마,1938,1845,3783
202208,경부선,송탄,3822,4784,8606
202208,경부선,수원,36166,34573,70739
202208,경부선,신길,4877,4302,9179
202208,경부선,신도림,2403,2593,4996
202208,경부선,안양,14815,14355,29170
202208,경부선,영등포,35859,35089,70948
202208,경부선,오산,8816,9400,18216
202208,경부선,오산대,2352,2323,4675
202208,경부선,용산,37807,34562,72369
202208,경부선,의왕,4637,4751,9388
202208,경부선,직산,650,728,1378
202208,경부선,진위,996,931,1927
202208,경부선,천안,7085,6805,13890
202208,경부선,평택,12539,13083,25622
202208,경부선,평택지제,2969,3020,5989
202208,경부선,화서,4638,4513,9151
202208,경원선,가능,4303,4073,8376
202208,경원선,광운대,4251,4276,8527
202208,경원선,녹양,3082,2850,5932
202208,경원선,녹천,2828,2461,5289
202208,경원선,덕계,2090,2063,4153
202208,경원선,덕정,3597,3773,7370
202208,경원선,도봉,3766,3484,7250
202208,경원선,도봉산,9040,6580,15620
202208,경원선,동두천,1495,1994,3489
202208,경원선,동두천중앙,2293,2104,4397
202208,경원선,망월사,4943,5020,9963
202208,경원선,방학,6314,6175,12489
202208,경원선,보산,1405,1503,2908
202208,경원선,서빙고,2247,2157,4404
202208,경원선,석계,5355,5723,11078
202208,경원선,소요산,4916,4305,9221
202208,경원선,신이문,5081,4599,9680
202208,경원선,양주,5545,5327,10872
202208,경원선,옥수,54,32,86
202208,경원선,왕십리,10415,11921,22336
202208,경원선,외대앞,5138,5107,10245
202208,경원선,월계,3926,3515,7441
202208,경원선,응봉,1308,1178,2486
202208,경원선,의정부,15146,15404,30550
202208,경원선,이촌,3115,2106,5221
202208,경원선,지행,4831,4936,9767
202208,경원선,청량리,16108,15168,31276
202208,경원선,한남,2300,2183,4483
202208,경원선,회룡,8176,8059,16235
202208,경의선,가좌,3192,3085,6277
202208,경의선,강매,1668,1520,3188
202208,경의선,곡산,365,380,745
202208,경의선,공덕,2363,1885,4248
202208,경의선,금릉,3225,3110,6335
202208,경의선,금촌,4592,4935,9527
202208,경의선,능곡,2326,2294,4620
202208,경의선,디지털미디어시티,1729,1562,3291
202208,경의선,문산,3928,4211,8139
202208,경의선,백마,3846,3743,7589
202208,경의선,서강대,1487,1517,3004
202208,경의선,서울역,1302,1219,2521
202208,경의선,수색,1020,1121,2141
202208,경의선,신촌,334,362,696
202208,경의선,야당,5439,5337,10776
202208,경의선,운정,3933,3783,7716
202208,경의선,월롱,1270,2385,3655
202208,경의선,일산,6342,6141,12483
202208,경의선,임진강,102,77,179
202208,경의선,탄현,4491,4184,8675
202208,경의선,파주,785,692,1477
202208,경의선,풍산,4052,3833,7885
202208,경의선,행신,5146,4878,10024
202208,경의선,홍대입구,1945,2420,4365
202208,경의선,화전,1017,1083,2100
202208,경의선,효창공원앞,1457,1672,3129
202208,경인선,간석,3278,3043,6321
202208,경인선,개봉,12788,12414,25202
202208,경인선,구일,8702,9001,17703
202208,경인선,도원,1837,1787,3624
202208,경인선,도화,2621,2371,4992
202208,경인선,동암,10545,10349,20894
202208,경인선,동인천,10072,9891,19963
202208,경인선,백운,4305,4312,8617
202208,경인선,부개,5188,4798,9986
202208,경인선,부천,22833,22511,45344
202208,경인선,부평,23536,23836,47372
202208,경인선,소사,5874,5774,11648
202208,경인선,송내,13961,13820,27781
202208,경인선,역곡,15212,15439,30651
202208,경인선,오류동,7344,6784,14128
202208,경인선,온수,4084,3913,7997
202208,경인선,인천,4766,4009,8775
202208,경인선,제물포,5868,5621,11489
202208,경인선,주안,12332,11356,23688
202208,경인선,중동,5131,4822,9953
202208,경춘선,가평,4051,2507,6558
202208,경춘선,갈매,1596,1402,2998
202208,경춘선,강촌,1059,600,1659
202208,경춘선,굴봉산,271,215,486
202208,경춘선,금곡,1026,998,2024
202208,경춘선,김유정,539,511,1050
202208,경춘선,남춘천,2928,2932,5860
202208,경춘선,대성리,1518,1028,2546
202208,경춘선,마석,3492,3551,7043
202208,경춘선,백양리,149,107,256
202208,경춘선,별내,2113,1889,4002
202208,경춘선,사릉,1453,1494,2947
202208,경춘선,상천,515,378,893
202208,경춘선,신내,1129,1112,2241
202208,경춘선,천마산,1216,1175,2391
202208,경춘선,청평,2653,1782,4435
202208,경춘선,춘천,2134,1713,3847
202208,경춘선,퇴계원,2203,2027,4230
202208,경춘선,평내호평,3926,3786,7712
202208,공항철도 1호선,검암,3833,3915,7748
202208,공항철도 1호선,계양,6545,6029,12574
202208,공항철도 1호선,공덕,1520,2225,3745
202208,공항철도 1호선,공항화물청사,1007,1089,2096
202208,공항철도 1호선,김포공항,11685,5976,17661
202208,공항철도 1호선,디지털미디어시티,4140,4147,8287
202208,공항철도 1호선,마곡나루,2659,3026,5685
202208,공항철도 1호선,서울역,9921,9341,19262
202208,공항철도 1호선,영종,2898,2986,5884
202208,공항철도 1호선,운서,6294,6818,13112
202208,공항철도 1호선,인천공항1터미널,9565,7701,17266
202208,공항철도 1호선,인천공항2터미널,3683,3168,6851
202208,공항철도 1호선,청라국제도시,3823,3605,7428
202208,공항철도 1호선,홍대입구,12763,11875,24638
202208,과천선,경마공원,16195,16573,32768
202208,과천선,과천,4177,3896,8073
202208,과천선,대공원,7306,7682,14988
202208,과천선,범계,16238,15773,32011
202208,과천선,선바위,4505,3957,8462
202208,과천선,인덕원,13291,13441,26732
202208,과천선,정부과천청사,5047,5072,10119
202208,과천선,평촌,6991,6874,13865
202208,분당선,가천대,4214,5046,9260
202208,분당선,강남구청,3415,4114,7529
202208,분당선,개포동,2170,2205,4375
202208,분당선,구룡,928,1015,1943
202208,분당선,구성,2573,2760,5333
202208,분당선,기흥,5486,5155,10641
202208,분당선,대모산입구,2366,2263,4629
202208,분당선,도곡,3022,2855,5877
202208,분당선,망포,6607,6971,13578
202208,분당선,매교,1941,1916,3857
202208,분당선,매탄권선,2768,2630,5398
202208,분당선,모란,11752,12077,23829
202208,분당선,미금,7715,8312,16027
202208,분당선,보정,1263,1159,2422
202208,분당선,상갈,3040,3146,6186
202208,분당선,서울숲,8528,8759,17287
202208,분당선,서현,15106,15286,30392
202208,분당선,선릉,3043,4550,7593
202208,분당선,선정릉,2324,2306,4630
202208,분당선,수내,6590,6236,12826
202208,분당선,수서,9362,9140,18502
202208,분당선,수원,6150,5098,11248
202208,분당선,수원시청,7915,8140,16055
202208,분당선,신갈,2164,2260,4424
202208,분당선,압구정로데오,11402,12561,23963
202208,분당선,야탑,14376,14730,29106
202208,분당선,영통,5175,5081,10256
202208,분당선,오리,5543,4809,10352
202208,분당선,이매,3595,3685,7280
202208,분당선,정자,7957,8418,16375
202208,분당선,죽전,7722,8747,16469
202208,분당선,청명,2109,2321,4430
202208,분당선,태평,8554,8062,16616
202208,분당선,한티,10240,9723,19963
202208,수인선,고색,1842,1889,3731
202208,수인선,남동인더스파크,685,665,1350
202208,수인선,달월,47,58,105
202208,수인선,사리,2904,2484,5388
202208,수인선,소래포구,5830,5651,11481
202208,수인선,송도,1687,1614,3301
202208,수인선,숭의,2264,2106,4370
202208,수인선,신포,1229,1227,2456
202208,수인선,야목,245,197,442
202208,수인선,어천,696,788,1484
202208,수인선,연수,3683,3627,7310
202208,수인선,오목천,1724,1693,3417
202208,수인선,원인재,3087,3241,6328
202208,수인선,월곶,1938,1858,3796
202208,수인선,인천,1356,1863,3219
202208,수인선,인천논현,3256,3364,6620
202208,수인선,인하대,3716,3840,7556
202208,수인선,호구포,2329,2405,4734
202208,신림선,관악산,4542,4825,9367
202208,신림선,당곡,2339,2230,4569
202208,신림선,대방,1381,1083,2464
202208,신림선,보라매,1714,1609,3323
202208,신림선,보라매공원,1195,1365,2560
202208,신림선,보라매병원,2147,2165,4312
202208,신림선,샛강,1027,1369,2396
202208,신림선,서울대벤처타운,4924,4580,9504
202208,신림선,서울지방병무청,1496,1670,3166
202208,신림선,서원,1822,1741,3563
202208,신림선,신림,1154,1639,2793
202208,안산선,고잔,4908,4821,9729
202208,안산선,대야미,3263,3036,6299
202208,안산선,반월,2774,2748,5522
202208,안산선,산본,9517,10111,19628
202208,안산선,상록수,9927,9709,19636
202208,안산선,수리산,2344,2212,4556
202208,안산선,신길온천,1340,1329,2669
202208,안산선,안산,10419,9562,19981
202208,안산선,오이도,6714,6452,13166
202208,안산선,정왕,6003,6367,12370
202208,안산선,중앙,12643,12604,25247
202208,안산선,초지,2671,2614,5285
202208,안산선,한대앞,5833,5710,11543
202208,우이신설선,4.19민주묘지,2137,1779,3916
202208,우이신설선,가오리,2452,2390,4842
202208,우이신설선,보문,1051,1076,2127
202208,우이신설선,북한산보국문,4074,3498,7572
202208,우이신설선,북한산우이,3680,3741,7421
202208,우이신설선,삼양,1275,1254,2529
202208,우이신설선,삼양사거리,1644,1569,3213
202208,우이신설선,성신여대입구,2377,2604,4981
202208,우이신설선,솔밭공원,1523,1470,2993
202208,우이신설선,솔샘,3015,2882,5897
202208,우이신설선,신설동,1253,1243,2496
202208,우이신설선,정릉,2924,2427,5351
202208,우이신설선,화계,2329,2211,4540
202208,일산선,대곡,1167,1078,2245
202208,일산선,대화,6795,6338,13133
202208,일산선,마두,3684,3734,7418
202208,일산선,백석,5593,5620,11213
202208,일산선,삼송,12078,11845,23923
202208,일산선,원당,6508,6231,12739
202208,일산선,원흥,5959,5843,11802
202208,일산선,정발산,6441,6583,13024
202208,일산선,주엽,5210,5093,10303
202208,일산선,화정,9842,10074,19916
202208,장항선,배방,906,1111,2017
202208,장항선,봉명,645,650,1295
202208,장항선,신창,1199,1869,3068
202208,장항선,쌍용,1354,1365,2719
202208,장항선,아산,3944,2483,6427
202208,장항선,온양온천,3723,3667,7390
202208,장항선,탕정,701,676,1377
202208,중앙선,구리,8330,8632,16962
202208,중앙선,국수,762,672,1434
202208,중앙선,덕소,3737,3776,7513
202208,중앙선,도농,6046,5899,11945
202208,중앙선,도심,1409,1222,2631
202208,중앙선,망우,5423,5460,10883
202208,중앙선,상봉,3899,4189,8088
202208,중앙선,신원,319,226,545
202208,중앙선,아신,704,613,1317
202208,중앙선,양수,2284,2057,4341
202208,중앙선,양원,1565,1616,3181
202208,중앙선,양정,517,423,940
202208,중앙선,양평,4513,4247,8760
202208,중앙선,오빈,303,281,584
202208,중앙선,용문,2786,2212,4998
202208,중앙선,운길산,1199,1138,2337
202208,중앙선,원덕,463,326,789
202208,중앙선,중랑,3840,3704,7544
202208,중앙선,지평,70,91,161
202208,중앙선,팔당,1427,1433,2860
202208,중앙선,회기,17632,17403,35035
202209,1호선,동대문,10571,10407,20978
202209,1호선,동묘앞,12419,12695,25114
202209,1호선,서울역,38756,37447,76203
202209,1호선,시청,15222,15639,30861
202209,1호선,신설동,10642,9883,20525
202209,1호선,제기동,20698,21749,42447
202209,1호선,종각,23077,21651,44728
202209,1호선,종로3가,26241,23999,50240
202209,1호선,종로5가,22779,23473,46252
202209,1호선,청량리,21877,22520,44397
202209,2호선,강남,62285,62371,124656
202209,2호선,강변,30311,28988,59299
202209,2호선,건대입구,37276,41095,78371
202209,2호선,교대,19091,21411,40502
202209,2호선,구로디지털단지,37191,36204,73395
202209,2호선,구의,18109,17231,35340
202209,2호선,낙성대,24437,22181,46618
202209,2호선,당산,14109,15441,29550
202209,2호선,대림,19465,20087,39552
202209,2호선,도림천,836,787,1623
202209,2호선,동대문역사문화공원,12335,14539,26874
202209,2호선,뚝섬,17286,17972,35258
202209,2호선,문래,14323,15627,29950
202209,2호선,방배,10926,11068,21994
202209,2호선,봉천,18636,16787,35423
202209,2호선,사당,34190,38719,72909
202209,2호선,삼성,35505,35529,71034
202209,2호선,상왕십리,10730,9866,20596
202209,2호선,서울대입구,39820,38231,78051
202209,2호선,서초,14745,12969,27714
202209,2호선,선릉,26806,23892,50698
202209,2호선,성수,23370,27758,51128
202209,2호선,시청,11613,10102,21715
202209,2호선,신답,1111,1201,2312
202209,2호선,신당,12107,12652,24759
202209,2호선,신대방,21338,20128,41466
202209,2호선,신도림,43435,44508,87943
202209,2호선,신림,49432,47319,96751
202209,2호선,신설동,3544,3557,7101
202209,2호선,신정네거리,8074,7954,16028
202209,2호선,신촌,35576,36271,71847
202209,2호선,아현,8604,7886,16490
202209,2호선,양천구청,5278,5093,10371
202209,2호선,역삼,19473,21617,41090
202209,2호선,영등포구청,14377,15008,29385
202209,2호선,왕십리,14541,12414,26955
202209,2호선,용답,2501,2275,4776
202209,2호선,용두,2253,2105,4358
202209,2호선,을지로3가,12901,13473,26374
202209,2호선,을지로4가,9152,9619,18771
202209,2호선,을지로입구,26473,26429,52902
202209,2호선,이대,12661,12959,25620
202209,2호선,잠실,70705,68432,139137
202209,2호선,잠실나루,8699,8302,17001
202209,2호선,잠실새내,19033,19588,38621
202209,2호선,종합운동장,12527,13975,26502
202209,2호선,충정로,6276,6609,12885
202209,2호선,한양대,5315,5568,10883
202209,2호선,합정,31898,37129,69027
202209,2호선,홍대입구,74926,86153,161079
202209,3호선,가락시장,7228,6815,14043
202209,3호선,경복궁,21033,24316,45349
202209,3호선,경찰병원,4323,4109,8432
202209,3호선,고속터미널,58051,55470,113521
202209,3호선,교대,8062,4919,12981
202209,3호선,구파발,17384,18031,35415
202209,3호선,금호,6171,5560,11731
202209,3호선,남부터미널,22834,21606,44440
202209,3호선,녹번,11367,9539,20906
202209,3호선,대청,6575,6070,12645
202209,3호선,대치,11854,10501,22355
202209,3호선,도곡,3370,3592,6962
202209,3호선,독립문,6701,7131,13832
202209,3호선,동대입구,10128,11783,21911
202209,3호선,매봉,6638,6316,12954
202209,3호선,무악재,2878,2970,5848
202209,3호선,불광,13852,15373,29225
202209,3호선,수서,15266,14911,30177
202209,3호선,신사,25803,27834,53637
202209,3호선,안국,19210,21632,40842
202209,3호선,압구정,27832,29589,57421
202209,3호선,약수,9709,9265,18974
202209,3호선,양재,22553,24651,47204
202209,3호선,연신내,31586,29299,60885
202209,3호선,오금,4148,3970,8118
202209,3호선,옥수,7919,7765,15684
202209,3호선,을지로3가,5854,6224,12078
202209,3호선,일원,6001,5842,11843
202209,3호선,잠원,4082,4005,8087
202209,3호선,종로3가,6707,10096,16803
202209,3호선,지축,4245,3838,8083
202209,3호선,충무로,3,0,3
202209,3호선,학여울,1973,2106,4079
202209,3호선,홍제,14417,13338,27755
202209,4호선,길음,16359,15351,31710
202209,4호선,남태령,1667,876,2543
202209,4호선,노원,16865,18814,35679
202209,4호선,당고개,8065,7333,15398
202209,4호선,동대문,14706,15171,29877
202209,4호선,동대문역사문화공원,14032,12278,26310
202209,4호선,동작,1999,1993,3992
202209,4호선,명동,19040,21650,40690
202209,4호선,미아,12271,11423,23694
202209,4호선,미아사거리,23337,22099,45436
202209,4호선,사당,23997,21054,45051
202209,4호선,삼각지,4485,5946,10431
202209,4호선,상계,15272,13987,29259
202209,4호선,서울역,6979,16004,22983
202209,4호선,성신여대입구,17894,16986,34880
202209,4호선,수유,28653,27934,56587
202209,4호선,숙대입구,11164,10627,21791
202209,4호선,신용산,13053,14243,27296
202209,4호선,쌍문,23446,20678,44124
202209,4호선,이촌,8221,9134,17355
202209,4호선,창동,21816,23147,44963
202209,4호선,총신대입구,16107,17514,33621
202209,4호선,충무로,15555,17163,32718
202209,4호선,한성대입구,11821,11387,23208
202209,4호선,혜화,32859,35132,67991
202209,4호선,회현,19489,20538,40027
202209,5호선,강동,14331,13780,28111
202209,5호선,강일,3694,3308,7002
202209,5호선,개롱,4644,4901,9545
202209,5호선,개화산,4040,3924,7964
202209,5호선,거여,6943,6439,13382
202209,5호선,고덕,7047,6891,13938
202209,5호선,공덕,8175,8269,16444
202209,5호선,광나루,11260,10686,21946
202209,5호선,광화문,22763,22792,45555
202209,5호선,군자,9310,10077,19387
202209,5호선,굽은다리,7760,7249,15009
202209,5호선,길동,6589,6775,13364
202209,5호선,김포공항,7638,7070,14708
202209,5호선,까치산,22722,20918,43640
202209,5호선,답십리,11496,10304,21800
202209,5호선,동대문역사문화공원,1309,1560,2869
202209,5호선,둔촌동,6537,6372,12909
202209,5호선,마곡,5902,6222,12124
202209,5호선,마장,4452,4306,8758
202209,5호선,마천,5364,5454,10818
202209,5호선,마포,8264,8295,16559
202209,5호선,명일,7043,6731,13774
202209,5호선,목동,12154,12000,24154
202209,5호선,미사,13620,13590,27210
202209,5호선,발산,14910,16650,31560
202209,5호선,방이,5955,5698,11653
202209,5호선,방화,5068,4806,9874
202209,5호선,상일동,10225,9213,19438
202209,5호선,서대문,8669,8461,17130
202209,5호선,송정,5497,5058,10555
202209,5호선,신금호,4490,4441,8931
202209,5호선,신길,3063,2946,6009
202209,5호선,신정,9859,8287,18146
202209,5호선,아차산,13727,13280,27007
202209,5호선,애오개,4207,4002,8209
202209,5호선,양평,4247,3771,8018
202209,5호선,여의나루,21712,23416,45128
202209,5호선,여의도,12924,14499,27423
202209,5호선,영등포구청,2255,2170,4425
202209,5호선,영등포시장,9520,10066,19586
202209,5호선,오금,2315,2219,4534
202209,5호선,오목교,18329,18856,37185
202209,5호선,올림픽공원,5712,6607,12319
202209,5호선,왕십리,3849,4724,8573
202209,5호선,우장산,10910,10578,21488
202209,5호선,을지로4가,4465,4863,9328
202209,5호선,장한평,12558,12207,24765
202209,5호선,종로3가,14677,15849,30526
202209,5호선,천호,18446,17753,36199
202209,5호선,청구,2655,2441,5096
202209,5호선,충정로,2117,1958,4075
202209,5호선,하남검단산,6289,6170,12459
202209,5호선,하남시청,6400,5829,12229
202209,5호선,하남풍산,2967,2904,5871
202209,5호선,행당,5996,5112,11108
202209,5호선,화곡,22253,19964,42217
202209,6호선,고려대,6888,6386,13274
202209,6호선,공덕,11536,10958,22494
202209,6호선,광흥창,5971,5362,11333
202209,6호선,구산,6128,4632,10760
202209,6호선,녹사평,6326,7238,13564
202209,6호선,대흥,6761,6572,13333
202209,6호선,독바위,2178,2450,4628
202209,6호선,돌곶이,6851,6072,12923
202209,6호선,동묘앞,8534,8484,17018
202209,6호선,디지털미디어시티,8473,8695,17168
202209,6호선,마포구청,10435,8865,19300
202209,6호선,망원,14881,16909,31790
202209,6호선,버티고개,1686,1742,3428
202209,6호선,보문,5732,5039,10771
202209,6호선,봉화산,5855,5664,11519
202209,6호선,불광,4107,3833,7940
202209,6호선,삼각지,7185,5025,12210
202209,6호선,상수,9770,12675,22445
202209,6호선,상월곡,4519,3816,8335
202209,6호선,새절,9181,8621,17802
202209,6호선,석계,9440,9646,19086
202209,6호선,신당,6801,6320,13121
202209,6호선,안암,8364,7792,16156
202209,6호선,약수,2715,2668,5383
202209,6호선,역촌,2874,3236,6110
202209,6호선,월곡,8422,7902,16324
202209,6호선,월드컵경기장,8622,9020,17642
202209,6호선,응암,13466,12999,26465
202209,6호선,이태원,17139,23018,40157
202209,6호선,증산,7959,7619,15578
202209,6호선,창신,2275,1876,4151
202209,6호선,청구,2742,2617,5359
202209,6호선,태릉입구,4643,4752,9395
202209,6호선,한강진,11399,14417,25816
202209,6호선,합정,14188,13801,27989
202209,6호선,화랑대,8153,6284,14437
202209,6호선,효창공원앞,5291,4540,9831
202209,7호선,가산디지털단지,15253,13410,28663
202209,7호선,강남구청,11825,12904,24729
202209,7호선,건대입구,12567,13691,26258
202209,7호선,고속터미널,16706,12275,28981
202209,7호선,공릉,9398,9173,18571
202209,7호선,광명사거리,18242,18042,36284
202209,7호선,군자,11848,8855,20703
202209,7호선,남구로,8718,9194,17912
202209,7호선,남성,8368,7521,15889
202209,7호선,내방,8596,8379,16975
202209,7호선,노원,16711,17660,34371
202209,7호선,논현,11140,11821,22961
202209,7호선,대림,7787,8531,16318
202209,7호선,도봉산,7261,9396,16657
202209,7호선,뚝섬유원지,15475,14592,30067
202209,7호선,마들,9767,8993,18760
202209,7호선,먹골,8498,7984,16482
202209,7호선,면목,11932,11273,23205
202209,7호선,반포,5167,5064,10231
202209,7호선,보라매,6092,5935,12027
202209,7호선,사가정,12901,12238,25139
202209,7호선,상도,8897,8111,17008
202209,7호선,상봉,14652,14183,28835
202209,7호선,수락산,10953,10481,21434
202209,7호선,숭실대입구,10104,9629,19733
202209,7호선,신대방삼거리,11404,10694,22098
202209,7호선,신풍,8881,8055,16936
202209,7호선,어린이대공원,14103,14086,28189
202209,7호선,온수,5852,5813,11665
202209,7호선,용마산,4900,5025,9925
202209,7호선,이수,12972,12244,25216
202209,7호선,장승배기,7106,6510,13616
202209,7호선,장암,1930,1257,3187
202209,7호선,중계,10121,8918,19039
202209,7호선,중곡,7520,7015,14535
202209,7호선,중화,7878,7468,15346
202209,7호선,천왕,7589,7109,14698
202209,7호선,철산,16576,16648,33224
202209,7호선,청담,12569,13618,26187
202209,7호선,태릉입구,7192,6623,13815
202209,7호선,하계,13386,12161,25547
202209,7호선,학동,12056,12724,24780
202209,8호선,가락시장,6260,6571,12831
202209,8호선,강동구청,6615,6476,13091
202209,8호선,남위례,4064,4068,8132
202209,8호선,남한산성입구,9980,8711,18691
202209,8호선,단대오거리,8173,7480,15653
202209,8호선,모란,3919,3486,7405
202209,8호선,몽촌토성,4963,5240,10203
202209,8호선,문정,9675,9576,19251
202209,8호선,복정,6687,5533,12220
202209,8호선,산성,4327,4376,8703
202209,8호선,석촌,5887,7329,13216
202209,8호선,송파,6365,6029,12394
202209,8호선,수진,4576,4012,8588
202209,8호선,신흥,3860,4145,8005
202209,8호선,암사,13660,12285,25945
202209,8호선,잠실,13566,16458,30024
202209,8호선,장지,13037,11813,24850
202209,8호선,천호,12656,14703,27359
202209,9호선,가양,16006,15315,31321
202209,9호선,개화,1675,1404,3079
202209,9호선,고속터미널,17300,23431,40731
202209,9호선,공항시장,2440,2468,4908
202209,9호선,구반포,1004,1076,2080
202209,9호선,국회의사당,5329,5311,10640
202209,9호선,김포공항,7998,9752,17750
202209,9호선,노들,4137,3596,7733
202209,9호선,노량진,23396,23202,46598
202209,9호선,당산,15583,15175,30758
202209,9호선,동작,1950,1705,3655
202209,9호선,등촌,7907,7402,15309
202209,9호선,마곡나루,9064,9044,18108
202209,9호선,사평,2794,2544,5338
202209,9호선,샛강,3396,3174,6570
202209,9호선,선유도,4551,4253,8804
202209,9호선,신논현,28130,28549,56679
202209,9호선,신목동,2732,2257,4989
202209,9호선,신반포,4108,4716,8824
202209,9호선,신방화,5125,4800,9925
202209,9호선,양천향교,6282,5869,12151
202209,9호선,여의도,14141,13760,27901
202209,9호선,염창,13111,11982,25093
202209,9호선,증미,4906,4616,9522
202209,9호선,흑석,6893,6726,13619
202209,9호선2~3단계,둔촌오륜,701,702,1403
202209,9호선2~3단계,봉은사,15777,16887,32664
202209,9호선2~3단계,삼성중앙,3617,3694,7311
202209,9호선2~3단계,삼전,5352,4920,10272
202209,9호선2~3단계,석촌,7815,6349,14164
202209,9호선2~3단계,석촌고분,4816,4591,9407
202209,9호선2~3단계,선정릉,5312,6086,11398
202209,9호선2~3단계,송파나루,4553,5232,9785
202209,9호선2~3단계,언주,7114,7153,14267
202209,9호선2~3단계,올림픽공원,16141,16469,32610
202209,9호선2~3단계,종합운동장,3639,3317,6956
202209,9호선2~3단계,중앙보훈병원,5557,5151,10708
202209,9호선2~3단계,한성백제,2338,2168,4506
202209,경강선,경기광주,6499,5739,12238
202209,경강선,곤지암,2078,2134,4212
202209,경강선,부발,2370,2018,4388
202209,경강선,삼동,1825,1597,3422
202209,경강선,세종대왕릉,383,437,820
202209,경강선,신둔도예촌,1411,1384,2795
202209,경강선,여주,2813,3034,5847
202209,경강선,이매,1043,790,1833
202209,경강선,이천,3014,3118,6132
202209,경강선,초월,2520,2263,4783
202209,경강선,판교,3452,3540,6992
202209,경부선,가산디지털단지,6663,8928,15591
202209,경부선,관악,6746,6336,13082
202209,경부선,광명,3228,2784,6012
202209,경부선,구로,13770,14379,28149
202209,경부선,군포,4597,4219,8816
202209,경부선,금정,21397,21659,43056
202209,경부선,금천구청,9135,9119,18254
202209,경부선,남영,6828,6854,13682
202209,경부선,노량진,9512,8694,18206
202209,경부선,당정,4572,4362,8934
202209,경부선,대방,7438,8308,15746
202209,경부선,독산,9847,9442,19289
202209,경부선,두정,6436,6315,12751
202209,경부선,명학,5072,4619,9691
202209,경부선,병점,13521,13125,26646
202209,경부선,서동탄,1087,1084,2171
202209,경부선,서울역,9898,2383,12281
202209,경부선,서정리,8148,6395,14543
202209,경부선,석수,7633,7012,14645
202209,경부선,성균관대,12238,11739,23977
202209,경부선,성환,3503,3287,6790
202209,경부선,세류,2843,2799,5642
202209,경부선,세마,2539,2314,4853
202209,경부선,송탄,5816,4902,10718
202209,경부선,수원,41268,45106,86374
202209,경부선,신길,6310,5273,11583
202209,경부선,신도림,3396,3549,6945
202209,경부선,안양,19547,19389,38936
202209,경부선,영등포,43503,45668,89171
202209,경부선,오산,10858,10088,20946
202209,경부선,오산대,3277,2890,6167
202209,경부선,용산,40553,42812,83365
202209,경부선,의왕,6577,6319,12896
202209,경부선,직산,804,779,1583
202209,경부선,진위,1216,1067,2283
202209,경부선,천안,7267,7220,14487
202209,경부선,평택,15400,14485,29885
202209,경부선,평택지제,3949,3546,7495
202209,경부선,화서,6325,6100,12425
202209,경원선,가능,5846,5358,11204
202209,경원선,광운대,6680,6530,13210
202209,경원선,녹양,4013,3768,7781
202209,경원선,녹천,3594,3084,6678
202209,경원선,덕계,2987,2607,5594
202209,경원선,덕정,5299,4880,10179
202209,경원선,도봉,4923,4612,9535
202209,경원선,도봉산,9317,6403,15720
202209,경원선,동두천,1792,2204,3996
202209,경원선,동두천중앙,2834,2885,5719
202209,경원선,망월사,6612,6563,13175
202209,경원선,방학,8207,7735,15942
202209,경원선,보산,2339,2141,4480
202209,경원선,서빙고,2118,2054,4172
202209,경원선,석계,7393,7803,15196
202209,경원선,소요산,4711,3919,8630
202209,경원선,신이문,6596,5934,12530
202209,경원선,양주,7172,6819,13991
202209,경원선,옥수,43,33,76
202209,경원선,왕십리,14108,16137,30245
202209,경원선,외대앞,7267,7023,14290
202209,경원선,월계,5289,4954,10243
202209,경원선,응봉,1651,1413,3064
202209,경원선,의정부,19368,20829,40197
202209,경원선,이촌,3857,2742,6599
202209,경원선,지행,6498,6210,12708
202209,경원선,청량리,19578,20136,39714
202209,경원선,한남,3084,3034,6118
202209,경원선,회룡,10732,10561,21293
202209,경의선,가좌,4478,4399,8877
202209,경의선,강매,2299,2114,4413
202209,경의선,곡산,495,494,989
202209,경의선,공덕,3139,2391,5530
202209,경의선,금릉,4350,4157,8507
202209,경의선,금촌,6292,5839,12131
202209,경의선,능곡,3194,3199,6393
202209,경의선,디지털미디어시티,2398,2069,4467
202209,경의선,문산,5653,5199,10852
202209,경의선,백마,5380,5043,10423
202209,경의선,서강대,2095,1998,4093
202209,경의선,서울역,1596,1741,3337
202209,경의선,수색,1855,1730,3585
202209,경의선,신촌,444,486,930
202209,경의선,야당,7281,7419,14700
202209,경의선,운정,5796,5233,11029
202209,경의선,월롱,2108,1844,3952
202209,경의선,일산,8702,8131,16833
202209,경의선,임진강,95,80,175
202209,경의선,탄현,6056,5721,11777
202209,경의선,파주,1071,783,1854
202209,경의선,풍산,4917,4767,9684
202209,경의선,행신,6343,6057,12400
202209,경의선,홍대입구,2456,3155,5611
202209,경의선,화전,1540,1364,2904
202209,경의선,효창공원앞,2097,2242,4339
202209,경인선,간석,4817,4543,9360
202209,경인선,개봉,17348,16703,34051
202209,경인선,구일,4832,4474,9306
202209,경인선,도원,2247,2283,4530
202209,경인선,도화,3473,3117,6590
202209,경인선,동암,13860,13858,27718
202209,경인선,동인천,12555,12372,24927
202209,경인선,백운,6032,5968,12000
202209,경인선,부개,7213,6625,13838
202209,경인선,부천,31140,31785,62925
202209,경인선,부평,30249,33366,63615
202209,경인선,소사,8064,7856,15920
202209,경인선,송내,19970,19365,39335
202209,경인선,역곡,21830,21235,43065
202209,경인선,오류동,9578,8649,18227
202209,경인선,온수,5627,4906,10533
202209,경인선,인천,5388,4739,10127
202209,경인선,제물포,8056,7664,15720
202209,경인선,주안,17412,15096,32508
202209,경인선,중동,7504,6917,14421
202209,경춘선,가평,4564,6374,10938
202209,경춘선,갈매,2254,1955,4209
202209,경춘선,강촌,827,921,1748
202209,경춘선,굴봉산,232,240,472
202209,경춘선,금곡,1351,1193,2544
202209,경춘선,김유정,503,631,1134
202209,경춘선,남춘천,3813,3700,7513
202209,경춘선,대성리,2427,2247,4674
202209,경춘선,마석,4296,4400,8696
202209,경춘선,백양리,138,117,255
202209,경춘선,별내,2625,2431,5056
202209,경춘선,사릉,2015,1965,3980
202209,경춘선,상천,551,488,1039
202209,경춘선,신내,1581,1397,2978
202209,경춘선,천마산,1540,1538,3078
202209,경춘선,청평,2423,2804,5227
202209,경춘선,춘천,2288,2051,4339
202209,경춘선,퇴계원,3017,2624,5641
202209,경춘선,평내호평,5427,5249,10676
202209,공항철도 1호선,검암,5129,5177,10306
202209,공항철도 1호선,계양,8479,7814,16293
202209,공항철도 1호선,공덕,1884,3031,4915
202209,공항철도 1호선,공항화물청사,1528,1522,3050
202209,공항철도 1호선,김포공항,11016,5037,16053
202209,공항철도 1호선,디지털미디어시티,7389,6695,14084
202209,공항철도 1호선,마곡나루,3763,4085,7848
202209,공항철도 1호선,서울역,9702,9451,19153
202209,공항철도 1호선,영종,3600,3688,7288
202209,공항철도 1호선,운서,7436,7895,15331
202209,공항철도 1호선,인천공항1터미널,8357,7806,16163
202209,공항철도 1호선,인천공항2터미널,3825,2996,6821
202209,공항철도 1호선,청라국제도시,4914,4791,9705
202209,공항철도 1호선,홍대입구,15158,15818,30976
202209,과천선,경마공원,13354,13671,27025
202209,과천선,과천,5639,5038,10677
202209,과천선,대공원,14928,16346,31274
202209,과천선,범계,22515,22211,44726
202209,과천선,선바위,6485,5402,11887
202209,과천선,인덕원,18582,18160,36742
202209,과천선,정부과천청사,7389,7283,14672
202209,과천선,평촌,10715,10491,21206
202209,분당선,가천대,6278,6413,12691
202209,분당선,강남구청,5168,6928,12096
202209,분당선,개포동,3096,3038,6134
202209,분당선,구룡,1722,1504,3226
202209,분당선,구성,3774,3785,7559
202209,분당선,기흥,7566,6851,14417
202209,분당선,대모산입구,3371,2993,6364
202209,분당선,도곡,5511,4765,10276
202209,분당선,망포,10202,9214,19416
202209,분당선,매교,2969,3019,5988
202209,분당선,매탄권선,4022,3702,7724
202209,분당선,모란,17117,17920,35037
202209,분당선,미금,11523,12026,23549
202209,분당선,보정,1927,1785,3712
202209,분당선,복정,1,0,1
202209,분당선,상갈,4188,4164,8352
202209,분당선,서울숲,12734,13758,26492
202209,분당선,서현,21076,21454,42530
202209,분당선,선릉,5916,8321,14237
202209,분당선,선정릉,3592,3674,7266
202209,분당선,수내,10229,9554,19783
202209,분당선,수서,11539,11600,23139
202209,분당선,수원,8256,6748,15004
202209,분당선,수원시청,11933,14084,26017
202209,분당선,신갈,3103,3151,6254
202209,분당선,압구정로데오,20590,25132,45722
202209,분당선,야탑,19709,20353,40062
202209,분당선,영통,7833,7704,15537
202209,분당선,오리,8625,7265,15890
202209,분당선,이매,4849,4725,9574
202209,분당선,정자,11966,12328,24294
202209,분당선,죽전,10801,12062,22863
202209,분당선,청명,3029,3054,6083
202209,분당선,태평,11593,10788,22381
202209,분당선,한티,14970,14285,29255
202209,수인선,고색,3009,2915,5924
202209,수인선,남동인더스파크,1125,1059,2184
202209,수인선,달월,89,89,178
202209,수인선,사리,4093,3334,7427
202209,수인선,소래포구,7339,7661,15000
202209,수인선,송도,2151,2231,4382
202209,수인선,숭의,3117,2855,5972
202209,수인선,신포,1613,1631,3244
202209,수인선,야목,327,249,576
202209,수인선,어천,944,790,1734
202209,수인선,연수,4375,4341,8716
202209,수인선,오목천,2685,2238,4923
202209,수인선,원인재,4101,4427,8528
202209,수인선,월곶,2473,2341,4814
202209,수인선,인천,1393,2241,3634
202209,수인선,인천논현,4889,5008,9897
202209,수인선,인하대,5402,4898,10300
202209,수인선,호구포,3021,2795,5816
202209,신림선,관악산,4028,4291,8319
202209,신림선,당곡,3122,2748,5870
202209,신림선,대방,2055,1405,3460
202209,신림선,보라매,2287,1958,4245
202209,신림선,보라매공원,1341,1487,2828
202209,신림선,보라매병원,2867,2827,5694
202209,신림선,샛강,1152,1594,2746
202209,신림선,서울대벤처타운,6367,5608,11975
202209,신림선,서울지방병무청,1797,1941,3738
202209,신림선,서원,2420,1972,4392
202209,신림선,신림,1390,1916,3306
202209,안산선,고잔,7427,7300,14727
202209,안산선,대야미,4442,3631,8073
202209,안산선,반월,3813,3602,7415
202209,안산선,산본,13964,14418,28382
202209,안산선,상록수,13359,13206,26565
202209,안산선,수리산,3301,3027,6328
202209,안산선,신길온천,1662,1507,3169
202209,안산선,안산,10236,10484,20720
202209,안산선,오이도,8336,8394,16730
202209,안산선,정왕,7393,7444,14837
202209,안산선,중앙,17240,18240,35480
202209,안산선,초지,3859,3717,7576
202209,안산선,한대앞,8320,8251,16571
202209,우이신설선,4.19민주묘지,2746,2266,5012
202209,우이신설선,가오리,3372,3155,6527
202209,우이신설선,보문,1253,1231,2484
202209,우이신설선,북한산보국문,5224,4408,9632
202209,우이신설선,북한산우이,4204,4240,8444
202209,우이신설선,삼양,1671,1769,3440
202209,우이신설선,삼양사거리,2093,2023,4116
202209,우이신설선,성신여대입구,3090,3517,6607
202209,우이신설선,솔밭공원,2126,1934,4060
202209,우이신설선,솔샘,4234,3688,7922
202209,우이신설선,신설동,1556,1567,3123
202209,우이신설선,정릉,4075,3265,7340
202209,우이신설선,화계,2723,2503,5226
202209,일산선,대곡,1569,1282,2851
202209,일산선,대화,9327,8314,17641
202209,일산선,마두,5543,5537,11080
202209,일산선,백석,8011,7948,15959
202209,일산선,삼송,16493,15401,31894
202209,일산선,원당,9333,8528,17861
202209,일산선,원흥,8377,7851,16228
202209,일산선,정발산,7475,7987,15462
202209,일산선,주엽,7392,7285,14677
202209,일산선,화정,13631,14066,27697
202209,장항선,배방,1183,1121,2304
202209,장항선,봉명,863,791,1654
202209,장항선,신창,1617,1373,2990
202209,장항선,쌍용,1915,1649,3564
202209,장항선,아산,3580,3423,7003
202209,장항선,온양온천,4245,4212,8457
202209,장항선,탕정,957,804,1761
202209,중앙선,구리,11752,11709,23461
202209,중앙선,국수,845,851,1696
202209,중앙선,덕소,5185,5109,10294
202209,중앙선,도농,8641,8123,16764
202209,중앙선,도심,1928,1640,3568
202209,중앙선,망우,7583,7270,14853
202209,중앙선,상봉,5494,5228,10722
202209,중앙선,신원,350,286,636
202209,중앙선,아신,687,708,1395
202209,중앙선,양수,2691,2695,5386
202209,중앙선,양원,2204,2131,4335
202209,중앙선,양정,632,547,1179
202209,중앙선,양평,5035,5068,10103
202209,중앙선,오빈,354,382,736
202209,중앙선,용문,2548,2684,5232
202209,중앙선,운길산,1343,1338,2681
202209,중앙선,원덕,516,458,974
202209,중앙선,중랑,5048,4724,9772
202209,중앙선,지평,55,84,139
202209,중앙선,팔당,1518,1603,3121
202209,중앙선,회기,24351,22912,47263
202209,1호선,동대문,7924,7902,15826
202209,1호선,동묘앞,7024,7115,14139
202209,1호선,서울역,29262,28987,58249
202209,1호선,시청,9151,8707,17858
202209,1호선,신설동,6657,6651,13308
202209,1호선,제기동,11317,12093,23410
202209,1호선,종각,12110,10834,22944
202209,1호선,종로3가,13445,12005,25450
202209,1호선,종로5가,10102,9493,19595
202209,1호선,청량리,12950,13580,26530
202209,2호선,강남,32874,30737,63611
202209,2호선,강변,21415,20817,42232
202209,2호선,건대입구,23937,24605,48542
202209,2호선,교대,10506,11721,22227
202209,2호선,구로디지털단지,23893,23205,47098
202209,2호선,구의,11499,11425,22924
202209,2호선,낙성대,16696,17408,34104
202209,2호선,당산,7891,8912,16803
202209,2호선,대림,14642,15030,29672
202209,2호선,도림천,422,449,871
202209,2호선,동대문역사문화공원,7696,9289,16985
202209,2호선,뚝섬,8969,9217,18186
202209,2호선,문래,8026,8474,16500
202209,2호선,방배,6658,7031,13689
202209,2호선,봉천,12313,12072,24385
202209,2호선,사당,21413,23732,45145
202209,2호선,삼성,28644,26742,55386
202209,2호선,상왕십리,6926,6727,13653
202209,2호선,서울대입구,25252,26036,51288
202209,2호선,서초,12681,11719,24400
202209,2호선,선릉,13357,11500,24857
202209,2호선,성수,13384,14505,27889
202209,2호선,시청,6834,5282,12116
202209,2호선,신답,721,784,1505
202209,2호선,신당,7485,8175,15660
202209,2호선,신대방,14728,14589,29317
202209,2호선,신도림,28521,28710,57231
202209,2호선,신림,33973,32574,66547
202209,2호선,신설동,2452,2564,5016
202209,2호선,신정네거리,5021,5096,10117
202209,2호선,신촌,23523,22955,46478
202209,2호선,아현,5179,5389,10568
202209,2호선,양천구청,3333,3419,6752
202209,2호선,역삼,11693,12564,24257
202209,2호선,영등포구청,8548,9153,17701
202209,2호선,왕십리,9363,8368,17731
202209,2호선,용답,1727,1770,3497
202209,2호선,용두,1251,1389,2640
202209,2호선,을지로3가,8751,8422,17173
202209,2호선,을지로4가,4191,3940,8131
202209,2호선,을지로입구,17996,17186,35182
202209,2호선,이대,7901,8539,16440
202209,2호선,잠실,45704,42955,88659
202209,2호선,잠실나루,5188,5285,10473
202209,2호선,잠실새내,11234,11465,22699
202209,2호선,종합운동장,5102,5648,10750
202209,2호선,충정로,3886,4103,7989
202209,2호선,한양대,2295,2572,4867
202209,2호선,합정,21594,22313,43907
202209,2호선,홍대입구,48792,47264,96056
202209,3호선,가락시장,4129,4337,8466
202209,3호선,경복궁,10706,11351,22057
202209,3호선,경찰병원,2778,2883,5661
202209,3호선,고속터미널,41627,41510,83137
202209,3호선,교대,4531,2828,7359
202209,3호선,구파발,10392,10462,20854
202209,3호선,금호,3944,3770,7714
202209,3호선,남부터미널,13460,15027,28487
202209,3호선,녹번,6896,6204,13100
202209,3호선,대청,4011,3992,8003
202209,3호선,대치,7515,6207,13722
202209,3호선,도곡,1726,1999,3725
202209,3호선,독립문,3813,3962,7775
202209,3호선,동대입구,7368,7653,15021
202209,3호선,매봉,3935,4090,8025
202209,3호선,무악재,1808,1829,3637
202209,3호선,불광,8493,9436,17929
202209,3호선,수서,10692,10963,21655
202209,3호선,신사,12895,12527,25422
202209,3호선,안국,10141,10386,20527
202209,3호선,압구정,14111,14723,28834
202209,3호선,약수,6511,6391,12902
202209,3호선,양재,13531,15585,29116
202209,3호선,연신내,19385,18366,37751
202209,3호선,오금,2780,2727,5507
202209,3호선,옥수,4519,4806,9325
202209,3호선,을지로3가,3422,3087,6509
202209,3호선,일원,3718,3715,7433
202209,3호선,잠원,1928,1981,3909
202209,3호선,종로3가,4009,4818,8827
202209,3호선,지축,2466,2244,4710
202209,3호선,충무로,1,0,1
202209,3호선,학여울,1544,1679,3223
202209,3호선,홍제,8682,8295,16977
202209,4호선,길음,10290,10352,20642
202209,4호선,남태령,835,582,1417
202209,4호선,노원,11215,11787,23002
202209,4호선,당고개,5065,4780,9845
202209,4호선,동대문,5882,6447,12329
202209,4호선,동대문역사문화공원,9370,8278,17648
202209,4호선,동작,736,771,1507
202209,4호선,명동,12919,13004,25923
202209,4호선,미아,7739,7442,15181
202209,4호선,미아사거리,15307,14532,29839
202209,4호선,사당,15268,14335,29603
202209,4호선,삼각지,3129,4238,7367
202209,4호선,상계,9686,9018,18704
202209,4호선,서울역,4612,12051,16663
202209,4호선,성신여대입구,12200,11753,23953
202209,4호선,수유,18869,18204,37073
202209,4호선,숙대입구,8212,7791,16003
202209,4호선,신용산,9086,9436,18522
202209,4호선,쌍문,15014,13774,28788
202209,4호선,이촌,5137,5728,10865
202209,4호선,창동,14972,15745,30717
202209,4호선,총신대입구,10311,11089,21400
202209,4호선,충무로,8302,8998,17300
202209,4호선,한성대입구,7682,7793,15475
202209,4호선,혜화,22542,23373,45915
202209,4호선,회현,8165,8180,16345
202209,5호선,강동,8623,8733,17356
202209,5호선,강일,2132,2111,4243
202209,5호선,개롱,2882,3222,6104
202209,5호선,개화산,2564,2562,5126
202209,5호선,거여,4385,4256,8641
202209,5호선,고덕,4168,4210,8378
202209,5호선,공덕,4625,4613,9238
202209,5호선,광나루,7246,6915,14161
202209,5호선,광화문,12384,12196,24580
202209,5호선,군자,5735,6379,12114
202209,5호선,굽은다리,5314,5122,10436
202209,5호선,길동,4097,4123,8220
202209,5호선,김포공항,6660,5879,12539
202209,5호선,까치산,14941,14408,29349
202209,5호선,답십리,7563,6976,14539
202209,5호선,동대문역사문화공원,942,1032,1974
202209,5호선,둔촌동,4514,4570,9084
202209,5호선,마곡,3598,3835,7433
202209,5호선,마장,2948,2883,5831
202209,5호선,마천,3502,3604,7106
202209,5호선,마포,4785,4821,9606
202209,5호선,명일,4797,4769,9566
202209,5호선,목동,7544,7673,15217
202209,5호선,미사,8345,8353,16698
202209,5호선,발산,9079,9552,18631
202209,5호선,방이,4270,3922,8192
202209,5호선,방화,3230,3225,6455
202209,5호선,상일동,6212,6209,12421
202209,5호선,서대문,4933,4904,9837
202209,5호선,송정,3445,3398,6843
202209,5호선,신금호,2788,3083,5871
202209,5호선,신길,1942,2076,4018
202209,5호선,신정,6056,5507,11563
202209,5호선,아차산,8158,7948,16106
202209,5호선,애오개,2616,2611,5227
202209,5호선,양평,2716,2801,5517
202209,5호선,여의나루,5054,7082,12136
202209,5호선,여의도,9038,9041,18079
202209,5호선,영등포구청,1370,1294,2664
202209,5호선,영등포시장,5856,6083,11939
202209,5호선,오금,1471,1450,2921
202209,5호선,오목교,11256,11640,22896
202209,5호선,올림픽공원,2776,2707,5483
202209,5호선,왕십리,2373,2840,5213
202209,5호선,우장산,6698,6909,13607
202209,5호선,을지로4가,1608,1761,3369
202209,5호선,장한평,8002,7943,15945
202209,5호선,종로3가,8584,7327,15911
202209,5호선,천호,12014,11330,23344
202209,5호선,청구,1659,1617,3276
202209,5호선,충정로,1485,1584,3069
202209,5호선,하남검단산,3934,3915,7849
202209,5호선,하남시청,4238,4095,8333
202209,5호선,하남풍산,2156,2180,4336
202209,5호선,행당,3946,3606,7552
202209,5호선,화곡,13736,12811,26547
202209,6호선,고려대,4170,4155,8325
202209,6호선,공덕,6899,6674,13573
202209,6호선,광흥창,4052,4046,8098
202209,6호선,구산,3925,3064,6989
202209,6호선,녹사평,3642,3458,7100
202209,6호선,대흥,4093,4249,8342
202209,6호선,독바위,1375,1547,2922
202209,6호선,돌곶이,5444,5166,10610
202209,6호선,동묘앞,4680,5029,9709
202209,6호선,디지털미디어시티,5364,5635,10999
202209,6호선,마포구청,7203,6433,13636
202209,6호선,망원,9516,10153,19669
202209,6호선,버티고개,1017,1148,2165
202209,6호선,보문,3951,3820,7771
202209,6호선,봉화산,3744,3743,7487
202209,6호선,불광,2850,2488,5338
202209,6호선,삼각지,4231,3218,7449
202209,6호선,상수,6937,7641,14578
202209,6호선,상월곡,3156,2912,6068
202209,6호선,새절,6009,5950,11959
202209,6호선,석계,6242,6586,12828
202209,6호선,신내,1,0,1
202209,6호선,신당,4738,5332,10070
202209,6호선,안암,5599,6319,11918
202209,6호선,약수,1755,1741,3496
202209,6호선,역촌,1992,2361,4353
202209,6호선,월곡,5285,5311,10596
202209,6호선,월드컵경기장,12916,12336,25252
202209,6호선,응암,8849,8823,17672
202209,6호선,이태원,12761,9416,22177
202209,6호선,증산,5097,5091,10188
202209,6호선,창신,1639,1443,3082
202209,6호선,청구,1647,1601,3248
202209,6호선,태릉입구,3273,3328,6601
202209,6호선,한강진,6977,7789,14766
202209,6호선,합정,9718,9377,19095
202209,6호선,화랑대,4684,4408,9092
202209,6호선,효창공원앞,3261,3007,6268
202209,7호선,가산디지털단지,9453,8435,17888
202209,7호선,강남구청,5740,6244,11984
202209,7호선,건대입구,7660,8087,15747
202209,7호선,고속터미널,12043,8169,20212
202209,7호선,공릉,5907,6307,12214
202209,7호선,광명사거리,12204,12051,24255
202209,7호선,군자,7422,5817,13239
202209,7호선,까치울,1,0,1
202209,7호선,남구로,6575,6612,13187
202209,7호선,남성,5386,5450,10836
202209,7호선,내방,5239,5379,10618
202209,7호선,노원,10899,10652,21551
202209,7호선,논현,5366,5595,10961
202209,7호선,대림,7484,7154,14638
202209,7호선,도봉산,4158,5346,9504
202209,7호선,뚝섬유원지,4019,3889,7908
202209,7호선,마들,5754,5462,11216
202209,7호선,먹골,5214,5113,10327
202209,7호선,면목,7410,7365,14775
202209,7호선,반포,2909,2926,5835
202209,7호선,보라매,3533,3492,7025
202209,7호선,사가정,8060,7905,15965
202209,7호선,상도,5576,5738,11314
202209,7호선,상봉,9127,8558,17685
202209,7호선,수락산,6776,6460,13236
202209,7호선,숭실대입구,5704,6227,11931
202209,7호선,신대방삼거리,7524,7346,14870
202209,7호선,신풍,5935,5682,11617
202209,7호선,어린이대공원,8742,8813,17555
202209,7호선,온수,3809,3867,7676
202209,7호선,용마산,2926,3042,5968
202209,7호선,이수,8291,7460,15751
202209,7호선,장승배기,4579,4526,9105
202209,7호선,장암,961,571,1532
202209,7호선,중계,6194,5959,12153
202209,7호선,중곡,5100,5026,10126
202209,7호선,중화,5350,5252,10602
202209,7호선,천왕,4920,4770,9690
202209,7호선,철산,10104,10284,20388
202209,7호선,청담,7190,7888,15078
202209,7호선,태릉입구,4625,4527,9152
202209,7호선,하계,8734,8243,16977
202209,7호선,학동,6986,7363,14349
202209,8호선,가락시장,3438,4306,7744
202209,8호선,강동구청,4402,4528,8930
202209,8호선,남위례,2613,2691,5304
202209,8호선,남한산성입구,6478,5998,12476
202209,8호선,단대오거리,5398,5364,10762
202209,8호선,모란,4368,3597,7965
202209,8호선,몽촌토성,3172,3153,6325
202209,8호선,문정,5721,5946,11667
202209,8호선,복정,4655,4458,9113
202209,8호선,산성,2618,2686,5304
202209,8호선,석촌,4033,4921,8954
202209,8호선,송파,4431,4572,9003
202209,8호선,수진,3069,2847,5916
202209,8호선,신흥,2683,2866,5549
202209,8호선,암사,8680,8332,17012
202209,8호선,잠실,10119,10983,21102
202209,8호선,장지,8907,9190,18097
202209,8호선,천호,8462,9374,17836
202209,9호선,가양,10545,10155,20700
202209,9호선,개화,955,859,1814
202209,9호선,고속터미널,10122,16031,26153
202209,9호선,공항시장,1788,1924,3712
202209,9호선,구반포,421,417,838
202209,9호선,국회의사당,5506,5163,10669
202209,9호선,김포공항,6586,8395,14981
202209,9호선,노들,2638,2290,4928
202209,9호선,노량진,14356,15170,29526
202209,9호선,당산,9985,9856,19841
202209,9호선,동작,1150,950,2100
202209,9호선,등촌,5105,5327,10432
202209,9호선,마곡나루,5360,5415,10775
202209,9호선,사평,1639,1731,3370
202209,9호선,샛강,1873,1773,3646
202209,9호선,선유도,2683,2652,5335
202209,9호선,신논현,15343,14511,29854
202209,9호선,신목동,1719,1589,3308
202209,9호선,신반포,2061,2101,4162
202209,9호선,신방화,3554,3629,7183
202209,9호선,양천향교,3944,4155,8099
202209,9호선,여의도,10188,8516,18704
202209,9호선,염창,8736,8374,17110
202209,9호선,증미,3221,3217,6438
202209,9호선,흑석,3968,4268,8236
202209,9호선2~3단계,둔촌오륜,570,602,1172
202209,9호선2~3단계,봉은사,12738,13198,25936
202209,9호선2~3단계,삼성중앙,2340,2478,4818
202209,9호선2~3단계,삼전,3632,3539,7171
202209,9호선2~3단계,석촌,4682,3912,8594
202209,9호선2~3단계,석촌고분,3292,3289,6581
202209,9호선2~3단계,선정릉,3158,3552,6710
202209,9호선2~3단계,송파나루,3069,3208,6277
202209,9호선2~3단계,언주,3976,4060,8036
202209,9호선2~3단계,올림픽공원,8412,8442,16854
202209,9호선2~3단계,종합운동장,2197,2009,4206
202209,9호선2~3단계,중앙보훈병원,3362,3247,6609
202209,9호선2~3단계,한성백제,1523,1361,2884
202209,경강선,경기광주,4004,3980,7984
202209,경강선,곤지암,1517,1524,3041
202209,경강선,부발,1526,2105,3631
202209,경강선,삼동,1057,1055,2112
202209,경강선,세종대왕릉,268,252,520
202209,경강선,신둔도예촌,997,1060,2057
202209,경강선,여주,2044,2107,4151
202209,경강선,이매,632,511,1143
202209,경강선,이천,2027,2273,4300
202209,경강선,초월,1601,1596,3197
202209,경강선,판교,2628,2330,4958
202209,경부선,가산디지털단지,4436,6014,10450
202209,경부선,관악,4058,3872,7930
202209,경부선,광명,2655,1967,4622
202209,경부선,구로,9449,9562,19011
202209,경부선,군포,2959,2832,5791
202209,경부선,금정,14550,14801,29351
202209,경부선,금천구청,5439,5522,10961
202209,경부선,남영,4918,5054,9972
202209,경부선,노량진,5543,5227,10770
202209,경부선,당정,2873,2889,5762
202209,경부선,대방,4728,5374,10102
202209,경부선,독산,6060,6055,12115
202209,경부선,두정,4654,6269,10923
202209,경부선,명학,3015,3039,6054
202209,경부선,병점,9215,9792,19007
202209,경부선,서동탄,654,663,1317
202209,경부선,서울역,8531,2062,10593
202209,경부선,서정리,4475,6647,11122
202209,경부선,석수,4446,4090,8536
202209,경부선,성균관대,7780,8408,16188
202209,경부선,성환,2544,3378,5922
202209,경부선,세류,2037,1935,3972
202209,경부선,세마,1706,1549,3255
202209,경부선,송탄,3483,4321,7804
202209,경부선,수원,32618,31667,64285
202209,경부선,신길,4276,3868,8144
202209,경부선,신도림,1947,2290,4237
202209,경부선,안양,12546,12281,24827
202209,경부선,영등포,33866,32304,66170
202209,경부선,오산,7247,7629,14876
202209,경부선,오산대,1984,1857,3841
202209,경부선,용산,34532,32627,67159
202209,경부선,의왕,3786,3806,7592
202209,경부선,직산,579,679,1258
202209,경부선,진위,859,863,1722
202209,경부선,천안,6271,6516,12787
202209,경부선,평택,11397,12027,23424
202209,경부선,평택지제,2700,2690,5390
202209,경부선,화서,3917,3679,7596
202209,경원선,가능,3581,3478,7059
202209,경원선,광운대,4576,4795,9371
202209,경원선,녹양,2365,2263,4628
202209,경원선,녹천,2385,2158,4543
202209,경원선,덕계,1698,1634,3332
202209,경원선,덕정,3008,3132,6140
202209,경원선,도봉,3132,3030,6162
202209,경원선,도봉산,5085,3602,8687
202209,경원선,동두천,1244,1565,2809
202209,경원선,동두천중앙,1894,1707,3601
202209,경원선,망월사,4109,4266,8375
202209,경원선,방학,5503,5365,10868
202209,경원선,보산,1235,1269,2504
202209,경원선,서빙고,1562,1646,3208
202209,경원선,석계,4626,5019,9645
202209,경원선,소요산,2684,2312,4996
202209,경원선,신이문,4495,4271,8766
202209,경원선,양주,4682,4532,9214
202209,경원선,옥수,51,23,74
202209,경원선,왕십리,10468,11755,22223
202209,경원선,외대앞,5523,5439,10962
202209,경원선,월계,3552,3366,6918
202209,경원선,응봉,980,913,1893
202209,경원선,의정부,12992,12747,25739
202209,경원선,이촌,2209,1750,3959
202209,경원선,지행,4098,4111,8209
202209,경원선,청량리,15072,13729,28801
202209,경원선,한남,1821,1771,3592
202209,경원선,회룡,6791,6555,13346
202209,경의선,가좌,2887,2929,5816
202209,경의선,강매,1321,1254,2575
202209,경의선,곡산,317,295,612
202209,경의선,공덕,2070,1393,3463
202209,경의선,금릉,2704,2523,5227
202209,경의선,금촌,3791,4034,7825
202209,경의선,능곡,2030,1969,3999
202209,경의선,디지털미디어시티,1514,1343,2857
202209,경의선,문산,3551,3734,7285
202209,경의선,백마,3312,3150,6462
202209,경의선,서강대,1338,1294,2632
202209,경의선,서울역,1036,1002,2038
202209,경의선,수색,891,972,1863
202209,경의선,신촌,304,309,613
202209,경의선,야당,4489,4261,8750
202209,경의선,운정,3397,3258,6655
202209,경의선,월롱,961,2028,2989
202209,경의선,일산,4493,4282,8775
202209,경의선,임진강,33,25,58
202209,경의선,탄현,3945,3596,7541
202209,경의선,파주,643,538,1181
202209,경의선,풍산,3347,3061,6408
202209,경의선,행신,4468,4199,8667
202209,경의선,홍대입구,1532,1947,3479
202209,경의선,화전,849,967,1816
202209,경의선,효창공원앞,1307,1492,2799
202209,경인선,간석,2935,2812,5747
202209,경인선,개봉,11069,11106,22175
202209,경인선,구일,2934,2927,5861
202209,경인선,도원,1547,1587,3134
202209,경인선,도화,2148,2057,4205
202209,경인선,동암,9351,9096,18447
202209,경인선,동인천,8289,8061,16350
202209,경인선,백운,3818,3838,7656
202209,경인선,부개,4687,4376,9063
202209,경인선,부천,21620,21109,42729
202209,경인선,부평,20883,20723,41606
202209,경인선,소사,5453,5587,11040
202209,경인선,송내,12522,12289,24811
202209,경인선,역곡,13499,13828,27327
202209,경인선,오류동,6834,6444,13278
202209,경인선,온수,3655,3448,7103
202209,경인선,인천,2561,1998,4559
202209,경인선,제물포,5047,4964,10011
202209,경인선,주안,11071,10007,21078
202209,경인선,중동,5005,4599,9604
202209,경춘선,가평,2561,1255,3816
202209,경춘선,갈매,1397,1225,2622
202209,경춘선,강촌,563,344,907
202209,경춘선,굴봉산,153,98,251
202209,경춘선,금곡,844,760,1604
202209,경춘선,김유정,244,253,497
202209,경춘선,남춘천,2166,2969,5135
202209,경춘선,대성리,1902,376,2278
202209,경춘선,마석,2411,2265,4676
202209,경춘선,백양리,111,57,168
202209,경춘선,별내,1622,1466,3088
202209,경춘선,사릉,1223,1138,2361
202209,경춘선,상천,366,286,652
202209,경춘선,신내,927,950,1877
202209,경춘선,천마산,922,865,1787
202209,경춘선,청평,1867,1079,2946
202209,경춘선,춘천,1377,1529,2906
202209,경춘선,퇴계원,1942,1780,3722
202209,경춘선,평내호평,3063,2865,5928
202209,공항철도 1호선,검암,3095,3079,6174
202209,공항철도 1호선,계양,5231,5121,10352
202209,공항철도 1호선,공덕,1282,1963,3245
202209,공항철도 1호선,공항화물청사,950,1029,1979
202209,공항철도 1호선,김포공항,10005,4550,14555
202209,공항철도 1호선,디지털미디어시티,3639,3731,7370
202209,공항철도 1호선,마곡나루,2058,2155,4213
202209,공항철도 1호선,서울역,8720,8532,17252
202209,공항철도 1호선,영종,2463,2242,4705
202209,공항철도 1호선,운서,5382,5759,11141
202209,공항철도 1호선,인천공항1터미널,8360,7140,15500
202209,공항철도 1호선,인천공항2터미널,3275,2995,6270
202209,공항철도 1호선,청라국제도시,3170,2931,6101
202209,공항철도 1호선,홍대입구,10196,9086,19282
202209,과천선,경마공원,17133,17497,34630
202209,과천선,과천,3701,3519,7220
202209,과천선,대공원,11417,12028,23445
202209,과천선,범계,14403,14055,28458
202209,과천선,선바위,4063,3746,7809
202209,과천선,인덕원,12021,12240,24261
202209,과천선,정부과천청사,4408,4317,8725
202209,과천선,평촌,6348,6042,12390
202209,분당선,가천대,3944,4933,8877
202209,분당선,강남구청,3011,3724,6735
202209,분당선,개포동,2242,2284,4526
202209,분당선,구룡,862,1041,1903
202209,분당선,구성,2416,2578,4994
202209,분당선,기흥,5033,4870,9903
202209,분당선,대모산입구,2350,2353,4703
202209,분당선,도곡,2787,2654,5441
202209,분당선,망포,6250,6541,12791
202209,분당선,매교,1750,1708,3458
202209,분당선,매탄권선,2698,2508,5206
202209,분당선,모란,17254,18335,35589
202209,분당선,미금,7675,8105,15780
202209,분당선,보정,1224,1117,2341
202209,분당선,상갈,2639,2780,5419
202209,분당선,서울숲,5722,6078,11800
202209,분당선,서현,14561,14479,29040
202209,분당선,선릉,2913,4415,7328
202209,분당선,선정릉,2078,2095,4173
202209,분당선,수내,6326,6081,12407
202209,분당선,수서,8917,8682,17599
202209,분당선,수원,5395,4519,9914
202209,분당선,수원시청,7280,7265,14545
202209,분당선,신갈,2042,2057,4099
202209,분당선,압구정로데오,10877,11829,22706
202209,분당선,야탑,14046,14378,28424
202209,분당선,영통,5068,5119,10187
202209,분당선,오리,5589,4794,10383
202209,분당선,이매,3480,3505,6985
202209,분당선,정자,7716,7866,15582
202209,분당선,죽전,7506,8862,16368
202209,분당선,청명,2081,2251,4332
202209,분당선,태평,8379,8016,16395
202209,분당선,한티,10137,9392,19529
202209,수인선,고색,1674,1722,3396
202209,수인선,남동인더스파크,620,611,1231
202209,수인선,달월,50,53,103
202209,수인선,사리,2573,2091,4664
202209,수인선,소래포구,4107,4025,8132
202209,수인선,송도,1365,1261,2626
202209,수인선,숭의,1835,1623,3458
202209,수인선,신포,999,958,1957
202209,수인선,야목,190,153,343
202209,수인선,어천,622,649,1271
202209,수인선,연수,3141,3019,6160
202209,수인선,오목천,1599,1616,3215
202209,수인선,원인재,2575,2657,5232
202209,수인선,월곶,1588,1454,3042
202209,수인선,인천,775,1098,1873
202209,수인선,인천논현,2756,2682,5438
202209,수인선,인하대,3050,3126,6176
202209,수인선,호구포,1960,2033,3993
202209,신림선,관악산,1579,1702,3281
202209,신림선,당곡,2213,2162,4375
202209,신림선,대방,1091,867,1958
202209,신림선,보라매,1351,1314,2665
202209,신림선,보라매공원,796,893,1689
202209,신림선,보라매병원,1728,1790,3518
202209,신림선,샛강,612,802,1414
202209,신림선,서울대벤처타운,4282,4330,8612
202209,신림선,서울지방병무청,1221,1485,2706
202209,신림선,서원,1731,1686,3417
202209,신림선,신림,1033,1240,2273
202209,안산선,고잔,4645,4467,9112
202209,안산선,대야미,2684,2567,5251
202209,안산선,반월,2404,2405,4809
202209,안산선,산본,8437,9085,17522
202209,안산선,상록수,8741,8767,17508
202209,안산선,수리산,1981,1710,3691
202209,안산선,신길온천,1066,1087,2153
202209,안산선,안산,9066,8381,17447
202209,안산선,오이도,4946,4647,9593
202209,안산선,정왕,5168,5837,11005
202209,안산선,중앙,11047,11019,22066
202209,안산선,초지,2302,2230,4532
202209,안산선,한대앞,5297,5182,10479
202209,우이신설선,4.19민주묘지,1707,1652,3359
202209,우이신설선,가오리,2200,2078,4278
202209,우이신설선,보문,923,977,1900
202209,우이신설선,북한산보국문,3558,3334,6892
202209,우이신설선,북한산우이,2074,2102,4176
202209,우이신설선,삼양,1145,1182,2327
202209,우이신설선,삼양사거리,1491,1407,2898
202209,우이신설선,성신여대입구,2172,2455,4627
202209,우이신설선,솔밭공원,1380,1289,2669
202209,우이신설선,솔샘,2626,2504,5130
202209,우이신설선,신설동,1079,1000,2079
202209,우이신설선,정릉,2638,2210,4848
202209,우이신설선,화계,2036,1852,3888
202209,일산선,대곡,1005,849,1854
202209,일산선,대화,5652,5171,10823
202209,일산선,마두,3301,3343,6644
202209,일산선,백석,5213,5182,10395
202209,일산선,삼송,10618,10462,21080
202209,일산선,원당,5512,5302,10814
202209,일산선,원흥,5399,5147,10546
202209,일산선,정발산,5072,4927,9999
202209,일산선,주엽,4566,4309,8875
202209,일산선,화정,8308,8415,16723
202209,장항선,배방,857,970,1827
202209,장항선,봉명,647,684,1331
202209,장항선,신창,1014,2298,3312
202209,장항선,쌍용,1532,1720,3252
202209,장항선,아산,3812,2583,6395
202209,장항선,온양온천,5335,5221,10556
202209,장항선,탕정,562,636,1198
202209,중앙선,구리,6870,6963,13833
202209,중앙선,국수,429,403,832
202209,중앙선,덕소,3007,3106,6113
202209,중앙선,도농,5090,5043,10133
202209,중앙선,도심,1141,1035,2176
202209,중앙선,망우,4891,4924,9815
202209,중앙선,상봉,3451,3637,7088
202209,중앙선,신원,140,116,256
202209,중앙선,아신,401,379,780
202209,중앙선,양수,1400,1311,2711
202209,중앙선,양원,1233,1236,2469
202209,중앙선,양정,383,317,700
202209,중앙선,양평,1995,1888,3883
202209,중앙선,오빈,205,192,397
202209,중앙선,용문,1690,1370,3060
202209,중앙선,운길산,617,596,1213
202209,중앙선,원덕,305,239,544
202209,중앙선,중랑,3379,3294,6673
202209,중앙선,지평,56,39,95
202209,중앙선,팔당,762,734,1496
202209,중앙선,회기,16610,16622,33232
202209,1호선,동대문,10510,11077,21587
202209,1호선,동묘앞,6305,6796,13101
202209,1호선,서울역,28492,28558,57050
202209,1호선,시청,7938,7824,15762
202209,1호선,신설동,4814,4589,9403
202209,1호선,제기동,5059,5010,10069
202209,1호선,종각,12128,10331,22459
202209,1호선,종로3가,11686,10362,22048
202209,1호선,종로5가,7192,6507,13699
202209,1호선,청량리,8949,8857,17806
202209,2호선,강남,15881,16461,32342
202209,2호선,강변,18329,18118,36447
202209,2호선,건대입구,17511,19684,37195
202209,2호선,교대,4741,5264,10005
202209,2호선,구로디지털단지,15639,15701,31340
202209,2호선,구의,7461,7618,15079
202209,2호선,낙성대,9003,8515,17518
202209,2호선,당산,5672,5976,11648
202209,2호선,대림,11947,12967,24914
202209,2호선,도림천,326,298,624
202209,2호선,동대문역사문화공원,6240,7263,13503
202209,2호선,뚝섬,5718,5758,11476
202209,2호선,문래,4262,4512,8774
202209,2호선,방배,3210,3299,6509
202209,2호선,봉천,8093,7530,15623
202209,2호선,사당,11512,13175,24687
202209,2호선,삼성,11396,10683,22079
202209,2호선,상왕십리,4648,4487,9135
202209,2호선,서울대입구,14530,14132,28662
202209,2호선,서초,3485,2648,6133
202209,2호선,선릉,6268,5226,11494
202209,2호선,성수,6827,8070,14897
202209,2호선,시청,5614,4386,10000
202209,2호선,신답,474,489,963
202209,2호선,신당,5285,5517,10802
202209,2호선,신대방,10996,10726,21722
202209,2호선,신도림,14746,15209,29955
202209,2호선,신림,23141,23057,46198
202209,2호선,신설동,1489,1280,2769
202209,2호선,신정네거리,3711,3806,7517
202209,2호선,신촌,12375,12102,24477
202209,2호선,아현,3546,3399,6945
202209,2호선,양천구청,2246,2381,4627
202209,2호선,역삼,5036,5200,10236
202209,2호선,영등포구청,4294,4358,8652
202209,2호선,왕십리,5879,4949,10828
202209,2호선,용답,1440,1388,2828
202209,2호선,용두,720,670,1390
202209,2호선,을지로3가,5039,4956,9995
202209,2호선,을지로4가,2726,2557,5283
202209,2호선,을지로입구,9704,8404,18108
202209,2호선,이대,4806,4530,9336
202209,2호선,잠실,37062,35088,72150
202209,2호선,잠실나루,3392,3425,6817
202209,2호선,잠실새내,6929,7317,14246
202209,2호선,종합운동장,8478,8892,17370
202209,2호선,충정로,2362,2292,4654
202209,2호선,한양대,1611,1524,3135
202209,2호선,합정,11048,12689,23737
202209,2호선,홍대입구,33802,38343,72145
202209,3호선,가락시장,2337,2213,4550
202209,3호선,경복궁,19034,23252,42286
202209,3호선,경찰병원,1986,1944,3930
202209,3호선,고속터미널,24912,25395,50307
202209,3호선,교대,1960,1280,3240
202209,3호선,구파발,8981,9117,18098
202209,3호선,금호,3284,3035,6319
202209,3호선,남부터미널,9793,9429,19222
202209,3호선,녹번,5544,4950,10494
202209,3호선,대청,2748,2761,5509
202209,3호선,대치,5197,4595,9792
202209,3호선,도곡,957,1131,2088
202209,3호선,독립문,3150,3064,6214
202209,3호선,동대입구,3974,4503,8477
202209,3호선,매봉,2407,2397,4804
202209,3호선,무악재,1415,1524,2939
202209,3호선,불광,6367,7006,13373
202209,3호선,수서,8073,7937,16010
202209,3호선,신사,5915,6491,12406
202209,3호선,안국,12959,12773,25732
202209,3호선,압구정,5333,5776,11109
202209,3호선,약수,4580,4438,9018
202209,3호선,양재,6279,7421,13700
202209,3호선,연신내,15505,14864,30369
202209,3호선,오금,1778,1763,3541
202209,3호선,옥수,3772,3732,7504
202209,3호선,을지로3가,2309,2033,4342
202209,3호선,일원,2271,2175,4446
202209,3호선,잠원,1478,1455,2933
202209,3호선,종로3가,2965,4509,7474
202209,3호선,지축,1891,1746,3637
202209,3호선,학여울,426,426,852
202209,3호선,홍제,7314,6816,14130
202209,4호선,길음,8217,7788,16005
202209,4호선,남태령,655,438,1093
202209,4호선,노원,8101,9630,17731
202209,4호선,당고개,4905,4339,9244
202209,4호선,동대문,4496,4277,8773
202209,4호선,동대문역사문화공원,7613,6362,13975
202209,4호선,동작,1448,1718,3166
202209,4호선,명동,13173,14589,27762
202209,4호선,미아,6350,5740,12090
202209,4호선,미아사거리,11599,10958,22557
202209,4호선,사당,9534,8081,17615
202209,4호선,삼각지,1560,2291,3851
202209,4호선,상계,8238,7702,15940
202209,4호선,서울역,4017,10269,14286
202209,4호선,성신여대입구,8326,8082,16408
202209,4호선,수유,15921,15720,31641
202209,4호선,숙대입구,4122,3804,7926
202209,4호선,신용산,6430,6457,12887
202209,4호선,쌍문,12408,11088,23496
202209,4호선,이촌,2776,3101,5877
202209,4호선,창동,10245,10739,20984
202209,4호선,총신대입구,6426,7034,13460
202209,4호선,충무로,7587,9905,17492
202209,4호선,한성대입구,5636,5439,11075
202209,4호선,혜화,14261,14869,29130
202209,4호선,회현,4132,3571,7703
202209,5호선,강동,5925,5590,11515
202209,5호선,강일,1712,1570,3282
202209,5호선,개롱,1926,2132,4058
202209,5호선,개화산,2204,2165,4369
202209,5호선,거여,3054,2950,6004
202209,5호선,고덕,2613,2694,5307
202209,5호선,공덕,3071,3098,6169
202209,5호선,광나루,5030,4675,9705
202209,5호선,광화문,14849,14377,29226
202209,5호선,군자,4116,4343,8459
202209,5호선,굽은다리,3821,3632,7453
202209,5호선,길동,2555,2697,5252
202209,5호선,김포공항,5986,6288,12274
202209,5호선,까치산,11279,11307,22586
202209,5호선,답십리,5510,5113,10623
202209,5호선,동대문역사문화공원,726,910,1636
202209,5호선,둔촌동,2595,2502,5097
202209,5호선,마곡,2094,2208,4302
202209,5호선,마장,1968,1823,3791
202209,5호선,마천,2624,2616,5240
202209,5호선,마포,3385,3229,6614
202209,5호선,명일,2815,2862,5677
202209,5호선,목동,5621,5776,11397
202209,5호선,미사,5977,6013,11990
202209,5호선,발산,4705,5302,10007
202209,5호선,방이,2027,1960,3987
202209,5호선,방화,2675,2715,5390
202209,5호선,상일동,4380,4047,8427
202209,5호선,서대문,3593,3648,7241
202209,5호선,송정,2907,2776,5683
202209,5호선,신금호,2279,2393,4672
202209,5호선,신길,1315,1389,2704
202209,5호선,신정,4916,4426,9342
202209,5호선,아차산,7028,6619,13647
202209,5호선,애오개,1758,1725,3483
202209,5호선,양평,1720,1557,3277
202209,5호선,여의나루,13019,13026,26045
202209,5호선,여의도,3558,4491,8049
202209,5호선,영등포구청,884,792,1676
202209,5호선,영등포시장,2974,3022,5996
202209,5호선,오금,918,876,1794
202209,5호선,오목교,5827,6127,11954
202209,5호선,올림픽공원,1545,1395,2940
202209,5호선,왕십리,1635,1932,3567
202209,5호선,우장산,4412,4598,9010
202209,5호선,을지로4가,1228,1338,2566
202209,5호선,장한평,5076,5014,10090
202209,5호선,종로3가,7657,7471,15128
202209,5호선,천호,6729,6971,13700
202209,5호선,청구,1340,1181,2521
202209,5호선,충정로,949,905,1854
202209,5호선,하남검단산,3481,3361,6842
202209,5호선,하남시청,3026,2931,5957
202209,5호선,하남풍산,1277,1285,2562
202209,5호선,행당,3031,2527,5558
202209,5호선,화곡,10348,9700,20048
202209,6호선,고려대,3374,3094,6468
202209,6호선,공덕,4591,4342,8933
202209,6호선,광흥창,2431,2315,4746
202209,6호선,구산,3086,2259,5345
202209,6호선,녹사평,3143,3417,6560
202209,6호선,대흥,2541,2500,5041
202209,6호선,독바위,1313,1481,2794
202209,6호선,돌곶이,3525,3270,6795
202209,6호선,동묘앞,4287,3830,8117
202209,6호선,디지털미디어시티,4203,4231,8434
202209,6호선,마포구청,5276,4578,9854
202209,6호선,망원,6169,6416,12585
202209,6호선,버티고개,865,927,1792
202209,6호선,보문,3088,2713,5801
202209,6호선,봉화산,3105,3022,6127
202209,6호선,불광,1697,1758,3455
202209,6호선,삼각지,3436,2210,5646
202209,6호선,상수,3898,4713,8611
202209,6호선,상월곡,2404,2171,4575
202209,6호선,새절,5194,4970,10164
202209,6호선,석계,4877,4977,9854
202209,6호선,신당,2171,1850,4021
202209,6호선,안암,3297,3048,6345
202209,6호선,약수,1064,1115,2179
202209,6호선,역촌,1600,1762,3362
202209,6호선,월곡,4178,3849,8027
202209,6호선,월드컵경기장,7141,7304,14445
202209,6호선,응암,7287,7188,14475
202209,6호선,이태원,10857,15038,25895
202209,6호선,증산,4236,4211,8447
202209,6호선,창신,1233,1126,2359
202209,6호선,청구,1367,1228,2595
202209,6호선,태릉입구,2248,2217,4465
202209,6호선,한강진,3837,4432,8269
202209,6호선,합정,5694,5333,11027
202209,6호선,화랑대,3690,3072,6762
202209,6호선,효창공원앞,2411,2041,4452
202209,7호선,가산디지털단지,7509,6596,14105
202209,7호선,강남구청,2178,2318,4496
202209,7호선,건대입구,4674,5145,9819
202209,7호선,고속터미널,10534,6070,16604
202209,7호선,공릉,4410,4510,8920
202209,7호선,광명사거리,8832,8865,17697
202209,7호선,군자,5383,4066,9449
202209,7호선,남구로,6653,6561,13214
202209,7호선,남성,3926,3763,7689
202209,7호선,내방,3011,2960,5971
202209,7호선,노원,6292,7015,13307
202209,7호선,논현,3137,3372,6509
202209,7호선,대림,8054,8039,16093
202209,7호선,도봉산,3585,4953,8538
202209,7호선,뚝섬유원지,8136,7821,15957
202209,7호선,마들,5430,5223,10653
202209,7호선,먹골,3995,3787,7782
202209,7호선,면목,6289,6051,12340
202209,7호선,반포,1422,1491,2913
202209,7호선,보라매,2403,2344,4747
202209,7호선,사가정,6762,6602,13364
202209,7호선,상도,3660,3405,7065
202209,7호선,상봉,6350,6169,12519
202209,7호선,수락산,5869,5589,11458
202209,7호선,숭실대입구,4065,4148,8213
202209,7호선,신대방삼거리,5157,4984,10141
202209,7호선,신풍,4478,4284,8762
202209,7호선,어린이대공원,6266,5996,12262
202209,7호선,온수,2969,2968,5937
202209,7호선,용마산,2658,2757,5415
202209,7호선,이수,4715,4344,9059
202209,7호선,장승배기,3111,3115,6226
202209,7호선,장암,1049,552,1601
202209,7호선,중계,5512,4948,10460
202209,7호선,중곡,3814,3650,7464
202209,7호선,중화,4084,3821,7905
202209,7호선,천왕,3543,3413,6956
202209,7호선,철산,7369,7764,15133
202209,7호선,청담,3366,3442,6808
202209,7호선,태릉입구,3370,2928,6298
202209,7호선,하계,6236,5632,11868
202209,7호선,학동,2337,2282,4619
202209,8호선,가락시장,1749,2014,3763
202209,8호선,강동구청,2815,2851,5666
202209,8호선,남위례,1671,1688,3359
202209,8호선,남한산성입구,4725,4418,9143
202209,8호선,단대오거리,3913,3821,7734
202209,8호선,모란,1765,1695,3460
202209,8호선,몽촌토성,2260,2206,4466
202209,8호선,문정,2434,2473,4907
202209,8호선,복정,2570,2089,4659
202209,8호선,산성,2095,2057,4152
202209,8호선,석촌,2408,2964,5372
202209,8호선,송파,2521,2409,4930
202209,8호선,수진,1910,1666,3576
202209,8호선,신흥,1757,1845,3602
202209,8호선,암사,6102,5699,11801
202209,8호선,잠실,7175,8303,15478
202209,8호선,장지,4367,4020,8387
202209,8호선,천호,4854,5706,10560
202209,9호선,가양,7348,7202,14550
202209,9호선,개화,678,566,1244
202209,9호선,고속터미널,7526,10271,17797
202209,9호선,공항시장,1207,1349,2556
202209,9호선,구반포,208,205,413
202209,9호선,국회의사당,1416,1284,2700
202209,9호선,김포공항,5562,9552,15114
202209,9호선,노들,1816,1580,3396
202209,9호선,노량진,10332,10573,20905
202209,9호선,당산,5511,5437,10948
202209,9호선,동작,2967,2368,5335
202209,9호선,등촌,3506,3403,6909
202209,9호선,마곡나루,3443,3408,6851
202209,9호선,사평,1141,1104,2245
202209,9호선,샛강,1184,1098,2282
202209,9호선,선유도,1955,1813,3768
202209,9호선,신논현,7939,7771,15710
202209,9호선,신목동,1354,1214,2568
202209,9호선,신반포,1367,1691,3058
202209,9호선,신방화,2464,2459,4923
202209,9호선,양천향교,2643,2592,5235
202209,9호선,여의도,3755,3718,7473
202209,9호선,염창,5861,5791,11652
202209,9호선,증미,2034,1991,4025
202209,9호선,흑석,3057,2828,5885
202209,9호선2~3단계,둔촌오륜,267,265,532
202209,9호선2~3단계,봉은사,6470,6787,13257
202209,9호선2~3단계,삼성중앙,1150,1109,2259
202209,9호선2~3단계,삼전,2342,2145,4487
202209,9호선2~3단계,석촌,3197,2463,5660
202209,9호선2~3단계,석촌고분,2101,1933,4034
202209,9호선2~3단계,선정릉,1565,1598,3163
202209,9호선2~3단계,송파나루,1729,1777,3506
202209,9호선2~3단계,언주,1743,1549,3292
202209,9호선2~3단계,올림픽공원,2396,2458,4854
202209,9호선2~3단계,종합운동장,1480,1338,2818
202209,9호선2~3단계,중앙보훈병원,2425,2297,4722
202209,9호선2~3단계,한성백제,993,801,1794
202209,경강선,경기광주,3417,3370,6787
202209,경강선,곤지암,1775,1550,3325
202209,경강선,부발,1612,1326,2938
202209,경강선,삼동,795,706,1501
202209,경강선,세종대왕릉,503,494,997
202209,경강선,신둔도예촌,991,890,1881
202209,경강선,여주,2591,2243,4834
202209,경강선,이매,610,386,996
202209,경강선,이천,2591,2545,5136
202209,경강선,초월,1438,1331,2769
202209,경강선,판교,1292,1309,2601
202209,경부선,가산디지털단지,4163,5786,9949
202209,경부선,관악,3301,3108,6409
202209,경부선,광명,2127,1735,3862
202209,경부선,구로,7564,7905,15469
202209,경부선,군포,2693,2359,5052
202209,경부선,금정,11443,11539,22982
202209,경부선,금천구청,5066,5056,10122
202209,경부선,남영,3045,3169,6214
202209,경부선,노량진,4956,4653,9609
202209,경부선,당정,2271,2183,4454
202209,경부선,대방,3747,3999,7746
202209,경부선,독산,4807,4694,9501
202209,경부선,두정,3835,3848,7683
202209,경부선,명학,2322,2263,4585
202209,경부선,병점,7430,7518,14948
202209,경부선,서동탄,641,631,1272
202209,경부선,서울역,6724,1806,8530
202209,경부선,서정리,3872,3868,7740
202209,경부선,석수,3693,3262,6955
202209,경부선,성균관대,5797,5737,11534
202209,경부선,성환,3100,2741,5841
202209,경부선,세류,2028,1936,3964
202209,경부선,세마,1382,1209,2591
202209,경부선,송탄,3354,3327,6681
202209,경부선,수원,30264,30553,60817
202209,경부선,신길,3568,3114,6682
202209,경부선,신도림,1420,1573,2993
202209,경부선,안양,9802,10053,19855
202209,경부선,영등포,22254,23180,45434
202209,경부선,오산,7588,7159,14747
202209,경부선,오산대,1688,1670,3358
202209,경부선,용산,29731,29744,59475
202209,경부선,의왕,3136,3087,6223
202209,경부선,직산,644,622,1266
202209,경부선,진위,804,624,1428
202209,경부선,천안,6818,6423,13241
202209,경부선,평택,11522,11089,22611
202209,경부선,평택지제,2065,1917,3982
202209,경부선,화서,3232,3188,6420
202209,경원선,가능,3572,3297,6869
202209,경원선,광운대,3373,3347,6720
202209,경원선,녹양,2190,2084,4274
202209,경원선,녹천,2271,1765,4036
202209,경원선,덕계,1356,1319,2675
202209,경원선,덕정,3190,2877,6067
202209,경원선,도봉,2857,2733,5590
202209,경원선,도봉산,5205,3534,8739
202209,경원선,동두천,1242,1406,2648
202209,경원선,동두천중앙,2063,2108,4171
202209,경원선,망월사,3347,3308,6655
202209,경원선,방학,4873,4772,9645
202209,경원선,보산,1467,1366,2833
202209,경원선,서빙고,1039,905,1944
202209,경원선,석계,4033,4343,8376
202209,경원선,소요산,3381,2876,6257
202209,경원선,신이문,4169,3921,8090
202209,경원선,양주,4803,4481,9284
202209,경원선,옥수,67,33,100
202209,경원선,왕십리,6301,7462,13763
202209,경원선,외대앞,3935,3706,7641
202209,경원선,월계,3126,2941,6067
202209,경원선,응봉,1031,883,1914
202209,경원선,의정부,10602,11561,22163
202209,경원선,이촌,1621,1181,2802
202209,경원선,지행,3955,3839,7794
202209,경원선,창동,2,0,2
202209,경원선,청량리,11435,11264,22699
202209,경원선,한남,1542,1510,3052
202209,경원선,회룡,5648,5438,11086
202209,경의선,가좌,2329,2167,4496
202209,경의선,강매,1124,1094,2218
202209,경의선,곡산,270,242,512
202209,경의선,공덕,1398,1249,2647
202209,경의선,금릉,2467,2305,4772
202209,경의선,금촌,4382,4192,8574
202209,경의선,능곡,1778,1630,3408
202209,경의선,디지털미디어시티,1314,1113,2427
202209,경의선,문산,3612,3525,7137
202209,경의선,백마,2470,2429,4899
202209,경의선,서강대,1003,987,1990
202209,경의선,서울역,1055,1042,2097
202209,경의선,수색,672,691,1363
202209,경의선,신촌,214,196,410
202209,경의선,야당,3749,3789,7538
202209,경의선,운정,2926,2644,5570
202209,경의선,월롱,843,832,1675
202209,경의선,일산,3528,3599,7127
202209,경의선,임진강,105,127,232
202209,경의선,탄현,3053,2858,5911
202209,경의선,파주,776,654,1430
202209,경의선,풍산,2457,2271,4728
202209,경의선,행신,3530,3649,7179
202209,경의선,홍대입구,914,1579,2493
202209,경의선,화전,555,521,1076
202209,경의선,효창공원앞,1023,1169,2192
202209,경인선,간석,2671,2502,5173
202209,경인선,개봉,9579,9306,18885
202209,경인선,구일,3770,3732,7502
202209,경인선,도원,1394,1438,2832
202209,경인선,도화,1976,1792,3768
202209,경인선,동암,8793,8854,17647
202209,경인선,동인천,7319,7009,14328
202209,경인선,백운,3578,3637,7215
202209,경인선,부개,4271,3892,8163
202209,경인선,부천,17331,18039,35370
202209,경인선,부평,19210,21342,40552
202209,경인선,소사,4267,4263,8530
202209,경인선,송내,9588,9103,18691
202209,경인선,역곡,11254,11184,22438
202209,경인선,오류동,4927,4689,9616
202209,경인선,온수,3040,2790,5830
202209,경인선,인천,5581,5041,10622
202209,경인선,제물포,4517,4292,8809
202209,경인선,주안,10560,9754,20314
202209,경인선,중동,4136,3834,7970
202209,경춘선,가평,2162,2206,4368
202209,경춘선,갈매,969,868,1837
202209,경춘선,강촌,661,527,1188
202209,경춘선,굴봉산,192,169,361
202209,경춘선,금곡,841,807,1648
202209,경춘선,김유정,424,523,947
202209,경춘선,남춘천,2293,2312,4605
202209,경춘선,대성리,569,470,1039
202209,경춘선,마석,2697,2534,5231
202209,경춘선,백양리,104,93,197
202209,경춘선,별내,1192,1135,2327
202209,경춘선,사릉,1221,1181,2402
202209,경춘선,상천,329,330,659
202209,경춘선,신내,808,696,1504
202209,경춘선,천마산,1030,971,2001
202209,경춘선,청평,1765,1564,3329
202209,경춘선,춘천,2113,1711,3824
202209,경춘선,퇴계원,1612,1467,3079
202209,경춘선,평내호평,2732,2723,5455
202209,공항철도 1호선,검암,2855,2910,5765
202209,공항철도 1호선,계양,4434,4032,8466
202209,공항철도 1호선,공덕,1062,1325,2387
202209,공항철도 1호선,공항화물청사,857,898,1755
202209,공항철도 1호선,김포공항,9180,5221,14401
202209,공항철도 1호선,디지털미디어시티,2670,2511,5181
202209,공항철도 1호선,마곡나루,1768,1979,3747
202209,공항철도 1호선,서울역,8786,7469,16255
202209,공항철도 1호선,영종,2195,2193,4388
202209,공항철도 1호선,운서,4702,4928,9630
202209,공항철도 1호선,인천공항1터미널,6979,7275,14254
202209,공항철도 1호선,인천공항2터미널,3102,2673,5775
202209,공항철도 1호선,청라국제도시,2275,2173,4448
202209,공항철도 1호선,홍대입구,6807,6892,13699
202209,과천선,경마공원,392,384,776
202209,과천선,과천,2449,2209,4658
202209,과천선,대공원,5841,5766,11607
202209,과천선,범계,7608,8214,15822
202209,과천선,선바위,2150,1970,4120
202209,과천선,인덕원,7325,7421,14746
202209,과천선,정부과천청사,2375,2545,4920
202209,과천선,평촌,3824,3809,7633
202209,분당선,가천대,2567,2816,5383
202209,분당선,강남구청,1254,1537,2791
202209,분당선,개포동,1037,1052,2089
202209,분당선,구룡,442,433,875
202209,분당선,구성,1615,1821,3436
202209,분당선,기흥,3691,3432,7123
202209,분당선,대모산입구,1487,1370,2857
202209,분당선,도곡,1651,1404,3055
202209,분당선,망포,4077,3850,7927
202209,분당선,매교,1398,1343,2741
202209,분당선,매탄권선,1829,1745,3574
202209,분당선,모란,7379,7892,15271
202209,분당선,미금,4229,4305,8534
202209,분당선,보정,761,745,1506
202209,분당선,복정,1,0,1
202209,분당선,상갈,2312,2252,4564
202209,분당선,서울숲,4486,4555,9041
202209,분당선,서현,6702,7176,13878
202209,분당선,선릉,1344,1920,3264
202209,분당선,선정릉,927,861,1788
202209,분당선,수내,2721,2754,5475
202209,분당선,수서,6328,6576,12904
202209,분당선,수원,4875,3932,8807
202209,분당선,수원시청,4242,5151,9393
202209,분당선,신갈,1393,1422,2815
202209,분당선,압구정로데오,3271,4479,7750
202209,분당선,야탑,8432,8638,17070
202209,분당선,영통,2928,2956,5884
202209,분당선,오리,3088,2493,5581
202209,분당선,이매,1973,2009,3982
202209,분당선,정자,4342,4587,8929
202209,분당선,죽전,3897,4435,8332
202209,분당선,청명,1325,1288,2613
202209,분당선,태평,6342,5982,12324
202209,분당선,한티,6327,6128,12455
202209,수인선,고색,1459,1420,2879
202209,수인선,남동인더스파크,531,419,950
202209,수인선,달월,59,58,117
202209,수인선,사리,2350,1954,4304
202209,수인선,소래포구,4857,5050,9907
202209,수인선,송도,1232,1209,2441
202209,수인선,숭의,1596,1443,3039
202209,수인선,신포,873,826,1699
202209,수인선,야목,223,172,395
202209,수인선,어천,743,650,1393
202209,수인선,연수,2280,2312,4592
202209,수인선,오목천,1347,1205,2552
202209,수인선,원인재,2188,2279,4467
202209,수인선,월곶,1276,1271,2547
202209,수인선,인천,1474,2015,3489
202209,수인선,인천논현,2065,2171,4236
202209,수인선,인하대,2513,2393,4906
202209,수인선,호구포,1766,1776,3542
202209,신림선,관악산,2545,2515,5060
202209,신림선,당곡,1439,1376,2815
202209,신림선,대방,992,646,1638
202209,신림선,보라매,964,906,1870
202209,신림선,보라매공원,738,839,1577
202209,신림선,보라매병원,1349,1326,2675
202209,신림선,샛강,670,898,1568
202209,신림선,서울대벤처타운,3443,3062,6505
202209,신림선,서울지방병무청,918,1009,1927
202209,신림선,서원,1371,1229,2600
202209,신림선,신림,646,874,1520
202209,안산선,고잔,3432,3417,6849
202209,안산선,대야미,2157,1839,3996
202209,안산선,반월,2095,1833,3928
202209,안산선,산본,5575,6000,11575
202209,안산선,상록수,8091,7829,15920
202209,안산선,수리산,1495,1339,2834
202209,안산선,신길온천,1092,1024,2116
202209,안산선,안산,13419,13526,26945
202209,안산선,오이도,5689,5941,11630
202209,안산선,정왕,5937,6142,12079
202209,안산선,중앙,9202,10189,19391
202209,안산선,초지,1990,1877,3867
202209,안산선,한대앞,4466,4539,9005
202209,우이신설선,4.19민주묘지,1561,1338,2899
202209,우이신설선,가오리,2004,1908,3912
202209,우이신설선,보문,758,733,1491
202209,우이신설선,북한산보국문,3101,2757,5858
202209,우이신설선,북한산우이,2957,3053,6010
202209,우이신설선,삼양,1035,1054,2089
202209,우이신설선,삼양사거리,1183,1165,2348
202209,우이신설선,성신여대입구,1431,1678,3109
202209,우이신설선,솔밭공원,1313,1274,2587
202209,우이신설선,솔샘,2445,2209,4654
202209,우이신설선,신설동,749,747,1496
202209,우이신설선,정릉,2180,1783,3963
202209,우이신설선,화계,1722,1620,3342
202209,일산선,대곡,766,678,1444
202209,일산선,대화,4473,4105,8578
202209,일산선,마두,2417,2393,4810
202209,일산선,백석,3661,3510,7171
202209,일산선,삼송,9580,9091,18671
202209,일산선,원당,4714,4437,9151
202209,일산선,원흥,3864,3674,7538
202209,일산선,정발산,2867,3220,6087
202209,일산선,주엽,3197,3132,6329
202209,일산선,화정,6162,6502,12664
202209,장항선,배방,782,652,1434
202209,장항선,봉명,493,438,931
202209,장항선,신창,1458,1058,2516
202209,장항선,쌍용,1106,953,2059
202209,장항선,아산,2615,2176,4791
202209,장항선,온양온천,3432,3184,6616
202209,장항선,탕정,435,403,838
202209,중앙선,구리,5355,5856,11211
202209,중앙선,국수,646,518,1164
202209,중앙선,덕소,2699,2553,5252
202209,중앙선,도농,4034,3877,7911
202209,중앙선,도심,956,809,1765
202209,중앙선,망우,3880,3842,7722
202209,중앙선,상봉,3266,3339,6605
202209,중앙선,신원,235,171,406
202209,중앙선,아신,673,616,1289
202209,중앙선,양수,1785,1656,3441
202209,중앙선,양원,1048,1042,2090
202209,중앙선,양정,348,288,636
202209,중앙선,양평,2602,2501,5103
202209,중앙선,오빈,216,206,422
202209,중앙선,용문,2598,2352,4950
202209,중앙선,운길산,833,768,1601
202209,중앙선,원덕,490,380,870
202209,중앙선,중랑,2828,2670,5498
202209,중앙선,지평,74,64,138
202209,중앙선,팔당,1001,1078,2079
202209,중앙선,회기,11949,11525,23474
202209,1호선,동대문,11377,10898,22275
202209,1호선,동묘앞,10686,11032,21718
202209,1호선,서울역,34150,24371,58521
202209,1호선,시청,9873,9639,19512
202209,1호선,신설동,6329,6599,12928
202209,1호선,제기동,7052,7408,14460
202209,1호선,종각,15190,13109,28299
202209,1호선,종로3가,16321,14523,30844
202209,1호선,종로5가,10038,9830,19868
202209,1호선,청량리,10480,10903,21383
202209,2호선,강남,23840,24952,48792
202209,2호선,강변,26872,18635,45507
202209,2호선,건대입구,23167,27848,51015
202209,2호선,교대,7932,8765,16697
202209,2호선,구로디지털단지,20160,21350,41510
202209,2호선,구의,9096,9889,18985
202209,2호선,낙성대,11061,12591,23652
202209,2호선,당산,7569,7744,15313
202209,2호선,대림,14648,15346,29994
202209,2호선,도림천,346,403,749
202209,2호선,동대문역사문화공원,9126,10372,19498
202209,2호선,뚝섬,8707,8859,17566
202209,2호선,문래,5881,6525,12406
202209,2호선,방배,5096,5206,10302
202209,2호선,봉천,9645,10096,19741
202209,2호선,사당,17435,20000,37435
202209,2호선,삼성,17204,16431,33635
202209,2호선,상왕십리,5819,6077,11896
202209,2호선,서울대입구,18443,21665,40108
202209,2호선,서초,8345,7694,16039
202209,2호선,선릉,8263,7551,15814
202209,2호선,성수,11869,14157,26026
202209,2호선,시청,6709,5184,11893
202209,2호선,신답,623,699,1322
202209,2호선,신당,7156,8130,15286
202209,2호선,신대방,12372,13212,25584
202209,2호선,신도림,20408,21558,41966
202209,2호선,신림,27675,31300,58975
202209,2호선,신설동,2273,2294,4567
202209,2호선,신정네거리,4751,4842,9593
202209,2호선,신촌,16556,18105,34661
202209,2호선,아현,4399,4404,8803
202209,2호선,양천구청,3025,2980,6005
202209,2호선,역삼,7129,8103,15232
202209,2호선,영등포구청,5326,5913,11239
202209,2호선,왕십리,7173,7205,14378
202209,2호선,용답,1530,1594,3124
202209,2호선,용두,812,831,1643
202209,2호선,을지로3가,8197,8571,16768
202209,2호선,을지로4가,3266,3294,6560
202209,2호선,을지로입구,18132,16866,34998
202209,2호선,이대,5348,6452,11800
202209,2호선,잠실,48110,44995,93105
202209,2호선,잠실나루,4526,4555,9081
202209,2호선,잠실새내,9942,11256,21198
202209,2호선,종합운동장,13338,13745,27083
202209,2호선,충정로,2890,3108,5998
202209,2호선,한양대,1903,2189,4092
202209,2호선,합정,16403,19866,36269
202209,2호선,홍대입구,46912,53957,100869
202209,3호선,가락시장,3063,3114,6177
202209,3호선,경복궁,20828,26233,47061
202209,3호선,경찰병원,2281,2507,4788
202209,3호선,고속터미널,51587,32144,83731
202209,3호선,교대,3362,2237,5599
202209,3호선,구파발,11323,12073,23396
202209,3호선,금호,3902,3817,7719
202209,3호선,남부터미널,14208,10380,24588
202209,3호선,녹번,6665,6144,12809
202209,3호선,대청,3616,3640,7256
202209,3호선,대치,6592,5544,12136
202209,3호선,도곡,1434,1635,3069
202209,3호선,독립문,4299,4930,9229
202209,3호선,동대입구,4478,5599,10077
202209,3호선,매봉,3446,3489,6935
202209,3호선,무악재,1742,1874,3616
202209,3호선,불광,8865,10753,19618
202209,3호선,수서,10228,7873,18101
202209,3호선,신사,8724,10300,19024
202209,3호선,안국,16240,15920,32160
202209,3호선,압구정,9491,10450,19941
202209,3호선,약수,5726,5866,11592
202209,3호선,양재,9023,10794,19817
202209,3호선,연신내,19310,18832,38142
202209,3호선,오금,2179,2370,4549
202209,3호선,옥수,4706,4903,9609
202209,3호선,을지로3가,3531,3423,6954
202209,3호선,일원,2983,3034,6017
202209,3호선,잠원,2082,2059,4141
202209,3호선,종로3가,4067,6322,10389
202209,3호선,지축,2439,2202,4641
202209,3호선,충무로,1,0,1
202209,3호선,학여울,710,644,1354
202209,3호선,홍제,8482,8196,16678
202209,4호선,길음,9939,9766,19705
202209,4호선,남태령,598,459,1057
202209,4호선,노원,11237,13289,24526
202209,4호선,당고개,5610,4864,10474
202209,4호선,동대문,7162,7030,14192
202209,4호선,동대문역사문화공원,10454,9149,19603
202209,4호선,동작,1331,1423,2754
202209,4호선,명동,15736,17811,33547
202209,4호선,미아,7216,6867,14083
202209,4호선,미아사거리,14404,13849,28253
202209,4호선,사당,13151,11998,25149
202209,4호선,삼각지,2372,3455,5827
202209,4호선,상계,9631,8971,18602
202209,4호선,서울역,4478,9170,13648
202209,4호선,성신여대입구,10210,11023,21233
202209,4호선,수유,18401,18861,37262
202209,4호선,숙대입구,5937,6079,12016
202209,4호선,신용산,9190,7757,16947
202209,4호선,쌍문,14715,13399,28114
202209,4호선,이촌,5832,6268,12100
202209,4호선,창동,13121,13605,26726
202209,4호선,총신대입구,8536,9738,18274
202209,4호선,충무로,8012,10327,18339
202209,4호선,한성대입구,6782,6827,13609
202209,4호선,혜화,22634,24621,47255
202209,4호선,회현,5736,5672,11408
202209,5호선,강동,7325,7657,14982
202209,5호선,강일,2370,2059,4429
202209,5호선,개롱,2711,2835,5546
202209,5호선,개화산,2533,2535,5068
202209,5호선,거여,3936,3746,7682
202209,5호선,고덕,3741,3609,7350
202209,5호선,공덕,3781,4060,7841
202209,5호선,광나루,7145,6829,13974
202209,5호선,광화문,19049,18709,37758
202209,5호선,군자,4980,6002,10982
202209,5호선,굽은다리,4914,4637,9551
202209,5호선,길동,3474,3637,7111
202209,5호선,김포공항,7928,6847,14775
202209,5호선,까치산,13737,14209,27946
202209,5호선,답십리,6663,6333,12996
202209,5호선,동대문역사문화공원,845,947,1792
202209,5호선,둔촌동,3772,3888,7660
202209,5호선,마곡,3041,3155,6196
202209,5호선,마장,2483,2370,4853
202209,5호선,마천,3399,3498,6897
202209,5호선,마포,4017,4339,8356
202209,5호선,명일,4507,4467,8974
202209,5호선,목동,6832,7093,13925
202209,5호선,미사,8115,8734,16849
202209,5호선,발산,7342,8895,16237
202209,5호선,방이,3337,3224,6561
202209,5호선,방화,3216,3151,6367
202209,5호선,상일동,6147,5728,11875
202209,5호선,서대문,4403,4517,8920
202209,5호선,송정,3438,3336,6774
202209,5호선,신금호,2604,2775,5379
202209,5호선,신길,1521,1850,3371
202209,5호선,신정,5922,5477,11399
202209,5호선,아차산,9842,9522,19364
202209,5호선,애오개,2228,2340,4568
202209,5호선,양평,2149,2268,4417
202209,5호선,여의나루,14911,16611,31522
202209,5호선,여의도,8587,8417,17004
202209,5호선,영등포구청,1139,1166,2305
202209,5호선,영등포시장,4131,4705,8836
202209,5호선,오금,1277,1158,2435
202209,5호선,오목교,9886,10345,20231
202209,5호선,올림픽공원,2830,2620,5450
202209,5호선,왕십리,1982,2600,4582
202209,5호선,우장산,6180,6290,12470
202209,5호선,을지로4가,1612,1710,3322
202209,5호선,장한평,7214,7631,14845
202209,5호선,종로3가,10655,10368,21023
202209,5호선,천호,10596,10689,21285
202209,5호선,청구,1567,1600,3167
202209,5호선,충정로,1233,1153,2386
202209,5호선,하남검단산,4808,4687,9495
202209,5호선,하남시청,3992,3664,7656
202209,5호선,하남풍산,2079,1962,4041
202209,5호선,행당,3611,3296,6907
202209,5호선,화곡,12962,12614,25576
202209,6호선,고려대,3467,3699,7166
202209,6호선,공덕,5847,5526,11373
202209,6호선,광흥창,3337,3238,6575
202209,6호선,구산,3591,2599,6190
202209,6호선,녹사평,3726,4261,7987
202209,6호선,대흥,3072,3285,6357
202209,6호선,독바위,1533,1788,3321
202209,6호선,돌곶이,4971,4818,9789
202209,6호선,동묘앞,5845,5492,11337
202209,6호선,디지털미디어시티,5045,5256,10301
202209,6호선,마포구청,5866,5509,11375
202209,6호선,망원,7695,9244,16939
202209,6호선,버티고개,1011,1042,2053
202209,6호선,보문,3295,3439,6734
202209,6호선,봉화산,3756,3654,7410
202209,6호선,불광,2725,2592,5317
202209,6호선,삼각지,3997,2661,6658
202209,6호선,상수,5562,7339,12901
202209,6호선,상월곡,2882,2577,5459
202209,6호선,새절,5902,5719,11621
202209,6호선,석계,5687,6000,11687
202209,6호선,신당,4323,4081,8404
202209,6호선,안암,3339,4164,7503
202209,6호선,약수,1376,1392,2768
202209,6호선,역촌,1778,2093,3871
202209,6호선,연신내,1,0,1
202209,6호선,월곡,4516,4669,9185
202209,6호선,월드컵경기장,4221,4140,8361
202209,6호선,응암,8246,8296,16542
202209,6호선,이태원,13042,15526,28568
202209,6호선,증산,4980,4979,9959
202209,6호선,창신,1409,1285,2694
202209,6호선,청구,1726,1632,3358
202209,6호선,태릉입구,2729,2913,5642
202209,6호선,한강진,5849,7073,12922
202209,6호선,합정,8141,7840,15981
202209,6호선,화랑대,4537,3940,8477
202209,6호선,효창공원앞,2751,2469,5220
202209,7호선,가산디지털단지,10259,9687,19946
202209,7호선,강남구청,3007,3433,6440
202209,7호선,건대입구,6736,7717,14453
202209,7호선,고속터미널,18678,6183,24861
202209,7호선,공릉,5242,5654,10896
202209,7호선,광명사거리,11424,11201,22625
202209,7호선,군자,6344,5534,11878
202209,7호선,남구로,6764,6841,13605
202209,7호선,남성,4443,4775,9218
202209,7호선,내방,3879,4045,7924
202209,7호선,노원,10667,11246,21913
202209,7호선,논현,3811,4573,8384
202209,7호선,대림,8904,8953,17857
202209,7호선,도봉산,5312,7223,12535
202209,7호선,뚝섬유원지,8885,8741,17626
202209,7호선,마들,5466,5018,10484
202209,7호선,먹골,4739,4733,9472
202209,7호선,면목,6858,7024,13882
202209,7호선,반포,2506,2239,4745
202209,7호선,보라매,2851,3073,5924
202209,7호선,사가정,7961,7806,15767
202209,7호선,상도,4335,4846,9181
202209,7호선,상봉,7970,7844,15814
202209,7호선,수락산,7664,7641,15305
202209,7호선,숭실대입구,4704,5533,10237
202209,7호선,신대방삼거리,5926,6345,12271
202209,7호선,신풍,5311,5132,10443
202209,7호선,어린이대공원,6689,7628,14317
202209,7호선,온수,3608,3561,7169
202209,7호선,용마산,2920,3320,6240
202209,7호선,이수,6397,6542,12939
202209,7호선,장승배기,3642,3948,7590
202209,7호선,장암,1298,874,2172
202209,7호선,중계,6249,5659,11908
202209,7호선,중곡,4565,4670,9235
202209,7호선,중화,4858,4632,9490
202209,7호선,천왕,4513,4254,8767
202209,7호선,철산,9282,9756,19038
202209,7호선,청담,4039,4512,8551
202209,7호선,태릉입구,4038,4035,8073
202209,7호선,하계,8248,7878,16126
202209,7호선,학동,3291,3724,7015
202209,8호선,가락시장,2438,2873,5311
202209,8호선,강동구청,3764,3841,7605
202209,8호선,남위례,2417,2445,4862
202209,8호선,남한산성입구,6263,5707,11970
202209,8호선,단대오거리,5197,4839,10036
202209,8호선,모란,2339,2212,4551
202209,8호선,몽촌토성,2748,3157,5905
202209,8호선,문정,3491,3916,7407
202209,8호선,복정,3858,3476,7334
202209,8호선,산성,3015,2947,5962
202209,8호선,석촌,3230,4265,7495
202209,8호선,송파,3520,3604,7124
202209,8호선,수진,2528,2371,4899
202209,8호선,신흥,2427,2610,5037
202209,8호선,암사,7700,7252,14952
202209,8호선,잠실,10366,11694,22060
202209,8호선,장지,7765,7614,15379
202209,8호선,천호,7049,8610,15659
202209,9호선,가양,8774,9307,18081
202209,9호선,개화,1169,1050,2219
202209,9호선,고속터미널,13096,12570,25666
202209,9호선,공항시장,1458,1688,3146
202209,9호선,구반포,328,281,609
202209,9호선,국회의사당,3312,3240,6552
202209,9호선,김포공항,7615,10095,17710
202209,9호선,노들,2477,2215,4692
202209,9호선,노량진,11887,14171,26058
202209,9호선,당산,7140,7776,14916
202209,9호선,동작,1650,1459,3109
202209,9호선,등촌,4099,4640,8739
202209,9호선,마곡나루,4327,4980,9307
202209,9호선,사평,1489,1526,3015
202209,9호선,샛강,1665,1510,3175
202209,9호선,선유도,2310,2643,4953
202209,9호선,신논현,11783,12506,24289
202209,9호선,신목동,1602,1494,3096
202209,9호선,신반포,1923,2069,3992
202209,9호선,신방화,3004,3005,6009
202209,9호선,양천향교,3375,3686,7061
202209,9호선,여의도,8913,8344,17257
202209,9호선,염창,7139,7775,14914
202209,9호선,증미,2090,2188,4278
202209,9호선,흑석,3508,3680,7188
202209,9호선2~3단계,둔촌오륜,463,499,962
202209,9호선2~3단계,봉은사,6607,6931,13538
202209,9호선2~3단계,삼성중앙,1572,1659,3231
202209,9호선2~3단계,삼전,2848,3012,5860
202209,9호선2~3단계,석촌,3853,3701,7554
202209,9호선2~3단계,석촌고분,2474,2646,5120
202209,9호선2~3단계,선정릉,1949,2343,4292
202209,9호선2~3단계,송파나루,2303,2825,5128
202209,9호선2~3단계,언주,2060,2375,4435
202209,9호선2~3단계,올림픽공원,4721,4823,9544
202209,9호선2~3단계,종합운동장,1849,1960,3809
202209,9호선2~3단계,중앙보훈병원,3235,3041,6276
202209,9호선2~3단계,한성백제,1225,1204,2429
202209,경강선,경기광주,4574,4178,8752
202209,경강선,곤지암,1902,1661,3563
202209,경강선,부발,1734,1455,3189
202209,경강선,삼동,1076,934,2010
202209,경강선,세종대왕릉,456,365,821
202209,경강선,신둔도예촌,1256,931,2187
202209,경강선,여주,3173,2350,5523
202209,경강선,이매,787,597,1384
202209,경강선,이천,2877,2636,5513
202209,경강선,초월,1751,1542,3293
202209,경강선,판교,2554,2668,5222
202209,경부선,가산디지털단지,4539,7056,11595
202209,경부선,관악,4330,3856,8186
202209,경부선,광명,3048,1689,4737
202209,경부선,구로,9082,9623,18705
202209,경부선,군포,2916,2746,5662
202209,경부선,금정,14438,14402,28840
202209,경부선,금천구청,5798,5933,11731
202209,경부선,남영,4050,4523,8573
202209,경부선,노량진,5403,5554,10957
202209,경부선,당정,2924,2767,5691
202209,경부선,대방,4348,5163,9511
202209,경부선,독산,5350,5658,11008
202209,경부선,두정,4069,4726,8795
202209,경부선,명학,2938,2749,5687
202209,경부선,병점,9141,9539,18680
202209,경부선,서동탄,833,820,1653
202209,경부선,서울역,9566,1423,10989
202209,경부선,서정리,4529,4808,9337
202209,경부선,석수,4798,4584,9382
202209,경부선,성균관대,7106,7678,14784
202209,경부선,성환,3013,2964,5977
202209,경부선,세류,2206,2060,4266
202209,경부선,세마,1720,1570,3290
202209,경부선,송탄,3662,3794,7456
202209,경부선,수원,38807,38163,76970
202209,경부선,신길,4070,3883,7953
202209,경부선,신도림,1907,2249,4156
202209,경부선,안양,12923,12619,25542
202209,경부선,영등포,34249,34374,68623
202209,경부선,오산,8525,8472,16997
202209,경부선,오산대,2357,2197,4554
202209,경부선,용산,39592,30091,69683
202209,경부선,의왕,4078,3929,8007
202209,경부선,직산,650,574,1224
202209,경부선,진위,956,870,1826
202209,경부선,천안,7346,6520,13866
202209,경부선,평택,13011,12548,25559
202209,경부선,평택지제,2508,2046,4554
202209,경부선,화서,3899,3890,7789
202209,경원선,가능,3970,3641,7611
202209,경원선,광운대,3712,3985,7697
202209,경원선,녹양,2621,2415,5036
202209,경원선,녹천,2382,2072,4454
202209,경원선,덕계,1826,1599,3425
202209,경원선,덕정,3594,3352,6946
202209,경원선,도봉,3261,3002,6263
202209,경원선,도봉산,8327,5727,14054
202209,경원선,동두천,1490,1768,3258
202209,경원선,동두천중앙,2384,2084,4468
202209,경원선,망월사,4126,4142,8268
202209,경원선,방학,5693,5440,11133
202209,경원선,보산,1422,1343,2765
202209,경원선,서빙고,1518,1527,3045
202209,경원선,석계,4725,5271,9996
202209,경원선,소요산,4998,4236,9234
202209,경원선,신이문,4528,4323,8851
202209,경원선,양주,5726,5012,10738
202209,경원선,옥수,70,37,107
202209,경원선,왕십리,7987,10132,18119
202209,경원선,외대앞,4257,4531,8788
202209,경원선,월계,3467,3265,6732
202209,경원선,응봉,1178,1041,2219
202209,경원선,의정부,14864,16162,31026
202209,경원선,이촌,2373,1709,4082
202209,경원선,지행,4781,4620,9401
202209,경원선,청량리,15006,12134,27140
202209,경원선,한남,1704,1774,3478
202209,경원선,회룡,7279,6901,14180
202209,경의선,가좌,2501,2830,5331
202209,경의선,강매,1357,1333,2690
202209,경의선,계양,1,0,1
202209,경의선,곡산,300,318,618
202209,경의선,공덕,1775,1540,3315
202209,경의선,금릉,3127,2830,5957
202209,경의선,금촌,4822,4835,9657
202209,경의선,능곡,2078,1968,4046
202209,경의선,디지털미디어시티,1427,1246,2673
202209,경의선,문산,4327,3948,8275
202209,경의선,백마,3221,3045,6266
202209,경의선,서강대,1092,1287,2379
202209,경의선,서울역,1240,993,2233
202209,경의선,수색,819,841,1660
202209,경의선,신촌,220,265,485
202209,경의선,야당,5102,5433,10535
202209,경의선,운정,3532,3250,6782
202209,경의선,월롱,804,1095,1899
202209,경의선,일산,4663,4352,9015
202209,경의선,임진강,159,152,311
202209,경의선,탄현,4050,3663,7713
202209,경의선,파주,782,579,1361
202209,경의선,풍산,3302,3080,6382
202209,경의선,행신,4539,4143,8682
202209,경의선,홍대입구,1628,2269,3897
202209,경의선,화전,739,785,1524
202209,경의선,효창공원앞,1162,1396,2558
202209,경인선,간석,3235,2953,6188
202209,경인선,개봉,11123,10724,21847
202209,경인선,구일,4906,5036,9942
202209,경인선,도원,1643,1543,3186
202209,경인선,도화,2370,2101,4471
202209,경인선,동암,9928,9720,19648
202209,경인선,동인천,9819,9348,19167
202209,경인선,백운,4083,3781,7864
202209,경인선,부개,4782,4226,9008
202209,경인선,부천,20763,21382,42145
202209,경인선,부평,23958,25029,48987
202209,경인선,소사,4955,4838,9793
202209,경인선,송내,12516,11800,24316
202209,경인선,역곡,13773,13741,27514
202209,경인선,오류동,6402,6004,12406
202209,경인선,온수,3640,3297,6937
202209,경인선,인천,6538,5650,12188
202209,경인선,제물포,5395,4989,10384
202209,경인선,주안,11744,10771,22515
202209,경인선,중동,4801,4344,9145
202209,경춘선,가평,2490,2058,4548
202209,경춘선,갈매,1359,1157,2516
202209,경춘선,강촌,833,674,1507
202209,경춘선,굴봉산,211,196,407
202209,경춘선,금곡,908,807,1715
202209,경춘선,김유정,647,660,1307
202209,경춘선,남춘천,2859,2719,5578
202209,경춘선,대성리,763,605,1368
202209,경춘선,마석,2732,2589,5321
202209,경춘선,백양리,123,115,238
202209,경춘선,별내,1702,1631,3333
202209,경춘선,사릉,1386,1389,2775
202209,경춘선,상천,508,430,938
202209,경춘선,신내,976,891,1867
202209,경춘선,천마산,1173,1081,2254
202209,경춘선,청평,1991,1686,3677
202209,경춘선,춘천,2637,1803,4440
202209,경춘선,퇴계원,2028,1737,3765
202209,경춘선,평내호평,3481,3370,6851
202209,공항철도 1호선,검암,3549,3648,7197
202209,공항철도 1호선,계양,5587,5172,10759
202209,공항철도 1호선,공덕,1170,1708,2878
202209,공항철도 1호선,공항화물청사,874,883,1757
202209,공항철도 1호선,김포공항,11523,5071,16594
202209,공항철도 1호선,디지털미디어시티,2879,3323,6202
202209,공항철도 1호선,마곡나루,2102,2470,4572
202209,공항철도 1호선,서울역,10783,6437,17220
202209,공항철도 1호선,영종,2601,2617,5218
202209,공항철도 1호선,운서,5268,5870,11138
202209,공항철도 1호선,인천공항1터미널,8166,7470,15636
202209,공항철도 1호선,인천공항2터미널,3128,2790,5918
202209,공항철도 1호선,청라국제도시,3155,3068,6223
202209,공항철도 1호선,홍대입구,9571,10850,20421
202209,과천선,경마공원,471,446,917
202209,과천선,과천,3496,3177,6673
202209,과천선,대공원,7534,7612,15146
202209,과천선,범계,13685,13537,27222
202209,과천선,선바위,2994,2624,5618
202209,과천선,인덕원,10650,10235,20885
202209,과천선,정부과천청사,3893,3956,7849
202209,과천선,평촌,5536,5587,11123
202209,분당선,가천대,2990,3648,6638
202209,분당선,강남구청,1782,2166,3948
202209,분당선,개포동,1709,1687,3396
202209,분당선,구룡,656,659,1315
202209,분당선,구성,2251,2267,4518
202209,분당선,기흥,4876,4478,9354
202209,분당선,대모산입구,1768,1786,3554
202209,분당선,도곡,2308,2054,4362
202209,분당선,망포,5580,5407,10987
202209,분당선,매교,1680,1669,3349
202209,분당선,매탄권선,2498,2309,4807
202209,분당선,모란,9436,10511,19947
202209,분당선,미금,6296,6632,12928
202209,분당선,보정,1147,1047,2194
202209,분당선,상갈,2991,2936,5927
202209,분당선,서울숲,6334,6799,13133
202209,분당선,서현,11870,12514,24384
202209,분당선,선릉,1730,2742,4472
202209,분당선,선정릉,1211,1298,2509
202209,분당선,수내,4220,4294,8514
202209,분당선,수서,8519,5926,14445
202209,분당선,수원,6697,5316,12013
202209,분당선,수원시청,5876,7765,13641
202209,분당선,신갈,1868,1902,3770
202209,분당선,압구정로데오,5578,7489,13067
202209,분당선,야탑,12843,12177,25020
202209,분당선,영통,3830,4334,8164
202209,분당선,오리,4383,3723,8106
202209,분당선,이매,2899,2967,5866
202209,분당선,정자,6456,7252,13708
202209,분당선,죽전,6937,8120,15057
202209,분당선,청명,1811,1740,3551
202209,분당선,태평,7443,6972,14415
202209,분당선,한티,8926,8360,17286
202209,수인선,고색,1723,1713,3436
202209,수인선,남동인더스파크,573,569,1142
202209,수인선,달월,46,49,95
202209,수인선,사리,2891,2212,5103
202209,수인선,소래포구,6569,6861,13430
202209,수인선,송도,1532,1473,3005
202209,수인선,숭의,1990,1799,3789
202209,수인선,신포,1181,1102,2283
202209,수인선,야목,252,204,456
202209,수인선,어천,687,762,1449
202209,수인선,연수,2913,2945,5858
202209,수인선,오목천,1764,1480,3244
202209,수인선,원인재,2783,2846,5629
202209,수인선,월곶,2118,1832,3950
202209,수인선,인천,1598,2245,3843
202209,수인선,인천논현,2742,2882,5624
202209,수인선,인하대,2908,3006,5914
202209,수인선,호구포,2035,2129,4164
202209,신림선,관악산,3809,4054,7863
202209,신림선,당곡,1839,1979,3818
202209,신림선,대방,1088,859,1947
202209,신림선,보라매,1333,1316,2649
202209,신림선,보라매공원,927,937,1864
202209,신림선,보라매병원,1807,1907,3714
202209,신림선,샛강,799,1076,1875
202209,신림선,서울대벤처타운,3805,3989,7794
202209,신림선,서울지방병무청,1237,1371,2608
202209,신림선,서원,1466,1545,3011
202209,신림선,신림,872,1438,2310
202209,안산선,고잔,4373,4073,8446
202209,안산선,대야미,2934,2540,5474
202209,안산선,반월,2653,2438,5091
202209,안산선,산본,8678,9454,18132
202209,안산선,상록수,9506,9041,18547
202209,안산선,수리산,2037,1934,3971
202209,안산선,신길온천,1354,1163,2517
202209,안산선,안산,13409,12541,25950
202209,안산선,오이도,7050,7066,14116
202209,안산선,정왕,5923,6634,12557
202209,안산선,중앙,13276,13357,26633
202209,안산선,초지,2488,2361,4849
202209,안산선,한대앞,5431,5345,10776
202209,우이신설선,4.19민주묘지,1788,1454,3242
202209,우이신설선,가오리,2236,2066,4302
202209,우이신설선,보문,829,815,1644
202209,우이신설선,북한산보국문,3484,3146,6630
202209,우이신설선,북한산우이,3483,3428,6911
202209,우이신설선,삼양,1001,1043,2044
202209,우이신설선,삼양사거리,1408,1379,2787
202209,우이신설선,성신여대입구,1826,2339,4165
202209,우이신설선,솔밭공원,1317,1239,2556
202209,우이신설선,솔샘,2720,2468,5188
202209,우이신설선,신설동,1039,1021,2060
202209,우이신설선,정릉,2489,2152,4641
202209,우이신설선,화계,1934,1723,3657
202209,일산선,대곡,1089,922,2011
202209,일산선,대화,6011,5218,11229
202209,일산선,마두,3190,3286,6476
202209,일산선,백석,5268,5272,10540
202209,일산선,삼송,11469,11042,22511
202209,일산선,원당,5827,5394,11221
202209,일산선,원흥,5209,5150,10359
202209,일산선,정발산,4718,5109,9827
202209,일산선,주엽,4346,4347,8693
202209,일산선,지축,1,0,1
202209,일산선,화정,8748,9013,17761
202209,장항선,배방,925,856,1781
202209,장항선,봉명,603,574,1177
202209,장항선,신창,1292,1328,2620
202209,장항선,쌍용,1229,1233,2462
202209,장항선,아산,3359,2186,5545
202209,장항선,온양온천,3985,3464,7449
202209,장항선,탕정,563,611,1174
202209,중앙선,구리,7172,7476,14648
202209,중앙선,국수,725,624,1349
202209,중앙선,덕소,3441,3351,6792
202209,중앙선,도농,5202,4921,10123
202209,중앙선,도심,1236,1043,2279
202209,중앙선,망우,4507,4534,9041
202209,중앙선,상봉,3570,3706,7276
202209,중앙선,신원,364,204,568
202209,중앙선,아신,603,500,1103
202209,중앙선,양수,2294,2049,4343
202209,중앙선,양원,1324,1331,2655
202209,중앙선,양정,386,335,721
202209,중앙선,양평,2899,2217,5116
202209,중앙선,오빈,280,229,509
202209,중앙선,용문,2654,1896,4550
202209,중앙선,운길산,1388,1237,2625
202209,중앙선,원덕,454,333,787
202209,중앙선,중랑,3157,3319,6476
202209,중앙선,지평,72,54,126
202209,중앙선,팔당,1433,1610,3043
202209,중앙선,회기,12824,14655,27479
202209,1호선,동대문,10635,10350,20985
202209,1호선,동묘앞,11471,12014,23485
202209,1호선,서울역,41348,39328,80676
202209,1호선,시청,15253,15259,30512
202209,1호선,신설동,10658,9967,20625
202209,1호선,제기동,15517,15587,31104
202209,1호선,종각,23425,22233,45658
202209,1호선,종로3가,27644,26089,53733
202209,1호선,종로5가,21742,22296,44038
202209,1호선,청량리,18293,18836,37129
202209,2호선,강남,64806,65179,129985
202209,2호선,강변,32447,30506,62953
202209,2호선,건대입구,38165,42481,80646
202209,2호선,교대,19905,22880,42785
202209,2호선,구로디지털단지,39034,37719,76753
202209,2호선,구의,18184,17365,35549
202209,2호선,낙성대,24354,21923,46277
202209,2호선,당산,14586,15982,30568
202209,2호선,대림,19416,20095,39511
202209,2호선,도림천,923,891,1814
202209,2호선,동대문역사문화공원,11091,13106,24197
202209,2호선,뚝섬,17262,17515,34777
202209,2호선,문래,14759,15872,30631
202209,2호선,방배,11709,11989,23698
202209,2호선,봉천,18999,17307,36306
202209,2호선,사당,37720,42232,79952
202209,2호선,삼성,40396,39206,79602
202209,2호선,상왕십리,10863,9964,20827
202209,2호선,서울대입구,40457,39152,79609
202209,2호선,서초,13666,11232,24898
202209,2호선,선릉,28498,25182,53680
202209,2호선,성수,23481,27839,51320
202209,2호선,시청,12243,10657,22900
202209,2호선,신답,1135,1162,2297
202209,2호선,신당,12400,13145,25545
202209,2호선,신대방,21460,20066,41526
202209,2호선,신도림,44547,45771,90318
202209,2호선,신림,50638,48069,98707
202209,2호선,신설동,3645,3609,7254
202209,2호선,신정네거리,8086,8110,16196
202209,2호선,신촌,38186,39027,77213
202209,2호선,아현,8663,7645,16308
202209,2호선,양천구청,4916,4831,9747
202209,2호선,역삼,20733,23332,44065
202209,2호선,영등포구청,14255,14848,29103
202209,2호선,왕십리,14908,13264,28172
202209,2호선,용답,2399,2204,4603
202209,2호선,용두,1789,1735,3524
202209,2호선,을지로3가,13653,14048,27701
202209,2호선,을지로4가,8976,9537,18513
202209,2호선,을지로입구,26983,27231,54214
202209,2호선,이대,13100,13475,26575
202209,2호선,잠실,76882,72301,149183
202209,2호선,잠실나루,8620,8222,16842
202209,2호선,잠실새내,21800,21947,43747
202209,2호선,종합운동장,47310,57118,104428
202209,2호선,충정로,6324,6753,13077
202209,2호선,한양대,6039,6151,12190
202209,2호선,합정,33711,39767,73478
202209,2호선,홍대입구,74933,86615,161548
202209,3호선,가락시장,6765,6484,13249
202209,3호선,경복궁,22045,25074,47119
202209,3호선,경찰병원,4497,4270,8767
202209,3호선,고속터미널,63239,57227,120466
202209,3호선,교대,8338,5134,13472
202209,3호선,구파발,17309,17700,35009
202209,3호선,금호,6335,5800,12135
202209,3호선,남부터미널,24174,22992,47166
202209,3호선,녹번,11623,9775,21398
202209,3호선,대청,6706,6130,12836
202209,3호선,대치,12303,10513,22816
202209,3호선,도곡,3699,4023,7722
202209,3호선,독립문,6580,7307,13887
202209,3호선,동대입구,8706,10063,18769
202209,3호선,매봉,6935,6483,13418
202209,3호선,무악재,3167,3216,6383
202209,3호선,불광,13724,15440,29164
202209,3호선,수서,15429,15225,30654
202209,3호선,신사,26679,28901,55580
202209,3호선,안국,20582,22863,43445
202209,3호선,압구정,28314,30492,58806
202209,3호선,약수,9877,9557,19434
202209,3호선,양재,23273,25408,48681
202209,3호선,연신내,30912,28740,59652
202209,3호선,오금,4164,4132,8296
202209,3호선,옥수,7864,7854,15718
202209,3호선,을지로3가,6087,6589,12676
202209,3호선,일원,6137,6072,12209
202209,3호선,잠원,3865,3681,7546
202209,3호선,종로3가,6883,10176,17059
202209,3호선,지축,4199,3869,8068
202209,3호선,충무로,3,0,3
202209,3호선,학여울,3418,3506,6924
202209,3호선,홍제,14502,13334,27836
202209,4호선,길음,16964,15825,32789
202209,4호선,남태령,1365,787,2152
202209,4호선,노원,16879,18868,35747
202209,4호선,당고개,7702,7075,14777
202209,4호선,동대문,14903,15547,30450
202209,4호선,동대문역사문화공원,13073,11214,24287
202209,4호선,동작,1641,1817,3458
202209,4호선,명동,20135,23469,43604
202209,4호선,미아,12498,11533,24031
202209,4호선,미아사거리,23510,22352,45862
202209,4호선,사당,25261,22234,47495
202209,4호선,삼각지,4483,6430,10913
202209,4호선,상계,15055,13831,28886
202209,4호선,서울역,7130,16867,23997
202209,4호선,성신여대입구,18946,17569,36515
202209,4호선,수유,29320,28330,57650
202209,4호선,숙대입구,11290,10788,22078
202209,4호선,신용산,12419,13287,25706
202209,4호선,쌍문,23302,20509,43811
202209,4호선,이촌,8507,9306,17813
202209,4호선,창동,21227,22119,43346
202209,4호선,총신대입구,15698,16830,32528
202209,4호선,충무로,15953,17711,33664
202209,4호선,한성대입구,14602,14788,29390
202209,4호선,혜화,33582,35902,69484
202209,4호선,회현,20254,21505,41759
202209,5호선,강동,14011,13340,27351
202209,5호선,강일,3718,3191,6909
202209,5호선,개롱,4692,4817,9509
202209,5호선,개화산,3954,3864,7818
202209,5호선,거여,7152,6627,13779
202209,5호선,고덕,7048,6679,13727
202209,5호선,공덕,8278,8597,16875
202209,5호선,광나루,11118,10431,21549
202209,5호선,광화문,21875,21904,43779
202209,5호선,군자,9218,10177,19395
202209,5호선,굽은다리,7750,7406,15156
202209,5호선,길동,6505,6723,13228
202209,5호선,김포공항,7671,7749,15420
202209,5호선,까치산,22563,20909,43472
202209,5호선,답십리,11808,10560,22368
202209,5호선,동대문역사문화공원,1439,1690,3129
202209,5호선,둔촌동,6496,6468,12964
202209,5호선,마곡,6205,6306,12511
202209,5호선,마장,4069,3764,7833
202209,5호선,마천,5228,5156,10384
202209,5호선,마포,8265,8403,16668
202209,5호선,명일,6474,6448,12922
202209,5호선,목동,12287,12075,24362
202209,5호선,미사,13640,13785,27425
202209,5호선,발산,15146,16584,31730
202209,5호선,방이,6239,5925,12164
202209,5호선,방화,5134,4844,9978
202209,5호선,상일동,9959,9094,19053
202209,5호선,서대문,8888,8676,17564
202209,5호선,송정,5415,4979,10394
202209,5호선,신금호,4310,4409,8719
202209,5호선,신길,3053,3165,6218
202209,5호선,신정,10031,8466,18497
202209,5호선,아차산,13811,12995,26806
202209,5호선,애오개,4141,3938,8079
202209,5호선,양평,4182,3839,8021
202209,5호선,여의나루,19152,21593,40745
202209,5호선,여의도,13364,14933,28297
202209,5호선,영등포구청,2241,2223,4464
202209,5호선,영등포시장,9788,10571,20359
202209,5호선,오금,2319,2159,4478
202209,5호선,오목교,17183,17759,34942
202209,5호선,올림픽공원,6805,7476,14281
202209,5호선,왕십리,3799,4792,8591
202209,5호선,우장산,10941,10581,21522
202209,5호선,을지로4가,4058,4681,8739
202209,5호선,장한평,12600,12192,24792
202209,5호선,종로3가,15020,15969,30989
202209,5호선,천호,18082,17507,35589
202209,5호선,청구,2801,2761,5562
202209,5호선,충정로,2181,2055,4236
202209,5호선,하남검단산,6018,5766,11784
202209,5호선,하남시청,6380,5864,12244
202209,5호선,하남풍산,3268,3182,6450
202209,5호선,행당,5862,5046,10908
202209,5호선,화곡,22091,19615,41706
202209,6호선,고려대,6769,6241,13010
202209,6호선,공덕,11564,11035,22599
202209,6호선,광흥창,5864,5308,11172
202209,6호선,구산,6177,4469,10646
202209,6호선,녹사평,6374,7625,13999
202209,6호선,대흥,6679,6703,13382
202209,6호선,독바위,2174,2404,4578
202209,6호선,돌곶이,6621,5945,12566
202209,6호선,동묘앞,8424,8220,16644
202209,6호선,디지털미디어시티,8515,9694,18209
202209,6호선,마포구청,11043,9610,20653
202209,6호선,망원,14209,15856,30065
202209,6호선,버티고개,1738,1681,3419
202209,6호선,보문,5780,5190,10970
202209,6호선,봉화산,5952,5611,11563
202209,6호선,불광,4161,3746,7907
202209,6호선,삼각지,6864,4955,11819
202209,6호선,상수,9777,12329,22106
202209,6호선,상월곡,4474,3741,8215
202209,6호선,새절,9376,8553,17929
202209,6호선,석계,9375,9288,18663
202209,6호선,신당,7011,6588,13599
202209,6호선,안암,8499,7961,16460
202209,6호선,약수,2702,2694,5396
202209,6호선,역촌,2840,3256,6096
202209,6호선,연신내,1,0,1
202209,6호선,월곡,8152,7521,15673
202209,6호선,월드컵경기장,6448,6843,13291
202209,6호선,응암,13497,13062,26559
202209,6호선,이태원,17072,22444,39516
202209,6호선,증산,7929,7723,15652
202209,6호선,창신,2405,1924,4329
202209,6호선,청구,2833,2686,5519
202209,6호선,태릉입구,4763,4965,9728
202209,6호선,한강진,11009,13952,24961
202209,6호선,합정,14432,14180,28612
202209,6호선,화랑대,8006,6247,14253
202209,6호선,효창공원앞,5407,4708,10115
202209,7호선,가산디지털단지,15271,13795,29066
202209,7호선,강남구청,11440,13262,24702
202209,7호선,건대입구,12760,13927,26687
202209,7호선,고속터미널,17742,13073,30815
202209,7호선,공릉,9531,9119,18650
202209,7호선,광명사거리,17640,17403,35043
202209,7호선,군자,11979,8902,20881
202209,7호선,남구로,8937,9194,18131
202209,7호선,남성,8418,7580,15998
202209,7호선,내방,8672,8478,17150
202209,7호선,노원,16878,17769,34647
202209,7호선,논현,11059,11896,22955
202209,7호선,대림,7537,8284,15821
202209,7호선,도봉산,7019,9187,16206
202209,7호선,뚝섬유원지,13201,12456,25657
202209,7호선,마들,9808,8842,18650
202209,7호선,먹골,8249,7694,15943
202209,7호선,면목,11727,11019,22746
202209,7호선,반포,5052,5118,10170
202209,7호선,보라매,5873,5704,11577
202209,7호선,사가정,13078,12292,25370
202209,7호선,상도,9280,8287,17567
202209,7호선,상봉,14491,13927,28418
202209,7호선,수락산,10631,10435,21066
202209,7호선,숭실대입구,10084,9698,19782
202209,7호선,신대방삼거리,11359,10550,21909
202209,7호선,신풍,9005,8343,17348
202209,7호선,어린이대공원,12940,12746,25686
202209,7호선,온수,5997,6120,12117
202209,7호선,용마산,4654,4774,9428
202209,7호선,이수,13520,12577,26097
202209,7호선,장승배기,7036,6611,13647
202209,7호선,장암,1864,1185,3049
202209,7호선,중계,10168,8983,19151
202209,7호선,중곡,7695,7171,14866
202209,7호선,중화,7988,7620,15608
202209,7호선,천왕,7662,7120,14782
202209,7호선,철산,17238,17331,34569
202209,7호선,청담,13055,14114,27169
202209,7호선,태릉입구,7500,6887,14387
202209,7호선,하계,13652,12300,25952
202209,7호선,학동,12494,13377,25871
202209,8호선,가락시장,5590,5982,11572
202209,8호선,강동구청,6685,6591,13276
202209,8호선,남위례,4425,4486,8911
202209,8호선,남한산성입구,10025,8582,18607
202209,8호선,단대오거리,8060,7415,15475
202209,8호선,모란,3869,3561,7430
202209,8호선,몽촌토성,11470,11235,22705
202209,8호선,문정,9645,9670,19315
202209,8호선,복정,6861,5588,12449
202209,8호선,산성,4477,4481,8958
202209,8호선,석촌,6108,7594,13702
202209,8호선,송파,6531,6125,12656
202209,8호선,수진,4516,4082,8598
202209,8호선,신흥,3695,3917,7612
202209,8호선,암사,13341,12017,25358
202209,8호선,잠실,13738,16932,30670
202209,8호선,장지,13051,12037,25088
202209,8호선,천호,12610,15082,27692
202209,9호선,가양,16229,15326,31555
202209,9호선,개화,1623,1373,2996
202209,9호선,고속터미널,20034,27333,47367
202209,9호선,공항시장,2413,2508,4921
202209,9호선,구반포,1265,1327,2592
202209,9호선,국회의사당,5331,5454,10785
202209,9호선,김포공항,8075,11846,19921
202209,9호선,노들,4072,3462,7534
202209,9호선,노량진,23895,23751,47646
202209,9호선,당산,16241,15814,32055
202209,9호선,동작,1755,1534,3289
202209,9호선,등촌,7698,7163,14861
202209,9호선,마곡나루,9132,9131,18263
202209,9호선,사평,2706,2469,5175
202209,9호선,샛강,3225,3110,6335
202209,9호선,선유도,4593,4282,8875
202209,9호선,신논현,29545,30126,59671
202209,9호선,신목동,2795,2372,5167
202209,9호선,신반포,4724,5702,10426
202209,9호선,신방화,5328,4955,10283
202209,9호선,양천향교,6686,6289,12975
202209,9호선,여의도,14953,14281,29234
202209,9호선,염창,13620,12510,26130
202209,9호선,증미,4272,4062,8334
202209,9호선,흑석,7146,6918,14064
202209,9호선2~3단계,둔촌오륜,762,726,1488
202209,9호선2~3단계,봉은사,16583,17795,34378
202209,9호선2~3단계,삼성중앙,3735,3729,7464
202209,9호선2~3단계,삼전,5684,5119,10803
202209,9호선2~3단계,석촌,8283,6987,15270
202209,9호선2~3단계,석촌고분,4911,4681,9592
202209,9호선2~3단계,선정릉,5718,6356,12074
202209,9호선2~3단계,송파나루,5124,5417,10541
202209,9호선2~3단계,언주,7424,7501,14925
202209,9호선2~3단계,올림픽공원,14754,16825,31579
202209,9호선2~3단계,종합운동장,6373,4424,10797
202209,9호선2~3단계,중앙보훈병원,5757,5379,11136
202209,9호선2~3단계,한성백제,5451,4594,10045
202209,경강선,경기광주,6306,5765,12071
202209,경강선,곤지암,2216,2258,4474
202209,경강선,부발,2378,2021,4399
202209,경강선,삼동,1716,1552,3268
202209,경강선,세종대왕릉,418,422,840
202209,경강선,신둔도예촌,1439,1361,2800
202209,경강선,여주,2794,3062,5856
202209,경강선,이매,984,777,1761
202209,경강선,이천,3145,3190,6335
202209,경강선,초월,2578,2290,4868
202209,경강선,판교,3457,3429,6886
202209,경부선,가산디지털단지,6986,9224,16210
202209,경부선,관악,6338,6221,12559
202209,경부선,광명,3184,2770,5954
202209,경부선,구로,14158,14870,29028
202209,경부선,군포,4535,4237,8772
202209,경부선,금정,21983,21831,43814
202209,경부선,금천구청,9002,8818,17820
202209,경부선,남영,6999,6911,13910
202209,경부선,노량진,9492,8794,18286
202209,경부선,당정,4544,4189,8733
202209,경부선,대방,7725,8358,16083
202209,경부선,독산,9962,9564,19526
202209,경부선,두정,6713,6472,13185
202209,경부선,명학,5326,4983,10309
202209,경부선,병점,13743,13393,27136
202209,경부선,서동탄,1107,1108,2215
202209,경부선,서울역,10978,2701,13679
202209,경부선,서정리,8595,6792,15387
202209,경부선,석수,7502,6980,14482
202209,경부선,성균관대,12180,11861,24041
202209,경부선,성환,3844,3340,7184
202209,경부선,세류,3000,2934,5934
202209,경부선,세마,2571,2293,4864
202209,경부선,송탄,5429,4873,10302
202209,경부선,수원,41886,45642,87528
202209,경부선,신길,6534,5502,12036
202209,경부선,신도림,3417,3604,7021
202209,경부선,안양,20366,19759,40125
202209,경부선,영등포,45746,48167,93913
202209,경부선,오산,10235,9452,19687
202209,경부선,오산대,3185,2825,6010
202209,경부선,용산,41370,42882,84252
202209,경부선,의왕,6566,6240,12806
202209,경부선,직산,793,783,1576
202209,경부선,진위,1219,977,2196
202209,경부선,천안,7535,7492,15027
202209,경부선,평택,15197,14314,29511
202209,경부선,평택지제,4152,3766,7918
202209,경부선,화서,6415,6403,12818
202209,경원선,가능,5599,5213,10812
202209,경원선,광운대,5919,5848,11767
202209,경원선,녹양,3901,3824,7725
202209,경원선,녹천,3517,2976,6493
202209,경원선,덕계,2982,2662,5644
202209,경원선,덕정,5522,4889,10411
202209,경원선,도봉,4970,4518,9488
202209,경원선,도봉산,8857,6041,14898
202209,경원선,동두천,1923,2334,4257
202209,경원선,동두천중앙,2909,2815,5724
202209,경원선,망월사,6306,6344,12650
202209,경원선,방학,8109,7719,15828
202209,경원선,보산,1913,1848,3761
202209,경원선,서빙고,2033,2006,4039
202209,경원선,석계,7268,7641,14909
202209,경원선,소요산,4817,4095,8912
202209,경원선,신이문,6682,5989,12671
202209,경원선,양주,7295,6930,14225
202209,경원선,옥수,51,37,88
202209,경원선,왕십리,14645,16717,31362
202209,경원선,외대앞,7686,7020,14706
202209,경원선,월계,5190,4704,9894
202209,경원선,응봉,1594,1413,3007
202209,경원선,의정부,19512,20792,40304
202209,경원선,이촌,3595,2572,6167
202209,경원선,지행,6523,6257,12780
202209,경원선,청량리,18478,18560,37038
202209,경원선,한남,2906,2892,5798
202209,경원선,회룡,10803,10509,21312
202209,경의선,가좌,4597,4340,8937
202209,경의선,강매,2243,2022,4265
202209,경의선,곡산,462,446,908
202209,경의선,공덕,3492,2516,6008
202209,경의선,금릉,4442,4131,8573
202209,경의선,금촌,6434,6234,12668
202209,경의선,능곡,3103,3013,6116
202209,경의선,디지털미디어시티,2365,2057,4422
202209,경의선,문산,5701,5289,10990
202209,경의선,백마,4905,4502,9407
202209,경의선,서강대,2066,1885,3951
202209,경의선,서울역,1658,1741,3399
202209,경의선,수색,1845,1777,3622
202209,경의선,신촌,437,519,956
202209,경의선,야당,7163,7363,14526
202209,경의선,운정,5646,5092,10738
202209,경의선,월롱,2115,1798,3913
202209,경의선,일산,6985,6518,13503
202209,경의선,임진강,99,95,194
202209,경의선,탄현,6087,5573,11660
202209,경의선,파주,1090,746,1836
202209,경의선,풍산,4795,4470,9265
202209,경의선,행신,6212,6046,12258
202209,경의선,홍대입구,2310,3112,5422
202209,경의선,화전,1518,1332,2850
202209,경의선,효창공원앞,2076,2221,4297
202209,경인선,간석,4867,4512,9379
202209,경인선,개봉,17624,16783,34407
202209,경인선,구일,7222,7181,14403
202209,경인선,도원,2390,2326,4716
202209,경인선,도화,3464,3164,6628
202209,경인선,동암,14101,14058,28159
202209,경인선,동인천,12851,12559,25410
202209,경인선,백운,6101,5872,11973
202209,경인선,부개,7131,6636,13767
202209,경인선,부천,30866,31425,62291
202209,경인선,부평,30420,33998,64418
202209,경인선,소사,7845,7697,15542
202209,경인선,송내,20456,19864,40320
202209,경인선,역곡,22599,21703,44302
202209,경인선,오류동,10028,8848,18876
202209,경인선,온수,5527,4911,10438
202209,경인선,인천,5174,4402,9576
202209,경인선,제물포,7937,7502,15439
202209,경인선,주안,18191,15725,33916
202209,경인선,중동,7467,6801,14268
202209,경춘선,가평,2368,3204,5572
202209,경춘선,갈매,2230,1892,4122
202209,경춘선,강촌,807,866,1673
202209,경춘선,굴봉산,212,227,439
202209,경춘선,금곡,1261,1152,2413
202209,경춘선,김유정,524,626,1150
202209,경춘선,남춘천,4320,4497,8817
202209,경춘선,대성리,2115,2675,4790
202209,경춘선,마석,3535,3387,6922
202209,경춘선,백양리,175,183,358
202209,경춘선,별내,2471,2276,4747
202209,경춘선,사릉,1859,1825,3684
202209,경춘선,상천,519,603,1122
202209,경춘선,신내,1463,1386,2849
202209,경춘선,천마산,1484,1356,2840
202209,경춘선,청평,1930,2423,4353
202209,경춘선,춘천,2176,1878,4054
202209,경춘선,퇴계원,2711,2491,5202
202209,경춘선,평내호평,5013,4864,9877
202209,공항철도 1호선,검암,5241,5115,10356
202209,공항철도 1호선,계양,8972,7903,16875
202209,공항철도 1호선,공덕,1960,3163,5123
202209,공항철도 1호선,공항화물청사,1430,1479,2909
202209,공항철도 1호선,김포공항,11677,5941,17618
202209,공항철도 1호선,디지털미디어시티,9314,7175,16489
202209,공항철도 1호선,마곡나루,3847,4144,7991
202209,공항철도 1호선,서울역,10784,10078,20862
202209,공항철도 1호선,영종,3582,3617,7199
202209,공항철도 1호선,운서,7518,7798,15316
202209,공항철도 1호선,인천공항1터미널,8671,8520,17191
202209,공항철도 1호선,인천공항2터미널,3852,3192,7044
202209,공항철도 1호선,청라국제도시,5218,4831,10049
202209,공항철도 1호선,홍대입구,15568,16244,31812
202209,과천선,경마공원,12310,12570,24880
202209,과천선,과천,5343,4674,10017
202209,과천선,대공원,5921,6442,12363
202209,과천선,범계,23131,22362,45493
202209,과천선,선바위,6416,5291,11707
202209,과천선,인덕원,18599,18267,36866
202209,과천선,정부과천청사,7571,7678,15249
202209,과천선,평촌,11272,10701,21973
202209,분당선,가천대,6618,6628,13246
202209,분당선,강남구청,5789,7311,13100
202209,분당선,개포동,3148,3138,6286
202209,분당선,구룡,1638,1407,3045
202209,분당선,구성,3712,3783,7495
202209,분당선,기흥,7904,7147,15051
202209,분당선,대모산입구,3301,3135,6436
202209,분당선,도곡,5862,5058,10920
202209,분당선,망포,10411,9286,19697
202209,분당선,매교,2889,2959,5848
202209,분당선,매탄권선,4005,3621,7626
202209,분당선,모란,17015,17445,34460
202209,분당선,미금,11264,11679,22943
202209,분당선,보정,1854,1677,3531
202209,분당선,상갈,4200,4090,8290
202209,분당선,서울숲,11980,12567,24547
202209,분당선,서현,20656,20818,41474
202209,분당선,선릉,6045,9265,15310
202209,분당선,선정릉,3729,3760,7489
202209,분당선,수내,9866,9366,19232
202209,분당선,수서,12274,12054,24328
202209,분당선,수원,8258,6877,15135
202209,분당선,수원시청,12449,14664,27113
202209,분당선,신갈,3158,3154,6312
202209,분당선,압구정로데오,20469,24663,45132
202209,분당선,야탑,19736,20494,40230
202209,분당선,영통,7699,7640,15339
202209,분당선,오리,8366,6841,15207
202209,분당선,이매,4685,4469,9154
202209,분당선,정자,12047,12136,24183
202209,분당선,죽전,11157,12338,23495
202209,분당선,청명,3171,3028,6199
202209,분당선,태평,11464,10554,22018
202209,분당선,한티,14819,14059,28878
202209,수인선,고색,2806,2869,5675
202209,수인선,남동인더스파크,1102,1063,2165
202209,수인선,달월,72,65,137
202209,수인선,사리,4096,3256,7352
202209,수인선,소래포구,7153,7903,15056
202209,수인선,송도,2271,2149,4420
202209,수인선,숭의,3019,2733,5752
202209,수인선,신포,1405,1621,3026
202209,수인선,야목,323,286,609
202209,수인선,어천,952,841,1793
202209,수인선,연수,4405,4338,8743
202209,수인선,오목천,2694,2154,4848
202209,수인선,원인재,3997,4145,8142
202209,수인선,월곶,2515,2286,4801
202209,수인선,인천,1378,2267,3645
202209,수인선,인천논현,4729,4886,9615
202209,수인선,인하대,4909,4596,9505
202209,수인선,호구포,2914,2676,5590
202209,신림선,관악산,3374,3424,6798
202209,신림선,당곡,2965,2728,5693
202209,신림선,대방,2292,1452,3744
202209,신림선,보라매,2190,1917,4107
202209,신림선,보라매공원,1410,1432,2842
202209,신림선,보라매병원,3234,3328,6562
202209,신림선,샛강,1064,1437,2501
202209,신림선,서울대벤처타운,6375,5657,12032
202209,신림선,서울지방병무청,1788,1942,3730
202209,신림선,서원,2339,1883,4222
202209,신림선,신림,1231,1853,3084
202209,안산선,고잔,8097,7990,16087
202209,안산선,대야미,4428,3840,8268
202209,안산선,반월,3857,3507,7364
202209,안산선,산본,14136,14816,28952
202209,안산선,상록수,13653,13220,26873
202209,안산선,수리산,3276,2880,6156
202209,안산선,신길온천,1669,1552,3221
202209,안산선,안산,10293,10450,20743
202209,안산선,오이도,8064,8499,16563
202209,안산선,정왕,7508,7433,14941
202209,안산선,중앙,17739,18695,36434
202209,안산선,초지,3953,3936,7889
202209,안산선,한대앞,8538,8276,16814
202209,우이신설선,4.19민주묘지,2714,2315,5029
202209,우이신설선,가오리,3224,3003,6227
202209,우이신설선,보문,1252,1235,2487
202209,우이신설선,북한산보국문,5463,4623,10086
202209,우이신설선,북한산우이,3757,4115,7872
202209,우이신설선,삼양,1665,1660,3325
202209,우이신설선,삼양사거리,2125,2019,4144
202209,우이신설선,성신여대입구,2881,3532,6413
202209,우이신설선,솔밭공원,1998,1845,3843
202209,우이신설선,솔샘,4233,3746,7979
202209,우이신설선,신설동,1497,1399,2896
202209,우이신설선,정릉,3970,3211,7181
202209,우이신설선,화계,2817,2516,5333
202209,일산선,대곡,1620,1408,3028
202209,일산선,대화,10245,9269,19514
202209,일산선,마두,5581,5593,11174
202209,일산선,백석,8415,8336,16751
202209,일산선,삼송,15962,14583,30545
202209,일산선,원당,9210,8597,17807
202209,일산선,원흥,8407,7989,16396
202209,일산선,정발산,7016,7353,14369
202209,일산선,주엽,7570,7326,14896
202209,일산선,화정,13948,14127,28075
202209,장항선,배방,1225,1112,2337
202209,장항선,봉명,845,767,1612
202209,장항선,신창,1648,1407,3055
202209,장항선,쌍용,2035,1770,3805
202209,장항선,아산,3772,3475,7247
202209,장항선,온양온천,4332,4274,8606
202209,장항선,탕정,968,869,1837
202209,중앙선,구리,11457,11593,23050
202209,중앙선,국수,748,766,1514
202209,중앙선,덕소,4832,4919,9751
202209,중앙선,도농,8040,7545,15585
202209,중앙선,도심,1762,1492,3254
202209,중앙선,망우,7353,6975,14328
202209,중앙선,상봉,5382,5161,10543
202209,중앙선,신원,321,272,593
202209,중앙선,아신,675,736,1411
202209,중앙선,양수,2504,2429,4933
202209,중앙선,양원,2264,2234,4498
202209,중앙선,양정,635,545,1180
202209,중앙선,양평,3211,3270,6481
202209,중앙선,오빈,352,402,754
202209,중앙선,용문,2210,2570,4780
202209,중앙선,운길산,1361,1446,2807
202209,중앙선,원덕,454,420,874
202209,중앙선,중랑,5046,4844,9890
202209,중앙선,지평,53,76,129
202209,중앙선,팔당,1374,1505,2879
202209,중앙선,회기,24357,22593,46950
202209,1호선,동대문,10090,10519,20609
202209,1호선,동묘앞,12938,12939,25877
202209,1호선,서울역,32843,32591,65434
202209,1호선,시청,10496,9931,20427
202209,1호선,신설동,8406,8359,16765
202209,1호선,제기동,10517,10894,21411
202209,1호선,종각,15181,13104,28285
202209,1호선,종로3가,17574,15121,32695
202209,1호선,종로5가,11321,11045,22366
202209,1호선,청량리,13371,13771,27142
202209,2호선,강남,38606,37001,75607
202209,2호선,강변,24671,25149,49820
202209,2호선,건대입구,28630,29739,58369
202209,2호선,교대,12079,13463,25542
202209,2호선,구로디지털단지,27366,26659,54025
202209,2호선,구의,12628,12588,25216
202209,2호선,낙성대,17835,18172,36007
202209,2호선,당산,9794,10965,20759
202209,2호선,대림,16185,16552,32737
202209,2호선,도림천,457,488,945
202209,2호선,동대문역사문화공원,8898,10474,19372
202209,2호선,뚝섬,12347,12538,24885
202209,2호선,문래,8945,9598,18543
202209,2호선,방배,7422,7869,15291
202209,2호선,봉천,13637,13030,26667
202209,2호선,사당,26610,29213,55823
202209,2호선,삼성,30451,28757,59208
202209,2호선,상왕십리,7814,7535,15349
202209,2호선,서울대입구,28994,29363,58357
202209,2호선,서초,13751,12843,26594
202209,2호선,선릉,16016,13610,29626
202209,2호선,성수,16695,18956,35651
202209,2호선,시청,7919,6509,14428
202209,2호선,신답,880,929,1809
202209,2호선,신당,8978,9701,18679
202209,2호선,신대방,16193,15635,31828
202209,2호선,신도림,31648,32106,63754
202209,2호선,신림,38287,36525,74812
202209,2호선,신설동,3569,3387,6956
202209,2호선,신정네거리,5698,5774,11472
202209,2호선,신촌,28526,28122,56648
202209,2호선,아현,5901,5812,11713
202209,2호선,양천구청,3582,3625,7207
202209,2호선,역삼,12823,13865,26688
202209,2호선,영등포구청,9539,9906,19445
202209,2호선,왕십리,10669,9281,19950
202209,2호선,용답,1966,1870,3836
202209,2호선,용두,1277,1281,2558
202209,2호선,을지로3가,10406,9986,20392
202209,2호선,을지로4가,4786,4484,9270
202209,2호선,을지로입구,19931,19120,39051
202209,2호선,이대,8953,9917,18870
202209,2호선,잠실,57763,53741,111504
202209,2호선,잠실나루,6021,6147,12168
202209,2호선,잠실새내,15035,14960,29995
202209,2호선,종합운동장,45228,52625,97853
202209,2호선,충정로,4462,4790,9252
202209,2호선,한양대,3073,3422,6495
202209,2호선,합정,25152,26887,52039
202209,2호선,홍대입구,59206,57950,117156
202209,3호선,가락시장,4259,4491,8750
202209,3호선,경복궁,17270,19656,36926
202209,3호선,경찰병원,2953,3034,5987
202209,3호선,고속터미널,48699,46043,94742
202209,3호선,교대,5082,3070,8152
202209,3호선,구파발,13086,13694,26780
202209,3호선,금호,4477,4212,8689
202209,3호선,남부터미널,14728,16418,31146
202209,3호선,녹번,8116,7265,15381
202209,3호선,대청,4501,4351,8852
202209,3호선,대치,8027,6841,14868
202209,3호선,도곡,2107,2289,4396
202209,3호선,독립문,5029,5548,10577
202209,3호선,동대입구,5899,6573,12472
202209,3호선,매봉,4515,4432,8947
202209,3호선,무악재,2261,2506,4767
202209,3호선,불광,10484,12011,22495
202209,3호선,수서,11656,11968,23624
202209,3호선,신사,15139,15059,30198
202209,3호선,안국,15328,15382,30710
202209,3호선,압구정,15880,16667,32547
202209,3호선,약수,7200,6892,14092
202209,3호선,양재,14964,17059,32023
202209,3호선,연신내,22986,21210,44196
202209,3호선,오금,3010,3088,6098
202209,3호선,옥수,5576,5689,11265
202209,3호선,을지로3가,4146,3781,7927
202209,3호선,일원,4040,4083,8123
202209,3호선,잠원,2377,2339,4716
202209,3호선,종로3가,4600,5857,10457
202209,3호선,지축,2971,2759,5730
202209,3호선,학여울,2531,2750,5281
202209,3호선,홍제,10389,9582,19971
202209,4호선,길음,12253,11895,24148
202209,4호선,남태령,858,617,1475
202209,4호선,노원,12358,13373,25731
202209,4호선,당고개,6359,5903,12262
202209,4호선,동대문,7563,8331,15894
202209,4호선,동대문역사문화공원,10714,9697,20411
202209,4호선,동작,1337,1443,2780
202209,4호선,명동,16319,17060,33379
202209,4호선,미아,8981,8317,17298
202209,4호선,미아사거리,17346,16564,33910
202209,4호선,사당,18220,16618,34838
202209,4호선,삼각지,3308,4637,7945
202209,4호선,상계,11217,10624,21841
202209,4호선,서울역,5311,13794,19105
202209,4호선,성신여대입구,14108,13085,27193
202209,4호선,수유,21836,21168,43004
202209,4호선,숙대입구,8986,8526,17512
202209,4호선,신용산,9152,9797,18949
202209,4호선,쌍문,17162,15544,32706
202209,4호선,이촌,6034,6549,12583
202209,4호선,창동,16185,16762,32947
202209,4호선,총신대입구,11275,12107,23382
202209,4호선,충무로,10219,11230,21449
202209,4호선,한성대입구,9043,9056,18099
202209,4호선,혜화,25399,26489,51888
202209,4호선,회현,9863,10098,19961
202209,5호선,강동,10090,9859,19949
202209,5호선,강일,2572,2368,4940
202209,5호선,개롱,3312,3631,6943
202209,5호선,개화산,2847,2951,5798
202209,5호선,거여,4965,4774,9739
202209,5호선,고덕,4581,4607,9188
202209,5호선,공덕,5209,5410,10619
202209,5호선,광나루,8876,8867,17743
202209,5호선,광화문,15555,15353,30908
202209,5호선,군자,6723,7312,14035
202209,5호선,굽은다리,5672,5583,11255
202209,5호선,길동,4690,4549,9239
202209,5호선,김포공항,7160,7189,14349
202209,5호선,까치산,16735,15706,32441
202209,5호선,답십리,8568,7742,16310
202209,5호선,동대문역사문화공원,1048,1121,2169
202209,5호선,둔촌동,5133,5097,10230
202209,5호선,마곡,4026,4303,8329
202209,5호선,마장,3133,2822,5955
202209,5호선,마천,4086,4307,8393
202209,5호선,마포,5423,5403,10826
202209,5호선,명일,5156,5292,10448
202209,5호선,목동,8725,8696,17421
202209,5호선,미사,9538,9645,19183
202209,5호선,발산,9982,10496,20478
202209,5호선,방이,4642,4321,8963
202209,5호선,방화,3923,3811,7734
202209,5호선,상일동,6909,6758,13667
202209,5호선,서대문,6868,6894,13762
202209,5호선,송정,3871,3722,7593
202209,5호선,신금호,3125,3349,6474
202209,5호선,신길,2334,2415,4749
202209,5호선,신정,6848,6171,13019
202209,5호선,아차산,11588,11299,22887
202209,5호선,애오개,2865,2868,5733
202209,5호선,양평,2998,3023,6021
202209,5호선,여의나루,13809,14742,28551
202209,5호선,여의도,9293,10395,19688
202209,5호선,영등포구청,1597,1544,3141
202209,5호선,영등포시장,6750,7252,14002
202209,5호선,오금,1654,1687,3341
202209,5호선,오목교,12055,12374,24429
202209,5호선,올림픽공원,5918,6571,12489
202209,5호선,왕십리,2779,3436,6215
202209,5호선,우장산,7479,7429,14908
202209,5호선,을지로4가,2044,2167,4211
202209,5호선,장한평,9056,8804,17860
202209,5호선,종로3가,10189,9283,19472
202209,5호선,천호,13676,12838,26514
202209,5호선,청구,1988,1869,3857
202209,5호선,충정로,1650,1646,3296
202209,5호선,하남검단산,5022,5040,10062
202209,5호선,하남시청,4513,4186,8699
202209,5호선,하남풍산,2324,2224,4548
202209,5호선,행당,4283,3929,8212
202209,5호선,화곡,15504,14304,29808
202209,6호선,고려대,4603,4631,9234
202209,6호선,공덕,7718,7121,14839
202209,6호선,광흥창,4339,4115,8454
202209,6호선,구산,4214,3168,7382
202209,6호선,녹사평,4728,4843,9571
202209,6호선,대흥,4439,4580,9019
202209,6호선,독바위,1730,2028,3758
202209,6호선,돌곶이,6184,5779,11963
202209,6호선,동묘앞,6890,7062,13952
202209,6호선,디지털미디어시티,6145,7790,13935
202209,6호선,마포구청,8021,7175,15196
202209,6호선,망원,10308,11374,21682
202209,6호선,버티고개,1246,1366,2612
202209,6호선,보문,4465,4307,8772
202209,6호선,봉화산,4181,4183,8364
202209,6호선,불광,3149,2933,6082
202209,6호선,삼각지,5129,3743,8872
202209,6호선,상수,7823,8610,16433
202209,6호선,상월곡,3515,3203,6718
202209,6호선,새절,6894,6606,13500
202209,6호선,석계,6859,7185,14044
202209,6호선,신당,5357,5913,11270
202209,6호선,안암,5882,6606,12488
202209,6호선,약수,1848,1832,3680
202209,6호선,역촌,2166,2550,4716
202209,6호선,월곡,6086,5917,12003
202209,6호선,월드컵경기장,5363,5546,10909
202209,6호선,응암,10188,9921,20109
202209,6호선,이태원,14238,11536,25774
202209,6호선,증산,5954,5864,11818
202209,6호선,창신,1730,1605,3335
202209,6호선,청구,1937,1784,3721
202209,6호선,태릉입구,3502,3737,7239
202209,6호선,한강진,8303,9673,17976
202209,6호선,합정,10821,9880,20701
202209,6호선,화랑대,5642,5131,10773
202209,6호선,효창공원앞,3785,3359,7144
202209,7호선,가산디지털단지,10943,9831,20774
202209,7호선,강남구청,6463,7080,13543
202209,7호선,건대입구,8708,9148,17856
202209,7호선,고속터미널,13303,9405,22708
202209,7호선,공릉,6815,7021,13836
202209,7호선,광명사거리,13147,13000,26147
202209,7호선,군자,8785,6782,15567
202209,7호선,남구로,7327,6964,14291
202209,7호선,남성,5967,5798,11765
202209,7호선,내방,5514,5623,11137
202209,7호선,노원,12063,12077,24140
202209,7호선,논현,6004,6326,12330
202209,7호선,대림,8134,7605,15739
202209,7호선,도봉산,5875,8230,14105
202209,7호선,뚝섬유원지,10233,9391,19624
202209,7호선,마들,6418,6067,12485
202209,7호선,먹골,5528,5431,10959
202209,7호선,면목,8231,8100,16331
202209,7호선,반포,3096,3442,6538
202209,7호선,보라매,4070,4095,8165
202209,7호선,사가정,9475,9162,18637
202209,7호선,상도,6255,6269,12524
202209,7호선,상봉,10564,9811,20375
202209,7호선,수락산,8949,8643,17592
202209,7호선,숭실대입구,6499,6727,13226
202209,7호선,신대방삼거리,8121,8048,16169
202209,7호선,신풍,6498,6173,12671
202209,7호선,어린이대공원,9105,9255,18360
202209,7호선,온수,4164,4381,8545
202209,7호선,용마산,3403,3738,7141
202209,7호선,이수,9211,8571,17782
202209,7호선,장승배기,4901,4878,9779
202209,7호선,장암,1589,1178,2767
202209,7호선,중계,7355,6847,14202
202209,7호선,중곡,5801,5318,11119
202209,7호선,중화,6086,5852,11938
202209,7호선,천왕,5396,5269,10665
202209,7호선,철산,11791,11655,23446
202209,7호선,청담,8005,8307,16312
202209,7호선,태릉입구,5542,5419,10961
202209,7호선,하계,10007,9479,19486
202209,7호선,학동,7735,8273,16008
202209,8호선,가락시장,3450,4156,7606
202209,8호선,강동구청,4772,4715,9487
202209,8호선,남위례,2983,3110,6093
202209,8호선,남한산성입구,7221,6615,13836
202209,8호선,단대오거리,5605,5675,11280
202209,8호선,모란,2736,2341,5077
202209,8호선,몽촌토성,3958,3938,7896
202209,8호선,문정,6436,6717,13153
202209,8호선,복정,5660,5062,10722
202209,8호선,산성,3318,3439,6757
202209,8호선,석촌,4154,5312,9466
202209,8호선,송파,4285,4324,8609
202209,8호선,수진,3178,2880,6058
202209,8호선,신흥,2816,3002,5818
202209,8호선,암사,9643,8915,18558
202209,8호선,잠실,10876,12347,23223
202209,8호선,장지,9605,9669,19274
202209,8호선,천호,9184,10283,19467
202209,9호선,가양,12367,12132,24499
202209,9호선,개화,1166,1062,2228
202209,9호선,고속터미널,14640,22042,36682
202209,9호선,공항시장,1958,2090,4048
202209,9호선,구반포,499,524,1023
202209,9호선,국회의사당,5977,5654,11631
202209,9호선,김포공항,7415,10442,17857
202209,9호선,노들,3289,2768,6057
202209,9호선,노량진,16589,17247,33836
202209,9호선,당산,12145,12403,24548
202209,9호선,동작,1529,1319,2848
202209,9호선,등촌,5649,5422,11071
202209,9호선,마곡나루,6436,6409,12845
202209,9호선,사평,1764,1769,3533
202209,9호선,샛강,2102,2101,4203
202209,9호선,선유도,3073,3031,6104
202209,9호선,신논현,19089,17703,36792
202209,9호선,신목동,2127,1795,3922
202209,9호선,신반포,2833,3477,6310
202209,9호선,신방화,3792,3718,7510
202209,9호선,양천향교,4485,4463,8948
202209,9호선,여의도,10942,9792,20734
202209,9호선,염창,9778,9567,19345
202209,9호선,증미,3292,3244,6536
202209,9호선,흑석,4453,4565,9018
202209,9호선2~3단계,둔촌오륜,724,679,1403
202209,9호선2~3단계,봉은사,11449,11655,23104
202209,9호선2~3단계,삼성중앙,2371,2530,4901
202209,9호선2~3단계,삼전,4123,3914,8037
202209,9호선2~3단계,석촌,5836,5004,10840
202209,9호선2~3단계,석촌고분,3808,3576,7384
202209,9호선2~3단계,선정릉,3708,4066,7774
202209,9호선2~3단계,송파나루,3955,4279,8234
202209,9호선2~3단계,언주,4845,4932,9777
202209,9호선2~3단계,올림픽공원,14008,14201,28209
202209,9호선2~3단계,종합운동장,4877,3489,8366
202209,9호선2~3단계,중앙보훈병원,4484,4316,8800
202209,9호선2~3단계,한성백제,1903,1660,3563
202209,경강선,경기광주,4544,4309,8853
202209,경강선,곤지암,1770,1879,3649
202209,경강선,부발,1775,2429,4204
202209,경강선,삼동,1234,1148,2382
202209,경강선,세종대왕릉,353,370,723
202209,경강선,신둔도예촌,1046,1119,2165
202209,경강선,여주,2478,2718,5196
202209,경강선,이매,728,558,1286
202209,경강선,이천,2271,2542,4813
202209,경강선,초월,1961,1791,3752
202209,경강선,판교,2715,2562,5277
202209,경부선,가산디지털단지,5076,6842,11918
202209,경부선,관악,5315,4868,10183
202209,경부선,광명,2959,2206,5165
202209,경부선,구로,10636,10801,21437
202209,경부선,군포,3308,3070,6378
202209,경부선,금정,16476,16744,33220
202209,경부선,금천구청,6765,6607,13372
202209,경부선,남영,5404,5572,10976
202209,경부선,노량진,6602,6136,12738
202209,경부선,당정,3246,3309,6555
202209,경부선,대방,5577,6329,11906
202209,경부선,독산,6951,6852,13803
202209,경부선,두정,5046,6921,11967
202209,경부선,명학,3476,3209,6685
202209,경부선,병점,10267,10886,21153
202209,경부선,서동탄,847,862,1709
202209,경부선,서울역,9552,2398,11950
202209,경부선,서정리,5193,7508,12701
202209,경부선,석수,5510,5282,10792
202209,경부선,성균관대,8824,9347,18171
202209,경부선,성환,3058,3868,6926
202209,경부선,세류,2253,2271,4524
202209,경부선,세마,1982,1794,3776
202209,경부선,송탄,3898,4573,8471
202209,경부선,수원,37622,36949,74571
202209,경부선,신길,5049,4376,9425
202209,경부선,신도림,2486,2708,5194
202209,경부선,안양,14603,14072,28675
202209,경부선,영등포,36765,36025,72790
202209,경부선,오산,8656,9049,17705
202209,경부선,오산대,2497,2423,4920
202209,경부선,용산,36107,34875,70982
202209,경부선,의왕,4545,4584,9129
202209,경부선,직산,632,708,1340
202209,경부선,진위,1038,1060,2098
202209,경부선,천안,6913,7625,14538
202209,경부선,평택,12904,13714,26618
202209,경부선,평택지제,2969,2917,5886
202209,경부선,화서,4633,4696,9329
202209,경원선,가능,4440,4218,8658
202209,경원선,광운대,4492,4659,9151
202209,경원선,녹양,3063,2977,6040
202209,경원선,녹천,2783,2377,5160
202209,경원선,덕계,2230,2097,4327
202209,경원선,덕정,3781,4013,7794
202209,경원선,도봉,3803,3509,7312
202209,경원선,도봉산,9150,6426,15576
202209,경원선,동두천,1499,2038,3537
202209,경원선,동두천중앙,2266,2080,4346
202209,경원선,망월사,5013,5121,10134
202209,경원선,방학,6464,6301,12765
202209,경원선,보산,1510,1544,3054
202209,경원선,서빙고,2292,2121,4413
202209,경원선,석계,5350,5694,11044
202209,경원선,소요산,5354,4776,10130
202209,경원선,신이문,5068,4666,9734
202209,경원선,양주,5946,5847,11793
202209,경원선,옥수,43,29,72
202209,경원선,왕십리,11292,12890,24182
202209,경원선,외대앞,5638,5692,11330
202209,경원선,월계,4054,3784,7838
202209,경원선,응봉,1250,1115,2365
202209,경원선,의정부,15688,15533,31221
202209,경원선,이촌,2727,1982,4709
202209,경원선,지행,4933,5120,10053
202209,경원선,청량리,15534,14889,30423
202209,경원선,한남,2196,2084,4280
202209,경원선,회룡,8284,8349,16633
202209,경의선,가좌,3287,3283,6570
202209,경의선,강매,1588,1506,3094
202209,경의선,곡산,354,363,717
202209,경의선,공덕,2267,1663,3930
202209,경의선,금릉,3319,3168,6487
202209,경의선,금촌,4927,5114,10041
202209,경의선,능곡,2498,2419,4917
202209,경의선,디지털미디어시티,1716,1596,3312
202209,경의선,문산,4179,4332,8511
202209,경의선,백마,3918,3670,7588
202209,경의선,서강대,1563,1534,3097
202209,경의선,서울역,1312,1249,2561
202209,경의선,수색,1021,1095,2116
202209,경의선,신촌,373,445,818
202209,경의선,야당,5472,5249,10721
202209,경의선,운정,4035,3768,7803
202209,경의선,월롱,1187,2320,3507
202209,경의선,일산,6181,5809,11990
202209,경의선,임진강,95,72,167
202209,경의선,탄현,4633,4213,8846
202209,경의선,파주,741,667,1408
202209,경의선,풍산,3954,3692,7646
202209,경의선,행신,5095,4748,9843
202209,경의선,홍대입구,1911,2329,4240
202209,경의선,화전,1031,1093,2124
202209,경의선,효창공원앞,1544,1694,3238
202209,경인선,간석,3445,3180,6625
202209,경인선,개봉,12742,12365,25107
202209,경인선,구일,5413,5374,10787
202209,경인선,도원,1838,1845,3683
202209,경인선,도화,2525,2465,4990
202209,경인선,동암,10863,10519,21382
202209,경인선,동인천,10171,9814,19985
202209,경인선,백운,4192,4202,8394
202209,경인선,부개,5442,5038,10480
202209,경인선,부천,23660,23161,46821
202209,경인선,부평,23779,23711,47490
202209,경인선,소사,5994,5894,11888
202209,경인선,송내,14638,14194,28832
202209,경인선,역곡,15744,15735,31479
202209,경인선,오류동,7667,7034,14701
202209,경인선,온수,4223,3864,8087
202209,경인선,인천,4618,3831,8449
202209,경인선,제물포,5961,5772,11733
202209,경인선,주안,12842,11510,24352
202209,경인선,중동,5271,5035,10306
202209,경춘선,가평,2678,1892,4570
202209,경춘선,갈매,1549,1368,2917
202209,경춘선,강촌,1027,713,1740
202209,경춘선,굴봉산,260,220,480
202209,경춘선,금곡,1052,1003,2055
202209,경춘선,김유정,477,508,985
202209,경춘선,남춘천,2649,3528,6177
202209,경춘선,대성리,2383,572,2955
202209,경춘선,마석,3199,3185,6384
202209,경춘선,백양리,173,126,299
202209,경춘선,별내,1918,1782,3700
202209,경춘선,사릉,1478,1461,2939
202209,경춘선,상천,700,553,1253
202209,경춘선,신내,1160,1146,2306
202209,경춘선,천마산,1222,1150,2372
202209,경춘선,청평,2328,1652,3980
202209,경춘선,춘천,2091,1977,4068
202209,경춘선,퇴계원,2216,1940,4156
202209,경춘선,평내호평,3843,3657,7500
202209,공항철도 1호선,검암,3918,4062,7980
202209,공항철도 1호선,계양,6669,6296,12965
202209,공항철도 1호선,공덕,1447,2155,3602
202209,공항철도 1호선,공항화물청사,1078,1128,2206
202209,공항철도 1호선,김포공항,11524,5793,17317
202209,공항철도 1호선,디지털미디어시티,7508,5196,12704
202209,공항철도 1호선,마곡나루,2794,3104,5898
202209,공항철도 1호선,서울역,10239,9779,20018
202209,공항철도 1호선,영종,2975,2902,5877
202209,공항철도 1호선,운서,6511,6919,13430
202209,공항철도 1호선,인천공항1터미널,8902,7569,16471
202209,공항철도 1호선,인천공항2터미널,3818,3357,7175
202209,공항철도 1호선,청라국제도시,3833,3627,7460
202209,공항철도 1호선,홍대입구,13136,12235,25371
202209,과천선,경마공원,15555,15852,31407
202209,과천선,과천,4102,3815,7917
202209,과천선,대공원,5302,5603,10905
202209,과천선,범계,16355,15853,32208
202209,과천선,선바위,4774,4293,9067
202209,과천선,인덕원,13901,13857,27758
202209,과천선,정부과천청사,6284,6323,12607
202209,과천선,평촌,7180,6877,14057
202209,분당선,가천대,4489,5371,9860
202209,분당선,강남구청,3374,4144,7518
202209,분당선,개포동,2412,2400,4812
202209,분당선,구룡,958,1051,2009
202209,분당선,구성,2632,2854,5486
202209,분당선,기흥,5476,5222,10698
202209,분당선,대모산입구,2236,2202,4438
202209,분당선,도곡,3356,3191,6547
202209,분당선,망포,6876,7047,13923
202209,분당선,매교,2188,2202,4390
202209,분당선,매탄권선,2913,2752,5665
202209,분당선,모란,12190,12458,24648
202209,분당선,미금,7925,8256,16181
202209,분당선,보정,1301,1230,2531
202209,분당선,상갈,3035,3165,6200
202209,분당선,서울숲,8409,8668,17077
202209,분당선,서현,15333,15221,30554
202209,분당선,선릉,3263,5041,8304
202209,분당선,선정릉,2311,2395,4706
202209,분당선,수내,6772,6444,13216
202209,분당선,수서,9369,9472,18841
202209,분당선,수원,6739,5346,12085
202209,분당선,수원시청,8513,8408,16921
202209,분당선,신갈,2214,2324,4538
202209,분당선,압구정로데오,11894,13101,24995
202209,분당선,야탑,14751,15238,29989
202209,분당선,영통,5502,5519,11021
202209,분당선,오리,5673,4809,10482
202209,분당선,이매,3588,3744,7332
202209,분당선,정자,8300,8575,16875
202209,분당선,죽전,8386,9631,18017
202209,분당선,청명,2198,2353,4551
202209,분당선,태평,8769,8200,16969
202209,분당선,한티,10419,9725,20144
202209,수인선,고색,1965,1987,3952
202209,수인선,남동인더스파크,666,662,1328
202209,수인선,달월,59,59,118
202209,수인선,사리,3065,2583,5648
202209,수인선,소래포구,6234,6213,12447
202209,수인선,송도,1636,1563,3199
202209,수인선,숭의,2079,1945,4024
202209,수인선,신포,1233,1216,2449
202209,수인선,야목,261,218,479
202209,수인선,어천,705,852,1557
202209,수인선,연수,3475,3495,6970
202209,수인선,오목천,1975,1957,3932
202209,수인선,원인재,3088,3108,6196
202209,수인선,월곶,1903,1759,3662
202209,수인선,인천,1140,1761,2901
202209,수인선,인천논현,3277,3356,6633
202209,수인선,인하대,3732,3650,7382
202209,수인선,호구포,2333,2401,4734
202209,신림선,관악산,4050,4365,8415
202209,신림선,당곡,2348,2160,4508
202209,신림선,대방,1485,1135,2620
202209,신림선,보라매,1601,1477,3078
202209,신림선,보라매공원,1137,1209,2346
202209,신림선,보라매병원,2150,2129,4279
202209,신림선,샛강,936,1188,2124
202209,신림선,서울대벤처타운,4986,4743,9729
202209,신림선,서울지방병무청,1415,1690,3105
202209,신림선,서원,1927,1718,3645
202209,신림선,신림,1121,1545,2666
202209,안산선,고잔,8360,7845,16205
202209,안산선,대야미,3305,3032,6337
202209,안산선,반월,2917,2843,5760
202209,안산선,산본,9834,10169,20003
202209,안산선,상록수,10154,9959,20113
202209,안산선,수리산,2478,2354,4832
202209,안산선,신길온천,1386,1259,2645
202209,안산선,안산,11096,10607,21703
202209,안산선,오이도,6572,6243,12815
202209,안산선,정왕,6327,6677,13004
202209,안산선,중앙,13187,12889,26076
202209,안산선,초지,3333,3412,6745
202209,안산선,한대앞,6094,6109,12203
202209,우이신설선,4.19민주묘지,2143,1818,3961
202209,우이신설선,가오리,2579,2487,5066
202209,우이신설선,보문,1046,1059,2105
202209,우이신설선,북한산보국문,4321,3795,8116
202209,우이신설선,북한산우이,3614,3717,7331
202209,우이신설선,삼양,1340,1351,2691
202209,우이신설선,삼양사거리,1612,1617,3229
202209,우이신설선,성신여대입구,2341,2765,5106
202209,우이신설선,솔밭공원,1625,1535,3160
202209,우이신설선,솔샘,3100,2906,6006
202209,우이신설선,신설동,1286,1296,2582
202209,우이신설선,정릉,3134,2532,5666
202209,우이신설선,화계,2296,2197,4493
202209,일산선,대곡,1221,1033,2254
202209,일산선,대화,7637,6608,14245
202209,일산선,마두,3814,3660,7474
202209,일산선,백석,6009,5868,11877
202209,일산선,삼송,11962,11771,23733
202209,일산선,원당,6594,6293,12887
202209,일산선,원흥,6274,6005,12279
202209,일산선,정발산,5807,5866,11673
202209,일산선,주엽,5501,5230,10731
202209,일산선,화정,9975,10098,20073
202209,장항선,배방,905,990,1895
202209,장항선,봉명,559,583,1142
202209,장항선,신창,1204,2363,3567
202209,장항선,쌍용,1365,1611,2976
202209,장항선,아산,4137,2942,7079
202209,장항선,온양온천,3719,3775,7494
202209,장항선,탕정,636,712,1348
202209,중앙선,구리,8338,8506,16844
202209,중앙선,국수,728,646,1374
202209,중앙선,덕소,3876,3926,7802
202209,중앙선,도농,6008,5900,11908
202209,중앙선,도심,1479,1270,2749
202209,중앙선,망우,5512,5472,10984
202209,중앙선,상봉,4045,4095,8140
202209,중앙선,신원,329,266,595
202209,중앙선,아신,600,546,1146
202209,중앙선,양수,2097,1954,4051
202209,중앙선,양원,1621,1645,3266
202209,중앙선,양정,510,434,944
202209,중앙선,양평,4429,4250,8679
202209,중앙선,오빈,286,271,557
202209,중앙선,용문,2290,1969,4259
202209,중앙선,운길산,1336,1281,2617
202209,중앙선,원덕,471,385,856
202209,중앙선,중랑,3851,3745,7596
202209,중앙선,지평,53,32,85
202209,중앙선,팔당,1458,1472,2930
202209,중앙선,회기,18863,18662,37525
202209,1호선,동대문,12372,12008,24380
202209,1호선,동묘앞,13331,13919,27250
202209,1호선,서울역,46646,44963,91609
202209,1호선,시청,21477,21843,43320
202209,1호선,신설동,11756,10512,22268
202209,1호선,제기동,17016,17380,34396
202209,1호선,종각,27559,24885,52444
202209,1호선,종로3가,29768,27332,57100
202209,1호선,종로5가,23554,24214,47768
202209,1호선,청량리,19991,20569,40560
202209,2호선,강남,64356,65323,129679
202209,2호선,강변,33105,32615,65720
202209,2호선,건대입구,38565,42121,80686
202209,2호선,교대,20212,23044,43256
202209,2호선,구로디지털단지,39028,38270,77298
202209,2호선,구의,18953,17718,36671
202209,2호선,낙성대,25501,22868,48369
202209,2호선,당산,15864,17130,32994
202209,2호선,대림,20163,20855,41018
202209,2호선,도림천,1227,1279,2506
202209,2호선,동대문역사문화공원,11657,13298,24955
202209,2호선,뚝섬,18487,18901,37388
202209,2호선,문래,15004,16248,31252
202209,2호선,방배,12404,12520,24924
202209,2호선,봉천,19505,17602,37107
202209,2호선,사당,38887,44038,82925
202209,2호선,삼성,33225,32990,66215
202209,2호선,상왕십리,11171,10419,21590
202209,2호선,서울대입구,41168,40135,81303
202209,2호선,서초,13959,12066,26025
202209,2호선,선릉,28756,25486,54242
202209,2호선,성수,24794,30200,54994
202209,2호선,시청,16389,14774,31163
202209,2호선,신답,1291,1267,2558
202209,2호선,신당,12714,13404,26118
202209,2호선,신대방,22321,20928,43249
202209,2호선,신도림,47054,48343,95397
202209,2호선,신림,51975,49118,101093
202209,2호선,신설동,4019,3905,7924
202209,2호선,신정네거리,8584,8393,16977
202209,2호선,신촌,37638,40663,78301
202209,2호선,아현,8968,8138,17106
202209,2호선,양천구청,5343,5286,10629
202209,2호선,역삼,20217,22464,42681
202209,2호선,영등포구청,14912,15610,30522
202209,2호선,왕십리,15386,13319,28705
202209,2호선,용답,2539,2234,4773
202209,2호선,용두,1977,1861,3838
202209,2호선,을지로3가,15269,14606,29875
202209,2호선,을지로4가,9617,9848,19465
202209,2호선,을지로입구,31485,30052,61537
202209,2호선,이대,13066,13602,26668
202209,2호선,잠실,79023,75520,154543
202209,2호선,잠실나루,8958,8904,17862
202209,2호선,잠실새내,20128,21507,41635
202209,2호선,종합운동장,27412,31487,58899
202209,2호선,충정로,7354,7338,14692
202209,2호선,한양대,5483,5856,11339
202209,2호선,합정,32878,38133,71011
202209,2호선,홍대입구,75353,86659,162012
202209,3호선,가락시장,7315,7162,14477
202209,3호선,경복궁,29406,31402,60808
202209,3호선,경찰병원,4647,4417,9064
202209,3호선,고속터미널,64949,60751,125700
202209,3호선,교대,8960,5291,14251
202209,3호선,구파발,18240,19167,37407
202209,3호선,금호,6664,5992,12656
202209,3호선,남부터미널,24906,24127,49033
202209,3호선,녹번,12116,10662,22778
202209,3호선,대청,6884,6367,13251
202209,3호선,대치,11915,10311,22226
202209,3호선,도곡,3854,4114,7968
202209,3호선,독립문,7949,8732,16681
202209,3호선,동대입구,9718,10689,20407
202209,3호선,매봉,6814,6519,13333
202209,3호선,무악재,3159,3277,6436
202209,3호선,불광,15131,17200,32331
202209,3호선,수서,16249,16001,32250
202209,3호선,신사,26872,28982,55854
202209,3호선,안국,25639,27255,52894
202209,3호선,압구정,27984,30577,58561
202209,3호선,약수,10444,10011,20455
202209,3호선,양재,25943,28177,54120
202209,3호선,연신내,32615,30418,63033
202209,3호선,오금,4355,4040,8395
202209,3호선,옥수,8664,8466,17130
202209,3호선,을지로3가,6895,7106,14001
202209,3호선,일원,6474,6279,12753
202209,3호선,잠원,4615,4386,9001
202209,3호선,종로3가,7487,11053,18540
202209,3호선,지축,4504,4015,8519
202209,3호선,충무로,1,0,1
202209,3호선,학여울,2102,2164,4266
202209,3호선,홍제,15235,14472,29707
202209,4호선,길음,17525,16689,34214
202209,4호선,남태령,1407,787,2194
202209,4호선,노원,17295,19676,36971
202209,4호선,당고개,8336,7707,16043
202209,4호선,동대문,16618,16552,33170
202209,4호선,동대문역사문화공원,14319,11629,25948
202209,4호선,동작,2082,2167,4249
202209,4호선,명동,22895,25460,48355
202209,4호선,미아,12456,11684,24140
202209,4호선,미아사거리,24603,23949,48552
202209,4호선,사당,26503,24017,50520
202209,4호선,삼각지,5404,8462,13866
202209,4호선,상계,16161,14636,30797
202209,4호선,서울역,8321,19092,27413
202209,4호선,성신여대입구,19239,18758,37997
202209,4호선,수유,30105,30040,60145
202209,4호선,숙대입구,12375,11862,24237
202209,4호선,신용산,14268,14773,29041
202209,4호선,쌍문,24504,21571,46075
202209,4호선,이촌,9111,10254,19365
202209,4호선,창동,22182,23102,45284
202209,4호선,총신대입구,16328,17968,34296
202209,4호선,충무로,19491,22603,42094
202209,4호선,한성대입구,13979,13581,27560
202209,4호선,혜화,41371,41137,82508
202209,4호선,회현,24071,24298,48369
202209,5호선,강동,14796,14078,28874
202209,5호선,강일,3875,3463,7338
202209,5호선,개롱,4902,5046,9948
202209,5호선,개화산,4068,3940,8008
202209,5호선,거여,7470,6888,14358
202209,5호선,고덕,7592,7205,14797
202209,5호선,공덕,8866,9482,18348
202209,5호선,광나루,13479,12584,26063
202209,5호선,광화문,26754,26483,53237
202209,5호선,군자,9842,10978,20820
202209,5호선,굽은다리,8025,7438,15463
202209,5호선,길동,6786,6927,13713
202209,5호선,김포공항,8195,8493,16688
202209,5호선,까치산,23830,21758,45588
202209,5호선,답십리,11938,10636,22574
202209,5호선,동대문역사문화공원,1490,1960,3450
202209,5호선,둔촌동,6821,6586,13407
202209,5호선,마곡,6267,6396,12663
202209,5호선,마장,4473,4027,8500
202209,5호선,마천,5452,5561,11013
202209,5호선,마포,8754,8846,17600
202209,5호선,명일,7154,6882,14036
202209,5호선,목동,13182,12964,26146
202209,5호선,미사,14166,14248,28414
202209,5호선,발산,15783,17144,32927
202209,5호선,방이,6126,5919,12045
202209,5호선,방화,5284,4982,10266
202209,5호선,상일동,10747,9803,20550
202209,5호선,서대문,10031,9358,19389
202209,5호선,송정,5707,5202,10909
202209,5호선,신금호,4759,4883,9642
202209,5호선,신길,3254,3303,6557
202209,5호선,신정,10473,8856,19329
202209,5호선,아차산,15961,15094,31055
202209,5호선,애오개,4264,4101,8365
202209,5호선,양평,4376,4016,8392
202209,5호선,여의나루,24680,26381,51061
202209,5호선,여의도,14523,16369,30892
202209,5호선,영등포구청,2367,2296,4663
202209,5호선,영등포시장,10483,11162,21645
202209,5호선,오금,2332,2188,4520
202209,5호선,오목교,19485,19705,39190
202209,5호선,올림픽공원,4887,4772,9659
202209,5호선,왕십리,4124,4888,9012
202209,5호선,우장산,11315,10903,22218
202209,5호선,을지로4가,4372,4917,9289
202209,5호선,장한평,13180,12789,25969
202209,5호선,종로3가,16298,17213,33511
202209,5호선,천호,19089,18354,37443
202209,5호선,청구,2898,2580,5478
202209,5호선,충정로,2228,2069,4297
202209,5호선,하남검단산,6560,6215,12775
202209,5호선,하남시청,6866,6397,13263
202209,5호선,하남풍산,3146,3070,6216
202209,5호선,행당,6583,5718,12301
202209,5호선,화곡,22986,20953,43939
202209,6호선,고려대,7032,6606,13638
202209,6호선,공덕,12107,11790,23897
202209,6호선,광흥창,6249,5512,11761
202209,6호선,구산,6406,4605,11011
202209,6호선,녹사평,7075,8436,15511
202209,6호선,대흥,6489,6418,12907
202209,6호선,독바위,2470,2722,5192
202209,6호선,돌곶이,7277,6482,13759
202209,6호선,동묘앞,9010,8899,17909
202209,6호선,디지털미디어시티,9132,10313,19445
202209,6호선,마포구청,11187,9471,20658
202209,6호선,망원,14935,16652,31587
202209,6호선,버티고개,1699,1762,3461
202209,6호선,보문,6161,5614,11775
202209,6호선,봉화산,6338,6059,12397
202209,6호선,불광,4212,3766,7978
202209,6호선,삼각지,8184,5858,14042
202209,6호선,상수,9651,11887,21538
202209,6호선,상월곡,5095,4442,9537
202209,6호선,새절,9610,8922,18532
202209,6호선,석계,9966,10047,20013
202209,6호선,신당,6820,6388,13208
202209,6호선,안암,8448,8036,16484
202209,6호선,약수,2821,2870,5691
202209,6호선,역촌,2985,3460,6445
202209,6호선,연신내,2,0,2
202209,6호선,월곡,8555,8094,16649
202209,6호선,월드컵경기장,7186,7682,14868
202209,6호선,응암,14426,14038,28464
202209,6호선,이태원,17804,23529,41333
202209,6호선,증산,8287,8114,16401
202209,6호선,창신,2539,2139,4678
202209,6호선,청구,2759,2717,5476
202209,6호선,태릉입구,5010,5223,10233
202209,6호선,한강진,11361,14940,26301
202209,6호선,합정,14743,14126,28869
202209,6호선,화랑대,10077,8371,18448
202209,6호선,효창공원앞,5845,5048,10893
202209,7호선,가산디지털단지,16308,14777,31085
202209,7호선,강남구청,11155,12647,23802
202209,7호선,건대입구,12188,13461,25649
202209,7호선,고속터미널,17763,13835,31598
202209,7호선,공릉,10255,9613,19868
202209,7호선,광명사거리,18318,18046,36364
202209,7호선,군자,12563,9012,21575
202209,7호선,굴포천,1,0,1
202209,7호선,남구로,8906,9344,18250
202209,7호선,남성,8924,8065,16989
202209,7호선,내방,8791,8726,17517
202209,7호선,노원,17637,18325,35962
202209,7호선,논현,11339,12201,23540
202209,7호선,대림,7790,8475,16265
202209,7호선,도봉산,8113,10708,18821
202209,7호선,뚝섬유원지,16788,16198,32986
202209,7호선,마들,10427,9535,19962
202209,7호선,먹골,8705,8145,16850
202209,7호선,면목,12357,11380,23737
202209,7호선,반포,5524,5655,11179
202209,7호선,보라매,6057,5999,12056
202209,7호선,사가정,13707,13169,26876
202209,7호선,상도,9432,8558,17990
202209,7호선,상봉,15216,14615,29831
202209,7호선,수락산,11607,11168,22775
202209,7호선,숭실대입구,10382,9912,20294
202209,7호선,신대방삼거리,11779,10812,22591
202209,7호선,신풍,9115,8462,17577
202209,7호선,어린이대공원,14134,14166,28300
202209,7호선,온수,6111,6039,12150
202209,7호선,용마산,5233,5308,10541
202209,7호선,이수,13876,12753,26629
202209,7호선,장승배기,7402,6986,14388
202209,7호선,장암,2049,1432,3481
202209,7호선,중계,10662,9399,20061
202209,7호선,중곡,7974,7223,15197
202209,7호선,중화,8420,7916,16336
202209,7호선,천왕,7986,7411,15397
202209,7호선,철산,17593,17608,35201
202209,7호선,청담,13224,14374,27598
202209,7호선,태릉입구,8134,7505,15639
202209,7호선,하계,14237,12929,27166
202209,7호선,학동,12802,13393,26195
202209,8호선,가락시장,6062,6467,12529
202209,8호선,강동구청,6957,6902,13859
202209,8호선,남위례,4993,5065,10058
202209,8호선,남한산성입구,10977,9356,20333
202209,8호선,단대오거리,8865,8088,16953
202209,8호선,모란,6379,5619,11998
202209,8호선,몽촌토성,5750,6061,11811
202209,8호선,문정,10302,10421,20723
202209,8호선,복정,7416,6037,13453
202209,8호선,산성,4899,4809,9708
202209,8호선,석촌,6317,8185,14502
202209,8호선,송파,6678,6319,12997
202209,8호선,수진,4803,4203,9006
202209,8호선,신흥,3954,4146,8100
202209,8호선,암사,13909,12508,26417
202209,8호선,잠실,14416,17515,31931
202209,8호선,장지,13948,12623,26571
202209,8호선,천호,13195,15296,28491
202209,9호선,가양,16556,15736,32292
202209,9호선,개화,1775,1591,3366
202209,9호선,고속터미널,20808,28334,49142
202209,9호선,공항시장,2465,2586,5051
202209,9호선,구반포,1277,1395,2672
202209,9호선,국회의사당,6108,6361,12469
202209,9호선,김포공항,8588,12600,21188
202209,9호선,노들,4808,4224,9032
202209,9호선,노량진,25074,24999,50073
202209,9호선,당산,16448,15461,31909
202209,9호선,동작,1773,1551,3324
202209,9호선,등촌,8120,7474,15594
202209,9호선,마곡나루,9668,9478,19146
202209,9호선,사평,2859,2585,5444
202209,9호선,샛강,3445,3218,6663
202209,9호선,선유도,4946,4622,9568
202209,9호선,신논현,29436,29557,58993
202209,9호선,신목동,3164,2534,5698
202209,9호선,신반포,4861,5980,10841
202209,9호선,신방화,5518,4951,10469
202209,9호선,양천향교,6600,6308,12908
202209,9호선,여의도,15312,14962,30274
202209,9호선,염창,14087,12783,26870
202209,9호선,증미,3975,3614,7589
202209,9호선,흑석,7435,7034,14469
202209,9호선2~3단계,둔촌오륜,701,725,1426
202209,9호선2~3단계,봉은사,13878,14974,28852
202209,9호선2~3단계,삼성중앙,3661,3680,7341
202209,9호선2~3단계,삼전,5797,5252,11049
202209,9호선2~3단계,석촌,8439,6911,15350
202209,9호선2~3단계,석촌고분,5154,4726,9880
202209,9호선2~3단계,선정릉,5733,6653,12386
202209,9호선2~3단계,송파나루,4579,5196,9775
202209,9호선2~3단계,언주,7615,7597,15212
202209,9호선2~3단계,올림픽공원,11075,11520,22595
202209,9호선2~3단계,종합운동장,4701,4706,9407
202209,9호선2~3단계,중앙보훈병원,6246,5840,12086
202209,9호선2~3단계,한성백제,2686,2252,4938
202209,경강선,경기광주,6668,6031,12699
202209,경강선,곤지암,2380,2342,4722
202209,경강선,부발,2606,2274,4880
202209,경강선,삼동,1797,1606,3403
202209,경강선,세종대왕릉,489,540,1029
202209,경강선,신둔도예촌,1572,1503,3075
202209,경강선,여주,3115,3386,6501
202209,경강선,이매,1072,899,1971
202209,경강선,이천,3213,3319,6532
202209,경강선,초월,2755,2379,5134
202209,경강선,판교,3580,3523,7103
202209,경부선,가산디지털단지,7391,9824,17215
202209,경부선,관악,7179,6738,13917
202209,경부선,광명,3646,3163,6809
202209,경부선,구로,15388,15977,31365
202209,경부선,군포,4841,4362,9203
202209,경부선,금정,22961,22883,45844
202209,경부선,금천구청,9885,9685,19570
202209,경부선,남영,7598,7641,15239
202209,경부선,노량진,10822,10234,21056
202209,경부선,당정,4841,4454,9295
202209,경부선,대방,8564,9123,17687
202209,경부선,독산,10908,10344,21252
202209,경부선,두정,7239,6993,14232
202209,경부선,명학,5405,4953,10358
202209,경부선,병점,14907,14400,29307
202209,경부선,서동탄,1230,1231,2461
202209,경부선,서울역,11079,2923,14002
202209,경부선,서정리,9092,6937,16029
202209,경부선,석수,8084,7455,15539
202209,경부선,성균관대,13229,12811,26040
202209,경부선,성환,4124,3548,7672
202209,경부선,세류,3036,2981,6017
202209,경부선,세마,2743,2391,5134
202209,경부선,송탄,5796,5056,10852
202209,경부선,수원,45050,49364,94414
202209,경부선,신길,6982,6016,12998
202209,경부선,신도림,3718,4015,7733
202209,경부선,안양,20948,20775,41723
202209,경부선,영등포,47879,50167,98046
202209,경부선,오산,11007,10225,21232
202209,경부선,오산대,3643,3191,6834
202209,경부선,용산,44530,46581,91111
202209,경부선,의왕,6906,6766,13672
202209,경부선,직산,883,829,1712
202209,경부선,진위,1372,1170,2542
202209,경부선,천안,8218,8456,16674
202209,경부선,평택,16208,15708,31916
202209,경부선,평택지제,4472,3962,8434
202209,경부선,화서,7145,6975,14120
202209,경원선,가능,6157,5716,11873
202209,경원선,광운대,6274,6117,12391
202209,경원선,녹양,4344,3979,8323
202209,경원선,녹천,3782,3146,6928
202209,경원선,덕계,3116,2831,5947
202209,경원선,덕정,5644,5082,10726
202209,경원선,도봉,5153,4793,9946
202209,경원선,도봉산,10365,7283,17648
202209,경원선,동두천,2062,2658,4720
202209,경원선,동두천중앙,3227,3219,6446
202209,경원선,망월사,6818,6614,13432
202209,경원선,방학,8624,8356,16980
202209,경원선,보산,1929,1822,3751
202209,경원선,서빙고,2344,2434,4778
202209,경원선,석계,7808,8116,15924
202209,경원선,소요산,6440,5612,12052
202209,경원선,신이문,7262,6463,13725
202209,경원선,양주,8777,8447,17224
202209,경원선,옥수,39,19,58
202209,경원선,왕십리,14735,16968,31703
202209,경원선,외대앞,7724,7235,14959
202209,경원선,월계,5532,5055,10587
202209,경원선,응봉,1816,1563,3379
202209,경원선,의정부,20622,22190,42812
202209,경원선,이촌,4004,2724,6728
202209,경원선,지행,6982,6735,13717
202209,경원선,청량리,19528,20164,39692
202209,경원선,한남,3264,3168,6432
202209,경원선,회룡,11610,11450,23060
202209,경의선,가좌,4769,4637,9406
202209,경의선,강매,2385,2253,4638
202209,경의선,검암,1,0,1
202209,경의선,곡산,506,511,1017
202209,경의선,공덕,3647,2603,6250
202209,경의선,금릉,4654,4344,8998
202209,경의선,금촌,6500,6244,12744
202209,경의선,능곡,3414,3340,6754
202209,경의선,디지털미디어시티,2419,2160,4579
202209,경의선,문산,6593,6125,12718
202209,경의선,백마,5524,5047,10571
202209,경의선,서강대,2113,2164,4277
202209,경의선,서울역,1887,2042,3929
202209,경의선,수색,1900,1741,3641
202209,경의선,신촌,438,461,899
202209,경의선,야당,7583,7724,15307
202209,경의선,운정,5967,5343,11310
202209,경의선,월롱,2242,1892,4134
202209,경의선,일산,7302,6819,14121
202209,경의선,임진강,107,85,192
202209,경의선,탄현,6462,5842,12304
202209,경의선,파주,1111,780,1891
202209,경의선,풍산,5114,4837,9951
202209,경의선,행신,6712,6699,13411
202209,경의선,홍대입구,2302,3130,5432
202209,경의선,화전,1591,1426,3017
202209,경의선,효창공원앞,2179,2418,4597
202209,경인선,간석,5211,4807,10018
202209,경인선,개봉,18988,17930,36918
202209,경인선,구일,10837,11414,22251
202209,경인선,도원,2615,2509,5124
202209,경인선,도화,3747,3316,7063
202209,경인선,동암,14906,14933,29839
202209,경인선,동인천,13884,13641,27525
202209,경인선,백운,6382,6249,12631
202209,경인선,부개,7524,6713,14237
202209,경인선,부천,32090,32944,65034
202209,경인선,부평,31570,35408,66978
202209,경인선,소사,8573,8551,17124
202209,경인선,송내,21904,21445,43349
202209,경인선,역곡,23480,22663,46143
202209,경인선,오류동,10801,9504,20305
202209,경인선,온수,5985,5304,11289
202209,경인선,인천,6680,5834,12514
202209,경인선,제물포,8663,8262,16925
202209,경인선,주안,18977,16461,35438
202209,경인선,중동,8139,7537,15676
202209,경춘선,가평,2694,3381,6075
202209,경춘선,갈매,2330,1997,4327
202209,경춘선,강촌,1010,930,1940
202209,경춘선,굴봉산,274,291,565
202209,경춘선,금곡,1338,1243,2581
202209,경춘선,김유정,705,941,1646
202209,경춘선,남춘천,3833,3983,7816
202209,경춘선,대성리,2278,2242,4520
202209,경춘선,마석,3923,3797,7720
202209,경춘선,백양리,413,522,935
202209,경춘선,별내,2624,2422,5046
202209,경춘선,사릉,1989,1888,3877
202209,경춘선,상천,735,553,1288
202209,경춘선,신내,1575,1519,3094
202209,경춘선,천마산,1583,1529,3112
202209,경춘선,청평,2279,2540,4819
202209,경춘선,춘천,2701,2393,5094
202209,경춘선,퇴계원,3004,2670,5674
202209,경춘선,평내호평,5172,4968,10140
202209,공항철도 1호선,검암,5438,5473,10911
202209,공항철도 1호선,계양,9463,8415,17878
202209,공항철도 1호선,공덕,2008,3427,5435
202209,공항철도 1호선,공항화물청사,1506,1560,3066
202209,공항철도 1호선,김포공항,12036,6300,18336
202209,공항철도 1호선,디지털미디어시티,9523,7846,17369
202209,공항철도 1호선,마곡나루,4142,4522,8664
202209,공항철도 1호선,서울역,11599,11102,22701
202209,공항철도 1호선,영종,3992,3817,7809
202209,공항철도 1호선,운서,8112,8637,16749
202209,공항철도 1호선,인천공항1터미널,9695,10062,19757
202209,공항철도 1호선,인천공항2터미널,3870,3321,7191
202209,공항철도 1호선,청라국제도시,5498,5338,10836
202209,공항철도 1호선,홍대입구,15485,16489,31974
202209,과천선,경마공원,13292,13490,26782
202209,과천선,과천,5802,5230,11032
202209,과천선,대공원,10542,10866,21408
202209,과천선,범계,24329,23736,48065
202209,과천선,선바위,6827,5790,12617
202209,과천선,인덕원,20404,19803,40207
202209,과천선,정부과천청사,7530,7339,14869
202209,과천선,평촌,11861,11533,23394
202209,분당선,가천대,7275,7169,14444
202209,분당선,강남구청,5787,7219,13006
202209,분당선,개포동,2993,2906,5899
202209,분당선,구룡,1807,1600,3407
202209,분당선,구성,3934,4103,8037
202209,분당선,기흥,8263,7601,15864
202209,분당선,대모산입구,3664,3279,6943
202209,분당선,도곡,5863,5155,11018
202209,분당선,망포,11178,10130,21308
202209,분당선,매교,3380,3397,6777
202209,분당선,매탄권선,4243,3904,8147
202209,분당선,모란,24438,25779,50217
202209,분당선,미금,11844,12424,24268
202209,분당선,보정,1942,1741,3683
202209,분당선,상갈,4482,4323,8805
202209,분당선,서울숲,13393,14397,27790
202209,분당선,서현,21302,21509,42811
202209,분당선,선릉,6148,9587,15735
202209,분당선,선정릉,3923,3876,7799
202209,분당선,수내,10425,9757,20182
202209,분당선,수서,12288,12707,24995
202209,분당선,수원,8802,7360,16162
202209,분당선,수원시청,13088,15340,28428
202209,분당선,신갈,3287,3251,6538
202209,분당선,압구정로데오,20526,24888,45414
202209,분당선,야탑,20904,21738,42642
202209,분당선,영통,7979,7850,15829
202209,분당선,오리,8695,7062,15757
202209,분당선,이매,4897,4465,9362
202209,분당선,정자,12660,12964,25624
202209,분당선,죽전,11878,13162,25040
202209,분당선,청명,3475,3376,6851
202209,분당선,태평,12225,11483,23708
202209,분당선,한티,14470,13805,28275
202209,수인선,고색,3150,3001,6151
202209,수인선,남동인더스파크,1130,1034,2164
202209,수인선,달월,81,88,169
202209,수인선,사리,4354,3563,7917
202209,수인선,소래포구,9105,9838,18943
202209,수인선,송도,2423,2291,4714
202209,수인선,숭의,3336,2950,6286
202209,수인선,신포,1975,1945,3920
202209,수인선,야목,365,268,633
202209,수인선,어천,1059,874,1933
202209,수인선,연수,4604,4635,9239
202209,수인선,오목천,2791,2303,5094
202209,수인선,원인재,4323,4357,8680
202209,수인선,월곶,2668,2410,5078
202209,수인선,인천,1569,2902,4471
202209,수인선,인천논현,4996,5185,10181
202209,수인선,인하대,5503,5072,10575
202209,수인선,호구포,3138,2864,6002
202209,신림선,관악산,4154,4299,8453
202209,신림선,당곡,3257,2848,6105
202209,신림선,대방,2306,1538,3844
202209,신림선,보라매,2245,2016,4261
202209,신림선,보라매공원,1469,1595,3064
202209,신림선,보라매병원,3102,3222,6324
202209,신림선,샛강,1193,1624,2817
202209,신림선,서울대벤처타운,6798,5905,12703
202209,신림선,서울지방병무청,1931,2181,4112
202209,신림선,서원,2424,1993,4417
202209,신림선,신림,1413,1937,3350
202209,안산선,고잔,7984,7939,15923
202209,안산선,대야미,4719,4087,8806
202209,안산선,반월,4019,3677,7696
202209,안산선,산본,14592,15450,30042
202209,안산선,상록수,14319,14031,28350
202209,안산선,수리산,3417,3027,6444
202209,안산선,신길온천,1819,1646,3465
202209,안산선,안산,10868,11338,22206
202209,안산선,오이도,9166,9283,18449
202209,안산선,정왕,7963,7808,15771
202209,안산선,중앙,18878,19795,38673
202209,안산선,초지,4421,4078,8499
202209,안산선,한대앞,8988,8887,17875
202209,우이신설선,4.19민주묘지,3037,2582,5619
202209,우이신설선,가오리,3624,3413,7037
202209,우이신설선,보문,1373,1291,2664
202209,우이신설선,북한산보국문,6003,5388,11391
202209,우이신설선,북한산우이,4594,4726,9320
202209,우이신설선,삼양,1891,1928,3819
202209,우이신설선,삼양사거리,2253,2170,4423
202209,우이신설선,성신여대입구,3146,3665,6811
202209,우이신설선,솔밭공원,2221,2156,4377
202209,우이신설선,솔샘,4515,4103,8618
202209,우이신설선,신설동,1633,1586,3219
202209,우이신설선,정릉,4301,3557,7858
202209,우이신설선,화계,3006,2692,5698
202209,일산선,대곡,1770,1445,3215
202209,일산선,대화,11493,9961,21454
202209,일산선,마두,6206,5929,12135
202209,일산선,백석,9031,8928,17959
202209,일산선,삼송,16786,15804,32590
202209,일산선,원당,9986,9174,19160
202209,일산선,원흥,8868,8190,17058
202209,일산선,정발산,9410,9891,19301
202209,일산선,주엽,8183,7863,16046
202209,일산선,화정,15195,15491,30686
202209,장항선,배방,1351,1343,2694
202209,장항선,봉명,986,923,1909
202209,장항선,신창,1618,1495,3113
202209,장항선,쌍용,2443,2053,4496
202209,장항선,아산,4303,4010,8313
202209,장항선,온양온천,6672,6719,13391
202209,장항선,탕정,1103,966,2069
202209,중앙선,구리,12369,12483,24852
202209,중앙선,국수,871,855,1726
202209,중앙선,덕소,5260,5376,10636
202209,중앙선,도농,8953,8044,16997
202209,중앙선,도심,1955,1689,3644
202209,중앙선,망우,7761,7382,15143
202209,중앙선,상봉,5666,5522,11188
202209,중앙선,신원,391,365,756
202209,중앙선,아신,734,767,1501
202209,중앙선,양수,2934,2872,5806
202209,중앙선,양원,2455,2379,4834
202209,중앙선,양정,667,618,1285
202209,중앙선,양평,3640,3573,7213
202209,중앙선,오빈,364,365,729
202209,중앙선,용문,2640,2915,5555
202209,중앙선,운길산,1899,1941,3840
202209,중앙선,원덕,518,564,1082
202209,중앙선,중랑,5285,5030,10315
202209,중앙선,지평,71,94,165
202209,중앙선,팔당,1833,1972,3805
202209,중앙선,회기,25182,23761,48943
202209,1호선,동대문,11486,11907,23393
202209,1호선,동묘앞,14134,14429,28563
202209,1호선,서울역,34571,33994,68565
202209,1호선,시청,11560,10680,22240
202209,1호선,신설동,8885,9035,17920
202209,1호선,제기동,11082,11778,22860
202209,1호선,종각,16766,14433,31199
202209,1호선,종로3가,19239,15680,34919
202209,1호선,종로5가,11724,11369,23093
202209,1호선,청량리,14495,14825,29320
202209,2호선,강남,37780,36088,73868
202209,2호선,강변,25858,26289,52147
202209,2호선,건대입구,29592,30385,59977
202209,2호선,교대,11928,13078,25006
202209,2호선,구로디지털단지,28030,27006,55036
202209,2호선,구의,12931,12747,25678
202209,2호선,낙성대,17989,18579,36568
202209,2호선,당산,10406,11295,21701
202209,2호선,대림,17334,17940,35274
202209,2호선,도림천,954,1165,2119
202209,2호선,동대문역사문화공원,8915,12298,21213
202209,2호선,뚝섬,13847,13569,27416
202209,2호선,문래,8829,9500,18329
202209,2호선,방배,7732,8071,15803
202209,2호선,봉천,13948,13168,27116
202209,2호선,사당,26948,29308,56256
202209,2호선,삼성,27235,26207,53442
202209,2호선,상왕십리,7776,7651,15427
202209,2호선,서울대입구,29281,30090,59371
202209,2호선,서초,13276,12749,26025
202209,2호선,선릉,15695,13387,29082
202209,2호선,성수,17133,19682,36815
202209,2호선,시청,8346,6969,15315
202209,2호선,신답,913,933,1846
202209,2호선,신당,9277,9915,19192
202209,2호선,신대방,16985,16398,33383
202209,2호선,신도림,32486,33141,65627
202209,2호선,신림,38622,37257,75879
202209,2호선,신설동,3668,3533,7201
202209,2호선,신정네거리,5870,5684,11554
202209,2호선,신촌,25842,25009,50851
202209,2호선,아현,5891,5879,11770
202209,2호선,양천구청,3742,3782,7524
202209,2호선,역삼,12428,13522,25950
202209,2호선,영등포구청,9495,9806,19301
202209,2호선,왕십리,10784,9252,20036
202209,2호선,용답,2034,2010,4044
202209,2호선,용두,1201,1231,2432
202209,2호선,을지로3가,11121,10848,21969
202209,2호선,을지로4가,5090,4888,9978
202209,2호선,을지로입구,20498,19247,39745
202209,2호선,이대,8929,9560,18489
202209,2호선,잠실,56661,52479,109140
202209,2호선,잠실나루,6450,6699,13149
202209,2호선,잠실새내,13813,14083,27896
202209,2호선,종합운동장,21656,24283,45939
202209,2호선,충정로,4699,5130,9829
202209,2호선,한양대,3029,3387,6416
202209,2호선,합정,24827,25960,50787
202209,2호선,홍대입구,58039,57883,115922
202209,3호선,가락시장,4272,4510,8782
202209,3호선,경복궁,19138,21514,40652
202209,3호선,경찰병원,3146,3166,6312
202209,3호선,고속터미널,51498,47890,99388
202209,3호선,교대,5242,3243,8485
202209,3호선,구파발,13237,13817,27054
202209,3호선,금호,4777,4394,9171
202209,3호선,남부터미널,17021,18470,35491
202209,3호선,녹번,8421,7506,15927
202209,3호선,대청,4683,4544,9227
202209,3호선,대치,7936,6509,14445
202209,3호선,도곡,2356,2578,4934
202209,3호선,독립문,5271,5878,11149
202209,3호선,동대입구,9035,9861,18896
202209,3호선,매봉,4479,4495,8974
202209,3호선,무악재,2138,2262,4400
202209,3호선,불광,10989,12405,23394
202209,3호선,수서,11711,12042,23753
202209,3호선,신사,15540,15750,31290
202209,3호선,안국,17140,17590,34730
202209,3호선,압구정,16567,17228,33795
202209,3호선,약수,7583,7264,14847
202209,3호선,양재,15755,18114,33869
202209,3호선,연신내,23468,21743,45211
202209,3호선,오금,3134,3117,6251
202209,3호선,옥수,5971,6214,12185
202209,3호선,을지로3가,4568,4123,8691
202209,3호선,일원,4062,4240,8302
202209,3호선,잠원,2616,2518,5134
202209,3호선,종로3가,4910,6146,11056
202209,3호선,지축,3118,2925,6043
202209,3호선,학여울,1512,1481,2993
202209,3호선,홍제,10833,10247,21080
202209,4호선,길음,12687,12528,25215
202209,4호선,남태령,952,625,1577
202209,4호선,노원,12936,14066,27002
202209,4호선,당고개,6512,6108,12620
202209,4호선,동대문,8784,9358,18142
202209,4호선,동대문역사문화공원,11167,11095,22262
202209,4호선,동작,1615,1666,3281
202209,4호선,명동,17480,18379,35859
202209,4호선,미아,9323,8951,18274
202209,4호선,미아사거리,18077,16861,34938
202209,4호선,사당,19015,17536,36551
202209,4호선,삼각지,3685,4857,8542
202209,4호선,상계,11706,11029,22735
202209,4호선,서울역,5744,14569,20313
202209,4호선,성신여대입구,14332,13415,27747
202209,4호선,수유,22601,21554,44155
202209,4호선,숙대입구,9699,9290,18989
202209,4호선,신용산,9601,10053,19654
202209,4호선,쌍문,17731,16303,34034
202209,4호선,이촌,6962,7616,14578
202209,4호선,창동,16636,17236,33872
202209,4호선,총신대입구,11537,12785,24322
202209,4호선,충무로,13408,15343,28751
202209,4호선,한성대입구,11746,12211,23957
202209,4호선,혜화,26368,27845,54213
202209,4호선,회현,10355,10722,21077
202209,5호선,강동,10095,9944,20039
202209,5호선,강일,2793,2620,5413
202209,5호선,개롱,3416,3640,7056
202209,5호선,개화산,2893,2919,5812
202209,5호선,거여,5125,5124,10249
202209,5호선,고덕,4554,4604,9158
202209,5호선,공덕,5552,5610,11162
202209,5호선,광나루,10028,9880,19908
202209,5호선,광화문,17866,16715,34581
202209,5호선,군자,7026,7818,14844
202209,5호선,굽은다리,5658,5227,10885
202209,5호선,길동,4572,4587,9159
202209,5호선,김포공항,7287,7275,14562
202209,5호선,까치산,17250,16529,33779
202209,5호선,답십리,8694,8035,16729
202209,5호선,동대문역사문화공원,1067,1198,2265
202209,5호선,둔촌동,5223,5007,10230
202209,5호선,마곡,4198,4412,8610
202209,5호선,마장,3246,3016,6262
202209,5호선,마천,4190,4414,8604
202209,5호선,마포,5635,5589,11224
202209,5호선,명일,5461,5338,10799
202209,5호선,목동,9199,9055,18254
202209,5호선,미사,10014,10056,20070
202209,5호선,발산,10642,11322,21964
202209,5호선,방이,4796,4436,9232
202209,5호선,방화,3980,3875,7855
202209,5호선,상일동,7224,7067,14291
202209,5호선,서대문,6755,6857,13612
202209,5호선,송정,4146,4007,8153
202209,5호선,신금호,3362,3667,7029
202209,5호선,신길,2278,2533,4811
202209,5호선,신정,7203,6459,13662
202209,5호선,아차산,12704,12258,24962
202209,5호선,애오개,3053,3068,6121
202209,5호선,양평,3081,3013,6094
202209,5호선,여의나루,18274,18794,37068
202209,5호선,여의도,9582,10639,20221
202209,5호선,영등포구청,1606,1572,3178
202209,5호선,영등포시장,6872,7179,14051
202209,5호선,오금,1715,1586,3301
202209,5호선,오목교,12642,13035,25677
202209,5호선,올림픽공원,4100,4209,8309
202209,5호선,왕십리,2714,3225,5939
202209,5호선,우장산,7610,7664,15274
202209,5호선,을지로4가,2235,2342,4577
202209,5호선,장한평,9200,8972,18172
202209,5호선,종로3가,11137,10070,21207
202209,5호선,천호,13956,13266,27222
202209,5호선,청구,2050,1980,4030
202209,5호선,충정로,1651,1607,3258
202209,5호선,하남검단산,5212,5054,10266
202209,5호선,하남시청,4625,4336,8961
202209,5호선,하남풍산,2445,2412,4857
202209,5호선,행당,4544,4123,8667
202209,5호선,화곡,16064,15085,31149
202209,6호선,고려대,4953,4986,9939
202209,6호선,공덕,7957,7439,15396
202209,6호선,광흥창,4775,4549,9324
202209,6호선,구산,4453,3403,7856
202209,6호선,녹사평,4841,5010,9851
202209,6호선,대흥,4501,4724,9225
202209,6호선,독바위,1702,2115,3817
202209,6호선,돌곶이,6391,5936,12327
202209,6호선,동묘앞,7573,7416,14989
202209,6호선,디지털미디어시티,6440,7794,14234
202209,6호선,마포구청,8113,7186,15299
202209,6호선,망원,11027,11976,23003
202209,6호선,버티고개,1174,1345,2519
202209,6호선,보문,4408,4222,8630
202209,6호선,봉화산,4528,4453,8981
202209,6호선,불광,3287,2980,6267
202209,6호선,삼각지,5215,3827,9042
202209,6호선,상수,7005,7885,14890
202209,6호선,상월곡,3561,3257,6818
202209,6호선,새절,7161,7076,14237
202209,6호선,석계,7177,7539,14716
202209,6호선,신내,1,0,1
202209,6호선,신당,5258,5673,10931
202209,6호선,안암,5685,6378,12063
202209,6호선,약수,1947,1927,3874
202209,6호선,역촌,2204,2587,4791
202209,6호선,연신내,1,0,1
202209,6호선,월곡,5973,6023,11996
202209,6호선,월드컵경기장,5453,5620,11073
202209,6호선,응암,10185,10193,20378
202209,6호선,이태원,14732,11715,26447
202209,6호선,증산,6047,6067,12114
202209,6호선,창신,1847,1691,3538
202209,6호선,청구,2067,1942,4009
202209,6호선,태릉입구,3567,3816,7383
202209,6호선,한강진,9053,10550,19603
202209,6호선,합정,10678,9866,20544
202209,6호선,화랑대,5976,5395,11371
202209,6호선,효창공원앞,3947,3526,7473
202209,7호선,가산디지털단지,11846,10790,22636
202209,7호선,강남구청,6873,7500,14373
202209,7호선,건대입구,8497,9100,17597
202209,7호선,고속터미널,14225,9678,23903
202209,7호선,공릉,7015,7132,14147
202209,7호선,광명사거리,13397,13296,26693
202209,7호선,군자,8943,6801,15744
202209,7호선,남구로,7473,7293,14766
202209,7호선,남성,6217,6096,12313
202209,7호선,내방,5786,5879,11665
202209,7호선,노원,12014,12258,24272
202209,7호선,논현,6272,6563,12835
202209,7호선,대림,8870,7977,16847
202209,7호선,도봉산,6466,9126,15592
202209,7호선,뚝섬유원지,13242,12694,25936
202209,7호선,마들,6807,6269,13076
202209,7호선,먹골,5968,5638,11606
202209,7호선,면목,8755,8574,17329
202209,7호선,반포,3254,3598,6852
202209,7호선,보라매,4245,4501,8746
202209,7호선,사가정,9712,9388,19100
202209,7호선,상도,6411,6373,12784
202209,7호선,상봉,10649,9770,20419
202209,7호선,수락산,9070,9160,18230
202209,7호선,숭실대입구,6734,7308,14042
202209,7호선,신대방삼거리,8391,8212,16603
202209,7호선,신중동,1,0,1
202209,7호선,신풍,7448,7100,14548
202209,7호선,어린이대공원,10907,11342,22249
202209,7호선,온수,4443,4533,8976
202209,7호선,용마산,3640,4049,7689
202209,7호선,이수,9312,8494,17806
202209,7호선,장승배기,5109,5078,10187
202209,7호선,장암,1994,1334,3328
202209,7호선,중계,7472,6870,14342
202209,7호선,중곡,5968,5524,11492
202209,7호선,중화,6193,6124,12317
202209,7호선,천왕,5671,5450,11121
202209,7호선,철산,12172,12058,24230
202209,7호선,청담,8251,8725,16976
202209,7호선,태릉입구,5718,5410,11128
202209,7호선,하계,10454,9854,20308
202209,7호선,학동,7884,8498,16382
202209,8호선,가락시장,3454,4242,7696
202209,8호선,강동구청,4915,4994,9909
202209,8호선,남위례,3188,3287,6475
202209,8호선,남한산성입구,7459,6930,14389
202209,8호선,단대오거리,5962,6025,11987
202209,8호선,모란,2781,2472,5253
202209,8호선,몽촌토성,4386,4364,8750
202209,8호선,문정,6477,6659,13136
202209,8호선,복정,5445,5010,10455
202209,8호선,산성,3463,3594,7057
202209,8호선,석촌,4350,5645,9995
202209,8호선,송파,4446,4523,8969
202209,8호선,수진,3316,2954,6270
202209,8호선,신흥,2896,2976,5872
202209,8호선,암사,10566,10042,20608
202209,8호선,잠실,11060,12497,23557
202209,8호선,장지,10162,9985,20147
202209,8호선,천호,9364,10404,19768
202209,9호선,가양,12495,12181,24676
202209,9호선,개화,1302,1161,2463
202209,9호선,고속터미널,15345,21812,37157
202209,9호선,공항시장,1893,2082,3975
202209,9호선,구반포,645,630,1275
202209,9호선,국회의사당,8239,8046,16285
202209,9호선,김포공항,7315,11302,18617
202209,9호선,노들,3540,3037,6577
202209,9호선,노량진,17139,18170,35309
202209,9호선,당산,11593,11197,22790
202209,9호선,동작,1355,1079,2434
202209,9호선,등촌,5704,5604,11308
202209,9호선,마곡나루,6505,6417,12922
202209,9호선,사평,1781,1818,3599
202209,9호선,샛강,2293,2146,4439
202209,9호선,선유도,3378,3329,6707
202209,9호선,신논현,18054,17136,35190
202209,9호선,신목동,2127,1862,3989
202209,9호선,신반포,3166,3864,7030
202209,9호선,신방화,3791,3686,7477
202209,9호선,양천향교,4642,4784,9426
202209,9호선,여의도,11632,10474,22106
202209,9호선,염창,9984,9466,19450
202209,9호선,증미,2710,2574,5284
202209,9호선,흑석,4745,4883,9628
202209,9호선2~3단계,둔촌오륜,685,702,1387
202209,9호선2~3단계,봉은사,11259,11865,23124
202209,9호선2~3단계,삼성중앙,2323,2376,4699
202209,9호선2~3단계,삼전,4070,3779,7849
202209,9호선2~3단계,석촌,6056,5115,11171
202209,9호선2~3단계,석촌고분,3554,3606,7160
202209,9호선2~3단계,선정릉,3710,4148,7858
202209,9호선2~3단계,송파나루,3237,3676,6913
202209,9호선2~3단계,언주,4775,4704,9479
202209,9호선2~3단계,올림픽공원,9916,10452,20368
202209,9호선2~3단계,종합운동장,3615,3470,7085
202209,9호선2~3단계,중앙보훈병원,4416,4238,8654
202209,9호선2~3단계,한성백제,2041,1749,3790
202209,경강선,경기광주,4812,4635,9447
202209,경강선,곤지암,1854,1997,3851
202209,경강선,부발,1820,2476,4296
202209,경강선,삼동,1228,1209,2437
202209,경강선,세종대왕릉,421,380,801
202209,경강선,신둔도예촌,1162,1157,2319
202209,경강선,여주,2702,2852,5554
202209,경강선,이매,817,649,1466
202209,경강선,이천,2449,2696,5145
202209,경강선,초월,1860,1902,3762
202209,경강선,판교,2858,2650,5508
202209,경부선,가산디지털단지,5741,7522,13263
202209,경부선,관악,5502,5029,10531
202209,경부선,광명,3392,2476,5868
202209,경부선,구로,11923,11779,23702
202209,경부선,군포,3459,3305,6764
202209,경부선,금정,17564,17616,35180
202209,경부선,금천구청,7320,7139,14459
202209,경부선,남영,5599,5969,11568
202209,경부선,노량진,7219,6744,13963
202209,경부선,당정,3492,3473,6965
202209,경부선,대방,6172,6853,13025
202209,경부선,독산,7275,7235,14510
202209,경부선,두정,5516,7300,12816
202209,경부선,명학,3743,3602,7345
202209,경부선,병점,10843,11468,22311
202209,경부선,서동탄,891,871,1762
202209,경부선,서울역,10091,2570,12661
202209,경부선,서정리,5601,8031,13632
202209,경부선,석수,5782,5573,11355
202209,경부선,성균관대,9131,9616,18747
202209,경부선,성환,3184,4059,7243
202209,경부선,세류,2466,2372,4838
202209,경부선,세마,2139,1955,4094
202209,경부선,송탄,4114,4946,9060
202209,경부선,수원,38581,37656,76237
202209,경부선,신길,5343,4691,10034
202209,경부선,신도림,2696,2967,5663
202209,경부선,안양,15578,14910,30488
202209,경부선,영등포,37054,36619,73673
202209,경부선,오산,8973,9416,18389
202209,경부선,오산대,2810,2679,5489
202209,경부선,용산,37499,35748,73247
202209,경부선,의왕,4900,4884,9784
202209,경부선,직산,701,753,1454
202209,경부선,진위,1046,1028,2074
202209,경부선,천안,7391,8184,15575
202209,경부선,평택,13739,14961,28700
202209,경부선,평택지제,3136,3151,6287
202209,경부선,화서,5205,5071,10276
202209,경원선,가능,4697,4287,8984
202209,경원선,광운대,4517,4857,9374
202209,경원선,녹양,3258,3020,6278
202209,경원선,녹천,2896,2597,5493
202209,경원선,덕계,2207,2104,4311
202209,경원선,덕정,3858,4103,7961
202209,경원선,도봉,4023,3726,7749
202209,경원선,도봉산,9833,6944,16777
202209,경원선,동두천,1702,2225,3927
202209,경원선,동두천중앙,2801,2617,5418
202209,경원선,망월사,5213,5256,10469
202209,경원선,방학,6707,6452,13159
202209,경원선,보산,1495,1635,3130
202209,경원선,서빙고,2528,2546,5074
202209,경원선,석계,5689,6277,11966
202209,경원선,소요산,6408,5794,12202
202209,경원선,신이문,5313,4922,10235
202209,경원선,양주,7136,7288,14424
202209,경원선,옥수,54,31,85
202209,경원선,왕십리,11010,12617,23627
202209,경원선,외대앞,5508,5505,11013
202209,경원선,월계,4392,3949,8341
202209,경원선,응봉,1334,1286,2620
202209,경원선,의정부,16333,16309,32642
202209,경원선,이촌,3273,2184,5457
202209,경원선,지행,5293,5302,10595
202209,경원선,청량리,16240,15643,31883
202209,경원선,한남,2316,2146,4462
202209,경원선,회룡,8669,8763,17432
202209,경의선,가좌,3539,3383,6922
202209,경의선,강매,1735,1634,3369
202209,경의선,곡산,386,361,747
202209,경의선,공덕,2298,1785,4083
202209,경의선,금릉,3308,3232,6540
202209,경의선,금촌,4865,5069,9934
202209,경의선,능곡,2533,2384,4917
202209,경의선,디지털미디어시티,1734,1526,3260
202209,경의선,문산,4409,4610,9019
202209,경의선,백마,4107,3828,7935
202209,경의선,서강대,1600,1585,3185
202209,경의선,서울역,1428,1354,2782
202209,경의선,수색,1082,1078,2160
202209,경의선,신촌,323,347,670
202209,경의선,야당,5541,5381,10922
202209,경의선,운정,4248,4070,8318
202209,경의선,월롱,1191,2255,3446
202209,경의선,일산,5433,5075,10508
202209,경의선,임진강,105,72,177
202209,경의선,탄현,4809,4341,9150
202209,경의선,파주,814,742,1556
202209,경의선,풍산,4192,3861,8053
202209,경의선,행신,5359,5013,10372
202209,경의선,홍대입구,1841,2257,4098
202209,경의선,화전,1015,1082,2097
202209,경의선,효창공원앞,1640,1908,3548
202209,경인선,간석,3524,3247,6771
202209,경인선,개봉,13596,13030,26626
202209,경인선,구일,8435,9252,17687
202209,경인선,도원,1911,1955,3866
202209,경인선,도화,2702,2558,5260
202209,경인선,동암,11506,11209,22715
202209,경인선,동인천,10776,10461,21237
202209,경인선,백운,4529,4385,8914
202209,경인선,부개,5521,5150,10671
202209,경인선,부천,23756,23251,47007
202209,경인선,부평,24453,24586,49039
202209,경인선,소사,6615,6542,13157
202209,경인선,송내,15351,14823,30174
202209,경인선,역곡,16477,16398,32875
202209,경인선,오류동,8315,7616,15931
202209,경인선,온수,4347,4135,8482
202209,경인선,인천,5710,4560,10270
202209,경인선,제물포,6085,5950,12035
202209,경인선,주안,13196,11985,25181
202209,경인선,중동,5551,5160,10711
202209,경춘선,가평,2764,2102,4866
202209,경춘선,갈매,1631,1475,3106
202209,경춘선,강촌,972,765,1737
202209,경춘선,굴봉산,304,229,533
202209,경춘선,금곡,997,1008,2005
202209,경춘선,김유정,565,610,1175
202209,경춘선,남춘천,2845,3753,6598
202209,경춘선,대성리,2068,792,2860
202209,경춘선,마석,2962,2895,5857
202209,경춘선,백양리,585,518,1103
202209,경춘선,별내,2089,1863,3952
202209,경춘선,사릉,1591,1525,3116
202209,경춘선,상천,589,456,1045
202209,경춘선,신내,1113,1063,2176
202209,경춘선,천마산,1354,1325,2679
202209,경춘선,청평,2243,1624,3867
202209,경춘선,춘천,2322,2065,4387
202209,경춘선,퇴계원,2258,2043,4301
202209,경춘선,평내호평,3971,3730,7701
202209,공항철도 1호선,검암,4147,4192,8339
202209,공항철도 1호선,계양,6775,6311,13086
202209,공항철도 1호선,공덕,1616,2252,3868
202209,공항철도 1호선,공항화물청사,1061,1140,2201
202209,공항철도 1호선,김포공항,12043,6283,18326
202209,공항철도 1호선,디지털미디어시티,6670,5426,12096
202209,공항철도 1호선,마곡나루,2945,3219,6164
202209,공항철도 1호선,서울역,10525,9803,20328
202209,공항철도 1호선,영종,3177,3156,6333
202209,공항철도 1호선,운서,6595,6893,13488
202209,공항철도 1호선,인천공항1터미널,8668,8218,16886
202209,공항철도 1호선,인천공항2터미널,3644,3209,6853
202209,공항철도 1호선,청라국제도시,4003,3748,7751
202209,공항철도 1호선,홍대입구,12933,11782,24715
202209,과천선,경마공원,16505,17026,33531
202209,과천선,과천,4350,4052,8402
202209,과천선,대공원,7856,7874,15730
202209,과천선,범계,17189,16658,33847
202209,과천선,선바위,4927,4352,9279
202209,과천선,인덕원,14762,14634,29396
202209,과천선,정부과천청사,5432,5487,10919
202209,과천선,평촌,7951,7757,15708
202209,분당선,가천대,4528,5355,9883
202209,분당선,강남구청,3568,4345,7913
202209,분당선,개포동,2293,2296,4589
202209,분당선,구룡,986,1135,2121
202209,분당선,구성,2613,2864,5477
202209,분당선,기흥,5864,5664,11528
202209,분당선,대모산입구,2502,2375,4877
202209,분당선,도곡,3382,3209,6591
202209,분당선,망포,7138,7253,14391
202209,분당선,매교,2276,2228,4504
202209,분당선,매탄권선,2936,2905,5841
202209,분당선,모란,12491,12603,25094
202209,분당선,미금,8036,8453,16489
202209,분당선,보정,1344,1270,2614
202209,분당선,상갈,3193,3324,6517
202209,분당선,서울숲,10091,10521,20612
202209,분당선,서현,15451,15271,30722
202209,분당선,선릉,3269,5008,8277
202209,분당선,선정릉,2300,2401,4701
202209,분당선,수내,6944,6539,13483
202209,분당선,수서,9523,9404,18927
202209,분당선,수원,6540,5475,12015
202209,분당선,수원시청,8705,8810,17515
202209,분당선,신갈,2280,2425,4705
202209,분당선,압구정로데오,11793,13268,25061
202209,분당선,야탑,15390,15911,31301
202209,분당선,영통,5479,5531,11010
202209,분당선,오리,5868,5040,10908
202209,분당선,이매,3758,3799,7557
202209,분당선,정자,8333,8720,17053
202209,분당선,죽전,8435,9302,17737
202209,분당선,청명,2464,2467,4931
202209,분당선,태평,9020,8554,17574
202209,분당선,한티,10322,9932,20254
202209,수인선,고색,2098,2110,4208
202209,수인선,남동인더스파크,623,627,1250
202209,수인선,달월,65,71,136
202209,수인선,사리,3393,2792,6185
202209,수인선,소래포구,7778,7630,15408
202209,수인선,송도,1798,1707,3505
202209,수인선,숭의,2228,2097,4325
202209,수인선,신포,1473,1336,2809
202209,수인선,야목,273,202,475
202209,수인선,어천,772,926,1698
202209,수인선,연수,3720,3562,7282
202209,수인선,오목천,1926,1905,3831
202209,수인선,원인재,3385,3465,6850
202209,수인선,월곶,2029,1899,3928
202209,수인선,인천,1237,2048,3285
202209,수인선,인천논현,3351,3379,6730
202209,수인선,인하대,3671,3694,7365
202209,수인선,호구포,2420,2449,4869
202209,신림선,관악산,3944,4331,8275
202209,신림선,당곡,2468,2234,4702
202209,신림선,대방,1608,1215,2823
202209,신림선,보라매,1725,1625,3350
202209,신림선,보라매공원,1269,1353,2622
202209,신림선,보라매병원,2383,2341,4724
202209,신림선,샛강,983,1290,2273
202209,신림선,서울대벤처타운,5204,4790,9994
202209,신림선,서울지방병무청,1500,1663,3163
202209,신림선,서원,1890,1771,3661
202209,신림선,신림,1125,1574,2699
202209,안산선,고잔,5972,6018,11990
202209,안산선,대야미,3587,3250,6837
202209,안산선,반월,2878,2865,5743
202209,안산선,산본,10327,10790,21117
202209,안산선,상록수,10737,10634,21371
202209,안산선,수리산,2498,2336,4834
202209,안산선,신길온천,1452,1369,2821
202209,안산선,안산,11485,10415,21900
202209,안산선,오이도,7256,6969,14225
202209,안산선,정왕,6408,7123,13531
202209,안산선,중앙,13958,13689,27647
202209,안산선,초지,3112,3054,6166
202209,안산선,한대앞,6457,6533,12990
202209,우이신설선,4.19민주묘지,2283,1940,4223
202209,우이신설선,가오리,2600,2507,5107
202209,우이신설선,보문,1057,977,2034
202209,우이신설선,북한산보국문,4577,4222,8799
202209,우이신설선,북한산우이,3859,4045,7904
202209,우이신설선,삼양,1316,1292,2608
202209,우이신설선,삼양사거리,1770,1715,3485
202209,우이신설선,성신여대입구,2382,2661,5043
202209,우이신설선,솔밭공원,1618,1546,3164
202209,우이신설선,솔샘,3355,2990,6345
202209,우이신설선,신설동,1382,1326,2708
202209,우이신설선,정릉,3365,2751,6116
202209,우이신설선,화계,2308,2096,4404
202209,일산선,대곡,1301,1163,2464
202209,일산선,대화,7797,7138,14935
202209,일산선,마두,3921,3963,7884
202209,일산선,백석,6707,6392,13099
202209,일산선,삼송,12546,12030,24576
202209,일산선,원당,6872,6568,13440
202209,일산선,원흥,6539,6425,12964
202209,일산선,정발산,7521,7577,15098
202209,일산선,주엽,5552,5470,11022
202209,일산선,화정,10437,10650,21087
202209,장항선,배방,940,1106,2046
202209,장항선,봉명,624,667,1291
202209,장항선,신창,1205,2458,3663
202209,장항선,쌍용,1421,1624,3045
202209,장항선,아산,4732,3267,7999
202209,장항선,온양온천,4144,3987,8131
202209,장항선,탕정,760,777,1537
202209,중앙선,구리,8956,9257,18213
202209,중앙선,국수,736,608,1344
202209,중앙선,덕소,4040,4014,8054
202209,중앙선,도농,6556,6328,12884
202209,중앙선,도심,1542,1372,2914
202209,중앙선,망우,5746,5614,11360
202209,중앙선,상봉,4354,4399,8753
202209,중앙선,신원,363,255,618
202209,중앙선,아신,703,600,1303
202209,중앙선,양수,2286,2034,4320
202209,중앙선,양원,1643,1723,3366
202209,중앙선,양정,564,467,1031
202209,중앙선,양평,2765,2649,5414
202209,중앙선,오빈,268,237,505
202209,중앙선,용문,5056,4689,9745
202209,중앙선,운길산,1572,1642,3214
202209,중앙선,원덕,511,378,889
202209,중앙선,중랑,3889,3866,7755
202209,중앙선,지평,87,58,145
202209,중앙선,팔당,1616,1644,3260
202209,중앙선,회기,19351,19522,38873
202210,1호선,동대문,11335,11587,22922
202210,1호선,동묘앞,12784,13315,26099
202210,1호선,서울역,43012,45410,88422
202210,1호선,시청,18020,17937,35957
202210,1호선,신설동,10673,10015,20688
202210,1호선,제기동,16287,16615,32902
202210,1호선,종각,24275,22607,46882
202210,1호선,종로3가,27779,25549,53328
202210,1호선,종로5가,22382,23109,45491
202210,1호선,청량리,19245,19656,38901
202210,2호선,강남,58374,58877,117251
202210,2호선,강변,32507,35225,67732
202210,2호선,건대입구,36013,39194,75207
202210,2호선,교대,18583,21257,39840
202210,2호선,구로디지털단지,38092,37059,75151
202210,2호선,구의,17896,16751,34647
202210,2호선,낙성대,23577,20850,44427
202210,2호선,당산,14135,15572,29707
202210,2호선,대림,19450,20180,39630
202210,2호선,도림천,875,917,1792
202210,2호선,동대문역사문화공원,13421,15295,28716
202210,2호선,뚝섬,17129,17545,34674
202210,2호선,문래,13572,14427,27999
202210,2호선,방배,10796,10942,21738
202210,2호선,봉천,19177,16856,36033
202210,2호선,사당,35260,38943,74203
202210,2호선,삼성,33281,33721,67002
202210,2호선,상왕십리,10747,9707,20454
202210,2호선,서울대입구,39574,37078,76652
202210,2호선,서초,12590,10532,23122
202210,2호선,선릉,25718,22659,48377
202210,2호선,성수,22904,27044,49948
202210,2호선,시청,12921,11301,24222
202210,2호선,신답,1182,1195,2377
202210,2호선,신당,12331,12916,25247
202210,2호선,신대방,21326,19836,41162
202210,2호선,신도림,43873,44823,88696
202210,2호선,신림,49592,46465,96057
202210,2호선,신설동,3733,3591,7324
202210,2호선,신정네거리,8036,7626,15662
202210,2호선,신촌,43588,42758,86346
202210,2호선,아현,8305,7407,15712
202210,2호선,양천구청,5450,5360,10810
202210,2호선,역삼,18026,20030,38056
202210,2호선,영등포구청,13501,14105,27606
202210,2호선,왕십리,14262,12280,26542
202210,2호선,용답,2331,2132,4463
202210,2호선,용두,1841,1734,3575
202210,2호선,을지로3가,13480,13810,27290
202210,2호선,을지로4가,9232,9888,19120
202210,2호선,을지로입구,27777,27409,55186
202210,2호선,이대,12419,12224,24643
202210,2호선,잠실,78396,75695,154091
202210,2호선,잠실나루,8872,8602,17474
202210,2호선,잠실새내,19059,19689,38748
202210,2호선,종합운동장,13347,15176,28523
202210,2호선,충정로,6316,6727,13043
202210,2호선,한양대,5819,5921,11740
202210,2호선,합정,30749,35488,66237
202210,2호선,홍대입구,72912,82760,155672
202210,3호선,가락시장,6913,6566,13479
202210,3호선,경복궁,26206,29755,55961
202210,3호선,경찰병원,4490,4231,8721
202210,3호선,고속터미널,59124,62989,122113
202210,3호선,교대,8040,4875,12915
202210,3호선,구파발,16798,17567,34365
202210,3호선,금호,6414,5757,12171
202210,3호선,남부터미널,24407,25126,49533
202210,3호선,녹번,11584,9654,21238
202210,3호선,대청,6517,5926,12443
202210,3호선,대치,11023,9836,20859
202210,3호선,도곡,3779,3919,7698
202210,3호선,독립문,7039,7752,14791
202210,3호선,동대입구,7663,8813,16476
202210,3호선,매봉,6439,6144,12583
202210,3호선,무악재,2957,2975,5932
202210,3호선,불광,13975,15435,29410
202210,3호선,수서,15481,15390,30871
202210,3호선,신사,25879,27387,53266
202210,3호선,안국,23610,26445,50055
202210,3호선,압구정,27041,29260,56301
202210,3호선,약수,9834,9327,19161
202210,3호선,양재,22401,24633,47034
202210,3호선,연신내,31642,29080,60722
202210,3호선,오금,4155,3923,8078
202210,3호선,옥수,8008,7724,15732
202210,3호선,을지로3가,6308,6860,13168
202210,3호선,일원,6231,6025,12256
202210,3호선,잠원,4079,3725,7804
202210,3호선,종로3가,7118,10147,17265
202210,3호선,지축,4391,4075,8466
202210,3호선,충무로,2,0,2
202210,3호선,학여울,3355,3401,6756
202210,3호선,홍제,14516,13169,27685
202210,4호선,길음,16916,15508,32424
202210,4호선,남태령,1296,732,2028
202210,4호선,노원,16724,18717,35441
202210,4호선,당고개,7823,7231,15054
202210,4호선,동대문,15654,16327,31981
202210,4호선,동대문역사문화공원,14737,12749,27486
202210,4호선,동작,1554,1677,3231
202210,4호선,명동,21543,25534,47077
202210,4호선,미아,11854,10679,22533
202210,4호선,미아사거리,24206,22871,47077
202210,4호선,사당,24030,21645,45675
202210,4호선,삼각지,4730,6532,11262
202210,4호선,상계,15412,13956,29368
202210,4호선,서울역,7210,18520,25730
202210,4호선,성신여대입구,18970,17190,36160
202210,4호선,수유,28694,27487,56181
202210,4호선,숙대입구,10551,10189,20740
202210,4호선,신용산,12651,14179,26830
202210,4호선,쌍문,23930,20652,44582
202210,4호선,이촌,8885,9639,18524
202210,4호선,창동,21237,21728,42965
202210,4호선,총신대입구,15577,16562,32139
202210,4호선,충무로,16060,16857,32917
202210,4호선,한성대입구,12542,11984,24526
202210,4호선,혜화,33851,34663,68514
202210,4호선,회현,20852,22196,43048
202210,5호선,강동,14693,14018,28711
202210,5호선,강일,3762,3441,7203
202210,5호선,개롱,4826,4951,9777
202210,5호선,개화산,4088,3920,8008
202210,5호선,거여,7446,6900,14346
202210,5호선,고덕,7096,6734,13830
202210,5호선,공덕,8213,8258,16471
202210,5호선,광나루,11132,10491,21623
202210,5호선,광화문,23921,23676,47597
202210,5호선,군자,9262,9873,19135
202210,5호선,굽은다리,8112,7341,15453
202210,5호선,길동,6381,6511,12892
202210,5호선,김포공항,7865,8097,15962
202210,5호선,까치산,22698,20555,43253
202210,5호선,답십리,11542,10124,21666
202210,5호선,동대문역사문화공원,1495,1977,3472
202210,5호선,둔촌동,6465,6496,12961
202210,5호선,마곡,5859,6113,11972
202210,5호선,마장,4191,3881,8072
202210,5호선,마천,5392,5411,10803
202210,5호선,마포,7967,7900,15867
202210,5호선,명일,6801,6607,13408
202210,5호선,목동,12540,12208,24748
202210,5호선,미사,13697,13542,27239
202210,5호선,발산,15161,16384,31545
202210,5호선,방이,6011,5674,11685
202210,5호선,방화,5039,4677,9716
202210,5호선,상일동,10217,9512,19729
202210,5호선,서대문,8608,8531,17139
202210,5호선,송정,5343,4964,10307
202210,5호선,신금호,4629,4668,9297
202210,5호선,신길,3071,3142,6213
202210,5호선,신정,9741,8092,17833
202210,5호선,아차산,14944,14197,29141
202210,5호선,애오개,4065,3885,7950
202210,5호선,양평,4207,3699,7906
202210,5호선,여의나루,21494,23148,44642
202210,5호선,여의도,12491,14019,26510
202210,5호선,영등포구청,2184,2188,4372
202210,5호선,영등포시장,9683,10323,20006
202210,5호선,오금,2277,2115,4392
202210,5호선,오목교,17004,17642,34646
202210,5호선,올림픽공원,7416,6557,13973
202210,5호선,왕십리,3572,4473,8045
202210,5호선,우장산,10723,10114,20837
202210,5호선,을지로4가,4214,4844,9058
202210,5호선,장한평,12947,12434,25381
202210,5호선,종로3가,15741,16239,31980
202210,5호선,천호,17966,17395,35361
202210,5호선,청구,2665,2496,5161
202210,5호선,충정로,2089,1897,3986
202210,5호선,하남검단산,6200,6160,12360
202210,5호선,하남시청,6213,5770,11983
202210,5호선,하남풍산,3067,2986,6053
202210,5호선,행당,6314,5305,11619
202210,5호선,화곡,21952,19773,41725
202210,6호선,고려대,6641,6071,12712
202210,6호선,공덕,11231,10658,21889
202210,6호선,광흥창,5645,5007,10652
202210,6호선,구산,6117,4502,10619
202210,6호선,녹사평,5996,6802,12798
202210,6호선,대흥,6519,6271,12790
202210,6호선,독바위,2196,2499,4695
202210,6호선,돌곶이,6912,6156,13068
202210,6호선,동묘앞,8306,8277,16583
202210,6호선,디지털미디어시티,8795,8710,17505
202210,6호선,마포구청,10724,8843,19567
202210,6호선,망원,14240,15486,29726
202210,6호선,버티고개,1698,1692,3390
202210,6호선,보문,5724,5144,10868
202210,6호선,봉화산,5971,5707,11678
202210,6호선,불광,4154,3762,7916
202210,6호선,삼각지,7406,5303,12709
202210,6호선,상수,9350,11454,20804
202210,6호선,상월곡,4590,3803,8393
202210,6호선,새절,9582,8770,18352
202210,6호선,석계,9439,9475,18914
202210,6호선,신당,6619,6198,12817
202210,6호선,안암,8087,7368,15455
202210,6호선,약수,2688,2608,5296
202210,6호선,역촌,2775,3153,5928
202210,6호선,연신내,1,0,1
202210,6호선,월곡,8122,7400,15522
202210,6호선,월드컵경기장,10731,11492,22223
202210,6호선,응암,14384,13739,28123
202210,6호선,이태원,17707,22510,40217
202210,6호선,증산,8278,7757,16035
202210,6호선,창신,2341,1822,4163
202210,6호선,청구,2639,2540,5179
202210,6호선,태릉입구,4685,4638,9323
202210,6호선,한강진,10639,13498,24137
202210,6호선,합정,13523,13460,26983
202210,6호선,화랑대,8185,6410,14595
202210,6호선,효창공원앞,5075,4350,9425
202210,7호선,가산디지털단지,15645,14161,29806
202210,7호선,강남구청,10871,12227,23098
202210,7호선,건대입구,11774,12549,24323
202210,7호선,고속터미널,17931,14130,32061
202210,7호선,공릉,9295,8829,18124
202210,7호선,광명사거리,17780,17621,35401
202210,7호선,군자,11790,8769,20559
202210,7호선,남구로,8755,9194,17949
202210,7호선,남성,8395,7379,15774
202210,7호선,내방,8279,8022,16301
202210,7호선,노원,16773,17432,34205
202210,7호선,논현,10744,11405,22149
202210,7호선,대림,7845,8604,16449
202210,7호선,도봉산,7733,10372,18105
202210,7호선,뚝섬유원지,14405,13672,28077
202210,7호선,마들,9873,8984,18857
202210,7호선,먹골,8143,7481,15624
202210,7호선,면목,11956,11115,23071
202210,7호선,반포,5068,4815,9883
202210,7호선,보라매,5752,5692,11444
202210,7호선,사가정,13351,12377,25728
202210,7호선,상도,9368,7915,17283
202210,7호선,상봉,14284,13666,27950
202210,7호선,수락산,10805,10372,21177
202210,7호선,숭실대입구,10933,9187,20120
202210,7호선,신대방삼거리,11678,10408,22086
202210,7호선,신풍,8780,8298,17078
202210,7호선,어린이대공원,12597,11829,24426
202210,7호선,온수,6051,5729,11780
202210,7호선,용마산,4648,4914,9562
202210,7호선,이수,12827,11796,24623
202210,7호선,장승배기,6911,6372,13283
202210,7호선,장암,1856,1346,3202
202210,7호선,중계,10297,9125,19422
202210,7호선,중곡,7654,6901,14555
202210,7호선,중화,8209,7589,15798
202210,7호선,천왕,7929,7218,15147
202210,7호선,철산,16594,16600,33194
202210,7호선,청담,12389,13442,25831
202210,7호선,태릉입구,7204,6652,13856
202210,7호선,하계,13733,12389,26122
202210,7호선,학동,11604,12286,23890
202210,8호선,가락시장,6217,6431,12648
202210,8호선,강동구청,6693,6582,13275
202210,8호선,남위례,4499,4459,8958
202210,8호선,남한산성입구,10148,8784,18932
202210,8호선,단대오거리,8373,7597,15970
202210,8호선,모란,3917,3576,7493
202210,8호선,몽촌토성,9586,9988,19574
202210,8호선,문정,9618,9547,19165
202210,8호선,복정,6790,5631,12421
202210,8호선,산성,4608,4433,9041
202210,8호선,석촌,6191,7889,14080
202210,8호선,송파,6606,6348,12954
202210,8호선,수진,4496,4030,8526
202210,8호선,신흥,3827,3930,7757
202210,8호선,암사,13548,12217,25765
202210,8호선,잠실,15030,17708,32738
202210,8호선,장지,13435,12380,25815
202210,8호선,천호,12724,14589,27313
202210,9호선,가양,16395,15578,31973
202210,9호선,개화,1650,1373,3023
202210,9호선,고속터미널,17011,26592,43603
202210,9호선,공항시장,2396,2394,4790
202210,9호선,구반포,1361,1383,2744
202210,9호선,국회의사당,5334,5650,10984
202210,9호선,김포공항,8402,12643,21045
202210,9호선,노들,4467,3831,8298
202210,9호선,노량진,24003,23976,47979
202210,9호선,당산,14702,13533,28235
202210,9호선,동작,1664,1313,2977
202210,9호선,등촌,7676,7120,14796
202210,9호선,마곡나루,8818,8628,17446
202210,9호선,사평,2668,2311,4979
202210,9호선,샛강,3289,3091,6380
202210,9호선,선유도,4739,4337,9076
202210,9호선,신논현,26525,26686,53211
202210,9호선,신목동,2678,2301,4979
202210,9호선,신반포,3986,4040,8026
202210,9호선,신방화,4987,4709,9696
202210,9호선,양천향교,6289,5769,12058
202210,9호선,여의도,13963,13355,27318
202210,9호선,염창,13450,12021,25471
202210,9호선,증미,3962,3484,7446
202210,9호선,흑석,7003,6621,13624
202210,9호선2~3단계,둔촌오륜,785,759,1544
202210,9호선2~3단계,봉은사,13463,14244,27707
202210,9호선2~3단계,삼성중앙,3717,3698,7415
202210,9호선2~3단계,삼전,5614,4998,10612
202210,9호선2~3단계,석촌,8064,6852,14916
202210,9호선2~3단계,석촌고분,5042,4670,9712
202210,9호선2~3단계,선정릉,5423,6087,11510
202210,9호선2~3단계,송파나루,4547,5014,9561
202210,9호선2~3단계,언주,6959,6811,13770
202210,9호선2~3단계,올림픽공원,16354,18416,34770
202210,9호선2~3단계,종합운동장,3448,3231,6679
202210,9호선2~3단계,중앙보훈병원,5654,5254,10908
202210,9호선2~3단계,한성백제,4222,3869,8091
202210,경강선,경기광주,6569,5987,12556
202210,경강선,곤지암,2388,2435,4823
202210,경강선,부발,2431,2138,4569
202210,경강선,삼동,1868,1706,3574
202210,경강선,세종대왕릉,433,497,930
202210,경강선,신둔도예촌,1449,1493,2942
202210,경강선,여주,2971,3576,6547
202210,경강선,이매,1060,793,1853
202210,경강선,이천,3187,3430,6617
202210,경강선,초월,2585,2394,4979
202210,경강선,판교,3564,3517,7081
202210,경부선,가산디지털단지,6989,9131,16120
202210,경부선,관악,6759,6557,13316
202210,경부선,광명,3426,3205,6631
202210,경부선,구로,14200,14789,28989
202210,경부선,군포,4636,4193,8829
202210,경부선,금정,21629,21591,43220
202210,경부선,금천구청,9292,9128,18420
202210,경부선,남영,6514,6496,13010
202210,경부선,노량진,10146,9170,19316
202210,경부선,당정,4598,4280,8878
202210,경부선,대방,7840,8172,16012
202210,경부선,독산,10181,9515,19696
202210,경부선,두정,6999,6825,13824
202210,경부선,명학,5226,4809,10035
202210,경부선,병점,14375,13853,28228
202210,경부선,서동탄,1183,1166,2349
202210,경부선,서울역,11088,3473,14561
202210,경부선,서정리,8846,6695,15541
202210,경부선,석수,7583,6965,14548
202210,경부선,성균관대,11763,11823,23586
202210,경부선,성환,4321,3741,8062
202210,경부선,세류,2985,3058,6043
202210,경부선,세마,2577,2338,4915
202210,경부선,송탄,5746,5034,10780
202210,경부선,수원,42789,47237,90026
202210,경부선,신길,6607,5466,12073
202210,경부선,신도림,3506,3733,7239
202210,경부선,안양,19415,19323,38738
202210,경부선,영등포,44321,46460,90781
202210,경부선,오산,10800,9945,20745
202210,경부선,오산대,3565,3156,6721
202210,경부선,용산,43029,47320,90349
202210,경부선,의왕,6578,6235,12813
202210,경부선,직산,900,857,1757
202210,경부선,진위,1264,1127,2391
202210,경부선,천안,8232,8803,17035
202210,경부선,평택,16018,15665,31683
202210,경부선,평택지제,4480,4018,8498
202210,경부선,화서,6547,6475,13022
202210,경원선,가능,5631,5270,10901
202210,경원선,광운대,6190,5843,12033
202210,경원선,녹양,3988,3833,7821
202210,경원선,녹천,3580,2931,6511
202210,경원선,덕계,3009,2683,5692
202210,경원선,덕정,5609,4889,10498
202210,경원선,도봉,4983,4754,9737
202210,경원선,도봉산,10277,7109,17386
202210,경원선,동두천,2047,2557,4604
202210,경원선,동두천중앙,3040,3117,6157
202210,경원선,망월사,6515,6529,13044
202210,경원선,방학,7964,7832,15796
202210,경원선,보산,2027,1974,4001
202210,경원선,서빙고,2071,2176,4247
202210,경원선,석계,7442,7617,15059
202210,경원선,소요산,5811,4981,10792
202210,경원선,신이문,6836,6090,12926
202210,경원선,양주,8170,7800,15970
202210,경원선,옥수,42,42,84
202210,경원선,왕십리,14045,15864,29909
202210,경원선,외대앞,7559,6628,14187
202210,경원선,월계,5329,4773,10102
202210,경원선,응봉,1690,1488,3178
202210,경원선,의정부,20249,21661,41910
202210,경원선,이촌,3631,2532,6163
202210,경원선,지행,6642,6427,13069
202210,경원선,청량리,19450,20252,39702
202210,경원선,한남,2971,2951,5922
202210,경원선,회룡,10946,11295,22241
202210,경의선,가좌,4822,4403,9225
202210,경의선,강매,2308,2092,4400
202210,경의선,곡산,440,492,932
202210,경의선,공덕,3366,2391,5757
202210,경의선,금릉,4286,4198,8484
202210,경의선,금촌,6799,6440,13239
202210,경의선,능곡,3145,2964,6109
202210,경의선,디지털미디어시티,2384,2041,4425
202210,경의선,문산,5935,5582,11517
202210,경의선,백마,5109,4653,9762
202210,경의선,서강대,2027,1841,3868
202210,경의선,서울역,1797,2059,3856
202210,경의선,수색,2034,1910,3944
202210,경의선,신촌,717,839,1556
202210,경의선,야당,7259,7288,14547
202210,경의선,운정,5765,5193,10958
202210,경의선,월롱,2145,1674,3819
202210,경의선,일산,7047,6575,13622
202210,경의선,임진강,162,123,285
202210,경의선,탄현,6083,5771,11854
202210,경의선,파주,1039,730,1769
202210,경의선,풍산,4916,4575,9491
202210,경의선,행신,6332,6457,12789
202210,경의선,홍대입구,2303,2985,5288
202210,경의선,화전,1395,1322,2717
202210,경의선,효창공원앞,2121,2224,4345
202210,경인선,간석,5035,4694,9729
202210,경인선,개봉,18233,17243,35476
202210,경인선,구일,4787,4375,9162
202210,경인선,도원,4598,4644,9242
202210,경인선,도화,3652,3214,6866
202210,경인선,동암,14800,14822,29622
202210,경인선,동인천,13033,12862,25895
202210,경인선,백운,6242,5914,12156
202210,경인선,부개,7408,6721,14129
202210,경인선,부천,30944,31632,62576
202210,경인선,부평,34555,38688,73243
202210,경인선,소사,8497,8169,16666
202210,경인선,송내,20592,20154,40746
202210,경인선,역곡,22609,21731,44340
202210,경인선,오류동,10010,8965,18975
202210,경인선,온수,5496,5040,10536
202210,경인선,인천,6407,5594,12001
202210,경인선,제물포,8326,7815,16141
202210,경인선,주안,17946,15890,33836
202210,경인선,중동,7335,6861,14196
202210,경춘선,가평,3560,4615,8175
202210,경춘선,갈매,2210,1934,4144
202210,경춘선,강촌,966,1037,2003
202210,경춘선,굴봉산,249,254,503
202210,경춘선,금곡,1289,1222,2511
202210,경춘선,김유정,661,909,1570
202210,경춘선,남춘천,4001,4598,8599
202210,경춘선,대성리,1944,2809,4753
202210,경춘선,마석,4089,3840,7929
202210,경춘선,백양리,111,193,304
202210,경춘선,별내,2582,2471,5053
202210,경춘선,사릉,1956,1886,3842
202210,경춘선,상천,574,604,1178
202210,경춘선,신내,1485,1360,2845
202210,경춘선,천마산,1611,1588,3199
202210,경춘선,청평,2327,2802,5129
202210,경춘선,춘천,2965,2729,5694
202210,경춘선,퇴계원,2892,2581,5473
202210,경춘선,평내호평,5402,5139,10541
202210,공항철도 1호선,검암,5383,5379,10762
202210,공항철도 1호선,계양,9278,8043,17321
202210,공항철도 1호선,공덕,1869,3050,4919
202210,공항철도 1호선,공항화물청사,1504,1502,3006
202210,공항철도 1호선,김포공항,12571,6161,18732
202210,공항철도 1호선,디지털미디어시티,8256,7145,15401
202210,공항철도 1호선,마곡나루,3947,4076,8023
202210,공항철도 1호선,서울역,11624,11734,23358
202210,공항철도 1호선,영종,3847,4009,7856
202210,공항철도 1호선,운서,7967,8182,16149
202210,공항철도 1호선,인천공항1터미널,8558,8794,17352
202210,공항철도 1호선,인천공항2터미널,3733,3326,7059
202210,공항철도 1호선,청라국제도시,5442,5320,10762
202210,공항철도 1호선,홍대입구,14970,15465,30435
202210,과천선,경마공원,13361,13603,26964
202210,과천선,과천,5577,4991,10568
202210,과천선,대공원,9110,9713,18823
202210,과천선,범계,22326,22007,44333
202210,과천선,선바위,6298,5243,11541
202210,과천선,인덕원,18854,18359,37213
202210,과천선,정부과천청사,7000,6873,13873
202210,과천선,평촌,10517,10117,20634
202210,분당선,가천대,6494,6572,13066
202210,분당선,강남구청,5681,6784,12465
202210,분당선,개포동,3013,2988,6001
202210,분당선,구룡,1715,1478,3193
202210,분당선,구성,3843,3920,7763
202210,분당선,기흥,7792,7180,14972
202210,분당선,대모산입구,3405,3049,6454
202210,분당선,도곡,5903,5289,11192
202210,분당선,망포,10417,9359,19776
202210,분당선,매교,3100,3172,6272
202210,분당선,매탄권선,4014,3609,7623
202210,분당선,모란,16834,17004,33838
202210,분당선,미금,11168,11548,22716
202210,분당선,보정,1786,1572,3358
202210,분당선,복정,1,0,1
202210,분당선,상갈,4484,4378,8862
202210,분당선,서울숲,13153,14109,27262
202210,분당선,서현,20099,20577,40676
202210,분당선,선릉,5334,8507,13841
202210,분당선,선정릉,3543,3570,7113
202210,분당선,수내,9769,9149,18918
202210,분당선,수서,10927,11924,22851
202210,분당선,수원,8385,7408,15793
202210,분당선,수원시청,12345,14146,26491
202210,분당선,신갈,3171,3055,6226
202210,분당선,압구정로데오,18806,23106,41912
202210,분당선,야탑,19546,21027,40573
202210,분당선,영통,7888,7422,15310
202210,분당선,오리,8278,6660,14938
202210,분당선,이매,4683,4559,9242
202210,분당선,정자,11705,11914,23619
202210,분당선,죽전,11399,12477,23876
202210,분당선,청명,3179,3140,6319
202210,분당선,태평,11721,10673,22394
202210,분당선,한티,13599,13203,26802
202210,수인선,고색,2763,2726,5489
202210,수인선,남동인더스파크,1174,1046,2220
202210,수인선,달월,112,115,227
202210,수인선,사리,4158,3392,7550
202210,수인선,소래포구,18879,20820,39699
202210,수인선,송도,2453,2399,4852
202210,수인선,숭의,3688,3332,7020
202210,수인선,신포,1737,1702,3439
202210,수인선,야목,339,275,614
202210,수인선,어천,1035,904,1939
202210,수인선,연수,4961,4915,9876
202210,수인선,오목천,2742,2246,4988
202210,수인선,원인재,4578,4778,9356
202210,수인선,월곶,2820,2559,5379
202210,수인선,인천,1566,2636,4202
202210,수인선,인천논현,5385,5482,10867
202210,수인선,인하대,5722,5306,11028
202210,수인선,호구포,3703,3442,7145
202210,신림선,관악산,3839,4122,7961
202210,신림선,당곡,2993,2643,5636
202210,신림선,대방,2185,1420,3605
202210,신림선,보라매,2191,1947,4138
202210,신림선,보라매공원,1322,1415,2737
202210,신림선,보라매병원,2929,3002,5931
202210,신림선,샛강,1025,1463,2488
202210,신림선,서울대벤처타운,6547,5650,12197
202210,신림선,서울지방병무청,1932,2079,4011
202210,신림선,서원,2441,1956,4397
202210,신림선,신림,1381,1754,3135
202210,안산선,고잔,8031,8029,16060
202210,안산선,대야미,4469,3935,8404
202210,안산선,반월,3918,3590,7508
202210,안산선,산본,13936,14785,28721
202210,안산선,상록수,13595,13617,27212
202210,안산선,수리산,3285,2953,6238
202210,안산선,신길온천,1936,1831,3767
202210,안산선,안산,11146,11822,22968
202210,안산선,오이도,9197,9508,18705
202210,안산선,정왕,8016,7798,15814
202210,안산선,중앙,17754,18197,35951
202210,안산선,초지,4100,4080,8180
202210,안산선,한대앞,8482,8406,16888
202210,우이신설선,4.19민주묘지,2628,2246,4874
202210,우이신설선,가오리,3343,3074,6417
202210,우이신설선,보문,1246,1193,2439
202210,우이신설선,북한산보국문,5680,4763,10443
202210,우이신설선,북한산우이,4232,4213,8445
202210,우이신설선,삼양,1593,1612,3205
202210,우이신설선,삼양사거리,2145,2065,4210
202210,우이신설선,성신여대입구,2879,3391,6270
202210,우이신설선,솔밭공원,2023,1902,3925
202210,우이신설선,솔샘,4354,3792,8146
202210,우이신설선,신설동,1583,1538,3121
202210,우이신설선,정릉,4123,3304,7427
202210,우이신설선,화계,2778,2500,5278
202210,일산선,대곡,1685,1417,3102
202210,일산선,대화,10073,8811,18884
202210,일산선,마두,5795,5880,11675
202210,일산선,백석,8393,8482,16875
202210,일산선,삼송,15798,14938,30736
202210,일산선,원당,9169,8617,17786
202210,일산선,원흥,8769,8103,16872
202210,일산선,정발산,8633,9124,17757
202210,일산선,주엽,7678,7538,15216
202210,일산선,화정,14244,14522,28766
202210,장항선,배방,1206,1217,2423
202210,장항선,봉명,847,818,1665
202210,장항선,신창,1646,1318,2964
202210,장항선,쌍용,2116,1819,3935
202210,장항선,아산,4109,4119,8228
202210,장항선,온양온천,4554,4716,9270
202210,장항선,탕정,995,883,1878
202210,중앙선,구리,11880,11952,23832
202210,중앙선,국수,961,890,1851
202210,중앙선,덕소,5258,5211,10469
202210,중앙선,도농,8862,8066,16928
202210,중앙선,도심,1878,1624,3502
202210,중앙선,망우,7743,7224,14967
202210,중앙선,상봉,5669,5317,10986
202210,중앙선,신원,379,306,685
202210,중앙선,아신,787,849,1636
202210,중앙선,양수,2685,2796,5481
202210,중앙선,양원,2328,2206,4534
202210,중앙선,양정,680,619,1299
202210,중앙선,양평,3380,3732,7112
202210,중앙선,오빈,335,400,735
202210,중앙선,용문,2725,3351,6076
202210,중앙선,운길산,1900,1956,3856
202210,중앙선,원덕,535,649,1184
202210,중앙선,중랑,5176,4851,10027
202210,중앙선,지평,70,98,168
202210,중앙선,팔당,1771,2005,3776
202210,중앙선,회기,24686,21928,46614
202210,1호선,동대문,10410,10751,21161
202210,1호선,동묘앞,11819,12150,23969
202210,1호선,서울역,34177,32758,66935
202210,1호선,시청,11673,11434,23107
202210,1호선,신설동,8145,7974,16119
202210,1호선,제기동,10814,11031,21845
202210,1호선,종각,17258,15234,32492
202210,1호선,종로3가,17894,16383,34277
202210,1호선,종로5가,14240,13572,27812
202210,1호선,청량리,13679,14138,27817
202210,2호선,강남,36721,36591,73312
202210,2호선,강변,24834,24269,49103
202210,2호선,건대입구,29280,31743,61023
202210,2호선,교대,11196,12151,23347
202210,2호선,구로디지털단지,28019,27124,55143
202210,2호선,구의,12758,12472,25230
202210,2호선,낙성대,17386,16843,34229
202210,2호선,당산,9228,10225,19453
202210,2호선,대림,17476,17689,35165
202210,2호선,도림천,553,552,1105
202210,2호선,동대문역사문화공원,10354,12940,23294
202210,2호선,뚝섬,13160,13274,26434
202210,2호선,문래,9310,10273,19583
202210,2호선,방배,6947,7240,14187
202210,2호선,봉천,13562,12665,26227
202210,2호선,사당,25252,27506,52758
202210,2호선,삼성,31542,29004,60546
202210,2호선,상왕십리,7707,7324,15031
202210,2호선,서울대입구,28426,28516,56942
202210,2호선,서초,13223,12162,25385
202210,2호선,선릉,14840,12554,27394
202210,2호선,성수,18559,20390,38949
202210,2호선,시청,8797,7205,16002
202210,2호선,신답,813,872,1685
202210,2호선,신당,9156,9981,19137
202210,2호선,신대방,16599,15845,32444
202210,2호선,신도림,32345,33087,65432
202210,2호선,신림,38358,36946,75304
202210,2호선,신설동,3523,3292,6815
202210,2호선,신정네거리,5769,5688,11457
202210,2호선,신촌,26368,26521,52889
202210,2호선,아현,5712,5506,11218
202210,2호선,양천구청,3578,3657,7235
202210,2호선,역삼,11709,12874,24583
202210,2호선,영등포구청,9421,9889,19310
202210,2호선,왕십리,10660,9469,20129
202210,2호선,용답,1829,1869,3698
202210,2호선,용두,1343,1351,2694
202210,2호선,을지로3가,11452,11439,22891
202210,2호선,을지로4가,5244,5506,10750
202210,2호선,을지로입구,21630,20599,42229
202210,2호선,이대,8406,8923,17329
202210,2호선,잠실,67903,62909,130812
202210,2호선,잠실나루,5714,5715,11429
202210,2호선,잠실새내,13238,13862,27100
202210,2호선,종합운동장,13181,14076,27257
202210,2호선,충정로,4257,4595,8852
202210,2호선,한양대,3020,3135,6155
202210,2호선,합정,24373,27493,51866
202210,2호선,홍대입구,60525,63592,124117
202210,3호선,가락시장,4363,4658,9021
202210,3호선,경복궁,22035,23465,45500
202210,3호선,경찰병원,3032,3025,6057
202210,3호선,고속터미널,45878,44425,90303
202210,3호선,교대,4764,2929,7693
202210,3호선,구파발,12579,12882,25461
202210,3호선,금호,4700,4500,9200
202210,3호선,남부터미널,15328,15558,30886
202210,3호선,녹번,7996,6953,14949
202210,3호선,대청,4595,4331,8926
202210,3호선,대치,7452,6314,13766
202210,3호선,도곡,2049,2099,4148
202210,3호선,독립문,5509,5900,11409
202210,3호선,동대입구,6060,6951,13011
202210,3호선,매봉,4305,4233,8538
202210,3호선,무악재,2091,2189,4280
202210,3호선,불광,10317,11654,21971
202210,3호선,수서,11839,12322,24161
202210,3호선,신사,15025,15730,30755
202210,3호선,안국,21354,20800,42154
202210,3호선,압구정,16112,17178,33290
202210,3호선,약수,7288,7191,14479
202210,3호선,양재,14909,16252,31161
202210,3호선,연신내,22710,21413,44123
202210,3호선,오금,2874,2907,5781
202210,3호선,옥수,5341,5364,10705
202210,3호선,을지로3가,4935,4594,9529
202210,3호선,일원,3932,3968,7900
202210,3호선,잠원,2173,2209,4382
202210,3호선,종로3가,5234,7305,12539
202210,3호선,지축,3138,2792,5930
202210,3호선,학여울,2640,2712,5352
202210,3호선,홍제,10287,9719,20006
202210,4호선,길음,12215,11843,24058
202210,4호선,남태령,952,599,1551
202210,4호선,노원,12915,14291,27206
202210,4호선,당고개,5858,5510,11368
202210,4호선,동대문,8646,9670,18316
202210,4호선,동대문역사문화공원,12339,11180,23519
202210,4호선,동작,990,995,1985
202210,4호선,명동,18266,20274,38540
202210,4호선,미아,8869,8054,16923
202210,4호선,미아사거리,17434,16779,34213
202210,4호선,사당,17730,16105,33835
202210,4호선,삼각지,3604,5007,8611
202210,4호선,상계,11123,10345,21468
202210,4호선,서울역,5180,13858,19038
202210,4호선,성신여대입구,15599,14977,30576
202210,4호선,수유,21990,21504,43494
202210,4호선,숙대입구,9102,8933,18035
202210,4호선,신용산,9780,10290,20070
202210,4호선,쌍문,17507,15404,32911
202210,4호선,이촌,6915,7204,14119
202210,4호선,창동,16469,17313,33782
202210,4호선,총신대입구,11083,11983,23066
202210,4호선,충무로,10015,11315,21330
202210,4호선,한성대입구,8542,8569,17111
202210,4호선,혜화,28976,29502,58478
202210,4호선,회현,10868,10631,21499
202210,5호선,강동,10364,10109,20473
202210,5호선,강일,2690,2338,5028
202210,5호선,개롱,3333,3489,6822
202210,5호선,개화산,2823,2889,5712
202210,5호선,거여,5469,5205,10674
202210,5호선,고덕,4691,4570,9261
202210,5호선,공덕,5402,5565,10967
202210,5호선,광나루,8189,7817,16006
202210,5호선,광화문,18188,17283,35471
202210,5호선,군자,7014,7657,14671
202210,5호선,굽은다리,5981,5541,11522
202210,5호선,길동,4583,4659,9242
202210,5호선,김포공항,7555,7378,14933
202210,5호선,까치산,16733,15845,32578
202210,5호선,답십리,8391,7480,15871
202210,5호선,동대문역사문화공원,1172,1400,2572
202210,5호선,둔촌동,5276,5152,10428
202210,5호선,마곡,3874,3941,7815
202210,5호선,마장,3271,3157,6428
202210,5호선,마천,4148,4326,8474
202210,5호선,마포,5498,5407,10905
202210,5호선,명일,5122,5220,10342
202210,5호선,목동,8465,8473,16938
202210,5호선,미사,9642,9792,19434
202210,5호선,발산,10684,11468,22152
202210,5호선,방이,4586,4245,8831
202210,5호선,방화,3761,3594,7355
202210,5호선,상일동,7040,6988,14028
202210,5호선,서대문,5569,5680,11249
202210,5호선,송정,3936,3955,7891
202210,5호선,신금호,3277,3490,6767
202210,5호선,신길,2256,2373,4629
202210,5호선,신정,6846,6033,12879
202210,5호선,아차산,11271,10828,22099
202210,5호선,애오개,2969,2980,5949
202210,5호선,양평,3026,2960,5986
202210,5호선,여의나루,9069,12264,21333
202210,5호선,여의도,11807,10685,22492
202210,5호선,영등포구청,1538,1470,3008
202210,5호선,영등포시장,6426,6919,13345
202210,5호선,오금,1764,1675,3439
202210,5호선,오목교,12152,12558,24710
202210,5호선,올림픽공원,5638,5112,10750
202210,5호선,왕십리,2693,3336,6029
202210,5호선,우장산,7516,7669,15185
202210,5호선,을지로4가,2229,2859,5088
202210,5호선,장한평,9020,8873,17893
202210,5호선,종로3가,12858,12150,25008
202210,5호선,천호,13725,12676,26401
202210,5호선,청구,1917,1894,3811
202210,5호선,충정로,1641,1642,3283
202210,5호선,하남검단산,4790,4848,9638
202210,5호선,하남시청,4295,4196,8491
202210,5호선,하남풍산,2431,2407,4838
202210,5호선,행당,4445,3900,8345
202210,5호선,화곡,15789,14302,30091
202210,6호선,고려대,4690,4508,9198
202210,6호선,공덕,7643,7307,14950
202210,6호선,광흥창,4513,4435,8948
202210,6호선,구산,4339,3347,7686
202210,6호선,녹사평,4511,4998,9509
202210,6호선,대흥,4342,4528,8870
202210,6호선,독바위,1610,1795,3405
202210,6호선,돌곶이,6052,5647,11699
202210,6호선,동묘앞,6722,6738,13460
202210,6호선,디지털미디어시티,5946,6326,12272
202210,6호선,마포구청,7682,6844,14526
202210,6호선,망원,10836,11623,22459
202210,6호선,버티고개,1178,1255,2433
202210,6호선,보문,4504,4177,8681
202210,6호선,봉화산,4474,4373,8847
202210,6호선,불광,3195,2882,6077
202210,6호선,삼각지,5646,4090,9736
202210,6호선,상수,7833,9050,16883
202210,6호선,상월곡,3550,3138,6688
202210,6호선,새절,6978,6618,13596
202210,6호선,석계,6920,7183,14103
202210,6호선,신내,1,0,1
202210,6호선,신당,5479,5877,11356
202210,6호선,안암,5580,5850,11430
202210,6호선,약수,1935,1870,3805
202210,6호선,역촌,2134,2501,4635
202210,6호선,월곡,5855,5681,11536
202210,6호선,월드컵경기장,5042,5320,10362
202210,6호선,응암,10444,10347,20791
202210,6호선,이태원,15632,15899,31531
202210,6호선,증산,5834,6008,11842
202210,6호선,창신,1686,1574,3260
202210,6호선,청구,1895,1777,3672
202210,6호선,태릉입구,3373,3552,6925
202210,6호선,한강진,9569,11102,20671
202210,6호선,합정,10998,10103,21101
202210,6호선,화랑대,5640,4720,10360
202210,6호선,효창공원앞,3625,3267,6892
202210,7호선,가산디지털단지,12053,10533,22586
202210,7호선,강남구청,6263,7071,13334
202210,7호선,건대입구,8558,9128,17686
202210,7호선,고속터미널,13445,8893,22338
202210,7호선,공릉,6728,6749,13477
202210,7호선,광명사거리,13575,13311,26886
202210,7호선,군자,8721,6652,15373
202210,7호선,남구로,7491,7334,14825
202210,7호선,남성,5854,5661,11515
202210,7호선,내방,5306,5379,10685
202210,7호선,노원,11853,12061,23914
202210,7호선,논현,5739,6131,11870
202210,7호선,대림,9281,8412,17693
202210,7호선,도봉산,5402,7612,13014
202210,7호선,뚝섬유원지,6535,6208,12743
202210,7호선,마들,6604,6006,12610
202210,7호선,먹골,5820,5648,11468
202210,7호선,면목,8455,8166,16621
202210,7호선,반포,3139,2960,6099
202210,7호선,보라매,4099,3952,8051
202210,7호선,사가정,9455,9266,18721
202210,7호선,상도,5988,5776,11764
202210,7호선,상봉,10346,9799,20145
202210,7호선,수락산,8342,8187,16529
202210,7호선,숭실대입구,6434,6620,13054
202210,7호선,신대방삼거리,8180,7876,16056
202210,7호선,신풍,7062,6731,13793
202210,7호선,어린이대공원,8689,8743,17432
202210,7호선,온수,4343,4448,8791
202210,7호선,용마산,3337,3509,6846
202210,7호선,이수,8780,8364,17144
202210,7호선,장승배기,4961,4938,9899
202210,7호선,장암,1384,975,2359
202210,7호선,중계,7307,6717,14024
202210,7호선,중곡,5806,5431,11237
202210,7호선,중화,6046,5731,11777
202210,7호선,천왕,5297,5163,10460
202210,7호선,철산,11785,11996,23781
202210,7호선,청담,7107,8068,15175
202210,7호선,태릉입구,5310,4819,10129
202210,7호선,하계,9939,9242,19181
202210,7호선,학동,7241,7730,14971
202210,8호선,가락시장,3802,4887,8689
202210,8호선,강동구청,5041,5226,10267
202210,8호선,남위례,3035,3092,6127
202210,8호선,남한산성입구,7341,6309,13650
202210,8호선,단대오거리,6114,5807,11921
202210,8호선,모란,2833,2555,5388
202210,8호선,몽촌토성,7679,7555,15234
202210,8호선,문정,6527,6608,13135
202210,8호선,복정,5535,4849,10384
202210,8호선,산성,3351,3344,6695
202210,8호선,석촌,4709,6104,10813
202210,8호선,송파,4759,5153,9912
202210,8호선,수진,3219,2889,6108
202210,8호선,신흥,2892,3074,5966
202210,8호선,암사,9792,9230,19022
202210,8호선,잠실,14308,15379,29687
202210,8호선,장지,10157,9786,19943
202210,8호선,천호,9534,10888,20422
202210,9호선,가양,13365,12509,25874
202210,9호선,개화,1269,1117,2386
202210,9호선,고속터미널,12327,18169,30496
202210,9호선,공항시장,1870,1951,3821
202210,9호선,구반포,532,532,1064
202210,9호선,국회의사당,6146,5804,11950
202210,9호선,김포공항,7261,11501,18762
202210,9호선,노들,3108,2699,5807
202210,9호선,노량진,17302,17883,35185
202210,9호선,당산,10639,10012,20651
202210,9호선,동작,1212,1082,2294
202210,9호선,등촌,5481,5544,11025
202210,9호선,마곡나루,6429,6276,12705
202210,9호선,사평,1767,1784,3551
202210,9호선,샛강,2104,1951,4055
202210,9호선,선유도,3066,3047,6113
202210,9호선,신논현,17323,17150,34473
202210,9호선,신목동,1968,1737,3705
202210,9호선,신반포,2378,2425,4803
202210,9호선,신방화,3747,3667,7414
202210,9호선,양천향교,4658,4574,9232
202210,9호선,여의도,12542,10308,22850
202210,9호선,염창,9487,9089,18576
202210,9호선,증미,2773,2606,5379
202210,9호선,흑석,4316,4399,8715
202210,9호선2~3단계,둔촌오륜,674,663,1337
202210,9호선2~3단계,봉은사,13937,14216,28153
202210,9호선2~3단계,삼성중앙,2549,2447,4996
202210,9호선2~3단계,삼전,4180,4020,8200
202210,9호선2~3단계,석촌,5797,5109,10906
202210,9호선2~3단계,석촌고분,3688,3698,7386
202210,9호선2~3단계,선정릉,3275,3920,7195
202210,9호선2~3단계,송파나루,3840,4042,7882
202210,9호선2~3단계,언주,4351,4450,8801
202210,9호선2~3단계,올림픽공원,14459,15424,29883
202210,9호선2~3단계,종합운동장,2802,2535,5337
202210,9호선2~3단계,중앙보훈병원,4225,4078,8303
202210,9호선2~3단계,한성백제,3667,2958,6625
202210,경강선,경기광주,4684,4423,9107
202210,경강선,곤지암,1869,1895,3764
202210,경강선,부발,1760,1774,3534
202210,경강선,삼동,1194,1171,2365
202210,경강선,세종대왕릉,391,379,770
202210,경강선,신둔도예촌,1141,1092,2233
202210,경강선,여주,2458,2503,4961
202210,경강선,이매,772,558,1330
202210,경강선,이천,2345,2473,4818
202210,경강선,초월,1783,1717,3500
202210,경강선,판교,2827,2665,5492
202210,경부선,가산디지털단지,5381,7264,12645
202210,경부선,관악,5276,5059,10335
202210,경부선,광명,2921,2224,5145
202210,경부선,구로,11389,11649,23038
202210,경부선,군포,3277,2981,6258
202210,경부선,금정,16852,16866,33718
202210,경부선,금천구청,6878,6795,13673
202210,경부선,남영,5439,5698,11137
202210,경부선,노량진,6951,6861,13812
202210,경부선,당정,3350,3221,6571
202210,경부선,대방,5599,6208,11807
202210,경부선,독산,7166,6877,14043
202210,경부선,두정,5047,5544,10591
202210,경부선,명학,3605,3299,6904
202210,경부선,병점,10434,10685,21119
202210,경부선,서동탄,789,850,1639
202210,경부선,서울역,9282,2378,11660
202210,경부선,서정리,5695,6863,12558
202210,경부선,석수,5570,5244,10814
202210,경부선,성균관대,8694,8958,17652
202210,경부선,성환,2990,3227,6217
202210,경부선,세류,2287,2197,4484
202210,경부선,세마,1903,1736,3639
202210,경부선,송탄,3966,4216,8182
202210,경부선,수원,37513,38088,75601
202210,경부선,신길,5103,4431,9534
202210,경부선,신도림,2249,2732,4981
202210,경부선,안양,14572,14232,28804
202210,경부선,영등포,38636,38042,76678
202210,경부선,오산,8449,8345,16794
202210,경부선,오산대,2530,2380,4910
202210,경부선,용산,38229,35930,74159
202210,경부선,의왕,4666,4536,9202
202210,경부선,직산,640,691,1331
202210,경부선,진위,1052,961,2013
202210,경부선,천안,6739,6960,13699
202210,경부선,평택,12819,13290,26109
202210,경부선,평택지제,2880,2756,5636
202210,경부선,화서,4840,4849,9689
202210,경원선,가능,4092,3983,8075
202210,경원선,광운대,4368,4461,8829
202210,경원선,녹양,3090,2912,6002
202210,경원선,녹천,2713,2386,5099
202210,경원선,덕계,2091,1999,4090
202210,경원선,덕정,3715,3815,7530
202210,경원선,도봉,3659,3399,7058
202210,경원선,도봉산,8027,5689,13716
202210,경원선,동두천,1513,1924,3437
202210,경원선,동두천중앙,2272,2210,4482
202210,경원선,망월사,4909,4992,9901
202210,경원선,방학,6528,6236,12764
202210,경원선,보산,1356,1596,2952
202210,경원선,서빙고,1940,2161,4101
202210,경원선,석계,5563,5861,11424
202210,경원선,소요산,4293,3936,8229
202210,경원선,신이문,5160,4815,9975
202210,경원선,양주,6116,6027,12143
202210,경원선,옥수,44,43,87
202210,경원선,왕십리,11214,12813,24027
202210,경원선,외대앞,5333,5227,10560
202210,경원선,월계,3918,3615,7533
202210,경원선,응봉,1199,1037,2236
202210,경원선,의정부,15690,16104,31794
202210,경원선,이촌,2638,2074,4712
202210,경원선,지행,4818,4756,9574
202210,경원선,창동,1,0,1
202210,경원선,청량리,16620,15732,32352
202210,경원선,한남,2173,2187,4360
202210,경원선,회룡,7984,7985,15969
202210,경의선,가좌,3146,3262,6408
202210,경의선,강매,1642,1484,3126
202210,경의선,곡산,375,339,714
202210,경의선,공덕,2429,1748,4177
202210,경의선,금릉,3124,2937,6061
202210,경의선,금촌,4569,4692,9261
202210,경의선,능곡,2290,2316,4606
202210,경의선,디지털미디어시티,1694,1572,3266
202210,경의선,문산,4028,4211,8239
202210,경의선,백마,3631,3466,7097
202210,경의선,서강대,1490,1459,2949
202210,경의선,서울역,1198,1284,2482
202210,경의선,수색,1039,1004,2043
202210,경의선,신촌,322,322,644
202210,경의선,야당,5467,5378,10845
202210,경의선,운정,3996,3832,7828
202210,경의선,월롱,1079,1310,2389
202210,경의선,일산,5098,4846,9944
202210,경의선,임진강,97,73,170
202210,경의선,탄현,4304,4130,8434
202210,경의선,파주,755,660,1415
202210,경의선,풍산,3773,3475,7248
202210,경의선,행신,5048,4683,9731
202210,경의선,홍대입구,1834,2517,4351
202210,경의선,화전,1048,1046,2094
202210,경의선,효창공원앞,1485,1620,3105
202210,경인선,간석,3594,3463,7057
202210,경인선,개봉,12912,12857,25769
202210,경인선,구일,3490,3370,6860
202210,경인선,도원,1848,1907,3755
202210,경인선,도화,2683,2442,5125
202210,경인선,동암,10921,11045,21966
202210,경인선,동인천,10526,9902,20428
202210,경인선,백운,4373,4377,8750
202210,경인선,부개,5473,5046,10519
202210,경인선,부천,24911,24788,49699
202210,경인선,부평,27263,27576,54839
202210,경인선,소사,6446,6340,12786
202210,경인선,송내,14752,14508,29260
202210,경인선,역곡,15993,15955,31948
202210,경인선,오류동,7955,7021,14976
202210,경인선,온수,4407,3898,8305
202210,경인선,인천,5026,4052,9078
202210,경인선,제물포,5932,5672,11604
202210,경인선,주안,13398,11860,25258
202210,경인선,중동,5557,5267,10824
202210,경춘선,가평,3434,3345,6779
202210,경춘선,갈매,1568,1345,2913
202210,경춘선,강촌,918,833,1751
202210,경춘선,굴봉산,270,226,496
202210,경춘선,금곡,1027,920,1947
202210,경춘선,김유정,753,754,1507
202210,경춘선,남춘천,3822,4250,8072
202210,경춘선,대성리,2333,1498,3831
202210,경춘선,마석,2874,2726,5600
202210,경춘선,백양리,186,149,335
202210,경춘선,별내,1879,1721,3600
202210,경춘선,사릉,1386,1426,2812
202210,경춘선,상천,554,483,1037
202210,경춘선,신내,1076,1081,2157
202210,경춘선,천마산,1262,1183,2445
202210,경춘선,청평,2164,1875,4039
202210,경춘선,춘천,2416,1978,4394
202210,경춘선,퇴계원,2304,2011,4315
202210,경춘선,평내호평,3663,3471,7134
202210,공항철도 1호선,검암,3973,4037,8010
202210,공항철도 1호선,계양,6482,6123,12605
202210,공항철도 1호선,공덕,1381,2225,3606
202210,공항철도 1호선,공항화물청사,1075,1045,2120
202210,공항철도 1호선,김포공항,11364,5855,17219
202210,공항철도 1호선,디지털미디어시티,4183,4385,8568
202210,공항철도 1호선,마곡나루,2495,2881,5376
202210,공항철도 1호선,서울역,10376,9032,19408
202210,공항철도 1호선,영종,2998,3059,6057
202210,공항철도 1호선,운서,6495,6707,13202
202210,공항철도 1호선,인천공항1터미널,8299,7686,15985
202210,공항철도 1호선,인천공항2터미널,3585,3389,6974
202210,공항철도 1호선,청라국제도시,3973,3974,7947
202210,공항철도 1호선,홍대입구,12487,12491,24978
202210,과천선,경마공원,16968,17006,33974
202210,과천선,과천,4156,3932,8088
202210,과천선,대공원,6345,6531,12876
202210,과천선,범계,16612,16457,33069
202210,과천선,선바위,4737,4047,8784
202210,과천선,인덕원,13775,13715,27490
202210,과천선,정부과천청사,4992,4928,9920
202210,과천선,평촌,7368,6996,14364
202210,분당선,가천대,4590,5017,9607
202210,분당선,강남구청,3471,4212,7683
202210,분당선,개포동,2236,2274,4510
202210,분당선,구룡,922,935,1857
202210,분당선,구성,2640,2811,5451
202210,분당선,기흥,5684,5299,10983
202210,분당선,대모산입구,2375,2239,4614
202210,분당선,도곡,3265,3093,6358
202210,분당선,망포,7183,6883,14066
202210,분당선,매교,2166,2201,4367
202210,분당선,매탄권선,2925,2754,5679
202210,분당선,모란,11907,12489,24396
202210,분당선,미금,7980,8340,16320
202210,분당선,보정,1260,1189,2449
202210,분당선,복정,1,0,1
202210,분당선,상갈,3295,3437,6732
202210,분당선,서울숲,8530,8891,17421
202210,분당선,서현,14841,14756,29597
202210,분당선,선릉,3098,4722,7820
202210,분당선,선정릉,2229,2194,4423
202210,분당선,수내,6485,6199,12684
202210,분당선,수서,8990,9343,18333
202210,분당선,수원,6678,5918,12596
202210,분당선,수원시청,9056,10144,19200
202210,분당선,신갈,2151,2226,4377
202210,분당선,압구정로데오,11903,14188,26091
202210,분당선,야탑,14526,15173,29699
202210,분당선,영통,5502,5554,11056
202210,분당선,오리,5816,4874,10690
202210,분당선,이매,3682,3711,7393
202210,분당선,정자,8218,8575,16793
202210,분당선,죽전,8672,9370,18042
202210,분당선,청명,2212,2224,4436
202210,분당선,태평,8823,8150,16973
202210,분당선,한티,10113,9297,19410
202210,수인선,고색,2055,1976,4031
202210,수인선,남동인더스파크,799,771,1570
202210,수인선,달월,68,73,141
202210,수인선,사리,3098,2616,5714
202210,수인선,소래포구,13800,13960,27760
202210,수인선,송도,1741,1659,3400
202210,수인선,숭의,2367,2149,4516
202210,수인선,신포,1360,1369,2729
202210,수인선,야목,279,220,499
202210,수인선,어천,800,816,1616
202210,수인선,연수,3870,3802,7672
202210,수인선,오목천,2039,1877,3916
202210,수인선,원인재,3099,3318,6417
202210,수인선,월곶,2320,2036,4356
202210,수인선,인천,1435,2212,3647
202210,수인선,인천논현,3507,3624,7131
202210,수인선,인하대,3895,3786,7681
202210,수인선,호구포,2728,2696,5424
202210,신림선,관악산,2946,3192,6138
202210,신림선,당곡,2319,2351,4670
202210,신림선,대방,1495,1128,2623
202210,신림선,보라매,1618,1480,3098
202210,신림선,보라매공원,1014,1048,2062
202210,신림선,보라매병원,2206,2300,4506
202210,신림선,샛강,791,997,1788
202210,신림선,서울대벤처타운,4932,4487,9419
202210,신림선,서울지방병무청,1370,1562,2932
202210,신림선,서원,1895,1745,3640
202210,신림선,신림,1125,1517,2642
202210,안산선,고잔,5873,5928,11801
202210,안산선,대야미,3397,2941,6338
202210,안산선,반월,2853,2772,5625
202210,안산선,산본,10345,10941,21286
202210,안산선,상록수,10420,10276,20696
202210,안산선,수리산,2468,2312,4780
202210,안산선,신길온천,1472,1293,2765
202210,안산선,안산,11645,11001,22646
202210,안산선,오이도,7044,7144,14188
202210,안산선,정왕,6493,6660,13153
202210,안산선,중앙,13337,13918,27255
202210,안산선,초지,3089,2956,6045
202210,안산선,한대앞,6273,6223,12496
202210,우이신설선,4.19민주묘지,1944,1771,3715
202210,우이신설선,가오리,2470,2324,4794
202210,우이신설선,보문,1097,1084,2181
202210,우이신설선,북한산보국문,4269,3707,7976
202210,우이신설선,북한산우이,3708,3849,7557
202210,우이신설선,삼양,1297,1314,2611
202210,우이신설선,삼양사거리,1708,1646,3354
202210,우이신설선,성신여대입구,2346,2745,5091
202210,우이신설선,솔밭공원,1606,1455,3061
202210,우이신설선,솔샘,3106,2943,6049
202210,우이신설선,신설동,1233,1181,2414
202210,우이신설선,정릉,3076,2503,5579
202210,우이신설선,화계,2188,2099,4287
202210,일산선,대곡,1139,990,2129
202210,일산선,대화,7294,6739,14033
202210,일산선,마두,3846,3831,7677
202210,일산선,백석,5741,5844,11585
202210,일산선,삼송,12018,11761,23779
202210,일산선,원당,6529,6203,12732
202210,일산선,원흥,6257,5847,12104
202210,일산선,정발산,7077,7146,14223
202210,일산선,주엽,5233,5209,10442
202210,일산선,화정,10143,10334,20477
202210,장항선,배방,852,910,1762
202210,장항선,봉명,576,606,1182
202210,장항선,신창,1175,1472,2647
202210,장항선,쌍용,1356,1390,2746
202210,장항선,아산,3490,2655,6145
202210,장항선,온양온천,3788,3821,7609
202210,장항선,탕정,661,663,1324
202210,중앙선,구리,8175,8561,16736
202210,중앙선,국수,632,635,1267
202210,중앙선,덕소,3789,3733,7522
202210,중앙선,도농,5987,5854,11841
202210,중앙선,도심,1266,1111,2377
202210,중앙선,망우,5483,5572,11055
202210,중앙선,상봉,4083,4175,8258
202210,중앙선,신원,360,264,624
202210,중앙선,아신,624,577,1201
202210,중앙선,양수,2092,1934,4026
202210,중앙선,양원,1462,1497,2959
202210,중앙선,양정,474,465,939
202210,중앙선,양평,2608,2597,5205
202210,중앙선,오빈,268,258,526
202210,중앙선,용문,2299,2139,4438
202210,중앙선,운길산,1428,1365,2793
202210,중앙선,원덕,527,463,990
202210,중앙선,중랑,3874,3659,7533
202210,중앙선,지평,60,67,127
202210,중앙선,팔당,1291,1445,2736
202210,중앙선,회기,18415,18091,36506
202210,1호선,동대문,12345,12602,24947
202210,1호선,동묘앞,13931,14714,28645
202210,1호선,서울역,48060,50364,98424
202210,1호선,시청,19218,19623,38841
202210,1호선,신설동,11511,10883,22394
202210,1호선,제기동,17900,18060,35960
202210,1호선,종각,27306,24443,51749
202210,1호선,종로3가,29551,27137,56688
202210,1호선,종로5가,24021,24948,48969
202210,1호선,청량리,20927,21547,42474
202210,2호선,강남,60050,60129,120179
202210,2호선,강변,35789,36957,72746
202210,2호선,건대입구,37252,40452,77704
202210,2호선,교대,19484,22356,41840
202210,2호선,구로디지털단지,40125,38904,79029
202210,2호선,구의,18950,17876,36826
202210,2호선,낙성대,24779,21805,46584
202210,2호선,당산,18165,19725,37890
202210,2호선,대림,21502,22459,43961
202210,2호선,도림천,851,846,1697
202210,2호선,동대문역사문화공원,13389,15736,29125
202210,2호선,뚝섬,18923,18800,37723
202210,2호선,문래,14845,15776,30621
202210,2호선,방배,11238,11294,22532
202210,2호선,봉천,19339,17230,36569
202210,2호선,사당,37167,42820,79987
202210,2호선,삼성,30983,31199,62182
202210,2호선,상왕십리,10973,10010,20983
202210,2호선,서울대입구,40887,38571,79458
202210,2호선,서초,13648,10946,24594
202210,2호선,선릉,27656,24279,51935
202210,2호선,성수,25254,28970,54224
202210,2호선,시청,14620,11837,26457
202210,2호선,신답,1262,1251,2513
202210,2호선,신당,12709,13398,26107
202210,2호선,신대방,22637,20805,43442
202210,2호선,신도림,48679,49219,97898
202210,2호선,신림,52330,48875,101205
202210,2호선,신설동,4016,3711,7727
202210,2호선,신정네거리,8879,8660,17539
202210,2호선,신촌,36892,37941,74833
202210,2호선,아현,8906,8052,16958
202210,2호선,양천구청,5218,5265,10483
202210,2호선,역삼,19215,21387,40602
202210,2호선,영등포구청,14607,15391,29998
202210,2호선,왕십리,15040,12935,27975
202210,2호선,용답,2566,2351,4917
202210,2호선,용두,1888,1895,3783
202210,2호선,을지로3가,14583,14767,29350
202210,2호선,을지로4가,9660,10155,19815
202210,2호선,을지로입구,30264,29486,59750
202210,2호선,이대,12784,13194,25978
202210,2호선,잠실,88521,84715,173236
202210,2호선,잠실나루,9656,8712,18368
202210,2호선,잠실새내,20882,21518,42400
202210,2호선,종합운동장,20142,22638,42780
202210,2호선,충정로,6696,6887,13583
202210,2호선,한양대,5952,5994,11946
202210,2호선,합정,34676,40430,75106
202210,2호선,홍대입구,81131,93317,174448
202210,3호선,가락시장,7196,6755,13951
202210,3호선,경복궁,29796,34035,63831
202210,3호선,경찰병원,4649,4424,9073
202210,3호선,고속터미널,63442,66498,129940
202210,3호선,교대,8560,4913,13473
202210,3호선,구파발,17806,17977,35783
202210,3호선,금호,7075,6396,13471
202210,3호선,남부터미널,25837,25738,51575
202210,3호선,녹번,12168,10187,22355
202210,3호선,대청,8279,7677,15956
202210,3호선,대치,11680,10086,21766
202210,3호선,도곡,3884,3917,7801
202210,3호선,독립문,7559,8429,15988
202210,3호선,동대입구,10295,12356,22651
202210,3호선,매봉,6908,6459,13367
202210,3호선,무악재,3117,3189,6306
202210,3호선,불광,14811,16282,31093
202210,3호선,수서,16181,16145,32326
202210,3호선,신사,27330,29102,56432
202210,3호선,안국,29484,32056,61540
202210,3호선,압구정,28293,30025,58318
202210,3호선,약수,10583,9894,20477
202210,3호선,양재,24142,25937,50079
202210,3호선,연신내,32850,30334,63184
202210,3호선,오금,4357,4151,8508
202210,3호선,옥수,8886,8803,17689
202210,3호선,을지로3가,6706,7015,13721
202210,3호선,일원,6055,5719,11774
202210,3호선,잠원,4198,3878,8076
202210,3호선,종로3가,7667,10941,18608
202210,3호선,지축,4725,4135,8860
202210,3호선,충무로,4,0,4
202210,3호선,학여울,3233,3334,6567
202210,3호선,홍제,15601,14320,29921
202210,4호선,길음,18278,17014,35292
202210,4호선,남태령,1882,1041,2923
202210,4호선,노원,19953,22419,42372
202210,4호선,당고개,8637,7960,16597
202210,4호선,동대문,16727,17452,34179
202210,4호선,동대문역사문화공원,16574,14162,30736
202210,4호선,동작,7858,6792,14650
202210,4호선,명동,25401,29338,54739
202210,4호선,미아,12472,11240,23712
202210,4호선,미아사거리,26037,24384,50421
202210,4호선,사당,27892,24340,52232
202210,4호선,삼각지,5806,7780,13586
202210,4호선,상계,16784,15232,32016
202210,4호선,서울역,7748,20536,28284
202210,4호선,성신여대입구,20202,18226,38428
202210,4호선,수유,30961,29509,60470
202210,4호선,숙대입구,11836,11044,22880
202210,4호선,신용산,22304,22595,44899
202210,4호선,쌍문,25216,21905,47121
202210,4호선,이촌,15547,25862,41409
202210,4호선,창동,22623,23288,45911
202210,4호선,총신대입구,17727,19189,36916
202210,4호선,충무로,16953,19631,36584
202210,4호선,한성대입구,12945,12794,25739
202210,4호선,혜화,35049,36436,71485
202210,4호선,회현,23310,24076,47386
202210,5호선,강동,14867,14174,29041
202210,5호선,강일,4129,3571,7700
202210,5호선,개롱,4922,4876,9798
202210,5호선,개화산,4379,4093,8472
202210,5호선,거여,7828,7225,15053
202210,5호선,고덕,7466,7161,14627
202210,5호선,공덕,10702,10540,21242
202210,5호선,광나루,14296,13096,27392
202210,5호선,광화문,29201,28063,57264
202210,5호선,군자,10312,11286,21598
202210,5호선,굽은다리,8108,7475,15583
202210,5호선,길동,7036,6908,13944
202210,5호선,김포공항,8987,8945,17932
202210,5호선,까치산,24828,22569,47397
202210,5호선,답십리,12826,10999,23825
202210,5호선,동대문역사문화공원,1517,1938,3455
202210,5호선,둔촌동,6852,6570,13422
202210,5호선,마곡,6632,6517,13149
202210,5호선,마장,4671,4238,8909
202210,5호선,마천,5794,5632,11426
202210,5호선,마포,23964,20898,44862
202210,5호선,명일,7048,6886,13934
202210,5호선,목동,14116,13475,27591
202210,5호선,미사,14987,14432,29419
202210,5호선,발산,16190,17222,33412
202210,5호선,방이,5927,5829,11756
202210,5호선,방화,5547,5277,10824
202210,5호선,상일동,10849,10069,20918
202210,5호선,서대문,10441,9637,20078
202210,5호선,송정,5942,5393,11335
202210,5호선,신금호,4773,4940,9713
202210,5호선,신길,5846,4390,10236
202210,5호선,신정,10979,8967,19946
202210,5호선,아차산,15893,14808,30701
202210,5호선,애오개,4953,4446,9399
202210,5호선,양평,4894,4052,8946
202210,5호선,여의나루,23998,101836,125834
202210,5호선,여의도,50113,43868,93981
202210,5호선,영등포구청,3200,2795,5995
202210,5호선,영등포시장,11634,11025,22659
202210,5호선,오금,2407,2182,4589
202210,5호선,오목교,19378,19028,38406
202210,5호선,올림픽공원,6717,7494,14211
202210,5호선,왕십리,4206,5008,9214
202210,5호선,우장산,11810,11075,22885
202210,5호선,을지로4가,5090,5167,10257
202210,5호선,장한평,14732,14936,29668
202210,5호선,종로3가,17488,18048,35536
202210,5호선,천호,19788,18771,38559
202210,5호선,청구,2931,2741,5672
202210,5호선,충정로,2646,2377,5023
202210,5호선,하남검단산,6750,6421,13171
202210,5호선,하남시청,6752,6094,12846
202210,5호선,하남풍산,3326,3135,6461
202210,5호선,행당,6568,5587,12155
202210,5호선,화곡,24951,21916,46867
202210,6호선,고려대,7239,6418,13657
202210,6호선,공덕,16806,13843,30649
202210,6호선,광흥창,8303,7142,15445
202210,6호선,구산,6532,4587,11119
202210,6호선,녹사평,6971,7908,14879
202210,6호선,대흥,7117,6986,14103
202210,6호선,독바위,2380,2685,5065
202210,6호선,돌곶이,7338,6473,13811
202210,6호선,동묘앞,9591,9151,18742
202210,6호선,디지털미디어시티,9448,9612,19060
202210,6호선,마포구청,11989,10064,22053
202210,6호선,망원,15530,17130,32660
202210,6호선,버티고개,1887,1822,3709
202210,6호선,보문,6154,5278,11432
202210,6호선,봉화산,6427,6276,12703
202210,6호선,불광,4159,3958,8117
202210,6호선,삼각지,8597,6092,14689
202210,6호선,상수,11908,14188,26096
202210,6호선,상월곡,4940,4000,8940
202210,6호선,새절,10608,9815,20423
202210,6호선,석계,10137,10198,20335
202210,6호선,신내,1,0,1
202210,6호선,신당,7335,6753,14088
202210,6호선,안암,8386,7849,16235
202210,6호선,약수,2872,2980,5852
202210,6호선,역촌,3004,3587,6591
202210,6호선,연신내,1,0,1
202210,6호선,월곡,9195,8496,17691
202210,6호선,월드컵경기장,11003,12078,23081
202210,6호선,응암,15654,15398,31052
202210,6호선,이태원,18943,25491,44434
202210,6호선,증산,8764,8304,17068
202210,6호선,창신,2558,2118,4676
202210,6호선,청구,2934,2571,5505
202210,6호선,태릉입구,5165,5257,10422
202210,6호선,한강진,12250,15296,27546
202210,6호선,합정,16474,15158,31632
202210,6호선,화랑대,9618,7246,16864
202210,6호선,효창공원앞,6805,5633,12438
202210,7호선,가산디지털단지,17010,15362,32372
202210,7호선,강남구청,11435,12788,24223
202210,7호선,건대입구,11693,12894,24587
202210,7호선,고속터미널,19784,14672,34456
202210,7호선,공릉,10157,9652,19809
202210,7호선,광명사거리,18778,18505,37283
202210,7호선,군자,11930,8779,20709
202210,7호선,남구로,9208,9596,18804
202210,7호선,남성,9177,8135,17312
202210,7호선,내방,8752,8466,17218
202210,7호선,노원,20183,21108,41291
202210,7호선,논현,10830,11581,22411
202210,7호선,대림,8250,8867,17117
202210,7호선,도봉산,7891,10610,18501
202210,7호선,뚝섬유원지,14336,13738,28074
202210,7호선,마들,10384,9216,19600
202210,7호선,먹골,8522,7989,16511
202210,7호선,면목,12758,11612,24370
202210,7호선,반포,5326,4994,10320
202210,7호선,보라매,6512,6004,12516
202210,7호선,사가정,13730,12848,26578
202210,7호선,상도,10433,8879,19312
202210,7호선,상봉,14901,14380,29281
202210,7호선,수락산,11714,11339,23053
202210,7호선,숭실대입구,10146,9665,19811
202210,7호선,신대방삼거리,11923,10903,22826
202210,7호선,신풍,9095,8652,17747
202210,7호선,어린이대공원,12702,12321,25023
202210,7호선,온수,6087,6023,12110
202210,7호선,용마산,5885,5912,11797
202210,7호선,이수,13567,12259,25826
202210,7호선,장승배기,7871,6951,14822
202210,7호선,장암,1997,1442,3439
202210,7호선,중계,10658,9155,19813
202210,7호선,중곡,8096,7205,15301
202210,7호선,중화,8450,7681,16131
202210,7호선,천왕,7952,7393,15345
202210,7호선,철산,18620,19045,37665
202210,7호선,청담,12843,13603,26446
202210,7호선,태릉입구,7912,7010,14922
202210,7호선,하계,14395,13104,27499
202210,7호선,학동,12362,12974,25336
202210,8호선,가락시장,6127,6397,12524
202210,8호선,강동구청,7072,6953,14025
202210,8호선,남위례,4851,4970,9821
202210,8호선,남한산성입구,10835,9218,20053
202210,8호선,단대오거리,8772,7913,16685
202210,8호선,모란,4119,3654,7773
202210,8호선,몽촌토성,5726,5853,11579
202210,8호선,문정,10063,9818,19881
202210,8호선,복정,7128,5791,12919
202210,8호선,산성,5087,4922,10009
202210,8호선,석촌,6392,8645,15037
202210,8호선,송파,6647,6341,12988
202210,8호선,수진,4620,4096,8716
202210,8호선,신흥,4147,4185,8332
202210,8호선,암사,16065,15115,31180
202210,8호선,잠실,16709,19139,35848
202210,8호선,장지,13998,12578,26576
202210,8호선,천호,13246,15556,28802
202210,9호선,가양,17195,16474,33669
202210,9호선,개화,2055,1708,3763
202210,9호선,고속터미널,20349,29947,50296
202210,9호선,공항시장,2499,2583,5082
202210,9호선,구반포,1507,1512,3019
202210,9호선,국회의사당,14623,8011,22634
202210,9호선,김포공항,9147,13591,22738
202210,9호선,노들,14048,15355,29403
202210,9호선,노량진,30652,33029,63681
202210,9호선,당산,17719,16836,34555
202210,9호선,동작,2583,2149,4732
202210,9호선,등촌,8874,7933,16807
202210,9호선,마곡나루,10171,9817,19988
202210,9호선,사평,3300,2858,6158
202210,9호선,샛강,19654,10974,30628
202210,9호선,선유도,6095,6261,12356
202210,9호선,신논현,31783,31230,63013
202210,9호선,신목동,3525,2960,6485
202210,9호선,신반포,5007,5151,10158
202210,9호선,신방화,5532,5157,10689
202210,9호선,양천향교,7085,6661,13746
202210,9호선,여의도,35719,31173,66892
202210,9호선,염창,14936,13943,28879
202210,9호선,증미,4224,3764,7988
202210,9호선,흑석,9538,9084,18622
202210,9호선2~3단계,둔촌오륜,723,733,1456
202210,9호선2~3단계,봉은사,13767,13902,27669
202210,9호선2~3단계,삼성중앙,3927,3903,7830
202210,9호선2~3단계,삼전,5947,5266,11213
202210,9호선2~3단계,석촌,9518,8061,17579
202210,9호선2~3단계,석촌고분,5176,4897,10073
202210,9호선2~3단계,선정릉,6044,6703,12747
202210,9호선2~3단계,송파나루,5045,5316,10361
202210,9호선2~3단계,언주,7769,7476,15245
202210,9호선2~3단계,올림픽공원,16297,17251,33548
202210,9호선2~3단계,종합운동장,4522,4054,8576
202210,9호선2~3단계,중앙보훈병원,6487,6094,12581
202210,9호선2~3단계,한성백제,3021,2605,5626
202210,경강선,경기광주,7227,6456,13683
202210,경강선,곤지암,2571,2567,5138
202210,경강선,부발,2568,2220,4788
202210,경강선,삼동,1955,1724,3679
202210,경강선,세종대왕릉,486,621,1107
202210,경강선,신둔도예촌,1508,1561,3069
202210,경강선,여주,3345,3772,7117
202210,경강선,이매,1204,878,2082
202210,경강선,이천,3482,3542,7024
202210,경강선,초월,2805,2574,5379
202210,경강선,판교,3719,3676,7395
202210,경부선,가산디지털단지,7954,10724,18678
202210,경부선,관악,7262,6966,14228
202210,경부선,광명,3635,3450,7085
202210,경부선,구로,15203,16259,31462
202210,경부선,군포,4866,4437,9303
202210,경부선,금정,23198,22738,45936
202210,경부선,금천구청,10455,10044,20499
202210,경부선,남영,7597,7351,14948
202210,경부선,노량진,21103,20103,41206
202210,경부선,당정,4871,4436,9307
202210,경부선,대방,19337,13244,32581
202210,경부선,독산,11233,10737,21970
202210,경부선,두정,7336,6879,14215
202210,경부선,명학,5760,5313,11073
202210,경부선,병점,14872,14744,29616
202210,경부선,서동탄,1377,1447,2824
202210,경부선,서울역,11789,3543,15332
202210,경부선,서정리,9649,7029,16678
202210,경부선,석수,8534,7705,16239
202210,경부선,성균관대,12826,12608,25434
202210,경부선,성환,4127,3584,7711
202210,경부선,세류,3065,3152,6217
202210,경부선,세마,2744,2444,5188
202210,경부선,송탄,6330,5535,11865
202210,경부선,수원,45688,51022,96710
202210,경부선,신길,14366,8191,22557
202210,경부선,신도림,3801,4253,8054
202210,경부선,안양,21855,21437,43292
202210,경부선,영등포,50620,50756,101376
202210,경부선,오산,12151,10837,22988
202210,경부선,오산대,3834,3486,7320
202210,경부선,용산,63509,65045,128554
202210,경부선,의왕,7072,6701,13773
202210,경부선,직산,892,834,1726
202210,경부선,진위,1471,1231,2702
202210,경부선,천안,8689,9205,17894
202210,경부선,평택,17073,16194,33267
202210,경부선,평택지제,4747,4311,9058
202210,경부선,화서,7117,7079,14196
202210,경원선,가능,5981,5632,11613
202210,경원선,광운대,6981,6586,13567
202210,경원선,녹양,4438,4221,8659
202210,경원선,녹천,3910,3189,7099
202210,경원선,덕계,3139,2766,5905
202210,경원선,덕정,5943,5143,11086
202210,경원선,도봉,5112,4881,9993
202210,경원선,도봉산,10846,7654,18500
202210,경원선,동두천,2051,2571,4622
202210,경원선,동두천중앙,3005,3078,6083
202210,경원선,망월사,7187,7063,14250
202210,경원선,방학,8569,8264,16833
202210,경원선,보산,1898,1770,3668
202210,경원선,서빙고,4735,3345,8080
202210,경원선,석계,7952,8440,16392
202210,경원선,소요산,5970,5187,11157
202210,경원선,신이문,7500,6795,14295
202210,경원선,양주,8523,8088,16611
202210,경원선,옥수,50,41,91
202210,경원선,왕십리,14988,16931,31919
202210,경원선,외대앞,7698,7044,14742
202210,경원선,월계,5666,5082,10748
202210,경원선,응봉,2219,1888,4107
202210,경원선,의정부,21039,22245,43284
202210,경원선,이촌,12536,9802,22338
202210,경원선,지행,6732,6462,13194
202210,경원선,청량리,20704,21265,41969
202210,경원선,한남,3612,3306,6918
202210,경원선,회룡,11836,11470,23306
202210,경의선,가좌,5399,4997,10396
202210,경의선,강매,2668,2408,5076
202210,경의선,곡산,589,561,1150
202210,경의선,공덕,4875,3287,8162
202210,경의선,금릉,4993,4603,9596
202210,경의선,금촌,6900,6395,13295
202210,경의선,능곡,3568,3404,6972
202210,경의선,디지털미디어시티,2631,2322,4953
202210,경의선,문산,6144,5665,11809
202210,경의선,백마,5867,5422,11289
202210,경의선,서강대,2455,2468,4923
202210,경의선,서울역,1835,2123,3958
202210,경의선,수색,1996,1807,3803
202210,경의선,신촌,476,478,954
202210,경의선,야당,8042,8046,16088
202210,경의선,운정,6509,5753,12262
202210,경의선,월롱,2280,1864,4144
202210,경의선,일산,9264,8705,17969
202210,경의선,임진강,133,93,226
202210,경의선,탄현,6714,6302,13016
202210,경의선,파주,1171,849,2020
202210,경의선,풍산,5397,5088,10485
202210,경의선,행신,7189,7234,14423
202210,경의선,홍대입구,2826,4037,6863
202210,경의선,화전,1503,1428,2931
202210,경의선,효창공원앞,2481,2740,5221
202210,경인선,간석,5084,4757,9841
202210,경인선,개봉,19497,18442,37939
202210,경인선,구일,5758,5387,11145
202210,경인선,도원,2466,2495,4961
202210,경인선,도화,3750,3361,7111
202210,경인선,동암,15481,15363,30844
202210,경인선,동인천,13885,13853,27738
202210,경인선,백운,6280,6116,12396
202210,경인선,부개,7440,6557,13997
202210,경인선,부천,32433,33351,65784
202210,경인선,부평,32426,35968,68394
202210,경인선,소사,9157,8656,17813
202210,경인선,송내,22605,21651,44256
202210,경인선,역곡,23930,23318,47248
202210,경인선,오류동,10982,9865,20847
202210,경인선,온수,5975,5206,11181
202210,경인선,인천,6404,5612,12016
202210,경인선,제물포,8575,7953,16528
202210,경인선,주안,19383,16722,36105
202210,경인선,중동,7952,7104,15056
202210,경춘선,가평,3072,3716,6788
202210,경춘선,갈매,2467,2047,4514
202210,경춘선,강촌,799,973,1772
202210,경춘선,굴봉산,269,265,534
202210,경춘선,금곡,1446,1372,2818
202210,경춘선,김유정,791,913,1704
202210,경춘선,남춘천,3908,4455,8363
202210,경춘선,대성리,1350,1431,2781
202210,경춘선,마석,4945,4658,9603
202210,경춘선,백양리,149,135,284
202210,경춘선,별내,2890,2552,5442
202210,경춘선,사릉,2220,1956,4176
202210,경춘선,상천,593,540,1133
202210,경춘선,신내,1582,1476,3058
202210,경춘선,천마산,1711,1668,3379
202210,경춘선,청평,2338,2630,4968
202210,경춘선,춘천,3203,2889,6092
202210,경춘선,퇴계원,3147,2823,5970
202210,경춘선,평내호평,5887,5427,11314
202210,공항철도 1호선,검암,6096,6164,12260
202210,공항철도 1호선,계양,10481,9259,19740
202210,공항철도 1호선,공덕,2603,3488,6091
202210,공항철도 1호선,공항화물청사,1498,1460,2958
202210,공항철도 1호선,김포공항,13451,6292,19743
202210,공항철도 1호선,디지털미디어시티,7688,7054,14742
202210,공항철도 1호선,마곡나루,4461,4918,9379
202210,공항철도 1호선,서울역,12825,12547,25372
202210,공항철도 1호선,영종,4174,4389,8563
202210,공항철도 1호선,운서,8349,8566,16915
202210,공항철도 1호선,인천공항1터미널,9870,8749,18619
202210,공항철도 1호선,인천공항2터미널,3814,3165,6979
202210,공항철도 1호선,청라국제도시,5774,5610,11384
202210,공항철도 1호선,홍대입구,17025,17021,34046
202210,과천선,경마공원,13294,13435,26729
202210,과천선,과천,6194,5555,11749
202210,과천선,대공원,10850,11181,22031
202210,과천선,범계,24632,23903,48535
202210,과천선,선바위,7211,5920,13131
202210,과천선,인덕원,20627,19881,40508
202210,과천선,정부과천청사,7499,7170,14669
202210,과천선,평촌,11724,11261,22985
202210,분당선,가천대,7294,7237,14531
202210,분당선,강남구청,5810,7121,12931
202210,분당선,개포동,3144,3010,6154
202210,분당선,구룡,1772,1560,3332
202210,분당선,구성,4012,4020,8032
202210,분당선,기흥,8092,7253,15345
202210,분당선,대모산입구,3462,3082,6544
202210,분당선,도곡,5990,5423,11413
202210,분당선,망포,10917,8585,19502
202210,분당선,매교,3483,3586,7069
202210,분당선,매탄권선,4221,3758,7979
202210,분당선,모란,17556,17835,35391
202210,분당선,미금,11292,11649,22941
202210,분당선,보정,2024,1556,3580
202210,분당선,상갈,4531,4422,8953
202210,분당선,서울숲,14806,15740,30546
202210,분당선,서현,20325,20155,40480
202210,분당선,선릉,5725,8943,14668
202210,분당선,선정릉,3660,3710,7370
202210,분당선,수내,10045,9286,19331
202210,분당선,수서,11501,12395,23896
202210,분당선,수원,8297,7352,15649
202210,분당선,수원시청,12566,14658,27224
202210,분당선,신갈,3167,3101,6268
202210,분당선,압구정로데오,19256,23006,42262
202210,분당선,야탑,20393,21424,41817
202210,분당선,영통,7633,7393,15026
202210,분당선,오리,8536,6756,15292
202210,분당선,이매,4949,4828,9777
202210,분당선,정자,12055,12211,24266
202210,분당선,죽전,11428,12570,23998
202210,분당선,청명,3352,3139,6491
202210,분당선,태평,12002,11036,23038
202210,분당선,한티,14988,14109,29097
202210,수인선,고색,2903,2780,5683
202210,수인선,남동인더스파크,1107,1000,2107
202210,수인선,달월,96,98,194
202210,수인선,사리,4433,3531,7964
202210,수인선,소래포구,9058,9670,18728
202210,수인선,송도,2437,2236,4673
202210,수인선,숭의,3200,2840,6040
202210,수인선,신포,1653,1765,3418
202210,수인선,야목,353,292,645
202210,수인선,어천,1117,866,1983
202210,수인선,연수,4497,4510,9007
202210,수인선,오목천,2930,2347,5277
202210,수인선,원인재,4301,4367,8668
202210,수인선,월곶,2624,2461,5085
202210,수인선,인천,1756,2738,4494
202210,수인선,인천논현,4898,5095,9993
202210,수인선,인하대,5239,4677,9916
202210,수인선,호구포,3100,2825,5925
202210,신림선,관악산,4228,4559,8787
202210,신림선,당곡,3514,3097,6611
202210,신림선,대방,3798,2001,5799
202210,신림선,보라매,2904,2339,5243
202210,신림선,보라매공원,1866,1796,3662
202210,신림선,보라매병원,3514,3313,6827
202210,신림선,샛강,5211,6748,11959
202210,신림선,서울대벤처타운,7239,6330,13569
202210,신림선,서울지방병무청,2680,2361,5041
202210,신림선,서원,2706,2077,4783
202210,신림선,신림,1650,2546,4196
202210,안산선,고잔,8042,7997,16039
202210,안산선,대야미,4792,4177,8969
202210,안산선,반월,4118,3811,7929
202210,안산선,산본,15460,16237,31697
202210,안산선,상록수,14664,14536,29200
202210,안산선,수리산,3390,2903,6293
202210,안산선,신길온천,1917,1776,3693
202210,안산선,안산,11999,12571,24570
202210,안산선,오이도,9388,9576,18964
202210,안산선,정왕,8951,8272,17223
202210,안산선,중앙,18648,19321,37969
202210,안산선,초지,4371,4062,8433
202210,안산선,한대앞,9255,8880,18135
202210,우이신설선,4.19민주묘지,2820,2511,5331
202210,우이신설선,가오리,3631,3208,6839
202210,우이신설선,보문,1313,1266,2579
202210,우이신설선,북한산보국문,5840,4891,10731
202210,우이신설선,북한산우이,4415,4499,8914
202210,우이신설선,삼양,1745,1772,3517
202210,우이신설선,삼양사거리,2254,2199,4453
202210,우이신설선,성신여대입구,2905,3581,6486
202210,우이신설선,솔밭공원,2220,1977,4197
202210,우이신설선,솔샘,4687,4154,8841
202210,우이신설선,신설동,1667,1590,3257
202210,우이신설선,정릉,4460,3396,7856
202210,우이신설선,화계,2967,2691,5658
202210,일산선,대곡,1814,1695,3509
202210,일산선,대화,12425,10867,23292
202210,일산선,마두,6014,5987,12001
202210,일산선,백석,8962,8845,17807
202210,일산선,삼송,16953,15899,32852
202210,일산선,원당,9823,9106,18929
202210,일산선,원흥,9276,8429,17705
202210,일산선,정발산,12614,13418,26032
202210,일산선,주엽,8381,8052,16433
202210,일산선,화정,15647,15602,31249
202210,장항선,배방,1314,1225,2539
202210,장항선,봉명,873,868,1741
202210,장항선,신창,1583,1338,2921
202210,장항선,쌍용,2215,1889,4104
202210,장항선,아산,4386,4146,8532
202210,장항선,온양온천,4935,4998,9933
202210,장항선,탕정,1063,906,1969
202210,중앙선,구리,13182,13340,26522
202210,중앙선,국수,883,905,1788
202210,중앙선,덕소,5539,5501,11040
202210,중앙선,도농,9804,9093,18897
202210,중앙선,도심,2127,1724,3851
202210,중앙선,망우,7859,7706,15565
202210,중앙선,상봉,5994,5773,11767
202210,중앙선,신원,381,273,654
202210,중앙선,아신,796,874,1670
202210,중앙선,양수,2765,2780,5545
202210,중앙선,양원,2470,2216,4686
202210,중앙선,양정,761,706,1467
202210,중앙선,양평,5549,6164,11713
202210,중앙선,오빈,395,436,831
202210,중앙선,용문,3501,4007,7508
202210,중앙선,운길산,1952,1984,3936
202210,중앙선,원덕,792,663,1455
202210,중앙선,중랑,5661,5237,10898
202210,중앙선,지평,71,101,172
202210,중앙선,팔당,1779,2009,3788
202210,중앙선,회기,26599,24704,51303
202210,1호선,동대문,9228,9509,18737
202210,1호선,동묘앞,7080,7464,14544
202210,1호선,서울역,35676,34219,69895
202210,1호선,시청,12821,12747,25568
202210,1호선,신설동,7302,6944,14246
202210,1호선,제기동,9518,9220,18738
202210,1호선,종각,15932,14592,30524
202210,1호선,종로3가,16037,15045,31082
202210,1호선,종로5가,14367,13450,27817
202210,1호선,청량리,12327,12858,25185
202210,2호선,강남,34302,34233,68535
202210,2호선,강변,24061,24078,48139
202210,2호선,건대입구,26542,28878,55420
202210,2호선,교대,11031,12150,23181
202210,2호선,구로디지털단지,26429,25510,51939
202210,2호선,구의,11977,11843,23820
202210,2호선,낙성대,16131,15641,31772
202210,2호선,당산,8491,9248,17739
202210,2호선,대림,15745,16132,31877
202210,2호선,도림천,507,504,1011
202210,2호선,동대문역사문화공원,10309,12447,22756
202210,2호선,뚝섬,11040,11418,22458
202210,2호선,문래,8344,9197,17541
202210,2호선,방배,6825,6957,13782
202210,2호선,봉천,12802,12155,24957
202210,2호선,사당,24191,26357,50548
202210,2호선,삼성,27775,26652,54427
202210,2호선,상왕십리,7274,7076,14350
202210,2호선,서울대입구,27033,26462,53495
202210,2호선,서초,12530,11374,23904
202210,2호선,선릉,14335,12178,26513
202210,2호선,성수,17565,18987,36552
202210,2호선,시청,10312,8206,18518
202210,2호선,신답,721,814,1535
202210,2호선,신당,8878,9457,18335
202210,2호선,신대방,15291,14759,30050
202210,2호선,신도림,31395,31767,63162
202210,2호선,신림,36863,35054,71917
202210,2호선,신설동,2820,2618,5438
202210,2호선,신정네거리,5276,5421,10697
202210,2호선,신촌,27188,27038,54226
202210,2호선,아현,5447,5198,10645
202210,2호선,양천구청,3290,3384,6674
202210,2호선,역삼,12256,13023,25279
202210,2호선,영등포구청,8877,9144,18021
202210,2호선,왕십리,10379,9167,19546
202210,2호선,용답,1769,1634,3403
202210,2호선,용두,1015,989,2004
202210,2호선,을지로3가,11263,11299,22562
202210,2호선,을지로4가,5334,5455,10789
202210,2호선,을지로입구,22966,22608,45574
202210,2호선,이대,8214,8542,16756
202210,2호선,잠실,66142,61755,127897
202210,2호선,잠실나루,5884,5404,11288
202210,2호선,잠실새내,12816,13466,26282
202210,2호선,종합운동장,7050,7351,14401
202210,2호선,충정로,4186,4449,8635
202210,2호선,한양대,2688,2845,5533
202210,2호선,합정,23199,25745,48944
202210,2호선,홍대입구,61902,64325,126227
202210,3호선,가락시장,3995,4290,8285
202210,3호선,경복궁,18379,19142,37521
202210,3호선,경찰병원,2905,2998,5903
202210,3호선,고속터미널,47948,46516,94464
202210,3호선,교대,4616,2781,7397
202210,3호선,구파발,10756,11005,21761
202210,3호선,금호,4556,4445,9001
202210,3호선,남부터미널,15241,15733,30974
202210,3호선,녹번,7700,6747,14447
202210,3호선,대청,4232,3996,8228
202210,3호선,대치,7005,5897,12902
202210,3호선,도곡,1721,1651,3372
202210,3호선,독립문,5075,5184,10259
202210,3호선,동대입구,6756,7370,14126
202210,3호선,매봉,4016,4185,8201
202210,3호선,무악재,1964,1946,3910
202210,3호선,불광,9209,10361,19570
202210,3호선,수서,11658,11772,23430
202210,3호선,신사,14389,15268,29657
202210,3호선,안국,18410,18041,36451
202210,3호선,압구정,14833,16031,30864
202210,3호선,약수,7258,6903,14161
202210,3호선,양재,14649,15706,30355
202210,3호선,연신내,20824,19816,40640
202210,3호선,오금,2826,2717,5543
202210,3호선,옥수,4950,5026,9976
202210,3호선,을지로3가,4888,4647,9535
202210,3호선,일원,3549,3544,7093
202210,3호선,잠원,2038,2015,4053
202210,3호선,종로3가,4684,6520,11204
202210,3호선,지축,2741,2588,5329
202210,3호선,학여울,2893,2888,5781
202210,3호선,홍제,9802,9117,18919
202210,4호선,길음,11220,10844,22064
202210,4호선,남태령,858,583,1441
202210,4호선,노원,13121,14486,27607
202210,4호선,당고개,5843,5576,11419
202210,4호선,동대문,8091,8749,16840
202210,4호선,동대문역사문화공원,12264,10863,23127
202210,4호선,동작,601,676,1277
202210,4호선,명동,18769,20828,39597
202210,4호선,미아,8187,7644,15831
202210,4호선,미아사거리,16708,15956,32664
202210,4호선,사당,17170,15488,32658
202210,4호선,삼각지,3783,5040,8823
202210,4호선,상계,10436,9743,20179
202210,4호선,서울역,5415,14830,20245
202210,4호선,성신여대입구,13932,13169,27101
202210,4호선,수유,20742,20289,41031
202210,4호선,숙대입구,8824,8441,17265
202210,4호선,신용산,10382,10424,20806
202210,4호선,쌍문,16420,15033,31453
202210,4호선,이촌,8619,8601,17220
202210,4호선,창동,15076,15847,30923
202210,4호선,총신대입구,10341,11218,21559
202210,4호선,충무로,10010,11042,21052
202210,4호선,한성대입구,8988,8873,17861
202210,4호선,혜화,28263,29309,57572
202210,4호선,회현,10398,10249,20647
202210,5호선,강동,9842,9408,19250
202210,5호선,강일,2414,2233,4647
202210,5호선,개롱,2942,3116,6058
202210,5호선,개화산,2606,2569,5175
202210,5호선,거여,4869,4634,9503
202210,5호선,고덕,4085,4153,8238
202210,5호선,공덕,5236,5414,10650
202210,5호선,광나루,7682,7242,14924
202210,5호선,광화문,17076,17382,34458
202210,5호선,군자,6734,7484,14218
202210,5호선,굽은다리,5417,5098,10515
202210,5호선,길동,4462,4632,9094
202210,5호선,김포공항,7478,7435,14913
202210,5호선,까치산,15655,14917,30572
202210,5호선,답십리,8050,7183,15233
202210,5호선,동대문역사문화공원,1157,1326,2483
202210,5호선,둔촌동,4832,4838,9670
202210,5호선,마곡,3682,3758,7440
202210,5호선,마장,3003,2844,5847
202210,5호선,마천,3638,3841,7479
202210,5호선,마포,5734,5449,11183
202210,5호선,명일,4942,4963,9905
202210,5호선,목동,7788,7953,15741
202210,5호선,미사,9097,9384,18481
202210,5호선,발산,9707,10790,20497
202210,5호선,방이,3986,3832,7818
202210,5호선,방화,3425,3388,6813
202210,5호선,상일동,6787,6588,13375
202210,5호선,서대문,5705,5474,11179
202210,5호선,송정,3637,3627,7264
202210,5호선,신금호,3052,3206,6258
202210,5호선,신길,2454,2488,4942
202210,5호선,신정,6522,5739,12261
202210,5호선,아차산,9100,8869,17969
202210,5호선,애오개,2762,2782,5544
202210,5호선,양평,2847,2732,5579
202210,5호선,여의나루,6560,10275,16835
202210,5호선,여의도,11738,10544,22282
202210,5호선,영등포구청,1410,1341,2751
202210,5호선,영등포시장,6369,6506,12875
202210,5호선,오금,1493,1426,2919
202210,5호선,오목교,11183,11423,22606
202210,5호선,올림픽공원,3237,3327,6564
202210,5호선,왕십리,2622,3087,5709
202210,5호선,우장산,6688,6862,13550
202210,5호선,을지로4가,2122,2573,4695
202210,5호선,장한평,9216,8873,18089
202210,5호선,종로3가,11603,10800,22403
202210,5호선,천호,12982,12222,25204
202210,5호선,청구,1800,1782,3582
202210,5호선,충정로,1601,1433,3034
202210,5호선,하남검단산,4531,4477,9008
202210,5호선,하남시청,4253,4091,8344
202210,5호선,하남풍산,2295,2252,4547
202210,5호선,행당,4158,3722,7880
202210,5호선,화곡,14153,12929,27082
202210,6호선,고려대,4561,4404,8965
202210,6호선,공덕,7721,7203,14924
202210,6호선,광흥창,4155,3970,8125
202210,6호선,구산,3895,3051,6946
202210,6호선,녹사평,4128,4472,8600
202210,6호선,대흥,4026,4038,8064
202210,6호선,독바위,1439,1625,3064
202210,6호선,돌곶이,5780,5520,11300
202210,6호선,동묘앞,5172,5200,10372
202210,6호선,디지털미디어시티,5415,5674,11089
202210,6호선,마포구청,7325,6323,13648
202210,6호선,망원,9818,10367,20185
202210,6호선,버티고개,1064,1131,2195
202210,6호선,보문,4183,3823,8006
202210,6호선,봉화산,3958,3907,7865
202210,6호선,불광,3097,2691,5788
202210,6호선,삼각지,5271,3751,9022
202210,6호선,상수,9033,10158,19191
202210,6호선,상월곡,3375,2957,6332
202210,6호선,새절,6482,6242,12724
202210,6호선,석계,6302,6931,13233
202210,6호선,신당,5307,5782,11089
202210,6호선,안암,5069,5216,10285
202210,6호선,약수,1796,1850,3646
202210,6호선,역촌,2215,2372,4587
202210,6호선,월곡,6226,5704,11930
202210,6호선,월드컵경기장,3312,3654,6966
202210,6호선,응암,9173,9056,18229
202210,6호선,이태원,15370,15045,30415
202210,6호선,증산,5399,5470,10869
202210,6호선,창신,1758,1603,3361
202210,6호선,청구,1830,1638,3468
202210,6호선,태릉입구,3291,3473,6764
202210,6호선,한강진,10023,11524,21547
202210,6호선,합정,10160,9557,19717
202210,6호선,화랑대,5137,4325,9462
202210,6호선,효창공원앞,3462,3092,6554
202210,7호선,가산디지털단지,11669,10117,21786
202210,7호선,강남구청,5886,6589,12475
202210,7호선,건대입구,8106,8616,16722
202210,7호선,고속터미널,13818,8794,22612
202210,7호선,공릉,6293,6313,12606
202210,7호선,광명사거리,12407,12014,24421
202210,7호선,군자,8352,6442,14794
202210,7호선,남구로,7191,7134,14325
202210,7호선,남성,5710,5380,11090
202210,7호선,내방,5030,5196,10226
202210,7호선,노원,12838,12966,25804
202210,7호선,논현,5292,5818,11110
202210,7호선,대림,9006,8272,17278
202210,7호선,도봉산,4661,6250,10911
202210,7호선,뚝섬유원지,4119,4120,8239
202210,7호선,마들,6202,5761,11963
202210,7호선,먹골,5436,5252,10688
202210,7호선,면목,7949,7804,15753
202210,7호선,반포,2788,2770,5558
202210,7호선,보라매,3939,3913,7852
202210,7호선,사가정,8741,8526,17267
202210,7호선,상도,5729,5285,11014
202210,7호선,상봉,9568,8842,18410
202210,7호선,수락산,7475,7274,14749
202210,7호선,숭실대입구,5947,5960,11907
202210,7호선,신대방삼거리,7913,7397,15310
202210,7호선,신풍,6740,6386,13126
202210,7호선,어린이대공원,9000,8836,17836
202210,7호선,온수,4115,4105,8220
202210,7호선,용마산,3262,3351,6613
202210,7호선,이수,8542,7942,16484
202210,7호선,장승배기,4644,4601,9245
202210,7호선,장암,1186,817,2003
202210,7호선,중계,6668,6135,12803
202210,7호선,중곡,5425,5071,10496
202210,7호선,중화,5470,5234,10704
202210,7호선,천왕,4883,4627,9510
202210,7호선,철산,11181,11329,22510
202210,7호선,청담,7077,7484,14561
202210,7호선,태릉입구,5035,4689,9724
202210,7호선,하계,9453,8857,18310
202210,7호선,학동,7691,7924,15615
202210,8호선,가락시장,3557,4569,8126
202210,8호선,강동구청,4748,4866,9614
202210,8호선,남위례,2882,2961,5843
202210,8호선,남한산성입구,6957,6188,13145
202210,8호선,단대오거리,5778,5493,11271
202210,8호선,모란,3950,3550,7500
202210,8호선,몽촌토성,3643,3799,7442
202210,8호선,문정,6445,6630,13075
202210,8호선,복정,5030,4569,9599
202210,8호선,산성,3023,3001,6024
202210,8호선,석촌,4456,5483,9939
202210,8호선,송파,4765,4734,9499
202210,8호선,수진,3356,3054,6410
202210,8호선,신흥,2788,3094,5882
202210,8호선,암사,10169,9665,19834
202210,8호선,잠실,13632,15068,28700
202210,8호선,장지,9518,9278,18796
202210,8호선,천호,9363,10657,20020
202210,9호선,가양,11502,10720,22222
202210,9호선,개화,1161,960,2121
202210,9호선,고속터미널,11616,18645,30261
202210,9호선,공항시장,1730,1817,3547
202210,9호선,구반포,423,428,851
202210,9호선,국회의사당,5356,4964,10320
202210,9호선,김포공항,7529,11616,19145
202210,9호선,노들,2768,2311,5079
202210,9호선,노량진,16393,16261,32654
202210,9호선,당산,9993,9795,19788
202210,9호선,동작,1030,851,1881
202210,9호선,등촌,5165,5032,10197
202210,9호선,마곡나루,6087,5963,12050
202210,9호선,사평,1683,1717,3400
202210,9호선,샛강,1991,1782,3773
202210,9호선,선유도,3006,2827,5833
202210,9호선,신논현,16221,16341,32562
202210,9호선,신목동,1784,1561,3345
202210,9호선,신반포,2125,2170,4295
202210,9호선,신방화,3576,3503,7079
202210,9호선,양천향교,4294,4234,8528
202210,9호선,여의도,12186,9545,21731
202210,9호선,염창,9104,8792,17896
202210,9호선,증미,2668,2549,5217
202210,9호선,흑석,3971,4093,8064
202210,9호선2~3단계,둔촌오륜,592,566,1158
202210,9호선2~3단계,봉은사,11075,11599,22674
202210,9호선2~3단계,삼성중앙,2308,2433,4741
202210,9호선2~3단계,삼전,3785,3651,7436
202210,9호선2~3단계,석촌,5071,4384,9455
202210,9호선2~3단계,석촌고분,3658,3509,7167
202210,9호선2~3단계,선정릉,3106,3551,6657
202210,9호선2~3단계,송파나루,3562,3850,7412
202210,9호선2~3단계,언주,4272,4225,8497
202210,9호선2~3단계,올림픽공원,7725,7476,15201
202210,9호선2~3단계,종합운동장,2630,2411,5041
202210,9호선2~3단계,중앙보훈병원,3483,3392,6875
202210,9호선2~3단계,한성백제,1749,1707,3456
202210,경강선,경기광주,4215,4198,8413
202210,경강선,곤지암,1677,1784,3461
202210,경강선,부발,1604,1640,3244
202210,경강선,삼동,1124,1056,2180
202210,경강선,세종대왕릉,335,344,679
202210,경강선,신둔도예촌,1072,1065,2137
202210,경강선,여주,2200,2266,4466
202210,경강선,이매,710,568,1278
202210,경강선,이천,2191,2384,4575
202210,경강선,초월,1730,1600,3330
202210,경강선,판교,2798,2733,5531
202210,경부선,가산디지털단지,4805,6812,11617
202210,경부선,관악,4431,4333,8764
202210,경부선,광명,2872,2194,5066
202210,경부선,구로,10315,10560,20875
202210,경부선,군포,3395,3043,6438
202210,경부선,금정,15501,15532,31033
202210,경부선,금천구청,6020,6069,12089
202210,경부선,남영,4925,5168,10093
202210,경부선,노량진,6401,6340,12741
202210,경부선,당정,3131,3094,6225
202210,경부선,대방,5267,5847,11114
202210,경부선,독산,6726,6450,13176
202210,경부선,두정,4799,5392,10191
202210,경부선,명학,3466,3191,6657
202210,경부선,병점,9725,10164,19889
202210,경부선,서동탄,797,828,1625
202210,경부선,서울역,10141,2563,12704
202210,경부선,서정리,5025,6295,11320
202210,경부선,석수,4877,4414,9291
202210,경부선,성균관대,8122,8361,16483
202210,경부선,성환,2748,2963,5711
202210,경부선,세류,2255,2125,4380
202210,경부선,세마,1803,1665,3468
202210,경부선,송탄,3694,4163,7857
202210,경부선,수원,36547,35936,72483
202210,경부선,신길,4689,4063,8752
202210,경부선,신도림,2067,2383,4450
202210,경부선,안양,13908,13820,27728
202210,경부선,영등포,38486,37834,76320
202210,경부선,오산,7807,8097,15904
202210,경부선,오산대,2294,2147,4441
202210,경부선,용산,39939,37839,77778
202210,경부선,의왕,4173,4056,8229
202210,경부선,직산,572,612,1184
202210,경부선,진위,938,866,1804
202210,경부선,천안,6300,6588,12888
202210,경부선,평택,11896,12345,24241
202210,경부선,평택지제,2772,2629,5401
202210,경부선,화서,4340,4282,8622
202210,경원선,가능,3833,3583,7416
202210,경원선,광운대,3989,3926,7915
202210,경원선,녹양,2679,2606,5285
202210,경원선,녹천,2500,2152,4652
202210,경원선,덕계,1860,1734,3594
202210,경원선,덕정,3235,3442,6677
202210,경원선,도봉,3325,3162,6487
202210,경원선,도봉산,5946,4129,10075
202210,경원선,동두천,1341,1677,3018
202210,경원선,동두천중앙,2102,2014,4116
202210,경원선,망월사,4361,4473,8834
202210,경원선,방학,5828,5675,11503
202210,경원선,보산,1282,1281,2563
202210,경원선,서빙고,1672,1808,3480
202210,경원선,석계,5070,5388,10458
202210,경원선,소요산,3075,2818,5893
202210,경원선,신이문,4795,4567,9362
202210,경원선,양주,4956,5011,9967
202210,경원선,옥수,36,23,59
202210,경원선,왕십리,10272,11801,22073
202210,경원선,외대앞,4848,4710,9558
202210,경원선,월계,3424,3176,6600
202210,경원선,응봉,1054,932,1986
202210,경원선,의정부,14331,14944,29275
202210,경원선,이촌,2407,1855,4262
202210,경원선,지행,4270,4389,8659
202210,경원선,창동,1,0,1
202210,경원선,청량리,15738,14372,30110
202210,경원선,한남,1814,1893,3707
202210,경원선,회룡,7344,7236,14580
202210,경의선,가좌,2930,2946,5876
202210,경의선,강매,1450,1375,2825
202210,경의선,계양,1,0,1
202210,경의선,곡산,277,273,550
202210,경의선,공덕,2312,1594,3906
202210,경의선,금릉,2897,2847,5744
202210,경의선,금촌,4179,4318,8497
202210,경의선,능곡,2060,2036,4096
202210,경의선,디지털미디어시티,1610,1403,3013
202210,경의선,문산,3711,3915,7626
202210,경의선,백마,3493,3324,6817
202210,경의선,서강대,1365,1324,2689
202210,경의선,서울역,1287,1234,2521
202210,경의선,수색,912,901,1813
202210,경의선,신촌,303,369,672
202210,경의선,야당,4839,5072,9911
202210,경의선,운정,3698,3631,7329
202210,경의선,월롱,1013,1305,2318
202210,경의선,일산,4527,4425,8952
202210,경의선,임진강,54,50,104
202210,경의선,탄현,4231,3998,8229
202210,경의선,파주,655,601,1256
202210,경의선,풍산,3488,3339,6827
202210,경의선,행신,4743,4555,9298
202210,경의선,홍대입구,1721,2369,4090
202210,경의선,화전,845,879,1724
202210,경의선,효창공원앞,1474,1537,3011
202210,경인선,간석,3069,2935,6004
202210,경인선,개봉,12005,11726,23731
202210,경인선,구일,3068,2954,6022
202210,경인선,도원,1574,1629,3203
202210,경인선,도화,2215,2093,4308
202210,경인선,동암,9845,9860,19705
202210,경인선,동인천,8898,8412,17310
202210,경인선,백운,3815,3681,7496
202210,경인선,부개,4876,4499,9375
202210,경인선,부천,21587,21637,43224
202210,경인선,부평,22797,23717,46514
202210,경인선,소사,5809,5800,11609
202210,경인선,송내,13441,13257,26698
202210,경인선,역곡,15716,15316,31032
202210,경인선,오류동,7501,6734,14235
202210,경인선,온수,4294,3937,8231
202210,경인선,인천,3322,2707,6029
202210,경인선,제물포,5296,5133,10429
202210,경인선,주안,12154,10996,23150
202210,경인선,중동,4840,4577,9417
202210,경춘선,가평,2056,1881,3937
202210,경춘선,갈매,1495,1314,2809
202210,경춘선,강촌,642,553,1195
202210,경춘선,굴봉산,173,158,331
202210,경춘선,금곡,768,772,1540
202210,경춘선,김유정,512,562,1074
202210,경춘선,남춘천,2730,2802,5532
202210,경춘선,대성리,1013,687,1700
202210,경춘선,마석,2589,2458,5047
202210,경춘선,백양리,93,66,159
202210,경춘선,별내,1673,1520,3193
202210,경춘선,사릉,1269,1269,2538
202210,경춘선,상천,278,276,554
202210,경춘선,신내,932,984,1916
202210,경춘선,천마산,1021,968,1989
202210,경춘선,청평,1750,1473,3223
202210,경춘선,춘천,1963,1575,3538
202210,경춘선,퇴계원,1979,1846,3825
202210,경춘선,평내호평,3259,3137,6396
202210,공항철도 1호선,검암,3564,3755,7319
202210,공항철도 1호선,계양,5907,5774,11681
202210,공항철도 1호선,공덕,1294,2140,3434
202210,공항철도 1호선,공항화물청사,1000,1011,2011
202210,공항철도 1호선,김포공항,11558,6014,17572
202210,공항철도 1호선,디지털미디어시티,4527,4405,8932
202210,공항철도 1호선,마곡나루,2179,2705,4884
202210,공항철도 1호선,서울역,10967,9645,20612
202210,공항철도 1호선,영종,2650,2700,5350
202210,공항철도 1호선,운서,5930,6421,12351
202210,공항철도 1호선,인천공항1터미널,8928,7900,16828
202210,공항철도 1호선,인천공항2터미널,3568,3306,6874
202210,공항철도 1호선,청라국제도시,3269,3250,6519
202210,공항철도 1호선,홍대입구,12555,12361,24916
202210,과천선,경마공원,15390,15507,30897
202210,과천선,과천,3876,3683,7559
202210,과천선,대공원,2865,2899,5764
202210,과천선,범계,15360,15532,30892
202210,과천선,선바위,3937,3522,7459
202210,과천선,인덕원,12883,12823,25706
202210,과천선,정부과천청사,4287,4327,8614
202210,과천선,평촌,6709,6380,13089
202210,분당선,가천대,4511,5034,9545
202210,분당선,강남구청,3301,4079,7380
202210,분당선,개포동,2211,2175,4386
202210,분당선,구룡,816,848,1664
202210,분당선,구성,2369,2657,5026
202210,분당선,기흥,5246,5006,10252
202210,분당선,대모산입구,2473,2369,4842
202210,분당선,도곡,2877,2703,5580
202210,분당선,망포,6788,6675,13463
202210,분당선,매교,2344,2281,4625
202210,분당선,매탄권선,2656,2587,5243
202210,분당선,모란,15389,16289,31678
202210,분당선,미금,7396,7654,15050
202210,분당선,보정,1169,1090,2259
202210,분당선,상갈,3051,3085,6136
202210,분당선,서울숲,7616,7934,15550
202210,분당선,서현,14321,14699,29020
202210,분당선,선릉,3057,4744,7801
202210,분당선,선정릉,2086,2051,4137
202210,분당선,수내,6102,5959,12061
202210,분당선,수서,9102,9143,18245
202210,분당선,수원,6542,5531,12073
202210,분당선,수원시청,9076,10363,19439
202210,분당선,신갈,2011,2023,4034
202210,분당선,압구정로데오,11620,13271,24891
202210,분당선,야탑,13937,14314,28251
202210,분당선,영통,4946,5070,10016
202210,분당선,오리,5285,4367,9652
202210,분당선,이매,3836,3943,7779
202210,분당선,정자,7699,8087,15786
202210,분당선,죽전,7656,8357,16013
202210,분당선,청명,2112,2074,4186
202210,분당선,태평,8326,8027,16353
202210,분당선,한티,9980,9394,19374
202210,수인선,고색,1887,1849,3736
202210,수인선,남동인더스파크,591,572,1163
202210,수인선,달월,35,40,75
202210,수인선,사리,2697,2210,4907
202210,수인선,소래포구,5561,5740,11301
202210,수인선,송도,1398,1421,2819
202210,수인선,숭의,1919,1645,3564
202210,수인선,신포,1044,985,2029
202210,수인선,야목,209,182,391
202210,수인선,어천,676,741,1417
202210,수인선,연수,3167,3242,6409
202210,수인선,오목천,1768,1719,3487
202210,수인선,원인재,2652,2709,5361
202210,수인선,월곶,1803,1597,3400
202210,수인선,인천,1055,1700,2755
202210,수인선,인천논현,2786,2921,5707
202210,수인선,인하대,3025,3005,6030
202210,수인선,호구포,2128,2121,4249
202210,신림선,관악산,1466,1560,3026
202210,신림선,당곡,2209,2102,4311
202210,신림선,대방,1354,1005,2359
202210,신림선,보라매,1614,1411,3025
202210,신림선,보라매공원,791,838,1629
202210,신림선,보라매병원,1994,1981,3975
202210,신림선,샛강,637,814,1451
202210,신림선,서울대벤처타운,4383,4265,8648
202210,신림선,서울지방병무청,1284,1434,2718
202210,신림선,서원,1817,1643,3460
202210,신림선,신림,1012,1326,2338
202210,안산선,고잔,5103,5091,10194
202210,안산선,대야미,2774,2532,5306
202210,안산선,반월,2447,2392,4839
202210,안산선,산본,9031,9748,18779
202210,안산선,상록수,9264,9281,18545
202210,안산선,수리산,2177,1833,4010
202210,안산선,신길온천,1184,1112,2296
202210,안산선,안산,10213,9550,19763
202210,안산선,오이도,5573,5615,11188
202210,안산선,정왕,5579,5654,11233
202210,안산선,중앙,11666,12106,23772
202210,안산선,초지,2497,2436,4933
202210,안산선,한대앞,5406,5331,10737
202210,우이신설선,4.19민주묘지,1719,1593,3312
202210,우이신설선,가오리,2217,2080,4297
202210,우이신설선,보문,936,935,1871
202210,우이신설선,북한산보국문,3817,3376,7193
202210,우이신설선,북한산우이,2599,2515,5114
202210,우이신설선,삼양,1108,1125,2233
202210,우이신설선,삼양사거리,1444,1361,2805
202210,우이신설선,성신여대입구,2127,2684,4811
202210,우이신설선,솔밭공원,1305,1238,2543
202210,우이신설선,솔샘,2817,2610,5427
202210,우이신설선,신설동,940,930,1870
202210,우이신설선,정릉,2925,2418,5343
202210,우이신설선,화계,2043,1878,3921
202210,일산선,대곡,1049,931,1980
202210,일산선,대화,7937,7006,14943
202210,일산선,마두,3569,3543,7112
202210,일산선,백석,5752,5682,11434
202210,일산선,삼송,11648,11056,22704
202210,일산선,원당,5877,5769,11646
202210,일산선,원흥,5849,5532,11381
202210,일산선,정발산,6776,7065,13841
202210,일산선,주엽,4792,4742,9534
202210,일산선,화정,9434,9718,19152
202210,장항선,배방,803,921,1724
202210,장항선,봉명,596,634,1230
202210,장항선,신창,1019,1293,2312
202210,장항선,쌍용,1491,1465,2956
202210,장항선,아산,3556,2626,6182
202210,장항선,온양온천,4865,4940,9805
202210,장항선,탕정,599,627,1226
202210,중앙선,구리,7707,8051,15758
202210,중앙선,국수,509,501,1010
202210,중앙선,덕소,3347,3340,6687
202210,중앙선,도농,5617,5583,11200
202210,중앙선,도심,1183,1048,2231
202210,중앙선,망우,4903,4790,9693
202210,중앙선,상봉,3566,3524,7090
202210,중앙선,신원,179,156,335
202210,중앙선,아신,519,524,1043
202210,중앙선,양수,1755,1670,3425
202210,중앙선,양원,1366,1333,2699
202210,중앙선,양정,397,365,762
202210,중앙선,양평,2320,2310,4630
202210,중앙선,오빈,258,254,512
202210,중앙선,용문,2230,2085,4315
202210,중앙선,운길산,946,922,1868
202210,중앙선,원덕,401,387,788
202210,중앙선,중랑,3588,3366,6954
202210,중앙선,지평,49,41,90
202210,중앙선,팔당,1046,1075,2121
202210,중앙선,회기,17003,16887,33890
202210,1호선,동대문,11586,11105,22691
202210,1호선,동묘앞,13199,13811,27010
202210,1호선,서울역,44214,44965,89179
202210,1호선,시청,19894,19949,39843
202210,1호선,신설동,11430,10535,21965
202210,1호선,제기동,17221,17470,34691
202210,1호선,종각,26916,24713,51629
202210,1호선,종로3가,29194,26285,55479
202210,1호선,종로5가,22647,23294,45941
202210,1호선,청량리,20026,20847,40873
202210,2호선,강남,60818,60772,121590
202210,2호선,강변,32976,32829,65805
202210,2호선,건대입구,36461,39999,76460
202210,2호선,교대,19702,22766,42468
202210,2호선,구로디지털단지,39954,38617,78571
202210,2호선,구의,18419,17145,35564
202210,2호선,낙성대,25010,23307,48317
202210,2호선,당산,15658,17917,33575
202210,2호선,대림,20724,21423,42147
202210,2호선,도림천,863,938,1801
202210,2호선,동대문역사문화공원,14346,16666,31012
202210,2호선,뚝섬,16984,17195,34179
202210,2호선,문래,14606,15604,30210
202210,2호선,방배,11380,11606,22986
202210,2호선,봉천,19468,17560,37028
202210,2호선,사당,38311,43009,81320
202210,2호선,삼성,32364,32666,65030
202210,2호선,상왕십리,11155,10586,21741
202210,2호선,서울대입구,40335,38985,79320
202210,2호선,서초,13876,11628,25504
202210,2호선,선릉,27955,24730,52685
202210,2호선,성수,24665,28686,53351
202210,2호선,시청,14128,11843,25971
202210,2호선,신답,1239,1244,2483
202210,2호선,신당,12875,13486,26361
202210,2호선,신대방,22572,21049,43621
202210,2호선,신도림,46645,47716,94361
202210,2호선,신림,51574,48803,100377
202210,2호선,신설동,3734,3589,7323
202210,2호선,신정네거리,8469,8290,16759
202210,2호선,신촌,37084,37766,74850
202210,2호선,아현,9008,8206,17214
202210,2호선,양천구청,5305,5281,10586
202210,2호선,역삼,19071,21085,40156
202210,2호선,영등포구청,14241,15304,29545
202210,2호선,왕십리,14797,12938,27735
202210,2호선,용답,2456,2152,4608
202210,2호선,용두,1957,1910,3867
202210,2호선,을지로3가,14381,14059,28440
202210,2호선,을지로4가,9260,9548,18808
202210,2호선,을지로입구,29080,28388,57468
202210,2호선,이대,12826,13621,26447
202210,2호선,잠실,83383,79321,162704
202210,2호선,잠실나루,8725,8510,17235
202210,2호선,잠실새내,18942,19412,38354
202210,2호선,종합운동장,8218,9427,17645
202210,2호선,충정로,6603,7079,13682
202210,2호선,한양대,6114,6247,12361
202210,2호선,합정,32924,37862,70786
202210,2호선,홍대입구,73201,82442,155643
202210,3호선,가락시장,7096,6920,14016
202210,3호선,경복궁,27249,30531,57780
202210,3호선,경찰병원,4690,4602,9292
202210,3호선,고속터미널,56313,56897,113210
202210,3호선,교대,8996,5421,14417
202210,3호선,구파발,17954,18378,36332
202210,3호선,금호,7078,6500,13578
202210,3호선,남부터미널,25485,25470,50955
202210,3호선,녹번,12176,10356,22532
202210,3호선,대청,6988,6424,13412
202210,3호선,대치,11704,10282,21986
202210,3호선,도곡,4128,4251,8379
202210,3호선,독립문,7335,8305,15640
202210,3호선,동대입구,11521,13351,24872
202210,3호선,매봉,7189,6810,13999
202210,3호선,무악재,3108,3236,6344
202210,3호선,불광,14554,16330,30884
202210,3호선,수서,16626,16458,33084
202210,3호선,신사,26662,28359,55021
202210,3호선,안국,26748,30154,56902
202210,3호선,압구정,28272,30365,58637
202210,3호선,약수,10725,10168,20893
202210,3호선,양재,25143,27640,52783
202210,3호선,연신내,32081,29911,61992
202210,3호선,오금,4719,4534,9253
202210,3호선,옥수,8374,8289,16663
202210,3호선,을지로3가,6819,6882,13701
202210,3호선,일원,7062,6763,13825
202210,3호선,잠원,4337,3958,8295
202210,3호선,종로3가,7447,10488,17935
202210,3호선,지축,4634,4309,8943
202210,3호선,학여울,1856,1925,3781
202210,3호선,홍제,15207,14291,29498
202210,4호선,길음,17078,16354,33432
202210,4호선,남태령,1379,803,2182
202210,4호선,노원,17050,19304,36354
202210,4호선,당고개,8040,7387,15427
202210,4호선,동대문,15742,16050,31792
202210,4호선,동대문역사문화공원,16364,14025,30389
202210,4호선,동작,1852,1864,3716
202210,4호선,명동,23743,26751,50494
202210,4호선,미아,12682,11510,24192
202210,4호선,미아사거리,24055,22846,46901
202210,4호선,사당,25578,23467,49045
202210,4호선,삼각지,5904,8013,13917
202210,4호선,상계,16087,14614,30701
202210,4호선,서울역,7654,19954,27608
202210,4호선,성신여대입구,18769,17570,36339
202210,4호선,수유,29806,29088,58894
202210,4호선,숙대입구,12022,11725,23747
202210,4호선,신용산,13584,14898,28482
202210,4호선,쌍문,24290,21234,45524
202210,4호선,이촌,9394,10307,19701
202210,4호선,창동,22513,23178,45691
202210,4호선,총신대입구,16354,17965,34319
202210,4호선,충무로,15739,17726,33465
202210,4호선,한성대입구,12943,12650,25593
202210,4호선,혜화,32450,34332,66782
202210,4호선,회현,21589,22352,43941
202210,5호선,강동,14726,13902,28628
202210,5호선,강일,4501,4023,8524
202210,5호선,개롱,5137,5244,10381
202210,5호선,개화산,4286,4029,8315
202210,5호선,거여,7522,6882,14404
202210,5호선,고덕,8186,7913,16099
202210,5호선,공덕,8889,9023,17912
202210,5호선,광나루,13715,12849,26564
202210,5호선,광화문,25792,25475,51267
202210,5호선,군자,9895,10692,20587
202210,5호선,굽은다리,8276,7634,15910
202210,5호선,길동,6880,6946,13826
202210,5호선,김포공항,8065,8274,16339
202210,5호선,까치산,23717,21966,45683
202210,5호선,답십리,11819,10575,22394
202210,5호선,동대문역사문화공원,1481,1764,3245
202210,5호선,둔촌동,7134,7042,14176
202210,5호선,마곡,6392,6412,12804
202210,5호선,마장,4623,4235,8858
202210,5호선,마천,5909,6125,12034
202210,5호선,마포,8654,8836,17490
202210,5호선,명일,7357,7095,14452
202210,5호선,목동,12962,13049,26011
202210,5호선,미사,14157,14204,28361
202210,5호선,발산,16163,17746,33909
202210,5호선,방이,6448,6256,12704
202210,5호선,방화,5345,5047,10392
202210,5호선,상일동,10967,10055,21022
202210,5호선,서대문,9285,9074,18359
202210,5호선,송정,5531,5333,10864
202210,5호선,신금호,4786,4907,9693
202210,5호선,신길,3302,3347,6649
202210,5호선,신정,10309,8463,18772
202210,5호선,아차산,15677,14985,30662
202210,5호선,애오개,4278,4019,8297
202210,5호선,양평,4309,3897,8206
202210,5호선,여의나루,19087,20291,39378
202210,5호선,여의도,13321,14537,27858
202210,5호선,영등포구청,2494,2337,4831
202210,5호선,영등포시장,10031,10632,20663
202210,5호선,오금,2796,2463,5259
202210,5호선,오목교,19256,19609,38865
202210,5호선,올림픽공원,6688,6417,13105
202210,5호선,왕십리,3885,4947,8832
202210,5호선,우장산,11153,10842,21995
202210,5호선,을지로4가,4391,4814,9205
202210,5호선,장한평,13339,12885,26224
202210,5호선,종로3가,15669,16460,32129
202210,5호선,천호,19092,18503,37595
202210,5호선,청구,2844,2771,5615
202210,5호선,충정로,2266,2045,4311
202210,5호선,하남검단산,6117,5898,12015
202210,5호선,하남시청,6619,6199,12818
202210,5호선,하남풍산,3191,3031,6222
202210,5호선,행당,6295,5428,11723
202210,5호선,화곡,23313,20830,44143
202210,6호선,고려대,6841,6453,13294
202210,6호선,공덕,12929,12854,25783
202210,6호선,광흥창,6703,5978,12681
202210,6호선,구산,6424,4629,11053
202210,6호선,녹사평,11641,10173,21814
202210,6호선,대흥,7267,7246,14513
202210,6호선,독바위,2318,2584,4902
202210,6호선,돌곶이,7508,6743,14251
202210,6호선,동묘앞,8959,8797,17756
202210,6호선,디지털미디어시티,9314,9525,18839
202210,6호선,마포구청,13310,10715,24025
202210,6호선,망원,15263,16428,31691
202210,6호선,버티고개,1933,1975,3908
202210,6호선,보문,6279,5720,11999
202210,6호선,봉화산,6172,5955,12127
202210,6호선,불광,4270,4006,8276
202210,6호선,삼각지,9168,6291,15459
202210,6호선,상수,9544,12045,21589
202210,6호선,상월곡,4765,4019,8784
202210,6호선,새절,10088,9424,19512
202210,6호선,석계,9926,9911,19837
202210,6호선,신당,6667,6378,13045
202210,6호선,안암,7440,7216,14656
202210,6호선,약수,3036,3085,6121
202210,6호선,역촌,3016,3574,6590
202210,6호선,연신내,1,0,1
202210,6호선,월곡,8741,8373,17114
202210,6호선,월드컵경기장,19217,20430,39647
202210,6호선,응암,14370,13913,28283
202210,6호선,이태원,31408,39515,70923
202210,6호선,증산,8571,8331,16902
202210,6호선,창신,2494,1994,4488
202210,6호선,청구,2938,2605,5543
202210,6호선,태릉입구,4830,5101,9931
202210,6호선,한강진,13943,16428,30371
202210,6호선,합정,15546,15291,30837
202210,6호선,화랑대,8466,6770,15236
202210,6호선,효창공원앞,8770,7887,16657
202210,7호선,가산디지털단지,16807,15252,32059
202210,7호선,강남구청,11880,13312,25192
202210,7호선,건대입구,11926,12549,24475
202210,7호선,고속터미널,17439,13478,30917
202210,7호선,공릉,9800,9650,19450
202210,7호선,광명사거리,18245,17882,36127
202210,7호선,군자,12078,8867,20945
202210,7호선,남구로,8919,9211,18130
202210,7호선,남성,8699,7939,16638
202210,7호선,내방,8838,8701,17539
202210,7호선,노원,16794,17600,34394
202210,7호선,논현,10998,11967,22965
202210,7호선,대림,8034,8816,16850
202210,7호선,도봉산,7742,10474,18216
202210,7호선,뚝섬유원지,12284,11782,24066
202210,7호선,마들,10158,9292,19450
202210,7호선,먹골,8456,7948,16404
202210,7호선,면목,12415,11480,23895
202210,7호선,반포,5309,5024,10333
202210,7호선,보라매,6143,5936,12079
202210,7호선,사가정,13471,12964,26435
202210,7호선,상도,8939,8084,17023
202210,7호선,상봉,14673,14148,28821
202210,7호선,수락산,11367,11046,22413
202210,7호선,숭실대입구,10066,9633,19699
202210,7호선,신대방삼거리,12036,10975,23011
202210,7호선,신풍,9411,8933,18344
202210,7호선,어린이대공원,13367,13128,26495
202210,7호선,온수,6193,6221,12414
202210,7호선,용마산,5060,5415,10475
202210,7호선,이수,13614,12508,26122
202210,7호선,장승배기,7413,6963,14376
202210,7호선,장암,1964,1364,3328
202210,7호선,중계,11389,9993,21382
202210,7호선,중곡,7925,7273,15198
202210,7호선,중화,8449,7875,16324
202210,7호선,천왕,8142,7571,15713
202210,7호선,철산,17229,17326,34555
202210,7호선,청담,13215,14250,27465
202210,7호선,태릉입구,7621,6898,14519
202210,7호선,하계,14044,12795,26839
202210,7호선,학동,12135,13061,25196
202210,8호선,가락시장,6259,6509,12768
202210,8호선,강동구청,7058,6882,13940
202210,8호선,남위례,4962,5017,9979
202210,8호선,남한산성입구,10692,9273,19965
202210,8호선,단대오거리,9156,8469,17625
202210,8호선,모란,4085,3780,7865
202210,8호선,몽촌토성,6441,6731,13172
202210,8호선,문정,9844,9806,19650
202210,8호선,복정,7231,5902,13133
202210,8호선,산성,4997,4855,9852
202210,8호선,석촌,6420,8316,14736
202210,8호선,송파,6543,6207,12750
202210,8호선,수진,4675,4191,8866
202210,8호선,신흥,3915,4177,8092
202210,8호선,암사,14064,12704,26768
202210,8호선,잠실,15615,18671,34286
202210,8호선,장지,13861,12653,26514
202210,8호선,천호,12942,15478,28420
202210,9호선,가양,16442,15743,32185
202210,9호선,개화,2640,2484,5124
202210,9호선,고속터미널,16375,23863,40238
202210,9호선,공항시장,2544,2611,5155
202210,9호선,구반포,1412,1450,2862
202210,9호선,국회의사당,5580,5850,11430
202210,9호선,김포공항,8613,12420,21033
202210,9호선,노들,4444,3710,8154
202210,9호선,노량진,24555,24487,49042
202210,9호선,당산,16222,15037,31259
202210,9호선,동작,1845,1560,3405
202210,9호선,등촌,8012,7636,15648
202210,9호선,마곡나루,9859,9714,19573
202210,9호선,사평,2753,2507,5260
202210,9호선,샛강,3422,3292,6714
202210,9호선,선유도,5935,5643,11578
202210,9호선,신논현,27135,27523,54658
202210,9호선,신목동,3157,2580,5737
202210,9호선,신반포,3967,3961,7928
202210,9호선,신방화,5248,4909,10157
202210,9호선,양천향교,6552,6145,12697
202210,9호선,여의도,14270,13442,27712
202210,9호선,염창,13867,12631,26498
202210,9호선,증미,3884,3575,7459
202210,9호선,흑석,7192,7160,14352
202210,9호선2~3단계,둔촌오륜,2074,2194,4268
202210,9호선2~3단계,봉은사,13477,14202,27679
202210,9호선2~3단계,삼성중앙,3626,3777,7403
202210,9호선2~3단계,삼전,5632,4973,10605
202210,9호선2~3단계,석촌,8706,7554,16260
202210,9호선2~3단계,석촌고분,5080,4753,9833
202210,9호선2~3단계,선정릉,5825,6466,12291
202210,9호선2~3단계,송파나루,4866,5265,10131
202210,9호선2~3단계,언주,7430,7485,14915
202210,9호선2~3단계,올림픽공원,12521,13319,25840
202210,9호선2~3단계,종합운동장,3941,3465,7406
202210,9호선2~3단계,중앙보훈병원,5789,5460,11249
202210,9호선2~3단계,한성백제,3251,2638,5889
202210,경강선,경기광주,6761,6167,12928
202210,경강선,곤지암,2276,2427,4703
202210,경강선,부발,2526,2255,4781
202210,경강선,삼동,1778,1578,3356
202210,경강선,세종대왕릉,433,515,948
202210,경강선,신둔도예촌,1400,1377,2777
202210,경강선,여주,3047,3414,6461
202210,경강선,이매,1087,826,1913
202210,경강선,이천,3164,3362,6526
202210,경강선,초월,2662,2463,5125
202210,경강선,판교,3659,3558,7217
202210,경부선,가산디지털단지,7761,10080,17841
202210,경부선,관악,6971,6776,13747
202210,경부선,광명,3440,3186,6626
202210,경부선,구로,15274,15974,31248
202210,경부선,군포,4714,4335,9049
202210,경부선,금정,22791,22870,45661
202210,경부선,금천구청,9995,9942,19937
202210,경부선,남영,7198,7323,14521
202210,경부선,노량진,10928,10061,20989
202210,경부선,당정,4762,4414,9176
202210,경부선,대방,8100,8970,17070
202210,경부선,독산,10781,10164,20945
202210,경부선,두정,6641,6676,13317
202210,경부선,명학,5883,5312,11195
202210,경부선,병점,14503,14208,28711
202210,경부선,서동탄,1227,1183,2410
202210,경부선,서울역,11271,3282,14553
202210,경부선,서정리,9326,7093,16419
202210,경부선,석수,7843,7310,15153
202210,경부선,성균관대,11930,12002,23932
202210,경부선,성환,3890,3630,7520
202210,경부선,세류,3090,2961,6051
202210,경부선,세마,2649,2260,4909
202210,경부선,송탄,5796,4980,10776
202210,경부선,수원,43000,47202,90202
202210,경부선,신길,6982,5691,12673
202210,경부선,신도림,3664,4053,7717
202210,경부선,안양,22091,21563,43654
202210,경부선,영등포,44823,46902,91725
202210,경부선,오산,11212,10310,21522
202210,경부선,오산대,3617,3204,6821
202210,경부선,용산,43438,46533,89971
202210,경부선,의왕,6893,6626,13519
202210,경부선,직산,895,827,1722
202210,경부선,진위,1320,1164,2484
202210,경부선,천안,7710,8072,15782
202210,경부선,평택,16391,15829,32220
202210,경부선,평택지제,4601,4021,8622
202210,경부선,화서,7228,7057,14285
202210,경원선,가능,5816,5528,11344
202210,경원선,광운대,6075,5976,12051
202210,경원선,녹양,4306,4084,8390
202210,경원선,녹천,3867,3149,7016
202210,경원선,덕계,3235,2825,6060
202210,경원선,덕정,5495,5022,10517
202210,경원선,도봉,5166,4775,9941
202210,경원선,도봉산,10714,7489,18203
202210,경원선,동두천,2040,2582,4622
202210,경원선,동두천중앙,3095,3181,6276
202210,경원선,망월사,7621,7662,15283
202210,경원선,방학,8698,8282,16980
202210,경원선,보산,1860,1797,3657
202210,경원선,서빙고,2464,2552,5016
202210,경원선,석계,7595,8072,15667
202210,경원선,소요산,6422,5477,11899
202210,경원선,신이문,6899,6250,13149
202210,경원선,양주,7835,7415,15250
202210,경원선,옥수,49,36,85
202210,경원선,왕십리,14311,16324,30635
202210,경원선,외대앞,7060,6522,13582
202210,경원선,월계,5438,4830,10268
202210,경원선,응봉,2073,1850,3923
202210,경원선,의정부,20538,22207,42745
202210,경원선,이촌,4056,2861,6917
202210,경원선,지행,6694,6455,13149
202210,경원선,청량리,19298,19822,39120
202210,경원선,한남,3435,3086,6521
202210,경원선,회룡,11493,11273,22766
202210,경의선,가좌,4908,4627,9535
202210,경의선,강매,2455,2288,4743
202210,경의선,곡산,516,522,1038
202210,경의선,공덕,3607,2598,6205
202210,경의선,금릉,4681,4365,9046
202210,경의선,금촌,6891,6528,13419
202210,경의선,능곡,3311,3199,6510
202210,경의선,디지털미디어시티,2506,2164,4670
202210,경의선,문산,5702,5359,11061
202210,경의선,백마,5141,4753,9894
202210,경의선,서강대,2051,1966,4017
202210,경의선,서울역,1848,1943,3791
202210,경의선,수색,1813,1716,3529
202210,경의선,신촌,532,591,1123
202210,경의선,야당,7370,7534,14904
202210,경의선,운정,5975,5406,11381
202210,경의선,월롱,2068,1661,3729
202210,경의선,일산,7270,6747,14017
202210,경의선,임진강,144,100,244
202210,경의선,탄현,6366,5883,12249
202210,경의선,파주,1108,789,1897
202210,경의선,풍산,5069,4888,9957
202210,경의선,행신,6592,6634,13226
202210,경의선,홍대입구,2338,3064,5402
202210,경의선,화전,1404,1356,2760
202210,경의선,효창공원앞,2317,2538,4855
202210,경인선,간석,5067,4757,9824
202210,경인선,개봉,18488,17719,36207
202210,경인선,구일,5630,5324,10954
202210,경인선,도원,2608,2675,5283
202210,경인선,도화,3740,3417,7157
202210,경인선,동암,14969,15141,30110
202210,경인선,동인천,15577,15398,30975
202210,경인선,백운,6387,6140,12527
202210,경인선,부개,7488,6793,14281
202210,경인선,부천,31277,32313,63590
202210,경인선,부평,31030,34417,65447
202210,경인선,소사,8641,8488,17129
202210,경인선,송내,21628,21086,42714
202210,경인선,역곡,23015,22287,45302
202210,경인선,오류동,10243,9080,19323
202210,경인선,온수,5623,5057,10680
202210,경인선,인천,6770,5988,12758
202210,경인선,제물포,8525,7933,16458
202210,경인선,주안,18513,16246,34759
202210,경인선,중동,7628,7102,14730
202210,경춘선,가평,2861,3239,6100
202210,경춘선,갈매,2408,1991,4399
202210,경춘선,강촌,790,839,1629
202210,경춘선,굴봉산,304,283,587
202210,경춘선,금곡,1369,1197,2566
202210,경춘선,김유정,739,941,1680
202210,경춘선,남춘천,3595,4063,7658
202210,경춘선,대성리,816,855,1671
202210,경춘선,마석,4024,3720,7744
202210,경춘선,백양리,90,135,225
202210,경춘선,별내,2599,2421,5020
202210,경춘선,사릉,2024,1975,3999
202210,경춘선,상천,526,529,1055
202210,경춘선,신내,1576,1410,2986
202210,경춘선,천마산,1593,1498,3091
202210,경춘선,청평,2095,2229,4324
202210,경춘선,춘천,2703,2295,4998
202210,경춘선,퇴계원,3044,2744,5788
202210,경춘선,평내호평,5301,5001,10302
202210,공항철도 1호선,검암,5447,5458,10905
202210,공항철도 1호선,계양,9683,8612,18295
202210,공항철도 1호선,공덕,2044,3301,5345
202210,공항철도 1호선,공항화물청사,1484,1515,2999
202210,공항철도 1호선,김포공항,11942,6055,17997
202210,공항철도 1호선,디지털미디어시티,7287,6894,14181
202210,공항철도 1호선,마곡나루,4880,5170,10050
202210,공항철도 1호선,서울역,11859,11395,23254
202210,공항철도 1호선,영종,3941,3895,7836
202210,공항철도 1호선,운서,8018,8304,16322
202210,공항철도 1호선,인천공항1터미널,9489,8649,18138
202210,공항철도 1호선,인천공항2터미널,4131,3670,7801
202210,공항철도 1호선,청라국제도시,5349,5215,10564
202210,공항철도 1호선,홍대입구,15425,15091,30516
202210,과천선,경마공원,12889,13002,25891
202210,과천선,과천,5967,5271,11238
202210,과천선,대공원,10790,11301,22091
202210,과천선,범계,24113,23847,47960
202210,과천선,선바위,6596,5546,12142
202210,과천선,인덕원,20165,19630,39795
202210,과천선,정부과천청사,7736,7439,15175
202210,과천선,평촌,11612,11419,23031
202210,분당선,가천대,6586,6835,13421
202210,분당선,강남구청,5792,7209,13001
202210,분당선,개포동,3613,3446,7059
202210,분당선,구룡,1609,1451,3060
202210,분당선,구성,3916,3912,7828
202210,분당선,기흥,8219,7551,15770
202210,분당선,대모산입구,3625,3308,6933
202210,분당선,도곡,6242,5385,11627
202210,분당선,망포,10989,9745,20734
202210,분당선,매교,3449,3392,6841
202210,분당선,매탄권선,4290,3910,8200
202210,분당선,모란,16849,16472,33321
202210,분당선,미금,11386,11968,23354
202210,분당선,보정,2029,1787,3816
202210,분당선,상갈,4742,4598,9340
202210,분당선,서울숲,12183,12850,25033
202210,분당선,서현,20003,20376,40379
202210,분당선,선릉,5980,9250,15230
202210,분당선,선정릉,3908,3899,7807
202210,분당선,수내,10069,9395,19464
202210,분당선,수서,11740,12173,23913
202210,분당선,수원,8400,7121,15521
202210,분당선,수원시청,12371,14779,27150
202210,분당선,신갈,3338,3363,6701
202210,분당선,압구정로데오,19607,23986,43593
202210,분당선,야탑,20370,21368,41738
202210,분당선,영통,7724,7436,15160
202210,분당선,오리,8456,6876,15332
202210,분당선,이매,4869,4601,9470
202210,분당선,정자,12439,12859,25298
202210,분당선,죽전,11505,12812,24317
202210,분당선,청명,3236,3172,6408
202210,분당선,태평,11743,10614,22357
202210,분당선,한티,14612,14292,28904
202210,수인선,고색,2951,2954,5905
202210,수인선,남동인더스파크,1094,1054,2148
202210,수인선,달월,75,87,162
202210,수인선,사리,4258,3589,7847
202210,수인선,소래포구,8677,9108,17785
202210,수인선,송도,2402,2309,4711
202210,수인선,숭의,3284,3043,6327
202210,수인선,신포,1959,1956,3915
202210,수인선,야목,361,310,671
202210,수인선,어천,993,866,1859
202210,수인선,연수,4694,4648,9342
202210,수인선,오목천,2880,2275,5155
202210,수인선,원인재,4326,4298,8624
202210,수인선,월곶,2676,2491,5167
202210,수인선,인천,1593,2948,4541
202210,수인선,인천논현,4975,5187,10162
202210,수인선,인하대,5300,4791,10091
202210,수인선,호구포,3000,2897,5897
202210,신림선,관악산,3997,4377,8374
202210,신림선,당곡,3196,2835,6031
202210,신림선,대방,2526,1648,4174
202210,신림선,보라매,2566,2183,4749
202210,신림선,보라매공원,1560,1644,3204
202210,신림선,보라매병원,3366,3218,6584
202210,신림선,샛강,1202,1566,2768
202210,신림선,서울대벤처타운,6767,5869,12636
202210,신림선,서울지방병무청,2226,2309,4535
202210,신림선,서원,2418,1981,4399
202210,신림선,신림,1386,1819,3205
202210,안산선,고잔,8817,8876,17693
202210,안산선,대야미,4906,4248,9154
202210,안산선,반월,4075,3695,7770
202210,안산선,산본,14858,15821,30679
202210,안산선,상록수,14551,14203,28754
202210,안산선,수리산,3388,3037,6425
202210,안산선,신길온천,1847,1750,3597
202210,안산선,안산,10952,11369,22321
202210,안산선,오이도,8809,9068,17877
202210,안산선,정왕,7832,7844,15676
202210,안산선,중앙,20007,20335,40342
202210,안산선,초지,4375,4279,8654
202210,안산선,한대앞,8865,8911,17776
202210,우이신설선,4.19민주묘지,3286,2617,5903
202210,우이신설선,가오리,3508,3284,6792
202210,우이신설선,보문,1330,1354,2684
202210,우이신설선,북한산보국문,5781,4812,10593
202210,우이신설선,북한산우이,4488,4505,8993
202210,우이신설선,삼양,1687,1704,3391
202210,우이신설선,삼양사거리,2245,2163,4408
202210,우이신설선,성신여대입구,2989,3568,6557
202210,우이신설선,솔밭공원,2216,2037,4253
202210,우이신설선,솔샘,4455,3953,8408
202210,우이신설선,신설동,1651,1643,3294
202210,우이신설선,정릉,4220,3421,7641
202210,우이신설선,화계,2798,2577,5375
202210,일산선,대곡,1707,1492,3199
202210,일산선,대화,10138,8787,18925
202210,일산선,마두,5939,5956,11895
202210,일산선,백석,8673,8503,17176
202210,일산선,삼송,16438,15405,31843
202210,일산선,원당,9493,8952,18445
202210,일산선,원흥,8993,8367,17360
202210,일산선,정발산,7888,8389,16277
202210,일산선,주엽,7842,7598,15440
202210,일산선,지축,1,0,1
202210,일산선,화정,14635,14893,29528
202210,장항선,배방,1325,1341,2666
202210,장항선,봉명,984,859,1843
202210,장항선,신창,1432,1368,2800
202210,장항선,쌍용,2121,1860,3981
202210,장항선,아산,4065,3948,8013
202210,장항선,온양온천,4825,4771,9596
202210,장항선,탕정,1026,879,1905
202210,중앙선,구리,12185,12357,24542
202210,중앙선,국수,848,851,1699
202210,중앙선,덕소,5339,5239,10578
202210,중앙선,도농,9224,8594,17818
202210,중앙선,도심,1999,1751,3750
202210,중앙선,망우,7609,7516,15125
202210,중앙선,상봉,5544,5343,10887
202210,중앙선,신원,342,274,616
202210,중앙선,아신,746,797,1543
202210,중앙선,양수,3140,3206,6346
202210,중앙선,양원,2394,2291,4685
202210,중앙선,양정,728,672,1400
202210,중앙선,양평,3731,3933,7664
202210,중앙선,오빈,349,373,722
202210,중앙선,용문,5295,5554,10849
202210,중앙선,운길산,1816,1882,3698
202210,중앙선,원덕,565,611,1176
202210,중앙선,중랑,5317,4962,10279
202210,중앙선,지평,75,87,162
202210,중앙선,팔당,1771,1967,3738
202210,중앙선,회기,23688,22359,46047
202210,1호선,동대문,10795,11691,22486
202210,1호선,동묘앞,13609,13898,27507
202210,1호선,서울역,37204,34868,72072
202210,1호선,시청,12227,11427,23654
202210,1호선,신설동,8749,8792,17541
202210,1호선,제기동,11298,11617,22915
202210,1호선,종각,16003,13706,29709
202210,1호선,종로3가,17951,15048,32999
202210,1호선,종로5가,11763,11617,23380
202210,1호선,청량리,14255,14505,28760
202210,2호선,강남,34385,33049,67434
202210,2호선,강변,24960,25002,49962
202210,2호선,건대입구,26934,28123,55057
202210,2호선,교대,12377,13590,25967
202210,2호선,구로디지털단지,28799,27857,56656
202210,2호선,구의,12299,12231,24530
202210,2호선,낙성대,18327,18989,37316
202210,2호선,당산,10265,11175,21440
202210,2호선,대림,17907,18461,36368
202210,2호선,도림천,600,640,1240
202210,2호선,동대문역사문화공원,10223,12292,22515
202210,2호선,뚝섬,11500,11534,23034
202210,2호선,문래,9359,10031,19390
202210,2호선,방배,7607,7819,15426
202210,2호선,봉천,13957,13329,27286
202210,2호선,사당,26710,28683,55393
202210,2호선,삼성,22436,21784,44220
202210,2호선,상왕십리,7633,7483,15116
202210,2호선,서울대입구,28413,28915,57328
202210,2호선,서초,12822,12146,24968
202210,2호선,선릉,14857,12814,27671
202210,2호선,성수,15942,17839,33781
202210,2호선,시청,8634,7181,15815
202210,2호선,신답,857,963,1820
202210,2호선,신당,9041,9639,18680
202210,2호선,신대방,17116,16676,33792
202210,2호선,신도림,34484,34676,69160
202210,2호선,신림,37966,36702,74668
202210,2호선,신설동,3494,3411,6905
202210,2호선,신정네거리,5792,5949,11741
202210,2호선,신촌,26730,26321,53051
202210,2호선,아현,5983,5904,11887
202210,2호선,양천구청,3913,3982,7895
202210,2호선,역삼,11862,13134,24996
202210,2호선,영등포구청,9737,10285,20022
202210,2호선,왕십리,10303,9133,19436
202210,2호선,용답,2071,1920,3991
202210,2호선,용두,1164,1291,2455
202210,2호선,을지로3가,10532,10351,20883
202210,2호선,을지로4가,4743,4718,9461
202210,2호선,을지로입구,21407,20226,41633
202210,2호선,이대,8614,9573,18187
202210,2호선,잠실,59202,54296,113498
202210,2호선,잠실나루,5966,6076,12042
202210,2호선,잠실새내,12003,12283,24286
202210,2호선,종합운동장,7020,7973,14993
202210,2호선,충정로,4447,4748,9195
202210,2호선,한양대,3409,3726,7135
202210,2호선,합정,23608,25102,48710
202210,2호선,홍대입구,57163,56775,113938
202210,3호선,가락시장,4335,4560,8895
202210,3호선,경복궁,19244,22134,41378
202210,3호선,경찰병원,3233,3274,6507
202210,3호선,고속터미널,47638,44253,91891
202210,3호선,교대,5788,3498,9286
202210,3호선,구파발,12907,13516,26423
202210,3호선,금호,5083,4829,9912
202210,3호선,남부터미널,16938,17900,34838
202210,3호선,녹번,8025,7198,15223
202210,3호선,대청,4748,4527,9275
202210,3호선,대치,7614,6570,14184
202210,3호선,도곡,2246,2443,4689
202210,3호선,독립문,5088,5684,10772
202210,3호선,동대입구,8812,9759,18571
202210,3호선,매봉,4554,4458,9012
202210,3호선,무악재,2174,2314,4488
202210,3호선,불광,10540,12110,22650
202210,3호선,수서,12177,12266,24443
202210,3호선,신사,15335,15739,31074
202210,3호선,안국,17758,18968,36726
202210,3호선,압구정,16557,17197,33754
202210,3호선,약수,7872,7503,15375
202210,3호선,양재,16016,18148,34164
202210,3호선,연신내,23086,21622,44708
202210,3호선,오금,3217,3181,6398
202210,3호선,옥수,5474,5722,11196
202210,3호선,을지로3가,4436,3912,8348
202210,3호선,일원,4326,4497,8823
202210,3호선,잠원,2418,2443,4861
202210,3호선,종로3가,4561,6009,10570
202210,3호선,지축,3150,2916,6066
202210,3호선,충무로,1,0,1
202210,3호선,학여울,1412,1433,2845
202210,3호선,홍제,10358,10016,20374
202210,4호선,길음,12048,11943,23991
202210,4호선,남태령,837,600,1437
202210,4호선,노원,12508,13393,25901
202210,4호선,당고개,6192,6088,12280
202210,4호선,동대문,8801,9373,18174
202210,4호선,동대문역사문화공원,11622,10554,22176
202210,4호선,동작,1326,1343,2669
202210,4호선,명동,18787,21236,40023
202210,4호선,미아,9267,8775,18042
202210,4호선,미아사거리,17741,16779,34520
202210,4호선,사당,18464,17218,35682
202210,4호선,삼각지,3897,5388,9285
202210,4호선,상계,11340,10537,21877
202210,4호선,서울역,5763,14606,20369
202210,4호선,성신여대입구,13496,5910,19406
202210,4호선,수유,22114,21264,43378
202210,4호선,숙대입구,9161,8957,18118
202210,4호선,신용산,10824,11416,22240
202210,4호선,쌍문,17609,15860,33469
202210,4호선,이촌,6419,6908,13327
202210,4호선,창동,16749,17425,34174
202210,4호선,총신대입구,11367,12338,23705
202210,4호선,충무로,9973,11524,21497
202210,4호선,한성대입구,9850,9727,19577
202210,4호선,혜화,24763,26142,50905
202210,4호선,회현,10226,10686,20912
202210,5호선,강동,10533,10424,20957
202210,5호선,강일,3084,2681,5765
202210,5호선,개롱,3294,3548,6842
202210,5호선,개화산,2999,3005,6004
202210,5호선,거여,5108,4859,9967
202210,5호선,고덕,4878,5002,9880
202210,5호선,공덕,5563,5560,11123
202210,5호선,광나루,8671,8380,17051
202210,5호선,광화문,16235,15802,32037
202210,5호선,군자,6896,7726,14622
202210,5호선,굽은다리,5920,5530,11450
202210,5호선,길동,4621,4583,9204
202210,5호선,김포공항,7091,7396,14487
202210,5호선,까치산,17361,16632,33993
202210,5호선,답십리,8306,7859,16165
202210,5호선,동대문역사문화공원,1095,1181,2276
202210,5호선,둔촌동,5041,5026,10067
202210,5호선,마곡,4047,4216,8263
202210,5호선,마장,3308,3117,6425
202210,5호선,마천,3998,4288,8286
202210,5호선,마포,5752,5686,11438
202210,5호선,명일,5429,5430,10859
202210,5호선,목동,8890,9041,17931
202210,5호선,미사,9950,10003,19953
202210,5호선,발산,10265,11186,21451
202210,5호선,방이,4667,4388,9055
202210,5호선,방화,4005,3993,7998
202210,5호선,상일동,7198,6874,14072
202210,5호선,서대문,7225,7355,14580
202210,5호선,송정,3990,3880,7870
202210,5호선,신금호,3326,3545,6871
202210,5호선,신길,2378,2564,4942
202210,5호선,신정,7034,6240,13274
202210,5호선,아차산,11874,11761,23635
202210,5호선,애오개,3107,2989,6096
202210,5호선,양평,3180,3113,6293
202210,5호선,여의나루,13151,13895,27046
202210,5호선,여의도,8696,9662,18358
202210,5호선,영등포구청,1762,1588,3350
202210,5호선,영등포시장,6902,7296,14198
202210,5호선,오금,1715,1697,3412
202210,5호선,오목교,12402,12751,25153
202210,5호선,올림픽공원,6037,5861,11898
202210,5호선,왕십리,2752,3292,6044
202210,5호선,우장산,7518,7741,15259
202210,5호선,을지로4가,2224,2225,4449
202210,5호선,장한평,9139,8779,17918
202210,5호선,종로3가,10806,9548,20354
202210,5호선,천호,13916,13100,27016
202210,5호선,청구,1977,2027,4004
202210,5호선,충정로,1651,1783,3434
202210,5호선,하남검단산,4974,4886,9860
202210,5호선,하남시청,4509,4347,8856
202210,5호선,하남풍산,2349,2339,4688
202210,5호선,행당,4575,4034,8609
202210,5호선,화곡,16004,15042,31046
202210,6호선,고려대,5002,5092,10094
202210,6호선,공덕,8853,8605,17458
202210,6호선,광흥창,4917,4725,9642
202210,6호선,구산,4454,3346,7800
202210,6호선,녹사평,7908,6181,14089
202210,6호선,대흥,4900,5086,9986
202210,6호선,독바위,1754,2105,3859
202210,6호선,돌곶이,6188,5729,11917
202210,6호선,동묘앞,7323,7229,14552
202210,6호선,디지털미디어시티,6768,7295,14063
202210,6호선,마포구청,10178,8431,18609
202210,6호선,망원,10826,11405,22231
202210,6호선,버티고개,1361,1452,2813
202210,6호선,보문,4488,4210,8698
202210,6호선,봉화산,4446,4457,8903
202210,6호선,불광,3266,2966,6232
202210,6호선,삼각지,5747,4150,9897
202210,6호선,상수,7234,8151,15385
202210,6호선,상월곡,3669,3294,6963
202210,6호선,새절,7492,7351,14843
202210,6호선,석계,7165,7561,14726
202210,6호선,신당,5381,5931,11312
202210,6호선,안암,5205,5871,11076
202210,6호선,약수,2055,2077,4132
202210,6호선,역촌,2266,2688,4954
202210,6호선,월곡,6538,6289,12827
202210,6호선,월드컵경기장,18895,19667,38562
202210,6호선,응암,10764,10860,21624
202210,6호선,이태원,26569,24041,50610
202210,6호선,증산,6555,6723,13278
202210,6호선,창신,1834,1632,3466
202210,6호선,청구,2074,1759,3833
202210,6호선,태릉입구,3659,3935,7594
202210,6호선,한강진,10692,11472,22164
202210,6호선,합정,11012,10620,21632
202210,6호선,화랑대,6076,5485,11561
202210,6호선,효창공원앞,4490,4057,8547
202210,7호선,가산디지털단지,12294,11391,23685
202210,7호선,강남구청,6663,7402,14065
202210,7호선,건대입구,8369,8823,17192
202210,7호선,고속터미널,14693,9522,24215
202210,7호선,공릉,6783,6905,13688
202210,7호선,광명사거리,13507,13451,26958
202210,7호선,군자,8845,6771,15616
202210,7호선,남구로,7512,7411,14923
202210,7호선,남성,6140,6098,12238
202210,7호선,내방,5502,5806,11308
202210,7호선,노원,11544,11717,23261
202210,7호선,논현,6247,6343,12590
202210,7호선,대림,8707,8133,16840
202210,7호선,도봉산,6255,8680,14935
202210,7호선,뚝섬유원지,8155,7619,15774
202210,7호선,마들,6557,6047,12604
202210,7호선,먹골,5962,5776,11738
202210,7호선,면목,8907,8566,17473
202210,7호선,반포,3392,3431,6823
202210,7호선,보라매,4481,4516,8997
202210,7호선,사가정,9817,9533,19350
202210,7호선,상도,6125,5910,12035
202210,7호선,상봉,10673,10148,20821
202210,7호선,수락산,8687,8561,17248
202210,7호선,숭실대입구,6542,6875,13417
202210,7호선,신대방삼거리,8182,8125,16307
202210,7호선,신풍,6906,6591,13497
202210,7호선,어린이대공원,9130,9485,18615
202210,7호선,온수,4414,4485,8899
202210,7호선,용마산,3499,3959,7458
202210,7호선,이수,9460,8547,18007
202210,7호선,장승배기,4997,4840,9837
202210,7호선,장암,1463,1020,2483
202210,7호선,중계,7595,7045,14640
202210,7호선,중곡,5867,5458,11325
202210,7호선,중화,6401,6239,12640
202210,7호선,천왕,5473,5293,10766
202210,7호선,철산,11639,11750,23389
202210,7호선,청담,7826,8497,16323
202210,7호선,태릉입구,5529,5255,10784
202210,7호선,하계,10432,9976,20408
202210,7호선,학동,7744,8153,15897
202210,8호선,가락시장,3668,4466,8134
202210,8호선,강동구청,4908,4894,9802
202210,8호선,남위례,3344,3477,6821
202210,8호선,남한산성입구,7309,6662,13971
202210,8호선,단대오거리,6525,6391,12916
202210,8호선,모란,2850,2442,5292
202210,8호선,몽촌토성,5351,5992,11343
202210,8호선,문정,6703,7046,13749
202210,8호선,복정,5601,5207,10808
202210,8호선,산성,3359,3476,6835
202210,8호선,석촌,4468,5779,10247
202210,8호선,송파,4559,4550,9109
202210,8호선,수진,3270,2930,6200
202210,8호선,신흥,2967,3150,6117
202210,8호선,암사,9675,9118,18793
202210,8호선,잠실,11834,13462,25296
202210,8호선,장지,9639,9635,19274
202210,8호선,천호,9348,10678,20026
202210,9호선,가양,13234,12899,26133
202210,9호선,개화,1698,1508,3206
202210,9호선,고속터미널,13427,18994,32421
202210,9호선,공항시장,1872,2028,3900
202210,9호선,구반포,751,782,1533
202210,9호선,국회의사당,5855,5629,11484
202210,9호선,김포공항,7237,11162,18399
202210,9호선,노들,3558,3048,6606
202210,9호선,노량진,16376,17353,33729
202210,9호선,당산,10578,10323,20901
202210,9호선,동작,1372,1224,2596
202210,9호선,등촌,5517,5498,11015
202210,9호선,마곡나루,6641,6726,13367
202210,9호선,사평,1875,1898,3773
202210,9호선,샛강,2051,1869,3920
202210,9호선,선유도,3234,3175,6409
202210,9호선,신논현,17130,16213,33343
202210,9호선,신목동,2077,1845,3922
202210,9호선,신반포,2383,2584,4967
202210,9호선,신방화,3797,3778,7575
202210,9호선,양천향교,4576,4570,9146
202210,9호선,여의도,9765,9082,18847
202210,9호선,염창,10162,9630,19792
202210,9호선,증미,2698,2658,5356
202210,9호선,흑석,4675,4790,9465
202210,9호선2~3단계,둔촌오륜,669,650,1319
202210,9호선2~3단계,봉은사,9104,9188,18292
202210,9호선2~3단계,삼성중앙,2247,2445,4692
202210,9호선2~3단계,삼전,3857,3656,7513
202210,9호선2~3단계,석촌,5954,5101,11055
202210,9호선2~3단계,석촌고분,3509,3486,6995
202210,9호선2~3단계,선정릉,3737,4192,7929
202210,9호선2~3단계,송파나루,3463,3751,7214
202210,9호선2~3단계,언주,4351,4333,8684
202210,9호선2~3단계,올림픽공원,11485,12542,24027
202210,9호선2~3단계,종합운동장,2628,2351,4979
202210,9호선2~3단계,중앙보훈병원,4058,3938,7996
202210,9호선2~3단계,한성백제,2433,2171,4604
202210,경강선,경기광주,4636,4502,9138
202210,경강선,곤지암,1978,2174,4152
202210,경강선,부발,1899,2332,4231
202210,경강선,삼동,1228,1221,2449
202210,경강선,세종대왕릉,383,383,766
202210,경강선,신둔도예촌,1170,1194,2364
202210,경강선,여주,2694,2717,5411
202210,경강선,이매,777,600,1377
202210,경강선,이천,2468,2592,5060
202210,경강선,초월,1814,1800,3614
202210,경강선,판교,2948,2697,5645
202210,경부선,가산디지털단지,5690,7631,13321
202210,경부선,관악,5427,5157,10584
202210,경부선,광명,3176,2382,5558
202210,경부선,구로,12012,11874,23886
202210,경부선,군포,3424,3143,6567
202210,경부선,금정,16950,17176,34126
202210,경부선,금천구청,7462,7378,14840
202210,경부선,남영,5337,5444,10781
202210,경부선,노량진,7208,6862,14070
202210,경부선,당정,3504,3493,6997
202210,경부선,대방,5936,6714,12650
202210,경부선,독산,7079,7113,14192
202210,경부선,두정,5232,6645,11877
202210,경부선,명학,3697,3438,7135
202210,경부선,병점,10844,11296,22140
202210,경부선,서동탄,860,921,1781
202210,경부선,서울역,10418,2460,12878
202210,경부선,서정리,5509,8229,13738
202210,경부선,석수,5850,5485,11335
202210,경부선,성균관대,8714,9244,17958
202210,경부선,성환,3277,4001,7278
202210,경부선,세류,2445,2401,4846
202210,경부선,세마,1951,1863,3814
202210,경부선,송탄,4067,5001,9068
202210,경부선,수원,37834,36784,74618
202210,경부선,신길,5424,4944,10368
202210,경부선,신도림,2702,3031,5733
202210,경부선,안양,16846,16139,32985
202210,경부선,영등포,36099,35388,71487
202210,경부선,오산,8911,9547,18458
202210,경부선,오산대,2607,2486,5093
202210,경부선,용산,39515,36506,76021
202210,경부선,의왕,4845,4889,9734
202210,경부선,직산,693,812,1505
202210,경부선,진위,1107,1044,2151
202210,경부선,천안,7107,7164,14271
202210,경부선,평택,13566,14497,28063
202210,경부선,평택지제,3190,3238,6428
202210,경부선,화서,5108,4944,10052
202210,경원선,가능,4426,4277,8703
202210,경원선,광운대,4419,4694,9113
202210,경원선,녹양,3312,3168,6480
202210,경원선,녹천,2817,2425,5242
202210,경원선,덕계,2196,2097,4293
202210,경원선,덕정,3754,3969,7723
202210,경원선,도봉,3948,3706,7654
202210,경원선,도봉산,9616,6939,16555
202210,경원선,동두천,1521,2185,3706
202210,경원선,동두천중앙,2356,2236,4592
202210,경원선,망월사,5686,5802,11488
202210,경원선,방학,6877,6572,13449
202210,경원선,보산,1385,1564,2949
202210,경원선,서빙고,2270,2480,4750
202210,경원선,석계,5749,6232,11981
202210,경원선,소요산,6443,5658,12101
202210,경원선,신이문,5299,4821,10120
202210,경원선,양주,6314,6144,12458
202210,경원선,옥수,38,28,66
202210,경원선,왕십리,10735,12504,23239
202210,경원선,외대앞,5374,5395,10769
202210,경원선,월계,4454,4136,8590
202210,경원선,응봉,1278,1118,2396
202210,경원선,의정부,15524,15509,31033
202210,경원선,이촌,2910,2147,5057
202210,경원선,지행,4844,5015,9859
202210,경원선,청량리,16290,15079,31369
202210,경원선,한남,2273,2206,4479
202210,경원선,회룡,8530,8409,16939
202210,경의선,가좌,3330,3291,6621
202210,경의선,강매,1727,1629,3356
202210,경의선,검암,1,0,1
202210,경의선,곡산,401,370,771
202210,경의선,공덕,2278,1829,4107
202210,경의선,금릉,3336,3234,6570
202210,경의선,금촌,5249,5636,10885
202210,경의선,능곡,2407,2334,4741
202210,경의선,디지털미디어시티,1840,1752,3592
202210,경의선,문산,4134,4408,8542
202210,경의선,백마,3883,3711,7594
202210,경의선,서강대,1483,1469,2952
202210,경의선,서울역,1439,1265,2704
202210,경의선,수색,1114,1253,2367
202210,경의선,신촌,341,441,782
202210,경의선,야당,5607,5451,11058
202210,경의선,운정,4338,4117,8455
202210,경의선,월롱,1343,2425,3768
202210,경의선,일산,5222,4841,10063
202210,경의선,임진강,76,78,154
202210,경의선,탄현,4698,4347,9045
202210,경의선,파주,739,775,1514
202210,경의선,풍산,3878,3644,7522
202210,경의선,행신,5123,4893,10016
202210,경의선,홍대입구,1860,2346,4206
202210,경의선,화전,1085,1138,2223
202210,경의선,효창공원앞,1600,1838,3438
202210,경인선,간석,3505,3376,6881
202210,경인선,개봉,13645,13309,26954
202210,경인선,구일,9991,11116,21107
202210,경인선,도원,3865,3808,7673
202210,경인선,도화,2635,2523,5158
202210,경인선,동암,11417,11117,22534
202210,경인선,동인천,10829,10528,21357
202210,경인선,백운,4474,4336,8810
202210,경인선,부개,5598,5160,10758
202210,경인선,부천,24436,23865,48301
202210,경인선,부평,24301,24388,48689
202210,경인선,소사,6584,6347,12931
202210,경인선,송내,15229,14787,30016
202210,경인선,역곡,16032,16022,32054
202210,경인선,오류동,7895,7242,15137
202210,경인선,온수,4438,4046,8484
202210,경인선,인천,5258,4323,9581
202210,경인선,제물포,6087,5848,11935
202210,경인선,주안,13174,11953,25127
202210,경인선,중동,5787,5367,11154
202210,경춘선,가평,2859,2395,5254
202210,경춘선,갈매,1650,1430,3080
202210,경춘선,강촌,910,646,1556
202210,경춘선,굴봉산,236,185,421
202210,경춘선,금곡,1004,922,1926
202210,경춘선,김유정,618,629,1247
202210,경춘선,남춘천,2919,3361,6280
202210,경춘선,대성리,751,549,1300
202210,경춘선,마석,2963,2811,5774
202210,경춘선,백양리,140,128,268
202210,경춘선,별내,1995,1832,3827
202210,경춘선,사릉,1510,1522,3032
202210,경춘선,상천,628,462,1090
202210,경춘선,신내,1114,1132,2246
202210,경춘선,천마산,1193,1173,2366
202210,경춘선,청평,1987,1572,3559
202210,경춘선,춘천,2318,1958,4276
202210,경춘선,퇴계원,2282,2133,4415
202210,경춘선,평내호평,3795,3720,7515
202210,공항철도 1호선,검암,4138,4219,8357
202210,공항철도 1호선,계양,6814,6297,13111
202210,공항철도 1호선,공덕,1449,2210,3659
202210,공항철도 1호선,공항화물청사,1125,1133,2258
202210,공항철도 1호선,김포공항,11440,5820,17260
202210,공항철도 1호선,디지털미디어시티,4843,4899,9742
202210,공항철도 1호선,마곡나루,2896,3336,6232
202210,공항철도 1호선,서울역,12294,9949,22243
202210,공항철도 1호선,영종,3044,3040,6084
202210,공항철도 1호선,운서,6547,7272,13819
202210,공항철도 1호선,인천공항1터미널,9380,9136,18516
202210,공항철도 1호선,인천공항2터미널,3771,3589,7360
202210,공항철도 1호선,청라국제도시,3701,3601,7302
202210,공항철도 1호선,홍대입구,12600,11711,24311
202210,과천선,경마공원,16044,16296,32340
202210,과천선,과천,4275,3975,8250
202210,과천선,대공원,8000,8286,16286
202210,과천선,범계,16517,16037,32554
202210,과천선,선바위,4658,4213,8871
202210,과천선,인덕원,14351,14185,28536
202210,과천선,정부과천청사,4787,4775,9562
202210,과천선,평촌,7468,7088,14556
202210,분당선,가천대,4961,5652,10613
202210,분당선,강남구청,3497,4288,7785
202210,분당선,개포동,2554,2536,5090
202210,분당선,구룡,959,1119,2078
202210,분당선,구성,2691,2879,5570
202210,분당선,기흥,5762,5404,11166
202210,분당선,대모산입구,2380,2347,4727
202210,분당선,도곡,3411,3240,6651
202210,분당선,망포,7358,7630,14988
202210,분당선,매교,2464,2391,4855
202210,분당선,매탄권선,2925,2805,5730
202210,분당선,모란,12240,12109,24349
202210,분당선,미금,7811,8392,16203
202210,분당선,보정,1398,1306,2704
202210,분당선,복정,2,0,2
202210,분당선,상갈,3135,3294,6429
202210,분당선,서울숲,8227,8410,16637
202210,분당선,서현,14651,14541,29192
202210,분당선,선릉,3224,4718,7942
202210,분당선,선정릉,2307,2402,4709
202210,분당선,수내,6447,6240,12687
202210,분당선,수서,9318,9164,18482
202210,분당선,수원,6381,5678,12059
202210,분당선,수원시청,8512,8576,17088
202210,분당선,신갈,2214,2284,4498
202210,분당선,압구정로데오,10925,12243,23168
202210,분당선,야탑,15077,15506,30583
202210,분당선,영통,5602,5598,11200
202210,분당선,오리,5835,4962,10797
202210,분당선,이매,3545,3642,7187
202210,분당선,정자,8248,8561,16809
202210,분당선,죽전,8626,9603,18229
202210,분당선,청명,2301,2433,4734
202210,분당선,태평,8844,8508,17352
202210,분당선,한티,10291,9807,20098
202210,수인선,고색,2104,2099,4203
202210,수인선,남동인더스파크,744,713,1457
202210,수인선,달월,57,70,127
202210,수인선,사리,3059,2619,5678
202210,수인선,소래포구,6448,6247,12695
202210,수인선,송도,1738,1695,3433
202210,수인선,숭의,2459,2281,4740
202210,수인선,신포,1363,1368,2731
202210,수인선,야목,253,197,450
202210,수인선,어천,722,847,1569
202210,수인선,연수,3643,3405,7048
202210,수인선,오목천,1864,1818,3682
202210,수인선,원인재,3126,3179,6305
202210,수인선,월곶,1997,1938,3935
202210,수인선,인천,1203,1921,3124
202210,수인선,인천논현,3417,3529,6946
202210,수인선,인하대,3683,3498,7181
202210,수인선,호구포,2276,2297,4573
202210,신림선,관악산,3445,3851,7296
202210,신림선,당곡,2243,2266,4509
202210,신림선,대방,1702,1255,2957
202210,신림선,보라매,1792,1639,3431
202210,신림선,보라매공원,1096,1271,2367
202210,신림선,보라매병원,2010,2075,4085
202210,신림선,샛강,832,1031,1863
202210,신림선,서울대벤처타운,5039,4719,9758
202210,신림선,서울지방병무청,1487,1678,3165
202210,신림선,서원,1904,1740,3644
202210,신림선,신림,1084,1461,2545
202210,안산선,고잔,5708,5760,11468
202210,안산선,대야미,3471,3204,6675
202210,안산선,반월,2945,2903,5848
202210,안산선,산본,10213,10817,21030
202210,안산선,상록수,10959,10692,21651
202210,안산선,수리산,2441,2483,4924
202210,안산선,신길온천,1479,1371,2850
202210,안산선,안산,11594,10608,22202
202210,안산선,오이도,6566,6295,12861
202210,안산선,정왕,6519,6923,13442
202210,안산선,중앙,13608,13307,26915
202210,안산선,초지,2959,2804,5763
202210,안산선,한대앞,6392,6610,13002
202210,우이신설선,4.19민주묘지,2293,1968,4261
202210,우이신설선,가오리,2557,2429,4986
202210,우이신설선,보문,1049,989,2038
202210,우이신설선,북한산보국문,4356,3947,8303
202210,우이신설선,북한산우이,4022,3864,7886
202210,우이신설선,삼양,1285,1323,2608
202210,우이신설선,삼양사거리,1649,1564,3213
202210,우이신설선,성신여대입구,2275,2691,4966
202210,우이신설선,솔밭공원,1555,1431,2986
202210,우이신설선,솔샘,3282,2976,6258
202210,우이신설선,신설동,1401,1387,2788
202210,우이신설선,정릉,3355,2703,6058
202210,우이신설선,화계,2317,2169,4486
202210,일산선,대곡,1215,1021,2236
202210,일산선,대화,7241,6503,13744
202210,일산선,마두,3788,3824,7612
202210,일산선,백석,5879,5845,11724
202210,일산선,삼송,11874,11619,23493
202210,일산선,원당,6647,6408,13055
202210,일산선,원흥,6493,6064,12557
202210,일산선,정발산,6112,6096,12208
202210,일산선,주엽,5255,5288,10543
202210,일산선,화정,10384,10559,20943
202210,장항선,배방,998,1077,2075
202210,장항선,봉명,685,725,1410
202210,장항선,신창,1066,1749,2815
202210,장항선,쌍용,1470,1604,3074
202210,장항선,아산,4169,2851,7020
202210,장항선,온양온천,4110,3975,8085
202210,장항선,탕정,778,792,1570
202210,중앙선,구리,8479,8575,17054
202210,중앙선,국수,668,610,1278
202210,중앙선,덕소,3785,3857,7642
202210,중앙선,도농,6178,6043,12221
202210,중앙선,도심,1337,1309,2646
202210,중앙선,망우,5628,5561,11189
202210,중앙선,상봉,4242,4390,8632
202210,중앙선,신원,375,265,640
202210,중앙선,아신,662,552,1214
202210,중앙선,양수,2201,2001,4202
202210,중앙선,양원,1567,1660,3227
202210,중앙선,양정,535,465,1000
202210,중앙선,양평,2709,2542,5251
202210,중앙선,오빈,289,245,534
202210,중앙선,용문,2680,2272,4952
202210,중앙선,운길산,1387,1257,2644
202210,중앙선,원덕,491,368,859
202210,중앙선,중랑,3837,3714,7551
202210,중앙선,지평,72,60,132
202210,중앙선,팔당,1309,1417,2726
202210,중앙선,회기,18070,18325,36395
202210,1호선,동대문,11881,12060,23941
202210,1호선,동묘앞,13366,14145,27511
202210,1호선,서울역,57200,50709,107909
202210,1호선,시청,33301,43614,76915
202210,1호선,신설동,11554,10780,22334
202210,1호선,제기동,17405,17752,35157
202210,1호선,종각,29356,27187,56543
202210,1호선,종로3가,30636,28082,58718
202210,1호선,종로5가,24083,24412,48495
202210,1호선,청량리,20368,21273,41641
202210,2호선,강남,61669,62662,124331
202210,2호선,강변,34772,33593,68365
202210,2호선,건대입구,37165,40820,77985
202210,2호선,교대,19507,22454,41961
202210,2호선,구로디지털단지,40137,39630,79767
202210,2호선,구의,18620,17699,36319
202210,2호선,낙성대,24175,22067,46242
202210,2호선,당산,15200,16485,31685
202210,2호선,대림,20190,21297,41487
202210,2호선,도림천,808,808,1616
202210,2호선,동대문역사문화공원,14037,16419,30456
202210,2호선,뚝섬,17596,17472,35068
202210,2호선,문래,14927,15979,30906
202210,2호선,방배,11399,11458,22857
202210,2호선,봉천,19400,17487,36887
202210,2호선,사당,38425,44468,82893
202210,2호선,삼성,36382,35934,72316
202210,2호선,상왕십리,10941,10155,21096
202210,2호선,서울대입구,40942,39650,80592
202210,2호선,서초,13424,10920,24344
202210,2호선,선릉,28302,25050,53352
202210,2호선,성수,26059,30496,56555
202210,2호선,시청,24098,24503,48601
202210,2호선,신답,1137,1138,2275
202210,2호선,신당,12989,13940,26929
202210,2호선,신대방,22275,20932,43207
202210,2호선,신도림,47863,48959,96822
202210,2호선,신림,50926,48434,99360
202210,2호선,신설동,3914,3737,7651
202210,2호선,신정네거리,8602,8397,16999
202210,2호선,신촌,36654,37516,74170
202210,2호선,아현,9220,8440,17660
202210,2호선,양천구청,5463,5331,10794
202210,2호선,역삼,19610,21744,41354
202210,2호선,영등포구청,14779,15819,30598
202210,2호선,왕십리,15137,13207,28344
202210,2호선,용답,2303,2171,4474
202210,2호선,용두,1945,1859,3804
202210,2호선,을지로3가,17570,14749,32319
202210,2호선,을지로4가,10013,10575,20588
202210,2호선,을지로입구,35931,31701,67632
202210,2호선,이대,12987,13550,26537
202210,2호선,잠실,88494,84960,173454
202210,2호선,잠실나루,9529,9360,18889
202210,2호선,잠실새내,20031,20455,40486
202210,2호선,종합운동장,26080,28671,54751
202210,2호선,충정로,7254,7584,14838
202210,2호선,한양대,6350,6715,13065
202210,2호선,합정,32609,37449,70058
202210,2호선,홍대입구,77774,88649,166423
202210,3호선,가락시장,6988,6885,13873
202210,3호선,경복궁,32723,36063,68786
202210,3호선,경찰병원,4610,4345,8955
202210,3호선,고속터미널,58580,58170,116750
202210,3호선,교대,8545,5233,13778
202210,3호선,구파발,19227,19947,39174
202210,3호선,금호,7061,6374,13435
202210,3호선,남부터미널,24658,24291,48949
202210,3호선,녹번,12291,10711,23002
202210,3호선,대청,6937,6438,13375
202210,3호선,대치,11740,10440,22180
202210,3호선,도곡,3781,3994,7775
202210,3호선,독립문,7896,8645,16541
202210,3호선,동대입구,12494,14638,27132
202210,3호선,매봉,6687,6479,13166
202210,3호선,무악재,3261,3466,6727
202210,3호선,불광,14792,16969,31761
202210,3호선,수서,16304,16163,32467
202210,3호선,신사,26617,28939,55556
202210,3호선,안국,30930,34450,65380
202210,3호선,압구정,28271,30543,58814
202210,3호선,약수,11004,10348,21352
202210,3호선,양재,25459,27712,53171
202210,3호선,연신내,33306,31362,64668
202210,3호선,오금,4330,4119,8449
202210,3호선,옥수,8282,8183,16465
202210,3호선,을지로3가,8004,7837,15841
202210,3호선,일원,6142,5998,12140
202210,3호선,잠원,4276,3986,8262
202210,3호선,종로3가,7755,10829,18584
202210,3호선,지축,4980,4468,9448
202210,3호선,충무로,4,0,4
202210,3호선,학여울,2924,3033,5957
202210,3호선,홍제,15840,15158,30998
202210,4호선,길음,17795,16835,34630
202210,4호선,남태령,1496,906,2402
202210,4호선,노원,17801,20026,37827
202210,4호선,당고개,8204,7634,15838
202210,4호선,동대문,16350,16675,33025
202210,4호선,동대문역사문화공원,16493,14075,30568
202210,4호선,동작,1703,1736,3439
202210,4호선,명동,28115,30639,58754
202210,4호선,미아,12703,11752,24455
202210,4호선,미아사거리,24949,24031,48980
202210,4호선,사당,26680,23828,50508
202210,4호선,삼각지,5895,8126,14021
202210,4호선,상계,16452,15059,31511
202210,4호선,서울역,11260,21503,32763
202210,4호선,성신여대입구,19085,18099,37184
202210,4호선,수유,29996,29254,59250
202210,4호선,숙대입구,19908,11509,31417
202210,4호선,신용산,13956,15128,29084
202210,4호선,쌍문,24330,21543,45873
202210,4호선,이촌,8622,9388,18010
202210,4호선,창동,22216,23041,45257
202210,4호선,총신대입구,16176,17948,34124
202210,4호선,충무로,17643,20038,37681
202210,4호선,한성대입구,13117,13050,26167
202210,4호선,혜화,36084,37975,74059
202210,4호선,회현,27279,25797,53076
202210,5호선,강동,15121,14383,29504
202210,5호선,강일,4125,3593,7718
202210,5호선,개롱,4808,5011,9819
202210,5호선,개화산,4319,4080,8399
202210,5호선,거여,7559,6737,14296
202210,5호선,고덕,7382,7074,14456
202210,5호선,공덕,9152,9515,18667
202210,5호선,광나루,12739,12184,24923
202210,5호선,광화문,31388,33371,64759
202210,5호선,군자,9928,10740,20668
202210,5호선,굽은다리,8036,7494,15530
202210,5호선,길동,6552,6643,13195
202210,5호선,김포공항,7980,7842,15822
202210,5호선,까치산,23849,22456,46305
202210,5호선,답십리,11836,10503,22339
202210,5호선,동대문역사문화공원,1367,1782,3149
202210,5호선,둔촌동,6691,6579,13270
202210,5호선,마곡,6596,6675,13271
202210,5호선,마장,4446,4155,8601
202210,5호선,마천,5336,5441,10777
202210,5호선,마포,9093,9355,18448
202210,5호선,명일,7041,6956,13997
202210,5호선,목동,13124,13174,26298
202210,5호선,미사,14255,14473,28728
202210,5호선,발산,16000,17620,33620
202210,5호선,방이,5837,5870,11707
202210,5호선,방화,5220,4950,10170
202210,5호선,상일동,10599,9708,20307
202210,5호선,서대문,10547,9602,20149
202210,5호선,송정,5584,5304,10888
202210,5호선,신금호,4762,4943,9705
202210,5호선,신길,3376,3454,6830
202210,5호선,신정,10348,8696,19044
202210,5호선,아차산,15514,14931,30445
202210,5호선,애오개,4350,4136,8486
202210,5호선,양평,4364,3812,8176
202210,5호선,여의나루,24084,26513,50597
202210,5호선,여의도,13464,14870,28334
202210,5호선,영등포구청,2291,2250,4541
202210,5호선,영등포시장,10371,10925,21296
202210,5호선,오금,2394,2263,4657
202210,5호선,오목교,17459,18145,35604
202210,5호선,올림픽공원,5076,5380,10456
202210,5호선,왕십리,3810,4742,8552
202210,5호선,우장산,11156,10947,22103
202210,5호선,을지로4가,4507,5023,9530
202210,5호선,장한평,13273,12735,26008
202210,5호선,종로3가,17339,17493,34832
202210,5호선,천호,18544,17867,36411
202210,5호선,청구,2860,2717,5577
202210,5호선,충정로,2337,2048,4385
202210,5호선,하남검단산,6249,5938,12187
202210,5호선,하남시청,6750,6309,13059
202210,5호선,하남풍산,3343,3262,6605
202210,5호선,행당,6439,5501,11940
202210,5호선,화곡,23599,21120,44719
202210,6호선,고려대,6733,6353,13086
202210,6호선,공덕,12358,11871,24229
202210,6호선,광흥창,5837,5223,11060
202210,6호선,구산,6212,4582,10794
202210,6호선,녹사평,6687,7448,14135
202210,6호선,대흥,6533,6724,13257
202210,6호선,독바위,2223,2558,4781
202210,6호선,돌곶이,7034,6345,13379
202210,6호선,동묘앞,9079,8707,17786
202210,6호선,디지털미디어시티,9095,9515,18610
202210,6호선,마포구청,11708,9909,21617
202210,6호선,망원,15108,16411,31519
202210,6호선,버티고개,1761,1813,3574
202210,6호선,보문,5836,5333,11169
202210,6호선,봉화산,6348,5947,12295
202210,6호선,불광,4195,3906,8101
202210,6호선,삼각지,11779,7488,19267
202210,6호선,상수,9439,11833,21272
202210,6호선,상월곡,4669,3907,8576
202210,6호선,새절,9749,9011,18760
202210,6호선,석계,9850,9926,19776
202210,6호선,신당,7171,6680,13851
202210,6호선,안암,8082,7864,15946
202210,6호선,약수,2856,2994,5850
202210,6호선,역촌,2929,3367,6296
202210,6호선,연신내,1,0,1
202210,6호선,월곡,8543,7917,16460
202210,6호선,월드컵경기장,13886,14965,28851
202210,6호선,응암,14302,14032,28334
202210,6호선,이태원,18271,23788,42059
202210,6호선,증산,8374,8089,16463
202210,6호선,창신,2461,2098,4559
202210,6호선,청구,2862,2516,5378
202210,6호선,태릉입구,5011,5216,10227
202210,6호선,한강진,11077,14287,25364
202210,6호선,합정,14530,14379,28909
202210,6호선,화랑대,9165,7102,16267
202210,6호선,효창공원앞,5894,5265,11159
202210,7호선,가산디지털단지,17063,15382,32445
202210,7호선,강남구청,11650,13361,25011
202210,7호선,건대입구,12331,12674,25005
202210,7호선,고속터미널,18094,13377,31471
202210,7호선,공릉,10301,9772,20073
202210,7호선,광명사거리,18070,17812,35882
202210,7호선,군자,12300,8900,21200
202210,7호선,남구로,8853,9275,18128
202210,7호선,남성,8854,7892,16746
202210,7호선,내방,8631,8634,17265
202210,7호선,노원,16743,17613,34356
202210,7호선,논현,10981,11851,22832
202210,7호선,대림,7954,8607,16561
202210,7호선,도봉산,8154,10986,19140
202210,7호선,뚝섬유원지,10842,10313,21155
202210,7호선,마들,10038,9093,19131
202210,7호선,먹골,8428,7984,16412
202210,7호선,면목,12676,11785,24461
202210,7호선,반포,5197,5153,10350
202210,7호선,보라매,5985,5894,11879
202210,7호선,사가정,13538,12752,26290
202210,7호선,상도,8931,8177,17108
202210,7호선,상봉,15108,14339,29447
202210,7호선,수락산,11578,11174,22752
202210,7호선,숭실대입구,10643,10266,20909
202210,7호선,신대방삼거리,12065,11051,23116
202210,7호선,신풍,8952,8478,17430
202210,7호선,어린이대공원,14563,14407,28970
202210,7호선,온수,6628,6376,13004
202210,7호선,용마산,5098,5172,10270
202210,7호선,이수,13281,12288,25569
202210,7호선,장승배기,7049,6680,13729
202210,7호선,장암,1916,1340,3256
202210,7호선,중계,10843,9422,20265
202210,7호선,중곡,7859,6965,14824
202210,7호선,중화,8543,7898,16441
202210,7호선,천왕,7870,7417,15287
202210,7호선,철산,17543,17551,35094
202210,7호선,청담,13160,13865,27025
202210,7호선,태릉입구,7465,6820,14285
202210,7호선,하계,14238,13029,27267
202210,7호선,학동,12527,13275,25802
202210,8호선,가락시장,6190,6336,12526
202210,8호선,강동구청,6891,6659,13550
202210,8호선,남위례,4773,4951,9724
202210,8호선,남한산성입구,10338,9121,19459
202210,8호선,단대오거리,8524,7715,16239
202210,8호선,모란,4079,3830,7909
202210,8호선,몽촌토성,5977,6364,12341
202210,8호선,문정,9659,9776,19435
202210,8호선,복정,7162,5849,13011
202210,8호선,산성,4908,4932,9840
202210,8호선,석촌,6368,8339,14707
202210,8호선,송파,6563,6169,12732
202210,8호선,수진,4631,4064,8695
202210,8호선,신흥,4192,4378,8570
202210,8호선,암사,13990,12641,26631
202210,8호선,잠실,15017,18220,33237
202210,8호선,장지,13469,12208,25677
202210,8호선,천호,12921,15177,28098
202210,9호선,가양,16996,16302,33298
202210,9호선,개화,1808,1472,3280
202210,9호선,고속터미널,17542,24958,42500
202210,9호선,공항시장,2509,2656,5165
202210,9호선,구반포,1178,1238,2416
202210,9호선,국회의사당,5854,6021,11875
202210,9호선,김포공항,8339,12116,20455
202210,9호선,노들,3962,3252,7214
202210,9호선,노량진,25308,25079,50387
202210,9호선,당산,15560,14778,30338
202210,9호선,동작,1806,1525,3331
202210,9호선,등촌,8177,7632,15809
202210,9호선,마곡나루,10710,10472,21182
202210,9호선,사평,2791,2568,5359
202210,9호선,샛강,3396,3233,6629
202210,9호선,선유도,4630,4216,8846
202210,9호선,신논현,27884,28260,56144
202210,9호선,신목동,2979,2548,5527
202210,9호선,신반포,3761,4006,7767
202210,9호선,신방화,5456,5112,10568
202210,9호선,양천향교,6708,6216,12924
202210,9호선,여의도,14278,13875,28153
202210,9호선,염창,14150,13085,27235
202210,9호선,증미,3913,3530,7443
202210,9호선,흑석,6903,6729,13632
202210,9호선2~3단계,둔촌오륜,772,757,1529
202210,9호선2~3단계,봉은사,14992,16185,31177
202210,9호선2~3단계,삼성중앙,3684,3722,7406
202210,9호선2~3단계,삼전,5688,5239,10927
202210,9호선2~3단계,석촌,8750,7393,16143
202210,9호선2~3단계,석촌고분,4974,4746,9720
202210,9호선2~3단계,선정릉,5702,6410,12112
202210,9호선2~3단계,송파나루,4881,5500,10381
202210,9호선2~3단계,언주,7023,7030,14053
202210,9호선2~3단계,올림픽공원,12533,12919,25452
202210,9호선2~3단계,종합운동장,4393,4039,8432
202210,9호선2~3단계,중앙보훈병원,5742,5418,11160
202210,9호선2~3단계,한성백제,2746,2399,5145
202210,경강선,경기광주,6735,5964,12699
202210,경강선,곤지암,2577,2586,5163
202210,경강선,부발,2494,2241,4735
202210,경강선,삼동,1768,1683,3451
202210,경강선,세종대왕릉,457,519,976
202210,경강선,신둔도예촌,1529,1474,3003
202210,경강선,여주,3429,3871,7300
202210,경강선,이매,1086,853,1939
202210,경강선,이천,3534,3718,7252
202210,경강선,초월,2771,2427,5198
202210,경강선,판교,3620,3474,7094
202210,경부선,가산디지털단지,7543,10086,17629
202210,경부선,관악,7266,6903,14169
202210,경부선,광명,3540,3069,6609
202210,경부선,구로,15617,16120,31737
202210,경부선,군포,4843,4384,9227
202210,경부선,금정,23182,23115,46297
202210,경부선,금천구청,9949,9826,19775
202210,경부선,남영,11017,7769,18786
202210,경부선,노량진,10991,10492,21483
202210,경부선,당정,4855,4432,9287
202210,경부선,대방,8498,9381,17879
202210,경부선,독산,10771,10241,21012
202210,경부선,두정,7078,6958,14036
202210,경부선,명학,5464,4905,10369
202210,경부선,병점,14687,14526,29213
202210,경부선,서동탄,1302,1355,2657
202210,경부선,서울역,12005,2950,14955
202210,경부선,서정리,9798,7642,17440
202210,경부선,석수,7960,7452,15412
202210,경부선,성균관대,13273,12816,26089
202210,경부선,성환,3953,3610,7563
202210,경부선,세류,3209,3213,6422
202210,경부선,세마,2861,2487,5348
202210,경부선,송탄,6131,5249,11380
202210,경부선,수원,46076,49736,95812
202210,경부선,신길,7019,6106,13125
202210,경부선,신도림,3742,4118,7860
202210,경부선,안양,21144,20958,42102
202210,경부선,영등포,46622,49179,95801
202210,경부선,오산,11168,10581,21749
202210,경부선,오산대,3884,3542,7426
202210,경부선,용산,46233,48520,94753
202210,경부선,의왕,7149,6985,14134
202210,경부선,직산,923,906,1829
202210,경부선,진위,1383,1158,2541
202210,경부선,천안,8217,8411,16628
202210,경부선,평택,16686,16121,32807
202210,경부선,평택지제,4760,4173,8933
202210,경부선,화서,7512,7275,14787
202210,경원선,가능,6087,5742,11829
202210,경원선,광운대,6193,6101,12294
202210,경원선,녹양,4379,4025,8404
202210,경원선,녹천,3752,3059,6811
202210,경원선,덕계,3212,2954,6166
202210,경원선,덕정,5802,5307,11109
202210,경원선,도봉,5191,4885,10076
202210,경원선,도봉산,11354,7910,19264
202210,경원선,동두천,2013,2588,4601
202210,경원선,동두천중앙,3078,3077,6155
202210,경원선,망월사,7656,7618,15274
202210,경원선,방학,8806,8396,17202
202210,경원선,보산,1915,1915,3830
202210,경원선,서빙고,2362,2616,4978
202210,경원선,석계,8143,8798,16941
202210,경원선,소요산,7598,6864,14462
202210,경원선,신이문,7133,6480,13613
202210,경원선,양주,7757,7419,15176
202210,경원선,옥수,34,38,72
202210,경원선,왕십리,14115,16207,30322
202210,경원선,외대앞,7562,7203,14765
202210,경원선,월계,5506,5005,10511
202210,경원선,응봉,1811,1565,3376
202210,경원선,의정부,20367,21740,42107
202210,경원선,이촌,3699,2705,6404
202210,경원선,지행,6926,6479,13405
202210,경원선,청량리,19778,20029,39807
202210,경원선,한남,3203,3200,6403
202210,경원선,회룡,11654,11466,23120
202210,경의선,가좌,4927,4616,9543
202210,경의선,강매,2564,2263,4827
202210,경의선,곡산,520,535,1055
202210,경의선,공덕,3754,2741,6495
202210,경의선,금릉,4791,4671,9462
202210,경의선,금촌,7169,6854,14023
202210,경의선,능곡,3498,3387,6885
202210,경의선,디지털미디어시티,2442,2235,4677
202210,경의선,문산,8468,8198,16666
202210,경의선,백마,5491,5141,10632
202210,경의선,서강대,2024,2007,4031
202210,경의선,서울역,2498,2227,4725
202210,경의선,수색,2029,1818,3847
202210,경의선,신촌,450,564,1014
202210,경의선,야당,7850,8116,15966
202210,경의선,운정,6366,5855,12221
202210,경의선,월롱,2246,1875,4121
202210,경의선,일산,7548,7218,14766
202210,경의선,임진강,236,202,438
202210,경의선,탄현,6575,6097,12672
202210,경의선,파주,1141,864,2005
202210,경의선,풍산,5116,4780,9896
202210,경의선,행신,6637,6800,13437
202210,경의선,홍대입구,2538,3126,5664
202210,경의선,화전,1499,1404,2903
202210,경의선,효창공원앞,2162,2286,4448
202210,경인선,간석,5157,4717,9874
202210,경인선,개봉,19376,18612,37988
202210,경인선,구일,10569,11009,21578
202210,경인선,도원,2587,2712,5299
202210,경인선,도화,3654,3317,6971
202210,경인선,동암,15108,15207,30315
202210,경인선,동인천,13873,13474,27347
202210,경인선,백운,6348,6276,12624
202210,경인선,부개,7485,6704,14189
202210,경인선,부천,32660,33673,66333
202210,경인선,부평,31890,35258,67148
202210,경인선,소사,8881,8542,17423
202210,경인선,송내,22233,21452,43685
202210,경인선,역곡,23603,22714,46317
202210,경인선,오류동,10539,9465,20004
202210,경인선,온수,5917,5344,11261
202210,경인선,인천,5847,4987,10834
202210,경인선,제물포,8745,8290,17035
202210,경인선,주안,19400,16686,36086
202210,경인선,중동,7891,7208,15099
202210,경춘선,가평,3796,4248,8044
202210,경춘선,갈매,2349,1956,4305
202210,경춘선,강촌,914,1030,1944
202210,경춘선,굴봉산,251,262,513
202210,경춘선,금곡,1358,1330,2688
202210,경춘선,김유정,823,1037,1860
202210,경춘선,남춘천,4286,4913,9199
202210,경춘선,대성리,768,1063,1831
202210,경춘선,마석,4126,3851,7977
202210,경춘선,백양리,143,142,285
202210,경춘선,별내,2623,2471,5094
202210,경춘선,사릉,2065,2009,4074
202210,경춘선,상천,601,520,1121
202210,경춘선,신내,1585,1506,3091
202210,경춘선,천마산,1589,1621,3210
202210,경춘선,청평,2327,2345,4672
202210,경춘선,춘천,3046,2680,5726
202210,경춘선,퇴계원,3052,2730,5782
202210,경춘선,평내호평,5758,5446,11204
202210,공항철도 1호선,검암,5561,5666,11227
202210,공항철도 1호선,계양,9715,8610,18325
202210,공항철도 1호선,공덕,2012,3430,5442
202210,공항철도 1호선,공항화물청사,1413,1429,2842
202210,공항철도 1호선,김포공항,12262,5749,18011
202210,공항철도 1호선,디지털미디어시티,8561,7895,16456
202210,공항철도 1호선,마곡나루,5563,6038,11601
202210,공항철도 1호선,서울역,12827,11698,24525
202210,공항철도 1호선,영종,4059,3987,8046
202210,공항철도 1호선,운서,7864,8312,16176
202210,공항철도 1호선,인천공항1터미널,9690,8609,18299
202210,공항철도 1호선,인천공항2터미널,3824,3263,7087
202210,공항철도 1호선,청라국제도시,5451,5332,10783
202210,공항철도 1호선,홍대입구,15866,16070,31936
202210,과천선,경마공원,13262,13351,26613
202210,과천선,과천,5885,5238,11123
202210,과천선,대공원,11516,12201,23717
202210,과천선,범계,24120,23698,47818
202210,과천선,선바위,6697,5763,12460
202210,과천선,인덕원,20047,19659,39706
202210,과천선,정부과천청사,7455,7302,14757
202210,과천선,평촌,11495,11073,22568
202210,분당선,가천대,7444,7295,14739
202210,분당선,강남구청,5854,7259,13113
202210,분당선,개포동,3185,3120,6305
202210,분당선,구룡,1686,1532,3218
202210,분당선,구성,3931,4068,7999
202210,분당선,기흥,7991,7670,15661
202210,분당선,대모산입구,3506,3209,6715
202210,분당선,도곡,5850,5146,10996
202210,분당선,망포,11042,10048,21090
202210,분당선,매교,3380,3453,6833
202210,분당선,매탄권선,4209,3946,8155
202210,분당선,모란,17706,18076,35782
202210,분당선,미금,11764,12143,23907
202210,분당선,보정,1942,1751,3693
202210,분당선,복정,1,0,1
202210,분당선,상갈,4641,4566,9207
202210,분당선,서울숲,11819,12739,24558
202210,분당선,서현,20625,21189,41814
202210,분당선,선릉,5848,9176,15024
202210,분당선,선정릉,3797,3823,7620
202210,분당선,수내,9787,9297,19084
202210,분당선,수서,12045,12677,24722
202210,분당선,수원,8794,7508,16302
202210,분당선,수원시청,12152,14493,26645
202210,분당선,신갈,3306,3334,6640
202210,분당선,압구정로데오,19248,23623,42871
202210,분당선,야탑,21183,22525,43708
202210,분당선,영통,7850,7878,15728
202210,분당선,오리,8825,7326,16151
202210,분당선,이매,4603,4498,9101
202210,분당선,정자,12413,12803,25216
202210,분당선,죽전,11848,13172,25020
202210,분당선,청명,3444,3368,6812
202210,분당선,태평,11913,11009,22922
202210,분당선,한티,14979,14406,29385
202210,수인선,고색,2982,2865,5847
202210,수인선,남동인더스파크,1178,1118,2296
202210,수인선,달월,117,136,253
202210,수인선,사리,4489,3693,8182
202210,수인선,소래포구,8640,8903,17543
202210,수인선,송도,2416,2201,4617
202210,수인선,숭의,3136,2873,6009
202210,수인선,신포,1620,1713,3333
202210,수인선,야목,268,235,503
202210,수인선,어천,1227,989,2216
202210,수인선,연수,4685,4705,9390
202210,수인선,오목천,2883,2223,5106
202210,수인선,원인재,4267,4342,8609
202210,수인선,월곶,5869,5583,11452
202210,수인선,인천,1438,2515,3953
202210,수인선,인천논현,5039,5228,10267
202210,수인선,인하대,5275,4831,10106
202210,수인선,호구포,3122,2896,6018
202210,신림선,관악산,4068,4428,8496
202210,신림선,당곡,3263,2885,6148
202210,신림선,대방,2683,1544,4227
202210,신림선,보라매,2371,2132,4503
202210,신림선,보라매공원,1514,1585,3099
202210,신림선,보라매병원,3395,3324,6719
202210,신림선,샛강,1239,1545,2784
202210,신림선,서울대벤처타운,6858,6082,12940
202210,신림선,서울지방병무청,2057,2261,4318
202210,신림선,서원,2580,2019,4599
202210,신림선,신림,1397,1949,3346
202210,안산선,고잔,9190,9130,18320
202210,안산선,대야미,4783,4144,8927
202210,안산선,반월,4102,3772,7874
202210,안산선,산본,14866,15644,30510
202210,안산선,상록수,14689,14420,29109
202210,안산선,수리산,3396,3113,6509
202210,안산선,신길온천,1905,1819,3724
202210,안산선,안산,11443,11746,23189
202210,안산선,오이도,9606,10138,19744
202210,안산선,정왕,8033,8175,16208
202210,안산선,중앙,19337,20261,39598
202210,안산선,초지,4367,4083,8450
202210,안산선,한대앞,8563,8572,17135
202210,우이신설선,4.19민주묘지,2844,2593,5437
202210,우이신설선,가오리,3648,3331,6979
202210,우이신설선,보문,1256,1345,2601
202210,우이신설선,북한산보국문,5835,5047,10882
202210,우이신설선,북한산우이,5462,5260,10722
202210,우이신설선,삼양,1721,1823,3544
202210,우이신설선,삼양사거리,2253,2182,4435
202210,우이신설선,성신여대입구,2988,3685,6673
202210,우이신설선,솔밭공원,2128,2041,4169
202210,우이신설선,솔샘,4523,4040,8563
202210,우이신설선,신설동,1692,1663,3355
202210,우이신설선,정릉,4641,3685,8326
202210,우이신설선,화계,2884,2596,5480
202210,일산선,대곡,1758,1585,3343
202210,일산선,대화,10665,9128,19793
202210,일산선,마두,6117,6157,12274
202210,일산선,백석,8723,8747,17470
202210,일산선,삼송,16796,16099,32895
202210,일산선,원당,9923,9231,19154
202210,일산선,원흥,8855,8176,17031
202210,일산선,정발산,7486,7933,15419
202210,일산선,주엽,8261,8063,16324
202210,일산선,화정,14945,15229,30174
202210,장항선,배방,1316,1284,2600
202210,장항선,봉명,954,884,1838
202210,장항선,신창,1587,1490,3077
202210,장항선,쌍용,2278,1923,4201
202210,장항선,아산,4248,4096,8344
202210,장항선,온양온천,4886,4863,9749
202210,장항선,탕정,1076,935,2011
202210,중앙선,구리,12169,12306,24475
202210,중앙선,국수,855,936,1791
202210,중앙선,덕소,5305,5276,10581
202210,중앙선,도농,9241,8498,17739
202210,중앙선,도심,1910,1564,3474
202210,중앙선,망우,7696,7558,15254
202210,중앙선,상봉,5712,5527,11239
202210,중앙선,신원,352,257,609
202210,중앙선,아신,702,713,1415
202210,중앙선,양수,2627,2631,5258
202210,중앙선,양원,2479,2208,4687
202210,중앙선,양정,677,558,1235
202210,중앙선,양평,3672,3868,7540
202210,중앙선,오빈,397,441,838
202210,중앙선,용문,3166,3488,6654
202210,중앙선,운길산,1591,1645,3236
202210,중앙선,원덕,488,534,1022
202210,중앙선,중랑,5255,4869,10124
202210,중앙선,지평,66,83,149
202210,중앙선,팔당,1447,1742,3189
202210,중앙선,회기,24029,22835,46864
202210,1호선,동대문,11255,11831,23086
202210,1호선,동묘앞,14136,14360,28496
202210,1호선,서울역,36000,35934,71934
202210,1호선,시청,14454,14554,29008
202210,1호선,신설동,8859,8713,17572
202210,1호선,제기동,11630,12043,23673
202210,1호선,종각,17558,14555,32113
202210,1호선,종로3가,19053,15964,35017
202210,1호선,종로5가,12883,12256,25139
202210,1호선,청량리,14723,14931,29654
202210,2호선,강남,35186,33713,68899
202210,2호선,강변,26120,25522,51642
202210,2호선,건대입구,27228,28044,55272
202210,2호선,교대,11996,13245,25241
202210,2호선,구로디지털단지,27870,26941,54811
202210,2호선,구의,12774,12746,25520
202210,2호선,낙성대,17662,18072,35734
202210,2호선,당산,10481,11909,22390
202210,2호선,대림,17557,18072,35629
202210,2호선,도림천,641,706,1347
202210,2호선,동대문역사문화공원,11675,14069,25744
202210,2호선,뚝섬,13125,12802,25927
202210,2호선,문래,8851,9445,18296
202210,2호선,방배,7364,7764,15128
202210,2호선,봉천,13665,13066,26731
202210,2호선,사당,27078,29942,57020
202210,2호선,삼성,25560,24119,49679
202210,2호선,상왕십리,7600,7587,15187
202210,2호선,서울대입구,28497,29174,57671
202210,2호선,서초,13715,12961,26676
202210,2호선,선릉,15084,13162,28246
202210,2호선,성수,17449,19245,36694
202210,2호선,시청,10572,9300,19872
202210,2호선,신답,904,935,1839
202210,2호선,신당,9264,9899,19163
202210,2호선,신대방,16738,16278,33016
202210,2호선,신도림,33534,34075,67609
202210,2호선,신림,38155,36846,75001
202210,2호선,신설동,3832,3710,7542
202210,2호선,신정네거리,6050,6197,12247
202210,2호선,신촌,26446,25956,52402
202210,2호선,아현,6050,5902,11952
202210,2호선,양천구청,3784,3831,7615
202210,2호선,역삼,12415,13569,25984
202210,2호선,영등포구청,9245,9414,18659
202210,2호선,왕십리,10416,9089,19505
202210,2호선,용답,1787,1781,3568
202210,2호선,용두,1208,1152,2360
202210,2호선,을지로3가,10846,9968,20814
202210,2호선,을지로4가,4933,5063,9996
202210,2호선,을지로입구,23152,21481,44633
202210,2호선,이대,8760,9524,18284
202210,2호선,잠실,63895,59443,123338
202210,2호선,잠실나루,5971,6127,12098
202210,2호선,잠실새내,13336,13762,27098
202210,2호선,종합운동장,23072,24955,48027
202210,2호선,충정로,4426,4880,9306
202210,2호선,한양대,3331,3949,7280
202210,2호선,합정,24552,25781,50333
202210,2호선,홍대입구,59761,59904,119665
202210,3호선,가락시장,4206,4377,8583
202210,3호선,경복궁,22621,24529,47150
202210,3호선,경찰병원,3004,3161,6165
202210,3호선,고속터미널,49547,45914,95461
202210,3호선,교대,5411,3269,8680
202210,3호선,구파발,13852,14437,28289
202210,3호선,금호,5170,5046,10216
202210,3호선,남부터미널,17455,18413,35868
202210,3호선,녹번,8342,7458,15800
202210,3호선,대청,4644,4527,9171
202210,3호선,대치,7833,6574,14407
202210,3호선,도곡,2127,2367,4494
202210,3호선,독립문,5211,5943,11154
202210,3호선,동대입구,9241,10585,19826
202210,3호선,매봉,4562,4558,9120
202210,3호선,무악재,2151,2335,4486
202210,3호선,불광,10739,12600,23339
202210,3호선,수서,12006,12137,24143
202210,3호선,신사,15308,15652,30960
202210,3호선,안국,21706,22648,44354
202210,3호선,압구정,16725,17603,34328
202210,3호선,약수,7962,7733,15695
202210,3호선,양재,16117,18289,34406
202210,3호선,연신내,23606,22029,45635
202210,3호선,오금,2990,3104,6094
202210,3호선,옥수,5776,5925,11701
202210,3호선,을지로3가,4685,4199,8884
202210,3호선,일원,4224,4353,8577
202210,3호선,잠원,2749,2876,5625
202210,3호선,종로3가,4993,6107,11100
202210,3호선,지축,3287,3114,6401
202210,3호선,충무로,2,0,2
202210,3호선,학여울,2321,2528,4849
202210,3호선,홍제,10547,10165,20712
202210,4호선,길음,12268,12375,24643
202210,4호선,남태령,920,616,1536
202210,4호선,노원,12818,13874,26692
202210,4호선,당고개,6311,5822,12133
202210,4호선,동대문,9176,9798,18974
202210,4호선,동대문역사문화공원,13129,11809,24938
202210,4호선,동작,1303,1347,2650
202210,4호선,명동,20285,22062,42347
202210,4호선,미아,8938,8414,17352
202210,4호선,미아사거리,17770,16810,34580
202210,4호선,사당,19239,17711,36950
202210,4호선,삼각지,3659,4977,8636
202210,4호선,상계,11610,10931,22541
202210,4호선,서울역,6014,15654,21668
202210,4호선,성신여대입구,13595,12858,26453
202210,4호선,수유,21822,21182,43004
202210,4호선,숙대입구,9108,8833,17941
202210,4호선,신용산,9943,10185,20128
202210,4호선,쌍문,17591,15826,33417
202210,4호선,이촌,6155,6651,12806
202210,4호선,창동,16555,17104,33659
202210,4호선,총신대입구,11352,12377,23729
202210,4호선,충무로,10386,11886,22272
202210,4호선,한성대입구,9145,9126,18271
202210,4호선,혜화,26548,27841,54389
202210,4호선,회현,11383,11714,23097
202210,5호선,강동,10235,10309,20544
202210,5호선,강일,2895,2639,5534
202210,5호선,개롱,3398,3603,7001
202210,5호선,개화산,2898,2869,5767
202210,5호선,거여,5026,4960,9986
202210,5호선,고덕,4686,4709,9395
202210,5호선,공덕,5784,5950,11734
202210,5호선,광나루,9420,8934,18354
202210,5호선,광화문,17459,16886,34345
202210,5호선,군자,6907,7580,14487
202210,5호선,굽은다리,5575,5305,10880
202210,5호선,길동,4623,4604,9227
202210,5호선,김포공항,6977,7092,14069
202210,5호선,까치산,17401,16793,34194
202210,5호선,답십리,8525,7864,16389
202210,5호선,동대문역사문화공원,1037,1129,2166
202210,5호선,둔촌동,5109,5037,10146
202210,5호선,마곡,4080,4228,8308
202210,5호선,마장,3216,3191,6407
202210,5호선,마천,4164,4446,8610
202210,5호선,마포,5725,5836,11561
202210,5호선,명일,5486,5502,10988
202210,5호선,목동,8814,9053,17867
202210,5호선,미사,9898,10068,19966
202210,5호선,발산,10460,10972,21432
202210,5호선,방이,4463,4297,8760
202210,5호선,방화,3663,3660,7323
202210,5호선,상일동,7235,7159,14394
202210,5호선,서대문,6447,6730,13177
202210,5호선,송정,3985,3877,7862
202210,5호선,신금호,3320,3695,7015
202210,5호선,신길,2385,2534,4919
202210,5호선,신정,7157,6327,13484
202210,5호선,아차산,12366,12107,24473
202210,5호선,애오개,2868,2982,5850
202210,5호선,양평,2923,2932,5855
202210,5호선,여의나루,17576,18648,36224
202210,5호선,여의도,9300,9862,19162
202210,5호선,영등포구청,1549,1524,3073
202210,5호선,영등포시장,6874,7107,13981
202210,5호선,오금,1682,1551,3233
202210,5호선,오목교,12399,12410,24809
202210,5호선,올림픽공원,3840,4443,8283
202210,5호선,왕십리,2720,3133,5853
202210,5호선,우장산,7613,7734,15347
202210,5호선,을지로4가,2235,2417,4652
202210,5호선,장한평,9281,9044,18325
202210,5호선,종로3가,11915,10338,22253
202210,5호선,천호,13857,12919,26776
202210,5호선,청구,1971,1883,3854
202210,5호선,충정로,1587,1648,3235
202210,5호선,하남검단산,5023,4867,9890
202210,5호선,하남시청,4553,4382,8935
202210,5호선,하남풍산,2476,2415,4891
202210,5호선,행당,4547,4197,8744
202210,5호선,화곡,15815,14849,30664
202210,6호선,고려대,4753,4807,9560
202210,6호선,공덕,8137,7631,15768
202210,6호선,광흥창,4574,4377,8951
202210,6호선,구산,4207,3367,7574
202210,6호선,녹사평,4567,4354,8921
202210,6호선,대흥,4468,4707,9175
202210,6호선,독바위,1727,2043,3770
202210,6호선,돌곶이,6237,5874,12111
202210,6호선,동묘앞,7711,7609,15320
202210,6호선,디지털미디어시티,6400,6832,13232
202210,6호선,마포구청,8532,7319,15851
202210,6호선,망원,11226,11985,23211
202210,6호선,버티고개,1247,1283,2530
202210,6호선,보문,4346,4197,8543
202210,6호선,봉화산,4343,4300,8643
202210,6호선,불광,3441,3105,6546
202210,6호선,삼각지,5030,3672,8702
202210,6호선,상수,7085,8026,15111
202210,6호선,상월곡,3607,3290,6897
202210,6호선,새절,7092,6937,14029
202210,6호선,석계,7003,7341,14344
202210,6호선,신내,2,0,2
202210,6호선,신당,5311,5893,11204
202210,6호선,안암,5082,5542,10624
202210,6호선,약수,1975,1941,3916
202210,6호선,역촌,2221,2581,4802
202210,6호선,연신내,1,0,1
202210,6호선,월곡,6142,6045,12187
202210,6호선,월드컵경기장,10141,11023,21164
202210,6호선,응암,10119,10072,20191
202210,6호선,이태원,14513,12313,26826
202210,6호선,증산,6101,6135,12236
202210,6호선,창신,1769,1620,3389
202210,6호선,청구,1940,1847,3787
202210,6호선,태릉입구,3609,3888,7497
202210,6호선,한강진,8219,9622,17841
202210,6호선,합정,10532,9856,20388
202210,6호선,화랑대,5749,5234,10983
202210,6호선,효창공원앞,6020,5801,11821
202210,7호선,가산디지털단지,13112,11779,24891
202210,7호선,강남구청,6753,7510,14263
202210,7호선,건대입구,7785,8595,16380
202210,7호선,고속터미널,15698,9616,25314
202210,7호선,공릉,6611,6717,13328
202210,7호선,광명사거리,13518,13450,26968
202210,7호선,군자,8795,6602,15397
202210,7호선,남구로,7587,7499,15086
202210,7호선,남성,6110,6057,12167
202210,7호선,내방,5732,5918,11650
202210,7호선,노원,12145,11905,24050
202210,7호선,논현,6248,6493,12741
202210,7호선,대림,8901,8271,17172
202210,7호선,도봉산,6856,9851,16707
202210,7호선,뚝섬유원지,8066,7668,15734
202210,7호선,마들,6680,6213,12893
202210,7호선,먹골,5773,5704,11477
202210,7호선,면목,8628,8588,17216
202210,7호선,반포,3228,3330,6558
202210,7호선,보라매,4322,4439,8761
202210,7호선,사가정,9634,9395,19029
202210,7호선,상도,5890,6036,11926
202210,7호선,상봉,10512,9478,19990
202210,7호선,수락산,8788,8682,17470
202210,7호선,숭실대입구,6443,6881,13324
202210,7호선,신대방삼거리,8295,8346,16641
202210,7호선,신풍,7029,6567,13596
202210,7호선,어린이대공원,10009,10507,20516
202210,7호선,온수,4485,4530,9015
202210,7호선,용마산,3493,4031,7524
202210,7호선,이수,9147,8330,17477
202210,7호선,장승배기,5005,4953,9958
202210,7호선,장암,1594,1003,2597
202210,7호선,중계,7607,7245,14852
202210,7호선,중곡,5802,5465,11267
202210,7호선,중화,6080,5980,12060
202210,7호선,천왕,5590,5374,10964
202210,7호선,철산,11888,11964,23852
202210,7호선,청담,7984,8683,16667
202210,7호선,태릉입구,5495,5309,10804
202210,7호선,하계,10503,10018,20521
202210,7호선,학동,7731,8227,15958
202210,8호선,가락시장,3597,4465,8062
202210,8호선,강동구청,4764,4879,9643
202210,8호선,남위례,3365,3559,6924
202210,8호선,남한산성입구,7490,6840,14330
202210,8호선,단대오거리,5981,5833,11814
202210,8호선,모란,2765,2334,5099
202210,8호선,몽촌토성,4832,4838,9670
202210,8호선,문정,6592,6697,13289
202210,8호선,복정,5483,5111,10594
202210,8호선,산성,3585,3813,7398
202210,8호선,석촌,4601,5843,10444
202210,8호선,송파,4538,4653,9191
202210,8호선,수진,3225,2955,6180
202210,8호선,신흥,3056,3105,6161
202210,8호선,암사,9859,9348,19207
202210,8호선,잠실,11612,13397,25009
202210,8호선,장지,9645,9694,19339
202210,8호선,천호,9409,10424,19833
202210,9호선,가양,12989,12489,25478
202210,9호선,개화,1338,1153,2491
202210,9호선,고속터미널,13988,19859,33847
202210,9호선,공항시장,1865,2099,3964
202210,9호선,구반포,603,607,1210
202210,9호선,국회의사당,6106,5716,11822
202210,9호선,김포공항,7171,10798,17969
202210,9호선,노들,3129,2687,5816
202210,9호선,노량진,16702,17561,34263
202210,9호선,당산,11584,11408,22992
202210,9호선,동작,1318,1099,2417
202210,9호선,등촌,5688,5553,11241
202210,9호선,마곡나루,6530,6477,13007
202210,9호선,사평,1712,1797,3509
202210,9호선,샛강,2419,2087,4506
202210,9호선,선유도,3330,3306,6636
202210,9호선,신논현,17398,16165,33563
202210,9호선,신목동,2102,1869,3971
202210,9호선,신반포,2538,2750,5288
202210,9호선,신방화,3774,3783,7557
202210,9호선,양천향교,4598,4801,9399
202210,9호선,여의도,10506,9557,20063
202210,9호선,염창,9908,9683,19591
202210,9호선,증미,2677,2672,5349
202210,9호선,흑석,4245,4532,8777
202210,9호선2~3단계,둔촌오륜,652,636,1288
202210,9호선2~3단계,봉은사,10473,10782,21255
202210,9호선2~3단계,삼성중앙,2385,2485,4870
202210,9호선2~3단계,삼전,3952,3924,7876
202210,9호선2~3단계,석촌,6075,5356,11431
202210,9호선2~3단계,석촌고분,3579,3518,7097
202210,9호선2~3단계,선정릉,3635,4152,7787
202210,9호선2~3단계,송파나루,3686,3906,7592
202210,9호선2~3단계,언주,4700,4755,9455
202210,9호선2~3단계,올림픽공원,10830,10150,20980
202210,9호선2~3단계,종합운동장,3332,2959,6291
202210,9호선2~3단계,중앙보훈병원,4399,4139,8538
202210,9호선2~3단계,한성백제,2139,1901,4040
202210,경강선,경기광주,4794,4693,9487
202210,경강선,곤지암,2009,2154,4163
202210,경강선,부발,1850,2414,4264
202210,경강선,삼동,1209,1188,2397
202210,경강선,세종대왕릉,430,388,818
202210,경강선,신둔도예촌,1129,1184,2313
202210,경강선,여주,3108,3009,6117
202210,경강선,이매,790,566,1356
202210,경강선,이천,2647,2769,5416
202210,경강선,초월,1891,1905,3796
202210,경강선,판교,2972,2800,5772
202210,경부선,가산디지털단지,5613,7689,13302
202210,경부선,관악,5586,5163,10749
202210,경부선,광명,3396,2398,5794
202210,경부선,구로,11586,11625,23211
202210,경부선,군포,3553,3304,6857
202210,경부선,금정,17359,17573,34932
202210,경부선,금천구청,7220,7130,14350
202210,경부선,남영,5429,5747,11176
202210,경부선,노량진,7256,7165,14421
202210,경부선,당정,3441,3414,6855
202210,경부선,대방,6211,6903,13114
202210,경부선,독산,7264,7217,14481
202210,경부선,두정,5426,6936,12362
202210,경부선,명학,3675,3631,7306
202210,경부선,병점,10843,11468,22311
202210,경부선,서동탄,856,928,1784
202210,경부선,서울역,10350,2442,12792
202210,경부선,서정리,5662,8411,14073
202210,경부선,석수,5960,5472,11432
202210,경부선,성균관대,9046,9676,18722
202210,경부선,성환,3065,3922,6987
202210,경부선,세류,2590,2518,5108
202210,경부선,세마,2092,1947,4039
202210,경부선,송탄,4114,5114,9228
202210,경부선,수원,39336,38226,77562
202210,경부선,신길,5359,4848,10207
202210,경부선,신도림,2682,2956,5638
202210,경부선,안양,15270,14691,29961
202210,경부선,영등포,37290,36534,73824
202210,경부선,오산,9535,9986,19521
202210,경부선,오산대,2940,2737,5677
202210,경부선,용산,39371,35904,75275
202210,경부선,의왕,5005,5032,10037
202210,경부선,직산,680,758,1438
202210,경부선,진위,1128,1090,2218
202210,경부선,천안,7616,7961,15577
202210,경부선,평택,13935,14995,28930
202210,경부선,평택지제,3253,3190,6443
202210,경부선,화서,5285,5059,10344
202210,경원선,가능,4637,4499,9136
202210,경원선,광운대,4330,4459,8789
202210,경원선,녹양,3246,3074,6320
202210,경원선,녹천,2702,2370,5072
202210,경원선,덕계,2450,2216,4666
202210,경원선,덕정,3957,4213,8170
202210,경원선,도봉,3998,3813,7811
202210,경원선,도봉산,11129,7879,19008
202210,경원선,동두천,1603,2097,3700
202210,경원선,동두천중앙,2605,2445,5050
202210,경원선,망월사,5980,6168,12148
202210,경원선,방학,6913,6479,13392
202210,경원선,보산,1439,1599,3038
202210,경원선,서빙고,2124,2337,4461
202210,경원선,석계,5743,6062,11805
202210,경원선,소요산,8956,8183,17139
202210,경원선,신이문,5226,4948,10174
202210,경원선,양주,5974,5827,11801
202210,경원선,옥수,47,24,71
202210,경원선,왕십리,10399,11997,22396
202210,경원선,외대앞,5002,5096,10098
202210,경원선,월계,4077,3768,7845
202210,경원선,응봉,1311,1239,2550
202210,경원선,의정부,16151,16261,32412
202210,경원선,이촌,2851,2151,5002
202210,경원선,지행,5327,5372,10699
202210,경원선,청량리,16502,15542,32044
202210,경원선,한남,2191,2090,4281
202210,경원선,회룡,8716,8753,17469
202210,경의선,가좌,3499,3443,6942
202210,경의선,강매,1818,1712,3530
202210,경의선,곡산,414,425,839
202210,경의선,공덕,2395,1810,4205
202210,경의선,금릉,3617,3449,7066
202210,경의선,금촌,5170,5521,10691
202210,경의선,능곡,2492,2440,4932
202210,경의선,디지털미디어시티,1716,1648,3364
202210,경의선,문산,6508,6589,13097
202210,경의선,백마,4053,3979,8032
202210,경의선,서강대,1547,1559,3106
202210,경의선,서울역,1506,1367,2873
202210,경의선,수색,1038,1141,2179
202210,경의선,신촌,314,323,637
202210,경의선,야당,6279,6058,12337
202210,경의선,운정,4813,4607,9420
202210,경의선,월롱,1203,2279,3482
202210,경의선,일산,6751,6430,13181
202210,경의선,임진강,106,173,279
202210,경의선,탄현,4836,4331,9167
202210,경의선,파주,850,775,1625
202210,경의선,풍산,4041,3770,7811
202210,경의선,행신,5329,5015,10344
202210,경의선,홍대입구,1937,2460,4397
202210,경의선,화전,981,1142,2123
202210,경의선,효창공원앞,1602,2000,3602
202210,경인선,간석,3679,3332,7011
202210,경인선,개봉,13748,13409,27157
202210,경인선,구일,3840,3735,7575
202210,경인선,도원,2086,2051,4137
202210,경인선,도화,2681,2492,5173
202210,경인선,동암,11570,11255,22825
202210,경인선,동인천,10507,10228,20735
202210,경인선,백운,4340,4411,8751
202210,경인선,부개,5490,5119,10609
202210,경인선,부천,24363,24131,48494
202210,경인선,부평,24398,24362,48760
202210,경인선,소사,6772,6432,13204
202210,경인선,송내,15513,15194,30707
202210,경인선,역곡,16408,16507,32915
202210,경인선,오류동,8071,7371,15442
202210,경인선,온수,4459,4033,8492
202210,경인선,인천,5097,4137,9234
202210,경인선,제물포,6248,6048,12296
202210,경인선,주안,13504,12110,25614
202210,경인선,중동,5735,5293,11028
202210,경춘선,가평,3987,3124,7111
202210,경춘선,갈매,1788,1541,3329
202210,경춘선,강촌,1061,774,1835
202210,경춘선,굴봉산,261,193,454
202210,경춘선,금곡,1090,984,2074
202210,경춘선,김유정,657,752,1409
202210,경춘선,남춘천,3746,3874,7620
202210,경춘선,대성리,1192,599,1791
202210,경춘선,마석,3643,3557,7200
202210,경춘선,백양리,168,172,340
202210,경춘선,별내,1972,1873,3845
202210,경춘선,사릉,1691,1616,3307
202210,경춘선,상천,652,518,1170
202210,경춘선,신내,1224,1249,2473
202210,경춘선,천마산,1324,1229,2553
202210,경춘선,청평,2185,1734,3919
202210,경춘선,춘천,3650,3152,6802
202210,경춘선,퇴계원,2603,2311,4914
202210,경춘선,평내호평,4221,4055,8276
202210,공항철도 1호선,검암,4310,4224,8534
202210,공항철도 1호선,계양,6758,6348,13106
202210,공항철도 1호선,공덕,1502,2241,3743
202210,공항철도 1호선,공항화물청사,1048,1110,2158
202210,공항철도 1호선,김포공항,11107,5677,16784
202210,공항철도 1호선,디지털미디어시티,4823,4755,9578
202210,공항철도 1호선,마곡나루,2917,3379,6296
202210,공항철도 1호선,서울역,11361,10282,21643
202210,공항철도 1호선,영종,3097,3228,6325
202210,공항철도 1호선,운서,6628,7281,13909
202210,공항철도 1호선,인천공항1터미널,9310,8551,17861
202210,공항철도 1호선,인천공항2터미널,3695,3305,7000
202210,공항철도 1호선,청라국제도시,3912,3773,7685
202210,공항철도 1호선,홍대입구,12841,11742,24583
202210,과천선,경마공원,16539,16818,33357
202210,과천선,과천,4397,4116,8513
202210,과천선,대공원,10026,10009,20035
202210,과천선,범계,17110,16492,33602
202210,과천선,선바위,4845,4277,9122
202210,과천선,인덕원,14470,14501,28971
202210,과천선,정부과천청사,5285,5164,10449
202210,과천선,평촌,7648,7439,15087
202210,분당선,가천대,4735,5671,10406
202210,분당선,강남구청,3661,4199,7860
202210,분당선,개포동,2308,2321,4629
202210,분당선,구룡,978,1157,2135
202210,분당선,구성,2727,2960,5687
202210,분당선,기흥,5737,5503,11240
202210,분당선,대모산입구,2404,2321,4725
202210,분당선,도곡,3280,3072,6352
202210,분당선,망포,7197,7469,14666
202210,분당선,매교,2396,2411,4807
202210,분당선,매탄권선,3049,2966,6015
202210,분당선,모란,12213,12571,24784
202210,분당선,미금,7817,8440,16257
202210,분당선,보정,1328,1242,2570
202210,분당선,상갈,3281,3397,6678
202210,분당선,서울숲,9076,9350,18426
202210,분당선,서현,15501,15462,30963
202210,분당선,선릉,3251,4856,8107
202210,분당선,선정릉,2384,2389,4773
202210,분당선,수내,6652,6349,13001
202210,분당선,수서,9663,9310,18973
202210,분당선,수원,6710,5750,12460
202210,분당선,수원시청,9063,8956,18019
202210,분당선,신갈,2311,2403,4714
202210,분당선,압구정로데오,12032,13123,25155
202210,분당선,야탑,15679,15873,31552
202210,분당선,영통,5271,5179,10450
202210,분당선,오리,5838,5067,10905
202210,분당선,이매,3593,3730,7323
202210,분당선,정자,8269,8744,17013
202210,분당선,죽전,8590,9445,18035
202210,분당선,청명,2366,2421,4787
202210,분당선,태평,8987,8505,17492
202210,분당선,한티,10648,10047,20695
202210,수인선,고색,1973,2055,4028
202210,수인선,남동인더스파크,727,724,1451
202210,수인선,달월,91,101,192
202210,수인선,사리,3247,2673,5920
202210,수인선,소래포구,7190,6990,14180
202210,수인선,송도,1811,1703,3514
202210,수인선,숭의,2281,2111,4392
202210,수인선,신포,1377,1285,2662
202210,수인선,야목,225,190,415
202210,수인선,어천,767,884,1651
202210,수인선,연수,3801,3685,7486
202210,수인선,오목천,1989,2044,4033
202210,수인선,원인재,3153,3289,6442
202210,수인선,월곶,4679,4261,8940
202210,수인선,인천,1300,1948,3248
202210,수인선,인천논현,3395,3482,6877
202210,수인선,인하대,3596,3634,7230
202210,수인선,호구포,2430,2487,4917
202210,신림선,관악산,4191,4614,8805
202210,신림선,당곡,2523,2496,5019
202210,신림선,대방,1731,1272,3003
202210,신림선,보라매,1883,1781,3664
202210,신림선,보라매공원,1308,1406,2714
202210,신림선,보라매병원,2248,2252,4500
202210,신림선,샛강,1014,1322,2336
202210,신림선,서울대벤처타운,5168,4984,10152
202210,신림선,서울지방병무청,1417,1677,3094
202210,신림선,서원,2036,1872,3908
202210,신림선,신림,1134,1566,2700
202210,안산선,고잔,5837,5830,11667
202210,안산선,대야미,3417,3204,6621
202210,안산선,반월,2895,2865,5760
202210,안산선,산본,10354,10733,21087
202210,안산선,상록수,10943,10787,21730
202210,안산선,수리산,2417,2378,4795
202210,안산선,신길온천,1559,1509,3068
202210,안산선,안산,11653,10635,22288
202210,안산선,오이도,7379,7250,14629
202210,안산선,정왕,6587,6979,13566
202210,안산선,중앙,14058,13760,27818
202210,안산선,초지,3060,2890,5950
202210,안산선,한대앞,6085,6225,12310
202210,우이신설선,4.19민주묘지,2268,1967,4235
202210,우이신설선,가오리,2599,2397,4996
202210,우이신설선,보문,1096,1087,2183
202210,우이신설선,북한산보국문,4241,3980,8221
202210,우이신설선,북한산우이,4805,4861,9666
202210,우이신설선,삼양,1279,1239,2518
202210,우이신설선,삼양사거리,1742,1689,3431
202210,우이신설선,성신여대입구,2402,2732,5134
202210,우이신설선,솔밭공원,1595,1538,3133
202210,우이신설선,솔샘,3312,3151,6463
202210,우이신설선,신설동,1429,1330,2759
202210,우이신설선,정릉,3415,2783,6198
202210,우이신설선,화계,2355,2165,4520
202210,일산선,대곡,1348,1116,2464
202210,일산선,대화,7393,6405,13798
202210,일산선,마두,4049,4114,8163
202210,일산선,백석,6221,5964,12185
202210,일산선,삼송,12418,12112,24530
202210,일산선,원당,6950,6622,13572
202210,일산선,원흥,6423,6127,12550
202210,일산선,정발산,6143,6129,12272
202210,일산선,주엽,5576,5548,11124
202210,일산선,화정,10862,10944,21806
202210,장항선,배방,1033,1117,2150
202210,장항선,봉명,655,746,1401
202210,장항선,신창,1257,2624,3881
202210,장항선,쌍용,1586,1776,3362
202210,장항선,아산,4718,3177,7895
202210,장항선,온양온천,4392,4298,8690
202210,장항선,탕정,754,821,1575
202210,중앙선,구리,8801,8854,17655
202210,중앙선,국수,833,686,1519
202210,중앙선,덕소,3782,3899,7681
202210,중앙선,도농,6490,6325,12815
202210,중앙선,도심,1404,1256,2660
202210,중앙선,망우,5664,5676,11340
202210,중앙선,상봉,4494,4595,9089
202210,중앙선,신원,325,172,497
202210,중앙선,아신,627,514,1141
202210,중앙선,양수,2237,1919,4156
202210,중앙선,양원,1613,1637,3250
202210,중앙선,양정,519,469,988
202210,중앙선,양평,4536,4188,8724
202210,중앙선,오빈,314,258,572
202210,중앙선,용문,2902,2462,5364
202210,중앙선,운길산,1512,1386,2898
202210,중앙선,원덕,488,400,888
202210,중앙선,중랑,3931,3792,7723
202210,중앙선,지평,65,67,132
202210,중앙선,팔당,1455,1578,3033
202210,중앙선,회기,17653,17703,35356
202210,1호선,동대문,11793,11692,23485
202210,1호선,동묘앞,13368,13923,27291
202210,1호선,서울역,56563,52503,109066
202210,1호선,시청,29385,33730,63115
202210,1호선,신설동,12126,11210,23336
202210,1호선,제기동,17859,18027,35886
202210,1호선,종각,29493,26971,56464
202210,1호선,종로3가,31103,28323,59426
202210,1호선,종로5가,24501,24855,49356
202210,1호선,청량리,20529,21319,41848
202210,2호선,강남,61621,63943,125564
202210,2호선,강변,34771,33821,68592
202210,2호선,건대입구,38615,42961,81576
202210,2호선,교대,19708,22365,42073
202210,2호선,구로디지털단지,40806,39366,80172
202210,2호선,구의,19201,17946,37147
202210,2호선,낙성대,25311,22778,48089
202210,2호선,당산,15609,16952,32561
202210,2호선,대림,21100,21879,42979
202210,2호선,도림천,902,977,1879
202210,2호선,동대문역사문화공원,13434,15379,28813
202210,2호선,뚝섬,19393,18949,38342
202210,2호선,문래,15121,16229,31350
202210,2호선,방배,11554,11682,23236
202210,2호선,봉천,19870,17723,37593
202210,2호선,사당,38749,44432,83181
202210,2호선,삼성,35026,36353,71379
202210,2호선,상왕십리,11588,10406,21994
202210,2호선,서울대입구,42522,40012,82534
202210,2호선,서초,13944,11552,25496
202210,2호선,선릉,27838,24797,52635
202210,2호선,성수,26132,30020,56152
202210,2호선,시청,21609,20049,41658
202210,2호선,신답,1289,1275,2564
202210,2호선,신당,13117,13536,26653
202210,2호선,신대방,22674,20917,43591
202210,2호선,신도림,47784,48794,96578
202210,2호선,신림,53290,50135,103425
202210,2호선,신설동,4089,3879,7968
202210,2호선,신정네거리,8895,8676,17571
202210,2호선,신촌,38733,39783,78516
202210,2호선,아현,9581,8533,18114
202210,2호선,양천구청,5607,5454,11061
202210,2호선,역삼,19683,21750,41433
202210,2호선,영등포구청,14762,15704,30466
202210,2호선,왕십리,16139,14290,30429
202210,2호선,용답,2526,2177,4703
202210,2호선,용두,2153,2039,4192
202210,2호선,을지로3가,16999,14842,31841
202210,2호선,을지로4가,10282,10167,20449
202210,2호선,을지로입구,34159,31918,66077
202210,2호선,이대,14793,14895,29688
202210,2호선,잠실,91587,88028,179615
202210,2호선,잠실나루,9267,8913,18180
202210,2호선,잠실새내,20587,21272,41859
202210,2호선,종합운동장,17067,18658,35725
202210,2호선,충정로,8232,8046,16278
202210,2호선,한양대,6638,7226,13864
202210,2호선,합정,35702,40634,76336
202210,2호선,홍대입구,84196,102651,186847
202210,3호선,가락시장,7438,7079,14517
202210,3호선,경복궁,37723,39786,77509
202210,3호선,경찰병원,4959,4714,9673
202210,3호선,고속터미널,59658,59574,119232
202210,3호선,교대,9204,5319,14523
202210,3호선,구파발,19307,19795,39102
202210,3호선,금호,7349,6768,14117
202210,3호선,남부터미널,25983,25670,51653
202210,3호선,녹번,12402,11011,23413
202210,3호선,대청,7287,6684,13971
202210,3호선,대치,11847,10458,22305
202210,3호선,도곡,4054,4443,8497
202210,3호선,독립문,8176,8906,17082
202210,3호선,동대입구,11625,13924,25549
202210,3호선,매봉,7161,6773,13934
202210,3호선,무악재,3630,3547,7177
202210,3호선,불광,14731,16931,31662
202210,3호선,수서,16918,16662,33580
202210,3호선,신사,26843,29757,56600
202210,3호선,안국,34497,37112,71609
202210,3호선,압구정,28049,30498,58547
202210,3호선,약수,11534,12174,23708
202210,3호선,양재,24859,27316,52175
202210,3호선,연신내,34264,31737,66001
202210,3호선,오금,4735,4422,9157
202210,3호선,옥수,8638,8387,17025
202210,3호선,을지로3가,8213,8311,16524
202210,3호선,일원,6629,6211,12840
202210,3호선,잠원,4484,4193,8677
202210,3호선,종로3가,7763,11354,19117
202210,3호선,지축,4990,4498,9488
202210,3호선,충무로,1,0,1
202210,3호선,학여울,3289,3436,6725
202210,3호선,홍제,15981,14801,30782
202210,4호선,길음,17936,16956,34892
202210,4호선,남태령,1674,861,2535
202210,4호선,노원,17878,20351,38229
202210,4호선,당고개,8195,7404,15599
202210,4호선,동대문,15877,16121,31998
202210,4호선,동대문역사문화공원,15928,13547,29475
202210,4호선,동작,1724,1803,3527
202210,4호선,명동,29456,32301,61757
202210,4호선,미아,12532,11363,23895
202210,4호선,미아사거리,25366,24078,49444
202210,4호선,사당,28340,25123,53463
202210,4호선,삼각지,7274,10173,17447
202210,4호선,상계,16453,15082,31535
202210,4호선,서울역,10227,22706,32933
202210,4호선,성신여대입구,19969,18979,38948
202210,4호선,수유,30563,29740,60303
202210,4호선,숙대입구,16040,12731,28771
202210,4호선,신용산,16355,16796,33151
202210,4호선,쌍문,24925,21822,46747
202210,4호선,이촌,21012,22223,43235
202210,4호선,창동,22982,23782,46764
202210,4호선,총신대입구,16915,18697,35612
202210,4호선,충무로,19628,22176,41804
202210,4호선,한성대입구,13880,13494,27374
202210,4호선,혜화,39569,41401,80970
202210,4호선,회현,27038,26525,53563
202210,5호선,강동,15208,14552,29760
202210,5호선,강일,4126,3527,7653
202210,5호선,개롱,5250,5308,10558
202210,5호선,개화산,4367,4151,8518
202210,5호선,거여,7856,7161,15017
202210,5호선,고덕,7942,7390,15332
202210,5호선,공덕,9695,9519,19214
202210,5호선,광나루,13632,12660,26292
202210,5호선,광화문,29622,31065,60687
202210,5호선,군자,10194,11132,21326
202210,5호선,굽은다리,8265,7661,15926
202210,5호선,길동,6839,6674,13513
202210,5호선,김포공항,7964,7780,15744
202210,5호선,까치산,24358,22265,46623
202210,5호선,답십리,12202,10935,23137
202210,5호선,동대문역사문화공원,1660,1915,3575
202210,5호선,둔촌동,7076,6790,13866
202210,5호선,마곡,6381,6531,12912
202210,5호선,마장,4618,4381,8999
202210,5호선,마천,5823,5902,11725
202210,5호선,마포,9228,9336,18564
202210,5호선,명일,7435,7110,14545
202210,5호선,목동,13347,13267,26614
202210,5호선,미사,14887,14825,29712
202210,5호선,발산,15831,17358,33189
202210,5호선,방이,6405,6177,12582
202210,5호선,방화,5605,5213,10818
202210,5호선,상일동,10980,10054,21034
202210,5호선,서대문,11631,10516,22147
202210,5호선,송정,5730,5228,10958
202210,5호선,신금호,4839,4979,9818
202210,5호선,신길,3657,3487,7144
202210,5호선,신정,10638,8759,19397
202210,5호선,아차산,16036,15472,31508
202210,5호선,애오개,4637,4243,8880
202210,5호선,양평,4424,4024,8448
202210,5호선,여의나루,21129,23053,44182
202210,5호선,여의도,13616,15310,28926
202210,5호선,영등포구청,2498,2327,4825
202210,5호선,영등포시장,10112,10435,20547
202210,5호선,오금,2749,2361,5110
202210,5호선,오목교,18406,18813,37219
202210,5호선,올림픽공원,4764,4535,9299
202210,5호선,왕십리,3902,5003,8905
202210,5호선,우장산,11456,10895,22351
202210,5호선,을지로4가,4676,4982,9658
202210,5호선,장한평,13755,13035,26790
202210,5호선,종로3가,18632,18422,37054
202210,5호선,천호,19013,18376,37389
202210,5호선,청구,2909,2964,5873
202210,5호선,충정로,2641,2169,4810
202210,5호선,하남검단산,6615,6320,12935
202210,5호선,하남시청,7093,6696,13789
202210,5호선,하남풍산,3333,3155,6488
202210,5호선,행당,6559,5592,12151
202210,5호선,화곡,23509,21076,44585
202210,6호선,고려대,8060,7229,15289
202210,6호선,공덕,13982,14377,28359
202210,6호선,광흥창,6519,5588,12107
202210,6호선,구산,6518,4659,11177
202210,6호선,녹사평,17411,14002,31413
202210,6호선,대흥,7713,7842,15555
202210,6호선,독바위,2409,2737,5146
202210,6호선,돌곶이,7405,6477,13882
202210,6호선,동묘앞,9497,9089,18586
202210,6호선,디지털미디어시티,9599,9552,19151
202210,6호선,마포구청,12550,10515,23065
202210,6호선,망원,15437,16519,31956
202210,6호선,버티고개,2239,2175,4414
202210,6호선,보문,6716,5731,12447
202210,6호선,봉화산,6503,6193,12696
202210,6호선,불광,4205,3883,8088
202210,6호선,삼각지,12966,7683,20649
202210,6호선,상수,11376,15775,27151
202210,6호선,상월곡,5120,4200,9320
202210,6호선,새절,10519,9560,20079
202210,6호선,석계,10253,10202,20455
202210,6호선,신내,2,0,2
202210,6호선,신당,6544,6349,12893
202210,6호선,안암,12633,18962,31595
202210,6호선,약수,3478,3809,7287
202210,6호선,역촌,2962,3497,6459
202210,6호선,월곡,9363,8527,17890
202210,6호선,월드컵경기장,11489,12202,23691
202210,6호선,응암,14590,14160,28750
202210,6호선,이태원,48459,81362,129821
202210,6호선,증산,8653,8246,16899
202210,6호선,창신,2558,2155,4713
202210,6호선,청구,3183,2799,5982
202210,6호선,태릉입구,5502,5620,11122
202210,6호선,한강진,18080,18437,36517
202210,6호선,합정,16898,18064,34962
202210,6호선,화랑대,9428,7404,16832
202210,6호선,효창공원앞,6395,5550,11945
202210,7호선,가산디지털단지,16576,14957,31533
202210,7호선,강남구청,11618,13326,24944
202210,7호선,건대입구,12289,12942,25231
202210,7호선,고속터미널,19097,13350,32447
202210,7호선,공릉,10672,10132,20804
202210,7호선,광명사거리,18667,18071,36738
202210,7호선,군자,12230,9033,21263
202210,7호선,까치울,1,0,1
202210,7호선,남구로,8845,9254,18099
202210,7호선,남성,8883,7990,16873
202210,7호선,내방,8660,8393,17053
202210,7호선,노원,17372,18182,35554
202210,7호선,논현,11087,11965,23052
202210,7호선,대림,7987,8752,16739
202210,7호선,도봉산,8778,11811,20589
202210,7호선,뚝섬유원지,11028,10185,21213
202210,7호선,마들,10917,9716,20633
202210,7호선,먹골,8683,8280,16963
202210,7호선,면목,12781,11591,24372
202210,7호선,반포,5376,5277,10653
202210,7호선,보라매,6341,6191,12532
202210,7호선,사가정,13867,13039,26906
202210,7호선,상도,9514,8455,17969
202210,7호선,상봉,15547,14683,30230
202210,7호선,수락산,11827,11316,23143
202210,7호선,숭실대입구,10836,10347,21183
202210,7호선,신대방삼거리,12162,11195,23357
202210,7호선,신풍,9190,8408,17598
202210,7호선,어린이대공원,14467,14063,28530
202210,7호선,온수,6356,6183,12539
202210,7호선,용마산,5391,5496,10887
202210,7호선,이수,13740,12604,26344
202210,7호선,장승배기,7309,6938,14247
202210,7호선,장암,2025,1543,3568
202210,7호선,중계,11265,9748,21013
202210,7호선,중곡,7975,7252,15227
202210,7호선,중화,8665,8057,16722
202210,7호선,천왕,8043,7348,15391
202210,7호선,철산,17940,17872,35812
202210,7호선,청담,12888,14264,27152
202210,7호선,태릉입구,7866,7319,15185
202210,7호선,하계,16864,15599,32463
202210,7호선,학동,13004,13971,26975
202210,8호선,가락시장,6288,6783,13071
202210,8호선,강동구청,7280,7114,14394
202210,8호선,남위례,4906,5013,9919
202210,8호선,남한산성입구,11213,9741,20954
202210,8호선,단대오거리,8645,7911,16556
202210,8호선,모란,6480,5600,12080
202210,8호선,몽촌토성,6401,6588,12989
202210,8호선,문정,10111,10115,20226
202210,8호선,복정,7343,6106,13449
202210,8호선,산성,5451,5415,10866
202210,8호선,석촌,6733,8627,15360
202210,8호선,송파,6888,6457,13345
202210,8호선,수진,4838,4312,9150
202210,8호선,신흥,4368,4560,8928
202210,8호선,암사,14450,12722,27172
202210,8호선,잠실,15783,19212,34995
202210,8호선,장지,14182,12648,26830
202210,8호선,천호,13200,15298,28498
202210,9호선,가양,16974,16304,33278
202210,9호선,개화,1755,1452,3207
202210,9호선,고속터미널,16821,24611,41432
202210,9호선,공항시장,2700,2700,5400
202210,9호선,구반포,1319,1276,2595
202210,9호선,국회의사당,10507,10748,21255
202210,9호선,김포공항,8448,12258,20706
202210,9호선,노들,4217,3445,7662
202210,9호선,노량진,26079,26140,52219
202210,9호선,당산,15779,14824,30603
202210,9호선,동작,2077,1782,3859
202210,9호선,등촌,8163,7427,15590
202210,9호선,마곡나루,9795,9540,19335
202210,9호선,사평,2948,2710,5658
202210,9호선,샛강,3443,3246,6689
202210,9호선,선유도,4953,4684,9637
202210,9호선,신논현,27922,28346,56268
202210,9호선,신목동,3055,2518,5573
202210,9호선,신반포,3829,4010,7839
202210,9호선,신방화,5418,4982,10400
202210,9호선,양천향교,6613,6102,12715
202210,9호선,여의도,14654,13896,28550
202210,9호선,염창,14360,13260,27620
202210,9호선,증미,3904,3444,7348
202210,9호선,흑석,7465,7127,14592
202210,9호선2~3단계,둔촌오륜,737,708,1445
202210,9호선2~3단계,봉은사,14979,16814,31793
202210,9호선2~3단계,삼성중앙,3905,3947,7852
202210,9호선2~3단계,삼전,5885,5139,11024
202210,9호선2~3단계,석촌,9049,7577,16626
202210,9호선2~3단계,석촌고분,5087,4772,9859
202210,9호선2~3단계,선정릉,5591,6370,11961
202210,9호선2~3단계,송파나루,4973,5278,10251
202210,9호선2~3단계,언주,6914,7145,14059
202210,9호선2~3단계,올림픽공원,8202,8587,16789
202210,9호선2~3단계,종합운동장,5036,4695,9731
202210,9호선2~3단계,중앙보훈병원,6278,5745,12023
202210,9호선2~3단계,한성백제,2751,2244,4995
202210,경강선,경기광주,6998,6081,13079
202210,경강선,곤지암,2818,2890,5708
202210,경강선,부발,2575,2310,4885
202210,경강선,삼동,1847,1687,3534
202210,경강선,세종대왕릉,513,540,1053
202210,경강선,신둔도예촌,1531,1451,2982
202210,경강선,여주,3279,3521,6800
202210,경강선,이매,1140,803,1943
202210,경강선,이천,3529,3682,7211
202210,경강선,초월,2814,2463,5277
202210,경강선,판교,3608,3571,7179
202210,경부선,가산디지털단지,7636,9897,17533
202210,경부선,관악,7289,6985,14274
202210,경부선,광명,3704,3079,6783
202210,경부선,구로,14972,15744,30716
202210,경부선,군포,5003,4464,9467
202210,경부선,금정,23293,23149,46442
202210,경부선,금천구청,10299,10100,20399
202210,경부선,남영,10360,8305,18665
202210,경부선,노량진,13564,13001,26565
202210,경부선,당정,5355,4876,10231
202210,경부선,대방,8554,9471,18025
202210,경부선,독산,11031,10439,21470
202210,경부선,두정,7416,7274,14690
202210,경부선,명학,5587,5187,10774
202210,경부선,병점,14952,14653,29605
202210,경부선,서동탄,1282,1293,2575
202210,경부선,서울역,12728,3238,15966
202210,경부선,서정리,9823,7432,17255
202210,경부선,석수,8332,7738,16070
202210,경부선,성균관대,13304,12896,26200
202210,경부선,성환,4055,3683,7738
202210,경부선,세류,3116,3051,6167
202210,경부선,세마,2921,2497,5418
202210,경부선,송탄,6533,5948,12481
202210,경부선,수원,46314,50294,96608
202210,경부선,신길,7273,6286,13559
202210,경부선,신도림,3814,4278,8092
202210,경부선,안양,21305,21046,42351
202210,경부선,영등포,46400,48998,95398
202210,경부선,오산,11572,10690,22262
202210,경부선,오산대,3929,3660,7589
202210,경부선,용산,49518,52302,101820
202210,경부선,의왕,7159,6839,13998
202210,경부선,직산,880,887,1767
202210,경부선,진위,1374,1152,2526
202210,경부선,천안,8711,8551,17262
202210,경부선,평택,16980,16338,33318
202210,경부선,평택지제,4798,4091,8889
202210,경부선,화서,7370,7233,14603
202210,경원선,가능,6137,5768,11905
202210,경원선,광운대,6470,6264,12734
202210,경원선,녹양,4295,4067,8362
202210,경원선,녹천,3836,3192,7028
202210,경원선,덕계,3197,2937,6134
202210,경원선,덕정,5810,5250,11060
202210,경원선,도봉,5319,4864,10183
202210,경원선,도봉산,12446,8684,21130
202210,경원선,동두천,2145,2673,4818
202210,경원선,동두천중앙,3258,3100,6358
202210,경원선,망월사,7194,7366,14560
202210,경원선,방학,8924,8540,17464
202210,경원선,보산,3616,3526,7142
202210,경원선,서빙고,2869,3125,5994
202210,경원선,석계,7992,8211,16203
202210,경원선,소요산,9363,8627,17990
202210,경원선,신이문,7243,6432,13675
202210,경원선,양주,7746,7095,14841
202210,경원선,옥수,42,33,75
202210,경원선,왕십리,15081,16747,31828
202210,경원선,외대앞,7956,7254,15210
202210,경원선,월계,5773,5196,10969
202210,경원선,응봉,2008,1746,3754
202210,경원선,의정부,20318,21627,41945
202210,경원선,이촌,4148,3071,7219
202210,경원선,지행,7893,7522,15415
202210,경원선,청량리,20320,20211,40531
202210,경원선,한남,3551,3559,7110
202210,경원선,회룡,11710,11359,23069
202210,경의선,가좌,5374,4984,10358
202210,경의선,강매,2547,2349,4896
202210,경의선,곡산,521,504,1025
202210,경의선,공덕,3752,2856,6608
202210,경의선,금릉,4880,4581,9461
202210,경의선,금촌,6786,6236,13022
202210,경의선,능곡,3529,3341,6870
202210,경의선,디지털미디어시티,2780,2306,5086
202210,경의선,문산,6281,5953,12234
202210,경의선,백마,5624,5137,10761
202210,경의선,서강대,2268,2378,4646
202210,경의선,서울역,2247,2218,4465
202210,경의선,수색,1995,1881,3876
202210,경의선,신촌,637,704,1341
202210,경의선,야당,7846,7820,15666
202210,경의선,운정,6303,5566,11869
202210,경의선,월롱,2131,1766,3897
202210,경의선,일산,7796,7155,14951
202210,경의선,임진강,110,78,188
202210,경의선,탄현,6951,6206,13157
202210,경의선,파주,1176,864,2040
202210,경의선,풍산,5211,4897,10108
202210,경의선,행신,6889,6841,13730
202210,경의선,홍대입구,2872,4026,6898
202210,경의선,화전,1478,1318,2796
202210,경의선,효창공원앞,2446,2537,4983
202210,경인선,간석,5028,4688,9716
202210,경인선,개봉,19303,18521,37824
202210,경인선,구일,5432,5179,10611
202210,경인선,도원,2615,2547,5162
202210,경인선,도화,4044,3752,7796
202210,경인선,동암,15276,15105,30381
202210,경인선,동인천,15968,15884,31852
202210,경인선,백운,6437,6334,12771
202210,경인선,부개,7397,6694,14091
202210,경인선,부천,32144,32634,64778
202210,경인선,부평,31647,35180,66827
202210,경인선,소사,8721,8408,17129
202210,경인선,송내,22655,21951,44606
202210,경인선,역곡,23679,22626,46305
202210,경인선,오류동,10898,9747,20645
202210,경인선,온수,5835,5184,11019
202210,경인선,인천,5684,4892,10576
202210,경인선,제물포,9064,8507,17571
202210,경인선,주안,19855,16770,36625
202210,경인선,중동,7841,6979,14820
202210,경춘선,가평,4737,4963,9700
202210,경춘선,갈매,2231,1951,4182
202210,경춘선,강촌,1036,1108,2144
202210,경춘선,굴봉산,243,243,486
202210,경춘선,금곡,1378,1261,2639
202210,경춘선,김유정,781,952,1733
202210,경춘선,남춘천,4018,4479,8497
202210,경춘선,대성리,1780,2140,3920
202210,경춘선,마석,4305,3981,8286
202210,경춘선,백양리,177,196,373
202210,경춘선,별내,2675,2520,5195
202210,경춘선,사릉,2150,2067,4217
202210,경춘선,상천,722,625,1347
202210,경춘선,신내,1702,1534,3236
202210,경춘선,천마산,1651,1585,3236
202210,경춘선,청평,2333,2550,4883
202210,경춘선,춘천,3376,2900,6276
202210,경춘선,퇴계원,3170,2784,5954
202210,경춘선,평내호평,5752,5434,11186
202210,공항철도 1호선,검암,5757,5708,11465
202210,공항철도 1호선,계양,9831,8599,18430
202210,공항철도 1호선,공덕,2097,3393,5490
202210,공항철도 1호선,공항화물청사,1385,1373,2758
202210,공항철도 1호선,김포공항,12328,5768,18096
202210,공항철도 1호선,디지털미디어시티,8012,7367,15379
202210,공항철도 1호선,마곡나루,4729,5230,9959
202210,공항철도 1호선,서울역,12942,12140,25082
202210,공항철도 1호선,영종,4038,4077,8115
202210,공항철도 1호선,운서,8377,8427,16804
202210,공항철도 1호선,인천공항1터미널,9849,8934,18783
202210,공항철도 1호선,인천공항2터미널,3730,3233,6963
202210,공항철도 1호선,청라국제도시,5374,5184,10558
202210,공항철도 1호선,홍대입구,17602,17729,35331
202210,과천선,경마공원,13822,13892,27714
202210,과천선,과천,6101,5599,11700
202210,과천선,대공원,12752,13194,25946
202210,과천선,범계,24441,24105,48546
202210,과천선,선바위,7251,5769,13020
202210,과천선,인덕원,20890,20197,41087
202210,과천선,정부과천청사,7764,7743,15507
202210,과천선,평촌,11957,11494,23451
202210,분당선,가천대,7945,7780,15725
202210,분당선,강남구청,6091,7459,13550
202210,분당선,개포동,3322,3190,6512
202210,분당선,구룡,2312,2020,4332
202210,분당선,구성,4047,4002,8049
202210,분당선,기흥,8448,7728,16176
202210,분당선,대모산입구,3710,3567,7277
202210,분당선,도곡,6119,5261,11380
202210,분당선,망포,11454,9935,21389
202210,분당선,매교,3436,3492,6928
202210,분당선,매탄권선,4340,3943,8283
202210,분당선,모란,25004,26133,51137
202210,분당선,미금,11555,12283,23838
202210,분당선,보정,2016,1867,3883
202210,분당선,복정,4,0,4
202210,분당선,상갈,4712,4581,9293
202210,분당선,서울숲,14191,15685,29876
202210,분당선,서현,20859,21176,42035
202210,분당선,선릉,5969,9373,15342
202210,분당선,선정릉,3848,3836,7684
202210,분당선,수내,10012,9249,19261
202210,분당선,수서,13070,13346,26416
202210,분당선,수원,8916,7569,16485
202210,분당선,수원시청,13130,15784,28914
202210,분당선,신갈,3436,3491,6927
202210,분당선,압구정로데오,20368,26286,46654
202210,분당선,야탑,21345,22051,43396
202210,분당선,영통,7998,7789,15787
202210,분당선,오리,8867,7158,16025
202210,분당선,이매,4990,4934,9924
202210,분당선,정자,12437,12957,25394
202210,분당선,죽전,12839,13858,26697
202210,분당선,청명,3499,3328,6827
202210,분당선,태평,12471,11552,24023
202210,분당선,한티,14873,14263,29136
202210,수인선,고색,3102,3062,6164
202210,수인선,남동인더스파크,1073,966,2039
202210,수인선,달월,67,78,145
202210,수인선,사리,4317,3386,7703
202210,수인선,소래포구,7931,8115,16046
202210,수인선,송도,2333,2209,4542
202210,수인선,숭의,3110,2897,6007
202210,수인선,신포,1797,1804,3601
202210,수인선,야목,304,276,580
202210,수인선,어천,1126,882,2008
202210,수인선,연수,4711,4670,9381
202210,수인선,오목천,3026,2415,5441
202210,수인선,원인재,4281,4398,8679
202210,수인선,월곶,2501,2320,4821
202210,수인선,인천,1354,2405,3759
202210,수인선,인천논현,4981,5153,10134
202210,수인선,인하대,5523,4995,10518
202210,수인선,호구포,3174,2847,6021
202210,신림선,관악산,4589,4874,9463
202210,신림선,당곡,3263,2950,6213
202210,신림선,대방,2566,1625,4191
202210,신림선,보라매,2611,2283,4894
202210,신림선,보라매공원,1534,1665,3199
202210,신림선,보라매병원,3555,3629,7184
202210,신림선,샛강,1267,1610,2877
202210,신림선,서울대벤처타운,7176,6188,13364
202210,신림선,서울지방병무청,2196,2366,4562
202210,신림선,서원,2594,2103,4697
202210,신림선,신림,1438,2022,3460
202210,안산선,고잔,8564,8478,17042
202210,안산선,대야미,4734,4028,8762
202210,안산선,반월,4118,3814,7932
202210,안산선,산본,15246,16299,31545
202210,안산선,상록수,14810,14421,29231
202210,안산선,수리산,3517,3171,6688
202210,안산선,신길온천,1913,1808,3721
202210,안산선,안산,11419,11835,23254
202210,안산선,오이도,9252,9172,18424
202210,안산선,정왕,8156,7924,16080
202210,안산선,중앙,19675,20422,40097
202210,안산선,초지,4502,4313,8815
202210,안산선,한대앞,8854,8527,17381
202210,우이신설선,4.19민주묘지,3548,3260,6808
202210,우이신설선,가오리,3621,3297,6918
202210,우이신설선,보문,1338,1367,2705
202210,우이신설선,북한산보국문,6098,5057,11155
202210,우이신설선,북한산우이,6326,6333,12659
202210,우이신설선,삼양,1772,1807,3579
202210,우이신설선,삼양사거리,2319,2177,4496
202210,우이신설선,성신여대입구,3519,4119,7638
202210,우이신설선,솔밭공원,2171,1962,4133
202210,우이신설선,솔샘,4802,4206,9008
202210,우이신설선,신설동,1730,1788,3518
202210,우이신설선,정릉,4700,3799,8499
202210,우이신설선,화계,3055,2741,5796
202210,일산선,대곡,1860,1610,3470
202210,일산선,대화,24180,21625,45805
202210,일산선,마두,6141,5966,12107
202210,일산선,백석,8813,8921,17734
202210,일산선,삼송,16987,16082,33069
202210,일산선,원당,9989,9265,19254
202210,일산선,원흥,9355,8454,17809
202210,일산선,정발산,7929,8339,16268
202210,일산선,주엽,8326,7868,16194
202210,일산선,화정,15302,15536,30838
202210,장항선,배방,1389,1334,2723
202210,장항선,봉명,1014,936,1950
202210,장항선,신창,1788,1586,3374
202210,장항선,쌍용,2403,2087,4490
202210,장항선,아산,4466,4238,8704
202210,장항선,온양온천,7247,7270,14517
202210,장항선,탕정,1146,956,2102
202210,중앙선,구리,12249,12560,24809
202210,중앙선,국수,964,882,1846
202210,중앙선,덕소,5411,5342,10753
202210,중앙선,도농,9294,8499,17793
202210,중앙선,도심,1901,1597,3498
202210,중앙선,망우,8158,7765,15923
202210,중앙선,상봉,5786,5695,11481
202210,중앙선,신원,328,254,582
202210,중앙선,아신,702,770,1472
202210,중앙선,양수,2826,2697,5523
202210,중앙선,양원,2421,2185,4606
202210,중앙선,양정,686,590,1276
202210,중앙선,양평,3547,3745,7292
202210,중앙선,오빈,362,373,735
202210,중앙선,용문,3757,4051,7808
202210,중앙선,운길산,1707,1743,3450
202210,중앙선,원덕,485,522,1007
202210,중앙선,중랑,5237,4934,10171
202210,중앙선,지평,56,79,135
202210,중앙선,팔당,1637,1845,3482
202210,중앙선,회기,26129,23734,49863
202210,1호선,동대문,10592,11021,21613
202210,1호선,동묘앞,13323,13612,26935
202210,1호선,서울역,38311,39081,77392
202210,1호선,시청,13734,12788,26522
202210,1호선,신설동,8832,8718,17550
202210,1호선,제기동,10857,11376,22233
202210,1호선,종각,17769,14254,32023
202210,1호선,종로3가,18934,15538,34472
202210,1호선,종로5가,12198,11730,23928
202210,1호선,청량리,14271,14575,28846
202210,2호선,강남,36245,33716,69961
202210,2호선,강변,26784,26361,53145
202210,2호선,건대입구,27821,28957,56778
202210,2호선,교대,11934,13375,25309
202210,2호선,구로디지털단지,27357,26993,54350
202210,2호선,구의,12841,12926,25767
202210,2호선,낙성대,17604,18164,35768
202210,2호선,당산,10382,11314,21696
202210,2호선,대림,17895,18394,36289
202210,2호선,도림천,507,502,1009
202210,2호선,동대문역사문화공원,9438,11441,20879
202210,2호선,뚝섬,13888,13849,27737
202210,2호선,문래,9718,10526,20244
202210,2호선,방배,7299,7626,14925
202210,2호선,봉천,13338,13151,26489
202210,2호선,사당,25900,28675,54575
202210,2호선,삼성,24630,23548,48178
202210,2호선,상왕십리,7668,7746,15414
202210,2호선,서울대입구,28707,29642,58349
202210,2호선,서초,13338,12390,25728
202210,2호선,선릉,15502,13086,28588
202210,2호선,성수,17360,19354,36714
202210,2호선,시청,10052,8714,18766
202210,2호선,신답,836,918,1754
202210,2호선,신당,8817,9171,17988
202210,2호선,신대방,16654,16535,33189
202210,2호선,신도림,32477,33353,65830
202210,2호선,신림,38348,37358,75706
202210,2호선,신설동,3552,3405,6957
202210,2호선,신정네거리,5899,5999,11898
202210,2호선,신촌,25869,24920,50789
202210,2호선,아현,5931,5883,11814
202210,2호선,양천구청,4357,4177,8534
202210,2호선,역삼,11884,13170,25054
202210,2호선,영등포구청,9768,10090,19858
202210,2호선,왕십리,10655,9701,20356
202210,2호선,용답,1864,1980,3844
202210,2호선,용두,1286,1250,2536
202210,2호선,을지로3가,11292,10892,22184
202210,2호선,을지로4가,5165,4962,10127
202210,2호선,을지로입구,22253,20936,43189
202210,2호선,이대,9516,10521,20037
202210,2호선,잠실,63695,59307,123002
202210,2호선,잠실나루,6141,6391,12532
202210,2호선,잠실새내,12674,12917,25591
202210,2호선,종합운동장,10354,11013,21367
202210,2호선,충정로,4489,4957,9446
202210,2호선,한양대,3466,4156,7622
202210,2호선,합정,24718,25118,49836
202210,2호선,홍대입구,62517,57812,120329
202210,3호선,가락시장,4302,4453,8755
202210,3호선,경복궁,22864,26549,49413
202210,3호선,경찰병원,3067,3207,6274
202210,3호선,고속터미널,48668,46693,95361
202210,3호선,교대,5319,3156,8475
202210,3호선,구파발,13808,14550,28358
202210,3호선,금호,5223,5031,10254
202210,3호선,남부터미널,17271,18813,36084
202210,3호선,녹번,8195,7456,15651
202210,3호선,대청,4504,4574,9078
202210,3호선,대치,7749,6538,14287
202210,3호선,도곡,2312,2569,4881
202210,3호선,독립문,5025,5780,10805
202210,3호선,동대입구,6886,8128,15014
202210,3호선,매봉,4371,4254,8625
202210,3호선,무악재,2228,2442,4670
202210,3호선,불광,11476,13167,24643
202210,3호선,수서,11843,12252,24095
202210,3호선,신사,15728,15492,31220
202210,3호선,안국,21384,22695,44079
202210,3호선,압구정,16346,16753,33099
202210,3호선,약수,7889,7422,15311
202210,3호선,양재,16087,17971,34058
202210,3호선,연신내,23210,21742,44952
202210,3호선,오금,3007,3073,6080
202210,3호선,옥수,5762,5912,11674
202210,3호선,을지로3가,4661,4226,8887
202210,3호선,일원,4018,4329,8347
202210,3호선,잠원,2710,2613,5323
202210,3호선,종로3가,4856,6235,11091
202210,3호선,지축,3385,3047,6432
202210,3호선,학여울,2473,2600,5073
202210,3호선,홍제,10806,10436,21242
202210,4호선,길음,12485,12571,25056
202210,4호선,남태령,976,599,1575
202210,4호선,노원,12844,13811,26655
202210,4호선,당고개,6146,5849,11995
202210,4호선,동대문,8818,9202,18020
202210,4호선,동대문역사문화공원,11757,10336,22093
202210,4호선,동작,1212,1300,2512
202210,4호선,명동,20737,22672,43409
202210,4호선,미아,9340,8906,18246
202210,4호선,미아사거리,17260,16487,33747
202210,4호선,사당,18637,17045,35682
202210,4호선,삼각지,3882,5155,9037
202210,4호선,상계,11609,10848,22457
202210,4호선,서울역,5887,16513,22400
202210,4호선,성신여대입구,13808,13102,26910
202210,4호선,수유,22426,21818,44244
202210,4호선,숙대입구,9193,9073,18266
202210,4호선,신용산,10158,10618,20776
202210,4호선,쌍문,17697,15961,33658
202210,4호선,이촌,7203,7867,15070
202210,4호선,창동,16739,17416,34155
202210,4호선,총신대입구,11350,12288,23638
202210,4호선,충무로,11465,13068,24533
202210,4호선,한성대입구,9062,9184,18246
202210,4호선,혜화,27950,29549,57499
202210,4호선,회현,11361,11559,22920
202210,5호선,강동,10192,9856,20048
202210,5호선,강일,2747,2574,5321
202210,5호선,개롱,3311,3690,7001
202210,5호선,개화산,2928,3054,5982
202210,5호선,거여,5115,5075,10190
202210,5호선,고덕,4688,4940,9628
202210,5호선,공덕,5457,5518,10975
202210,5호선,광나루,8954,8661,17615
202210,5호선,광화문,17095,16880,33975
202210,5호선,군자,6836,7461,14297
202210,5호선,굽은다리,5851,5482,11333
202210,5호선,길동,4534,4542,9076
202210,5호선,김포공항,6634,6421,13055
202210,5호선,까치산,17043,16352,33395
202210,5호선,답십리,8572,7860,16432
202210,5호선,동대문역사문화공원,1082,1169,2251
202210,5호선,둔촌동,5149,5123,10272
202210,5호선,마곡,4078,4289,8367
202210,5호선,마장,3178,3032,6210
202210,5호선,마천,4111,4366,8477
202210,5호선,마포,5538,5477,11015
202210,5호선,명일,5928,5927,11855
202210,5호선,목동,8617,8654,17271
202210,5호선,미사,10021,10268,20289
202210,5호선,발산,10162,10885,21047
202210,5호선,방이,4508,4288,8796
202210,5호선,방화,3863,3783,7646
202210,5호선,상일동,7191,7015,14206
202210,5호선,서대문,5886,6113,11999
202210,5호선,송정,4015,3923,7938
202210,5호선,신금호,3194,3505,6699
202210,5호선,신길,2398,2579,4977
202210,5호선,신정,6956,6407,13363
202210,5호선,아차산,12388,12315,24703
202210,5호선,애오개,2919,2881,5800
202210,5호선,양평,2925,2953,5878
202210,5호선,여의나루,14055,14810,28865
202210,5호선,여의도,8949,9524,18473
202210,5호선,영등포구청,1580,1582,3162
202210,5호선,영등포시장,6785,6991,13776
202210,5호선,오금,1691,1635,3326
202210,5호선,오목교,12019,12640,24659
202210,5호선,올림픽공원,3568,3535,7103
202210,5호선,왕십리,2646,3278,5924
202210,5호선,우장산,7472,7701,15173
202210,5호선,을지로4가,2073,2194,4267
202210,5호선,장한평,8963,8708,17671
202210,5호선,종로3가,11868,10280,22148
202210,5호선,천호,13548,12914,26462
202210,5호선,청구,2116,1943,4059
202210,5호선,충정로,1649,1608,3257
202210,5호선,하남검단산,4944,4988,9932
202210,5호선,하남시청,4778,4510,9288
202210,5호선,하남풍산,2434,2356,4790
202210,5호선,행당,4484,3991,8475
202210,5호선,화곡,15567,14745,30312
202210,6호선,고려대,5148,4904,10052
202210,6호선,공덕,8092,7680,15772
202210,6호선,광흥창,4431,4366,8797
202210,6호선,구산,4193,3261,7454
202210,6호선,녹사평,5504,3307,8811
202210,6호선,대흥,4396,4731,9127
202210,6호선,독바위,1742,2128,3870
202210,6호선,돌곶이,6181,5813,11994
202210,6호선,동묘앞,7128,6852,13980
202210,6호선,디지털미디어시티,6289,6540,12829
202210,6호선,마포구청,7963,7051,15014
202210,6호선,망원,10453,11054,21507
202210,6호선,버티고개,1229,1299,2528
202210,6호선,보문,4561,4304,8865
202210,6호선,봉화산,4441,4491,8932
202210,6호선,불광,3105,3074,6179
202210,6호선,삼각지,5094,3906,9000
202210,6호선,상수,7942,7708,15650
202210,6호선,상월곡,3564,3322,6886
202210,6호선,새절,7023,6887,13910
202210,6호선,석계,7027,7502,14529
202210,6호선,신당,3860,4489,8349
202210,6호선,안암,7984,5752,13736
202210,6호선,약수,1903,2026,3929
202210,6호선,역촌,2153,2534,4687
202210,6호선,월곡,6211,6120,12331
202210,6호선,월드컵경기장,8104,8571,16675
202210,6호선,응암,10191,10376,20567
202210,6호선,이태원,13537,8216,21753
202210,6호선,증산,5833,6010,11843
202210,6호선,창신,1845,1636,3481
202210,6호선,청구,2012,1893,3905
202210,6호선,태릉입구,3695,3928,7623
202210,6호선,한강진,8901,8154,17055
202210,6호선,합정,10228,9605,19833
202210,6호선,화랑대,5920,5675,11595
202210,6호선,효창공원앞,3974,3629,7603
202210,7호선,가산디지털단지,11863,10989,22852
202210,7호선,강남구청,6605,7278,13883
202210,7호선,건대입구,8241,8606,16847
202210,7호선,고속터미널,16774,9916,26690
202210,7호선,공릉,7255,7358,14613
202210,7호선,광명사거리,13113,13130,26243
202210,7호선,군자,8465,6508,14973
202210,7호선,남구로,7558,7204,14762
202210,7호선,남성,6054,6037,12091
202210,7호선,내방,5512,5670,11182
202210,7호선,노원,11705,11717,23422
202210,7호선,논현,6251,6225,12476
202210,7호선,대림,8724,8121,16845
202210,7호선,도봉산,6835,9804,16639
202210,7호선,뚝섬유원지,8464,7802,16266
202210,7호선,마들,6738,6300,13038
202210,7호선,먹골,5867,5764,11631
202210,7호선,면목,8550,8369,16919
202210,7호선,반포,3226,3308,6534
202210,7호선,보라매,4291,4371,8662
202210,7호선,사가정,9781,9534,19315
202210,7호선,상도,6319,6527,12846
202210,7호선,상봉,10610,9875,20485
202210,7호선,수락산,8804,8792,17596
202210,7호선,숭실대입구,6724,7414,14138
202210,7호선,신대방삼거리,8476,8325,16801
202210,7호선,신풍,7047,6783,13830
202210,7호선,어린이대공원,9968,10120,20088
202210,7호선,온수,4374,4535,8909
202210,7호선,용마산,3422,3798,7220
202210,7호선,이수,9162,8515,17677
202210,7호선,장승배기,5003,5040,10043
202210,7호선,장암,1627,1008,2635
202210,7호선,중계,7654,7115,14769
202210,7호선,중곡,5867,5699,11566
202210,7호선,중화,6207,5886,12093
202210,7호선,천왕,5403,5369,10772
202210,7호선,철산,11927,11868,23795
202210,7호선,청담,8365,8887,17252
202210,7호선,태릉입구,5760,5552,11312
202210,7호선,하계,11787,11640,23427
202210,7호선,학동,7501,7858,15359
202210,8호선,가락시장,3460,4344,7804
202210,8호선,강동구청,4921,5071,9992
202210,8호선,남위례,3175,3361,6536
202210,8호선,남한산성입구,7510,7023,14533
202210,8호선,단대오거리,5827,5827,11654
202210,8호선,모란,2764,2411,5175
202210,8호선,몽촌토성,4240,4199,8439
202210,8호선,문정,6629,6982,13611
202210,8호선,복정,5664,5147,10811
202210,8호선,산성,3560,3854,7414
202210,8호선,석촌,4500,6115,10615
202210,8호선,송파,4364,4379,8743
202210,8호선,수진,3215,2869,6084
202210,8호선,신흥,3002,3190,6192
202210,8호선,암사,9572,9119,18691
202210,8호선,잠실,11442,12786,24228
202210,8호선,장지,9847,9741,19588
202210,8호선,천호,9317,10494,19811
202210,9호선,가양,12531,12001,24532
202210,9호선,개화,1278,1098,2376
202210,9호선,고속터미널,13394,19832,33226
202210,9호선,공항시장,1911,2142,4053
202210,9호선,구반포,593,616,1209
202210,9호선,국회의사당,5837,5559,11396
202210,9호선,김포공항,6702,9776,16478
202210,9호선,노들,3203,2823,6026
202210,9호선,노량진,16419,17221,33640
202210,9호선,당산,10429,10139,20568
202210,9호선,동작,1386,1128,2514
202210,9호선,등촌,5636,5609,11245
202210,9호선,마곡나루,6676,6410,13086
202210,9호선,사평,1797,1827,3624
202210,9호선,샛강,2117,1968,4085
202210,9호선,선유도,3329,3352,6681
202210,9호선,신논현,17303,15739,33042
202210,9호선,신목동,2040,1752,3792
202210,9호선,신반포,2240,2400,4640
202210,9호선,신방화,3676,3742,7418
202210,9호선,양천향교,4481,4718,9199
202210,9호선,여의도,10382,9533,19915
202210,9호선,염창,9633,9504,19137
202210,9호선,증미,2589,2534,5123
202210,9호선,흑석,4412,4707,9119
202210,9호선2~3단계,둔촌오륜,619,604,1223
202210,9호선2~3단계,봉은사,10817,11080,21897
202210,9호선2~3단계,삼성중앙,2378,2398,4776
202210,9호선2~3단계,삼전,3903,3790,7693
202210,9호선2~3단계,석촌,5924,5305,11229
202210,9호선2~3단계,석촌고분,3541,3589,7130
202210,9호선2~3단계,선정릉,3511,3994,7505
202210,9호선2~3단계,송파나루,3421,3702,7123
202210,9호선2~3단계,언주,4483,4495,8978
202210,9호선2~3단계,올림픽공원,6252,6804,13056
202210,9호선2~3단계,종합운동장,3713,3256,6969
202210,9호선2~3단계,중앙보훈병원,4178,3980,8158
202210,9호선2~3단계,한성백제,2021,1729,3750
202210,경강선,경기광주,4777,4716,9493
202210,경강선,곤지암,2230,2276,4506
202210,경강선,부발,1877,2371,4248
202210,경강선,삼동,1265,1257,2522
202210,경강선,세종대왕릉,386,387,773
202210,경강선,신둔도예촌,1126,1135,2261
202210,경강선,여주,2895,2826,5721
202210,경강선,이매,903,638,1541
202210,경강선,이천,2579,2697,5276
202210,경강선,초월,1934,1967,3901
202210,경강선,판교,2867,2715,5582
202210,경부선,가산디지털단지,5596,7332,12928
202210,경부선,관악,5865,5179,11044
202210,경부선,광명,3274,2419,5693
202210,경부선,구로,11486,11540,23026
202210,경부선,군포,3282,3054,6336
202210,경부선,금정,17062,17229,34291
202210,경부선,금천구청,6951,7000,13951
202210,경부선,남영,5678,5711,11389
202210,경부선,노량진,7885,7857,15742
202210,경부선,당정,3534,3438,6972
202210,경부선,대방,5928,6750,12678
202210,경부선,독산,7209,7253,14462
202210,경부선,두정,5442,7499,12941
202210,경부선,명학,3652,3587,7239
202210,경부선,병점,11100,11722,22822
202210,경부선,서동탄,907,933,1840
202210,경부선,서울역,10972,2642,13614
202210,경부선,서정리,5414,8226,13640
202210,경부선,석수,5745,5516,11261
202210,경부선,성균관대,9009,9691,18700
202210,경부선,성환,3061,3939,7000
202210,경부선,세류,2545,2446,4991
202210,경부선,세마,2037,1922,3959
202210,경부선,송탄,4051,5019,9070
202210,경부선,수원,38751,38230,76981
202210,경부선,신길,5371,4658,10029
202210,경부선,신도림,2694,2950,5644
202210,경부선,안양,15190,14537,29727
202210,경부선,영등포,36966,35795,72761
202210,경부선,오산,9100,9504,18604
202210,경부선,오산대,2946,2789,5735
202210,경부선,용산,40069,37513,77582
202210,경부선,의왕,4711,4853,9564
202210,경부선,직산,679,784,1463
202210,경부선,진위,1116,1108,2224
202210,경부선,천안,7616,8165,15781
202210,경부선,평택,13928,15048,28976
202210,경부선,평택지제,3298,3228,6526
202210,경부선,화서,5226,5050,10276
202210,경원선,가능,4705,4434,9139
202210,경원선,광운대,4604,4863,9467
202210,경원선,녹양,3397,3152,6549
202210,경원선,녹천,2975,2555,5530
202210,경원선,덕계,2270,2111,4381
202210,경원선,덕정,3974,4166,8140
202210,경원선,도봉,4024,3753,7777
202210,경원선,도봉산,11543,8419,19962
202210,경원선,동두천,1553,2128,3681
202210,경원선,동두천중앙,2620,2589,5209
202210,경원선,망월사,5255,5594,10849
202210,경원선,방학,6760,6478,13238
202210,경원선,보산,1417,1628,3045
202210,경원선,서빙고,2132,2061,4193
202210,경원선,석계,5765,6210,11975
202210,경원선,소요산,9275,8755,18030
202210,경원선,신이문,5260,4864,10124
202210,경원선,양주,5825,5833,11658
202210,경원선,옥수,44,26,70
202210,경원선,왕십리,11222,12517,23739
202210,경원선,외대앞,6559,6542,13101
202210,경원선,월계,4323,4053,8376
202210,경원선,응봉,1316,1183,2499
202210,경원선,의정부,15691,15964,31655
202210,경원선,이촌,2948,2106,5054
202210,경원선,지행,5148,5200,10348
202210,경원선,청량리,17084,16294,33378
202210,경원선,한남,2564,2063,4627
202210,경원선,회룡,8709,8676,17385
202210,경의선,가좌,3456,3401,6857
202210,경의선,강매,1796,1760,3556
202210,경의선,곡산,415,358,773
202210,경의선,공덕,2125,1786,3911
202210,경의선,금릉,3389,3381,6770
202210,경의선,금촌,4553,5028,9581
202210,경의선,능곡,2518,2390,4908
202210,경의선,디지털미디어시티,1703,1644,3347
202210,경의선,문산,4177,4360,8537
202210,경의선,백마,3801,3676,7477
202210,경의선,서강대,1467,1533,3000
202210,경의선,서울역,1518,1479,2997
202210,경의선,수색,1012,1058,2070
202210,경의선,신촌,365,374,739
202210,경의선,야당,5496,5456,10952
202210,경의선,운정,4224,3917,8141
202210,경의선,월롱,1073,2214,3287
202210,경의선,일산,5434,5102,10536
202210,경의선,임진강,74,69,143
202210,경의선,탄현,4700,4306,9006
202210,경의선,파주,823,770,1593
202210,경의선,풍산,3933,3740,7673
202210,경의선,행신,5428,5047,10475
202210,경의선,홍대입구,2097,2436,4533
202210,경의선,화전,993,1082,2075
202210,경의선,효창공원앞,1550,1751,3301
202210,경인선,간석,3510,3391,6901
202210,경인선,개봉,13350,13174,26524
202210,경인선,구일,3568,3523,7091
202210,경인선,도원,2339,2379,4718
202210,경인선,도화,2752,2579,5331
202210,경인선,동암,11194,10980,22174
202210,경인선,동인천,11398,11139,22537
202210,경인선,백운,4248,4327,8575
202210,경인선,부개,5292,5072,10364
202210,경인선,부천,24077,24053,48130
202210,경인선,부평,23690,23600,47290
202210,경인선,소사,6569,6529,13098
202210,경인선,송내,15254,14911,30165
202210,경인선,역곡,16138,16355,32493
202210,경인선,오류동,8014,7209,15223
202210,경인선,온수,4414,4216,8630
202210,경인선,인천,4822,3885,8707
202210,경인선,제물포,5834,5825,11659
202210,경인선,주안,13135,12201,25336
202210,경인선,중동,5709,5422,11131
202210,경춘선,가평,4367,3686,8053
202210,경춘선,갈매,1607,1418,3025
202210,경춘선,강촌,1085,784,1869
202210,경춘선,굴봉산,268,224,492
202210,경춘선,금곡,1023,972,1995
202210,경춘선,김유정,721,724,1445
202210,경춘선,남춘천,3070,3865,6935
202210,경춘선,대성리,1945,687,2632
202210,경춘선,마석,3053,3033,6086
202210,경춘선,백양리,144,121,265
202210,경춘선,별내,2002,1813,3815
202210,경춘선,사릉,1633,1600,3233
202210,경춘선,상천,780,588,1368
202210,경춘선,신내,1141,1182,2323
202210,경춘선,천마산,1275,1254,2529
202210,경춘선,청평,2418,1732,4150
202210,경춘선,춘천,2773,2334,5107
202210,경춘선,퇴계원,2341,2120,4461
202210,경춘선,평내호평,3978,3813,7791
202210,공항철도 1호선,검암,4042,4017,8059
202210,공항철도 1호선,계양,6704,6292,12996
202210,공항철도 1호선,공덕,1475,1929,3404
202210,공항철도 1호선,공항화물청사,1051,1043,2094
202210,공항철도 1호선,김포공항,9939,5067,15006
202210,공항철도 1호선,디지털미디어시티,4606,4609,9215
202210,공항철도 1호선,마곡나루,3240,3803,7043
202210,공항철도 1호선,서울역,11725,11249,22974
202210,공항철도 1호선,영종,2993,3086,6079
202210,공항철도 1호선,운서,6728,7155,13883
202210,공항철도 1호선,인천공항1터미널,9615,9195,18810
202210,공항철도 1호선,인천공항2터미널,3756,3555,7311
202210,공항철도 1호선,청라국제도시,3693,3608,7301
202210,공항철도 1호선,홍대입구,13147,11628,24775
202210,과천선,경마공원,16568,16894,33462
202210,과천선,과천,4344,4087,8431
202210,과천선,대공원,9414,9630,19044
202210,과천선,범계,16522,16098,32620
202210,과천선,선바위,4770,4271,9041
202210,과천선,인덕원,14444,14358,28802
202210,과천선,정부과천청사,5132,5393,10525
202210,과천선,평촌,7624,7290,14914
202210,분당선,가천대,4604,5470,10074
202210,분당선,강남구청,3593,4363,7956
202210,분당선,개포동,2199,2229,4428
202210,분당선,구룡,1028,1156,2184
202210,분당선,구성,2778,3064,5842
202210,분당선,기흥,5943,5646,11589
202210,분당선,대모산입구,2461,2342,4803
202210,분당선,도곡,3634,3375,7009
202210,분당선,망포,7130,7571,14701
202210,분당선,매교,2483,2393,4876
202210,분당선,매탄권선,3158,3009,6167
202210,분당선,모란,11987,12384,24371
202210,분당선,미금,8139,8467,16606
202210,분당선,보정,1320,1227,2547
202210,분당선,복정,1,0,1
202210,분당선,상갈,3377,3541,6918
202210,분당선,서울숲,10540,11297,21837
202210,분당선,서현,14823,14821,29644
202210,분당선,선릉,3256,4964,8220
202210,분당선,선정릉,2198,2271,4469
202210,분당선,수내,6564,6363,12927
202210,분당선,수서,9538,9461,18999
202210,분당선,수원,6688,5700,12388
202210,분당선,수원시청,8846,8584,17430
202210,분당선,신갈,2313,2353,4666
202210,분당선,압구정로데오,12284,13017,25301
202210,분당선,야탑,15343,15732,31075
202210,분당선,영통,5552,5737,11289
202210,분당선,오리,5675,4717,10392
202210,분당선,이매,3863,3946,7809
202210,분당선,정자,8233,8548,16781
202210,분당선,죽전,9118,10101,19219
202210,분당선,청명,2406,2424,4830
202210,분당선,태평,8878,8479,17357
202210,분당선,한티,10535,10143,20678
202210,수인선,고색,1991,2056,4047
202210,수인선,남동인더스파크,630,683,1313
202210,수인선,달월,54,63,117
202210,수인선,사리,3038,2604,5642
202210,수인선,소래포구,5814,5721,11535
202210,수인선,송도,1818,1728,3546
202210,수인선,숭의,2210,2072,4282
202210,수인선,신포,1349,1242,2591
202210,수인선,야목,213,189,402
202210,수인선,어천,774,905,1679
202210,수인선,연수,3668,3542,7210
202210,수인선,오목천,2095,1992,4087
202210,수인선,원인재,3122,3197,6319
202210,수인선,월곶,1908,1761,3669
202210,수인선,인천,1281,1919,3200
202210,수인선,인천논현,3268,3355,6623
202210,수인선,인하대,3539,3577,7116
202210,수인선,호구포,2231,2293,4524
202210,신림선,관악산,4190,4565,8755
202210,신림선,당곡,2335,2299,4634
202210,신림선,대방,1718,1238,2956
202210,신림선,보라매,1907,1729,3636
202210,신림선,보라매공원,1237,1436,2673
202210,신림선,보라매병원,2401,2267,4668
202210,신림선,샛강,977,1278,2255
202210,신림선,서울대벤처타운,5295,5170,10465
202210,신림선,서울지방병무청,1583,1831,3414
202210,신림선,서원,1914,1715,3629
202210,신림선,신림,1102,1655,2757
202210,안산선,고잔,6679,6682,13361
202210,안산선,대야미,3537,3262,6799
202210,안산선,반월,2840,2826,5666
202210,안산선,산본,10372,10726,21098
202210,안산선,상록수,10301,10298,20599
202210,안산선,수리산,2473,2480,4953
202210,안산선,신길온천,1497,1373,2870
202210,안산선,안산,11577,10681,22258
202210,안산선,오이도,6677,6383,13060
202210,안산선,정왕,6239,7016,13255
202210,안산선,중앙,13718,13550,27268
202210,안산선,초지,2992,2883,5875
202210,안산선,한대앞,6212,6526,12738
202210,우이신설선,4.19민주묘지,2282,1998,4280
202210,우이신설선,가오리,2661,2406,5067
202210,우이신설선,보문,1146,1113,2259
202210,우이신설선,북한산보국문,4745,4382,9127
202210,우이신설선,북한산우이,5425,5329,10754
202210,우이신설선,삼양,1345,1363,2708
202210,우이신설선,삼양사거리,1698,1603,3301
202210,우이신설선,성신여대입구,2445,2794,5239
202210,우이신설선,솔밭공원,1630,1603,3233
202210,우이신설선,솔샘,3267,3100,6367
202210,우이신설선,신설동,1404,1318,2722
202210,우이신설선,정릉,3493,2810,6303
202210,우이신설선,화계,2521,2363,4884
202210,일산선,대곡,1303,1079,2382
202210,일산선,대화,7127,6310,13437
202210,일산선,마두,3835,3789,7624
202210,일산선,백석,6132,5971,12103
202210,일산선,삼송,11712,11805,23517
202210,일산선,원당,6939,6746,13685
202210,일산선,원흥,6343,6201,12544
202210,일산선,정발산,6226,6214,12440
202210,일산선,주엽,5277,5188,10465
202210,일산선,화정,10479,10669,21148
202210,장항선,배방,944,1081,2025
202210,장항선,봉명,613,683,1296
202210,장항선,신창,1282,2600,3882
202210,장항선,쌍용,1540,1722,3262
202210,장항선,아산,4667,3215,7882
202210,장항선,온양온천,4539,4331,8870
202210,장항선,탕정,767,871,1638
202210,중앙선,구리,8668,8909,17577
202210,중앙선,국수,778,664,1442
202210,중앙선,덕소,3624,3797,7421
202210,중앙선,도농,6282,6255,12537
202210,중앙선,도심,1473,1351,2824
202210,중앙선,망우,5522,5590,11112
202210,중앙선,상봉,4330,4406,8736
202210,중앙선,신원,265,190,455
202210,중앙선,아신,635,547,1182
202210,중앙선,양수,2289,2072,4361
202210,중앙선,양원,1623,1642,3265
202210,중앙선,양정,555,445,1000
202210,중앙선,양평,2751,2578,5329
202210,중앙선,오빈,296,242,538
202210,중앙선,용문,5440,4988,10428
202210,중앙선,운길산,1380,1304,2684
202210,중앙선,원덕,501,384,885
202210,중앙선,중랑,3855,3793,7648
202210,중앙선,지평,66,37,103
202210,중앙선,팔당,1499,1605,3104
202210,중앙선,회기,19010,19607,38617
202211,1호선,동대문,11365,11022,22387
202211,1호선,동묘앞,12375,13228,25603
202211,1호선,서울역,46683,46301,92984
202211,1호선,시청,22709,24519,47228
202211,1호선,신설동,11149,10407,21556
202211,1호선,제기동,16527,16884,33411
202211,1호선,종각,25787,23852,49639
202211,1호선,종로3가,27910,25687,53597
202211,1호선,종로5가,23084,22913,45997
202211,1호선,청량리,19487,19988,39475
202211,2호선,강남,59847,59447,119294
202211,2호선,강변,31672,32446,64118
202211,2호선,건대입구,37450,40774,78224
202211,2호선,교대,19121,21751,40872
202211,2호선,구로디지털단지,38035,37220,75255
202211,2호선,구의,18095,16999,35094
202211,2호선,낙성대,24008,21860,45868
202211,2호선,당산,13883,15557,29440
202211,2호선,대림,19702,20640,40342
202211,2호선,도림천,797,793,1590
202211,2호선,동대문역사문화공원,12965,14818,27783
202211,2호선,뚝섬,18569,18358,36927
202211,2호선,문래,13840,15087,28927
202211,2호선,방배,11163,11216,22379
202211,2호선,봉천,18615,16919,35534
202211,2호선,사당,36403,42475,78878
202211,2호선,삼성,36265,35825,72090
202211,2호선,상왕십리,10661,9984,20645
202211,2호선,서울대입구,39903,38552,78455
202211,2호선,서초,13762,10012,23774
202211,2호선,선릉,27425,24010,51435
202211,2호선,성수,25509,28645,54154
202211,2호선,시청,17863,15968,33831
202211,2호선,신답,1077,1126,2203
202211,2호선,신당,12451,13182,25633
202211,2호선,신대방,21309,20074,41383
202211,2호선,신도림,46806,47133,93939
202211,2호선,신림,49838,47289,97127
202211,2호선,신설동,3787,3683,7470
202211,2호선,신정네거리,8060,8008,16068
202211,2호선,신촌,35480,36401,71881
202211,2호선,아현,8447,7556,16003
202211,2호선,양천구청,5019,4884,9903
202211,2호선,역삼,19217,20935,40152
202211,2호선,영등포구청,14300,14945,29245
202211,2호선,왕십리,15433,13833,29266
202211,2호선,용답,2438,2259,4697
202211,2호선,용두,1859,1865,3724
202211,2호선,을지로3가,14442,13987,28429
202211,2호선,을지로4가,9403,9814,19217
202211,2호선,을지로입구,29924,29144,59068
202211,2호선,이대,12944,13384,26328
202211,2호선,잠실,76217,74064,150281
202211,2호선,잠실나루,8805,8547,17352
202211,2호선,잠실새내,19062,19726,38788
202211,2호선,종합운동장,8157,8698,16855
202211,2호선,충정로,6555,6955,13510
202211,2호선,한양대,6845,7094,13939
202211,2호선,합정,31434,36297,67731
202211,2호선,홍대입구,75495,85241,160736
202211,3호선,가락시장,6972,6706,13678
202211,3호선,경복궁,29740,33642,63382
202211,3호선,경찰병원,4832,4548,9380
202211,3호선,고속터미널,56560,58118,114678
202211,3호선,교대,8473,5034,13507
202211,3호선,구파발,17758,18087,35845
202211,3호선,금호,6429,5734,12163
202211,3호선,남부터미널,24223,23791,48014
202211,3호선,녹번,11598,10017,21615
202211,3호선,대청,6482,6077,12559
202211,3호선,대치,11033,9823,20856
202211,3호선,도곡,3681,3893,7574
202211,3호선,독립문,6697,7530,14227
202211,3호선,동대입구,9107,10953,20060
202211,3호선,매봉,6907,6652,13559
202211,3호선,무악재,3085,3123,6208
202211,3호선,불광,14487,16230,30717
202211,3호선,수서,15483,15249,30732
202211,3호선,신사,26143,27807,53950
202211,3호선,안국,29678,33701,63379
202211,3호선,압구정,26639,28832,55471
202211,3호선,약수,10114,9547,19661
202211,3호선,양재,23425,25457,48882
202211,3호선,연신내,31525,29648,61173
202211,3호선,오금,4572,4449,9021
202211,3호선,옥수,7945,7904,15849
202211,3호선,을지로3가,6532,6765,13297
202211,3호선,일원,5753,5638,11391
202211,3호선,잠원,3958,3718,7676
202211,3호선,종로3가,7555,10261,17816
202211,3호선,지축,4462,4302,8764
202211,3호선,충무로,3,0,3
202211,3호선,학여울,2124,2296,4420
202211,3호선,홍제,15300,14038,29338
202211,4호선,길음,17042,16029,33071
202211,4호선,남태령,1317,738,2055
202211,4호선,노원,17203,19089,36292
202211,4호선,당고개,7922,7305,15227
202211,4호선,동대문,15083,15323,30406
202211,4호선,동대문역사문화공원,14771,12488,27259
202211,4호선,동작,1344,1387,2731
202211,4호선,명동,24937,28662,53599
202211,4호선,미아,11902,10914,22816
202211,4호선,미아사거리,24012,22785,46797
202211,4호선,사당,25861,22873,48734
202211,4호선,삼각지,4821,6449,11270
202211,4호선,상계,15541,14363,29904
202211,4호선,서울역,7607,19535,27142
202211,4호선,성신여대입구,18931,17871,36802
202211,4호선,수유,29374,28712,58086
202211,4호선,숙대입구,11030,10522,21552
202211,4호선,신용산,12889,13880,26769
202211,4호선,쌍문,23710,20952,44662
202211,4호선,이촌,10487,11092,21579
202211,4호선,창동,21380,22406,43786
202211,4호선,총신대입구,15705,17288,32993
202211,4호선,충무로,17077,18973,36050
202211,4호선,한성대입구,12530,12241,24771
202211,4호선,혜화,37801,39595,77396
202211,4호선,회현,22478,23252,45730
202211,5호선,강동,14171,13392,27563
202211,5호선,강일,3916,3418,7334
202211,5호선,개롱,4696,4683,9379
202211,5호선,개화산,4036,3848,7884
202211,5호선,거여,6916,6424,13340
202211,5호선,고덕,7247,7070,14317
202211,5호선,공덕,8266,8702,16968
202211,5호선,광나루,12086,11282,23368
202211,5호선,광화문,22661,22263,44924
202211,5호선,군자,9449,10482,19931
202211,5호선,굽은다리,7740,7170,14910
202211,5호선,길동,6546,6662,13208
202211,5호선,김포공항,7416,7585,15001
202211,5호선,까치산,22968,21163,44131
202211,5호선,답십리,11405,10302,21707
202211,5호선,동대문역사문화공원,1429,1874,3303
202211,5호선,둔촌동,6681,6754,13435
202211,5호선,마곡,6420,6499,12919
202211,5호선,마장,4378,4122,8500
202211,5호선,마천,5390,5528,10918
202211,5호선,마포,8457,8531,16988
202211,5호선,명일,6741,6495,13236
202211,5호선,목동,12257,12544,24801
202211,5호선,미사,13844,13761,27605
202211,5호선,발산,15984,17703,33687
202211,5호선,방이,6141,6137,12278
202211,5호선,방화,5217,4998,10215
202211,5호선,상일동,10251,9443,19694
202211,5호선,서대문,9518,9139,18657
202211,5호선,송정,5400,5119,10519
202211,5호선,신금호,4442,4561,9003
202211,5호선,신길,3173,3174,6347
202211,5호선,신정,9892,8282,18174
202211,5호선,아차산,14977,14570,29547
202211,5호선,애오개,4117,3911,8028
202211,5호선,양평,4104,3754,7858
202211,5호선,여의나루,14418,17585,32003
202211,5호선,여의도,14772,15221,29993
202211,5호선,영등포구청,2187,2147,4334
202211,5호선,영등포시장,9471,10198,19669
202211,5호선,오금,3156,2837,5993
202211,5호선,오목교,18315,18746,37061
202211,5호선,올림픽공원,3560,3157,6717
202211,5호선,왕십리,3659,4601,8260
202211,5호선,우장산,10831,10511,21342
202211,5호선,을지로4가,4196,4861,9057
202211,5호선,장한평,12456,12106,24562
202211,5호선,종로3가,17124,16813,33937
202211,5호선,천호,18766,17945,36711
202211,5호선,청구,2551,2550,5101
202211,5호선,충정로,2159,1931,4090
202211,5호선,하남검단산,6137,6067,12204
202211,5호선,하남시청,6299,5976,12275
202211,5호선,하남풍산,3091,3032,6123
202211,5호선,행당,6129,5191,11320
202211,5호선,화곡,22166,19963,42129
202211,6호선,고려대,7092,6796,13888
202211,6호선,공덕,11551,10912,22463
202211,6호선,광흥창,5540,4984,10524
202211,6호선,구산,6016,4375,10391
202211,6호선,녹사평,4867,4879,9746
202211,6호선,대흥,6536,6511,13047
202211,6호선,독바위,2160,2339,4499
202211,6호선,돌곶이,6744,5965,12709
202211,6호선,동묘앞,8645,8278,16923
202211,6호선,디지털미디어시티,8354,8756,17110
202211,6호선,마포구청,10651,8928,19579
202211,6호선,망원,13995,15210,29205
202211,6호선,버티고개,1542,1742,3284
202211,6호선,보문,5639,4926,10565
202211,6호선,봉화산,5794,5529,11323
202211,6호선,불광,4229,3766,7995
202211,6호선,삼각지,6901,5083,11984
202211,6호선,상수,9408,12031,21439
202211,6호선,상월곡,4544,3916,8460
202211,6호선,새절,9250,8624,17874
202211,6호선,석계,9413,9381,18794
202211,6호선,신당,5943,5551,11494
202211,6호선,안암,8437,7860,16297
202211,6호선,약수,2710,2833,5543
202211,6호선,역촌,2848,3268,6116
202211,6호선,연신내,2,0,2
202211,6호선,월곡,8254,7737,15991
202211,6호선,월드컵경기장,7973,8575,16548
202211,6호선,응암,13763,13288,27051
202211,6호선,이태원,12678,13270,25948
202211,6호선,증산,7815,7661,15476
202211,6호선,창신,2320,1889,4209
202211,6호선,청구,2716,2444,5160
202211,6호선,태릉입구,4571,4834,9405
202211,6호선,한강진,9174,10339,19513
202211,6호선,합정,13456,12969,26425
202211,6호선,화랑대,7835,6200,14035
202211,6호선,효창공원앞,5359,4770,10129
202211,7호선,가산디지털단지,16828,15221,32049
202211,7호선,강남구청,11186,12544,23730
202211,7호선,건대입구,12583,13280,25863
202211,7호선,고속터미널,18024,13467,31491
202211,7호선,공릉,9826,9526,19352
202211,7호선,광명사거리,17594,17690,35284
202211,7호선,군자,11951,8726,20677
202211,7호선,남구로,8742,9124,17866
202211,7호선,남성,8432,7579,16011
202211,7호선,내방,8380,8312,16692
202211,7호선,노원,16556,17399,33955
202211,7호선,논현,10612,11339,21951
202211,7호선,대림,7746,8596,16342
202211,7호선,도봉산,7542,10394,17936
202211,7호선,뚝섬유원지,8334,7711,16045
202211,7호선,마들,9805,8894,18699
202211,7호선,먹골,8009,7539,15548
202211,7호선,면목,11874,11155,23029
202211,7호선,반포,5119,4944,10063
202211,7호선,보라매,6507,6505,13012
202211,7호선,사가정,13157,12722,25879
202211,7호선,상도,9271,8385,17656
202211,7호선,상봉,14460,13839,28299
202211,7호선,수락산,10962,10484,21446
202211,7호선,숭실대입구,10032,9493,19525
202211,7호선,신대방삼거리,11798,10709,22507
202211,7호선,신풍,8671,8189,16860
202211,7호선,어린이대공원,13122,12697,25819
202211,7호선,온수,6084,6019,12103
202211,7호선,용마산,5054,5163,10217
202211,7호선,이수,13563,12522,26085
202211,7호선,장승배기,7638,7296,14934
202211,7호선,장암,1778,1257,3035
202211,7호선,중계,10410,9102,19512
202211,7호선,중곡,7553,7018,14571
202211,7호선,중화,8341,7848,16189
202211,7호선,천왕,7707,7305,15012
202211,7호선,철산,16766,16740,33506
202211,7호선,청담,12503,13721,26224
202211,7호선,태릉입구,7606,6785,14391
202211,7호선,하계,13548,12422,25970
202211,7호선,학동,12063,12662,24725
202211,8호선,가락시장,6162,6527,12689
202211,8호선,강동구청,6681,6513,13194
202211,8호선,남위례,4640,4636,9276
202211,8호선,남한산성입구,10075,8659,18734
202211,8호선,단대오거리,8057,7470,15527
202211,8호선,모란,3834,3585,7419
202211,8호선,몽촌토성,5535,5653,11188
202211,8호선,문정,9520,9645,19165
202211,8호선,복정,6754,5577,12331
202211,8호선,산성,4811,4936,9747
202211,8호선,석촌,6322,7761,14083
202211,8호선,송파,7056,6754,13810
202211,8호선,수진,4603,4086,8689
202211,8호선,신흥,4011,4231,8242
202211,8호선,암사,13381,12240,25621
202211,8호선,잠실,14440,17099,31539
202211,8호선,장지,13612,12312,25924
202211,8호선,천호,12793,15011,27804
202211,9호선,가양,15657,14657,30314
202211,9호선,개화,1565,1346,2911
202211,9호선,고속터미널,15578,23306,38884
202211,9호선,공항시장,2353,2448,4801
202211,9호선,구반포,1157,1133,2290
202211,9호선,국회의사당,5485,5747,11232
202211,9호선,김포공항,7578,11149,18727
202211,9호선,노들,3719,2931,6650
202211,9호선,노량진,23724,23012,46736
202211,9호선,당산,14653,13675,28328
202211,9호선,동작,1658,1430,3088
202211,9호선,등촌,7990,7486,15476
202211,9호선,마곡나루,9056,8770,17826
202211,9호선,사평,2621,2461,5082
202211,9호선,샛강,3328,3033,6361
202211,9호선,선유도,4307,3918,8225
202211,9호선,신논현,26416,26388,52804
202211,9호선,신목동,2904,2440,5344
202211,9호선,신반포,3488,3431,6919
202211,9호선,신방화,5029,4723,9752
202211,9호선,양천향교,6288,6014,12302
202211,9호선,여의도,16056,14551,30607
202211,9호선,염창,13314,12084,25398
202211,9호선,증미,3800,3431,7231
202211,9호선,흑석,6578,6483,13061
202211,9호선2~3단계,둔촌오륜,740,757,1497
202211,9호선2~3단계,봉은사,15004,16298,31302
202211,9호선2~3단계,삼성중앙,3445,3558,7003
202211,9호선2~3단계,삼전,5439,4801,10240
202211,9호선2~3단계,석촌,7885,6353,14238
202211,9호선2~3단계,석촌고분,4980,4574,9554
202211,9호선2~3단계,선정릉,5621,6213,11834
202211,9호선2~3단계,송파나루,4627,4949,9576
202211,9호선2~3단계,언주,6559,6633,13192
202211,9호선2~3단계,올림픽공원,5487,5835,11322
202211,9호선2~3단계,종합운동장,3457,3211,6668
202211,9호선2~3단계,중앙보훈병원,5788,5346,11134
202211,9호선2~3단계,한성백제,2399,1987,4386
202211,경강선,경기광주,6504,5738,12242
202211,경강선,곤지암,2606,2646,5252
202211,경강선,부발,2245,2069,4314
202211,경강선,삼동,1723,1526,3249
202211,경강선,세종대왕릉,380,414,794
202211,경강선,신둔도예촌,1451,1363,2814
202211,경강선,여주,2798,3153,5951
202211,경강선,이매,959,693,1652
202211,경강선,이천,3095,3321,6416
202211,경강선,초월,2603,2443,5046
202211,경강선,판교,3585,3455,7040
202211,경부선,가산디지털단지,7284,9951,17235
202211,경부선,관악,6976,6625,13601
202211,경부선,광명,3458,3119,6577
202211,경부선,구로,14964,15410,30374
202211,경부선,군포,4492,4056,8548
202211,경부선,금정,21867,21449,43316
202211,경부선,금천구청,9299,9103,18402
202211,경부선,남영,6825,6840,13665
202211,경부선,노량진,9999,9553,19552
202211,경부선,당정,4558,4221,8779
202211,경부선,대방,8068,8948,17016
202211,경부선,독산,10094,9610,19704
202211,경부선,두정,6742,6901,13643
202211,경부선,명학,5095,4656,9751
202211,경부선,병점,14100,13732,27832
202211,경부선,서동탄,1231,1208,2439
202211,경부선,서울역,11037,2876,13913
202211,경부선,서정리,9036,6885,15921
202211,경부선,석수,7423,6872,14295
202211,경부선,성균관대,12397,12347,24744
202211,경부선,성환,3831,3507,7338
202211,경부선,세류,2925,3046,5971
202211,경부선,세마,2554,2280,4834
202211,경부선,송탄,5649,4878,10527
202211,경부선,수원,43350,46999,90349
202211,경부선,신길,6853,5739,12592
202211,경부선,신도림,3195,3913,7108
202211,경부선,안양,20111,20144,40255
202211,경부선,영등포,45312,48295,93607
202211,경부선,오산,10813,9912,20725
202211,경부선,오산대,3663,3251,6914
202211,경부선,용산,43442,45801,89243
202211,경부선,의왕,6569,6317,12886
202211,경부선,직산,865,783,1648
202211,경부선,진위,1240,1072,2312
202211,경부선,천안,8039,8094,16133
202211,경부선,평택,15890,15266,31156
202211,경부선,평택지제,4438,4002,8440
202211,경부선,화서,6841,6746,13587
202211,경원선,가능,5579,5292,10871
202211,경원선,광운대,6679,6375,13054
202211,경원선,녹양,4008,3675,7683
202211,경원선,녹천,3587,2912,6499
202211,경원선,덕계,3145,2710,5855
202211,경원선,덕정,5345,4737,10082
202211,경원선,도봉,4950,4595,9545
202211,경원선,도봉산,10869,7632,18501
202211,경원선,동두천,1870,2285,4155
202211,경원선,동두천중앙,3098,2971,6069
202211,경원선,망월사,6539,6591,13130
202211,경원선,방학,8294,7904,16198
202211,경원선,보산,1877,1761,3638
202211,경원선,서빙고,2241,2440,4681
202211,경원선,석계,7695,8028,15723
202211,경원선,소요산,6040,5553,11593
202211,경원선,신이문,6857,6132,12989
202211,경원선,양주,7065,6629,13694
202211,경원선,옥수,45,37,82
202211,경원선,왕십리,14302,15795,30097
202211,경원선,외대앞,7818,7249,15067
202211,경원선,월계,5521,5033,10554
202211,경원선,응봉,1687,1467,3154
202211,경원선,의정부,19292,20617,39909
202211,경원선,이촌,3279,2433,5712
202211,경원선,지행,6202,6183,12385
202211,경원선,창동,2,0,2
202211,경원선,청량리,19458,19746,39204
202211,경원선,한남,2906,2848,5754
202211,경원선,회룡,10830,10561,21391
202211,경의선,가좌,4659,4386,9045
202211,경의선,강매,2324,2140,4464
202211,경의선,곡산,418,458,876
202211,경의선,공덕,3234,2301,5535
202211,경의선,금릉,4315,4159,8474
202211,경의선,금촌,6130,5769,11899
202211,경의선,능곡,3116,3001,6117
202211,경의선,디지털미디어시티,2322,2130,4452
202211,경의선,문산,5248,4710,9958
202211,경의선,백마,5020,4605,9625
202211,경의선,서강대,2022,1925,3947
202211,경의선,서울역,1731,2001,3732
202211,경의선,수색,1439,1383,2822
202211,경의선,신촌,442,501,943
202211,경의선,야당,7067,7205,14272
202211,경의선,운정,5572,5118,10690
202211,경의선,월롱,1999,1540,3539
202211,경의선,일산,6941,6640,13581
202211,경의선,임진강,62,44,106
202211,경의선,탄현,6011,5688,11699
202211,경의선,파주,980,802,1782
202211,경의선,풍산,4819,4560,9379
202211,경의선,행신,6077,6216,12293
202211,경의선,홍대입구,2236,2910,5146
202211,경의선,화전,1443,1359,2802
202211,경의선,효창공원앞,2012,2096,4108
202211,경인선,간석,4896,4554,9450
202211,경인선,개봉,18940,17378,36318
202211,경인선,구일,12331,14191,26522
202211,경인선,도원,2352,2411,4763
202211,경인선,도화,3404,3129,6533
202211,경인선,동암,14469,14683,29152
202211,경인선,동인천,12869,12537,25406
202211,경인선,백운,6240,5982,12222
202211,경인선,부개,7159,6585,13744
202211,경인선,부천,30750,31678,62428
202211,경인선,부평,30515,34270,64785
202211,경인선,소사,8424,8198,16622
202211,경인선,송내,21542,20957,42499
202211,경인선,역곡,22305,21857,44162
202211,경인선,오류동,10266,9026,19292
202211,경인선,온수,5326,4787,10113
202211,경인선,인천,4834,4352,9186
202211,경인선,제물포,8167,7554,15721
202211,경인선,주안,18451,16191,34642
202211,경인선,중동,7381,6743,14124
202211,경춘선,가평,3663,4246,7909
202211,경춘선,갈매,2198,1825,4023
202211,경춘선,강촌,809,970,1779
202211,경춘선,굴봉산,224,201,425
202211,경춘선,금곡,1182,1059,2241
202211,경춘선,김유정,618,878,1496
202211,경춘선,남춘천,3253,3626,6879
202211,경춘선,대성리,1392,2315,3707
202211,경춘선,마석,3577,3455,7032
202211,경춘선,백양리,116,146,262
202211,경춘선,별내,2440,2282,4722
202211,경춘선,사릉,1798,1770,3568
202211,경춘선,상천,568,575,1143
202211,경춘선,신내,1408,1352,2760
202211,경춘선,천마산,1418,1385,2803
202211,경춘선,청평,2177,2363,4540
202211,경춘선,춘천,2460,2014,4474
202211,경춘선,퇴계원,2774,2517,5291
202211,경춘선,평내호평,5039,4795,9834
202211,공항철도 1호선,검암,5157,5118,10275
202211,공항철도 1호선,계양,8951,7903,16854
202211,공항철도 1호선,공덕,2009,3183,5192
202211,공항철도 1호선,공항화물청사,1312,1389,2701
202211,공항철도 1호선,김포공항,10318,4931,15249
202211,공항철도 1호선,디지털미디어시티,6500,6216,12716
202211,공항철도 1호선,마곡나루,4267,4556,8823
202211,공항철도 1호선,서울역,12257,11706,23963
202211,공항철도 1호선,영종,3629,3672,7301
202211,공항철도 1호선,운서,7979,8122,16101
202211,공항철도 1호선,인천공항1터미널,9605,9362,18967
202211,공항철도 1호선,인천공항2터미널,3759,3370,7129
202211,공항철도 1호선,청라국제도시,4994,4802,9796
202211,공항철도 1호선,홍대입구,14937,15382,30319
202211,과천선,경마공원,12479,12441,24920
202211,과천선,과천,5605,5027,10632
202211,과천선,대공원,9041,9513,18554
202211,과천선,범계,22875,22782,45657
202211,과천선,선바위,6416,5179,11595
202211,과천선,인덕원,19405,18550,37955
202211,과천선,정부과천청사,7455,7287,14742
202211,과천선,평촌,11150,10870,22020
202211,분당선,가천대,6589,6652,13241
202211,분당선,강남구청,5818,7201,13019
202211,분당선,개포동,3132,2991,6123
202211,분당선,구룡,2232,1994,4226
202211,분당선,구성,3770,3775,7545
202211,분당선,기흥,7605,7224,14829
202211,분당선,대모산입구,3443,3055,6498
202211,분당선,도곡,5474,4733,10207
202211,분당선,망포,10551,9442,19993
202211,분당선,매교,3289,3281,6570
202211,분당선,매탄권선,3994,3669,7663
202211,분당선,모란,16726,17115,33841
202211,분당선,미금,11044,11699,22743
202211,분당선,보정,1921,1745,3666
202211,분당선,복정,1,0,1
202211,분당선,상갈,4319,4162,8481
202211,분당선,서울숲,13249,14858,28107
202211,분당선,서현,20110,20238,40348
202211,분당선,선릉,5522,8891,14413
202211,분당선,선정릉,3841,3829,7670
202211,분당선,수내,9423,8807,18230
202211,분당선,수서,12020,12208,24228
202211,분당선,수원,8433,7326,15759
202211,분당선,수원시청,12550,14722,27272
202211,분당선,신갈,3225,3171,6396
202211,분당선,압구정로데오,19443,23133,42576
202211,분당선,야탑,19988,21262,41250
202211,분당선,영통,7666,7588,15254
202211,분당선,오리,8184,6626,14810
202211,분당선,이매,4538,4573,9111
202211,분당선,정자,11744,12153,23897
202211,분당선,죽전,11120,12319,23439
202211,분당선,청명,3227,3079,6306
202211,분당선,태평,11505,10644,22149
202211,분당선,한티,14112,13653,27765
202211,수인선,고색,2915,2744,5659
202211,수인선,남동인더스파크,988,946,1934
202211,수인선,달월,74,71,145
202211,수인선,사리,4099,3420,7519
202211,수인선,소래포구,6723,6875,13598
202211,수인선,송도,2200,2123,4323
202211,수인선,숭의,2913,2656,5569
202211,수인선,신포,1671,1716,3387
202211,수인선,야목,268,221,489
202211,수인선,어천,957,836,1793
202211,수인선,연수,4394,4453,8847
202211,수인선,오목천,2774,2231,5005
202211,수인선,원인재,4066,4100,8166
202211,수인선,월곶,2497,2208,4705
202211,수인선,인천,1245,2122,3367
202211,수인선,인천논현,4747,4869,9616
202211,수인선,인하대,4990,4538,9528
202211,수인선,호구포,2889,2667,5556
202211,신림선,관악산,3836,4168,8004
202211,신림선,당곡,3282,2801,6083
202211,신림선,대방,2540,1673,4213
202211,신림선,보라매,2644,2184,4828
202211,신림선,보라매공원,1430,1457,2887
202211,신림선,보라매병원,3505,3309,6814
202211,신림선,샛강,1172,1542,2714
202211,신림선,서울대벤처타운,6900,6067,12967
202211,신림선,서울지방병무청,2154,2275,4429
202211,신림선,서원,2527,2045,4572
202211,신림선,신림,1396,2003,3399
202211,안산선,고잔,7640,7394,15034
202211,안산선,대야미,4497,3880,8377
202211,안산선,반월,3788,3519,7307
202211,안산선,산본,14147,15019,29166
202211,안산선,상록수,14022,13854,27876
202211,안산선,수리산,3240,2947,6187
202211,안산선,신길온천,1741,1681,3422
202211,안산선,안산,10578,10994,21572
202211,안산선,오이도,8463,8547,17010
202211,안산선,정왕,7663,7565,15228
202211,안산선,중앙,17594,18610,36204
202211,안산선,초지,4120,3960,8080
202211,안산선,한대앞,8408,8374,16782
202211,우이신설선,4.19민주묘지,2647,2382,5029
202211,우이신설선,가오리,3405,3160,6565
202211,우이신설선,보문,1320,1306,2626
202211,우이신설선,북한산보국문,5707,4778,10485
202211,우이신설선,북한산우이,5120,5118,10238
202211,우이신설선,삼양,1553,1638,3191
202211,우이신설선,삼양사거리,2036,2085,4121
202211,우이신설선,성신여대입구,3126,3689,6815
202211,우이신설선,솔밭공원,2246,2064,4310
202211,우이신설선,솔샘,4322,3830,8152
202211,우이신설선,신설동,1595,1586,3181
202211,우이신설선,정릉,4218,3378,7596
202211,우이신설선,화계,2795,2507,5302
202211,일산선,대곡,1511,1301,2812
202211,일산선,대화,9825,8584,18409
202211,일산선,마두,5493,5541,11034
202211,일산선,백석,8205,8117,16322
202211,일산선,삼송,15828,15148,30976
202211,일산선,원당,9124,8514,17638
202211,일산선,원흥,8664,8003,16667
202211,일산선,정발산,7154,7842,14996
202211,일산선,주엽,7283,7116,14399
202211,일산선,화정,14114,14308,28422
202211,장항선,배방,1221,1192,2413
202211,장항선,봉명,825,765,1590
202211,장항선,신창,1481,1504,2985
202211,장항선,쌍용,2006,1804,3810
202211,장항선,아산,4102,3873,7975
202211,장항선,온양온천,5190,5227,10417
202211,장항선,탕정,1015,893,1908
202211,중앙선,구리,11122,11398,22520
202211,중앙선,국수,724,784,1508
202211,중앙선,덕소,4968,4939,9907
202211,중앙선,도농,8666,8223,16889
202211,중앙선,도심,1842,1526,3368
202211,중앙선,망우,7392,6953,14345
202211,중앙선,상봉,5345,5279,10624
202211,중앙선,신원,282,205,487
202211,중앙선,아신,675,710,1385
202211,중앙선,양수,2363,2473,4836
202211,중앙선,양원,2278,2024,4302
202211,중앙선,양정,591,511,1102
202211,중앙선,양평,3262,3562,6824
202211,중앙선,오빈,294,313,607
202211,중앙선,용문,5136,5498,10634
202211,중앙선,운길산,1466,1419,2885
202211,중앙선,원덕,446,526,972
202211,중앙선,중랑,4858,4716,9574
202211,중앙선,지평,50,85,135
202211,중앙선,팔당,1403,1593,2996
202211,중앙선,회기,25172,23594,48766
202211,1호선,동대문,11022,11432,22454
202211,1호선,동묘앞,13862,14423,28285
202211,1호선,서울역,35989,37105,73094
202211,1호선,시청,13225,13267,26492
202211,1호선,신설동,9321,8888,18209
202211,1호선,제기동,11666,11989,23655
202211,1호선,종각,17839,15589,33428
202211,1호선,종로3가,19243,16268,35511
202211,1호선,종로5가,12326,11949,24275
202211,1호선,청량리,14436,14241,28677
202211,2호선,강남,34701,33554,68255
202211,2호선,강변,26344,25320,51664
202211,2호선,건대입구,28155,29507,57662
202211,2호선,교대,11723,12954,24677
202211,2호선,구로디지털단지,27950,27027,54977
202211,2호선,구의,12522,12686,25208
202211,2호선,낙성대,17556,18341,35897
202211,2호선,당산,9861,10637,20498
202211,2호선,대림,17648,17799,35447
202211,2호선,도림천,498,555,1053
202211,2호선,동대문역사문화공원,9651,11830,21481
202211,2호선,뚝섬,13677,13358,27035
202211,2호선,문래,10051,10790,20841
202211,2호선,방배,7375,7821,15196
202211,2호선,봉천,13626,13125,26751
202211,2호선,사당,25762,28491,54253
202211,2호선,삼성,25735,24708,50443
202211,2호선,상왕십리,7527,7678,15205
202211,2호선,서울대입구,28663,29078,57741
202211,2호선,서초,13506,12811,26317
202211,2호선,선릉,15407,13250,28657
202211,2호선,성수,17823,19388,37211
202211,2호선,시청,10083,8676,18759
202211,2호선,신답,999,956,1955
202211,2호선,신당,9060,9622,18682
202211,2호선,신대방,16725,16025,32750
202211,2호선,신도림,34378,34704,69082
202211,2호선,신림,37842,36484,74326
202211,2호선,신설동,3853,3731,7584
202211,2호선,신정네거리,5898,5699,11597
202211,2호선,신촌,24834,24930,49764
202211,2호선,아현,6226,6178,12404
202211,2호선,양천구청,3761,3834,7595
202211,2호선,역삼,11807,12905,24712
202211,2호선,영등포구청,9786,10134,19920
202211,2호선,왕십리,10716,9849,20565
202211,2호선,용답,2001,2023,4024
202211,2호선,용두,1641,1510,3151
202211,2호선,을지로3가,10926,10602,21528
202211,2호선,을지로4가,4931,4778,9709
202211,2호선,을지로입구,22111,20744,42855
202211,2호선,이대,9097,10192,19289
202211,2호선,잠실,57172,54136,111308
202211,2호선,잠실나루,6155,6375,12530
202211,2호선,잠실새내,14452,13320,27772
202211,2호선,종합운동장,13242,11657,24899
202211,2호선,충정로,4692,4870,9562
202211,2호선,한양대,3019,3502,6521
202211,2호선,합정,23726,25493,49219
202211,2호선,홍대입구,56992,57106,114098
202211,3호선,가락시장,4399,4677,9076
202211,3호선,경복궁,23152,26508,49660
202211,3호선,경찰병원,3232,3300,6532
202211,3호선,고속터미널,49738,46007,95745
202211,3호선,교대,5320,3180,8500
202211,3호선,구파발,13090,13535,26625
202211,3호선,금호,4885,4519,9404
202211,3호선,남부터미널,17487,18265,35752
202211,3호선,녹번,8313,7364,15677
202211,3호선,대청,4715,4682,9397
202211,3호선,대치,7862,6794,14656
202211,3호선,도곡,2376,2616,4992
202211,3호선,독립문,4933,5615,10548
202211,3호선,동대입구,8365,9652,18017
202211,3호선,매봉,4634,4515,9149
202211,3호선,무악재,2231,2299,4530
202211,3호선,불광,10405,11902,22307
202211,3호선,수서,12089,12220,24309
202211,3호선,신사,14960,15254,30214
202211,3호선,안국,21644,22884,44528
202211,3호선,압구정,15675,16426,32101
202211,3호선,약수,7664,7423,15087
202211,3호선,양재,16316,18790,35106
202211,3호선,연신내,22767,21149,43916
202211,3호선,오금,3167,3079,6246
202211,3호선,옥수,5464,5644,11108
202211,3호선,을지로3가,4706,4362,9068
202211,3호선,일원,4127,4308,8435
202211,3호선,잠원,2534,2406,4940
202211,3호선,종로3가,4764,6086,10850
202211,3호선,지축,3181,2939,6120
202211,3호선,충무로,4,0,4
202211,3호선,학여울,1024,1039,2063
202211,3호선,홍제,11106,10490,21596
202211,4호선,길음,12354,12303,24657
202211,4호선,남태령,916,609,1525
202211,4호선,노원,12632,14002,26634
202211,4호선,당고개,6128,5824,11952
202211,4호선,동대문,9250,9729,18979
202211,4호선,동대문역사문화공원,12049,10640,22689
202211,4호선,동작,1148,1175,2323
202211,4호선,명동,20383,21340,41723
202211,4호선,미아,9023,8434,17457
202211,4호선,미아사거리,17526,16729,34255
202211,4호선,사당,18949,16834,35783
202211,4호선,삼각지,3537,4711,8248
202211,4호선,상계,11470,10549,22019
202211,4호선,서울역,5854,15529,21383
202211,4호선,성신여대입구,13897,13245,27142
202211,4호선,수유,22068,21148,43216
202211,4호선,숙대입구,9295,8916,18211
202211,4호선,신용산,10015,10367,20382
202211,4호선,쌍문,17584,15813,33397
202211,4호선,이촌,7515,8041,15556
202211,4호선,창동,16531,16966,33497
202211,4호선,총신대입구,11097,12208,23305
202211,4호선,충무로,11089,12443,23532
202211,4호선,한성대입구,9043,9390,18433
202211,4호선,혜화,28653,30405,59058
202211,4호선,회현,11080,11724,22804
202211,5호선,강동,10625,10308,20933
202211,5호선,강일,2855,2666,5521
202211,5호선,개롱,3447,3807,7254
202211,5호선,개화산,2835,2949,5784
202211,5호선,거여,5232,5064,10296
202211,5호선,고덕,4766,4799,9565
202211,5호선,공덕,5946,5755,11701
202211,5호선,광나루,9801,9177,18978
202211,5호선,광화문,17357,17076,34433
202211,5호선,군자,7172,7900,15072
202211,5호선,굽은다리,5796,5512,11308
202211,5호선,길동,4518,4564,9082
202211,5호선,김포공항,6598,6493,13091
202211,5호선,까치산,16873,16364,33237
202211,5호선,답십리,8953,8065,17018
202211,5호선,동대문역사문화공원,1077,1203,2280
202211,5호선,둔촌동,5819,5388,11207
202211,5호선,마곡,3840,4013,7853
202211,5호선,마장,3299,2964,6263
202211,5호선,마천,4216,4635,8851
202211,5호선,마포,6169,5806,11975
202211,5호선,명일,5453,5448,10901
202211,5호선,목동,8532,8571,17103
202211,5호선,미사,9673,9865,19538
202211,5호선,발산,10378,11344,21722
202211,5호선,방이,4900,4656,9556
202211,5호선,방화,3924,3896,7820
202211,5호선,상일동,7061,7156,14217
202211,5호선,서대문,6375,6375,12750
202211,5호선,송정,3779,3773,7552
202211,5호선,신금호,3309,3525,6834
202211,5호선,신길,2536,2565,5101
202211,5호선,신정,6866,6181,13047
202211,5호선,아차산,12824,12350,25174
202211,5호선,애오개,3261,3165,6426
202211,5호선,양평,2958,2996,5954
202211,5호선,여의나루,12615,14019,26634
202211,5호선,여의도,13547,10959,24506
202211,5호선,영등포구청,1631,1550,3181
202211,5호선,영등포시장,7118,7312,14430
202211,5호선,오금,1663,1589,3252
202211,5호선,오목교,12437,12784,25221
202211,5호선,올림픽공원,3070,2944,6014
202211,5호선,왕십리,2801,3221,6022
202211,5호선,우장산,7573,7772,15345
202211,5호선,을지로4가,2122,2300,4422
202211,5호선,장한평,9573,9200,18773
202211,5호선,종로3가,12125,10354,22479
202211,5호선,천호,14263,13610,27873
202211,5호선,청구,1989,1962,3951
202211,5호선,충정로,1587,1666,3253
202211,5호선,하남검단산,4972,5032,10004
202211,5호선,하남시청,4508,4301,8809
202211,5호선,하남풍산,2383,2310,4693
202211,5호선,행당,4294,3862,8156
202211,5호선,화곡,15499,14561,30060
202211,6호선,고려대,4861,4835,9696
202211,6호선,공덕,8675,7774,16449
202211,6호선,광흥창,4703,4321,9024
202211,6호선,구산,4374,3264,7638
202211,6호선,녹사평,3635,3402,7037
202211,6호선,대흥,4486,4621,9107
202211,6호선,독바위,1590,1999,3589
202211,6호선,돌곶이,6163,5917,12080
202211,6호선,동묘앞,7586,7219,14805
202211,6호선,디지털미디어시티,6233,6594,12827
202211,6호선,마포구청,8373,8357,16730
202211,6호선,망원,10474,11262,21736
202211,6호선,버티고개,1195,1276,2471
202211,6호선,보문,4557,4385,8942
202211,6호선,봉화산,4310,4316,8626
202211,6호선,불광,3203,2896,6099
202211,6호선,삼각지,4935,3495,8430
202211,6호선,상수,7029,7986,15015
202211,6호선,상월곡,3541,3242,6783
202211,6호선,새절,7052,6924,13976
202211,6호선,석계,6796,7172,13968
202211,6호선,신당,4534,4973,9507
202211,6호선,안암,5697,6510,12207
202211,6호선,약수,1913,1912,3825
202211,6호선,역촌,2163,2548,4711
202211,6호선,연신내,1,0,1
202211,6호선,월곡,6069,6132,12201
202211,6호선,월드컵경기장,7314,17218,24532
202211,6호선,응암,10225,10229,20454
202211,6호선,이태원,8602,8443,17045
202211,6호선,증산,5987,5924,11911
202211,6호선,창신,1806,1625,3431
202211,6호선,청구,1976,1693,3669
202211,6호선,태릉입구,3612,3924,7536
202211,6호선,한강진,7991,8415,16406
202211,6호선,합정,10456,9353,19809
202211,6호선,화랑대,5825,5251,11076
202211,6호선,효창공원앞,3911,3407,7318
202211,7호선,가산디지털단지,12660,11468,24128
202211,7호선,강남구청,6639,7315,13954
202211,7호선,건대입구,8511,9076,17587
202211,7호선,고속터미널,16324,9678,26002
202211,7호선,공릉,6930,7230,14160
202211,7호선,광명사거리,13601,13237,26838
202211,7호선,군자,9189,6700,15889
202211,7호선,남구로,7548,7238,14786
202211,7호선,남성,5982,5989,11971
202211,7호선,내방,5693,5839,11532
202211,7호선,노원,11572,11583,23155
202211,7호선,논현,5789,6160,11949
202211,7호선,대림,9011,8382,17393
202211,7호선,도봉산,6252,9046,15298
202211,7호선,뚝섬유원지,6796,6423,13219
202211,7호선,마들,6584,6224,12808
202211,7호선,먹골,5674,5630,11304
202211,7호선,면목,8505,8497,17002
202211,7호선,반포,3239,3310,6549
202211,7호선,보라매,4102,4126,8228
202211,7호선,사가정,9527,9220,18747
202211,7호선,상도,6162,6433,12595
202211,7호선,상봉,10466,10067,20533
202211,7호선,수락산,8923,8692,17615
202211,7호선,숭실대입구,6546,7032,13578
202211,7호선,신대방삼거리,8158,8032,16190
202211,7호선,신풍,7077,6680,13757
202211,7호선,어린이대공원,9048,9447,18495
202211,7호선,온수,4484,4629,9113
202211,7호선,용마산,3652,4086,7738
202211,7호선,이수,8993,8419,17412
202211,7호선,장승배기,4970,4986,9956
202211,7호선,장암,1523,1082,2605
202211,7호선,중계,7612,6980,14592
202211,7호선,중곡,5875,5648,11523
202211,7호선,중화,6453,6429,12882
202211,7호선,천왕,5506,5422,10928
202211,7호선,철산,12140,11873,24013
202211,7호선,청담,7490,8350,15840
202211,7호선,태릉입구,5487,5312,10799
202211,7호선,하계,10192,9748,19940
202211,7호선,학동,7683,8065,15748
202211,8호선,가락시장,3651,4539,8190
202211,8호선,강동구청,5150,5129,10279
202211,8호선,남위례,3327,3443,6770
202211,8호선,남한산성입구,7531,6986,14517
202211,8호선,단대오거리,5777,5743,11520
202211,8호선,모란,2767,2351,5118
202211,8호선,몽촌토성,4203,4374,8577
202211,8호선,문정,6421,6758,13179
202211,8호선,복정,5387,4932,10319
202211,8호선,산성,3508,3685,7193
202211,8호선,석촌,4529,5963,10492
202211,8호선,송파,5263,4987,10250
202211,8호선,수진,3174,2883,6057
202211,8호선,신흥,3010,3183,6193
202211,8호선,암사,9796,9129,18925
202211,8호선,잠실,11658,13484,25142
202211,8호선,장지,10492,10345,20837
202211,8호선,천호,10106,10782,20888
202211,9호선,가양,11749,11866,23615
202211,9호선,개화,1222,1115,2337
202211,9호선,고속터미널,13074,18708,31782
202211,9호선,공항시장,1864,2029,3893
202211,9호선,구반포,520,575,1095
202211,9호선,국회의사당,7191,5967,13158
202211,9호선,김포공항,6950,9844,16794
202211,9호선,노들,3121,2754,5875
202211,9호선,노량진,16275,17558,33833
202211,9호선,당산,10751,10572,21323
202211,9호선,동작,1368,1157,2525
202211,9호선,등촌,5545,5560,11105
202211,9호선,마곡나루,6556,6552,13108
202211,9호선,사평,1885,1917,3802
202211,9호선,샛강,2317,1894,4211
202211,9호선,선유도,3138,3230,6368
202211,9호선,신논현,16654,15938,32592
202211,9호선,신목동,2087,1898,3985
202211,9호선,신반포,2377,2388,4765
202211,9호선,신방화,3716,3734,7450
202211,9호선,양천향교,4421,4605,9026
202211,9호선,여의도,15713,10808,26521
202211,9호선,염창,10105,9556,19661
202211,9호선,증미,2600,2555,5155
202211,9호선,흑석,4519,4708,9227
202211,9호선2~3단계,둔촌오륜,757,760,1517
202211,9호선2~3단계,봉은사,10722,11095,21817
202211,9호선2~3단계,삼성중앙,2387,2528,4915
202211,9호선2~3단계,삼전,4760,4285,9045
202211,9호선2~3단계,석촌,5677,5030,10707
202211,9호선2~3단계,석촌고분,4220,3884,8104
202211,9호선2~3단계,선정릉,3617,4062,7679
202211,9호선2~3단계,송파나루,3513,3749,7262
202211,9호선2~3단계,언주,4431,4687,9118
202211,9호선2~3단계,올림픽공원,4890,5236,10126
202211,9호선2~3단계,종합운동장,4409,3358,7767
202211,9호선2~3단계,중앙보훈병원,4105,3945,8050
202211,9호선2~3단계,한성백제,2034,1937,3971
202211,경강선,경기광주,4592,4468,9060
202211,경강선,곤지암,2223,2198,4421
202211,경강선,부발,1809,2261,4070
202211,경강선,삼동,1154,1104,2258
202211,경강선,세종대왕릉,362,349,711
202211,경강선,신둔도예촌,1151,1126,2277
202211,경강선,여주,2710,2653,5363
202211,경강선,이매,801,583,1384
202211,경강선,이천,2502,2522,5024
202211,경강선,초월,1930,1829,3759
202211,경강선,판교,2857,2694,5551
202211,경부선,가산디지털단지,5757,7677,13434
202211,경부선,관악,5800,5385,11185
202211,경부선,광명,3025,2554,5579
202211,경부선,구로,11450,12565,24015
202211,경부선,군포,3354,3146,6500
202211,경부선,금정,16924,17221,34145
202211,경부선,금천구청,6928,6741,13669
202211,경부선,남영,5424,5863,11287
202211,경부선,노량진,6881,6839,13720
202211,경부선,당정,3460,3379,6839
202211,경부선,대방,6037,6798,12835
202211,경부선,독산,7240,6988,14228
202211,경부선,두정,5393,7187,12580
202211,경부선,명학,3504,3446,6950
202211,경부선,병점,10736,11118,21854
202211,경부선,서동탄,866,833,1699
202211,경부선,서울역,9040,2446,11486
202211,경부선,서정리,5450,8034,13484
202211,경부선,석수,5863,5632,11495
202211,경부선,성균관대,8918,9406,18324
202211,경부선,성환,3257,4031,7288
202211,경부선,세류,2402,2200,4602
202211,경부선,세마,1913,1852,3765
202211,경부선,송탄,4006,4873,8879
202211,경부선,수원,38491,37357,75848
202211,경부선,신길,5382,5031,10413
202211,경부선,신도림,2584,3066,5650
202211,경부선,안양,15359,14830,30189
202211,경부선,영등포,36520,37096,73616
202211,경부선,오산,9149,9408,18557
202211,경부선,오산대,2817,2713,5530
202211,경부선,용산,37558,33545,71103
202211,경부선,의왕,4827,4605,9432
202211,경부선,직산,689,758,1447
202211,경부선,진위,1063,1095,2158
202211,경부선,천안,7913,8174,16087
202211,경부선,평택,13663,14915,28578
202211,경부선,평택지제,3218,3201,6419
202211,경부선,화서,4966,4704,9670
202211,경원선,가능,4348,4111,8459
202211,경원선,광운대,4953,5011,9964
202211,경원선,녹양,3192,2937,6129
202211,경원선,녹천,2744,2381,5125
202211,경원선,덕계,2259,2069,4328
202211,경원선,덕정,3759,3861,7620
202211,경원선,도봉,3827,3517,7344
202211,경원선,도봉산,10538,7612,18150
202211,경원선,동두천,1486,1924,3410
202211,경원선,동두천중앙,2262,2057,4319
202211,경원선,망월사,5279,5376,10655
202211,경원선,방학,6720,6332,13052
202211,경원선,보산,1356,1489,2845
202211,경원선,서빙고,1936,2264,4200
202211,경원선,석계,5634,5887,11521
202211,경원선,소요산,6894,6340,13234
202211,경원선,신이문,5285,4802,10087
202211,경원선,양주,5485,5438,10923
202211,경원선,옥수,57,37,94
202211,경원선,왕십리,11435,12942,24377
202211,경원선,외대앞,6241,6202,12443
202211,경원선,월계,4395,4023,8418
202211,경원선,응봉,1336,1177,2513
202211,경원선,의정부,15690,15623,31313
202211,경원선,이촌,2859,2117,4976
202211,경원선,지행,4904,4869,9773
202211,경원선,청량리,16420,15381,31801
202211,경원선,한남,2031,2006,4037
202211,경원선,회룡,8367,8211,16578
202211,경의선,가좌,3270,3198,6468
202211,경의선,강매,1695,1485,3180
202211,경의선,곡산,378,336,714
202211,경의선,공덕,2472,1880,4352
202211,경의선,금릉,3224,3040,6264
202211,경의선,금촌,5184,5355,10539
202211,경의선,능곡,2421,2235,4656
202211,경의선,디지털미디어시티,1787,1709,3496
202211,경의선,문산,3995,4108,8103
202211,경의선,백마,3779,3458,7237
202211,경의선,서강대,1461,1587,3048
202211,경의선,서울역,1406,1412,2818
202211,경의선,수색,961,972,1933
202211,경의선,신촌,314,345,659
202211,경의선,야당,5389,5128,10517
202211,경의선,운정,4201,3842,8043
202211,경의선,월롱,1052,2061,3113
202211,경의선,일산,5272,4676,9948
202211,경의선,임진강,83,55,138
202211,경의선,탄현,4595,4006,8601
202211,경의선,파주,748,685,1433
202211,경의선,풍산,3894,3468,7362
202211,경의선,행신,5023,4863,9886
202211,경의선,홍대입구,1880,2388,4268
202211,경의선,화전,1016,1066,2082
202211,경의선,효창공원앞,1557,1747,3304
202211,경인선,간석,3566,3310,6876
202211,경인선,개봉,13205,12596,25801
202211,경인선,구일,3518,3361,6879
202211,경인선,도원,1892,1862,3754
202211,경인선,도화,2557,2410,4967
202211,경인선,동암,11068,10528,21596
202211,경인선,동인천,10181,9700,19881
202211,경인선,백운,4235,4088,8323
202211,경인선,부개,5326,4892,10218
202211,경인선,부천,23972,22884,46856
202211,경인선,부평,23715,23676,47391
202211,경인선,소사,6676,6335,13011
202211,경인선,송내,14897,14284,29181
202211,경인선,역곡,16204,15755,31959
202211,경인선,오류동,7826,7101,14927
202211,경인선,온수,4436,4023,8459
202211,경인선,인천,4353,3540,7893
202211,경인선,제물포,5821,5450,11271
202211,경인선,주안,13098,11379,24477
202211,경인선,중동,5485,5065,10550
202211,경춘선,가평,3366,2486,5852
202211,경춘선,갈매,1611,1451,3062
202211,경춘선,강촌,947,645,1592
202211,경춘선,굴봉산,184,147,331
202211,경춘선,금곡,877,830,1707
202211,경춘선,김유정,582,581,1163
202211,경춘선,남춘천,2871,3566,6437
202211,경춘선,대성리,1985,510,2495
202211,경춘선,마석,2915,2683,5598
202211,경춘선,백양리,134,105,239
202211,경춘선,별내,1938,1828,3766
202211,경춘선,사릉,1568,1411,2979
202211,경춘선,상천,715,465,1180
202211,경춘선,신내,1147,1178,2325
202211,경춘선,천마산,1189,1165,2354
202211,경춘선,청평,2319,1613,3932
202211,경춘선,춘천,2373,2077,4450
202211,경춘선,퇴계원,2258,2063,4321
202211,경춘선,평내호평,3823,3564,7387
202211,공항철도 1호선,검암,4022,3955,7977
202211,공항철도 1호선,계양,6681,6124,12805
202211,공항철도 1호선,공덕,1600,2261,3861
202211,공항철도 1호선,공항화물청사,1003,1085,2088
202211,공항철도 1호선,김포공항,9872,5096,14968
202211,공항철도 1호선,디지털미디어시티,4505,4604,9109
202211,공항철도 1호선,마곡나루,2892,3110,6002
202211,공항철도 1호선,서울역,10892,11046,21938
202211,공항철도 1호선,영종,2918,2855,5773
202211,공항철도 1호선,운서,6669,7077,13746
202211,공항철도 1호선,인천공항1터미널,9660,9115,18775
202211,공항철도 1호선,인천공항2터미널,3877,3542,7419
202211,공항철도 1호선,청라국제도시,3737,3657,7394
202211,공항철도 1호선,홍대입구,12331,11377,23708
202211,과천선,경마공원,15866,15975,31841
202211,과천선,과천,4351,3942,8293
202211,과천선,대공원,7946,8121,16067
202211,과천선,범계,16378,15888,32266
202211,과천선,선바위,4857,4295,9152
202211,과천선,인덕원,14184,14137,28321
202211,과천선,정부과천청사,5189,5329,10518
202211,과천선,평촌,7542,7191,14733
202211,분당선,가천대,4483,5358,9841
202211,분당선,강남구청,3478,4259,7737
202211,분당선,개포동,2348,2361,4709
202211,분당선,구룡,1014,1199,2213
202211,분당선,구성,2615,2898,5513
202211,분당선,기흥,5597,5274,10871
202211,분당선,대모산입구,2244,2283,4527
202211,분당선,도곡,3530,3368,6898
202211,분당선,망포,7161,7440,14601
202211,분당선,매교,2252,2299,4551
202211,분당선,매탄권선,2726,2736,5462
202211,분당선,모란,12053,12411,24464
202211,분당선,미금,7931,8306,16237
202211,분당선,보정,1317,1249,2566
202211,분당선,상갈,3149,3333,6482
202211,분당선,서울숲,10530,11496,22026
202211,분당선,서현,14508,14679,29187
202211,분당선,선릉,3209,4981,8190
202211,분당선,선정릉,2437,2477,4914
202211,분당선,수내,6502,6155,12657
202211,분당선,수서,9299,9424,18723
202211,분당선,수원,6431,5549,11980
202211,분당선,수원시청,8951,9013,17964
202211,분당선,신갈,2317,2327,4644
202211,분당선,압구정로데오,11209,12555,23764
202211,분당선,야탑,15158,15510,30668
202211,분당선,영통,5395,5424,10819
202211,분당선,오리,5628,4996,10624
202211,분당선,이매,3802,3982,7784
202211,분당선,정자,8082,8314,16396
202211,분당선,죽전,8824,9527,18351
202211,분당선,청명,2343,2426,4769
202211,분당선,태평,8816,8407,17223
202211,분당선,한티,10166,9894,20060
202211,수인선,고색,1873,1910,3783
202211,수인선,남동인더스파크,628,623,1251
202211,수인선,달월,62,71,133
202211,수인선,사리,3181,2523,5704
202211,수인선,소래포구,5749,5569,11318
202211,수인선,송도,1798,1645,3443
202211,수인선,숭의,2176,2001,4177
202211,수인선,신포,1378,1349,2727
202211,수인선,야목,234,156,390
202211,수인선,어천,802,911,1713
202211,수인선,연수,3523,3423,6946
202211,수인선,오목천,1873,1896,3769
202211,수인선,원인재,3095,3108,6203
202211,수인선,월곶,1867,1771,3638
202211,수인선,인천,1198,1706,2904
202211,수인선,인천논현,3228,3379,6607
202211,수인선,인하대,3740,3812,7552
202211,수인선,호구포,2246,2371,4617
202211,신림선,관악산,4076,4378,8454
202211,신림선,당곡,2496,2388,4884
202211,신림선,대방,1640,1305,2945
202211,신림선,보라매,1911,1765,3676
202211,신림선,보라매공원,1095,1217,2312
202211,신림선,보라매병원,2196,2322,4518
202211,신림선,샛강,1032,1190,2222
202211,신림선,서울대벤처타운,5208,4908,10116
202211,신림선,서울지방병무청,1578,1688,3266
202211,신림선,서원,2063,1842,3905
202211,신림선,신림,1118,1649,2767
202211,안산선,고잔,5910,5761,11671
202211,안산선,대야미,3359,3010,6369
202211,안산선,반월,2861,2867,5728
202211,안산선,산본,10127,10442,20569
202211,안산선,상록수,10156,10080,20236
202211,안산선,수리산,2388,2337,4725
202211,안산선,신길온천,1391,1312,2703
202211,안산선,안산,11435,10347,21782
202211,안산선,오이도,6652,6303,12955
202211,안산선,정왕,6180,6818,12998
202211,안산선,중앙,13546,13184,26730
202211,안산선,초지,2911,2812,5723
202211,안산선,한대앞,6260,6162,12422
202211,우이신설선,4.19민주묘지,2260,1986,4246
202211,우이신설선,가오리,2653,2452,5105
202211,우이신설선,보문,1162,1107,2269
202211,우이신설선,북한산보국문,4449,4055,8504
202211,우이신설선,북한산우이,4722,4639,9361
202211,우이신설선,삼양,1378,1362,2740
202211,우이신설선,삼양사거리,1674,1659,3333
202211,우이신설선,성신여대입구,2377,2807,5184
202211,우이신설선,솔밭공원,1868,1732,3600
202211,우이신설선,솔샘,3259,2991,6250
202211,우이신설선,신설동,1430,1415,2845
202211,우이신설선,정릉,3185,2725,5910
202211,우이신설선,화계,2335,2209,4544
202211,일산선,대곡,1248,1024,2272
202211,일산선,대화,7143,6346,13489
202211,일산선,마두,3879,3889,7768
202211,일산선,백석,5856,5713,11569
202211,일산선,삼송,11705,11637,23342
202211,일산선,원당,6721,6415,13136
202211,일산선,원흥,6197,6090,12287
202211,일산선,정발산,5897,5870,11767
202211,일산선,주엽,5121,5065,10186
202211,일산선,화정,10194,10382,20576
202211,장항선,배방,991,1063,2054
202211,장항선,봉명,604,608,1212
202211,장항선,신창,1314,2372,3686
202211,장항선,쌍용,1486,1633,3119
202211,장항선,아산,4459,3391,7850
202211,장항선,온양온천,5264,4906,10170
202211,장항선,탕정,742,853,1595
202211,중앙선,구리,8346,8479,16825
202211,중앙선,국수,663,538,1201
202211,중앙선,덕소,3639,3623,7262
202211,중앙선,도농,6226,5936,12162
202211,중앙선,도심,1369,1191,2560
202211,중앙선,망우,5568,5611,11179
202211,중앙선,상봉,4307,4260,8567
202211,중앙선,신원,280,173,453
202211,중앙선,아신,613,512,1125
202211,중앙선,양수,2142,1870,4012
202211,중앙선,양원,1511,1591,3102
202211,중앙선,양정,519,381,900
202211,중앙선,양평,2679,2426,5105
202211,중앙선,오빈,249,240,489
202211,중앙선,용문,2920,2320,5240
202211,중앙선,운길산,1224,1239,2463
202211,중앙선,원덕,399,311,710
202211,중앙선,중랑,3661,3675,7336
202211,중앙선,지평,59,43,102
202211,중앙선,팔당,1217,1325,2542
202211,중앙선,회기,19659,20056,39715
202211,1호선,동대문,10800,10684,21484
202211,1호선,동묘앞,11052,11412,22464
202211,1호선,서울역,50491,49980,100471
202211,1호선,시청,31007,28266,59273
202211,1호선,신설동,10600,10326,20926
202211,1호선,제기동,15189,15519,30708
202211,1호선,종각,27820,25815,53635
202211,1호선,종로3가,26053,25107,51160
202211,1호선,종로5가,24469,22785,47254
202211,1호선,청량리,18174,19643,37817
202211,2호선,강남,59066,58874,117940
202211,2호선,강변,31283,31386,62669
202211,2호선,건대입구,34830,37829,72659
202211,2호선,교대,19007,21626,40633
202211,2호선,구로디지털단지,36790,36056,72846
202211,2호선,구의,17523,17183,34706
202211,2호선,낙성대,22537,20918,43455
202211,2호선,당산,13045,14645,27690
202211,2호선,대림,18989,20172,39161
202211,2호선,도림천,851,925,1776
202211,2호선,동대문역사문화공원,12194,14141,26335
202211,2호선,뚝섬,15747,15841,31588
202211,2호선,문래,14035,15149,29184
202211,2호선,방배,10964,11268,22232
202211,2호선,봉천,18293,16811,35104
202211,2호선,사당,36721,41386,78107
202211,2호선,삼성,33864,32890,66754
202211,2호선,상왕십리,10564,10146,20710
202211,2호선,서울대입구,38147,36501,74648
202211,2호선,서초,12938,10898,23836
202211,2호선,선릉,26502,23573,50075
202211,2호선,성수,25481,28074,53555
202211,2호선,시청,20391,14962,35353
202211,2호선,신답,1119,1216,2335
202211,2호선,신당,11686,12410,24096
202211,2호선,신대방,20603,19891,40494
202211,2호선,신도림,45693,46381,92074
202211,2호선,신림,48768,46510,95278
202211,2호선,신설동,3995,3577,7572
202211,2호선,신정네거리,7959,8026,15985
202211,2호선,신촌,36221,36806,73027
202211,2호선,아현,8740,8163,16903
202211,2호선,양천구청,4778,4958,9736
202211,2호선,역삼,19467,21047,40514
202211,2호선,영등포구청,14420,14968,29388
202211,2호선,왕십리,15008,13456,28464
202211,2호선,용답,2258,2124,4382
202211,2호선,용두,1996,1879,3875
202211,2호선,을지로3가,17432,15137,32569
202211,2호선,을지로4가,9733,9662,19395
202211,2호선,을지로입구,34500,31627,66127
202211,2호선,이대,13111,13849,26960
202211,2호선,잠실,73601,70101,143702
202211,2호선,잠실나루,8615,8607,17222
202211,2호선,잠실새내,18233,19130,37363
202211,2호선,종합운동장,7628,8315,15943
202211,2호선,충정로,8137,7812,15949
202211,2호선,한양대,5463,6039,11502
202211,2호선,합정,32132,36883,69015
202211,2호선,홍대입구,72976,80976,153952
202211,3호선,가락시장,6913,6669,13582
202211,3호선,경복궁,26429,25943,52372
202211,3호선,경찰병원,4566,4550,9116
202211,3호선,고속터미널,56868,57846,114714
202211,3호선,교대,8548,4993,13541
202211,3호선,구파발,16282,16796,33078
202211,3호선,금호,6253,5640,11893
202211,3호선,남부터미널,24287,24587,48874
202211,3호선,녹번,11554,10271,21825
202211,3호선,대청,6409,5959,12368
202211,3호선,대치,9298,8618,17916
202211,3호선,도곡,3733,3638,7371
202211,3호선,독립문,7048,7210,14258
202211,3호선,동대입구,9211,10277,19488
202211,3호선,매봉,6779,6568,13347
202211,3호선,무악재,3463,3440,6903
202211,3호선,불광,13505,14992,28497
202211,3호선,수서,15955,15671,31626
202211,3호선,신사,24780,26387,51167
202211,3호선,안국,29217,29485,58702
202211,3호선,압구정,27679,29576,57255
202211,3호선,약수,10064,9583,19647
202211,3호선,양재,23814,25569,49383
202211,3호선,연신내,29886,28389,58275
202211,3호선,오금,4044,3836,7880
202211,3호선,옥수,7256,7443,14699
202211,3호선,을지로3가,7551,7572,15123
202211,3호선,일원,5835,5732,11567
202211,3호선,잠원,3855,3689,7544
202211,3호선,종로3가,7176,9748,16924
202211,3호선,지축,4192,3902,8094
202211,3호선,학여울,3113,3173,6286
202211,3호선,홍제,14560,14293,28853
202211,4호선,길음,16584,16068,32652
202211,4호선,남태령,1317,729,2046
202211,4호선,노원,16466,18266,34732
202211,4호선,당고개,7887,7449,15336
202211,4호선,동대문,14482,14654,29136
202211,4호선,동대문역사문화공원,14562,12451,27013
202211,4호선,동작,1132,1277,2409
202211,4호선,명동,25662,26796,52458
202211,4호선,미아,11757,11038,22795
202211,4호선,미아사거리,23201,22462,45663
202211,4호선,사당,25386,22505,47891
202211,4호선,삼각지,8893,10582,19475
202211,4호선,상계,14732,13669,28401
202211,4호선,서울역,8657,20761,29418
202211,4호선,성신여대입구,18414,17635,36049
202211,4호선,수유,28187,28074,56261
202211,4호선,숙대입구,12031,11309,23340
202211,4호선,신용산,14478,15041,29519
202211,4호선,쌍문,22795,20366,43161
202211,4호선,이촌,10803,11093,21896
202211,4호선,창동,20595,21418,42013
202211,4호선,총신대입구,15328,17085,32413
202211,4호선,충무로,17907,18096,36003
202211,4호선,한성대입구,12437,12221,24658
202211,4호선,혜화,36369,37243,73612
202211,4호선,회현,25239,23145,48384
202211,5호선,강동,14101,13654,27755
202211,5호선,강일,3714,3201,6915
202211,5호선,개롱,4710,4964,9674
202211,5호선,개화산,3831,3649,7480
202211,5호선,거여,6818,6297,13115
202211,5호선,고덕,6832,6624,13456
202211,5호선,공덕,8272,8750,17022
202211,5호선,광나루,12024,11042,23066
202211,5호선,광화문,25840,26233,52073
202211,5호선,군자,8844,10087,18931
202211,5호선,굽은다리,7506,7272,14778
202211,5호선,길동,6310,6377,12687
202211,5호선,김포공항,7642,7448,15090
202211,5호선,까치산,22222,20992,43214
202211,5호선,답십리,11080,10173,21253
202211,5호선,동대문역사문화공원,1489,1929,3418
202211,5호선,둔촌동,6337,6513,12850
202211,5호선,마곡,5747,5901,11648
202211,5호선,마장,4339,4229,8568
202211,5호선,마천,5069,5066,10135
202211,5호선,마포,8740,8873,17613
202211,5호선,명일,6655,6508,13163
202211,5호선,목동,11834,11979,23813
202211,5호선,미사,13150,13233,26383
202211,5호선,발산,15591,16826,32417
202211,5호선,방이,5757,5496,11253
202211,5호선,방화,4973,4738,9711
202211,5호선,상일동,9623,9405,19028
202211,5호선,서대문,10849,11066,21915
202211,5호선,송정,5187,4986,10173
202211,5호선,신금호,4628,4722,9350
202211,5호선,신길,3118,3283,6401
202211,5호선,신정,9288,8112,17400
202211,5호선,아차산,12656,12161,24817
202211,5호선,애오개,4121,4081,8202
202211,5호선,양평,3890,3741,7631
202211,5호선,여의나루,9712,15594,25306
202211,5호선,여의도,18154,16598,34752
202211,5호선,영등포구청,2219,2208,4427
202211,5호선,영등포시장,9566,10228,19794
202211,5호선,오금,2157,1999,4156
202211,5호선,오목교,17619,18168,35787
202211,5호선,올림픽공원,4815,4287,9102
202211,5호선,왕십리,3808,4473,8281
202211,5호선,우장산,10258,10144,20402
202211,5호선,을지로4가,3997,4740,8737
202211,5호선,장한평,12542,12124,24666
202211,5호선,종로3가,16218,15727,31945
202211,5호선,천호,17627,16734,34361
202211,5호선,청구,2566,2519,5085
202211,5호선,충정로,2497,2194,4691
202211,5호선,하남검단산,5366,5442,10808
202211,5호선,하남시청,6066,5776,11842
202211,5호선,하남풍산,2907,2983,5890
202211,5호선,행당,6015,5328,11343
202211,5호선,화곡,21426,19554,40980
202211,6호선,고려대,6756,6450,13206
202211,6호선,공덕,11206,10727,21933
202211,6호선,광흥창,5684,5346,11030
202211,6호선,구산,5667,4507,10174
202211,6호선,녹사평,4884,4963,9847
202211,6호선,대흥,6375,6399,12774
202211,6호선,독바위,2051,2352,4403
202211,6호선,돌곶이,6805,6213,13018
202211,6호선,동묘앞,8586,8242,16828
202211,6호선,디지털미디어시티,8342,8868,17210
202211,6호선,마포구청,10486,9432,19918
202211,6호선,망원,13561,14755,28316
202211,6호선,버티고개,1577,1707,3284
202211,6호선,보문,5662,5374,11036
202211,6호선,봉화산,5653,5633,11286
202211,6호선,불광,3937,3473,7410
202211,6호선,삼각지,8024,6233,14257
202211,6호선,상수,10746,12884,23630
202211,6호선,상월곡,4373,3790,8163
202211,6호선,새절,9020,8676,17696
202211,6호선,석계,9129,9376,18505
202211,6호선,신당,6251,5862,12113
202211,6호선,안암,8643,8205,16848
202211,6호선,약수,2628,2826,5454
202211,6호선,역촌,2901,3329,6230
202211,6호선,월곡,7954,7660,15614
202211,6호선,월드컵경기장,6270,6491,12761
202211,6호선,응암,13131,13212,26343
202211,6호선,이태원,9919,10576,20495
202211,6호선,증산,7675,7648,15323
202211,6호선,창신,2367,2111,4478
202211,6호선,청구,2573,2510,5083
202211,6호선,태릉입구,4471,4764,9235
202211,6호선,한강진,10332,11506,21838
202211,6호선,합정,13737,12948,26685
202211,6호선,화랑대,8042,6284,14326
202211,6호선,효창공원앞,5498,4968,10466
202211,7호선,가산디지털단지,15888,13940,29828
202211,7호선,강남구청,10937,12274,23211
202211,7호선,건대입구,11746,12935,24681
202211,7호선,고속터미널,18533,13550,32083
202211,7호선,공릉,9533,9145,18678
202211,7호선,광명사거리,16941,16633,33574
202211,7호선,군자,11474,8555,20029
202211,7호선,남구로,8621,9378,17999
202211,7호선,남성,8220,7668,15888
202211,7호선,내방,8395,8315,16710
202211,7호선,노원,16570,16403,32973
202211,7호선,논현,10193,11077,21270
202211,7호선,대림,7967,8550,16517
202211,7호선,도봉산,6824,9170,15994
202211,7호선,뚝섬유원지,6087,5852,11939
202211,7호선,마들,9301,8713,18014
202211,7호선,먹골,7903,7510,15413
202211,7호선,면목,11360,10775,22135
202211,7호선,반포,5057,4895,9952
202211,7호선,보라매,5820,5782,11602
202211,7호선,사가정,12649,12127,24776
202211,7호선,상도,8816,7932,16748
202211,7호선,상봉,13997,13302,27299
202211,7호선,수락산,10408,10269,20677
202211,7호선,숭실대입구,9622,9511,19133
202211,7호선,신대방삼거리,11278,10664,21942
202211,7호선,신풍,8794,8290,17084
202211,7호선,어린이대공원,11933,11202,23135
202211,7호선,온수,5770,5761,11531
202211,7호선,용마산,4569,4629,9198
202211,7호선,이수,13017,12144,25161
202211,7호선,장승배기,6928,6666,13594
202211,7호선,장암,1715,1159,2874
202211,7호선,중계,10006,9086,19092
202211,7호선,중곡,7139,6775,13914
202211,7호선,중화,8256,7803,16059
202211,7호선,천왕,7365,6902,14267
202211,7호선,철산,16288,16363,32651
202211,7호선,청담,12602,13739,26341
202211,7호선,태릉입구,7362,6415,13777
202211,7호선,하계,13121,12543,25664
202211,7호선,학동,12255,13014,25269
202211,8호선,가락시장,6146,6239,12385
202211,8호선,강동구청,6509,6529,13038
202211,8호선,남위례,4339,4480,8819
202211,8호선,남한산성입구,9573,8481,18054
202211,8호선,단대오거리,7732,7280,15012
202211,8호선,모란,3807,3415,7222
202211,8호선,몽촌토성,4990,5139,10129
202211,8호선,문정,9374,9545,18919
202211,8호선,복정,6545,5467,12012
202211,8호선,산성,4498,4423,8921
202211,8호선,석촌,6188,7525,13713
202211,8호선,송파,6457,6543,13000
202211,8호선,수진,4420,4056,8476
202211,8호선,신흥,4183,4442,8625
202211,8호선,암사,12981,11780,24761
202211,8호선,잠실,15111,16812,31923
202211,8호선,장지,12961,11703,24664
202211,8호선,천호,12196,14363,26559
202211,9호선,가양,15383,14858,30241
202211,9호선,개화,1612,1314,2926
202211,9호선,고속터미널,14781,23207,37988
202211,9호선,공항시장,2322,2440,4762
202211,9호선,구반포,1422,1386,2808
202211,9호선,국회의사당,5793,5811,11604
202211,9호선,김포공항,7841,11028,18869
202211,9호선,노들,3773,3314,7087
202211,9호선,노량진,23903,23424,47327
202211,9호선,당산,14812,13793,28605
202211,9호선,동작,1531,1279,2810
202211,9호선,등촌,7542,7432,14974
202211,9호선,마곡나루,9124,8840,17964
202211,9호선,사평,2868,2797,5665
202211,9호선,샛강,3478,3111,6589
202211,9호선,선유도,4148,4066,8214
202211,9호선,신논현,26301,26764,53065
202211,9호선,신목동,2676,2272,4948
202211,9호선,신반포,3459,3514,6973
202211,9호선,신방화,4922,4782,9704
202211,9호선,양천향교,6366,6135,12501
202211,9호선,여의도,18975,15782,34757
202211,9호선,염창,12805,11752,24557
202211,9호선,증미,3729,3518,7247
202211,9호선,흑석,6752,6642,13394
202211,9호선2~3단계,둔촌오륜,656,705,1361
202211,9호선2~3단계,봉은사,13620,14283,27903
202211,9호선2~3단계,삼성중앙,3606,3711,7317
202211,9호선2~3단계,삼전,5386,5041,10427
202211,9호선2~3단계,석촌,7428,6287,13715
202211,9호선2~3단계,석촌고분,4854,4789,9643
202211,9호선2~3단계,선정릉,5198,6011,11209
202211,9호선2~3단계,송파나루,4749,4904,9653
202211,9호선2~3단계,언주,7152,7165,14317
202211,9호선2~3단계,올림픽공원,8183,8547,16730
202211,9호선2~3단계,종합운동장,3608,3309,6917
202211,9호선2~3단계,중앙보훈병원,5550,5170,10720
202211,9호선2~3단계,한성백제,2349,2025,4374
202211,경강선,경기광주,6092,5766,11858
202211,경강선,곤지암,2313,2382,4695
202211,경강선,부발,2188,2034,4222
202211,경강선,삼동,1682,1547,3229
202211,경강선,세종대왕릉,392,472,864
202211,경강선,신둔도예촌,1347,1380,2727
202211,경강선,여주,2682,3060,5742
202211,경강선,이매,936,751,1687
202211,경강선,이천,3094,3336,6430
202211,경강선,초월,2464,2171,4635
202211,경강선,판교,3682,3460,7142
202211,경부선,가산디지털단지,6727,9379,16106
202211,경부선,관악,6330,6319,12649
202211,경부선,광명,3355,3061,6416
202211,경부선,구로,14679,15478,30157
202211,경부선,군포,4373,3986,8359
202211,경부선,금정,21262,21420,42682
202211,경부선,금천구청,8842,8799,17641
202211,경부선,남영,7520,7865,15385
202211,경부선,노량진,9913,9742,19655
202211,경부선,당정,4383,4021,8404
202211,경부선,대방,7840,8934,16774
202211,경부선,독산,9931,9654,19585
202211,경부선,두정,6738,6692,13430
202211,경부선,명학,5289,4616,9905
202211,경부선,병점,13515,13369,26884
202211,경부선,서동탄,1120,1189,2309
202211,경부선,서울역,11522,3224,14746
202211,경부선,서정리,9240,7164,16404
202211,경부선,석수,7549,6847,14396
202211,경부선,성균관대,11664,11620,23284
202211,경부선,성환,3784,3464,7248
202211,경부선,세류,2831,2884,5715
202211,경부선,세마,2559,2294,4853
202211,경부선,송탄,5651,5088,10739
202211,경부선,수원,42150,45392,87542
202211,경부선,신길,6359,5472,11831
202211,경부선,신도림,3252,3811,7063
202211,경부선,안양,19368,19303,38671
202211,경부선,영등포,47286,48415,95701
202211,경부선,오산,10502,9984,20486
202211,경부선,오산대,3471,3210,6681
202211,경부선,용산,46909,48884,95793
202211,경부선,의왕,6111,5856,11967
202211,경부선,직산,845,792,1637
202211,경부선,진위,1186,1031,2217
202211,경부선,천안,7585,7840,15425
202211,경부선,평택,15464,15045,30509
202211,경부선,평택지제,4534,4040,8574
202211,경부선,화서,6458,6181,12639
202211,경원선,가능,5467,5220,10687
202211,경원선,광운대,6007,5980,11987
202211,경원선,녹양,3711,3586,7297
202211,경원선,녹천,3429,2917,6346
202211,경원선,덕계,2779,2600,5379
202211,경원선,덕정,5176,4739,9915
202211,경원선,도봉,4882,4609,9491
202211,경원선,도봉산,8680,5946,14626
202211,경원선,동두천,1701,2085,3786
202211,경원선,동두천중앙,2710,2748,5458
202211,경원선,망월사,6184,6297,12481
202211,경원선,방학,7774,7589,15363
202211,경원선,보산,1550,1628,3178
202211,경원선,서빙고,1868,1838,3706
202211,경원선,석계,7235,7588,14823
202211,경원선,소요산,4287,3588,7875
202211,경원선,신이문,6792,6138,12930
202211,경원선,양주,6858,6552,13410
202211,경원선,옥수,32,37,69
202211,경원선,왕십리,14340,16045,30385
202211,경원선,외대앞,7307,6707,14014
202211,경원선,월계,5163,4602,9765
202211,경원선,응봉,1516,1270,2786
202211,경원선,의정부,19177,20222,39399
202211,경원선,이촌,3362,2511,5873
202211,경원선,지행,6004,5855,11859
202211,경원선,청량리,18395,18890,37285
202211,경원선,한남,2860,2805,5665
202211,경원선,회룡,10196,9925,20121
202211,경의선,가좌,4429,4276,8705
202211,경의선,강매,2198,1963,4161
202211,경의선,곡산,437,426,863
202211,경의선,공덕,3691,2432,6123
202211,경의선,금릉,4096,3975,8071
202211,경의선,금촌,6027,5755,11782
202211,경의선,능곡,2900,2769,5669
202211,경의선,디지털미디어시티,2384,2089,4473
202211,경의선,문산,5123,4733,9856
202211,경의선,백마,4715,4511,9226
202211,경의선,서강대,1865,1889,3754
202211,경의선,서울역,1950,1917,3867
202211,경의선,수색,1821,1658,3479
202211,경의선,신촌,500,520,1020
202211,경의선,야당,6795,6891,13686
202211,경의선,운정,5309,4975,10284
202211,경의선,월롱,1845,1552,3397
202211,경의선,일산,6462,6278,12740
202211,경의선,임진강,28,54,82
202211,경의선,탄현,5653,5366,11019
202211,경의선,파주,1005,784,1789
202211,경의선,풍산,4424,4300,8724
202211,경의선,행신,6025,6165,12190
202211,경의선,홍대입구,2008,2637,4645
202211,경의선,화전,1354,1221,2575
202211,경의선,효창공원앞,2074,2275,4349
202211,경인선,간석,4607,4509,9116
202211,경인선,개봉,17286,17435,34721
202211,경인선,구일,5001,4614,9615
202211,경인선,도원,2277,2236,4513
202211,경인선,도화,3183,2969,6152
202211,경인선,동암,13713,13788,27501
202211,경인선,동인천,11905,11695,23600
202211,경인선,백운,5949,5882,11831
202211,경인선,부개,6926,6524,13450
202211,경인선,부천,29316,30352,59668
202211,경인선,부평,29792,32641,62433
202211,경인선,소사,8171,8135,16306
202211,경인선,송내,19887,19799,39686
202211,경인선,역곡,20962,20796,41758
202211,경인선,오류동,9729,8808,18537
202211,경인선,온수,5239,4819,10058
202211,경인선,인천,4127,3477,7604
202211,경인선,제물포,7959,7467,15426
202211,경인선,주안,17587,15543,33130
202211,경인선,중동,6889,6459,13348
202211,경춘선,가평,2154,2520,4674
202211,경춘선,갈매,2050,1749,3799
202211,경춘선,강촌,504,677,1181
202211,경춘선,굴봉산,139,163,302
202211,경춘선,금곡,1134,1074,2208
202211,경춘선,김유정,533,650,1183
202211,경춘선,남춘천,3667,3736,7403
202211,경춘선,대성리,1642,2001,3643
202211,경춘선,마석,3520,3198,6718
202211,경춘선,백양리,88,85,173
202211,경춘선,별내,2176,2054,4230
202211,경춘선,사릉,1683,1647,3330
202211,경춘선,상천,403,394,797
202211,경춘선,신내,1338,1301,2639
202211,경춘선,천마산,1350,1314,2664
202211,경춘선,청평,1682,2110,3792
202211,경춘선,춘천,1931,1808,3739
202211,경춘선,퇴계원,2768,2391,5159
202211,경춘선,평내호평,4771,4556,9327
202211,공항철도 1호선,검암,5020,4874,9894
202211,공항철도 1호선,계양,8556,7734,16290
202211,공항철도 1호선,공덕,1921,3245,5166
202211,공항철도 1호선,공항화물청사,1310,1313,2623
202211,공항철도 1호선,김포공항,10793,5197,15990
202211,공항철도 1호선,디지털미디어시티,7847,7229,15076
202211,공항철도 1호선,마곡나루,4171,4594,8765
202211,공항철도 1호선,서울역,12282,11668,23950
202211,공항철도 1호선,영종,3425,3433,6858
202211,공항철도 1호선,운서,7455,7708,15163
202211,공항철도 1호선,인천공항1터미널,9652,9280,18932
202211,공항철도 1호선,인천공항2터미널,3985,3431,7416
202211,공항철도 1호선,청라국제도시,4787,4644,9431
202211,공항철도 1호선,홍대입구,14849,15384,30233
202211,과천선,경마공원,12363,12415,24778
202211,과천선,과천,5281,5114,10395
202211,과천선,대공원,5735,6003,11738
202211,과천선,범계,21904,21623,43527
202211,과천선,선바위,5960,5116,11076
202211,과천선,인덕원,18054,17974,36028
202211,과천선,정부과천청사,6955,6909,13864
202211,과천선,평촌,10595,10586,21181
202211,분당선,가천대,6250,6598,12848
202211,분당선,강남구청,5676,7002,12678
202211,분당선,개포동,3027,2936,5963
202211,분당선,구룡,1529,1386,2915
202211,분당선,구성,3539,3808,7347
202211,분당선,기흥,7570,7263,14833
202211,분당선,대모산입구,3256,3101,6357
202211,분당선,도곡,5568,5289,10857
202211,분당선,망포,10124,9322,19446
202211,분당선,매교,3172,3192,6364
202211,분당선,매탄권선,3929,3670,7599
202211,분당선,모란,16329,17023,33352
202211,분당선,미금,10701,11098,21799
202211,분당선,보정,1803,1681,3484
202211,분당선,상갈,3968,4063,8031
202211,분당선,서울숲,10151,10555,20706
202211,분당선,서현,19291,19627,38918
202211,분당선,선릉,5670,8713,14383
202211,분당선,선정릉,3810,3697,7507
202211,분당선,수내,9313,9058,18371
202211,분당선,수서,11702,12090,23792
202211,분당선,수원,8119,6706,14825
202211,분당선,수원시청,12019,14336,26355
202211,분당선,신갈,3050,3040,6090
202211,분당선,압구정로데오,19357,22847,42204
202211,분당선,야탑,19253,20632,39885
202211,분당선,영통,7268,7347,14615
202211,분당선,오리,7948,6502,14450
202211,분당선,이매,3975,4019,7994
202211,분당선,정자,11392,12013,23405
202211,분당선,죽전,10498,11574,22072
202211,분당선,청명,3004,3151,6155
202211,분당선,태평,11385,10722,22107
202211,분당선,한티,12591,12333,24924
202211,수인선,고색,2632,2603,5235
202211,수인선,남동인더스파크,993,952,1945
202211,수인선,달월,67,67,134
202211,수인선,사리,4046,3275,7321
202211,수인선,소래포구,6170,6141,12311
202211,수인선,송도,2019,1895,3914
202211,수인선,숭의,2763,2461,5224
202211,수인선,신포,1434,1500,2934
202211,수인선,야목,306,231,537
202211,수인선,어천,935,807,1742
202211,수인선,연수,4160,4219,8379
202211,수인선,오목천,2614,2201,4815
202211,수인선,원인재,3652,3893,7545
202211,수인선,월곶,2316,2133,4449
202211,수인선,인천,1189,1930,3119
202211,수인선,인천논현,4622,4704,9326
202211,수인선,인하대,4963,4472,9435
202211,수인선,호구포,2706,2658,5364
202211,신림선,관악산,2988,3250,6238
202211,신림선,당곡,3056,2983,6039
202211,신림선,대방,2494,1589,4083
202211,신림선,보라매,2614,2230,4844
202211,신림선,보라매공원,1302,1413,2715
202211,신림선,보라매병원,3318,3233,6551
202211,신림선,샛강,1071,1371,2442
202211,신림선,서울대벤처타운,6707,6096,12803
202211,신림선,서울지방병무청,2115,2375,4490
202211,신림선,서원,2379,2132,4511
202211,신림선,신림,1377,1907,3284
202211,안산선,고잔,7584,7501,15085
202211,안산선,대야미,4209,3581,7790
202211,안산선,반월,3531,3334,6865
202211,안산선,산본,13291,13841,27132
202211,안산선,상록수,13308,13299,26607
202211,안산선,수리산,2992,2643,5635
202211,안산선,신길온천,1612,1559,3171
202211,안산선,안산,10517,11255,21772
202211,안산선,오이도,7486,7747,15233
202211,안산선,정왕,7447,7217,14664
202211,안산선,중앙,16589,17745,34334
202211,안산선,초지,3912,3794,7706
202211,안산선,한대앞,7835,7852,15687
202211,우이신설선,4.19민주묘지,2529,2264,4793
202211,우이신설선,가오리,3219,3007,6226
202211,우이신설선,보문,1306,1349,2655
202211,우이신설선,북한산보국문,5217,4799,10016
202211,우이신설선,북한산우이,3732,4017,7749
202211,우이신설선,삼양,1534,1600,3134
202211,우이신설선,삼양사거리,2124,2120,4244
202211,우이신설선,성신여대입구,3071,3430,6501
202211,우이신설선,솔밭공원,1990,1900,3890
202211,우이신설선,솔샘,4015,3701,7716
202211,우이신설선,신설동,1468,1525,2993
202211,우이신설선,정릉,3991,3412,7403
202211,우이신설선,화계,2659,2437,5096
202211,일산선,대곡,1547,1270,2817
202211,일산선,대화,11323,10270,21593
202211,일산선,마두,5596,5751,11347
202211,일산선,백석,8058,8270,16328
202211,일산선,삼송,15265,14808,30073
202211,일산선,원당,8739,8273,17012
202211,일산선,원흥,8283,7693,15976
202211,일산선,정발산,7004,7307,14311
202211,일산선,주엽,7280,7221,14501
202211,일산선,화정,13161,13789,26950
202211,장항선,배방,1325,1263,2588
202211,장항선,봉명,826,804,1630
202211,장항선,신창,1493,1445,2938
202211,장항선,쌍용,1919,1764,3683
202211,장항선,아산,4275,3840,8115
202211,장항선,온양온천,4737,4934,9671
202211,장항선,탕정,1069,948,2017
202211,중앙선,구리,10779,11093,21872
202211,중앙선,국수,651,732,1383
202211,중앙선,덕소,4590,4560,9150
202211,중앙선,도농,8274,7733,16007
202211,중앙선,도심,1705,1425,3130
202211,중앙선,망우,6839,6717,13556
202211,중앙선,상봉,4999,4837,9836
202211,중앙선,신원,267,196,463
202211,중앙선,아신,556,622,1178
202211,중앙선,양수,2049,2144,4193
202211,중앙선,양원,2130,2043,4173
202211,중앙선,양정,566,486,1052
202211,중앙선,양평,2787,2965,5752
202211,중앙선,오빈,277,295,572
202211,중앙선,용문,2229,2599,4828
202211,중앙선,운길산,1038,1043,2081
202211,중앙선,원덕,374,461,835
202211,중앙선,중랑,4804,4659,9463
202211,중앙선,지평,65,75,140
202211,중앙선,팔당,1119,1257,2376
202211,중앙선,회기,23525,22546,46071
202211,1호선,동대문,10165,10269,20434
202211,1호선,동묘앞,11398,11765,23163
202211,1호선,서울역,36262,35316,71578
202211,1호선,시청,11367,10478,21845
202211,1호선,신설동,8023,7812,15835
202211,1호선,제기동,10265,10851,21116
202211,1호선,종각,15651,13755,29406
202211,1호선,종로3가,17237,14668,31905
202211,1호선,종로5가,11101,11162,22263
202211,1호선,청량리,13304,13569,26873
202211,2호선,강남,34995,33403,68398
202211,2호선,강변,25221,24561,49782
202211,2호선,건대입구,27663,28530,56193
202211,2호선,교대,11168,12441,23609
202211,2호선,구로디지털단지,27401,26287,53688
202211,2호선,구의,12245,12222,24467
202211,2호선,낙성대,16980,17661,34641
202211,2호선,당산,9637,10369,20006
202211,2호선,대림,18092,18057,36149
202211,2호선,도림천,457,474,931
202211,2호선,동대문역사문화공원,9493,11435,20928
202211,2호선,뚝섬,11661,11667,23328
202211,2호선,문래,8510,9054,17564
202211,2호선,방배,7115,7372,14487
202211,2호선,봉천,13221,12876,26097
202211,2호선,사당,24709,27232,51941
202211,2호선,삼성,24394,23706,48100
202211,2호선,상왕십리,7357,7203,14560
202211,2호선,서울대입구,27294,28049,55343
202211,2호선,서초,13291,12257,25548
202211,2호선,선릉,14994,13054,28048
202211,2호선,성수,18399,20044,38443
202211,2호선,시청,8421,6854,15275
202211,2호선,신답,757,868,1625
202211,2호선,신당,8445,9052,17497
202211,2호선,신대방,16255,15743,31998
202211,2호선,신도림,33119,33603,66722
202211,2호선,신림,36489,35642,72131
202211,2호선,신설동,3047,3147,6194
202211,2호선,신정네거리,5672,5713,11385
202211,2호선,신촌,25380,25110,50490
202211,2호선,아현,5540,5590,11130
202211,2호선,양천구청,3619,3685,7304
202211,2호선,역삼,12155,13335,25490
202211,2호선,영등포구청,8864,9090,17954
202211,2호선,왕십리,10308,9350,19658
202211,2호선,용답,1834,1890,3724
202211,2호선,용두,1050,1037,2087
202211,2호선,을지로3가,10316,10077,20393
202211,2호선,을지로4가,5056,4802,9858
202211,2호선,을지로입구,21185,20201,41386
202211,2호선,이대,8755,9804,18559
202211,2호선,잠실,55872,52006,107878
202211,2호선,잠실나루,5937,6183,12120
202211,2호선,잠실새내,12032,12134,24166
202211,2호선,종합운동장,9184,10125,19309
202211,2호선,충정로,4293,4571,8864
202211,2호선,한양대,2830,3243,6073
202211,2호선,합정,24007,26024,50031
202211,2호선,홍대입구,57651,58403,116054
202211,3호선,가락시장,4218,4386,8604
202211,3호선,경복궁,16779,18793,35572
202211,3호선,경찰병원,2934,3055,5989
202211,3호선,고속터미널,48711,44825,93536
202211,3호선,교대,5042,3073,8115
202211,3호선,구파발,11835,12186,24021
202211,3호선,금호,4527,4293,8820
202211,3호선,남부터미널,17630,18506,36136
202211,3호선,녹번,7769,6953,14722
202211,3호선,대청,4377,4278,8655
202211,3호선,대치,5953,5368,11321
202211,3호선,도곡,2071,2130,4201
202211,3호선,독립문,4497,4828,9325
202211,3호선,동대입구,5770,6679,12449
202211,3호선,매봉,4188,4170,8358
202211,3호선,무악재,2147,2218,4365
202211,3호선,불광,9854,10926,20780
202211,3호선,수서,11419,11584,23003
202211,3호선,신사,15232,15249,30481
202211,3호선,안국,18232,19135,37367
202211,3호선,압구정,15876,16667,32543
202211,3호선,약수,7106,6906,14012
202211,3호선,양재,15311,17396,32707
202211,3호선,연신내,21591,20579,42170
202211,3호선,오금,3116,3025,6141
202211,3호선,옥수,5156,5355,10511
202211,3호선,을지로3가,4279,4011,8290
202211,3호선,일원,3760,3798,7558
202211,3호선,잠원,2512,2375,4887
202211,3호선,종로3가,4535,5661,10196
202211,3호선,지축,3041,2853,5894
202211,3호선,학여울,2251,2353,4604
202211,3호선,홍제,9903,9491,19394
202211,4호선,길음,11513,11448,22961
202211,4호선,남태령,850,635,1485
202211,4호선,노원,12220,13390,25610
202211,4호선,당고개,5848,5583,11431
202211,4호선,동대문,7930,8663,16593
202211,4호선,동대문역사문화공원,11737,10375,22112
202211,4호선,동작,1072,1042,2114
202211,4호선,명동,18739,19593,38332
202211,4호선,미아,8520,8070,16590
202211,4호선,미아사거리,16462,15608,32070
202211,4호선,사당,18443,16687,35130
202211,4호선,삼각지,3550,4902,8452
202211,4호선,상계,10772,10048,20820
202211,4호선,서울역,5965,14909,20874
202211,4호선,성신여대입구,13462,13014,26476
202211,4호선,수유,21013,20548,41561
202211,4호선,숙대입구,8678,8451,17129
202211,4호선,신용산,10016,10362,20378
202211,4호선,쌍문,16917,15252,32169
202211,4호선,이촌,7191,7792,14983
202211,4호선,창동,15402,15894,31296
202211,4호선,총신대입구,10808,11858,22666
202211,4호선,충무로,9816,10879,20695
202211,4호선,한성대입구,8655,8832,17487
202211,4호선,혜화,27793,29329,57122
202211,4호선,회현,10336,10576,20912
202211,5호선,강동,9797,9743,19540
202211,5호선,강일,2505,2348,4853
202211,5호선,개롱,3042,3388,6430
202211,5호선,개화산,2685,2706,5391
202211,5호선,거여,4858,4562,9420
202211,5호선,고덕,4393,4212,8605
202211,5호선,공덕,5268,5420,10688
202211,5호선,광나루,7909,7811,15720
202211,5호선,광화문,14230,14367,28597
202211,5호선,군자,6441,7117,13558
202211,5호선,굽은다리,5405,5074,10479
202211,5호선,길동,4079,4196,8275
202211,5호선,김포공항,6384,6269,12653
202211,5호선,까치산,16328,15946,32274
202211,5호선,답십리,7974,7326,15300
202211,5호선,동대문역사문화공원,954,1078,2032
202211,5호선,둔촌동,4854,5014,9868
202211,5호선,마곡,3806,4063,7869
202211,5호선,마장,3069,2972,6041
202211,5호선,마천,3784,3944,7728
202211,5호선,마포,5431,5518,10949
202211,5호선,명일,5053,5017,10070
202211,5호선,목동,8380,8453,16833
202211,5호선,미사,8994,9109,18103
202211,5호선,발산,9901,10561,20462
202211,5호선,방이,4473,4120,8593
202211,5호선,방화,3589,3642,7231
202211,5호선,상일동,6541,6454,12995
202211,5호선,서대문,5499,5295,10794
202211,5호선,송정,3632,3601,7233
202211,5호선,신금호,2965,3274,6239
202211,5호선,신길,2235,2349,4584
202211,5호선,신정,6630,5890,12520
202211,5호선,아차산,9601,9449,19050
202211,5호선,애오개,2829,2844,5673
202211,5호선,양평,2685,2751,5436
202211,5호선,여의나루,10390,13299,23689
202211,5호선,여의도,10764,10676,21440
202211,5호선,영등포구청,1459,1459,2918
202211,5호선,영등포시장,6462,6898,13360
202211,5호선,오금,1683,1622,3305
202211,5호선,오목교,11494,11820,23314
202211,5호선,올림픽공원,3527,3710,7237
202211,5호선,왕십리,2588,3000,5588
202211,5호선,우장산,7161,7301,14462
202211,5호선,을지로4가,2085,2173,4258
202211,5호선,장한평,8284,8402,16686
202211,5호선,종로3가,10876,9551,20427
202211,5호선,천호,12770,11928,24698
202211,5호선,청구,1946,1761,3707
202211,5호선,충정로,1501,1449,2950
202211,5호선,하남검단산,4453,4260,8713
202211,5호선,하남시청,4164,3994,8158
202211,5호선,하남풍산,2198,2242,4440
202211,5호선,행당,4239,3793,8032
202211,5호선,화곡,15067,14204,29271
202211,6호선,고려대,4729,4841,9570
202211,6호선,공덕,7363,7238,14601
202211,6호선,광흥창,4401,4194,8595
202211,6호선,구산,4108,3047,7155
202211,6호선,녹사평,3251,3021,6272
202211,6호선,대흥,4240,4548,8788
202211,6호선,독바위,1484,1763,3247
202211,6호선,돌곶이,5883,5604,11487
202211,6호선,동묘앞,6405,6330,12735
202211,6호선,디지털미디어시티,5867,6246,12113
202211,6호선,마포구청,7373,6663,14036
202211,6호선,망원,9965,10696,20661
202211,6호선,버티고개,1097,1164,2261
202211,6호선,보문,4308,4134,8442
202211,6호선,봉화산,4022,3973,7995
202211,6호선,불광,2964,2729,5693
202211,6호선,삼각지,5233,4503,9736
202211,6호선,상수,7101,7979,15080
202211,6호선,상월곡,3364,3099,6463
202211,6호선,새절,6699,6425,13124
202211,6호선,석계,6564,6822,13386
202211,6호선,신당,3884,4525,8409
202211,6호선,안암,6328,6979,13307
202211,6호선,약수,1800,1743,3543
202211,6호선,역촌,2027,2428,4455
202211,6호선,월곡,5567,5469,11036
202211,6호선,월드컵경기장,4320,4555,8875
202211,6호선,응암,9492,9363,18855
202211,6호선,이태원,7843,7353,15196
202211,6호선,증산,5648,5697,11345
202211,6호선,창신,1622,1524,3146
202211,6호선,청구,1804,1707,3511
202211,6호선,태릉입구,3434,3682,7116
202211,6호선,한강진,7988,8981,16969
202211,6호선,합정,10344,9379,19723
202211,6호선,화랑대,5664,5219,10883
202211,6호선,효창공원앞,3670,3232,6902
202211,7호선,가산디지털단지,12214,11154,23368
202211,7호선,강남구청,6335,7141,13476
202211,7호선,건대입구,7933,8777,16710
202211,7호선,고속터미널,16324,9433,25757
202211,7호선,공릉,6505,6812,13317
202211,7호선,광명사거리,12970,12911,25881
202211,7호선,군자,8294,6414,14708
202211,7호선,남구로,7262,7202,14464
202211,7호선,남성,5681,5800,11481
202211,7호선,내방,5348,5597,10945
202211,7호선,노원,11274,11564,22838
202211,7호선,논현,6016,6031,12047
202211,7호선,대림,9162,8437,17599
202211,7호선,도봉산,5202,7195,12397
202211,7호선,뚝섬유원지,5581,5283,10864
202211,7호선,마들,6138,5545,11683
202211,7호선,먹골,5567,5420,10987
202211,7호선,면목,8165,7900,16065
202211,7호선,반포,2999,3052,6051
202211,7호선,보라매,4169,4193,8362
202211,7호선,사가정,8920,8741,17661
202211,7호선,상도,6051,6299,12350
202211,7호선,상봉,9542,8836,18378
202211,7호선,수락산,7753,7576,15329
202211,7호선,숭실대입구,6387,6814,13201
202211,7호선,신대방삼거리,7974,7923,15897
202211,7호선,신풍,6826,6504,13330
202211,7호선,어린이대공원,8418,8597,17015
202211,7호선,온수,4187,4354,8541
202211,7호선,용마산,3093,3305,6398
202211,7호선,이수,9047,8349,17396
202211,7호선,장승배기,4800,4857,9657
202211,7호선,장암,1252,748,2000
202211,7호선,중계,7086,6500,13586
202211,7호선,중곡,5525,5264,10789
202211,7호선,중화,5820,5690,11510
202211,7호선,천왕,5420,5264,10684
202211,7호선,철산,11512,11438,22950
202211,7호선,청담,7347,8072,15419
202211,7호선,태릉입구,5354,5202,10556
202211,7호선,하계,9631,9279,18910
202211,7호선,학동,7565,8055,15620
202211,8호선,가락시장,3310,4229,7539
202211,8호선,강동구청,4421,4527,8948
202211,8호선,남위례,3012,3112,6124
202211,8호선,남한산성입구,6990,6499,13489
202211,8호선,단대오거리,5386,5232,10618
202211,8호선,모란,2629,2179,4808
202211,8호선,몽촌토성,4726,5038,9764
202211,8호선,문정,6117,6369,12486
202211,8호선,복정,5058,4709,9767
202211,8호선,산성,2979,3125,6104
202211,8호선,석촌,4238,5207,9445
202211,8호선,송파,4363,4313,8676
202211,8호선,수진,3160,2875,6035
202211,8호선,신흥,2993,3065,6058
202211,8호선,암사,9054,8456,17510
202211,8호선,잠실,11098,12771,23869
202211,8호선,장지,9146,9263,18409
202211,8호선,천호,8947,10128,19075
202211,9호선,가양,12265,11860,24125
202211,9호선,개화,1195,1004,2199
202211,9호선,고속터미널,12779,18269,31048
202211,9호선,공항시장,1796,1951,3747
202211,9호선,구반포,630,638,1268
202211,9호선,국회의사당,5678,5321,10999
202211,9호선,김포공항,6692,9744,16436
202211,9호선,노들,2960,2655,5615
202211,9호선,노량진,15512,16776,32288
202211,9호선,당산,10615,10371,20986
202211,9호선,동작,1259,1019,2278
202211,9호선,등촌,5410,5330,10740
202211,9호선,마곡나루,6369,6494,12863
202211,9호선,사평,1777,1706,3483
202211,9호선,샛강,2082,1902,3984
202211,9호선,선유도,2886,2905,5791
202211,9호선,신논현,16491,15706,32197
202211,9호선,신목동,1817,1625,3442
202211,9호선,신반포,2104,2160,4264
202211,9호선,신방화,3587,3577,7164
202211,9호선,양천향교,4278,4517,8795
202211,9호선,여의도,12748,11187,23935
202211,9호선,염창,9481,9297,18778
202211,9호선,증미,2631,2596,5227
202211,9호선,흑석,4085,4339,8424
202211,9호선2~3단계,둔촌오륜,620,673,1293
202211,9호선2~3단계,봉은사,9848,9830,19678
202211,9호선2~3단계,삼성중앙,2292,2349,4641
202211,9호선2~3단계,삼전,3787,3632,7419
202211,9호선2~3단계,석촌,5486,4750,10236
202211,9호선2~3단계,석촌고분,3389,3206,6595
202211,9호선2~3단계,선정릉,3292,3727,7019
202211,9호선2~3단계,송파나루,3352,3637,6989
202211,9호선2~3단계,언주,4469,4488,8957
202211,9호선2~3단계,올림픽공원,7750,7709,15459
202211,9호선2~3단계,종합운동장,3257,2642,5899
202211,9호선2~3단계,중앙보훈병원,3945,3671,7616
202211,9호선2~3단계,한성백제,2060,1851,3911
202211,경강선,경기광주,4342,4382,8724
202211,경강선,곤지암,1830,1935,3765
202211,경강선,부발,1742,2198,3940
202211,경강선,삼동,1110,1055,2165
202211,경강선,세종대왕릉,372,343,715
202211,경강선,신둔도예촌,1056,1054,2110
202211,경강선,여주,2319,2257,4576
202211,경강선,이매,778,598,1376
202211,경강선,이천,2412,2507,4919
202211,경강선,초월,1792,1802,3594
202211,경강선,판교,2814,2662,5476
202211,경부선,가산디지털단지,5379,7387,12766
202211,경부선,관악,5127,4647,9774
202211,경부선,광명,3390,2394,5784
202211,경부선,구로,11686,11771,23457
202211,경부선,군포,3201,3026,6227
202211,경부선,금정,16432,16425,32857
202211,경부선,금천구청,6511,6443,12954
202211,경부선,남영,5093,5449,10542
202211,경부선,노량진,6529,6397,12926
202211,경부선,당정,3179,3166,6345
202211,경부선,대방,5559,6325,11884
202211,경부선,독산,6603,6728,13331
202211,경부선,두정,5196,7027,12223
202211,경부선,명학,3427,3403,6830
202211,경부선,병점,10406,10908,21314
202211,경부선,서동탄,837,850,1687
202211,경부선,서울역,10736,2383,13119
202211,경부선,서정리,5345,7981,13326
202211,경부선,석수,5292,4910,10202
202211,경부선,성균관대,8471,8814,17285
202211,경부선,성환,3079,3818,6897
202211,경부선,세류,2258,2074,4332
202211,경부선,세마,1878,1729,3607
202211,경부선,송탄,4038,4936,8974
202211,경부선,수원,36997,35795,72792
202211,경부선,신길,4925,4551,9476
202211,경부선,신도림,2544,2887,5431
202211,경부선,안양,14328,13696,28024
202211,경부선,영등포,36608,35869,72477
202211,경부선,오산,8836,9219,18055
202211,경부선,오산대,2489,2385,4874
202211,경부선,용산,39328,36541,75869
202211,경부선,의왕,4490,4469,8959
202211,경부선,직산,646,747,1393
202211,경부선,진위,1025,983,2008
202211,경부선,천안,7403,7820,15223
202211,경부선,평택,13215,14419,27634
202211,경부선,평택지제,3256,3319,6575
202211,경부선,화서,4575,4488,9063
202211,경원선,가능,4030,3813,7843
202211,경원선,광운대,4263,4412,8675
202211,경원선,녹양,3024,2779,5803
202211,경원선,녹천,2540,2207,4747
202211,경원선,덕계,1988,1899,3887
202211,경원선,덕정,3513,3741,7254
202211,경원선,도봉,3467,3343,6810
202211,경원선,도봉산,7600,5190,12790
202211,경원선,동두천,1346,1751,3097
202211,경원선,동두천중앙,2102,1995,4097
202211,경원선,망월사,5105,5361,10466
202211,경원선,방학,6006,5875,11881
202211,경원선,보산,1343,1512,2855
202211,경원선,서빙고,1864,1961,3825
202211,경원선,석계,5234,5789,11023
202211,경원선,소요산,3703,3351,7054
202211,경원선,신이문,4845,4576,9421
202211,경원선,양주,5086,5040,10126
202211,경원선,옥수,52,26,78
202211,경원선,왕십리,10113,11272,21385
202211,경원선,외대앞,5324,5518,10842
202211,경원선,월계,3835,3524,7359
202211,경원선,응봉,1143,1094,2237
202211,경원선,의정부,15580,15672,31252
202211,경원선,이촌,2570,1985,4555
202211,경원선,지행,4690,4725,9415
202211,경원선,청량리,15525,14257,29782
202211,경원선,한남,1943,1908,3851
202211,경원선,회룡,7633,7513,15146
202211,경의선,가좌,3095,3130,6225
202211,경의선,강매,1515,1470,2985
202211,경의선,곡산,325,321,646
202211,경의선,공덕,2366,1737,4103
202211,경의선,금릉,3035,2939,5974
202211,경의선,금촌,4691,4930,9621
202211,경의선,능곡,2284,2223,4507
202211,경의선,디지털미디어시티,1679,1529,3208
202211,경의선,문산,3573,3953,7526
202211,경의선,백마,3725,3468,7193
202211,경의선,서강대,1425,1514,2939
202211,경의선,서울역,1302,1204,2506
202211,경의선,수색,860,949,1809
202211,경의선,신촌,278,313,591
202211,경의선,야당,5371,5122,10493
202211,경의선,운정,3939,3803,7742
202211,경의선,월롱,1091,2130,3221
202211,경의선,일산,6089,5646,11735
202211,경의선,임진강,37,36,73
202211,경의선,탄현,4456,4037,8493
202211,경의선,파주,811,715,1526
202211,경의선,풍산,3700,3447,7147
202211,경의선,행신,5069,4736,9805
202211,경의선,홍대입구,1773,2089,3862
202211,경의선,화전,940,1048,1988
202211,경의선,효창공원앞,1363,1601,2964
202211,경인선,간석,3453,3202,6655
202211,경인선,개봉,12368,12146,24514
202211,경인선,구일,3324,3234,6558
202211,경인선,도원,1978,1952,3930
202211,경인선,도화,2425,2317,4742
202211,경인선,동암,10733,10292,21025
202211,경인선,동인천,9625,9426,19051
202211,경인선,백운,4015,4056,8071
202211,경인선,부개,5274,4858,10132
202211,경인선,부천,22553,22106,44659
202211,경인선,부평,23352,23354,46706
202211,경인선,소사,6243,6056,12299
202211,경인선,송내,14460,13710,28170
202211,경인선,역곡,15318,15336,30654
202211,경인선,오류동,7607,7017,14624
202211,경인선,온수,4204,3826,8030
202211,경인선,인천,3642,3010,6652
202211,경인선,제물포,5755,5544,11299
202211,경인선,주안,13141,11560,24701
202211,경인선,중동,5178,4822,10000
202211,경춘선,가평,2206,1585,3791
202211,경춘선,갈매,1442,1263,2705
202211,경춘선,강촌,652,367,1019
202211,경춘선,굴봉산,165,122,287
202211,경춘선,금곡,892,814,1706
202211,경춘선,김유정,422,425,847
202211,경춘선,남춘천,2625,3445,6070
202211,경춘선,대성리,1880,429,2309
202211,경춘선,마석,2984,2860,5844
202211,경춘선,백양리,97,74,171
202211,경춘선,별내,1773,1697,3470
202211,경춘선,사릉,1331,1273,2604
202211,경춘선,상천,363,283,646
202211,경춘선,신내,981,963,1944
202211,경춘선,천마산,1071,1037,2108
202211,경춘선,청평,2078,1446,3524
202211,경춘선,춘천,1793,1752,3545
202211,경춘선,퇴계원,2086,1885,3971
202211,경춘선,평내호평,3530,3277,6807
202211,공항철도 1호선,검암,3938,3882,7820
202211,공항철도 1호선,계양,6486,6099,12585
202211,공항철도 1호선,공덕,1527,2320,3847
202211,공항철도 1호선,공항화물청사,1000,1023,2023
202211,공항철도 1호선,김포공항,10158,5004,15162
202211,공항철도 1호선,디지털미디어시티,4594,4666,9260
202211,공항철도 1호선,마곡나루,3145,3496,6641
202211,공항철도 1호선,서울역,11491,10610,22101
202211,공항철도 1호선,영종,2901,2769,5670
202211,공항철도 1호선,운서,6486,7047,13533
202211,공항철도 1호선,인천공항1터미널,10005,8996,19001
202211,공항철도 1호선,인천공항2터미널,3681,3278,6959
202211,공항철도 1호선,청라국제도시,3690,3493,7183
202211,공항철도 1호선,홍대입구,12421,11695,24116
202211,과천선,경마공원,15920,16263,32183
202211,과천선,과천,4030,3939,7969
202211,과천선,대공원,4784,4957,9741
202211,과천선,범계,15577,14929,30506
202211,과천선,선바위,4372,3721,8093
202211,과천선,인덕원,13433,13470,26903
202211,과천선,정부과천청사,5007,4924,9931
202211,과천선,평촌,7249,7038,14287
202211,분당선,가천대,4518,5417,9935
202211,분당선,강남구청,3495,4020,7515
202211,분당선,개포동,2048,2121,4169
202211,분당선,구룡,949,1095,2044
202211,분당선,구성,2502,2701,5203
202211,분당선,기흥,5304,5107,10411
202211,분당선,대모산입구,2299,2264,4563
202211,분당선,도곡,3047,3019,6066
202211,분당선,망포,6559,6928,13487
202211,분당선,매교,2158,2160,4318
202211,분당선,매탄권선,2811,2674,5485
202211,분당선,모란,11553,11911,23464
202211,분당선,미금,7294,7741,15035
202211,분당선,보정,1230,1130,2360
202211,분당선,복정,1,0,1
202211,분당선,상갈,2945,3042,5987
202211,분당선,서울숲,7613,8065,15678
202211,분당선,서현,14532,14453,28985
202211,분당선,선릉,3116,4790,7906
202211,분당선,선정릉,2212,2207,4419
202211,분당선,수내,6198,5928,12126
202211,분당선,수서,9236,9242,18478
202211,분당선,수원,6327,5417,11744
202211,분당선,수원시청,8297,8430,16727
202211,분당선,신갈,2120,2222,4342
202211,분당선,압구정로데오,10996,12216,23212
202211,분당선,야탑,14661,14989,29650
202211,분당선,영통,5113,5269,10382
202211,분당선,오리,5541,4727,10268
202211,분당선,이매,3455,3554,7009
202211,분당선,정자,7750,8135,15885
202211,분당선,죽전,7939,8799,16738
202211,분당선,청명,2181,2271,4452
202211,분당선,태평,8581,8116,16697
202211,분당선,한티,8426,8187,16613
202211,수인선,고색,1940,1971,3911
202211,수인선,남동인더스파크,579,626,1205
202211,수인선,달월,39,55,94
202211,수인선,사리,2827,2408,5235
202211,수인선,소래포구,4760,4557,9317
202211,수인선,송도,1621,1469,3090
202211,수인선,숭의,2079,1843,3922
202211,수인선,신포,1267,1193,2460
202211,수인선,야목,231,184,415
202211,수인선,어천,715,840,1555
202211,수인선,연수,3491,3466,6957
202211,수인선,오목천,1794,1751,3545
202211,수인선,원인재,2983,3038,6021
202211,수인선,월곶,1858,1687,3545
202211,수인선,인천,933,1438,2371
202211,수인선,인천논현,3141,3179,6320
202211,수인선,인하대,3424,3476,6900
202211,수인선,호구포,2224,2235,4459
202211,신림선,관악산,2607,2907,5514
202211,신림선,당곡,2316,2324,4640
202211,신림선,대방,1666,1179,2845
202211,신림선,보라매,1671,1468,3139
202211,신림선,보라매공원,1009,1189,2198
202211,신림선,보라매병원,2141,2234,4375
202211,신림선,샛강,818,1035,1853
202211,신림선,서울대벤처타운,4923,4712,9635
202211,신림선,서울지방병무청,1410,1679,3089
202211,신림선,서원,1858,1684,3542
202211,신림선,신림,997,1486,2483
202211,안산선,고잔,5685,5696,11381
202211,안산선,대야미,3120,2842,5962
202211,안산선,반월,2657,2589,5246
202211,안산선,산본,9581,9996,19577
202211,안산선,상록수,9963,9862,19825
202211,안산선,수리산,2233,2076,4309
202211,안산선,신길온천,1338,1207,2545
202211,안산선,안산,11617,10503,22120
202211,안산선,오이도,5938,5657,11595
202211,안산선,정왕,6386,7038,13424
202211,안산선,중앙,12912,12448,25360
202211,안산선,초지,2707,2506,5213
202211,안산선,한대앞,5871,6049,11920
202211,우이신설선,4.19민주묘지,2093,1811,3904
202211,우이신설선,가오리,2370,2269,4639
202211,우이신설선,보문,1031,1069,2100
202211,우이신설선,북한산보국문,4157,3685,7842
202211,우이신설선,북한산우이,3394,3413,6807
202211,우이신설선,삼양,1182,1150,2332
202211,우이신설선,삼양사거리,1572,1519,3091
202211,우이신설선,성신여대입구,2273,2657,4930
202211,우이신설선,솔밭공원,1383,1369,2752
202211,우이신설선,솔샘,2904,2709,5613
202211,우이신설선,신설동,1254,1156,2410
202211,우이신설선,정릉,3060,2568,5628
202211,우이신설선,화계,2233,2056,4289
202211,일산선,대곡,1120,910,2030
202211,일산선,대화,7809,7083,14892
202211,일산선,마두,3698,3509,7207
202211,일산선,백석,5836,5801,11637
202211,일산선,삼송,11326,11163,22489
202211,일산선,원당,6315,6037,12352
202211,일산선,원흥,6069,5778,11847
202211,일산선,정발산,5651,5586,11237
202211,일산선,주엽,4881,4811,9692
202211,일산선,화정,9839,10048,19887
202211,장항선,배방,925,991,1916
202211,장항선,봉명,560,664,1224
202211,장항선,신창,1145,2349,3494
202211,장항선,쌍용,1415,1603,3018
202211,장항선,아산,4641,2979,7620
202211,장항선,온양온천,4151,4009,8160
202211,장항선,탕정,755,932,1687
202211,중앙선,구리,7563,7682,15245
202211,중앙선,국수,639,559,1198
202211,중앙선,덕소,3421,3436,6857
202211,중앙선,도농,5713,5493,11206
202211,중앙선,도심,1274,1094,2368
202211,중앙선,망우,4826,4775,9601
202211,중앙선,상봉,3875,3981,7856
202211,중앙선,신원,257,152,409
202211,중앙선,아신,518,525,1043
202211,중앙선,양수,1669,1474,3143
202211,중앙선,양원,1468,1461,2929
202211,중앙선,양정,412,343,755
202211,중앙선,양평,3177,2940,6117
202211,중앙선,오빈,227,210,437
202211,중앙선,용문,1870,1609,3479
202211,중앙선,운길산,839,845,1684
202211,중앙선,원덕,357,260,617
202211,중앙선,중랑,3638,3499,7137
202211,중앙선,지평,59,32,91
202211,중앙선,팔당,996,977,1973
202211,중앙선,회기,17848,18372,36220
202211,1호선,동대문,11202,11035,22237
202211,1호선,동묘앞,12994,13564,26558
202211,1호선,서울역,52881,48650,101531
202211,1호선,시청,22633,28367,51000
202211,1호선,신설동,11158,10476,21634
202211,1호선,제기동,16346,16648,32994
202211,1호선,종각,26112,25379,51491
202211,1호선,종로3가,28857,26753,55610
202211,1호선,종로5가,21669,22237,43906
202211,1호선,청량리,19524,20024,39548
202211,2호선,강남,60075,61029,121104
202211,2호선,강변,32845,32166,65011
202211,2호선,건대입구,41810,45668,87478
202211,2호선,교대,18542,21361,39903
202211,2호선,구로디지털단지,38581,38257,76838
202211,2호선,구의,18112,17303,35415
202211,2호선,낙성대,23713,21493,45206
202211,2호선,당산,14514,15935,30449
202211,2호선,대림,20061,20884,40945
202211,2호선,도림천,858,850,1708
202211,2호선,동대문역사문화공원,12999,14642,27641
202211,2호선,뚝섬,17738,17255,34993
202211,2호선,문래,14523,15651,30174
202211,2호선,방배,11407,11677,23084
202211,2호선,봉천,18765,16739,35504
202211,2호선,사당,37049,42756,79805
202211,2호선,삼성,35056,34693,69749
202211,2호선,상왕십리,10635,9835,20470
202211,2호선,서울대입구,39814,38330,78144
202211,2호선,서초,13308,11140,24448
202211,2호선,선릉,28284,24638,52922
202211,2호선,성수,26929,31468,58397
202211,2호선,시청,17500,17232,34732
202211,2호선,신답,1140,1180,2320
202211,2호선,신당,12602,13819,26421
202211,2호선,신대방,21434,20332,41766
202211,2호선,신도림,45859,46968,92827
202211,2호선,신림,50121,48157,98278
202211,2호선,신설동,3927,3677,7604
202211,2호선,신정네거리,8348,8310,16658
202211,2호선,신촌,38741,40185,78926
202211,2호선,아현,8616,7747,16363
202211,2호선,양천구청,5267,5115,10382
202211,2호선,역삼,20256,22289,42545
202211,2호선,영등포구청,14461,15110,29571
202211,2호선,왕십리,14827,14171,28998
202211,2호선,용답,2485,2209,4694
202211,2호선,용두,1889,1794,3683
202211,2호선,을지로3가,15131,14930,30061
202211,2호선,을지로4가,9408,10233,19641
202211,2호선,을지로입구,33569,31617,65186
202211,2호선,이대,13474,13791,27265
202211,2호선,잠실,76022,74042,150064
202211,2호선,잠실나루,8900,8775,17675
202211,2호선,잠실새내,19163,19730,38893
202211,2호선,종합운동장,8289,9072,17361
202211,2호선,충정로,7381,7708,15089
202211,2호선,한양대,6062,6846,12908
202211,2호선,합정,33667,39123,72790
202211,2호선,홍대입구,77828,90561,168389
202211,3호선,가락시장,7347,7000,14347
202211,3호선,경복궁,25869,27141,53010
202211,3호선,경찰병원,4735,4557,9292
202211,3호선,고속터미널,58131,58076,116207
202211,3호선,교대,8492,5170,13662
202211,3호선,구파발,16961,17435,34396
202211,3호선,금호,6403,5653,12056
202211,3호선,남부터미널,25246,25250,50496
202211,3호선,녹번,11949,10359,22308
202211,3호선,대청,6825,6307,13132
202211,3호선,대치,9852,9482,19334
202211,3호선,도곡,3822,3855,7677
202211,3호선,독립문,7163,7620,14783
202211,3호선,동대입구,10126,12019,22145
202211,3호선,매봉,6895,6662,13557
202211,3호선,무악재,3414,3421,6835
202211,3호선,불광,13850,15569,29419
202211,3호선,수서,16280,16203,32483
202211,3호선,신사,26116,27970,54086
202211,3호선,안국,26976,30279,57255
202211,3호선,압구정,28811,31005,59816
202211,3호선,약수,10165,9628,19793
202211,3호선,양재,23316,25457,48773
202211,3호선,연신내,31016,29258,60274
202211,3호선,오금,4385,4250,8635
202211,3호선,옥수,7830,7705,15535
202211,3호선,을지로3가,6757,7242,13999
202211,3호선,일원,5984,5759,11743
202211,3호선,잠원,4017,3786,7803
202211,3호선,종로3가,6980,10329,17309
202211,3호선,지축,4631,4195,8826
202211,3호선,충무로,1,0,1
202211,3호선,학여울,1411,1398,2809
202211,3호선,홍제,14917,14123,29040
202211,4호선,길음,17198,16376,33574
202211,4호선,남태령,1442,771,2213
202211,4호선,노원,17729,20038,37767
202211,4호선,당고개,7986,7229,15215
202211,4호선,동대문,15100,15414,30514
202211,4호선,동대문역사문화공원,14554,12709,27263
202211,4호선,동작,1556,1466,3022
202211,4호선,명동,26188,29673,55861
202211,4호선,미아,12488,11425,23913
202211,4호선,미아사거리,24507,23430,47937
202211,4호선,사당,26222,23452,49674
202211,4호선,삼각지,7262,7348,14610
202211,4호선,상계,15697,14320,30017
202211,4호선,서울역,9438,21604,31042
202211,4호선,성신여대입구,19048,18236,37284
202211,4호선,수유,28846,29015,57861
202211,4호선,숙대입구,15382,13661,29043
202211,4호선,신용산,16950,15736,32686
202211,4호선,쌍문,23828,21120,44948
202211,4호선,이촌,10976,11462,22438
202211,4호선,창동,21837,22625,44462
202211,4호선,총신대입구,15839,17446,33285
202211,4호선,충무로,16435,18091,34526
202211,4호선,한성대입구,12323,12078,24401
202211,4호선,혜화,41068,42019,83087
202211,4호선,회현,24122,24345,48467
202211,5호선,강동,14529,13718,28247
202211,5호선,강일,3853,3280,7133
202211,5호선,개롱,4793,4932,9725
202211,5호선,개화산,4126,3843,7969
202211,5호선,거여,7257,6757,14014
202211,5호선,고덕,7790,7550,15340
202211,5호선,공덕,8982,9233,18215
202211,5호선,광나루,12781,12685,25466
202211,5호선,광화문,22502,23951,46453
202211,5호선,군자,9385,10311,19696
202211,5호선,굽은다리,7802,7167,14969
202211,5호선,길동,6367,6416,12783
202211,5호선,김포공항,7704,7662,15366
202211,5호선,까치산,22915,21135,44050
202211,5호선,답십리,11515,10293,21808
202211,5호선,동대문역사문화공원,1504,1891,3395
202211,5호선,둔촌동,6872,7157,14029
202211,5호선,마곡,6064,6226,12290
202211,5호선,마장,4413,4240,8653
202211,5호선,마천,5294,5331,10625
202211,5호선,마포,8861,9108,17969
202211,5호선,명일,6721,6744,13465
202211,5호선,목동,12334,12338,24672
202211,5호선,미사,13573,13593,27166
202211,5호선,발산,15361,16818,32179
202211,5호선,방이,5923,5810,11733
202211,5호선,방화,5054,4666,9720
202211,5호선,상일동,10274,9418,19692
202211,5호선,서대문,9973,9309,19282
202211,5호선,송정,5289,5036,10325
202211,5호선,신금호,4637,4861,9498
202211,5호선,신길,3246,3236,6482
202211,5호선,신정,9839,8258,18097
202211,5호선,아차산,14006,13079,27085
202211,5호선,애오개,4120,3910,8030
202211,5호선,양평,4170,3714,7884
202211,5호선,여의나루,16401,19774,36175
202211,5호선,여의도,15289,15874,31163
202211,5호선,영등포구청,2377,2266,4643
202211,5호선,영등포시장,9805,10202,20007
202211,5호선,오금,2453,2078,4531
202211,5호선,오목교,17959,18971,36930
202211,5호선,올림픽공원,4529,4282,8811
202211,5호선,왕십리,3861,4895,8756
202211,5호선,우장산,10639,10360,20999
202211,5호선,을지로4가,4201,4673,8874
202211,5호선,장한평,12758,12336,25094
202211,5호선,종로3가,16113,16560,32673
202211,5호선,천호,18656,18080,36736
202211,5호선,청구,2805,2549,5354
202211,5호선,충정로,2185,1908,4093
202211,5호선,하남검단산,6107,5958,12065
202211,5호선,하남시청,6421,6093,12514
202211,5호선,하남풍산,3220,3164,6384
202211,5호선,행당,6143,5287,11430
202211,5호선,화곡,21973,19940,41913
202211,6호선,고려대,7229,6736,13965
202211,6호선,공덕,12200,11879,24079
202211,6호선,광흥창,5909,5477,11386
202211,6호선,구산,6029,4391,10420
202211,6호선,녹사평,5825,5288,11113
202211,6호선,대흥,7453,7789,15242
202211,6호선,독바위,2217,2515,4732
202211,6호선,돌곶이,7039,6231,13270
202211,6호선,동묘앞,8471,8452,16923
202211,6호선,디지털미디어시티,8557,8856,17413
202211,6호선,마포구청,10506,8986,19492
202211,6호선,망원,13783,15352,29135
202211,6호선,버티고개,1587,1738,3325
202211,6호선,보문,5821,5053,10874
202211,6호선,봉화산,5939,5758,11697
202211,6호선,불광,4029,3545,7574
202211,6호선,삼각지,11490,6805,18295
202211,6호선,상수,9489,12324,21813
202211,6호선,상월곡,4642,3907,8549
202211,6호선,새절,9388,8565,17953
202211,6호선,석계,9459,9622,19081
202211,6호선,신내,1,0,1
202211,6호선,신당,7284,6910,14194
202211,6호선,안암,9952,9305,19257
202211,6호선,약수,2786,2821,5607
202211,6호선,역촌,2929,3462,6391
202211,6호선,연신내,1,0,1
202211,6호선,월곡,8392,7931,16323
202211,6호선,월드컵경기장,6781,7162,13943
202211,6호선,응암,13682,13445,27127
202211,6호선,이태원,10713,11424,22137
202211,6호선,증산,8199,7680,15879
202211,6호선,창신,2443,2116,4559
202211,6호선,청구,2701,2525,5226
202211,6호선,태릉입구,4803,5043,9846
202211,6호선,한강진,8439,10267,18706
202211,6호선,합정,14050,13882,27932
202211,6호선,화랑대,9356,7108,16464
202211,6호선,효창공원앞,5827,5134,10961
202211,7호선,가산디지털단지,16176,14456,30632
202211,7호선,강남구청,11448,12718,24166
202211,7호선,건대입구,17751,18200,35951
202211,7호선,고속터미널,18524,13936,32460
202211,7호선,공릉,9798,9354,19152
202211,7호선,광명사거리,17401,17379,34780
202211,7호선,군자,11814,8616,20430
202211,7호선,남구로,8947,9329,18276
202211,7호선,남성,8335,7562,15897
202211,7호선,내방,8676,8581,17257
202211,7호선,노원,17233,17914,35147
202211,7호선,논현,10954,11485,22439
202211,7호선,대림,7636,8561,16197
202211,7호선,도봉산,7794,9677,17471
202211,7호선,뚝섬유원지,9111,8411,17522
202211,7호선,마들,9781,8638,18419
202211,7호선,먹골,8209,7705,15914
202211,7호선,면목,11832,10783,22615
202211,7호선,반포,5387,5049,10436
202211,7호선,보라매,5822,5892,11714
202211,7호선,사가정,13243,12448,25691
202211,7호선,상도,8991,8194,17185
202211,7호선,상봉,14340,13685,28025
202211,7호선,수락산,10817,10546,21363
202211,7호선,숭실대입구,11814,10929,22743
202211,7호선,신대방삼거리,11431,10435,21866
202211,7호선,신풍,8734,8390,17124
202211,7호선,어린이대공원,15427,15322,30749
202211,7호선,온수,6004,5924,11928
202211,7호선,용마산,4930,5192,10122
202211,7호선,이수,13534,12906,26440
202211,7호선,장승배기,7075,6654,13729
202211,7호선,장암,1922,1383,3305
202211,7호선,중계,11172,9964,21136
202211,7호선,중곡,7511,6818,14329
202211,7호선,중화,8541,8092,16633
202211,7호선,천왕,7699,7173,14872
202211,7호선,철산,16740,17035,33775
202211,7호선,청담,13371,14671,28042
202211,7호선,태릉입구,7815,7094,14909
202211,7호선,하계,13809,12573,26382
202211,7호선,학동,12453,13343,25796
202211,8호선,가락시장,6347,6784,13131
202211,8호선,강동구청,6664,6421,13085
202211,8호선,남위례,4570,4749,9319
202211,8호선,남한산성입구,10383,8937,19320
202211,8호선,단대오거리,8445,7723,16168
202211,8호선,모란,6011,5169,11180
202211,8호선,몽촌토성,5383,5371,10754
202211,8호선,문정,9501,9660,19161
202211,8호선,복정,6819,5686,12505
202211,8호선,산성,4672,4629,9301
202211,8호선,석촌,6214,7882,14096
202211,8호선,송파,6424,6008,12432
202211,8호선,수진,4776,4547,9323
202211,8호선,신흥,4349,4339,8688
202211,8호선,암사,13559,12066,25625
202211,8호선,잠실,15403,17776,33179
202211,8호선,장지,13590,12166,25756
202211,8호선,천호,12978,15299,28277
202211,9호선,가양,15999,15063,31062
202211,9호선,개화,1622,1292,2914
202211,9호선,고속터미널,16054,23785,39839
202211,9호선,공항시장,2308,2467,4775
202211,9호선,구반포,1157,1271,2428
202211,9호선,국회의사당,5963,6254,12217
202211,9호선,김포공항,7954,11272,19226
202211,9호선,노들,3949,3249,7198
202211,9호선,노량진,24208,24088,48296
202211,9호선,당산,15013,13901,28914
202211,9호선,동작,1583,1391,2974
202211,9호선,등촌,7835,7286,15121
202211,9호선,마곡나루,9713,9272,18985
202211,9호선,사평,2690,2399,5089
202211,9호선,샛강,3506,3083,6589
202211,9호선,선유도,4259,3935,8194
202211,9호선,신논현,27967,28082,56049
202211,9호선,신목동,2881,2410,5291
202211,9호선,신반포,3325,3228,6553
202211,9호선,신방화,5201,4724,9925
202211,9호선,양천향교,6187,5759,11946
202211,9호선,여의도,17081,16068,33149
202211,9호선,염창,13431,12397,25828
202211,9호선,증미,3807,3366,7173
202211,9호선,흑석,6630,6495,13125
202211,9호선2~3단계,둔촌오륜,641,784,1425
202211,9호선2~3단계,봉은사,14222,14855,29077
202211,9호선2~3단계,삼성중앙,3862,3754,7616
202211,9호선2~3단계,삼전,5427,5121,10548
202211,9호선2~3단계,석촌,8238,6816,15054
202211,9호선2~3단계,석촌고분,4966,4775,9741
202211,9호선2~3단계,선정릉,5335,6242,11577
202211,9호선2~3단계,송파나루,4478,5056,9534
202211,9호선2~3단계,언주,7285,7348,14633
202211,9호선2~3단계,올림픽공원,10875,10572,21447
202211,9호선2~3단계,종합운동장,3832,3509,7341
202211,9호선2~3단계,중앙보훈병원,5606,5098,10704
202211,9호선2~3단계,한성백제,2318,1949,4267
202211,경강선,경기광주,6570,6052,12622
202211,경강선,곤지암,2482,2386,4868
202211,경강선,부발,2240,2152,4392
202211,경강선,삼동,1822,1618,3440
202211,경강선,세종대왕릉,410,441,851
202211,경강선,신둔도예촌,1451,1428,2879
202211,경강선,여주,2681,3038,5719
202211,경강선,이매,982,729,1711
202211,경강선,이천,3113,3418,6531
202211,경강선,초월,2660,2414,5074
202211,경강선,판교,3424,3398,6822
202211,경부선,가산디지털단지,7525,9776,17301
202211,경부선,관악,6803,6539,13342
202211,경부선,광명,3741,3159,6900
202211,경부선,구로,14892,15588,30480
202211,경부선,군포,4760,4294,9054
202211,경부선,금정,21800,21514,43314
202211,경부선,금천구청,9211,9157,18368
202211,경부선,남영,8816,8101,16917
202211,경부선,노량진,10403,10113,20516
202211,경부선,당정,4559,4334,8893
202211,경부선,대방,8007,8848,16855
202211,경부선,독산,10272,9807,20079
202211,경부선,두정,7237,7204,14441
202211,경부선,명학,5535,4857,10392
202211,경부선,병점,14289,13929,28218
202211,경부선,서동탄,1212,1272,2484
202211,경부선,서울역,12754,3148,15902
202211,경부선,서정리,9217,6950,16167
202211,경부선,석수,7679,6942,14621
202211,경부선,성균관대,12615,12382,24997
202211,경부선,성환,3798,3514,7312
202211,경부선,세류,2951,3029,5980
202211,경부선,세마,2648,2319,4967
202211,경부선,송탄,5875,5026,10901
202211,경부선,수원,43606,47416,91022
202211,경부선,신길,7077,5939,13016
202211,경부선,신도림,3397,3779,7176
202211,경부선,안양,19969,19783,39752
202211,경부선,영등포,47153,50187,97340
202211,경부선,오산,10785,10114,20899
202211,경부선,오산대,3531,3187,6718
202211,경부선,용산,48419,49204,97623
202211,경부선,의왕,6248,6164,12412
202211,경부선,직산,904,806,1710
202211,경부선,진위,1299,1174,2473
202211,경부선,천안,8078,8279,16357
202211,경부선,평택,16136,15762,31898
202211,경부선,평택지제,4756,4083,8839
202211,경부선,화서,6818,6473,13291
202211,경원선,가능,5751,5359,11110
202211,경원선,광운대,6552,6441,12993
202211,경원선,녹양,3992,3691,7683
202211,경원선,녹천,3635,2948,6583
202211,경원선,덕계,2928,2663,5591
202211,경원선,덕정,5344,4956,10300
202211,경원선,도봉,4864,4586,9450
202211,경원선,도봉산,9236,6782,16018
202211,경원선,동두천,1895,2406,4301
202211,경원선,동두천중앙,2879,2853,5732
202211,경원선,망월사,6365,6584,12949
202211,경원선,방학,8168,7724,15892
202211,경원선,보산,2118,2020,4138
202211,경원선,서빙고,2152,2191,4343
202211,경원선,석계,7516,8063,15579
202211,경원선,소요산,4613,3871,8484
202211,경원선,신이문,6942,6105,13047
202211,경원선,양주,7182,6542,13724
202211,경원선,옥수,51,41,92
202211,경원선,왕십리,16198,17050,33248
202211,경원선,외대앞,7844,7164,15008
202211,경원선,월계,5487,4987,10474
202211,경원선,응봉,1729,1481,3210
202211,경원선,의정부,19823,21087,40910
202211,경원선,이촌,3479,2685,6164
202211,경원선,지행,6759,6524,13283
202211,경원선,청량리,19002,19473,38475
202211,경원선,한남,2969,2915,5884
202211,경원선,회룡,10768,10508,21276
202211,경의선,가좌,4736,4563,9299
202211,경의선,강매,2389,2194,4583
202211,경의선,곡산,457,488,945
202211,경의선,공덕,3471,2711,6182
202211,경의선,금릉,4545,4306,8851
202211,경의선,금촌,6442,6095,12537
202211,경의선,능곡,3198,3070,6268
202211,경의선,디지털미디어시티,2464,2180,4644
202211,경의선,문산,6167,5573,11740
202211,경의선,백마,5281,4841,10122
202211,경의선,서강대,2420,2455,4875
202211,경의선,서울역,2274,2070,4344
202211,경의선,수색,1934,1815,3749
202211,경의선,신촌,522,610,1132
202211,경의선,야당,7511,7807,15318
202211,경의선,운정,5850,5291,11141
202211,경의선,월롱,2040,1637,3677
202211,경의선,일산,7341,6997,14338
202211,경의선,임진강,94,77,171
202211,경의선,탄현,6263,5977,12240
202211,경의선,파주,1076,802,1878
202211,경의선,풍산,4896,4701,9597
202211,경의선,행신,6467,6487,12954
202211,경의선,홍대입구,2330,3175,5505
202211,경의선,화전,2799,2335,5134
202211,경의선,효창공원앞,2137,2234,4371
202211,경인선,간석,4887,4590,9477
202211,경인선,개봉,18036,17288,35324
202211,경인선,구일,5482,5027,10509
202211,경인선,도원,2496,2458,4954
202211,경인선,도화,3399,3050,6449
202211,경인선,동암,14437,14496,28933
202211,경인선,동인천,12866,12727,25593
202211,경인선,백운,6101,6203,12304
202211,경인선,부개,7017,6411,13428
202211,경인선,부천,31160,32166,63326
202211,경인선,부평,30471,33883,64354
202211,경인선,소사,8307,7903,16210
202211,경인선,송내,20938,20161,41099
202211,경인선,역곡,22530,21546,44076
202211,경인선,오류동,10166,9275,19441
202211,경인선,온수,5420,4866,10286
202211,경인선,인천,5289,4464,9753
202211,경인선,제물포,8111,7682,15793
202211,경인선,주안,18392,15822,34214
202211,경인선,중동,7511,6993,14504
202211,경춘선,가평,2273,2533,4806
202211,경춘선,갈매,2086,1826,3912
202211,경춘선,강촌,785,706,1491
202211,경춘선,굴봉산,177,229,406
202211,경춘선,금곡,1203,1127,2330
202211,경춘선,김유정,529,674,1203
202211,경춘선,남춘천,3286,3541,6827
202211,경춘선,대성리,1171,2015,3186
202211,경춘선,마석,3688,3379,7067
202211,경춘선,백양리,102,100,202
202211,경춘선,별내,2461,2305,4766
202211,경춘선,사릉,1745,1708,3453
202211,경춘선,상천,327,359,686
202211,경춘선,신내,1488,1381,2869
202211,경춘선,천마산,1464,1397,2861
202211,경춘선,청평,2051,2236,4287
202211,경춘선,춘천,2056,1836,3892
202211,경춘선,퇴계원,2817,2506,5323
202211,경춘선,평내호평,4946,4761,9707
202211,공항철도 1호선,검암,5527,5341,10868
202211,공항철도 1호선,계양,9412,8511,17923
202211,공항철도 1호선,공덕,2004,3362,5366
202211,공항철도 1호선,공항화물청사,1357,1343,2700
202211,공항철도 1호선,김포공항,10924,5488,16412
202211,공항철도 1호선,디지털미디어시티,7885,7233,15118
202211,공항철도 1호선,마곡나루,4627,5178,9805
202211,공항철도 1호선,서울역,13047,12172,25219
202211,공항철도 1호선,영종,3774,3738,7512
202211,공항철도 1호선,운서,8419,8481,16900
202211,공항철도 1호선,인천공항1터미널,10520,9727,20247
202211,공항철도 1호선,인천공항2터미널,3811,3280,7091
202211,공항철도 1호선,청라국제도시,5285,5089,10374
202211,공항철도 1호선,홍대입구,15676,16415,32091
202211,과천선,경마공원,12922,13074,25996
202211,과천선,과천,5578,4925,10503
202211,과천선,대공원,6960,7252,14212
202211,과천선,범계,22627,22691,45318
202211,과천선,선바위,6205,5210,11415
202211,과천선,인덕원,19125,18854,37979
202211,과천선,정부과천청사,7027,10217,17244
202211,과천선,평촌,11103,10967,22070
202211,분당선,가천대,7000,7037,14037
202211,분당선,강남구청,5795,7025,12820
202211,분당선,개포동,3095,3059,6154
202211,분당선,구룡,1695,1512,3207
202211,분당선,구성,3905,4028,7933
202211,분당선,기흥,7937,7235,15172
202211,분당선,대모산입구,3901,3409,7310
202211,분당선,도곡,5885,5330,11215
202211,분당선,망포,10780,9843,20623
202211,분당선,매교,3181,3061,6242
202211,분당선,매탄권선,4057,3740,7797
202211,분당선,모란,23305,24680,47985
202211,분당선,미금,11542,12157,23699
202211,분당선,보정,1939,1810,3749
202211,분당선,상갈,4244,4208,8452
202211,분당선,서울숲,11561,12441,24002
202211,분당선,서현,20206,20558,40764
202211,분당선,선릉,5819,9499,15318
202211,분당선,선정릉,3690,3616,7306
202211,분당선,수내,9757,9133,18890
202211,분당선,수서,12691,12800,25491
202211,분당선,수원,8534,7350,15884
202211,분당선,수원시청,12927,15239,28166
202211,분당선,신갈,3343,3314,6657
202211,분당선,압구정로데오,20122,24695,44817
202211,분당선,야탑,20416,21644,42060
202211,분당선,영통,8224,7809,16033
202211,분당선,오리,8792,7295,16087
202211,분당선,이매,4943,4864,9807
202211,분당선,정자,12172,12587,24759
202211,분당선,죽전,12631,13528,26159
202211,분당선,청명,3209,3074,6283
202211,분당선,태평,11969,11020,22989
202211,분당선,한티,13380,13465,26845
202211,수인선,고색,2960,2844,5804
202211,수인선,남동인더스파크,1082,992,2074
202211,수인선,달월,63,68,131
202211,수인선,사리,4176,3460,7636
202211,수인선,소래포구,6013,6095,12108
202211,수인선,송도,2272,2186,4458
202211,수인선,숭의,2959,2687,5646
202211,수인선,신포,1704,1680,3384
202211,수인선,야목,257,237,494
202211,수인선,어천,985,861,1846
202211,수인선,연수,4479,4494,8973
202211,수인선,오목천,2870,2323,5193
202211,수인선,원인재,4010,4084,8094
202211,수인선,월곶,2336,2155,4491
202211,수인선,인천,1336,2291,3627
202211,수인선,인천논현,4911,4990,9901
202211,수인선,인하대,5369,5045,10414
202211,수인선,호구포,2929,2741,5670
202211,신림선,관악산,3333,3515,6848
202211,신림선,당곡,3089,2829,5918
202211,신림선,대방,2432,1541,3973
202211,신림선,보라매,2458,2058,4516
202211,신림선,보라매공원,1249,1366,2615
202211,신림선,보라매병원,3176,3263,6439
202211,신림선,샛강,1096,1477,2573
202211,신림선,서울대벤처타운,6690,5959,12649
202211,신림선,서울지방병무청,1836,1920,3756
202211,신림선,서원,2490,1984,4474
202211,신림선,신림,1353,1734,3087
202211,안산선,고잔,8037,8018,16055
202211,안산선,대야미,4431,3698,8129
202211,안산선,반월,3734,3430,7164
202211,안산선,산본,13838,14919,28757
202211,안산선,상록수,14129,13724,27853
202211,안산선,수리산,3136,2729,5865
202211,안산선,신길온천,1743,1651,3394
202211,안산선,안산,10797,11488,22285
202211,안산선,오이도,8435,8359,16794
202211,안산선,정왕,7613,7598,15211
202211,안산선,중앙,18019,17944,35963
202211,안산선,초지,3999,3801,7800
202211,안산선,한대앞,8451,8189,16640
202211,우이신설선,4.19민주묘지,2610,2341,4951
202211,우이신설선,가오리,3274,3087,6361
202211,우이신설선,보문,1276,1277,2553
202211,우이신설선,북한산보국문,5649,4733,10382
202211,우이신설선,북한산우이,4065,4270,8335
202211,우이신설선,삼양,1616,1687,3303
202211,우이신설선,삼양사거리,2037,2052,4089
202211,우이신설선,성신여대입구,3052,3544,6596
202211,우이신설선,솔밭공원,2076,1820,3896
202211,우이신설선,솔샘,4393,3794,8187
202211,우이신설선,신설동,1631,1582,3213
202211,우이신설선,정릉,4065,3402,7467
202211,우이신설선,화계,2625,2456,5081
202211,일산선,대곡,1686,1392,3078
202211,일산선,대화,12042,10949,22991
202211,일산선,마두,5691,5725,11416
202211,일산선,백석,8332,8304,16636
202211,일산선,삼송,16268,15301,31569
202211,일산선,원당,9216,8648,17864
202211,일산선,원흥,8698,7881,16579
202211,일산선,정발산,6991,7602,14593
202211,일산선,주엽,7664,7377,15041
202211,일산선,화정,13872,15198,29070
202211,장항선,배방,1290,1252,2542
202211,장항선,봉명,909,861,1770
202211,장항선,신창,1675,1541,3216
202211,장항선,쌍용,2197,1950,4147
202211,장항선,아산,4371,4047,8418
202211,장항선,온양온천,6143,6223,12366
202211,장항선,탕정,1107,927,2034
202211,중앙선,구리,11219,11367,22586
202211,중앙선,국수,659,670,1329
202211,중앙선,덕소,4812,4847,9659
202211,중앙선,도농,8588,7940,16528
202211,중앙선,도심,1719,1406,3125
202211,중앙선,망우,7110,6958,14068
202211,중앙선,상봉,5305,5118,10423
202211,중앙선,신원,230,202,432
202211,중앙선,아신,646,712,1358
202211,중앙선,양수,2243,2230,4473
202211,중앙선,양원,2300,2109,4409
202211,중앙선,양정,547,476,1023
202211,중앙선,양평,2968,3215,6183
202211,중앙선,오빈,290,315,605
202211,중앙선,용문,2081,2315,4396
202211,중앙선,운길산,1271,1221,2492
202211,중앙선,원덕,389,484,873
202211,중앙선,중랑,4992,4706,9698
202211,중앙선,지평,41,56,97
202211,중앙선,팔당,1294,1521,2815
202211,중앙선,회기,28084,26142,54226
202211,1호선,동대문,10750,11189,21939
202211,1호선,동묘앞,13754,14195,27949
202211,1호선,서울역,39184,37959,77143
202211,1호선,시청,12102,11432,23534
202211,1호선,신설동,8873,8824,17697
202211,1호선,제기동,10894,11352,22246
202211,1호선,종각,15878,14242,30120
202211,1호선,종로3가,18113,15258,33371
202211,1호선,종로5가,12329,12234,24563
202211,1호선,청량리,13780,13929,27709
202211,2호선,강남,37499,36148,73647
202211,2호선,강변,27617,27286,54903
202211,2호선,건대입구,29094,30283,59377
202211,2호선,교대,11936,13301,25237
202211,2호선,구로디지털단지,27629,26829,54458
202211,2호선,구의,12577,12562,25139
202211,2호선,낙성대,17311,18064,35375
202211,2호선,당산,10267,11223,21490
202211,2호선,대림,17269,17713,34982
202211,2호선,도림천,488,578,1066
202211,2호선,동대문역사문화공원,10134,12320,22454
202211,2호선,뚝섬,12622,12593,25215
202211,2호선,문래,9804,10402,20206
202211,2호선,방배,7524,7935,15459
202211,2호선,봉천,13533,13099,26632
202211,2호선,사당,25586,29010,54596
202211,2호선,삼성,26681,25707,52388
202211,2호선,상왕십리,7640,7416,15056
202211,2호선,서울대입구,28520,29166,57686
202211,2호선,서초,14918,13797,28715
202211,2호선,선릉,16262,14018,30280
202211,2호선,성수,19781,22714,42495
202211,2호선,시청,8953,7471,16424
202211,2호선,신답,895,916,1811
202211,2호선,신당,9039,9717,18756
202211,2호선,신대방,16341,15869,32210
202211,2호선,신도림,33104,33961,67065
202211,2호선,신림,37803,37146,74949
202211,2호선,신설동,3590,3685,7275
202211,2호선,신정네거리,5831,5801,11632
202211,2호선,신촌,28557,27700,56257
202211,2호선,아현,5987,5928,11915
202211,2호선,양천구청,4000,4174,8174
202211,2호선,역삼,12724,13921,26645
202211,2호선,영등포구청,9669,9964,19633
202211,2호선,왕십리,10785,10280,21065
202211,2호선,용답,1905,1957,3862
202211,2호선,용두,1354,1400,2754
202211,2호선,을지로3가,11112,10897,22009
202211,2호선,을지로4가,5292,5347,10639
202211,2호선,을지로입구,23415,21747,45162
202211,2호선,이대,9036,10319,19355
202211,2호선,잠실,57508,54629,112137
202211,2호선,잠실나루,6196,6183,12379
202211,2호선,잠실새내,15378,14370,29748
202211,2호선,종합운동장,21636,26242,47878
202211,2호선,충정로,4636,4903,9539
202211,2호선,한양대,3076,3630,6706
202211,2호선,합정,26685,28267,54952
202211,2호선,홍대입구,61635,61396,123031
202211,3호선,가락시장,4423,4622,9045
202211,3호선,경복궁,17933,20623,38556
202211,3호선,경찰병원,3131,3262,6393
202211,3호선,고속터미널,50145,46328,96473
202211,3호선,교대,5030,3072,8102
202211,3호선,구파발,12690,13528,26218
202211,3호선,금호,4838,4502,9340
202211,3호선,남부터미널,17795,18663,36458
202211,3호선,녹번,8400,7575,15975
202211,3호선,대청,4754,4766,9520
202211,3호선,대치,6164,5874,12038
202211,3호선,도곡,2434,2409,4843
202211,3호선,독립문,4931,5554,10485
202211,3호선,동대입구,13506,13628,27134
202211,3호선,매봉,4627,4641,9268
202211,3호선,무악재,2384,2478,4862
202211,3호선,불광,10425,11903,22328
202211,3호선,수서,12356,12968,25324
202211,3호선,신사,14939,15449,30388
202211,3호선,안국,19240,20286,39526
202211,3호선,압구정,16925,17683,34608
202211,3호선,약수,7841,7547,15388
202211,3호선,양재,15944,18041,33985
202211,3호선,연신내,22332,21032,43364
202211,3호선,오금,3199,3085,6284
202211,3호선,옥수,5642,5869,11511
202211,3호선,을지로3가,4639,4192,8831
202211,3호선,일원,4085,4132,8217
202211,3호선,잠원,2570,2461,5031
202211,3호선,종로3가,4610,5814,10424
202211,3호선,지축,3204,2970,6174
202211,3호선,충무로,2,0,2
202211,3호선,학여울,1084,1109,2193
202211,3호선,홍제,10572,9957,20529
202211,4호선,길음,12626,12251,24877
202211,4호선,남태령,989,648,1637
202211,4호선,노원,12591,13995,26586
202211,4호선,당고개,5993,5740,11733
202211,4호선,동대문,8867,9449,18316
202211,4호선,동대문역사문화공원,12549,10429,22978
202211,4호선,동작,1237,1272,2509
202211,4호선,명동,21144,22667,43811
202211,4호선,미아,9053,8265,17318
202211,4호선,미아사거리,17967,17409,35376
202211,4호선,사당,18842,17195,36037
202211,4호선,삼각지,3774,4877,8651
202211,4호선,상계,11700,10789,22489
202211,4호선,서울역,6113,17611,23724
202211,4호선,성신여대입구,14204,13746,27950
202211,4호선,수유,21859,21204,43063
202211,4호선,숙대입구,10760,9964,20724
202211,4호선,신용산,11147,11509,22656
202211,4호선,쌍문,17565,15824,33389
202211,4호선,이촌,7313,8018,15331
202211,4호선,창동,16779,17443,34222
202211,4호선,총신대입구,11358,12546,23904
202211,4호선,충무로,12398,13628,26026
202211,4호선,한성대입구,9052,9010,18062
202211,4호선,혜화,35620,35007,70627
202211,4호선,회현,11803,12301,24104
202211,5호선,강동,9941,9836,19777
202211,5호선,강일,2836,2550,5386
202211,5호선,개롱,3290,3577,6867
202211,5호선,개화산,2937,2858,5795
202211,5호선,거여,5188,4954,10142
202211,5호선,고덕,5051,5155,10206
202211,5호선,공덕,5295,5372,10667
202211,5호선,광나루,9400,9154,18554
202211,5호선,광화문,15624,16343,31967
202211,5호선,군자,6903,7568,14471
202211,5호선,굽은다리,6088,5704,11792
202211,5호선,길동,4445,4402,8847
202211,5호선,김포공항,6906,6663,13569
202211,5호선,까치산,16767,16357,33124
202211,5호선,답십리,8553,7903,16456
202211,5호선,동대문역사문화공원,1050,1190,2240
202211,5호선,둔촌동,5048,4986,10034
202211,5호선,마곡,3950,4075,8025
202211,5호선,마장,3206,2993,6199
202211,5호선,마천,4122,4386,8508
202211,5호선,마포,5627,5704,11331
202211,5호선,명일,5485,5456,10941
202211,5호선,목동,8441,8602,17043
202211,5호선,미사,9630,9918,19548
202211,5호선,발산,10125,10776,20901
202211,5호선,방이,4583,4189,8772
202211,5호선,방화,3793,3826,7619
202211,5호선,상일동,6969,6879,13848
202211,5호선,서대문,6506,6384,12890
202211,5호선,송정,3774,3767,7541
202211,5호선,신금호,3201,3511,6712
202211,5호선,신길,2347,2449,4796
202211,5호선,신정,6787,6252,13039
202211,5호선,아차산,11077,11034,22111
202211,5호선,애오개,2983,3021,6004
202211,5호선,양평,3005,2967,5972
202211,5호선,여의나루,13671,15818,29489
202211,5호선,여의도,10402,10742,21144
202211,5호선,영등포구청,1684,1623,3307
202211,5호선,영등포시장,6822,7304,14126
202211,5호선,오금,1705,1634,3339
202211,5호선,오목교,13121,13707,26828
202211,5호선,올림픽공원,3895,3615,7510
202211,5호선,왕십리,2851,3420,6271
202211,5호선,우장산,7453,7597,15050
202211,5호선,을지로4가,2399,2494,4893
202211,5호선,장한평,9104,8773,17877
202211,5호선,종로3가,11313,9911,21224
202211,5호선,천호,14278,13607,27885
202211,5호선,청구,1973,1894,3867
202211,5호선,충정로,1663,1659,3322
202211,5호선,하남검단산,5124,5079,10203
202211,5호선,하남시청,4461,4254,8715
202211,5호선,하남풍산,2623,2595,5218
202211,5호선,행당,4555,4014,8569
202211,5호선,화곡,15549,14601,30150
202211,6호선,고려대,4640,4698,9338
202211,6호선,공덕,7988,7662,15650
202211,6호선,광흥창,4626,4527,9153
202211,6호선,구산,4326,3213,7539
202211,6호선,녹사평,3634,3518,7152
202211,6호선,대흥,5669,6093,11762
202211,6호선,독바위,1613,1956,3569
202211,6호선,돌곶이,6248,5778,12026
202211,6호선,동묘앞,7215,7006,14221
202211,6호선,디지털미디어시티,6301,6539,12840
202211,6호선,마포구청,7787,6879,14666
202211,6호선,망원,10420,11162,21582
202211,6호선,버티고개,1119,1258,2377
202211,6호선,보문,4513,4381,8894
202211,6호선,봉화산,4492,4305,8797
202211,6호선,불광,3076,2722,5798
202211,6호선,삼각지,4686,3590,8276
202211,6호선,상수,7493,8375,15868
202211,6호선,상월곡,3542,3236,6778
202211,6호선,새절,6880,6654,13534
202211,6호선,석계,7066,7530,14596
202211,6호선,신당,5074,5614,10688
202211,6호선,안암,5833,6768,12601
202211,6호선,약수,1866,1887,3753
202211,6호선,역촌,2243,2510,4753
202211,6호선,연신내,1,0,1
202211,6호선,월곡,6090,6116,12206
202211,6호선,월드컵경기장,5457,5505,10962
202211,6호선,응암,10501,10473,20974
202211,6호선,이태원,8200,7605,15805
202211,6호선,증산,5834,5998,11832
202211,6호선,창신,1728,1576,3304
202211,6호선,청구,1848,1709,3557
202211,6호선,태릉입구,3514,3821,7335
202211,6호선,한강진,6412,7442,13854
202211,6호선,합정,10922,9575,20497
202211,6호선,화랑대,5780,5185,10965
202211,6호선,효창공원앞,4051,3500,7551
202211,7호선,가산디지털단지,12031,11066,23097
202211,7호선,강남구청,6358,7107,13465
202211,7호선,건대입구,9017,9738,18755
202211,7호선,고속터미널,16819,10430,27249
202211,7호선,공릉,7201,7371,14572
202211,7호선,광명사거리,13316,13295,26611
202211,7호선,군자,8803,6765,15568
202211,7호선,남구로,7422,7230,14652
202211,7호선,남성,5963,5973,11936
202211,7호선,내방,5771,5819,11590
202211,7호선,노원,11548,11756,23304
202211,7호선,논현,6174,6256,12430
202211,7호선,대림,8927,8216,17143
202211,7호선,도봉산,6609,8324,14933
202211,7호선,뚝섬유원지,7474,6853,14327
202211,7호선,마들,6654,6065,12719
202211,7호선,먹골,5871,5746,11617
202211,7호선,면목,8609,8574,17183
202211,7호선,반포,3227,3151,6378
202211,7호선,보라매,3943,4124,8067
202211,7호선,사가정,9953,9784,19737
202211,7호선,상도,6166,6562,12728
202211,7호선,상봉,10436,9797,20233
202211,7호선,수락산,8632,8621,17253
202211,7호선,숭실대입구,6772,7040,13812
202211,7호선,신대방삼거리,8210,8083,16293
202211,7호선,신풍,6790,6272,13062
202211,7호선,어린이대공원,9392,9387,18779
202211,7호선,온수,4318,4369,8687
202211,7호선,용마산,3821,4155,7976
202211,7호선,이수,9457,8684,18141
202211,7호선,장승배기,4779,4923,9702
202211,7호선,장암,1551,944,2495
202211,7호선,중계,8062,6803,14865
202211,7호선,중곡,5674,5388,11062
202211,7호선,중화,6071,5964,12035
202211,7호선,천왕,5553,5398,10951
202211,7호선,철산,11845,11841,23686
202211,7호선,청담,7835,8435,16270
202211,7호선,태릉입구,5641,5370,11011
202211,7호선,하계,10175,9655,19830
202211,7호선,학동,7881,8397,16278
202211,8호선,가락시장,3602,4439,8041
202211,8호선,강동구청,4901,5009,9910
202211,8호선,남위례,3244,3270,6514
202211,8호선,남한산성입구,7307,6741,14048
202211,8호선,단대오거리,5778,5621,11399
202211,8호선,모란,3005,2306,5311
202211,8호선,몽촌토성,3803,3916,7719
202211,8호선,문정,6369,6712,13081
202211,8호선,복정,5393,4941,10334
202211,8호선,산성,3277,3388,6665
202211,8호선,석촌,4475,5772,10247
202211,8호선,송파,4547,4523,9070
202211,8호선,수진,3281,2933,6214
202211,8호선,신흥,3145,3331,6476
202211,8호선,암사,9649,9038,18687
202211,8호선,잠실,11500,12758,24258
202211,8호선,장지,9894,9907,19801
202211,8호선,천호,9757,10985,20742
202211,9호선,가양,12833,12409,25242
202211,9호선,개화,1194,1020,2214
202211,9호선,고속터미널,13801,19732,33533
202211,9호선,공항시장,1743,2010,3753
202211,9호선,구반포,585,585,1170
202211,9호선,국회의사당,6286,5860,12146
202211,9호선,김포공항,7273,10339,17612
202211,9호선,노들,3249,2850,6099
202211,9호선,노량진,16231,17318,33549
202211,9호선,당산,10770,10579,21349
202211,9호선,동작,1373,1170,2543
202211,9호선,등촌,5555,5520,11075
202211,9호선,마곡나루,6600,6721,13321
202211,9호선,사평,1816,1924,3740
202211,9호선,샛강,2285,2009,4294
202211,9호선,선유도,3154,3150,6304
202211,9호선,신논현,17934,16665,34599
202211,9호선,신목동,2145,1850,3995
202211,9호선,신반포,2212,2362,4574
202211,9호선,신방화,3609,3725,7334
202211,9호선,양천향교,4579,4790,9369
202211,9호선,여의도,12689,11196,23885
202211,9호선,염창,9749,9635,19384
202211,9호선,증미,2748,2570,5318
202211,9호선,흑석,4492,4732,9224
202211,9호선2~3단계,둔촌오륜,1128,652,1780
202211,9호선2~3단계,봉은사,10561,11015,21576
202211,9호선2~3단계,삼성중앙,2246,2277,4523
202211,9호선2~3단계,삼전,3983,3829,7812
202211,9호선2~3단계,석촌,6043,5104,11147
202211,9호선2~3단계,석촌고분,3698,3771,7469
202211,9호선2~3단계,선정릉,3511,3981,7492
202211,9호선2~3단계,송파나루,3300,3756,7056
202211,9호선2~3단계,언주,4631,4673,9304
202211,9호선2~3단계,올림픽공원,9691,9867,19558
202211,9호선2~3단계,종합운동장,4007,3072,7079
202211,9호선2~3단계,중앙보훈병원,4195,4081,8276
202211,9호선2~3단계,한성백제,1877,1674,3551
202211,경강선,경기광주,4579,4567,9146
202211,경강선,곤지암,1977,2102,4079
202211,경강선,부발,1827,2457,4284
202211,경강선,삼동,1194,1134,2328
202211,경강선,세종대왕릉,315,371,686
202211,경강선,신둔도예촌,1136,1136,2272
202211,경강선,여주,2632,2666,5298
202211,경강선,이매,801,634,1435
202211,경강선,이천,2388,2522,4910
202211,경강선,초월,2003,1888,3891
202211,경강선,판교,2938,2716,5654
202211,경부선,가산디지털단지,5322,7342,12664
202211,경부선,관악,5853,5400,11253
202211,경부선,광명,3361,2324,5685
202211,경부선,구로,11485,11627,23112
202211,경부선,군포,3421,3210,6631
202211,경부선,금정,16606,16991,33597
202211,경부선,금천구청,6899,6750,13649
202211,경부선,남영,5645,5988,11633
202211,경부선,노량진,7193,6842,14035
202211,경부선,당정,3510,3376,6886
202211,경부선,대방,6168,6915,13083
202211,경부선,독산,6936,6781,13717
202211,경부선,두정,5368,7321,12689
202211,경부선,명학,3609,3409,7018
202211,경부선,병점,10897,11513,22410
202211,경부선,서동탄,916,916,1832
202211,경부선,서울역,11458,2593,14051
202211,경부선,서정리,5620,8272,13892
202211,경부선,석수,5627,5275,10902
202211,경부선,성균관대,8792,9469,18261
202211,경부선,성환,2946,3904,6850
202211,경부선,세류,2585,2402,4987
202211,경부선,세마,1915,1811,3726
202211,경부선,송탄,3961,5145,9106
202211,경부선,수원,38430,37131,75561
202211,경부선,신길,5379,4741,10120
202211,경부선,신도림,2781,2949,5730
202211,경부선,안양,14669,14386,29055
202211,경부선,영등포,38108,37263,75371
202211,경부선,오산,8816,9182,17998
202211,경부선,오산대,2542,2451,4993
202211,경부선,용산,41277,38063,79340
202211,경부선,의왕,4620,4628,9248
202211,경부선,직산,690,785,1475
202211,경부선,진위,1107,1090,2197
202211,경부선,천안,7624,7769,15393
202211,경부선,평택,13455,14795,28250
202211,경부선,평택지제,3379,3409,6788
202211,경부선,화서,5034,4862,9896
202211,경원선,가능,4259,4043,8302
202211,경원선,광운대,4549,4797,9346
202211,경원선,녹양,3124,2917,6041
202211,경원선,녹천,2779,2417,5196
202211,경원선,덕계,2217,2060,4277
202211,경원선,덕정,3838,4066,7904
202211,경원선,도봉,3708,3525,7233
202211,경원선,도봉산,8832,6675,15507
202211,경원선,동두천,1497,2061,3558
202211,경원선,동두천중앙,2567,2462,5029
202211,경원선,망월사,5111,5208,10319
202211,경원선,방학,6523,6244,12767
202211,경원선,보산,1583,1661,3244
202211,경원선,서빙고,2049,1977,4026
202211,경원선,석계,5636,5971,11607
202211,경원선,소요산,4611,4081,8692
202211,경원선,신이문,5282,4954,10236
202211,경원선,양주,5619,5567,11186
202211,경원선,옥수,48,29,77
202211,경원선,왕십리,12442,13372,25814
202211,경원선,외대앞,5899,5698,11597
202211,경원선,월계,4544,4171,8715
202211,경원선,응봉,1225,1144,2369
202211,경원선,의정부,16008,15879,31887
202211,경원선,이촌,2936,2158,5094
202211,경원선,지행,4983,5217,10200
202211,경원선,청량리,16276,15528,31804
202211,경원선,한남,2109,2010,4119
202211,경원선,회룡,8380,8396,16776
202211,경의선,가좌,3517,3391,6908
202211,경의선,강매,1707,1538,3245
202211,경의선,곡산,347,371,718
202211,경의선,공덕,2169,1774,3943
202211,경의선,금릉,3277,3146,6423
202211,경의선,금촌,4706,5068,9774
202211,경의선,능곡,2437,2299,4736
202211,경의선,디지털미디어시티,1695,1593,3288
202211,경의선,문산,3910,4093,8003
202211,경의선,백마,3832,3642,7474
202211,경의선,서강대,2138,2049,4187
202211,경의선,서울역,1510,1376,2886
202211,경의선,수색,999,1062,2061
202211,경의선,신촌,360,392,752
202211,경의선,야당,5739,5609,11348
202211,경의선,운정,4110,3923,8033
202211,경의선,월롱,1037,2129,3166
202211,경의선,일산,5509,5077,10586
202211,경의선,임진강,77,49,126
202211,경의선,탄현,4746,4349,9095
202211,경의선,파주,811,785,1596
202211,경의선,풍산,4052,3729,7781
202211,경의선,행신,5200,4828,10028
202211,경의선,홍대입구,1970,2392,4362
202211,경의선,화전,996,1094,2090
202211,경의선,효창공원앞,1574,1810,3384
202211,경인선,간석,3510,3225,6735
202211,경인선,개봉,13089,12988,26077
202211,경인선,구일,3720,3620,7340
202211,경인선,도원,1855,1835,3690
202211,경인선,도화,2430,2335,4765
202211,경인선,동암,11127,10922,22049
202211,경인선,동인천,10207,10019,20226
202211,경인선,백운,4367,4133,8500
202211,경인선,부개,5381,4931,10312
202211,경인선,부천,24390,24171,48561
202211,경인선,부평,23496,23689,47185
202211,경인선,소사,6188,6152,12340
202211,경인선,송내,15102,14426,29528
202211,경인선,역곡,16307,16404,32711
202211,경인선,오류동,7945,7222,15167
202211,경인선,온수,4236,3976,8212
202211,경인선,인천,4598,3875,8473
202211,경인선,제물포,5864,5696,11560
202211,경인선,주안,13161,11719,24880
202211,경인선,중동,5706,5360,11066
202211,경춘선,가평,2276,1772,4048
202211,경춘선,갈매,1661,1420,3081
202211,경춘선,강촌,783,523,1306
202211,경춘선,굴봉산,300,247,547
202211,경춘선,금곡,909,848,1757
202211,경춘선,김유정,557,656,1213
202211,경춘선,남춘천,2645,3443,6088
202211,경춘선,대성리,1792,470,2262
202211,경춘선,마석,2793,2687,5480
202211,경춘선,백양리,93,87,180
202211,경춘선,별내,1975,1764,3739
202211,경춘선,사릉,1452,1367,2819
202211,경춘선,상천,575,424,999
202211,경춘선,신내,1121,1096,2217
202211,경춘선,천마산,1196,1115,2311
202211,경춘선,청평,1922,1414,3336
202211,경춘선,춘천,1942,1867,3809
202211,경춘선,퇴계원,2205,1979,4184
202211,경춘선,평내호평,3622,3401,7023
202211,공항철도 1호선,검암,4043,4089,8132
202211,공항철도 1호선,계양,6932,6394,13326
202211,공항철도 1호선,공덕,1520,1973,3493
202211,공항철도 1호선,공항화물청사,1006,1099,2105
202211,공항철도 1호선,김포공항,9871,5056,14927
202211,공항철도 1호선,디지털미디어시티,4603,4608,9211
202211,공항철도 1호선,마곡나루,2904,3378,6282
202211,공항철도 1호선,서울역,12077,11079,23156
202211,공항철도 1호선,영종,3014,2922,5936
202211,공항철도 1호선,운서,6732,7430,14162
202211,공항철도 1호선,인천공항1터미널,10244,9312,19556
202211,공항철도 1호선,인천공항2터미널,4025,3635,7660
202211,공항철도 1호선,청라국제도시,3893,3718,7611
202211,공항철도 1호선,홍대입구,13348,12125,25473
202211,과천선,경마공원,16083,16265,32348
202211,과천선,과천,4137,3780,7917
202211,과천선,대공원,5561,5798,11359
202211,과천선,범계,16607,16223,32830
202211,과천선,선바위,4688,3977,8665
202211,과천선,인덕원,13984,13763,27747
202211,과천선,정부과천청사,8094,4890,12984
202211,과천선,평촌,7648,7346,14994
202211,분당선,가천대,4665,5581,10246
202211,분당선,강남구청,3604,4196,7800
202211,분당선,개포동,2342,2389,4731
202211,분당선,구룡,1053,1162,2215
202211,분당선,구성,2702,2790,5492
202211,분당선,기흥,5650,5306,10956
202211,분당선,대모산입구,2622,2570,5192
202211,분당선,도곡,3478,3573,7051
202211,분당선,망포,7049,7346,14395
202211,분당선,매교,2355,2275,4630
202211,분당선,매탄권선,2889,2828,5717
202211,분당선,모란,12015,12139,24154
202211,분당선,미금,7726,8374,16100
202211,분당선,보정,1293,1262,2555
202211,분당선,상갈,3074,3274,6348
202211,분당선,서울숲,9255,9758,19013
202211,분당선,서현,14928,15106,30034
202211,분당선,선릉,3508,5145,8653
202211,분당선,선정릉,2359,2400,4759
202211,분당선,수내,6688,6346,13034
202211,분당선,수서,10061,9541,19602
202211,분당선,수원,6375,5549,11924
202211,분당선,수원시청,8462,8545,17007
202211,분당선,신갈,2321,2336,4657
202211,분당선,압구정로데오,11647,12937,24584
202211,분당선,야탑,15383,15833,31216
202211,분당선,영통,5556,5687,11243
202211,분당선,오리,5741,4824,10565
202211,분당선,이매,4075,4127,8202
202211,분당선,정자,7995,8557,16552
202211,분당선,죽전,9491,10527,20018
202211,분당선,청명,2303,2512,4815
202211,분당선,태평,8817,8152,16969
202211,분당선,한티,9129,9474,18603
202211,수인선,고색,2024,2104,4128
202211,수인선,남동인더스파크,624,617,1241
202211,수인선,달월,53,61,114
202211,수인선,사리,3196,2667,5863
202211,수인선,소래포구,5333,5020,10353
202211,수인선,송도,1676,1633,3309
202211,수인선,숭의,2270,2061,4331
202211,수인선,신포,1405,1353,2758
202211,수인선,야목,244,192,436
202211,수인선,어천,769,867,1636
202211,수인선,연수,3727,3528,7255
202211,수인선,오목천,1906,1870,3776
202211,수인선,원인재,3193,3237,6430
202211,수인선,월곶,1901,1757,3658
202211,수인선,인천,1185,1800,2985
202211,수인선,인천논현,3245,3394,6639
202211,수인선,인하대,3754,3755,7509
202211,수인선,호구포,2234,2346,4580
202211,신림선,관악산,3502,3912,7414
202211,신림선,당곡,2242,2256,4498
202211,신림선,대방,1569,1200,2769
202211,신림선,보라매,1847,1602,3449
202211,신림선,보라매공원,1065,1152,2217
202211,신림선,보라매병원,2109,2144,4253
202211,신림선,샛강,911,1228,2139
202211,신림선,서울대벤처타운,5201,4868,10069
202211,신림선,서울지방병무청,1497,1678,3175
202211,신림선,서원,1802,1784,3586
202211,신림선,신림,1077,1529,2606
202211,안산선,고잔,5663,5602,11265
202211,안산선,대야미,3370,3027,6397
202211,안산선,반월,2827,2865,5692
202211,안산선,산본,10091,10695,20786
202211,안산선,상록수,10232,10250,20482
202211,안산선,수리산,2436,2253,4689
202211,안산선,신길온천,1471,1390,2861
202211,안산선,안산,11986,10529,22515
202211,안산선,오이도,6451,6208,12659
202211,안산선,정왕,6221,6864,13085
202211,안산선,중앙,13667,12626,26293
202211,안산선,초지,3000,2742,5742
202211,안산선,한대앞,6180,6194,12374
202211,우이신설선,4.19민주묘지,2303,2038,4341
202211,우이신설선,가오리,2623,2492,5115
202211,우이신설선,보문,1093,1080,2173
202211,우이신설선,북한산보국문,4230,3814,8044
202211,우이신설선,북한산우이,3808,3567,7375
202211,우이신설선,삼양,1298,1306,2604
202211,우이신설선,삼양사거리,1610,1620,3230
202211,우이신설선,성신여대입구,2257,2600,4857
202211,우이신설선,솔밭공원,1627,1542,3169
202211,우이신설선,솔샘,3258,2969,6227
202211,우이신설선,신설동,1398,1357,2755
202211,우이신설선,정릉,3235,2684,5919
202211,우이신설선,화계,2339,2206,4545
202211,일산선,대곡,1175,1099,2274
202211,일산선,대화,8680,7850,16530
202211,일산선,마두,3824,3839,7663
202211,일산선,백석,5905,5735,11640
202211,일산선,삼송,11940,11756,23696
202211,일산선,원당,6511,6265,12776
202211,일산선,원흥,6367,6149,12516
202211,일산선,정발산,5797,5694,11491
202211,일산선,주엽,5297,5252,10549
202211,일산선,화정,10511,10226,20737
202211,장항선,배방,949,1021,1970
202211,장항선,봉명,611,663,1274
202211,장항선,신창,1338,2460,3798
202211,장항선,쌍용,1529,1669,3198
202211,장항선,아산,4623,3232,7855
202211,장항선,온양온천,4224,4112,8336
202211,장항선,탕정,753,878,1631
202211,중앙선,구리,8340,8573,16913
202211,중앙선,국수,631,576,1207
202211,중앙선,덕소,3689,3696,7385
202211,중앙선,도농,6371,6155,12526
202211,중앙선,도심,1357,1232,2589
202211,중앙선,망우,5672,5573,11245
202211,중앙선,상봉,4091,4207,8298
202211,중앙선,신원,274,190,464
202211,중앙선,아신,624,549,1173
202211,중앙선,양수,1789,1643,3432
202211,중앙선,양원,1592,1665,3257
202211,중앙선,양정,470,362,832
202211,중앙선,양평,2487,2293,4780
202211,중앙선,오빈,237,209,446
202211,중앙선,용문,3815,3470,7285
202211,중앙선,운길산,1080,994,2074
202211,중앙선,원덕,396,329,725
202211,중앙선,중랑,3935,3830,7765
202211,중앙선,지평,62,44,106
202211,중앙선,팔당,1282,1356,2638
202211,중앙선,회기,23353,22461,45814
202211,1호선,동대문,11360,11545,22905
202211,1호선,동묘앞,12494,12942,25436
202211,1호선,서울역,49419,47949,97368
202211,1호선,시청,20562,20941,41503
202211,1호선,신설동,11038,10434,21472
202211,1호선,제기동,16162,16416,32578
202211,1호선,종각,27584,25767,53351
202211,1호선,종로3가,27895,26796,54691
202211,1호선,종로5가,23080,22682,45762
202211,1호선,청량리,19422,19926,39348
202211,2호선,강남,62174,62902,125076
202211,2호선,강변,33119,32525,65644
202211,2호선,건대입구,37919,41839,79758
202211,2호선,교대,20265,23108,43373
202211,2호선,구로디지털단지,38805,38478,77283
202211,2호선,구의,18537,17768,36305
202211,2호선,낙성대,23555,21547,45102
202211,2호선,당산,14589,16463,31052
202211,2호선,대림,19655,20688,40343
202211,2호선,도림천,840,879,1719
202211,2호선,동대문역사문화공원,12467,14433,26900
202211,2호선,뚝섬,17987,17952,35939
202211,2호선,문래,14986,16391,31377
202211,2호선,방배,11669,11910,23579
202211,2호선,봉천,18670,16797,35467
202211,2호선,사당,39269,43692,82961
202211,2호선,삼성,48082,47106,95188
202211,2호선,상왕십리,10949,10125,21074
202211,2호선,서울대입구,39667,37874,77541
202211,2호선,서초,13753,11477,25230
202211,2호선,선릉,28242,24732,52974
202211,2호선,성수,27491,30653,58144
202211,2호선,시청,15701,12384,28085
202211,2호선,신답,1143,1189,2332
202211,2호선,신당,12223,13230,25453
202211,2호선,신대방,21206,19906,41112
202211,2호선,신도림,46537,47346,93883
202211,2호선,신림,50448,48451,98899
202211,2호선,신설동,4023,3722,7745
202211,2호선,신정네거리,7994,7980,15974
202211,2호선,신촌,37095,37889,74984
202211,2호선,아현,9005,8255,17260
202211,2호선,양천구청,5262,5241,10503
202211,2호선,역삼,20411,22281,42692
202211,2호선,영등포구청,14620,15512,30132
202211,2호선,왕십리,15809,14473,30282
202211,2호선,용답,2379,2187,4566
202211,2호선,용두,2036,1860,3896
202211,2호선,을지로3가,14678,14647,29325
202211,2호선,을지로4가,9549,10202,19751
202211,2호선,을지로입구,35240,33281,68521
202211,2호선,이대,15309,16093,31402
202211,2호선,잠실,80222,78114,158336
202211,2호선,잠실나루,9144,8674,17818
202211,2호선,잠실새내,19370,20188,39558
202211,2호선,종합운동장,9250,10237,19487
202211,2호선,충정로,7348,7753,15101
202211,2호선,한양대,13100,13631,26731
202211,2호선,합정,32466,37284,69750
202211,2호선,홍대입구,78448,88489,166937
202211,3호선,가락시장,7172,6965,14137
202211,3호선,경복궁,25219,25693,50912
202211,3호선,경찰병원,4620,4435,9055
202211,3호선,고속터미널,59108,59698,118806
202211,3호선,교대,8848,5504,14352
202211,3호선,구파발,16872,17143,34015
202211,3호선,금호,6330,5787,12117
202211,3호선,남부터미널,23993,24342,48335
202211,3호선,녹번,12070,10340,22410
202211,3호선,대청,6842,6206,13048
202211,3호선,대치,9655,8911,18566
202211,3호선,도곡,4121,4408,8529
202211,3호선,독립문,6977,7490,14467
202211,3호선,동대입구,10356,11976,22332
202211,3호선,매봉,7092,6917,14009
202211,3호선,무악재,3327,3384,6711
202211,3호선,불광,14043,15445,29488
202211,3호선,수서,16312,16005,32317
202211,3호선,신사,26806,28414,55220
202211,3호선,안국,26532,28372,54904
202211,3호선,압구정,28936,30925,59861
202211,3호선,약수,10359,9991,20350
202211,3호선,양재,23151,25717,48868
202211,3호선,연신내,30875,29413,60288
202211,3호선,오금,4076,3913,7989
202211,3호선,옥수,7768,7669,15437
202211,3호선,을지로3가,6896,6913,13809
202211,3호선,일원,6079,5956,12035
202211,3호선,잠원,3962,3734,7696
202211,3호선,종로3가,7076,10186,17262
202211,3호선,지축,4588,4340,8928
202211,3호선,학여울,1711,1670,3381
202211,3호선,홍제,14743,13976,28719
202211,4호선,길음,16998,16313,33311
202211,4호선,남태령,1590,975,2565
202211,4호선,노원,16921,19285,36206
202211,4호선,당고개,8067,7410,15477
202211,4호선,동대문,15041,15721,30762
202211,4호선,동대문역사문화공원,14748,12313,27061
202211,4호선,동작,1339,1386,2725
202211,4호선,명동,28714,32692,61406
202211,4호선,미아,12357,11403,23760
202211,4호선,미아사거리,23771,22673,46444
202211,4호선,사당,25591,24092,49683
202211,4호선,삼각지,5180,6902,12082
202211,4호선,상계,15423,14101,29524
202211,4호선,서울역,8239,21291,29530
202211,4호선,성신여대입구,18527,17784,36311
202211,4호선,수유,29014,28827,57841
202211,4호선,숙대입구,11664,11098,22762
202211,4호선,신용산,14048,14883,28931
202211,4호선,쌍문,23477,20820,44297
202211,4호선,이촌,11098,11603,22701
202211,4호선,창동,21277,22282,43559
202211,4호선,총신대입구,15809,17237,33046
202211,4호선,충무로,16833,18452,35285
202211,4호선,한성대입구,12213,11886,24099
202211,4호선,혜화,36992,38371,75363
202211,4호선,회현,25332,25495,50827
202211,5호선,강동,14626,13846,28472
202211,5호선,강일,3932,3379,7311
202211,5호선,개롱,5061,5101,10162
202211,5호선,개화산,4020,3865,7885
202211,5호선,거여,7241,6784,14025
202211,5호선,고덕,7068,6865,13933
202211,5호선,공덕,8793,9156,17949
202211,5호선,광나루,12790,12197,24987
202211,5호선,광화문,23452,24030,47482
202211,5호선,군자,9520,10572,20092
202211,5호선,굽은다리,7687,7198,14885
202211,5호선,길동,6480,6583,13063
202211,5호선,김포공항,7560,7645,15205
202211,5호선,까치산,22637,21413,44050
202211,5호선,답십리,11477,10313,21790
202211,5호선,동대문역사문화공원,1447,1759,3206
202211,5호선,둔촌동,6615,6615,13230
202211,5호선,마곡,6411,6450,12861
202211,5호선,마장,4395,4109,8504
202211,5호선,마천,5218,5364,10582
202211,5호선,마포,9317,9337,18654
202211,5호선,명일,6758,6606,13364
202211,5호선,목동,12336,12520,24856
202211,5호선,미사,13506,13651,27157
202211,5호선,발산,16117,17456,33573
202211,5호선,방이,5889,5691,11580
202211,5호선,방화,4849,4630,9479
202211,5호선,상일동,10165,9548,19713
202211,5호선,서대문,9677,9425,19102
202211,5호선,송정,5331,4950,10281
202211,5호선,신금호,4458,4584,9042
202211,5호선,신길,3076,3068,6144
202211,5호선,신정,9703,8128,17831
202211,5호선,아차산,13269,12544,25813
202211,5호선,애오개,4221,4049,8270
202211,5호선,양평,4045,3732,7777
202211,5호선,여의나루,12895,17371,30266
202211,5호선,여의도,16182,15308,31490
202211,5호선,영등포구청,2251,2208,4459
202211,5호선,영등포시장,9817,10199,20016
202211,5호선,오금,2295,2111,4406
202211,5호선,오목교,18186,18852,37038
202211,5호선,올림픽공원,5220,4765,9985
202211,5호선,왕십리,3820,4755,8575
202211,5호선,우장산,10756,10330,21086
202211,5호선,을지로4가,4101,4662,8763
202211,5호선,장한평,12851,12337,25188
202211,5호선,종로3가,16435,16740,33175
202211,5호선,천호,18176,17560,35736
202211,5호선,청구,2600,2494,5094
202211,5호선,충정로,2182,2066,4248
202211,5호선,하남검단산,5818,5662,11480
202211,5호선,하남시청,6238,5850,12088
202211,5호선,하남풍산,2962,2924,5886
202211,5호선,행당,5972,5247,11219
202211,5호선,화곡,22159,20084,42243
202211,6호선,고려대,7433,6799,14232
202211,6호선,공덕,11640,11186,22826
202211,6호선,광흥창,5685,5317,11002
202211,6호선,구산,6046,4584,10630
202211,6호선,녹사평,4878,5254,10132
202211,6호선,대흥,6543,6871,13414
202211,6호선,독바위,2051,2253,4304
202211,6호선,돌곶이,8377,7346,15723
202211,6호선,동묘앞,8420,8252,16672
202211,6호선,디지털미디어시티,8539,9005,17544
202211,6호선,마포구청,10456,9165,19621
202211,6호선,망원,14068,15265,29333
202211,6호선,버티고개,1635,1712,3347
202211,6호선,보문,5611,5034,10645
202211,6호선,봉화산,5900,5647,11547
202211,6호선,불광,3927,3584,7511
202211,6호선,삼각지,7618,5945,13563
202211,6호선,상수,9542,12031,21573
202211,6호선,상월곡,4589,3919,8508
202211,6호선,새절,9208,8571,17779
202211,6호선,석계,9789,9929,19718
202211,6호선,신당,7283,6751,14034
202211,6호선,안암,9119,8785,17904
202211,6호선,약수,2725,2859,5584
202211,6호선,역촌,2826,3232,6058
202211,6호선,연신내,1,0,1
202211,6호선,월곡,7924,7663,15587
202211,6호선,월드컵경기장,5226,5574,10800
202211,6호선,응암,13783,13351,27134
202211,6호선,이태원,10592,11405,21997
202211,6호선,증산,7957,7652,15609
202211,6호선,창신,2294,2037,4331
202211,6호선,청구,2563,2411,4974
202211,6호선,태릉입구,4726,4916,9642
202211,6호선,한강진,8295,10016,18311
202211,6호선,합정,13430,13368,26798
202211,6호선,화랑대,8165,6298,14463
202211,6호선,효창공원앞,5198,4607,9805
202211,7호선,가산디지털단지,16343,14689,31032
202211,7호선,강남구청,11477,12776,24253
202211,7호선,건대입구,12768,13397,26165
202211,7호선,고속터미널,18189,13960,32149
202211,7호선,공릉,10232,9581,19813
202211,7호선,광명사거리,17232,17122,34354
202211,7호선,군자,12080,8889,20969
202211,7호선,남구로,8632,9054,17686
202211,7호선,남성,8439,7741,16180
202211,7호선,내방,8699,8636,17335
202211,7호선,노원,16765,17309,34074
202211,7호선,논현,10901,11888,22789
202211,7호선,대림,7896,8550,16446
202211,7호선,도봉산,6792,9094,15886
202211,7호선,뚝섬유원지,7444,7024,14468
202211,7호선,마들,9894,9058,18952
202211,7호선,먹골,8191,7752,15943
202211,7호선,면목,11740,11167,22907
202211,7호선,반포,5203,5044,10247
202211,7호선,보라매,6105,6021,12126
202211,7호선,사가정,13248,12434,25682
202211,7호선,상도,11155,10191,21346
202211,7호선,상봉,14804,13965,28769
202211,7호선,수락산,10930,10671,21601
202211,7호선,숭실대입구,11202,10599,21801
202211,7호선,신대방삼거리,11516,10546,22062
202211,7호선,신풍,8964,8281,17245
202211,7호선,어린이대공원,12737,11882,24619
202211,7호선,온수,6024,6004,12028
202211,7호선,용마산,4576,4676,9252
202211,7호선,이수,13775,12809,26584
202211,7호선,장승배기,6983,6773,13756
202211,7호선,장암,1764,1210,2974
202211,7호선,중계,10170,8898,19068
202211,7호선,중곡,7569,6954,14523
202211,7호선,중화,8195,7941,16136
202211,7호선,천왕,7623,7032,14655
202211,7호선,철산,17038,16986,34024
202211,7호선,청담,13039,14555,27594
202211,7호선,태릉입구,7444,6689,14133
202211,7호선,하계,13433,12320,25753
202211,7호선,학동,12817,13614,26431
202211,8호선,가락시장,6279,6690,12969
202211,8호선,강동구청,6745,6654,13399
202211,8호선,남위례,4531,4554,9085
202211,8호선,남한산성입구,9861,8464,18325
202211,8호선,단대오거리,8114,7460,15574
202211,8호선,모란,3797,3448,7245
202211,8호선,몽촌토성,5083,5226,10309
202211,8호선,문정,9798,9766,19564
202211,8호선,복정,6817,5511,12328
202211,8호선,산성,4540,4534,9074
202211,8호선,석촌,6405,7862,14267
202211,8호선,송파,6519,6285,12804
202211,8호선,수진,4465,4079,8544
202211,8호선,신흥,4205,4375,8580
202211,8호선,암사,13365,12163,25528
202211,8호선,잠실,15842,18073,33915
202211,8호선,장지,13562,12232,25794
202211,8호선,천호,12812,15105,27917
202211,9호선,가양,17511,16449,33960
202211,9호선,개화,1717,1433,3150
202211,9호선,고속터미널,16378,24956,41334
202211,9호선,공항시장,2437,2493,4930
202211,9호선,구반포,1378,1409,2787
202211,9호선,국회의사당,5942,6198,12140
202211,9호선,김포공항,7670,10884,18554
202211,9호선,노들,3790,3153,6943
202211,9호선,노량진,23539,23468,47007
202211,9호선,당산,15578,14644,30222
202211,9호선,동작,1618,1344,2962
202211,9호선,등촌,7996,7344,15340
202211,9호선,마곡나루,9159,8906,18065
202211,9호선,사평,2794,2484,5278
202211,9호선,샛강,3352,3057,6409
202211,9호선,선유도,4294,4036,8330
202211,9호선,신논현,28828,29169,57997
202211,9호선,신목동,2941,2463,5404
202211,9호선,신반포,3557,3520,7077
202211,9호선,신방화,5048,4604,9652
202211,9호선,양천향교,6439,6051,12490
202211,9호선,여의도,17322,15706,33028
202211,9호선,염창,13586,12390,25976
202211,9호선,증미,3718,3344,7062
202211,9호선,흑석,11423,10267,21690
202211,9호선2~3단계,둔촌오륜,747,801,1548
202211,9호선2~3단계,봉은사,21211,23478,44689
202211,9호선2~3단계,삼성중앙,4079,3910,7989
202211,9호선2~3단계,삼전,5700,5108,10808
202211,9호선2~3단계,석촌,8012,6765,14777
202211,9호선2~3단계,석촌고분,4938,4725,9663
202211,9호선2~3단계,선정릉,5510,6381,11891
202211,9호선2~3단계,송파나루,4832,5419,10251
202211,9호선2~3단계,언주,7258,7147,14405
202211,9호선2~3단계,올림픽공원,11104,11324,22428
202211,9호선2~3단계,종합운동장,4148,3580,7728
202211,9호선2~3단계,중앙보훈병원,5545,5026,10571
202211,9호선2~3단계,한성백제,2302,1863,4165
202211,경강선,경기광주,6343,5755,12098
202211,경강선,곤지암,2306,2182,4488
202211,경강선,부발,2339,2144,4483
202211,경강선,삼동,1738,1558,3296
202211,경강선,세종대왕릉,439,466,905
202211,경강선,신둔도예촌,1403,1374,2777
202211,경강선,여주,2658,3012,5670
202211,경강선,이매,911,736,1647
202211,경강선,이천,3154,3371,6525
202211,경강선,초월,2581,2279,4860
202211,경강선,판교,3555,3414,6969
202211,경부선,가산디지털단지,7176,10018,17194
202211,경부선,관악,6688,6520,13208
202211,경부선,광명,3665,3164,6829
202211,경부선,구로,14714,15846,30560
202211,경부선,군포,4571,3987,8558
202211,경부선,금정,22334,22430,44764
202211,경부선,금천구청,9106,9017,18123
202211,경부선,남영,7269,7354,14623
202211,경부선,노량진,9971,10142,20113
202211,경부선,당정,4564,4169,8733
202211,경부선,대방,8056,9153,17209
202211,경부선,독산,10032,9489,19521
202211,경부선,두정,6898,6788,13686
202211,경부선,명학,5063,4754,9817
202211,경부선,병점,14469,13983,28452
202211,경부선,서동탄,1108,1150,2258
202211,경부선,서울역,12120,3117,15237
202211,경부선,서정리,9302,6944,16246
202211,경부선,석수,7520,6840,14360
202211,경부선,성균관대,11962,11983,23945
202211,경부선,성환,3721,3437,7158
202211,경부선,세류,2948,2959,5907
202211,경부선,세마,2545,2153,4698
202211,경부선,송탄,5774,4880,10654
202211,경부선,수원,42925,47028,89953
202211,경부선,신길,6618,5672,12290
202211,경부선,신도림,3222,3736,6958
202211,경부선,안양,20303,20121,40424
202211,경부선,영등포,48832,50125,98957
202211,경부선,오산,10758,9627,20385
202211,경부선,오산대,3409,3026,6435
202211,경부선,용산,45276,47158,92434
202211,경부선,의왕,6065,5926,11991
202211,경부선,직산,847,761,1608
202211,경부선,진위,1229,1038,2267
202211,경부선,천안,7821,8162,15983
202211,경부선,평택,15761,15516,31277
202211,경부선,평택지제,4462,4054,8516
202211,경부선,화서,6597,6459,13056
202211,경원선,가능,5436,5066,10502
202211,경원선,광운대,7138,6719,13857
202211,경원선,녹양,3877,3613,7490
202211,경원선,녹천,3299,2820,6119
202211,경원선,덕계,2915,2525,5440
202211,경원선,덕정,5268,4685,9953
202211,경원선,도봉,4724,4371,9095
202211,경원선,도봉산,9191,6243,15434
202211,경원선,동두천,1923,2295,4218
202211,경원선,동두천중앙,2679,2773,5452
202211,경원선,망월사,6408,6408,12816
202211,경원선,방학,7883,7491,15374
202211,경원선,보산,2045,1987,4032
202211,경원선,서빙고,1840,1860,3700
202211,경원선,석계,7456,7841,15297
202211,경원선,소요산,3985,3354,7339
202211,경원선,신이문,7130,6459,13589
202211,경원선,양주,7203,6677,13880
202211,경원선,옥수,51,57,108
202211,경원선,왕십리,15944,16752,32696
202211,경원선,외대앞,11141,10058,21199
202211,경원선,월계,5408,4876,10284
202211,경원선,응봉,1583,1302,2885
202211,경원선,의정부,19453,21058,40511
202211,경원선,이촌,3290,2590,5880
202211,경원선,지행,6532,6407,12939
202211,경원선,창동,1,0,1
202211,경원선,청량리,19177,19177,38354
202211,경원선,한남,2883,2855,5738
202211,경원선,회룡,10365,10355,20720
202211,경의선,가좌,4587,4418,9005
202211,경의선,강매,2260,1962,4222
202211,경의선,곡산,439,465,904
202211,경의선,공덕,3489,2547,6036
202211,경의선,금릉,4615,4277,8892
202211,경의선,금촌,7159,6771,13930
202211,경의선,능곡,3092,2928,6020
202211,경의선,디지털미디어시티,2508,2128,4636
202211,경의선,문산,8304,7901,16205
202211,경의선,백마,5282,4756,10038
202211,경의선,서강대,1859,1963,3822
202211,경의선,서울역,1764,1866,3630
202211,경의선,수색,1856,1724,3580
202211,경의선,신촌,578,541,1119
202211,경의선,야당,8021,8242,16263
202211,경의선,운정,6100,5462,11562
202211,경의선,월롱,1799,1537,3336
202211,경의선,일산,7142,6966,14108
202211,경의선,임진강,41,69,110
202211,경의선,탄현,6227,5874,12101
202211,경의선,파주,1091,838,1929
202211,경의선,풍산,4665,4440,9105
202211,경의선,행신,6176,6300,12476
202211,경의선,홍대입구,2128,3007,5135
202211,경의선,화전,1329,1202,2531
202211,경의선,효창공원앞,2012,2220,4232
202211,경인선,간석,4749,4425,9174
202211,경인선,개봉,18014,17479,35493
202211,경인선,구일,13012,14121,27133
202211,경인선,도원,2263,2364,4627
202211,경인선,도화,3246,2984,6230
202211,경인선,동암,14373,14332,28705
202211,경인선,동인천,12650,12536,25186
202211,경인선,백운,5884,5595,11479
202211,경인선,부개,7013,6494,13507
202211,경인선,부천,30197,31279,61476
202211,경인선,부평,30407,33534,63941
202211,경인선,소사,8113,7908,16021
202211,경인선,송내,20358,19815,40173
202211,경인선,역곡,21971,21537,43508
202211,경인선,오류동,9835,9009,18844
202211,경인선,온수,5257,4721,9978
202211,경인선,인천,4477,3776,8253
202211,경인선,제물포,8019,7513,15532
202211,경인선,주안,17755,15618,33373
202211,경인선,중동,7266,6681,13947
202211,경춘선,가평,2035,2217,4252
202211,경춘선,갈매,2076,1734,3810
202211,경춘선,강촌,552,698,1250
202211,경춘선,굴봉산,148,152,300
202211,경춘선,금곡,1176,1113,2289
202211,경춘선,김유정,463,575,1038
202211,경춘선,남춘천,3411,3624,7035
202211,경춘선,대성리,897,1082,1979
202211,경춘선,마석,3568,3306,6874
202211,경춘선,백양리,87,112,199
202211,경춘선,별내,2415,2239,4654
202211,경춘선,사릉,1722,1692,3414
202211,경춘선,상천,327,309,636
202211,경춘선,신내,1328,1218,2546
202211,경춘선,천마산,1441,1324,2765
202211,경춘선,청평,1822,2039,3861
202211,경춘선,춘천,2000,1712,3712
202211,경춘선,퇴계원,2838,2606,5444
202211,경춘선,평내호평,4894,4640,9534
202211,공항철도 1호선,검암,4963,4941,9904
202211,공항철도 1호선,계양,9161,8267,17428
202211,공항철도 1호선,공덕,2008,3305,5313
202211,공항철도 1호선,공항화물청사,1307,1322,2629
202211,공항철도 1호선,김포공항,10356,5781,16137
202211,공항철도 1호선,디지털미디어시티,7503,6940,14443
202211,공항철도 1호선,마곡나루,4271,4728,8999
202211,공항철도 1호선,서울역,12427,11832,24259
202211,공항철도 1호선,영종,3702,3635,7337
202211,공항철도 1호선,운서,8046,8003,16049
202211,공항철도 1호선,인천공항1터미널,10524,9636,20160
202211,공항철도 1호선,인천공항2터미널,3769,3409,7178
202211,공항철도 1호선,청라국제도시,5160,4918,10078
202211,공항철도 1호선,홍대입구,15060,15712,30772
202211,과천선,경마공원,12516,12696,25212
202211,과천선,과천,5576,5010,10586
202211,과천선,대공원,6842,7246,14088
202211,과천선,범계,23036,22832,45868
202211,과천선,선바위,6510,5287,11797
202211,과천선,인덕원,20206,19895,40101
202211,과천선,정부과천청사,6980,6864,13844
202211,과천선,평촌,11568,11211,22779
202211,분당선,가천대,6502,6530,13032
202211,분당선,강남구청,5967,7226,13193
202211,분당선,개포동,3160,3006,6166
202211,분당선,구룡,2109,1761,3870
202211,분당선,구성,3917,3978,7895
202211,분당선,기흥,7941,7248,15189
202211,분당선,대모산입구,3637,3434,7071
202211,분당선,도곡,6085,5399,11484
202211,분당선,망포,10972,9794,20766
202211,분당선,매교,3275,3192,6467
202211,분당선,매탄권선,4102,3664,7766
202211,분당선,모란,16817,17064,33881
202211,분당선,미금,11036,11716,22752
202211,분당선,보정,1866,1686,3552
202211,분당선,상갈,4119,4159,8278
202211,분당선,서울숲,10570,11163,21733
202211,분당선,서현,20687,20472,41159
202211,분당선,선릉,5906,9159,15065
202211,분당선,선정릉,3870,3783,7653
202211,분당선,수내,9853,9139,18992
202211,분당선,수서,12166,12540,24706
202211,분당선,수원,8246,7088,15334
202211,분당선,수원시청,12404,14621,27025
202211,분당선,신갈,3170,3155,6325
202211,분당선,압구정로데오,20455,24600,45055
202211,분당선,야탑,20058,21061,41119
202211,분당선,영통,7617,7496,15113
202211,분당선,오리,8374,7010,15384
202211,분당선,이매,4490,4496,8986
202211,분당선,정자,11839,12295,24134
202211,분당선,죽전,10971,12089,23060
202211,분당선,청명,3070,2976,6046
202211,분당선,태평,11398,10948,22346
202211,분당선,한티,12686,12629,25315
202211,수인선,고색,2920,2869,5789
202211,수인선,남동인더스파크,1010,929,1939
202211,수인선,달월,84,96,180
202211,수인선,사리,4019,3218,7237
202211,수인선,소래포구,5805,5952,11757
202211,수인선,송도,2067,1970,4037
202211,수인선,숭의,2832,2543,5375
202211,수인선,신포,1575,1582,3157
202211,수인선,야목,249,231,480
202211,수인선,어천,1012,866,1878
202211,수인선,연수,4219,4355,8574
202211,수인선,오목천,2859,2296,5155
202211,수인선,원인재,3916,3942,7858
202211,수인선,월곶,2429,2234,4663
202211,수인선,인천,1121,1989,3110
202211,수인선,인천논현,4659,4820,9479
202211,수인선,인하대,4787,4337,9124
202211,수인선,호구포,2832,2703,5535
202211,신림선,관악산,3013,3243,6256
202211,신림선,당곡,3079,2791,5870
202211,신림선,대방,2711,1644,4355
202211,신림선,보라매,2687,2185,4872
202211,신림선,보라매공원,1393,1478,2871
202211,신림선,보라매병원,3384,3433,6817
202211,신림선,샛강,1042,1419,2461
202211,신림선,서울대벤처타운,6726,5959,12685
202211,신림선,서울지방병무청,1903,2114,4017
202211,신림선,서원,2500,2020,4520
202211,신림선,신림,1293,1904,3197
202211,안산선,고잔,7672,7683,15355
202211,안산선,대야미,4326,3743,8069
202211,안산선,반월,3692,3424,7116
202211,안산선,산본,14059,14752,28811
202211,안산선,상록수,13539,13649,27188
202211,안산선,수리산,3030,2706,5736
202211,안산선,신길온천,1714,1662,3376
202211,안산선,안산,10419,11070,21489
202211,안산선,오이도,8020,8201,16221
202211,안산선,정왕,7511,7534,15045
202211,안산선,중앙,17990,18658,36648
202211,안산선,초지,4182,3926,8108
202211,안산선,한대앞,8429,8243,16672
202211,우이신설선,4.19민주묘지,2580,2278,4858
202211,우이신설선,가오리,3275,3069,6344
202211,우이신설선,보문,1228,1256,2484
202211,우이신설선,북한산보국문,5459,4712,10171
202211,우이신설선,북한산우이,3768,3844,7612
202211,우이신설선,삼양,1504,1599,3103
202211,우이신설선,삼양사거리,1975,1973,3948
202211,우이신설선,성신여대입구,3014,3489,6503
202211,우이신설선,솔밭공원,1966,1861,3827
202211,우이신설선,솔샘,4238,3713,7951
202211,우이신설선,신설동,1556,1537,3093
202211,우이신설선,정릉,4125,3398,7523
202211,우이신설선,화계,2735,2538,5273
202211,일산선,대곡,1519,1263,2782
202211,일산선,대화,9816,8590,18406
202211,일산선,마두,5488,5551,11039
202211,일산선,백석,8098,8118,16216
202211,일산선,삼송,15766,14903,30669
202211,일산선,원당,8997,8395,17392
202211,일산선,원흥,8647,8012,16659
202211,일산선,정발산,7215,7801,15016
202211,일산선,주엽,7372,7271,14643
202211,일산선,지축,1,0,1
202211,일산선,화정,13699,14077,27776
202211,장항선,배방,1163,1224,2387
202211,장항선,봉명,793,761,1554
202211,장항선,신창,1427,1349,2776
202211,장항선,쌍용,2027,1735,3762
202211,장항선,아산,4158,3784,7942
202211,장항선,온양온천,4635,4809,9444
202211,장항선,탕정,995,924,1919
202211,중앙선,구리,11118,11500,22618
202211,중앙선,국수,653,729,1382
202211,중앙선,덕소,4823,4708,9531
202211,중앙선,도농,8481,7923,16404
202211,중앙선,도심,1683,1406,3089
202211,중앙선,망우,6836,6725,13561
202211,중앙선,상봉,5169,5135,10304
202211,중앙선,신원,227,168,395
202211,중앙선,아신,591,565,1156
202211,중앙선,양수,2162,2211,4373
202211,중앙선,양원,2067,1946,4013
202211,중앙선,양정,516,453,969
202211,중앙선,양평,2915,3052,5967
202211,중앙선,오빈,304,329,633
202211,중앙선,용문,1997,2265,4262
202211,중앙선,운길산,952,904,1856
202211,중앙선,원덕,371,440,811
202211,중앙선,중랑,4853,4668,9521
202211,중앙선,지평,58,65,123
202211,중앙선,팔당,1141,1239,2380
202211,중앙선,회기,25579,23867,49446
202211,1호선,동대문,10078,10531,20609
202211,1호선,동묘앞,12529,12967,25496
202211,1호선,서울역,37098,36697,73795
202211,1호선,시청,11330,10527,21857
202211,1호선,신설동,8296,8240,16536
202211,1호선,제기동,10332,10799,21131
202211,1호선,종각,16128,13784,29912
202211,1호선,종로3가,17583,15368,32951
202211,1호선,종로5가,11554,11007,22561
202211,1호선,청량리,13556,14087,27643
202211,2호선,강남,35616,34378,69994
202211,2호선,강변,25384,25806,51190
202211,2호선,건대입구,28819,29558,58377
202211,2호선,교대,11499,13009,24508
202211,2호선,구로디지털단지,26365,25692,52057
202211,2호선,구의,12385,12446,24831
202211,2호선,낙성대,16701,17590,34291
202211,2호선,당산,9846,10604,20450
202211,2호선,대림,16325,16858,33183
202211,2호선,도림천,528,596,1124
202211,2호선,동대문역사문화공원,9563,11674,21237
202211,2호선,뚝섬,13142,12809,25951
202211,2호선,문래,8740,9389,18129
202211,2호선,방배,7487,7847,15334
202211,2호선,봉천,12896,12631,25527
202211,2호선,사당,25399,27994,53393
202211,2호선,삼성,25349,24459,49808
202211,2호선,상왕십리,7434,7466,14900
202211,2호선,서울대입구,27782,28044,55826
202211,2호선,서초,13519,12440,25959
202211,2호선,선릉,15251,12929,28180
202211,2호선,성수,18917,20934,39851
202211,2호선,시청,8501,6524,15025
202211,2호선,신답,805,839,1644
202211,2호선,신당,8773,9314,18087
202211,2호선,신대방,15834,15382,31216
202211,2호선,신도림,32152,32542,64694
202211,2호선,신림,37316,36425,73741
202211,2호선,신설동,3371,3412,6783
202211,2호선,신정네거리,5590,5663,11253
202211,2호선,신촌,25272,24880,50152
202211,2호선,아현,5960,5825,11785
202211,2호선,양천구청,3856,3878,7734
202211,2호선,역삼,12249,13340,25589
202211,2호선,영등포구청,9264,9509,18773
202211,2호선,왕십리,11338,10001,21339
202211,2호선,용답,1782,1928,3710
202211,2호선,용두,1160,1085,2245
202211,2호선,을지로3가,10556,10486,21042
202211,2호선,을지로4가,4852,4952,9804
202211,2호선,을지로입구,24363,22517,46880
202211,2호선,이대,10944,11754,22698
202211,2호선,잠실,58247,54472,112719
202211,2호선,잠실나루,5693,5801,11494
202211,2호선,잠실새내,13149,13376,26525
202211,2호선,종합운동장,5894,6434,12328
202211,2호선,충정로,4553,5002,9555
202211,2호선,한양대,14200,15240,29440
202211,2호선,합정,23688,24862,48550
202211,2호선,홍대입구,59512,59305,118817
202211,3호선,가락시장,4361,4461,8822
202211,3호선,경복궁,16153,17762,33915
202211,3호선,경찰병원,2964,3039,6003
202211,3호선,고속터미널,49712,46632,96344
202211,3호선,교대,5104,3152,8256
202211,3호선,구파발,12045,12468,24513
202211,3호선,금호,4515,4218,8733
202211,3호선,남부터미널,17000,18255,35255
202211,3호선,녹번,7945,7102,15047
202211,3호선,대청,4474,4441,8915
202211,3호선,대치,5554,5190,10744
202211,3호선,도곡,2218,2460,4678
202211,3호선,독립문,4566,5190,9756
202211,3호선,동대입구,6377,7648,14025
202211,3호선,매봉,4409,4267,8676
202211,3호선,무악재,2209,2336,4545
202211,3호선,불광,10117,11163,21280
202211,3호선,수서,11778,12004,23782
202211,3호선,신사,14849,14756,29605
202211,3호선,안국,16683,18045,34728
202211,3호선,압구정,16379,17122,33501
202211,3호선,약수,7283,7037,14320
202211,3호선,양재,15210,17091,32301
202211,3호선,연신내,21812,20419,42231
202211,3호선,오금,2944,2899,5843
202211,3호선,옥수,5173,5217,10390
202211,3호선,을지로3가,4304,3726,8030
202211,3호선,일원,3928,4109,8037
202211,3호선,잠원,2365,2277,4642
202211,3호선,종로3가,4631,5877,10508
202211,3호선,지축,3131,2883,6014
202211,3호선,충무로,1,0,1
202211,3호선,학여울,1286,1248,2534
202211,3호선,홍제,10102,9655,19757
202211,4호선,길음,12058,11724,23782
202211,4호선,남태령,925,601,1526
202211,4호선,노원,12485,13718,26203
202211,4호선,당고개,5994,5718,11712
202211,4호선,동대문,8483,9108,17591
202211,4호선,동대문역사문화공원,11885,10160,22045
202211,4호선,동작,1039,1122,2161
202211,4호선,명동,21043,22701,43744
202211,4호선,미아,8742,8242,16984
202211,4호선,미아사거리,16813,16070,32883
202211,4호선,사당,18647,17193,35840
202211,4호선,삼각지,3535,4570,8105
202211,4호선,상계,11161,10325,21486
202211,4호선,서울역,5669,15971,21640
202211,4호선,성신여대입구,13338,12930,26268
202211,4호선,수유,21160,20700,41860
202211,4호선,숙대입구,9297,9021,18318
202211,4호선,신용산,10195,10220,20415
202211,4호선,쌍문,17576,15927,33503
202211,4호선,이촌,7090,7796,14886
202211,4호선,창동,15816,16358,32174
202211,4호선,총신대입구,10974,12010,22984
202211,4호선,충무로,9827,10652,20479
202211,4호선,한성대입구,8514,8383,16897
202211,4호선,혜화,27271,28399,55670
202211,4호선,회현,11675,12040,23715
202211,5호선,강동,9764,9649,19413
202211,5호선,강일,2659,2546,5205
202211,5호선,개롱,3184,3584,6768
202211,5호선,개화산,2775,2741,5516
202211,5호선,거여,4811,4777,9588
202211,5호선,고덕,4525,4543,9068
202211,5호선,공덕,5319,5571,10890
202211,5호선,광나루,9284,9089,18373
202211,5호선,광화문,14813,15083,29896
202211,5호선,군자,7009,7974,14983
202211,5호선,굽은다리,5559,5305,10864
202211,5호선,길동,4299,4382,8681
202211,5호선,김포공항,6418,6620,13038
202211,5호선,까치산,16393,15771,32164
202211,5호선,답십리,8156,7516,15672
202211,5호선,동대문역사문화공원,1068,1194,2262
202211,5호선,둔촌동,4824,4850,9674
202211,5호선,마곡,3872,4036,7908
202211,5호선,마장,3155,3074,6229
202211,5호선,마천,3785,4094,7879
202211,5호선,마포,5559,5801,11360
202211,5호선,명일,5296,5334,10630
202211,5호선,목동,8187,8464,16651
202211,5호선,미사,9415,9538,18953
202211,5호선,발산,10778,11136,21914
202211,5호선,방이,4288,3999,8287
202211,5호선,방화,3647,3558,7205
202211,5호선,상일동,6702,6650,13352
202211,5호선,서대문,6009,5922,11931
202211,5호선,송정,3743,3715,7458
202211,5호선,신금호,3095,3447,6542
202211,5호선,신길,2179,2329,4508
202211,5호선,신정,6688,5962,12650
202211,5호선,아차산,10434,10217,20651
202211,5호선,애오개,2809,2863,5672
202211,5호선,양평,2889,2859,5748
202211,5호선,여의나루,10634,13158,23792
202211,5호선,여의도,10867,10645,21512
202211,5호선,영등포구청,1567,1425,2992
202211,5호선,영등포시장,6656,7131,13787
202211,5호선,오금,1641,1506,3147
202211,5호선,오목교,11941,12309,24250
202211,5호선,올림픽공원,4647,3712,8359
202211,5호선,왕십리,2637,3141,5778
202211,5호선,우장산,7249,7362,14611
202211,5호선,을지로4가,2192,2216,4408
202211,5호선,장한평,8889,8791,17680
202211,5호선,종로3가,10945,9695,20640
202211,5호선,천호,13592,12575,26167
202211,5호선,청구,1937,1858,3795
202211,5호선,충정로,1673,1565,3238
202211,5호선,하남검단산,4868,4781,9649
202211,5호선,하남시청,4381,4349,8730
202211,5호선,하남풍산,2397,2340,4737
202211,5호선,행당,4356,3965,8321
202211,5호선,화곡,14908,14169,29077
202211,6호선,고려대,4785,4654,9439
202211,6호선,공덕,7695,6988,14683
202211,6호선,광흥창,4362,4204,8566
202211,6호선,구산,4187,3151,7338
202211,6호선,녹사평,3407,3471,6878
202211,6호선,대흥,4204,4409,8613
202211,6호선,독바위,1551,1849,3400
202211,6호선,돌곶이,6730,6296,13026
202211,6호선,동묘앞,6714,6468,13182
202211,6호선,디지털미디어시티,5937,6288,12225
202211,6호선,마포구청,7522,6764,14286
202211,6호선,망원,10237,10839,21076
202211,6호선,버티고개,1067,1161,2228
202211,6호선,보문,4235,4107,8342
202211,6호선,봉화산,4114,4114,8228
202211,6호선,불광,3108,2829,5937
202211,6호선,삼각지,4291,3321,7612
202211,6호선,상수,7136,7860,14996
202211,6호선,상월곡,3533,3233,6766
202211,6호선,새절,6848,6423,13271
202211,6호선,석계,6763,7000,13763
202211,6호선,신당,4593,5075,9668
202211,6호선,안암,6398,6944,13342
202211,6호선,약수,1852,1819,3671
202211,6호선,역촌,2115,2496,4611
202211,6호선,월곡,5589,5532,11121
202211,6호선,월드컵경기장,3535,3763,7298
202211,6호선,응암,9661,9706,19367
202211,6호선,이태원,8250,7542,15792
202211,6호선,증산,5728,5760,11488
202211,6호선,창신,1712,1503,3215
202211,6호선,청구,1911,1832,3743
202211,6호선,태릉입구,3468,3750,7218
202211,6호선,한강진,6185,6999,13184
202211,6호선,합정,9842,9073,18915
202211,6호선,화랑대,5532,5085,10617
202211,6호선,효창공원앞,3570,3294,6864
202211,7호선,가산디지털단지,11845,10928,22773
202211,7호선,강남구청,6195,6907,13102
202211,7호선,건대입구,8371,9259,17630
202211,7호선,고속터미널,16639,10304,26943
202211,7호선,공릉,7056,7088,14144
202211,7호선,광명사거리,12653,12662,25315
202211,7호선,군자,8840,6648,15488
202211,7호선,남구로,7202,7112,14314
202211,7호선,남성,5999,5814,11813
202211,7호선,내방,5532,5603,11135
202211,7호선,노원,11549,11555,23104
202211,7호선,논현,6035,6153,12188
202211,7호선,대림,8538,7888,16426
202211,7호선,도봉산,5291,7566,12857
202211,7호선,뚝섬유원지,5972,5576,11548
202211,7호선,마들,6436,5900,12336
202211,7호선,먹골,5750,5643,11393
202211,7호선,면목,8316,8112,16428
202211,7호선,반포,3339,3214,6553
202211,7호선,보라매,4001,4149,8150
202211,7호선,사가정,9092,9008,18100
202211,7호선,상도,8075,7996,16071
202211,7호선,상봉,10098,9339,19437
202211,7호선,수락산,8284,8208,16492
202211,7호선,숭실대입구,6589,6963,13552
202211,7호선,신대방삼거리,7992,8204,16196
202211,7호선,신풍,6483,6086,12569
202211,7호선,어린이대공원,11891,11198,23089
202211,7호선,온수,4367,4346,8713
202211,7호선,용마산,3360,3563,6923
202211,7호선,이수,9279,8696,17975
202211,7호선,장승배기,4822,4726,9548
202211,7호선,장암,1464,909,2373
202211,7호선,중계,7205,6647,13852
202211,7호선,중곡,5702,5455,11157
202211,7호선,중화,5984,5794,11778
202211,7호선,천왕,5483,5380,10863
202211,7호선,철산,11588,11555,23143
202211,7호선,청담,7726,8243,15969
202211,7호선,태릉입구,5398,5243,10641
202211,7호선,하계,9876,9445,19321
202211,7호선,학동,7737,8123,15860
202211,8호선,가락시장,3506,4227,7733
202211,8호선,강동구청,4684,4741,9425
202211,8호선,남위례,3131,3215,6346
202211,8호선,남한산성입구,6877,6422,13299
202211,8호선,단대오거리,5922,5705,11627
202211,8호선,모란,2772,2322,5094
202211,8호선,몽촌토성,3616,3700,7316
202211,8호선,문정,6454,6899,13353
202211,8호선,복정,5160,4891,10051
202211,8호선,산성,3216,3347,6563
202211,8호선,석촌,4339,5683,10022
202211,8호선,송파,4421,4486,8907
202211,8호선,수진,3146,2870,6016
202211,8호선,신흥,3105,3226,6331
202211,8호선,암사,9325,8788,18113
202211,8호선,잠실,11644,13177,24821
202211,8호선,장지,9851,9666,19517
202211,8호선,천호,9135,10409,19544
202211,9호선,가양,11993,11755,23748
202211,9호선,개화,1186,950,2136
202211,9호선,고속터미널,13221,19001,32222
202211,9호선,공항시장,1739,1921,3660
202211,9호선,구반포,756,814,1570
202211,9호선,국회의사당,8784,8499,17283
202211,9호선,김포공항,6909,9411,16320
202211,9호선,노들,3085,2576,5661
202211,9호선,노량진,15979,17070,33049
202211,9호선,당산,10724,10236,20960
202211,9호선,동작,1337,1124,2461
202211,9호선,등촌,5460,5470,10930
202211,9호선,마곡나루,6221,6166,12387
202211,9호선,사평,1949,1938,3887
202211,9호선,샛강,2135,1823,3958
202211,9호선,선유도,2957,2904,5861
202211,9호선,신논현,16868,16148,33016
202211,9호선,신목동,2024,1838,3862
202211,9호선,신반포,2345,2418,4763
202211,9호선,신방화,3580,3662,7242
202211,9호선,양천향교,4273,4521,8794
202211,9호선,여의도,12832,11042,23874
202211,9호선,염창,9411,9360,18771
202211,9호선,증미,2581,2483,5064
202211,9호선,흑석,8668,7799,16467
202211,9호선2~3단계,둔촌오륜,636,640,1276
202211,9호선2~3단계,봉은사,9895,10404,20299
202211,9호선2~3단계,삼성중앙,2346,2467,4813
202211,9호선2~3단계,삼전,3916,3773,7689
202211,9호선2~3단계,석촌,5635,4864,10499
202211,9호선2~3단계,석촌고분,3527,3480,7007
202211,9호선2~3단계,선정릉,3225,3634,6859
202211,9호선2~3단계,송파나루,3286,3656,6942
202211,9호선2~3단계,언주,4441,4397,8838
202211,9호선2~3단계,올림픽공원,8793,9764,18557
202211,9호선2~3단계,종합운동장,2556,2277,4833
202211,9호선2~3단계,중앙보훈병원,4123,3893,8016
202211,9호선2~3단계,한성백제,1717,1578,3295
202211,경강선,경기광주,4488,4522,9010
202211,경강선,곤지암,1786,1882,3668
202211,경강선,부발,1809,2224,4033
202211,경강선,삼동,1195,1182,2377
202211,경강선,세종대왕릉,330,355,685
202211,경강선,신둔도예촌,1163,1168,2331
202211,경강선,여주,2513,2501,5014
202211,경강선,이매,738,566,1304
202211,경강선,이천,2526,2778,5304
202211,경강선,초월,1849,1816,3665
202211,경강선,판교,3013,2782,5795
202211,경부선,가산디지털단지,5293,7270,12563
202211,경부선,관악,5237,4771,10008
202211,경부선,광명,3236,2268,5504
202211,경부선,구로,10798,11078,21876
202211,경부선,군포,3393,3249,6642
202211,경부선,금정,16872,16738,33610
202211,경부선,금천구청,6593,6413,13006
202211,경부선,남영,5401,5707,11108
202211,경부선,노량진,6725,6942,13667
202211,경부선,당정,3202,3162,6364
202211,경부선,대방,5821,6742,12563
202211,경부선,독산,6818,6605,13423
202211,경부선,두정,5123,7168,12291
202211,경부선,명학,3406,3258,6664
202211,경부선,병점,10418,11207,21625
202211,경부선,서동탄,846,857,1703
202211,경부선,서울역,11024,2487,13511
202211,경부선,서정리,5416,8466,13882
202211,경부선,석수,5304,5058,10362
202211,경부선,성균관대,8483,8942,17425
202211,경부선,성환,2953,3699,6652
202211,경부선,세류,2423,2432,4855
202211,경부선,세마,1890,1795,3685
202211,경부선,송탄,3855,4981,8836
202211,경부선,수원,37197,36151,73348
202211,경부선,신길,5025,4561,9586
202211,경부선,신도림,2611,2861,5472
202211,경부선,안양,14940,14163,29103
202211,경부선,영등포,37886,36160,74046
202211,경부선,오산,8437,8795,17232
202211,경부선,오산대,2268,2129,4397
202211,경부선,용산,39103,36084,75187
202211,경부선,의왕,4352,4314,8666
202211,경부선,직산,644,739,1383
202211,경부선,진위,975,1040,2015
202211,경부선,천안,7258,7917,15175
202211,경부선,평택,12990,14927,27917
202211,경부선,평택지제,3329,3360,6689
202211,경부선,화서,4683,4628,9311
202211,경원선,가능,4073,3859,7932
202211,경원선,광운대,5739,5681,11420
202211,경원선,녹양,3020,2827,5847
202211,경원선,녹천,2752,2352,5104
202211,경원선,덕계,2049,1900,3949
202211,경원선,덕정,3621,3804,7425
202211,경원선,도봉,3544,3393,6937
202211,경원선,도봉산,8410,5907,14317
202211,경원선,동두천,1500,1961,3461
202211,경원선,동두천중앙,2289,2091,4380
202211,경원선,망월사,4734,4909,9643
202211,경원선,방학,6072,5785,11857
202211,경원선,보산,1345,1637,2982
202211,경원선,서빙고,1749,1892,3641
202211,경원선,석계,5358,5798,11156
202211,경원선,소요산,3583,3014,6597
202211,경원선,신이문,5479,4891,10370
202211,경원선,양주,5371,5363,10734
202211,경원선,옥수,65,37,102
202211,경원선,왕십리,11929,11812,23741
202211,경원선,외대앞,8818,8250,17068
202211,경원선,월계,4039,3642,7681
202211,경원선,응봉,1203,1085,2288
202211,경원선,의정부,15488,15234,30722
202211,경원선,이촌,2708,1991,4699
202211,경원선,지행,4652,4791,9443
202211,경원선,청량리,15540,14362,29902
202211,경원선,한남,1913,1913,3826
202211,경원선,회룡,7963,7671,15634
202211,경의선,가좌,3310,3349,6659
202211,경의선,강매,1644,1527,3171
202211,경의선,곡산,338,344,682
202211,경의선,공덕,2235,1634,3869
202211,경의선,금릉,3309,3233,6542
202211,경의선,금촌,4688,4980,9668
202211,경의선,능곡,2284,2182,4466
202211,경의선,디지털미디어시티,1629,1483,3112
202211,경의선,문산,5968,6197,12165
202211,경의선,백마,3780,3646,7426
202211,경의선,서강대,1330,1346,2676
202211,경의선,서울역,1402,1334,2736
202211,경의선,수색,972,1003,1975
202211,경의선,신촌,398,405,803
202211,경의선,야당,5608,5424,11032
202211,경의선,운정,3928,3698,7626
202211,경의선,월롱,993,2062,3055
202211,경의선,일산,5284,4942,10226
202211,경의선,임진강,52,59,111
202211,경의선,탄현,4441,4012,8453
202211,경의선,파주,875,794,1669
202211,경의선,풍산,3814,3578,7392
202211,경의선,행신,5200,4753,9953
202211,경의선,홍대입구,1916,2210,4126
202211,경의선,화전,965,1075,2040
202211,경의선,효창공원앞,1463,1751,3214
202211,경인선,간석,3290,3068,6358
202211,경인선,개봉,12620,12285,24905
202211,경인선,구일,3203,3188,6391
202211,경인선,도원,1916,1884,3800
202211,경인선,도화,2312,2161,4473
202211,경인선,동암,10671,10335,21006
202211,경인선,동인천,9646,9442,19088
202211,경인선,백운,4065,3959,8024
202211,경인선,부개,5024,4667,9691
202211,경인선,부천,22128,21493,43621
202211,경인선,부평,22843,22709,45552
202211,경인선,소사,5894,5884,11778
202211,경인선,송내,14282,13934,28216
202211,경인선,역곡,15307,15144,30451
202211,경인선,오류동,7611,6967,14578
202211,경인선,온수,4010,3688,7698
202211,경인선,인천,3703,2965,6668
202211,경인선,제물포,5568,5350,10918
202211,경인선,주안,12365,11208,23573
202211,경인선,중동,5221,4786,10007
202211,경춘선,가평,1872,1493,3365
202211,경춘선,갈매,1474,1240,2714
202211,경춘선,강촌,651,421,1072
202211,경춘선,굴봉산,175,123,298
202211,경춘선,금곡,944,825,1769
202211,경춘선,김유정,380,389,769
202211,경춘선,남춘천,3067,3741,6808
202211,경춘선,대성리,927,431,1358
202211,경춘선,마석,2562,2341,4903
202211,경춘선,백양리,131,88,219
202211,경춘선,별내,1960,1614,3574
202211,경춘선,사릉,1358,1416,2774
202211,경춘선,상천,320,290,610
202211,경춘선,신내,1055,986,2041
202211,경춘선,천마산,1129,1024,2153
202211,경춘선,청평,1737,1303,3040
202211,경춘선,춘천,1629,1674,3303
202211,경춘선,퇴계원,2187,2122,4309
202211,경춘선,평내호평,3591,3267,6858
202211,공항철도 1호선,검암,3812,3878,7690
202211,공항철도 1호선,계양,6492,5938,12430
202211,공항철도 1호선,공덕,1356,2065,3421
202211,공항철도 1호선,공항화물청사,1066,1123,2189
202211,공항철도 1호선,김포공항,9606,5755,15361
202211,공항철도 1호선,디지털미디어시티,4451,4415,8866
202211,공항철도 1호선,마곡나루,3141,3558,6699
202211,공항철도 1호선,서울역,11331,10587,21918
202211,공항철도 1호선,영종,2837,2821,5658
202211,공항철도 1호선,운서,6304,7034,13338
202211,공항철도 1호선,인천공항1터미널,10043,9552,19595
202211,공항철도 1호선,인천공항2터미널,3601,3631,7232
202211,공항철도 1호선,청라국제도시,3727,3549,7276
202211,공항철도 1호선,홍대입구,12622,11289,23911
202211,과천선,경마공원,15377,15611,30988
202211,과천선,과천,4062,3889,7951
202211,과천선,대공원,5237,5190,10427
202211,과천선,범계,16371,15774,32145
202211,과천선,선바위,4389,3863,8252
202211,과천선,인덕원,14182,14538,28720
202211,과천선,정부과천청사,4788,4716,9504
202211,과천선,평촌,7542,7178,14720
202211,분당선,가천대,4240,5185,9425
202211,분당선,강남구청,3403,4141,7544
202211,분당선,개포동,2366,2263,4629
202211,분당선,구룡,957,1084,2041
202211,분당선,구성,2636,2816,5452
202211,분당선,기흥,5357,5151,10508
202211,분당선,대모산입구,2495,2433,4928
202211,분당선,도곡,3224,3219,6443
202211,분당선,망포,6861,7163,14024
202211,분당선,매교,2216,2184,4400
202211,분당선,매탄권선,2951,2794,5745
202211,분당선,모란,11849,12139,23988
202211,분당선,미금,7924,8488,16412
202211,분당선,보정,1304,1259,2563
202211,분당선,복정,2,0,2
202211,분당선,상갈,3089,3178,6267
202211,분당선,서울숲,7443,7947,15390
202211,분당선,서현,15214,15246,30460
202211,분당선,선릉,3112,4676,7788
202211,분당선,선정릉,2054,2116,4170
202211,분당선,수내,6382,6218,12600
202211,분당선,수서,9525,9373,18898
202211,분당선,수원,6355,5485,11840
202211,분당선,수원시청,8328,8335,16663
202211,분당선,신갈,2182,2274,4456
202211,분당선,압구정로데오,11607,12801,24408
202211,분당선,야탑,14801,15249,30050
202211,분당선,영통,5469,5528,10997
202211,분당선,오리,5605,4882,10487
202211,분당선,이매,3845,4098,7943
202211,분당선,정자,7892,8210,16102
202211,분당선,죽전,7747,8847,16594
202211,분당선,청명,2207,2378,4585
202211,분당선,태평,8729,8230,16959
202211,분당선,한티,8541,8485,17026
202211,수인선,고색,1882,1955,3837
202211,수인선,남동인더스파크,678,735,1413
202211,수인선,달월,43,55,98
202211,수인선,사리,2888,2457,5345
202211,수인선,소래포구,4368,4169,8537
202211,수인선,송도,1608,1590,3198
202211,수인선,숭의,2082,1912,3994
202211,수인선,신포,1152,1138,2290
202211,수인선,야목,232,193,425
202211,수인선,어천,719,844,1563
202211,수인선,연수,3381,3306,6687
202211,수인선,오목천,1866,1831,3697
202211,수인선,원인재,3006,3052,6058
202211,수인선,월곶,1868,1788,3656
202211,수인선,인천,1063,1540,2603
202211,수인선,인천논현,2984,3001,5985
202211,수인선,인하대,3154,3209,6363
202211,수인선,호구포,2176,2166,4342
202211,신림선,관악산,2695,2915,5610
202211,신림선,당곡,2280,2285,4565
202211,신림선,대방,1719,1235,2954
202211,신림선,보라매,1792,1662,3454
202211,신림선,보라매공원,1071,1097,2168
202211,신림선,보라매병원,1963,1914,3877
202211,신림선,샛강,846,1093,1939
202211,신림선,서울대벤처타운,5055,4875,9930
202211,신림선,서울지방병무청,1412,1653,3065
202211,신림선,서원,1869,1676,3545
202211,신림선,신림,1048,1576,2624
202211,안산선,고잔,5530,5325,10855
202211,안산선,대야미,3187,2931,6118
202211,안산선,반월,2671,2655,5326
202211,안산선,산본,9518,9972,19490
202211,안산선,상록수,10622,10608,21230
202211,안산선,수리산,2235,2122,4357
202211,안산선,신길온천,1293,1225,2518
202211,안산선,안산,11065,9849,20914
202211,안산선,오이도,6259,5805,12064
202211,안산선,정왕,6398,6988,13386
202211,안산선,중앙,13088,12711,25799
202211,안산선,초지,2716,2600,5316
202211,안산선,한대앞,5874,5901,11775
202211,우이신설선,4.19민주묘지,3755,3123,6878
202211,우이신설선,가오리,2447,2314,4761
202211,우이신설선,보문,1058,1049,2107
202211,우이신설선,북한산보국문,4138,3769,7907
202211,우이신설선,북한산우이,3310,3270,6580
202211,우이신설선,삼양,1222,1201,2423
202211,우이신설선,삼양사거리,1590,1585,3175
202211,우이신설선,성신여대입구,2204,2636,4840
202211,우이신설선,솔밭공원,1649,1468,3117
202211,우이신설선,솔샘,3101,2819,5920
202211,우이신설선,신설동,1274,1238,2512
202211,우이신설선,정릉,3145,2597,5742
202211,우이신설선,화계,2234,2107,4341
202211,일산선,대곡,1193,975,2168
202211,일산선,대화,6919,6074,12993
202211,일산선,마두,3658,3609,7267
202211,일산선,백석,6012,5826,11838
202211,일산선,삼송,11366,11160,22526
202211,일산선,원당,6308,6052,12360
202211,일산선,원흥,6190,6026,12216
202211,일산선,정발산,5696,5713,11409
202211,일산선,주엽,5004,4941,9945
202211,일산선,지축,1,0,1
202211,일산선,화정,9634,9760,19394
202211,장항선,배방,882,993,1875
202211,장항선,봉명,603,632,1235
202211,장항선,신창,1215,2214,3429
202211,장항선,쌍용,1433,1558,2991
202211,장항선,아산,4646,2933,7579
202211,장항선,온양온천,4023,4062,8085
202211,장항선,탕정,733,787,1520
202211,중앙선,구리,7911,8168,16079
202211,중앙선,국수,569,551,1120
202211,중앙선,덕소,3469,3460,6929
202211,중앙선,도농,6075,5939,12014
202211,중앙선,도심,1216,1076,2292
202211,중앙선,망우,5017,4964,9981
202211,중앙선,상봉,4049,4370,8419
202211,중앙선,신원,205,153,358
202211,중앙선,아신,548,650,1198
202211,중앙선,양수,1686,1501,3187
202211,중앙선,양원,1515,1469,2984
202211,중앙선,양정,415,343,758
202211,중앙선,양평,2470,2153,4623
202211,중앙선,오빈,227,212,439
202211,중앙선,용문,1778,1493,3271
202211,중앙선,운길산,798,781,1579
202211,중앙선,원덕,380,304,684
202211,중앙선,중랑,3722,3543,7265
202211,중앙선,지평,61,57,118
202211,중앙선,팔당,1024,1085,2109
202211,중앙선,회기,19082,19016,38098
202212,1호선,동대문,10753,10472,21225
202212,1호선,동묘앞,10814,11252,22066
202212,1호선,서울역,43273,43138,86411
202212,1호선,시청,18774,18675,37449
202212,1호선,신설동,10474,9767,20241
202212,1호선,제기동,14942,15155,30097
202212,1호선,종각,25092,24106,49198
202212,1호선,종로3가,26930,25154,52084
202212,1호선,종로5가,21076,21086,42162
202212,1호선,청량리,18413,18561,36974
202212,2호선,강남,60929,60698,121627
202212,2호선,강변,31431,30966,62397
202212,2호선,건대입구,35093,38638,73731
202212,2호선,교대,18801,22002,40803
202212,2호선,구로디지털단지,37591,37204,74795
202212,2호선,구의,17815,17032,34847
202212,2호선,낙성대,22384,20761,43145
202212,2호선,당산,13988,15414,29402
202212,2호선,대림,18608,19631,38239
202212,2호선,도림천,857,880,1737
202212,2호선,동대문역사문화공원,11889,13509,25398
202212,2호선,뚝섬,15682,15723,31405
202212,2호선,문래,14235,15228,29463
202212,2호선,방배,12224,12701,24925
202212,2호선,봉천,18344,16595,34939
202212,2호선,사당,38646,43386,82032
202212,2호선,삼성,39530,39275,78805
202212,2호선,상왕십리,10337,9700,20037
202212,2호선,서울대입구,38207,36856,75063
202212,2호선,서초,13921,11955,25876
202212,2호선,선릉,26869,23492,50361
202212,2호선,성수,24434,27450,51884
202212,2호선,시청,14094,10985,25079
202212,2호선,신답,1147,1112,2259
202212,2호선,신당,11419,12228,23647
202212,2호선,신대방,20750,19527,40277
202212,2호선,신도림,45718,47044,92762
202212,2호선,신림,49644,47198,96842
202212,2호선,신설동,3426,3385,6811
202212,2호선,신정네거리,7782,7758,15540
202212,2호선,신촌,34916,35470,70386
202212,2호선,아현,8109,7554,15663
202212,2호선,양천구청,4746,4755,9501
202212,2호선,역삼,19962,21788,41750
202212,2호선,영등포구청,14072,15156,29228
202212,2호선,왕십리,14620,13404,28024
202212,2호선,용답,2300,2195,4495
202212,2호선,용두,1750,1709,3459
202212,2호선,을지로3가,14022,13805,27827
202212,2호선,을지로4가,8731,9370,18101
202212,2호선,을지로입구,35378,33748,69126
202212,2호선,이대,12595,13177,25772
202212,2호선,잠실,76307,74591,150898
202212,2호선,잠실나루,8296,8049,16345
202212,2호선,잠실새내,18687,19124,37811
202212,2호선,종합운동장,10424,11518,21942
202212,2호선,충정로,6735,6805,13540
202212,2호선,한양대,6031,6356,12387
202212,2호선,합정,32091,36141,68232
202212,2호선,홍대입구,74179,82462,156641
202212,3호선,가락시장,7238,6982,14220
202212,3호선,경복궁,19148,20008,39156
202212,3호선,경찰병원,4485,4390,8875
202212,3호선,고속터미널,58489,57572,116061
202212,3호선,교대,8568,5122,13690
202212,3호선,구파발,15574,15756,31330
202212,3호선,금호,6125,5330,11455
202212,3호선,남부터미널,23859,23470,47329
202212,3호선,녹번,11465,9914,21379
202212,3호선,대청,6479,6124,12603
202212,3호선,대치,8953,8354,17307
202212,3호선,도곡,3685,4015,7700
202212,3호선,독립문,5980,6218,12198
202212,3호선,동대입구,9005,10161,19166
202212,3호선,매봉,6511,6293,12804
202212,3호선,무악재,3198,3141,6339
202212,3호선,불광,13534,15110,28644
202212,3호선,수서,16216,15857,32073
202212,3호선,신사,24948,26438,51386
202212,3호선,안국,21128,23604,44732
202212,3호선,압구정,27607,30017,57624
202212,3호선,약수,9793,9233,19026
202212,3호선,양재,23252,25551,48803
202212,3호선,연신내,29309,27701,57010
202212,3호선,오금,3987,3750,7737
202212,3호선,옥수,7119,7283,14402
202212,3호선,을지로3가,6319,6463,12782
202212,3호선,일원,5664,5526,11190
202212,3호선,잠원,3624,3486,7110
202212,3호선,종로3가,6449,9767,16216
202212,3호선,지축,4360,4100,8460
202212,3호선,충무로,3,0,3
202212,3호선,학여울,4553,4916,9469
202212,3호선,홍제,14245,13360,27605
202212,4호선,길음,16465,15442,31907
202212,4호선,남태령,1325,806,2131
202212,4호선,노원,16410,18597,35007
202212,4호선,당고개,7446,7036,14482
202212,4호선,동대문,14098,14863,28961
202212,4호선,동대문역사문화공원,14525,12332,26857
202212,4호선,동작,1039,1186,2225
202212,4호선,명동,28509,32899,61408
202212,4호선,미아,12026,11109,23135
202212,4호선,미아사거리,23297,22389,45686
202212,4호선,사당,26159,23896,50055
202212,4호선,삼각지,5011,6471,11482
202212,4호선,상계,14641,13467,28108
202212,4호선,서울역,7668,18644,26312
202212,4호선,성신여대입구,17378,16545,33923
202212,4호선,수유,28221,27919,56140
202212,4호선,숙대입구,11667,11086,22753
202212,4호선,신용산,13833,14690,28523
202212,4호선,쌍문,22980,20515,43495
202212,4호선,이촌,9344,9717,19061
202212,4호선,창동,20436,21507,41943
202212,4호선,총신대입구,15103,16698,31801
202212,4호선,충무로,16352,17308,33660
202212,4호선,한성대입구,11455,11156,22611
202212,4호선,혜화,32932,33657,66589
202212,4호선,회현,23677,24674,48351
202212,5호선,강동,14402,13819,28221
202212,5호선,강일,3555,3172,6727
202212,5호선,개롱,4318,4621,8939
202212,5호선,개화산,3896,3809,7705
202212,5호선,거여,6883,6384,13267
202212,5호선,고덕,6873,6458,13331
202212,5호선,공덕,8598,9155,17753
202212,5호선,광나루,11157,10441,21598
202212,5호선,광화문,19126,19169,38295
202212,5호선,군자,9020,10103,19123
202212,5호선,굽은다리,7493,7008,14501
202212,5호선,길동,6281,6434,12715
202212,5호선,김포공항,7418,7554,14972
202212,5호선,까치산,22247,20734,42981
202212,5호선,답십리,11249,10148,21397
202212,5호선,동대문역사문화공원,1406,1746,3152
202212,5호선,둔촌동,6810,6975,13785
202212,5호선,마곡,6033,6091,12124
202212,5호선,마장,4422,4248,8670
202212,5호선,마천,4990,5105,10095
202212,5호선,마포,9292,9422,18714
202212,5호선,명일,6438,6119,12557
202212,5호선,목동,11727,11668,23395
202212,5호선,미사,12962,12876,25838
202212,5호선,발산,16027,17517,33544
202212,5호선,방이,5705,5562,11267
202212,5호선,방화,4933,4658,9591
202212,5호선,상일동,9584,9079,18663
202212,5호선,서대문,8604,8313,16917
202212,5호선,송정,5268,5014,10282
202212,5호선,신금호,4378,4555,8933
202212,5호선,신길,2957,3014,5971
202212,5호선,신정,9545,8115,17660
202212,5호선,아차산,11912,11621,23533
202212,5호선,애오개,3849,3654,7503
202212,5호선,양평,3880,3610,7490
202212,5호선,여의나루,9580,13309,22889
202212,5호선,여의도,15382,16185,31567
202212,5호선,영등포구청,2792,2227,5019
202212,5호선,영등포시장,9916,10260,20176
202212,5호선,오금,2206,2018,4224
202212,5호선,오목교,16669,17322,33991
202212,5호선,올림픽공원,4937,4359,9296
202212,5호선,왕십리,3675,4592,8267
202212,5호선,우장산,10209,10095,20304
202212,5호선,을지로4가,3810,4318,8128
202212,5호선,장한평,12772,12547,25319
202212,5호선,종로3가,14701,15127,29828
202212,5호선,천호,17785,16923,34708
202212,5호선,청구,2555,2373,4928
202212,5호선,충정로,2103,1922,4025
202212,5호선,하남검단산,5700,5531,11231
202212,5호선,하남시청,5964,5663,11627
202212,5호선,하남풍산,2800,2872,5672
202212,5호선,행당,5803,5016,10819
202212,5호선,화곡,21121,19080,40201
202212,6호선,고려대,5854,5616,11470
202212,6호선,공덕,11513,10853,22366
202212,6호선,광흥창,5447,5115,10562
202212,6호선,구산,5828,4219,10047
202212,6호선,녹사평,4544,4737,9281
202212,6호선,대흥,6273,6262,12535
202212,6호선,독바위,1953,2189,4142
202212,6호선,돌곶이,6965,6172,13137
202212,6호선,동묘앞,7910,7605,15515
202212,6호선,디지털미디어시티,7973,8239,16212
202212,6호선,마포구청,10035,8641,18676
202212,6호선,망원,13310,14342,27652
202212,6호선,버티고개,1515,1539,3054
202212,6호선,보문,5457,4805,10262
202212,6호선,봉화산,5686,5469,11155
202212,6호선,불광,3905,3467,7372
202212,6호선,삼각지,6721,5271,11992
202212,6호선,상수,9239,11721,20960
202212,6호선,상월곡,4423,3779,8202
202212,6호선,새절,9032,8464,17496
202212,6호선,석계,9194,9049,18243
202212,6호선,신내,1,0,1
202212,6호선,신당,6824,6264,13088
202212,6호선,안암,7326,7120,14446
202212,6호선,약수,2574,2649,5223
202212,6호선,역촌,2796,3273,6069
202212,6호선,월곡,7907,7682,15589
202212,6호선,월드컵경기장,4716,5005,9721
202212,6호선,응암,13263,13109,26372
202212,6호선,이태원,10274,10937,21211
202212,6호선,증산,7752,7450,15202
202212,6호선,창신,2352,1937,4289
202212,6호선,청구,2495,2322,4817
202212,6호선,태릉입구,4353,4703,9056
202212,6호선,한강진,7668,9227,16895
202212,6호선,합정,13010,12829,25839
202212,6호선,화랑대,8029,6205,14234
202212,6호선,효창공원앞,5075,4555,9630
202212,7호선,가산디지털단지,16142,14452,30594
202212,7호선,강남구청,10938,12416,23354
202212,7호선,건대입구,12239,12617,24856
202212,7호선,고속터미널,18574,13822,32396
202212,7호선,공릉,9180,8967,18147
202212,7호선,광명사거리,16934,17228,34162
202212,7호선,군자,11723,8752,20475
202212,7호선,남구로,8402,8673,17075
202212,7호선,남성,8232,7592,15824
202212,7호선,내방,8515,8478,16993
202212,7호선,노원,16202,16842,33044
202212,7호선,논현,10535,11260,21795
202212,7호선,대림,7722,8135,15857
202212,7호선,도봉산,6088,8258,14346
202212,7호선,뚝섬유원지,6151,5837,11988
202212,7호선,마들,9494,8685,18179
202212,7호선,먹골,8108,7690,15798
202212,7호선,면목,11270,10782,22052
202212,7호선,반포,4940,4759,9699
202212,7호선,보라매,5723,5786,11509
202212,7호선,사가정,12991,12307,25298
202212,7호선,상도,8789,8039,16828
202212,7호선,상봉,14123,13559,27682
202212,7호선,수락산,10488,10039,20527
202212,7호선,숭실대입구,9606,9106,18712
202212,7호선,신대방삼거리,11027,10201,21228
202212,7호선,신풍,8857,8339,17196
202212,7호선,어린이대공원,11425,10767,22192
202212,7호선,온수,5836,5664,11500
202212,7호선,용마산,4514,4388,8902
202212,7호선,이수,13741,12633,26374
202212,7호선,장승배기,6655,6350,13005
202212,7호선,장암,1614,1035,2649
202212,7호선,중계,9605,8484,18089
202212,7호선,중곡,7194,6797,13991
202212,7호선,중화,8079,7689,15768
202212,7호선,천왕,7196,6735,13931
202212,7호선,철산,16516,16695,33211
202212,7호선,청담,12145,13603,25748
202212,7호선,태릉입구,7178,6603,13781
202212,7호선,하계,13094,11870,24964
202212,7호선,학동,11744,12670,24414
202212,8호선,가락시장,6416,6878,13294
202212,8호선,강동구청,6697,6541,13238
202212,8호선,남위례,4529,4554,9083
202212,8호선,남한산성입구,9445,8298,17743
202212,8호선,단대오거리,8089,7548,15637
202212,8호선,모란,3870,3243,7113
202212,8호선,몽촌토성,4875,4946,9821
202212,8호선,문정,9644,9762,19406
202212,8호선,복정,6407,5227,11634
202212,8호선,산성,4142,4054,8196
202212,8호선,석촌,6092,7410,13502
202212,8호선,송파,6720,6375,13095
202212,8호선,수진,4444,3977,8421
202212,8호선,신흥,4138,4328,8466
202212,8호선,암사,13141,12036,25177
202212,8호선,잠실,16122,18343,34465
202212,8호선,장지,13235,12313,25548
202212,8호선,천호,12577,14706,27283
202212,9호선,가양,15565,14839,30404
202212,9호선,개화,1444,1142,2586
202212,9호선,고속터미널,15557,23330,38887
202212,9호선,공항시장,2279,2281,4560
202212,9호선,구반포,1336,1406,2742
202212,9호선,국회의사당,8225,7633,15858
202212,9호선,김포공항,7509,10688,18197
202212,9호선,노들,3517,2903,6420
202212,9호선,노량진,23720,23504,47224
202212,9호선,당산,15101,13943,29044
202212,9호선,동작,1366,1139,2505
202212,9호선,등촌,7560,7051,14611
202212,9호선,마곡나루,8776,8373,17149
202212,9호선,사평,2574,2424,4998
202212,9호선,샛강,3169,3053,6222
202212,9호선,선유도,4230,3868,8098
202212,9호선,신논현,27310,27581,54891
202212,9호선,신목동,2648,2190,4838
202212,9호선,신반포,3363,3347,6710
202212,9호선,신방화,4939,4807,9746
202212,9호선,양천향교,5960,5734,11694
202212,9호선,여의도,17075,15196,32271
202212,9호선,염창,13190,12073,25263
202212,9호선,증미,3670,3376,7046
202212,9호선,흑석,6758,6699,13457
202212,9호선2~3단계,둔촌오륜,694,680,1374
202212,9호선2~3단계,봉은사,16408,17682,34090
202212,9호선2~3단계,삼성중앙,3804,4131,7935
202212,9호선2~3단계,삼전,5480,4954,10434
202212,9호선2~3단계,석촌,7821,6486,14307
202212,9호선2~3단계,석촌고분,4915,4642,9557
202212,9호선2~3단계,선정릉,5141,5850,10991
202212,9호선2~3단계,송파나루,4726,5213,9939
202212,9호선2~3단계,언주,7881,7810,15691
202212,9호선2~3단계,올림픽공원,10355,10623,20978
202212,9호선2~3단계,종합운동장,5756,5324,11080
202212,9호선2~3단계,중앙보훈병원,5644,5181,10825
202212,9호선2~3단계,한성백제,2116,1884,4000
202212,경강선,경기광주,6003,5538,11541
202212,경강선,곤지암,1924,1974,3898
202212,경강선,부발,2160,1950,4110
202212,경강선,삼동,1614,1439,3053
202212,경강선,세종대왕릉,364,375,739
202212,경강선,신둔도예촌,1452,1345,2797
202212,경강선,여주,2620,2798,5418
202212,경강선,이매,872,669,1541
202212,경강선,이천,3109,3155,6264
202212,경강선,초월,2474,2203,4677
202212,경강선,판교,3419,3335,6754
202212,경부선,가산디지털단지,7004,9401,16405
202212,경부선,관악,6364,6171,12535
202212,경부선,광명,3407,2957,6364
202212,경부선,구로,14306,15211,29517
202212,경부선,군포,4319,3953,8272
202212,경부선,금정,21270,21132,42402
202212,경부선,금천구청,8942,8875,17817
202212,경부선,남영,7498,7596,15094
202212,경부선,노량진,10362,10364,20726
202212,경부선,당정,4366,4069,8435
202212,경부선,대방,7152,8368,15520
202212,경부선,독산,9643,9266,18909
202212,경부선,두정,6452,6442,12894
202212,경부선,명학,4800,4604,9404
202212,경부선,병점,14130,13579,27709
202212,경부선,서동탄,1018,1068,2086
202212,경부선,서울역,10349,2770,13119
202212,경부선,서정리,8707,6549,15256
202212,경부선,석수,7060,6626,13686
202212,경부선,성균관대,11353,11310,22663
202212,경부선,성환,3413,3124,6537
202212,경부선,세류,2764,2812,5576
202212,경부선,세마,2541,2329,4870
202212,경부선,송탄,5477,4620,10097
202212,경부선,수원,41484,44568,86052
202212,경부선,신길,6464,5355,11819
202212,경부선,신도림,3173,3297,6470
202212,경부선,안양,19779,19739,39518
202212,경부선,영등포,48662,50369,99031
202212,경부선,오산,10253,9891,20144
202212,경부선,오산대,3014,2775,5789
202212,경부선,용산,43174,44617,87791
202212,경부선,의왕,5960,5876,11836
202212,경부선,직산,771,737,1508
202212,경부선,진위,1196,982,2178
202212,경부선,천안,7197,7359,14556
202212,경부선,평택,14894,14431,29325
202212,경부선,평택지제,4337,3697,8034
202212,경부선,화서,6307,6149,12456
202212,경원선,가능,5455,5153,10608
202212,경원선,광운대,5739,5673,11412
202212,경원선,녹양,3761,3500,7261
202212,경원선,녹천,3280,2752,6032
202212,경원선,덕계,2700,2414,5114
202212,경원선,덕정,4906,4471,9377
202212,경원선,도봉,4465,4202,8667
202212,경원선,도봉산,7646,5047,12693
202212,경원선,동두천,1663,1850,3513
202212,경원선,동두천중앙,2649,2593,5242
202212,경원선,망월사,6136,6068,12204
202212,경원선,방학,7676,7432,15108
202212,경원선,보산,2103,2025,4128
202212,경원선,서빙고,1496,1468,2964
202212,경원선,석계,6985,7605,14590
202212,경원선,소요산,2755,2389,5144
202212,경원선,신이문,6453,5823,12276
202212,경원선,양주,6588,6137,12725
202212,경원선,옥수,30,28,58
202212,경원선,왕십리,14522,15543,30065
202212,경원선,외대앞,7565,7172,14737
202212,경원선,월계,4935,4449,9384
202212,경원선,응봉,1399,1278,2677
202212,경원선,의정부,19251,20421,39672
202212,경원선,이촌,3000,2484,5484
202212,경원선,지행,6170,5989,12159
202212,경원선,창동,1,0,1
202212,경원선,청량리,17221,17838,35059
202212,경원선,한남,2775,2731,5506
202212,경원선,회룡,10167,9953,20120
202212,경의선,가좌,4303,4018,8321
202212,경의선,강매,2181,1966,4147
202212,경의선,계양,1,0,1
202212,경의선,곡산,411,405,816
202212,경의선,공덕,3545,2500,6045
202212,경의선,금릉,4275,4029,8304
202212,경의선,금촌,6084,5822,11906
202212,경의선,능곡,2843,2754,5597
202212,경의선,디지털미디어시티,2250,1840,4090
202212,경의선,문산,4977,4564,9541
202212,경의선,백마,4730,4482,9212
202212,경의선,서강대,1823,1794,3617
202212,경의선,서울역,1629,1659,3288
202212,경의선,수색,1539,1554,3093
202212,경의선,신촌,395,457,852
202212,경의선,야당,6954,7071,14025
202212,경의선,운정,5250,4723,9973
202212,경의선,월롱,1719,1522,3241
202212,경의선,일산,7429,7242,14671
202212,경의선,임진강,46,34,80
202212,경의선,탄현,5812,5434,11246
202212,경의선,파주,1035,753,1788
202212,경의선,풍산,4667,4515,9182
202212,경의선,행신,5782,5847,11629
202212,경의선,홍대입구,2035,2779,4814
202212,경의선,화전,1223,1104,2327
202212,경의선,효창공원앞,1935,2047,3982
202212,경인선,간석,4702,4504,9206
202212,경인선,개봉,17614,16960,34574
202212,경인선,구일,9337,9746,19083
202212,경인선,도원,2247,2244,4491
202212,경인선,도화,3165,2892,6057
202212,경인선,동암,13881,13972,27853
202212,경인선,동인천,11907,11624,23531
202212,경인선,백운,5580,5598,11178
202212,경인선,부개,6727,6306,13033
202212,경인선,부천,29907,30866,60773
202212,경인선,부평,29561,32473,62034
202212,경인선,소사,7820,7546,15366
202212,경인선,송내,19886,19541,39427
202212,경인선,역곡,21242,20925,42167
202212,경인선,오류동,9522,8703,18225
202212,경인선,온수,5066,4639,9705
202212,경인선,인천,3760,3200,6960
202212,경인선,제물포,7928,7431,15359
202212,경인선,주안,17666,15402,33068
202212,경인선,중동,7146,6690,13836
202212,경춘선,가평,1675,1841,3516
202212,경춘선,갈매,2157,1846,4003
202212,경춘선,강촌,387,386,773
202212,경춘선,굴봉산,79,113,192
202212,경춘선,금곡,1054,976,2030
202212,경춘선,김유정,337,389,726
202212,경춘선,남춘천,3002,3132,6134
202212,경춘선,대성리,669,611,1280
202212,경춘선,마석,3540,3224,6764
202212,경춘선,백양리,117,89,206
202212,경춘선,별내,2200,2020,4220
202212,경춘선,사릉,1593,1604,3197
202212,경춘선,상천,226,231,457
202212,경춘선,신내,1246,1194,2440
202212,경춘선,천마산,1343,1245,2588
202212,경춘선,청평,1520,1546,3066
202212,경춘선,춘천,1559,1328,2887
202212,경춘선,퇴계원,2638,2392,5030
202212,경춘선,평내호평,4679,4337,9016
202212,공항철도 1호선,검암,4781,4731,9512
202212,공항철도 1호선,계양,8476,7599,16075
202212,공항철도 1호선,공덕,1991,3252,5243
202212,공항철도 1호선,공항화물청사,1306,1305,2611
202212,공항철도 1호선,김포공항,10227,5020,15247
202212,공항철도 1호선,디지털미디어시티,7106,6538,13644
202212,공항철도 1호선,마곡나루,3730,4179,7909
202212,공항철도 1호선,서울역,11657,11016,22673
202212,공항철도 1호선,영종,3451,3418,6869
202212,공항철도 1호선,운서,7655,7780,15435
202212,공항철도 1호선,인천공항1터미널,10131,9480,19611
202212,공항철도 1호선,인천공항2터미널,3908,3374,7282
202212,공항철도 1호선,청라국제도시,4685,4462,9147
202212,공항철도 1호선,홍대입구,14191,14266,28457
202212,과천선,경마공원,11289,11363,22652
202212,과천선,과천,5073,4776,9849
202212,과천선,대공원,3238,3477,6715
202212,과천선,범계,22475,22366,44841
202212,과천선,선바위,5882,5012,10894
202212,과천선,인덕원,18602,18305,36907
202212,과천선,정부과천청사,7103,6980,14083
202212,과천선,평촌,10635,10399,21034
202212,분당선,가천대,6051,6435,12486
202212,분당선,강남구청,5423,6637,12060
202212,분당선,개포동,2853,2794,5647
202212,분당선,구룡,1636,1452,3088
202212,분당선,구성,3557,3674,7231
202212,분당선,기흥,7347,6982,14329
202212,분당선,대모산입구,3256,2995,6251
202212,분당선,도곡,5303,4926,10229
202212,분당선,망포,10231,9523,19754
202212,분당선,매교,3156,3062,6218
202212,분당선,매탄권선,3936,3624,7560
202212,분당선,모란,16432,16825,33257
202212,분당선,미금,10928,11482,22410
202212,분당선,보정,1715,1595,3310
202212,분당선,복정,1,0,1
202212,분당선,상갈,4078,4020,8098
202212,분당선,서울숲,8032,8445,16477
202212,분당선,서현,19822,19835,39657
202212,분당선,선릉,5630,8674,14304
202212,분당선,선정릉,3599,3567,7166
202212,분당선,수내,9288,8550,17838
202212,분당선,수서,11438,12080,23518
202212,분당선,수원,8018,6711,14729
202212,분당선,수원시청,12664,14241,26905
202212,분당선,신갈,3067,3019,6086
202212,분당선,압구정로데오,18561,22275,40836
202212,분당선,야탑,19674,20941,40615
202212,분당선,영통,7490,7474,14964
202212,분당선,오리,8495,6984,15479
202212,분당선,이매,4330,4288,8618
202212,분당선,정자,11687,12000,23687
202212,분당선,죽전,10423,11732,22155
202212,분당선,청명,3096,3006,6102
202212,분당선,태평,11288,10634,21922
202212,분당선,한티,11450,11270,22720
202212,수인선,고색,2834,2763,5597
202212,수인선,남동인더스파크,937,912,1849
202212,수인선,달월,82,73,155
202212,수인선,사리,3813,3196,7009
202212,수인선,소래포구,4856,4951,9807
202212,수인선,송도,2031,1945,3976
202212,수인선,숭의,2808,2589,5397
202212,수인선,신포,1480,1570,3050
202212,수인선,야목,289,251,540
202212,수인선,어천,956,754,1710
202212,수인선,연수,4148,4288,8436
202212,수인선,오목천,2656,2184,4840
202212,수인선,원인재,3819,3942,7761
202212,수인선,월곶,2197,2082,4279
202212,수인선,인천,982,1656,2638
202212,수인선,인천논현,4319,4564,8883
202212,수인선,인하대,5334,4662,9996
202212,수인선,호구포,2783,2688,5471
202212,신림선,관악산,2009,2137,4146
202212,신림선,당곡,3015,2739,5754
202212,신림선,대방,2433,1499,3932
202212,신림선,보라매,2441,2095,4536
202212,신림선,보라매공원,1183,1208,2391
202212,신림선,보라매병원,2829,2891,5720
202212,신림선,샛강,909,1233,2142
202212,신림선,서울대벤처타운,6406,5753,12159
202212,신림선,서울지방병무청,1869,2095,3964
202212,신림선,서원,2404,1907,4311
202212,신림선,신림,1256,1650,2906
202212,안산선,고잔,7563,7759,15322
202212,안산선,대야미,4009,3601,7610
202212,안산선,반월,3630,3390,7020
202212,안산선,산본,13672,14647,28319
202212,안산선,상록수,13464,13196,26660
202212,안산선,수리산,2907,2436,5343
202212,안산선,신길온천,1605,1542,3147
202212,안산선,안산,9983,10475,20458
202212,안산선,오이도,7391,7453,14844
202212,안산선,정왕,7085,7104,14189
202212,안산선,중앙,17210,17997,35207
202212,안산선,초지,3793,3591,7384
202212,안산선,한대앞,8290,8212,16502
202212,우이신설선,4.19민주묘지,2245,2108,4353
202212,우이신설선,가오리,3074,2887,5961
202212,우이신설선,보문,1256,1195,2451
202212,우이신설선,북한산보국문,5190,4355,9545
202212,우이신설선,북한산우이,2979,2921,5900
202212,우이신설선,삼양,1439,1496,2935
202212,우이신설선,삼양사거리,1867,1865,3732
202212,우이신설선,성신여대입구,2779,3292,6071
202212,우이신설선,솔밭공원,1952,1788,3740
202212,우이신설선,솔샘,4107,3644,7751
202212,우이신설선,신설동,1485,1457,2942
202212,우이신설선,정릉,3845,3125,6970
202212,우이신설선,화계,2564,2329,4893
202212,일산선,대곡,1396,1198,2594
202212,일산선,대화,15652,13627,29279
202212,일산선,마두,5483,5534,11017
202212,일산선,백석,8262,8292,16554
202212,일산선,삼송,15247,14528,29775
202212,일산선,원당,8748,8132,16880
202212,일산선,원흥,8632,8050,16682
202212,일산선,정발산,7037,7283,14320
202212,일산선,주엽,7365,7302,14667
202212,일산선,화정,13754,13882,27636
202212,장항선,배방,1086,1051,2137
202212,장항선,봉명,779,769,1548
202212,장항선,신창,1189,1144,2333
202212,장항선,쌍용,1845,1676,3521
202212,장항선,아산,3651,3377,7028
202212,장항선,온양온천,4193,4529,8722
202212,장항선,탕정,1037,853,1890
202212,중앙선,구리,10900,11105,22005
202212,중앙선,국수,617,634,1251
202212,중앙선,덕소,4538,4640,9178
202212,중앙선,도농,7946,7379,15325
202212,중앙선,도심,1599,1323,2922
202212,중앙선,망우,6567,6502,13069
202212,중앙선,상봉,4754,4755,9509
202212,중앙선,신원,166,148,314
202212,중앙선,아신,503,571,1074
202212,중앙선,양수,1677,1776,3453
202212,중앙선,양원,1987,1859,3846
202212,중앙선,양정,475,402,877
202212,중앙선,양평,3506,3634,7140
202212,중앙선,오빈,270,302,572
202212,중앙선,용문,1722,2046,3768
202212,중앙선,운길산,685,685,1370
202212,중앙선,원덕,373,375,748
202212,중앙선,중랑,4626,4412,9038
202212,중앙선,지평,48,51,99
202212,중앙선,팔당,921,988,1909
202212,중앙선,회기,23912,22273,46185
202212,1호선,동대문,9798,10143,19941
202212,1호선,동묘앞,11606,11578,23184
202212,1호선,서울역,34521,33377,67898
202212,1호선,시청,10321,9414,19735
202212,1호선,신설동,7731,7746,15477
202212,1호선,제기동,9797,10278,20075
202212,1호선,종각,14567,13355,27922
202212,1호선,종로3가,15829,13930,29759
202212,1호선,종로5가,11474,10462,21936
202212,1호선,청량리,12552,12922,25474
202212,2호선,강남,34183,32736,66919
202212,2호선,강변,23633,24303,47936
202212,2호선,건대입구,25489,26878,52367
202212,2호선,교대,10919,12117,23036
202212,2호선,구로디지털단지,25856,25364,51220
202212,2호선,구의,12056,12324,24380
202212,2호선,낙성대,16231,17297,33528
202212,2호선,당산,9085,9768,18853
202212,2호선,대림,15815,16103,31918
202212,2호선,도림천,487,546,1033
202212,2호선,동대문역사문화공원,9813,11437,21250
202212,2호선,뚝섬,10998,11122,22120
202212,2호선,문래,9064,9546,18610
202212,2호선,방배,7216,7546,14762
202212,2호선,봉천,12793,12491,25284
202212,2호선,사당,24777,27217,51994
202212,2호선,삼성,30610,29186,59796
202212,2호선,상왕십리,7138,7108,14246
202212,2호선,서울대입구,26948,27516,54464
202212,2호선,서초,14222,13255,27477
202212,2호선,선릉,14521,12409,26930
202212,2호선,성수,17409,18526,35935
202212,2호선,시청,8215,5888,14103
202212,2호선,신답,819,889,1708
202212,2호선,신당,8639,9158,17797
202212,2호선,신대방,15395,14968,30363
202212,2호선,신도림,31390,32053,63443
202212,2호선,신림,36529,35352,71881
202212,2호선,신설동,3223,3271,6494
202212,2호선,신정네거리,5546,5722,11268
202212,2호선,신촌,24345,24146,48491
202212,2호선,아현,5576,5618,11194
202212,2호선,양천구청,3418,3516,6934
202212,2호선,역삼,12085,12882,24967
202212,2호선,영등포구청,8969,9661,18630
202212,2호선,왕십리,9917,9166,19083
202212,2호선,용답,1859,1941,3800
202212,2호선,용두,1304,1239,2543
202212,2호선,을지로3가,10125,9945,20070
202212,2호선,을지로4가,4547,4672,9219
202212,2호선,을지로입구,24868,23382,48250
202212,2호선,이대,8326,9300,17626
202212,2호선,잠실,56586,53147,109733
202212,2호선,잠실나루,5393,5486,10879
202212,2호선,잠실새내,11835,12053,23888
202212,2호선,종합운동장,5829,6690,12519
202212,2호선,충정로,4268,4589,8857
202212,2호선,한양대,2870,3277,6147
202212,2호선,합정,24309,24571,48880
202212,2호선,홍대입구,56542,55513,112055
202212,3호선,가락시장,4117,4316,8433
202212,3호선,경복궁,13389,14071,27460
202212,3호선,경찰병원,3035,3090,6125
202212,3호선,고속터미널,48488,46063,94551
202212,3호선,교대,4671,2884,7555
202212,3호선,구파발,11723,12306,24029
202212,3호선,금호,4292,4041,8333
202212,3호선,남부터미널,16047,17349,33396
202212,3호선,녹번,7671,6891,14562
202212,3호선,대청,4460,4498,8958
202212,3호선,대치,5511,5100,10611
202212,3호선,도곡,2223,2458,4681
202212,3호선,독립문,4145,4409,8554
202212,3호선,동대입구,5401,6011,11412
202212,3호선,매봉,4323,4330,8653
202212,3호선,무악재,2081,2101,4182
202212,3호선,불광,9713,10945,20658
202212,3호선,수서,11377,11947,23324
202212,3호선,신사,14191,14239,28430
202212,3호선,안국,14920,15375,30295
202212,3호선,압구정,16524,16907,33431
202212,3호선,약수,7182,6943,14125
202212,3호선,양재,15160,17103,32263
202212,3호선,연신내,20820,19638,40458
202212,3호선,오금,2971,2963,5934
202212,3호선,옥수,4838,5030,9868
202212,3호선,을지로3가,4217,3746,7963
202212,3호선,일원,4026,4131,8157
202212,3호선,잠원,2258,2151,4409
202212,3호선,종로3가,4298,5711,10009
202212,3호선,지축,2970,2743,5713
202212,3호선,충무로,1,0,1
202212,3호선,학여울,3221,3413,6634
202212,3호선,홍제,9680,9274,18954
202212,4호선,길음,10960,11065,22025
202212,4호선,남태령,782,537,1319
202212,4호선,노원,11916,12865,24781
202212,4호선,당고개,5763,5465,11228
202212,4호선,동대문,7986,8834,16820
202212,4호선,동대문역사문화공원,11402,10209,21611
202212,4호선,동작,648,757,1405
202212,4호선,명동,21332,23153,44485
202212,4호선,미아,8559,8007,16566
202212,4호선,미아사거리,16488,15775,32263
202212,4호선,사당,17646,16336,33982
202212,4호선,삼각지,3362,4640,8002
202212,4호선,상계,10511,9752,20263
202212,4호선,서울역,5221,14230,19451
202212,4호선,성신여대입구,12455,12364,24819
202212,4호선,수유,20903,20305,41208
202212,4호선,숙대입구,8480,8044,16524
202212,4호선,신용산,10682,10863,21545
202212,4호선,쌍문,16664,14921,31585
202212,4호선,이촌,6305,6628,12933
202212,4호선,창동,15375,15919,31294
202212,4호선,총신대입구,10234,11154,21388
202212,4호선,충무로,9484,10289,19773
202212,4호선,한성대입구,7868,7911,15779
202212,4호선,혜화,25087,25612,50699
202212,4호선,회현,12328,11904,24232
202212,5호선,강동,9692,9572,19264
202212,5호선,강일,2653,2469,5122
202212,5호선,개롱,3068,3416,6484
202212,5호선,개화산,2767,2796,5563
202212,5호선,거여,4845,4717,9562
202212,5호선,고덕,4545,4491,9036
202212,5호선,공덕,5062,5173,10235
202212,5호선,광나루,7647,7487,15134
202212,5호선,광화문,12791,13109,25900
202212,5호선,군자,6463,7327,13790
202212,5호선,굽은다리,5743,5577,11320
202212,5호선,길동,4428,4482,8910
202212,5호선,김포공항,6861,6996,13857
202212,5호선,까치산,15970,15372,31342
202212,5호선,답십리,8279,7707,15986
202212,5호선,동대문역사문화공원,998,1138,2136
202212,5호선,둔촌동,5322,5316,10638
202212,5호선,마곡,3804,4002,7806
202212,5호선,마장,3186,3113,6299
202212,5호선,마천,3798,4058,7856
202212,5호선,마포,5521,5582,11103
202212,5호선,명일,5147,5230,10377
202212,5호선,목동,7914,8052,15966
202212,5호선,미사,8905,9156,18061
202212,5호선,발산,10655,10951,21606
202212,5호선,방이,4315,3995,8310
202212,5호선,방화,3516,3591,7107
202212,5호선,상일동,6480,6513,12993
202212,5호선,서대문,5924,5817,11741
202212,5호선,송정,3804,3762,7566
202212,5호선,신금호,2997,3314,6311
202212,5호선,신길,2042,2341,4383
202212,5호선,신정,6417,5782,12199
202212,5호선,아차산,9936,9618,19554
202212,5호선,애오개,2674,2785,5459
202212,5호선,양평,2916,2974,5890
202212,5호선,여의나루,7126,10208,17334
202212,5호선,여의도,11206,10798,22004
202212,5호선,영등포구청,1871,1510,3381
202212,5호선,영등포시장,6716,7159,13875
202212,5호선,오금,1619,1577,3196
202212,5호선,오목교,11325,11866,23191
202212,5호선,올림픽공원,3923,3697,7620
202212,5호선,왕십리,2704,3235,5939
202212,5호선,우장산,7035,7247,14282
202212,5호선,을지로4가,1728,1935,3663
202212,5호선,장한평,8857,8645,17502
202212,5호선,종로3가,10579,8920,19499
202212,5호선,천호,13406,12515,25921
202212,5호선,청구,1801,1801,3602
202212,5호선,충정로,1566,1660,3226
202212,5호선,하남검단산,4544,4561,9105
202212,5호선,하남시청,4506,4417,8923
202212,5호선,하남풍산,2589,2633,5222
202212,5호선,행당,4218,3920,8138
202212,5호선,화곡,14842,14059,28901
202212,6호선,고려대,4303,4321,8624
202212,6호선,공덕,7316,7046,14362
202212,6호선,광흥창,4400,4315,8715
202212,6호선,구산,3995,3162,7157
202212,6호선,녹사평,3072,3093,6165
202212,6호선,대흥,4022,4299,8321
202212,6호선,독바위,1473,1715,3188
202212,6호선,돌곶이,6308,6010,12318
202212,6호선,동묘앞,6291,6247,12538
202212,6호선,디지털미디어시티,5778,6182,11960
202212,6호선,마포구청,6991,6465,13456
202212,6호선,망원,9690,10356,20046
202212,6호선,버티고개,1120,1273,2393
202212,6호선,보문,4083,3863,7946
202212,6호선,봉화산,4050,4083,8133
202212,6호선,불광,3163,2789,5952
202212,6호선,삼각지,4248,3378,7626
202212,6호선,상수,7127,7845,14972
202212,6호선,상월곡,3359,3002,6361
202212,6호선,새절,6508,6344,12852
202212,6호선,석계,6540,6884,13424
202212,6호선,신당,4897,5429,10326
202212,6호선,안암,5014,5656,10670
202212,6호선,약수,1806,1780,3586
202212,6호선,역촌,2074,2335,4409
202212,6호선,월곡,5794,5798,11592
202212,6호선,월드컵경기장,3755,3917,7672
202212,6호선,응암,9572,9802,19374
202212,6호선,이태원,8040,7196,15236
202212,6호선,증산,5626,5737,11363
202212,6호선,창신,1676,1537,3213
202212,6호선,청구,1822,1671,3493
202212,6호선,태릉입구,3280,3542,6822
202212,6호선,한강진,5870,6537,12407
202212,6호선,합정,9777,9026,18803
202212,6호선,화랑대,5252,4848,10100
202212,6호선,효창공원앞,3301,3058,6359
202212,7호선,가산디지털단지,12253,10931,23184
202212,7호선,강남구청,6394,6893,13287
202212,7호선,건대입구,8914,8935,17849
202212,7호선,고속터미널,15169,9778,24947
202212,7호선,공릉,6177,6397,12574
202212,7호선,광명사거리,12381,12104,24485
202212,7호선,군자,8273,6451,14724
202212,7호선,남구로,6918,6785,13703
202212,7호선,남성,5709,5714,11423
202212,7호선,내방,5354,5470,10824
202212,7호선,노원,11689,11501,23190
202212,7호선,논현,5535,5810,11345
202212,7호선,대림,8668,8061,16729
202212,7호선,도봉산,4817,6769,11586
202212,7호선,뚝섬유원지,4407,4298,8705
202212,7호선,마들,6334,5842,12176
202212,7호선,먹골,5474,5467,10941
202212,7호선,면목,7951,7857,15808
202212,7호선,반포,3162,3161,6323
202212,7호선,보라매,3638,3772,7410
202212,7호선,사가정,9179,9034,18213
202212,7호선,상도,6000,6039,12039
202212,7호선,상봉,10205,9491,19696
202212,7호선,수락산,8023,7925,15948
202212,7호선,숭실대입구,5839,6312,12151
202212,7호선,신대방삼거리,7951,7870,15821
202212,7호선,신풍,6601,6251,12852
202212,7호선,어린이대공원,7253,7318,14571
202212,7호선,온수,4102,4068,8170
202212,7호선,용마산,3256,3490,6746
202212,7호선,이수,9190,8396,17586
202212,7호선,장승배기,4708,4741,9449
202212,7호선,장암,1327,978,2305
202212,7호선,중계,7099,6568,13667
202212,7호선,중곡,5437,5269,10706
202212,7호선,중화,5760,5636,11396
202212,7호선,천왕,5004,4804,9808
202212,7호선,철산,11051,11103,22154
202212,7호선,청담,7394,8070,15464
202212,7호선,태릉입구,5213,4959,10172
202212,7호선,하계,9614,9097,18711
202212,7호선,학동,8008,8420,16428
202212,8호선,가락시장,3572,4403,7975
202212,8호선,강동구청,4756,4984,9740
202212,8호선,남위례,2965,3075,6040
202212,8호선,남한산성입구,6763,6406,13169
202212,8호선,단대오거리,6024,5911,11935
202212,8호선,모란,4612,3396,8008
202212,8호선,몽촌토성,3612,3598,7210
202212,8호선,문정,5893,6137,12030
202212,8호선,복정,4967,4584,9551
202212,8호선,산성,2910,3024,5934
202212,8호선,석촌,4316,5508,9824
202212,8호선,송파,4519,4658,9177
202212,8호선,수진,3394,3116,6510
202212,8호선,신흥,3281,3385,6666
202212,8호선,암사,9074,8579,17653
202212,8호선,잠실,12492,13542,26034
202212,8호선,장지,9940,9804,19744
202212,8호선,천호,9442,10589,20031
202212,9호선,가양,12491,11762,24253
202212,9호선,개화,1011,912,1923
202212,9호선,고속터미널,12740,18792,31532
202212,9호선,공항시장,1728,1918,3646
202212,9호선,구반포,487,511,998
202212,9호선,국회의사당,5831,5446,11277
202212,9호선,김포공항,6823,9533,16356
202212,9호선,노들,2852,2530,5382
202212,9호선,노량진,15993,16437,32430
202212,9호선,당산,10436,10139,20575
202212,9호선,동작,1000,746,1746
202212,9호선,등촌,5186,5496,10682
202212,9호선,마곡나루,6207,6101,12308
202212,9호선,사평,1605,1704,3309
202212,9호선,샛강,1943,1756,3699
202212,9호선,선유도,2833,2784,5617
202212,9호선,신논현,16652,15566,32218
202212,9호선,신목동,1804,1619,3423
202212,9호선,신반포,2155,2190,4345
202212,9호선,신방화,3617,3654,7271
202212,9호선,양천향교,4205,4447,8652
202212,9호선,여의도,13154,10795,23949
202212,9호선,염창,9095,8945,18040
202212,9호선,증미,2500,2557,5057
202212,9호선,흑석,4115,4226,8341
202212,9호선2~3단계,둔촌오륜,658,647,1305
202212,9호선2~3단계,봉은사,12251,13048,25299
202212,9호선2~3단계,삼성중앙,2401,2487,4888
202212,9호선2~3단계,삼전,3723,3872,7595
202212,9호선2~3단계,석촌,5262,4472,9734
202212,9호선2~3단계,석촌고분,3402,3480,6882
202212,9호선2~3단계,선정릉,3283,3588,6871
202212,9호선2~3단계,송파나루,3386,3744,7130
202212,9호선2~3단계,언주,4651,4583,9234
202212,9호선2~3단계,올림픽공원,9464,9490,18954
202212,9호선2~3단계,종합운동장,2851,2568,5419
202212,9호선2~3단계,중앙보훈병원,3833,3569,7402
202212,9호선2~3단계,한성백제,1669,1473,3142
202212,경강선,경기광주,4210,4056,8266
202212,경강선,곤지암,1599,1649,3248
202212,경강선,부발,1616,2151,3767
202212,경강선,삼동,1079,1089,2168
202212,경강선,세종대왕릉,289,296,585
202212,경강선,신둔도예촌,1059,1081,2140
202212,경강선,여주,2068,2225,4293
202212,경강선,이매,687,526,1213
202212,경강선,이천,2237,2378,4615
202212,경강선,초월,1724,1683,3407
202212,경강선,판교,2924,2661,5585
202212,경부선,가산디지털단지,4859,6969,11828
202212,경부선,관악,4848,4625,9473
202212,경부선,광명,3136,2268,5404
202212,경부선,구로,10301,10337,20638
202212,경부선,군포,3200,2963,6163
202212,경부선,금정,15682,15828,31510
202212,경부선,금천구청,6171,6063,12234
202212,경부선,남영,5208,5549,10757
202212,경부선,노량진,6479,6613,13092
202212,경부선,당정,3115,3025,6140
202212,경부선,대방,5462,6403,11865
202212,경부선,독산,6262,6365,12627
202212,경부선,두정,4879,6268,11147
202212,경부선,명학,3363,3102,6465
202212,경부선,병점,9728,10635,20363
202212,경부선,서동탄,753,766,1519
202212,경부선,서울역,9710,2338,12048
202212,경부선,서정리,5041,7878,12919
202212,경부선,석수,5183,4854,10037
202212,경부선,성균관대,8226,8374,16600
202212,경부선,성환,3057,3850,6907
202212,경부선,세류,2317,2166,4483
202212,경부선,세마,1783,1662,3445
202212,경부선,송탄,3712,4794,8506
202212,경부선,수원,35509,34439,69948
202212,경부선,신길,4898,4518,9416
202212,경부선,신도림,2313,2071,4384
202212,경부선,안양,13771,13211,26982
202212,경부선,영등포,38165,36756,74921
202212,경부선,오산,8046,8559,16605
202212,경부선,오산대,2095,1999,4094
202212,경부선,용산,38909,35286,74195
202212,경부선,의왕,4090,4181,8271
202212,경부선,직산,540,636,1176
202212,경부선,진위,950,941,1891
202212,경부선,천안,6557,6773,13330
202212,경부선,평택,12377,13740,26117
202212,경부선,평택지제,3046,3026,6072
202212,경부선,화서,4466,4384,8850
202212,경원선,가능,4034,3651,7685
202212,경원선,광운대,4035,4318,8353
202212,경원선,녹양,3020,2861,5881
202212,경원선,녹천,2396,2088,4484
202212,경원선,덕계,1845,1735,3580
202212,경원선,덕정,3152,3428,6580
202212,경원선,도봉,3306,3098,6404
202212,경원선,도봉산,7369,5000,12369
202212,경원선,동두천,1264,1727,2991
202212,경원선,동두천중앙,2031,1893,3924
202212,경원선,망월사,4474,4702,9176
202212,경원선,방학,5977,5735,11712
202212,경원선,보산,1402,1526,2928
202212,경원선,서빙고,1673,1771,3444
202212,경원선,석계,4914,5311,10225
202212,경원선,소요산,2592,2317,4909
202212,경원선,신이문,4702,4449,9151
202212,경원선,양주,4836,4835,9671
202212,경원선,옥수,50,14,64
202212,경원선,왕십리,11298,12082,23380
202212,경원선,외대앞,5017,5090,10107
202212,경원선,월계,3949,3656,7605
202212,경원선,응봉,1024,877,1901
202212,경원선,의정부,14522,14476,28998
202212,경원선,이촌,2377,1897,4274
202212,경원선,지행,4484,4673,9157
202212,경원선,창동,1,0,1
202212,경원선,청량리,14676,13498,28174
202212,경원선,한남,1800,1853,3653
202212,경원선,회룡,7399,7308,14707
202212,경의선,가좌,2952,2991,5943
202212,경의선,강매,1466,1413,2879
202212,경의선,곡산,276,272,548
202212,경의선,공덕,2255,1661,3916
202212,경의선,금릉,2876,2841,5717
202212,경의선,금촌,4133,4544,8677
202212,경의선,능곡,2129,2004,4133
202212,경의선,디지털미디어시티,1543,1376,2919
202212,경의선,문산,3673,4014,7687
202212,경의선,백마,3438,3084,6522
202212,경의선,서강대,1349,1384,2733
202212,경의선,서울역,1154,1109,2263
202212,경의선,수색,850,884,1734
202212,경의선,신촌,265,293,558
202212,경의선,야당,5034,4856,9890
202212,경의선,운정,3496,3365,6861
202212,경의선,월롱,971,1922,2893
202212,경의선,일산,4791,4480,9271
202212,경의선,임진강,15,13,28
202212,경의선,탄현,4233,3758,7991
202212,경의선,파주,729,660,1389
202212,경의선,풍산,3471,3204,6675
202212,경의선,행신,4894,4561,9455
202212,경의선,홍대입구,1652,2171,3823
202212,경의선,화전,863,932,1795
202212,경의선,효창공원앞,1363,1621,2984
202212,경인선,간석,3169,3014,6183
202212,경인선,개봉,12374,12165,24539
202212,경인선,구일,3040,3098,6138
202212,경인선,도원,1713,1674,3387
202212,경인선,도화,2284,2156,4440
202212,경인선,동암,10222,9760,19982
202212,경인선,동인천,9138,8807,17945
202212,경인선,백운,3875,3847,7722
202212,경인선,부개,4876,4564,9440
202212,경인선,부천,22172,21643,43815
202212,경인선,부평,22485,22200,44685
202212,경인선,소사,5636,5536,11172
202212,경인선,송내,13238,12923,26161
202212,경인선,역곡,15095,14924,30019
202212,경인선,오류동,7383,6881,14264
202212,경인선,온수,3823,3631,7454
202212,경인선,인천,2871,2341,5212
202212,경인선,제물포,5437,5280,10717
202212,경인선,주안,12381,11015,23396
202212,경인선,중동,5001,4733,9734
202212,경춘선,가평,1533,1146,2679
202212,경춘선,갈매,1590,1311,2901
202212,경춘선,강촌,387,313,700
202212,경춘선,굴봉산,124,111,235
202212,경춘선,금곡,800,719,1519
202212,경춘선,김유정,318,303,621
202212,경춘선,남춘천,2156,2710,4866
202212,경춘선,대성리,535,318,853
202212,경춘선,마석,2251,2239,4490
202212,경춘선,백양리,69,56,125
202212,경춘선,별내,1605,1547,3152
202212,경춘선,사릉,1253,1147,2400
202212,경춘선,상천,324,313,637
202212,경춘선,신내,897,811,1708
202212,경춘선,천마산,978,928,1906
202212,경춘선,청평,1377,1102,2479
202212,경춘선,춘천,1383,1306,2689
202212,경춘선,퇴계원,1932,1772,3704
202212,경춘선,평내호평,3289,3024,6313
202212,공항철도 1호선,검암,3602,3450,7052
202212,공항철도 1호선,계양,6128,5823,11951
202212,공항철도 1호선,공덕,1571,2199,3770
202212,공항철도 1호선,공항화물청사,935,1015,1950
202212,공항철도 1호선,김포공항,9204,5004,14208
202212,공항철도 1호선,디지털미디어시티,4368,4217,8585
202212,공항철도 1호선,마곡나루,2317,2699,5016
202212,공항철도 1호선,서울역,10788,9972,20760
202212,공항철도 1호선,영종,2707,2663,5370
202212,공항철도 1호선,운서,6439,6944,13383
202212,공항철도 1호선,인천공항1터미널,9869,9139,19008
202212,공항철도 1호선,인천공항2터미널,4132,3514,7646
202212,공항철도 1호선,청라국제도시,3306,3173,6479
202212,공항철도 1호선,홍대입구,11788,10989,22777
202212,과천선,경마공원,13989,14190,28179
202212,과천선,과천,3878,3557,7435
202212,과천선,대공원,2641,2759,5400
202212,과천선,범계,15383,14948,30331
202212,과천선,선바위,4049,3530,7579
202212,과천선,인덕원,12933,13090,26023
202212,과천선,정부과천청사,4311,4361,8672
202212,과천선,평촌,6965,6541,13506
202212,분당선,가천대,4119,4818,8937
202212,분당선,강남구청,3443,3968,7411
202212,분당선,개포동,2215,2180,4395
202212,분당선,구룡,934,1079,2013
202212,분당선,구성,2512,2678,5190
202212,분당선,기흥,5160,5066,10226
202212,분당선,대모산입구,2561,2474,5035
202212,분당선,도곡,3174,3055,6229
202212,분당선,망포,6680,7154,13834
202212,분당선,매교,2155,2155,4310
202212,분당선,매탄권선,2725,2678,5403
202212,분당선,모란,17027,18057,35084
202212,분당선,미금,7997,8377,16374
202212,분당선,보정,1221,1113,2334
202212,분당선,상갈,2922,3029,5951
202212,분당선,서울숲,5318,5619,10937
202212,분당선,서현,14924,14899,29823
202212,분당선,선릉,3119,4652,7771
202212,분당선,선정릉,2063,2186,4249
202212,분당선,수내,6494,6262,12756
202212,분당선,수서,9372,9101,18473
202212,분당선,수원,6118,5151,11269
202212,분당선,수원시청,8271,8135,16406
202212,분당선,신갈,2198,2226,4424
202212,분당선,압구정로데오,10978,11897,22875
202212,분당선,야탑,15357,15588,30945
202212,분당선,영통,5357,5385,10742
202212,분당선,오리,5377,4565,9942
202212,분당선,이매,3409,3638,7047
202212,분당선,정자,7948,8090,16038
202212,분당선,죽전,8178,9374,17552
202212,분당선,청명,2119,2314,4433
202212,분당선,태평,8780,8525,17305
202212,분당선,한티,7563,7672,15235
202212,수인선,고색,1905,1918,3823
202212,수인선,남동인더스파크,581,594,1175
202212,수인선,달월,35,47,82
202212,수인선,사리,2776,2318,5094
202212,수인선,소래포구,3624,3445,7069
202212,수인선,송도,1497,1429,2926
202212,수인선,숭의,1940,1793,3733
202212,수인선,신포,1125,1149,2274
202212,수인선,야목,191,152,343
202212,수인선,어천,657,783,1440
202212,수인선,연수,3355,3230,6585
202212,수인선,오목천,1763,1743,3506
202212,수인선,원인재,2743,2862,5605
202212,수인선,월곶,1748,1649,3397
202212,수인선,인천,887,1422,2309
202212,수인선,인천논현,3038,3042,6080
202212,수인선,인하대,5174,4215,9389
202212,수인선,호구포,2017,2060,4077
202212,신림선,관악산,2144,2270,4414
202212,신림선,당곡,2315,2354,4669
202212,신림선,대방,1565,1175,2740
202212,신림선,보라매,1628,1525,3153
202212,신림선,보라매공원,890,918,1808
202212,신림선,보라매병원,1968,2036,4004
202212,신림선,샛강,691,920,1611
202212,신림선,서울대벤처타운,4882,4786,9668
202212,신림선,서울지방병무청,1383,1647,3030
202212,신림선,서원,1880,1758,3638
202212,신림선,신림,1028,1486,2514
202212,안산선,고잔,5307,5085,10392
202212,안산선,대야미,2824,2594,5418
202212,안산선,반월,2469,2521,4990
202212,안산선,산본,9280,9793,19073
202212,안산선,상록수,9520,9265,18785
202212,안산선,수리산,2271,2057,4328
202212,안산선,신길온천,1292,1162,2454
202212,안산선,안산,10268,9261,19529
202212,안산선,오이도,5448,5294,10742
202212,안산선,정왕,5627,6124,11751
202212,안산선,중앙,12244,11841,24085
202212,안산선,초지,2601,2495,5096
202212,안산선,한대앞,5821,5710,11531
202212,우이신설선,4.19민주묘지,1793,1660,3453
202212,우이신설선,가오리,2441,2319,4760
202212,우이신설선,보문,999,1020,2019
202212,우이신설선,북한산보국문,3912,3574,7486
202212,우이신설선,북한산우이,2912,2868,5780
202212,우이신설선,삼양,1220,1252,2472
202212,우이신설선,삼양사거리,1516,1496,3012
202212,우이신설선,성신여대입구,2085,2430,4515
202212,우이신설선,솔밭공원,1422,1360,2782
202212,우이신설선,솔샘,2952,2656,5608
202212,우이신설선,신설동,1285,1239,2524
202212,우이신설선,정릉,2915,2482,5397
202212,우이신설선,화계,2119,2000,4119
202212,일산선,대곡,1024,843,1867
202212,일산선,대화,12186,10291,22477
202212,일산선,마두,3495,3452,6947
202212,일산선,백석,5895,5687,11582
202212,일산선,삼송,11093,10891,21984
202212,일산선,원당,6065,5820,11885
202212,일산선,원흥,6168,5897,12065
202212,일산선,정발산,5861,5689,11550
202212,일산선,주엽,4841,4761,9602
202212,일산선,화정,9522,9699,19221
202212,장항선,배방,840,911,1751
202212,장항선,봉명,525,608,1133
202212,장항선,신창,916,1567,2483
202212,장항선,쌍용,1441,1562,3003
202212,장항선,아산,3904,2541,6445
202212,장항선,온양온천,4885,4782,9667
202212,장항선,탕정,700,786,1486
202212,중앙선,구리,7560,7747,15307
202212,중앙선,국수,507,448,955
202212,중앙선,덕소,3288,3301,6589
202212,중앙선,도농,5520,5348,10868
202212,중앙선,도심,1141,1037,2178
202212,중앙선,망우,4992,4915,9907
202212,중앙선,상봉,3653,3720,7373
202212,중앙선,신원,167,132,299
202212,중앙선,아신,426,416,842
202212,중앙선,양수,1417,1300,2717
202212,중앙선,양원,1332,1386,2718
202212,중앙선,양정,345,279,624
202212,중앙선,양평,2117,1940,4057
202212,중앙선,오빈,193,181,374
202212,중앙선,용문,1599,1309,2908
202212,중앙선,운길산,601,619,1220
202212,중앙선,원덕,359,277,636
202212,중앙선,중랑,3437,3363,6800
202212,중앙선,지평,53,29,82
202212,중앙선,팔당,798,861,1659
202212,중앙선,회기,17413,17588,35001
202212,1호선,동대문,12469,12410,24879
202212,1호선,동묘앞,12529,13206,25735
202212,1호선,서울역,47754,46993,94747
202212,1호선,시청,20314,19580,39894
202212,1호선,신설동,11146,10458,21604
202212,1호선,제기동,17042,17418,34460
202212,1호선,종각,28451,27228,55679
202212,1호선,종로3가,30262,29260,59522
202212,1호선,종로5가,24016,24261,48277
202212,1호선,청량리,19896,20218,40114
202212,2호선,강남,62334,62517,124851
202212,2호선,강변,32655,31227,63882
202212,2호선,건대입구,36101,40761,76862
202212,2호선,교대,20364,24081,44445
202212,2호선,구로디지털단지,40030,39280,79310
202212,2호선,구의,18813,18038,36851
202212,2호선,낙성대,23161,21308,44469
202212,2호선,당산,14936,16351,31287
202212,2호선,대림,19702,20710,40412
202212,2호선,도림천,909,895,1804
202212,2호선,동대문역사문화공원,12170,14133,26303
202212,2호선,뚝섬,17418,17536,34954
202212,2호선,문래,14800,15973,30773
202212,2호선,방배,12327,12704,25031
202212,2호선,봉천,19517,17578,37095
202212,2호선,사당,43298,47979,91277
202212,2호선,삼성,39072,38674,77746
202212,2호선,상왕십리,10828,10296,21124
202212,2호선,서울대입구,40748,39030,79778
202212,2호선,서초,14364,12289,26653
202212,2호선,선릉,27993,24454,52447
202212,2호선,성수,26178,29740,55918
202212,2호선,시청,15293,11700,26993
202212,2호선,신답,1189,1146,2335
202212,2호선,신당,12247,13474,25721
202212,2호선,신대방,21699,20453,42152
202212,2호선,신도림,48541,49109,97650
202212,2호선,신림,51253,49196,100449
202212,2호선,신설동,3901,3830,7731
202212,2호선,신정네거리,8341,8228,16569
202212,2호선,신촌,33974,35274,69248
202212,2호선,아현,8729,8131,16860
202212,2호선,양천구청,5594,5502,11096
202212,2호선,역삼,21167,23582,44749
202212,2호선,영등포구청,15202,16142,31344
202212,2호선,왕십리,14517,13661,28178
202212,2호선,용답,2286,2157,4443
202212,2호선,용두,1934,1895,3829
202212,2호선,을지로3가,15044,14645,29689
202212,2호선,을지로4가,9725,10404,20129
202212,2호선,을지로입구,38059,35854,73913
202212,2호선,이대,12500,13052,25552
202212,2호선,잠실,83473,80580,164053
202212,2호선,잠실나루,8870,8402,17272
202212,2호선,잠실새내,19613,20392,40005
202212,2호선,종합운동장,9677,10636,20313
202212,2호선,충정로,6944,7283,14227
202212,2호선,한양대,5334,5684,11018
202212,2호선,합정,33392,38404,71796
202212,2호선,홍대입구,78039,88179,166218
202212,3호선,가락시장,7637,7489,15126
202212,3호선,경복궁,20943,22621,43564
202212,3호선,경찰병원,4626,4716,9342
202212,3호선,고속터미널,60342,59009,119351
202212,3호선,교대,9174,5555,14729
202212,3호선,구파발,16786,17002,33788
202212,3호선,금호,6644,5945,12589
202212,3호선,남부터미널,25733,25330,51063
202212,3호선,녹번,12008,10303,22311
202212,3호선,대청,6782,6112,12894
202212,3호선,대치,8758,8052,16810
202212,3호선,도곡,3892,3964,7856
202212,3호선,독립문,6600,6905,13505
202212,3호선,동대입구,10581,12165,22746
202212,3호선,매봉,7070,6733,13803
202212,3호선,무악재,3266,3304,6570
202212,3호선,불광,14776,16303,31079
202212,3호선,수서,16616,16182,32798
202212,3호선,신사,26477,28283,54760
202212,3호선,안국,22482,24841,47323
202212,3호선,압구정,28597,30995,59592
202212,3호선,약수,10869,10280,21149
202212,3호선,양재,24655,26347,51002
202212,3호선,연신내,31796,29810,61606
202212,3호선,오금,4313,4042,8355
202212,3호선,옥수,7555,7471,15026
202212,3호선,을지로3가,7020,7102,14122
202212,3호선,일원,5915,5608,11523
202212,3호선,잠원,3466,3286,6752
202212,3호선,종로3가,7095,10394,17489
202212,3호선,지축,4623,4416,9039
202212,3호선,충무로,2,0,2
202212,3호선,학여울,2806,2936,5742
202212,3호선,홍제,15531,14347,29878
202212,4호선,길음,17380,16145,33525
202212,4호선,남태령,1303,754,2057
202212,4호선,노원,17103,19160,36263
202212,4호선,당고개,8258,7660,15918
202212,4호선,동대문,15696,16543,32239
202212,4호선,동대문역사문화공원,15181,12924,28105
202212,4호선,동작,1166,1185,2351
202212,4호선,명동,32395,37209,69604
202212,4호선,미아,12343,11371,23714
202212,4호선,미아사거리,24099,23352,47451
202212,4호선,사당,28672,26618,55290
202212,4호선,삼각지,5703,7716,13419
202212,4호선,상계,15438,14184,29622
202212,4호선,서울역,7931,19894,27825
202212,4호선,성신여대입구,18568,17573,36141
202212,4호선,수유,29313,29201,58514
202212,4호선,숙대입구,11183,10915,22098
202212,4호선,신용산,13795,14598,28393
202212,4호선,쌍문,24117,21225,45342
202212,4호선,이촌,9806,10466,20272
202212,4호선,창동,22102,22950,45052
202212,4호선,총신대입구,16477,18110,34587
202212,4호선,충무로,17926,19656,37582
202212,4호선,한성대입구,14399,14384,28783
202212,4호선,혜화,35335,36952,72287
202212,4호선,회현,27178,28464,55642
202212,5호선,강동,14925,14017,28942
202212,5호선,강일,3947,3406,7353
202212,5호선,개롱,4668,4762,9430
202212,5호선,개화산,4188,4047,8235
202212,5호선,거여,7152,6611,13763
202212,5호선,고덕,7243,6778,14021
202212,5호선,공덕,8974,9360,18334
202212,5호선,광나루,11456,10702,22158
202212,5호선,광화문,21470,22442,43912
202212,5호선,군자,9797,11149,20946
202212,5호선,굽은다리,7889,7262,15151
202212,5호선,길동,6481,6920,13401
202212,5호선,김포공항,7950,7751,15701
202212,5호선,까치산,23550,21932,45482
202212,5호선,답십리,11847,10613,22460
202212,5호선,동대문역사문화공원,1497,1844,3341
202212,5호선,둔촌동,7043,7136,14179
202212,5호선,마곡,6437,6443,12880
202212,5호선,마장,4995,4701,9696
202212,5호선,마천,5409,5404,10813
202212,5호선,마포,9545,9932,19477
202212,5호선,명일,7061,6792,13853
202212,5호선,목동,12587,12673,25260
202212,5호선,미사,13885,13750,27635
202212,5호선,발산,16791,18527,35318
202212,5호선,방이,6020,5955,11975
202212,5호선,방화,5082,4793,9875
202212,5호선,상일동,10267,9572,19839
202212,5호선,서대문,9243,8870,18113
202212,5호선,송정,5537,5145,10682
202212,5호선,신금호,4737,4776,9513
202212,5호선,신길,3188,3228,6416
202212,5호선,신정,9998,8481,18479
202212,5호선,아차산,13126,12386,25512
202212,5호선,애오개,4264,4048,8312
202212,5호선,양평,4185,3853,8038
202212,5호선,여의나루,10896,15557,26453
202212,5호선,여의도,16257,16593,32850
202212,5호선,영등포구청,2368,2244,4612
202212,5호선,영등포시장,10225,10921,21146
202212,5호선,오금,2384,2124,4508
202212,5호선,오목교,18313,18756,37069
202212,5호선,올림픽공원,4778,4490,9268
202212,5호선,왕십리,3797,4778,8575
202212,5호선,우장산,10982,10544,21526
202212,5호선,을지로4가,4312,4983,9295
202212,5호선,장한평,13081,12797,25878
202212,5호선,종로3가,16420,17041,33461
202212,5호선,천호,18753,18128,36881
202212,5호선,청구,2771,2621,5392
202212,5호선,충정로,2267,2168,4435
202212,5호선,하남검단산,6009,5730,11739
202212,5호선,하남시청,6776,6196,12972
202212,5호선,하남풍산,3212,3210,6422
202212,5호선,행당,6041,5251,11292
202212,5호선,화곡,22794,20463,43257
202212,6호선,고려대,5986,5839,11825
202212,6호선,공덕,11899,11437,23336
202212,6호선,광흥창,5822,5296,11118
202212,6호선,구산,6045,4482,10527
202212,6호선,녹사평,4634,4834,9468
202212,6호선,대흥,6115,6307,12422
202212,6호선,독바위,2143,2393,4536
202212,6호선,돌곶이,7077,6368,13445
202212,6호선,동묘앞,8659,8334,16993
202212,6호선,디지털미디어시티,8837,8964,17801
202212,6호선,마포구청,10604,9143,19747
202212,6호선,망원,14098,15617,29715
202212,6호선,버티고개,1647,1759,3406
202212,6호선,보문,5630,4998,10628
202212,6호선,봉화산,6119,5738,11857
202212,6호선,불광,3946,3545,7491
202212,6호선,삼각지,6578,5029,11607
202212,6호선,상수,10057,13135,23192
202212,6호선,상월곡,4484,3740,8224
202212,6호선,새절,9611,8853,18464
202212,6호선,석계,9564,9800,19364
202212,6호선,신내,1,0,1
202212,6호선,신당,6862,6374,13236
202212,6호선,안암,7200,7045,14245
202212,6호선,약수,2964,2991,5955
202212,6호선,역촌,2964,3414,6378
202212,6호선,월곡,8117,7895,16012
202212,6호선,월드컵경기장,5245,5340,10585
202212,6호선,응암,14065,13485,27550
202212,6호선,이태원,10426,12138,22564
202212,6호선,증산,8216,7848,16064
202212,6호선,창신,2247,1913,4160
202212,6호선,청구,2562,2480,5042
202212,6호선,태릉입구,4737,4880,9617
202212,6호선,한강진,8226,9823,18049
202212,6호선,합정,13995,13357,27352
202212,6호선,화랑대,8067,6252,14319
202212,6호선,효창공원앞,5348,4721,10069
202212,7호선,가산디지털단지,16487,14846,31333
202212,7호선,강남구청,11345,12586,23931
202212,7호선,건대입구,11883,12883,24766
202212,7호선,고속터미널,18488,13840,32328
202212,7호선,공릉,9602,9383,18985
202212,7호선,광명사거리,18080,17751,35831
202212,7호선,군자,12383,9141,21524
202212,7호선,남구로,8847,9189,18036
202212,7호선,남성,8685,7696,16381
202212,7호선,내방,8648,8682,17330
202212,7호선,노원,17069,17742,34811
202212,7호선,논현,10981,11642,22623
202212,7호선,대림,7896,8467,16363
202212,7호선,도봉산,6924,9156,16080
202212,7호선,뚝섬유원지,6772,6425,13197
202212,7호선,마들,9907,8781,18688
202212,7호선,먹골,8361,7809,16170
202212,7호선,면목,12063,11262,23325
202212,7호선,반포,5094,4933,10027
202212,7호선,보라매,5848,5808,11656
202212,7호선,사가정,13430,12954,26384
202212,7호선,상도,8647,8049,16696
202212,7호선,상봉,15013,14387,29400
202212,7호선,수락산,11074,10717,21791
202212,7호선,숭실대입구,10457,10014,20471
202212,7호선,신대방삼거리,11608,10600,22208
202212,7호선,신풍,9001,8709,17710
202212,7호선,어린이대공원,12551,12087,24638
202212,7호선,온수,6136,5897,12033
202212,7호선,용마산,4584,4722,9306
202212,7호선,이수,14541,13619,28160
202212,7호선,장승배기,6995,6708,13703
202212,7호선,장암,2009,1222,3231
202212,7호선,중계,10274,8766,19040
202212,7호선,중곡,7822,7225,15047
202212,7호선,중화,8513,8035,16548
202212,7호선,천왕,7769,7031,14800
202212,7호선,철산,18078,18233,36311
202212,7호선,청담,12800,14003,26803
202212,7호선,태릉입구,7490,6934,14424
202212,7호선,하계,13505,12354,25859
202212,7호선,학동,11940,12883,24823
202212,8호선,가락시장,6959,7520,14479
202212,8호선,강동구청,6952,6859,13811
202212,8호선,남위례,4808,4684,9492
202212,8호선,남한산성입구,10196,8842,19038
202212,8호선,단대오거리,8706,8028,16734
202212,8호선,모란,4060,3421,7481
202212,8호선,몽촌토성,4971,5417,10388
202212,8호선,문정,9832,10130,19962
202212,8호선,복정,6935,5398,12333
202212,8호선,산성,4562,4370,8932
202212,8호선,석촌,6634,8292,14926
202212,8호선,송파,6655,6376,13031
202212,8호선,수진,4628,4250,8878
202212,8호선,신흥,4221,4570,8791
202212,8호선,암사,13848,12307,26155
202212,8호선,잠실,16630,19256,35886
202212,8호선,장지,13659,12433,26092
202212,8호선,천호,13213,15617,28830
202212,9호선,가양,16558,15597,32155
202212,9호선,개화,1589,1297,2886
202212,9호선,고속터미널,16153,23481,39634
202212,9호선,공항시장,2490,2565,5055
202212,9호선,구반포,1214,1229,2443
202212,9호선,국회의사당,6491,6497,12988
202212,9호선,김포공항,7536,10828,18364
202212,9호선,노들,3688,3137,6825
202212,9호선,노량진,25494,25073,50567
202212,9호선,당산,15568,14436,30004
202212,9호선,동작,1408,1177,2585
202212,9호선,등촌,7986,7562,15548
202212,9호선,마곡나루,9124,8764,17888
202212,9호선,사평,2693,2456,5149
202212,9호선,샛강,3430,3325,6755
202212,9호선,선유도,4276,4088,8364
202212,9호선,신논현,28557,28983,57540
202212,9호선,신목동,2892,2437,5329
202212,9호선,신반포,3383,3334,6717
202212,9호선,신방화,5246,4935,10181
202212,9호선,양천향교,6545,6201,12746
202212,9호선,여의도,17907,16025,33932
202212,9호선,염창,13776,12340,26116
202212,9호선,증미,3775,3391,7166
202212,9호선,흑석,6923,6912,13835
202212,9호선2~3단계,둔촌오륜,805,840,1645
202212,9호선2~3단계,봉은사,15894,17620,33514
202212,9호선2~3단계,삼성중앙,4112,4197,8309
202212,9호선2~3단계,삼전,5750,5323,11073
202212,9호선2~3단계,석촌,8482,7009,15491
202212,9호선2~3단계,석촌고분,5127,5041,10168
202212,9호선2~3단계,선정릉,5394,6185,11579
202212,9호선2~3단계,송파나루,5071,5818,10889
202212,9호선2~3단계,언주,7296,7408,14704
202212,9호선2~3단계,올림픽공원,12137,12556,24693
202212,9호선2~3단계,종합운동장,3864,3657,7521
202212,9호선2~3단계,중앙보훈병원,6060,5321,11381
202212,9호선2~3단계,한성백제,2283,2023,4306
202212,경강선,경기광주,6536,5822,12358
202212,경강선,곤지암,2324,2206,4530
202212,경강선,부발,2319,2082,4401
202212,경강선,삼동,1817,1660,3477
202212,경강선,세종대왕릉,411,386,797
202212,경강선,신둔도예촌,1522,1406,2928
202212,경강선,여주,2782,2981,5763
202212,경강선,이매,860,690,1550
202212,경강선,이천,3241,3208,6449
202212,경강선,초월,2579,2289,4868
202212,경강선,판교,3562,3485,7047
202212,경부선,가산디지털단지,7174,9687,16861
202212,경부선,관악,7198,7079,14277
202212,경부선,광명,3731,3312,7043
202212,경부선,구로,15972,15983,31955
202212,경부선,군포,4911,4453,9364
202212,경부선,금정,23366,23349,46715
202212,경부선,금천구청,9713,9563,19276
202212,경부선,남영,7283,7408,14691
202212,경부선,노량진,11388,11935,23323
202212,경부선,당정,4630,4320,8950
202212,경부선,대방,7977,8916,16893
202212,경부선,독산,10519,10106,20625
202212,경부선,두정,6803,6751,13554
202212,경부선,명학,5311,5034,10345
202212,경부선,병점,14431,13974,28405
202212,경부선,서동탄,1210,1274,2484
202212,경부선,서울역,10952,3041,13993
202212,경부선,서정리,9356,7085,16441
202212,경부선,석수,7928,7219,15147
202212,경부선,성균관대,12785,12400,25185
202212,경부선,성환,3798,3335,7133
202212,경부선,세류,3078,3114,6192
202212,경부선,세마,2676,2412,5088
202212,경부선,송탄,5752,4924,10676
202212,경부선,수원,43553,47139,90692
202212,경부선,신길,6927,5695,12622
202212,경부선,신도림,3431,3896,7327
202212,경부선,안양,20789,20542,41331
202212,경부선,영등포,52810,55453,108263
202212,경부선,오산,10810,9865,20675
202212,경부선,오산대,3212,2811,6023
202212,경부선,용산,44411,46571,90982
202212,경부선,의왕,6551,6256,12807
202212,경부선,직산,889,791,1680
202212,경부선,진위,1196,1042,2238
202212,경부선,천안,8006,8056,16062
202212,경부선,평택,15966,15397,31363
202212,경부선,평택지제,4705,4027,8732
202212,경부선,화서,7042,6825,13867
202212,경원선,가능,5643,5375,11018
202212,경원선,광운대,6075,5861,11936
202212,경원선,녹양,3943,3754,7697
202212,경원선,녹천,3472,2941,6413
202212,경원선,덕계,2857,2471,5328
202212,경원선,덕정,5318,4715,10033
202212,경원선,도봉,4806,4503,9309
202212,경원선,도봉산,9359,6190,15549
202212,경원선,동두천,1945,2226,4171
202212,경원선,동두천중앙,2907,2908,5815
202212,경원선,망월사,6523,6544,13067
202212,경원선,방학,8351,8030,16381
202212,경원선,보산,1867,1805,3672
202212,경원선,서빙고,1620,1552,3172
202212,경원선,석계,7765,8227,15992
202212,경원선,소요산,3659,2960,6619
202212,경원선,신이문,6982,6256,13238
202212,경원선,양주,7100,6612,13712
202212,경원선,옥수,43,48,91
202212,경원선,왕십리,14589,16029,30618
202212,경원선,외대앞,7011,6775,13786
202212,경원선,월계,5235,4625,9860
202212,경원선,응봉,1512,1223,2735
202212,경원선,의정부,19972,21335,41307
202212,경원선,이촌,3174,2433,5607
202212,경원선,지행,6600,6354,12954
202212,경원선,창동,2,0,2
202212,경원선,청량리,18767,19175,37942
202212,경원선,한남,2930,2867,5797
202212,경원선,회룡,11077,10952,22029
202212,경의선,가좌,4687,4476,9163
202212,경의선,강매,2349,2097,4446
202212,경의선,곡산,429,423,852
202212,경의선,공덕,3778,2687,6465
202212,경의선,금릉,4539,4207,8746
202212,경의선,금촌,6327,5752,12079
202212,경의선,능곡,2984,2933,5917
202212,경의선,디지털미디어시티,2443,2055,4498
202212,경의선,문산,5354,4796,10150
202212,경의선,백마,5195,4745,9940
202212,경의선,서강대,1846,1773,3619
202212,경의선,서울역,1745,1769,3514
202212,경의선,수색,1773,1749,3522
202212,경의선,신촌,386,486,872
202212,경의선,야당,7187,7393,14580
202212,경의선,운정,5741,5104,10845
202212,경의선,월롱,1741,1459,3200
202212,경의선,일산,7013,6595,13608
202212,경의선,임진강,29,16,45
202212,경의선,탄현,6207,5752,11959
202212,경의선,파주,936,737,1673
202212,경의선,풍산,5029,4812,9841
202212,경의선,행신,6207,6342,12549
202212,경의선,홍대입구,2234,2881,5115
202212,경의선,화전,1375,1215,2590
202212,경의선,효창공원앞,2039,2215,4254
202212,경인선,간석,5120,4818,9938
202212,경인선,개봉,19508,18388,37896
202212,경인선,구일,14940,17189,32129
202212,경인선,도원,2418,2402,4820
202212,경인선,도화,3480,3193,6673
202212,경인선,동암,14957,14992,29949
202212,경인선,동인천,13159,12890,26049
202212,경인선,백운,6088,5851,11939
202212,경인선,부개,7387,6946,14333
202212,경인선,부천,31323,32732,64055
202212,경인선,부평,31239,34406,65645
202212,경인선,소사,8120,7952,16072
202212,경인선,송내,21588,20806,42394
202212,경인선,역곡,22199,21588,43787
202212,경인선,오류동,10370,9396,19766
202212,경인선,온수,5406,4879,10285
202212,경인선,인천,4163,3558,7721
202212,경인선,제물포,8181,7535,15716
202212,경인선,주안,18515,16150,34665
202212,경인선,중동,7785,7021,14806
202212,경춘선,가평,1682,1873,3555
202212,경춘선,갈매,2117,1794,3911
202212,경춘선,강촌,473,485,958
202212,경춘선,굴봉산,144,202,346
202212,경춘선,금곡,1187,1084,2271
202212,경춘선,김유정,443,515,958
202212,경춘선,남춘천,3051,3045,6096
202212,경춘선,대성리,623,645,1268
202212,경춘선,마석,3482,3239,6721
202212,경춘선,백양리,330,347,677
202212,경춘선,별내,2361,2155,4516
202212,경춘선,사릉,1749,1673,3422
202212,경춘선,상천,276,247,523
202212,경춘선,신내,1314,1238,2552
202212,경춘선,천마산,1497,1405,2902
202212,경춘선,청평,1622,1708,3330
202212,경춘선,춘천,1660,1449,3109
202212,경춘선,퇴계원,2780,2485,5265
202212,경춘선,평내호평,4873,4646,9519
202212,공항철도 1호선,검암,5194,5269,10463
202212,공항철도 1호선,계양,9435,8368,17803
202212,공항철도 1호선,공덕,2076,3534,5610
202212,공항철도 1호선,공항화물청사,1339,1312,2651
202212,공항철도 1호선,김포공항,10266,5153,15419
202212,공항철도 1호선,디지털미디어시티,7419,6832,14251
202212,공항철도 1호선,마곡나루,4304,4600,8904
202212,공항철도 1호선,서울역,12359,11422,23781
202212,공항철도 1호선,영종,3777,3690,7467
202212,공항철도 1호선,운서,8165,8279,16444
202212,공항철도 1호선,인천공항1터미널,10688,9849,20537
202212,공항철도 1호선,인천공항2터미널,4061,3421,7482
202212,공항철도 1호선,청라국제도시,5263,4948,10211
202212,공항철도 1호선,홍대입구,15293,16030,31323
202212,과천선,경마공원,12064,12066,24130
202212,과천선,과천,5522,4910,10432
202212,과천선,대공원,4002,4338,8340
202212,과천선,범계,23473,22825,46298
202212,과천선,선바위,6480,5442,11922
202212,과천선,인덕원,20129,19900,40029
202212,과천선,정부과천청사,6928,6945,13873
202212,과천선,평촌,11366,11066,22432
202212,분당선,가천대,6543,6661,13204
202212,분당선,강남구청,5550,6858,12408
202212,분당선,개포동,3170,3074,6244
202212,분당선,구룡,1939,1713,3652
202212,분당선,구성,3880,3949,7829
202212,분당선,기흥,7729,7064,14793
202212,분당선,대모산입구,3346,3102,6448
202212,분당선,도곡,5536,4998,10534
202212,분당선,망포,11064,9976,21040
202212,분당선,매교,3453,3339,6792
202212,분당선,매탄권선,4114,3686,7800
202212,분당선,모란,17533,18415,35948
202212,분당선,미금,11513,12026,23539
202212,분당선,보정,1919,1717,3636
202212,분당선,상갈,4175,4092,8267
202212,분당선,서울숲,9203,9865,19068
202212,분당선,서현,20956,20921,41877
202212,분당선,선릉,5776,9128,14904
202212,분당선,선정릉,3828,3866,7694
202212,분당선,수내,10047,9260,19307
202212,분당선,수서,11795,12197,23992
202212,분당선,수원,8223,6966,15189
202212,분당선,수원시청,12870,15321,28191
202212,분당선,신갈,3252,3196,6448
202212,분당선,압구정로데오,20227,24339,44566
202212,분당선,야탑,20936,22101,43037
202212,분당선,영통,7792,7794,15586
202212,분당선,오리,8565,7004,15569
202212,분당선,이매,4171,4154,8325
202212,분당선,정자,11953,12330,24283
202212,분당선,죽전,11346,12535,23881
202212,분당선,청명,3297,3111,6408
202212,분당선,태평,11910,11028,22938
202212,분당선,한티,11488,11324,22812
202212,수인선,고색,3030,2904,5934
202212,수인선,남동인더스파크,955,891,1846
202212,수인선,달월,111,105,216
202212,수인선,사리,4076,3360,7436
202212,수인선,소래포구,5797,5895,11692
202212,수인선,송도,2244,2056,4300
202212,수인선,숭의,3011,2644,5655
202212,수인선,신포,1698,1797,3495
202212,수인선,야목,311,229,540
202212,수인선,어천,993,798,1791
202212,수인선,연수,4497,4662,9159
202212,수인선,오목천,2888,2388,5276
202212,수인선,원인재,4074,4124,8198
202212,수인선,월곶,2469,2349,4818
202212,수인선,인천,1036,1879,2915
202212,수인선,인천논현,4791,4963,9754
202212,수인선,인하대,4979,4512,9491
202212,수인선,호구포,2879,2715,5594
202212,신림선,관악산,2845,3010,5855
202212,신림선,당곡,3264,3022,6286
202212,신림선,대방,2533,1681,4214
202212,신림선,보라매,2429,2189,4618
202212,신림선,보라매공원,1255,1258,2513
202212,신림선,보라매병원,3273,3314,6587
202212,신림선,샛강,1101,1402,2503
202212,신림선,서울대벤처타운,6711,5805,12516
202212,신림선,서울지방병무청,1899,2035,3934
202212,신림선,서원,2506,2013,4519
202212,신림선,신림,1294,1847,3141
202212,안산선,고잔,8097,7982,16079
202212,안산선,대야미,4483,3727,8210
202212,안산선,반월,3938,3541,7479
202212,안산선,산본,14591,15560,30151
202212,안산선,상록수,13785,13551,27336
202212,안산선,수리산,3147,2720,5867
202212,안산선,신길온천,1662,1576,3238
202212,안산선,안산,10578,11104,21682
202212,안산선,오이도,8219,8303,16522
202212,안산선,정왕,7439,7532,14971
202212,안산선,중앙,18116,19247,37363
202212,안산선,초지,4272,4119,8391
202212,안산선,한대앞,8351,8183,16534
202212,우이신설선,4.19민주묘지,2572,2215,4787
202212,우이신설선,가오리,3299,3095,6394
202212,우이신설선,보문,1241,1271,2512
202212,우이신설선,북한산보국문,5572,4808,10380
202212,우이신설선,북한산우이,3365,3707,7072
202212,우이신설선,삼양,1602,1595,3197
202212,우이신설선,삼양사거리,2019,2023,4042
202212,우이신설선,성신여대입구,2860,3332,6192
202212,우이신설선,솔밭공원,1956,1761,3717
202212,우이신설선,솔샘,4477,3885,8362
202212,우이신설선,신설동,1604,1557,3161
202212,우이신설선,정릉,4125,3315,7440
202212,우이신설선,화계,2783,2518,5301
202212,일산선,대곡,1530,1321,2851
202212,일산선,대화,10212,9033,19245
202212,일산선,마두,5506,5553,11059
202212,일산선,백석,8696,8643,17339
202212,일산선,삼송,16308,15107,31415
202212,일산선,원당,9401,8683,18084
202212,일산선,원흥,9126,8385,17511
202212,일산선,정발산,7188,7677,14865
202212,일산선,주엽,7644,7670,15314
202212,일산선,화정,14233,14395,28628
202212,장항선,배방,1192,1170,2362
202212,장항선,봉명,908,870,1778
202212,장항선,신창,1497,1181,2678
202212,장항선,쌍용,1901,1776,3677
202212,장항선,아산,3954,3683,7637
202212,장항선,온양온천,4665,4892,9557
202212,장항선,탕정,1020,904,1924
202212,중앙선,구리,11578,11851,23429
202212,중앙선,국수,718,754,1472
202212,중앙선,덕소,4947,4865,9812
202212,중앙선,도농,8777,8139,16916
202212,중앙선,도심,1732,1450,3182
202212,중앙선,망우,7155,6992,14147
202212,중앙선,상봉,5284,5094,10378
202212,중앙선,신원,212,150,362
202212,중앙선,아신,537,560,1097
202212,중앙선,양수,1948,1980,3928
202212,중앙선,양원,2124,1921,4045
202212,중앙선,양정,593,491,1084
202212,중앙선,양평,2902,2968,5870
202212,중앙선,오빈,305,327,632
202212,중앙선,용문,3313,3536,6849
202212,중앙선,운길산,869,860,1729
202212,중앙선,원덕,463,469,932
202212,중앙선,중랑,5024,4740,9764
202212,중앙선,지평,49,44,93
202212,중앙선,팔당,1088,1122,2210
202212,중앙선,회기,23434,22232,45666
202212,1호선,동대문,11523,12076,23599
202212,1호선,동묘앞,13073,13426,26499
202212,1호선,서울역,35831,35429,71260
202212,1호선,시청,11393,10352,21745
202212,1호선,신설동,8481,8337,16818
202212,1호선,제기동,11171,11769,22940
202212,1호선,종각,16661,14887,31548
202212,1호선,종로3가,18156,15711,33867
202212,1호선,종로5가,13059,12341,25400
202212,1호선,청량리,14164,14359,28523
202212,2호선,강남,36684,34644,71328
202212,2호선,강변,24644,24971,49615
202212,2호선,건대입구,26182,27622,53804
202212,2호선,교대,11396,12962,24358
202212,2호선,구로디지털단지,27616,26791,54407
202212,2호선,구의,12588,12574,25162
202212,2호선,낙성대,16760,17125,33885
202212,2호선,당산,9793,10651,20444
202212,2호선,대림,16956,17333,34289
202212,2호선,도림천,569,647,1216
202212,2호선,동대문역사문화공원,10049,12138,22187
202212,2호선,뚝섬,12920,12770,25690
202212,2호선,문래,9361,10024,19385
202212,2호선,방배,7427,7986,15413
202212,2호선,봉천,13662,13230,26892
202212,2호선,사당,27757,30012,57769
202212,2호선,삼성,29833,28444,58277
202212,2호선,상왕십리,7400,7572,14972
202212,2호선,서울대입구,27829,28214,56043
202212,2호선,서초,13916,12762,26678
202212,2호선,선릉,15369,12858,28227
202212,2호선,성수,18160,19766,37926
202212,2호선,시청,8584,6345,14929
202212,2호선,신답,864,896,1760
202212,2호선,신당,9376,9967,19343
202212,2호선,신대방,16552,16072,32624
202212,2호선,신도림,33657,33808,67465
202212,2호선,신림,37752,36695,74447
202212,2호선,신설동,3542,3504,7046
202212,2호선,신정네거리,5794,5936,11730
202212,2호선,신촌,23948,23225,47173
202212,2호선,아현,5739,5706,11445
202212,2호선,양천구청,3544,3549,7093
202212,2호선,역삼,12398,13557,25955
202212,2호선,영등포구청,9334,9554,18888
202212,2호선,왕십리,10160,9306,19466
202212,2호선,용답,1842,1784,3626
202212,2호선,용두,1144,1170,2314
202212,2호선,을지로3가,11079,10690,21769
202212,2호선,을지로4가,4913,5220,10133
202212,2호선,을지로입구,26419,24065,50484
202212,2호선,이대,8524,9401,17925
202212,2호선,잠실,59042,55065,114107
202212,2호선,잠실나루,6144,6028,12172
202212,2호선,잠실새내,12491,12617,25108
202212,2호선,종합운동장,6185,6738,12923
202212,2호선,충정로,4479,4926,9405
202212,2호선,한양대,2894,3331,6225
202212,2호선,합정,24328,25168,49496
202212,2호선,홍대입구,59926,58917,118843
202212,3호선,가락시장,4414,4579,8993
202212,3호선,경복궁,15192,16159,31351
202212,3호선,경찰병원,3051,3228,6279
202212,3호선,고속터미널,48758,45841,94599
202212,3호선,교대,4968,2952,7920
202212,3호선,구파발,11956,12349,24305
202212,3호선,금호,4585,4486,9071
202212,3호선,남부터미널,16920,18495,35415
202212,3호선,녹번,8127,7267,15394
202212,3호선,대청,4494,4509,9003
202212,3호선,대치,5221,4963,10184
202212,3호선,도곡,2197,2221,4418
202212,3호선,독립문,4637,5090,9727
202212,3호선,동대입구,7549,8342,15891
202212,3호선,매봉,4532,4440,8972
202212,3호선,무악재,2218,2289,4507
202212,3호선,불광,10332,11601,21933
202212,3호선,수서,11979,12268,24247
202212,3호선,신사,14887,15086,29973
202212,3호선,안국,16644,17529,34173
202212,3호선,압구정,16556,17020,33576
202212,3호선,약수,7524,7155,14679
202212,3호선,양재,15725,17775,33500
202212,3호선,연신내,22270,20976,43246
202212,3호선,오금,3018,2950,5968
202212,3호선,옥수,5254,5451,10705
202212,3호선,을지로3가,4461,4079,8540
202212,3호선,일원,4034,4130,8164
202212,3호선,잠원,2146,2187,4333
202212,3호선,종로3가,4613,5987,10600
202212,3호선,지축,3244,2992,6236
202212,3호선,학여울,2097,2235,4332
202212,3호선,홍제,10336,9901,20237
202212,4호선,길음,11755,11565,23320
202212,4호선,남태령,878,616,1494
202212,4호선,노원,12906,13834,26740
202212,4호선,당고개,6404,6163,12567
202212,4호선,동대문,9244,9801,19045
202212,4호선,동대문역사문화공원,12719,10995,23714
202212,4호선,동작,844,982,1826
202212,4호선,명동,24295,26371,50666
202212,4호선,미아,8922,8480,17402
202212,4호선,미아사거리,17445,16696,34141
202212,4호선,사당,18975,18067,37042
202212,4호선,삼각지,3846,4863,8709
202212,4호선,상계,11209,10601,21810
202212,4호선,서울역,5658,14977,20635
202212,4호선,성신여대입구,13346,12920,26266
202212,4호선,수유,22273,21463,43736
202212,4호선,숙대입구,9060,8701,17761
202212,4호선,신용산,10081,10266,20347
202212,4호선,쌍문,17479,15710,33189
202212,4호선,이촌,6671,7294,13965
202212,4호선,창동,16164,16807,32971
202212,4호선,총신대입구,11104,12123,23227
202212,4호선,충무로,10078,10920,20998
202212,4호선,한성대입구,10756,11153,21909
202212,4호선,혜화,26601,27262,53863
202212,4호선,회현,13408,13617,27025
202212,5호선,강동,10211,10109,20320
202212,5호선,강일,2741,2638,5379
202212,5호선,개롱,3171,3425,6596
202212,5호선,개화산,2930,2849,5779
202212,5호선,거여,5062,4846,9908
202212,5호선,고덕,4395,4252,8647
202212,5호선,공덕,5594,5688,11282
202212,5호선,광나루,8759,8332,17091
202212,5호선,광화문,14425,14893,29318
202212,5호선,군자,6979,7801,14780
202212,5호선,굽은다리,5703,5399,11102
202212,5호선,길동,4571,4600,9171
202212,5호선,김포공항,6556,6725,13281
202212,5호선,까치산,16724,16408,33132
202212,5호선,답십리,8355,7712,16067
202212,5호선,동대문역사문화공원,1110,1299,2409
202212,5호선,둔촌동,5294,5332,10626
202212,5호선,마곡,4058,4238,8296
202212,5호선,마장,3435,3369,6804
202212,5호선,마천,3905,4271,8176
202212,5호선,마포,5822,5943,11765
202212,5호선,명일,5470,5354,10824
202212,5호선,목동,8557,8927,17484
202212,5호선,미사,9575,9642,19217
202212,5호선,발산,10655,11228,21883
202212,5호선,방이,4341,4191,8532
202212,5호선,방화,3891,3858,7749
202212,5호선,상일동,6870,6855,13725
202212,5호선,서대문,5772,5950,11722
202212,5호선,송정,3805,3827,7632
202212,5호선,신금호,3161,3492,6653
202212,5호선,신길,2113,2349,4462
202212,5호선,신정,6692,6133,12825
202212,5호선,아차산,10413,10267,20680
202212,5호선,애오개,2808,2888,5696
202212,5호선,양평,3122,3142,6264
202212,5호선,여의나루,9111,12073,21184
202212,5호선,여의도,10965,10937,21902
202212,5호선,영등포구청,1574,1535,3109
202212,5호선,영등포시장,6990,7377,14367
202212,5호선,오금,1667,1633,3300
202212,5호선,오목교,12313,12504,24817
202212,5호선,올림픽공원,4084,3780,7864
202212,5호선,왕십리,2762,3228,5990
202212,5호선,우장산,7461,7562,15023
202212,5호선,을지로4가,2055,2203,4258
202212,5호선,장한평,9147,9028,18175
202212,5호선,종로3가,11482,10189,21671
202212,5호선,천호,13741,13019,26760
202212,5호선,청구,1900,1836,3736
202212,5호선,충정로,1630,1586,3216
202212,5호선,하남검단산,4850,4774,9624
202212,5호선,하남시청,4594,4386,8980
202212,5호선,하남풍산,2709,2750,5459
202212,5호선,행당,4557,4083,8640
202212,5호선,화곡,15478,14599,30077
202212,6호선,고려대,4228,4261,8489
202212,6호선,공덕,7691,7258,14949
202212,6호선,광흥창,4461,4345,8806
202212,6호선,구산,4394,3303,7697
202212,6호선,녹사평,3523,3338,6861
202212,6호선,대흥,4133,4295,8428
202212,6호선,독바위,1573,1917,3490
202212,6호선,돌곶이,6161,5771,11932
202212,6호선,동묘앞,7043,6894,13937
202212,6호선,디지털미디어시티,5969,6389,12358
202212,6호선,마포구청,7608,6895,14503
202212,6호선,망원,10345,10835,21180
202212,6호선,버티고개,1117,1219,2336
202212,6호선,보문,4126,3965,8091
202212,6호선,봉화산,4406,4294,8700
202212,6호선,불광,3223,2791,6014
202212,6호선,삼각지,4185,3365,7550
202212,6호선,상수,7897,8625,16522
202212,6호선,상월곡,3484,3197,6681
202212,6호선,새절,6988,6877,13865
202212,6호선,석계,6768,7240,14008
202212,6호선,신당,4695,5077,9772
202212,6호선,안암,4610,5175,9785
202212,6호선,약수,1799,1957,3756
202212,6호선,역촌,2117,2369,4486
202212,6호선,월곡,5650,5558,11208
202212,6호선,월드컵경기장,3823,3916,7739
202212,6호선,응암,9959,9887,19846
202212,6호선,이태원,8575,7797,16372
202212,6호선,증산,5977,5997,11974
202212,6호선,창신,1754,1582,3336
202212,6호선,청구,1849,1727,3576
202212,6호선,태릉입구,3521,3543,7064
202212,6호선,한강진,6272,7014,13286
202212,6호선,합정,9979,9383,19362
202212,6호선,화랑대,5715,5211,10926
202212,6호선,효창공원앞,3716,3434,7150
202212,7호선,가산디지털단지,11989,11045,23034
202212,7호선,강남구청,6633,7207,13840
202212,7호선,건대입구,7975,8041,16016
202212,7호선,고속터미널,15216,10103,25319
202212,7호선,공릉,6633,6786,13419
202212,7호선,광명사거리,13250,12938,26188
202212,7호선,군자,8758,6659,15417
202212,7호선,남구로,7361,7201,14562
202212,7호선,남성,5814,5853,11667
202212,7호선,내방,5299,5604,10903
202212,7호선,노원,11919,11751,23670
202212,7호선,논현,5746,5946,11692
202212,7호선,대림,8838,8413,17251
202212,7호선,도봉산,5260,7628,12888
202212,7호선,뚝섬유원지,5517,5397,10914
202212,7호선,마들,6488,5938,12426
202212,7호선,먹골,5898,5700,11598
202212,7호선,면목,8501,8252,16753
202212,7호선,반포,3002,3022,6024
202212,7호선,보라매,4042,4135,8177
202212,7호선,사가정,9594,9495,19089
202212,7호선,상도,5851,5961,11812
202212,7호선,상봉,10438,9456,19894
202212,7호선,수락산,8627,8666,17293
202212,7호선,숭실대입구,6460,6645,13105
202212,7호선,신대방삼거리,8082,7973,16055
202212,7호선,신풍,6568,6257,12825
202212,7호선,어린이대공원,9106,9206,18312
202212,7호선,온수,4386,4326,8712
202212,7호선,용마산,3281,3514,6795
202212,7호선,이수,9330,8589,17919
202212,7호선,장승배기,5204,5161,10365
202212,7호선,장암,1481,907,2388
202212,7호선,중계,7326,6875,14201
202212,7호선,중곡,5755,5585,11340
202212,7호선,중화,5875,5850,11725
202212,7호선,천왕,5287,5211,10498
202212,7호선,철산,11986,11886,23872
202212,7호선,청담,7314,8100,15414
202212,7호선,태릉입구,5368,5135,10503
202212,7호선,하계,9923,9388,19311
202212,7호선,학동,7319,7920,15239
202212,8호선,가락시장,3758,4559,8317
202212,8호선,강동구청,4891,5056,9947
202212,8호선,남위례,3180,3277,6457
202212,8호선,남한산성입구,7035,6423,13458
202212,8호선,단대오거리,5942,5839,11781
202212,8호선,모란,2855,2251,5106
202212,8호선,몽촌토성,4013,3934,7947
202212,8호선,문정,6438,6705,13143
202212,8호선,복정,5369,4944,10313
202212,8호선,산성,3082,3198,6280
202212,8호선,석촌,4512,5711,10223
202212,8호선,송파,4513,4561,9074
202212,8호선,수진,3256,2978,6234
202212,8호선,신흥,3220,3289,6509
202212,8호선,암사,9523,8966,18489
202212,8호선,잠실,12488,13441,25929
202212,8호선,장지,9695,9799,19494
202212,8호선,천호,9508,10743,20251
202212,9호선,가양,12091,11727,23818
202212,9호선,개화,1136,977,2113
202212,9호선,고속터미널,12770,18335,31105
202212,9호선,공항시장,1836,2059,3895
202212,9호선,구반포,623,650,1273
202212,9호선,국회의사당,6229,5791,12020
202212,9호선,김포공항,6716,9762,16478
202212,9호선,노들,2888,2497,5385
202212,9호선,노량진,16595,17238,33833
202212,9호선,당산,10870,10404,21274
202212,9호선,동작,1105,886,1991
202212,9호선,등촌,5497,5559,11056
202212,9호선,마곡나루,6689,6586,13275
202212,9호선,사평,1811,1741,3552
202212,9호선,샛강,2106,1783,3889
202212,9호선,선유도,3230,3243,6473
202212,9호선,신논현,17445,16509,33954
202212,9호선,신목동,1923,1738,3661
202212,9호선,신반포,2040,2065,4105
202212,9호선,신방화,3784,3721,7505
202212,9호선,양천향교,4375,4635,9010
202212,9호선,여의도,13493,11284,24777
202212,9호선,염창,9653,9509,19162
202212,9호선,증미,2597,2700,5297
202212,9호선,흑석,4109,4400,8509
202212,9호선2~3단계,둔촌오륜,670,660,1330
202212,9호선2~3단계,봉은사,12372,12859,25231
202212,9호선2~3단계,삼성중앙,2371,2425,4796
202212,9호선2~3단계,삼전,3821,3846,7667
202212,9호선2~3단계,석촌,5716,5064,10780
202212,9호선2~3단계,석촌고분,3630,3652,7282
202212,9호선2~3단계,선정릉,3394,3843,7237
202212,9호선2~3단계,송파나루,3521,3942,7463
202212,9호선2~3단계,언주,4327,4284,8611
202212,9호선2~3단계,올림픽공원,10103,10709,20812
202212,9호선2~3단계,종합운동장,2650,2449,5099
202212,9호선2~3단계,중앙보훈병원,4243,3961,8204
202212,9호선2~3단계,한성백제,1751,1612,3363
202212,경강선,경기광주,4288,4326,8614
202212,경강선,곤지암,1814,1803,3617
202212,경강선,부발,1598,2105,3703
202212,경강선,삼동,1164,1132,2296
202212,경강선,세종대왕릉,323,284,607
202212,경강선,신둔도예촌,1135,1173,2308
202212,경강선,여주,2222,2305,4527
202212,경강선,이매,745,577,1322
202212,경강선,이천,2295,2490,4785
202212,경강선,초월,1806,1737,3543
202212,경강선,판교,2908,2723,5631
202212,경부선,가산디지털단지,5341,7298,12639
202212,경부선,관악,5567,5134,10701
202212,경부선,광명,3445,2510,5955
202212,경부선,구로,12115,11884,23999
202212,경부선,군포,3414,3210,6624
202212,경부선,금정,16806,17074,33880
202212,경부선,금천구청,6733,6787,13520
202212,경부선,남영,5315,5695,11010
202212,경부선,노량진,7419,7800,15219
202212,경부선,당정,3388,3304,6692
202212,경부선,대방,5729,6496,12225
202212,경부선,독산,6781,6743,13524
202212,경부선,두정,5216,6375,11591
202212,경부선,명학,3563,3412,6975
202212,경부선,병점,10289,11137,21426
202212,경부선,서동탄,799,795,1594
202212,경부선,서울역,10282,2462,12744
202212,경부선,서정리,5355,8057,13412
202212,경부선,석수,5600,5321,10921
202212,경부선,성균관대,8891,9152,18043
202212,경부선,성환,2942,3611,6553
202212,경부선,세류,2375,2282,4657
202212,경부선,세마,2013,1895,3908
202212,경부선,송탄,4016,4984,9000
202212,경부선,수원,36982,35699,72681
202212,경부선,신길,5080,4677,9757
202212,경부선,신도림,2419,2774,5193
202212,경부선,안양,15133,14464,29597
202212,경부선,영등포,40578,38925,79503
202212,경부선,오산,8490,9082,17572
202212,경부선,오산대,2273,2161,4434
202212,경부선,용산,38671,35261,73932
202212,경부선,의왕,4559,4530,9089
202212,경부선,직산,588,709,1297
202212,경부선,진위,929,967,1896
202212,경부선,천안,6986,6992,13978
202212,경부선,평택,12984,14034,27018
202212,경부선,평택지제,3203,3124,6327
202212,경부선,화서,4693,4753,9446
202212,경원선,가능,4124,3980,8104
202212,경원선,광운대,4182,4267,8449
202212,경원선,녹양,2844,2720,5564
202212,경원선,녹천,2535,2232,4767
202212,경원선,덕계,2022,1858,3880
202212,경원선,덕정,3463,3794,7257
202212,경원선,도봉,3704,3340,7044
202212,경원선,도봉산,8430,5904,14334
202212,경원선,동두천,1425,1903,3328
202212,경원선,동두천중앙,2258,2131,4389
202212,경원선,망월사,4928,5001,9929
202212,경원선,방학,6231,6022,12253
202212,경원선,보산,1395,1530,2925
202212,경원선,서빙고,1659,1852,3511
202212,경원선,석계,5421,6003,11424
202212,경원선,소요산,3345,3022,6367
202212,경원선,신이문,5114,4746,9860
202212,경원선,양주,5072,5153,10225
202212,경원선,옥수,50,21,71
202212,경원선,왕십리,10212,11094,21306
202212,경원선,외대앞,5214,5382,10596
202212,경원선,월계,3788,3562,7350
202212,경원선,응봉,1117,993,2110
202212,경원선,의정부,15556,15411,30967
202212,경원선,이촌,2588,1918,4506
202212,경원선,지행,4824,4945,9769
202212,경원선,청량리,15438,14195,29633
202212,경원선,한남,2018,1954,3972
202212,경원선,회룡,8230,8162,16392
202212,경의선,가좌,3172,3184,6356
202212,경의선,강매,1583,1501,3084
202212,경의선,곡산,324,313,637
202212,경의선,공덕,2481,1643,4124
202212,경의선,금릉,3083,3073,6156
202212,경의선,금촌,4849,5338,10187
202212,경의선,능곡,2280,2123,4403
202212,경의선,디지털미디어시티,1585,1430,3015
202212,경의선,문산,3484,3876,7360
202212,경의선,백마,3431,3292,6723
202212,경의선,서강대,1347,1370,2717
202212,경의선,서울역,1277,1241,2518
202212,경의선,수색,954,957,1911
202212,경의선,신촌,300,310,610
202212,경의선,야당,5198,4971,10169
202212,경의선,운정,3885,3683,7568
202212,경의선,월롱,990,1913,2903
202212,경의선,일산,5042,4730,9772
202212,경의선,임진강,20,23,43
202212,경의선,탄현,4535,4145,8680
202212,경의선,파주,720,732,1452
202212,경의선,풍산,3667,3435,7102
202212,경의선,행신,5101,4632,9733
202212,경의선,홍대입구,1794,2025,3819
202212,경의선,화전,905,1030,1935
202212,경의선,효창공원앞,1376,1636,3012
202212,경인선,간석,3405,3228,6633
202212,경인선,개봉,13665,12795,26460
202212,경인선,구일,12796,14281,27077
202212,경인선,도원,1836,1760,3596
202212,경인선,도화,2517,2447,4964
202212,경인선,동암,11172,10758,21930
202212,경인선,동인천,10199,10006,20205
202212,경인선,백운,4197,4164,8361
202212,경인선,부개,5278,4966,10244
202212,경인선,부천,23087,22530,45617
202212,경인선,부평,24071,23835,47906
202212,경인선,소사,6287,6107,12394
202212,경인선,송내,15004,14784,29788
202212,경인선,역곡,15385,15332,30717
202212,경인선,오류동,7866,7053,14919
202212,경인선,온수,4194,3990,8184
202212,경인선,인천,3511,2936,6447
202212,경인선,제물포,5886,5833,11719
202212,경인선,주안,12723,11327,24050
202212,경인선,중동,5501,5164,10665
202212,경춘선,가평,1511,1266,2777
202212,경춘선,갈매,1508,1284,2792
202212,경춘선,강촌,487,340,827
202212,경춘선,굴봉산,153,149,302
202212,경춘선,금곡,817,842,1659
202212,경춘선,김유정,389,350,739
202212,경춘선,남춘천,2380,2708,5088
202212,경춘선,대성리,603,397,1000
202212,경춘선,마석,2557,2457,5014
202212,경춘선,백양리,264,187,451
202212,경춘선,별내,1854,1685,3539
202212,경춘선,사릉,1301,1275,2576
202212,경춘선,상천,246,166,412
202212,경춘선,신내,958,975,1933
202212,경춘선,천마산,1135,1047,2182
202212,경춘선,청평,1526,1359,2885
202212,경춘선,춘천,1420,1268,2688
202212,경춘선,퇴계원,2071,1893,3964
202212,경춘선,평내호평,3518,3431,6949
202212,공항철도 1호선,검암,3890,3869,7759
202212,공항철도 1호선,계양,6624,6254,12878
202212,공항철도 1호선,공덕,1708,2429,4137
202212,공항철도 1호선,공항화물청사,979,1012,1991
202212,공항철도 1호선,김포공항,9254,4952,14206
202212,공항철도 1호선,디지털미디어시티,4467,4454,8921
202212,공항철도 1호선,마곡나루,2969,3426,6395
202212,공항철도 1호선,서울역,11544,10138,21682
202212,공항철도 1호선,영종,2935,2834,5769
202212,공항철도 1호선,운서,6541,7146,13687
202212,공항철도 1호선,인천공항1터미널,10411,9896,20307
202212,공항철도 1호선,인천공항2터미널,4059,3740,7799
202212,공항철도 1호선,청라국제도시,3580,3415,6995
202212,공항철도 1호선,홍대입구,12085,11091,23176
202212,과천선,경마공원,16492,16779,33271
202212,과천선,과천,3935,3672,7607
202212,과천선,대공원,3386,3559,6945
202212,과천선,범계,16052,15587,31639
202212,과천선,선바위,4520,3964,8484
202212,과천선,인덕원,14161,14302,28463
202212,과천선,정부과천청사,4761,4945,9706
202212,과천선,평촌,7200,7074,14274
202212,분당선,가천대,4317,5130,9447
202212,분당선,강남구청,3444,4218,7662
202212,분당선,개포동,2152,2164,4316
202212,분당선,구룡,957,1079,2036
202212,분당선,구성,2549,2772,5321
202212,분당선,기흥,5355,5180,10535
202212,분당선,대모산입구,2265,2276,4541
202212,분당선,도곡,3018,3026,6044
202212,분당선,망포,6763,7296,14059
202212,분당선,매교,2311,2291,4602
202212,분당선,매탄권선,2851,2809,5660
202212,분당선,모란,12043,12443,24486
202212,분당선,미금,7881,8467,16348
202212,분당선,보정,1282,1230,2512
202212,분당선,복정,1,0,1
202212,분당선,상갈,2933,3152,6085
202212,분당선,서울숲,6456,6648,13104
202212,분당선,서현,15439,14976,30415
202212,분당선,선릉,3238,4978,8216
202212,분당선,선정릉,2196,2174,4370
202212,분당선,수내,6499,6236,12735
202212,분당선,수서,9219,9121,18340
202212,분당선,수원,6304,5053,11357
202212,분당선,수원시청,8327,8417,16744
202212,분당선,신갈,2238,2256,4494
202212,분당선,압구정로데오,11928,12804,24732
202212,분당선,야탑,15144,15469,30613
202212,분당선,영통,5065,5170,10235
202212,분당선,오리,5565,4778,10343
202212,분당선,이매,3401,3572,6973
202212,분당선,정자,7960,8311,16271
202212,분당선,죽전,8396,9212,17608
202212,분당선,청명,2262,2313,4575
202212,분당선,태평,8945,8666,17611
202212,분당선,한티,7861,7565,15426
202212,수인선,고색,1964,2069,4033
202212,수인선,남동인더스파크,619,631,1250
202212,수인선,달월,43,58,101
202212,수인선,사리,2778,2466,5244
202212,수인선,소래포구,4722,4518,9240
202212,수인선,송도,1647,1643,3290
202212,수인선,숭의,2100,1910,4010
202212,수인선,신포,1173,1211,2384
202212,수인선,야목,210,185,395
202212,수인선,어천,713,893,1606
202212,수인선,연수,3576,3545,7121
202212,수인선,오목천,1901,1943,3844
202212,수인선,원인재,2908,3051,5959
202212,수인선,월곶,1904,1746,3650
202212,수인선,인천,969,1515,2484
202212,수인선,인천논현,3244,3356,6600
202212,수인선,인하대,3265,3108,6373
202212,수인선,호구포,2157,2266,4423
202212,신림선,관악산,2666,2947,5613
202212,신림선,당곡,2294,2321,4615
202212,신림선,대방,1623,1216,2839
202212,신림선,보라매,1855,1721,3576
202212,신림선,보라매공원,1108,1141,2249
202212,신림선,보라매병원,2099,2194,4293
202212,신림선,샛강,822,1040,1862
202212,신림선,서울대벤처타운,5075,4919,9994
202212,신림선,서울지방병무청,1455,1625,3080
202212,신림선,서원,1927,1809,3736
202212,신림선,신림,1119,1571,2690
202212,안산선,고잔,5185,5143,10328
202212,안산선,대야미,3120,2861,5981
202212,안산선,반월,2690,2702,5392
202212,안산선,산본,9769,10228,19997
202212,안산선,상록수,10474,10306,20780
202212,안산선,수리산,2318,2218,4536
202212,안산선,신길온천,1347,1290,2637
202212,안산선,안산,11219,10096,21315
202212,안산선,오이도,6107,5798,11905
202212,안산선,정왕,6058,6415,12473
202212,안산선,중앙,13288,12912,26200
202212,안산선,초지,2796,2750,5546
202212,안산선,한대앞,5888,5815,11703
202212,우이신설선,4.19민주묘지,2006,1845,3851
202212,우이신설선,가오리,2592,2494,5086
202212,우이신설선,보문,1042,1010,2052
202212,우이신설선,북한산보국문,4210,3588,7798
202212,우이신설선,북한산우이,3314,3438,6752
202212,우이신설선,삼양,1241,1255,2496
202212,우이신설선,삼양사거리,1680,1643,3323
202212,우이신설선,성신여대입구,2209,2498,4707
202212,우이신설선,솔밭공원,1591,1413,3004
202212,우이신설선,솔샘,3120,2988,6108
202212,우이신설선,신설동,1316,1338,2654
202212,우이신설선,정릉,3091,2618,5709
202212,우이신설선,화계,2424,2207,4631
202212,일산선,대곡,1061,943,2004
202212,일산선,대화,6854,6126,12980
202212,일산선,마두,3541,3592,7133
202212,일산선,백석,6075,5886,11961
202212,일산선,삼송,11724,11623,23347
202212,일산선,원당,6461,6169,12630
202212,일산선,원흥,6523,6187,12710
202212,일산선,정발산,5578,5368,10946
202212,일산선,주엽,5089,5005,10094
202212,일산선,화정,10340,10357,20697
202212,장항선,배방,877,950,1827
202212,장항선,봉명,657,655,1312
202212,장항선,신창,1068,1423,2491
202212,장항선,쌍용,1454,1598,3052
202212,장항선,아산,3922,2551,6473
202212,장항선,온양온천,4066,3986,8052
202212,장항선,탕정,699,795,1494
202212,중앙선,구리,8030,8324,16354
202212,중앙선,국수,571,541,1112
202212,중앙선,덕소,3498,3491,6989
202212,중앙선,도농,5883,5752,11635
202212,중앙선,도심,1252,1146,2398
202212,중앙선,망우,5201,5056,10257
202212,중앙선,상봉,3777,3924,7701
202212,중앙선,신원,155,149,304
202212,중앙선,아신,469,450,919
202212,중앙선,양수,1571,1483,3054
202212,중앙선,양원,1463,1480,2943
202212,중앙선,양정,420,296,716
202212,중앙선,양평,2199,2116,4315
202212,중앙선,오빈,264,250,514
202212,중앙선,용문,1788,1528,3316
202212,중앙선,운길산,784,780,1564
202212,중앙선,원덕,325,296,621
202212,중앙선,중랑,3581,3481,7062
202212,중앙선,지평,29,33,62
202212,중앙선,팔당,983,982,1965
202212,중앙선,회기,16989,17266,34255
202212,1호선,동대문,11408,11324,22732
202212,1호선,동묘앞,10063,10451,20514
202212,1호선,서울역,49738,47889,97627
202212,1호선,시청,23289,22595,45884
202212,1호선,신설동,10704,10036,20740
202212,1호선,제기동,14887,15247,30134
202212,1호선,종각,29013,28365,57378
202212,1호선,종로3가,28509,27735,56244
202212,1호선,종로5가,24752,23787,48539
202212,1호선,청량리,18675,19291,37966
202212,2호선,강남,67123,67304,134427
202212,2호선,강변,34237,33204,67441
202212,2호선,건대입구,39298,43820,83118
202212,2호선,교대,20424,23841,44265
202212,2호선,구로디지털단지,40854,40127,80981
202212,2호선,구의,19597,18840,38437
202212,2호선,낙성대,23989,21846,45835
202212,2호선,당산,14559,16246,30805
202212,2호선,대림,19406,20335,39741
202212,2호선,도림천,865,865,1730
202212,2호선,동대문역사문화공원,13315,15487,28802
202212,2호선,뚝섬,18189,18529,36718
202212,2호선,문래,15049,16144,31193
202212,2호선,방배,11950,12449,24399
202212,2호선,봉천,19794,17920,37714
202212,2호선,사당,44641,47459,92100
202212,2호선,삼성,42763,41722,84485
202212,2호선,상왕십리,11060,10458,21518
202212,2호선,서울대입구,40948,39127,80075
202212,2호선,서초,14911,12592,27503
202212,2호선,선릉,28644,25639,54283
202212,2호선,성수,28410,31135,59545
202212,2호선,시청,19355,13578,32933
202212,2호선,신답,1135,1175,2310
202212,2호선,신당,12831,13738,26569
202212,2호선,신대방,21726,20438,42164
202212,2호선,신도림,49519,50595,100114
202212,2호선,신림,53029,50582,103611
202212,2호선,신설동,3831,3703,7534
202212,2호선,신정네거리,8485,8628,17113
202212,2호선,신촌,38850,39858,78708
202212,2호선,아현,8698,8224,16922
202212,2호선,양천구청,5154,5185,10339
202212,2호선,역삼,22755,24591,47346
202212,2호선,영등포구청,15800,16668,32468
202212,2호선,왕십리,15829,14732,30561
202212,2호선,용답,2321,2186,4507
202212,2호선,용두,1991,1921,3912
202212,2호선,을지로3가,15422,15584,31006
202212,2호선,을지로4가,10053,10758,20811
202212,2호선,을지로입구,38384,37312,75696
202212,2호선,이대,13718,14305,28023
202212,2호선,잠실,91194,88310,179504
202212,2호선,잠실나루,8408,8203,16611
202212,2호선,잠실새내,21068,22189,43257
202212,2호선,종합운동장,8086,8758,16844
202212,2호선,충정로,7319,7528,14847
202212,2호선,한양대,5272,5730,11002
202212,2호선,합정,34721,39220,73941
202212,2호선,홍대입구,83018,92537,175555
202212,3호선,가락시장,7656,7356,15012
202212,3호선,경복궁,20524,21188,41712
202212,3호선,경찰병원,4830,4698,9528
202212,3호선,고속터미널,63306,62062,125368
202212,3호선,교대,8862,5457,14319
202212,3호선,구파발,16870,17206,34076
202212,3호선,금호,6509,5787,12296
202212,3호선,남부터미널,27171,26295,53466
202212,3호선,녹번,11653,10252,21905
202212,3호선,대청,6677,6089,12766
202212,3호선,대치,9220,8784,18004
202212,3호선,도곡,3780,3943,7723
202212,3호선,독립문,6291,6454,12745
202212,3호선,동대입구,9746,10662,20408
202212,3호선,매봉,7354,7144,14498
202212,3호선,무악재,3267,3275,6542
202212,3호선,불광,13721,15187,28908
202212,3호선,수서,16612,16664,33276
202212,3호선,신사,28055,30495,58550
202212,3호선,안국,23675,24997,48672
202212,3호선,압구정,29221,31693,60914
202212,3호선,약수,10562,10061,20623
202212,3호선,양재,24803,26802,51605
202212,3호선,연신내,30978,29600,60578
202212,3호선,오금,4285,4009,8294
202212,3호선,옥수,7581,7552,15133
202212,3호선,을지로3가,7167,7207,14374
202212,3호선,일원,6152,5668,11820
202212,3호선,잠원,3646,3485,7131
202212,3호선,종로3가,7195,10805,18000
202212,3호선,지축,4456,4220,8676
202212,3호선,충무로,2,0,2
202212,3호선,학여울,3465,3507,6972
202212,3호선,홍제,14881,14091,28972
202212,4호선,길음,16955,16026,32981
202212,4호선,남태령,1452,860,2312
202212,4호선,노원,17728,20539,38267
202212,4호선,당고개,7766,7260,15026
202212,4호선,동대문,14533,15412,29945
202212,4호선,동대문역사문화공원,16601,14170,30771
202212,4호선,동작,860,955,1815
202212,4호선,명동,32705,37912,70617
202212,4호선,미아,12167,11347,23514
202212,4호선,미아사거리,25290,24547,49837
202212,4호선,사당,27743,26925,54668
202212,4호선,삼각지,6066,8293,14359
202212,4호선,상계,15325,13992,29317
202212,4호선,서울역,8800,21145,29945
202212,4호선,성신여대입구,19370,18582,37952
202212,4호선,수유,29925,29645,59570
202212,4호선,숙대입구,13794,13155,26949
202212,4호선,신용산,16355,16932,33287
202212,4호선,쌍문,24241,21541,45782
202212,4호선,이촌,10091,10587,20678
202212,4호선,창동,21305,22414,43719
202212,4호선,총신대입구,16591,18174,34765
202212,4호선,충무로,18579,20359,38938
202212,4호선,한성대입구,12261,12011,24272
202212,4호선,혜화,36740,38161,74901
202212,4호선,회현,27181,27299,54480
202212,5호선,강동,14960,13973,28933
202212,5호선,강일,3859,3246,7105
202212,5호선,개롱,4678,4887,9565
202212,5호선,개화산,4184,4018,8202
202212,5호선,거여,7354,6817,14171
202212,5호선,고덕,7110,6853,13963
202212,5호선,공덕,9184,9589,18773
202212,5호선,광나루,11479,10486,21965
202212,5호선,광화문,23638,24404,48042
202212,5호선,군자,9736,11237,20973
202212,5호선,굽은다리,8673,8302,16975
202212,5호선,길동,7054,7183,14237
202212,5호선,김포공항,8342,8567,16909
202212,5호선,까치산,23414,21576,44990
202212,5호선,답십리,11835,10867,22702
202212,5호선,동대문역사문화공원,1647,2122,3769
202212,5호선,둔촌동,7015,7223,14238
202212,5호선,마곡,6517,6673,13190
202212,5호선,마장,4821,4965,9786
202212,5호선,마천,5354,5336,10690
202212,5호선,마포,9993,10451,20444
202212,5호선,명일,6914,6890,13804
202212,5호선,목동,13047,13292,26339
202212,5호선,미사,13981,13846,27827
202212,5호선,발산,17166,18957,36123
202212,5호선,방이,5816,5810,11626
202212,5호선,방화,5154,4921,10075
202212,5호선,상일동,10696,10224,20920
202212,5호선,서대문,9509,9142,18651
202212,5호선,송정,5527,5254,10781
202212,5호선,신금호,4834,4874,9708
202212,5호선,신길,3173,3332,6505
202212,5호선,신정,10313,8719,19032
202212,5호선,아차산,12765,12098,24863
202212,5호선,애오개,4206,4091,8297
202212,5호선,양평,4223,3930,8153
202212,5호선,여의나루,9405,14873,24278
202212,5호선,여의도,18100,17650,35750
202212,5호선,영등포구청,2370,2284,4654
202212,5호선,영등포시장,10740,11502,22242
202212,5호선,오금,2275,2148,4423
202212,5호선,오목교,18602,19303,37905
202212,5호선,올림픽공원,5762,4839,10601
202212,5호선,왕십리,4057,5243,9300
202212,5호선,우장산,11245,11078,22323
202212,5호선,을지로4가,3718,4396,8114
202212,5호선,장한평,13477,13129,26606
202212,5호선,종로3가,16668,16741,33409
202212,5호선,천호,19285,18144,37429
202212,5호선,청구,2759,2611,5370
202212,5호선,충정로,2311,2177,4488
202212,5호선,하남검단산,5937,5709,11646
202212,5호선,하남시청,6589,6212,12801
202212,5호선,하남풍산,3192,3192,6384
202212,5호선,행당,6203,5367,11570
202212,5호선,화곡,23280,20849,44129
202212,6호선,고려대,6668,6259,12927
202212,6호선,공덕,12073,11949,24022
202212,6호선,광흥창,5878,5700,11578
202212,6호선,구산,5952,4595,10547
202212,6호선,녹사평,5526,6258,11784
202212,6호선,대흥,6736,6820,13556
202212,6호선,독바위,2220,2318,4538
202212,6호선,돌곶이,7464,6577,14041
202212,6호선,동묘앞,8522,8263,16785
202212,6호선,디지털미디어시티,8862,9135,17997
202212,6호선,마포구청,10432,9082,19514
202212,6호선,망원,15031,16337,31368
202212,6호선,버티고개,1776,1782,3558
202212,6호선,보문,6107,5360,11467
202212,6호선,봉화산,5994,5755,11749
202212,6호선,불광,4321,3794,8115
202212,6호선,삼각지,7814,7567,15381
202212,6호선,상수,11317,13833,25150
202212,6호선,상월곡,4617,3946,8563
202212,6호선,새절,9695,8940,18635
202212,6호선,석계,9798,10088,19886
202212,6호선,신내,1,0,1
202212,6호선,신당,7443,6899,14342
202212,6호선,안암,9850,9557,19407
202212,6호선,약수,2882,3052,5934
202212,6호선,역촌,2964,3493,6457
202212,6호선,연신내,4,0,4
202212,6호선,월곡,8681,8318,16999
202212,6호선,월드컵경기장,5194,5568,10762
202212,6호선,응암,13805,13296,27101
202212,6호선,이태원,11675,13110,24785
202212,6호선,증산,8179,7768,15947
202212,6호선,창신,2470,2133,4603
202212,6호선,청구,2751,2547,5298
202212,6호선,태릉입구,4780,4886,9666
202212,6호선,한강진,8810,10508,19318
202212,6호선,합정,14845,14553,29398
202212,6호선,화랑대,8248,6319,14567
202212,6호선,효창공원앞,5728,5252,10980
202212,7호선,가산디지털단지,17084,15085,32169
202212,7호선,강남구청,11500,12917,24417
202212,7호선,건대입구,13747,14518,28265
202212,7호선,고속터미널,19320,13965,33285
202212,7호선,공릉,10127,9719,19846
202212,7호선,광명사거리,18067,18156,36223
202212,7호선,군자,12689,9286,21975
202212,7호선,남구로,9245,9529,18774
202212,7호선,남성,8828,7910,16738
202212,7호선,내방,8947,8954,17901
202212,7호선,노원,18086,18493,36579
202212,7호선,논현,10968,12293,23261
202212,7호선,대림,8332,9178,17510
202212,7호선,도봉산,6317,8279,14596
202212,7호선,뚝섬유원지,6207,6015,12222
202212,7호선,마들,10052,9192,19244
202212,7호선,먹골,8630,8077,16707
202212,7호선,면목,12181,11532,23713
202212,7호선,반포,5210,4955,10165
202212,7호선,보라매,6070,6037,12107
202212,7호선,사가정,13743,13238,26981
202212,7호선,상도,8979,8211,17190
202212,7호선,상봉,15408,14796,30204
202212,7호선,수락산,10784,10496,21280
202212,7호선,숭실대입구,10301,9842,20143
202212,7호선,신대방삼거리,11768,10848,22616
202212,7호선,신풍,9264,8684,17948
202212,7호선,어린이대공원,12430,12138,24568
202212,7호선,온수,6291,6165,12456
202212,7호선,용마산,4467,4346,8813
202212,7호선,이수,15248,14081,29329
202212,7호선,장승배기,7149,6874,14023
202212,7호선,장암,1623,1065,2688
202212,7호선,중계,10343,9115,19458
202212,7호선,중곡,7706,7021,14727
202212,7호선,중화,8384,7963,16347
202212,7호선,천왕,7923,7258,15181
202212,7호선,철산,18566,18830,37396
202212,7호선,청담,12575,13907,26482
202212,7호선,태릉입구,7727,7018,14745
202212,7호선,하계,14141,13202,27343
202212,7호선,학동,13246,14141,27387
202212,8호선,가락시장,7217,7711,14928
202212,8호선,강동구청,7350,7376,14726
202212,8호선,남위례,4584,4609,9193
202212,8호선,남한산성입구,10060,8532,18592
202212,8호선,단대오거리,9192,8506,17698
202212,8호선,모란,3977,3612,7589
202212,8호선,몽촌토성,5518,5820,11338
202212,8호선,문정,10239,10303,20542
202212,8호선,복정,6833,5574,12407
202212,8호선,산성,4485,4274,8759
202212,8호선,석촌,7068,8550,15618
202212,8호선,송파,7551,7300,14851
202212,8호선,수진,4777,4145,8922
202212,8호선,신흥,4666,4841,9507
202212,8호선,암사,14133,12848,26981
202212,8호선,잠실,19548,22252,41800
202212,8호선,장지,14839,13353,28192
202212,8호선,천호,13510,16141,29651
202212,9호선,가양,16155,15114,31269
202212,9호선,개화,1571,1324,2895
202212,9호선,고속터미널,16428,24465,40893
202212,9호선,공항시장,2447,2551,4998
202212,9호선,구반포,1115,1153,2268
202212,9호선,국회의사당,6472,6686,13158
202212,9호선,김포공항,8631,11809,20440
202212,9호선,노들,3646,3088,6734
202212,9호선,노량진,26677,25642,52319
202212,9호선,당산,16145,15170,31315
202212,9호선,동작,1417,1108,2525
202212,9호선,등촌,8169,7852,16021
202212,9호선,마곡나루,9584,9459,19043
202212,9호선,사평,3044,2752,5796
202212,9호선,샛강,3570,3375,6945
202212,9호선,선유도,4894,4596,9490
202212,9호선,신논현,29849,30717,60566
202212,9호선,신목동,2766,2299,5065
202212,9호선,신반포,3321,3240,6561
202212,9호선,신방화,5464,5175,10639
202212,9호선,양천향교,6637,6372,13009
202212,9호선,여의도,19495,17033,36528
202212,9호선,염창,13907,12433,26340
202212,9호선,증미,4013,3683,7696
202212,9호선,흑석,6626,6620,13246
202212,9호선2~3단계,둔촌오륜,859,890,1749
202212,9호선2~3단계,봉은사,17515,18963,36478
202212,9호선2~3단계,삼성중앙,4223,4473,8696
202212,9호선2~3단계,삼전,5998,5551,11549
202212,9호선2~3단계,석촌,8280,6718,14998
202212,9호선2~3단계,석촌고분,5261,4937,10198
202212,9호선2~3단계,선정릉,5647,6308,11955
202212,9호선2~3단계,송파나루,5452,6083,11535
202212,9호선2~3단계,언주,7754,7824,15578
202212,9호선2~3단계,올림픽공원,12460,12318,24778
202212,9호선2~3단계,종합운동장,4051,3488,7539
202212,9호선2~3단계,중앙보훈병원,5977,5330,11307
202212,9호선2~3단계,한성백제,2438,2076,4514
202212,경강선,경기광주,6542,5884,12426
202212,경강선,곤지암,2349,2095,4444
202212,경강선,부발,2291,2018,4309
202212,경강선,삼동,1776,1678,3454
202212,경강선,세종대왕릉,368,361,729
202212,경강선,신둔도예촌,1492,1402,2894
202212,경강선,여주,2839,2765,5604
202212,경강선,이매,934,712,1646
202212,경강선,이천,3363,3312,6675
202212,경강선,초월,2680,2407,5087
202212,경강선,판교,3933,3957,7890
202212,경부선,가산디지털단지,7127,9599,16726
202212,경부선,관악,6477,6507,12984
202212,경부선,광명,3786,3403,7189
202212,경부선,구로,15602,16548,32150
202212,경부선,군포,4736,4127,8863
202212,경부선,금정,23357,23250,46607
202212,경부선,금천구청,9314,9188,18502
202212,경부선,남영,8216,8812,17028
202212,경부선,노량진,10974,11859,22833
202212,경부선,당정,4730,4349,9079
202212,경부선,대방,8087,8849,16936
202212,경부선,독산,10372,10009,20381
202212,경부선,두정,7477,7281,14758
202212,경부선,명학,5336,4991,10327
202212,경부선,병점,14861,14544,29405
202212,경부선,서동탄,1243,1249,2492
202212,경부선,서울역,12315,3187,15502
202212,경부선,서정리,9630,7288,16918
202212,경부선,석수,7464,6836,14300
202212,경부선,성균관대,12690,12370,25060
202212,경부선,성환,3468,3007,6475
202212,경부선,세류,3076,3088,6164
202212,경부선,세마,2695,2332,5027
202212,경부선,송탄,5738,5025,10763
202212,경부선,수원,46968,51017,97985
202212,경부선,신길,6679,5491,12170
202212,경부선,신도림,2968,3488,6456
202212,경부선,안양,20667,20596,41263
202212,경부선,영등포,54849,57634,112483
202212,경부선,오산,10827,10227,21054
202212,경부선,오산대,3231,2817,6048
202212,경부선,용산,50368,52304,102672
202212,경부선,의왕,6470,6172,12642
202212,경부선,직산,957,797,1754
202212,경부선,진위,1235,1001,2236
202212,경부선,천안,7913,8103,16016
202212,경부선,평택,16845,15877,32722
202212,경부선,평택지제,4948,4176,9124
202212,경부선,화서,6743,6485,13228
202212,경원선,가능,5362,5005,10367
202212,경원선,광운대,5697,5580,11277
202212,경원선,녹양,3983,3728,7711
202212,경원선,녹천,3321,2695,6016
202212,경원선,덕계,2750,2374,5124
202212,경원선,덕정,5425,4746,10171
202212,경원선,도봉,4606,4298,8904
202212,경원선,도봉산,7512,4925,12437
202212,경원선,동두천,1662,1848,3510
202212,경원선,동두천중앙,2600,2627,5227
202212,경원선,망월사,6097,6053,12150
202212,경원선,방학,7919,7610,15529
202212,경원선,보산,2016,1896,3912
202212,경원선,서빙고,1498,1497,2995
202212,경원선,석계,7401,7760,15161
202212,경원선,소요산,2809,2196,5005
202212,경원선,신이문,6695,6051,12746
202212,경원선,양주,6859,6473,13332
202212,경원선,옥수,40,43,83
202212,경원선,왕십리,15602,17055,32657
202212,경원선,외대앞,7233,6970,14203
202212,경원선,월계,4953,4413,9366
202212,경원선,응봉,1479,1242,2721
202212,경원선,의정부,20262,21861,42123
202212,경원선,이촌,3233,2571,5804
202212,경원선,지행,6465,6211,12676
202212,경원선,창동,1,0,1
202212,경원선,청량리,19160,19359,38519
202212,경원선,한남,2793,2884,5677
202212,경원선,회룡,10491,10218,20709
202212,경의선,가좌,4611,4468,9079
202212,경의선,강매,2064,1894,3958
202212,경의선,곡산,381,381,762
202212,경의선,공덕,3817,2699,6516
202212,경의선,금릉,4311,3946,8257
202212,경의선,금촌,6043,5771,11814
202212,경의선,능곡,2950,2930,5880
202212,경의선,디지털미디어시티,2475,2092,4567
202212,경의선,문산,5243,4774,10017
202212,경의선,백마,5069,4769,9838
202212,경의선,서강대,1833,1855,3688
202212,경의선,서울역,1735,1878,3613
202212,경의선,수색,1650,1532,3182
202212,경의선,신촌,422,494,916
202212,경의선,야당,7356,7621,14977
202212,경의선,운정,5516,4949,10465
202212,경의선,운천,123,98,221
202212,경의선,월롱,1769,1399,3168
202212,경의선,일산,6811,6453,13264
202212,경의선,임진강,35,33,68
202212,경의선,탄현,6272,5781,12053
202212,경의선,파주,996,701,1697
202212,경의선,풍산,4817,4686,9503
202212,경의선,행신,6476,6615,13091
202212,경의선,홍대입구,2186,2869,5055
202212,경의선,화전,2563,2124,4687
202212,경의선,효창공원앞,2161,2214,4375
202212,경인선,간석,5205,4832,10037
202212,경인선,개봉,18760,18166,36926
202212,경인선,구일,4885,4581,9466
202212,경인선,도원,2240,2170,4410
202212,경인선,도화,3494,3052,6546
202212,경인선,동암,15024,15417,30441
202212,경인선,동인천,13017,12798,25815
202212,경인선,백운,6026,5916,11942
202212,경인선,부개,7256,6648,13904
202212,경인선,부천,31286,32770,64056
202212,경인선,부평,32609,36090,68699
202212,경인선,소사,8144,7868,16012
202212,경인선,송내,22102,21365,43467
202212,경인선,역곡,23140,22178,45318
202212,경인선,오류동,10081,9083,19164
202212,경인선,온수,5376,4768,10144
202212,경인선,인천,3750,3107,6857
202212,경인선,제물포,8264,7676,15940
202212,경인선,주안,19220,16583,35803
202212,경인선,중동,7522,6912,14434
202212,경춘선,가평,1795,2002,3797
202212,경춘선,갈매,2115,1692,3807
202212,경춘선,강촌,417,433,850
202212,경춘선,굴봉산,119,166,285
202212,경춘선,금곡,1049,911,1960
202212,경춘선,김유정,349,387,736
202212,경춘선,남춘천,3472,3498,6970
202212,경춘선,대성리,762,826,1588
202212,경춘선,마석,3380,3135,6515
202212,경춘선,백양리,374,360,734
202212,경춘선,별내,2257,2133,4390
202212,경춘선,사릉,1649,1523,3172
202212,경춘선,상천,200,243,443
202212,경춘선,신내,1298,1200,2498
202212,경춘선,천마산,1318,1189,2507
202212,경춘선,청평,1601,1686,3287
202212,경춘선,춘천,1582,1521,3103
202212,경춘선,퇴계원,2697,2415,5112
202212,경춘선,평내호평,4613,4439,9052
202212,공항철도 1호선,검암,4926,4942,9868
202212,공항철도 1호선,계양,9509,8666,18175
202212,공항철도 1호선,공덕,2083,3469,5552
202212,공항철도 1호선,공항화물청사,1324,1295,2619
202212,공항철도 1호선,김포공항,10774,5479,16253
202212,공항철도 1호선,디지털미디어시티,7674,7211,14885
202212,공항철도 1호선,마곡나루,3884,4418,8302
202212,공항철도 1호선,서울역,12722,12234,24956
202212,공항철도 1호선,영종,3823,3705,7528
202212,공항철도 1호선,운서,8192,8312,16504
202212,공항철도 1호선,인천공항1터미널,11026,10541,21567
202212,공항철도 1호선,인천공항2터미널,3934,3678,7612
202212,공항철도 1호선,청라국제도시,5145,4937,10082
202212,공항철도 1호선,홍대입구,15841,16630,32471
202212,과천선,경마공원,11729,11780,23509
202212,과천선,과천,5664,5242,10906
202212,과천선,대공원,3677,3808,7485
202212,과천선,범계,24981,24630,49611
202212,과천선,선바위,6078,5148,11226
202212,과천선,인덕원,20620,20325,40945
202212,과천선,정부과천청사,7225,7235,14460
202212,과천선,평촌,11811,11886,23697
202212,분당선,가천대,5984,6374,12358
202212,분당선,강남구청,5982,7497,13479
202212,분당선,개포동,3192,3120,6312
202212,분당선,구룡,1676,1490,3166
202212,분당선,구성,3948,4074,8022
202212,분당선,기흥,8683,7948,16631
202212,분당선,대모산입구,3485,3236,6721
202212,분당선,도곡,5718,5050,10768
202212,분당선,망포,12063,10945,23008
202212,분당선,매교,3425,3360,6785
202212,분당선,매탄권선,4394,3990,8384
202212,분당선,모란,17480,18262,35742
202212,분당선,미금,12254,12769,25023
202212,분당선,보정,1980,1796,3776
202212,분당선,복정,2,0,2
202212,분당선,상갈,4575,4452,9027
202212,분당선,서울숲,9252,9648,18900
202212,분당선,서현,22382,22517,44899
202212,분당선,선릉,6103,9663,15766
202212,분당선,선정릉,3835,3971,7806
202212,분당선,수내,10117,9769,19886
202212,분당선,수서,12521,12618,25139
202212,분당선,수원,9066,7392,16458
202212,분당선,수원시청,13960,16699,30659
202212,분당선,신갈,3473,3293,6766
202212,분당선,압구정로데오,21214,25592,46806
202212,분당선,야탑,22492,23951,46443
202212,분당선,영통,8575,8466,17041
202212,분당선,오리,9115,7251,16366
202212,분당선,이매,4670,4593,9263
202212,분당선,정자,12660,13449,26109
202212,분당선,죽전,12537,13877,26414
202212,분당선,청명,3513,3320,6833
202212,분당선,태평,12208,11321,23529
202212,분당선,한티,11913,11759,23672
202212,수인선,고색,3160,3015,6175
202212,수인선,남동인더스파크,1172,1131,2303
202212,수인선,달월,61,72,133
202212,수인선,사리,4402,3545,7947
202212,수인선,소래포구,5391,5502,10893
202212,수인선,송도,2317,2123,4440
202212,수인선,숭의,3179,2826,6005
202212,수인선,신포,1623,1802,3425
202212,수인선,야목,299,225,524
202212,수인선,어천,999,806,1805
202212,수인선,연수,5060,5130,10190
202212,수인선,오목천,3121,2409,5530
202212,수인선,원인재,4351,4283,8634
202212,수인선,월곶,2515,2310,4825
202212,수인선,인천,966,1708,2674
202212,수인선,인천논현,5471,5617,11088
202212,수인선,인하대,5294,4775,10069
202212,수인선,호구포,3253,3110,6363
202212,신림선,관악산,1906,1937,3843
202212,신림선,당곡,3533,3274,6807
202212,신림선,대방,2454,1623,4077
202212,신림선,보라매,2627,2362,4989
202212,신림선,보라매공원,1290,1329,2619
202212,신림선,보라매병원,3430,3459,6889
202212,신림선,샛강,941,1356,2297
202212,신림선,서울대벤처타운,7124,6309,13433
202212,신림선,서울지방병무청,2143,2262,4405
202212,신림선,서원,2844,2328,5172
202212,신림선,신림,1399,1943,3342
202212,안산선,고잔,7940,7994,15934
202212,안산선,대야미,4209,3582,7791
202212,안산선,반월,3720,3366,7086
202212,안산선,산본,14819,15734,30553
202212,안산선,상록수,14050,13807,27857
202212,안산선,수리산,3087,2474,5561
202212,안산선,신길온천,1745,1591,3336
202212,안산선,안산,10855,11275,22130
202212,안산선,오이도,8200,8354,16554
202212,안산선,정왕,7790,7657,15447
202212,안산선,중앙,19301,20668,39969
202212,안산선,초지,4233,4005,8238
202212,안산선,한대앞,8544,8592,17136
202212,우이신설선,4.19민주묘지,2366,2186,4552
202212,우이신설선,가오리,3287,3085,6372
202212,우이신설선,보문,1324,1386,2710
202212,우이신설선,북한산보국문,5440,4716,10156
202212,우이신설선,북한산우이,3080,3123,6203
202212,우이신설선,삼양,1521,1614,3135
202212,우이신설선,삼양사거리,1987,1965,3952
202212,우이신설선,성신여대입구,3091,3671,6762
202212,우이신설선,솔밭공원,1936,1771,3707
202212,우이신설선,솔샘,4465,3795,8260
202212,우이신설선,신설동,1466,1420,2886
202212,우이신설선,정릉,4025,3432,7457
202212,우이신설선,화계,2619,2420,5039
202212,일산선,대곡,1463,1213,2676
202212,일산선,대화,10307,9200,19507
202212,일산선,마두,5786,5895,11681
202212,일산선,백석,8601,8757,17358
202212,일산선,삼송,16483,15492,31975
202212,일산선,원당,9115,8434,17549
202212,일산선,원흥,9033,8249,17282
202212,일산선,정발산,7684,8280,15964
202212,일산선,주엽,7726,7692,15418
202212,일산선,화정,14460,14819,29279
202212,장항선,배방,1346,1177,2523
202212,장항선,봉명,1007,928,1935
202212,장항선,신창,1152,977,2129
202212,장항선,쌍용,2303,1980,4283
202212,장항선,아산,4726,4488,9214
202212,장항선,온양온천,5053,4896,9949
202212,장항선,탕정,1297,1062,2359
202212,중앙선,구리,11268,11642,22910
202212,중앙선,국수,683,607,1290
202212,중앙선,덕소,4651,4693,9344
202212,중앙선,도농,8328,7884,16212
202212,중앙선,도심,1624,1341,2965
202212,중앙선,망우,6890,6691,13581
202212,중앙선,상봉,5014,5027,10041
202212,중앙선,신원,167,160,327
202212,중앙선,아신,523,519,1042
202212,중앙선,양수,1657,1645,3302
202212,중앙선,양원,2086,1944,4030
202212,중앙선,양정,438,337,775
202212,중앙선,양평,2642,2795,5437
202212,중앙선,오빈,286,269,555
202212,중앙선,용문,1710,1971,3681
202212,중앙선,운길산,625,659,1284
202212,중앙선,원덕,322,373,695
202212,중앙선,중랑,4872,4589,9461
202212,중앙선,지평,48,44,92
202212,중앙선,팔당,902,965,1867
202212,중앙선,회기,23691,22487,46178
202212,1호선,동대문,9395,9746,19141
202212,1호선,동묘앞,9161,8967,18128
202212,1호선,서울역,35939,35850,71789
202212,1호선,시청,11471,10413,21884
202212,1호선,신설동,7353,7295,14648
202212,1호선,제기동,8878,9213,18091
202212,1호선,종각,15105,13386,28491
202212,1호선,종로3가,15677,13687,29364
202212,1호선,종로5가,11832,10767,22599
202212,1호선,청량리,11750,11890,23640
202212,2호선,강남,37047,35020,72067
202212,2호선,강변,24304,24245,48549
202212,2호선,건대입구,27578,28674,56252
202212,2호선,교대,11299,12838,24137
202212,2호선,구로디지털단지,26293,26197,52490
202212,2호선,구의,12216,12238,24454
202212,2호선,낙성대,16434,16826,33260
202212,2호선,당산,8473,9594,18067
202212,2호선,대림,16188,16618,32806
202212,2호선,도림천,456,537,993
202212,2호선,동대문역사문화공원,10837,13207,24044
202212,2호선,뚝섬,12833,12795,25628
202212,2호선,문래,8995,9427,18422
202212,2호선,방배,7261,7740,15001
202212,2호선,봉천,13344,12981,26325
202212,2호선,사당,26385,28408,54793
202212,2호선,삼성,29656,28444,58100
202212,2호선,상왕십리,7381,7088,14469
202212,2호선,서울대입구,27013,27707,54720
202212,2호선,서초,14049,12801,26850
202212,2호선,선릉,15693,13251,28944
202212,2호선,성수,18256,19635,37891
202212,2호선,시청,8952,6764,15716
202212,2호선,신답,753,815,1568
202212,2호선,신당,8351,9052,17403
202212,2호선,신대방,15582,15359,30941
202212,2호선,신도림,31757,32366,64123
202212,2호선,신림,37348,36190,73538
202212,2호선,신설동,2914,2920,5834
202212,2호선,신정네거리,5364,5544,10908
202212,2호선,신촌,28025,26577,54602
202212,2호선,아현,5534,5409,10943
202212,2호선,양천구청,3405,3463,6868
202212,2호선,역삼,13053,13942,26995
202212,2호선,영등포구청,9806,10171,19977
202212,2호선,왕십리,10351,9623,19974
202212,2호선,용답,1671,1698,3369
202212,2호선,용두,1189,1262,2451
202212,2호선,을지로3가,10639,10442,21081
202212,2호선,을지로4가,4956,4951,9907
202212,2호선,을지로입구,25113,23841,48954
202212,2호선,이대,10012,10620,20632
202212,2호선,잠실,62747,59103,121850
202212,2호선,잠실나루,5316,5418,10734
202212,2호선,잠실새내,12575,13111,25686
202212,2호선,종합운동장,6469,7014,13483
202212,2호선,충정로,4187,4487,8674
202212,2호선,한양대,2791,3317,6108
202212,2호선,합정,23358,24379,47737
202212,2호선,홍대입구,59736,58790,118526
202212,3호선,가락시장,4363,4466,8829
202212,3호선,경복궁,12911,12917,25828
202212,3호선,경찰병원,2968,3059,6027
202212,3호선,고속터미널,50549,47113,97662
202212,3호선,교대,5154,3185,8339
202212,3호선,구파발,11238,11802,23040
202212,3호선,금호,4203,4053,8256
202212,3호선,남부터미널,16807,18125,34932
202212,3호선,녹번,7657,6893,14550
202212,3호선,대청,4284,4330,8614
202212,3호선,대치,4906,4744,9650
202212,3호선,도곡,2183,2321,4504
202212,3호선,독립문,3805,3979,7784
202212,3호선,동대입구,6472,6790,13262
202212,3호선,매봉,4461,4445,8906
202212,3호선,무악재,2032,2121,4153
202212,3호선,불광,9467,10388,19855
202212,3호선,수서,11944,11781,23725
202212,3호선,신사,15393,15247,30640
202212,3호선,안국,14421,14628,29049
202212,3호선,압구정,15831,16642,32473
202212,3호선,약수,7289,6912,14201
202212,3호선,양재,15520,17123,32643
202212,3호선,연신내,20230,19198,39428
202212,3호선,오금,2856,2806,5662
202212,3호선,옥수,4883,5075,9958
202212,3호선,을지로3가,4481,3873,8354
202212,3호선,일원,3851,3980,7831
202212,3호선,잠원,2026,2097,4123
202212,3호선,종로3가,4270,5548,9818
202212,3호선,지축,2789,2661,5450
202212,3호선,충무로,1,0,1
202212,3호선,학여울,1222,1281,2503
202212,3호선,홍제,9723,9438,19161
202212,4호선,길음,12546,11889,24435
202212,4호선,남태령,765,535,1300
202212,4호선,노원,12565,13419,25984
202212,4호선,당고개,5460,5318,10778
202212,4호선,동대문,7854,8645,16499
202212,4호선,동대문역사문화공원,13260,11407,24667
202212,4호선,동작,512,622,1134
202212,4호선,명동,23283,25152,48435
202212,4호선,미아,8398,7962,16360
202212,4호선,미아사거리,16678,16011,32689
202212,4호선,사당,18155,17374,35529
202212,4호선,삼각지,3744,4670,8414
202212,4호선,상계,10165,9407,19572
202212,4호선,서울역,5524,15864,21388
202212,4호선,성신여대입구,13445,13001,26446
202212,4호선,수유,21065,20120,41185
202212,4호선,숙대입구,9017,8498,17515
202212,4호선,신용산,11028,11339,22367
202212,4호선,쌍문,16582,15037,31619
202212,4호선,이촌,6189,6516,12705
202212,4호선,창동,14520,15060,29580
202212,4호선,총신대입구,10221,11153,21374
202212,4호선,충무로,10000,10693,20693
202212,4호선,한성대입구,7916,8099,16015
202212,4호선,혜화,26723,26995,53718
202212,4호선,회현,12330,12247,24577
202212,5호선,강동,9680,9595,19275
202212,5호선,강일,2505,2276,4781
202212,5호선,개롱,2838,3115,5953
202212,5호선,개화산,2773,2716,5489
202212,5호선,거여,4639,4511,9150
202212,5호선,고덕,4287,4452,8739
202212,5호선,공덕,5267,5528,10795
202212,5호선,광나루,7657,7165,14822
202212,5호선,광화문,13357,13508,26865
202212,5호선,군자,6514,7384,13898
202212,5호선,굽은다리,6170,5924,12094
202212,5호선,길동,4534,4591,9125
202212,5호선,김포공항,6865,7282,14147
202212,5호선,까치산,15893,15400,31293
202212,5호선,답십리,8118,7623,15741
202212,5호선,동대문역사문화공원,1209,1318,2527
202212,5호선,둔촌동,4961,5052,10013
202212,5호선,마곡,4042,4144,8186
202212,5호선,마장,3112,3119,6231
202212,5호선,마천,3595,3809,7404
202212,5호선,마포,5643,5701,11344
202212,5호선,명일,4973,5009,9982
202212,5호선,목동,8035,8325,16360
202212,5호선,미사,9092,9224,18316
202212,5호선,발산,10432,10977,21409
202212,5호선,방이,3925,3708,7633
202212,5호선,방화,3446,3591,7037
202212,5호선,상일동,6445,6635,13080
202212,5호선,서대문,5403,5323,10726
202212,5호선,송정,3923,3723,7646
202212,5호선,신금호,2981,3184,6165
202212,5호선,신길,2213,2457,4670
202212,5호선,신정,6576,5936,12512
202212,5호선,아차산,8688,8736,17424
202212,5호선,애오개,2623,2763,5386
202212,5호선,양평,2736,2913,5649
202212,5호선,여의나루,7060,10718,17778
202212,5호선,여의도,12074,11374,23448
202212,5호선,영등포구청,1579,1459,3038
202212,5호선,영등포시장,6714,6932,13646
202212,5호선,오금,1574,1531,3105
202212,5호선,오목교,12209,12416,24625
202212,5호선,올림픽공원,3175,2925,6100
202212,5호선,왕십리,2645,3350,5995
202212,5호선,우장산,7050,7142,14192
202212,5호선,을지로4가,1838,1965,3803
202212,5호선,장한평,8696,8673,17369
202212,5호선,종로3가,10575,9144,19719
202212,5호선,천호,13576,12482,26058
202212,5호선,청구,1819,1790,3609
202212,5호선,충정로,1706,1680,3386
202212,5호선,하남검단산,4440,4378,8818
202212,5호선,하남시청,4194,4109,8303
202212,5호선,하남풍산,2825,2860,5685
202212,5호선,행당,4048,3677,7725
202212,5호선,화곡,15213,14297,29510
202212,6호선,고려대,4115,4132,8247
202212,6호선,공덕,7532,7298,14830
202212,6호선,광흥창,4219,4174,8393
202212,6호선,구산,3959,3186,7145
202212,6호선,녹사평,3653,3649,7302
202212,6호선,대흥,3996,4217,8213
202212,6호선,독바위,1336,1546,2882
202212,6호선,돌곶이,5960,5666,11626
202212,6호선,동묘앞,5715,5729,11444
202212,6호선,디지털미디어시티,5659,6205,11864
202212,6호선,마포구청,7161,6566,13727
202212,6호선,망원,9308,9839,19147
202212,6호선,버티고개,1074,1196,2270
202212,6호선,보문,4039,3923,7962
202212,6호선,봉화산,3908,3896,7804
202212,6호선,불광,3104,2621,5725
202212,6호선,삼각지,4010,3345,7355
202212,6호선,상수,7539,7961,15500
202212,6호선,상월곡,3356,2999,6355
202212,6호선,새절,6511,6381,12892
202212,6호선,석계,6441,6773,13214
202212,6호선,신당,4728,5112,9840
202212,6호선,안암,4525,4990,9515
202212,6호선,약수,1759,1797,3556
202212,6호선,역촌,2146,2458,4604
202212,6호선,연신내,1,0,1
202212,6호선,월곡,5388,5312,10700
202212,6호선,월드컵경기장,3269,3342,6611
202212,6호선,응암,9434,9667,19101
202212,6호선,이태원,8716,7925,16641
202212,6호선,증산,5544,5546,11090
202212,6호선,창신,1561,1440,3001
202212,6호선,청구,1724,1629,3353
202212,6호선,태릉입구,3195,3352,6547
202212,6호선,한강진,7231,7793,15024
202212,6호선,합정,9977,9181,19158
202212,6호선,화랑대,5059,4616,9675
202212,6호선,효창공원앞,3399,3084,6483
202212,7호선,가산디지털단지,11474,10169,21643
202212,7호선,강남구청,6543,7204,13747
202212,7호선,건대입구,8813,9258,18071
202212,7호선,고속터미널,14358,9552,23910
202212,7호선,공릉,6734,6602,13336
202212,7호선,광명사거리,12489,12141,24630
202212,7호선,군자,8523,6469,14992
202212,7호선,남구로,7238,7183,14421
202212,7호선,남성,5665,5608,11273
202212,7호선,내방,5246,5522,10768
202212,7호선,노원,11815,11746,23561
202212,7호선,논현,5648,5758,11406
202212,7호선,대림,9768,8903,18671
202212,7호선,도봉산,4473,6109,10582
202212,7호선,뚝섬유원지,3985,3909,7894
202212,7호선,마들,6287,5725,12012
202212,7호선,먹골,5559,5366,10925
202212,7호선,면목,7776,7624,15400
202212,7호선,반포,2933,2937,5870
202212,7호선,보라매,3880,3865,7745
202212,7호선,사가정,8775,8620,17395
202212,7호선,상도,5480,5483,10963
202212,7호선,상봉,10112,9537,19649
202212,7호선,수락산,7382,7194,14576
202212,7호선,숭실대입구,5876,6136,12012
202212,7호선,신대방삼거리,7647,7539,15186
202212,7호선,신풍,6202,5801,12003
202212,7호선,어린이대공원,7956,7967,15923
202212,7호선,온수,4058,4084,8142
202212,7호선,용마산,3054,3181,6235
202212,7호선,이수,9391,8817,18208
202212,7호선,장승배기,4901,4906,9807
202212,7호선,장암,1209,718,1927
202212,7호선,중계,6766,6389,13155
202212,7호선,중곡,5336,5293,10629
202212,7호선,중화,5706,5557,11263
202212,7호선,천왕,5105,4972,10077
202212,7호선,철산,11410,11432,22842
202212,7호선,청담,7228,7652,14880
202212,7호선,태릉입구,5117,4774,9891
202212,7호선,하계,9440,9050,18490
202212,7호선,학동,7483,7965,15448
202212,8호선,가락시장,3796,4691,8487
202212,8호선,강동구청,4832,4993,9825
202212,8호선,남위례,2866,3088,5954
202212,8호선,남한산성입구,6425,5954,12379
202212,8호선,단대오거리,5888,5671,11559
202212,8호선,모란,2618,2269,4887
202212,8호선,몽촌토성,3524,3652,7176
202212,8호선,문정,6074,6301,12375
202212,8호선,복정,4895,4487,9382
202212,8호선,산성,2786,2758,5544
202212,8호선,석촌,4592,5606,10198
202212,8호선,송파,4605,4808,9413
202212,8호선,수진,3282,3069,6351
202212,8호선,신흥,3270,3426,6696
202212,8호선,암사,9020,8539,17559
202212,8호선,잠실,14160,15342,29502
202212,8호선,장지,9740,9726,19466
202212,8호선,천호,9586,10809,20395
202212,9호선,가양,10539,10601,21140
202212,9호선,개화,961,815,1776
202212,9호선,고속터미널,12213,18100,30313
202212,9호선,공항시장,1822,2046,3868
202212,9호선,구반포,397,399,796
202212,9호선,국회의사당,5967,5598,11565
202212,9호선,김포공항,6766,9612,16378
202212,9호선,노들,2640,2282,4922
202212,9호선,노량진,16707,16949,33656
202212,9호선,당산,10208,9925,20133
202212,9호선,동작,1021,854,1875
202212,9호선,등촌,5156,5394,10550
202212,9호선,마곡나루,6004,5992,11996
202212,9호선,사평,1856,1917,3773
202212,9호선,샛강,2038,1946,3984
202212,9호선,선유도,2880,2947,5827
202212,9호선,신논현,17444,16473,33917
202212,9호선,신목동,1756,1627,3383
202212,9호선,신반포,2042,2079,4121
202212,9호선,신방화,3626,3629,7255
202212,9호선,양천향교,4428,4602,9030
202212,9호선,여의도,13831,11372,25203
202212,9호선,염창,9225,8935,18160
202212,9호선,증미,2574,2591,5165
202212,9호선,흑석,3736,3913,7649
202212,9호선2~3단계,둔촌오륜,623,627,1250
202212,9호선2~3단계,봉은사,11902,12267,24169
202212,9호선2~3단계,삼성중앙,2339,2402,4741
202212,9호선2~3단계,삼전,3984,3858,7842
202212,9호선2~3단계,석촌,5311,4560,9871
202212,9호선2~3단계,석촌고분,3450,3494,6944
202212,9호선2~3단계,선정릉,3190,3516,6706
202212,9호선2~3단계,송파나루,3827,4113,7940
202212,9호선2~3단계,언주,4296,4284,8580
202212,9호선2~3단계,올림픽공원,9211,9128,18339
202212,9호선2~3단계,종합운동장,2559,2431,4990
202212,9호선2~3단계,중앙보훈병원,3760,3530,7290
202212,9호선2~3단계,한성백제,1588,1363,2951
202212,경강선,경기광주,4018,4155,8173
202212,경강선,곤지암,1627,1580,3207
202212,경강선,부발,1657,2170,3827
202212,경강선,삼동,1076,1141,2217
202212,경강선,세종대왕릉,259,271,530
202212,경강선,신둔도예촌,1002,1015,2017
202212,경강선,여주,2023,1996,4019
202212,경강선,이매,674,485,1159
202212,경강선,이천,2251,2377,4628
202212,경강선,초월,1640,1680,3320
202212,경강선,판교,2886,2630,5516
202212,경부선,가산디지털단지,4551,6611,11162
202212,경부선,관악,4667,4394,9061
202212,경부선,광명,3275,2203,5478
202212,경부선,구로,10618,10814,21432
202212,경부선,군포,2992,2784,5776
202212,경부선,금정,15799,16075,31874
202212,경부선,금천구청,6102,5972,12074
202212,경부선,남영,5018,5440,10458
202212,경부선,노량진,7085,7368,14453
202212,경부선,당정,2941,3151,6092
202212,경부선,대방,5219,5975,11194
202212,경부선,독산,6309,6392,12701
202212,경부선,두정,5006,6231,11237
202212,경부선,명학,3162,3041,6203
202212,경부선,병점,9749,10631,20380
202212,경부선,서동탄,713,679,1392
202212,경부선,서울역,10423,2622,13045
202212,경부선,서정리,5129,7917,13046
202212,경부선,석수,4890,4443,9333
202212,경부선,성균관대,8239,8639,16878
202212,경부선,성환,2447,2946,5393
202212,경부선,세류,2142,2086,4228
202212,경부선,세마,1732,1737,3469
202212,경부선,송탄,3677,4893,8570
202212,경부선,수원,37623,36508,74131
202212,경부선,신길,4707,4261,8968
202212,경부선,신도림,1985,2011,3996
202212,경부선,안양,13977,13468,27445
202212,경부선,영등포,40338,38924,79262
202212,경부선,오산,8068,8790,16858
202212,경부선,오산대,2136,2080,4216
202212,경부선,용산,41998,38976,80974
202212,경부선,의왕,3994,4066,8060
202212,경부선,직산,559,691,1250
202212,경부선,진위,960,955,1915
202212,경부선,천안,6431,6443,12874
202212,경부선,평택,12297,13306,25603
202212,경부선,평택지제,3249,3135,6384
202212,경부선,화서,4166,4210,8376
202212,경원선,가능,3661,3479,7140
202212,경원선,광운대,3874,4051,7925
202212,경원선,녹양,2538,2413,4951
202212,경원선,녹천,2221,1965,4186
202212,경원선,덕계,1826,1656,3482
202212,경원선,덕정,3136,3389,6525
202212,경원선,도봉,3067,2924,5991
202212,경원선,도봉산,5984,3976,9960
202212,경원선,동두천,1226,1551,2777
202212,경원선,동두천중앙,1905,1786,3691
202212,경원선,망월사,4475,4559,9034
202212,경원선,방학,5792,5558,11350
202212,경원선,보산,1241,1421,2662
202212,경원선,서빙고,1535,1697,3232
202212,경원선,석계,4756,5270,10026
202212,경원선,소요산,2015,1894,3909
202212,경원선,신이문,4520,4134,8654
202212,경원선,양주,4648,4706,9354
202212,경원선,옥수,55,21,76
202212,경원선,왕십리,11567,12269,23836
202212,경원선,외대앞,4801,4852,9653
202212,경원선,월계,3538,3315,6853
202212,경원선,응봉,867,852,1719
202212,경원선,의정부,14857,14448,29305
202212,경원선,이촌,2287,1751,4038
202212,경원선,지행,4393,4589,8982
202212,경원선,청량리,15110,13799,28909
202212,경원선,한남,1728,1741,3469
202212,경원선,회룡,7040,7061,14101
202212,경의선,가좌,2843,2800,5643
202212,경의선,강매,1373,1252,2625
202212,경의선,곡산,280,267,547
202212,경의선,공덕,2548,1656,4204
202212,경의선,금릉,2849,2788,5637
202212,경의선,금촌,4194,4578,8772
202212,경의선,능곡,2073,1952,4025
202212,경의선,디지털미디어시티,1562,1389,2951
202212,경의선,문산,3098,3585,6683
202212,경의선,백마,3352,3231,6583
202212,경의선,서강대,1196,1257,2453
202212,경의선,서울역,1190,1109,2299
202212,경의선,수색,851,894,1745
202212,경의선,신촌,428,400,828
202212,경의선,야당,5214,5126,10340
202212,경의선,운정,3727,3500,7227
202212,경의선,운천,19,12,31
202212,경의선,월롱,908,1856,2764
202212,경의선,일산,5107,4877,9984
202212,경의선,임진강,21,22,43
202212,경의선,탄현,4101,3802,7903
202212,경의선,파주,641,596,1237
202212,경의선,풍산,3413,3257,6670
202212,경의선,행신,4888,4445,9333
202212,경의선,홍대입구,1642,2133,3775
202212,경의선,화전,799,797,1596
202212,경의선,효창공원앞,1379,1528,2907
202212,경인선,간석,3275,3086,6361
202212,경인선,개봉,12237,12001,24238
202212,경인선,구일,2935,2936,5871
202212,경인선,도원,1568,1547,3115
202212,경인선,도화,2251,2124,4375
202212,경인선,동암,10134,9793,19927
202212,경인선,동인천,8797,8587,17384
202212,경인선,백운,3872,3872,7744
202212,경인선,부개,4920,4626,9546
202212,경인선,부천,22277,21853,44130
202212,경인선,부평,23559,23723,47282
202212,경인선,소사,5645,5342,10987
202212,경인선,송내,13407,13190,26597
202212,경인선,역곡,14965,14897,29862
202212,경인선,오류동,7219,6305,13524
202212,경인선,온수,3845,3560,7405
202212,경인선,인천,2520,2049,4569
202212,경인선,제물포,5252,5070,10322
202212,경인선,주안,12281,10719,23000
202212,경인선,중동,4917,4574,9491
202212,경춘선,가평,1578,1185,2763
202212,경춘선,갈매,1384,1169,2553
202212,경춘선,강촌,368,262,630
202212,경춘선,굴봉산,136,85,221
202212,경춘선,금곡,752,718,1470
202212,경춘선,김유정,218,195,413
202212,경춘선,남춘천,2077,2413,4490
202212,경춘선,대성리,782,370,1152
202212,경춘선,마석,2287,2274,4561
202212,경춘선,백양리,313,232,545
202212,경춘선,별내,1505,1388,2893
202212,경춘선,사릉,1143,1085,2228
202212,경춘선,상천,248,217,465
202212,경춘선,신내,901,881,1782
202212,경춘선,천마산,957,862,1819
202212,경춘선,청평,1288,1039,2327
202212,경춘선,춘천,1240,1128,2368
202212,경춘선,퇴계원,1884,1728,3612
202212,경춘선,평내호평,3053,2827,5880
202212,공항철도 1호선,검암,3564,3561,7125
202212,공항철도 1호선,계양,6154,5982,12136
202212,공항철도 1호선,공덕,1507,2346,3853
202212,공항철도 1호선,공항화물청사,980,1011,1991
202212,공항철도 1호선,김포공항,8682,5256,13938
202212,공항철도 1호선,디지털미디어시티,4274,4296,8570
202212,공항철도 1호선,마곡나루,2459,2892,5351
202212,공항철도 1호선,서울역,11594,10423,22017
202212,공항철도 1호선,영종,2743,2701,5444
202212,공항철도 1호선,운서,6237,6984,13221
202212,공항철도 1호선,인천공항1터미널,10456,9716,20172
202212,공항철도 1호선,인천공항2터미널,4010,3505,7515
202212,공항철도 1호선,청라국제도시,3361,3254,6615
202212,공항철도 1호선,홍대입구,12304,11650,23954
202212,과천선,경마공원,13414,13505,26919
202212,과천선,과천,3685,3421,7106
202212,과천선,대공원,2452,2520,4972
202212,과천선,범계,15844,15464,31308
202212,과천선,선바위,3991,3604,7595
202212,과천선,인덕원,13157,13366,26523
202212,과천선,정부과천청사,4388,4382,8770
202212,과천선,평촌,7059,6879,13938
202212,분당선,가천대,4103,4666,8769
202212,분당선,강남구청,3453,4076,7529
202212,분당선,개포동,2028,2021,4049
202212,분당선,구룡,776,880,1656
202212,분당선,구성,2398,2648,5046
202212,분당선,기흥,5444,5036,10480
202212,분당선,대모산입구,2205,2157,4362
202212,분당선,도곡,2962,2913,5875
202212,분당선,망포,7077,7729,14806
202212,분당선,매교,2132,2163,4295
202212,분당선,매탄권선,2739,2664,5403
202212,분당선,모란,11259,11602,22861
202212,분당선,미금,7639,8040,15679
202212,분당선,보정,1222,1186,2408
202212,분당선,복정,1,0,1
202212,분당선,상갈,2797,2984,5781
202212,분당선,서울숲,6125,6305,12430
202212,분당선,서현,15453,15302,30755
202212,분당선,선릉,3202,4817,8019
202212,분당선,선정릉,2043,2077,4120
202212,분당선,수내,6164,5973,12137
202212,분당선,수서,9139,8985,18124
202212,분당선,수원,6541,5299,11840
202212,분당선,수원시청,9030,9082,18112
202212,분당선,신갈,2112,2166,4278
202212,분당선,압구정로데오,11955,12867,24822
202212,분당선,야탑,14944,15271,30215
202212,분당선,영통,5483,5508,10991
202212,분당선,오리,5232,4524,9756
202212,분당선,이매,3089,3242,6331
202212,분당선,정자,7612,8063,15675
202212,분당선,죽전,8297,9176,17473
202212,분당선,청명,2205,2312,4517
202212,분당선,태평,8496,8086,16582
202212,분당선,한티,7381,7523,14904
202212,수인선,고색,1978,1991,3969
202212,수인선,남동인더스파크,589,588,1177
202212,수인선,달월,50,54,104
202212,수인선,사리,2710,2296,5006
202212,수인선,소래포구,3294,3091,6385
202212,수인선,송도,1327,1322,2649
202212,수인선,숭의,1906,1756,3662
202212,수인선,신포,1069,1052,2121
202212,수인선,야목,200,152,352
202212,수인선,어천,702,810,1512
202212,수인선,연수,3460,3295,6755
202212,수인선,오목천,1841,1894,3735
202212,수인선,원인재,2662,2770,5432
202212,수인선,월곶,1645,1602,3247
202212,수인선,인천,767,1046,1813
202212,수인선,인천논현,2992,3123,6115
202212,수인선,인하대,3087,2972,6059
202212,수인선,호구포,2115,2174,4289
202212,신림선,관악산,1365,1479,2844
202212,신림선,당곡,2385,2534,4919
202212,신림선,대방,1513,1223,2736
202212,신림선,보라매,1690,1652,3342
202212,신림선,보라매공원,846,987,1833
202212,신림선,보라매병원,2013,2095,4108
202212,신림선,샛강,660,835,1495
202212,신림선,서울대벤처타운,4903,4725,9628
202212,신림선,서울지방병무청,1377,1584,2961
202212,신림선,서원,1992,1873,3865
202212,신림선,신림,1049,1494,2543
202212,안산선,고잔,5087,5005,10092
202212,안산선,대야미,2868,2718,5586
202212,안산선,반월,2433,2434,4867
202212,안산선,산본,9165,9568,18733
202212,안산선,상록수,9473,9388,18861
202212,안산선,수리산,1974,1759,3733
202212,안산선,신길온천,1188,1099,2287
202212,안산선,안산,10545,9518,20063
202212,안산선,오이도,5555,5376,10931
202212,안산선,정왕,5749,6069,11818
202212,안산선,중앙,12610,12362,24972
202212,안산선,초지,2703,2540,5243
202212,안산선,한대앞,5351,5390,10741
202212,우이신설선,4.19민주묘지,1638,1586,3224
202212,우이신설선,가오리,2319,2136,4455
202212,우이신설선,보문,1040,1045,2085
202212,우이신설선,북한산보국문,4004,3494,7498
202212,우이신설선,북한산우이,2616,2546,5162
202212,우이신설선,삼양,1159,1166,2325
202212,우이신설선,삼양사거리,1491,1448,2939
202212,우이신설선,성신여대입구,2272,2628,4900
202212,우이신설선,솔밭공원,1381,1232,2613
202212,우이신설선,솔샘,2939,2727,5666
202212,우이신설선,신설동,1065,1092,2157
202212,우이신설선,정릉,3007,2518,5525
202212,우이신설선,화계,2036,1868,3904
202212,일산선,대곡,996,845,1841
202212,일산선,대화,6512,5783,12295
202212,일산선,마두,3416,3461,6877
202212,일산선,백석,5875,5701,11576
202212,일산선,삼송,11089,10896,21985
202212,일산선,원당,5668,5481,11149
202212,일산선,원흥,6181,5719,11900
202212,일산선,정발산,5762,5655,11417
202212,일산선,주엽,4714,4758,9472
202212,일산선,화정,9388,9654,19042
202212,장항선,배방,829,954,1783
202212,장항선,봉명,627,660,1287
202212,장항선,신창,923,917,1840
202212,장항선,쌍용,1455,1562,3017
202212,장항선,아산,4207,2819,7026
202212,장항선,온양온천,3893,4043,7936
202212,장항선,탕정,693,774,1467
202212,중앙선,구리,7361,7528,14889
202212,중앙선,국수,451,419,870
202212,중앙선,덕소,3038,3039,6077
202212,중앙선,도농,5285,5244,10529
202212,중앙선,도심,1141,999,2140
202212,중앙선,망우,4765,4757,9522
202212,중앙선,상봉,3471,3542,7013
202212,중앙선,신원,116,88,204
202212,중앙선,아신,358,352,710
202212,중앙선,양수,1122,1099,2221
202212,중앙선,양원,1322,1304,2626
202212,중앙선,양정,266,217,483
202212,중앙선,양평,2460,2370,4830
202212,중앙선,오빈,230,221,451
202212,중앙선,용문,1364,1169,2533
202212,중앙선,운길산,467,427,894
202212,중앙선,원덕,275,225,500
202212,중앙선,중랑,3436,3167,6603
202212,중앙선,지평,57,27,84
202212,중앙선,팔당,737,796,1533
202212,중앙선,회기,16543,16642,33185
202212,1호선,동대문,10786,10469,21255
202212,1호선,동묘앞,9660,10046,19706
202212,1호선,서울역,41027,41093,82120
202212,1호선,시청,21331,19446,40777
202212,1호선,신설동,9738,9005,18743
202212,1호선,제기동,13855,14069,27924
202212,1호선,종각,24496,22717,47213
202212,1호선,종로3가,22536,21792,44328
202212,1호선,종로5가,20946,20534,41480
202212,1호선,청량리,17177,17504,34681
202212,2호선,강남,52596,52775,105371
202212,2호선,강변,28232,26685,54917
202212,2호선,건대입구,35704,40416,76120
202212,2호선,교대,15623,17486,33109
202212,2호선,구로디지털단지,35104,34871,69975
202212,2호선,구의,17196,16479,33675
202212,2호선,낙성대,21158,18880,40038
202212,2호선,당산,11510,12361,23871
202212,2호선,대림,17265,18053,35318
202212,2호선,도림천,714,720,1434
202212,2호선,동대문역사문화공원,12480,15107,27587
202212,2호선,뚝섬,14778,14958,29736
202212,2호선,문래,11939,12835,24774
202212,2호선,방배,8952,9249,18201
202212,2호선,봉천,17498,15686,33184
202212,2호선,사당,29811,32411,62222
202212,2호선,삼성,49087,47025,96112
202212,2호선,상왕십리,10299,9546,19845
202212,2호선,서울대입구,36712,35367,72079
202212,2호선,서초,12933,10954,23887
202212,2호선,선릉,22836,19897,42733
202212,2호선,성수,26024,29389,55413
202212,2호선,시청,16479,11152,27631
202212,2호선,신답,1053,995,2048
202212,2호선,신당,11137,11898,23035
202212,2호선,신대방,19420,18075,37495
202212,2호선,신도림,37035,37898,74933
202212,2호선,신림,47901,46196,94097
202212,2호선,신설동,3493,3539,7032
202212,2호선,신정네거리,6957,7092,14049
202212,2호선,신촌,34094,35149,69243
202212,2호선,아현,7574,6981,14555
202212,2호선,양천구청,4170,4058,8228
202212,2호선,역삼,17235,18240,35475
202212,2호선,영등포구청,12082,12528,24610
202212,2호선,왕십리,13664,12531,26195
202212,2호선,용답,2299,2042,4341
202212,2호선,용두,1728,1630,3358
202212,2호선,을지로3가,14587,14150,28737
202212,2호선,을지로4가,8784,9614,18398
202212,2호선,을지로입구,45552,40937,86489
202212,2호선,이대,11292,11437,22729
202212,2호선,잠실,90148,87317,177465
202212,2호선,잠실나루,7666,7191,14857
202212,2호선,잠실새내,19015,20060,39075
202212,2호선,종합운동장,11777,14082,25859
202212,2호선,충정로,5690,5717,11407
202212,2호선,한양대,3601,3512,7113
202212,2호선,합정,29048,34600,63648
202212,2호선,홍대입구,80425,91893,172318
202212,3호선,가락시장,6026,5612,11638
202212,3호선,경복궁,17028,17638,34666
202212,3호선,경찰병원,3910,3766,7676
202212,3호선,고속터미널,54145,53084,107229
202212,3호선,교대,6425,3937,10362
202212,3호선,구파발,15223,15330,30553
202212,3호선,금호,5475,4933,10408
202212,3호선,남부터미널,21932,21006,42938
202212,3호선,녹번,10288,8924,19212
202212,3호선,대청,5659,5245,10904
202212,3호선,대치,8494,7730,16224
202212,3호선,도곡,2885,3017,5902
202212,3호선,독립문,5016,5047,10063
202212,3호선,동대입구,7236,8151,15387
202212,3호선,매봉,5796,5686,11482
202212,3호선,무악재,2780,2781,5561
202212,3호선,불광,12348,13593,25941
202212,3호선,수서,13738,13767,27505
202212,3호선,신사,23706,25411,49117
202212,3호선,안국,19290,21017,40307
202212,3호선,압구정,25673,27765,53438
202212,3호선,약수,9130,8678,17808
202212,3호선,양재,18012,19623,37635
202212,3호선,연신내,27655,26588,54243
202212,3호선,오금,3403,3185,6588
202212,3호선,옥수,6158,6292,12450
202212,3호선,을지로3가,6378,6246,12624
202212,3호선,일원,4724,4481,9205
202212,3호선,잠원,3104,2999,6103
202212,3호선,종로3가,6251,9387,15638
202212,3호선,지축,3908,3655,7563
202212,3호선,충무로,2,0,2
202212,3호선,학여울,1047,1033,2080
202212,3호선,홍제,13184,12248,25432
202212,4호선,길음,14239,13121,27360
202212,4호선,남태령,1007,595,1602
202212,4호선,노원,16579,18784,35363
202212,4호선,당고개,7033,6479,13512
202212,4호선,동대문,13158,13777,26935
202212,4호선,동대문역사문화공원,15819,13480,29299
202212,4호선,동작,709,775,1484
202212,4호선,명동,41104,51021,92125
202212,4호선,미아,11519,10509,22028
202212,4호선,미아사거리,22792,21955,44747
202212,4호선,사당,21355,18567,39922
202212,4호선,삼각지,4346,5562,9908
202212,4호선,상계,13574,12449,26023
202212,4호선,서울역,6935,17750,24685
202212,4호선,성신여대입구,18249,17747,35996
202212,4호선,수유,27552,27815,55367
202212,4호선,숙대입구,10167,9472,19639
202212,4호선,신용산,12729,13930,26659
202212,4호선,쌍문,21902,19525,41427
202212,4호선,이촌,7454,7831,15285
202212,4호선,창동,19077,19732,38809
202212,4호선,총신대입구,13439,14662,28101
202212,4호선,충무로,14232,15635,29867
202212,4호선,한성대입구,10581,10241,20822
202212,4호선,혜화,36908,39000,75908
202212,4호선,회현,29526,29518,59044
202212,5호선,강동,12526,11662,24188
202212,5호선,강일,3412,2870,6282
202212,5호선,개롱,3779,3960,7739
202212,5호선,개화산,3640,3483,7123
202212,5호선,거여,6163,5686,11849
202212,5호선,고덕,6729,6483,13212
202212,5호선,공덕,6836,7020,13856
202212,5호선,광나루,9328,8657,17985
202212,5호선,광화문,29171,28246,57417
202212,5호선,군자,8639,9616,18255
202212,5호선,굽은다리,7820,7411,15231
202212,5호선,길동,6229,6508,12737
202212,5호선,김포공항,8839,8700,17539
202212,5호선,까치산,20989,19801,40790
202212,5호선,답십리,10620,9641,20261
202212,5호선,동대문역사문화공원,1607,1960,3567
202212,5호선,둔촌동,6186,6155,12341
202212,5호선,마곡,5731,5859,11590
202212,5호선,마장,4130,3885,8015
202212,5호선,마천,4433,4414,8847
202212,5호선,마포,7818,8133,15951
202212,5호선,명일,5908,5742,11650
202212,5호선,목동,10520,10390,20910
202212,5호선,미사,12516,12721,25237
202212,5호선,발산,14557,15991,30548
202212,5호선,방이,4880,5032,9912
202212,5호선,방화,4386,4227,8613
202212,5호선,상일동,9117,8700,17817
202212,5호선,서대문,7370,6851,14221
202212,5호선,송정,4941,4567,9508
202212,5호선,신금호,4223,4244,8467
202212,5호선,신길,2951,2970,5921
202212,5호선,신정,9018,7552,16570
202212,5호선,아차산,11539,10991,22530
202212,5호선,애오개,3767,3587,7354
202212,5호선,양평,3784,3486,7270
202212,5호선,여의나루,10723,15959,26682
202212,5호선,여의도,16449,15426,31875
202212,5호선,영등포구청,1924,1908,3832
202212,5호선,영등포시장,8768,9120,17888
202212,5호선,오금,1931,1786,3717
202212,5호선,오목교,16386,17218,33604
202212,5호선,올림픽공원,3673,3883,7556
202212,5호선,왕십리,3705,4556,8261
202212,5호선,우장산,9875,9492,19367
202212,5호선,을지로4가,3671,4234,7905
202212,5호선,장한평,11697,11581,23278
202212,5호선,종로3가,14566,14772,29338
202212,5호선,천호,18006,16901,34907
202212,5호선,청구,2498,2355,4853
202212,5호선,충정로,1924,1867,3791
202212,5호선,하남검단산,5893,5673,11566
202212,5호선,하남시청,5892,5533,11425
202212,5호선,하남풍산,2860,2863,5723
202212,5호선,행당,5335,4458,9793
202212,5호선,화곡,20854,18796,39650
202212,6호선,고려대,5385,4794,10179
202212,6호선,공덕,9744,9331,19075
202212,6호선,광흥창,5022,4684,9706
202212,6호선,구산,5469,4069,9538
202212,6호선,녹사평,4736,5387,10123
202212,6호선,대흥,5576,5451,11027
202212,6호선,독바위,1839,1926,3765
202212,6호선,돌곶이,6409,5840,12249
202212,6호선,동묘앞,7527,7286,14813
202212,6호선,디지털미디어시티,7193,7316,14509
202212,6호선,마포구청,9284,8068,17352
202212,6호선,망원,13355,14694,28049
202212,6호선,버티고개,1409,1409,2818
202212,6호선,보문,5522,4815,10337
202212,6호선,봉화산,5049,4904,9953
202212,6호선,불광,3889,3358,7247
202212,6호선,삼각지,5046,4106,9152
202212,6호선,상수,10248,12861,23109
202212,6호선,상월곡,4191,3423,7614
202212,6호선,새절,8367,7875,16242
202212,6호선,석계,8568,8674,17242
202212,6호선,신내,1,0,1
202212,6호선,신당,6018,5592,11610
202212,6호선,안암,6561,6035,12596
202212,6호선,약수,2429,2466,4895
202212,6호선,역촌,2765,2928,5693
202212,6호선,월곡,7323,7151,14474
202212,6호선,월드컵경기장,4316,4590,8906
202212,6호선,응암,12804,12409,25213
202212,6호선,이태원,11170,13091,24261
202212,6호선,증산,7272,7074,14346
202212,6호선,창신,2105,1770,3875
202212,6호선,청구,2473,2284,4757
202212,6호선,태릉입구,4136,4235,8371
202212,6호선,한강진,10070,11585,21655
202212,6호선,합정,12697,12104,24801
202212,6호선,화랑대,6703,5298,12001
202212,6호선,효창공원앞,4484,3921,8405
202212,7호선,가산디지털단지,14471,12967,27438
202212,7호선,강남구청,9005,9826,18831
202212,7호선,건대입구,12113,12987,25100
202212,7호선,고속터미널,13977,10711,24688
202212,7호선,공릉,8498,8141,16639
202212,7호선,광명사거리,15941,15965,31906
202212,7호선,군자,11002,8343,19345
202212,7호선,남구로,7864,8037,15901
202212,7호선,남성,7688,6831,14519
202212,7호선,내방,7536,7663,15199
202212,7호선,노원,17309,17837,35146
202212,7호선,논현,8824,9282,18106
202212,7호선,대림,7463,8200,15663
202212,7호선,도봉산,5631,6731,12362
202212,7호선,뚝섬유원지,5851,5600,11451
202212,7호선,마들,8883,7983,16866
202212,7호선,먹골,7623,7432,15055
202212,7호선,면목,10814,10023,20837
202212,7호선,반포,4491,4317,8808
202212,7호선,보라매,4696,4552,9248
202212,7호선,사가정,11679,11441,23120
202212,7호선,상도,7579,6972,14551
202212,7호선,상봉,13636,13320,26956
202212,7호선,수락산,9176,8726,17902
202212,7호선,숭실대입구,7828,7481,15309
202212,7호선,신대방삼거리,10205,9449,19654
202212,7호선,신풍,7703,7217,14920
202212,7호선,어린이대공원,8717,7968,16685
202212,7호선,온수,5172,5016,10188
202212,7호선,용마산,3970,3710,7680
202212,7호선,이수,11867,11036,22903
202212,7호선,장승배기,6265,5858,12123
202212,7호선,장암,1200,748,1948
202212,7호선,중계,8993,7948,16941
202212,7호선,중곡,6941,6374,13315
202212,7호선,중화,7634,6907,14541
202212,7호선,천왕,6646,6237,12883
202212,7호선,철산,15224,15323,30547
202212,7호선,청담,10308,11555,21863
202212,7호선,태릉입구,6380,5863,12243
202212,7호선,하계,12264,11080,23344
202212,7호선,학동,9386,9945,19331
202212,8호선,가락시장,6096,6175,12271
202212,8호선,강동구청,6478,6433,12911
202212,8호선,남위례,3731,3886,7617
202212,8호선,남한산성입구,8934,7656,16590
202212,8호선,단대오거리,8206,7742,15948
202212,8호선,모란,4795,4232,9027
202212,8호선,몽촌토성,4364,4423,8787
202212,8호선,문정,8196,7961,16157
202212,8호선,복정,5517,4557,10074
202212,8호선,산성,3787,3648,7435
202212,8호선,석촌,6336,7805,14141
202212,8호선,송파,6630,6409,13039
202212,8호선,수진,4659,4138,8797
202212,8호선,신흥,4379,4729,9108
202212,8호선,암사,12370,11138,23508
202212,8호선,잠실,20381,22842,43223
202212,8호선,장지,12858,12129,24987
202212,8호선,천호,12348,15029,27377
202212,9호선,가양,14734,14109,28843
202212,9호선,개화,1160,1001,2161
202212,9호선,고속터미널,13866,21117,34983
202212,9호선,공항시장,2212,2220,4432
202212,9호선,구반포,726,742,1468
202212,9호선,국회의사당,4389,4630,9019
202212,9호선,김포공항,8616,11798,20414
202212,9호선,노들,3389,2794,6183
202212,9호선,노량진,22566,21508,44074
202212,9호선,당산,13005,12226,25231
202212,9호선,동작,1198,1027,2225
202212,9호선,등촌,6914,6621,13535
202212,9호선,마곡나루,7915,7774,15689
202212,9호선,사평,2505,2312,4817
202212,9호선,샛강,3007,2838,5845
202212,9호선,선유도,3892,3565,7457
202212,9호선,신논현,24590,24348,48938
202212,9호선,신목동,2223,1882,4105
202212,9호선,신반포,2574,2538,5112
202212,9호선,신방화,4632,4364,8996
202212,9호선,양천향교,5631,5336,10967
202212,9호선,여의도,17658,15655,33313
202212,9호선,염창,11859,10858,22717
202212,9호선,증미,3580,3085,6665
202212,9호선,흑석,5544,5542,11086
202212,9호선2~3단계,둔촌오륜,699,715,1414
202212,9호선2~3단계,봉은사,21479,23707,45186
202212,9호선2~3단계,삼성중앙,3443,3323,6766
202212,9호선2~3단계,삼전,5308,4713,10021
202212,9호선2~3단계,석촌,7241,6261,13502
202212,9호선2~3단계,석촌고분,4837,4461,9298
202212,9호선2~3단계,선정릉,4351,4792,9143
202212,9호선2~3단계,송파나루,5454,5881,11335
202212,9호선2~3단계,언주,5913,5802,11715
202212,9호선2~3단계,올림픽공원,9898,11161,21059
202212,9호선2~3단계,종합운동장,6336,4654,10990
202212,9호선2~3단계,중앙보훈병원,4772,4332,9104
202212,9호선2~3단계,한성백제,1961,1628,3589
202212,경강선,경기광주,5653,5333,10986
202212,경강선,곤지암,1861,1650,3511
202212,경강선,부발,2021,1744,3765
202212,경강선,삼동,1471,1292,2763
202212,경강선,세종대왕릉,295,289,584
202212,경강선,신둔도예촌,1183,1147,2330
202212,경강선,여주,2307,2292,4599
202212,경강선,이매,745,558,1303
202212,경강선,이천,2835,2821,5656
202212,경강선,초월,2262,2035,4297
202212,경강선,판교,3651,3655,7306
202212,경부선,가산디지털단지,5783,8189,13972
202212,경부선,관악,4998,4911,9909
202212,경부선,광명,2940,2551,5491
202212,경부선,구로,12407,13191,25598
202212,경부선,군포,4126,3641,7767
202212,경부선,금정,18709,18641,37350
202212,경부선,금천구청,7445,7412,14857
202212,경부선,남영,6115,6305,12420
202212,경부선,노량진,9035,9327,18362
202212,경부선,당정,3838,3620,7458
202212,경부선,대방,6684,7022,13706
202212,경부선,독산,8455,8169,16624
202212,경부선,두정,6316,6315,12631
202212,경부선,명학,4255,3864,8119
202212,경부선,병점,12067,12020,24087
202212,경부선,서동탄,832,897,1729
202212,경부선,서울역,9695,3035,12730
202212,경부선,서정리,8341,6196,14537
202212,경부선,석수,5930,5346,11276
202212,경부선,성균관대,10494,10346,20840
202212,경부선,성환,3131,2737,5868
202212,경부선,세류,2394,2523,4917
202212,경부선,세마,2301,2029,4330
202212,경부선,송탄,5118,4536,9654
202212,경부선,수원,41191,45089,86280
202212,경부선,신길,5701,4783,10484
202212,경부선,신도림,2441,2684,5125
202212,경부선,안양,17144,17173,34317
202212,경부선,영등포,48198,50267,98465
202212,경부선,오산,9630,8772,18402
202212,경부선,오산대,2668,2469,5137
202212,경부선,용산,43084,45813,88897
202212,경부선,의왕,5681,5330,11011
202212,경부선,직산,686,656,1342
202212,경부선,진위,1090,845,1935
202212,경부선,천안,6766,7067,13833
202212,경부선,평택,14304,13528,27832
202212,경부선,평택지제,4061,3599,7660
202212,경부선,화서,5164,5074,10238
202212,경원선,가능,4647,4349,8996
202212,경원선,광운대,5310,5324,10634
202212,경원선,녹양,3279,3024,6303
202212,경원선,녹천,2832,2383,5215
202212,경원선,덕계,2359,2150,4509
202212,경원선,덕정,4315,3764,8079
202212,경원선,도봉,4017,3756,7773
202212,경원선,도봉산,5687,3780,9467
202212,경원선,동두천,1516,1656,3172
202212,경원선,동두천중앙,2409,2304,4713
202212,경원선,망월사,5484,5386,10870
202212,경원선,방학,7103,6910,14013
202212,경원선,보산,1633,1564,3197
202212,경원선,서빙고,1428,1447,2875
202212,경원선,석계,6082,6582,12664
202212,경원선,소요산,2326,1824,4150
202212,경원선,신이문,6186,5367,11553
202212,경원선,양주,6009,5523,11532
202212,경원선,옥수,35,34,69
202212,경원선,왕십리,14446,15906,30352
202212,경원선,외대앞,7146,6566,13712
202212,경원선,월계,4655,4113,8768
202212,경원선,응봉,1196,968,2164
202212,경원선,의정부,18744,20210,38954
202212,경원선,이촌,2645,2069,4714
202212,경원선,지행,5677,5408,11085
202212,경원선,청량리,17489,18212,35701
202212,경원선,한남,2539,2700,5239
202212,경원선,회룡,8860,8958,17818
202212,경의선,가좌,3922,3781,7703
202212,경의선,강매,1727,1531,3258
202212,경의선,곡산,304,285,589
202212,경의선,공덕,2415,1766,4181
202212,경의선,금릉,3822,3642,7464
202212,경의선,금촌,5531,5056,10587
202212,경의선,능곡,2510,2385,4895
202212,경의선,디지털미디어시티,1881,1666,3547
202212,경의선,문산,4779,4286,9065
202212,경의선,백마,4061,3864,7925
202212,경의선,서강대,1555,1444,2999
202212,경의선,서울역,1313,1340,2653
202212,경의선,수색,1195,1194,2389
202212,경의선,신촌,347,412,759
202212,경의선,야당,6364,6786,13150
202212,경의선,운정,4574,4109,8683
202212,경의선,운천,32,14,46
202212,경의선,월롱,1532,1171,2703
202212,경의선,일산,5690,5305,10995
202212,경의선,임진강,12,8,20
202212,경의선,탄현,5099,4926,10025
202212,경의선,파주,914,659,1573
202212,경의선,풍산,4126,4005,8131
202212,경의선,행신,5239,5135,10374
202212,경의선,홍대입구,2077,2894,4971
202212,경의선,화전,947,830,1777
202212,경의선,효창공원앞,1749,1924,3673
202212,경인선,간석,4208,4047,8255
202212,경인선,개봉,15973,15829,31802
202212,경인선,구일,11561,13710,25271
202212,경인선,도원,1873,1885,3758
202212,경인선,도화,2996,2722,5718
202212,경인선,동암,12390,12428,24818
202212,경인선,동인천,11142,10958,22100
202212,경인선,백운,4907,4676,9583
202212,경인선,부개,6041,5688,11729
202212,경인선,부천,28646,29613,58259
202212,경인선,부평,28933,32897,61830
202212,경인선,소사,5799,5497,11296
202212,경인선,송내,17216,16430,33646
202212,경인선,역곡,19497,19134,38631
202212,경인선,오류동,8817,8064,16881
202212,경인선,온수,4576,4211,8787
202212,경인선,인천,3049,2517,5566
202212,경인선,제물포,6966,6568,13534
202212,경인선,주안,15908,14033,29941
202212,경인선,중동,6203,5727,11930
202212,경춘선,가평,1577,1738,3315
202212,경춘선,갈매,1768,1474,3242
202212,경춘선,강촌,310,346,656
202212,경춘선,굴봉산,168,209,377
202212,경춘선,금곡,985,913,1898
202212,경춘선,김유정,310,348,658
202212,경춘선,남춘천,2675,2784,5459
202212,경춘선,대성리,468,366,834
202212,경춘선,마석,2893,2640,5533
202212,경춘선,백양리,374,283,657
202212,경춘선,별내,1998,1925,3923
202212,경춘선,사릉,1428,1301,2729
202212,경춘선,상천,127,137,264
202212,경춘선,신내,1050,1002,2052
202212,경춘선,천마산,1208,1115,2323
202212,경춘선,청평,1608,1420,3028
202212,경춘선,춘천,1382,1330,2712
202212,경춘선,퇴계원,2262,2012,4274
202212,경춘선,평내호평,4089,3945,8034
202212,공항철도 1호선,검암,4342,4307,8649
202212,공항철도 1호선,계양,7933,7279,15212
202212,공항철도 1호선,공덕,1578,2379,3957
202212,공항철도 1호선,공항화물청사,1247,1183,2430
202212,공항철도 1호선,김포공항,10732,5409,16141
202212,공항철도 1호선,디지털미디어시티,5276,5019,10295
202212,공항철도 1호선,마곡나루,4092,4225,8317
202212,공항철도 1호선,서울역,11538,10784,22322
202212,공항철도 1호선,영종,3251,3317,6568
202212,공항철도 1호선,운서,7435,7659,15094
202212,공항철도 1호선,인천공항1터미널,11305,10501,21806
202212,공항철도 1호선,인천공항2터미널,4000,3801,7801
202212,공항철도 1호선,청라국제도시,4250,4193,8443
202212,공항철도 1호선,홍대입구,15650,15902,31552
202212,과천선,경마공원,11722,11767,23489
202212,과천선,과천,4588,4218,8806
202212,과천선,대공원,2387,2490,4877
202212,과천선,범계,21334,21045,42379
202212,과천선,선바위,4800,4134,8934
202212,과천선,인덕원,15819,15569,31388
202212,과천선,정부과천청사,6902,6869,13771
202212,과천선,평촌,8893,8660,17553
202212,분당선,가천대,4988,5215,10203
202212,분당선,강남구청,4798,5664,10462
202212,분당선,개포동,2612,2537,5149
202212,분당선,구룡,1262,1096,2358
202212,분당선,구성,3149,3244,6393
202212,분당선,기흥,6966,6399,13365
202212,분당선,대모산입구,3012,2702,5714
202212,분당선,도곡,4672,4114,8786
202212,분당선,망포,9802,9107,18909
202212,분당선,매교,2985,2911,5896
202212,분당선,매탄권선,3669,3441,7110
202212,분당선,모란,18431,19423,37854
202212,분당선,미금,10214,10715,20929
202212,분당선,보정,1570,1545,3115
202212,분당선,복정,2,0,2
202212,분당선,상갈,3680,3666,7346
202212,분당선,서울숲,9642,10048,19690
202212,분당선,서현,21596,21680,43276
202212,분당선,선릉,4658,6922,11580
202212,분당선,선정릉,3027,2916,5943
202212,분당선,수내,8705,8261,16966
202212,분당선,수서,10466,11253,21719
202212,분당선,수원,8024,6856,14880
202212,분당선,수원시청,11294,13525,24819
202212,분당선,신갈,2749,2715,5464
202212,분당선,압구정로데오,19382,24249,43631
202212,분당선,야탑,17934,18853,36787
202212,분당선,영통,8678,7775,16453
202212,분당선,오리,7293,5895,13188
202212,분당선,이매,3725,3852,7577
202212,분당선,정자,10611,11015,21626
202212,분당선,죽전,10197,11405,21602
202212,분당선,청명,2693,2532,5225
202212,분당선,태평,11141,10207,21348
202212,분당선,한티,12155,11281,23436
202212,수인선,고색,2692,2683,5375
202212,수인선,남동인더스파크,859,787,1646
202212,수인선,달월,78,77,155
202212,수인선,사리,3673,2952,6625
202212,수인선,소래포구,4073,4055,8128
202212,수인선,송도,1826,1728,3554
202212,수인선,숭의,2600,2320,4920
202212,수인선,신포,1269,1344,2613
202212,수인선,야목,245,201,446
202212,수인선,어천,866,691,1557
202212,수인선,연수,3977,4047,8024
202212,수인선,오목천,2455,1982,4437
202212,수인선,원인재,3378,3426,6804
202212,수인선,월곶,2136,2099,4235
202212,수인선,인천,974,1531,2505
202212,수인선,인천논현,4112,4418,8530
202212,수인선,인하대,4234,3929,8163
202212,수인선,호구포,2613,2390,5003
202212,신림선,관악산,1693,1615,3308
202212,신림선,당곡,3253,3028,6281
202212,신림선,대방,2053,1459,3512
202212,신림선,보라매,2218,2047,4265
202212,신림선,보라매공원,1007,1064,2071
202212,신림선,보라매병원,2566,2632,5198
202212,신림선,샛강,846,1207,2053
202212,신림선,서울대벤처타운,6737,5743,12480
202212,신림선,서울지방병무청,1644,1797,3441
202212,신림선,서원,2608,1993,4601
202212,신림선,신림,1307,1791,3098
202212,안산선,고잔,5811,5673,11484
202212,안산선,대야미,3489,2894,6383
202212,안산선,반월,3193,2910,6103
202212,안산선,산본,12342,13459,25801
202212,안산선,상록수,11946,11661,23607
202212,안산선,수리산,2708,2074,4782
202212,안산선,신길온천,1426,1313,2739
202212,안산선,안산,9545,9988,19533
202212,안산선,오이도,6692,7096,13788
202212,안산선,정왕,6575,6598,13173
202212,안산선,중앙,16193,17785,33978
202212,안산선,초지,3485,3186,6671
202212,안산선,한대앞,7142,6943,14085
202212,우이신설선,4.19민주묘지,2099,1822,3921
202212,우이신설선,가오리,2950,2635,5585
202212,우이신설선,보문,1237,1219,2456
202212,우이신설선,북한산보국문,4928,4147,9075
202212,우이신설선,북한산우이,2308,2234,4542
202212,우이신설선,삼양,1444,1469,2913
202212,우이신설선,삼양사거리,1840,1819,3659
202212,우이신설선,성신여대입구,3002,3566,6568
202212,우이신설선,솔밭공원,1787,1560,3347
202212,우이신설선,솔샘,3889,3318,7207
202212,우이신설선,신설동,1351,1321,2672
202212,우이신설선,정릉,3488,3007,6495
202212,우이신설선,화계,2441,2167,4608
202212,일산선,대곡,1107,926,2033
202212,일산선,대화,8883,8178,17061
202212,일산선,마두,4704,4753,9457
202212,일산선,백석,7394,7500,14894
202212,일산선,삼송,14735,14041,28776
202212,일산선,원당,7637,7096,14733
202212,일산선,원흥,7676,7044,14720
202212,일산선,정발산,6328,6968,13296
202212,일산선,주엽,6474,6385,12859
202212,일산선,화정,12452,12637,25089
202212,장항선,배방,1231,1061,2292
202212,장항선,봉명,848,794,1642
202212,장항선,신창,941,863,1804
202212,장항선,쌍용,1992,1738,3730
202212,장항선,아산,3708,3795,7503
202212,장항선,온양온천,5082,4789,9871
202212,장항선,탕정,1091,973,2064
202212,중앙선,구리,9889,10075,19964
202212,중앙선,국수,474,513,987
202212,중앙선,덕소,4123,4010,8133
202212,중앙선,도농,6717,6320,13037
202212,중앙선,도심,1374,1177,2551
202212,중앙선,망우,6010,5811,11821
202212,중앙선,상봉,4395,4377,8772
202212,중앙선,신원,150,150,300
202212,중앙선,아신,424,432,856
202212,중앙선,양수,1392,1363,2755
202212,중앙선,양원,1723,1533,3256
202212,중앙선,양정,349,283,632
202212,중앙선,양평,2288,2398,4686
202212,중앙선,오빈,203,199,402
202212,중앙선,용문,1254,1503,2757
202212,중앙선,운길산,490,495,985
202212,중앙선,원덕,268,265,533
202212,중앙선,중랑,4445,4123,8568
202212,중앙선,지평,45,39,84
202212,중앙선,팔당,864,958,1822
202212,중앙선,회기,24284,22093,46377
202212,1호선,동대문,10261,10939,21200
202212,1호선,동묘앞,10934,11069,22003
202212,1호선,서울역,35763,34745,70508
202212,1호선,시청,16900,14560,31460
202212,1호선,신설동,8005,7921,15926
202212,1호선,제기동,9931,10340,20271
202212,1호선,종각,18853,15915,34768
202212,1호선,종로3가,16483,15127,31610
202212,1호선,종로5가,12788,12375,25163
202212,1호선,청량리,12830,13044,25874
202212,2호선,강남,35990,35245,71235
202212,2호선,강변,24213,24058,48271
202212,2호선,건대입구,33340,35181,68521
202212,2호선,교대,9943,10974,20917
202212,2호선,구로디지털단지,26439,26092,52531
202212,2호선,구의,12333,12322,24655
202212,2호선,낙성대,16069,16262,32331
202212,2호선,당산,8777,9547,18324
202212,2호선,대림,16305,16483,32788
202212,2호선,도림천,435,461,896
202212,2호선,동대문역사문화공원,11311,14157,25468
202212,2호선,뚝섬,12403,12288,24691
202212,2호선,문래,7875,8367,16242
202212,2호선,방배,6717,7073,13790
202212,2호선,봉천,12857,12265,25122
202212,2호선,사당,22343,25266,47609
202212,2호선,삼성,41699,39309,81008
202212,2호선,상왕십리,7493,7438,14931
202212,2호선,서울대입구,27628,28286,55914
202212,2호선,서초,13963,12820,26783
202212,2호선,선릉,13256,11070,24326
202212,2호선,성수,23366,25501,48867
202212,2호선,시청,13799,8580,22379
202212,2호선,신답,796,849,1645
202212,2호선,신당,8511,9137,17648
202212,2호선,신대방,15932,15234,31166
202212,2호선,신도림,27741,28261,56002
202212,2호선,신림,38625,37650,76275
202212,2호선,신설동,3315,3353,6668
202212,2호선,신정네거리,5643,5660,11303
202212,2호선,신촌,26937,26754,53691
202212,2호선,아현,5467,5343,10810
202212,2호선,양천구청,3502,3519,7021
202212,2호선,역삼,10797,11963,22760
202212,2호선,영등포구청,7112,7364,14476
202212,2호선,왕십리,11174,10462,21636
202212,2호선,용답,1871,1864,3735
202212,2호선,용두,1194,1166,2360
202212,2호선,을지로3가,13813,13846,27659
202212,2호선,을지로4가,5286,5905,11191
202212,2호선,을지로입구,40215,35249,75464
202212,2호선,이대,8527,8974,17501
202212,2호선,잠실,80504,76681,157185
202212,2호선,잠실나루,5290,5344,10634
202212,2호선,잠실새내,14794,15712,30506
202212,2호선,종합운동장,11067,12962,24029
202212,2호선,충정로,3704,3950,7654
202212,2호선,한양대,2387,2635,5022
202212,2호선,합정,23387,25205,48592
202212,2호선,홍대입구,78282,81194,159476
202212,3호선,가락시장,3694,3858,7552
202212,3호선,경복궁,14267,15305,29572
202212,3호선,경찰병원,2818,2799,5617
202212,3호선,고속터미널,45197,42730,87927
202212,3호선,교대,4161,2503,6664
202212,3호선,구파발,11902,12499,24401
202212,3호선,금호,4251,4027,8278
202212,3호선,남부터미널,15381,16293,31674
202212,3호선,녹번,7859,6892,14751
202212,3호선,대청,4097,4129,8226
202212,3호선,대치,5198,4685,9883
202212,3호선,도곡,1702,1730,3432
202212,3호선,독립문,3865,3980,7845
202212,3호선,동대입구,6070,7130,13200
202212,3호선,매봉,4188,4107,8295
202212,3호선,무악재,2062,2217,4279
202212,3호선,불광,9903,10969,20872
202212,3호선,수서,10672,10861,21533
202212,3호선,신사,14321,14627,28948
202212,3호선,안국,16316,17291,33607
202212,3호선,압구정,16194,17307,33501
202212,3호선,약수,7080,6795,13875
202212,3호선,양재,12053,13910,25963
202212,3호선,연신내,21812,21094,42906
202212,3호선,오금,2617,2536,5153
202212,3호선,옥수,4571,4952,9523
202212,3호선,을지로3가,5397,4953,10350
202212,3호선,일원,3754,3780,7534
202212,3호선,잠원,2107,2137,4244
202212,3호선,종로3가,4858,7229,12087
202212,3호선,지축,2949,2826,5775
202212,3호선,학여울,781,756,1537
202212,3호선,홍제,9660,9035,18695
202212,4호선,길음,11312,10839,22151
202212,4호선,남태령,826,522,1348
202212,4호선,노원,14858,16105,30963
202212,4호선,당고개,5658,5365,11023
202212,4호선,동대문,8909,9711,18620
202212,4호선,동대문역사문화공원,14347,12372,26719
202212,4호선,동작,614,661,1275
202212,4호선,명동,41625,51291,92916
202212,4호선,미아,9024,8501,17525
202212,4호선,미아사거리,17801,16622,34423
202212,4호선,사당,17113,15438,32551
202212,4호선,삼각지,3462,4313,7775
202212,4호선,상계,10625,9756,20381
202212,4호선,서울역,5790,15770,21560
202212,4호선,성신여대입구,15444,15289,30733
202212,4호선,수유,22853,22410,45263
202212,4호선,숙대입구,9207,8852,18059
202212,4호선,신용산,10741,11122,21863
202212,4호선,쌍문,17540,15514,33054
202212,4호선,이촌,5714,6017,11731
202212,4호선,창동,15513,15960,31473
202212,4호선,총신대입구,10677,11723,22400
202212,4호선,충무로,9441,10779,20220
202212,4호선,한성대입구,7977,7760,15737
202212,4호선,혜화,33181,34565,67746
202212,4호선,회현,20605,19676,40281
202212,5호선,강동,8765,8447,17212
202212,5호선,강일,2588,2377,4965
202212,5호선,개롱,2900,3124,6024
202212,5호선,개화산,2783,2708,5491
202212,5호선,거여,4638,4565,9203
202212,5호선,고덕,4835,4724,9559
202212,5호선,공덕,4792,4807,9599
202212,5호선,광나루,7565,7231,14796
202212,5호선,광화문,24099,22495,46594
202212,5호선,군자,6857,7495,14352
202212,5호선,굽은다리,6064,5834,11898
202212,5호선,길동,4579,4562,9141
202212,5호선,김포공항,7359,7086,14445
202212,5호선,까치산,16532,16102,32634
202212,5호선,답십리,8189,7752,15941
202212,5호선,동대문역사문화공원,1295,1522,2817
202212,5호선,둔촌동,4921,5009,9930
202212,5호선,마곡,3983,4186,8169
202212,5호선,마장,3183,3123,6306
202212,5호선,마천,3690,3758,7448
202212,5호선,마포,5330,5515,10845
202212,5호선,명일,5322,5283,10605
202212,5호선,목동,7659,7912,15571
202212,5호선,미사,10108,10092,20200
202212,5호선,발산,11001,11880,22881
202212,5호선,방이,4019,3806,7825
202212,5호선,방화,3598,3548,7146
202212,5호선,상일동,6604,6606,13210
202212,5호선,서대문,4948,4882,9830
202212,5호선,송정,3801,3727,7528
202212,5호선,신금호,3049,3327,6376
202212,5호선,신길,2215,2499,4714
202212,5호선,신정,6603,6097,12700
202212,5호선,아차산,9361,9220,18581
202212,5호선,애오개,2602,2711,5313
202212,5호선,양평,2828,2808,5636
202212,5호선,여의나루,12838,17869,30707
202212,5호선,여의도,13496,11892,25388
202212,5호선,영등포구청,1352,1196,2548
202212,5호선,영등포시장,6420,6629,13049
202212,5호선,오금,1454,1449,2903
202212,5호선,오목교,12329,12527,24856
202212,5호선,올림픽공원,2988,2126,5114
202212,5호선,왕십리,2867,3324,6191
202212,5호선,우장산,7276,7430,14706
202212,5호선,을지로4가,2135,2519,4654
202212,5호선,장한평,8666,8673,17339
202212,5호선,종로3가,13493,11952,25445
202212,5호선,천호,13888,12832,26720
202212,5호선,청구,1879,1798,3677
202212,5호선,충정로,1584,1516,3100
202212,5호선,하남검단산,5533,5360,10893
202212,5호선,하남시청,4601,4247,8848
202212,5호선,하남풍산,2725,2785,5510
202212,5호선,행당,4366,3976,8342
202212,5호선,화곡,15896,14850,30746
202212,6호선,고려대,4381,4151,8532
202212,6호선,공덕,6946,6661,13607
202212,6호선,광흥창,4159,4073,8232
202212,6호선,구산,3979,3075,7054
202212,6호선,녹사평,3911,4470,8381
202212,6호선,대흥,3800,4022,7822
202212,6호선,독바위,1461,1589,3050
202212,6호선,돌곶이,6011,5690,11701
202212,6호선,동묘앞,6125,5925,12050
202212,6호선,디지털미디어시티,5412,5828,11240
202212,6호선,마포구청,6955,6365,13320
202212,6호선,망원,10554,11413,21967
202212,6호선,버티고개,1068,1170,2238
202212,6호선,보문,4386,4084,8470
202212,6호선,봉화산,3961,3936,7897
202212,6호선,불광,3185,2852,6037
202212,6호선,삼각지,3816,3068,6884
202212,6호선,상수,8568,9067,17635
202212,6호선,상월곡,3448,2959,6407
202212,6호선,새절,6566,6299,12865
202212,6호선,석계,6549,6682,13231
202212,6호선,신당,4466,4805,9271
202212,6호선,안암,4958,5082,10040
202212,6호선,약수,1601,1688,3289
202212,6호선,역촌,2154,2484,4638
202212,6호선,연신내,1,0,1
202212,6호선,월곡,5242,5283,10525
202212,6호선,월드컵경기장,2982,3028,6010
202212,6호선,응암,9905,9747,19652
202212,6호선,이태원,10944,9780,20724
202212,6호선,증산,5715,5583,11298
202212,6호선,창신,1530,1446,2976
202212,6호선,청구,1762,1712,3474
202212,6호선,태릉입구,3372,3678,7050
202212,6호선,한강진,8288,9222,17510
202212,6호선,합정,10177,9465,19642
202212,6호선,화랑대,5366,4650,10016
202212,6호선,효창공원앞,3197,2867,6064
202212,7호선,가산디지털단지,11097,9891,20988
202212,7호선,강남구청,4268,4748,9016
202212,7호선,건대입구,8931,9980,18911
202212,7호선,고속터미널,12406,7990,20396
202212,7호선,공릉,6830,6899,13729
202212,7호선,광명사거리,12380,12088,24468
202212,7호선,군자,8031,6283,14314
202212,7호선,남구로,7265,6894,14159
202212,7호선,남성,5476,5369,10845
202212,7호선,내방,5039,5417,10456
202212,7호선,노원,13308,13770,27078
202212,7호선,논현,4775,5090,9865
202212,7호선,대림,9005,8561,17566
202212,7호선,도봉산,4926,6256,11182
202212,7호선,뚝섬유원지,5467,5340,10807
202212,7호선,마들,6170,5536,11706
202212,7호선,먹골,5844,5623,11467
202212,7호선,면목,7819,7570,15389
202212,7호선,반포,2782,2796,5578
202212,7호선,보라매,3419,3480,6899
202212,7호선,사가정,8777,8779,17556
202212,7호선,상도,5654,5585,11239
202212,7호선,상봉,9758,9108,18866
202212,7호선,수락산,7764,7496,15260
202212,7호선,숭실대입구,5761,5956,11717
202212,7호선,신대방삼거리,7793,7461,15254
202212,7호선,신풍,6168,5833,12001
202212,7호선,어린이대공원,6956,6781,13737
202212,7호선,온수,3806,3844,7650
202212,7호선,용마산,3125,3101,6226
202212,7호선,이수,8207,7549,15756
202212,7호선,장승배기,4433,4245,8678
202212,7호선,장암,1175,750,1925
202212,7호선,중계,6984,6451,13435
202212,7호선,중곡,5478,5211,10689
202212,7호선,중화,5545,5344,10889
202212,7호선,천왕,5112,4895,10007
202212,7호선,철산,11239,11713,22952
202212,7호선,청담,5849,6924,12773
202212,7호선,태릉입구,5188,4868,10056
202212,7호선,하계,9521,9007,18528
202212,7호선,학동,5107,5315,10422
202212,8호선,가락시장,3439,4324,7763
202212,8호선,강동구청,4846,4884,9730
202212,8호선,남위례,2899,3021,5920
202212,8호선,남한산성입구,6899,6218,13117
202212,8호선,단대오거리,6318,6208,12526
202212,8호선,모란,3027,2656,5683
202212,8호선,몽촌토성,3645,3595,7240
202212,8호선,문정,4714,4818,9532
202212,8호선,복정,4604,4306,8910
202212,8호선,산성,2885,2888,5773
202212,8호선,석촌,4774,6091,10865
202212,8호선,송파,4614,4724,9338
202212,8호선,수진,3346,2977,6323
202212,8호선,신흥,3533,3817,7350
202212,8호선,암사,9343,8702,18045
202212,8호선,잠실,17041,18905,35946
202212,8호선,장지,10098,10237,20335
202212,8호선,천호,9374,11446,20820
202212,9호선,가양,10796,10464,21260
202212,9호선,개화,1013,864,1877
202212,9호선,고속터미널,11527,17929,29456
202212,9호선,공항시장,1782,1891,3673
202212,9호선,구반포,323,312,635
202212,9호선,국회의사당,5448,5048,10496
202212,9호선,김포공항,7114,10041,17155
202212,9호선,노들,2820,2449,5269
202212,9호선,노량진,15389,16183,31572
202212,9호선,당산,9867,9674,19541
202212,9호선,동작,956,836,1792
202212,9호선,등촌,5099,5088,10187
202212,9호선,마곡나루,5588,5681,11269
202212,9호선,사평,1801,1804,3605
202212,9호선,샛강,1971,1681,3652
202212,9호선,선유도,2845,2755,5600
202212,9호선,신논현,17793,16600,34393
202212,9호선,신목동,1718,1626,3344
202212,9호선,신반포,1929,2009,3938
202212,9호선,신방화,3572,3437,7009
202212,9호선,양천향교,4285,4284,8569
202212,9호선,여의도,15171,12935,28106
202212,9호선,염창,8854,8679,17533
202212,9호선,증미,2516,2481,4997
202212,9호선,흑석,4002,4067,8069
202212,9호선2~3단계,둔촌오륜,733,615,1348
202212,9호선2~3단계,봉은사,19031,20741,39772
202212,9호선2~3단계,삼성중앙,2142,2183,4325
202212,9호선2~3단계,삼전,3702,3663,7365
202212,9호선2~3단계,석촌,5632,5056,10688
202212,9호선2~3단계,석촌고분,3420,3454,6874
202212,9호선2~3단계,선정릉,2770,3173,5943
202212,9호선2~3단계,송파나루,4596,4984,9580
202212,9호선2~3단계,언주,3539,3490,7029
202212,9호선2~3단계,올림픽공원,8995,6696,15691
202212,9호선2~3단계,종합운동장,5639,3927,9566
202212,9호선2~3단계,중앙보훈병원,3606,3389,6995
202212,9호선2~3단계,한성백제,1492,1300,2792
202212,경강선,경기광주,4717,4571,9288
202212,경강선,곤지암,1693,1716,3409
202212,경강선,부발,1799,2112,3911
202212,경강선,삼동,1131,1083,2214
202212,경강선,세종대왕릉,253,250,503
202212,경강선,신둔도예촌,891,902,1793
202212,경강선,여주,2369,2275,4644
202212,경강선,이매,661,496,1157
202212,경강선,이천,2483,2658,5141
202212,경강선,초월,1714,1681,3395
202212,경강선,판교,3092,3138,6230
202212,경부선,가산디지털단지,4787,6571,11358
202212,경부선,관악,4289,4176,8465
202212,경부선,광명,2759,1971,4730
202212,경부선,구로,10116,10466,20582
202212,경부선,군포,2986,2736,5722
202212,경부선,금정,15241,15590,30831
202212,경부선,금천구청,6169,6126,12295
202212,경부선,남영,5260,5631,10891
202212,경부선,노량진,6501,6910,13411
202212,경부선,당정,3025,3027,6052
202212,경부선,대방,5358,5443,10801
202212,경부선,독산,6430,6366,12796
202212,경부선,두정,5424,5882,11306
202212,경부선,명학,3000,2831,5831
202212,경부선,병점,10394,11147,21541
202212,경부선,서동탄,794,863,1657
202212,경부선,서울역,10288,2757,13045
202212,경부선,서정리,5402,8489,13891
202212,경부선,석수,5026,4687,9713
202212,경부선,성균관대,8791,9275,18066
202212,경부선,성환,2687,3231,5918
202212,경부선,세류,2181,2104,4285
202212,경부선,세마,2027,1933,3960
202212,경부선,송탄,4111,5143,9254
202212,경부선,수원,41647,41402,83049
202212,경부선,신길,4739,4397,9136
202212,경부선,신도림,2000,2173,4173
202212,경부선,안양,14338,13889,28227
202212,경부선,영등포,43025,42433,85458
202212,경부선,오산,8633,9143,17776
202212,경부선,오산대,2383,2286,4669
202212,경부선,용산,40053,37580,77633
202212,경부선,의왕,4469,4420,8889
202212,경부선,직산,563,636,1199
202212,경부선,진위,920,920,1840
202212,경부선,천안,6611,6683,13294
202212,경부선,평택,13216,14078,27294
202212,경부선,평택지제,3116,3157,6273
202212,경부선,화서,4174,4099,8273
202212,경원선,가능,3771,3525,7296
202212,경원선,광운대,4276,4408,8684
202212,경원선,녹양,2613,2509,5122
202212,경원선,녹천,2356,2126,4482
202212,경원선,덕계,1908,1743,3651
202212,경원선,덕정,3425,3595,7020
202212,경원선,도봉,3221,3105,6326
202212,경원선,도봉산,6013,4353,10366
202212,경원선,동두천,1262,1610,2872
202212,경원선,동두천중앙,2126,2050,4176
202212,경원선,망월사,4640,4657,9297
202212,경원선,방학,5887,5617,11504
202212,경원선,보산,1268,1262,2530
202212,경원선,서빙고,1716,1746,3462
202212,경원선,석계,4931,5341,10272
202212,경원선,소요산,2550,2187,4737
202212,경원선,신이문,4880,4425,9305
202212,경원선,양주,5271,5045,10316
202212,경원선,옥수,61,17,78
202212,경원선,왕십리,11456,12393,23849
202212,경원선,외대앞,5733,5301,11034
202212,경원선,월계,3527,3202,6729
202212,경원선,응봉,980,879,1859
202212,경원선,의정부,16923,16903,33826
202212,경원선,이촌,2294,1715,4009
202212,경원선,지행,4968,4933,9901
202212,경원선,청량리,15811,14133,29944
202212,경원선,한남,1833,1869,3702
202212,경원선,회룡,7392,7383,14775
202212,경의선,가좌,2925,2876,5801
202212,경의선,강매,1406,1325,2731
202212,경의선,곡산,225,260,485
202212,경의선,공덕,2047,1499,3546
202212,경의선,금릉,3231,3208,6439
202212,경의선,금촌,4597,4746,9343
202212,경의선,능곡,2107,2022,4129
202212,경의선,디지털미디어시티,1463,1333,2796
202212,경의선,문산,3746,3977,7723
202212,경의선,백마,3529,3273,6802
202212,경의선,서강대,1285,1255,2540
202212,경의선,서울역,1155,1131,2286
202212,경의선,수색,863,870,1733
202212,경의선,신촌,338,391,729
202212,경의선,야당,5916,5923,11839
202212,경의선,운정,3775,3527,7302
202212,경의선,운천,20,13,33
202212,경의선,월롱,928,1852,2780
202212,경의선,일산,4886,4598,9484
202212,경의선,임진강,12,7,19
202212,경의선,탄현,4631,4236,8867
202212,경의선,파주,686,626,1312
202212,경의선,풍산,3663,3383,7046
202212,경의선,행신,4973,4606,9579
202212,경의선,홍대입구,2107,2868,4975
202212,경의선,화전,754,678,1432
202212,경의선,효창공원앞,1361,1470,2831
202212,경인선,간석,3339,3206,6545
202212,경인선,개봉,12539,12005,24544
202212,경인선,구일,3035,2847,5882
202212,경인선,도원,1901,1897,3798
202212,경인선,도화,2494,2343,4837
202212,경인선,동암,10487,10127,20614
202212,경인선,동인천,9915,9688,19603
202212,경인선,백운,3816,3756,7572
202212,경인선,부개,4906,4381,9287
202212,경인선,부천,23200,23363,46563
202212,경인선,부평,26026,26936,52962
202212,경인선,소사,4882,4656,9538
202212,경인선,송내,13283,13060,26343
202212,경인선,역곡,15151,15072,30223
202212,경인선,오류동,7566,6782,14348
202212,경인선,온수,3908,3550,7458
202212,경인선,인천,3395,2695,6090
202212,경인선,제물포,5535,5445,10980
202212,경인선,주안,13203,11441,24644
202212,경인선,중동,5072,4656,9728
202212,경춘선,가평,1706,1676,3382
202212,경춘선,갈매,1421,1240,2661
202212,경춘선,강촌,400,281,681
202212,경춘선,굴봉산,135,112,247
202212,경춘선,금곡,801,783,1584
202212,경춘선,김유정,338,316,654
202212,경춘선,남춘천,2627,2648,5275
202212,경춘선,대성리,449,306,755
202212,경춘선,마석,2458,2279,4737
202212,경춘선,백양리,365,257,622
202212,경춘선,별내,1684,1562,3246
202212,경춘선,사릉,1150,1186,2336
202212,경춘선,상천,183,197,380
202212,경춘선,신내,958,930,1888
202212,경춘선,천마산,1015,878,1893
202212,경춘선,청평,1486,1302,2788
202212,경춘선,춘천,1464,1232,2696
202212,경춘선,퇴계원,1911,1686,3597
202212,경춘선,평내호평,3481,3393,6874
202212,공항철도 1호선,검암,3615,3626,7241
202212,공항철도 1호선,계양,6829,6240,13069
202212,공항철도 1호선,공덕,1280,1884,3164
202212,공항철도 1호선,공항화물청사,950,968,1918
202212,공항철도 1호선,김포공항,8586,4739,13325
202212,공항철도 1호선,디지털미디어시티,3546,3453,6999
202212,공항철도 1호선,마곡나루,3028,3492,6520
202212,공항철도 1호선,서울역,11585,10070,21655
202212,공항철도 1호선,영종,3127,3128,6255
202212,공항철도 1호선,운서,6813,7391,14204
202212,공항철도 1호선,인천공항1터미널,10807,10168,20975
202212,공항철도 1호선,인천공항2터미널,3897,3382,7279
202212,공항철도 1호선,청라국제도시,3728,3709,7437
202212,공항철도 1호선,홍대입구,14471,13843,28314
202212,과천선,경마공원,15233,15339,30572
202212,과천선,과천,3861,3680,7541
202212,과천선,대공원,2547,2661,5208
202212,과천선,범계,17033,16778,33811
202212,과천선,선바위,4040,3548,7588
202212,과천선,인덕원,12786,13074,25860
202212,과천선,정부과천청사,5213,5283,10496
202212,과천선,평촌,6700,6367,13067
202212,분당선,가천대,3569,4208,7777
202212,분당선,강남구청,2571,3013,5584
202212,분당선,개포동,1982,2036,4018
202212,분당선,구룡,865,1031,1896
202212,분당선,구성,2505,2699,5204
202212,분당선,기흥,5731,5398,11129
202212,분당선,대모산입구,2196,2071,4267
202212,분당선,도곡,2631,2666,5297
202212,분당선,망포,7257,7541,14798
202212,분당선,매교,2234,2294,4528
202212,분당선,매탄권선,3043,2838,5881
202212,분당선,모란,11629,12398,24027
202212,분당선,미금,7908,8352,16260
202212,분당선,보정,1280,1197,2477
202212,분당선,상갈,3099,3135,6234
202212,분당선,서울숲,7785,8104,15889
202212,분당선,서현,20000,19827,39827
202212,분당선,선릉,2631,3964,6595
202212,분당선,선정릉,1917,1839,3756
202212,분당선,수내,6054,5817,11871
202212,분당선,수서,8801,8747,17548
202212,분당선,수원,7093,5962,13055
202212,분당선,수원시청,8751,8709,17460
202212,분당선,신갈,2153,2149,4302
202212,분당선,압구정로데오,13007,14743,27750
202212,분당선,야탑,14552,14699,29251
202212,분당선,영통,5874,5806,11680
202212,분당선,오리,5192,4325,9517
202212,분당선,이매,3423,3533,6956
202212,분당선,정자,7717,8138,15855
202212,분당선,죽전,8158,9307,17465
202212,분당선,청명,2068,2122,4190
202212,분당선,태평,8842,8221,17063
202212,분당선,한티,8401,8185,16586
202212,수인선,고색,1978,2025,4003
202212,수인선,남동인더스파크,580,562,1142
202212,수인선,달월,49,52,101
202212,수인선,사리,3126,2589,5715
202212,수인선,소래포구,3819,3677,7496
202212,수인선,송도,1666,1609,3275
202212,수인선,숭의,2027,1853,3880
202212,수인선,신포,1236,1210,2446
202212,수인선,야목,198,191,389
202212,수인선,어천,649,786,1435
202212,수인선,연수,3648,3633,7281
202212,수인선,오목천,1884,1757,3641
202212,수인선,원인재,2866,2933,5799
202212,수인선,월곶,1909,1789,3698
202212,수인선,인천,1056,1492,2548
202212,수인선,인천논현,3288,3442,6730
202212,수인선,인하대,3398,3365,6763
202212,수인선,호구포,1996,2044,4040
202212,신림선,관악산,1816,1877,3693
202212,신림선,당곡,2495,2328,4823
202212,신림선,대방,1466,1249,2715
202212,신림선,보라매,1679,1607,3286
202212,신림선,보라매공원,917,1095,2012
202212,신림선,보라매병원,2075,2033,4108
202212,신림선,샛강,713,882,1595
202212,신림선,서울대벤처타운,5246,4844,10090
202212,신림선,서울지방병무청,1421,1632,3053
202212,신림선,서원,2107,1807,3914
202212,신림선,신림,1042,1558,2600
202212,안산선,고잔,4604,4341,8945
202212,안산선,대야미,2803,2577,5380
202212,안산선,반월,2541,2580,5121
202212,안산선,산본,10148,10693,20841
202212,안산선,상록수,9989,9856,19845
202212,안산선,수리산,1994,1803,3797
202212,안산선,신길온천,1257,1160,2417
202212,안산선,안산,10446,9368,19814
202212,안산선,오이도,6354,6396,12750
202212,안산선,정왕,5847,6163,12010
202212,안산선,중앙,14351,14482,28833
202212,안산선,초지,2664,2526,5190
202212,안산선,한대앞,5696,5679,11375
202212,우이신설선,4.19민주묘지,1774,1651,3425
202212,우이신설선,가오리,2430,2270,4700
202212,우이신설선,보문,1078,1044,2122
202212,우이신설선,북한산보국문,4122,3578,7700
202212,우이신설선,북한산우이,2986,2865,5851
202212,우이신설선,삼양,1156,1190,2346
202212,우이신설선,삼양사거리,1563,1495,3058
202212,우이신설선,성신여대입구,2609,3023,5632
202212,우이신설선,솔밭공원,1428,1299,2727
202212,우이신설선,솔샘,3136,2888,6024
202212,우이신설선,신설동,1171,1131,2302
202212,우이신설선,정릉,3029,2478,5507
202212,우이신설선,화계,2112,1929,4041
202212,일산선,대곡,952,848,1800
202212,일산선,대화,7551,6781,14332
202212,일산선,마두,3443,3318,6761
202212,일산선,백석,6038,5837,11875
202212,일산선,삼송,12937,12282,25219
202212,일산선,원당,6306,5927,12233
202212,일산선,원흥,5867,5436,11303
202212,일산선,정발산,6573,6749,13322
202212,일산선,주엽,4906,4933,9839
202212,일산선,화정,10353,10495,20848
202212,장항선,배방,959,1042,2001
202212,장항선,봉명,598,621,1219
202212,장항선,신창,903,1038,1941
202212,장항선,쌍용,1520,1594,3114
202212,장항선,아산,4208,2675,6883
202212,장항선,온양온천,4177,4270,8447
202212,장항선,탕정,738,766,1504
202212,중앙선,구리,8278,8474,16752
202212,중앙선,국수,413,374,787
202212,중앙선,덕소,3346,3480,6826
202212,중앙선,도농,5572,5470,11042
202212,중앙선,도심,1277,1024,2301
202212,중앙선,망우,4605,4482,9087
202212,중앙선,상봉,3534,3644,7178
202212,중앙선,신원,118,122,240
202212,중앙선,아신,403,391,794
202212,중앙선,양수,1386,1326,2712
202212,중앙선,양원,1310,1300,2610
202212,중앙선,양정,300,229,529
202212,중앙선,양평,2181,2161,4342
202212,중앙선,오빈,182,166,348
202212,중앙선,용문,2200,2031,4231
202212,중앙선,운길산,572,563,1135
202212,중앙선,원덕,291,284,575
202212,중앙선,중랑,3550,3335,6885
202212,중앙선,지평,53,39,92
202212,중앙선,팔당,873,934,1807
202212,중앙선,회기,17967,17718,35685
202212,1호선,동대문,10758,10907,21665
202212,1호선,동묘앞,10811,11307,22118
202212,1호선,서울역,36443,38215,74658
202212,1호선,시청,18545,18478,37023
202212,1호선,신설동,9193,8425,17618
202212,1호선,제기동,15819,16370,32189
202212,1호선,종각,20964,24425,45389
202212,1호선,종로3가,26194,23146,49340
202212,1호선,종로5가,20939,20528,41467
202212,1호선,청량리,17172,18082,35254
202212,2호선,강남,46282,47782,94064
202212,2호선,강변,23533,24706,48239
202212,2호선,건대입구,31632,37540,69172
202212,2호선,교대,13841,15719,29560
202212,2호선,구로디지털단지,32056,31437,63493
202212,2호선,구의,15418,14455,29873
202212,2호선,낙성대,19258,16338,35596
202212,2호선,당산,10240,10910,21150
202212,2호선,대림,17643,18707,36350
202212,2호선,도림천,712,709,1421
202212,2호선,동대문역사문화공원,13607,15864,29471
202212,2호선,뚝섬,12249,12369,24618
202212,2호선,문래,9940,10654,20594
202212,2호선,방배,8245,8485,16730
202212,2호선,봉천,16353,14185,30538
202212,2호선,사당,26659,29567,56226
202212,2호선,삼성,31635,31079,62714
202212,2호선,상왕십리,8973,8004,16977
202212,2호선,서울대입구,33380,30080,63460
202212,2호선,서초,9832,8227,18059
202212,2호선,선릉,19436,16901,36337
202212,2호선,성수,20627,23212,43839
202212,2호선,시청,13701,9968,23669
202212,2호선,신답,923,912,1835
202212,2호선,신당,10585,11019,21604
202212,2호선,신대방,18583,16712,35295
202212,2호선,신도림,33681,34085,67766
202212,2호선,신림,44447,41471,85918
202212,2호선,신설동,3033,2971,6004
202212,2호선,신정네거리,6652,6642,13294
202212,2호선,신촌,30253,30354,60607
202212,2호선,아현,7361,6661,14022
202212,2호선,양천구청,4080,3923,8003
202212,2호선,역삼,15271,16071,31342
202212,2호선,영등포구청,9728,9868,19596
202212,2호선,왕십리,11619,10928,22547
202212,2호선,용답,2248,1942,4190
202212,2호선,용두,1748,1622,3370
202212,2호선,을지로3가,11900,11679,23579
202212,2호선,을지로4가,8397,8674,17071
202212,2호선,을지로입구,35512,32644,68156
202212,2호선,이대,10101,9864,19965
202212,2호선,잠실,70079,70016,140095
202212,2호선,잠실나루,6880,6748,13628
202212,2호선,잠실새내,16477,17318,33795
202212,2호선,종합운동장,9685,10198,19883
202212,2호선,충정로,4759,4597,9356
202212,2호선,한양대,3023,2845,5868
202212,2호선,합정,24273,28911,53184
202212,2호선,홍대입구,67708,82213,149921
202212,3호선,가락시장,5615,5245,10860
202212,3호선,경복궁,16604,17535,34139
202212,3호선,경찰병원,3758,3579,7337
202212,3호선,고속터미널,44757,48206,92963
202212,3호선,교대,5834,3492,9326
202212,3호선,구파발,14213,14124,28337
202212,3호선,금호,5498,4787,10285
202212,3호선,남부터미널,17956,18329,36285
202212,3호선,녹번,9516,8224,17740
202212,3호선,대청,5502,5180,10682
202212,3호선,대치,9526,8512,18038
202212,3호선,도곡,2447,2468,4915
202212,3호선,독립문,5355,5319,10674
202212,3호선,동대입구,7409,8377,15786
202212,3호선,매봉,5290,4978,10268
202212,3호선,무악재,2690,2679,5369
202212,3호선,불광,12017,13254,25271
202212,3호선,수서,11202,11536,22738
202212,3호선,신사,19890,21447,41337
202212,3호선,안국,18115,19446,37561
202212,3호선,압구정,23146,24727,47873
202212,3호선,약수,8645,7816,16461
202212,3호선,양재,15541,17027,32568
202212,3호선,연신내,26830,25745,52575
202212,3호선,오금,3305,3120,6425
202212,3호선,옥수,5843,5853,11696
202212,3호선,을지로3가,5267,5202,10469
202212,3호선,일원,4498,4344,8842
202212,3호선,잠원,3085,2969,6054
202212,3호선,종로3가,5711,8289,14000
202212,3호선,지축,3667,3470,7137
202212,3호선,학여울,898,866,1764
202212,3호선,홍제,12424,11620,24044
202212,4호선,길음,13453,12367,25820
202212,4호선,남태령,880,637,1517
202212,4호선,노원,15193,17949,33142
202212,4호선,당고개,6998,6403,13401
202212,4호선,동대문,12451,13236,25687
202212,4호선,동대문역사문화공원,15992,13827,29819
202212,4호선,동작,856,886,1742
202212,4호선,명동,28074,32889,60963
202212,4호선,미아,10822,9937,20759
202212,4호선,미아사거리,21200,20302,41502
202212,4호선,사당,18319,16580,34899
202212,4호선,삼각지,3911,4864,8775
202212,4호선,상계,12745,11715,24460
202212,4호선,서울역,6142,15594,21736
202212,4호선,성신여대입구,16270,15499,31769
202212,4호선,수유,26237,25766,52003
202212,4호선,숙대입구,8684,8256,16940
202212,4호선,신용산,11025,12099,23124
202212,4호선,쌍문,20662,18113,38775
202212,4호선,이촌,7904,8410,16314
202212,4호선,창동,18215,18734,36949
202212,4호선,총신대입구,12894,13812,26706
202212,4호선,충무로,11388,13052,24440
202212,4호선,한성대입구,9362,8452,17814
202212,4호선,혜화,29468,30586,60054
202212,4호선,회현,19483,19870,39353
202212,5호선,강동,10710,9946,20656
202212,5호선,강일,3358,2804,6162
202212,5호선,개롱,3822,3948,7770
202212,5호선,개화산,3584,3420,7004
202212,5호선,거여,5878,5411,11289
202212,5호선,고덕,6006,5708,11714
202212,5호선,공덕,6367,6558,12925
202212,5호선,광나루,9299,9218,18517
202212,5호선,광화문,28365,26608,54973
202212,5호선,군자,7831,8620,16451
202212,5호선,굽은다리,7408,6803,14211
202212,5호선,길동,5955,5982,11937
202212,5호선,김포공항,7242,7176,14418
202212,5호선,까치산,20428,18712,39140
202212,5호선,답십리,9962,8917,18879
202212,5호선,동대문역사문화공원,1336,1672,3008
202212,5호선,둔촌동,5656,5703,11359
202212,5호선,마곡,4977,5054,10031
202212,5호선,마장,3995,3825,7820
202212,5호선,마천,4408,4426,8834
202212,5호선,마포,7215,7219,14434
202212,5호선,명일,5540,5429,10969
202212,5호선,목동,10121,10083,20204
202212,5호선,미사,11666,12101,23767
202212,5호선,발산,12065,13642,25707
202212,5호선,방이,4986,4748,9734
202212,5호선,방화,4288,4049,8337
202212,5호선,상일동,8531,7977,16508
202212,5호선,서대문,7329,6591,13920
202212,5호선,송정,4795,4608,9403
202212,5호선,신금호,3965,4050,8015
202212,5호선,신길,2638,2702,5340
202212,5호선,신정,8482,6949,15431
202212,5호선,아차산,11344,10690,22034
202212,5호선,애오개,3480,3385,6865
202212,5호선,양평,3464,3114,6578
202212,5호선,여의나루,7585,10060,17645
202212,5호선,여의도,10997,11316,22313
202212,5호선,영등포구청,1806,1765,3571
202212,5호선,영등포시장,6998,7210,14208
202212,5호선,오금,1790,1678,3468
202212,5호선,오목교,14531,15375,29906
202212,5호선,올림픽공원,4594,4353,8947
202212,5호선,왕십리,3183,4091,7274
202212,5호선,우장산,9106,8812,17918
202212,5호선,을지로4가,3516,4107,7623
202212,5호선,장한평,11263,10844,22107
202212,5호선,종로3가,13951,13584,27535
202212,5호선,천호,16129,15289,31418
202212,5호선,청구,2333,2130,4463
202212,5호선,충정로,1773,1529,3302
202212,5호선,하남검단산,5360,5163,10523
202212,5호선,하남시청,5633,5134,10767
202212,5호선,하남풍산,2934,3078,6012
202212,5호선,행당,5009,4297,9306
202212,5호선,화곡,19414,17342,36756
202212,6호선,고려대,5093,4449,9542
202212,6호선,공덕,9247,8817,18064
202212,6호선,광흥창,4666,4486,9152
202212,6호선,구산,5277,3877,9154
202212,6호선,녹사평,4118,4619,8737
202212,6호선,대흥,5447,5174,10621
202212,6호선,독바위,1811,1914,3725
202212,6호선,돌곶이,6010,5731,11741
202212,6호선,동묘앞,7032,6434,13466
202212,6호선,디지털미디어시티,7010,7024,14034
202212,6호선,마포구청,8665,7368,16033
202212,6호선,망원,11617,12588,24205
202212,6호선,버티고개,1286,1367,2653
202212,6호선,보문,4858,4080,8938
202212,6호선,봉화산,4811,4623,9434
202212,6호선,불광,3541,3128,6669
202212,6호선,삼각지,4651,3711,8362
202212,6호선,상수,8311,11044,19355
202212,6호선,상월곡,3826,3176,7002
202212,6호선,새절,8094,7376,15470
202212,6호선,석계,8105,7962,16067
202212,6호선,신당,5397,5108,10505
202212,6호선,안암,5595,4797,10392
202212,6호선,약수,2232,2383,4615
202212,6호선,역촌,2585,2871,5456
202212,6호선,연신내,1,0,1
202212,6호선,월곡,6725,6349,13074
202212,6호선,월드컵경기장,4145,4291,8436
202212,6호선,응암,12307,11608,23915
202212,6호선,이태원,10741,12880,23621
202212,6호선,증산,7002,6547,13549
202212,6호선,창신,1985,1681,3666
202212,6호선,청구,2286,2166,4452
202212,6호선,태릉입구,3861,3863,7724
202212,6호선,한강진,8663,9972,18635
202212,6호선,합정,11240,10990,22230
202212,6호선,화랑대,6092,4791,10883
202212,6호선,효창공원앞,4035,3421,7456
202212,7호선,가산디지털단지,12945,11183,24128
202212,7호선,강남구청,7304,7958,15262
202212,7호선,건대입구,10134,10915,21049
202212,7호선,고속터미널,12451,10173,22624
202212,7호선,공릉,7845,7561,15406
202212,7호선,광명사거리,16476,16071,32547
202212,7호선,군자,10297,7688,17985
202212,7호선,남구로,8265,8238,16503
202212,7호선,남성,7239,6372,13611
202212,7호선,내방,6997,6829,13826
202212,7호선,노원,15610,16522,32132
202212,7호선,논현,8139,8485,16624
202212,7호선,대림,8400,9043,17443
202212,7호선,도봉산,5735,7499,13234
202212,7호선,뚝섬유원지,6195,6016,12211
202212,7호선,마들,8608,7669,16277
202212,7호선,먹골,7259,6848,14107
202212,7호선,면목,10352,9580,19932
202212,7호선,반포,4149,4005,8154
202212,7호선,보라매,4324,4159,8483
202212,7호선,사가정,11381,10857,22238
202212,7호선,상도,7059,6216,13275
202212,7호선,상봉,12754,11992,24746
202212,7호선,수락산,9121,8726,17847
202212,7호선,숭실대입구,7273,6655,13928
202212,7호선,신대방삼거리,9903,8896,18799
202212,7호선,신풍,7280,6839,14119
202212,7호선,어린이대공원,9057,8121,17178
202212,7호선,온수,5078,4801,9879
202212,7호선,용마산,3859,3611,7470
202212,7호선,이수,10569,9671,20240
202212,7호선,장승배기,5962,5575,11537
202212,7호선,장암,1189,799,1988
202212,7호선,중계,8649,7363,16012
202212,7호선,중곡,6576,6135,12711
202212,7호선,중화,7054,6475,13529
202212,7호선,천왕,6400,5923,12323
202212,7호선,철산,13387,13797,27184
202212,7호선,청담,8426,9300,17726
202212,7호선,태릉입구,6101,5492,11593
202212,7호선,하계,11327,10325,21652
202212,7호선,학동,7799,8249,16048
202212,8호선,가락시장,5489,5828,11317
202212,8호선,강동구청,5740,5733,11473
202212,8호선,남위례,3380,3522,6902
202212,8호선,남한산성입구,8553,7168,15721
202212,8호선,단대오거리,7736,7031,14767
202212,8호선,모란,3502,3361,6863
202212,8호선,몽촌토성,3888,3980,7868
202212,8호선,문정,6146,5933,12079
202212,8호선,복정,5331,4590,9921
202212,8호선,산성,3567,3400,6967
202212,8호선,석촌,5527,6861,12388
202212,8호선,송파,5701,5469,11170
202212,8호선,수진,3960,3482,7442
202212,8호선,신흥,3864,4036,7900
202212,8호선,암사,11804,10328,22132
202212,8호선,잠실,14674,17134,31808
202212,8호선,장지,11622,10642,22264
202212,8호선,천호,10873,12859,23732
202212,9호선,가양,12872,12068,24940
202212,9호선,개화,1194,1036,2230
202212,9호선,고속터미널,11920,18942,30862
202212,9호선,공항시장,2084,2048,4132
202212,9호선,구반포,502,511,1013
202212,9호선,국회의사당,3949,4375,8324
202212,9호선,김포공항,6776,9593,16369
202212,9호선,노들,2972,2525,5497
202212,9호선,노량진,20648,19229,39877
202212,9호선,당산,11112,10377,21489
202212,9호선,동작,1182,1029,2211
202212,9호선,등촌,6508,6198,12706
202212,9호선,마곡나루,6844,6548,13392
202212,9호선,사평,2261,2036,4297
202212,9호선,샛강,2567,2404,4971
202212,9호선,선유도,3456,3166,6622
202212,9호선,신논현,21414,21203,42617
202212,9호선,신목동,2195,1840,4035
202212,9호선,신반포,2181,2150,4331
202212,9호선,신방화,4400,4142,8542
202212,9호선,양천향교,5108,4756,9864
202212,9호선,여의도,11858,10591,22449
202212,9호선,염창,10641,9608,20249
202212,9호선,증미,3159,2850,6009
202212,9호선,흑석,5101,5098,10199
202212,9호선2~3단계,둔촌오륜,508,513,1021
202212,9호선2~3단계,봉은사,13911,15690,29601
202212,9호선2~3단계,삼성중앙,2970,2838,5808
202212,9호선2~3단계,삼전,4626,4255,8881
202212,9호선2~3단계,석촌,6537,5587,12124
202212,9호선2~3단계,석촌고분,4244,4022,8266
202212,9호선2~3단계,선정릉,3555,3756,7311
202212,9호선2~3단계,송파나루,4422,5062,9484
202212,9호선2~3단계,언주,4929,4797,9726
202212,9호선2~3단계,올림픽공원,11877,11856,23733
202212,9호선2~3단계,종합운동장,3121,3043,6164
202212,9호선2~3단계,중앙보훈병원,4228,3827,8055
202212,9호선2~3단계,한성백제,1850,1552,3402
202212,경강선,경기광주,5283,4866,10149
202212,경강선,곤지암,2026,1746,3772
202212,경강선,부발,1705,1557,3262
202212,경강선,삼동,1321,1175,2496
202212,경강선,세종대왕릉,302,313,615
202212,경강선,신둔도예촌,1098,1054,2152
202212,경강선,여주,2075,2397,4472
202212,경강선,이매,759,632,1391
202212,경강선,이천,2509,2654,5163
202212,경강선,초월,2210,1926,4136
202212,경강선,판교,3382,3212,6594
202212,경부선,가산디지털단지,5579,7299,12878
202212,경부선,관악,5218,4755,9973
202212,경부선,광명,2410,2147,4557
202212,경부선,구로,11318,12080,23398
202212,경부선,군포,3710,3275,6985
202212,경부선,금정,17455,16967,34422
202212,경부선,금천구청,7519,7426,14945
202212,경부선,남영,5624,5613,11237
202212,경부선,노량진,9230,8920,18150
202212,경부선,당정,3568,3340,6908
202212,경부선,대방,6010,6087,12097
202212,경부선,독산,8095,7473,15568
202212,경부선,두정,5137,5199,10336
202212,경부선,명학,3754,3456,7210
202212,경부선,병점,11218,10785,22003
202212,경부선,서동탄,793,813,1606
202212,경부선,서울역,7993,2689,10682
202212,경부선,서정리,6842,5482,12324
202212,경부선,석수,5643,5147,10790
202212,경부선,성균관대,9798,9352,19150
202212,경부선,성환,3240,2849,6089
202212,경부선,세류,2307,2335,4642
202212,경부선,세마,2114,1846,3960
202212,경부선,송탄,5288,4107,9395
202212,경부선,수원,36876,41080,77956
202212,경부선,신길,5610,4543,10153
202212,경부선,신도림,2536,2589,5125
202212,경부선,안양,15723,15696,31419
202212,경부선,영등포,39308,41290,80598
202212,경부선,오산,9270,8550,17820
202212,경부선,오산대,2584,2281,4865
202212,경부선,용산,37159,40774,77933
202212,경부선,의왕,5189,4923,10112
202212,경부선,직산,642,608,1250
202212,경부선,진위,951,787,1738
202212,경부선,천안,6008,6304,12312
202212,경부선,평택,13556,12734,26290
202212,경부선,평택지제,3010,2906,5916
202212,경부선,화서,4691,4613,9304
202212,경원선,가능,4677,4361,9038
202212,경원선,광운대,4998,4930,9928
202212,경원선,녹양,3541,3354,6895
202212,경원선,녹천,2996,2442,5438
202212,경원선,덕계,2269,2051,4320
202212,경원선,덕정,4201,3562,7763
202212,경원선,도봉,4052,3801,7853
202212,경원선,도봉산,6816,4528,11344
202212,경원선,동두천,1561,1701,3262
202212,경원선,동두천중앙,2286,2370,4656
202212,경원선,망월사,5248,5129,10377
202212,경원선,방학,7122,6766,13888
202212,경원선,보산,1973,1588,3561
202212,경원선,서빙고,1641,1713,3354
202212,경원선,석계,6104,6280,12384
202212,경원선,소요산,2742,2365,5107
202212,경원선,신이문,5869,5209,11078
202212,경원선,양주,5886,5388,11274
202212,경원선,옥수,28,34,62
202212,경원선,왕십리,12429,13325,25754
202212,경원선,외대앞,6095,5502,11597
202212,경원선,월계,4537,3998,8535
202212,경원선,응봉,1270,1000,2270
202212,경원선,의정부,17557,18826,36383
202212,경원선,이촌,2780,2252,5032
202212,경원선,지행,5390,5406,10796
202212,경원선,청량리,15991,17610,33601
202212,경원선,한남,2370,2367,4737
202212,경원선,회룡,8537,8519,17056
202212,경의선,가좌,3781,3531,7312
202212,경의선,강매,1733,1513,3246
202212,경의선,곡산,320,316,636
202212,경의선,공덕,2276,1767,4043
202212,경의선,금릉,3873,3547,7420
202212,경의선,금촌,5631,5021,10652
202212,경의선,김포공항,1,0,1
202212,경의선,능곡,2525,2315,4840
202212,경의선,디지털미디어시티,1815,1532,3347
202212,경의선,문산,4265,4068,8333
202212,경의선,백마,3797,3553,7350
202212,경의선,서강대,1490,1381,2871
202212,경의선,서울역,1218,1307,2525
202212,경의선,수색,1020,1122,2142
202212,경의선,신촌,311,349,660
202212,경의선,야당,6252,7124,13376
202212,경의선,운정,4318,3896,8214
202212,경의선,운천,15,17,32
202212,경의선,월롱,1362,1058,2420
202212,경의선,일산,5510,5346,10856
202212,경의선,임진강,25,26,51
202212,경의선,탄현,5030,4567,9597
202212,경의선,파주,871,633,1504
202212,경의선,풍산,3903,3912,7815
202212,경의선,행신,4970,4949,9919
202212,경의선,홍대입구,1876,2567,4443
202212,경의선,화전,818,703,1521
202212,경의선,효창공원앞,1593,1702,3295
202212,경인선,간석,4082,3842,7924
202212,경인선,개봉,15720,14783,30503
202212,경인선,구일,3808,3462,7270
202212,경인선,도원,1892,1994,3886
202212,경인선,도화,3021,2733,5754
202212,경인선,동암,12250,12180,24430
202212,경인선,동인천,11300,11375,22675
202212,경인선,백운,4919,4727,9646
202212,경인선,부개,6085,5567,11652
202212,경인선,부천,28249,29440,57689
202212,경인선,부평,27021,30857,57878
202212,경인선,소사,5938,5843,11781
202212,경인선,송내,16088,15745,31833
202212,경인선,역곡,18684,17883,36567
202212,경인선,오류동,8638,7591,16229
202212,경인선,온수,4524,4087,8611
202212,경인선,인천,3849,3357,7206
202212,경인선,제물포,6664,6332,12996
202212,경인선,주안,14803,12707,27510
202212,경인선,중동,6141,5728,11869
202212,경춘선,가평,1524,1860,3384
202212,경춘선,갈매,1677,1398,3075
202212,경춘선,강촌,438,459,897
202212,경춘선,굴봉산,141,197,338
202212,경춘선,금곡,1035,891,1926
202212,경춘선,김유정,378,416,794
202212,경춘선,남춘천,2507,2570,5077
202212,경춘선,대성리,473,419,892
202212,경춘선,마석,2924,2735,5659
202212,경춘선,백양리,341,287,628
202212,경춘선,별내,2093,1884,3977
202212,경춘선,사릉,1524,1431,2955
202212,경춘선,상천,229,219,448
202212,경춘선,신내,1121,1054,2175
202212,경춘선,천마산,1143,1084,2227
202212,경춘선,청평,1399,1555,2954
202212,경춘선,춘천,1281,1378,2659
202212,경춘선,퇴계원,2455,2140,4595
202212,경춘선,평내호평,4039,4033,8072
202212,공항철도 1호선,검암,3982,3886,7868
202212,공항철도 1호선,계양,7145,6568,13713
202212,공항철도 1호선,공덕,1547,2242,3789
202212,공항철도 1호선,공항화물청사,1188,1140,2328
202212,공항철도 1호선,김포공항,8210,4506,12716
202212,공항철도 1호선,디지털미디어시티,4600,4405,9005
202212,공항철도 1호선,마곡나루,3600,3810,7410
202212,공항철도 1호선,서울역,9809,9596,19405
202212,공항철도 1호선,영종,3120,3145,6265
202212,공항철도 1호선,운서,7157,7283,14440
202212,공항철도 1호선,인천공항1터미널,11336,10865,22201
202212,공항철도 1호선,인천공항2터미널,3765,3277,7042
202212,공항철도 1호선,청라국제도시,3917,3806,7723
202212,공항철도 1호선,홍대입구,13251,13542,26793
202212,과천선,경마공원,901,840,1741
202212,과천선,과천,4369,3960,8329
202212,과천선,대공원,3000,3241,6241
202212,과천선,범계,18330,18519,36849
202212,과천선,선바위,4098,3684,7782
202212,과천선,인덕원,13948,13757,27705
202212,과천선,정부과천청사,5772,5931,11703
202212,과천선,평촌,8085,7696,15781
202212,분당선,가천대,4536,4422,8958
202212,분당선,강남구청,3835,4330,8165
202212,분당선,개포동,2442,2370,4812
202212,분당선,구룡,1099,949,2048
202212,분당선,구성,2876,3021,5897
202212,분당선,기흥,6187,5663,11850
202212,분당선,대모산입구,2799,2517,5316
202212,분당선,도곡,3882,3699,7581
202212,분당선,망포,8577,7667,16244
202212,분당선,매교,2688,2530,5218
202212,분당선,매탄권선,3218,3015,6233
202212,분당선,모란,14158,15026,29184
202212,분당선,미금,9922,10209,20131
202212,분당선,보정,1496,1447,2943
202212,분당선,복정,1,0,1
202212,분당선,상갈,3593,3329,6922
202212,분당선,서울숲,7018,7274,14292
202212,분당선,서현,17435,18077,35512
202212,분당선,선릉,4179,5746,9925
202212,분당선,선정릉,2426,2259,4685
202212,분당선,수내,8200,7643,15843
202212,분당선,수서,7865,8797,16662
202212,분당선,수원,7255,6344,13599
202212,분당선,수원시청,9481,11755,21236
202212,분당선,신갈,2569,2538,5107
202212,분당선,압구정로데오,15874,19768,35642
202212,분당선,야탑,16333,17179,33512
202212,분당선,영통,6508,6279,12787
202212,분당선,오리,6499,5267,11766
202212,분당선,이매,3894,3849,7743
202212,분당선,정자,9644,9991,19635
202212,분당선,죽전,9158,10564,19722
202212,분당선,청명,2436,2250,4686
202212,분당선,태평,10284,9488,19772
202212,분당선,한티,12141,11425,23566
202212,수인선,고색,2487,2360,4847
202212,수인선,남동인더스파크,783,680,1463
202212,수인선,달월,50,46,96
202212,수인선,사리,3562,2751,6313
202212,수인선,소래포구,4743,4846,9589
202212,수인선,송도,1716,1626,3342
202212,수인선,숭의,2475,2232,4707
202212,수인선,신포,1334,1430,2764
202212,수인선,야목,207,188,395
202212,수인선,어천,835,684,1519
202212,수인선,연수,3502,3530,7032
202212,수인선,오목천,2346,1856,4202
202212,수인선,원인재,3301,3301,6602
202212,수인선,월곶,2069,2017,4086
202212,수인선,인천,1104,1851,2955
202212,수인선,인천논현,3871,4018,7889
202212,수인선,인하대,3795,3501,7296
202212,수인선,호구포,2421,2241,4662
202212,신림선,관악산,2416,2433,4849
202212,신림선,당곡,3007,2680,5687
202212,신림선,대방,1776,1327,3103
202212,신림선,보라매,2172,1812,3984
202212,신림선,보라매공원,1113,1084,2197
202212,신림선,보라매병원,2539,2471,5010
202212,신림선,샛강,838,1126,1964
202212,신림선,서울대벤처타운,6653,5494,12147
202212,신림선,서울지방병무청,1824,1900,3724
202212,신림선,서원,2406,1859,4265
202212,신림선,신림,1213,1620,2833
202212,안산선,고잔,5014,4947,9961
202212,안산선,대야미,3506,2937,6443
202212,안산선,반월,3258,2925,6183
202212,안산선,산본,12149,13135,25284
202212,안산선,상록수,11183,11041,22224
202212,안산선,수리산,2574,2065,4639
202212,안산선,신길온천,1433,1312,2745
202212,안산선,안산,10887,11259,22146
202212,안산선,오이도,6672,7199,13871
202212,안산선,정왕,6546,6435,12981
202212,안산선,중앙,14149,15979,30128
202212,안산선,초지,2971,3231,6202
202212,안산선,한대앞,6395,6295,12690
202212,우이신설선,4.19민주묘지,2116,1872,3988
202212,우이신설선,가오리,2837,2584,5421
202212,우이신설선,보문,1184,1102,2286
202212,우이신설선,북한산보국문,4614,3876,8490
202212,우이신설선,북한산우이,2694,2653,5347
202212,우이신설선,삼양,1452,1480,2932
202212,우이신설선,삼양사거리,1789,1796,3585
202212,우이신설선,성신여대입구,2787,3337,6124
202212,우이신설선,솔밭공원,1848,1544,3392
202212,우이신설선,솔샘,3705,3200,6905
202212,우이신설선,신설동,1383,1366,2749
202212,우이신설선,정릉,3468,2873,6341
202212,우이신설선,화계,2414,2195,4609
202212,일산선,대곡,1114,931,2045
202212,일산선,대화,7940,7044,14984
202212,일산선,마두,4455,4505,8960
202212,일산선,백석,7072,7115,14187
202212,일산선,삼송,13812,12963,26775
202212,일산선,원당,7553,7089,14642
202212,일산선,원흥,7353,6639,13992
202212,일산선,정발산,5668,6552,12220
202212,일산선,주엽,5970,6039,12009
202212,일산선,화정,11958,12545,24503
202212,장항선,배방,1033,893,1926
202212,장항선,봉명,742,693,1435
202212,장항선,신창,931,792,1723
202212,장항선,쌍용,1631,1488,3119
202212,장항선,아산,3103,3088,6191
202212,장항선,온양온천,4720,4660,9380
202212,장항선,탕정,889,765,1654
202212,중앙선,구리,9263,9549,18812
202212,중앙선,국수,560,571,1131
202212,중앙선,덕소,4018,3961,7979
202212,중앙선,도농,6383,5963,12346
202212,중앙선,도심,1426,1191,2617
202212,중앙선,망우,5795,5615,11410
202212,중앙선,상봉,4394,4218,8612
202212,중앙선,신원,151,131,282
202212,중앙선,아신,418,507,925
202212,중앙선,양수,1557,1583,3140
202212,중앙선,양원,1642,1476,3118
202212,중앙선,양정,351,300,651
202212,중앙선,양평,2172,2527,4699
202212,중앙선,오빈,217,225,442
202212,중앙선,용문,1414,1679,3093
202212,중앙선,운길산,694,648,1342
202212,중앙선,원덕,286,320,606
202212,중앙선,중랑,4223,3835,8058
202212,중앙선,지평,36,30,66
202212,중앙선,팔당,936,1088,2024
202212,중앙선,회기,18610,16269,34879
